,0,1,2,3,4,5,6,7,8,9,10,11,12,13,14,15,16,17,18,19,20,21,22,23,24,25,26,27,28,29,30,31,32,33,34,35,36,37,38,39,40,41,42,43,44,45,46,47,48,49,50,51,52,53,54,55,56,57,58,59,60,61,62,63,64,65,66,67,68,69,70,71,72,73,74,75,76,77,78,79,80,81,82,83,84,85,86,87,88,89,90,91,92,93,94,95,96,97,98,99,100,101,102,103,104,105,106,107,108,109,110,111,112,113,114,115,116,117,118,119,120,121,122,123,124,125,126,127
0,0.0,3.0635402,2.404404,2.2800937,3.59908,3.6349404,3.3524184,3.394085,3.3315551,3.6518621,2.1453958,3.373213,3.7681813,2.1281376,3.8506832,2.318411,2.6360238,3.4829707,3.5948522,3.61227,3.4451883,3.6151729,2.7434936,3.09903,3.6882007,3.6331165,3.3728533,3.474292,2.4467268,3.3666174,3.494391,3.4804177,3.2549038,3.8944397,3.2488086,3.2130802,3.6704133,3.6201115,3.093814,3.3339686,3.2476728,3.7099185,3.6249866,3.3822956,4.018351,3.8874288,3.7142193,3.7380004,3.2659235,3.19269,3.8248868,3.8427742,3.7948902,3.8263125,3.2519634,3.2294824,3.361458,3.3622773,3.7284412,3.8473234,3.3367233,3.7754056,3.8716545,4.3625875,2.144129,2.1255639,2.0687551,2.1475532,2.0984983,2.0982208,1.4547801,1.2996,2.1775045,2.2865896,3.7591445,3.8307204,2.1514459,2.2148528,2.9480953,2.970672,2.7895086,2.793426,2.7367718,2.6728377,2.4270968,2.258882,2.6880298,3.7810683,3.0313406,2.5717275,1.4069045,1.4020734,2.8326738,2.788538,2.7243989,2.9188564,2.31635,2.2235305,2.415687,3.442326,2.0041554,1.5791509,2.1810243,2.1415527,2.112348,3.3569002,2.1377301,1.9553115,3.4278562,2.0868995,1.4918605,2.959209,3.1769845,3.3597329,2.9463422,2.99238,2.1039019,1.8293897,1.0454205,1.0758893,1.9823211,1.8099737,2.1092174,2.0299444,2.6384768,1.7898343,2.4982212,1.7869475
1,3.0635402,0.0,1.9455829,1.9145424,2.1201026,2.1921775,1.701631,1.7825724,1.5867792,2.2392871,2.0213182,1.7202239,2.2393675,2.9331536,2.5899005,1.9704454,2.0850797,1.8638208,1.9133482,1.9338838,1.740709,1.8478675,2.746888,3.2214217,2.443115,2.2950275,2.2115214,2.284114,2.09134,1.7485602,1.8113158,1.811901,1.3527954,2.5601015,1.5827439,1.6095946,2.1365,2.0808613,0.5640631,1.2625663,1.5784854,2.5431602,2.12152,1.6461068,2.892585,2.774192,2.339855,2.299886,1.4039092,1.425332,2.726906,2.7765934,2.3734853,2.590244,1.5784869,1.5458405,1.7179713,1.6384069,2.3271346,2.5038686,1.4583641,2.1903002,2.613252,3.2508407,1.9567361,2.1367593,1.9634587,2.1435583,2.0550966,2.0703297,3.0381997,2.9863806,1.9229684,1.9148215,3.6962383,3.6502786,2.1115308,2.018074,1.3260636,1.4193069,2.3919742,2.5365167,2.418828,2.3770542,3.5783205,3.5607579,2.5702016,3.5838888,2.8779578,2.25902,2.9590626,2.9963553,1.5343838,1.3394188,0.9904953,1.3862833,2.150079,2.1712863,2.3360257,3.1905413,2.1765707,2.776669,2.242616,2.2356555,2.0314732,1.5061907,1.9039013,2.3482745,3.389548,2.0605855,2.7313135,1.8555259,3.0675817,3.4720411,2.6356308,1.7707238,2.1964407,1.9990532,3.009757,3.0083654,2.1914728,2.0075212,1.9013638,1.8150944,2.4679017,1.9132805,2.75971,1.8836994
2,2.404404,1.9455829,0.0,0.8935321,1.7259296,1.8909698,1.2096059,1.2354627,1.6039282,2.1889923,0.9649874,1.4174327,2.8957896,2.8897634,2.0152767,1.1297982,1.3839036,1.7369381,1.7636156,2.0023737,1.5926615,1.7916473,1.2643247,2.008856,2.482754,2.3707244,2.095896,2.1816542,1.4107742,1.7296175,1.8477801,1.8028392,1.6541718,1.9636378,1.6375386,1.4895163,2.2134678,2.168238,1.9696629,1.5457649,1.4224062,2.5305538,1.9561012,1.3906558,3.2918437,3.564856,2.7202432,2.7245452,1.4596927,1.4791914,3.1268394,3.1470406,2.5189514,2.6624815,1.4331878,1.5266232,1.4769996,1.4952363,1.8106624,2.1413212,1.5218599,2.1829028,3.0881178,3.2063863,1.1440395,1.2418883,1.1249169,1.280387,1.4150648,1.4400575,1.9900764,1.9027958,1.2693467,1.3052329,2.5019,2.7276285,1.1275142,1.393838,1.3538126,1.4693161,1.8147526,1.9431174,2.0594869,1.9448644,2.7500498,2.7367375,2.8553765,2.5928123,2.1757488,1.7377223,2.004017,2.0275722,1.4432051,1.4420388,2.1136675,1.4897484,1.3318172,1.3267348,1.5968432,1.9377632,1.2011539,1.6514335,1.3128995,1.2957808,1.0624895,1.5604745,1.0966003,1.3930972,2.052951,1.1525627,1.6879077,1.1158848,2.3171675,3.3547978,2.5327687,2.1293259,2.223264,2.0019083,2.5242229,2.5068603,1.934414,1.9305136,1.9111912,1.793206,2.570405,1.7904524,2.7379365,1.8851727
3,2.2800937,1.9145424,0.8935321,0.0,2.001744,2.0570252,1.5667197,1.6041527,1.3307403,2.0735152,0.5888478,1.5185934,2.9375725,2.4692643,1.695222,0.91843337,0.8311465,1.4034209,1.5325449,1.6671094,1.3488371,1.7599919,1.6013912,2.2240236,2.0938551,1.9510133,1.6931057,1.8248426,1.0307828,1.4773033,1.6094698,1.573746,1.7268213,1.9736482,1.3489366,1.3520913,2.1483474,2.0951946,1.917316,1.4357796,1.416582,2.380248,1.9125142,1.484507,2.770992,3.0861082,2.2062557,2.1853368,1.4172039,1.3228586,3.0837822,3.099963,2.427972,2.5278625,1.3071636,1.513653,1.6011852,1.4308808,2.279691,2.4336972,1.5372547,2.371664,2.561406,2.6724575,1.0270352,1.1146629,0.87532455,1.058375,0.91354215,0.93374926,1.790804,1.7430634,1.1608696,1.2570713,2.9448814,2.927631,1.0147834,1.2974643,1.3295845,1.4290882,1.7062675,1.8158981,1.6022239,1.6206232,2.6422086,2.6665313,2.8748734,2.5138853,2.3909514,1.7277596,1.830601,1.8173407,1.2945772,1.3079693,2.1602292,1.5664917,1.101748,1.0855519,1.525204,1.877814,0.98566866,1.440998,1.0557646,1.0296739,0.7700012,1.4607667,0.8021253,1.1694986,1.8608363,0.8848902,1.4886906,1.5137265,2.1507237,3.425658,2.7015476,2.2590532,2.1135275,1.876805,2.4059317,2.358732,2.1078913,1.9059889,1.8573161,1.7275648,2.4422338,1.7053765,2.6318164,1.7622004
4,3.59908,2.1201026,1.7259296,2.001744,0.0,0.6117972,1.262612,1.355305,1.6471142,2.185656,2.0421238,1.3473384,3.0176985,3.7226133,2.358516,2.4665997,2.4610996,1.8915877,1.610742,2.0595834,1.8616045,2.0223458,2.3784866,2.891919,2.201942,2.3993778,2.2766736,2.3199182,2.1034284,1.7678268,1.8663139,1.7815319,1.9638996,2.3210893,1.7803153,1.7043363,1.3664979,1.3668581,2.035849,1.6672506,1.6243176,2.8507514,1.9126852,1.576548,3.6213758,3.8744655,2.9315493,2.832767,1.7314128,1.7588134,3.077844,3.1010995,1.6805743,1.9029801,1.6203835,1.6397792,1.7856269,2.010482,1.8469021,1.8141228,1.530827,2.1427078,3.3168168,3.4380352,1.9260201,2.1925893,2.137105,2.2314117,2.264535,2.2826962,3.1839316,3.1218796,2.350198,2.2914946,3.1219847,3.3994048,2.2023582,2.3398614,1.6803985,1.7554183,1.6389153,1.8264496,2.6994836,2.6354191,2.9994588,3.0448022,2.6519556,2.2796655,2.5574055,2.3952594,3.2020829,3.2123766,1.685899,1.6172869,2.5514355,1.7702627,2.3116307,2.342714,2.4103353,2.523873,2.3640926,2.920451,2.3350291,2.336808,2.185224,1.6869947,2.2391737,2.5354116,2.8992426,2.2930856,3.0769494,1.869739,2.7368093,3.0969992,2.9055119,2.4149208,2.4629147,2.699732,3.5102053,3.4706388,2.585802,2.6483197,2.6697993,2.5710068,3.21828,2.5522747,3.1802366,2.6309679
5,3.6349404,2.1921775,1.8909698,2.0570252,0.6117972,0.0,1.3833965,1.4383568,1.628606,2.2546222,2.1994648,1.3010286,2.949819,3.5630574,2.3101213,2.5852587,2.5648324,1.9557829,1.6156222,2.1284595,1.9146965,2.1128972,2.4888577,2.972676,2.2324383,2.447179,2.3404644,2.343315,2.2443857,1.8589233,1.981417,1.88212,2.16517,2.5236266,1.712682,1.8309293,1.5198967,1.5509149,2.122622,1.8131332,1.8621912,2.9705424,2.1695383,1.8017455,3.694002,3.9246264,3.057742,2.9476306,1.8280144,1.8560597,3.0402176,3.0538366,1.7358202,1.9934916,1.6977403,1.7116992,1.9988849,2.1154718,2.240477,1.8872279,1.6628923,2.1674144,3.3789468,3.5300484,1.98736,2.345685,2.2343554,2.3234718,2.2361617,2.2460139,3.2566376,3.1880205,2.4709332,2.425027,3.485467,3.7506747,2.3178687,2.443155,1.8021289,1.8760383,1.725359,1.9076588,2.59638,2.5801148,3.0607421,3.0880616,2.6620264,2.4201553,2.723728,2.5976498,3.3141248,3.3213675,1.7379533,1.7496145,2.6598616,1.970745,2.391873,2.4296112,2.540498,2.6787746,2.4636252,2.9962194,2.4865017,2.490822,2.2789397,1.816982,2.3135827,2.6103187,3.0355666,2.3880796,3.1528757,2.0160983,2.5013673,3.148873,2.9570546,2.4689193,2.49525,2.7403228,3.5422826,3.4973593,2.7072182,2.7396388,2.8050194,2.7120018,3.268998,2.6389673,3.3561857,2.7060847
6,3.3524184,1.701631,1.2096059,1.5667197,1.262612,1.3833965,0.0,0.27210185,1.184384,1.9213053,1.7539169,0.7488549,2.658266,3.3848505,1.8046627,1.7895645,1.8327075,1.3872647,1.371867,1.8076177,1.3360668,1.4856921,1.7115794,2.2680047,2.2318525,2.1049268,1.8474411,1.9931729,1.8543631,1.3982223,1.521471,1.4309982,1.5532906,1.9761462,1.2955959,1.2309021,1.9332073,1.9283473,1.6885194,1.2348424,1.1554734,2.319173,1.7411749,1.0959582,3.2480454,3.5104043,2.7354455,2.7041047,1.1689659,1.2332435,2.8411167,2.8623023,2.3360386,2.5544758,1.1178452,1.127835,1.125947,1.162144,1.538403,1.7932017,1.0872433,1.7258469,3.0980303,3.252977,1.745291,1.9540349,1.8363518,1.9709878,1.9827406,1.9926001,3.0030434,2.932398,1.9197685,1.9948162,2.9543636,3.2445543,1.8768344,2.0096066,1.1989334,1.2929945,2.144961,2.322962,2.3718188,2.2934186,3.5360548,3.543034,3.1341236,2.9743211,2.3622625,2.1623724,2.9880066,3.0203142,1.5312227,1.4815159,2.2054272,1.6526885,1.9028236,1.9613914,2.1091285,2.4683511,1.9506971,2.6065862,2.0364432,2.0412555,1.7952806,1.1610153,1.8291081,2.1648543,2.59156,1.8644334,2.6556966,1.1846852,2.644076,3.6296144,2.666989,2.031274,2.634707,2.4607348,3.3509305,3.3169327,2.3634663,2.4116619,2.2990685,2.2042208,2.9253771,2.295075,3.046503,2.3780136
7,3.394085,1.7825724,1.2354627,1.6041527,1.355305,1.4383568,0.27210185,0.0,1.2618817,1.990051,1.8065709,0.82385856,2.567207,3.3458018,1.8153487,1.8277136,1.8616781,1.3963716,1.4212345,1.838829,1.3331168,1.502151,1.7181774,2.2065175,2.2015278,2.0739522,1.9028515,1.9436316,1.9083025,1.4475734,1.5606314,1.4724306,1.5502911,1.9346404,1.31106,1.2509421,1.9752284,1.9653559,1.759415,1.2956262,1.2248005,2.3298984,1.8090783,1.1494313,3.2583039,3.5272164,2.776442,2.752297,1.2300037,1.2837346,2.8666925,2.882549,2.4050782,2.6149468,1.1664821,1.1436998,1.1370014,1.1683,1.5288161,1.8309273,1.1687077,1.5601966,3.1330943,3.2690706,1.7931497,2.001779,1.871919,2.0036163,2.0314674,2.0395982,3.0314786,2.959987,1.9525892,2.0291584,2.9336903,3.2513964,1.8915597,2.0454338,1.2225987,1.3242117,2.1866283,2.357191,2.2889915,2.19517,3.5819452,3.5857627,3.1920228,3.0009727,2.547957,2.3461478,3.0309718,3.0672696,1.5902276,1.560893,2.2897596,1.7562368,1.9326755,1.9853411,2.270449,2.4559615,1.9740878,2.6258354,2.0784597,2.081083,1.824985,1.2016937,1.85405,2.1920154,2.5804725,1.885357,2.6711614,1.2123618,2.6222596,3.66858,2.6771789,2.0367115,2.681997,2.495226,3.383161,3.3483286,2.4072542,2.464738,2.3543983,2.2652676,2.8543084,2.3436182,3.1149752,2.422757
8,3.3315551,1.5867792,1.6039282,1.3307403,1.6471142,1.628606,1.184384,1.2618817,0.0,1.8482945,1.5579641,0.78736144,2.8256383,3.1555529,1.3983583,1.6534536,1.536394,0.9454519,0.9057827,1.3827397,0.7471816,1.3011562,2.2434237,2.6858644,1.958962,1.8329371,1.5051231,1.8157486,1.7187891,1.1730108,1.2679163,1.2255007,1.5588176,1.9439648,0.7306904,1.0421293,1.6989396,1.6885806,1.5154226,0.9427609,1.1586677,2.1870403,1.5042195,1.1174229,2.56712,2.8763056,1.9396124,1.9115736,0.8164171,0.8429612,2.5826232,2.6001961,2.0602415,2.2594614,0.9216277,1.1017718,1.312902,1.0233917,2.0877748,2.1517673,0.92782646,2.1501591,2.2793121,2.4655828,1.7064948,1.8754123,1.7279841,1.9489301,1.7007124,1.7111222,2.9664843,2.9041495,1.9027553,2.0040734,3.4383574,3.487052,1.9131874,2.0288868,1.2419982,1.3906949,2.0570724,2.205639,2.1932073,2.24154,3.443665,3.4901638,3.112203,2.859423,2.7101657,2.083314,2.9401987,2.9234064,1.4502503,1.4162394,2.1533732,1.5850301,1.9000405,1.972734,1.9855491,2.3504121,1.9192146,2.5615764,1.8697349,1.8785636,1.7065513,0.9143624,1.732304,2.1535625,2.5391567,1.8089361,2.637363,1.7286024,2.3676782,3.5186572,2.704185,2.0405786,2.5109203,2.3820786,3.2987049,3.2711902,2.5468636,2.3797848,2.2344155,2.1524515,2.9095187,2.246411,3.1052408,2.272749
9,3.6518621,2.2392871,2.1889923,2.0735152,2.185656,2.2546222,1.9213053,1.990051,1.8482945,0.0,2.1512122,2.0823216,3.3352046,3.4588504,1.8597375,2.213132,2.1238735,1.5792465,1.2542661,1.7672099,1.8351552,2.1557748,2.7206168,3.1092768,2.6186965,2.5679018,2.3598902,2.6521063,1.641337,1.2221874,1.1925577,1.2288891,2.1078742,2.3528054,1.9118288,1.8447441,2.3193843,2.3009336,2.3267803,1.9696584,1.8570734,2.6223273,2.0678182,1.8212258,3.0097022,3.3285773,2.55163,2.4702454,1.8805649,1.8972851,3.2322233,3.2218308,2.571226,2.504366,1.4304578,1.6798644,1.7996347,2.104688,2.4188797,2.6540465,2.0075977,2.863555,2.9559956,3.0719297,2.1553278,2.3355348,2.3198144,1.9459525,2.420289,2.44653,3.034205,3.2251053,2.3987978,2.4233694,3.3897076,3.2032447,2.222728,2.4396524,1.9584652,2.0538003,2.5062504,2.598944,2.5878868,2.4379838,3.6696386,3.687022,3.4303699,3.1224258,2.9610262,2.3999922,3.2620351,3.2651176,2.1790752,2.0938087,2.7472243,2.2289343,1.8646958,1.9496758,2.469123,2.8438632,2.487545,2.9870818,2.4136944,2.428034,2.1753542,1.8649073,2.330249,2.1342826,2.9460912,2.4320102,3.0418606,1.6810778,3.0387182,3.7334101,3.0506315,2.5670133,2.8977787,2.8029583,3.6359913,3.4556556,2.964549,2.800213,3.1134477,2.8999243,3.464348,2.7805452,3.4948337,2.787563
10,2.1453958,2.0213182,0.9649874,0.5888478,2.0421238,2.1994648,1.7539169,1.8065709,1.5579641,2.1512122,0.0,1.7308244,3.2231917,2.5521162,1.9966211,0.9252799,1.0081363,1.625739,1.7002856,1.8542607,1.5593057,1.9234878,1.6557993,2.1927094,2.2450998,2.149575,1.91691,2.0413847,0.8670294,1.6331587,1.7599798,1.7345835,1.7762551,2.0824718,1.5799701,1.4688565,2.1448388,2.083767,1.9630831,1.5748332,1.5249212,2.5135293,1.7010864,1.6212723,2.890978,3.1593676,2.2600722,2.245419,1.5460383,1.4673271,3.0303102,3.0500362,2.4319398,2.4124317,1.503317,1.6592247,1.656023,1.6510782,2.2050166,2.4749835,1.6755447,2.4988258,2.6279836,2.7779455,1.0121421,0.77671033,0.91499484,1.0436106,1.0519122,1.0807241,1.6531901,1.6130238,1.1171743,1.2238895,2.6758213,2.6888063,0.94787616,1.2622354,1.4502121,1.5588567,1.6475674,1.7468563,1.8057182,1.7498908,2.444897,2.4732494,2.7239609,2.403947,2.3088443,1.6100069,1.5768524,1.547645,1.4704528,1.3904884,2.1507716,1.5635587,1.1590129,1.1242131,1.506201,1.8877376,1.0197817,1.3652146,0.6888236,0.646247,0.7884185,1.6102185,0.9529343,1.1416247,1.9672662,0.94867694,1.444477,1.6166402,2.1990523,3.1232488,2.4641812,2.1296442,1.8565845,1.6527594,2.147699,2.1089277,1.8239961,1.6231736,1.655965,1.5078185,2.335107,1.4494249,2.4148037,1.5249927
11,3.373213,1.7202239,1.4174327,1.5185934,1.3473384,1.3010286,0.7488549,0.82385856,0.78736144,2.0823216,1.7308244,0.0,2.7815807,3.247026,1.6570144,1.8300363,1.8414949,1.3997817,1.2269579,1.765409,1.2161815,1.557969,1.9107617,2.4070854,2.1856213,2.097283,1.7509284,1.9645333,1.9326364,1.4613985,1.6066791,1.5118793,1.7385942,2.1641467,1.077862,1.3236508,1.9047394,1.9026816,1.6537465,1.2411784,1.3799831,2.389139,1.7210506,1.267984,3.1607542,3.402405,2.6301563,2.6055925,1.0669842,1.1773912,2.5233262,2.5476,2.2181728,2.453052,1.182956,1.2439147,1.4578614,1.1859357,1.9822553,1.9181219,1.1212721,1.9652183,2.9739807,3.141191,1.7885634,2.0003686,1.8745216,2.0842752,1.8213248,1.8277655,3.0716016,2.9729197,2.0284038,2.1355786,3.393394,3.6432264,2.0336945,2.1614506,1.3793099,1.5208577,2.1605735,2.3434265,2.3577201,2.3700585,3.5080009,3.525963,3.099205,2.9686346,2.5753355,2.2540357,3.0308084,3.0351799,1.6384412,1.5913942,2.261821,1.7301409,2.0872586,2.1492074,2.1298265,2.4788957,2.0713046,2.684869,2.0255487,2.0314333,1.8557404,1.1774702,1.9073,2.303083,2.7124467,1.9529297,2.7410622,1.5754992,2.2980468,3.4968734,2.5790484,1.9693525,2.574993,2.45191,3.3348145,3.3243175,2.4514413,2.4171255,2.2852998,2.206376,2.9461837,2.2805471,3.1763644,2.3543353
12,3.7681813,2.2393675,2.8957896,2.9375725,3.0176985,2.949819,2.658266,2.567207,2.8256383,3.3352046,3.2231917,2.7815807,0.0,3.1967728,3.5468032,3.127482,3.1067593,2.8329883,3.1179383,3.1076276,2.8236306,2.951153,3.454885,3.583878,2.7270222,2.6421688,2.9970596,2.5696387,3.2346036,2.801069,2.819798,2.8189507,2.3457854,3.2773604,2.6486094,2.629685,2.988997,2.9046962,2.2664626,2.6456008,2.6309447,3.2156281,3.7019923,2.6303477,3.5589323,3.3717785,3.2601223,3.2930272,2.7136989,2.6504283,3.462665,3.4933357,3.4178586,3.8266368,2.6390278,2.508039,2.744798,2.6210444,2.9616022,3.163039,2.6512752,2.2353837,3.4973333,4.037703,2.875771,3.3568788,2.796794,3.018191,2.998752,2.9940004,3.784776,3.6992445,2.9762063,3.052684,4.5385637,4.6546483,3.0373774,3.0340161,2.3524492,2.3749075,3.1625714,3.2561162,2.6596928,2.6049893,4.1864953,4.1280036,3.1747184,4.348087,4.257141,3.7392597,3.9153957,3.9818492,2.6762881,2.5861115,2.4819252,2.8208225,3.0023205,2.9950962,3.64423,3.8634264,2.950062,3.4578936,3.4955928,3.4690962,2.9396665,2.5572414,2.8903205,3.1662762,4.020129,2.8592753,3.3997936,2.7450917,4.0592127,4.1204867,3.4656994,2.8869898,3.3061628,3.176316,3.9245694,3.9042528,3.3033016,3.2419286,3.1298592,3.0865774,2.8780448,3.1181493,3.5990527,3.070319
13,2.1281376,2.9331536,2.8897634,2.4692643,3.7226133,3.5630574,3.3848505,3.3458018,3.1555529,3.4588504,2.5521162,3.247026,3.1967728,0.0,3.5418665,2.6362875,2.6446073,3.1954317,3.2969725,3.314396,3.272663,3.588679,3.056369,3.0926938,3.0367284,2.9719694,3.0672731,2.8466911,2.4680562,3.0497568,3.1967955,3.149919,3.2839158,3.972995,2.9502177,3.1499674,3.6930194,3.6274319,2.9380682,3.2581964,3.3922012,3.600107,3.7010996,3.4918287,3.709847,3.4871788,3.6565015,3.6283224,3.2391207,3.1242874,3.3249505,3.335467,3.801081,3.7935886,3.1302793,3.156301,3.4509811,3.2702985,4.105224,3.9814565,3.4309123,3.3509376,3.8359482,4.335841,2.5085022,2.6298585,2.4535367,2.393214,2.0998826,2.0672143,2.3529696,2.361789,2.525667,2.713888,4.6291904,4.611106,2.5595698,2.6285832,2.9299698,2.9768507,3.0747483,3.131564,1.8681165,1.9508172,3.2582538,3.1658626,3.0376258,4.1700115,3.9294405,3.4971979,2.4191356,2.4496086,2.9540002,2.8543887,2.9699416,3.2390413,2.5470183,2.4724195,3.3423269,3.7626586,2.5634038,2.4904792,2.6172533,2.5754771,2.432561,3.2449338,2.5380127,2.3615682,3.7739387,2.4641066,2.3457804,3.1484365,2.9645035,3.6579049,3.0085132,2.8760695,2.3973682,2.0985057,2.1265035,2.0218315,2.6091962,2.32371,2.602577,2.4879868,2.0728307,2.1688807,2.9384575,2.145468
14,3.8506832,2.5899005,2.0152767,1.695222,2.358516,2.3101213,1.8046627,1.8153487,1.3983583,1.8597375,1.9966211,1.6570144,3.5468032,3.5418665,0.0,1.853333,1.5426193,1.2165525,1.1038119,1.5596602,1.1906959,1.6959381,2.2492716,2.706875,2.4840572,2.2329087,2.1202831,2.2397468,1.9365274,1.4960825,1.5610797,1.5257128,2.185203,1.7037483,1.4890132,1.6805432,2.6069524,2.5910757,2.60768,1.7021512,1.8238229,2.7218535,2.007996,1.6921399,3.0218532,3.6242573,2.4391973,2.3826907,1.5843358,1.5929803,3.5177207,3.523654,2.83604,2.90419,1.403011,1.8932109,1.8426433,1.5163713,2.6213562,2.5190678,1.8566977,2.71521,2.80459,2.4531746,2.2149708,2.3058271,2.2188356,2.1712146,2.1175826,2.1306767,3.106633,3.1615293,2.2838624,2.3532646,3.4862163,3.3449533,2.1899421,2.3694518,1.9749041,2.0783708,2.667285,2.7904904,2.2972834,2.370845,3.885403,3.9686255,4.0872808,2.9254003,3.0235276,2.5407734,3.1960685,3.18585,2.0979981,2.1823611,3.096503,2.2843707,2.0267606,2.108007,2.424076,2.1737256,2.3176022,2.8109,2.2353666,2.248703,2.040236,1.6497916,2.1289556,2.304227,2.0228517,2.1812658,2.84676,1.9512057,2.4375432,4.3880625,3.5041986,3.004396,3.399126,3.1808233,3.8896158,3.8142946,3.4052875,3.216746,3.1616893,3.0375564,3.5417657,3.0407517,3.9120774,3.1007438
15,2.318411,1.9704454,1.1297982,0.91843337,2.4665997,2.5852587,1.7895645,1.8277136,1.6534536,2.213132,0.9252799,1.8300363,3.127482,2.6362875,1.853333,0.0,0.7251696,1.6061019,1.8483318,1.9079565,1.4947267,1.8464556,1.5325961,2.0217075,2.600288,2.3006155,2.172445,2.234707,1.2471474,1.7223595,1.8415173,1.8458128,1.6516525,1.9223356,1.6065136,1.5562013,2.630269,2.5748556,1.9941618,1.5811282,1.5920862,2.5940943,1.9676183,1.6354078,2.9612854,3.245695,2.3303974,2.3685305,1.4149746,1.3701016,3.1416075,3.1728275,2.9010417,2.9596436,1.5214694,1.7906626,1.5707303,1.4281788,2.2138784,2.467405,1.7164937,2.4860697,2.6438043,2.7942266,1.2924675,1.1528476,1.1639405,1.305471,1.3255061,1.3428179,1.8748626,1.8405088,1.015138,1.2244004,2.7721694,2.7100446,1.0986716,1.1879089,1.4881562,1.586493,2.2440798,2.3412528,1.8855745,1.8288618,3.065348,3.0799372,3.1985912,3.0040512,2.348193,1.614266,1.7423075,1.7593564,1.6525506,1.6353008,2.0297248,1.5951623,1.1676577,1.1856834,1.5718093,2.1185539,1.1023252,1.4661553,1.1366247,1.114896,0.9462672,1.6173701,1.0987152,1.2048615,1.9631807,0.9916074,1.3986187,1.4916731,2.4044814,3.6144042,2.5769863,2.2306807,2.3885815,1.9515324,2.4440105,2.433376,2.1032143,1.8892934,1.836033,1.719484,2.4650729,1.7233367,2.7595298,1.7938446
16,2.6360238,2.0850797,1.3839036,0.8311465,2.4610996,2.5648324,1.8327075,1.8616781,1.536394,2.1238735,1.0081363,1.8414949,3.1067593,2.6446073,1.5426193,0.7251696,0.0,1.2901092,1.6593337,1.6406691,1.3248913,1.8228486,1.6755539,2.1604273,2.1833541,1.8140767,1.8332262,1.7954394,1.1288362,1.440124,1.5623306,1.5527753,1.7269629,1.8128372,1.4931101,1.4417018,2.578147,2.5102444,2.079009,1.509528,1.5114533,2.5421252,1.9562663,1.6213378,2.7463589,3.119984,2.0820074,2.076802,1.509887,1.3765211,3.3244069,3.3534014,2.9057794,2.9471984,1.432099,1.7574626,1.6003585,1.3248742,2.3785396,2.5242863,1.7484008,2.4823337,2.4490592,2.455554,1.5121634,1.4315507,1.3161402,1.410684,1.341709,1.3527963,2.1001458,2.1097665,1.3521156,1.5229102,3.0342302,2.8695998,1.3186964,1.4835901,1.5133158,1.5800158,2.2705202,2.377275,1.6580503,1.6917801,3.1918905,3.2404041,3.3886175,2.9191277,2.6203816,1.9338583,2.0437748,2.0493233,1.6761254,1.6444491,2.3345852,1.8275086,1.2604061,1.2583873,1.8469319,2.0767226,1.2847948,1.7076305,1.3165585,1.2871196,1.1047658,1.5336678,1.2228339,1.3996041,1.7903233,1.1302985,1.6586668,1.695228,2.572377,3.8806965,2.9522805,2.469112,2.59458,2.2145245,2.7703648,2.7247522,2.487062,2.2391162,2.1190283,1.992103,2.4854813,2.0135214,2.8126087,2.0753253
17,3.4829707,1.8638208,1.7369381,1.4034209,1.8915877,1.9557829,1.3872647,1.3963716,0.9454519,1.5792465,1.625739,1.3997817,2.8329883,3.1954317,1.2165525,1.6061019,1.2901092,0.0,0.86411256,0.9111516,0.716737,1.4657942,2.2079544,2.564146,1.6379374,1.4281685,1.5325153,1.6017551,1.4668384,0.75858533,0.8123248,0.82284164,1.4685419,1.5196419,1.0289997,1.0737714,1.8406907,1.8026205,1.8521527,1.0721966,1.1210449,2.13291,1.5960025,1.2064458,2.4100275,2.8756642,1.8250716,1.7589796,1.109801,0.94753045,3.0304935,3.044404,2.2321048,2.323441,0.93977433,1.2661986,1.1397262,1.1373643,1.978171,2.2971416,1.2230737,1.988072,2.2208557,2.2018332,1.8241328,1.940104,1.8300077,1.8846796,1.9215075,1.9305875,2.9429495,2.9613867,1.8832086,1.9527992,3.1656487,3.068337,1.8236909,1.9462972,1.2899374,1.3618071,2.1151803,2.2326405,1.944099,1.9405365,3.5429296,3.6200707,3.4189136,2.786579,2.8636742,2.2949936,2.9486256,2.955636,1.5039835,1.5041815,2.4564989,1.7725238,1.72883,1.7931151,2.2950072,2.286159,1.9018087,2.5448117,1.9394945,1.9395963,1.7116581,1.0572038,1.7712638,2.0438116,2.2105224,1.7949469,2.625476,1.7460864,2.6909156,3.847154,3.068643,2.403138,2.7745502,2.6083703,3.4984243,3.42088,2.7993214,2.633735,2.530745,2.4230692,2.850666,2.4854748,3.1767223,2.5220804
18,3.5948522,1.9133482,1.7636156,1.5325449,1.610742,1.6156222,1.371867,1.4212345,0.9057827,1.2542661,1.7002856,1.2269579,3.1179383,3.2969725,1.1038119,1.8483318,1.6593337,0.86411256,0.0,1.1237423,0.9159327,1.4515961,2.3480084,2.7878125,2.013711,1.9721166,1.8283519,2.0333896,1.5260422,0.84049904,0.89667374,0.8586029,1.6972103,1.7731489,1.1288433,1.2559956,1.7705343,1.7454678,1.9289805,1.213452,1.3849995,2.3519583,1.4676934,1.2763702,2.7365043,3.1672788,2.157528,2.0545518,1.162676,1.1844062,2.9255536,2.9317923,1.9976804,2.028041,0.91972995,1.3493757,1.4596329,1.430432,2.1827235,2.2598503,1.3745008,2.331012,2.5879862,2.5601103,1.8385727,1.9828727,1.9549772,1.8698546,1.9268527,1.9481115,2.9774115,3.0373614,2.050055,2.0703907,3.3062942,3.2242694,1.9533358,2.126896,1.4837738,1.619211,2.0507445,2.1892996,2.1791449,2.1668518,3.4384534,3.5124865,3.3059316,2.6068985,2.8155313,2.284216,3.0580187,3.050735,1.633347,1.6018329,2.5369976,1.7508814,1.8531368,1.9256822,2.274178,2.2953758,2.1826088,2.7656634,2.0028493,2.0140405,1.8582965,1.2207906,1.9516652,2.143525,2.4577236,2.053898,2.845377,1.663987,2.3571973,3.641481,2.9775517,2.351982,2.7056959,2.6547794,3.5341513,3.442956,2.8488364,2.6749308,2.7263277,2.5795963,3.0976255,2.5495043,3.4377005,2.5898798
19,3.61227,1.9338838,2.0023737,1.6671094,2.0595834,2.1284595,1.8076177,1.838829,1.3827397,1.7672099,1.8542607,1.765409,3.1076276,3.314396,1.5596602,1.9079565,1.6406691,0.9111516,1.1237423,0.0,1.2555746,1.9809515,2.5549772,3.0565453,1.8051965,1.7389462,1.7983674,1.918336,1.6594013,1.1248124,1.1358011,1.1739668,1.7828964,1.7949213,1.5224099,1.6884011,1.9752939,1.9340017,2.0528038,1.3283772,1.6088935,2.3723483,1.8506311,1.675758,2.5770533,3.04915,2.0986433,1.9889877,1.4874672,1.3649025,3.2821934,3.3019128,2.0634131,2.1119857,1.450452,1.7187555,1.6458825,1.7056209,2.4099262,2.7249851,1.6072693,2.3009098,2.4781554,2.4151254,2.1422484,2.1978405,2.160458,2.1334755,2.178532,2.1931176,3.0777614,3.1317203,2.1094644,1.9976177,3.3926198,3.1316988,2.1035266,2.1658096,1.7511942,1.8283204,2.2304838,2.331539,2.2222714,2.240261,3.565018,3.6624942,3.5333831,2.798257,3.0643106,2.5164158,3.0661454,3.0732758,1.6142653,1.6692039,2.6067646,1.8512207,2.0724323,2.1129322,2.5821738,2.474518,2.2569427,2.8141642,2.1657495,2.1652496,2.0308082,1.5933374,1.9600822,2.323641,2.4714723,2.1570437,2.8963661,2.13824,2.7759836,4.0292835,3.4362483,2.7375283,2.8859658,2.8099506,3.6416833,3.5556235,3.0258462,2.8516653,2.7773814,2.669258,3.0364358,2.7149534,3.381473,2.7518454
20,3.4451883,1.740709,1.5926615,1.3488371,1.8616045,1.9146965,1.3360668,1.3331168,0.7471816,1.8351552,1.5593057,1.2161815,2.8236306,3.272663,1.1906959,1.4947267,1.3248913,0.716737,0.9159327,1.2555746,0.0,1.0352627,2.2597144,2.6649113,2.0414832,1.8209885,1.8745444,1.8493968,1.6990101,1.1337235,1.1673164,1.1832376,1.212556,1.3191214,0.8273811,0.8644037,1.8610537,1.8159486,1.6906238,0.8168554,1.018848,2.3516731,1.4464208,0.945807,2.5634253,2.9908643,1.729959,1.7038033,0.7658604,0.7521688,3.0595808,3.0774953,2.2801876,2.4100978,0.83459383,1.2047234,1.1091315,0.8151086,1.9034946,2.0762868,1.0137113,2.0386171,2.1013274,2.1094992,1.7442992,1.8410325,1.7248371,1.9001386,1.8459921,1.8677719,2.9238749,2.8985577,1.8105326,1.8591961,3.1212895,3.0593283,1.768047,1.8880322,1.1573331,1.3014965,2.1360157,2.2597103,2.0377607,2.0369806,3.5064728,3.5719843,3.3277566,2.748777,2.8901327,2.208144,2.9186587,2.915424,1.4563892,1.4879253,2.2366743,1.5509468,1.781389,1.8425981,2.14741,2.144754,1.85191,2.4966586,1.8446375,1.8491845,1.6596822,0.85987693,1.6564038,2.0811093,2.2085826,1.7232856,2.554431,1.6313943,2.4718769,3.761483,2.9426224,2.2529125,2.721764,2.5443816,3.4197454,3.394979,2.7506347,2.559064,2.4167986,2.3300023,2.838244,2.4002237,3.3217442,2.4241927
21,3.6151729,1.8478675,1.7916473,1.7599919,2.0223458,2.1128972,1.4856921,1.502151,1.3011562,2.1557748,1.9234878,1.557969,2.951153,3.588679,1.6959381,1.8464556,1.8228486,1.4657942,1.4515961,1.9809515,1.0352627,0.0,2.5090587,2.8957312,2.5033355,2.2865698,2.2083216,2.2563074,2.139123,1.7109913,1.7071433,1.6821399,1.4644762,1.5969435,1.325072,1.0934832,2.02057,1.9995555,1.8163837,1.0852678,1.3167045,2.5025706,1.6525168,1.107474,2.8134599,3.2109897,2.0871031,2.0568683,1.1567827,1.2405993,3.218593,3.2357173,2.449245,2.6490371,1.2151299,1.5259011,1.3434694,1.1914916,1.9359001,2.1991386,1.2859818,2.2256596,2.420326,2.4847543,1.9217632,2.0118396,1.8804132,2.0931377,2.1041546,2.119206,3.0616484,3.0114703,1.8983765,1.946638,3.0441158,3.0246272,1.9368507,1.9785471,1.290123,1.4282689,2.295526,2.428576,2.3843799,2.3737133,3.6594017,3.7221422,3.4276443,2.929522,2.8249006,2.1838834,3.056377,3.068176,1.5542406,1.5398895,2.1709068,1.4879842,1.9574397,2.0287085,2.1934261,2.2288826,2.0585039,2.6896904,2.0986142,2.1096032,1.9062631,1.1450398,1.8992513,2.2875195,2.4127398,1.9275581,2.7177637,1.6587561,2.7554774,3.8595047,3.0193033,2.354084,2.89559,2.7077737,3.5534534,3.5489352,2.8483918,2.712223,2.514662,2.4591963,3.051205,2.569944,3.42067,2.5853066
22,2.7434936,2.746888,1.2643247,1.6013912,2.3784866,2.4888577,1.7115794,1.7181774,2.2434237,2.7206168,1.6557993,1.9107617,3.454885,3.056369,2.2492716,1.5325961,1.6755539,2.2079544,2.3480084,2.5549772,2.2597144,2.5090587,0.0,1.1259423,2.8002641,2.580429,2.390845,2.4244514,1.8137109,2.192734,2.376633,2.2873304,2.4717486,2.5197148,2.259726,2.2042418,3.071483,3.037946,2.7443748,2.328348,2.1890008,2.9386754,2.5328083,2.2085433,3.8942776,4.198342,3.5007765,3.4983876,2.1848404,2.1558168,3.3820376,3.412401,3.317066,3.3994803,2.1526039,2.318139,2.1263602,2.0364869,2.3792799,2.4942794,2.318615,2.5134442,3.8627205,3.8509097,1.8671818,1.8510088,1.878051,1.929344,1.8863461,1.8785763,2.3664422,2.2727942,1.8396909,2.0566742,2.802096,3.176501,1.7885997,1.9519722,2.1171575,2.147249,2.571563,2.7112918,2.3441389,2.2836127,3.3367615,3.3383799,3.6136694,3.176343,2.207636,2.3055327,2.241337,2.29571,2.2914624,2.2622938,2.9246345,2.400222,1.893813,1.8926519,2.2016191,2.4454048,1.80125,2.0266101,1.851225,1.8271307,1.7050819,2.2513819,1.9373319,1.8905104,2.1925921,1.7188611,1.9976225,1.7640336,2.614809,3.9414647,2.8844645,2.6684186,2.916695,2.5750492,2.9152105,2.893079,2.4153717,2.4893887,2.4202223,2.321496,2.8461728,2.3099537,3.0425243,2.4793384
23,3.09903,3.2214217,2.008856,2.2240236,2.891919,2.972676,2.2680047,2.2065175,2.6858644,3.1092768,2.1927094,2.4070854,3.583878,3.0926938,2.706875,2.0217075,2.1604273,2.564146,2.7878125,3.0565453,2.6649113,2.8957312,1.1259423,0.0,2.9343312,2.7225296,2.7306244,2.611084,2.2192113,2.590858,2.7583115,2.6733093,2.8465211,2.9008076,2.6313806,2.5773046,3.3896148,3.351915,3.1316423,2.8191786,2.6775,3.1528726,2.8902037,2.6776567,4.063855,4.3211265,3.790828,3.8229363,2.6076896,2.555614,3.1903942,3.2158644,3.7100616,3.7561932,2.595108,2.7271292,2.4848242,2.4714916,2.6007862,2.8425496,2.79153,2.55229,4.1378317,4.14943,2.2911596,2.2553487,2.3127058,2.367341,2.3413296,2.3162427,2.739021,2.6411648,2.2362425,2.5804746,3.0349834,3.534564,2.2316546,2.3711176,2.515969,2.5545425,2.949769,3.0682106,2.4558475,2.3617542,3.6755576,3.6806612,3.8943057,3.579371,2.8814976,2.9192653,2.5729568,2.6330702,2.847901,2.756479,3.3398366,2.9204528,2.301142,2.312557,2.868564,2.7891228,2.240527,2.3960855,2.285119,2.2570534,2.152473,2.6248527,2.5401795,2.2777379,2.601133,2.149473,2.3756948,2.293651,2.9271169,3.8847237,2.7241096,2.7700348,3.194937,2.8454,3.168285,3.1398528,2.6401021,2.7456331,2.7174528,2.6454155,2.819164,2.5972264,3.227535,2.7553575
24,3.6882007,2.443115,2.482754,2.0938551,2.201942,2.2324383,2.2318525,2.2015278,1.958962,2.6186965,2.2450998,2.1856213,2.7270222,3.0367284,2.4840572,2.600288,2.1833541,1.6379374,2.013711,1.8051965,2.0414832,2.5033355,2.8002641,2.9343312,0.0,0.7329455,1.4493095,1.0320401,2.0383897,1.7203243,1.7883611,1.71192,2.3576174,2.6121123,1.9560252,2.0001037,1.9132963,1.8435203,2.3248808,1.9992452,2.079474,2.5216618,2.4710388,2.2428725,2.7207508,2.9857945,2.4634016,2.3522613,2.268906,2.0401218,3.0895245,3.1103337,2.3035612,2.4252214,2.072924,2.0927324,2.2027922,2.2404983,2.7152812,2.9802315,2.167931,2.0430717,2.8398745,2.922094,2.3961372,2.5564716,2.3353155,2.4622555,2.3076096,2.2862165,3.299661,3.266695,2.5242527,2.5945096,3.8589892,3.863101,2.477047,2.5930037,2.0340996,2.04882,2.149876,2.264598,1.963507,2.0730295,3.4350235,3.5360518,3.2793565,2.9240468,3.5980582,3.193763,3.271369,3.2862585,2.0466099,1.9083446,3.0125592,2.5043478,2.4681323,2.4603627,3.189561,2.7990406,2.470821,2.9876888,2.5360696,2.5080178,2.337566,1.9976239,2.4220862,2.6779158,2.8920033,2.3521554,3.097451,2.732385,3.2869608,3.7403252,3.4158597,2.8338623,2.8027496,2.8634303,3.6648457,3.575207,3.0637739,2.9682348,2.7912786,2.7259932,2.6111324,2.7733266,2.8913138,2.8096106
25,3.6331165,2.2950275,2.3707244,1.9510133,2.3993778,2.447179,2.1049268,2.0739522,1.8329371,2.5679018,2.149575,2.097283,2.6421688,2.9719694,2.2329087,2.3006155,1.8140767,1.4281685,1.9721166,1.7389462,1.8209885,2.2865698,2.580429,2.7225296,0.7329455,0.0,1.3651476,0.63033503,1.972561,1.5773226,1.6605103,1.5794097,2.1753478,2.4232185,1.7802554,1.8206072,2.2594664,2.1915057,2.1757133,1.801635,1.9161487,2.589073,2.392896,2.099073,2.7334185,3.0063767,2.31646,2.2367084,2.093373,1.8633183,3.1770735,3.208432,2.727642,2.8525288,1.9216375,1.9657363,1.968865,1.882452,2.6385987,2.792476,2.0446224,1.9578745,2.6690996,2.7434392,2.3944628,2.504053,2.2611315,2.4219449,2.2321804,2.2077916,3.2705815,3.2357578,2.4003732,2.5141375,3.8312826,3.7871208,2.3959324,2.4898753,1.8936205,1.9115633,2.4710557,2.6034484,1.8449136,1.9789721,3.728001,3.807858,3.5191197,3.2297359,3.5353386,3.0766559,3.201285,3.2250612,2.0308626,1.8912835,2.849883,2.444528,2.3173084,2.3166072,3.071416,2.7609189,2.3301835,2.8786607,2.447508,2.4165099,2.2095037,1.8100413,2.2868655,2.5636477,2.7392583,2.185647,2.9226074,2.549187,3.3674903,4.0148396,3.3742003,2.71296,2.9558344,2.8274655,3.6532521,3.579945,3.0604212,2.9359787,2.6947145,2.6314683,2.4869297,2.7134116,2.822691,2.7516842
26,3.3728533,2.2115214,2.095896,1.6931057,2.2766736,2.3404644,1.8474411,1.9028515,1.5051231,2.3598902,1.91691,1.7509284,2.9970596,3.0672731,2.1202831,2.172445,1.8332262,1.5325153,1.8283519,1.7983674,1.8745444,2.2083216,2.390845,2.7306244,1.4493095,1.3651476,0.0,1.3857169,1.8807571,1.6463263,1.7163076,1.624849,2.4208019,2.6981313,1.7610368,1.8600833,2.1398103,2.1243024,2.1732533,1.8221247,1.8557861,1.8633981,2.260549,1.9699299,2.3842447,2.6887426,2.4119346,2.3860388,1.9620589,1.8168443,2.6620252,2.6719854,2.482616,2.6872296,1.8238698,1.7890948,1.9661489,1.8730085,2.6343846,3.0839682,1.8651791,2.4343712,2.791011,2.9191577,2.2189612,2.3240495,2.0708158,2.2436447,2.0058842,1.980765,3.0809119,3.0252411,2.276311,2.4351099,3.7865872,3.8381176,2.3287203,2.485391,1.9325446,1.9942933,2.3906753,2.5188992,2.321723,2.4301856,3.654528,3.7141025,3.5376465,3.2634199,3.0664973,2.5921524,3.0461745,3.0379467,1.9650298,1.8152248,2.782768,2.3314323,2.2210052,2.258552,2.5191274,2.6317182,2.1934826,2.7411737,2.222775,2.2117636,2.0474968,1.7565593,2.116602,2.4021654,2.7296255,2.1184905,2.8055449,2.37454,3.1335814,3.9166677,3.144447,2.5913093,2.8418849,2.6742275,3.4567764,3.3681114,2.7947283,2.7126887,2.4389284,2.3736777,2.9703352,2.5654776,2.7009015,2.601887
27,3.474292,2.284114,2.1816542,1.8248426,2.3199182,2.343315,1.9931729,1.9436316,1.8157486,2.6521063,2.0413847,1.9645333,2.5696387,2.8466911,2.2397468,2.234707,1.7954394,1.6017551,2.0333896,1.918336,1.8493968,2.2563074,2.4244514,2.611084,1.0320401,0.63033503,1.3857169,0.0,1.9973553,1.7440438,1.8489946,1.7388012,2.1946363,2.4759269,1.6941499,1.7846335,2.291864,2.2356098,2.1152332,1.7623786,1.9125625,2.7836695,2.3875809,2.0519567,3.0198472,3.253054,2.4656172,2.420179,2.0633574,1.87943,3.123932,3.152247,2.8304524,2.9794955,1.8832856,1.8030881,1.902141,1.785897,2.6003122,2.596455,1.9752136,1.8260518,2.7867858,2.8866954,2.308155,2.41767,2.1314428,2.331386,2.0909946,2.0626063,3.138868,3.0781987,2.3494384,2.4480233,3.7950277,3.8198764,2.3136582,2.4708421,1.8491122,1.9226542,2.4672024,2.616271,1.7517784,1.8927627,3.6337085,3.677002,3.4178593,3.1995888,3.5417783,3.049094,3.085908,3.1049762,1.9728774,1.8384274,2.7717025,2.4038386,2.217037,2.2115664,2.9843457,2.5472581,2.2023094,2.7332246,2.3288362,2.2970788,2.0676677,1.7603134,2.1224694,2.4498456,2.6886148,2.059518,2.7626786,2.390038,3.2379322,3.859926,3.1445465,2.5549006,2.82945,2.674354,3.4705112,3.4068317,2.8873909,2.8032372,2.5770602,2.5163171,2.434826,2.5773714,2.6287658,2.6135085
28,2.4467268,2.09134,1.4107742,1.0307828,2.1034284,2.2443857,1.8543631,1.9083025,1.7187891,1.641337,0.8670294,1.9326364,3.2346036,2.4680562,1.9365274,1.2471474,1.1288362,1.4668384,1.5260422,1.6594013,1.6990101,2.139123,1.8137109,2.2192113,2.0383897,1.972561,1.8807571,1.9973553,0.0,1.2807277,1.4281089,1.4029899,1.8786163,2.1778257,1.6773844,1.5642177,2.194893,2.1289508,2.0725543,1.7278405,1.6338127,2.4513602,1.7853365,1.7708535,2.8272524,3.1012363,2.3404257,2.266583,1.720972,1.5879935,3.0319078,3.0472078,2.4310114,2.3052466,1.4576735,1.7115972,1.7120099,1.8588508,2.3253946,2.6049867,1.8808702,2.5201662,2.761286,2.9010224,1.2183388,1.1295129,1.2761441,0.9708901,1.3003126,1.3192031,1.8107629,1.9378681,1.3429601,1.4655647,2.8310459,2.720906,1.1416433,1.422186,1.5409617,1.6042027,1.7421272,1.8422039,1.6546055,1.5477171,2.6318505,2.673889,2.8269424,2.5224211,2.3995855,1.8484687,1.8516467,1.8553625,1.625979,1.480031,2.3566785,1.7958276,1.0547036,1.031599,1.8712914,2.2105737,1.3920739,1.7333268,1.1289736,1.1041671,1.0713865,1.7022694,1.3588758,1.1191368,2.154517,1.2980202,1.7916582,1.6161586,2.4180562,3.2185264,2.5930407,2.2791054,1.9876006,1.8193282,2.417286,2.273098,2.0463667,1.8294142,2.0502174,1.8394389,2.419851,1.6828333,2.4830709,1.7574557
29,3.3666174,1.7485602,1.7296175,1.4773033,1.7678268,1.8589233,1.3982223,1.4475734,1.1730108,1.2221874,1.6331587,1.4613985,2.801069,3.0497568,1.4960825,1.7223595,1.440124,0.75858533,0.84049904,1.1248124,1.1337235,1.7109913,2.192734,2.590858,1.7203243,1.5773226,1.6463263,1.7440438,1.2807277,0.0,0.28343078,0.2319163,1.6081514,1.9429364,1.3716285,1.329314,1.980858,1.9183178,1.8088931,1.3421133,1.3526818,2.3093252,1.7558732,1.4157538,2.6995685,3.0146337,2.1676278,2.0719838,1.4051964,1.3255118,2.9769833,2.995675,2.3085763,2.3397658,1.1019537,1.4024608,1.4204315,1.4586653,2.137894,2.2928624,1.5499849,2.2433045,2.6181996,2.7043035,1.8684582,2.0284054,1.9315,1.828193,1.962529,1.9766935,2.906607,2.9801295,2.0269992,2.0980105,3.3382747,3.2426033,1.9348705,2.0924609,1.4609358,1.5328476,2.164749,2.297524,2.056477,2.0078409,3.4742656,3.529795,3.2169476,2.9102988,2.846342,2.3354933,2.9695995,2.9823227,1.7343786,1.6138599,2.4225364,1.87286,1.7762353,1.8177686,2.3731563,2.583232,2.0969276,2.6791246,2.060767,2.0476916,1.8310366,1.3549331,1.9536532,2.0515075,2.5937986,1.9711952,2.7195997,1.6704053,2.8385653,3.702072,2.9832413,2.178798,2.6616654,2.540796,3.4187949,3.310373,2.733736,2.5595915,2.615466,2.453329,2.6842563,2.421783,3.1202872,2.4619017
30,3.494391,1.8113158,1.8477801,1.6094698,1.8663139,1.981417,1.521471,1.5606314,1.2679163,1.1925577,1.7599798,1.6066791,2.819798,3.1967955,1.5610797,1.8415173,1.5623306,0.8123248,0.89667374,1.1358011,1.1673164,1.7071433,2.376633,2.7583115,1.7883611,1.6605103,1.7163076,1.8489946,1.4281089,0.28343078,0.0,0.21061485,1.640137,1.924612,1.5079402,1.4181508,1.9891276,1.9222109,1.8990874,1.4090749,1.4139019,2.2923777,1.8268901,1.4440255,2.620437,2.9660592,2.111196,2.024783,1.4892687,1.4257232,3.059614,3.0738585,2.329547,2.3712683,1.1905372,1.4737788,1.4636381,1.5485644,2.1459527,2.4180224,1.6254303,2.338209,2.5781689,2.6324182,2.0097811,2.1669493,2.0504751,1.9417883,2.13918,2.1557846,3.0198815,3.1058187,2.1485517,2.1965754,3.3614604,3.2252834,2.0578856,2.221025,1.5725816,1.6542946,2.2561193,2.3725448,2.201325,2.1378808,3.5731277,3.6340954,3.3297255,2.9588861,3.010176,2.4334524,3.1081016,3.1176643,1.8375562,1.7239143,2.502021,1.9354539,1.8871009,1.9318074,2.485633,2.6081862,2.2213237,2.8062882,2.2014935,2.1889844,1.9644525,1.4362031,2.0679438,2.168498,2.6544917,2.1078217,2.8499408,1.7661054,2.9979668,3.7886007,3.1025305,2.2569344,2.8016055,2.69384,3.5688565,3.4561272,2.8835607,2.7081525,2.760984,2.603588,2.78224,2.587326,3.2514107,2.6120925
