,0,1,2,3,4,5,6,7,8,9,10,11,12,13,14,15,16,17,18,19,20,21,22,23,24,25,26,27,28,29,30,31,32,33,34,35,36,37,38,39,40,41,42,43,44,45,46,47,48,49,50,51,52,53,54,55,56,57,58,59,60,61,62,63,64,65,66,67,68,69,70,71,72,73,74,75,76,77,78,79,80,81,82,83,84,85,86,87,88,89,90,91,92,93,94,95,96,97,98,99,100,101,102,103,104,105,106,107,108,109,110,111,112,113,114,115,116,117,118,119,120,121,122,123,124,125,126,127
0,0.0,0.8664229,0.9602823,1.0012544,1.4538423,2.3081076,3.1837554,4.2281084,1.7796562,1.9403759,1.5728542,2.041153,1.7390058,1.8778448,2.277293,1.9136952,1.2998024,1.533057,2.0485408,1.7261196,3.0189912,2.876683,2.2317102,1.7657577,2.505903,1.4528939,3.1334412,2.9468586,1.9480828,2.791722,0.584686,0.7966746,2.5473094,2.61864,1.4292488,1.2063552,2.9603086,3.3052945,1.6320251,1.8678614,1.7955008,2.0695987,1.9992675,2.0957928,1.9951205,2.0569332,2.0917203,1.8484483,3.4078953,3.0903223,1.9878187,2.0738912,2.0741534,1.6822757,2.3151076,2.639388,4.1186557,4.0164104,2.4759657,2.2869148,2.267681,2.2178152,2.3800497,2.6874604,2.6387806,1.7363979,2.060476,1.8800762,2.0170763,2.029097,2.0357866,2.305698,2.0288458,2.0953658,2.1005533,2.0816786,2.7814467,2.699375,2.3247983,4.484142,1.8389518,1.7769946,1.848988,1.8550771,1.8865265,1.8825394,2.6781728,2.8051019,2.84636,2.1184616,1.8734162,2.842655,1.7236266,1.5948958,2.6228776,2.5404775,3.3084803,3.2354305,3.3507826,3.3486733,3.4435802,3.1668606,3.3941293,3.395346,3.53868,3.5864575,3.5024414,1.608926,3.389255,3.9561183,3.3736086,3.382115,4.7028456,3.8646657,4.476172,4.012645,3.8357651,1.5772954,4.0279565,4.0730486,4.1403275,4.2113953,3.9599068,4.106035,3.981781,2.4500787,1.6219301,2.221974
1,0.8664229,0.0,1.1606075,1.2377814,1.8195906,2.5962875,2.5306516,3.6997674,1.7190048,1.7304552,1.7962315,2.2424624,1.5964175,1.7543639,2.1275322,1.8040378,1.5176526,1.7844499,2.3279257,1.8906473,3.2978327,3.1161675,2.3561947,2.0107803,2.2290394,1.6970942,3.25646,3.0893571,2.083626,2.976821,1.2413034,1.5368994,2.6056864,2.6690116,1.691388,1.5351201,2.9480016,3.2361622,1.8736455,2.0049582,1.9838231,2.252268,2.1550062,2.279967,2.2135377,2.2776403,2.2837164,2.0713458,3.535144,3.1999204,2.210087,2.284993,2.310499,2.0303075,2.2416646,2.5326166,4.1362443,4.058679,2.6393847,2.5384848,2.3784997,2.336101,2.5018268,2.9941766,2.9900632,2.0532403,2.3324194,2.1590602,2.2860808,2.2504144,2.3505917,2.6302462,2.1877363,2.13439,2.2392592,2.2544806,2.9320312,2.7974877,2.5242085,4.3189397,2.104551,2.0874267,2.1218054,2.1514068,2.1210988,2.1340277,2.829378,2.9988523,2.9182968,2.2093372,2.0882473,2.9638903,1.9568455,1.8523283,2.8771164,2.741766,3.4108522,3.320984,3.4008486,3.3573792,3.4628904,3.2400417,3.4706895,3.4577088,3.5596094,3.5972626,3.505952,2.0209973,3.4648423,3.8622856,3.4123766,3.4415824,4.887891,3.9745185,4.486236,4.0712037,4.0362873,1.9929088,4.184731,4.261491,4.2972546,4.3748965,4.0850906,4.233613,4.07793,2.807454,1.8655014,2.518792
2,0.9602823,1.1606075,0.0,0.14995499,1.5316417,2.3947735,3.2847724,4.343165,2.083872,2.2146568,1.7406405,2.4948325,1.8178852,1.9419512,2.1822193,1.9502195,1.8338249,1.9819621,2.5935602,1.8183274,3.5249977,3.4160411,2.5957863,2.0575125,2.8953905,1.9460315,3.2744784,3.0819023,2.5903766,3.0521433,1.0657424,1.1412029,3.0370502,3.0944667,1.8696867,1.6898578,3.3659577,3.7227106,2.0746505,2.3510983,2.1921139,2.4182715,2.3544245,2.4691584,2.4008858,2.382871,2.381299,2.2674673,3.6476119,3.1794717,2.323621,2.3908064,2.5419416,2.1394203,2.5793798,2.7894967,4.185576,4.1085434,2.5638144,2.623868,2.5663369,2.5207913,2.7355893,3.198542,2.7787085,1.6991923,1.7881566,1.7598629,1.9582443,1.9652917,1.9839059,2.1904604,1.9538023,1.984992,2.0165942,1.9722307,2.2583256,2.1990876,1.9874792,4.423713,1.7071416,1.6432844,1.7944288,1.7945918,1.7876687,1.8051631,2.3022034,2.4529881,2.8522222,2.2599974,1.9776473,2.9703476,1.5304905,1.4012076,2.554144,2.4148693,3.6858506,3.6119056,3.6696126,3.6556282,3.7792394,3.4779348,3.5986774,3.7632744,3.8636768,3.9048603,3.028439,1.6255127,3.7023377,4.1516447,3.661017,3.621358,4.979487,4.279956,4.7003465,4.3757563,4.145293,1.5974165,4.346008,4.320373,4.4170604,4.4827023,4.1480007,4.392519,4.390784,2.5731351,1.7494395,2.4034157
3,1.0012544,1.2377814,0.14995499,0.0,1.5225521,2.369323,3.3779247,4.4591856,2.1586056,2.3011174,1.8183452,2.539284,1.8645052,1.9749055,2.205088,1.9838455,1.817908,1.949321,2.5655065,1.7557743,3.5281541,3.4261644,2.5944397,2.0764515,2.9176538,1.9244796,3.2443132,3.0505967,2.5958774,3.0077102,1.0733696,1.1268986,3.042514,3.0983605,1.8471847,1.6828296,3.3633714,3.733768,2.0409384,2.351326,2.1709647,2.3920524,2.3349304,2.4429216,2.3960261,2.36099,2.3641918,2.2605782,3.6141953,3.147506,2.3054504,2.3772175,2.519342,2.123473,2.566251,2.7833314,4.191514,4.1091766,2.5405576,2.60653,2.563362,2.5057414,2.7248118,3.200438,2.7867076,1.7241838,1.7888606,1.7571237,1.9656799,1.9737672,1.984758,2.1726859,1.9802135,2.017814,2.0431306,1.9793435,2.2290254,2.177853,2.00274,4.4470716,1.728092,1.63938,1.8003026,1.7789329,1.7807957,1.805853,2.3241425,2.466681,2.8523767,2.2889006,2.0552945,3.016772,1.5930567,1.4484048,2.5418742,2.4019904,3.6874251,3.616563,3.6768312,3.6600697,3.7901385,3.4816084,3.5939274,3.7730005,3.878285,3.9218223,2.9565024,1.6108983,3.7043486,4.1486177,3.6701543,3.6226528,4.978229,4.2852926,4.6907997,4.3928666,4.1476407,1.582865,4.3459473,4.319633,4.4190254,4.4845777,4.1435156,4.3974304,4.4216943,2.6095378,1.7934775,2.4325466
4,1.4538423,1.8195906,1.5316417,1.5225521,0.0,2.0069685,3.7343616,4.6992846,2.4925623,2.662932,2.0427482,2.7417495,2.7703886,2.8654783,3.2059867,2.8891091,2.0392377,2.137903,2.3347702,2.0135174,3.1689427,3.1127033,2.5469491,2.2273996,3.0691721,2.1452954,3.366767,3.1643274,2.7215927,3.0148737,1.2791822,1.3617864,3.0525165,3.1166546,2.1492043,2.0372798,3.0490005,3.2609632,2.3436093,2.5930166,2.505353,2.7160752,2.6811564,2.7589295,2.674702,2.7022069,2.7591984,2.6508553,3.7320485,3.3213584,2.5793316,2.6657107,2.6520839,2.337861,2.9237669,3.1519277,4.528081,4.3476577,2.8741233,2.6467278,3.2451475,3.1983018,3.3215191,3.0671904,3.03063,2.277048,2.4010537,2.4140158,2.483854,2.465494,2.5275512,2.7170908,2.510501,2.5493996,2.5706854,2.480101,2.706017,2.6630864,2.4065187,4.6392193,2.27982,2.1437545,2.5237,2.452158,2.4569135,2.5318274,2.782626,2.8341727,3.281906,2.6614652,2.4193354,3.3204489,2.1625717,1.979697,2.900036,2.7712767,4.0777,4.0192275,4.1469927,4.372752,4.3385305,4.046674,4.178997,4.2461095,4.327823,4.35379,3.5016067,2.0463927,4.1954203,4.6573143,4.2171125,4.2418456,5.2604322,4.6160007,5.0818768,4.754915,4.5267262,2.1470938,4.7501564,4.736975,4.7564144,4.8311524,4.5750303,4.773913,4.7799253,2.7950878,2.2612197,2.657687
5,2.3081076,2.5962875,2.3947735,2.369323,2.0069685,0.0,4.1651425,4.7830496,2.6248653,2.731895,2.4492133,2.734227,3.3324783,3.0071182,3.1482296,3.0323336,2.5618246,2.0907767,2.4828024,2.0647376,3.7183313,3.6892753,3.03251,2.1388075,3.307444,2.6275811,2.6192846,2.394157,2.9549289,4.0854073,2.3598235,2.3855314,3.4838433,3.5382116,1.9361099,1.9265054,2.7993147,3.7642386,2.526705,2.5571697,2.974706,2.6169758,2.55298,2.6693316,3.3605907,2.6150734,2.6920187,3.0630841,2.9329145,2.7751868,2.537751,2.574815,3.0674336,2.079577,3.0257595,3.3749945,4.9994106,4.7044086,3.5175185,3.0411768,3.6335514,3.51229,3.4001744,3.742546,2.5561721,2.3125882,2.3858805,2.2494347,2.1639738,2.1570535,2.1914005,2.4020977,2.3463895,2.319121,2.326228,2.169584,2.835694,2.7544591,2.7320068,4.9258842,2.2237327,2.0839958,2.257505,2.262406,2.2534904,2.2075026,3.1435168,3.1928556,2.8707404,2.9762003,2.8078918,3.2080305,2.4184387,2.2746418,2.124783,1.9228777,3.9055748,3.9876297,4.0682945,4.2855797,4.2807775,3.942821,4.091097,4.2364497,4.2927485,4.3600144,3.3731322,2.3545244,3.796496,4.0110483,3.9111915,3.9409735,4.1832204,4.495814,4.481173,4.191744,3.7399871,2.1449897,3.8681679,3.7737997,3.883747,3.9116676,3.7271755,3.9570906,4.8246493,3.5682857,3.0519094,3.344711
6,3.1837554,2.5306516,3.2847724,3.3779247,3.7343616,4.1651425,0.0,2.9412029,3.1914124,2.8889794,3.6886687,3.95553,2.8054428,2.9226913,3.0516229,3.0145335,3.5709805,3.7337344,4.1733036,3.9584672,4.6655407,4.434671,4.034845,3.6013792,3.026972,3.6978304,4.675688,4.5173416,3.7788832,4.3396907,3.470874,3.8351252,4.104969,4.1345267,3.6192176,3.491087,4.390772,4.519987,3.676114,3.7368228,3.9650416,4.090293,3.973225,4.0370374,4.0916505,4.1144576,4.0763125,3.890458,4.9274697,4.6653295,4.075418,4.130655,4.070665,3.9062016,4.142357,4.3458557,5.3820343,5.322565,4.8720713,4.4903474,4.130976,4.0798073,4.122966,4.5593414,3.9456036,3.4068174,3.6615682,3.556493,3.6076775,3.546439,3.6792452,3.8843703,3.239934,3.0450988,3.2124689,3.3574378,4.0834064,3.8580077,3.7762952,4.9040537,3.4377835,3.6528234,3.508881,3.557686,3.5335622,3.502425,3.9382393,4.089906,4.0659056,3.6032448,3.5547912,4.052453,3.4314954,3.360134,4.0458293,3.9747946,4.582536,4.4937754,4.5251865,4.488905,4.5602684,4.4279723,4.657877,4.5682087,4.6193857,4.6648855,4.713263,3.6082568,4.573072,4.958405,4.4987283,4.597061,5.6054206,4.9813776,5.287869,4.9006147,5.019449,3.5719702,5.069472,5.1604085,5.08367,5.1827025,4.882369,4.999993,4.8246164,3.8780951,3.2823234,3.6371868
7,4.2281084,3.6997674,4.343165,4.4591856,4.6992846,4.7830496,2.9412029,0.0,3.279762,2.9026484,3.635213,3.8902102,4.096596,4.0872803,4.1552043,4.0481706,4.573368,4.849795,4.8852863,4.780621,5.3795447,5.190973,4.899115,4.353302,4.2385445,4.7623425,5.4496775,5.3775635,4.557974,6.0436835,4.532142,4.76473,4.7929997,4.8138514,4.509099,4.3990946,4.9522424,5.1051183,4.8965597,4.4805784,4.792501,4.8477793,4.69162,4.8114614,4.8438888,4.8357916,4.811776,4.6720877,5.536469,5.3460045,4.7006607,4.6704926,4.9619236,4.6746483,4.785857,4.6006684,5.124929,5.1111712,5.2242556,4.839199,4.781416,4.888438,4.9049273,5.21328,4.986428,4.4325376,4.7222357,4.6492867,4.622692,4.5480437,4.658651,5.032772,4.463682,4.318915,4.4731455,4.6033206,5.1512275,4.977512,4.859717,5.83658,4.509939,4.613365,4.5505376,4.7597656,4.6289415,4.539956,4.8490157,5.025516,4.9045033,4.436921,3.8544827,4.4117002,4.0102773,4.1928678,4.9268746,4.854464,5.223679,5.2297306,5.0966825,5.1440444,5.292735,5.2049317,5.486373,5.352303,5.176881,5.1286254,5.649636,4.6035376,5.278724,5.5497966,5.1769524,5.3022447,6.1089053,5.5922365,5.7862983,5.3838286,5.403149,4.6007147,5.572143,5.5675225,5.740032,5.788828,5.6754174,5.634075,5.605322,4.8123674,4.3931956,4.892724
8,1.7796562,1.7190048,2.083872,2.1586056,2.4925623,2.6248653,3.1914124,3.279762,0.0,0.46220446,1.1675323,0.9539098,2.7234368,2.7722576,2.9764383,2.788506,2.0324264,2.236206,2.686217,2.380979,3.667176,3.5557785,2.9868648,2.4780161,2.7924404,2.2472003,3.7970228,3.6752656,2.3184714,4.2011104,2.00723,2.0632892,2.8338187,2.8894114,2.017362,1.782384,3.1184778,3.66013,2.5415566,2.148169,2.285616,2.4172225,2.2900586,2.4446635,2.317218,2.362205,2.3843124,2.240015,3.6926117,3.6340504,2.3922963,2.4041953,2.6379147,2.2710156,2.802801,2.954037,4.239089,4.149611,2.8891914,2.5115347,2.7055666,2.7740884,2.9244142,3.2320955,3.1924515,2.4270813,2.953136,2.6138587,2.5192864,2.5065417,2.5456192,2.955295,2.728559,2.5986362,2.6392062,2.6494868,3.6254988,3.508014,3.3983362,5.159263,2.508365,2.5117984,2.3677557,2.554446,2.4873443,2.411678,3.623928,3.8001003,3.3596318,2.6876788,1.573209,2.832305,2.2443607,2.3082175,3.1961057,3.0877078,2.9079072,2.8114252,2.8660955,3.0313008,2.9831576,2.7387323,3.0815766,3.000025,3.0270524,3.0084872,3.7059977,2.1573904,2.9286363,3.6126196,2.8780725,2.9862351,4.4206595,3.5359995,4.079345,3.643827,3.292042,2.208425,3.6163049,3.59149,3.874201,3.9424076,3.6894813,3.8149586,3.671805,3.261589,2.3704622,2.9855554
9,1.9403759,1.7304552,2.2146568,2.3011174,2.662932,2.731895,2.8889794,2.9026484,0.46220446,0.0,1.409865,1.263951,2.6755426,2.6902792,2.883844,2.710991,2.1819448,2.4166074,2.8350897,2.5595336,3.767423,3.6339266,3.0559323,2.47219,2.69215,2.3887794,3.7946835,3.6758273,2.4410615,4.2669716,2.2080684,2.3316946,2.9113166,2.9606187,2.123488,1.925636,3.1607058,3.7245746,2.6342316,2.2379699,2.4869156,2.5715895,2.4282174,2.5757961,2.5530806,2.5325015,2.5440764,2.4208817,3.739364,3.676007,2.5171201,2.5207484,2.8068335,2.3824153,2.8952234,2.9814072,4.204186,4.1103024,3.1394634,2.687092,2.8234336,2.8916485,2.975616,3.3820086,3.2121725,2.4816344,3.013692,2.6911187,2.6027033,2.572188,2.6116014,3.0211911,2.7243443,2.5810308,2.6465507,2.6847394,3.7065797,3.5663135,3.4420958,5.1427426,2.5648327,2.6128292,2.4477527,2.6250854,2.5445397,2.4791322,3.6460335,3.833109,3.3804736,2.7688112,1.8155568,2.911897,2.316713,2.401551,3.2149749,3.110503,3.0480368,2.9618788,2.969922,3.121062,3.1297264,2.8783302,3.2439775,3.148842,3.1323059,3.112967,3.872534,2.353403,3.0543075,3.6711254,2.9914021,3.106099,4.41513,3.6676633,4.145262,3.6604223,3.378025,2.3442864,3.681358,3.6464653,3.8992186,3.9637573,3.706527,3.8257146,3.7561889,3.3425827,2.4778993,3.084408
10,1.5728542,1.7962315,1.7406405,1.8183452,2.0427482,2.4492133,3.6886687,3.635213,1.1675323,1.409865,0.0,1.401516,2.6629946,2.7024367,2.9226236,2.6766028,2.2217221,2.4086406,2.539648,2.3128686,3.3757336,3.3017037,2.870428,2.2594993,3.2464497,2.4167523,3.666502,3.5446365,2.4532442,4.130654,1.6866134,1.6522548,2.99503,3.0625846,2.143997,1.9277126,3.2815723,3.5792093,2.6794581,2.3401177,2.3793883,2.5415478,2.4327722,2.604517,2.4256084,2.4735684,2.4908092,2.372247,3.7674289,3.4970574,2.4096923,2.4071195,2.7350078,2.261243,2.8428044,2.9136176,4.046735,3.9698932,2.6151555,2.4337723,2.7445948,2.8387246,2.981944,3.011629,3.0913992,2.2384105,2.624329,2.513841,2.5144484,2.5226693,2.5386205,2.947167,2.670262,2.6821244,2.6897779,2.695167,3.1534681,3.0979202,2.8605921,4.898723,2.3493595,2.219153,2.397422,2.5879765,2.5212088,2.440414,3.0141134,3.17663,3.230752,2.4948246,1.2830471,2.6281552,1.7311963,1.852812,3.0451179,2.9305794,3.630251,3.568925,3.5970132,3.7361207,3.7143877,3.5122879,3.701696,3.7178571,3.7363627,3.715703,3.7060654,2.0556893,3.6405947,4.2110333,3.5993905,3.6385846,4.896176,4.1231165,4.6038613,4.212533,3.9258077,2.1447163,4.20306,4.1769238,4.4441996,4.4869857,4.2835326,4.4038014,4.267006,2.849428,2.1841974,2.8720558
11,2.041153,2.2424624,2.4948325,2.539284,2.7417495,2.734227,3.95553,3.8902102,0.9539098,1.263951,1.401516,0.0,3.1721878,3.1828496,3.4147131,3.1879342,2.1201646,2.3551996,2.5367272,2.5120685,3.529696,3.4553459,3.1562593,2.6261024,3.1548176,2.287328,3.9170537,3.8034315,2.253457,4.2903433,2.2092118,2.0919473,2.9082804,2.9701064,2.0713634,1.8084449,3.172147,3.8284018,2.5554063,2.1984286,2.3002253,2.4129345,2.3231306,2.4858775,2.3279963,2.365235,2.4061363,2.3168435,3.6923652,3.7724228,2.3944557,2.387692,2.671463,2.2176223,2.8698792,2.9452426,4.1622624,4.0543866,2.6619778,2.3073568,2.7254424,2.8229375,2.9735546,3.0569046,3.256592,2.6845295,3.2782352,2.8686502,2.7501519,2.757872,2.7740772,3.1412954,3.1025937,3.0091941,3.0193768,2.994418,4.0453844,3.956885,3.7954578,5.5411296,2.8420763,2.773145,2.6315508,2.798782,2.7212024,2.691079,4.05595,4.205794,3.5796757,2.925392,1.9100527,3.060812,2.5955505,2.6662958,3.3957021,3.2853153,2.6288755,2.5591154,2.5981553,2.8421912,2.8175066,2.546851,2.922368,2.8012843,2.8123276,2.7829676,3.979042,2.3248103,2.7403424,3.5019448,2.7200742,2.8199015,4.143336,3.2531257,3.891543,3.384405,3.0187492,2.3930943,3.3820696,3.3383093,3.6615214,3.7202578,3.5412917,3.6054437,3.4928024,3.532771,2.6042273,3.1006954
12,1.7390058,1.5964175,1.8178852,1.8645052,2.7703886,3.3324783,2.8054428,4.096596,2.7234368,2.6755426,2.6629946,3.1721878,0.0,0.8574402,1.2838047,0.79960907,2.208866,2.4347787,3.128727,2.558776,3.9530387,3.7424603,2.808997,2.344893,2.7175074,2.3758445,3.484447,3.362647,2.7841837,3.0614924,2.0040226,2.2384214,3.1548412,3.1971714,2.3941855,2.3579304,3.9411983,4.1246963,2.4562645,2.656169,2.6674657,2.9187186,2.7983832,2.9506633,2.9058368,2.9501815,2.9313316,2.6983323,3.9714987,3.552108,2.7834272,2.8689857,2.8590605,2.5651066,3.0899813,3.3399515,4.3613334,4.3495665,3.6206996,3.2403677,2.569836,2.4469354,2.4672034,3.547747,3.1593914,2.2054698,2.3698092,2.3751657,2.6912396,2.714983,2.5937557,2.7711549,2.2579281,2.537384,2.5165586,2.6022875,3.0816069,2.9606142,2.5302317,4.472703,2.423307,2.457492,2.3729625,2.3290694,2.4184995,2.3721974,2.6898057,2.8842483,3.1100512,2.534138,2.710005,3.2078438,2.299088,2.1901267,3.1494133,3.036237,3.9380746,3.8998833,3.946815,3.6071794,3.977856,3.7633238,3.8963716,3.9821925,4.129477,4.1899104,3.946705,2.4064646,3.9928777,4.595296,3.954359,3.856695,5.048335,4.250566,4.775985,4.331829,4.3564816,2.2219276,4.4084144,4.5203824,4.57059,4.618324,4.3822665,4.4831614,4.380312,2.798813,2.0649226,2.658748
13,1.8778448,1.7543639,1.9419512,1.9749055,2.8654783,3.0071182,2.9226913,4.0872803,2.7722576,2.6902792,2.7024367,3.1828496,0.8574402,0.0,0.63710845,0.34123206,2.367369,2.4148753,2.906867,2.5032141,3.8281515,3.6150541,2.8476715,2.1654873,2.7689786,2.4872415,2.9688,2.82653,2.6725645,3.268399,2.2065833,2.4318542,3.265081,3.302356,2.1334405,2.1258755,3.762804,4.0937185,2.306533,2.5202413,2.685428,2.6573012,2.521729,2.6863227,3.037223,2.6958256,2.6777372,2.692253,3.4720635,3.0450666,2.5336583,2.5993962,2.8803582,2.306471,2.8763964,3.103795,4.1927695,4.1126943,3.6324618,3.1808815,2.5510273,2.400009,2.350231,3.5490608,2.8647225,2.160057,2.0266247,2.0650704,2.3935008,2.3945684,2.264488,2.4731872,1.9049594,2.2259915,2.1990762,2.2696981,2.8249185,2.682833,2.230533,4.341665,2.0920386,2.1130326,2.0720334,2.0295544,2.0987282,2.036388,2.3843353,2.5834029,2.615669,2.3978806,2.829783,3.1131744,2.1115456,2.0257006,2.6144125,2.4788482,4.0445595,4.0561404,4.0529795,3.75247,4.117499,3.901458,4.0257115,4.1244655,4.235223,4.307861,3.9534068,2.4092426,3.9442692,4.375445,3.9323714,3.8408768,4.8589787,4.412031,4.8138437,4.368578,4.24106,2.0696843,4.222655,4.333412,4.455967,4.491374,4.2710743,4.3933153,4.6347146,3.0760367,2.4283676,3.0007744
14,2.277293,2.1275322,2.1822193,2.205088,3.2059867,3.1482296,3.0516229,4.1552043,2.9764383,2.883844,2.9226236,3.4147131,1.2838047,0.63710845,0.0,0.7430676,2.76772,2.7248836,3.162991,2.6972325,4.098866,3.902868,3.2159965,2.5215003,3.0867896,2.873573,3.1019926,2.9705284,2.979797,3.668965,2.5790715,2.7787075,3.6043773,3.6338954,2.401678,2.384208,4.079699,4.431972,2.6098986,2.789021,2.9221637,2.8067665,2.6732595,2.8362777,3.287563,2.8393524,2.8000557,2.902093,3.515777,3.0724854,2.7263062,2.7783766,3.1265154,2.5712326,3.1261945,3.329631,4.2780595,4.2071214,3.8814032,3.419586,2.7222862,2.563613,2.57919,3.8282905,2.9610174,2.3500285,2.0000756,2.0854578,2.427339,2.429724,2.302311,2.4934087,1.9362229,2.2398846,2.2058737,2.2769392,2.6501226,2.5049126,2.250889,4.465137,2.131652,2.1542287,2.0888164,2.0756524,2.1414182,2.031065,2.3258195,2.5257807,2.600957,2.5530732,2.9541402,3.2083473,2.1606357,2.0908291,2.5752978,2.432288,4.2508187,4.2735405,4.237283,3.9245307,4.2924504,4.0953174,4.131457,4.3236136,4.4234505,4.4971,3.7851756,2.4844713,4.0659485,4.4882774,4.0588717,3.9296844,4.9333854,4.5788107,4.8719516,4.5608463,4.318657,2.1514769,4.261997,4.3618364,4.5958395,4.6292534,4.3807797,4.5438113,4.886377,3.3007603,2.7134178,3.2931426
15,1.9136952,1.8040378,1.9502195,1.9838455,2.8891091,3.0323336,3.0145335,4.0481706,2.788506,2.710991,2.6766028,3.1879342,0.79960907,0.34123206,0.7430676,0.0,2.3632023,2.434102,2.9781237,2.4580247,3.9180343,3.7118075,2.81728,2.1609654,2.7817729,2.489425,2.9972625,2.8723698,2.7716184,3.3071961,2.2199686,2.4350703,3.2414658,3.2786915,2.202808,2.2201352,3.778736,4.1329103,2.382794,2.5495589,2.723478,2.741938,2.6103637,2.7805274,3.0715685,2.780371,2.76207,2.7430694,3.5383563,3.1018791,2.5808794,2.6395302,2.9060833,2.3377364,2.9001648,3.1098077,4.1934557,4.131877,3.6377344,3.1873474,2.555463,2.413632,2.3394153,3.6065812,2.9448123,2.1809766,2.1090114,2.1558702,2.4849854,2.4936905,2.374799,2.5642283,2.038934,2.3473568,2.3333428,2.4028618,2.868221,2.7350292,2.3144133,4.4024434,2.2364557,2.2585366,2.180375,2.1589146,2.2197235,2.1347613,2.4648705,2.6546235,2.7682712,2.5012043,2.8400538,3.159894,2.1606839,2.0904346,2.739412,2.602063,4.0473003,4.0755744,4.062847,3.7325184,4.1516147,3.9226806,4.043426,4.169213,4.2652082,4.3345757,3.9087958,2.4626431,4.012703,4.4479485,3.9985392,3.892115,4.8625484,4.4119153,4.76893,4.3399997,4.255322,2.1618726,4.255847,4.3452396,4.4570436,4.487186,4.2873983,4.3880863,4.6399574,3.0535042,2.4150975,2.9780076
16,1.2998024,1.5176526,1.8338249,1.817908,2.0392377,2.5618246,3.5709805,4.573368,2.0324264,2.1819448,2.2217221,2.1201646,2.208866,2.367369,2.76772,2.3632023,0.0,1.0227644,2.0141716,1.3754522,3.2680755,3.136537,1.6340351,2.0044842,1.741563,0.42274874,2.8662107,2.7805042,1.8290623,2.5108817,1.2509772,1.4867524,1.6876552,1.7498796,1.2037212,1.4225546,2.386966,3.0302284,1.2209085,1.2719069,1.4069787,1.7967684,1.7517067,1.8666016,1.6662759,1.8659561,1.9319639,1.6718981,3.0189772,2.949099,1.6899335,1.7908238,1.6113714,1.3908514,2.0906549,2.448606,4.0416937,3.9304042,2.773648,1.8450373,1.9946686,1.90301,1.83963,2.7496493,3.270454,2.5554721,2.938047,2.6117554,2.6802423,2.6746347,2.657534,2.820464,2.7461274,2.79963,2.7926986,2.745186,3.6340935,3.5202003,3.3231764,5.053054,2.6819365,2.7152572,2.5090084,2.4016142,2.4685156,2.4797454,3.6728213,3.7955415,3.4783533,2.8244066,2.7545755,3.5326042,2.823233,2.6952755,3.3461723,3.218072,2.9522934,2.8487356,2.974885,2.9652102,3.1691835,2.8214395,3.093807,3.1155107,3.2359238,3.2746806,3.6807284,2.2314692,3.185179,3.85503,3.195792,3.1538024,4.600924,3.5925107,4.240765,3.8231897,3.6437879,2.2338543,3.8721964,3.924798,3.99059,4.0618706,3.7815075,3.931528,3.788631,3.3195024,2.3696816,2.789016
17,1.533057,1.7844499,1.9819621,1.949321,2.137903,2.0907767,3.7337344,4.849795,2.236206,2.4166074,2.4086406,2.3551996,2.4347787,2.4148753,2.7248836,2.434102,1.0227644,0.0,2.0372927,1.2920847,3.4190662,3.309492,1.8486934,2.1036067,2.0225835,1.0895878,2.5272236,2.4131415,2.0795548,3.0065043,1.5374143,1.7367368,2.0535738,2.1169,1.1099658,1.3370613,2.2381454,3.1685805,1.4055992,1.3433433,1.6057782,1.6462885,1.6074331,1.7502937,1.9851398,1.7129979,1.7936715,1.8258681,2.6379013,2.5999067,1.6840776,1.8005948,1.714399,1.296817,2.0262737,2.7854264,4.691122,4.5403523,3.0024972,2.2808444,2.2920241,2.094238,2.0067854,3.0219617,3.0948126,2.5111468,2.7349813,2.399835,2.437654,2.4524064,2.4703496,2.5988977,2.5244787,2.552207,2.540175,2.4626763,3.3705566,3.2504826,3.1338062,5.0357695,2.5135138,2.5405474,2.290408,2.222202,2.3363848,2.2465158,3.5385435,3.6464436,3.3158035,2.9380453,2.7288136,3.4750736,2.803325,2.6009257,3.0279262,2.881701,3.075634,3.0320115,3.2686007,3.1841803,3.3165185,2.9512522,3.2007103,3.3015306,3.5310433,3.6130354,3.469039,2.2559888,3.1824229,3.6894526,3.2546756,3.2176006,4.397396,3.7351615,4.2180057,3.8352418,3.5255308,2.1443174,3.705121,3.722699,3.8435717,3.9062283,3.6548738,3.8338544,4.0336065,3.4667702,2.636709,3.0389042
18,2.0485408,2.3279257,2.5935602,2.5655065,2.3347702,2.4828024,4.1733036,4.8852863,2.686217,2.8350897,2.539648,2.5367272,3.128727,2.906867,3.162991,2.9781237,2.0141716,2.0372927,0.0,2.112352,1.8004062,1.7311141,2.251011,2.3762643,2.739628,2.0142064,2.739125,2.6074135,1.6780422,3.1184282,2.026655,2.1758213,2.3007324,2.3429637,1.4910222,1.6190077,2.358979,2.7572198,1.6188076,1.6395378,1.8060864,1.6726325,1.6817127,1.7666122,2.1390958,1.7820764,1.8551024,2.0366988,2.5375633,2.498181,1.7033356,1.7477361,1.9385978,1.4861951,2.0887394,2.3711658,3.755795,3.5423875,2.7650962,1.8628136,2.3467774,2.2763057,2.28537,1.725053,3.0745518,3.0164726,3.0131984,2.8494396,2.9415221,2.8880475,2.9965158,3.151377,3.0583067,3.0876656,3.1119149,3.0083866,3.4230974,3.3031738,3.2399316,5.163335,2.8601215,2.6996539,2.897699,2.8473291,2.8565414,2.8413846,3.4634855,3.509091,3.4175043,3.0559587,3.0733414,3.7564893,2.8886523,2.7625184,3.19891,3.0652611,4.0056376,3.9916813,4.0621786,4.16855,4.278232,4.036809,4.241123,4.226562,4.308769,4.3450403,4.0701756,2.5590873,4.0627823,4.4249735,4.1334724,4.1537843,5.208553,4.585339,5.01936,4.7831345,4.4335885,2.6095574,4.5482273,4.5935163,4.8194704,4.889443,4.688608,4.8071795,4.9614563,3.7180016,3.0507236,3.5014396
19,1.7261196,1.8906473,1.8183274,1.7557743,2.0135174,2.0647376,3.9584672,4.780621,2.380979,2.5595336,2.3128686,2.5120685,2.558776,2.5032141,2.6972325,2.4580247,1.3754522,1.2920847,2.112352,0.0,3.68935,3.6051893,2.068145,2.3032045,2.3874004,1.4328307,2.5527382,2.479091,2.2553372,3.0148375,1.6758229,1.7886363,2.4077623,2.4584007,1.4555999,1.679161,2.5725975,3.1872818,1.6894184,1.7766591,1.7256609,1.8029964,1.7927033,1.9036595,2.158294,1.8814266,1.944435,1.9963232,2.7105703,2.491114,1.7550757,1.8286653,1.9234344,1.6553987,2.0689943,2.38815,4.11209,3.9640262,2.7181807,2.0232818,2.331478,2.2030175,2.3356476,3.321783,3.4388387,2.716404,2.643276,2.4144304,2.489137,2.476217,2.544454,2.733257,2.6690383,2.687099,2.6974874,2.5818424,3.0040152,2.9413254,3.0204122,4.7680492,2.565269,2.4769168,2.398075,2.3341012,2.356967,2.3121088,3.3983798,3.4794717,3.074347,2.6450956,2.8434882,3.4447746,2.6397347,2.5119019,2.9859545,2.8125446,3.3430164,3.3396657,3.367812,3.4099603,3.5361073,3.3179052,3.2674775,3.5361018,3.583575,3.625152,2.761326,2.1367805,3.3811483,3.8141916,3.427288,3.300162,4.738268,3.8549602,4.1650996,4.148889,3.770698,2.2146144,3.8756063,3.9868956,4.1983423,4.2602477,3.98563,4.1916857,4.373777,3.5473034,2.787274,3.2014043
20,3.0189912,3.2978327,3.5249977,3.5281541,3.1689427,3.7183313,4.6655407,5.3795447,3.667176,3.767423,3.3757336,3.529696,3.9530387,3.8281515,4.098866,3.9180343,3.2680755,3.4190662,1.8004062,3.68935,0.0,0.34673768,3.1027524,3.167789,3.695249,3.2366762,3.8516104,3.7130506,2.7452083,3.664933,2.9082444,3.089724,3.0865061,3.1200209,2.8920066,2.9107535,3.3439221,3.3167455,2.8222442,2.8143604,3.0306497,3.062158,3.0762298,3.1145515,3.0992513,3.1085653,3.1181412,3.144151,3.7662334,3.652817,3.0327325,3.0445888,3.0863655,2.7496824,3.3342087,3.509629,4.2282186,4.0812902,3.7220042,3.0141432,3.3122616,3.323464,3.2034428,1.1368587,3.4239585,3.7011666,3.8595774,3.8488953,3.9667428,3.922831,4.0331626,4.0954156,3.9591613,3.9934115,4.024991,3.9884589,4.123758,3.9909997,3.8450725,5.8112264,3.741756,3.6501422,3.952828,3.9159164,3.9378676,3.923042,3.8865604,3.8955986,4.518598,4.066468,3.7771194,4.550294,3.6488686,3.5379527,4.182949,4.104324,5.2251997,5.155196,5.2496,5.3689327,5.4602456,5.1977544,5.4965606,5.389213,5.4940004,5.522265,5.2993526,3.5396633,5.3483024,5.746723,5.385546,5.4622293,6.2600474,5.7967215,6.2476645,5.872032,5.6973515,3.6362355,5.8628836,5.814996,5.939606,6.0095434,5.808051,5.9087744,5.8234305,4.0033827,3.5620875,3.9436257
21,2.876683,3.1161675,3.4160411,3.4261644,3.1127033,3.6892753,4.434671,5.190973,3.5557785,3.6339266,3.3017037,3.4553459,3.7424603,3.6150541,3.902868,3.7118075,3.136537,3.309492,1.7311141,3.6051893,0.34673768,0.0,2.981823,3.0776134,3.5069432,3.104698,3.749015,3.6075718,2.6166577,3.5109797,2.8071487,3.012051,2.9719055,3.0053644,2.7711434,2.7805722,3.2750785,3.255721,2.6776397,2.6930547,2.896742,2.9327796,2.938357,2.9843445,2.97521,2.9826884,2.9883916,3.0006466,3.666502,3.5399241,2.8958435,2.9116182,2.9503431,2.6399236,3.1785781,3.3595905,4.1092615,3.9682496,3.6529167,2.9214468,3.1403904,3.1507454,3.0537229,1.1119598,3.3805733,3.6222057,3.7333918,3.7147021,3.8404813,3.7908566,3.9040117,3.9749656,3.796313,3.839295,3.875435,3.853373,4.0673733,3.923277,3.719539,5.6947875,3.6094341,3.5457869,3.8174887,3.7796998,3.7989306,3.7878034,3.7738912,3.7924516,4.387955,3.9270391,3.6929164,4.477111,3.5324106,3.425028,4.0795007,3.9999604,5.102024,5.0347767,5.126538,5.2210946,5.3396006,5.07889,5.38313,5.2657857,5.369675,5.399933,5.290731,3.4593859,5.229606,5.6285706,5.2605147,5.3336654,6.1782427,5.67237,6.1863694,5.7655606,5.5890307,3.5301976,5.745664,5.7111793,5.8423214,5.9158688,5.723832,5.809655,5.71681,3.9406672,3.4771712,3.8719285
22,2.2317102,2.3561947,2.5957863,2.5944397,2.5469491,3.03251,4.034845,4.899115,2.9868648,3.0559323,2.870428,3.1562593,2.808997,2.8476715,3.2159965,2.81728,1.6340351,1.8486934,2.251011,2.068145,3.1027524,2.981823,0.0,2.292483,1.6508788,1.5320625,2.2539158,2.3152251,2.4406657,2.6775014,1.9957403,2.442692,1.0911,1.1428101,1.8941903,2.3825178,1.9514403,2.4542334,1.8406494,1.3864857,1.9799145,2.1749125,2.1578746,2.2408152,2.1830962,2.2635822,2.2907772,2.1913097,2.6987967,2.4753194,1.918894,1.9506464,1.8929311,1.6810448,2.2103484,2.6247482,4.0797267,3.9835417,3.6005387,2.1756392,2.2631629,2.1937044,1.6533351,2.7325218,3.861976,3.399,3.4779966,3.3930812,3.4956696,3.467233,3.4926383,3.586366,3.3650236,3.4932594,3.485788,3.4926612,3.9019244,3.7647758,3.5532374,5.251813,3.3507135,3.4875875,3.3813088,3.2662685,3.3630147,3.278837,3.7656014,3.854395,4.149052,3.6289933,3.614388,4.2614765,3.482365,3.3740938,3.9779873,3.861171,4.3865085,4.2898803,4.37655,4.3551807,4.549734,4.2571993,4.447081,4.5220165,4.594419,4.6247067,4.4958186,3.2548254,4.536922,4.9886684,4.544027,4.481303,5.6957836,4.979359,5.477106,5.0782857,4.888366,3.241869,5.075887,5.0877085,5.185571,5.230993,4.979899,5.136752,5.023392,3.8649254,3.3156784,3.7195895
23,1.7657577,2.0107803,2.0575125,2.0764515,2.2273996,2.1388075,3.6013792,4.353302,2.4780161,2.47219,2.2594993,2.6261024,2.344893,2.1654873,2.5215003,2.1609654,2.0044842,2.1036067,2.3762643,2.3032045,3.167789,3.0776134,2.292483,0.0,2.6391158,2.1162777,2.5299895,2.371433,2.14126,3.3105228,1.8265069,2.086007,2.758485,2.8237305,1.6800027,1.9003733,2.6801918,3.1384294,2.0645978,2.0202768,2.901582,2.8174043,2.7150338,2.8095794,3.1996593,2.8521018,2.9032369,2.973273,3.4228072,3.1992543,2.6252625,2.6420474,3.0628712,1.7531035,2.9443424,3.0808206,4.4124517,4.206898,3.5630991,3.0025365,3.1664264,3.0874538,2.4647393,3.126759,2.1883721,1.6952103,2.7122984,2.667099,2.7664182,2.7824755,2.6832507,2.9314787,2.6748023,2.7876327,2.7771926,2.7492204,3.3384569,3.2239912,2.8953846,4.237153,2.5470846,2.4261353,2.6307652,2.5959978,2.6382174,2.5968912,3.0984542,3.229747,2.901575,2.6160715,2.9349174,2.7203631,2.5201552,2.4534998,2.783243,2.675076,4.0451703,4.0336113,4.0184536,4.046014,4.1001196,3.8929527,4.2237115,4.092483,4.1326056,4.197063,4.125136,2.619777,3.9276009,4.212149,3.944714,4.0398784,4.5413375,4.578385,4.461145,4.0105534,4.2329597,2.4308083,4.278502,4.369494,4.0492387,4.0381136,3.7948964,3.9541006,4.2363124,2.8192458,2.1433816,2.4925017
24,2.505903,2.2290394,2.8953905,2.9176538,3.0691721,3.307444,3.026972,4.2385445,2.7924404,2.69215,3.2464497,3.1548176,2.7175074,2.7689786,3.0867896,2.7817729,1.741563,2.0225835,2.739628,2.3874004,3.695249,3.5069432,1.6508788,2.6391158,0.0,1.6866324,2.7964475,2.8023903,2.5577044,2.888003,2.5027895,2.9632468,1.545341,1.5556912,2.0571163,2.436868,2.2262928,2.9765964,1.9129323,1.6361905,2.2746377,2.4192622,2.3628972,2.4324455,2.499753,2.5310478,2.5343304,2.4135976,2.9682128,2.984599,2.2986403,2.347424,2.2026868,2.1027043,2.5148494,2.8746536,4.3300986,4.225118,4.0379815,2.655151,2.5388615,2.439,2.0537994,3.3274975,3.9134777,3.4870617,3.6909032,3.4220433,3.4564497,3.4005923,3.4728613,3.565435,3.299157,3.2692866,3.3278835,3.3681762,4.263999,4.0567083,3.975043,5.3981867,3.435981,3.6843102,3.3331983,3.2186458,3.2848618,3.2318623,4.2552996,4.3736143,4.1813874,3.7046466,3.7655814,4.3823266,3.7174435,3.601464,4.0512376,3.9254854,3.7927763,3.6847901,3.7453907,3.7196062,3.9716933,3.6623201,3.921273,3.9487112,3.990319,4.0321565,4.438393,3.323215,3.977035,4.478664,3.9710872,3.9402616,5.1716332,4.4243274,4.9012046,4.48889,4.3642564,3.2879617,4.5238957,4.5580006,4.604933,4.682006,4.380142,4.530693,4.461608,4.1755357,3.389467,3.7168534
25,1.4528939,1.6970942,1.9460315,1.9244796,2.1452954,2.6275811,3.6978304,4.7623425,2.2472003,2.3887794,2.4167523,2.287328,2.3758445,2.4872415,2.873573,2.489425,0.42274874,1.0895878,2.0142064,1.4328307,3.2366762,3.104698,1.5320625,2.1162777,1.6866324,0.0,2.7325718,2.6469371,1.95318,2.3289654,1.361216,1.5893556,1.6356847,1.6967963,1.1965371,1.4400752,2.3143716,3.0975242,0.99662066,1.2131095,1.3399417,1.6921145,1.6872872,1.786614,1.6242652,1.763459,1.8123217,1.6227762,2.8463771,2.7975688,1.569408,1.6591462,1.5065022,1.2861432,1.9886663,2.3483467,3.9762788,3.8607697,2.7966628,1.7433074,1.9074343,1.8199948,1.7808994,2.7328882,3.3049748,2.708877,2.9520361,2.6048348,2.6564004,2.6455407,2.6608021,2.7599263,2.7460737,2.7797716,2.7765632,2.7354457,3.6698432,3.551496,3.350697,5.1922164,2.6962013,2.8045695,2.522245,2.3903508,2.4534233,2.4757364,3.732805,3.8358145,3.5783896,2.980191,2.9578438,3.782895,2.931386,2.8033574,3.3639028,3.2368002,2.9932377,2.8887532,2.9957895,3.0164962,3.2601585,2.8700738,3.105705,3.1882203,3.2914202,3.3375368,3.7658749,2.3270252,3.2439425,3.8902977,3.253307,3.1796248,4.6201468,3.6844826,4.382101,3.925332,3.6716938,2.319969,3.909131,3.9209986,4.01795,4.0960817,3.8110592,3.9772165,3.88702,3.4919786,2.5747762,2.9175072
26,3.1334412,3.25646,3.2744784,3.2443132,3.366767,2.6192846,4.675688,5.4496775,3.7970228,3.7946835,3.666502,3.9170537,3.484447,2.9688,3.1019926,2.9972625,2.8662107,2.5272236,2.739125,2.5527382,3.8516104,3.749015,2.2539158,2.5299895,2.7964475,2.7325718,0.0,0.40748176,3.1000884,3.6824644,3.1330342,3.418887,2.9351585,2.9537468,2.160286,2.6643612,2.366853,3.3980439,2.3711178,2.2585437,3.0398393,2.4717674,2.4431643,2.5212412,3.5079465,2.5554504,2.594598,3.146614,1.6849897,1.4571477,2.2946045,2.2674856,3.0008495,1.9889224,2.5477238,2.8841805,4.483917,4.213117,4.2305913,3.0847278,3.1735125,3.0086987,2.4322085,3.8504536,3.6483648,3.6298575,3.2548616,3.2353725,3.3082612,3.2584221,3.2590408,3.3290443,3.1758487,3.3289,3.302062,3.2489061,3.7038555,3.568632,3.3896685,5.086271,3.214603,3.3249853,3.2561052,3.1296036,3.1933756,3.093966,3.6317384,3.6857936,3.494306,3.7891552,4.347445,4.4005184,3.6543186,3.5703423,3.2035298,3.056525,4.913638,4.960397,4.9369564,4.9131722,5.124799,4.8494654,4.9687095,5.1137524,5.1295304,5.207681,4.6397905,3.7166,4.713131,4.6998367,4.7835307,4.7138453,5.3480844,5.5438623,5.646638,5.2899404,4.853463,3.4208767,4.838016,4.8573823,4.995731,4.9985485,4.802808,5.0138125,5.75301,4.6694984,4.2352996,4.5628133
27,2.9468586,3.0893571,3.0819023,3.0505967,3.1643274,2.394157,4.5173416,5.3775635,3.6752656,3.6758273,3.5446365,3.8034315,3.362647,2.82653,2.9705284,2.8723698,2.7805042,2.4131415,2.6074135,2.479091,3.7130506,3.6075718,2.3152251,2.371433,2.8023903,2.6469371,0.40748176,0.0,2.9986777,3.5670712,2.9765315,3.2433646,3.0045366,3.0273876,1.9955187,2.4466827,2.352592,3.411042,2.2113008,2.2296412,2.98294,2.3940015,2.3664858,2.4413087,3.4537833,2.459502,2.5032184,3.0779312,1.7316386,1.4677113,2.2342868,2.2172177,2.9665673,1.873437,2.4687762,2.8290288,4.498711,4.213786,4.074787,3.063687,3.1642401,2.993383,2.4877,3.750228,3.3483312,3.375059,2.9782984,2.95551,3.0244074,2.9709888,2.987759,3.04745,2.9141324,3.0438304,3.0258007,2.9560795,3.4695306,3.3296056,3.1308346,4.933366,2.939903,3.0523224,2.9978852,2.8730946,2.928107,2.8377924,3.4112353,3.456167,3.259372,3.601146,4.172488,4.2377486,3.425531,3.328032,2.8917809,2.739185,4.7701254,4.8285565,4.8150897,4.8032346,5.00586,4.714319,4.864312,4.986064,5.0125656,5.0999846,4.4991565,3.5070648,4.567581,4.5251527,4.64126,4.59834,5.195771,5.4475794,5.5486035,5.1660795,4.713138,3.190003,4.7010994,4.7062654,4.8062406,4.8167925,4.6216483,4.836381,5.6319404,4.4947386,4.043539,4.352847
28,1.9480828,2.083626,2.5903766,2.5958774,2.7215927,2.9549289,3.7788832,4.557974,2.3184714,2.4410615,2.4532442,2.253457,2.7841837,2.6725645,2.979797,2.7716184,1.8290623,2.0795548,1.6780422,2.2553372,2.7452083,2.6166577,2.4406657,2.14126,2.5577044,1.95318,3.1000884,2.9986777,0.0,3.2392104,2.0737517,2.2618153,2.3527637,2.414671,1.6224555,1.7425828,2.635208,2.4492548,1.7758293,1.679959,2.1712782,2.1487925,2.087258,2.1850064,2.336959,2.2046347,2.2767103,2.3027313,3.2029698,3.224268,2.252738,2.2890246,2.4636066,1.8439239,2.497209,2.6648684,3.9598103,3.7885196,3.0712829,2.390466,2.501693,2.4574625,2.2616947,2.4896216,3.1511118,2.818663,3.2896001,3.0510204,3.0893102,3.0740902,3.0963469,3.4546707,3.2212443,3.2473047,3.2156806,3.1527774,3.8900425,3.7734149,3.5989435,4.302602,2.965698,2.7868316,2.9376361,2.9476314,2.966399,2.926388,3.8068078,3.9281034,2.873184,2.2435374,2.9887204,2.842273,3.0017662,2.9329531,3.4209425,3.2881005,3.5304854,3.4519374,3.4448607,3.542009,3.3009298,3.4439561,3.65139,3.3007536,3.3822598,3.4255044,4.1868324,2.6253445,3.2365766,3.7035437,3.2558231,3.4119353,5.039137,3.9603121,4.299994,4.1691847,4.0847487,2.7228515,3.9973135,4.4098,4.3332443,4.389412,4.153737,4.245562,3.877088,3.588335,2.6762338,3.0796258
29,2.791722,2.976821,3.0521433,3.0077102,3.0148737,4.0854073,4.3396907,6.0436835,4.2011104,4.2669716,4.130654,4.2903433,3.0614924,3.268399,3.668965,3.3071961,2.5108817,3.0065043,3.1184282,3.0148375,3.664933,3.5109797,2.6775014,3.3105228,2.888003,2.3289654,3.6824644,3.5670712,3.2392104,0.0,2.6291356,2.8347218,3.069945,3.0952997,2.966916,3.1057851,3.8091846,3.9216566,2.2549982,3.0968115,2.9177024,3.2891881,3.3419588,3.3239958,3.09317,3.3716226,3.3819346,3.1396124,4.0701656,3.8018289,3.154783,3.2529511,2.873729,2.9910831,3.3790023,3.4389417,4.3022523,4.21053,3.9187868,3.131576,3.1422975,3.0363915,3.0885377,3.4146094,4.135783,3.7622135,3.684131,3.5729249,3.7670906,3.7429316,3.7542007,3.6553245,3.6303291,3.7688997,3.755313,3.727817,4.2022862,4.1140995,3.8029523,5.3962016,3.6656518,3.7851634,3.7079706,3.4174833,3.5029926,3.6563559,4.161142,4.168668,4.37309,3.788158,4.4970536,5.019079,3.9874854,3.8044608,4.275646,4.194043,4.52895,4.4277606,4.459451,4.479343,4.7671247,4.4881053,4.533671,4.617793,4.693007,4.753148,4.7558126,3.4293368,4.7933793,5.3751764,4.791345,4.6741586,5.966941,4.982357,5.745662,5.3757463,5.29748,3.4783192,5.38776,5.494729,5.390608,5.4893436,5.202573,5.3625216,5.0777726,4.06747,3.446652,3.4806268
30,0.584686,1.2413034,1.0657424,1.0733696,1.2791822,2.3598235,3.470874,4.532142,2.00723,2.2080684,1.6866134,2.2092118,2.0040226,2.2065833,2.5790715,2.2199686,1.2509772,1.5374143,2.026655,1.6758229,2.9082444,2.8071487,1.9957403,1.8265069,2.5027895,1.361216,3.1330342,2.9765315,2.0737517,2.6291356,0.0,0.6246562,2.3527734,2.4268935,1.5422542,1.4632715,2.921024,3.2051034,1.6462475,1.8290334,1.7509907,2.1284971,2.0881915,2.1676078,1.8981014,2.123819,2.1528347,1.8575242,3.431281,3.1013944,2.0144374,2.1020904,1.9704784,1.6779039,2.4712589,2.793667,4.141975,4.0497184,2.629721,2.180046,2.301483,2.256158,2.3512444,2.5401032,2.7810755,1.9367682,2.2758508,2.15258,2.2866957,2.3100178,2.3016648,2.4936435,2.295195,2.3899562,2.3665192,2.3437881,2.823442,2.7554576,2.4755619,4.692407,2.0924814,2.0543287,2.1447573,2.0930693,2.1672115,2.1556518,2.7947521,2.896475,3.1893792,2.4167628,2.0671036,3.082072,1.996892,1.842787,2.9109352,2.829786,3.540145,3.4306161,3.5585566,3.6114032,3.6769218,3.3833356,3.5465484,3.6179707,3.76281,3.8004284,3.4773388,1.6795871,3.6621606,4.319902,3.6549385,3.626773,4.924561,4.0580826,4.652158,4.261549,4.0803013,1.7691858,4.3023343,4.3191595,4.3980536,4.4668474,4.181633,4.366365,4.138144,2.4372373,1.6879617,2.234163
