,0,1,2,3,4,5,6,7,8,9,10,11,12,13,14,15,16,17,18,19,20,21,22,23,24,25,26,27,28,29,30,31,32,33,34,35,36,37,38,39,40,41,42,43,44,45,46,47,48,49,50,51,52,53,54,55,56,57,58,59,60,61,62,63,64,65,66,67,68,69,70,71,72,73,74,75,76,77,78,79,80,81,82,83,84,85,86,87,88,89,90,91,92,93,94,95,96,97,98,99,100,101,102,103,104,105,106,107,108,109,110,111,112,113,114,115,116,117,118,119,120,121,122,123,124,125,126,127
0,0.0,0.2793637,1.6307987,1.5958186,1.7873485,2.1808503,1.4774667,1.2598095,2.677577,2.3699849,2.4729784,3.3363056,3.3118312,3.1182096,2.4982097,3.3379471,2.6795278,2.6562612,2.0294664,2.0072365,2.544541,2.362646,2.5131145,2.634911,2.2646573,2.2385561,1.6102344,2.0138817,1.7921368,2.0664244,2.1282954,2.5131063,1.4106936,2.2129736,2.1848173,1.606182,1.6408942,1.983159,1.3676662,1.2362965,1.6862973,1.5317417,1.8763369,1.5739452,1.6011982,2.4454927,1.3437438,1.7874713,1.8432928,1.971978,1.9895527,1.9446788,2.1135292,2.1211405,1.9341644,1.9893008,1.8177737,2.5340292,2.598165,1.9627763,2.2340138,2.4507494,2.7269576,2.49316,2.0599422,2.2801676,2.2897243,2.0732179,1.6521935,1.5336876,1.7413012,1.5808301,1.4004704,1.5286443,1.3951901,1.3879582,1.9431717,1.2836324,2.1098506,1.5334637,2.1175082,2.5059776,1.8321403,1.6527152,2.4842708,2.8904142,2.3850691,2.323954,1.4551734,1.5411968,1.7428002,1.6983024,4.2343087,4.2012835,4.466049,4.4854574,1.4473621,1.5230129,1.9180545,1.754801,1.8399469,1.5226334,1.4483397,2.2482376,2.6675754,2.4403105,2.7065141,2.7028039,2.265665,2.4169128,2.2059777,2.1512318,0.9542284,1.4751074,2.3721435,2.0392606,1.6500945,1.7841315,0.8557193,1.5718399,1.241034,1.3523222,2.3984058,1.793594,1.7960943,2.091915,2.9754512,2.6366978
1,0.2793637,0.0,1.3956195,1.361556,1.5680075,1.9810847,1.4831969,1.2209525,2.453765,2.1533802,2.2706413,3.197796,3.2017252,2.9996545,2.3486927,3.2564628,2.673591,2.6514924,2.071054,2.0452902,2.5642116,2.3470097,2.5053694,2.650056,2.2363026,2.200849,1.5998015,1.9846363,1.7598445,2.0444207,2.0888705,2.4875257,1.4158075,2.2415178,2.1572235,1.6011124,1.6336043,2.0055606,1.4109713,1.2261194,1.7047399,1.5402977,1.8633525,1.5513815,1.6429918,2.4979296,1.3817908,1.7896336,1.8916252,2.013698,2.033539,1.9871019,2.1528137,2.160881,1.9852343,2.0327387,1.782628,2.5246408,2.6271844,1.9859767,2.2493455,2.4583488,2.727478,2.4957879,2.0435956,2.2765548,2.283386,2.1004434,1.6579504,1.519594,1.777994,1.6980218,1.4277682,1.5176113,1.3572826,1.3542095,2.0623639,1.2854593,2.0765364,1.5008628,2.1017394,2.5552602,1.8443502,1.6376406,2.435073,2.8803875,2.4629471,2.4124157,1.42924,1.5129079,1.7239742,1.6739124,4.148474,4.1141343,4.4036193,4.419292,1.4200066,1.4931773,1.8782094,1.707667,1.8188041,1.503337,1.4045631,2.1927648,2.6529293,2.421573,2.70067,2.6952822,2.2434077,2.3409278,2.1721323,2.1263056,0.9687736,1.4896302,2.3988526,2.0390186,1.6353971,1.8026522,0.8590813,1.5920377,1.2442803,1.3999221,2.345973,1.7949818,1.8038977,2.041882,2.9333594,2.5838797
2,1.6307987,1.3956195,0.0,0.46666837,1.052399,1.5945619,2.3770752,1.5163566,2.091784,1.9766666,2.2042341,3.2191863,3.2486246,3.100915,2.1485083,3.3847334,3.0831676,3.0663762,2.6538801,2.6347723,2.8527043,2.826629,3.1043103,3.0442643,2.704193,2.5611436,2.1879208,2.5846539,2.5544813,2.6791334,2.424653,2.7651465,2.1558104,2.670899,2.8395903,2.2483296,2.2557023,2.4430137,2.1020045,1.9486257,2.2858539,2.2761676,2.6253948,2.2928352,2.2308497,2.787701,2.168129,2.5578575,2.3777504,2.5214243,2.543479,2.4966412,2.6463983,2.6518824,2.5264983,2.5365014,2.3691359,2.86809,3.097906,2.4844131,2.7347362,2.888889,3.0970147,2.869885,2.4529567,2.7198625,2.5256112,2.533221,2.0763927,1.9892962,2.350105,2.7180583,2.1896474,2.167756,2.007935,2.013738,2.947817,2.0562441,2.3557208,1.9970239,2.5744042,2.625324,2.2914257,2.4373186,2.6859396,2.912789,3.2080812,3.1859531,1.9977192,2.0402365,2.1600285,2.074801,4.166261,4.1040025,4.3610983,4.370974,1.8283452,1.9605008,2.3189561,2.0378048,2.3668613,2.154364,1.9385959,2.7890341,3.2317367,3.0307589,3.291891,3.2419665,2.8376288,2.7260392,2.7763689,2.7763298,1.776782,2.1401415,2.8160381,2.4487844,2.1693602,2.233874,1.7388974,2.1014628,2.0100803,2.1245828,2.8389778,2.3328807,2.5509722,2.6923301,3.2859957,3.1751118
3,1.5958186,1.361556,0.46666837,0.0,0.9336233,1.6679615,2.287463,1.4807849,2.0692263,1.9005737,2.1180112,3.2015202,3.3095632,3.0818756,2.1599698,3.4270878,3.0495574,2.9954026,2.5385697,2.5355992,2.8946645,2.841536,3.035838,3.1768103,2.7045393,2.592641,2.247721,2.5822437,2.4046621,2.507139,2.4560208,2.791618,2.2907379,2.8255079,2.9272459,2.3683712,2.3869097,2.6386733,2.2844834,2.126704,2.3402145,2.3567977,2.6891394,2.4063725,2.2996583,2.919387,2.280276,2.6208,2.4639342,2.5688162,2.6216044,2.592585,2.7206192,2.727046,2.5123405,2.5904365,2.4843223,2.9309607,3.1671853,2.6247075,2.8194764,2.960065,3.129996,2.9047534,2.5513978,2.8184066,2.6307817,2.5771616,2.1256475,1.9755417,2.4209638,2.7133958,2.2504823,2.162795,2.0331044,2.0350804,2.9840627,2.1111243,2.3812628,2.0867395,2.6401517,2.7289574,2.3826132,2.4727116,2.680158,2.9591656,3.221645,3.1963775,2.0830643,2.1222184,2.2114027,2.157975,4.229335,4.1937,4.4285913,4.4331727,1.9298567,2.032852,2.3734193,1.9312704,2.4086826,2.2348151,2.002377,2.8304431,3.280415,3.0967727,3.3786118,3.328478,2.9626002,2.7609837,2.8474047,2.8437142,1.8269209,2.1367037,2.9115026,2.5598352,2.200921,2.3203783,1.8803205,2.202839,2.0743074,2.2846575,2.8917694,2.423884,2.570002,2.701492,3.3345556,3.1367302
4,1.7873485,1.5680075,1.052399,0.9336233,0.0,1.3734024,2.2372444,1.7103817,1.8982488,1.6323811,1.8914089,2.8864489,3.0437195,2.8036296,2.1305742,3.2261403,3.1220522,3.089899,2.6338456,2.6582625,3.0076694,3.0329187,3.1616943,3.3811572,2.838556,2.4988465,2.272681,2.6130311,2.2947383,2.4909325,2.5939715,2.610419,2.240906,2.7178967,2.8314118,2.1478257,2.2039237,2.512959,2.3697538,2.1901896,2.3537648,2.3140314,2.6196024,2.330203,2.3907323,3.0864933,2.3277957,2.5928,2.548994,2.6029918,2.68948,2.6491253,2.751527,2.7650368,2.544608,2.613238,2.4312942,2.771275,3.0168114,2.6492202,2.76383,2.8737192,3.2125523,2.9145682,2.5765483,2.7545574,2.8302426,2.6603487,2.3287666,2.0921435,2.43395,2.7552435,2.3194566,2.1115344,2.0146177,1.9836047,2.987637,2.169491,2.5438733,2.1870186,2.7034683,3.0122132,2.4319444,2.296947,2.8376133,3.1719291,3.1922255,3.1870732,1.7069875,1.7040366,2.21679,2.1942368,4.214066,4.2104006,4.4654694,4.466346,2.1365612,2.2152016,2.4586225,2.153802,2.110742,2.2327108,2.1514118,2.7223592,2.9419935,2.9547832,3.2143924,2.9842057,2.88178,2.713778,2.7508295,2.7398741,1.9248376,1.8293865,2.684112,2.642055,2.0520227,2.159446,2.0090015,2.3499963,2.1550696,2.3909562,2.7648325,2.4122956,2.6597116,2.7264154,3.3455386,3.1232262
5,2.1808503,1.9810847,1.5945619,1.6679615,1.3734024,0.0,2.3862448,2.1233063,2.1712031,2.0278578,2.2876232,3.132122,3.1853163,3.0253384,2.8861167,3.7774966,3.278666,3.3612716,2.9425108,2.984468,3.655356,3.1702092,3.7220619,3.676708,2.6405647,2.3622422,2.0289123,2.427425,2.6028264,2.7796977,2.3910916,2.4217978,2.0288832,2.7807279,2.658999,1.9524978,2.0274029,2.4417896,2.239203,2.0596354,2.1218626,1.9094806,2.3956132,2.0494204,2.4153366,2.9785056,2.1562722,2.4050605,2.6318948,2.506871,2.6032896,2.5821722,2.5768661,2.5981221,2.5887094,2.5119166,2.1312747,2.570098,2.863958,2.4921541,2.6179738,2.7106297,2.9813042,2.7436838,2.6269085,2.933122,2.8860867,2.7747138,2.6561341,2.136609,2.19609,2.5036242,1.9246899,1.6759487,1.5193864,1.4997734,2.6862838,1.7546984,2.1311948,1.7168591,2.6575193,3.2418733,2.4518473,2.274835,2.852978,3.2380307,3.134054,3.1678975,1.7001332,1.7035702,2.1632419,2.1796427,4.152354,4.1674905,4.454355,4.485618,1.9512732,2.0029156,2.2447357,2.0304706,1.573515,1.9125314,1.9808253,2.5698268,2.8318574,2.8066118,3.0518913,2.8758814,2.5904243,2.50714,2.6200273,2.6159334,1.9523597,1.9062961,2.6932018,2.6123126,1.8202794,2.192089,2.0782924,2.4155033,2.0343122,2.2205374,2.8206348,2.4072106,2.7204483,2.7781096,3.4131806,3.323076
6,1.4774667,1.4831969,2.3770752,2.287463,2.2372444,2.3862448,0.0,2.5241172,2.3321037,2.118365,2.1017048,3.1002743,3.1404588,2.8998413,2.4374156,3.3064275,3.4765227,3.469919,2.8596256,2.853503,3.546561,3.2751486,2.5435834,3.2762084,3.0296922,2.9683144,2.521532,2.4019656,0.8457306,1.2834709,2.9412985,3.1698728,1.9107674,2.6250587,1.4540595,2.0648146,2.124518,2.9353142,2.2874439,1.9799385,2.6347208,1.9844513,1.3141534,1.4080293,2.7841866,3.3298876,1.9206239,1.3108298,3.0255394,3.0246642,3.0973685,3.056213,3.128082,3.143894,2.9949465,3.0343444,2.4407687,3.2693503,3.324341,2.9507823,2.9832442,3.195262,3.3385072,3.1560462,3.1064107,3.2655058,3.2913668,2.9603896,2.8654943,2.6867552,2.680483,1.8533251,1.9910073,2.0603073,1.9013119,1.8817879,2.2750378,1.8183013,2.9379044,2.3922753,2.535187,2.9534044,2.7140715,1.1943486,2.3848553,3.7615612,2.2455587,2.2387345,1.818499,1.877117,2.0673234,2.069491,4.3283577,4.3591948,4.9918084,5.0044174,2.0182543,2.0568373,2.3409634,2.1395137,2.038254,1.9405353,1.8858615,2.579318,2.930569,2.803211,3.0843792,2.975369,2.5791395,2.7436748,2.5572627,2.4969099,1.715606,1.8892597,2.7306294,2.5409994,2.061479,2.7280788,1.792973,2.7654867,1.9374161,2.0283866,2.7194173,2.2553618,2.3163815,1.863213,3.7230153,3.0366547
7,1.2598095,1.2209525,1.5163566,1.4807849,1.7103817,2.1233063,2.5241172,0.0,3.2367446,2.7678604,2.9489663,3.5766943,3.6376708,3.3392532,3.0193987,3.7168934,2.7188668,2.6769075,1.774528,1.8073418,2.619271,2.384212,3.344797,3.1191854,2.2878263,2.1780958,1.6466825,2.413402,2.7448893,2.8339407,2.0618687,2.3655005,2.0446024,2.665806,3.197331,2.0969622,2.1205332,1.9652287,1.5753307,1.8170538,1.4100714,1.8554317,2.7614753,2.4429882,1.3363287,2.3256993,1.8498235,2.6816664,1.4018055,1.446101,1.4119523,1.4164268,1.6367346,1.6367507,1.3350644,1.4742535,2.1444006,2.4733787,2.6261358,1.9668396,2.34813,2.4886198,2.8703015,2.6151042,2.0351086,2.2648475,2.2583103,2.1707697,1.6493509,1.2802262,1.5729679,2.1870744,1.5968375,1.5960054,1.6680447,1.6589456,2.2831228,1.5831218,1.9338757,1.4412473,2.3908677,2.6463897,1.8690836,2.523491,2.9283342,2.5059266,2.9077168,2.868946,1.846892,1.8982592,2.0204904,1.9637526,4.69958,4.630531,4.606628,4.6272383,1.8896523,1.8688343,2.340448,2.034766,2.125261,2.093708,1.9496274,2.8167183,2.905985,2.7347116,2.975202,2.9543061,2.7520878,2.7088478,2.6980212,2.6427765,1.5158626,1.828233,2.723527,2.406007,1.9965285,1.6591116,1.5304215,1.5150728,1.8380678,1.9383376,2.7386549,2.131529,2.2299821,2.9140246,3.0384257,3.1093197
8,2.677577,2.453765,2.091784,2.0692263,1.8982488,2.1712031,2.3321037,3.2367446,0.0,1.4423493,1.5618075,2.8669145,2.9537709,2.9198112,2.0875747,3.269869,3.8083954,3.81039,3.8389623,3.80065,3.8973489,3.7708642,3.0963848,3.7622159,3.5791633,3.4661784,3.2393873,3.1155322,2.1761515,2.5995886,3.4774203,3.686831,2.8339,3.3755622,2.5430758,2.8849328,2.927178,3.5774782,3.3295746,2.8322418,3.5524757,3.1546037,2.7514405,2.5447283,3.6267142,4.1512957,3.1333997,2.781225,3.850826,3.9505143,4.0194545,3.9569008,4.041556,4.0575376,3.9589021,3.9565992,3.0926082,3.7495227,3.9899616,3.6478164,3.651154,3.781735,3.9758255,3.797774,3.45803,3.6718843,3.6641152,3.5075169,3.3827302,3.3061612,3.546852,3.3934588,3.2527828,3.1674345,2.8486404,2.8489528,3.8428254,3.0350652,3.5800993,3.182794,3.413485,3.9408329,3.360003,2.585651,3.1760528,4.302521,3.8164299,3.8272996,2.6666424,2.6838422,3.0479698,3.032313,3.7342694,3.7742527,4.5281243,4.5012145,2.8368208,2.9968774,3.035086,2.8909492,2.95744,2.7826414,2.8173158,2.894922,3.5522137,3.4474983,3.717829,3.5953631,3.2887378,3.200743,3.14771,3.1893747,2.717341,2.8394759,3.3617537,3.2602878,2.888782,3.4059036,2.7482986,3.4088576,2.8284912,3.045069,3.3319268,3.2441697,3.3227546,2.6964545,3.9693813,3.3000128
9,2.3699849,2.1533802,1.9766666,1.9005737,1.6323811,2.0278578,2.118365,2.7678604,1.4423493,0.0,0.40302816,2.045958,2.6494255,2.1589649,1.8259217,2.6585722,3.8197243,3.804857,3.3466518,3.327335,3.7795994,3.696826,2.996466,3.66571,3.386309,3.2529237,2.9917233,3.0238338,2.0618837,2.4036634,3.2720563,3.4879606,2.6989734,3.4935453,2.4488108,2.7563934,2.8219783,3.436082,2.9921935,2.733453,3.2119746,2.800411,2.3508804,2.3683422,3.2724557,4.125055,2.8140023,2.499703,3.5077286,3.554059,3.6205587,3.5720103,3.6201603,3.631711,3.534628,3.5528374,2.9801323,3.625933,3.8493338,3.477984,3.4914575,3.631584,3.8955054,3.6929781,3.3445604,3.5559187,3.7297807,3.5932984,3.214578,3.1345136,3.349373,3.243575,2.8685384,2.7663116,2.6372607,2.6290257,3.4602659,2.6999815,3.4399912,2.9847028,3.1714313,3.7867384,3.1020803,2.0738897,3.2682078,4.334305,3.4115222,3.4459424,2.4452577,2.4714715,2.7822316,2.7543812,4.5589266,4.580962,5.197762,5.1767983,2.8964303,2.83124,3.1588266,2.9651554,2.829357,2.7402248,2.6059487,2.938871,3.4230561,3.3280268,3.544306,3.4231198,3.2106109,3.0786533,3.1563785,3.1350057,2.5312285,2.6471255,3.490728,3.4026992,2.8177116,3.2827551,2.5575557,3.2708,2.704313,2.9176097,3.1750486,3.0281363,3.1101618,2.6999545,3.935725,3.3468058
10,2.4729784,2.2706413,2.2042341,2.1180112,1.8914089,2.2876232,2.1017048,2.9489663,1.5618075,0.40302816,0.0,1.9618146,2.6205986,2.092613,1.7650003,2.5430732,3.984581,3.9601848,3.4689856,3.4352958,3.920843,3.8215406,2.9578588,3.7789352,3.5512993,3.445086,3.1416361,3.1477396,1.9851023,2.3291888,3.4496565,3.704235,2.7875104,3.6114702,2.3928602,2.890253,2.9519074,3.6220005,3.0956717,2.8605509,3.3564146,2.8987582,2.3030972,2.3931098,3.4142108,4.264395,2.8888936,2.4706705,3.6466684,3.7065446,3.7792583,3.72626,3.7645557,3.775285,3.6820836,3.7027862,3.0786157,3.7775092,3.9899716,3.63187,3.6039855,3.7484274,4.0016794,3.811458,3.5204008,3.6834247,3.894365,3.7534554,3.3622842,3.3321538,3.5146208,3.3217173,2.9963956,2.9010804,2.7823057,2.7780209,3.5048227,2.827404,3.6255686,3.1681511,3.1932106,3.8835847,3.2812715,2.025124,3.2560024,4.4549046,3.4241872,3.4581237,2.601041,2.633396,2.8707576,2.8544579,4.655283,4.693615,5.349978,5.3285785,3.0203965,2.9297833,3.2421563,3.0939202,3.003251,2.867704,2.702962,3.0071054,3.4531336,3.3359404,3.5682862,3.4706633,3.2297957,3.103453,3.1791506,3.1499617,2.6557677,2.7800186,3.6235569,3.4513628,2.9903598,3.477035,2.6850507,3.4372544,2.834844,3.0676038,3.1549547,3.0963118,3.0935867,2.6017625,4.022056,3.3637142
11,3.3363056,3.197796,3.2191863,3.2015202,2.8864489,3.132122,3.1002743,3.5766943,2.8669145,2.045958,1.9618146,0.0,1.7038656,0.648828,2.77458,1.7671335,4.639357,4.604093,3.8682528,3.8494084,4.622638,4.5435424,3.885109,4.5258074,4.1495314,4.0951633,3.6347184,3.884286,2.9525537,3.2720017,4.182941,4.342015,3.452458,4.1825686,3.2797728,3.4853442,3.6317253,4.103859,3.5489907,3.5954688,3.7852306,3.4530125,3.0877833,3.149162,3.8568573,4.6484714,3.4908872,3.2261887,3.9751294,4.040111,4.056505,4.025253,3.990206,3.9998417,4.0356293,4.0138774,3.7165813,4.2216907,4.4135246,4.149178,4.124128,4.210548,5.0602036,4.844897,4.0367317,4.1890974,4.4177527,4.251785,4.0670314,4.03879,3.974877,3.9158065,3.587961,3.5099344,3.4749982,3.4605646,3.7932777,3.4480884,4.670965,3.7777183,3.89951,4.436522,3.802882,2.8501978,4.068969,4.994014,4.124861,4.1676497,3.1949065,3.2166045,3.5211275,3.5342638,5.556517,5.5706425,6.1441164,6.116093,3.7618902,3.7088645,4.0503197,3.9138577,3.6901948,3.646047,3.6331205,3.7631197,3.3050466,3.268098,3.3411553,3.232514,3.7865603,3.6947749,3.8365126,3.778386,3.2830985,3.3096032,4.035081,3.9707088,3.7049515,4.0673065,3.4667785,4.0869904,3.5741115,3.7162347,3.88199,3.8144138,3.7139823,3.4801896,4.698312,4.21284
12,3.3118312,3.2017252,3.2486246,3.3095632,3.0437195,3.1853163,3.1404588,3.6376708,2.9537709,2.6494255,2.6205986,1.7038656,0.0,1.7499049,2.8869584,2.2807748,4.085034,4.064489,3.8467672,3.7883105,4.407112,4.377509,3.8097522,4.268247,4.00972,3.9628105,3.5176094,3.710948,2.9779215,3.6766636,4.098504,4.255444,3.2696316,3.595549,3.0841036,3.2393825,3.3940678,3.862343,3.298894,3.3336065,3.6450248,3.2658157,2.979903,2.9988153,3.6382232,3.9795992,3.226602,2.9972785,3.7794902,3.871625,3.9083982,3.8750715,3.8661785,3.884069,3.9141643,3.85926,3.5937169,4.076649,4.28412,4.0041957,3.9709942,4.0682616,4.951586,4.7317204,3.5096705,3.750758,3.6594844,3.4798357,3.9321334,3.9325683,3.8076484,3.7366762,3.3935678,3.3845425,3.34899,3.347564,3.6427596,3.3282895,4.5882583,3.657016,4.2523932,4.3682556,3.7865682,2.9374795,4.1482973,4.982767,4.3131404,4.3078017,3.0704834,3.1062667,3.8550546,3.8758955,5.7732067,5.8015823,6.307388,6.2954493,3.3277183,3.7939808,3.7105014,3.6376982,3.5188131,3.3577397,3.782805,3.2190163,3.1139345,3.092803,3.0244892,2.8970854,3.580459,3.6667678,3.6065996,3.597962,3.115745,3.1888733,3.1927,3.5161524,3.5317924,3.8926857,3.2929468,3.8969812,3.4763677,3.4050136,4.151478,3.9553056,3.6164153,3.4011455,4.5766425,3.8990905
13,3.1182096,2.9996545,3.100915,3.0818756,2.8036296,3.0253384,2.8998413,3.3392532,2.9198112,2.1589649,2.092613,0.648828,1.7499049,0.0,2.8493173,1.8453344,4.522095,4.485666,3.6078613,3.5941,4.547745,4.4088326,3.8760624,4.489222,4.0167255,3.9864655,3.471367,3.747018,2.766104,3.0080576,4.031358,4.224895,3.3086252,4.0753922,3.2283463,3.37972,3.513067,3.9517863,3.3291938,3.4219308,3.542837,3.2438304,2.9931126,3.0214272,3.6712809,4.441499,3.3315377,3.1183996,3.7286305,3.7821088,3.7759783,3.75088,3.7324426,3.7416482,3.7588353,3.7503915,3.5989556,4.1089926,4.2985897,3.9912026,3.994038,4.0907555,4.971533,4.759877,3.9379199,4.0225163,4.2844543,4.092849,3.9207208,3.843628,3.7088702,3.6405053,3.331051,3.2915516,3.243621,3.2296276,3.5236464,3.1829019,4.5060153,3.5230322,3.6909273,4.166839,3.5738423,2.757825,3.8554437,4.7388573,3.8212686,3.8761728,3.0171065,3.0414886,3.2297368,3.2355506,5.451783,5.4421525,5.9975505,5.973532,3.5722423,3.490984,3.9400988,3.723857,3.51013,3.4674828,3.4385664,3.7803555,3.0683484,2.985821,3.07317,2.9951122,3.5991185,3.5860724,3.6496365,3.5809782,3.0423532,3.1138659,3.9296021,3.8177102,3.5369182,3.8831258,3.2706668,3.9041672,3.4311087,3.537593,3.7185435,3.5437617,3.604571,3.4382415,4.6475377,4.202681
14,2.4982097,2.3486927,2.1485083,2.1599698,2.1305742,2.8861167,2.4374156,3.0193987,2.0875747,1.8259217,1.7650003,2.77458,2.8869584,2.8493173,0.0,2.2217333,4.0047464,3.9548867,3.5250137,3.4443097,3.0955257,3.7586234,2.3031256,3.0832043,3.7555428,3.5268257,3.3622537,3.3204715,2.38681,2.61345,3.5818348,3.7800217,2.9189682,3.3456953,2.66804,2.9446483,3.0087123,3.5653584,3.1377652,2.9101508,3.653438,3.2801104,2.5937445,2.6514394,3.4331145,3.9136927,2.9256804,2.623636,3.5915275,3.873282,3.958319,3.9037368,3.9862046,3.9897554,3.880059,3.8943121,3.2281055,3.823474,4.0072823,3.6313062,3.6449187,3.7962248,4.1334286,3.8164716,3.5956082,3.707152,3.7327528,3.6257834,2.953598,3.3749647,3.8226242,3.667479,3.3355694,3.2914224,3.21845,3.2032151,3.7379887,3.187355,3.904989,3.4948068,3.169173,3.1864212,3.3915927,2.361643,3.0389688,4.1438813,3.416202,3.373171,2.695088,2.7221215,2.9451044,2.9143004,4.665549,4.6957965,5.2572765,5.270414,2.811849,2.8703654,3.0580995,2.9787025,3.3469894,2.9348338,2.701632,3.1937387,3.563833,3.4798915,3.7316976,3.583684,3.3861504,3.38897,3.3417618,3.3221734,2.7120323,2.7875063,3.4543066,3.170214,2.9675453,3.3979378,2.6700976,3.349014,3.0646787,3.160794,3.2631438,3.0997128,3.056032,2.6408725,3.8522704,3.4096684
15,3.3379471,3.2564628,3.3847334,3.4270878,3.2261403,3.7774966,3.3064275,3.7168934,3.269869,2.6585722,2.5430732,1.7671335,2.2807748,1.8453344,2.2217333,0.0,4.742239,4.6999135,3.9594345,3.886461,3.9321582,4.5321636,3.2977774,3.9386287,4.3643856,4.234866,3.8523822,4.083464,3.1733718,3.4213867,4.3595304,4.517049,3.5552206,4.23076,3.470227,3.5872793,3.7331789,4.094205,3.6167123,3.65762,4.123146,3.8522274,3.3090818,3.3312247,3.9271061,4.6463466,3.618638,3.4188793,3.9684832,4.2774606,4.2912645,4.250155,4.262743,4.2636266,4.2949553,4.2612205,3.8618743,4.332243,4.486481,4.182742,4.1977954,4.29572,5.237558,4.9101844,4.15905,4.2127957,4.4999485,4.343169,3.7187886,4.134015,4.2955146,4.2127767,3.9382925,3.9338245,3.8874416,3.8645704,4.005379,3.8018055,4.980668,4.1164293,3.8327081,4.084562,3.8064272,3.001293,4.1247673,4.953639,4.0625515,4.056496,3.3296423,3.3498216,3.573434,3.5711856,5.4674983,5.471829,5.9875636,5.9879723,3.8258393,3.7386265,4.128579,4.053645,4.080128,3.7462893,3.637311,3.9318588,3.3803222,3.334416,3.432399,3.3212922,3.8740609,3.9615471,3.9284174,3.8715124,3.319699,3.343091,4.1187935,3.9676635,3.7703834,4.0828943,3.4604647,4.0472116,3.7854555,3.8459687,3.9257882,3.8223045,3.7536068,3.5604572,4.5830917,4.246583
16,2.6795278,2.673591,3.0831676,3.0495574,3.1220522,3.278666,3.4765227,2.7188668,3.8083954,3.8197243,3.984581,4.639357,4.085034,4.522095,4.0047464,4.742239,0.0,0.35774845,2.1267006,2.040321,2.5779965,1.9858102,3.1695247,2.8752007,1.7136195,1.8738219,2.3960135,1.9782214,3.428413,4.089759,1.9483371,2.250641,2.9185584,3.0357687,3.6840796,2.655449,2.5596285,2.6660454,2.9278073,2.5316331,2.511287,2.7671897,3.5547488,3.3604789,2.2841372,2.797368,2.757321,3.4103966,2.373053,2.3896232,2.5417168,2.563604,2.661485,2.6717439,2.4051404,2.5006418,2.6313827,2.6064894,2.848911,2.5717163,2.7098536,2.7849545,3.13002,2.949759,1.7040505,2.1113265,1.9396895,1.8043437,2.416011,2.13621,2.6898339,2.7857554,2.7081842,2.6150723,2.6095684,2.6282632,3.6409426,2.7528424,2.7676501,2.6202374,3.9137378,4.2589936,2.4410334,3.6485436,4.2046514,3.832108,4.116637,4.0477858,2.7857876,2.8448822,3.6754863,3.7316902,5.0593023,5.134123,4.955289,4.941192,2.6560571,3.2631617,2.8834364,2.8021674,2.7744672,2.3484602,3.1695886,2.3022802,3.3592875,3.2225902,3.3720336,3.3756254,3.1990166,3.2783964,3.003692,3.0428038,2.9284174,3.0276308,2.981434,3.4245207,2.5197861,2.3624284,2.481398,2.0731528,2.89014,3.0354908,3.8718255,3.442227,3.1671019,3.582237,2.654637,2.1509378
17,2.6562612,2.6514924,3.0663762,2.9954026,3.089899,3.3612716,3.469919,2.6769075,3.81039,3.804857,3.9601848,4.604093,4.064489,4.485666,3.9548867,4.6999135,0.35774845,0.0,2.057811,1.9710842,2.544921,2.0018663,3.1071925,2.9283552,1.8365171,2.015556,2.4960992,2.0845325,3.3885405,4.0464025,2.0814555,2.3926938,3.0238628,3.0881493,3.759477,2.772178,2.6873198,2.7957692,3.002415,2.634261,2.5858545,2.8614063,3.618714,3.4482179,2.3410878,2.845532,2.8312907,3.465452,2.4282174,2.4506328,2.593151,2.6214604,2.7355306,2.7445912,2.4201708,2.5649495,2.7573593,2.7468224,2.975737,2.6993203,2.8336556,2.9087937,3.2552013,3.0793622,1.8069005,2.1843078,1.9749823,1.823639,2.441142,2.1765828,2.776224,2.8618476,2.7873683,2.6908133,2.7046175,2.7219372,3.7003088,2.829296,2.8809988,2.7176561,3.9607213,4.2576213,2.5584307,3.694502,4.186809,3.824911,4.161874,4.0862136,2.8660517,2.9248524,3.7214613,3.7739289,5.147659,5.215259,5.0444193,5.024279,2.7103226,3.3210275,2.931935,2.7954295,2.8965545,2.481988,3.2405233,2.4076202,3.4118245,3.276937,3.4303815,3.4392784,3.3139932,3.335871,3.0850976,3.1197355,2.9605353,3.0693326,3.038123,3.442891,2.6241362,2.4625926,2.5447853,2.1658514,2.9499657,3.1100972,3.9005177,3.495996,3.165793,3.5873263,2.721064,2.1470761
18,2.0294664,2.071054,2.6538801,2.5385697,2.6338456,2.9425108,2.8596256,1.774528,3.8389623,3.3466518,3.4689856,3.8682528,3.8467672,3.6078613,3.5250137,3.9594345,2.1267006,2.057811,0.0,0.2630218,2.5658417,2.0850928,2.9722824,2.9142969,1.6996764,1.7283033,2.0933053,1.8425044,2.9454029,3.108687,1.7083385,1.972465,2.680573,3.0916617,3.477937,2.4627478,2.388058,2.5158265,2.4260595,2.3505754,1.9252543,2.2440064,3.0567966,3.0325751,1.8640697,2.7385693,2.268334,2.9552321,1.6880851,1.6153853,1.7352878,1.8237392,1.8851238,1.8767554,1.4960039,1.7464657,2.4632356,2.4838607,2.6511889,2.3250837,2.531585,2.636819,3.2639396,3.0189757,2.4539244,2.5140815,2.715686,2.528362,2.180784,1.8260859,2.3199863,2.2969577,2.0894608,1.9692649,2.193511,2.1776962,2.9214468,2.0860353,2.7172437,2.1877224,2.936737,3.1923723,1.9141514,3.0664163,3.3800364,3.069,3.0173542,2.9904442,2.2507858,2.305735,2.5297098,2.5807695,5.1848736,5.2032523,5.134674,5.1290007,2.4333467,2.448549,2.7952366,2.4465094,2.4430768,2.2342885,2.3995895,3.0766048,2.8185842,2.6765232,2.954548,2.9175127,2.981637,2.94423,2.924268,2.8369277,2.473027,2.4913716,3.3356433,3.2559981,2.1317217,2.0203714,2.092695,1.9125154,2.6459694,2.8715322,3.1833663,2.504608,2.6846745,3.2841334,2.8448331,2.814679
19,2.0072365,2.0452902,2.6347723,2.5355992,2.6582625,2.984468,2.853503,1.8073418,3.80065,3.327335,3.4352958,3.8494084,3.7883105,3.5941,3.4443097,3.886461,2.040321,1.9710842,0.2630218,0.0,2.4716244,1.9747046,2.852749,2.8164995,1.6789734,1.7426049,2.1018283,1.8080586,2.9040043,3.1085463,1.6978593,2.0420632,2.6579754,3.084808,3.4289005,2.4640114,2.3798075,2.5245013,2.3989413,2.306419,1.9564099,2.2552228,3.021296,3.0056434,1.8585808,2.735012,2.2433925,2.9201603,1.6715013,1.657111,1.7681628,1.8427961,1.9283022,1.9187003,1.5583906,1.7896723,2.4215856,2.5105176,2.6944418,2.329941,2.5292509,2.6432323,3.2653158,3.0231977,2.404666,2.4561706,2.6666424,2.4947271,2.1367586,1.8650237,2.3621595,2.3214045,2.106037,2.0183585,2.2209795,2.212548,2.954322,2.1035829,2.7525053,2.2172232,2.918598,3.2294059,1.9263917,3.041773,3.359469,3.0828924,3.0233119,2.9916031,2.272517,2.3348868,2.562766,2.6095338,5.1573014,5.176683,5.1223974,5.11461,2.4156644,2.456161,2.7661965,2.4753485,2.5012498,2.2081497,2.3975658,2.995512,2.8060226,2.6280637,2.9264035,2.9139824,2.9387054,2.9359963,2.8793046,2.7950711,2.4623504,2.5252202,3.3317828,3.2136285,2.164247,2.057954,2.0349238,1.879187,2.6632266,2.8736935,3.1490202,2.518303,2.6163316,3.2037013,2.7367916,2.67139
20,2.544541,2.5642116,2.8527043,2.8946645,3.0076694,3.655356,3.546561,2.619271,3.8973489,3.7795994,3.920843,4.622638,4.407112,4.547745,3.0955257,3.9321582,2.5779965,2.544921,2.5658417,2.4716244,0.0,2.2883701,2.3951273,1.697515,2.6659186,2.370614,2.8919194,2.7281919,3.6258945,3.9271991,2.6504428,2.6566775,3.0943751,3.1930518,3.8644252,2.782172,2.7656128,2.5836136,2.9794958,2.6633193,3.1773114,3.3865473,3.6762173,3.487307,2.6220121,3.159736,2.9751961,3.572465,2.6088796,3.012473,3.0377889,3.0472162,3.2577608,3.2488918,3.0616655,3.1189806,2.9375365,3.0691223,3.180447,2.7650065,3.1378717,3.2345686,3.7307649,3.2952626,2.6512458,2.8212886,2.8668368,2.8126945,1.7147032,2.3720644,3.3497295,3.5009892,3.2290401,3.2488987,3.2707558,3.2445674,3.881037,3.2078688,3.3615594,3.1184819,3.412198,3.4362593,2.6545148,3.5647523,3.87879,3.478881,3.834648,3.7227843,2.794458,2.8153307,3.3253927,3.287193,4.767317,4.7246947,4.6161504,4.652844,2.8472567,3.0173976,2.9769733,2.9747715,3.2849135,2.8015606,2.9087527,3.0865228,3.4934776,3.4786875,3.7044432,3.5792897,3.530976,3.5918834,3.4035263,3.3982596,2.8682406,2.8681462,3.3728085,3.3807142,2.5588171,2.3931901,2.4416826,2.2767134,3.1226754,3.145223,3.5967362,3.2176354,3.1114745,3.537118,2.664888,2.8223271
21,2.362646,2.3470097,2.826629,2.841536,3.0329187,3.1702092,3.2751486,2.384212,3.7708642,3.696826,3.8215406,4.5435424,4.377509,4.4088326,3.7586234,4.5321636,1.9858102,2.0018663,2.0850928,1.9747046,2.2883701,0.0,2.8520246,2.4549584,1.4563628,1.6541568,2.2124627,1.6178911,3.279263,3.5644524,1.6312747,2.0472674,2.7084246,2.9334536,3.4670916,2.4657507,2.3728268,2.4132526,2.6323912,2.1898072,2.3293629,2.5920167,3.2583973,3.1305406,2.2384312,2.860931,2.4513972,3.1255972,2.2647727,2.2830737,2.2257984,2.2518806,2.518001,2.5080864,2.3858402,2.4549742,2.0068114,2.6185725,2.7786808,2.2491765,2.6670644,2.773688,3.1091685,2.9497182,2.3702571,2.6669319,2.6135342,2.6030934,2.2240336,1.9569988,2.6632795,2.7013726,2.4835522,2.5076957,2.5201259,2.5297022,3.4749014,2.419705,2.6047394,2.27784,2.7837048,3.894651,2.6146085,3.3724577,3.153347,2.757306,3.4185522,3.345178,2.615357,2.677773,2.9169078,2.9026747,4.3312087,4.281446,4.2790036,4.256955,2.4915464,2.510049,2.2421384,2.68379,2.6395736,2.3138816,2.4964733,2.5394783,3.0981708,2.912809,3.3619118,3.4023242,3.0683663,3.116689,2.9873354,2.942759,2.7649255,2.9347017,3.4662607,2.9116037,2.3100276,2.1681674,1.9903446,1.8214989,2.6973848,2.8713331,2.8530812,2.8377368,2.256948,2.8218539,1.3993058,1.6827136
22,2.5131145,2.5053694,3.1043103,3.035838,3.1616943,3.7220619,2.5435834,3.344797,3.0963848,2.996466,2.9578588,3.885109,3.8097522,3.8760624,2.3031256,3.2977774,3.1695247,3.1071925,2.9722824,2.852749,2.3951273,2.8520246,0.0,1.9263821,2.9622533,2.985281,3.3041937,2.4811065,2.4822118,2.874656,3.0467894,3.351144,3.0836515,3.374989,2.7351766,2.9450195,2.9282837,3.5560267,3.3710632,2.8242383,3.7011206,3.3481252,2.743347,2.9631958,3.397558,3.9208267,2.9362588,2.7015848,3.5602124,3.8072221,3.8861516,3.8750708,3.9847255,3.982333,3.8286448,3.896775,3.0838916,3.7011602,3.785928,3.4606657,3.5530887,3.7171948,4.0105453,3.7443187,3.4497912,3.5924184,3.6270986,3.476189,2.7830184,3.1888397,3.9334404,3.3449655,3.3457851,3.364395,3.3190763,3.3081055,3.946196,3.216074,3.9295003,3.5487237,3.3591588,3.6761675,3.2463167,2.8337965,3.3116233,4.278073,3.3039632,3.2108424,2.9558358,3.0099967,3.255077,3.2589018,4.639613,4.69164,5.1796064,5.177259,2.908024,2.9933548,2.9620287,2.9956274,3.4003992,2.6998723,2.7222435,2.9040759,3.5728142,3.4223568,3.7120707,3.6872063,3.3832536,3.4938352,3.2795687,3.2466462,3.029474,3.1602917,3.7786877,3.5481992,2.8059907,3.340656,2.5517592,3.1085608,3.1446173,3.2961051,3.4074938,3.210293,2.9899905,2.6571007,3.1321702,2.428814
23,2.634911,2.650056,3.0442643,3.1768103,3.3811572,3.676708,3.2762084,3.1191854,3.7622159,3.66571,3.7789352,4.5258074,4.268247,4.489222,3.0832043,3.9386287,2.8752007,2.9283552,2.9142969,2.8164995,1.697515,2.4549584,1.9263821,0.0,2.506918,2.434291,2.9871063,2.3570828,3.5503047,3.874633,2.5689557,2.783746,2.9300976,2.9676247,3.1586375,2.650915,2.5846255,2.7350464,2.930799,2.3952813,3.3701336,3.1838443,3.0934367,3.0948288,2.9293501,3.2729115,2.7148533,3.007681,3.047196,3.3381937,3.328637,3.327896,3.4900093,3.48125,3.504062,3.4443984,2.8358312,3.2915902,3.2976232,2.793956,3.2124517,3.380859,3.7404904,3.4445267,2.9054525,3.1383975,3.0447128,3.117924,2.2876074,2.7628975,3.572468,3.3452463,3.107049,3.2540991,3.2350433,3.2231536,3.8810422,3.060998,3.5175471,3.1508868,3.4125998,3.355912,2.7485118,3.2754488,3.7229347,3.9430215,3.5664406,3.4689653,2.8618622,2.9112039,3.2861645,3.212668,4.7682967,4.7018456,4.959994,4.990076,2.6849322,2.866926,2.8640957,3.0715864,3.2445867,2.5383358,2.6545563,2.9756978,3.6216922,3.4748437,3.610697,3.5923193,3.2466054,3.4532864,3.270851,3.253729,3.004404,3.217948,3.5698926,3.4985394,2.582936,2.8085108,2.27172,2.5429807,2.968385,2.8832917,3.5815928,3.0687647,3.1531217,3.2687604,2.8731499,2.8240697
24,2.2646573,2.2363026,2.704193,2.7045393,2.838556,2.6405647,3.0296922,2.2878263,3.5791633,3.386309,3.5512993,4.1495314,4.00972,4.0167255,3.7555428,4.3643856,1.7136195,1.8365171,1.6996764,1.6789734,2.6659186,1.4563628,2.9622533,2.506918,0.0,0.98141634,1.5783485,0.9362375,3.1752567,3.4723709,0.728961,1.4035788,2.3154655,2.8520095,3.1639583,2.0494046,1.9747183,2.2227938,2.3945131,1.9821826,1.872384,2.0456054,2.8946686,2.7432044,1.8293235,2.5993586,2.0832276,2.7942348,1.961548,1.858238,1.968946,2.029987,2.0074737,2.00565,2.0190344,1.999114,1.7341399,1.9383043,2.1526728,1.7730616,2.0782409,2.1537971,2.6840298,2.5240188,2.012775,2.4092717,2.3601732,2.347577,2.0509284,1.5464733,2.2182438,2.2261245,2.0420516,1.8760331,1.9064993,1.916278,3.0467923,1.9579408,2.217085,1.8242741,2.8371074,3.638588,1.9372822,3.0753543,3.3517978,3.0662901,3.2538009,3.213008,2.2735603,2.3404043,2.657617,2.7346277,4.4543552,4.5038347,4.4379554,4.441096,2.1306221,2.2005107,2.207972,2.2965899,2.1201305,1.6683778,2.1168125,2.3030088,2.7869585,2.5611396,2.8532498,2.9408505,2.5968807,2.6467323,2.6143086,2.5738926,2.5117335,2.6359644,3.2440407,3.0386035,1.8157697,1.9005473,1.9147464,1.544755,2.2493165,2.5704367,3.00997,2.5762048,2.5133643,3.0160923,2.0365176,2.184269
25,2.2385561,2.200849,2.5611436,2.592641,2.4988465,2.3622422,2.9683144,2.1780958,3.4661784,3.2529237,3.445086,4.0951633,3.9628105,3.9864655,3.5268257,4.234866,1.8738219,2.015556,1.7283033,1.7426049,2.370614,1.6541568,2.985281,2.434291,0.98141634,0.0,1.6392869,1.1029832,3.152539,3.4409742,0.98920006,0.6644212,2.195766,2.569611,3.0971673,1.6681786,1.568506,1.7520524,2.283011,1.8340696,1.841171,1.9932733,2.819787,2.6464024,1.787276,2.5571578,1.9967425,2.7267528,1.8450283,1.7659633,1.9189807,1.9606869,1.9829048,1.9862175,1.9486023,1.9117694,1.6427739,1.67324,1.9041692,1.6623051,1.9842135,2.0515227,2.6335497,2.3019876,2.0143993,2.2767363,2.453683,2.3574433,1.9467487,1.4899648,2.1898425,2.2820144,2.0104022,1.7773355,1.879108,1.8482583,2.9993515,1.9575596,2.140078,1.8331347,2.7199812,3.4486778,1.7852322,2.9105139,3.3070462,2.9714763,3.1887977,3.158794,1.7886716,1.8169377,2.4920497,2.5537996,4.406339,4.453613,4.380456,4.399134,2.0944788,2.15772,2.12129,2.2527955,1.7139846,1.629273,2.0506508,2.3078296,2.5297139,2.5482166,2.849813,2.6790755,2.507375,2.4823742,2.5142095,2.4720957,2.4452674,2.247328,2.9181094,2.9466808,1.3692731,1.3551434,1.8407278,1.5192275,2.277482,2.55401,2.8361564,2.371443,2.4783435,2.9668043,2.040244,2.2923794
26,1.6102344,1.5998015,2.1879208,2.247721,2.272681,2.0289123,2.521532,1.6466825,3.2393873,2.9917233,3.1416361,3.6347184,3.5176094,3.471367,3.3622537,3.8523822,2.3960135,2.4960992,2.0933053,2.1018283,2.8919194,2.2124627,3.3041937,2.9871063,1.5783485,1.6392869,0.0,1.7134666,2.7588313,2.9992101,1.4066114,1.8244644,1.1556838,2.2290688,2.6705139,1.2550508,1.3441575,1.5534813,1.3767608,1.4246532,0.8617628,1.177197,2.3330357,1.8321117,0.85057807,1.9485244,1.2515774,2.2321236,1.2467469,1.2644906,1.4633901,1.4214901,1.227455,1.241723,1.4416802,1.2569264,0.98333865,1.2642707,1.4462392,0.90553474,1.1115066,1.2196531,2.0586443,1.8364745,1.536937,1.9583694,1.9614568,1.8570414,1.5812972,1.1069285,1.0503067,1.582385,1.4498628,1.1434562,1.0323393,1.0367556,1.8600254,1.3122232,1.6506586,1.1060169,2.1171184,3.0070722,1.5860661,2.2376714,2.9204848,2.5781362,2.8218431,2.7711778,1.5369155,1.6162667,1.944136,2.0811927,4.148895,4.228913,4.121624,4.1562796,1.4916728,1.4996567,1.7206608,1.9615953,1.5256572,1.2129807,1.5841892,1.9584792,2.2803195,2.0469,2.315791,2.377224,1.9433633,2.1892116,2.0716875,2.0161977,1.5516466,1.6635787,2.3726697,2.0035167,1.5090153,1.2753191,1.4107525,0.9273033,1.1436754,1.6453805,2.4079409,1.9618162,1.8403038,2.5324652,2.4252844,2.635468
27,2.0138817,1.9846363,2.5846539,2.5822437,2.6130311,2.427425,2.4019656,2.413402,3.1155322,3.0238338,3.1477396,3.884286,3.710948,3.747018,3.3204715,4.083464,1.9782214,2.0845325,1.8425044,1.8080586,2.7281919,1.6178911,2.4811065,2.3570828,0.9362375,1.1029832,1.7134666,0.0,2.5539966,2.875015,1.074741,1.4553739,2.0121639,2.4424796,2.4672656,1.6815506,1.5728537,2.2268448,2.3046882,1.688714,1.9937394,1.7825738,2.2826462,2.248803,2.0693707,2.6488292,1.769369,2.1634045,2.2160645,2.1240902,2.249518,2.2691243,2.2859797,2.290554,2.267077,2.2515156,1.5135734,2.0439758,2.2083068,1.904928,2.0895145,2.2247941,2.6605313,2.487005,2.2759662,2.534299,2.5510583,2.4174397,2.2318068,1.7979769,2.320488,1.9010363,1.8850899,1.7327418,1.7142496,1.709607,2.8809574,1.7312135,2.3396437,1.8733376,2.5297227,3.383164,2.0400689,2.5507524,2.7995348,3.0853193,2.754452,2.7212222,1.84856,1.9178522,2.3034647,2.3841658,4.1547623,4.224467,4.414508,4.413002,1.824562,1.90796,1.829606,2.0634375,1.7209743,1.2693616,1.7544806,2.0820162,2.5173252,2.3522725,2.7269003,2.7011232,2.2866085,2.4293761,2.31218,2.2539868,2.3345048,2.3546202,2.9907289,2.7546642,1.4480491,1.878634,1.6189793,1.7423228,2.0753164,2.3873172,2.6189528,2.2063189,2.2150147,2.4166255,2.0722065,1.9014007
28,1.7921368,1.7598445,2.5544813,2.4046621,2.2947383,2.6028264,0.8457306,2.7448893,2.1761515,2.0618837,1.9851023,2.9525537,2.9779215,2.766104,2.38681,3.1733718,3.428413,3.3885405,2.9454029,2.9040043,3.6258945,3.279263,2.4822118,3.5503047,3.1752567,3.152539,2.7588313,2.5539966,0.0,1.23125,3.137541,3.3914938,2.2844486,2.9932528,1.8527077,2.4140563,2.4842985,3.2926488,2.6946962,2.3736646,2.8918443,2.3792362,1.7937669,1.8789185,3.0383294,3.6489258,2.3421266,1.795957,3.239415,3.2637577,3.3517725,3.3100052,3.3964348,3.4123602,3.18962,3.2829306,2.639875,3.462037,3.6017306,3.2822096,3.226928,3.406776,3.6348667,3.4493854,3.2501187,3.411989,3.473375,3.0847108,3.0723298,2.9252644,2.9712818,2.2324855,2.393268,2.3878994,2.220131,2.2096207,2.6996572,2.213097,3.274618,2.722762,2.781119,3.4801667,3.0172205,1.6035396,2.5440786,3.9281087,2.5903618,2.5800002,2.1187663,2.1732554,2.4370599,2.4779606,4.3058496,4.377513,5.008869,4.9987807,2.3880782,2.4612134,2.5719469,2.393806,2.3778234,2.2477877,2.3130507,2.5682662,2.9733038,2.8570507,3.2301989,3.121924,2.8866115,3.0183108,2.779968,2.7329524,2.018472,2.118398,2.9370108,2.7137036,2.365433,2.9909132,2.1256912,2.9944923,2.3748133,2.542413,2.869936,2.692565,2.4209614,1.8764802,3.6565719,2.8010254
29,2.0664244,2.0444207,2.6791334,2.507139,2.4909325,2.7796977,1.2834709,2.8339407,2.5995886,2.4036634,2.3291888,3.2720017,3.6766636,3.0080576,2.61345,3.4213867,4.089759,4.0464025,3.108687,3.1085463,3.9271991,3.5644524,2.874656,3.874633,3.4723709,3.4409742,2.9992101,2.875015,1.23125,0.0,3.2912445,3.5525978,2.601172,3.3648996,2.35844,2.797817,2.847742,3.592764,2.9954834,2.773954,3.09438,2.670612,2.1931853,2.2617269,3.3175378,3.895471,2.6449213,2.2005632,3.4349496,3.4509523,3.5271156,3.4922314,3.5433342,3.5504727,3.3601434,3.462838,2.8754115,3.617263,3.7171714,3.4268258,3.3782067,3.5450118,3.7328482,3.571086,3.8826003,3.9351172,4.055114,3.7271218,3.2749615,3.111015,3.173384,2.5065134,2.704068,2.638275,2.4921434,2.4695842,2.8669662,2.442175,3.4031322,2.9103239,2.2931385,3.0819461,3.222754,1.9687473,1.9915769,3.554321,2.1014028,2.1271203,2.415201,2.4530313,1.9182298,1.9775398,4.073686,4.13365,4.780896,4.776863,2.6385505,2.2080188,2.7782395,2.5721178,2.6585689,2.585702,2.1079173,3.3974335,3.2524555,3.1006742,3.5771568,3.4966733,3.151396,3.2737365,3.1300921,3.034168,2.3609972,2.410869,3.6222932,2.9338233,2.6083655,3.1808774,2.4597874,3.2091153,2.626761,2.91192,2.6472905,2.4372153,2.6249306,2.2080376,3.8561246,3.4521651
30,2.1282954,2.0888705,2.424653,2.4560208,2.5939715,2.3910916,2.9412985,2.0618687,3.4774203,3.2720563,3.4496565,4.182941,4.098504,4.031358,3.5818348,4.3595304,1.9483371,2.0814555,1.7083385,1.6978593,2.6504428,1.6312747,3.0467894,2.5689557,0.728961,0.98920006,1.4066114,1.074741,3.137541,3.2912445,0.0,1.1970654,2.1141336,2.6811543,3.0770907,1.9313413,1.817653,2.0948842,2.2502227,1.8973657,1.6637392,1.8672395,2.7945516,2.5984857,1.6568077,2.39682,1.9057525,2.6922154,1.7561733,1.6755989,1.8535802,1.8750173,1.8166589,1.8116552,1.8382459,1.7932497,1.5532585,1.6450981,1.8917495,1.4893446,1.731247,1.8268418,2.24175,2.0841544,2.0599065,2.3502495,2.3621862,2.37254,1.8928636,1.3889968,2.0022695,2.1688218,1.9589332,1.7121404,1.7348225,1.7433311,2.939117,1.8352479,1.8730791,1.6815683,2.4859977,3.2477782,1.764055,2.9257975,3.0783126,2.70567,2.900672,2.8668396,2.0717456,2.13925,2.281184,2.3775628,4.2720456,4.344294,4.228775,4.236941,1.9294446,1.8540068,2.079647,2.2385235,1.9564399,1.4707747,1.7673293,2.4467366,2.8789968,2.6396973,2.9728053,3.0243719,2.4697936,2.651123,2.5445335,2.4885683,2.4167013,2.5086074,3.2020063,2.8767674,1.7063307,1.6383156,1.7726917,1.2541308,2.0955842,2.4619853,2.7560868,2.214302,2.4578936,2.9825308,2.0010877,2.407985
