,0,1,2,3,4,5,6,7,8,9,10,11,12,13,14,15,16,17,18,19,20,21,22,23,24,25,26,27,28,29,30,31,32,33,34,35,36,37,38,39,40,41,42,43,44,45,46,47,48,49,50,51,52,53,54,55,56,57,58,59,60,61,62,63,64,65,66,67,68,69,70,71,72,73,74,75,76,77,78,79,80,81,82,83,84,85,86,87,88,89,90,91,92,93,94,95,96,97,98,99,100,101,102,103,104,105,106,107,108,109,110,111,112,113,114,115,116,117,118,119,120,121,122,123,124,125,126,127
0,0.0,2.5336483,3.5352037,2.8723106,3.1264079,3.1401763,3.0545545,3.0694125,3.5037405,3.3592823,3.8446922,3.3645213,2.773017,2.4928293,3.0037098,2.6628706,3.5738165,3.4222457,4.4608836,3.4918697,3.485515,3.7222273,3.4787443,3.5813766,3.1011114,2.98979,4.7526255,5.3271074,4.05912,4.794725,3.9048624,3.911352,2.8185763,2.802192,2.8305206,2.93406,3.2903214,2.6735907,2.5443828,2.5294483,3.507406,3.3982403,3.5123599,3.6753907,2.662592,2.9870386,2.6928012,3.5126204,2.7770336,3.0520241,3.0586863,2.7925854,3.4631026,2.901895,3.5361555,3.3564916,3.6838663,3.6838663,3.8182602,3.763564,2.2466357,2.5895886,2.7017112,3.1631045,3.7411516,3.2812548,3.5497935,3.652157,3.6823647,5.52303,3.6176584,3.5087152,3.8727221,3.7974494,3.3626034,3.4058864,4.4428244,4.293115,4.026989,3.6526918,4.090116,4.68984,4.0592155,4.0425444,4.469735,3.7496004,4.9583945,4.3524165,4.898673,4.0153375,4.23674,4.242085,3.9475703,3.980161,3.784466,3.73056,4.2149115,3.8469503,4.061648,4.0759306,3.7180867,3.992698,3.32249,3.4761634,3.8269427,3.8738747,3.7443805,3.9789057,3.793158,3.79415,3.5925913,3.4218879,3.846296,4.7285504,3.4560363,3.8997355,3.741358,3.3150535,3.9784546,3.623418,3.3671498,3.5380073,3.2942584,3.3336716,3.1478684,3.3167756,3.2922153,3.216064
1,2.5336483,0.0,2.914671,1.7803377,1.7015887,1.7762164,1.5640516,1.6395904,2.468205,2.443618,2.8110209,1.934551,1.0933486,0.520395,2.136282,1.0316521,3.357893,3.3844507,4.4305844,3.6969635,3.5991755,3.8102808,3.696648,3.7439559,3.230651,3.0724616,4.402701,4.9509845,4.180286,4.885764,4.013914,4.0339518,3.350229,3.3010123,3.3477535,3.2662659,2.8669057,3.327594,3.1818607,3.166977,2.3419676,2.2588522,2.4268131,2.7802851,3.25302,3.5287178,3.2192402,3.8679502,3.285427,3.622562,3.4314482,3.2888775,3.8835206,3.3614821,3.9418461,3.780594,4.0974174,4.0974174,4.2558513,4.287589,2.9712214,3.3315938,3.3853374,3.7521908,4.8694196,4.450377,3.81641,3.8639634,3.8683956,4.8715906,3.7695773,3.7029042,4.1155043,4.1068225,3.9637098,3.9569297,4.706953,4.529806,4.345344,4.060013,4.133753,4.8447046,4.0771847,4.091001,4.3423934,3.781336,5.2658525,4.613646,4.2800145,4.0656385,4.2923884,4.2766666,4.038171,3.9876466,3.6926947,3.7232256,4.3584394,3.9382927,4.341809,4.3479958,4.0035377,4.0170774,3.6684003,3.8741047,3.8621252,3.9000106,3.743183,4.031022,3.8893487,3.8974345,3.7585268,3.5346622,3.9768803,5.0714145,3.8664055,4.0630608,3.8414676,3.4324863,4.2564526,3.85843,3.4888942,3.6459293,3.2872884,3.3568718,3.156843,3.3133643,3.8013833,3.3369534
2,3.5352037,2.914671,0.0,3.2068412,3.2941868,3.3586338,3.268033,3.268033,3.7757025,3.7588758,5.1502557,3.4524329,3.0083683,2.8694537,3.3533616,2.8902624,4.148001,4.068617,4.8182178,3.94791,5.408655,5.3447223,4.4108496,4.526624,4.0524383,3.9606552,5.3731356,5.87201,4.925804,5.5854554,4.741231,4.7578855,4.4105783,4.391611,4.539315,4.3477473,4.348897,4.494871,4.358351,4.5283575,4.250322,4.3020263,4.801673,4.921447,3.8407423,4.5556707,4.5366983,3.985997,4.729898,4.8407154,4.8358097,4.7337303,5.1342454,4.7544146,5.1445265,5.077948,4.9477167,4.9477167,5.0987735,5.0368433,4.0255914,4.193471,4.1716304,4.623584,6.0033665,5.1369805,4.7321224,4.857309,4.9806037,5.9537487,4.872287,4.7515407,5.1395273,5.141259,4.8253784,5.072927,5.922256,5.4244843,5.424988,4.9398093,5.796444,6.3493795,5.7845592,5.7943873,5.9002466,5.3881297,6.492177,6.1598334,4.833244,4.692199,5.2183957,5.2343507,5.185285,5.2505746,4.8455343,4.867816,3.7427511,3.1405437,3.511372,3.5060015,3.2647297,3.4928803,2.9479938,3.3060706,4.997014,5.094483,4.4095874,4.6531625,4.544553,4.557177,4.9587045,4.682591,5.025823,5.7649274,4.877543,5.0122957,5.0571585,4.662085,4.518363,4.984506,4.766642,4.8144836,4.6559877,4.6740375,4.3523955,4.6102285,4.9311733,4.6367593
3,2.8723106,1.7803377,3.2068412,0.0,1.9562312,1.9670326,1.8723965,1.8802075,2.6854265,2.615261,2.8061001,2.294225,1.7167287,1.5976917,2.1943622,1.691304,3.6321533,3.3784118,4.39452,3.8569214,3.5682657,3.7846386,3.7742639,3.8162022,3.271879,3.2414386,5.0058427,5.9440084,4.362238,4.318428,4.1671324,4.179324,3.337602,3.310798,3.3608038,3.2569768,2.7743921,3.2601979,3.4503763,3.4643376,2.9444041,2.8573515,2.941827,2.997726,3.4634526,3.5489874,3.7150025,4.4452,3.7394264,3.7444158,3.9341457,3.7362533,4.333373,3.8627374,4.3520384,4.2408137,4.49478,4.49478,4.687953,4.539353,3.502692,3.5524893,3.8432775,4.1710362,4.6626515,4.3309975,3.8172326,3.8581035,3.9737852,5.228187,3.822055,3.7751896,4.8470907,4.825595,3.9455419,3.9204578,4.7219057,4.6025066,4.03133,3.9702978,4.146493,4.8297114,4.2099814,4.1866517,4.5615535,4.0039306,5.1113086,4.702981,3.6534889,3.6838572,3.7013774,3.6678925,4.0096865,4.0521507,3.7992787,3.85146,4.6079493,4.106137,4.330174,4.3314686,4.261332,4.4072857,3.9629903,4.1816726,4.213486,4.229261,4.143152,4.3736835,4.117812,4.130136,4.075869,3.6996922,4.132055,4.8733964,3.9743454,4.281093,4.055236,3.5921788,4.274681,4.0435596,3.6888368,3.7587194,3.591708,3.6015425,3.3981326,3.5363336,4.037216,3.6071825
4,3.1264079,1.7015887,3.2941868,1.9562312,0.0,0.48437926,0.6191186,0.2890231,1.371015,1.5131593,2.4175396,0.6947693,1.8505441,1.8250269,2.614304,2.2216763,2.7290602,2.6317549,3.9136477,3.3434758,3.1675165,3.427389,3.1891499,3.2655978,2.7084026,2.510319,4.0915833,4.7570014,3.8661451,4.5160384,3.5334697,3.567311,2.9036376,2.8593168,2.945224,2.8821683,2.3487506,3.305956,3.4432235,3.4589458,2.2474923,2.2254992,2.4738517,2.6129298,2.8825653,3.1997433,3.197454,3.6986523,3.2708547,3.5374517,3.2400062,3.2679377,3.8322206,3.3131804,3.793029,3.6851208,3.9134295,3.9134295,3.994488,4.192461,2.8846717,3.1222005,3.2820175,3.5429075,4.600581,4.1280613,3.2970889,3.3409684,3.4605932,4.473714,3.297377,3.2921355,3.9452238,4.0075088,4.27363,4.2929964,4.3220673,4.119672,3.6440024,3.519065,3.6697407,4.534592,3.6235454,3.6006434,3.7462547,3.5918317,4.8334365,4.2700458,3.6825933,3.6843858,3.7690935,3.7131083,3.5788085,3.5371513,3.0686011,3.1534111,4.068739,3.5411732,3.7736812,3.7839386,3.691111,3.8955226,3.4848258,3.6588495,3.5549073,3.5907698,3.4104383,3.6639526,3.6574655,3.6668866,3.5247695,3.173464,3.4604347,4.26969,3.3961189,3.6143932,3.3979957,2.8695047,4.063887,3.2226214,3.0471418,3.0781074,2.866058,2.9197025,2.684617,2.8091722,3.445821,2.9166882
5,3.1401763,1.7762164,3.3586338,1.9670326,0.48437926,0.0,0.6028168,0.55571634,1.5264816,1.6327838,2.4263234,0.81331867,1.8479718,1.8460498,2.6073737,2.2523592,2.9019523,2.639734,4.050224,3.5679293,3.2531984,3.6031005,3.3450813,3.408468,2.7910664,2.645224,4.3147902,4.9666567,3.956703,4.5936394,3.7203853,3.749937,2.8974779,2.8581915,2.9344153,2.9165459,2.3300726,3.2679036,3.4945157,3.490025,2.4472253,2.3763912,2.6061854,2.5973628,2.9469142,3.2056258,3.3223393,3.8438356,3.3884935,3.5156085,3.284215,3.3832412,3.9823267,3.4332242,3.8445346,3.7909577,4.051239,4.051239,4.1181326,4.3695264,3.0225377,3.1825597,3.41439,3.6779013,4.6361637,4.201915,3.3946142,3.4472964,3.5883534,4.6274805,3.455517,3.4577162,4.1138725,4.173654,4.3708434,4.3744993,4.4300036,4.250375,3.801308,3.644064,3.8157184,4.529494,3.7609582,3.7463517,3.8782854,3.7336307,4.8041825,4.3374677,3.8089464,3.8516955,3.9180007,3.8940957,3.699798,3.4842322,3.2793157,3.3613002,4.1344857,3.6724102,3.922645,3.933359,3.8286126,4.0972586,3.6211596,3.738958,3.6526167,3.6846094,3.5314507,3.7769113,3.6667914,3.6739101,3.5953135,3.2550645,3.7033348,4.4893355,3.5659494,3.850575,3.4752216,3.0283537,4.1711583,3.40382,3.1328843,3.1686845,3.0135589,3.0441499,2.8003864,2.9471848,3.5374663,3.0317066
6,3.0545545,1.5640516,3.268033,1.8723965,0.6191186,0.6028168,0.0,0.523061,1.4943007,1.5075132,2.4056656,1.0341408,1.6781706,1.6231556,2.40033,2.1219158,2.81744,2.7512038,3.9166663,3.338753,3.178748,3.5760663,3.1671975,3.2311702,2.7229683,2.5522296,4.1055927,4.8238277,3.6711035,4.2862463,3.4922721,3.5153162,2.9032414,2.8498662,2.918295,2.8524184,2.3114643,3.2591565,3.35468,3.354072,2.193305,2.1198902,2.3811748,2.4802985,2.9012673,3.1573343,3.1719744,3.7447774,3.2314494,3.355434,3.1512117,3.2274225,3.7484648,3.2893782,3.742828,3.6529682,3.9221466,3.9221466,4.004727,4.137197,2.893026,3.0849147,3.2458012,3.5457604,4.485873,4.0414705,3.2068832,3.255042,3.4458315,4.4031677,3.2227552,3.1891394,3.8931859,3.9671001,4.1909432,4.1842585,4.225138,4.031876,3.6639748,3.4591596,3.6328394,4.268549,3.575038,3.5791292,3.6707225,3.4809527,4.760845,4.234157,3.6093137,3.5634432,3.6697447,3.6625974,3.5012674,3.5523643,3.099707,3.1643174,4.1160636,3.5311875,3.8393145,3.850312,3.7009034,3.8266404,3.4819388,3.6807013,3.4441738,3.478657,3.3206947,3.578669,3.3983808,3.4061468,3.4643123,3.0339785,3.669688,4.5718117,3.6222486,3.7808695,3.494486,2.9223359,4.019635,3.3191602,3.0146582,3.0503368,2.835786,2.890556,2.6510053,2.789102,3.4259703,2.8870292
7,3.0694125,1.6395904,3.268033,1.8802075,0.2890231,0.55571634,0.523061,0.0,1.379629,1.457343,2.2904506,0.81771106,1.8383552,1.7642357,2.600202,2.187729,2.8126137,2.7605462,3.9828238,3.2983234,3.1564856,3.3900812,3.213066,3.2938423,2.7584968,2.556807,4.100322,4.8069367,3.8412821,4.450505,3.516123,3.5427537,2.8255556,2.7780755,2.859423,2.781896,2.2707806,3.23145,3.3552585,3.3677275,2.104146,2.0759888,2.3315141,2.5232873,2.8031468,3.0916522,3.0912616,3.7286499,3.1520543,3.4424477,3.137922,3.1501176,3.7210221,3.2019358,3.6699426,3.578698,3.8468242,3.8468242,3.9256737,4.137433,2.8355904,3.1007655,3.2478688,3.523307,4.476177,4.0105853,3.1797602,3.211191,3.3311977,4.382441,3.1629848,3.1320803,3.8204913,3.8807707,4.1750603,4.202504,4.1875663,3.9897459,3.5458508,3.4028926,3.5429716,4.4071074,3.5039775,3.4865608,3.5958772,3.4359777,4.7626896,4.1519666,3.53906,3.5452316,3.618418,3.5649068,3.4630854,3.451361,2.9660184,3.0390766,4.022349,3.4800467,3.7232325,3.7331347,3.6366024,3.8299372,3.4243605,3.5944262,3.4486759,3.4849243,3.3207183,3.5800016,3.5550792,3.5619574,3.4212022,3.0487127,3.4408405,4.2723446,3.3725564,3.5698514,3.3707986,2.8460999,3.9065607,3.1946285,3.0238364,3.0441399,2.8127751,2.8775392,2.5966845,2.7493215,3.4140785,2.8806403
8,3.5037405,2.468205,3.7757025,2.6854265,1.371015,1.5264816,1.4943007,1.379629,0.0,0.46233633,2.9059355,1.4933847,2.6700299,2.6469576,3.2116683,3.0107117,2.834907,2.790086,3.9216514,3.4216552,3.3619576,3.7000294,3.2744982,3.3980877,2.96957,2.7416902,3.432447,4.200494,3.9512992,4.544289,3.6205423,3.6546533,2.465703,2.425881,2.5119927,2.3714566,1.9421982,3.0019329,3.084466,3.1158087,1.9688635,2.0262299,2.640155,2.826213,2.3893828,2.6352835,2.7675004,3.1721735,2.8351362,3.175898,2.8129222,2.8359773,3.1550446,2.8066607,3.1623049,2.9671495,2.9586108,2.9586108,3.045569,3.6553428,2.6968558,2.8722672,3.2107873,3.0253067,4.4387813,3.9306152,2.9805222,3.0070784,3.2096155,4.0895796,2.9212213,2.9381468,3.682666,3.8147867,4.2040367,4.230844,3.5975833,3.3255553,3.1392798,3.144531,3.312382,4.1521115,3.3127759,3.2868233,3.4422023,3.3751569,4.6256638,4.0570464,3.423415,3.290603,3.376781,3.3460312,3.1826766,2.8873537,2.636203,2.72035,3.8265584,3.11943,3.3158717,3.3234375,3.2432399,3.5105996,3.3265455,3.1959393,2.908445,2.9497337,2.7412276,2.8823256,3.122959,3.1497266,3.1257722,2.7016125,3.0642805,3.8741398,3.0562117,3.173035,3.1407607,2.3513284,3.827226,2.6245131,2.5278623,2.5222638,2.3603082,2.4222472,2.2573528,2.3111312,2.9689512,2.4267015
9,3.3592823,2.443618,3.7588758,2.615261,1.5131593,1.6327838,1.5075132,1.457343,0.46233633,0.0,2.8657541,1.7056172,2.6680162,2.6065793,3.1582456,2.9826803,2.9044142,2.920234,3.9506404,3.3127766,3.3135877,3.6926413,3.2214928,3.3410096,2.9776602,2.7494779,3.5024064,4.305448,3.794421,4.3745475,3.5219893,3.5452847,2.2773335,2.229408,2.31405,2.2297885,1.7634962,2.7990355,2.888958,2.917552,1.8374251,1.8667496,2.547828,2.768256,2.2100596,2.4394035,2.592936,3.1545498,2.644871,2.9749699,2.625064,2.6461635,2.9046476,2.623579,2.9463882,2.7653298,2.7723284,2.7723284,2.8528314,3.4012105,2.6166553,2.7952971,3.1673367,2.968746,4.150481,3.6450458,2.7265208,2.7467144,2.9715521,4.123294,2.6675363,2.6504092,3.4662092,3.6056705,3.9649222,4.000153,3.2839248,3.0055916,2.921361,2.9053948,3.1011362,3.8593247,3.1035957,3.0841928,3.2807934,3.1387932,4.4770985,3.8617306,3.2067213,3.065767,3.1531446,3.1405783,2.9745967,2.7984445,2.4574907,2.5190423,3.7152042,2.970442,3.2033606,3.2100658,3.109537,3.3936338,3.227635,3.0877292,2.726104,2.7691727,2.584506,2.7081254,2.837498,2.8646963,2.9125345,2.4390686,3.02168,3.888389,3.0359,3.101048,3.0282996,2.1965485,3.6015465,2.5225866,2.3446395,2.3373413,2.1507206,2.2186368,2.0425482,2.0990405,2.7863417,2.2294703
10,3.8446922,2.8110209,5.1502557,2.8061001,2.4175396,2.4263234,2.4056656,2.2904506,2.9059355,2.8657541,0.0,2.6802619,2.9287188,2.8895488,3.4492252,3.174852,4.1129847,4.06252,5.034194,4.449614,2.8227434,3.0137074,4.1548057,4.180119,3.7719297,3.6911738,4.929071,5.6255784,4.5647135,4.93153,4.248414,4.2478814,3.2804668,3.2246485,3.1710656,3.207038,2.5422428,3.4790404,3.7668176,3.6102827,2.4826374,2.3023376,1.7831476,2.0019212,3.8413417,3.4939313,3.5175745,5.358133,3.390102,3.6929314,3.4458692,3.387374,3.9913392,3.4915376,3.9121544,3.8682382,4.629356,4.629356,4.6836867,4.8594484,3.7803512,4.0286703,4.134866,4.3773627,4.1573358,4.284824,3.5272918,3.4992163,3.5248806,4.45708,3.3521519,3.3615935,4.1670012,4.1298113,4.393135,4.2598324,4.01727,4.2360806,3.5896745,3.6864715,2.9455912,3.9884436,2.9730902,2.9480734,3.0503366,2.970806,4.434052,3.688886,4.1280107,4.1404004,3.7404397,3.670899,3.395628,3.4624784,3.2271569,3.2981265,5.4460015,5.0245585,5.1680474,5.1793795,5.129524,5.255495,4.930678,5.0681267,3.76105,3.7261584,4.1219354,4.3480344,4.2886267,4.279512,3.675167,3.3156729,3.9121408,4.6230006,3.8448088,4.0294704,3.8831615,3.4180434,4.16477,3.7292671,3.5487635,3.5522053,3.3526537,3.4082882,3.1218255,3.3033645,3.9212751,3.4416869
11,3.3645213,1.934551,3.4524329,2.294225,0.6947693,0.81331867,1.0341408,0.81771106,1.4933847,1.7056172,2.6802619,0.0,2.2028074,2.1424243,3.0931742,2.4589126,2.9264853,2.8208587,4.0329585,3.662315,3.5601573,3.8370914,3.600022,3.6722925,3.1132925,2.8675046,4.245755,4.866164,4.281411,4.904416,4.001691,4.0390654,3.1911352,3.1556396,3.2463846,3.1895752,2.7534485,3.6525877,3.717551,3.7442715,2.4260683,2.4061408,2.6814437,2.9031327,3.068554,3.419501,3.347781,3.6034625,3.4256754,3.79828,3.4151304,3.42038,4.059613,3.4508345,3.8666348,3.8013308,4.001681,4.001681,4.059173,4.495793,2.964623,3.2974026,3.515726,3.7544892,5.01505,4.5067544,3.7247446,3.7308276,3.8424363,4.7330194,3.6860433,3.6640387,4.2112265,4.318995,4.7456055,4.7534275,4.672724,4.448276,4.0379376,3.92876,4.0425653,4.8399396,3.9782805,3.9498966,4.0932255,4.0440874,5.315938,4.667432,3.9354236,3.9979293,4.1317086,4.0577826,4.028873,3.6505182,3.4309752,3.4985766,4.33575,3.7999904,4.0628,4.07266,3.93385,4.2063136,3.7002332,3.7376637,3.8586423,3.8997183,3.7010553,3.9588566,3.9159644,3.921446,3.8709037,3.5573807,3.692598,4.534734,3.5972173,3.8729448,3.6501887,3.154986,4.4551053,3.4746,3.3225293,3.3729558,3.1029327,3.1791544,2.9845963,3.0585768,3.6765869,3.1831305
12,2.773017,1.0933486,3.0083683,1.7167287,1.8505441,1.8479718,1.6781706,1.8383552,2.6700299,2.6680162,2.9287188,2.2028074,0.0,0.77559197,1.4376653,1.4214637,3.3471663,3.1290183,4.311858,3.9304616,3.561284,3.7469473,3.637041,3.696565,2.948832,3.0338528,4.4963145,5.1009316,4.157302,4.738214,3.9492936,3.972768,3.4416199,3.37939,3.4137576,3.418092,2.7271464,3.411223,3.2168376,3.218618,2.7395425,2.607632,2.710577,2.4860187,3.5985415,3.7832856,3.574351,4.187119,3.6287742,3.5196633,3.5333679,3.6352859,4.197498,3.7138643,4.2143283,4.129507,4.4435205,4.4435205,4.594378,4.4160943,3.249864,3.1886642,3.4329734,3.8588896,4.8864403,4.5512333,3.8391635,4.0067267,4.0666766,4.9758105,3.8058007,3.861516,4.6167755,4.5704036,3.9950144,3.95307,4.840544,4.6885242,4.3401337,4.041669,4.247427,5.0011168,4.207479,4.236929,4.496405,3.9364657,4.916249,4.761509,4.2003064,4.029135,4.208822,4.26115,3.872694,3.948529,3.7937617,3.8881621,4.469813,3.9638062,4.349282,4.3573365,4.076885,4.1222153,3.6822307,4.01657,3.9575686,3.9819484,3.8177187,4.1217475,3.94453,3.9559348,3.8589208,3.5691981,3.9738443,5.0492015,3.8669064,4.046139,4.0159283,3.4292998,4.28107,3.8590689,3.3787363,3.5002015,3.4013205,3.3806787,3.2091281,3.3738086,3.8318057,3.3580234
13,2.4928293,0.520395,2.8694537,1.5976917,1.8250269,1.8460498,1.6231556,1.7642357,2.6469576,2.6065793,2.8895488,2.1424243,0.77559197,0.0,1.7301327,0.97648746,3.3781252,3.3049974,4.3853574,3.7114851,3.5581703,3.772844,3.6334598,3.6821575,3.0931911,3.0237257,4.495259,5.114133,4.124588,4.7387395,3.954369,3.9716675,3.3962705,3.3403645,3.3801897,3.337462,2.8685942,3.3107402,3.174813,3.1683478,2.5991857,2.4883091,2.5958326,2.7362459,3.38001,3.613519,3.386797,4.038721,3.4502165,3.5996633,3.531281,3.4559479,4.0454535,3.545164,4.1072264,3.9775348,4.2947497,4.2947497,4.458138,4.384611,3.0912583,3.294559,3.4020026,3.8230674,4.805334,4.4238086,3.7925317,3.8757381,3.9356756,4.9489512,3.7871504,3.7514722,4.2976513,4.2606015,3.8386471,3.8184597,4.7716737,4.612766,4.346387,4.01766,4.1893167,4.8783097,4.138037,4.160802,4.43762,3.8074515,5.1285443,4.646322,4.2257085,4.039242,4.230735,4.244493,4.0167227,4.080881,3.7763891,3.8162212,4.4198413,3.9773428,4.351658,4.3598485,4.066002,4.0875683,3.6869833,3.969964,3.917538,3.9474978,3.8018003,4.0951343,3.9383445,3.9486096,3.8371134,3.5648172,4.049422,5.090178,3.9162908,4.1282287,3.9566073,3.5028374,4.290395,3.9331584,3.5272646,3.6605597,3.4031668,3.4430115,3.247076,3.407998,3.8654268,3.4173732
14,3.0037098,2.136282,3.3533616,2.1943622,2.614304,2.6073737,2.40033,2.600202,3.2116683,3.1582456,3.4492252,3.0931742,1.4376653,1.7301327,0.0,2.0088296,3.671927,3.4089541,4.241034,3.8126018,3.5993788,3.8554823,3.4819605,3.548838,2.9518125,3.1703656,4.587531,5.2894073,3.9839256,4.4819517,3.764194,3.7812536,3.5452957,3.476549,3.5021193,3.519644,2.9612613,3.3166192,3.2624025,3.293307,3.4379537,3.2877533,3.3803098,2.880253,3.8555713,3.9656365,3.9615266,4.609594,4.006181,3.6796143,3.9328496,4.0115986,4.352369,4.1043997,4.4938354,4.481633,4.788586,4.788586,4.9511437,4.716583,3.6301374,3.433596,3.7593927,4.1826897,4.6088834,4.342474,3.6123316,3.8081567,4.105383,4.7419453,3.664751,3.7912045,4.733863,4.6113906,3.5777328,3.5008297,4.7144065,4.604663,4.131578,3.7139807,4.120158,4.780473,4.1154714,4.1481256,4.5646715,3.7856195,4.5866637,4.6889596,4.1687665,4.0653687,4.026293,4.140068,3.6292908,4.3731046,3.722898,3.8234532,4.723458,4.052358,4.2497473,4.2596974,4.172305,4.0777855,3.7909112,4.3520803,3.848505,3.8568788,3.741407,3.9981654,3.9671164,3.9914567,4.0378947,3.5607743,4.1166296,4.877238,4.044324,4.161904,4.33448,3.5256753,4.297317,3.9795468,3.4600017,3.441991,3.592811,3.5281157,3.4422848,3.5706491,3.8918376,3.4858222
15,2.6628706,1.0316521,2.8902624,1.691304,2.2216763,2.2523592,2.1219158,2.187729,3.0107117,2.9826803,3.174852,2.4589126,1.4214637,0.97648746,2.0088296,0.0,3.6536384,3.6232238,4.3452654,3.7848158,3.8293006,4.0033684,3.8920329,3.9086697,3.455428,3.354214,4.944792,5.518041,4.4301157,5.018439,4.286724,4.306333,3.581869,3.5368068,3.5905106,3.5146425,3.2574816,3.3708727,3.501739,3.4949436,3.132898,3.0253787,3.1673338,3.3905978,3.5780604,3.82403,3.7805257,4.3494897,3.8343823,4.1172776,4.065376,3.8387725,4.3883986,3.924584,4.442249,4.3360224,4.625956,4.625956,4.8073573,4.798434,3.476799,3.812365,3.8991623,4.312706,5.017207,4.5968785,4.028923,4.055094,4.2968874,5.162243,4.1158595,4.059725,4.5768814,4.5230927,3.9504461,3.9107466,5.0529485,4.889341,4.6402326,4.358752,4.471398,5.1476045,4.4390993,4.4482126,4.8760805,4.1478,5.663123,5.0604,4.5014515,4.3277736,4.53495,4.5226603,4.361861,4.441844,4.043826,4.072803,4.7364874,4.18893,4.6007237,4.6082463,4.2686925,4.367133,3.9514358,4.240457,4.2356777,4.2677975,4.132019,4.4042425,4.2593985,4.2711773,4.269751,3.8686438,4.296231,5.3325577,4.162007,4.421986,4.2814775,3.795278,4.479119,4.2860384,3.8411396,4.007602,3.6802316,3.7189217,3.5450687,3.697564,4.083899,3.6808248
16,3.5738165,3.357893,4.148001,3.6321533,2.7290602,2.9019523,2.81744,2.8126137,2.834907,2.9044142,4.1129847,2.9264853,3.3471663,3.3781252,3.671927,3.6536384,0.0,1.5873868,2.818073,2.2725847,2.6575663,2.9572647,1.5848644,1.6486164,1.3755822,1.0448204,3.3220408,3.8971415,2.639182,3.5810754,2.1373913,2.204066,3.1093636,3.056504,3.1586869,3.5593543,3.3978837,3.6819217,3.722638,3.7965846,3.834698,3.8868825,4.071526,4.2178025,2.895886,3.4988012,3.3959434,3.2215579,3.5332832,3.7495148,3.3591986,3.5510283,3.8559957,3.5870476,4.353093,3.982583,3.9,3.9,3.9458246,3.864794,2.6821287,2.7408268,2.3747008,2.7967665,4.416648,3.7885628,3.1474624,3.3107367,3.6086116,5.184355,3.3773801,3.4224377,3.8948712,4.0025735,3.9572875,3.9471025,4.439221,4.1333966,3.7039778,3.576551,4.0840874,4.892184,3.8980703,3.9533114,4.3372693,3.9350076,5.0643477,4.6259766,4.350009,3.3499038,3.9111555,3.8901906,3.9586616,4.5615,3.3252852,3.346544,3.9128053,3.2980049,3.756094,3.7951212,3.3332164,4.1212068,3.1704395,3.6233346,3.4548802,3.4943748,3.2195065,3.4682233,3.6099787,3.6224916,3.5288973,3.0520277,3.113757,4.3886476,3.372632,3.3623507,3.2301397,2.5587494,4.260185,2.6941817,2.7900648,3.0472462,2.6368341,2.6721802,2.6411362,2.6124527,2.7474725,2.612541
17,3.4222457,3.3844507,4.068617,3.3784118,2.6317549,2.639734,2.7512038,2.7605462,2.790086,2.920234,4.06252,2.8208587,3.1290183,3.3049974,3.4089541,3.6232238,1.5873868,0.0,2.9493864,3.2699337,2.7695127,3.2053971,2.2496862,2.3597817,1.3286414,1.476517,3.6641285,4.3071685,3.3696487,4.039994,3.0265398,3.0778327,2.9477658,2.9114115,2.9938993,3.3785203,3.0298393,3.3650312,3.5034196,3.5584664,3.9713027,3.9678996,4.1324844,3.910375,2.937995,3.260065,3.5180323,3.45965,3.6785812,3.4074266,3.4562619,3.6877022,4.2000446,3.7272575,4.447769,4.1064796,4.0666504,4.0666504,4.1594915,4.2566395,2.8556669,2.4347773,2.4433944,2.751748,4.6553297,4.1537867,3.5454967,3.8016903,4.100458,5.5041504,3.8312294,3.9426057,4.63189,4.693434,4.1452837,4.098381,4.759752,4.5275407,3.9596028,3.7850184,4.4706264,5.0955853,4.3715334,4.3966703,4.7533393,4.37394,4.919904,4.958683,4.6528115,3.892842,4.200965,4.2390604,4.1640334,4.0871286,3.8217502,3.890385,4.1893106,3.5582836,3.7419503,3.7780519,3.5967333,4.5160937,3.4244413,3.6255538,3.7355795,3.761471,3.5173345,3.7341096,3.783655,3.803263,3.8454175,3.3748443,3.5522883,4.319448,3.464772,3.782752,3.679357,2.8765852,4.4175982,3.0856264,3.0059493,3.1673596,3.1509519,3.0871868,2.9764307,3.0866392,3.1172385,3.008499
18,4.4608836,4.4305844,4.8182178,4.39452,3.9136477,4.050224,3.9166663,3.9828238,3.9216514,3.9506404,5.034194,4.0329585,4.311858,4.3853574,4.241034,4.3452654,2.818073,2.9493864,0.0,3.3285878,3.8438606,4.1545224,3.0382414,3.1059227,2.9911203,2.9542809,4.588325,5.1945143,3.9453974,4.6113405,3.6764545,3.7057097,4.146068,4.0398035,4.1272926,4.301749,4.341997,4.4680324,4.6249986,4.7115827,4.9367805,4.8881,5.161411,5.1737022,4.0649056,4.314648,4.6619163,4.4661107,4.777953,4.783207,4.8144884,4.800376,4.968322,4.818442,5.4527082,5.1475654,5.0125375,5.0125375,5.1104827,4.7889514,4.057914,3.9687982,3.847675,4.1487403,4.9745636,4.375623,3.8947277,4.074584,5.280592,5.8773165,4.332311,4.3589973,5.0301366,5.141811,4.8346953,4.7170935,5.1698146,4.912796,4.5501056,4.2881117,5.008366,5.518115,4.932558,4.9523206,5.4539213,4.9871383,6.5624557,6.3122296,5.162508,4.4207025,4.74852,4.776956,4.7498946,5.32415,4.3763137,4.398014,5.824305,4.1127143,4.333305,4.3812137,4.284972,4.986835,4.35738,4.7310805,4.5238824,4.5535865,4.353591,4.525894,4.4973407,4.525746,5.3522415,4.0821733,4.255138,5.0437756,4.4660344,4.440188,5.4400983,3.7383897,5.0402493,4.044415,3.8973489,3.98737,3.8805444,3.8663304,3.8405008,3.8318024,3.8903885,3.7776937
19,3.4918697,3.6969635,3.94791,3.8569214,3.3434758,3.5679293,3.338753,3.2983234,3.4216552,3.3127766,4.449614,3.662315,3.9304616,3.7114851,3.8126018,3.7848158,2.2725847,3.2699337,3.3285878,0.0,3.251875,3.3205018,1.8044921,1.8933783,2.4847167,2.068139,3.893618,4.573658,2.4635723,3.438136,1.8521096,1.8617284,3.1693676,3.1202772,3.2587934,3.527665,3.8653398,3.6231754,3.8216045,3.9542234,4.0862966,4.1486635,4.412227,4.7862496,2.7255049,3.5040915,3.468395,3.6039703,3.5809054,4.170995,3.747228,3.5962756,3.6064308,3.6538377,4.2228184,4.0253153,4.0108805,4.0108805,4.035638,4.0134735,2.9271605,3.4700084,3.0558584,3.5493279,3.721549,2.8195252,2.4242487,2.3785422,2.9823854,4.7370734,2.7311864,2.5710056,2.9055939,2.9467463,3.2748258,3.431678,3.9053178,3.509311,3.1993477,2.8403466,3.5991101,4.4033127,3.4471135,3.4853678,3.9746664,3.3105795,5.160492,4.197466,3.8592455,3.001598,3.4177408,3.3443985,3.6254623,5.1052966,2.7461708,2.6334326,3.695641,2.8674076,3.1529605,3.1895218,2.9032967,3.466287,2.764025,3.5602405,3.2019284,3.2674687,2.9381642,3.1362565,3.4661217,3.4758947,3.5225346,2.8563626,3.2476113,4.15419,3.5789115,3.373295,3.4682117,2.8226404,3.6321263,2.979792,3.2107172,3.2478995,2.784242,2.9105194,2.7818704,2.7844825,2.9292495,2.8628314
20,3.485515,3.5991755,5.408655,3.5682657,3.1675165,3.2531984,3.178748,3.1564856,3.3619576,3.3135877,2.8227434,3.5601573,3.561284,3.5581703,3.5993788,3.8293006,2.6575663,2.7695127,3.8438606,3.251875,0.0,1.6618699,2.1930444,2.1771042,2.1007333,2.054278,3.8465152,4.55176,2.8575284,3.4632084,2.4824312,2.4867315,2.7219486,2.6695344,2.6207829,3.1490602,2.7888784,2.9101496,3.2767897,3.1521049,3.5745645,3.5106485,3.2079973,3.2796135,3.2312124,3.0112705,3.104407,4.685361,3.078593,3.140524,3.1244724,3.0815318,3.442775,3.2122748,4.0706,3.653347,4.177641,4.177641,4.259529,4.1654377,3.0825758,3.123756,2.8447866,3.154829,3.2561278,3.3581471,2.8003657,2.924596,3.0832245,4.861481,2.9047222,2.9853292,3.713483,3.6733766,3.2297041,2.9887297,3.5811489,3.7711718,2.9227924,2.9915264,2.8091602,3.5893486,2.7084866,2.7379131,3.343402,2.7091355,3.9310038,3.3971708,4.51398,3.64835,3.4352152,3.4114978,3.2519324,4.1093755,2.9548497,2.964606,5.0156703,4.5675364,4.6460385,4.6766376,4.556159,5.0731134,4.400971,4.7589407,3.107951,3.0588675,3.4857736,3.6617799,3.7196102,3.7241776,3.1374917,2.6440063,3.3245988,4.0369196,3.4556181,3.5592356,3.2689044,2.5351675,3.9601357,2.8077037,2.7878733,2.9142222,2.6820576,2.6957765,2.6248355,2.7112627,2.7798972,2.6638708
21,3.7222273,3.8102808,5.3447223,3.7846386,3.427389,3.6031005,3.5760663,3.3900812,3.7000294,3.6926413,3.0137074,3.8370914,3.7469473,3.772844,3.8554823,4.0033684,2.9572647,3.2053971,4.1545224,3.3205018,1.6618699,0.0,2.786863,2.8678508,2.4453259,2.504173,4.1772065,4.8427186,3.7274854,4.253063,2.7611446,2.7719426,3.0210354,2.9402018,2.9099324,3.3372064,3.10992,3.303808,3.5616345,3.497547,3.8055482,3.7891798,3.5016806,3.5920773,3.516247,3.4166327,3.4181383,5.0399327,3.3713944,3.7594213,3.388693,3.4090128,3.855408,3.495749,4.293508,3.9804869,4.4509034,4.4509034,4.5133967,4.314474,3.3694012,3.4087644,3.0820935,3.4513438,3.32555,3.3726215,2.825623,2.9858603,3.1995003,4.868152,2.9271908,3.0633597,3.8063564,3.6547978,3.2618675,3.1821947,3.820316,3.9569907,3.0055628,3.0970798,2.9397504,4.6450987,2.8815527,2.9101372,3.380787,2.7506983,4.067731,3.5950203,4.453226,3.5627005,3.4322329,3.3489325,3.1963048,4.1450295,2.9578583,3.007599,4.943898,4.4789667,4.5662737,4.602258,4.4844747,5.0615597,4.3019443,4.7255616,3.4098306,3.369203,3.6950355,3.934863,4.447802,4.4496284,3.3995786,2.9068725,2.7292447,3.5847332,2.8111937,2.9050033,3.4818168,2.8280456,3.710106,2.7991235,3.162366,3.273201,3.0833545,3.0920863,2.8166687,2.9855022,3.1762543,3.049191
22,3.4787443,3.696648,4.4108496,3.7742639,3.1891499,3.3450813,3.1671975,3.213066,3.2744982,3.2214928,4.1548057,3.600022,3.637041,3.6334598,3.4819605,3.8920329,1.5848644,2.2496862,3.0382414,1.8044921,2.1930444,2.786863,0.0,0.3237697,1.2911271,1.0458423,3.4040754,4.064653,1.527629,2.765095,1.0618362,1.1048052,2.9343588,2.8937337,2.978129,3.3666973,3.3319554,3.3251405,3.5293388,3.580982,4.0007987,4.035193,4.1479483,4.2330065,2.8578155,3.305623,3.357136,3.7584095,3.4820328,3.4819443,3.4416003,3.48416,3.5281022,3.5635083,4.347484,3.9455898,4.015419,4.015419,4.090936,3.7721899,2.8827133,2.9282424,2.417659,2.8949096,3.677334,3.1248221,2.5852916,2.7797573,3.11255,4.8549566,2.8757539,2.889163,3.4800532,3.5149584,3.2416818,3.2291162,3.8793952,3.6495588,3.1096528,2.8837476,3.5535498,4.046418,3.4166672,3.4669204,3.9063895,3.3018143,4.448341,4.03454,4.2956414,3.2212029,3.4880674,3.504211,3.4294376,4.7691236,2.918721,2.9080422,3.9445627,3.3023102,3.4805462,3.516121,3.3023849,3.8674493,3.1935246,3.8911505,3.0718558,3.1026886,2.9312246,3.101221,3.1696367,3.1864183,3.2267637,2.6430647,3.367759,4.1660275,3.6778097,3.5415356,3.282854,2.481926,3.7583358,2.740886,2.771278,2.8660326,2.6226244,2.6374702,2.6013196,2.655338,2.635792,2.57602
23,3.5813766,3.7439559,4.526624,3.8162022,3.2655978,3.408468,3.2311702,3.2938423,3.3980877,3.3410096,4.180119,3.6722925,3.696565,3.6821575,3.548838,3.9086697,1.6486164,2.3597817,3.1059227,1.8933783,2.1771042,2.8678508,0.3237697,0.0,1.4331571,1.177739,3.582214,4.200785,1.3865566,2.689944,1.1192986,1.1582309,3.0695136,3.033418,3.1138878,3.5265536,3.4520686,3.4245782,3.6915855,3.7275865,4.1139154,4.140682,4.226503,4.332418,3.0199885,3.4550114,3.5167344,3.9219813,3.6326036,3.629565,3.5965817,3.6312041,3.666918,3.718609,4.501275,4.099723,4.1899176,4.1899176,4.263739,3.90621,3.0601034,3.1392963,2.6263952,3.1081967,3.7635,3.248461,2.7253795,2.8934963,3.2059033,4.988438,3.0290864,3.032411,3.579899,3.620321,3.3201964,3.2818089,3.9967723,3.7900393,3.261713,3.0711029,3.6474555,4.0426235,3.49557,3.5489976,4.022314,3.4023483,4.5527086,4.0988455,4.401399,3.3589475,3.6304066,3.6422956,3.5859897,4.9388704,3.061573,3.0468042,4.074628,3.500952,3.723917,3.7576978,3.5073652,4.060655,3.401969,4.099742,3.2263398,3.2527928,3.1213615,3.283879,3.2531414,3.2677991,3.3258262,2.770843,3.5493398,4.3816743,3.8799922,3.7444985,3.322942,2.6192794,3.912281,2.9227674,2.8853352,3.010131,2.7164347,2.7327235,2.7303414,2.7648916,2.7389672,2.6776726
24,3.1011114,3.230651,4.0524383,3.271879,2.7084026,2.7910664,2.7229683,2.7584968,2.96957,2.9776602,3.7719297,3.1132925,2.948832,3.0931911,2.9518125,3.455428,1.3755822,1.3286414,2.9911203,2.4847167,2.1007333,2.4453259,1.2911271,1.4331571,0.0,0.7402347,3.4987144,4.1850257,2.4538305,3.3217626,1.8882115,1.9310812,2.6954377,2.6325836,2.6994147,3.1650174,2.8593662,3.0771372,3.1916158,3.2395864,3.7823663,3.7691972,3.8434584,3.6589596,2.8130057,3.154463,3.249074,3.6974604,3.3699026,3.152722,3.131523,3.3860736,3.7441463,3.4596853,4.221214,3.9019983,4.014569,4.014569,4.093414,3.8441675,2.6638799,2.33776,2.0927796,2.6521523,3.8178914,3.363232,2.7472494,3.0492482,3.3581784,5.026313,3.0456893,3.165583,3.9335563,3.9242182,3.3045857,3.27327,4.144132,3.9520292,3.3075404,3.0426788,3.7438374,4.522471,3.6190248,3.6745033,4.0676484,3.4957573,4.2331815,4.2101135,4.2382727,3.2826328,3.563935,3.6201608,3.420001,4.1958094,3.1434531,3.198514,3.909888,3.288913,3.5152636,3.5546346,3.3266797,4.069336,3.0836477,3.6432936,3.190325,3.2090187,3.0395114,3.2914867,3.403352,3.4183488,3.2505841,2.7064662,3.1152325,4.044594,3.196202,3.2882628,3.2748888,2.4336877,3.7814364,2.645851,2.597562,2.7385042,2.6864753,2.6294997,2.4887617,2.622806,2.6617532,2.5463839
25,2.98979,3.0724616,3.9606552,3.2414386,2.510319,2.645224,2.5522296,2.556807,2.7416902,2.7494779,3.6911738,2.8675046,3.0338528,3.0237257,3.1703656,3.354214,1.0448204,1.476517,2.9542809,2.068139,2.054278,2.504173,1.0458423,1.177739,0.7402347,0.0,3.3283043,3.9928522,2.2630646,3.2937338,1.7370188,1.7832315,2.6565962,2.6046689,2.6928108,3.0955424,2.9450676,3.096661,3.2301295,3.2780225,3.5564873,3.5802143,3.6792698,3.763498,2.5208018,3.0007746,3.0098634,3.3695595,3.1553652,3.2398376,3.0709057,3.166371,3.5182662,3.2390878,4.080392,3.691066,3.7716122,3.7716122,3.8490484,3.7042544,2.4008553,2.429525,1.9833852,2.5209124,3.8324583,3.2766244,2.7000031,2.897964,3.161789,4.931742,2.9764826,2.998274,3.521035,3.562914,3.3393018,3.3367393,4.049635,3.8218272,3.2568805,3.0097952,3.6384928,4.3574033,3.4912145,3.530798,3.9182172,3.3828928,4.4996367,4.088482,4.2141747,3.2711782,3.5858686,3.5806258,3.532239,4.2821045,3.0016778,3.008671,3.7947946,3.2213557,3.4425595,3.4804587,3.2362647,3.9339087,3.030627,3.5427096,3.1195717,3.151404,2.961401,3.2007904,3.3137863,3.3272922,3.1748416,2.6788497,3.1013017,4.012792,3.2257164,3.302608,3.0931003,2.3667252,3.8128672,2.5915809,2.6497052,2.8019264,2.529366,2.5536466,2.4194276,2.515579,2.6115565,2.4798808
26,4.7526255,4.402701,5.3731356,5.0058427,4.0915833,4.3147902,4.1055927,4.100322,3.432447,3.5024064,4.929071,4.245755,4.4963145,4.495259,4.587531,4.944792,3.3220408,3.6641285,4.588325,3.893618,3.8465152,4.1772065,3.4040754,3.582214,3.4987144,3.3283043,0.0,1.7326789,4.0135894,4.686592,3.6258337,3.655957,3.7673633,3.7345672,3.7579038,3.9263275,3.7989483,4.1211033,3.3709369,3.479767,3.6304886,3.792714,4.072358,4.2923417,3.476586,3.61001,3.0414994,3.272259,3.1817045,3.4907284,3.2596767,3.1856635,3.0422661,3.1311743,3.7923565,3.2211313,3.112792,3.112792,3.2411394,4.3393345,3.0058804,3.071437,2.8821697,2.5146823,5.3092136,4.894749,3.9278617,4.0519276,3.8892272,4.3159313,3.608407,3.7046638,3.9941435,4.1012626,4.2339916,4.199579,4.0448613,3.7905986,3.8857276,3.6648633,4.0657587,4.658859,3.9870808,4.0566373,4.2753935,3.8915727,4.973868,4.544334,4.785518,3.9773228,4.0862517,4.126548,4.055215,4.445577,3.5046377,3.498384,4.6259785,4.0474977,4.0027,4.023083,3.8926888,4.227892,3.815176,3.8878016,2.7065918,2.7251487,2.5573764,2.6395872,3.5997093,3.6366482,3.4895403,3.3888152,3.6091013,4.237607,3.917031,3.6294684,4.0023017,3.0981672,4.529748,2.9700356,3.3528333,3.3066926,3.1922343,3.2848089,3.3626978,3.3314216,3.3873677,3.3164406
27,5.3271074,4.9509845,5.87201,5.9440084,4.7570014,4.9666567,4.8238277,4.8069367,4.200494,4.305448,5.6255784,4.866164,5.1009316,5.114133,5.2894073,5.518041,3.8971415,4.3071685,5.1945143,4.573658,4.55176,4.8427186,4.064653,4.200785,4.1850257,3.9928522,1.7326789,0.0,4.5206985,5.8318205,4.198667,4.2364993,4.5097113,4.4754505,4.507876,4.743731,4.5619817,4.8348947,4.1489334,4.215557,4.3043385,4.457698,4.75479,4.9989467,4.187877,4.4643064,3.7505713,3.7525415,3.9186466,4.3349867,3.8778932,3.9211845,3.6937075,3.8064225,4.422135,3.8714547,3.7690504,3.7690504,3.8151321,4.797413,3.7274714,3.9228525,3.5746553,3.2341468,6.0449557,5.6070848,4.6900196,4.84395,4.5915246,4.998836,4.4518657,4.558976,4.1997232,4.303179,4.956928,4.9554386,4.8069916,4.541475,4.8686514,4.5709944,4.8611245,5.407881,4.7047677,4.773847,4.9551983,4.619997,5.6465206,5.1969647,5.9584804,5.190962,5.409524,5.443274,4.821815,5.1206956,4.2601924,4.270688,4.9949484,4.6051793,4.6533766,4.6730547,4.390295,4.7270827,4.404727,4.469443,3.5222442,3.5603533,3.3325071,3.3931918,4.265419,4.295817,4.063378,4.154368,4.241953,4.948103,4.5816755,4.242074,4.4908533,3.7822592,5.1341147,3.6953065,3.969613,4.004579,3.838579,3.9141953,4.0241632,4.0146365,3.9631593,3.9161985
28,4.05912,4.180286,4.925804,4.362238,3.8661451,3.956703,3.6711035,3.8412821,3.9512992,3.794421,4.5647135,4.281411,4.157302,4.124588,3.9839256,4.4301157,2.639182,3.3696487,3.9453974,2.4635723,2.8575284,3.7274854,1.527629,1.3865566,2.4538305,2.2630646,4.0135894,4.5206985,0.0,2.4078784,1.4796711,1.4477581,3.565329,3.5403507,3.6012561,4.008912,3.8714633,3.901798,4.0713944,4.0781107,4.355713,4.368986,4.468125,4.6051893,3.500316,3.8932116,3.8324857,4.3616595,3.9239655,3.7391157,3.792888,3.9079132,3.714999,4.005175,4.676882,4.3127327,4.488603,4.488603,4.5220256,3.9997745,3.5815766,3.6872678,3.1436663,3.6223664,3.8990834,3.4549057,3.0244865,3.1735678,3.2541578,5.1782393,3.2209966,3.138317,3.5571136,3.64581,3.6496375,3.6205246,4.0084167,3.8031702,3.613824,3.3519022,3.845376,3.5860693,3.665201,3.7558756,4.0435443,3.5020175,4.5753794,4.087738,4.6225786,3.5889075,3.8882403,3.9614246,3.7498555,5.3618474,3.3638468,3.313944,4.1822205,3.779522,4.1140113,4.137887,3.7915118,4.1270156,3.7176688,4.453872,3.4030342,3.4385424,3.317642,3.432652,2.9140809,2.9147463,3.3136814,2.9187806,4.3127637,5.2185445,4.721872,4.414249,3.5898447,3.1279502,3.9799316,3.4911692,3.2495599,3.353383,3.0263233,3.0538704,3.069877,3.1246448,3.1103725,3.0378032
29,4.794725,4.885764,5.5854554,4.318428,4.5160384,4.5936394,4.2862463,4.450505,4.544289,4.3745475,4.93153,4.904416,4.738214,4.7387395,4.4819517,5.018439,3.5810754,4.039994,4.6113405,3.438136,3.4632084,4.253063,2.765095,2.689944,3.3217626,3.2937338,4.686592,5.8318205,2.4078784,0.0,2.8768952,2.8485076,4.17088,4.178513,4.2054768,4.465676,4.3792005,4.4413223,4.5925922,4.6210275,4.9567423,4.97861,4.967912,5.0211296,4.26412,4.36259,4.5300174,5.1441913,4.5430417,4.1033783,4.540126,4.52379,4.453611,4.6911526,5.264158,4.945393,5.1049867,5.1049867,5.2145085,4.811706,4.329944,4.198573,3.9507003,4.364302,4.3604555,4.125223,3.808419,3.87064,3.8949316,5.5559163,3.81911,3.7399547,5.0054865,5.0801206,4.1721687,4.059549,4.4943833,4.3848524,3.827054,3.9164228,4.292988,3.9449153,4.269673,4.349319,4.634028,4.175781,4.8125134,4.547245,4.200553,3.105069,3.2473185,3.3313975,4.2407985,5.7471848,4.0465364,4.0005064,4.969806,4.604704,4.8486953,4.8632174,4.670926,4.9346766,4.4746594,5.109508,4.1027718,4.10014,4.117216,4.211824,3.649313,3.6498852,4.0425773,3.648414,4.9387603,5.6947923,5.2857633,5.078312,4.2655287,3.9337869,4.581631,4.1965165,4.0439053,4.0904813,3.8719091,3.8844068,3.8989642,3.900221,3.9711952,3.9274862
30,3.9048624,4.013914,4.741231,4.1671324,3.5334697,3.7203853,3.4922721,3.516123,3.6205423,3.5219893,4.248414,4.001691,3.9492936,3.954369,3.764194,4.286724,2.1373913,3.0265398,3.6764545,1.8521096,2.4824312,2.7611446,1.0618362,1.1192986,1.8882115,1.7370188,3.6258337,4.198667,1.4796711,2.8768952,0.0,0.11430824,3.2729366,3.21498,3.2874246,3.6978307,3.5655155,3.7273304,3.8535702,3.904638,4.091539,4.1397896,4.2208333,4.33478,3.2642481,3.7283225,3.6064246,4.2267756,3.6886268,3.7971492,3.530353,3.6988566,3.5915258,3.7674034,4.4604983,4.1333756,4.255627,4.255627,4.2743583,3.722398,3.284102,3.362607,2.8313744,3.2905607,3.4872224,2.998699,2.3987527,2.5999558,2.7912426,4.7619004,2.6183522,2.6470535,3.1637685,3.1582906,3.2432146,3.3068573,3.6858702,3.4728582,2.9616003,2.7334626,3.30919,4.0593925,3.1304986,3.2073321,3.5448058,2.9615877,4.1481214,3.674203,4.158962,3.1412551,3.3921113,3.4038286,3.185977,5.0129113,2.7057104,2.6972249,3.884245,3.4024458,3.6187954,3.6531255,3.4388742,3.8335829,3.3484116,4.1712174,3.0953891,3.121041,2.9921758,3.1608481,3.3632941,3.3727036,3.0800238,2.6139224,3.291755,4.177674,3.7503846,3.3860033,3.2182813,2.6239924,3.6291177,2.7551148,2.9128797,2.959753,2.7200184,2.7482936,2.6835473,2.7198842,2.8320138,2.7150195
31,3.911352,4.0339518,4.7578855,4.179324,3.567311,3.749937,3.5153162,3.5427537,3.6546533,3.5452847,4.2478814,4.0390654,3.972768,3.9716675,3.7812536,4.306333,2.204066,3.0778327,3.7057097,1.8617284,2.4867315,2.7719426,1.1048052,1.1582309,1.9310812,1.7832315,3.655957,4.2364993,1.4477581,2.8485076,0.11430824,0.0,3.2735941,3.2143986,3.2855167,3.708619,3.5666316,3.720265,3.8444655,3.895084,4.0935717,4.1392045,4.2173624,4.336572,3.2651286,3.715685,3.5988462,4.261551,3.6793373,3.7797391,3.525631,3.6890945,3.5747151,3.7601552,4.452063,4.126812,4.2613916,4.2613916,4.278559,3.7226279,3.2994812,3.3785892,2.8436463,3.3076262,3.4472637,2.9658833,2.3718922,2.5746164,2.765806,4.784321,2.5933843,2.6114786,3.1330593,3.1272023,3.2015185,3.2678611,3.6491683,3.4409826,2.9452324,2.7000768,3.2914777,4.0102434,3.1126533,3.1922455,3.5306394,2.9288425,4.138562,3.6557143,4.13907,3.1323812,3.3713117,3.3867807,3.177469,5.0200453,2.7042882,2.6889982,3.8977487,3.4069207,3.6161704,3.6504998,3.4470022,3.8556056,3.358081,4.1790895,3.0832605,3.1084158,2.9897842,3.1560347,3.3341632,3.3427775,3.0688026,2.5914123,3.3241787,4.195506,3.7828054,3.4110153,3.2431026,2.6399157,3.587143,2.7794635,2.9281576,2.9677677,2.7290888,2.758618,2.683666,2.7293043,2.8410459,2.7293377
