,0,1,2,3,4,5,6,7,8,9,10,11,12,13,14,15,16,17,18,19,20,21,22,23,24,25,26,27,28,29,30,31,32,33,34,35,36,37,38,39,40,41,42,43,44,45,46,47,48,49,50,51,52,53,54,55,56,57,58,59,60,61,62,63,64,65,66,67,68,69,70,71,72,73,74,75,76,77,78,79,80,81,82,83,84,85,86,87,88,89,90,91,92,93,94,95,96,97,98,99,100,101,102,103,104,105,106,107,108,109,110,111,112,113,114,115,116,117,118,119,120,121,122,123,124,125,126,127
0,0.0,1.1282924,1.6087039,1.9481124,2.3467453,2.1866891,2.4825556,2.535647,2.0245697,1.7939695,2.0895348,2.205222,1.6113737,1.5776029,1.8865118,1.5811648,2.8835719,1.1720651,1.2025619,1.2789255,2.1127217,2.1195066,1.3639548,1.314703,2.2428112,1.8269317,2.6264107,2.5415373,2.1626067,2.5529966,2.2573028,2.324227,2.1677763,2.556168,3.0785325,3.116121,3.0399687,2.9807253,2.9303913,2.7002485,3.4052463,4.651197,2.4788961,2.8123786,3.0584059,3.0087495,2.8438547,2.8861973,2.5602262,1.9677702,2.3361304,2.4730067,2.5744827,2.2594345,2.2105672,3.4630296,2.2931128,2.3855703,2.2949517,2.2963097,2.3420777,2.338146,2.6401446,2.1787524,3.403015,3.4180946,2.7539482,2.7539482,2.7775283,2.5675664,2.734559,3.1202257,3.1205053,3.103763,3.4678833,2.989545,3.1028962,3.177225,3.1357021,2.8189256,3.095863,3.4373872,3.596173,3.607375,3.1968458,2.7350488,3.2633722,4.017755,3.2824895,3.1743376,3.662651,3.2341597,3.8174722,3.794108,3.7166574,3.6329293,3.5151155,3.5644343,2.9595232,3.2277174,3.4520168,3.5355496,3.5936103,4.3440137,3.0792716,3.1521635,3.0938458,2.7225788,3.1582172,3.3125482,3.9401135,3.9019427,3.7197866,3.635222,4.5206823,4.018491,2.3806021,2.4099097,3.01271,2.8491182,2.29847,2.7668726,2.7303634,2.9086604,3.2302139,2.3251464,3.6817238,2.9505994
1,1.1282924,0.0,1.7578169,2.1985254,2.2395856,2.03673,2.3342335,2.37633,2.2300813,2.0334187,2.2364123,1.9467262,1.819522,1.8025554,2.099525,1.8252187,3.0493097,1.3842667,1.5847499,1.6673514,2.4939952,2.5253494,1.9707656,1.9953754,2.5796804,2.2206626,2.9128,2.8292134,2.3420513,2.5259593,2.5898914,2.6111016,1.8120235,2.235376,2.6593323,2.698669,2.7830667,2.7127442,2.759007,2.349016,3.2167766,4.505091,2.1716287,2.539774,2.6955204,2.6585364,2.8830895,2.9134588,2.613062,2.1991014,2.3466048,2.510601,2.2356007,1.8366836,2.2472274,3.49836,2.3205411,2.0097458,1.9747814,1.9514875,1.9484462,1.9360732,2.674528,2.103175,3.5407252,3.5634854,2.8709483,2.8709483,2.9537008,2.772727,3.0581384,3.0174408,2.823609,2.8809812,3.3077216,2.774395,2.8272905,2.9404354,2.8850253,2.579463,3.3822823,3.6950533,3.7703738,3.5076175,2.8523295,2.6404,2.8402774,3.7199087,3.1600142,3.2593017,3.4565787,3.0210102,3.852456,3.8965328,3.539822,3.7082846,3.6717856,3.550193,3.06287,3.244848,3.5983944,3.853549,3.7179928,4.4158053,3.1511738,3.2819254,3.2226968,3.0394547,3.0477583,3.5703797,4.0051074,3.923503,3.5273898,3.4718359,4.2068834,3.8758836,2.4239557,2.5405278,2.7647123,2.6849747,2.2987583,2.8199592,2.7835875,2.9278758,2.820788,2.3605564,3.53003,2.6957731
2,1.6087039,1.7578169,0.0,1.2770951,2.3919787,2.234508,2.5219443,2.4448972,3.0158823,2.890783,2.8577487,2.9444706,2.7690926,2.7737753,2.9906082,2.8386607,3.697485,1.4677963,1.6185338,1.7474251,1.7620571,1.5745567,2.1413405,2.1083243,3.4033568,3.1897035,3.6756308,3.537156,3.2825892,3.6876686,3.405269,3.468587,2.8998816,3.0680149,3.4421756,3.387505,3.554941,3.4835348,3.5144827,3.116951,3.962586,5.0852137,3.2075822,3.4611967,3.5017352,3.4523654,3.3903694,3.4458585,3.3375409,2.1365025,3.0995567,3.2578392,3.3385568,3.0374038,3.0823631,4.0400186,3.1336105,3.1444707,3.012148,3.0335052,3.0832467,3.0698872,3.3898702,2.967042,4.2429557,4.251896,3.6416886,3.6416886,2.8345814,2.6993308,3.740852,4.0867763,3.881265,3.6920226,4.1970773,3.808459,3.8170521,3.8984463,3.7204292,3.5045047,3.448679,3.7025206,3.5537908,3.6666203,3.1886766,2.726964,3.2208722,4.117899,3.9946885,3.9299753,4.282335,3.8479314,3.8352885,3.9128919,4.3037367,3.7171764,3.7270062,3.859479,3.2769015,3.4925494,3.6701272,3.824916,3.8735898,5.0328336,3.69456,3.8520582,3.3603892,3.0184875,3.3058734,3.630464,3.9579713,3.8510346,3.6889992,3.597925,4.5217385,4.0810227,2.1994655,2.27428,2.7002034,2.5789452,2.469107,2.8049853,2.8476377,2.9389665,3.2545977,2.5475588,3.7569451,3.1438696
3,1.9481124,2.1985254,1.2770951,0.0,2.747771,2.4886904,2.7250068,2.6573887,2.8920038,3.0136018,2.8421886,3.0142016,2.841299,2.844191,2.7230253,2.894821,3.8378842,1.9081613,1.8096406,1.9790283,2.2132246,2.2759295,2.6359494,2.616288,3.6430774,3.4041886,3.232446,3.754032,3.5341563,3.5758014,3.6177216,3.6342998,3.102034,3.3270059,3.6865933,3.6180098,3.7378678,3.4727128,3.6174848,3.3467362,4.0760307,5.041474,3.501594,3.7420237,3.7392402,3.712852,3.5749726,3.6107574,3.446098,2.4132073,3.1303918,3.3978422,3.5480433,3.1496391,3.1607716,4.159851,3.2226684,3.2718906,3.0537221,3.1531904,3.1760108,3.1912832,3.4057908,3.0343373,3.893164,3.8935373,3.5050285,3.5050285,2.831786,2.6028132,3.5420377,3.9155276,3.7607815,3.6072211,4.051846,3.644206,3.588768,3.6916757,3.474696,3.2772093,3.182289,3.4886985,3.3978047,3.4511218,3.5826735,3.1475997,3.52089,4.2794266,3.831361,3.736005,4.164909,3.6540606,3.481067,3.5894692,3.9840806,3.3983161,3.4266312,3.711067,3.14579,3.4195807,3.4551966,3.5641515,3.7414563,4.657133,3.2147462,3.341428,2.8683543,2.8857458,2.9006333,3.1080902,3.626701,3.6127634,3.4046404,3.27879,4.3126893,3.7951124,1.7429967,1.8238726,2.5286877,2.3138282,2.4084947,2.610907,2.6795607,2.7374864,3.1833367,2.2452116,3.51619,3.024875
4,2.3467453,2.2395856,2.3919787,2.747771,0.0,0.78189135,1.3599687,1.5169486,2.4205441,2.1770725,2.8291152,2.774674,2.627425,2.7165778,2.8030822,2.718574,2.7395344,2.1747937,2.1499555,2.3433475,2.7765052,2.9402432,2.9329207,2.8845363,2.7845342,2.7016766,3.210993,2.929975,2.922513,3.2729554,2.5448997,2.8570518,2.4038622,2.9998102,3.2685204,3.382107,3.3348732,3.2169936,3.3756871,3.09842,3.3142142,4.713768,2.2748437,2.345886,3.2014291,3.1318018,2.8690608,3.076812,2.3942912,2.215392,2.554275,2.066685,2.3695588,2.5410037,2.05797,2.9889896,2.5356886,2.5216765,2.6794667,2.4625502,2.67493,2.6644773,2.8064816,2.6035461,3.7766075,3.790974,2.8068733,2.8068733,2.425201,2.4542034,3.0444658,3.8889194,3.3695204,3.393534,3.7303247,3.2402012,3.6037471,3.5620282,4.200872,3.867703,3.7576022,3.9087884,3.6540484,3.36575,3.0028393,2.6622627,3.0194907,4.1280327,3.2775636,3.2324824,3.771372,3.3185992,3.9969733,4.335668,3.9962428,3.7532256,4.023967,3.9301305,3.4930358,3.643507,3.4702277,3.593978,3.8661518,4.548632,3.5570784,3.5507276,3.7347693,3.0239248,3.7253113,3.9161983,4.3787255,4.31744,3.3879545,3.4506314,4.192641,3.640842,3.0171852,2.9863062,2.8547077,3.377454,2.1239977,2.5315688,2.631962,2.9803395,3.4889393,2.7750921,3.6493342,2.957228
5,2.1866891,2.03673,2.234508,2.4886904,0.78189135,0.0,0.97896624,1.1726252,2.312736,2.085502,2.508587,2.4655747,2.3314219,2.4153,2.549803,2.4477956,2.7266526,2.091894,1.9964272,2.2373567,2.741954,3.0012133,2.8949335,2.8265903,2.744716,2.6677945,3.1657438,2.9178636,2.9191177,3.242157,2.5775633,2.8422248,2.1089356,2.7714615,3.0140245,3.095861,3.1104953,2.9784954,3.1013892,2.8258789,3.2214735,4.590153,2.1783643,2.283305,2.9873044,2.955299,2.653158,2.880511,2.2751243,2.142775,2.250867,1.9585491,2.179634,2.225286,1.770959,2.855744,2.2265375,2.199991,2.2871864,2.148835,2.3500206,2.3215954,2.5072489,2.2421858,3.4646106,3.4698818,2.7295249,2.7295249,2.5962677,2.4448283,3.0026703,3.5604825,3.2387216,3.2557907,3.5468805,3.0938022,3.385195,3.3380241,3.9474878,3.6234524,3.660407,3.847806,3.5236325,3.2100668,2.993581,2.668474,2.8845854,3.9784603,3.1880293,3.1972547,3.7273495,3.1688344,3.7131395,4.096931,3.6594462,3.4751976,3.9113805,3.900088,3.176623,3.3589485,3.3898356,3.5125785,3.6051044,4.2315044,3.1306944,3.2170749,3.4437892,2.9474263,3.3718982,3.5890098,4.116633,4.091181,3.3054883,3.348737,4.031718,3.5162592,2.7972484,2.859394,2.8311691,3.242267,2.1456993,2.5595229,2.6240456,2.953434,3.1356912,2.6386738,3.5515943,2.9534135
6,2.4825556,2.3342335,2.5219443,2.7250068,1.3599687,0.97896624,0.0,0.79928285,2.4537354,2.3104162,2.773515,2.7116764,2.61098,2.6921458,2.7878745,2.7320487,2.9022315,2.38973,2.3165596,2.5242996,2.9695768,3.203903,3.2159042,3.1476705,3.0441415,2.9917278,3.3661256,3.1679206,3.1512024,3.5042212,2.847127,3.096249,2.4638422,3.0240612,3.2403214,3.3160071,3.3171751,3.1714535,3.3158412,3.0923254,3.4544125,4.945687,2.4337306,2.5181973,3.2092505,3.2075229,2.895293,3.1088326,2.5704935,2.5258183,2.5772815,2.217487,2.5845017,2.629247,2.1377127,3.0752938,2.5977814,2.5791605,2.6883492,2.5587256,2.7271056,2.6709192,2.8519914,2.5935667,3.7804813,3.7768364,3.0669367,3.0669367,2.9232879,2.756506,3.2063112,3.8106163,3.5126173,3.4993544,3.857204,3.393994,3.7005947,3.6558096,4.2518463,3.909587,3.9885366,4.1391664,3.869147,3.6330073,3.3890977,3.1109498,3.2621324,4.3941855,3.5237143,3.5643888,4.1101236,3.5365458,3.936382,4.331248,3.9770925,3.7438028,4.295852,4.333991,3.4907916,3.706685,3.6364632,3.7330966,3.8538198,4.478767,3.438712,3.5969357,3.9950762,3.3605025,3.732013,3.9399858,4.4142585,4.308223,3.7203453,3.7628756,4.4170594,3.9244978,3.2738547,3.3142571,3.178199,3.62215,2.3172514,2.923144,2.934414,3.2151897,3.4101813,2.9511552,3.841188,3.2326744
7,2.535647,2.37633,2.4448972,2.6573887,1.5169486,1.1726252,0.79928285,0.0,2.4416215,2.3182049,2.7188118,2.6487327,2.6603632,2.7373908,2.8300996,2.7697172,2.9947197,2.266338,2.2697911,2.5132368,3.173395,3.1727197,3.231423,3.1618855,3.0743325,3.054845,3.372389,3.1596491,3.1986992,3.5184247,2.8719666,3.1626172,2.470143,2.686749,2.9068952,2.974319,2.9456081,2.8092976,3.029529,2.7635274,3.1584752,4.605483,2.409987,2.4281187,2.8413126,2.8433483,2.5420682,2.7457795,2.4725006,2.3723752,2.5820649,2.1660995,2.593414,2.655337,2.116864,3.0073586,2.5785916,2.5744116,2.6490786,2.4953372,2.7250583,2.6609511,2.8484342,2.5687518,3.7228928,3.7186916,2.9733255,2.9733255,2.939735,2.745908,3.224189,3.9073806,3.4873617,3.0598664,3.8849692,3.379699,3.614339,3.6672785,3.9871101,3.6055071,3.9804406,4.1157703,3.4373903,3.5819118,3.3833609,3.017906,3.1281862,4.3543944,3.434096,3.4855053,3.9467392,3.4160686,3.5015543,3.9421694,3.849712,3.3955798,4.2972245,4.294254,3.511713,3.742809,3.6539285,3.7696707,3.8885138,4.522396,3.3345008,3.461337,3.840479,3.2684708,3.6821392,3.9704816,4.153812,4.0791845,3.4659874,3.5359285,4.201533,3.673935,3.155662,3.2174635,3.0455449,3.4821293,2.2692096,2.7237842,2.764886,3.078554,3.3488622,2.9411638,3.713566,3.084832
8,2.0245697,2.2300813,3.0158823,2.8920038,2.4205441,2.312736,2.4537354,2.4416215,0.0,0.84139097,1.7619442,1.9251194,1.6841438,1.732092,1.4709445,1.6789334,1.9606652,2.0263784,1.7812321,1.7342436,3.2105787,3.4978528,2.5542884,2.4454424,2.396972,1.7237165,1.691923,2.053979,2.0557034,2.2929254,1.6227498,1.97709,2.2780058,2.6217754,2.8745992,2.970622,2.930131,2.689849,3.0916874,2.6917498,3.0058398,4.437018,2.1324458,2.2087677,2.750093,2.7271729,2.7039535,2.497982,1.8650167,2.1773882,2.0873604,1.5643101,2.6290348,2.3323047,1.5672473,3.0272083,2.2511797,2.3650556,2.405365,2.3124065,2.4181464,2.435966,2.801372,2.2625477,2.51036,2.5210197,1.9348338,1.9348338,2.5647182,2.2670362,1.8769374,2.7432165,2.550634,2.3716683,3.032264,2.3910918,2.7663286,2.8199549,3.1486502,2.884427,3.4635406,3.6578772,3.6022704,3.7600405,3.5310931,3.153906,3.2949595,4.3924475,2.371665,2.3445306,3.3710616,2.6099164,3.1369226,3.2653987,2.8453927,2.9219224,3.9053307,3.8862958,3.0620332,3.2976124,3.544154,3.579358,3.7333016,3.7504833,2.5484097,2.3515542,3.069435,3.2329743,3.1739035,3.218768,3.5027454,3.437213,3.5279393,3.6272624,4.3393307,3.6438894,2.9388893,2.9640298,2.9524317,3.295332,1.6846933,2.2837932,2.311739,2.4775417,3.1715896,2.3625705,3.4314265,2.8272848
9,1.7939695,2.0334187,2.890783,3.0136018,2.1770725,2.085502,2.3104162,2.3182049,0.84139097,0.0,1.9241805,1.9571991,1.3773971,1.4517498,1.5195462,1.4554535,1.8885865,1.9120152,1.8468488,1.8177302,3.1467404,3.3299086,2.2557476,2.154474,1.7495005,1.3699528,2.0307925,1.8055373,1.9509357,2.3138957,1.2387112,1.8254796,2.1396706,2.5278533,2.7907388,2.9563189,2.8546636,2.75009,3.0607367,2.6652927,2.745099,4.3865633,1.8090372,1.9108107,2.7429333,2.70825,2.38837,2.4398937,1.6752899,2.0454798,2.0303273,1.3411748,2.1519625,2.185987,1.2737164,2.6627617,2.0379775,2.1784363,2.2866147,2.1396534,2.315432,2.3072832,2.430333,2.1228743,2.5579498,2.5729516,1.9455845,1.9455845,2.6748438,2.3665411,2.004428,2.7146316,2.652885,2.5117543,3.1046765,2.4889429,2.9402874,2.9609208,3.4261703,2.991074,3.5759218,3.7713523,3.5173125,3.6499577,3.4102764,3.0068161,3.2040257,4.268542,2.477962,2.4194267,3.395776,2.7474425,3.3160434,3.4284286,2.9712672,3.065485,3.9567442,3.9485943,2.9831479,3.2084694,3.6202757,3.6511734,3.6906028,3.8531466,2.632865,2.516824,3.1607382,3.2520866,3.264315,3.3197849,3.6527483,3.5726974,3.6873267,3.7624888,4.439815,3.7869434,3.0424247,3.0647185,3.1237214,3.4158556,1.8811483,2.4669323,2.478132,2.821434,3.2222564,2.5156918,3.5904326,2.937106
10,2.0895348,2.2364123,2.8577487,2.8421886,2.8291152,2.508587,2.773515,2.7188118,1.7619442,1.9241805,0.0,0.95596814,2.1638446,2.1323009,2.2549088,2.0518901,2.2960162,2.1558137,1.8662257,1.9810328,3.2495377,3.5757284,2.6594706,2.5023165,2.8259075,2.0674572,2.568727,2.2896233,2.8888974,3.2520936,2.592264,2.8155072,1.6032668,2.0573144,2.3664198,2.3348632,2.321334,2.1500223,2.5596113,1.9681665,3.7736738,4.882543,2.9229693,2.996755,2.1255925,2.1031394,2.3552632,1.926923,2.8051276,2.821718,1.3406079,2.5113525,2.8794274,1.882645,1.946968,2.8217957,1.7309562,1.8762798,1.8350127,1.8628277,1.8432499,1.8680775,2.4886215,1.625561,2.896663,2.9058976,2.5292826,2.5292826,3.0726628,2.6951678,2.558378,3.0518064,3.0027454,2.7658062,3.3833468,2.8674364,2.402015,2.4670784,2.6996737,3.106832,2.933902,3.1531217,3.2271075,3.3551958,3.6026082,3.236587,3.3375525,4.6817045,2.8962464,2.9898844,3.7641537,2.3418148,3.3255775,3.470874,3.2145753,3.400176,4.1850305,3.9495635,3.2572014,3.4056168,3.768003,3.8252091,3.791359,3.8139153,2.6838744,2.8340428,3.1217988,3.2970502,3.283185,3.424418,3.650592,3.6418748,3.8225358,3.9382174,4.349452,3.844785,3.2243361,3.3769126,3.2591171,3.5127754,2.2578897,2.7758327,2.713656,2.7760487,3.0970712,2.845723,3.7762203,3.1869059
11,2.205222,1.9467262,2.9444706,3.0142016,2.774674,2.4655747,2.7116764,2.6487327,1.9251194,1.9571991,0.95596814,0.0,2.206146,2.1823676,2.3038332,2.1296368,2.3563154,2.197377,2.1523006,2.268251,3.4667726,3.7166922,2.762359,2.678007,2.6657646,2.1469917,2.6206563,2.3330398,2.9653628,3.0893269,2.6526616,2.9514973,1.2449769,1.7666497,2.0933177,2.12543,2.0835512,1.8952869,2.410416,1.7457578,3.5110047,4.8239636,2.6754255,2.733501,1.8543354,1.8278099,2.2512774,2.0371222,2.827736,2.9384239,1.4160154,2.5171385,2.4392984,1.5064936,1.9302068,2.5774734,1.7601264,1.4848088,1.56228,1.5417994,1.498919,1.5135794,2.2985084,1.600209,2.890037,2.9100983,2.5015721,2.5015721,3.2698092,2.8882787,2.706155,2.8352413,2.6726356,2.5004938,3.2343972,2.6031795,2.0623648,2.1709921,2.6103127,2.9067738,3.0225172,3.219419,3.249067,3.0842345,3.4553688,3.2665203,3.1025472,4.5686693,2.750767,2.9707506,3.610055,2.1017525,3.3657155,3.5116189,3.0436954,3.4841607,4.350851,3.9629974,3.315016,3.4145296,3.818216,4.004345,3.8177223,3.8220623,2.7269692,2.9452834,3.1898065,3.5162027,3.1945393,3.6263797,3.756229,3.6810234,3.7969437,3.934735,4.180925,3.814741,3.3678815,3.5523078,3.1595929,3.4745424,2.2437375,2.8606746,2.7862232,2.9603014,2.8411415,2.9100301,3.724761,2.956995
12,1.6113737,1.819522,2.7690926,2.841299,2.627425,2.3314219,2.61098,2.6603632,1.6841438,1.3773971,2.1638446,2.206146,0.0,0.19783942,0.87611175,0.42038897,2.8674045,2.0852017,2.0364296,2.0292954,3.3083458,3.398701,2.422963,2.383148,2.0049422,1.7056262,2.366813,2.6161993,1.9054404,2.2183867,1.9792709,1.8542186,2.227823,2.6415117,2.8411012,2.9406676,3.0200963,2.9282975,3.0303876,2.704961,2.9519672,4.6145654,1.8923076,2.4526134,2.9300914,2.9033866,2.618119,2.7208385,1.7859914,2.213348,2.0218415,1.6856945,1.8643792,1.810977,1.4272376,3.265606,1.7911329,1.9541711,1.835214,1.8734318,1.9750212,1.9541147,2.1586897,1.7635351,3.0740032,3.0746577,2.6438847,2.6438847,3.348449,3.0612657,2.8223963,2.8917139,3.1180959,2.9294574,3.5182753,2.9356818,3.2658577,3.3831823,3.2679596,2.6395082,4.0174227,4.3589234,3.941943,4.066513,3.7632315,3.3748271,3.6796427,4.3489394,3.0701635,3.067964,3.6784,3.2699435,3.7530584,3.8932734,3.328336,3.5914688,3.9820206,4.169281,3.0539255,3.3785768,4.0459175,4.082663,4.018835,4.1522546,2.7047784,2.7343805,3.2914453,3.4628534,3.3172512,3.387808,3.985762,3.8928251,4.0910563,4.0433345,4.8276987,4.3248086,2.7766123,2.857823,3.6675227,3.4777849,2.598105,3.189709,3.1732202,3.4103622,3.5177295,2.6758387,4.065188,3.5273228
13,1.5776029,1.8025554,2.7737753,2.844191,2.7165778,2.4153,2.6921458,2.7373908,1.732092,1.4517498,2.1323009,2.1823676,0.19783942,0.0,0.9053123,0.29275295,2.911411,2.077001,2.0141494,2.0186129,3.3140512,3.3999114,2.4240887,2.3710814,2.0263395,1.6597526,2.35354,2.5973573,1.8743476,2.2163122,2.0052266,1.8408666,2.1971064,2.5949337,2.8410838,2.9226668,3.0086017,2.9223225,2.9466267,2.6658711,3.0347383,4.638607,1.9360596,2.5219584,2.9025967,2.8778691,2.6444395,2.7032914,1.8434789,2.2555773,1.9904629,1.7623378,1.9338775,1.7826341,1.4786294,3.3120966,1.7720803,1.9522593,1.8017735,1.8659675,1.928137,1.9124068,2.1763303,1.7201892,3.0745544,3.0752008,2.6665192,2.6665192,3.4300697,3.138119,2.850822,2.8501632,3.111704,2.9260848,3.54756,2.9378805,3.2261097,3.3615716,3.176859,2.570957,3.9815538,4.330527,3.968671,4.1028695,3.822992,3.435836,3.7413344,4.392459,3.0995345,3.087013,3.6988566,3.2844799,3.760854,3.887395,3.3372383,3.622637,3.9556212,4.1304007,3.0011764,3.3270142,4.000316,4.035525,3.9556968,4.0867715,2.673547,2.7302537,3.2627482,3.4721026,3.2796829,3.3494558,3.971198,3.885401,4.1214004,4.066144,4.8324113,4.3413463,2.7966201,2.8914907,3.7112224,3.4795234,2.652349,3.2352047,3.2072685,3.4210467,3.5077238,2.6823604,4.148208,3.564126
14,1.8865118,2.099525,2.9906082,2.7230253,2.8030822,2.549803,2.7878745,2.8300996,1.4709445,1.5195462,2.2549088,2.3038332,0.87611175,0.9053123,0.0,0.9082876,2.9332085,2.2921002,2.1504548,2.158128,3.4789643,3.6009433,2.692798,2.6700795,2.247819,1.9143677,1.7364771,2.7388446,2.1028886,1.9732127,2.1432652,2.0417252,2.4362268,2.8284373,3.062032,3.1479125,3.1917458,2.9389138,3.126581,2.8897352,2.9321742,4.6048026,2.184045,2.6325035,3.0974658,3.0700176,2.8286374,2.8874743,1.9163816,2.3739219,2.1598184,1.8391781,2.1381254,2.017301,1.6391891,3.382377,2.053124,2.1651344,2.0127125,2.0797818,2.1480658,2.1612487,2.3238657,2.0012457,2.8533237,2.850847,2.4786592,2.4786592,3.2619386,2.970501,2.6053529,2.7892547,2.9368358,2.7677035,3.3404799,2.7390695,3.068847,3.216228,3.0918555,2.4517498,3.8573344,4.2083535,3.8798082,3.9635108,3.9238484,3.5626826,3.8091486,4.487881,2.8684576,2.8326406,3.581885,3.1089234,3.604906,3.747109,3.1404943,3.4489424,3.8783967,4.067403,3.10412,3.448817,3.8764625,3.9101174,3.9918025,3.9356194,2.5198944,2.4203413,3.0775,3.3718166,3.1398115,3.1774194,3.826008,3.735284,3.9419813,3.8999124,4.721065,4.1787844,2.6768653,2.7286196,3.532222,3.3549094,2.4636297,3.0498526,3.0498822,3.2711468,3.5271573,2.4837272,3.8734596,3.3982787
15,1.5811648,1.8252187,2.8386607,2.894821,2.718574,2.4477956,2.7320487,2.7697172,1.6789334,1.4554535,2.0518901,2.1296368,0.42038897,0.29275295,0.9082876,0.0,2.8563643,2.080132,1.9771073,2.0101378,3.3492513,3.4166062,2.4496713,2.3890798,2.0111897,1.5023779,2.2225776,2.4988906,1.774521,2.1316357,1.9386135,1.7459755,2.0931525,2.4980347,2.8089058,2.8812387,2.913898,2.8203115,2.7923548,2.579157,3.0572283,4.5905294,1.9247754,2.507268,2.8133528,2.7821212,2.6165857,2.6082768,1.7971745,2.2957337,1.8792315,1.7313348,1.9663152,1.6986127,1.4267315,3.298661,1.6815611,1.8898839,1.7246783,1.7872803,1.830162,1.8249419,2.1698396,1.6233517,3.075195,3.0773962,2.5768778,2.5768778,3.4273942,3.165647,2.7603831,2.8621063,3.0434322,2.8586535,3.5024495,2.8644006,3.120061,3.2756848,3.0499353,2.5019305,3.9083674,4.261611,3.9735649,4.1177216,3.831973,3.4403024,3.7782855,4.429676,3.0522363,3.0233147,3.6298132,3.2118287,3.811183,3.9362662,3.3661566,3.6934166,3.9417095,4.0557303,3.0619154,3.3823807,3.9292052,3.9597578,3.939216,4.0302987,2.6901987,2.7225878,3.2843463,3.3809946,3.340561,3.3951523,4.0343432,3.9744027,4.0849986,4.0331006,4.785372,4.301251,2.858876,2.9408848,3.7390258,3.499771,2.6662862,3.2351108,3.193806,3.385533,3.5649168,2.7005293,4.1596932,3.5361574
16,2.8835719,3.0493097,3.697485,3.8378842,2.7395344,2.7266526,2.9022315,2.9947197,1.9606652,1.8885865,2.2960162,2.3563154,2.8674045,2.911411,2.9332085,2.8563643,0.0,2.574008,2.518364,2.503645,3.307644,3.6978369,2.8542194,2.658366,2.5042617,2.086955,2.7060676,1.5036027,3.1650186,3.4442842,2.1291487,3.0930011,2.5426342,3.2456036,3.5419195,3.6238875,3.4378502,3.3305275,3.7114024,3.3005252,3.6989923,4.8129506,2.600829,2.1490598,3.4361355,3.3648305,3.2940662,3.2278502,2.480881,2.7374072,2.5581138,2.329883,3.2577877,3.0380123,2.117058,2.402378,3.0456784,3.1053112,3.155254,3.1139061,3.1436083,3.1699204,3.3523471,3.0585916,2.6862032,2.7026372,1.8330866,1.8330866,2.5701478,2.3064847,1.7782236,3.0952272,2.4196656,3.155035,2.907919,2.280634,2.8019936,2.5798688,4.1245565,4.110128,3.2921064,3.2406168,3.799907,3.4970264,3.212004,3.0607934,3.0640025,4.445486,2.3364282,2.2298813,3.6071885,2.535382,3.6483173,3.683766,3.0248137,3.4702742,4.4776287,4.0245905,3.4956157,3.5875664,3.5497732,3.61628,3.7469077,3.8932838,3.2476342,3.1921692,3.6411996,3.4466374,3.731985,3.761511,4.0549407,4.14418,3.795097,4.0388117,4.087854,3.6667676,4.052143,4.1080384,3.2264285,3.789318,2.093566,2.566205,2.3827415,2.7255175,3.2586033,3.0381098,3.6265738,2.9416912
17,1.1720651,1.3842667,1.4677963,1.9081613,2.1747937,2.091894,2.38973,2.266338,2.0263784,1.9120152,2.1558137,2.197377,2.0852017,2.077001,2.2921002,2.080132,2.574008,0.0,0.8298159,0.86615837,1.9210718,1.8329482,1.61668,1.5208094,2.571633,2.1324122,2.7672648,2.3837972,2.4749842,2.9123175,2.376698,2.6594934,2.2708662,2.5043857,2.9791853,2.9576297,2.960116,2.8809931,3.0381234,2.6164007,3.4574604,4.5706415,2.2133808,2.4583526,2.9814675,2.9127467,2.998883,2.919722,2.3524082,1.4042939,2.4540844,2.367744,2.862771,2.4974773,2.2153397,3.3513248,2.6715972,2.7025852,2.5448613,2.5763955,2.582753,2.5955777,3.0558395,2.4963837,3.4016652,3.4179263,2.6105304,2.6105304,2.4351707,2.252492,2.7618074,3.3612747,2.8609693,2.836244,3.5212083,2.7796924,3.0067294,3.1258607,3.2078235,2.9431784,3.1270106,3.3202527,3.3855782,3.532782,2.9273274,2.5308535,2.8964632,3.917658,3.060574,2.9624991,3.5505695,3.0628443,3.2279968,3.220513,3.430598,3.1736133,3.612823,3.4956093,2.8536174,3.0720623,3.2947822,3.4616437,3.512096,4.410813,3.0223618,3.1391728,2.9444246,2.8597026,3.0174205,3.3194723,3.587324,3.5664344,3.2791734,3.2843454,4.001074,3.5621529,2.3527608,2.4323132,2.386068,2.3200548,1.638782,2.11057,2.0484624,2.191956,2.8198283,2.1187806,3.4415982,2.4134557
18,1.2025619,1.5847499,1.6185338,1.8096406,2.1499555,1.9964272,2.3165596,2.2697911,1.7812321,1.8468488,1.8662257,2.1523006,2.0364296,2.0141494,2.1504548,1.9771073,2.518364,0.8298159,0.0,0.50925475,1.8757766,2.074135,1.8102559,1.6365272,2.7377005,2.007921,2.5181572,2.2804446,2.3175204,2.9202497,2.2793083,2.4702446,2.1475186,2.459119,2.9693246,2.9063628,2.9588559,2.8388464,2.8456893,2.5273187,3.5014749,4.5576587,2.3376992,2.547773,2.8961234,2.8526993,2.9876795,2.7303748,2.2696934,1.4667549,2.2082922,2.2479181,3.0197778,2.421948,2.0856957,3.429363,2.4776444,2.6105983,2.417025,2.4795487,2.4539442,2.4761631,3.043669,2.2929354,3.2088761,3.2192044,2.552621,2.552621,2.3687344,2.1760442,2.6217074,3.2308354,2.8912027,2.9080007,3.366894,2.7807438,2.9481454,3.033123,3.0558894,2.9780235,3.0535963,3.2664423,3.4863098,3.6465843,3.0530896,2.5923352,3.013793,4.018689,3.0384514,2.8917224,3.6596942,3.0439975,3.2424624,3.3050098,3.3579369,3.0796506,3.4635806,3.438234,2.7075973,2.9262564,3.0309653,3.121452,3.2507422,4.0516996,2.810192,2.8431067,2.742252,2.611343,2.873095,3.0051596,3.4261537,3.4120924,3.2458372,3.2401218,4.0018673,3.4803073,2.2726398,2.3504758,2.4413197,2.3845897,1.6571597,2.1249712,2.0801055,2.0537443,2.8147743,2.035611,3.38378,2.5839868
19,1.2789255,1.6673514,1.7474251,1.9790283,2.3433475,2.2373567,2.5242996,2.5132368,1.7342436,1.8177302,1.9810328,2.268251,2.0292954,2.0186129,2.158128,2.0101378,2.503645,0.86615837,0.50925475,0.0,1.8261511,2.1307664,1.7049878,1.5430813,2.8454993,2.0854318,2.6180615,2.3754227,2.2634976,2.924116,2.283102,2.444678,2.4207027,2.7341187,3.1289124,3.078244,3.1958077,3.0879207,3.230676,2.7754014,3.6307518,4.7254004,2.3905427,2.628318,3.1127756,3.0649884,3.2373292,2.9650347,2.34685,1.4547231,2.4443944,2.319615,3.171886,2.622921,2.250708,3.6330166,2.7081442,2.8205042,2.6574595,2.7110875,2.6850047,2.7085452,3.283512,2.5404127,3.3065605,3.3192873,2.6923635,2.6923635,2.333068,2.149199,2.687298,3.2808704,2.9765558,3.0397372,3.464401,2.8764486,3.1373246,3.1966887,3.2333782,3.1219885,3.248735,3.449989,3.7156224,3.8686516,3.0927107,2.6604743,3.0661266,4.0526834,3.094722,2.9759402,3.7552373,3.176859,3.308106,3.3023937,3.3924334,3.1175666,3.5872705,3.6141045,2.8076606,3.0206215,3.3379047,3.4302835,3.5138972,4.28331,2.9766343,2.9854267,2.888092,2.9220498,2.9914975,3.1174622,3.4674404,3.4038975,3.432463,3.4385295,4.230924,3.6933336,2.3177698,2.3806157,2.4717937,2.4535205,1.6132536,2.157872,2.1347923,2.0504963,2.8935459,2.081218,3.425277,2.666551
20,2.1127217,2.4939952,1.7620571,2.2132246,2.7765052,2.741954,2.9695768,3.173395,3.2105787,3.1467404,3.2495377,3.4667726,3.3083458,3.3140512,3.4789643,3.3492513,3.307644,1.9210718,1.8757766,1.8261511,0.0,1.5514855,2.0005033,1.8921757,3.6626737,3.2672088,3.849942,3.41026,3.3724368,3.9011025,3.3360405,3.5832558,3.4584484,4.026373,4.508775,4.4491167,4.4782615,4.4014955,4.3277802,4.09044,4.6364923,5.5058627,3.5128143,3.5953088,4.4768505,4.417764,4.4046187,4.367572,3.5813112,2.2372155,3.6864552,3.5460944,4.1030874,3.7972908,3.4912698,4.4218903,3.9233963,3.9587693,3.8428183,3.9043229,3.8805354,3.893644,4.2498116,3.7820168,4.239628,4.2517605,3.6592333,3.6592333,2.6237597,2.5626483,3.5163565,4.0471315,3.8092258,4.341175,4.0228024,3.7337995,4.0861707,3.9497225,4.518499,4.403298,3.2783546,3.420972,4.450161,4.051535,3.108731,2.8334572,3.3248515,4.064061,4.1041427,3.9048932,4.5647717,4.1857166,4.356393,4.281311,4.41354,4.0063667,3.90396,3.9032638,3.4211774,3.5892942,3.4598234,3.5877147,3.6985033,5.0168276,4.1111984,4.176406,3.6102343,3.0603006,3.5913932,3.708014,4.4059873,4.403541,3.9574673,3.9240475,4.6491275,4.2304277,2.933863,2.9733803,2.8378232,2.912963,2.6455908,2.9533029,2.9294147,2.8995945,3.4154458,2.8037481,3.8082688,3.2000449
21,2.1195066,2.5253494,1.5745567,2.2759295,2.9402432,3.0012133,3.203903,3.1727197,3.4978528,3.3299086,3.5757284,3.7166922,3.398701,3.3999114,3.6009433,3.4166062,3.6978369,1.8329482,2.074135,2.1307664,1.5514855,0.0,1.9975237,1.9322668,3.4963472,3.3100798,3.9253113,3.4648173,3.6258168,4.0727434,3.5931602,3.9138994,3.5228553,3.7155745,4.2152743,4.1664386,4.159757,4.1507306,4.0902915,3.8227713,4.228316,5.2154965,3.5253732,3.5768785,4.3020844,4.2157526,4.0902133,4.160462,3.5896857,2.3296542,3.7933218,3.7160087,4.051136,3.8679702,3.622697,4.351037,3.9764357,4.044835,3.865602,3.915672,3.9297924,3.925454,4.1187625,3.8073986,4.6706986,4.6805778,3.7777333,3.7777333,2.8002744,2.863936,3.764303,4.5469074,4.011218,4.2044835,4.246082,3.9394932,4.1973705,4.2299476,4.3653326,4.1267548,3.6381454,3.7874093,4.0355563,4.16612,3.1171188,2.6733932,3.4660528,4.1963325,4.233183,4.0018272,4.504768,4.2892075,4.4755917,4.3742504,4.7683344,4.2828255,3.9916549,3.9506106,3.8201048,4.0325317,3.6902337,3.8113372,4.12624,5.4984655,4.3947663,4.432962,3.9346972,2.8738327,3.957558,4.1269054,4.5023093,4.4728246,4.002798,3.9198098,4.685885,4.4012012,3.0532458,2.99229,3.0793338,2.765024,2.8591654,3.1519802,3.0415788,3.1663408,3.8248723,2.9340243,3.8782918,3.309948
22,1.3639548,1.9707656,2.1413405,2.6359494,2.9329207,2.8949335,3.2159042,3.231423,2.5542884,2.2557476,2.6594706,2.762359,2.422963,2.4240887,2.692798,2.4496713,2.8542194,1.61668,1.8102559,1.7049878,2.0005033,1.9975237,0.0,0.5302916,2.4254134,2.1628788,3.1034462,2.5389338,2.6085377,3.0317483,2.3957367,2.822851,2.8779037,3.1865516,3.7318301,3.7927277,3.4934964,3.527721,3.63027,3.3561904,3.5786262,4.8964663,2.9839923,3.000018,3.7135978,3.6454747,3.4172983,3.529023,3.0200326,2.0754154,3.1438537,3.009405,3.2612796,3.1536586,2.874508,3.7347806,3.2092595,3.2161622,3.163928,3.1621308,3.255963,3.2416282,3.419143,3.1253805,3.6382778,3.6630545,3.0690403,3.0690403,2.8872252,2.6973512,2.926984,3.49625,3.3779624,3.5187259,3.4740164,3.2571375,3.5411437,3.4986453,3.8377721,3.5693502,3.2129595,3.4337683,3.9201777,3.8841274,3.1389973,2.741664,3.215482,4.0795465,3.6549397,3.4715667,4.1029925,3.6484933,4.153205,3.9507759,3.9829242,3.8167627,4.204388,4.081146,3.6173017,3.8191166,3.8996255,4.0122557,4.008467,4.893836,3.756067,3.6754162,3.3557043,2.8913028,3.7044706,3.8900838,4.315948,4.255321,4.1084833,4.093476,4.8068776,4.362261,3.0764616,3.0814714,3.1919956,3.1281924,2.6490905,3.0824857,3.0378435,3.2581937,3.5938234,3.0164633,3.4869797,2.9647114
23,1.314703,1.9953754,2.1083243,2.616288,2.8845363,2.8265903,3.1476705,3.1618855,2.4454424,2.154474,2.5023165,2.678007,2.383148,2.3710814,2.6700795,2.3890798,2.658366,1.5208094,1.6365272,1.5430813,1.8921757,1.9322668,0.5302916,0.0,2.3943915,2.0492475,3.059697,2.345082,2.5851452,3.092627,2.3226166,2.8066592,2.7864852,3.0986786,3.6464567,3.67516,3.5203137,3.5529482,3.5359278,3.2411342,3.5998127,4.8049793,2.9442768,2.9328256,3.601825,3.5316157,3.3500783,3.3896456,2.9276085,2.0021818,3.012769,2.9093,3.3015535,3.1229613,2.7580132,3.6130943,3.1313996,3.2063057,3.135109,3.1444473,3.2033882,3.1969476,3.3920655,3.0498595,3.459023,3.4789498,2.8738046,2.8738046,2.7238934,2.4937615,2.7413704,3.3019888,3.236673,3.405797,3.3687901,3.1322029,3.4069808,3.3597958,3.7301657,3.5129514,3.043813,3.2492745,3.7618098,3.797969,3.0331829,2.5856879,3.0959148,4.003415,3.4307063,3.2217839,3.9869194,3.5096035,3.9608877,3.760745,3.8239768,3.6358666,3.949325,3.8216758,3.2964616,3.5029697,3.6042895,3.6913674,3.6987298,4.619232,3.6004353,3.5424793,3.2376266,2.7907622,3.4678228,3.600045,4.023504,4.0033627,4.005775,4.0073376,4.6663632,4.1983476,3.0347295,3.0721672,3.126503,3.090495,2.5378523,2.9189901,2.849099,3.0551372,3.3806002,2.7688808,3.5929828,3.0586462
24,2.2428112,2.5796804,3.4033568,3.6430774,2.7845342,2.744716,3.0441415,3.0743325,2.396972,1.7495005,2.8259075,2.6657646,2.0049422,2.0263395,2.247819,2.0111897,2.5042617,2.571633,2.7377005,2.8454993,3.6626737,3.4963472,2.4254134,2.3943915,0.0,1.43541,2.4649298,1.8882896,2.713613,2.7697327,1.8141694,2.5824783,2.4653442,2.8979442,3.40715,3.6134644,3.1928303,3.205634,3.167902,3.1775384,2.8277638,4.711213,2.3230345,2.3538911,3.3738866,3.2974093,2.4783,3.023027,2.2874894,2.740757,2.4760385,2.224209,1.9759623,2.530574,1.8688275,2.288981,2.381577,2.5316718,2.5814128,2.5006871,2.6611743,2.639757,2.0740104,2.4946654,3.0179024,3.0326264,2.3576841,2.3576841,3.5587583,3.293104,2.5752933,3.112715,3.073338,3.1850586,3.4528613,2.895379,3.2818983,3.3072805,4.024466,3.4331489,3.724449,3.925729,3.6407704,3.6034563,3.8731656,3.5273387,3.8246012,4.6978555,3.1054945,2.8682203,3.835215,3.2857206,4.166766,4.201133,3.6534555,4.002367,4.457725,4.2676086,3.5147583,3.7354536,3.8094847,3.8218222,3.8699906,4.0939274,3.2193174,3.2057812,3.6144683,3.3804495,3.8284237,3.860107,4.4433374,4.3970785,4.3784423,4.400948,4.8153095,4.4054494,3.8735507,3.8812478,4.017048,4.0046077,2.9460728,3.4640768,3.3585856,3.9234073,3.9422002,3.3263378,4.261773,3.5440674
25,1.8269317,2.2206626,3.1897035,3.4041886,2.7016766,2.6677945,2.9917278,3.054845,1.7237165,1.3699528,2.0674572,2.1469917,1.7056262,1.6597526,1.9143677,1.5023779,2.086955,2.1324122,2.007921,2.0854318,3.2672088,3.3100798,2.1628788,2.0492475,1.43541,0.0,1.973339,1.2759254,1.9465727,2.4761717,1.3632811,1.9010621,1.9483597,2.4461746,3.0445242,3.1540458,2.8265414,2.8253005,2.6963875,2.667734,3.1509695,4.6344867,2.0753136,2.2479777,2.890965,2.8224645,2.6263158,2.5692978,1.9622483,2.4446886,1.9011129,1.9163257,2.41182,2.1235986,1.5956032,2.7687864,2.023089,2.2490773,2.2102005,2.184088,2.194273,2.2128313,2.427597,2.0273643,2.9067984,2.9269733,2.1603382,2.1603382,3.2537112,3.0629623,2.2482536,2.8995929,2.7532578,2.9550436,3.2184365,2.5849633,2.857603,2.9215202,3.3451905,3.120366,3.487225,3.706317,3.8984065,3.9440544,3.7013264,3.332496,3.711584,4.6160083,2.8844962,2.6640415,3.6760485,2.991301,4.0298457,4.040865,3.447944,3.8651543,4.1715817,3.93745,3.2796974,3.4659383,3.538787,3.5395255,3.6538537,3.805687,2.979457,2.9047759,3.3660946,3.1375782,3.629068,3.601852,4.1946588,4.159217,4.118975,4.1466,4.617115,4.1733813,3.5714474,3.5849342,3.716798,3.6623614,2.5612254,3.1408842,3.0145352,3.2804215,3.673445,2.9970644,4.0740457,3.2792196
26,2.6264107,2.9128,3.6756308,3.232446,3.210993,3.1657438,3.3661256,3.372389,1.691923,2.0307925,2.568727,2.6206563,2.366813,2.35354,1.7364771,2.2225776,2.7060676,2.7672648,2.5181572,2.6180615,3.849942,3.9253113,3.1034462,3.059697,2.4649298,1.973339,0.0,2.2901893,2.744155,2.4239185,2.3084247,2.6636412,2.7131474,3.0283725,3.533076,3.612227,3.3327513,2.9713414,3.1311264,3.1959136,3.1991262,4.743062,2.806477,2.8651218,3.3751614,3.3289235,3.1541543,3.083849,2.4328492,2.910232,2.4650457,2.4247797,3.0038242,2.7081254,2.2363496,3.2279072,2.7110033,2.825896,2.6975374,2.7440357,2.7323909,2.7889125,2.8720012,2.653979,2.636204,2.643944,2.174426,2.174426,3.3033915,3.0802944,2.1892087,2.9898844,2.669791,2.7827353,3.1450675,2.4837685,2.7100067,2.870752,3.1846733,2.9215128,3.4535465,3.671575,3.8043587,3.8514466,4.257775,3.9436097,4.133049,5.044376,2.7200313,2.4459062,3.7172477,2.8875616,3.6760824,3.7398808,3.1641273,3.5649908,4.1348243,3.9946194,3.4910438,3.7268128,3.3843937,3.378483,3.784532,3.5011566,2.6739576,2.3673267,3.0291836,3.2399454,3.347893,3.2740211,3.8547568,3.791947,3.9013166,3.9373713,4.4823527,3.9615188,3.4524093,3.4255822,3.5229201,3.4863482,2.4340029,2.9803348,2.9079652,3.1441767,3.77285,2.8008182,3.7758806,3.1672082
27,2.5415373,2.8292134,3.537156,3.754032,2.929975,2.9178636,3.1679206,3.1596491,2.053979,1.8055373,2.2896233,2.3330398,2.6161993,2.5973573,2.7388446,2.4988906,1.5036027,2.3837972,2.2804446,2.3754227,3.41026,3.4648173,2.5389338,2.345082,1.8882896,1.2759254,2.2901893,0.0,2.8322291,3.323561,1.8151003,2.790985,2.2267284,2.6105711,3.1916094,3.2734807,2.9331975,2.9441059,2.9547975,2.8224385,3.3353193,4.7316046,2.4134622,2.1388524,3.0511634,2.9888296,2.823368,2.7225907,2.2895231,2.6395047,2.2281559,2.2968001,3.0711448,2.751257,1.9842843,2.3226922,2.67466,2.8487318,2.7939954,2.7990978,2.7732592,2.7928095,2.9418757,2.636854,2.7136784,2.7332156,2.0583036,2.0583036,3.1820884,2.9351122,2.1972148,3.0708141,2.607551,3.0369883,3.138871,2.4923403,2.7741554,2.7629714,3.7198846,3.6888402,3.417332,3.4233363,3.6910381,3.7808342,3.6669686,3.3700106,3.5425403,4.7926636,2.7417068,2.451052,3.885385,2.8484921,3.7184494,3.7076402,3.2069366,3.5919096,4.4599047,4.0526047,3.3133025,3.3902874,3.313062,3.3186424,3.3994706,3.6057754,3.0139017,2.9607792,3.3521194,3.3139105,3.6200771,3.6012182,3.8970835,3.8751245,4.045778,4.1804457,4.266083,3.9059787,4.056836,4.098098,3.5305939,3.669302,2.370874,2.9327977,2.717124,3.0410461,3.4339116,3.1753592,3.9446337,3.1163743
28,2.1626067,2.3420513,3.2825892,3.5341563,2.922513,2.9191177,3.1512024,3.1986992,2.0557034,1.9509357,2.8888974,2.9653628,1.9054404,1.8743476,2.1028886,1.774521,3.1650186,2.4749842,2.3175204,2.2634976,3.3724368,3.6258168,2.6085377,2.5851452,2.713613,1.9465727,2.744155,2.8322291,0.0,1.7235794,1.4885381,0.73716366,2.9437408,3.195039,3.7462726,3.8061469,3.655778,3.6284394,3.2484298,3.3908877,3.4021246,4.698598,2.1489506,2.6747057,3.4005709,3.3735714,3.5528047,3.3311653,2.0836449,2.277088,3.011907,1.8949636,2.8260248,2.7894087,2.3218474,4.257031,2.8125513,2.871107,2.9172482,2.7991908,2.8945072,2.889373,3.5251365,2.8438733,3.564548,3.5834916,2.988957,2.988957,3.7159276,3.6027987,3.0601928,3.207866,3.3402627,3.0657299,3.7971478,3.2441587,3.823679,3.9223866,3.6644692,3.070517,4.276135,4.579467,4.9094224,4.9662967,4.085929,3.7410486,4.0306225,4.5212865,3.5948458,3.477971,3.9749722,4.0179443,4.332809,4.39906,3.9370143,3.9656212,4.345633,4.331958,3.586858,3.8604426,4.0001974,4.0805936,4.085902,4.390477,3.6112044,3.402181,3.7860892,3.6262639,3.9461777,4.0859904,4.67343,4.604849,4.328096,4.304242,5.16868,4.5332255,3.3759923,3.4234877,4.0077085,4.018894,3.144235,3.5576303,3.639686,3.6625488,4.077461,3.3070047,4.478093,3.693468
29,2.5529966,2.5259593,3.6876686,3.5758014,3.2729554,3.242157,3.5042212,3.5184247,2.2929254,2.3138957,3.2520936,3.0893269,2.2183867,2.2163122,1.9732127,2.1316357,3.4442842,2.9123175,2.9202497,2.924116,3.9011025,4.0727434,3.0317483,3.092627,2.7697327,2.4761717,2.4239185,3.323561,1.7235794,0.0,2.1478007,1.901893,3.1426647,3.4732096,4.0011153,4.1171637,3.8484476,3.640986,3.4685144,3.678102,3.148558,4.1353545,2.5198753,2.858453,3.7111845,3.6781778,3.7543223,3.786525,2.5205948,2.8380234,3.382073,2.4405308,2.6387951,2.901962,2.6475518,4.289693,3.1553159,2.9747791,3.0365517,2.919384,3.052801,3.0745564,3.4972174,3.1726303,3.1825223,3.2091312,2.5873067,2.5873067,3.7144148,3.5609624,2.7022092,2.7363255,2.7543004,2.6210368,3.2166889,2.638028,3.2984166,3.421519,3.3478723,2.4421225,3.9309876,4.3053627,4.6868486,4.419138,3.9707754,3.7766836,3.8746006,4.081115,3.0868545,3.0465045,3.1515405,3.547946,4.2429934,4.244975,3.5078506,3.890457,4.0033655,3.8694348,3.7179317,4.02216,3.9175997,4.1073976,4.17472,4.2228885,3.4190273,3.1032708,3.5323787,3.4242463,3.6835635,3.993295,4.6829906,4.7984233,3.8574202,3.8215249,4.7085075,4.1148267,3.1856005,3.2312899,3.8233085,3.8542206,3.3473155,3.4836767,3.5750272,3.766039,3.9463649,3.1001341,4.0696535,3.3249958
30,2.2573028,2.5898914,3.405269,3.6177216,2.5448997,2.5775633,2.847127,2.8719666,1.6227498,1.2387112,2.592264,2.6526616,1.9792709,2.0052266,2.1432652,1.9386135,2.1291487,2.376698,2.2793083,2.283102,3.3360405,3.5931602,2.3957367,2.3226166,1.8141694,1.3632811,2.3084247,1.8151003,1.4885381,2.1478007,0.0,1.2942463,2.6806405,3.0545912,3.6132896,3.7500532,3.384896,3.3578513,3.2129097,3.3008976,3.0045395,4.5204873,1.9499482,2.0363243,3.3029027,3.2615325,3.002089,3.0116804,1.6996865,2.0961802,2.6635203,1.4135445,2.5559323,2.7763488,1.7365822,3.1665428,2.6106584,2.7632997,2.8720114,2.7228317,2.8950996,2.888199,3.060731,2.7411883,2.749329,2.7708876,2.179745,2.179745,3.2707427,3.049836,2.2586224,2.9023633,2.9007742,2.8189516,3.3382392,2.7500367,3.4407105,3.42976,3.9418502,3.4120114,3.8033864,3.9780023,4.2209826,4.245594,3.8439512,3.4803097,3.6685312,4.5073214,3.0090628,2.7658715,3.7672095,3.455685,3.8243637,3.9000175,3.389387,3.4314618,4.383722,4.2380905,3.353084,3.5772848,3.606341,3.624781,3.6577396,3.868732,3.1604216,2.920526,3.4252853,3.35738,3.750159,3.770473,4.2890005,4.264509,4.061568,4.138873,4.743164,4.0674305,3.6267192,3.6590838,3.7087843,3.9668505,2.643348,3.05316,3.0988555,3.3865173,3.7911634,3.2068377,4.07306,3.278201
