,0,1,2,3,4,5,6,7,8,9,10,11,12,13,14,15,16,17,18,19,20,21,22,23,24,25,26,27,28,29,30,31,32,33,34,35,36,37,38,39,40,41,42,43,44,45,46,47,48,49,50,51,52,53,54,55,56,57,58,59,60,61,62,63,64,65,66,67,68,69,70,71,72,73,74,75,76,77,78,79,80,81,82,83,84,85,86,87,88,89,90,91,92,93,94,95,96,97,98,99,100,101,102,103,104,105,106,107,108,109,110,111,112,113,114,115,116,117,118,119,120,121,122,123,124,125,126,127
0,0.0,4.839523,1.2616949,1.4220345,3.7754512,3.4734387,4.030441,3.5609639,3.4758224,3.4820027,3.4882965,3.4882965,3.3072393,4.699512,3.6007054,3.3140774,4.78283,4.8184996,3.563938,3.5657384,3.8037143,3.5544546,3.905091,3.5432868,4.1129637,4.1129637,4.0177526,4.050851,3.4800928,3.4441056,4.4418716,4.4439406,3.4119842,3.4106534,3.4088058,3.4525716,4.7127876,3.7266426,3.6023228,3.788569,4.146622,4.146622,4.332846,4.2467175,4.0862346,4.255699,3.9062905,3.8946462,3.5265348,3.4917927,3.5283399,3.5661943,3.7569087,3.5479658,4.1569095,4.521921,4.347088,4.5371137,4.0725174,3.9994226,4.874926,5.0077577,4.1776414,4.213845,5.380288,5.380288,4.0270348,5.1559973,5.417675,4.75123,3.7489457,4.207186,4.4710393,4.5116463,4.8987226,4.725888,4.9432564,4.743694,6.6183124,6.965886,4.616041,3.4306803,3.426648,3.424631,3.6524239,3.7369318,3.7121701,3.5579853,4.467321,4.3915215,3.1419895,3.448573,4.7521205,4.825713,4.715025,4.388936,5.132871,5.265774,5.344345,5.1787724,5.384244,5.2593718,5.178828,5.058446,4.8987236,4.75934,4.9090405,5.058077,4.9087205,4.9205585,5.8754826,4.8921075,5.210996,5.0619793,5.123154,5.2335544,4.9349113,5.0773053,4.7902427,5.151843,5.5294576,6.012743,5.6292653,5.174187,5.222377,5.2871556,4.9420886,4.951675
1,4.839523,0.0,4.6966653,4.5860524,3.5072243,3.334465,3.668948,3.341356,3.5315154,3.5499134,3.5979762,3.5979762,3.331848,4.4440336,3.4131448,3.3372154,3.538386,3.5552337,3.4205034,3.3844879,3.779704,3.4598825,3.5185935,3.567192,3.1146781,3.1146781,4.5600724,3.9711916,2.8169928,2.8315017,4.0546865,4.03927,3.5790675,3.5329442,3.5495183,3.536627,4.588735,3.5333593,3.3755057,3.5472255,3.8041058,3.8041058,4.130435,3.8485172,4.0017586,4.2948422,3.7978926,3.8394833,3.83129,3.7077618,3.017523,3.0500188,3.3143508,3.1707575,3.692579,4.0659966,3.9827688,4.268653,3.4465454,3.4416306,4.9259453,5.059377,5.2626977,4.546754,5.066501,5.066501,3.5572958,4.6243687,5.1390553,4.3949056,4.3991137,4.5729995,4.1838484,4.0461593,3.7511132,4.314393,4.3990893,4.3681426,4.2827835,4.4062047,3.312587,3.2507362,3.1936507,3.1897187,3.0368676,3.2998588,3.610528,3.1721725,4.595937,4.486682,3.7615576,3.995153,4.475931,4.470799,5.1313925,5.2011995,2.368555,2.377815,3.3129685,3.1916425,2.4228766,2.3447943,3.0206785,3.075896,3.4459996,3.2601466,2.7368486,2.8023987,2.8601274,2.793939,3.4871304,3.426506,2.6852307,3.2617488,2.6415217,2.7100368,2.6104863,2.6843011,2.9196913,2.272471,3.8645406,3.7968156,3.813882,3.371336,3.5564616,3.1250002,3.9717486,3.953985
2,1.2616949,4.6966653,0.0,0.5176082,3.7196646,3.3983505,4.265219,3.5188575,3.4142354,3.421993,3.4361,3.4361,3.2183707,4.5962696,3.556434,3.2336287,5.1717405,5.2009625,3.4640002,3.4567008,3.7525861,3.4665072,3.8755648,3.4594145,4.0909934,4.0909934,4.4109626,4.4086857,3.3699799,3.3481383,4.8612404,4.846303,3.4053266,3.3923051,3.3943896,3.445687,4.3644686,3.6823041,3.5702326,3.783394,4.1526628,4.1526628,3.8494134,3.7289371,4.0878735,4.229927,3.889369,3.883099,3.553358,3.5117679,3.489824,3.5540333,3.767851,3.551951,4.1601176,4.5368004,4.403842,4.6268415,4.0616436,3.9758615,4.967775,5.1249075,4.26791,4.335862,5.348846,5.348846,3.6834948,5.1403112,5.444286,4.6954827,4.060138,4.470218,4.351382,4.591671,4.9053407,4.676148,4.971627,4.753308,6.734982,6.894438,4.5944824,3.3414474,3.1818027,3.1810288,3.349027,3.4653342,3.4033196,3.2452016,4.5918427,4.521597,3.2878954,3.5669355,4.5639825,4.6373854,4.625163,4.6917043,5.0263934,5.1052585,5.0787373,4.898654,5.092517,4.9716663,4.937674,4.8146048,4.5674124,4.416621,4.601585,4.7254586,4.5771146,4.5927386,6.130243,4.55057,4.809711,4.670652,4.740565,4.87363,4.647092,4.727833,4.5813417,4.904028,5.729993,6.140415,5.5171123,4.8436546,5.3460736,5.381869,5.436323,5.4412694
3,1.4220345,4.5860524,0.5176082,0.0,3.7018025,3.3757167,4.2459836,3.4979064,3.3882403,3.39542,3.411513,3.411513,3.2137818,4.596414,3.5662436,3.2286623,5.117214,5.1454024,3.4240818,3.4243011,3.7359128,3.454782,3.8563795,3.4509876,4.060647,4.060647,4.4864235,4.475167,3.3302665,3.3176353,4.8273993,4.8116293,3.3937228,3.3740487,3.3775406,3.4155338,4.3809,3.6591964,3.564558,3.785462,4.1525354,4.1525354,3.8757558,3.7182803,4.0609846,4.23182,3.8726356,3.8702357,3.5142024,3.4702232,3.435165,3.513696,3.7415102,3.5105305,4.1295843,4.5109363,4.3023396,4.5571833,4.004143,3.9104264,5.1059012,5.24661,4.4404764,4.513686,5.281449,5.281449,3.6075819,5.0631413,5.35978,4.6185737,4.023578,4.4016943,4.294452,4.530197,4.827823,4.6197395,4.913461,4.7439227,6.7032433,6.867702,4.5571127,3.2844932,3.1261241,3.1240783,3.3320062,3.4362197,3.3527246,3.1905231,4.559449,4.4810934,3.2282755,3.508412,4.5345054,4.6057086,4.83606,4.684082,5.0186696,5.090909,5.0776396,4.8917894,5.0813093,4.9610834,4.958455,4.8188963,4.573626,4.4094276,4.610498,4.731915,4.5900087,4.6057734,6.0609326,4.5666676,4.7507725,4.61681,4.7034717,4.826464,4.5944266,4.676076,4.535502,4.859496,5.680174,6.0838575,5.454144,4.8101234,5.3020196,5.327905,5.3845,5.3874474
4,3.7754512,3.5072243,3.7196646,3.7018025,0.0,0.93450314,1.9083468,1.0063336,1.58427,1.5912378,1.6866828,1.6866828,1.0385798,3.1556249,0.5430558,1.1008776,3.2979195,3.2855473,1.7894086,1.8369493,1.574664,1.5748844,2.1301558,1.7067957,2.4645584,2.4645584,2.6766176,2.5521538,1.2788465,1.2912472,2.7661755,2.7091365,2.242414,2.216413,2.2906423,2.333168,3.522,2.127702,1.8806189,2.1914322,1.8401222,1.8401222,2.6431143,2.6330273,2.1587527,2.3470252,2.1863918,2.1790242,1.5514106,1.4336597,1.4763278,1.2872458,1.0370303,1.3928585,2.4379272,2.686824,2.6098473,3.1017761,2.2836955,2.252447,3.6057067,3.7436013,3.8729591,2.9552948,4.147128,4.147128,2.7349844,3.9438841,4.3220477,3.4805262,3.0622709,3.4026241,3.145856,3.540518,3.4028273,3.389781,3.599974,3.37918,4.990036,4.9442387,3.3043506,1.6001521,1.6854872,1.6916684,1.7149453,2.0058153,1.9901488,1.6892546,3.8943052,3.7641785,2.7482727,3.0419557,3.6857128,3.6981316,3.981088,4.4827237,3.9622996,3.9317608,3.75637,3.6528468,3.8134305,3.7448754,3.5268762,3.6431434,3.210902,3.139904,3.395828,3.4294806,3.3057373,3.3365598,4.083938,3.1902874,3.401386,3.1953804,3.3434613,3.367121,3.25397,3.2891748,3.068841,3.464421,3.6508307,4.0102963,4.040926,3.250959,3.3306353,3.4186928,3.9478748,3.9043195
5,3.4734387,3.334465,3.3983505,3.3757167,0.93450314,0.0,1.7265314,0.8457405,1.0388926,1.0622636,1.243085,1.243085,0.47215202,3.1125295,1.0686016,0.47446045,3.16405,3.1636062,1.3203539,1.3898675,1.5579066,1.2860532,1.8431914,1.3104908,2.3198352,2.3198352,2.4479475,2.4031093,0.884054,0.8755429,2.6089652,2.5587451,2.0021079,1.968069,2.038252,2.0830996,3.44674,1.8975642,1.6159781,1.9968997,2.097437,2.097437,2.822374,2.8091362,2.1774755,2.403573,1.9728434,1.9688045,1.0308949,0.9879624,0.9457142,0.897364,1.123003,0.91919214,2.2149408,2.6894393,2.4325857,2.9854708,2.1632743,2.0293944,3.5101078,3.6518424,3.8481314,2.8171713,4.061227,4.061227,2.642817,3.8613331,4.1836014,3.3629327,2.8785906,3.260291,3.0640008,3.4807332,3.3442621,3.3201816,3.5080988,3.2947066,4.994975,4.9552155,3.1369119,1.157897,1.4020151,1.3965782,1.5266086,1.8268162,1.8204275,1.5127132,3.8894045,3.7655394,2.682931,2.9731445,3.682122,3.6953623,3.9581923,4.4738836,4.0334816,4.0085745,3.8326628,3.7103157,3.8853664,3.8050551,3.5496953,3.6284544,3.3554883,3.1977384,3.4408054,3.5179167,3.39073,3.41477,4.1200433,3.2599766,3.5535963,3.3398137,3.4790716,3.5262425,3.4037743,3.4249365,3.2297301,3.619667,3.782951,4.1179094,4.162416,3.3967187,3.4758542,3.555395,4.052301,4.016283
6,4.030441,3.668948,4.265219,4.2459836,1.9083468,1.7265314,0.0,1.6713108,2.151839,2.1834269,2.1889386,2.1889386,1.857134,3.812588,2.0370667,1.8606015,2.3957083,2.3548698,2.3326194,2.379309,2.5436223,2.2958324,2.6200588,2.2438118,2.8816752,2.8816752,1.3370874,1.1161681,1.9589669,1.9158974,1.6754258,1.5820122,2.415493,2.4052098,2.4598305,2.439372,4.363292,2.3606484,2.3345037,2.5207272,2.4801064,2.4801064,3.938952,3.9079747,2.63661,2.9344094,2.5129695,2.5077283,1.9624213,1.963395,1.9621722,1.9164479,1.8791733,1.7630873,2.693285,3.0328343,2.9006774,3.4513876,2.793247,2.7168024,3.852114,4.0034304,4.209265,3.2519538,4.8868494,4.8868494,3.9864697,4.641291,4.938901,3.790489,3.030913,3.4284668,3.6130674,3.929439,3.5555806,3.7226756,3.7526822,3.5461528,5.285379,5.2855234,3.3961518,1.9811633,2.244966,2.2390544,2.3404095,3.1337686,2.593265,2.376372,4.6498904,4.5247283,3.3735635,3.600656,3.9705865,3.9817646,4.1882896,4.6778173,4.265747,4.2325473,4.125082,4.031145,4.1976466,4.1229615,3.954489,4.035649,3.7985158,3.641709,3.7775118,3.9119508,3.8095832,3.8221447,3.2812204,3.7431333,4.0447507,3.8660035,3.9351625,3.9242997,3.7958016,3.8287914,3.5969548,3.9716353,3.1175559,3.5044608,4.467921,3.9151616,3.0262587,3.14169,3.4861968,3.439037
7,3.5609639,3.341356,3.5188575,3.4979064,1.0063336,0.8457405,1.6713108,0.0,1.4540253,1.4810417,1.4862937,1.4862937,0.8910582,3.7959936,1.0192733,0.9412433,3.102801,3.1048732,1.6655467,1.7272254,1.9709896,1.584688,2.0719757,1.649213,2.4179995,2.4179995,2.4269667,2.2965493,1.1854907,1.1536597,2.5675771,2.5169811,2.017283,1.9942311,2.0534935,2.0659359,3.5226276,1.9033335,1.729821,2.0352736,2.0284746,2.0284746,2.8965614,2.9199023,2.3814666,2.7493157,2.0787358,2.0730774,1.3772519,1.3103248,1.2784512,1.1826952,1.2146692,1.2277281,2.3562684,2.7250288,2.5201132,3.3983855,2.7426558,2.676874,3.850631,3.9784124,4.108982,3.2648985,4.234239,4.234239,2.9174242,4.0055137,4.3539243,3.4652567,3.018901,3.3741083,3.1888607,3.5763817,3.3959455,3.4092722,3.5772114,3.353296,5.088727,5.0441933,2.9148593,0.9312103,1.7263622,1.7252682,1.7842205,2.1445048,2.1234415,1.7902111,4.4696116,4.333536,2.9062507,3.1635952,3.691129,3.7079287,3.9611886,4.5170903,3.964321,3.935159,3.7890773,3.6735964,3.83763,3.7552168,3.5756013,3.420393,3.4222574,3.2842968,3.2782876,3.5628376,3.4439297,3.466625,4.006343,3.358535,3.5958393,3.4114382,3.5054927,3.5521758,3.4267032,3.446136,3.2636611,3.634287,3.743937,4.0755415,4.189712,3.499081,3.4516306,3.5251002,4.026982,3.991896
8,3.4758224,3.5315154,3.4142354,3.3882403,1.58427,1.0388926,2.151839,1.4540253,0.0,0.068578415,1.6878116,1.6878116,1.2455735,3.34984,1.761665,1.2343177,3.424527,3.4287043,1.8422861,1.9049814,2.1689763,1.9285568,1.9007139,1.9388454,2.0585473,2.0585473,2.7299197,2.7256343,1.3208536,1.3460132,2.9228134,2.882073,2.844218,2.8118873,2.8559043,2.896454,3.936892,2.6960175,2.3937376,2.7860916,2.9614334,2.9614334,3.4366274,3.3669314,3.0578868,3.1877744,2.805896,2.804091,1.6476204,1.6036288,1.5208169,1.5651711,1.7419803,1.4677987,2.5095003,3.0885143,2.7447743,3.2162154,2.494883,2.390169,3.7576292,3.9110138,4.094659,3.1004314,3.9722705,3.9722705,2.558696,3.755887,4.0913067,3.2488236,2.824318,3.2574317,2.9286845,3.377305,3.2560046,3.2339523,3.4621475,3.2580593,4.9617352,4.94409,3.3146284,1.4204514,1.6084002,1.6041887,1.6640779,1.8605943,2.0228958,1.7828202,3.9495943,3.8417587,2.7703362,3.1692853,3.7530174,3.7656755,3.974092,4.5153103,4.345262,4.3078957,4.1328974,3.992613,4.1639776,4.078578,3.890122,3.9157422,3.655603,3.4892907,3.6658084,3.7650099,3.6399865,3.662559,4.391948,3.4811895,3.859176,3.6511586,3.7608652,3.8286233,3.724675,3.7435904,3.5591033,3.9319437,3.7865694,4.114152,4.030945,3.3874428,3.4704306,3.5590825,4.0134606,3.987543
9,3.4820027,3.5499134,3.421993,3.39542,1.5912378,1.0622636,2.1834269,1.4810417,0.068578415,0.0,1.6861237,1.6861237,1.2717122,3.3492522,1.7735372,1.2577771,3.4427714,3.4473085,1.8542839,1.9173349,2.1708508,1.9373723,1.9141381,1.9568994,2.088761,2.088761,2.7636788,2.7576573,1.3476257,1.3742275,2.9529083,2.9132063,2.8643463,2.831447,2.8758733,2.9167619,3.9218152,2.706762,2.402819,2.794406,2.965689,2.965689,3.4340496,3.3626335,3.0565908,3.1840346,2.8169096,2.815073,1.6640964,1.6181377,1.538989,1.5783726,1.747544,1.4883991,2.5153682,3.089796,2.7255416,3.1920638,2.5056713,2.4017723,3.7528336,3.8973947,4.0961437,3.10676,3.9442892,3.9442892,2.5565307,3.7293978,4.065469,3.221452,2.7937465,3.2279658,2.9011457,3.347471,3.2340407,3.207998,3.439048,3.2394576,4.9334106,4.918932,3.3566382,1.4556471,1.6225663,1.6188422,1.6755179,1.8581054,2.023584,1.7945592,3.934465,3.8254204,2.7603106,3.1595933,3.7791767,3.7922518,3.9994693,4.5287433,4.3578334,4.3221145,4.1481476,4.007658,4.176201,4.0912294,3.9024808,3.931316,3.6620996,3.4983325,3.6766334,3.773137,3.6472497,3.6702268,4.413907,3.4847918,3.8657973,3.6578107,3.7687156,3.8363142,3.7321098,3.7528949,3.5672462,3.938778,3.7915568,4.121812,3.9983025,3.3801482,3.4755635,3.5625935,4.011848,3.9858444
10,3.4882965,3.5979762,3.4361,3.411513,1.6866828,1.243085,2.1889386,1.4862937,1.6878116,1.6861237,0.0,0.0,1.2507539,3.346982,1.7574096,1.186427,3.4207344,3.4243057,2.021337,2.103164,2.2129366,1.9745288,2.5186768,2.0746317,3.018672,3.018672,2.7572706,2.757971,1.5177085,1.5034229,2.9564898,2.918807,1.8317378,1.795824,1.8318678,1.8632137,2.7096717,1.4905163,1.3465686,1.5681325,1.8700106,1.8700106,2.7881544,2.7501843,2.1372223,2.079277,1.6484635,1.6399463,1.4052597,1.4197991,1.5086688,1.5001191,1.6089232,1.559521,2.6616995,3.0861452,1.732291,2.455656,2.6302302,2.5694726,3.7292795,3.6207268,4.2070036,3.2494345,3.361095,3.361095,2.806547,3.2088938,3.4654133,2.513502,2.135261,2.3427596,2.3718238,2.779041,2.717382,2.5552633,2.681194,2.488979,4.5519123,4.523373,3.409515,1.6173291,1.7698705,1.764478,1.8368614,1.9411168,2.105052,1.8357532,3.9835396,3.8469107,2.770582,3.1335063,3.878805,3.8918276,4.133641,4.5567217,3.9934297,3.9704716,3.796869,3.6898677,3.8755574,3.7959712,3.5455844,3.5697322,3.7133281,3.5558836,3.774654,3.867065,3.7447073,3.7716968,4.4319057,3.5856729,3.9257476,3.7048836,3.837078,3.912603,3.783514,3.8080559,3.6114662,4.0175867,4.1613207,4.525597,3.907375,3.7900083,3.8986094,3.9658837,4.351127,4.3238077
11,3.4882965,3.5979762,3.4361,3.411513,1.6866828,1.243085,2.1889386,1.4862937,1.6878116,1.6861237,0.0,0.0,1.2507539,3.346982,1.7574096,1.186427,3.4207344,3.4243057,2.021337,2.103164,2.2129366,1.9745288,2.5186768,2.0746317,3.018672,3.018672,2.7572706,2.757971,1.5177085,1.5034229,2.9564898,2.918807,1.8317378,1.795824,1.8318678,1.8632137,2.7096717,1.4905163,1.3465686,1.5681325,1.8700106,1.8700106,2.7881544,2.7501843,2.1372223,2.079277,1.6484635,1.6399463,1.4052597,1.4197991,1.5086688,1.5001191,1.6089232,1.559521,2.6616995,3.0861452,1.732291,2.455656,2.6302302,2.5694726,3.7292795,3.6207268,4.2070036,3.2494345,3.361095,3.361095,2.806547,3.2088938,3.4654133,2.513502,2.135261,2.3427596,2.3718238,2.779041,2.717382,2.5552633,2.681194,2.488979,4.5519123,4.523373,3.409515,1.6173291,1.7698705,1.764478,1.8368614,1.9411168,2.105052,1.8357532,3.9835396,3.8469107,2.770582,3.1335063,3.878805,3.8918276,4.133641,4.5567217,3.9934297,3.9704716,3.796869,3.6898677,3.8755574,3.7959712,3.5455844,3.5697322,3.7133281,3.5558836,3.774654,3.867065,3.7447073,3.7716968,4.4319057,3.5856729,3.9257476,3.7048836,3.837078,3.912603,3.783514,3.8080559,3.6114662,4.0175867,4.1613207,4.525597,3.907375,3.7900083,3.8986094,3.9658837,4.351127,4.3238077
12,3.3072393,3.331848,3.2183707,3.2137818,1.0385798,0.47215202,1.857134,0.8910582,1.2455735,1.2717122,1.2507539,1.2507539,0.0,3.141153,1.0813783,0.13469759,3.2189934,3.2179859,1.50375,1.5600392,1.7382245,1.4556558,2.0844607,1.4806113,2.4007418,2.4007418,2.5084395,2.4618008,0.98400754,0.9456884,2.6647503,2.6205711,1.8978305,1.8769011,1.936739,1.9962301,3.450963,1.8526535,1.6130661,1.9668003,2.0776842,2.0776842,2.7824378,2.7965286,2.271258,2.344745,1.9745649,1.9657389,1.1896688,1.1440752,1.132683,1.0617702,1.3261127,1.1304839,2.3849487,2.8449612,2.6434493,3.1692016,2.2055666,2.1324935,3.6494308,3.808864,3.8801117,2.885778,4.0722036,4.0722036,2.5320277,3.8952143,4.2165713,3.4479928,2.968663,3.3104308,3.1423013,3.5408254,3.4386845,3.3910651,3.5886984,3.3665328,5.0803084,5.0485673,3.135063,1.2290525,1.4713148,1.4680843,1.5615488,1.7950845,1.8647987,1.5439818,3.8416047,3.7198458,2.572572,2.9316351,3.7729084,3.7846608,3.9995286,4.4917283,3.9731905,3.955296,3.7866337,3.664346,3.8205826,3.746803,3.5443115,3.5764158,3.3200014,3.1688075,3.395032,3.4824247,3.35265,3.3776355,4.158853,3.190168,3.509572,3.29662,3.4333444,3.5107498,3.3823392,3.4180803,3.2250693,3.6133254,3.8347456,4.1804695,4.297351,3.4196105,3.5584395,3.6162143,4.073504,4.041841
13,4.699512,4.4440336,4.5962696,4.596414,3.1556249,3.1125295,3.812588,3.7959936,3.34984,3.3492522,3.346982,3.346982,3.141153,0.0,3.3404226,3.1312394,4.348819,4.3273044,3.5763254,3.5810225,3.0253322,3.462165,3.8156846,3.4937387,3.8591726,3.8591726,4.128858,4.155933,3.0769002,3.1070335,3.9722202,3.930514,3.6109748,3.5971508,3.628999,3.7205179,4.601765,3.6956217,3.386712,3.6151521,3.5516,3.5516,3.9869685,3.810804,3.3921962,2.8036256,3.5757158,3.5740836,3.3449154,3.3043902,3.191187,3.1594064,3.1624212,3.161091,3.7661452,4.070977,3.9294891,2.8980699,1.6438805,1.6923424,3.5091448,3.6883698,3.806064,2.7445595,4.4764414,4.4764414,3.1677902,4.310248,4.56498,4.523787,4.216591,4.4704337,4.309298,4.6438503,4.502183,4.495305,4.6558056,4.4556212,5.7765017,5.6894274,4.8529553,3.8434975,3.1934197,3.1899536,3.2195294,2.7625299,3.3486295,3.2228804,2.615124,2.6793103,3.94431,4.1839833,4.585632,4.5750604,4.789192,5.2595043,4.8053355,4.754336,4.604231,4.514061,4.631187,4.5790696,4.2659955,5.0721364,4.0853214,4.0031896,4.8877416,4.255358,4.161105,4.1791253,4.8536015,4.070353,4.25566,4.0940003,4.209401,4.254262,4.2168326,4.2461214,4.0695567,4.369437,4.608647,4.78986,4.9796867,4.198129,4.3527575,4.428847,4.896285,4.8637586
14,3.6007054,3.4131448,3.556434,3.5662436,0.5430558,1.0686016,2.0370667,1.0192733,1.761665,1.7735372,1.7574096,1.7574096,1.0813783,3.3404226,0.0,1.1471716,3.3630826,3.3596747,1.705935,1.7298347,1.5023962,1.4572742,2.1088364,1.5901622,2.5150754,2.5150754,2.7117846,2.5951822,1.2722363,1.2671098,2.9593866,2.9032376,2.1146002,2.0872936,2.1587644,2.2069614,3.393884,2.0477545,1.807912,2.1043222,1.7896188,1.7896188,2.4171405,2.436618,2.168691,2.4407609,2.1803973,2.1730113,1.680785,1.5810857,1.5113524,1.3389996,1.1559284,1.4692243,2.5480626,2.8105946,2.7507863,3.283065,2.4368238,2.391499,3.7188292,3.8721292,3.949784,3.0041962,4.3485236,4.3485236,2.816323,4.1528907,4.529163,3.6094778,3.1618216,3.5017483,3.2446768,3.5744345,3.554157,3.5014842,3.7118154,3.471988,4.9398203,4.9433126,3.19869,1.619183,1.6835737,1.6898979,1.7057056,2.121185,2.016206,1.6622843,3.8773627,3.7409925,2.545875,2.9114804,3.5857565,3.6069205,3.8107324,4.2479224,3.7284827,3.7308238,3.5971434,3.4969232,3.678204,3.5942495,3.3357031,3.4071445,3.0733747,3.0125833,3.22326,3.303697,3.1727288,3.2039068,4.1721473,3.088591,3.302144,3.0931358,3.2398365,3.2732077,3.1074965,3.1619468,2.8943865,3.3187299,3.7964451,4.2098837,4.11083,3.2477434,3.4287088,3.5188546,3.9408216,3.905252
15,3.3140774,3.3372154,3.2336287,3.2286623,1.1008776,0.47446045,1.8606015,0.9412433,1.2343177,1.2577771,1.186427,1.186427,0.13469759,3.1312394,1.1471716,0.0,3.2055967,3.2054899,1.5088396,1.5654334,1.7574545,1.4651378,2.126284,1.4918764,2.4712527,2.4712527,2.5158896,2.4736125,0.9857462,0.9387574,2.6699722,2.6271467,1.8752898,1.8560178,1.912336,1.9738612,3.3976154,1.8025085,1.5572151,1.9124707,2.0677333,2.0677333,2.7840338,2.8016288,2.2518094,2.3140473,1.9361968,1.9266613,1.1636852,1.1329575,1.0968709,1.0304649,1.3244689,1.0984764,2.373192,2.847738,2.593348,3.118709,2.1960726,2.120951,3.642621,3.7875326,3.9039955,2.8883293,4.0498734,4.0498734,2.5670223,3.8763244,4.1900563,3.4191663,2.924217,3.2606423,3.1254113,3.5168948,3.421644,3.369759,3.561654,3.3451905,5.0316463,5.0021057,3.2096853,1.2557312,1.4452351,1.4410601,1.5545893,1.7841034,1.8192353,1.5264345,3.8308568,3.7081072,2.5691252,2.9307346,3.775893,3.7873251,4.007736,4.478723,3.9801872,3.9640193,3.7984324,3.6762924,3.8317637,3.7571564,3.549693,3.5879855,3.3153958,3.1601331,3.3862138,3.470679,3.3424902,3.3674746,4.1512833,3.1783402,3.5106342,3.2974124,3.4376278,3.5093617,3.379945,3.4172416,3.223787,3.6131794,3.8266068,4.1754637,4.259252,3.4113598,3.549733,3.6079748,4.059881,4.028852
16,4.78283,3.538386,5.1717405,5.117214,3.2979195,3.16405,2.3957083,3.102801,3.424527,3.4427714,3.4207344,3.4207344,3.2189934,4.348819,3.3630826,3.2055967,0.0,0.12688877,3.403519,3.3974867,3.4570284,3.383832,3.6895087,3.476495,3.8097773,3.8097773,2.6540036,2.5460734,3.051415,3.0237765,2.050889,1.988413,3.3102183,3.3033988,3.3173645,3.2772546,5.327073,3.3745246,3.3392715,3.4714231,3.5275834,3.5275834,5.1023426,4.9704075,3.6129663,4.0111256,3.7901332,3.7925313,3.5397596,3.5176623,2.992456,2.9413161,2.9501047,2.858374,3.5385878,3.8917444,3.4800704,3.6919646,3.247469,3.2357428,4.421535,4.5695844,4.8279524,3.9713376,5.1045012,5.1045012,4.337846,4.763045,4.9915204,4.5709715,3.8067474,4.1716156,4.572923,4.7234416,4.247352,4.549187,4.478363,4.3675284,5.285018,5.2469153,4.0263433,3.1592467,3.6340814,3.6246715,3.573919,3.6340926,3.897038,3.719574,4.9642487,4.880817,4.241219,4.4988947,5.14596,5.1576676,5.409692,5.555459,4.2495923,4.2489166,4.295548,4.1921096,4.2869463,4.1881466,3.9131896,4.0626674,3.998082,3.8193433,3.974353,4.0853133,3.9549425,3.9580276,1.9048609,3.912474,4.1560626,4.008122,3.975675,4.037632,3.8843555,3.9821675,3.6241386,3.9739053,2.358189,2.6191776,4.411748,4.0854816,2.5574114,2.6469202,2.5224905,2.4837544
17,4.8184996,3.5552337,5.2009625,5.1454024,3.2855473,3.1636062,2.3548698,3.1048732,3.4287043,3.4473085,3.4243057,3.4243057,3.2179859,4.3273044,3.3596747,3.2054899,0.12688877,0.0,3.426592,3.4221509,3.473801,3.4067907,3.7180629,3.4960344,3.8179429,3.8179429,2.6218596,2.5053065,3.0500107,3.0231364,2.0193377,1.9525318,3.3161225,3.3097763,3.3238783,3.2833955,5.3419657,3.3750274,3.3499997,3.4807887,3.5176291,3.5176291,5.1053987,4.971891,3.6175416,3.988335,3.7900786,3.7925928,3.5389044,3.515993,3.0014753,2.9496384,2.947425,2.86182,3.5404441,3.8884864,3.494814,3.6962125,3.2280192,3.2247117,4.421806,4.5728884,4.8330727,3.9684708,5.1293645,5.1293645,4.358109,4.7885,5.0210233,4.5674076,3.8074155,4.1674447,4.567888,4.7262692,4.23606,4.544943,4.4728847,4.3621693,5.293897,5.249644,4.045849,3.165236,3.6219866,3.612713,3.556978,3.6504376,3.8769221,3.7037122,4.9559984,4.8724813,4.2393394,4.4979634,5.1349716,5.1449914,5.4052477,5.5632205,4.2613187,4.2544236,4.2978454,4.195931,4.2862263,4.1892233,3.928557,4.0897045,3.9898872,3.8136015,3.9784706,4.0762916,3.948833,3.952034,1.8493865,3.9012525,4.144681,3.9978144,3.9637308,4.0241976,3.8779879,3.9728827,3.6213953,3.9702752,2.3022969,2.567191,4.415744,4.0748115,2.5240178,2.6097054,2.5107923,2.4719324
18,3.563938,3.4205034,3.4640002,3.4240818,1.7894086,1.3203539,2.3326194,1.6655467,1.8422861,1.8542839,2.021337,2.021337,1.50375,3.5763254,1.705935,1.5088396,3.403519,3.426592,0.0,0.153622,1.1284256,0.4960562,1.4572829,0.48574942,2.7195847,2.7195847,2.9224522,2.881547,1.6549804,1.6803404,3.153101,3.116089,2.3794441,2.3082864,2.4238276,2.4426067,3.731268,2.3918853,2.1672041,2.4964757,2.681447,2.681447,3.0915747,3.0515752,2.1400163,2.9199858,2.436135,2.4455016,1.7456619,1.700076,1.5852501,1.6127248,1.934719,1.701053,2.7528489,3.1915376,2.7993915,3.3359578,2.7487981,2.38531,3.8721151,4.012672,4.144577,3.1596491,4.5911117,4.5911117,3.147152,4.396365,4.6804867,3.8884315,3.2984655,3.7555172,3.581472,3.8996022,3.8549747,3.8423245,4.0295777,3.881758,5.2328563,5.2450814,3.38855,1.8361584,2.1813354,2.1727648,2.2880692,2.605229,2.4786606,2.2400239,4.1651106,4.032443,2.929816,3.2371256,4.373395,4.4076376,4.6259856,4.9894953,4.302947,4.345052,4.2150583,4.0835,4.2266417,4.1353073,3.739094,3.8563414,3.6782851,3.497342,3.7257142,3.8502967,3.6954682,3.71323,4.559274,3.6112425,3.7942607,3.609414,3.7589743,3.8046172,3.6430738,3.6771474,3.477104,3.783134,4.322008,4.6328773,4.537687,3.7870517,4.005649,4.0437098,4.4225016,4.381521
19,3.5657384,3.3844879,3.4567008,3.4243011,1.8369493,1.3898675,2.379309,1.7272254,1.9049814,1.9173349,2.103164,2.103164,1.5600392,3.5810225,1.7298347,1.5654334,3.3974867,3.4221509,0.153622,0.0,1.1112248,0.47325674,1.476173,0.48022094,2.7429888,2.7429888,2.9571142,2.9112911,1.6876582,1.7092445,3.2101681,3.1711688,2.4044232,2.3340008,2.4482331,2.4693387,3.750198,2.430278,2.2024033,2.5296206,2.7151716,2.7151716,3.0800083,3.0371776,2.1685069,2.9682198,2.5021272,2.5113745,1.8530815,1.808807,1.6316379,1.6546652,1.9742415,1.7433876,2.7845747,3.222211,2.879527,3.383962,2.7569602,2.3908653,3.8807049,4.0362964,4.1394644,3.1548917,4.663978,4.663978,3.1721516,4.46838,4.7582216,3.9564135,3.3724024,3.8343914,3.6397824,3.9585164,3.9180598,3.9017735,4.0934625,3.9385557,5.240244,5.241306,3.4174266,1.9064987,2.192016,2.1838274,2.286429,2.6265059,2.481832,2.2434895,4.1645937,4.0340056,2.9417434,3.254595,4.373662,4.4101043,4.6089625,4.985933,4.247977,4.2938485,4.162786,4.029753,4.174091,4.0805416,3.6724136,3.8043842,3.5944445,3.4135835,3.649956,3.7699375,3.6105847,3.6283834,4.540472,3.5330622,3.7173629,3.5322855,3.6824288,3.728343,3.5632334,3.598383,3.3967047,3.702777,4.2956247,4.609441,4.5209084,3.7213142,3.9659743,4.0048203,4.3910604,4.3501983
20,3.8037143,3.779704,3.7525861,3.7359128,1.574664,1.5579066,2.5436223,1.9709896,2.1689763,2.1708508,2.2129366,2.2129366,1.7382245,3.0253322,1.5023962,1.7574545,3.4570284,3.473801,1.1284256,1.1112248,0.0,0.8626784,1.7508976,1.0242791,2.9393873,2.9393873,3.022135,3.1209538,1.8932602,1.9249213,3.285081,3.2285259,2.4709437,2.4112668,2.522768,2.566598,3.6833358,2.5191357,2.2354562,2.5368288,2.4079664,2.4079664,2.8594353,2.8252332,1.8829572,2.6008313,2.5497568,2.5459542,2.0298345,1.9946511,1.8657933,1.7834808,1.813685,1.88475,2.8912895,3.1960678,2.8352427,3.0293963,2.4110432,2.0793195,3.6570852,3.8051927,3.9413843,2.8979,4.4792128,4.4792128,3.0513604,4.3429976,4.6000876,3.9701357,3.437138,3.8578386,3.6503935,4.028336,4.0327272,3.891161,4.0908103,3.9014194,5.259995,5.2048388,3.6665246,2.3219464,2.3096433,2.3067803,2.3969584,2.4978065,2.5622487,2.3283114,3.7388802,3.6236,2.9930134,3.3213465,4.28235,4.319011,4.5116925,4.834606,4.2613597,4.299028,4.024488,3.9144092,4.2092285,4.1205792,3.5248327,3.8638523,3.4269776,3.31825,3.873188,3.8044648,3.6197898,3.6565409,4.567021,3.4558203,3.7175915,3.3917603,3.6877563,3.7183132,3.5379255,3.5848916,3.2427323,3.7429965,4.2205563,4.6094084,4.472774,3.63471,3.856331,4.010492,4.3058486,4.256809
21,3.5544546,3.4598825,3.4665072,3.454782,1.5748844,1.2860532,2.2958324,1.584688,1.9285568,1.9373723,1.9745288,1.9745288,1.4556558,3.462165,1.4572742,1.4651378,3.383832,3.4067907,0.4960562,0.47325674,0.8626784,0.0,1.5194758,0.39584765,2.7878878,2.7878878,2.8953986,2.8346858,1.6534711,1.6616294,3.1365259,3.0962524,2.2579892,2.196082,2.313611,2.3440828,3.5466585,2.2659752,2.0032039,2.3102105,2.401862,2.401862,2.8580916,2.8415105,1.8767941,2.7286174,2.2986789,2.3016334,1.7781844,1.7198023,1.6106268,1.5620127,1.7737675,1.6885735,2.7734945,3.1347604,2.7515647,3.244156,2.7020304,2.3695595,3.784623,3.9117582,4.0257525,3.0645792,4.5335617,4.5335617,3.154026,4.3479967,4.6506796,3.8739126,3.2957335,3.7408087,3.55941,3.8847125,3.8452184,3.8019724,3.9993505,3.818167,5.1938562,5.1775756,3.4617884,1.9264407,2.1200128,2.1152585,2.2323244,2.5198748,2.3985274,2.1605945,4.153663,4.022931,2.9804108,3.293093,4.2412534,4.279845,4.442162,4.874614,4.1567583,4.200129,4.041408,3.918073,4.0822654,3.9950297,3.5731564,3.733653,3.47852,3.3275342,3.575254,3.6778367,3.5179863,3.5397866,4.4860168,3.458802,3.6412458,3.4485114,3.6196792,3.639977,3.4781945,3.5167606,3.30359,3.6272233,4.2220006,4.5410047,4.3970847,3.646652,3.8670332,3.9310217,4.3460665,4.2989116
22,3.905091,3.5185935,3.8755648,3.8563795,2.1301558,1.8431914,2.6200588,2.0719757,1.9007139,1.9141381,2.5186768,2.5186768,2.0844607,3.8156846,2.1088364,2.126284,3.6895087,3.7180629,1.4572829,1.476173,1.7508976,1.5194758,0.0,1.520574,1.8268826,1.8268826,3.1384287,3.129596,2.2211773,2.270335,3.373081,3.3358839,3.2642353,3.1952295,3.300243,3.3157058,4.333015,3.2633584,2.942278,3.2584093,3.311873,3.311873,3.720293,3.6479287,2.9390461,3.6401007,3.1934624,3.2013645,2.3764193,2.3180375,2.288915,2.2887385,2.4593441,2.3341267,3.1681647,3.5530412,3.2236965,3.682823,3.1965952,2.8851805,4.0577846,4.217303,4.32971,3.4310021,4.332964,4.332964,3.091136,4.18679,4.488027,3.7297173,3.474881,3.911121,3.3634355,3.7053201,3.6303937,3.5953674,3.8042147,3.6173224,5.122167,5.1082244,2.7565765,2.3343735,2.6252446,2.624409,2.636611,2.869386,3.1933947,2.7404914,4.3979034,4.2771516,3.3534524,3.6827457,4.4379478,4.47267,4.5757036,5.089506,4.2550597,4.281533,4.0779114,3.9645011,4.15427,4.0955334,3.7060752,3.7958612,4.0847883,3.9298744,4.133347,4.2626004,4.1049104,4.122378,4.825805,4.0324316,4.2224154,4.023564,4.162328,4.225815,4.0655484,4.087829,3.8632526,4.1610174,4.392121,4.669585,4.5582156,3.9633512,4.0468183,4.134707,4.507574,4.4496617
23,3.5432868,3.567192,3.4594145,3.4509876,1.7067957,1.3104908,2.2438118,1.649213,1.9388454,1.9568994,2.0746317,2.0746317,1.4806113,3.4937387,1.5901622,1.4918764,3.476495,3.4960344,0.48574942,0.48022094,1.0242791,0.39584765,1.520574,0.0,2.7746305,2.7746305,2.7965565,2.768807,1.6915634,1.693315,3.0967684,3.0561736,2.3053207,2.2481778,2.363366,2.3951786,3.7190373,2.3568962,2.103079,2.414763,2.5625012,2.5625012,2.9982922,3.0026069,2.0310795,2.834783,2.3324819,2.3347285,1.7118157,1.6772574,1.6498046,1.6463616,1.9107722,1.719123,2.8253458,3.2219408,2.9393997,3.424024,2.7315233,2.3718634,3.856168,4.0213294,4.075582,3.0690944,4.7432623,4.7432623,3.2964573,4.561913,4.8492365,4.0554028,3.4493906,3.899864,3.737923,4.0692005,4.0275,3.99007,4.179457,3.9880252,5.4155746,5.416139,3.444073,1.9282751,2.1354575,2.1280475,2.303004,2.6675615,2.4333837,2.2019377,4.2314024,4.107529,3.057222,3.3698351,4.1771817,4.214032,4.3757977,4.8236504,4.3194017,4.3584,4.196118,4.075186,4.2575073,4.1694694,3.7533486,3.9108415,3.638815,3.4752402,3.7252123,3.8222284,3.6741416,3.693388,4.571724,3.6246412,3.811439,3.6178088,3.7942803,3.8024683,3.6430542,3.6723003,3.468808,3.7943666,4.3585324,4.6727433,4.67518,3.8384454,4.00762,4.0830717,4.485949,4.4408574
24,4.1129637,3.1146781,4.0909934,4.060647,2.4645584,2.3198352,2.8816752,2.4179995,2.0585473,2.088761,3.018672,3.018672,2.4007418,3.8591726,2.5150754,2.4712527,3.8097773,3.8179429,2.7195847,2.7429888,2.9393873,2.7878878,1.8268826,2.7746305,0.0,0.0,3.4511838,3.2777402,2.3798215,2.4294612,3.3670762,3.3376067,3.754163,3.7105434,3.7692566,3.7939465,5.0168395,3.7937262,3.4687843,3.799429,3.7988477,3.7988477,4.2243695,4.1021576,3.9336615,4.1419845,3.7623372,3.774163,2.8797634,2.77994,2.660161,2.6628616,2.807269,2.663503,3.2758448,3.6837115,3.9131644,4.240988,3.1212125,3.0599937,4.2937965,4.5800223,4.4348497,3.6659951,4.387739,4.387739,2.6683464,4.1604023,4.5715365,3.934196,3.9106555,4.250075,3.5362191,3.785923,3.5992057,3.7679799,3.978442,3.777396,5.1785445,5.2247643,2.1238241,2.5092895,2.7509532,2.7542257,2.6563678,2.7888334,3.457116,2.8786252,4.265714,4.175622,3.3947012,3.7073584,4.164415,4.167467,4.3826203,4.8857718,3.9437792,3.9124498,3.9129667,3.802416,3.8130946,3.7799082,3.8029664,3.7918322,4.1488957,4.0124335,4.067159,4.145392,4.050772,4.051886,4.522833,4.057661,4.125778,4.0694404,4.018282,4.132904,4.0065107,4.037444,3.8941061,4.0490847,4.087949,4.2696586,4.663608,3.8510718,3.8006182,3.7914252,4.252598,4.209159
25,4.1129637,3.1146781,4.0909934,4.060647,2.4645584,2.3198352,2.8816752,2.4179995,2.0585473,2.088761,3.018672,3.018672,2.4007418,3.8591726,2.5150754,2.4712527,3.8097773,3.8179429,2.7195847,2.7429888,2.9393873,2.7878878,1.8268826,2.7746305,0.0,0.0,3.4511838,3.2777402,2.3798215,2.4294612,3.3670762,3.3376067,3.754163,3.7105434,3.7692566,3.7939465,5.0168395,3.7937262,3.4687843,3.799429,3.7988477,3.7988477,4.2243695,4.1021576,3.9336615,4.1419845,3.7623372,3.774163,2.8797634,2.77994,2.660161,2.6628616,2.807269,2.663503,3.2758448,3.6837115,3.9131644,4.240988,3.1212125,3.0599937,4.2937965,4.5800223,4.4348497,3.6659951,4.387739,4.387739,2.6683464,4.1604023,4.5715365,3.934196,3.9106555,4.250075,3.5362191,3.785923,3.5992057,3.7679799,3.978442,3.777396,5.1785445,5.2247643,2.1238241,2.5092895,2.7509532,2.7542257,2.6563678,2.7888334,3.457116,2.8786252,4.265714,4.175622,3.3947012,3.7073584,4.164415,4.167467,4.3826203,4.8857718,3.9437792,3.9124498,3.9129667,3.802416,3.8130946,3.7799082,3.8029664,3.7918322,4.1488957,4.0124335,4.067159,4.145392,4.050772,4.051886,4.522833,4.057661,4.125778,4.0694404,4.018282,4.132904,4.0065107,4.037444,3.8941061,4.0490847,4.087949,4.2696586,4.663608,3.8510718,3.8006182,3.7914252,4.252598,4.209159
26,4.0177526,4.5600724,4.4109626,4.4864235,2.6766176,2.4479475,1.3370874,2.4269667,2.7299197,2.7636788,2.7572706,2.7572706,2.5084395,4.128858,2.7117846,2.5158896,2.6540036,2.6218596,2.9224522,2.9571142,3.022135,2.8953986,3.1384287,2.7965565,3.4511838,3.4511838,0.0,1.1487612,2.6810133,2.635609,1.9399987,1.8416796,2.8631303,2.8677592,2.901982,2.8956487,4.912857,2.9645474,2.9611263,3.1155877,3.1174242,3.1174242,4.55053,4.5598383,3.2496157,3.4468777,3.1503565,3.1306562,2.5754137,2.6324234,2.6926634,2.681838,2.6083777,2.465695,3.2748864,3.6413398,3.474315,3.8458517,3.2896338,3.210712,3.8922544,4.100977,4.181495,3.1607585,5.3169985,5.3169985,4.481854,5.115203,5.3158245,4.305158,3.3559356,3.8409681,4.1553454,4.5290356,4.245605,4.252059,4.2473793,3.94092,5.954052,5.948272,3.756353,2.5808804,3.0082338,3.0003965,3.0421119,3.6653097,3.3187847,3.1472924,4.9434724,4.8545403,3.8312736,4.0961027,4.407696,4.4294715,4.1318846,4.89288,4.914783,4.89949,4.6550355,4.56934,4.9177575,4.819851,4.417807,4.5266433,4.3886523,4.240058,4.529947,4.651278,4.504844,4.52701,3.8036807,4.3177433,4.886135,4.5651474,4.701538,4.752132,4.599578,4.634002,4.275168,4.8244457,3.6516225,4.1307635,5.219821,4.645751,3.6247804,3.8809063,3.842928,3.8171625
27,4.050851,3.9711916,4.4086857,4.475167,2.5521538,2.4031093,1.1161681,2.2965493,2.7256343,2.7576573,2.757971,2.757971,2.4618008,4.155933,2.5951822,2.4736125,2.5460734,2.5053065,2.881547,2.9112911,3.1209538,2.8346858,3.129596,2.768807,3.2777402,3.2777402,1.1487612,0.0,2.4633503,2.4156356,1.6967993,1.6446512,2.782556,2.7852886,2.8271246,2.8122232,4.812175,2.8264413,2.8114755,2.9482832,2.9600146,2.9600146,4.434414,4.395729,3.1296,3.3651834,2.9329176,2.9297826,2.554818,2.5064108,2.5582807,2.5267959,2.4657998,2.382329,3.1622345,3.4737616,3.4135668,3.8193288,3.2481399,3.1861699,3.835985,4.010121,4.100406,3.161263,5.3384657,5.3384657,4.4777036,5.0071406,5.3462663,4.252413,3.2613723,3.7556958,4.0974016,4.277103,3.889164,4.1908927,4.18404,3.9182065,5.610711,5.726331,3.6816351,2.445274,2.892955,2.8865554,2.9007573,3.6204386,3.1822226,3.0104675,4.96137,4.8606434,3.7760332,4.005246,4.3174148,4.3306417,4.0943675,4.922501,4.535875,4.527929,4.5973396,4.50659,4.545486,4.455855,4.3558726,4.467909,4.275792,4.133513,4.09067,4.242346,4.1599493,4.154154,3.3495014,4.2180114,4.5016074,4.4474373,4.342442,4.349446,4.240556,4.287085,4.0995946,4.310013,3.4240324,3.712338,4.8519,4.4577193,3.405947,3.437639,3.6749647,3.6467817
28,3.4800928,2.8169928,3.3699799,3.3302665,1.2788465,0.884054,1.9589669,1.1854907,1.3208536,1.3476257,1.5177085,1.5177085,0.98400754,3.0769002,1.2722363,0.9857462,3.051415,3.0500107,1.6549804,1.6876582,1.8932602,1.6534711,2.2211773,1.6915634,2.3798215,2.3798215,2.6810133,2.4633503,0.0,0.15172632,2.6972587,2.6491678,1.9623413,1.9280183,1.9613804,2.000245,3.4280198,1.8783072,1.6021299,1.9997004,2.1940765,2.1940765,2.7513688,2.62891,2.4659932,2.6120648,2.0954094,2.1083508,1.4440875,1.3399864,0.7953223,0.88212186,1.0967256,0.85599965,2.2135677,2.7623122,2.4775343,2.9311976,1.9356365,1.8616024,3.5728717,3.7341897,3.939459,2.8686392,4.250914,4.250914,2.5521188,3.9166937,4.313253,3.4806147,2.9950652,3.3735104,3.2031612,3.4911625,3.3437147,3.4843836,3.6497636,3.4460824,4.811167,4.846493,3.0966156,1.0025115,1.2514632,1.2380669,1.3067327,1.6190072,1.6441747,1.3138108,3.701912,3.5926683,2.553852,2.9044435,3.2905767,3.2959244,3.685398,4.147133,3.6332598,3.6025863,3.6612349,3.5260515,3.5724044,3.4515493,3.3151767,3.4340568,3.0902176,2.918622,3.0323575,3.0675776,2.9840894,2.9909773,3.782473,3.0449507,3.144372,3.0858488,3.045087,3.0894449,2.9690976,2.9957545,2.8560433,3.1214116,3.663752,3.9466212,3.9183013,3.1780472,3.2963016,3.2907796,3.8531115,3.8390052
29,3.4441056,2.8315017,3.3481383,3.3176353,1.2912472,0.8755429,1.9158974,1.1536597,1.3460132,1.3742275,1.5034229,1.5034229,0.9456884,3.1070335,1.2671098,0.9387574,3.0237765,3.0231364,1.6803404,1.7092445,1.9249213,1.6616294,2.270335,1.693315,2.4294612,2.4294612,2.635609,2.4156356,0.15172632,0.0,2.663843,2.6161842,1.8965131,1.8694092,1.897407,1.9405965,3.404945,1.8142259,1.532382,1.92775,2.1515856,2.1515856,2.740204,2.6384404,2.4505358,2.5948503,2.047578,2.057934,1.4264138,1.3348339,0.77106947,0.84391135,1.083099,0.8134804,2.2009964,2.7501795,2.5045176,2.9717283,1.9559648,1.8941011,3.5755124,3.7403388,3.931014,2.8626976,4.2909703,4.2909703,2.6147776,3.9638414,4.3558884,3.5236583,3.0158215,3.390831,3.2503178,3.5333366,3.3915994,3.5225508,3.684172,3.47271,4.8350654,4.8691072,3.1298168,1.0102166,1.2176669,1.2041701,1.303893,1.6384646,1.6063684,1.2914135,3.7477994,3.638707,2.5715177,2.9151711,3.2560825,3.2622552,3.6325743,4.0992293,3.6182292,3.5899408,3.6462777,3.5124247,3.565365,3.4451585,3.3125088,3.4173863,3.0550218,2.8828657,2.9783375,3.0279894,2.945973,2.952914,3.747054,3.0122614,3.1297202,3.0692081,3.0330796,3.069233,2.944323,2.974147,2.8322523,3.1043363,3.6369216,3.9262009,3.9351158,3.1712646,3.265788,3.2670975,3.8252015,3.81102
30,4.4418716,4.0546865,4.8612404,4.8273993,2.7661755,2.6089652,1.6754258,2.5675771,2.9228134,2.9529083,2.9564898,2.9564898,2.6647503,3.9722202,2.9593866,2.6699722,2.050889,2.0193377,3.153101,3.2101681,3.285081,3.1365259,3.373081,3.0967684,3.3670762,3.3670762,1.9399987,1.6967993,2.6972587,2.663843,0.0,0.16630162,3.0119612,3.0271876,3.05866,3.0393667,5.258673,3.114608,3.0091588,3.1608074,3.1978981,3.1978981,4.9534826,4.9067674,3.2898314,3.4841254,3.0685556,3.0639682,2.6185627,2.566285,2.6527774,2.6046255,2.6158674,2.4964747,3.2993555,3.6129577,3.3324494,3.6577287,3.0124252,2.9773402,4.1256413,4.2700706,4.399416,3.514767,4.8871164,4.8871164,4.196623,4.5310545,4.77843,4.5205493,3.6017556,3.983466,4.5111623,4.6444364,4.1494336,4.5267205,4.476568,4.316296,5.900373,6.0214944,3.7373695,2.6215022,3.3866103,3.3758962,3.5082538,3.464163,3.7065449,3.5410662,4.9776473,4.90249,4.2566757,4.463264,4.7463017,4.738402,4.93951,5.3188787,4.982576,4.958033,5.024545,4.9336867,4.974093,4.9058814,4.777994,4.8932505,4.7754927,4.61156,4.657143,4.7510915,4.681298,4.6764445,2.9521797,4.718242,4.8663588,4.803864,4.7543907,4.747625,4.65196,4.7167954,4.4927645,4.706694,3.429676,3.5075538,5.1851325,4.8518124,3.5437617,3.5930512,3.7269616,3.682305
31,4.4439406,4.03927,4.846303,4.8116293,2.7091365,2.5587451,1.5820122,2.5169811,2.882073,2.9132063,2.918807,2.918807,2.6205711,3.930514,2.9032376,2.6271467,1.988413,1.9525318,3.116089,3.1711688,3.2285259,3.0962524,3.3358839,3.0561736,3.3376067,3.3376067,1.8416796,1.6446512,2.6491678,2.6161842,0.16630162,0.0,2.9683583,2.9826083,3.013655,2.9932187,5.2202625,3.0706298,2.9739454,3.1289608,3.1474957,3.1474957,4.8977423,4.849184,3.25453,3.4511204,3.0549476,3.0495422,2.5947912,2.5516844,2.6096983,2.5627701,2.557045,2.4409852,3.254513,3.5716941,3.3032086,3.627909,2.9596872,2.9273188,4.0979033,4.2527504,4.382978,3.4855287,4.8922524,4.8922524,4.171376,4.547168,4.790895,4.4830446,3.5914655,3.9732761,4.466091,4.6341906,4.1344004,4.4856052,4.438512,4.2697873,5.8866014,5.976288,3.6979966,2.5801258,3.3169966,3.3063295,3.4304426,3.42629,3.6384566,3.467923,4.953282,4.8777933,4.2231417,4.4319663,4.67452,4.667466,4.876481,5.275429,4.928654,4.8975034,4.929268,4.838817,4.909499,4.8393083,4.687665,4.810329,4.678562,4.514386,4.5955963,4.682921,4.607271,4.6052513,2.9008682,4.62502,4.7958393,4.7078643,4.6785626,4.6743765,4.578504,4.637717,4.402451,4.652323,3.3455145,3.4502022,5.1386046,4.7668176,3.4527304,3.526331,3.6741183,3.6290717
