,0,1,2,3,4,5,6,7,8,9,10,11,12,13,14,15,16,17,18,19,20,21,22,23,24,25,26,27,28,29,30,31,32,33,34,35,36,37,38,39,40,41,42,43,44,45,46,47,48,49,50,51,52,53,54,55,56,57,58,59,60,61,62,63,64,65,66,67,68,69,70,71,72,73,74,75,76,77,78,79,80,81,82,83,84,85,86,87,88,89,90,91,92,93,94,95,96,97,98,99,100,101,102,103,104,105,106,107,108,109,110,111,112,113,114,115,116,117,118,119,120,121,122,123,124,125,126,127
0,0.0,0.9835886,3.3613136,3.0090427,3.0077634,3.3562982,2.7138686,2.969797,3.5603814,3.654285,3.538416,3.5504334,4.706748,4.531218,4.7135396,4.648932,3.922465,3.781882,3.9355135,3.725567,3.8852875,3.8832207,3.7034492,3.7350247,4.7131567,4.4026775,4.313385,4.352142,4.279784,4.481698,4.691206,4.6727486,3.3490775,3.6295328,3.0788705,3.5937204,4.5399003,4.516276,4.592426,4.4407954,3.7156563,3.5601525,4.939716,4.736406,5.033027,5.076099,3.1638916,1.9993495,3.8626301,3.6279397,3.9731686,3.9783144,3.9206877,3.924699,3.9753025,3.7242384,3.6774747,3.4556527,3.2788544,3.055479,3.025924,3.8672357,3.2348115,3.2346015,4.7693033,4.780681,4.7860355,4.8729997,4.7641315,4.7469487,4.839113,4.820859,4.613905,4.683277,5.150984,5.0686283,4.4896884,4.761236,4.681446,4.6818895,3.6186235,4.145417,4.157445,4.0824375,4.257807,4.2182527,4.138368,4.0673747,3.318404,3.7531903,3.2234917,3.4181767,3.137819,3.28103,3.6595366,3.5700653,4.469359,4.647596,4.952553,4.142145,4.2762713,4.231018,3.9560034,3.9123256,5.376948,5.8288903,5.350563,5.3249965,4.9286757,5.135362,5.21443,5.2093325,3.436143,3.6060927,3.594058,3.9595053,3.5702972,3.6384823,2.367007,2.7883174,2.4875224,2.4923465,2.3683543,2.3294883,3.5743191,3.739365,3.1511905,3.1876876
1,0.9835886,0.0,3.5457335,3.212668,3.2159715,3.574663,2.9407878,3.185987,3.7142177,3.855559,3.728108,3.725065,4.8599257,4.676652,4.8670835,4.80389,3.9061525,3.9412384,3.9136257,3.697656,3.866568,4.0411215,3.6902921,3.727919,4.803526,4.519202,4.4401193,4.4814544,4.317872,4.545338,4.723209,4.703749,3.5934374,3.81073,3.0694494,3.5324628,4.5255013,4.5205717,4.5229816,4.5174203,3.6841881,3.5198195,4.8673263,4.6742635,4.9397707,4.9792647,3.0108974,1.7923427,4.32926,3.81444,4.420676,4.4512897,4.2866077,4.2908707,4.3598027,4.0822916,3.5991426,3.3560958,3.5225554,3.33572,2.873999,3.769051,3.1119146,3.1132576,4.9436526,4.955712,4.955644,5.021461,4.942549,4.9166937,5.00554,4.988249,4.7595425,4.8220305,5.2615824,5.1866536,4.632629,5.250341,4.7833457,4.7851005,3.811853,4.357679,4.491788,4.283955,4.454944,4.4216204,4.3412337,4.2706504,3.5764167,3.9840994,3.4938087,3.6695945,3.4104912,3.5613613,3.81864,3.8160455,4.989131,5.1507063,5.449066,4.7196183,4.8539114,4.7948623,4.557535,4.489304,5.870633,6.2913475,5.841956,5.819504,5.425078,5.60475,5.7156496,5.7002134,3.6325297,3.7861068,3.7774618,4.1379766,4.225176,4.283536,2.6438615,3.003113,2.760079,2.7659917,2.6668677,2.6326017,4.2861886,4.433389,3.4037228,3.4468195
2,3.3613136,3.5457335,0.0,2.115064,2.190353,2.8453884,1.9620156,2.080404,2.393268,2.4638894,2.5379946,2.2801921,3.3078835,3.3090785,3.4255025,3.3516386,2.458495,2.8674,2.5958316,2.3623245,2.6780436,2.5248413,2.6396966,2.577672,3.9161656,3.4538891,3.297044,3.414743,4.771305,3.7630146,3.506296,3.4962623,3.625768,3.719942,3.3520799,3.661141,4.581506,4.5326934,4.8926134,4.7510123,3.9451187,4.026258,4.917599,4.819852,4.8697867,4.930802,3.8105652,3.436685,4.148675,3.988842,4.284493,4.19348,4.3350306,4.3318357,4.3292017,4.033856,4.166016,3.855426,3.7781816,3.4284194,3.0326245,4.359494,3.1534033,3.9849699,4.569826,4.5521655,4.5807133,5.2384505,4.493006,4.4641633,4.6158466,4.5879354,4.3010917,4.3552113,4.4567595,4.478559,4.248956,4.5219746,4.58053,4.508637,3.6315687,4.393051,4.288735,4.2204003,4.413872,4.481114,4.36214,4.3428674,3.470034,4.520404,3.5498536,3.6258554,3.3547173,3.4616737,3.5170403,3.9528937,4.3745694,4.604204,4.927497,4.4281545,4.644358,4.4275875,4.3664465,4.149032,5.1032615,4.7401457,5.0711336,5.0482974,4.8326397,5.0571284,4.934811,5.0427284,3.7029574,3.8148694,3.7337778,3.7396767,4.243031,4.2952294,3.226509,3.528722,3.3501673,3.3606071,3.293224,3.4134035,4.659283,4.8417087,4.347395,4.2681613
3,3.0090427,3.212668,2.115064,0.0,0.8260292,2.193906,0.8351305,0.22257102,2.355448,2.279161,2.341181,2.1943042,3.08068,2.900283,2.789203,2.758296,2.1189764,2.4633138,2.1186647,1.8256335,2.153898,2.0936112,2.0356874,2.0836322,3.4852948,3.236113,2.9506695,3.1239552,4.5833797,3.4251852,3.6663916,3.6582787,3.4589188,3.6226294,3.2583244,3.6093624,4.0592585,4.0089073,4.7655635,4.634591,3.954001,3.8675478,4.962289,4.8616843,4.8871293,4.9312553,3.6536148,3.4319222,3.8960764,3.6963165,4.072462,3.873871,4.091669,4.0863357,4.13531,3.9277601,3.9613495,3.6899245,3.5175724,3.4354136,2.8133185,3.8627818,2.9097474,3.8449228,4.5508866,4.5491686,4.519169,5.0750313,4.4450946,4.453556,4.599447,4.600875,4.188685,4.2578187,4.6447525,4.527907,4.175,4.2641006,4.6411858,4.5782833,3.5210934,4.2308726,4.194706,4.105646,4.261375,4.3099937,4.221966,4.177913,3.3897917,4.512901,3.3768048,3.4969957,3.2286572,3.3878462,3.6302805,3.8978896,4.469758,4.34361,4.5940485,4.015739,4.3283157,4.0537467,3.9364412,3.7036934,5.0672,5.6093607,5.0517626,5.0177507,4.812561,5.047066,4.928262,5.060544,3.6084154,3.8784957,3.7167466,3.544228,4.3425083,4.396192,3.2029412,3.63526,3.456106,3.449588,3.2925768,3.3532693,4.4260626,4.6968017,4.317919,4.2412505
4,3.0077634,3.2159715,2.190353,0.8260292,0.0,2.0192642,0.60042596,0.75469255,2.0720975,1.7603037,2.0688252,1.7275987,2.6329968,2.7582784,2.814799,2.7516203,1.9277283,2.0364687,1.9964203,1.5603057,2.0131154,1.9553452,1.7335582,1.8107419,3.52307,3.1783764,2.937225,3.1312833,4.339755,3.247149,3.4800112,3.4797814,3.0824406,3.262597,2.8704832,3.298118,4.204061,4.225391,4.8011355,4.6745033,3.6785998,3.5391502,4.6801124,4.568472,4.5782146,4.6225176,3.3707995,3.1991134,3.6592512,3.463527,3.7731028,3.692195,3.8807352,3.8709888,3.9032671,3.696152,3.6978924,3.5017023,3.198226,3.2093692,2.5098522,4.0529776,2.7281353,3.60754,4.1385164,4.1402106,4.1206193,4.838115,4.0679293,4.0770016,4.1808705,4.1172533,3.878672,3.957228,4.269249,4.168177,3.790207,4.047115,4.3416104,4.314833,3.1253176,4.024981,3.9969773,3.9094665,4.0244637,4.0835967,3.9814394,3.932823,2.9839053,4.1545315,3.001781,3.1233435,2.8335295,3.0073972,3.3180628,3.601993,4.0711164,4.252157,4.336933,3.7878222,4.0978103,3.8282216,3.7328012,3.4581084,4.7397165,5.4380198,4.7200384,4.6701584,4.488565,4.695736,4.559716,4.742556,3.1547408,3.3509321,3.2652566,3.0513587,4.0736113,4.144595,2.937975,3.3367398,3.2019706,3.1927688,3.0402179,3.1210382,4.304404,4.5348134,4.1529093,4.102459
5,3.3562982,3.574663,2.8453884,2.193906,2.0192642,0.0,1.9272417,2.1272342,2.9662437,2.5805743,2.3890727,2.5341685,3.2843373,2.3794062,2.570947,2.4750903,2.8748834,2.8193784,2.9049702,2.6166537,2.9647136,2.9743252,2.7269769,2.8010032,4.248433,3.9109018,3.6879618,3.8824813,4.688447,3.749118,3.81919,3.890508,3.4659142,3.6304674,3.3928823,3.9053082,4.886141,4.88574,5.0611672,4.9481077,4.4801097,4.044792,5.409461,5.177613,5.4174557,5.510119,3.8168113,3.5520248,4.1717196,4.078,4.3039465,4.267507,3.7783744,3.7733152,3.7670329,3.6106749,4.086871,4.011642,3.6433442,3.5548272,3.2342436,4.489221,3.4767358,4.1638875,4.2063932,4.087759,4.0514636,4.7417727,3.9841776,4.00167,4.057832,4.3834114,4.109377,4.1641674,4.435898,4.353821,3.7965238,4.0148253,4.200396,4.2548714,3.4542336,2.9392407,2.9379728,2.8626995,2.9556508,3.0175428,2.9789295,2.92859,2.7632282,3.9325912,2.7132103,2.8927872,2.6733088,3.0081754,3.3027997,3.3116422,4.0960326,4.152002,4.4743743,3.9008594,4.195354,4.261088,3.750171,3.6071806,4.5596995,5.317672,4.541176,4.5721245,4.246563,4.2239943,4.4001927,4.571512,3.2944236,3.4874227,3.414138,3.2871413,4.1499243,4.2103367,2.9688673,3.478833,3.2714949,3.2581959,3.1078172,3.1559296,4.343149,4.5063953,3.916854,4.0438485
6,2.7138686,2.9407878,1.9620156,0.8351305,0.60042596,1.9272417,0.0,0.77295274,2.0207205,1.8046466,1.9009788,1.7144787,2.6575682,2.6773894,2.8201454,2.7470598,1.9703013,2.0801141,1.876939,1.5770198,2.0146587,1.9397173,1.7396452,1.832623,3.4974627,3.1203046,2.8458142,3.0352447,4.2225266,3.215458,3.4472668,3.4490721,3.0085425,3.2150064,2.7728896,3.1882474,4.2101727,4.2088223,4.8204846,4.6780524,3.6115031,3.4975865,4.71511,4.5853953,4.630158,4.6750145,3.2479959,3.0229435,3.4927702,3.2805223,3.5925946,3.484543,3.6926675,3.6852643,3.7243054,3.4840062,3.4941018,3.2811408,3.0016403,3.0377948,2.3548665,3.9207716,2.5745296,3.4505532,4.060258,4.0617943,4.0435467,4.6569557,4.0065236,4.005967,4.111122,4.1339865,3.7638478,3.8531768,4.243029,4.156518,3.6694615,3.9990158,4.2010016,4.18251,3.0821283,3.7745569,3.723835,3.6602805,3.8039107,3.8512428,3.7591915,3.712967,2.8603308,3.9808602,2.8619518,2.9905787,2.730122,2.9439676,3.1343973,3.4172826,3.9734852,4.2416525,4.2107844,3.6137412,3.8790963,3.6007407,3.5384433,3.2960334,4.682635,5.254876,4.6610703,4.6287704,4.4114294,4.6583576,4.524997,4.6792545,3.1127048,3.2691197,3.2243316,3.088041,3.9275703,3.965492,2.6796334,3.1856813,2.9429035,2.9349716,2.8222222,2.8969474,4.152725,4.351701,3.9812603,3.9060001
7,2.969797,3.185987,2.080404,0.22257102,0.75469255,2.1272342,0.77295274,0.0,2.3426495,2.2069652,2.2956889,2.1413214,3.0474904,2.8520381,2.7520604,2.7178733,2.1369166,2.3954096,2.1350796,1.8268089,2.1698914,2.1042876,2.0355012,2.0872462,3.4631653,3.2126548,2.9296134,3.1032586,4.4891844,3.3725157,3.6215649,3.6135716,3.396498,3.5754256,3.2192664,3.5624273,4.142925,4.092331,4.767518,4.631384,3.9595737,3.8479571,4.9169307,4.8164473,4.8232236,4.869002,3.640934,3.3992438,3.8790803,3.6903949,4.0531645,3.8654435,4.0679545,4.062175,4.1051106,3.8935606,3.8926563,3.6563792,3.4448655,3.418793,2.7736502,3.9495358,2.900761,3.76946,4.498713,4.500382,4.471319,5.050876,4.397217,4.401209,4.550636,4.55452,4.1551957,4.227705,4.6251726,4.5114284,4.1286545,4.212796,4.6166396,4.553258,3.4520113,4.2010593,4.117492,4.046127,4.183495,4.2553344,4.157657,4.1163096,3.3111708,4.443468,3.3183837,3.4125988,3.1698706,3.3374877,3.5635993,3.8871276,4.3996468,4.2773275,4.5345993,3.9567616,4.288883,3.993281,3.8692307,3.6129277,5.00231,5.5427365,4.987946,4.953618,4.755801,4.9776692,4.8645124,5.0094438,3.5600147,3.8266754,3.6713293,3.3881507,4.3047514,4.368788,3.1604688,3.607058,3.4209664,3.413779,3.251707,3.3194108,4.4036593,4.6713934,4.2978096,4.230337
8,3.5603814,3.7142177,2.393268,2.355448,2.0720975,2.9662437,2.0207205,2.3426495,0.0,1.5544668,1.6226707,1.3628429,2.8508928,3.2268279,3.434263,3.3561618,1.1292897,2.217534,1.7197318,1.489567,1.4420855,1.2885969,1.4183059,1.236003,3.107896,2.606215,2.6135395,2.682181,3.866312,2.975293,3.001463,2.9940736,3.057098,2.8700092,2.239163,2.7532628,3.3978415,3.4625826,3.9138129,3.7997305,2.7573018,3.2665043,4.0048633,3.8682022,4.1408367,4.221235,2.877449,3.1293576,3.0143242,2.779194,3.108878,3.1559727,3.291808,3.280815,3.2466474,2.9933076,3.8538258,3.4473333,3.3699343,2.8769627,2.090931,3.8259566,1.8277775,2.9988909,3.2131243,3.2105765,3.2605584,4.060196,3.2288177,3.2226958,3.2977164,3.2185085,2.806761,2.7280517,3.25434,3.2234595,3.009009,3.6360466,3.024398,2.9651692,2.8532445,3.8337207,3.8998077,3.6839223,3.9976835,4.0535293,4.027854,3.977808,2.9943707,3.617875,2.6682205,3.3016374,2.4935825,2.5560684,2.9530978,3.290632,3.7096233,4.2363396,3.977719,3.7677796,4.0089173,3.653678,3.8804922,3.4556313,4.042498,4.455024,3.9738333,3.9414647,3.589493,3.9302151,3.8177772,3.751849,2.8897629,2.8791125,2.8859448,2.7236745,3.868295,3.997035,2.6849859,3.0823894,2.8336072,2.8351638,2.7891595,2.8601973,4.090765,4.216823,3.654613,3.537921
9,3.654285,3.855559,2.4638894,2.279161,1.7603037,2.5805743,1.8046466,2.2069652,1.5544668,0.0,1.1073989,0.42192322,2.359524,2.4916956,2.7738798,2.6588302,1.7914344,1.9112352,1.6617651,1.4969653,2.0054226,1.8963517,1.6341898,1.6835053,3.4624143,3.0337865,2.9121556,3.0651393,3.8332257,3.0155525,3.0729744,3.075616,2.6231253,2.7765393,2.3264112,2.80006,4.5401187,4.5939555,4.810442,4.684326,3.4139721,3.362412,4.6099396,4.478723,4.397916,4.4523206,3.0408266,3.4250457,2.9836767,2.8064904,3.1158266,3.0478554,3.399104,3.3843749,3.3436744,3.0737927,3.3942058,3.036486,2.758891,2.4094176,2.0367804,4.099421,2.3677707,3.1011312,2.877185,2.8353307,2.9076948,4.059099,2.8638115,2.871341,2.93777,2.926665,2.7569933,2.8819249,3.1316817,3.1611247,2.6420975,3.1736913,3.2626638,3.3796327,2.501472,3.4744155,3.529116,3.3291364,3.4466114,3.5224545,3.3243778,3.279726,2.2234685,3.2912912,2.3345513,2.441665,2.190969,2.4488263,2.5711763,3.0002892,3.4531376,3.9199228,3.6794693,3.463877,3.7950602,3.4251926,3.4922612,3.1890433,3.7829173,4.464208,3.7198486,3.6764383,3.6037354,3.9184768,3.5501447,3.8458421,2.5064545,2.5620542,2.5248733,2.2319813,3.7784817,3.8738096,2.61155,3.105998,2.846436,2.84422,2.7813175,2.9050603,4.0653667,4.2041807,3.6869667,3.5778174
10,3.538416,3.728108,2.5379946,2.341181,2.0688252,2.3890727,1.9009788,2.2956889,1.6226707,1.1073989,0.0,0.98345244,2.818009,2.3334856,2.6178586,2.4914718,1.8319694,2.2702067,1.5767304,1.6686432,1.8257886,1.7422534,1.6593947,1.6272074,3.539324,3.261889,3.121381,3.2241302,4.0639443,3.3296986,3.4248035,3.4414563,3.038991,3.225835,2.4456298,3.0692232,4.4571157,4.469007,4.755107,4.6305666,3.4849439,3.6949782,4.835321,4.6675396,4.7818546,4.863268,3.0535738,3.433799,3.0729783,2.8695564,3.2461538,3.06748,3.309442,3.3004992,3.2755196,3.0093927,3.3366935,3.0222626,2.6173897,2.290396,2.0173948,3.7623088,2.197101,3.014941,2.8668993,2.7720697,2.8266826,3.7744126,2.8130846,2.8156083,2.895964,3.1705792,2.421741,2.5873275,2.9621556,2.9796097,2.5130544,3.0938327,2.995275,3.1851103,2.8806236,2.9346302,3.015305,2.7838473,3.1237457,3.175494,2.812913,2.773778,2.1170232,3.1516337,2.2044098,2.330833,2.0256708,2.2836733,2.6850977,2.7883103,3.7057571,4.0228157,3.7568965,3.537383,3.8247995,3.5015929,3.4995916,3.2926028,3.7764838,4.378717,3.7016003,3.71282,3.5250883,3.8754604,3.5708597,3.791807,2.6323633,2.7289846,2.6425583,2.5202508,3.7647467,3.8172174,2.424776,3.0386035,2.6608992,2.659098,2.607261,2.7065206,4.018042,4.124485,3.529663,3.4017642
11,3.5504334,3.725065,2.2801921,2.1943042,1.7275987,2.5341685,1.7144787,2.1413214,1.3628429,0.42192322,0.98345244,0.0,2.3087423,2.4664042,2.760025,2.642051,1.6029812,1.7830117,1.479261,1.2759672,1.8118318,1.7184165,1.4075534,1.4395434,3.495384,3.062006,2.9167178,3.0667002,3.9159608,3.090012,3.1798675,3.186462,2.5961008,2.7565026,2.1677048,2.7559178,4.3401856,4.399217,4.714127,4.6021733,3.1735826,3.2036452,4.4258604,4.28901,4.3046246,4.363925,2.8543558,3.2610388,2.9428694,2.7139363,3.0757341,3.0222647,3.3035703,3.290271,3.2624414,2.9872513,3.4262707,3.0137718,2.7959828,2.3491766,1.861689,3.9260812,2.1386006,2.999101,2.9390948,2.8703482,2.9285624,3.9750078,2.9060004,2.9052153,2.9767306,2.9817784,2.7325325,2.8530352,3.0347915,3.078266,2.640716,3.2666261,3.2106028,3.3168573,2.6500359,3.4395375,3.5379894,3.2974784,3.4667618,3.5246289,3.3449671,3.3079517,2.2849088,3.3058639,2.325614,2.5513763,2.1841826,2.4251497,2.669605,2.9661913,3.552928,4.090671,3.7593143,3.5290575,3.8215573,3.4922817,3.5591185,3.2685366,3.889912,4.43809,3.8238783,3.7908266,3.6603575,3.9757447,3.6389716,3.888031,2.4926188,2.5301764,2.4768977,2.3892405,3.767584,3.860821,2.5881505,3.0070167,2.806906,2.8094103,2.7580576,2.8776784,4.030472,4.1590033,3.6287954,3.526209
12,4.706748,4.8599257,3.3078835,3.08068,2.6329968,3.2843373,2.6575682,3.0474904,2.8508928,2.359524,2.818009,2.3087423,0.0,2.3964934,2.8426704,2.764699,2.596158,2.379264,2.5092714,2.3707442,3.2228732,3.1288874,2.6671064,2.7692072,4.614666,3.8509388,3.6547124,3.8498564,4.8310447,3.8509114,4.0363526,4.06725,3.5584395,3.5296254,3.3831918,3.70687,5.3787746,5.451328,6.0038123,5.934665,3.8989756,3.8753016,4.9443455,4.8365703,4.731304,4.769741,3.8021853,4.4920216,3.7133687,3.5385635,3.622151,3.684708,3.9175706,3.9000072,3.970275,3.8381078,4.574031,4.2739015,4.1450863,4.082524,3.2122636,5.0338545,3.2398138,4.078687,4.067386,4.001592,3.9795628,5.4999385,3.9833896,3.979909,3.9848676,4.0061374,3.7454176,3.8062246,4.1157794,4.103403,3.6211383,4.317947,4.5523314,4.496299,3.6111732,4.228796,4.284081,4.1090183,4.2117567,4.272203,4.4073377,4.4102454,3.603281,4.352906,3.4245355,3.8071,3.469417,3.655169,3.676101,3.916378,4.136624,5.09436,4.313825,4.0358853,4.159404,3.8680549,4.2326474,3.8013644,4.6942677,5.186828,4.678687,4.651842,4.785837,5.0408854,4.514901,4.874667,3.6432838,3.4785197,3.606386,3.5004852,4.989059,5.023679,4.1867785,4.502168,4.4025993,4.3967805,4.438223,4.5083117,5.2544165,5.299275,5.145913,5.061311
13,4.531218,4.676652,3.3090785,2.900283,2.7582784,2.3794062,2.6773894,2.8520381,3.2268279,2.4916956,2.3334856,2.4664042,2.3964934,0.0,0.9313343,0.796669,2.849292,2.6365778,2.492565,2.6852057,3.3362434,3.3364651,2.9812803,3.0574381,4.4942875,4.019775,3.8188481,3.9930131,4.9104743,4.0317254,4.041916,4.0853534,3.9842713,4.0160623,3.8624713,4.1912813,5.645552,5.6242824,5.819432,5.770638,4.521593,4.3518233,5.4870763,5.323632,5.24534,5.334426,4.2538223,4.7651534,4.059349,3.8929296,4.2327085,3.9197242,3.9789314,3.9702966,4.018463,3.8601718,4.543173,4.236077,4.0778003,3.7699354,3.4058833,4.6193485,3.495959,4.1636457,4.0350165,3.849146,3.8620245,5.3835077,3.7803926,3.8048341,3.8828323,4.3934207,3.6742716,3.7666326,3.8171694,3.7846987,3.6215267,3.8953009,4.3978357,4.468721,3.6575801,3.0075777,3.1326818,2.7757328,2.9535234,3.0756166,2.99588,3.02843,3.0251026,4.0308576,3.0036757,3.2611022,3.1222022,3.4355776,3.434461,3.5627491,4.2257686,4.382958,4.5340443,4.212536,4.4939084,4.2467093,4.2400794,3.9292836,4.7032633,5.2912755,4.67562,4.7316284,4.7205095,4.948304,4.482575,4.8892603,3.3650198,3.5213988,3.36113,3.3975646,4.721616,4.7605476,3.9008262,4.176145,4.188262,4.179218,4.14253,4.197379,5.112994,5.2294717,4.6201434,4.5322256
14,4.7135396,4.8670835,3.4255025,2.789203,2.814799,2.570947,2.8201454,2.7520604,3.434263,2.7738798,2.6178586,2.760025,2.8426704,0.9313343,0.0,0.19265635,2.9496565,2.9700546,2.7004764,2.8333423,3.4222507,3.4214785,3.155914,3.2032685,4.4727426,4.129385,3.9273365,4.0763535,5.1338654,4.1819396,4.2287226,4.2625256,4.234252,4.2597914,4.1380525,4.45976,5.518644,5.4490213,5.677276,5.6317873,4.784208,4.63393,5.7254224,5.577632,5.4941463,5.5832095,4.476661,5.017363,4.3219314,4.1717668,4.579924,4.199432,4.249414,4.242353,4.3014984,4.17779,4.8082623,4.49946,4.3403687,4.0304365,3.6586714,4.460267,3.6775413,4.3551574,4.364091,4.1982656,4.1846204,5.684949,4.047973,4.077531,4.2222548,4.666919,3.9248676,4.007328,4.184412,4.1009626,3.9572473,3.915749,4.705649,4.7172866,3.938607,3.473004,3.534398,3.2203157,3.4086237,3.5308444,3.4450223,3.470182,3.3861697,4.3922114,3.3674095,3.5707257,3.4170022,3.677242,3.8043623,3.9096506,4.6508846,4.289494,4.7501793,4.451817,4.804497,4.5616302,4.4733853,4.169936,4.8742104,5.451664,4.8561225,4.9041696,4.943638,5.152376,4.6942735,5.095768,3.7630274,4.060872,3.7687416,3.6617782,5.0668354,5.1203446,4.2433534,4.541655,4.5297327,4.5215096,4.431622,4.485044,5.3027005,5.4905057,4.885356,4.812503
15,4.648932,4.80389,3.3516386,2.758296,2.7516203,2.4750903,2.7470598,2.7178733,3.3561618,2.6588302,2.4914718,2.642051,2.764699,0.796669,0.19265635,0.0,2.8952057,2.892132,2.6219115,2.7565267,3.3549912,3.35371,3.0755613,3.1240509,4.4711614,4.116029,3.9109817,4.063918,5.0983906,4.152205,4.198074,4.234306,4.156095,4.2034736,4.0490565,4.3975134,5.522465,5.4623475,5.687255,5.6394653,4.731238,4.5805383,5.689957,5.53911,5.4674573,5.5571113,4.403202,4.9337993,4.268951,4.1205144,4.5182757,4.1515527,4.201864,4.194479,4.2467594,4.1130433,4.733455,4.422393,4.2460036,3.9225504,3.5763602,4.4628134,3.6199336,4.2986374,4.2822475,4.1085377,4.10152,5.582287,3.9738164,4.0021467,4.136503,4.587546,3.8548963,3.948112,4.0966973,4.0287633,3.870171,3.875876,4.624663,4.655514,3.8861704,3.375434,3.4507124,3.1283178,3.317757,3.439603,3.3264701,3.3511312,3.2758563,4.31007,3.2768562,3.4583704,3.3237026,3.5946193,3.7350905,3.826392,4.586988,4.3030524,4.7022686,4.4027677,4.749694,4.5110497,4.415038,4.1220846,4.8138204,5.3911967,4.7915664,4.840246,4.873105,5.080954,4.628517,5.0358515,3.6783473,3.9573956,3.6800954,3.5768533,4.9855285,5.039292,4.1421976,4.452612,4.431816,4.4238486,4.337848,4.3945565,5.224301,5.4028683,4.79947,4.727437
16,3.922465,3.9061525,2.458495,2.1189764,1.9277283,2.8748834,1.9703013,2.1369166,1.1292897,1.7914344,1.8319694,1.6029812,2.596158,2.849292,2.9496565,2.8952057,0.0,2.2837656,1.3391974,1.0504174,1.1991136,1.3908913,1.2362915,1.0250682,3.2283115,2.7708306,2.7418597,2.8399236,4.2848,3.1309419,3.0693471,3.0653448,3.5324302,3.3283184,2.6446803,3.0511534,3.5966876,3.6321218,4.131278,4.150801,3.0997086,3.577059,4.262054,4.1592393,4.2786455,4.3628287,3.0930207,3.4795215,3.6652606,3.2080755,3.7574286,3.7214615,3.7917526,3.7826319,3.8212473,3.6211817,4.00464,3.6172905,3.7200203,3.3691266,2.2094815,3.754596,1.8964678,3.2615533,3.6133342,3.5928674,3.596949,4.6848693,3.551568,3.5502493,3.6434748,3.6280167,3.066793,3.011067,3.4919314,3.410744,3.3040235,4.077807,3.5342443,3.4545085,3.1446855,3.9819648,4.136529,3.8136663,4.150366,4.2133327,4.163773,4.129923,3.2419255,4.053882,3.0032723,3.4993246,2.8478832,2.8878899,3.2113926,3.5592618,4.2981157,4.556521,4.5397277,4.314871,4.5622325,4.233956,4.408353,4.0114813,4.585051,5.036955,4.540822,4.518046,4.3078666,4.5892954,4.401065,4.4408073,3.232863,3.3033254,3.2442865,3.043448,4.5786943,4.67486,3.2102995,3.5705552,3.385508,3.3827677,3.3324356,3.3929102,4.871023,5.0191073,4.212508,4.102298
17,3.781882,3.9412384,2.8674,2.4633138,2.0364687,2.8193784,2.0801141,2.3954096,2.217534,1.9112352,2.2702067,1.7830117,2.379264,2.6365778,2.9700546,2.892132,2.2837656,0.0,2.1148968,1.857871,2.3221908,2.2512963,1.8187828,1.9815199,3.5314896,3.1869566,2.894657,3.1303036,3.9928393,3.213304,3.6266217,3.6299083,2.9081144,3.082111,2.8027935,3.1333241,4.555589,4.6597147,5.140007,5.032808,2.989078,2.7665608,3.3764677,3.2977154,3.2248983,3.2730672,3.4488041,3.6435182,3.1972766,2.9913762,3.275471,3.2412746,3.3888998,3.375775,3.391512,3.1954792,3.895024,3.580541,3.4540882,3.343366,2.457659,4.589462,2.680151,3.3865054,3.7213016,3.64826,3.6293733,4.398061,3.7048893,3.6942952,3.771919,3.8204944,3.6177943,3.6777158,3.2534459,3.2473977,3.4503405,3.9746604,4.0160546,4.0418215,3.2022784,4.0035634,3.9568636,3.7372217,3.7678475,3.9133766,3.9024825,3.924172,3.0845647,3.9323254,2.9918463,3.5838335,3.051738,3.2637517,3.3631525,3.8064084,3.4904137,4.530609,3.968851,3.66849,3.9505696,3.533369,3.72316,3.240524,4.6821704,5.2592883,4.6454654,4.623474,4.2947116,4.531973,4.263622,4.45788,2.5968244,2.6151874,2.5545235,2.7572606,3.8090377,3.9511929,3.4372642,3.0618236,3.6266284,3.6291986,3.5634122,3.6633368,4.41107,4.5386496,4.2576094,4.207206
18,3.9355135,3.9136257,2.5958316,2.1186647,1.9964203,2.9049702,1.876939,2.1350796,1.7197318,1.6617651,1.5767304,1.479261,2.5092714,2.492565,2.7004764,2.6219115,1.3391974,2.1148968,0.0,0.92787844,1.5264196,1.7191129,1.2186979,1.3721865,3.500602,3.154446,2.8940125,3.0987632,4.36152,3.3190973,3.43362,3.4228923,3.3372855,3.3200128,2.8792737,3.2892215,4.142724,4.175798,4.8650856,4.8302245,3.5149343,3.5751505,4.606477,4.5152965,4.5756555,4.6176343,3.2914262,3.77616,3.5557709,3.066439,3.6730194,3.455177,3.8893342,3.8798144,3.9155087,3.632967,3.8119698,3.38784,3.446729,3.1844316,2.0803766,3.8917263,2.1539705,3.3179462,3.567368,3.5275822,3.5674129,4.33823,3.552657,3.5424204,3.6422296,3.801817,3.1994004,3.2549436,3.6252618,3.615276,3.2276914,4.0572343,3.6362126,3.6501293,3.4346664,3.8303468,3.9607413,3.6591918,3.8050423,3.8759127,3.8580499,3.8330967,3.175893,4.0487156,3.0789592,3.3846922,3.102206,3.3617048,3.3129802,3.622146,4.4659505,4.809023,4.468587,4.2633123,4.511433,4.029769,4.316467,3.9836965,4.728745,5.2170343,4.6781707,4.6727033,4.5005293,4.901668,4.568901,4.691987,3.3130045,3.3602355,3.2839084,3.0845084,4.5876083,4.6301026,3.1647694,3.6334827,3.401851,3.398731,3.3896506,3.47116,4.8675704,4.994975,4.2779284,4.0524554
19,3.725567,3.697656,2.3623245,1.8256335,1.5603057,2.6166537,1.5770198,1.8268089,1.489567,1.4969653,1.6686432,1.2759672,2.3707442,2.6852057,2.8333423,2.7565267,1.0504174,1.857871,0.92787844,0.0,1.1590917,1.4191219,0.6490045,0.8336403,3.3132913,2.976004,2.7119386,2.9161282,4.1505766,3.0127761,3.243686,3.2498055,2.9827178,3.0437112,2.4181833,2.8828893,3.8421924,3.897092,4.5824237,4.563622,3.2410843,3.2346811,4.3093586,4.207437,4.2651424,4.310176,2.8930821,3.294799,3.5237513,3.026668,3.6154213,3.5825298,3.689324,3.6789541,3.7130089,3.471809,3.601531,3.2170846,3.3189218,3.1638763,1.844807,3.826706,1.969973,3.1854963,3.5719652,3.5464213,3.5233119,4.256622,3.522748,3.5072389,3.6097662,3.5955536,3.2514036,3.3103983,3.6708448,3.6406074,3.1698015,4.013856,3.6309814,3.611049,3.21009,3.9841294,4.090722,3.8210325,3.964183,4.0318437,4.0074673,3.97767,3.0926907,4.0184073,2.9976103,3.3097484,2.9179025,3.1235533,3.2239642,3.5870495,4.333993,4.702554,4.302068,4.0663013,4.336764,4.0047154,4.105887,3.7832391,4.6174455,5.119795,4.576924,4.5483136,4.36352,4.6267247,4.445597,4.566163,3.20218,3.2664034,3.1993308,2.9361348,4.573255,4.6441655,3.130206,3.5314686,3.343579,3.3440096,3.2935278,3.3873672,4.7264314,4.876983,4.22312,4.1366835
20,3.8852875,3.866568,2.6780436,2.153898,2.0131154,2.9647136,2.0146587,2.1698914,1.4420855,2.0054226,1.8257886,1.8118318,3.2228732,3.3362434,3.4222507,3.3549912,1.1991136,2.3221908,1.5264196,1.1590917,0.0,0.74459594,0.8113377,0.61642426,2.946943,2.9240518,2.7338164,2.8558612,4.2905183,3.1143985,3.3642943,3.3636005,3.559669,3.6216097,2.6807084,3.1071608,3.552013,3.603478,4.363665,4.3269377,3.2800207,3.696156,4.2870235,4.197411,4.346359,4.412863,3.2159324,3.3977098,3.7840137,3.3372457,3.8801465,3.8511398,3.916571,3.9089239,3.925129,3.7161252,3.5988662,3.3809056,3.3276322,3.3904934,2.157005,3.85284,2.1080005,3.373222,3.6971,3.7182417,3.6742597,4.0999856,3.709893,3.6971674,3.8054407,3.7817633,3.196699,3.2399836,3.5618098,3.4858446,3.361341,4.146613,3.5504284,3.5653331,3.479412,4.2264166,4.268509,4.0692787,4.3673396,4.43219,4.2403164,4.207276,3.3733404,4.2628827,3.3117268,3.6225538,3.084394,3.149467,3.5090296,3.8484874,4.4737306,4.7933297,4.427063,4.2539816,4.5204763,4.182693,4.2549376,3.9676864,4.7147336,5.2312245,4.666723,4.6392393,4.3032146,4.560073,4.518219,4.5122538,3.4134269,3.5171902,3.4431484,3.2156248,4.577575,4.64041,3.2255425,3.505338,3.3697412,3.3695796,3.2815065,3.3732913,4.861844,5.017477,4.3895435,4.310866
21,3.8832207,4.0411215,2.5248413,2.0936112,1.9553452,2.9743252,1.9397173,2.1042876,1.2885969,1.8963517,1.7422534,1.7184165,3.1288874,3.3364651,3.4214785,3.35371,1.3908913,2.2512963,1.7191129,1.4191219,0.74459594,0.0,1.1347135,0.9582186,2.936108,2.8687656,2.6714208,2.7858658,4.36905,3.169128,3.412823,3.4079735,3.499132,3.595128,2.8000643,3.2403617,3.639271,3.670348,4.502186,4.356001,3.3409054,3.811871,4.3658037,4.2809377,4.438756,4.505788,3.4078627,3.55249,3.4772525,3.260161,3.571805,3.5227442,3.7308767,3.7229164,3.72828,3.54896,3.7538762,3.5325525,3.2585702,3.2888045,2.422395,4.019775,2.3308353,3.542912,3.636707,3.661632,3.6224535,4.084219,3.6623764,3.6539924,3.7646394,3.719194,3.1444397,3.1939502,3.5201907,3.4452806,3.3369174,3.830825,3.5643706,3.571027,3.4340358,4.211877,4.158096,4.056203,4.3692536,4.4306293,4.2356243,4.2094226,3.3096855,4.2187147,3.2485735,3.5697598,3.021205,3.0480888,3.4786932,3.7837455,4.129393,4.5275917,4.0899816,3.9028032,4.1599975,3.7924864,3.9037147,3.6145551,4.3669114,4.8429465,4.3204823,4.287885,3.9613576,4.2662163,4.158018,4.1566596,3.3871229,3.4770226,3.4167032,3.192543,4.221832,4.288996,3.1772342,3.4598315,3.3009415,3.301485,3.2211802,3.315825,4.5151057,4.668223,4.3514786,4.254098
22,3.7034492,3.6902921,2.6396966,2.0356874,1.7335582,2.7269769,1.7396452,2.0355012,1.4183059,1.6341898,1.6593947,1.4075534,2.6671064,2.9812803,3.155914,3.0755613,1.2362915,1.8187828,1.2186979,0.6490045,0.8113377,1.1347135,0.0,0.4590197,3.1664374,2.9838543,2.715568,2.899789,4.0551195,2.9893458,3.3741443,3.3841932,3.0002704,3.1105835,2.2850926,2.816387,3.657721,3.7466798,4.508536,4.4670277,3.0197453,3.151377,4.0783,3.9626148,4.126277,4.1740255,2.8328667,3.199345,3.4243112,2.9425495,3.5033004,3.5188,3.5690994,3.5580156,3.5793157,3.3483915,3.419208,3.1619759,3.1093757,3.1748168,1.7548312,3.7962594,1.8863358,3.0976622,3.4555166,3.4545627,3.4075477,3.9144974,3.447147,3.431267,3.526249,3.4956276,3.084711,3.1507792,3.4522612,3.4014928,3.0563982,3.9481373,3.4380364,3.4473171,3.258358,4.000287,4.0661945,3.8552444,4.0452113,4.1033626,4.0275073,3.9940164,3.1133645,3.9615233,3.0026927,3.3914351,2.854903,3.0334854,3.313814,3.5919287,4.2468624,4.742528,4.14104,3.9474576,4.208384,3.8849964,3.9888983,3.6723893,4.552438,5.144241,4.505256,4.473589,4.1859937,4.442979,4.3374443,4.400255,3.0892525,3.1474013,3.087992,2.9496634,4.433006,4.491891,3.0915346,3.3625476,3.276603,3.277043,3.206093,3.3052194,4.6607957,4.8006153,4.233911,4.1698422
23,3.7350247,3.727919,2.577672,2.0836322,1.8107419,2.8010032,1.832623,2.0872462,1.236003,1.6835053,1.6272074,1.4395434,2.7692072,3.0574381,3.2032685,3.1240509,1.0250682,1.9815199,1.3721865,0.8336403,0.61642426,0.9582186,0.4590197,0.0,3.1360323,2.9393167,2.7541497,2.8795414,4.139645,3.0575745,3.3826401,3.3917012,3.2427115,3.319025,2.3050401,2.8555546,3.6017902,3.6804671,4.395251,4.3717403,2.9415767,3.3490982,4.065341,3.9570043,4.130803,4.1979585,2.8727095,3.2006297,3.5262532,3.0727513,3.6128738,3.6334112,3.6557384,3.6455755,3.661522,3.4435687,3.5546803,3.2661123,3.2242568,3.1772354,1.8739154,3.7605906,1.8317059,3.1048293,3.5450258,3.533635,3.4944015,4.082543,3.5284848,3.5156555,3.6072948,3.557625,3.0267606,3.0812423,3.3679414,3.3166022,3.1554627,4.005137,3.4689395,3.483336,3.2946572,4.055156,4.146732,3.905363,4.19848,4.2571955,4.096977,4.063771,3.1699543,4.022587,3.0559437,3.446229,2.8279839,2.9174118,3.3705318,3.6355808,4.290482,4.755913,4.2535625,4.0610085,4.3195057,4.012232,4.09969,3.776613,4.5868325,5.112182,4.5334024,4.5026917,4.2111144,4.4550486,4.3624005,4.4105363,3.1400642,3.2051094,3.1418939,3.0033407,4.459377,4.535564,3.1423352,3.3928435,3.3119047,3.3134277,3.2333333,3.3249362,4.6668477,4.810878,4.2242355,4.168346
24,4.7131567,4.803526,3.9161656,3.4852948,3.52307,4.248433,3.4974627,3.4631653,3.107896,3.4624143,3.539324,3.495384,4.614666,4.4942875,4.4727426,4.4711614,3.2283115,3.5314896,3.500602,3.3132913,2.946943,2.936108,3.1664374,3.1360323,0.0,1.3347628,1.3284787,1.1953309,3.0618782,1.6496004,2.3090022,2.28033,4.3301105,4.292576,3.8392768,2.993354,4.2871947,4.20992,4.6389837,4.561278,4.2938037,4.4448185,4.9316173,4.877851,4.186195,4.217542,4.5263834,4.5046234,4.044264,3.7799623,4.2134886,4.1045127,4.0989738,4.0945563,4.0271754,3.832449,3.9008665,3.5119548,4.2623158,4.331036,3.7196972,4.6046352,3.6582427,4.344026,4.494619,4.634594,4.5567703,4.803224,4.5448213,4.5674405,4.711841,4.687665,4.192499,4.15704,4.5090094,4.3818192,4.3598514,4.5198693,4.348667,4.327611,3.287934,5.196735,5.1402965,5.0377693,5.2495155,5.337547,5.2045336,5.162131,4.5044055,5.042168,4.419627,4.7838855,4.218943,4.277605,3.5231671,4.8930526,4.0804763,4.0823207,3.908943,3.8584485,4.252959,3.8777711,3.942566,3.5906556,5.1990786,5.6836996,5.168974,5.133336,4.7041063,4.875469,5.000656,4.914367,4.205825,4.4416113,4.3810983,4.2151585,5.1024904,5.160547,4.351739,4.4027686,4.4286704,4.4291124,4.341331,4.3976345,5.140931,5.392068,4.966457,4.963586
25,4.4026775,4.519202,3.4538891,3.236113,3.1783764,3.9109018,3.1203046,3.2126548,2.606215,3.0337865,3.261889,3.062006,3.8509388,4.019775,4.129385,4.116029,2.7708306,3.1869566,3.154446,2.976004,2.9240518,2.8687656,2.9838543,2.9393167,1.3347628,0.0,0.75257427,0.54904544,2.840181,1.2485963,1.6295263,1.6084787,3.961051,3.7581975,3.450345,2.5490446,4.2515163,4.200053,4.5360622,4.4826126,3.9032152,4.0675426,4.719855,4.647652,3.9643476,4.0074763,4.1414614,4.169476,3.6291938,3.3861527,3.721492,3.6949463,3.6917143,3.685043,3.616984,3.3931267,4.0582995,3.4443192,4.325122,4.0142365,3.477606,4.577947,3.3041255,4.084797,4.270417,4.3674774,4.337529,4.9685836,4.3089046,4.3339376,4.421931,4.3921504,3.984285,3.8901968,4.3621135,4.277165,4.120602,4.423075,4.1398764,4.075757,2.7282453,4.7992444,4.8524547,4.6604314,4.880002,4.9586663,4.954173,4.9069653,4.1934557,4.6772614,3.96462,4.464499,3.8428473,3.910894,2.9759936,4.46312,3.5818932,3.950176,3.7595527,3.584114,3.9084911,3.5447583,3.7525694,3.2823007,4.923218,5.329283,4.889204,4.8569756,4.4952917,4.6920433,4.7394714,4.6731663,3.8753679,3.976946,4.0401344,3.8740432,4.8205013,4.9116235,3.9968154,4.1886563,4.1036377,4.1031833,4.079772,4.1115174,4.760264,4.9668627,4.516741,4.494516
26,4.313385,4.4401193,3.297044,2.9506695,2.937225,3.6879618,2.8458142,2.9296134,2.6135395,2.9121556,3.121381,2.9167178,3.6547124,3.8188481,3.9273365,3.9109817,2.7418597,2.894657,2.8940125,2.7119386,2.7338164,2.6714208,2.715568,2.7541497,1.3284787,0.75257427,0.0,0.45677048,2.9317684,1.1363001,1.9277139,1.9246289,3.726154,3.659774,3.408609,2.5797756,4.256514,4.20694,4.8072486,4.7198176,3.9724846,3.9221973,4.719432,4.6512218,4.00412,4.024608,4.097726,4.138232,3.5350626,3.29354,3.6296031,3.5702975,3.6036088,3.5968785,3.5384815,3.3011737,3.8934245,3.2969236,4.1449103,3.9785724,3.342027,4.5770946,3.2840037,4.102732,4.294233,4.3821597,4.326456,4.7149577,4.3262506,4.342111,4.4453073,4.454317,4.064418,4.024152,4.4485645,4.3771744,4.067734,4.3723006,4.207672,4.154659,2.9338276,4.768956,4.768415,4.6227818,4.75782,4.842222,4.8710456,4.8326535,4.1644745,4.736374,3.9810987,4.426162,3.9080663,4.0546875,3.0905857,4.500985,3.670362,4.1028833,3.5808425,3.3904266,3.7273612,3.33472,3.5235112,3.087102,4.94618,5.3526073,4.9178243,4.8902726,4.5270734,4.730666,4.77345,4.738301,3.9208674,4.024807,4.067643,3.8664248,4.829059,4.896029,3.991489,4.199051,4.121583,4.122232,4.099513,4.1475244,4.704397,4.9130783,4.6152987,4.5906863
27,4.352142,4.4814544,3.414743,3.1239552,3.1312833,3.8824813,3.0352447,3.1032586,2.682181,3.0651393,3.2241302,3.0667002,3.8498564,3.9930131,4.0763535,4.063918,2.8399236,3.1303036,3.0987632,2.9161282,2.8558612,2.7858658,2.899789,2.8795414,1.1953309,0.54904544,0.45677048,0.0,2.853615,1.2091653,1.9826673,1.9737854,3.9098105,3.832148,3.4338684,2.5408237,4.25555,4.1848807,4.7218785,4.6486635,3.945013,4.080307,4.770656,4.7036157,4.0217266,4.053632,4.1205845,4.167359,3.5778384,3.3404725,3.683516,3.6274629,3.6360064,3.6304379,3.56933,3.3431537,3.9418068,3.3123734,4.215818,4.00471,3.4340818,4.517542,3.291275,4.0700536,4.3667827,4.4595895,4.4023485,4.8376575,4.398002,4.4152827,4.521792,4.5142574,4.028054,3.9815001,4.4627757,4.384803,4.1423125,4.4108276,4.2436614,4.1916747,2.946457,4.860893,4.875297,4.7132463,4.9263167,5.005222,4.9756155,4.935374,4.2575607,4.765136,4.0654135,4.511559,3.9402654,4.0316896,3.131494,4.560345,3.7199893,4.0813656,3.6071386,3.4330466,3.7671137,3.3906174,3.5749454,3.1407862,4.983449,5.339502,4.951104,4.923385,4.5684004,4.767002,4.814708,4.765945,4.0059214,4.122455,4.1606994,3.9714615,4.9074483,4.9807153,4.0801244,4.290116,4.1928935,4.1947365,4.170304,4.2087045,4.710665,4.9233456,4.623306,4.6096163
28,4.279784,4.317872,4.771305,4.5833797,4.339755,4.688447,4.2225266,4.4891844,3.866312,3.8332257,4.0639443,3.9159608,4.8310447,4.9104743,5.1338654,5.0983906,4.2848,3.9928393,4.36152,4.1505766,4.2905183,4.36905,4.0551195,4.139645,3.0618782,2.840181,2.9317684,2.853615,0.0,2.3031445,3.0356119,3.0332994,3.3384418,3.3172865,3.1101055,2.0081186,5.077269,5.060183,4.6886153,4.6564355,4.020877,3.5910935,4.7785573,4.606046,3.9218647,3.925328,3.6549108,3.8522267,3.4424791,3.038767,3.519198,3.723947,3.283933,3.2768652,3.1706514,2.9157128,3.317771,2.8994632,3.9088964,3.9846306,3.40395,4.8237634,3.5757427,3.2147148,3.8213906,3.9756887,3.9148772,4.3273344,3.9233854,3.9069922,3.9947152,3.9530673,3.9560976,3.925689,4.697691,4.644564,3.7402017,4.2904596,3.842233,3.832616,2.5919032,4.8017383,4.7317524,4.592977,4.5816817,4.6891837,4.7909837,4.735842,4.0416427,3.764529,3.8174655,4.277055,3.8082106,4.0307117,2.8463416,4.3712816,3.6479137,4.039669,3.336816,3.320176,3.687856,3.432006,3.4905727,3.0638008,4.703294,5.3126125,4.6702933,4.636142,4.319159,4.3989778,4.558816,4.538583,3.7661932,3.8190644,3.9294066,3.5816462,4.9549117,5.0589995,3.984865,4.249165,4.0551476,4.059219,4.0584373,4.0887723,4.6404185,4.7558794,4.178019,4.3190904
29,4.481698,4.545338,3.7630146,3.4251852,3.247149,3.749118,3.215458,3.3725157,2.975293,3.0155525,3.3296986,3.090012,3.8509114,4.0317254,4.1819396,4.152205,3.1309419,3.213304,3.3190973,3.0127761,3.1143985,3.169128,2.9893458,3.0575745,1.6496004,1.2485963,1.1363001,1.2091653,2.3031445,0.0,1.6795813,1.7304688,3.5386293,3.5006828,3.22812,2.1737883,4.5751963,4.5591507,4.8321013,4.797125,4.1648335,3.8727927,4.9481273,4.8329864,4.1133847,4.129864,3.955106,4.062436,3.6885524,3.3727813,3.7614453,3.8575287,3.5672731,3.5572705,3.455011,3.2143693,3.5912275,3.0770757,4.065694,4.0401697,3.3568795,4.7363567,3.457178,4.0391345,4.0912204,4.2001147,4.1245556,4.550043,4.1137576,4.1323147,4.207827,4.174194,4.024751,3.997781,4.5265517,4.4648366,3.8688524,4.3286405,4.0410132,4.029499,2.6313474,4.7385817,4.767282,4.623447,4.6821775,4.7666864,4.7996902,4.741364,4.0777645,4.5453167,3.9258356,4.2915673,3.8129015,4.0098324,2.8676925,4.446932,3.6469104,4.0388765,3.3998866,3.313382,3.7045045,3.474898,3.4611223,3.063523,4.8052144,5.3906207,4.775456,4.7373753,4.4151516,4.4764752,4.664106,4.670958,3.885628,3.9771526,4.0599675,3.7278395,5.081267,5.1489086,4.043679,4.3464227,4.181625,4.1807604,4.1446953,4.201422,4.8340025,5.029898,4.5928564,4.6781683
30,4.691206,4.723209,3.506296,3.6663916,3.4800112,3.81919,3.4472668,3.6215649,3.001463,3.0729744,3.4248035,3.1798675,4.0363526,4.041916,4.2287226,4.198074,3.0693471,3.6266217,3.43362,3.243686,3.3642943,3.412823,3.3741443,3.3826401,2.3090022,1.6295263,1.9277139,1.9826673,3.0356119,1.6795813,0.0,0.18163726,3.9188182,3.5863907,3.6393585,2.7504497,4.8347993,4.8070264,4.5763645,4.5650997,4.479416,4.2309017,5.3110037,5.1878843,4.531683,4.5771694,4.276659,4.2594557,4.1050653,3.7777548,4.172506,4.216944,4.0280757,4.020853,3.9376447,3.6909978,3.962092,3.5077202,4.3843737,4.090507,3.6304688,4.88673,3.7006555,4.36322,3.967314,4.0795813,4.088685,5.0691223,3.9874544,4.0154257,4.076523,4.0753365,4.0818496,3.9710982,4.4387302,4.382807,3.9326427,4.4321513,3.9150991,3.8775508,2.3243613,4.5132236,4.606216,4.418436,4.48541,4.554742,4.634052,4.570559,3.8873034,4.4476233,3.7703815,4.0912786,3.6976106,3.8520112,2.4178352,4.162592,3.57131,3.713854,4.161722,4.013606,4.3264866,4.1320577,4.1389694,3.7952368,4.7384696,5.135551,4.715457,4.6841197,4.4051766,4.5103664,4.613801,4.6106815,3.7834165,3.8647048,3.9740949,3.77042,4.9253883,4.989959,3.7958536,4.1545496,3.8848445,3.880677,3.8777983,3.9334006,5.190225,5.3624287,4.446486,4.4601665
31,4.6727486,4.703749,3.4962623,3.6582787,3.4797814,3.890508,3.4490721,3.6135716,2.9940736,3.075616,3.4414563,3.186462,4.06725,4.0853534,4.2625256,4.234306,3.0653448,3.6299083,3.4228923,3.2498055,3.3636005,3.4079735,3.3841932,3.3917012,2.28033,1.6084787,1.9246289,1.9737854,3.0332994,1.7304688,0.18163726,0.0,3.9311073,3.590227,3.6587582,2.7639568,4.8205867,4.789805,4.5504503,4.535877,4.461384,4.229543,5.2808743,5.1674805,4.48987,4.531937,4.28976,4.2645864,4.096908,3.7625124,4.168118,4.1954403,4.0718884,4.0648184,3.9869952,3.736338,3.9600842,3.5012543,4.3766336,4.079966,3.6189542,4.8745227,3.6863341,4.336952,3.9769437,4.098457,4.1142344,5.103677,4.0107007,4.0373054,4.1055145,4.0864387,4.091615,3.9796896,4.4471245,4.388612,3.9622457,4.447783,3.9442263,3.8995204,2.3176594,4.572644,4.655034,4.4677277,4.5323253,4.6049366,4.679863,4.617539,3.9010773,4.4582124,3.7929509,4.1059403,3.723607,3.86972,2.4309773,4.1874228,3.5880117,3.7046463,4.203116,4.051511,4.3658357,4.1358247,4.1766496,3.8251467,4.7693257,5.1565156,4.746956,4.7117352,4.440787,4.5714364,4.642909,4.6390767,3.7829237,3.870538,3.9737706,3.7625368,4.9043465,4.97117,3.785984,4.135012,3.8700259,3.8659046,3.863314,3.9195411,5.200982,5.3772078,4.451297,4.4448338
