,0,1,2,3,4,5,6,7,8,9,10,11,12,13,14,15,16,17,18,19,20,21,22,23,24,25,26,27,28,29,30,31,32,33,34,35,36,37,38,39,40,41,42,43,44,45,46,47,48,49,50,51,52,53,54,55,56,57,58,59,60,61,62,63,64,65,66,67,68,69,70,71,72,73,74,75,76,77,78,79,80,81,82,83,84,85,86,87,88,89,90,91,92,93,94,95,96,97,98,99,100,101,102,103,104,105,106,107,108,109,110,111,112,113,114,115,116,117,118,119,120,121,122,123,124,125,126,127
0,0.0,2.0447834,2.2089782,2.2781537,3.1180272,2.3286052,2.4643276,2.404364,2.4878879,1.9299145,2.5218992,3.4060197,3.5808792,2.6580994,2.4569669,2.6101074,3.3190992,3.3473108,3.305598,3.404049,3.1530433,2.746379,3.0440717,3.0919926,2.6801217,2.610261,2.6235597,2.6293793,3.192068,3.147384,3.251263,2.8969603,2.5631354,2.402928,2.3091786,2.3217535,2.7622414,3.151218,2.6830716,2.5508635,3.1863954,2.6366584,3.0773551,4.1049914,2.7834756,2.8602011,2.0818136,2.5226104,3.6455524,3.6200914,2.5045722,2.44018,2.5055535,2.6800163,2.3990123,2.2684739,3.0054443,2.9758813,1.9062896,3.6973112,3.1371484,3.717698,2.4970055,2.5335014,3.1650496,3.263277,3.6060162,4.398854,3.9683368,3.2904062,3.9435925,3.8507352,3.2820563,3.6194792,3.898039,2.5228128,3.8488526,3.1872554,3.6955318,3.5227349,4.5723352,4.2171655,5.1503954,4.452554,4.703395,4.70932,4.549051,4.6070623,4.7066774,3.9263127,3.5581558,3.798876,3.9171689,4.201443,4.67768,3.8290925,2.9602075,3.2117875,2.819944,2.9751022,3.0842154,3.3605094,3.1540573,3.3363822,3.2320743,3.1282861,2.4460123,3.551949,3.0223086,3.1639497,3.3560643,3.1888514,3.5095744,3.61467,4.9682055,4.1479673,3.6714072,3.809212,3.8998663,4.162635,3.4105675,3.5068073,3.4946086,3.5131392,4.242827,4.5439796,3.028667,3.115903
1,2.0447834,0.0,0.9429023,0.9240399,2.9254534,2.0770125,1.5772299,1.5586679,1.4394838,1.8100462,1.5890281,2.7887228,2.9727437,2.0860653,2.2258663,1.975925,2.582699,2.613258,2.5916252,2.6366143,2.3725157,2.1411524,2.0944822,2.7897437,1.7581371,1.8995675,1.7740577,1.835073,2.4751456,2.4405286,2.4653769,2.0671632,1.9088473,1.6603504,0.98849785,1.0072035,2.0267792,2.7091851,1.6018332,1.3070179,2.38894,2.631367,2.046498,3.659752,2.5657766,2.6646826,1.9518747,2.3010988,2.893736,2.8145204,1.5183461,1.4504459,1.5511342,1.6789037,1.1749955,1.0507777,1.6007681,1.6401199,2.357959,2.61305,2.483591,3.1014752,1.4089063,1.4892248,2.4115489,2.5023372,2.9036736,3.583284,3.2447479,2.4894373,3.4273329,3.3548598,2.719786,3.0502453,2.437979,2.5741868,2.9520428,2.2772007,2.6264653,2.9342444,3.457892,3.0365453,4.1616054,3.2912984,3.7526298,3.7144423,3.4602818,3.5507524,3.712945,3.467571,3.0919945,3.3142774,3.415809,3.5667217,3.7100818,3.3852592,2.1700847,2.3625467,1.9983557,2.2289963,2.2628596,2.636246,2.4281886,2.516427,2.501193,2.255935,2.1927586,2.7065618,2.2293737,2.374162,2.5153098,2.4622428,2.7640808,2.8019,4.6909013,3.229733,2.73496,2.873758,2.9929032,3.2534702,2.9446895,3.036919,3.0272353,3.0504963,3.5093749,3.7409754,2.0624301,2.187718
2,2.2089782,0.9429023,0.0,0.5455349,2.7933693,2.282354,1.9477612,1.8971063,1.8789251,2.1052618,1.7035035,3.034944,3.0324352,2.5397756,2.486599,2.400857,2.7420647,2.7454503,2.7041528,2.7367866,2.4576294,2.3770285,2.5161817,3.1161942,2.0862875,2.1636908,2.0801516,2.1966727,2.6761332,2.7113266,2.7470586,2.3893492,2.0163236,2.0710263,1.3571388,1.4084599,2.3796475,2.9971175,2.150401,1.9169875,2.678698,2.9213464,2.1094735,3.9915018,2.9031832,3.0166,2.2288866,2.61045,3.3109982,3.2285826,1.960576,1.9088902,1.4228833,1.556081,1.7653283,1.5185196,1.9145381,1.9794153,2.608761,2.844745,2.7961893,2.7439027,1.6952755,1.7858722,2.561213,2.6535478,3.2018692,3.9292727,3.2857385,2.3653498,3.4461825,3.362931,3.4307492,3.6040528,2.5616555,3.2037578,3.6238,3.01959,3.36813,3.6404502,3.7830014,3.3833432,4.3888073,3.5644438,4.0661087,4.0298204,3.6572618,3.758652,4.123817,3.878177,3.5605779,3.7214391,3.6518302,3.7557368,3.9717293,3.7470076,2.5740776,2.7238464,2.594973,2.7137012,2.6673744,3.0773036,2.8180299,2.8874953,2.8994324,2.642422,2.522554,3.0297744,2.4419792,2.7139158,2.6667678,2.8092153,2.6211352,2.678162,4.8372397,3.183982,2.725678,2.8204367,3.3855975,3.3694742,3.1745813,3.2722063,3.2331138,3.2785785,3.6480556,3.9762437,2.3832855,2.448834
3,2.2781537,0.9240399,0.5455349,0.0,2.923919,2.2640584,1.9358575,1.8784434,1.6701843,2.1522653,1.6405103,3.1350396,3.1487112,2.487001,2.4088073,2.2278178,2.918775,2.9268363,2.8726938,2.9007437,2.598565,2.4456973,2.5902305,3.1477718,2.1623368,2.3975146,2.2250602,2.3186364,2.819078,2.8450935,2.9095595,2.5111008,2.0344748,1.909908,1.2507421,1.3232325,2.2985864,3.0184717,2.0811427,1.8508464,2.5773306,2.8441918,2.2802205,3.8762882,2.7993743,2.9116175,2.1764014,2.853899,3.27696,3.2149856,1.9454355,1.8880619,1.2527272,1.4813914,1.766737,1.4072423,1.9026968,1.9542756,2.6758518,2.7889485,2.918663,2.7269716,1.8069476,1.8913406,2.6139002,2.6689014,3.1822453,3.8790648,3.1843429,2.4682527,3.472723,3.393212,3.4727886,3.7400134,2.52183,3.2998567,3.6164153,3.0401769,3.337676,3.6541612,3.819988,3.3486898,4.5611978,3.6095145,3.9731529,3.9431984,3.7348948,3.855084,4.011948,3.7933643,3.4982493,3.6433263,3.8128464,3.9362564,4.106275,3.725661,2.469654,2.6215308,2.6797407,2.850995,2.503312,2.8794937,2.6723044,2.6928077,3.045653,2.759742,2.5684805,3.1021595,2.5776901,2.8865867,2.7938747,2.7205238,2.7575881,2.7733188,4.8013234,3.211845,2.700578,2.8799784,3.258816,3.5561352,3.1612315,3.2568727,3.2754347,3.2635324,3.7203884,3.9284322,2.5078855,2.577594
4,3.1180272,2.9254534,2.7933693,2.923919,0.0,2.7019627,2.579917,2.5201678,2.9159563,3.0149052,3.0911431,3.694646,3.5301454,3.6606174,3.8602638,3.869204,3.8056915,3.9803004,3.7095246,3.7696135,3.6452997,3.4421942,3.4791327,4.0105114,3.6176028,3.2033126,3.364512,3.4406052,3.651629,4.253434,3.8751733,3.6921275,3.399078,3.6258087,3.1196294,3.155197,3.456693,4.356843,3.2396157,3.3021848,4.1327095,4.1290812,3.657343,5.0045266,4.1870666,4.2196865,3.7897575,2.6235502,4.96887,4.836048,3.660066,3.5408244,3.3382795,3.4327471,3.0564415,2.9159946,3.3959277,3.4306982,3.9492996,3.7639287,4.555519,4.773257,3.128363,3.120092,3.2627478,3.2931452,4.2665696,5.1340637,4.6132593,4.3534365,4.825085,4.705623,4.672045,5.1044135,4.759656,4.39142,4.90819,4.4347653,4.5930915,4.8140545,5.12643,5.051459,5.1576204,5.024547,5.911981,5.8238764,5.017191,5.120766,5.9464884,5.6145716,5.2706227,5.5342793,5.120237,5.270765,5.484836,5.517141,3.394201,3.7021255,3.3487427,2.673279,4.315058,4.5733957,4.366124,4.2957234,4.3535295,4.043164,3.6458862,4.0727615,4.023841,4.1720195,4.1398907,4.615237,4.430073,4.5938015,6.1678133,5.2086325,4.5838847,4.4456654,5.495765,4.4252157,4.5348964,4.551117,4.6499376,4.554761,4.794623,5.4074845,4.2334905,4.304826
5,2.3286052,2.0770125,2.282354,2.2640584,2.7019627,0.0,1.6795532,1.5963261,2.135438,1.5926774,2.5737014,3.3031392,3.9581645,3.161132,2.95145,3.1877809,3.5048528,3.5438106,3.4425178,3.5318656,3.090882,2.798037,2.4740634,2.822907,2.7906568,3.0902224,3.0557652,3.1625416,3.520448,3.4846184,3.553158,3.2823842,2.2504025,2.3209844,1.9565955,2.0771074,2.5210152,3.5536742,2.5486772,2.678151,3.2616596,3.002435,3.4188023,4.357397,3.636656,3.6424663,2.9606562,2.6989105,3.5900705,3.4848042,2.7563803,2.5980678,2.2439468,2.3653162,1.797877,2.0753472,2.2148638,2.2194457,2.1761408,2.918492,2.983518,3.5565698,2.0632012,2.089805,2.9040225,2.9530523,3.2253406,3.986565,3.6048284,3.2609234,3.7932537,3.7208726,3.4073443,3.695195,3.5128136,2.8841546,3.4615247,2.837765,3.0436702,3.3542387,4.1125565,3.9950135,4.6984706,4.0015554,4.264141,4.0847483,3.9218044,4.003281,4.2781034,3.7904325,3.5788167,3.707428,4.091697,4.2379003,4.557482,3.9151757,2.7913332,3.0820777,2.8392317,2.3166788,2.5728269,3.017457,2.4055307,2.597892,3.2598567,2.8808732,2.7277138,3.5594573,2.7108514,2.8517241,2.6443703,2.5171971,3.479206,3.7060382,5.3856683,4.0858192,3.1896746,3.336153,3.6993728,3.6341922,3.3330934,3.383867,3.2127016,3.3786304,3.7205667,3.9596522,2.8343952,2.9454803
6,2.4643276,1.5772299,1.9477612,1.9358575,2.579917,1.6795532,0.0,0.6390553,1.4955349,2.1710134,1.8510985,2.9248877,3.5549254,2.2789748,2.925163,2.8956869,2.7610304,2.8640578,2.7997499,2.914842,2.6896036,2.4568899,2.639452,3.1123664,2.3906333,2.33423,2.3282428,2.3625214,2.7554584,2.7650878,2.8881123,2.5711818,1.8984765,1.7970556,1.5221335,1.6021986,2.3074975,3.296523,2.084505,1.899387,3.189707,3.456388,3.252886,3.7522652,3.6818025,3.7542772,3.0692916,2.44432,3.3307438,3.1931264,2.655768,2.5309,2.096527,2.1908631,1.4954922,1.4880303,1.8262701,1.8317235,2.601054,2.5396738,2.7320995,3.4381564,1.9045553,1.865496,2.5249212,2.5577896,2.9050398,3.549408,3.388185,3.046777,3.2639735,3.1763828,2.7586203,3.3371096,2.8589878,2.8546493,2.9087667,2.516195,2.613158,2.8310218,3.847277,3.3875253,4.4177413,3.7304008,4.15765,4.03585,3.733438,3.788186,4.0455194,3.8142686,3.3710947,3.7449682,3.7913206,4.0089526,4.0774674,3.7773314,2.1417687,2.5914974,2.3165438,1.4786911,2.4281232,2.7801445,2.561829,2.6438746,2.7693381,2.5717096,2.5130327,2.9833357,2.4835184,2.6396034,2.6698422,2.5442924,3.3014183,3.4036782,4.742898,3.7886174,2.6601322,2.7907293,3.4090483,3.0584624,2.7391293,2.731831,2.8864443,2.751185,3.3399813,3.594504,2.3310611,2.4620686
7,2.404364,1.5586679,1.8971063,1.8784434,2.5201678,1.5963261,0.6390553,0.0,1.7174773,1.9215262,1.897828,2.788219,3.7859926,2.3101597,3.0145085,2.9960773,2.8455176,2.9135373,2.8496013,2.919512,2.7660325,2.4696004,2.5334587,2.9288368,2.3121927,2.3238053,2.3078136,2.3398826,2.786835,2.9004164,2.8705187,2.5683784,2.0220273,1.7736349,1.544628,1.6381328,2.3134832,3.2466276,1.8720207,1.7924916,3.1734571,3.3095293,3.2751434,3.8078706,3.6477106,3.6987646,3.0572288,2.657428,3.4271724,3.3079772,2.5532446,2.4170203,2.0797462,2.1348562,1.4397935,1.6200267,1.8242693,1.8851881,2.7315547,2.5386446,2.916867,3.6225479,1.9773542,1.953808,2.6295738,2.6731286,3.1045663,3.6659732,3.515546,3.212525,3.407,3.3207128,2.9600835,3.3678315,3.0712767,3.0339274,3.0582557,2.6896625,2.8208187,3.0251315,4.045831,3.6921554,4.669563,3.8990886,4.2261195,4.1170607,3.9644465,4.023096,4.0968857,3.8519852,3.3533092,3.7560105,3.91541,4.039135,4.1902356,3.8056781,2.121773,2.6176991,2.3748279,1.5949513,2.7257502,3.0365324,2.7706761,2.9469402,2.7968254,2.6502929,2.7890062,3.1635826,2.7742069,2.8829088,2.8400762,2.639226,3.40624,3.5688848,4.8947206,3.9992511,2.8329284,3.0148742,3.4864333,3.3770368,2.9716864,2.9849162,2.988769,3.0046632,3.5923338,3.7226577,2.5124729,2.6031044
8,2.4878879,1.4394838,1.8789251,1.6701843,2.9159563,2.135438,1.4955349,1.7174773,0.0,2.1313102,1.5573044,2.8431313,3.1329484,2.2250385,2.341943,2.1330483,2.8772469,3.0937645,2.8968587,2.9906034,2.6168077,2.4220896,2.614994,3.1115782,2.648544,2.5617557,2.3247159,2.3868005,2.8385134,2.6983771,3.0134463,2.7381098,1.8169738,1.6595083,1.2875271,1.2650657,2.1614566,3.057285,2.0567286,1.7978252,2.4558136,2.8073559,2.8458364,3.0634387,2.9472284,3.014323,2.1857777,2.5435622,3.2052386,3.1362367,2.0727696,1.9246807,1.903533,2.1096802,1.4712412,1.2479726,1.8257511,1.7810024,2.6413875,2.2021148,2.8944354,3.333767,1.7961557,1.752542,2.0679998,2.0755916,2.5130556,3.1601276,2.9528692,2.9824567,3.0553575,2.9620557,2.8087714,3.691473,2.8174982,2.9781802,2.9932854,2.5473115,2.5504653,2.8962388,3.3408139,2.7733858,4.166313,3.2518294,3.5259142,3.5499845,3.2935865,3.392619,3.6728497,3.4721687,3.305882,3.449928,3.660586,3.8685985,3.927148,3.6070294,1.5992959,1.8388653,2.156794,2.3983455,2.0293503,2.4563587,2.2371304,2.1581218,3.2046843,2.6568468,2.5275037,2.9055197,2.5647697,2.8227198,2.7718518,2.5642552,3.1546028,3.2066376,4.64637,3.5594893,3.1449113,3.3106608,3.2688317,3.6316636,2.5571408,2.5918114,2.9141407,2.590204,3.0693402,3.3358898,2.3768632,2.4963036
9,1.9299145,1.8100462,2.1052618,2.1522653,3.0149052,1.5926774,2.1710134,1.9215262,2.1313102,0.0,2.3237503,2.6655047,3.5513058,2.5836093,2.3910222,2.6523864,3.126989,3.1795747,3.1370823,3.1193328,2.992406,2.5934958,2.1832743,2.467487,2.4385662,2.4639232,2.4386327,2.55179,3.0601487,3.043402,3.0820446,2.775818,2.1078017,2.1350546,1.8910605,1.9016727,2.2353663,2.8601632,2.0794554,2.2362843,2.6194043,2.048803,2.7576969,3.6952674,3.1592371,3.1299353,2.2140546,2.6251314,3.446367,3.4054093,1.822245,1.6534908,2.1723862,2.2157552,1.4585955,2.1232052,2.2744658,2.3053377,2.317249,2.9275157,2.8562913,3.7335992,1.9852877,1.9963793,2.6965625,2.7993863,2.9856179,3.681809,3.6581264,3.1936734,3.5916734,3.5218925,2.952508,3.1591666,3.4464867,2.6951013,3.1579711,2.5904226,2.8945227,2.989648,3.7477367,3.9047794,4.408475,3.6258175,3.7928183,3.8051414,3.6220167,3.688496,3.951843,3.430528,3.0044897,3.3188732,3.466842,3.6371412,3.980317,3.4189758,2.4080627,2.7064884,2.3647935,2.473361,2.7835689,3.1173632,2.5379922,3.0300863,2.851513,2.5655596,2.904165,3.4159172,2.6618693,2.7091367,2.5068045,2.514254,3.227751,3.5521057,5.0471587,4.0289965,3.5427995,3.6674883,3.6740866,3.9578755,3.080776,3.182653,2.7903292,3.18167,3.8475695,4.0737424,2.5637443,2.6118948
10,2.5218992,1.5890281,1.7035035,1.6405103,3.0911431,2.5737014,1.8510985,1.897828,1.5573044,2.3237503,0.0,3.2362812,3.279545,2.3995848,2.852809,2.431777,2.4899707,2.7191648,2.617443,2.672148,2.2803187,2.7654114,2.9141831,2.780317,2.529727,2.6622243,2.5374978,2.5736084,2.4229808,2.4336169,3.1747355,2.81399,2.2557824,2.1295295,1.6209223,1.6218852,2.3811893,3.1736505,2.1321979,1.9086503,2.553665,2.933229,2.8191195,3.5138333,3.0720563,3.1424139,2.396148,2.7642927,3.5634255,3.498288,2.437598,2.3414254,2.2944279,2.467434,1.9974489,1.9376777,2.3917925,2.3552024,3.0279722,2.9009976,3.125604,3.4586768,2.311888,2.2930222,2.6476285,2.7350163,3.0451062,3.8544111,3.3188505,3.018683,3.000124,2.9084122,3.1135726,3.683796,2.9365675,3.2178597,3.3567379,2.8508434,3.0064893,3.2911665,3.8191319,3.3825495,4.554954,3.741359,3.7827551,4.0186625,3.762939,3.7453873,4.111424,3.912643,3.597071,3.8283062,3.6479921,4.0343924,3.9196153,3.8538086,2.1862884,2.4858885,2.6193156,2.6838021,2.4288418,2.6925716,2.6209908,2.6612368,3.1457832,2.8331037,2.725852,3.2139857,2.6313934,2.8868213,2.8772,2.6707344,2.7662206,2.827643,4.7038326,3.276339,2.6530993,2.791318,2.9895067,3.2575376,3.014789,3.0457857,3.215049,3.0607066,3.3317308,3.6152859,2.175557,2.086421
11,3.4060197,2.7887228,3.034944,3.1350396,3.694646,3.3031392,2.9248877,2.788219,2.8431313,2.6655047,3.2362812,0.0,4.537952,3.0532992,3.7562153,3.805169,2.978931,3.1519516,2.9022827,2.9045691,3.2801988,2.9570887,3.0311222,3.5395048,3.4501724,2.2604048,1.9538251,2.08742,2.7456276,2.7123203,1.947835,2.464763,2.7798848,2.5792098,2.5489953,2.3795676,3.5086598,3.6245358,2.538597,2.6334124,3.4570436,3.2508042,3.5769532,3.976041,3.6268303,3.6347816,3.08417,3.292613,3.8934903,3.8001335,2.5390697,2.515411,2.7506404,2.4557016,2.2893817,2.7094913,2.9295304,3.0279026,3.822597,3.1017306,3.687807,4.287799,2.8706415,2.8989408,2.8997538,2.9551587,3.1659281,2.8012824,3.8186376,4.0653386,3.5989897,3.5367162,3.5700243,4.0229573,3.7167456,3.6903434,3.929269,3.3239408,3.4772432,3.6553154,3.398832,3.6294806,4.218665,3.3469033,3.7722685,3.7015145,3.414105,3.5112557,3.7166595,3.4995613,3.050548,3.4149625,3.42158,2.9726365,3.7061594,3.716271,2.4618895,2.279194,2.5832646,3.1233783,3.9864995,4.235994,3.914017,4.1558504,3.6231365,2.9405248,3.6597824,2.754535,3.7735603,3.795804,3.3966138,3.696181,3.748205,4.117473,5.659749,4.6089916,4.711667,4.83484,4.5376577,4.8557954,3.5016289,3.4973648,3.2713268,3.5152607,3.4378295,3.5908427,3.1216068,3.1706524
12,3.5808792,2.9727437,3.0324352,3.1487112,3.5301454,3.9581645,3.5549254,3.7859926,3.1329484,3.5513058,3.279545,4.537952,0.0,3.513187,2.9363377,2.5643115,3.801985,3.9630685,3.9415362,3.9001462,3.8489108,3.736724,3.853328,4.650182,3.5608983,3.2706127,3.4795852,3.5382378,3.9256306,4.012422,4.2684054,3.7952785,3.5968947,3.9710145,3.3565798,3.3205464,3.1531305,3.607422,3.6836474,3.4820168,3.713876,3.9900744,2.2716515,4.417092,3.9816232,4.0458093,3.3993142,2.6778083,4.236097,4.1893773,3.1150136,3.119741,3.5709858,3.7433186,3.3251767,3.135599,3.5291173,3.417882,3.844903,4.3129334,3.6179461,4.217807,3.0856118,2.9900033,3.4979234,3.5532608,3.9769711,5.0614142,4.77405,3.3872223,4.788239,4.7348356,3.735665,4.1113605,3.8047917,3.8820608,4.007098,3.7522302,3.947927,3.948145,4.1090627,4.203352,3.8179803,4.047393,5.3047543,5.364352,4.105098,4.1607103,5.4719577,5.3223643,5.058931,5.272143,4.0781283,4.8151455,4.3123364,4.825337,3.9398112,4.1013637,3.1232414,3.318515,3.6601193,3.9770205,3.8209827,3.9027085,3.586138,3.7130337,3.4345841,4.0121465,3.1460636,3.254707,3.6394184,4.3972197,3.7918966,3.6860085,4.923006,4.0873084,4.2383966,3.8936753,4.9599695,3.6755471,4.073495,4.1889157,4.283102,4.1997557,4.872384,5.653126,3.7815099,3.8924408
13,2.6580994,2.0860653,2.5397756,2.487001,3.6606174,3.161132,2.2789748,2.3101597,2.2250385,2.5836093,2.3995848,3.0532992,3.513187,0.0,2.6077232,2.5632162,3.507037,3.564075,3.6335037,3.7196848,3.3903797,2.737685,3.2722313,3.7809954,2.6389987,2.4999075,2.3932629,2.45803,3.210041,3.1755316,2.9030824,2.6878815,2.189379,1.8198224,2.2835438,2.3388174,2.448041,2.5105772,2.1489098,1.8548107,2.9173727,3.269866,3.1629596,3.192553,3.6350079,3.7131233,3.0338063,3.0602615,3.6428406,3.442201,2.5690553,2.5032563,2.7080517,2.8056223,2.188022,2.325198,2.8415508,2.8984597,3.4903753,3.4629555,3.3220847,4.1600156,2.873167,2.8783605,3.294406,3.3406725,3.1530252,4.0676847,4.0183015,3.7337558,3.7857928,3.6826484,2.5155303,3.0521557,3.1308975,3.11896,2.8349218,2.8425648,3.1195033,2.877757,3.5561163,3.189693,4.24859,3.4043524,3.8755994,3.9029603,3.5822601,3.6790445,3.5958378,3.3758059,3.1953008,3.2850804,3.2220356,3.5532038,3.5375662,3.2516055,2.3957443,2.554201,2.2524378,2.605506,2.9530938,2.7254143,3.0637686,3.3850365,3.0360146,2.9666839,3.062191,3.5752323,2.9017785,2.9775915,3.2759058,3.1108859,3.1896496,3.2442377,3.8368924,3.617643,3.4246104,3.5767186,3.532401,3.7336268,2.8295796,2.8122928,2.9185693,2.84721,4.0968976,4.2776055,2.716568,2.799832
14,2.4569669,2.2258663,2.486599,2.4088073,3.8602638,2.95145,2.925163,3.0145085,2.341943,2.3910222,2.852809,3.7562153,2.9363377,2.6077232,0.0,1.4648223,3.522696,3.484845,3.5623126,3.6139321,3.4055927,2.598164,3.030407,3.4984984,2.748773,2.8198552,2.5995612,2.726486,3.5931013,3.5140052,3.5344498,3.1000514,2.0240705,2.5126112,2.648086,2.6324322,2.1853616,2.5087368,3.2809398,3.0153382,2.5891056,3.0242972,2.8781967,3.9686258,3.566129,3.6481586,2.3659284,3.2528434,4.024354,4.016108,2.004768,2.0296762,2.4843862,2.7095878,2.1891847,2.121682,2.8147602,2.78202,2.732557,3.8583896,3.0672934,3.7279093,2.4067488,2.432201,3.6148515,3.6652188,3.8713977,4.3509016,4.3963585,3.3676288,4.5038915,4.423115,3.27353,3.569359,3.4419558,3.2009742,3.5285213,3.125587,3.4591913,3.4328976,4.003474,3.614458,4.74684,3.8622549,3.79773,3.725743,3.6563468,3.7707946,3.9950833,3.5618923,3.3002946,3.4746132,3.7985184,4.380381,4.2521095,3.2634418,3.3559518,3.4472501,2.758821,3.314381,2.951811,3.218611,3.059616,3.3009446,3.7385027,3.7647026,3.4640524,4.200535,2.6329083,2.764306,3.1039064,2.7568145,3.6661649,3.6649938,4.95142,3.9991908,3.8739898,4.0273438,3.7816217,4.376604,3.5120747,3.6327682,3.6380227,3.621854,4.5778933,4.742805,3.305994,3.4259977
15,2.6101074,1.975925,2.400857,2.2278178,3.869204,3.1877809,2.8956869,2.9960773,2.1330483,2.6523864,2.431777,3.805169,2.5643115,2.5632162,1.4648223,0.0,3.2296312,3.3202891,3.2837443,3.3215902,2.984339,2.6256473,2.9962122,3.2913666,2.7938206,2.8981562,2.6086483,2.6863036,3.3159719,3.227137,3.5119388,3.0868943,2.5880723,2.4363112,2.3693802,2.335269,1.8551682,2.197959,2.7112665,2.4574165,2.711343,2.9528694,2.6074913,3.939945,2.8571396,2.937752,2.1448708,3.1162832,3.4920218,3.5123627,1.8600594,1.9051934,2.5324547,2.773635,2.19905,2.022941,2.68972,2.5795228,2.9799597,3.8527036,3.0264437,3.737896,2.3542066,2.3285563,3.54639,3.5980854,3.8812094,4.3619714,4.398328,3.282221,4.4120297,4.3463364,3.1397524,3.5336711,3.229029,3.123324,3.393954,2.9320886,3.21888,3.3046064,3.6937175,3.3430116,4.497463,3.6082675,3.7999341,3.861509,3.7639277,3.8134081,3.8771951,3.5829606,3.5076413,3.50679,3.5685022,4.3366947,3.8959036,3.1757886,3.2399147,3.259757,2.4137733,3.218738,2.8096812,3.081764,2.9993906,3.1190789,3.4515007,3.498921,3.126774,3.8454134,2.9552042,3.0607126,3.462961,3.1126485,3.3288763,3.244455,4.687471,3.5644855,3.7080822,3.8445928,3.3447073,4.099699,3.7237566,3.8356955,3.8878314,3.8458307,4.3274465,4.4825425,3.1898222,3.2778351
16,3.3190992,2.582699,2.7420647,2.918775,3.8056915,3.5048528,2.7610304,2.8455176,2.8772469,3.126989,2.4899707,2.978931,3.801985,3.507037,3.522696,3.2296312,0.0,0.6875426,0.57185054,0.5726643,2.120879,2.7162404,2.7064052,2.6478555,2.75676,2.0585158,1.9969013,1.993972,0.98371446,1.7825245,2.334122,1.9498186,3.0746734,3.0833933,2.820366,2.6259952,3.2571108,3.786326,2.9736888,2.7553043,3.9660554,4.107245,3.5013192,4.564396,3.7991638,3.9057846,3.1991727,3.2700584,3.9791696,4.0666394,2.8087578,2.8029466,2.8956485,2.8108916,2.5546322,2.6940684,2.8740895,2.8172956,3.4029436,3.6540282,3.1750085,3.7799582,2.4633071,2.4903572,3.2492628,3.3695302,3.9358058,3.5232832,4.4076824,3.5087054,3.6070251,3.5335543,3.530888,3.9332733,3.3503683,3.5532634,3.95782,3.240476,3.3372173,3.5998073,4.191805,4.0350666,4.8169804,4.177911,4.2324376,4.362379,4.137064,4.062707,4.467375,4.3077784,3.3180695,4.182518,3.846492,4.304132,4.109454,3.9980981,3.297415,3.5346284,2.9995592,2.9831245,3.8122694,4.3157816,3.9470325,4.0749135,3.2491894,3.2550201,3.4196193,3.0005963,3.4133797,3.4772327,3.4669788,3.491726,3.7568722,3.9535415,5.6970177,4.361927,3.8485847,3.8994126,3.9677854,4.070892,3.808334,3.83885,3.7930532,3.855403,3.5915265,3.85995,2.8040867,2.7930086
17,3.3473108,2.613258,2.7454503,2.9268363,3.9803004,3.5438106,2.8640578,2.9135373,3.0937645,3.1795747,2.7191648,3.1519516,3.9630685,3.564075,3.484845,3.3202891,0.6875426,0.0,0.75082004,0.7754043,2.2197752,2.5887358,2.576424,2.6452127,2.4184182,2.0656478,2.0403597,2.0328653,1.0910798,2.1246734,2.1912563,1.6975799,3.0467427,3.1139655,2.9294047,2.7547553,3.4437914,3.8984578,3.1362178,2.9156628,4.086158,4.285221,3.5216012,4.7123017,3.9669797,4.093933,3.3189523,3.4679873,4.1700563,4.2577043,2.8088973,2.8236287,2.8237267,2.7457058,2.6160593,2.7198837,2.8809025,2.8535647,3.3865244,3.7742758,3.125828,3.7329662,2.4691637,2.5602942,3.4402273,3.5531628,4.116413,3.7207005,4.6050587,3.5860152,3.8407497,3.7652905,3.6259995,3.852664,3.3319128,3.6344438,3.9986393,3.3145034,3.4748237,3.6921995,4.410424,4.2321486,5.0518885,4.358908,4.3330317,4.401417,4.275806,4.2296605,4.51968,4.359,3.2637668,4.1777267,4.0003505,4.4046793,4.286733,4.0107255,3.4907057,3.737113,3.1465204,3.0858693,3.9118207,4.4036016,4.042162,4.2059555,3.2523499,3.401572,3.5675776,3.2344904,3.4021344,3.446509,3.4457936,3.4085486,3.8654835,4.041624,5.7401757,4.4255586,3.8087866,3.8926835,3.9645674,4.1575236,3.9065998,3.9478974,3.848503,3.9642906,3.9092584,4.0814934,2.9281282,2.9318202
18,3.305598,2.5916252,2.7041528,2.8726938,3.7095246,3.4425178,2.7997499,2.8496013,2.8968587,3.1370823,2.617443,2.9022827,3.9415362,3.6335037,3.5623126,3.2837443,0.57185054,0.75082004,0.0,0.4871415,1.8702915,2.4339461,2.5194013,2.5117943,2.694526,2.1878068,2.0393128,2.0699265,1.0989366,2.1106672,2.1715448,1.931534,3.0481648,3.0169725,2.7886326,2.5982533,3.3836327,3.829527,2.978741,2.8058016,4.1046443,4.191814,3.5553656,4.647707,3.7244413,3.8414032,3.157745,3.3207092,4.1075864,4.1882353,2.7536795,2.7421503,2.7661304,2.686769,2.5398493,2.6103709,2.7539692,2.710279,3.3917048,3.5776398,3.2320597,3.7594457,2.3257077,2.3953757,3.2134335,3.3240292,4.067692,3.603478,4.528477,3.6845524,3.7334704,3.6458616,3.7698162,4.11979,3.5075662,3.7177773,4.1355786,3.4305866,3.5420816,3.809837,4.2546735,4.0921693,4.9293184,4.2174067,4.2854686,4.359957,4.2105145,4.161528,4.4817686,4.302165,3.4673502,4.153965,3.9533532,4.3170576,4.2423444,4.0167055,3.3019888,3.467896,2.960003,3.0489259,3.943969,4.4913588,4.0748625,4.168325,3.4474714,3.391054,3.5243962,3.119756,3.6200955,3.6845202,3.632389,3.616884,3.781169,3.9902546,5.7919393,4.4240265,4.029703,4.118807,4.0395203,4.288948,3.9639502,3.9957888,3.9448826,4.0094786,3.56575,3.782615,3.0332427,3.0335646
19,3.404049,2.6366143,2.7367866,2.9007437,3.7696135,3.5318656,2.914842,2.919512,2.9906034,3.1193328,2.672148,2.9045691,3.9001462,3.7196848,3.6139321,3.3215902,0.5726643,0.7754043,0.4871415,0.0,2.2048364,2.7142963,2.6175547,2.6399841,2.7701569,2.110243,2.0257728,2.025185,1.1268,2.0734267,2.3138328,1.9475384,3.2008426,3.1762059,2.8630168,2.6573238,3.3912501,3.9041524,2.9941828,2.8380623,4.067412,4.116901,3.4822288,4.6591883,3.7684495,3.8680904,3.1980586,3.4271832,4.07575,4.1910467,2.7268088,2.7269785,2.8088593,2.6973855,2.6009269,2.7296796,2.8384662,2.7965524,3.498115,3.614574,3.3025694,3.7777936,2.438026,2.4804318,3.2301,3.3399496,4.064739,3.5339184,4.4801927,3.586334,3.7529519,3.6840353,3.8122184,4.135862,3.4816608,3.8023605,4.176857,3.4624922,3.5544298,3.846737,4.334515,4.2583437,4.977468,4.297213,4.372235,4.4743714,4.299585,4.252688,4.5974603,4.452593,3.4413433,4.3087707,4.0498343,4.4047446,4.2965918,4.1409125,3.3508394,3.580113,3.10078,3.1316845,4.019565,4.5661645,4.120472,4.2553983,3.3655472,3.3641953,3.6150687,3.0703084,3.6595051,3.7264788,3.6111984,3.666287,3.9071522,4.1286016,5.89385,4.5604095,4.0681086,4.1322393,4.184447,4.3728776,3.9974716,4.0472217,3.9395597,4.062013,3.7659545,3.9762733,3.0715647,3.0650022
20,3.1530433,2.3725157,2.4576294,2.598565,3.6452997,3.090882,2.6896036,2.7660325,2.6168077,2.992406,2.2803187,3.2801988,3.8489108,3.3903797,3.4055927,2.984339,2.120879,2.2197752,1.8702915,2.2048364,0.0,1.7310418,2.2980099,2.1725566,2.5659313,3.0455136,2.7602713,2.9139376,2.3275375,2.8688285,2.641539,2.7839403,2.6475394,2.4992864,2.3381808,2.2900498,3.168597,3.243003,2.70657,2.6308057,3.895112,4.0176506,3.3399937,4.388839,3.3877406,3.5033755,2.87346,3.0396612,4.011013,3.9428825,2.617859,2.5435333,2.679105,2.7647276,2.3383408,2.3640628,2.2875283,2.2348702,3.2003593,3.3306932,2.924523,3.720087,1.9659479,2.0851161,3.1415522,3.2629347,3.9761975,4.1949253,4.616634,3.85132,3.69233,3.5714123,3.6568768,3.8609858,3.5104601,3.5750575,3.7759306,3.2790253,3.4672801,3.6846538,3.6444483,3.4161959,4.4186144,3.559508,3.7476287,3.8128302,3.6810875,3.609791,3.9338298,3.7330496,3.9572165,3.5737493,3.3557043,3.756318,3.664613,3.492399,3.1151407,2.977039,2.369158,2.966087,3.4377522,3.9830294,3.5776951,3.627265,3.578397,3.3277197,3.3742306,3.6693726,3.4343195,3.464053,3.5752916,3.4064195,2.74746,2.9225674,5.076014,3.3788567,3.6780672,3.8296115,3.1560452,3.7447224,3.908945,3.926799,3.9055781,3.937747,2.9158072,3.169917,2.8655312,2.8219752
21,2.746379,2.1411524,2.3770285,2.4456973,3.4421942,2.798037,2.4568899,2.4696004,2.4220896,2.5934958,2.7654114,2.9570887,3.736724,2.737685,2.598164,2.6256473,2.7162404,2.5887358,2.4339461,2.7142963,1.7310418,0.0,1.9346224,2.5968316,2.0071676,2.6540446,2.3276598,2.514185,2.7379565,3.3827827,2.199924,2.352961,1.9575391,1.8900689,2.2645016,2.253295,2.9384837,2.776131,2.628534,2.509183,3.766856,3.936649,3.2596922,4.0075054,3.5576026,3.6868136,2.804873,3.042104,4.115246,4.0257754,2.1011004,2.0227926,2.2208092,2.3490505,1.8726795,1.8467009,1.912246,1.954907,2.9603398,3.1623242,2.7973242,3.791106,1.615309,1.8102216,3.1022546,3.1686072,3.9321814,4.127247,4.7688274,4.0118556,4.1104894,3.9743295,3.4147165,3.5543206,3.5479772,3.4998114,3.4752238,3.239491,3.4856713,3.453341,3.7209573,3.4358966,4.5247016,3.531897,3.809209,3.6293566,3.6245353,3.6975088,3.6952353,3.4103734,3.5894067,3.2071157,3.448068,3.7001407,3.8428369,3.1129947,2.8834412,2.7793026,1.8923017,2.6312084,3.4875298,3.9390402,3.592869,3.7692194,3.5343263,3.454823,3.5317125,3.8976164,3.3658187,3.3512387,3.5330462,3.2642407,3.2210302,3.371218,4.758928,3.8228688,3.9738715,4.1872506,3.544798,4.2064905,3.6458724,3.678968,3.6378431,3.6860976,3.5989833,3.6765304,3.221523,3.3056512
22,3.0440717,2.0944822,2.5161817,2.5902305,3.4791327,2.4740634,2.639452,2.5334587,2.614994,2.1832743,2.9141831,3.0311222,3.853328,3.2722313,3.030407,2.9962122,2.7064052,2.576424,2.5194013,2.6175547,2.2980099,1.9346224,0.0,1.9498715,1.8420573,2.6400769,2.5397635,2.65446,2.5852225,3.2705317,2.4528594,2.2503886,2.7613578,2.637862,2.4358485,2.3887146,3.0571723,3.4848914,2.3328786,2.409475,3.5643287,3.5132415,2.980263,4.3316755,3.2836478,3.3407829,2.7511845,2.9746037,3.8451912,3.834972,2.0556738,1.8980113,2.5781834,2.6120548,1.8523998,2.315087,2.0315495,2.1107464,2.9156802,2.9191563,3.0287323,4.1239347,1.6503667,1.8983527,2.8947654,3.0107107,3.6629088,3.8514667,4.422603,3.8322666,4.1977744,4.0997877,3.357554,3.4868116,3.5555882,3.1923578,3.37103,2.7842722,2.9241593,3.3379602,3.7909074,3.8557014,4.4586706,3.6721313,3.9348547,3.8490264,3.7822998,3.8612115,3.9575536,3.7563255,3.3966014,3.5359676,3.9411085,3.978835,4.205728,3.7482314,2.9109828,3.0183473,2.3492444,2.6624482,3.3765872,3.8496275,3.310417,3.5018616,3.1866088,2.9371965,3.2857985,3.473345,3.2614815,3.1696408,3.212262,3.1435363,3.6827245,3.9223561,5.595145,4.270027,4.005017,4.1359944,3.6674988,4.191386,3.867534,3.9365954,3.6840672,3.9328566,3.8550475,3.996862,2.975751,3.080308
23,3.0919926,2.7897437,3.1161942,3.1477718,4.0105114,2.822907,3.1123664,2.9288368,3.1115782,2.467487,2.780317,3.5395048,4.650182,3.7809954,3.4984984,3.2913666,2.6478555,2.6452127,2.5117943,2.6399841,2.1725566,2.5968316,1.9498715,0.0,2.7444355,3.378975,3.1486614,3.2400124,2.6570547,3.2443125,3.242498,3.0816123,3.2325277,2.9660378,2.961209,2.911971,3.1921477,3.6208694,2.8188405,2.9647827,3.8378115,3.5579135,3.9293742,4.864324,3.4921653,3.5068815,2.9651845,3.654254,4.358186,4.397973,2.7877471,2.6725628,3.2281983,3.284619,2.5063713,3.0063772,2.9757998,2.9628692,3.2213979,3.824491,3.6053674,4.5992217,2.6264231,2.7567787,3.8082504,3.9432232,4.4182305,4.4360332,4.9484115,4.4100666,4.366427,4.2694273,3.8877015,3.9989355,4.288154,3.4933088,4.030145,3.3115835,3.4916234,3.8364737,4.4899426,4.5010133,5.401027,4.4607325,3.9279613,4.0752416,4.489633,4.4256287,4.224559,3.8032146,3.5060675,3.6160915,4.1849504,4.5516124,4.5817246,3.7665572,3.4906042,3.606749,3.0664542,3.3622506,3.7847219,4.1891236,3.691241,3.9147136,3.8782165,3.7011154,3.8069646,4.1927204,3.8553455,3.7953026,3.8269272,3.2387261,3.8693469,4.173479,6.056281,4.5540104,4.205778,4.46031,3.4251773,4.631409,4.4760313,4.521685,4.2540994,4.5221605,4.030124,3.93824,3.306536,3.2402844
24,2.6801217,1.7581371,2.0862875,2.1623368,3.6176028,2.7906568,2.3906333,2.3121927,2.648544,2.4385662,2.529727,3.4501724,3.5608983,2.6389987,2.748773,2.7938206,2.75676,2.4184182,2.694526,2.7701569,2.5659313,2.0071676,1.8420573,2.7444355,0.0,2.3493059,2.4344678,2.4394777,2.5288901,3.2775362,2.39898,1.8636243,2.4195485,2.4279745,2.2738445,2.2751381,3.1936784,3.4842267,2.5326006,2.3583817,3.3473256,3.6886735,2.5935264,3.9649453,3.5074782,3.6377149,2.8214347,2.9792554,3.984781,3.9420633,2.1148133,2.0719085,2.3305075,2.4740148,2.054379,2.0456936,2.1850626,2.2689583,2.870743,3.1488183,2.7311401,3.7728245,1.9723665,2.1927185,3.0286336,3.1151307,3.60574,4.234539,4.3423705,3.4954877,4.060506,3.9692264,3.0143988,2.9518743,3.112515,3.134633,3.0898921,2.7552836,3.104196,3.164972,4.2487164,3.9876285,4.824635,4.0696926,4.299866,4.246711,4.0989714,4.1841063,4.2865252,4.095429,3.4769979,3.8150668,3.9566958,4.072375,4.2751613,3.862657,2.8745608,3.16023,2.5307372,2.5692503,3.1200874,3.4272828,3.2256489,3.4597669,2.757898,2.9968793,3.1601086,3.600484,2.7319458,2.6917784,2.913685,2.794935,3.4752557,3.5157926,4.8701944,3.875698,3.1917982,3.3275318,3.3787313,3.6689267,3.4398484,3.5244937,3.4131532,3.5399642,4.307508,4.4261446,2.7486496,2.8314996
25,2.610261,1.8995675,2.1636908,2.3975146,3.2033126,3.0902224,2.33423,2.3238053,2.5617557,2.4639232,2.6622243,2.2604048,3.2706127,2.4999075,2.8198552,2.8981562,2.0585158,2.0656478,2.1878068,2.110243,3.0455136,2.6540446,2.6400769,3.378975,2.3493059,0.0,0.7912407,0.7207807,1.8911312,2.0927958,1.7875265,1.2763841,2.5575027,2.6572058,2.392717,2.233272,2.8213117,3.2744586,2.469208,2.1816304,3.2002428,3.3764591,2.665984,4.153859,3.4678354,3.5629127,2.808733,2.5782113,3.5743842,3.5625572,2.1666634,2.2038116,2.4564414,2.2989728,1.9924905,2.137904,2.6532423,2.7071812,3.1022553,3.3872187,3.0485752,3.78689,2.2806215,2.3124993,2.9070377,3.012582,3.392035,3.4271786,3.9091027,3.0669262,3.8476443,3.7825532,2.9762857,3.3073604,3.075456,2.982537,3.536208,2.8403027,3.1594524,3.252095,3.9563167,3.796101,4.3805056,3.8513305,4.41024,4.3571463,3.8552368,3.925666,4.3468986,4.096808,2.9614315,3.9546506,3.638618,3.7657776,3.961422,3.8555007,2.8240583,3.1076045,2.4640665,2.406693,3.576953,3.863219,3.6838002,3.8914387,2.6921732,2.712685,2.9213526,2.5311735,2.8349614,2.8532975,2.9570143,3.3300977,3.7305532,3.8887637,5.3684907,4.372105,3.8238118,3.8111124,4.277135,3.9714205,3.3381474,3.4036567,3.305203,3.4241388,4.100851,4.4445634,2.6653492,2.7965682
26,2.6235597,1.7740577,2.0801516,2.2250602,3.364512,3.0557652,2.3282428,2.3078136,2.3247159,2.4386327,2.5374978,1.9538251,3.4795852,2.3932629,2.5995612,2.6086483,1.9969013,2.0403597,2.0393128,2.0257728,2.7602713,2.3276598,2.5397635,3.1486614,2.4344678,0.7912407,0.0,0.38367182,1.8614932,1.9530417,1.5493444,1.3091887,2.2883859,2.248707,2.1687942,1.9907335,2.5855615,2.9230487,2.3166146,2.023365,3.0138056,3.2365847,2.8036296,4.1061935,3.2322116,3.3337045,2.5579827,2.817726,3.4943235,3.4790246,1.8797076,1.9428746,2.1744697,1.9997534,1.7357886,1.8631287,2.4640749,2.521516,3.114908,3.3219554,3.0371745,3.6648543,2.146823,2.198478,2.996843,3.0871038,3.466152,3.255975,3.894194,3.176403,3.820696,3.7480366,3.0719557,3.4353006,2.96903,3.0637817,3.5717032,2.8359017,3.1415079,3.3095436,3.6796074,3.4220984,4.3917217,3.5731378,3.913477,3.83987,3.5995204,3.6750214,3.82994,3.59004,2.6467872,3.4513242,3.4470398,3.58688,3.7491744,3.4011636,2.7158012,2.8217223,2.2821345,2.6112754,3.4830298,3.7729754,3.6061704,3.776331,2.991849,2.8566115,3.0215743,2.6135287,2.9565966,3.002824,3.0691938,3.1635027,3.5405393,3.704448,5.346949,4.17154,3.8766124,3.979772,3.9621513,4.180319,3.3922403,3.445699,3.368874,3.4638233,3.848294,4.0334477,2.674955,2.7878597
27,2.6293793,1.835073,2.1966727,2.3186364,3.4406052,3.1625416,2.3625214,2.3398826,2.3868005,2.55179,2.5736084,2.08742,3.5382378,2.45803,2.726486,2.6863036,1.993972,2.0328653,2.0699265,2.025185,2.9139376,2.514185,2.65446,3.2400124,2.4394777,0.7207807,0.38367182,0.0,1.8210672,1.9157977,1.6250637,1.2499826,2.4888637,2.3815281,2.2550395,2.063816,2.741217,3.13498,2.3686202,2.037563,3.0605786,3.278986,2.8527129,4.077162,3.2086532,3.314185,2.5901012,2.848953,3.4861934,3.499884,1.9852966,2.0530205,2.318591,2.1607842,1.8878251,1.9377607,2.577229,2.6247993,3.129744,3.3352785,3.0978315,3.7651227,2.2766595,2.317251,2.9914665,3.077947,3.4727058,3.2327063,3.8573563,3.1886458,3.830479,3.7660942,3.0225732,3.4462671,3.039991,3.0300057,3.5739574,2.825354,3.1230075,3.2781904,3.8881767,3.5702722,4.5729904,3.793728,4.103648,4.05486,3.8446355,3.9149516,4.020271,3.7789664,2.6861286,3.6389065,3.6474922,3.7568622,3.9441233,3.6033938,2.701636,2.8891432,2.4059556,2.643069,3.5179014,3.803832,3.667822,3.812805,2.9450312,2.8643591,3.0028772,2.524968,3.0298357,3.0696983,3.1589713,3.2277577,3.7492511,3.8807752,5.411489,4.3357425,3.8983965,3.9992926,4.022615,4.2412515,3.3970063,3.4565952,3.4280787,3.4773264,3.9739406,4.139244,2.7163444,2.8366432
28,3.192068,2.4751456,2.6761332,2.819078,3.651629,3.520448,2.7554584,2.786835,2.8385134,3.0601487,2.4229808,2.7456276,3.9256306,3.210041,3.5931013,3.3159719,0.98371446,1.0910798,1.0989366,1.1268,2.3275375,2.7379565,2.5852225,2.6570547,2.5288901,1.8911312,1.8614932,1.8210672,0.0,1.9158187,1.9040315,1.4755385,3.1121264,3.0103,2.7869213,2.594688,3.4447057,3.9665368,2.7235632,2.5399635,3.7897234,3.9368994,3.4014454,4.476588,3.5145802,3.631986,3.0586803,3.2025814,4.1591206,4.2039504,2.790964,2.7799394,2.8632169,2.7875235,2.5962143,2.6889875,3.0787942,3.0798268,3.6010008,3.6432674,3.5748773,4.0426707,2.6915917,2.7934525,3.1799796,3.2922313,3.7887168,3.597916,4.2752357,3.7751796,3.7014775,3.6085851,3.5866973,4.0625834,3.4834533,3.5702217,4.0790315,3.3021338,3.4561856,3.7466338,4.279843,4.132877,4.921194,4.2737293,4.364629,4.5182266,4.256126,4.239418,4.545477,4.3613725,3.291709,4.1889815,4.0146317,4.290538,4.32484,4.2291837,3.0559921,3.2736874,3.0113175,3.0538619,3.8632019,4.1812706,3.9956148,4.0749288,3.3595064,3.2067237,3.2614174,2.8008277,3.4951372,3.580338,3.5317094,3.595308,3.8307395,4.024834,5.7695823,4.4562316,3.9820309,4.0408616,4.095037,4.246043,3.838609,3.846146,3.841488,3.8657622,3.8325315,4.0976825,2.852034,2.8375404
29,3.147384,2.4405286,2.7113266,2.8450935,4.253434,3.4846184,2.7650878,2.9004164,2.6983771,3.043402,2.4336169,2.7123203,4.012422,3.1755316,3.5140052,3.227137,1.7825245,2.1246734,2.1106672,2.0734267,2.8688285,3.3827827,3.2705317,3.2443125,3.2775362,2.0927958,1.9530417,1.9157977,1.9158187,0.0,2.5978832,2.322049,3.0483286,2.8568447,2.5077338,2.3072703,3.0432792,3.6018884,2.755582,2.4502444,3.2927747,3.3384235,3.3772948,4.289086,3.3248188,3.4011788,2.8472054,3.1951036,2.981084,3.0483122,2.8053358,2.8208556,2.892324,2.7301576,2.5320358,2.7366116,3.061205,3.0131605,3.1201901,3.5629282,2.988621,3.4699194,2.7775161,2.7501814,3.1764765,3.3092132,3.1978662,2.833216,3.3479643,2.7770653,2.9783108,2.966245,2.9484959,3.5673041,2.7385178,2.7903864,3.5969799,2.605458,2.7983513,3.145698,3.5884635,3.252902,4.380046,3.6147811,3.6378188,3.8230941,3.643192,3.5645843,3.8124158,3.5735433,2.5517802,3.5281553,3.322629,3.5995405,3.6070137,3.5709188,3.0307076,3.1698132,3.0903478,3.2662184,3.1410065,3.5189087,3.2878213,3.4018338,2.8854587,2.5106208,2.6975276,2.1298332,2.9153645,3.0468717,3.0016918,3.025692,3.3712902,3.5373707,5.4311857,3.8432384,3.4515846,3.54554,3.4647183,3.7890635,3.2023215,3.233113,3.2107825,3.252787,3.096637,3.373245,1.917692,1.9380817
30,3.251263,2.4653769,2.7470586,2.9095595,3.8751733,3.553158,2.8881123,2.8705187,3.0134463,3.0820446,3.1747355,1.947835,4.2684054,2.9030824,3.5344498,3.5119388,2.334122,2.1912563,2.1715448,2.3138328,2.641539,2.199924,2.4528594,3.242498,2.39898,1.7875265,1.5493444,1.6250637,1.9040315,2.5978832,0.0,1.179663,2.7613244,2.5821066,2.6331058,2.4727168,3.7024698,3.6891174,2.660321,2.5266726,3.7791634,3.9474895,3.269424,4.3563356,3.4909189,3.6230588,3.065083,3.1593232,4.073356,3.9945698,2.4539597,2.4955258,2.6347244,2.4515474,2.3773034,2.4445531,2.810716,2.9141247,3.6307786,3.4567523,3.3701382,4.1121354,2.5617297,2.7427967,3.1777325,3.2601414,3.66743,3.4809144,4.372115,4.0257535,4.021059,3.92808,3.4423566,3.691664,3.427203,3.4767551,3.8513913,3.195883,3.5057611,3.637777,3.7644942,3.637526,4.4855123,3.674531,4.10477,3.9868793,3.7445896,3.8386364,3.9192579,3.7400203,3.1121478,3.4989722,3.5703828,3.3437648,3.8924596,3.7240133,2.9348543,2.803454,2.487771,3.0187569,3.9852078,4.2369156,4.0931487,4.2187657,3.3763313,3.0844975,3.388426,2.7916543,3.5337808,3.5032442,3.4782639,3.6463811,3.6829934,3.8757932,5.514888,4.315207,4.3676667,4.489119,4.161598,4.496693,3.754596,3.7578878,3.6692462,3.781939,3.7912195,3.936965,3.033426,3.1224883
