,0,1,2,3,4,5,6,7,8,9,10,11,12,13,14,15,16,17,18,19,20,21,22,23,24,25,26,27,28,29,30,31,32,33,34,35,36,37,38,39,40,41,42,43,44,45,46,47,48,49,50,51,52,53,54,55,56,57,58,59,60,61,62,63,64,65,66,67,68,69,70,71,72,73,74,75,76,77,78,79,80,81,82,83,84,85,86,87,88,89,90,91,92,93,94,95,96,97,98,99,100,101,102,103,104,105,106,107,108,109,110,111,112,113,114,115,116,117,118,119,120,121,122,123,124,125,126,127
0,0.0,2.0241027,2.1845005,1.8858018,1.985768,1.3623629,1.4646415,1.5861735,2.573947,2.6177075,2.5628881,2.0621932,1.6346049,1.96376,1.4241434,2.9063172,2.4933777,2.574179,2.0650787,2.2545283,1.8042135,1.9114022,1.7014571,1.72784,2.2122927,2.2570076,2.0843177,2.3104587,2.3932695,2.4843554,1.5566257,2.4008584,2.7944818,2.8575861,3.5371504,3.5755765,2.9110038,2.56916,2.968317,2.9893258,2.7110872,3.2326918,3.0474627,2.9548757,3.1506126,2.5367248,2.797694,2.7931292,2.4609988,2.7180793,2.4645257,2.5226586,2.7014146,3.173469,2.7372677,2.815823,2.581368,2.7328339,2.7454257,2.7048213,3.0697455,2.9039006,2.3049178,2.341217,2.9317188,3.437001,3.7715285,2.7965262,3.666184,3.70581,3.5696788,3.5675662,3.4167275,4.0538826,3.4934664,3.5910165,3.754151,3.7423234,4.1858144,4.0141673,3.8921394,3.7552712,2.854494,3.301503,1.885247,3.1722043,3.5909183,3.3460345,2.3964827,3.0712502,3.3821762,3.24974,3.2638128,3.258164,3.113132,3.2256982,2.9829147,3.6819744,3.040747,2.983091,3.023726,3.2238154,3.2393332,2.8597276,2.662038,2.8422282,2.5857832,2.7000492,2.6376255,2.85498,2.704607,2.7951524,1.8981032,1.7254575,2.851467,2.3763676,2.3060954,1.829684,2.1415129,2.6582122,2.4473488,2.776823,2.4809966,2.477824,3.8596997,3.4813397,3.8611796,3.8465574
1,2.0241027,0.0,2.4501245,1.8223159,0.99104464,1.9844373,1.9885318,1.622848,2.9755769,2.979531,2.915492,2.4247844,2.624258,2.5120294,2.5268543,3.1508393,3.1117601,3.2202234,2.7634785,2.9823024,2.7158065,2.8216982,2.1204078,2.1617403,3.0229301,3.092701,3.2796538,3.455308,3.0260754,3.1189811,1.7916632,1.9752363,3.4529693,3.5197468,3.682891,3.803746,2.521373,2.7650747,2.5654528,2.583824,2.1941512,2.926295,2.6599975,2.5632985,2.751835,2.141402,2.3870313,2.397496,2.0503116,2.366596,2.058663,2.1579964,2.257493,2.5957751,2.4366128,2.5012298,1.9387126,2.416636,2.395208,2.3640888,3.2225099,3.0392835,1.7835939,1.8217196,2.7179587,3.2676864,2.9588137,1.8612779,2.8996959,3.0043175,2.8689892,2.8015828,2.5702739,3.2753308,2.6973174,2.7383952,2.9713402,2.945068,3.5557604,3.3484902,3.171522,3.439779,2.6889853,3.3490405,1.7327251,2.2310948,2.7639506,3.0595903,2.7194893,2.2197483,2.7064073,2.5802536,2.420166,2.4430838,2.2186427,2.3201814,2.6940217,3.3892133,2.6216853,2.5986257,3.400385,2.8626018,3.0570593,2.6923914,3.2102354,2.8230293,2.1842754,2.3486125,2.3977132,2.4933393,2.4271846,2.5180306,2.3175383,2.1020246,2.4811506,2.055086,1.832945,1.1408923,1.6741008,2.1868331,2.014676,2.4562666,2.0586867,2.0185966,3.5755305,3.7555566,3.2438803,3.2487617
2,2.1845005,2.4501245,0.0,2.010025,1.9424709,1.4588954,1.8254182,1.9092453,3.1628172,3.2000358,3.1153815,2.479857,2.5759742,2.7166522,2.439907,3.0806732,3.1892662,3.3055592,2.6750066,3.0138605,2.7500083,2.8404093,2.5806947,2.6204486,2.8762429,2.9830694,3.237265,3.5169322,3.0444765,3.4154363,2.3970318,2.9004347,4.0374513,4.1093583,4.3699484,4.5443625,3.6675806,3.4971142,3.8138645,3.7846186,3.1007097,3.9880457,3.6094763,3.5259128,3.5035193,3.2859187,3.567743,3.6317627,3.2159908,3.463625,3.2380073,3.32964,3.5216765,3.2985513,3.7111614,3.656972,3.125274,3.6595252,3.471003,3.4454696,4.1235642,3.8288112,2.706055,2.90723,3.2759922,3.7317762,4.20982,3.1722167,3.8888123,3.8642323,3.8533428,3.830076,3.7099125,4.2942805,3.6833632,3.8626554,3.9279099,3.93583,4.4251103,4.274078,4.2717,4.345848,3.8339913,4.4198627,2.6682436,3.5923185,3.868082,4.270841,3.1485825,3.531533,3.9804714,3.8066251,3.7664785,3.7299144,3.6373994,3.7008162,3.803189,4.3313856,3.8501067,3.8168159,4.2378826,4.084551,3.7771177,3.4494503,3.5679126,3.6409626,3.4403403,3.4928985,3.5382607,3.611932,3.5475762,3.579624,2.817208,2.6967874,3.89124,3.055525,2.977266,2.5449936,2.8553853,3.2062778,3.197068,3.2925153,3.048468,2.9587567,4.679112,4.403236,4.486303,4.5016966
3,1.8858018,1.8223159,2.010025,0.0,1.8479034,1.7984401,1.2197461,1.0751525,3.2006721,3.242572,2.9040687,2.4172237,2.570788,2.6797583,2.4247808,3.1066728,3.5832477,3.6617143,2.761067,3.4120102,3.0811474,3.2271888,2.4341428,2.488982,3.305402,3.3807921,3.29203,3.1281133,3.181939,3.4512146,2.2820358,3.1133265,3.6540122,3.7070503,4.2178364,4.1588264,2.5387902,2.4411216,2.6958644,2.7085283,3.2013195,4.1094775,3.1690364,3.2172327,3.6094391,2.6006713,2.9950604,3.0583463,2.8314767,2.5869257,2.7979333,2.8966954,2.9991965,3.3359334,3.1962755,3.5123913,2.7480674,3.1203446,3.1020832,3.0706162,3.8826811,3.596079,2.5260746,2.5386157,2.9760852,3.6339915,3.6080272,2.5687094,3.0283585,3.9496372,3.7110157,3.469534,3.2839806,3.4661481,3.1245787,3.1772845,3.4007645,3.5574033,4.1330667,3.949037,3.951865,4.279923,3.609929,4.23744,2.8070452,3.5541809,3.6399035,3.6081545,3.0464385,2.9974902,3.3788376,3.4992168,3.397252,3.3103578,3.173911,3.2797616,2.7512777,3.4343002,2.6894586,2.6541882,4.231689,3.8400054,3.3884437,3.348947,2.9253316,2.9228861,2.4444497,2.460669,2.7156713,2.6695666,2.6710978,2.6661134,2.23054,2.252508,2.859064,2.6962295,2.6275864,2.1289773,2.1617146,2.898503,2.715274,3.505265,2.6942995,2.6539998,3.9599717,3.7710023,4.272701,4.2504487
4,1.985768,0.99104464,1.9424709,1.8479034,0.0,1.4421899,1.7203405,1.4241619,2.888143,2.9048865,2.8203163,2.3886063,2.5202897,2.3284285,2.402018,3.0118406,3.0559325,3.1739368,2.5787673,2.8915925,2.5952363,2.7245867,2.1612165,2.200855,2.8589182,2.9665298,3.1972551,3.3949978,2.902393,2.9851127,1.7235029,1.9937282,3.5145051,3.591685,3.7873356,3.9003422,2.7219217,2.9355042,2.7770722,2.7871628,2.3497431,2.9763162,2.8199067,2.7046824,2.5837557,2.3670793,2.5344002,2.5695329,2.1501098,2.46946,2.1443381,2.260377,2.487821,2.830302,2.6864681,2.7006316,2.1246383,2.6715004,2.6160142,2.5973086,3.3586018,3.149114,1.8943377,2.0008445,2.909838,3.4107926,3.2103195,2.1959498,3.1067047,3.1450918,3.1002479,3.0500531,2.8571618,3.5014226,2.8973093,3.0889785,3.207699,3.1987593,3.761846,3.5740442,3.4097142,3.6728203,2.8866637,3.546528,1.8998364,2.4899113,3.00488,3.2057471,2.758461,2.41865,2.9271467,2.7449596,2.6726093,2.7000277,2.5177526,2.5797184,2.9643657,3.5166705,2.871567,2.8392172,3.4520001,3.1444418,3.1058986,2.6839285,3.2593143,2.952665,2.3681324,2.4270837,2.510526,2.5789196,2.5741277,2.6363614,2.399748,2.1508913,3.0716844,2.2159362,2.0837727,1.4453784,1.8984183,2.4036841,2.2015047,2.515458,2.212316,2.131902,3.7056332,3.7873745,3.3928523,3.4088526
5,1.3623629,1.9844373,1.4588954,1.7984401,1.4421899,0.0,0.9986324,1.2432384,2.4509103,2.4997947,2.397856,1.8885554,2.0543349,1.80575,1.8946481,2.659628,2.7356913,2.805661,2.2015946,2.5435286,2.2219672,2.3102531,2.1564085,2.1845212,2.4275403,2.5505881,2.903194,3.0961463,2.5631096,2.666136,1.8402362,2.5421312,3.524673,3.601515,4.11051,4.2482734,3.189163,2.9125793,3.2828429,3.2985363,2.9123902,3.418478,3.282635,3.1821744,3.1151004,2.8120015,3.0434365,3.0752857,2.702163,2.9612057,2.6898625,2.7887201,2.9265323,3.3224123,3.0983438,3.11159,2.735409,3.1216416,3.059339,3.0363467,3.7417254,3.546336,2.4510636,2.5702348,3.0977345,3.550871,3.8602164,3.024024,3.7275224,3.7288098,3.6923118,3.6880171,3.5569744,4.1162486,3.5530326,3.749682,3.8267994,3.8369772,4.2817283,4.1302238,3.9931886,4.194445,3.171787,3.8983362,2.1437683,3.2513483,3.6868024,3.5427878,2.6112761,3.2571402,3.5569,3.3817306,3.4121728,3.418224,3.247106,3.3408828,3.3638072,3.8675985,3.3490713,3.2864687,3.6661932,3.5733743,3.3761368,2.9894269,3.0278432,3.1581552,2.8088536,2.9111984,2.8870034,3.0633018,2.9121056,3.000515,2.318232,2.1524558,3.4648066,2.6197264,2.5733585,2.1632438,2.513233,2.898058,2.7024956,2.9396122,2.6929758,2.6323576,4.0888915,3.7361093,4.0266585,4.0337605
6,1.4646415,1.9885318,1.8254182,1.2197461,1.7203405,0.9986324,0.0,0.6275236,2.7020843,2.753744,2.416481,1.9010483,2.2080657,2.2586455,2.086416,2.835972,3.1107798,3.170288,2.4072409,2.9485514,2.745049,2.849191,2.2997973,2.3412402,2.9810183,3.0723362,3.0439575,2.9042366,2.727124,2.753035,2.0959654,3.0409284,3.5373232,3.6015048,4.3201733,4.312386,2.7761838,2.4534864,2.8895802,2.8966346,3.2660336,3.720765,3.3512135,3.3601878,3.5290322,2.8101168,3.0431373,3.0712466,2.7953246,2.6677458,2.7644887,2.8626916,2.9606135,3.360691,3.1285145,3.3882616,2.7304668,3.095524,3.0427582,3.016367,3.8333294,3.6301732,2.504278,2.6348426,3.0773895,3.6635191,3.838589,3.0656796,3.3600812,4.0505953,3.8752956,3.7074094,3.5402286,3.7940257,3.4068508,3.5713806,3.6770897,3.8107488,4.319576,4.163923,4.03858,4.281571,3.1967087,3.933695,2.5963943,3.5407515,3.7523441,3.3311565,2.6472142,3.1663759,3.3947787,3.433739,3.449699,3.4276905,3.2877913,3.3692703,3.062178,3.5847523,3.004849,2.9191947,4.0425224,3.8913264,3.468761,3.3188734,2.8722007,3.0113406,2.5648785,2.5915015,2.7527173,2.8211207,2.738307,2.745719,2.0861366,2.0624962,3.1466556,2.642644,2.63169,2.202916,2.4553769,2.9488692,2.7714374,3.3864837,2.8063073,2.77468,3.848487,3.4764233,4.1456413,4.141505
7,1.5861735,1.622848,1.9092453,1.0751525,1.4241619,1.2432384,0.6275236,0.0,2.6649728,2.70605,2.3659704,1.8200958,2.1917446,2.3917685,2.1616042,2.9169192,3.0401545,3.0983505,2.414264,2.9153047,2.7807941,2.907533,2.1913393,2.238438,3.0396326,3.1300724,3.058711,2.8545053,2.5821533,2.6345854,1.998356,2.8460543,3.3266287,3.3863752,4.0281763,3.9923158,2.3745143,2.1875675,2.564024,2.5587893,2.976153,3.4489238,3.0559957,3.0760922,3.2505734,2.4521987,2.6402056,2.6784332,2.4999332,2.33894,2.4709866,2.5735853,2.623823,3.0486333,2.8164117,3.1067846,2.3568652,2.735711,2.69104,2.6651711,3.5454323,3.3432696,2.154547,2.276993,2.8141646,3.4457662,3.4784255,2.8115253,2.9538958,3.759827,3.5619295,3.3607078,3.155715,3.409575,3.0479696,3.1716893,3.3390126,3.468484,4.0209537,3.844686,3.684557,3.963766,2.9660568,3.6911795,2.5186818,3.1977425,3.4184024,3.0942059,2.5400956,2.7983613,3.0589852,3.109515,3.0753126,3.0556762,2.91944,3.00367,2.787432,3.3373878,2.6732717,2.6159618,3.8927813,3.6526039,3.2824678,3.1373239,2.8018682,2.7869072,2.2210371,2.2683845,2.42728,2.5122912,2.4222088,2.4203632,1.9353184,1.8902963,2.8587792,2.3586829,2.294875,1.8279809,2.177886,2.6481624,2.585877,3.2663703,2.6290276,2.5652454,3.6804142,3.4658573,3.9350178,3.9255476
8,2.573947,2.9755769,3.1628172,3.2006721,2.888143,2.4509103,2.7020843,2.6649728,0.0,0.10330665,0.72365355,1.7432684,2.0597963,1.8145167,2.318133,2.3707125,1.4549971,1.472683,2.729911,1.522316,2.1925664,2.3569534,2.6053097,2.6160195,2.772329,2.9072487,3.342892,3.4888523,2.1064703,2.3973746,2.498197,2.8054953,3.476976,3.506848,3.8314948,4.2318463,3.4604616,3.1489205,3.6472275,3.6310542,2.7598693,3.2456675,3.5329936,3.3540318,3.1588542,2.8738415,2.892605,2.8404675,2.7020469,3.2479184,2.7266052,2.7808948,2.7125204,3.4409857,2.8732975,2.703989,2.784454,2.460176,2.4769053,2.4583805,3.9492538,3.807298,2.871453,2.7947187,3.0314596,2.934742,3.8874247,4.282713,4.2489967,3.6494687,3.7018778,3.8130631,3.7834847,4.4869943,3.985742,4.0885243,4.1506743,3.9566188,4.1679783,4.123475,4.2084546,4.538963,3.1083724,3.9940188,3.1838517,3.8314352,4.0720453,3.683237,2.7590597,3.5541492,4.016032,3.683952,3.6636329,3.690969,3.5832708,3.6463907,3.7841005,3.7920504,3.7218246,3.7248542,4.0308824,3.2398863,3.54119,2.8350382,3.383585,3.5379539,3.2569287,3.3490586,3.098277,3.3551939,3.1532092,3.3335366,2.795983,2.5921783,3.4588192,2.6983047,2.9244106,3.074239,3.337807,3.1502244,3.2974064,3.0825753,3.5305731,3.390086,4.266765,3.906087,4.0062017,3.9653735
9,2.6177075,2.979531,3.2000358,3.242572,2.9048865,2.4997947,2.753744,2.70605,0.10330665,0.0,0.76283693,1.7654365,2.1049752,1.8554395,2.3620257,2.3997493,1.432688,1.4455711,2.7810571,1.5149829,2.2190049,2.3829825,2.6303728,2.6417375,2.807082,2.9408405,3.3763952,3.527929,2.141657,2.4373956,2.5249858,2.801145,3.4941142,3.5238736,3.8225489,4.237405,3.4794786,3.1783304,3.6606867,3.6423235,2.7444303,3.2391455,3.5223448,3.3445692,3.142623,2.8725584,2.893891,2.8393226,2.69945,3.2628071,2.7283359,2.7806516,2.7031755,3.4404662,2.858108,2.6744127,2.7833922,2.4313195,2.452986,2.4343674,3.9490821,3.8070264,2.8764644,2.79547,3.0220208,2.919885,3.887686,4.2903066,4.2561007,3.6262267,3.68487,3.8033934,3.7762291,4.490727,3.983775,4.0871735,4.152442,3.9546022,4.1543255,4.1105328,4.1967096,4.532049,3.1031837,3.9884093,3.1831758,3.821466,4.066592,3.6910944,2.7621999,3.5418346,4.017069,3.6760478,3.6572258,3.6868403,3.5785503,3.6432824,3.7940693,3.8016477,3.7290156,3.736932,4.018177,3.221807,3.5291605,2.8175375,3.4105167,3.546158,3.2656546,3.36895,3.1049204,3.3687768,3.1605017,3.3430889,2.8269362,2.619618,3.4621398,2.701696,2.9212663,3.079496,3.3544052,3.143057,3.2980664,3.073913,3.5474043,3.407854,4.274275,3.931367,3.9911284,3.9518752
10,2.5628881,2.915492,3.1153815,2.9040687,2.8203163,2.397856,2.416481,2.3659704,0.72365355,0.76283693,0.0,1.7262298,2.0678546,1.9824938,2.3164735,2.3008096,1.8543392,1.865987,2.7269366,1.8782821,2.4828637,2.648772,2.577548,2.596369,3.0403416,3.169903,3.357644,3.2975607,2.181769,2.3996935,2.4892955,3.0337286,3.4972217,3.519873,4.003328,4.247734,3.113545,2.8006394,3.2991917,3.2811449,2.9622355,3.44249,3.553101,3.4439278,3.3354886,2.8101442,2.8421695,2.7894526,2.642929,2.9124265,2.6426775,2.7072115,2.7003717,3.4631073,2.865578,2.917631,2.6632617,2.3547504,2.3508775,2.3360093,3.9823878,3.8294122,2.809965,2.765767,3.0122323,2.9868016,3.860058,4.2600913,3.96453,3.8637016,3.8241751,3.8044968,3.7471724,4.2464767,3.8112323,3.9457772,3.9936118,3.891033,4.162682,4.1234097,4.230529,4.5916524,3.1330655,4.0371695,3.4081576,4.023972,4.0697265,3.4589355,2.745426,3.357625,3.8450546,3.6529946,3.6660223,3.6786008,3.5753236,3.6369953,3.5369992,3.4691448,3.4524276,3.444418,4.2847247,3.53776,3.5290322,2.9831908,3.2052135,3.347035,3.0035331,3.0324507,2.886598,3.0734422,2.9205294,3.0494256,2.6054983,2.46369,3.293628,2.628256,2.894234,3.0665452,3.2199683,3.1572855,3.2627993,3.3036106,3.526236,3.3916476,4.0040746,3.629503,3.9935353,3.9511812
11,2.0621932,2.4247844,2.479857,2.4172237,2.3886063,1.8885554,1.9010483,1.8200958,1.7432684,1.7654365,1.7262298,0.0,2.3813477,2.3977156,2.5404434,3.1242259,2.1711423,2.2501805,3.0605907,2.2913709,2.7951756,2.9366016,2.8621168,2.8924239,3.2901669,3.4087024,3.5816965,3.5725563,2.4214993,2.5241673,2.7144208,3.1614347,3.6522884,3.6982563,4.1822233,4.4075437,3.3656757,2.9821289,3.6490912,3.6213396,3.1029453,3.4662917,3.493843,3.3755047,3.5377038,3.0370831,3.0442703,3.0654979,3.1684153,3.4437582,3.177132,3.2568595,3.0033,3.377023,3.2169943,3.1572118,3.0577855,2.8686864,2.833848,2.8048844,4.055041,3.897338,2.78212,2.819387,3.1566024,3.576038,4.170164,3.9749572,4.1191545,4.053779,4.0141983,4.0323477,3.8891919,4.385118,3.9748764,4.0449185,4.2987323,4.2449594,4.639022,4.484382,4.167696,4.5778823,3.2150576,4.0687103,2.8094969,3.5510569,4.1128907,3.8891585,2.8428066,3.4911869,4.0067577,3.8094332,3.77318,3.7899635,3.6672647,3.712878,3.7632377,4.1908455,3.6778874,3.66143,4.0020514,3.671215,3.684525,3.3548484,3.5394928,3.6778746,3.2753713,3.4196327,3.2642379,3.514433,3.2594743,3.4224217,2.697219,2.6281488,3.4886558,2.968778,2.9126985,2.6153448,3.1999059,3.18968,3.4058719,3.629654,3.6116376,3.5049791,4.5985246,4.269972,4.5590315,4.5490685
12,1.6346049,2.624258,2.5759742,2.570788,2.5202897,2.0543349,2.2080657,2.1917446,2.0597963,2.1049752,2.0678546,2.3813477,0.0,1.6763692,0.6137444,2.0236008,1.9309304,1.9772239,1.2916123,1.6476121,1.3224132,1.4819036,1.3095496,1.3370485,1.6962135,1.7717226,1.6869322,1.9097364,1.583676,1.8787715,1.4043052,2.2427573,2.1853158,2.254532,2.9328632,3.129843,2.555253,2.2472227,2.7138932,2.6843336,2.2211578,2.6967795,2.6163387,2.4767866,2.648311,2.112584,2.22534,2.2372913,2.1273568,2.5199418,2.1629212,2.2014897,2.1574676,2.6438336,2.1976914,2.2524278,2.1179817,2.4404147,2.4519103,2.417426,2.5606358,2.3891826,1.8057811,1.8182522,2.3659308,2.3640027,3.3627818,3.3007488,3.2917273,3.1180806,2.9575863,2.9431157,2.892588,3.655982,3.0824213,3.1624575,3.4027193,3.2279575,3.5613623,3.510354,3.2915742,3.275007,2.3164928,2.846555,2.5093634,3.2566097,3.2059112,3.081266,1.8785807,2.8756413,3.0628788,2.8273633,2.7621074,2.7380247,2.684597,2.8025277,2.8079734,2.8882015,2.8312821,2.75861,3.269146,2.800313,2.7993867,2.3577588,2.4012313,2.6115115,2.4001696,2.3549893,2.2817702,2.4410262,2.3775177,2.4228137,1.4882858,1.140299,2.548809,1.6038386,1.9876736,2.1910958,2.1600497,2.3015025,2.3326628,2.5754936,2.2673063,2.1296,3.3034286,2.8453915,3.3156426,3.2571175
13,1.96376,2.5120294,2.7166522,2.6797583,2.3284285,1.80575,2.2586455,2.3917685,1.8145167,1.8554395,1.9824938,2.3977156,1.6763692,0.0,1.5030581,1.6506578,2.3427598,2.3989775,2.0965567,2.0749977,1.5825639,1.7380819,2.0487738,2.067285,1.9208174,2.0747533,2.8650696,3.2672102,2.5674465,2.7520444,1.7450569,2.2279048,3.3440151,3.4243221,3.772654,4.10834,3.2648048,3.0519376,3.2958283,3.3281994,2.5539942,3.1749527,2.938613,2.7359471,2.7763765,2.5491424,2.8269277,2.8475857,2.544967,3.1247075,2.5576615,2.6340878,2.587277,3.4037545,2.731684,2.5803778,2.7227166,2.93281,3.0276725,3.0018456,3.6198468,3.4468195,2.5182197,2.4027505,2.946698,2.9106781,3.6933959,3.3926437,3.9775252,3.3314753,3.3390276,3.4552476,3.457791,4.235364,3.6072083,3.772585,3.9619396,3.7677076,3.9843507,3.9387171,3.7690594,4.253003,2.9389515,3.7957745,2.3822803,3.4524322,3.6854906,3.5612764,2.529065,3.251485,3.6389568,3.3113906,3.2863982,3.2782464,3.0740485,3.221381,3.297083,3.3902326,3.2779243,3.2035837,3.5979097,2.8138845,2.8732562,2.3101587,2.9630866,3.1247933,2.80982,2.868267,2.7475257,2.8998203,2.7770402,2.9567838,2.392918,2.1152232,3.1580787,2.2769632,2.56525,2.6420166,2.5507462,2.7842371,2.460174,2.5221782,2.5538337,2.4554138,3.705863,3.2948725,3.5057554,3.4713628
14,1.4241434,2.5268543,2.439907,2.4247808,2.402018,1.8946481,2.086416,2.1616042,2.318133,2.3620257,2.3164735,2.5404434,0.6137444,1.5030581,0.0,1.9294829,2.1985407,2.2620413,1.4578142,1.8441291,1.2326479,1.3891933,1.2035114,1.239168,1.6597174,1.7320035,1.6011548,1.9934592,2.1082473,2.3112226,1.2286028,2.1706314,2.4542375,2.5354931,3.1687987,3.3351738,2.7016597,2.444232,2.7306082,2.7206945,2.3239725,2.9104793,2.6198354,2.4953454,2.7192104,2.236756,2.503214,2.520772,2.2146165,2.5906565,2.2433171,2.2872927,2.3319426,2.7998235,2.3680248,2.4200263,2.278846,2.6230958,2.6455941,2.6098502,2.6741736,2.4885898,1.9179139,1.932623,2.5622392,2.6263413,3.536464,3.099825,3.4339645,3.2715456,3.115258,3.1058998,3.0617661,3.7860873,3.1932921,3.3112438,3.5571933,3.4042015,3.7257597,3.6722865,3.4345543,3.427415,2.4845831,2.9756012,2.322333,3.3629236,3.3325908,3.2208617,2.0619924,2.8420565,3.1863916,2.9774232,2.9201388,2.8907676,2.7732275,2.9162748,2.7992716,2.9454792,2.8390794,2.7464774,3.2554638,2.8573499,2.763897,2.387252,2.4120765,2.6214333,2.4182723,2.3841498,2.340979,2.4704485,2.42706,2.4708064,1.5326859,1.201486,2.6082847,1.7186825,2.0308,2.1639588,1.9752042,2.34995,2.1343315,2.4598563,2.1165013,2.0361264,3.2294238,2.7447627,3.2450569,3.2033274
15,2.9063172,3.1508393,3.0806732,3.1066728,3.0118406,2.659628,2.835972,2.9169192,2.3707125,2.3997493,2.3008096,3.1242259,2.0236008,1.6506578,1.9294829,0.0,2.882636,2.889371,2.3499734,2.62769,2.2890587,2.3572543,2.2570255,2.2815194,2.413667,2.543206,3.1839106,3.4629622,2.9882436,3.181343,2.2012672,2.7742205,3.8209627,3.8913934,4.2445054,4.5138035,3.3290381,3.1838133,3.3340845,3.3379488,2.9174762,3.541621,3.0674815,3.1608353,3.0375574,2.8275063,3.200039,3.2307236,2.8716242,3.2094374,2.8838463,2.9480433,2.862403,3.330426,3.0505002,3.067674,2.7987182,3.243901,3.2184248,3.204332,3.8955004,3.7446864,2.67044,2.6669123,2.8237848,2.6655397,3.8197615,3.8682213,3.8305824,3.5597103,3.4646785,3.4536564,3.4980812,3.9399245,3.5257475,3.6960366,3.846175,3.6082914,3.5869956,3.6654048,3.7714925,4.294137,3.1381304,4.013076,3.3016183,4.080651,3.7841043,3.693041,2.6255538,3.2619407,3.689297,3.484226,3.419312,3.3948622,3.1616995,3.345691,3.4267335,2.9807057,3.2209904,3.1376536,4.535577,3.3731983,2.9430954,2.7253063,3.0823433,3.2021315,2.9408958,2.9324582,2.80835,2.8728893,2.783102,2.883086,2.37613,2.3219721,3.0269818,2.2600985,2.7188392,3.1975274,2.6953042,2.7088377,2.565607,2.8302786,2.6901789,2.6020834,3.1704311,2.707074,3.145903,3.1069212
16,2.4933777,3.1117601,3.1892662,3.5832477,3.0559325,2.7356913,3.1107798,3.0401545,1.4549971,1.432688,1.8543392,2.1711423,1.9309304,2.3427598,2.1985407,2.882636,0.0,0.54372376,2.6868012,0.4820692,1.8291974,1.944046,2.4089015,2.4108887,2.5903862,2.6960797,2.698282,3.1025593,1.871754,2.316946,2.365811,2.449476,2.9321659,2.9573207,3.1034315,3.7506125,3.5869772,3.3503861,3.7025983,3.662457,2.2564273,2.8784456,3.3638315,3.107961,2.8507235,2.8509429,2.7923284,2.6995697,2.5898755,3.3438394,2.629068,2.6462274,2.615959,3.0163784,2.6578302,2.2993295,2.7451518,2.278737,2.2101266,2.1909335,3.2735987,3.1247547,2.6457152,2.611851,2.9101298,2.7642434,3.8978398,4.1655693,4.3304505,3.337829,3.4338078,3.6585972,3.6369264,4.514976,3.9038453,4.0232563,4.0945034,3.8301609,4.086695,4.0306435,4.0263042,3.882033,2.9262085,3.3958015,2.833867,3.518709,3.8973029,3.8469293,2.567568,3.3545709,3.8983567,3.4593244,3.488787,3.5376399,3.494363,3.4800804,3.8826182,3.9739275,3.8416538,3.87191,3.2449784,2.9671173,3.4446468,2.5979896,3.5798504,3.6450198,3.450551,3.5331426,3.1806362,3.4679184,3.321676,3.4948761,2.7436545,2.4678771,3.4531605,2.5821786,2.728204,2.8554578,3.268943,2.9530547,3.177047,2.7113683,3.4039803,3.290729,4.3625927,4.082561,3.8587232,3.8284674
17,2.574179,3.2202234,3.3055592,3.6617143,3.1739368,2.805661,3.170288,3.0983505,1.472683,1.4455711,1.865987,2.2501805,1.9772239,2.3989775,2.2620413,2.889371,0.54372376,0.0,2.7183275,0.76306045,1.8828187,1.9271972,2.3947866,2.3896823,2.5430152,2.6443305,2.7636576,3.1108327,1.9327998,2.381461,2.45012,2.5637028,2.9731379,2.9952118,3.166698,3.8096573,3.6235175,3.2706172,3.7322607,3.7047954,2.3899531,2.9838247,3.4066665,3.1644256,2.9116342,2.7898097,2.8497927,2.7574618,2.6452258,3.3665657,2.6802404,2.6902056,2.538318,3.1090927,2.5924773,2.2566907,2.7513373,2.239096,2.2043655,2.189043,3.2677817,3.1795416,2.7472844,2.7101607,2.9258902,2.7082925,3.8946404,4.2356563,4.3335767,3.3819346,3.4664254,3.7028797,3.677595,4.5222797,3.9452138,4.023616,4.1392884,3.8726535,4.088106,4.0398507,3.971139,3.838606,2.9684033,3.4432495,2.9339554,3.6060154,3.9656947,3.855411,2.5822258,3.4782987,3.9358969,3.5054662,3.5408046,3.5962038,3.4647112,3.5336409,3.9128318,3.9684193,3.856377,3.9105241,3.3215601,3.0131912,3.4849977,2.6834161,3.458746,3.5539024,3.3506806,3.5919049,3.071445,3.532254,3.1986399,3.3854878,2.8084931,2.5325243,3.5086303,2.623923,2.642474,2.9667795,3.3769796,3.0336049,3.2486663,2.8288615,3.4740365,3.358745,4.3882446,4.082825,3.9175837,3.8890593
18,2.0650787,2.7634785,2.6750066,2.761067,2.5787673,2.2015946,2.4072409,2.414264,2.729911,2.7810571,2.7269366,3.0605907,1.2916123,2.0965567,1.4578142,2.3499734,2.6868012,2.7183275,0.0,2.4025388,1.7239356,1.7370445,1.5104245,1.5131927,1.4218087,1.4739149,1.8935069,2.1425667,1.6490868,2.0478756,1.4703516,2.2648454,2.4359314,2.4974859,3.0753684,3.327979,2.6967254,2.478621,2.8552547,2.8544595,2.4252052,2.8849711,2.9966109,2.8935497,2.7684705,2.303136,2.393339,2.372028,2.0978005,2.463421,2.1084833,2.1554859,2.4079137,2.7594423,2.4315505,2.55724,2.132542,2.9350197,2.8650014,2.8430853,2.793915,2.605489,2.0237145,2.1022053,2.4421499,2.4821613,2.97503,3.0167327,3.0157557,2.8543797,2.6948624,2.658452,2.6177373,3.4154503,2.7721112,2.9178727,2.8304932,2.7032506,3.1304476,3.079141,3.3257647,3.039865,2.6196456,3.0754821,2.625882,3.040086,2.923934,2.9603698,1.9260973,3.1758993,2.6922317,2.473794,2.524103,2.492027,2.5127964,2.5737414,2.9519253,3.0675018,2.9628785,2.8948712,3.4013612,3.0880232,3.0575588,2.4644725,2.6021237,2.721191,2.5078201,2.4122233,2.4741678,2.5323386,2.5822067,2.5759065,1.8318697,1.5185522,2.750117,1.80954,2.246888,2.346353,2.3468122,2.4397905,2.4582388,2.4771528,1.9575185,1.8147247,3.4200516,3.0664113,3.3451176,3.2709367
19,2.2545283,2.9823024,3.0138605,3.4120102,2.8915925,2.5435286,2.9485514,2.9153047,1.522316,1.5149829,1.8782821,2.2913709,1.6476121,2.0749977,1.8441291,2.62769,0.4820692,0.76306045,2.4025388,0.0,1.4196125,1.5670404,2.073803,2.0761626,2.2580965,2.361616,2.3267493,2.8329558,1.8724751,2.3076253,2.0255346,2.1866868,2.8035755,2.837609,3.0187905,3.6382122,3.4734452,3.2669406,3.534697,3.5001035,2.1233797,2.828565,3.2460992,2.997075,2.716018,2.726437,2.7452266,2.6512372,2.3623526,3.1411183,2.4069817,2.4231427,2.5233104,2.9267507,2.5526283,2.220732,2.5841308,2.2376254,2.1748664,2.1516743,3.1103997,2.9419334,2.5010753,2.4697037,2.8384945,2.690638,3.7824113,3.9239852,4.20936,3.2387676,3.3211558,3.5334663,3.5242698,4.4136257,3.7867436,3.9270887,3.961637,3.697689,3.9517395,3.9046845,3.9775972,3.761553,2.8288114,3.2659266,2.6584702,3.4826982,3.7949905,3.7226236,2.4624634,3.2277133,3.7799535,3.3500006,3.3662682,3.4055161,3.3519416,3.3509173,3.7122264,3.794127,3.684606,3.7017472,3.1341705,2.8495302,3.3155444,2.4308884,3.3789856,3.4574716,3.2803352,3.3311296,3.024086,3.2799141,3.1809614,3.3302338,2.5381184,2.2252584,3.3081157,2.3803258,2.5721493,2.6971107,3.010816,2.7959225,2.916058,2.4048219,3.1182156,3.0190022,4.126433,3.820613,3.6126952,3.5805285
20,1.8042135,2.7158065,2.7500083,3.0811474,2.5952363,2.2219672,2.745049,2.7807941,2.1925664,2.2190049,2.4828637,2.7951756,1.3224132,1.5825639,1.2326479,2.2890587,1.8291974,1.8828187,1.7239356,1.4196125,0.0,0.47713912,1.3623736,1.352638,1.07419,1.1589379,1.7443873,2.5571902,2.1848273,2.5231729,1.3230959,1.610283,2.7445788,2.80605,3.0228014,3.4620237,3.4023116,3.2174723,3.411009,3.4200227,2.0511413,2.7987416,3.0557363,2.8387532,2.5677414,2.5203853,2.7940295,2.7447293,2.1440103,2.9653199,2.2033007,2.2246337,2.5055654,2.9303765,2.5482786,2.2549462,2.4128733,2.6092525,2.6004658,2.5684223,2.8694162,2.731347,2.3584664,2.3187628,2.8469713,2.7857304,3.521886,3.2126794,4.0126114,3.0361989,3.080879,3.3013177,3.2907453,4.2617297,3.6160703,3.7113857,3.7416408,3.450678,3.6726031,3.6141973,3.7983155,3.484295,2.7805805,3.1688795,2.201268,3.244879,3.5388067,3.595483,2.464228,3.2545142,3.5928206,3.1751702,3.1058764,3.1213312,2.9590578,3.0857806,3.4417593,3.6501741,3.4573858,3.4431155,2.9799142,2.592031,3.187162,2.308456,2.953908,3.083302,2.947305,3.061793,2.7863784,3.0818186,2.9355543,3.0630207,2.3051183,1.931582,3.0685387,2.126613,2.279298,2.390279,2.442615,2.5534256,2.4343357,1.8295459,2.3636003,2.2890635,3.8130913,3.4738607,3.2443213,3.2021604
21,1.9114022,2.8216982,2.8404093,3.2271888,2.7245867,2.3102531,2.849191,2.907533,2.3569534,2.3829825,2.648772,2.9366016,1.4819036,1.7380819,1.3891933,2.3572543,1.944046,1.9271972,1.7370445,1.5670404,0.47713912,0.0,1.371336,1.3369465,0.9643989,1.027599,1.8114095,2.6560688,2.2662804,2.5778923,1.4174985,1.6817279,2.8497586,2.9068778,3.14357,3.5615542,3.5078213,3.2430027,3.4913058,3.5199714,2.1153436,2.8249066,3.178755,2.9487092,2.6831255,2.5895607,2.9129422,2.8561058,2.2600677,3.0641766,2.2984297,2.3143413,2.5498478,2.9697235,2.5802195,2.2929778,2.4596612,2.7088413,2.663415,2.637174,2.8721476,2.8038993,2.4328253,2.4362454,2.928156,2.7940707,3.5971887,3.2682066,4.0914593,3.0913365,3.129358,3.3755004,3.3485444,4.3541827,3.6681821,3.7320135,3.7729802,3.4722853,3.719966,3.669968,3.7778032,3.39132,2.8236547,3.1814086,2.2029836,3.2514155,3.515852,3.6029778,2.4930842,3.3528557,3.605404,3.1920626,3.164398,3.199653,2.9772809,3.1494794,3.5144203,3.7294774,3.575874,3.559515,3.0360029,2.6680613,3.3014927,2.4468672,2.9337876,3.0836391,2.9924126,3.2077239,2.8149853,3.2101672,2.943353,3.0965822,2.3977225,2.040589,3.142517,2.2123363,2.2595775,2.5183969,2.5583062,2.66518,2.503547,1.8594658,2.3905017,2.326728,3.8659508,3.511743,3.2715724,3.2394466
22,1.7014571,2.1204078,2.5806947,2.4341428,2.1612165,2.1564085,2.2997973,2.1913393,2.6053097,2.6303728,2.577548,2.8621168,1.3095496,2.0487738,1.2035114,2.2570255,2.4089015,2.3947866,1.5104245,2.073803,1.3623736,1.371336,0.0,0.09433411,1.6562955,1.6728903,1.5958805,2.0281367,2.2681196,2.4928074,0.7185467,1.6085535,2.547974,2.6020176,3.0205822,3.1546152,2.4685702,2.3750975,2.407483,2.4274185,1.9054456,2.6900334,2.6905026,2.6003115,2.544516,1.8808705,2.332155,2.27682,1.4901189,1.9398335,1.5188879,1.5477527,1.9290316,2.3198206,1.9889711,2.1219363,1.4710878,2.0838265,2.005059,1.9730767,2.3379195,2.2443473,1.634113,1.7258469,2.4284983,2.50226,2.9280455,2.49677,2.9967153,2.9024673,2.7186992,2.700891,2.5840065,3.3816404,2.809433,2.817761,2.902796,2.7124999,3.1478364,3.0788443,3.207907,2.786213,2.3501422,2.6969452,2.2048953,2.9785414,2.8810098,2.8416028,2.2023802,2.4990153,2.7594624,2.580935,2.447597,2.4586446,2.1971123,2.4314494,2.5975866,2.8187056,2.6106324,2.5858462,3.2411413,2.6698158,2.987809,2.4144576,2.3317857,2.258674,1.9629399,2.1719913,1.9216185,2.2754805,2.057937,2.0710635,1.5894048,1.2018573,2.227177,1.3729459,1.3678552,1.7606509,1.5732864,2.0153613,1.7994179,1.8325071,1.6433796,1.5863702,2.9766634,2.7992537,2.6720045,2.6326852
23,1.72784,2.1617403,2.6204486,2.488982,2.200855,2.1845212,2.3412402,2.238438,2.6160195,2.6417375,2.596369,2.8924239,1.3370485,2.067285,1.239168,2.2815194,2.4108887,2.3896823,1.5131927,2.0761626,1.352638,1.3369465,0.09433411,0.0,1.635237,1.6479537,1.595914,2.0452275,2.2714307,2.4889565,0.74979806,1.610628,2.557744,2.6094022,3.0305736,3.157855,2.5046325,2.396906,2.440688,2.4666944,1.913988,2.6822176,2.7395306,2.6383474,2.5651445,1.9106826,2.3565223,2.296769,1.5050893,1.9636272,1.5273521,1.5533499,1.9451097,2.3417375,2.0026474,2.1295712,1.4850029,2.0949457,2.0093486,1.979044,2.3388782,2.264417,1.6748055,1.7694434,2.4711006,2.5194492,2.9447334,2.5322595,3.0421853,2.9227996,2.7440093,2.7365017,2.6168592,3.4287424,2.8521006,2.8493488,2.926331,2.728568,3.1705987,3.103793,3.2307725,2.7831554,2.3661897,2.7007759,2.2247715,2.9909058,2.8920488,2.8430176,2.2365503,2.5418231,2.7866795,2.6047065,2.4748862,2.4921005,2.2227244,2.461545,2.6303868,2.8492959,2.6586366,2.6333346,3.2504716,2.673247,3.0375807,2.447557,2.3350668,2.272702,1.995735,2.218151,1.9423802,2.3163972,2.078711,2.1003902,1.6331377,1.2494453,2.2637157,1.415792,1.3901888,1.8089967,1.6230025,2.0612476,1.838571,1.8263854,1.6724527,1.6154594,3.0006936,2.8185449,2.6791408,2.6401381
24,2.2122927,3.0229301,2.8762429,3.305402,2.8589182,2.4275403,2.9810183,3.0396326,2.772329,2.807082,3.0403416,3.2901669,1.6962135,1.9208174,1.6597174,2.413667,2.5903862,2.5430152,1.4218087,2.2580965,1.07419,0.9643989,1.6562955,1.635237,0.0,0.24444608,2.0900419,2.825422,2.342307,2.7053707,1.6814872,1.9465141,2.9895597,3.0582116,3.2717957,3.65685,3.6299195,3.3529556,3.70048,3.725644,2.4375355,3.0173228,3.2240503,3.0795887,2.7543628,2.6867604,3.0315921,3.0188189,2.5069642,3.2532527,2.5660644,2.5905235,2.7811518,3.176477,2.8233304,2.5728364,2.6443853,3.207981,3.1858213,3.1588998,3.068236,2.9774258,2.5903308,2.5921643,2.904718,2.8531609,3.4992263,3.1955118,3.9675007,2.9626617,2.997512,3.2369754,3.2349412,4.232408,3.564827,3.6387866,3.6434994,3.3498263,3.4880338,3.435235,3.699178,3.3724868,3.00462,3.4126208,2.4045143,3.2043834,3.4491568,3.6978338,2.4839003,3.6580625,3.5403306,3.1145968,3.089134,3.0955,2.8946202,3.1097348,3.6128118,3.836582,3.6275291,3.6121123,3.2323878,2.884387,3.3063822,2.5317934,2.9621997,3.129138,3.0478,3.2715242,2.9453778,3.3142502,3.0456352,3.1641295,2.5493305,2.2300873,3.2811925,2.340756,2.4592564,2.674741,2.693146,2.716773,2.6692498,2.1409698,2.2957184,2.200734,3.9835746,3.6265018,3.4472733,3.3988016
25,2.2570076,3.092701,2.9830694,3.3807921,2.9665298,2.5505881,3.0723362,3.1300724,2.9072487,2.9408405,3.169903,3.4087024,1.7717226,2.0747533,1.7320035,2.543206,2.6960797,2.6443305,1.4739149,2.361616,1.1589379,1.027599,1.6728903,1.6479537,0.24444608,0.0,2.0482621,2.7952797,2.417539,2.752279,1.7570853,2.027068,2.977122,3.0429552,3.2863283,3.6092746,3.6732886,3.3822002,3.7366292,3.7616034,2.5139587,3.0345123,3.2871425,3.1581461,2.8516653,2.75342,3.0997195,3.0829468,2.537265,3.2733016,2.6061442,2.6204424,2.852106,3.2287076,2.856606,2.6231327,2.6673956,3.2559288,3.235355,3.2059278,3.0334907,2.9629028,2.6464965,2.657767,2.9508765,2.9169757,3.5515957,3.1984513,3.9901526,3.0186536,3.0333114,3.2660885,3.25596,4.2929473,3.6174572,3.6599462,3.6535347,3.3674638,3.497729,3.4423807,3.7385416,3.3269718,2.9996479,3.3597915,2.4451118,3.2371001,3.430844,3.6625254,2.5255086,3.730327,3.5617511,3.1481483,3.1105351,3.1201494,2.9353876,3.167913,3.6031926,3.8769798,3.665054,3.6431334,3.2467659,2.9181445,3.401096,2.6469584,2.9130208,3.0942295,3.0830994,3.3141315,2.9978251,3.36715,3.0951073,3.2001245,2.5825012,2.2683847,3.2716162,2.3931367,2.4996648,2.7107868,2.721803,2.75331,2.7035892,2.1754835,2.3141026,2.2324135,3.983492,3.6251879,3.442694,3.3951957
26,2.0843177,3.2796538,3.237265,3.29203,3.1972551,2.903194,3.0439575,3.058711,3.342892,3.3763952,3.357644,3.5816965,1.6869322,2.8650696,1.6011548,3.1839106,2.698282,2.7636576,1.8935069,2.3267493,1.7443873,1.8114095,1.5958805,1.595914,2.0900419,2.0482621,0.0,1.2442787,2.4725807,2.7103038,1.809419,2.5275831,2.1226163,2.1622097,2.8309166,3.0116577,3.134714,3.0085049,3.052978,3.0312932,2.718923,3.2311368,3.292218,3.2140124,3.1253986,2.801956,2.9672585,2.889793,2.3740377,2.6957467,2.3993728,2.3768077,2.8421779,3.0372868,2.7185578,2.8330443,2.6312199,2.874443,2.8360746,2.805891,2.284017,2.11989,2.539689,2.5908408,3.072011,3.1913025,3.695941,3.3012147,3.7209022,3.578382,3.4095633,3.4099767,3.3627799,4.0316634,3.533404,3.6449604,3.6083155,3.4778788,3.8197935,3.757084,3.9767666,3.0447848,2.939457,2.7172823,2.8680434,3.7026882,3.6590648,3.4853773,2.602641,3.2750463,3.3808591,3.2136667,3.20774,3.1924546,3.1950703,3.2289593,3.2474189,3.4636776,3.2681332,3.237347,2.9912307,3.3130195,3.4773688,2.9347582,2.8981733,3.0166864,2.963318,2.856729,2.8201485,2.9280965,3.03632,2.978751,2.1196377,1.8415775,2.9873333,2.3449035,2.5462165,2.5668623,2.485182,2.771396,2.635211,2.594442,2.4973168,2.5089798,3.5387414,3.1846814,3.4234834,3.3692787
27,2.3104587,3.455308,3.5169322,3.1281133,3.3949978,3.0961463,2.9042366,2.8545053,3.4888523,3.527929,3.2975607,3.5725563,1.9097364,3.2672102,1.9934592,3.4629622,3.1025593,3.1108327,2.1425667,2.8329558,2.5571902,2.6560688,2.0281367,2.0452275,2.825422,2.7952797,1.2442787,0.0,2.4434083,2.5957823,2.2943604,3.2501962,1.9085861,1.9144765,3.0403593,2.87005,2.6002126,2.364692,2.6052537,2.5603557,3.2505639,3.5601857,3.367481,3.424445,3.4790506,2.7586524,2.838362,2.7712278,2.5231268,2.3220198,2.5228114,2.5014336,2.876332,3.3360865,2.7087429,3.1454165,2.658842,2.8110602,2.8316119,2.8042095,2.3917258,2.2426484,2.6643004,2.71048,3.039528,3.3186579,3.7273474,3.5818589,3.276405,3.974567,3.6732368,3.4738963,3.374248,3.7115424,3.3851964,3.479745,3.482987,3.5323913,3.89981,3.8227444,4.002926,3.2293322,3.000599,2.818468,3.4421787,4.022545,3.7398498,3.1210258,2.5711286,3.285138,3.1742532,3.2403443,3.2866914,3.2490761,3.317349,3.3664684,2.8876493,3.0857375,2.8754256,2.8460455,3.4324636,3.7860706,3.5395517,3.2841322,2.560335,2.715613,2.6379387,2.4541783,2.5590427,2.6084118,2.7511284,2.5827165,1.9452596,1.8236061,2.8523016,2.4633934,2.694619,2.7392666,2.6524932,2.9402895,2.911842,3.3840578,2.8711762,2.8605542,3.3428547,2.947516,3.7645385,3.6993566
28,2.3932695,3.0260754,3.0444765,3.181939,2.902393,2.5631096,2.727124,2.5821533,2.1064703,2.141657,2.181769,2.4214993,1.583676,2.5674465,2.1082473,2.9882436,1.871754,1.9327998,1.6490868,1.8724751,2.1848273,2.2662804,2.2681196,2.2714307,2.342307,2.417539,2.4725807,2.4434083,0.0,1.3169976,2.2474976,2.7047844,2.139307,2.1555226,2.7279372,3.1204805,2.7807252,2.4655795,3.144967,3.0959609,2.4160066,2.6834068,3.141994,2.990399,2.789558,2.426359,2.0790977,2.0224006,2.3317432,2.7684088,2.344452,2.3745074,2.369107,2.819088,2.3627648,2.3767593,2.3295043,2.5331223,2.461801,2.445713,2.8849719,2.7046943,2.2092102,2.2277896,2.3560066,2.420391,3.200741,3.7930322,3.3267379,2.9761617,2.8967974,2.9283395,2.8525937,3.684091,3.0937266,3.1777499,3.15766,3.022637,3.4396348,3.348512,3.464036,3.2638078,2.6099885,3.0807076,2.9672065,3.0284245,3.147823,3.0805347,1.9059955,3.3283517,2.9945748,2.6834967,2.7718804,2.7834077,2.9512906,2.8914278,3.2782788,3.4432771,3.2634056,3.2596428,3.2839239,3.1201196,3.262675,2.5937283,2.9981778,3.1035492,2.9178293,2.8308532,2.7416642,2.8646019,2.867496,2.940694,2.1661012,1.9333609,3.0352342,2.1903071,2.5470612,2.5549355,3.0040133,2.6672082,3.08204,3.0314531,2.9334393,2.7551515,4.026641,3.7343779,3.9132283,3.8420765
29,2.4843554,3.1189811,3.4154363,3.4512146,2.9851127,2.666136,2.753035,2.6345854,2.3973746,2.4373956,2.3996935,2.5241673,1.8787715,2.7520444,2.3112226,3.181343,2.316946,2.381461,2.0478756,2.3076253,2.5231729,2.5778923,2.4928074,2.4889565,2.7053707,2.752279,2.7103038,2.5957823,1.3169976,0.0,2.4515157,2.9881575,2.5279255,2.5635333,3.4692957,3.4366684,2.944699,2.6641893,3.263054,3.2245822,2.9637036,2.1746783,3.4772425,3.3654234,3.2044718,2.9499412,2.477201,2.433327,2.6635625,2.9364786,2.6851187,2.7178297,2.7089782,3.066307,2.6942883,2.7715762,2.4910934,2.8362281,2.7641737,2.746113,2.9553838,2.9998887,2.3735814,2.5531056,3.0681083,3.2164733,3.721042,4.1269746,3.6567528,3.6736884,3.5418541,3.5023158,3.3546383,4.0465665,3.5758002,3.672913,3.728468,3.6201692,4.0051665,3.9197335,3.6476183,3.471689,2.0529714,2.6619985,3.1223488,3.239268,3.39445,2.756239,2.1916983,3.414474,3.115295,2.903299,2.9721558,3.0605354,3.1458588,3.129344,3.5019202,3.6196182,3.503483,3.3976939,3.5769525,3.490755,3.7022097,3.2194965,3.1962473,3.2982454,3.0420756,2.906255,2.922842,3.0618916,3.026643,3.0600166,2.3093069,2.1123834,3.1818902,2.3809144,2.722335,2.7031307,3.1016965,2.915753,3.2593436,3.324446,3.1646032,3.0234993,3.7085776,3.3804958,3.7095342,3.661204
30,1.5566257,1.7916632,2.3970318,2.2820358,1.7235029,1.8402362,2.0959654,1.998356,2.498197,2.5249858,2.4892955,2.7144208,1.4043052,1.7450569,1.2286028,2.2012672,2.365811,2.45012,1.4703516,2.0255346,1.3230959,1.4174985,0.7185467,0.74979806,1.6814872,1.7570853,1.809419,2.2943604,2.2474976,2.4515157,0.0,1.2719533,2.6613722,2.7269561,3.0466835,3.2714467,2.4687226,2.5419517,2.4025652,2.428613,1.7607174,2.60795,2.6139812,2.4741216,2.3471017,1.8969886,2.2243314,2.169946,1.4006648,1.9683512,1.4095702,1.484477,1.9742999,2.3977456,2.0584977,2.113483,1.5563108,2.1555274,2.0840712,2.0566988,2.5211432,2.3432512,1.5384552,1.5972956,2.475314,2.6250432,2.876163,2.301453,3.0325644,2.7745528,2.655574,2.6601608,2.5569186,3.3541322,2.6793413,2.857127,2.8756273,2.706367,3.1803682,3.0903523,3.242957,2.9850926,2.3860662,2.8357682,1.9125661,2.7478719,2.8531337,2.8849804,2.1507502,2.26959,2.6230044,2.392867,2.3704808,2.3798823,2.1676507,2.2819462,2.6547441,2.8993402,2.5969086,2.5599353,3.0205843,2.6318512,2.780778,2.0919714,2.6574898,2.489579,2.0424354,2.0752103,2.0081933,2.168044,2.1606762,2.2135043,1.6833545,1.2670494,2.3395414,1.3659366,1.5474323,1.5739195,1.4448546,1.9739685,1.6650101,1.6243547,1.5090171,1.4446635,3.0452967,2.942397,2.6643937,2.6276612
