,0,1,2,3,4,5,6,7,8,9,10,11,12,13,14,15,16,17,18,19,20,21,22,23,24,25,26,27,28,29,30,31,32,33,34,35,36,37,38,39,40,41,42,43,44,45,46,47,48,49,50,51,52,53,54,55,56,57,58,59,60,61,62,63,64,65,66,67,68,69,70,71,72,73,74,75,76,77,78,79,80,81,82,83,84,85,86,87,88,89,90,91,92,93,94,95,96,97,98,99,100,101,102,103,104,105,106,107,108,109,110,111,112,113,114,115,116,117,118,119,120,121,122,123,124,125,126,127
0,0.0,2.590456,1.1451167,1.2492092,2.606694,2.4442062,3.096608,3.369826,3.6644068,3.1341698,3.3703616,3.4220362,3.9706037,3.7254696,3.7162862,3.6899695,2.137044,2.4137218,2.1216762,2.1548512,2.5043716,2.9125893,4.1100063,4.1100063,2.2449534,1.7961144,1.7266854,1.5452489,2.686697,2.686697,2.5040162,2.4670885,2.6792405,2.721332,2.4849021,1.8870541,3.112945,2.8868968,3.5981948,3.3301182,3.6475425,3.2814898,2.7686439,3.0139062,2.7071774,2.4681962,3.728243,2.5604014,3.0128024,3.0929759,3.8587937,2.611438,2.8429577,2.732738,2.9196794,2.1521473,2.7172499,2.586686,2.3716304,2.4298608,1.8001714,1.9741136,2.42921,3.2498376,3.7683702,3.6262217,3.557888,3.4841592,3.9000764,4.1769223,3.6720974,3.98344,4.296952,4.4015303,4.032563,4.7674932,4.333821,4.0351224,3.6108406,4.0386686,3.2874131,3.1179278,2.6300492,2.8404121,3.3900354,3.2961376,4.2457185,3.618528,3.3150032,3.3417132,3.68178,3.8465567,3.3252206,3.20024,3.6023104,3.1097834,4.1211586,4.1064496,4.1223145,4.037943,4.3550525,4.1168947,4.8597775,4.1149025,4.815015,5.1965647,4.096259,4.106876,3.9042525,3.801498,3.8977325,3.680419,4.4461107,4.5061707,3.7081938,3.8044286,3.8254151,3.449772,4.00701,3.8030455,3.6425996,3.8040137,3.9443808,4.067347,3.9295413,4.165221,4.038308,3.7337487
1,2.590456,0.0,2.5446408,2.5863354,2.7569137,3.6828759,3.3398337,3.468477,2.8717704,2.0653212,2.527404,2.5989914,3.0316672,2.858754,2.828473,2.459671,3.8485372,3.825492,3.813263,3.8380377,3.9255652,4.058173,3.593506,3.593506,3.1181571,2.8117414,3.4990988,2.792715,3.287529,3.287529,3.1340375,3.0665696,3.860481,3.868422,3.6225412,3.0548704,4.312628,4.147768,4.6099596,4.384547,4.8122883,4.3949137,3.8949075,4.159889,3.722704,3.5798,3.6138217,3.8792949,3.3052514,3.3911045,3.8726468,3.471007,3.7474437,3.1976368,3.968484,3.4160364,3.634982,3.4069068,3.4111216,3.3382204,3.166584,3.268706,3.256161,3.931315,3.6014981,3.4178176,3.4417713,3.368416,3.6338286,3.946901,3.2849126,3.7625175,4.197644,4.529919,3.7223065,4.5815706,4.324454,4.090475,3.6498497,4.074749,3.7254941,3.61603,3.157623,3.353559,3.809985,3.7219086,4.095308,4.093603,3.8342838,3.8028803,3.7692885,3.7372615,3.822104,3.6887946,4.036454,3.7189302,3.433999,3.4434528,3.5444298,3.4109237,3.6672618,3.384994,4.3208437,3.5335348,4.3785386,4.8423824,3.3129401,3.2929811,3.344384,3.2003527,3.290169,3.090589,3.7614963,3.8710315,2.8422348,2.927403,3.2375338,2.793798,3.4325738,3.205222,3.0835369,3.2438755,3.3198621,3.4523656,3.0532184,2.7982535,2.398011,3.0440085
2,1.1451167,2.5446408,0.0,0.478726,2.3248575,2.0898173,2.834798,3.097506,3.6085951,2.962053,3.3282504,3.4203353,3.8366652,3.6774673,3.7218924,3.6675644,2.3840063,2.1271515,2.3420687,2.3912334,2.226242,2.3602357,4.0244427,4.0244427,1.5092485,1.6522061,2.225239,0.95519453,2.969327,2.969327,2.77171,2.7459059,2.5069263,2.5402586,2.6565664,2.1404288,3.141674,2.8578162,3.5202482,3.133378,3.443312,3.0862498,2.612353,2.8708522,2.68038,2.3464615,3.694214,2.5686605,2.76563,2.9002786,3.3547611,2.3373108,2.675403,2.5101855,3.0487862,2.4478471,2.5743713,2.4226465,2.2047677,2.238389,2.1055655,2.2555094,2.3120346,3.1357048,3.9786956,3.8403804,3.771872,3.6168702,4.209205,4.563399,3.9956365,4.246098,4.639205,4.6011386,3.9635112,4.948137,4.518613,4.3174644,3.9281688,4.402973,3.4735541,3.2331388,2.7753484,3.0791037,3.493584,3.4719348,4.5311675,3.8326411,3.5122387,3.5211973,3.7990158,3.9432952,3.5302796,3.4008222,3.729245,3.2879648,3.7265582,3.7088346,3.7403111,3.6528933,3.9186246,3.756574,4.361953,3.4426286,4.2971506,4.7682433,3.6630137,3.655062,3.4828143,3.4278965,3.4691477,3.260865,4.042765,4.0138264,3.0773487,3.065477,3.271545,2.9164283,3.5395498,3.285815,2.9932203,3.1337228,3.3734589,3.4877145,3.4177473,3.6681533,3.5454562,3.127265
3,1.2492092,2.5863354,0.478726,0.0,2.3703048,2.1351182,2.8991094,2.9322717,3.619201,2.998135,3.3430915,3.4327965,3.8832233,3.7009878,3.7466595,3.704078,2.3801448,2.0932553,2.3275523,2.3805745,2.155665,2.2885122,4.0089955,4.0089955,1.580042,1.680044,2.2558956,1.1186876,2.990006,2.990006,2.8047318,2.778679,2.4958339,2.5216746,2.5045161,2.1118336,3.2756312,3.0240698,3.3715641,2.9897187,3.2918656,2.89802,2.6061292,2.8627145,2.6742344,2.3617132,3.7051516,2.5092437,2.81052,2.9343843,3.3958845,2.4208586,2.666935,2.5348957,3.06798,2.4675827,2.5725944,2.432213,2.179179,2.252881,2.1175146,2.2591712,2.3144927,3.131788,3.8615127,3.7349405,3.660494,3.495516,4.3184743,4.68295,4.119501,4.3535423,4.760658,4.4913273,4.101418,5.0634146,4.5458636,4.323174,4.0248694,4.4996085,3.6207533,3.3135972,2.8065026,3.1392975,3.6027362,3.600251,4.6568527,3.995967,3.6661637,3.6901672,3.9766877,4.1146803,3.682843,3.5453904,3.856748,3.378505,3.8735569,3.856583,3.8654063,3.785265,4.059857,3.886292,4.45166,3.5419161,4.389832,4.8383965,3.8271136,3.8097968,3.5083976,3.44891,3.5235019,3.280165,4.199966,4.216758,3.0199046,2.9991233,3.3371174,2.9294484,3.6077437,3.323117,3.0940397,3.2061036,3.5907633,3.6970305,3.4163356,3.6675599,3.556855,3.2139082
4,2.606694,2.7569137,2.3248575,2.3703048,0.0,2.5543628,1.7785726,1.6283181,3.7199612,3.4547417,3.4454815,3.5831375,4.0624084,3.7903612,3.7736425,3.532254,3.4070373,3.3009555,3.485809,3.4976308,3.2544363,3.3655934,5.0447454,5.0447454,2.627542,2.3038685,3.418402,2.5029144,2.734207,2.734207,2.5420225,2.5683148,3.171379,3.181213,3.1955602,2.9150915,3.7277627,3.6329234,3.8539028,3.7033849,3.9342177,3.5969203,3.220188,3.3999388,3.4159203,3.4342186,4.6447544,3.8911223,2.843891,3.045112,3.7575212,3.0916114,3.2365053,2.676186,3.6565547,2.9573834,3.3378565,3.1018028,3.0162513,3.060963,2.9476948,3.0669715,2.9710164,3.381774,4.4074373,4.2685814,4.2367835,4.350866,4.7223406,4.7959533,4.5490813,4.8826632,5.0286536,4.9679174,4.261909,4.949461,4.6499944,4.7921906,4.733273,4.81561,3.3660228,3.218527,2.7959967,2.863644,3.5101826,3.348554,3.9326203,3.9230883,3.689525,3.7255979,3.6070683,3.5539048,3.681875,3.5243134,3.874774,3.3722703,3.9746792,3.9696724,3.8700445,3.8847961,4.08225,3.518331,4.113951,3.2501206,4.382995,4.865209,3.3852763,3.5617526,3.7113912,3.2937248,3.4195406,3.5793512,4.1005993,4.154926,2.8497667,3.0784829,3.0994933,2.974991,3.5721095,3.363051,3.6485982,3.4907923,3.722597,3.8844662,3.2527258,3.630972,3.6639268,3.1693249
5,2.4442062,3.6828759,2.0898173,2.1351182,2.5543628,0.0,3.2691174,3.2065344,3.5882473,3.2979665,3.4334466,3.5400407,3.9667327,3.654227,3.7496405,4.0521936,2.2327454,1.9767097,2.3147454,2.2968345,2.0423796,2.25138,4.345768,4.345768,2.1122496,2.198927,2.6700943,2.0541685,3.5329287,3.5329287,3.3328032,3.3545744,2.476813,2.5257962,2.8885722,2.677683,3.282497,3.0484712,3.1578999,3.0484357,3.299723,2.9226313,2.6798952,2.7845805,2.8170426,2.732213,4.0198045,3.2520845,3.771704,3.9623878,3.529542,3.1169074,3.1735387,3.4697602,3.5478117,2.8722088,3.16647,2.9935133,2.6140287,2.860397,2.8109603,2.9364479,2.7276576,3.4044728,4.1660275,4.022591,3.9866135,4.1380153,4.5687137,4.621933,4.4570146,4.711893,4.8655047,4.658702,3.9987366,4.843259,4.2475147,4.384418,4.287543,4.3759665,3.005035,2.7462149,2.570232,2.5109756,3.0454185,2.9388907,4.7469935,3.5480888,3.380874,3.4665627,3.9584742,4.251596,3.459116,3.3011768,3.659285,3.0050502,4.705381,4.6878786,4.6220884,4.5993967,4.8293734,4.3543873,4.893786,4.1233873,4.955013,5.437397,4.4385204,4.4813476,4.4486938,4.1880326,4.179754,4.3202915,4.9063096,4.887721,3.6978898,3.9411175,3.9699593,3.9826314,4.3658357,4.1366124,4.204558,4.0443325,4.3403,4.4317293,4.1195455,4.4395976,4.3435607,3.8751206
6,3.096608,3.3398337,2.834798,2.8991094,1.7785726,3.2691174,0.0,2.523426,4.3064137,4.029354,4.077283,4.209798,4.5846095,4.3608727,4.401305,4.09038,3.981662,3.9042802,3.9491496,3.9631038,3.808747,3.9093175,5.360476,5.360476,3.1475694,2.9251056,3.9854417,3.11214,3.3120728,3.3120728,3.1396272,3.1577976,3.5431247,3.5476353,3.5191715,3.135143,3.949674,3.9558485,4.1852093,3.9792826,3.8123908,3.8941612,3.517461,3.692249,4.205345,4.1854196,5.2945995,4.3064613,2.6288292,2.8109634,3.7448108,2.9558856,3.2862341,2.5779057,3.5985909,3.4667983,3.8486545,3.637208,3.538904,3.634369,3.4836845,3.5879035,3.501133,3.9010935,4.7557116,4.6544905,4.6370006,4.727685,5.00503,5.1075478,4.863618,5.1657143,5.3398757,4.901349,4.5261536,5.2079,4.993844,5.162444,5.0409975,5.16223,4.073793,3.936749,3.5588152,3.6765034,4.2015758,4.0369177,4.232854,4.370377,4.2084293,4.2659364,4.1294117,3.9870949,4.2366257,4.1122594,4.416828,3.961066,4.3356066,4.3271394,4.3588605,4.2597237,4.544316,4.0159883,4.3733177,3.4473906,4.482392,4.8665776,3.817223,4.014873,4.041738,3.633379,3.8641176,3.8748748,3.9518237,3.6681366,3.2405202,3.418154,3.5988975,3.5384564,4.124021,3.9318595,3.8370876,3.835912,4.023518,4.225689,3.6953344,4.0983624,3.9611876,3.7125146
7,3.369826,3.468477,3.097506,2.9322717,1.6283181,3.2065344,2.523426,0.0,4.073748,4.0265937,3.78697,3.9181697,4.4780707,4.184925,4.1992726,3.9259565,3.8648272,3.7433035,3.9277246,3.9472303,3.625452,3.7174063,5.4674,5.4674,3.2988856,2.844139,3.9969969,3.3020785,3.1585858,3.1585858,2.9722006,2.989987,3.6299763,3.6305015,3.226883,3.3443692,4.5698614,4.5551605,3.78747,3.7409167,3.8653076,3.4393861,3.61358,3.7888439,3.834643,4.0151963,5.02953,4.2361884,3.463053,3.6863616,4.257391,3.7461267,3.5991726,3.1274018,4.0765705,3.4260235,3.705561,3.5242333,3.3485067,3.4989297,3.4075902,3.5102751,3.3630452,3.567873,4.42341,4.3081794,4.3023267,4.3946495,5.440821,5.4393363,5.302883,5.606293,5.614118,4.85095,4.9917164,5.486811,4.842766,4.965906,5.41368,5.306461,4.069579,3.75302,3.2307541,3.4481173,3.8523376,3.878881,4.4970922,4.5831385,4.4365616,4.4849854,4.3501105,4.20375,4.3479977,4.151925,4.526525,3.8429732,4.7000523,4.699244,4.505997,4.5247273,4.794877,4.2037706,4.2801185,3.80205,4.6966243,5.114867,4.4017143,4.5719457,4.1489253,3.7652762,3.950263,4.0871015,4.9904037,5.104121,2.953849,3.1477623,3.491611,3.4707434,3.9216645,3.7556925,4.1923485,4.095136,4.6469674,4.796943,3.6285315,4.0059404,4.1724114,3.7556624
8,3.6644068,2.8717704,3.6085951,3.619201,3.7199612,3.5882473,4.3064137,4.073748,0.0,1.3446074,0.5924951,0.55784327,1.4402728,0.63978374,0.5386674,1.2035447,3.6166966,3.493104,3.570182,3.5851567,3.6318347,3.7347977,2.7828577,2.7828577,3.6261952,3.0620463,4.002071,3.591487,4.0478415,4.0478415,3.897028,3.8317828,3.6069176,3.6227922,3.4370291,3.2408843,4.2965994,4.04924,3.9418006,3.9357035,4.406833,3.9986475,3.5416706,3.6933622,3.605828,4.1626186,2.938205,3.7425306,4.47609,4.7427964,3.9845881,3.7012281,4.067968,3.96974,4.268116,3.7635896,3.7853682,3.7342684,3.5846665,3.6782773,3.6283739,3.7455041,3.5130284,3.3703039,3.5595503,3.473025,3.4597592,3.5482473,3.8062532,3.4071867,3.4194145,3.867559,3.3103204,3.586691,3.5009625,3.6465123,3.1530986,2.9426866,3.5359232,2.9471574,3.9940214,4.13222,3.5623248,3.6275795,3.6869977,3.6481085,4.7238607,4.055651,4.1236258,4.1319633,4.2079263,4.3639493,3.9314125,3.779293,4.1468096,3.6986408,4.3692317,4.3825216,4.241825,4.095018,4.3099513,3.5088725,3.7407997,4.5204716,4.9544187,4.966142,4.0352216,4.2711864,4.282288,3.9147987,4.171558,4.110539,4.6244144,4.6835685,3.6983988,3.886806,3.7927098,3.6415675,3.6730316,3.8177195,4.1885915,4.106743,4.3019266,4.398744,3.7674763,3.4317772,3.1772506,3.956888
9,3.1341698,2.0653212,2.962053,2.998135,3.4547417,3.2979665,4.029354,4.0265937,1.3446074,0.0,1.2846694,1.2639052,1.5491213,1.3101492,1.4013447,1.5041578,3.4570935,3.29,3.3552315,3.3876412,3.420189,3.5153365,2.5391808,2.5391808,3.1825764,2.8271348,3.6512837,3.0472014,4.0444293,4.0444293,3.8754592,3.8084836,3.4741654,3.4656656,3.3231363,2.940012,4.0523653,3.83581,4.187987,3.9560096,4.38593,3.9823618,3.4574273,3.6531382,3.4091697,3.6474297,2.7814474,3.6542046,4.0949287,4.2353816,3.723698,3.3187187,3.7681956,3.6828585,4.006379,3.6637442,3.5752673,3.4639943,3.3897357,3.3859384,3.337292,3.4559789,3.3663168,3.5344455,3.4877396,3.370157,3.3352704,3.2287116,3.5502577,3.5747375,3.1268759,3.6648312,3.520309,3.8419402,3.2438705,3.865102,3.2987943,3.108935,3.2001476,3.2549195,3.736896,3.7559583,3.1941338,3.40161,3.6116796,3.532116,4.6101255,3.997203,3.8219073,3.8058288,4.0166845,4.1880426,3.7095919,3.5705206,3.977564,3.536594,3.9263406,3.9372356,3.9171464,3.7693932,4.02653,3.4064448,4.0684557,4.046616,4.5930643,4.8239694,3.700814,3.8070462,3.8161056,3.5921276,3.6682198,3.6363132,4.125543,4.210039,3.3089318,3.3517554,3.4999902,3.2386777,3.5032585,3.4787009,3.7333624,3.6613028,3.774178,3.8523786,3.4467351,3.003104,2.6827817,3.4806342
10,3.3703616,2.527404,3.3282504,3.3430915,3.4454815,3.4334466,4.077283,3.78697,0.5924951,1.2846694,0.0,0.36643976,1.5888386,0.84132725,0.81898606,1.1758627,3.4833336,3.357182,3.4494975,3.4612358,3.535466,3.6386313,2.790958,2.790958,3.3868577,2.8121223,3.7850177,3.3030849,3.7748628,3.7748628,3.5899317,3.5182045,3.4889784,3.5126653,3.3085093,3.0673056,4.2001348,3.9889677,3.8406537,3.8456564,4.345837,3.89835,3.4465308,3.6278975,3.4407392,3.9335437,2.9009426,3.5867982,4.1991334,4.459273,3.7632666,3.5826552,3.7884407,3.6920223,4.0890245,3.4745924,3.531896,3.4350054,3.2989602,3.3791087,3.3562908,3.4684055,3.1863372,3.200225,3.4570649,3.295054,3.2875552,3.3884406,3.7128382,3.3343842,3.3468046,3.8924615,3.3413038,3.5984437,3.4426184,3.7102637,3.129976,2.8830547,3.47496,2.9596257,3.8054428,3.9069138,3.3214242,3.411055,3.458179,3.4551098,4.495311,3.8896868,3.95287,3.9579744,4.036533,4.14953,3.7619708,3.5941947,4.071556,3.5200996,4.1118946,4.1238823,4.000106,3.8453858,4.13089,3.3361707,3.6403,4.245667,4.72029,4.8221645,3.9579432,4.126528,4.032695,3.6611729,3.9390368,3.847751,4.5349045,4.612682,3.4075375,3.6317384,3.4937146,3.3924265,3.440178,3.5400348,3.8930256,3.8972728,4.0960193,4.2170353,3.499884,3.1390653,2.9620996,3.6630929
11,3.4220362,2.5989914,3.4203353,3.4327965,3.5831375,3.5400407,4.209798,3.9181697,0.55784327,1.2639052,0.36643976,0.0,1.5354342,0.75129485,0.7671277,1.1331757,3.4621785,3.3840132,3.4104033,3.4278626,3.5503104,3.6807578,2.8434255,2.8434255,3.4918263,2.8631258,3.7838898,3.4158428,3.8224277,3.8224277,3.652542,3.5765646,3.4604876,3.478157,3.2520337,3.0130332,4.15997,3.9544568,3.8334234,3.813372,4.3051033,3.8519661,3.3920343,3.5688577,3.362484,3.9038436,2.8171728,3.5675683,4.2927203,4.548152,3.900338,3.6524389,3.8573587,3.7643068,4.1210465,3.5446699,3.5917974,3.5115604,3.3824937,3.4531803,3.3718972,3.4900217,3.276421,3.2130942,3.4702063,3.338695,3.340945,3.4073622,3.7205486,3.3451295,3.3341765,3.8575938,3.284697,3.57031,3.536218,3.726774,3.135148,2.8469229,3.462043,2.9194477,3.8724606,3.9991388,3.3614798,3.4676392,3.5361552,3.5131118,4.5975304,3.9958718,4.0220857,4.017642,4.106742,4.230969,3.8183494,3.6569567,4.116182,3.604172,4.206786,4.21917,4.086271,3.933833,4.1731496,3.378331,3.7969928,4.4824824,4.858242,4.9226084,4.0086994,4.2115045,4.1689672,3.8031907,4.038025,3.988685,4.6086125,4.684155,3.5912886,3.802386,3.6646369,3.4762073,3.547288,3.6733673,4.0763035,4.0306935,4.1986175,4.310987,3.6200397,3.2904387,3.1238577,3.8053815
12,3.9706037,3.0316672,3.8366652,3.8832233,4.0624084,3.9667327,4.5846095,4.4780707,1.4402728,1.5491213,1.5888386,1.5354342,0.0,0.9961391,1.512806,1.7061312,3.7940345,3.6659353,3.7465436,3.7314985,3.8342092,3.9121919,3.345404,3.345404,3.849048,3.2990634,4.2762303,3.8008902,4.4878983,4.4878983,4.3797293,4.298838,3.9670672,3.9666512,3.6779096,3.4390552,4.518524,4.314685,4.495591,4.335969,4.8607006,4.4966836,4.0181327,4.1616726,4.1045856,4.586006,3.1777887,4.280436,4.5919747,4.7524767,4.0067644,3.74705,4.1791205,4.0176325,4.1935277,4.038448,4.322563,3.7548478,3.765012,3.712579,3.791381,3.88103,3.7752922,3.5502205,3.7509193,3.6407216,3.4776592,3.532752,3.5328755,3.268227,3.2299821,3.762034,3.2791488,3.6594796,3.5242372,3.6705987,3.082442,2.891998,3.4301035,3.0249312,4.037347,4.187886,3.7606006,3.8815184,3.8651743,3.766779,4.737692,4.1530037,4.1227145,4.120208,4.248276,4.402026,3.9589415,3.8372288,4.186087,3.8293924,4.228824,4.2463107,4.111719,3.9716065,4.2918406,3.5473228,3.7794533,4.4612646,4.6354027,4.622803,4.0295334,4.2158737,4.147362,3.958012,4.0435886,4.071383,4.3702164,4.4475956,3.7538848,3.767499,3.6783466,3.6605904,3.489624,3.68137,4.302501,4.5899854,4.548179,4.628856,3.5488608,3.2857797,3.2189744,3.8527372
13,3.7254696,2.858754,3.6774673,3.7009878,3.7903612,3.654227,4.3608727,4.184925,0.63978374,1.3101492,0.84132725,0.75129485,0.9961391,0.0,0.76517373,1.3260176,3.6372535,3.5205503,3.5967898,3.5892718,3.7167742,3.8207133,3.065029,3.065029,3.7278311,3.1135008,4.0837746,3.6475637,4.1740837,4.1740837,4.0443325,3.9696894,3.7063653,3.7205534,3.5000129,3.2566504,4.3111973,4.1306105,4.0976954,4.0732403,4.556528,4.163863,3.6993155,3.8498492,3.7531111,4.2843366,3.0823164,3.9638884,4.541035,4.7642026,3.979164,3.6776233,4.1135707,3.9900222,4.2674994,3.8345718,4.0453215,3.732512,3.6509025,3.6826336,3.6727407,3.7786887,3.5730705,3.4548175,3.6685011,3.5443442,3.4796057,3.6163156,3.70534,3.2898889,3.3734841,3.8691614,3.3547785,3.6590958,3.5730004,3.7234337,3.1695402,2.970804,3.5426223,2.985986,3.977153,4.1132374,3.582982,3.6257555,3.7557712,3.6617162,4.7094407,4.1042423,4.1311584,4.141946,4.2834907,4.4418025,3.9721215,3.8231297,4.1933637,3.7672007,4.3834553,4.396765,4.2668514,4.1202035,4.3916078,3.5485456,3.931053,4.5840144,4.951762,4.971474,4.041311,4.2430687,4.2925916,3.9425251,4.1395764,4.140062,4.5682387,4.654871,3.7213511,3.9109704,3.8184369,3.691952,3.6915514,3.832316,4.3474874,4.41044,4.4968467,4.6011953,3.6926625,3.3869977,3.2312562,3.9656613
14,3.7162862,2.828473,3.7218924,3.7466595,3.7736425,3.7496405,4.401305,4.1992726,0.5386674,1.4013447,0.81898606,0.7671277,1.512806,0.76517373,0.0,1.0583923,3.7821202,3.685749,3.7449281,3.7597837,3.8332372,3.9412928,2.832585,2.832585,3.8372102,3.1331503,4.159345,3.7642026,4.2247553,4.2247553,4.081679,4.0179014,3.768039,3.7812507,3.6100924,3.391127,4.2387238,4.0991106,4.1319876,4.132522,4.633835,4.225331,3.701519,3.859065,3.6978397,4.244018,2.978451,3.8663156,4.6271663,4.8111596,4.106147,3.813073,4.2330194,4.077377,4.373968,3.8382587,3.860698,3.825221,3.741558,3.7767503,3.714317,3.8298302,3.6299014,3.4841907,3.6534672,3.5741296,3.5561087,3.6531243,3.7379034,3.2975373,3.353221,3.7870944,3.2077084,3.7245395,3.4363904,3.5592372,3.2245212,3.0046046,3.455267,2.9030972,4.020216,4.19363,3.6621232,3.6905918,3.8514326,3.7152975,4.543241,4.0852785,4.1107244,4.1154103,4.2762713,4.421814,3.922797,3.784225,4.113737,3.7424295,4.2982006,4.3133645,4.178309,4.0474243,4.381404,3.4624863,3.9250963,4.5205045,4.985526,4.988882,3.8929582,4.1251907,4.156498,3.7686484,4.0198545,3.9951575,4.4638386,4.6743846,3.7927742,3.9842272,3.835181,3.6721961,3.690583,3.8437405,4.3358316,4.248716,4.369759,4.463249,3.810836,3.4334157,3.1661017,3.9962802
15,3.6899695,2.459671,3.6675644,3.704078,3.532254,4.0521936,4.09038,3.9259565,1.2035447,1.5041578,1.1758627,1.1331757,1.7061312,1.3260176,1.0583923,0.0,4.021674,3.9725966,3.9559758,3.9964066,4.0403214,4.154378,3.0963116,3.0963116,3.8948998,3.1278415,4.2771893,3.813108,4.1522884,4.1522884,3.978198,3.9041042,3.9484613,3.9377499,3.6175241,3.3670778,4.374021,4.286191,4.479179,4.327155,4.755901,4.3697677,3.813445,3.999941,3.8661606,4.387352,3.382935,4.0736127,4.3597383,4.5077376,4.2559414,3.7516468,4.11225,3.797049,4.3268967,3.891232,3.7923427,3.7781756,3.7984743,3.7560546,3.6598535,3.777676,3.7256284,3.4262495,3.78135,3.7175717,3.688934,3.6098588,3.8376894,3.5639343,3.3958347,3.9255297,3.3015678,3.823446,3.4372578,3.5274696,3.2373807,3.0693393,3.5771239,3.202732,4.117477,4.297885,3.5617676,3.7732008,3.9057152,3.809707,4.2803826,4.16953,4.0983047,4.0674133,4.0530305,4.083485,3.8601363,3.719701,4.1373887,3.732434,4.0363326,4.0569224,3.9312413,3.789345,4.146675,3.1941586,3.59925,4.22361,4.7732797,4.8091836,3.665899,3.9414747,3.9307947,3.5030437,3.8193123,3.7851741,4.248716,4.441893,3.6741292,3.713956,3.5784285,3.3632896,3.438347,3.6398873,4.118242,4.053121,4.151354,4.261362,3.5819764,3.129271,2.9161258,3.8062067
16,2.137044,3.8485372,2.3840063,2.3801448,3.4070373,2.2327454,3.981662,3.8648272,3.6166966,3.4570935,3.4833336,3.4621785,3.7940345,3.6372535,3.7821202,4.021674,0.0,1.3211212,0.43219304,0.33638382,1.2126433,1.973716,4.305862,4.305862,2.2831323,1.798303,1.386315,2.2674322,3.0751243,3.0751243,2.94908,2.92052,1.8867573,1.9357529,1.7776793,1.6805916,2.8355105,2.3979738,2.663253,2.3361893,2.9642527,2.5067883,2.2006285,2.256846,2.2425485,2.534751,3.3976653,2.3347514,3.4695995,3.6291785,3.7121258,3.3789759,2.5119379,2.9997733,2.4693143,1.9396626,2.771596,2.2155554,1.8696297,2.0863411,1.6061088,1.7270492,2.1873078,2.4843159,3.524817,3.4408133,3.2596927,3.3231523,3.7020051,3.830944,3.6086962,3.9126763,3.821203,3.7117257,3.9506698,4.3230314,3.6870003,3.4349642,3.383297,3.4552343,2.9955795,3.0486531,2.557943,2.6573443,2.9862304,2.8659403,4.6413307,3.3158839,3.0589902,3.131609,3.569678,3.9286876,2.9958365,2.910628,3.36925,2.7993598,4.535106,4.5191107,4.3637886,4.329232,4.4943056,4.1897397,4.842209,4.8567634,5.016509,5.193056,4.6579475,4.769166,4.5476913,4.404998,4.456695,4.418824,5.0915184,5.0532465,4.4385304,4.5396514,4.154091,3.9468992,4.215787,4.136691,4.392578,4.5217376,4.670691,4.7406287,4.1054325,4.6283727,4.678204,4.0911007
17,2.4137218,3.825492,2.1271515,2.0932553,3.3009555,1.9767097,3.9042802,3.7433035,3.493104,3.29,3.357182,3.3840132,3.6659353,3.5205503,3.685749,3.9725966,1.3211212,0.0,1.3510995,1.3357174,0.80339426,0.92480487,4.1950293,4.1950293,1.6361428,1.7082862,2.2555056,1.8691177,3.4422004,3.4422004,3.3074722,3.2803853,1.5263118,1.5805663,2.2115703,2.1587234,2.615613,2.1917472,2.3497972,1.9729693,2.7260065,2.2745183,1.9254974,1.9927276,2.0753126,2.3376427,3.265577,2.0093615,3.4113681,3.5950954,3.087373,2.9999387,2.3694491,2.9115748,2.8820374,2.362299,2.625442,2.054858,1.7874863,1.8870364,2.1359708,2.2316048,2.0447395,2.3497014,4.0339317,3.9382539,3.7551894,3.783588,4.2296896,4.331548,4.1434507,4.437503,4.334358,4.160186,4.1181946,4.788524,4.116189,3.853168,3.8773139,4.0010486,3.6519,3.6266968,3.1752236,3.3132622,3.604464,3.5221941,5.128583,3.9493277,3.6912239,3.7557945,4.186594,4.5001636,3.6374972,3.5482943,3.9778926,3.4436324,4.1302347,4.108982,3.9524388,3.912324,4.102093,3.757522,4.424571,4.3832126,4.621106,4.7863965,4.2290473,4.3229985,4.0782957,3.9271998,3.9860542,3.9034336,4.714311,4.7129946,3.850886,3.9423559,3.6139357,3.3278809,3.6927483,3.5601788,3.8971357,3.9983885,4.2161164,4.289898,3.5715036,4.0986576,4.2022347,3.574912
18,2.1216762,3.813263,2.3420687,2.3275523,3.485809,2.3147454,3.9491496,3.9277246,3.570182,3.3552315,3.4494975,3.4104033,3.7465436,3.5967898,3.7449281,3.9559758,0.43219304,1.3510995,0.0,0.21557915,1.1805215,1.9419963,4.1844783,4.1844783,2.3002524,1.8266785,1.4526458,2.2759273,3.1960576,3.1960576,3.0615118,3.0285308,1.7533946,1.7835842,1.5555857,1.4428605,2.742848,2.3237169,2.631908,2.2050462,2.734231,2.3311117,2.0129259,2.0768814,2.148468,2.453982,3.2978017,2.2230356,3.4116952,3.5521896,3.656893,3.2383664,2.3880386,2.9125993,2.341765,2.017919,2.6543674,2.2337532,1.8820931,2.1047337,1.5689628,1.6969366,2.2258003,2.4493585,3.5365734,3.4538543,3.275359,3.2467327,3.7495716,3.9129603,3.6174245,3.937709,3.8018887,3.5791664,3.957518,4.33357,3.6387322,3.3616683,3.3407454,3.4584033,3.1441293,3.178475,2.6162782,2.80464,3.1007195,2.9870327,4.7433233,3.4715521,3.176186,3.2366285,3.687835,4.0287485,3.092011,3.0095203,3.4684653,2.896357,4.533741,4.518262,4.3798156,4.32745,4.4910054,4.1823606,4.85305,4.865196,4.9685946,5.1214714,4.657421,4.7643948,4.5268583,4.4013314,4.4341,4.394922,5.021966,4.959601,4.4186773,4.4878078,4.1487265,3.913581,4.18847,4.1147227,4.386746,4.453995,4.6108503,4.678385,4.134803,4.575912,4.648037,4.0892696
19,2.1548512,3.8380377,2.3912334,2.3805745,3.4976308,2.2968345,3.9631038,3.9472303,3.5851567,3.3876412,3.4612358,3.4278626,3.7314985,3.5892718,3.7597837,3.9964066,0.33638382,1.3357174,0.21557915,0.0,1.235943,1.9824022,4.2441716,4.2441716,2.3216584,1.8544805,1.470297,2.2910733,3.1802952,3.1802952,3.0553439,3.0215125,1.8178544,1.8571942,1.64841,1.5218265,2.7852848,2.372668,2.6372538,2.2658608,2.81816,2.422558,2.118387,2.1774054,2.250603,2.5407636,3.3422742,2.3118396,3.4439142,3.5897813,3.6417618,3.2644491,2.431916,2.9551308,2.3665676,2.022284,2.79037,2.2507646,1.9071356,2.1250446,1.6314021,1.7504908,2.2295792,2.508688,3.5265799,3.4366844,3.2496045,3.2820678,3.7029803,3.842104,3.5991971,3.92743,3.8095036,3.5902772,3.9717267,4.3482857,3.6415806,3.3682232,3.3459318,3.4386594,3.1078458,3.1416714,2.638215,2.7755778,3.0867882,2.9623055,4.7299337,3.434671,3.1634827,3.2349305,3.696229,4.0426908,3.098916,3.0156887,3.4813037,2.9009304,4.559202,4.543404,4.405927,4.353241,4.5299554,4.21685,4.885982,4.8905106,4.989065,5.1447306,4.6934547,4.796813,4.552901,4.425352,4.4585266,4.420738,5.047298,4.984195,4.4210677,4.5139265,4.1701846,3.954897,4.2226562,4.1412077,4.416104,4.538873,4.6787443,4.7511334,4.1236954,4.602732,4.666358,4.1118045
20,2.5043716,3.9255652,2.226242,2.155665,3.2544363,2.0423796,3.808747,3.625452,3.6318347,3.420189,3.535466,3.5503104,3.8342092,3.7167742,3.8332372,4.0403214,1.2126433,0.80339426,1.1805215,1.235943,0.0,0.8574184,4.2034974,4.2034974,1.7078326,1.6869886,2.109207,2.1133535,3.4230204,3.4230204,3.2796729,3.267757,1.4498419,1.4642653,1.8851687,1.9884801,2.6832244,2.226314,2.3280175,1.7439417,2.4635375,2.0113163,1.7985786,1.828214,2.076718,2.3590424,3.341001,2.1080492,3.2468498,3.3991337,3.1955807,3.2333908,2.2144465,2.767445,2.5733318,2.2509558,2.3966682,2.019378,1.6804441,1.8844568,1.9488989,2.0440876,2.0888813,2.2130008,3.7756941,3.7338958,3.553732,3.490101,4.1419077,4.3625565,4.040749,4.27702,4.208872,3.8729222,3.9322548,4.53859,3.9419503,3.7714486,3.7385154,3.9304073,3.4308767,3.417185,2.9033873,3.1216803,3.3888273,3.300428,4.9483886,3.739032,3.4176164,3.480121,3.8644774,4.1845365,3.341549,3.2679276,3.6398926,3.132817,4.170503,4.151594,3.9761603,3.9595597,4.099617,3.8009577,4.392221,4.3419075,4.557286,4.730336,4.2672424,4.3915725,4.113931,3.9793131,4.0293436,3.9845157,4.715671,4.67445,3.995727,3.997201,3.6673613,3.4273808,3.7771776,3.6564465,3.9531386,3.92783,4.225702,4.2714744,3.6537437,4.2073064,4.2811785,3.603394
21,2.9125893,4.058173,2.3602357,2.2885122,3.3655934,2.25138,3.9093175,3.7174063,3.7347977,3.5153365,3.6386313,3.6807578,3.9121919,3.8207133,3.9412928,4.154378,1.973716,0.92480487,1.9419963,1.9824022,0.8574184,0.0,4.3014183,4.3014183,1.5534205,1.9296247,2.7794726,2.176246,3.7699244,3.7699244,3.6313624,3.619515,1.5570122,1.5703195,2.430631,2.516938,2.7307844,2.3123534,2.351342,1.7621989,2.5444748,2.14502,1.9115256,1.9401735,2.23147,2.477554,3.4056675,2.162379,3.3092914,3.4707155,2.8703878,3.2403872,2.326388,2.8358243,2.9781141,2.6710799,2.489019,2.1189654,1.8887147,1.9825954,2.4651868,2.5351388,2.199787,2.2926233,4.217469,4.1625404,3.985752,3.9137912,4.534858,4.7339654,4.4481907,4.667903,4.592723,4.277453,4.149819,4.909798,4.355037,4.1722794,4.1512823,4.355151,3.9436278,3.9154282,3.4583876,3.671488,3.893945,3.820104,5.311015,4.2229857,3.9176784,3.9695847,4.3206677,4.599061,3.8453698,3.7772856,4.1128693,3.67356,3.9318986,3.9097915,3.7298546,3.7146263,3.8526623,3.555821,4.1575003,4.10077,4.3207197,4.471983,4.0316916,4.144167,3.87457,3.7485902,3.7962215,3.723521,4.511095,4.4854875,3.7322083,3.7142093,3.3758094,3.1004891,3.4849002,3.3397355,3.7012353,3.658503,3.9843998,4.0279994,3.3624852,3.932802,4.0601506,3.3157744
22,4.1100063,3.593506,4.0244427,4.0089955,5.0447454,4.345768,5.360476,5.4674,2.7828577,2.5391808,2.790958,2.8434255,3.345404,3.065029,2.832585,3.0963116,4.305862,4.1950293,4.1844783,4.2441716,4.2034974,4.3014183,0.0,0.0,4.1072297,3.893324,4.3484626,4.1921797,5.315619,5.315619,5.0921264,5.0348964,4.525457,4.538591,4.423965,4.177902,4.993266,4.8054705,4.9323854,4.7168527,5.192048,4.855955,4.490226,4.657335,4.4475527,4.550911,3.3444002,4.05685,5.1374145,5.1786804,4.437596,4.817882,4.555508,4.783547,4.7879095,4.4073424,3.8821824,4.252605,4.1003876,4.194754,4.223242,4.293166,4.1059656,4.4293594,3.4818542,3.4670088,3.532225,3.258841,3.7595792,3.9373958,3.3901796,3.7214227,3.6148293,3.9123955,3.0124342,3.7686374,3.7189617,3.420899,3.0672634,3.4054496,4.59074,4.6392508,4.125746,4.3484125,4.3497787,4.3935847,5.1749697,4.2416587,4.217201,4.210832,4.620611,4.8567305,4.1245766,4.04487,4.3552694,4.0159836,4.650273,4.654428,4.744917,4.5368404,5.0015693,4.558887,4.8768477,4.751987,5.4642425,5.695412,4.991319,4.9569054,4.5468316,4.3658195,4.755709,4.3220196,5.1160283,5.2029667,4.7714515,4.6999288,4.7114444,4.602491,4.787497,4.7328234,4.2101364,4.21859,4.6168323,4.6383104,4.6342373,4.1435814,3.3566797,4.5943537
23,4.1100063,3.593506,4.0244427,4.0089955,5.0447454,4.345768,5.360476,5.4674,2.7828577,2.5391808,2.790958,2.8434255,3.345404,3.065029,2.832585,3.0963116,4.305862,4.1950293,4.1844783,4.2441716,4.2034974,4.3014183,0.0,0.0,4.1072297,3.893324,4.3484626,4.1921797,5.315619,5.315619,5.0921264,5.0348964,4.525457,4.538591,4.423965,4.177902,4.993266,4.8054705,4.9323854,4.7168527,5.192048,4.855955,4.490226,4.657335,4.4475527,4.550911,3.3444002,4.05685,5.1374145,5.1786804,4.437596,4.817882,4.555508,4.783547,4.7879095,4.4073424,3.8821824,4.252605,4.1003876,4.194754,4.223242,4.293166,4.1059656,4.4293594,3.4818542,3.4670088,3.532225,3.258841,3.7595792,3.9373958,3.3901796,3.7214227,3.6148293,3.9123955,3.0124342,3.7686374,3.7189617,3.420899,3.0672634,3.4054496,4.59074,4.6392508,4.125746,4.3484125,4.3497787,4.3935847,5.1749697,4.2416587,4.217201,4.210832,4.620611,4.8567305,4.1245766,4.04487,4.3552694,4.0159836,4.650273,4.654428,4.744917,4.5368404,5.0015693,4.558887,4.8768477,4.751987,5.4642425,5.695412,4.991319,4.9569054,4.5468316,4.3658195,4.755709,4.3220196,5.1160283,5.2029667,4.7714515,4.6999288,4.7114444,4.602491,4.787497,4.7328234,4.2101364,4.21859,4.6168323,4.6383104,4.6342373,4.1435814,3.3566797,4.5943537
24,2.2449534,3.1181571,1.5092485,1.580042,2.627542,2.1122496,3.1475694,3.2988856,3.6261952,3.1825764,3.3868577,3.4918263,3.849048,3.7278311,3.8372102,3.8948998,2.2831323,1.6361428,2.3002524,2.3216584,1.7078326,1.5534205,4.1072297,4.1072297,0.0,1.740086,2.380617,1.1966217,2.9267788,2.9267788,2.7377489,2.728461,1.9730157,2.021729,2.7574935,2.4267614,3.0598238,2.4756064,2.9167335,2.4966164,3.113087,2.7362301,2.2747605,2.4382396,2.4437432,2.2310207,3.4126105,2.3442466,2.4353962,2.7721455,2.5659375,2.9900095,2.202441,2.386391,2.9525537,2.4367118,2.4548957,2.0726745,1.7984792,1.9147809,2.2976687,2.3901348,1.92067,2.7412653,3.953704,3.8332872,3.753296,3.7237072,4.1540017,4.483412,4.0139956,4.320207,4.556072,4.4966326,3.8568254,4.8940287,4.460242,4.2894053,3.964381,4.3247585,3.5079138,3.4210021,3.0856364,3.2702692,3.4514644,3.4735572,4.8578115,3.8147473,3.5758445,3.6044068,3.693795,3.888089,3.5698993,3.480273,3.9051838,3.4358504,3.3078337,3.284669,3.24869,3.1774185,3.161237,3.2086174,3.8232245,3.3767111,3.8914025,4.315701,3.5606632,3.6202567,3.48589,3.409552,3.453414,3.2507465,4.069777,3.8186674,3.0028002,3.0622861,2.8481283,2.545923,3.1820536,2.884016,2.544063,2.6624458,2.9455378,3.0404043,2.8411953,3.4330733,3.3344412,2.6110032
25,1.7961144,2.8117414,1.6522061,1.680044,2.3038685,2.198927,2.9251056,2.844139,3.0620463,2.8271348,2.8121223,2.8631258,3.2990634,3.1135008,3.1331503,3.1278415,1.798303,1.7082862,1.8266785,1.8544805,1.6869886,1.9296247,3.893324,3.893324,1.740086,0.0,2.2549632,1.9252547,2.9027832,2.9027832,2.699423,2.6612582,1.8572996,1.9023314,1.9638629,1.7057356,2.4550755,2.4511914,2.6500874,2.2970936,2.9630606,2.5144234,2.0149798,2.2405334,2.1810017,2.4372199,3.229942,2.2277694,2.7320833,2.7586615,2.86975,2.9140978,2.1081467,1.9608836,2.4107146,1.6237789,2.0735686,1.5027683,1.4043108,1.3861223,1.4114237,1.5626283,1.4334713,1.8752035,3.3184714,3.217433,3.1096869,3.1093173,3.5161393,3.6269958,3.41382,3.6749008,3.65193,3.6405146,3.2821329,3.9527504,3.668329,3.4728563,3.2937531,3.4318058,2.9164755,2.9558196,2.3722208,2.5795255,2.9874594,2.7780027,3.7009978,3.1514392,2.8477557,2.8766644,3.2777038,3.401175,2.7466283,2.633223,3.036978,2.5864642,3.238067,3.2240484,3.0865624,3.0291302,3.5828784,2.935045,3.8043125,3.4313061,3.8978186,4.1727676,3.32755,3.45808,3.0634162,2.7930691,2.966176,2.9235702,3.7458913,3.9176507,3.2039154,3.2763913,2.8607624,2.680379,3.019671,2.948181,3.2935095,3.514208,3.6824694,3.797813,2.8069267,3.3694382,3.3618212,2.8425844
26,1.7266854,3.4990988,2.225239,2.2558956,3.418402,2.6700943,3.9854417,3.9969969,4.002071,3.6512837,3.7850177,3.7838898,4.2762303,4.0837746,4.159345,4.2771893,1.386315,2.2555056,1.4526458,1.470297,2.109207,2.7794726,4.3484626,4.3484626,2.380617,2.2549632,0.0,2.1090646,2.5104728,2.5104728,2.3825383,2.362044,2.5258062,2.5818267,2.2655737,1.8668375,3.4543302,2.8260949,3.3370402,3.0401013,3.5558178,3.089867,2.770992,2.891723,2.5592885,2.41834,3.5594769,2.5699754,3.1548202,3.3975284,4.050201,3.6842482,2.8050253,3.07608,2.6210945,1.9264239,2.8347683,2.5806537,2.15144,2.4377406,1.602215,1.7104115,2.3828907,3.1615133,3.422786,3.2716248,3.17936,3.1718524,3.615766,3.990241,3.4380748,3.731219,4.0353284,4.0980325,4.1235647,4.6315227,4.1701217,3.8643324,3.3955245,3.7323127,2.8908846,2.856745,2.4704676,2.5741606,2.8827615,2.8917973,4.6297703,3.2762046,3.0368898,3.0728798,3.2505643,3.5822134,3.0361023,2.953801,3.3482714,2.8852723,4.5743103,4.559261,4.492865,4.4458966,4.392852,4.4724107,5.127416,4.905276,5.1699243,5.4942107,4.7868404,4.8085246,4.735473,4.7018704,4.7257648,4.5623116,5.2572427,5.084659,4.524116,4.634088,4.3497777,4.084135,4.469314,4.2969365,4.121044,4.212666,4.3707156,4.433667,4.349666,4.7511926,4.7131314,4.127945
27,1.5452489,2.792715,0.95519453,1.1186876,2.5029144,2.0541685,3.11214,3.3020785,3.591487,3.0472014,3.3030849,3.4158428,3.8008902,3.6475637,3.7642026,3.813108,2.2674322,1.8691177,2.2759273,2.2910733,2.1133535,2.176246,4.1921797,4.1921797,1.1966217,1.9252547,2.1090646,0.0,2.7137783,2.7137783,2.5405612,2.518123,2.35861,2.4102447,2.7418444,2.2432106,3.2440603,2.6753979,3.369191,3.0644908,3.4999588,3.1198475,2.6035876,2.8027573,2.6054578,2.3089154,3.5873265,2.5240288,2.619736,2.9409602,3.1367824,2.3965101,2.5246844,2.5636551,3.0327597,2.3771186,2.665741,2.3341954,2.056818,2.144144,2.1677802,2.276466,2.1747792,3.0583565,4.203217,3.9846568,3.8596342,3.8220987,4.2731085,4.5532136,4.069057,4.447984,4.6955113,4.7421308,4.2018337,5.1343985,4.584015,4.348746,4.061684,4.42876,3.5405414,3.3544238,3.0152678,3.1986685,3.5015273,3.5358756,4.902791,3.939412,3.7082326,3.7349944,3.8606627,4.0614243,3.722313,3.6012928,4.0184364,3.509767,3.7781947,3.7593334,3.7496383,3.674789,3.6841588,3.7041752,4.242061,3.6367993,4.305819,4.7269716,3.7948196,3.7469997,3.7688236,3.7336805,3.7610736,3.5201786,4.3218784,4.1542115,3.0995686,3.1994233,3.164432,2.8601441,3.4178972,3.127333,2.937462,3.0748436,3.2551332,3.3754025,3.36775,3.6005504,3.6794512,3.024835
28,2.686697,3.287529,2.969327,2.990006,2.734207,3.5329287,3.3120728,3.1585858,4.0478415,4.0444293,3.7748628,3.8224277,4.4878983,4.1740837,4.2247553,4.1522884,3.0751243,3.4422004,3.1960576,3.1802952,3.4230204,3.7699244,5.315619,5.315619,2.9267788,2.9027832,2.5104728,2.7137783,0.0,5.9604645e-08,0.44705236,0.483433,3.1809633,3.253254,3.0527442,2.7001753,4.2850943,3.5831344,3.5447047,3.602129,4.001567,3.5918748,3.2976248,3.4428797,3.29344,3.3894837,4.2477427,3.3745453,2.6919837,3.3949287,4.276507,3.8387866,3.4771056,3.0115168,3.4930222,2.642932,3.6560738,3.4120853,3.0311844,3.3242157,2.7612138,2.8653197,2.9457905,3.5694795,4.0595536,3.9008715,3.9263775,4.1721654,4.4642267,4.504578,4.245171,4.500153,4.765268,4.7401276,5.0302424,5.361705,5.0121117,4.7485685,4.672701,4.502092,3.7056289,3.701227,3.421302,3.3296738,3.53343,3.627564,4.8464255,4.134366,4.188209,4.2162285,3.6463695,3.6638606,4.126656,4.0010123,4.295124,3.929948,4.592516,4.587457,4.4462156,4.3984737,3.9301455,4.1620207,4.4699965,4.8682084,5.131336,5.340731,4.418592,4.6275935,4.880446,4.7302322,4.825569,4.6584134,5.2324395,4.853869,3.9085097,4.2799177,4.0595827,3.6827269,4.1527877,4.0347457,3.8536484,3.8659852,4.0425677,4.1858983,4.043758,4.5595226,4.5649714,3.985684
29,2.686697,3.287529,2.969327,2.990006,2.734207,3.5329287,3.3120728,3.1585858,4.0478415,4.0444293,3.7748628,3.8224277,4.4878983,4.1740837,4.2247553,4.1522884,3.0751243,3.4422004,3.1960576,3.1802952,3.4230204,3.7699244,5.315619,5.315619,2.9267788,2.9027832,2.5104728,2.7137783,5.9604645e-08,0.0,0.44705236,0.483433,3.1809633,3.253254,3.0527442,2.7001753,4.2850943,3.5831344,3.5447047,3.602129,4.001567,3.5918748,3.2976248,3.4428797,3.29344,3.3894837,4.2477427,3.3745453,2.6919837,3.3949287,4.276507,3.8387866,3.4771056,3.0115168,3.4930222,2.642932,3.6560738,3.4120853,3.0311844,3.3242157,2.7612138,2.8653197,2.9457905,3.5694795,4.0595536,3.9008715,3.9263775,4.1721654,4.4642267,4.504578,4.245171,4.500153,4.765268,4.7401276,5.0302424,5.361705,5.0121117,4.7485685,4.672701,4.502092,3.7056289,3.701227,3.421302,3.3296738,3.53343,3.627564,4.8464255,4.134366,4.188209,4.2162285,3.6463695,3.6638606,4.126656,4.0010123,4.295124,3.929948,4.592516,4.587457,4.4462156,4.3984737,3.9301455,4.1620207,4.4699965,4.8682084,5.131336,5.340731,4.418592,4.6275935,4.880446,4.7302322,4.825569,4.6584134,5.2324395,4.853869,3.9085097,4.2799177,4.0595827,3.6827269,4.1527877,4.0347457,3.8536484,3.8659852,4.0425677,4.1858983,4.043758,4.5595226,4.5649714,3.985684
30,2.5040162,3.1340375,2.77171,2.8047318,2.5420225,3.3328032,3.1396272,2.9722006,3.897028,3.8754592,3.5899317,3.652542,4.3797293,4.0443325,4.081679,3.978198,2.94908,3.3074722,3.0615118,3.0553439,3.2796729,3.6313624,5.0921264,5.0921264,2.7377489,2.699423,2.3825383,2.5405612,0.44705236,0.44705236,0.0,0.14998671,3.0613093,3.1305294,2.933256,2.5723677,4.1674585,3.5138197,3.473938,3.5010107,3.8935156,3.468072,3.1549125,3.3137417,3.1533127,3.2413924,4.1556463,3.2610493,2.5917323,3.2700112,4.125947,3.7439234,3.243617,2.8620372,3.3816402,2.477871,3.3924375,3.2113888,2.8301365,3.128194,2.577454,2.689123,2.7514126,3.39931,3.9315956,3.7595906,3.7975976,4.0102353,4.3655357,4.4040203,4.1337905,4.464207,4.628838,4.606763,4.7909117,5.1595407,4.765548,4.5328097,4.5103326,4.3541985,3.513895,3.5070012,3.1556485,3.1150904,3.272186,3.4012136,4.641041,3.910408,3.9612484,3.9856775,3.4408739,3.4453888,3.8813255,3.7445536,4.1465335,3.6699295,4.43963,4.434091,4.3046165,4.247668,3.8706088,4.0223722,4.3183756,4.6446104,4.979545,5.246698,4.3794065,4.571462,4.7223887,4.538826,4.668156,4.502731,5.159882,4.802219,3.7830684,4.136626,3.881922,3.5676672,4.035235,3.90919,3.678185,3.6845534,3.8921728,4.0457063,3.9203653,4.397539,4.392441,3.831276
31,2.4670885,3.0665696,2.7459059,2.778679,2.5683148,3.3545744,3.1577976,2.989987,3.8317828,3.8084836,3.5182045,3.5765646,4.298838,3.9696894,4.0179014,3.9041042,2.92052,3.2803853,3.0285308,3.0215125,3.267757,3.619515,5.0348964,5.0348964,2.728461,2.6612582,2.362044,2.518123,0.483433,0.483433,0.14998671,0.0,3.0569792,3.1258688,2.9007049,2.5259402,4.1586833,3.5145378,3.4788947,3.4959555,3.900284,3.4699638,3.1488454,3.313901,3.143089,3.2463675,4.112747,3.2308133,2.5887048,3.2618659,4.1114025,3.707973,3.2164447,2.8282444,3.361242,2.456526,3.382819,3.1673665,2.799255,3.0837886,2.5354269,2.6475952,2.7190485,3.3557377,3.8929772,3.7178612,3.75,3.9548705,4.309257,4.3453918,4.0743594,4.417841,4.5704737,4.556859,4.7602386,5.120805,4.716926,4.4642987,4.4588084,4.2995234,3.5238361,3.522422,3.1381679,3.1157339,3.2672834,3.4019423,4.6252503,3.9021134,3.9502707,3.9717631,3.4331658,3.435988,3.8650608,3.7266603,4.1408076,3.6604269,4.4023566,4.3971577,4.2689986,4.203969,3.8399813,3.9831233,4.279673,4.6387405,4.9652796,5.2235417,4.360393,4.551055,4.6904964,4.5054235,4.6456623,4.4670258,5.1382985,4.7837954,3.7676911,4.111466,3.856272,3.5277941,3.992937,3.8768046,3.6482897,3.694468,3.8932273,4.0495024,3.8736906,4.3437057,4.3415403,3.8108082
