,0,1,2,3,4,5,6,7,8,9,10,11,12,13,14,15,16,17,18,19,20,21,22,23,24,25,26,27,28,29,30,31,32,33,34,35,36,37,38,39,40,41,42,43,44,45,46,47,48,49,50,51,52,53,54,55,56,57,58,59,60,61,62,63,64,65,66,67,68,69,70,71,72,73,74,75,76,77,78,79,80,81,82,83,84,85,86,87,88,89,90,91,92,93,94,95,96,97,98,99,100,101,102,103,104,105,106,107,108,109,110,111,112,113,114,115,116,117,118,119,120,121,122,123,124,125,126,127
0,0.0,4.850486,4.3669963,3.9521909,3.6659963,3.6621387,3.9963138,4.058083,3.7267342,3.6590178,3.2157102,3.6659951,3.7570448,3.9722033,4.147983,4.7910614,4.163929,3.986728,4.443089,4.477014,3.6929119,3.7939095,3.8481367,3.8418932,4.4660034,4.458141,4.8383217,4.812496,4.614991,4.7100897,4.357634,4.3665905,5.4241676,6.408159,4.566553,4.0392294,3.8013444,3.8970368,3.9045777,4.289151,4.953661,5.004686,4.254488,3.9359055,4.6479897,3.555723,3.9719794,3.9565794,5.280894,3.7329702,4.2823043,3.9619157,5.0376663,4.685567,4.1939445,4.503239,4.9883075,4.050609,4.572414,4.759519,4.923785,5.013034,5.9521074,5.9601383,4.2383146,4.167734,4.2332506,4.134716,2.9161668,3.517086,4.030759,4.0176992,4.9477315,4.91295,5.2036347,5.5954127,4.918442,4.7440815,5.1453977,4.5972157,3.2223084,3.2550983,3.3558803,3.1935697,3.256501,4.229037,4.1384373,4.3376365,4.0606537,3.9514096,4.2276816,4.181674,3.1314287,3.2014174,4.6971874,4.663628,5.620449,4.9019194,4.158595,4.138155,4.7042565,4.652702,4.418883,4.915535,3.6752439,3.6838694,4.288582,4.2077093,4.5715837,5.0496616,3.5982459,4.3777223,3.276262,3.115035,4.662712,3.7198591,3.3606937,3.220991,3.4607093,4.703832,5.04579,4.369773,4.660009,4.141719,4.0516763,5.4238315,4.1086535,3.9737349
1,4.850486,0.0,4.0194235,5.020797,4.9395714,4.926285,5.275796,5.29764,4.561867,4.566339,4.3430157,4.5829678,4.820819,4.793672,4.8442316,5.0511093,5.0719957,5.2538714,5.396693,5.437761,5.045977,4.9758873,5.1151447,4.78333,6.0914793,6.0774765,5.045973,5.055501,5.9044037,6.4361286,5.762161,6.000409,4.1147857,4.434614,5.5899887,5.2810245,3.9091315,4.439028,4.0366263,4.314068,5.618233,4.799877,5.076096,4.937816,5.368786,4.7869205,4.816328,4.83741,6.176155,4.8691034,5.114439,5.5809774,5.880312,6.0776105,5.438086,4.690624,4.9774218,5.025275,5.5935206,5.7783656,4.971767,5.7626796,5.5289783,6.2963233,3.5131187,3.6083777,3.523222,3.665125,4.934378,3.8947587,3.7541766,3.7925723,4.372048,4.3951645,4.3869324,4.8361645,4.7558975,4.16604,5.4152613,4.126925,3.675608,3.6811278,3.9570494,3.8240724,3.678503,5.6146226,4.365615,4.437428,4.3625426,4.32251,4.526524,4.5887914,3.653274,3.8709536,5.0419617,4.986001,5.6712947,5.239683,4.8764186,4.6391273,4.782025,4.8722553,4.3092394,5.2435317,3.5913663,3.5747194,4.4013944,4.3966928,4.562606,5.012133,4.6160274,4.4892187,3.3192632,3.3894718,3.9653041,3.755781,3.6966853,3.6728208,3.8219438,3.5645862,5.864687,4.5820312,4.9684014,4.2765427,4.633079,2.3813167,4.760222,4.537108
2,4.3669963,4.0194235,0.0,4.79345,4.2912726,4.275574,4.7534113,4.8552585,4.4105062,4.438785,3.9648046,4.298599,4.546982,4.4939537,4.5233417,5.099419,4.563576,4.512818,5.0465117,5.058251,4.575645,4.59753,4.6461096,4.4337544,5.045364,4.9285164,4.094091,4.093266,4.882541,5.2297883,4.8207073,4.336773,4.4018636,4.578959,5.1396055,4.765827,2.9499402,3.5597935,3.0094228,3.4630446,5.1305704,4.543485,4.725818,4.510182,5.262484,4.257534,4.375917,4.4011836,6.005568,4.6548758,4.656162,5.4334044,5.7718215,6.0411906,5.3514457,5.47435,4.702874,4.6940603,5.1833043,5.5563827,4.730523,5.544992,5.3521037,6.0119305,2.9257705,2.9885352,2.815509,2.9788697,5.1163898,4.4047146,4.150425,4.177457,4.768797,4.764652,4.9454923,5.3238597,4.588031,4.5443797,4.9793262,4.6249695,3.3508904,3.3425128,3.4661577,3.3555942,3.172735,3.9520605,4.146064,4.18516,4.2842937,4.25496,4.4296966,4.523636,3.3393438,3.3584557,4.9633465,4.917902,4.856013,4.9373064,3.543386,4.3380895,4.6247606,4.2528777,4.0689635,4.398729,3.544154,3.5092983,4.0858593,3.8040597,4.222348,4.6785383,4.5252395,3.8919907,3.3796642,3.3685105,3.9002268,3.7790885,3.6511889,3.6332045,3.9380622,4.018957,4.5594587,3.8465877,4.274302,3.705931,4.354646,4.7826576,4.0782437,4.3067245
3,3.9521909,5.020797,4.79345,0.0,4.0766993,4.0703554,2.850142,2.893993,3.9849672,3.8949022,3.468149,3.8721025,3.9873343,4.1036143,4.6010447,4.5352015,4.9330993,4.6121464,5.1601996,5.162972,4.7140946,4.628859,4.6828394,4.6902666,5.2896237,5.3463116,5.417835,5.4314322,5.4715724,5.897584,5.236832,5.2034855,5.601446,5.71057,4.8647475,4.4627757,4.1978354,4.5090413,4.169188,4.471329,4.8282375,5.0600605,4.3621836,4.1145372,4.753081,3.860866,3.9537475,3.9544568,5.4717317,4.122782,5.283016,4.9938855,5.2850323,5.5064526,4.9014482,4.971393,5.2798657,4.50684,4.8079405,3.8023996,5.0783114,5.1995387,5.1176457,5.1709185,4.505425,4.4469304,4.4828763,4.4634843,3.8702807,4.361624,4.2830443,4.28305,4.0911307,4.0947237,4.214889,4.6463704,4.1175637,3.806736,3.754887,3.6612194,3.6599257,3.6580627,3.893939,3.799036,3.7366302,4.6857896,4.521147,4.480363,4.600429,4.6135693,4.9357967,4.894639,3.80298,3.9576414,5.171182,5.1468077,5.915117,5.442654,4.8169503,4.7721906,5.093938,5.1577606,4.6647534,5.542939,4.124199,4.198492,4.4371705,4.4651637,4.8113613,5.215765,4.851497,4.9375906,3.605247,3.5797608,4.182111,4.0377913,3.5993717,3.664824,3.8094473,4.9643764,4.056668,4.612566,4.756228,4.342087,4.644453,5.6067743,4.7393746,4.2196503
4,3.6659963,4.9395714,4.2912726,4.0766993,0.0,0.04526259,1.8830427,1.9845616,2.3657181,2.1098635,3.4434419,4.0701165,2.0253313,2.329211,2.2275476,3.364517,4.038886,3.871448,4.1998544,4.2133465,3.6529763,3.6566765,3.89996,3.7619672,4.6466594,4.6912794,4.903904,4.9266853,4.6220326,4.959559,4.601473,4.421649,4.2686806,4.76737,2.9959898,2.1540701,4.383208,4.293269,4.496603,4.7484593,3.5375593,3.6692097,2.8037329,4.398777,3.0156994,3.880076,4.092124,4.1523304,5.557537,4.0657396,5.240094,4.951352,5.3176684,5.5400567,4.7212763,4.8696027,3.9393957,4.5883646,3.7058022,4.156592,3.9740384,4.119567,4.5063996,4.4265847,4.602391,4.531799,4.5904236,4.467391,3.9786284,4.5432687,4.3854947,4.3943114,4.9382606,4.9076433,5.18942,5.61051,4.920119,4.662321,5.1885815,4.6631436,3.9034681,3.8677683,3.881657,3.751361,3.811213,4.793211,4.8535676,4.86218,4.598455,4.592836,4.856131,4.8733835,3.8336465,3.925044,5.313124,5.323989,5.4213457,5.41069,4.609398,4.678361,5.2838817,5.214576,4.939499,5.3859553,4.277669,4.29483,4.7624273,4.729519,5.003868,5.422051,4.958109,4.733724,3.9111829,3.8484943,4.4394307,4.1862073,3.7546988,3.6713822,3.9672623,5.1080203,5.6489124,4.9842377,5.3633957,4.6390615,4.494048,5.8363028,4.5201697,4.5425005
5,3.6621387,4.926285,4.275574,4.0703554,0.04526259,0.0,1.8784952,1.9793562,2.3730698,2.1218314,3.4456193,4.0748324,2.029425,2.3311448,2.234064,3.362237,4.043769,3.8753278,4.201974,4.2142467,3.657346,3.6605134,3.903425,3.7653763,4.6476717,4.694729,4.8985243,4.921392,4.611744,4.956065,4.596233,4.416342,4.259688,4.757454,2.9806688,2.1633925,4.377481,4.2885475,4.489704,4.7421837,3.5286062,3.6683815,2.8026369,4.397903,3.0178905,3.8779871,4.092118,4.1506124,5.5495024,4.066388,5.226966,4.9502587,5.321849,5.538961,4.7147613,4.8645287,3.9345279,4.5883627,3.7118676,4.16086,3.96787,4.126705,4.5032225,4.4299808,4.590666,4.5286155,4.579349,4.457353,3.9781845,4.5360317,4.3776674,4.3869915,4.9287987,4.8985853,5.1789637,5.592245,4.916012,4.659065,5.1844873,4.660135,3.899887,3.8635051,3.8764122,3.7480643,3.805554,4.7874684,4.8375206,4.8450785,4.601436,4.5956154,4.8588924,4.876768,3.8323193,3.9240599,5.31958,5.3293266,5.4200945,5.4074035,4.609578,4.6803594,5.2849364,5.215542,4.9389324,5.3846455,4.2726426,4.283968,4.7624726,4.7225294,5.000813,5.417516,4.9532137,4.727196,3.9031463,3.8404725,4.4324493,4.1772904,3.748297,3.666665,3.961591,5.0935893,5.6463647,4.9837093,5.3611846,4.6363997,4.4912667,5.8301735,4.5139885,4.5364723
6,3.9963138,5.275796,4.7534113,2.850142,1.8830427,1.8784952,0.0,0.22874011,2.8406541,2.650825,3.7131355,4.2801967,2.608426,2.8505504,3.1744404,3.7916143,4.734122,4.496436,4.9036136,4.91417,4.4657006,4.387257,4.604527,4.518698,5.2352824,5.3029323,5.467522,5.498094,5.1976104,5.421019,5.191296,5.0935774,4.687487,5.0159388,3.3727782,2.757586,4.73892,4.671663,4.7719135,4.9785843,3.622166,3.9822605,3.0627017,4.47751,3.4067101,4.0791993,4.3286686,4.385886,5.66509,4.3460636,5.5114183,5.209029,5.474203,5.721542,4.969262,5.1042385,4.2805634,4.799682,3.9923408,3.5056775,4.207201,4.3142314,4.3293886,4.226922,4.8903317,4.850443,4.8879266,4.8068876,4.137821,4.7235284,4.602197,4.5999346,4.6842256,4.6524544,4.965231,5.338629,4.7155466,4.4534187,4.6457267,4.4494534,4.2152095,4.1953206,4.2016063,4.1045427,4.191229,5.0953517,5.0243,4.977724,5.0449414,5.0659523,5.3170104,5.2976556,4.2042317,4.33513,5.5370674,5.548052,5.8351293,5.6072364,4.9846005,4.972276,5.6090016,5.5910797,5.153631,5.802336,4.6377864,4.6295743,4.9205017,4.9547315,5.2201915,5.5965924,5.276223,5.184132,4.178641,4.171745,4.629015,4.460403,4.0216084,3.998626,4.2675033,5.3568907,5.1973524,5.219905,5.4031014,4.8769917,4.778032,6.0370502,4.8250794,4.5652466
7,4.058083,5.29764,4.8552585,2.893993,1.9845616,1.9793562,0.22874011,0.0,2.9401996,2.750028,3.8283062,4.3969765,2.7045393,2.9241984,3.2624123,3.873684,4.832406,4.603123,5.001349,5.0049524,4.5762787,4.484486,4.7101016,4.623946,5.331105,5.413938,5.5392523,5.571271,5.2700357,5.475007,5.2710466,5.2114573,4.679119,5.027974,3.4409945,2.8135004,4.834722,4.762121,4.865828,5.0543776,3.6852562,4.0329146,3.124614,4.5749187,3.4428914,4.161869,4.418262,4.4772024,5.756777,4.4301577,5.5525904,5.257428,5.5400834,5.779093,5.027382,5.1578555,4.301003,4.8583694,4.038357,3.506173,4.2229805,4.394937,4.3033276,4.267127,4.9669375,4.9299884,4.9715548,4.881069,4.208068,4.7568455,4.6571994,4.654683,4.6957374,4.6628666,4.9847403,5.36147,4.7355084,4.46889,4.6437597,4.474973,4.308226,4.286484,4.2726593,4.1959105,4.2875223,5.1851163,5.113706,5.064493,5.120034,5.1436834,5.3855796,5.365578,4.2900867,4.4268,5.610655,5.6201057,5.8941855,5.639054,5.0987525,5.0500393,5.68198,5.6758285,5.227969,5.8842707,4.7078886,4.699715,4.993756,5.0451126,5.29739,5.646151,5.340604,5.2761135,4.243321,4.2404714,4.6963973,4.4977846,4.0881233,4.068065,4.321782,5.38165,5.261848,5.3140965,5.4955244,4.958474,4.840015,6.0458527,4.904079,4.620553
8,3.7267342,4.561867,4.4105062,3.9849672,2.3657181,2.3730698,2.8406541,2.9401996,0.0,0.81015617,2.4500895,3.0800374,1.2030634,1.3482846,1.545581,2.2989192,3.1322625,3.2530997,4.0617666,4.1731753,2.9979494,2.9335592,3.2244072,2.920612,3.9070475,3.7241735,4.290282,4.3251796,4.69638,5.3320966,4.600104,4.4670396,3.7347267,4.4629116,2.966721,2.0155163,3.5583022,3.6360164,3.6839876,3.6588254,2.8022354,2.7963607,2.3816843,3.444783,2.2788336,2.973721,3.3057897,3.4311,4.778996,3.842754,4.7929153,4.5520773,4.5881658,4.7794585,4.3195453,4.3677297,2.838281,3.701584,2.7922506,3.2793036,3.4963443,3.1551414,3.7572517,3.7625868,3.5154772,3.4106994,3.6247914,3.6266873,2.8978667,3.3115811,3.214203,3.208408,3.944597,3.9158766,4.0824766,4.5826187,4.2208962,3.7287323,4.488947,3.603184,3.1994479,3.2151737,3.2961652,3.0832546,3.2164009,4.525682,3.9275649,3.9858506,3.826078,3.8494043,3.7459915,3.7511513,2.910562,2.9963145,3.7496562,3.7851112,4.309569,4.2713094,3.3878314,3.2729633,4.2468023,3.913586,3.5482724,4.053238,3.5069292,3.510849,3.5086389,3.565267,3.4372783,4.022473,3.6675391,3.6276302,3.2644098,3.3765857,3.8284693,3.4834158,3.2758167,3.2457507,3.5809119,4.6075244,4.6097336,3.7094703,4.1755056,3.5475562,3.3352568,4.675645,3.405976,3.2834072
9,3.6590178,4.566339,4.438785,3.8949022,2.1098635,2.1218314,2.650825,2.750028,0.81015617,0.0,2.3646057,3.0556095,0.8436311,1.1510197,1.3190415,2.1910644,3.314405,3.1930907,3.64746,3.7701688,2.971811,2.9230022,3.199147,2.8773847,4.0636334,3.8734992,4.2775345,4.310817,4.5989227,5.1855516,4.4338427,4.3113704,3.8801901,4.576388,3.288559,2.1719089,3.7322037,3.3975482,3.8701518,3.833881,3.0648339,2.9526103,2.350824,3.602493,2.4201381,3.1201792,3.428485,3.5640612,4.667579,3.4048836,4.5855136,4.2111406,4.291883,4.5628896,4.040909,4.110779,3.0553298,3.8196774,2.92477,3.3701954,3.599338,3.2856672,3.8854117,3.8624582,3.7706983,3.5978806,3.8736,3.7260556,3.0601828,3.5564048,3.4551911,3.4519942,4.1731772,4.1445684,4.297921,4.873833,4.292395,3.8689206,4.582431,3.7718766,3.2196693,3.2198865,3.3287566,3.1190884,3.229617,4.5265117,4.3777313,4.4390364,3.8057756,3.8372,3.948089,3.937939,2.8823423,2.9670808,3.8150692,3.8586588,4.5128326,4.3526497,3.4543886,3.3703558,4.483168,4.174349,3.8619204,4.338737,3.364727,3.4352338,3.5439606,3.7014987,3.763401,4.309067,3.793067,3.7534814,3.2459788,3.3546913,3.793429,3.4663265,3.0418735,2.990402,3.3477314,4.521663,4.8059688,3.973797,4.3889785,3.5928996,3.2367063,4.863878,3.3780007,3.3512723
10,3.2157102,4.3430157,3.9648046,3.468149,3.4434419,3.4456193,3.7131355,3.8283062,2.4500895,2.3646057,0.0,1.5362512,2.4986608,2.6239104,2.7696896,3.3755126,2.2610247,1.9598045,2.679985,2.868037,1.9326228,1.9140519,2.0416944,1.846279,2.9461834,2.6445532,3.2851064,3.2991226,3.9952812,4.425452,3.6210039,3.551033,4.762157,5.1050363,4.0477285,3.2208514,2.5361595,2.1157727,2.7014356,2.6502,3.6980407,3.61955,3.2905376,2.2226546,3.3813457,1.9356253,2.0274858,2.1276784,3.544697,2.091615,3.8703198,3.4476335,3.442724,3.6947227,3.2513843,3.4293952,3.7950346,2.859242,3.4324815,3.8959908,4.394635,4.0497622,4.58634,4.567865,2.8299468,2.6203005,2.97385,2.8925154,2.0025728,2.7227361,2.4700122,2.4666033,3.4136934,3.3817365,3.556853,4.1763926,3.2597234,3.05644,3.8175845,2.7908108,1.8090934,1.8623422,2.2315493,1.8971641,1.896672,3.3621652,3.3507497,3.4341416,3.0450802,3.0438,3.22196,3.2498546,1.3603803,1.4127252,2.5979857,2.618281,3.5733953,3.5452192,2.2220628,1.9900875,3.641951,3.2336626,2.7192178,3.2007542,2.0178761,2.1324294,2.3823876,2.3556244,2.5395403,3.3322935,2.6910625,2.4974513,2.112771,2.2396324,2.74296,2.5270002,1.9122068,1.9458447,2.2550333,3.8138928,3.781707,2.7417378,3.1931853,2.3773768,1.9892447,4.363662,2.1301308,2.0856872
11,3.6659951,4.5829678,4.298599,3.8721025,4.0701165,4.0748324,4.2801967,4.3969765,3.0800374,3.0556095,1.5362512,0.0,3.1413836,3.2050688,3.3409717,3.9280138,2.4878902,2.2937255,2.9301882,3.0493138,2.242668,2.3782082,2.2519414,2.2731528,3.2038538,3.2935586,3.4324632,3.4121306,5.0339293,5.3452415,4.727425,4.6760087,4.867253,5.2898602,4.156738,3.4692643,2.4025378,2.3175008,2.5584712,2.877447,3.8905358,3.7819343,3.6637998,2.3216755,3.6030817,2.079926,2.169632,2.237937,3.2088017,2.3947523,4.6097007,4.2873793,4.0025325,4.204258,4.0471497,4.1437006,4.7370687,3.7941594,4.396683,4.7472854,5.3376045,4.922718,5.3153257,5.350312,3.0148504,2.8024948,2.9934611,3.1174903,2.3753088,2.9126282,2.6970146,2.67552,3.8660202,3.8218215,4.0004573,4.5527716,3.420501,3.1618679,3.930469,2.7858667,2.0250275,2.078542,2.2187512,1.9083269,2.203805,3.5185149,3.4814298,3.556904,3.3034842,3.2594047,3.6268313,3.6332643,2.0012739,2.0499218,2.4032116,2.4052372,3.446032,4.107371,2.1549506,1.9383311,3.304021,3.1925719,2.4149425,3.076943,2.3965359,2.5338588,2.2555242,2.0366704,2.4466753,3.2170882,2.4473968,2.6553159,2.4932523,2.560898,3.382143,3.1178153,2.6553416,2.5411792,2.9163284,4.171968,3.5138865,2.3482802,2.7878816,2.1071603,2.2313037,4.430756,2.228923,2.1050591
12,3.7570448,4.820819,4.546982,3.9873343,2.0253313,2.029425,2.608426,2.7045393,1.2030634,0.8436311,2.4986608,3.1413836,0.0,1.083191,1.3093365,2.1050963,3.4135058,3.2283535,3.6166496,3.7433784,2.9721198,2.9977782,3.2358046,3.013878,3.9964075,3.8584552,4.340444,4.3713455,4.703396,5.2363625,4.5453854,4.4261856,3.990653,4.6972027,3.2032568,2.1515248,3.8929803,3.4404619,4.025801,3.9466174,2.7488413,2.8179762,2.0772789,3.5040302,2.1059618,3.0820844,3.4449348,3.5796156,4.5970974,3.4302523,4.7643857,4.384315,4.570618,4.751966,4.183573,4.392558,3.386722,4.1816397,3.3203282,3.7760687,3.8774352,3.5847256,4.0604186,3.8976305,3.9601865,3.8770392,4.0807447,4.005354,3.1154234,3.7115765,3.634068,3.6377392,4.362399,4.333345,4.4612627,4.968359,4.2852383,3.9755552,4.64107,3.9138186,3.4333613,3.4057627,3.5127032,3.3189406,3.3719623,4.4985557,4.4863224,4.5098,4.1941867,4.2255588,4.3481455,4.3530517,3.1061199,3.165154,4.079758,4.111443,4.507117,4.6691656,3.6071246,3.5206997,4.8264647,4.5176473,4.080195,4.447857,3.5595212,3.589348,3.7978642,3.813419,3.941094,4.4659643,3.9040082,3.9401398,3.354604,3.4664247,3.8939857,3.5640738,3.1743062,3.1797342,3.4946024,4.6821957,4.9283013,4.165244,4.4637775,3.7933166,3.312975,5.158629,3.4064786,3.4299407
13,3.9722033,4.793672,4.4939537,4.1036143,2.329211,2.3311448,2.8505504,2.9241984,1.3482846,1.1510197,2.6239104,3.2050688,1.083191,0.0,0.7572942,1.6285274,3.2270327,3.0773048,3.700913,3.664239,3.0375187,2.8214965,3.0900114,2.8200417,3.8911848,3.9353397,4.1278486,4.1652317,4.7856545,5.4140334,4.6286016,4.428276,3.682147,4.470611,2.9701862,1.9333341,3.6549635,3.4757454,3.7504146,3.6670017,2.6258826,2.9497182,2.0533876,3.6682327,1.950457,2.9128745,3.3166533,3.4293437,4.567844,3.6113617,4.5016193,4.3912506,4.4361567,4.6581364,4.13941,4.3260903,3.16092,3.8756056,2.935413,3.4433875,3.607046,3.9260213,3.6701803,4.228003,3.7595704,3.7154365,3.8799434,3.779,3.1828182,3.6345184,3.547305,3.550126,4.194005,4.1673126,4.23653,4.746036,4.373664,3.8902307,4.4729447,3.7050061,3.413858,3.380312,3.1734154,3.2802718,3.3536782,4.5236945,4.4389358,4.4592066,4.1235456,4.1632986,4.2218204,4.251628,3.0998676,3.1688795,3.9432366,3.9153476,4.0198812,4.1068764,3.5221028,3.5159154,4.575309,4.259397,3.860974,4.2567034,3.50578,3.5289078,3.5707645,3.5970218,3.7109632,3.8764584,3.727395,3.682091,3.3535032,3.4730754,3.9742596,3.2796452,3.2588964,3.2384067,3.598407,4.672454,4.742325,3.9597058,4.3312593,3.4342682,3.200831,5.002468,3.2651331,3.312553
14,4.147983,4.8442316,4.5233417,4.6010447,2.2275476,2.234064,3.1744404,3.2624123,1.545581,1.3190415,2.7696896,3.3409717,1.3093365,0.7572942,0.0,1.8588637,3.12975,3.0281572,3.5625575,3.525748,2.9321463,2.730282,3.025919,2.720829,3.899067,3.9146552,4.154697,4.189795,4.7245092,5.2995963,4.5621376,4.3244762,3.804184,4.5372844,3.011004,1.9229028,3.7957034,3.5990427,3.9235458,3.8958826,2.8300273,3.0410016,2.244065,3.8436844,2.1051824,3.154376,3.4733975,3.580996,4.688879,3.6912522,4.609487,4.4521112,4.442837,4.7136583,4.1773653,4.3080263,3.230084,3.9350295,2.9375606,3.7897131,3.6704283,3.9198906,3.8501744,4.311624,3.9363637,3.8549664,4.0298247,3.93743,3.4221153,3.9008155,3.7419744,3.7486875,4.4709344,4.4429564,4.528565,5.052467,4.6578045,4.193122,4.893791,4.0258226,3.5183,3.4847062,3.2917762,3.3714466,3.436638,4.6428394,4.595867,4.625412,4.215755,4.24363,4.325614,4.374901,3.2241657,3.2788424,4.053605,4.030192,4.0503955,4.2104917,3.633437,3.6571214,4.6734304,4.3736134,4.015827,4.347172,3.6439075,3.689039,3.7480938,3.7679276,3.889511,4.081054,3.9334865,3.7039886,3.5739315,3.6592424,4.134694,3.5247142,3.4526877,3.3993711,3.7739863,4.8571115,5.158348,4.114538,4.518302,3.6085875,3.3913386,5.138244,3.4431176,3.6270692
15,4.7910614,5.0511093,5.099419,4.5352015,3.364517,3.362237,3.7916143,3.873684,2.2989192,2.1910644,3.3755126,3.9280138,2.1050963,1.6285274,1.8588637,0.0,3.9568207,3.7726626,4.313256,4.2391405,3.717431,3.5222263,3.6934772,3.422321,4.484341,4.5195956,4.678373,4.713792,5.283397,6.3082323,5.038532,4.77596,4.1375284,4.7856283,3.8363283,3.274268,4.180429,4.2388954,4.249964,4.180477,3.34952,3.7067573,2.830995,4.316689,2.809241,3.6514351,3.9550242,4.0370398,5.118885,4.3220463,4.902276,4.844378,4.898296,5.1305075,4.6265364,4.7373505,3.8537645,4.423298,3.553179,3.9847302,3.897265,4.3460546,4.1204853,4.699313,4.280982,4.3037457,4.390607,4.3514986,3.9130664,4.2928805,4.1540184,4.176417,4.7090545,4.7262278,4.470742,4.9342303,5.0923667,4.4767375,5.049893,4.248982,4.023068,3.9671273,3.903049,4.042457,3.9155977,5.092897,4.908559,4.92384,4.625907,4.671651,4.7255583,4.757521,3.791102,3.8386157,4.5909452,4.524945,4.7311835,4.678117,4.296057,4.3742423,5.073659,4.7952194,4.4424515,4.806797,4.0443482,4.1022606,4.1344066,4.1421514,4.2952027,4.3620024,4.3013577,4.200242,3.870567,3.9735723,4.409442,3.7404988,3.820971,3.8746746,4.1686673,5.128653,5.239368,4.4600186,4.768822,3.9543812,3.994192,5.384474,4.0744257,4.147388
16,4.163929,5.0719957,4.563576,4.9330993,4.038886,4.043769,4.734122,4.832406,3.1322625,3.314405,2.2610247,2.4878902,3.4135058,3.2270327,3.12975,3.9568207,0.0,1.1738235,3.110917,3.0880797,1.3526717,1.0968047,1.1884854,1.2362072,1.5866432,2.0183535,2.654941,2.6734946,4.289096,4.8146143,4.0447426,4.0388722,4.6050334,4.7919397,3.8866286,2.985224,2.4764779,3.1627839,2.5649738,2.5428734,3.7867882,3.7954912,3.6787224,2.6404145,3.1336193,1.7199144,1.4520407,1.5152069,4.329899,3.3958948,4.9754453,4.7842927,4.467749,4.8050933,4.522643,4.752943,4.0980115,3.139624,3.6228032,4.727351,4.76579,4.846634,5.0854225,5.5879025,3.1192863,2.9048738,3.2271283,3.2721174,2.813171,3.19975,2.6408286,2.6321347,4.07549,4.0424705,4.2380033,4.7731066,3.8845403,3.6487043,4.2607613,3.2421525,2.6770935,2.7374744,2.5823956,2.6511803,2.7042613,3.551256,3.5381541,3.653705,3.3938973,3.3584855,3.0873907,3.1755898,2.459693,2.3919082,3.0369735,2.9666126,2.9280982,3.6489398,2.811157,2.5135632,3.2520413,2.9238114,2.4795651,2.4205935,2.8649516,2.9912083,2.7884421,2.7186804,2.43529,2.7838442,3.2546713,2.6783562,2.7949846,2.801934,3.0816255,2.777671,3.0293849,3.0546913,3.1681273,4.388075,4.0777245,2.573611,3.3363779,2.6714802,2.694837,4.678969,2.783197,2.7829194
17,3.986728,5.2538714,4.512818,4.6121464,3.871448,3.8753278,4.496436,4.603123,3.2530997,3.1930907,1.9598045,2.2937255,3.2283535,3.0773048,3.0281572,3.7726626,1.1738235,0.0,2.2053742,2.1563447,1.0824993,0.8840961,0.74805397,0.88751763,1.5926178,2.0328555,2.384249,2.3966959,3.8835857,4.498601,3.5722473,3.5232697,4.8370833,4.972698,4.0302114,3.163617,2.629787,2.6058033,2.7007666,2.6924386,3.885742,3.9833272,3.6160274,2.7433612,3.2712123,1.7790451,1.5483181,1.5887517,3.7999232,2.5388637,4.5092525,4.23397,3.9376788,4.335266,3.9713635,4.4003553,4.269705,3.2030802,3.7076223,4.7003503,4.841909,4.9213758,5.2055545,5.644052,3.3458793,3.1493886,3.4378982,3.2559996,2.853046,3.4433136,2.8869555,2.883587,4.247055,4.219185,4.366071,4.8854275,3.9090464,3.8083956,4.189587,3.4261248,2.5774627,2.6137187,2.4889657,2.5716178,2.5794275,3.1942499,3.9167683,4.025811,3.342741,3.315689,3.4113662,3.455799,2.350194,2.2394886,3.1117926,3.048411,3.2652001,3.6661758,2.7210882,2.604549,3.5643523,3.259104,2.9565551,2.8142495,2.5272315,2.6810553,2.687849,2.6752136,2.8424008,3.1505907,3.2607484,2.6728153,2.6656504,2.6565616,2.935864,2.6617148,2.5519726,2.5727532,2.7091327,4.173263,4.015669,2.8911471,3.4922028,2.571852,2.3598735,5.1420417,2.4804025,2.6490128
18,4.443089,5.396693,5.0465117,5.1601996,4.1998544,4.201974,4.9036136,5.001349,4.0617666,3.64746,2.679985,2.9301882,3.6166496,3.700913,3.5625575,4.313256,3.110917,2.2053742,0.0,0.6832836,2.200716,2.339726,2.2696302,2.1873481,3.4727507,3.554063,3.3236756,3.326035,4.1230984,4.6843896,3.8319862,3.8495038,5.6206584,5.741995,4.881299,4.172939,3.9428792,2.4782946,4.0520487,4.0956955,4.865144,4.7892365,4.402503,3.9288933,4.2849774,3.3883097,3.2897801,3.325028,3.2557259,1.5274465,4.2199016,3.6777632,3.3456395,3.7889276,3.37646,3.7403233,5.021333,4.2195807,4.605563,5.5239244,5.656958,5.3725295,5.973975,6.0288634,4.398743,4.2629933,4.47188,4.014327,3.8313565,4.4420266,3.981627,3.991337,5.1129932,5.0889277,5.214578,5.6750875,4.7573433,4.7522087,5.2811937,4.5252366,3.2754467,3.2741776,3.4257443,3.281303,3.3462136,4.0773373,5.104876,5.2116594,3.862686,3.8439407,4.4927526,4.4843736,3.12133,3.072892,3.6773024,3.671712,4.548497,4.4537544,3.446604,3.3814385,4.556685,4.374728,4.269321,4.2547092,2.7986307,2.9379044,3.3544092,3.3997822,4.090804,4.5518622,3.864544,3.310735,3.4963963,3.481697,3.6829216,3.718258,2.8287237,2.7611473,2.8752544,4.3063226,5.2266083,4.149326,4.5725064,3.3634958,2.6567783,5.7467747,2.8557553,3.307083
19,4.477014,5.437761,5.058251,5.162972,4.2133465,4.2142467,4.91417,5.0049524,4.1731753,3.7701688,2.868037,3.0493138,3.7433784,3.664239,3.525748,4.2391405,3.0880797,2.1563447,0.6832836,0.0,2.280452,2.268879,2.1769671,2.1494386,3.4633605,3.747302,3.318259,3.3186977,4.2504406,4.849139,3.9569106,3.9084988,5.578631,5.721418,4.764821,4.0963078,3.886248,2.7035847,3.9620037,4.087214,4.87113,4.9379163,4.4095,4.073191,4.2572336,3.331916,3.245944,3.2494175,3.362715,1.8180541,4.184334,3.7705572,3.424085,3.865488,3.4571745,3.816313,5.1359234,4.1819134,4.573162,5.4902906,5.6502647,5.6309214,5.967917,6.2652416,4.4596066,4.353768,4.507175,4.0507746,3.9237363,4.5398736,4.0917115,4.1027637,5.17411,5.153167,5.249879,5.698383,4.9206357,4.8229003,5.279847,4.532434,3.334616,3.3205535,3.286234,3.3355298,3.3976989,4.129941,5.1591964,5.260685,3.930145,3.9061174,4.562816,4.5650983,3.2561667,3.2231548,3.8394008,3.7810268,4.472757,4.3445272,3.6117053,3.615863,4.494852,4.388243,4.2955375,4.3232827,2.9142015,3.0633638,3.3916192,3.4048765,4.164364,4.400306,3.8984196,3.3270013,3.5603,3.5076041,3.858995,3.6573133,2.9833167,2.8994517,3.0304134,4.442701,5.2103367,4.147234,4.5919113,3.267624,2.8253357,5.8206873,2.9908428,3.4282498
20,3.6929119,5.045977,4.575645,4.7140946,3.6529763,3.657346,4.4657006,4.5762787,2.9979494,2.971811,1.9326228,2.242668,2.9721198,3.0375187,2.9321463,3.717431,1.3526717,1.0824993,2.200716,2.280452,0.0,0.8021503,0.7277428,0.9265811,1.9363378,2.1650703,2.8659108,2.8684142,3.9831586,4.729333,3.703655,3.670408,4.892262,5.179368,3.9540117,3.099998,2.8291917,2.7852924,2.9626095,3.0759375,4.0729413,4.0643444,3.7644467,2.921687,3.2973332,2.0469327,1.890607,1.9431736,3.8717933,2.607889,4.6405597,4.177573,4.0626183,4.308269,3.9655097,4.304661,4.331759,3.411761,3.7952764,4.8812704,5.018704,4.7254353,5.388535,5.4764433,3.4829965,3.2991428,3.563519,3.373346,2.6571412,3.3919544,2.97112,2.9762394,4.3391924,4.315425,4.472854,4.9853826,4.060766,3.8883903,4.5379634,3.5934055,2.510298,2.5307088,2.6986046,2.5204587,2.5998154,3.4441285,3.844319,3.9753902,3.057309,3.0141387,3.1560035,3.1839592,2.3752997,2.3209538,3.1496453,3.126134,3.6770446,4.0805345,2.8441408,2.6466157,3.3755164,3.1359754,3.0203638,3.0203412,2.5765655,2.7529013,2.8593056,2.7414336,2.9331505,3.5244374,3.1108997,2.718577,2.727743,2.6504676,3.168474,2.9834185,2.6605732,2.6495826,2.7039692,4.2463384,4.3376875,2.9229252,3.7340314,2.7455673,2.5219781,5.040446,2.669315,2.8051994
21,3.7939095,4.9758873,4.59753,4.628859,3.6566765,3.6605134,4.387257,4.484486,2.9335592,2.9230022,1.9140519,2.3782082,2.9977782,2.8214965,2.730282,3.5222263,1.0968047,0.8840961,2.339726,2.268879,0.8021503,0.0,0.54741406,0.5703594,1.9836322,2.3106596,2.8722975,2.89212,4.0168605,4.7230635,3.7238905,3.6406076,4.7997622,5.0726166,3.808826,2.9118593,2.7769375,2.8705,2.8629637,2.874608,3.9170709,4.0778685,3.6246336,2.944939,3.1470413,1.8172847,1.6891905,1.7251596,3.8944244,2.739302,4.444645,4.100768,3.881822,4.189625,3.8476543,4.10403,4.0967093,3.0266056,3.411725,4.5029,4.747546,4.753409,5.0858073,5.4815736,3.4143732,3.2522218,3.5353992,3.3219388,2.6244214,3.361366,2.9227512,2.9247105,4.174516,4.149851,4.295875,4.8210387,4.117265,3.8263376,4.444386,3.4300058,2.575773,2.6038277,2.5232859,2.601774,2.6655076,3.6699266,3.8521116,3.9735892,3.1341925,3.1109722,3.1300156,3.181426,2.369255,2.3455038,3.0950427,3.0211549,3.3808203,3.6027172,2.8799822,2.6767497,3.3857286,3.0858736,2.9525537,3.0442166,2.6043804,2.758277,2.7774155,2.7128115,2.8244345,3.1236353,3.134622,2.6212637,2.753858,2.7199,3.155361,2.726629,2.6937127,2.6992247,2.7842243,4.3008647,4.3193564,2.920764,3.7037253,2.5896323,2.442249,4.881174,2.6015878,2.7107182
22,3.8481367,5.1151447,4.6461096,4.6828394,3.89996,3.903425,4.604527,4.7101016,3.2244072,3.199147,2.0416944,2.2519414,3.2358046,3.0900114,3.025919,3.6934772,1.1884854,0.74805397,2.2696302,2.1769671,0.7277428,0.54741406,0.0,0.6678677,1.8444287,2.334761,2.7597697,2.7627819,4.1804075,4.9258018,3.8670955,3.7726667,4.9387736,5.1894608,3.9879358,3.1808727,2.6717885,2.829531,2.7472727,2.8566337,4.0845532,4.2425103,3.800046,2.9403458,3.346246,1.7930647,1.6008056,1.60558,3.8161213,2.688453,4.6112323,4.284643,4.0666347,4.3558474,4.0469675,4.356385,4.4926524,3.3316562,3.8366897,4.853059,5.079019,5.0764694,5.445504,5.8207817,3.4612067,3.301043,3.5435715,3.3471096,2.7227921,3.450574,2.9989555,3.0002086,4.3757515,4.354709,4.463934,4.962738,4.167806,3.9231498,4.4671454,3.5003016,2.5920048,2.6164136,2.5425615,2.6185095,2.6740007,3.527679,3.8919175,4.0208015,3.1434007,3.102506,3.2176414,3.2567644,2.4574564,2.403252,3.1690884,3.0873744,3.455647,3.8615627,2.8673966,2.7382057,3.3282418,3.0928936,2.963969,2.9884253,2.601932,2.775451,2.7910182,2.6640935,2.8828,3.184182,3.115909,2.697408,2.732155,2.6663504,3.190906,2.7847629,2.7249863,2.7181554,2.7990937,4.3192954,4.213041,2.8440793,3.6302745,2.5418346,2.51188,5.035871,2.634154,2.7624395
23,3.8418932,4.78333,4.4337544,4.6902666,3.7619672,3.7653763,4.518698,4.623946,2.920612,2.8773847,1.846279,2.2731528,3.013878,2.8200417,2.720829,3.422321,1.2362072,0.88751763,2.1873481,2.1494386,0.9265811,0.5703594,0.6678677,0.0,2.1144004,2.3509703,2.614601,2.6315384,3.963568,4.7755284,3.6697874,3.574292,4.640787,4.9074287,3.9254906,3.1130416,2.5888188,2.5746157,2.685944,2.6884892,3.9583116,3.9981496,3.6313436,2.977202,3.2688406,1.9266592,1.8103976,1.8497431,3.7632277,2.5914357,4.272504,4.043683,3.7784743,4.123248,3.778181,4.000115,4.0156813,3.0677884,3.4994497,4.5889697,4.679954,4.7235255,5.1223583,5.573876,3.1721294,3.00895,3.2928135,3.0339544,2.7277527,3.2570891,2.76009,2.7629788,4.181324,4.1622424,4.2587333,4.7721066,4.1298513,3.8366437,4.4783945,3.4326272,2.4507039,2.4903147,2.4355822,2.4829612,2.5295408,3.6009235,3.7990217,3.9449353,2.9635973,2.9348533,3.0174193,3.0600116,2.185939,2.135445,2.9303162,2.8609154,3.3712463,3.5028057,2.6283553,2.5081546,3.2917476,2.9381583,2.847268,2.8932645,2.3203611,2.463156,2.5598779,2.532022,2.6934855,3.0485919,2.9909382,2.4263885,2.5747633,2.574721,2.9704025,2.5785806,2.4730556,2.4568841,2.6003191,4.0187736,4.275723,2.8033824,3.5869403,2.3899605,2.2298696,4.7025533,2.3802586,2.576878
24,4.4660034,6.0914793,5.045364,5.2896237,4.6466594,4.6476717,5.2352824,5.331105,3.9070475,4.0636334,2.9461834,3.2038538,3.9964075,3.8911848,3.899067,4.484341,1.5866432,1.5926178,3.4727507,3.4633605,1.9363378,1.9836322,1.8444287,2.1144004,0.0,1.408807,2.4679015,2.470996,3.977821,4.693942,3.7673745,3.8604522,5.1485157,5.321984,4.410765,3.7384202,3.0057793,3.546067,3.0665517,2.9943826,4.2140293,4.3367143,4.2269073,3.0591507,3.6803458,2.304476,2.0899656,2.102224,4.5758853,3.7313573,5.1766143,4.9947257,4.865992,5.063799,4.778124,5.4625945,4.5652695,3.5624304,4.1321673,5.2108626,5.171742,5.280822,5.5092587,5.965508,3.6380265,3.5136082,3.7289252,3.7333577,3.2063425,3.5915086,3.1270356,3.1238558,4.438376,4.4129725,4.5553746,4.9713545,4.0050087,4.070371,4.166275,3.7739131,3.2274156,3.2549946,3.13783,3.194064,3.1558006,2.9362893,3.8601649,3.9620264,3.9209569,3.8839147,3.642751,3.7055178,3.0781338,2.9035835,3.650905,3.5992973,3.3452847,4.076213,3.3212426,3.1046984,3.7819462,3.473841,3.1272342,2.453319,3.3441358,3.4221528,3.3051605,3.198497,3.0038571,3.2999377,3.583949,3.1651335,3.2416089,3.2007465,3.483515,3.179487,3.3889992,3.4671352,3.4793668,4.6229043,3.9359133,3.0994747,3.7190483,3.2807398,3.137258,5.7260327,3.199696,3.2295234
25,4.458141,6.0774765,4.9285164,5.3463116,4.6912794,4.694729,5.3029323,5.413938,3.7241735,3.8734992,2.6445532,3.2935586,3.8584552,3.9353397,3.9146552,4.5195956,2.0183535,2.0328555,3.554063,3.747302,2.1650703,2.3106596,2.334761,2.3509703,1.408807,0.0,2.867214,2.8869553,3.6276107,4.268758,3.3244388,3.3536203,5.461237,5.6319222,4.8723693,4.0802765,3.302175,3.3736794,3.4395278,3.109619,4.421923,4.304911,4.3537383,2.9990664,4.0292373,2.7397532,2.5813868,2.6732113,4.6793013,3.681379,4.9336634,4.595921,4.5461035,4.756697,4.4680166,5.1598635,4.1703844,3.314687,3.8969877,5.026089,4.9645443,4.6366634,5.315977,5.3630495,3.6027896,3.3823583,3.783849,3.7573843,3.1873288,3.6066966,3.206706,3.2056794,4.344932,4.318774,4.4777884,4.9776783,3.9388585,4.125245,4.404512,3.974069,3.2267194,3.272855,3.4858387,3.2646394,3.1522503,3.0809371,3.9242306,4.035496,3.8857305,3.8782992,3.5276887,3.5962758,2.8498034,2.6379638,3.4012167,3.4369574,3.5495815,4.0021143,3.025845,2.8230917,4.1377735,3.5171895,3.283459,2.5819335,3.2918913,3.3761864,3.3633447,3.3511717,2.9826164,3.6840746,3.6460028,3.1214647,3.3474483,3.3981175,3.374759,3.386566,3.2977114,3.4253254,3.439628,4.626093,4.190915,3.2816443,3.848652,3.5154376,3.0248406,5.676461,3.1119456,3.2533877
26,4.8383217,5.045973,4.094091,5.417835,4.903904,4.8985243,5.467522,5.5392523,4.290282,4.2775345,3.2851064,3.4324632,4.340444,4.1278486,4.154697,4.678373,2.654941,2.384249,3.3236756,3.318259,2.8659108,2.8722975,2.7597697,2.614601,2.4679015,2.867214,0.0,0.11968962,3.7686334,4.6775656,3.689712,3.9966035,4.028088,4.0249104,4.9262953,4.3595343,2.4357362,2.6151884,2.5201993,2.4556608,4.623575,4.046748,4.4600153,3.683262,4.2280188,3.0484881,2.8559258,2.8953846,4.586604,3.3866255,4.4436493,4.877921,4.682557,5.0725627,4.640254,5.2090187,4.2071776,3.8449156,4.5791807,5.5143843,4.8408275,5.5557632,5.221887,6.287504,2.6450763,2.5626416,2.6997037,2.4636796,4.1033945,3.2950137,2.5852048,2.6014106,4.0811663,4.0688453,4.159645,4.607059,3.5331874,3.679247,3.762996,3.5274608,2.8628898,2.8809617,2.703988,2.8030436,2.7291408,2.5216706,3.9716074,4.085811,3.4984314,3.4686298,3.5478754,3.6075463,2.6689415,2.4860358,3.4626098,3.4151747,3.3007257,3.6438093,2.9767551,2.89488,3.5289605,3.271228,2.8957624,2.1630552,2.2759104,2.3152037,2.6131387,2.750349,2.8469615,3.1059883,3.42088,2.7000997,2.5407493,2.6007044,2.6394784,2.4911098,2.5827587,2.6125443,2.6834636,2.8724315,3.717051,2.9592483,3.592713,2.6971574,2.6129372,4.7893534,2.7158267,2.8673093
27,4.812496,5.055501,4.093266,5.4314322,4.9266853,4.921392,5.498094,5.571271,4.3251796,4.310817,3.2991226,3.4121306,4.3713455,4.1652317,4.189795,4.713792,2.6734946,2.3966959,3.326035,3.3186977,2.8684142,2.89212,2.7627819,2.6315384,2.470996,2.8869553,0.11968962,0.0,3.7961118,4.695176,3.7109106,4.0183644,4.0578265,4.079162,4.945041,4.3897123,2.413846,2.6156862,2.5041847,2.481692,4.658295,4.0812836,4.4898596,3.6874776,4.266025,3.0619798,2.8715954,2.9062874,4.579519,3.3803172,4.4547963,4.886384,4.706877,5.0812635,4.6544056,5.229504,4.2804437,3.881593,4.6370826,5.568691,4.8950357,5.5992846,5.286874,6.336817,2.6559386,2.5720394,2.6938083,2.4703429,4.0980287,3.2901301,2.599319,2.6150029,4.1144633,4.1017976,4.1914215,4.6357026,3.5477605,3.697401,3.7806098,3.5440218,2.8466,2.8637068,2.6848078,2.7803721,2.7100892,2.473744,3.962056,4.079398,3.4968073,3.4609075,3.563345,3.621616,2.6708648,2.4853508,3.4726932,3.42464,3.3238144,3.6885223,2.9796278,2.905115,3.5135305,3.2794454,2.8971286,2.1653838,2.2775576,2.3203452,2.6229417,2.7456956,2.8665557,3.1315923,3.3939734,2.7103562,2.5357168,2.5839605,2.6906953,2.516683,2.5951052,2.61242,2.6921773,2.8823268,3.7159867,2.949799,3.5821743,2.6948698,2.6375277,4.8120537,2.7329679,2.8884304
28,4.614991,5.9044037,4.882541,5.4715724,4.6220326,4.611744,5.1976104,5.2700357,4.69638,4.5989227,3.9952812,5.0339293,4.703396,4.7856545,4.7245092,5.283397,4.289096,3.8835857,4.1230984,4.2504406,3.9831586,4.0168605,4.1804075,3.963568,3.977821,3.6276107,3.7686334,3.7961118,0.0,2.721445,1.0786954,1.97465,5.7527246,5.725721,5.295826,5.134633,4.6292486,4.307137,4.753956,4.8545084,5.6416965,5.455028,5.3757405,5.006096,5.465328,4.789373,4.6580653,4.632838,5.4763556,4.045566,3.6995115,3.6984227,4.189131,4.318837,3.4058902,4.323081,3.8775566,3.2733042,3.8184536,4.8805437,4.130816,4.37028,5.0794673,5.2636604,4.478036,4.520578,4.5129957,4.140743,4.5691996,4.5527515,4.1374345,4.1728253,4.4425154,4.4547467,4.6138053,4.8221416,4.9017067,5.0436096,5.1053696,5.1256413,3.759572,3.7645204,4.0892944,3.8496158,3.6310914,3.440529,4.5213046,4.6307573,4.473997,4.439631,4.6354437,4.6632457,3.7793765,3.6858213,5.1041226,5.125943,5.681891,4.2773533,4.8365607,4.752232,5.1688824,5.009833,4.9904957,4.695039,3.8015573,3.6905508,4.453884,4.5949907,4.8394146,5.4061265,4.8643045,3.9052513,4.0782585,3.957118,4.1361604,4.211887,3.5114439,3.5440562,3.5361986,4.151497,5.5004086,5.0515704,5.492113,4.7572837,4.3797846,6.4925423,4.521062,4.662642
29,4.7100897,6.4361286,5.2297883,5.897584,4.959559,4.956065,5.421019,5.475007,5.3320966,5.1855516,4.425452,5.3452415,5.2363625,5.4140334,5.2995963,6.3082323,4.8146143,4.498601,4.6843896,4.849139,4.729333,4.7230635,4.9258018,4.7755284,4.693942,4.268758,4.6775656,4.695176,2.721445,0.0,2.6505115,3.275125,6.433212,6.52639,5.905303,5.350552,5.2756734,4.7108397,5.390338,5.40795,5.686806,5.3955736,5.3145237,4.7406015,5.7279634,5.1336417,5.142373,5.1605353,6.0347443,4.414365,4.3911543,4.0520473,4.525136,4.7113233,4.0122657,4.758961,4.6643643,3.8501616,4.4494,5.2672205,4.5236516,4.628609,5.5544763,5.457378,5.2622547,5.1389017,5.304113,5.268763,5.0509577,5.171815,4.9363914,4.9426236,5.271835,5.2317367,5.6360354,6.034378,5.2889657,5.654865,5.72689,5.761862,4.4114738,4.464322,4.636247,4.4232287,4.209457,4.181146,5.343452,5.429107,5.846332,5.79542,5.919949,5.963465,4.2573314,4.158455,5.3893504,5.403008,5.948607,4.64515,5.2225413,5.043038,6.333713,6.136631,5.5018315,5.304668,4.655149,4.616323,5.0492654,5.297191,5.4759946,6.0053024,5.5083556,4.7775974,4.79287,4.7487617,4.9413724,4.9367847,4.3264937,4.361412,4.529186,5.2859616,6.1259646,5.6642227,5.4646435,5.4500113,4.8592014,6.8779526,4.98226,5.1470957
30,4.357634,5.762161,4.8207073,5.236832,4.601473,4.596233,5.191296,5.2710466,4.600104,4.4338427,3.6210039,4.727425,4.5453854,4.6286016,4.5621376,5.038532,4.0447426,3.5722473,3.8319862,3.9569106,3.703655,3.7238905,3.8670955,3.6697874,3.7673745,3.3244388,3.689712,3.7109106,1.0786954,2.6505115,0.0,1.5505286,5.8572326,5.8901,5.5898066,5.127142,4.399964,4.0736103,4.546411,4.6002393,5.669195,5.4050016,5.207185,4.652514,5.3716207,4.502905,4.3476157,4.344328,5.5076804,3.6918101,3.5719686,3.2520998,3.8793182,4.107481,3.2289104,4.127659,4.1013556,2.9796443,3.7539103,4.7818975,4.123683,4.3670125,5.0952425,5.2576666,4.4381957,4.3291173,4.4899683,4.158795,4.3307276,4.453089,4.1096044,4.144661,4.452432,4.4674788,4.552013,5.0024548,4.731335,4.8574843,4.9716854,4.916334,3.4805915,3.4792345,3.8808043,3.6692219,3.320508,3.2695541,4.653923,4.769564,4.29868,4.2686644,4.4796095,4.517869,3.4040859,3.2935188,4.819529,4.8275967,5.4983125,4.125257,4.6415443,4.5475545,5.1275396,4.923684,4.813461,4.56893,3.50585,3.567394,4.239757,4.4779596,4.7196255,5.2548175,4.6867795,3.8264391,3.7815135,3.6588743,3.91721,3.8837714,3.1863089,3.2615693,3.2457685,4.2151885,5.372823,4.835082,5.2158637,4.5141263,4.1810536,6.313797,4.4024754,4.5696983
31,4.3665905,6.000409,4.336773,5.2034855,4.421649,4.416342,5.0935774,5.2114573,4.4670396,4.3113704,3.551033,4.6760087,4.4261856,4.428276,4.3244762,4.77596,4.0388722,3.5232697,3.8495038,3.9084988,3.670408,3.6406076,3.7726667,3.574292,3.8604522,3.3536203,3.9966035,4.0183644,1.97465,3.275125,1.5505286,0.0,6.126864,6.164629,5.4456186,5.0168757,4.3082404,4.0197487,4.412691,4.5053463,5.6219983,5.596951,5.1786437,4.7569995,5.438892,4.4333997,4.34321,4.3313355,5.4709835,3.882268,3.5964534,3.4586396,3.965608,4.2352433,3.4186928,4.258265,4.28426,3.1280057,3.6940155,4.7484803,4.3296285,4.5040503,5.283264,5.3703194,4.480678,4.3970256,4.5303082,4.1771135,4.529792,4.9062977,4.5610943,4.593327,4.9183435,4.9334188,4.986685,5.3828683,5.243569,5.2798142,5.4105635,5.261528,3.6385205,3.6324759,3.9648128,3.826167,3.501315,3.5741205,4.784011,4.892933,4.3095894,4.2955036,4.490995,4.544306,3.554795,3.4405518,4.9348803,4.920691,5.4172273,4.235304,4.32134,4.673548,5.1549354,4.7451987,4.924521,4.7137094,3.7556574,3.8092084,4.3530445,4.4067507,4.764476,5.2231092,4.796829,3.7704647,4.0764003,3.9572659,4.215283,4.1278563,3.5380485,3.5978973,3.681198,4.796539,5.350646,4.7422934,5.2114863,4.3851385,4.2999682,6.61936,4.3342104,4.693066
