,0,1,2,3,4,5,6,7,8,9,10,11,12,13,14,15,16,17,18,19,20,21,22,23,24,25,26,27,28,29,30,31,32,33,34,35,36,37,38,39,40,41,42,43,44,45,46,47,48,49,50,51,52,53,54,55,56,57,58,59,60,61,62,63,64,65,66,67,68,69,70,71,72,73,74,75,76,77,78,79,80,81,82,83,84,85,86,87,88,89,90,91,92,93,94,95,96,97,98,99,100,101,102,103,104,105,106,107,108,109,110,111,112,113,114,115,116,117,118,119,120,121,122,123,124,125,126,127
0,0.0,1.2750868,0.77482945,1.3037192,3.8105462,4.3086967,2.9122128,2.9544246,2.6064305,3.1554008,3.092259,3.4422069,2.816158,3.35137,2.7285233,2.5958872,4.5633063,4.502451,4.3961716,4.2920074,4.5465417,4.527964,4.4237337,4.478701,4.4898024,4.450844,4.5035925,4.546574,4.3786783,4.6547456,5.1721783,5.188999,4.3063283,4.3105135,4.561532,4.400146,3.6609454,4.627368,3.0785928,4.565382,4.485305,5.137313,3.3614442,4.0618663,4.161507,4.2701387,4.9021773,4.334541,4.9868135,4.768892,5.032276,5.091717,3.7484765,3.4690342,4.0023627,4.0086427,3.1898482,3.338083,3.5303614,3.5438907,3.5437315,3.4331918,3.609046,3.7282257,4.2045712,4.327329,4.5568495,4.7306037,4.532824,4.5967574,4.8664055,4.6069484,4.3610845,4.2843385,4.6633387,4.5822053,4.6164966,3.6971273,4.766514,4.5236287,4.5943694,4.4491487,3.4289086,3.584382,4.2879896,4.204921,4.2270455,4.2052355,3.464316,4.349238,4.833278,4.002742,3.5728712,3.500452,3.5118244,3.218295,3.780632,3.7472267,4.6570244,4.655174,3.6722825,4.5472217,3.6936002,3.6850152,3.7075796,3.3569832,3.46148,3.7220209,3.5100973,3.5405467,3.763096,3.9461179,4.54394,4.583537,4.383773,4.7029977,5.5108376,5.324102,5.1896834,5.3024087,4.0564013,4.074055,4.164988,4.237909,4.789588,4.710682,4.86767,4.816065
1,1.2750868,0.0,1.1301373,0.68885857,3.3618262,3.9149148,2.8546388,2.8988042,2.3155155,2.5966525,2.6902342,3.0501275,2.2835717,3.1895921,2.1718266,2.3611615,4.1797576,4.1146603,3.9490972,3.8519995,4.1122007,4.0968523,4.0496583,4.10791,4.1102695,4.083757,4.140085,4.1095753,3.9646363,4.2746077,4.7817955,4.7885246,3.8659406,3.8810928,4.0911555,3.982836,3.3094945,4.3118753,2.7607105,4.172436,4.096011,4.7701902,2.8649817,3.6297753,3.7620893,3.8549166,4.5332317,3.92677,4.5629034,4.3032465,4.5996923,4.629104,3.394541,3.2842922,3.7152653,3.7181165,2.731179,2.871938,3.1161454,3.11805,3.0885189,3.2908845,3.1854167,3.4561574,3.7204757,3.837751,4.1152563,4.2656364,4.0308366,4.1243505,4.3890667,4.166702,3.8665876,3.798811,4.210662,4.1683292,4.1631365,3.1998475,4.3376117,4.080637,4.1696715,4.0181966,2.8743718,3.0997615,3.8303633,3.7368147,3.747965,3.739087,2.9474754,3.9047024,4.3645444,3.5659466,3.0178242,2.9406967,2.950757,2.6284063,3.2505434,3.2267306,4.2048182,4.204038,3.1171446,4.087961,3.1494148,3.132623,3.1747038,2.800521,2.8521051,3.1842082,2.9566019,2.9964874,3.3061562,3.4846961,3.9471157,3.9993718,3.7939973,4.11659,4.9964375,5.0208664,4.6608133,4.7716184,3.5760703,3.5949428,3.6943762,3.771492,4.320122,4.278879,4.4201727,4.38483
2,0.77482945,1.1301373,0.0,0.81882656,3.5484602,3.9943483,2.5914931,2.6768303,2.5184984,3.041172,2.961725,3.345218,2.710806,3.0455883,2.5676677,2.463921,4.191906,4.1433578,4.071472,3.9709392,4.240353,4.2375755,4.120236,4.1534095,4.1649466,4.129328,4.193493,4.20847,4.1247115,4.26928,4.8514595,4.8870435,3.9658701,3.9774477,4.252839,4.059142,3.4145815,4.357101,2.6974452,4.3150325,4.200806,4.8442097,3.0094151,3.7653344,3.838995,3.9428415,4.593915,3.9726138,4.633278,4.5219455,4.69658,4.7498374,3.4340668,3.2887182,3.7052405,3.7026634,2.7762597,2.9611783,3.0633793,3.081055,3.1625776,3.0803397,3.2880423,3.352947,3.8893242,4.022492,4.2354517,4.421882,4.2105775,4.2877307,4.5392056,4.2937617,4.012094,3.954631,4.3747377,4.26729,4.358563,3.4452484,4.4828897,4.2582803,4.2662296,4.158548,3.0884275,3.2450364,3.9435737,3.8676786,3.8633814,3.905282,3.0224545,3.9488053,4.5447173,3.5621681,3.1501224,3.0621483,3.0759597,2.7446992,3.4007382,3.3468997,4.3086777,4.304156,3.2475338,4.208055,3.2858462,3.2504976,3.3101478,2.9190955,3.0610948,3.3409083,3.0495913,3.1359067,3.3180053,3.5329833,4.124574,4.1573195,3.9255617,4.277115,5.11638,4.901658,4.7926307,4.90597,3.6676922,3.6946568,3.7446346,3.8191812,4.50365,4.4228964,4.574027,4.523217
3,1.3037192,0.68885857,0.81882656,0.0,3.2180681,3.7235184,2.6688445,2.8016653,2.424747,2.7684238,2.8133981,3.1513119,2.4391568,3.0569549,2.281525,2.3434808,3.936812,3.8762982,3.747652,3.6631706,3.9307928,3.9332302,3.8523057,3.9010324,3.8890572,3.8694177,3.9380233,3.9040825,3.789211,4.0292387,4.5494375,4.5791745,3.630501,3.6512852,3.945022,3.7398417,3.1936412,4.1498365,2.505382,4.066667,3.945325,4.571837,2.6737034,3.4856446,3.5564368,3.690862,4.323106,3.6905878,4.395297,4.2679443,4.4349356,4.4961133,3.2518065,3.1045477,3.5059843,3.5019696,2.4663167,2.6537757,2.777078,2.7915776,2.8556821,2.9815292,3.038246,3.1613214,3.6065726,3.7339878,3.9641569,4.1344914,3.9209428,4.0344005,4.264784,4.0229464,3.689441,3.617538,4.1546965,4.0732813,4.1106234,3.043907,4.19604,3.9343565,3.967071,3.82223,2.6764133,2.8748777,3.6509438,3.572115,3.499397,3.572845,2.6535544,3.670088,4.2618613,3.2988229,2.8208253,2.6665633,2.6862519,2.3158505,3.0962424,3.0431676,4.0616717,4.0585437,2.9360654,3.9454856,2.98492,2.9449086,2.9574058,2.5467145,2.6826694,2.978086,2.7087877,2.80609,3.0100307,3.2263203,3.7752607,3.8616276,3.596,3.982327,4.8721557,4.791513,4.550594,4.6502748,3.3008232,3.3293533,3.3868282,3.4624019,4.2444296,4.1909957,4.2689953,4.2727838
4,3.8105462,3.3618262,3.5484602,3.2180681,0.0,3.6411178,3.9524307,3.2740822,3.605379,3.1441739,3.6540856,3.7108045,3.6309197,3.7137759,3.6174438,3.70237,3.8732703,3.8096619,3.6531231,4.0567927,3.6334074,3.755943,3.5608695,3.5536108,3.6065562,3.6513274,3.5602791,3.5896015,3.7594981,3.8444064,3.8566508,3.8204663,2.8623354,2.8786266,3.1727722,3.083857,2.0935144,3.2312334,2.070868,3.0698855,3.2136765,3.4425304,1.383156,2.7884634,2.7776113,2.999885,3.2256873,2.2356164,4.3534904,4.0647717,3.8508344,3.5310214,3.5272152,4.061667,3.6625981,3.6573334,2.401419,2.3520648,2.6705234,2.6039164,2.5715003,2.7255652,3.388213,3.0603385,3.9812863,3.9008937,3.6113994,3.741084,3.627811,3.6147208,3.8489282,3.843422,3.438206,3.4926298,3.997555,3.9168096,3.5932746,2.6466863,3.3626978,3.2221699,3.7628026,3.5690932,2.393645,2.6106362,3.5316875,3.5250075,3.2710705,3.412805,2.4664388,3.5441453,4.1641445,3.1391413,2.4792533,2.4659705,2.5112417,2.1444197,3.1032243,3.1106253,4.063684,4.0755577,2.8907626,3.9099188,2.9090242,2.9638052,2.8946986,2.5261261,2.4916296,2.7648764,2.7324436,2.8293853,3.108199,3.2324398,2.9634762,2.8476768,3.0294728,3.1428473,4.264468,4.204407,4.2258325,4.0538034,3.2904403,3.2889607,3.4214818,3.46724,4.045929,3.9896386,4.712847,4.0391912
5,4.3086967,3.9149148,3.9943483,3.7235184,3.6411178,0.0,4.463209,4.1936707,4.3983674,4.223429,4.3769836,4.6616654,4.3957195,4.311878,4.3205748,4.1142125,1.7511634,1.6812568,1.3129916,1.5226383,0.9903321,1.0642707,1.0026568,1.1142635,1.109773,1.0904198,1.2138426,1.0309778,1.5891817,1.6646342,1.7230381,1.7442598,2.3779671,2.3859441,2.3284256,2.3564095,3.1642673,2.247074,3.1482809,2.3667717,2.6688693,2.657738,3.377658,1.9507071,1.7650182,2.4461908,2.7290573,3.4113472,2.3793924,2.798552,2.3340242,2.5167356,1.7894412,2.4841628,2.1424854,2.1249168,1.8448589,1.8674227,1.7627305,1.7449464,2.0384402,2.2978692,1.7556695,1.7429507,1.9952481,1.8791618,2.018348,2.0923407,1.9504265,1.7582301,2.2722604,1.9824883,1.4859998,1.4978172,2.397863,2.336912,2.6941693,2.864559,2.386027,2.18373,3.533908,1.7180231,2.967315,3.1828089,1.5389129,1.528635,1.7663282,1.2059319,2.199727,1.737943,3.102406,2.246295,2.194216,2.0113902,2.0247838,2.7957745,2.605858,2.6556482,1.8893899,1.912141,2.3791676,1.8296434,2.3776865,2.4747324,2.3309612,3.3558083,2.4410985,2.2818828,2.2507446,2.5193827,2.723853,2.8916051,2.6397562,2.544573,2.5988863,2.8311875,2.626062,2.6103659,2.6079395,2.554884,2.986959,3.0207076,2.9957922,3.0126975,3.9717777,3.9301734,3.9286847,3.8792942
6,2.9122128,2.8546388,2.5914931,2.6688445,3.9524307,4.463209,0.0,1.9702201,2.8627808,3.2954519,3.2125466,3.6513624,2.9088502,2.3700511,2.8448758,2.803738,4.612634,4.601377,4.566319,4.3454814,4.515252,4.4556937,4.443146,4.441623,4.421635,4.4526772,4.367148,4.495099,4.713831,3.9965563,5.1916027,5.168674,3.9959106,3.9804797,4.616295,4.1239524,3.8476503,4.796025,3.2584774,4.782305,4.7150435,5.2343516,3.582922,4.343009,4.309397,4.397155,5.1079555,4.43289,4.485017,4.504908,4.5118527,4.730222,3.7433321,4.440864,3.4021626,3.4284642,3.3781536,3.441565,3.5442896,3.5538983,3.653639,3.5508893,3.7146084,3.7164094,4.224699,4.35882,4.4185386,4.5897655,4.182711,4.4857907,4.7211027,4.513375,4.1821437,4.105043,4.988237,4.9779296,4.9362135,4.0581264,4.7648478,4.6408587,3.9553342,4.104092,3.1486325,3.314815,4.11932,3.9965804,3.883556,4.2660794,3.1152117,4.015198,4.7180543,3.6192055,2.9585211,3.2236695,3.2577956,2.911577,3.743887,3.734886,4.6973796,4.698908,3.675279,4.5627294,3.663493,3.6814034,3.4456215,3.043118,3.2945876,3.4688513,3.2172077,3.4009054,3.594212,3.4720445,3.7804475,3.8073637,3.4775343,3.682916,4.6552405,4.386234,4.2881603,4.3666425,3.6300838,3.6526334,3.556805,3.6496084,4.2425637,4.162694,4.369819,4.1605215
7,2.9544246,2.8988042,2.6768303,2.8016653,3.2740822,4.1936707,1.9702201,0.0,2.8721957,2.751766,2.678011,3.3385093,3.1941237,2.6288466,3.1538026,3.1212728,4.465717,4.464409,4.361982,4.519745,4.3011494,4.264618,4.169738,4.1691427,4.249759,4.199663,4.2013755,4.259252,4.583499,3.93326,4.958126,4.9025717,4.2398157,4.229119,4.4984193,4.4194727,3.6177473,4.481935,2.887425,4.417743,4.566891,5.1022525,3.2654934,4.104153,4.0044465,4.2764373,5.009013,4.207413,4.3747916,4.5879393,4.3905954,4.569351,3.5456781,4.236018,3.654277,3.6783538,3.1156647,3.123295,3.2591286,3.2530737,3.4778242,3.3483684,3.5510337,3.5956864,4.3865585,4.381756,4.2839823,4.4411826,4.026416,3.9777243,4.5365267,4.363733,4.083837,4.1010666,4.550765,4.5109816,4.67411,4.1025777,4.616954,4.574647,4.2695155,4.1078353,2.9504385,3.1392953,4.076829,3.946481,4.030017,4.083834,3.1368868,3.9897661,4.7807555,3.638004,2.7935145,3.2135353,3.212527,2.9126909,3.4699168,3.5034661,4.4945745,4.5019197,3.319113,4.2923503,3.349,3.3798747,3.286423,2.8833652,3.0873148,3.2381403,3.133097,3.227945,3.5868537,3.6738434,3.6667447,3.3740442,3.4315681,3.530923,4.5959635,4.3083415,4.3748174,4.3151417,3.99337,4.009587,3.9596617,4.0304475,4.384205,4.2874107,4.625226,4.2825017
8,2.6064305,2.3155155,2.5184984,2.424747,3.605379,4.3983674,2.8627808,2.8721957,0.0,1.4853901,1.6981266,2.0269487,1.173532,2.5165958,1.0429254,1.20249,4.3243275,4.28488,4.121512,4.039203,4.364784,4.281173,4.2843666,4.3499475,4.3223515,4.3188615,4.4364347,4.331574,4.1859655,4.3514028,4.998182,4.96233,4.1107593,4.1108894,4.387639,4.2944183,3.7093062,4.7374005,3.220046,4.5428634,4.5733085,5.0544605,3.320609,4.1186047,3.9145005,4.1175084,4.783293,4.2045045,4.3481255,3.5287788,4.5047245,4.4141154,3.4528172,4.187649,3.8064654,3.8247666,3.06653,3.056443,3.6616528,3.6802213,3.2995727,3.3077705,3.4387264,3.5605164,4.023383,4.172143,4.39666,4.5594893,4.1148686,4.3427,4.6672,4.510113,4.115189,4.098252,4.53964,4.529355,4.4251003,3.5174625,4.662012,4.373545,4.3408976,4.192171,3.0776763,3.2136946,4.030725,3.9709358,4.090265,3.925473,3.1130502,4.075562,3.9196863,3.78156,3.139375,3.169903,3.1616654,2.8162482,3.348203,3.391384,4.323299,4.327673,3.2847903,4.229608,3.2480097,3.3165915,3.3525076,3.0407848,3.153797,3.2376914,3.5620627,3.2499135,3.521942,3.6180747,3.6128385,3.732868,3.420619,3.834836,5.1876774,5.0852504,4.5048337,4.5915995,3.945931,3.958144,4.3486934,4.429913,4.8183184,4.75389,4.7908297,4.6862626
9,3.1554008,2.5966525,3.041172,2.7684238,3.1441739,4.223429,3.2954519,2.751766,1.4853901,0.0,1.0649283,1.8835703,1.824386,3.1114604,1.7494948,2.0372376,4.273368,4.237024,3.9063742,4.180773,4.136468,4.0736976,4.0761247,4.118558,4.1217256,4.12172,4.2352524,4.111464,4.0041785,4.1718802,4.7720513,4.712684,4.1004643,4.1070104,4.1456404,4.3560433,3.536481,4.4357214,2.9365492,4.132996,4.2844963,4.8266983,3.021149,3.8427353,3.7879193,4.2095857,4.8559775,4.137363,4.2846985,3.638149,4.4137435,4.422214,3.4679024,4.16288,3.8259811,3.8485084,3.0001135,2.9790082,3.6333954,3.6276443,3.3074164,3.469062,3.4408922,3.6158483,4.076656,4.0870667,3.9930549,4.1079617,3.772168,3.9915762,4.261605,4.09084,3.7973652,3.821107,4.092528,4.200131,4.18813,3.3374352,4.274166,4.1282425,4.0060153,3.865423,2.6382997,2.8857963,3.7958791,3.735817,3.804001,3.6561038,2.9061642,3.87729,3.7443209,3.635446,2.8799222,2.951392,2.911366,2.600941,3.014458,3.0988283,4.110106,4.1226835,2.9496298,3.9357212,2.93942,3.0215254,2.975979,2.6347587,2.7616436,2.9692502,3.3439937,3.0079188,3.4217772,3.371143,3.2989168,3.3623178,3.155904,3.4530435,4.884084,4.9091005,4.329535,4.2726817,3.686828,3.6918616,4.0994897,4.1660485,4.3019056,4.262421,4.353956,4.184815
10,3.092259,2.6902342,2.961725,2.8133981,3.6540856,4.3769836,3.2125466,2.678011,1.6981266,1.0649283,0.0,1.5623988,2.0632415,3.0973997,1.9947717,2.2657745,4.2616158,4.2822976,4.033533,4.3869395,4.350269,4.2806315,4.258786,4.289749,4.293231,4.268726,4.403753,4.323052,4.175583,4.3333654,4.969989,4.936622,4.4825363,4.487586,4.6618247,4.699475,4.0777845,4.8799,3.0532064,4.6060734,4.557645,5.165436,3.424544,4.160031,4.1915803,4.560139,5.2325296,4.547156,4.209895,3.8847146,4.586201,4.682795,3.5598805,4.315164,3.9104142,3.9401178,3.1814132,3.2412968,3.7714179,3.7791545,3.5172944,3.6065016,3.5629036,3.7859998,4.3548775,4.348784,4.2199855,4.3375525,4.0243163,4.2422295,4.4190907,4.259939,4.098012,4.1436186,4.2539024,4.3771257,4.664032,3.8690648,4.7407966,4.632248,4.0547204,4.06275,2.8835945,2.9806406,3.8892345,3.794952,3.9800496,3.8803587,3.1103647,3.9509075,3.8603804,3.6714227,3.116981,3.160785,3.1165307,2.8328662,3.266965,3.3316286,4.3026586,4.313678,3.1498413,4.12938,3.1691735,3.2275188,3.2058887,2.8301845,3.1273904,3.2927115,3.57152,3.2931938,3.4554958,3.5101318,3.51782,3.585659,3.3444147,3.6542444,5.0193233,4.9649034,4.4956894,4.4481206,3.856504,3.869573,4.244069,4.3047776,4.702535,4.658646,4.5296006,4.5891094
11,3.4422069,3.0501275,3.345218,3.1513119,3.7108045,4.6616654,3.6513624,3.3385093,2.0269487,1.8835703,1.5623988,0.0,2.120027,3.475262,2.2226243,2.507288,4.0691285,4.0756083,4.2149806,4.5230093,4.5226083,4.4858932,4.4614234,4.5090504,4.467818,4.471652,4.581992,4.5273504,4.3422728,4.567088,5.1083307,5.10237,4.471316,4.4901133,5.09238,4.697896,4.5203366,5.26762,3.4362845,4.978818,4.559001,5.131079,3.5196269,4.2073646,4.1905627,4.5964694,5.2051597,4.5712833,4.5944653,3.9843605,4.751844,4.7178183,3.831686,4.482633,4.116994,4.1659946,3.4574902,3.5218794,4.0809402,4.0894704,3.756876,3.892151,3.8241017,4.0640907,4.8539495,4.9154086,4.7610583,4.8941264,4.5528216,4.8136578,4.9574027,4.8105354,4.5852723,4.6166515,4.8055615,4.900827,4.9791427,4.182756,5.037001,4.911819,4.3466353,4.276114,3.2270339,2.9284036,4.127902,4.0875816,4.229221,4.0890584,3.4316413,4.197287,4.0201416,4.0130725,3.4259744,3.456396,3.4380453,3.1393297,3.6636403,3.6792905,4.5874467,4.5919785,3.5802364,4.4568863,3.5954123,3.6390874,3.5703056,3.2595139,3.672059,3.5976875,3.9431045,3.6363685,3.294982,3.8123903,3.7802095,3.898028,3.6745079,3.9509249,5.266043,5.3010736,4.749518,4.7219167,4.092293,4.101487,4.5284863,4.607181,5.5179057,5.4800873,5.5396566,5.447705
12,2.816158,2.2835717,2.710806,2.4391568,3.6309197,4.3957195,2.9088502,3.1941237,1.173532,1.824386,2.0632415,2.120027,0.0,2.6179128,0.4234857,1.2685419,4.2866364,4.2394214,4.0329556,3.844386,4.208292,4.1293073,4.151308,4.1983395,4.172692,4.1792974,4.259567,4.186524,4.1052966,4.2391925,4.8315477,4.802344,3.9010022,3.906276,4.4526567,4.078126,3.683238,4.7417417,3.1768441,4.4945955,4.2504816,4.7636123,3.2076015,3.9672377,3.9791002,4.0536075,4.694263,4.0859823,4.3920407,3.503704,4.5403495,4.417204,3.5788825,4.277376,3.7113647,3.732595,3.128887,3.185058,3.762459,3.7682602,3.3517585,3.521632,3.5250854,3.6366112,3.9873736,4.140476,4.398796,4.5618935,4.142187,4.339151,4.6473136,4.5243096,4.157954,4.1334987,4.7573237,4.7759743,4.6992955,3.5998917,4.649459,4.4225955,4.456949,4.101459,3.1418095,3.2210505,4.0413656,3.994037,3.856383,3.923505,3.1558673,4.096143,3.8917067,3.8143198,3.0910184,3.1672015,3.1938493,2.8476446,3.6765704,3.727443,4.5594172,4.5678368,3.6013224,4.4793434,3.5666113,3.6489823,3.5333438,3.2247708,3.3351374,3.5126247,3.6984808,3.5322704,3.6382754,3.8290138,3.751885,3.7458835,3.53678,3.8757877,5.1014743,5.131293,4.4077163,4.522486,4.0004916,4.020517,4.3799725,4.4700627,4.8455424,4.803475,4.9227424,4.8027644
13,3.35137,3.1895921,3.0455883,3.0569549,3.7137759,4.311878,2.3700511,2.6288466,2.5165958,3.1114604,3.0973997,3.475262,2.6179128,0.0,2.5566642,2.4783134,4.4631953,4.4860115,4.1703343,3.9954717,4.319164,4.2230372,4.21051,4.209062,4.2572775,4.294855,4.3196874,4.3293858,4.2466207,4.2224827,4.9416785,4.875387,3.9855886,3.956785,4.4571633,4.0198474,3.4998775,4.518275,3.0842438,4.5699615,4.42517,4.895486,3.32063,4.16228,4.1424255,4.1175733,4.806789,4.1848807,3.8552854,3.706009,3.8627017,3.9842064,3.5519538,5.004455,3.609734,3.6459553,3.213543,3.2936506,3.400473,3.3873813,3.3486917,3.1911414,3.528759,3.5197675,4.0136824,4.0924263,4.455254,4.6188464,4.359612,4.3217225,4.745801,4.562925,4.2801466,4.2737083,4.8975396,4.8586054,4.9194016,3.811175,4.76223,4.528889,4.5583777,4.277863,3.2242541,3.3696735,4.197116,4.077678,3.9947467,4.164814,3.281555,4.2363157,4.809783,3.835004,3.233583,3.3204951,3.3729293,3.0670874,3.884164,3.9141872,4.7786803,4.7838874,3.7744014,4.6342387,3.7601988,3.798766,3.710627,3.3491929,3.5494657,3.7465165,3.6584744,3.8419645,3.9289796,4.0647264,3.3600554,3.2596288,3.1945841,3.491167,4.5055466,4.2326217,4.0963244,4.2088375,4.3564897,4.382018,4.3298507,4.411199,5.0402093,4.954768,5.0615106,4.9500976
14,2.7285233,2.1718266,2.5676677,2.281525,3.6174438,4.3205748,2.8448758,3.1538026,1.0429254,1.7494948,1.9947717,2.2226243,0.4234857,2.5566642,0.0,1.2085764,4.243063,4.2112007,3.947084,3.7652643,4.164935,4.0865006,4.113883,4.1608295,4.1272397,4.1341305,4.2296453,4.1371236,4.0293565,4.185417,4.7714663,4.7458243,3.8772914,3.8854368,4.3288035,4.053748,3.6016552,4.6475754,3.0858672,4.419715,4.2524805,4.7532363,3.1399508,3.9372153,3.9153602,4.054772,4.6818633,4.059714,4.322393,3.4707546,4.474748,4.42534,3.5225356,4.21032,3.6951382,3.711914,3.0076523,3.0710886,3.625847,3.6360943,3.256947,3.4168656,3.4563522,3.5391574,3.8156345,3.9766128,4.252261,4.416616,4.01463,4.236035,4.5414667,4.3654566,4.0181055,3.9975493,4.5839667,4.657192,4.5518384,3.428168,4.553247,4.3131185,4.2878146,4.0274706,3.0091453,3.1553166,3.935725,3.8874412,3.7832134,3.8307755,3.0232005,3.9795613,3.8124006,3.6944761,3.030715,3.047252,3.0637066,2.6989157,3.4871418,3.5340848,4.4300957,4.437213,3.4343913,4.3396454,3.3989937,3.4709902,3.36537,3.0294983,3.1638033,3.3764982,3.5524416,3.3717582,3.5538528,3.6643355,3.6452324,3.687234,3.409093,3.8099225,5.0702233,5.064821,4.364443,4.4838934,3.84935,3.8718274,4.2199244,4.305977,4.687233,4.6443324,4.690304,4.624317
15,2.5958872,2.3611615,2.463921,2.3434808,3.70237,4.1142125,2.803738,3.1212728,1.20249,2.0372376,2.2657745,2.507288,1.2685419,2.4783134,1.2085764,0.0,4.1347513,3.9972727,3.8506615,3.5908978,4.025253,3.9305782,3.929365,3.968411,3.9445968,3.983152,4.1207414,3.9909172,3.8444233,4.0132384,4.731617,4.721309,3.731919,3.7299812,4.1506414,3.9018312,3.5170555,4.429322,3.0794928,4.2909226,4.14374,4.65503,3.2596989,3.8157187,3.7421846,3.8765273,4.551624,4.0546355,4.1686063,3.3593252,4.3476744,4.239203,3.250709,3.8566687,3.431662,3.4445612,3.0009332,3.073388,3.581412,3.5979269,3.1956856,3.157546,3.2394636,3.2699285,3.8740132,4.0465016,4.28454,4.4589076,4.1134744,4.335563,4.5659018,4.4116726,3.9156692,3.828434,4.6317415,4.421803,4.454371,3.3835583,4.377138,4.117742,4.462288,3.8917158,3.0420125,3.1289434,3.9443462,3.922038,3.6653333,3.6781719,2.9562752,4.0116873,3.934673,3.755692,3.007264,2.9909964,3.0114627,2.7429519,3.4229548,3.447595,4.1984644,4.2029543,3.3211892,4.1277394,3.3004515,3.3558395,3.2974887,3.1154292,3.139616,3.2236638,3.476031,3.2993562,3.375238,3.5586505,3.6066544,3.7249863,3.4103382,3.7870483,4.9228525,4.8215437,4.2285852,4.346505,3.8054166,3.827649,4.1802583,4.2701874,4.651889,4.581858,4.657574,4.554593
16,4.5633063,4.1797576,4.191906,3.936812,3.8732703,1.7511634,4.612634,4.465717,4.3243275,4.273368,4.2616158,4.0691285,4.2866364,4.4631953,4.243063,4.1347513,0.0,0.5642166,1.5634682,1.9335867,1.6741483,1.7982553,1.7188028,1.754189,1.6038907,1.623504,1.7438821,1.6758415,2.0406122,1.9636858,2.060514,2.2064548,2.5866573,2.629353,3.258717,2.6297598,3.917846,3.2127976,3.3700902,3.183645,2.7683022,2.7678502,3.5021682,2.1956315,1.9450927,2.7859614,3.0112429,3.5906773,2.7344854,2.7440963,2.6578336,2.7183795,2.1361258,2.9010181,2.438732,2.4545193,2.117741,2.2149086,2.2794676,2.2904263,2.3740246,2.6026847,2.1928005,2.1538093,2.8266113,2.8628595,2.707466,2.8262174,2.5884297,2.7388628,2.934429,2.6668818,2.3850954,2.4856567,2.9146266,3.059166,3.2291627,3.3865519,3.037554,2.948992,3.458354,2.0918162,3.2086332,3.0121808,1.6180385,1.7488612,2.1532521,1.6731625,2.3942611,1.6777809,2.7204983,2.3199098,2.4490132,2.2422698,2.2486498,2.8931365,2.78484,2.772022,2.1498678,2.1541493,2.6176298,2.187862,2.6151807,2.6783319,2.5313616,3.4639292,2.9566157,2.5841863,2.690929,2.7463546,2.1816163,2.8857365,2.7248275,2.7399945,2.628932,2.922891,2.995452,2.9490478,2.7717097,2.7353904,3.0190694,3.0590131,3.222905,3.2602208,4.813268,4.772818,4.8315024,4.729349
17,4.502451,4.1146603,4.1433578,3.8762982,3.8096619,1.6812568,4.601377,4.464409,4.28488,4.237024,4.2822976,4.0756083,4.2394214,4.4860115,4.2112007,3.9972727,0.5642166,0.0,1.7006727,1.8545706,1.6529579,1.7771503,1.6912471,1.7151338,1.5912908,1.6447421,1.7949646,1.6406298,2.0945745,1.9596937,2.095945,2.2486582,2.4723878,2.514961,3.165125,2.54347,3.8213778,3.1403341,3.3208427,3.124542,2.692804,2.6704428,3.4522622,2.0940197,1.8496556,2.6359537,2.856621,3.4673734,2.7640173,2.6944032,2.6856062,2.64439,2.0905774,2.6856167,2.436789,2.443466,2.1235008,2.2120872,2.300251,2.3079605,2.3186011,2.5533872,2.1488883,2.0715241,2.9064066,2.9651635,2.8363943,2.9560318,2.7007163,2.8435004,3.0170233,2.8114069,2.3727448,2.4168403,3.0070825,2.9377208,3.1503413,3.3747218,2.9593387,2.8744996,3.604549,2.074855,3.1468081,2.9228733,1.8156807,1.9507508,2.1087248,1.5922114,2.3551276,1.8908478,2.8248887,2.4559424,2.3596876,2.187175,2.1949503,2.8441079,2.7119217,2.6920817,2.022728,2.0262024,2.510313,2.0796502,2.5170424,2.5734797,2.4714866,3.423852,2.8713057,2.451367,2.5893788,2.6350095,2.0041811,2.825886,2.7170372,2.7404172,2.6524136,2.883922,2.941596,2.9549146,2.696086,2.6816237,2.9733658,3.009962,3.2018483,3.243988,4.723238,4.6810446,4.8098173,4.652329
18,4.3961716,3.9490972,4.071472,3.747652,3.6531231,1.3129916,4.566319,4.361982,4.121512,3.9063742,4.033533,4.2149806,4.0329556,4.1703343,3.947084,3.8506615,1.5634682,1.7006727,0.0,1.476999,0.96882147,0.9935702,0.9810219,1.1157262,0.9440415,0.98636883,1.2483631,1.0383153,0.7522232,1.7855413,1.7927815,1.8189805,2.4425604,2.4689713,2.562684,2.4450376,3.3526435,2.4670196,3.1664996,2.421833,2.438079,2.5832782,3.2843764,1.9585297,1.8461834,2.7741287,3.102516,3.5720992,2.5798833,2.5915375,2.5524309,2.7326636,1.9777178,2.8718672,2.1373286,2.1486988,1.9571466,2.0628176,2.188599,2.1813123,2.286052,2.5393054,1.9534051,1.9894211,2.1276286,2.0129545,1.9353448,2.0284185,2.1001952,2.0989861,2.370436,1.9653441,1.7298728,1.817476,2.6242554,2.8420925,3.0858154,2.6121259,2.4296148,2.2347937,3.4737837,1.6848643,3.0084357,3.165273,1.4162091,1.5256064,1.6275722,1.3213629,2.2073455,1.6785461,2.6690536,2.261599,2.435636,2.0600958,2.0841362,2.7611346,2.8388195,2.8886092,2.3338175,2.3540235,2.6901248,2.278801,2.6804595,2.7806356,2.4776373,3.3951664,2.6962419,2.5923982,2.747866,2.876618,2.883835,3.0317051,2.6613996,2.6722577,2.5739164,2.9903061,3.0649748,3.0353782,2.8574996,2.7483554,3.0645676,3.1084166,3.230878,3.2601578,4.303574,4.2710667,4.1380997,4.1883974
19,4.2920074,3.8519995,3.9709392,3.6631706,4.0567927,1.5226383,4.3454814,4.519745,4.039203,4.180773,4.3869395,4.5230093,3.844386,3.9954717,3.7652643,3.5908978,1.9335867,1.8545706,1.476999,0.0,1.3108679,1.2365016,1.4175651,1.5107613,1.3951733,1.459616,1.6263047,1.379632,1.70542,1.8550432,1.9552313,1.9860705,2.3227742,2.3390465,2.6743197,2.284415,3.352939,2.6876826,3.387191,2.771118,2.7081985,2.6097302,3.5134196,2.2320077,2.0596676,2.6493874,2.8942702,3.5411854,2.5928051,2.2093022,2.5184433,2.7066991,2.1236966,2.9374158,2.2768266,2.2718134,2.1296954,2.2021983,2.2866998,2.2868505,2.2863088,2.5498643,2.1004193,1.9585261,1.7087971,1.875399,2.452343,2.5784016,2.3422618,2.3275776,2.8305943,2.4405553,1.9779145,1.9368641,3.0122907,3.109562,3.109959,2.9050493,2.7269413,2.482869,3.8253665,2.0100074,3.1928208,3.3440394,1.9692591,2.0374541,1.8863435,1.558505,2.4270554,2.135323,2.9655337,2.628038,2.4612906,2.2590082,2.2969563,2.9284527,2.9445832,2.9948308,2.4096973,2.424065,2.8647373,2.424952,2.809681,2.9151,2.665205,3.5769606,2.8226454,2.7035003,2.7428005,2.9119947,2.949733,3.1919835,2.8664055,2.8127098,2.717326,3.0744848,3.0430615,3.07769,2.5642304,2.733522,3.2385256,3.2819002,3.35423,3.4003217,4.340755,4.3034835,4.2668896,4.255935
20,4.5465417,4.1122007,4.240353,3.9307928,3.6334074,0.9903321,4.515252,4.3011494,4.364784,4.136468,4.350269,4.5226083,4.208292,4.319164,4.164935,4.025253,1.6741483,1.6529579,0.96882147,1.3108679,0.0,0.31490704,0.39206675,0.56010157,0.4432879,0.50552833,0.6793823,0.42004812,1.3857911,1.2393217,1.373836,1.3675615,2.2243745,2.2445645,2.4774895,2.2666485,3.238561,2.2291923,3.2151332,2.2315407,2.3085449,2.2305255,3.3276527,1.7915279,1.6770518,2.620395,2.8622365,3.4237235,2.6378186,2.6443913,2.4316583,2.6480608,2.0551622,2.7971618,2.0719483,2.078685,2.0465848,2.084422,2.1737142,2.149668,2.3159478,2.581794,2.0657783,1.9340743,2.1319516,2.039217,1.9854442,2.0805712,1.9530758,1.7952937,2.3945625,2.0018408,1.6142433,1.6611284,2.730458,2.8876073,3.0146902,2.8919415,2.2583134,2.200594,3.6294436,1.4522094,3.0332162,3.1890593,1.5778238,1.676708,1.492386,1.1750761,2.2958755,1.7602779,2.9088893,2.4108758,2.223839,2.1230474,2.1548257,2.878697,2.8892448,2.9609478,2.2964509,2.3227186,2.7658138,2.2273016,2.7376945,2.8652053,2.4871905,3.4890842,2.6869962,2.5475087,2.6313534,2.8388922,2.910729,3.1151035,2.744544,2.5293064,2.6404586,2.8593054,2.723663,2.759667,2.5525641,2.4573803,3.125774,3.1644878,3.2111223,3.2443006,4.1247826,4.088585,4.190729,4.0333495
21,4.527964,4.0968523,4.2375755,3.9332302,3.755943,1.0642707,4.4556937,4.264618,4.281173,4.0736976,4.2806315,4.4858932,4.1293073,4.2230372,4.0865006,3.9305782,1.7982553,1.7771503,0.9935702,1.2365016,0.31490704,0.0,0.4972472,0.7207894,0.61813027,0.65128356,0.8665392,0.59881306,1.3516101,1.263242,1.5538205,1.5030266,2.3732553,2.386306,2.5717547,2.4072447,3.3329408,2.3474488,3.3079872,2.3570616,2.488981,2.44188,3.4484136,1.9804426,1.8162398,2.7525544,3.040544,3.5752158,2.572153,2.5709417,2.4355862,2.7026236,2.0466914,2.8532095,2.0498753,2.0649521,2.1355352,2.1587274,2.2668457,2.2480564,2.4071202,2.6570573,2.0687706,2.01445,2.1082213,2.0246525,2.0580933,2.1459868,1.9922024,1.826216,2.461073,2.058448,1.6701951,1.688004,2.807655,2.9528468,3.120037,2.9395633,2.3776345,2.2907767,3.7019386,1.486668,3.0585804,3.2321532,1.6630869,1.7326688,1.5848496,1.231508,2.357145,1.8613949,2.9479415,2.5032268,2.2784207,2.1965706,2.2244337,2.9405472,2.939408,3.0210278,2.3591337,2.385965,2.8273418,2.2774758,2.7957268,2.9279385,2.5376685,3.5412982,2.7393866,2.574381,2.7146096,2.900862,3.0069547,3.1835248,2.7584798,2.5635684,2.651609,2.8919597,2.77427,2.8236065,2.5577605,2.481779,3.214498,3.2524335,3.2999413,3.3358073,4.1794147,4.1438313,4.1587152,4.0662704
22,4.4237337,4.0496583,4.120236,3.8523057,3.5608695,1.0026568,4.443146,4.169738,4.2843666,4.0761247,4.258786,4.4614234,4.151308,4.21051,4.113883,3.929365,1.7188028,1.6912471,0.9810219,1.4175651,0.39206675,0.4972472,0.0,0.40078828,0.42429206,0.3460316,0.64632964,0.40990373,1.3868006,1.2757386,1.4518595,1.4470999,2.2748246,2.2901168,2.4832504,2.2983835,3.179288,2.2000165,3.1032596,2.1948597,2.2929015,2.2577245,3.2761898,1.793825,1.6790477,2.5216985,2.7938893,3.3053303,2.6397867,2.6970146,2.5731485,2.5970407,1.9991722,2.7316196,2.0219564,2.018704,1.9922166,2.039329,2.1321797,2.1094851,2.281679,2.4672322,2.046343,1.8655552,2.22906,2.123328,2.0327158,2.1508534,2.0400584,1.8168639,2.3337486,2.1105123,1.688411,1.7478763,2.8144934,2.7900503,3.127736,2.9260945,2.3161821,2.2643862,3.7491407,1.6538303,3.080694,3.2332332,1.6681105,1.7640635,1.550679,1.3652463,2.2586968,1.8050708,2.891075,2.3319097,2.1889641,2.1061628,2.1441712,2.8410332,2.979855,3.0476382,2.3897312,2.4158266,2.7762446,2.3570058,2.7596188,2.8876505,2.5825481,3.5188932,2.7006562,2.5706992,2.6679854,2.875487,2.9392574,3.1536558,2.7855148,2.5375483,2.6816185,2.9026957,2.8130372,2.764236,2.651701,2.5459967,3.1844208,3.2239976,3.308226,3.3421338,4.1558185,4.107683,4.207574,4.056468
23,4.478701,4.10791,4.1534095,3.9010324,3.5536108,1.1142635,4.441623,4.1691427,4.3499475,4.118558,4.289749,4.5090504,4.1983395,4.209062,4.1608295,3.968411,1.754189,1.7151338,1.1157262,1.5107613,0.56010157,0.7207894,0.40078828,0.0,0.39177358,0.4391683,0.6192647,0.5093268,1.5588272,1.246926,1.4499639,1.5017903,2.183672,2.1975334,2.4665833,2.2248037,3.076992,2.1175978,2.9938123,2.1212158,2.0581872,2.0747592,3.2089636,1.6615402,1.7813628,2.5000887,2.7929103,3.2949843,2.5918396,2.673738,2.4838374,2.5614946,1.9838984,2.8526535,2.0142546,2.0074363,1.9997408,2.0954483,2.1659894,2.134123,2.2511027,2.4173954,2.0523446,1.7885022,2.2638419,2.1425912,1.9912306,2.1144316,2.04429,1.8209649,2.3385906,2.061922,1.7028286,1.7935009,2.7591083,2.790228,3.1034908,2.9852235,2.261524,2.298414,3.7203681,1.6376119,3.071527,3.2100818,1.6901411,1.7992141,1.4546802,1.3796911,2.2722862,1.8324407,2.9298592,2.3450465,2.159759,2.1009831,2.1425421,2.841742,2.9477842,3.0161355,2.3746257,2.4013305,2.7593927,2.3365207,2.7422066,2.8668725,2.5557768,3.4790776,2.698311,2.6635516,2.6486814,2.902832,2.9164453,3.1395118,2.762079,2.4310577,2.6297278,2.7837894,2.6228292,2.533005,2.4590936,2.343483,3.1844199,3.2267816,3.2847986,3.3190334,4.0531983,4.00048,4.2268305,3.9916399
24,4.4898024,4.1102695,4.1649466,3.8890572,3.6065562,1.109773,4.421635,4.249759,4.3223515,4.1217256,4.293231,4.467818,4.172692,4.2572775,4.1272397,3.9445968,1.6038907,1.5912908,0.9440415,1.3951733,0.4432879,0.61813027,0.42429206,0.39177358,0.0,0.35556814,0.53452754,0.42507136,1.3772423,1.1388522,1.4299533,1.4989772,2.0705168,2.0896275,2.467387,2.1134474,3.1791956,2.24753,3.106087,2.2458694,2.1831114,2.1797354,3.2795193,1.7522732,1.7265297,2.526415,2.8075264,3.384677,2.579614,2.6376486,2.4519792,2.60165,1.9286805,2.7583103,1.8498275,1.8474921,1.9808722,2.066098,2.1615913,2.1459522,2.2281237,2.4153888,1.9760591,1.7394315,2.2043655,2.1140277,1.9599794,2.080297,1.9717437,1.9237325,2.370386,2.0255353,1.6176142,1.6738961,2.799135,2.8960145,3.0825043,2.8805952,2.26673,2.213412,3.5525439,1.4081328,3.0381205,3.165386,1.5108352,1.6364962,1.3323869,1.2388337,2.1981676,1.6611719,2.7835853,2.2716005,2.17596,2.029881,2.0761569,2.796903,2.9042614,2.9640446,2.3039734,2.329332,2.7530115,2.2674396,2.7293472,2.8536217,2.4776213,3.4507208,2.6870482,2.580753,2.6303542,2.84763,2.8320267,3.0220459,2.7409863,2.5452273,2.5998383,2.8352036,2.7314532,2.6380823,2.5261302,2.4068153,3.031532,3.0758266,3.1545599,3.188901,4.070755,4.0245185,4.155626,3.9805808
25,4.450844,4.083757,4.129328,3.8694177,3.6513274,1.0904198,4.4526772,4.199663,4.3188615,4.12172,4.268726,4.471652,4.1792974,4.294855,4.1341305,3.983152,1.623504,1.6447421,0.98636883,1.459616,0.50552833,0.65128356,0.3460316,0.4391683,0.35556814,0.0,0.5577265,0.36166123,1.4826895,1.1821779,1.3979839,1.4551574,2.2800121,2.2999089,2.5855951,2.3135002,3.271308,2.36037,3.1488147,2.3325658,2.3498077,2.3233848,3.356577,1.8909581,1.7817854,2.554212,2.827963,3.3946323,2.6195145,2.7428477,2.6077423,2.6881225,1.957898,2.6900394,1.9772741,1.967116,1.9756573,2.045278,2.1356645,2.1269112,2.2583525,2.445983,2.0157197,1.7957462,2.2241554,2.1258583,2.02692,2.1537802,1.964127,1.7821366,2.3575692,2.0905235,1.7033314,1.7909956,2.803895,2.86841,3.1695924,3.0237753,2.4374433,2.3830898,3.695256,1.6200018,3.1366405,3.2728186,1.5915788,1.6956339,1.5571395,1.3754281,2.2832577,1.6851085,2.779024,2.2739906,2.2109368,2.1212795,2.1609151,2.8646398,2.983908,3.050856,2.3683255,2.394494,2.7965279,2.3470805,2.778378,2.9079456,2.5856059,3.5334134,2.7484133,2.6275196,2.6993625,2.8932998,2.9280033,3.1458435,2.8769617,2.6090534,2.7208345,2.9655237,2.8960395,2.7877011,2.682522,2.5746918,3.173164,3.217903,3.3145533,3.3458169,4.1762543,4.1276875,4.211176,4.076293
26,4.5035925,4.140085,4.193493,3.9380233,3.5602791,1.2138426,4.367148,4.2013755,4.4364347,4.2352524,4.403753,4.581992,4.259567,4.3196874,4.2296453,4.1207414,1.7438821,1.7949646,1.2483631,1.6263047,0.6793823,0.8665392,0.64632964,0.6192647,0.53452754,0.5577265,0.0,0.6498477,1.6714981,1.1151407,1.4481469,1.4952207,2.0165393,2.0310144,2.4450297,2.0349648,3.1225638,2.1988378,3.1157794,2.1620345,2.1689284,2.1427379,3.26258,1.7247988,1.759081,2.4427261,2.7056365,3.2869377,2.7441783,2.802735,2.5782995,2.5991583,2.046684,2.845562,1.8247672,1.8176543,2.0224578,2.0745988,2.178644,2.1513603,2.2858727,2.4825642,2.101046,1.871094,2.1781769,2.070407,1.8534404,1.9803436,1.8292753,1.7802,2.2073274,1.9746238,1.6295363,1.7247342,2.8100266,2.9324234,3.0892577,2.9529057,2.235385,2.2279577,3.4980838,1.5488591,3.1487932,3.3060837,1.4595693,1.5718948,1.3979348,1.4942052,2.2398193,1.5577682,2.768455,2.1344368,2.1338942,2.0870142,2.141166,2.8486102,3.0400586,3.1033745,2.444173,2.470442,2.8672013,2.4402332,2.8310735,2.9689126,2.6073985,3.5408401,2.7214046,2.6728783,2.6287894,2.8914425,2.960644,3.0644717,2.8276787,2.5652375,2.6776063,2.8470638,2.6724796,2.5802417,2.547711,2.4198687,3.0291896,3.069826,3.130836,3.1647248,3.9714637,3.9251497,4.166721,3.9043963
27,4.546574,4.1095753,4.20847,3.9040825,3.5896015,1.0309778,4.495099,4.259252,4.331574,4.111464,4.323052,4.5273504,4.186524,4.3293858,4.1371236,3.9909172,1.6758415,1.6406298,1.0383153,1.379632,0.42004812,0.59881306,0.40990373,0.5093268,0.42507136,0.36166123,0.6498477,0.0,1.5127754,1.1413225,1.3645494,1.4063578,2.1590037,2.1818023,2.3861644,2.2024708,3.1917567,2.2589679,3.1800516,2.2245445,2.3556304,2.2644668,3.3174667,1.8382459,1.6440201,2.4174638,2.6747954,3.2785451,2.6028519,2.648159,2.5450375,2.538047,1.9609674,2.7050133,2.0223641,2.0025992,1.9630421,1.9906311,2.1064217,2.0923073,2.2031453,2.4689548,2.0040457,1.7925565,2.1315181,2.0458941,1.9839274,2.1001294,1.8688,1.7178755,2.2789578,2.0754635,1.5449586,1.6243385,2.7555947,2.7517476,3.006099,2.9288828,2.2899249,2.2119467,3.6822479,1.6002268,3.0991628,3.2666337,1.5835196,1.6986753,1.5180514,1.3011929,2.2157562,1.6672802,2.733413,2.252506,2.1226265,2.042559,2.0810373,2.8033028,2.8927805,2.9614959,2.2284803,2.255151,2.6911664,2.2271245,2.6694577,2.7998116,2.5123675,3.4900653,2.6288784,2.4912374,2.5933301,2.777473,2.87965,3.0647137,2.742023,2.4941463,2.6022182,2.8373692,2.77692,2.7510839,2.5484204,2.4410803,3.0960672,3.1383986,3.2476637,3.2787168,4.0536456,4.011707,4.127715,3.951324
28,4.3786783,3.9646363,4.1247115,3.789211,3.7594981,1.5891817,4.713831,4.583499,4.1859655,4.0041785,4.175583,4.3422728,4.1052966,4.2466207,4.0293565,3.8444233,2.0406122,2.0945745,0.7522232,1.70542,1.3857911,1.3516101,1.3868006,1.5588272,1.3772423,1.4826895,1.6714981,1.5127754,0.0,2.2466621,2.268405,2.2677324,2.526506,2.5422509,2.5811994,2.4825842,3.4017692,2.5498767,3.4081967,2.5410988,2.61225,2.8649304,3.4542487,2.1796918,2.079381,2.8949153,3.277079,3.8108697,2.8209493,2.792648,2.7408671,2.8837645,2.115372,2.880233,2.1729012,2.1925216,2.2674632,2.3619936,2.4997768,2.494622,2.5174277,2.737212,2.0297313,2.2330365,2.3440456,2.2300258,2.2461872,2.3076131,2.5091212,2.5618799,2.679205,2.3113182,2.0055933,1.9756858,2.981159,3.055059,3.2421916,2.4381688,2.516153,2.1471152,3.684439,1.8872339,3.1793487,3.3620284,1.8180057,1.8940911,1.8677337,1.633347,2.4563046,2.1616576,3.0038471,2.6328483,2.7993417,2.3225417,2.3643749,2.9848373,3.123493,3.1604364,2.6354954,2.652959,2.9879975,2.5786371,2.9839249,3.070694,2.7590222,3.6299863,2.9308867,2.8158364,3.0210826,3.152213,3.1785905,3.2602742,2.925846,3.09612,2.9182591,3.35711,3.378848,3.3883107,3.239345,3.1280077,3.239346,3.2770622,3.3905456,3.4227297,4.4426036,4.4149103,4.20691,4.326952
29,4.6547456,4.2746077,4.26928,4.0292387,3.8444064,1.6646342,3.9965563,3.93326,4.3514028,4.1718802,4.3333654,4.567088,4.2391925,4.2224827,4.185417,4.0132384,1.9636858,1.9596937,1.7855413,1.8550432,1.2393217,1.263242,1.2757386,1.246926,1.1388522,1.1821779,1.1151407,1.1413225,2.2466621,0.0,2.0107422,2.0371754,2.2869978,2.3033793,2.7151997,2.3933434,3.4757874,2.633632,3.3552513,2.631925,2.7629545,2.7361977,3.5504358,2.2783003,1.9992889,2.8197765,3.1915162,3.5932508,2.785311,2.8975852,2.6771636,2.8597493,2.1316624,2.9516604,1.784925,1.7818413,2.2727447,2.2703872,2.3526347,2.3499808,2.5642664,2.7079182,2.2601924,2.0368612,2.411702,2.4076936,2.128368,2.2634096,1.8450054,2.03005,2.4993203,2.2127306,1.6888509,1.7292225,3.0507402,3.1285214,3.243044,3.2613149,2.4781573,2.5388515,3.4362698,1.5536977,3.121224,3.2655487,1.6894636,1.790847,1.6037188,1.6938623,2.2121515,1.5740285,2.831498,2.2228563,1.9645857,2.118517,2.146473,2.826137,2.8951864,2.9533207,2.3348086,2.3558354,2.7666178,2.3166544,2.7274954,2.84946,2.4291973,3.4182875,2.6489143,2.4411354,2.4993916,2.7002325,2.798893,2.8432217,2.7126667,2.4855964,2.4413922,2.6110528,2.5722706,2.4128296,2.274374,2.141652,2.8987315,2.9437368,2.9808164,3.0256312,3.829563,3.776671,3.973027,3.6788874
30,5.1721783,4.7817955,4.8514595,4.5494375,3.8566508,1.7230381,5.1916027,4.958126,4.998182,4.7720513,4.969989,5.1083307,4.8315477,4.9416785,4.7714663,4.731617,2.060514,2.095945,1.7927815,1.9552313,1.373836,1.5538205,1.4518595,1.4499639,1.4299533,1.3979839,1.4481469,1.3645494,2.268405,2.0107422,0.0,0.3744088,2.6332998,2.6608467,2.9381838,2.6778173,3.5412538,2.6337934,3.401057,2.670407,2.693393,1.9625936,3.5749662,2.315269,2.2243848,3.0161545,2.6686487,3.3131752,2.9152348,2.9813855,2.757531,3.0208447,2.9444091,3.5195527,3.0025787,2.9855478,2.4117036,2.4403217,2.4241116,2.4009576,2.553335,2.7741888,2.9468722,2.3099751,2.542541,2.4206486,2.335934,2.416705,2.2917628,2.032291,2.6294627,2.2835877,2.1577582,2.303422,2.89897,3.2699823,3.344594,3.4368377,2.7849333,2.8184261,3.7785952,2.0800314,3.3600233,3.491822,2.1187382,2.2150915,2.0181375,1.7952243,2.7296104,2.1524594,3.101245,2.6882753,2.705576,2.5674143,2.582638,3.217555,3.2519965,3.3323479,2.786153,2.8161178,3.1552212,2.712457,3.1142104,3.2565696,2.9113643,3.7793999,3.116258,3.034437,3.0651622,3.2443695,3.2587109,3.45655,3.0909867,2.801454,3.0164368,3.2125626,3.1980653,3.104861,3.0266912,2.9551396,3.4193902,3.4562497,3.5315807,3.5273874,4.4850225,4.452254,4.495627,4.3771534
