,0,1,2,3,4,5,6,7,8,9,10,11,12,13,14,15,16,17,18,19,20,21,22,23,24,25,26,27,28,29,30,31,32,33,34,35,36,37,38,39,40,41,42,43,44,45,46,47,48,49,50,51,52,53,54,55,56,57,58,59,60,61,62,63,64,65,66,67,68,69,70,71,72,73,74,75,76,77,78,79,80,81,82,83,84,85,86,87,88,89,90,91,92,93,94,95,96,97,98,99,100,101,102,103,104,105,106,107,108,109,110,111,112,113,114,115,116,117,118,119,120,121,122,123,124,125,126,127
0,0.0,2.716718,2.772495,2.2757201,2.8161638,3.2857406,2.7464406,2.7766714,4.490977,5.297129,4.4181504,4.3378925,5.016997,4.7819967,3.9524133,3.3048742,3.335952,3.4420917,2.8426962,2.898503,3.6062841,3.9507282,3.8925724,3.7876925,2.7518666,3.7586088,3.2238035,3.6044424,3.9090796,3.7026982,3.4367557,4.584347,4.664951,4.6360188,3.9159806,3.8892367,3.8005102,3.744934,3.2621713,4.084924,3.921132,4.0220275,4.074513,3.919076,3.8030617,3.7834558,4.3239675,4.18159,3.529672,3.3906205,3.9041574,3.7585435,4.108114,3.5776737,3.3335376,3.5258846,3.5306363,4.370614,4.2636957,4.4336114,4.9437375,4.5864854,4.235877,4.5782228,3.9897296,4.2580895,4.5271306,4.462194,3.9968758,4.140772,4.6790113,4.098817,2.9531949,3.080976,3.4193804,3.5403204,3.8712852,4.243175,3.598128,3.47739,4.1576505,4.1990056,4.534774,4.1609178,2.9452336,3.5170205,2.8543646,3.8187635,3.281041,3.8962955,3.3609724,3.232191,3.7254696,3.9326968,3.8705733,3.5017219,4.683353,4.664743,4.431149,4.296197,3.6915617,3.7522302,3.9573612,4.149603,3.672863,3.7064948,4.1284676,4.2227826,4.123471,4.480412,4.5548887,4.8969893,3.3530626,3.2728248,3.0838149,3.4818435,4.2491956,4.233395,3.71396,3.3176055,4.4331775,4.296327,4.055495,3.9083314,3.506216,4.095958,4.464546,4.310813
1,2.716718,0.0,2.0220385,3.3244145,2.1223483,2.6938949,1.9105678,1.8863074,3.9765556,4.5553827,3.289845,3.227388,4.145636,3.9104702,3.235093,3.4408379,2.615215,2.8312132,3.2279844,3.5119424,3.0287304,3.4555244,3.4325583,3.2997675,3.2814665,3.2072847,3.6057277,3.1819284,3.4599278,3.1691785,2.8082728,4.0647354,3.9556324,3.8988616,2.7671452,2.9955587,2.662053,2.5600185,4.1046667,3.0956085,2.827228,3.907327,2.9252963,2.8168879,2.570629,2.5672526,3.3074121,3.0749192,2.89904,2.8369687,3.416403,3.3158646,3.707522,3.0985663,2.8498678,3.0831037,3.3092566,4.3280377,3.924821,4.2913876,4.2564716,4.1142526,4.161566,4.2278805,3.7107651,3.9819775,4.020546,4.0029917,3.4574215,3.5313392,4.0978885,3.5698183,2.1015913,2.3041565,2.8169823,2.9256005,3.318642,3.6144104,3.0069463,2.9537892,3.8048024,3.8414245,3.9902792,3.7614114,2.6978402,3.2012532,3.4693618,3.5781083,2.9576077,3.3637161,2.891524,2.6534207,3.214027,3.7113857,3.5412815,3.2189853,4.3931074,4.546408,4.14171,4.1820655,3.142553,3.4590924,3.626701,3.6471236,3.4852717,3.5581038,4.0761847,3.8377361,4.1687255,4.4951277,4.5049214,4.7322264,3.4811554,3.7448184,3.1859605,3.5098417,3.8699217,3.8537576,3.9508493,3.52346,4.0834527,3.9853528,3.3588998,3.4910703,3.25542,3.6414115,4.1023364,3.9293044
2,2.772495,2.0220385,0.0,2.5082185,0.39329237,1.2639391,0.5598399,0.46270365,3.8066428,4.2325335,3.1125522,3.0382981,3.862879,3.6671546,2.3866339,2.4496603,2.0552163,2.293446,2.395388,2.7631197,2.9561641,3.15198,3.1326165,3.0121047,2.4839313,2.743438,2.452316,2.1265752,2.4085758,2.752053,2.2059827,3.7758644,3.4728599,3.427797,2.3157663,2.3454795,2.1706758,2.2040203,3.1717544,2.4945135,2.496237,3.4102316,2.593047,2.4655056,2.1941962,2.1660075,2.9763422,2.7212667,2.013384,2.1596675,2.7766244,2.7107725,2.5707335,2.3076959,2.2283936,2.3197145,2.6704092,3.799596,3.717445,4.090977,3.6613233,3.484611,3.14163,3.5343864,3.24578,3.3171666,3.109768,3.1050355,2.8423848,2.9805787,3.7309437,2.9734588,0.99570537,1.2199591,2.0821583,2.1641037,2.1061742,2.4338646,2.481039,2.3826551,3.0032969,2.8937006,3.197652,2.8607843,1.9080995,2.472552,2.496285,2.436791,2.3494453,2.8940997,2.3008263,2.1636505,2.4968367,3.089838,2.672549,2.4572253,3.5524657,3.6977625,3.2875104,3.3653061,2.4762795,2.4964676,3.0985656,3.177273,2.4583387,2.4882522,3.1503532,2.9163485,3.2463644,3.531272,3.5502937,3.5991468,2.3551898,2.6048665,1.7631581,2.4135475,2.8840678,2.8727133,3.0374036,2.8706174,3.326949,3.20193,2.6286478,2.555121,2.3963823,2.7329776,2.9811282,2.6909282
3,2.2757201,3.3244145,2.5082185,0.0,2.4450362,2.5832794,2.6251416,2.6543674,3.3962681,4.052576,3.1603334,2.979603,3.948709,3.7056615,2.4873338,1.7495594,2.0771718,2.2811403,1.6147404,1.5792764,2.8793156,3.1321511,2.4726388,2.260624,1.410357,2.730724,1.4181563,1.9726452,2.316947,2.941646,2.5943985,3.356818,3.691443,3.6715963,2.7102795,2.6760523,2.5936308,2.5921474,1.7554716,2.8833084,3.014119,3.0949473,3.1411817,3.0071292,3.4611294,3.4398518,4.0322585,3.8612518,2.0234046,2.1217017,4.2870355,2.4218729,2.5295296,2.2493982,2.0821474,2.1575117,2.3418715,3.3305607,2.9413629,3.167578,3.4979463,3.013011,2.7153776,2.9226692,3.0273929,3.2656498,3.3263419,3.1988227,2.8361871,3.0509963,3.3786058,3.0955057,2.3173566,2.2428868,2.0609472,2.2083967,2.3482277,2.961771,2.4465315,2.399009,2.86718,2.798226,3.268229,2.8007772,2.5738354,2.8747237,2.4761245,3.07168,2.0936244,2.8313234,2.187333,2.0213883,2.4273717,2.5630188,2.7383275,2.276945,3.6584973,3.7895572,3.3694515,3.178149,2.5690048,2.4017224,3.0853567,3.3302486,2.1086211,2.121447,3.0341656,3.1913059,3.1628988,3.4931495,3.517285,3.6487894,1.8698173,1.8158042,2.1891963,2.050249,2.9891765,2.9671803,2.5382307,2.3973155,3.3869402,3.1667902,2.7675188,2.565328,2.1009972,2.812086,3.1234024,2.8277104
4,2.8161638,2.1223483,0.39329237,2.4450362,0.0,1.1353381,0.8132253,0.71442103,3.8825994,4.256882,3.0986416,2.9812565,3.9225068,3.695891,2.2529776,2.3473942,1.996337,2.322546,2.3385165,2.7413309,3.02408,3.1552405,3.1268632,2.9167001,2.5342443,2.7871988,2.3922195,2.0939474,2.4331734,2.8198628,2.3072596,3.7694218,3.60087,3.5653207,2.2466674,2.4087207,2.1063561,2.134958,3.1250558,2.5319524,2.6124618,3.541561,2.687889,2.5798855,2.3720922,2.343818,3.1738904,2.8872502,1.9439473,2.2276406,2.8612664,2.5596755,2.6328938,2.3575392,2.310777,2.401191,2.7931902,3.947424,3.7512827,4.0958796,3.6459796,3.4023595,3.1799068,3.5591874,3.1054547,3.2375693,3.084509,3.067807,2.7418342,2.8684866,3.6811566,2.9502032,0.8797595,1.1129092,1.9267824,1.9902015,2.0628707,2.4415164,2.3565035,2.263352,3.0730243,2.9242392,3.1969726,2.8891892,1.9978644,2.47601,2.5353825,2.5436442,2.4350014,2.9515786,2.370141,2.1358578,2.5073638,3.1052353,2.701493,2.5074484,3.6766863,3.8502994,3.407225,3.4786823,2.4903395,2.5080588,3.1432052,3.224214,2.4305358,2.4539313,3.2544212,3.0236647,3.3490236,3.5881085,3.6148202,3.660512,2.20169,2.4565544,1.5835932,2.2325504,2.8274992,2.809027,3.0982435,3.0231957,3.4560115,3.2909482,2.5187004,2.5217164,2.4045708,2.669922,2.910966,2.633387
5,3.2857406,2.6938949,1.2639391,2.5832794,1.1353381,0.0,1.3078759,1.3034835,3.6652088,4.0484085,2.9830306,2.7912836,3.6666398,3.4814203,2.1424744,2.4161289,1.8573966,2.1109765,2.2752705,2.5119083,3.0921981,3.1259503,3.015148,2.841011,2.3866582,2.416219,2.2659059,2.0538,2.3019419,3.0880766,2.5268848,3.721638,3.3162177,3.306401,1.9443969,2.5341136,2.0085084,2.119852,2.8762789,2.1799603,2.7602475,3.5443482,2.677736,2.732745,2.5012975,2.4719234,3.1527631,2.9080324,1.9973409,2.3013225,3.3630373,2.7313106,2.4487004,2.3039265,2.3622787,2.3894324,3.0107226,4.046493,3.7418432,3.9735532,3.4470325,3.2670429,3.0315256,3.2314172,3.0143692,2.913629,2.558033,2.5592272,2.353148,2.538728,3.0775044,2.4891243,1.11686,1.1647475,1.7511123,1.8080622,1.8239188,2.3522322,2.1032522,2.0435805,2.8758893,2.7688632,2.9733946,2.6772428,2.1112986,2.5516944,2.5552495,2.269893,2.542541,3.027416,2.5042105,2.375863,2.2082875,2.7995775,2.5704951,2.3189628,3.5395277,3.8043056,3.0583878,3.147861,2.4837062,2.1407568,3.2291021,3.2180512,2.0335717,2.0187018,2.846701,2.5612507,3.0375648,3.1223233,3.1239758,3.1177285,1.8770586,2.1830022,1.3126886,1.9758424,2.251931,2.2264576,2.6784887,2.8601289,3.056064,2.9208183,2.1857073,2.0533936,2.126102,2.230587,2.6058438,2.1372757
6,2.7464406,1.9105678,0.5598399,2.6251416,0.8132253,1.3078759,0.0,0.27986893,3.7688692,4.259942,3.1683266,3.078395,3.8606975,3.7141843,2.5698912,2.647911,2.1524436,2.341555,2.546294,2.8506305,2.7782476,3.0304377,3.2075977,3.1320252,2.5268185,2.7339203,2.5758357,2.2012908,2.524069,2.8515189,2.2909942,3.8687515,3.461494,3.4174418,2.3895698,2.4553013,2.2932632,2.331104,3.2569153,2.4707174,2.502153,3.4126775,2.6020412,2.4768732,2.085947,2.0506516,2.775058,2.5088933,2.1531856,2.2236564,2.9348698,2.8157637,2.6048071,2.3596933,2.2700622,2.3745704,2.7446387,3.7785447,3.7326813,4.0536194,3.7131574,3.55734,3.1721861,3.5390542,3.3572457,3.3862214,3.173026,3.1790185,2.9265683,3.078454,3.722217,2.9889114,1.1716113,1.3477093,2.2152886,2.3116074,2.2470934,2.5718334,2.5415576,2.445937,3.0836875,3.0468736,3.2955334,2.9837387,1.8454384,2.6885245,2.6430025,2.3543198,2.4021618,2.9054015,2.3519611,2.2641022,2.5120254,3.0919662,2.781944,2.5096085,3.5801446,3.7564824,3.292542,3.3644857,2.6213324,2.584572,3.2958798,3.3450584,2.512734,2.5402565,3.0822403,2.8803022,3.2501874,3.5241873,3.545831,3.6121967,2.4427912,2.7141407,1.8093227,2.5315218,2.8600688,2.8579357,3.0244548,2.804747,3.289751,3.1931558,2.6426327,2.5665362,2.4567192,2.799924,3.1711493,2.7680254
7,2.7766714,1.8863074,0.46270365,2.6543674,0.71442103,1.3034835,0.27986893,0.0,3.8056407,4.271029,3.1780598,3.073727,3.8780937,3.6989138,2.5123646,2.6377845,2.1216695,2.3258128,2.560601,2.8389585,2.787217,3.012119,3.1948283,3.0968583,2.5636568,2.7351065,2.6343222,2.2510529,2.4939568,2.8325849,2.288879,3.8693502,3.4654012,3.421485,2.3425293,2.4290488,2.2405128,2.266999,3.2725651,2.4723845,2.480856,3.422967,2.5770555,2.454729,2.076807,2.040089,2.7761812,2.5006173,2.1380265,2.2332468,2.8006082,2.876678,2.6708882,2.3724449,2.3041706,2.3892968,2.76872,3.8254836,3.7514598,4.1079144,3.7540953,3.597419,3.2322285,3.591684,3.3193607,3.354693,3.1286044,3.1371844,2.8736916,3.0172024,3.7304614,2.957607,1.0722508,1.2726426,2.1820507,2.2585113,2.2243023,2.5972126,2.4784622,2.3775225,3.1130872,3.0613966,3.299365,3.0113513,1.9319893,2.5593197,2.6279266,2.4105048,2.4019322,2.8879454,2.3418105,2.2325048,2.4993825,3.158849,2.7953935,2.5300183,3.623399,3.8079116,3.2974763,3.396657,2.5265007,2.5774744,3.1398144,3.2104156,2.5672174,2.5915515,3.1570454,2.9375322,3.2870092,3.5414035,3.5729086,3.6586115,2.5017931,2.773157,1.8361553,2.5535011,2.8857107,2.8798106,3.0898802,2.8834276,3.3051257,3.2171714,2.660703,2.6157346,2.4652975,2.7814496,3.1742852,2.7857916
8,4.490977,3.9765556,3.8066428,3.3962681,3.8825994,3.6652088,3.7688692,3.8056407,0.0,1.5497551,2.2862804,2.3601735,2.1248157,2.1239214,3.1004627,3.3556614,2.796258,2.3522522,3.3233385,3.053625,3.3062062,3.1265512,2.1236153,2.7822428,2.807429,2.8222306,3.5861056,3.1367009,2.4509869,2.5611165,2.3231215,2.1094747,2.3383462,2.323852,2.6480496,2.6272314,2.9491742,3.0979302,3.3245225,2.5692186,2.1750934,2.3292117,2.3319156,2.21741,3.0486305,3.065405,3.3042388,3.4359012,2.6281161,2.1112535,4.887607,3.3793728,2.5856042,2.1539602,2.2722716,2.1762824,2.6360207,2.6967852,2.228041,2.5554295,2.465585,2.8863847,3.0139134,2.0503795,4.2278357,3.6430635,3.5756953,3.524737,3.5817754,3.27337,2.866591,3.2924538,3.6729264,3.6232016,3.234178,3.3256586,3.278649,3.5941684,3.373287,3.412108,3.1705918,3.0924037,3.5374963,3.1576529,3.4049861,3.3660707,4.0625954,3.7916203,2.7191477,3.2116299,2.788592,3.234199,2.5792472,2.7157977,3.032548,2.6096618,2.6559808,2.9846258,2.6023202,2.494823,2.8826044,2.594157,3.3159575,3.0753794,2.7657607,2.77241,2.763344,2.8517587,2.8645444,3.0371256,2.8962352,2.976561,3.7472537,4.024868,4.0489564,3.427719,3.3091934,3.3028986,2.7216566,2.7540326,2.7283497,2.4287965,3.3917503,2.7512794,2.4416218,2.9409192,3.5578117,3.2007973
9,5.297129,4.5553827,4.2325335,4.052576,4.256882,4.0484085,4.259942,4.271029,1.5497551,0.0,2.5201664,2.5997314,1.79392,1.6653233,3.361961,3.9675014,3.2980185,2.9153225,3.871372,3.6979387,3.799087,3.6054943,2.5722103,3.2279851,3.518935,3.3458316,4.053018,3.4773636,2.6757364,2.4199708,2.584912,1.7681532,2.6406918,2.5826542,2.9584284,2.8652496,3.1774013,3.3567843,3.7765481,2.8615708,2.495017,2.9463573,2.6150594,2.5236948,3.4313774,3.455314,3.7376213,3.826101,3.0276146,2.6351423,4.9340615,3.2854624,2.894284,2.6747613,2.9335868,2.811946,3.0933242,3.1391852,2.7164788,2.9122727,1.891285,2.5614223,3.11124,2.293942,4.091984,3.3813078,3.6006713,3.5467055,3.7467623,3.404436,3.0037549,3.4770954,4.097685,4.019828,3.532849,3.5041935,3.5814025,3.8494263,3.6470666,3.690453,3.6642187,3.3088343,3.7508895,3.40995,3.8710358,3.6773815,4.7342024,4.2979536,3.1941473,3.5998409,3.1955893,3.61752,2.9806592,3.1339912,3.3072264,3.1321115,2.9417589,3.3883948,3.1111972,3.1119163,3.139954,3.1354616,3.677069,3.4360745,3.2871356,3.2662902,3.3234122,3.2889106,3.3512254,3.473308,3.3856058,3.2499504,4.256507,4.5469584,4.5065274,3.8541105,3.4504542,3.4336226,3.348715,3.4514782,3.514697,2.9112666,3.755002,3.0641851,3.0239506,3.1022184,3.5391774,3.2273037
10,4.4181504,3.289845,3.1125522,3.1603334,3.0986416,2.9830306,3.1683266,3.1780598,2.2862804,2.5201664,0.0,0.9071671,2.1234577,2.139106,2.2501674,2.833474,2.0777144,2.1525173,2.7137957,3.3437052,3.0415452,3.445187,1.9536768,2.1871846,2.927816,2.7383723,2.9864984,2.2814019,2.2166724,2.794863,2.4968941,2.2192295,3.0937023,3.024982,1.695182,2.1999028,1.9337096,1.9677137,3.4847488,2.2544231,2.3643646,3.3709497,2.4347165,2.3624864,3.194223,3.2063475,3.8716063,3.7092185,1.8723768,1.9673681,4.588932,2.4375188,2.4672651,2.0494056,2.1013064,2.1189446,2.7394478,3.626953,2.2916424,2.7604866,2.2218878,2.1949503,2.98374,2.0585425,3.583147,3.4949756,3.2987638,3.2366652,3.0040834,2.997942,2.7327042,3.1534843,2.8372443,2.7458491,2.2517235,2.3342736,2.5428524,2.3865905,2.848532,2.9517245,2.9409616,2.8001237,3.0746367,2.818898,3.332904,3.2401147,3.9925878,3.749811,2.6005788,2.9605267,2.5938015,2.5081544,2.3802216,2.7299304,2.6103802,2.6087832,3.1255252,3.585304,3.3755987,3.4059927,2.7097447,2.668362,3.2000043,2.8136797,2.640777,2.6403477,3.4785762,3.2722046,3.6641011,3.9172256,3.658271,3.6564052,3.035303,3.385638,3.5036094,3.0010147,3.0996747,3.0750506,3.3237655,3.351185,3.4131742,3.128249,2.6923122,2.686233,2.4732854,2.7445872,3.1860425,2.968072
11,4.3378925,3.227388,3.0382981,2.979603,2.9812565,2.7912836,3.078395,3.073727,2.3601735,2.5997314,0.9071671,0.0,2.5963104,2.1900287,1.9900419,2.6789222,1.8560165,2.0651112,2.8624377,3.040545,2.8787363,3.1152136,1.7914771,1.6547514,2.8597758,2.6506398,2.7561932,1.9759861,1.9960122,2.8162289,2.4904625,2.2659242,3.0956302,3.0580668,1.3202177,2.077168,1.6794274,1.6551936,3.3754427,2.0265384,2.2566302,3.355101,2.3391306,2.2485955,3.1794674,3.1775827,3.8338516,3.64025,1.6070787,1.8829291,4.6833024,2.2606244,2.286507,1.9615629,1.9746764,1.9661002,2.6680398,3.644115,2.1859272,2.5889285,2.1047854,1.9091833,2.8137193,1.8260287,3.4256723,3.4104636,3.1727066,3.0817525,2.776623,2.7994425,2.5447006,3.0280826,2.6020544,2.4668586,1.9269105,1.984981,2.2627847,2.7325256,2.3295,2.437689,2.7395983,2.6499982,2.8774488,2.6284256,3.2499337,3.2201223,3.9085171,3.5951054,2.4722924,2.8427382,2.4453506,2.2717035,2.2474997,2.588452,2.8557003,2.49514,3.4847913,3.8947434,3.376506,3.3854756,2.5828311,2.5096688,3.2237868,3.023877,2.425549,2.4434242,3.417494,3.1922154,3.6444411,3.769138,3.6332011,3.5936513,2.8305287,3.1929176,3.295255,2.7710922,2.940389,2.9107893,3.2734957,3.3051555,3.3548532,3.1256468,2.432058,2.5311615,2.367363,2.6544232,3.072131,2.8039045
12,5.016997,4.145636,3.862879,3.948709,3.9225068,3.6666398,3.8606975,3.8780937,2.1248157,1.79392,2.1234577,2.5963104,0.0,1.7406651,3.1791205,3.7643018,2.9241974,2.4533143,3.2549646,3.6517415,3.5000122,3.819929,2.5530088,3.3532984,3.1629357,2.730168,3.9177408,3.406512,2.6525986,2.70312,2.7694552,2.405937,2.399239,2.275759,2.6967266,2.7575142,2.8042414,3.0340083,3.6203635,2.5310075,2.7529707,3.1502318,2.6565409,2.7812552,3.2445326,3.2798905,3.5356452,3.6152775,3.002201,2.541304,4.472004,3.2909355,3.0156646,2.5726845,2.8576686,2.8080394,3.129115,3.2735448,2.9485338,3.362883,2.301115,2.9231217,3.3660357,2.7223027,3.6463268,2.9218535,3.1472404,3.145246,3.334059,3.3109348,2.7443616,2.9920883,3.74271,3.6701114,3.2721436,3.3071995,3.3333945,3.0139124,3.6052296,3.6886082,3.7069964,3.3299353,3.6673627,3.3895793,3.703926,3.3410723,4.5217752,4.125217,3.06827,3.378239,3.0478325,3.4301019,2.6389816,3.0525868,2.6901357,2.8708122,2.5066783,3.0670097,2.7988768,2.9138796,2.8350263,2.865071,3.1477153,2.6898942,3.1129446,3.0628095,3.101102,3.023523,3.150867,3.480524,3.1882753,3.2033472,3.9510407,4.2712226,4.1716466,3.827625,3.17174,3.1443396,3.0708623,3.1699188,3.271907,2.58784,3.4601016,2.8503091,2.6953726,2.792246,3.5111425,3.0927372
13,4.7819967,3.9104702,3.6671546,3.7056615,3.695891,3.4814203,3.7141843,3.6989138,2.1239214,1.6653233,2.139106,2.1900287,1.7406651,0.0,2.857728,3.5144825,2.8659694,2.5348372,3.45858,3.302476,3.4657967,3.507946,2.1078575,2.7146297,3.1187077,3.019122,3.6651165,3.191578,2.3708522,2.2105427,2.4144025,1.7240736,2.5289888,2.4429502,2.5027783,2.4133134,2.649821,2.8144264,3.6262438,2.5235548,2.584569,3.2219653,2.6675644,2.5939343,3.489246,3.5119774,3.8184798,3.8797758,2.6786597,2.2805974,4.2436905,2.98595,2.776887,2.308188,2.584222,2.4986053,2.8152776,3.527902,2.9682887,3.308363,1.8250644,2.4339895,2.986391,2.300208,3.6735108,3.1198611,3.3948717,3.3457563,3.388532,3.3864143,2.8851676,3.235011,3.5163434,3.4077764,3.066693,3.0358305,3.2602673,3.5982223,3.1870677,3.188823,3.5339222,3.2195106,3.6070752,3.2283554,3.6355217,3.2754147,4.5005136,4.176479,2.8641694,3.3828948,2.930336,3.257633,2.7619488,2.9410324,3.098632,2.8326874,3.0204992,3.3537028,3.0016634,3.0856616,2.8020873,2.7889953,3.2562983,3.0762062,3.0718281,3.0462725,3.2374256,2.872031,3.2583516,3.3842468,3.2741234,3.25422,3.8298407,4.036044,4.156578,3.6929917,3.2670949,3.2189474,3.0896268,3.2180645,3.3966038,2.8016307,3.4786851,2.8644443,2.805832,2.8664243,3.4365072,3.1018436
14,3.9524133,3.235093,2.3866339,2.4873338,2.2529776,2.1424744,2.5698912,2.5123646,3.1004627,3.361961,2.2501674,1.9900419,3.1791205,2.857728,0.0,1.7198274,1.2735356,1.6114062,2.280357,2.4189649,2.8005853,2.6680446,1.6887857,1.4558327,2.4148428,2.366101,2.439959,1.896318,1.626081,2.8551545,2.4798698,3.18096,2.876687,2.8945897,1.4623863,1.5064744,1.2961022,1.4716895,2.7262325,1.7671804,2.3562107,3.2372825,2.377609,2.341939,3.0333307,3.0200765,3.5811353,3.4036887,1.0254879,1.5701488,4.2071123,2.257022,2.0666974,1.5235304,1.7207843,1.6586056,2.409505,3.4663298,2.9855082,3.4231412,2.9631612,2.8426516,2.6243553,2.7672377,2.7793646,2.8556378,2.6095326,2.5376203,2.0961,2.3568804,2.6944687,2.4311216,2.0126739,1.8937436,1.3033595,1.4148619,1.8302168,2.438516,1.6556449,1.7070982,2.845283,2.7189765,2.965296,2.6720614,2.6975605,2.389476,3.3094864,3.0262308,1.9002979,2.4577527,1.8273137,1.6558568,1.7642468,2.2840233,2.3186677,2.063122,3.1169686,3.504542,2.7508495,2.8005257,1.7140632,1.618973,2.6429837,2.8673272,1.6293534,1.6145946,2.7323556,2.5311239,2.9619071,3.0939834,3.0078747,3.0643015,1.9642323,2.3410854,2.3171115,2.0152957,2.087414,2.0393639,2.533505,2.8931396,2.691234,2.4702733,1.7921617,1.6412177,1.5750546,1.6222308,2.4739912,1.9175574
15,3.3048742,3.4408379,2.4496603,1.7495594,2.3473942,2.4161289,2.647911,2.6377845,3.3556614,3.9675014,2.833474,2.6789222,3.7643018,3.5144825,1.7198274,0.0,1.887996,2.165631,2.145166,2.2052507,3.068382,2.8509517,2.4282122,2.057667,1.9773886,2.6514547,2.0224977,2.061523,2.0626779,3.0582447,2.5878901,3.340304,3.512781,3.5246716,2.3762157,2.3791792,2.2564914,2.3707135,2.7607021,2.6471627,2.95303,3.3048594,3.0148659,2.9366615,3.443815,3.4292402,3.8742738,3.7231667,1.4904847,1.9372104,4.15466,2.4297976,2.3820593,1.8718202,2.0662758,2.007893,2.4150622,3.5248065,3.2354262,3.8112671,3.374084,3.0495503,3.0505326,3.0391316,3.4207492,3.549709,3.4973335,3.3965428,3.04253,3.1563063,3.6028142,3.2869048,2.1659474,2.0725708,2.1178591,2.3498433,2.0196064,2.588209,2.6067455,2.597948,3.1980808,3.0393481,3.360925,2.9985068,3.0555828,2.9134479,3.273671,3.3943136,2.4929798,2.9766486,2.506238,2.3257728,2.5214615,2.8093824,2.8473263,2.2568882,3.595665,3.5785284,3.0754528,3.0230498,2.5792322,1.9853662,2.9226897,3.1254597,1.9520417,1.9586055,2.934855,2.9039416,3.0785732,3.260233,3.1810827,3.3566062,1.6054072,1.7225482,2.073376,1.738052,3.1134498,3.0760224,2.554758,2.8162675,3.103412,2.8881855,2.367019,2.442568,1.9112903,2.730467,3.2939854,2.8372874
16,3.335952,2.615215,2.0552163,2.0771718,1.996337,1.8573966,2.1524436,2.1216695,2.796258,3.2980185,2.0777144,1.8560165,2.9241974,2.8659694,1.2735356,1.887996,0.0,0.81803864,1.7400086,1.8488965,2.4252763,2.6620812,1.6597286,1.4877073,1.7055833,1.3883564,2.0088184,1.5675277,1.5631909,2.6062198,2.115368,3.0264106,2.5335357,2.5147684,0.9341763,1.5568134,0.7130109,0.83712995,2.3087144,1.2244798,1.943494,2.7303743,1.7742623,1.9349159,2.3561463,2.3475635,3.059201,2.8747396,1.2333417,1.3987675,4.0671277,2.2759857,2.0354073,1.5368216,1.4464281,1.5377854,2.233097,3.1902432,2.595225,3.0548737,2.9363148,2.7856343,2.7151303,2.6168637,2.3327174,2.4442232,2.1059089,2.026816,1.51647,1.8444903,2.1428168,1.7803038,1.4740605,1.3766649,0.8900672,1.1385002,1.413353,2.1712177,1.3174912,1.4317493,2.3010895,2.2069192,2.4367146,2.1466477,2.3277044,2.23583,2.6725063,2.6360714,1.5013057,2.0268538,1.3907927,1.1962343,1.1613923,2.0181854,2.0883431,1.6266288,3.1543477,3.5601943,2.5275688,2.5379944,1.3947909,1.4357123,2.3022194,2.4865096,1.3438681,1.3990244,2.4762132,2.3512692,2.7833126,3.0781057,3.0074654,3.0894232,1.7951508,2.2297258,2.0639966,1.9005759,2.0221493,1.9891722,2.2473552,2.2039392,2.4522579,2.269725,1.5436763,1.5095464,1.0963389,1.6621172,2.3543386,1.9245118
17,3.4420917,2.8312132,2.293446,2.2811403,2.322546,2.1109765,2.341555,2.3258128,2.3522522,2.9153225,2.1525173,2.0651112,2.4533143,2.5348372,1.6114062,2.165631,0.81803864,0.0,1.8827199,1.7300541,2.4947376,2.7289789,1.4659042,1.7829584,1.5113587,1.0932717,2.3394804,1.9312991,1.3860612,2.4555032,2.0254664,2.9345446,1.8205113,1.7983562,1.2236346,1.4095912,1.1588724,1.3837609,2.1937323,0.9802564,1.8183095,2.2747617,1.650327,1.8315793,2.2077818,2.208059,2.7619557,2.7385445,1.5357345,1.1560675,3.943916,2.576287,1.9075464,1.2848656,1.2608725,1.3127776,2.0531542,2.7067378,2.418373,2.9411604,2.747393,2.8627625,2.6223698,2.4706922,2.5568156,2.283271,1.9896544,1.9485061,1.7328413,2.0736167,2.0211763,1.6301845,1.9356656,1.8695679,1.5049381,1.6870333,1.7216582,2.3313622,1.691566,1.7775995,2.2830794,2.137465,2.4597123,2.122485,2.2724268,2.0601618,2.6871421,2.6109421,1.3585185,1.9552114,1.2980745,1.6009107,0.914713,1.897593,1.9498326,1.413062,2.588206,3.0320086,1.8312804,1.8450843,1.1191298,1.0356948,2.0077417,2.164103,1.2579724,1.2889074,1.918367,1.8784482,2.2267392,2.5842843,2.4873884,2.6045132,2.2528024,2.644128,2.4176192,2.3380096,1.9270359,1.8942842,1.747845,1.7318486,1.9003232,1.591829,1.8593999,1.3261058,0.6781055,1.4950913,2.344003,1.8596704
18,2.8426962,3.2279844,2.395388,1.6147404,2.3385165,2.2752705,2.546294,2.560601,3.3233385,3.871372,2.7137957,2.8624377,3.2549646,3.45858,2.280357,2.145166,1.7400086,1.8827199,0.0,2.0254138,2.9010518,3.4002945,2.4002573,2.5457842,1.5017477,2.2502344,1.861261,2.236451,2.409188,2.9739578,2.5946455,3.3553789,3.374985,3.3240056,2.3929343,2.6105528,2.2234159,2.300156,1.6589502,2.5664647,2.94085,3.1384816,2.8620877,2.9381993,3.155477,3.1550734,3.8088315,3.630123,2.1463284,2.1947196,4.136807,2.6801393,2.7122593,2.3108122,2.224782,2.3309872,2.7090816,3.6145585,3.221604,3.4514954,3.5939286,3.3264852,2.9649034,3.1314726,2.5467439,2.6927762,2.5955298,2.5309112,2.1748104,2.4375944,2.7481835,2.364402,2.19824,2.1617634,1.7956349,1.9306719,2.31302,2.0981414,2.4756787,2.4975395,2.9017065,2.79197,3.1638465,2.8085814,2.527023,2.4774268,2.3716779,2.9322643,2.0647254,2.7032044,2.1244426,1.991763,1.9750649,2.426302,1.8624926,2.2082622,3.0891333,3.5266886,3.1085794,3.0272,2.2275288,2.2509193,2.7207751,2.7223423,2.0492167,2.020411,2.9226713,2.9595785,3.065211,3.5269325,3.3576853,3.5088527,1.8715262,1.9700829,2.197808,2.0821707,2.435529,2.409658,2.392556,2.4165676,3.1116788,2.870776,2.4965272,2.1926453,1.8390365,2.1582544,2.7196684,2.3789551
19,2.898503,3.5119424,2.7631197,1.5792764,2.7413309,2.5119083,2.8506305,2.8389585,3.053625,3.6979387,3.3437052,3.040545,3.6517415,3.302476,2.4189649,2.2052507,1.8488965,1.7300541,2.0254138,0.0,2.964223,2.9648006,2.1840725,2.1187532,1.0491569,1.9366755,1.9203054,2.3318334,2.0419595,2.8599205,2.518981,3.3485944,2.7640305,2.7749832,2.4032917,2.4621236,2.3371735,2.4272225,1.4930336,2.262793,2.7599437,2.5564814,2.6836395,2.7633777,3.133844,3.1196349,3.514854,3.5052965,2.2725163,2.0605738,4.305244,3.01085,2.4387267,2.1510787,2.0380116,2.0457792,2.3846724,3.1262934,3.0602746,3.3288686,3.4014452,3.2656748,2.7763705,2.862138,2.752344,2.6311815,2.5446508,2.4340966,2.2458515,2.5592997,2.6241724,2.2679076,2.381246,2.280133,2.0895,2.2064826,2.2280443,3.316279,1.9800951,1.9362708,2.5900168,2.520262,2.9410665,2.4911203,2.6205049,2.523317,2.3849647,2.8496008,1.8744687,2.6003702,1.973368,2.1694858,1.9041433,2.2450259,2.7332594,1.9057114,3.4550166,3.6457138,2.4677486,2.2875392,1.9886138,1.707648,2.5804236,3.0181804,1.6943268,1.7295598,2.2654102,2.3461776,2.4452906,2.6743777,2.8304965,2.9478357,2.2208257,2.2701473,2.446011,2.322656,2.502683,2.4653537,1.7462176,1.6828734,2.5098934,2.3274205,2.595932,2.0423524,1.5549138,2.2857642,2.7695131,2.3582335
20,3.6062841,3.0287304,2.9561641,2.8793156,3.02408,3.0921981,2.7782476,2.787217,3.3062062,3.799087,3.0415452,2.8787363,3.5000122,3.4657967,2.8005853,3.068382,2.4252763,2.4947376,2.9010518,2.964223,0.0,1.7694936,2.836831,2.8748887,2.6734877,2.864544,3.0851498,2.7187467,2.7170312,3.03155,2.736714,3.5711007,3.6153884,3.523099,2.770356,2.7719865,2.6008766,2.6485217,3.2258425,2.6999304,2.580003,3.2970388,2.7027848,2.6128013,2.851577,2.8446822,2.770068,2.498715,2.472392,2.4218686,4.4220843,3.1272144,3.1341927,2.7698872,2.6263113,2.6498213,2.660048,3.387105,3.5798798,3.8960195,3.7262383,3.5936015,3.2902007,3.4037313,3.3053806,3.477416,3.4118931,3.3557513,3.014731,3.1701488,3.3826141,3.077792,2.648093,2.5267236,2.6130838,2.7171547,2.8346221,3.2678456,2.7731082,2.8019264,3.9228196,3.9622078,4.2075734,3.9534154,3.0188684,3.1640472,4.0897546,3.313045,2.3237448,2.7598715,2.1975856,2.1206133,2.5314014,3.0466404,2.9770093,2.723287,3.7623143,4.1605253,3.6104298,3.553623,2.5702038,3.1066737,3.142049,3.2901702,3.023403,3.0549831,3.540087,3.56358,3.592125,3.9515336,4.077108,4.166403,3.3133025,3.5422552,3.2669532,3.2347229,3.186662,3.1788323,3.4116573,2.9994023,3.5458348,3.4334311,3.0857198,2.9932935,2.6668997,3.05392,4.2245584,3.184904
21,3.9507282,3.4555244,3.15198,3.1321511,3.1552405,3.1259503,3.0304377,3.012119,3.1265512,3.6054943,3.445187,3.1152136,3.819929,3.507946,2.6680446,2.8509517,2.6620812,2.7289789,3.4002945,2.9648006,1.7694936,0.0,2.9811647,2.8754895,2.9574404,3.0892177,3.437143,3.071716,2.776832,2.873024,2.5442472,3.4451244,3.602978,3.5875854,2.9033287,2.9242644,2.8530228,2.9801042,3.492549,2.8626146,2.4782643,3.225754,2.6116147,2.5024269,2.8504586,2.8352485,2.5794992,2.3645322,2.4349322,2.5478232,4.468118,3.3059804,3.1756594,2.7109487,2.8509874,2.748378,2.8608894,3.5107648,3.8604453,4.1700644,3.8319442,3.7516181,3.4437199,3.5677004,3.674079,3.6226482,3.6667986,3.6009939,3.307493,3.015792,3.6163526,3.2740657,2.8427508,2.7599714,2.8955054,2.978815,3.0029423,3.793102,2.8208075,2.78523,4.1837087,4.180294,4.4176297,4.139587,3.2467644,3.2413774,4.3217,3.4991214,2.767024,3.1985798,2.6540587,2.6846216,2.8113298,3.2124362,3.3916183,2.8401573,3.987692,4.2051644,3.4557955,3.4410539,2.7982316,2.9689472,3.3873885,3.6358154,3.0124917,3.0356996,3.3781211,3.386582,3.3957891,3.477152,3.6984005,3.8651028,3.26615,3.487777,3.1495245,2.7915888,3.2734811,3.2630694,3.2923467,3.2199137,3.391261,3.2653258,3.1051908,2.9202826,2.6944664,3.025923,4.2781296,3.209233
22,3.8925724,3.4325583,3.1326165,2.4726388,3.1268632,3.015148,3.2075977,3.1948283,2.1236153,2.5722103,1.9536768,1.7914771,2.5530088,2.1078575,1.6887857,2.4282122,1.6597286,1.4659042,2.4002573,2.1840725,2.836831,2.9811647,0.0,1.1654726,2.137872,2.2839146,2.6818373,2.2640557,1.6597799,2.5388324,2.3634894,2.5304623,2.2542112,2.2569952,1.780964,1.424843,1.7900981,1.880648,2.427285,1.7942073,2.1442375,2.5853338,2.26513,2.157043,3.2330704,3.232519,3.7490377,3.7310336,1.6734097,1.3177681,4.6410475,2.5465307,2.0486104,1.3395152,1.3319842,1.3367536,2.1021235,2.8758917,2.0239928,2.4282124,2.5204525,2.6128347,2.4097223,2.085503,3.038097,2.8956525,2.8000505,2.7144644,2.4094484,2.675024,2.269409,2.4959545,2.855697,2.732824,1.9473503,2.0287983,2.5292327,3.071312,2.038676,2.0916555,2.5316393,2.4943664,2.850681,2.492518,2.8970556,2.6623795,3.3832767,3.4063342,1.5220312,2.2382898,1.6341031,1.8939013,1.6526196,1.9536338,2.4458134,2.0600157,2.6875916,3.211361,2.462159,2.3841288,1.7586267,1.7633282,2.5842938,2.764424,1.8621328,1.8632145,2.4975388,2.4222355,2.815224,3.0677748,2.9220707,3.0416064,2.7272599,2.9906383,3.285892,2.8030884,2.3723133,2.3362806,2.2331972,2.3714626,2.4413872,2.1456776,2.4118102,1.8777928,1.6199983,1.9090685,2.6333125,2.358131
23,3.7876925,3.2997675,3.0121047,2.260624,2.9167001,2.841011,3.1320252,3.0968583,2.7822428,3.2279851,2.1871846,1.6547514,3.3532984,2.7146297,1.4558327,2.057667,1.4877073,1.7829584,2.5457842,2.1187532,2.8748887,2.8754895,1.1654726,0.0,2.3101318,2.4521146,2.369191,1.9844061,1.8530475,2.8785138,2.5956757,2.8193502,2.9822993,3.0016181,1.6037366,1.7746941,1.6040263,1.5637906,2.6739342,2.0096278,2.4235208,3.080343,2.501063,2.4152288,3.4381504,3.4265103,4.0254073,3.8897839,1.4709504,1.69954,4.7891445,2.3328323,2.2684853,1.7478366,1.659646,1.6890583,2.393263,3.4584827,2.3674006,2.7702603,2.8041534,2.5466545,2.7320318,2.3622983,2.9774442,3.1799278,3.0329263,2.9064796,2.3774762,2.635277,2.554688,2.7542481,2.4979906,2.3410833,1.6034173,1.7077208,2.2474794,3.2134,1.6429989,1.7138796,2.6086457,2.6012182,2.82314,2.5466788,3.1013699,2.9235651,3.4277256,3.5219893,1.9011681,2.428241,1.9279068,1.7259235,1.9802933,2.2888947,2.9295087,2.2756183,3.6113768,3.9725318,3.0902607,3.012552,2.0808127,2.0199013,2.8628528,3.1475475,1.9368266,1.9841372,3.0335777,2.8843546,3.3474371,3.4757223,3.4460647,3.525132,2.354236,2.609574,2.99147,2.4426038,2.6859703,2.642478,2.7295647,2.820656,2.9734821,2.8080277,2.1647513,2.177401,1.9075044,2.3139553,2.8301287,2.5911362
24,2.7518666,3.2814665,2.4839313,1.410357,2.5342443,2.3866582,2.5268185,2.5636568,2.807429,3.518935,2.927816,2.8597758,3.1629357,3.1187077,2.4148428,1.9773886,1.7055833,1.5113587,1.5017477,1.0491569,2.6734877,2.9574404,2.137872,2.3101318,0.0,1.6906792,1.6678361,2.0690153,1.8648776,2.5628083,2.1576757,3.0689445,2.6378686,2.5975716,2.339311,2.2800305,2.2125068,2.3390558,1.5442846,2.1189055,2.5369706,2.283537,2.4659297,2.540516,2.840389,2.8356752,3.2380943,3.2181797,2.0822499,1.746166,4.0531707,2.7487898,2.1729357,1.855486,1.7713693,1.8262609,2.1418903,2.904238,2.8905122,3.2652543,3.177076,3.0759814,2.70101,2.6704257,2.793266,2.6564927,2.5903325,2.5138667,2.393457,2.6753027,2.707417,2.3237767,2.233373,2.1273394,2.1046727,2.2783911,2.066378,2.6670806,2.3676326,2.354017,2.551651,2.4218242,2.818533,2.4190483,2.525693,2.6282318,2.4404776,2.8212326,1.7329359,2.3413005,1.8437876,2.081145,1.7226145,2.21774,2.3724272,1.7851835,3.0042698,3.2672954,2.3204746,2.167505,2.0450058,1.6923399,2.5129464,2.7539709,1.6180173,1.6412874,2.0889375,2.1887739,2.395961,2.8385036,2.8153784,2.9330652,2.0208216,2.0953097,2.3177435,2.2143517,2.5189323,2.495473,1.5609622,1.2741731,2.442336,2.1682012,2.4318168,1.9779229,1.3444085,2.2882736,2.832711,2.3498342
25,3.7586088,3.2072847,2.743438,2.730724,2.7871988,2.416219,2.7339203,2.7351065,2.8222306,3.3458316,2.7383723,2.6506398,2.730168,3.019122,2.366101,2.6514547,1.3883564,1.0932717,2.2502344,1.9366755,2.864544,3.0892177,2.2839146,2.4521146,1.6906792,0.0,2.5668488,2.3759687,2.036217,2.855187,2.438299,3.2949347,2.0427053,2.0058508,1.721375,2.2469296,1.6142318,1.8146827,2.5156105,1.3158125,2.3122232,2.5919225,1.8398808,2.3176818,2.3208582,2.3300955,2.7559433,2.7534506,2.3328743,2.0715,4.3074126,3.0945857,2.4657333,2.1333559,2.1527953,2.1832464,2.6036515,3.090538,2.9676647,3.4534037,3.1827552,3.2911289,3.1585865,2.948578,2.4806612,2.165224,1.8234079,1.7765813,1.7398452,2.0556498,1.9486428,1.4347001,2.2336934,2.1497974,2.0113418,2.195982,1.866314,2.5637512,2.086023,2.1909468,2.5302317,2.3585858,2.584562,2.2565246,2.7786415,2.5973322,2.9499426,2.8104932,2.0941133,2.4478817,2.0094385,2.230301,1.4757484,2.2256708,2.370934,1.7223411,3.267993,3.5565193,2.0622456,2.123214,1.7803181,1.5531211,2.3611028,2.538957,1.696971,1.7409891,2.0931885,2.034834,2.4334388,2.794981,2.7141025,2.8069775,2.4297316,2.7990692,2.5918014,2.536119,2.300579,2.274721,1.961752,1.7462758,2.1507065,1.8672332,2.161229,1.7868099,1.3111953,2.0413072,2.6965377,2.2289693
26,3.2238035,3.6057277,2.452316,1.4181563,2.3922195,2.2659059,2.5758357,2.6343222,3.5861056,4.053018,2.9864984,2.7561932,3.9177408,3.6651165,2.439959,2.0224977,2.0088184,2.3394804,1.861261,1.9203054,3.0851498,3.437143,2.6818373,2.369191,1.6678361,2.5668488,0.0,1.2598346,2.1065295,3.0931313,2.610521,3.3350227,3.627435,3.5865119,2.4565992,2.6045601,2.3240473,2.3237288,2.0722144,2.5594504,2.967342,3.2657967,2.9638,2.9405856,3.391184,3.3723953,4.0386577,3.8288221,1.9915003,2.2664878,4.5830274,2.3460283,2.0479844,2.3694284,2.1603587,2.2074769,2.487833,3.6360228,3.1578443,3.3324986,3.1937885,2.6890304,2.4481816,2.543666,2.9638846,3.2322936,2.899687,2.773206,2.593314,2.9081929,3.073905,2.9252028,2.1140194,1.9301089,1.8554027,1.983684,1.6816472,2.4570572,2.3765662,2.3679564,2.2874324,2.2159686,2.6687396,2.1772346,2.723211,3.2473712,2.5919087,2.7627165,2.1863942,2.794155,2.2619188,2.0470283,2.3165205,2.416195,2.7073753,2.279999,3.7570686,3.9736416,3.3866208,3.2351625,2.7259483,2.3879933,3.445072,3.6308224,1.8500499,1.8936592,2.996138,2.9361298,3.305844,3.6232767,3.6295342,3.463537,1.5279986,1.5198087,2.1115017,1.9192396,2.7412682,2.7279563,2.6145284,2.4325306,3.3419616,3.2106123,2.4495606,2.3684335,2.1601956,2.749773,2.648043,2.3593242
27,3.6044424,3.1819284,2.1265752,1.9726452,2.0939474,2.0538,2.2012908,2.2510529,3.1367009,3.4773636,2.2814019,1.9759861,3.406512,3.191578,1.896318,2.061523,1.5675277,1.9312991,2.236451,2.3318334,2.7187467,3.071716,2.2640557,1.9844061,2.0690153,2.3759687,1.2598346,0.0,1.4808347,2.75385,2.236335,3.0286832,3.1557338,3.1130779,1.7316191,1.8400424,1.6490672,1.6393293,2.5622478,1.876635,2.2261145,3.052547,2.314272,2.195861,2.7939892,2.7688947,3.5363996,3.2939663,1.2563506,1.647975,4.364873,1.868146,1.3643923,1.7770617,1.5709071,1.5910703,2.074059,3.1753755,2.5182402,2.8230927,2.5521967,2.1241765,2.054391,2.041902,2.960444,3.1240287,2.6959941,2.5864327,2.4184153,2.6945817,2.852062,2.735705,1.8109533,1.6291364,1.4319676,1.5627046,1.144627,2.0663774,1.9790283,2.0180867,1.933747,1.8258224,2.2929695,1.7956637,2.396994,2.9948528,2.850958,2.4923987,1.8050913,2.388916,1.7696763,1.5528964,1.9141599,2.179324,2.4682872,1.9826502,3.3839695,3.6651742,3.0917637,3.0168967,2.296536,2.0875885,3.2114615,3.328736,1.5920973,1.6463305,2.8099043,2.7269888,3.1503155,3.4316654,3.4119856,3.1945617,1.7984996,2.13866,2.1484964,2.0140243,2.4350352,2.4320538,2.7004719,2.509122,3.0522168,2.898012,2.0336337,2.0208983,1.8833014,2.4209063,2.3646038,2.0405495
28,3.9090796,3.4599278,2.4085758,2.316947,2.4331734,2.3019419,2.524069,2.4939568,2.4509869,2.6757364,2.2166724,1.9960122,2.6525986,2.3708522,1.626081,2.0626779,1.5631909,1.3860612,2.409188,2.0419595,2.7170312,2.776832,1.6597799,1.8530475,1.8648776,2.036217,2.1065295,1.4808347,0.0,2.2374196,1.876511,2.59892,2.1223872,2.089289,1.5924594,1.1762304,1.5903788,1.7631806,2.4002452,1.3795309,1.7882682,2.269747,1.906454,1.7799044,2.576385,2.5585892,3.0650508,3.0107877,1.2275407,1.0092361,3.8860285,2.3228192,1.1055762,1.0133933,1.2476025,1.0180383,1.8149467,2.5993876,2.2721581,2.85759,2.1197484,2.2044911,2.0706186,1.8322062,3.0243325,2.7013726,2.3682003,2.310698,2.3899908,2.6151443,2.643874,2.4172175,2.1859572,2.0246956,1.838288,1.8914605,1.450594,2.3475165,2.0320582,2.0533292,2.1688511,1.8422703,2.2678711,1.941575,2.6247687,2.4675586,3.0390449,2.7720902,1.551609,2.0137641,1.5376782,1.8638215,1.4019073,2.228894,2.357314,1.7680408,2.5745137,3.0016696,2.0171046,2.0724833,1.552563,1.3489419,2.2750883,2.4647274,1.473871,1.4625547,2.1258771,2.047339,2.4457786,2.655451,2.6278396,2.4850476,2.398075,2.7183805,2.5672324,2.391324,2.2052708,2.184489,2.0864732,2.1290867,2.2703712,1.927481,2.1040704,1.7102088,1.2941991,1.8989999,2.3022573,1.7912376
29,3.7026982,3.1691785,2.752053,2.941646,2.8198628,3.0880766,2.8515189,2.8325849,2.5611165,2.4199708,2.794863,2.8162289,2.70312,2.2105427,2.8551545,3.0582447,2.6062198,2.4555032,2.9739578,2.8599205,3.03155,2.873024,2.5388324,2.8785138,2.5628083,2.855187,3.0931313,2.75385,2.2374196,0.0,0.9196764,1.8068501,2.8570316,2.7521555,2.6809542,2.2270043,2.531955,2.6498518,3.1788242,2.6001902,1.7074212,2.4771688,1.9286488,1.6960357,2.4442012,2.4648132,2.976925,2.933785,2.3702803,2.0015397,3.3898642,2.4923482,2.5923913,2.197403,2.3736882,2.364322,2.2755914,3.0908787,3.1229057,3.4761941,2.5618448,2.7160354,2.9016047,2.8947365,3.1448538,2.8539097,3.3241932,3.262035,3.2322695,2.9052143,3.404543,3.0836303,2.7928977,2.7737448,2.8354526,2.8057082,2.8923495,3.3131053,3.004228,2.9227445,3.3654363,2.9700794,3.4156194,3.0273745,2.9428105,2.950644,3.7292888,3.6618307,2.357834,2.8863938,2.3603663,2.6466994,2.6038706,2.9963088,2.920462,2.638145,3.2297769,3.4676628,3.1020646,3.1485224,2.521146,2.809079,3.0472622,3.1489975,2.9223518,2.9452841,3.1302173,2.9326444,3.1768231,3.5306427,3.5682032,3.5771043,3.36428,3.5266395,3.4072142,2.9488878,3.284345,3.2662628,2.9839454,2.6624186,3.5088894,2.9309545,3.266746,2.7877707,2.593218,2.8941076,3.2576976,2.9606912
30,3.4367557,2.8082728,2.2059827,2.5943985,2.3072596,2.5268848,2.2909942,2.288879,2.3231215,2.584912,2.4968941,2.4904625,2.7694552,2.4144025,2.4798698,2.5878901,2.115368,2.0254664,2.5946455,2.518981,2.736714,2.5442472,2.3634894,2.5956757,2.1576757,2.438299,2.610521,2.236335,1.876511,0.9196764,0.0,2.0195594,2.6451337,2.5596313,2.2341661,1.9250054,2.1418202,2.2600968,2.9488628,2.1836183,1.2142512,2.1783838,1.4364007,1.1917849,1.9011835,1.9160954,2.5349882,2.4564378,1.8762153,1.581401,3.4175885,2.4606364,2.1184852,1.7971671,1.8915782,1.8770653,1.9888519,2.9438577,2.9430957,3.3420768,2.6341646,2.7179456,2.684328,2.6082382,3.2082713,2.967972,3.0459068,2.994612,2.9487295,2.5887651,3.1696894,2.818705,2.2278109,2.2258584,2.4348156,2.471894,2.338146,2.8127253,2.6919541,2.6196318,2.8477073,2.584649,3.0365136,2.627008,2.5276296,2.711712,3.2210064,3.0753288,2.0066602,2.5807707,2.0164025,2.2748616,2.2061703,2.6656864,2.5938141,2.214215,3.0143223,3.2398148,2.7640326,2.7942147,2.279707,2.360003,2.874688,2.9423294,2.4173949,2.4651046,2.7550535,2.5372314,2.8767505,3.2327173,3.2502265,3.2398913,2.8532696,3.0612938,2.8897345,2.4320183,2.9729695,2.9657936,2.6316934,2.2916174,2.9924536,2.6239355,2.8029387,2.3930154,2.130182,2.6088042,2.9706066,2.6130264
