,0,1,2,3,4,5,6,7,8,9,10,11,12,13,14,15,16,17,18,19,20,21,22,23,24,25,26,27,28,29,30,31,32,33,34,35,36,37,38,39,40,41,42,43,44,45,46,47,48,49,50,51,52,53,54,55,56,57,58,59,60,61,62,63,64,65,66,67,68,69,70,71,72,73,74,75,76,77,78,79,80,81,82,83,84,85,86,87,88,89,90,91,92,93,94,95,96,97,98,99,100,101,102,103,104,105,106,107,108,109,110,111,112,113,114,115,116,117,118,119,120,121,122,123,124,125,126,127
0,0.0,0.39818317,1.2737323,1.6127546,1.5151027,1.3821957,2.1528778,2.3701189,1.9194101,1.688176,1.5629957,1.8724114,2.3068752,2.2124557,1.8465261,2.5101845,1.1595254,1.7430753,1.6292727,1.5692644,1.4866275,2.1535058,1.8767049,2.827391,2.7656252,2.654885,1.7601379,2.0097687,1.8609012,1.3402058,2.674629,2.6603978,1.6793544,1.7930963,1.5079534,0.7605305,1.2986318,1.9012393,1.5252203,1.8905182,2.1150846,2.187305,1.9124192,1.9284455,3.379146,2.8159082,2.801964,2.8050866,1.509943,2.068366,3.5097272,2.6025126,2.1488948,1.6270648,2.41775,2.6267323,2.6037045,2.4652596,1.9963094,2.208492,1.1735507,2.2186303,2.9585938,2.6649957,2.2238464,2.3023272,2.3975253,2.2034862,1.9848145,2.4805725,1.6833792,1.6825286,1.9595101,2.2798567,1.9093766,1.761595,2.193053,2.066139,1.9565735,1.8290093,2.370566,2.0038514,1.8547653,2.4892113,3.4429605,1.9551945,1.6164541,1.6218829,2.1824546,2.1908891,1.8693415,1.8629558,1.9907488,1.8715823,1.8478059,1.647216,2.232015,2.4699543,2.332901,2.6211405,1.8150105,1.9230598,2.163686,2.1357377,2.388506,2.3900878,2.2343948,1.9769131,2.6444802,2.6535282,2.5062313,2.6949608,2.22107,2.0829508,1.8337525,2.3162587,2.322301,2.1508129,2.0692422,2.1497643,2.1603599,1.5501114,1.7016896,1.0364207,2.3277178,1.7657169,1.6873523,1.4269984
1,0.39818317,0.0,1.3836,1.699121,1.5701005,1.3190017,2.234221,2.4614909,1.9996768,1.8069091,1.6032302,1.9979907,2.3873754,2.3155062,1.9628066,2.6179943,1.1619494,1.7658532,1.657398,1.5826108,1.5117494,2.2047853,1.936031,2.874683,2.6317303,2.5254607,1.7554044,2.027444,1.9187276,1.4061457,2.74404,2.7417457,1.7483014,1.8711588,1.5681015,0.85787237,1.449835,2.004359,1.626876,1.9888619,2.2630317,2.3342357,2.0691235,1.9565655,3.4944704,2.9430249,2.8469453,2.8060725,1.60683,2.1523113,3.5877926,2.6969776,2.3317947,1.7319039,2.4970777,2.719568,2.7757719,2.6455595,2.0678637,2.1426985,1.2995046,2.264036,2.9487283,2.703196,2.4589267,2.5342197,2.6309843,2.4473958,2.0150836,2.503306,1.7703935,1.7696265,2.0104492,2.3078434,1.9564298,1.8603747,2.2472537,2.1525154,1.9317827,1.8569162,2.4115102,2.0369112,1.9321972,2.5442643,3.5077643,2.0611622,1.6800299,1.6995081,2.2404983,2.2573197,1.9296569,1.9199258,2.0690126,1.9431418,1.9173054,1.79749,2.352868,2.5872185,2.4060795,2.8057256,1.8751813,1.9842219,2.2144594,2.1878421,2.449391,2.4313984,2.2903965,2.0438352,2.8025196,2.812453,2.540056,2.759937,2.18929,2.090867,1.9220569,2.3192391,2.2759748,2.0838606,2.0262938,2.0864725,2.2539651,1.6701822,1.8419245,1.118363,2.3637135,1.8071327,1.8008661,1.5788206
2,1.2737323,1.3836,0.0,0.4222019,0.5572907,1.0999484,2.0323963,1.9748713,1.4898598,1.6701459,1.0770249,1.5482036,1.9020935,1.6044164,1.8919258,1.9698062,1.494828,1.7777426,1.7484441,1.9574956,1.9034798,2.1304412,2.1732223,3.0200028,2.6487577,2.5428915,2.2037487,2.4839485,1.6157749,0.90377885,1.8968117,1.8099169,1.6411613,1.6109459,1.8143775,1.2947769,0.71161306,1.5987128,1.8504965,1.5763665,2.3387177,2.4061084,1.6519685,1.7127547,3.3096702,2.5660524,2.8060005,2.8005915,1.2871659,1.871412,3.4749691,2.3746314,1.8591714,1.3073397,2.0039792,2.4060998,2.3836422,2.4521384,1.6744517,2.1535604,1.1219025,2.0252986,2.6414828,2.4675012,2.2168655,2.2905722,2.4797242,2.2585547,2.1894138,2.400758,1.6662807,1.6673018,1.896217,2.3106215,1.9100207,1.8218026,2.162171,2.0550587,1.9392967,1.7632293,2.3814301,2.027169,1.8979634,2.4239936,3.467203,1.9895833,1.6714275,1.6622926,2.3392339,2.114845,1.9149317,1.9057559,1.8120899,1.8915889,1.8881775,1.6817178,2.2321582,2.456414,2.3980594,2.5525165,1.670022,1.7955644,2.1711955,2.1783772,2.1428447,2.1476514,2.2264206,1.9261082,2.6080933,2.6171396,2.4894145,2.6563756,2.513088,2.4107506,2.166098,2.5488334,2.4620728,2.4170194,2.2645159,2.294587,2.1622174,1.5934019,1.7256848,1.2290534,2.422591,1.7685094,1.3923184,1.709467
3,1.6127546,1.699121,0.4222019,0.0,0.47739482,1.2311753,2.1709971,2.0324755,1.596841,1.854453,1.1633755,1.7223226,1.9278635,1.6467057,2.0873644,1.9510658,1.6634172,1.902862,1.9145111,2.1317856,2.090624,2.187116,2.3254123,3.1206725,2.6687977,2.5679364,2.3870556,2.6483433,1.6879182,1.0457662,1.7031933,1.5866137,1.813939,1.7184607,2.0040405,1.562307,0.87645817,1.672231,1.9912739,1.6460539,2.5257745,2.5898387,1.8339888,1.8647472,3.3834867,2.6623783,2.909308,2.8611777,1.3851506,1.9205103,3.5214672,2.4502366,1.9666646,1.4209257,1.9964638,2.4420166,2.4543908,2.5767028,1.7060739,2.2495422,1.3509662,2.1134431,2.6160557,2.5089962,2.4132593,2.4823956,2.6622553,2.4178195,2.441928,2.5356643,1.871415,1.8692944,2.0854533,2.4715118,2.099942,2.021015,2.32542,2.2021916,2.0700147,1.9122998,2.5250733,2.169128,2.1157677,2.6081848,3.578051,2.2015603,1.8958722,1.8841027,2.5186944,2.2805085,2.1246471,2.1154623,2.0054984,2.0926979,2.1040633,1.9052719,2.3697102,2.6032398,2.5649283,2.6778624,1.8515751,1.9544003,2.3368223,2.3278542,2.224725,2.2250392,2.3342974,2.0168116,2.719953,2.7292926,2.6048543,2.8051136,2.7483833,2.6432283,2.4750543,2.8466184,2.7425542,2.695956,2.5506988,2.5654411,2.2919662,1.8204666,1.9423697,1.4864752,2.4889944,1.8104669,1.619107,2.0037766
4,1.5151027,1.5701005,0.5572907,0.47739482,0.0,1.014243,2.1171796,2.031329,1.5836992,1.8230569,1.123835,1.7095325,2.004156,1.7156262,2.0611691,2.0559862,1.4615179,1.6407366,1.6681783,1.9029249,1.8461444,1.9388992,2.1278722,2.8877265,2.5899246,2.4819996,2.1633976,2.4161806,1.4862034,0.8772911,1.6021537,1.5740676,1.6155299,1.5607498,1.826959,1.3904407,0.74430275,1.5880799,1.9030781,1.4791449,2.5920131,2.6566148,1.8872477,1.8760765,3.2744076,2.5428708,2.776719,2.7451339,1.2806673,1.7961099,3.4153385,2.3169692,1.8897417,1.3229663,1.8607423,2.2686093,2.418155,2.5244732,1.6399416,2.084218,1.3032566,2.0718057,2.5017664,2.4078677,2.5761044,2.6623504,2.7891643,2.5497417,2.4889321,2.6160111,1.9336851,1.9326898,2.1930323,2.5226684,2.0810316,2.101507,2.3820944,2.2405698,2.0666072,1.9454782,2.4065552,1.9948782,2.0800874,2.646677,3.4515724,2.1214206,1.9219226,1.9176036,2.4008605,2.1637416,2.0555594,2.0446122,1.9175094,2.0183406,2.0513735,1.9662709,2.3549907,2.548794,2.4790719,2.6680856,1.7449118,1.8853525,2.280561,2.2417157,2.1648474,2.1562192,2.2501369,1.88957,2.6546233,2.6637466,2.4400597,2.6169124,2.7449248,2.6424475,2.4172528,2.8017006,2.6736367,2.6344147,2.5010552,2.5060966,2.2389538,1.8465682,1.958853,1.4347693,2.5200078,1.8335022,1.6559619,2.0105686
5,1.3821957,1.3190017,1.0999484,1.2311753,1.014243,0.0,2.2682917,2.3482134,1.8552983,1.9420875,1.408315,1.9118174,2.4142835,2.1099477,2.18866,2.438765,1.2950844,1.6474761,1.5586017,1.7836107,1.8372383,2.1156416,2.0576112,2.9067094,2.6558943,2.560578,1.9828264,2.2592268,1.631745,1.1096668,2.173879,2.1183512,1.5452602,1.6756976,1.7496783,1.306424,1.1980867,1.8263241,2.0386798,1.7203234,2.6222904,2.7023597,1.9294413,1.691814,3.334804,2.6102023,2.7861235,2.828805,1.6908383,2.0680003,3.547945,2.4974825,2.0507019,1.5046937,2.198326,2.4791248,2.8737118,2.8663409,1.9050825,1.7875602,1.4681168,2.2319865,2.5373254,2.5539484,3.0674965,3.1339402,3.247888,3.0664377,2.3545575,2.6094146,1.9770647,1.9820012,2.194708,2.556199,2.2237422,2.167547,2.5297904,2.2816541,1.8152221,1.7393142,2.5216177,2.1378562,2.239405,2.764079,3.5067117,2.1795862,1.9527906,1.978299,2.4541526,2.2546759,2.1626399,2.1495967,2.112713,2.1639051,2.1967673,2.1136625,2.5299168,2.9133813,2.4176002,2.918061,1.8399405,1.8990601,2.2967231,2.2346256,2.298118,2.2144299,2.2349832,1.8897953,2.7294683,2.7402594,2.548612,2.703595,2.6642604,2.5762115,2.342488,2.725836,2.502576,2.4028466,2.3465858,2.3267305,2.2551286,1.8343788,2.0593088,1.366111,2.6582456,2.0436478,1.7237971,2.0404336
6,2.1528778,2.234221,2.0323963,2.1709971,2.1171796,2.2682917,0.0,0.5941141,1.0729228,1.3194478,1.610553,1.2979003,1.3934153,1.1981225,1.2547096,1.7004488,2.3204904,2.5843601,2.5771146,2.5432308,2.5003335,2.7754064,2.7965343,3.4539564,3.2920208,3.2069442,2.761576,2.546461,2.52685,2.1822715,2.8202267,2.8846142,2.5954254,2.586217,2.55944,2.22519,2.2079067,2.6000776,2.5185883,2.5839934,1.9711097,2.0352926,1.3885086,1.3614781,3.8433185,3.249449,3.2604134,3.2696307,2.2835095,2.6681125,3.6035721,3.0148935,2.8086839,2.384308,2.86228,3.1012647,3.2065787,3.207441,2.5696967,2.7944484,1.5094751,2.2355385,3.2343338,3.0912247,2.1976056,2.270438,2.0600948,2.3737066,2.5986304,2.918698,1.2892103,1.3103546,2.2521122,1.9987712,1.3135642,1.5946653,1.8536296,1.9459183,1.7470529,1.4268432,1.9353803,2.1516547,1.2399809,2.3965287,3.1993332,1.460515,1.3835825,1.3801259,1.0000724,0.8399756,1.3659031,1.3493394,1.3679494,1.2864892,1.2662169,1.3141971,2.2550817,2.3237793,2.3833303,2.5782318,1.5046698,1.81363,2.0671313,2.0474133,2.2354972,2.2353196,2.1670487,2.4297407,2.3997352,2.4174798,2.2081459,2.3116236,2.292016,2.146923,1.8217641,2.228385,2.2798831,2.3371768,2.2180314,2.251723,2.1368043,1.4534827,1.3823578,1.6259546,2.1861255,2.2079444,1.4825621,1.6280963
7,2.3701189,2.4614909,1.9748713,2.0324755,2.031329,2.3482134,0.5941141,0.0,0.96928704,1.443435,1.4883633,1.2156523,1.3070308,0.960156,1.4213474,1.5235883,2.4867804,2.641901,2.6779325,2.7321057,2.6388152,2.814229,2.9188492,3.5456386,3.3357062,3.2482228,2.9421232,2.7778206,2.523561,2.1588738,2.620111,2.693478,2.669034,2.6214383,2.7332618,2.413971,2.187144,2.537294,2.696293,2.55884,2.17882,2.2382462,1.379489,1.4561177,3.9066904,3.291913,3.4228585,3.4051642,2.3528793,2.7338598,3.6507041,3.098907,2.734933,2.363228,2.8018835,3.0863433,3.120663,3.176671,2.5768223,2.919782,1.6413869,2.275161,3.2424152,3.120271,2.1970322,2.2415142,2.1070106,2.3907557,2.7356133,2.9090004,1.4509192,1.4626832,2.3176913,2.0805268,1.4396256,1.7010939,1.964341,1.9926405,1.884325,1.5925643,2.0399897,2.2615774,1.4148536,2.4403458,3.2533317,1.5905145,1.5508099,1.5395983,1.3364054,0.9967409,1.5298314,1.5151618,1.3806434,1.4541764,1.4280318,1.4726276,2.3085768,2.3477612,2.484598,2.578497,1.5731233,1.8680935,2.1839113,2.1645427,2.1974628,2.2106287,2.2551641,2.5320675,2.544306,2.5639777,2.2836294,2.4609568,2.484657,2.3504474,2.131662,2.4962742,2.445481,2.547165,2.4284968,2.4037561,2.2261477,1.6528223,1.5308135,1.825352,2.1007373,2.1241577,1.5065762,1.811238
8,1.9194101,1.9996768,1.4898598,1.596841,1.5836992,1.8552983,1.0729228,0.96928704,0.0,0.9793733,0.88497794,0.65019596,1.0809306,0.5531395,1.0514946,1.3050293,2.0799832,2.2631495,2.2671747,2.3752813,2.2581842,2.510956,2.5833838,3.2733698,2.9962738,2.9179845,2.554735,2.742243,2.1955686,1.7473981,2.370582,2.429244,2.2599802,2.2532187,2.3614666,1.9657371,1.7522764,2.1741118,2.3740706,2.1931052,1.9574901,2.0341616,0.95130056,0.9301922,3.7290606,3.0797064,3.2130597,3.1798918,1.9377468,2.4108527,3.4673283,2.7425299,2.444575,1.9558209,2.448518,2.7764268,2.8975887,2.9380293,2.3235388,2.6132205,1.1581428,1.9896324,3.0275867,2.9009888,2.0534382,2.1090944,2.3033195,2.5321124,1.9251142,2.2130086,1.0985026,1.1044568,1.5550386,1.8358443,1.1305053,1.3677579,1.680872,1.7017512,1.5307052,1.2386734,1.8055379,1.9516089,1.080411,1.7142333,3.1602583,1.334022,1.135903,1.1190016,1.6194347,1.309966,1.2039932,1.1827898,0.9808424,1.1256111,1.0943385,1.0920876,2.0822217,2.176296,2.238201,2.4275858,1.1704406,1.4476409,1.9426585,1.8962023,1.879821,1.8736938,1.964326,2.2041435,2.2999444,2.3158746,2.0442257,2.2346442,2.2411942,2.072464,1.8332237,2.298272,2.1889088,2.2852879,2.1231608,2.118542,1.8900397,1.1923907,1.004275,1.3262098,1.9096533,1.7828369,0.90473694,1.2956421
9,1.688176,1.8069091,1.6701459,1.854453,1.8230569,1.9420875,1.3194478,1.443435,0.9793733,0.0,1.2484545,0.8669874,1.0522803,1.0794896,0.34224704,1.1275959,1.8058431,2.3879669,2.3216226,2.1328454,2.0944917,2.436539,2.416187,3.1664207,3.3909206,3.2959998,2.359384,2.573641,2.320046,1.9238057,2.5798893,2.660143,2.336991,2.2709403,2.0605109,1.5868473,1.9469479,2.3665175,1.8351425,2.3732963,1.1163634,1.1862882,1.059024,1.2094282,3.5726576,3.0616593,3.1169991,3.1698577,1.8237548,2.329422,3.4491765,2.9168189,2.3874474,2.1159644,2.6725113,2.9245036,3.0410373,3.0336063,2.192671,2.4982069,0.90542763,1.9012463,2.996821,2.843576,1.9281331,1.987148,2.182608,2.3946033,1.6412085,2.0567951,0.7250853,0.7259538,1.2703744,1.6556971,0.76486284,1.1574917,1.5344571,1.5504866,1.2134982,0.99385417,1.6079452,1.7748549,0.72315776,1.509283,2.9943125,0.84847075,0.8821205,0.86970514,1.4353573,1.5760118,0.9453627,0.9335697,1.2319729,0.8675148,0.78044367,0.79434675,1.9940796,2.0956933,1.9847959,2.2696886,1.3704226,1.6206031,1.8633223,1.7837749,2.2056766,2.1955228,1.8516167,2.0936198,2.2001383,2.212324,1.882762,2.07293,2.116875,1.9428823,1.5526456,2.0762248,2.1740112,2.086978,1.9652108,2.1049228,1.713,0.7517951,0.58737284,0.84807926,1.8064064,1.6705973,1.2754365,1.0103787
10,1.5629957,1.6032302,1.0770249,1.1633755,1.123835,1.408315,1.610553,1.4883633,0.88497794,1.2484545,0.0,0.9543922,1.5471883,1.1475223,1.4446665,1.6597797,1.6448773,1.8653387,1.8951612,2.0629513,1.7380843,2.1123698,2.1526315,2.9626904,2.7591016,2.6657343,2.2608335,2.5474615,1.8236644,1.2254183,2.1030107,2.1713624,1.9197267,1.9228957,2.0843606,1.6037425,1.329326,1.6312265,2.1160648,1.8207217,2.175821,2.2572446,1.2622787,1.2233815,3.5071256,2.9809577,3.1836793,3.11,1.6017554,2.1581461,3.3292007,2.539635,1.9836566,1.4158431,1.9929081,2.3858871,2.572646,2.6077163,2.0783825,2.3259377,1.1294577,1.8388965,2.6605227,2.5323834,2.2713258,2.3120222,2.540427,2.5433595,1.9473395,2.0225267,1.4393183,1.4340267,1.667237,2.1078346,1.4704367,1.6463423,1.9334595,1.5880547,1.6900707,1.4837172,2.012529,1.8896029,1.4555273,1.9706627,3.2415197,1.5690694,1.3841646,1.3848482,1.9918705,1.7044139,1.4873664,1.4697312,1.3205328,1.4550501,1.4425547,1.4648498,2.1738095,2.2978806,2.2638652,2.4127312,1.3035456,1.4980695,2.0215979,1.9320649,1.8979335,1.8757143,1.9921421,2.0756793,2.6131637,2.632474,2.0785441,2.470174,2.1734302,2.0407596,2.1409965,2.5320683,2.2762434,2.2734957,2.176796,2.0936954,1.9548542,1.4474479,1.4119099,1.2603713,1.7175943,1.2931907,1.1370825,1.4446597
11,1.8724114,1.9979907,1.5482036,1.7223226,1.7095325,1.9118174,1.2979003,1.2156523,0.65019596,0.8669874,0.9543922,0.0,1.3504429,0.81150055,0.9463638,1.4191048,2.0663269,2.2528274,2.2455697,2.352337,2.2107503,2.5491073,2.5525715,3.2589629,3.366635,3.275964,2.5693407,2.7862,2.194059,1.744838,2.487509,2.5677333,2.2180414,2.2424974,2.310626,1.8876939,1.7735404,2.1949723,2.3795872,2.2179465,1.8244315,1.8976254,0.6943104,1.0426415,3.7140586,3.0414252,3.3676982,3.4142761,1.9476355,2.4410424,3.4976883,2.8651876,2.2224612,1.9732544,2.5083358,2.7923112,2.8788254,2.8862977,2.3786714,2.6699657,1.1969615,2.0800884,3.1111906,2.9382038,1.9833491,2.0061488,2.2581077,2.4519696,1.7887726,2.1611328,1.1264521,1.1278039,1.5089197,1.9818536,1.164285,1.4633379,1.7581373,1.6705652,1.6032813,1.3043413,1.8126624,1.9721209,1.0470585,1.6261303,3.0635154,1.0753701,1.1086116,1.1011952,1.7144701,1.4345442,1.1808952,1.1702582,0.9450183,1.1233039,1.0533518,1.0894048,2.0742667,2.1602705,2.1105993,2.3038428,1.2075794,1.5020965,1.9592844,1.909772,1.9876996,1.9918171,2.0162091,2.2580914,2.4528408,2.4672737,2.0233498,2.2655876,2.144744,2.0133343,1.8143212,2.20237,2.0591247,2.1455102,2.0325239,1.9882442,1.8777361,1.144648,0.91170114,1.3257804,1.7769876,1.6672056,0.9162828,1.1525818
12,2.3068752,2.3873754,1.9020935,1.9278635,2.004156,2.4142835,1.3934153,1.3070308,1.0809306,1.0522803,1.5471883,1.3504429,0.0,0.8084262,1.0381982,0.6907138,2.2960584,2.7714226,2.7456226,2.5678313,2.713949,2.7362256,2.8886802,3.4863787,3.2526805,3.1762385,2.8140957,2.9746475,2.580353,2.2746336,2.4370039,2.498809,2.727268,2.5323899,2.4797158,2.179836,2.2922833,2.738362,2.1768832,2.6086466,1.6233232,1.6562977,1.6321179,1.6425793,3.779462,3.254267,3.1701422,3.0935175,2.0557978,2.4468677,3.5057006,3.1418095,2.9326358,2.507385,2.8801146,3.1666634,3.165255,3.27048,2.233586,2.752686,1.3438995,2.119951,3.0874364,2.9799657,1.8941653,1.9739718,2.136209,2.4358397,2.1417346,2.3905675,1.0774341,1.0787458,1.5988768,1.8143033,1.0915718,1.4445802,1.6668017,1.9262153,1.6457525,1.3793174,1.6879101,1.941497,1.0687174,1.6984015,3.0832095,1.4152704,1.2232971,1.1880093,1.630658,1.7490913,1.2308573,1.2201279,1.449556,1.1387782,1.1074375,1.1144611,2.0483246,2.0373604,2.2861145,2.3963218,1.6003944,1.8444408,1.9778465,1.9745592,2.2348626,2.2477999,2.0180938,2.2773283,2.2783809,2.2909863,2.0309756,2.2087743,2.479881,2.3389223,2.0499918,2.4253337,2.6187816,2.578622,2.3963187,2.5482166,1.9092997,1.2769532,1.2266816,1.5086671,2.087202,2.0041783,1.6817918,1.6967846
13,2.2124557,2.3155062,1.6044164,1.6467057,1.7156262,2.1099477,1.1981225,0.960156,0.5531395,1.0794896,1.1475223,0.81150055,0.8084262,0.0,1.12983,0.9622382,2.2549927,2.4804971,2.4736445,2.5282526,2.5806434,2.636312,2.769484,3.388643,3.171257,3.0944498,2.7585285,2.9280193,2.3021905,1.9423298,2.2513235,2.2982666,2.4137633,2.3117406,2.4602442,2.155061,1.9553889,2.4027772,2.428102,2.2985742,1.9399137,1.9991542,1.142108,1.2440097,3.7002256,3.0234904,3.2016654,3.1832616,2.0000575,2.3883948,3.4390066,2.8827362,2.5596156,2.164248,2.5804818,2.883542,2.9266267,3.0242755,2.250657,2.685206,1.2863672,2.0799146,3.0221646,2.9107692,1.9699026,2.0196054,2.218533,2.4714155,2.0937357,2.325145,1.1463233,1.1556804,1.616029,1.914947,1.1923506,1.4713904,1.7171733,1.8232898,1.6467545,1.3284822,1.755719,1.9587077,1.1399298,1.7308307,3.0562267,1.3285309,1.2175415,1.188677,1.6846188,1.4401382,1.2403165,1.2267736,1.081917,1.163038,1.1478969,1.1363319,2.0245588,2.082278,2.2151933,2.3322027,1.2813587,1.5530983,1.9240651,1.9094871,1.920833,1.9295509,1.9767482,2.2229302,2.2856274,2.2991192,2.0166383,2.188757,2.406759,2.275613,2.0044482,2.3741086,2.3721561,2.4469655,2.270125,2.3057861,1.8651444,1.2564477,1.1591638,1.521525,2.067195,1.9492165,1.1941085,1.5695535
14,1.8465261,1.9628066,1.8919258,2.0873644,2.0611691,2.18866,1.2547096,1.4213474,1.0514946,0.34224704,1.4446665,0.9463638,1.0381982,1.12983,0.0,1.2209681,2.0070395,2.512231,2.4544566,2.2437694,2.2605493,2.5921855,2.5473156,3.2503805,3.4717867,3.37843,2.4689946,2.6460109,2.4478018,2.0885837,2.749249,2.8433206,2.4752495,2.417087,2.1789725,1.762769,2.1285384,2.5433466,1.9629114,2.51188,1.109964,1.1717223,1.1603974,1.3211795,3.677623,3.1675596,3.1991236,3.2480044,1.9742867,2.4418106,3.4532015,3.039736,2.590002,2.3238266,2.8097136,3.0317361,3.133816,3.1246076,2.326718,2.6035378,1.0496012,1.9559726,3.0945618,2.9132097,1.8461714,1.9126115,2.0846531,2.3857105,1.6704558,2.1495543,0.69659317,0.69283926,1.3317523,1.6484662,0.70166844,1.1715851,1.4500377,1.6191663,1.349244,1.0845904,1.5376881,1.8083963,0.55744267,1.448137,2.9394193,0.794422,0.81561595,0.7996272,1.3258698,1.5227834,0.8420553,0.8337177,1.1795933,0.7483873,0.6316698,0.7126175,1.9680417,2.0143428,1.9624212,2.2440133,1.3778344,1.6460329,1.8167322,1.7750303,2.234383,2.233677,1.8740366,2.1875455,2.1835723,2.198426,1.8729048,2.049483,2.1011908,1.9277798,1.5290443,2.028398,2.1738856,2.104479,1.9797027,2.1212957,1.7352114,0.7929422,0.5851992,1.0630304,1.8031434,1.7886113,1.3465374,0.9945648
15,2.5101845,2.6179943,1.9698062,1.9510658,2.0559862,2.438765,1.7004488,1.5235883,1.3050293,1.1275959,1.6597797,1.4191048,0.6907138,0.9622382,1.2209681,0.0,2.406823,2.969636,2.9307287,2.768918,2.8193007,2.8003547,2.9809246,3.6054559,3.612967,3.530734,2.9770644,3.17053,2.7300522,2.4062753,2.437278,2.4719822,2.871173,2.6577322,2.6348915,2.3193047,2.3992724,2.7507617,2.2837658,2.7372794,1.5717455,1.594649,1.6000288,1.7235429,3.729202,3.271651,3.3078737,3.3176806,2.2261686,2.6060593,3.6500857,3.2371454,2.7524843,2.5216405,2.9390497,3.250215,3.2728689,3.399381,2.3137612,2.8570993,1.5424742,2.1603725,3.0943918,3.0561514,2.1740932,2.2161145,2.4368277,2.685183,2.2751331,2.336502,1.2929926,1.2965918,1.6797868,1.9070299,1.3522005,1.6027508,1.9301027,1.9275458,1.6339401,1.4488157,1.9505472,2.1875658,1.412101,1.8503197,3.2180202,1.5207721,1.5338751,1.5048165,1.9347373,2.0289464,1.5544248,1.5455108,1.739958,1.4841076,1.4456993,1.4077122,2.2855608,2.3517187,2.393622,2.4654698,1.8825902,2.0627232,2.23761,2.1833947,2.461244,2.4593928,2.1653092,2.429512,2.4154732,2.4258592,2.2197704,2.3622515,2.72329,2.5884185,2.2187817,2.6040664,2.736489,2.686349,2.5253966,2.6839013,2.0509608,1.4439075,1.3772599,1.6223948,2.2433648,2.1344774,1.8128483,1.8800098
16,1.1595254,1.1619494,1.494828,1.6634172,1.4615179,1.2950844,2.3204904,2.4867804,2.0799832,1.8058431,1.6448773,2.0663269,2.2960584,2.2549927,2.0070395,2.406823,0.0,1.3585461,1.2274588,0.9225948,1.4604301,1.3904471,1.2413869,2.0753403,2.6359901,2.534526,1.2982652,1.6258154,1.3907069,1.3651949,2.085088,2.0599427,1.3067873,1.2245365,0.9136816,0.75362605,1.540169,1.8655075,1.1410197,1.4468126,2.3185973,2.3735962,2.243402,2.1847532,2.668905,2.278568,2.2448065,2.2336771,1.3247515,1.3900098,2.7632809,2.2958724,1.9718524,1.49484,2.0536528,2.0632498,2.3239973,2.2581391,1.4553957,1.6997696,1.1829114,2.096786,2.2653997,2.0961685,2.6703281,2.7475197,2.797152,2.617478,2.2902706,2.467756,1.887429,1.8918265,2.1576486,2.476722,2.0938544,2.0444186,2.3919084,1.9850168,1.8974298,1.8442739,2.0178978,1.5209253,2.0555384,2.6683455,2.8660362,1.9065632,1.7652912,1.7713552,2.1829774,2.2674696,1.8617432,1.8595787,2.0406036,1.8903717,1.9634111,1.8906329,1.8996006,2.233781,1.8751636,2.2399065,1.6676219,1.6371502,1.8320115,1.6334912,1.9992876,1.968085,1.631684,1.3290949,2.3665192,2.3709493,1.9733851,2.2324586,2.3571622,2.284464,2.149235,2.49645,2.5009718,2.261327,2.2137299,2.2995973,1.652435,1.6377778,1.9623218,1.272993,2.440775,1.8826431,1.9933963,1.9013977
17,1.7430753,1.7658532,1.7777426,1.902862,1.6407366,1.6474761,2.5843601,2.641901,2.2631495,2.3879669,1.8653387,2.2528274,2.7714226,2.4804971,2.512231,2.969636,1.3585461,0.0,0.39421198,1.0493966,1.8955975,1.5117137,1.4316852,1.8089714,2.4499142,2.3454742,1.5284426,1.798645,0.59327894,1.0999051,1.7997501,1.8900962,0.68129396,0.89172477,1.2357086,1.486794,1.4479825,1.9157692,2.0665276,0.7749343,3.1886294,3.2547748,2.5330002,2.531756,2.8446636,1.9914174,2.4329624,2.3929083,1.7265755,1.449851,2.5336833,2.3273377,2.1804383,1.7214608,1.908355,1.6601104,2.0067937,1.9479427,1.6978742,1.8011395,1.7011089,2.530209,2.3980684,2.1596045,2.951852,3.0256624,3.0733027,2.8455398,2.7190218,2.9454758,2.4253201,2.418268,2.6605446,2.9877899,2.526613,2.5454686,2.6608558,2.5851886,2.5109339,2.4374623,2.1341074,1.5894028,2.4441543,3.0049999,2.6426795,2.2544758,2.1717355,2.1726122,2.4800193,2.2430646,2.1632204,2.1681182,1.9684811,2.1967208,2.3136036,2.3162372,1.8788432,2.159622,1.9033587,2.3619487,1.5635859,1.511945,1.828012,1.7228924,1.5818734,1.5755402,1.771864,1.3740376,2.3794544,2.3889823,1.9962815,2.2832232,2.7890103,2.6993618,2.7162256,3.0548785,2.9001114,2.8505378,2.7966256,2.7073522,1.8299897,2.179471,2.430984,2.0363836,2.6936853,2.1788535,2.1330955,2.3197215
18,1.6292727,1.657398,1.7484441,1.9145111,1.6681783,1.5586017,2.5771146,2.6779325,2.2671747,2.3216226,1.8951612,2.2455697,2.7456226,2.4736445,2.4544566,2.9307287,1.2274588,0.39421198,0.0,0.856941,1.9175786,1.5016924,1.3450053,1.7472738,2.4126096,2.3104174,1.3993396,1.7318501,0.64415455,1.153349,1.852156,1.9304,0.4536891,0.71874976,1.0141869,1.3482239,1.5013034,1.9903598,1.9558407,0.79977155,3.0833127,3.149775,2.5074875,2.4829488,2.6963744,1.7922475,2.2073226,2.214188,1.7475781,1.4139348,2.5298617,2.3372593,2.202785,1.7262375,2.0403764,1.7510097,2.043641,1.9561375,1.5594035,1.6129102,1.620937,2.5552785,2.3844573,2.149505,2.9260626,3.0014226,3.0608995,2.8497536,2.5850143,2.8708906,2.3365748,2.3341322,2.544541,2.9186466,2.453418,2.4660285,2.6376028,2.5544517,2.4118655,2.3366036,2.0273771,1.451977,2.3642845,2.9024928,2.5325425,2.1510222,2.0918825,2.0939472,2.405707,2.2092063,2.0624812,2.067835,1.9264408,2.1120825,2.2335098,2.233371,1.7900171,2.1111941,1.7777276,2.3063517,1.4971204,1.4368552,1.6962836,1.6057551,1.5597332,1.5354233,1.6709297,1.208612,2.219363,2.2272036,1.897661,2.1250362,2.7361002,2.6415572,2.591852,2.9511962,2.852921,2.7826703,2.7158797,2.6725338,1.6928159,2.0660825,2.380374,1.918326,2.8036132,2.2816324,2.1147857,2.2717671
19,1.5692644,1.5826108,1.9574956,2.1317856,1.9029249,1.7836107,2.5432308,2.7321057,2.3752813,2.1328454,2.0629513,2.352337,2.5678313,2.5282526,2.2437694,2.768918,0.9225948,1.0493966,0.856941,0.0,1.9110171,1.4760934,1.266837,1.6850414,2.5763195,2.4692447,1.0913656,1.4140016,1.105399,1.5179157,2.032019,2.1361623,1.040663,0.95493656,0.46087298,1.0547185,1.8326559,2.3075812,1.3652667,1.3001131,2.700257,2.7515323,2.6196382,2.5815215,2.615088,1.9352105,1.961603,1.9721895,1.5977156,1.2062749,2.4058428,2.5193536,2.433531,2.0191164,2.2945502,2.0060143,2.3165863,2.2357476,1.360111,1.4373431,1.4718753,2.3916066,2.2608795,2.0224466,2.8305056,2.9252825,2.9260292,2.753061,2.509084,2.8502505,2.1678336,2.1651816,2.4337118,2.7121866,2.2501395,2.3105905,2.450732,2.484166,2.230208,2.1901453,1.7485203,1.1072937,2.1752744,2.8003347,2.3189363,1.9504086,1.9418231,1.9444623,2.1544135,2.2524977,1.860841,1.8695574,2.0129378,1.907045,2.0463912,2.085491,1.6433299,1.920853,1.5457939,2.1918008,1.5794511,1.5632004,1.5176123,1.4008168,1.8226997,1.7964126,1.4690623,0.96921235,2.062044,2.0686646,1.6515927,1.8870978,2.6978383,2.6066556,2.4215455,2.7853372,2.8750622,2.6650035,2.6119933,2.683366,1.4881339,1.8823735,2.2726748,1.7180876,2.7313344,2.2341714,2.3347342,2.2269955
20,1.4866275,1.5117494,1.9034798,2.090624,1.8461444,1.8372383,2.5003335,2.6388152,2.2581842,2.0944917,1.7380843,2.2107503,2.713949,2.5806434,2.2605493,2.8193007,1.4604301,1.8955975,1.9175786,1.9110171,0.0,1.5439473,1.4231505,2.4124093,3.1854537,3.0822027,2.1513128,2.3668106,2.113252,1.7005132,2.7753372,2.8501134,2.1093688,2.1826587,2.038848,1.542139,1.7264453,1.2955997,1.8637921,2.0452182,2.6502998,2.711054,2.3597598,2.3787842,3.0520904,3.1511843,3.250154,3.2399614,1.8706069,2.3330495,3.2525394,2.11638,1.691176,1.2480284,1.760317,2.072605,2.4422386,2.3324454,2.4786837,2.5672953,1.797509,2.1097507,2.5992925,2.3417614,2.9053721,2.9866557,3.0503595,2.8473802,2.6034484,2.373923,2.3753183,2.372638,2.5829034,2.9041066,2.3455334,2.528099,2.6557195,1.8262593,2.489712,2.499574,2.6829965,2.3178794,2.320099,2.88002,3.6523695,2.3413727,2.3201063,2.3209853,2.56853,2.5449462,2.315354,2.3039026,2.3647487,2.3162642,2.3113625,2.356887,2.791684,2.8368118,2.7486706,2.7068634,2.2338932,2.2608902,2.6621418,2.44458,2.6563215,2.6503615,2.483745,2.4886832,3.0386891,3.0509722,2.5063324,2.838278,2.19563,2.0548117,2.5231702,2.9132893,2.706505,2.5931957,2.54088,2.5510085,2.5425258,2.2414298,2.2447717,1.7852727,2.481752,2.053573,2.0948327,1.9123878
21,2.1535058,2.2047853,2.1304412,2.187116,1.9388992,2.1156416,2.7754064,2.814229,2.510956,2.436539,2.1123698,2.5491073,2.7362256,2.636312,2.5921855,2.8003547,1.3904471,1.5117137,1.5016924,1.4760934,1.5439473,0.0,0.79531485,1.1978967,2.8409936,2.7455256,1.8745201,2.123962,1.4960703,1.7990859,1.871676,1.9655967,1.6314957,1.4538255,1.578434,1.8042444,2.000073,1.645283,1.7737306,1.3424848,3.095583,3.1360376,2.860785,2.8887303,1.8695432,2.1137385,2.3109603,2.2866251,1.9957669,1.6508081,2.171892,1.9503087,1.8523942,1.4824414,1.604786,1.323166,1.6805164,1.713091,1.7226723,2.0885954,1.9096857,2.3815289,1.9423316,1.7234719,3.089594,3.1762187,3.2070222,3.0234673,3.0106149,2.6498868,2.6134617,2.6145258,2.8521616,3.1392407,2.6351578,2.779924,2.9420562,2.175825,2.7006779,2.7086325,2.2133963,1.7269039,2.576763,3.0992239,2.7144663,2.3827121,2.4949646,2.4797022,2.5951738,2.5756092,2.3197584,2.3198867,2.3313446,2.3649285,2.4638093,2.5415473,2.1650145,2.249205,2.171678,2.0526314,2.026596,1.8843724,2.144164,1.8551786,1.9810567,1.9872215,1.7938133,1.7511227,2.384797,2.3917701,1.8614242,2.1407793,2.7030118,2.599681,2.8760724,3.2190533,3.140892,3.0543585,2.952898,3.005916,1.9277269,2.406913,2.626282,2.1974854,2.9702523,2.5482662,2.468493,2.508152
22,1.8767049,1.936031,2.1732223,2.3254123,2.1278722,2.0576112,2.7965343,2.9188492,2.5833838,2.416187,2.1526315,2.5525715,2.8886802,2.769484,2.5473156,2.9809246,1.2413869,1.4316852,1.3450053,1.266837,1.4231505,0.79531485,0.0,1.1794959,2.8141882,2.7167418,1.5796113,1.8762344,1.508789,1.7508663,2.3202248,2.351053,1.4765025,1.442208,1.380808,1.6158441,1.9988487,1.614952,1.683009,1.3749782,2.9546454,3.005803,2.7725616,2.8003533,1.9173877,2.1720755,2.3233387,2.3430605,2.0279047,1.7172076,2.1130152,2.0131419,1.8113918,1.4606836,1.7221603,1.3623717,1.7462279,1.6301156,1.8418338,1.9533882,1.848333,2.2815278,1.9636992,1.6455104,3.0143254,3.0866961,3.1288896,2.9750562,2.7687519,2.489849,2.5046284,2.5048635,2.7114851,2.9955869,2.611706,2.6154428,2.808841,2.0119493,2.6070478,2.582264,2.250393,1.7763437,2.5411806,3.0429857,2.714949,2.3285143,2.353743,2.3442519,2.568043,2.575986,2.271495,2.2737005,2.3436677,2.3377686,2.427755,2.4207408,2.0673678,2.2770858,1.9826868,1.9627352,1.9814848,1.7663116,1.9869409,1.7119814,1.9649642,1.9542191,1.692137,1.68932,2.3592615,2.3720946,1.9665926,2.2719126,2.5138984,2.3997238,2.6828039,3.0517666,2.9496288,2.8064494,2.7442727,2.781911,1.8219644,2.267518,2.543499,2.0924785,2.8464835,2.4605567,2.3715587,2.290794
23,2.827391,2.874683,3.0200028,3.1206725,2.8877265,2.9067094,3.4539564,3.5456386,3.2733698,3.1664207,2.9626904,3.2589629,3.4863787,3.388643,3.2503805,3.6054559,2.0753403,1.8089714,1.7472738,1.6850414,2.4124093,1.1978967,1.1794959,0.0,3.089067,3.0090258,2.003907,2.254097,1.8451432,2.515718,2.4536994,2.5814621,1.8767147,1.769564,1.8453954,2.455775,2.817153,2.5497189,2.4110613,1.7461438,3.7709777,3.8079097,3.5987833,3.6334124,1.6958393,2.0302057,2.2640908,2.265228,2.757424,2.032619,1.6576408,2.583021,2.6499476,2.4203482,2.3629246,1.6049175,1.9092137,1.8417951,2.1798253,2.3258371,2.632333,3.0986404,2.3129706,2.0351367,3.6291635,3.7050126,3.7110963,3.5958974,3.4871774,3.2619367,3.2613032,3.2608206,3.4494808,3.713048,3.2902625,3.3800433,3.5160527,2.914287,3.3679228,3.3460026,2.4141815,1.9651072,3.1742704,3.5989988,2.2633064,2.8658853,3.0463238,3.0329082,3.053363,3.0618577,2.7954779,2.8050892,2.8025804,2.874615,3.0147169,3.124709,2.2364967,2.3293722,2.1616187,2.1390657,2.4370027,2.2072897,2.2439878,1.9796929,2.112861,2.1220968,1.9380937,1.9268563,2.48547,2.4934568,2.0049841,2.2356746,3.2709382,3.1857095,3.4014611,3.7023778,3.662562,3.574669,3.5067968,3.5329452,2.0847855,3.0101857,3.3070385,2.972748,3.5553885,3.247542,3.1840777,3.1572332
24,2.7656252,2.6317303,2.6487577,2.6687977,2.5899246,2.6558943,3.2920208,3.3357062,2.9962738,3.3909206,2.7591016,3.366635,3.2526805,3.171257,3.4717867,3.612967,2.6359901,2.4499142,2.4126096,2.5763195,3.1854537,2.8409936,2.8141882,3.089067,0.0,0.1752275,2.3465965,2.654812,2.4135191,2.5003035,2.8066416,2.768974,2.3877428,2.3960001,2.6493604,2.7946894,2.687289,2.9699862,3.0358644,2.3365288,4.049571,4.115478,3.6151826,3.2966552,3.7079508,3.1589801,2.532467,2.057197,2.7839427,2.6168234,3.3391976,3.1467803,3.6898406,2.7953825,2.9414823,2.8874214,2.9487016,3.0156739,2.5207875,2.4899502,2.758237,3.0578952,2.981261,2.8587375,3.5922081,3.690442,3.753911,3.7644763,3.4011178,3.5659585,3.1840866,3.1890724,3.2927406,3.1868556,3.2865865,3.0440044,3.3472517,3.4167736,3.3407059,3.1764262,3.0141823,2.5967264,3.239996,3.588284,3.6794102,3.4138317,3.0027313,3.0000818,3.2611141,3.0696354,3.0046742,2.9911842,2.9271798,3.025848,3.1370752,3.1303205,2.7960413,2.9213293,3.101334,3.3614619,2.5848672,2.5435886,2.6290555,2.701514,2.4190543,2.3949926,2.7381303,2.446351,3.1511955,3.171673,3.09654,3.2033355,3.7187946,3.6505873,3.2825704,3.5692492,3.4728174,3.432378,3.291164,3.2722285,2.8776205,3.1551433,3.4304962,3.003246,3.6903193,3.2600777,3.0970337,3.331883
25,2.654885,2.5254607,2.5428915,2.5679364,2.4819996,2.560578,3.2069442,3.2482228,2.9179845,3.2959998,2.6657343,3.275964,3.1762385,3.0944498,3.37843,3.530734,2.534526,2.3454742,2.3104174,2.4692447,3.0822027,2.7455256,2.7167418,3.0090258,0.1752275,0.0,2.2376783,2.5357997,2.2992363,2.3764565,2.7124376,2.6883845,2.2841148,2.2922468,2.537388,2.675047,2.5700777,2.873573,2.9226272,2.231459,3.957086,4.0225196,3.5304227,3.2304633,3.6368675,3.072832,2.4663,2.008003,2.684435,2.5296416,3.2968347,3.1049714,3.5814986,2.7052848,2.8640065,2.8108406,2.8598106,2.9292748,2.4000165,2.379846,2.6573622,2.965051,2.8964276,2.7616158,3.5034068,3.6029434,3.657878,3.6567738,3.3446648,3.5156257,3.0961,3.0998995,3.231009,3.1086779,3.1968832,2.959475,3.2742193,3.3436189,3.2664168,3.0990105,2.929249,2.495486,3.1474705,3.5296538,3.602877,3.3123639,2.9156878,2.913725,3.1614668,2.9751496,2.9128263,2.8997684,2.8383877,2.9329128,3.0431747,3.0435448,2.7120364,2.8307729,3.005299,3.2689047,2.4980428,2.4698794,2.5416057,2.6227732,2.3636112,2.3422894,2.6639693,2.3506742,3.0833206,3.1052485,3.015152,3.1277232,3.6619873,3.591168,3.2024996,3.5006816,3.4030569,3.3572285,3.21979,3.199927,2.8028092,3.07153,3.3472087,2.9029155,3.5972524,3.1524467,3.0221813,3.2424393
26,1.7601379,1.7554044,2.2037487,2.3870556,2.1633976,1.9828264,2.761576,2.9421232,2.554735,2.359384,2.2608335,2.5693407,2.8140957,2.7585285,2.4689946,2.9770644,1.2982652,1.5284426,1.3993396,1.0913656,2.1513128,1.8745201,1.5796113,2.003907,2.3465965,2.2376783,0.0,1.0863779,1.6054602,1.8759971,2.473429,2.5041754,1.3827199,1.4398682,1.1385294,1.4338987,2.0839984,2.4461577,1.709568,1.6355627,2.8496766,2.903184,2.776513,2.7518146,2.8509448,2.2827427,1.9047632,1.9102483,1.8487893,1.6114464,2.578288,2.6891072,2.5356467,2.1863394,2.463013,2.1951249,2.4679925,2.3871245,1.7802364,1.7736456,1.7900795,2.2374146,2.46074,2.213382,2.9769945,3.0588489,3.1079988,3.1055703,2.606059,2.9581156,2.4005795,2.4039805,2.582825,2.427457,2.5038145,2.220205,2.648125,2.633935,2.4330578,2.3582714,2.0968997,1.573628,2.4531832,2.970041,2.6459851,2.25005,2.2064528,2.2074873,2.4118192,2.4864352,2.156244,2.1543229,2.275111,2.1736498,2.3117385,2.3084273,1.8836526,2.1320143,1.784755,2.347225,1.8685234,1.8321872,1.8133636,1.6960644,2.0342178,2.0190647,1.7102588,1.3357071,2.3365014,2.348672,2.1513076,2.211982,3.1716185,3.092117,2.2054985,2.6293943,2.6305141,2.400232,2.3708363,2.427313,1.8016927,2.1648667,2.4623172,1.9858081,2.8841846,2.4396229,2.5279522,2.3727627
27,2.0097687,2.027444,2.4839485,2.6483433,2.4161806,2.2592268,2.546461,2.7778206,2.742243,2.573641,2.5474615,2.7862,2.9746475,2.9280193,2.6460109,3.17053,1.6258154,1.798645,1.7318501,1.4140016,2.3668106,2.123962,1.8762344,2.254097,2.654812,2.5357997,1.0863779,0.0,1.8532661,2.1262271,2.699654,2.7375798,1.753981,1.7930682,1.5170585,1.7728151,2.3203428,2.6962283,1.9665896,1.9567205,2.9893906,3.038651,2.9334326,2.9259787,3.0027597,2.4272714,2.0424507,2.089667,2.1626892,1.9207546,2.7882133,2.9332368,2.7562106,2.4605443,2.7584796,2.4859436,2.6975784,2.5996628,2.0102112,2.0293088,2.0457876,2.49519,2.6819856,2.4495797,3.1201868,3.2048078,2.952665,2.9252937,3.2717931,3.5936391,2.5639615,2.5724585,3.1482856,2.6346788,2.668401,2.4230897,2.8375254,2.8460653,2.6045942,2.508465,2.3123183,1.8736643,2.6277366,3.5405183,2.7631474,2.4114504,2.4241233,2.429615,2.1258512,2.2531517,2.3553834,2.3548262,2.489126,2.3608913,2.497091,2.494794,2.10235,2.3498106,2.042674,2.5490456,2.104861,2.138496,2.0336235,1.9403383,2.3120217,2.3076622,1.9849184,1.6489369,2.4911711,2.5057037,2.37833,2.4104486,3.3077724,3.2325873,2.3715641,2.7654996,2.8238833,2.6014066,2.6128871,2.650152,2.1156874,2.3977866,2.6981974,2.2342038,3.0286384,2.6681325,2.772742,2.6435618
28,1.8609012,1.9187276,1.6157749,1.6879182,1.4862034,1.631745,2.52685,2.523561,2.1955686,2.320046,1.8236644,2.194059,2.580353,2.3021905,2.4478018,2.7300522,1.3907069,0.59327894,0.64415455,1.105399,2.113252,1.4960703,1.508789,1.8451432,2.4135191,2.2992363,1.6054602,1.8532661,0.0,0.97664577,1.3781537,1.4622028,0.6172945,0.5819216,1.1331661,1.4939692,1.3701581,1.9293644,1.9446813,0.4946146,3.096208,3.1559162,2.4971282,2.528992,2.622857,1.655539,2.196612,2.1877494,1.6448243,1.221668,2.4109633,2.3715084,2.1199622,1.7250041,1.8715873,1.6121973,1.8739588,1.9279267,1.2399626,1.5131896,1.6033227,2.4182565,2.1073647,1.8953617,2.84354,2.9222877,2.9662352,2.742646,2.74847,2.927969,2.3094623,2.302001,2.5961657,2.918368,2.4692667,2.4772716,2.6209328,2.5501893,2.4679906,2.3321543,1.987004,1.4155228,2.3696191,2.9460657,2.4415562,2.1421618,2.0802088,2.0771837,2.4073267,2.1854756,2.0640812,2.0721295,1.8909416,2.0986614,2.2285073,2.2188466,1.6683581,1.9800034,1.6861932,2.1046789,1.4649067,1.4109936,1.5996249,1.5695596,1.454464,1.4491341,1.6058284,1.0805517,2.1900637,2.2043397,1.8765384,2.1341136,2.8913667,2.8096564,2.729557,3.0542405,2.9519763,2.8916023,2.8156176,2.758317,1.6558372,2.0897214,2.4095933,1.9965228,2.7310584,2.1855679,2.120571,2.3635602
29,1.3402058,1.4061457,0.90377885,1.0457662,0.8772911,1.1096668,2.1822715,2.1588738,1.7473981,1.9238057,1.2254183,1.744838,2.2746336,1.9423298,2.0885837,2.4062753,1.3651949,1.0999051,1.153349,1.5179157,1.7005132,1.7990859,1.7508663,2.515718,2.5003035,2.3764565,1.8759971,2.1262271,0.97664577,0.0,1.7326602,1.7737197,1.1450785,1.235854,1.4941785,1.2029638,0.6015677,1.4484582,1.8548535,1.0704904,2.6940165,2.7670531,1.9487251,1.9764451,3.0991902,2.3251388,2.716248,2.7086904,1.3495001,1.6491125,3.0632358,2.3093343,1.8090208,1.2982754,1.713189,1.9265949,2.1632113,2.2085102,1.5476911,1.7263077,1.2778889,2.020202,2.2555108,2.0539508,2.55612,2.6363642,2.7411819,2.486054,2.390745,2.5708818,1.9363505,1.9246119,2.2181494,2.5900748,2.1086607,2.1254234,2.2751935,2.1877582,2.156078,1.9944568,2.235286,1.7720907,2.0485501,2.64848,3.116692,2.0044076,1.7979021,1.8016238,2.3108542,2.0435774,1.9321429,1.9298238,1.7634481,1.9311124,1.9836155,1.9160477,2.0825853,2.3200681,2.0982037,2.3942611,1.4987102,1.5796796,1.9200492,1.9355055,1.8861103,1.8717002,2.002693,1.6379085,2.5017502,2.5212166,2.228655,2.5092974,2.5798059,2.4697723,2.4489474,2.8297598,2.6431653,2.5875456,2.5025034,2.4324772,2.014627,1.8092037,2.0109897,1.5189159,2.354465,1.7033137,1.6137509,1.881523
30,2.674629,2.74404,1.8968117,1.7031933,1.6021537,2.173879,2.8202267,2.620111,2.370582,2.5798893,2.1030107,2.487509,2.4370039,2.2513235,2.749249,2.437278,2.085088,1.7997501,1.852156,2.032019,2.7753372,1.871676,2.3202248,2.4536994,2.8066416,2.7124376,2.473429,2.699654,1.3781537,1.7326602,0.0,0.5931551,1.7837795,1.4296083,1.9793725,2.230865,1.9246154,2.4117305,2.3352792,1.409884,3.3600953,3.4006283,2.8464518,2.8903873,2.8499901,1.9775544,2.4805582,2.4104085,2.0094125,1.6167265,2.783804,2.7445078,2.5333443,2.2117944,2.2150416,2.1412034,2.2629385,2.5138476,1.3627579,2.100831,2.065586,2.754211,2.309354,2.3049128,3.1315775,3.2091088,3.2935228,3.0631573,3.2622514,3.2200544,2.6697407,2.663512,2.8949108,3.218039,2.7178488,2.8594568,2.9715874,2.9490542,2.754832,2.6845207,2.2664597,1.8269222,2.6944535,3.156802,2.7306428,2.5109053,2.5705404,2.5514762,2.7877038,2.590335,2.4530756,2.4580934,2.2893562,2.453626,2.5846534,2.6233861,2.1553931,2.3013966,2.312508,2.4885716,2.0240412,2.0438313,2.2011516,2.15056,1.9447658,1.9509758,2.0827887,1.6608512,2.4210038,2.4271288,2.1231804,2.3302476,3.4987547,3.4065197,3.3111517,3.634005,3.6146724,3.5775342,3.4465108,3.458406,2.096499,2.5272086,2.7783706,2.443527,3.1323736,2.5743809,2.6093676,2.9758503
