,0,1,2,3,4,5,6,7,8,9,10,11,12,13,14,15,16,17,18,19,20,21,22,23,24,25,26,27,28,29,30,31,32,33,34,35,36,37,38,39,40,41,42,43,44,45,46,47,48,49,50,51,52,53,54,55,56,57,58,59,60,61,62,63,64,65,66,67,68,69,70,71,72,73,74,75,76,77,78,79,80,81,82,83,84,85,86,87,88,89,90,91,92,93,94,95,96,97,98,99,100,101,102,103,104,105,106,107,108,109,110,111,112,113,114,115,116,117,118,119,120,121,122,123,124,125,126,127
0,0.0,1.0630045,1.2295605,1.1053808,2.0511603,2.9121616,1.2866111,1.9603244,1.357339,2.2438657,1.4049008,1.7025677,1.8538904,1.8232659,1.6186457,1.957933,2.6054127,2.9724982,2.7607293,2.5786655,2.3092067,2.672926,2.2529004,2.5927255,2.3340662,2.6703558,1.2773241,1.2536951,2.4301708,2.9816966,2.8035722,2.6392736,2.0043304,2.2761183,2.7346954,2.6157887,2.2558086,2.9317338,1.7636489,2.0288928,2.585589,2.3212388,1.9009955,2.0728562,2.0525985,1.9658736,1.9718962,1.9668115,1.5817121,2.1493607,1.5127248,1.6449236,2.036801,2.0070527,2.6295018,1.966721,1.238083,2.017157,1.9593862,2.1401274,2.3853052,2.2179747,2.1337605,2.2652788,2.0605838,1.4395373,1.7716993,2.0710304,2.2787945,1.7844117,1.9739817,2.0448635,1.7039539,1.3108358,1.3967205,1.6226858,1.4407257,1.2170031,1.0988188,0.7617368,1.6826335,2.1099257,2.2751803,1.36468,2.5119243,2.4987488,2.1958368,2.7162073,1.9364437,1.8612345,2.0614583,2.2927623,2.7558672,2.1773782,2.8138223,2.0216904,1.2431719,1.4052277,1.4218009,1.267819,2.061747,1.954365,2.063623,2.0583754,1.2005196,1.8219715,2.0132666,1.9227391,1.5291624,1.4739093,1.9277003,1.7255706,1.8924924,1.8324709,1.8699318,1.2130526,1.116625,1.0891469,1.376944,2.1382232,2.0430503,1.6437832,2.250259,1.6697596,2.7707438,2.7940226,2.1311438,2.1715474
1,1.0630045,0.0,0.46472725,0.5261373,1.7705661,2.7777038,0.80357444,1.653827,0.7365717,1.9845601,0.8717418,1.0058166,1.4796929,1.5052398,1.3762329,1.5454412,2.345102,2.7789145,2.5422113,2.4347792,1.9418744,2.3450909,1.9078537,2.2939887,2.1621237,2.386908,0.8371536,0.9094329,2.1896117,2.7552392,2.583561,2.5802898,1.7652166,2.0244174,2.436685,2.380732,2.2981904,3.0646565,1.4305727,1.6626698,2.2856848,2.0853152,1.4817778,1.6643955,1.795758,1.7365562,1.6667529,1.7011598,1.0539157,1.857017,1.03641,1.3863474,1.9119867,1.9885895,2.3735905,1.5701083,0.8302834,1.9773375,1.6144061,1.9174259,2.1686704,1.9499557,1.8000069,1.9613346,2.1415164,1.5983969,1.7141212,1.491175,2.429047,1.9066355,2.0822945,2.1598399,1.908929,1.3439467,1.3693275,1.8582704,1.4081973,0.70568466,1.7031649,1.003011,1.4087862,2.1096501,2.382999,1.4399424,2.136262,2.1109757,2.1930943,2.6787617,2.107017,1.7741884,1.9864062,2.238158,2.5568533,1.963628,2.975925,2.00611,1.0680468,1.2905344,1.4235582,1.3168464,1.9427295,1.9477011,2.1513624,2.167936,1.2854283,1.8498507,2.065503,1.9523114,1.2441709,1.2218658,1.7122871,1.4880089,2.0206182,1.8581012,1.7914956,1.3831153,1.2719691,1.3005123,1.4926329,2.3069403,1.8838438,1.6744839,2.2661438,1.7401497,2.738649,2.8718672,1.96957,2.0474427
2,1.2295605,0.46472725,0.0,0.67027646,1.8528842,2.8154843,0.89967483,1.8456725,0.8371886,2.0084846,1.1018573,0.77817535,1.7149988,1.7171097,1.6368518,1.7880802,2.4197855,2.8367496,2.642837,2.533551,2.0004783,2.3934886,1.957157,2.3308866,2.2933912,2.434969,1.0569896,1.0912156,2.1961164,2.808529,2.5734751,2.5838687,1.6925311,2.0416324,2.3340802,2.2876968,2.227642,3.0589035,1.2991507,1.5500957,2.1489592,2.0981517,1.3580023,1.5279096,1.7286747,1.6366478,1.5412838,1.5535892,0.80106634,1.7269484,0.8846915,1.5004843,1.6914716,1.9668717,2.0716748,1.3636321,1.0463437,1.9283446,1.5589894,1.9166826,2.0277467,1.8815987,1.7324874,1.9303755,1.9134145,1.5701274,1.7028543,1.5378543,2.4004374,1.8610772,2.072933,2.1583037,1.8604923,1.2169181,1.3125571,1.8270469,1.3732326,0.90476996,1.8820708,1.1810269,1.5716549,2.157787,2.357969,1.6023839,1.9739527,1.9381315,1.9770682,2.5086596,2.0828044,1.8745667,2.0775561,2.2238007,2.6391768,2.0764537,2.936971,2.093389,1.1800016,1.3590155,1.5788387,1.3921816,1.6636294,1.6742162,2.0754485,2.0935566,1.3951826,1.9100099,2.1129122,2.0239758,1.3147548,1.3226575,1.7809701,1.6007088,2.1372786,1.8677582,1.9831117,1.4999369,1.4157263,1.3929121,1.5436246,2.390487,1.9924662,1.7495252,2.3783872,1.8913275,2.875595,3.0555058,2.097284,2.1767857
3,1.1053808,0.5261373,0.67027646,0.0,1.6151066,2.6609998,0.88274527,1.7537757,0.8430307,1.9747005,0.80384165,1.0888644,1.6224489,1.5827281,1.331906,1.5557528,2.1595554,2.6784494,2.5162756,2.3664443,1.8461958,2.2740467,1.7700492,2.1578808,2.278491,2.4622347,0.9152641,0.94718105,2.272003,2.8667321,2.6619868,2.6961174,1.8659396,2.169466,2.2498877,2.1305454,1.9986081,2.8796384,1.4550308,1.8054091,2.2238014,2.081893,1.4246789,1.6594228,1.941457,1.6756952,1.6342037,1.6460617,1.1299008,1.8542851,1.064151,1.4246415,1.9673722,1.9150329,2.2232704,1.5923253,0.8167157,1.8688731,1.5861833,1.9085482,2.0910263,2.058621,1.7412,1.9263349,2.1614678,1.6211164,1.5822327,1.423532,2.3783758,1.9018441,2.303984,2.3834844,1.8933681,1.4728742,1.5304713,1.8249174,1.3788133,1.0688844,1.5990252,1.192668,1.3838447,2.1049385,2.3927634,1.6022152,2.2418797,2.068217,2.216696,2.7278173,2.1009922,1.656728,2.009691,2.0628211,2.475237,2.0931828,2.9302552,1.9547404,1.2853266,1.4325737,1.5650811,1.4154958,1.9793798,1.9414188,2.154548,2.160807,1.454368,1.9066188,2.2185516,2.0958421,1.474789,1.4610426,1.8741231,1.6829512,2.22606,2.1609538,1.8774962,1.6646686,1.5843096,1.5575141,1.7970328,2.5022867,1.9324816,1.9054319,2.54155,2.066128,2.9829993,3.126032,2.1193585,2.2025805
4,2.0511603,1.7705661,1.8528842,1.6151066,0.0,1.6808782,1.641742,2.1200464,1.6482356,2.088331,1.5348372,2.0953283,2.3387957,2.080062,1.8309424,2.0647764,2.8344924,3.2333589,3.052156,3.0667858,2.8179545,2.870394,2.541828,2.8769813,2.6135316,2.6186438,1.530696,1.5450828,2.877167,3.4260259,3.3088355,3.5386658,2.3617632,2.5719109,2.8978655,2.725823,2.757515,3.382147,2.1967058,2.245826,1.8456469,2.5681531,2.1208467,2.2644634,2.2420237,2.2861843,2.103194,2.1423516,1.9503317,2.5219998,1.8699497,1.9465905,2.5369685,2.4558697,2.3037398,2.2789378,1.6684015,2.475651,1.9518543,2.8419392,2.6667774,2.519,2.2606516,2.4281151,2.9543982,2.5150943,2.1838427,1.8933674,3.0170221,2.550022,2.9032466,2.975725,2.5482383,2.246714,2.1979084,2.534476,2.2279885,2.0834723,2.127464,2.1758883,1.7286646,2.803025,2.928471,2.5251613,2.7481365,2.5491269,2.7959967,3.2524934,2.861946,2.3804686,2.4466863,2.6621575,3.2616823,2.811576,3.2261436,2.3440306,2.1489403,2.0500588,2.1138208,2.0579166,2.6255584,2.5881424,2.70175,2.6985333,2.0867639,2.5104094,2.6955318,2.7674966,2.2003775,2.1089509,2.496739,2.3569179,2.5706725,2.647191,2.254342,2.1302955,2.1176264,2.198036,2.321376,3.2413964,2.2520046,2.2546017,2.6586373,2.4479485,3.2340653,3.362577,2.135951,2.1874177
5,2.9121616,2.7777038,2.8154843,2.6609998,1.6808782,0.0,2.1814752,2.6647959,2.2984974,1.5730036,2.271931,3.1047487,3.4025004,2.6750097,2.4947762,2.726256,3.2670038,3.6424491,3.5334387,3.5475535,3.639142,3.3672962,3.089672,3.4047296,3.3677502,2.9967825,2.228029,2.2512994,3.292067,3.789523,3.635655,4.368934,3.2319126,3.4557285,3.266618,3.1261241,3.5131931,3.7274494,3.0082572,2.733167,2.385396,2.8987975,2.698385,2.807332,2.6760776,2.7772927,2.5775547,2.7201564,2.4942439,2.9452448,2.3460085,2.473153,3.2350745,2.8590567,2.7568882,2.9170501,2.3123827,2.8521366,2.5053616,3.2293205,3.0128274,2.9879215,2.6619005,2.853071,3.2122853,3.2746701,2.6120157,2.4585998,3.3034825,2.86909,3.638237,3.7187762,2.869492,2.7032049,2.6859484,2.8122911,3.075897,3.0437894,3.15649,3.1094046,2.406313,3.1920137,3.1844418,3.3675117,3.4477172,2.9079926,3.078695,3.5227559,3.4348168,3.188908,2.9324753,3.0881202,3.6946905,3.327597,2.8270268,2.5073855,2.9833767,2.4779088,2.5855732,2.4942658,2.9377153,2.9006853,3.001035,3.0038643,2.567094,2.944111,3.1291573,3.4905233,2.6838331,2.608939,2.9146614,2.8107538,3.052752,3.1220603,2.8767595,2.590266,2.6753268,2.7178886,2.8244143,3.5842316,2.8250654,2.671765,3.0782247,2.9011164,3.6020944,3.6974945,2.7002268,2.7374485
6,1.2866111,0.80357444,0.89967483,0.88274527,1.641742,2.1814752,0.0,1.4145936,0.3938091,1.2395568,0.7335435,1.4081361,1.8636426,1.4348902,1.2134384,1.4939868,2.2288778,2.7436013,2.5269299,2.4340038,2.098417,2.2044816,1.7729145,2.1893876,2.2462199,2.2996182,0.6640222,0.8112393,2.0212026,2.5848706,2.3980145,2.7705817,1.8744441,2.134656,2.3392844,2.2715735,2.4107523,3.009276,1.5113281,1.4656905,2.1053529,1.9245397,1.3347368,1.5163963,1.5758075,1.6272557,1.4550883,1.5603845,0.8189175,1.8312955,0.6695111,1.1193517,1.9856638,1.9541668,2.2505724,1.5631264,0.61493903,1.932483,1.3995639,1.7599496,2.1701183,1.9571339,1.7243248,1.9349871,2.0474808,1.8620747,1.6351885,1.4129208,2.4438205,1.8320168,2.3170834,2.398765,1.8209327,1.2320844,1.2266089,1.7350523,1.6865227,1.1949099,1.9712628,1.389273,1.2126952,2.0743983,2.2209418,1.6308689,2.2393577,1.965553,2.0368898,2.5820196,2.2703295,1.9715065,1.9956719,2.2377236,2.628056,2.0477884,2.6275089,1.7839404,1.3376304,1.107589,1.2681355,1.1473615,1.856175,1.8440274,2.0939913,2.1134036,1.1951778,1.7223305,2.0998538,2.2164834,1.1877956,1.1568347,1.7036009,1.4932126,1.9065168,1.7728945,1.6643447,1.2508682,1.1708848,1.1985276,1.3826784,2.1995523,1.910702,1.4323637,2.1013036,1.6260157,2.640477,2.868441,1.8950248,1.9627912
7,1.9603244,1.653827,1.8456725,1.7537757,2.1200464,2.6647959,1.4145936,0.0,1.4590136,1.95698,1.6673917,2.167624,1.6119745,1.2424375,0.95140386,1.1933736,2.6969702,3.0177734,3.1292906,2.9639597,2.558821,2.6193051,2.310645,2.5875876,1.984667,2.6621757,1.485277,1.6627648,2.5121937,2.5735116,2.8207247,3.0775564,2.4335537,2.150032,2.8477407,2.7490478,2.8526177,3.4058259,2.238295,2.2218192,2.5237381,2.5276406,2.0950673,2.2012866,2.384695,2.4139698,2.2140632,2.3238776,1.8179715,2.5011113,1.6496875,1.7162087,3.1270924,3.2490964,3.3336453,2.7062173,1.5866499,3.0728707,2.0842497,2.4531722,3.2197688,2.7209203,2.5255513,2.7002647,3.214096,2.954546,2.8833044,2.4991252,3.4620368,3.042665,3.3355813,3.3987782,2.9989586,2.10687,1.7761102,2.8876135,2.835018,1.7864084,2.4595413,1.9629128,1.7858095,2.6140108,3.1916924,1.802846,3.3329957,3.1104355,3.1335125,3.4832492,3.088184,2.406227,2.6048398,3.1513848,2.752952,2.29386,3.5559657,2.383124,1.8798864,1.7919226,1.4153433,1.8356705,3.0577328,3.0519078,3.174281,3.1972456,1.8590488,2.2690294,2.6234963,2.6747496,1.9349637,1.7900584,2.1931806,2.113277,1.9057775,1.9153881,1.9243177,2.0134223,1.7592095,1.9792466,1.723212,2.4722805,2.4625397,2.000637,2.239322,1.7531724,2.7445097,3.0784714,2.4794123,2.4630668
8,1.357339,0.7365717,0.8371886,0.8430307,1.6482356,2.2984974,0.3938091,1.4590136,0.0,1.3369821,0.56831187,1.2291757,1.8051164,1.4574658,1.2197406,1.432509,2.2901902,2.8370037,2.5668623,2.4640443,2.0730593,2.1999817,1.792394,2.334261,2.1477635,2.0134661,0.7063882,0.90972465,2.0179803,2.5839126,2.408724,2.7357872,2.046762,2.2733328,2.2555704,2.2368205,2.4581888,2.9938736,1.5973954,1.6022214,2.1813245,2.0526974,1.451957,1.6089871,1.7232165,1.7654226,1.519231,1.7889861,0.8644326,1.9006033,0.7164966,1.0720246,1.9933236,1.9662104,2.2427409,1.5341508,0.70554376,1.9362972,1.6409918,1.9901031,2.246511,2.0431025,1.83099,2.0339253,2.1330383,1.8784119,1.6927919,1.3682606,2.5308099,1.9120569,2.336967,2.4130828,1.9134257,1.3294538,1.3025627,1.8231689,1.7049862,1.104143,2.0215378,1.3868463,1.1649297,2.1322076,2.2375147,1.5565039,2.2051866,1.9592083,2.0544522,2.4363194,2.3358052,2.0040672,2.092525,2.2902937,2.588157,2.0264697,2.7611892,1.892675,1.1437823,0.9720897,1.1634963,1.0463772,1.9059452,1.9352821,2.00514,2.0273228,1.0761621,1.6051841,2.0914786,2.161457,1.0066696,0.967432,1.5335273,1.3657135,1.9523546,1.8356225,1.6718172,1.3797865,1.2569407,1.3022599,1.461181,2.2546623,2.0162437,1.474136,2.1181664,1.7156384,2.4605188,2.7590013,1.7024331,1.7676761
9,2.2438657,1.9845601,2.0084846,1.9747005,2.088331,1.5730036,1.2395568,1.95698,1.3369821,0.0,1.5032368,2.3268087,2.7771807,1.9949149,1.8174304,2.0309973,2.5808985,3.0855227,2.9216297,2.8313506,2.816262,2.5861156,2.255735,2.72277,2.7953596,2.3505101,1.5359071,1.6470282,2.399721,2.8835607,2.693361,3.526951,2.7954886,3.0124648,2.5601099,2.5338001,3.0506837,3.245896,2.3824587,2.0876825,2.4606693,2.3221004,2.0018487,2.1262636,2.1271844,2.1936207,1.9600321,2.2631793,1.5495536,2.2675178,1.3629719,1.6613472,2.657773,2.318547,2.5305245,2.1946952,1.5037594,2.2528996,2.0861685,2.3890126,2.5175848,2.4426312,2.1344042,2.3483841,2.3908505,2.6362658,2.058586,1.8659304,2.7776296,2.223813,3.0714116,3.1503825,2.2307832,1.8431712,1.8347106,2.1035407,2.5169218,2.2443683,2.833504,2.3831196,1.811088,2.5148656,2.5028584,2.5063994,2.8651762,2.2721007,2.3596258,2.7425964,2.8688571,2.6802373,2.4768322,2.6274917,2.9545114,2.539036,2.362929,1.9587032,2.1509943,1.5458509,1.711886,1.5977796,2.2401636,2.2502117,2.3276086,2.350031,1.6873515,2.1176403,2.5146205,2.8593774,1.6933523,1.6573102,2.0259156,1.9035728,2.435618,2.3391826,2.255189,1.885576,1.9090123,1.9216747,2.0254574,2.5942366,2.4626074,1.9602581,2.5252004,2.1917398,2.865467,3.1064723,2.219668,2.2679102
10,1.4049008,0.8717418,1.1018573,0.80384165,1.5348372,2.271931,0.7335435,1.6673917,0.56831187,1.5032368,0.0,1.4233437,1.8945526,1.5941995,1.267337,1.463897,2.255934,2.8593628,2.5798073,2.4540107,2.0683036,2.2433307,1.8164513,2.3778975,2.330463,2.0580833,0.75647694,0.969982,2.1797059,2.7854676,2.5787857,2.8548973,2.2575057,2.5261593,2.2400947,2.2031226,2.4158494,2.8953738,1.781996,1.9008406,2.2823086,2.0747273,1.6265261,1.8184206,1.9961863,1.90778,1.6848313,1.9680041,1.3092109,2.1033392,1.1122813,1.1432195,2.1596859,1.8851326,2.3490794,1.6541343,0.6436066,1.8726351,1.7729716,2.1397853,2.2807214,2.2514865,1.9257339,2.099239,2.2792704,1.8042426,1.5331044,1.1676794,2.4627995,1.8651075,2.4060867,2.4807334,1.8784193,1.625463,1.6496122,1.7798647,1.58799,1.1479194,1.9686371,1.4489999,1.1890227,2.143274,2.234171,1.6899161,2.3387125,2.0398629,2.2190704,2.5491233,2.3285964,1.9721731,2.1333508,2.1977541,2.5245857,2.1144283,2.7735558,1.9220792,1.1924422,1.0799807,1.3132771,1.1327984,2.049092,2.077642,1.9385493,1.9548731,1.1886151,1.6079625,2.2029445,2.2208755,1.121959,1.1091337,1.5940442,1.426275,2.2001693,2.2455006,1.759223,1.6101921,1.5326517,1.5435483,1.8532099,2.4851558,2.0535963,1.7019608,2.3721848,2.02725,2.6106524,2.7870564,1.7423717,1.8401563
11,1.7025677,1.0058166,0.77817535,1.0888644,2.0953283,3.1047487,1.4081361,2.167624,1.2291757,2.3268087,1.4233437,0.0,1.9279026,2.066324,1.8448902,1.9740187,2.814227,3.2774558,2.9980288,2.8949144,2.2494109,2.588651,2.2963457,2.7403858,2.3821611,2.306207,1.5434761,1.6036971,2.399376,2.9770858,2.7917929,2.7307236,2.0087934,2.2635922,2.216428,2.1910157,2.2012124,2.8872442,1.4756993,1.840408,2.3613763,2.146198,1.5029665,1.6773165,2.044416,1.9260972,1.6692395,1.8698066,1.2267557,2.0554047,1.2992098,1.8629642,1.9105111,2.3153663,2.0860066,1.5151286,1.6341788,2.2643623,1.9154857,2.2269073,2.31566,2.2232757,2.0568628,2.1836262,2.1990042,1.9335469,2.0161161,1.7247589,2.8058646,2.2660553,2.443523,2.4932265,2.288527,1.5027541,1.5457064,2.2365932,1.7470107,1.312795,2.1171548,1.5861343,1.761585,2.5117283,2.5967157,1.8657454,1.9646488,1.918766,2.0888023,2.3944323,2.5566642,2.2521737,2.4819891,2.5884094,2.822056,2.4226277,3.358373,2.4942114,1.4498708,1.7129543,1.8572843,1.7438499,1.9522853,1.9911301,2.3268564,2.3391428,1.7550313,2.0582862,2.5028422,2.3478677,1.6598552,1.6678498,2.0451996,1.8746382,2.6108973,2.1415253,2.167172,2.0329924,1.950219,1.9774027,1.9808502,2.818768,2.427909,2.1483736,2.6120331,2.3036249,2.9008384,3.0955427,2.111857,2.214274
12,1.8538904,1.4796929,1.7149988,1.6224489,2.3387957,3.4025004,1.8636426,1.6119745,1.8051164,2.7771807,1.8945526,1.9279026,0.0,1.0056418,1.4317844,1.0993841,2.5777204,2.965825,2.7163827,2.5826004,2.3763897,3.0624397,2.4825275,2.789309,2.3363602,3.1102092,1.7456893,1.6626675,3.029469,3.1619852,3.3399606,3.1600304,2.304461,2.019004,2.9975133,2.918301,2.705609,3.5209124,2.1683028,2.3809311,2.79567,2.7412798,2.3383446,2.4445589,2.4959123,2.200628,2.463445,2.5124521,2.0143945,2.037953,1.9792368,2.4431853,3.2440374,3.0733001,3.4273677,2.9810584,1.7750407,3.064641,2.3453655,2.6350377,2.7763078,2.1397705,2.1038983,2.1339338,3.2561178,2.6693125,2.8515036,2.5161653,3.0245469,3.0334191,3.02827,3.0912662,3.0340552,2.1629214,1.9370743,2.951979,2.619221,1.5700725,2.051724,1.6147898,2.367873,2.2047682,3.6260073,2.0056632,3.3877435,3.4241796,3.5341167,3.848623,2.5107217,1.5930132,2.0185606,2.7103019,2.2462506,1.5703471,3.5996,2.1126854,1.7940665,2.098041,1.7599503,2.0932295,3.1790528,3.1804607,3.250639,3.2675998,2.0515215,2.436131,2.1583424,1.8830736,2.088098,1.9981606,2.0992215,1.915845,2.2426107,1.9519815,1.9245427,2.0963194,1.912616,2.035342,1.8397259,2.5459743,1.8664726,2.6322947,2.8627865,1.8762176,3.0275912,2.9602995,2.810185,2.833244
13,1.8232659,1.5052398,1.7171097,1.5827281,2.080062,2.6750097,1.4348902,1.2424375,1.4574658,1.9949149,1.5941995,2.066324,1.0056418,0.0,1.0640376,0.69529986,2.283573,2.7487175,2.5370994,2.3822653,2.4637296,2.942207,2.2825072,2.6266282,2.3371804,2.9065535,1.3686801,1.2595464,2.9238226,3.086018,3.2225688,3.4292712,2.3730075,2.1802335,2.7520454,2.6676366,2.7026844,3.3676739,2.1553562,2.1433818,2.5563295,2.4781244,2.1320617,2.2495406,2.2362208,1.9022542,2.1868594,2.3110812,1.6763569,1.6462353,1.5392811,2.1581914,3.2099488,2.801819,3.2317228,2.8815122,1.3769938,2.7802718,2.0802083,2.3801208,2.470501,1.8702489,1.6715647,1.836604,3.0269423,2.686812,2.6089628,2.2996633,2.7494524,2.7863836,3.09721,3.1900284,2.7814517,1.9220392,1.6975104,2.661768,2.6243136,1.6805903,2.1995718,1.7552818,2.1445704,1.8491166,3.4202666,2.0828226,3.426181,3.238884,3.3129084,3.679202,2.3514426,1.4821327,1.6884768,2.3864071,2.025945,1.3293017,2.9849226,1.5199479,1.786112,1.7202044,1.3757635,1.7288235,2.922279,2.9182494,2.9858541,3.0073235,1.7188443,2.1811523,1.8593163,1.8701036,1.78671,1.6762897,1.7675809,1.6329458,1.9196097,1.7910517,1.794541,1.8199896,1.6591253,1.7610205,1.5729415,2.368617,1.5524937,2.366855,2.7266312,1.6265291,2.914634,2.8378048,2.6616943,2.6774921
14,1.6186457,1.3762329,1.6368518,1.331906,1.8309424,2.4947762,1.2134384,0.95140386,1.2197406,1.8174304,1.267337,1.8448902,1.4317844,1.0640376,0.0,0.8378804,2.398763,2.977481,2.7553983,2.567141,2.2913103,2.4231913,2.0791483,2.4203153,1.8286669,2.4811745,1.2455055,1.3585494,2.4342744,2.627902,2.7972739,3.038252,2.4054153,2.2258523,2.5840933,2.433283,2.4498906,3.0254033,2.1108456,2.2344062,2.5447717,2.2925434,1.928001,2.1287842,2.338967,2.2026787,2.0884879,2.2181535,1.6553836,2.2727337,1.4619733,1.5914018,2.9544017,2.7603166,3.07547,2.5044644,1.306551,2.6574574,2.0108798,2.3159983,2.8760037,2.4789011,2.1999447,2.3295004,2.9740064,2.6335657,2.4514983,2.1322227,3.1224265,2.7408712,3.1574402,3.2115114,2.71521,1.8511049,1.5536603,2.567504,2.5169823,1.6471612,1.9400239,1.6718256,1.4376624,2.3312912,2.981224,1.6665807,3.1114721,2.8115687,2.9300153,3.3218572,2.8412838,2.0387661,2.2760684,2.7459712,2.4811146,2.1475267,3.324275,2.0509458,1.7415938,1.6869287,1.2899244,1.6604863,2.9014666,2.8604167,2.9433,2.9532027,1.6930059,2.0254185,2.5127552,2.5037572,1.8522253,1.7218529,2.129456,1.9224434,2.0768902,1.9780064,1.597184,1.886898,1.70531,1.8886529,1.726971,2.4534597,2.2193217,2.0200572,2.3285222,1.8068316,2.6964717,2.925127,2.2288816,2.2616878
15,1.957933,1.5454412,1.7880802,1.5557528,2.0647764,2.726256,1.4939868,1.1933736,1.432509,2.0309973,1.463897,1.9740187,1.0993841,0.69529986,0.8378804,0.0,2.4187083,2.9701319,2.7764127,2.5862815,2.441856,2.8237457,2.2741897,2.6981034,2.2525985,2.6992726,1.4278846,1.4530199,2.7328627,2.871886,3.046826,3.2503963,2.580734,2.3618693,2.539775,2.4633195,2.5924702,3.148686,2.2165685,2.3250916,2.5981526,2.4605396,2.1276004,2.2475443,2.4672682,2.1196537,2.2238426,2.4351747,1.8116672,2.0466835,1.6460617,2.0529506,3.2959025,2.930432,3.245672,2.826231,1.4795908,2.8943021,2.187871,2.524756,2.7255454,2.286659,2.0106263,2.0259328,3.1475995,2.7378104,2.5989015,2.184664,2.973153,2.852135,3.2885566,3.3413777,2.8543472,2.0026352,1.7395645,2.7113364,2.690383,1.7033794,2.2250793,1.7860644,1.9750911,2.115969,3.2973073,1.9966985,3.380044,3.1101518,3.2980943,3.5647748,2.711624,1.823837,2.1514773,2.6553571,1.9357778,1.5794253,3.2453427,1.8261063,1.7875019,1.7661593,1.3868172,1.7709202,3.05267,3.0634468,3.0404055,3.0619698,1.8062172,2.109851,2.289621,2.2413478,1.8464603,1.740865,1.8810333,1.6547854,2.3245664,2.0012336,1.7357607,2.052469,1.9309455,2.0618644,1.8955073,2.5545359,2.0316315,2.423389,2.6812043,1.856716,2.7431083,2.798148,2.571136,2.592496
16,2.6054127,2.345102,2.4197855,2.1595554,2.8344924,3.2670038,2.2288778,2.6969702,2.2901902,2.5808985,2.255934,2.814227,2.5777204,2.283573,2.398763,2.4187083,0.0,1.6981801,1.2656525,1.037277,1.3048663,2.0324187,1.0258113,1.3350159,3.5482454,3.7174768,2.556625,2.4578576,2.8879447,3.1129916,2.9589584,3.3524797,2.9249802,3.1360135,3.2234383,3.1150732,3.1235425,3.8247242,2.7622511,2.823138,3.076911,3.0008295,2.641991,2.8656132,2.8093736,2.4314523,2.8099303,2.7783668,2.332091,2.3176632,2.3255613,2.71319,3.1970727,2.5928426,3.0373707,2.996837,1.9831016,2.5616856,2.6782231,2.8032994,2.622697,2.4940438,2.1848073,2.3862314,2.8953514,2.9276793,2.556107,2.3316498,2.8354478,2.9004538,3.4284687,3.5353456,2.9475346,2.8400545,2.8588936,2.8875198,2.732902,2.6912117,3.055889,2.7734313,2.9377556,2.6864383,3.7219155,3.1249685,3.5764122,3.3502524,3.6718886,4.120928,2.6496508,2.0208094,2.180256,2.2875903,2.9581027,2.6131449,3.0808935,2.166503,2.7829678,2.6749058,2.7339356,2.668668,3.1906152,3.133998,3.211358,3.2118263,2.7721426,3.042389,2.7913384,2.8111954,2.7244015,2.749651,2.8263776,2.7358348,3.060942,3.278454,2.6824834,2.8308408,2.7429786,2.6151798,2.8931174,2.3788555,2.2842371,3.3234158,3.9228024,3.179755,4.193124,4.1332445,3.4831374,3.580725
17,2.9724982,2.7789145,2.8367496,2.6784494,3.2333589,3.6424491,2.7436013,3.0177734,2.8370037,3.0855227,2.8593628,3.2774558,2.965825,2.7487175,2.977481,2.9701319,1.6981801,0.0,2.344272,2.1604936,2.0869067,2.6935952,1.9861072,2.0687473,4.0075445,4.03601,3.0134232,2.9203272,3.3324556,3.530087,3.3938832,3.7183175,3.2602139,3.451799,3.6591263,3.5314128,3.4967933,4.0001698,3.1250117,3.2197623,3.3449419,3.2180104,3.027421,3.227675,3.2354898,2.8606143,3.2329273,3.1316335,2.883143,2.7666824,2.9230404,3.2733881,3.5176752,3.31254,3.396892,3.4296126,2.5900977,3.0738785,3.1004198,3.2174983,2.9604871,2.9494228,2.6711686,2.8135378,3.214174,3.2703264,3.0308132,2.873098,3.1188517,3.226154,3.7864244,3.8865812,3.2856069,3.2386215,3.3072078,3.2799542,3.071017,3.1307228,3.3996012,3.1594596,3.5430849,3.5139272,4.125521,3.6813302,3.9710875,3.787174,4.1160417,4.4809685,3.007632,2.595413,2.716215,2.9851563,3.3529468,3.0688295,3.3488996,2.614342,3.1834195,3.0968065,3.1716251,3.094519,3.525756,3.4674556,3.5662022,3.5672905,3.0954106,3.91117,3.0566711,3.0484524,3.1300542,3.0857353,3.0847082,3.0473042,3.5102906,3.6245954,3.5807028,3.1991065,3.1834178,3.091427,3.2996352,2.7513204,2.6862855,3.8546455,4.2887454,3.5010498,4.8185883,4.4230037,3.9475462,3.9914825
18,2.7607293,2.5422113,2.642837,2.5162756,3.052156,3.5334387,2.5269299,3.1292906,2.5668623,2.9216297,2.5798073,2.9980288,2.7163827,2.5370994,2.7553983,2.7764127,1.2656525,2.344272,0.0,0.7489888,1.6954474,2.3394644,1.6306262,1.9773868,3.7199075,3.9367762,2.8360496,2.6879344,3.1016386,3.30217,3.180834,3.4687536,2.866212,3.0646522,3.6758595,3.6159618,3.564507,4.2036963,2.8904543,2.811311,3.2909105,3.1863537,2.9037828,3.0819397,2.6674516,2.5908813,2.999555,2.9912875,2.5860095,2.5409608,2.645304,3.0203424,3.2254572,2.4336872,3.2733262,3.2161906,2.3271255,2.8298953,2.8932471,3.0189455,2.8234613,2.3678021,2.3844426,2.53494,3.0543907,3.0655882,2.7979977,2.6102173,2.9880717,3.0656958,3.206198,3.3061922,3.157399,2.9853287,2.9939115,3.1364193,2.9041362,2.8422592,3.1417933,2.893345,3.144551,2.8980446,3.9479282,3.2838805,3.5371025,3.5603273,3.8663023,4.3081894,2.7952914,2.2928674,2.1093388,2.5659535,3.4703658,2.7629821,3.2956457,2.3666778,2.9477482,2.906831,2.9393208,2.9026945,3.4142802,3.367135,3.3898027,3.3860521,2.9443557,3.2302716,2.763829,2.8011878,2.9121635,2.9364178,3.0505738,2.8933165,3.0160356,3.1930947,2.6108408,2.7697332,2.6745944,2.5750425,2.814476,2.2536426,2.2260222,3.3886933,3.844325,3.0890083,4.057708,3.9337766,3.374847,3.490148
19,2.5786655,2.4347792,2.533551,2.3664443,3.0667858,3.5475535,2.4340038,2.9639597,2.4640443,2.8313506,2.4540107,2.8949144,2.5826004,2.3822653,2.567141,2.5862815,1.037277,2.1604936,0.7489888,0.0,1.5010964,2.2435412,1.4704479,1.7921277,3.5229454,3.8582644,2.7369182,2.6203809,2.9876695,3.134128,3.0372605,3.2822442,2.983945,3.1356637,3.4006655,3.333628,3.2757905,3.917019,2.882058,2.9318585,3.2273579,3.082706,2.8358545,3.038167,2.8832278,2.5827541,2.9735308,2.9668987,2.4721324,2.4265625,2.4772444,2.8492374,3.2968266,2.40895,3.3048964,3.1709552,2.1733377,2.7212238,2.8844109,3.0230758,2.7909153,2.4930773,2.3336532,2.520277,2.9228182,2.9522834,2.7452872,2.6393108,2.8706293,2.975855,3.351647,3.4562144,3.0495055,2.8401353,2.842783,2.98007,2.841935,2.6673136,3.0610795,2.7114193,3.0778306,2.748956,3.8381915,3.0478382,3.6864543,3.5665748,3.7737045,4.228431,2.6464713,2.1373467,2.1895282,2.5104861,3.0636587,2.595437,3.231336,2.315542,2.762428,2.7194383,2.7214084,2.7043087,3.3214743,3.2706716,3.2706873,3.2714238,2.757501,3.0947719,2.7300367,2.7210937,2.7628207,2.765896,2.8827682,2.7524548,2.9292393,3.1567304,2.7173858,2.7592623,2.6469429,2.5521636,2.7594128,2.081694,2.3197038,3.3270063,3.825345,3.0446014,4.0532484,3.8870676,3.4572241,3.5612607
20,2.3092067,1.9418744,2.0004783,1.8461958,2.8179545,3.639142,2.098417,2.558821,2.0730593,2.816262,2.0683036,2.2494109,2.3763897,2.4637296,2.2913103,2.441856,1.3048663,2.0869067,1.6954474,1.5010964,0.0,1.316527,0.76012784,1.2949597,3.1854315,3.3544867,2.4823427,2.5092878,2.2036958,2.447257,2.289356,2.3547013,2.5760555,2.7748203,3.0092752,2.937391,2.8534987,3.5774043,2.373955,2.6324716,2.9341035,2.8201456,2.3167484,2.5414438,2.6941211,2.5351875,2.5840685,2.5786614,2.1824749,2.6847334,2.2395363,2.341072,2.6786494,2.600571,2.8504763,2.4485872,1.966534,2.619081,2.551747,2.704237,2.962223,2.7963226,2.6123207,2.7059088,2.6628458,2.5850303,2.4612918,2.159483,3.1334026,2.7781608,3.0923004,3.146398,2.83908,2.6001797,2.5897484,2.8060963,2.378745,2.2375884,2.8052332,2.3666592,2.5824947,3.041851,3.3121197,2.5944088,2.9595487,2.9100711,3.273489,3.6326318,2.9128788,2.3995717,2.6519432,2.820658,3.1823287,2.8354354,3.628964,2.6854012,2.3606622,2.4998755,2.558238,2.5006933,3.0045867,2.9705198,3.0483117,3.047931,2.600318,2.8885407,3.0373845,2.9062839,2.5211987,2.5497162,2.8161526,2.6538906,3.0557857,3.0709145,2.5171185,2.705211,2.5706766,2.515551,2.7434099,2.142218,2.70513,3.0231698,3.479819,3.0535488,3.8171334,3.9585726,3.059374,3.17879
21,2.672926,2.3450909,2.3934886,2.2740467,2.870394,3.3672962,2.2044816,2.6193051,2.1999817,2.5861156,2.2433307,2.588651,3.0624397,2.942207,2.4231913,2.8237457,2.0324187,2.6935952,2.3394644,2.2435412,1.316527,0.0,1.1327914,1.5457312,3.0547302,3.1103368,2.6799324,2.8438196,1.581715,1.8070021,1.6400193,2.2487037,2.9331515,3.096665,3.218944,3.1476798,3.2768972,3.7922678,2.738015,2.8394067,3.0293748,3.0157201,2.465629,2.674076,2.8852232,3.0802045,2.7554054,2.7748423,2.3711257,3.3706827,2.4102337,2.02956,2.6579494,2.822377,2.927953,2.299833,2.274691,2.835277,2.7438512,2.9626412,3.606803,3.4357047,3.2645457,3.3516724,2.8508031,3.0118172,2.6776404,2.3454475,3.7804034,2.9893563,3.440678,3.4532528,3.0432022,2.7874267,2.7040722,3.0018282,2.7927897,2.6623528,3.1891503,2.781513,2.296959,3.7033508,3.0047443,2.6889532,2.8255758,2.605918,3.0534632,3.438561,3.7230372,3.300441,3.3705158,3.5473053,3.8613183,3.5569987,3.9588912,3.225064,2.725624,2.6825004,2.7322989,2.6957126,3.18156,3.139307,3.2500968,3.248539,2.8157177,3.1043513,3.7016032,3.721784,2.7747602,2.7713506,3.2708209,3.0566201,3.2664258,3.2620463,2.6994836,2.866693,2.7518752,2.7905025,2.940795,2.348411,3.4212577,2.8243816,3.1214964,3.2127795,3.672876,4.193777,2.8077745,2.922692
22,2.2529004,1.9078537,1.957157,1.7700492,2.541828,3.089672,1.7729145,2.310645,1.792394,2.255735,1.8164513,2.2963457,2.4825275,2.2825072,2.0791483,2.2741897,1.0258113,1.9861072,1.6306262,1.4704479,0.76012784,1.1327914,0.0,1.119681,3.1075704,3.1402493,2.2360864,2.275485,2.0240958,2.3186035,2.1133726,2.5389378,2.55086,2.783125,2.8591104,2.7814686,2.8653631,3.4745073,2.3078737,2.4059274,2.7009842,2.6422954,2.143679,2.361962,2.4401252,2.3435836,2.3569636,2.3986132,1.9246749,2.526357,1.9420098,2.0493343,2.5734863,2.4024582,2.604981,2.2976744,1.6949228,2.4064596,2.3235817,2.530915,2.8064198,2.6520755,2.4130762,2.5562277,2.5126922,2.5866327,2.2514064,1.9440438,2.999185,2.5847046,3.0808609,3.1467397,2.6326814,2.4335494,2.4218202,2.5828395,2.3706126,2.2677515,2.8024929,2.3944008,2.3243225,2.880916,3.0758016,2.5664132,2.8966873,2.69403,3.0505006,3.4441135,2.8618398,2.3649094,2.5138965,2.6420686,3.1353965,2.7547588,3.2505026,2.4016502,2.331912,2.2610192,2.3543515,2.2702358,2.8144176,2.772854,2.8516827,2.8535004,2.3915486,2.6779194,2.897462,2.9144154,2.330367,2.35098,2.6442266,2.5003462,2.8387175,2.913852,2.3247237,2.490712,2.371991,2.3070574,2.5569832,2.0278907,2.5590372,2.7474327,3.2611501,2.8572814,3.626747,3.820798,2.858521,2.9612885
23,2.5927255,2.2939887,2.3308866,2.1578808,2.8769813,3.4047296,2.1893876,2.5875876,2.334261,2.72277,2.3778975,2.7403858,2.789309,2.6266282,2.4203153,2.6981034,1.3350159,2.0687473,1.9773868,1.7921277,1.2949597,1.5457312,1.119681,0.0,3.215199,3.8440297,2.5891392,2.5938115,2.4331887,2.6343434,2.4774373,2.846129,2.7192636,2.9159334,3.48504,3.3201618,3.1761355,4.0216956,2.7291067,2.8380623,3.0555418,2.9435494,2.5377038,2.8003988,2.8817737,2.764254,2.913148,2.5457163,2.259079,2.7745986,2.3047867,2.431059,2.9204047,2.828258,3.043395,2.6418257,2.0866807,2.6508074,2.4942496,2.6802158,3.0732877,2.9172373,2.652212,2.8427265,2.874139,2.9766853,2.690742,2.4700522,3.3546498,3.0041678,3.4486713,3.5290895,3.014492,2.8067536,2.7835574,2.9705653,2.7383778,2.6379158,3.1185129,2.7685373,2.7030282,3.1706784,3.477827,2.9183202,3.265989,3.052834,3.3785508,4.1185822,3.139737,2.6226487,2.7872126,2.9276204,3.4929883,3.1970353,3.6523228,2.860045,2.9684885,2.9200232,2.9769719,2.9281595,3.1521242,3.0613153,3.5255387,3.5294404,3.0141842,3.2924008,3.414194,3.4179347,2.9748888,2.9777377,3.3421535,3.152439,3.1230109,3.2800975,2.8648217,2.8414552,2.7582314,2.7124987,2.9088058,2.5013258,2.8369184,3.0443265,3.5928903,3.167817,4.3440375,4.468867,3.5591066,3.6580174
24,2.3340662,2.1621237,2.2933912,2.278491,2.6135316,3.3677502,2.2462199,1.984667,2.1477635,2.7953596,2.330463,2.3821611,2.3363602,2.3371804,1.8286669,2.2525985,3.5482454,4.0075445,3.7199075,3.5229454,3.1854315,3.0547302,3.1075704,3.215199,0.0,2.5338736,2.122035,2.317078,2.8183596,2.9637966,3.1927614,3.2709873,3.3060007,3.0754046,3.6719239,3.587324,3.5296843,4.229402,3.1856344,3.277538,3.4937081,3.5640159,3.0542958,3.1954105,3.3735478,3.5272121,3.2715933,3.2314394,2.294525,3.218932,2.2360537,1.912482,3.2368195,3.3633332,3.7601497,2.8268256,2.3628533,3.066524,3.1535122,3.4373047,3.8310637,3.3741841,3.3323908,3.5271468,3.634866,3.2777262,3.359103,3.1436925,4.120252,3.505402,3.5598526,3.5971606,3.4340072,2.5709195,2.2386422,3.3058765,3.2085595,2.2529786,2.6705613,2.3063736,1.8397162,3.3289344,3.2728074,1.7715877,3.3786464,3.230524,3.0952983,3.6172903,3.699335,3.1348295,3.3765826,3.7488267,3.5121663,3.18343,4.384294,3.3995717,2.4527993,2.5369434,2.2446845,2.5493233,3.4224663,3.4009185,3.6215668,3.6382337,2.4406946,2.8086164,3.447418,3.382643,2.5861435,2.415932,3.0238237,2.8644218,2.4086473,2.5018232,2.7185986,2.4897008,2.2835624,2.5620813,2.2117243,3.1598592,3.3766294,2.0707428,2.2221332,2.3117201,2.8951068,3.6400812,2.5584912,2.504682
25,2.6703558,2.386908,2.434969,2.4622347,2.6186438,2.9967825,2.2996182,2.6621757,2.0134661,2.3505101,2.0580833,2.306207,3.1102092,2.9065535,2.4811745,2.6992726,3.7174768,4.03601,3.9367762,3.8582644,3.3544867,3.1103368,3.1402493,3.8440297,2.5338736,0.0,2.2924166,2.5307112,2.786078,3.3408766,3.2103066,3.586241,3.7190733,3.8691201,3.1964905,3.2825115,3.7436223,3.6764765,3.1927319,3.183882,3.5001516,3.4378612,3.0354106,3.1349373,3.2090447,3.4571645,2.9393797,3.5155249,2.5212946,3.3836014,2.4464328,2.1132436,2.790675,3.1139357,3.0079525,2.4242923,2.49276,2.6699705,3.4381385,3.6681104,3.5208175,3.456042,3.3979824,3.5042775,3.1512496,2.9309316,2.7440782,2.4151523,3.7197902,2.939024,3.1955588,3.2081733,2.9320338,2.6342475,2.576625,2.8505824,2.8173287,2.51539,3.0284812,2.661968,2.0987365,3.5041015,2.7090044,2.6111817,2.8018682,2.5838952,2.6163003,2.1221297,3.6599946,3.4775722,3.4785872,3.5513756,3.7161708,3.3292477,3.7105856,3.2173083,2.11622,1.9925371,2.1315935,2.0431514,2.875532,2.9721088,2.4431634,2.4516103,1.9682182,2.34587,3.1309419,3.1898549,1.950332,1.8857147,2.2312639,2.2592838,3.1392934,3.0086741,2.8175159,2.6456223,2.573358,2.6802495,2.7406263,3.3653529,3.5148911,2.4045556,2.7422593,2.9412303,2.3970819,3.061286,1.4994313,1.479307
26,1.2773241,0.8371536,1.0569896,0.9152641,1.530696,2.228029,0.6640222,1.485277,0.7063882,1.5359071,0.75647694,1.5434761,1.7456893,1.3686801,1.2455055,1.4278846,2.556625,3.0134232,2.8360496,2.7369182,2.4823427,2.6799324,2.2360864,2.5891392,2.122035,2.2924166,0.0,0.43083963,2.4282815,3.0014522,2.845093,3.0967357,2.0886946,2.3072495,2.4772084,2.4122298,2.4945703,3.1887918,1.7684245,1.7899117,2.3086278,2.2241871,1.6679028,1.8048332,1.8984611,1.8441148,1.7466623,1.8215444,1.1702124,1.9032869,0.98473686,1.2403016,2.236228,2.037307,2.573051,1.8159249,0.6730245,1.990928,1.6323632,1.9695066,2.2063632,2.0476723,1.8002062,2.015888,2.3807604,1.8631264,1.7538482,1.5740757,2.4343517,1.9285616,2.3318102,2.4220667,1.8962656,1.4531325,1.4478246,1.8091004,1.7067436,1.0993851,1.8387452,1.3021744,1.1983669,1.9642287,2.3026123,1.5793833,2.444082,2.2025914,2.2125173,2.7438366,2.1964223,1.8878286,2.0057502,2.1939409,2.4834542,1.9440621,2.7161114,1.8360491,1.2961702,1.1662947,1.2973543,1.2045511,2.0033786,2.0095341,2.1396081,2.162474,1.1879189,1.7424655,2.0602574,2.1128378,1.1940316,1.1393577,1.6448404,1.4573274,1.891674,1.9179453,1.8221748,1.3054755,1.2504778,1.2974008,1.5097127,2.5924745,1.8752829,1.4608135,2.1595373,1.6421056,2.626645,2.8635864,1.9216834,1.963177
27,1.2536951,0.9094329,1.0912156,0.94718105,1.5450828,2.2512994,0.8112393,1.6627648,0.90972465,1.6470282,0.969982,1.6036971,1.6626675,1.2595464,1.3585494,1.4530199,2.4578576,2.9203272,2.6879344,2.6203809,2.5092878,2.8438196,2.275485,2.5938115,2.317078,2.5307112,0.43083963,0.0,2.6666236,3.231573,3.0664003,3.2818208,1.994304,2.2504942,2.5774536,2.4873781,2.4736433,3.2197666,1.7345713,1.733531,2.3343568,2.2126741,1.7150582,1.8625813,1.7890805,1.6289582,1.7648278,1.7785392,1.1829659,1.595021,1.0476537,1.596466,2.279649,1.9629499,2.526015,1.984305,0.7498418,1.9308076,1.6043562,1.911991,1.9054912,1.699421,1.4645178,1.7155781,2.3473098,1.8301604,1.7199863,1.6177844,2.192866,1.907506,2.2473032,2.3586202,1.8761595,1.4386574,1.4840226,1.8008103,1.6762862,1.2354428,1.7246447,1.3318069,1.5038054,1.7184936,2.519688,1.8132411,2.531915,2.3500469,2.355812,2.9198854,1.9094564,1.5677059,1.6437953,1.8854976,2.4180992,1.7637339,2.5227861,1.5607505,1.4418076,1.3281467,1.4440577,1.3334713,1.9981132,1.978733,2.1863513,2.2035298,1.2973012,1.8247684,1.8059903,1.8643824,1.3382263,1.3028668,1.6481403,1.4622498,1.8896838,1.8826218,1.8040185,1.2689872,1.2523427,1.2310878,1.4705212,2.6064992,1.5074892,1.691617,2.39138,1.6342894,2.819347,2.874399,2.1187289,2.1642957
28,2.4301708,2.1896117,2.1961164,2.272003,2.877167,3.292067,2.0212026,2.5121937,2.0179803,2.399721,2.1797059,2.399376,3.029469,2.9238226,2.4342744,2.7328627,2.8879447,3.3324556,3.1016386,2.9876695,2.2036958,1.581715,2.0240958,2.4331887,2.8183596,2.786078,2.4282815,2.6666236,0.0,1.0854903,0.55556387,1.5100862,2.8483276,3.0146732,3.0398526,3.0483403,3.2341747,3.7000582,2.5431635,2.6206806,2.849277,3.0356946,2.325965,2.3840573,2.737577,3.0276034,2.596902,2.6144123,2.1238844,3.3638577,2.2144003,1.6962912,2.3772829,2.7488577,2.823557,1.8586957,2.252884,2.8517919,2.6203077,2.9294925,3.5327344,3.3709452,3.3398883,3.1998124,2.3966472,2.5351598,2.3854263,2.2626388,3.5208068,2.4310763,3.0149293,2.9346793,2.4724588,2.1206932,2.0372252,2.4318645,2.5655055,2.34429,2.9358542,2.2544286,2.014534,3.601083,2.0400524,2.2054067,2.3039196,2.047237,2.3696468,2.7541137,3.6584725,3.52529,3.5647836,3.744033,3.6088111,3.2756965,3.6962552,3.1575303,2.382209,2.3166337,2.3841944,2.3014224,2.7158318,2.7049892,2.8738894,2.888347,2.4279196,2.7773027,3.599221,3.656877,2.3986316,2.4029145,2.9987178,2.5721784,3.2669318,2.611447,2.538401,2.2920277,2.353158,2.434799,2.4938016,2.137141,3.5663726,2.226623,2.2266283,2.6009588,2.9001775,3.7469554,2.4985228,2.565563
29,2.9816966,2.7552392,2.808529,2.8667321,3.4260259,3.789523,2.5848706,2.5735116,2.5839126,2.8835607,2.7854676,2.9770858,3.1619852,3.086018,2.627902,2.871886,3.1129916,3.530087,3.30217,3.134128,2.447257,1.8070021,2.3186035,2.6343434,2.9637966,3.3408766,3.0014522,3.231573,1.0854903,0.0,0.9114667,1.668384,3.2671669,3.1426368,3.439541,3.4441168,3.6309295,4.0370474,3.045303,3.0972486,3.2294989,3.4074008,2.8278198,2.863543,3.238974,3.4960551,3.1130536,3.132451,2.6773808,3.7970645,2.7354584,2.2917333,3.2871504,3.533919,3.6267364,2.8094723,2.8075993,3.678439,3.09169,3.3938696,4.2111497,3.8432682,3.8215356,3.6807697,3.2125888,3.3883164,3.2872026,3.0537527,4.214156,3.3288767,3.8192773,3.7483373,3.3666084,2.7168434,2.4695287,3.2902646,3.4366992,2.8542523,3.4668708,2.78621,2.5975916,4.0487723,3.0033708,2.5356417,3.242714,3.0211375,3.289421,3.5958962,4.2491364,3.9107475,3.9957116,4.3758564,3.8300385,3.5492954,4.3424716,3.5856702,2.904452,2.8594718,2.7001398,2.854462,3.5918715,3.5804172,3.7188272,3.7374525,2.9660103,3.2999876,4.0398145,4.0865626,2.97657,2.9259825,3.4683757,3.0776248,3.4762716,2.8095436,2.8410916,2.851706,2.8117921,2.9730406,2.8078768,2.1470733,3.9807653,2.7893782,2.5086162,2.8287373,3.1396372,3.9834242,3.0984962,3.12961
30,2.8035722,2.583561,2.5734751,2.6619868,3.3088355,3.635655,2.3980145,2.8207247,2.408724,2.693361,2.5787857,2.7917929,3.3399606,3.2225688,2.7972739,3.046826,2.9589584,3.3938832,3.180834,3.0372605,2.289356,1.6400193,2.1133726,2.4774373,3.1927614,3.2103066,2.845093,3.0664003,0.55556387,0.9114667,0.0,1.475,3.127422,3.2708375,3.254937,3.2833366,3.4922035,3.9179063,2.8418214,2.9015644,3.0989616,3.2766972,2.6250892,2.6639602,3.0284598,3.2822464,2.900844,2.8968108,2.4491372,3.619992,2.5428145,2.0957282,2.7231627,3.0256414,3.1134841,2.2492955,2.5986092,3.1818352,2.9097426,3.1776688,3.8125415,3.6490002,3.614634,3.4687285,2.6082678,2.8770947,2.738672,2.6362767,3.7602894,2.7390788,3.3525772,3.2744315,2.7877522,2.4759176,2.399783,2.7457259,2.9337258,2.706567,3.3492932,2.6347923,2.481323,3.8742442,2.3871558,2.5433912,2.689666,2.4347162,2.7286448,3.0915225,3.9160905,3.8027184,3.853638,4.024407,3.8025897,3.512002,3.90922,3.4298403,2.7486835,2.6647544,2.727296,2.65671,3.0287955,3.0203593,3.1885574,3.2059124,2.7900681,3.113442,3.8817747,3.9504695,2.7460341,2.756152,3.3014414,2.8980937,3.536194,2.8988082,2.8772426,2.6574223,2.7041183,2.764828,2.8114944,2.1490262,3.8600576,2.610586,2.5817914,2.9086673,3.2155616,4.019909,2.95813,3.0177922
