,0,1,2,3,4,5,6,7,8,9,10,11,12,13,14,15,16,17,18,19,20,21,22,23,24,25,26,27,28,29,30,31,32,33,34,35,36,37,38,39,40,41,42,43,44,45,46,47,48,49,50,51,52,53,54,55,56,57,58,59,60,61,62,63,64,65,66,67,68,69,70,71,72,73,74,75,76,77,78,79,80,81,82,83,84,85,86,87,88,89,90,91,92,93,94,95,96,97,98,99,100,101,102,103,104,105,106,107,108,109,110,111,112,113,114,115,116,117,118,119,120,121,122,123,124,125,126,127
0,0.0,2.0758586,2.3020418,1.925773,2.3543794,2.081598,2.5407,2.1936421,2.749272,2.6926334,2.9882133,2.8519099,3.2199414,2.9740906,3.1237767,3.2719612,2.5885148,2.507711,2.7015202,2.5641506,3.1162171,3.4619153,2.7659829,2.6200514,2.853791,2.959346,2.4014413,2.6068702,3.1752834,2.7194211,3.5277073,3.4992101,2.821923,2.5534892,2.7479162,2.4319897,3.1049528,3.2989929,2.9916167,2.4493716,2.918465,2.8917434,3.2522936,3.4646726,3.0018597,3.2860541,3.2866642,3.079409,2.5370758,2.3349476,2.6928267,2.5448549,2.4883184,2.4391444,2.320411,3.0109951,2.4329488,2.405348,2.2013047,2.5983539,2.3081868,2.3751092,2.701981,2.3941143,2.6278286,2.6151507,2.6691954,2.5935624,2.8588703,3.2032857,3.5994675,3.5994496,2.7885578,3.0945232,2.7651303,3.1198304,3.0254133,3.0544405,2.4277973,2.508446,2.8822186,2.988848,3.0628924,2.826276,3.4156234,3.0701034,2.5600035,2.9134724,3.1248734,3.1631145,2.7271497,2.6887362,2.8549314,2.3462646,2.9807138,3.3469694,2.6589065,2.6113684,2.636349,2.3970554,3.2792797,3.4209156,2.8041027,2.7975075,2.746239,2.7748995,2.9673784,3.2780192,2.2050502,2.5309153,2.8858817,2.9064543,2.7011874,2.6807015,2.7721522,3.4044926,3.149743,3.068958,3.3722823,3.0479188,2.721968,3.2590113,2.870238,2.9993775,3.0235312,3.1316347,3.547568,3.0635188
1,2.0758586,0.0,3.3042078,2.4241204,2.4274435,2.583142,3.2472508,2.490736,3.3539457,3.4489365,2.8638034,3.2863057,3.6208298,3.378061,3.5935361,3.5981414,2.8673775,2.7780707,2.6709926,3.0673316,3.4322348,3.7719316,3.1146426,2.7786067,2.8390021,3.544966,2.826523,2.112918,3.6999042,2.9811625,3.6277277,3.7718074,3.1699815,2.9499853,3.0946853,2.8092537,4.0310154,4.0744314,3.7365959,2.8521898,2.1158023,2.0519612,2.453132,2.5768323,2.146978,2.5323198,2.5414696,2.3576305,2.9761748,2.8333693,3.191089,3.3602374,2.8521438,2.8326561,2.751177,2.5209532,3.2655306,2.8197088,2.6177971,3.2045755,2.9507759,2.7094493,3.0142314,2.7097487,3.6905196,3.6744616,3.6831868,3.6175587,3.6697779,4.2397213,4.2952437,4.573772,3.6454632,4.0261235,3.0669425,4.184841,4.1451974,4.241653,3.490733,3.5325646,3.4568312,3.607652,3.7440944,3.83887,3.984683,4.46329,3.6828842,3.9144082,4.1173306,4.1427884,3.7203987,3.665169,4.4025908,3.3969955,4.0365486,4.3255486,3.741887,3.6642325,3.5822663,2.6592317,3.994458,3.887629,3.5450337,3.4718378,3.725888,3.7897162,3.9226918,4.139442,3.4278662,3.1515033,3.6674283,3.6200078,3.6652486,3.5987022,3.046513,4.619067,4.0757055,3.9668999,4.8126307,4.0218706,4.0171275,4.2413435,3.8698337,3.9921806,4.30208,4.385009,3.95889,3.2322495
2,2.3020418,3.3042078,0.0,1.6476055,1.883253,1.1297008,1.0310591,1.2961576,2.5438645,2.6704054,3.1018794,2.4216125,2.8744807,2.5432978,2.8215466,3.7928066,1.8065622,1.70881,2.2954164,1.8872727,1.7712786,2.308101,2.0003033,1.6600337,2.454399,1.6687614,1.6114988,3.041983,1.7864771,1.7415957,2.4376392,2.1984632,2.04858,1.7299745,1.9142175,1.8267151,1.9627779,1.850664,1.9478395,1.6294264,2.903064,2.9671848,3.1107051,3.188811,3.0392227,3.1515691,3.0939603,3.0492587,1.7145171,1.6158017,1.4925493,1.396638,1.6885172,1.7122015,1.6501498,3.0483673,1.1286093,1.698999,1.3596789,1.5096747,1.836129,1.7278777,2.3064356,1.6703376,2.0614069,2.0613594,2.019373,1.9666927,2.1432161,2.8720052,2.4793723,2.6756525,2.4578226,2.63037,3.3997998,3.2965624,2.0438986,2.0834816,1.8351812,1.9082055,2.8170314,2.4150298,2.8767796,2.4102972,3.4265444,2.0607083,2.0964284,2.6602151,2.5326219,2.8599033,2.107362,2.0272713,2.5671377,2.7043006,2.62803,3.009206,2.2702005,2.1786013,1.9909236,1.4831711,2.9975872,3.2481081,2.346977,2.5721507,2.297541,2.381914,2.6008363,2.6225526,2.497762,3.1121993,2.0624053,2.0880656,2.2050748,2.1271558,2.2012925,2.6927757,2.6913607,2.5633743,2.6019382,2.634825,2.5985177,3.4086306,2.2141488,2.5070627,2.1298168,2.282209,3.7437465,3.0797174
3,1.925773,2.4241204,1.6476055,0.0,1.2161839,1.2364366,1.9513901,1.3742151,2.5047073,2.6224566,2.4870744,2.3740008,2.8289454,2.426488,2.6703963,3.392351,2.06018,2.0054412,2.126984,2.1665041,2.0343795,2.5943344,2.234244,1.9049745,2.1384914,2.190212,1.7085291,1.9520252,2.5054939,1.9217263,2.9572031,2.854804,2.2950044,1.9372814,2.1590962,2.0210373,2.8328156,2.777869,2.583073,1.8417922,2.2324765,2.3172555,2.6744833,2.6944268,2.3624177,2.6959574,2.5162146,2.5141733,1.9437639,1.7276212,2.1061912,2.06868,1.8273845,1.8434783,1.7435611,2.4643655,1.9412172,1.7949591,1.6160288,2.0606277,1.972235,1.7964822,2.2261326,1.7643615,2.3011518,2.2955263,2.2764754,2.1861935,2.2723691,2.972056,2.6263518,2.8178957,2.4698498,2.727475,3.0213306,3.4459593,2.7216232,2.7945533,2.1062844,2.1218011,2.5535517,2.650697,2.8173416,2.608171,3.4219556,2.8826766,2.282488,2.6971788,2.8252766,2.7775803,2.4010026,2.2979915,3.239057,2.7565398,2.8282876,3.0874264,2.3989685,2.2951877,2.1524928,1.6619899,2.9346967,3.0393686,2.3054547,2.379952,2.5936012,2.6124885,2.8670535,3.125477,2.7443435,3.0196352,2.2652001,2.286082,2.4580016,2.4114277,2.3074112,3.1888154,2.9026685,2.7983413,3.2916691,2.8889983,2.8772478,3.345428,2.562611,2.752533,2.81327,2.9350522,3.3490899,2.6953337
4,2.3543794,2.4274435,1.883253,1.2161839,0.0,1.5546496,1.8951359,1.5959461,2.444213,2.5716183,2.4921541,2.3072648,2.9923782,2.5313048,2.837941,3.4573705,1.9205251,1.8212419,1.9148653,2.2693653,2.0109186,2.5277348,2.2060113,1.6796372,2.3193219,2.364713,1.9053693,2.1418972,2.4850566,2.09919,3.0009167,2.9608524,2.4470427,2.1139133,2.3285844,2.1711633,2.9793248,2.9566329,3.0051384,2.0082386,2.2437031,2.3655045,2.6388636,2.6312213,2.3072429,2.5936027,2.7374551,2.164779,2.2793424,2.0257607,1.9420351,2.3701806,2.125597,2.0932407,2.109274,2.8047414,2.1405804,2.0333004,1.8646892,2.2497606,2.4486058,2.0247478,2.368363,1.9615719,3.0710192,3.0213766,3.0590236,2.9536092,3.048043,3.7688239,3.3357143,3.6195207,3.202948,3.454159,3.585633,3.8187203,3.4249268,3.4918423,2.81591,2.8547676,3.2189746,3.2276993,3.430476,3.2793117,4.026099,3.5283742,3.0884643,3.38952,3.5231261,3.5025945,3.0818934,2.9590359,3.856757,3.4398117,3.5228558,3.7744672,3.170627,3.054292,2.9095044,1.6816068,3.6622667,3.4603665,2.9945834,3.0910444,3.189448,3.2246017,3.4889503,3.6529357,3.3841133,3.6235507,2.9448936,2.9173076,3.0884871,2.9779592,2.2466247,3.477421,3.5646942,3.4084744,3.9505992,3.5164576,3.453694,3.8382936,3.2444742,3.3755803,3.4310699,3.5419593,3.8238645,3.2093554
5,2.081598,2.583142,1.1297008,1.2364366,1.5546496,0.0,1.5272639,0.605294,2.4454694,2.6100361,2.5025837,2.287827,2.8239102,2.37786,2.6181383,3.4314399,1.4522415,1.3590574,1.6459124,1.738627,1.4944102,2.1057854,1.6415871,1.2943068,1.8549976,1.6785892,1.1425418,2.2473812,2.1191928,1.2573165,1.9997497,1.8812454,1.7982948,1.2974565,1.5651815,1.3527219,2.4479628,2.2863789,2.105853,1.185668,2.0423908,2.185152,2.3495479,2.3645158,2.1592464,2.2927797,2.1692939,2.2155874,1.5118265,1.3356587,1.670214,1.569093,1.1611398,1.1815317,1.1880399,2.2307796,1.4313067,1.2569103,0.97593004,1.53918,1.390102,1.2162819,1.937926,1.1656746,1.79156,1.738401,1.7529991,1.6938976,1.852181,2.6161544,2.4012415,2.5411994,2.0641131,2.4185622,2.6406133,3.1035945,2.1298163,2.2418447,1.5435467,1.599109,2.2008965,1.8581064,2.4149592,2.1478884,2.928143,2.5287626,1.8634902,2.406984,2.4436057,2.688747,1.9912463,1.8022448,2.7928948,2.3184896,2.420029,2.821169,2.0945647,1.8916832,1.7806934,1.2733024,2.5303142,2.6754491,1.8019735,1.9783547,2.2314916,2.1804771,2.5743458,2.6189501,2.2425714,2.549278,1.6963655,1.7081199,2.0355315,1.9735179,1.932042,2.7788427,2.5647192,2.4398136,2.9316905,2.568101,2.4657497,3.0138004,2.0673804,2.3261344,2.4228733,2.5573075,3.1319165,2.3765817
6,2.5407,3.2472508,1.0310591,1.9513901,1.8951359,1.5272639,0.0,1.377194,2.783296,2.9120512,3.3489482,2.6579,3.077693,2.6722484,3.176724,3.9568255,1.9155946,1.7621213,2.5640085,1.9975367,2.0355144,2.5035472,2.1672878,1.7088012,2.6995454,1.9262713,1.8629082,3.2285213,1.8156646,1.958983,2.6018045,2.401661,2.0569303,1.998933,2.0110893,2.0574048,2.2109218,1.9294779,2.0738335,1.9060092,2.9029694,3.0003161,3.0969918,3.1702425,3.0393884,3.1296852,3.2616754,3.1551378,2.1458845,2.0180159,1.5509238,1.7445792,1.9885938,2.0052981,1.9795388,3.2459645,1.2619393,1.8003066,1.4368073,1.6853689,2.3319955,1.9962837,2.5028648,1.9247731,2.8471382,2.8203454,2.7908797,2.721327,2.8571212,3.6096554,3.188149,3.4581747,3.1688085,3.3560326,3.9160063,4.0411787,2.7890675,2.8493626,2.5932913,2.6655521,3.3955188,2.996282,3.4263043,3.0886095,4.1080556,2.7924974,2.8706868,3.4755003,3.248796,3.3962212,2.8644264,2.7510545,3.1727476,3.2749274,3.3594222,3.7172122,3.0526125,2.913872,2.7337918,1.5917077,3.6780431,3.904135,3.03445,3.2439854,3.0191624,3.0889974,3.337148,3.3123252,3.0938785,3.6170366,2.7914476,2.762326,2.9616575,2.8828936,2.3575943,3.5094318,3.3902156,3.1963806,3.4363916,3.3238647,3.1360774,3.9791276,2.84226,3.085872,2.8483694,2.9940803,4.3771706,3.6570992
7,2.1936421,2.490736,1.2961576,1.3742151,1.5959461,0.605294,1.377194,0.0,2.598623,2.7641935,2.6110296,2.4435847,2.8565414,2.424464,2.883961,3.5623922,1.5823758,1.3497648,1.7279702,1.6057552,1.5524876,2.239318,1.7651105,1.2169677,2.0593202,1.8490468,1.2229768,2.255237,2.0350616,1.3128678,1.9259956,1.8415769,1.9099047,1.5984154,1.7164001,1.6265386,2.6313488,2.4700418,2.2970927,1.4885029,1.9885145,2.1046534,2.2749815,2.353297,2.1451375,2.2879636,2.2076612,2.2640758,1.6936501,1.5698858,1.8382021,1.8564922,1.4462649,1.4763925,1.4095175,2.2729795,1.3973348,1.3993682,0.792597,1.6229599,1.7470943,1.4951,2.222844,1.4261149,2.112427,2.080442,2.0511475,1.9959139,2.1299512,2.9729083,2.550082,2.8274016,2.4092448,2.7685328,2.8888922,3.4386177,2.3941638,2.5160358,1.8782655,1.9256905,2.4598007,2.0269547,2.636892,2.390516,3.1812482,2.754995,2.1642957,2.737033,2.6081975,2.8339584,2.1678712,2.0297182,3.073359,2.5454323,2.7810433,3.2037234,2.3806205,2.2171948,2.0215955,1.1818203,2.7356157,2.8780131,2.0940583,2.2492557,2.3656166,2.3920927,2.684509,2.662463,2.5184474,2.6838849,2.0124147,1.9983481,2.3326712,2.2625618,2.1213095,3.169597,2.729254,2.5853496,3.2610528,2.7305174,2.662877,3.2127135,2.2942095,2.6388617,2.6877582,2.8206575,3.399386,2.5422015
8,2.749272,3.3539457,2.5438645,2.5047073,2.444213,2.4454694,2.783296,2.598623,0.0,0.5983806,1.5087091,0.7530487,1.7635684,1.8573313,2.0659504,2.7140179,2.6280494,2.536477,2.6291976,2.7324893,2.6513314,1.8853185,1.484815,2.4364908,3.02045,2.9448774,2.4477165,2.9175293,2.974369,2.7870553,3.426326,3.3636703,2.5395925,2.2000952,2.3099992,2.2185638,2.392982,2.8465044,2.9891267,2.1377313,3.2024164,3.0796392,2.740411,3.2029493,3.0347688,2.8983161,3.486584,3.1009898,2.9225798,2.5314677,2.8406732,2.9234905,2.7860343,2.7322733,2.6608126,3.510645,2.6906745,2.7884343,2.6437294,2.8318048,2.852317,2.7010214,1.8586329,2.69474,3.1608438,3.1856842,3.2091322,3.0882883,3.29448,3.7262833,3.5405958,3.6651742,3.272848,3.6204855,3.6801863,3.684895,3.743745,3.6282206,3.0030086,2.9570136,2.736515,3.3812766,2.8537598,3.2651312,4.024837,3.2055445,3.151689,3.3028982,3.4679844,2.9498367,2.9042914,3.0653048,3.7321124,3.4156625,3.012834,3.4719446,2.8377328,3.0368316,2.8799367,2.098585,4.097213,3.985728,3.1467016,3.0737326,2.9458601,3.2847788,2.9947484,3.3450255,3.4329007,4.056379,3.2049713,3.106092,2.8640742,2.8162904,1.7731462,3.58112,3.3881936,3.221713,3.7095592,3.2119088,2.9897685,3.5273173,3.7471898,2.9077334,3.074786,3.2074838,3.2057428,3.1485286
9,2.6926334,3.4489365,2.6704054,2.6224566,2.5716183,2.6100361,2.9120512,2.7641935,0.5983806,0.0,1.7065308,1.1987727,2.0200684,2.10447,2.2593155,2.4378476,2.8305736,2.753981,2.871203,2.9205258,2.8585043,2.1988575,1.8328838,2.6531904,3.3123577,3.2527099,2.6938257,3.098759,3.2621934,3.0575848,3.6747963,3.6197648,2.687675,2.3512492,2.4837382,2.390194,2.5485775,3.0982952,3.1301763,2.3179114,3.3004882,3.188233,2.9055643,3.3898923,3.1541514,3.0412486,3.7448604,3.2035677,3.0562265,2.6276972,2.9771223,3.0552049,2.9578748,2.8766577,2.8210773,3.5860147,2.8204265,2.9100358,2.82273,3.0059643,3.0156019,2.8773558,2.1430001,2.8760364,3.2678382,3.282244,3.3318179,3.2095344,3.4701996,3.8248377,3.6938782,3.7630334,3.387393,3.6854384,3.7756448,3.767424,3.8667812,3.7564306,3.1179152,3.0814087,2.8827286,3.4979591,3.0092106,3.363631,4.048481,3.3357735,3.2332435,3.3715515,3.6036026,3.1189811,3.045388,3.1915934,3.8389783,3.524489,3.143461,3.5750272,2.9858482,3.1745982,3.0394,2.3174388,4.2044234,4.085478,3.2872076,3.2210376,3.0725198,3.3821018,3.1210136,3.4698143,3.56377,4.151727,3.430231,3.373981,3.0126638,2.9708977,2.0449047,3.6863034,3.5281777,3.3659132,3.8031387,3.3535373,2.975563,3.473029,3.8458896,3.080054,3.2378836,3.3655126,3.3406732,3.2916424
10,2.9882133,2.8638034,3.1018794,2.4870744,2.4921541,2.5025837,3.3489482,2.6110296,1.5087091,1.7065308,0.0,1.3738222,2.0214717,2.032114,2.4227679,2.629311,2.9774632,2.8869865,2.535414,3.074675,2.8836837,2.3533943,1.9080757,2.701369,3.006425,3.4136505,2.7204125,2.4381278,3.6344569,2.9642136,3.4734795,3.5116763,2.618552,2.335212,2.4328256,2.3691251,3.2745373,3.522249,3.5195608,2.316919,2.6425595,2.5387945,2.1203465,2.4221656,2.3550217,2.222754,2.7809865,2.4494324,3.0914493,2.7117565,3.3104134,3.4024107,2.8700752,2.818171,2.7902334,2.770555,3.199231,2.9041693,2.8296964,3.2420423,2.9787097,2.821395,2.156766,2.8231611,3.204551,3.2077715,3.2381265,3.1188934,3.158859,3.7250686,3.4219685,3.6543434,3.1938238,3.5022023,3.174547,3.7248118,4.027624,3.9832566,3.0525017,2.9829178,2.2730982,3.1307364,2.595611,3.2603672,3.5730083,3.8327746,3.1839578,3.3884263,3.5512989,3.0600574,3.0640295,3.150469,4.1837664,3.335551,3.0176413,3.474297,2.9150038,3.0282626,2.9198139,2.3263488,3.8062432,3.5090718,2.9036214,2.7350972,3.1341593,3.3440766,3.1406052,3.4985313,3.5778642,3.7504568,3.1637175,3.1384172,3.0351257,2.989609,2.170825,3.905965,3.449429,3.2971206,4.2288766,3.3716736,3.354212,3.4582193,3.7551246,3.0161667,3.5707312,3.6762896,2.5745025,2.58511
11,2.8519099,3.2863057,2.4216125,2.3740008,2.3072648,2.287827,2.6579,2.4435847,0.7530487,1.1987727,1.3738222,0.0,1.5009729,1.5992625,1.9165884,2.8996818,2.6829855,2.5994785,2.6619387,2.791951,2.6771414,1.9288174,1.482468,2.4769971,2.963699,2.85347,2.4869246,3.0000322,2.9107323,2.7541819,3.3531706,3.2629416,2.324066,2.0029235,2.1115708,2.042286,2.2642543,2.5933602,2.8422103,1.9457715,3.1129723,3.0190496,2.6139157,2.8637192,2.8830025,2.7238533,3.2455866,2.9685652,2.786877,2.4153423,2.6983736,2.8054898,2.647557,2.604614,2.5409067,3.2478368,2.5786402,2.6867142,2.5194674,2.7204602,2.7578907,2.576358,1.7167299,2.5736675,3.070394,3.0822272,3.10822,2.9912887,3.0223475,3.6528776,3.25997,3.577459,3.1874318,3.4012256,3.6042664,3.6268647,3.6515212,3.5293546,2.875903,2.8370783,2.5771465,3.2363336,2.7126925,3.1674192,3.914254,3.1834335,3.0796716,3.2982657,3.4164095,2.8909278,2.8690717,2.9807732,3.6422772,3.3420174,2.866563,3.3284714,2.761233,2.90714,2.7703574,1.9600282,4.0076036,3.8888593,3.028161,2.9633887,2.8697271,3.1674194,2.9287994,3.2688715,3.3662782,3.9575703,3.0079768,2.9533958,2.821041,2.7614794,1.7109629,3.5423281,3.3354828,3.1618133,3.6926568,3.1785297,3.2526379,3.7578244,3.5976052,2.732831,3.0034359,3.1318693,3.1054614,3.086351
12,3.2199414,3.6208298,2.8744807,2.8289454,2.9923782,2.8239102,3.077693,2.8565414,1.7635684,2.0200684,2.0214717,1.5009729,0.0,1.0639747,2.1836383,2.9811885,3.5267856,3.1742234,3.3201685,2.746149,3.2173462,2.5557606,2.0604386,3.060435,3.821482,3.507089,3.0507245,3.4713478,3.4662032,3.3033938,3.7843015,3.716778,3.0853078,2.871319,2.9966316,2.9656498,3.0695288,3.2938607,3.3935773,2.8374557,3.8214443,3.7031434,3.2669826,3.5004072,3.665614,3.509697,3.924434,3.9114172,3.5396683,3.208353,3.6091266,3.6132267,3.5036445,3.5049267,3.3471143,3.824573,3.2455277,3.5759428,3.0596964,3.5724058,3.5780294,3.4682775,2.6733377,3.457019,3.415217,3.4391127,3.4190924,3.3752303,3.3293781,4.208554,3.526031,3.873481,3.8282177,3.9775295,4.210976,4.3695145,3.8623524,3.697061,3.2827077,3.231432,2.8126059,3.5687907,2.9430268,3.4925601,4.1159897,3.4961998,3.4049854,3.6496797,3.7916114,3.2158978,3.2605867,3.3941395,3.9365199,3.6604085,3.0817792,3.493414,3.051397,3.2101345,3.1312678,2.5587387,4.29538,4.321908,3.4043636,3.3022494,3.2199528,3.5101495,3.1274204,3.5150974,3.7404034,4.2115307,3.3998435,3.3861403,3.0874805,3.0455468,2.2139094,4.0202594,3.1300685,2.9835496,3.914294,2.923942,3.6222014,4.101388,3.9591107,2.9648619,3.2132685,3.2834032,3.3370354,3.2978103
13,2.9740906,3.378061,2.5432978,2.426488,2.5313048,2.37786,2.6722484,2.424464,1.8573313,2.10447,2.032114,1.5992625,1.0639747,0.0,2.0033042,2.876605,3.0813904,2.6743143,2.9587493,2.3551366,2.7510922,2.1767986,1.6859924,2.6664221,3.4327257,3.10138,2.6526065,3.0842726,3.1475523,2.84805,3.4273782,3.361459,2.783548,2.5571003,2.682539,2.6642478,3.1951776,3.0701041,3.140034,2.5306542,3.5040238,3.5642834,3.1875584,3.26708,3.3646939,3.2385185,3.630517,3.6064293,3.3018334,2.8930147,3.303059,3.3468635,3.1756015,3.183318,3.025457,3.6011524,2.892668,3.2218614,2.6744454,3.312399,3.3097563,3.1531854,2.3838763,3.1244261,3.1843023,3.109005,3.180231,3.131725,3.1444674,4.0184784,3.355674,3.6466372,3.6193044,3.8341928,4.040005,4.227173,3.638045,3.493056,2.950476,2.988157,2.5607314,3.2913167,2.7245276,3.2330987,3.907682,3.533644,3.169682,3.573149,3.5549746,2.98483,3.1327627,3.033307,3.7272973,3.4440577,2.867994,3.2832408,3.0020711,2.8779724,3.044016,2.4936252,3.985001,4.0130954,3.0886796,2.998695,3.1915498,3.1645756,3.213404,3.5810568,3.484323,3.9495533,3.1013186,3.1321673,3.07612,3.0413811,2.2280753,3.7148943,3.1242385,2.958589,3.8991785,2.94925,3.326466,3.7621992,3.643109,2.686097,3.181595,3.26722,3.146651,3.2639954
14,3.1237767,3.5935361,2.8215466,2.6703963,2.837941,2.6181383,3.176724,2.883961,2.0659504,2.2593155,2.4227679,1.9165884,2.1836383,2.0033042,0.0,3.134703,2.9532158,2.86118,3.2463913,3.0505414,3.074892,2.3621402,2.118645,3.0175967,3.133852,2.9482262,2.763025,3.3369625,3.0929976,2.9160347,3.5270097,3.426596,3.2738166,2.3370037,2.8019278,2.3391337,2.8642468,3.1272604,2.6946416,2.2773092,3.5022726,3.5363185,3.1904128,3.2685347,3.3274558,3.1519656,3.6969016,3.6243854,2.9282901,2.6014757,3.031129,2.9720197,2.9592931,2.9460278,2.8176606,3.5978632,3.0201333,3.1929708,2.9449272,3.1973379,3.0052204,2.9036283,2.0297368,2.9341226,3.2433958,3.177782,3.3072395,3.2721202,3.305056,3.8246646,3.513088,3.7796671,3.429983,3.668929,3.8690698,4.0560164,3.6353335,3.4586477,3.038823,3.0956764,2.8307564,3.5076704,2.9681067,3.3639517,4.11282,3.5541463,3.3237681,2.9752078,3.8550215,3.3088963,3.3062751,3.2128172,3.9163291,3.7770567,3.187883,3.437002,3.1655667,3.0869145,3.2171392,2.7803395,4.2298384,4.341503,3.3608358,3.2673373,3.204331,3.2278056,3.3704803,3.6781018,3.4740415,4.160673,3.2125258,3.1760662,3.1954436,3.198775,2.3975425,3.857189,3.63495,3.6415813,3.8705704,3.4468427,3.7379384,4.2393255,4.039448,3.16974,3.5523422,3.6502273,3.4309604,3.5480855
15,3.2719612,3.5981414,3.7928066,3.392351,3.4573705,3.4314399,3.9568255,3.5623922,2.7140179,2.4378476,2.629311,2.8996818,2.9811885,2.876605,3.134703,0.0,3.9375093,3.8147135,3.9472642,3.86191,3.935245,3.4231145,3.0601716,3.7920582,4.3812146,4.590844,3.8630958,3.770067,4.6305614,4.1418066,4.5234337,4.5747504,3.3763852,3.1879542,3.359857,3.341763,4.1337786,4.3164296,4.0453157,3.2919712,3.6264212,3.6950629,3.3462465,3.592248,3.4855118,3.328329,4.184614,3.7165835,3.8616133,3.384603,4.127818,4.1157556,3.858034,3.7823353,3.6276922,3.6314633,3.924058,3.834074,3.5976648,4.029472,3.8468025,3.70239,3.0228896,3.7136736,4.0269227,3.9623153,4.1026444,4.065129,4.231238,4.552353,4.4128733,4.4966836,4.200522,4.396244,4.195375,4.692923,4.563976,4.4457617,3.9258456,3.9452012,3.3445747,4.0694532,3.5937726,4.0795803,4.326508,4.7295814,3.9964266,4.325102,4.4094744,3.8602777,4.0408773,3.9557116,4.7334495,4.1043077,3.801545,4.13627,4.008196,3.9491868,4.098459,3.6660218,4.726084,4.652935,3.9950771,3.8286204,3.9905374,3.9443684,4.0506396,4.363032,4.3276725,4.5390387,4.2833133,4.3435364,3.640746,3.609503,2.9140265,4.44565,4.008418,3.827396,4.662544,3.82107,3.7991211,3.9132345,4.35836,3.4897492,4.134536,4.1345153,3.4680274,3.4446132
16,2.5885148,2.8673775,1.8065622,2.06018,1.9205251,1.4522415,1.9155946,1.5823758,2.6280494,2.8305736,2.9774632,2.6829855,3.5267856,3.0813904,2.9532158,3.9375093,0.0,0.7996367,1.5198709,2.1521783,1.3971933,1.9057325,1.7734903,1.0299497,1.2449687,1.3530747,1.0449464,2.2628567,1.6878152,0.9684461,1.8880236,1.8556994,2.184119,1.6563623,1.7988403,1.549369,2.6018803,2.3803937,2.2612271,1.5028164,2.1119874,2.2547584,2.4323425,2.7278383,2.289326,2.3909178,2.370978,2.2842107,1.6496873,1.5859419,1.4747928,1.6580606,1.3245611,1.3770169,1.3944036,2.8990326,1.7239757,1.3997792,1.4852394,1.5145539,1.6150156,1.2648046,1.9022444,1.1771122,2.6999526,2.6740985,2.6660728,2.572068,2.92236,3.184674,3.2963898,3.318042,2.611241,3.2702436,3.1543558,3.5137677,2.9046657,3.0176349,2.4642234,2.5488534,3.0587718,2.747615,3.1359391,2.937138,3.7589636,3.0835354,2.7639623,3.0463853,2.9737396,3.2606645,2.6410484,2.5133178,3.4785898,3.11333,3.274032,3.6969454,2.9192467,2.759989,2.6348543,1.7455245,3.3029058,3.3806605,2.6876788,2.803518,2.9194167,2.9393044,3.2635005,3.2407472,2.871089,3.309485,2.5298183,2.3442533,2.8020167,2.7378228,2.2659967,3.3042166,3.5006647,3.3929648,3.5819066,3.4577544,2.8071215,3.4525182,2.974436,3.1450255,3.1317182,3.2836473,3.823055,3.140669
17,2.507711,2.7780707,1.70881,2.0054412,1.8212419,1.3590574,1.7621213,1.3497648,2.536477,2.753981,2.8869865,2.5994785,3.1742234,2.6743143,2.86118,3.8147135,0.7996367,0.0,1.3275682,1.4617292,1.1787484,1.8063682,1.5227692,0.6333625,1.7174258,1.4983181,0.85030836,2.139887,1.6381826,0.8814007,1.778362,1.7840133,2.421755,1.9611622,2.1175532,1.8944681,2.8399787,2.6397307,2.5429988,1.8054222,2.3513956,2.4716868,2.5924287,2.9115846,2.5313318,2.6142642,2.6198578,2.531287,2.0338583,1.9134362,1.908081,2.0890863,1.7867638,1.8386807,1.7685885,3.1189222,1.8085297,1.8522221,1.4259136,1.8995537,2.040185,1.7515141,2.1776063,1.6612163,2.692645,2.6478984,2.6473317,2.5890477,2.9455621,3.4278998,3.3214333,3.3586826,2.8753512,3.5190783,3.3500383,3.6835544,2.8520634,2.939938,2.4633663,2.544471,3.0030117,2.7183652,3.0866528,2.9096289,3.7348225,3.0891695,2.7624478,3.0573263,3.0011764,3.2444282,2.6072762,2.4815013,3.459797,3.0822477,3.2368906,3.6617508,2.885164,2.7273114,2.6315446,1.6613113,3.2840173,3.3435047,2.6620457,2.770891,2.8533845,2.8726888,3.161772,3.1581652,2.8658412,3.24451,2.5242515,2.3411555,2.742461,2.6678064,2.1545358,3.262074,3.2042053,3.090272,3.5651495,3.1387312,2.722497,3.34455,3.0069957,3.1052938,3.0673578,3.20218,3.7323403,3.0330262
18,2.7015202,2.6709926,2.2954164,2.126984,1.9148653,1.6459124,2.5640085,1.7279702,2.6291976,2.871203,2.535414,2.6619387,3.3201685,2.9587493,3.2463913,3.9472642,1.5198709,1.3275682,0.0,1.8573611,1.5893762,2.2407117,1.8719335,1.1994127,1.6940242,1.999423,1.2008988,1.6796825,2.534779,1.3870649,1.9325881,2.0512266,2.6726367,2.3163798,2.469054,2.2555535,3.292087,3.2581716,3.333672,2.176525,2.3130956,2.3031921,2.5068336,2.8409562,2.4533112,2.581525,2.3002322,2.0995197,2.498467,2.4191527,2.5049865,2.6684365,2.0872004,2.111117,2.2138066,3.0060098,2.5583596,2.1630027,2.0253525,2.443491,2.198153,2.0599728,2.5409307,1.9848996,2.6394382,2.6539083,2.589216,2.4986951,2.8226502,3.2827308,3.3795292,3.2421927,2.7114575,3.3806555,2.8769565,3.274397,3.0906928,3.2407067,2.4893641,2.4564445,2.781373,2.542251,2.999564,2.9061155,3.4866006,3.2569575,2.6944764,2.948322,2.994212,3.2698114,2.6116674,2.6269488,3.612812,2.8590713,3.1804252,3.542198,2.6802733,2.671342,2.437614,1.8271636,2.927749,2.6216886,2.3580098,2.443956,2.9324658,3.0493345,3.1512213,3.1749687,2.8617842,2.940397,2.4168854,2.2104566,2.61021,2.5112722,2.2432375,3.0413702,3.0260177,2.92378,3.6329014,3.04275,2.7283795,2.9594967,2.9815528,3.1585743,3.152589,3.2674575,3.2553515,2.4555845
19,2.5641506,3.0673316,1.8872727,2.1665041,2.2693653,1.738627,1.9975367,1.6057552,2.7324893,2.9205258,3.074675,2.791951,2.746149,2.3551366,3.0505414,3.86191,2.1521783,1.4617292,1.8573611,0.0,1.7904274,2.371237,1.8740617,1.4583678,2.7405708,2.1601384,1.4164504,2.497204,2.2587914,1.7180556,2.2526882,2.2281587,3.0333123,2.7052891,2.8893046,2.7167768,3.219045,3.189879,3.0956204,2.564532,3.1595669,3.1472673,3.2458925,3.582321,3.3447163,3.4198031,3.336912,3.3748739,2.8608005,2.7234788,2.8285449,2.8280568,2.6556394,2.7040608,2.601354,3.6635404,2.3495717,2.706908,1.9206929,2.6901343,2.7739594,2.6625123,2.9406388,2.5876267,2.6532102,2.649272,2.5886676,2.6106355,2.9303813,3.6986108,3.4009278,3.3414671,3.2718961,3.7839863,3.7019966,3.9791758,2.6734078,2.7190955,2.5502915,2.5462878,3.0427043,2.7825413,3.2108424,3.00275,3.7923105,2.9152372,2.733376,3.0145981,3.1411862,3.2693293,2.6070812,2.6197817,3.3256488,3.013809,3.1992707,3.4136353,2.7506933,2.746911,2.5697913,1.9282511,3.2721932,3.4112687,2.7001324,2.8286169,2.8107805,2.9522138,3.009297,3.0640244,2.885654,3.2012224,2.5980585,2.4372706,2.5870266,2.5206406,2.2707431,3.2626395,2.5549564,2.4490585,3.3227756,2.468842,2.6603281,3.2723665,3.0422282,3.0849793,2.829921,2.9263003,3.7400906,2.9285228
20,3.1162171,3.4322348,1.7712786,2.0343795,2.0109186,1.4944102,2.0355144,1.5524876,2.6513314,2.8585043,2.8836837,2.6771414,3.2173462,2.7510922,3.074892,3.935245,1.3971933,1.1787484,1.5893762,1.7904274,0.0,1.5320244,1.6738292,0.9304171,2.0158112,1.7779669,1.2406482,2.3052435,1.9789526,1.1495155,1.9845752,1.8963231,2.433593,2.0889156,2.1865423,2.191508,2.9671843,2.740255,2.732704,1.9973463,2.4566357,2.6015391,2.7202563,2.9924881,2.6607406,2.7579737,2.6406343,2.6588304,2.14273,2.0335557,2.2095835,2.266052,1.8933206,1.9585829,1.929387,3.1296983,2.0167427,1.9983625,1.758823,2.101594,2.225854,1.9843111,2.4341447,1.8928587,2.5130968,2.492673,2.446653,2.3921819,2.7309322,3.2407522,2.8058233,2.7742262,2.7372448,3.319846,3.5356529,3.8312109,2.7170444,2.837041,2.3885977,2.3895211,2.8769593,2.580848,2.9506679,2.730735,3.5287898,2.9425046,2.5752275,2.9738195,2.7711458,3.1201074,2.410237,2.3198357,3.619955,3.2527735,3.0449817,3.5269556,2.7038283,2.60481,2.4029427,1.7536756,3.0335057,3.099608,2.398776,2.5727499,2.7963433,2.8464305,3.0667222,3.0559816,3.218893,3.537803,2.309582,2.1703906,2.6063464,2.5411005,2.3023322,3.130558,2.9895349,2.8633437,3.3977327,3.0068207,2.6461358,3.1760192,2.8205001,2.9891808,2.899409,3.0342317,3.604164,2.8557765
21,3.4619153,3.7719316,2.308101,2.5943344,2.5277348,2.1057854,2.5035472,2.239318,1.8853185,2.1988575,2.3533943,1.9288174,2.5557606,2.1767986,2.3621402,3.4231145,1.9057325,1.8063682,2.2407117,2.371237,1.5320244,0.0,0.97320765,1.7674799,2.4140203,2.1810718,1.8492779,2.8183458,2.2826877,1.8809108,2.378472,2.306333,2.3182611,1.9041742,1.9625533,2.0315313,2.6916583,2.4691083,2.5710852,1.8740157,2.898068,2.9889448,2.585151,2.9525323,2.8667934,2.6392248,3.0128644,3.0272086,2.5715852,2.2613988,2.5546286,2.628879,2.348855,2.3912106,2.3001769,3.4419038,2.4169981,2.4724407,2.2758827,2.4896023,2.59998,2.3544087,1.7534077,2.2917447,3.0054882,2.9794307,2.9810605,2.9087293,3.1690872,3.5863383,3.1769397,3.2503977,3.1201537,3.669915,3.8582747,4.0698056,3.357329,3.3038487,2.8356502,2.8512866,2.761527,3.0218174,2.8385823,3.1599464,3.9493349,3.279903,3.0584493,3.366817,3.17016,2.9649942,2.7948062,2.7439578,3.9091668,3.6172225,3.049678,3.5099192,2.981489,2.9089186,2.8585932,2.155868,3.7747812,3.823835,2.8878915,2.8905492,3.0763695,3.1521306,3.2184215,3.3270702,3.5766225,4.1341653,2.8190618,2.6729646,2.8842583,2.8413413,1.9679148,3.4858608,3.369352,3.2163243,3.730207,3.264928,2.90741,3.4828362,3.4970367,2.836544,3.0851061,3.2160308,3.3952508,3.147535
22,2.7659829,3.1146426,2.0003033,2.234244,2.2060113,1.6415871,2.1672878,1.7651105,1.484815,1.8328838,1.9080757,1.482468,2.0604386,1.6859924,2.118645,3.0601716,1.7734903,1.5227692,1.8719335,1.8740617,1.6738292,0.97320765,0.0,1.509773,2.2846262,2.0775428,1.5171796,2.503716,2.2925959,1.7023227,2.2363837,2.1941247,2.0386224,1.6359342,1.7415295,1.6703584,2.4724445,2.378088,2.4450865,1.560727,2.6623452,2.6978736,2.3195148,2.6791482,2.591864,2.3866305,2.7593198,2.739813,2.4251852,2.097385,2.4028108,2.4321358,2.1023128,2.1182613,2.0492716,3.096321,2.1758802,2.2028775,1.8783467,2.2973118,2.2776284,2.074591,1.5097332,2.0330036,2.6367648,2.6069915,2.6255255,2.5519593,2.7874954,3.3448348,3.1357713,3.1952002,2.8546865,3.3777826,3.3304524,3.6540432,3.0591614,3.0110939,2.443566,2.4452674,2.3345468,2.6336029,2.450055,2.7933104,3.5773973,2.9928176,2.691791,3.0494783,2.99817,2.7554867,2.5237358,2.497475,3.396936,2.9986582,2.6677802,3.1864192,2.5718005,2.5287604,2.4840434,1.6976256,3.4625251,3.4916716,2.5332332,2.5270476,2.7321358,2.8406162,2.891942,3.0466874,2.9662943,3.5006495,2.498285,2.3538368,2.4744866,2.4266584,1.4140747,3.2407732,2.9315374,2.7545705,3.4443214,2.8086052,2.5968711,3.1953156,3.1420527,2.4504921,2.7468321,2.87649,3.0407214,2.7182505
23,2.6200514,2.7786067,1.6600337,1.9049745,1.6796372,1.2943068,1.7088012,1.2169677,2.4364908,2.6531904,2.701369,2.4769971,3.060435,2.6664221,3.0175967,3.7920582,1.0299497,0.6333625,1.1994127,1.4583678,0.9304171,1.7674799,1.509773,0.0,1.841439,1.7051156,0.9330153,2.0725365,1.8014666,1.0341253,1.8716539,1.8692293,2.2813554,1.9476821,2.0533288,1.9408606,2.7485015,2.660964,2.6476073,1.7985574,2.1642098,2.2045834,2.3685687,2.7427263,2.3647583,2.486227,2.474357,2.3263376,2.0282903,1.9214404,1.9050163,2.1222866,1.7402899,1.7804159,1.7679172,2.9594953,1.8256912,1.7747194,1.4167238,1.8792367,2.08887,1.7457899,2.2721348,1.6478095,2.6732364,2.6726825,2.6167672,2.5517738,2.8655543,3.4466426,3.1899648,3.2632422,2.8697546,3.4503667,3.364077,3.7608075,2.868082,2.9867663,2.5054631,2.5129018,3.0002978,2.6778715,3.1138623,2.9293845,3.6629333,3.0252411,2.7396626,3.0799198,3.0064588,3.3073556,2.5378754,2.5228927,3.5804558,3.1270685,3.2393339,3.650428,2.8151436,2.782598,2.5092897,1.2841977,3.253702,3.2514904,2.6026554,2.7511318,2.8092768,2.9761412,3.08989,3.0801275,3.0406437,3.319616,2.5140996,2.331718,2.6633763,2.5694926,1.9897355,3.334268,3.1121304,2.961494,3.5635135,3.081971,2.7639556,3.3522904,2.9554977,3.1416657,3.011933,3.1497867,3.737534,2.8646252
24,2.853791,2.8390021,2.454399,2.1384914,2.3193219,1.8549976,2.6995454,2.0593202,3.02045,3.3123577,3.006425,2.963699,3.821482,3.4327257,3.133852,4.3812146,1.2449687,1.7174258,1.6940242,2.7405708,2.0158112,2.4140203,2.2846262,1.841439,0.0,1.503397,1.4261975,1.9775759,2.289836,1.268515,2.200238,2.1862938,2.4795454,1.970529,2.0897381,1.8182507,3.02617,2.7390835,2.5998483,1.8218504,2.1040702,2.1997373,2.462046,2.63908,2.2362423,2.4165688,1.8552186,2.303889,1.9031101,1.9676026,2.066751,2.0255756,1.4578267,1.5703329,1.6417078,2.742804,2.385302,1.6496365,2.0214553,1.9617624,1.5479909,1.4323163,2.0150945,1.3998709,2.6943002,2.715632,2.6424785,2.5242057,2.7552354,2.8735664,3.257443,3.207283,2.3087146,3.0559855,2.709681,3.34435,3.0847862,3.233497,2.4944904,2.5316286,2.8801036,2.7493343,3.0239935,2.9484832,3.6952622,3.251747,2.7445652,2.9522655,2.9499054,3.1550436,2.7291858,2.6375723,3.5929937,2.9999268,3.2388477,3.624072,2.8120646,2.6667895,2.5384328,2.1779246,3.0646212,3.1568174,2.5379808,2.582354,3.080445,3.0865867,3.3761225,3.4312727,2.8002803,3.1307237,2.371124,2.1431472,2.8816347,2.855521,2.6605713,3.4678519,3.6103022,3.5601552,3.7273421,3.6267147,3.0720778,3.551075,3.0236433,3.1902895,3.3195164,3.4718375,3.605724,2.9978466
25,2.959346,3.544966,1.6687614,2.190212,2.364713,1.6785892,1.9262713,1.8490468,2.9448774,3.2527099,3.4136505,2.85347,3.507089,3.10138,2.9482262,4.590844,1.3530747,1.4983181,1.999423,2.1601384,1.7779669,2.1810718,2.0775428,1.7051156,1.503397,0.0,1.1537333,2.8265529,1.4249593,1.060952,1.8717005,1.6239884,2.548807,2.0293574,2.1832721,1.9550734,2.425148,2.0586774,2.139868,1.8599572,3.0100956,3.0815551,3.1795151,3.3230522,3.149024,3.189488,2.8709645,3.1789477,2.0492182,2.1200163,1.7817408,1.6774544,1.7202334,1.8379812,1.8762618,3.4562867,1.849199,1.8552111,1.8247945,1.7353626,1.8138082,1.756271,2.244759,1.6934834,2.4761155,2.4956152,2.401282,2.3218052,2.5707254,2.9406018,3.0445695,2.9850016,2.5310702,3.0903707,3.4030237,3.452678,2.503016,2.5952792,2.2545347,2.3120148,3.0717397,2.6957781,3.1121557,2.817688,3.9758956,2.4973013,2.5669365,2.8161366,2.8250222,3.0047362,2.5370638,2.450783,3.0052927,3.0329325,3.111771,3.4182932,2.6293173,2.4864812,2.334155,2.0013123,3.1663656,3.430434,2.5824068,2.7539117,2.8642437,2.9009035,3.1843495,3.1380045,2.6435103,3.3436203,2.1549387,1.9167202,2.6785662,2.6458383,2.519479,3.0246255,3.2501416,3.2040915,3.102947,3.223293,2.8803463,3.6629083,2.8149118,2.9574814,2.7256105,2.8943973,3.9596624,3.3760889
26,2.4014413,2.826523,1.6114988,1.7085291,1.9053693,1.1425418,1.8629082,1.2229768,2.4477165,2.6938257,2.7204125,2.4869246,3.0507245,2.6526065,2.763025,3.8630958,1.0449464,0.85030836,1.2008988,1.4164504,1.2406482,1.8492779,1.5171796,0.9330153,1.4261975,1.1537333,0.0,1.9612797,1.740446,0.6072862,1.635608,1.5674965,2.3417692,1.8302624,2.011013,1.7739555,2.6359506,2.5361722,2.3993418,1.6585221,2.3576567,2.3804426,2.5349803,2.8813384,2.5422118,2.6267977,2.423974,2.5793545,1.952764,1.8866736,1.9848317,1.9265125,1.5706353,1.64661,1.6337909,2.9629998,1.8084352,1.6597029,1.3771044,1.7825499,1.6987563,1.5811992,2.0837543,1.5063303,2.1993701,2.2238996,2.137098,2.0686476,2.4441032,2.9011223,2.9571414,2.8426278,2.3775244,3.061156,2.945764,3.352453,2.4540277,2.5691037,2.0372708,2.0389197,2.5999384,2.3065841,2.755593,2.5637743,3.506207,2.6017845,2.2789214,2.5480807,2.6402042,2.7972298,2.1878674,2.1721573,3.1092367,2.6680274,2.8819308,3.2201083,2.3338661,2.2833102,2.0467682,1.4712094,2.8300958,2.9774148,2.1790407,2.3048308,2.5265956,2.6461728,2.819912,2.8332639,2.482728,2.9115157,2.029577,1.7812257,2.2884793,2.2433522,2.0183413,2.9951103,2.7775075,2.6967902,3.12981,2.7523246,2.3646002,3.020307,2.6496038,2.7713373,2.656179,2.8075438,3.4223657,2.6302779
27,2.6068702,2.112918,3.041983,1.9520252,2.1418972,2.2473812,3.2285213,2.255237,2.9175293,3.098759,2.4381278,3.0000322,3.4713478,3.0842726,3.3369625,3.770067,2.2628567,2.139887,1.6796825,2.497204,2.3052435,2.8183458,2.503716,2.0725365,1.9775759,2.8265529,1.9612797,0.0,3.195807,2.1044397,3.0347123,3.157558,3.131911,2.8219366,2.9371982,2.7673318,4.010704,3.952439,3.7288513,2.7070503,2.0707507,2.0863876,2.5066233,2.8667967,2.2301965,2.6033163,2.236755,2.310374,2.847195,2.6909745,3.1980305,3.2556734,2.5859513,2.6216562,2.5430336,2.860466,3.1139648,2.6196163,2.4821033,3.041564,2.679237,2.5381262,2.7663164,2.498142,3.1043758,3.110767,3.0698423,2.9779704,3.2470315,3.6093974,3.6383061,3.5836449,3.0381923,3.7404735,2.9538732,3.8547657,3.7136874,3.836858,2.979705,2.9599,2.866494,3.1448905,3.162601,3.2679687,3.669708,3.9295664,3.0847204,3.2832758,3.3509982,3.345792,3.0221229,3.0010962,4.234875,3.208613,3.5115216,3.8663094,3.074028,3.0303202,2.9116201,2.4395573,3.2327464,3.068119,2.7615137,2.674409,3.309015,3.359641,3.4748254,3.7349253,3.3213892,3.2160964,2.96265,2.8156462,3.1493237,3.1141431,2.855284,3.9137301,3.4795406,3.4081662,4.295916,3.4937172,3.1433234,3.2339222,3.4910314,3.553367,3.8052654,3.9155867,3.2598786,2.6199234
28,3.1752834,3.6999042,1.7864771,2.5054939,2.4850566,2.1191928,1.8156646,2.0350616,2.974369,3.2621934,3.6344569,2.9107323,3.4662032,3.1475523,3.0929976,4.6305614,1.6878152,1.6381826,2.534779,2.2587914,1.9789526,2.2826877,2.2925959,1.8014666,2.289836,1.4249593,1.740446,3.195807,0.0,1.6911381,2.2997217,2.0862007,2.860415,2.418391,2.48445,2.356698,2.426382,2.2302892,2.32481,2.2450397,3.2267544,3.2537937,3.3157394,3.5737135,3.3645191,3.4136875,3.312703,3.451364,2.0609865,2.1362789,1.8907986,2.0285585,2.2326953,2.3236992,2.070526,3.7430112,1.5027181,2.2998095,1.7096999,1.6907697,2.4168243,2.1901052,2.5596051,2.1067095,3.068224,3.0875216,3.0241406,2.9840658,3.189367,3.6954272,3.1868906,3.5956757,3.237863,3.7271626,4.086383,3.971754,2.9450471,2.918861,2.8577414,2.9574046,3.6454086,3.2921395,3.6324356,3.3223379,4.474536,2.8809538,3.1707973,3.3570504,3.0906262,3.2513251,2.7034285,2.6941667,3.5452187,3.6470337,3.6812456,4.0210404,3.2054124,3.1590474,2.9300256,2.0763087,3.85575,4.0980086,3.2897477,3.4050565,2.783649,3.0015678,3.091667,3.0039907,3.2720976,3.937361,2.840934,2.6479228,3.0997882,3.0324361,2.8135722,3.585921,3.6128712,3.5411775,3.5371323,3.4963553,3.3642967,4.2214336,3.346407,3.461058,3.0881765,3.242778,4.4194136,3.8058817
29,2.7194211,2.9811625,1.7415957,1.9217263,2.09919,1.2573165,1.958983,1.3128678,2.7870553,3.0575848,2.9642136,2.7541819,3.3033938,2.84805,2.9160347,4.1418066,0.9684461,0.8814007,1.3870649,1.7180556,1.1495155,1.8809108,1.7023227,1.0341253,1.268515,1.060952,0.6072862,2.1044397,1.6911381,0.0,1.447254,1.3736017,2.3617108,1.8615861,1.9988626,1.8006552,2.8189578,2.523617,2.363834,1.7109258,2.295804,2.408344,2.5527897,2.7966633,2.4999611,2.5844674,2.270992,2.5979006,1.8586241,1.8822776,1.9709394,1.9176543,1.4992357,1.6189697,1.6059833,2.9099655,1.8726852,1.650069,1.4634506,1.8096646,1.7089221,1.5694185,2.1713042,1.4953899,2.2986782,2.2973342,2.2120035,2.1412215,2.46242,2.9114041,2.8917105,2.8403642,2.3763037,3.0783346,3.019392,3.5046937,2.516284,2.6686473,2.0973752,2.1414225,2.6759338,2.296951,2.742542,2.540819,3.4697843,2.7734866,2.3671525,2.6977024,2.641158,2.945697,2.334329,2.2204285,3.2532306,2.8242905,2.9552152,3.44045,2.497516,2.324174,2.1724372,1.6774518,2.796164,3.0021381,2.2210364,2.3536868,2.7030625,2.71363,3.003482,2.9574156,2.6205306,2.9785938,2.016544,1.7947764,2.5078945,2.470228,2.31428,3.1555586,2.9801846,2.9192967,3.3105876,2.9871986,2.6093962,3.2269013,2.669171,2.8810873,2.8541315,3.004109,3.556961,2.8031132
30,3.5277073,3.6277277,2.4376392,2.9572031,3.0009167,1.9997497,2.6018045,1.9259956,3.426326,3.6747963,3.4734795,3.3531706,3.7843015,3.4273782,3.5270097,4.5234337,1.8880236,1.778362,1.9325881,2.2526882,1.9845752,2.378472,2.2363837,1.8716539,2.200238,1.8717005,1.635608,3.0347123,2.2997217,1.447254,0.0,0.45251608,2.7954628,2.3449154,2.440061,2.3037465,3.2731602,3.006387,2.9039545,2.2684972,2.8298562,2.9039748,2.7826433,3.0215936,2.9956613,2.8251047,2.6374414,2.9539118,2.4863331,2.569104,2.6417508,2.6335115,2.2084112,2.2977548,2.3343322,3.224107,2.478288,2.3322144,2.0462394,2.378112,2.3221235,2.2705758,2.8486736,2.1941583,2.6879642,2.6973088,2.590202,2.5736868,2.8327618,3.2783635,3.21303,3.2076068,2.8065844,3.436881,3.2720928,3.7373314,2.8161066,2.964052,2.5317512,2.574654,2.9960375,2.204228,3.091345,2.9677396,3.7047799,3.2483833,2.8060057,3.1175427,2.9396126,3.319776,2.7218523,2.6353648,3.6419966,3.1501973,3.4006493,3.7776484,2.967914,2.799548,2.6331136,2.3620236,3.015246,3.1443486,2.5802956,2.7005696,3.0227604,3.0289214,3.256805,2.916195,3.0029566,3.1450427,2.4310212,2.2487795,2.838911,2.7818878,2.8167813,3.410093,3.2029352,3.1654735,3.6520581,3.219409,3.0045269,3.437483,2.9911656,3.2260425,3.2345004,3.3411136,3.7696776,2.9551344
