,0,1,2,3,4,5,6,7,8,9,10,11,12,13,14,15,16,17,18,19,20,21,22,23,24,25,26,27,28,29,30,31,32,33,34,35,36,37,38,39,40,41,42,43,44,45,46,47,48,49,50,51,52,53,54,55,56,57,58,59,60,61,62,63,64,65,66,67,68,69,70,71,72,73,74,75,76,77,78,79,80,81,82,83,84,85,86,87,88,89,90,91,92,93,94,95,96,97,98,99,100,101,102,103,104,105,106,107,108,109,110,111,112,113,114,115,116,117,118,119,120,121,122,123,124,125,126,127
0,0.0,0.26596066,0.30552885,0.20716447,2.1206238,1.7506732,1.7497797,1.2558414,1.7119517,1.7758311,2.263484,1.8614231,2.333678,1.5627509,1.5462368,1.7346951,1.7503487,1.7828766,2.0587769,1.5735081,1.9547457,1.8205932,1.9992143,2.2616694,1.9869657,1.8594697,1.5409778,1.4114858,1.8667384,2.214652,2.5655801,2.2572403,2.2101815,3.199269,2.6341739,2.6686351,1.9513173,2.00029,1.614973,2.5107222,1.699353,3.1331797,2.4554288,2.5320957,2.8996606,2.9440584,2.8286755,2.7688642,2.256069,2.5563238,1.3100941,2.003206,1.4947971,1.6033136,2.3933582,2.3242047,1.5955572,1.571344,1.4641057,1.3716159,1.8977729,2.059998,1.2813115,2.1230726,2.2466702,2.3163178,2.2339618,2.8355558,2.3583722,2.4868128,1.7235672,1.8861936,2.0549076,2.7707984,2.5131676,2.335421,1.9388598,2.0797648,1.7363951,1.8399222,2.00235,2.0044286,1.4709342,1.4529594,2.8594532,2.145113,1.5329026,2.401287,1.8169508,1.5211416,1.8105441,1.7273258,1.5564532,2.482818,1.4797908,1.5768694,2.4877493,2.1658306,2.9583232,2.6557338,1.4899993,1.4094809,1.5263703,1.8956112,2.0365787,2.032607,2.5670347,1.5495993,1.7946601,1.7557989,1.7193633,1.7197896,1.8185726,2.2240367,1.9733033,2.5368803,2.4166424,1.8239307,1.3270422,1.2995168,1.6036925,2.2090375,1.7760797,1.5271059,2.0772986,1.80505,1.2706056,1.7382321
1,0.26596066,0.0,0.42413327,0.35180584,2.1990309,1.8083669,1.7981061,1.2537891,1.7069778,1.7894815,2.2124307,1.8544366,2.2867644,1.5395765,1.498932,1.7185789,1.6527736,1.693975,2.06168,1.482587,1.8854368,1.7657928,1.9136454,2.2070675,1.9389584,1.8166474,1.4788527,1.3423929,1.9202079,2.2117777,2.5685065,2.3051357,2.222414,3.1551688,2.6555953,2.6760662,1.9909182,2.0065427,1.5481997,2.5387619,1.6295668,3.2193184,2.4750454,2.5424218,2.9404366,2.9900353,2.8727894,2.8156676,2.234275,2.5293736,1.2250117,1.9274416,1.4280894,1.5498663,2.3083932,2.3072796,1.4738977,1.4520855,1.3663388,1.2711087,1.7970312,2.0184648,1.1774665,2.056846,2.138591,2.2054303,2.1233504,2.6978457,2.302469,2.4042432,1.6221598,1.7733926,1.9913726,2.6901348,2.554211,2.3198342,1.8690251,2.0102515,1.7215738,1.8360624,1.965618,1.9537535,1.3942657,1.3793067,2.717072,2.0420647,1.4465033,2.3009224,1.7376938,1.4209288,1.7176692,1.6330549,1.487476,2.4617953,1.4021454,1.5018095,2.468236,2.1813438,2.9436154,2.6477163,1.4761733,1.4521912,1.5543171,1.9956961,2.0806408,2.0701003,2.5109227,1.6000808,1.7855934,1.7403824,1.7321905,1.7221466,1.7519497,2.2016568,1.8450724,2.4454136,2.480879,1.7745506,1.2785909,1.2633009,1.5179995,2.1926637,1.6602622,1.4174672,2.032192,1.7197089,1.1776304,1.7210926
2,0.30552885,0.42413327,0.0,0.24235176,2.0390387,1.6716201,1.6863977,1.0779397,1.7616665,1.8654455,2.322777,1.9169232,2.246346,1.5083041,1.3948661,1.5814849,1.6983383,1.7240406,1.9906497,1.4742651,1.8557258,1.732979,1.9313978,2.2133389,1.8883941,1.7744452,1.4595248,1.3508302,1.8074234,2.210197,2.4932745,2.18439,2.1870642,3.1884816,2.6341066,2.659043,1.8632517,1.9634732,1.5266212,2.448101,1.6231977,3.1584523,2.4689713,2.5522227,2.9263031,2.9687085,2.8562458,2.7976527,2.2311165,2.5143397,1.3091941,1.997552,1.5133686,1.6045759,2.3225107,2.2745986,1.5860347,1.5676768,1.4874824,1.3875326,2.0006924,2.0877523,1.2008828,2.09664,2.2507484,2.3942282,2.2407036,2.905211,2.315788,2.4147766,1.7265762,1.8653376,2.024094,2.7979286,2.4226694,2.270744,1.9186393,2.102902,1.6798733,1.854114,1.901401,1.8943248,1.4667052,1.454167,2.8806293,2.1532793,1.4969176,2.3897622,1.7611178,1.489484,1.7275609,1.648942,1.4817067,2.287168,1.4098555,1.5325999,2.4140573,2.1196258,2.8788714,2.6010468,1.4867051,1.4030228,1.47578,1.896888,1.9715129,1.9858756,2.4397259,1.4836949,1.7168304,1.6752174,1.649482,1.6557931,1.9375731,2.241691,1.970813,2.5259318,2.5213678,1.7289426,1.3094467,1.3065342,1.5701648,2.2035985,1.7337387,1.5096394,1.9756321,1.7944224,1.2982987,1.7699902
3,0.20716447,0.35180584,0.24235176,0.0,2.0805652,1.7053528,1.7568791,1.1839095,1.7656997,1.8374759,2.295245,1.9123299,2.3389094,1.5592383,1.5003809,1.6979645,1.7442765,1.7786818,2.123989,1.5535642,1.9333693,1.8020507,1.9774183,2.241296,1.9593107,1.8455577,1.565013,1.448736,1.860975,2.2149057,2.5564854,2.2515035,2.2199686,3.197053,2.6242888,2.6531777,1.9916687,2.0416787,1.6230325,2.5547984,1.6748946,3.1565058,2.5242667,2.6094878,2.965655,3.008333,2.8926878,2.8377798,2.2872818,2.576779,1.345092,2.026753,1.4993656,1.5998995,2.3748934,2.3392131,1.6342869,1.6108341,1.5096369,1.4171538,1.9920577,2.1115606,1.2785523,2.172148,2.208937,2.329482,2.2046843,2.8191023,2.3175466,2.4044316,1.7051495,1.8407031,2.0582983,2.7899406,2.493652,2.3066635,1.9484991,2.0988855,1.7600896,1.8673061,1.9645426,1.9659669,1.4946784,1.4802277,2.8909674,2.1571002,1.542361,2.427225,1.8360281,1.5531858,1.8182262,1.7373521,1.5782404,2.3992147,1.4789498,1.5863432,2.4974396,2.1840816,2.9632945,2.6884978,1.5595512,1.4546665,1.5389841,1.9290636,2.0370505,2.0469556,2.5352519,1.6006119,1.7940248,1.7533119,1.7218596,1.7316452,1.8513848,2.2330112,1.9361309,2.5494726,2.4882224,1.7950335,1.3388461,1.3194215,1.5898657,2.1990387,1.7612067,1.5311613,2.034296,1.8177774,1.3108535,1.76962
4,2.1206238,2.1990309,2.0390387,2.0805652,0.0,1.1771547,1.6879203,1.9062655,2.1342118,2.3414145,2.455058,2.1422725,2.769118,2.434564,2.1461275,2.2468712,2.2891228,2.3344238,2.6381621,2.2444685,2.842101,2.4195466,2.5127242,2.1688414,2.0689344,1.9731989,2.307849,2.272692,1.3902953,1.842643,2.768438,1.0020156,2.206339,3.8629954,2.6964602,2.7585864,2.324771,2.1713138,2.2190397,2.5924175,2.3178842,3.1231315,3.1242993,3.2096972,3.602259,3.606526,3.5682156,3.51202,2.9978755,3.0780795,2.7599523,3.163663,2.0562632,2.0803764,3.4083354,3.6766927,3.0817952,3.0876813,2.6300774,2.548102,3.4507334,3.0386152,2.3639627,2.7231681,3.3202136,3.4693131,3.3574443,3.7410648,3.4627435,3.382443,3.0107443,3.064064,3.124169,3.9356577,2.7589595,2.6412473,3.0363233,3.246838,3.0891948,2.4780762,3.005839,3.0025551,2.8231003,2.8320239,3.6847637,3.0261333,2.662034,3.3606205,2.9294615,2.9061282,2.9197516,2.881325,2.6894455,2.7563443,2.2026935,2.42963,3.1702938,2.6835074,3.5546186,3.402781,2.6614504,2.6610978,2.961705,2.0090117,2.6251807,2.4966443,3.5533407,2.297802,2.6972044,2.699931,2.974355,2.9780557,3.4277043,2.3911567,3.1662157,3.517204,3.0968616,2.8898149,2.7418153,2.61857,2.4034147,1.9627844,2.5675428,2.4055462,2.9974315,2.5913978,2.3745508,2.0447803
5,1.7506732,1.8083669,1.6716201,1.7053528,1.1771547,0.0,1.9214473,1.4710082,2.4486847,2.6433294,2.754307,2.5059931,2.5701046,2.1515667,1.8608154,2.0089285,1.9569879,2.0251336,2.5560381,1.8596907,2.039261,2.0239656,2.2468278,2.4669135,2.1703427,2.1288197,1.8826528,1.8362705,0.8842439,1.4562941,1.8394464,1.3025707,2.5652945,4.021083,2.9625106,2.992772,2.2402778,2.253549,1.8889666,2.8044379,1.9709576,2.76624,2.7709901,2.8676078,3.3782673,3.4056838,3.3585374,3.3015027,2.6802492,2.7827497,2.0839787,2.5124235,2.049325,2.1277018,2.5427184,2.8727012,2.7896113,2.8005977,2.3029265,2.1957736,3.1201468,3.1790514,2.0630503,2.462085,2.660491,2.7874913,2.6789522,3.2078683,2.770621,2.769956,2.230562,2.3330188,2.4910161,3.408914,2.8822992,2.7651956,2.4689536,2.674418,2.4168677,1.696809,2.4776754,2.4635017,2.0895383,2.1093626,3.2081044,2.464401,2.0091054,2.84042,2.2730227,2.2086203,2.2895052,2.289689,2.0068738,2.6616976,1.929337,2.146568,2.8604538,2.7391536,3.3051965,3.118049,2.2502284,2.316105,2.3775296,1.5491185,2.7395847,2.6816695,2.9353604,2.3405097,2.3354914,2.265372,2.350805,2.3497136,2.8860724,2.7125149,2.4772422,2.9791896,3.490724,2.1895533,2.1043136,1.9421533,2.2568088,1.7539045,2.3620028,2.1932876,2.4859135,2.3536665,2.068293,2.3635616
6,1.7497797,1.7981061,1.6863977,1.7568791,1.6879203,1.9214473,0.0,1.498755,1.3972219,1.7441615,2.0709221,1.4607311,2.4429855,2.0183642,1.8486418,1.9885324,2.0576892,2.1668766,2.253788,1.8739399,2.5503182,1.8935492,2.3535607,1.9556609,1.7584006,1.4435463,1.8238537,1.754099,2.093906,2.524065,3.2356157,1.9145823,1.4920025,2.7859554,2.1184306,2.1118789,1.5052017,1.3203979,1.6980318,1.9618615,1.8932072,3.2824876,2.627997,2.6392028,3.1577215,3.1939056,3.1248221,3.0883176,2.4277098,2.5115821,2.3877273,2.7122416,1.4958093,1.3814186,3.1686754,3.3563051,2.2092984,2.239829,2.1860883,2.1098225,2.4464366,1.8690617,2.095608,2.3161952,2.962332,3.051815,2.9784684,3.4927115,3.094266,3.1776612,2.6522908,2.7430348,2.763135,3.527581,2.099567,2.0331645,2.6993601,2.7344317,2.618227,2.7213175,2.8749118,2.824778,2.558935,2.5573559,3.5128756,2.8330512,2.4311259,3.1500833,2.589398,2.521528,2.5734735,2.5680342,2.3680694,2.6288555,1.8044,2.0072856,2.6219847,2.0942926,3.031684,2.9990027,1.8505636,2.0262733,2.442649,2.3879356,1.9720576,1.7993819,3.2482145,1.7514108,2.1108878,2.1217265,2.618524,2.650219,3.153015,1.5191755,2.7189589,3.2116055,2.5743136,2.6229265,2.439025,2.3680346,2.2943587,2.5091867,2.2506263,2.1719654,2.8938358,2.3210018,1.9275913,1.5393758
7,1.2558414,1.2537891,1.0779397,1.1839095,1.9062655,1.4710082,1.498755,0.0,2.037753,2.3137825,2.453179,2.0601358,2.128086,1.6657101,1.3263255,1.5554495,1.4662756,1.6402413,2.2169955,1.2587798,1.5177071,1.2405617,1.8781632,2.1091266,1.6278936,1.5306346,1.3452269,1.3241657,1.6899534,2.1996305,2.3578103,1.9331435,2.0777621,3.0430608,2.5050755,2.5053093,1.7069899,1.7717037,1.1853666,2.5704305,1.4818318,3.0034964,2.4389277,2.530588,3.0537345,3.1039345,2.99912,2.9591987,2.2114277,2.3896341,1.6548426,2.0922034,1.5034997,1.6067091,2.1107872,2.438134,1.7503704,1.7679858,1.7065911,1.607092,2.1663518,2.2331629,1.3491755,1.8156438,2.2329378,2.3800795,2.2524111,2.9564273,2.2733066,2.4188206,1.7417291,1.8676621,2.0187488,2.954269,2.3556776,2.202164,1.944327,2.2583344,1.8458787,2.0571134,2.1830251,2.1727467,1.7397889,1.7598482,2.9847205,2.1839678,1.6867747,2.60188,1.7854315,1.734664,1.758772,1.7196344,1.5026476,2.28376,1.4198494,1.5897539,2.4716752,2.241684,2.9186425,2.6819303,1.7634802,1.8372936,1.993566,2.167882,2.099085,2.053612,2.3858209,1.694374,1.8492962,1.7997558,1.9240792,1.9378762,2.5980322,2.3297262,1.9476097,2.6631377,3.2352602,1.7970568,1.7503616,1.7300076,1.8545464,2.339902,1.9228035,1.7879703,2.3100479,2.1117985,1.7295023,2.1001873
8,1.7119517,1.7069778,1.7616665,1.7656997,2.1342118,2.4486847,1.3972219,2.037753,0.0,0.48751825,1.667965,0.95964736,2.573752,2.1568534,2.172355,2.2925878,2.2839696,2.3554213,2.4952664,2.1729279,2.9428945,2.3111975,2.5371754,2.0054479,1.8598609,1.586615,2.0709262,2.0163014,2.6225865,2.891076,3.6417143,2.2596476,1.5988199,2.7586243,2.208512,2.2358682,1.9507604,1.688983,2.0229485,2.3195603,2.29223,3.5297558,2.7548475,2.7610583,3.1599975,3.2095144,3.190121,3.1502814,2.6221983,2.8004282,2.4574246,2.917667,1.2234807,1.1552279,3.5290687,3.5513933,2.1297197,2.1314008,2.1078398,2.0581884,2.3029773,1.5058923,1.8756434,2.4488366,2.9528542,3.0140338,2.9586966,3.4274793,3.176256,3.2825317,2.6880236,2.7717724,2.985517,3.2545779,2.2276464,2.0410156,2.834304,2.8170638,2.79591,2.8676462,2.8930168,2.9046745,2.6115983,2.5972807,3.1994884,2.9555793,2.5672336,2.8589144,2.7857685,2.5601335,2.751322,2.6838188,2.6125715,2.859064,2.0315468,2.1112025,2.5030854,1.8323387,2.8877025,2.6932328,1.8878063,2.0432956,2.4968097,2.492097,1.9890355,1.7781726,3.3984716,1.7399241,2.2849207,2.37436,2.7656202,2.7663655,2.8101776,1.2918082,2.755087,2.9856246,1.800612,2.9593337,2.474709,2.4393816,2.042177,2.5691743,2.1063182,1.9608351,2.987871,2.0503337,1.7982365,1.0483495
9,1.7758311,1.7894815,1.8654455,1.8374759,2.3414145,2.6433294,1.7441615,2.3137825,0.48751825,0.0,1.7558092,1.1314498,2.7871716,2.2976317,2.4292595,2.5356967,2.5260386,2.5634837,2.6545951,2.4168482,3.141635,2.5547447,2.7198331,2.2416365,2.150832,1.9126804,2.3345482,2.2678328,2.8051183,3.0414844,3.7932482,2.5020177,1.9259267,3.0045514,2.4632828,2.5142689,2.221566,2.019332,2.3375022,2.542438,2.5558655,3.6629865,2.9329076,2.933339,3.2846534,3.332863,3.3162358,3.2696843,2.682846,2.8812602,2.549788,2.9959972,1.4337709,1.3743572,3.6987948,3.6015232,2.250116,2.2459846,2.2095642,2.1744123,2.4159636,1.6521764,2.00651,2.7023077,3.0720174,3.1338127,3.071454,3.5383103,3.2926018,3.3956735,2.7958977,2.8866549,3.164733,3.3297515,2.4877985,2.3476772,2.9899075,2.8944926,2.8761756,2.929227,2.9368927,2.9720013,2.695995,2.6734388,3.3071096,3.1225965,2.695412,2.924487,2.9656358,2.6852794,2.9308088,2.8583913,2.7935917,3.0292206,2.281866,2.3325205,2.6152935,1.946998,2.9915032,2.777736,1.9602159,2.0857458,2.5502946,2.5128706,2.0820901,1.9033962,3.5061724,1.8210796,2.367594,2.4743102,2.8300643,2.8313112,2.6900811,1.4647806,2.8625898,3.0852873,1.5134557,3.12713,2.557384,2.5043252,2.1177502,2.6203156,2.210868,2.0600379,3.0442867,2.1360435,1.882813,1.1496782
10,2.263484,2.2124307,2.322777,2.295245,2.455058,2.754307,2.0709221,2.453179,1.667965,1.7558092,0.0,1.4536391,3.0430174,2.7648501,2.590543,2.9479158,1.8392613,1.8223712,2.8487573,2.0043812,2.9590595,2.2885146,1.8872695,1.0994514,1.452817,1.3942729,2.3392396,2.2809043,2.7245626,2.4384534,3.7753105,2.4439912,1.8418759,2.8154962,2.3344934,2.3043783,2.0864031,1.7572109,2.338269,2.7745988,2.5417414,3.7291157,3.152258,3.2134817,3.4412863,3.474215,3.3932319,3.3973026,2.6810105,2.8948379,2.779298,3.1089523,1.5788597,1.5178872,3.569995,3.722578,2.442767,2.431928,2.4841745,2.4566,2.7083268,1.8221965,2.4791079,3.233256,3.1180224,3.225024,3.1400375,3.4905813,3.3316412,3.352909,2.9676714,3.0304422,3.0625684,3.3793538,2.7127404,2.5098715,2.8443885,2.9603322,3.106167,3.093266,3.188495,3.1299791,2.9456282,2.9367738,3.4967422,3.151706,2.8293278,3.1830564,3.11722,3.0672145,3.084246,2.9910269,2.9601448,3.0461705,2.5128803,2.3882875,3.0550494,2.5699522,3.599432,3.3464086,2.4108233,2.3830767,2.9966686,2.76463,2.7203076,2.4454966,3.9249165,2.3279006,2.75962,2.7958217,3.2569542,3.2778747,3.13189,1.8578838,2.9754019,3.3084745,2.5343277,3.219756,2.8992012,2.790879,2.430431,2.8954363,2.5710707,2.3754725,3.172775,2.5680776,2.1994672,1.6782229
11,1.8614231,1.8544366,1.9169232,1.9123299,2.1422725,2.5059931,1.4607311,2.0601358,0.95964736,1.1314498,1.4536391,0.0,2.2546885,1.9334686,2.1205447,2.2552345,2.1422796,2.2254617,2.4138794,2.0280182,2.8257208,2.0009313,2.3636975,1.7739636,1.6785847,1.3597796,1.9334728,1.8697886,2.4215891,2.7790499,3.5600712,2.0809338,1.2292812,2.5488255,1.8408078,1.9524803,1.8629136,1.5256069,1.9439102,2.3444185,2.0719836,3.4581547,2.7911525,2.8023877,3.1425276,3.1863923,3.1294968,3.0695856,2.492955,2.722941,2.3988318,2.7911935,0.9475405,0.97293913,3.3755445,3.4995055,2.0040271,1.9928836,1.9233451,1.9044966,2.3518631,1.3210355,2.0616736,2.493145,2.841111,2.9659653,2.8556592,3.259798,3.0955536,3.1315854,2.6421022,2.6897233,2.8389335,3.1415756,2.4028974,2.198067,2.6367698,2.7225146,2.7733784,2.7736037,2.8063483,2.8060243,2.5853236,2.574268,3.1877275,2.8147774,2.4613547,2.8552005,2.7268002,2.662504,2.6734054,2.5822868,2.5461018,2.6283157,1.8749568,1.9204605,2.5609696,1.6487014,2.9106212,2.6689818,2.0107832,1.9608514,2.6720376,2.430617,1.687413,1.437288,3.3924913,1.5336988,2.2940428,2.3869252,2.7440422,2.7509604,2.7783785,1.0755031,2.6657703,2.9527586,1.8792866,2.8448606,2.4778361,2.3980498,1.9260362,2.5268543,2.0208929,1.8131297,2.856513,1.9946429,1.7330983,0.8891006
12,2.333678,2.2867644,2.246346,2.3389094,2.769118,2.5701046,2.4429855,2.128086,2.573752,2.7871716,3.0430174,2.2546885,0.0,1.0616547,1.3548849,1.2105762,2.2601264,2.3866577,1.9901986,1.9214382,2.044155,1.644354,2.5078223,2.7666438,2.250242,2.1183126,1.414083,1.5114013,2.3161237,3.0639515,2.5812669,2.2972105,2.3973546,3.4649727,2.869196,2.9559572,2.1612844,2.220316,1.710995,2.4692047,1.4718894,3.8214128,3.1930652,3.1860461,3.553651,3.589772,3.5539002,3.4877415,2.3450854,2.546723,1.8485495,2.1758132,2.0255232,2.1326015,2.314438,2.652606,2.0217469,2.0352542,1.8491724,1.8133367,2.558898,2.5256438,2.070659,2.0889504,2.3114066,2.5769758,2.3200824,3.0459168,2.487722,2.6397252,2.204629,1.9256516,2.3539882,2.5258036,3.0375824,2.852291,2.2284973,2.4965243,2.152309,2.1888745,2.1790118,2.1664438,1.9010547,1.9188462,2.3379054,2.2189536,1.5219091,1.690311,1.8687922,1.9149024,1.3825048,1.3528842,1.6215057,2.0074635,1.2267952,1.491642,1.7975291,1.555164,1.7703503,1.7709135,2.0924747,1.9018676,2.2306347,2.3468604,1.7352588,1.8287181,2.207966,1.9112546,1.8353205,1.8964883,1.8405622,1.8330123,2.4617646,2.183187,2.019932,1.7458245,3.2156692,1.6504035,1.9403574,2.0163713,1.5515937,2.331467,1.5494691,1.3970525,2.0548747,1.3897065,1.5428077,1.9829028
13,1.5627509,1.5395765,1.5083041,1.5592383,2.434564,2.1515667,2.0183642,1.6657101,2.1568534,2.2976317,2.7648501,1.9334686,1.0616547,0.0,1.043968,0.90490156,2.1233823,2.21347,1.9117255,1.7387973,1.8841776,1.5266094,2.3919222,2.6558695,2.2231946,2.0299387,1.3117819,1.2830462,2.0114708,2.786625,2.4714856,2.2766151,2.2970047,3.3165498,2.7216754,2.8025177,2.1242213,2.1594987,1.6973895,2.5092893,1.3956733,3.6362965,3.07913,3.0759397,3.3872411,3.4320803,3.3533835,3.2893667,2.0343919,2.2552807,1.3412865,1.7324326,1.6611358,1.7744131,2.2101629,2.3697667,1.6312525,1.6539525,1.4949603,1.4295933,2.175751,2.1992538,1.5338293,1.9130064,1.988181,2.2304769,1.9876695,2.6712103,2.2354805,2.2796292,1.7517291,1.5532273,2.0722377,2.5123477,2.7964666,2.565838,1.9268857,2.023303,1.7905066,1.8232436,1.8140908,1.8260448,1.4514079,1.4514908,2.4466274,1.9745288,1.1644428,1.8250308,1.6101934,1.4752746,1.2662122,1.2434498,1.356014,1.9715314,1.0458422,1.2083242,1.9366649,1.5460207,2.0741818,2.05903,1.6310395,1.4360796,1.7149262,2.0097485,1.4578288,1.5805845,2.1034553,1.5316379,1.4346541,1.4760908,1.4028492,1.4140816,1.8523479,1.9530855,1.6924593,1.9373839,2.7232208,1.4440283,1.4921322,1.5109423,1.26407,1.9931228,1.2546545,1.0727847,1.7594767,1.3216282,1.0413411,1.653227
14,1.5462368,1.498932,1.3948661,1.5003809,2.1461275,1.8608154,1.8486418,1.3263255,2.172355,2.4292595,2.590543,2.1205447,1.3548849,1.043968,0.0,0.55131847,1.6658278,1.7585441,1.8000314,1.3735217,1.7534118,1.4878789,1.9806731,2.2285464,1.7709775,1.6731247,1.1319393,1.1414402,1.8648248,2.4200068,2.359748,2.035228,2.1403084,3.210463,2.6577914,2.6661952,1.8658884,1.937118,1.4000794,2.2912126,1.1687475,3.6199584,3.088933,3.138815,3.460164,3.4915762,3.407699,3.3843176,2.2699842,2.4689937,1.5548484,2.1193013,1.7770509,1.8444533,2.2115939,2.4639761,1.8427527,1.8614268,1.7815667,1.6776104,2.3248687,2.3164492,1.4930173,1.9372085,2.2044384,2.4188223,2.2144392,2.9630618,2.265394,2.4120958,1.9907184,1.763313,2.111745,2.7538486,2.4731684,2.3016562,2.0060303,2.338731,1.8957349,2.0429769,2.0779037,1.9950285,1.6738384,1.6895957,2.6561513,2.141561,1.3049536,2.039344,1.6974064,1.5771836,1.2689292,1.2243811,1.3804468,1.9270601,0.9156809,1.229948,2.0259795,1.7753774,2.295324,2.2867312,1.7831937,1.5678313,1.6357636,2.0938904,1.8282031,1.8355656,2.2614756,1.7999858,1.5583231,1.5337815,1.57317,1.6025999,2.346452,2.1171954,1.9160839,2.0648715,3.078704,1.3833361,1.6820781,1.7402622,1.4429296,2.1645243,1.5205803,1.3246753,1.9365371,1.556311,1.2946085,1.7883384
15,1.7346951,1.7185789,1.5814849,1.6979645,2.2468712,2.0089285,1.9885324,1.5554495,2.2925878,2.5356967,2.9479158,2.2552345,1.2105762,0.90490156,0.55131847,0.0,2.1120937,2.205795,1.8715647,1.77143,1.9876547,1.7407942,2.4237223,2.6307507,2.1490371,2.0057733,1.3500413,1.37803,1.9960488,2.7524157,2.436652,2.145366,2.326767,3.414745,2.8215868,2.8564026,2.0858026,2.1499665,1.6427025,2.3784342,1.4262894,3.7407153,3.2129226,3.244824,3.5477118,3.5793183,3.512094,3.4704554,2.4062238,2.5817,1.7037854,2.2247,1.9824117,2.0534306,2.3812466,2.6247811,2.0341318,2.0540183,1.9390814,1.8413142,2.4971647,2.4759808,1.6115808,1.8984401,2.3415985,2.5642672,2.351939,3.0363436,2.4521568,2.5364256,2.1306512,1.909179,2.2520251,2.8528123,2.597492,2.3888896,2.1798403,2.4693248,2.0667224,2.122391,2.1173568,2.0809665,1.7913269,1.8050671,2.6671984,2.1904962,1.4422853,2.0770504,1.7575704,1.6499705,1.3490287,1.3237617,1.4782364,1.9413283,1.0701439,1.3519341,2.0874228,1.7755857,2.2044735,2.245944,1.9624257,1.7609215,1.770698,2.1869755,1.7892807,1.8575938,2.2244446,1.8440537,1.7107694,1.7165548,1.6366565,1.6557293,2.4437506,2.233731,2.1045542,2.1424568,3.088157,1.5008869,1.777972,1.8714269,1.5642489,2.2123656,1.6167177,1.4564843,2.0150251,1.6335783,1.46537,1.9039738
16,1.7503487,1.6527736,1.6983383,1.7442765,2.2891228,1.9569879,2.0576892,1.4662756,2.2839696,2.5260386,1.8392613,2.1422796,2.2601264,2.1233823,1.6658278,2.1120937,0.0,0.42291924,2.1260848,0.6041036,1.5178573,1.3046926,0.68543,1.3266437,1.0250849,1.1779087,1.2617297,1.2680184,1.851285,1.6328597,2.37042,2.0014296,2.0544972,2.9514322,2.4752078,2.4174435,1.6886543,1.6665912,1.1415745,2.4670029,1.3815908,3.100067,2.4698138,2.5716808,2.8787148,2.905316,2.7921598,2.8040798,2.2939105,2.4987807,1.7484107,2.078531,1.6594881,1.7684766,2.0377195,2.472067,1.775789,1.7723308,1.6775389,1.6091515,2.157773,2.3377924,1.7912496,2.302621,2.2349231,2.3261492,2.2609022,2.880983,2.3388221,2.5240963,1.9644605,2.0193205,1.8656634,2.5636995,2.6449616,2.4154258,1.7072707,2.1277413,1.9722008,2.0338507,2.3677316,2.272219,1.8204427,1.8409594,2.7039485,2.112284,1.6641713,2.3489552,1.8018708,1.9046149,1.777181,1.7135726,1.6327535,2.469316,1.5354635,1.5209525,2.459483,2.5093384,3.0649598,2.7728188,1.9279906,1.9759432,2.290477,2.2974854,2.5871933,2.481324,2.8737528,2.0989873,2.0849953,1.9952518,2.2940707,2.2788677,2.5923944,2.3693442,2.0218837,2.3994966,3.2969744,1.8685794,1.8449371,1.8323525,1.7612909,2.324357,1.8976656,1.7196313,2.3037562,1.9755158,1.6524955,2.1154819
17,1.7828766,1.693975,1.7240406,1.7786818,2.3344238,2.0251336,2.1668766,1.6402413,2.3554213,2.5634837,1.8223712,2.2254617,2.3866577,2.21347,1.7585441,2.205795,0.42291924,0.0,2.0533059,0.6357771,1.6112331,1.4937094,0.4649102,1.3032218,1.0683702,1.2453282,1.3255335,1.306975,1.8543966,1.5347533,2.3594863,2.059296,2.1623614,3.0486383,2.582468,2.514078,1.7897599,1.8272262,1.3571812,2.4690585,1.5282319,3.0890014,2.5204167,2.6115444,2.8403332,2.8621612,2.74764,2.758033,2.3203907,2.522566,1.7393466,2.0708678,1.7902912,1.8862433,2.0981913,2.4357216,1.8297584,1.8222725,1.7149863,1.6440114,2.3412664,2.4300437,1.814573,2.5048242,2.3656645,2.5393455,2.3738682,2.983164,2.4397776,2.5184639,2.0684078,2.1348412,1.9108757,2.592146,2.7355866,2.531991,1.7353566,2.1298528,1.9820149,2.0122366,2.234932,2.1178117,1.8327718,1.845759,2.7519221,2.170506,1.7030922,2.3802931,1.874069,1.9363492,1.860207,1.7999252,1.6941413,2.3646264,1.6725155,1.6544529,2.459799,2.5788803,3.10376,2.8064876,1.9368521,1.9874339,2.2790072,2.266376,2.6765294,2.5875387,2.9978123,2.1487153,2.1099367,2.0079873,2.32145,2.2930076,2.5796995,2.4762821,2.1479032,2.4319615,3.2473109,1.9149582,1.850946,1.7991148,1.7943528,2.3206236,1.9346143,1.7575477,2.1568651,2.0213385,1.6832196,2.1792066
18,2.0587769,2.06168,1.9906497,2.123989,2.6381621,2.5560381,2.253788,2.2169955,2.4952664,2.6545951,2.8487573,2.4138794,1.9901986,1.9117255,1.8000314,1.8715647,2.1260848,2.0533059,0.0,1.8595146,2.3278573,2.09978,2.1800213,2.5189877,2.257338,2.1561503,1.6850129,1.6481974,2.205712,2.6024163,2.6449537,2.3844166,2.6340382,3.6958475,3.2753901,3.302456,2.1122358,2.250951,1.7630504,1.3861351,1.7962704,3.4219344,2.7834299,2.7085693,3.1765156,3.1633706,3.0790496,2.991558,2.1287436,2.3296852,1.8823973,2.2159195,2.4508612,2.5107484,2.5825255,2.6295128,1.9176983,1.9199363,1.7348272,1.6992412,2.370595,2.5548933,1.989812,2.1994874,3.3183668,3.4200969,3.3007114,3.7602878,3.4053628,3.5060928,2.8228083,2.7976294,2.7757332,3.2593725,3.4060724,3.2575283,2.649994,2.8259878,2.2055454,2.2295485,2.2770276,2.264987,1.9842864,1.968388,2.7953067,2.363332,1.8101903,2.4180033,2.2371294,2.0089371,1.9074777,1.8923917,1.7434952,2.4792743,1.5884105,2.1488934,2.340238,2.354729,2.7090542,2.5819738,2.0142863,2.0813267,2.3255754,2.4680185,2.3328738,2.406824,3.1133637,1.9376309,2.0196788,1.9971772,2.2012951,2.1197526,2.616575,2.5064917,2.7050211,2.4805455,2.7799218,1.93669,1.9721466,1.9661379,1.7787435,2.388408,1.8796917,1.7435665,2.2001617,1.8813968,1.6726298,2.123426
19,1.5735081,1.482587,1.4742651,1.5535642,2.2444685,1.8596907,1.8739399,1.2587798,2.1729279,2.4168482,2.0043812,2.0280182,1.9214382,1.7387973,1.3735217,1.77143,0.6041036,0.6357771,1.8595146,0.0,1.227555,1.0208588,0.8274044,1.5154158,1.0561285,1.0984251,0.8378634,0.84752387,1.7241597,1.7974215,2.1887147,1.9473401,1.9882722,2.8950868,2.4223826,2.3651454,1.575368,1.6273996,0.92628217,2.280296,1.085104,3.011367,2.3425918,2.4024913,2.7476993,2.7845907,2.6834872,2.6707957,2.0349197,2.2238815,1.3642983,1.6922902,1.4862528,1.5845959,1.7595103,2.2194293,1.4670177,1.4735235,1.3767247,1.2920154,2.0989873,2.1989856,1.5170436,2.1630592,2.0043833,2.2659962,2.0157115,2.7012806,2.1513462,2.180535,1.6673448,1.7065225,1.6308761,2.34183,2.572465,2.3193076,1.4900124,1.8312794,1.6805929,1.7912793,1.8705839,1.7669487,1.466239,1.4852412,2.4594193,1.834932,1.3078909,2.0636363,1.4872993,1.5514536,1.4310169,1.400278,1.2607603,1.9869947,1.2311463,1.2873131,2.0815039,2.2273002,2.6805027,2.4533343,1.6124928,1.7199682,2.000693,2.1357563,2.3057704,2.2644453,2.5954354,1.8679466,1.7502548,1.6522051,1.9720163,1.9459803,2.3536997,2.1806412,1.7135193,2.0957735,3.128637,1.4985498,1.4815819,1.4506239,1.5028425,2.1302722,1.5437267,1.4098307,1.824292,1.6635078,1.3332435,1.9581454
20,1.9547457,1.8854368,1.8557258,1.9333693,2.842101,2.039261,2.5503182,1.5177071,2.9428945,3.141635,2.9590595,2.8257208,2.044155,1.8841776,1.7534118,1.9876547,1.5178573,1.6112331,2.3278573,1.227555,0.0,1.0884497,1.7393339,2.6352968,2.110384,2.1425297,1.2643617,1.3078766,1.969645,2.2900505,1.7004112,2.4964035,2.9176009,3.7140152,3.269518,3.2401328,2.058497,2.252794,1.4776024,2.9646626,1.6367452,3.1596437,2.5645885,2.6142163,3.1698065,3.2303457,3.1391728,3.0916448,1.912891,2.1214273,1.1927842,1.3993163,2.1293366,2.2342522,0.8351587,1.7101212,1.8537043,1.8711202,1.8179011,1.741807,2.3299983,2.8169365,1.8604522,2.3828094,1.8065925,2.08687,1.8003681,2.5670364,1.9554921,2.0290544,1.2173197,1.306441,1.5785424,2.3313239,3.231813,2.9948947,1.5795367,1.8782772,1.507871,1.5866908,1.7150778,1.6810153,1.1409175,1.1827717,2.3063233,1.6504662,1.1189264,1.893743,1.3254144,1.3632939,1.1655549,1.2092043,0.95975167,2.281902,1.7385678,1.7509314,2.314161,2.7071013,2.7912567,2.564287,1.8758507,1.9711761,1.9473435,2.2459464,2.7785573,2.8089898,2.1353946,2.3471732,1.9956659,1.8819801,1.7810786,1.7739542,2.278577,2.9516373,1.3557352,1.9902143,3.877863,1.1497793,1.4290652,1.3809667,2.0617914,2.4836137,2.0397232,1.9293387,1.778619,2.0842218,1.7667222,2.7341423
21,1.8205932,1.7657928,1.732979,1.8020507,2.4195466,2.0239656,1.8935492,1.2405617,2.3111975,2.5547447,2.2885146,2.0009313,1.644354,1.5266094,1.4878789,1.7407942,1.3046926,1.4937094,2.09978,1.0208588,1.0884497,0.0,1.6168975,2.019604,1.5168791,1.4397758,1.082164,1.1334347,1.9099487,2.3375137,2.3520737,2.0946124,2.185409,3.107995,2.6345441,2.637606,1.5581831,1.5532348,1.1553493,2.5112567,1.3720254,3.188532,2.576284,2.6054738,3.1847408,3.2384539,3.1416674,3.0915542,1.554866,1.7953079,1.5079885,1.7014543,1.4413899,1.520715,1.7178016,2.3539016,1.5466745,1.5705274,1.6171513,1.5673062,2.0626462,2.0375419,1.71702,2.15814,2.0136087,2.267293,2.04612,2.661763,2.2561905,2.3104248,1.6054984,1.5971925,1.9310147,2.5493848,2.856136,2.584112,1.8150411,2.0785239,1.8608481,1.9725654,1.9956242,1.990476,1.579685,1.6024393,2.4748974,1.8430805,1.395207,2.0917125,1.7267557,1.7856675,1.5000703,1.4750495,1.3563726,2.081755,1.4212587,1.4913088,2.1947796,2.1341953,2.6241376,2.4463286,1.7408488,1.7520407,2.1489336,2.2411215,2.1558573,2.1017506,2.423582,1.826574,1.8292568,1.8139055,1.9938715,2.0187104,2.4289818,2.1345177,1.529147,2.1710176,3.3325438,1.5805372,1.7457905,1.6766316,1.7687641,2.3726537,1.7691087,1.6318367,2.058074,1.8662142,1.5017965,2.0317488
22,1.9992143,1.9136454,1.9313978,1.9774183,2.5127242,2.2468278,2.3535607,1.8781632,2.5371754,2.7198331,1.8872695,2.3636975,2.5078223,2.3919222,1.9806731,2.4237223,0.68543,0.4649102,2.1800213,0.8274044,1.7393339,1.6168975,0.0,1.2718259,1.1460062,1.3678039,1.5563896,1.5485103,2.0580509,1.6702664,2.5317428,2.2375197,2.287211,3.1373339,2.6977015,2.6284037,1.910924,1.9615864,1.5100746,2.49479,1.6122136,3.2426033,2.594207,2.6870794,2.965402,2.980412,2.8655417,2.8645155,2.4066796,2.620361,1.8913699,2.1889381,1.9148643,1.9779087,2.1587324,2.5264485,1.9259319,1.9071575,1.8170918,1.7721788,2.5148063,2.535185,2.079725,2.8018363,2.4732473,2.7327313,2.4889748,3.0740738,2.5563364,2.5549786,2.2075596,2.242643,2.0803432,2.6758196,2.9257908,2.7256818,1.9248388,2.2767086,2.125949,2.1812577,2.2579672,2.1258633,1.9858953,1.9972357,2.8332913,2.2935023,1.8514053,2.4664729,2.0775418,2.1532648,2.0269067,1.9679426,1.8888371,2.3131201,1.8243605,1.8624481,2.5620413,2.7124808,3.2083757,2.9414988,2.1095016,2.1224117,2.438387,2.4485507,2.7828948,2.7224941,3.0686796,2.2929394,2.2462108,2.1501136,2.481777,2.4631624,2.6461084,2.538551,2.1969514,2.5219204,3.3099618,2.001211,1.940993,1.899337,1.884307,2.4506397,2.0050375,1.8642492,2.126755,2.0631943,1.8049542,2.273402
23,2.2616694,2.2070675,2.2133389,2.241296,2.1688414,2.4669135,1.9556609,2.1091266,2.0054479,2.2416365,1.0994514,1.7739636,2.7666438,2.6558695,2.2285464,2.6307507,1.3266437,1.3032218,2.5189877,1.5154158,2.6352968,2.019604,1.2718259,0.0,0.7775427,0.89838654,2.0242362,2.0109284,2.3789334,2.0705042,3.3898304,2.0706353,1.6218091,2.678012,2.1445472,2.0759864,1.8981045,1.6484557,1.857483,2.3925884,2.027439,3.5020142,2.9214547,3.014133,3.247193,3.2559416,3.1636584,3.1727011,2.7901747,2.9703398,2.6531174,3.0013585,1.6821538,1.6620619,3.1987512,3.519417,2.3448708,2.3277767,2.2950988,2.2592287,2.8123922,2.15133,2.3758068,3.0023189,3.0443711,3.2557888,3.0829248,3.5019834,3.1821976,3.148825,2.9009106,2.913352,2.7991784,3.3089762,2.5646472,2.350876,2.6218138,2.9259555,2.9268887,2.9359853,2.973169,2.872872,2.8013773,2.806246,3.4034414,2.9267511,2.6131525,3.1118243,2.8339887,2.8975055,2.7861927,2.6993,2.6666245,2.5768595,2.1263595,2.1599517,2.9146063,2.5823166,3.478962,3.2592244,2.4892125,2.4496415,2.9698665,2.7762597,2.6591022,2.4635746,3.6973844,2.3047945,2.6480105,2.6365445,3.1176155,3.1244411,3.278328,2.010756,2.8687236,3.161733,2.9301708,2.8356388,2.6897814,2.6403158,2.1988006,2.7292836,2.3462493,2.1946964,2.886579,2.400199,2.169485,1.8510684
24,1.9869657,1.9389584,1.8883941,1.9593107,2.0689344,2.1703427,1.7584006,1.6278936,1.8598609,2.150832,1.452817,1.6785847,2.250242,2.2231946,1.7709775,2.1490371,1.0250849,1.0683702,2.257338,1.0561285,2.110384,1.5168791,1.1460062,0.7775427,0.0,0.4025195,1.4520528,1.4995735,2.1073942,2.0770304,2.9490106,1.7908847,1.4390049,2.549997,1.9819391,1.9225011,1.4653045,1.3561164,1.3398963,2.274096,1.6320968,3.1849368,2.5684276,2.6684306,2.931667,2.9578702,2.8927531,2.8974774,2.4999194,2.6914716,2.226364,2.619598,1.382312,1.4074466,2.7218368,3.051419,1.9967091,1.9848605,1.9638426,1.907827,2.547951,1.9934399,1.9471114,2.5715706,2.601329,2.8673658,2.6323054,3.2676744,2.6709824,2.7304685,2.4214864,2.4325922,2.3490913,2.8295066,2.2293866,2.0666451,2.1793904,2.559965,2.4383318,2.5610235,2.536985,2.4519546,2.3549998,2.3669372,3.0167923,2.5850341,2.1769633,2.6270382,2.3334763,2.414478,2.2669115,2.181994,2.1562805,2.1710327,1.7182683,1.7320385,2.3454666,2.1260395,2.9034526,2.638026,2.0812922,2.057079,2.528054,2.4239101,2.3026092,2.1336815,3.1738043,1.9554667,2.2289832,2.2209523,2.6232672,2.626261,3.0082977,1.9250698,2.4448721,2.643578,2.9742653,2.3688228,2.2709002,2.2462437,1.8838321,2.539965,2.0270698,1.8596755,2.5104945,2.0430841,1.863669,1.7646754
25,1.8594697,1.8166474,1.7744452,1.8455577,1.9731989,2.1288197,1.4435463,1.5306346,1.586615,1.9126804,1.3942729,1.3597796,2.1183126,2.0299387,1.6731247,2.0057733,1.1779087,1.2453282,2.1561503,1.0984251,2.1425297,1.4397758,1.3678039,0.89838654,0.4025195,0.0,1.3422084,1.3647094,2.0646925,2.1771026,3.005569,1.7389373,1.1649344,2.3791995,1.7831463,1.7345858,1.3474445,1.1474737,1.2589517,2.1233346,1.540248,3.1561387,2.4887505,2.5616944,2.8576035,2.8907065,2.8245647,2.8171213,2.3992517,2.5822103,2.1527014,2.5384398,1.1385103,1.1488416,2.7610493,3.0871065,1.8598714,1.8543144,1.8467326,1.7882129,2.4011207,1.7277104,1.8548324,2.4161549,2.556124,2.8063958,2.5834517,3.171853,2.6826484,2.7118394,2.366135,2.3919094,2.3179815,2.825474,2.0995145,1.8941535,2.156391,2.4720106,2.4175446,2.538723,2.5005062,2.4228604,2.307794,2.316149,2.9808297,2.5084682,2.12915,2.619087,2.2803261,2.346468,2.2295108,2.1539288,2.1031039,2.1214821,1.5764897,1.6046808,2.2741659,1.9307135,2.8006146,2.5701516,1.9334438,1.9432242,2.462485,2.3800385,2.0813503,1.896711,3.1476126,1.7711062,2.1266015,2.130564,2.5651286,2.5684202,2.9460595,1.6266038,2.396325,2.6366212,2.7474687,2.3493373,2.212155,2.1774254,1.8211026,2.4735181,1.9155414,1.7552025,2.4925873,1.9473938,1.7224795,1.5134825
26,1.5409778,1.4788527,1.4595248,1.565013,2.307849,1.8826528,1.8238537,1.3452269,2.0709262,2.3345482,2.3392396,1.9334728,1.414083,1.3117819,1.1319393,1.3500413,1.2617297,1.3255335,1.6850129,0.8378634,1.2643617,1.082164,1.5563896,2.0242362,1.4520528,1.3422084,0.0,0.24723716,1.7023859,2.1586869,2.081486,1.8848226,1.910269,2.9421835,2.3635266,2.3452866,1.4657015,1.5396686,0.83841133,2.1551666,0.98033625,2.9245358,2.2096136,2.2395017,2.601331,2.6523066,2.5928464,2.5510137,2.0614874,2.283364,1.1261926,1.6466374,1.4675117,1.5876389,1.7549102,2.182669,1.4900283,1.4903017,1.3394895,1.2332281,2.0426748,2.133034,1.4866875,1.9196644,1.8864218,2.1373436,1.8742113,2.6051505,2.0648563,2.15243,1.5346255,1.5536864,1.4971021,2.0872262,2.4700937,2.2089286,1.4215993,1.7869788,1.5979881,1.6431578,1.7336761,1.6538589,1.2570369,1.2757725,2.1726468,1.6376113,1.0581183,1.7121994,1.208209,1.2585124,1.0821296,1.0537754,0.9258436,1.8870196,0.93671703,1.0202589,1.7242092,1.8431114,2.2124114,1.9637502,1.4479864,1.4961275,1.7189652,1.927884,2.0635176,2.0460258,2.4209898,1.7442303,1.6651963,1.5938543,1.6997298,1.660988,2.2443514,2.0913544,1.6603913,1.7080786,3.002794,1.2577126,1.2556791,1.2579831,1.4886748,2.1454904,1.5009701,1.294679,1.7144312,1.4059962,1.1449995,1.8472259
27,1.4114858,1.3423929,1.3508302,1.448736,2.272692,1.8362705,1.754099,1.3241657,2.0163014,2.2678328,2.2809043,1.8697886,1.5114013,1.2830462,1.1414402,1.37803,1.2680184,1.306975,1.6481974,0.84752387,1.3078766,1.1334347,1.5485103,2.0109284,1.4995735,1.3647094,0.24723716,0.0,1.6413145,2.0850952,2.0993357,1.9014895,1.8979249,2.9418328,2.3616579,2.3486266,1.4928542,1.5584084,0.9024096,2.1455956,0.9762256,2.9155962,2.1933732,2.216455,2.6066988,2.65958,2.5857735,2.535419,2.0432315,2.2766042,1.0315437,1.6026466,1.4174438,1.541375,1.7794433,2.155262,1.4347084,1.4339888,1.2594426,1.1462895,1.999428,2.0902057,1.4608626,1.9290931,1.9065325,2.1403768,1.882801,2.5799527,2.087508,2.1491933,1.5161518,1.5634665,1.5093886,2.1693115,2.489814,2.2419038,1.4251597,1.7537382,1.5671282,1.6005307,1.7080102,1.611323,1.2136213,1.22657,2.2378047,1.6357652,1.0351923,1.7981683,1.2395545,1.2357728,1.135252,1.1056696,0.9350832,1.9229801,0.91839236,1.0479103,1.813965,1.8619884,2.3141446,2.064834,1.3696771,1.4241463,1.664771,1.880261,2.0389488,2.0178754,2.4488018,1.6963415,1.63519,1.5525664,1.6655804,1.6244594,2.1626408,2.066479,1.6541601,1.8037977,2.920264,1.2713675,1.2079616,1.1633823,1.4900783,2.1150162,1.4883128,1.2655389,1.6798034,1.4150593,1.0667061,1.7954147
28,1.8667384,1.9202079,1.8074234,1.860975,1.3902953,0.8842439,2.093906,1.6899534,2.6225865,2.8051183,2.7245626,2.4215891,2.3161237,2.0114708,1.8648248,1.9960488,1.851285,1.8543966,2.205712,1.7241597,1.969645,1.9099487,2.0580509,2.3789334,2.1073942,2.0646925,1.7023859,1.6413145,0.0,1.2377768,1.5813221,1.1209033,2.4748907,3.9626217,2.862748,2.9334357,2.21088,2.2437348,1.8226727,2.6530237,1.7976085,2.6028411,2.66708,2.74722,3.131037,3.1428442,3.0721118,2.9902868,2.6093974,2.7548158,1.942071,2.3140428,2.093971,2.235402,2.3662727,2.7133389,2.6553059,2.6540759,2.058538,1.9691759,3.1166992,3.1617906,2.1370256,2.4287262,2.7178028,2.878746,2.7250383,3.1890235,2.8299186,2.7689486,2.2940583,2.3983955,2.3049712,3.2469068,3.078353,2.9464185,2.2303233,2.5509715,2.3115146,1.4128282,2.2900765,2.2652524,1.9725435,1.989535,3.0947874,2.2645948,1.8375235,2.7471912,2.1045997,2.1803942,2.1388564,2.1180634,1.8288231,2.4656472,1.7806878,1.9941982,2.8289127,2.6700706,3.2702441,2.9985712,2.2902436,2.2626872,2.5015645,1.4427212,2.6256096,2.5950973,3.0057147,2.1738775,2.3384037,2.2587624,2.298054,2.262112,2.8070087,2.7502017,2.5442352,2.8758771,3.39776,2.0253284,1.9996463,1.8058019,2.09442,1.6478808,2.2498844,2.027429,2.2529545,2.2489247,1.9794185,2.3491852
29,2.214652,2.2117777,2.210197,2.2149057,1.842643,1.4562941,2.524065,2.1996305,2.891076,3.0414844,2.4384534,2.7790499,3.0639515,2.786625,2.4200068,2.7524157,1.6328597,1.5347533,2.6024163,1.7974215,2.2900505,2.3375137,1.6702664,2.0705042,2.0770304,2.1771026,2.1586869,2.0850952,1.2377768,0.0,2.0376596,1.692237,2.769402,4.1018596,3.1267817,3.1208935,2.5027342,2.4786055,2.1693387,2.9128628,2.207285,2.8003068,2.860157,2.9679337,3.2793605,3.2775383,3.1916995,3.1617837,2.9405415,3.0777395,2.356671,2.6828494,2.4323123,2.5326345,2.6729422,3.0147905,2.9610195,2.952826,2.4393656,2.361721,3.313088,3.4365962,2.5488482,3.030698,3.022936,3.1069858,3.034131,3.3949158,3.132808,3.0940528,2.668796,2.7924721,2.5925524,3.4581559,3.3626416,3.210562,2.5059433,2.7976437,2.691648,1.8973174,2.7746925,2.689975,2.3864183,2.3997686,3.351914,2.6200402,2.2926328,3.086243,2.5568385,2.6008997,2.6315355,2.6033835,2.3482041,3.0100894,2.322713,2.4448962,3.2613392,3.282574,3.8602304,3.5721624,2.6297445,2.6680098,2.876032,1.9809397,3.3266246,3.2329717,3.6081603,2.7785065,2.7905772,2.6747115,2.8767705,2.8429835,3.0845912,3.0771384,2.8567872,3.2035623,3.6710067,2.5070565,2.407379,2.2153616,2.4845595,2.0461996,2.655196,2.4520717,2.6637979,2.646178,2.339154,2.6871862
30,2.5655801,2.5685065,2.4932745,2.5564854,2.768438,1.8394464,3.2356157,2.3578103,3.6417143,3.7932482,3.7753105,3.5600712,2.5812669,2.4714856,2.359748,2.436652,2.37042,2.3594863,2.6449537,2.1887147,1.7004112,2.3520737,2.5317428,3.3898304,2.9490106,3.005569,2.081486,2.0993357,1.5813221,2.0376596,0.0,2.3372865,3.5934706,4.7439766,3.8793929,3.9067135,2.9655397,3.1769102,2.3279755,3.402812,2.277959,2.905374,3.0405376,3.093662,3.4343684,3.4547882,3.4162276,3.354074,2.8910744,2.989732,1.9348111,2.099058,3.0228188,3.186905,1.6829048,2.1231227,3.0047376,3.0139463,2.4507537,2.3660014,3.4244926,4.020511,2.5112894,2.728217,2.6425314,2.792024,2.6248512,3.242201,2.6791437,2.7335165,2.181618,2.2437525,2.246713,2.9734612,3.8925362,3.753372,2.2548525,2.5418582,2.139885,1.1513145,2.2041714,2.2083213,1.762027,1.7971733,2.7906947,2.2144444,1.7524011,2.4189637,1.8995785,1.94985,1.9040778,1.9674428,1.6807504,2.8970535,2.3184311,2.4718964,2.8549058,3.3205736,3.2451856,2.986415,2.6569266,2.7388797,2.6014917,1.9877062,3.4076157,3.4849546,2.757095,2.9882212,2.6025972,2.465808,2.21295,2.1272495,2.7795897,3.7307951,2.4391093,2.50993,4.3591723,1.7745645,1.9987978,1.8768806,2.5146744,2.117834,2.59836,2.462867,2.1831913,2.5699844,2.4547014,3.3687449
