,0,1,2,3,4,5,6,7,8,9,10,11,12,13,14,15,16,17,18,19,20,21,22,23,24,25,26,27,28,29,30,31,32,33,34,35,36,37,38,39,40,41,42,43,44,45,46,47,48,49,50,51,52,53,54,55,56,57,58,59,60,61,62,63,64,65,66,67,68,69,70,71,72,73,74,75,76,77,78,79,80,81,82,83,84,85,86,87,88,89,90,91,92,93,94,95,96,97,98,99,100,101,102,103,104,105,106,107,108,109,110,111,112,113,114,115,116,117,118,119,120,121,122,123,124,125,126,127
0,0.0,0.042203467,3.7699428,3.8620906,3.509312,3.545515,3.089398,4.383754,3.0042243,4.809384,3.9310849,3.6087925,3.6575382,3.9200897,4.7685,3.256322,5.124882,4.501441,4.411257,5.396859,4.4418178,4.508619,3.9749298,3.9113722,3.7733788,3.2021093,3.1805904,3.215243,3.4303913,3.9279864,3.5294173,3.342193,6.4308286,6.295848,6.3242297,5.12192,6.4541245,6.2956862,6.363204,6.5666947,5.5940127,4.7894187,5.753801,5.7735844,5.756291,5.7343197,5.549338,5.4681225,4.7510214,4.9478183,5.794216,5.6308546,5.904863,5.874247,4.5065603,4.746646,5.449739,5.8876925,5.900652,5.835915,6.392184,5.589182,5.746931,5.742873,5.746352,6.0853896,5.5248814,5.4699903,6.2329197,6.1910686,6.223548,6.239396,6.270603,5.806878,6.351525,6.351525,4.9291363,5.4626727,5.4589057,5.592686,5.5024676,6.048839,6.013861,6.445265,5.9558315,5.7644205,6.5693183,5.921357,6.303239,6.53122,6.564954,5.3756123,6.5646405,6.1123652,5.955376,6.327056,5.1716366,6.0035706,4.7690825,5.198954,5.515999,5.933408,5.982983,5.525609,5.05878,5.091896,5.617136,5.0287566,4.67578,4.6811557,4.891248,5.211785,5.266688,5.119501,4.757003,4.50511,5.0870514,5.0582604,4.888497,4.958912,6.110042,6.3705587,6.3348436,6.8243766,5.082141,4.7101374,4.868951,5.05321
1,0.042203467,0.0,3.7624133,3.8589668,3.5076594,3.5417833,3.0862408,4.3824725,3.00339,4.8109293,3.9183779,3.6070774,3.6570058,3.9204564,4.7759185,3.2560346,5.116254,4.4949126,4.402703,5.3893147,4.428044,4.495182,3.9635825,3.901483,3.7658107,3.1887121,3.1688232,3.2035913,3.423753,3.9218752,3.5229769,3.335566,6.437946,6.3011694,6.331553,5.1368527,6.458965,6.300356,6.369074,6.5717835,5.5996394,4.79873,5.7599053,5.77928,5.7632465,5.741362,5.5566726,5.475551,4.763456,4.956312,5.8017507,5.6388736,5.918754,5.8890595,4.5188036,4.7632885,5.4584723,5.895318,5.9081964,5.844826,6.4070535,5.602807,5.757483,5.7527094,5.754832,6.0938416,5.53543,5.47746,6.241894,6.2038035,6.231213,6.248748,6.278745,5.8163905,6.367829,6.367829,4.943398,5.479055,5.4738173,5.605424,5.5051446,6.0526505,6.017574,6.4508133,5.95667,5.762651,6.568705,5.9244423,6.2998533,6.528135,6.5626707,5.369329,6.5692945,6.114492,5.958984,6.3299623,5.1833143,6.0165105,4.7780323,5.20632,5.5218735,5.9414363,5.99161,5.5388446,5.067259,5.10007,5.6228094,5.0385785,4.687298,4.6901183,4.8986964,5.2180734,5.273406,5.1299696,4.7612724,4.512796,5.0941353,5.0663633,4.8974633,4.9676714,6.1134553,6.374675,6.3396316,6.828897,5.0887566,4.719603,4.8771124,5.0583467
2,3.7699428,3.7624133,0.0,0.89317256,1.2138252,1.3759176,1.4040799,3.0435143,1.6024103,3.0888739,1.9788853,1.1877825,1.1259135,1.6068891,2.9692,1.4423444,3.864345,4.482818,4.24498,4.1919904,3.7336168,3.7793972,3.6952798,3.6675372,2.6718931,2.616001,2.635413,2.6331756,2.6847024,2.5217366,2.7408824,2.8284984,5.551696,5.318527,5.384276,4.386133,5.4241395,5.243703,5.4183836,5.5120993,4.2669935,4.965146,4.332908,4.3276505,4.2815866,4.255329,4.0068583,3.93114,4.3001375,4.389118,4.100489,3.9805243,5.2532463,5.185295,3.8591952,4.1522856,4.942076,4.1262026,4.120323,4.055789,5.8486977,5.054958,3.9596803,3.9540815,6.445968,6.7055736,6.249172,6.013486,6.010534,6.0035276,5.9362617,6.090286,6.649828,6.3770313,6.4751754,6.4751754,5.290856,5.8808193,5.833342,5.808677,4.287109,4.850423,4.860454,5.2765837,5.341589,5.0098057,6.2762995,5.487528,5.595079,5.8230314,5.544112,4.885657,5.091733,5.569122,5.4842434,5.2475286,3.7704134,5.024104,3.952173,3.7176762,4.8307924,5.0826845,5.45217,5.249124,3.8330708,3.8700387,4.089782,3.724206,4.6996984,4.692913,3.7961311,3.8500104,4.189938,4.349909,3.6553562,3.9801478,4.0866456,4.0503106,4.3277063,4.408436,5.307866,5.3202324,5.2577043,5.294384,4.2165604,4.2110786,3.781384,3.9481742
3,3.8620906,3.8589668,0.89317256,0.0,1.3473518,1.5185466,1.6360039,3.2768269,1.679566,3.2950923,2.021199,1.1492547,1.096014,1.3228629,2.7622778,1.3215929,3.8662734,4.487689,4.309095,4.3093767,3.7595103,3.7805336,3.7199013,3.645222,2.7346876,2.7857387,2.8300917,2.7938764,2.787335,2.6589427,2.8121023,2.9318397,5.3147507,5.1142917,5.1324625,4.011442,5.219117,5.061478,5.152351,5.272922,4.037126,4.758865,4.055925,4.0364876,3.9412146,3.9327834,3.810737,3.71422,4.036539,4.088207,3.740876,3.691982,4.8515863,4.825438,3.6369622,3.9016898,4.6241374,3.81876,3.8294601,3.7186294,5.3657136,4.61772,3.547496,3.588101,6.155731,6.4119496,5.946825,5.730095,5.628202,5.621572,5.524455,5.675134,6.503179,6.0520034,6.132877,6.132877,5.0287924,5.577726,5.5278893,5.513511,3.944049,4.3620706,4.4351654,4.796911,4.9657226,4.655769,5.917375,5.0821304,5.329771,5.5445294,5.2691813,4.6543155,4.637275,5.3514643,5.047314,4.769822,3.576129,4.6043196,3.8341358,3.6014423,4.6030517,5.0305314,5.241379,5.140634,3.4444146,3.486931,3.5768874,3.2979333,4.331968,4.316368,3.3770814,3.457441,3.8772516,4.0420814,3.3522177,3.6944985,3.828811,3.7717075,4.037521,4.087966,5.000305,4.9733872,4.88545,4.9248896,3.9617262,3.9131198,3.605978,3.8985634
4,3.509312,3.5076594,1.2138252,1.3473518,0.0,0.4267613,0.95271325,2.8184617,1.3480797,3.385038,2.252361,0.7960781,0.9283524,1.3367971,2.9128866,1.2878236,3.8069313,4.3763285,4.1170607,4.143917,3.6844003,3.7297843,3.3593633,3.3168867,2.3182054,2.1581473,2.175782,2.1631737,2.2995548,2.1060345,2.4116127,2.402111,5.495758,5.276818,5.328476,4.3121457,5.3840384,5.2118306,5.4086986,5.514058,3.9762354,4.6333747,4.0432677,4.066067,4.0511227,4.027353,3.9088352,3.823685,3.8628337,3.9881,3.9187405,3.7463965,4.969188,4.934112,3.5151181,3.8694346,4.673889,3.9406085,3.931871,3.8954694,5.554054,4.70152,3.703887,3.6911287,6.20122,6.41415,5.943353,5.7899365,5.725802,5.6241064,5.7342257,5.7968903,6.2321377,6.051493,5.967477,5.967477,4.942583,5.4644446,5.4264317,5.4986415,3.97544,4.5924215,4.5677347,5.013815,5.094249,4.8550215,5.9914484,5.093955,5.4957943,5.6588593,5.4311223,4.7112155,4.795358,5.210134,5.1730156,4.9570923,3.4858413,4.7644544,3.6562777,3.4681227,4.7353854,5.2685704,5.0992284,4.760924,3.6917188,3.7400076,4.0364857,3.5028596,4.43713,4.512297,3.6627936,3.756576,4.0330853,4.0706973,3.7372017,3.935151,3.982657,3.93969,4.173502,4.298937,5.037866,5.084283,4.9939804,5.0682235,4.029228,3.9737582,3.644834,3.9948225
5,3.545515,3.5417833,1.3759176,1.5185466,0.4267613,0.0,1.1015469,3.0618634,1.4742688,3.7625737,2.3067982,0.909576,1.1195344,1.4692302,3.0209384,1.4285445,3.8581872,4.4076242,4.1406736,4.192889,3.680325,3.7364717,3.3649385,3.3268921,2.2718084,2.0989182,2.13499,2.1209702,2.3395545,2.1456552,2.440501,2.449995,5.589467,5.365483,5.427772,4.426162,5.4697185,5.2959204,5.5067835,5.6021166,4.061042,4.689993,4.121261,4.1513233,4.1299877,4.126607,4.0987067,4.009877,3.927536,3.9293668,3.9994009,3.8246748,5.0568614,5.0920014,3.5761688,3.9570367,4.7605834,3.9977572,3.99098,3.9776716,5.679487,4.8099823,3.8017085,3.7785957,6.161923,6.378427,5.9024706,5.743916,5.703227,5.6021547,5.7208323,5.7877417,6.1730337,6.0061407,5.9339857,5.9339857,4.9232426,5.4372997,5.3985486,5.5042396,3.87731,4.5324135,4.494345,4.9510355,4.9985976,4.753593,5.939236,5.0188446,5.4125214,5.5799217,5.3632073,4.616665,4.713744,5.096958,5.084632,4.877429,3.6758733,4.9340906,3.722936,3.544405,4.7507877,5.5068593,5.1142592,4.77769,3.8670263,3.914508,4.1629686,3.6626248,4.625626,4.7012916,3.8300383,3.9161038,4.142176,4.185635,3.8655264,4.0684743,4.0976806,4.061584,4.3022356,4.426758,5.106545,5.175921,5.076529,5.1381373,4.1414127,4.083796,3.755736,4.2028103
6,3.089398,3.0862408,1.4040799,1.6360039,0.95271325,1.1015469,0.0,2.7817976,1.5572941,3.3462422,2.0040333,1.0247326,1.0977604,1.6510068,3.0600326,1.5509969,3.9730864,4.55819,4.2884326,4.2208457,4.113918,4.1717677,3.7238863,3.692193,2.495171,2.164219,2.1755905,2.1812308,2.3819373,2.4663432,2.4815197,2.4829292,5.6106973,5.4274206,5.466147,4.370056,5.549043,5.366584,5.518778,5.6576304,4.2449217,4.9432006,4.3574777,4.373741,4.344589,4.328125,4.111778,4.035253,4.121385,4.301377,4.113398,3.9828925,5.2478504,5.2148438,3.7764027,4.055729,4.4308457,4.113504,4.095343,4.0658674,5.4955244,4.56577,3.9124641,3.9033248,6.032622,6.309948,5.682411,5.53804,5.4826245,5.415213,5.525704,5.557122,5.9995933,5.7218294,5.7307615,5.7307615,4.686782,5.279215,5.2488317,5.262237,4.0379415,4.7406163,4.6833215,5.161896,5.1354327,4.943146,5.9816756,5.111668,5.616718,5.833544,5.4882793,4.798902,5.010179,5.4696274,5.4346623,5.205046,3.4974284,4.962381,3.9492183,3.7346675,4.719565,5.16664,5.0863113,4.6884427,3.8540015,3.9008472,4.156999,3.7486222,4.2288766,4.2872696,3.780223,3.96445,4.130563,4.164789,3.6876507,3.917752,4.0003114,3.963147,4.0498157,4.152156,5.249091,5.244534,5.170936,5.4028807,4.1054864,3.9146748,3.7067547,3.9908104
7,4.383754,4.3824725,3.0435143,3.2768269,2.8184617,3.0618634,2.7817976,0.0,3.2390494,3.255456,3.3232772,3.2391174,3.1077366,3.5793998,4.4312196,3.446856,4.562286,5.1875467,4.780693,4.4964094,4.6585927,4.686348,4.3000765,4.4032965,3.837437,3.4486299,3.29871,3.374363,3.4572854,3.48378,3.6339357,3.5641885,6.9173174,6.7295475,6.746135,6.1109505,6.9494596,6.7320747,6.810069,6.946475,5.1835947,5.6615534,5.1805706,5.1774516,5.2394238,5.1285,4.352665,4.360792,5.13512,5.583059,5.1193743,4.9954996,6.4695883,6.1143475,4.5084825,4.9752293,5.5041556,5.2449293,5.2258043,5.146948,6.227579,5.559457,5.0028267,5.0083756,7.329359,7.5623403,7.0430493,6.9079556,6.950481,6.9041743,6.888124,6.922819,7.597735,7.3765135,7.4243636,7.4243636,5.5931683,6.550601,6.4702744,6.4118986,5.3999805,6.101782,6.173768,6.4563684,6.5083203,6.325917,7.0981865,6.511171,6.8107276,7.0159984,6.7071023,6.1483517,6.3741374,6.7073317,6.829103,6.6431804,3.5739248,5.9373345,4.328156,4.1074977,6.025964,5.6144786,6.305178,5.841813,4.790497,4.826575,5.173192,4.737752,5.0183234,5.098553,4.8648367,4.9545007,5.3502827,5.396846,5.0405164,5.1132054,5.2014704,5.1704397,5.225881,5.3128777,6.4348173,6.4697647,6.3786726,6.5606728,5.204624,5.1334815,5.033975,4.774195
8,3.0042243,3.00339,1.6024103,1.679566,1.3480797,1.4742688,1.5572941,3.2390494,0.0,3.1317425,2.2223566,1.2544036,1.2636197,1.5538135,2.9768324,0.7305368,3.7045755,3.8111937,3.6175494,4.159093,3.6748219,3.706259,3.2574337,3.1760244,2.086796,2.0199192,2.0111587,1.984798,1.9462609,1.8372077,2.0747888,2.1672518,5.548274,5.352778,5.3982196,3.9884372,5.428043,5.272531,5.49517,5.647727,4.205608,4.302127,4.327759,4.381411,4.2938714,4.2759414,4.1371303,4.0475755,3.5570858,3.820479,4.1975813,3.9120338,4.7127905,4.6259346,3.3164449,3.7015595,4.9362283,4.1405067,4.1779785,4.0627875,5.7816715,4.977712,3.9782104,3.9622,6.096742,6.425802,5.7602563,5.657768,5.9914794,5.9543414,5.96635,5.9902716,6.108755,5.9838147,6.221482,6.221482,5.069549,5.6337175,5.5614605,5.5163174,4.3120894,4.775441,4.788725,5.233945,5.034446,4.8333526,5.9880266,4.9805846,5.538184,5.8458915,5.6773567,4.742007,4.911989,4.893488,4.910286,4.9305406,3.8395524,4.7065687,3.414158,3.5109491,4.335974,4.743534,4.7539206,4.468076,3.5496242,3.5940795,4.0106945,3.4553683,4.453466,4.450096,3.5376928,3.6384237,3.9784863,4.0617394,3.6142533,3.5994413,3.8164763,3.7634482,4.051935,4.2035675,4.910283,5.143408,5.0044465,5.0424,3.8617613,3.8445342,3.4454086,3.6906583
9,4.809384,4.8109293,3.0888739,3.2950923,3.385038,3.7625737,3.3462422,3.255456,3.1317425,0.0,3.7423487,3.4077084,3.2479196,3.419707,4.0446634,3.237515,4.433172,4.973938,4.8003607,4.8025146,4.966893,4.9287434,4.7297974,4.6984344,3.9663455,3.928945,3.9013088,3.879224,3.5533547,3.4185908,3.6762545,3.71699,6.1119227,5.964366,5.9984503,4.9540305,6.0163655,5.899096,6.078982,6.2454524,5.063106,5.618442,5.163849,5.1736073,5.1936417,5.0526047,4.3680806,4.357054,4.8734555,5.6890583,4.9339676,4.7082963,5.6303854,5.055994,4.7625256,5.0385575,5.5353885,5.0011535,5.010374,4.8499975,6.2228303,5.6131363,4.793013,4.8089437,7.7228637,8.003964,7.4313874,7.3003874,7.3689055,7.3560653,7.3002133,7.34499,7.636865,7.61272,7.666081,7.666081,6.659684,7.167138,7.0865498,6.868715,6.0961027,6.3205447,6.385549,6.7481008,6.829377,6.629495,7.5358167,6.7611785,7.1596084,7.4382963,7.1361833,6.5994005,6.5519404,6.812723,6.844966,6.651644,4.2423224,4.9570217,4.8315125,4.691643,5.518627,3.965718,5.863973,5.7134624,4.063664,4.08309,4.655702,4.154932,4.647519,4.6641364,4.1117883,4.1851163,4.730928,4.7902026,4.375511,4.4543495,4.578789,4.532504,4.725672,4.867788,5.3876576,5.4340262,5.375924,5.450113,4.6054473,4.6957493,4.27485,3.5066357
10,3.9310849,3.9183779,1.9788853,2.021199,2.252361,2.3067982,2.0040333,3.3232772,2.2223566,3.7423487,0.0,1.8209062,1.7782446,2.045981,3.3823824,2.0828774,4.2705374,4.9152637,4.6335955,4.600788,4.452217,4.48547,4.0799055,4.0752263,2.9671626,2.7638385,2.793799,2.7935631,3.0302875,2.9898427,3.0085618,3.1681962,5.909984,5.6667876,5.7049465,4.734664,5.755154,5.5753193,5.7183337,5.83326,4.512606,5.227113,4.606994,4.6118894,4.5435576,4.554838,4.2963276,4.2244143,4.484915,4.5951834,4.437932,4.335337,5.557125,5.5475135,4.1368885,4.4211764,4.997435,4.425994,4.4354343,4.391135,5.8481297,5.12532,4.2605443,4.245089,6.0215254,6.28825,5.7328353,5.5649285,5.573529,5.783197,5.481227,5.490965,6.048551,5.727862,6.3428917,6.3428917,5.154368,5.9817586,5.864891,5.556211,3.9502146,4.578979,4.602244,5.0376935,4.6698337,4.4962025,5.437838,4.650217,5.2392097,5.457311,5.1423407,4.4946704,4.6508956,5.136392,5.0968103,4.829138,3.8893816,5.285195,3.9434235,3.6784286,4.690299,5.1865783,5.110143,5.074908,3.8762941,3.912722,3.8718705,3.9669335,4.741773,4.5461807,3.8671207,3.9075963,4.179243,4.5759254,3.57473,3.902487,3.9551437,3.9427269,4.1289554,4.197512,5.628388,5.624833,5.5340767,5.631384,4.117925,4.1485186,3.9602215,4.1167107
11,3.6087925,3.6070774,1.1877825,1.1492547,0.7960781,0.909576,1.0247326,3.2391174,1.2544036,3.4077084,1.8209062,0.0,0.3725564,0.86132014,2.721187,0.9645551,3.8889003,4.494897,4.2737017,4.281254,4.021289,4.0611534,3.6649127,3.5906093,2.3684947,2.33674,2.3807724,2.3468907,2.430342,2.2561874,2.4843411,2.5567675,5.3432136,5.129906,5.165696,3.970996,5.201369,5.0379095,5.2408214,5.3556232,3.9966178,4.7405634,4.0614843,4.087411,4.004105,4.009407,3.9304945,3.832665,3.8415434,3.9586594,3.859861,3.686643,4.848181,4.8638144,3.5624244,3.810546,4.6053724,3.7940545,3.7938223,3.7366753,5.4675198,4.60774,3.5603325,3.5489259,6.0316596,6.2794657,5.715048,5.574577,5.47156,5.4270453,5.485705,5.5160313,5.9230485,5.7230453,5.754207,5.754207,4.8919525,5.433463,5.3858566,5.352264,3.8131192,4.356701,4.360607,4.8054643,4.810877,4.6093407,5.7203403,4.7520294,5.319881,5.5173364,5.2297125,4.531985,4.472933,4.9976454,4.925848,4.6551266,3.535748,4.6548805,3.6603775,3.4225001,4.480938,5.1008534,4.845126,4.6111984,3.5383258,3.5900338,3.7521076,3.412565,4.436855,4.4364862,3.5109873,3.6029706,3.8514507,3.9925256,3.4787362,3.7445986,3.76664,3.7144234,3.9836433,4.106806,5.033109,5.040882,4.939829,4.982211,3.8802655,3.8367476,3.4615784,3.8875394
12,3.6575382,3.6570058,1.1259135,1.096014,0.9283524,1.1195344,1.0977604,3.1077366,1.2636197,3.2479196,1.7782446,0.3725564,0.0,0.93254757,2.7394652,1.0007218,3.8447192,4.4633493,4.232597,4.167251,4.0477085,4.096308,3.7061586,3.6392903,2.4883711,2.4833362,2.4803662,2.4694307,2.5180426,2.3295004,2.5839672,2.6319065,5.3244767,5.114784,5.144861,3.9980562,5.206499,5.027943,5.2132063,5.3336387,4.0340576,4.802144,4.1154313,4.1343455,4.0378942,4.035259,3.8298419,3.7351916,3.9567468,4.123302,3.9575014,3.784928,4.974119,4.9489226,3.610734,3.849203,4.7299247,3.8967083,3.8994813,3.8130786,5.5426364,4.714247,3.6411238,3.6359656,6.1595564,6.42115,5.829815,5.690769,5.6050243,5.5637493,5.6035476,5.6328115,6.0556865,5.829458,5.8759413,5.8759413,4.9399276,5.557116,5.5103736,5.433025,3.939491,4.518788,4.534689,4.95776,4.977477,4.783653,5.8223844,4.912613,5.417857,5.637137,5.3255796,4.644334,4.619205,5.1568103,5.096009,4.8249083,3.4339318,4.742351,3.6122046,3.3537054,4.570664,5.0442824,4.9357758,4.6542444,3.580944,3.6334925,3.7963977,3.4729297,4.5077095,4.49212,3.5716107,3.6575928,3.9644346,4.121265,3.5455232,3.8157575,3.8603294,3.8010032,4.074531,4.191031,5.205369,5.182288,5.0922685,5.117772,3.9746666,3.949064,3.5425334,3.9111834
13,3.9200897,3.9204564,1.6068891,1.3228629,1.3367971,1.4692302,1.6510068,3.5793998,1.5538135,3.419707,2.045981,0.86132014,0.93254757,0.0,2.6710253,1.1266515,3.711331,4.3690186,4.21301,4.2764053,3.934743,3.9384875,3.6625342,3.5587401,2.6729774,2.7356334,2.8101912,2.744303,2.8117754,2.509627,2.8752913,2.9049335,4.906364,4.689264,4.7202525,3.7260861,4.72798,4.596642,4.797541,4.908701,3.705601,4.489897,3.683431,3.7055192,3.6085472,3.6110246,3.6095426,3.4980235,3.70237,3.818573,3.6798255,3.4659376,4.5080132,4.505716,3.545218,3.6344738,4.6161265,3.7725887,3.7796843,3.6921353,5.2267933,4.424887,3.3916812,3.369995,5.851737,6.0947127,5.5515013,5.399605,5.2912917,5.270512,5.255044,5.3126473,5.696689,5.487589,5.5221853,5.5221853,4.859153,5.321551,5.26064,5.2227235,3.7722898,4.0551715,4.149947,4.5309935,4.6602983,4.4151196,5.613366,4.6206465,5.1051755,5.3187695,5.0399184,4.3453856,4.2185903,4.8038363,4.640216,4.3223004,3.5567544,4.2263565,3.6641567,3.4250205,4.171423,4.803457,4.5464716,4.480411,3.1060472,3.1564925,3.2566469,3.0051098,4.199882,4.1406126,3.0920177,3.1987557,3.4298148,3.6183653,3.120659,3.4326663,3.4457982,3.3800845,3.68565,3.8362215,4.813927,4.79347,4.6916485,4.6927295,3.4448876,3.5444,3.16301,3.679807
14,4.7685,4.7759185,2.9692,2.7622778,2.9128866,3.0209384,3.0600326,4.4312196,2.9768324,4.0446634,3.3823824,2.721187,2.7394652,2.6710253,0.0,2.7956336,5.0281463,5.5040717,5.3878264,5.4144187,5.131729,5.115143,4.89102,4.806115,3.626601,3.8006113,3.8406832,3.7937796,3.6688247,3.5397568,3.402949,3.8713217,4.2926483,4.20797,4.1304584,2.3513875,4.299373,4.145633,4.3318124,4.4440107,2.9602888,3.8526905,2.7607126,2.8767405,2.6891801,2.7354507,2.9198081,2.8597057,2.465574,2.6139436,2.1538434,1.764768,3.3563306,3.4704127,2.0620108,2.4394774,3.447166,2.0902865,2.0980442,2.0151567,3.8757322,3.5106502,1.8914381,1.846219,5.010855,5.2422748,4.990399,4.806915,4.6475577,4.555205,4.540373,4.598151,5.160372,5.0382123,5.0156193,5.0156193,4.39175,4.752359,4.5947447,4.4472065,2.8461125,3.1710806,3.245192,3.7129116,3.8879647,3.5831525,5.2272205,4.0411234,4.6236353,4.860209,4.569164,4.9916315,3.343332,4.068053,4.0521975,3.6764855,2.694043,3.5145228,2.8504558,2.444753,3.2931032,3.982546,3.7450786,3.8266766,2.3296723,2.4094424,2.6820123,2.2430844,3.678071,3.6899912,2.4191751,2.5206215,2.5889988,2.7501802,2.410984,2.8789454,2.5478709,2.4680793,2.8782873,3.0173407,3.974806,3.8090918,3.7622917,3.7221663,2.7543986,2.6577759,1.7834476,2.5428884
15,3.256322,3.2560346,1.4423444,1.3215929,1.2878236,1.4285445,1.5509969,3.446856,0.7305368,3.237515,2.0828774,0.9645551,1.0007218,1.1266515,2.7956336,0.0,3.753642,3.990199,3.8496828,4.3079324,3.7441661,3.7504668,3.3283784,3.222334,2.3327565,2.4059558,2.4735034,2.412365,2.3478749,2.2282784,2.4105625,2.49939,5.256631,5.0364676,5.0679297,3.7330623,5.0795627,4.9431367,5.147837,5.2825007,3.9961567,4.209364,4.0263085,4.053913,3.9668543,3.9565375,3.923318,3.8214047,3.4842398,3.7080789,3.9350917,3.7122746,4.491237,4.4569755,3.3108916,3.5429385,4.74049,3.8633864,3.8916285,3.7822828,5.5207753,4.704047,3.6603792,3.6460307,5.900035,6.2007356,5.5790367,5.4679976,5.641988,5.6183186,5.632106,5.656222,5.9932528,5.735691,5.942524,5.942524,4.9546475,5.425909,5.374959,5.3458257,4.1345735,4.4517746,4.5433307,4.924045,4.7505827,4.534752,5.6007442,4.6819797,5.188567,5.4541264,5.2748585,4.3556376,4.59813,4.7926607,4.616553,4.5562515,3.763658,4.392298,3.4081924,3.42144,4.2492714,4.7582707,4.6912985,4.5802073,3.3409467,3.3886833,3.6826124,3.2219832,4.3833957,4.3166566,3.298333,3.39058,3.6958876,3.8310065,3.3485386,3.417282,3.647054,3.5812287,3.904916,4.0388613,4.8670864,5.0185614,4.920735,4.942265,3.7446704,3.7021818,3.3075488,3.6326406
16,5.124882,5.116254,3.864345,3.8662734,3.8069313,3.8581872,3.9730864,4.562286,3.7045755,4.433172,4.2705374,3.8889003,3.8447192,3.711331,5.0281463,3.753642,0.0,2.0524142,1.8179519,1.4721581,3.178193,3.175123,3.0722387,3.0967455,3.699126,3.8557446,3.8926973,3.8463635,3.9348667,3.692782,4.195762,3.9993458,5.156839,5.062694,5.20955,5.7722735,5.186757,5.0630655,5.0980096,5.322398,4.6431704,5.3312817,4.7486625,4.7148204,4.7247043,4.6674724,4.350219,4.2894826,5.598461,5.776895,5.610311,5.3440957,6.4354515,6.2804947,5.526544,5.9961143,6.285422,5.824775,5.9063625,5.7403545,7.0199785,6.2923055,5.630345,5.581363,7.758875,8.297906,7.0907316,6.9756327,7.455308,7.4420776,7.3844643,7.4549823,7.5196137,7.070961,7.1745663,7.1745663,6.372623,6.867141,6.839948,6.715562,5.89,6.080347,6.285255,6.49445,6.550604,6.3783174,6.764376,6.5666966,5.8866687,6.616268,6.1119943,5.1439457,6.453729,6.5578494,6.421785,6.2282257,5.0734196,5.7632375,5.3427887,5.2450757,5.433196,5.625349,5.608124,5.4825616,4.8940115,4.897957,5.0219674,4.822551,5.5322576,5.3776126,4.753194,4.9513984,5.458191,5.4600925,5.285548,5.422332,5.7663555,5.7139215,5.788013,5.9712086,5.7642856,5.6855407,5.780465,5.8613224,5.3981323,5.4697876,5.1743317,5.2178183
17,4.501441,4.4949126,4.482818,4.487689,4.3763285,4.4076242,4.55819,5.1875467,3.8111937,4.973938,4.9152637,4.494897,4.4633493,4.3690186,5.5040717,3.990199,2.0524142,0.0,0.6586438,2.7224007,2.90348,2.8965006,2.6600266,2.646413,3.920957,4.085661,4.1013284,4.066335,4.1013546,3.9925168,4.3559146,4.1161966,5.5212107,5.41471,5.551886,5.8452315,5.5362344,5.4278774,5.4872093,5.7245183,5.1585407,4.7120543,5.2825694,5.273949,5.2820096,5.224047,4.984436,4.9138727,5.4666634,5.672436,6.2337623,5.907336,6.3873405,6.2300606,5.451965,5.949759,6.8516717,6.4165006,6.522807,6.3346415,7.5052276,6.841503,6.2726126,6.2269373,7.626726,8.188738,7.015603,6.98325,7.921118,7.8981686,7.8294625,7.8819404,7.6823564,7.2307878,7.6062946,7.6062946,6.53431,6.9742894,6.97839,6.919819,6.4655824,6.6013327,6.8120027,6.9729667,6.739038,6.5932055,6.9131527,6.7597847,6.0240197,6.7581477,6.568204,5.2230554,6.982715,6.452646,6.2901273,6.515334,5.7140284,6.029855,5.234689,5.549423,5.604383,5.8311086,5.8467927,5.6905518,5.241198,5.24103,5.6192994,5.1675925,5.8649893,5.6899447,5.101474,5.289249,5.8068776,5.720491,5.629742,5.4455137,6.0611515,6.0059633,6.076576,6.268395,6.000825,6.189287,6.2748637,6.390322,5.683297,5.701957,5.4708157,5.485108
18,4.411257,4.402703,4.24498,4.309095,4.1170607,4.1406736,4.2884326,4.780693,3.6175494,4.8003607,4.6335955,4.2737017,4.232597,4.21301,5.3878264,3.8496828,1.8179519,0.6586438,0.0,2.3239138,2.8223798,2.851294,2.5165186,2.5612679,3.754274,3.804639,3.785843,3.776276,3.8736784,3.737062,4.147897,3.9077516,5.6649075,5.541933,5.693681,5.946508,5.693573,5.552565,5.622024,5.8455815,5.1069756,4.831231,5.261816,5.256493,5.28179,5.222357,4.89623,4.834062,5.46227,5.6716523,6.149192,5.8353066,6.5197053,6.3568654,5.3647323,5.928902,6.8028345,6.345634,6.44187,6.26666,7.5170994,6.8361034,6.2035785,6.1539884,7.6768646,8.226715,7.078133,7.016823,7.9016185,7.8811116,7.8180923,7.8610587,7.685108,7.2507615,7.6145654,7.6145654,6.482971,7.018509,6.982837,6.9199867,6.3126774,6.585261,6.7563705,6.994997,6.73781,6.5698075,6.9247885,6.7360363,6.104359,6.81925,6.5887127,5.303798,6.930011,6.467865,6.3786125,6.5531893,5.5083585,6.1677065,5.0741177,5.336422,5.628585,5.8489437,5.8266954,5.5672264,5.265374,5.271563,5.637078,5.1845884,5.870948,5.7194176,5.129891,5.313492,5.8305454,5.7816606,5.631814,5.4969397,6.0331097,5.9859204,6.079173,6.255087,6.064106,6.2413135,6.3051305,6.403566,5.6642213,5.7157135,5.4433045,5.4446654
19,5.396859,5.3893147,4.1919904,4.3093767,4.143917,4.192889,4.2208457,4.4964094,4.159093,4.8025146,4.600788,4.281254,4.167251,4.2764053,5.4144187,4.3079324,1.4721581,2.7224007,2.3239138,0.0,3.673969,3.7701623,3.6067886,3.6897385,4.116407,4.1877594,4.1003733,4.134614,4.274672,4.0693207,4.541844,4.2798133,5.5580688,5.500653,5.6413503,6.3428044,5.7260957,5.5247207,5.5316143,5.760293,5.053034,6.001158,5.3295655,5.299839,5.2706056,5.219563,4.6225576,4.5797553,6.287872,6.445607,6.239056,5.9601626,7.272933,7.1142488,5.98351,6.507556,6.773432,6.374704,6.4435763,6.2743053,7.5905533,6.882018,6.2061944,6.1543965,8.288436,8.836114,7.610151,7.4870324,7.9528823,7.9014707,7.8896365,7.9531503,7.9294353,7.5548916,7.5900774,7.5900774,6.589692,7.3156,7.300974,7.0729513,6.1943116,6.7612314,6.8502192,7.141405,7.2364984,7.0880127,7.3490667,7.2491136,6.438576,7.167141,6.5731015,5.755252,7.099795,7.20533,7.274122,7.0480394,5.175628,6.6798196,5.6586833,5.478887,6.1542087,6.2503147,6.2845182,5.7933893,5.6481066,5.659939,5.818429,5.5888805,6.1527615,6.042227,5.557428,5.754604,6.2750893,6.2677503,6.00184,6.195116,6.484294,6.4297147,6.4616556,6.6423903,6.6426487,6.4408455,6.5683684,6.658659,6.1528583,6.1802044,5.827565,5.892855
20,4.4418178,4.428044,3.7336168,3.7595103,3.6844003,3.680325,4.113918,4.6585927,3.6748219,4.966893,4.452217,4.021289,4.0477085,3.934743,5.131729,3.7441661,3.178193,2.90348,2.8223798,3.673969,0.0,0.33451068,1.6136379,1.6403923,3.678421,3.575192,3.6131368,3.6078334,3.8449214,3.5576441,4.0160003,3.6314044,5.4146314,5.143821,5.324216,5.8681393,5.3163657,5.177986,5.2915177,5.391837,4.7255135,4.492036,4.8318853,4.780793,4.9042144,4.8245783,4.632939,4.545217,5.406146,5.3544054,5.906008,5.675202,6.2558875,6.145257,5.149703,5.7232804,6.6814847,6.239803,6.2896886,6.2098603,7.2046213,6.6598773,6.024049,5.989225,7.35074,7.531754,7.348393,7.1359625,7.6741943,7.6742277,7.445327,7.6702547,7.808988,7.545405,7.8291106,7.8291106,6.5908933,7.0757413,7.0724277,7.107567,5.853901,6.1599464,6.282042,6.5282454,6.55053,6.1616964,6.8869095,6.759889,5.7018204,5.8951774,6.153698,4.9438133,6.7183247,6.30678,6.125989,6.2740192,5.4811125,6.040564,5.029051,5.2750134,6.2108912,6.552795,6.7154145,6.6056747,5.0408998,5.042095,5.470089,4.9339967,5.6718354,5.566877,4.9297853,5.0119667,5.5807896,5.5400305,5.3201714,5.3444724,5.8471947,5.827105,5.910616,6.076012,5.814403,5.8785596,6.023683,6.1350803,5.466118,5.6083684,5.4449377,5.540076
21,4.508619,4.495182,3.7793972,3.7805336,3.7297843,3.7364717,4.1717677,4.686348,3.706259,4.9287434,4.48547,4.0611534,4.096308,3.9384875,5.115143,3.7504668,3.175123,2.8965006,2.851294,3.7701623,0.33451068,0.0,1.6340953,1.6450673,3.7060976,3.6314442,3.6948953,3.669936,3.8705575,3.5958834,4.0349216,3.6738403,5.3794727,5.1093307,5.2810407,5.8362994,5.2590227,5.1420064,5.2564545,5.360073,4.6438427,4.3598757,4.716818,4.664179,4.7920713,4.705676,4.5736394,4.4874845,5.3094907,5.271624,5.8222675,5.581255,6.1037345,5.9771266,5.1009154,5.6480956,6.590598,6.1531196,6.2036796,6.1232624,7.093117,6.556601,5.940915,5.9014335,7.2682915,7.453184,7.2700377,7.0570197,7.604237,7.613118,7.3715687,7.600422,7.7682023,7.5136414,7.8073287,7.8073287,6.564275,7.00679,7.0014353,7.0319233,5.8430395,6.0613017,6.212957,6.437575,6.4602094,6.0609827,6.7944136,6.679081,5.592803,5.79383,6.0568495,4.837862,6.64832,6.212307,6.00486,6.1589503,5.4960804,5.8759637,5.0311537,5.2851872,6.1144853,6.4372993,6.638197,6.6012506,4.922557,4.920807,5.354212,4.822054,5.576107,5.4517274,4.8139467,4.896669,5.4508367,5.4122405,5.2334375,5.2429485,5.7560697,5.7342677,5.818408,5.9938474,5.6885333,5.7701716,5.9192367,6.0311966,5.366152,5.5059133,5.3624268,5.4371004
22,3.9749298,3.9635825,3.6952798,3.7199013,3.3593633,3.3649385,3.7238863,4.3000765,3.2574337,4.7297974,4.0799055,3.6649127,3.7061586,3.6625342,4.89102,3.3283784,3.0722387,2.6600266,2.5165186,3.6067886,1.6136379,1.6340953,0.0,0.33497387,3.231888,3.143407,3.2048628,3.1901183,3.4121945,3.1679497,3.5768871,3.1810908,5.3594675,5.058555,5.223115,5.565545,5.1907806,5.052183,5.2031527,5.316856,4.452358,4.048523,4.5680466,4.527277,4.726931,4.642854,4.4553423,4.369773,4.8372893,5.0307665,5.651135,5.437438,5.963533,5.858964,4.767919,5.4229198,6.3630776,5.869217,5.929269,5.8666596,6.968635,6.3710394,5.6872363,5.652276,7.1156845,7.288831,6.9414544,6.8782353,7.360484,7.3510017,7.2667055,7.300119,7.3946443,7.065731,7.4026318,7.4026318,6.3864284,6.818131,6.8246484,6.8267426,5.653343,5.992091,6.1139984,6.362206,6.056448,5.8734913,6.0171485,5.9975615,5.398284,5.5571513,5.8388953,4.50858,6.3420725,5.8665934,5.6385813,5.8453727,5.027325,5.6253686,4.399658,4.7208714,5.9578533,6.333533,6.1094923,5.982975,4.772427,4.783797,5.256324,4.649127,5.4776945,5.3366323,4.6373878,4.6970825,5.293457,5.2461257,5.1553197,5.0276875,5.560074,5.538582,5.636372,5.805427,5.555776,5.669757,5.827855,5.958942,5.244591,5.2998185,5.166692,5.181277
23,3.9113722,3.901483,3.6675372,3.645222,3.3168867,3.3268921,3.692193,4.4032965,3.1760244,4.6984344,4.0752263,3.5906093,3.6392903,3.5587401,4.806115,3.222334,3.0967455,2.646413,2.5612679,3.6897385,1.6403923,1.6450673,0.33497387,0.0,3.1428368,3.0960128,3.1731584,3.1430583,3.3257985,3.0908937,3.4845157,3.0764914,5.2309213,4.938114,5.092152,5.3725777,5.053801,4.928053,5.0862436,5.2107606,4.4001307,3.9671166,4.5087676,4.471375,4.645054,4.5660515,4.4288177,4.3334794,4.731314,4.9244514,5.588004,5.3621645,5.7958016,5.701226,4.6998825,5.333677,6.265836,5.7773113,5.8395486,5.7703214,6.851683,6.248785,5.5916443,5.560064,7.02478,7.1936636,6.8537064,6.7983966,7.267924,7.25059,7.1752114,7.207618,7.2753754,6.973183,7.291693,7.291693,6.3321667,6.734782,6.750025,6.748709,5.5999637,5.8812666,6.01764,6.25522,5.973926,5.796389,5.951188,5.8944464,5.3360405,5.481901,5.784336,4.431026,6.2444925,5.759426,5.507224,5.7211404,5.027784,5.4832463,4.3912363,4.7252116,5.8840017,6.2872047,6.0446777,5.9471164,4.665375,4.6775827,5.1495895,4.5432863,5.3764,5.235957,4.528717,4.599321,5.1959114,5.134342,5.0681186,4.935228,5.478601,5.4509606,5.5448866,5.724531,5.422923,5.531976,5.6905203,5.823914,5.1643696,5.203697,5.075687,5.1284285
24,3.7733788,3.7658107,2.6718931,2.7346876,2.3182054,2.2718084,2.495171,3.837437,2.086796,3.9663455,2.9671626,2.3684947,2.4883711,2.6729774,3.626601,2.3327565,3.699126,3.920957,3.754274,4.116407,3.678421,3.7060976,3.231888,3.1428368,0.0,1.3459178,1.5072526,1.3595674,1.2497268,1.3491127,1.305043,1.4300193,5.7977934,5.642786,5.6695285,4.5521016,5.7008147,5.559398,5.8568854,6.048721,4.555124,4.8466105,4.6625876,4.7443805,4.618024,4.619993,4.5573144,4.4701166,4.1171627,4.2240124,4.7627635,4.3579493,5.22773,5.205684,3.9559264,4.7065964,4.990413,4.3595963,4.449618,4.394344,6.0407667,5.2287064,4.462808,4.4501643,6.6159096,6.9154444,6.1760144,6.203975,6.5066056,6.4847074,6.46148,6.4728255,6.251718,6.558582,6.7596993,6.7596993,5.472583,6.1161375,6.202132,5.976101,4.483225,4.880398,4.950143,5.075382,5.0273557,5.11394,5.958711,5.049007,5.338665,5.630138,5.537922,4.683895,5.039769,4.735915,5.1166186,5.053979,4.2009096,5.0763187,4.148982,4.166522,4.933463,5.57408,5.2288647,5.1048017,4.013489,4.0257125,4.3639107,4.018733,4.795751,4.8399706,4.106564,4.121249,4.624182,4.551787,4.3739023,4.3488126,4.5905175,4.5563316,4.5749416,4.878183,4.7383833,4.8746076,4.8018823,4.9602475,4.5790052,4.344649,4.1964865,4.378685
25,3.2021093,3.1887121,2.616001,2.7857387,2.1581473,2.0989182,2.164219,3.4486299,2.0199192,3.928945,2.7638385,2.33674,2.4833362,2.7356334,3.8006113,2.4059558,3.8557446,4.085661,3.804639,4.1877594,3.575192,3.6314442,3.143407,3.0960128,1.3459178,0.0,0.4292903,0.23318385,0.9430936,1.2671154,1.1191305,1.0519751,6.052666,5.8874307,5.957781,4.8635187,5.990548,5.826606,6.0967183,6.2819586,4.737848,4.9555774,4.887379,4.962752,4.8923616,4.8814726,4.7479205,4.666896,4.278821,4.387085,4.9278092,4.5738215,5.5147696,5.4684005,4.0305376,4.7978625,4.9896016,4.732696,4.768135,4.7496634,6.098035,5.2649665,4.762099,4.728682,6.4960365,6.7581816,6.2276893,6.1266017,6.4607925,6.450025,6.406179,6.4361463,6.179984,6.4679914,6.7247534,6.7247534,5.4482093,6.166645,6.109733,5.973431,4.532261,5.097331,5.0907726,5.5320463,5.3480678,5.206093,6.2327385,5.2856007,5.760398,5.979746,5.9234285,5.044458,5.4119687,5.0820947,5.4414716,5.4198213,4.390668,5.5124073,4.2715073,4.3272104,5.145592,5.727304,5.4386487,5.1735373,4.318554,4.347948,4.7222204,4.3224936,4.658349,4.7332277,4.315202,4.4617305,4.7868853,4.7634,4.4972177,4.5441713,4.6845984,4.671953,4.679561,4.9162555,4.9510536,5.1208544,5.019673,5.2582984,4.5966625,4.455724,4.3028784,4.496623
26,3.1805904,3.1688232,2.635413,2.8300917,2.175782,2.13499,2.1755905,3.29871,2.0111587,3.9013088,2.793799,2.3807724,2.4803662,2.8101912,3.8406832,2.4735034,3.8926973,4.1013284,3.785843,4.1003733,3.6131368,3.6948953,3.2048628,3.1731584,1.5072526,0.4292903,0.0,0.26695487,0.99678326,1.2594917,1.2115767,1.0786948,6.1330514,5.975591,6.045034,4.9530897,6.1084146,5.923868,6.1834073,6.371307,4.807462,5.0446835,5.0032578,5.0810275,4.999512,4.986342,4.755036,4.6774797,4.3893337,4.5136437,5.051373,4.6919193,5.6760473,5.6071935,4.049249,4.8364124,5.154417,4.8783026,4.9127207,4.876947,6.225447,5.4208956,4.8810215,4.8516903,6.616071,6.8816724,6.3522534,6.2471614,6.6056423,6.5818214,6.54039,6.5700517,6.286086,6.5810738,6.8306603,6.8306603,5.477117,6.2792034,6.2110796,6.056062,4.595543,5.2754197,5.2339673,5.707214,5.543814,5.3980694,6.4261,5.476456,5.94634,6.1740026,6.1037593,5.247955,5.5629325,5.231999,5.641073,5.628768,4.335486,5.700719,4.222493,4.280759,5.263964,5.776472,5.544363,5.157072,4.438911,4.471567,4.869413,4.4423895,4.7678504,4.859903,4.4532604,4.598622,4.9545813,4.934785,4.630098,4.6760597,4.8038783,4.7885623,4.805088,5.0324483,5.156731,5.3113413,5.202039,5.41825,4.708122,4.5959496,4.409288,4.600094
27,3.215243,3.2035913,2.6331756,2.7938764,2.1631737,2.1209702,2.1812308,3.374363,1.984798,3.879224,2.7935631,2.3468907,2.4694307,2.744303,3.7937796,2.412365,3.8463635,4.066335,3.776276,4.134614,3.6078334,3.669936,3.1901183,3.1430583,1.3595674,0.23318385,0.26695487,0.0,0.85212326,1.1849248,1.0753185,0.98678184,6.0763636,5.921818,5.985556,4.867139,6.035546,5.8655095,6.131508,6.3237996,4.753466,4.976498,4.917537,4.9973855,4.908925,4.8970785,4.724028,4.6440206,4.289522,4.4129314,4.959229,4.5880756,5.535684,5.471263,4.003934,4.778656,5.0303507,4.7577915,4.7951865,4.7612143,6.111942,5.2899528,4.775246,4.74374,6.5421944,6.815338,6.262762,6.164294,6.5166955,6.496282,6.4556594,6.484833,6.2036724,6.5155883,6.7594213,6.7594213,5.4338713,6.1951294,6.133622,5.9805584,4.553031,5.14463,5.1344156,5.5789676,5.422819,5.283842,6.321979,5.3541245,5.840427,6.075987,6.0033975,5.136216,5.4499173,5.1114817,5.5053306,5.4859886,4.34619,5.5508623,4.235903,4.2938514,5.158379,5.702963,5.448106,5.1352134,4.3294506,4.3604527,4.7452884,4.336501,4.6726794,4.7577434,4.343775,4.49313,4.8349967,4.8090525,4.5420685,4.5824046,4.714801,4.69721,4.708662,4.949749,5.008036,5.174663,5.0618606,5.2854123,4.619683,4.487712,4.318784,4.516907
28,3.4303913,3.423753,2.6847024,2.787335,2.2995548,2.3395545,2.3819373,3.4572854,1.9462609,3.5533547,3.0302875,2.430342,2.5180426,2.8117754,3.6688247,2.3478749,3.9348667,4.1013546,3.8736784,4.274672,3.8449214,3.8705575,3.4121945,3.3257985,1.2497268,0.9430936,0.99678326,0.85212326,0.0,1.0147672,0.5224063,0.7016641,6.0686502,5.9423065,5.9715476,4.625081,6.022118,5.875039,6.1572013,6.37476,4.7557526,4.9362335,4.9028983,4.991591,4.84521,4.8243456,4.6753545,4.596637,4.1240935,4.368996,4.886283,4.456407,5.2663865,5.1388154,3.8900812,4.664293,4.8807826,4.487019,4.5346837,4.4632764,5.9863377,5.1623282,4.5862126,4.557634,6.6752496,6.981542,6.358245,6.28568,6.635715,6.5907865,6.5905156,6.6060395,6.3309093,6.735097,6.9183755,6.9183755,5.548621,6.26775,6.224158,6.003472,4.7352114,5.1717453,5.221727,5.612993,5.4931264,5.3830824,6.362635,5.381305,5.9002686,6.171483,6.069884,5.2359653,5.4714336,5.076453,5.491868,5.477347,4.355424,5.3222327,4.237911,4.3119316,5.126419,5.4755588,5.449706,5.212141,4.213588,4.2449555,4.675119,4.2321715,4.660158,4.7421885,4.2684636,4.4088297,4.7960286,4.7472425,4.5652447,4.5636287,4.713539,4.673518,4.7175364,4.99418,4.8473773,5.025389,4.9133387,5.090655,4.678017,4.473555,4.236629,4.3553386
29,3.9279864,3.9218752,2.5217366,2.6589427,2.1060345,2.1456552,2.4663432,3.48378,1.8372077,3.4185908,2.9898427,2.2561874,2.3295004,2.509627,3.5397568,2.2282784,3.692782,3.9925168,3.737062,4.0693207,3.5576441,3.5958834,3.1679497,3.0908937,1.3491127,1.2671154,1.2594917,1.1849248,1.0147672,0.0,1.2097167,1.2071582,5.8434567,5.6646237,5.7377295,4.587899,5.73633,5.58021,5.921827,6.088492,4.5477095,4.863311,4.682503,4.7744217,4.682471,4.6518464,4.450844,4.369898,4.0822783,4.3373466,4.7738156,4.3358808,5.243457,5.100108,3.8716915,4.668681,5.306187,4.525792,4.5766964,4.5092354,6.200009,5.4560347,4.523309,4.4911833,6.9649734,7.197163,6.7082496,6.6215115,6.883175,6.832642,6.816961,6.840926,6.5047703,6.93574,7.050895,7.050895,5.9239655,6.5982647,6.534552,6.36336,4.749955,5.193911,5.226719,5.624663,5.5873766,5.451252,6.4923863,5.474755,5.9565387,6.1712766,6.1392922,5.340488,5.3373547,5.0214844,5.4574866,5.3916445,4.241341,5.233998,3.9936595,4.0185475,5.138618,5.447021,5.3560543,5.112908,4.0775847,4.1098485,4.552322,4.060718,4.9012866,4.9854527,4.162803,4.204992,4.70321,4.705606,4.518065,4.556792,4.6200833,4.5892835,4.7776785,5.0473094,4.7637177,4.9406743,4.816045,4.812819,4.5101237,4.5428185,4.136924,4.2621427
30,3.5294173,3.5229769,2.7408824,2.8121023,2.4116127,2.440501,2.4815197,3.6339357,2.0747888,3.6762545,3.0085618,2.4843411,2.5839672,2.8752913,3.402949,2.4105625,4.195762,4.3559146,4.147897,4.541844,4.0160003,4.0349216,3.5768871,3.4845157,1.305043,1.1191305,1.2115767,1.0753185,0.5224063,1.2097167,0.0,0.90038764,5.940794,5.8159914,5.8316574,4.3651404,5.891668,5.743495,6.0367184,6.249957,4.627167,4.7993226,4.744787,4.842116,4.6819935,4.672152,4.5691957,4.491085,3.8939395,4.117537,4.676773,4.237537,5.051956,4.9638376,3.6419773,4.4820304,4.6379843,4.199817,4.248878,4.193792,5.7492,4.9733486,4.362529,4.332304,6.450678,6.732098,6.197448,6.1225934,6.442779,6.4116387,6.3856506,6.395517,6.1386433,6.581058,6.806835,6.806835,5.445934,6.1651797,6.113177,5.8549466,4.492986,4.9196205,4.98142,5.3706484,5.2070217,5.101156,6.110276,5.10225,5.669524,5.906633,5.8459167,5.1540885,5.2128224,4.796623,5.2407756,5.222054,4.2289896,5.182647,4.0561595,4.1211386,4.989535,5.4078274,5.326565,5.164425,4.056364,4.0902457,4.5099463,4.0944924,4.562543,4.6322002,4.1230063,4.248835,4.623934,4.594221,4.393723,4.416098,4.5371785,4.4995327,4.547609,4.827755,4.662003,4.816585,4.718598,4.8957534,4.5444603,4.304494,4.045286,4.1845384
31,3.342193,3.335566,2.8284984,2.9318397,2.402111,2.449995,2.4829292,3.5641885,2.1672518,3.71699,3.1681962,2.5567675,2.6319065,2.9049335,3.8713217,2.49939,3.9993458,4.1161966,3.9077516,4.2798133,3.6314044,3.6738403,3.1810908,3.0764914,1.4300193,1.0519751,1.0786948,0.98678184,0.7016641,1.2071582,0.90038764,0.0,5.9029603,5.7563405,5.791845,4.7005615,5.847041,5.6925116,5.9918547,6.2054715,4.771972,4.932662,4.9351034,5.010536,4.8762603,4.847079,4.636569,4.548005,4.360168,4.59449,5.186956,4.750538,5.46275,5.3346066,4.104588,4.8373814,5.0713134,4.7990584,4.8340516,4.776506,6.1080065,5.299317,4.856906,4.8198,6.7269917,6.9613395,6.491101,6.4200034,6.733993,6.682013,6.6790257,6.698438,6.3170977,6.80395,6.9749994,6.9749994,5.6404233,6.3920593,6.3825397,6.134728,4.8951616,5.3581767,5.418955,5.7871265,5.6925735,5.575278,6.369431,5.547165,5.873576,6.0451183,6.049697,5.140324,5.7203755,5.2271485,5.655725,5.655304,4.4737797,5.4919877,4.3627,4.4593425,5.492966,5.8072667,5.7826552,5.519284,4.396106,4.427333,4.8812523,4.4353204,4.777107,4.83041,4.453028,4.6032643,4.995657,4.925491,4.757172,4.772674,4.9739237,4.931154,4.9223466,5.221324,5.1016397,5.180178,5.147504,5.363546,4.891444,4.689718,4.4834185,4.631628
