,0,1,2,3,4,5,6,7,8,9,10,11,12,13,14,15,16,17,18,19,20,21,22,23,24,25,26,27,28,29,30,31,32,33,34,35,36,37,38,39,40,41,42,43,44,45,46,47,48,49,50,51,52,53,54,55,56,57,58,59,60,61,62,63,64,65,66,67,68,69,70,71,72,73,74,75,76,77,78,79,80,81,82,83,84,85,86,87,88,89,90,91,92,93,94,95,96,97,98,99,100,101,102,103,104,105,106,107,108,109,110,111,112,113,114,115,116,117,118,119,120,121,122,123,124,125,126,127
0,0.0,1.7767339,2.3571265,1.687127,1.1796408,1.5941609,2.2523031,2.0535622,0.8356736,0.8864372,1.1513331,1.5617036,1.3023103,1.3658013,1.3198867,1.3898771,2.0564582,1.9434053,1.4354753,1.8956852,2.326791,2.1252847,2.3628378,1.9775012,2.9916399,3.0897465,4.520034,3.5450468,2.7961888,2.1428738,2.902532,2.925539,2.1929102,2.2775412,2.5323374,2.2927716,3.172775,3.630176,3.251089,3.3209255,2.2476935,1.8805659,2.7737756,2.646457,1.8424935,2.249647,2.778825,2.7456622,1.9371128,2.0108159,1.1135728,1.9007467,2.0692966,2.6584435,1.9771534,2.4016116,2.410242,2.3020318,1.4152945,1.4350319,1.5126768,1.1774867,1.7469937,1.425882,3.7128088,2.0573752,2.243821,2.2853773,2.5304272,2.5877414,2.6923327,2.0619047,2.3707938,3.6164153,2.5261183,2.5816453,2.5066748,2.3436651,1.9145089,2.59608,3.523161,2.8348773,3.347045,3.334198,2.095055,2.0179477,2.0437968,1.9858373,2.649612,2.5020218,2.668056,2.5073447,3.0535753,3.06003,2.7535138,3.0274901,2.5448685,2.527894,3.2433565,3.318047,3.5250971,2.6848986,3.265595,3.2411766,3.6959307,3.6611564,3.0283787,3.1383681,3.2896936,3.3642266,3.513343,3.1614475,3.7545002,2.923133,2.838954,2.8148,2.708447,2.9579415,2.7715154,2.734001,2.957307,2.9970343,2.8396034,2.863203,3.588668,2.9171088,2.9817853,2.909107
1,1.7767339,0.0,2.427442,1.4916122,1.5030897,1.7200055,2.9003913,2.7882452,1.6454743,1.6059748,2.1668289,1.9835511,1.7270933,1.8033539,1.8005403,1.8602164,2.4849615,2.3841937,2.0890837,1.7559823,2.6851134,2.509883,2.8114111,2.3748078,2.5125923,3.1188931,4.5048976,3.063012,2.9731157,2.496271,3.7952628,3.8030908,2.782822,2.7913392,3.0092041,2.7836924,4.1324296,3.0011017,3.506576,3.5472422,2.7324572,2.4505005,3.304576,3.612431,2.6528056,2.247206,3.1203349,3.085238,2.417774,2.4654174,1.8696932,2.459783,2.4654129,3.4480436,2.4273798,2.7505422,2.3598046,2.2906368,1.8797169,1.916874,1.9614772,1.7829796,2.1533108,1.9486674,4.050394,1.9393182,3.1327326,3.0744758,3.3095808,3.2979865,3.695836,3.0649858,2.768917,3.0305786,2.5683172,2.629053,3.1247077,3.164254,2.7973025,3.4080248,2.7493224,2.9718125,3.1346345,3.1130686,2.6599605,2.4376578,2.0853229,2.2306995,2.503251,2.3608274,2.5556448,2.4408295,2.9632893,2.9715946,2.7009933,2.9587314,2.1496139,2.102453,2.8650641,2.796833,3.1358483,2.0815618,2.803397,2.803289,3.3947246,3.3294275,2.641023,2.604678,2.8442602,2.9998696,3.1946611,2.7704446,3.4640396,2.5964808,2.4216173,2.4631677,2.3432038,2.566135,2.4241812,2.3503852,2.640147,2.743807,2.534643,2.5214455,2.7220244,2.6520057,3.2426484,2.632816
2,2.3571265,2.427442,0.0,1.6984165,1.6747493,2.0020354,2.8578274,2.8857615,2.0638387,1.9382643,1.9886085,2.2511578,1.9739143,2.1760294,1.7237021,2.0784564,2.1455486,2.3991728,2.310006,2.6061125,2.5761116,2.6085656,2.8901727,2.4104388,2.4883213,2.7339203,3.9986658,2.4608004,2.8835497,2.682826,4.5190353,4.510942,3.4286468,3.4843755,3.4408937,3.4590724,4.112333,3.865618,4.009058,4.1273375,2.950378,2.9421833,3.5034578,3.545716,3.1298535,3.4476116,2.6015697,2.5977476,2.5166504,2.515612,2.06545,2.5600054,2.4894385,2.558348,2.416929,2.7502186,1.2920713,1.2430763,2.1114202,2.1545804,1.9348623,2.0181901,2.327749,2.096268,3.6759577,2.2217078,2.49017,2.2998438,2.624031,2.6293268,2.768596,2.150111,2.6601975,3.8510368,3.1021402,3.156535,2.662285,2.8746154,2.1076143,2.8951998,3.3836493,2.7367074,3.2861986,3.3632224,2.3940442,2.0595653,2.3191192,2.5164986,2.8317451,2.7195816,2.7567954,2.6258495,2.9835544,2.99317,2.924508,3.0008898,1.8279029,1.8334206,2.983708,3.0053442,2.8739796,2.1575906,2.439038,2.4844415,3.0148244,3.01127,2.534079,2.6123207,2.8032923,3.231847,2.890349,2.7165306,2.9452176,2.7854433,2.1114156,2.20995,2.4025185,2.6800053,2.3541212,2.3658257,2.7127583,2.5979438,2.4992206,2.524947,3.2281077,2.6967363,2.4383008,2.634143
3,1.687127,1.4916122,1.6984165,0.0,1.393184,1.8336616,2.8783102,2.8555403,1.566755,1.564166,1.9148726,1.8357539,1.7731377,1.6818812,1.5582095,1.8083187,1.7769784,2.1843443,1.9014871,2.2063272,2.3032315,2.280027,2.6570275,2.1598685,2.486574,3.121697,4.350111,2.5542097,2.666046,2.2585475,3.6919992,3.7024531,2.603005,2.650695,2.5946088,2.5329514,3.9092157,2.899924,3.3536508,3.4403071,2.1076274,2.0163677,2.5995417,2.8933346,2.2370863,2.2609682,2.8192239,2.7991338,1.9996471,2.0132363,1.4082526,2.034336,1.9797668,3.0190277,1.942874,2.2866657,2.0411317,1.9480366,1.4684175,1.5403275,1.3911903,1.3120769,1.7828958,1.3918014,3.3936336,1.2397282,2.5405886,2.4821117,2.816441,2.7852156,2.6353672,2.3763733,2.3612134,3.1502721,2.323504,2.38849,2.8033614,2.8668132,2.2169528,2.9188807,2.8127167,2.6462743,3.2998602,3.3102949,2.2094083,1.8982824,1.4356726,1.7296792,2.5906658,2.4018412,2.482627,2.3021984,2.7278745,2.7414403,2.575404,2.7413106,1.4080637,1.4038438,2.490756,2.4516625,2.2724857,1.402577,1.871547,1.9143122,2.630921,2.5832646,1.8710755,1.944173,2.2196608,2.4195783,2.5128284,2.0757575,3.0898054,2.258922,1.9683074,2.0216827,1.6806946,2.0559514,1.7162416,1.6948876,2.3100226,2.1684923,1.9948283,1.9942675,2.8359869,2.182263,2.6025875,2.235066
4,1.1796408,1.5030897,1.6747493,1.393184,0.0,0.99970084,2.0131335,1.8058958,0.6807201,0.7748806,0.97965264,1.2886194,0.87690175,1.0069318,0.64891714,0.9764955,1.7609174,1.720148,1.3447206,1.6547487,2.1932564,2.0012457,2.2410114,1.7617389,2.3748057,2.564582,4.145193,2.9827762,2.4742389,1.819598,3.716105,3.7448719,2.341604,2.3848896,2.6135662,2.360778,3.2574031,3.2757921,3.1329067,3.169218,2.1699588,1.9082768,2.762673,2.7475984,1.9890969,2.4174912,2.7065954,2.6811109,1.7624956,1.8039818,0.9021279,1.7766016,1.8269548,2.2106154,1.7024975,2.1266434,1.5292783,1.4703598,0.9438806,0.9873331,1.0766233,0.9386764,1.6025411,1.1978865,3.6250694,1.8580228,2.1862519,2.1811385,2.5035956,2.5483043,2.754315,1.993186,2.1686442,3.337819,2.52414,2.5766222,2.205745,2.3077922,1.8026403,2.5023224,3.1542408,2.4801216,3.0802596,3.0942621,2.2343574,1.8965377,1.9880295,2.1960351,2.483014,2.3227837,2.4999218,2.3101366,2.9173615,2.9277582,2.6765199,2.9181876,2.1810915,2.1613367,2.8123689,2.8384202,3.015774,1.9861629,2.7042143,2.7242484,3.3193588,3.255389,2.5943348,2.6322155,2.8394175,3.0041149,3.0128915,2.6981766,3.3738186,2.6339674,2.421643,2.4326913,2.2669122,2.4974213,2.2951984,2.2866364,2.660635,2.7178113,2.5059457,2.5221379,3.2572649,2.6544812,2.7207031,2.6197782
5,1.5941609,1.7200055,2.0020354,1.8336616,0.99970084,0.0,2.2277465,2.0305521,1.3967179,1.2011536,1.3744128,1.7982068,1.4569082,1.6985911,1.414229,1.6590675,1.9524322,1.8707684,1.4352642,1.542947,2.2064958,1.9651256,2.5801208,1.9034754,2.4101882,2.4670367,4.078628,3.1159308,2.4780948,1.9645395,3.810942,3.7437408,2.5495288,2.588754,2.845708,2.5695245,3.4516075,3.3954966,3.470908,3.439278,2.4904878,2.135367,3.1213706,3.073605,2.273853,2.714747,2.715956,2.6929617,2.0651085,2.0918021,1.5208713,2.069701,2.108627,2.3900282,2.021342,2.2948294,1.5771405,1.4793015,1.1320763,1.0727798,1.5550478,1.2902722,1.891983,1.3582486,3.5675335,1.9231837,2.1544404,2.1584938,2.231377,2.190456,2.9176722,2.222698,2.165216,3.176886,2.598094,2.6420627,1.9805268,2.1648767,1.7836524,2.4155176,2.9453092,2.2311614,2.758275,2.852465,2.5098085,2.1123416,2.0770438,2.4317756,2.4665234,2.2301698,2.4689972,2.21723,2.8998744,2.9110622,2.6568785,2.9021902,2.204407,2.1768117,3.0400956,3.0596836,3.0680463,2.030866,2.822074,2.8894932,3.598726,3.5006669,2.6977305,2.8401954,3.037951,3.2290566,3.5974627,2.7823377,3.2225504,2.6342463,2.382822,2.4820542,2.345193,2.6498802,2.6871312,2.3349571,2.644597,2.7470503,2.5254478,2.5228574,3.205385,2.6140976,2.8024127,2.6514187
6,2.2523031,2.9003913,2.8578274,2.8783102,2.0131335,2.2277465,0.0,1.0243815,2.0212235,2.1638649,2.0648942,2.607253,2.0389037,2.0543647,2.118966,2.3445034,2.5378609,2.4391787,2.2436981,2.3710334,3.3174381,2.7777576,3.0012336,2.718607,3.3182082,2.8909144,4.4644737,3.7661572,2.9059603,2.1956782,4.018882,4.1772046,2.8614354,2.8517873,3.0281515,2.8104722,2.9864876,4.377037,3.1563232,3.3715978,2.0056496,2.2153492,3.0856864,2.7339807,2.508334,3.207645,2.7350087,2.7108498,2.6820016,2.7358243,1.906166,2.6328647,2.5770261,2.1223197,2.6354804,3.0154483,2.501335,2.4821742,1.9803753,1.939708,2.0635033,2.0070357,2.1963863,2.118417,3.7082849,2.8959534,2.4314888,2.4575226,2.885882,2.89004,3.4724264,2.086559,2.2719605,3.805899,2.925436,2.974776,2.0678408,2.028495,2.0434113,2.203656,3.5427928,2.4746494,3.0012884,2.9126573,2.6627862,2.4030943,3.017862,3.0952039,2.665185,2.5579064,2.725474,2.4758565,2.7701635,2.776371,2.9588203,2.7597945,3.4198287,3.405271,3.8329039,3.8637748,3.9643867,3.1866438,3.6471376,3.653256,4.049037,3.91444,3.5139995,3.6477602,3.6801662,3.7578433,3.5449278,3.3741515,4.235026,3.595887,3.598187,3.5169191,3.0505958,3.315478,2.901087,3.0741098,3.261317,3.7704506,3.4492676,3.5153952,4.1584334,3.3353856,3.2446566,3.4275155
7,2.0535622,2.7882452,2.8857615,2.8555403,1.8058958,2.0305521,1.0243815,0.0,1.6851157,1.8351848,1.6907301,2.3456469,1.6581476,1.754983,1.8071055,1.9992659,2.4610517,2.387792,2.16825,2.2803245,3.204221,2.6776614,2.8589454,2.587265,3.3104355,2.829631,4.4935746,3.8140206,3.1326175,2.0897894,3.9446137,4.100328,2.6026554,2.5896914,2.8161535,2.5710015,2.7271075,4.2907896,3.0841024,3.2009172,2.3292196,2.4789844,3.3149307,2.9564354,2.2589488,3.0670083,3.0732503,3.0520408,2.5373642,2.5836132,1.7263101,2.4936538,2.5044935,1.9358224,2.4827514,2.8719225,2.4794016,2.4611342,1.9061378,1.8581793,2.0008178,1.9050512,2.2013583,2.0250113,4.155957,2.855135,2.3200803,2.4449618,2.808386,2.8391292,3.371668,2.0024087,2.237595,3.749415,2.9684691,3.0103056,1.9935933,1.9287341,1.9970835,2.137792,3.5992725,2.4066591,2.9903908,2.911123,2.6240745,2.3763998,2.9847443,3.039886,2.6310437,2.524684,2.7051988,2.6246424,3.0714955,3.080703,2.7967238,3.0645149,3.4461908,3.4297245,3.7869332,3.8325531,3.9177575,3.1523957,3.6388426,3.6379364,4.340968,4.2197475,3.4798636,3.6198604,3.7845156,3.8343837,3.7020645,3.548726,4.2625375,3.6310182,3.622967,3.526071,3.292603,3.4974015,3.1626048,3.3048496,3.4621215,3.7672007,3.4686632,3.5077991,4.1972656,3.580266,3.228864,3.4924808
8,0.8356736,1.6454743,2.0638387,1.566755,0.6807201,1.3967179,2.0212235,1.6851157,0.0,0.62643635,0.933294,1.3035587,0.6669439,0.8218271,0.6629189,0.96253186,1.862481,1.8251389,1.4351976,1.8447325,2.3431838,2.0870516,2.2786014,1.8739033,2.6094098,2.810098,4.364031,3.2263474,2.6584983,1.837606,3.317862,3.4082203,2.2081316,2.2601793,2.5222921,2.2399824,3.1757822,3.4559722,3.0594373,3.118571,2.1923091,2.0055537,2.7370677,2.665862,1.7753639,2.288691,2.6966012,2.6700547,1.7929312,1.8469973,0.786519,1.781088,1.8571802,2.390417,1.7586097,2.2183993,1.9571524,1.9019307,1.166347,1.1977745,1.0739436,0.946596,1.5768186,1.2831132,3.843575,2.0184646,2.262473,2.3085337,2.6477401,2.6911564,2.7375805,2.027274,2.324157,3.542415,2.6033707,2.6604347,2.406483,2.4078567,1.9280499,2.619243,3.2886012,2.5612204,3.2183068,3.1862302,2.118793,1.9042009,2.0624442,2.09036,2.5370495,2.4057176,2.592436,2.4701586,3.068465,3.0775006,2.7016606,3.0623116,2.390482,2.376626,3.1074271,3.1433933,3.303527,2.3643508,3.011069,2.9921331,3.673892,3.6138873,2.8694859,2.9556718,3.1728833,3.2894547,3.2152424,3.0322797,3.612977,2.9227455,2.7997859,2.7513406,2.6339755,2.8554032,2.5378134,2.6506453,2.932106,2.9658532,2.7550123,2.771442,3.5675085,2.920792,2.9152024,2.8435638
9,0.8864372,1.6059748,1.9382643,1.564166,0.7748806,1.2011536,2.1638649,1.8351848,0.62643635,0.0,1.0794584,1.4327183,0.7696692,1.074256,0.84914136,1.0867509,1.9129341,1.8391571,1.3997868,1.8589001,2.3943498,2.1187916,2.395545,1.8910725,2.488301,2.530265,4.3101044,3.0532155,2.8739774,2.0146592,3.3897002,3.4221585,2.3087394,2.3569837,2.5917604,2.3605876,3.2717283,3.4182951,3.2262306,3.2690349,2.389759,2.1617956,2.8375719,2.8346999,1.9358162,2.3634965,2.598507,2.5741055,1.8389252,1.8950201,1.0275484,1.8457798,1.9367276,2.4522216,1.8295393,2.2781434,1.7352679,1.6648158,1.260493,1.3057096,1.2964382,0.9741417,1.6635231,1.3391418,3.8333316,1.8405677,2.2728877,2.3014343,2.5643253,2.5914562,2.592761,2.0823271,2.0849628,3.3673558,2.3973308,2.455197,2.3189938,2.2377238,1.8709619,2.4611344,3.0823178,2.355632,3.001163,3.012913,2.0510464,1.856387,1.9352293,1.9473822,2.5392156,2.4107537,2.5813513,2.489286,3.0502799,3.0590837,2.6428516,3.0382035,2.1534753,2.127869,2.962281,3.0085003,3.1971023,2.2693224,2.9034925,2.8841276,3.6281648,3.5610068,2.7244158,2.790953,3.0214167,3.2107234,3.273857,2.9404957,3.4369915,2.7580085,2.4988499,2.4837954,2.5590901,2.7513294,2.6160212,2.5654364,2.8874972,2.871101,2.6607747,2.679254,3.5374374,2.8811195,2.864652,2.7364805
10,1.1513331,2.1668289,1.9886085,1.9148726,0.97965264,1.3744128,2.0648942,1.6907301,0.933294,1.0794584,0.0,1.4691298,1.160203,1.3287532,0.90884894,1.298151,1.9289407,1.9495021,1.5391933,1.8807722,2.1797957,2.0785172,2.383221,1.958937,2.9868774,2.8991473,4.168027,3.580202,2.6891406,1.9984913,3.4890063,3.501593,2.408725,2.509478,2.730859,2.4344814,2.8700478,3.8628213,3.0757208,3.1547227,2.4424949,2.1955779,3.1509345,2.8702154,2.0578136,2.885697,2.8568528,2.8386903,1.9012859,1.9467462,1.1285142,1.8634219,1.9886347,1.8354838,1.837602,2.2697399,2.0048475,1.9087312,1.3737277,1.3345997,1.3833022,1.2094293,1.74284,1.2397344,3.9035087,2.3768234,2.1047096,2.176486,2.4008553,2.4437313,2.827791,1.7919204,2.3489697,3.6648262,2.9501092,2.9852822,2.3081665,2.2742739,1.6285995,2.257707,3.7535958,2.73715,3.3939753,3.4229946,2.3546185,2.1544683,2.503057,2.5545487,2.787733,2.6511538,2.8279088,2.6751175,3.2483501,3.2614605,2.8956354,3.247514,2.635792,2.62673,3.2359662,3.3267229,3.4343464,2.5922365,3.1797762,3.1820076,3.819867,3.773842,3.115878,3.2479055,3.505812,3.616033,3.630802,3.3107882,3.8372881,3.2737868,3.0522795,3.0879781,2.9662116,3.2383356,3.0029633,2.982744,3.1362119,3.1121793,2.998761,2.9975622,3.6575031,3.1217372,2.8393528,3.1217625
11,1.5617036,1.9835511,2.2511578,1.8357539,1.2886194,1.7982068,2.607253,2.3456469,1.3035587,1.4327183,1.4691298,0.0,1.5653362,1.6629994,1.2810509,0.721976,2.2133667,2.3199975,1.9004064,2.2166626,2.8935332,2.8728504,1.9890116,2.2803779,2.876456,3.0985835,4.2945623,3.4515874,3.0487704,2.3067787,3.6516817,3.6584914,2.5224044,2.6144776,2.7943926,2.524399,3.3544178,3.4250016,2.8201742,2.798267,2.5971308,2.3460734,2.9801953,3.0848215,2.643068,2.7252562,3.0317707,3.0149722,2.0729492,2.1058652,1.5842553,2.0698817,2.1471257,2.6723716,1.9777431,2.3947568,2.191606,2.1610556,1.5651778,1.6050546,1.6628088,1.4955963,2.0053651,1.6136009,3.9616303,2.1956966,2.664899,2.741047,3.0049024,3.2122285,2.9700553,2.4846814,2.4976983,3.486861,2.809192,2.8508089,2.8401644,2.8098476,2.2867866,2.8302772,3.4870634,2.8592734,3.4450943,3.450213,2.539987,2.2844405,2.378986,2.4003372,2.8897448,2.7866642,2.954198,2.8390176,3.3427007,3.3569794,2.9977312,3.3440473,2.4413059,2.4461398,2.375745,2.4851038,3.222293,2.3860116,3.0396738,2.984769,3.1951294,3.1614985,2.86242,3.0130255,3.2911093,3.458712,3.4890916,3.0660262,3.6672757,3.1071293,2.8445573,2.8753467,2.764974,3.064248,2.8598413,2.8111715,2.966977,2.8545082,2.782476,2.7720568,3.4672725,3.235946,2.936652,2.8939407
12,1.3023103,1.7270933,1.9739143,1.7731377,0.87690175,1.4569082,2.0389037,1.6581476,0.6669439,0.7696692,1.160203,1.5653362,0.0,0.9231388,0.67682594,1.0691524,1.9063882,1.7979337,1.5050161,1.8164223,2.4378414,2.1025846,2.361237,1.81709,2.355169,2.5495696,4.219256,3.0021167,2.7260349,1.9059223,3.562009,3.6644714,2.4091616,2.4365313,2.6850014,2.4445512,3.3805084,3.6079288,3.218203,3.233725,2.4949183,2.4181662,3.053135,2.988771,2.075106,2.5883777,2.7248514,2.703151,1.9150704,1.9759445,1.1648523,1.9348792,1.9850228,2.395908,1.8940921,2.295157,1.7505735,1.719936,1.4707875,1.4940691,1.335556,1.2130097,1.8282317,1.5811863,4.008157,2.1897054,2.4003246,2.4113832,2.7156422,2.7392704,2.9373543,2.1664813,2.4119515,3.5376427,2.794213,2.839242,2.4685557,2.5068083,2.1235685,2.7673323,3.201302,2.4719582,3.1821587,3.1465266,2.3655443,2.0845025,2.228297,2.3581967,2.555813,2.401162,2.560615,2.516973,3.09733,3.1037319,2.684538,3.089128,2.3720474,2.3569717,3.1896076,3.214119,3.3023534,2.381391,3.0061045,3.015691,3.7969353,3.7208693,2.9037237,2.9740746,3.2352042,3.4104319,3.2251644,3.112988,3.448704,2.9476354,2.7973177,2.7578962,2.8086417,3.0117345,2.6534705,2.7957177,3.0540848,3.0450587,2.8424807,2.8442712,3.5842378,3.0301528,2.9708326,2.9168582
13,1.3658013,1.8033539,2.1760294,1.6818812,1.0069318,1.6985911,2.0543647,1.754983,0.8218271,1.074256,1.3287532,1.6629994,0.9231388,0.0,0.8297706,1.2718718,1.8821679,1.7000748,1.4848549,1.8888706,2.3426387,2.0696747,2.2934182,1.8717515,2.5032074,2.770295,4.4065757,3.0260093,2.5162318,1.6393129,3.555862,3.6563077,2.708651,2.7313864,2.9342725,2.643729,3.6197455,3.734964,3.0158157,3.3877945,2.2392576,2.1101274,2.7803535,2.7392733,1.863118,2.4866304,2.9966874,2.9675207,2.3074284,2.3666306,1.0402242,2.3106477,2.332023,2.4480183,2.241958,2.5714781,2.0789149,2.0182123,1.3782326,1.4065194,1.3467504,1.2341636,1.2458212,1.5162715,4.234914,2.1896732,2.589519,2.6190012,2.9326656,2.9541426,2.9547718,2.3346171,2.4475746,3.7907565,2.78466,2.842531,2.6196392,2.6648598,2.0094905,2.7901478,3.3713713,2.7407305,3.5216787,3.4807703,2.2003021,1.8670293,2.2681131,2.495579,2.88131,2.7062273,2.831795,2.753602,3.2900553,3.2965305,2.9530036,3.281443,2.4998078,2.4854057,3.121096,3.128749,3.4070616,2.3160748,2.9301994,2.959613,3.721136,3.6328318,2.9130356,2.8426676,3.1167588,3.198263,3.0900497,3.0308185,3.6421206,2.8381557,2.888248,2.8799388,2.6543245,2.8054867,2.531961,2.6918738,2.935466,3.157689,2.9126322,2.9355407,3.7051003,3.0354533,2.9614677,2.83999
14,1.3198867,1.8005403,1.7237021,1.5582095,0.64891714,1.414229,2.118966,1.8071055,0.6629189,0.84914136,0.90884894,1.2810509,0.67682594,0.8297706,0.0,0.964999,1.7700503,1.7672119,1.4589411,1.9004451,2.2720878,2.086356,2.233561,1.8024557,2.3753061,2.5544965,3.99411,2.9985733,2.6506026,1.806797,3.6773906,3.7515836,2.4763114,2.539076,2.7546961,2.4596343,3.3070729,3.5197804,3.0426915,3.1712518,2.3893728,2.2358322,2.8630445,2.8270855,2.03435,2.6201863,2.7443998,2.7269077,1.850262,1.9012101,0.9298047,1.8627015,1.8960559,2.1569192,1.7645134,2.1872556,1.5893869,1.5315949,1.2600616,1.2910007,1.080999,1.0344706,1.5298349,1.2752346,4.004362,2.1492662,2.461228,2.4747772,2.7897487,2.8205345,2.781978,2.1243317,2.3111105,3.5608742,2.7340603,2.7733626,2.4898589,2.5284677,1.9418261,2.5881586,3.3600435,2.5943444,3.3787122,3.3706055,2.305049,1.9828866,2.2289317,2.3915374,2.7991204,2.6536753,2.8141193,2.6987138,3.2543137,3.2664185,2.9105473,3.2583616,2.216415,2.2061424,2.8669138,2.9027328,3.1736472,2.1630886,2.8277822,2.845054,3.553322,3.4916537,2.801158,2.889164,3.1897254,3.3624694,3.1720965,3.0074701,3.4459376,2.9338064,2.7335534,2.7415233,2.6728532,2.937463,2.5597043,2.682436,2.879937,2.8611915,2.7005398,2.7014458,3.5043468,2.8874195,2.7712305,2.7784455
15,1.3898771,1.8602164,2.0784564,1.8083187,0.9764955,1.6590675,2.3445034,1.9992659,0.96253186,1.0867509,1.298151,0.721976,1.0691524,1.2718718,0.964999,0.0,2.081209,2.0402355,1.685448,2.0380707,2.74008,2.621331,1.9010013,2.0105498,2.6696515,2.8423233,4.370951,3.233,2.9173882,2.1606069,3.7063746,3.748735,2.4312046,2.4840777,2.6948981,2.4837751,3.3268607,3.4935915,2.956637,2.951294,2.539822,2.3401568,2.9790561,3.005136,2.425345,2.5927835,3.0404975,3.018114,1.9957359,2.0412858,1.3875558,2.0148976,2.1197703,2.4614725,1.9381256,2.3474095,2.0018084,1.9910328,1.5125961,1.5689986,1.6020097,1.4235004,1.9985795,1.6946722,3.9655142,2.1481962,2.4496012,2.4979737,2.8100972,3.0173144,2.8793664,2.264666,2.4566438,3.5789003,2.821738,2.8676126,2.621888,2.6291099,2.1786623,2.816508,3.447973,2.7616248,3.360411,3.348964,2.4587178,2.1844523,2.3048306,2.3927956,2.7395625,2.6152472,2.7447295,2.6812942,3.2319894,3.2400212,2.8363688,3.2198176,2.5221295,2.5181599,2.636008,2.724361,3.252309,2.409403,3.0266147,2.9976077,3.3324919,3.29125,2.8328214,2.8622503,3.107869,3.2731917,3.2124002,3.048241,3.5846338,2.920692,2.728342,2.6999087,2.7216728,2.8933718,2.7185798,2.754101,3.0399234,2.9698253,2.8334944,2.836992,3.5539947,3.2499015,2.9405084,2.9134953
16,2.0564582,2.4849615,2.1455486,1.7769784,1.7609174,1.9524322,2.5378609,2.4610517,1.862481,1.9129341,1.9289407,2.2133667,1.9063882,1.8821679,1.7700503,2.081209,0.0,1.1471775,1.2574555,1.8215008,1.6959561,1.4448768,1.9118296,1.1462121,2.01662,2.2824883,3.7885818,2.3502831,2.0684023,1.1135764,3.1600595,3.2192783,2.6761346,2.7019117,2.6667411,2.5826313,3.8534527,3.9943805,3.7677495,3.7812514,2.309223,2.3416185,2.9048896,2.880186,2.340261,2.829064,2.738942,2.7114809,1.8832983,1.9206293,1.4605125,1.8856485,1.8211558,2.4584491,1.773439,1.5551392,2.023,1.878688,1.4552723,1.4424877,1.4514823,1.4177186,2.0826955,1.5326172,3.5518947,2.118602,2.4089038,2.3815513,2.6746266,2.6237977,2.5331054,2.0850976,2.360186,3.4475946,2.7242084,2.6846197,2.5900176,2.596618,2.0693154,2.4623842,3.223714,2.4357457,3.6053042,3.558598,2.9102364,2.2001648,1.6396772,2.791502,3.0983336,2.5488465,2.587938,2.2998056,2.8332376,2.8430054,2.631808,2.8247967,2.1360579,2.13508,2.9487395,2.943294,2.834001,2.162795,2.5825047,2.9064736,3.3028984,3.2052145,2.5880692,2.7190912,2.9673114,3.1445837,2.969947,2.6535385,3.1525004,2.4517994,2.8151836,2.833805,2.4159467,2.7322536,2.3578546,2.4194615,2.8740957,2.801289,2.6916914,2.6561847,3.5273817,2.817001,2.8259163,2.889728
17,1.9434053,2.3841937,2.3991728,2.1843443,1.720148,1.8707684,2.4391787,2.387792,1.8251389,1.8391571,1.9495021,2.3199975,1.7979337,1.7000748,1.7672119,2.0402355,1.1471775,0.0,0.7242827,1.3990065,1.4905157,1.1293164,1.6286443,0.52742165,1.8502731,2.0439236,3.7965448,2.6378856,1.8335469,1.0681837,3.1455562,3.1660032,3.0274525,3.0466719,3.2353518,3.0240293,4.160001,4.3937116,4.0079517,4.1821322,2.720942,2.4595134,3.1711698,3.0678775,2.5004,2.961774,2.9875724,2.9448671,2.3534322,2.4373646,1.6823646,2.3636622,2.4143918,2.5952592,2.319464,2.1145658,2.1621382,2.0029209,1.6774927,1.6618724,1.8620131,1.7001913,2.0638976,1.9466532,4.041835,2.609216,2.7504659,2.676584,2.8405542,2.8333488,2.9949214,2.5033815,2.7359033,3.941127,3.0501504,3.0155802,2.7573533,2.7694867,2.2464957,2.8635864,3.6456766,2.9641478,3.9200668,3.8787389,3.0964575,2.411072,2.1171792,3.2064378,3.4203253,2.8809123,2.9391587,2.668079,3.2686543,3.2681508,3.1082318,3.2306023,2.6211126,2.6019459,3.3001063,3.3137426,3.6468532,2.6759915,3.284311,3.5750496,3.7699482,3.6846604,3.2205343,3.1920378,3.3754475,3.5257337,3.437225,3.1807787,3.2621346,2.450425,3.0075996,3.05898,2.7864385,2.99176,2.8048804,2.8022385,3.0422082,3.217713,3.101307,3.0856287,3.745755,3.0641537,3.1394334,3.070496
18,1.4354753,2.0890837,2.310006,1.9014871,1.3447206,1.4352642,2.2436981,2.16825,1.4351976,1.3997868,1.5391933,1.9004064,1.5050161,1.4848549,1.4589411,1.685448,1.2574555,0.7242827,0.0,1.2900208,1.6152436,1.2898457,1.7482353,0.81022745,2.0974205,2.2231972,3.8467262,2.8994324,2.0158644,1.2618327,3.0144799,2.9938378,2.5711203,2.6161106,2.8529785,2.5786922,3.7073946,3.9673507,3.622859,3.7011774,2.4087844,2.0243382,2.8318977,2.7169518,2.128457,2.6819105,2.874459,2.8374841,1.998551,2.0914347,1.3478523,1.9958608,2.1088102,2.4824383,1.9960412,1.9628595,2.0426538,1.882038,1.2288133,1.2129889,1.583828,1.237462,1.8172176,1.5158486,3.7310314,2.279436,2.4606013,2.4478197,2.5685275,2.5765765,2.736421,2.3018892,2.3685086,3.602392,2.6983309,2.6795065,2.4745653,2.4213254,1.9921303,2.580036,3.4783258,2.7520008,3.6610084,3.650895,2.8306484,2.2565641,1.9431701,2.8137283,3.150325,2.6978984,2.8042848,2.5327141,3.1356397,3.1390104,2.967715,3.1037798,2.4245453,2.4071841,3.0582283,3.1027234,3.4097419,2.4257307,3.117401,3.3276565,3.5870986,3.5002372,2.9890242,3.042774,3.2350762,3.352117,3.4839125,2.9677782,3.2522976,2.419094,2.7788649,2.856209,2.5802655,2.8611305,2.7280772,2.6002767,2.8420758,2.9492636,2.8353288,2.8220212,3.5705903,2.8106072,2.9645307,2.846545
19,1.8956852,1.7559823,2.6061125,2.2063272,1.6547487,1.542947,2.3710334,2.2803245,1.8447325,1.8589001,1.8807722,2.2166626,1.8164223,1.8888706,1.9004451,2.0380707,1.8215008,1.3990065,1.2900208,0.0,1.923543,1.6291914,2.1054337,1.4340655,2.3420773,2.487338,3.9043233,3.1338532,2.171284,1.5959985,3.2939668,3.2590823,2.930054,2.9453244,3.1773965,2.9184117,3.960476,4.164266,3.7655504,3.820311,2.793936,2.4967988,3.683166,3.6315904,2.7752295,2.9829352,3.1354449,3.0909226,2.4355693,2.5170507,1.8892018,2.4369428,2.4980707,2.7977076,2.427231,2.4025044,2.3680735,2.214361,1.7356374,1.6735666,2.0630376,1.7856728,2.1933415,1.8948307,4.081007,2.579704,2.8267136,2.7859936,2.8786218,2.8641725,3.767261,2.6927865,2.6784017,3.2843971,2.9693954,2.9489408,2.7775915,2.7582471,2.4013317,2.875133,3.3635979,2.950433,3.412853,3.3783548,3.1265037,2.5832393,2.356606,3.1502624,2.856444,2.361166,2.5064194,2.2765512,2.8692276,2.8732088,2.677377,2.8397768,2.721604,2.685147,3.2414272,3.242883,3.6067245,2.61369,3.3020732,3.5126967,3.79046,3.6945233,3.18035,3.187288,3.4238381,3.5323272,3.685808,3.142078,3.558592,2.6974568,3.0266054,3.1421797,2.8213384,3.0885782,2.9691935,2.8349419,2.9268057,3.1671214,3.0546162,3.0167594,3.0764372,3.0235844,3.2116227,3.0838172
20,2.326791,2.6851134,2.5761116,2.3032315,2.1932564,2.2064958,3.3174381,3.204221,2.3431838,2.3943498,2.1797957,2.8935332,2.4378414,2.3426387,2.2720878,2.74008,1.6959561,1.4905157,1.6152436,1.923543,0.0,0.903982,2.540593,1.3610063,2.5861392,2.995256,4.109505,3.2660344,1.9335692,1.937263,3.3788,3.2909122,3.3485131,3.4113033,3.580194,3.3508685,4.4373155,4.5203543,4.4944763,4.6162677,3.218801,2.8098497,3.6707282,3.485997,2.7032902,3.3625598,3.4948997,3.4585927,2.5901387,2.6417325,2.1600063,2.593076,2.6796806,2.9344049,2.5628593,2.3014324,2.6837177,2.4962163,2.1793563,2.1360712,2.2491996,2.1878898,2.5502765,2.218656,4.2152267,2.9822857,3.035038,2.9447777,2.980755,2.8383245,3.3161936,2.8656192,3.4123724,4.275715,3.666239,3.6336675,3.2954068,3.3895695,2.6382709,3.3464978,4.254478,3.6568756,4.5106993,4.529674,3.5474842,3.008202,2.5667253,3.5504155,3.8726687,3.371996,3.4477873,3.1283693,3.7862058,3.7901983,3.595296,3.7675507,2.839916,2.8208253,3.8599222,3.8662493,3.7648237,2.9025877,3.4674804,3.77781,4.1681924,4.131473,3.5583565,3.5136254,3.7251995,3.8130946,3.8903062,3.5851867,3.6935267,2.9555438,3.3475833,3.4738097,3.1605144,3.3591115,3.2577586,3.1661227,3.449984,3.4138572,3.4022725,3.3538854,3.8109448,3.178488,3.4956012,3.520218
21,2.1252847,2.509883,2.6085656,2.280027,2.0012457,1.9651256,2.7777576,2.6776614,2.0870516,2.1187916,2.0785172,2.8728504,2.1025846,2.0696747,2.086356,2.621331,1.4448768,1.1293164,1.2898457,1.6291914,0.903982,0.0,2.5080771,1.1223654,2.2914922,2.5308168,3.8935575,3.0068362,1.9414934,1.5120684,3.235431,3.2428904,2.9878528,3.013725,3.2108905,2.9869363,4.1501937,4.3604417,4.3396516,4.4277625,2.8544445,2.5751832,3.3970032,3.1973083,2.293325,3.0047963,3.2138615,3.175471,2.3768528,2.4458883,1.8493879,2.3772228,2.4350212,2.756197,2.3769805,2.1551275,2.4721384,2.2850869,1.9110614,1.8588022,2.0038478,1.9143738,2.341608,2.0201364,4.043261,2.7712326,2.8022113,2.7224612,2.8195887,2.6202955,3.1734772,2.5964246,2.9857097,3.9607978,3.2219815,3.1847749,2.8377924,2.8949814,2.4219913,2.9945433,3.816171,3.1720736,4.059096,4.037016,3.308697,2.7240384,2.2781932,3.3106785,3.4884624,2.9523354,3.04392,2.7368903,3.3902414,3.3931434,3.2009745,3.3665788,2.7691646,2.742802,3.8371663,3.8216228,3.6716537,2.7801065,3.3556743,3.6664503,4.1951613,4.119168,3.3599658,3.4068234,3.5996616,3.675945,3.6977475,3.3682446,3.470491,2.7230666,3.2172492,3.2709315,2.969332,3.22269,2.9702568,2.9516966,3.2021744,3.2776086,3.167629,3.1344504,3.719495,2.895994,3.3044827,3.2648137
22,2.3628378,2.8114111,2.8901727,2.6570275,2.2410114,2.5801208,3.0012336,2.8589454,2.2786014,2.395545,2.383221,1.9890116,2.361237,2.2934182,2.233561,1.9010013,1.9118296,1.6286443,1.7482353,2.1054337,2.540593,2.5080771,0.0,1.5657656,2.6494365,2.8080873,3.9886408,3.2248273,2.56561,1.9608692,3.4257307,3.4405432,3.1984375,3.2449872,3.3972366,3.2422755,4.2944717,4.6132746,3.7944036,4.025945,3.153404,2.9007509,3.517042,3.5038955,3.2118158,3.0905359,3.5732586,3.5347924,2.7470298,2.8152008,2.2535193,2.7602553,2.846069,2.8545494,2.6801815,2.506423,2.8701766,2.7672248,2.3469174,2.3411849,2.5083854,2.38226,2.637709,2.4693239,4.4038835,2.958168,3.1276398,3.0727966,3.2748294,3.5202787,3.3489738,2.8586018,3.239947,4.314399,3.4977863,3.4615977,3.2758563,3.255109,2.668624,3.2904623,4.159998,3.522703,4.3046474,4.2445073,3.4607286,2.849354,2.6489646,3.5449643,3.749282,3.261246,3.2917156,3.0770614,3.6457374,3.646049,3.3671873,3.5947344,3.1681783,3.1689594,2.904673,2.9993634,3.9459202,3.1954575,3.6927917,3.9232666,3.5100822,3.4869344,3.5118155,3.5511265,3.747848,3.8783715,3.7451155,3.6553655,3.5964887,2.8988576,3.3994462,3.3684554,3.2366395,3.4663854,3.2579827,3.274279,3.3346004,3.3981876,3.3892858,3.3580806,3.8775198,3.7107794,3.3044815,3.3785796
23,1.9775012,2.3748078,2.4104388,2.1598685,1.7617389,1.9034754,2.718607,2.587265,1.8739033,1.8910725,1.958937,2.2803779,1.81709,1.8717515,1.8024557,2.0105498,1.1462121,0.52742165,0.81022745,1.4340655,1.3610063,1.1223654,1.5657656,0.0,1.8888253,2.1908405,3.7271686,2.7042446,1.9638648,1.3505739,3.1743221,3.173481,2.8680875,2.8970075,3.0896003,2.9021425,4.127518,4.271961,4.0900836,4.1176004,2.8737693,2.5860608,3.2782764,3.1836126,2.549981,2.9455392,3.1850274,3.1465263,2.1808715,2.2656922,1.769895,2.2060807,2.3070529,2.67634,2.172088,1.8950591,2.2368505,2.078016,1.7716609,1.7607883,1.9524856,1.7802081,2.3459644,2.012079,3.9945579,2.6268501,2.7557352,2.685246,2.813537,2.8254583,2.9947643,2.5461872,2.8631704,3.874273,3.1415796,3.0941603,2.8552866,2.873216,2.420415,3.0130115,3.747826,3.0976427,4.0363345,4.003333,3.3016686,2.6382012,2.1098778,3.2402158,3.4572067,2.8987324,2.9474673,2.6956635,3.337442,3.3376758,3.0997925,3.3000965,2.6184013,2.6032574,3.25016,3.275344,3.5269184,2.6581047,3.264499,3.5707624,3.7310736,3.6672566,3.1753743,3.1905267,3.4037528,3.54387,3.4873285,3.2138345,3.1873417,2.4378607,2.9806223,3.0308836,2.8632593,3.0917568,2.882188,2.8618677,3.1191432,3.0968554,3.0482726,3.006319,3.6299992,3.0668035,3.1640594,3.1137125
24,2.9916399,2.5125923,2.4883213,2.486574,2.3748057,2.4101882,3.3182082,3.3104355,2.6094098,2.488301,2.9868774,2.876456,2.355169,2.5032074,2.3753061,2.6696515,2.01662,1.8502731,2.0974205,2.3420773,2.5861392,2.2914922,2.6494365,1.8888253,0.0,1.7498126,3.7037451,1.7116326,2.7365677,2.0916917,4.1269865,4.182248,3.7389574,3.7215917,3.8640945,3.6990042,5.099,4.1559544,4.6735573,4.6684575,3.5318651,3.4471567,3.6538422,3.9699802,3.4369166,3.4619536,2.9525285,2.926407,2.8401976,2.8859413,2.574086,2.9099133,2.7910182,3.6347613,2.7740753,2.5687952,1.8555424,1.7976915,2.420008,2.459886,2.3598735,2.3970165,2.8133142,2.7127416,4.442069,2.8543932,3.7056923,3.5833197,3.784336,3.7071922,3.549639,3.5111902,3.2012973,3.8238802,3.2479968,3.213132,3.4975984,3.63696,3.3057714,3.7480326,2.9968765,2.9325182,3.8798368,3.83401,3.6305027,2.9117954,2.3042834,3.4144218,3.6905928,3.2222393,3.303991,3.116419,3.6094692,3.6124532,3.4714544,3.6056712,2.149607,2.1219366,3.240988,3.1284223,3.4758093,2.4625783,3.1276064,3.4409537,3.8549128,3.7415028,3.1577482,3.1594994,3.3954809,3.7822812,3.42189,3.115106,2.7292192,2.560668,2.8436475,2.926009,2.8960774,3.1072907,2.7957144,2.8586643,3.1634276,3.1787422,3.0420704,3.0052645,3.7154117,3.1318693,3.5586855,3.0543337
25,3.0897465,3.1188931,2.7339203,3.121697,2.564582,2.4670367,2.8909144,2.829631,2.810098,2.530265,2.8991473,3.0985835,2.5495696,2.770295,2.5544965,2.8423233,2.2824883,2.0439236,2.2231972,2.487338,2.995256,2.5308168,2.8080873,2.1908405,1.7498126,0.0,3.3363879,2.4567912,3.4424376,2.3106697,4.340277,4.388913,3.6882353,3.6724691,3.8226962,3.6748672,4.465072,4.6474695,4.670124,4.6543293,3.6567655,3.5981014,3.9350564,4.0489793,3.523481,3.7881978,3.038698,3.0174193,2.8923056,2.9540713,2.6682422,2.9372494,2.8862953,3.027978,2.8377948,2.7182665,1.8585622,1.7671698,2.6105895,2.6333516,2.679017,2.5623894,3.0277557,2.806497,4.6193414,3.2187936,3.6151211,3.5356345,3.730905,3.6686528,3.5344455,3.2296038,2.6148605,3.693383,3.023845,2.947313,3.0631077,2.921144,3.0436714,2.8740342,3.4035556,2.7370462,3.6300168,3.6029425,3.686415,3.03572,2.799236,3.7051115,3.8276377,3.40359,3.4784694,3.3190064,3.6870358,3.6947973,3.5045784,3.6719646,2.8353753,2.7909503,3.3232903,3.299901,3.885737,3.0525346,3.58922,3.8670566,4.222554,4.103083,3.4854543,3.550594,3.7784243,4.1427784,3.8315356,3.5084114,3.3426135,3.0531573,3.1958632,3.2432852,3.3639882,3.5571153,3.370426,3.338898,3.4996126,3.558346,3.4212363,3.4113283,4.1455183,3.5550935,3.536804,3.4282146
26,4.520034,4.5048976,3.9986658,4.350111,4.145193,4.078628,4.4644737,4.4935746,4.364031,4.3101044,4.168027,4.2945623,4.219256,4.4065757,3.99411,4.370951,3.7885818,3.7965448,3.8467262,3.9043233,4.109505,3.8935575,3.9886408,3.7271686,3.7037451,3.3363879,0.0,4.0734553,4.6310205,3.9160752,5.612374,5.6449895,4.764884,4.838293,4.904548,4.7607355,5.347136,5.612988,5.609962,5.653591,4.9008455,4.8535724,5.2559896,5.3047004,4.8723817,4.9991264,4.7257714,4.727331,4.314276,4.3815713,4.1583695,4.33732,4.3211102,4.20562,4.2679687,4.183763,3.7824929,3.598961,4.1705713,4.1343,4.209489,4.177328,4.2331343,4.0237203,5.7511644,4.717999,4.9443345,4.8425493,4.85603,4.7763104,4.9165106,4.418403,4.0395575,4.772095,4.238509,4.13158,4.28791,4.187179,4.220833,4.120691,5.09953,4.598381,5.1547327,5.128231,4.94198,4.329495,4.2817073,5.073375,5.022855,4.6491838,4.724879,4.620421,4.8245544,4.844136,4.7056127,4.83582,4.0486317,4.048435,3.9970942,4.0120864,4.882606,4.2095995,4.5726333,4.861761,4.832091,4.81551,4.492954,5.1561875,5.5479736,5.766929,5.48386,4.6962714,3.527293,4.2404523,4.3794494,4.5005965,4.6871233,5.4547825,4.591976,4.5977955,3.59574,3.446223,3.6994007,3.6160896,3.798058,3.6662216,3.4532413,3.7146993
27,3.5450468,3.063012,2.4608004,2.5542097,2.9827762,3.1159308,3.7661572,3.8140206,3.2263474,3.0532155,3.580202,3.4515874,3.0021167,3.0260093,2.9985733,3.233,2.3502831,2.6378856,2.8994324,3.1338532,3.2660344,3.0068362,3.2248273,2.7042446,1.7116326,2.4567912,4.0734553,0.0,3.3421106,2.7965858,4.7566776,4.819732,4.1955266,4.1558022,3.9888718,4.1252832,5.5150113,4.33548,4.9715557,5.103714,3.586533,3.8141088,3.8994007,4.292627,3.8447556,3.6895132,3.333255,3.3177342,3.4437058,3.459363,3.0543923,3.519541,3.3475065,3.9701123,3.362075,3.2665603,2.3751,2.3193984,2.9883974,3.044221,2.9254844,2.956571,3.1386924,3.1515715,4.4182057,2.6377795,3.6833982,3.5157125,3.7848594,3.7126522,3.3970785,3.4532273,3.1623983,3.9409156,3.1750994,3.1702092,3.5488825,3.7029467,3.345063,3.8044877,2.7607722,2.8756316,3.7337165,3.6870098,3.415386,2.69406,2.1969705,3.2817934,3.5663533,3.1307065,3.0325112,3.0183172,3.2162879,3.2176044,3.0984359,3.2173843,2.0613415,2.0580022,3.1511395,3.01038,2.957912,2.3828595,2.4084089,2.7801404,3.296527,3.1883912,2.4826868,2.5049357,2.7604713,3.2451167,2.7770894,2.5819628,2.3361242,2.1913862,2.375403,2.4065826,2.5649538,2.7861083,2.3852062,2.4928942,2.9017763,2.888526,2.7085176,2.7013867,3.522163,3.0392191,3.114776,2.7023945
28,2.7961888,2.9731157,2.8835497,2.666046,2.4742389,2.4780948,2.9059603,3.1326175,2.6584983,2.8739774,2.6891406,3.0487704,2.7260349,2.5162318,2.6506026,2.9173882,2.0684023,1.8335469,2.0158644,2.171284,1.9335692,1.9414934,2.56561,1.9638648,2.7365677,3.4424376,4.6310205,3.3421106,0.0,1.8851302,3.759978,3.7373083,3.774831,3.7989285,3.944791,3.717729,4.8540864,4.7785754,4.217545,4.5701747,2.8494608,2.606921,3.5032322,3.278799,3.0973449,3.590925,3.2931619,3.253296,3.1905413,3.222944,2.5294557,3.1789682,3.1159048,3.1087513,3.1115127,2.9190054,2.9286005,2.8353844,2.3084238,2.2258093,2.4322314,2.5036843,2.4998405,2.5174358,3.8403924,3.0822673,2.9459848,2.8050408,2.9087956,2.863046,3.6875875,3.0115762,3.7491374,4.690419,4.067215,4.0847926,3.2474566,3.632911,2.6542711,3.7238011,4.045346,3.519627,4.352388,4.3435535,3.578113,2.9592009,2.8869715,3.8052046,3.6743677,3.1727736,3.2591782,2.7971027,3.4458623,3.4396443,3.649498,3.4227657,3.1791265,3.1862707,4.145425,4.121769,3.9646735,3.0497782,3.5967815,3.866905,3.9639366,3.865057,3.7440426,3.6809616,3.7052372,3.7875767,3.8301272,3.5257971,3.7086627,3.106837,3.598889,3.6729302,2.9520555,3.1682167,3.0287654,2.9772305,3.337593,3.7782235,3.6096525,3.6036727,4.037403,3.3056684,3.642362,3.5779808
29,2.1428738,2.496271,2.682826,2.2585475,1.819598,1.9645395,2.1956782,2.0897894,1.837606,2.0146592,1.9984913,2.3067787,1.9059223,1.6393129,1.806797,2.1606069,1.1135764,1.0681837,1.2618327,1.5959985,1.937263,1.5120684,1.9608692,1.3505739,2.0916917,2.3106697,3.9160752,2.7965858,1.8851302,0.0,3.1362197,3.242062,2.9737241,2.9788067,3.1216688,2.8336914,3.988618,4.3142457,3.6494408,3.8629632,2.3907092,2.346495,3.03987,2.9601355,2.3396063,2.941741,2.9060466,2.8690183,2.3971694,2.4526312,1.5608444,2.3741453,2.3039298,2.5634499,2.2800393,2.123189,2.2928016,2.1683624,1.4770552,1.4163699,1.5792123,1.5718218,1.7967716,1.7056859,4.1300316,2.5924776,2.794441,2.8165271,3.0623488,3.0047612,3.1513507,2.5234349,2.5830433,3.7379315,2.9537055,2.9274623,2.717455,2.7655888,2.227119,2.6637962,3.369383,2.629173,3.7193494,3.637653,3.0057056,2.2750056,2.1866403,3.1885433,3.2730696,2.753547,2.8753548,2.600444,3.1739082,3.1819327,2.980564,3.1654618,2.683101,2.670697,3.3224087,3.2930717,3.5319307,2.5376258,3.1556878,3.4270346,3.9002168,3.767279,3.1720395,3.234918,3.4793634,3.5766711,3.436181,3.0962155,3.5606704,2.8141854,3.331813,3.362063,2.7965267,3.0719,2.72959,2.8291569,3.0421212,3.322596,3.1273568,3.110846,3.830611,3.1369994,3.1765816,3.1274705
30,2.902532,3.7952628,4.5190353,3.6919992,3.716105,3.810942,4.018882,3.9446137,3.317862,3.3897002,3.4890063,3.6516817,3.562009,3.555862,3.6773906,3.7063746,3.1600595,3.1455562,3.0144799,3.2939668,3.3788,3.235431,3.4257307,3.1743221,4.1269865,4.340277,5.612374,4.7566776,3.759978,3.1362197,0.0,0.6002024,3.7944765,3.8634229,4.006602,3.7830844,4.8370824,5.5718837,4.8260875,4.808549,3.9123056,3.7292516,4.2293115,4.118545,3.652182,3.9251966,3.631,3.589152,3.496167,3.5688808,3.2959573,3.4174945,3.497777,4.572278,3.5350697,3.4086115,4.4225683,4.289451,3.4438922,3.4173129,3.354782,3.1666267,3.5934007,3.352346,4.9389844,3.9635024,4.140774,4.212962,4.3239737,4.2897778,4.1876483,3.9760418,4.1814723,4.8098993,4.1353807,4.10042,4.615813,4.2788982,3.9390848,4.1478443,4.725994,4.223832,5.0130696,4.9014163,4.108847,3.9034717,3.4223108,3.8590426,4.497415,4.0861015,4.2014427,3.9869282,4.3652916,4.3665676,4.120523,4.3215923,4.0197673,4.0092897,4.901047,4.948593,5.1400967,4.5839405,5.0371056,5.16554,5.363085,5.298662,4.8757,4.9768972,5.1094866,5.1679535,5.172632,4.8602805,5.232053,4.538345,4.9552493,4.966414,4.593248,4.7906966,4.59825,4.632008,4.816754,4.8247175,4.785277,4.7587624,5.288884,4.752262,4.9456253,4.854011
