,0,1,2,3,4,5,6,7,8,9,10,11,12,13,14,15,16,17,18,19,20,21,22,23,24,25,26,27,28,29,30,31,32,33,34,35,36,37,38,39,40,41,42,43,44,45,46,47,48,49,50,51,52,53,54,55,56,57,58,59,60,61,62,63,64,65,66,67,68,69,70,71,72,73,74,75,76,77,78,79,80,81,82,83,84,85,86,87,88,89,90,91,92,93,94,95,96,97,98,99,100,101,102,103,104,105,106,107,108,109,110,111,112,113,114,115,116,117,118,119,120,121,122,123,124,125,126,127
0,0.0,1.3064189,1.1865999,1.2353264,2.3857794,1.0277915,2.005683,2.616277,2.6916065,4.1291156,2.6801214,2.6800697,1.6401068,1.6542095,1.5200073,1.7894484,1.9680344,3.4243746,4.169214,1.8985894,3.9534826,2.6261592,1.9322764,2.2002745,2.117859,2.117859,2.230679,2.2014089,1.9512658,1.9908824,2.5652664,2.6049616,3.4256814,3.3177767,3.7324567,3.2909818,3.4907966,3.8685682,2.8919432,2.8685405,3.5814672,3.9512475,3.8215332,3.1829867,3.1766682,3.1864634,3.4960196,3.472,2.7976284,3.0261421,3.5380511,3.339346,3.4400184,3.4427538,3.063013,3.063013,3.1890666,3.3732445,3.3046277,2.0325665,2.9647696,3.4240935,3.273269,3.2883878,3.7442627,3.7095516,3.932167,3.9901803,3.8102434,3.5249026,3.8956866,3.094096,2.6299934,4.216562,2.4079716,2.6571424,2.4476008,3.5629005,3.5843256,2.3830543,4.5338902,4.5109844,4.0587654,4.066877,3.7986395,3.8071294,4.4917574,4.109152,5.241253,5.3258977,5.4146104,4.887756,4.3185,4.6014867,4.6675744,4.851534,4.206247,4.626551,2.8030038,3.0096848,3.5607882,3.6780744,3.4568198,2.8928838,3.287365,3.1024916,3.6954315,3.4054172,3.2948089,3.7544942,3.6005378,4.8177032,3.2181773,3.6549273,3.5022528,3.4767447,2.3580074,2.095161,2.4639313,2.4543574,4.4527,4.4686356,4.434191,4.4478865,3.7391284,3.8411748,3.6099386,3.6387737
1,1.3064189,0.0,1.7647332,1.8221927,2.662103,1.6909676,2.4276245,3.0537307,2.700438,4.6944923,2.692122,2.6924624,1.3378172,1.319939,1.1645368,1.5876881,1.7189106,3.2240467,4.2882724,1.6787905,4.0141397,2.5320506,1.5801708,3.0610018,1.7701583,1.7701583,1.867909,1.8165925,1.6027666,1.5858802,2.2770932,2.302377,3.8155873,3.6955762,4.093194,3.653212,4.362785,4.670074,3.2710574,3.2520657,3.8515556,3.9623609,3.7959225,3.524986,3.5362566,3.5160372,3.794175,3.7735398,3.467544,3.6367695,4.1737456,3.9636033,3.966458,3.9899838,3.7212298,3.7212298,3.1727319,3.3621848,3.2356324,1.7977874,3.7479222,3.093218,3.968418,3.9923725,4.4063697,4.3660583,4.5471,4.6023655,4.4778047,4.236106,4.446409,3.824916,2.9412367,4.4434586,2.6861544,2.9691448,2.848371,3.512528,3.9253378,2.764047,4.985892,4.9662075,4.5596194,4.543867,4.2924366,4.299698,4.9359016,4.614826,5.48315,5.552374,5.6130414,5.1434765,4.759309,4.77228,4.92472,5.0925136,4.1166077,4.526248,3.191703,3.404678,3.552915,3.3321378,3.4473665,3.3032322,3.8255758,3.56565,3.6238341,3.930031,3.859132,4.3001018,3.8973162,5.0800166,3.5747688,3.9518678,3.7381124,3.8505564,2.7003384,2.4718904,2.797003,2.7915483,4.792887,4.7846956,4.7755833,4.773199,4.067214,4.174165,3.9243345,3.9565926
2,1.1865999,1.7647332,0.0,0.08386691,2.1404576,0.31756032,1.2030072,2.383416,2.0569046,4.314784,2.0980916,2.094411,1.3691382,1.377279,1.2227658,1.395125,1.6581672,3.3877263,3.6249447,1.5387824,4.4899416,3.2754464,2.4445384,2.7604077,1.7138197,1.7138197,1.9227349,1.8384621,1.5879548,1.6864529,1.821403,1.9409956,3.1497903,3.0301719,3.5206144,3.2387712,3.525427,3.8364303,2.8837132,2.8788133,3.6058264,3.9591026,3.798975,3.1450076,3.1129856,3.0945663,3.4820535,3.4556715,2.7596931,2.9621942,3.4982202,3.2803705,3.5162764,3.5183523,3.0084584,3.0084584,3.1024535,3.298158,3.1748443,1.6860427,2.8792562,3.2707188,3.275535,3.295094,3.6981452,3.681924,3.6977289,3.7586088,3.8151488,3.5014694,3.731054,3.0274513,2.4888034,4.106714,2.254341,2.6067228,2.3208818,3.4512086,3.508475,2.2164786,4.4876184,4.4645953,4.001435,4.0149393,3.763964,3.7748108,4.4962554,4.067187,5.1260104,5.2228456,5.3302717,4.8460894,4.218504,4.6620793,4.618071,4.8091855,4.064209,4.626252,2.9238496,3.2502425,3.6283038,3.7955496,3.6047907,2.7511477,3.2475986,3.0788221,3.681596,3.327627,3.1703758,3.549995,3.5839942,5.4060907,3.1215754,3.5080464,3.3711488,3.3720691,2.1743386,2.6581023,2.3897011,2.3861382,4.33706,4.346668,4.3215957,4.329712,3.5704162,3.68817,3.5075843,3.50329
3,1.2353264,1.8221927,0.08386691,0.0,2.1394482,0.33692366,1.1946507,2.3673673,2.0705063,4.329956,2.1154332,2.111356,1.3923547,1.4024031,1.2618808,1.4316784,1.6571394,3.4244106,3.6219478,1.5335834,4.5108714,3.3057492,2.4888868,2.7686398,1.7426445,1.7426445,1.9484663,1.8647387,1.6170309,1.7090055,1.8138422,1.9490079,3.1701493,3.0509953,3.547258,3.2652373,3.5319386,3.8424513,2.9126322,2.909294,3.6329172,3.9923842,3.8295152,3.1616347,3.1351247,3.1166258,3.5143423,3.4878707,2.7850344,2.9802337,3.5089893,3.2904572,3.5474482,3.5427089,3.016607,3.016607,3.1464157,3.3416617,3.210794,1.7147049,2.888728,3.316623,3.3001819,3.319463,3.7044353,3.6840494,3.695866,3.7544832,3.8284094,3.5138218,3.7385628,3.0317938,2.5338302,4.1443415,2.2970498,2.6510403,2.348239,3.4883878,3.5409038,2.2534246,4.505052,4.4819474,4.010415,4.0306163,3.7789106,3.7887697,4.515005,4.0824103,5.140769,5.239278,5.332324,4.8696213,4.2376566,4.6929297,4.6389947,4.829865,4.106105,4.6591797,2.9604895,3.2867818,3.669699,3.842999,3.6482265,2.7799587,3.271235,3.1026006,3.722199,3.349175,3.1965272,3.5590062,3.6157708,5.4566517,3.1581712,3.5360103,3.411475,3.4074893,2.2053957,2.708932,2.4252462,2.4217336,4.3614125,4.358863,4.3342986,4.3419766,3.5897152,3.7012637,3.527982,3.5158179
4,2.3857794,2.662103,2.1404576,2.1394482,0.0,2.1831956,2.5509093,3.259123,3.0842495,4.9690266,3.2273188,3.220311,2.4953213,2.5117776,2.5000463,2.558544,2.7768443,3.869938,4.4122396,2.6822138,5.0202103,3.9262373,3.1280253,3.2819407,2.9539533,2.9539533,3.1654358,3.1026073,2.8391237,2.9308913,2.848006,3.2118134,3.9058988,3.6396275,4.135078,3.8548837,3.9825616,4.28621,3.506026,3.519649,4.193313,4.2337136,3.810778,3.5838785,3.6789877,3.2695498,4.1539564,4.1302676,3.563454,3.7518306,4.2078896,4.010754,4.1170607,4.161771,3.7365196,3.7365196,3.8880663,4.0472927,3.9338434,2.8537858,3.6877527,4.0385685,3.9891202,4.0029697,4.4577913,4.4126987,3.7786825,3.787145,5.0571766,4.5136156,4.1931562,3.853256,3.310512,5.296661,2.9887261,3.2604969,3.5208669,4.3360386,4.815483,3.3148997,5.3306084,5.311434,4.822892,4.806538,4.611802,4.6192756,5.232178,4.884899,5.7792153,5.8753433,5.8952312,5.820443,5.1093135,5.6141405,5.5151305,5.5902834,5.0358458,5.4663982,3.9466605,4.1925726,4.526737,4.183964,4.019366,3.2315497,4.501194,4.375744,4.726252,4.5708656,4.1552477,4.7453833,4.73672,6.235842,4.0396748,3.037413,4.1348653,4.1411324,2.3563714,3.6170373,3.9062984,3.906616,5.2275476,5.2005177,5.1754217,5.1802096,4.5096874,4.615107,4.454475,4.449684
5,1.0277915,1.6909676,0.31756032,0.33692366,2.1831956,0.0,1.2493197,2.4801161,2.295924,4.3973193,2.328099,2.3240914,1.4135013,1.4220861,1.2783203,1.5153544,1.6764548,3.3586924,3.797148,1.5508765,4.495123,3.261915,2.4569242,2.6932306,1.7877686,1.7877686,1.9568512,1.8959923,1.6243732,1.6732275,1.8646573,1.9966776,3.2237518,3.114714,3.617412,3.2543285,3.4736097,3.806724,2.8782568,2.8666012,3.54194,3.932918,3.8070185,3.1290095,3.0987108,3.10531,3.4477112,3.4216979,2.7798293,3.0143442,3.511638,3.2989786,3.5147586,3.4864724,3.0241172,3.0241172,3.171875,3.3635406,3.2175999,1.7433436,2.873406,3.3717678,3.295627,3.31176,3.6868565,3.664943,3.7299013,3.7849576,3.7589717,3.4759643,3.7567995,2.9710333,2.5225194,4.1496406,2.3091488,2.610571,2.3025103,3.4752157,3.5290484,2.2600427,4.527775,4.505109,4.0330935,4.0678253,3.8169909,3.8220716,4.5369444,4.1232595,5.1449604,5.2452974,5.3500786,4.857581,4.205828,4.615029,4.6108394,4.8141,4.125872,4.662216,2.938688,3.2602305,3.6726716,3.88025,3.6616561,2.79167,3.2377172,3.0576804,3.6928034,3.313764,3.177611,3.5879896,3.5645392,5.3552837,3.1529276,3.5722263,3.4254699,3.4123955,2.205545,2.5586371,2.3589025,2.3572247,4.3212147,4.306365,4.278685,4.2881284,3.5666127,3.6549838,3.482617,3.4885814
6,2.005683,2.4276245,1.2030072,1.1946507,2.5509093,1.2493197,0.0,2.538899,2.54061,5.076218,2.577437,2.5764666,1.9655133,1.9680269,1.7766438,1.9723201,2.229898,3.4615436,4.120541,2.0829566,5.295505,4.147977,3.3977718,3.7203186,2.147152,2.147152,2.0587616,1.978129,1.9749411,2.0866592,1.7336463,1.8475224,3.2120607,3.0887604,3.5858798,3.1812406,3.4921834,3.7222536,2.883996,2.896366,3.678877,4.021734,3.8498147,3.1839278,3.11087,3.1148012,3.507588,3.480237,2.8738894,3.0620253,3.5833404,3.3833523,3.5451071,3.5638037,3.1393955,3.1393955,3.2224278,3.411014,3.348639,2.1272094,3.011008,3.4526737,3.3926241,3.4066634,3.853118,3.9077122,3.738651,3.8221037,3.8751326,3.6241186,3.9972715,3.168547,2.5620074,4.180541,2.392783,2.6210446,2.4699435,3.5587184,3.5862412,2.4130192,4.464056,4.439845,4.0414205,4.0486503,3.7937503,3.8225849,4.530603,4.0853443,5.10916,5.1913824,5.6117682,4.8862805,4.35534,4.702879,4.6687255,4.845492,4.0401087,4.404603,3.3499877,3.771419,4.065106,4.359472,4.114508,2.9418643,3.3974361,3.2285283,3.7895505,3.3695636,3.2187514,3.6037292,3.647,5.994646,3.2731013,3.7031972,3.6627076,3.6352406,2.4364076,3.0562308,2.5793276,2.578752,4.3526134,4.47067,4.442236,4.449361,3.6916313,3.828542,3.6234112,3.6505456
7,2.616277,3.0537307,2.383416,2.3673673,3.259123,2.4801161,2.538899,0.0,2.9476995,4.5925403,2.9572968,2.9588528,2.514134,2.5541031,2.4410243,2.605429,2.8985713,3.9361093,4.446865,2.7805197,4.4211903,3.2648377,3.2059796,3.5019689,3.0592744,3.0592744,3.0127873,2.9655318,2.6805727,2.8128912,3.2085826,3.24712,3.8861318,3.7760513,4.27236,3.9132936,4.0112653,4.2796774,3.5223808,3.57028,5.0705714,5.2460876,4.592934,3.7886436,3.7817626,3.7797523,4.64614,4.609406,3.2165408,2.7933257,3.467064,3.1958585,3.9112368,4.00216,2.9195743,2.9195743,3.6156278,3.8118932,3.8645036,2.8002613,3.4098554,3.8447175,3.6779768,3.696394,4.200447,4.1861587,4.326404,4.3358536,4.23603,3.9371102,4.2805667,3.5848858,3.011821,4.4996605,2.9238956,3.0879793,2.9435334,3.9995763,3.9522798,2.899522,3.8298562,3.8037126,3.1945627,3.1661925,2.7517538,2.7705717,3.7033498,3.179005,5.3537555,5.455265,5.549268,4.990986,4.830122,5.1581016,4.8341093,4.950541,4.4674506,4.014839,3.4243128,3.7140203,4.07468,4.234684,4.1717277,3.40739,3.6755812,3.3953228,4.0961766,3.7391238,3.7019536,3.3923256,3.9874392,5.574775,3.73232,4.1544724,4.1807475,4.03645,3.0543156,3.18474,3.2130928,3.1853623,4.888421,4.9141912,4.895938,4.894953,4.1661954,4.328554,4.074517,4.1033597
8,2.6916065,2.700438,2.0569046,2.0705063,3.0842495,2.295924,2.54061,2.9476995,0.0,3.8468738,0.26652753,0.2555178,1.9523971,1.9587967,1.8792603,2.1096623,2.639835,3.716133,3.1265042,2.531155,4.5528135,3.7507524,2.8684235,3.7769759,2.3298485,2.3298485,2.5480683,2.5019188,2.4809835,2.6750133,2.7127655,2.598798,3.6057007,3.4472377,3.6693592,4.0149884,4.6735244,4.8616138,3.76786,3.7988446,4.4508386,4.479071,4.3207407,3.9765933,4.0792384,4.0049267,4.3978696,4.3712325,3.5046706,3.5632482,4.3376536,4.118803,4.1537924,4.406416,3.9157782,3.9157782,3.3027306,3.4890363,3.6380782,2.3731709,3.891613,3.1025336,3.8609467,3.8984745,4.383259,4.4534535,4.330449,4.3787313,4.7593117,4.3963594,4.7710314,4.123101,3.0371833,4.5547166,2.7482715,3.1461616,3.2003999,3.8748763,3.900287,2.726027,5.0024033,4.9843574,4.605568,4.394678,4.151089,4.175468,4.7987947,4.425929,5.5711727,5.616977,5.6492767,5.1149726,4.851416,5.3536053,5.093007,5.137777,4.1858926,4.988591,3.3990366,3.6396837,3.9158897,3.5375168,3.721282,3.345649,4.0556393,3.834792,3.9993606,3.9255652,3.801673,3.9446185,4.128284,5.7043595,3.5923538,3.9163792,3.5742261,3.6921866,2.8830814,3.6877863,3.0959005,3.0878773,4.9060984,5.0454655,5.036432,5.040248,3.9361758,4.28447,4.000548,3.967972
9,4.1291156,4.6944923,4.314784,4.329956,4.9690266,4.3973193,5.076218,4.5925403,3.8468738,0.0,3.805416,3.8086073,4.5606437,4.5870547,4.518385,4.5941696,5.078331,5.642063,4.7452593,4.8674784,4.1847463,3.9505763,3.9302495,3.3776884,5.1239614,5.1239614,5.376757,5.3611603,5.1125536,5.2736144,5.8385024,5.7865067,5.1674757,5.0096674,5.0374475,5.417773,5.378193,5.6664386,5.248624,5.254563,5.9035,6.1682415,6.1207876,5.530041,5.5061684,5.4935446,5.788376,5.7630982,4.7572083,4.7982597,5.269163,5.1428566,5.2598042,5.412059,4.951753,4.951753,5.235674,5.361956,5.502322,4.7622848,4.8748846,5.4087152,4.8443103,4.871076,5.2110395,5.1809077,5.5667067,5.5698037,5.52871,5.1460705,5.627662,5.0779586,4.7631645,5.8534427,4.6286654,4.848957,4.7116275,5.6229672,5.2220993,4.457907,5.5365524,5.5335784,5.4520693,5.316855,5.115103,5.1027956,5.1992188,5.2831087,7.400125,7.4293427,6.491837,5.9968114,5.832211,6.602289,6.1524143,6.195656,5.827201,6.5667048,4.450019,4.271369,5.029265,4.872253,5.1516957,4.921658,5.18983,5.1335373,5.6233187,5.0827966,4.770019,5.0085406,5.3260384,5.0094934,5.0223866,5.3557634,4.987599,4.7203856,4.6699424,4.6005173,4.734515,4.7128773,6.095649,6.2421885,6.17987,6.219557,5.4293923,5.6345496,5.4522724,5.4018173
10,2.6801214,2.692122,2.0980916,2.1154332,3.2273188,2.328099,2.577437,2.9572968,0.26652753,3.805416,0.0,0.036745947,1.9929862,1.999398,1.8963399,2.124338,2.6580358,3.725456,3.1741943,2.5572743,4.494411,3.719193,2.854094,3.7875876,2.3331664,2.3331664,2.5545323,2.5027637,2.4822652,2.677154,2.768676,2.6076229,3.6321287,3.48862,3.688609,4.032503,4.6979365,4.9041424,3.7914312,3.8192775,4.4807153,4.531734,4.3930855,4.03216,4.11376,4.065807,4.41582,4.3905926,3.5110626,3.5679,4.3550706,4.139273,4.1541114,4.417383,3.9379745,3.9379745,3.294091,3.4819772,3.6558638,2.3778832,3.9112067,3.093116,3.863015,3.9007738,4.4029036,4.4778438,4.414087,4.4681945,4.7260375,4.390174,4.8061595,4.1464515,3.0332742,4.500608,2.7603283,3.150017,3.187269,3.8729782,3.8455188,2.7105224,4.9839687,4.965796,4.6157227,4.398957,4.1349964,4.1624365,4.797787,4.4174404,5.514321,5.5551615,5.637662,5.0329356,4.800876,5.2816443,5.018727,5.0440702,4.12731,4.927639,3.3739488,3.6052907,3.8943496,3.5440233,3.7215533,3.3853629,4.035845,3.8119993,3.9700158,3.8940554,3.7978983,3.923537,4.057615,5.597738,3.5891697,4.020013,3.5716794,3.6960378,2.9469602,3.639274,3.0317256,3.0236769,4.91438,5.081376,5.072368,5.0758867,3.953418,4.311824,4.014026,3.9913158
11,2.6800697,2.6924624,2.094411,2.111356,3.220311,2.3240914,2.5764666,2.9588528,0.2555178,3.8086073,0.036745947,0.0,1.9873232,1.9939607,1.8915204,2.1189885,2.6619215,3.7256713,3.188725,2.5593233,4.498189,3.7210455,2.8527627,3.7822645,2.3399434,2.3399434,2.5626402,2.5106213,2.4842076,2.6758764,2.7637486,2.6095324,3.6456428,3.5020666,3.7032692,4.045305,4.7050576,4.91419,3.8033042,3.8314135,4.4904337,4.5462093,4.4042196,4.04155,4.123527,4.074805,4.428242,4.40254,3.5252593,3.5824995,4.370424,4.1537237,4.170953,4.434175,3.9510417,3.9510417,3.3151646,3.503245,3.6749296,2.3899727,3.9248772,3.11501,3.8787785,3.9162467,4.4164786,4.490812,4.4248986,4.4782777,4.7394505,4.405384,4.8101773,4.15764,3.044917,4.5128956,2.7750533,3.1629038,3.200408,3.8908942,3.8638952,2.725262,4.997578,4.979468,4.6275306,4.4105844,4.1455903,4.172143,4.8104053,4.429906,5.527084,5.5684295,5.656554,5.0519524,4.816655,5.299822,5.037374,5.0624814,4.145471,4.9426603,3.3906796,3.622787,3.913693,3.5630112,3.7386138,3.3996632,4.0504856,3.825358,3.991512,3.9107583,3.8132424,3.9386446,4.0759916,5.611082,3.604096,4.0299883,3.5847464,3.7086067,2.9553459,3.6505697,3.0437856,3.0361955,4.9282584,5.0941033,5.084823,5.0885606,3.9642267,4.322103,4.025054,4.0032988
12,1.6401068,1.3378172,1.3691382,1.3923547,2.4953213,1.4135013,1.9655133,2.514134,1.9523971,4.5606437,1.9929862,1.9873232,0.0,0.07677164,0.6525461,1.19695,1.7556678,3.2387726,3.9628897,1.5301915,4.3346076,3.0922215,2.2064984,3.347547,1.8261858,1.8261858,1.8635573,1.8126509,1.7271864,1.7628568,1.8936154,1.9965401,3.7950602,3.64634,4.0022655,3.7383206,4.3819203,4.6405935,3.4108286,3.4340043,3.9370143,4.126256,3.83708,3.3999655,3.684535,3.6462116,4.0730805,4.0459504,3.352944,3.429914,4.1123567,3.8662326,3.9883058,4.085944,3.6102731,3.6102731,3.2172925,3.4221163,3.3643723,1.7206893,3.6689258,3.0850868,3.8497586,3.8764958,4.319769,4.323331,4.364179,4.3889194,4.4885306,4.230753,4.401806,3.7858603,2.853915,4.415104,2.6093476,2.9479935,2.8224795,3.6265478,3.8587744,2.6117818,5.032887,5.011466,4.3884573,4.3121347,4.0433693,4.0364113,4.712243,4.3964224,5.4970794,5.5696487,5.5150213,5.070958,4.733122,4.9415565,4.928204,5.038476,4.447432,4.8158603,3.2732198,3.5823464,3.7254717,3.6002967,3.7530096,3.213382,3.8351262,3.5356488,3.6573672,3.8473487,3.7749956,4.0368996,4.0076833,5.6266065,3.552634,3.925651,3.7002077,3.7664976,2.6201434,2.912939,2.7099583,2.7054117,4.9843526,4.8599987,4.8555317,4.8525696,3.983067,4.1609554,3.8788798,3.901595
13,1.6542095,1.319939,1.377279,1.4024031,2.5117776,1.4220861,1.9680269,2.5541031,1.9587967,4.5870547,1.999398,1.9939607,0.07677164,0.0,0.64696467,1.1697092,1.7420831,3.2438135,3.9410372,1.5237306,4.358936,3.1061227,2.204256,3.3699358,1.8038663,1.8038663,1.8478507,1.7930572,1.7109802,1.7437006,1.8741711,1.9740753,3.7685947,3.6222417,3.9737256,3.7110302,4.375431,4.6319757,3.3863914,3.4084709,3.8982275,4.087062,3.8003058,3.3741314,3.6572044,3.6219401,4.0352626,4.0084343,3.342478,3.4258647,4.105424,3.8599567,3.9736247,4.071101,3.607219,3.607219,3.1839194,3.387847,3.3254972,1.6937273,3.6621528,3.0420225,3.8408663,3.8677871,4.3112035,4.315022,4.358991,4.385552,4.4743533,4.2200418,4.3808494,3.7786403,2.8364494,4.3777623,2.592983,2.9382377,2.8072424,3.5895429,3.832423,2.5960534,5.0300436,5.0086784,4.3862915,4.3092756,4.0465364,4.0388646,4.709965,4.3962855,5.4738703,5.5470395,5.507769,5.0465226,4.7044044,4.9048786,4.901957,5.01609,4.4203496,4.8058615,3.2530575,3.5647745,3.6906557,3.5699024,3.727125,3.1960444,3.818094,3.5197875,3.6240044,3.8339472,3.761976,4.031473,3.9872558,5.6164565,3.5265458,3.912007,3.6660678,3.7394726,2.6088753,2.8993437,2.6827977,2.6789804,4.964863,4.8404374,4.8367844,4.833484,3.9704597,4.1481485,3.8663511,3.8901122
14,1.5200073,1.1645368,1.2227658,1.2618808,2.5000463,1.2783203,1.7766438,2.4410243,1.8792603,4.518385,1.8963399,1.8915204,0.6525461,0.64696467,0.0,0.9820485,1.6000522,3.1933355,3.9005826,1.3894317,4.2470374,2.9893079,2.1004643,3.2891674,1.602846,1.602846,1.6654004,1.5896834,1.3777673,1.4070894,1.7638255,1.8035641,3.6190753,3.4838266,3.8748488,3.5912707,4.2671185,4.543535,3.2439826,3.2553916,4.021856,4.1790237,3.8983011,3.4966323,3.5233939,3.5037017,3.9251347,3.8975086,3.2285595,3.3111615,3.9942458,3.7492473,3.8467042,3.9597018,3.4948626,3.4948626,3.0302176,3.241313,3.208026,1.5798885,3.5609949,2.9418802,3.7476077,3.7740479,4.1696086,4.1784554,4.2390623,4.278869,4.334747,4.089963,4.2820487,3.6583982,2.6317713,4.225796,2.375527,2.7333927,2.6024072,3.4298542,3.6843114,2.3957353,4.6919765,4.6724896,4.2328997,4.1567297,3.8641272,3.8686488,4.560808,4.2183914,5.3684564,5.4386363,5.4217863,4.95203,4.625533,4.8103046,4.7969804,4.9330645,3.955806,4.3382154,3.115615,3.4354334,3.6151497,3.4706802,3.596542,3.0676317,3.65454,3.3315392,3.549836,3.6565144,3.565543,3.8568082,3.726681,5.4240465,3.3367758,3.787883,3.5183098,3.5954108,2.4188218,2.689144,2.513576,2.5105991,4.740999,4.780274,4.7698464,4.7698073,3.8887463,4.0890493,3.7999551,3.8141246
15,1.7894484,1.5876881,1.395125,1.4316784,2.558544,1.5153544,1.9723201,2.605429,2.1096623,4.5941696,2.124338,2.1189885,1.19695,1.1697092,0.9820485,0.0,1.8705387,3.7274508,3.8287437,1.6818436,4.344639,3.1414714,2.2625556,3.3178542,1.9239296,1.9239296,2.1501303,1.9537388,1.7178048,1.7586869,2.0163057,2.0963607,3.5307977,3.406089,3.6846776,3.4219587,4.1724215,4.490095,3.205402,3.218481,3.989548,4.31752,3.8845723,3.4763718,3.4332085,3.3897777,3.8358095,3.8090112,3.1442127,3.2186368,3.8972766,3.6537907,3.7912917,3.9311452,3.400403,3.400403,2.996598,3.1974945,3.1607816,1.7967457,3.4727886,2.933509,3.6823418,3.7083123,4.1376677,4.117873,4.189004,4.245622,4.252174,4.031071,3.6622465,3.6538312,2.5959306,3.769486,2.3968174,2.920131,2.6280034,3.3896873,3.582526,2.379198,4.5998607,4.5803046,4.145039,4.074806,3.7771943,3.774183,4.448147,4.126367,5.18263,5.254519,5.2933974,4.7539644,4.3788886,4.638995,4.6229405,4.7568626,3.9711807,4.405082,3.0711508,3.4045646,3.4413273,3.484,3.5720537,2.977539,3.5779953,3.3225214,3.5768924,3.7025769,3.506759,3.8444214,3.7018876,5.408657,3.2019901,3.692084,3.2783868,3.3588393,2.4175055,2.6787162,2.4760127,2.4822767,5.041905,5.1063232,5.0957026,5.0971866,4.315241,4.5180917,4.239757,4.267449
16,1.9680344,1.7189106,1.6581672,1.6571394,2.7768443,1.6764548,2.229898,2.8985713,2.639835,5.078331,2.6580358,2.6619215,1.7556678,1.7420831,1.6000522,1.8705387,0.0,3.8974345,3.4166636,0.6349195,4.2913594,3.0895221,2.360294,3.3506708,1.3175923,1.3175923,1.6636232,1.5792465,1.3534114,1.2186532,1.6395414,1.695559,3.5016959,3.437473,3.9742084,3.5829365,4.253752,4.5210757,3.2269363,3.208229,3.9444015,4.0310507,3.8895998,3.5182357,3.3918018,3.4188077,3.7087808,3.7028646,3.4491944,3.553095,3.932087,3.723934,4.027603,3.9207554,3.500816,3.500816,3.1803424,3.3563132,3.030727,1.3844472,3.4890347,3.0884101,3.961685,3.989688,4.0386214,3.9173644,4.114573,4.1692877,4.2664347,3.9852483,4.279778,3.5227106,3.2355134,4.532661,2.8147223,3.2986069,2.7591536,3.4041886,3.8597438,2.8216386,4.8461175,4.8233232,4.4123826,4.5317698,4.307817,4.312696,5.036107,4.573889,5.123938,5.24855,5.125588,5.043073,4.4274325,4.5688696,4.6152635,4.8371725,3.95619,4.484079,3.1942549,3.4338608,3.6152465,3.5117562,3.4666448,3.2070062,3.705567,3.441136,3.7125878,3.7676895,3.82347,4.015141,3.7733946,5.6469355,3.5675404,4.0200453,3.7351363,3.9076211,2.7352822,2.9845808,2.815356,2.8089364,4.5408816,4.417556,4.4367332,4.414253,3.8919425,3.9130669,3.8034365,3.6313708
17,3.4243746,3.2240467,3.3877263,3.4244106,3.869938,3.3586924,3.4615436,3.9361093,3.716133,5.642063,3.725456,3.7256713,3.2387726,3.2438135,3.1933355,3.7274508,3.8974345,0.0,5.3103666,3.8239777,5.4876633,4.3628864,3.6979144,4.701478,3.1003249,3.1003249,3.250397,3.353564,2.9016404,3.139386,3.394868,3.3276548,4.6629763,4.512867,5.2137413,4.87888,5.2542386,5.5180535,4.331644,4.33363,4.960682,4.7022767,4.512611,4.4404297,4.5315027,4.470454,4.8163166,4.784573,4.5468855,4.6590557,5.023126,4.86579,4.958176,4.870169,4.695285,4.695285,4.319031,4.473623,4.2984667,3.107272,4.732124,4.289525,4.917219,4.9353943,5.8695617,5.928883,5.8607044,5.893004,5.3823442,5.156483,5.892195,4.7690234,3.446761,5.4874787,3.6652987,3.159426,3.7811086,4.3305526,4.946288,3.9180055,5.594091,5.5782204,5.217008,5.2418156,5.0501113,5.065963,5.5888796,5.3330927,6.3376513,6.4476185,7.2745557,6.0703673,5.5719604,5.631715,5.6403017,5.8064904,4.9429374,5.243678,4.49047,4.7991185,4.6824017,4.491941,4.631324,4.2948065,4.8207765,4.6880646,4.410819,4.806502,4.5990644,5.024503,4.7701883,5.631815,4.651299,4.6909385,4.728426,4.8230968,3.8114734,4.127283,4.1508465,4.1348734,4.5394278,4.494596,4.4759436,4.47424,3.8434112,3.8060172,3.7897322,4.251569
18,4.169214,4.2882724,3.6249447,3.6219478,4.4122396,3.797148,4.120541,4.446865,3.1265042,4.7452593,3.1741943,3.188725,3.9628897,3.9410372,3.9005826,3.8287437,3.4166636,5.3103666,0.0,3.5197468,4.941621,4.5873437,4.0685587,4.472668,3.3014252,3.3014252,3.7403612,3.7147918,3.671394,3.8033178,3.9857705,3.8216465,2.7884517,2.766229,3.025893,3.6142664,4.4329214,4.473814,3.5431082,3.55509,4.106109,3.9612434,3.9007857,3.7801895,3.5957582,3.619164,3.671066,3.673234,3.6400795,3.7411196,3.8179607,3.7312772,4.0203533,3.931405,3.696982,3.696982,3.2725093,3.3164053,3.0043437,3.0390632,3.5398211,3.1720762,3.81629,3.8605158,3.8432133,3.6858096,3.9128966,3.9761286,4.204698,3.7694075,4.3190303,3.6777108,3.7595239,4.3636684,3.3682854,3.9311903,3.3464398,3.2982576,3.6473093,3.2858393,4.7480946,4.733215,4.4059343,4.528915,4.557919,4.5494223,4.865631,4.5321164,5.048767,5.1929235,5.0693464,4.6154857,3.8949656,4.5990477,4.2401934,4.633243,4.0004883,5.4547625,3.1103535,3.1407602,3.2285132,3.1028395,3.0920787,3.233711,3.8172243,3.8027885,3.8455844,3.7164307,3.6748462,3.672096,3.8715596,5.473233,3.4332654,3.916313,3.098326,3.3276188,3.4467244,4.258079,3.567391,3.5536904,4.5184445,4.4002748,4.432885,4.4150953,4.2702,4.3205843,4.4238167,4.198909
19,1.8985894,1.6787905,1.5387824,1.5335834,2.6822138,1.5508765,2.0829566,2.7805197,2.531155,4.8674784,2.5572743,2.5593233,1.5301915,1.5237306,1.3894317,1.6818436,0.6349195,3.8239777,3.5197468,0.0,4.1965494,3.074943,2.3745248,3.3190024,1.555411,1.555411,1.8562164,1.7749337,1.4911443,1.3715675,1.6398262,1.7736944,3.6457827,3.5357702,4.045678,3.626322,4.288087,4.5772824,3.3069177,3.3029974,4.0180855,4.1657953,3.9609337,3.5683234,3.47662,3.4916737,3.8380127,3.8291028,3.481901,3.580098,3.9949827,3.7767057,4.0738482,3.977115,3.5334377,3.5334377,3.2860897,3.4700973,3.1626503,1.3393615,3.517927,3.2055845,3.998733,4.0274987,4.0760574,3.9622998,4.1489816,4.185862,4.3207345,4.0484886,4.2742047,3.555955,3.200279,4.5552816,2.7920053,3.2803245,2.719748,3.487637,3.9088793,2.7938826,4.815341,4.795408,4.4048977,4.525998,4.274274,4.2645564,4.895555,4.557813,5.446956,5.5653048,5.1760664,5.0699363,4.4745574,4.658801,4.653064,4.8528743,4.0655227,4.527908,3.2671216,3.5254917,3.7172334,3.6322296,3.7162614,3.2217789,3.7987173,3.4989235,3.7578628,3.7938566,3.7492797,4.0162597,3.8074822,5.723184,3.602959,4.0475206,3.743807,3.8517084,2.6801674,2.9599001,2.789479,2.7833304,4.712751,4.584383,4.592098,4.577103,4.000588,4.033,3.9025793,3.74763
20,3.9534826,4.0141397,4.4899416,4.5108714,5.0202103,4.495123,5.295505,4.4211903,4.5528135,4.1847463,4.494411,4.498189,4.3346076,4.358936,4.2470374,4.344639,4.2913594,5.4876633,4.941621,4.1965494,0.0,2.3766506,3.137648,3.4375331,4.373698,4.373698,4.6200476,4.6307135,4.359974,4.383782,5.2139673,5.13324,5.2560835,5.1520233,5.4151316,5.1776323,5.6994033,6.0736866,5.001372,5.0370135,5.9992294,6.1076436,5.636306,5.40917,5.197607,5.2041273,5.6215754,5.5961285,5.084281,4.986207,5.2067385,5.08358,5.3909616,5.3289547,4.8895164,4.8895164,5.0521665,5.167716,5.0455666,4.284719,5.090232,5.106798,5.3485312,5.378682,5.529248,5.2888794,5.958445,5.980526,5.5513954,5.3431044,5.6271653,5.187707,5.0019674,5.8234944,4.7222686,5.0473733,4.5653005,5.1189747,5.3306932,4.6675644,5.4161515,5.4049487,5.2528396,5.452212,5.1355987,5.117805,5.4929442,5.314863,6.860223,6.9487605,6.56854,6.3143992,6.0414276,6.2723317,6.0068107,6.278238,5.437373,5.695196,4.379241,4.1953874,4.715355,4.2525444,4.3736067,4.930049,5.2370763,5.0144,5.373588,5.268137,5.2156396,5.238772,5.25112,4.6487527,5.1452518,5.627803,5.064554,5.096691,4.796357,4.1729646,4.8560305,4.8299046,6.621136,6.599855,6.5853553,6.590675,6.256106,6.2883544,6.229793,6.1673007
21,2.6261592,2.5320506,3.2754464,3.3057492,3.9262373,3.261915,4.147977,3.2648377,3.7507524,3.9505763,3.719193,3.7210455,3.0922215,3.1061227,2.9893079,3.1414714,3.0895221,4.3628864,4.5873437,3.074943,2.3766506,0.0,1.3647628,2.4122581,3.3132274,3.3132274,3.5623157,3.5372791,3.091889,3.1040826,4.146025,4.172391,4.4829197,4.3924327,4.8003,4.4318886,4.887881,5.2792573,4.056986,4.0554338,5.145414,5.243718,4.7960944,4.404924,4.239383,4.265986,4.7552075,4.7242575,4.2673917,4.148938,4.492451,4.3020625,4.733797,4.660521,4.0645275,4.0645275,4.1795053,4.3359547,4.1487737,3.1539063,4.3603535,4.2057366,4.6690583,4.695652,5.0021443,4.807078,5.4114976,5.4413743,4.953497,4.6958675,4.8755546,4.4316745,4.0226965,5.108428,3.830895,4.085259,3.7084856,4.3372955,4.6711097,3.8177295,4.834749,4.8198314,4.510836,4.62765,4.359498,4.3397493,4.8928814,4.6396627,6.2335095,6.335601,6.177056,5.704114,5.4124727,5.535032,5.4389954,5.678012,4.790548,4.9023547,3.6159048,3.5226653,3.8667858,3.5238454,3.7711115,4.223047,4.432738,4.215285,4.5465837,4.644931,4.5953207,4.670063,4.614191,4.3476343,4.420282,4.867223,4.5099435,4.5053153,3.8813078,3.120617,3.9074519,3.882077,5.441527,5.371857,5.357632,5.358605,4.9488373,4.946,4.8369374,4.8159857
22,1.9322764,1.5801708,2.4445384,2.4888868,3.1280253,2.4569242,3.3977718,3.2059796,2.8684235,3.9302495,2.854094,2.8527627,2.2064984,2.204256,2.1004643,2.2625556,2.360294,3.6979144,4.0685587,2.3745248,3.137648,1.3647628,0.0,2.370067,2.4593718,2.4593718,2.8481069,2.7965467,2.31714,2.345479,3.2684608,3.3207495,4.028043,3.9149592,4.3077044,4.072444,4.6545086,5.043986,3.6778862,3.6631477,4.467596,4.549978,4.2370644,3.956751,3.88445,3.851946,4.2446494,4.21698,3.9001615,3.9453835,4.4259377,4.2183633,4.4429016,4.4443736,3.9762785,3.9762785,3.6820815,3.854423,3.6860783,2.403736,4.100679,3.5807402,4.3406353,4.369549,4.7911158,4.668871,5.025083,5.0720253,4.8516407,4.5505195,4.619145,4.219367,3.4864578,4.779068,3.270489,3.568842,3.3637598,3.9653943,4.3662724,3.3193972,5.042027,5.025159,4.6696773,4.6773744,4.438048,4.4261594,5.0341587,4.7356024,5.9027305,6.0003204,6.0612082,5.5056148,5.053809,5.2282887,5.2303286,5.402648,4.4715247,4.935386,3.3461094,3.3634052,3.610023,3.15137,3.4060059,3.7547224,4.2181716,4.013866,4.1998415,4.4099355,4.2939434,4.580744,4.373235,4.609235,4.0045695,4.3170037,3.9821186,4.0863056,3.2582934,2.906048,3.4160857,3.4020004,5.0175853,4.9820976,4.9708295,4.9713273,4.3418727,4.4114075,4.2514763,4.260951
23,2.2002745,3.0610018,2.7604077,2.7686398,3.2819407,2.6932306,3.7203186,3.5019689,3.7769759,3.3776884,3.7875876,3.7822645,3.347547,3.3699358,3.2891674,3.3178542,3.3506708,4.701478,4.472668,3.3190024,3.4375331,2.4122581,2.370067,0.0,3.649016,3.649016,3.9716263,3.9486482,3.5007188,3.5085816,4.22043,4.365339,4.101906,4.0187187,4.417573,4.159215,3.81022,4.3146996,3.8082268,3.7852929,4.5556493,5.0274253,4.818361,4.0927205,3.9310632,3.9248674,4.3248954,4.292022,3.7327976,3.8723812,4.10123,3.9510028,4.361173,4.247442,3.6821718,3.6821718,4.4874067,4.6286073,4.453395,3.5301144,3.607758,4.8171883,4.055065,4.0642657,4.2989717,4.1048045,4.564373,4.592853,4.3958592,4.059039,4.138383,3.684982,3.9143121,5.117349,3.7515614,3.9878225,3.5893307,4.687109,4.613534,3.6629992,4.9311614,4.9142284,4.543987,4.6701083,4.454771,4.427741,5.0049834,4.6847124,6.1025887,6.2245364,6.1481457,5.7436576,4.990723,5.590601,5.477359,5.7216663,5.2493362,5.759697,3.5455754,3.468544,4.3113446,4.3873515,4.0919476,3.8957388,4.106932,4.052461,5.0062637,4.344171,4.1578965,4.4625607,4.625221,4.6425834,4.206025,4.425208,4.316794,4.184438,3.529244,3.189145,3.7932823,3.7810602,5.138432,5.0741396,5.0223546,5.04998,4.638366,4.60902,4.575634,4.5327682
24,2.117859,1.7701583,1.7138197,1.7426445,2.9539533,1.7877686,2.147152,3.0592744,2.3298485,5.1239614,2.3331664,2.3399434,1.8261858,1.8038663,1.602846,1.9239296,1.3175923,3.1003249,3.3014252,1.555411,4.373698,3.3132274,2.4593718,3.649016,0.0,0.0,0.9556265,0.9076303,0.774476,1.0034224,1.4171999,1.1297413,3.1792777,3.122617,3.7296433,3.4494307,4.2985506,4.4967084,3.0708623,3.0586102,3.7810316,3.7243676,3.63926,3.4400249,3.2763042,3.293366,3.4703298,3.4557564,3.315366,3.473618,3.8340626,3.6563528,3.848691,3.7490685,3.4756587,3.4756587,2.8424745,3.0180652,2.708536,1.1900178,3.427579,2.7141368,3.806908,3.8376784,4.2137065,4.15776,4.2732563,4.361775,4.1235914,3.8676264,4.359452,3.52329,2.7868383,4.199959,2.4970105,2.8175073,2.5128918,2.9985406,3.5608134,2.5612938,4.715598,4.691487,4.328099,4.431314,4.23198,4.2664337,4.9897146,4.4667716,4.8985343,5.0084734,5.439815,4.980292,4.4076376,4.529934,4.5946393,4.9000897,3.5332508,4.2921376,3.0433862,3.352152,3.3215942,3.211808,3.1007016,3.0052078,3.4398818,3.2658534,3.317164,3.5405319,3.5765486,3.829773,3.562525,5.3387837,3.296426,3.8105774,3.4288275,3.6895514,2.6591136,3.016083,2.702991,2.6909547,4.20009,4.1832037,4.201366,4.181681,3.6613553,3.6988313,3.6393452,3.643629
25,2.117859,1.7701583,1.7138197,1.7426445,2.9539533,1.7877686,2.147152,3.0592744,2.3298485,5.1239614,2.3331664,2.3399434,1.8261858,1.8038663,1.602846,1.9239296,1.3175923,3.1003249,3.3014252,1.555411,4.373698,3.3132274,2.4593718,3.649016,0.0,0.0,0.9556265,0.9076303,0.774476,1.0034224,1.4171999,1.1297413,3.1792777,3.122617,3.7296433,3.4494307,4.2985506,4.4967084,3.0708623,3.0586102,3.7810316,3.7243676,3.63926,3.4400249,3.2763042,3.293366,3.4703298,3.4557564,3.315366,3.473618,3.8340626,3.6563528,3.848691,3.7490685,3.4756587,3.4756587,2.8424745,3.0180652,2.708536,1.1900178,3.427579,2.7141368,3.806908,3.8376784,4.2137065,4.15776,4.2732563,4.361775,4.1235914,3.8676264,4.359452,3.52329,2.7868383,4.199959,2.4970105,2.8175073,2.5128918,2.9985406,3.5608134,2.5612938,4.715598,4.691487,4.328099,4.431314,4.23198,4.2664337,4.9897146,4.4667716,4.8985343,5.0084734,5.439815,4.980292,4.4076376,4.529934,4.5946393,4.9000897,3.5332508,4.2921376,3.0433862,3.352152,3.3215942,3.211808,3.1007016,3.0052078,3.4398818,3.2658534,3.317164,3.5405319,3.5765486,3.829773,3.562525,5.3387837,3.296426,3.8105774,3.4288275,3.6895514,2.6591136,3.016083,2.702991,2.6909547,4.20009,4.1832037,4.201366,4.181681,3.6613553,3.6988313,3.6393452,3.643629
26,2.230679,1.867909,1.9227349,1.9484663,3.1654358,1.9568512,2.0587616,3.0127873,2.5480683,5.376757,2.5545323,2.5626402,1.8635573,1.8478507,1.6654004,2.1501303,1.6636232,3.250397,3.7403612,1.8562164,4.6200476,3.5623157,2.8481069,3.9716263,0.9556265,0.9556265,0.0,0.34979123,1.2147061,1.3701609,1.5871507,1.2483895,3.261671,3.2100687,3.7502742,3.389756,4.3009872,4.3762274,3.0399272,3.0421805,3.7479908,3.6632116,3.6477282,3.3790555,3.3072014,3.3561544,3.5238326,3.5036366,3.251696,3.382113,3.773193,3.5995054,3.7044694,3.6426096,3.4273717,3.4273717,2.760771,2.939172,2.745137,1.6580307,3.4426148,2.6959674,3.7389188,3.7664716,4.0943146,4.077944,4.175395,4.2656217,4.0339055,3.815172,4.5431275,3.4978857,2.8106194,4.247133,2.4924266,2.7673385,2.5167804,2.990118,3.4518888,2.5119743,4.674177,4.648462,4.220053,4.2911468,4.09782,4.152408,4.8899727,4.332781,4.8400097,4.903318,5.3023653,4.9379807,4.658963,4.6698995,4.7554183,5.0906954,3.548852,4.114765,3.1005852,3.439512,3.4433956,3.411825,3.257638,3.0648086,3.3273659,3.1166468,3.155919,3.3811839,3.5524092,3.7120934,3.5385947,5.5370955,3.281029,3.888734,3.648247,3.8341675,2.7754822,3.0121272,2.684124,2.6678343,4.351357,4.354098,4.369992,4.3523407,3.8304632,3.9021132,3.773623,3.753891
27,2.2014089,1.8165925,1.8384621,1.8647387,3.1026073,1.8959923,1.978129,2.9655318,2.5019188,5.3611603,2.5027637,2.5106213,1.8126509,1.7930572,1.5896834,1.9537388,1.5792465,3.353564,3.7147918,1.7749337,4.6307135,3.5372791,2.7965467,3.9486482,0.9076303,0.9076303,0.34979123,0.0,1.1197225,1.294272,1.4980576,1.1890277,3.2374024,3.182995,3.7006812,3.3371952,4.286309,4.3913746,3.0234087,3.025444,3.7560751,3.733222,3.666689,3.3838084,3.2755358,3.312716,3.5109873,3.49062,3.2522998,3.3729558,3.7788937,3.600442,3.7258272,3.6750972,3.4165378,3.4165378,2.751435,2.937092,2.7395113,1.5978638,3.4462628,2.678111,3.7622628,3.7901063,4.134528,4.1054535,4.198676,4.295778,4.0513287,3.8385046,4.3906507,3.5246892,2.7862735,4.148178,2.4800944,2.8114338,2.511879,2.9968574,3.455293,2.4920428,4.6605864,4.6350393,4.2269077,4.298661,4.085487,4.1406126,4.893368,4.336127,4.7618666,4.820237,5.262812,4.8605566,4.601415,4.6276994,4.6941586,5.0064697,3.5235212,4.085915,3.1176682,3.459517,3.4082983,3.4153955,3.2770689,3.069911,3.3475938,3.1574094,3.1891427,3.43551,3.5704913,3.7420382,3.5283604,5.5475025,3.282465,3.8879573,3.6293154,3.8122666,2.7563944,2.9974205,2.6560228,2.6431565,4.4815297,4.506606,4.522255,4.5040016,3.9798982,4.0558505,3.9196968,3.9028878
28,1.9512658,1.6027666,1.5879548,1.6170309,2.8391237,1.6243732,1.9749411,2.6805727,2.4809835,5.1125536,2.4822652,2.4842076,1.7271864,1.7109802,1.3777673,1.7178048,1.3534114,2.9016404,3.671394,1.4911443,4.359974,3.091889,2.31714,3.5007188,0.774476,0.774476,1.2147061,1.1197225,0.0,0.4641848,1.4004338,1.3037692,3.2951872,3.2325795,3.898808,3.4801545,4.1998796,4.481028,3.037304,3.0243459,4.032203,4.048824,3.7939303,3.492066,3.2112865,3.2414358,3.591443,3.567294,3.326659,3.4044774,3.794992,3.588718,3.8895452,3.7919426,3.371345,3.371345,2.9583073,3.1519015,2.847749,1.2153703,3.4503138,2.9164686,3.8711128,3.8965828,4.2970533,4.2329226,4.3869023,4.4578404,4.1069,3.8933752,4.226302,3.4775205,2.6302094,4.1556487,2.4554935,2.6850424,2.3974075,3.0527823,3.6318557,2.5318513,4.4543247,4.4326468,4.113379,4.2278376,3.9758222,3.999299,4.773932,4.2734847,4.92708,5.0452747,5.5242543,4.924576,4.415052,4.512454,4.5344734,4.816494,3.4779081,3.9651096,3.095427,3.4269989,3.3977494,3.3631594,3.3049438,3.0621762,3.4507475,3.2275178,3.405867,3.5726345,3.5612602,3.7759664,3.4897294,5.225619,3.333406,3.8430276,3.5267022,3.7051003,2.5733857,2.8183165,2.6331062,2.6245716,4.208412,4.244369,4.2527246,4.236119,3.7049813,3.7248962,3.6460598,3.7035797
29,1.9908824,1.5858802,1.6864529,1.7090055,2.9308913,1.6732275,2.0866592,2.8128912,2.6750133,5.2736144,2.677154,2.6758764,1.7628568,1.7437006,1.4070894,1.7586869,1.2186532,3.139386,3.8033178,1.3715675,4.383782,3.1040826,2.345479,3.5085816,1.0034224,1.0034224,1.3701609,1.294272,0.4641848,0.0,1.3552723,1.3472723,3.4606075,3.4179473,4.061642,3.5948138,4.2801995,4.5904694,3.1541486,3.137535,4.0989304,4.1676183,3.9132833,3.5963738,3.2992392,3.3617005,3.679575,3.6558464,3.4811075,3.5668325,3.9510067,3.7383924,4.0372386,3.9363472,3.5174184,3.5174184,3.1358588,3.3230717,3.0013306,1.3946122,3.5948248,3.0833278,4.03185,4.054797,4.336067,4.256771,4.461542,4.5231476,4.18432,4.0161033,4.2898936,3.5624323,2.8478005,4.26474,2.655015,2.9116569,2.5394602,3.1928368,3.7579565,2.699828,4.586398,4.56568,4.23926,4.361083,4.1042805,4.113605,4.903677,4.4105563,4.9939284,5.1217127,5.5654716,5.025915,4.485296,4.5448127,4.6081977,4.8901677,3.6001115,4.0457616,3.2150195,3.5359707,3.5612555,3.527537,3.4550252,3.22146,3.5781298,3.3046987,3.567916,3.6886027,3.7207062,3.9089422,3.5894258,5.3370833,3.4617267,4.0226955,3.6419485,3.8286426,2.7070556,2.8611197,2.6824615,2.6802204,4.331175,4.342519,4.3529053,4.3356814,3.819062,3.829955,3.7475624,3.7692456
30,2.5652664,2.2770932,1.821403,1.8138422,2.848006,1.8646573,1.7336463,3.2085826,2.7127655,5.8385024,2.768676,2.7637486,1.8936154,1.8741711,1.7638255,2.0163057,1.6395414,3.394868,3.9857705,1.6398262,5.2139673,4.146025,3.2684608,4.22043,1.4171999,1.4171999,1.5871507,1.4980576,1.4004338,1.3552723,0.0,0.7484212,3.7657094,3.6787148,4.2693305,3.8646374,4.573553,4.80354,3.548796,3.5593717,4.0914397,4.208063,4.00684,3.7371469,3.6745367,3.6574647,3.9656188,3.9452348,3.8426306,3.9967773,4.396765,4.195554,4.4232183,4.3382664,3.9839432,3.9839432,3.5907488,3.7675853,3.4632044,1.8695982,3.9264345,3.478099,4.376994,4.3993964,4.6755533,4.63985,4.535598,4.6035604,4.655033,4.463229,4.6105185,3.9738638,3.3108351,4.7032022,3.0751982,3.3722231,3.088493,3.71661,4.2226777,3.155655,5.263708,5.240505,4.8075366,4.9095483,4.678353,4.691116,5.4413514,4.9602175,5.348116,5.4664793,5.947245,5.51573,4.885379,5.036397,5.1031656,5.332711,4.2688107,4.758381,3.8927495,4.291035,4.2685013,4.2687926,4.1562366,3.5553775,4.0996294,3.8706968,4.0615,4.142785,4.113808,4.382547,4.2195563,6.42007,3.9164119,4.256339,4.064408,4.269681,3.0482266,3.6904576,3.2040403,3.2083972,4.811631,4.7349386,4.7486863,4.730303,4.1453414,4.1778283,4.103063,4.0985136
31,2.6049616,2.302377,1.9409956,1.9490079,3.2118134,1.9966776,1.8475224,3.24712,2.598798,5.7865067,2.6076229,2.6095324,1.9965401,1.9740753,1.8035641,2.0963607,1.695559,3.3276548,3.8216465,1.7736944,5.13324,4.172391,3.3207495,4.365339,1.1297413,1.1297413,1.2483895,1.1890277,1.3037692,1.3472723,0.7484212,0.0,3.6096659,3.5603943,4.1084323,3.7695827,4.5812707,4.759813,3.4634695,3.4656188,4.038431,4.0892167,3.99203,3.7544918,3.6517239,3.6928418,3.8450878,3.8322732,3.6366482,3.7989414,4.22017,4.0348086,4.172841,4.121791,3.8597891,3.8597891,3.241693,3.4126332,3.1807148,1.7198964,3.776211,3.1038992,4.136922,4.1624045,4.4747148,4.4787083,4.456354,4.539765,4.3906984,4.2315154,4.6430845,3.8516414,3.084559,4.390536,2.8430576,3.1354117,2.8603652,3.3947685,3.825033,2.8847225,5.045099,5.02069,4.64486,4.718091,4.4895225,4.52036,5.2625537,4.7475576,5.0630817,5.168214,5.665289,5.206023,4.6438026,4.720344,4.819976,5.069183,3.8468351,4.429064,3.6116912,4.020493,3.9728613,4.0136995,3.8737044,3.3612196,3.7854521,3.551516,3.6492279,3.7914422,3.848211,4.078936,3.8377912,6.1231184,3.6187136,4.1965632,3.7947583,4.0484095,2.9887676,3.499246,2.9014246,2.901142,4.547018,4.5525784,4.571071,4.551173,3.930053,4.01572,3.9039257,3.9140885
