,0,1,2,3,4,5,6,7,8,9,10,11,12,13,14,15,16,17,18,19,20,21,22,23,24,25,26,27,28,29,30,31,32,33,34,35,36,37,38,39,40,41,42,43,44,45,46,47,48,49,50,51,52,53,54,55,56,57,58,59,60,61,62,63,64,65,66,67,68,69,70,71,72,73,74,75,76,77,78,79,80,81,82,83,84,85,86,87,88,89,90,91,92,93,94,95,96,97,98,99,100,101,102,103,104,105,106,107,108,109,110,111,112,113,114,115,116,117,118,119,120,121,122,123,124,125,126,127
0,0.0,1.697745,1.3950748,0.79276973,0.65967304,2.9928184,1.9987049,1.826255,2.7152705,2.4623067,3.0293815,2.8474433,3.2353013,3.730639,2.7551782,2.7685256,3.8600245,3.8459368,3.849923,4.2633915,3.537486,3.765785,3.5084393,3.6153467,4.042652,3.92443,4.0159783,3.8975809,3.500068,3.619666,3.761283,3.6644022,4.992985,2.8064504,3.7346964,4.1329384,3.0386713,3.2684898,3.4225345,2.9501243,3.4844234,3.7242131,3.6581938,3.6769636,3.6439764,3.682989,3.6829503,4.4538693,3.743895,3.7511382,3.630349,3.2470486,3.8480816,4.292819,3.525759,3.716873,3.6032424,3.5855253,3.3473058,3.815095,3.524879,3.5911627,3.0858002,3.6666546,4.363575,4.4222913,4.363575,4.363575,4.5015745,4.6851635,4.5572963,4.4546432,4.526832,4.2745485,4.002474,3.8148682,4.8446846,4.995826,5.047204,4.538524,4.473392,4.562582,4.750747,4.9923487,4.392678,4.392678,4.206578,4.2152677,4.3838377,4.3532104,3.4313328,4.402497,4.16887,4.0576696,4.075746,4.0267606,5.6747203,5.6618056,5.4007688,5.465699,5.64231,5.145462,5.7145567,5.775065,5.5713663,5.8171206,5.6330376,5.7082562,5.954826,5.785497,5.727896,5.7034345,5.72654,5.554865,5.3355637,5.664815,5.334226,4.36252,5.64327,5.585695,5.6162167,5.6748605,5.8134294,5.548157,5.9061794,5.564221,5.7465014,6.1435738
1,1.697745,0.0,2.0136766,1.7962996,1.5978931,2.551466,1.1170785,1.4548013,2.7845643,2.5340242,3.0006094,2.881139,3.2316854,3.233032,2.804019,2.8343654,4.1025934,4.065165,4.078844,4.4563675,4.000972,4.1434,3.987796,4.011639,4.4523196,4.3202252,4.4096417,4.328215,3.8405302,4.0771666,4.238735,4.1490517,5.397037,3.035613,3.8466842,4.239201,3.2165864,3.4445515,3.5675313,3.1044235,3.7904718,4.0736322,4.040434,4.06835,3.9857605,3.9821043,4.033762,4.7267437,3.8657637,3.7879865,3.7702055,3.4293654,4.087098,4.55324,3.849744,4.0123987,3.5940006,3.6259959,3.4731004,4.1131043,3.5850523,3.670307,3.2343462,3.6915164,4.2936683,4.3292103,4.2936683,4.2936683,4.4149947,4.5678816,4.475964,4.378485,4.338812,4.2156982,3.9430106,3.776745,4.6096754,4.689833,4.9668484,4.4162993,4.2875133,4.372559,4.5925956,4.8636103,4.1463757,4.1463757,3.952151,3.9531624,4.1413817,4.0960197,3.0523014,3.9993422,3.7180917,3.824689,3.8900979,3.8551624,5.6788096,5.6573415,5.386383,5.456396,5.528308,4.9673386,5.5485473,5.6167283,5.398035,5.661235,5.4157705,5.4916387,5.823489,5.6289744,5.5650797,5.5332885,5.497329,5.314724,5.236293,5.543531,5.1508193,4.218892,5.4968753,5.438075,5.544648,5.6066995,5.753108,5.4616985,5.7957234,5.443835,5.60358,5.6258354
2,1.3950748,2.0136766,0.0,1.0400276,1.4773437,3.1725051,2.0028522,2.232851,3.226021,2.663546,3.0638158,2.8925672,3.2019477,3.6961956,2.6740725,2.676551,4.059712,4.0431848,4.0491433,4.2790613,3.777741,4.0195036,3.7538211,3.8639045,4.0122447,3.8817015,3.9697757,3.787263,3.5392475,3.664916,3.9517455,3.5445275,5.054064,3.0702558,4.0036335,4.372715,3.3607783,3.626407,3.4654207,3.08161,3.6292982,3.809137,3.7588692,3.8233035,3.8140922,3.7658288,3.9880924,4.6163087,3.4384334,3.5202813,3.3875685,3.1227503,3.7775307,3.723667,3.3727872,3.4090843,3.5534804,3.5158684,3.0706012,3.7807033,3.3084161,3.4247077,3.1374042,3.3032477,4.180788,4.230255,4.180788,4.180788,4.3486147,4.520869,4.4868393,4.4234242,4.4118733,3.9439032,3.4838386,3.5117707,4.6325493,4.7770433,4.9147615,4.2207446,4.540206,4.727832,4.8441186,5.055908,4.4147196,4.4147196,4.2824807,4.2970815,4.1575103,4.1420135,3.3805554,4.1578484,3.8461056,3.750851,3.8804948,3.832222,5.298442,5.283618,4.9804506,5.0628314,5.228005,4.760638,5.5300355,5.3885937,5.21679,5.4969854,5.2518306,5.3551245,5.8474793,5.47788,5.396777,5.3858743,5.641944,5.452707,5.34856,5.6281247,5.1378946,4.1801653,5.450274,5.3901186,5.5457897,5.615989,5.799501,5.626765,5.962716,5.4465184,5.5804596,6.0165157
3,0.79276973,1.7962996,1.0400276,0.0,1.0168939,3.0785906,1.9584562,1.9440176,2.633252,2.315165,2.9072862,2.718642,2.8954337,3.626,2.468477,2.489114,3.8954458,3.8846056,3.8891773,4.2631893,3.5611699,3.8616638,3.5451195,3.650449,3.9545722,3.8186548,3.9263086,3.789563,3.3852475,3.5176098,3.892023,3.4847295,5.0683937,3.0377657,4.0450735,4.3904786,3.145951,3.5099912,3.50599,3.1012006,3.60913,3.8159857,3.746378,3.8117466,3.8990114,3.8591592,3.921018,4.6723027,3.5171037,3.5534186,3.4564145,3.0204337,3.7313793,4.1662307,3.3698268,3.4435756,3.601422,3.580304,3.3248982,3.839293,3.3843431,3.4796977,3.1615267,3.4180768,4.172985,4.245783,4.172985,4.172985,4.3156977,4.494098,4.467923,4.3836374,4.4498878,4.0544353,3.7660565,3.631095,4.784862,4.936437,5.0136585,4.3442035,4.2991214,4.409025,4.535112,4.786366,4.17142,4.17142,4.0229173,4.0336866,4.2152205,4.1960483,3.3923824,4.2242618,3.8626142,3.7481399,3.8805008,3.8399816,5.307367,5.2958317,5.0020638,5.073411,5.2477813,4.7283554,5.512243,5.413789,5.241332,5.49015,5.288434,5.375571,5.8227625,5.470295,5.406069,5.378991,5.3656216,5.1776714,5.1137447,5.3931065,4.9024105,3.9588783,5.1984773,5.1368685,5.3331614,5.3982544,5.590602,5.3819294,5.725707,5.21194,5.3470206,5.8122573
4,0.65967304,1.5978931,1.4773437,1.0168939,0.0,3.1010556,1.953759,2.1065814,2.6658647,2.4240894,2.9433258,2.8338113,3.1392794,3.6481686,2.6140854,2.6323183,3.4584978,3.4449606,3.450973,3.9072256,3.1878486,3.3688998,3.1767402,3.3001053,3.7363799,3.5971699,3.7350163,3.6223674,3.2039006,3.2996936,3.5779624,3.4621253,4.8758516,2.7545009,3.631362,4.050253,3.0666702,3.2566073,3.4362657,2.90049,3.572535,3.8413632,3.8047664,3.8456326,3.7539,3.765562,3.8321679,4.578593,3.7009478,3.693116,3.5998764,3.2113645,3.9326894,4.3938403,3.6202235,3.8123062,3.5415099,3.5052235,3.2950819,3.6271343,3.461477,3.5468373,2.988701,3.5500345,4.2616777,4.2838554,4.2616777,4.2616777,4.410072,4.5676394,4.4529276,4.370644,4.4019732,4.200874,3.9584396,3.7304099,4.610489,4.7363534,4.9807043,4.486743,4.376591,4.427568,4.602565,4.8858576,4.2730527,4.2730527,4.066611,4.074774,4.215201,4.194311,3.2237294,4.2381496,4.1060047,3.991605,4.0090737,3.9636462,5.8470845,5.8271985,5.5558085,5.6295695,5.69575,5.1572857,5.7316294,5.806725,5.5539746,5.8530264,5.6322474,5.7032814,5.9950056,5.8232074,5.7605104,5.7343097,5.747457,5.5699778,5.423226,5.7248907,5.324294,4.3520656,5.6692953,5.6163764,5.6736283,5.7354403,5.828408,5.591758,5.958044,5.6032634,5.7852483,6.2047505
5,2.9928184,2.551466,3.1725051,3.0785906,3.1010556,0.0,2.789293,2.9375856,3.6452353,3.5215285,4.5436125,3.7872083,4.500185,4.4473357,4.290612,4.487177,4.257099,4.1939697,4.2112684,4.583721,4.3994837,4.7172318,4.1930137,4.44087,4.7743764,4.688175,4.715235,4.6421103,4.2750244,4.481258,4.743992,4.711807,5.892632,3.6004512,4.289813,4.3781843,3.8606076,4.016074,4.019709,3.526721,4.2889776,4.458333,4.4905915,4.5399632,4.5810094,4.9141073,4.476134,5.1061373,4.4137826,4.5169353,4.3664355,4.1283636,5.103747,5.4811215,4.92643,4.9972734,4.1175213,4.2375984,4.079219,4.67902,4.1372027,4.25862,3.8334877,4.3981028,5.3916755,5.346083,5.3916755,5.3916755,5.5087214,6.025503,5.4869447,5.4121823,5.1982965,5.176361,5.0658393,4.908852,5.5885277,5.6425004,5.870146,5.460605,5.3856277,5.5064273,5.6104183,5.8327603,5.232096,5.232096,5.059454,5.0609717,5.193972,5.105842,4.323284,5.0423284,4.930966,4.9517198,5.149951,5.117714,6.210713,6.188051,5.9660783,6.015794,5.8905354,5.6503096,6.048161,6.151669,5.857296,6.2450876,6.014406,6.0555677,6.3644266,6.205141,6.143252,6.1282506,5.890084,5.6899414,5.10056,6.16022,5.9569106,4.850179,6.10466,6.04736,6.1725883,6.2264295,6.410834,6.123685,6.342606,6.037452,6.219285,6.191802
6,1.9987049,1.1170785,2.0028522,1.9584562,1.953759,2.789293,0.0,1.7261806,3.1443558,2.847954,3.421489,3.3103445,3.4004433,3.2572632,2.8668475,2.959212,4.1758614,4.14201,4.1492286,4.425204,4.1028223,4.2267966,4.056158,4.092582,4.519394,4.4094224,4.447553,4.3283663,3.9390988,4.1993127,4.31979,4.285115,4.9166617,3.0631356,3.9362075,4.3259673,2.823635,3.0043097,3.1288743,3.102144,3.7023418,3.9167247,3.922267,3.9448473,3.8688715,3.8503017,3.9484122,4.6108413,3.7962046,3.645838,3.6462274,3.3954327,3.94231,4.275244,3.718294,3.807625,3.5028167,3.4964237,3.3785708,4.048027,3.5070844,3.59678,3.183863,3.7185962,3.8220208,3.7768972,3.8220208,3.8220208,3.9569528,4.159294,4.0015345,3.917057,4.1177235,3.9907784,3.506762,3.6542406,4.1418204,4.243311,4.4343185,3.8393095,3.884774,3.9957094,4.1839275,4.2729506,3.8103483,3.8103483,3.638716,3.6675553,4.13719,4.082592,3.0769494,3.972039,3.1642637,3.3087769,3.6447024,3.652721,5.2417355,5.2100506,4.936238,5.028305,5.2152433,4.602026,5.159485,5.2569785,5.3411884,5.247679,5.015686,5.1072936,5.413692,5.2215295,5.130447,5.127187,5.143503,5.0000825,4.9816017,5.1881094,4.9689875,4.053299,5.4904146,5.444704,5.4518175,5.511929,5.669868,5.386326,5.4331985,5.1159086,5.2531133,5.3672805
7,1.826255,1.4548013,2.232851,1.9440176,2.1065814,2.9375856,1.7261806,0.0,3.392285,3.1130526,3.3724663,3.3095915,3.7660084,3.7190907,3.399767,3.3536751,4.729447,4.698043,4.692302,5.0132413,4.5299025,4.701757,4.5210247,4.549479,4.9253583,4.864439,4.859882,4.7770076,4.248668,4.5541787,4.797937,4.716185,6.090299,3.4933412,4.229718,4.6109753,3.6684434,3.8614872,4.0187225,3.547861,3.8587253,4.018609,4.0088487,4.0463533,3.995497,3.9652345,3.9374306,4.6812315,4.174841,4.173735,4.0749426,3.743031,3.9452577,4.300823,3.6639307,3.8333871,4.0008106,3.9888186,3.7758482,4.7069287,3.9661653,4.058751,3.6322448,4.083539,4.568222,4.5133314,4.568222,4.568222,4.6737475,4.83328,4.7743263,4.631849,4.6393204,4.3285117,4.0571647,3.895156,5.316305,5.4608564,5.1887836,4.697613,4.707907,4.809096,4.9118853,5.239406,4.544905,4.544905,4.3840933,4.381842,4.475054,4.4065833,3.5263214,4.3517804,4.0882335,4.186818,4.298527,4.242209,5.5577517,5.551882,5.276794,5.3502893,5.7049346,5.219582,5.801874,5.8347306,5.4520197,5.7921557,5.6180353,5.7075458,5.9610953,5.759822,5.7051086,5.67304,5.8869567,5.6981816,5.585702,5.8428683,5.408074,4.5391245,5.714448,5.6359735,5.840545,5.8989325,6.0566707,5.7896547,6.0448356,5.7246537,5.863359,5.9309983
8,2.7152705,2.7845643,3.226021,2.633252,2.6658647,3.6452353,3.1443558,3.392285,0.0,1.102486,2.4539466,2.0160112,2.8252103,3.19924,1.887005,2.0369248,4.2455463,4.26432,4.290412,4.633149,4.148593,4.4066234,4.155505,4.229551,4.4434543,4.220869,4.4240003,4.3472304,4.0709405,4.1882195,4.040357,3.4184964,4.956702,3.0164914,3.9554482,4.148018,3.1673331,3.3878117,3.4951146,3.0911846,3.8752792,4.3593693,4.1584053,4.2992544,4.229131,4.3578787,3.9651303,4.6603055,3.4161747,3.413161,3.3446643,2.9493115,3.7980118,5.0572925,3.7884688,3.9018412,3.4664006,3.5572803,3.8624074,3.7342045,3.2675989,3.361306,3.546695,3.7140808,4.40755,4.8372016,4.40755,4.40755,4.5394373,4.695632,4.651749,4.659526,4.286491,4.260411,4.5469527,4.16764,4.694601,4.784745,4.891191,4.459457,4.190116,4.198497,4.5928946,4.6613607,4.060623,4.060623,3.9520895,3.9563694,3.9587977,3.9358404,3.0841267,3.9312925,3.8199308,3.7619715,3.9822037,3.9972048,5.185299,5.147541,4.9700027,4.976506,4.7720184,4.2495337,5.1190095,4.9905753,4.900494,5.1660213,5.003627,5.087511,5.611121,5.171825,5.139156,5.0887628,4.659338,4.4712014,4.596476,4.9915185,4.467318,3.9981606,4.516551,4.511892,4.8394656,4.8844347,4.7695146,4.922951,5.433626,4.8126035,4.9309864,5.1395226
9,2.4623067,2.5340242,2.663546,2.315165,2.4240894,3.5215285,2.847954,3.1130526,1.102486,0.0,2.0674262,1.6400906,2.525849,2.806759,1.4009407,1.5191257,4.2933526,4.3121476,4.3581524,4.742763,4.128643,4.3499923,4.2044864,4.270092,4.5153403,4.2935777,4.486932,4.3595815,4.0289984,4.1461477,3.8445022,3.2219977,4.9516087,2.8847826,3.8405373,4.127495,3.0102553,3.1851194,3.345702,2.9411304,3.803239,4.293055,4.0581937,4.2319927,4.0107465,4.1541986,3.8506322,4.622515,3.2520065,3.3319166,3.1752687,2.6399357,3.6655083,4.465312,3.574626,3.6563153,3.3497639,3.4001527,3.3297114,3.6354184,3.101557,3.2632265,3.4937341,3.6487634,4.2169323,4.671586,4.2169323,4.2169323,4.3429036,4.474882,4.4792047,4.479093,4.196491,4.044797,4.239244,3.9796689,4.5425553,4.6404247,4.696536,4.2678685,4.502766,4.51725,4.8684072,4.8933597,4.342903,4.342903,4.2413325,4.2512407,3.834329,3.8142493,2.9836347,3.8067298,3.5123694,3.4877245,3.7730446,3.7743154,5.0533156,5.0159874,4.830909,4.833999,4.6199965,4.1854076,5.0490694,4.886218,4.729767,5.0566053,4.887051,4.9961257,5.51542,5.0715814,5.031185,4.9910865,4.5673385,4.366588,4.4766874,4.800704,4.2316484,3.7941241,4.32323,4.320349,4.6634645,4.712072,4.602989,4.773146,5.2587366,4.6303225,4.76574,4.9375563
10,3.0293815,3.0006094,3.0638158,2.9072862,2.9433258,4.5436125,3.421489,3.3724663,2.4539466,2.0674262,0.0,1.136494,2.9055934,3.0790484,1.9237378,1.6866865,4.653428,4.6795115,4.7145624,4.9511175,4.6254115,4.753487,4.681876,4.78065,4.8807726,4.701985,4.7434096,4.5997577,4.3814125,4.503365,4.316201,3.6775641,5.8587947,3.5287561,4.1632547,4.458456,4.0947556,4.319955,4.297603,3.5683196,4.2289615,4.6589828,4.460196,4.669657,4.33246,4.287166,4.24221,4.879898,3.659242,3.7592268,3.6463778,3.315953,3.6669204,4.336179,3.4900901,3.730349,3.7453818,3.8010392,3.6740034,4.0523324,3.5436912,3.7170732,3.9350605,3.6095817,5.107992,5.4240294,5.107992,5.107992,5.2979054,5.237652,5.413079,5.40508,4.273288,4.082446,4.376411,3.9475214,5.0086946,5.1209283,5.3830523,4.696073,4.8808975,5.191625,5.514403,5.7344522,4.726463,4.726463,4.512456,4.5,3.6057308,3.6132507,2.8566973,3.577927,3.950184,4.1741743,3.9959304,3.9578197,5.452322,5.424512,5.1709123,5.2108483,5.4494796,4.993959,5.7821627,5.604581,4.72461,5.787556,5.530532,5.677261,6.2489886,5.821876,5.7765512,5.7271795,5.537291,5.3054233,5.5117583,5.5753226,4.67049,4.3392096,4.727075,4.70983,5.216586,5.2769117,5.1818924,5.3243723,5.9781537,5.348694,5.452616,5.669833
11,2.8474433,2.881139,2.8925672,2.718642,2.8338113,3.7872083,3.3103445,3.3095915,2.0160112,1.6400906,1.136494,0.0,2.832242,3.099474,1.9761692,1.9540056,4.3296494,4.3491783,4.3885283,4.6462445,4.3927555,4.6127744,4.374608,4.559447,4.6426024,4.453932,4.498355,4.3487024,4.164451,4.2773232,4.085072,3.4625702,5.6264296,3.160654,3.9357555,4.131829,3.7907372,4.0375204,3.9368587,3.1523557,3.9611886,4.389021,4.186381,4.4106364,4.2029796,4.31546,4.0421705,4.6919327,3.4018211,3.6166725,3.3913221,3.0730221,3.7192998,4.420859,3.5707574,3.7434032,3.4593863,3.5724993,3.468636,3.8162942,3.257904,3.4558146,3.704148,3.4989936,5.167814,5.486295,5.167814,5.167814,5.3612022,5.490587,5.4388294,5.433727,4.2326746,4.104237,4.477718,4.0581317,5.0269165,5.132958,5.4264774,4.7516065,4.9375796,5.255781,5.5752664,5.7497377,4.7850704,4.7850704,4.5740857,4.5633435,3.7132866,3.6931467,2.882481,3.6674154,4.0270553,4.203436,4.1002817,4.0651827,5.309556,5.280504,5.0452724,5.07256,5.1928644,4.81591,5.600827,5.4437957,4.577546,5.663639,5.4047413,5.5411277,6.1041017,5.6926055,5.649631,5.605438,5.274789,5.030938,5.0317,5.4346385,4.666035,4.1955233,4.6554904,4.64055,5.0841613,5.1435637,5.132482,5.2063437,5.834766,5.214037,5.3445683,5.5330653
12,3.2353013,3.2316854,3.2019477,2.8954337,3.1392794,4.500185,3.4004433,3.7660084,2.8252103,2.525849,2.9055934,2.832242,0.0,2.7979445,2.187945,2.1768281,5.0136304,5.0379224,5.0786853,5.433666,4.8626847,4.8325524,4.9301934,4.9866056,5.307924,5.068674,5.3087883,5.1804028,4.8191466,4.8686647,3.8903172,4.0023174,5.354117,3.5897737,4.765064,5.058441,3.598352,4.2306285,3.9610512,3.560928,4.155521,4.482278,4.2041574,4.455101,4.9281526,4.722105,4.834031,5.5690823,4.1641893,4.259226,4.0413775,3.4254868,4.310032,4.779964,4.11057,3.9206169,3.8706205,3.9157526,3.7737935,4.0893016,3.937122,4.0792804,4.032945,4.5629115,4.670618,5.0862317,4.670618,4.670618,4.773295,4.828071,4.641189,4.6092753,4.1573977,4.2853317,4.530634,4.319454,4.7284036,4.821888,5.7196813,4.751499,4.7908955,4.799032,5.226206,5.1079407,4.615219,4.615219,4.4584146,4.4523907,4.2125793,4.2157354,3.2831492,4.183365,3.785515,3.7666876,3.9565287,3.9423032,5.257255,5.244677,4.991369,4.9997635,4.8693166,4.49485,4.9720187,5.1604037,4.7782817,5.153535,4.943018,5.027861,5.2412505,5.175929,5.1603136,5.083263,4.4588637,4.316619,4.4963784,4.3985834,4.234368,3.641785,4.701109,4.6855197,4.571505,4.6439753,5.5662584,4.400627,4.7791104,4.520126,4.7544255,4.854607
13,3.730639,3.233032,3.6961956,3.626,3.6481686,4.4473357,3.2572632,3.7190907,3.19924,2.806759,3.0790484,3.099474,2.7979445,0.0,2.5133662,2.5214264,5.4284043,5.4378085,5.4821157,5.677545,5.3551183,5.197137,5.4556403,5.450972,5.7675457,5.623938,5.704828,5.570041,5.3560414,5.497384,3.59965,3.7123985,5.332454,3.1024847,3.4675403,3.6897595,3.3518035,3.4368021,3.5495458,3.180271,3.1643236,3.5852017,3.2733736,3.552719,3.7371535,3.6834786,3.7645206,4.490307,3.1500065,3.164871,2.9494705,2.4439378,3.1132483,3.633403,3.0693238,3.207625,2.6728292,2.6722434,2.6568096,3.3087099,2.7713883,2.993204,3.0017273,3.695924,3.5502713,4.1080203,3.5502713,3.5502713,3.6565306,3.853744,3.53664,3.4744973,2.6724215,2.9988565,3.2924438,3.0934489,3.4126034,3.5054984,4.094639,3.343699,3.8983283,3.9412248,4.5078325,4.3528237,3.6551425,3.6551425,3.482997,3.470888,2.8041599,2.7765682,2.8869855,2.7135975,2.4854546,2.7006476,3.036376,2.9464579,4.6238894,4.588843,4.479338,4.457218,4.368818,4.8988533,4.3175235,4.533738,4.0825944,4.498997,4.284167,4.4019856,4.6026244,4.5096316,4.487663,4.452849,4.3170075,4.155492,4.2980165,4.1966105,3.9390972,3.3620896,4.45508,4.470448,4.390647,4.4411674,4.791062,4.181496,4.53776,4.3027287,4.5203295,4.3049173
14,2.7551782,2.804019,2.6740725,2.468477,2.6140854,4.290612,2.8668475,3.399767,1.887005,1.4009407,1.9237378,1.9761692,2.187945,2.5133662,0.0,0.46980223,4.5023007,4.5302634,4.562321,4.861696,4.3840046,4.5433373,4.487016,4.5067353,4.7062798,4.4822793,4.667044,4.5127583,4.269629,4.3671155,3.9676805,3.289069,4.8339977,3.153679,4.096027,4.409612,3.137953,3.3415816,3.4532342,3.2631824,3.7176883,4.1919055,3.9429007,4.111348,4.2585273,4.2271495,4.261354,4.903,3.1287806,3.2379553,3.0283573,2.5502417,3.3791907,4.1463637,3.261031,3.3073578,3.3691661,3.337983,3.3514788,3.5395322,3.012365,3.1677363,3.4455528,3.4374273,3.7817616,4.31122,3.7817616,3.7817616,3.945684,4.0197825,4.1634135,4.1617503,3.7537527,3.464462,3.6602955,3.506043,4.042811,4.1679535,4.3614388,3.7134182,4.0067053,4.0774107,4.4877014,4.453194,3.9012551,3.9012551,3.7932696,3.8138354,3.4676638,3.4810002,2.7694309,3.459348,2.9415085,3.0042336,3.2395213,3.2330823,4.8749943,4.835508,4.6383314,4.661392,4.5730433,4.0972395,4.988268,4.754989,4.69136,4.9462395,4.7262573,4.8775535,5.468833,4.970311,4.920966,4.8941355,4.4956703,4.311728,4.7474256,4.695934,4.0897055,3.6776888,4.426961,4.4375377,4.590598,4.6520834,4.6273975,4.7645097,5.2156186,4.53924,4.6425843,4.930152
15,2.7685256,2.8343654,2.676551,2.489114,2.6323183,4.487177,2.959212,3.3536751,2.0369248,1.5191257,1.6866865,1.9540056,2.1768281,2.5214264,0.46980223,0.0,4.6283956,4.6585917,4.6881876,4.9516544,4.454872,4.569035,4.579787,4.57368,4.736129,4.5178123,4.6984053,4.5495396,4.304589,4.4099345,3.9877546,3.318415,5.0101414,3.197886,4.100171,4.4488277,3.3146944,3.537613,3.58876,3.2976162,3.7612333,4.2227087,3.9760149,4.1511025,4.199451,4.102873,4.2068644,4.8445554,3.1685417,3.257335,3.0782359,2.625106,3.2795217,4.005466,3.1404588,3.2010045,3.3992693,3.3628592,3.3445013,3.5930486,3.0680802,3.2165568,3.5009053,3.4572806,3.848208,4.3589296,3.848208,3.848208,4.0101504,3.9832249,4.2119994,4.2099433,3.7597241,3.4502835,3.6399062,3.43885,4.1394815,4.269554,4.437287,3.7714787,4.097082,4.178173,4.5753655,4.597586,3.9668372,3.9668372,3.8623757,3.874863,3.373397,3.3946426,2.6826181,3.379156,3.0235248,3.0727975,3.2516868,3.236496,4.853499,4.8187156,4.607183,4.6317916,4.599065,4.120541,5.001664,4.765095,4.5978403,4.935392,4.7177296,4.868308,5.4565687,4.9607673,4.9155793,4.8791456,4.671611,4.4850698,4.9264145,4.7879705,4.105634,3.7535915,4.413799,4.4152684,4.630776,4.6927733,4.693311,4.786465,5.291418,4.624444,4.7266407,5.014526
16,3.8600245,4.1025934,4.059712,3.8954458,3.4584978,4.257099,4.1758614,4.729447,4.2455463,4.2933526,4.653428,4.3296494,5.0136304,5.4284043,4.5023007,4.6283956,0.0,0.12089429,0.23896936,1.5632644,1.3466733,1.7186654,1.029013,1.7878305,2.1229258,2.109748,2.0241444,2.012271,1.685315,1.5951501,4.14269,3.7126176,5.317161,4.0263705,4.3592334,4.6793365,4.47737,4.5283318,4.6248116,4.0157466,5.2730155,5.3454695,5.5725136,5.6509686,5.117058,5.321929,5.1743298,5.7593856,4.500629,4.575571,4.5303273,4.3362646,5.299677,5.8748837,5.1331897,5.353175,4.482286,4.459159,4.446425,4.109934,4.345941,4.479371,4.326915,4.394399,5.6599646,5.1809664,5.6599646,5.6599646,5.8549705,6.186048,5.843889,5.8753123,5.192568,5.229131,5.411491,5.113256,5.3035636,5.3373084,5.9830704,5.609609,5.432144,5.518226,5.272689,5.884686,5.270905,5.270905,5.011321,5.0144634,4.9060574,4.889501,4.235823,4.942905,5.36545,5.2751184,5.2415915,5.2559814,6.853786,6.8135867,6.534783,6.6558022,6.527017,5.994668,6.5403304,6.59283,6.008245,6.638275,6.3244777,6.3713055,6.9165745,6.6349955,6.5551925,6.5509033,6.4249997,6.2223444,6.0930724,6.774848,6.0690117,5.4300923,6.393729,6.358904,6.6222935,6.671043,6.5071487,6.6180096,6.831178,6.357024,6.476572,7.302902
17,3.8459368,4.065165,4.0431848,3.8846056,3.4449606,4.1939697,4.14201,4.698043,4.26432,4.3121476,4.6795115,4.3491783,5.0379224,5.4378085,4.5302634,4.6585917,0.12089429,0.0,0.19100241,1.556627,1.3611829,1.7489872,1.0307422,1.7854668,2.1295657,2.1211267,2.031152,2.022509,1.6857815,1.6077949,4.1741805,3.7451084,5.341811,4.035749,4.365851,4.6839066,4.4902225,4.5397525,4.633573,4.024984,5.2793283,5.3474555,5.578094,5.6519103,5.125223,5.33209,5.1877656,5.7698154,4.5108094,4.5823493,4.54249,4.353235,5.321454,5.889892,5.1513925,5.372768,4.4917574,4.4714766,4.456274,4.134836,4.3545084,4.4862404,4.32051,4.3836403,5.666605,5.1803455,5.666605,5.666605,5.8601418,6.1969943,5.8542066,5.8823295,5.2124715,5.244849,5.410081,5.1153903,5.3154545,5.3469324,5.996352,5.619986,5.430188,5.51853,5.2701974,5.8872166,5.267396,5.267396,5.0075645,5.010228,4.9245267,4.907192,4.254957,4.956044,5.3742867,5.2890706,5.2512712,5.264018,6.8740582,6.834406,6.5546827,6.676276,6.5492854,6.0179796,6.563256,6.612608,6.0342426,6.6591806,6.3433385,6.3890004,6.9376693,6.653899,6.573453,6.5696926,6.4500074,6.246874,6.1105504,6.802651,6.0988383,5.442868,6.4221973,6.385841,6.6503386,6.6993155,6.536174,6.6462793,6.8602924,6.385143,6.5035467,7.3163147
18,3.849923,4.078844,4.0491433,3.8891773,3.450973,4.2112684,4.1492286,4.692302,4.290412,4.3581524,4.7145624,4.3885283,5.0786853,5.4821157,4.562321,4.6881876,0.23896936,0.19100241,0.0,1.4262614,1.4205322,1.7967242,1.0518409,1.8180867,2.0536451,2.054644,1.9658034,1.9651926,1.6865134,1.6295798,4.231616,3.801035,5.367312,4.0376067,4.3751636,4.6795573,4.536352,4.574511,4.6387486,4.0227313,5.250819,5.309631,5.5511146,5.6265554,5.1302156,5.324304,5.1837473,5.739054,4.5052977,4.581769,4.5367675,4.389154,5.2989645,5.8877244,5.130848,5.3439913,4.492407,4.467703,4.5009294,4.1454954,4.3531733,4.4830527,4.294177,4.358057,5.657754,5.159323,5.657754,5.657754,5.8556557,6.1944475,5.8484554,5.8777933,5.196,5.2211094,5.3860865,5.0832815,5.330183,5.3649,5.989346,5.6159067,5.3970556,5.488153,5.233113,5.8573065,5.232364,5.232364,4.9762325,4.9782825,4.913158,4.89414,4.2293344,4.946563,5.4075937,5.3133535,5.285928,5.2970266,6.8710556,6.8316345,6.54885,6.6737094,6.5549283,6.0049496,6.5719776,6.616729,6.02914,6.6591167,6.341158,6.386039,6.9398637,6.6515646,6.5701733,6.566196,6.530912,6.3277364,6.198386,6.8863173,6.1810527,5.5077543,6.5029655,6.464434,6.735645,6.785917,6.6257234,6.734971,6.9452124,6.4702325,6.5848875,7.3999877
19,4.2633915,4.4563675,4.2790613,4.2631893,3.9072256,4.583721,4.425204,5.0132413,4.633149,4.742763,4.9511175,4.6462445,5.433666,5.677545,4.861696,4.9516544,1.5632644,1.556627,1.4262614,0.0,2.2355008,2.338265,1.8100866,2.3968554,1.6413436,1.7069726,1.5148057,1.5000007,2.1275778,2.1608338,4.432051,3.9784992,5.2460732,3.9404263,4.2442994,4.464402,4.8622136,4.8193755,4.468137,3.8312533,5.0991554,5.0741415,5.378916,5.4830437,4.9324503,5.042397,4.970135,5.2563286,4.2481484,4.2967424,4.2825785,4.5622826,5.0280027,5.6212525,4.9047694,5.05787,4.2261972,4.219893,4.575656,3.917426,4.124496,4.2404304,4.1077547,4.0755563,5.635495,5.0862303,5.635495,5.635495,5.8726826,6.1711345,5.796764,5.8721247,4.895338,4.9973025,5.1263304,4.854446,5.120601,5.1533885,5.817244,5.37232,5.1707244,5.3803945,5.1454825,5.7053285,4.987022,4.987022,4.772692,4.766498,4.588892,4.5696826,3.9450028,4.6356425,5.47254,5.3386497,5.3711863,5.388249,6.498891,6.4568586,6.164724,6.309904,6.26573,5.7046313,6.264955,6.27596,5.6429524,6.290089,5.940926,5.978334,6.611524,6.276624,6.1808753,6.183616,6.910133,6.721691,6.596171,7.2463193,6.548828,5.9030337,6.843306,6.8009744,7.1219616,7.1742015,7.05488,7.132719,7.318382,6.832738,6.9172277,7.7509394
20,3.537486,4.000972,3.777741,3.5611699,3.1878486,4.3994837,4.1028223,4.5299025,4.148593,4.128643,4.6254115,4.3927555,4.8626847,5.3551183,4.3840046,4.454872,1.3466733,1.3611829,1.4205322,2.2355008,0.0,1.0787234,0.7074864,0.87860453,1.8055674,1.8065915,1.7811382,1.814241,1.137072,0.88154685,3.8805666,3.2897515,5.053877,3.9015553,4.294703,4.7946625,4.228778,4.3621464,4.46472,3.9558592,5.2490063,5.270697,5.477219,5.4733944,4.8070955,4.9723268,4.984263,5.6388583,4.2689257,4.281626,4.302898,3.9980586,5.0259285,5.5489907,4.830563,5.0902743,4.408445,4.3712816,4.214297,3.97563,4.1886873,4.249551,4.3024664,4.342356,5.2859354,4.7985854,5.2859354,5.2859354,5.432846,5.6813326,5.5112967,5.5160146,5.2494645,5.150246,5.2081013,4.969414,5.214868,5.2721157,5.7562776,5.3696237,5.3010426,5.294168,5.010579,5.6923313,5.134414,5.134414,4.9436345,4.941986,4.862103,4.8736453,4.3727527,4.955265,5.160559,4.963863,4.8480353,4.8599143,6.4909477,6.465519,6.208756,6.314014,6.1985984,5.7234974,6.25235,6.2101836,5.9409776,6.235896,5.9829273,6.016143,6.575313,6.221768,6.15888,6.1535683,6.140492,5.962209,5.881349,6.403419,5.6844673,5.204686,6.013113,5.9680033,6.161869,6.198236,6.0626616,6.1781282,6.4831643,5.9444447,6.0536118,6.992651
21,3.765785,4.1434,4.0195036,3.8616638,3.3688998,4.7172318,4.2267966,4.701757,4.4066234,4.3499923,4.753487,4.6127744,4.8325524,5.197137,4.5433373,4.569035,1.7186654,1.7489872,1.7967242,2.338265,1.0787234,0.0,1.330544,1.4782535,2.1648257,2.1647704,2.1718624,2.2262459,1.8464586,1.67248,3.3832388,3.3636916,4.848539,3.6244774,3.9506915,4.4684935,4.119482,4.2466006,4.267648,3.6675875,5.048901,5.0416074,5.2742376,5.3104687,4.519288,4.6135335,4.709651,5.3342886,4.349338,4.333385,4.3128448,4.07094,4.963944,5.3646917,4.7874146,5.0030427,4.141603,4.084772,3.9436338,3.6328301,4.160524,4.240603,4.118173,4.5408845,5.1864095,4.6648455,5.1864095,5.1864095,5.3346224,5.5192585,5.206675,5.221337,4.9109354,5.028144,5.109998,4.857868,4.8423347,4.885504,5.6246953,5.2554293,5.295299,5.259457,5.049126,5.6534953,5.127903,5.127903,4.9109364,4.902015,4.6668973,4.675095,4.13575,4.7762284,5.141804,4.8953886,4.8720436,4.87823,6.4748087,6.447878,6.201496,6.3033586,6.141787,5.787546,5.911751,6.11948,5.7191563,6.0605564,5.803691,5.8116026,6.1396604,6.0402684,5.984857,5.971022,6.219668,6.0677805,5.8887568,6.298772,5.7697043,5.264115,6.206604,6.1643662,6.2214303,6.2563987,6.322984,6.0540805,6.2590694,5.967564,6.1427736,7.0138607
22,3.5084393,3.987796,3.7538211,3.5451195,3.1767402,4.1930137,4.056158,4.5210247,4.155505,4.2044864,4.681876,4.374608,4.9301934,5.4556403,4.487016,4.579787,1.029013,1.0307422,1.0518409,1.8100866,0.7074864,1.330544,0.0,1.1000684,1.6795537,1.6968799,1.5978597,1.6156964,1.2329422,1.0293067,3.8830109,3.4130964,4.991325,3.832429,4.232483,4.6331635,4.2229667,4.3777413,4.3849254,3.8353064,5.12231,5.1371465,5.3712993,5.383171,4.755839,4.930806,4.8713784,5.475853,4.314679,4.309204,4.344372,4.143285,5.0790825,5.6431766,4.8817606,5.1168957,4.3419456,4.3294015,4.266884,3.9370346,4.197942,4.2629704,4.172161,4.274066,5.432861,4.931684,5.432861,5.432861,5.60877,5.894817,5.6097155,5.6306524,5.228555,5.199707,5.235196,4.9868627,5.2418785,5.299353,5.8550377,5.4353437,5.2375584,5.3100104,5.038798,5.6962085,5.0957017,5.0957017,4.87656,4.8782363,4.909667,4.904807,4.314708,4.983175,5.27993,5.0851135,5.0151787,5.0338206,6.529184,6.4989567,6.21925,6.3367925,6.2622266,5.7546763,6.2670302,6.292345,5.9526544,6.3287225,6.054239,6.0826573,6.616532,6.3151765,6.2398844,6.2343445,6.262591,6.0796638,5.885615,6.526458,5.8766847,5.244472,6.1845856,6.136671,6.340112,6.3833427,6.298744,6.3309064,6.588801,6.097881,6.2185225,7.1439414
23,3.6153467,4.011639,3.8639045,3.650449,3.3001053,4.44087,4.092582,4.549479,4.229551,4.270092,4.78065,4.559447,4.9866056,5.450972,4.5067353,4.57368,1.7878305,1.7854668,1.8180867,2.3968554,0.87860453,1.4782535,1.1000684,0.0,1.731929,1.7580658,1.725414,1.7990292,1.1855962,1.0729862,4.0377994,3.4115605,4.995158,3.955687,4.2378993,4.883855,4.231955,4.405201,4.460511,4.015255,5.2698474,5.283744,5.5084686,5.380712,4.7426815,4.8970513,5.040229,5.6369147,4.248114,4.1559653,4.2969427,4.0591197,4.983988,5.586112,4.8274174,5.1942534,4.4347486,4.4247913,4.3517346,4.0719852,4.187543,4.1245623,4.339012,4.3767653,5.232916,4.7048836,5.232916,5.232916,5.377023,5.625388,5.465742,5.477927,5.2395678,5.1723304,5.1968303,4.9835954,5.2223926,5.279923,5.7263913,5.3136373,5.129159,5.1200953,4.802583,5.642257,4.993308,4.993308,4.8270345,4.8263617,4.849002,4.8615794,4.349094,4.9178395,5.1256957,4.91577,4.5392632,4.5723605,6.389692,6.3665648,6.104955,6.218,6.125468,5.594892,6.1605887,6.090962,6.1198373,6.116927,5.858019,5.891855,6.4813604,6.098182,6.0346065,6.0309668,6.082476,5.911818,5.8334002,6.3806734,5.694582,5.242287,6.029402,5.974947,5.946501,5.9838467,5.864095,5.986317,6.4560623,5.8822637,5.986357,6.9242573
24,4.042652,4.4523196,4.0122447,3.9545722,3.7363799,4.7743764,4.519394,4.9253583,4.4434543,4.5153403,4.8807726,4.6426024,5.307924,5.7675457,4.7062798,4.736129,2.1229258,2.1295657,2.0536451,1.6413436,1.8055674,2.1648257,1.6795537,1.731929,0.0,0.38317627,0.5159365,0.70800817,1.377437,1.3647933,4.440186,3.4837372,5.2923365,4.056429,4.398641,4.813258,4.889148,4.9701104,4.591876,3.9807122,5.2405186,5.209365,5.481987,5.4763417,4.8537207,4.902592,5.0165997,5.342865,3.9533443,3.9581857,4.071617,4.260867,4.8001285,5.426465,4.653222,4.851321,4.342842,4.325169,4.5614214,3.9900377,4.0047636,4.0094337,4.2498293,3.935316,5.328832,4.8041553,5.328832,5.328832,5.52564,5.726889,5.619136,5.6932826,5.1418176,4.9702187,5.0263476,4.744885,5.323677,5.3790374,5.742003,5.299556,5.1447263,5.2351193,4.894067,5.6791735,4.919553,4.919553,4.8237295,4.811983,4.559797,4.5763674,4.1406164,4.667459,5.4112263,5.1249466,5.0174384,5.03732,6.1522264,6.125316,5.832268,5.9645514,5.832875,5.2472534,6.094268,5.8314886,5.591224,5.8941674,5.5893493,5.6183486,6.4679217,5.874883,5.795587,5.787114,6.6826787,6.488385,6.4860964,7.0457835,6.158536,5.6908727,6.332187,6.270367,6.6337185,6.6812377,6.5099645,6.7776346,7.205756,6.5019364,6.5434175,7.510246
25,3.92443,4.3202252,3.8817015,3.8186548,3.5971699,4.688175,4.4094224,4.864439,4.220869,4.2935777,4.701985,4.453932,5.068674,5.623938,4.4822793,4.5178123,2.109748,2.1211267,2.054644,1.7069726,1.8065915,2.1647704,1.6968799,1.7580658,0.38317627,0.0,0.72128046,0.837054,1.4196663,1.3707954,4.3441806,3.3879373,5.1399937,3.9330459,4.381278,4.791521,4.7582884,4.864043,4.456395,3.8555913,5.1761923,5.1832695,5.424277,5.4305406,4.8561187,4.894099,5.005139,5.3351264,3.8952997,3.9071724,4.004449,4.1772923,4.783259,5.4241447,4.6399865,4.8003483,4.269105,4.260584,4.503095,3.8942096,3.9367168,3.9461386,4.1949253,3.9012957,5.2578597,4.8062634,5.2578597,5.2578597,5.453382,5.6363792,5.5408425,5.6203394,5.0879607,4.933026,4.999123,4.7198715,5.222838,5.271379,5.7097235,5.2468343,5.0905924,5.1685877,4.8858476,5.6057663,4.8729477,4.8729477,4.78167,4.771251,4.513504,4.53387,3.9980004,4.616936,5.314964,5.024942,4.9399576,4.964285,6.105497,6.07731,5.785015,5.9106145,5.7230635,5.0678964,5.997424,5.736178,5.5336843,5.8184342,5.5107985,5.5404205,6.3870206,5.800428,5.723002,5.710174,6.5472126,6.356665,6.374044,6.9177117,6.059275,5.5950975,6.2309856,6.1732254,6.520587,6.5694914,6.4328313,6.663049,7.102307,6.398258,6.446318,7.3789716
26,4.0159783,4.4096417,3.9697757,3.9263086,3.7350163,4.715235,4.447553,4.859882,4.4240003,4.486932,4.7434096,4.498355,5.3087883,5.704828,4.667044,4.6984053,2.0241444,2.031152,1.9658034,1.5148057,1.7811382,2.1718624,1.5978597,1.725414,0.5159365,0.72128046,0.0,0.39246634,1.3126087,1.3205283,4.390188,3.426025,5.2332635,3.9970844,4.3227196,4.7167153,4.7897983,4.902982,4.516793,3.9173105,5.198019,5.1504436,5.4332843,5.428773,4.730733,4.8008914,4.8955398,5.2230988,3.869931,3.8693416,3.988533,4.188873,4.7034936,5.323796,4.551432,4.7739835,4.2387815,4.2390995,4.4426966,3.9158428,3.9152808,3.9285738,4.214665,3.8122518,5.394372,4.857217,5.394372,5.394372,5.6052074,5.811583,5.6943727,5.764103,5.072284,4.901479,4.9541097,4.696091,5.2539034,5.3156013,5.7012935,5.2014213,5.073247,5.2574263,4.919846,5.7007203,4.878674,4.878674,4.7530007,4.742102,4.4806595,4.495361,4.0936146,4.573735,5.290624,5.05991,4.9269323,4.9505763,6.0105114,5.982771,5.685627,5.823689,5.8024592,5.240668,6.036625,5.777786,5.475263,5.865043,5.5506253,5.5899663,6.444712,5.8521605,5.768395,5.765564,6.5703607,6.373894,6.346994,6.916012,6.0190043,5.5710483,6.1962137,6.1365385,6.516041,6.5617194,6.384162,6.6677165,7.0688834,6.3575315,6.3941245,7.3807535
27,3.8975809,4.328215,3.787263,3.789563,3.6223674,4.6421103,4.3283663,4.7770076,4.3472304,4.3595815,4.5997577,4.3487024,5.1804028,5.570041,4.5127583,4.5495396,2.012271,2.022509,1.9651926,1.5000007,1.814241,2.2262459,1.6156964,1.7990292,0.70800817,0.837054,0.39246634,0.0,1.3403455,1.337133,4.3105817,3.310886,5.120931,3.918393,4.2508187,4.656866,4.71225,4.788134,4.4022393,3.8296535,5.109644,5.076759,5.3353972,5.3493595,4.642266,4.7226496,4.8089366,5.1651,3.7588236,3.754233,3.8762343,4.0771556,4.5984855,5.1483335,4.4294295,4.661355,4.1516633,4.1511645,4.316147,3.8232803,3.8050256,3.8351502,4.1234055,3.6947002,5.3212047,4.810037,5.3212047,5.3212047,5.5369287,5.7482405,5.63247,5.7057242,4.98251,4.8133693,4.834537,4.6158476,5.160662,5.22775,5.619611,5.0915236,5.033317,5.236221,4.9248214,5.633962,4.8321137,4.8321137,4.7010226,4.694568,4.39733,4.412255,4.00552,4.4945464,5.1651545,4.956916,4.8226595,4.8481565,5.929634,5.8994837,5.596647,5.736535,5.7545013,5.1992836,6.0157323,5.7479563,5.43215,5.8209343,5.506273,5.557901,6.4175043,5.8145075,5.723127,5.7258782,6.502533,6.305678,6.2815027,6.845483,5.9470787,5.493276,6.134546,6.0798254,6.46898,6.516328,6.3148065,6.628931,7.0176086,6.294134,6.327442,7.3238926
28,3.500068,3.8405302,3.5392475,3.3852475,3.2039006,4.2750244,3.9390988,4.248668,4.0709405,4.0289984,4.3814125,4.164451,4.8191466,5.3560414,4.269629,4.304589,1.685315,1.6857815,1.6865134,2.1275778,1.137072,1.8464586,1.2329422,1.1855962,1.377437,1.4196663,1.3126087,1.3403455,0.0,0.5514973,4.343902,3.3729687,5.5148754,4.0609603,4.4403124,4.9557056,4.497623,4.6832438,4.6201253,4.0236173,5.269014,5.2809334,5.511684,5.499916,4.849359,4.948447,5.007056,5.600873,4.0220175,4.0389514,4.140366,3.9329164,4.7670655,5.3119497,4.5615344,4.8261595,4.4111934,4.38646,4.286392,4.2138243,4.047251,4.0893545,4.3346696,4.010288,5.2460585,4.705447,5.2460585,5.2460585,5.4141893,5.6326327,5.584528,5.6112895,5.1771884,4.919699,4.989588,4.7256813,5.420013,5.4885335,5.7546425,5.284095,5.2008758,5.2595463,4.864006,5.719202,4.9694624,4.9694624,4.8210063,4.816152,4.587802,4.5932674,4.097336,4.636406,5.011003,4.8469844,4.676546,4.6982155,6.1325154,6.1084604,5.7959137,5.9246225,5.8826203,5.2741084,6.1738954,5.925891,5.6084614,5.977549,5.690509,5.7460847,6.5558195,5.9745393,5.8992496,5.886869,6.1203656,5.901286,5.9466915,6.4959307,5.505413,5.0833354,5.7209396,5.654368,6.061543,6.1091366,5.916143,6.22698,6.646911,5.906324,5.9507523,6.887745
29,3.619666,4.0771666,3.664916,3.5176098,3.2996936,4.481258,4.1993127,4.5541787,4.1882195,4.1461477,4.503365,4.2773232,4.8686647,5.497384,4.3671155,4.4099345,1.5951501,1.6077949,1.6295798,2.1608338,0.88154685,1.67248,1.0293067,1.0729862,1.3647933,1.3707954,1.3205283,1.337133,0.5514973,0.0,4.2120333,3.2512057,5.408925,4.1428685,4.5312257,5.023899,4.5776296,4.7844167,4.718561,4.12719,5.3853426,5.401268,5.6148567,5.606125,4.977723,5.084766,5.16083,5.7531643,4.1553774,4.186271,4.2695165,4.0332565,4.9712234,5.4825654,4.751075,5.004714,4.522272,4.4994087,4.3555517,4.1682057,4.173493,4.2163982,4.431048,4.1313453,5.413316,4.9182725,5.413316,5.413316,5.5807853,5.797157,5.7319016,5.75948,5.3355856,5.1036363,5.169735,4.9031177,5.4658594,5.5290895,5.936763,5.448277,5.358323,5.4208846,5.06538,5.8708014,5.1520147,5.1520147,4.991331,4.9864984,4.7695365,4.787829,4.331152,4.854237,5.216461,5.02257,4.8256574,4.841722,6.3514185,6.3283424,6.028138,6.1483583,6.0671573,5.5127096,6.3268876,6.10715,5.7936254,6.183373,5.8972874,5.9454303,6.7185717,6.179591,6.1083913,6.096911,6.2260437,6.015839,6.0212755,6.5687475,5.6271954,5.1841893,5.8453245,5.785744,6.139892,6.185816,6.0248833,6.284113,6.719864,6.0025535,6.0635195,7.0524774
30,3.761283,4.238735,3.9517455,3.892023,3.5779624,4.743992,4.31979,4.797937,4.040357,3.8445022,4.316201,4.085072,3.8903172,3.59965,3.9676805,3.9877546,4.14269,4.1741805,4.231616,4.432051,3.8805666,3.3832388,3.8830109,4.0377994,4.440186,4.3441806,4.390188,4.3105817,4.343902,4.2120333,0.0,2.5567508,4.09039,2.428135,2.5287795,2.734088,3.077959,3.416649,3.2890372,2.5092154,3.1886008,3.326941,3.3170524,3.45586,2.9930391,3.0926847,3.246644,3.9257483,3.5553179,3.5590348,3.351638,3.0117407,3.9661627,4.2191544,3.816195,3.987127,2.513649,2.5123675,2.192938,1.8527176,3.0858088,3.1839888,2.7154,4.12202,4.4663663,4.5447145,4.4663663,4.4663663,4.6333976,4.9012523,4.0684986,4.076476,3.4617336,4.026282,4.1972647,3.902046,3.5377946,3.630897,4.8645453,4.311745,4.6595306,4.7539515,5.059222,5.2382836,4.5931883,4.5931883,4.3276606,4.3145533,3.7606986,3.7537665,3.732619,3.9377015,4.3638096,3.9759617,4.083631,4.024497,5.5337462,5.5051374,5.3643136,5.379412,5.120751,5.721466,4.5036254,5.2073274,4.7532167,5.2140527,4.9849916,4.980698,4.776703,5.19391,5.1717553,5.1415086,5.241783,5.120776,4.411938,4.815642,4.9582934,4.03774,5.438502,5.4275513,4.945427,4.98502,5.6226783,4.4175987,4.740147,4.923114,5.307114,5.8641605
31,3.6644022,4.1490517,3.5445275,3.4847295,3.4621253,4.711807,4.285115,4.716185,3.4184964,3.2219977,3.6775641,3.4625702,4.0023174,3.7123985,3.289069,3.318415,3.7126176,3.7451084,3.801035,3.9784992,3.2897515,3.3636916,3.4130964,3.4115605,3.4837372,3.3879373,3.426025,3.310886,3.3729687,3.2512057,2.5567508,0.0,4.744286,3.2657387,3.223062,3.4712415,3.80346,4.0248365,3.9754338,3.3118258,3.8562012,4.045982,4.040747,4.113776,3.6234636,3.7488782,3.9092247,4.546301,2.3118587,2.3662665,2.4624743,1.977745,3.3859992,4.0611296,3.198748,3.5526724,2.8546734,2.8283973,2.632801,2.3045464,2.3285947,2.4251285,2.9717383,2.6749039,4.0372386,4.1345124,4.0372386,4.0372386,4.222432,4.489538,4.3435683,4.3947597,3.7488415,3.5182917,3.7327995,3.339842,3.9121177,4.006897,4.5318394,3.911787,4.1784368,4.3093834,4.32926,4.908747,3.9451177,3.9451177,3.811842,3.7991652,3.075063,3.137936,3.8001513,3.3151507,3.8605852,3.504645,3.4198306,3.3581862,5.005852,4.973707,4.794878,4.826458,4.538142,5.1178107,4.9223804,4.6441965,4.3742704,4.894192,4.616142,4.682474,5.521795,4.9046965,4.85818,4.842458,4.9034705,4.6689444,4.6257076,5.0585437,4.089074,3.531513,4.199386,4.1834764,4.503889,4.548729,4.3810687,4.6619897,5.398155,4.576112,4.696047,5.6067476
