,0,1,2,3,4,5,6,7,8,9,10,11,12,13,14,15,16,17,18,19,20,21,22,23,24,25,26,27,28,29,30,31,32,33,34,35,36,37,38,39,40,41,42,43,44,45,46,47,48,49,50,51,52,53,54,55,56,57,58,59,60,61,62,63,64,65,66,67,68,69,70,71,72,73,74,75,76,77,78,79,80,81,82,83,84,85,86,87,88,89,90,91,92,93,94,95,96,97,98,99,100,101,102,103,104,105,106,107,108,109,110,111,112,113,114,115,116,117,118,119,120,121,122,123,124,125,126,127
0,0.0,0.84227353,1.3813365,1.5180639,2.194517,2.2062109,1.4286044,1.4367852,3.3120558,3.272294,2.802711,2.9100916,3.0536718,2.9586315,2.9016912,2.8129587,2.4060957,3.1442018,3.095112,3.1475837,2.4897773,2.7542772,2.4236271,2.2535045,1.92121,1.7273103,4.8320303,1.6049002,1.7090421,1.6465325,1.6914911,1.7748682,2.3693707,2.3903434,2.8693817,2.5662243,3.0678256,3.1234844,3.257351,3.0063057,3.06566,2.5835538,3.3585393,2.7663596,2.0214143,2.0141294,3.243877,4.5819683,3.0155542,3.4514437,3.9191775,3.7882488,3.6831934,3.8308582,3.8794012,3.8794012,2.4011905,3.4302862,3.3877783,3.3029203,3.8064494,3.6731231,4.30747,3.8357513,2.6369522,2.6187391,3.4696314,2.4863102,2.7563608,2.311816,2.9509969,2.951798,3.608627,3.5563977,2.950531,2.7556088,3.026431,2.882788,2.9351656,3.402085,3.9141614,3.043569,2.6807919,2.7098238,3.0369244,2.940951,2.5315878,2.5163984,3.0206733,2.807784,3.2504368,3.375111,2.379897,2.3881097,2.5040264,2.7232778,4.377419,2.936968,4.4331346,4.4883885,4.9121623,4.897863,5.017334,5.071984,4.621285,4.2287297,4.7607994,4.248588,2.8562467,2.7127688,2.715704,2.6891975,2.3639252,2.3599534,2.3554122,2.425121,2.3334765,2.3451846,1.9595349,2.6120229,2.7488294,1.930492,4.763378,3.2602146,2.5254993,3.8251452,2.8447013,2.8369534
1,0.84227353,0.0,1.0571787,1.3828446,1.9900832,1.9965149,1.1420174,1.1435863,3.3331962,3.28804,2.8002317,2.9715605,2.8834546,2.8682582,2.8313758,2.744996,2.2819164,3.5398197,2.9503958,3.0385587,2.4478874,2.657428,2.3220525,2.0748475,1.8361056,1.7123889,4.8574986,1.6018245,1.8313206,1.8123415,1.7893648,1.8193916,2.3141828,2.3341756,2.7692053,2.491526,3.2079484,3.241486,3.4506726,3.118563,2.9377942,2.4269648,3.2646244,2.7009382,1.8560435,1.8394899,3.0702927,4.468174,3.0567768,3.694825,3.9211097,3.8143244,4.095765,4.2316914,4.2865577,4.2865577,2.3735592,3.4717617,3.4094172,3.337214,3.8194644,3.626887,4.223244,3.9812913,2.4265742,2.4063256,3.2617152,2.2450972,2.5927548,2.1115785,2.6982396,2.7008634,3.4719644,3.4219785,2.72137,2.5426633,3.2195373,3.0968034,3.1252656,3.6023908,3.8861382,2.8824763,2.503809,2.540927,2.8948278,2.7981553,2.313548,2.2967424,2.6334877,2.6891677,3.0227687,3.2175405,2.1251733,2.0947711,2.2832477,2.5266256,4.305124,2.7931058,4.3507104,4.418202,4.46872,4.4524364,4.558349,4.597688,4.512856,4.0822845,4.730289,4.1129923,2.6587677,2.492236,2.4976363,2.4707265,2.1128316,2.1045623,2.0949886,2.136677,2.1279957,2.1204257,1.7743807,2.497786,2.593737,1.6460671,4.5080123,2.7184012,2.2784648,3.6556013,2.6829515,2.6734543
2,1.3813365,1.0571787,0.0,1.215123,1.997046,2.0066986,1.1849123,1.1815679,3.597751,3.578715,2.8501763,3.171625,2.9006553,2.8205419,2.8707929,2.838984,2.252826,3.7694151,3.217043,3.285431,2.6051278,3.0006247,2.66751,2.2333784,2.1188645,1.85564,4.9313602,1.522651,1.8161856,1.8303654,1.7282856,1.7669771,2.6525073,2.6684372,2.6988,2.4422998,3.3375726,3.364285,3.8853927,3.2367437,2.6127264,2.4939187,3.4133742,2.8063972,2.0836775,2.0582647,3.1584375,4.6888394,3.1226082,3.7308545,4.210156,4.0832615,4.1874247,4.331439,4.404474,4.404474,2.4713812,3.5207977,3.461814,3.3307304,3.8748372,3.6697893,4.10862,3.9085999,2.7984078,2.7808108,3.7092023,2.71469,3.0537632,2.721658,3.0225053,3.0273042,3.385991,3.3572748,3.0009296,2.9052806,3.3988056,3.342189,3.3220565,3.8457816,3.711878,3.1884634,2.9512115,2.9477675,3.2366738,3.1218035,2.6862793,2.6719341,3.2499352,2.8214564,3.4031415,3.573399,2.548174,2.6287234,2.6769435,3.0286078,4.8242555,3.3658466,4.813538,4.8940716,4.900595,4.8694887,4.9528074,4.9624667,4.989889,4.5944033,5.1308804,4.638391,3.1923285,3.1119714,3.1320033,3.1299253,2.6288893,2.6085355,2.7007697,2.6765196,2.687342,2.6723075,2.2647202,2.9135544,2.6533582,1.9278781,4.168252,2.9810581,2.6840725,3.3789117,3.055608,3.0468683
3,1.5180639,1.3828446,1.215123,0.0,1.6997603,1.715496,1.5473965,1.5631058,3.1148727,3.1007578,2.154794,2.4157896,2.3323512,2.1871762,2.2215867,2.1862993,2.2113032,3.6362972,2.781484,2.9050257,2.6101265,3.1426523,2.5052147,2.1750658,1.4665627,0.9564299,4.4204507,0.64919907,1.0535885,1.1516937,0.93157214,1.0760881,2.7147434,2.7352307,3.1923616,2.905099,3.278454,3.306854,4.129438,3.1795685,3.0053666,2.468091,3.2749097,2.6304498,2.091036,2.0986392,3.443131,4.8923736,2.9794154,3.4473166,4.040665,3.917015,3.9850085,4.1277094,4.190348,4.190348,2.2451408,3.364724,3.3034482,3.1617825,3.7940702,3.8223822,4.2565436,4.0153713,2.4982872,2.4729333,3.652937,2.6810422,2.906047,2.6375132,2.8197153,2.824985,3.3952389,3.3601153,3.1776686,2.9831529,3.1325917,3.0928292,3.060414,3.4337568,3.7883346,2.9720297,2.7709277,2.7977736,2.7481632,2.631896,2.6541154,2.6303434,3.5916605,2.9741688,3.3804638,3.2285447,2.5349512,2.5883079,2.618761,2.934214,4.4180694,3.020853,4.604568,4.5323133,4.720131,4.671839,4.780389,4.875513,4.514262,4.342736,4.8791814,4.359007,3.0238695,2.8178914,2.8640373,2.8483596,2.5817394,2.5541158,2.7266827,2.7281857,2.6098876,2.5280676,1.8807341,2.8058128,2.8791103,1.8228816,4.617273,2.917177,2.5777624,3.7892218,2.5457125,2.5340095
4,2.194517,1.9900832,1.997046,1.6997603,0.0,0.05430691,1.9491155,1.9853586,2.4779265,2.4868424,1.5651124,2.3991723,1.7605081,1.5619539,1.5249507,1.5419012,2.6946907,4.0488,2.8606877,3.0893517,2.7604337,3.0817242,3.0480788,2.2506168,1.8525418,1.6028149,4.3292437,1.5612347,1.8022478,1.8793854,1.7406967,1.512806,3.4833167,3.5292976,4.10376,3.7965393,4.0224695,4.0775046,4.423473,3.9277382,3.7091596,3.156552,4.17821,3.7064996,2.9243822,2.8952687,3.4014096,4.947722,2.9211438,3.193945,3.5502188,3.4422941,4.0956445,4.180045,4.320817,4.320817,2.9748278,3.525338,3.465272,3.3442767,3.9440536,4.150819,4.61079,4.4249773,2.7484863,2.7304718,4.0828815,3.2182298,3.498863,3.288339,2.849743,2.8516989,3.3457546,3.302014,3.6702461,3.309581,3.3774445,3.3407724,3.316288,4.0883994,4.0609403,3.6990345,3.581098,3.5870175,2.5939357,2.5831404,3.2353837,3.2251894,3.508318,3.2785745,3.736847,3.239653,2.9062004,3.005471,2.9781127,3.5187695,4.4666934,2.8410742,4.6172075,4.639674,4.868717,4.772465,4.83426,5.1057315,4.410335,4.553613,4.750095,4.5193205,3.4428391,3.267939,3.3508785,3.1963513,3.0128546,3.0209048,3.0847497,3.0960913,3.1322076,3.144627,2.3243377,3.1735516,3.3262932,2.6446865,4.780919,3.4723356,3.2905219,4.422115,2.5538852,2.53903
5,2.2062109,1.9965149,2.0066986,1.715496,0.05430691,0.0,1.9609385,1.9974066,2.4569292,2.4669,1.5633346,2.3997517,1.7437434,1.5577685,1.5224907,1.5372342,2.717918,4.066468,2.8822222,3.1128724,2.7695057,3.0956483,3.0668752,2.2707105,1.8481233,1.617057,4.348066,1.5775287,1.8204997,1.9031631,1.7564381,1.5294166,3.504454,3.5505447,4.1174626,3.8165448,4.042753,4.0955453,4.437895,3.9476862,3.7208636,3.1745462,4.192973,3.722708,2.9489229,2.9197164,3.4170034,4.9643407,2.9268525,3.1996388,3.553265,3.4448805,4.1103735,4.193859,4.3358774,4.3358774,2.9920425,3.536587,3.4751217,3.360702,3.962887,4.169121,4.6267295,4.4421215,2.7631114,2.7439082,4.0990634,3.2307491,3.5169673,3.2993803,2.8612404,2.8636067,3.3470025,3.3021781,3.6805472,3.321759,3.3878136,3.352027,3.3277478,4.1004515,4.081659,3.7167194,3.5921438,3.5988653,2.5973368,2.587164,3.2486777,3.238382,3.5112267,3.2830234,3.7415583,3.2422433,2.916481,3.0142825,2.9931898,3.521545,4.472303,2.8561978,4.622057,4.6487374,4.8707895,4.773429,4.8340216,5.106085,4.40904,4.555736,4.756901,4.5218024,3.4554245,3.277371,3.3604422,3.2044213,3.0239944,3.0301623,3.0945225,3.1025975,3.1469965,3.155757,2.3425574,3.1879184,3.3452322,2.6617386,4.79216,3.4826946,3.301908,4.430395,2.5583124,2.543235
6,1.4286044,1.1420174,1.1849123,1.5473965,1.9491155,1.9609385,0.0,0.11399941,3.6460783,3.6093452,3.002087,3.4195118,3.170591,3.051923,3.0434206,3.0087652,2.1586356,3.6316612,3.0295467,3.1034248,2.292127,2.7442582,2.5170789,1.73566,2.1577492,1.6889266,4.8721933,1.5896683,1.9775466,1.9031371,1.8959572,1.8908986,2.7127492,2.7225416,3.190743,2.8960173,3.4055607,3.439297,3.8811748,3.268878,2.9646926,2.495196,3.6382926,3.1115055,2.044306,2.0329897,2.639736,4.137005,3.2785153,3.8515403,4.3663855,4.2430954,4.262737,4.4122825,4.4971786,4.4971786,2.5524383,3.548614,3.503988,3.353779,3.9120536,3.6699235,4.3331337,4.0281887,2.8442929,2.8336651,3.636396,2.6429112,3.0906227,2.7930553,2.9570901,2.9629583,3.7254543,3.699243,3.029277,2.7709687,3.4393919,3.3564785,3.3693058,3.9489505,4.1279235,3.1500063,2.9266462,2.918398,3.2514055,3.2264876,2.5979123,2.59801,3.1925693,2.87111,3.3482416,3.6129515,2.4564452,2.467782,2.6329725,3.1399107,4.65987,2.8088202,4.6206274,4.6553607,4.8263044,4.791751,4.8155537,4.844112,4.8528185,4.379578,4.9155173,4.4210725,2.9853437,2.8061068,2.8489902,2.757983,2.5681324,2.540305,2.5835624,2.606728,2.5300264,2.646096,2.2241695,2.8551965,2.842095,2.0300677,4.7107606,3.0281787,2.7981415,4.162544,3.1899219,3.1782172
7,1.4367852,1.1435863,1.1815679,1.5631058,1.9853586,1.9974066,0.11399941,0.0,3.692821,3.6594994,3.0551224,3.4707816,3.2179494,3.0983114,3.0892124,3.0595822,2.141042,3.6202612,2.9895337,3.0582027,2.2963839,2.7619262,2.5133526,1.7243354,2.1746807,1.7002603,4.8965955,1.6115113,1.9897158,1.9175924,1.9128209,1.9133185,2.7086895,2.7184699,3.1955814,2.8940585,3.3967803,3.4292958,3.8702333,3.2607114,2.9704556,2.4781945,3.62967,3.097869,2.019351,2.0077887,2.6176217,4.15113,3.3078918,3.88977,4.4105783,4.2870812,4.2791977,4.4291363,4.5130086,4.5130086,2.549262,3.555412,3.5114536,3.3578777,3.9441674,3.6857638,4.3335357,4.035493,2.8601131,2.850672,3.6417356,2.645331,3.099286,2.805907,2.9753213,2.9811234,3.7805343,3.7551816,3.0384371,2.7635791,3.4489534,3.3695698,3.37836,3.9567862,4.1478915,3.1564837,2.9359305,2.9285166,3.3017771,3.273534,2.5990808,2.599333,3.195221,2.935365,3.3512404,3.6503346,2.4685209,2.4818711,2.6412952,3.155251,4.6897597,2.8235178,4.6406183,4.67619,4.846746,4.8131924,4.8360662,4.853623,4.889378,4.392167,4.93986,4.439683,2.9763794,2.8000526,2.8429615,2.7577348,2.575355,2.5502706,2.5955622,2.6187615,2.5377305,2.652945,2.2481515,2.868785,2.833007,2.0218678,4.7298965,3.0355937,2.7955363,4.1701517,3.2325382,3.221058
8,3.3120558,3.3331962,3.597751,3.1148727,2.4779265,2.4569292,3.6460783,3.692821,0.0,0.2434537,2.0211644,2.0394795,2.2898712,2.301524,2.2317026,2.0997045,3.949907,4.277513,3.893824,4.1158266,3.1235244,3.705304,3.5591264,3.5463452,2.6858227,2.8548248,4.1243525,2.9089286,2.7128372,2.867306,2.6851058,2.7084134,4.352895,4.3733187,4.8583436,4.7432637,4.2173467,4.283526,4.584443,4.1810513,4.445826,3.955089,4.4732776,4.353275,4.0084224,3.99577,4.3411417,5.683296,3.567579,3.0726628,3.6042216,3.4825368,4.0818124,4.127938,4.220909,4.220909,3.6328275,4.0911107,4.077565,4.128533,4.2825217,4.796356,5.2121387,4.6832066,3.2467482,3.248803,4.58637,3.8774302,4.0017753,3.8137517,3.2556155,3.2547681,3.4784591,3.400322,4.2668266,4.1300383,3.1167834,3.0442796,3.0582576,3.8393118,4.786923,4.3034782,4.168233,4.230937,2.7186394,2.7454524,4.0688224,4.054736,4.246298,3.833617,4.03547,3.0202281,3.6395576,3.594719,3.6900597,3.907844,3.9132698,3.3667192,4.2304254,4.184487,4.795525,4.650452,4.668932,5.199742,3.6025646,4.2913327,4.626976,4.168661,4.153864,3.9276764,4.0159526,3.8094838,3.6732013,3.7096593,3.7093709,3.7816586,3.8354583,3.7937236,3.5661492,3.9450529,4.776632,4.2172537,5.7112536,4.301257,3.9971805,5.0147963,2.7133956,2.7041028
9,3.272294,3.28804,3.578715,3.1007578,2.4868424,2.4669,3.6093452,3.6594994,0.2434537,0.0,2.0053892,2.0333374,2.31365,2.3220975,2.2290878,2.0761971,3.9336593,4.299443,3.9097083,4.1249437,3.0874221,3.671025,3.5244954,3.5092876,2.6583133,2.8419054,4.1651073,2.8932,2.691243,2.8289185,2.66916,2.7039535,4.310441,4.33014,4.816481,4.7029414,4.1788783,4.2458572,4.546025,4.1451592,4.4162245,3.9287515,4.452924,4.338857,3.9610147,3.945214,4.2833476,5.610603,3.5618458,3.0733907,3.574399,3.4554007,4.0934305,4.142651,4.2301764,4.2301764,3.6199937,4.117721,4.1030955,4.1549916,4.245736,4.757006,5.19449,4.672158,3.1981635,3.202182,4.526932,3.8245285,3.9453137,3.7407105,3.1963487,3.1949456,3.4456275,3.364812,4.1967835,4.1025057,3.1165204,3.0291486,3.0578825,3.8031301,4.767325,4.254267,4.1024556,4.167066,2.6739464,2.6980004,4.028587,4.015035,4.1918693,3.7688217,4.0154567,2.9906526,3.5986366,3.5400035,3.6569097,3.8807464,3.8768888,3.2995903,4.228192,4.1709843,4.727855,4.590963,4.618724,5.1619606,3.59047,4.2784033,4.6379905,4.150158,4.153069,3.9089246,3.9928484,3.7809534,3.6308014,3.6715214,3.6576374,3.7357032,3.781108,3.7524385,3.5021994,3.9207962,4.785579,4.191897,5.6940403,4.2541494,3.9672902,4.984185,2.6678889,2.6587396
10,2.802711,2.8002317,2.8501763,2.154794,1.5651124,1.5633346,3.002087,3.0551224,2.0211644,2.0053892,0.0,1.4507576,1.0578872,0.64638966,0.43587157,0.43169385,3.4335258,4.443907,3.4710915,3.7657354,3.45715,3.8430243,3.6212857,3.1551049,2.2878358,2.0805106,4.256882,2.0172698,2.0075386,2.1509292,1.937997,1.9954728,4.1318994,4.1584773,4.6347537,4.3692756,4.313492,4.366697,4.7534866,4.2641644,4.319224,3.845612,4.510272,4.084949,3.6375966,3.621553,4.380474,5.6979837,3.4276123,3.236349,3.6169755,3.5037985,4.248275,4.314837,4.437651,4.437651,3.5822875,4.2643647,4.2239547,4.116016,4.3046803,4.8054442,5.150257,4.8588996,3.1151183,3.0841293,4.6073217,3.8537037,3.9514866,3.7151313,3.293015,3.2960994,3.3987377,3.3479176,4.2376413,4.148291,3.525305,3.4641783,3.4802985,3.9387343,4.4793425,4.110157,3.9595041,3.9775941,2.547198,2.5329916,3.9206076,3.90153,4.2356186,3.7090585,4.3462377,3.3575697,3.6280189,3.677713,3.6582217,4.044717,4.502976,3.4673502,4.9659834,4.8833036,5.181346,5.0804954,5.205941,5.596148,4.313925,4.9008956,5.190764,4.801965,4.189512,3.9409072,4.0171065,3.8736646,3.6478384,3.6519608,3.718405,3.7262545,3.774077,3.6899593,2.790902,3.8481143,4.172471,3.3507082,5.45467,4.0673847,3.815124,4.728293,2.5024545,2.4864244
11,2.9100916,2.9715605,3.171625,2.4157896,2.3991723,2.3997517,3.4195118,3.4707816,2.0394795,2.0333374,1.4507576,0.0,1.8119005,1.7285031,1.6672274,1.5784725,3.7288697,4.2147403,3.765895,4.0000935,3.4054885,3.6178234,3.2767448,3.638327,2.6750891,2.5041096,4.150492,2.4548976,2.3965929,2.5245078,2.3142576,2.408709,3.762036,3.7680645,4.2777653,4.059584,4.0536504,4.1024003,4.4631066,3.9933593,4.156016,3.6460803,3.7524693,3.498171,3.5785534,3.598045,4.808421,6.0056596,3.2129526,3.0746837,3.4267735,3.3523037,4.094649,4.15832,4.2351875,4.2351875,3.3980742,4.1254225,4.1197104,4.013344,4.192303,4.6557183,5.0631447,4.714003,2.8500159,2.7981365,4.372955,3.5250785,3.573941,3.2853367,3.2137935,3.217677,3.2340794,3.1897657,4.053361,3.9081159,3.284369,3.1970408,3.2160687,3.4481945,4.2340603,3.7231505,3.4988096,3.5267277,2.2929308,2.2724257,3.6252818,3.6019504,4.0766473,3.51267,3.8502398,2.785104,3.3962946,3.4082122,3.3370707,3.5198991,3.688479,3.50933,4.232064,4.1140285,4.510597,4.3988004,4.5690923,4.929638,3.498656,4.131425,4.496188,4.0219545,3.7942233,3.5636914,3.6081529,3.540497,3.3283682,3.3203454,3.3713527,3.4088888,3.4659057,3.2701447,3.060542,3.4488287,4.2349358,3.4529343,5.2344766,3.667362,3.3516092,4.449268,2.1819015,2.1663268
12,3.0536718,2.8834546,2.9006553,2.3323512,1.7605081,1.7437434,3.170591,3.2179494,2.2898712,2.31365,1.0578872,1.8119005,0.0,0.8557319,0.8688948,0.92329043,3.4030042,4.669869,3.4920242,3.8410718,3.7900784,3.9703252,3.7603393,3.2577882,2.43135,2.4072447,4.2478757,2.316777,2.4232776,2.6111245,2.333447,2.2975097,4.3990498,4.423796,4.7277503,4.479195,4.7187476,4.763423,5.074924,4.6499844,4.305965,3.921857,4.5735235,4.10028,3.9734056,3.9630156,4.7825394,6.042619,3.7845213,3.8040519,3.9386492,3.841048,4.8207426,4.8982744,5.006718,5.006718,3.9035306,4.6045637,4.52849,4.4754567,4.798415,5.218661,5.5432835,5.3571434,3.3212166,3.2793245,4.786331,4.0164213,3.9804647,3.8319113,3.5176923,3.5257108,3.4139075,3.3597455,4.4954886,4.328492,3.9813902,3.9032779,3.9317434,4.3668513,4.6404963,4.1859913,4.1278687,4.152473,2.7240644,2.7047026,4.0703807,4.0468574,4.2203546,3.7456448,4.446275,3.4829853,3.744408,3.7770772,3.786469,4.0052395,4.7818246,3.8748775,5.1865044,5.0628953,5.2194614,5.1140532,5.187774,5.561181,4.4847617,5.054234,5.4684157,4.950266,4.2831225,4.067455,4.1480627,4.0315256,3.7670212,3.7446668,3.8171983,3.7973793,3.9266288,3.8053496,2.9149315,4.0541587,4.1101556,3.3436522,5.5077085,4.037851,3.9108,4.677893,2.660554,2.6414893
13,2.9586315,2.8682582,2.8205419,2.1871762,1.5619539,1.5577685,3.051923,3.0983114,2.301524,2.3220975,0.64638966,1.7285031,0.8557319,0.0,0.49814793,0.6807702,3.490813,4.5784006,3.5144875,3.842299,3.6427467,3.9825566,3.796072,3.25453,2.467334,2.187093,4.4068985,2.1041207,2.1648135,2.3686984,2.0662425,2.1479375,4.253722,4.277113,4.677268,4.4205265,4.501084,4.549766,4.9222975,4.4513154,4.4390264,4.0105124,4.6695576,4.2268248,3.735876,3.719815,4.473701,5.734402,3.5350685,3.4574523,3.6812081,3.5726593,4.4068494,4.4684763,4.6019754,4.6019754,3.659665,4.356518,4.3079348,4.188129,4.4180417,4.906789,5.1828623,4.9845824,3.1603024,3.1270013,4.6228786,3.9289443,4.064772,3.8407397,3.332514,3.3361742,3.3769,3.335066,4.3235683,4.2116704,3.718021,3.6753633,3.6614835,4.182277,4.532743,4.1840644,4.0593557,4.0717626,2.5556266,2.5459094,3.9549532,3.9336927,4.23175,3.7415862,4.3726935,3.3968978,3.6645095,3.7446616,3.6997268,4.10443,4.629514,3.6262376,5.0328913,5.024093,5.2706847,5.158395,5.2720275,5.6364393,4.39609,4.9854474,5.313227,4.8949122,4.172781,3.995401,4.078722,3.9560387,3.692444,3.6872728,3.7854571,3.745745,3.8679836,3.7552383,2.8511887,3.932112,3.9835641,3.2762775,5.43995,4.0609264,3.8321784,4.661829,2.5190678,2.5039163
14,2.9016912,2.8313758,2.8707929,2.2215867,1.5249507,1.5224907,3.0434206,3.0892124,2.2317026,2.2290878,0.43587157,1.6672274,0.8688948,0.49814793,0.0,0.34308237,3.4228992,4.522196,3.3928878,3.7190695,3.614106,3.931071,3.7022183,3.1436722,2.3737004,2.1632845,4.279131,2.1024117,2.1403368,2.291898,2.0702689,2.080305,4.257389,4.2843366,4.730619,4.439658,4.517513,4.572169,4.8886647,4.4656825,4.388776,3.902609,4.6038465,4.1598654,3.726727,3.7051067,4.4389243,5.7940474,3.6071558,3.5227861,3.7582922,3.6597369,4.510006,4.5744424,4.7020974,4.7020974,3.722288,4.4401913,4.392419,4.2742004,4.5091634,4.981579,5.288468,5.103228,3.142522,3.111464,4.664634,3.9146194,3.9918916,3.779923,3.3145938,3.3184218,3.4453285,3.3983183,4.3285465,4.2035313,3.7538729,3.6865005,3.7055287,4.1604037,4.5411787,4.1573753,4.039217,4.0528316,2.6092212,2.5955658,3.9789588,3.959706,4.213346,3.8122447,4.412604,3.4375203,3.682929,3.737723,3.7067494,4.130004,4.625188,3.5358274,5.083313,4.998152,5.258764,5.157418,5.272454,5.6587844,4.4198904,5.0011783,5.3383007,4.904061,4.2381425,3.9971294,4.0785007,3.93766,3.6931329,3.6997223,3.7662656,3.765366,3.8359635,3.7493296,2.7868295,3.9418974,4.1373043,3.3134892,5.515165,4.0899935,3.8550673,4.725807,2.555839,2.539159
15,2.8129587,2.744996,2.838984,2.1862993,1.5419012,1.5372342,3.0087652,3.0595822,2.0997045,2.0761971,0.43169385,1.5784725,0.92329043,0.6807702,0.34308237,0.0,3.4257996,4.460409,3.4453006,3.7521749,3.5724726,3.881766,3.6275027,3.121244,2.2239344,2.1210828,4.239655,2.0535257,2.1098123,2.2508876,2.0390882,1.9774847,4.1684537,4.198467,4.629148,4.367573,4.497685,4.5541716,4.8704343,4.4484305,4.3040476,3.8334696,4.527464,4.0902305,3.6618588,3.6362507,4.3823743,5.7258167,3.5387874,3.5010414,3.685918,3.5973694,4.499939,4.5648894,4.686876,4.686876,3.6383808,4.351341,4.297648,4.207134,4.3827596,4.8532205,5.1697183,5.0295424,3.0378244,3.0096622,4.552201,3.7969675,3.8670557,3.6281202,3.2073653,3.2100117,3.328139,3.2712314,4.161397,4.1053343,3.738638,3.6615474,3.6881208,4.136816,4.4644556,4.0708504,3.9214077,3.9450767,2.4903157,2.4626238,3.886067,3.865256,4.1355853,3.6789143,4.3093996,3.315875,3.571634,3.6074107,3.6104023,3.98644,4.5055876,3.4258866,4.97035,4.892564,5.1701746,5.0712614,5.1921344,5.590605,4.3098607,4.894512,5.240172,4.7954016,4.152443,3.9010918,3.9786959,3.8307483,3.5762587,3.5851872,3.6464295,3.659841,3.7120218,3.6239796,2.6591494,3.8270228,4.10125,3.2619505,5.4458046,4.0226707,3.7541673,4.6321564,2.4102952,2.3940809
16,2.4060957,2.2819164,2.252826,2.2113032,2.6946907,2.717918,2.1586356,2.141042,3.949907,3.9336593,3.4335258,3.7288697,3.4030042,3.490813,3.4228992,3.4257996,0.0,3.1227384,1.8185586,1.8240796,2.5883002,2.483585,1.950818,1.1092721,2.6581082,2.3890517,3.9703205,2.33226,2.4078898,2.312677,2.4538894,2.2846663,3.305272,3.3072135,3.7759652,3.3542008,3.6135504,3.725801,4.150768,3.481928,2.5777328,1.7860734,3.183673,2.5682468,2.8147845,2.8236341,3.5707643,5.1022797,3.8050494,4.181743,4.828589,4.7179503,4.593036,4.8035235,4.7841377,4.7841377,3.2180297,4.1608577,4.0866075,3.9538913,4.53581,4.327194,4.8766885,4.541833,3.1925535,3.2164922,4.102188,3.1626258,2.6959245,3.2325156,3.3861845,3.389142,4.142562,4.128481,3.6908047,3.388923,3.743354,3.5954182,3.6735017,4.0220537,3.974724,2.8705168,3.408676,3.4541836,3.7172928,3.661761,3.1441686,3.1380503,3.7432704,3.565446,3.8581488,3.9512422,3.0397546,3.046158,2.998409,3.4634016,5.1206374,3.467531,5.1661887,4.6122937,5.1225657,5.1182585,5.0416975,5.202759,5.2166104,4.829848,5.34193,4.801692,3.5323074,3.3595629,3.432935,3.4225779,3.1445227,3.1775558,3.140854,3.2851453,3.0283597,3.2368305,2.7587442,3.5043206,3.4190814,2.7340865,5.173409,3.4824433,3.370094,4.4275556,3.6247416,3.6132123
17,3.1442018,3.5398197,3.7694151,3.6362972,4.0488,4.066468,3.6316612,3.6202612,4.277513,4.299443,4.443907,4.2147403,4.669869,4.5784006,4.522196,4.460409,3.1227384,0.0,3.578265,3.5387692,3.2551732,3.1269326,2.5887392,3.107741,3.8258288,3.550527,4.3295436,3.5317354,3.5008738,3.459925,3.5188138,3.3158405,3.7074904,3.6825519,4.082896,3.820172,4.161819,4.2986465,4.2317853,4.0843434,3.5014882,2.979969,3.4880528,3.3948956,3.5849292,3.592341,4.114616,5.357428,4.111541,4.390405,5.0232267,4.9468923,4.1950226,4.371115,4.365302,4.365302,3.4140222,4.1796036,4.2024813,4.0558476,4.6515007,4.4806943,5.080196,4.746117,3.256608,3.2912183,4.063122,3.208723,2.9744186,3.4071705,3.448593,3.450321,4.116451,4.1110506,3.815315,3.3194132,3.7575054,3.551304,3.682377,4.0472584,3.9831598,2.9837885,3.44074,3.462838,3.790085,3.7813218,3.1989868,3.202232,4.238177,3.6782658,3.4361265,3.6066003,3.1574414,3.233268,3.0516145,3.5551362,4.285029,3.5107214,4.278197,3.686334,5.7674685,5.7395363,5.6560254,5.8301516,4.47434,4.005163,4.51499,3.9751937,3.5237644,3.3845632,3.4698431,3.4374504,3.173379,3.2229245,3.2187452,3.379491,3.124776,3.3072383,3.759445,3.452972,4.1702514,3.7438478,5.87164,4.5621066,3.4081235,4.528577,3.7793562,3.7772777
18,3.095112,2.9503958,3.217043,2.781484,2.8606877,2.8822222,3.0295467,2.9895337,3.893824,3.9097083,3.4710915,3.765895,3.4920242,3.5144875,3.3928878,3.4453006,1.8185586,3.578265,0.0,0.5659524,3.058431,3.0260437,2.5097857,1.9002396,2.8675935,2.5870686,4.14525,2.8186333,2.749015,2.7407563,2.8447895,2.7378826,3.8269887,3.8471668,4.815168,4.3646045,4.0366898,4.1340437,4.3965745,3.9461248,3.9685519,2.6608593,3.729358,3.219595,3.2752903,3.289493,4.0020847,5.6468325,4.0244665,4.281226,4.7868776,4.7016635,4.714827,4.880394,4.8687367,4.8687367,3.6411777,4.406487,4.339923,4.205655,4.928126,4.869897,5.260468,5.010949,3.3624737,3.3884878,4.3735547,3.5767984,3.226529,3.6844432,3.5803344,3.5787375,4.8951206,4.8730817,4.2371554,3.7603383,3.8835752,3.7861557,3.8086832,4.1424437,4.6799088,3.4113138,3.8511,3.9334233,3.833418,3.79811,3.5976915,3.5878768,3.9611192,4.5743184,4.162941,4.112308,3.5091298,3.516691,3.402787,3.9173667,5.0314555,3.3461702,5.1721687,4.592547,5.11461,5.0865307,5.051605,5.278341,5.065317,4.834233,5.297918,4.809907,3.5968816,3.3761222,3.470404,3.4532838,3.523331,3.5941699,3.551429,3.69463,3.4704328,3.5977583,3.1045387,3.845832,3.9495652,3.2252924,5.985087,3.8601165,3.7226615,5.3313193,3.7072456,3.6957953
19,3.1475837,3.0385587,3.285431,2.9050257,3.0893517,3.1128724,3.1034248,3.0582027,4.1158266,4.1249437,3.7657354,4.0000935,3.8410718,3.842299,3.7190695,3.7521749,1.8240796,3.5387692,0.5659524,0.0,2.9645293,2.987637,2.438011,1.9642237,2.9620278,2.7084565,4.2974224,2.9359756,2.8543015,2.8131187,2.9595866,2.8366437,3.7762918,3.8003821,4.8011193,4.3440595,3.995905,4.1049995,4.452527,3.9076235,3.8824577,2.5073757,3.5971487,3.0890136,3.2515392,3.2656386,3.9727364,5.700055,4.010158,4.297796,4.933101,4.850322,4.7070193,4.8840156,4.8529363,4.8529363,3.6077914,4.347193,4.2822647,4.1523123,4.970634,4.818365,5.218538,4.95567,3.4779303,3.514668,4.4293923,3.59391,3.248444,3.7287352,3.7037945,3.6990504,5.084727,5.0622835,4.2609935,3.7608283,3.96623,3.8745885,3.8802977,4.2362914,4.6851187,3.4538476,3.899421,3.9866464,4.058833,4.00599,3.6115654,3.604112,4.0960197,4.67002,4.1814904,4.2545133,3.5493867,3.5552473,3.435059,3.946202,5.119657,3.4226587,5.166737,4.626597,5.160547,5.1359644,5.0973687,5.291044,5.2197714,4.8772984,5.3071766,4.8735013,3.5655532,3.4150631,3.4948306,3.507183,3.582488,3.6669571,3.6242237,3.7861671,3.5001032,3.6589622,3.2701795,3.8665874,3.9224908,3.3424265,5.9498296,3.917071,3.7722359,5.361291,3.9144866,3.9051025
20,2.4897773,2.4478874,2.6051278,2.6101265,2.7604337,2.7695057,2.292127,2.2963839,3.1235244,3.0874221,3.45715,3.4054885,3.7900784,3.6427467,3.614106,3.5724726,2.5883002,3.2551732,3.058431,2.9645293,0.0,1.9882005,1.8455917,2.2008662,2.8892262,2.4763284,4.652723,2.5491438,2.4423008,2.400028,2.423697,2.6275373,3.0042262,2.9794607,3.6931288,3.4407244,2.872161,2.971169,3.5843546,2.737799,2.9771562,2.1663399,2.9487767,2.9635603,2.5171888,2.5281613,2.6968334,4.555757,3.054854,3.0900898,4.229852,4.1003222,3.709463,3.876619,3.8949742,3.8949742,2.5628757,3.5070808,3.5475292,3.4036791,3.99748,3.7670004,4.465575,3.7498145,2.791261,2.831106,3.7933698,2.6980479,3.1163297,3.068173,2.8094718,2.8060524,3.934106,3.9184914,3.3357935,2.8931885,2.75188,2.6493943,2.6207402,3.4415867,4.215641,3.1380002,3.127998,3.1567638,3.3114343,3.3283494,2.7587626,2.7756531,3.4840794,3.290854,2.9413297,3.156831,2.5857646,2.5446372,2.5986629,3.296671,3.8494244,2.6483202,3.6230192,3.6198037,4.095544,4.003711,3.9148028,4.118956,4.054116,3.5777283,4.181028,3.600779,2.9550893,2.9071612,2.9591515,2.876974,2.7390602,2.8162484,2.7563996,2.8628793,2.7556567,2.9663289,3.437178,3.110768,3.7606668,3.464879,4.961977,3.1735635,3.0539439,4.4757147,3.326224,3.3196971
21,2.7542772,2.657428,3.0006247,3.1426523,3.0817242,3.0956483,2.7442582,2.7619262,3.705304,3.671025,3.8430243,3.6178234,3.9703252,3.9825566,3.931071,3.881766,2.483585,3.1269326,3.0260437,2.987637,1.9882005,0.0,1.6769687,2.4430559,3.5266023,3.2804604,4.6721406,3.3004127,3.3465276,3.269813,3.350457,3.2133298,2.843099,2.8268313,3.5994601,3.308716,3.575359,3.6746318,3.3679454,3.415737,2.9905062,2.2679276,2.8425956,2.8202424,2.9772074,3.0027483,3.6560428,4.9224696,2.7963676,3.2760837,3.6563234,3.6086516,3.9297493,4.0974584,4.0938635,4.0938635,3.2327287,3.7353327,3.7300184,3.5980253,3.9785967,3.6224253,4.4847045,4.0575395,2.8066041,2.8074965,3.648391,2.579514,2.538988,2.8281362,2.9938002,2.9941769,3.7931428,3.789683,3.1683443,2.6852045,3.3499243,3.1648188,3.2501519,3.7745788,3.6115153,2.6578877,2.9540818,2.985317,3.1955907,3.2419882,2.5643995,2.579555,2.60308,3.0180655,2.8344407,3.0334506,2.4558246,2.511805,2.310998,2.8596487,3.8275504,2.95976,3.7067375,3.2749913,3.872936,3.8489003,3.785742,3.9737997,3.982468,3.4555485,3.6585147,3.4073944,2.8532448,2.771848,2.796751,2.799,2.5638518,2.614923,2.3413095,2.4936383,2.5533893,2.7769241,3.4078286,2.7217414,3.6762898,3.3219645,4.579362,3.034003,2.9345737,4.4173007,3.2450256,3.2349927
22,2.4236271,2.3220525,2.66751,2.5052147,3.0480788,3.0668752,2.5170789,2.5133526,3.5591264,3.5244954,3.6212857,3.2767448,3.7603393,3.796072,3.7022183,3.6275027,1.950818,2.5887392,2.5097857,2.438011,1.8455917,1.6769687,0.0,2.0022593,2.8619697,2.6227438,3.8617542,2.634927,2.6391613,2.5384629,2.6598458,2.5396514,2.4235678,2.3876185,3.1260495,2.7808294,3.0380607,3.1510878,3.5589445,2.8708894,2.2925916,1.0454721,1.7600585,1.7536056,2.2406669,2.2791407,3.3274095,4.837317,3.287035,3.7894313,4.331812,4.272456,4.2212787,4.4015503,4.3676763,4.3676763,2.4830098,3.5670557,3.570887,3.416969,3.9540627,3.6693926,4.4011745,4.098062,2.228878,2.2606795,3.2213683,1.9981519,1.6998658,2.1600637,2.4999962,2.5014093,3.596364,3.5878446,2.857782,2.3317208,3.0898855,2.9008532,2.9855561,3.267937,3.4648747,1.869105,2.2928278,2.3516438,3.0369189,3.0067208,2.1334622,2.136826,3.0545053,2.9722908,2.4707148,2.7733424,2.066985,1.9624736,1.8870589,2.4565892,3.5411682,2.5942209,3.5995266,2.944802,3.7273552,3.7113984,3.6355374,3.7988496,3.7844923,3.160574,3.898008,3.1466238,2.518903,2.2514315,2.2994468,2.310176,2.0653725,2.1408594,2.0214803,2.2927737,1.9339365,2.1460788,2.8589602,2.4656155,3.5645313,2.8404787,4.676917,2.5126717,2.2743828,3.9325457,2.934647,2.926475
23,2.2535045,2.0748475,2.2333784,2.1750658,2.2506168,2.2707105,1.73566,1.7243354,3.5463452,3.5092876,3.1551049,3.638327,3.2577882,3.25453,3.1436722,3.121244,1.1092721,3.107741,1.9002396,1.9642237,2.2008662,2.4430559,2.0022593,0.0,2.34631,2.0295234,4.0215297,2.074471,2.1932073,2.083665,2.2302308,2.0345888,3.3376138,3.345637,3.9533958,3.5635056,3.6703613,3.7787428,4.160365,3.543892,2.9069734,2.0181267,3.5419803,3.0897691,2.6311727,2.6097355,2.7919037,4.525534,3.723855,4.0752225,4.6599035,4.5530915,4.536858,4.7194304,4.747811,4.747811,3.0301733,3.9972174,3.9383507,3.807513,4.345395,4.1905856,4.799556,4.530859,2.8798165,2.9192986,3.8573327,2.923951,2.7774072,3.1071665,2.903064,2.9046378,3.9657364,3.942291,3.4485679,3.1129956,3.596575,3.4455733,3.5261898,4.0653467,4.1489635,2.9388745,3.296774,3.3348916,3.3797243,3.3682213,2.9594948,2.962598,3.5157862,3.3967047,3.6139083,3.6656442,2.7576287,2.726292,2.7985637,3.4782615,4.7601433,2.7249494,4.812836,4.384303,4.9577518,4.9312325,4.8364973,5.071664,4.8652177,4.531702,5.0919137,4.503588,3.3425941,3.0915277,3.1906884,3.062966,2.8879163,2.9428124,2.897879,3.0468392,2.7895036,3.0697339,2.508919,3.3466055,3.4743736,2.7195754,5.311384,3.4413164,3.2700715,4.5785666,3.3486974,3.3371122
24,1.92121,1.8361056,2.1188645,1.4665627,1.8525418,1.8481233,2.1577492,2.1746807,2.6858227,2.6583133,2.2878358,2.6750891,2.43135,2.467334,2.3737004,2.2239344,2.6581082,3.8258288,2.8675935,2.9620278,2.8892262,3.5266023,2.8619697,2.34631,0.0,1.1609915,4.3484273,1.2277231,1.3921833,1.4714339,1.4115518,1.1465284,3.2119422,3.2726388,3.8634024,3.6544316,3.7492833,3.787262,4.5869093,3.6842568,3.5323992,2.842294,3.801963,3.2090578,2.6601744,2.6392865,3.5427544,5.031072,3.2715554,3.6578052,4.1708426,4.0559797,4.23032,4.3507338,4.406233,4.406233,2.5177932,3.3233032,3.2094798,3.277723,4.083532,4.1934915,4.663234,4.4466643,2.76097,2.7608736,3.8255067,2.9689462,3.0950174,2.8282604,2.9586072,2.9590774,3.745607,3.66354,3.5086346,3.2278843,3.3615892,3.3137465,3.3002956,3.8178172,4.271911,3.4379585,3.2106516,3.2944384,2.9003994,2.762651,3.0725405,3.0468001,3.8807294,3.345945,3.6263845,3.3705778,2.7759912,2.729755,2.9466515,2.9993377,4.4907537,2.8758848,4.678782,4.6033335,4.917115,4.862376,4.942593,5.1498737,4.537535,4.475826,4.961741,4.4776206,3.2206874,2.9414353,3.0024207,2.8862789,2.843569,2.8431187,2.9991395,3.072586,2.8327749,2.807754,1.8715426,3.0688875,3.3505468,2.3988907,5.137415,3.4507625,3.02739,4.357882,2.6502466,2.6408951
25,1.7273103,1.7123889,1.85564,0.9564299,1.6028149,1.617057,1.6889266,1.7002603,2.8548248,2.8419054,2.0805106,2.5041096,2.4072447,2.187093,2.1632845,2.1210828,2.3890517,3.550527,2.5870686,2.7084565,2.4763284,3.2804604,2.6227438,2.0295234,1.1609915,0.0,4.303745,0.54127043,0.87695956,0.99500185,0.7751866,0.9869439,3.0763829,3.1035507,3.827943,3.5191054,3.446428,3.5002472,4.3334146,3.3657982,3.5291634,2.7081213,3.6463578,3.085358,2.3279214,2.32883,3.2320037,4.76979,3.1954405,3.4784598,4.1919985,4.06371,3.9865725,4.1204677,4.1928005,4.1928005,2.3366153,3.4120178,3.35953,3.242431,4.002015,4.1048193,4.586553,4.2550073,2.5912714,2.591652,3.7679021,2.8642204,3.1532152,2.902707,2.8107064,2.8112082,3.7640824,3.7178164,3.491916,3.147808,3.1499898,3.1045911,3.0629373,3.6093426,4.294117,3.2582076,3.063467,3.1057687,2.7702382,2.7036328,2.8729143,2.8555322,3.8492773,3.3081086,3.5081506,3.2809334,2.681026,2.6779454,2.79557,3.2105625,4.303943,2.6291292,4.4496465,4.4456215,4.8782544,4.8021045,4.868819,5.0407553,4.3874874,4.298848,4.855454,4.308662,2.9724202,2.7770617,2.853397,2.757793,2.7431846,2.7442822,2.914802,2.953865,2.7491379,2.743891,1.9714466,3.0156574,3.0600293,2.2092876,5.240914,3.2946951,2.8794072,4.423325,2.624557,2.613843
26,4.8320303,4.8574986,4.9313602,4.4204507,4.3292437,4.348066,4.8721933,4.8965955,4.1243525,4.1651073,4.256882,4.150492,4.2478757,4.4068985,4.279131,4.239655,3.9703205,4.3295436,4.14525,4.2974224,4.652723,4.6721406,3.8617542,4.0215297,4.3484273,4.303745,0.0,4.2593107,4.2194567,4.151054,4.238695,3.8705914,5.218563,5.2149763,5.5558333,5.2355986,5.1738954,5.3581696,5.937804,5.0754137,4.404755,3.9428384,4.564979,4.486001,4.9146423,4.9360595,5.3498445,6.378677,5.733865,5.647282,6.085466,6.0345316,6.0844917,6.2023063,6.1882997,6.1882997,4.707778,5.2810845,5.2895346,5.1761756,5.375382,5.7828836,6.2530665,5.940266,4.4954405,4.551294,5.4407954,4.938315,4.1912174,4.8707848,4.5534387,4.5477877,4.633372,4.621023,5.4446874,5.104808,4.87863,4.740558,4.821525,5.2876167,5.1448317,4.6331577,5.2655783,5.2911167,4.590206,4.6187253,5.1488147,5.1380587,5.8212433,5.014469,5.237,4.5962543,4.8150363,4.681398,4.6421404,5.0125093,5.226981,4.610159,5.4249063,4.617947,5.9423094,5.8416595,5.639672,6.1166754,5.093691,5.4332356,5.708311,5.2826896,5.107277,4.958965,5.075405,4.921261,4.788762,4.842071,4.8514695,5.158149,4.687269,4.8157787,4.5636954,4.9679613,5.5367446,5.138134,6.434071,5.0928326,5.048791,5.851176,4.5534277,4.5479455
27,1.6049002,1.6018245,1.522651,0.64919907,1.5612347,1.5775287,1.5896683,1.6115113,2.9089286,2.8932,2.0172698,2.4548976,2.316777,2.1041207,2.1024117,2.0535257,2.33226,3.5317354,2.8186333,2.9359756,2.5491438,3.3004127,2.634927,2.074471,1.2277231,0.54127043,4.2593107,0.0,0.74598837,0.84867024,0.5912263,0.76472193,2.9883635,3.0139923,3.5176327,3.2183223,3.400737,3.4543054,4.326148,3.3170764,3.2122147,2.6234705,3.5643723,2.986232,2.25555,2.2458115,3.2331617,4.7576447,3.1523829,3.4747422,4.1745586,4.043162,3.9845762,4.120781,4.1980486,4.1980486,2.251979,3.3706498,3.318446,3.1858191,3.8910623,3.995752,4.461793,4.1669564,2.5454128,2.5416722,3.745661,2.824141,3.0800717,2.8277931,2.7707021,2.7730196,3.4463377,3.4029956,3.3836763,3.103136,3.1390254,3.0909264,3.0620248,3.5860608,3.9987032,3.1862435,3.0069246,3.0289676,2.7423594,2.6486077,2.829017,2.8106396,3.8422105,3.0605714,3.496824,3.2548437,2.631467,2.6602838,2.7453597,3.1624188,4.3977814,2.8210962,4.5646677,4.542632,4.943516,4.877264,4.9513245,5.111374,4.4895034,4.4011965,4.9332666,4.406616,3.1171536,2.923994,2.992147,2.9072235,2.7078524,2.700755,2.8883023,2.9163587,2.7229404,2.7111044,1.9050947,2.9701288,2.999489,2.0988288,4.9154034,3.2441742,2.813183,4.0380883,2.5839355,2.5738313
28,1.7090421,1.8313206,1.8161856,1.0535885,1.8022478,1.8204997,1.9775466,1.9897158,2.7128372,2.691243,2.0075386,2.3965929,2.4232776,2.1648135,2.1403368,2.1098123,2.4078898,3.5008738,2.749015,2.8543015,2.4423008,3.3465276,2.6391613,2.1932073,1.3921833,0.87695956,4.2194567,0.74598837,0.0,0.38911188,0.29793945,1.1123499,2.9966936,3.0174594,3.5750382,3.2507606,2.9640036,3.034127,4.0052443,2.9223535,3.3502116,2.717514,3.5780194,3.0744948,2.2359776,2.224816,3.2167995,4.745575,3.2088447,3.2397742,4.0741076,3.91317,3.6280973,3.7662704,3.817386,3.817386,2.1960313,3.3863983,3.357265,3.226211,3.8742657,4.0803976,4.542858,4.0063896,2.5550356,2.5672505,3.7140667,2.9166934,3.0974183,2.8854835,2.767081,2.765832,3.538256,3.490965,3.5412533,3.2338793,2.6854975,2.6304882,2.6011887,3.1588984,4.0387173,3.2616687,3.1161206,3.1479297,2.8051534,2.6934404,2.9736009,2.9560914,3.90675,3.254334,3.5847104,3.2730227,2.7647152,2.783307,2.8419662,3.2838917,4.3615284,2.8635914,4.600586,4.5276175,4.9334764,4.8793535,4.972,5.18027,4.4788623,4.4539347,5.0002027,4.440175,3.2921872,3.0882819,3.1531224,3.0638669,2.8222852,2.851535,3.0027857,3.0516899,2.8329997,2.8484204,2.0826352,3.1276956,3.2870808,2.422418,5.040378,3.398306,2.9484189,4.07775,2.6281638,2.6217527
29,1.6465325,1.8123415,1.8303654,1.1516937,1.8793854,1.9031631,1.9031371,1.9175924,2.867306,2.8289185,2.1509292,2.5245078,2.6111245,2.3686984,2.291898,2.2508876,2.312677,3.459925,2.7407563,2.8131187,2.400028,3.269813,2.5384629,2.083665,1.4714339,0.99500185,4.151054,0.84867024,0.38911188,0.0,0.5805944,1.1474581,2.8852124,2.9080677,3.5044484,3.1386094,2.866539,2.9497106,3.9347,2.817191,3.233601,2.5846758,3.5114186,3.0064626,2.120571,2.1071138,3.103233,4.6401696,3.2517173,3.294778,4.1428742,3.986309,3.6545525,3.798869,3.8411205,3.8411205,2.1814604,3.3742537,3.3518455,3.202006,3.841709,4.019953,4.549562,3.9845557,2.578237,2.5953186,3.6868892,2.879674,3.0117297,2.8301847,2.7842371,2.7821047,3.5825653,3.537128,3.5157537,3.1811235,2.699151,2.6239624,2.6215436,3.1420832,3.9677813,3.208707,3.0873704,3.1103635,2.9102097,2.801707,2.9536116,2.9397123,3.9018946,3.2336495,3.6120121,3.3547266,2.7537591,2.7583044,2.8169901,3.298629,4.396636,2.8038094,4.6472273,4.5212975,4.92814,4.8885856,4.9813604,5.1847095,4.5678635,4.490315,4.9963613,4.4739127,3.3257608,3.0934904,3.1514478,3.053053,2.8112938,2.8484583,2.9741905,3.0610075,2.7667282,2.8320656,2.0329652,3.0822928,3.3373141,2.422288,4.9790587,3.3805292,2.9614496,4.0970006,2.7404802,2.73418
30,1.6914911,1.7893648,1.7282856,0.93157214,1.7406967,1.7564381,1.8959572,1.9128209,2.6851058,2.66916,1.937997,2.3142576,2.333447,2.0662425,2.0702689,2.0390882,2.4538894,3.5188138,2.8447895,2.9595866,2.423697,3.350457,2.6598458,2.2302308,1.4115518,0.7751866,4.238695,0.5912263,0.29793945,0.5805944,0.0,1.0427426,3.05577,3.0707889,3.5742507,3.2709777,3.0896478,3.1560934,4.094548,3.0380235,3.3255427,2.7289472,3.561379,3.055073,2.2969906,2.2894924,3.2595892,4.802347,3.2123573,3.2780592,4.1199923,3.964594,3.7334247,3.870033,3.9316316,3.9316316,2.2444196,3.4487894,3.4211016,3.2852437,3.9042118,4.091861,4.5307,4.0403404,2.578578,2.5860746,3.786451,2.9359522,3.1682398,2.9199567,2.794076,2.7936804,3.4958663,3.4514253,3.5220048,3.2634797,2.8123052,2.7607079,2.721749,3.288381,4.098924,3.2967749,3.120706,3.1484618,2.7790391,2.6804495,2.9793184,2.9615884,3.9277833,3.2091188,3.56791,3.2476006,2.7711918,2.7850065,2.8583398,3.2965543,4.3401055,2.9036236,4.535651,4.527876,4.9388084,4.8696547,4.952608,5.150842,4.4350185,4.417126,4.997084,4.4093065,3.2545822,3.087431,3.1531408,3.0690966,2.8274126,2.845527,3.0074306,3.042187,2.8601394,2.8506646,2.1526766,3.1448393,3.2114902,2.421006,5.0507503,3.3787327,2.9345276,4.065114,2.6146994,2.6071692
31,1.7748682,1.8193916,1.7669771,1.0760881,1.512806,1.5294166,1.8908986,1.9133185,2.7084134,2.7039535,1.9954728,2.408709,2.2975097,2.1479375,2.080305,1.9774847,2.2846663,3.3158405,2.7378826,2.8366437,2.6275373,3.2133298,2.5396514,2.0345888,1.1465284,0.9869439,3.8705914,0.76472193,1.1123499,1.1474581,1.0427426,0.0,3.1041338,3.1457305,3.614111,3.3426483,3.6501129,3.7264848,4.4671197,3.565517,3.0435107,2.4696617,3.5056646,2.932612,2.472006,2.44878,3.3254268,4.9764533,3.0720851,3.431291,4.1055264,3.9997456,4.0479565,4.1791167,4.256914,4.256914,2.378823,3.245807,3.1805964,3.0837328,3.7432017,3.8616252,4.264764,4.1305184,2.5527034,2.5617714,3.8567352,2.8844838,2.98717,2.8722277,2.7646048,2.763846,3.319932,3.269291,3.2761164,3.0915773,3.259978,3.209633,3.1922748,3.7618484,3.763775,3.2068775,3.145239,3.1840575,2.744648,2.6369927,2.940927,2.920892,3.903257,3.1361747,3.5330613,3.2072484,2.687295,2.7259874,2.7577128,3.156931,4.39422,2.8218963,4.5392137,4.426305,5.039759,4.9654374,5.019494,5.2374177,4.451423,4.4144073,4.7951145,4.408897,3.2158916,3.016385,3.095269,2.9921296,2.7610211,2.775895,2.9328096,3.0258193,2.7724109,2.778798,2.003026,2.9414263,3.173164,2.3635776,4.8102975,3.4262807,2.9226234,4.016616,2.5572917,2.547681
