,0,1,2,3,4,5,6,7,8,9,10,11,12,13,14,15,16,17,18,19,20,21,22,23,24,25,26,27,28,29,30,31,32,33,34,35,36,37,38,39,40,41,42,43,44,45,46,47,48,49,50,51,52,53,54,55,56,57,58,59,60,61,62,63,64,65,66,67,68,69,70,71,72,73,74,75,76,77,78,79,80,81,82,83,84,85,86,87,88,89,90,91,92,93,94,95,96,97,98,99,100,101,102,103,104,105,106,107,108,109,110,111,112,113,114,115,116,117,118,119,120,121,122,123,124,125,126,127
0,0.0,1.7417619,2.3755045,1.7069384,2.0745485,2.0669792,2.54561,2.5384643,3.3418727,3.332545,1.8049889,2.8673148,3.0319393,3.7119458,3.5305107,3.5334015,3.1803055,3.6282132,3.2203133,3.0298672,3.8112729,3.769706,4.0135703,3.8671844,2.3946478,2.6245344,3.001145,2.7973623,3.130776,2.8613522,3.338071,3.397526,2.9841325,2.5754254,2.6952758,2.511459,2.5452685,2.5452685,3.020631,3.1186645,2.2756684,2.294479,2.3526354,2.3526354,2.6937463,2.5173852,2.545519,2.56765,3.5402877,3.484775,3.3810139,3.3905907,2.6401227,2.6612117,2.8916721,3.3499095,3.0786731,2.4124033,2.46635,2.5574894,3.5869231,3.6868465,1.947987,2.674132,3.8889277,4.6662855,2.6904614,2.6280103,2.6316216,2.8621817,2.7845378,2.8407683,3.5264885,3.7561803,3.7485225,3.6970756,3.3024795,3.2648926,3.845767,3.6462584,3.343916,3.2407427,3.8282688,3.2024071,2.8775964,2.8899932,2.7397842,2.897454,3.3161445,3.1490405,3.210664,3.605054,3.053232,3.3070931,3.5195434,3.5195434,3.6933484,2.632549,4.182859,3.8314452,3.5764306,3.5797083,3.5966856,3.8247678,4.1015606,4.6776953,4.3884754,4.6861296,4.4345865,4.575199,4.3326135,4.4096737,3.8522956,4.028347,3.9513772,3.9513772,4.3727994,4.4580884,5.19981,5.1014853,4.3903623,4.393778,4.1409073,4.751493,3.8135486,3.8155687,4.4534974,3.8739293
1,1.7417619,0.0,2.5273426,1.843881,2.7603645,2.7805178,2.9370584,2.947262,2.9259756,2.8998017,2.08837,2.3964748,3.0366383,3.6408937,3.4207366,3.560373,2.8264894,2.7881353,2.818756,2.8471127,2.5985806,2.5519753,2.8496387,2.6230292,2.7378428,2.958708,3.4927547,3.431693,3.4914236,3.2809684,3.527328,3.5476294,2.9907854,3.088994,2.7477274,2.623565,2.6630185,2.6630185,2.0369892,2.1661823,2.4732509,2.5349522,2.4328651,2.4328651,2.7160704,2.5029116,2.543337,2.5606484,3.6992276,3.66314,3.6230688,3.6340487,3.0276856,3.0430775,3.1914,3.6462264,2.8605099,2.846098,2.6681066,2.7930071,3.8845987,3.9896357,1.8666921,2.7619529,2.7226346,3.8521872,2.5244246,2.4576032,2.4555023,2.6142373,2.557307,2.6064565,3.1178248,3.1587553,3.0118082,3.0469916,2.159846,2.28217,3.3017838,3.3917456,3.2772,3.2153642,3.7580788,3.1694663,2.8550384,2.8625379,2.5956118,2.8348086,3.216736,3.0110023,3.1287503,3.5073106,3.1511421,3.3470256,3.5428116,3.5428116,3.441398,2.1279426,3.610472,3.47447,3.0577154,3.0539174,3.3181422,3.4130473,3.6937091,4.4427605,4.073549,4.391396,4.686617,4.838464,3.9840026,4.0325494,3.381085,3.5515878,3.5138915,3.5138915,3.7283766,3.7857358,4.842737,4.749014,3.912345,3.9100657,3.7200148,4.061124,3.4471269,3.427463,3.6940513,3.499938
2,2.3755045,2.5273426,0.0,1.9204416,2.3715177,2.3638422,2.5228179,2.5333476,3.206519,3.1944933,2.3160815,2.914508,3.0872226,3.5188456,4.0817604,4.0469856,3.0463836,3.2918293,3.2231197,3.283353,3.7766008,3.691198,3.9163163,3.9366114,3.018393,2.8666492,3.7468338,3.530295,3.093387,3.0296838,3.189401,3.1422026,3.104336,3.2799428,2.932501,2.78219,2.812356,2.812356,2.6432817,3.1844025,2.6026957,2.621388,2.5469062,2.5469062,2.6228611,2.448411,2.488867,2.4802802,3.9356618,3.8852425,3.5464044,3.5554538,3.305443,3.2991045,3.2998002,3.5538278,3.0872304,2.9433615,2.9158947,3.0690746,3.7284791,3.780588,2.6182697,3.0703452,3.631335,4.473801,2.581477,2.5093186,2.4078333,2.432955,2.4472418,2.5766044,3.4763298,3.6754699,3.2428143,3.2148535,2.8902664,2.779397,3.0613327,3.2795112,3.260146,3.1039875,3.2848449,3.0440927,2.9231405,2.9294317,2.4837902,2.8348603,3.1320379,2.968561,2.9336855,3.3918233,3.0173924,3.2998488,3.4625616,3.4625616,3.813196,2.6888862,4.0067105,3.8391452,3.5372176,3.5564835,3.6630087,3.8629494,3.7308931,4.7642546,4.22569,4.5171494,4.228071,4.372512,4.0961714,4.1548843,3.5990646,3.6804888,3.6274247,3.6274247,3.9964454,4.074078,4.3803263,4.286192,4.176158,4.1617703,3.8657825,4.7607822,3.496607,3.512094,4.172021,3.5824258
3,1.7069384,1.843881,1.9204416,0.0,1.4760356,1.4996265,1.6785257,1.679524,2.6065843,2.5900736,1.7007211,2.1436362,3.569233,4.1135654,3.6303403,3.5890865,2.6599932,3.1151495,2.677097,2.760242,3.4106038,3.3593373,3.5318232,3.5404181,2.759168,2.6271417,3.3817835,3.2904484,3.5642314,3.3291454,3.6745138,3.678936,2.7619588,2.8610299,2.6813447,2.5368853,2.5068567,2.5068567,2.257467,2.6876478,2.2356372,2.247968,2.1354342,2.1354342,2.6467266,2.4169688,2.2392697,2.2672446,3.6998637,3.6435142,3.3198948,3.3299577,3.0972774,3.117513,3.1394203,3.3991911,3.0170565,2.7653272,2.8372421,2.9987159,3.6106486,3.70028,2.047575,2.7405732,4.0503983,4.806519,3.0654886,2.9883475,3.0089061,3.1171684,3.148231,3.1813118,3.7914002,3.916498,3.684557,3.7548199,3.1513326,3.108273,3.6172378,3.9493678,3.8546026,3.76547,4.05827,3.7130818,3.4223144,3.431485,3.2009652,3.4248152,3.7687497,3.5748918,3.6147559,4.0415998,3.650294,3.873706,3.986692,3.986692,4.111131,3.1007109,4.378236,4.2257833,3.8250601,3.8315792,3.9646695,4.186148,4.220444,5.172988,4.7840905,5.0014305,4.707421,4.866115,4.603579,4.6890097,4.102978,4.255135,4.1622834,4.1622834,4.5695305,4.6349993,4.7137995,4.6034904,4.596859,4.5986185,4.379355,4.9973607,4.018048,4.0219564,4.6866603,4.121427
4,2.0745485,2.7603645,2.3715177,1.4760356,0.0,0.1222853,0.678893,0.6575881,2.666777,2.6744573,1.692001,2.1426916,3.884368,4.443783,3.3838878,3.2896123,2.8351007,3.1936953,2.780458,2.643607,4.0456157,4.0017457,4.1076303,4.0989375,3.2277284,3.144488,3.4984796,3.3602133,3.830073,3.6327493,4.0619416,4.121077,2.7423658,2.433103,2.5567734,2.3901234,2.3960066,2.3960066,2.8791955,3.219846,2.0354538,2.0110621,2.0825992,2.0825992,2.5083146,2.2694654,2.133897,2.1761544,3.7614243,3.6945646,3.3964548,3.4065597,2.9867187,3.0173764,3.1332822,3.3325517,2.955019,2.3250372,2.420948,2.6040523,3.5194423,3.5915222,2.9561796,3.4511638,4.917363,5.5223923,3.740967,3.711788,3.6270602,3.8267794,3.8014188,3.8196075,4.5125194,4.774535,4.2795854,4.3447437,3.8980212,3.8774657,4.306613,4.635587,4.3270755,4.2317185,4.6398606,4.1891313,3.8651695,3.882477,3.764679,3.9183633,4.2512875,4.1214705,4.150856,4.495521,3.9710355,4.2593594,4.3524623,4.3524623,4.5548854,3.7950962,5.065702,4.7419333,4.474329,4.476904,4.4535737,4.751829,4.834139,5.58036,5.307115,5.479382,5.202101,5.3479133,5.1423354,5.238616,4.6474857,4.817653,4.779651,4.779651,5.1980443,5.2594905,5.1359825,5.0252037,5.254757,5.258943,4.9540977,5.865499,4.563366,4.579266,5.2739573,4.639733
5,2.0669792,2.7805178,2.3638422,1.4996265,0.1222853,0.0,0.7132532,0.6927133,2.6941595,2.7026024,1.7245171,2.1969109,3.9144113,4.4685526,3.443616,3.3528955,2.9061093,3.2296348,2.8412135,2.7055535,4.112593,4.067267,4.174418,4.1642427,3.2352476,3.1512585,3.5089033,3.3817296,3.8385768,3.6420527,4.082876,4.137693,2.749389,2.4616377,2.5445108,2.3829825,2.3812652,2.3812652,2.9296038,3.270399,2.0518405,2.0262933,2.095244,2.095244,2.5176353,2.2703657,2.1428025,2.1841211,3.734991,3.66608,3.3737555,3.3841069,2.9828022,3.0143082,3.1242383,3.3368552,2.956621,2.3600705,2.4280827,2.6139312,3.5352716,3.6072989,2.961942,3.4470088,4.9505925,5.548738,3.7744317,3.74329,3.650435,3.850906,3.8326783,3.838967,4.518321,4.7814665,4.333055,4.39611,3.9414966,3.9198933,4.333062,4.6383843,4.3612976,4.2604957,4.6415133,4.2175117,3.8929262,3.9098482,3.7890036,3.9426804,4.2871156,4.155216,4.1751623,4.5286627,3.9802864,4.2681394,4.373699,4.373699,4.587038,3.8051121,5.0922627,4.7744465,4.515431,4.5185776,4.477364,4.786861,4.8582244,5.611325,5.326731,5.486013,5.218489,5.363973,5.170173,5.2677073,4.690583,4.859125,4.8177032,4.8177032,5.2418175,5.3052955,5.1806173,5.078898,5.2956862,5.2997847,4.987959,5.9098654,4.601364,4.618255,5.315166,4.680177
6,2.54561,2.9370584,2.5228179,1.6785257,0.678893,0.7132532,0.0,0.055712897,2.5045621,2.516874,1.9181292,1.8994879,4.0682597,4.607259,3.3505838,3.2538965,2.8159907,3.0654738,2.674009,2.5333676,3.9886749,3.9445589,4.012419,4.0120296,3.6253576,3.53606,3.8581724,3.719133,4.221089,4.0524735,4.434029,4.494005,2.8717794,2.668268,2.6715736,2.5581653,2.536841,2.536841,2.7476404,3.111897,2.2118425,2.180149,2.2583141,2.2583141,2.6234062,2.355743,2.252357,2.2886481,3.936799,3.8757973,3.649468,3.659785,3.3126006,3.345789,3.4245598,3.66344,3.0900571,2.5772245,2.6414826,2.8261616,3.8681278,3.9300432,3.2766163,3.762379,5.0101137,5.60387,3.8926752,3.8767872,3.835441,4.031467,4.0098696,4.0191803,4.5935116,4.8384194,4.316339,4.4334846,3.8533726,3.8350735,4.3030777,4.8144464,4.5235176,4.4260488,4.7745914,4.384154,4.0777917,4.0955253,3.9846315,4.138952,4.436464,4.3031874,4.3236547,4.679501,4.144047,4.4127846,4.4931884,4.4931884,4.8006573,3.9374108,5.2897434,4.9830394,4.719822,4.7220054,4.6928596,4.9901357,5.0436926,5.7549853,5.536162,5.662773,5.4359746,5.5892715,5.3402605,5.43451,4.8562193,5.0191493,4.9862084,4.9862084,5.3817415,5.4303555,5.005244,4.907722,5.457505,5.459951,5.1415734,6.062837,4.776978,4.7923274,5.4427485,4.8440843
7,2.5384643,2.947262,2.5333476,1.679524,0.6575881,0.6927133,0.055712897,0.0,2.5131123,2.5257635,1.9117978,1.9127141,4.079835,4.619932,3.36846,3.2678897,2.8380787,3.0814414,2.694869,2.551929,4.0121846,3.9687319,4.034808,4.0346775,3.6191247,3.528977,3.8462062,3.708629,4.2091084,4.042746,4.4301763,4.4910994,2.8781674,2.6659827,2.6703556,2.5600185,2.5377848,2.5377848,2.7766886,3.1384623,2.2139554,2.1807,2.2589817,2.2589817,2.62852,2.3582358,2.253716,2.289384,3.9373076,3.876383,3.6478975,3.6579819,3.3164198,3.3498259,3.42945,3.6674159,3.0875368,2.583117,2.637487,2.8191948,3.8469217,3.9081128,3.269843,3.7566514,5.025495,5.6088095,3.9046853,3.8904085,3.8429694,4.0382442,4.016378,4.025648,4.6137853,4.859678,4.330715,4.445478,3.8786979,3.859836,4.314743,4.8241754,4.5344734,4.432678,4.7816687,4.391334,4.0850034,4.1036525,3.993547,4.1474113,4.4409547,4.310329,4.329031,4.686401,4.154557,4.426453,4.495575,4.495575,4.8172636,3.951436,5.304213,4.996062,4.7295227,4.732281,4.702617,5.0029206,5.05438,5.763385,5.5439262,5.668417,5.4412827,5.592718,5.3486032,5.443075,4.8655376,5.0285044,4.9949446,4.9949446,5.392747,5.4415665,5.021032,4.926616,5.465721,5.4686384,5.1502876,6.0729456,4.7857037,4.8017354,5.4547772,4.853429
8,3.3418727,2.9259756,3.206519,2.6065843,2.666777,2.6941595,2.5045621,2.5131123,0.0,0.060825318,2.2157238,2.0127172,4.1118946,3.9462163,3.8385346,3.8646965,3.485545,2.706819,3.0291433,2.8724253,3.8347216,3.7684712,3.9127164,3.9325335,3.7951753,3.6613758,3.9285846,3.8300765,4.347776,4.2220397,4.5725846,4.6662316,3.3839207,3.2168515,3.1071413,2.99978,3.1842735,3.1842735,2.635927,3.6928108,2.5248868,2.5460062,2.5809228,2.5809228,3.2652767,2.77329,2.7197025,2.7246456,4.320116,4.197081,3.7897594,3.7994227,3.8368247,3.8663247,3.9470608,4.140277,3.536827,3.4069304,3.2017605,3.3278375,4.36727,4.459372,3.4548037,3.0266438,4.372849,5.1958566,3.952798,3.89966,4.021094,4.1895766,4.1416907,4.1387033,4.419768,4.5333986,4.1651735,4.276138,3.5438828,3.6564534,4.192713,4.5275116,4.9553766,4.8883576,4.208239,4.8672442,4.6856017,4.7127314,4.447431,4.6390243,4.818957,4.7060323,4.665655,5.0943313,4.581367,4.747468,4.7543154,4.7543154,4.7354326,3.4811482,5.261985,4.935222,4.5096264,4.4930563,4.6480207,4.722641,4.8698087,6.104244,5.1250067,4.948504,5.8323402,5.92312,5.118588,5.163602,4.607636,4.618214,4.624431,4.624431,4.8502045,4.874901,5.015564,4.941826,5.0673513,5.0718327,4.938919,5.630644,4.560523,4.578133,4.7782545,4.5637517
9,3.332545,2.8998017,3.1944933,2.5900736,2.6744573,2.7026024,2.516874,2.5257635,0.060825318,0.0,2.21264,2.0167468,4.099186,3.9325275,3.8381283,3.8677807,3.4702973,2.6954305,3.0156436,2.8702934,3.8016024,3.735241,3.8820467,3.9034579,3.774766,3.63798,3.9226482,3.8227177,4.339613,4.2120805,4.5566664,4.6488776,3.378541,3.2167094,3.110591,2.99833,3.1845713,3.1845713,2.6051207,3.6704497,2.5199957,2.5424738,2.5702293,2.5702293,3.267793,2.7751193,2.7169967,2.723021,4.3184066,4.1958885,3.7788172,3.7885597,3.8334982,3.8622391,3.9406338,4.122646,3.5308833,3.4060593,3.2072172,3.3319302,4.3711824,4.464074,3.4313827,3.0050297,4.3448796,5.174621,3.9369948,3.881755,4.008145,4.1735096,4.126553,4.1254997,4.3903265,4.4999375,4.138167,4.2496786,3.5154667,3.6291971,4.178532,4.511166,4.938192,4.873713,4.2052135,4.8519692,4.669694,4.696328,4.4285164,4.621603,4.803514,4.6890507,4.6508093,5.077603,4.571699,4.7340527,4.74761,4.74761,4.7013574,3.459116,5.2211056,4.900989,4.4712114,4.454382,4.6158295,4.6853395,4.83476,6.0802975,5.094667,4.917705,5.8080025,5.8987584,5.088348,5.133056,4.573482,4.5834255,4.5888443,4.5888443,4.8131833,4.838059,4.9968023,4.919779,5.0319204,5.036482,4.907338,5.590208,4.525848,4.543217,4.741547,4.5303607
10,1.8049889,2.08837,2.3160815,1.7007211,1.692001,1.7245171,1.9181292,1.9117978,2.2157238,2.21264,0.0,1.6354733,2.9012988,3.4633274,2.8836422,2.7973335,2.6377728,2.4297369,2.8818464,2.4154828,3.304484,3.2447596,3.4990828,3.4731452,2.5148706,2.4138353,2.377083,2.25386,3.1192605,2.9481866,3.5545006,3.6575694,2.561128,1.9550234,2.2878053,2.118663,2.2935872,2.2935872,2.216086,2.9045422,1.4753388,1.4869262,1.7733837,1.7733837,2.2837698,2.01625,1.9896917,2.0051768,3.8350372,3.768196,3.3844852,3.3947933,2.8236353,2.8363385,3.1216617,3.2977834,3.0664802,2.383657,2.1265395,2.2730842,3.617768,3.710134,2.298014,2.744369,3.8249068,4.4852433,2.8988707,2.8707042,3.0473897,3.2396142,3.1932764,3.2505524,3.577614,3.866694,3.6478455,3.6561139,3.1837373,3.2675114,3.768949,3.6323314,3.4129806,3.2700922,3.767452,3.2639742,3.062184,3.1012516,2.9642544,3.0658312,3.3583543,3.2438498,3.2987845,3.6995943,3.062115,3.2622762,3.386761,3.386761,3.88522,2.9581475,4.4907255,3.9829302,3.7650392,3.7656841,3.7228587,3.9517207,4.063533,4.80695,4.532667,4.7906833,4.9998555,5.108986,4.407506,4.47752,3.8944976,4.046643,4.0697646,4.0697646,4.3690414,4.424213,5.0772777,4.986735,4.529508,4.5342956,4.241463,5.0450892,3.926324,3.943892,4.308662,3.982914
11,2.8673148,2.3964748,2.914508,2.1436362,2.1426916,2.1969109,1.8994879,1.9127141,2.0127172,2.0167468,1.6354733,0.0,3.6450791,4.242487,2.873403,2.8182487,2.6198716,2.1423326,2.3064132,1.8283952,2.9920795,2.9394212,2.9750397,2.9802103,3.7576947,3.6786246,3.53687,3.6060627,4.238726,4.0942464,4.505835,4.6100545,2.9312696,2.876641,2.663557,2.7712426,2.6806445,2.6806445,1.9234805,2.4843118,2.3788235,2.4083004,2.5746644,2.5746644,2.6176076,2.4367688,2.3026407,2.3233428,4.269998,4.231683,4.0430274,4.0533876,3.5432718,3.5799434,3.8053403,4.024554,3.4197924,3.0173779,2.7723498,2.9840958,4.03205,4.1122813,2.9969313,3.6447175,4.01839,4.781931,3.4710557,3.466967,3.5181005,3.7366996,3.6699486,3.7271144,4.131564,4.3453264,3.6988757,3.8166187,3.0484593,3.1866326,3.8436582,4.3630614,4.002485,3.9002056,4.4776382,3.8858597,3.6486645,3.673921,3.6068542,3.69667,3.8768044,3.7562387,3.840029,4.3046756,3.6846104,3.9002175,3.8650002,3.8650002,4.4845233,3.4906354,4.9843554,4.551892,4.2824464,4.2727294,4.3453627,4.537857,4.6129656,5.1617255,5.1621547,5.3913407,5.68051,5.8320794,4.980658,5.034258,4.354431,4.5280504,4.574907,4.574907,4.7681165,4.7797055,4.9199266,4.837243,5.01976,5.017457,4.6813,5.3828034,4.450312,4.4442234,4.66228,4.463569
12,3.0319393,3.0366383,3.0872226,3.569233,3.884368,3.9144113,4.0682597,4.079835,4.1118946,4.099186,2.9012988,3.6450791,0.0,1.7029563,2.8101652,2.778134,3.6258,3.724116,4.3995132,3.9186525,3.5667663,3.4869268,3.80405,3.6553035,3.7382123,3.8074164,3.803941,3.3572447,3.640719,3.511959,3.8603742,3.9512327,4.513855,3.5312476,4.3272176,3.872949,4.286121,4.286121,3.2036998,3.6388755,3.3836415,3.4077458,3.712322,3.712322,4.0427513,3.9286637,4.171113,4.1752186,4.998206,4.949074,4.8005056,4.8088603,3.9571583,3.93234,4.276592,4.510469,4.5157757,3.5777988,3.51714,3.48771,5.1507006,5.2169333,3.898807,4.1627736,3.0378125,3.9343405,1.8188236,1.8938136,2.5404842,2.8247898,2.5438142,2.7587252,3.3077126,3.5856647,3.1355572,3.0544608,2.9937725,2.9752376,3.308477,3.2085798,2.102991,1.9718574,3.0837207,1.988074,1.9285127,1.9479432,1.9338741,1.8511523,2.1130934,2.0049903,2.1472974,1.901603,1.7516607,1.9426317,2.1800253,2.1800253,3.3481262,2.361652,4.074745,3.3558223,3.254683,3.2694883,3.297664,3.4468281,3.6530552,3.81659,3.9865334,4.490848,4.475849,4.590762,3.8834078,3.9511838,3.3490047,3.4635375,3.5413473,3.5413473,3.700796,3.7803776,4.7798753,4.6468043,3.7760458,3.762987,3.60406,4.128818,3.428655,3.4392009,3.6101458,3.3924508
13,3.7119458,3.6408937,3.5188456,4.1135654,4.443783,4.4685526,4.607259,4.619932,3.9462163,3.9325275,3.4633274,4.242487,1.7029563,0.0,3.7280538,3.7453582,4.1357613,4.169816,4.8821354,4.498242,4.308449,4.216876,4.595779,4.469923,4.074893,4.1240735,4.364855,3.8137581,3.9273608,3.8137097,4.1428294,4.2009892,4.945894,4.0049458,4.773327,4.287279,4.7721415,4.7721415,3.7403555,4.5417013,3.7555015,3.7937603,4.0408397,4.0408397,4.463451,4.321335,4.5990934,4.5966926,5.506768,5.4026327,5.1109037,5.1192446,4.3967237,4.378626,4.6052017,4.815058,4.9186707,4.1267104,4.053845,4.061137,5.5758433,5.648999,4.4303613,3.8876286,3.2754781,4.3133364,2.3143117,2.3494065,3.047433,3.2458172,2.9719224,3.137416,3.61392,3.8015652,3.405485,3.3229537,3.3398507,3.3042326,3.5931263,3.2889097,3.4157977,3.3223035,2.6281185,3.3355806,3.385272,3.407725,3.1210697,3.214114,3.3713553,3.2749283,3.3518577,3.215873,3.143953,3.2173216,3.3482592,3.3482592,3.5316603,2.586513,4.3200607,3.6592326,3.4925644,3.4976406,3.56857,3.552009,3.8618143,4.7641783,3.8085911,4.267731,4.552782,4.5989847,3.8861547,3.9325626,3.5367959,3.4405162,3.4934044,3.4934044,3.6363678,3.7141824,4.6826477,4.5709004,3.7273285,3.7113044,3.7712545,4.2430086,3.4789705,3.5079803,3.6058292,3.3985455
14,3.5305107,3.4207366,4.0817604,3.6303403,3.3838878,3.443616,3.3505838,3.36846,3.8385346,3.8381283,2.8836422,2.873403,2.8101652,3.7280538,0.0,0.60518503,3.1248138,3.0999758,3.887784,3.3892276,3.2511415,3.2473228,3.5509644,3.2846425,4.297068,4.484646,4.0073795,3.7345645,4.59439,4.375364,4.8517585,4.985424,3.9881911,2.8715482,4.179429,3.7810993,4.1238074,4.1238074,3.0461595,3.0266702,3.0963202,3.090531,3.4957151,3.4957151,3.8943815,3.766851,3.8596048,3.9016292,4.9832854,4.9467826,4.9789577,4.989827,3.9187803,3.916496,4.4220185,4.6601686,4.343277,3.1791773,3.1351442,3.164705,5.1656585,5.2337656,4.548987,5.087894,4.4632306,5.1877546,3.6024354,3.6392193,4.110507,4.3867416,4.1865892,4.3491936,4.6183133,4.899235,4.1275754,4.235704,3.6319666,3.7538884,4.727707,4.878035,3.6814709,3.595345,4.949057,3.5727959,3.2701237,3.2829018,3.5056117,3.3564775,3.648129,3.5683498,3.831979,3.6995256,3.4867964,3.6210892,3.65001,3.65001,4.320925,3.8569674,5.1668797,4.4858885,4.4389706,4.4333706,4.328848,4.5860405,5.1024685,4.9670925,5.5513363,5.8871074,5.915841,6.072099,5.285006,5.3781266,4.6352,4.8604684,4.9747314,4.9747314,5.106334,5.1429768,5.356463,5.2132163,5.285525,5.2834096,5.043748,5.5948086,4.759287,4.7578697,4.9264417,4.7674737
15,3.5334015,3.560373,4.0469856,3.5890865,3.2896123,3.3528955,3.2538965,3.2678897,3.8646965,3.8677807,2.7973335,2.8182487,2.778134,3.7453582,0.60518503,0.0,3.107292,3.2175128,3.9351113,3.352593,3.426043,3.410061,3.6169536,3.4366064,4.3728056,4.464344,3.9380233,3.6746678,4.6505475,4.444264,4.9466467,5.084923,4.144434,2.9182973,4.2678185,3.8777862,4.2226486,4.2226486,3.1522942,3.2482975,3.1682878,3.1583586,3.5910847,3.5910847,3.9598105,3.881506,3.9548588,3.98794,5.0939455,5.059802,5.039757,5.049776,3.9958344,3.9969566,4.4896154,4.702633,4.512856,3.2783196,3.2592413,3.2940793,5.1962967,5.2611523,4.5552764,5.0961018,4.5898423,5.268412,3.5767162,3.641915,4.1149473,4.413194,4.199061,4.3665476,4.68088,4.9840865,4.251796,4.346306,3.8285797,3.9191277,4.6977386,4.941681,3.653079,3.5487971,4.888239,3.5394504,3.262359,3.2837362,3.5340152,3.3741705,3.6138215,3.5369253,3.8092282,3.6606765,3.4031913,3.559674,3.5706024,3.5706024,4.543622,4.030902,5.393072,4.6779957,4.622649,4.620782,4.5254045,4.7945366,5.182251,5.03642,5.6839886,6.0801954,5.958222,6.111848,5.4138474,5.508187,4.7832594,5.0051584,5.1120954,5.1120954,5.267841,5.302967,5.420051,5.2762003,5.403775,5.4016633,5.1546383,5.7376037,4.8991303,4.9004955,5.116263,4.8974743
16,3.1803055,2.8264894,3.0463836,2.6599932,2.8351007,2.9061093,2.8159907,2.8380787,3.485545,3.4702973,2.6377728,2.6198716,3.6258,4.1357613,3.1248138,3.107292,0.0,2.613032,2.5815465,2.6952062,2.5433073,2.5118852,2.8590178,2.8129103,3.4199674,3.4188244,4.059791,3.762781,4.170276,3.9884393,4.0888724,4.0684495,3.0103781,3.0202608,3.3606577,3.1624749,3.2775831,3.2775831,2.1897764,2.5078905,2.7749524,2.8266997,2.8020608,2.8020608,2.459873,2.9238129,2.8330522,2.865508,5.0297737,5.0028744,4.761497,4.774233,3.6126769,3.6110759,3.7356045,3.918793,3.445274,2.7402463,3.0770032,3.3745527,4.3852015,4.469546,3.3040454,3.8395452,3.7589588,4.5186505,3.2273602,3.2525315,3.5149968,3.5888343,3.4496512,3.674656,3.8155968,3.991395,3.4662592,3.576067,2.786108,2.8828573,4.1038766,4.252405,3.8397644,3.858408,4.4097,3.8255687,3.6937914,3.711465,3.4706736,3.7160616,4.03142,3.8292048,4.282591,4.255526,4.066946,4.1957126,4.619099,4.619099,4.005099,3.9706423,4.3497477,4.1384654,4.021373,4.0136023,4.179995,4.1496587,4.4201097,5.2412715,4.96141,5.949403,5.2705793,5.4183693,4.6439147,4.6957135,4.154693,4.29783,4.355569,4.355569,4.472647,4.4918275,5.013158,4.748501,4.773167,4.756399,4.603388,5.145082,4.209479,4.1942697,4.5504603,4.2472477
17,3.6282132,2.7881353,3.2918293,3.1151495,3.1936953,3.2296348,3.0654738,3.0814414,2.706819,2.6954305,2.4297369,2.1423326,3.724116,4.169816,3.0999758,3.2175128,2.613032,0.0,3.2365668,3.272932,2.4846206,2.4492495,2.7427895,2.6566458,3.5723233,3.510662,3.6602497,3.7213154,4.032031,4.010396,4.345957,4.3672986,2.902065,2.8642995,3.120825,2.9502041,3.2422493,3.2422493,2.1582654,2.807603,2.382075,2.4127767,2.4231765,2.4231765,2.751199,2.5625432,2.5103557,2.5101144,4.379317,4.342201,4.1258254,4.13819,3.589968,3.5855348,3.8929303,4.0864396,2.865875,3.143407,2.4439325,2.6328468,4.36262,4.436806,3.498919,4.011118,3.5615091,4.370354,3.9067833,3.9279199,4.097112,4.1883845,4.0961614,4.230218,4.1084833,4.253092,3.9441679,4.0404935,3.0246298,3.3446996,4.472167,4.448418,4.188114,3.976423,4.5089493,3.9413059,3.7751837,3.8169956,3.5831716,3.7601514,4.032635,3.9246922,4.19943,4.306936,4.0038056,4.135725,4.3286495,4.3286495,4.5413723,3.7918794,4.7506247,4.505588,4.290274,4.2922196,4.3416643,4.4989347,4.6916437,5.4726667,5.225378,5.555809,6.2856116,6.3896875,5.05434,5.0954227,4.4032617,4.528709,4.6675777,4.6675777,4.632488,4.648122,5.6387124,5.5852647,5.1543145,5.1504154,4.9019465,5.539635,4.541637,4.5525928,4.4004526,4.6006627
18,3.2203133,2.818756,3.2231197,2.677097,2.780458,2.8412135,2.674009,2.694869,3.0291433,3.0156436,2.8818464,2.3064132,4.3995132,4.8821354,3.887784,3.9351113,2.5815465,3.2365668,0.0,1.4531031,3.0945542,3.0907824,2.961369,3.002453,4.145689,4.1473866,4.549645,4.4475193,4.82135,4.6606126,4.592695,4.6904244,3.2510738,3.6115937,3.4388433,3.654105,3.3522878,3.3522878,2.7454054,2.851336,3.3526366,3.386434,3.3055468,3.3055468,2.9990914,3.0405824,2.538952,2.6038125,4.7919,4.7678576,4.6299043,4.641427,4.1059256,4.138055,4.353877,4.505049,3.5537543,2.9987946,3.485672,3.6949534,4.1263666,4.224214,3.0220344,3.7546492,4.3872695,5.0919266,3.9128275,3.852037,3.852325,4.050751,3.7954884,4.1223526,4.2138176,4.3920865,3.8082058,3.8771925,2.9216704,2.9777231,4.4763865,5.0646467,4.445001,4.475554,5.0496407,4.405915,4.169794,4.159145,4.0097394,4.224424,4.404869,4.2532654,4.5673194,5.001634,4.4679217,4.663471,4.936989,4.936989,4.4388824,3.822084,4.81933,4.637182,4.287097,4.253389,4.612462,4.5079026,4.9613986,5.5910707,5.372659,5.7369027,5.7086825,5.88495,5.2635884,5.2751718,4.382885,4.5158653,4.5401964,4.5401964,4.704067,4.700614,5.071907,4.7860155,5.1845846,5.1705904,4.907288,5.310064,4.4391327,4.404217,4.781377,4.3897634
19,3.0298672,2.8471127,3.283353,2.760242,2.643607,2.7055535,2.5333676,2.551929,2.8724253,2.8702934,2.4154828,1.8283952,3.9186525,4.498242,3.3892276,3.352593,2.6952062,3.272932,1.4531031,0.0,3.2441964,3.199452,3.1441467,3.1687496,4.121235,4.1375427,4.15167,3.9973116,4.725701,4.5502725,4.618458,4.7773414,3.3948886,3.3738148,3.0385487,3.250205,2.9820786,2.9820786,2.5288205,2.7778814,3.0880034,3.13078,3.2613525,3.2613525,2.8720942,2.9198256,2.7433298,2.7871177,4.806066,4.7832017,4.6189084,4.629614,3.9219282,3.9542599,4.141073,4.276265,3.9289122,2.904045,3.4003181,3.5900316,4.348437,4.4412565,3.1998425,3.872214,4.3206196,5.0130754,3.542157,3.501519,3.4885852,3.7734904,3.6110327,3.7649386,4.0106077,4.2898617,3.6395595,3.7097619,3.0817842,3.139828,4.0100474,4.5926003,3.944533,4.1042123,4.8268976,4.0923133,3.8929229,3.8910244,3.869032,3.9750626,4.1185923,3.995193,4.1218557,4.6023784,3.8531814,4.048919,4.3470016,4.3470016,4.212866,3.6098225,4.899391,4.4389725,4.2434816,4.2058024,4.442207,4.3660192,4.602741,4.9915376,5.016409,5.408919,5.384418,5.5606155,4.885437,4.9010105,4.207222,4.384295,4.4341984,4.4341984,4.63163,4.6281133,4.9690003,4.6726823,4.910269,4.8996015,4.5700316,5.2304707,4.328625,4.2946887,4.621518,4.252827
20,3.8112729,2.5985806,3.7766008,3.4106038,4.0456157,4.112593,3.9886749,4.0121846,3.8347216,3.8016024,3.304484,2.9920795,3.5667663,4.308449,3.2511415,3.426043,2.5433073,2.4846206,3.0945542,3.2441964,0.0,0.18371302,1.1580564,0.9303086,3.8154569,3.8645835,4.332654,4.189619,4.556498,4.4380226,4.2555213,4.308971,3.7964046,3.8250625,4.0193996,3.7673104,4.0173235,4.0173235,1.9598773,2.027506,3.4594507,3.5045319,3.4328384,3.4328384,3.6978805,3.6288161,3.5741458,3.5867445,4.8396993,4.8552427,4.7735863,4.784028,4.195964,4.1635895,4.38584,4.585498,3.7419832,3.4769454,3.6751883,3.7222152,5.0264287,5.115466,3.5767553,4.50311,2.8911564,3.8935187,3.4980686,3.4638727,3.7529967,3.820568,3.71004,3.940307,3.6930795,3.6785054,3.4330883,3.5541563,2.367641,2.6830406,4.082322,4.3564253,3.4012778,3.5837145,4.7204123,3.5423536,3.383778,3.384162,3.2556772,3.427999,3.6457977,3.4858823,3.8097098,3.7437837,3.796946,3.8532329,4.332614,4.332614,4.085856,3.515715,4.17251,4.0992017,3.7640913,3.7442536,4.252119,4.056054,4.355812,4.8101964,5.0172434,5.4889383,5.8666553,6.024875,4.7331147,4.741134,3.9637532,4.1619544,4.290944,4.290944,4.138249,4.1402454,5.4912453,5.195884,4.550163,4.5399003,4.4815707,4.5983877,4.2199135,4.1806855,3.9787433,4.239023
21,3.769706,2.5519753,3.691198,3.3593373,4.0017457,4.067267,3.9445589,3.9687319,3.7684712,3.735241,3.2447596,2.9394212,3.4869268,4.216876,3.2473228,3.410061,2.5118852,2.4492495,3.0907824,3.199452,0.18371302,0.0,1.1253245,0.94771135,3.7889602,3.8150365,4.3004646,4.156483,4.52495,4.406317,4.2231627,4.274679,3.7978625,3.8140385,3.965546,3.700919,3.964537,3.964537,1.8576428,2.0198724,3.4126792,3.462006,3.3944483,3.3944483,3.6573927,3.5907545,3.5592575,3.5689015,4.8052115,4.8186274,4.71446,4.7250147,4.144249,4.1116533,4.313228,4.504797,3.737698,3.4581563,3.6575515,3.710082,5.0227323,5.112323,3.5462306,4.44735,2.8074932,3.8627496,3.4135897,3.3797243,3.6578515,3.7310774,3.633219,3.842588,3.6159215,3.601732,3.3700821,3.4912095,2.3262181,2.6401582,3.96016,4.255696,3.3294582,3.532676,4.626766,3.4965496,3.3428888,3.3435628,3.2047956,3.3826127,3.60429,3.4390106,3.7391675,3.6727476,3.7052507,3.763421,4.268609,4.268609,4.0311966,3.4467201,4.128089,4.045616,3.7137978,3.6934109,4.206557,4.0066843,4.250771,4.7470956,4.927074,5.4087944,5.7901444,5.9490085,4.648165,4.655749,3.8994217,4.09529,4.2241874,4.2241874,4.073477,4.0767636,5.4372406,5.1383677,4.466005,4.4549966,4.397113,4.548073,4.1554174,4.115943,3.911284,4.171716
22,4.0135703,2.8496387,3.9163163,3.5318232,4.1076303,4.174418,4.012419,4.034808,3.9127164,3.8820467,3.4990828,2.9750397,3.80405,4.595779,3.5509644,3.6169536,2.8590178,2.7427895,2.961369,3.1441467,1.1580564,1.1253245,0.0,0.70492715,4.4514017,4.3253007,4.7674913,4.724911,5.1544647,5.057466,4.8758965,4.9406605,4.397633,4.2552266,4.4359393,4.228248,4.432342,4.432342,2.358158,2.558617,3.8958087,3.9443092,3.878269,3.878269,4.124125,4.0699615,3.929285,3.9395444,5.0768895,5.0998554,4.966895,4.9768014,4.5316896,4.5186925,4.7332134,4.8254776,4.0678344,3.85223,4.0212483,4.0660872,5.28693,5.3749914,3.7515068,4.750549,3.2293084,4.2291875,3.7941926,3.815161,3.9609334,4.1390886,3.9300358,4.181123,3.9608657,3.9584727,3.6864548,3.7969675,2.7477658,3.0012357,4.196514,4.9480095,3.7132,3.8516583,5.0350304,3.808869,3.578145,3.5791597,3.5213206,3.6791303,3.823497,3.6614976,4.023721,3.946096,3.8886425,4.008901,4.48743,4.48743,4.5306664,3.863521,4.560581,4.485205,4.068707,4.0498204,4.6304207,4.473678,4.5831213,4.9675364,5.326332,5.7788644,6.1607347,6.326869,5.1221905,5.12938,4.2307396,4.427085,4.543943,4.543943,4.4013968,4.3920307,5.622108,5.3301444,4.8111954,4.8002057,4.69961,4.7792916,4.4676523,4.4262466,4.2517567,4.4341874
23,3.8671844,2.6230292,3.9366114,3.5404181,4.0989375,4.1642427,4.0120296,4.0346775,3.9325335,3.9034579,3.4731452,2.9802103,3.6553035,4.469923,3.2846425,3.4366064,2.8129103,2.6566458,3.002453,3.1687496,0.9303086,0.94771135,0.70492715,0.0,4.321446,4.3623323,4.750448,4.656221,4.9923573,4.8901997,4.735452,4.800791,4.219552,4.083611,4.2663083,4.0508895,4.259747,4.259747,2.3057249,2.222132,3.7446952,3.7917223,3.734444,3.734444,3.9493523,3.875208,3.8188875,3.832018,4.9302034,4.954099,4.952858,4.962843,4.362031,4.3492723,4.58834,4.8020563,3.8283725,3.6531935,3.7636263,3.797791,5.1967626,5.281511,3.7456024,4.751646,3.0116591,4.0672636,3.6259408,3.652059,3.8079324,3.9773252,3.764819,4.0099955,3.8866148,3.8811228,3.4664836,3.5936038,2.4490569,2.7362976,4.136529,4.7869816,3.6051931,3.7176204,4.967203,3.6713932,3.4170687,3.419008,3.3598223,3.5177135,3.6877441,3.5327752,3.8993583,3.806002,3.8151677,3.9404569,4.3479123,4.3479123,4.318186,3.6115742,4.364226,4.2806935,3.8917494,3.8744116,4.411558,4.274462,4.5434017,4.8018155,5.1659474,5.61515,6.0242662,6.1899195,4.94441,4.9545107,4.074269,4.282784,4.402545,4.402545,4.255951,4.2480803,5.4858265,5.2242155,4.6730103,4.662954,4.558642,4.6330376,4.3229046,4.2811527,4.090237,4.29497
24,2.3946478,2.7378428,3.018393,2.759168,3.2277284,3.2352476,3.6253576,3.6191247,3.7951753,3.774766,2.5148706,3.7576947,3.7382123,4.074893,4.297068,4.3728056,3.4199674,3.5723233,4.145689,4.121235,3.8154569,3.7889602,4.4514017,4.321446,0.0,1.0878851,2.2411165,1.8334507,2.1019075,1.9057639,2.258538,2.2503753,2.4262903,2.4887602,2.726262,2.3719652,2.748247,2.748247,3.280888,3.6195855,2.1366737,2.1399248,1.9869485,1.9869485,2.728762,2.4791625,2.5710242,2.546596,3.5805693,3.5237224,3.172907,3.1803584,2.720115,2.6524446,2.8055992,3.2307248,2.9510872,2.6305614,2.7218635,2.741873,3.6501577,3.748156,2.4095647,2.709913,3.928631,4.6527433,3.4355853,3.2873049,3.5479357,3.4289103,3.5854256,3.6484137,3.7640336,3.8921435,4.370648,4.294462,3.8142552,3.913876,4.557517,3.2927337,3.6709218,3.6876113,3.8281455,3.6685848,3.635596,3.6653078,3.2988539,3.5513132,3.9225872,3.8102224,3.8312345,4.068738,3.9056594,3.963976,4.3531733,4.3531733,3.9907753,3.3395855,4.313487,4.131304,3.9532104,3.9541335,4.032971,4.017396,4.3309927,5.3601427,4.611575,4.8772917,5.053698,5.118593,4.4614873,4.4952097,4.1859264,4.295108,4.298744,4.298744,4.523984,4.6103606,6.106401,5.9457383,4.6621037,4.670309,4.618295,5.2155323,4.228998,4.2420297,4.5711217,4.3801103
25,2.6245344,2.958708,2.8666492,2.6271417,3.144488,3.1512585,3.53606,3.528977,3.6613758,3.63798,2.4138353,3.6786246,3.8074164,4.1240735,4.484646,4.464344,3.4188244,3.510662,4.1473866,4.1375427,3.8645835,3.8150365,4.3253007,4.3623323,1.0878851,0.0,2.1220214,1.9197166,2.5219736,2.3693304,2.6923738,2.6675375,2.8128643,2.7314794,3.0811088,2.7156851,3.1059513,3.1059513,3.2486994,3.906654,2.3344984,2.3423445,2.1923907,2.1923907,3.0586224,2.85114,2.7616665,2.7350664,3.811841,3.751259,3.090084,3.0982091,3.0072176,2.9464297,3.0626202,3.176183,3.3178458,3.0123577,3.093823,3.1344128,3.8683577,3.9710095,2.3613453,2.5984237,4.103933,4.797603,3.621444,3.4882336,3.7680707,3.6872852,3.8189144,3.894707,3.7738829,3.9039996,4.5939465,4.5157623,4.0611734,4.152081,4.6084743,3.5685024,3.7934563,3.7956812,3.8570578,3.778127,3.7539241,3.7851508,3.429474,3.6712809,4.0268965,3.8948064,3.9432156,4.1568127,3.9091537,3.9513476,4.446145,4.446145,4.267824,3.6647725,4.5303984,4.3630505,4.1369,4.1396904,4.2620263,4.2606416,4.3105173,5.537174,4.8165073,5.0925283,5.2619853,5.3253407,4.6968093,4.735217,4.3647375,4.457316,4.4582553,4.4582553,4.683248,4.769019,6.232958,6.056801,4.821623,4.828838,4.772484,5.3654065,4.382755,4.4006357,4.7264338,4.5297904
26,3.001145,3.4927547,3.7468338,3.3817835,3.4984796,3.5089033,3.8581724,3.8462062,3.9285846,3.9226482,2.377083,3.53687,3.803941,4.364855,4.0073795,3.9380233,4.059791,3.6602497,4.549645,4.15167,4.332654,4.3004646,4.7674913,4.750448,2.2411165,2.1220214,0.0,1.1651274,2.7548158,2.583615,3.462605,3.591196,2.9561062,2.401689,3.2962797,3.188455,3.4194317,3.4194317,3.8005106,4.255775,2.5600772,2.5634584,2.8175921,2.8175921,3.3752367,3.1773994,3.030886,3.0008461,3.9835303,3.9383664,3.492723,3.4990265,3.0422535,3.0115328,3.5522861,3.7221003,4.080432,3.3585906,3.0750887,3.1147425,3.96819,4.065492,3.0208435,3.4498272,4.576949,5.3826118,3.9623573,3.8537304,4.248527,4.2868857,4.3391094,4.467659,4.4367723,4.7091084,5.127997,5.0076914,4.6001415,4.7514367,5.254868,4.0586877,3.777124,3.6227193,4.336674,3.638815,3.6403975,3.6846666,3.6035087,3.5920334,3.8290029,3.7856302,3.8505087,4.239782,3.7217915,3.7348874,3.883688,3.883688,4.7418556,4.076335,5.37972,4.783511,4.7338033,4.7284994,4.634579,4.772206,5.0004873,5.5313478,5.4686093,5.642956,6.07806,6.1534925,5.3722577,5.401384,4.8770494,5.031254,5.1105423,5.1105423,5.2693367,5.330829,6.7766485,6.6829014,5.517059,5.524528,5.3117723,5.895456,5.035418,5.043939,5.1548033,5.1303096
27,2.7973623,3.431693,3.530295,3.2904484,3.3602133,3.3817296,3.719133,3.708629,3.8300765,3.8227177,2.25386,3.6060627,3.3572447,3.8137581,3.7345645,3.6746678,3.762781,3.7213154,4.4475193,3.9973116,4.189619,4.156483,4.724911,4.656221,1.8334507,1.9197166,1.1651274,0.0,2.5012972,2.3263633,3.0519106,3.2089982,2.9856024,2.1256447,3.2041924,2.9080567,3.2960434,3.2960434,3.6063309,4.092328,2.2852168,2.261317,2.5650187,2.5650187,3.2432234,3.0109859,3.0570557,3.0346248,4.1169796,4.0581203,3.6521254,3.6581683,3.0789855,3.0263515,3.459563,3.6854792,3.9537156,2.9289067,2.959628,2.9278338,4.1375275,4.226092,3.1434052,3.3424282,4.4340596,5.063787,3.5284905,3.4190438,3.9272573,3.9487567,4.0004625,4.121906,4.067919,4.36352,4.7455983,4.6446977,4.3180017,4.418693,4.893384,3.6401765,3.4575524,3.41877,3.9432619,3.443591,3.493931,3.5382218,3.4180484,3.4456515,3.6865969,3.6470428,3.6577086,3.9250064,3.525447,3.5260966,3.8072042,3.8072042,4.3256364,3.6989994,5.07737,4.466367,4.43394,4.4298797,4.3421726,4.4052544,4.7092648,5.297575,5.048815,5.25168,5.503679,5.562636,4.907127,4.943857,4.546259,4.6751337,4.7423882,4.7423882,4.9549084,5.0252585,6.3435316,6.191264,5.098408,5.1077566,4.964002,5.6384745,4.6559324,4.674454,4.898872,4.7469115
28,3.130776,3.4914236,3.093387,3.5642314,3.830073,3.8385768,4.221089,4.2091084,4.347776,4.339613,3.1192605,4.238726,3.640719,3.9273608,4.59439,4.6505475,4.170276,4.032031,4.82135,4.725701,4.556498,4.52495,5.1544647,4.9923573,2.1019075,2.5219736,2.7548158,2.5012972,0.0,0.5526105,1.4771713,1.4945468,3.0799866,3.2489688,3.262368,3.0756466,3.3214376,3.3214376,4.050769,4.2871094,2.9721515,2.975692,2.9716766,2.9716766,3.0877953,2.9005165,3.078944,3.0406377,4.122168,4.06947,3.8704345,3.8708286,3.2933195,3.2336607,3.4964654,3.9588842,3.3650246,3.2204807,2.9176302,2.9349988,2.8711824,2.906473,3.2849424,3.4702864,3.9848325,4.6161065,3.461676,3.3470113,3.257374,3.0546372,3.1900074,3.3318262,4.7726164,4.9651117,4.249045,4.063441,4.1441627,4.2138963,4.3804593,3.1577632,3.58391,3.4302034,3.5712662,3.4196782,3.4933054,3.5305476,3.1225193,3.3511174,3.501568,3.5368364,3.4292817,3.7572627,3.8883421,4.1496277,3.8449767,3.8449767,4.254864,3.4754102,4.5948067,4.238168,3.995761,4.01506,4.118435,4.206145,4.483509,5.2792773,4.5935974,4.8735375,5.0856256,5.127235,4.4408827,4.4603486,4.0739727,4.156218,4.2278905,4.2278905,4.38847,4.475098,5.9771624,5.905626,4.605566,4.607273,4.515121,5.2529845,4.1678605,4.186558,4.4503956,4.299306
29,2.8613522,3.2809684,3.0296838,3.3291454,3.6327493,3.6420527,4.0524735,4.042746,4.2220397,4.2120805,2.9481866,4.0942464,3.511959,3.8137097,4.375364,4.444264,3.9884393,4.010396,4.6606126,4.5502725,4.4380226,4.406317,5.057466,4.8901997,1.9057639,2.3693304,2.583615,2.3263633,0.5526105,0.0,1.4973532,1.514513,2.9151592,3.0802667,3.1732328,2.961315,3.1849818,3.1849818,3.8785384,4.1004715,2.83018,2.8431098,2.8581314,2.8581314,3.0085137,2.8543189,2.9921606,2.969515,4.056851,3.9954047,3.7724762,3.7745962,3.101455,3.0454614,3.3230324,3.7666245,3.4153323,3.083787,2.883049,2.9372358,2.8682225,2.9243655,3.1256685,3.2906172,3.9690378,4.6761436,3.3164933,3.1716278,3.1458724,2.9670806,3.1154628,3.238902,4.649877,4.842065,4.168957,3.9968479,4.036513,4.0986457,4.3317137,3.0809212,3.5112967,3.401743,3.580892,3.386771,3.4152725,3.4427094,3.0653946,3.2653995,3.4889808,3.488024,3.4014516,3.743306,3.8163264,4.0545626,3.802687,3.802687,4.0192623,3.3498206,4.4443903,4.062363,3.838557,3.8517628,3.9357603,4.025367,4.364848,5.1872473,4.5076156,4.8256564,4.9119706,4.9716015,4.3480372,4.379403,3.9833026,4.081977,4.1351047,4.1351047,4.333819,4.425862,5.8487606,5.757142,4.505788,4.5067625,4.4213614,5.1131415,4.063185,4.075396,4.400972,4.200905
30,3.338071,3.527328,3.189401,3.6745138,4.0619416,4.082876,4.434029,4.4301763,4.5725846,4.5566664,3.5545006,4.505835,3.8603742,4.1428294,4.8517585,4.9466467,4.0888724,4.345957,4.592695,4.618458,4.2555213,4.2231627,4.8758965,4.735452,2.258538,2.6923738,3.462605,3.0519106,1.4771713,1.4973532,0.0,0.41604787,3.3822587,3.7479389,3.4984295,3.2135577,3.508148,3.508148,3.9921992,4.1481543,3.3668537,3.3810563,3.2481165,3.2481165,3.3515592,3.1748846,3.350387,3.3151076,4.122039,4.0865006,3.9472156,3.9471004,3.504907,3.4195838,3.524192,4.0263095,3.377908,3.0321453,3.3814952,3.3522165,3.029587,3.0802429,3.4524639,3.726368,3.915393,4.5880904,3.5367522,3.3611636,3.1170897,2.8866603,3.0686517,3.2097323,4.8054013,4.9262886,4.184763,4.0117064,4.0330377,4.0896406,4.1967726,3.2375777,3.4808805,3.6960797,3.7142577,3.6756709,3.7351105,3.7433617,3.3176816,3.6280265,3.777908,3.782768,3.6032345,3.8223789,4.087247,4.3682947,4.377209,4.377209,4.191564,3.4310422,4.4772224,4.307782,3.9406416,3.9388266,4.3937464,4.207177,4.4624968,5.3602405,4.5898085,4.8451996,4.9754033,5.052727,4.4073668,4.3977094,4.01597,4.1091475,4.1857395,4.1857395,4.284168,4.369535,6.0559254,5.80239,4.4324465,4.4290595,4.4889812,5.1444597,4.1442933,4.1349416,4.417816,4.2440143
31,3.397526,3.5476294,3.1422026,3.678936,4.121077,4.137693,4.494005,4.4910994,4.6662316,4.6488776,3.6575694,4.6100545,3.9512327,4.2009892,4.985424,5.084923,4.0684495,4.3672986,4.6904244,4.7773414,4.308971,4.274679,4.9406605,4.800791,2.2503753,2.6675375,3.591196,3.2089982,1.4945468,1.514513,0.41604787,0.0,3.387415,3.8501177,3.556368,3.266332,3.5499127,3.5499127,4.0205793,4.182885,3.4316545,3.450448,3.2769833,3.2769833,3.3459876,3.2213683,3.3951743,3.3611145,4.203565,4.166729,4.004722,4.005378,3.5447102,3.4605882,3.5189402,4.0155587,3.362674,3.174477,3.4488673,3.4534888,3.095459,3.1438239,3.4517505,3.7018087,3.8883004,4.5709705,3.5690045,3.398042,3.151883,2.8786175,3.0844011,3.2120297,4.7902217,4.8899307,4.191437,4.023546,4.0359035,4.0865436,4.212135,3.2016003,3.5974212,3.768735,3.709209,3.7424245,3.8028405,3.811173,3.3389916,3.6777368,3.866136,3.8491173,3.7087462,3.8983042,4.1922116,4.460513,4.4892144,4.4892144,4.193581,3.515475,4.378886,4.2860174,3.9318771,3.935516,4.362675,4.1981835,4.42376,5.4212008,4.5644984,4.9055657,4.92801,5.002061,4.373095,4.3689337,4.033132,4.1142645,4.175614,4.175614,4.2794046,4.369415,6.039519,5.806217,4.429757,4.4245195,4.489898,5.131704,4.1339016,4.1272717,4.434701,4.254332
