,0,1,2,3,4,5,6,7,8,9,10,11,12,13,14,15,16,17,18,19,20,21,22,23,24,25,26,27,28,29,30,31,32,33,34,35,36,37,38,39,40,41,42,43,44,45,46,47,48,49,50,51,52,53,54,55,56,57,58,59,60,61,62,63,64,65,66,67,68,69,70,71,72,73,74,75,76,77,78,79,80,81,82,83,84,85,86,87,88,89,90,91,92,93,94,95,96,97,98,99,100,101,102,103,104,105,106,107,108,109,110,111,112,113,114,115,116,117,118,119,120,121,122,123,124,125,126,127
0,0.0,0.2370895,1.163428,1.3913429,1.7155701,1.8698198,3.2220652,3.298678,2.9924016,2.9211226,3.0158143,2.7136092,2.4282167,3.0323355,1.6685165,1.3409213,4.0854754,4.0620756,2.8271546,2.544556,3.2478628,3.2478628,3.2297351,3.251327,2.9187078,3.494443,2.7601573,3.0561702,3.3670485,2.948175,2.8825839,2.9833584,3.209524,3.1601558,3.0560594,3.632746,4.374027,2.9459355,3.3717883,3.2768118,4.0441113,3.7255943,4.800959,4.3284283,3.5687222,2.7666554,2.6280737,2.9350007,2.728216,3.8994634,2.1691058,2.34008,3.7393954,3.7605734,4.4980316,4.4145513,3.506496,3.7807262,4.546008,3.79851,3.032254,3.032254,3.4800234,3.5094795,4.610613,4.4865994,4.7403097,4.5194197,4.7880573,4.793378,3.993405,4.025101,4.3852735,3.5363266,4.2221394,4.566878,5.154291,5.1733522,5.9031305,5.555909,4.0945535,3.7143853,4.2380486,3.9600523,4.243604,4.2105236,4.0113134,3.9901128,3.7235107,3.7286265,4.083659,3.8532948,5.439676,4.957687,4.684516,4.778828,4.6552887,5.3173547,4.7487407,4.6737876,5.095737,5.0118103,4.9808307,5.0722737,3.983238,3.983238,3.859478,5.078106,4.1069975,4.0480742,3.967109,3.885298,4.3174834,4.3185883,4.0158873,4.67367,3.5406382,3.240085,3.5196576,4.782411,4.226892,4.864018,3.9585814,3.9474444,4.076506,4.0058694,4.033157,4.216079
1,0.2370895,0.0,1.2547671,1.4890227,1.7791001,1.946124,3.2766626,3.3545258,2.9784894,2.9248571,3.0132246,2.6930313,2.4494526,3.0703862,1.7108661,1.402675,4.052502,4.0300264,2.7982252,2.5193775,3.2411792,3.2411792,3.2262003,3.245318,2.9454985,3.5194428,2.7702692,3.0814147,3.378816,2.9574106,2.9214191,3.0116606,3.2938657,3.246544,3.1237233,3.710342,4.4280586,3.0065572,3.430326,3.3310614,4.019165,3.7154977,4.838899,4.316407,3.664202,2.861536,2.7030365,3.0141397,2.665478,3.9081738,2.157339,2.3076394,3.691589,3.7262785,4.42161,4.33485,3.4820385,3.735857,4.4915247,3.7541347,3.0080855,3.0080855,3.447928,3.5101233,4.626568,4.503913,4.7532544,4.539793,4.788902,4.821063,4.0066133,4.04699,4.4414864,3.5849068,4.3101296,4.61066,5.1933184,5.2118783,5.955797,5.606331,4.1526713,3.7724497,4.266698,3.981776,4.3037744,4.280882,4.06985,4.0492396,3.8054183,3.810699,4.132196,3.8900552,5.519113,5.0055737,4.7162538,4.821148,4.7142887,5.4082932,4.803283,4.729322,5.172256,5.090311,5.0498714,5.140007,4.0341935,4.0341935,3.9140146,5.120938,4.1472855,4.089881,4.0225215,3.9426935,4.357449,4.3570304,4.0623126,4.699141,3.5792031,3.287323,3.5588999,4.814559,4.258802,4.8660755,4.0048733,3.9937487,4.11572,4.0520906,4.0726833,4.2640586
2,1.163428,1.2547671,0.0,0.9402841,1.4619788,1.6733438,3.1328087,3.2168734,2.9566553,2.8845825,2.9481173,2.5979605,2.3293152,3.0079653,1.4391321,0.96714383,4.6679597,4.609399,3.6198533,3.4227724,3.8338714,3.8338714,3.809682,3.8312612,2.8196328,3.456423,3.144791,2.9865854,3.2875693,2.9657843,2.7386904,2.8464367,3.0320032,2.7443676,2.7948089,3.2330885,4.183023,2.6842237,3.2024596,3.1655648,3.9304936,3.5255156,4.888455,4.319585,2.8925476,2.5649405,2.3683343,2.7769568,3.1428812,4.4031944,2.7347467,2.8657668,4.113633,4.15004,4.948698,4.8516817,3.8886096,4.1091027,4.8891687,4.142236,3.5306392,3.5306392,3.9264543,3.9330812,4.5537615,4.4348574,4.6313596,4.476787,4.7974625,4.7901955,4.0730834,4.039185,4.431897,3.5838218,3.8205733,4.535483,5.1721334,5.19327,5.8611937,5.5650444,4.061071,3.752498,4.5356684,4.299618,4.3380632,4.3736844,4.1397862,4.1278315,3.7138357,3.7207313,4.0684643,3.904262,5.265448,4.671255,4.60022,4.7121406,4.7321563,5.4240136,4.806814,4.73509,5.0335493,4.974986,4.9194922,5.008015,4.0228505,4.0228505,3.9031386,5.078196,4.1277637,4.059089,3.9450517,3.857391,4.3771114,4.392814,4.061259,4.71886,3.6210394,3.336098,3.5949583,4.7768674,4.305067,4.970429,3.9945917,3.9821687,4.158321,4.110387,4.1460714,4.32658
3,1.3913429,1.4890227,0.9402841,0.0,1.7058632,1.8350582,3.1748521,3.2655194,3.082939,3.0324717,3.0250895,2.7258894,2.425989,2.4959774,1.7323381,1.390492,4.538147,4.481416,3.4351716,3.2091317,3.9666975,3.9666975,3.9420674,3.9715562,3.0891283,3.6603334,3.2970178,3.2095556,3.4739618,3.2101886,2.9902558,3.0939646,2.901311,3.0132024,3.1024914,3.5277047,4.3997025,2.9692214,3.4445891,3.2211335,4.1764383,3.7622874,5.0380526,4.4980264,3.1204696,2.7865846,2.6937776,3.05946,3.4144807,3.8527913,2.887576,3.088996,4.281571,4.3555126,5.120159,5.032429,4.0653586,4.3417025,5.0753145,4.373379,3.7201078,3.7201078,4.0518427,4.0743804,4.7483406,4.62944,5.050122,4.652939,4.8379693,4.7349463,4.122949,4.0998116,4.557975,3.6717277,3.8947952,4.623701,5.263084,5.282294,6.007415,5.599183,4.1011977,3.814311,4.5935473,4.3255186,4.188602,4.272594,4.012043,3.9589887,3.8367467,3.8432732,4.115169,3.9946394,5.302657,4.726404,4.660077,4.772716,4.5754046,5.2769833,4.628546,4.5499077,5.0000033,4.961797,4.898997,4.9823008,3.8348525,3.8348525,3.711893,4.9116726,3.9489052,3.868173,3.7358751,3.6343253,4.2181153,4.2235804,3.8934255,4.5456114,3.4074538,3.1092517,3.401518,4.651947,4.1538143,4.7681923,4.0616665,4.0496593,4.0278945,4.023354,4.054064,4.1874213
4,1.7155701,1.7791001,1.4619788,1.7058632,0.0,0.7125469,2.8505824,2.8357754,2.5319664,2.4746218,2.5060594,2.6973271,1.7126443,2.5542114,0.45522776,0.6942973,4.3407063,4.286583,3.1754901,2.9351642,3.3603,3.3603,3.35423,3.3604245,2.3338196,2.5913708,2.629776,2.3738174,2.7976983,2.359252,2.213575,2.2498329,2.7028248,2.4354572,2.4882472,2.845366,3.9561114,2.3195999,2.3889368,2.2941146,3.8314023,3.3218672,4.679283,4.1188674,2.6154656,2.187849,3.169321,2.3737175,3.6206048,4.0548863,2.0808575,2.316529,3.749137,3.6935709,4.5578074,4.462266,3.4906204,3.7050924,4.607615,3.7378323,3.4173126,3.4173126,3.866871,3.9005795,4.0617685,3.926588,4.167245,3.9739313,4.3453965,4.3478065,3.5469666,3.5600882,3.9140477,3.0432003,3.3306932,4.0914145,4.731391,4.755147,5.481591,5.1441703,3.599913,3.195698,4.0833445,3.8096488,3.8320074,3.8794012,3.6291265,3.5984697,3.1385934,3.139975,3.59855,3.4053025,4.9302673,4.293502,4.195165,4.314959,4.2344866,4.991633,4.3566813,4.2832327,4.65162,4.6448145,4.524559,4.6327615,3.5347092,3.5347092,3.4101853,4.4704204,3.7285793,3.6245291,3.353201,3.251598,3.738032,3.762776,3.5902872,4.3702807,3.478644,3.192147,3.4515932,4.68588,3.7163076,4.7513037,3.555064,3.5407495,3.638625,3.591754,3.6226354,3.8059838
5,1.8698198,1.946124,1.6733438,1.8350582,0.7125469,0.0,2.9447472,2.9264631,2.704774,2.6471806,2.6363056,2.8600392,1.8272629,2.6678421,0.84385866,1.0140394,4.338421,4.3095956,3.1891065,2.9442358,3.3753042,3.3753042,3.3673017,3.376012,2.3166158,2.640103,2.4841204,2.4294355,2.857044,2.400533,2.2017841,2.2527869,2.5924156,2.5591192,2.4462214,2.760248,3.998117,2.4689345,2.510625,2.3940105,3.8256445,3.4924943,4.7286625,4.094734,2.5941055,2.3338232,3.2854235,2.5330663,3.7256374,4.135301,2.0380676,2.5287611,3.668867,3.5815344,4.431158,4.3391447,3.638272,3.85103,4.7222805,3.8823328,3.550484,3.550484,3.9068263,4.0420957,4.144937,4.0117636,4.241541,4.0452785,4.355582,4.414922,3.5372095,3.617102,3.9438436,3.09911,3.342026,4.1163855,4.7537665,4.7780843,5.568769,5.171594,3.6493468,3.2267814,4.1092477,3.8817456,3.8828256,3.9142253,3.687453,3.6516008,3.1117153,3.1095438,3.6371436,3.4280405,4.924203,4.3280125,4.2416086,4.349159,4.3025947,5.000334,4.4334044,4.3543854,4.657955,4.646771,4.5372796,4.6473484,3.6154845,3.6154845,3.4820173,4.5476627,3.832224,3.7299173,3.4335806,3.3334346,3.8231275,3.831448,3.6736143,4.469616,3.5732777,3.3040738,3.5398662,4.7380266,3.7999678,4.849071,3.601487,3.5902598,3.7196066,3.6657026,3.696239,3.8733537
6,3.2220652,3.2766626,3.1328087,3.1748521,2.8505824,2.9447472,0.0,0.2240838,3.7567697,3.715651,3.6819196,3.8156412,3.1569135,3.7646832,2.7438936,2.7468274,5.6486244,5.5942397,4.6458826,4.4171996,4.823154,4.823154,4.8367486,4.8558445,4.480547,4.5307264,4.4241476,4.3643694,4.5799146,4.393449,4.3037825,4.303794,3.920248,3.8340168,3.931135,4.0568333,5.3203096,4.240922,4.2736945,4.1560884,4.93006,4.360213,5.2553916,4.940627,3.924997,3.4753978,4.2271795,3.7485428,4.561443,4.793576,3.5220268,3.5763776,4.733154,4.629232,5.2984653,5.1986594,4.322743,4.611861,5.3977904,4.6191354,4.3349648,4.3349648,4.708383,4.7456174,5.0136943,4.976425,4.987973,4.9361334,5.1995616,5.267171,4.508283,4.604106,4.8974752,4.2312984,4.475453,5.097192,5.5182343,5.5389876,5.3536325,4.8686643,4.5697985,4.2324495,4.788749,4.625916,4.793933,4.4480567,4.6656857,4.6146193,3.9345999,3.9460437,5.1170607,5.065706,5.659098,5.296865,5.1849103,5.221008,3.7561903,5.4797573,3.7080417,3.6455534,5.656386,5.7115097,5.6639013,5.7683244,4.523719,4.523719,4.3897543,5.3439627,4.680946,4.599259,4.276509,4.1695175,4.7669377,4.8109546,4.6358175,5.2770667,4.440973,4.187629,4.419241,5.5359054,5.200422,5.833197,5.0417557,5.0422435,5.1179633,5.0426683,5.1429625,5.1783834
7,3.298678,3.3545258,3.2168734,3.2655194,2.8357754,2.9264631,0.2240838,0.0,3.745615,3.7034035,3.6696227,3.8612437,3.1467297,3.7667239,2.7361429,2.7765524,5.6409535,5.5875397,4.633326,4.402792,4.7936544,4.7936544,4.8091784,4.826276,4.458211,4.463755,4.40056,4.329027,4.553004,4.3614388,4.278569,4.272569,3.9150755,3.822949,3.9176154,4.0253363,5.3046446,4.227704,4.210773,4.095436,4.9391303,4.35938,5.254125,4.937707,3.9110246,3.4622562,4.325219,3.726923,4.640331,4.7928004,3.4885867,3.5502536,4.712402,4.5952663,5.267624,5.1690807,4.3039994,4.588096,5.385476,4.594201,4.347367,4.347367,4.727869,4.7627535,4.967464,4.9293246,4.9388127,4.8911963,5.1751523,5.234739,4.472238,4.578943,4.847238,4.1989107,4.438036,5.066797,5.4793906,5.5005517,5.298033,4.8246617,4.5410132,4.197482,4.759958,4.5966105,4.7470617,4.3967366,4.6209636,4.5685635,3.8897114,3.9006102,5.0941005,5.039414,5.6386642,5.2742968,5.161952,5.1981077,3.7007003,5.4420815,3.6625738,3.6007168,5.621833,5.6863117,5.6293006,5.735177,4.4933686,4.4933686,4.3593516,5.287598,4.65986,4.5750504,4.235107,4.127748,4.715489,4.7622895,4.6075726,5.261157,4.4564123,4.2049804,4.4344244,5.548553,5.1583586,5.833596,5.014608,5.014929,5.0835485,5.004536,5.1089416,5.1442037
8,2.9924016,2.9784894,2.9566553,3.082939,2.5319664,2.704774,3.7567697,3.745615,0.0,0.3000221,0.2950371,0.9985119,3.0218093,3.5762894,2.4855304,2.5324771,4.9008746,4.8500066,3.8818657,3.6631172,4.1678877,4.1678877,4.1702704,4.175846,3.439142,3.583707,3.6064982,3.4644306,3.7225907,3.3481302,3.3524032,3.3862154,3.120397,2.8487778,2.911851,3.2800717,4.1368713,2.6930013,2.719727,2.5450063,2.546624,1.65749,3.8563006,3.0872273,3.191256,2.8958921,3.7247663,2.9125814,3.5419273,4.089082,2.3991725,2.3832905,3.5019736,3.5054357,4.4113426,4.3159647,3.5457428,3.6818087,3.3899138,3.6980376,3.3260775,3.3260775,2.9516091,3.112967,4.106606,4.042357,4.2307024,4.0323124,4.4482403,4.4716444,3.6081583,3.2545817,3.9420137,3.1561809,3.6619108,4.4245014,4.819575,4.823798,5.461745,5.120387,3.8627462,3.4525025,4.3133497,3.948041,4.0273767,3.9344387,3.8380923,3.8027012,4.2488213,4.2484,3.8307014,3.6778514,5.244465,4.5919385,4.4185433,4.531496,4.1231294,5.023541,4.029231,3.963871,4.681266,4.7480645,4.648047,4.6380935,3.558932,3.558932,3.4448068,4.478629,3.5606306,3.6535635,3.42588,3.341281,3.8944774,3.8837354,3.7703574,3.5347848,3.5284677,3.232436,3.4860926,4.8141713,3.6859756,4.6649394,3.200408,3.1841364,3.7476728,3.754851,3.4257963,3.6387594
9,2.9211226,2.9248571,2.8845825,3.0324717,2.4746218,2.6471806,3.715651,3.7034035,0.3000221,0.0,0.39720598,1.0335975,2.9955988,3.5552166,2.45459,2.4834182,4.8775487,4.829229,3.860974,3.6470597,4.0894628,4.0894628,4.0896792,4.0957117,3.3948784,3.55396,3.5595286,3.4322474,3.7032456,3.3153832,3.3131223,3.3546093,2.9927518,2.704068,2.7472365,3.1210625,4.0298495,2.5611405,2.5988104,2.4632578,2.5294805,1.6515613,3.797223,3.0815566,3.0718455,2.731126,3.584221,2.7422059,3.4704528,4.0474753,2.3064718,2.2859209,3.458489,3.445378,4.405296,4.311899,3.4690404,3.6313262,3.3590136,3.646328,3.2441409,3.2441409,2.882799,2.9874444,4.0627604,3.9937556,4.1762543,3.9871647,4.457367,4.4194407,3.6101332,3.2257655,3.8602028,3.0726318,3.592988,4.353177,4.753924,4.758426,5.342303,5.0537767,3.7701542,3.371244,4.2145376,3.859595,3.9369767,3.828378,3.749812,3.7193503,4.1664443,4.1665554,3.7528472,3.6128263,5.1565313,4.536125,4.354129,4.4575634,4.0560884,4.927991,3.9686892,3.9056885,4.5903363,4.649711,4.564346,4.553872,3.488447,3.488447,3.3696175,4.4131775,3.5022564,3.5964897,3.3650694,3.2798526,3.8286996,3.8265378,3.6945329,3.4776423,3.465578,3.1675704,3.4244993,4.7601686,3.6289155,4.6404047,3.1085074,3.0908966,3.67774,3.6778216,3.354721,3.5655868
10,3.0158143,3.0132246,2.9481173,3.0250895,2.5060594,2.6363056,3.6819196,3.6696227,0.2950371,0.39720598,0.0,1.0413673,2.9867961,3.488371,2.464971,2.5152793,4.918201,4.868803,3.898414,3.6798747,4.197913,4.197913,4.1987524,4.206598,3.4439063,3.5818233,3.6048353,3.4664824,3.6997936,3.3567004,3.3411458,3.374217,3.0119753,2.8153827,2.881524,3.22703,4.134916,2.7032404,2.712166,2.5072944,2.6139982,1.8009275,3.896376,3.1650512,3.0974524,2.8846796,3.7493932,2.9176197,3.6665337,4.020479,2.4030936,2.4674964,3.558224,3.5627809,4.483127,4.3880005,3.582779,3.7807698,3.5244787,3.802029,3.3729956,3.3729956,2.9911175,3.164915,4.1748753,4.1070056,4.308612,4.088307,4.401387,4.4381166,3.5514023,3.2054048,3.9065022,3.102596,3.5473263,4.3677745,4.765672,4.7693853,5.440804,5.0348077,3.76618,3.3734596,4.2534294,3.8955317,3.9622438,3.877395,3.7845578,3.743383,4.1756477,4.175652,3.7713602,3.64066,5.1541557,4.5141354,4.360268,4.468375,4.025822,4.9405537,3.930629,3.8640745,4.690646,4.7605534,4.664784,4.6580353,3.4911275,3.4911275,3.3713286,4.3889923,3.4791033,3.5708885,3.3371623,3.247826,3.8192658,3.8105466,3.6972187,3.4679413,3.4800541,3.182623,3.4366975,4.76945,3.646554,4.5966043,3.1476543,3.130546,3.7110317,3.7190127,3.4075837,3.6092334
11,2.7136092,2.6930313,2.5979605,2.7258894,2.6973271,2.8600392,3.8156412,3.8612437,0.9985119,1.0335975,1.0413673,0.0,3.2151685,3.7213557,2.616713,2.4790733,5.047421,4.9923387,4.076516,3.8751292,4.398294,4.398294,4.389711,4.405393,3.6027296,3.9850795,3.796777,3.7001307,3.9006412,3.5809786,3.5297117,3.594075,3.2167733,2.9615405,3.025771,3.454223,4.2480936,2.8426418,3.1771648,3.03409,2.556782,1.8353056,4.000623,3.1861,3.2666512,3.0444179,3.2444222,3.097306,3.1833487,4.2398562,2.7091887,2.6938033,3.7021296,3.7748344,4.652181,4.551926,3.758073,3.9285214,3.6172147,3.9517775,3.3335266,3.3335266,2.9005215,3.0753465,4.4539676,4.3947124,4.555095,4.3742294,4.6817784,4.736375,3.9152267,3.54122,4.2419233,3.451828,3.9016776,4.649334,5.0578203,5.061424,5.7184196,5.3504176,4.1090426,3.7443142,4.5639157,4.2279267,4.3555136,4.271751,4.1644497,4.141054,4.498093,4.5006967,4.0875387,3.9517784,5.435255,4.781125,4.632048,4.748406,4.411258,5.297188,4.2950125,4.228247,4.9309206,4.967073,4.8949585,4.8799505,3.8367448,3.8367448,3.7233293,4.860153,3.782857,3.8856962,3.757928,3.6784408,4.276311,4.258519,4.0353136,3.7751524,3.5536685,3.2537694,3.5125444,4.8270235,4.0476537,4.7473226,3.4694548,3.4554558,4.0582995,4.0706277,3.7562468,3.9691248
12,2.4282167,2.4494526,2.3293152,2.425989,1.7126443,1.8272629,3.1569135,3.1467297,3.0218093,2.9955988,2.9867961,3.2151685,0.0,1.9406883,1.7239823,1.8350378,4.5505033,4.5090933,3.4296117,3.206326,3.5463,3.5463,3.5467792,3.5541868,2.803403,2.9219117,2.95852,2.7818925,3.060474,2.7920735,2.7221797,2.7515762,3.3499584,3.2098246,3.1833801,3.5789392,4.4970775,3.1010954,3.119623,2.948001,4.3191113,3.8285043,4.985174,4.5054803,3.2680218,2.837766,3.7434251,3.1483629,4.0499005,4.326348,2.8062453,3.0012944,4.337034,4.2796826,4.7530856,4.662703,3.7195866,3.9805017,4.8531685,4.0237384,4.098622,4.098622,4.5045514,4.5892973,4.130771,3.9806142,4.2008324,4.018209,4.1874433,4.3361545,3.223084,3.4781504,4.627135,3.1082127,3.4713101,4.19443,5.1552896,5.172865,5.9653516,5.4824166,3.595458,3.195592,4.0898724,3.7954664,3.746651,3.8731058,3.5324912,3.4812374,3.1707387,3.163735,3.3011234,3.036429,4.6004634,3.980721,3.8710303,3.987796,4.70783,5.413097,4.8366632,4.767191,5.202698,5.0669246,5.125416,5.2172623,3.7507427,3.7507427,3.6547887,4.660238,3.8570085,3.7615373,3.660712,3.570794,3.921413,3.919133,3.7887566,4.5439954,3.8788373,3.6338649,3.8165858,4.841048,3.8774962,4.7475758,3.75482,3.741398,3.7742476,3.683126,3.9368584,4.0925612
13,3.0323355,3.0703862,3.0079653,2.4959774,2.5542114,2.6678421,3.7646832,3.7667239,3.5762894,3.5552166,3.488371,3.7213557,1.9406883,0.0,2.7126625,2.794558,4.5448,4.50207,3.44811,3.2144887,4.085318,4.085318,4.084342,4.100455,3.641967,3.717679,3.6885977,3.5917177,3.7792308,3.6248245,3.5985954,3.6134434,3.3260984,3.828461,3.793191,4.1591597,5.0271497,3.7091758,3.7515008,3.3312383,4.9247823,4.404409,5.5401006,5.0128846,3.8552032,3.3755703,4.2698836,3.7257202,4.584428,3.2850058,3.3759964,3.58735,4.812026,4.84618,5.2291985,5.154996,4.268695,4.583806,5.3250394,4.6185226,4.602473,4.602473,4.90276,4.916642,4.749655,4.6038027,5.3041997,4.626577,4.769035,4.425172,3.992708,4.075749,5.135599,3.7057233,4.0658245,4.7074084,5.611355,5.625445,6.2858787,5.8937078,4.0836186,3.8099964,4.566448,4.2142897,3.664117,3.9603217,3.5326016,3.404051,3.969909,3.967911,3.7766824,3.65825,5.072527,4.4355497,4.3194838,4.4615116,4.6824603,5.3997707,4.766943,4.700821,5.3190007,5.246179,5.2531796,5.3184376,3.5719883,3.5719883,3.4884079,4.473134,3.6856136,3.5615182,3.462105,3.349485,3.7928226,3.805194,3.6753929,4.3664923,3.6995816,3.453464,3.7055867,4.806941,3.6821344,4.4195385,4.170969,4.155274,3.648947,3.7073727,3.9102087,3.9768512
14,1.6685165,1.7108661,1.4391321,1.7323381,0.45522776,0.84385866,2.7438936,2.7361429,2.4855304,2.45459,2.464971,2.616713,1.7239823,2.7126625,0.0,0.5071981,4.393103,4.34022,3.18806,2.9294097,3.3501718,3.3501718,3.3430698,3.352571,2.298643,2.5584943,2.5671947,2.3072674,2.7234697,2.2988353,2.1406078,2.1857736,2.935001,2.608771,2.7081976,3.0681932,4.069002,2.5124552,2.5868273,2.4794962,3.8548996,3.3299608,4.6777887,4.1283393,2.785161,2.4209652,3.2690167,2.5896235,3.612227,4.1827745,2.1229866,2.3502316,3.7216067,3.6869895,4.5254183,4.431237,3.4738512,3.6814651,4.5742316,3.7112265,3.335683,3.335683,3.8050725,3.8832204,4.0318937,3.9020948,4.084313,3.9434488,4.2481074,4.3792305,3.3536432,3.4872513,3.853676,3.0018723,3.289432,4.087847,4.6985555,4.72156,5.5036664,5.071937,3.6091957,3.1614819,4.096956,3.8088975,3.820788,3.8297772,3.6062725,3.582116,3.0688567,3.0708668,3.6374269,3.4080472,4.9466143,4.3083577,4.2145257,4.3317785,4.1844854,5.0103507,4.311177,4.2353144,4.709679,4.7066298,4.5878477,4.6972623,3.571915,3.571915,3.448689,4.5453653,3.7468634,3.6520076,3.401023,3.3085778,3.8116264,3.8290496,3.6498187,4.4174867,3.4733078,3.1724694,3.4336984,4.657416,3.7908697,4.7758737,3.5477693,3.536344,3.6985483,3.613078,3.6834612,3.8732228
15,1.3409213,1.402675,0.96714383,1.390492,0.6942973,1.0140394,2.7468274,2.7765524,2.5324771,2.4834182,2.5152793,2.4790733,1.8350378,2.794558,0.5071981,0.0,4.4651313,4.4115767,3.29358,3.046817,3.455169,3.455169,3.4409175,3.456091,2.4246185,2.8431003,2.6975458,2.4968398,2.8826559,2.473803,2.2837632,2.3593376,2.9066937,2.5591748,2.6675642,3.0656707,4.052716,2.4835868,2.7358143,2.6599743,3.799307,3.3026245,4.666265,4.1428885,2.7578745,2.3815405,2.8980658,2.5639515,3.3694503,4.2375784,2.2356405,2.4171193,3.7824097,3.7693315,4.634448,4.5383983,3.5323296,3.7566583,4.602584,3.7875972,3.3013089,3.3013089,3.7476997,3.8058739,4.153887,4.0285525,4.19138,4.068971,4.369536,4.4919944,3.5081072,3.5866914,3.9782035,3.1071188,3.3951044,4.175141,4.7956586,4.817552,5.58176,5.1597896,3.658932,3.2662225,4.144755,3.8706255,3.957436,3.956139,3.7454967,3.7269478,3.201096,3.2051122,3.71588,3.5131116,4.989027,4.383137,4.2908134,4.399883,4.3065124,5.0903754,4.407069,4.3321695,4.7568865,4.7278237,4.6411843,4.7468605,3.6847293,3.6847293,3.5593638,4.6815476,3.840461,3.7594697,3.5470703,3.4565623,3.959528,3.9737973,3.7339582,4.456198,3.4712229,3.1601405,3.4312499,4.6586523,3.9480217,4.8369837,3.6252317,3.6134906,3.8298705,3.7515702,3.80697,3.99199
16,4.0854754,4.052502,4.6679597,4.538147,4.3407063,4.338421,5.6486244,5.6409535,4.9008746,4.8775487,4.918201,5.047421,4.5505033,4.5448,4.393103,4.4651313,0.0,0.24591117,1.933498,2.9592485,3.2800043,3.2800043,3.3135512,3.2895384,4.2030797,4.28489,4.083255,4.1833434,4.3648653,4.03103,4.1906915,4.243811,3.9079285,4.340843,4.174416,4.71909,3.779916,4.1540527,4.115706,3.7873428,4.725742,5.4031005,5.491688,5.0532613,4.86464,3.9806452,4.558516,4.0165954,3.9210732,3.3183095,3.7729475,3.6946273,4.240457,4.196014,5.2506523,5.2130084,3.4931495,3.6539054,4.6894956,3.7348413,3.8347783,3.8347783,4.2595143,4.3919463,5.2350173,5.089169,5.7064695,5.208629,4.089441,3.9564507,4.5058603,4.3118453,4.572066,4.514006,5.314985,4.0956264,4.369769,4.3865647,5.6197214,5.1380625,4.8547816,4.3797817,4.035662,4.3583164,4.5673985,4.6545815,4.3593054,4.255906,4.7724113,4.765533,4.67413,4.5151224,5.380784,4.8928313,4.3435845,4.470727,5.3096747,5.6578565,5.548552,5.462356,5.62442,5.5523067,5.497222,5.5094905,4.556104,4.556104,4.4646583,5.2244444,4.671507,4.598541,4.6681275,4.581103,4.437896,4.4113436,4.330539,4.9070396,4.2769756,5.0910835,4.215954,4.60466,4.31243,5.075589,4.5711308,4.5511775,4.2894077,4.1724477,4.2714167,4.4231596
17,4.0620756,4.0300264,4.609399,4.481416,4.286583,4.3095956,5.5942397,5.5875397,4.8500066,4.829229,4.868803,4.9923387,4.5090933,4.50207,4.34022,4.4115767,0.24591117,0.0,1.9865156,3.0140185,3.3408928,3.3408928,3.3741968,3.3508384,4.176236,4.2505913,4.121167,4.143741,4.311808,4.004069,4.15289,4.2052517,3.8644116,4.250677,4.1236744,4.6676316,3.6816669,4.084065,4.0499024,3.7173662,4.680522,5.3434405,5.439551,5.0070934,4.7691984,3.9033537,4.4905553,3.9480371,3.9170306,3.3177161,3.8004172,3.694133,4.303185,4.262632,5.3279257,5.2864385,3.480848,3.6513035,4.702717,3.738033,3.8370457,3.8370457,4.2750716,4.3892293,5.2191586,5.074722,5.684944,5.19246,4.0249705,3.8904629,4.490878,4.263819,4.5399013,4.492684,5.2481027,4.0379267,4.315003,4.3324366,5.566321,5.07713,4.832566,4.348769,4.048754,4.376148,4.5658727,4.6594915,4.3552537,4.2511625,4.748483,4.741869,4.6475334,4.49748,5.320223,4.8124976,4.282757,4.4143066,5.271702,5.6409087,5.5106626,5.423084,5.627319,5.5605736,5.5007753,5.5105543,4.526863,4.526863,4.435674,5.2075515,4.623937,4.5498734,4.629294,4.538292,4.4155846,4.3909755,4.306797,4.878887,4.243518,5.078488,4.18041,4.5650563,4.288463,5.0274057,4.547867,4.527205,4.2705073,4.153776,4.2502136,4.4039364
18,2.8271546,2.7982252,3.6198533,3.4351716,3.1754901,3.1891065,4.6458826,4.633326,3.8818657,3.860974,3.898414,4.076516,3.4296117,3.44811,3.18806,3.29358,1.933498,1.9865156,0.0,1.0373507,2.5836148,2.5836148,2.606279,2.597472,3.4529376,3.5318475,2.9866614,3.4076493,3.678055,3.2672696,3.4030013,3.4797363,3.6413295,4.048433,3.903275,4.4968257,4.286622,3.710921,3.639865,3.2484992,4.5451565,4.686833,5.175293,4.7935457,4.5840974,3.589442,4.273871,3.6673522,3.5943933,2.809144,2.5721958,2.7165227,3.766783,3.7499208,4.484388,4.454375,3.3173838,3.5681832,4.448459,3.592594,3.2736664,3.2736664,3.74885,3.8722844,4.788558,4.633522,5.2612844,4.722807,4.2903695,4.202625,3.82755,3.9708745,4.304404,3.8496554,4.797452,4.303452,4.7264905,4.7430544,5.8636584,5.355291,4.28634,3.847199,3.821783,3.7285666,3.90142,3.972723,3.6608214,3.5409377,4.1060033,4.1004434,4.1856318,3.9083295,5.434591,5.0144286,4.5070796,4.6084824,4.7596874,5.1665316,4.972842,4.8830905,5.2337914,5.1702924,5.1070247,5.168017,3.957099,3.957099,3.845475,4.735175,4.0897326,4.0164657,4.019913,3.9342947,3.9316087,3.8940206,3.811659,4.4864078,3.7447028,4.01806,3.7023046,4.637728,3.8215146,4.6467943,4.0542793,4.035757,3.7716458,3.6339786,3.7692895,3.9357808
19,2.544556,2.5193775,3.4227724,3.2091317,2.9351642,2.9442358,4.4171996,4.402792,3.6631172,3.6470597,3.6798747,3.8751292,3.206326,3.2144887,2.9294097,3.046817,2.9592485,3.0140185,1.0373507,0.0,2.772591,2.772591,2.7848117,2.7864695,3.4869761,3.5723116,2.8133018,3.4492064,3.7636905,3.321846,3.4359694,3.5143566,3.879484,4.272267,4.1269207,4.6997914,4.8752856,3.8656938,3.7931669,3.4103515,4.7524934,4.5892754,5.292991,4.9315987,4.783123,3.79166,4.4659586,3.8821821,3.791093,3.017792,2.3432963,2.648069,3.857602,3.850922,4.335039,4.31134,3.6853123,3.9278457,4.6292753,3.9201028,3.4391499,3.4391499,3.8567138,3.976124,4.8737106,4.725965,5.3350725,4.7912993,4.79236,4.7175274,3.9231074,4.217272,4.560739,3.90819,4.893949,4.797827,5.264597,5.2801642,6.287926,5.8075213,4.382036,3.998779,4.1418676,3.821707,3.9815378,4.0338335,3.7453957,3.6286087,4.16679,4.1618376,4.317363,3.9967244,5.802353,5.4283204,4.9648943,5.050936,4.826687,5.235613,5.0001545,4.9138985,5.287243,5.2325363,5.16376,5.24785,4.0367527,4.0367527,3.9239032,4.8273406,4.1887317,4.1220074,4.062645,3.98494,4.074322,4.0306144,3.960249,4.6180882,3.8820953,3.765626,3.8600798,5.022577,3.9681191,4.7942986,4.1799097,4.16452,3.9138443,3.7988741,3.9039116,4.0612683
20,3.2478628,3.2411792,3.8338714,3.9666975,3.3603,3.3753042,4.823154,4.7936544,4.1678877,4.0894628,4.197913,4.398294,3.5463,4.085318,3.3501718,3.455169,3.2800043,3.3408928,2.5836148,2.772591,0.0,0.0,0.09527445,0.078931466,2.345157,2.3834858,1.6713722,2.303814,2.578771,2.068239,2.4875605,2.4504602,4.1167026,4.1277866,3.9122477,4.427296,4.4306407,3.8893776,3.7941396,3.7251315,4.950043,5.0681973,5.7855563,5.3344526,4.644646,3.8001516,4.5006747,3.792353,3.992278,4.0713515,2.708343,2.8583372,2.8874538,2.9569728,4.000258,3.973485,2.098321,2.5347176,3.8225245,2.568074,2.28496,2.28496,3.1855352,3.2058604,4.0561013,3.838278,4.006829,3.8159862,3.6537795,3.6962883,3.1318808,3.2161534,3.2698784,2.6930797,3.9494262,3.2259264,3.7507174,3.769681,4.975776,4.622674,3.2319264,2.7795377,2.7024972,2.5710347,3.2533882,3.3849885,2.9954422,3.070438,2.8417144,2.8392832,3.24716,2.9384353,4.784477,4.1221576,3.497549,3.6568615,4.3177786,5.0270915,4.6834254,4.637964,4.9047937,4.8257957,4.6999955,4.809091,3.3097248,3.3097248,3.266252,4.0609684,3.5573108,3.4614627,3.527277,3.5489182,3.3274598,3.2992806,3.2171214,4.1694956,3.290235,3.5540032,3.2233384,3.711523,3.1771493,4.291346,3.05072,3.0498853,3.0851207,2.890416,3.1721869,3.4805691
21,3.2478628,3.2411792,3.8338714,3.9666975,3.3603,3.3753042,4.823154,4.7936544,4.1678877,4.0894628,4.197913,4.398294,3.5463,4.085318,3.3501718,3.455169,3.2800043,3.3408928,2.5836148,2.772591,0.0,0.0,0.09527445,0.078931466,2.345157,2.3834858,1.6713722,2.303814,2.578771,2.068239,2.4875605,2.4504602,4.1167026,4.1277866,3.9122477,4.427296,4.4306407,3.8893776,3.7941396,3.7251315,4.950043,5.0681973,5.7855563,5.3344526,4.644646,3.8001516,4.5006747,3.792353,3.992278,4.0713515,2.708343,2.8583372,2.8874538,2.9569728,4.000258,3.973485,2.098321,2.5347176,3.8225245,2.568074,2.28496,2.28496,3.1855352,3.2058604,4.0561013,3.838278,4.006829,3.8159862,3.6537795,3.6962883,3.1318808,3.2161534,3.2698784,2.6930797,3.9494262,3.2259264,3.7507174,3.769681,4.975776,4.622674,3.2319264,2.7795377,2.7024972,2.5710347,3.2533882,3.3849885,2.9954422,3.070438,2.8417144,2.8392832,3.24716,2.9384353,4.784477,4.1221576,3.497549,3.6568615,4.3177786,5.0270915,4.6834254,4.637964,4.9047937,4.8257957,4.6999955,4.809091,3.3097248,3.3097248,3.266252,4.0609684,3.5573108,3.4614627,3.527277,3.5489182,3.3274598,3.2992806,3.2171214,4.1694956,3.290235,3.5540032,3.2233384,3.711523,3.1771493,4.291346,3.05072,3.0498853,3.0851207,2.890416,3.1721869,3.4805691
22,3.2297351,3.2262003,3.809682,3.9420674,3.35423,3.3673017,4.8367486,4.8091784,4.1702704,4.0896792,4.1987524,4.389711,3.5467792,4.084342,3.3430698,3.4409175,3.3135512,3.3741968,2.606279,2.7848117,0.09527445,0.09527445,0.0,0.085061274,2.314515,2.373778,1.6414003,2.2814627,2.5644073,2.0438945,2.4593995,2.4252963,4.1120653,4.118741,3.9132822,4.4290366,4.427139,3.8751504,3.792275,3.726407,4.9611297,5.0737867,5.791742,5.3477654,4.63616,3.8000963,4.477351,3.7908413,3.9943557,4.0872707,2.7200508,2.8731754,2.9082632,2.9813306,4.0471554,4.0206676,2.1243346,2.5690818,3.8465297,2.6035085,2.282791,2.282791,3.1856601,3.199157,4.068562,3.8490906,4.0171323,3.8266854,3.6647837,3.7180555,3.1252406,3.214104,3.2579732,2.6717725,3.921946,3.2200806,3.7505748,3.769336,5.0043573,4.636173,3.217369,2.7640917,2.711,2.5735376,3.2492762,3.3830936,2.9900637,3.0684605,2.8234825,2.8209863,3.2257397,2.9156353,4.775924,4.1138887,3.4975407,3.6564994,4.3356094,5.025495,4.7010427,4.6556773,4.8826785,4.8014255,4.6765556,4.786695,3.309111,3.309111,3.2660882,4.070607,3.5610514,3.46602,3.5295863,3.5527673,3.3402786,3.3116531,3.2206,4.174771,3.2808397,3.5335488,3.213465,3.7017863,3.1782267,4.299482,3.0228283,3.0221732,3.079665,2.8822126,3.1656682,3.4752216
23,3.251327,3.245318,3.8312612,3.9715562,3.3604245,3.376012,4.8558445,4.826276,4.175846,4.0957117,4.206598,4.405393,3.5541868,4.100455,3.352571,3.456091,3.2895384,3.3508384,2.597472,2.7864695,0.078931466,0.078931466,0.085061274,0.0,2.3298516,2.375584,1.6725467,2.2970104,2.5797718,2.0553055,2.4771097,2.4402325,4.1140466,4.1166735,3.9017835,4.4166465,4.412412,3.8663805,3.7729187,3.7131457,4.950061,5.071254,5.7958403,5.342539,4.6364245,3.7962348,4.4914627,3.7802982,3.9949954,4.0956435,2.710253,2.8571105,2.9016862,2.9691613,4.0300794,4.00291,2.1200974,2.5538065,3.8409297,2.588944,2.3005877,2.3005877,3.2012453,3.216358,4.0709715,3.8511074,4.0181713,3.8353782,3.6761734,3.722631,3.1496842,3.235217,3.277072,2.70269,3.9513037,3.2334747,3.759547,3.7784417,5.002829,4.6523304,3.2396176,2.7937398,2.7186697,2.5899637,3.2721977,3.4093819,3.0152152,3.0919294,2.8586657,2.8561993,3.2464395,2.9352396,4.7951884,4.1284723,3.5082486,3.6695967,4.3623676,5.049945,4.7272897,4.682365,4.90042,4.820236,4.692813,4.8023505,3.3380249,3.3380249,3.2945983,4.080162,3.5871994,3.4916244,3.5550983,3.5768163,3.3508058,3.3250127,3.2401192,4.191273,3.3180544,3.5768359,3.2515373,3.737555,3.1926556,4.3170023,3.047309,3.0457082,3.097988,2.902276,3.1842813,3.4953637
24,2.9187078,2.9454985,2.8196328,3.0891283,2.3338196,2.3166158,4.480547,4.458211,3.439142,3.3948784,3.4439063,3.6027296,2.803403,3.641967,2.298643,2.4246185,4.2030797,4.176236,3.4529376,3.4869761,2.345157,2.345157,2.314515,2.3298516,0.0,1.05206,1.4421059,0.5477821,1.3109728,0.55825526,0.48613453,0.44427812,3.6034124,3.2208288,3.2093623,3.5808942,3.9313276,3.0514739,3.0491467,3.0328398,4.33011,4.2474523,5.3233933,4.673187,3.3464873,3.2292333,3.9487772,3.307668,4.147142,4.7632747,2.9192357,3.2009065,3.328709,3.4022636,4.4279838,4.3669195,2.9919965,3.151375,4.2540474,3.2072372,3.020759,3.020759,3.637127,3.7388783,3.5590386,3.3486216,3.3766072,3.2991107,3.3825605,3.611038,2.781609,2.8005817,2.998083,2.2797878,2.6213791,3.0363407,3.7521937,3.7786245,5.164216,4.7868733,3.1506097,2.4928484,3.636697,3.4476826,3.3232036,3.57609,3.0571334,3.1543305,2.4119527,2.402354,2.7427166,2.3777382,4.326028,3.368199,3.2492342,3.447349,4.4266496,4.9732785,4.751673,4.6892867,4.485789,4.448603,4.2632003,4.364165,3.084095,3.084095,3.041576,4.1647377,3.311963,3.2048213,3.1406674,3.1477895,3.4145617,3.378055,3.2499688,4.17605,3.0948784,3.191402,3.0091612,3.6166718,2.9465415,4.237598,2.5917404,2.5955408,2.8580399,2.7062004,2.8643777,3.2288792
25,3.494443,3.5194428,3.456423,3.6603334,2.5913708,2.640103,4.5307264,4.463755,3.583707,3.55396,3.5818233,3.9850795,2.9219117,3.717679,2.5584943,2.8431003,4.28489,4.2505913,3.5318475,3.5723116,2.3834858,2.3834858,2.373778,2.375584,1.05206,0.0,1.760255,0.68588626,1.326469,0.8357369,1.0298957,0.8543031,3.8868086,3.4816904,3.5574021,3.8543296,4.1313686,3.350581,3.0493784,2.98992,4.674405,4.4855256,5.466225,4.9277697,3.6217937,3.4696906,4.6334615,3.5291526,4.7436748,4.7867713,3.090227,3.3230488,3.5642986,3.5930562,4.5796237,4.5271864,2.9912994,3.196455,4.3622856,3.2513473,3.264912,3.264912,3.940656,4.0019484,3.512973,3.2955446,3.3245492,3.238797,3.1980238,3.4608102,2.552223,2.6792388,2.8341389,2.1893108,2.504786,2.9031,3.5747697,3.6016443,4.998309,4.5489464,3.055043,2.3338544,3.53084,3.3221107,3.1094031,3.3716826,2.849248,2.9407923,2.2162993,2.2032251,2.7031493,2.3363945,4.2305694,3.2660918,3.134113,3.3315873,4.199128,4.848964,4.5760446,4.5182433,4.5681314,4.575231,4.3588943,4.4657865,2.9833963,2.9833963,2.955165,3.9033523,3.2186804,3.0896335,2.9816983,2.9944608,3.1774826,3.1536546,3.1690605,4.1530766,3.2809858,3.407292,3.1933331,3.7335124,2.7755792,4.2266955,2.5766346,2.5795457,2.7535396,2.5536273,2.8098433,3.1581602
26,2.7601573,2.7702692,3.144791,3.2970178,2.629776,2.4841204,4.4241476,4.40056,3.6064982,3.5595286,3.6048353,3.796777,2.95852,3.6885977,2.5671947,2.6975458,4.083255,4.121167,2.9866614,2.8133018,1.6713722,1.6713722,1.6414003,1.6725467,1.4421059,1.760255,0.0,1.5348816,1.9159534,1.3465348,1.5977536,1.5704265,3.9648926,3.9353168,3.7114701,4.1692505,4.688577,3.685976,3.6347022,3.550286,4.7405553,4.638607,5.4817863,4.955666,4.204536,3.7207403,4.388978,3.797988,4.1541114,4.458092,2.4581232,2.9939888,3.0013661,3.0722885,3.8347752,3.7958288,2.8850493,3.1952708,4.1676774,3.2114377,2.6989186,2.6989186,3.314562,3.500038,3.924749,3.7283778,3.7895439,3.6250935,3.7842739,4.019474,2.864835,3.101818,3.254551,2.404993,3.3627856,3.5128803,4.1344256,4.155209,5.4522295,4.9974484,3.293311,2.6455941,3.4431536,3.0987542,3.3324435,3.4780693,3.057229,3.1491575,2.501611,2.4932637,2.99618,2.569057,4.772568,4.106995,3.7443252,3.877332,4.3366933,4.90027,4.6671515,4.607723,4.807833,4.7429285,4.610525,4.729713,3.1637945,3.1637945,3.1125536,4.2503896,3.4035609,3.3107293,3.2667117,3.2881641,3.4950297,3.4422023,3.3557007,4.2814794,3.1670508,3.0124536,3.1048028,3.9030921,3.1012905,4.203615,2.8141956,2.8243246,3.0035517,2.8483899,3.0072176,3.3348656
27,3.0561702,3.0814147,2.9865854,3.2095556,2.3738174,2.4294355,4.3643694,4.329027,3.4644306,3.4322474,3.4664824,3.7001307,2.7818925,3.5917177,2.3072674,2.4968398,4.1833434,4.143741,3.4076493,3.4492064,2.303814,2.303814,2.2814627,2.2970104,0.5477821,0.68588626,1.5348816,0.0,1.044637,0.47273228,0.5342503,0.37607306,3.7551665,3.340828,3.4150531,3.7760193,4.040927,3.223736,3.1179898,3.0545511,4.518756,4.3587275,5.3807054,4.8020396,3.4755228,3.3294802,4.199817,3.423508,4.3698187,4.6972814,2.9961102,3.2378147,3.4711962,3.5492706,4.524043,4.46662,2.9106855,3.137971,4.3039308,3.1955118,3.0106788,3.0106788,3.711357,3.781424,3.5523696,3.3407886,3.3662083,3.272179,3.1981473,3.4671817,2.5653963,2.660021,2.8631608,2.1694224,2.4902115,2.910124,3.609201,3.6363811,5.029566,4.5733757,3.0563974,2.3375833,3.5472603,3.3394706,3.1515203,3.4054322,2.8745835,2.9705062,2.1982226,2.1889694,2.7088425,2.3370788,4.236043,3.2614431,3.1366994,3.3380272,4.196128,4.868491,4.5570197,4.4938445,4.5793905,4.5659575,4.3679624,4.4711504,2.9490602,2.9490602,2.9127426,4.0242567,3.1427026,3.021705,2.9874673,2.996934,3.2661805,3.2328281,3.1445718,4.122049,3.039712,3.1681736,2.946796,3.530634,2.8355248,4.0957003,2.5547204,2.5593734,2.767042,2.570369,2.8153074,3.1757627
28,3.3670485,3.378816,3.2875693,3.4739618,2.7976983,2.857044,4.5799146,4.553004,3.7225907,3.7032456,3.6997936,3.9006412,3.060474,3.7792308,2.7234697,2.8826559,4.3648653,4.311808,3.678055,3.7636905,2.578771,2.578771,2.5644073,2.5797718,1.3109728,1.326469,1.9159534,1.044637,0.0,1.1847544,1.2604539,1.1241484,4.159578,3.7876263,3.7697747,4.165875,4.440494,3.7388997,3.622392,3.557207,4.880913,4.794461,5.7560425,5.1986613,3.7654717,3.795104,4.5622888,3.9149408,4.807717,4.8452067,3.3157825,3.6833127,3.9299662,4.073167,4.70963,4.6475825,3.074882,3.5990212,4.6775265,3.6753905,3.1361437,3.1361437,3.829117,3.9089596,4.2020874,3.996939,3.893004,3.865567,3.1851351,3.5053072,2.7185605,2.7510042,3.1282418,2.4211602,2.6416059,2.9684281,3.6497478,3.6733525,5.104647,4.5855365,3.0928416,2.4616332,3.5807624,3.381198,3.3306284,3.7003448,3.0823972,3.193904,2.3851252,2.3852863,2.7576363,2.4096222,4.2337976,3.2246544,3.0753868,3.2923553,4.2610445,5.04084,4.6803055,4.622756,5.4568186,5.4382005,5.2650094,5.3520513,3.0714757,3.0714757,3.0485377,4.070476,2.9262125,2.8124187,3.1243088,3.1410897,3.3657763,3.3471727,3.2654002,4.189304,3.1601593,3.3538585,3.0607116,3.51119,2.945699,3.4700692,2.6511564,2.649658,2.9263644,2.7129788,3.0694208,3.4648461
29,2.948175,2.9574106,2.9657843,3.2101886,2.359252,2.400533,4.393449,4.3614388,3.3481302,3.3153832,3.3567004,3.5809786,2.7920735,3.6248245,2.2988353,2.473803,4.03103,4.004069,3.2672696,3.321846,2.068239,2.068239,2.0438945,2.0553055,0.55825526,0.8357369,1.3465348,0.47273228,1.1847544,0.0,0.7292622,0.51504266,3.6321168,3.2599552,3.278521,3.6791449,3.9331372,3.0652835,2.9822295,2.9535847,4.365593,4.2734933,5.3068953,4.6775093,3.4886389,3.2476737,4.085207,3.288697,4.1677356,4.5641155,2.7351124,2.9708505,3.216344,3.2882905,4.4126525,4.3481774,2.6440387,2.9259417,4.0857363,2.9978294,2.747196,2.747196,3.4354916,3.5340607,3.6335328,3.420017,3.4295251,3.367435,3.1983104,3.5417564,2.5959008,2.624088,2.812913,2.069649,2.622526,2.851785,3.5330334,3.557616,5.057662,4.548263,3.0303776,2.2840352,3.3865283,3.1889184,3.2379267,3.4587321,2.9568977,3.0602586,2.2923944,2.2839315,2.6686482,2.2850769,4.3180594,3.3142245,3.1035268,3.3259025,4.2460938,4.9406757,4.5885105,4.5295177,4.549749,4.5344305,4.3274703,4.4284105,3.004152,3.004152,2.964133,4.0716653,3.2150471,3.107739,3.054307,3.0634842,3.304793,3.279205,3.185557,4.099037,3.0517309,3.1793537,2.9643831,3.5858586,2.8553798,4.13368,2.424992,2.4277165,2.790864,2.6169355,2.793105,3.1721447
30,2.8825839,2.9214191,2.7386904,2.9902558,2.213575,2.2017841,4.3037825,4.278569,3.3524032,3.3131223,3.3411458,3.5297117,2.7221797,3.5985954,2.1406078,2.2837632,4.1906915,4.15289,3.4030013,3.4359694,2.4875605,2.4875605,2.4593995,2.4771097,0.48613453,1.0298957,1.5977536,0.5342503,1.2604539,0.7292622,0.0,0.35961705,3.5694506,3.1337662,3.2279227,3.5773282,3.8740103,3.038308,2.9939494,2.9272041,4.305776,4.189238,5.2307343,4.714111,3.2211537,3.1871524,3.9559948,3.2851322,4.22714,4.7488227,2.9538326,3.2376213,3.480067,3.5498908,4.548213,4.490745,3.0925488,3.2860987,4.370524,3.3363745,3.0781405,3.0781405,3.7069602,3.8062956,3.5376685,3.3332283,3.3662815,3.2887044,3.2362218,3.529662,2.5617807,2.6682518,2.8847446,2.2479718,2.4112551,2.9724085,3.6554093,3.6823392,5.0990453,4.6264186,2.972908,2.3669956,3.5501976,3.3643506,3.2211123,3.467498,2.962907,3.0375142,2.2431285,2.2344456,2.7142308,2.3865008,4.1641965,3.3031485,3.2336464,3.3937995,4.2671304,4.7715464,4.593096,4.524255,4.4820657,4.442932,4.2811637,4.389245,3.0260718,3.0260718,2.9691064,4.020954,3.2172523,3.1103592,3.0453424,3.0420198,3.2854042,3.242977,3.1177843,4.068326,3.047749,3.1550355,2.9463089,3.5843086,2.9546785,4.2037473,2.5866015,2.5869665,2.8601117,2.669762,2.8823593,3.2169056
31,2.9833584,3.0116606,2.8464367,3.0939646,2.2498329,2.2527869,4.303794,4.272569,3.3862154,3.3546093,3.374217,3.594075,2.7515762,3.6134434,2.1857736,2.3593376,4.243811,4.2052517,3.4797363,3.5143566,2.4504602,2.4504602,2.4252963,2.4402325,0.44427812,0.8543031,1.5704265,0.37607306,1.1241484,0.51504266,0.35961705,0.0,3.6066458,3.1818166,3.2588649,3.5994263,3.9331586,3.0707288,2.9936755,2.9514153,4.390497,4.272361,5.3487773,4.746637,3.2753572,3.2345,4.0675664,3.3142953,4.3320494,4.751354,2.9342694,3.2205272,3.4616387,3.5295618,4.5751147,4.5106907,2.994978,3.2407043,4.3710685,3.3047967,3.0472178,3.0472178,3.6955485,3.7989128,3.6511464,3.4451,3.435244,3.3870873,3.246947,3.5867512,2.639236,2.7009397,2.8823967,2.21452,2.427484,2.933957,3.6186767,3.6458476,5.096186,4.587522,3.0202544,2.3593469,3.5556095,3.3718328,3.3078005,3.5521476,3.0487905,3.136837,2.2356088,2.2271154,2.7448678,2.4096024,4.2510166,3.278152,3.19202,3.3904598,4.261022,4.9083867,4.599446,4.535274,4.5724206,4.560565,4.357082,4.4658775,3.0594525,3.0594525,3.0113804,4.067236,3.2488623,3.1329944,3.0644507,3.0655444,3.3346024,3.301928,3.2019122,4.152186,3.1176622,3.2225816,3.0247114,3.6386023,2.9723382,4.203486,2.5800483,2.5821223,2.905116,2.7337568,2.9268384,3.2793126
