,0,1,2,3,4,5,6,7,8,9,10,11,12,13,14,15,16,17,18,19,20,21,22,23,24,25,26,27,28,29,30,31,32,33,34,35,36,37,38,39,40,41,42,43,44,45,46,47,48,49,50,51,52,53,54,55,56,57,58,59,60,61,62,63,64,65,66,67,68,69,70,71,72,73,74,75,76,77,78,79,80,81,82,83,84,85,86,87,88,89,90,91,92,93,94,95,96,97,98,99,100,101,102,103,104,105,106,107,108,109,110,111,112,113,114,115,116,117,118,119,120,121,122,123,124,125,126,127
0,0.0,3.3871675,2.0455503,1.7873491,3.9970098,2.9875658,1.8199174,1.8169144,2.201141,1.8965008,1.9141337,1.6839445,1.8204812,2.0384595,2.274362,2.5023398,2.8029752,2.8029525,3.1073031,2.3879764,4.328891,4.35736,3.982667,3.7884724,4.6292067,4.5407248,4.2029185,4.2762218,4.002552,4.002552,4.034078,4.2996874,3.1620278,2.9350932,3.9092743,3.8226438,2.1480708,2.1615672,3.0242102,2.9468143,2.0694616,2.0593529,1.9226079,3.2978315,2.5596805,2.3655367,3.4406207,3.5338247,2.4503448,2.8434021,2.5085573,2.258223,2.572892,1.720791,2.3845215,2.1873872,3.2371044,3.2858617,3.2753232,3.324514,3.1720366,2.3626661,2.927555,2.7780404,3.24702,3.3701215,3.389827,3.0626347,3.2257586,3.431747,3.3220873,3.2404807,3.4526367,3.3440082,3.3471868,3.869199,3.301826,3.2998896,3.1850092,3.1574025,4.0387206,3.9034064,3.8102589,4.278035,4.698017,4.760486,4.955382,5.456446,3.5521107,3.6727366,3.5730755,3.5114136,3.198043,3.2232578,3.1387963,3.1412923,3.9328601,3.7190428,3.7575748,3.9209466,4.610147,4.3989606,4.1040187,4.1884274,3.2991605,3.517303,3.8005395,3.3901541,3.3558924,3.3558924,3.5029347,3.5598998,3.1536844,3.1536844,3.1120465,2.9644732,3.1705875,3.2517583,3.4523149,3.1482084,3.3553686,3.2162595,3.4086494,3.2308018,3.1735797,4.1332583,3.579759,3.809479
1,3.3871675,0.0,4.198351,3.9704728,3.8659134,4.1997976,4.0127306,4.002597,3.298053,3.2054205,3.1929998,4.0407367,3.0994582,3.1312602,4.213136,3.5860384,3.099502,3.6721709,3.1213212,4.2647376,4.0999756,4.2122397,5.416073,5.323863,5.2387114,5.1718817,4.380833,4.466418,4.837809,4.837809,4.8403625,5.110728,3.9741583,3.8029687,4.533975,4.516701,4.190552,4.203477,3.7620997,3.74689,3.8574135,3.848981,3.8236837,2.199099,4.184435,4.145207,4.8530045,4.949883,3.3710027,4.532613,3.4678588,3.3231847,3.4805562,3.8923535,4.3191037,4.162496,4.3759036,4.3452744,4.317061,4.3473597,4.013303,3.4372985,3.847873,3.7141895,4.6586237,4.190783,4.077702,3.9590323,4.039415,4.8955336,4.8081193,4.7154117,4.307754,4.083246,4.1820426,4.619451,4.1874833,4.2121086,4.089476,4.141582,5.439896,4.520164,5.391633,5.7292414,6.106105,6.1687465,5.7494826,6.699756,5.1518373,5.273,5.15978,5.1221375,4.889763,3.916455,4.8698745,4.899344,4.6903462,4.4710455,4.493489,4.685943,5.254328,5.034608,4.833553,4.852521,4.1563544,4.301104,4.506984,4.140966,4.2281356,4.2281356,4.260903,4.2343545,3.4786162,3.4786162,3.4558122,3.363189,3.4553952,3.5619025,3.7721064,3.4853466,3.2944167,3.1528206,3.373387,3.2428417,5.000327,5.7422733,5.060092,5.2096105
2,2.0455503,4.198351,0.0,1.2470807,3.6735678,2.6080005,1.2436422,1.2246472,1.6285268,1.6307111,1.6593099,1.1936972,1.5242639,1.7423166,1.7646271,2.1111686,2.565504,2.538382,2.8960626,1.9230306,3.5923169,3.394755,2.884243,2.6179402,3.8481293,3.8669674,3.2924383,3.3848786,2.8896735,2.8896735,2.9636436,3.2993114,3.1784284,2.887954,3.8681374,3.7048523,2.0001006,1.9828087,2.9245148,2.5666475,1.7424091,1.7393478,1.3855858,3.2787423,2.2473686,2.0867922,2.264681,2.1715798,2.0069456,2.427207,1.9884073,1.612532,2.6106503,1.590609,1.7561568,1.3743255,2.5961173,2.66156,2.6506424,2.7625356,2.5626132,1.6612993,2.0538976,2.0216856,2.2783175,2.7598572,2.8752677,2.7726965,2.6264632,2.65204,2.5334158,2.5160246,3.0987923,2.9998734,2.8788273,3.404195,2.889952,2.8029912,2.6862898,2.672078,3.6647367,3.6764882,3.2745833,3.3060155,3.3506994,3.3783953,3.7302732,4.092185,2.9548306,3.0179334,2.8165116,2.8766294,2.5317457,2.8598783,2.5172668,2.614999,3.5043044,3.2270887,3.7356055,3.5021808,4.3557954,3.9846954,3.6506803,3.716099,2.907104,2.9310946,3.091243,3.0353444,3.0458698,3.0458698,3.2491825,3.2686524,3.025395,3.025395,2.7799733,2.5538409,2.7143307,2.8107693,3.1014977,2.6988964,2.9734304,2.920132,3.2704792,2.891668,2.7142606,3.7196002,3.1082807,3.2242434
3,1.7873491,3.9704728,1.2470807,0.0,3.697228,2.7289789,0.526122,0.49067453,1.4980278,1.1152627,0.982254,0.61525744,1.2664052,1.3325932,1.6109164,1.9571882,2.5763423,2.2967212,3.0213315,2.054912,4.247024,4.154329,3.8272347,3.6545856,4.4560432,4.3197136,4.136143,4.227748,3.8364236,3.8364236,3.920021,4.2673182,2.9450593,2.7160203,3.751113,3.6063704,1.7698666,1.7671384,2.8019254,2.749997,1.3964639,1.38868,1.1016555,3.086893,1.9622616,1.7436758,3.0648549,2.9744844,2.16184,2.6011667,2.0699558,1.744733,2.0007606,1.1179413,1.8203585,1.4912995,2.7449968,2.7939508,2.7999165,2.9200485,2.785139,1.8754798,2.2111235,2.159443,2.5357094,2.8883252,2.95015,2.5269923,2.766361,2.8782532,2.7528288,2.7366915,3.0793064,2.8332984,2.9970026,3.5266006,2.8451288,2.8918424,2.6936843,2.6473706,3.7784255,3.769431,3.4948578,3.4195755,3.448928,3.569899,3.897525,4.316547,3.31191,3.344934,3.1987417,3.2182353,2.7325952,2.9559696,2.6836715,2.7382543,3.630821,3.3281577,3.8767796,3.6302526,4.3053885,3.9797335,3.7561567,3.7287886,3.1553133,3.3655548,3.7291887,3.2564895,3.2200606,3.2200606,3.452018,3.3794768,3.026197,3.026197,2.953991,2.7581682,2.9029324,2.986661,3.247606,2.895892,3.116446,3.0690873,3.362107,3.0759914,2.8756905,3.9325948,2.969727,3.0815005
4,3.9970098,3.8659134,3.6735678,3.697228,0.0,2.1124535,3.4608648,3.4589214,3.008396,3.1216118,3.3348064,3.5848753,2.9839766,3.1312568,3.8227828,3.4221988,3.0632834,3.9789588,3.246639,3.556036,4.263849,4.033501,4.760951,4.6105385,5.780982,5.477066,4.5164995,4.5610633,4.5340576,4.5340576,4.5877175,4.629859,3.3294554,3.1743443,3.8705294,3.8931375,3.7075615,3.6942282,3.078131,3.1118464,3.4388983,3.434181,3.4479866,2.8512833,3.8373132,3.8511248,4.354978,3.9666955,3.211856,3.961797,3.182135,2.9766715,3.9379158,3.6331513,3.9460692,3.5930367,3.8822746,3.8319755,3.6465461,3.7490275,3.9428113,3.384581,3.0844824,3.3047323,4.078692,3.6793315,3.602939,3.5932858,4.0646386,4.3189855,4.269994,4.282289,3.7608967,4.602911,3.8809175,3.8276865,3.831721,3.8754163,3.7743778,3.8418634,5.5318604,4.919178,5.3300195,5.3281827,4.9285817,4.7835355,4.483273,4.726608,4.025317,3.8068986,3.9340782,3.9683259,4.087919,3.4821985,4.3243794,4.096781,3.2554548,2.9599428,3.4953346,3.2826335,3.889477,3.9115548,3.4458036,3.4799778,3.6700654,3.8293707,4.0836477,3.7534547,4.379895,4.379895,3.9166763,4.0093203,3.383572,3.383572,3.1971886,2.9506283,2.9529617,3.0412183,3.2751765,3.0148437,3.026405,2.8655705,3.3260705,2.7398353,4.29105,4.6985383,5.171173,4.9251204
5,2.9875658,4.1997976,2.6080005,2.7289789,2.1124535,0.0,2.4132984,2.4002786,2.4009833,2.3007925,2.733968,2.4905732,2.3035526,2.4775305,2.8510275,2.774689,2.7251928,3.518769,3.1016169,2.416811,4.088382,4.0284333,3.8694074,3.679438,5.260383,5.1290135,4.305451,4.339591,4.0310545,4.0310545,4.1040516,4.1491632,2.7373533,2.5573359,3.5220509,3.5108316,2.6859043,2.6733315,2.5152602,2.53737,2.4876049,2.4847624,2.5368109,3.1674643,3.0841422,2.9187696,3.574245,3.605338,2.5101495,2.9040527,2.5719068,2.2588418,3.5321612,2.5967927,2.9674106,2.4727604,3.2776835,3.2515278,2.9878154,3.133985,3.2652013,2.719208,2.6946752,2.5388248,3.1929712,3.2122297,3.2164874,3.1540701,3.3655274,3.2876465,3.236925,3.2755463,2.9819593,4.1129136,3.1111248,3.3511274,3.0626523,3.093975,3.298197,3.2592812,4.7178407,4.4316287,4.52734,4.466033,3.951933,3.7632809,3.7675092,3.987769,2.755332,2.8514047,2.7461245,2.7108397,3.2725246,3.1046953,3.2038467,3.2064815,3.7660162,3.4864438,3.9778707,3.782208,4.438938,4.449784,3.95817,3.9856231,3.0414047,3.270237,3.4920356,3.0659692,3.836356,3.836356,3.35355,3.476258,2.9558866,2.9558866,2.7887158,2.5249543,2.8399208,2.9069655,3.1615036,2.896938,2.9213207,2.7482958,3.1004496,2.5437143,3.1393383,3.8393228,4.6615963,4.6328573
6,1.8199174,4.0127306,1.2436422,0.526122,3.4608648,2.4132984,0.0,0.11134613,1.4814302,1.02948,1.0819285,0.60574865,1.3125011,1.4643329,1.5917809,1.9325477,2.4134352,2.3447773,2.8329568,1.8539414,4.1471367,4.0819607,3.7351031,3.5390916,4.524174,4.3624206,4.038256,4.13976,3.711747,3.711747,3.7973135,4.1278563,2.9058855,2.6463017,3.5981216,3.4484515,1.6367502,1.6355084,2.6781082,2.6713681,1.2628039,1.2577323,0.908521,3.0161617,1.8413712,1.6918077,3.0143244,2.8767054,2.144613,2.571942,1.9764689,1.7105081,2.206125,1.0704963,1.7727906,1.4791207,2.573681,2.6386297,2.632462,2.7593086,2.7574368,1.7614895,2.2202945,2.1831589,2.639816,2.9290764,2.9982069,2.609728,2.9002175,2.963377,2.836367,2.827175,3.0723028,2.9637613,3.0176048,3.6163988,2.880745,2.9215865,2.7449584,2.690255,3.8971133,3.8580985,3.5474262,3.4737701,3.4705458,3.543053,3.8497941,4.3046136,3.18342,3.2236664,3.0729113,3.0924122,2.77755,2.9526534,2.7381701,2.7415419,3.4558778,3.2064102,3.7176445,3.4559348,4.064292,3.8516343,3.5672646,3.7149956,2.9360156,3.1955037,3.591146,3.0397522,3.0131085,3.0131085,3.2495198,3.2695315,2.8092716,2.8092716,2.7311695,2.507307,2.6931674,2.7815096,3.0098042,2.6894917,2.9040878,2.871034,3.1418464,2.9087322,2.7402554,3.8805447,3.1642358,3.219534
7,1.8169144,4.002597,1.2246472,0.49067453,3.4589214,2.4002786,0.11134613,0.0,1.4848495,1.0301627,1.0657496,0.57526505,1.287218,1.4341869,1.6227211,1.9585842,2.4267004,2.3661056,2.8612196,1.8682894,4.1496916,4.0856075,3.7468174,3.545236,4.544019,4.38772,4.053554,4.161688,3.7321825,3.7321825,3.8174307,4.150687,2.9103022,2.6515565,3.6450777,3.4980946,1.6811074,1.6799089,2.6922019,2.6794443,1.2877734,1.2820308,0.94628423,3.0230424,1.8378086,1.7203298,3.0325012,2.899851,2.1453693,2.5675554,1.9678125,1.7045743,2.2145789,1.0710776,1.7955676,1.4719306,2.6096158,2.667489,2.6631062,2.793038,2.7841852,1.762287,2.219178,2.167848,2.6115718,2.9095812,2.9739497,2.5872393,2.8728266,2.9339423,2.807824,2.7969024,3.064844,2.9842293,3.0021107,3.599966,2.8615892,2.9037554,2.7258441,2.6733503,3.880086,3.8452473,3.5394027,3.4471383,3.4504201,3.5195634,3.8136578,4.277662,3.1692142,3.2104998,3.0634377,3.0784023,2.7580354,2.9392462,2.7154572,2.7319367,3.4832537,3.2291644,3.7457378,3.4829996,4.131345,3.9040074,3.5873492,3.7197258,2.9637194,3.2169871,3.589597,3.0628242,3.0162756,3.0162756,3.260029,3.292301,2.8271766,2.8271766,2.7496767,2.5318954,2.7112267,2.7986813,3.0483932,2.7117476,2.9200807,2.8840327,3.170213,2.9179933,2.7195005,3.8696327,3.1836991,3.2501063
8,2.201141,3.298053,1.6285268,1.4980278,3.008396,2.4009833,1.4814302,1.4848495,0.0,1.020908,1.1327238,1.4326255,1.0030147,1.1009328,1.5395193,1.2810495,2.4559824,2.7359967,2.7088377,2.5812402,3.8828118,3.7194903,3.9200132,3.7473156,4.1903605,4.2309422,3.7436514,3.707686,3.6242766,3.6242766,3.6899374,3.9836044,3.068796,2.7754736,3.6346295,3.520509,2.3780797,2.3693047,2.7968843,2.7265358,2.0163767,2.0091946,1.7307853,2.5091937,2.6801913,2.3423345,3.0143347,3.13859,2.1767635,2.996735,2.215919,1.6796643,2.0001476,1.682314,2.4055228,2.101804,2.9230263,2.9710739,2.9060898,3.0445597,2.1739461,1.9440439,2.185968,2.1637607,2.7909815,2.9724188,3.0084238,2.6945038,2.827962,3.2217205,3.0933607,3.0746953,3.0986595,2.9776318,3.014818,3.3900747,2.9160943,2.972683,2.7264128,2.7417347,3.9256027,3.5938363,3.79141,3.739419,3.8097923,3.8691626,4.03105,4.422112,3.4714906,3.5508943,3.3322527,3.373327,3.1724207,2.989747,3.1340587,3.2338884,3.4784105,3.2300413,3.7260144,3.483755,4.129939,3.88998,3.7575693,3.7856352,2.8748672,2.7595122,3.4112098,2.951198,3.160587,3.160587,3.3492687,3.3566887,2.518737,2.518737,2.3846102,2.1946812,2.350183,2.4753597,2.8718715,2.379436,2.5402436,2.423409,2.8447433,2.3262203,2.993179,3.7327623,3.3762107,3.33464
9,1.8965008,3.2054205,1.6307111,1.1152627,3.1216118,2.3007925,1.02948,1.0301627,1.020908,0.0,0.6507442,1.154262,0.7930716,0.87241584,1.6687198,1.5437306,1.8672893,2.0917082,2.2498991,1.9504466,3.6690066,3.7046933,3.8230646,3.6453946,4.27747,4.145543,3.7213752,3.7779505,3.5743883,3.5743883,3.6549318,3.9959915,2.7203937,2.4347289,3.4027977,3.2864356,1.8710554,1.8723806,2.448371,2.4420524,1.363087,1.3531659,1.1323075,2.2241495,2.0863767,1.8464167,3.0038254,3.0826232,1.8512422,2.7446406,1.7537544,1.3328701,1.9164274,1.3047642,2.000397,1.7199432,2.5450552,2.576336,2.52092,2.6492808,2.3903618,1.5073688,2.1606038,1.9380913,2.753162,2.8697278,2.89579,2.5652142,2.7613432,3.085744,2.9615226,2.9421346,2.9398081,2.7855737,2.8544803,3.3664806,2.7664647,2.8130853,2.714246,2.6623862,3.9867537,3.6671417,3.7501347,3.686475,3.7127264,3.779898,3.8798559,4.4192414,3.3301759,3.4679654,3.241059,3.2628515,3.066863,2.8327975,2.954973,3.0407963,3.549747,3.3060212,3.7801952,3.5524216,4.150791,3.953843,3.731189,3.853424,2.7271078,3.041125,3.3637655,2.777904,2.9592395,2.9592395,3.095009,3.1268747,2.3699994,2.3699994,2.2775466,2.030382,2.3209958,2.4434526,2.7071698,2.3434615,2.4250388,2.3118157,2.6400576,2.2752051,2.9288554,3.9643443,3.3620465,3.3840454
10,1.9141337,3.1929998,1.6593099,0.982254,3.3348064,2.733968,1.0819285,1.0657496,1.1327238,0.6507442,0.0,1.1220194,0.88623303,0.90689206,1.7524836,1.6577407,2.1409974,2.1617763,2.509483,2.269519,3.8731484,3.8553727,4.0594006,3.8593228,4.3293953,4.184252,3.8350482,3.916488,3.7307312,3.7307312,3.8062475,4.203248,3.001613,2.713353,3.7345319,3.604875,2.0754473,2.0812023,2.7402074,2.7313752,1.6027702,1.5921413,1.3072637,2.3944488,2.1674464,2.0671995,3.2021706,3.128123,2.1021369,2.819606,1.9402953,1.6197441,1.8257283,1.365072,2.0900755,1.9026605,2.6768677,2.7152958,2.7448916,2.8687649,2.5707297,1.6656469,2.2862031,2.203659,2.821661,2.9362245,2.9411871,2.5702233,2.7987099,3.2140987,3.0847394,3.0465007,3.1585593,2.758953,3.0493362,3.6158047,2.9272535,2.9854016,2.7494931,2.7035804,3.9646432,3.6805332,3.71944,3.6490061,3.828055,3.9401546,4.0407343,4.64934,3.6290858,3.6802933,3.5421746,3.560396,3.1074846,2.931218,3.0893269,3.1402802,3.4631681,3.2215176,3.698597,3.4640985,4.162292,3.8946376,3.6321034,3.7271006,3.0012436,3.2330947,3.6002555,3.0512166,2.916628,2.916628,3.2982578,3.3728268,2.5886705,2.5886705,2.537011,2.335602,2.4661622,2.579851,2.8569953,2.4820051,2.6369014,2.5560803,2.871471,2.6128006,3.0980937,4.162034,3.1768022,3.215192
11,1.6839445,4.0407367,1.1936972,0.61525744,3.5848753,2.4905732,0.60574865,0.57526505,1.4326255,1.154262,1.1220194,0.0,1.2285935,1.3528702,1.4328023,1.8829507,2.628747,2.6247056,3.023796,2.044217,4.251812,4.228824,3.844323,3.6032884,4.4465203,4.3265543,4.125978,4.1773567,3.7835085,3.7835085,3.8627563,4.2154627,3.1602776,2.9056165,3.9174895,3.79026,1.8772787,1.8740412,2.9812548,2.9210994,1.5982337,1.5874901,1.2222184,3.2530677,2.135644,1.9389349,3.0060494,3.0111253,2.3730416,2.6420743,2.2837489,1.9002182,2.198058,0.97624767,1.884908,1.6592072,2.7859747,2.8296077,2.8565903,2.9921432,2.7214684,1.9977193,2.4894283,2.397472,2.73508,3.087752,3.1343799,2.7713866,2.981085,3.0648077,2.9316492,2.9154046,3.262688,3.1822171,3.1576946,3.6016088,3.0411584,3.0802722,2.8641744,2.800423,3.728136,3.7587187,3.4802334,3.4319704,3.6357596,3.7007916,4.050947,4.348109,3.279196,3.327418,3.202018,3.2085583,2.8720891,3.123452,2.8336692,2.8792477,3.5821097,3.3711956,3.8018456,3.5814955,4.3194947,4.0986094,3.7642794,3.8787692,3.1163495,3.3144882,3.6636329,3.200987,3.0248382,3.0248382,3.4261372,3.5565457,2.9361713,2.9361713,2.8628428,2.6878228,2.852679,2.936248,3.2156153,2.8581603,3.1151361,3.0031567,3.307066,2.9591944,2.680523,3.6645982,3.1778686,3.1988435
12,1.8204812,3.0994582,1.5242639,1.2664052,2.9839766,2.3035526,1.3125011,1.287218,1.0030147,0.7930716,0.88623303,1.2285935,0.0,0.46366635,1.7835375,1.661917,1.9957839,2.2280161,2.4314728,2.1148405,3.6023393,3.5538077,3.7329335,3.5362556,4.043566,3.9270794,3.6433277,3.709636,3.5205026,3.5205026,3.5867,3.8890376,2.814003,2.4586961,3.5962691,3.512365,1.9480461,1.9366187,2.4998252,2.3727982,1.5790693,1.5656172,1.3357626,2.2459,2.117639,2.1429787,2.7538254,2.9399784,1.7563206,2.6778321,1.9832793,1.3066351,1.7184118,1.423741,2.0323942,1.7633656,2.537837,2.5267317,2.484127,2.5950475,2.4896066,1.7486305,2.052108,1.8800077,2.5252013,2.6472812,2.6387691,2.3677607,2.5740497,2.9089,2.7944653,2.7538314,2.8236232,2.7983346,2.6899574,3.0128646,2.6526406,2.6647813,2.5320501,2.515832,3.7212057,3.3528428,3.6081045,3.6236384,3.7143035,3.769348,3.8179047,4.2812886,3.208329,3.298719,3.1205838,3.15151,2.8237405,2.588341,2.793412,2.8671427,3.4154136,3.089707,3.5981617,3.4180782,4.2156987,3.9368062,3.5809367,3.5719378,2.797614,3.0169675,3.3381402,2.8732367,3.0063539,3.0063539,3.0762734,3.0994174,2.4916434,2.4916434,2.344686,2.1441743,2.3320715,2.4432137,2.7184937,2.317658,2.5339472,2.3329306,2.694889,2.1879025,3.0503597,3.735135,3.1696367,3.228468
13,2.0384595,3.1312602,1.7423166,1.3325932,3.1312568,2.4775305,1.4643329,1.4341869,1.1009328,0.87241584,0.90689206,1.3528702,0.46366635,0.0,1.9601562,1.81843,2.1838593,2.3214612,2.6189148,2.3405538,3.7833138,3.755618,3.9572017,3.7865958,4.1227546,4.041336,3.846147,3.910079,3.7392092,3.7392092,3.8150406,4.13487,2.8409,2.554288,3.6692266,3.6015065,2.0704663,2.0593183,2.6209455,2.5066054,1.6917884,1.6767348,1.5035232,2.2834132,2.1980717,2.1608386,2.9463384,3.1876051,1.8590815,2.7449913,2.1238782,1.4528718,1.6245553,1.5034492,2.1070626,1.8848885,2.642892,2.5989952,2.5668046,2.7012005,2.6297703,1.9077327,2.1789684,1.9630193,2.665798,2.7802992,2.7652957,2.4645014,2.6391256,3.0152373,2.910009,2.892367,2.9135764,2.8252597,2.7991943,2.955727,2.712365,2.7622511,2.6330526,2.6095998,3.78347,3.4410577,3.7299256,3.659257,3.7186496,3.7965267,3.823389,4.2203608,3.4047627,3.5148551,3.3241336,3.3489728,3.013283,2.761962,2.9302905,3.04394,3.6559577,3.3328812,3.8742397,3.6631167,4.39766,4.1154785,3.8118644,3.7463984,3.0167837,3.1863792,3.5632312,3.0525358,3.1494331,3.1494331,3.2513044,3.2275496,2.6652207,2.6652207,2.546102,2.3586776,2.5639737,2.6714914,2.9174478,2.568324,2.7209725,2.5013592,2.8270378,2.2893817,3.2351766,3.8739307,3.2230523,3.2529294
14,2.274362,4.213136,1.7646271,1.6109164,3.8227828,2.8510275,1.5917809,1.6227211,1.5395193,1.6687198,1.7524836,1.4328023,1.7835375,1.9601562,0.0,0.96212775,2.7631526,2.8511822,3.0229447,2.3441255,4.200117,4.157176,3.8737764,3.6761165,4.1677146,4.0663733,4.0689526,3.8993196,3.7194846,3.7194846,3.7805445,4.0893087,3.4455426,3.1407807,4.076303,3.9121053,2.2703233,2.271067,3.177392,3.2134142,2.1625159,2.159722,1.9279429,3.440217,3.1132402,2.433125,2.9485114,3.1585584,2.7113488,3.2466285,2.811276,2.2324293,2.285595,1.7551769,2.2609706,2.096661,3.0578692,3.1773183,3.1206114,3.2209868,1.6424873,2.5013578,2.6207418,2.5648978,2.6394746,3.0790963,3.124653,2.8032675,2.8881907,3.0315268,2.8542092,2.8269324,3.1308928,3.1640055,3.0301778,3.926518,2.9948106,3.015941,2.8688772,2.7682939,3.496549,3.4419315,3.366201,3.4207623,3.5455832,3.6383362,4.192893,4.6186504,3.1667175,3.2515712,3.0641928,3.109082,2.8814113,3.1330042,2.8133073,2.920784,3.6503353,3.3613768,3.877745,3.6506286,4.3399453,4.108572,4.1111465,3.8846118,3.0621052,3.2801228,3.6928687,3.1398065,3.5345938,3.5345938,3.7313113,3.7086773,2.8706589,2.8706589,2.8323097,2.6992106,2.8132582,2.8473406,3.1249306,2.778306,3.0934718,3.03755,3.2967763,3.1020706,2.8412926,3.6227033,3.109075,3.303588
15,2.5023398,3.5860384,2.1111686,1.9571882,3.4221988,2.774689,1.9325477,1.9585842,1.2810495,1.5437306,1.6577407,1.8829507,1.661917,1.81843,0.96212775,0.0,2.4534848,2.6820505,2.657596,2.5214052,3.862501,3.7792382,3.963857,3.8033502,4.0290856,3.945342,3.8216364,3.6285708,3.6606457,3.6606457,3.7187471,3.9925141,3.2287834,2.8733957,3.7669358,3.6106853,2.5149581,2.5183973,2.8608508,2.9447992,2.275401,2.2740386,2.1235175,2.8251388,3.2893822,2.6961465,3.0829751,3.3132286,2.504864,3.2416053,2.6662452,2.0378225,2.1660094,2.127184,2.5907743,2.315516,3.1408222,3.2487192,3.1197834,3.210008,1.2563087,2.450658,2.4743366,2.4148793,2.6555903,2.9203162,2.93442,2.6673105,2.7072453,3.0887601,2.9328315,2.8882742,2.901733,2.854001,2.8525345,3.8977492,2.842943,2.870675,2.8412735,2.743016,3.7810593,3.404467,3.7385743,3.7763147,3.6950552,3.7970474,4.1455894,4.810782,3.3238285,3.4213793,3.2119281,3.2592971,3.0490382,2.937417,2.9939468,3.123703,3.504688,3.1924357,3.736383,3.5072253,4.156439,3.9119642,4.0016513,3.772792,2.786033,2.9970078,3.4568617,2.8415027,3.5161452,3.5161452,3.5248742,3.4426801,2.4220097,2.4220097,2.397265,2.270577,2.3384025,2.3799639,2.733333,2.3160043,2.5684965,2.5352912,2.851028,2.674655,3.0074322,3.7862315,3.1881773,3.387038
16,2.8029752,3.099502,2.565504,2.5763423,3.0632834,2.7251928,2.4134352,2.4267004,2.4559824,1.8672893,2.1409974,2.628747,1.9957839,2.1838593,2.7631526,2.4534848,0.0,1.797066,0.89992505,1.8116972,2.3531435,2.7313418,3.2870119,3.2421217,4.065283,3.6351595,2.8979974,3.0509162,2.9075506,2.9075506,2.9779482,3.3733258,2.9678483,2.6570084,3.3806098,3.247292,2.3793356,2.3818269,2.5137434,2.291171,1.9693396,1.967507,1.8414295,1.7695606,2.421542,2.4135888,2.7537162,2.6851127,1.808411,3.2539582,1.9138623,1.6261275,2.7137046,2.4082127,2.2989395,2.2294269,2.3566453,2.3381233,2.3287146,2.3547575,2.6214986,1.6421613,2.217304,1.9465388,2.9783924,2.6009178,2.597949,2.7017825,2.7307742,3.1874404,3.0594814,3.028821,2.8783476,3.151171,2.5788133,3.5058274,2.756161,2.6355069,2.7147563,2.6302612,4.1383543,3.4943864,3.7409472,3.912806,3.971815,3.9656134,3.7445078,4.703038,3.1669781,3.2856987,3.1044352,3.1675358,3.1024299,2.3728373,3.075861,3.0021658,3.5284402,3.135915,3.676322,3.52953,4.0397944,3.776381,3.6388538,3.617663,2.78721,3.565786,3.2288218,2.8551507,3.1115117,3.1115117,3.1046963,2.7636623,2.5251553,2.5251553,2.3001125,1.9867638,2.2553966,2.333609,2.3292167,2.2122498,2.1782675,2.1496587,2.378388,2.3124387,3.692695,4.6781654,3.9351332,4.123574
17,2.8029525,3.6721709,2.538382,2.2967212,3.9789588,3.518769,2.3447773,2.3661056,2.7359967,2.0917082,2.1617763,2.6247056,2.2280161,2.3214612,2.8511822,2.6820505,1.797066,0.0,2.1222773,1.8310446,3.1694937,3.121427,3.3634062,3.2983458,3.8459406,3.368594,3.3555136,3.5229144,3.2722793,3.2722793,3.3549402,3.5796182,2.5900319,2.2115188,3.0182252,2.8614845,2.068081,2.06741,2.1797082,1.991645,1.6550295,1.6586324,1.8781316,2.319899,2.3574662,2.4346006,2.8884044,2.7573755,1.7735946,2.862532,1.923271,1.6677841,2.542471,2.7121704,2.3862977,2.0520482,2.6571488,2.7072887,2.5143485,2.4465039,3.0427012,2.0969577,2.3155785,2.133377,2.7257252,2.7903275,2.8558285,2.7751126,2.848831,2.9962516,2.954533,2.896507,2.8953378,1.9215268,2.8361323,3.659018,2.9703453,2.8399334,3.1976008,3.116534,4.571164,4.122908,4.2498083,4.3857765,3.8364923,4.0054536,4.0682282,4.8910036,3.6677265,3.7482543,3.530145,3.6318798,3.0335448,2.7214255,3.0107265,2.997334,3.6330733,3.251664,3.8123167,3.6286554,4.0819874,3.6538413,3.7023351,3.7347543,2.7475746,3.5803542,3.2665138,2.903853,3.7895925,3.7895925,3.0562391,2.6495645,2.9329176,2.9329176,2.765812,2.5059052,2.6821396,2.7666254,2.7286594,2.5937095,2.7391,2.7627947,2.9328358,2.9149222,3.7371447,4.7530413,2.9567115,3.1866574
18,3.1073031,3.1213212,2.8960626,3.0213315,3.246639,3.1016169,2.8329568,2.8612196,2.7088377,2.2498991,2.509483,3.023796,2.4314728,2.6189148,3.0229447,2.657596,0.89992505,2.1222773,0.0,2.1366413,2.145022,2.5798104,3.4113617,3.2604125,3.9380522,3.5139148,2.5231018,2.6293697,2.6251097,2.6251097,2.6830342,3.0857139,3.2462673,2.9446487,3.4531794,3.3120878,2.722373,2.7301528,2.7938788,2.5787024,2.3350778,2.3332827,2.2772508,1.8642129,2.8683941,2.7526538,2.8909137,2.776308,2.250548,3.6611426,2.1825812,1.9782028,3.1219428,2.877088,2.6756775,2.6611269,2.6420121,2.6509755,2.6278963,2.6408713,2.677346,1.9416213,2.7081175,2.5360796,3.5536368,3.1861176,3.1912773,3.3286805,3.3391318,3.7723217,3.6559904,3.621222,3.449381,3.3390644,3.1802955,4.036176,3.3685575,3.2444253,3.2743173,3.2350967,4.593436,3.924885,4.1810937,4.422035,4.5448513,4.535265,4.338115,5.2579923,3.7040954,3.8145902,3.6428406,3.7192066,3.6829329,2.9605715,3.6870053,3.5806663,3.361684,3.203149,3.4686852,3.361272,3.8140638,3.7001674,3.5560887,3.9424517,2.6183312,3.3947852,2.980273,2.668112,3.104934,3.104934,2.9807818,3.0078535,2.3630922,2.3630922,2.1057525,1.8072172,2.0804825,2.1867974,2.1329708,2.0686457,1.9524605,1.9142673,2.1269658,2.1687288,3.7717512,4.807008,4.1453266,4.1874223
19,2.3879764,4.2647376,1.9230306,2.054912,3.556036,2.416811,1.8539414,1.8682894,2.5812402,1.9504466,2.269519,2.044217,2.1148405,2.3405538,2.3441255,2.5214052,1.8116972,1.8310446,2.1366413,0.0,3.195488,3.2865546,2.7454004,2.5147903,4.1351333,3.7382479,3.3335857,3.444271,2.9049702,2.9049702,2.996805,3.1810246,2.5130708,2.1663177,3.143459,3.0018852,1.5902255,1.5923724,2.1778994,1.9785342,1.2542064,1.2569202,1.5049453,2.9926753,2.1926548,2.0610716,2.4963734,2.4143794,1.8173904,2.5658941,1.815635,1.492962,2.9906635,2.1693003,1.8382456,1.3173118,2.550049,2.5881486,2.3744857,2.3977747,2.7577124,1.9406048,2.3138556,2.0323422,2.5272043,2.7048597,2.7861717,2.8027413,2.8801947,2.616273,2.5525312,2.5382352,2.745433,2.9465232,2.6475852,3.5720186,2.7818344,2.6474698,3.0097296,2.905678,4.187084,4.0178638,3.7924845,3.9501462,3.5090516,3.4922695,3.7300045,4.373559,2.6198316,2.74546,2.5697403,2.6294312,2.553087,2.6314573,2.47688,2.4206336,3.387727,3.1154625,3.553483,3.385995,4.0560412,3.8434107,3.5632057,3.7235346,2.4060812,3.2590923,2.8056855,2.5174735,3.4533777,3.4533777,2.7667365,2.7547846,2.7129898,2.7129898,2.5232706,2.2568712,2.538014,2.5873604,2.659881,2.505253,2.671082,2.628883,2.8589542,2.72289,2.778276,3.9784753,3.4651568,3.642322
20,4.328891,4.0999756,3.5923169,4.247024,4.263849,4.088382,4.1471367,4.1496916,3.8828118,3.6690066,3.8731484,4.251812,3.6023393,3.7833138,4.200117,3.862501,2.3531435,3.1694937,2.145022,3.195488,0.0,1.3001862,2.7671504,2.6410153,3.4388015,3.2456448,1.4598846,1.6794492,1.827156,1.827156,1.8354423,2.2455232,4.291469,4.004229,4.537482,4.3968167,3.988556,3.979026,3.8409228,3.2292314,3.7061274,3.707143,3.598186,3.1368906,4.039587,4.0327706,2.7691374,2.8224401,3.0125906,4.1752205,3.1472313,2.9736905,4.4110475,4.17223,3.6674356,3.5929484,3.416769,3.4037428,3.3664742,3.336775,3.452575,2.8847675,3.4155276,3.1676648,3.8723085,3.6659455,3.7086387,4.2338443,3.6426783,4.062321,3.9859746,3.9478488,4.07585,4.099184,3.6268358,4.3379,4.0322423,3.740786,4.006622,3.972374,5.0353518,4.3495603,4.6152034,4.8454776,4.846937,4.772595,4.469155,5.3623414,4.08662,4.276629,4.0162625,4.134411,4.1804376,3.547296,4.152565,4.209752,4.455204,4.2082667,4.5637884,4.4524255,5.160369,4.8080177,4.571914,4.729386,3.5102239,4.059111,3.009098,3.566488,3.942962,3.942962,3.7925272,3.7001042,3.622704,3.622704,3.1914227,2.9516933,3.1708713,3.2538967,3.248094,3.1342053,3.0543568,3.0245497,3.266216,3.105151,4.6516924,5.4596486,4.895602,5.0573096
21,4.35736,4.2122397,3.394755,4.154329,4.033501,4.0284333,4.0819607,4.0856075,3.7194903,3.7046933,3.8553727,4.228824,3.5538077,3.755618,4.157176,3.7792382,2.7313418,3.121427,2.5798104,3.2865546,1.3001862,0.0,2.4971504,2.3432546,3.3780973,3.3125973,1.3167868,1.5683339,1.7410082,1.7410082,1.7376719,1.7736547,3.9738317,3.624706,4.2045302,4.062307,3.8850543,3.8697507,3.4615493,2.7965488,3.6250591,3.6293101,3.6236105,3.0983782,4.0770307,4.1159306,2.7198782,2.5024166,2.7636743,3.8971481,2.952842,2.7792325,4.373099,4.2859707,3.6986213,3.4339159,3.4684684,3.4979038,3.3178067,3.2687824,3.445905,2.9395132,3.0145953,2.9843705,3.4861302,3.3855798,3.4596705,3.9957662,3.4508877,3.748792,3.725602,3.6798203,3.784055,3.6362674,3.4785085,4.1806793,3.857122,3.5591984,3.8972723,3.9246476,5.2218437,4.5571012,4.815441,5.035571,4.6110377,4.558591,4.317173,5.1945314,4.0038624,4.0879774,3.8615985,4.0129294,3.8762891,3.3293538,3.9554453,3.9902353,4.010824,3.7020268,4.162938,4.0114517,4.792415,4.344822,4.1363096,4.221372,3.2486665,3.5224147,2.672486,3.3574233,4.257319,4.257319,3.5711706,3.4348052,3.601665,3.601665,3.134209,2.872638,2.9622176,3.0557442,3.0960977,2.9063084,2.9352891,2.9716415,3.2648783,3.0923212,4.5806823,5.337202,4.539487,4.692432
22,3.982667,5.416073,2.884243,3.8272347,4.760951,3.8694074,3.7351031,3.7468174,3.9200132,3.8230646,4.0594006,3.844323,3.7329335,3.9572017,3.8737764,3.963857,3.2870119,3.3634062,3.4113617,2.7454004,2.7671504,2.4971504,0.0,1.106476,3.651613,3.6532562,2.5271132,2.6772478,1.9841962,1.9841962,2.047756,2.0196095,4.0669203,3.7590356,3.9586487,3.7954984,3.4741573,3.4523122,3.6947806,2.8983686,3.3619947,3.36986,3.2614741,4.306314,3.7360358,3.7006056,2.1282804,2.0506396,2.7970028,3.348826,3.1199324,2.9322596,4.472161,3.8025327,3.1294262,2.799881,3.5739067,3.6222675,3.4659357,3.4267683,3.5962915,3.0273705,2.9896545,2.8365839,2.9906049,3.2005765,3.4355743,3.9109492,3.2719367,3.0200832,3.0166502,3.0278962,3.5461693,3.8845956,3.1829405,3.8875515,3.5626073,3.2272105,3.69849,3.642797,4.547543,4.4345593,3.9961047,4.3895082,3.9084992,3.8238218,4.054701,4.5272365,3.0613117,3.1998289,2.887328,3.0481613,3.085605,3.2707176,3.0671756,3.103728,4.5681167,4.131962,4.6702886,4.565656,5.0257587,4.4751477,4.654402,4.427024,3.6491833,3.903601,3.1781979,3.8258488,4.4959755,4.4959755,4.0106397,3.215544,4.2975426,4.2975426,3.8946073,3.647036,3.8173807,3.861779,3.9192145,3.7479706,3.9341304,3.9933016,4.2294354,4.0006495,4.176009,4.9256988,4.4015727,4.726424
23,3.7884724,5.323863,2.6179402,3.6545856,4.6105385,3.679438,3.5390916,3.545236,3.7473156,3.6453946,3.8593228,3.6032884,3.5362556,3.7865958,3.6761165,3.8033502,3.2421217,3.2983458,3.2604125,2.5147903,2.6410153,2.3432546,1.106476,0.0,3.424816,3.4362352,2.2151942,2.3571153,1.5217092,1.5217092,1.5653659,1.4582181,3.9400446,3.611301,4.207304,4.049508,3.2784464,3.2583756,3.550262,2.8414266,3.1999252,3.205593,3.1909802,4.228455,3.6830723,3.6542978,2.0262651,1.9467692,2.835874,3.2097256,2.9873898,2.7904894,4.500732,3.7700999,3.075743,2.7472615,3.3701715,3.434845,3.2425158,3.213487,3.5151343,2.9435534,3.1730876,3.0434206,3.1350927,3.517118,3.6851242,4.1156225,3.558849,3.2503767,3.246032,3.229139,3.79116,3.813062,3.5155575,4.157871,3.8660498,3.5511494,3.9815311,3.9488614,4.8070736,4.6938787,4.3135,4.6072335,4.1375823,4.0369697,4.294008,4.731876,3.278243,3.4295774,3.1663234,3.3054128,3.3203652,3.5571048,3.314429,3.3780653,4.156194,3.9486914,4.271289,4.1513944,4.9485173,4.588844,4.28948,4.525369,3.1569319,3.441384,2.5194523,3.3065715,4.1524186,4.1524186,3.4797544,3.4977717,3.8824334,3.8824334,3.4556282,3.2172668,3.4224331,3.4868026,3.5434122,3.367051,3.5843236,3.5712671,3.807719,3.5815628,3.7381582,4.5759096,4.2184033,4.393863
24,4.6292067,5.2387114,3.8481293,4.4560432,5.780982,5.260383,4.524174,4.544019,4.1903605,4.27747,4.3293953,4.4465203,4.043566,4.1227546,4.1677146,4.0290856,4.065283,3.8459406,3.9380522,4.1351333,3.4388015,3.3780973,3.651613,3.424816,0.0,1.2934043,3.0999665,3.0268764,2.9454565,2.9454565,2.9691498,3.2231348,5.025216,4.706862,5.1141186,4.943108,4.3004017,4.2799788,4.6317463,4.117481,4.2424126,4.2433267,4.1105657,4.4704466,4.569017,4.52876,2.3870673,3.5822554,3.9224286,4.331926,4.649107,3.8620644,4.083797,4.6658907,4.163899,4.1726966,4.1877484,4.165646,4.1375265,4.0978804,3.6639233,4.315769,4.3336997,4.2140594,4.182298,4.524418,4.595489,4.9153013,4.251119,4.4985104,4.431487,4.377213,4.7194853,3.6182704,4.3927536,5.1502337,4.75328,4.4793134,4.777061,4.7194934,4.696604,4.295319,4.97255,5.188621,5.0464497,5.1887093,5.350776,6.096709,4.9623585,5.1933336,4.81733,4.9577007,4.661995,4.5602193,4.552775,4.746703,4.832079,4.7808795,4.9528837,4.821384,5.4079585,5.0767813,4.986765,5.5167093,3.6107922,3.8233895,3.5208223,3.7295492,4.114788,4.114788,3.9002175,3.9617472,3.9116638,3.9116638,3.6065912,3.6839795,3.7157445,3.719833,3.708527,3.6028385,3.866607,3.7667935,3.842716,3.7481709,4.608842,4.5408106,3.3046482,3.55631
25,4.5407248,5.1718817,3.8669674,4.3197136,5.477066,5.1290135,4.3624206,4.38772,4.2309422,4.145543,4.184252,4.3265543,3.9270794,4.041336,4.0663733,3.945342,3.6351595,3.368594,3.5139148,3.7382479,3.2456448,3.3125973,3.6532562,3.4362352,1.2934043,0.0,3.1631927,3.1325471,2.9695785,2.9695785,3.0078955,3.303577,4.8016834,4.4719734,4.880134,4.702935,4.0603724,4.0411353,4.3931665,3.928526,3.9787683,3.979229,3.8672192,4.2321796,4.2761636,4.3230133,2.315048,3.2578373,3.8178306,4.30987,4.4954066,3.7112503,3.8841267,4.5273013,3.9960487,4.0201507,3.9911468,3.9568114,3.9530425,3.8764262,3.6600668,4.2059135,4.1794486,4.109484,4.09189,4.3036504,4.3456163,4.668271,4.210677,4.4136157,4.3367934,4.272512,4.5805755,3.524101,4.253544,5.091147,4.6384225,4.353161,4.6287303,4.55251,4.6517725,4.18587,4.8714085,5.127798,4.9596825,5.1078053,5.249155,6.0271497,4.837015,4.9545565,4.6839046,4.8426547,4.417509,4.2793236,4.4256577,4.472754,4.3256574,4.258876,4.451349,4.3115783,4.8876224,4.5420527,4.4687405,5.0424447,3.4577665,4.0884,3.511241,3.6427045,4.040359,4.040359,3.748282,3.7685137,3.7514765,3.7514765,3.4681761,3.5383945,3.4872706,3.4705796,3.400632,3.3462358,3.6754987,3.5840628,3.6944978,3.6419783,4.5221925,4.4743056,3.0488393,3.243436
26,4.2029185,4.380833,3.2924383,4.136143,4.5164995,4.305451,4.038256,4.053554,3.7436514,3.7213752,3.8350482,4.125978,3.6433277,3.846147,4.0689526,3.8216364,2.8979974,3.3555136,2.5231018,3.3335857,1.4598846,1.3167868,2.5271132,2.2151942,3.0999665,3.1631927,0.0,0.7792564,0.95292366,0.95292366,0.9079133,1.3910352,4.470997,4.1130996,4.5324297,4.369606,3.8758483,3.8682036,3.9588149,3.330646,3.671997,3.6742814,3.5562487,3.4719124,4.058746,4.0849895,2.6098652,2.4069507,3.1047647,4.0727944,3.1305656,3.0283194,4.48127,4.144754,3.5263176,3.5210593,3.3498688,3.408722,3.376129,3.349753,3.433352,2.8577695,3.4770272,3.4234097,3.9592316,3.892909,3.9870539,4.4387555,3.9013958,4.218124,4.158473,4.11545,4.350262,3.90412,3.973512,4.6584144,4.3081183,4.0398974,4.18188,4.190495,5.1608424,4.6490445,4.6363463,4.95512,5.0100083,4.966983,4.846046,5.6480794,4.340719,4.467532,4.243969,4.3751254,4.243316,3.8357449,4.2981205,4.308715,4.05531,3.9738994,4.147406,4.0525856,4.7438045,4.452622,4.211384,4.66436,3.3172324,3.484507,2.7536867,3.3732586,3.7750313,3.7750313,3.5960693,3.7727196,3.6044235,3.6044235,3.1595516,2.9214566,3.0583742,3.1678145,3.1087375,3.0193923,3.082372,3.0886388,3.2451148,3.2418745,4.5308805,5.430046,4.606117,4.679563
27,4.2762218,4.466418,3.3848786,4.227748,4.5610633,4.339591,4.13976,4.161688,3.707686,3.7779505,3.916488,4.1773567,3.709636,3.910079,3.8993196,3.6285708,3.0509162,3.5229144,2.6293697,3.444271,1.6794492,1.5683339,2.6772478,2.3571153,3.0268764,3.1325471,0.7792564,0.0,1.1277028,1.1277028,1.0652822,1.420197,4.549096,4.213623,4.6391196,4.482561,3.9816763,3.973183,4.0730867,3.4896886,3.8341148,3.8357265,3.7265728,3.6449444,4.42446,4.196183,2.6725686,2.6083775,3.2864826,4.216394,3.3424573,3.150625,4.533879,4.2200184,3.6503644,3.650434,3.5158834,3.6019151,3.5245862,3.5024858,3.109122,3.0574179,3.6095176,3.546186,4.035762,4.0479684,4.1366696,4.5652776,3.9802644,4.312663,4.2413898,4.2037635,4.4175982,4.0128164,4.0698595,4.6889315,4.4156766,4.1582475,4.3165703,4.3086896,5.185547,4.676296,4.7139716,5.0622406,5.100625,5.060703,5.0704846,5.6997857,4.3981276,4.5392933,4.303556,4.441443,4.360958,4.00349,4.397141,4.438671,4.1641555,4.080749,4.251256,4.164347,4.8550034,4.592998,4.4901824,4.793846,3.3919036,3.5385385,2.8406217,3.4398956,4.0709944,4.0709944,3.8575363,4.044151,3.6677647,3.6677647,3.2311592,2.9917471,3.1590092,3.2647157,3.2187629,3.1207242,3.2116761,3.1712236,3.335888,3.2669075,4.5701838,5.357508,4.6674,4.7024126
28,4.002552,4.837809,2.8896735,3.8364236,4.5340576,4.0310545,3.711747,3.7321825,3.6242766,3.5743883,3.7307312,3.7835085,3.5205026,3.7392092,3.7194846,3.6606457,2.9075506,3.2722793,2.6251097,2.9049702,1.827156,1.7410082,1.9841962,1.5217092,2.9454565,2.9695785,0.95292366,1.1277028,0.0,0.0,0.17786601,1.0540318,4.3023753,3.9914172,4.445306,4.264203,3.5149338,3.502154,3.8588898,3.211826,3.3850567,3.3882697,3.257353,3.7796655,3.815809,3.7132652,2.0679154,1.9064679,3.00498,3.7656279,3.0744772,2.8832042,4.3822536,3.8531332,3.1420076,3.1492977,3.1108897,3.174235,3.1396546,3.12848,3.2401524,2.7659457,3.325755,3.2737825,3.6969576,3.794613,3.9176416,4.350174,3.7969499,3.9246316,3.8553905,3.836555,4.2110004,3.8807573,3.842221,4.51129,4.174875,3.8932414,4.0578737,4.0445538,4.8723392,4.5548186,4.33552,4.634454,4.615178,4.554256,4.6231575,5.245936,3.9448435,4.0760674,3.8370793,3.9808824,3.925898,3.7800198,3.9536502,3.9598207,3.9388762,3.8659904,4.0821834,3.9369116,4.640619,4.380721,4.1179924,4.590541,3.1427453,3.3784218,2.609494,3.2308571,3.658699,3.658699,3.4850485,3.686409,3.5826738,3.5826738,3.126917,2.881836,3.0710838,3.1610906,3.0939255,3.0245612,3.1598678,3.1474001,3.305271,3.239462,4.126481,4.992455,4.3244863,4.378555
29,4.002552,4.837809,2.8896735,3.8364236,4.5340576,4.0310545,3.711747,3.7321825,3.6242766,3.5743883,3.7307312,3.7835085,3.5205026,3.7392092,3.7194846,3.6606457,2.9075506,3.2722793,2.6251097,2.9049702,1.827156,1.7410082,1.9841962,1.5217092,2.9454565,2.9695785,0.95292366,1.1277028,0.0,0.0,0.17786601,1.0540318,4.3023753,3.9914172,4.445306,4.264203,3.5149338,3.502154,3.8588898,3.211826,3.3850567,3.3882697,3.257353,3.7796655,3.815809,3.7132652,2.0679154,1.9064679,3.00498,3.7656279,3.0744772,2.8832042,4.3822536,3.8531332,3.1420076,3.1492977,3.1108897,3.174235,3.1396546,3.12848,3.2401524,2.7659457,3.325755,3.2737825,3.6969576,3.794613,3.9176416,4.350174,3.7969499,3.9246316,3.8553905,3.836555,4.2110004,3.8807573,3.842221,4.51129,4.174875,3.8932414,4.0578737,4.0445538,4.8723392,4.5548186,4.33552,4.634454,4.615178,4.554256,4.6231575,5.245936,3.9448435,4.0760674,3.8370793,3.9808824,3.925898,3.7800198,3.9536502,3.9598207,3.9388762,3.8659904,4.0821834,3.9369116,4.640619,4.380721,4.1179924,4.590541,3.1427453,3.3784218,2.609494,3.2308571,3.658699,3.658699,3.4850485,3.686409,3.5826738,3.5826738,3.126917,2.881836,3.0710838,3.1610906,3.0939255,3.0245612,3.1598678,3.1474001,3.305271,3.239462,4.126481,4.992455,4.3244863,4.378555
30,4.034078,4.8403625,2.9636436,3.920021,4.5877175,4.1040516,3.7973135,3.8174307,3.6899374,3.6549318,3.8062475,3.8627563,3.5867,3.8150406,3.7805445,3.7187471,2.9779482,3.3549402,2.6830342,2.996805,1.8354423,1.7376719,2.047756,1.5653659,2.9691498,3.0078955,0.9079133,1.0652822,0.17786601,0.17786601,0.0,1.0002054,4.378031,4.0633235,4.5416536,4.3631682,3.5895326,3.577101,3.9292257,3.2880306,3.4779387,3.4809556,3.3521917,3.832237,3.910628,3.804235,2.139953,1.9818269,3.081954,3.8544989,3.1493745,2.9661648,4.455686,3.932618,3.226301,3.2439756,3.1673844,3.236931,3.2038422,3.185807,3.2895312,2.839672,3.4024034,3.357141,3.7674825,3.8633459,3.9809525,4.416442,3.8622918,3.9986207,3.928201,3.9029741,4.281623,3.9537022,3.9105833,4.574183,4.2498364,3.964956,4.1191473,4.1126657,4.9211545,4.5913253,4.3800225,4.7090898,4.7266517,4.6629515,4.7279773,5.350466,4.0045295,4.136973,3.9033477,4.0448318,3.990437,3.83694,4.0242043,4.0297484,3.9786143,3.9111006,4.0961957,3.9757009,4.7073917,4.4538355,4.165736,4.635096,3.1989956,3.4177177,2.6457076,3.2867062,3.717393,3.717393,3.5397828,3.7754226,3.6379187,3.6379187,3.1813068,2.9388506,3.1267629,3.2176385,3.1439426,3.0757356,3.2165897,3.1984012,3.3469546,3.293687,4.200981,5.051417,4.3927984,4.4540157
