,0,1,2,3,4,5,6,7,8,9,10,11,12,13,14,15,16,17,18,19,20,21,22,23,24,25,26,27,28,29,30,31,32,33,34,35,36,37,38,39,40,41,42,43,44,45,46,47,48,49,50,51,52,53,54,55,56,57,58,59,60,61,62,63,64,65,66,67,68,69,70,71,72,73,74,75,76,77,78,79,80,81,82,83,84,85,86,87,88,89,90,91,92,93,94,95,96,97,98,99,100,101,102,103,104,105,106,107,108,109,110,111,112,113,114,115,116,117,118,119,120,121,122,123,124,125,126,127
0,0.0,0.22635147,1.2545096,1.26183,0.91936636,0.9579422,2.0193942,2.2521186,3.2850347,1.8577286,1.9797424,2.0178204,1.7468045,2.008009,1.2338977,0.9490929,1.6336986,1.1924056,1.2934043,1.8002752,1.1611619,2.0230663,2.0999749,1.6815727,2.3271973,2.690569,1.3210732,1.1116041,1.5399096,1.3328555,0.894608,1.0526189,4.081481,3.847072,2.6765563,2.8393772,2.9043648,2.8882651,3.1128433,2.978928,3.0112062,3.0925424,3.9051309,3.2718081,2.8668363,2.831771,2.670932,2.670932,3.4553254,3.49086,3.287751,3.2938526,3.016239,2.7231476,3.156226,3.0240507,2.1636631,2.1636631,2.6540828,2.2698278,2.8582132,2.073653,1.3313552,1.7676872,3.3598976,3.2861178,3.426301,3.4912095,2.8569114,3.0306025,2.4924867,2.5556755,3.3004255,3.1658902,2.6751103,2.7684975,2.5000858,2.5888424,2.1577587,2.1268651,3.1569774,3.18828,3.15918,3.1721916,2.591841,3.026723,3.2415414,2.5386853,3.067997,3.3454857,2.8821592,2.9748871,2.5676663,2.0787032,2.9336321,2.5173628,2.6908946,2.7721453,2.9478164,2.9808364,3.294138,3.4239593,3.3136916,3.0046918,2.44512,2.5076256,3.4305398,3.4874797,3.3363774,2.6193173,2.984363,2.9717436,3.0258057,3.4238126,3.1160893,3.5879812,2.0939102,2.1911905,2.2454667,2.4826038,3.6145375,2.6187174,3.3797693,3.4288623,3.2562733,3.203354,3.6333146,3.1186795
1,0.22635147,0.0,1.2827883,1.2933078,0.97218764,0.9974186,2.1037416,2.3059845,3.312374,1.9067899,2.058371,2.0854073,1.7465051,1.9917125,1.2578756,0.9804059,1.6591198,1.2601842,1.3709388,1.9053192,1.1662829,2.0423331,2.022821,1.7948712,2.3909435,2.7852957,1.3610729,1.1203982,1.6795247,1.4675957,0.9332646,1.1043974,4.1585507,3.9252796,2.813611,2.9446697,2.9560444,2.9401276,3.1723452,3.058593,3.064335,3.1561818,3.9895437,3.3828545,3.0021532,2.9419332,2.7756927,2.7756927,3.4288397,3.482134,3.2474525,3.251794,3.0478492,2.7623003,3.1752255,3.037757,2.272893,2.272893,2.6367707,2.2477098,2.8858757,2.035134,1.3268316,1.7912812,3.3914113,3.325303,3.4657958,3.5309837,2.9147897,3.0761867,2.5223722,2.6040707,3.3457341,3.2085454,2.7307472,2.8113427,2.5415273,2.6339004,2.172289,2.1432402,3.1924958,3.2297988,3.1952517,3.2062263,2.6475909,3.0816855,3.3080583,2.587533,3.105854,3.3805299,2.9177754,3.0155714,2.60901,2.1251626,2.959885,2.55512,2.7215555,2.8088028,2.972269,3.0087316,3.2557452,3.3789077,3.3544397,3.0393524,2.4613025,2.4371455,3.3712661,3.4448516,3.3986297,2.6850586,2.9616773,2.99548,3.045001,3.482648,3.1370049,3.6166403,2.125108,2.2307634,2.2821102,2.4409657,3.633115,2.6672056,3.3929281,3.4520931,3.2997308,3.2522912,3.7089152,3.1986558
2,1.2545096,1.2827883,0.0,0.034883615,1.4210997,1.4156276,1.6688333,1.8928723,3.5344663,2.274961,2.15624,2.2264593,1.6143699,1.8575091,1.5411754,1.0911624,1.7107106,1.2125299,1.2772691,1.2753445,1.7106276,2.0386286,1.9697473,1.8384211,2.5415635,2.6760685,1.7426839,1.8371705,2.0345979,1.8962008,1.2164147,1.1830312,4.1360283,3.888153,2.8678775,2.9314132,2.6114495,2.5802014,2.7126527,2.611316,3.0545213,3.128966,3.9117265,3.3203564,2.9465332,2.9164119,2.7894368,2.7894368,3.5700767,3.551663,3.3827329,3.3846912,3.1840622,2.8847759,3.3281121,3.199833,2.4763265,2.4763265,2.8665035,2.5169535,2.9971943,2.3915157,1.575452,1.9596807,3.325766,3.2503362,3.299509,3.38442,2.7621377,2.9398575,2.5775297,2.5238564,3.3043134,3.224292,2.6511598,2.4425573,2.4185011,2.5108442,2.260268,2.2201154,3.2549388,3.2943776,3.2501218,3.2621546,2.577087,3.0190012,3.3576932,2.6404188,3.0836222,3.3654842,2.8875902,2.9868007,2.2721536,1.713743,2.7513716,2.2745833,2.8052337,2.9164453,3.0934792,3.1096606,3.4041576,3.2606997,3.3791614,3.05838,2.6329818,2.6118946,3.7419086,3.4234734,3.476266,2.6542447,2.7761767,2.7830508,3.0788023,3.2903113,3.1877594,3.190589,2.181158,2.2257297,2.2199526,2.2492244,3.580704,2.5764346,3.4152842,3.456258,3.2139359,3.1611865,3.4288275,3.1576746
3,1.26183,1.2933078,0.034883615,0.0,1.4312193,1.4274571,1.6604285,1.8800685,3.5312018,2.2739577,2.152666,2.2241828,1.6265703,1.8647697,1.5487125,1.1036543,1.7217624,1.2177066,1.283452,1.2770879,1.7148573,2.037865,1.9805633,1.8309847,2.5335724,2.6697636,1.7524872,1.8467432,2.0343554,1.8990903,1.2281088,1.1942581,4.1296864,3.881824,2.859236,2.9218204,2.6041353,2.5722706,2.706042,2.6040933,3.0498729,3.1213827,3.906026,3.3090198,2.9374156,2.9072022,2.780386,2.780386,3.5726242,3.5507011,3.3869345,3.3891058,3.1839015,2.8859882,3.330317,3.2025275,2.4795291,2.4795291,2.8768427,2.5286407,2.9931982,2.4010217,1.5847751,1.9594858,3.3291025,3.2533932,3.2987878,3.3849914,2.7674086,2.9455013,2.5825415,2.5279047,3.3069017,3.2295933,2.6560392,2.4466498,2.4243011,2.5166194,2.2674356,2.2270632,3.2599092,3.299769,3.2541656,3.2665088,2.5810719,3.0222895,3.3611877,2.6466992,3.0868728,3.3672056,2.8894584,2.989846,2.2770672,1.7221634,2.753842,2.2781634,2.8091319,2.9211147,3.0952342,3.1123748,3.408396,3.2658417,3.3779385,3.0598757,2.6407366,2.6243892,3.7472034,3.4281206,3.4789112,2.6571553,2.7879233,2.7903342,3.0811038,3.2907603,3.1910124,3.1910682,2.1862488,2.2286866,2.2246182,2.2587166,3.5860066,2.5814185,3.4227054,3.4610298,3.2155807,3.1624227,3.423461,3.1552777
4,0.91936636,0.97218764,1.4210997,1.4312193,0.0,0.11332574,1.7554018,2.1159127,3.3277555,1.8953898,2.0955884,2.1022441,1.5285109,1.7983718,1.2757863,0.80541956,1.3917224,1.0194148,0.95275176,1.6359743,1.5464126,1.8498365,1.8928688,1.5262673,2.319383,2.4094117,0.7724681,0.61308324,1.7406704,1.0604832,0.98622173,1.1410187,4.0569105,3.8211353,2.6920862,2.829106,2.992677,2.9769285,3.1112108,2.8522284,3.128072,3.379744,3.9363866,3.3690841,2.785576,2.9226646,2.670118,2.670118,3.5422301,3.6408012,3.3371587,3.3434896,3.1098826,2.8114252,3.2490742,3.1009207,2.0476768,2.0476768,2.7205076,2.3436098,2.964187,2.2063537,1.4376522,1.9059347,3.2033792,3.1152852,3.2375057,3.3012729,2.6537101,2.8581042,2.592448,2.6676245,3.1194394,3.003394,2.4695203,2.570177,2.3961637,2.3406894,2.017071,1.976526,3.034217,3.065682,3.0319662,3.0423315,2.5634334,2.9059136,3.1038985,2.3458903,2.9030366,3.2162669,2.8740013,2.8207626,2.3824303,1.8239458,2.9787805,2.5508819,2.5110323,2.6378028,2.8179004,2.809709,3.1341763,3.3125339,3.1509764,2.8418365,2.1962435,2.235977,3.4189289,3.3673127,3.2562006,2.6152556,2.6782753,2.8019528,2.9217815,3.2444963,3.0177078,3.424715,1.906701,1.9537356,2.0522115,2.2354417,3.448342,2.36712,3.1466086,3.1783805,3.0401516,3.042233,3.799469,3.1577225
5,0.9579422,0.9974186,1.4156276,1.4274571,0.11332574,0.0,1.7556845,2.1250644,3.347123,1.929359,2.1032362,2.108332,1.4913915,1.7770847,1.2440647,0.7611177,1.3621447,0.9956325,0.9143017,1.6434189,1.5859046,1.8483083,1.8251783,1.5343261,2.337356,2.3923721,0.7244889,0.6090283,1.7860838,1.14048,0.9518977,1.1022737,4.054063,3.8166924,2.715216,2.8349693,2.991895,2.9787586,3.0962667,2.8381243,3.1171918,3.369772,3.936973,3.3696742,2.794601,2.9165366,2.6761358,2.6761358,3.5213606,3.619257,3.3067596,3.312597,3.1132066,2.8083446,3.2445776,3.095417,2.0667667,2.0667667,2.7048507,2.3284283,2.9730783,2.1992245,1.4115772,1.9031194,3.189567,3.1026542,3.2345428,3.2987137,2.640188,2.845219,2.6048207,2.6672158,3.1103678,2.9930303,2.4593098,2.5572522,2.3765452,2.3172925,1.9932283,1.9510605,3.0279536,3.0640807,3.0242617,3.0350146,2.5445259,2.8891068,3.1109438,2.3396668,2.8954153,3.2119868,2.870193,2.8134747,2.3706439,1.808536,2.9774692,2.5455685,2.5004585,2.630659,2.8376257,2.8228014,3.1259525,3.299069,3.1638079,2.8495257,2.205119,2.205088,3.4138188,3.3627605,3.2630286,2.63668,2.6405158,2.790518,2.9122815,3.2288275,3.004198,3.4175398,1.8849431,1.9313886,2.0225313,2.181927,3.4374604,2.3508654,3.1338668,3.174352,3.0326047,3.0355976,3.8138413,3.1637104
6,2.0193942,2.1037416,1.6688333,1.6604285,1.7554018,1.7556845,0.0,1.3068736,3.175187,1.7310556,1.8698868,1.8835516,2.2287893,2.476541,2.124727,1.834223,2.331676,1.8929447,1.7570281,1.7575766,2.4358232,2.5326145,2.3984737,1.0718712,2.0144744,1.9462945,2.0677092,2.1868517,2.6694813,2.1713538,2.0087023,1.9818594,3.7642527,3.4920313,2.3502028,2.4674578,2.157727,2.1631167,2.2106836,1.8672634,2.7851522,3.1108603,3.7062688,3.0538437,2.3192892,2.592414,2.2626662,2.2626662,3.938383,3.98702,3.7293596,3.742415,3.5464098,3.316886,3.6908004,3.5206316,2.7807975,2.7807975,3.2952023,3.0208886,2.8794181,2.9075396,2.309093,2.6220198,3.5921516,3.552574,3.703019,3.7917924,3.196037,3.4115815,3.2428393,3.2444777,3.571308,3.4450867,3.1329992,2.9139016,2.9767663,2.9135518,2.678582,2.6267157,3.5186856,3.589459,3.475323,3.4981492,3.0760756,3.3913765,3.5666661,3.0125344,3.334436,3.5611486,3.2691727,3.2244294,2.6332552,2.1713076,3.1459558,2.8254116,3.023666,3.1715412,3.359617,3.3735917,3.6385365,3.5266452,3.6421762,3.413736,2.9617677,2.9791229,3.947531,3.6660337,3.7210283,2.9908516,3.1425676,3.2339468,3.3843715,3.6272109,3.4721606,3.5417752,2.5776017,2.5886421,2.6696343,2.5373938,3.8721938,2.929767,3.5711987,3.5901358,3.5188005,3.4633055,3.961015,3.5424647
7,2.2521186,2.3059845,1.8928723,1.8800685,2.1159127,2.1250644,1.3068736,0.0,3.3927448,2.1897612,2.1694455,2.1342812,2.4550068,2.187405,2.3907948,2.0792868,2.57593,2.180383,2.0578318,2.1581862,2.6892252,2.258666,2.6225288,1.5698673,2.25274,2.3291924,2.3776684,2.5239656,2.7674646,2.5724823,2.3150039,2.2791328,3.8927102,3.6363034,2.5929358,2.6212776,2.4583392,2.3620927,2.549993,2.2687416,2.7874918,2.9425106,3.7143629,3.0824358,2.6009908,2.5286014,2.461248,2.461248,4.0724616,4.0174212,3.8395715,3.8417456,3.6770175,3.5125225,3.860252,3.664164,3.0534325,3.0534325,3.4393644,3.1870809,2.5929382,3.0006633,2.5062165,2.8070915,3.709143,3.7069457,3.482765,3.632832,3.5488636,3.7543738,3.613716,3.5547202,3.764813,3.7671463,3.4756045,3.188557,3.1940029,3.137523,2.9044328,2.8701634,3.673179,3.7471192,3.628274,3.6520636,3.1958604,3.5049233,3.769356,3.2075906,3.4584336,3.6589868,3.3949764,3.3787973,2.8093903,2.375985,3.3307657,3.009133,3.2709804,3.4316814,3.520373,3.5490239,3.7289996,3.6686146,3.7967536,3.6158595,3.2744884,3.2514083,4.251891,3.8781962,4.1391397,3.4832613,3.6242905,3.680459,3.5331829,3.7823708,3.8166418,3.6670547,2.791595,2.7838142,2.8534677,2.8067062,3.9958305,3.1309001,3.8063169,3.7826958,3.7008805,3.598919,3.916492,3.689147
8,3.2850347,3.312374,3.5344663,3.5312018,3.3277555,3.347123,3.175187,3.3927448,0.0,2.9789922,3.2940714,3.2149272,3.8003972,3.934169,3.5967355,3.4564302,3.7899332,3.5647395,3.5763013,3.7287192,3.5648465,3.9153209,3.8075583,3.035072,3.3333044,3.6569347,3.5611901,3.4635255,3.8968816,3.4615946,3.4958951,3.5382752,2.683082,2.6247973,2.3051527,2.3591175,2.1836495,2.1585166,2.433156,2.3047345,2.468788,4.1769958,3.7970443,3.2637932,2.4481773,4.0429688,2.1475394,2.1475394,2.5850658,2.805123,2.3071303,2.3276916,1.94448,2.2762654,2.1108687,1.8120146,2.8493824,2.8493824,2.953448,3.4647162,3.0007544,3.2671323,3.5018115,3.2782683,2.8471828,2.8401034,3.0957277,3.1219728,3.2827647,3.3981135,2.9556541,3.1253562,2.7948184,2.7452853,3.315557,3.276766,3.1340375,3.1414435,2.6198094,2.6371205,2.498914,2.5909543,2.456736,2.4724343,3.1007311,3.0470018,2.6270576,2.9252706,2.4585333,2.306695,2.35511,2.4209876,2.8912628,3.5774634,2.3263862,2.8575978,2.1083164,2.2747993,2.3249063,2.3763242,2.532821,2.6377683,2.720773,2.7464108,3.0715718,3.8691113,2.8419921,2.7832131,2.8932192,2.9998403,4.155905,3.345182,2.4097323,3.2768142,2.5015202,3.0638049,2.76546,2.730836,2.931717,2.7724376,3.0623572,3.05771,2.6839502,2.7557824,2.9540966,2.7897718,3.6021702,2.6964743
9,1.8577286,1.9067899,2.274961,2.2739577,1.8953898,1.929359,1.7310556,2.1897612,2.9789922,0.0,1.2457131,1.3429036,2.6002345,2.8395998,2.3709395,2.1068835,2.3169942,2.2260554,2.2017972,2.4799504,1.7674179,2.8401213,2.6322324,1.5342754,2.5899322,2.9924593,2.1934745,2.1318052,2.805091,2.1689618,2.1384692,2.1923437,3.997298,3.7559164,2.5843585,2.7663622,2.5322597,2.5249982,2.7717023,2.6871266,2.8791206,3.272342,3.9754782,3.500505,2.7543,3.036949,2.5642743,2.5642743,3.7800505,4.1610565,3.773524,3.7832608,3.6363857,3.422885,3.7017841,3.5491626,2.675797,2.675797,2.9567869,2.5788057,2.7153957,2.7239645,2.305051,2.6431668,3.825299,3.6582203,3.9960558,3.9398236,3.3262658,3.4890473,2.9597983,3.1431093,3.83433,3.5035906,3.2102308,3.2315238,3.151326,3.2076132,2.84758,2.818012,3.4995613,3.5534346,3.4595606,3.4693055,3.157172,3.5408013,3.536206,2.9847038,3.5855596,3.7601862,3.4107475,3.4585755,3.124248,2.697199,3.3781776,3.1103833,3.2072613,3.1391978,3.3201368,3.385745,3.5942376,3.6529665,3.741175,3.4899485,2.646504,2.6625326,3.5603695,3.5105004,3.6532507,2.967134,3.1695316,3.2184317,3.5174112,3.9898725,3.6069727,4.031666,2.8400621,2.922035,3.0181258,3.0408337,4.0580325,3.1950047,3.6645215,3.687933,3.7749224,3.693103,4.4363647,3.7671452
10,1.9797424,2.058371,2.15624,2.152666,2.0955884,2.1032362,1.8698868,2.1694455,3.2940714,1.2457131,0.0,0.7103016,2.3860672,2.665624,2.2012644,1.9388063,1.9948694,1.9538251,1.9110684,2.3355598,1.7020277,2.7105188,2.3868496,1.3920833,2.973801,3.034448,2.13199,2.3026888,2.5520768,2.4248636,1.9700835,1.9240965,3.7385962,3.4827952,2.317129,2.4689074,2.3984885,2.3970895,2.5060825,2.4268851,2.485897,2.5141776,3.3580942,2.7889056,2.3786998,2.2364511,2.1983967,2.1983967,3.583736,3.8632035,3.5840409,3.592677,3.5203314,3.2909775,3.6155784,3.4538155,2.3890078,2.3890078,2.62493,2.2070417,2.5080776,2.570065,2.1033423,2.5631819,3.5227592,3.2910707,3.745827,3.6393466,2.9912548,3.1738186,2.9316607,2.8468904,3.6049411,3.2544854,2.8632839,2.8943152,2.819886,2.9145823,2.6402516,2.6064904,3.2742128,3.348049,3.211583,3.23298,2.599809,3.0419667,3.3345168,2.7296715,3.4376152,3.6101217,3.2335863,3.2883856,2.9587429,2.542833,3.2704015,2.978673,3.1024053,2.9148867,3.3976014,3.4276204,3.6405988,3.6867793,3.77921,3.53343,2.631579,2.625755,3.660521,3.5311222,3.50995,2.9387329,2.9898767,3.0215251,3.2895339,3.5282888,3.392275,3.8010378,2.5450876,2.6167529,2.6496975,2.8281555,3.814931,2.9248555,3.5909984,3.6189115,3.49756,3.4149847,3.9482088,3.4275506
11,2.0178204,2.0854073,2.2264593,2.2241828,2.1022441,2.108332,1.8835516,2.1342812,3.2149272,1.3429036,0.7103016,0.0,2.4354448,2.6905994,2.1776373,1.9760818,2.060269,2.0386338,1.9506059,2.3938873,1.802958,2.6617255,2.407339,1.4526618,2.929698,3.078093,2.1444006,2.3205647,2.6165435,2.4628391,2.0098965,1.99502,4.0192547,3.7717357,2.3126826,2.3881028,2.4118032,2.3943415,2.5295694,2.4229157,2.4825761,2.5996394,3.5166552,2.827855,2.3951669,2.313568,2.204971,2.204971,3.565905,3.7870107,3.5294435,3.535022,3.4810214,3.4384556,3.7372808,3.3872569,2.4040658,2.4040658,2.702224,2.3490133,2.5637515,2.4956877,2.1510081,2.5261946,3.5687935,3.3364913,3.7858171,3.7106187,3.096547,3.2898207,3.0522377,2.9806023,3.628497,3.3074417,3.0207963,3.0527833,2.942902,3.0256822,2.6196787,2.5856888,3.3024344,3.3633687,3.2265394,3.2486968,2.6908998,3.0973234,3.3567927,2.8706527,3.436208,3.603228,3.2578957,3.3011436,3.0022485,2.6414983,3.28847,3.2222188,3.0432014,2.8830986,3.4074235,3.4627671,3.6203613,3.69016,3.7431574,3.5171766,2.7347693,2.74336,3.5694046,3.5549734,3.4779022,2.9276354,3.1032112,3.1060865,3.2503102,3.588035,3.3672419,3.8381894,2.3673584,2.5838692,2.605351,2.749941,3.8808105,2.9915771,3.6280217,3.661702,3.5343518,3.5247567,3.9460714,3.4123588
12,1.7468045,1.7465051,1.6143699,1.6265703,1.5285109,1.4913915,2.2287893,2.4550068,3.8003972,2.6002345,2.3860672,2.4354448,0.0,0.9939806,1.6020285,1.306691,1.232835,1.3169339,1.2230667,1.8402697,2.1179721,2.1129801,1.5070026,1.9994302,2.9120898,2.6825347,1.437824,1.680114,2.091928,2.0269725,1.570929,1.512029,4.1572556,3.8978364,2.8819206,3.0095963,2.9193318,2.920585,2.9365895,2.9224262,2.913505,2.9215038,3.8085124,3.2591174,2.9251387,2.779695,2.8236918,2.8236918,3.6803544,3.6671317,3.451095,3.4540749,3.305229,3.0185876,3.4653542,3.317995,2.3234248,2.3234248,2.570382,2.12891,2.9026785,2.0475106,1.2050252,1.822543,3.1933093,3.137755,3.2706876,3.331164,2.682843,2.7041626,2.960029,2.827541,3.261395,3.1167784,2.570973,2.6105387,2.4382179,2.373353,1.9203322,1.8722104,3.1968057,3.1947582,3.1872568,3.1728098,2.5325413,2.887154,3.311495,2.5749693,3.0841293,3.3968928,3.0809288,2.9856074,2.4393969,1.9281069,3.0629928,2.6731694,2.6985927,2.7969627,3.1324775,3.1059499,3.4185326,3.4794633,3.4472306,3.0966928,2.5625944,2.5040476,3.7103565,3.5687811,3.4127047,2.8685234,2.5323837,2.6621325,2.7974565,3.096192,2.9452105,3.382715,1.9840024,1.9658767,1.8305547,2.229043,3.4499116,2.4286563,3.2949328,3.3276956,3.0997393,3.0513856,3.6455708,3.1838825
13,2.008009,1.9917125,1.8575091,1.8647697,1.7983718,1.7770847,2.476541,2.187405,3.934169,2.8395998,2.665624,2.6905994,0.9939806,0.0,1.9024593,1.5971761,1.6382697,1.6604431,1.573108,2.1246405,2.4211938,1.8500769,1.9019527,2.2807968,3.0302596,2.859553,1.7216413,1.9773335,2.3153214,2.2776864,1.8939604,1.8362327,4.2644157,4.018333,3.1038277,3.228284,3.1787531,3.1198363,3.2005608,3.167666,3.0234447,3.0272295,3.963463,3.4726973,3.1556892,2.9454303,3.0444715,3.0444715,3.8709245,3.8284519,3.614649,3.6107805,3.4446597,3.188398,3.612764,3.4656508,2.584275,2.584275,2.7726846,2.3736959,2.7591276,2.248986,1.5947273,2.1469774,3.329224,3.3152056,3.1024826,3.216229,3.0755093,3.1247475,3.306921,3.1796763,3.4595873,3.4373124,2.9484768,2.8913717,2.6854703,2.6197927,2.216809,2.1876307,3.3719285,3.3692944,3.3659742,3.3501396,2.7530642,3.0814862,3.499128,2.779124,3.2112975,3.5074387,3.2191904,3.1481047,2.6271758,2.1418347,3.2604198,2.840636,2.8976781,3.03345,3.2716384,3.2479515,3.533912,3.6443706,3.5983272,3.291811,2.8371677,2.794253,4.001767,3.7844834,3.7600884,3.2813196,3.0155482,3.101089,2.9870243,3.3071978,3.3012,3.5270226,2.2495894,2.1871717,2.0872386,2.511191,3.5803308,2.6621716,3.4598668,3.4447508,3.293171,3.2047775,3.7685769,3.3363812
14,1.2338977,1.2578756,1.5411754,1.5487125,1.2757863,1.2440647,2.124727,2.3907948,3.5967355,2.3709395,2.2012644,2.1776373,1.6020285,1.9024593,0.0,0.91500634,1.4760858,1.0685077,1.0060916,1.7898917,1.7910184,1.4403808,1.7646248,1.793819,2.6295667,2.4582658,1.183656,1.336455,1.8849255,1.7249535,0.91161895,0.9133411,4.095354,3.8495986,2.778854,2.959546,3.0190725,3.0174794,3.0478888,2.9273078,2.9509344,2.9812167,4.150302,3.1979802,2.8366168,2.7253046,2.7267218,2.7267218,3.5183845,3.4938378,3.2309446,3.2430043,3.1333387,2.8302083,3.2362933,3.075522,2.2078736,2.2078736,2.604789,2.240293,2.8888052,2.1398482,1.2363914,1.897997,3.5204568,3.4608073,3.60468,3.6923218,3.1169858,3.2686543,3.0854287,2.9935,3.553168,3.4797783,2.98254,3.0987647,2.8035707,2.840244,1.9773151,1.9313877,3.494323,3.5461109,3.471025,3.4882615,2.8282313,3.215655,3.6100156,2.9592566,3.381599,3.646177,3.2537804,3.302194,2.990123,2.5957935,3.3949604,3.0122895,2.6069965,2.742544,3.4755764,3.440736,3.721167,3.8797667,3.7648022,3.4752228,2.9935784,2.9651756,3.372465,3.9580743,3.0948184,2.5646935,3.252482,3.3184521,2.8758702,3.5224023,2.973742,3.866604,1.8606133,1.8836951,1.8445467,2.251091,3.831486,2.9075685,3.6132686,3.6582627,3.4736185,3.4290962,3.6828,2.9661713
15,0.9490929,0.9804059,1.0911624,1.1036543,0.80541956,0.7611177,1.834223,2.0792868,3.4564302,2.1068835,1.9388063,1.9760818,1.306691,1.5971761,0.91500634,0.0,1.0794294,0.45124337,0.5325635,1.4734219,1.50292,1.6844242,1.5525011,1.5220352,2.4167235,2.3998365,0.7547105,1.0058353,1.7243899,1.464815,0.44849813,0.50335324,3.9856255,3.7363565,2.656321,2.8236866,2.822971,2.8078208,2.8646393,2.718516,2.8420744,2.9317923,3.6972091,3.126147,2.707703,2.64512,2.5730066,2.5730066,3.4449039,3.4593313,3.1440434,3.1495378,2.9974453,2.6795192,3.1509073,2.9947057,2.031988,2.031988,2.410802,1.9826546,2.6983943,1.8741316,0.96331185,1.7588234,3.0271657,2.9738548,3.1085427,3.1871724,2.5389209,2.7279756,2.5208995,2.437606,3.0520952,2.9676673,2.3684106,2.4339857,2.1465673,2.1849554,1.8252337,1.7723799,3.0164587,3.0621347,3.003169,3.0163982,2.295326,2.7403796,3.1313567,2.3420296,2.8913143,3.2019455,2.762866,2.798336,2.3176458,1.7566954,2.8772802,2.4099934,2.4585156,2.5701058,2.9357748,2.9080517,3.2245445,3.3462427,3.3106344,2.9839501,2.3076675,2.2825258,3.512826,3.4317586,3.224491,2.6435506,2.6624842,2.7330077,2.7658725,3.0362809,2.8849285,3.3158405,1.6918617,1.7396189,1.7561326,2.0457063,3.3146582,2.2526793,3.0932379,3.13256,2.9467914,2.9216926,3.5777707,2.9182236
16,1.6336986,1.6591198,1.7107106,1.7217624,1.3917224,1.3621447,2.331676,2.57593,3.7899332,2.3169942,1.9948694,2.060269,1.232835,1.6382697,1.4760858,1.0794294,0.0,0.9536382,0.9091958,1.667834,1.6054357,1.9371613,1.4070488,1.9438184,3.1206853,3.000311,1.1693232,1.4567981,1.921422,1.7591594,1.3229606,1.2954202,4.21322,3.9697638,2.857642,2.9934385,2.9796383,2.9656873,3.0021496,3.0102904,2.9222827,2.9463997,3.851665,3.3160546,2.9447253,2.8261123,2.836114,2.836114,3.579447,3.7383568,3.4249458,3.4252105,3.3192651,3.0359123,3.4398952,3.2832015,1.938171,1.938171,2.28722,1.7429224,2.8681507,1.945934,0.9623289,1.7270758,3.143751,2.959529,3.2143128,3.1837971,2.409511,2.4250824,2.6531887,2.5252202,3.1675487,2.9466949,2.26687,2.4106846,2.2544544,2.2349207,1.7502671,1.7072387,3.083611,3.0753932,3.0602174,3.0512307,2.3542814,2.7609844,3.1439548,2.4008968,3.1162317,3.4076557,3.0701182,3.0056226,2.5239146,1.983943,3.1364787,2.7282321,2.6238594,2.5759633,3.052897,3.0177045,3.3919806,3.5160034,3.3680131,3.0205956,2.198226,2.2186563,3.5691981,3.4567482,3.1438859,2.6052787,2.5954256,2.6449795,2.6860416,3.0332973,2.8066566,3.3954418,1.8319311,1.8566406,1.7280743,2.293366,3.394472,2.268812,3.2150211,3.231208,2.9961083,2.96836,3.66575,3.0541883
17,1.1924056,1.2601842,1.2125299,1.2177066,1.0194148,0.9956325,1.8929447,2.180383,3.5647395,2.2260554,1.9538251,2.0386338,1.3169339,1.6604431,1.0685077,0.45124337,0.9536382,0.0,0.407568,1.361219,1.5676426,1.8010747,1.5899727,1.5269225,2.501499,2.4078896,0.82745206,1.1424112,1.6477209,1.4325393,0.69513804,0.6708765,3.9504426,3.698449,2.5958705,2.836033,2.8184237,2.8156846,2.831726,2.7144203,2.7995675,2.8131235,3.571478,3.029344,2.6384287,2.5504453,2.5466406,2.5466406,3.561572,3.5580704,3.2553706,3.2641404,3.0399985,2.7122529,3.2102008,3.0771024,1.9606527,1.9606527,2.4004948,1.9409444,2.7226102,1.8712167,0.9418575,1.7700213,2.9601722,2.9088254,3.0932612,3.164521,2.4724898,2.6270568,2.5508933,2.4192364,2.9887755,2.9078906,2.2697604,2.3276186,2.0629702,2.090928,1.7938963,1.7336721,3.0383396,3.0667124,3.0191474,3.0276785,2.2605135,2.7038996,3.103766,2.344695,2.9141874,3.2256467,2.794501,2.81234,2.3102617,1.7420114,2.9082131,2.4182212,2.4739237,2.5683208,2.9297247,2.8942513,3.3073502,3.4318614,3.3164234,3.0009987,2.2715118,2.3546042,3.6636264,3.4863129,3.222009,2.6677117,2.7294514,2.730659,2.7155602,2.9058454,2.8069875,3.252421,1.6870911,1.6902916,1.6846277,2.1321013,3.2513578,2.1612992,3.0692523,3.0754533,2.851009,2.8314686,3.4924374,2.8285413
18,1.2934043,1.3709388,1.2772691,1.283452,0.95275176,0.9143017,1.7570281,2.0578318,3.5763013,2.2017972,1.9110684,1.9506059,1.2230667,1.573108,1.0060916,0.5325635,0.9091958,0.407568,0.0,1.3009089,1.6999372,1.6845385,1.5604626,1.4295461,2.5407364,2.3142781,0.77231044,1.1592946,1.6671865,1.4534639,0.8310754,0.7814768,3.931887,3.6762886,2.530526,2.7012656,2.7961087,2.7898996,2.7866423,2.613966,2.7808428,2.8115346,3.6455886,2.9735804,2.548076,2.4451144,2.4860303,2.4860303,3.5563462,3.5597763,3.304918,3.3121285,3.1157541,2.8060732,3.2807784,3.1191106,1.9191215,1.9191215,2.516339,2.0881426,2.7971961,2.0598183,1.0734347,1.774284,3.0622659,2.9659781,3.1411214,3.2022636,2.5274403,2.690314,2.7348309,2.5907054,3.0571,2.9566472,2.358446,2.4024389,2.2050407,2.17297,1.7887863,1.7307363,3.0661478,3.0944772,3.0398142,3.0502462,2.3126671,2.714546,3.1257613,2.3877351,2.9484777,3.2607892,2.8904448,2.8507442,2.3464367,1.7797892,2.9969528,2.5452607,2.4752562,2.5613768,3.0280526,2.9853888,3.3732328,3.4932253,3.3220832,3.0139892,2.378446,2.4335368,3.6488926,3.5595708,3.1893668,2.6335452,2.739548,2.7989302,2.735282,2.966321,2.838216,3.3126473,1.6632584,1.6719805,1.6399881,2.0920367,3.3677983,2.2326646,3.173619,3.1913075,2.9333973,2.9157145,3.505545,2.8860333
19,1.8002752,1.9053192,1.2753445,1.2770879,1.6359743,1.6434189,1.7575766,2.1581862,3.7287192,2.4799504,2.3355598,2.3938873,1.8402697,2.1246405,1.7898917,1.4734219,1.667834,1.361219,1.3009089,0.0,2.066968,2.1789854,2.4378238,1.9528224,2.8852677,2.7446742,1.897207,2.0846484,1.8377932,1.531585,1.6935041,1.6040808,4.1278133,3.88139,2.645886,3.0611007,2.683405,2.669644,2.720978,2.570774,3.1091259,3.2423105,3.9218943,3.3588595,2.7677531,2.9433005,2.8406532,2.8406532,4.0736337,4.1105046,3.857597,3.86611,3.3971052,3.1125834,3.5348861,3.4077225,2.1200986,2.1200986,2.8515506,2.5192752,3.1661522,2.537166,1.8930445,2.4098108,3.3677516,3.2999153,3.447133,3.4891403,2.8629317,2.9848866,2.9604664,2.8643453,3.3381667,3.2201858,2.7557313,2.455588,2.5997546,2.5978372,2.2299206,2.1988297,3.3855245,3.3442724,3.3966434,3.3951464,2.8072703,3.1509237,3.2834816,2.800004,3.2494524,3.53374,3.1847713,3.153643,2.398328,1.8838484,3.009879,2.5595305,2.7952485,2.8559928,3.2183251,3.1961088,3.8435185,3.694976,3.5858033,3.2930796,2.716753,3.11409,4.096616,3.7970862,3.2598414,2.3929605,3.287092,3.075359,3.026461,3.3050542,3.1045914,3.2227852,2.2264924,2.230445,2.1651287,2.5268805,3.5632322,2.6257632,3.3971224,3.39634,3.247689,3.187979,3.2220657,2.9770007
20,1.1611619,1.1662829,1.7106276,1.7148573,1.5464126,1.5859046,2.4358232,2.6892252,3.5648465,1.7674179,1.7020277,1.802958,2.1179721,2.4211938,1.7910184,1.50292,1.6054357,1.5676426,1.6999372,2.066968,0.0,2.3667026,2.2440112,2.1064827,3.1865618,3.534681,1.7826942,1.6458097,1.9344505,1.7204678,1.4710969,1.5768628,4.413847,4.1927357,3.0348477,3.2186372,3.1240242,3.1099284,3.35865,3.293494,3.2963486,3.309494,4.0632167,3.5711904,3.2432806,3.1385503,3.0241811,3.0241811,3.5263839,3.8238432,3.519654,3.5235808,3.3624935,3.1353996,3.4847665,3.3304942,2.193368,2.193368,2.5019286,1.9837271,3.0618913,2.1898673,1.719695,2.2005448,3.538234,3.310521,3.7063434,3.6118197,2.907559,3.046851,2.4755034,2.575965,3.5293179,3.2288923,2.66923,2.7443244,2.6861186,2.836681,2.423344,2.4066684,3.266976,3.284654,3.2580125,3.2611227,2.6837194,3.127592,3.3146248,2.6312296,3.388862,3.615114,3.167266,3.2692702,2.8854127,2.4042304,3.1876233,2.8561845,2.9619422,2.8066099,3.091785,3.1567721,3.4098685,3.4980853,3.5477364,3.2519593,2.2401452,2.251384,3.289128,3.2964232,3.3273783,2.5543303,2.859112,2.880179,3.1702504,3.5798082,3.22165,3.700968,2.321274,2.4626877,2.511764,2.703071,3.7258983,2.845895,3.5238726,3.5462952,3.3935921,3.400929,3.7820768,3.3412206
21,2.0230663,2.0423331,2.0386286,2.037865,1.8498365,1.8483083,2.5326145,2.258666,3.9153209,2.8401213,2.7105188,2.6617255,2.1129801,1.8500769,1.4403808,1.6844242,1.9371613,1.8010747,1.6845385,2.1789854,2.3667026,0.0,2.2643952,2.3411067,3.1196005,2.909742,1.8562158,2.0212655,2.3702724,2.2034628,1.8835176,1.8852326,4.407187,4.189396,3.1987946,3.3448374,3.4272778,3.3331423,3.4562135,3.2999272,3.441714,3.5386286,4.530483,3.6083465,3.2433999,3.2068326,3.1532888,3.1532888,3.909839,3.9076617,3.6253304,3.628819,3.5182955,3.2846177,3.607798,3.4562094,2.5863345,2.5863345,2.9711993,2.670115,2.8137295,2.625905,1.996014,2.508848,3.8208795,3.7589993,3.4517934,3.5685856,3.4352183,3.5879464,3.5242074,3.4476607,3.9367533,3.9818864,3.3764262,3.4727743,3.3151453,3.2838836,2.425049,2.4044898,3.8159924,3.8683174,3.8016396,3.8220625,3.275632,3.5645142,3.9476159,3.3080404,3.6984398,3.9180455,3.6504207,3.6472511,3.3609126,3.0086422,3.8301802,3.4505587,2.9397802,3.0834432,3.7567103,3.719704,3.9696934,4.153332,4.0355897,3.7974808,3.3734674,3.3703604,3.551682,4.219126,3.242164,2.7417216,3.6255858,3.682953,3.0942807,3.8538136,3.445294,4.0689034,2.302072,2.2174504,2.2288134,2.6642873,4.0918064,3.3048608,3.9379907,3.9029493,3.790201,3.724169,3.8348303,3.2687876
22,2.0999749,2.022821,1.9697473,1.9805633,1.8928688,1.8251783,2.3984737,2.6225288,3.8075583,2.6322324,2.3868496,2.407339,1.5070026,1.9019527,1.7646248,1.5525011,1.4070488,1.5899727,1.5604626,2.4378238,2.2440112,2.2643952,0.0,2.1362119,3.0361214,2.9195814,1.687552,1.8377441,2.7846105,2.6669827,1.779859,1.7890689,4.2816772,4.0288897,3.2730527,3.0985963,2.9259412,2.939906,2.9322977,2.9959252,2.956112,3.0173767,4.039187,3.4229941,3.2580414,2.9924047,2.9604871,2.9604871,3.4050438,3.4849086,3.1211736,3.1193163,3.5075624,3.2621558,3.5844722,3.41433,2.8561382,2.8561382,2.6379504,2.2362955,2.980595,2.1761322,1.3559736,1.9135609,3.372165,3.285852,3.515677,3.5676758,2.8370306,2.8196986,3.093593,2.9890292,3.443693,3.2874525,2.7444282,2.8208776,2.6661186,2.594531,2.0145307,1.9557205,3.411484,3.499865,3.35219,3.354467,2.7855341,3.1345305,3.69139,2.8876998,3.3498604,3.595751,3.3124416,3.2422123,2.8216634,2.411712,3.343666,3.0324,2.8676121,2.9682615,3.3664968,3.3410099,3.2314284,3.3015273,3.6136646,3.295436,2.7180169,2.117936,3.3359187,3.3477676,3.6291285,3.1744833,2.529497,2.9465594,2.8645005,3.3326437,2.9555824,3.5804796,2.1481745,2.1427734,2.054699,1.9538332,3.6401815,2.6542928,3.4585829,3.5264382,3.286222,3.2788868,4.09909,3.5566058
23,1.6815727,1.7948712,1.8384211,1.8309847,1.5262673,1.5343261,1.0718712,1.5698673,3.035072,1.5342754,1.3920833,1.4526618,1.9994302,2.2807968,1.793819,1.5220352,1.9438184,1.5269225,1.4295461,1.9528224,2.1064827,2.3411067,2.1362119,0.0,1.8119438,1.7560625,1.6260263,1.7570691,2.161529,1.9216495,1.6719619,1.6648221,3.4584997,3.1790779,1.8280346,2.0687003,2.1747823,2.1860902,2.2566957,1.9958032,2.3178475,2.459862,3.1225524,2.4191363,1.8293105,1.884135,1.7130228,1.7130228,3.7184243,3.6931639,3.4506762,3.4668527,3.2398698,3.0043023,3.4193914,3.2533023,2.361038,2.361038,2.8323054,2.5169444,2.323879,2.372555,1.8092403,2.2546568,3.2478082,3.2342799,3.4280274,3.5181735,2.8737905,3.0638804,2.9981065,2.9214354,3.2762806,3.1436265,2.7795086,2.8264403,2.6514184,2.5903652,2.3138278,2.255435,3.2123258,3.289798,3.1590075,3.187687,2.6525366,3.0062582,3.2797606,2.6779792,3.096222,3.3231945,3.018364,2.9689355,2.5881033,2.1551976,3.0770977,2.7523625,2.769524,2.879554,3.1241765,3.1294444,3.4331515,3.5431094,3.4848835,3.2583618,2.6815348,2.7635202,3.7489817,3.617949,3.4846115,2.924222,3.0746086,3.097137,3.0429156,3.2718103,3.1654198,3.5570593,2.2251818,2.2285779,2.3141482,2.5039122,3.57659,2.587397,3.3304732,3.3360028,3.21052,3.1322353,3.759082,3.2028847
24,2.3271973,2.3909435,2.5415635,2.5335724,2.319383,2.337356,2.0144744,2.25274,3.3333044,2.5899322,2.973801,2.929698,2.9120898,3.0302596,2.6295667,2.4167235,3.1206853,2.501499,2.5407364,2.8852677,3.1865618,3.1196005,3.0361214,1.8119438,0.0,1.4688307,2.5105932,2.4367046,2.9568083,2.6156473,2.4706686,2.5381012,4.088025,3.8412855,2.6930866,2.8943129,2.8953238,2.8973258,3.028519,2.8805146,3.065335,3.2799666,3.802149,3.3270214,2.7524464,2.975155,2.6239932,2.6239932,4.4663954,4.1657248,3.980399,3.9979532,3.6491725,3.4785182,3.908733,3.7575386,3.519283,3.519283,3.8415148,3.6268785,2.8916016,2.9742796,2.5719635,2.793446,3.858001,4.10127,3.9330149,4.2434783,3.734366,3.8947175,3.5611427,3.6119473,3.8405373,3.9539044,3.6996806,3.768785,3.3563743,3.3047779,3.179716,3.1167018,3.9953809,4.0676136,3.9657738,3.9941468,3.6351728,3.9622488,4.0907545,3.589567,3.6176867,3.8475423,3.504848,3.543648,3.1983054,2.8398829,3.539805,3.2604034,3.48165,3.864216,3.5903037,3.6192465,3.9020178,4.048335,3.9199593,3.7235808,3.5910633,3.6582553,4.559581,4.356114,4.412577,3.900257,3.9939165,3.952905,3.81981,4.0246186,3.9485888,4.181701,3.1432443,3.163096,3.2783196,3.3629775,4.174041,3.2962372,3.8729036,3.8687778,3.8761785,3.7801805,4.5302844,3.8967206
25,2.690569,2.7852957,2.6760685,2.6697636,2.4094117,2.3923721,1.9462945,2.3291924,3.6569347,2.9924593,3.034448,3.078093,2.6825347,2.859553,2.4582658,2.3998365,3.000311,2.4078896,2.3142781,2.7446742,3.534681,2.909742,2.9195814,1.7560625,1.4688307,0.0,2.3735948,2.5362537,3.009698,2.743924,2.506386,2.473885,3.6561515,3.3921578,2.5466254,2.7787979,2.9709575,2.9980102,2.8627794,2.5789516,2.975131,3.1646655,3.6873415,2.9760609,2.3714612,2.6073058,2.448018,2.448018,4.47053,4.146362,3.9778726,4.0011015,3.6953282,3.3667955,3.8274138,3.7820888,3.3488426,3.3488426,3.8184652,3.6332483,3.0258825,3.2361965,2.6312437,2.9529915,3.765141,3.9824684,3.8401167,4.1301274,3.6334147,3.8169143,3.8802912,3.7645967,3.78826,3.9193797,3.609737,3.695613,3.335772,3.1893914,3.022526,2.9514627,3.986599,4.0751715,3.9499266,3.9838185,3.5193307,3.7775078,4.078564,3.54509,3.6068592,3.8558505,3.6076312,3.5364652,3.2345066,2.9157965,3.73939,3.3189712,3.3239837,3.711805,3.8663845,3.8010144,4.158613,4.3137827,4.092287,3.8948379,3.786131,3.8699076,4.641381,4.628912,4.165414,3.822495,3.9314137,3.9589307,3.663611,3.7879617,3.7835653,4.1641555,3.0028477,2.8655722,2.9417186,3.165793,4.129553,3.2408242,3.8765793,3.8784523,3.7962532,3.6671975,4.3991814,3.6835263
26,1.3210732,1.3610729,1.7426839,1.7524872,0.7724681,0.7244889,2.0677092,2.3776684,3.5611901,2.1934745,2.13199,2.1444006,1.437824,1.7216413,1.183656,0.7547105,1.1693232,0.82745206,0.77231044,1.897207,1.7826942,1.8562158,1.687552,1.6260263,2.5105932,2.3735948,0.0,0.655851,1.9348538,1.4226305,0.87731117,0.97820216,4.0679517,3.8285794,2.7718275,2.9231303,3.1778693,3.1742353,3.181899,2.9730098,3.0251958,3.1897576,3.827272,3.288724,2.7777424,2.7965784,2.6917796,2.6917796,3.5496433,3.6174946,3.2716124,3.2794712,3.130608,2.821436,3.2987468,3.1362398,2.040322,2.040322,2.582405,2.1502533,2.9020014,2.0719697,1.2335398,1.898351,3.0781615,2.997782,3.1778095,3.241741,2.6015632,2.8016698,2.7046318,2.664724,3.067149,2.978023,2.3892028,2.6134403,2.2509613,2.2052398,1.9368844,1.8794847,3.045783,3.0875869,3.0230598,3.0324225,2.407436,2.7827177,3.1383438,2.3388052,2.9301682,3.2562387,2.8925319,2.8500264,2.5218537,1.9821247,3.1378903,2.7071707,2.4828472,2.5999258,2.964805,2.9166815,3.2282333,3.517353,3.292464,2.9816244,2.252188,2.2194793,3.5575004,3.5417688,3.2937465,2.8873587,2.6391842,2.8035452,2.8520336,3.067813,2.9444933,3.52804,1.7490385,1.7768228,1.840826,2.2281034,3.3789806,2.2679448,3.0908585,3.1104817,2.9457364,2.9688869,3.9475598,3.0683458
27,1.1116041,1.1203982,1.8371705,1.8467432,0.61308324,0.6090283,2.1868517,2.5239656,3.4635255,2.1318052,2.3026888,2.3205647,1.680114,1.9773335,1.336455,1.0058353,1.4567981,1.1424112,1.1592946,2.0846484,1.6458097,2.0212655,1.8377441,1.7570691,2.4367046,2.5362537,0.655851,0.0,1.8542482,1.2695106,1.0910478,1.2900113,4.148138,3.9209101,2.8871317,3.0058312,3.28395,3.2859116,3.395773,3.1713905,3.234868,3.4337578,3.9993806,3.453433,2.9698942,3.0199864,2.8168435,2.8168435,3.5387154,3.6260178,3.2915761,3.3000748,3.1477735,2.8422015,3.28144,3.151727,2.1735616,2.1735616,2.7208772,2.3260286,3.0711854,2.1479294,1.415298,1.9136848,3.2267134,3.1589332,3.3400714,3.4085362,2.739158,2.9117315,2.6832724,2.7607052,3.1463108,3.0433486,2.5033107,2.744793,2.4461076,2.38281,2.043829,1.9986303,3.1099215,3.1527822,3.0994942,3.1087475,2.6381633,2.968983,3.2145908,2.4313185,2.9919777,3.3022034,2.9692626,2.9138503,2.623699,2.125556,3.178472,2.764335,2.562008,2.6998506,2.8788643,2.8611424,3.1127849,3.4267058,3.2229817,2.9250035,2.2290113,2.1705914,3.373252,3.441467,3.3563821,2.8629887,2.7563374,2.9386225,2.9389164,3.2730494,2.9954836,3.6178782,1.9498254,1.9830487,2.0963044,2.3316042,3.4771616,2.4181325,3.1797214,3.2087982,3.0562177,3.0846372,4.0055614,3.2375946
28,1.5399096,1.6795247,2.0345979,2.0343554,1.7406704,1.7860838,2.6694813,2.7674646,3.8968816,2.805091,2.5520768,2.6165435,2.091928,2.3153214,1.8849255,1.7243899,1.921422,1.6477209,1.6671865,1.8377932,1.9344505,2.3702724,2.7846105,2.161529,2.9568083,3.009698,1.9348538,1.8542482,0.0,1.4547609,1.8320506,1.86323,4.1496663,3.9307177,2.556267,2.9743788,3.3326502,3.3191445,3.5228672,3.3190792,3.2634525,2.9763927,3.5924308,2.93046,2.802587,2.4990635,2.7880518,2.7880518,4.0776215,3.903674,3.885766,3.894921,3.3027558,3.0430124,3.5032504,3.4084,1.9905009,1.9905009,2.918923,2.5937555,3.2030833,2.4170682,1.9180659,2.3146052,3.4063594,3.3696206,3.4701743,3.5363429,2.938334,3.0385215,3.049504,2.9026473,3.3127213,3.2321248,2.7451801,2.8565009,2.7234666,2.7001941,2.355863,2.3411782,3.322666,3.2762194,3.3480468,3.359016,2.709181,3.0199003,3.237742,2.7315018,3.2433164,3.52342,3.2137878,3.150082,2.7405603,2.3218484,3.2708125,2.8629034,2.9579737,2.9789038,3.1777806,3.181575,3.8148232,3.9688032,3.5381706,3.2965562,2.800602,3.2523806,4.089698,4.0389433,3.425904,2.750748,3.636524,3.412475,3.1029234,3.2894459,3.2110689,3.6387043,2.3338075,2.3644745,2.3448753,3.0123622,3.6168303,2.6738155,3.613475,3.6100354,3.2560813,3.197057,2.9997191,2.995879
29,1.3328555,1.4675957,1.8962008,1.8990903,1.0604832,1.14048,2.1713538,2.5724823,3.4615946,2.1689618,2.4248636,2.4628391,2.0269725,2.2776864,1.7249535,1.464815,1.7591594,1.4325393,1.4534639,1.531585,1.7204678,2.2034628,2.6669827,1.9216495,2.6156473,2.743924,1.4226305,1.2695106,1.4547609,0.0,1.5650164,1.660712,4.1540093,3.9369812,2.6186547,3.1179905,3.207331,3.1979938,3.3629713,3.1275423,3.339492,3.6006618,4.0331264,3.53422,2.8300657,3.175309,2.8685935,2.8685935,4.0000157,4.1019015,3.793871,3.8078566,3.203193,2.9249198,3.367017,3.2599788,1.8288745,1.8288745,2.8145113,2.4671602,3.158354,2.3599515,1.8645322,2.312641,3.3424404,3.2875206,3.4461155,3.4887125,2.8936555,3.0502708,2.7539158,2.8577213,3.2447155,3.1301801,2.6816175,2.7579947,2.6389027,2.6088617,2.2369163,2.2121413,3.2351255,3.1856859,3.261178,3.2586527,2.8688624,3.1641922,3.1040852,2.6017048,3.126733,3.4197903,3.0982702,3.048663,2.6458924,2.195034,3.1639152,2.7529387,2.6400125,2.7244406,2.877777,2.876144,3.5685563,3.7456808,3.3379395,3.0690382,2.3554668,2.9006827,3.7702916,3.736748,3.1410859,2.4499047,3.3230674,3.11666,3.0150328,3.3964334,3.0774443,3.5681922,2.1822379,2.2032802,2.2909853,2.7953732,3.525335,2.5988717,3.247765,3.2159524,3.1695523,3.1534233,3.6420891,3.0024045
30,0.894608,0.9332646,1.2164147,1.2281088,0.98622173,0.9518977,2.0087023,2.3150039,3.4958951,2.1384692,1.9700835,2.0098965,1.570929,1.8939604,0.91161895,0.44849813,1.3229606,0.69513804,0.8310754,1.6935041,1.4710969,1.8835176,1.779859,1.6719619,2.4706686,2.506386,0.87731117,1.0910478,1.8320506,1.5650164,0.0,0.27435654,4.057175,3.8151958,2.7626243,2.9116728,2.9713638,2.966672,3.0037935,2.8655515,2.9310431,3.0076377,3.8215048,3.2207546,2.8089743,2.7537072,2.6748364,2.6748364,3.3993979,3.4218218,3.135726,3.1427348,2.9865687,2.6535804,3.1408195,2.988652,2.10372,2.10372,2.5109725,2.0927362,2.8603125,2.0090315,1.0974667,1.7876549,3.1424973,3.064054,3.2659822,3.331921,2.6494977,2.873462,2.4775438,2.4049568,3.1440294,3.0491025,2.4614656,2.582667,2.198179,2.3118842,1.9998133,1.9474182,3.0883505,3.1416738,3.0727448,3.0897968,2.3236609,2.8076234,3.200288,2.4236264,2.9796486,3.2873523,2.7798746,2.8908367,2.4880364,1.9665089,2.9427357,2.4811146,2.5434358,2.6350489,3.0515559,3.0261867,3.3306682,3.482801,3.387684,3.0599866,2.4227154,2.3920918,3.54933,3.5527606,3.265152,2.7342749,2.7434797,2.7989345,2.9129813,3.1451387,2.9803057,3.4868636,1.8024635,1.8874389,1.9140748,2.215377,3.4537752,2.4009366,3.2087605,3.2629418,3.0621326,3.0443811,3.7153542,2.943927
