,0,1,2,3,4,5,6,7,8,9,10,11,12,13,14,15,16,17,18,19,20,21,22,23,24,25,26,27,28,29,30,31,32,33,34,35,36,37,38,39,40,41,42,43,44,45,46,47,48,49,50,51,52,53,54,55,56,57,58,59,60,61,62,63,64,65,66,67,68,69,70,71,72,73,74,75,76,77,78,79,80,81,82,83,84,85,86,87,88,89,90,91,92,93,94,95,96,97,98,99,100,101,102,103,104,105,106,107,108,109,110,111,112,113,114,115,116,117,118,119,120,121,122,123,124,125,126,127
0,0.0,0.5556097,1.1708299,1.0375757,2.3055394,3.4223897,2.9977345,1.1333163,1.3900232,1.4143754,1.9766805,1.9082648,0.76000696,2.4135733,1.3258034,1.3432469,2.1517568,2.526239,2.7622118,1.7774869,2.5227087,2.872611,3.8200963,3.2720215,3.6299167,3.369661,3.3312657,3.4273658,3.6956778,3.2239273,3.2831082,3.4613936,3.3687892,2.9465623,4.6527762,4.1337104,3.7357218,3.7768035,3.5713263,3.5713263,3.3074067,4.0981717,4.391705,4.320238,4.1819124,4.1618857,4.1182804,4.120757,3.7132049,4.9205847,4.184611,4.25833,4.578131,3.9395208,3.933383,3.8981662,4.448512,4.0450587,4.253927,4.3372264,3.9599462,3.834917,3.0468078,3.6535697,5.3705187,5.2376122,5.2097154,5.208593,5.630357,5.3338356,5.2549157,5.340653,5.7559423,5.600419,5.4445324,5.391987,5.131478,4.942422,5.1491427,4.905583,4.7301474,4.4939485,4.8137465,5.2754507,5.125075,5.107726,4.0101104,3.408549,4.459578,4.4125776,4.471585,4.5125,4.5572033,4.6806755,4.4395514,4.538862,5.5873213,5.647709,5.602371,4.8351545,5.118454,5.432622,4.842563,4.631572,3.9782786,4.138251,4.178525,5.279246,4.2252846,4.2220535,4.6355352,4.5981975,4.6216617,4.184846,5.009999,4.998448,4.964183,4.88515,6.283656,6.112674,6.2894373,6.2458577,4.78391,4.7463875,6.058562,6.1955056,5.772101,5.680972
1,0.5556097,0.0,1.2116541,1.1207844,2.1054196,3.316385,2.8842387,0.95164585,1.678694,1.6654953,1.8351442,1.7234579,0.58259374,2.4980497,1.0801623,1.2117095,2.0983818,2.3329005,2.7244694,1.7775911,2.4824145,2.7533498,3.6572983,3.0905714,3.721741,3.3716743,3.3694909,3.4650922,3.7076302,3.305021,3.3842502,3.4751253,3.519058,3.0571747,4.6169634,4.155619,3.7382748,3.7782993,3.560145,3.560145,3.4609735,4.2128205,4.45019,4.4190087,4.2667556,4.2353206,4.1914506,4.1966424,3.7919483,4.8805566,4.1648016,4.249365,4.5735917,3.9473255,3.9502501,3.924399,4.511998,4.1358867,4.365213,4.4381146,4.0884066,3.9525375,3.12439,3.70594,5.1927915,5.0609665,5.0076976,5.052158,5.492396,5.13522,5.046941,5.1402574,5.5601983,5.3692846,5.212246,5.1761017,4.923848,4.774442,4.92462,4.7470574,4.5360556,4.2979417,4.6183405,5.0819626,4.940714,4.927648,3.8181698,3.2783813,4.440506,4.3968444,4.4500017,4.4840956,4.5640726,4.6974006,4.5155807,4.517766,5.318883,5.3837214,5.321404,4.637056,4.835446,5.22446,4.5858808,4.3539414,3.6724265,3.8240592,3.8724618,5.108748,4.081933,4.072454,4.3734045,4.2849836,4.378954,3.8557324,4.7067995,4.7149243,4.68339,4.6278367,6.012507,5.806674,5.9997115,5.9438763,4.5173707,4.46898,5.760659,5.8847075,5.4754667,5.4126086
2,1.1708299,1.2116541,0.0,0.27821487,3.1424696,4.218964,3.1379364,1.552815,1.9208066,1.9374183,1.977742,1.9810977,0.9599615,1.5237757,1.4493951,1.3822894,2.353676,2.4220862,2.9306357,1.6428679,2.3348944,2.5923157,3.5488124,3.1517844,3.266597,3.249258,3.389193,3.5056942,3.867326,3.4021683,3.477872,3.5292914,3.766758,3.2701952,4.8853807,4.3785176,3.8866127,4.024415,3.7887416,3.7887416,3.560975,4.4723935,4.650484,4.632899,4.519091,4.5072865,4.446231,4.45642,4.1325326,5.2248573,4.518852,4.5683656,4.648187,4.118762,4.127413,4.1061807,4.8246193,4.4596214,4.6426377,4.800467,4.328921,4.2165217,3.4983296,4.04285,5.232955,5.10489,5.0389013,4.9939804,5.186419,5.1935153,5.0699925,5.2546096,5.2740903,5.4332485,5.362095,5.2279606,4.930811,4.747426,4.8953147,4.711856,4.6427493,4.439703,4.680981,5.181964,4.955991,4.943297,4.0748415,3.5052407,4.5780377,4.533801,4.569787,4.6111197,4.772002,4.8725195,4.69893,4.752484,5.453688,5.552773,5.8474956,4.813647,4.9799056,5.3323298,4.7499557,4.5426445,3.7493882,3.9276717,3.9993868,5.158432,4.51309,4.492559,4.614236,4.5282283,4.4038706,3.8973572,4.842946,4.7604356,4.7449794,4.634774,5.945961,5.950093,6.1398363,6.0957217,4.5632563,4.501646,5.8844,5.9593506,5.5791554,5.4960327
3,1.0375757,1.1207844,0.27821487,0.0,3.0828316,4.0913115,3.1379511,1.4845706,1.8731673,1.9006133,1.975657,1.9282011,0.9027356,1.5511003,1.41034,1.3728521,2.2492218,2.3983178,2.8664494,1.5647544,2.356452,2.5148664,3.5551758,3.0907743,3.252711,3.2519054,3.378753,3.4910839,3.733531,3.2945638,3.3701372,3.4405818,3.6441262,3.1064284,4.827907,4.273949,3.8056293,3.9343178,3.6835086,3.6835086,3.5030205,4.336794,4.53356,4.5220685,4.3991303,4.37903,4.323998,4.330987,4.008665,5.131159,4.3599167,4.439719,4.602489,4.0006046,4.005839,3.9821193,4.681752,4.3063507,4.5108986,4.668772,4.210573,4.0907707,3.3965585,3.946366,5.2383966,5.108884,5.04841,5.0222006,5.213575,5.1989093,5.091416,5.25828,5.2945333,5.431818,5.3411255,5.224443,4.9418597,4.756245,4.9704947,4.724565,4.643681,4.439674,4.6912527,5.22105,4.961165,4.9470625,3.9928615,3.4127476,4.536894,4.49187,4.5283675,4.570484,4.720612,4.822101,4.6180215,4.6707306,5.4197836,5.510651,5.8157983,4.7738104,4.96743,5.311096,4.7393975,4.5215473,3.7672822,3.938044,4.017296,5.2437897,4.4443026,4.4291897,4.5734267,4.516875,4.399219,3.928522,4.846589,4.7662077,4.7453213,4.6459746,5.9224787,5.9104185,6.182366,6.1378026,4.561966,4.50967,5.8733788,5.971972,5.578996,5.491551
4,2.3055394,2.1054196,3.1424696,3.0828316,0.0,2.7908466,3.564166,2.0730236,2.742338,2.6822174,2.6080596,2.6948798,2.3900363,4.4986916,2.3093295,2.676005,3.0573137,3.22908,3.355083,3.1460488,3.4027195,3.993402,4.718045,4.065382,4.921392,4.0466967,3.8010223,3.888528,4.2840767,3.796203,3.8642104,3.9573414,3.7550323,3.3523157,4.54971,4.1155934,3.9390821,3.8812592,3.7210474,3.7210474,3.7394567,4.377182,4.5961003,4.5558567,4.3727503,4.3752923,4.324808,4.340473,3.9295301,4.594384,4.3534083,4.1846457,4.6263733,4.0675006,4.070025,4.042502,4.7490983,4.419783,4.5093603,4.448351,3.994814,3.8323004,3.2078838,3.757709,5.689126,5.531422,5.547211,5.5511746,6.41544,5.4845448,5.4707117,5.4626412,6.4856987,5.7717752,5.5527773,5.6157126,5.423674,5.4466724,5.4138217,5.4009867,4.8645296,4.610137,4.977124,5.401158,5.395438,5.376366,4.086372,3.7554228,4.8125153,4.805936,4.847994,4.8712416,4.7538414,4.902052,4.855416,4.793852,5.597724,5.6540337,4.766401,4.9485884,5.118979,5.502801,4.8386755,4.6209216,4.1525993,4.2830772,4.335254,5.3430786,4.188587,4.16978,4.633012,4.5927615,4.780824,4.269417,4.9215064,5.0846457,5.048307,4.938041,6.690939,6.160526,6.018257,5.9497523,4.8811307,4.8474116,5.785784,5.8716335,5.541666,5.49408
5,3.4223897,3.316385,4.218964,4.0913115,2.7908466,0.0,4.4042506,3.397474,3.848656,3.8453932,3.8770938,3.7611363,3.4247372,5.061901,3.3511853,3.6492803,3.5388951,4.1306,3.8947442,3.9733922,4.909454,4.6641197,4.516387,3.439436,5.3258905,4.8360453,4.6614666,4.6513734,4.9253817,4.5376625,4.5752935,4.704689,4.24343,3.8995094,4.942438,4.407032,4.5518827,4.488759,4.3308773,4.3308773,4.9917917,4.6129265,4.936683,5.030435,4.7230806,4.7037745,4.651472,4.6492577,4.179573,4.8823395,4.5151124,4.321062,5.5412154,4.3829074,4.3836427,4.359204,3.7844129,3.656751,3.5725613,3.450213,4.2787333,4.1008444,3.4580312,3.8786304,5.831372,5.681113,5.677959,6.4031277,6.567884,5.7653184,5.877346,5.6358767,6.6184816,5.900557,5.505788,5.7046986,5.4745464,5.4736586,6.0351033,5.5173144,5.1924367,4.9287276,5.291116,5.753422,5.6898623,5.6547112,4.4309373,4.0521483,5.2708197,5.269464,5.2487664,5.311301,4.904889,4.964572,4.926167,4.866935,5.7283397,5.7692266,4.987291,5.0953975,5.282797,5.643818,5.1387377,4.88787,4.588332,4.8018417,4.891462,5.8475084,4.2707725,4.3108015,5.0853863,5.060619,5.2289057,4.974267,5.524215,5.4661965,5.4040117,5.3881607,6.8893294,6.384467,6.492197,6.434895,5.2962904,5.263984,6.066897,6.64897,6.0194635,5.948887
6,2.9977345,2.8842387,3.1379364,3.1379511,3.564166,4.4042506,0.0,2.7438502,3.308246,3.2515047,4.032252,3.3234181,3.060906,3.8825345,2.7962642,2.2371657,3.8498023,3.8889647,3.8063009,3.7121403,3.82094,4.150055,4.4184694,4.203269,4.881688,4.510398,4.3791823,4.4546666,4.8914814,4.5815296,4.643273,4.731464,4.499691,4.3683786,5.44224,4.9832497,4.811625,4.7446184,4.6912155,4.6912155,4.3533645,5.1806626,5.4740233,5.3691964,5.2157307,5.186094,5.177093,5.1720657,4.913884,5.4196877,5.1719837,5.1633577,5.463318,5.1153903,5.11144,5.095777,5.4739614,5.033273,5.3724866,5.400045,4.9723525,5.037739,4.569314,5.0351386,4.2852874,4.2149467,4.1456585,4.5851793,4.8151183,4.455359,4.192191,4.2808766,4.9604526,4.669254,4.714017,4.5076895,4.3043895,4.298611,3.8332183,4.2044554,3.7344155,3.503677,3.9464,4.4364915,4.2341185,4.228247,3.5364563,3.0029294,3.7765293,3.7608893,3.8456993,3.8477275,4.177016,4.339099,4.3803234,4.207294,5.2752814,5.3012204,4.950272,4.352445,4.6762195,4.740715,4.2893133,4.14848,3.3097322,3.344093,3.2653632,4.563707,3.6901658,3.6544461,4.083047,3.9065757,4.212085,3.8828497,4.463172,4.6310554,4.6582236,4.3837543,6.151244,5.928208,5.7297106,5.707281,4.54695,4.494,5.4659777,5.659595,5.1473165,4.9082866
7,1.1333163,0.95164585,1.552815,1.4845706,2.0730236,3.397474,2.7438502,0.0,2.0153854,2.0001144,1.6120814,1.5754976,1.1787624,2.7396326,0.8615612,1.6009213,2.4296148,2.5864198,2.5047357,2.0545363,2.57951,2.9108791,3.6815205,3.0633225,3.9890373,3.619605,3.535371,3.5912979,3.9525828,3.5496724,3.6342034,3.7023396,3.5580256,3.2243783,4.4443326,3.9226942,3.8371158,3.897352,3.694696,3.694696,3.5716882,4.386198,4.6286526,4.5603833,4.434656,4.4065385,4.370473,4.3724384,3.9874907,4.613469,4.257531,4.1657386,4.570655,3.996933,3.9917827,3.9658136,4.657848,4.2118983,4.5125065,4.5645037,4.0781946,4.0573997,3.4443378,4.0009875,4.967278,4.8240333,4.782265,4.9645653,5.3041945,4.89566,4.804767,4.9326777,5.408334,5.1575146,4.998481,4.970542,4.6863794,4.7101474,4.633873,4.6596856,4.2875485,4.041039,4.3603463,4.8435483,4.7285857,4.718384,3.7494838,3.3653848,4.2943296,4.270583,4.2999663,4.3335257,4.462952,4.582901,4.593642,4.399604,5.3393993,5.4034553,5.2526846,4.6500316,4.8359113,5.05948,4.5611625,4.344903,3.6320944,3.7681541,3.8745408,5.0629144,4.146794,4.120617,4.366109,4.271438,4.3318157,3.8467593,4.703152,4.696693,4.6760035,4.527496,6.0992775,5.8781624,5.7247367,5.666764,4.4997325,4.458273,5.4939013,5.6043816,5.2660723,5.1071463
8,1.3900232,1.678694,1.9208066,1.8731673,2.742338,3.848656,3.308246,2.0153854,0.0,0.2213067,2.6387532,2.4401023,1.7018709,2.849235,1.9918351,2.0644429,2.8205633,3.242379,3.36895,2.5483847,2.9140668,3.8181381,4.356426,3.992131,3.3931086,3.128024,3.056833,3.156602,4.252951,3.8688219,3.8781092,4.2166944,3.981273,3.581588,5.2441163,4.7507625,4.5857277,4.61735,4.454731,4.454731,3.6705089,4.598113,4.8472095,4.839446,4.7193913,4.7208214,4.6555343,4.663162,4.398543,5.40422,4.8043647,4.9091916,5.0245476,4.6108093,4.59741,4.553987,4.616275,4.2061152,4.434291,4.5236087,4.1971755,4.008926,3.1345124,3.761427,5.9279017,5.804571,5.7521772,5.792123,6.1037946,5.8262954,5.777184,5.8105865,6.2151694,6.0890255,5.990256,5.9070387,5.6985106,5.5470724,5.646011,5.5029955,5.3012295,5.035685,5.3518705,5.7817464,5.629898,5.5971904,4.2489815,3.7107685,4.676654,4.674228,4.7230716,4.770831,4.843933,4.9794993,4.44862,4.844087,5.98938,6.0378065,6.032684,5.2236323,5.59136,5.9021344,5.3558106,5.1618032,4.4762373,4.618921,4.6436267,5.639355,4.4682503,4.4597096,5.264417,5.16021,5.0398417,4.7298713,5.437939,5.4910593,5.4428234,5.2958813,6.562183,6.47996,6.668482,6.667811,5.264723,5.2389956,6.4639173,6.5902195,6.0880404,6.0202484
9,1.4143754,1.6654953,1.9374183,1.9006133,2.6822174,3.8453932,3.2515047,2.0001144,0.2213067,0.0,2.648606,2.4315827,1.6873622,2.887461,1.9945993,2.0409038,2.8387609,3.2230542,3.373407,2.5770297,2.9073267,3.853807,4.3419604,4.001236,3.3978932,3.088898,3.0138655,3.1069312,4.2784276,3.8734562,3.8891845,4.217992,3.9809463,3.5738244,5.2102504,4.758631,4.581116,4.60399,4.445325,4.445325,3.6752956,4.633864,4.8701115,4.8488994,4.718544,4.722939,4.6598115,4.6686225,4.4253006,5.4139113,4.846854,4.9345784,5.0159593,4.62667,4.6156693,4.5741067,4.6609383,4.249911,4.464925,4.550761,4.1957874,4.0539827,3.1544595,3.7821665,5.8960776,5.7737637,5.7196555,5.7595625,6.0773,5.765098,5.7115836,5.753218,6.1722927,6.030628,5.9445267,5.8592024,5.651415,5.5038295,5.5627203,5.458723,5.2457705,4.9786606,5.3080955,5.7324495,5.571852,5.5389357,4.185588,3.6634872,4.7591763,4.757505,4.8084207,4.853509,4.9207172,5.0557847,4.5501866,4.9414296,5.994642,6.0437675,5.9938426,5.240745,5.5505037,5.8548713,5.3179245,5.1236987,4.4115562,4.5545464,4.572367,5.575182,4.4489393,4.4400406,5.2190595,5.109343,5.0156198,4.6751375,5.3980937,5.461301,5.4108367,5.261881,6.5461435,6.4569535,6.618363,6.619762,5.2346625,5.1949196,6.431518,6.5518985,6.0538516,5.9880295
10,1.9766805,1.8351442,1.977742,1.975657,2.6080596,3.8770938,4.032252,1.6120814,2.6387532,2.648606,0.0,2.185626,1.7458813,2.9218895,1.5068825,2.4549882,2.5211194,2.4360485,2.681421,2.0394738,2.6108341,2.866506,3.5884886,3.0565894,3.787801,3.3785896,3.408423,3.460161,4.152923,3.6693137,3.7477334,3.6789474,3.801165,3.4883606,4.5724936,4.0357428,3.622326,3.8009877,3.754498,3.754498,3.7947974,4.4585443,4.792642,4.558244,4.509704,4.4945297,4.442819,4.446048,4.064698,4.6015954,4.3739276,4.154252,4.325182,3.774556,3.7904513,3.7819455,4.78479,4.474453,4.5629134,4.6352477,4.097788,4.0172334,3.320733,3.8075857,5.1618867,5.019341,5.053961,5.1275625,5.3948793,5.058725,5.0226517,5.162958,5.682089,5.514926,5.3600893,5.352578,4.825993,4.8781633,4.912508,4.809637,4.60415,4.4101596,4.5687532,5.0473094,4.92046,4.9117475,4.4316654,3.9902234,4.7590165,4.7361307,4.7424936,4.7784834,4.833596,4.906576,4.944203,4.803843,5.3777237,5.4692955,5.354943,4.7492695,4.767008,5.1213713,4.5520887,4.4467278,3.9144208,4.093155,4.221914,5.1622224,4.578547,4.5475607,4.6537223,4.5638633,4.3004007,3.8618937,4.7018313,4.542194,4.5167737,4.442004,6.1840544,6.021887,5.614922,5.5589585,4.3253717,4.317424,5.3694434,5.4221406,5.2359233,5.113779
11,1.9082648,1.7234579,1.9810977,1.9282011,2.6948798,3.7611363,3.3234181,1.5754976,2.4401023,2.4315827,2.185626,0.0,1.6143143,2.8217204,1.4817951,2.1146295,2.3079426,2.4616194,2.5615034,1.9603854,2.6841266,2.7679043,3.646387,2.935554,3.7332659,3.34156,3.3358192,3.403728,4.112116,3.5809057,3.6656158,3.6874847,3.8850455,3.5347335,4.577402,4.023067,4.355497,4.4518933,3.8643506,3.8643506,3.9226623,4.439073,4.157741,4.686075,4.4768014,4.4979405,4.4409914,4.455724,4.242722,4.884026,4.57396,4.3594046,4.7484074,4.160569,4.1584816,4.1372814,4.896771,4.594868,4.6621494,4.716539,4.3245006,4.0706625,3.5188432,3.9778335,5.3165035,5.1717563,4.891991,5.077157,5.331063,4.974033,4.951271,5.003717,4.9607806,4.780652,4.7048364,4.6293235,4.8014703,4.8518224,5.1027126,4.911483,4.4423847,4.2144732,4.4316177,4.9122505,4.7623663,4.74698,3.3123,3.4067361,4.207744,4.1888227,4.180328,4.209529,4.2340755,4.3527446,4.413439,4.251776,4.769935,4.858119,5.1703115,4.4305596,4.662202,5.0348563,4.7335267,4.2554045,3.6743634,3.8057928,4.044145,5.148494,4.029494,4.008932,4.264685,4.122487,4.12736,3.6282694,4.456834,4.492848,4.4657545,4.34927,5.3884287,5.1780887,5.5556746,5.507257,4.3072567,4.282511,5.2844896,5.315006,5.03404,4.9434767
12,0.76000696,0.58259374,0.9599615,0.9027356,2.3900363,3.4247372,3.060906,1.1787624,1.7018709,1.6873622,1.7458813,1.6143143,0.0,2.17103,1.0687164,1.1757534,1.8787417,2.0887783,2.5353649,1.4557371,2.4620464,2.6462026,3.4026377,2.8243444,3.2919972,3.0011332,3.0487447,3.1363735,3.6166408,3.1529405,3.2304776,3.292711,3.4074605,3.000735,4.4585958,4.0140505,3.624185,3.7119577,3.4249969,3.4249969,3.4510932,4.1114264,4.265816,4.313889,4.1400356,4.123411,4.0606203,4.072157,3.711639,4.868577,4.1546993,4.203856,4.465247,3.7951257,3.8028998,3.7809267,4.383484,4.0598283,4.2036304,4.2992516,3.9267933,3.8156407,2.9375315,3.5094965,5.0701156,4.9280205,4.8491273,4.8821335,5.215978,4.9379883,4.8746696,4.9748945,5.2484417,5.1473374,5.014256,4.949253,4.718626,4.5505757,4.8153563,4.5404353,4.379191,4.1475163,4.43146,4.891884,4.7368155,4.7182784,3.7603347,3.2429962,4.4768457,4.4325786,4.470138,4.5122004,4.570708,4.6912665,4.457831,4.53481,5.1288285,5.2194595,5.2940874,4.5361567,4.648755,5.0367136,4.4665666,4.2016954,3.5415173,3.7291179,3.8112743,5.0010715,4.0570335,4.0475774,4.2966595,4.207763,4.177334,3.6460812,4.551854,4.516838,4.4789014,4.420079,5.7507772,5.61074,5.836479,5.7942863,4.305797,4.2375016,5.6214967,5.7542295,5.3656325,5.2932143
13,2.4135733,2.4980497,1.5237757,1.5511003,4.4986916,5.061901,3.8825345,2.7396326,2.849235,2.887461,2.9218895,2.8217204,2.17103,0.0,2.5304163,2.5101929,2.8709888,3.0331738,3.3284922,2.194301,3.3331127,2.974581,3.4604342,3.1976027,2.8874314,3.5469613,3.8508794,3.9239326,4.243061,3.9628637,4.023783,4.085625,4.2956443,3.9794352,5.1973805,4.8164043,4.4946113,4.6779075,4.445914,4.445914,4.379797,4.9217467,5.082302,5.0782356,4.9678035,4.9355316,4.880791,4.8827553,4.6590605,5.6706133,4.9080687,5.0393,5.246653,4.6101522,4.6134367,4.5961885,5.0653048,4.7956924,4.979008,5.1892753,4.8429627,4.8318663,4.1371613,4.559339,5.39926,5.298802,5.193799,5.294269,4.9016805,5.3787246,5.2831182,5.489435,4.9562674,5.5694547,5.563818,5.3808055,5.0452166,4.8535075,5.1638827,4.8513823,4.9781733,4.80641,4.9861555,5.408037,5.1143017,5.1023917,4.500601,3.995687,5.116125,5.0790524,5.0877357,5.1370845,5.354031,5.432028,5.18054,5.2447033,5.7217426,5.8326592,6.5956163,5.1730123,5.245951,5.5505395,5.10195,4.9049726,4.257956,4.428753,4.514514,5.6336613,4.9779716,4.964743,4.983848,4.89511,4.706556,4.376895,5.248539,5.0448627,5.023316,4.941079,5.801925,6.0894017,6.309664,6.2930174,4.873277,4.789774,6.125686,6.2654934,5.8655906,5.7713146
14,1.3258034,1.0801623,1.4493951,1.41034,2.3093295,3.3511853,2.7962642,0.8615612,1.9918351,1.9945993,1.5068825,1.4817951,1.0687164,2.5304163,0.0,1.3801074,2.3279085,2.392133,2.5983615,1.9411541,2.5081477,2.8313975,3.2960913,2.70875,3.6137471,3.2407188,3.272408,3.3464062,3.849513,3.4762652,3.5468752,3.5656476,3.6518989,3.2810264,4.524346,3.952771,3.7763014,3.8777626,3.6854072,3.6854072,3.5746899,4.3038373,4.5224566,4.5554814,4.406348,4.3779817,4.3252363,4.3274045,3.917907,4.4871593,4.128056,4.043626,4.4131365,3.8015206,3.8130627,3.7993226,4.333881,3.9430547,4.199687,4.269788,3.990702,3.7988725,3.210778,3.7708266,4.7546444,4.6225724,4.55156,4.8742566,4.990949,4.6933045,4.613564,4.683891,5.0820775,4.9260383,4.809729,4.7475543,4.4396167,4.4945865,4.4694276,4.4538746,4.107838,3.876637,4.134441,4.6515236,4.499024,4.4827952,3.572489,3.1475763,3.9882984,3.9858248,3.9871507,4.026,4.179496,4.3089,4.246648,4.102703,4.8306003,4.911805,4.9480157,4.1817827,4.384743,4.7990994,4.211293,3.984837,3.1585848,3.3240504,3.442267,4.7093515,3.8686023,3.8344858,4.1175265,4.0079975,3.868974,3.4301515,4.2540693,4.2131443,4.19826,4.052125,5.6341887,5.4603305,5.3631744,5.3161273,4.034491,4.019761,5.0729766,5.2272367,4.815316,4.7085934
15,1.3432469,1.2117095,1.3822894,1.3728521,2.676005,3.6492803,2.2371657,1.6009213,2.0644429,2.0409038,2.4549882,2.1146295,1.1757534,2.5101929,1.3801074,0.0,2.4603822,2.4064841,3.00691,2.0990994,2.4212608,2.8471181,3.5405831,3.1169863,3.6800292,3.2645128,3.296245,3.3836339,3.7399263,3.319141,3.3886194,3.3797526,3.6137013,3.2685535,4.884715,4.3617277,3.6829827,3.72007,3.5212574,3.5212574,3.3950214,4.274983,4.509864,4.511293,4.3465643,4.318343,4.2777815,4.2819014,3.888246,5.093199,4.3362317,4.4557986,4.521372,4.0119295,4.0303373,4.0207515,4.557952,4.1446524,4.3964586,4.4785237,4.1705976,4.02426,3.3190548,3.8838727,4.563539,4.4434133,4.3771467,4.470401,4.8325043,4.577804,4.411697,4.5112267,4.9548864,4.808261,4.7331567,4.5960155,4.376288,4.12616,4.263036,4.074912,3.925354,3.7241876,4.0146327,4.5412197,4.339358,4.3216643,3.6986017,2.9915466,3.973107,3.9044478,3.982024,4.011199,4.205441,4.3438993,4.0833535,4.198622,4.8510013,4.9118676,4.905212,4.1606507,4.3564467,4.729017,4.1414905,3.917649,2.9829335,3.1474879,3.1587424,4.505339,3.810358,3.799652,4.0345106,3.9551296,3.8707333,3.3123534,4.1860228,4.2126837,4.194364,4.1259046,5.6485777,5.469778,5.7835164,5.743999,4.0341635,3.9958203,5.485097,5.6503186,5.208565,5.099999
16,2.1517568,2.0983818,2.353676,2.2492218,3.0573137,3.5388951,3.8498023,2.4296148,2.8205633,2.8387609,2.5211194,2.3079426,1.8787417,2.8709888,2.3279085,2.4603822,0.0,1.4139706,1.7132818,0.93995935,3.173856,2.0907621,3.3023403,2.4392796,2.8166108,2.5471323,2.538627,2.6821973,3.2365987,2.6408591,2.7012053,2.8415215,2.8313873,2.7406335,3.815961,3.2089682,3.182927,3.2741997,2.862508,2.862508,3.5239031,2.9710686,3.1540132,3.154245,3.0241704,3.011324,2.9241915,2.9428945,2.9521806,4.3161225,3.50549,3.4308543,4.049887,3.1103098,3.0810034,3.0455844,4.0132847,4.059973,3.7481933,3.829025,3.273348,3.141392,2.0109155,2.2439268,4.8988504,4.730719,4.672878,4.6158338,5.009352,4.6733027,4.755189,4.7956176,5.05525,4.9009147,4.7838793,4.689842,4.5144057,4.35967,5.2102356,4.3818007,4.1673074,3.9189794,4.18584,4.686853,4.4419327,4.4204965,3.310974,2.790359,4.2118297,4.1644526,4.1844907,4.232126,4.147771,4.227781,3.9857535,4.045437,4.5005226,4.5721474,4.7220306,3.735315,3.9669783,4.3894296,3.7815864,3.4369788,4.1045556,4.3016386,4.4444895,5.4835973,3.1265483,3.1490047,3.5070577,3.450042,3.548798,3.4030328,4.047143,3.917366,3.8566737,3.8739018,5.245726,5.06521,5.386951,5.3419094,3.6762502,3.6170774,5.012907,5.2079015,4.8535233,4.766081
17,2.526239,2.3329005,2.4220862,2.3983178,3.22908,4.1306,3.8889647,2.5864198,3.242379,3.2230542,2.4360485,2.4616194,2.0887783,3.0331738,2.392133,2.4064841,1.4139706,0.0,2.2898169,1.3829983,2.4397714,1.7296823,3.123332,2.4755635,3.0909812,2.3654943,2.5264738,2.6445742,3.0518181,2.5004494,2.592712,2.4610667,3.143957,3.0877495,4.0692096,3.5860598,3.038839,3.139624,2.7333298,2.7333298,3.196927,3.2902846,3.4460151,3.2766829,3.2883945,3.2387156,3.1804333,3.2042186,3.284033,4.5467725,3.7280579,3.7120063,3.417394,3.1935072,3.1959238,3.1943266,4.346942,4.284184,4.1292,4.2158747,3.694988,3.5350986,2.7090228,2.8595426,4.628633,4.4588184,4.427769,4.301176,4.7265925,4.387303,4.341145,4.550317,4.8016415,4.6609836,4.6656075,4.464347,4.336943,4.1764245,4.6914444,4.1166296,3.8279052,3.6272118,3.8440487,4.353531,4.0891395,4.0719895,3.5085518,2.9698365,4.2868376,4.2211328,4.2653947,4.2944455,4.534919,4.612576,4.428113,4.4341807,4.150129,4.14743,4.3454742,3.4541185,3.4344082,4.025988,3.3007784,2.9698281,3.782955,3.9801939,4.12238,5.2573895,3.3330383,3.3379292,3.0583086,2.9997427,3.005923,2.576701,3.4111366,3.259668,3.1862247,3.3233461,4.8248386,4.619551,4.9689345,4.887919,3.011974,2.9314551,4.6186075,4.690795,4.4050856,4.3667207
18,2.7622118,2.7244694,2.9306357,2.8664494,3.355083,3.8947442,3.8063009,2.5047357,3.36895,3.373407,2.681421,2.5615034,2.5353649,3.3284922,2.5983615,3.00691,1.7132818,2.2898169,0.0,1.8724496,3.7931533,2.8599243,3.2809222,2.6606927,3.3367987,3.1249044,2.8189895,2.826701,3.7781525,3.3467596,3.4026914,3.4955916,2.8149953,3.427292,3.2584615,2.724924,3.492679,3.611072,3.295085,3.295085,3.9830718,3.4437907,3.5934675,3.5438206,3.4389746,3.4213052,3.3554327,3.363428,3.3453724,4.0542517,3.794679,3.5663183,4.3549256,3.4485703,3.3940969,3.36022,4.406255,4.3868575,4.250181,4.253086,3.2384732,3.6405895,2.7860048,2.949899,4.158031,3.9669385,3.8949375,3.977493,4.3253784,3.8736355,4.015236,4.085078,4.5022287,4.178066,4.0105376,3.9581532,3.7297285,3.8030314,4.5412884,3.8206568,3.4339993,3.163477,3.4079096,3.8051503,3.7188718,3.7055192,3.5468595,3.3089545,4.132266,4.0904713,4.0884805,4.1369443,4.1218114,4.212313,4.1107364,3.9264345,4.5790925,4.688935,4.674721,3.948939,4.0397205,3.82945,3.8132682,3.5029202,4.260092,4.4247704,4.609059,5.4775357,3.310301,3.2992256,3.6314907,3.5238621,3.5777152,3.5742638,4.1670184,3.9915776,3.9597073,3.8219724,5.363473,5.1889157,4.8510437,4.8580894,3.7755387,3.6953177,4.763081,4.914581,4.84506,4.462428
19,1.7774869,1.7775911,1.6428679,1.5647544,3.1460488,3.9733922,3.7121403,2.0545363,2.5483847,2.5770297,2.0394738,1.9603854,1.4557371,2.194301,1.9411541,2.0990994,0.93995935,1.3829983,1.8724496,0.0,2.6635067,1.8321341,3.295106,2.5460203,2.6985006,2.5583186,2.6480932,2.7880614,3.3035936,2.6361015,2.709089,2.7704604,2.9706917,2.784511,4.0210605,3.4177232,3.1810138,3.336532,2.9306166,2.9306166,3.3430471,3.3382819,3.490046,3.4761987,3.381558,3.3838105,3.3071017,3.3234568,3.2181678,4.503224,3.7895968,3.6777203,4.030195,3.238301,3.2242415,3.1958408,4.357953,4.2570653,4.0695095,4.1906962,3.5255008,3.3846917,2.5064442,2.855163,4.9297137,4.768236,4.7089396,4.55159,4.87798,4.727162,4.740403,4.868156,4.9527297,4.978492,4.9110394,4.767534,4.547023,4.385406,5.0341516,4.382768,4.223103,4.0095716,4.2227597,4.721074,4.481504,4.4648395,3.588218,3.0713289,4.2360644,4.1799173,4.2049212,4.248963,4.2544937,4.3290997,4.168363,4.2085,4.7268643,4.816797,5.1120653,4.0188637,4.2161465,4.6126003,4.0400443,3.74118,3.9399126,4.137247,4.287819,5.2810125,3.660376,3.6620004,3.8058228,3.7705572,3.6857922,3.4077692,4.195749,4.0544686,4.009846,3.9802284,5.3811665,5.3005886,5.5025306,5.454817,3.8094277,3.7598617,5.1834044,5.284895,4.9924192,4.891534
20,2.5227087,2.4824145,2.3348944,2.356452,3.4027195,4.909454,3.82094,2.57951,2.9140668,2.9073267,2.6108341,2.6841266,2.4620464,3.3331127,2.5081477,2.4212608,3.173856,2.4397714,3.7931533,2.6635067,0.0,2.5364404,4.071238,3.8988535,4.193324,3.3871047,3.464478,3.589275,3.9343581,3.385788,3.4495373,3.4148676,4.1976857,3.7013597,5.661124,4.912273,4.19408,4.267042,3.9907432,3.9907432,2.923388,4.5646486,4.705108,4.578645,4.6887965,4.664094,4.6402454,4.652526,4.601232,5.650514,4.909927,4.935166,3.7878382,4.39511,4.4048486,4.3969636,5.2726073,4.816796,5.0224485,5.1498246,4.7388253,4.417676,4.024348,4.3941584,5.6635914,5.532539,5.4904737,5.3753695,5.863389,5.6361923,5.400376,5.6792426,5.9637113,5.830351,5.847577,5.6310735,5.5827565,5.4069767,5.3101974,5.271781,4.947615,4.777759,4.971626,5.6355634,5.2820597,5.267672,4.4123206,3.8780847,4.460902,4.397585,4.4778175,4.4937396,4.98357,5.050368,4.9400945,5.0178666,5.4009857,5.330047,5.491907,4.6664085,4.9893594,5.3898115,4.810977,4.597616,4.4014297,4.545782,4.6353297,5.767887,4.690597,4.6732574,4.6063046,4.56283,4.347557,3.8020625,4.70345,4.6401377,4.619698,4.6099167,6.051751,5.86332,6.4241557,6.34077,4.440149,4.459931,5.9342737,5.8477116,5.517769,5.4639044
21,2.872611,2.7533498,2.5923157,2.5148664,3.993402,4.6641197,4.150055,2.9108791,3.8181381,3.853807,2.866506,2.7679043,2.6462026,2.974581,2.8313975,2.8471181,2.0907621,1.7296823,2.8599243,1.8321341,2.5364404,0.0,3.3579338,2.7570395,3.8833756,3.6259458,3.75766,3.9028823,3.5622804,3.0414464,3.1448772,2.9915612,3.7228913,3.3257923,4.9256663,4.0478168,3.573556,3.7130105,3.3050385,3.3050385,3.6600037,3.7467885,3.8890011,3.8177874,3.8878646,3.8341777,3.810864,3.8158584,3.858359,5.045788,4.0763264,4.0549126,3.9740198,3.6542675,3.6436272,3.6355374,4.9349093,4.810489,4.7249074,4.873681,4.4303017,4.1798587,3.6681476,3.813059,5.01859,4.8765526,4.8036714,4.753419,5.075899,5.047512,4.9422073,5.1647325,5.1220117,5.167542,5.0979915,4.9341183,4.8130493,4.632007,5.306224,4.5971327,4.42364,4.2674317,4.4203887,5.1561193,4.694949,4.6985455,3.8506455,3.3311265,4.1947365,4.1021304,4.1387134,4.163331,4.4284053,4.4477415,4.579563,4.3040853,4.588248,4.575704,5.1044993,3.8275115,4.184938,4.6030674,4.000767,3.6919384,4.3402925,4.500537,4.6694074,5.90667,3.9666257,3.9742668,3.6335406,3.5991173,3.6538017,3.3806548,4.1660814,3.892687,3.888728,3.9881134,5.2895455,5.1423554,5.868025,5.7565255,3.7236252,3.7371109,5.163327,5.2318864,4.9595914,4.8622556
22,3.8200963,3.6572983,3.5488124,3.5551758,4.718045,4.516387,4.4184694,3.6815205,4.356426,4.3419604,3.5884886,3.646387,3.4026377,3.4604342,3.2960913,3.5405831,3.3023403,3.123332,3.2809222,3.295106,4.071238,3.3579338,0.0,2.242867,4.0196247,3.9178197,3.9657636,3.9754694,4.349937,4.052582,4.110644,4.0251026,4.084635,4.3558497,4.6725283,4.225882,4.3450904,4.4840655,4.4256506,4.4256506,4.495601,4.5724926,4.7067127,4.7104125,4.5988545,4.5297236,4.496514,4.484565,4.3802056,4.8658795,4.4422255,4.3833127,4.355876,4.0995064,4.1057057,4.125024,4.1347933,4.168892,4.1100254,4.2054844,4.3996534,4.7037187,4.159263,4.284636,4.203884,4.1501064,3.9757915,5.0316706,4.195615,4.3484206,4.2510056,4.3040037,4.270798,4.359756,4.313496,4.19807,3.8345013,3.9408066,4.2955265,3.9382617,3.7793128,3.6216094,3.7978246,4.363065,3.8782334,3.8757834,4.133333,3.799417,4.846351,4.855678,4.7907333,4.845515,5.085961,5.1545615,5.22346,4.976959,4.653432,4.7262173,5.252841,4.1865954,4.0132713,4.016428,4.034485,3.820907,4.238401,4.491681,4.531475,5.5678287,4.0442224,4.0143123,3.8943899,3.7918062,3.7334158,3.730627,4.432237,3.8288932,3.8888752,3.8388388,5.054597,5.079971,5.0509458,5.085461,3.8618646,3.731963,4.981183,5.2850814,4.9041986,4.630542
23,3.2720215,3.0905714,3.1517844,3.0907743,4.065382,3.439436,4.203269,3.0633225,3.992131,4.001236,3.0565894,2.935554,2.8243444,3.1976027,2.70875,3.1169863,2.4392796,2.4755635,2.6606927,2.5460203,3.8988535,2.7570395,2.242867,0.0,3.6708622,3.6064508,3.7866113,3.7643304,4.0931807,3.688001,3.7617898,3.6532953,3.8406181,3.795624,4.222797,3.7180672,3.87611,4.0191207,3.6953664,3.6953664,4.526198,4.115003,4.295006,4.336445,4.1834574,4.132306,4.0760484,4.0764904,3.9266868,4.4967585,4.1185455,3.8343751,4.5114055,3.6720054,3.6815882,3.68856,3.7918217,3.7991307,3.6322875,3.7198925,4.1812944,4.114922,3.5433547,3.711849,4.4436774,4.2897644,4.188101,5.1022353,4.3960943,4.348842,4.3884606,4.4197593,4.3906007,4.4165998,4.2885566,4.206946,3.9265091,4.023874,4.674961,4.055779,3.8424077,3.6318812,3.8256068,4.3347054,4.083413,4.0599313,3.6849854,3.3629274,4.609284,4.592863,4.527263,4.593059,4.6297884,4.6310596,4.785344,4.4868393,4.3266654,4.367484,4.7649765,3.7541094,3.6371934,4.0985923,3.6827087,3.3490696,3.7164724,3.9941807,4.2131934,5.258319,3.710173,3.7258599,3.6150289,3.5143683,3.4673061,3.2733638,4.0670958,3.633776,3.578786,3.6298125,4.9823523,4.9047575,4.865895,4.7918515,3.4911005,3.3954422,4.4745436,5.027472,4.4778967,4.3518915
24,3.6299167,3.721741,3.266597,3.252711,4.921392,5.3258905,4.881688,3.9890373,3.3931086,3.3978932,3.787801,3.7332659,3.2919972,2.8874314,3.6137471,3.6800292,2.8166108,3.0909812,3.3367987,2.6985006,4.193324,3.8833756,4.0196247,3.6708622,0.0,1.6971439,2.1758814,2.261688,4.180792,3.905312,3.9004047,4.1152015,4.1520543,4.047018,4.8884244,4.501582,4.500595,4.6801877,4.4476843,4.4476843,4.574021,4.274093,4.3993206,4.380085,4.272876,4.2739706,4.161716,4.1837025,4.472347,5.3815312,4.7430058,4.8160973,4.9033575,4.2577615,4.246694,4.226002,4.521134,4.611076,4.3494506,4.557223,3.9087994,3.9215243,2.9812977,3.12634,5.481809,5.3444347,5.296041,5.2549787,4.8436675,5.0693293,5.2105255,5.2912927,4.935925,5.4234343,5.5419617,5.2945085,5.0249505,4.913423,5.633289,4.90976,4.920773,4.720938,4.8639617,5.309104,4.8642716,4.8121476,4.1123724,3.6456358,5.2734084,5.2895846,5.2700853,5.329024,5.4297824,5.495865,4.731649,5.2722483,5.095838,5.206111,5.9614515,4.5859504,4.5055046,4.89013,4.4978266,4.2931943,4.6566415,4.8421874,4.9818263,6.0134916,4.233932,4.235253,4.6474915,4.5739336,4.015075,4.1355133,4.611778,4.4567885,4.3589716,4.2531343,5.0990644,5.4683075,5.754626,5.819188,4.1901617,4.094146,5.4031363,5.5977273,5.196592,5.1311436
25,3.369661,3.3716743,3.249258,3.2519054,4.0466967,4.8360453,4.510398,3.619605,3.128024,3.088898,3.3785896,3.34156,3.0011332,3.5469613,3.2407188,3.2645128,2.5471323,2.3654943,3.1249044,2.5583186,3.3871047,3.6259458,3.9178197,3.6064508,1.6971439,0.0,0.89437985,1.0551585,3.7840672,3.3606458,3.3567088,3.509429,3.7609534,3.7414365,4.6589265,4.228137,4.0302925,4.1438303,3.881528,3.881528,3.7922552,3.8173757,3.9043815,3.850711,3.8001883,3.8092897,3.702999,3.7351663,4.0812426,5.054409,4.487668,4.4941154,4.0084305,3.8564978,3.855212,3.8448393,4.3405747,4.362106,4.077763,4.1979055,3.4950633,3.3940377,2.397746,2.525633,5.1551704,4.998633,4.962588,4.8421717,4.9228706,4.6584725,4.748132,4.8365498,5.018326,5.026856,5.1685033,4.903661,4.78333,4.6771994,5.1977067,4.6187315,4.3815274,4.1691403,4.3354425,4.815107,4.4249535,4.367464,3.7331724,3.258505,4.773262,4.777932,4.7920446,4.835772,5.0132723,5.098669,4.352541,4.937551,4.4957104,4.5310793,4.862576,3.9352446,3.8305218,4.319324,3.8607917,3.6109197,4.230637,4.418604,4.5505314,5.5581923,3.5839732,3.5828872,4.0030394,3.9231677,3.3394408,3.3196685,3.8029346,3.7599087,3.641307,3.5931883,4.870052,4.9276733,5.25654,5.301364,3.457916,3.3804948,4.8997464,4.997308,4.6448684,4.598415
26,3.3312657,3.3694909,3.389193,3.378753,3.8010223,4.6614666,4.3791823,3.535371,3.056833,3.0138655,3.408423,3.3358192,3.0487447,3.8508794,3.272408,3.296245,2.538627,2.5264738,2.8189895,2.6480932,3.464478,3.75766,3.9657636,3.7866113,2.1758814,0.89437985,0.0,0.4546181,3.8159685,3.3710344,3.3582308,3.5739777,3.4717813,3.664565,4.4897947,3.9625468,4.0081615,4.0957065,3.844063,3.844063,3.6669123,3.6566877,3.7179852,3.6946368,3.6438801,3.6630082,3.556261,3.5881643,3.9613485,4.9561343,4.423004,4.427767,3.9699688,3.829129,3.8076696,3.7870672,4.3173513,4.3243313,4.0567884,4.128751,3.1442935,3.2630196,2.1837943,2.3041375,4.9843235,4.817509,4.7732267,4.608763,4.9492364,4.4900365,4.603882,4.655074,5.0864067,4.8559284,4.929989,4.7117553,4.645968,4.539983,5.1303186,4.4838123,4.171026,3.934149,4.127028,4.6478415,4.2675815,4.2097425,3.6899538,3.2545393,4.5802317,4.578531,4.6022687,4.6476827,4.788562,4.8871346,4.085936,4.7070384,4.5622463,4.6055226,4.6947846,3.995056,3.9895825,4.140454,3.948906,3.6838562,4.4258366,4.602742,4.72696,5.6923957,3.4236014,3.4194136,4.0621014,3.9768958,3.4549243,3.509122,3.9584198,3.9276867,3.8326726,3.7189188,5.102688,5.0451283,5.369376,5.438715,3.6361349,3.566042,5.0487485,5.115502,4.8703394,4.684383
27,3.4273658,3.4650922,3.5056942,3.4910839,3.888528,4.6513734,4.4546666,3.5912979,3.156602,3.1069312,3.460161,3.403728,3.1363735,3.9239326,3.3464062,3.3836339,2.6821973,2.6445742,2.826701,2.7880614,3.589275,3.9028823,3.9754694,3.7643304,2.261688,1.0551585,0.4546181,0.0,3.9257758,3.5382674,3.5287726,3.7136338,3.5493004,3.8402243,4.5198946,4.063967,4.112335,4.190923,3.942539,3.942539,3.8532965,3.8260784,3.9033248,3.8544931,3.796364,3.803003,3.7126372,3.7388465,4.0926147,5.0811343,4.554469,4.5834174,4.1274195,3.974946,3.9551134,3.9385784,4.353883,4.324378,4.1228313,4.173004,3.2521799,3.4701004,2.3766482,2.4979377,4.893136,4.7250414,4.6779127,4.5775485,4.8490996,4.353569,4.482251,4.5328064,5.004293,4.736376,4.799062,4.59979,4.5438495,4.4224467,5.033272,4.367358,4.089812,3.857889,4.0376534,4.516909,4.1582675,4.0963697,3.8464885,3.4419858,4.7435803,4.7286086,4.7600756,4.8050203,4.957145,5.0495,4.2214622,4.8551364,4.621929,4.6488667,4.712739,4.124367,4.0079627,4.0615954,4.014068,3.75132,4.4359097,4.6070504,4.740826,5.699271,3.5585911,3.5642748,4.177169,4.086041,3.5412996,3.56369,4.027562,3.9884274,3.8738256,3.8048306,5.1094694,5.058917,5.3723006,5.4514666,3.6846588,3.6084094,5.1031265,5.2107043,4.9970307,4.7743897
28,3.6956778,3.7076302,3.867326,3.733531,4.2840767,4.9253817,4.8914814,3.9525828,4.252951,4.2784276,4.152923,4.112116,3.6166408,4.243061,3.849513,3.7399263,3.2365987,3.0518181,3.7781525,3.3035936,3.9343581,3.5622804,4.349937,4.0931807,4.180792,3.7840672,3.8159685,3.9257758,0.0,2.0118325,1.9988859,2.121051,2.641795,2.9591506,3.9353209,3.4002028,3.043094,3.0503397,2.612441,2.612441,2.780179,2.6990974,2.9808025,2.9508793,2.9444485,2.6550012,2.647702,2.645923,2.6321058,4.2317967,1.9340025,3.2535057,2.9876752,2.746976,2.7062545,2.6919508,3.274586,3.1375728,3.7061367,3.7977896,3.2185013,3.1362348,3.445441,3.527311,5.540037,5.383055,5.477458,5.212731,5.6723394,5.4476714,5.439066,5.600361,5.7518764,5.66008,5.579439,5.4274282,5.5356936,5.3740625,5.8276057,5.2690234,4.8178167,4.6970005,4.978454,5.457974,5.1005783,5.070922,4.5053205,3.9319136,5.007112,4.984411,5.0132523,5.0518074,5.6316037,5.836111,4.950998,5.0493655,4.8037257,4.7573214,5.4072824,4.477132,4.695508,5.0377226,4.504034,4.2126927,5.097631,5.207035,5.266095,6.8915105,4.3687434,4.3638515,3.8644497,4.3609257,4.2426004,4.2548966,4.6090703,4.567343,4.512977,4.592627,5.09238,4.865296,5.9959865,5.9596424,4.3870997,4.3541756,5.682188,5.727169,5.415464,5.3596067
29,3.2239273,3.305021,3.4021683,3.2945638,3.796203,4.5376625,4.5815296,3.5496724,3.8688219,3.8734562,3.6693137,3.5809057,3.1529405,3.9628637,3.4762652,3.319141,2.6408591,2.5004494,3.3467596,2.6361015,3.385788,3.0414464,4.052582,3.688001,3.905312,3.3606458,3.3710344,3.5382674,2.0118325,0.0,0.20741768,0.7558916,1.691037,1.9261334,3.4058409,2.746887,2.149046,2.154195,1.5194024,1.5194024,1.794221,1.7945932,2.1366737,1.8687372,1.7459186,1.7051015,1.6786109,1.6955996,1.7917277,3.7183957,2.70557,2.573966,2.2986882,1.9199092,1.8991488,1.8724129,3.597653,3.5506017,3.1478004,3.2431436,2.5832355,2.4015474,2.8276997,2.9747484,5.560982,5.406815,5.5007133,5.2501736,5.658566,5.3385634,5.3131733,5.446161,5.731445,5.583437,5.6307006,5.3810954,5.363825,5.213089,5.647844,5.118227,4.623164,4.5003786,4.811446,5.29799,4.9286547,4.899895,4.049609,3.4440007,4.776617,4.754072,4.7777143,4.816009,4.914172,5.025134,4.8027763,4.902063,5.080721,5.0889797,5.1982975,4.3353896,4.5559916,4.9987035,4.360365,4.0827284,4.7588468,4.974586,5.025465,5.927455,3.9580321,3.9641266,3.605502,4.155359,4.101038,4.020733,4.5554748,4.4263153,4.3907275,4.3532133,5.8184633,5.526688,5.8093987,5.7593694,4.217136,4.1522775,5.567763,5.6325808,5.2538934,5.2189937
30,3.2831082,3.3842502,3.477872,3.3701372,3.8642104,4.5752935,4.643273,3.6342034,3.8781092,3.8891845,3.7477334,3.6656158,3.2304776,4.023783,3.5468752,3.3886194,2.7012053,2.592712,3.4026914,2.709089,3.4495373,3.1448772,4.110644,3.7617898,3.9004047,3.3567088,3.3582308,3.5287726,1.9988859,0.20741768,0.0,0.8556876,1.6851404,2.011174,3.445797,2.7738423,2.2152627,2.2183905,1.626095,1.626095,1.742796,1.7013408,2.09399,1.8139547,1.7161163,1.6731257,1.640385,1.656191,1.7514126,3.7172594,2.6889324,2.5803695,2.2768817,1.9436946,1.9170743,1.8862398,3.5266104,3.4926932,3.076404,3.168322,2.5420973,2.3138916,2.795671,2.9288769,5.6161313,5.4626293,5.5620995,5.315034,5.7143183,5.409533,5.3887253,5.508994,5.8093123,5.661322,5.7091923,5.4538307,5.4397836,5.2855434,5.7286696,5.1868925,4.693251,4.568852,4.874742,5.3474855,4.9954624,4.9647765,4.1321287,3.5101707,4.7437973,4.724033,4.7470827,4.787677,4.8939714,5.008074,4.741281,4.8747993,5.112615,5.1154895,5.2376738,4.34436,4.615655,5.0576844,4.4175253,4.148128,4.856865,5.0730605,5.1199555,5.9881077,3.966134,3.972732,3.683799,4.2355466,4.150424,4.1133256,4.6155124,4.485699,4.4497113,4.408702,5.8639345,5.578679,5.8558908,5.8106995,4.276835,4.2223573,5.6294723,5.7003202,5.308231,5.2724943
31,3.4613936,3.4751253,3.5292914,3.4405818,3.9573414,4.704689,4.731464,3.7023396,4.2166944,4.217992,3.6789474,3.6874847,3.292711,4.085625,3.5656476,3.3797526,2.8415215,2.4610667,3.4955916,2.7704604,3.4148676,2.9915612,4.0251026,3.6532953,4.1152015,3.509429,3.5739777,3.7136338,2.121051,0.7558916,0.8556876,0.0,2.0314112,2.2816064,3.5436845,2.9295087,1.9197291,1.9790647,1.2538253,1.2538253,2.12543,2.1256204,2.3649693,2.1883404,2.0593815,2.0095236,1.9997381,2.012493,1.9520196,3.8541248,2.833796,2.7178175,2.279138,1.8608474,1.8804904,1.8930107,3.847366,3.7934783,3.434947,3.5135357,2.8927426,2.6926994,3.1108713,3.2460072,5.3296714,5.177091,5.272135,4.9708014,5.4128428,5.0951877,5.0548625,5.204639,5.4966393,5.3418183,5.398033,5.144254,5.126616,4.9508853,5.4243283,4.8562613,4.4049616,4.3346434,4.572146,5.0562797,4.692851,4.6684523,4.2519584,3.6600928,4.8235784,4.7780137,4.807025,4.837069,4.9582195,5.065756,4.887861,4.9403057,4.79455,4.812772,4.957124,4.1961827,4.281054,4.781817,4.167984,3.8864737,4.506989,4.7218413,4.7845483,5.697032,4.095735,4.0996084,3.4693475,4.052716,3.8787477,3.7167048,4.266342,4.1134706,4.081033,4.114547,5.604538,5.2796926,5.614577,5.5549216,3.9130373,3.861292,5.360215,5.4030766,5.123094,5.087084
