,0,1,2,3,4,5,6,7,8,9,10,11,12,13,14,15,16,17,18,19,20,21,22,23,24,25,26,27,28,29,30,31,32,33,34,35,36,37,38,39,40,41,42,43,44,45,46,47,48,49,50,51,52,53,54,55,56,57,58,59,60,61,62,63,64,65,66,67,68,69,70,71,72,73,74,75,76,77,78,79,80,81,82,83,84,85,86,87,88,89,90,91,92,93,94,95,96,97,98,99,100,101,102,103,104,105,106,107,108,109,110,111,112,113,114,115,116,117,118,119,120,121,122,123,124,125,126,127
0,0.0,2.5083246,2.3460405,3.107979,2.321362,2.9256158,2.6140563,2.219273,3.2822065,3.6286457,2.7253802,3.793587,2.7305439,2.9073164,2.7099261,2.7734418,4.1641665,4.089156,4.140697,4.2030644,4.3162856,4.418723,5.0030475,4.916114,4.08422,4.0096235,4.5615954,4.720771,5.3642635,4.844113,3.480601,3.2929595,4.083557,4.1563454,4.2699375,3.4429855,3.3974018,4.2749662,4.2496376,3.5620432,3.0416336,3.8471978,3.834207,3.246989,4.6580925,4.600232,4.7349,3.6623914,4.140361,4.0204835,3.9204369,3.9181073,5.0503573,5.0185905,3.8657951,3.6069243,4.513693,4.513693,4.355215,4.266747,4.2414966,4.5056643,4.6128135,4.493239,5.412612,5.351958,5.4163156,5.4576006,5.6006308,5.5728207,5.6692786,5.525023,5.6741295,5.6868653,5.0746655,5.2969255,5.3902044,5.371229,5.5493083,5.6076136,5.110078,5.3347163,5.3011413,5.202479,5.8244805,5.257873,5.429453,5.387296,4.85878,5.0185814,5.2090154,5.1227574,5.473493,5.2097583,5.5325685,5.548177,5.4074764,5.306651,5.04572,5.023672,4.647929,4.7721553,4.79407,4.7638793,4.6499963,4.8150163,4.931964,5.0862303,4.7120047,4.527718,4.988811,3.3706577,3.4234617,3.415443,3.6776836,3.6859918,3.6754258,3.6877394,3.3268893,3.5875578,4.9739428,3.8336825,4.7473164,4.8071756,3.2128747,3.2177284,3.973597,3.2496054
1,2.5083246,0.0,0.9360765,2.4726143,2.0077934,2.8645444,1.9808489,1.9616698,3.3946102,3.6358066,1.8043939,2.8640854,2.1628723,2.3599172,2.365586,2.339991,2.5647469,2.643639,2.7171404,2.7890475,2.9155197,3.0678883,3.786822,3.7332017,3.198019,3.1343226,3.7578988,3.9217908,4.839186,4.061762,3.933693,3.5342329,3.9319775,3.9409783,4.334106,3.234034,3.4784622,4.3115835,4.447064,3.7668827,2.8989036,3.8181891,3.5779812,3.1386046,4.318078,4.270038,5.5647507,4.693461,4.1156597,3.8728259,3.8751166,3.8739905,4.259967,4.0799584,3.5189648,3.443659,4.666111,4.666111,4.4093213,4.3866243,4.520687,4.511956,4.7656894,4.625528,5.14834,5.182084,5.4354753,5.438797,5.6863427,5.6257653,5.546606,5.390505,5.5110235,5.521251,4.974688,5.122524,5.250128,5.2546816,5.442431,5.4712462,5.166424,5.260477,4.9786034,4.8800735,5.8230553,5.0071764,4.992272,5.2203026,4.6879063,4.6623,4.886593,4.9229727,4.810338,4.8242908,5.191245,5.1650043,5.739382,5.5912185,5.1741557,5.1478877,4.606766,4.7678113,4.763074,4.579015,4.516038,4.688276,4.7754307,4.8548565,4.734362,4.5400925,4.9747443,3.3715894,3.3656626,3.4381063,3.6576214,3.5402825,3.351764,3.5860302,3.247857,3.4462953,4.918693,3.7680905,4.6856165,4.6351333,2.9699457,3.2449498,3.291423,3.2575834
2,2.3460405,0.9360765,0.0,2.3607934,1.7157948,2.6920762,2.227445,1.6373727,3.2314978,3.468502,1.3527817,3.066055,1.988232,2.1906836,2.1802824,2.1322377,2.5179806,2.4011178,2.6056583,2.6676188,2.8249044,2.985578,3.75484,3.6502686,2.9539235,2.917556,3.575637,3.7398071,4.6687737,3.870975,3.7014892,3.2779121,3.7884681,3.794378,4.206258,3.0577757,3.3130004,4.178037,4.2357497,3.523642,2.8334079,3.7168362,3.6555345,3.0364602,4.4319105,4.3740735,5.630203,4.7766066,3.9877183,3.92048,3.782074,3.775535,4.169906,4.1709228,3.5918941,3.3178093,4.5150967,4.5150967,4.304133,4.262904,4.398079,4.4359903,4.5882626,4.471078,5.2550154,5.246729,5.32714,5.3451533,5.5291853,5.474284,5.395807,5.22377,5.4038696,5.416712,4.9479,5.1026607,5.1967735,5.160725,5.324825,5.3574576,5.032712,5.1367874,4.9789248,4.894659,5.726183,4.9273925,4.910331,5.106634,4.6771927,4.654818,4.7935734,4.751689,4.7458863,4.7414584,5.1293178,5.101282,5.633953,5.4954925,5.08365,5.060616,4.451035,4.571259,4.609116,4.520068,4.3280954,4.5110397,4.5602984,4.642426,4.59186,4.3988724,4.7808447,3.4217548,3.1176696,3.2377672,3.4581263,3.3238726,3.4349744,3.3997653,3.1658227,3.3685403,4.8431816,3.8102522,4.666163,4.704275,2.7298186,3.0185714,3.2005277,3.0808523
3,3.107979,2.4726143,2.3607934,0.0,2.906173,3.469177,3.1527758,2.8066237,2.427808,2.7236276,2.4755418,1.8211083,3.0108268,3.0544784,2.955181,2.9427197,3.3264396,3.2446723,3.2851648,3.291396,3.4233418,3.614363,2.8281186,3.7471726,3.211411,3.2323346,2.6599617,2.8726413,3.7749581,3.1032515,2.7065887,2.0670626,4.4494042,4.4919395,4.784111,3.7747927,4.0458927,4.774997,4.6001396,4.0272646,3.4393327,4.0924783,4.0481796,3.4084425,4.8026514,4.7236104,5.8309374,5.017847,4.65165,4.540804,4.45681,4.448381,4.800305,4.8122964,4.339979,2.4558938,4.8796434,4.8796434,4.7536383,4.7711697,4.9822,4.99836,4.924538,4.851129,4.800418,4.7991233,4.823802,5.0072875,5.126118,5.0833626,4.9502535,5.123934,5.6450343,5.660226,4.982554,5.1334486,5.422807,5.360465,5.227574,5.32115,4.9940248,5.112055,4.562509,4.8256955,5.525274,4.940949,4.8420925,5.0290947,4.835294,4.4308534,4.860105,4.761765,4.816238,4.851486,4.884969,4.822887,5.6480484,5.5139737,4.942465,4.9240336,4.6453776,4.6733313,4.758004,4.7834735,5.0183034,5.1585674,4.860946,4.9551325,4.9081945,4.827671,5.2670693,3.0931132,3.0492003,3.5230336,3.4824166,3.3656976,3.2952447,3.2994082,3.1236207,3.2987754,4.9431124,3.8098414,4.6934066,4.797506,2.5071712,2.622078,3.3387868,3.1338444
4,2.321362,2.0077934,1.7157948,2.906173,0.0,1.648165,1.5980992,0.24391864,2.7352762,3.042423,2.3605106,3.5951207,0.87765247,1.342778,1.4974304,1.5820222,3.2240453,3.084945,3.3182187,3.3085368,3.5764146,3.681659,4.3644595,4.295783,3.0925267,2.8780403,3.6378622,3.8263664,4.6489124,4.1166224,3.3333495,3.254878,3.835631,3.8744829,3.974761,3.0851054,3.1457882,4.114829,4.2690926,3.5774884,2.8001041,3.7946715,3.766773,3.1374762,4.5453315,4.5046105,5.6310863,4.713195,4.03506,3.9346838,3.779667,3.7794063,4.186504,4.25193,3.7785783,3.4871082,4.539305,4.539305,4.3249636,4.249507,4.0658183,4.422019,4.6370783,4.5167694,5.0559993,5.0388474,4.974895,4.9347386,5.210184,5.1768084,5.224121,5.0491123,5.174528,5.1861296,4.6100445,4.7048426,4.8800573,4.963392,5.1405044,5.145251,5.3654003,5.489375,4.8379793,4.7487044,5.323673,4.6746697,4.997811,4.882788,4.9895425,4.712519,4.774138,4.6994443,5.0902295,4.705085,5.136935,5.1385794,5.644094,5.2828403,5.0996265,5.0692554,4.3782034,4.641663,4.6229396,4.507247,4.7057147,4.9067607,4.9915023,4.9965897,4.7133904,4.583619,4.9325256,2.9678411,2.6881533,2.484181,2.6752586,2.6218998,2.713475,2.6049726,2.4187431,2.5388806,4.471631,3.1608694,4.2704186,4.3426285,2.2909372,2.4219346,2.6468046,2.4496436
5,2.9256158,2.8645444,2.6920762,3.469177,1.648165,0.0,2.4231198,1.7339029,3.1195312,3.3890467,3.124983,3.9761174,1.8399065,2.0653925,2.3047345,2.4734359,3.3303778,3.1317708,3.392855,3.3227074,3.2760887,3.3218405,4.083559,3.8941774,3.1555417,2.9729087,3.735514,3.959669,4.392092,4.4189053,3.4326363,3.3638856,3.8029938,3.8923728,3.8903315,3.039735,2.9723,4.026753,4.182468,3.8310726,2.616349,3.903429,4.0170383,3.2709777,4.7051964,4.6861734,5.752893,4.859893,4.1327915,3.9877653,3.8342898,3.8376927,4.154616,4.308189,4.0983977,3.8349545,4.7349515,4.7349515,4.341089,4.2810526,4.1046205,4.4555655,4.840987,4.9115124,5.2177963,5.205959,5.076317,4.8073807,5.5062656,5.4684033,5.5004497,5.3153667,4.9098496,4.9220796,4.456438,4.497314,4.7603292,5.0333695,5.2833123,5.227615,5.537062,5.6679807,4.962951,4.8777256,5.0937605,4.8218007,5.1217194,4.7746587,5.2367086,4.9703684,4.9998817,4.8969455,5.2790484,4.923782,5.3337708,5.427165,4.7713833,4.3195887,4.1847534,4.135172,4.292294,4.809433,4.712725,4.385543,4.9953218,5.0779448,5.254533,5.273786,4.661168,4.4998975,4.8879814,2.8938797,2.9213476,2.100198,2.2558508,2.2590876,2.3636713,2.218295,2.076038,2.175467,4.064998,2.527928,4.0869493,4.2239394,2.8503163,2.911585,2.443478,2.2071106
6,2.6140563,1.9808489,2.227445,3.1527758,1.5980992,2.4231198,0.0,1.6919119,3.235989,3.793425,3.0121384,3.8873577,1.8775464,2.4674013,1.655924,1.6836145,3.352708,3.4618661,3.5186572,3.5655801,3.8254278,3.9868708,4.5612717,4.5436673,3.6256058,3.3911047,4.094747,4.245723,5.177548,4.5277143,3.9307268,3.7463155,4.1701365,4.207698,4.322917,3.528238,3.3064463,4.2082844,4.302261,3.6285539,3.0130265,3.8633502,3.6146019,3.2487743,4.343968,4.3395886,5.5244784,4.363708,4.2075305,3.9517632,4.0044355,4.0093975,4.407893,4.2676764,3.9940999,3.9959102,4.6589775,4.6589775,4.6295753,4.433981,4.3492703,4.6062536,4.748123,4.6198683,4.8959203,5.05595,5.1218395,5.1683517,5.3898144,5.347956,5.442774,5.3052034,5.3578525,5.364937,4.797534,4.9148703,5.0763526,5.1097937,5.291868,5.283626,5.514998,5.6421866,4.8972225,4.784675,5.5221086,4.807348,5.1278176,5.102395,4.798101,4.750243,4.913247,4.949219,5.2057652,4.8670707,5.266856,5.253846,6.044736,5.732683,5.5136023,5.486272,4.7987022,4.978646,4.9612617,4.809423,5.084756,5.286958,5.3236666,5.324563,5.141164,5.0259056,5.2700534,3.36334,3.1471572,3.1514504,3.2852345,3.3475552,3.1309836,3.41998,3.104164,3.2148235,4.579074,3.2734833,4.433837,4.3902235,2.8208349,2.899627,3.0846581,2.9968538
7,2.219273,1.9616698,1.6373727,2.8066237,0.24391864,1.7339029,1.6919119,0.0,2.7182422,2.9819605,2.2471216,3.4881072,0.87290543,1.2452785,1.4638004,1.53388,3.254833,3.130318,3.3016522,3.2994611,3.5658898,3.674416,4.338938,4.29463,3.1046665,2.9088485,3.6304612,3.8096175,4.6052794,4.069788,3.273709,3.1870162,3.826615,3.8668942,3.9842727,3.071901,3.1915014,4.14899,4.232823,3.5490782,2.7729094,3.73771,3.7133615,3.0623202,4.5163736,4.467423,5.562863,4.664228,4.040241,3.9383419,3.7846494,3.783386,4.231441,4.2900796,3.7360747,3.3961475,4.499796,4.499796,4.2896566,4.2392354,4.0801973,4.426971,4.5970078,4.4730425,5.0327425,4.994705,4.9511228,4.928615,5.161716,5.1292796,5.166429,4.9966197,5.1672215,5.177652,4.630632,4.7333465,4.9110136,4.9660993,5.128554,5.1476197,5.3324003,5.455492,4.8146167,4.7339644,5.3287807,4.666623,4.969649,4.8665633,4.9485874,4.6672535,4.746421,4.670927,5.058745,4.686606,5.1109614,5.1068254,5.6112757,5.255473,5.0591836,5.0302396,4.3429213,4.570824,4.5637507,4.4867005,4.657577,4.8554783,4.9210625,4.926672,4.676802,4.5477467,4.9161625,2.9362838,2.6445355,2.5285528,2.719111,2.639959,2.7254994,2.6193461,2.4143267,2.5511136,4.506988,3.206897,4.284946,4.353097,2.2313747,2.3642607,2.6871045,2.4545448
8,3.2822065,3.3946102,3.2314978,2.427808,2.7352762,3.1195312,3.235989,2.7182422,0.0,1.1060665,3.715875,3.1889894,2.882741,2.9152443,3.2647119,3.4251854,4.4592447,4.3464127,4.557077,4.4852347,4.5717397,4.6252537,4.0887322,4.672052,3.1507928,3.007018,2.565814,2.7765136,3.8385136,3.2076926,1.2316604,1.8006843,4.538655,4.5678687,4.3874393,3.8929398,3.937277,4.7236032,4.777471,4.1928067,3.70604,4.443135,4.491525,3.852732,5.1216364,5.045344,6.1427736,5.36754,4.58556,4.624191,4.4594464,4.456495,4.8344975,4.890321,4.490308,2.4956923,5.130005,5.130005,4.8701615,4.867233,4.4175353,5.0285244,5.139758,5.1159506,5.0110765,4.945954,4.9568996,5.0760465,4.9778323,4.9547515,5.1757593,5.3423233,5.7613425,5.76777,4.905988,5.097779,5.406598,5.4889073,5.4325485,5.3965416,5.2155986,5.412948,4.816308,5.054645,5.651402,5.0676208,5.5932646,5.2003245,5.118227,4.6900287,5.0294614,4.84366,5.696433,5.0293593,5.029331,5.060148,5.242178,4.9850936,4.8373027,4.808422,4.6014743,4.8359113,4.8648753,4.780463,5.0957403,5.331385,5.051239,5.1302705,5.019648,4.9714055,5.312246,2.3611012,3.2140484,3.417183,3.363016,3.3157728,3.2027848,3.0464802,2.9329424,3.0554116,4.948883,3.7284946,4.733166,4.833757,2.60489,2.7699575,3.3055923,3.0089028
9,3.6286457,3.6358066,3.468502,2.7236276,3.042423,3.3890467,3.793425,2.9819605,1.1060665,0.0,3.7651374,2.9665048,3.0641217,2.8228033,3.671639,3.8260922,4.7179537,4.606303,4.729093,4.658873,4.738639,4.7486024,4.277835,4.812843,3.2854095,3.2175667,2.7511327,2.9349818,3.9480588,3.493323,1.4442286,2.1124845,4.67096,4.688856,4.5360007,4.03391,4.3303213,5.0616193,5.1044908,4.5772424,3.9320445,4.664732,4.6757417,4.0622673,5.305789,5.1991544,6.3768826,5.835472,4.7130494,4.8632255,4.6945825,4.691115,5.050813,5.0762258,4.524904,2.475622,5.3484917,5.3484917,4.9491534,5.10566,4.645278,5.251114,5.3698072,5.338251,5.1800084,4.9790955,5.123812,5.1998935,5.091985,5.076879,5.2283454,5.374974,5.8841963,5.888218,5.0684595,5.2421603,5.544008,5.641949,5.581614,5.4837418,5.362625,5.581779,4.962746,5.187164,5.7712026,5.204945,5.733043,5.314903,5.4014072,4.824792,5.1677613,4.9864855,5.8392158,5.1785703,5.1550155,5.1860785,5.246283,4.9505463,4.8099146,4.7810645,4.596878,4.8408833,4.855996,4.83176,5.1110706,5.3443832,4.9476967,5.007359,5.010007,4.979432,5.258802,2.3508801,3.4324598,3.6333811,3.56506,3.4000983,3.211104,3.0397766,2.9667168,3.0489087,5.218341,4.006166,4.903827,4.9826317,2.8263063,3.0215642,3.4649134,3.2212672
10,2.7253802,1.8043939,1.3527817,2.4755418,2.3605106,3.124983,3.0121384,2.2471216,3.715875,3.7651374,0.0,2.925252,2.6391108,2.6416137,2.6802797,2.5818787,2.6016853,2.3831775,2.5085366,2.642546,2.8475385,2.9721785,3.80203,3.7577968,3.4441795,3.4990287,3.9945054,4.165967,4.675666,4.1394324,3.9597359,3.4466588,4.0074315,4.0317903,4.5639386,3.2702475,3.7122908,4.512252,4.369348,3.6800268,2.9455724,3.7727041,3.7005143,3.02064,4.56992,4.5012417,5.6521115,4.945765,4.264851,4.266123,4.120268,4.115365,4.487099,4.5247993,3.830214,3.4988623,4.5731244,4.5731244,4.4444456,4.523779,4.809484,4.714753,4.658507,4.49866,5.293466,5.253067,5.2008266,5.2835984,5.51868,5.4855766,5.2385154,5.054476,5.382457,5.4091167,5.06848,5.1759553,5.2019606,5.114604,5.1902328,5.277679,4.8871117,4.9928207,4.9777784,4.8898625,5.5064387,4.88475,4.7092986,5.0418267,4.9102483,4.8344054,4.939502,4.9133625,4.6877794,4.871444,5.2684712,5.200513,5.7314615,5.6139355,5.1171255,5.1027126,4.491182,4.482904,4.558578,4.6265254,4.4399858,4.5710335,4.6015415,4.7042923,4.5484896,4.3491335,4.6759787,3.5510378,3.215386,3.4343393,3.5777602,3.364442,3.6127374,3.505939,3.3496442,3.495846,5.0617046,4.038186,4.7944307,4.9057617,3.0419223,3.1219208,3.3790016,3.2825983
11,3.793587,2.8640854,3.066055,1.8211083,3.5951207,3.9761174,3.8873577,3.4881072,3.1889894,2.9665048,2.925252,0.0,3.546021,3.2965593,3.8096867,3.841376,3.839139,3.7928746,3.7041588,3.692148,3.8595262,3.9521184,3.2935545,4.0867796,3.8220565,3.8858478,3.370324,3.6206796,4.2778745,3.913009,3.403862,2.9421077,4.463635,4.497044,4.848401,3.894395,4.480747,5.0316467,5.218879,4.6665173,3.7530122,4.4119406,4.155435,3.8844447,4.8024535,4.6990213,5.7951956,5.4280176,4.698722,4.5465684,4.5631523,4.5593734,4.921078,4.750581,4.058586,2.4416199,5.0789695,5.0789695,4.638799,4.8880267,5.163652,5.034838,5.1768265,5.0712647,4.5932894,4.4504104,4.841564,4.8874173,5.263482,5.2138433,4.94344,5.1039424,5.6266484,5.6411023,4.79924,4.9016333,5.1985264,5.2638135,5.167661,5.1692834,5.029755,5.194348,4.397912,4.6388927,5.390604,4.8846745,4.7164946,4.969568,5.0167513,4.3089056,4.8297024,4.8106394,4.649615,4.798575,4.7834454,4.7286987,5.7753263,5.580912,4.986552,4.966108,4.528074,4.699533,4.673651,4.5598483,4.9916368,5.1134796,4.7452855,4.816506,4.750088,4.680875,5.162664,3.1494086,3.589381,3.8047726,3.8289118,3.600518,3.1068592,3.3790288,3.1438563,3.2649271,5.0637455,4.023174,4.5778246,4.5806317,3.1034288,3.2549849,3.5913098,3.5080574
12,2.7305439,2.1628723,1.988232,3.0108268,0.87765247,1.8399065,1.8775464,0.87290543,2.882741,3.0641217,2.6391108,3.546021,0.0,0.7840369,1.4227587,1.5650542,3.267447,3.2755542,3.5824618,3.5968761,3.546873,3.6159081,4.259068,4.2392244,3.0175884,2.7811656,3.501558,3.6162276,4.5583043,4.1217294,3.5556355,3.5785923,3.9729385,4.013051,4.0543,3.212759,3.4482098,4.348848,4.3381557,3.819592,2.9827585,3.836298,3.795744,3.1787157,4.520519,4.4749246,5.7391415,4.8784757,4.1639028,4.012994,3.8931825,3.8921027,4.240631,4.2661915,3.8958194,3.6109645,4.6203117,4.6203117,4.4336224,4.397764,4.1185985,4.4556446,4.7509336,4.639982,4.9811773,4.903072,4.953282,4.92044,5.133149,5.1061983,5.121889,4.941996,5.099146,5.106772,4.653594,4.722231,4.995287,5.046901,5.1920094,5.214922,5.5349245,5.57852,4.756372,4.668773,5.3501387,4.6265473,4.928915,4.8016996,5.2294965,4.6635957,4.6914353,4.6367283,5.01257,4.625915,5.0337114,5.0429454,5.799966,5.36897,5.059106,5.0297527,4.5572524,4.7810965,4.7707725,4.739057,4.815081,4.9821467,5.145952,5.1061525,4.8167953,4.7146997,5.0815606,2.9345336,2.4563835,2.4576676,2.4805903,2.3880377,2.430413,2.39584,2.2080646,2.3127341,4.3534656,2.9419022,4.171169,4.196435,2.0021296,2.2076557,2.4312222,2.312762
13,2.9073164,2.3599172,2.1906836,3.0544784,1.342778,2.0653925,2.4674013,1.2452785,2.9152443,2.8228033,2.6416137,3.2965593,0.7840369,0.0,1.89529,2.035068,3.5574841,3.5303454,3.724397,3.7258053,3.6783915,3.7180045,4.3192105,4.323835,3.0990968,2.9045033,3.5329313,3.6712446,4.443918,4.1065702,3.4700475,3.5635266,4.0427475,4.08106,4.123452,3.284122,3.7292812,4.5815196,4.549329,4.0599594,3.067765,3.9325716,3.884942,3.2630422,4.6417828,4.568746,5.8029404,5.1140776,4.28525,4.15891,4.0383654,4.03637,4.391684,4.391196,3.8598938,3.456231,4.735189,4.735189,4.4333887,4.5297437,4.237187,4.5898867,4.87037,4.76632,5.028843,4.8482523,5.009899,4.956754,5.134656,5.108154,5.0900726,4.9146748,5.135834,5.140529,4.721636,4.7892904,5.0390444,5.090755,5.2213197,5.2398505,5.581852,5.6483088,4.7824574,4.707961,5.3692923,4.6920605,4.994391,4.828723,5.343428,4.6658344,4.731458,4.6799374,5.0738964,4.67623,5.0490212,5.0579014,5.6660757,5.204571,4.907612,4.8780155,4.494141,4.713808,4.698171,4.6989865,4.783361,4.9445233,5.056041,5.012069,4.7742896,4.672881,5.08552,2.8132439,2.5605865,2.5633807,2.6408381,2.434431,2.3718247,2.3373823,2.1305833,2.2384017,4.5333867,3.1199925,4.255347,4.264362,2.0894306,2.3268213,2.515236,2.4018948
14,2.7099261,2.365586,2.1802824,2.955181,1.4974304,2.3047345,1.655924,1.4638004,3.2647119,3.671639,2.6802797,3.8096867,1.4227587,1.89529,0.0,0.45107213,3.4373188,3.469541,3.630725,3.7084653,3.5800452,3.710758,4.2902393,4.3395467,3.486206,3.2507057,3.9008586,4.0265193,4.538771,4.0699716,3.8137114,3.6954474,3.9461088,4.005148,4.109083,3.2310948,3.3336477,4.175776,3.733051,3.225715,2.6899817,3.2730763,3.2612057,2.6319778,4.1376486,4.1081696,5.2302313,4.1831517,4.11973,3.8983412,3.8469205,3.843662,4.2427425,4.2667108,3.9400337,3.7395687,4.164685,4.164685,4.3374457,4.2172685,4.088288,4.337903,4.2578645,4.2011337,4.4728127,4.50342,4.4740767,4.632235,4.5734673,4.5420465,4.573698,4.406964,4.579765,4.587024,4.5115733,4.6136007,4.7314687,4.5620065,4.627885,4.7659225,5.1849666,5.239548,4.3186617,4.215759,4.88399,4.1838584,4.4323134,4.35391,4.6872,4.2184453,4.249404,4.255864,4.5719733,4.231104,4.663321,4.634495,5.790102,5.375281,4.977163,4.961887,4.570043,4.513947,4.600128,4.719966,4.7502885,4.9019847,5.046159,4.99444,4.8857985,4.7713027,5.083136,3.197581,2.0442276,2.5908513,2.6861858,2.6502576,2.8363948,2.875267,2.5969112,2.7483406,4.0864024,2.8491364,3.9953332,4.016908,1.8410826,1.9409114,2.4709985,2.2951388
15,2.7734418,2.339991,2.1322377,2.9427197,1.5820222,2.4734359,1.6836145,1.53388,3.4251854,3.8260922,2.5818787,3.841376,1.5650542,2.035068,0.45107213,0.0,3.3458579,3.4051826,3.4842873,3.569548,3.5509624,3.6943862,4.282577,4.4025464,3.5994258,3.3890815,3.9774709,4.0779104,4.636143,4.125981,3.9490807,3.7474282,4.0845084,4.138064,4.3125596,3.3901918,3.4711215,4.307011,3.7923622,3.2869687,2.8245387,3.381805,3.3506641,2.707527,4.2293553,4.204949,5.3399115,4.2724137,4.2635493,4.0577235,4.006173,4.0045147,4.389443,4.412729,4.0727415,3.8784597,4.271289,4.271289,4.4953337,4.3653474,4.3273544,4.516265,4.365624,4.284503,4.632879,4.6809893,4.6211505,4.8049135,4.7322426,4.708219,4.691727,4.541864,4.748864,4.758254,4.7466717,4.8311257,4.9613614,4.768096,4.8065133,4.9489794,5.351673,5.382688,4.4739485,4.396501,5.0693026,4.352902,4.536332,4.5388455,4.775737,4.3729568,4.4225793,4.4248343,4.657159,4.396531,4.865717,4.8266315,5.9816227,5.579484,5.17949,5.167333,4.695132,4.600723,4.6955204,4.861294,4.8567,4.9950695,5.1127415,5.054757,5.0081706,4.9023194,5.1776915,3.4256723,2.2941391,2.8346567,2.901248,2.8681586,3.090809,3.11329,2.879793,3.005087,4.298582,3.1051583,4.2209206,4.242972,2.0171657,2.102575,2.7364404,2.6000135
16,4.1641665,2.5647469,2.5179806,3.3264396,3.2240453,3.3303778,3.352708,3.254833,4.4592447,4.7179537,2.6016853,3.839139,3.267447,3.5574841,3.4373188,3.3458579,0.0,1.3170346,1.9740466,2.1171095,1.5121889,1.6806821,2.8452399,2.7804763,3.200327,3.297721,3.7899308,3.7009342,4.87758,4.568579,4.8627286,4.326082,4.2199974,4.24147,4.776385,3.5672293,3.7401097,4.510326,4.43227,4.204281,3.5484865,4.267085,4.2157893,3.663242,4.577454,4.5857334,6.4915333,5.6950207,4.533572,4.3768454,4.295358,4.294629,4.050795,4.141647,4.451346,4.4351816,5.0456405,5.0456405,4.884242,4.7669177,5.1401343,4.8581314,5.13885,5.0680404,5.694081,5.868781,5.6419907,5.5066323,6.2640285,6.2253733,5.942962,5.770005,5.6579823,5.6806703,5.2474704,5.2567887,5.747771,5.8736253,6.0150323,6.0257416,5.446683,5.2945375,5.395737,5.35593,6.0223403,5.3005424,5.0030985,5.3676023,5.405937,5.412766,5.442592,5.412341,4.967694,5.3251977,5.738131,5.7327504,6.0765796,5.995626,5.394876,5.363585,4.928531,5.2178397,5.195344,4.9966702,5.1045814,5.1125264,5.3795023,5.4241204,4.7999806,4.655588,4.926072,4.135415,3.938477,4.0008345,3.7268622,3.619345,3.815061,3.8442655,3.820242,3.8801847,4.888119,4.0537724,4.958663,5.0688534,3.8815005,3.9455874,3.5183866,3.8344069
17,4.089156,2.643639,2.4011178,3.2446723,3.084945,3.1317708,3.4618661,3.130318,4.3464127,4.606303,2.3831775,3.7928746,3.2755542,3.5303454,3.469541,3.4051826,1.3170346,0.0,1.7461467,1.7649392,1.869125,2.1556873,3.0806527,2.8780048,3.0183396,3.061759,3.6277714,3.8477123,4.704718,4.4300795,4.6981034,4.067276,4.1718826,4.1958833,4.751588,3.5138297,3.631536,4.4247465,4.7542386,4.237827,3.3755574,4.3923445,4.4264994,3.8151586,4.995883,4.9837074,6.596704,5.8017273,4.517461,4.478022,4.302003,4.298569,4.029055,4.2487574,4.555476,4.368758,5.077605,5.077605,4.827442,4.72515,5.1691732,4.8809686,5.170055,5.1264734,5.846049,5.9425373,5.6831284,5.5100465,6.3355184,6.2818394,5.9935412,5.819387,5.6784596,5.708419,5.211403,5.228935,5.4045124,5.5645475,5.722711,5.7196913,5.438311,5.47428,5.4476705,5.401854,5.7461567,5.344114,5.0213766,5.388754,5.4897738,5.459163,5.4880686,5.4246225,4.9625535,5.3643813,5.7621794,5.748581,5.900549,5.8263397,5.273849,5.243816,4.7764425,5.1312065,5.1002746,4.889917,5.0360794,5.0778475,5.2574773,5.3539157,4.7800226,4.613555,4.8931656,4.2039075,3.850616,3.483169,3.5035026,3.4164414,3.7688653,3.5943084,3.644973,3.6960883,4.8322263,3.9853578,4.859041,5.0530386,3.781255,3.8605845,3.3348808,3.6045485
18,4.140697,2.7171404,2.6056583,3.2851648,3.3182187,3.392855,3.5186572,3.3016522,4.557077,4.729093,2.5085366,3.7041588,3.5824618,3.724397,3.630725,3.4842873,1.9740466,1.7461467,0.0,0.4309612,2.027767,2.460981,3.3119,2.9161458,3.1566794,3.3159113,3.8971424,4.0822906,4.7981462,4.5386868,4.656688,3.879585,4.3109403,4.3390613,4.9815564,3.7490854,3.8897011,4.6545463,4.684443,4.2080207,3.3214276,4.287375,4.237106,3.6322834,4.889506,4.853999,6.5377765,5.767216,4.7466693,4.670252,4.595355,4.594233,4.344197,4.437582,4.593991,4.453699,5.1152315,5.1152315,4.845926,4.8434086,5.536198,5.2788672,5.161371,5.1351247,5.916552,6.0016227,5.8712535,5.7641344,6.4662423,6.4127436,6.111016,5.9244967,5.892099,5.9065785,5.482107,5.536013,5.675231,5.760943,5.9429474,5.925577,5.6611238,5.744596,5.6621175,5.5952635,5.9345536,5.5397944,5.259766,5.5977793,5.094682,5.547165,5.6867895,5.665922,5.245942,5.6192546,5.966223,5.936926,5.6253395,5.5758615,5.2566466,5.2304683,4.431317,4.710389,4.6744623,4.5919228,5.1304,5.1565022,4.9044967,4.980906,4.8620243,4.7212496,4.9885216,4.334016,4.1843214,4.0667033,4.0525675,3.911203,4.0529447,4.069502,4.0119696,4.0707316,5.1693087,4.3354955,5.120097,5.2549815,4.1638603,4.206802,3.679797,3.9588592
19,4.2030644,2.7890475,2.6676188,3.291396,3.3085368,3.3227074,3.5655801,3.2994611,4.4852347,4.658873,2.642546,3.692148,3.5968761,3.7258053,3.7084653,3.569548,2.1171095,1.7649392,0.4309612,0.0,2.1649065,2.5794196,3.2973697,3.038736,3.1877325,3.3124413,3.823877,4.05503,4.726099,4.466932,4.581707,3.799965,4.3077865,4.334269,4.960395,3.7601516,3.8721974,4.6393356,4.812788,4.306091,3.3678663,4.4029713,4.372241,3.7833033,5.011103,4.976452,6.6134567,5.8665843,4.787496,4.68926,4.5972075,4.596505,4.3138666,4.4293985,4.5976706,4.376205,5.196039,5.196039,4.8553743,4.8516316,5.533201,5.294445,5.2420325,5.2274776,5.9602103,6.0445642,5.9080343,5.75227,6.5156794,6.4562383,6.1722283,6.018368,5.931321,5.94508,5.4728293,5.51754,5.6664314,5.7980714,5.981391,5.9564185,5.7589293,5.8610454,5.682543,5.6565247,5.960583,5.6062574,5.3486834,5.6503563,5.1521626,5.5571065,5.732898,5.6941733,5.3096056,5.655953,6.014194,5.9937854,5.5949874,5.528668,5.257352,5.227982,4.426796,4.7803817,4.7193575,4.5498013,5.175335,5.2067413,4.969874,5.0465546,4.8815517,4.7426233,5.059074,4.344358,4.2808475,4.016336,4.076788,3.9424767,4.0529013,4.0428185,3.9968638,4.0543323,5.20442,4.3852262,5.149667,5.287185,4.189086,4.258423,3.7215414,4.003212
20,4.3162856,2.9155197,2.8249044,3.4233418,3.5764146,3.2760887,3.8254278,3.5658898,4.5717397,4.738639,2.8475385,3.8595262,3.546873,3.6783915,3.5800452,3.5509624,1.5121889,1.869125,2.027767,2.1649065,0.0,0.63580287,2.3152254,1.9305089,2.971479,3.1371462,3.6708424,3.6451983,4.207104,4.2165017,4.71332,4.1733084,4.1822944,4.229927,4.724669,3.5032547,3.8063905,4.583567,4.0758104,4.1044745,3.1693792,3.951624,4.0633364,3.2725532,4.5449486,4.530769,6.380544,5.613106,4.62248,4.4393706,4.36554,4.3623557,4.097936,4.209885,4.5437284,4.4117613,4.969693,4.969693,4.791131,4.7751327,5.154701,4.9119687,5.036128,5.150016,5.6923904,5.7747097,5.6911926,5.5625863,6.171605,6.1226735,5.840173,5.642024,5.299458,5.3139734,5.298391,5.35082,5.6923213,5.7344317,5.887722,5.9412317,5.346081,5.221341,5.3495564,5.286307,5.8293676,5.2998557,4.9742146,5.154552,5.1978245,5.2847257,5.3154893,5.29597,4.8922744,5.24588,5.5845494,5.6266384,5.039584,4.978569,4.2876525,4.256608,4.7055864,4.91957,4.935717,4.818835,4.9492626,4.8680444,5.105592,5.1730065,4.72253,4.519821,4.894261,3.9940867,3.791577,3.9417593,3.7332828,3.5627248,3.8298953,3.8514485,3.7592142,3.8818374,4.6959724,3.8066828,4.9028306,5.0107946,3.9197721,4.0579863,3.335289,3.634798
21,4.418723,3.0678883,2.985578,3.614363,3.681659,3.3218405,3.9868708,3.674416,4.6252537,4.7486024,2.9721785,3.9521184,3.6159081,3.7180045,3.710758,3.6943862,1.6806821,2.1556873,2.460981,2.5794196,0.63580287,0.0,2.3401175,2.034356,3.1969972,3.3724627,3.8480809,3.7493591,4.222588,4.2703238,4.7747054,4.305108,4.2056456,4.2513194,4.713383,3.5251188,3.8817263,4.636064,4.0340366,4.1801405,3.2962384,4.009113,4.130485,3.351093,4.529153,4.52771,6.3728657,5.670849,4.6456647,4.457851,4.3717637,4.371457,4.155975,4.2537065,4.5170145,4.432757,5.0242367,5.0242367,4.843853,4.8461285,5.1091332,4.8891835,5.097587,5.2243266,5.6647015,5.7447147,5.6728187,5.5422916,6.1173534,6.07773,5.7894554,5.5846786,5.166257,5.1846046,5.2742434,5.3055377,5.710762,5.7650237,5.913252,5.967258,5.323226,5.122049,5.286969,5.219397,5.8446784,5.2461658,4.9452996,5.070581,5.273037,5.258829,5.2405806,5.214654,4.834778,5.1483035,5.5165596,5.586679,4.9923477,4.890346,4.162105,4.13158,4.798825,5.018197,5.027533,4.862586,4.925594,4.8211203,5.1675067,5.2210035,4.742763,4.516509,4.8932385,3.9771674,3.8506966,4.0413384,3.768569,3.5834017,3.882363,3.8921611,3.8082383,3.9265912,4.7022305,3.814312,4.943264,5.036229,3.9764824,4.1542115,3.4112408,3.7019038
22,5.0030475,3.786822,3.75484,2.8281186,4.3644595,4.083559,4.5612717,4.338938,4.0887322,4.277835,3.80203,3.2935545,4.259068,4.3192105,4.2902393,4.282577,2.8452399,3.0806527,3.3119,3.2973697,2.3152254,2.3401175,0.0,2.4644172,3.4371846,3.6055977,2.906781,2.8110158,3.399989,3.4721603,4.1751785,3.5996878,5.0109415,5.0622478,5.401833,4.3870683,4.6813993,5.3356853,4.7938643,4.883692,4.1466665,4.7338977,4.8570776,4.1159406,5.243903,5.2223325,6.905968,6.1929994,5.4091516,5.199927,5.1241627,5.1201344,4.887468,4.9946346,5.2881966,3.9350057,5.6608534,5.6608534,5.503146,5.503335,5.764961,5.580558,5.702847,5.8441014,5.5578785,5.657476,5.578338,5.5611906,6.0423045,6.0004435,5.7117195,5.8435416,5.742288,5.759401,5.5656214,5.600441,6.151471,6.198909,6.1056275,6.191237,5.6617327,5.4867206,5.1716895,5.450245,6.0539584,5.570565,5.225308,5.351528,5.621104,5.225232,5.480715,5.384152,5.098472,5.416306,5.474206,5.5230613,5.3709517,5.259424,4.4254007,4.397493,5.2869673,5.4711485,5.510259,5.358698,5.716327,5.645751,5.652845,5.70983,5.3902287,5.2710323,5.7181325,4.049884,4.078005,4.4212985,4.058358,3.9238894,4.0483027,4.0481663,4.027343,4.133276,5.090492,4.1392946,5.272207,5.396646,3.9180992,4.1016793,3.7806878,4.0090404
23,4.916114,3.7332017,3.6502686,3.7471726,4.295783,3.8941774,4.5436673,4.29463,4.672052,4.812843,3.7577968,4.0867796,4.2392244,4.323835,4.3395467,4.4025464,2.7804763,2.8780048,2.9161458,3.038736,1.9305089,2.034356,2.4644172,0.0,2.7513177,3.1750557,3.6247854,3.624114,4.254504,4.3236423,4.7013693,4.122232,4.7618966,4.81201,5.202677,4.170995,4.4888506,5.139808,4.703946,4.75511,3.9624734,4.62333,4.7848506,4.0323887,5.1918883,5.164997,6.940057,6.2161245,5.1399527,5.088838,4.974363,4.9669046,4.681428,4.8281345,5.224174,4.6663814,5.54435,5.54435,5.257731,5.282015,5.6622047,5.4716496,5.559221,5.743344,5.9410834,5.952725,5.9622526,5.9080353,6.42877,6.3783393,6.106749,5.874149,5.7054286,5.718649,5.386578,5.4802947,5.740359,5.8300505,6.029538,6.017934,5.490204,5.380981,5.589614,5.4487886,5.948906,5.501766,5.191054,5.299603,5.3501563,5.5573525,5.451869,5.4008284,5.0671515,5.4043937,5.367048,5.446119,4.813783,4.7862573,4.1591897,4.1261606,4.7558274,5.0525923,5.054863,4.9070587,5.433506,5.375085,5.116856,5.1977906,5.2455726,5.038525,5.4055243,4.3689814,4.0182133,4.374624,3.8796508,3.724651,4.03924,4.028659,3.990576,4.1114845,4.77759,3.8753183,5.0170465,5.188094,4.3575344,4.5446844,3.392277,3.6594465
24,4.08422,3.198019,2.9539235,3.211411,3.0925267,3.1555417,3.6256058,3.1046665,3.1507928,3.2854095,3.4441795,3.8220565,3.0175884,3.0990968,3.486206,3.5994258,3.200327,3.0183396,3.1566794,3.1877325,2.971479,3.1969972,3.4371846,2.7513177,0.0,0.67349005,1.9625286,2.2043831,3.6929097,3.443486,3.3301952,3.1593378,4.190856,4.2091546,4.2890487,3.5466988,3.751206,4.523382,4.4405127,4.01096,3.259338,4.07856,4.258514,3.4229693,4.8648257,4.7875524,6.6330633,5.8229213,4.41314,4.500104,4.304234,4.297475,4.0219717,4.201748,4.6767926,3.9377327,4.9120855,4.9120855,4.66666,4.664409,4.6741524,4.9107857,4.941635,4.996132,5.7195773,5.5839863,5.62435,5.6521015,5.8137445,5.7767115,5.728187,5.5410256,5.7530236,5.755835,5.2079067,5.3846364,5.493867,5.5249696,5.683656,5.661505,5.2632747,5.348127,5.4067526,5.3239045,5.7482333,5.2480264,5.441707,5.2807302,5.13296,5.2561,5.2519045,5.1345673,5.486419,5.2426906,5.2853036,5.323152,4.768234,4.688604,4.3923326,4.367961,4.055891,4.3286614,4.36184,4.576736,4.6496143,4.7475853,4.4918694,4.599393,4.5846405,4.5047836,4.8239427,3.173527,3.1863751,3.4402468,3.1220188,2.9944417,3.3425894,3.1391733,3.1665912,3.244088,4.483993,3.4747593,4.535601,4.7000284,3.2312517,3.3999977,2.634412,2.876273
25,4.0096235,3.1343226,2.917556,3.2323346,2.8780403,2.9729087,3.3911047,2.9088485,3.007018,3.2175667,3.4990287,3.8858478,2.7811656,2.9045033,3.2507057,3.3890815,3.297721,3.061759,3.3159113,3.3124413,3.1371462,3.3724627,3.6055977,3.1750557,0.67349005,0.0,1.8838222,2.2481596,3.577846,3.3118308,3.2932737,3.2357717,4.0869265,4.107136,4.104211,3.430391,3.576627,4.3724847,4.404098,3.890918,3.0671024,3.950005,4.128476,3.3226397,4.776443,4.703139,6.499261,5.65166,4.3284698,4.3224864,4.1403904,4.1348577,3.822334,3.994463,4.5541296,3.884238,4.7757387,4.7757387,4.5640254,4.5291433,4.43408,4.734236,4.8238683,4.864982,5.5884595,5.4626613,5.5044584,5.51685,5.6655216,5.6226716,5.6257687,5.46491,5.6231923,5.624615,5.115932,5.289385,5.3643394,5.390651,5.5368757,5.555099,5.2738614,5.3836374,5.2824316,5.22599,5.6153717,5.152812,5.416448,5.2085724,5.135446,5.1332383,5.1696334,5.0661364,5.4833426,5.1534886,5.2664347,5.2973466,4.842536,4.71499,4.4350247,4.4106154,4.089493,4.3567595,4.387341,4.5883007,4.5811024,4.696205,4.6324115,4.7336183,4.52963,4.460291,4.8434844,2.988281,3.043602,3.1489027,2.9952385,2.8983216,3.1975398,3.0059218,3.0031323,3.0826194,4.3587017,3.3294356,4.392915,4.536107,3.004184,3.1687648,2.473029,2.753099
26,4.5615954,3.7578988,3.575637,2.6599617,3.6378622,3.735514,4.094747,3.6304612,2.565814,2.7511327,3.9945054,3.370324,3.501558,3.5329313,3.9008586,3.9774709,3.7899308,3.6277714,3.8971424,3.823877,3.6708424,3.8480809,2.906781,3.6247854,1.9625286,1.8838222,0.0,0.9899645,3.013785,2.751669,2.7928643,2.6815,4.7634673,4.785998,4.7844105,4.1535587,4.3270407,5.018087,4.9317365,4.5406113,3.8896482,4.590605,4.753988,3.9834676,5.3147388,5.238356,6.919529,6.146468,4.9754953,4.97369,4.799483,4.7942276,4.559861,4.724886,5.1449394,3.47457,5.346519,5.346519,5.1770606,5.164892,5.0882115,5.3243513,5.3871403,5.4323874,5.589804,5.4762425,5.4767385,5.560306,5.650687,5.6209626,5.574905,5.710851,6.0445538,6.0506406,5.498935,5.6338835,5.93671,5.956254,5.86172,5.893062,5.6059713,5.666159,5.2418437,5.501465,5.9321694,5.49754,5.6624455,5.4927464,5.585462,5.1807594,5.4488873,5.2728558,5.696149,5.4357867,5.4099646,5.4331427,5.314277,5.169368,4.712281,4.692497,4.699798,4.9036126,4.9589014,5.148441,5.2309017,5.316981,5.1180873,5.205141,5.0288587,5.037376,5.408775,3.1617649,3.4709227,3.709666,3.4472728,3.3666575,3.5419397,3.311898,3.4063275,3.4514067,4.8633323,3.8513849,4.8772783,5.030119,3.0506575,3.2280948,3.2035007,3.3692257
27,4.720771,3.9217908,3.7398071,2.8726413,3.8263664,3.959669,4.245723,3.8096175,2.7765136,2.9349818,4.165967,3.6206796,3.6162276,3.6712446,4.0265193,4.0779104,3.7009342,3.8477123,4.0822906,4.05503,3.6451983,3.7493591,2.8110158,3.624114,2.2043831,2.2481596,0.9899645,0.0,3.2920163,2.9996204,3.0237296,2.9964778,4.8882523,4.905473,4.896271,4.2877727,4.4915237,5.1629,4.775643,4.6105814,4.187879,4.6582775,4.823178,4.0492964,5.2191844,5.1530366,7.0187006,6.2649307,5.0684195,5.0700912,4.9045854,4.899558,4.6838603,4.8368154,5.241073,3.635939,5.4312024,5.4312024,5.32807,5.2956176,5.1613884,5.415166,5.461632,5.4946456,5.6622605,5.5934205,5.5389614,5.6488504,5.674734,5.663592,5.6188893,5.7556405,6.1365066,6.1393547,5.6376176,5.761632,6.294738,6.2981353,6.192137,6.21869,5.687297,5.6003275,5.345225,5.6180873,6.2466593,5.5765843,5.7529874,5.5727797,5.6761246,5.296303,5.5202293,5.328907,5.800388,5.511576,5.492951,5.527158,5.5489507,5.4109354,4.916899,4.8967957,4.897875,5.0575266,5.12804,5.33912,5.351502,5.4125113,5.256504,5.30235,5.115439,5.1439347,5.4654665,3.3040304,3.6411247,4.1818643,3.6775172,3.5808074,3.7668698,3.580661,3.6799297,3.7231052,5.0117254,4.080837,5.0909896,5.2194304,3.2481234,3.4105449,3.4966083,3.6651716
28,5.3642635,4.839186,4.6687737,3.7749581,4.6489124,4.392092,5.177548,4.6052794,3.8385136,3.9480588,4.675666,4.2778745,4.5583043,4.443918,4.538771,4.636143,4.87758,4.704718,4.7981462,4.726099,4.207104,4.222588,3.399989,4.254504,3.6929097,3.577846,3.013785,3.2920163,0.0,1.8710736,3.4952147,3.5503602,5.354566,5.4320836,5.3407073,4.755789,5.1005964,5.7184787,4.914356,4.7947183,4.0221753,4.5452976,4.9218335,3.9378223,5.6081038,5.560263,6.7201295,6.0164742,6.033533,5.551856,5.4136524,5.4166665,5.113494,5.269583,5.6084085,4.0991507,5.54856,5.54856,5.629064,5.729156,5.538272,5.814298,5.5861454,5.747447,5.6349573,5.520457,5.4770226,5.7435575,5.4330306,5.4168763,5.325354,5.485618,5.575778,5.589256,5.8464036,5.938581,6.053734,5.87493,5.6621604,6.131425,5.7436075,5.6064267,5.167469,5.4416285,5.621233,5.5119762,5.6543713,5.273736,5.73459,5.290967,5.486396,5.3912044,5.767734,5.4095097,5.4563994,5.503191,4.437354,4.1622844,3.7909563,3.796421,5.0556707,4.944015,5.0858903,5.357624,5.528922,5.4494004,5.79677,5.9038568,5.4757504,5.3371606,6.2555437,3.5004532,3.8703582,4.32316,4.2332277,4.0730677,4.415289,4.235683,4.158547,4.283679,5.2364655,4.229834,5.2910676,5.449836,3.8720112,3.9570189,3.6860242,3.9277565
29,4.844113,4.061762,3.870975,3.1032515,4.1166224,4.4189053,4.5277143,4.069788,3.2076926,3.493323,4.1394324,3.913009,4.1217294,4.1065702,4.0699716,4.125981,4.568579,4.4300795,4.5386868,4.466932,4.2165017,4.2703238,3.4721603,4.3236423,3.443486,3.3118308,2.751669,2.9996204,1.8710736,0.0,3.1673636,3.1509213,5.193486,5.2200184,5.2121744,4.60985,4.899795,5.5088363,4.897949,4.490819,4.068944,4.4980674,4.7645454,3.9146569,5.441928,5.3905997,6.64866,5.8709865,5.754718,5.3223953,5.1681814,5.1675906,4.931518,5.018026,5.174966,3.525972,5.4225297,5.4225297,5.5250115,5.5469356,5.3195057,5.6406646,5.413937,5.474036,5.5050883,5.4686804,5.5207367,5.8843746,5.2790394,5.241024,5.262612,5.4397507,5.795032,5.803724,5.816487,5.9766355,6.052177,5.8064914,5.619215,6.0490427,5.527456,5.4075856,5.068193,5.3398824,5.9930887,5.430891,5.6279807,5.414581,5.218168,4.9246616,5.1836333,5.093049,5.5284452,5.111228,5.164276,5.1601706,5.1254053,4.9490323,4.6641536,4.667456,5.0824122,4.8918605,5.06651,5.247484,5.184371,5.246973,5.445944,5.552527,5.541492,5.38579,6.241394,3.601671,3.8399687,4.489888,4.5178275,4.369626,4.6304164,4.484536,4.3360705,4.5160527,5.515305,4.6203365,5.4717255,5.554848,3.5208154,3.8106277,3.8300226,4.050699
30,3.480601,3.933693,3.7014892,2.7065887,3.3333495,3.4326363,3.9307268,3.273709,1.2316604,1.4442286,3.9597359,3.403862,3.5556355,3.4700475,3.8137114,3.9490807,4.8627286,4.6981034,4.656688,4.581707,4.71332,4.7747054,4.1751785,4.7013693,3.3301952,3.2932737,2.7928643,3.0237296,3.4952147,3.1673636,0.0,1.2296662,4.691512,4.7429276,4.567655,4.0817747,4.1535683,4.922323,4.715332,4.225432,3.7144506,4.4450555,4.6089535,3.816467,5.3004584,5.208872,6.118158,5.3920383,4.861419,4.901511,4.7171826,4.7148776,5.1314073,5.232291,4.7586346,2.625124,5.2006164,5.2006164,4.940833,5.012957,4.6917987,5.3074365,5.1803365,5.2296386,5.294578,5.168852,5.1427803,5.294779,5.1330667,5.1199493,5.315341,5.4874754,5.8839087,5.88884,5.1825056,5.3996515,5.6352663,5.672063,5.598064,5.614941,5.2047653,5.4344664,5.0835967,5.330078,5.7101507,5.3290353,5.827361,5.3455935,5.081756,4.9508758,5.3086534,5.0966864,5.986809,5.3347864,5.2807856,5.3297067,4.5359063,4.356069,4.353741,4.329661,4.4038305,4.5831094,4.6385202,4.6825414,5.121707,5.2964196,4.8973417,5.031434,4.9671736,4.9053187,5.328156,2.4383016,3.5290504,3.7803326,3.713898,3.6291926,3.6268556,3.4114032,3.298771,3.440302,5.161516,4.00535,4.9770236,5.1299086,3.164253,3.2247407,3.6691995,3.2930064
31,3.2929595,3.5342329,3.2779121,2.0670626,3.254878,3.3638856,3.7463155,3.1870162,1.8006843,2.1124845,3.4466588,2.9421077,3.5785923,3.5635266,3.6954474,3.7474282,4.326082,4.067276,3.879585,3.799965,4.1733084,4.305108,3.5996878,4.122232,3.1593378,3.2357717,2.6815,2.9964778,3.5503602,3.1509213,1.2296662,0.0,4.573782,4.6283517,4.697349,3.9752567,4.0047946,4.7785892,4.636234,4.0819263,3.541402,4.3652368,4.5068445,3.7035558,5.2510424,5.168292,6.0651813,5.2733173,4.784131,4.853417,4.6680145,4.6647353,5.0730295,5.1963043,4.7287407,2.61645,5.1228375,5.1228375,4.8669686,4.9063888,4.9598613,5.3022213,5.1017494,5.1573625,5.2902975,5.2133284,5.1499004,5.2937994,5.3341227,5.308882,5.349805,5.5090303,5.8737783,5.8853774,5.16311,5.3610477,5.5333667,5.5662813,5.501657,5.4988537,5.139649,5.3870583,5.041447,5.2816157,5.62136,5.308432,5.552455,5.3068414,4.8396626,4.8973665,5.270787,5.063273,5.630082,5.285265,5.238097,5.269453,4.600807,4.492731,4.365827,4.344708,4.2547517,4.445958,4.4934893,4.5112023,5.089597,5.231607,4.645284,4.8005323,4.921414,4.838396,5.2216797,2.9026272,3.5223331,3.7015607,3.6451576,3.5783472,3.654621,3.4401658,3.3548975,3.4979012,5.0748634,3.9536116,4.9260273,5.113355,3.175538,3.2523205,3.635371,3.2643368
