,0,1,2,3,4,5,6,7,8,9,10,11,12,13,14,15,16,17,18,19,20,21,22,23,24,25,26,27,28,29,30,31,32,33,34,35,36,37,38,39,40,41,42,43,44,45,46,47,48,49,50,51,52,53,54,55,56,57,58,59,60,61,62,63,64,65,66,67,68,69,70,71,72,73,74,75,76,77,78,79,80,81,82,83,84,85,86,87,88,89,90,91,92,93,94,95,96,97,98,99,100,101,102,103,104,105,106,107,108,109,110,111,112,113,114,115,116,117,118,119,120,121,122,123,124,125,126,127
0,0.0,1.4415649,2.3133276,2.552386,2.4139695,2.4580805,2.0034,1.9574143,3.6382723,3.5530272,3.0124652,3.0418034,3.129043,3.285456,2.96757,3.955543,4.1983576,3.8733983,2.866537,2.6863835,3.588244,4.2991157,3.460439,2.6441503,3.6416087,3.561311,4.490703,3.6665356,3.344815,3.5899277,5.1713443,4.813889,1.6021392,2.1960568,3.6877217,3.7709851,3.5375333,3.6348572,4.100021,3.8433654,3.9796932,3.2486503,4.22251,4.545087,3.6099827,3.6551776,4.409194,4.4601607,3.906288,3.901646,3.8464572,4.566651,4.6538143,5.3424077,4.942027,4.963284,4.566766,4.407651,4.5630345,4.4291806,4.5022416,4.164402,4.3561926,4.521956,3.6314034,4.2130723,3.2052758,3.5783832,4.2785406,4.298288,3.6323776,4.7075706,3.2200665,3.5912514,3.4132235,3.472113,3.257774,3.707498,2.906649,2.907599,3.6290731,5.471504,4.4956145,3.8673608,3.482954,3.267553,4.599633,3.8190684,2.4557233,3.5104399,2.7951121,2.7150388,2.5544863,2.556718,2.9234207,2.720046,3.3775785,3.2479756,3.235557,3.0921893,4.632969,4.6025925,4.6610847,4.654565,3.5028405,3.5261173,3.6265333,3.7189589,3.858663,3.8117082,3.6712272,3.9711037,4.2814164,3.6508145,3.7711468,3.738637,3.5319982,3.5441327,3.5310702,3.5728133,3.714586,3.8115788,3.80281,3.7869527,3.7927685,3.8057828,3.7583005,3.797652
1,1.4415649,0.0,2.0827286,2.2208002,2.2729998,2.3886337,1.7995616,1.7535022,3.3758702,3.3756719,2.6496525,2.708227,2.7576756,2.832573,2.7698395,3.7181435,4.034687,3.659889,2.58318,2.4477942,3.6434984,4.1866455,3.2732425,2.478776,3.530547,3.4976387,4.3292823,3.4583433,3.3088315,3.5336301,5.0957017,4.807322,1.9764777,2.479877,3.975325,4.078621,3.6305661,3.6443083,3.9014285,3.7085347,4.049945,3.3575566,4.0542183,4.378959,4.3557887,4.3748827,4.03246,4.115993,3.6483526,3.714713,3.63565,4.3505845,3.9488764,4.704632,4.2795253,4.264063,4.1900144,4.0394745,4.2146664,4.120316,4.2647724,3.9014616,4.086643,4.278413,3.5234954,4.0885024,2.98135,3.3636148,4.1685123,4.1897397,3.56464,4.627044,2.8108213,3.2055933,2.9943292,3.0705712,3.0460117,3.5827913,2.6598923,2.7657053,3.5654526,5.4620533,4.46485,3.8161151,3.289255,3.7817056,4.5504346,3.7550595,2.4658337,3.363222,2.7152276,2.6154892,2.531017,2.5356877,3.111289,2.8851075,3.2537296,3.0607784,3.2160444,3.213528,4.4766088,4.4532228,4.49249,4.495232,3.3881702,3.4083753,3.4979105,3.5521092,3.8294709,3.7184205,3.5694313,3.8900723,4.149948,3.512268,3.6284711,3.5924811,3.3597767,3.3750358,3.367404,3.5665286,3.5274818,3.6017833,3.6038835,3.6594868,3.6775863,3.691686,3.6482074,3.695036
2,2.3133276,2.0827286,0.0,1.9863825,2.1331613,2.1218526,1.1635561,1.4000052,4.144402,4.157593,2.9276927,2.9998376,2.5353203,2.5801685,2.4571605,2.3805466,3.3380656,3.1201594,2.2346706,2.35074,3.2496886,3.9837284,3.006839,2.164142,2.911065,2.884094,4.0850196,3.0490646,2.6392047,2.8393486,4.4359584,3.9655123,2.2760339,2.819361,3.0572824,3.3039582,3.0346708,2.967435,3.5680583,3.2505186,3.4933283,3.0267968,3.6870131,4.1354628,3.8396788,3.8643267,3.6597369,3.707291,3.1292007,3.1382217,3.2347815,3.6602852,3.584721,4.434413,4.0665402,4.067702,3.671152,3.5448203,3.6912825,3.5065684,3.557535,3.2205095,3.4326353,3.6329527,2.8993392,3.6103911,2.592039,3.2460394,3.3928156,3.4037898,2.4603221,3.612431,2.7724707,3.311871,2.929985,3.2464097,2.7780702,3.1325946,2.8175836,2.7283454,3.2029953,4.8188677,3.6931624,2.8576486,3.2206345,3.6609552,3.7439215,2.7434583,2.207775,3.291382,2.3507402,2.383005,1.9743384,1.9560555,2.5565393,2.2038379,2.9138994,2.9157727,2.891131,2.9099936,4.0976906,4.047858,4.1344676,4.108737,3.0001905,3.0475183,3.0346391,3.1314685,3.2642066,3.1795814,3.1129622,3.3740065,4.2373853,3.0565965,3.2233248,3.3170083,2.9204051,2.9189353,2.8422458,3.064133,3.3597767,3.4598198,3.4603052,3.664767,3.4050472,3.445159,3.377114,3.417816
3,2.552386,2.2208002,1.9863825,0.0,2.3535976,2.3138022,1.5728226,1.5850242,3.6615958,3.6608772,2.2839503,2.3234494,2.6056185,2.7013452,2.594205,3.4235766,2.7366793,2.5359228,2.2351503,2.0510576,3.3291738,3.81102,2.2418766,2.2011254,2.9092133,2.8462508,3.9955254,2.8467999,2.6086187,2.751708,4.62531,4.194638,2.5486588,3.1048126,2.863937,3.149836,3.1287022,2.6030123,3.0317285,3.1258078,3.8097067,3.8513381,3.7078552,4.0479736,3.989856,3.9943895,3.4648945,3.495361,2.835194,2.896239,3.283124,3.3140974,3.2255592,4.1322894,3.5882375,3.5954242,3.739898,3.5915194,3.9597135,3.632452,3.6666553,3.4234056,3.5410223,3.7620406,2.804379,3.5335195,2.3522913,3.1307147,2.96185,2.9573312,2.806585,3.1803026,2.568054,2.9683063,2.7187185,2.8660004,2.9785032,3.2466507,2.8167088,2.684949,3.3747103,4.8256454,3.9989078,3.273951,3.4036422,3.8081906,4.13313,3.0253472,2.0280776,3.0983064,2.302338,2.2880228,2.1999276,2.1955357,2.8552992,2.6082468,2.958318,3.0940142,2.914787,2.9696944,4.0207076,4.0098224,4.0492096,4.0451903,3.2253737,3.223445,3.2843366,3.2871292,3.4632354,3.392402,3.3322885,3.5353785,3.5379577,3.3695266,3.5154176,3.4614754,3.215768,3.2266421,3.1685107,3.4681199,3.1756976,3.2328343,3.2513173,3.2555013,3.2680268,3.3107777,3.257989,3.2982972
4,2.4139695,2.2729998,2.1331613,2.3535976,0.0,0.627262,1.4611659,1.3908243,3.772288,3.762826,2.4160752,2.514717,2.2913396,2.453717,2.1698706,3.4647255,3.780145,3.4767988,2.9225774,2.729846,3.638717,4.266133,3.7139478,2.500226,3.2570174,3.2411504,4.2678733,3.304951,2.883324,3.0033953,4.892724,4.5176296,2.63076,3.0657232,3.4531302,3.6481369,3.2248693,3.1750124,3.68837,3.082528,3.54223,2.9849885,3.6885366,4.1339173,4.0468564,4.0752697,3.9459984,3.9539175,3.3690133,3.366616,3.2868657,4.618422,3.6763296,4.5212145,4.095431,4.087802,3.8631291,3.7363477,3.8794603,3.7535791,3.8719423,3.5661657,3.7320602,3.9104874,2.8500473,3.4963112,2.9197667,3.1346018,4.140411,4.1538086,2.8191655,4.300659,3.1189692,3.5114899,3.1758714,3.254548,3.0486934,3.3774745,2.803562,2.6963792,3.397713,4.832357,3.3649583,2.4081538,3.4905822,3.9352522,3.6574414,3.068206,2.4353433,3.437382,2.764932,2.725168,2.5296335,2.50574,2.9044807,2.6549067,2.997746,3.0580819,2.9856427,3.016975,5.0210953,5.0025215,5.0415387,5.025517,3.168609,3.1933744,3.0636427,3.2384055,3.3294206,3.2407224,3.2057104,3.4416747,3.9270685,3.2204647,3.3693192,3.3817673,3.0967607,3.0742235,3.0318332,3.1224196,3.3636293,3.4664404,3.4710894,3.3673677,3.3758357,3.420649,3.3656619,3.4024167
5,2.4580805,2.3886337,2.1218526,2.3138022,0.627262,0.0,1.479832,1.405061,3.854969,3.8354983,2.4774346,2.5881248,2.5550132,2.6863182,2.4013216,3.5771482,3.7750251,3.4323828,2.9159508,2.689108,3.6896565,4.351462,3.7130413,2.3292224,3.1971557,3.1817765,4.2855067,3.2609298,2.8757882,2.9750602,4.938211,4.5635095,2.6408606,3.1011958,3.375663,3.63187,3.2114766,3.1569602,3.7895074,2.9736404,3.644402,3.0945618,3.7756593,4.3571453,4.0253816,4.0614443,3.9923358,3.995383,3.3782985,3.2538633,3.286731,4.5085974,3.7161543,4.591459,4.250411,4.2515597,3.9652944,3.8369703,3.979072,3.832901,3.9394162,3.639502,3.8166106,3.9821513,2.8300211,3.4607074,2.9306638,3.1180542,4.1496925,4.162672,2.6553292,4.273828,3.1954448,3.7201421,3.2249684,3.268343,3.0555427,3.363697,2.8605137,2.735515,3.4346604,4.8408346,3.4315171,2.494939,3.583434,3.9914138,3.7098422,3.0566294,2.4082997,3.445878,2.788301,2.7598186,2.5182788,2.4748986,2.8940241,2.599663,2.9926286,3.0929134,2.9775636,2.9762068,4.938289,4.918697,4.971111,4.94677,3.1042807,3.1147394,3.0175273,3.1965616,3.2780142,3.1854255,3.207841,3.4335136,3.7283537,3.1886063,3.3458123,3.3629484,3.0940754,3.061451,2.9967203,3.0841475,3.297313,3.4195678,3.4233336,3.2892318,3.2662277,3.3338356,3.2616553,3.2991595
6,2.0034,1.7995616,1.1635561,1.5728226,1.4611659,1.479832,0.0,0.30933356,3.5071948,3.4878113,2.0059505,2.1137433,2.0410504,2.1301842,1.8692342,2.9816115,3.296628,2.9093275,2.036976,1.8709544,3.089612,3.7803738,2.7593317,1.7897974,2.6858296,2.6411493,3.841283,2.8158107,2.3473268,2.5408978,4.516423,4.0929136,2.1402352,2.7077742,3.0457199,3.250179,2.7313633,2.673379,3.2670891,2.9966571,3.2149284,2.7759256,3.4008906,3.849023,3.708713,3.7254326,3.5568266,3.5992188,2.862145,2.944615,2.9646215,3.7196405,3.3304713,4.2105627,3.7421665,3.7642276,3.6119068,3.4739935,3.6355333,3.4584374,3.5733924,3.2619627,3.4363427,3.6373088,2.4177132,3.2122111,2.369782,2.7905083,3.650121,3.665287,2.4241173,3.8500564,2.6480699,3.1082945,2.7807333,2.9134903,2.5949533,2.927034,2.3478146,2.2028277,2.9894917,4.6152053,3.537419,2.6846094,3.075305,3.5427837,3.7019484,2.6585763,1.9393401,3.0758917,2.2081132,2.2329414,1.7698616,1.754728,2.2748117,1.9532893,2.49533,2.5921412,2.469429,2.5179074,3.9364517,3.8992999,3.965038,3.94528,2.6832805,2.7140143,2.675302,2.778464,2.926303,2.8388872,2.7700894,3.0384414,3.6112733,2.7588687,2.9332204,2.9405978,2.5870016,2.590482,2.5297818,2.6921813,2.8997924,3.0051668,3.012257,2.9857016,2.9688563,3.0196965,2.9513922,2.9972646
7,1.9574143,1.7535022,1.4000052,1.5850242,1.3908243,1.405061,0.30933356,0.0,3.3548067,3.3280125,1.8196632,1.9531037,1.993314,2.1103795,1.8593564,3.1601186,3.3471537,2.9048421,2.0836916,1.8427174,3.0850685,3.7478461,2.8110151,1.7584038,2.6820781,2.63267,3.8332808,2.7954829,2.3301964,2.494896,4.5553102,4.138647,2.153269,2.7018342,3.1017637,3.305418,2.7341952,2.6981516,3.2207463,2.963094,3.233487,2.8235211,3.3865802,3.843619,3.7106428,3.727684,3.5579267,3.6036265,2.8255084,2.9093404,2.9134538,3.731959,3.3086252,4.193851,3.7040703,3.7284117,3.6304452,3.4943426,3.6517637,3.4890513,3.618219,3.3213174,3.479381,3.6808496,2.4179392,3.196238,2.434294,2.7581708,3.800521,3.8134494,2.5058584,4.004685,2.6600122,3.1155882,2.7738485,2.8443055,2.6662781,2.975575,2.3397856,2.1794062,3.0151918,4.6402483,3.5967848,2.7679696,3.1159759,3.5760286,3.7750752,2.7316682,1.929704,3.065122,2.2231383,2.2274842,1.8401648,1.8218576,2.3059113,2.0263078,2.4863331,2.6236513,2.4572728,2.5003114,3.9725919,3.9463346,3.9977422,3.9769216,2.6914032,2.7117074,2.66886,2.7736185,2.9172382,2.8298588,2.7750778,3.0310981,3.4747443,2.7596776,2.9381647,2.9270117,2.5947018,2.5934887,2.5330076,2.7035894,2.8754988,2.9741066,2.9834986,2.8976784,2.9376614,2.991783,2.9269125,2.9698608
8,3.6382723,3.3758702,4.144402,3.6615958,3.772288,3.854969,3.5071948,3.3548067,0.0,0.4078516,2.8048596,2.6085434,3.169372,3.366827,3.0685046,4.4424434,3.8151531,3.269809,3.2163754,3.1526878,4.2851844,4.516368,3.921648,3.2980952,3.1766624,3.1920846,3.7784503,2.9769957,2.903363,3.003856,4.679298,4.6453505,3.7180562,3.9846795,4.074013,4.199752,3.6173277,3.285446,3.745779,3.6814077,3.5754774,4.5526567,3.6214914,3.8170826,4.236125,4.229372,3.6895986,3.782628,3.0448496,3.1247828,2.7784562,4.0450063,3.377255,4.166777,3.4751472,3.52628,3.565386,3.610043,3.583515,3.5634353,3.6786163,3.6562498,3.5515847,3.7465513,3.9815602,4.2776117,3.821169,3.587447,5.2530093,5.2861204,4.610052,5.672695,3.8454595,3.849372,3.6196868,3.4956372,4.082168,3.7718742,3.9295044,3.5822244,4.0118146,4.2234826,5.113704,4.6764846,4.51664,4.9128933,5.357044,4.5698233,3.4684777,3.4757586,3.7891796,3.7594745,3.6096108,3.6236093,3.768646,3.8749392,3.7016118,4.358417,3.6707253,3.7672863,4.7047777,4.673009,4.6935916,4.69708,3.7160773,3.7041152,3.6301398,3.446404,3.55295,3.5870643,3.5244043,3.3986862,4.0698886,3.726837,3.6041,3.531956,3.777486,3.8041205,3.9576454,3.86968,3.7733154,3.781023,3.803372,3.5332694,3.8139935,3.8172154,3.7621598,3.8144188
9,3.5530272,3.3756719,4.157593,3.6608772,3.762826,3.8354983,3.4878113,3.3280125,0.4078516,0.0,2.825959,2.611409,3.284305,3.4961965,3.0947323,4.581112,3.8895502,3.33569,3.1819627,3.1076787,4.26861,4.4997587,3.873787,3.2749133,3.2618039,3.2508612,3.8425891,3.1213102,2.9728718,3.0992782,4.7469034,4.6973233,3.6641757,3.9236608,4.1210613,4.205104,3.5508456,3.2676275,3.7630928,3.6902742,3.5063772,4.427806,3.7124753,3.8817973,4.185581,4.1784396,3.8879905,3.98531,3.2131562,3.2910619,2.9372227,4.1414127,3.6218197,4.3463225,3.6925733,3.7425256,3.802668,3.8475134,3.8158572,3.7858567,3.9024096,3.8634443,3.7823722,3.9591765,3.9710572,4.2770705,3.8495386,3.6015053,5.3160205,5.348995,4.6334653,5.725494,3.942884,3.9187903,3.7491746,3.6122246,4.061917,3.785678,3.8901331,3.5504558,3.983309,4.194439,5.0992703,4.669014,4.479306,4.815802,5.3619714,4.557487,3.5089643,3.5270853,3.818936,3.7850623,3.5649948,3.5809298,3.6752572,3.764399,3.6592376,4.295449,3.620549,3.7069561,4.645244,4.6116276,4.63061,4.633697,3.6449707,3.6268058,3.6116107,3.4475312,3.5421116,3.5787628,3.5012946,3.3923383,3.962067,3.690879,3.5550594,3.4751828,3.7500803,3.7782552,3.9531755,3.7794826,3.715702,3.7301698,3.7526953,3.4585028,3.7441978,3.7471468,3.6943612,3.7441351
10,3.0124652,2.6496525,2.9276927,2.2839503,2.4160752,2.4774346,2.0059505,1.8196632,2.8048596,2.825959,0.0,0.5790934,1.6443323,1.630971,1.8295673,3.9019399,3.707604,3.0861084,2.3329704,1.9188178,3.547024,3.8299043,3.074715,2.3238552,2.8919811,3.028066,3.7139502,2.7588372,2.8316164,2.7020593,4.474083,4.406796,2.8998108,3.3492992,3.5648546,3.798028,3.223961,3.079745,3.1221838,3.282625,3.583606,3.4556942,3.0974653,3.4716682,4.153513,4.154999,3.3644612,3.4042034,2.7244787,2.9452605,2.5696993,3.8217998,2.9125504,3.8647704,3.1002686,3.1760714,3.506614,3.4102864,3.5225046,3.4010909,3.4780006,3.193799,3.3740656,3.597886,2.4437537,2.8090992,2.6974142,2.3969975,4.4716525,4.477121,3.0206776,4.5770116,2.8468459,3.064271,2.5188594,2.3201232,3.1532753,3.3563354,2.5734596,2.5193467,3.3044827,4.5670166,3.9449077,3.2230737,3.4112177,3.9999564,4.2032094,3.0072467,2.2070684,2.5578022,2.5916796,2.601676,2.672821,2.674439,3.1728096,3.0610013,2.5512724,2.8473794,2.5337586,2.6591377,3.892218,3.9195244,3.8834193,3.8807995,2.8489556,2.8439436,2.7850828,2.8233051,3.0000448,2.916758,2.8004382,3.0043027,3.066043,2.7963636,2.9227087,2.7889984,2.713455,2.71084,2.6947875,3.0073805,2.8416505,2.8712254,2.8929763,2.5183375,2.9405107,2.9734156,2.9427993,2.9783483
11,3.0418034,2.708227,2.9998376,2.3234494,2.514717,2.5881248,2.1137433,1.9531037,2.6085434,2.611409,0.5790934,0.0,1.6176553,1.7032877,1.6176022,3.9102597,3.659322,3.1003253,2.1893458,1.9227309,3.4663055,3.773039,3.0039182,2.3030286,3.0268207,3.1569595,3.796882,2.8692029,2.9082165,2.8277588,4.491791,4.442749,2.9658015,3.4243805,3.594714,3.829072,3.317082,3.0247042,3.226013,3.3784437,3.5224392,3.3781419,3.2217822,3.5540276,4.1906476,4.1911917,3.4804,3.5152602,2.810659,2.9615777,2.5383902,3.881074,3.0477777,3.9776592,3.2143157,3.2961743,3.519049,3.4731894,3.553232,3.4067433,3.4694636,3.158655,3.369743,3.5908248,2.4763944,2.847426,2.7015405,2.4298112,4.4029155,4.4087834,3.030953,4.497583,2.9609478,3.0919366,2.5702627,2.4002066,3.2136583,3.4391387,2.6223204,2.5797434,3.3366663,4.287901,3.9532351,3.2227492,3.4432418,3.9896474,4.242155,3.0436022,2.183897,2.3937073,2.6074696,2.6216235,2.677443,2.6834884,3.119715,3.0640717,2.6108196,2.8757613,2.5857446,2.711217,3.9601302,3.9820163,3.9546778,3.9553683,2.8038597,2.8031993,2.8664706,2.9002001,3.071088,3.0001132,2.8196423,3.0209575,3.178564,2.7902324,2.80661,2.674069,2.780404,2.778978,2.8496597,3.0005105,2.8972259,2.930849,2.9507217,2.5948186,2.9504485,2.964677,2.934542,2.9719896
12,3.129043,2.7576756,2.5353203,2.6056185,2.2913396,2.5550132,2.0410504,1.993314,3.169372,3.284305,1.6443323,1.6176553,0.0,0.62675554,1.0617657,2.938841,3.5299435,3.1631682,2.3693802,2.3468907,3.451035,3.9500532,3.2746465,2.509906,2.954927,3.1259267,3.8392982,2.8043377,2.7325983,2.598036,4.264946,4.152278,3.0483584,3.4723663,3.334663,3.6480446,3.4476328,3.0908158,3.426331,3.5348992,3.403362,3.3122687,2.965187,3.340762,4.0875864,4.100091,3.169549,3.1595407,2.5993838,2.7498105,2.325552,3.9764376,2.826845,3.8423424,3.0872197,3.1418118,2.7901626,2.7620676,2.8077807,2.6876442,2.7269554,2.3450866,2.611085,2.9016943,2.522186,2.9723432,2.6579828,2.6626306,4.068434,4.0692487,2.7320786,4.1699247,2.754909,2.9811563,2.3306785,2.3995535,3.1708055,3.354412,2.8140757,2.7006085,3.3403037,4.336499,3.6818388,2.8592455,3.4725063,4.0343404,3.8722768,2.8351245,2.1339316,2.5238185,2.425328,2.4474857,2.693852,2.6941714,3.2534363,3.1765773,2.8644156,3.1149452,2.8444014,2.9522798,4.34586,4.3673863,4.357429,4.3485346,3.1431916,3.2000813,3.0147982,3.0789196,3.1785283,3.1208363,2.9742398,3.1417735,4.145496,2.941674,3.0054486,3.003243,2.9171157,2.89882,2.897888,3.2210119,3.4164822,3.4348633,3.445157,3.3389015,3.4386923,3.431731,3.4077582,3.439074
13,3.285456,2.832573,2.5801685,2.7013452,2.453717,2.6863182,2.1301842,2.1103795,3.366827,3.4961965,1.630971,1.7032877,0.62675554,0.0,1.3431001,2.8609936,3.6571267,3.2670755,2.442844,2.3870745,3.643464,4.0944796,3.3865876,2.6810894,2.9522946,3.2110298,3.6630087,2.7988966,2.8822718,2.6869044,4.1880317,4.2153397,3.052235,3.4476147,3.4402385,3.6981778,3.4457207,3.2294958,3.3672285,3.5014365,3.48867,3.378742,2.7662258,3.1503522,4.1610756,4.1668406,3.0306118,3.0242476,2.6726797,2.8968604,2.354684,3.9632747,2.687268,3.6560752,2.9571893,3.0015202,2.7375674,2.6686618,2.7135556,2.619973,2.7016373,2.2789893,2.5988379,2.8498213,2.4809117,2.764926,2.547839,2.4445531,4.1501737,4.1540327,2.7937648,4.2374883,2.7039185,2.935576,2.1861575,2.2828171,3.0298615,3.2475827,2.7169325,2.7050557,3.236961,4.4262605,3.5799944,2.77706,3.3276954,3.997337,3.7500968,2.73547,2.2776449,2.415696,2.4717112,2.5117402,2.7536519,2.759726,3.407383,3.2613535,2.6894777,2.9048944,2.6878338,2.8271644,4.140844,4.1588817,4.146109,4.1420636,3.0164225,3.0763583,2.8534923,2.9122925,3.0590355,2.9806929,2.820728,3.0287907,4.042692,2.7956967,2.911265,2.8998077,2.7079024,2.6971364,2.6566825,3.1072822,3.2388287,3.2525399,3.262127,3.201144,3.317181,3.311833,3.2896466,3.3245902
14,2.96757,2.7698395,2.4571605,2.594205,2.1698706,2.4013216,1.8692342,1.8593564,3.0685046,3.0947323,1.8295673,1.6176022,1.0617657,1.3431001,0.0,3.0799088,3.414035,3.117855,2.0996985,2.1633956,3.24933,3.9408848,3.033573,2.2757823,3.0004787,3.1795268,3.7824202,3.0349903,2.770492,2.7157302,4.3805017,4.291284,2.9154196,3.3307836,3.315682,3.5195699,3.1630898,2.7259543,3.655357,3.487828,2.8642561,2.6598911,2.9935238,3.422994,3.9725192,3.983441,3.6227102,3.604925,3.0235226,3.0706577,2.67816,4.2723804,3.301667,4.155333,3.5976725,3.647156,3.1355712,3.1412144,3.1735601,3.0130086,3.0856948,2.6802263,2.9969296,3.2083175,2.2870212,2.744454,2.4080226,2.4306931,3.9124582,3.926515,2.5984433,4.0089087,3.167166,3.3549595,2.7521951,2.8044748,2.9480727,3.1998677,2.5434556,2.454048,3.0804007,3.9059787,3.4309926,2.6039975,3.3041017,3.7890298,3.6816618,2.6723688,2.419829,2.5996578,2.6339903,2.6699295,2.4353685,2.4355013,2.7748382,2.6745458,2.6274831,2.820254,2.6118162,2.7204342,4.1884813,4.177557,4.21717,4.202514,2.7812033,2.8501227,2.8070276,2.9113512,2.9911723,2.9413698,2.745765,2.9472985,4.0194507,2.6895757,2.6522334,2.6761646,2.7083023,2.6993186,2.8024457,2.7473555,3.167502,3.227582,3.237268,3.0905821,3.1190894,3.108421,3.0722468,3.1095386
15,3.955543,3.7181435,2.3805466,3.4235766,3.4647255,3.5771482,2.9816115,3.1601186,4.4424434,4.581112,3.9019399,3.9102597,2.938841,2.8609936,3.0799088,0.0,3.1153848,3.1724398,3.1581876,3.5296597,4.048429,4.724006,4.075161,3.509713,2.822441,3.0519757,3.839906,2.8561716,2.6986773,2.6928165,3.7508128,3.589714,3.4774978,3.876372,2.9073913,3.263736,3.461735,3.1617203,3.4587364,3.4423459,3.5780404,4.1895294,3.2851226,3.5134072,3.834418,3.8479576,3.05899,3.074053,2.8990343,3.0341575,2.8136878,3.4780176,3.1065726,4.0496063,3.4719586,3.4677632,2.651123,2.6088805,2.626625,2.4624877,2.3038049,2.1350732,2.2439327,2.5428717,3.638597,3.9392018,3.1874611,3.698255,3.5684597,3.5837905,3.2373557,3.7693012,3.3803842,3.6014917,3.1861868,3.7350612,3.5199301,3.3223634,4.007505,3.8022876,3.6886876,4.373436,3.8800914,3.1208417,4.09562,4.503725,3.8665876,3.2595842,3.15897,3.4728749,3.2225974,3.2946217,3.1800106,3.1909647,3.6784708,3.5489774,3.5979514,4.0000176,3.5828972,3.6835449,4.7691097,4.700118,4.785514,4.7690687,3.6696782,3.7411761,3.4748333,3.4264646,3.430905,3.4431655,3.396179,3.394099,5.1895165,3.544407,3.6296453,3.8108978,3.4646375,3.4783607,3.4269085,3.7553685,4.076325,4.113296,4.1158805,4.4713926,4.124515,4.1315565,4.0694246,4.1135926
16,4.1983576,4.034687,3.3380656,2.7366793,3.780145,3.7750251,3.296628,3.3471537,3.8151531,3.8895502,3.707604,3.659322,3.5299435,3.6571267,3.414035,3.1153848,0.0,1.0153757,2.919373,3.0164802,3.7070048,4.575418,2.9129996,2.9594097,2.0916028,2.2712002,3.4857554,2.2321181,2.276699,2.232087,4.3652625,4.0538855,3.593119,4.006159,1.8544359,2.406424,2.866003,1.3605068,3.104532,2.8916438,3.095181,4.6263814,3.0871892,3.4115086,3.7040596,3.7060764,3.154666,3.1060512,2.74167,2.7864985,3.2511392,3.144846,3.0032117,4.009321,3.3351576,3.3377678,3.0312705,2.974051,3.4157183,3.0192153,2.666775,2.77207,2.6405265,2.9562473,3.315796,3.6936738,2.6495202,3.477142,2.3525567,2.375867,3.2074716,2.6799908,3.5968757,3.7689664,3.431245,3.7072735,3.5250163,3.0688236,3.865987,3.417361,3.6947112,4.1548934,4.2638927,3.7434099,4.391296,4.7202168,4.226167,3.4477477,3.5168042,3.7662363,3.5519168,3.5455422,3.0738842,3.0717263,3.3673718,3.3234694,3.7491133,4.408183,3.7270055,3.8412757,4.687973,4.645775,4.7353497,4.7165227,3.8836,3.8979864,3.7039928,3.568011,3.5212984,3.5783958,3.6836548,3.5213366,4.3622923,3.890185,3.9598687,4.03927,3.9370787,3.9609852,3.9505875,4.104672,3.8819213,3.897797,3.9296038,3.989859,3.8479462,3.8827653,3.8205962,3.8584065
17,3.8733983,3.659889,3.1201594,2.5359228,3.4767988,3.4323828,2.9093275,2.9048421,3.269809,3.33569,3.0861084,3.1003253,3.1631682,3.2670755,3.117855,3.1724398,1.0153757,0.0,2.438284,2.4027264,3.5036116,4.3269362,2.6791446,2.3672528,1.3332825,1.5462248,3.1483815,1.5249394,1.7890869,1.7163143,4.199467,3.9056766,3.2178342,3.6740873,1.8502549,2.429899,2.421147,1.1160583,2.6989343,2.461897,2.814862,4.2610745,2.6833317,3.0850706,3.5011358,3.5058634,2.800325,2.7969217,2.2276466,2.360047,2.6926231,2.7434382,2.5547068,3.7105463,2.8873987,2.9165905,2.8752863,2.805174,3.1528137,2.8488247,2.4968243,2.6026056,2.450373,2.811832,2.907086,3.304971,2.4790635,3.034655,2.9437816,2.9672372,2.9083092,3.2337532,3.2148657,3.421977,3.062073,3.2437131,3.170023,2.6761234,3.4437623,2.9407554,3.412671,4.0925035,4.170288,3.6163914,4.1182413,4.554081,4.146924,3.180312,3.1344695,3.4450865,3.2275333,3.2159166,2.7121613,2.7065089,3.0739017,2.9896975,3.3323278,4.073001,3.3179302,3.4473975,4.2291274,4.199767,4.2632275,4.2417564,3.4520977,3.4500673,3.2210796,3.0751164,3.0429358,3.089744,3.2339928,3.0621266,3.7611942,3.4186385,3.5278542,3.583637,3.4954164,3.518438,3.492892,3.7011762,3.427339,3.4419887,3.4785287,3.4360013,3.4172144,3.4702468,3.4039867,3.4427445
18,2.866537,2.58318,2.2346706,2.2351503,2.9225774,2.9159508,2.036976,2.0836916,3.2163754,3.1819627,2.3329704,2.1893458,2.3693802,2.442844,2.0996985,3.1581876,2.919373,2.438284,0.0,0.8333116,3.522522,4.1286077,1.8076675,1.4485292,2.4710872,2.5699172,3.7225482,2.5029032,2.6994817,2.801426,4.141008,4.0601373,2.2791245,2.9573991,2.8861935,3.238419,2.8579745,2.29612,3.3583355,3.2073264,2.9547837,2.7534447,3.095783,3.4440646,3.8668623,3.888375,3.48466,3.5440888,2.9563696,2.9834921,2.7660477,3.4890378,3.3203278,4.311384,3.610934,3.6554492,3.5276873,3.5321102,3.5949636,3.3986695,3.129385,2.7732408,3.064769,3.3885415,2.502709,2.9408245,2.221555,2.5633779,3.4043424,3.425057,2.2910323,3.590689,2.7693899,2.9582336,2.5682511,2.7455983,2.3240702,2.676812,2.461776,2.345491,3.0999334,4.159374,3.9250097,3.1504996,3.1987624,3.7312143,4.0206513,2.588565,2.1989958,2.4670289,2.4875627,2.492597,1.9603788,1.9725097,2.8188558,2.3116088,2.765141,2.935992,2.737079,2.8313239,3.3477223,3.334841,3.359405,3.357426,2.692251,2.7211282,2.8795621,2.905078,3.047557,2.9901803,2.8291433,3.0321887,3.7061882,2.695088,2.6807694,2.7217839,2.8789616,2.893843,3.000087,3.0038562,3.0492458,3.1137152,3.131728,3.1258857,3.0546713,3.0611098,3.0163774,3.0553575
19,2.6863835,2.4477942,2.35074,2.0510576,2.729846,2.689108,1.8709544,1.8427174,3.1526878,3.1076787,1.9188178,1.9227309,2.3468907,2.3870745,2.1633956,3.5296597,3.0164802,2.4027264,0.8333116,0.0,3.5316272,4.0406466,1.7297639,1.2734783,2.3402314,2.4249306,3.5953667,2.3858705,2.6627789,2.7004263,4.207122,4.1061344,2.085118,2.7526774,2.8517778,3.1678033,2.6783257,2.293419,3.3416154,3.0833056,2.9894633,2.8027668,2.9404168,3.3832765,3.7718024,3.7951145,3.451811,3.5044005,2.9252717,2.9957583,2.8759763,3.5822399,3.2823944,4.2461467,3.6015298,3.6480622,3.6467626,3.5818603,3.7209864,3.537041,3.3057504,2.983721,3.2341237,3.5250323,2.33249,2.774942,2.124834,2.3616846,3.5769525,3.5985346,2.35613,3.7748585,2.650257,2.9670942,2.4931011,2.5254278,2.2699196,2.622188,2.2262278,2.092216,2.9905791,4.4609747,3.918641,3.1950996,3.085652,3.6126277,4.034129,2.5601747,2.1472988,2.5260541,2.4483907,2.4439955,1.8839095,1.8852065,2.7631483,2.205887,2.6052706,2.80816,2.5705802,2.6447213,3.23713,3.2391388,3.2488763,3.2441494,2.6792412,2.6925247,2.735334,2.77283,2.9277532,2.8562386,2.764048,2.9847658,3.3232255,2.6735923,2.782208,2.7641466,2.791375,2.803224,2.8304517,2.9474277,2.8393579,2.9095795,2.9310818,2.772975,2.8809037,2.9112163,2.866271,2.9034297
20,3.588244,3.6434984,3.2496886,3.3291738,3.638717,3.6896565,3.089612,3.0850685,4.2851844,4.26861,3.547024,3.4663055,3.451035,3.643464,3.24933,4.048429,3.7070048,3.5036116,3.522522,3.5316272,0.0,2.6709032,4.220144,2.9879827,3.6348581,3.715685,4.024681,3.7407458,3.63889,3.7029216,5.603086,5.018657,3.3382785,3.3175328,3.6990979,3.5812783,3.2830129,3.355394,4.081653,3.6117857,3.4532056,3.6439917,4.040654,4.3638415,3.9424868,3.9257703,4.1918974,4.167516,3.8975914,4.052733,3.8862598,4.3285904,4.5604277,4.8603354,4.7751784,4.8161273,4.275026,4.1210546,4.339137,4.2010093,4.361958,4.1153536,4.2417703,4.154208,3.018899,3.6091454,3.0539858,3.3979578,4.1891923,4.189984,3.5623233,4.3078957,3.7699144,3.9740515,3.582085,3.6363554,4.182855,4.3453307,3.1309168,3.030712,3.3555496,4.5548687,3.9934099,3.7578726,3.5623305,3.7281065,3.9129517,3.2399123,3.558342,3.7878275,3.2318637,3.2355647,2.8186307,2.8174703,1.8849189,2.9774756,3.3454862,3.4719977,3.2969093,3.3072116,5.1172957,5.098374,5.171942,5.1367965,3.3071587,3.3310955,3.5165124,3.6045194,3.6287873,3.6065958,3.4647403,3.6370552,4.116777,3.4033272,3.4612777,3.4849825,3.4721532,3.4771352,3.5322542,3.5086806,3.579039,3.6304424,3.62982,3.6529908,3.512049,3.5194106,3.4954238,3.508069
21,4.2991157,4.1866455,3.9837284,3.81102,4.266133,4.351462,3.7803738,3.7478461,4.516368,4.4997587,3.8299043,3.773039,3.9500532,4.0944796,3.9408848,4.724006,4.575418,4.3269362,4.1286077,4.0406466,2.6709032,0.0,4.628936,3.9756658,4.378643,4.2572737,4.3858366,4.200754,4.306553,4.3976135,4.6485167,3.915155,4.0108256,3.7879753,4.420533,4.112544,3.7305207,4.216983,4.5305657,4.03327,4.209128,4.57284,4.5880823,4.651461,4.5226283,4.484062,4.296774,4.3706446,4.152969,4.4332137,4.32224,4.5974984,4.6899676,4.657224,4.829125,4.8498354,4.823344,4.6691685,4.88218,4.791706,4.8813977,4.7020364,4.7520103,4.5542855,3.9760938,4.488252,4.0466123,4.2576423,5.321489,5.3251452,4.8477454,5.4258423,3.7709103,3.9557755,3.725931,3.7903762,5.021411,5.1297154,4.158774,4.0986676,3.6387858,4.8272605,4.390916,4.2637925,3.5581558,3.9414208,4.7439313,3.671849,3.6616013,3.669794,3.48586,3.5817764,3.3408418,3.365857,2.8298626,3.6045945,3.6949866,3.8404005,3.6842463,3.739438,5.198508,5.1704307,5.166578,5.158233,3.6911306,3.6845272,3.7778373,3.7915244,3.8988,3.8490949,3.635758,3.802288,4.2830424,3.8274336,3.9029894,3.8488548,3.8429725,3.8436868,3.9091864,3.9703481,3.7673514,3.8138204,3.8107731,3.8409524,3.830668,3.8349411,3.8217018,3.8314679
22,3.460439,3.2732425,3.006839,2.2418766,3.7139478,3.7130413,2.7593317,2.8110151,3.921648,3.873787,3.074715,3.0039182,3.2746465,3.3865876,3.033573,4.075161,2.9129996,2.6791446,1.8076675,1.7297639,4.220144,4.628936,0.0,2.378756,3.145208,3.0579803,4.2888074,3.2131135,3.2135491,3.3661036,4.720462,4.4782686,3.1492317,3.7094417,3.1482735,3.4411333,3.4183865,2.5731876,3.9749014,4.0180407,3.6516168,3.8759153,3.8105862,4.109516,4.378128,4.388642,4.0822926,4.11203,3.504612,3.5360923,3.9113033,3.8171265,3.8819509,4.727527,4.1571445,4.185205,4.2013464,4.1677976,4.4455576,4.126439,3.889219,3.6799328,3.8318672,4.1209345,3.168036,3.7931955,2.730664,3.499541,3.118447,3.1370008,3.1512845,3.3511407,3.2758389,3.5211523,3.3757358,3.4825828,2.9399538,3.1715894,3.1905372,2.956096,3.754236,4.9169273,4.708998,4.1291733,3.8406181,4.212166,4.7769275,3.3920014,2.9914103,3.5323033,3.1429107,3.1619668,2.6204627,2.6303332,3.4742095,2.8460882,3.572204,3.750736,3.535925,3.6042392,3.31386,3.3081038,3.3498929,3.3573806,3.7481966,3.7716959,3.8158045,3.774145,3.9023614,3.867873,3.803739,3.9433641,4.251189,3.7823267,3.8425956,3.8195534,3.8278933,3.8529606,3.8780708,3.950354,3.7601063,3.802805,3.827455,3.7537293,3.799814,3.8128173,3.7763999,3.809428
23,2.6441503,2.478776,2.164142,2.2011254,2.500226,2.3292224,1.7897974,1.7584038,3.2980952,3.2749133,2.3238552,2.3030286,2.509906,2.6810894,2.2757823,3.509713,2.9594097,2.3672528,1.4485292,1.2734783,2.9879827,3.9756658,2.378756,0.0,2.3240623,2.3476224,3.7267609,2.4295368,2.5466666,2.6532717,4.780777,4.444346,2.2590637,2.809114,2.7628684,3.1510234,2.7103386,2.2772095,3.716537,2.9140372,2.9593897,2.7699594,3.2287922,3.9323068,3.7429378,3.7787926,3.5520136,3.560683,2.9312828,2.7560356,2.8519628,3.6507607,3.4455516,4.3852873,3.988517,4.0310183,3.593589,3.5290766,3.6579459,3.4848278,3.3553014,3.048251,3.2623408,3.4810479,2.195962,2.897633,2.1999354,2.5241117,3.5286882,3.5486598,1.9225398,3.7053444,2.7835715,3.3402066,2.6688626,2.6605988,2.4902272,2.7650201,2.241799,1.9317466,3.0585077,4.3742642,3.8442662,3.1830943,3.3022034,3.7932692,3.8530142,2.613363,2.250224,2.924232,2.4377522,2.4156878,1.7750517,1.719564,2.3292775,2.0225384,2.7973201,3.0482726,2.7724547,2.7834609,3.848671,3.8499002,3.9128993,3.879461,2.7318175,2.747474,2.7937784,2.8757117,2.9668672,2.8979695,2.9160745,3.0886214,3.4312284,2.7260883,2.8074462,2.852005,2.9347136,2.9183195,2.9331093,2.9808881,3.0166256,3.1123376,3.1258087,2.9644027,2.918806,2.971763,2.9025264,2.936317
24,3.6416087,3.530547,2.911065,2.9092133,3.2570174,3.1971557,2.6858296,2.6820781,3.1766624,3.2618039,2.8919811,3.0268207,2.954927,2.9522946,3.0004787,2.822441,2.0916028,1.3332825,2.4710872,2.3402314,3.6348581,4.378643,3.145208,2.3240623,0.0,0.8245638,2.8668735,0.8641574,1.3913052,1.2960151,3.8209553,3.5873277,2.905745,3.3982222,1.8871856,2.4531739,2.0789948,1.6113303,2.6699255,2.258716,2.6214523,3.9534407,2.2583058,2.7437735,3.0574145,3.076371,2.5136507,2.5458477,1.9328678,2.2026248,2.1916955,2.7413697,2.400409,3.6347742,2.7658162,2.8302429,2.698098,2.5674458,2.7436943,2.5928373,2.195945,2.3215053,2.141197,2.5407596,2.8360188,3.1722612,2.6418483,2.851179,3.6627364,3.6973445,2.8557813,3.9437873,3.0557497,3.3429508,2.9346914,3.1294491,2.9779816,2.3508968,3.3401382,2.8127692,3.220914,4.182986,4.021968,3.4084423,3.9801042,4.3922167,4.021525,3.0513268,2.9280553,3.3190744,3.1204345,3.1523132,2.5925248,2.588613,2.9908464,2.8395832,3.0637224,3.8865092,3.0379674,3.1530893,4.0471153,3.9955866,4.0644317,4.039992,3.1818798,3.190512,2.7552905,2.5989788,2.5289543,2.5945475,2.7960918,2.5986898,3.7355015,3.06055,3.2563148,3.3308496,3.101384,3.1289916,3.0341504,3.334749,3.2192476,3.258163,3.28503,3.2189837,3.2713926,3.3409567,3.257371,3.3054433
25,3.561311,3.4976387,2.884094,2.8462508,3.2411504,3.1817765,2.6411493,2.63267,3.1920846,3.2508612,3.028066,3.1569595,3.1259267,3.2110298,3.1795268,3.0519757,2.2712002,1.5462248,2.5699172,2.4249306,3.715685,4.2572737,3.0579803,2.3476224,0.8245638,0.0,3.187994,1.0986605,1.1543232,1.4795,3.9216485,3.3963022,3.0226686,3.4996297,1.9797363,2.5018928,2.117036,1.7723827,2.770594,2.3776393,2.8069708,4.11884,2.79188,3.1370645,3.0532079,3.0700026,2.6261466,2.6984231,1.7714076,2.0712924,2.3392594,2.6051996,2.5661352,3.7301943,2.9020667,2.963529,2.9697883,2.8522792,3.0128856,2.866443,2.5308886,2.7177813,2.4298468,2.7864645,3.0446835,3.67213,3.0062952,3.345326,3.8603332,3.8940895,3.1089349,4.1597466,2.9307075,3.2305973,3.120564,3.3222969,3.1454105,2.4872096,3.5524886,2.914246,3.3897786,4.282977,4.222947,3.633439,4.0987496,4.4732566,4.2772017,3.2692754,2.802068,3.5910988,3.0450304,3.0940235,2.5120118,2.5105004,2.9233167,2.7445824,3.2704375,4.094509,3.238286,3.336414,4.115449,4.059649,4.1217937,4.1018596,3.3752162,3.3776348,2.9485373,2.7760072,2.7022314,2.7749014,2.9839034,2.7725244,3.8681383,3.2821357,3.4661832,3.521159,3.3161547,3.34335,3.257646,3.5155447,3.3903863,3.4354086,3.4593356,3.3830757,3.460209,3.532186,3.445571,3.493252
26,4.490703,4.3292823,4.0850196,3.9955254,4.2678733,4.2855067,3.841283,3.8332808,3.7784503,3.8425891,3.7139502,3.796882,3.8392982,3.6630087,3.7824202,3.839906,3.4857554,3.1483815,3.7225482,3.5953667,4.024681,4.3858366,4.2888074,3.7267609,2.8668735,3.187994,0.0,2.8773139,3.2378147,3.0464315,4.617111,4.6886964,3.7423563,3.1346781,3.3565655,2.4669082,2.0700161,2.9945333,3.542458,2.2176208,2.5020072,4.65607,1.648047,2.2228725,3.0476124,2.9590294,2.305032,2.286334,3.2148554,3.4932399,3.1654189,3.7615225,3.3725502,2.4626794,3.7742298,3.6483264,2.622901,2.4492671,2.6341317,2.6470068,3.3005497,3.272554,3.2456527,2.5808556,2.7578568,2.7195776,2.5426679,2.367204,4.962496,4.9934096,4.5124636,5.1977844,3.17579,3.3896706,2.8058603,2.8386538,2.893013,2.2951908,3.0815678,2.7477903,1.7869127,3.315912,3.0633144,3.5658026,2.860007,3.443293,2.9892585,2.9554434,4.1092296,3.250708,3.1954372,3.2222137,2.8425508,2.8606777,3.2453313,3.1259897,2.1048374,3.1266596,2.133497,2.2780163,3.4990284,3.473458,3.524803,3.5104475,2.3790836,2.3986285,1.860896,1.6002678,1.6099466,1.6693742,1.8428906,1.6167581,3.0279243,2.2067924,2.4406974,2.4402928,2.149516,2.1914384,2.1801026,2.5434666,2.0267076,1.9353404,1.9450837,2.2541084,2.1180875,2.101359,2.0931401,2.1140242
27,3.6665356,3.4583433,3.0490646,2.8467999,3.304951,3.2609298,2.8158107,2.7954829,2.9769957,3.1213102,2.7588372,2.8692029,2.8043377,2.7988966,3.0349903,2.8561716,2.2321181,1.5249394,2.5029032,2.3858705,3.7407458,4.200754,3.2131135,2.4295368,0.8641574,1.0986605,2.8773139,0.0,1.590795,1.543846,3.6369798,3.4115493,2.9314122,3.3912394,1.9203403,2.5108066,2.4323516,2.0055623,2.636652,2.259126,3.0283349,4.268948,2.3452969,2.7493975,3.1306314,3.1471963,1.9881148,2.0391278,1.5058665,1.8034203,1.7942524,2.5170004,2.027953,3.3404112,2.4328656,2.4990275,2.4142277,2.2747974,2.475781,2.3200178,1.825507,1.976624,1.7297614,2.1518083,2.9539652,3.3096979,2.7227967,2.9273553,3.756261,3.7845895,3.0489855,4.0380163,2.6020122,2.9027097,2.4576738,2.6880264,3.0992172,2.5276234,3.4320679,2.9354043,3.281159,4.1577854,4.0748987,3.483054,3.9226065,4.3754034,4.1261973,3.1184444,2.5536392,2.9256198,2.8339653,2.8716006,2.6397316,2.641465,3.2305388,3.1189778,3.1288402,3.934037,3.0919647,3.1999106,4.1612787,4.130413,4.1635976,4.1542826,3.2528484,3.2568023,2.8309672,2.6374958,2.6291614,2.6812527,2.8284237,2.643212,3.7314637,3.1129873,3.2811735,3.318259,3.1869872,3.2074068,3.1229417,3.546839,3.249646,3.269704,3.2920632,3.24612,3.3355558,3.3889892,3.313094,3.3622005
28,3.344815,3.3088315,2.6392047,2.6086187,2.883324,2.8757882,2.3473268,2.3301964,2.903363,2.9728718,2.8316164,2.9082165,2.7325983,2.8822718,2.770492,2.6986773,2.276699,1.7890869,2.6994817,2.6627789,3.63889,4.306553,3.2135491,2.5466666,1.3913052,1.1543232,3.2378147,1.590795,0.0,0.8658868,4.0318747,3.507586,3.1928756,3.6247835,2.1522324,2.5894442,2.3257596,1.8536844,2.511797,2.4711356,2.8451216,4.191723,2.8944685,3.2387364,3.0004923,3.0065846,2.6187446,2.673011,1.4379612,1.6823361,2.0269828,2.5050302,2.4125547,3.5600104,2.7562532,2.8038363,2.592793,2.5274417,2.652014,2.4524374,2.447067,2.630022,2.3259547,2.6524863,3.01011,3.7114494,3.0181813,3.3594375,3.8683848,3.890932,3.1811452,4.1589613,3.0109184,3.271105,3.1557472,3.3512833,3.218874,2.5504487,3.594854,2.9575217,3.3968968,3.976807,4.096917,3.476581,4.16039,4.452648,4.1887064,3.366897,2.6742082,3.574688,2.884789,2.9272301,2.579865,2.5750089,2.9009283,2.7985039,3.133171,4.0027723,3.0893497,3.1830008,4.19119,4.1378107,4.2094665,4.1839013,3.3086033,3.3182282,2.9285436,2.762684,2.6676364,2.7554862,2.9365273,2.7037961,3.9216921,3.226774,3.3526006,3.406061,3.1545491,3.1755514,3.1131492,3.3316185,3.3897943,3.4206166,3.442802,3.4030082,3.4219563,3.481546,3.3950522,3.4434643
29,3.5899277,3.5336301,2.8393486,2.751708,3.0033953,2.9750602,2.5408978,2.494896,3.003856,3.0992782,2.7020593,2.8277588,2.598036,2.6869044,2.7157302,2.6928165,2.232087,1.7163143,2.801426,2.7004263,3.7029216,4.3976135,3.3661036,2.6532717,1.2960151,1.4795,3.0464315,1.543846,0.8658868,0.0,3.8455825,3.5490096,3.2908244,3.6875446,2.0943704,2.5925224,2.395131,1.8737121,2.499026,2.4475331,2.8437495,4.254935,2.48219,3.0056539,3.0480766,3.0593677,2.5410986,2.5529218,1.5513216,1.7219697,1.9358569,2.6164317,2.245969,3.4504302,2.6550033,2.7051537,2.3611233,2.2920713,2.4513817,2.2365887,2.2013614,2.3753316,2.1441228,2.487531,2.902092,3.329045,2.8778577,3.050882,3.8752687,3.889372,3.0690486,4.103292,3.1976743,3.5188606,3.0465837,3.178299,3.2984736,2.6429172,3.5996199,3.0456607,3.3532927,4.0006685,4.003273,3.3884284,4.179517,4.479151,4.0771127,3.2206154,2.84599,3.3947759,3.014242,3.0393248,2.8091643,2.7928467,3.1343052,3.038152,3.040402,3.9599984,3.0000489,3.0913997,4.161268,4.13028,4.1863546,4.149817,3.2882128,3.2947426,2.8511863,2.7110417,2.5802228,2.6646128,2.890425,2.639522,3.7749298,3.1465647,3.3132136,3.375591,3.0753555,3.0809145,2.9759777,3.2979834,3.349459,3.3634343,3.3904653,3.3117802,3.3352914,3.4002764,3.3221316,3.361111
30,5.1713443,5.0957017,4.4359584,4.62531,4.892724,4.938211,4.516423,4.5553102,4.679298,4.7469034,4.474083,4.491791,4.264946,4.1880317,4.3805017,3.7508128,4.3652625,4.199467,4.141008,4.207122,5.603086,4.6485167,4.720462,4.780777,3.8209553,3.9216485,4.617111,3.6369798,4.0318747,3.8455825,0.0,1.6159687,4.436236,4.803048,3.9218895,4.2135696,4.173602,4.1395917,4.386407,4.3647785,4.4942436,5.3089147,4.049906,3.9566557,4.5566845,4.5743775,4.1391816,4.2566824,3.9652457,4.181451,3.927331,4.45267,4.028643,4.8812456,4.1124415,4.170197,4.392714,4.3657994,4.4006867,4.299179,3.6680956,3.6883428,3.714776,4.0024586,5.0813923,4.949367,4.7155857,4.756226,5.333634,5.3571634,5.024559,5.4882193,4.575325,4.6938944,4.2420077,4.581784,5.1285024,4.825069,5.50966,5.36183,4.637172,5.1121836,5.1430755,4.463125,4.977646,5.2479486,5.6304135,4.3422303,4.0173807,3.6489377,4.5833683,4.703413,4.47217,4.4997416,4.9156117,4.7049975,4.561176,5.0839267,4.535443,4.6321325,5.1509604,5.0681973,5.0533605,5.06227,4.6114426,4.6213756,4.3147526,4.193197,4.1785913,4.214903,4.144417,4.0476255,5.482135,4.5720053,4.658208,4.731734,4.5660458,4.5780287,4.566348,4.748619,4.776515,4.8249965,4.8375144,4.92793,4.8730817,4.897979,4.8420296,4.878026
