,0,1,2,3,4,5,6,7,8,9,10,11,12,13,14,15,16,17,18,19,20,21,22,23,24,25,26,27,28,29,30,31,32,33,34,35,36,37,38,39,40,41,42,43,44,45,46,47,48,49,50,51,52,53,54,55,56,57,58,59,60,61,62,63,64,65,66,67,68,69,70,71,72,73,74,75,76,77,78,79,80,81,82,83,84,85,86,87,88,89,90,91,92,93,94,95,96,97,98,99,100,101,102,103,104,105,106,107,108,109,110,111,112,113,114,115,116,117,118,119,120,121,122,123,124,125,126,127
0,0.0,0.66088045,2.5972278,1.7027355,3.509705,4.1462717,3.3416595,3.2913208,2.444166,2.2930539,3.7070942,3.742191,3.2792318,3.1810155,2.562284,2.610023,2.3602886,1.8056719,3.1736565,2.3047233,2.019987,1.5920016,1.6799408,2.1606696,2.040598,2.021512,1.7330147,1.7609978,3.5231905,2.4731042,2.1777787,2.1777787,2.2731051,2.410147,2.2558265,2.4125,3.5748153,3.160953,3.3316212,3.7135975,2.5036626,2.4285858,2.3136084,2.3207078,2.476659,2.506793,2.0768766,3.7192235,2.7740452,2.5774686,2.5895624,2.3507192,3.3714402,3.4397378,3.3785162,2.3005862,2.9149642,2.6017504,2.0526962,2.1539474,2.5386178,3.1267464,2.2015252,2.3953006,3.3646898,3.2856932,3.2114375,4.2846336,3.1596549,3.4153507,3.329715,3.5524495,3.074585,3.1409993,3.7004209,3.6713228,3.2764006,3.2460864,4.0099773,4.4191456,3.8467183,4.1984286,3.019089,2.8660834,3.6101935,2.94022,2.621635,2.7434833,4.8241367,4.8300753,4.478443,3.8203962,2.4173017,2.402425,3.0689416,3.6861327,4.923832,4.9936604,3.3493302,3.6746638,3.9699173,4.0256953,3.9757123,3.895285,5.0394306,4.331464,3.504753,3.5018117,3.4407802,3.7306528,3.8214066,3.8499167,3.0491693,3.3515873,3.2783656,3.271214,2.6735358,3.1013908,4.341137,3.5353992,3.1848004,2.9462585,3.0300622,3.028455,2.8717775,3.0517929,3.4668884,3.0443177
1,0.66088045,0.0,2.7515879,1.9068531,3.4940033,4.434605,3.317909,3.1893215,2.410052,2.2576702,3.6056771,3.6620688,3.2412753,3.1455088,2.58461,2.6361659,2.1827445,1.8408096,3.1721902,2.4263089,1.8809191,1.5235032,1.687358,2.0645547,2.0329657,2.0336423,1.7457474,1.7575902,3.5801141,2.354946,2.0663414,2.0663414,2.412131,2.522062,2.3328645,2.5019562,3.634123,3.201032,3.4024043,3.754645,2.2973921,2.2306135,2.0661855,2.0592268,2.257137,2.3422909,1.9179264,3.5966232,2.7425406,2.5151882,2.5564134,2.3411148,3.7325463,3.8025775,3.3830657,2.2687733,2.8868802,2.6157343,2.122312,2.2195249,2.6843464,3.516074,2.2087004,2.392977,3.4628072,3.3934836,3.3252265,4.3472686,3.2648351,3.4984589,3.4406416,3.6970465,3.2349763,3.2800405,3.8412454,3.8049555,3.4151015,3.3568473,4.12727,4.5381684,4.1265545,4.4732313,3.043149,2.9136896,3.6587958,3.0303214,2.731578,2.8527927,4.780278,4.7833595,4.448615,3.8056352,2.4369495,2.421995,3.0433245,3.8847125,4.8420315,4.9124136,3.2678332,3.5860474,3.9444873,4.0010185,3.951053,3.8782,4.9621577,4.326594,3.4840522,3.4821177,3.3821895,3.695361,3.7472785,3.7824662,3.0374982,3.3417742,3.240953,3.255369,2.7323925,3.1108422,4.275142,3.561904,3.1896186,2.9321246,3.034488,3.0333,2.8462484,3.048754,3.476585,3.004127
2,2.5972278,2.7515879,0.0,2.1826105,4.8985834,4.733174,4.1316557,3.9553475,3.3788931,3.2102692,4.407551,4.4323163,3.409945,3.3530197,3.1781585,3.1031048,2.7521276,3.0037484,4.3012223,2.5116727,3.767776,2.8318138,2.9017,3.2539716,3.2574174,3.2311618,3.0435,3.0639794,2.7543967,3.5820384,3.3547235,3.3547235,3.0091567,3.1514714,3.2258828,3.0645926,3.8078501,3.938562,3.9306548,4.8415713,3.1721706,3.0901306,3.0249698,3.114434,3.2491455,3.3047364,3.2125673,4.5402236,3.3218334,3.4379387,3.5740142,3.2742476,3.6905577,3.753378,3.9695961,3.565627,4.4454975,4.0290008,3.101927,3.1574588,3.3991675,3.3313694,3.1754656,3.3361223,3.8094215,3.7611625,3.6664648,4.6014957,3.6812577,3.9336078,3.8112004,3.608768,3.338187,3.3872502,3.6212113,3.5785701,3.5483449,3.6359696,4.3042192,4.6407223,4.3040466,4.6256905,3.781912,3.6164854,4.5574865,4.0010595,3.610395,3.6796806,5.3946166,5.3978066,4.784162,3.5543487,3.2726643,3.2861896,4.0249643,4.6143622,5.4920135,5.6017056,4.9992795,5.399093,5.2029524,5.2334895,5.2159696,5.176438,6.0376906,5.5250726,4.8332753,4.8363247,4.594172,4.9444594,5.121854,5.153012,3.5872054,3.9660053,3.9653618,4.013923,3.3842456,3.5892236,5.093127,4.0795307,3.7318482,3.6294081,3.5555472,3.5544689,3.4510064,3.554585,3.5771165,3.6275406
3,1.7027355,1.9068531,2.1826105,0.0,3.9773016,4.3507576,3.8059504,3.8263261,2.8341653,2.6625233,3.9664617,4.027375,3.0556386,2.968904,2.9226348,3.0100598,2.8568857,2.2008286,4.0093174,2.1023748,3.174853,2.0833707,2.023738,2.2925658,2.6301048,2.6123302,2.2508428,2.286112,3.816065,2.8125753,2.5665855,2.5665855,2.7358193,2.9061632,2.702814,2.994708,3.480155,3.632494,3.8049216,4.700232,2.992069,2.918893,2.7434354,2.7896295,2.8761215,3.0069687,2.9687123,4.301541,3.138483,2.8991473,3.0678356,2.8862703,3.183498,3.2667365,3.3387334,2.591743,3.4670103,2.9432764,2.3866036,2.543166,3.065551,3.5167499,2.5964034,2.9151945,3.1377592,3.0591822,2.9816637,4.1477685,2.9542475,3.180399,3.1043303,3.468649,3.2748477,3.3300338,3.688039,3.677776,3.4489665,3.4584186,4.152018,4.6112037,3.9974976,4.352233,3.2279773,3.0630121,3.7242267,3.0283105,2.7796438,2.890156,4.968516,4.9708447,5.128259,3.9420068,2.6541722,2.602335,3.3559258,3.8816047,5.0105863,5.072433,3.7450175,4.098226,4.0672584,4.1153965,4.0293984,3.9433355,5.0502944,4.334851,3.5688457,3.5951285,3.586491,3.8075562,3.826783,3.840727,3.2673025,3.4189925,3.3886523,3.4065988,2.8189864,3.16703,4.359691,3.6030598,3.2252786,3.091352,3.0348394,3.0410783,2.9433525,3.038961,3.5911222,3.239857
4,3.509705,3.4940033,4.8985834,3.9773016,0.0,3.5284634,4.7678204,4.8499365,3.5607717,3.702615,3.5440423,3.5712,4.1105494,4.063619,3.3192563,3.733323,3.7237895,3.2786949,3.59262,3.566981,3.2989957,3.0816634,3.2214792,3.07868,2.815098,2.816147,2.8613613,2.892744,4.8754096,2.8562334,2.85675,2.85675,3.3729444,3.1743283,3.1363168,3.2438142,4.3637743,3.65647,4.2122564,4.493844,3.1376417,3.3987439,3.3618631,3.0402331,3.5367415,3.2671201,3.2408466,4.0244317,3.5620759,3.4400313,3.1892033,3.3419037,3.7875328,3.955826,4.102684,3.0968902,3.124246,2.8258128,3.433846,2.9269855,3.2541978,4.070282,2.9682164,2.903865,4.7239695,4.619088,4.592222,5.182773,4.5824814,4.6844635,4.721458,4.9370756,4.4978843,4.506608,4.8623495,4.8493743,4.729146,4.56355,4.0737386,4.399964,5.431442,5.615155,4.68948,5.0834255,4.9793043,4.5858045,4.4302797,4.4661126,4.3805013,4.3859353,5.428766,4.9055634,4.2121277,4.2550063,4.45123,4.133754,3.9799616,3.880299,3.2162213,3.4171853,4.070644,4.0801682,3.9533503,3.8739963,3.9150012,3.0036204,3.4014015,3.3414888,3.3504806,3.8691423,3.7924762,3.8428996,3.9541664,4.0346894,3.6046686,3.6588182,3.9452386,3.7190275,3.8482604,4.1323805,3.8136585,3.6125107,3.885589,3.8803897,3.660315,3.8001611,3.9950337,3.8012295
5,4.1462717,4.434605,4.733174,4.3507576,3.5284634,0.0,5.5269566,5.4902077,4.743896,4.57434,4.679538,4.709078,4.716527,4.672729,3.899393,4.5458393,4.5741005,4.0187697,4.37786,4.2505984,4.2784395,3.9776177,4.050609,3.923857,3.9786575,3.9424105,3.5924578,3.6681376,4.181942,4.0334134,3.9765308,3.9765308,4.077832,3.8299367,4.1163383,4.006524,4.8694835,4.492731,5.088704,5.358781,4.466509,4.5247726,4.791223,4.3375993,4.8139067,4.719042,4.590842,5.379141,4.6258044,4.4756675,4.3949323,4.104032,3.3909109,3.3030837,4.5410504,3.8145442,4.435515,4.218743,4.202036,3.674739,3.891284,3.3428614,3.7054052,4.0724463,5.528186,5.433927,5.3643413,6.202055,5.383699,5.5379376,5.511341,5.6882477,5.3536987,5.3850045,5.706677,5.70478,5.618255,5.634414,5.0515857,5.525836,5.2365746,5.6531057,5.6852703,5.342107,5.6792984,5.2661715,5.1213894,5.1758804,5.5593166,5.5703297,5.681235,5.3090844,5.0850887,5.143242,5.4189515,4.5167403,5.2235494,5.1847715,5.2154436,5.449302,5.616994,5.6343074,5.604802,5.5286613,6.030876,5.4626093,5.542069,5.52795,5.175323,5.788932,5.676906,5.7255006,4.7909083,4.92098,4.5733085,4.6370263,4.7620115,4.4640613,5.1471868,5.001006,4.490529,4.3574305,4.517252,4.505568,4.345505,4.464008,4.739346,4.537467
6,3.3416595,3.317909,4.1316557,3.8059504,4.7678204,5.5269566,0.0,0.98302007,3.082216,3.2891138,3.0950625,3.1049044,4.0739956,4.0438566,3.5308716,3.744379,3.2520096,3.0550504,3.261336,3.3694215,3.2905102,3.0911286,3.1057847,3.556858,2.5430038,2.5498524,2.7585628,2.7231011,3.9091818,2.8197014,2.6770911,2.6770911,3.4363751,3.1011813,3.2141123,3.3287175,4.58454,3.7902486,4.349529,4.6247087,3.0752072,3.474957,3.1793044,3.2593288,3.7610352,3.5613456,3.4582403,4.2293057,3.105223,2.9704244,2.9759135,3.330635,4.111027,4.303218,3.6303766,3.1748402,3.8412406,3.224236,3.3693287,2.7688224,3.1334875,3.7018485,2.820865,2.7332656,4.721981,4.708715,4.659668,5.336572,4.6507044,4.847338,4.6858797,4.7296867,4.460103,4.5332203,4.917174,4.8514276,4.636921,4.5876384,6.0398307,6.2277155,5.2254,5.243267,4.230163,4.926382,5.3560143,4.7576075,4.547929,4.643643,4.761499,4.7594743,4.942538,4.3630323,4.1551676,4.084836,4.7693157,5.7428503,4.34971,4.332419,3.8612945,4.1394324,4.556977,4.52813,4.4646707,4.4736357,4.5754433,5.55709,4.2828803,4.230863,3.797381,4.3431573,4.2905746,4.3514314,3.560441,3.822881,3.3979018,3.39922,3.9334838,3.75407,3.9505084,3.861876,3.8511117,3.7818239,3.7488875,3.7615614,3.6533809,3.854595,4.2354307,3.7341943
7,3.2913208,3.1893215,3.9553475,3.8263261,4.8499365,5.4902077,0.98302007,0.0,3.066179,3.2338455,3.0785692,3.0966735,3.8798192,3.850781,3.2946846,3.543348,3.0571876,3.0938513,3.2534153,3.2881596,3.1509926,2.9663486,3.1584911,3.4558344,2.5453212,2.5483432,2.7837582,2.7405326,3.6675935,2.8259013,2.697289,2.697289,3.3696861,3.0677156,3.2140505,3.2373214,4.2275095,3.5830674,4.0877943,4.347483,2.9582353,3.2837486,3.041932,3.1527183,3.555521,3.521507,3.3505535,4.145406,2.968973,2.948554,2.9422565,3.197824,4.265924,4.430449,3.8843699,3.3086793,3.8831966,3.3512287,3.3524296,2.8251836,3.1136224,3.7292542,2.8026278,2.7815924,4.8678384,4.8567057,4.7957673,5.3141184,4.7756934,5.0375414,4.8417697,4.7507033,4.386837,4.439462,4.8654513,4.7893634,4.642185,4.60592,6.014213,6.296275,5.222821,5.2972536,4.2256207,4.8253403,5.3049912,4.8796186,4.597616,4.711652,4.7967286,4.794778,5.001166,4.448422,4.1640296,4.123759,4.796962,5.8602214,4.4506984,4.472611,4.049296,4.3765984,4.8856487,4.8724895,4.843473,4.8398814,4.7978992,5.737912,4.46767,4.420384,4.021959,4.5865884,4.5645027,4.640111,3.5102382,4.050917,3.5009694,3.5259526,3.92769,3.7404206,4.0944824,3.9412038,3.7859347,3.6611178,3.640936,3.6495376,3.537759,3.755562,3.9660678,3.6313894
8,2.444166,2.410052,3.3788931,2.8341653,3.5607717,4.743896,3.082216,3.066179,0.0,0.839616,1.9759159,1.9488586,3.4548056,3.379065,3.047531,2.7955587,1.9174162,1.7833837,3.202491,2.1704311,1.7536789,1.6474227,1.5845337,1.5589696,1.6720096,1.6912858,2.0362725,1.9619402,3.558674,2.2935135,2.2742329,2.2742329,2.0830138,2.273879,1.7319036,2.207087,3.1305354,2.5174189,2.6853123,3.3262947,2.3490767,2.2239032,2.162946,2.3924465,1.6508538,1.822626,2.3672352,2.663786,1.6330539,1.2688291,1.0541596,1.4555573,3.0982583,3.3223455,3.0525463,2.3481824,2.4642015,2.7026422,2.1059315,2.28202,2.3214593,3.1737719,2.2364247,1.9830859,3.8732436,3.8271427,3.782466,4.6926255,3.721317,3.921839,3.832124,3.9936943,3.6431327,3.7144637,4.1036777,4.0705366,3.5978348,3.602906,4.5017195,4.761942,3.4610302,3.6096704,2.650427,3.2394621,4.0417914,3.2793756,3.0296893,3.1153855,3.5622509,3.5527546,3.8192174,2.9782858,2.8216321,2.8035846,3.1964884,4.008785,3.1818893,3.373563,2.5982642,2.8421602,3.2537913,3.2485743,3.1714132,3.1329086,3.4379423,3.6915472,2.5639563,2.5825691,2.2607229,2.638083,2.6073906,2.6686373,2.1069407,2.4513216,2.4584956,2.5300205,2.57335,2.402188,2.8809712,2.6790612,2.5878673,2.3894508,2.6041758,2.6091301,2.280285,2.534903,2.8180904,2.4803395
9,2.2930539,2.2576702,3.2102692,2.6625233,3.702615,4.57434,3.2891138,3.2338455,0.839616,0.0,2.1046953,2.0926032,3.2510808,3.1696815,2.8381164,2.5544364,1.722905,1.5594416,3.132523,2.0116925,1.6400571,1.4542965,1.322385,1.3365599,1.8879402,1.9137665,1.8770881,1.8275213,3.4393568,2.48588,2.4273555,2.4273555,1.9675766,2.1367764,1.8107427,2.052131,3.0947971,2.4494553,2.6257339,3.3119063,2.3335843,2.0698602,2.2486951,2.2231412,1.5075731,1.6635365,2.271804,2.7505944,1.9928492,1.6561354,1.5388706,1.1551704,3.0016296,3.0965464,2.9446244,2.2000837,2.1802952,2.5963717,1.9672736,2.12769,2.2057726,3.0849447,2.074552,2.0732877,3.9084783,3.8660932,3.812778,4.92978,3.7521002,3.958968,3.8688183,4.0391192,3.8300226,3.9103322,4.259989,4.2370305,3.7751417,3.7944918,4.620012,4.8596735,3.5217552,3.8439782,2.9188147,2.7727222,3.9353805,3.1361866,2.8710446,2.9675274,3.6160126,3.6074748,3.8313007,2.99693,2.8527892,2.8182664,3.1834345,3.9897766,3.3653066,3.5350177,2.8120592,3.1025527,3.3845265,3.3702288,3.2862356,3.2495525,3.8503456,4.0416594,2.9891098,3.0354052,2.6078105,2.9860919,2.980114,3.0291145,2.1981232,2.4833546,2.4989347,2.570821,2.6462934,2.4224532,3.054358,2.833064,2.7069101,2.503218,2.7162185,2.7213569,2.3773513,2.658871,2.9423127,2.6341455
10,3.7070942,3.6056771,4.407551,3.9664617,3.5440423,4.679538,3.0950625,3.0785692,1.9759159,2.1046953,0.0,0.3679195,3.4201818,3.3860638,3.0595996,3.1243064,2.5695155,2.4958253,3.1159227,2.8038278,2.5841794,2.4330142,2.462215,2.259242,2.118331,2.1826088,2.4061592,2.3389885,3.8829691,2.2702603,2.4357765,2.4357765,2.922984,2.6469438,2.582588,2.6910737,3.8321373,2.894397,3.503091,4.092521,2.4923968,2.6077273,2.7968073,2.6118686,2.4987621,2.4011557,3.1117632,2.8518264,2.2637556,1.9942427,1.80319,2.0188558,3.1719363,3.3489833,3.2299798,2.576531,2.5792687,2.7349782,2.8745158,2.355177,2.6985397,3.54165,2.2068527,1.9993464,4.9823747,4.9483123,4.904675,5.5871058,4.8689656,5.0244713,4.951104,5.0360456,4.7847657,4.830926,5.167283,5.125643,4.8685236,4.8351274,5.5279984,5.6649995,4.6371946,4.798786,4.10692,4.478522,4.977271,4.4847984,4.284306,4.3714557,2.955275,2.9426594,4.445271,3.689829,4.0539646,4.0496006,4.434902,5.043845,1.9801856,2.099932,2.973782,3.23286,3.9307594,3.8514385,3.7522068,3.7524588,2.996444,4.32383,3.3977377,3.3996844,2.8050478,3.5515296,3.3165464,3.4145985,2.7795122,3.1438754,2.5029633,2.6040564,3.6563847,2.915384,2.1864817,3.1917074,3.1698124,3.010435,3.2332575,3.2418478,2.9229238,3.1881413,3.3863845,3.1996603
11,3.742191,3.6620688,4.4323163,4.027375,3.5712,4.709078,3.1049044,3.0966735,1.9488586,2.0926032,0.3679195,0.0,3.560296,3.52755,3.1086614,3.1565402,2.5601637,2.546373,3.0826688,2.7689388,2.64325,2.4887025,2.5207314,2.384962,2.1154282,2.165708,2.4467854,2.3792078,3.8393335,2.46907,2.6015902,2.6015902,2.797922,2.5135574,2.4596632,2.5629036,3.749702,2.7757444,3.3879967,3.992786,2.5547857,2.6799996,2.860686,2.6737912,2.583374,2.4298975,3.134838,2.9027264,2.289853,2.0471325,1.7736444,1.9925935,3.1796389,3.3601375,3.2868173,2.6385403,2.6118307,2.7877696,2.918934,2.4096973,2.5365305,3.4160962,2.2976618,2.0864959,5.0188704,4.9814167,4.938797,5.6394916,4.9057856,5.0618563,4.9874673,5.0586886,4.8283844,4.883828,5.1909018,5.1493998,4.90913,4.8692102,5.572745,5.712353,4.69229,4.8406873,4.166586,4.5374627,5.068525,4.5594025,4.3603187,4.4416027,3.0213616,3.0099707,4.4829173,3.7309546,4.151053,4.1492476,4.502468,5.0951138,2.0496435,2.1691108,3.0894616,3.3407543,3.9663186,3.8874242,3.785183,3.786685,3.0361226,4.3622613,3.449559,3.4493523,2.8699908,3.5849743,3.3643618,3.4589403,2.8416817,3.1908855,2.5915766,2.6948497,3.7001352,2.9615474,2.2839549,3.2497346,3.2345538,3.0794697,3.306921,3.3146567,2.9961874,3.2631516,3.4348028,3.2580616
12,3.2792318,3.2412753,3.409945,3.0556386,4.1105494,4.716527,4.0739956,3.8798192,3.4548056,3.2510808,3.4201818,3.560296,0.0,0.12587838,2.090806,1.6676048,3.1075406,2.7179265,3.5270052,2.3132048,3.420614,2.489182,2.7063932,2.7651393,3.224531,3.2794876,2.9222114,2.9581587,4.4020348,2.9320395,2.887166,2.887166,3.2147667,3.351824,3.4170222,3.4095929,4.115047,4.180561,4.2683487,5.078446,2.723595,2.463215,2.6116197,2.747857,2.8279946,3.22048,3.0067673,4.141134,3.4008214,3.5174456,3.6468706,3.2731695,3.3942058,3.394875,4.470766,3.3661833,3.3707132,2.8928635,2.420565,2.576116,3.569728,4.139014,2.4448116,2.755248,4.899346,4.8436193,4.7615457,4.9363103,4.75906,4.8847547,4.876629,4.681507,4.3548403,4.374372,4.748241,4.697639,4.8258867,4.775763,5.3056383,5.571969,5.3705473,5.70762,4.7732053,4.5138445,4.5275173,4.7271886,4.3483467,4.452512,3.8497262,3.8570704,5.9070787,4.906314,4.1451745,4.1488514,4.846309,5.4091587,4.242599,4.367909,4.1430035,4.64424,5.5629854,5.557154,5.391011,5.34186,4.7619524,5.068134,4.324878,4.3403745,4.596807,4.8940735,4.966625,5.000093,4.04612,4.7361026,3.9908807,3.991865,4.3085303,3.9876852,3.8290007,4.343466,4.1191177,3.9170377,3.9529426,3.9662955,3.8666086,4.0107007,3.9079084,4.213947
13,3.1810155,3.1455088,3.3530197,2.968904,4.063619,4.672729,4.0438566,3.850781,3.379065,3.1696815,3.3860638,3.52755,0.12587838,0.0,2.049191,1.6191905,3.0437632,2.6330469,3.4954057,2.2564712,3.3350143,2.3977265,2.617129,2.6801567,3.1527479,3.2081435,2.846693,2.8809247,4.36364,2.8614392,2.8150852,2.8150852,3.1610887,3.303794,3.3517106,3.3535013,4.066585,4.1180463,4.2032948,5.0133333,2.6774988,2.4021072,2.5585027,2.692796,2.7505014,3.1485808,2.9412696,4.0856633,3.3428216,3.4433396,3.573736,3.1943212,3.3389413,3.3395445,4.407598,3.2851496,3.3045502,2.8400345,2.3455718,2.5184011,3.5208826,4.0925446,2.3810735,2.6915371,4.83028,4.773521,4.691288,4.8887525,4.685493,4.8167777,4.806225,4.6281075,4.2986755,4.3183255,4.701009,4.6511135,4.7634563,4.716206,5.248226,5.515669,5.2772403,5.621102,4.689555,4.4193597,4.44934,4.637163,4.258695,4.366547,3.8424056,3.849964,5.8475075,4.847619,4.0566626,4.060457,4.757401,5.3216195,4.23527,4.3639913,4.0789447,4.57803,5.4931426,5.488466,5.3254375,5.2742977,4.742195,5.011268,4.260634,4.277493,4.5308127,4.82618,4.893788,4.927719,3.9827857,4.6711564,3.9387233,3.9393816,4.228827,3.9267707,3.81036,4.289418,4.062087,3.8534958,3.8936806,3.906677,3.803129,3.9491124,3.867697,4.152405
14,2.562284,2.58461,3.1781585,2.9226348,3.3192563,3.899393,3.5308716,3.2946846,3.047531,2.8381164,3.0595996,3.1086614,2.090806,2.049191,0.0,1.5482664,2.6118944,2.4101748,3.1337128,2.1541417,2.8029995,2.1037135,2.4859512,2.5136087,2.2162662,2.2464514,1.901874,1.9520303,3.4709475,2.471243,2.3467863,2.3467863,2.6154773,2.2488897,2.8515286,2.2584357,3.7992184,3.2892137,3.730149,4.366935,2.045526,2.2342997,2.5414352,2.0752597,2.646329,2.4644866,2.6258337,3.573442,2.730402,2.911197,2.8971384,2.3673043,2.9657607,2.9677331,4.242348,2.8558805,2.7534075,2.369634,2.694007,1.8783175,2.452005,3.043757,1.8303752,2.1699302,4.4371467,4.374751,4.289982,4.5969367,4.2714214,4.448435,4.420353,4.154438,3.8005164,3.833763,4.1869016,4.131176,4.3764586,4.292678,4.817354,5.0994477,4.7861915,5.1477647,4.25877,3.9712214,4.0823503,4.2227197,3.8123791,3.8957245,3.9866142,3.9961338,5.3800774,4.5699325,3.4697993,3.4905233,4.1454835,4.6426163,4.2527623,4.2416077,3.7459981,4.2152586,5.093605,5.05218,4.9633875,4.9051266,4.8194,4.788241,4.0825434,4.076538,4.0605035,4.645139,4.7203665,4.8072543,3.4539227,4.296998,3.1233656,3.1247602,3.6511834,3.472715,3.8103888,3.9610415,3.6206627,3.3680196,3.4343429,3.436826,3.3122041,3.5002844,3.3742,3.612329
15,2.610023,2.6361659,3.1031048,3.0100598,3.733323,4.5458393,3.744379,3.543348,2.7955587,2.5544364,3.1243064,3.1565402,1.6676048,1.6191905,1.5482664,0.0,2.2388642,2.107844,2.6844985,1.7667078,2.6401107,1.9150311,2.204912,2.5003946,2.6140895,2.6490839,2.4715228,2.4948263,3.8094707,2.9136286,2.8152356,2.8152356,2.2901297,2.466937,2.5887632,2.349636,3.7686362,3.42709,3.39558,4.058683,2.154051,1.835486,2.1699483,2.2253835,2.3437715,2.517499,2.0846465,3.6060865,2.949678,3.16965,3.0696623,2.5303075,3.2973483,3.3004532,4.318662,3.098605,2.8865447,2.6094692,2.0532281,2.1844893,2.6308281,3.2423823,2.0786495,2.232662,4.374198,4.3239594,4.23993,4.554341,4.2263684,4.3982835,4.351475,4.028609,3.643613,3.7055566,4.091995,4.0392933,4.133727,4.0577474,4.7070932,4.840572,4.8232565,5.156558,4.1601486,3.8273916,4.029899,4.143729,3.6900203,3.783311,3.4829981,3.4957674,5.104416,4.279824,3.5609703,3.5609972,4.180597,4.816474,4.064857,4.1921005,3.6847844,4.205693,5.106352,5.1056786,4.9716916,4.9227104,4.594417,4.716134,3.9005356,3.9105883,4.1370068,4.433691,4.6178827,4.6590734,3.4455602,4.221882,3.4687428,3.468198,3.7085903,3.4830918,3.6638162,3.8965724,3.740409,3.499056,3.5848577,3.589957,3.454425,3.64478,3.3794136,3.7376049
16,2.3602886,2.1827445,2.7521276,2.8568857,3.7237895,4.5741005,3.2520096,3.0571876,1.9174162,1.722905,2.5695155,2.5601637,3.1075406,3.0437632,2.6118944,2.2388642,0.0,1.444761,2.4706247,1.9556538,2.0927422,1.4420046,1.5601921,2.0137534,1.9012886,1.9147645,2.0212054,1.9543678,2.6112387,2.5245867,2.4395058,2.4395058,2.0527978,2.1401699,1.6722953,1.9446901,3.5911493,2.8369687,3.074826,3.7136474,1.9180586,1.7428323,1.9075729,1.8130238,2.1434395,2.1230972,1.8949424,3.3555813,2.6523,2.3983753,2.2040217,1.9833686,3.734901,3.8141408,3.1997669,2.1698055,3.2200031,3.0830657,2.1933544,2.297708,2.312315,3.0596251,2.1025262,2.0818825,3.819982,3.7911582,3.717687,4.603635,3.6940968,3.9032772,3.8228545,4.0354795,3.7180214,3.7930555,4.2014885,4.1518683,3.893636,3.8510344,4.5708756,4.6615105,4.3880973,4.6867547,3.3978105,3.343645,4.0612807,3.504579,3.260314,3.3610535,3.5422904,3.54531,3.625627,2.6788313,3.0186574,3.0248454,3.525427,4.402968,3.576396,3.7334547,3.5208418,3.8583462,4.1841288,4.2156363,4.149774,4.1246853,4.3810906,4.553135,3.6858506,3.6985373,3.356279,3.8594966,3.7408516,3.7904365,2.5096977,2.893461,2.6731117,2.7905464,2.7956991,2.4702575,3.3027966,3.0394459,2.8686163,2.6538572,2.7839117,2.78053,2.488535,2.7606883,3.1410096,2.6991184
17,1.8056719,1.8408096,3.0037484,2.2008286,3.2786949,4.0187697,3.0550504,3.0938513,1.7833837,1.5594416,2.4958253,2.546373,2.7179265,2.6330469,2.4101748,2.107844,1.444761,0.0,2.2765162,1.6881452,1.7635792,0.8274954,0.566318,1.3948193,1.5908626,1.6167674,1.4610937,1.4227405,3.2522893,1.9970503,1.8946525,1.8946525,1.9627043,2.1083581,1.4848558,2.1250935,3.6663735,2.9997456,3.308638,3.906495,2.0708191,1.8659327,1.9844911,1.9375204,2.2046912,2.2712507,1.9531441,3.4595778,2.6644511,2.1987767,2.0968966,1.931114,3.0166416,3.0923193,2.8638208,1.4304061,2.6498013,2.360808,1.4790503,1.7462022,2.2137575,2.8548229,1.5696479,1.7278748,3.491697,3.4423218,3.3697667,4.3463163,3.3370733,3.4984019,3.4566576,3.902881,3.6146939,3.7006953,4.1743875,4.142833,3.8111136,3.7706752,4.500509,4.6417785,3.996888,4.3272576,3.2335384,3.1375983,3.6061604,2.9984865,2.8262224,2.954566,3.3618844,3.3690317,3.9964333,3.1099665,2.7466373,2.7056818,3.2895796,3.9015965,3.4468908,3.5829725,2.834648,3.1765616,3.7461715,3.7836666,3.659444,3.6022375,3.955504,4.045354,3.091552,3.1183374,2.9889693,3.3926797,3.183964,3.2149193,2.5542622,2.7653735,2.4931195,2.554444,2.6566157,2.4352233,2.9267175,2.900135,2.7569916,2.5428371,2.6521626,2.6554463,2.410504,2.6532393,3.3318594,2.7115233
18,3.1736565,3.1721902,4.3012223,4.0093174,3.59262,4.37786,3.261336,3.2534153,3.202491,3.132523,3.1159227,3.0826688,3.5270052,3.4954057,3.1337128,2.6844985,2.4706247,2.2765162,0.0,2.761484,2.6588817,2.4243855,2.5069454,3.1369295,2.7186236,2.718579,2.774597,2.7904375,3.9288282,3.1337502,3.0179932,3.0179932,2.4092796,2.469554,2.242814,2.5403461,4.471085,3.6365721,3.8694675,3.9677472,2.576097,2.4880724,2.6167257,2.622449,3.4153388,3.4156997,2.1489658,4.2561307,3.690624,3.6296418,3.2877522,3.1154172,4.0854897,4.1187086,3.6412992,2.8655906,3.4134762,2.8381054,2.3456087,2.4238653,2.4571013,3.079799,2.3061872,2.367704,4.786779,4.7470617,4.6864786,5.458403,4.6915355,4.8222075,4.7580705,4.7895384,4.397027,4.477708,4.9648776,4.921156,4.6318197,4.5038705,5.1602836,5.1847305,5.631797,5.872088,4.7953334,4.795035,5.199046,4.7279406,4.4725814,4.574149,3.7498353,3.7661045,4.5450897,4.178523,4.477525,4.4552245,4.90174,5.360481,3.7452102,3.8478322,3.7184768,4.132471,4.696145,4.7519727,4.6322436,4.6128297,4.366475,5.028108,4.2662654,4.2360353,4.1042523,4.473027,4.4723105,4.4846683,3.8400304,3.9521072,3.7278008,3.7837274,4.212744,3.7532797,3.6908069,4.1416426,4.056185,3.8761132,4.021838,4.0202723,3.8135872,4.063886,4.196737,3.9950516
19,2.3047233,2.4263089,2.5116727,2.1023748,3.566981,4.2505984,3.3694215,3.2881596,2.1704311,2.0116925,2.8038278,2.7689388,2.3132048,2.2564712,2.1541417,1.7667078,1.9556538,1.6881452,2.761484,0.0,2.7757664,1.4587429,1.6170362,2.0613544,2.0888362,2.0753334,2.0062087,2.0358505,3.4380276,2.6621187,2.4818182,2.4818182,1.3723364,1.6491305,1.5805316,1.6597022,2.9387593,2.8850265,2.935738,4.0087166,1.9879694,1.7883648,1.8726474,1.9779598,2.1856756,2.3081408,2.0570936,3.6650858,2.4680405,2.572349,2.4238822,2.0446873,2.6593366,2.7521381,3.2117665,2.5113192,2.8123102,2.2338014,1.5463295,1.7059748,1.7874248,2.563909,1.6937116,1.921244,3.8064628,3.7388718,3.6655695,4.5515895,3.6528904,3.8366156,3.7644236,3.600324,3.408136,3.4767907,3.7536585,3.7196517,3.6499658,3.5897202,4.3410907,4.604629,4.467072,4.7711277,3.753296,3.661363,4.3573055,3.8852766,3.4886415,3.592969,3.8767111,3.8831668,4.9568477,3.7353625,3.4312592,3.4064848,3.9968681,4.561129,3.880873,4.0133553,3.5286756,4.0433683,4.223321,4.23731,4.120086,4.0687013,4.207197,4.299295,3.454036,3.4649913,3.4479866,3.7220497,3.861356,3.8909993,3.1075027,3.449207,3.147883,3.2114716,3.2986624,3.0743206,3.5813437,3.5872064,3.3407886,3.1573443,3.2155547,3.2200222,3.0218205,3.2215133,3.1719232,3.3767323
20,2.019987,1.8809191,3.767776,3.174853,3.2989957,4.2784395,3.2905102,3.1509926,1.7536789,1.6400571,2.5841794,2.64325,3.420614,3.3350143,2.8029995,2.6401107,2.0927422,1.7635792,2.6588817,2.7757664,0.0,1.5768142,1.6616455,1.6774584,1.9392405,1.9775013,1.9006535,1.8718042,3.6660402,2.242585,2.172389,2.172389,2.3782482,2.5036762,2.2129035,2.4628165,3.7464285,2.9172108,3.1519363,3.1160984,2.3417535,2.1124277,2.2424607,2.2575302,1.8839844,2.132118,1.9705498,2.8575723,2.3620992,2.0587082,1.9500834,1.784165,3.548723,3.625652,3.417808,2.27005,2.2200933,2.607939,2.0485904,2.2155085,2.5774543,3.382723,2.1131697,2.0930195,4.2277765,4.1761713,4.1206264,4.9779143,4.055761,4.2367744,4.1923847,4.385035,3.903899,3.959986,4.508761,4.4721885,3.9729388,3.9506795,4.6085973,4.910566,3.872735,4.1834273,3.2221844,3.2092009,3.9472144,3.3842847,3.1369421,3.2380676,3.8658862,3.863559,3.7454045,3.5637047,2.975895,2.9741447,3.2906935,3.9680743,3.7410152,3.8868694,2.712689,2.941422,3.7882302,3.8133836,3.7490869,3.6986768,4.175906,4.1715746,3.2678533,3.2743387,3.0379105,3.4228327,3.4041858,3.454516,2.7031455,3.0929472,2.933396,2.9707968,2.995979,2.9141798,3.4048948,3.2590847,3.0354297,2.7520697,3.0273097,3.025943,2.723126,3.005729,3.2982566,2.8356857
21,1.5920016,1.5235032,2.8318138,2.0833707,3.0816634,3.9776177,3.0911286,2.9663486,1.6474227,1.4542965,2.4330142,2.4887025,2.489182,2.3977265,2.1037135,1.9150311,1.4420046,0.8274954,2.4243855,1.4587429,1.5768142,0.0,0.70978165,1.1896449,1.4155893,1.4368016,1.2743242,1.2517124,3.285353,1.7888612,1.6417884,1.6417884,1.7171712,1.8681103,1.4368212,1.8455129,3.1902308,2.676442,2.934532,3.6022475,1.7177662,1.462873,1.5668641,1.5565867,1.6763657,1.8878553,1.6073767,3.301338,2.239261,1.9397761,1.8418974,1.5712544,2.9155862,3.002577,2.9288144,1.6049521,2.3438087,2.0699167,1.2643198,1.476798,2.0216153,2.8986542,1.2930485,1.4890356,3.5655518,3.4963496,3.426827,4.3630753,3.3802989,3.5902889,3.5288918,3.7549386,3.5259042,3.5774174,3.9618301,3.9226925,3.721022,3.6751912,4.334994,4.6178875,4.084622,4.4315085,3.3098238,3.2341728,3.871188,3.3507829,3.0618017,3.1984274,3.7214043,3.7257738,4.3177023,3.4295454,2.87076,2.8332818,3.271681,3.9357793,3.6597266,3.7992659,2.894278,3.313968,3.8184614,3.8485017,3.7485967,3.6850662,4.008304,3.9624581,3.1142213,3.1252759,3.0026467,3.341057,3.2742593,3.3195229,2.6757386,3.0000532,2.7122345,2.8119986,2.7531025,2.6041791,3.2475653,3.1862366,2.8931487,2.621646,2.7831364,2.7836938,2.4985847,2.7656727,3.1383958,2.740267
22,1.6799408,1.687358,2.9017,2.023738,3.2214792,4.050609,3.1057847,3.1584911,1.5845337,1.322385,2.462215,2.5207314,2.7063932,2.617129,2.4859512,2.204912,1.5601921,0.566318,2.5069454,1.6170362,1.6616455,0.70978165,0.0,1.1887103,1.6012003,1.6326151,1.345107,1.3340557,3.3573108,1.930068,1.7781894,1.7781894,1.8170683,2.009758,1.4825524,2.044063,3.511222,2.938338,3.2042735,3.846506,1.9351672,1.689074,1.7642246,1.744667,1.8463564,1.9572659,1.7908338,3.2600641,2.399503,1.9561875,1.9233717,1.6970749,2.8488238,2.930217,2.5937116,1.4299403,2.3632655,2.1447718,1.2207643,1.5610665,2.1548998,2.9355345,1.4449933,1.6190348,3.5493085,3.4866261,3.42309,4.560075,3.3832598,3.5182385,3.5052233,3.8794498,3.6348052,3.7074428,4.1437144,4.1166477,3.7127392,3.6800106,4.385922,4.595959,3.9390974,4.2814064,3.2021651,3.0779543,3.8255656,3.0637496,2.8569152,2.9765036,3.6444016,3.6466627,4.048115,3.1264322,2.7768807,2.732818,3.26426,3.8749309,3.5457783,3.689103,2.8115628,3.161287,3.5268843,3.5553517,3.4280465,3.3747373,3.9661949,3.957635,3.0427597,3.0695026,2.8530402,3.2055721,3.0832057,3.1069865,2.6198652,2.6756916,2.635672,2.7002735,2.7444713,2.5754576,3.117467,3.0415816,2.861921,2.6511657,2.7974136,2.8024333,2.5167816,2.7682235,3.3255963,2.807065
23,2.1606696,2.0645547,3.2539716,2.2925658,3.07868,3.923857,3.556858,3.4558344,1.5589696,1.3365599,2.259242,2.384962,2.7651393,2.6801567,2.5136087,2.5003946,2.0137534,1.3948193,3.1369295,2.0613544,1.6774584,1.1896449,1.1887103,0.0,1.8637522,1.9029129,1.6479471,1.6419809,3.5865793,1.9035438,1.8795719,1.8795719,2.276726,2.402342,2.0748932,2.4299226,3.2620442,2.9322278,3.2442427,3.8632376,2.17235,1.9396399,2.0822887,2.0191596,1.580782,2.005966,2.3038774,3.032018,2.1623483,1.7769169,1.8496245,1.6417446,2.9375393,3.034569,2.9905436,1.9513787,2.2118192,2.3287427,1.8142143,1.9297119,2.5334575,3.3106124,1.7836227,1.9928052,3.6931398,3.641649,3.5806525,4.5321803,3.5234187,3.680336,3.659822,3.9534647,3.6418402,3.682021,4.1161532,4.0965347,3.7254422,3.7201052,4.2224355,4.5978684,3.6407027,4.0112777,2.9760864,2.912978,3.5975168,2.9922895,2.7516458,2.8521552,3.4709563,3.4630578,4.103995,3.2634354,2.6427376,2.6106317,3.0440223,3.6218393,3.2336736,3.3636277,2.473023,2.8053594,3.3999472,3.414718,3.317835,3.2470407,3.6548743,3.58394,2.7339697,2.7803261,2.5422657,2.9910796,2.8756998,2.934409,2.3133168,2.62562,2.3102796,2.4110572,2.6164758,2.3737638,2.8023481,2.834803,2.4742832,2.2391322,2.4286902,2.4319358,2.1033273,2.3593814,2.7959416,2.4366372
24,2.040598,2.0329657,3.2574174,2.6301048,2.815098,3.9786575,2.5430038,2.5453212,1.6720096,1.8879402,2.118331,2.1154282,3.224531,3.1527479,2.2162662,2.6140895,1.9012886,1.5908626,2.7186236,2.0888362,1.9392405,1.4155893,1.6012003,1.8637522,0.0,0.13337234,1.0162401,0.8958278,3.080334,1.3779738,1.2780019,1.2780019,2.1431022,1.7839795,1.6020156,1.8291348,3.4687903,2.4964046,3.1683424,3.7367053,1.8329824,2.1647544,2.10402,1.8772017,2.3001535,1.9656941,2.2939298,2.9773872,1.8804892,1.4063658,1.1686331,1.6035756,2.8413293,3.0651278,2.9353218,1.5609881,2.5790415,2.2321365,2.2803133,1.6153817,1.8913604,2.7298326,1.541813,1.3535056,3.881728,3.8133395,3.7547178,4.474803,3.7112393,3.9201128,3.852784,4.10061,3.6457531,3.6986542,4.1844563,4.133428,3.9049172,3.8358035,4.571122,4.829547,4.0124717,4.201788,3.2188125,3.755063,4.070999,3.5375142,3.3304539,3.4384968,3.808961,3.8132668,4.30433,3.4774826,2.8659163,2.898532,3.5090606,4.0897784,3.4992037,3.5410964,2.8604922,3.1271725,3.715428,3.6982756,3.6436915,3.5896008,3.8673334,3.9466014,3.0421615,3.012967,2.6628115,3.3998594,3.1701076,3.2674825,2.5097296,2.9695218,2.3228443,2.3669124,2.6835032,2.5461872,3.112122,2.9678078,2.713101,2.4559832,2.6193197,2.619354,2.3686445,2.6078992,3.1655798,2.63227
25,2.021512,2.0336423,3.2311618,2.6123302,2.816147,3.9424105,2.5498524,2.5483432,1.6912858,1.9137665,2.1826088,2.165708,3.2794876,3.2081435,2.2464514,2.6490839,1.9147645,1.6167674,2.718579,2.0753334,1.9775013,1.4368016,1.6326151,1.9029129,0.13337234,0.0,1.0454618,0.9322401,3.0457413,1.4643854,1.3525462,1.3525462,2.0976214,1.737968,1.5499221,1.7912481,3.410777,2.449801,3.1246395,3.6961184,1.8857566,2.2158797,2.1409688,1.9257666,2.3539639,2.0245705,2.3104625,3.0546584,1.9076647,1.4569572,1.1939064,1.6309503,2.843639,3.0699205,2.9448395,1.5962577,2.6262722,2.2646658,2.2958436,1.6425194,1.8345433,2.6608486,1.5873456,1.4162996,3.8388655,3.768743,3.7098966,4.4470615,3.6684618,3.8879468,3.8106399,4.0578337,3.616939,3.672272,4.140189,4.089703,3.8765013,3.807958,4.538012,4.8098354,4.012947,4.19774,3.2203367,3.7668698,4.09649,3.548427,3.3401015,3.4471307,3.8664489,3.870963,4.311218,3.4847476,2.8850527,2.914309,3.502049,4.0630774,3.5491633,3.5884,2.9011898,3.1706123,3.7121987,3.6995616,3.6477542,3.592,3.893687,3.9415138,3.0573432,3.0257795,2.6789317,3.398583,3.1796486,3.2751014,2.515542,2.9634047,2.3462918,2.3985598,2.6561146,2.5319657,3.1626108,2.9714673,2.7016783,2.448694,2.6087825,2.6078727,2.3585944,2.5971694,3.150119,2.6054192
26,1.7330147,1.7457474,3.0435,2.2508428,2.8613613,3.5924578,2.7585628,2.7837582,2.0362725,1.8770881,2.4061592,2.4467854,2.9222114,2.846693,1.901874,2.4715228,2.0212054,1.4610937,2.774597,2.0062087,1.9006535,1.2743242,1.345107,1.6479471,1.0162401,1.0454618,0.0,0.19489114,3.0427928,1.5302079,1.2894366,1.2894366,2.082703,1.6493483,1.8800315,1.8218307,3.552062,2.710452,3.4005144,3.9625762,1.7813303,2.0513556,2.1354454,1.5890667,2.2261732,1.866815,2.2296858,3.144559,2.1582334,1.7426639,1.7578124,1.524736,2.5846243,2.6728265,2.733825,1.3121517,2.2057636,1.8825816,2.073843,1.1525552,1.8444475,2.6994846,1.1742276,1.4990525,3.897054,3.8209462,3.7567837,4.75832,3.7217443,3.8769398,3.8639817,4.123154,3.8442047,3.8986645,4.3132906,4.275466,4.0555787,3.998771,4.627755,4.942874,4.1396794,4.474232,3.5339365,3.4752283,4.083162,3.466642,3.2562256,3.3548672,4.091041,4.093499,4.4524856,3.6537802,2.9339042,2.9336772,3.517277,4.004516,3.8080485,3.8126936,3.0633907,3.3702855,3.7842124,3.754656,3.6741047,3.6216054,4.297406,4.2354364,3.4380136,3.4324684,2.9969218,3.6734715,3.522831,3.5987225,2.7875125,3.052479,2.492729,2.5343828,2.9010718,2.7615736,3.3958063,3.2669668,2.9409614,2.7119358,2.8587904,2.8621364,2.6025608,2.854685,3.389018,2.8841512
27,1.7609978,1.7575902,3.0639794,2.286112,2.892744,3.6681376,2.7231011,2.7405326,1.9619402,1.8275213,2.3389885,2.3792078,2.9581587,2.8809247,1.9520303,2.4948263,1.9543678,1.4227405,2.7904375,2.0358505,1.8718042,1.2517124,1.3340557,1.6419809,0.8958278,0.9322401,0.19489114,0.0,3.0164845,1.4671654,1.2612237,1.2612237,2.1429338,1.7237438,1.8527577,1.8634956,3.5389383,2.6434097,3.3537009,3.9246936,1.8298607,2.0906146,2.1683686,1.6511884,2.2328906,1.8684496,2.2753067,3.1121402,2.15279,1.6645765,1.6641089,1.5049248,2.6348732,2.736525,2.745117,1.2211212,2.269724,1.9885461,2.1224616,1.2699802,1.9049737,2.7506282,1.250866,1.5001063,3.89709,3.8231852,3.75891,4.7221494,3.7210166,3.8955586,3.8667846,4.1667957,3.872216,3.9280179,4.355576,4.315815,4.0911226,4.0386662,4.6823053,4.980312,4.095333,4.419783,3.4756603,3.4667401,4.029606,3.429986,3.2378192,3.3435366,4.031286,4.0341268,4.4091516,3.602203,2.8902888,2.8978708,3.488401,4.0067534,3.7575786,3.7691486,3.0471535,3.3340516,3.7878964,3.759456,3.6822896,3.6293163,4.259365,4.2239037,3.4023664,3.3974214,2.9590297,3.6556616,3.4590948,3.538908,2.7095387,3.017629,2.4396913,2.4808064,2.8156164,2.6723652,3.330466,3.1771495,2.8663018,2.6276495,2.7805483,2.783792,2.522276,2.7754087,3.3759542,2.8065891
28,3.5231905,3.5801141,2.7543967,3.816065,4.8754096,4.181942,3.9091818,3.6675935,3.558674,3.4393568,3.8829691,3.8393335,4.4020348,4.36364,3.4709475,3.8094707,2.6112387,3.2522893,3.9288282,3.4380276,3.6660402,3.285353,3.3573108,3.5865793,3.080334,3.0457413,3.0427928,3.0164845,0.0,3.6587522,3.5447445,3.5447445,3.3598921,3.0830572,3.2493024,3.0679088,4.526649,3.9010956,4.4196625,4.9137087,3.403392,3.569437,3.7015707,3.3974001,3.9252536,3.69334,3.8147018,4.5050297,3.564942,3.3930109,3.3964396,3.2743487,4.093812,4.150101,4.105012,3.3867805,4.7670655,4.5927424,3.9077349,3.4773417,3.2733583,2.8791358,3.4137385,3.5229223,4.779727,4.749841,4.6606865,5.421283,4.680823,4.8519363,4.798413,4.929968,4.588454,4.660373,4.9666224,4.9082346,4.8464923,4.898489,5.3999233,5.633148,4.652823,4.929371,4.4251285,4.4105797,5.109345,4.6040974,4.4365563,4.477874,5.0182223,5.0211678,3.906002,3.2218013,3.979401,4.048409,4.585228,4.9922237,4.8372636,4.91217,5.3295665,5.5599065,5.5884514,5.590284,5.6067195,5.5924206,6.076216,6.1248274,5.457058,5.4496694,4.848766,5.5839534,5.421848,5.4972134,3.572198,3.9937577,3.6303606,3.7379732,3.7583215,3.496791,4.6705074,3.9962478,3.650856,3.561451,3.5680442,3.5581758,3.3817856,3.5580268,3.962445,3.4730203
29,2.4731042,2.354946,3.5820384,2.8125753,2.8562334,4.0334134,2.8197014,2.8259013,2.2935135,2.48588,2.2702603,2.46907,2.9320395,2.8614392,2.471243,2.9136286,2.5245867,1.9970503,3.1337502,2.6621187,2.242585,1.7888612,1.930068,1.9035438,1.3779738,1.4643854,1.5302079,1.4671654,3.6587522,0.0,0.44988292,0.44988292,3.014934,2.7413669,2.5756164,2.8058703,4.027738,3.2713964,3.8974087,4.4009852,2.014494,2.308381,2.2121875,2.0740807,2.4232302,2.3420234,2.626108,3.143403,2.179772,1.7011821,1.8475175,2.2623503,3.0161426,3.239205,2.960473,1.762604,2.7892165,2.3169153,2.4520626,1.8155538,2.9186287,3.5703053,1.6125981,1.4390341,4.1519647,4.0904593,4.035617,4.6152134,3.9899414,4.1617575,4.121751,4.4034095,3.9126942,3.9133549,4.462551,4.411016,4.157714,4.1103477,4.7007523,4.962371,4.246273,4.445894,3.5113158,4.113,4.236299,3.7960086,3.6044118,3.7288022,3.8847537,3.8860524,4.5592155,3.7544515,3.041762,3.0633993,3.7354674,4.26436,3.485319,3.5228012,2.8128817,3.0831034,3.8803723,3.8590915,3.8013055,3.749751,3.835683,3.9892104,3.1802914,3.1478322,2.8011537,3.56162,3.2814891,3.3798914,2.8382676,3.2224061,2.562482,2.6005054,3.0635104,2.8743641,3.1152055,3.2104704,2.9468708,2.7040434,2.848218,2.8527768,2.623208,2.8231723,3.4106328,2.8925323
30,2.1777787,2.0663414,3.3547235,2.5665855,2.85675,3.9765308,2.6770911,2.697289,2.2742329,2.4273555,2.4357765,2.6015902,2.887166,2.8150852,2.3467863,2.8152356,2.4395058,1.8946525,3.0179932,2.4818182,2.172389,1.6417884,1.7781894,1.8795719,1.2780019,1.3525462,1.2894366,1.2612237,3.5447445,0.44988292,0.0,4.2146848e-08,2.777036,2.494428,2.4229221,2.5924785,3.958108,3.2607515,3.8578744,4.3617067,1.793365,2.1326966,1.984563,1.8283694,2.3296268,2.2192805,2.3927324,3.1697655,2.0890613,1.693193,1.8539677,2.1692872,2.9533007,3.161301,2.8176806,1.7067455,2.6895144,2.0992243,2.2587693,1.5546839,2.691026,3.39242,1.4030885,1.3257271,4.0281816,3.9606004,3.904699,4.609455,3.8611777,4.0090156,3.992404,4.224337,3.7499404,3.7528248,4.2957993,4.244523,3.9768333,3.9172668,4.569504,4.8693,4.271529,4.4904337,3.4842863,4.011322,4.2775764,3.7540367,3.5315115,3.649711,4.101247,4.102738,4.570573,3.7525513,2.9855497,2.995546,3.6906652,4.2461076,3.7161334,3.747895,2.8771594,3.1847243,3.8208401,3.8042524,3.746759,3.6960137,4.0138135,4.061644,3.2384622,3.2036817,2.849317,3.5587409,3.3662622,3.4544907,2.9181633,3.2132194,2.6493475,2.6850226,3.0917041,2.979906,3.3438718,3.3412535,3.0421436,2.807807,2.9331915,2.9375563,2.7086332,2.9172945,3.4332523,2.971863
