,0,1,2,3,4,5,6,7,8,9,10,11,12,13,14,15,16,17,18,19,20,21,22,23,24,25,26,27,28,29,30,31,32,33,34,35,36,37,38,39,40,41,42,43,44,45,46,47,48,49,50,51,52,53,54,55,56,57,58,59,60,61,62,63,64,65,66,67,68,69,70,71,72,73,74,75,76,77,78,79,80,81,82,83,84,85,86,87,88,89,90,91,92,93,94,95,96,97,98,99,100,101,102,103,104,105,106,107,108,109,110,111,112,113,114,115,116,117,118,119,120,121,122,123,124,125,126,127
0,0.0,0.23437962,0.5928115,1.3419987,0.48346272,1.0722457,1.4668897,1.0104847,2.874939,2.3418596,2.3578684,2.4219627,2.1112332,0.97931504,0.99905384,0.97676736,1.3763275,1.4542353,1.3763275,1.3763275,1.2546575,1.3404075,3.2726693,2.8689482,2.7537189,2.3090496,2.273242,2.2277908,3.2579553,3.4886453,3.5626519,3.3698907,2.5682569,2.5317676,2.5823169,2.1326962,3.104493,2.914408,2.9689765,2.9794543,2.9371865,2.9194632,2.6097193,2.6072996,2.2562976,2.018771,2.2469144,2.4532018,4.107637,4.110069,3.6253438,3.8387494,4.6593895,4.669958,4.2620683,4.548734,3.1011355,3.2015944,2.8041053,2.705104,1.8226538,3.0162818,2.9983137,2.4813156,3.2178261,3.2984874,3.9976153,3.877267,3.2815413,3.3973782,3.345689,3.193044,3.6465359,3.9334962,3.423584,3.2807715,3.9366941,3.882353,4.171512,3.815793,5.138654,5.1134253,4.432264,4.316372,3.1892576,3.3008752,3.867485,3.0372658,2.6044416,2.580636,2.7275496,2.7482674,2.8116913,2.635156,4.3348927,3.320902,3.5322566,3.3366191,2.9342322,3.3584359,4.537758,3.4298148,3.1873786,3.8712199,3.1362202,3.0623276,3.1223593,2.8302486,2.4357965,2.4411407,3.2576234,3.0763214,4.018502,3.8995523,3.9862638,2.9313352,3.4797897,3.1099923,4.1111593,3.713668,3.0038655,3.0635364,2.9224448,3.1755161,2.9020166,2.9122553,3.0225823,3.5674877
1,0.23437962,0.0,0.54420596,1.3709158,0.4969394,1.1050766,1.5168507,1.0067538,2.9514863,2.4193532,2.4658654,2.5123732,2.121187,0.99306965,0.9300913,0.9174183,1.3162249,1.3750548,1.3162249,1.3162249,1.1735231,1.2453979,3.1365688,2.864728,2.6679826,2.2823908,2.2197163,2.144121,3.1454754,3.3963504,3.4373639,3.231373,2.621992,2.582079,2.6386333,2.1551807,3.0980446,2.960625,2.9965122,2.9909909,3.0037467,2.98565,2.6751142,2.6656086,2.292911,2.0180948,2.2511911,2.479856,4.11159,4.117893,3.6649735,3.855847,4.6328444,4.6429186,4.270344,4.5510354,3.1018872,3.1934414,2.7975926,2.7200935,1.9198607,3.01221,2.999857,2.4939427,3.072341,3.146783,3.8886354,3.7978406,3.1376107,3.2478206,3.1997058,3.0472765,3.5443025,3.8390257,3.2841482,3.1642387,3.845412,3.793118,4.0701246,3.7073088,5.127285,5.098134,4.4210715,4.306982,3.0926824,3.2008555,3.7887166,2.9302175,2.520699,2.4958608,2.6606693,2.679173,2.7323368,2.5496442,4.2181726,3.2241724,3.4681675,3.2356527,2.8206131,3.2512288,4.4647403,3.3154404,3.080823,3.8040378,3.066924,2.978961,3.0424209,2.7337384,2.3112423,2.3160086,3.1840107,2.9881918,3.9484687,3.8258908,3.9005864,2.8044126,3.3900316,2.9929194,4.042538,3.634663,2.8917189,2.949655,2.7980866,3.090376,2.8929548,2.9038317,2.9140685,3.4910247
2,0.5928115,0.54420596,0.0,1.2733397,0.8363067,1.3363001,1.5792532,1.044107,3.1079597,2.6023064,2.7105162,2.7429166,2.1880398,1.2860371,1.0779045,1.2033027,1.2570585,1.338953,1.2570585,1.2570585,0.95591813,1.0200016,3.007102,2.7452347,2.6296215,2.2627473,2.1826086,2.0993574,3.240191,3.4522686,3.4319103,3.244212,2.5992005,2.5060287,2.5998387,2.0895953,2.9817634,2.8908513,2.9037938,2.9032893,2.9001715,2.8799243,2.661491,2.6430774,2.093891,1.8484275,2.1248894,2.3387744,3.982782,3.9893827,3.5664573,3.801142,4.4388514,4.448011,4.209479,4.459903,2.9069297,2.9817283,2.595526,2.56379,1.9790087,3.1229548,2.9564636,2.448191,3.0530202,3.1822398,3.983736,3.8856049,3.1363623,3.238855,3.2047257,3.0258305,3.5363014,3.8577313,3.2467744,3.1234174,3.8391192,3.7907717,4.040747,3.6911771,5.034627,5.0225997,4.338929,4.2261353,3.0943477,3.189525,3.7965941,2.9371126,2.5361094,2.4768226,2.6797605,2.7195919,2.7140422,2.575115,4.1953917,3.2730737,3.3210316,3.1046329,2.7073438,3.1678903,4.346515,3.2051985,2.908012,3.622681,3.0058537,2.9232998,3.036205,2.7336988,2.205053,2.2559032,3.0871103,2.8892314,3.7754176,3.6518605,3.764439,2.7092505,3.2733743,2.883121,3.9073255,3.5078146,2.695085,2.7554395,2.5864034,2.8264093,2.6776354,2.6920824,2.7109487,3.2995846
3,1.3419987,1.3709158,1.2733397,0.0,1.5403441,1.7860157,1.7722275,1.5079788,2.6560297,2.5873086,2.7013295,2.7178228,2.4682558,1.7010133,1.7396061,1.7376311,1.7172498,1.8015106,1.7172498,1.7172498,1.752036,1.7983189,3.3345892,1.930899,3.3250825,3.075505,2.8978207,2.821596,3.679137,3.9729538,4.047906,3.8454833,2.7795691,2.6756997,2.74478,2.25893,3.161432,3.0296042,3.0948672,3.1064634,2.9435587,2.9247775,2.7927585,2.7921824,2.461586,2.0566235,2.2826662,2.5535393,4.4230676,4.4451184,4.062858,4.272734,4.0406237,4.0541534,4.678671,4.9237714,3.3359578,3.1364965,2.9796546,2.9081485,2.2252214,3.064731,2.4541867,1.8444343,3.0844567,3.2246702,3.9730427,3.8343585,3.2066433,3.3172846,3.2713575,3.0860047,3.5562506,3.7442865,3.3234136,3.1729126,3.8732226,3.826018,4.404176,4.068336,4.5080047,4.4918075,3.5902567,3.4611483,3.360887,3.4493916,3.7330437,3.2266204,2.7884321,2.720706,2.9121387,2.8990664,2.513943,3.234924,4.1632085,3.5526543,2.9654202,2.6654675,2.6290643,3.0062609,3.8399742,3.9304774,2.9074597,3.3300207,2.586241,2.5278506,2.6690483,2.6146972,2.908098,2.935876,2.5716243,2.5072236,3.4653544,3.4567664,4.0389724,3.0311055,2.9504387,3.3913949,3.6530955,3.3456657,2.7726955,2.8404524,2.9361973,3.1603768,2.622302,2.615463,3.0917869,2.9458742
4,0.48346272,0.4969394,0.8363067,1.5403441,0.0,0.9157415,1.43697,1.008608,3.1691418,2.6897671,2.658184,2.73897,1.9054018,0.88993514,0.9737209,0.86943054,1.4464816,1.5253639,1.4464816,1.4464816,1.3411413,1.4377339,3.3329272,2.9881878,2.7533815,2.2670076,2.2537494,2.2291825,3.4090638,3.627458,3.523799,3.3452451,2.5784225,2.5933733,2.592157,2.1223092,3.1091053,2.9990056,3.0412257,3.0607955,2.9766142,2.9607348,2.6470053,2.6391928,2.3213613,1.9808507,2.1698363,2.4772909,4.1709003,4.158892,3.7327418,3.9503725,4.717043,4.7232013,4.3099537,4.5941315,3.1937118,3.3280168,2.9107788,2.8639402,1.9603786,3.0914764,3.0726552,2.475104,3.2782216,3.3244183,4.194987,4.0807395,3.343136,3.435099,3.3705137,3.2264419,3.7148814,3.999893,3.4618082,3.339223,3.9109519,3.8662903,4.104096,3.7881794,5.14886,5.120537,4.5203967,4.40401,3.3340547,3.427212,3.9631698,3.0837324,2.7290585,2.7158165,2.8705409,2.8220384,2.886351,2.6810408,4.4308414,3.403331,3.6472402,3.4082842,3.0074196,3.4172435,4.653426,3.4645605,3.3405871,3.9979703,3.2852373,3.2049649,3.270152,2.9853947,2.5320306,2.5270555,3.3956149,3.2122552,4.1061125,3.9948769,4.0046334,2.9656699,3.5424778,3.1315243,4.110283,3.7199557,3.0854518,3.1245308,2.9804106,3.2253265,3.009557,3.0261264,3.0696225,3.67594
5,1.0722457,1.1050766,1.3363001,1.7860157,0.9157415,0.0,1.1248721,0.5978419,2.8663752,2.6448035,2.8043666,2.693351,1.502235,0.39954847,0.72319233,0.5445016,1.2429545,1.9936509,1.2429545,1.2429545,1.7616733,1.8503088,3.3463306,2.897245,2.7373903,2.1594028,3.053087,3.024552,3.4685874,3.6850164,3.5509403,3.377334,2.0702987,2.1116714,2.0898497,1.7638046,2.708144,2.6568248,2.6754673,2.7197804,2.5218282,2.5101085,2.161522,2.1505258,2.4823813,2.1571734,2.0975678,2.3743515,4.13193,4.169302,3.8157222,4.034624,4.807169,4.8297048,4.4964185,4.791291,3.3410275,3.5493493,2.979554,2.9511974,2.1576614,3.2229886,3.2660491,2.5935469,3.319967,3.39035,4.317959,4.197835,3.4218614,3.5136075,3.4442565,3.2368104,3.5623837,3.8450732,3.4995,3.3559601,3.768554,3.7232137,3.9563448,3.665611,5.1069603,5.060973,4.5378423,4.4316397,3.419878,3.7691686,4.246202,3.461354,2.7121253,2.6847172,2.8822546,2.7767992,2.954371,2.6750054,4.7001157,3.416299,3.9741886,3.7287672,3.3093526,3.4805043,4.866515,3.7708251,3.593839,4.225523,3.2820609,3.486274,3.3130841,3.0391412,2.8751023,2.8746998,3.670732,3.5058308,4.579814,4.483515,4.406574,3.5484104,4.02713,3.73534,4.570015,4.2207623,3.6197462,3.6633172,3.529781,3.7256885,2.9896522,3.0095305,3.635544,4.150604
6,1.4668897,1.5168507,1.5792532,1.7722275,1.43697,1.1248721,0.0,1.1452687,2.9849038,2.7634845,3.0210958,2.8984637,1.8785672,1.1788756,1.429787,1.2136853,1.4267166,2.0940382,1.4267166,1.4267166,1.9376743,1.9972216,3.2548993,2.8649726,3.1877246,2.842168,3.0529532,3.1058688,3.5222106,3.9802408,3.8367944,3.5752075,2.3975806,2.2722924,2.4047363,1.9167589,2.9305682,2.9083261,2.875107,2.9285197,2.614466,2.6183767,2.398377,2.3847024,2.7052214,2.3890655,2.3756008,2.7564406,4.1288905,4.148793,3.8596528,4.0957084,4.8057785,4.826414,4.8200855,5.0450373,3.6248896,3.778976,3.0696127,3.0273416,2.3876486,2.7638993,3.3816166,2.8177125,3.4096966,3.5072277,4.5603275,4.2811894,3.484317,3.565475,3.5194342,3.2774942,3.4211867,3.3578503,3.5954428,3.2192585,3.795304,3.7721848,3.8380585,3.7488108,4.9929223,4.9516706,4.481214,4.464901,3.4603384,3.7073152,4.212705,3.4836373,2.8392293,2.7867172,3.106303,2.9568117,2.9211786,2.717807,4.659107,3.538215,3.9239404,3.565393,3.201736,3.253985,4.7303286,3.706456,3.456674,4.1082506,3.3355315,3.5370195,3.403067,3.1233115,2.9562545,3.0000627,3.6847997,3.533959,4.493446,4.384147,4.3616896,3.5177448,3.9869149,3.7212477,4.504316,4.158453,3.5891426,3.626264,3.4921257,3.6470792,2.9999278,3.005512,3.5779374,4.080757
7,1.0104847,1.0067538,1.044107,1.5079788,1.008608,0.5978419,1.1452687,0.0,2.7856252,2.582507,2.8418336,2.7004182,1.6913574,0.6183933,0.6281703,0.64298266,0.91704565,1.7996954,0.91704565,0.91704565,1.4621905,1.5264071,2.930376,2.5804203,2.5048919,2.0652623,3.003056,2.9271307,3.220056,3.4314103,3.301963,3.125193,2.0732155,2.0166903,2.0577786,1.6496779,2.5991852,2.5353343,2.5639675,2.6018002,2.3638623,2.3475206,2.1256459,2.1043277,2.316706,2.0546753,2.058065,2.2979915,4.0019283,4.056405,3.7316456,3.9703066,4.5541415,4.579953,4.498036,4.731315,3.126156,3.2860858,2.7461638,2.7213428,2.097362,3.1879563,3.0607903,2.4681897,3.0086114,3.1243541,4.086401,4.0009065,3.1292853,3.2329524,3.1818528,2.9420698,3.3095026,3.6396332,3.1921294,3.0761092,3.5561063,3.506714,3.786301,3.4538703,4.8274198,4.792464,4.2169933,4.1137643,3.068047,3.432821,3.9292448,3.2038717,2.3978076,2.3453832,2.5753067,2.55494,2.5961823,2.4282348,4.3468657,3.1680672,3.5690079,3.3472235,2.9285464,3.1096091,4.498506,3.5017729,3.194433,3.8236704,2.8979192,3.137258,2.97835,2.6984026,2.5210133,2.5470839,3.2955587,3.1225061,4.225446,4.133093,4.1400013,3.229853,3.6721709,3.430973,4.2701583,3.8916638,3.2294033,3.2771924,3.1514409,3.3385575,2.617029,2.6382573,3.2870748,3.7765324
8,2.874939,2.9514863,3.1079597,2.6560297,3.1691418,2.8663752,2.9849038,2.7856252,0.0,1.3648976,1.915387,1.3816553,3.7314367,2.7175941,2.9801104,2.8839421,3.16679,3.658445,3.16679,3.16679,3.6479971,3.6725986,4.445027,3.3422065,4.195869,4.0686817,4.79597,4.7182927,3.8403609,4.0850453,4.9206934,4.716911,3.3981915,3.3238144,3.391796,3.394056,4.050933,3.6378722,3.7138262,3.7279735,3.3916717,3.3690283,3.2764452,3.3088796,3.940584,3.854136,3.8170433,3.7665226,5.416831,5.547048,4.934175,5.008651,5.490672,5.5439563,5.8375573,6.11217,4.5375686,4.4888535,4.273308,3.9889266,3.300637,4.0354214,4.088577,3.7306736,4.1621647,4.3232193,3.9502661,3.7726243,4.284952,4.4800906,4.438242,4.192035,4.16336,4.352783,4.3430796,4.1941295,4.8635564,4.7868066,5.4364696,5.025677,5.5836205,5.5274634,4.5252614,4.454573,4.000143,4.4894867,4.5876946,4.36658,3.5444791,3.5195606,3.5298522,3.5263379,3.699864,4.08532,5.103659,4.097513,4.4968,4.457759,4.3055615,4.4012523,5.196118,5.28639,4.3970423,4.7847223,3.4426515,3.8053455,3.4085252,3.3595645,4.162749,4.129619,3.9400291,3.9048371,5.326115,5.291712,5.708591,4.9067507,4.8850784,5.199829,5.6829486,5.370309,4.7284913,4.835778,4.8821826,5.1333976,3.8866,3.8663564,5.0528584,4.890237
9,2.3418596,2.4193532,2.6023064,2.5873086,2.6897671,2.6448035,2.7634845,2.582507,1.3648976,0.0,0.91423315,0.44778618,3.6918242,2.4725516,2.7215762,2.6036623,3.0028954,3.2267103,3.0028954,3.0028954,3.211912,3.2325916,4.250757,3.8244343,3.8782969,3.8037515,3.989231,3.9151142,3.3157022,3.6404688,4.6089344,4.363979,3.517309,3.433756,3.5311975,3.3894613,4.191225,3.7534938,3.7942297,3.8061364,3.5048478,3.4818847,3.345637,3.3706207,3.6454175,3.6305866,3.7256088,3.6940932,5.079156,5.172999,4.481151,4.5933223,5.7072515,5.7468805,5.4866843,5.7231245,4.2785687,4.3395634,4.0188394,3.7033634,2.9513552,3.6153982,4.2577133,3.9753978,4.2325177,4.3692575,3.8578255,3.7067578,4.2821693,4.475069,4.448136,4.225272,4.3403707,4.4949837,4.354464,4.2394767,5.0561976,4.9827957,5.4156327,4.984117,6.004461,5.970429,4.9973536,4.9219575,3.74662,4.0486565,4.458281,3.8865955,3.4529274,3.4393818,3.4685729,3.4773388,3.7785578,3.6846864,4.9442415,3.9131782,4.4830203,4.4395657,4.1397767,4.378149,5.3856483,4.650624,4.2201686,4.779556,3.7587352,3.8587453,3.6620722,3.4259238,3.5584326,3.5219212,4.0636888,3.9437475,5.166352,5.047222,5.232325,4.3690434,4.7509136,4.5506406,5.5310516,5.1679077,4.3733535,4.477878,4.4185147,4.6533604,3.8548734,3.840082,4.5185056,4.771201
10,2.3578684,2.4658654,2.7105162,2.7013295,2.658184,2.8043666,3.0210958,2.8418336,1.915387,0.91423315,0.0,0.7270573,3.8603137,2.648778,2.9527214,2.8034923,3.3455102,3.3219466,3.3455102,3.3455102,3.3718295,3.4142556,4.7278924,4.140459,4.165767,3.970108,3.8186307,3.7840478,3.754008,3.9799604,4.912849,4.703323,3.8361678,3.8382943,3.851255,3.6751323,4.574412,4.0953517,4.1683555,4.193048,3.8778305,3.8523989,3.6907098,3.7262666,3.7900634,3.7322376,3.891175,3.8928485,5.2718825,5.316271,4.595438,4.7224765,5.8694243,5.8964133,5.4720793,5.7369328,4.3835626,4.4205413,4.2302804,3.9125924,2.9354906,3.7870474,4.3023267,3.9982321,4.5991573,4.6938143,4.201905,4.0299535,4.6272073,4.8048263,4.759001,4.5834937,4.8087373,4.9998083,4.748517,4.621606,5.4360485,5.363563,5.8111434,5.380887,6.2621236,6.2359543,5.2248816,5.1215262,4.134644,4.267254,4.669825,4.017842,3.85849,3.8709812,3.8292425,3.8284376,4.1126094,4.054782,5.216585,4.325628,4.6608043,4.642118,4.3762565,4.734355,5.619839,4.873841,4.528479,5.0280657,4.127099,4.035884,3.9952626,3.7916927,3.7770662,3.7208884,4.245226,4.138467,5.202129,5.0887833,5.2817397,4.4102015,4.797256,4.570592,5.5329933,5.1894646,4.468678,4.5656543,4.528652,4.754623,4.2049217,4.1933007,4.5857654,4.8424425
11,2.4219627,2.5123732,2.7429166,2.7178228,2.73897,2.693351,2.8984637,2.7004182,1.3816553,0.44778618,0.7270573,0.0,3.7046957,2.5191917,2.8057976,2.6755552,3.166732,3.377363,3.166732,3.166732,3.364438,3.3946269,4.508857,3.9693775,4.0121427,3.838588,4.0797696,4.019171,3.5341783,3.795046,4.75722,4.5387163,3.5918417,3.5502288,3.6147175,3.4893804,4.297737,3.8315299,3.8780358,3.8892877,3.642889,3.6177125,3.4600346,3.4908009,3.7438672,3.725529,3.817627,3.7827334,5.163549,5.249897,4.5274615,4.601211,5.7979536,5.836601,5.491407,5.785601,4.323594,4.399138,4.1130805,3.7847753,2.9695568,3.767528,4.3460913,3.9993463,4.3523636,4.478891,3.947271,3.7900596,4.4076324,4.6026287,4.562711,4.3530626,4.4705677,4.6639924,4.5088167,4.375056,5.1361375,5.0636706,5.5281324,5.085327,6.1485524,6.109085,5.160896,5.0753026,3.9584804,4.253701,4.5787525,4.007428,3.59287,3.594598,3.5766735,3.5439858,3.9342933,3.850135,5.126483,4.0556073,4.645702,4.6253095,4.3253007,4.589809,5.5617356,4.843217,4.432321,4.9895205,3.903967,3.9680781,3.7688355,3.5519955,3.7461061,3.6866388,4.1827264,4.066456,5.3096075,5.1957374,5.39384,4.5432634,4.8998594,4.724006,5.6751223,5.309466,4.5587068,4.660225,4.6018105,4.8747716,4.110779,4.097515,4.7040014,4.9356985
12,2.1112332,2.121187,2.1880398,2.4682558,1.9054018,1.502235,1.8785672,1.6913574,3.7314367,3.6918242,3.8603137,3.7046957,0.0,1.6853064,1.6365118,1.7159061,1.8353661,2.662712,1.8353661,1.8353661,2.2373993,2.312329,3.6044827,2.9701777,3.0809708,2.4044287,3.5044854,3.4519172,4.0613236,4.3100843,3.8642302,3.7210374,2.2607589,2.250017,2.3257937,2.0012062,2.7363749,2.8444593,2.7959242,2.832114,2.9436276,2.9384844,2.5106304,2.4790428,2.3397343,2.1370761,2.0033863,2.3613012,4.0573545,4.116722,3.9209404,4.09487,4.7131743,4.741393,4.3882937,4.762548,3.6225398,3.8236556,3.165236,3.1594977,2.6267467,3.4417763,3.8216405,2.7098515,3.6289058,3.680608,4.8706517,4.824866,3.689749,3.7641459,3.6822107,3.5409186,3.7955444,4.0168977,3.6942325,3.5927684,3.5657742,3.565285,3.8445754,3.533143,5.040497,4.9757843,4.810637,4.690737,4.102445,4.4892263,4.731897,3.7136085,3.0543337,2.9780576,3.277007,2.7112317,3.2538362,3.07629,5.0517836,3.720536,4.25787,4.0277195,3.6511712,3.6413243,5.191398,4.1146407,3.900824,4.5051446,3.6799617,3.8651168,3.6829264,3.4521801,3.5122921,3.4833238,4.013266,3.8615358,4.806927,4.7332664,4.599549,3.971702,4.330196,4.1725307,4.654951,4.391034,3.9460926,3.97008,3.8337412,4.0461264,3.2694702,3.2842479,3.9321,4.38473
13,0.97931504,0.99306965,1.2860371,1.7010133,0.88993514,0.39954847,1.1788756,0.6183933,2.7175941,2.4725516,2.648778,2.5191917,1.6853064,0.0,0.68224144,0.38440287,1.2012396,1.9063627,1.2012396,1.2012396,1.691984,1.7652735,3.2529778,2.8536277,2.7163491,2.2058299,2.9882174,2.9282563,3.3044593,3.5707316,3.504965,3.3145607,2.1390426,2.138878,2.1563387,1.7470052,2.7425709,2.6139832,2.640805,2.6632226,2.527039,2.5142033,2.2000835,2.1920424,2.4754004,2.197477,2.2086346,2.4580872,4.101272,4.146187,3.757133,3.9113574,4.7855434,4.8097415,4.538214,4.8697877,3.2866945,3.489546,2.9156628,2.8449855,2.0430365,3.0680592,3.1593173,2.5677478,3.0991688,3.1803951,4.05236,3.9650486,3.213412,3.3286421,3.2608123,3.055419,3.41683,3.6867747,3.3185422,3.2081876,3.6073678,3.55879,3.8646986,3.5119498,5.1090465,5.064213,4.517569,4.409324,3.2319148,3.5592754,4.023789,3.309194,2.5198083,2.508691,2.6938088,2.640411,2.7727807,2.5297894,4.5214725,3.1701655,3.8152006,3.5852718,3.1544344,3.350095,4.733458,3.6727712,3.4710765,4.157387,3.1358743,3.3060243,3.1236303,2.8382547,2.7306287,2.7078793,3.5001895,3.3203647,4.45459,4.3522677,4.343265,3.4093287,3.885804,3.6037507,4.4915924,4.1011977,3.512812,3.5537949,3.4151118,3.701938,3.0502503,3.0658207,3.5442958,4.0563893
14,0.99905384,0.9300913,1.0779045,1.7396061,0.9737209,0.72319233,1.429787,0.6281703,2.9801104,2.7215762,2.9527214,2.8057976,1.6365118,0.68224144,0.0,0.4882537,0.87685955,1.7829175,0.87685955,0.87685955,1.3038937,1.369248,2.9240036,2.7172577,2.3039997,1.7723774,2.819698,2.731144,3.1471481,3.3188326,3.1531515,2.9831774,2.019717,2.0108223,2.0584257,1.672417,2.5489438,2.52942,2.5157335,2.4979103,2.5831833,2.566333,2.1798508,2.15552,2.2310507,2.0090275,2.0003514,2.1789405,3.9431741,4.0005174,3.6027038,3.7434688,4.5374417,4.560985,4.1839194,4.5219917,2.9638581,3.1387267,2.653624,2.6343129,2.0191195,3.2508671,3.0393753,2.437078,2.7886503,2.8909113,3.8695924,3.7897618,2.8895452,2.989747,2.9270387,2.7378285,3.148603,3.559149,2.9824328,2.8901732,3.3442166,3.2898262,3.5479407,3.1799588,4.989887,4.956755,4.4381733,4.3334026,2.9952865,3.3729408,3.9801493,3.1454098,2.2280743,2.1924543,2.4045854,2.4259675,2.6272147,2.2941306,4.311851,2.962832,3.6231573,3.4262283,2.932668,3.1964085,4.539695,3.3923738,3.1635714,3.933832,2.9399803,3.1106033,2.931479,2.6063163,2.4567611,2.4639654,3.3328156,3.1273527,4.2535043,4.1446357,4.062071,3.1939502,3.698575,3.3768344,4.274222,3.912655,3.2194054,3.274313,3.0897348,3.417731,2.8127809,2.8305144,3.2562354,3.805457
15,0.97676736,0.9174183,1.2033027,1.7376311,0.86943054,0.5445016,1.2136853,0.64298266,2.8839421,2.6036623,2.8034923,2.6755552,1.7159061,0.38440287,0.4882537,0.0,1.0960908,1.7908872,1.0960908,1.0960908,1.5479605,1.6080298,3.0389974,2.8585916,2.510638,2.0839417,2.8452837,2.7802777,3.131783,3.3955033,3.2651916,3.060241,2.175805,2.1902199,2.2003167,1.7418996,2.7259407,2.6841302,2.6735768,2.667164,2.62686,2.6137664,2.277279,2.2579396,2.479124,2.1574817,2.1578553,2.4377162,4.0837307,4.127253,3.7749076,3.9001763,4.731185,4.75312,4.4755697,4.798853,3.232785,3.4079473,2.8885472,2.8497522,2.1049793,3.09671,3.1310353,2.560456,2.871637,2.9348528,3.9355946,3.8228495,2.9665282,3.0628486,2.996769,2.8039715,3.1899629,3.487382,3.0847871,2.9573886,3.4686685,3.4221044,3.6463068,3.327479,5.096575,5.050433,4.508621,4.4209437,3.0697696,3.3891418,3.9768429,3.1497083,2.3721452,2.3600419,2.568336,2.5419405,2.6795876,2.369305,4.359296,3.0236566,3.7242286,3.4663334,3.0007946,3.2097173,4.620981,3.4662757,3.297554,4.053737,3.0398524,3.1852155,3.010806,2.688454,2.5201693,2.5147667,3.4104264,3.2085633,4.3521004,4.2411704,4.175062,3.2245414,3.7575314,3.4203358,4.353857,3.9807234,3.3333633,3.377031,3.2075138,3.5447576,3.002393,3.0169244,3.3530178,3.9227128
16,1.3763275,1.3162249,1.2570585,1.7172498,1.4464816,1.2429545,1.4267166,0.91704565,3.16679,3.0028954,3.3455102,3.166732,1.8353661,1.2012396,0.87685955,1.0960908,0.0,1.6389642,0.0,0.0,1.1704612,1.2131655,2.6094797,2.3379076,2.4870384,2.0851448,3.0101674,2.8996525,3.2246113,3.5330656,3.2621207,3.0516355,2.1223993,1.9076272,2.133216,1.6778156,2.4359322,2.4240222,2.482855,2.4702501,2.6063194,2.6039662,2.213581,2.1820471,2.2277982,2.0820332,2.1711648,2.3167822,3.808132,3.8723295,3.6564932,3.865596,4.4180045,4.4445043,4.2916837,4.550962,3.114814,3.2524323,2.5961711,2.606456,2.243903,3.0921454,2.8687112,2.4486485,2.7204566,2.8492737,4.0691895,4.0482984,2.8507802,2.9579678,2.9250221,2.7433748,3.0998304,3.3752007,2.940719,2.8496084,3.1890695,3.1385329,3.4274056,3.0724254,4.6780457,4.64423,4.1798215,4.0768323,2.9103937,3.2994342,3.801656,3.3019147,2.1437907,2.0673664,2.411937,2.5476954,2.3986144,2.1940835,4.193222,2.949089,3.4410906,3.178844,2.721595,2.8019779,4.241065,3.319061,2.8951285,3.6392126,2.8127632,3.1018991,2.936838,2.6405954,2.5395734,2.5883596,3.2465744,3.067244,4.0770516,3.9807506,4.0169353,3.0724277,3.4940252,3.297066,4.11318,3.692624,3.0717347,3.1198587,2.9603188,3.190635,2.4734118,2.49219,3.1376703,3.6053803
17,1.4542353,1.3750548,1.338953,1.8015106,1.5253639,1.9936509,2.0940382,1.7996954,3.658445,3.2267103,3.3219466,3.377363,2.662712,1.9063627,1.7829175,1.7908872,1.6389642,0.0,1.6389642,1.6389642,1.3959728,1.4153426,3.1393788,2.8610609,3.0291905,2.7510316,2.1879816,2.0860696,3.5608575,3.8826463,3.6850715,3.4744036,3.124867,2.991011,3.094017,2.5792975,3.2752812,3.16552,3.3244808,3.298801,3.47443,3.4690375,3.1942227,3.1806355,2.5642748,2.225705,2.5683866,2.8556113,4.6315107,4.6060443,4.278564,4.468911,4.996,4.9939623,4.8090467,5.0558867,3.7273147,3.7721045,3.314999,3.2918425,2.4776766,3.1793647,2.9468098,2.6480947,3.0826726,3.0796297,4.181435,4.162262,3.2052815,3.311564,3.3037717,3.2607536,3.7565925,3.9331234,3.4202988,3.3298976,4.057491,4.0007353,4.264884,3.9080353,5.173341,5.072793,4.49108,4.368978,3.3644063,3.300541,3.7832716,3.2710114,2.8069663,2.7679236,2.9778888,3.1143904,2.7808275,2.7518516,4.261886,3.4533782,3.4680138,3.1493025,2.8234158,3.2517188,4.3232355,3.3351562,3.06611,3.7642486,3.2197182,3.169329,3.3211896,3.0578322,2.5031598,2.5859306,3.2818482,3.098475,4.011063,3.9141674,4.3640575,2.6872818,3.2161467,2.9329517,3.8931873,3.4175074,2.8007812,2.823587,2.6522844,2.918916,3.0261502,3.0311959,2.8231547,3.3723829
18,1.3763275,1.3162249,1.2570585,1.7172498,1.4464816,1.2429545,1.4267166,0.91704565,3.16679,3.0028954,3.3455102,3.166732,1.8353661,1.2012396,0.87685955,1.0960908,0.0,1.6389642,0.0,0.0,1.1704612,1.2131655,2.6094797,2.3379076,2.4870384,2.0851448,3.0101674,2.8996525,3.2246113,3.5330656,3.2621207,3.0516355,2.1223993,1.9076272,2.133216,1.6778156,2.4359322,2.4240222,2.482855,2.4702501,2.6063194,2.6039662,2.213581,2.1820471,2.2277982,2.0820332,2.1711648,2.3167822,3.808132,3.8723295,3.6564932,3.865596,4.4180045,4.4445043,4.2916837,4.550962,3.114814,3.2524323,2.5961711,2.606456,2.243903,3.0921454,2.8687112,2.4486485,2.7204566,2.8492737,4.0691895,4.0482984,2.8507802,2.9579678,2.9250221,2.7433748,3.0998304,3.3752007,2.940719,2.8496084,3.1890695,3.1385329,3.4274056,3.0724254,4.6780457,4.64423,4.1798215,4.0768323,2.9103937,3.2994342,3.801656,3.3019147,2.1437907,2.0673664,2.411937,2.5476954,2.3986144,2.1940835,4.193222,2.949089,3.4410906,3.178844,2.721595,2.8019779,4.241065,3.319061,2.8951285,3.6392126,2.8127632,3.1018991,2.936838,2.6405954,2.5395734,2.5883596,3.2465744,3.067244,4.0770516,3.9807506,4.0169353,3.0724277,3.4940252,3.297066,4.11318,3.692624,3.0717347,3.1198587,2.9603188,3.190635,2.4734118,2.49219,3.1376703,3.6053803
19,1.3763275,1.3162249,1.2570585,1.7172498,1.4464816,1.2429545,1.4267166,0.91704565,3.16679,3.0028954,3.3455102,3.166732,1.8353661,1.2012396,0.87685955,1.0960908,0.0,1.6389642,0.0,0.0,1.1704612,1.2131655,2.6094797,2.3379076,2.4870384,2.0851448,3.0101674,2.8996525,3.2246113,3.5330656,3.2621207,3.0516355,2.1223993,1.9076272,2.133216,1.6778156,2.4359322,2.4240222,2.482855,2.4702501,2.6063194,2.6039662,2.213581,2.1820471,2.2277982,2.0820332,2.1711648,2.3167822,3.808132,3.8723295,3.6564932,3.865596,4.4180045,4.4445043,4.2916837,4.550962,3.114814,3.2524323,2.5961711,2.606456,2.243903,3.0921454,2.8687112,2.4486485,2.7204566,2.8492737,4.0691895,4.0482984,2.8507802,2.9579678,2.9250221,2.7433748,3.0998304,3.3752007,2.940719,2.8496084,3.1890695,3.1385329,3.4274056,3.0724254,4.6780457,4.64423,4.1798215,4.0768323,2.9103937,3.2994342,3.801656,3.3019147,2.1437907,2.0673664,2.411937,2.5476954,2.3986144,2.1940835,4.193222,2.949089,3.4410906,3.178844,2.721595,2.8019779,4.241065,3.319061,2.8951285,3.6392126,2.8127632,3.1018991,2.936838,2.6405954,2.5395734,2.5883596,3.2465744,3.067244,4.0770516,3.9807506,4.0169353,3.0724277,3.4940252,3.297066,4.11318,3.692624,3.0717347,3.1198587,2.9603188,3.190635,2.4734118,2.49219,3.1376703,3.6053803
20,1.2546575,1.1735231,0.95591813,1.752036,1.3411413,1.7616733,1.9376743,1.4621905,3.6479971,3.211912,3.3718295,3.364438,2.2373993,1.691984,1.3038937,1.5479605,1.1704612,1.3959728,1.1704612,1.1704612,0.0,0.15755863,2.5910773,2.6108513,2.3209505,2.0949395,2.126215,1.9850569,3.21727,3.445894,3.159257,2.9766498,2.6197586,2.4640822,2.6447473,2.1265125,3.0799932,2.98319,3.0274622,2.9911592,3.0021205,2.98907,2.6934216,2.6668591,1.8413198,1.8843571,2.1915026,2.3307505,4.021829,4.0419426,3.6262522,3.801553,4.467009,4.4754353,4.1515365,4.40781,2.9577901,2.999053,2.6586566,2.6150143,1.9893271,3.1272993,2.8013685,2.4104774,2.7805555,2.9142816,3.9479556,3.9129803,2.847355,2.9615996,2.9104173,2.811978,3.3693643,3.7210207,2.8804605,2.8571422,3.3815129,3.3305342,3.593753,3.1851912,4.761372,4.76987,4.262387,4.1528654,2.8419087,2.9117157,3.624777,2.8188076,2.2109513,2.1498604,2.4029443,2.5689318,2.4382818,2.214159,3.9163485,2.8926923,3.08377,2.9814687,2.5065286,2.9995427,4.228551,3.0513508,2.8049078,3.5843527,2.9934957,2.9057882,3.0149806,2.6862745,2.135611,2.1965086,3.0756018,2.8476067,3.6473627,3.5408642,3.4885564,2.4500325,3.0246382,2.5793,3.5683284,3.1325552,2.422766,2.4712627,2.2287729,2.61268,2.5440226,2.5588565,2.479538,3.156571
21,1.3404075,1.2453979,1.0200016,1.7983189,1.4377339,1.8503088,1.9972216,1.5264071,3.6725986,3.2325916,3.4142556,3.3946269,2.312329,1.7652735,1.369248,1.6080298,1.2131655,1.4153426,1.2131655,1.2131655,0.15755863,0.0,2.4723117,2.6198733,2.2789862,2.132999,2.1327689,1.9732885,3.1271775,3.3724456,3.0836031,2.8917844,2.6951783,2.5214698,2.7178967,2.1861138,3.121019,3.030561,3.0674376,3.0229137,3.0508473,3.0372975,2.7636778,2.7339957,1.8822348,1.9420271,2.2569003,2.3974926,4.0445304,4.070487,3.6573837,3.8158262,4.472152,4.481449,4.2052917,4.448786,2.9789217,3.0121143,2.6764882,2.6268938,2.0596323,3.1319942,2.8485823,2.4771998,2.6931705,2.832267,3.8710666,3.8464656,2.7592351,2.8788435,2.8329716,2.7338238,3.2947707,3.6469958,2.7835903,2.7709596,3.3244774,3.2750626,3.5315151,3.1150067,4.7430115,4.75039,4.2481165,4.1474204,2.7591681,2.8212488,3.5359395,2.7264838,2.1349955,2.0698729,2.3359256,2.504139,2.3683977,2.1443315,3.8085227,2.8037345,3.0137408,2.9140913,2.4280055,2.9304857,4.176972,2.976801,2.7271416,3.5321844,2.9398727,2.8440046,2.9547668,2.6128907,2.0453827,2.1089864,3.0159318,2.7769523,3.5984993,3.4885213,3.449045,2.3710446,2.9651513,2.4997716,3.5313194,3.075992,2.335707,2.384533,2.125172,2.5489368,2.5386024,2.5520525,2.4017873,3.1017714
22,3.2726693,3.1365688,3.007102,3.3345892,3.3329272,3.3463306,3.2548993,2.930376,4.445027,4.250757,4.7278924,4.508857,3.6044827,3.2529778,2.9240036,3.0389974,2.6094797,3.1393788,2.6094797,2.6094797,2.5910773,2.4723117,0.0,3.2440915,2.322695,3.2139113,3.8871374,3.673899,2.1563768,2.57203,1.9691185,1.6252337,3.9678266,3.698274,3.9352627,3.5152807,4.1098223,4.1369,4.1550465,4.103067,4.0004625,3.9906268,3.9124079,3.85515,3.576864,3.7056727,3.8028793,3.9588277,4.7959347,4.92442,4.781592,4.930488,4.901581,4.936207,5.447266,5.2647934,4.117663,4.0503864,3.7840436,3.7131817,3.7531683,4.0070305,4.117869,3.9771466,2.507456,2.5380003,3.8061614,3.8728106,2.4161413,2.516934,2.5698566,2.429486,2.6085098,2.9425824,2.2021167,2.299157,2.933153,2.911355,2.8949091,2.651288,4.096521,4.0875335,3.8706872,3.9703996,1.9457223,2.3512378,2.994325,2.3860815,1.8702648,1.771672,2.1751199,2.336315,1.9806474,1.8840067,2.4779997,2.4248316,2.829038,2.7691,2.2314165,2.1667368,3.7853422,2.7966619,2.454639,3.0943384,2.6171012,2.888831,2.7332878,2.3430676,2.140255,2.2207794,3.042232,2.8051689,3.7472508,3.6585214,3.5053906,2.5819616,3.084981,2.7184832,3.6785052,3.1639748,2.426615,2.463429,2.2948627,2.5928714,2.6543694,2.6566355,2.6301405,3.257508
23,2.8689482,2.864728,2.7452347,1.930899,2.9881878,2.897245,2.8649726,2.5804203,3.3422065,3.8244343,4.140459,3.9693775,2.9701777,2.8536277,2.7172577,2.8585916,2.3379076,2.8610609,2.3379076,2.3379076,2.6108513,2.6198733,3.2440915,0.0,3.635282,3.5593882,4.2012954,4.0748553,4.219328,4.4445133,4.2602444,4.1148343,3.047466,2.8543422,2.997117,2.7889392,3.387209,3.2766514,3.4548352,3.4475784,3.2823088,3.2740955,3.0884123,3.0862591,2.9684706,2.8543859,2.8756719,2.96658,5.030818,5.1240993,4.825212,5.004649,3.8350565,3.8697705,5.158373,5.3261547,3.9886541,3.6018658,3.633516,3.5573761,3.0419228,3.8016295,2.3302374,1.8071855,3.0362718,3.176589,4.209194,4.15848,3.18477,3.3064616,3.251663,3.148502,3.4139245,3.6662529,3.169422,3.12248,3.362704,3.3017936,4.245056,3.8821995,3.3220086,3.2939036,2.5663805,2.4257617,3.5154505,3.8499618,3.8439524,3.8362234,2.7971683,2.69319,2.9061995,2.9955387,2.2227802,3.6079855,4.0260496,3.6331785,2.7284591,2.6355212,2.8055916,2.9020061,3.349659,4.6560054,3.0768833,3.152194,2.191731,2.5999994,2.4765916,2.6845229,3.7708392,3.809591,2.4985118,2.575631,3.5978642,3.7439992,4.498629,3.7054331,2.9656641,4.1430626,3.5165377,3.3216925,3.1429913,3.2128375,3.4550045,3.6511114,2.4175997,2.393242,3.7447505,2.9602318
24,2.7537189,2.6679826,2.6296215,3.3250825,2.7533815,2.7373903,3.1877246,2.5048919,4.195869,3.8782969,4.165767,4.0121427,3.0809708,2.7163491,2.3039997,2.510638,2.4870384,3.0291905,2.4870384,2.4870384,2.3209505,2.2789862,2.322695,3.635282,0.0,1.7000915,3.6131728,3.4678946,2.6512456,2.1764984,1.69376,1.7727182,2.9296072,2.9235938,2.912592,2.8019133,3.5014923,3.407166,3.4320698,3.372682,3.2641964,3.2409136,3.0054317,2.9494972,2.7230859,2.9473982,2.9357913,2.8782697,4.592923,4.711513,4.419433,4.5123067,5.221353,5.25543,4.71635,4.7863073,3.445226,3.5392025,3.6482656,3.570881,3.121818,4.646185,4.054176,3.733099,2.9751065,2.9670453,4.110572,3.9844487,2.8801134,2.9766335,2.9126499,2.935198,3.0461302,3.926781,2.4232702,2.8089304,3.435868,3.381198,3.298626,2.9404004,5.089292,5.1239266,4.705631,4.7078705,2.6693735,3.1339037,4.065448,2.9569721,2.105098,2.0964828,2.121606,2.469954,2.943296,2.1463516,3.8204877,2.334114,3.683868,3.9765313,3.3550594,3.5656812,4.8383393,3.2850451,3.4738276,4.170506,3.2950783,3.471607,3.271494,2.8546276,2.3527362,2.4296763,3.768532,3.5102499,4.584282,4.475217,3.9861693,3.3134604,3.9172666,3.2772458,4.3233705,4.0059075,3.1790836,3.2537622,2.9127684,3.294389,2.7674148,2.7901988,3.1750817,3.9990466
25,2.3090496,2.2823908,2.2627473,3.075505,2.2670076,2.1594028,2.842168,2.0652623,4.0686817,3.8037515,3.970108,3.838588,2.4044287,2.2058299,1.7723774,2.0839417,2.0851448,2.7510316,2.0851448,2.0851448,2.0949395,2.132999,3.2139113,3.5593882,1.7000915,0.0,3.4220467,3.3417296,3.5262713,3.1172867,2.638484,2.7677727,2.4325485,2.5346313,2.4350877,2.3526611,2.9107637,2.7225523,2.8100772,2.800047,3.093618,3.0692172,2.7202652,2.6966918,2.5480862,2.7806067,2.7296982,2.6130767,3.8723657,3.9363303,3.5939097,3.736201,4.853588,4.878811,3.8589256,4.176993,2.6848817,2.9982076,2.8502617,2.8332686,2.437725,4.48498,3.6446981,3.1555426,3.1670368,3.2032838,4.422129,4.3329525,3.16835,3.2475817,3.1875477,3.1429515,3.4162786,4.266314,3.2683804,3.2332268,3.4176815,3.344559,3.395782,2.9766476,5.2730327,5.260221,5.0006204,4.909576,3.1982784,3.6689408,4.473398,3.4940364,2.3868258,2.3922775,2.349837,2.6669455,3.1758516,2.3183455,4.5758405,3.149227,3.997086,4.191059,3.5125766,3.7971256,4.973234,3.3690891,3.5932517,4.3287373,3.422129,3.6251838,3.427313,3.0623572,2.6123314,2.64301,3.893876,3.660619,4.6726093,4.543443,4.2281284,3.5784082,4.1656446,3.5816326,4.5268927,4.2101245,3.5768456,3.6281145,3.308485,3.600156,3.2431052,3.2737653,3.4466355,4.2312913
26,2.273242,2.2197163,2.1826086,2.8978207,2.2537494,3.053087,3.0529532,3.003056,4.79597,3.989231,3.8186307,4.0797696,3.5044854,2.9882174,2.819698,2.8452837,3.0101674,2.1879816,3.0101674,3.0101674,2.126215,2.1327689,3.8871374,4.2012954,3.6131728,3.4220467,0.0,0.5381812,3.9588046,4.241889,4.0622764,3.873126,4.115102,4.0443916,4.1387897,3.6263535,4.3426757,4.257364,4.24387,4.2162156,4.431217,4.417522,4.171891,4.161043,2.9682875,2.8874907,3.2501187,3.5208747,4.778889,4.689031,3.9284122,4.0678687,5.1321163,5.1026106,4.3469515,4.590345,3.6261673,3.6911695,3.4437954,3.3901763,2.8077056,3.4557455,3.8343415,3.5392752,3.8974173,3.9094682,4.4529233,4.2753587,3.8343701,3.8992403,3.8919046,3.877741,4.4745173,4.607101,4.016753,3.8739386,4.615533,4.5778623,4.573755,4.338412,5.861441,5.8602157,5.4320664,5.3648877,3.8243704,3.3699353,4.2884827,3.0782442,3.526918,3.5180895,3.6596289,3.677811,3.647439,3.28779,4.456157,3.941213,3.8058276,3.6236148,3.2050478,4.09703,4.8798776,3.0849233,3.4696963,4.262186,4.180133,3.6528718,4.0658236,3.7296674,2.6495717,2.6703436,3.848457,3.6150348,3.9257944,3.7232563,3.8205671,2.629658,3.5600479,2.563675,3.8733428,3.524664,2.8703623,2.8741314,2.5673246,2.928055,3.9410844,3.9398105,2.5601187,3.5936377
27,2.2277908,2.144121,2.0993574,2.821596,2.2291825,3.024552,3.1058688,2.9271307,4.7182927,3.9151142,3.7840478,4.019171,3.4519172,2.9282563,2.731144,2.7802777,2.8996525,2.0860696,2.8996525,2.8996525,1.9850569,1.9732885,3.673899,4.0748553,3.4678946,3.3417296,0.5381812,0.0,3.7490492,4.069148,3.9082248,3.7031276,4.0729003,3.9855433,4.094843,3.5527227,4.2691426,4.173959,4.1644225,4.126305,4.3603773,4.3447943,4.107294,4.092595,2.846993,2.808847,3.1999862,3.4489987,4.681085,4.6156898,3.8876681,4.0069375,5.0405507,5.0162506,4.3380585,4.5798197,3.5688071,3.6215053,3.3507059,3.2819276,2.7463977,3.3167498,3.7651253,3.479402,3.7014992,3.7178423,4.171196,4.139575,3.6380668,3.717423,3.7177088,3.7066624,4.4058595,4.560636,3.8068016,3.8001087,4.45483,4.4143157,4.5208163,4.1609845,5.772002,5.7684097,5.323013,5.221642,3.6327882,3.1880605,4.126071,2.8617792,3.3474047,3.333401,3.4921815,3.4992173,3.4571204,3.1358185,4.231383,3.7095377,3.5999806,3.42343,2.9928954,3.8827784,4.735286,2.9260926,3.286691,4.105162,4.017351,3.4717698,3.8868632,3.542785,2.4499395,2.4457011,3.6653845,3.4157329,3.7491324,3.5438724,3.6496484,2.387589,3.362567,2.3346958,3.7106867,3.3435078,2.6619453,2.6596882,2.357282,2.779915,3.819503,3.818213,2.3626873,3.4357042
28,3.2579553,3.1454754,3.240191,3.679137,3.4090638,3.4685874,3.5222106,3.220056,3.8403609,3.3157022,3.754008,3.5341783,4.0613236,3.3044593,3.1471481,3.131783,3.2246113,3.5608575,3.2246113,3.2246113,3.21727,3.1271775,2.1563768,4.219328,2.6512456,3.5262713,3.9588046,3.7490492,0.0,1.3845322,2.2494774,1.8293054,4.360669,4.1804824,4.3514495,4.0230417,4.6712923,4.458196,4.465989,4.420748,4.411774,4.3943624,4.2184725,4.185614,4.073198,4.256687,4.347767,4.4239225,4.956057,5.101867,4.673541,4.7587547,5.5980096,5.6397862,5.48834,5.3107963,4.3808236,4.408688,4.1330905,3.862928,3.7306004,3.9251049,4.8617954,4.7110147,3.2445421,3.1728067,3.2337987,3.2780378,2.9969022,3.1574502,3.2202528,3.109122,3.1316884,3.393102,2.9667141,3.0366755,3.874951,3.825924,3.8236635,3.4618309,5.1965427,5.162324,4.7122126,4.801343,1.9890335,2.4103992,3.3473656,2.1389835,2.1915462,2.1972358,2.3433943,2.3763635,2.7737207,2.0981057,2.7584546,2.4976902,3.5899704,3.6347115,2.9971623,3.0546994,4.5434804,2.875069,3.0408678,3.785383,3.1503098,3.2324016,3.0045524,2.4821873,2.1588476,2.0945961,3.5624585,3.3098013,4.4101253,4.2169294,3.9643812,3.0826805,3.920185,3.1302927,4.578474,4.128758,3.2286797,3.3077247,3.112993,3.427941,3.48349,3.4673045,3.2142134,4.029764
29,3.4886453,3.3963504,3.4522686,3.9729538,3.627458,3.6850164,3.9802408,3.4314103,4.0850453,3.6404688,3.9799604,3.795046,4.3100843,3.5707316,3.3188326,3.3955033,3.5330656,3.8826463,3.5330656,3.5330656,3.445894,3.3724456,2.57203,4.4445133,2.1764984,3.1172867,4.241889,4.069148,1.3845322,0.0,1.7470212,1.6828645,4.3744884,4.2964,4.342286,4.1824875,4.7220454,4.468254,4.517066,4.477744,4.491422,4.462274,4.3134017,4.2834806,4.1630774,4.3984227,4.43998,4.3954988,5.111018,5.25309,4.7798705,4.888544,5.5907536,5.6316457,5.2971587,5.082896,4.093216,4.103876,4.2077518,3.9714797,3.8450108,4.8950214,4.918003,4.775512,3.4141974,3.3333862,3.4959471,3.4101775,3.1727598,3.3084846,3.3489025,3.2906864,3.2479184,4.00257,3.0838358,3.1823528,4.078318,4.007788,3.9648004,3.63136,5.278654,5.2742057,4.77412,4.8668814,2.164231,2.689444,3.6453614,2.51481,2.3355525,2.372142,2.2257252,2.5683384,3.1121373,2.432825,3.018743,2.7618287,3.7206764,4.032235,3.3750181,3.611522,4.6849813,3.1510816,3.3255818,3.9280124,3.1972282,3.3196006,3.0876665,2.6233847,2.2889822,2.267445,3.6753564,3.436742,4.5739017,4.4069633,4.144329,3.4138415,4.111414,3.3902366,4.714455,4.3186536,3.376959,3.47829,3.2642448,3.5322478,3.5376456,3.5341578,3.3846562,4.127399
30,3.5626519,3.4373639,3.4319103,4.047906,3.523799,3.5509403,3.8367944,3.301963,4.9206934,4.6089344,4.912849,4.75722,3.8642302,3.504965,3.1531515,3.2651916,3.2621207,3.6850715,3.2621207,3.2621207,3.159257,3.0836031,1.9691185,4.2602444,1.69376,2.638484,4.0622764,3.9082248,2.2494774,1.7470212,0.0,0.5848316,4.186629,4.129794,4.1417274,3.895249,4.377713,4.3350053,4.37464,4.3398023,4.393767,4.372268,4.228134,4.178975,3.985162,4.139269,4.1337223,4.223921,4.896065,5.0024977,4.7752957,4.9124146,5.2926064,5.3206596,5.1413546,4.914294,3.9311619,3.9920404,4.011935,3.9453602,3.9066987,4.9558425,4.667872,4.457134,3.0023127,2.844706,4.1046386,4.041051,2.7694519,2.8091881,2.8397338,2.8319342,2.9157689,3.7442875,2.6683023,2.7598104,3.3469996,3.303943,2.962817,2.799296,4.804224,4.794236,4.6800504,4.779984,2.256379,2.7055256,3.662164,2.5249815,2.1988032,2.2299414,2.224415,2.5296988,2.8153005,2.015532,2.9674296,2.7098885,3.5368876,3.7458339,3.0228083,3.1974983,4.4591904,2.6983116,3.1424623,3.755391,3.1854422,3.3575864,3.178469,2.7315886,2.1360495,2.1666625,3.6589947,3.3962882,4.34572,4.204474,3.780577,3.044878,3.7848637,2.9866555,4.178239,3.7777853,3.0485978,3.0850801,2.7963798,3.0651374,3.3854718,3.4013765,2.9548972,3.9068534
