,0,1,2,3,4,5,6,7,8,9,10,11,12,13,14,15,16,17,18,19,20,21,22,23,24,25,26,27,28,29,30,31,32,33,34,35,36,37,38,39,40,41,42,43,44,45,46,47,48,49,50,51,52,53,54,55,56,57,58,59,60,61,62,63,64,65,66,67,68,69,70,71,72,73,74,75,76,77,78,79,80,81,82,83,84,85,86,87,88,89,90,91,92,93,94,95,96,97,98,99,100,101,102,103,104,105,106,107,108,109,110,111,112,113,114,115,116,117,118,119,120,121,122,123,124,125,126,127
0,0.0,1.1130619,1.6674854,1.5173203,2.1310856,2.2168562,2.3410556,2.3854878,2.771798,2.3402817,1.9475074,2.1165211,1.9481262,1.9173981,1.9665678,1.9887861,2.2736392,2.1349607,1.9608835,1.8082277,1.9680736,2.0130036,2.0767117,1.9401073,3.5636058,2.0777497,3.669741,4.090997,1.2371479,1.7104032,1.9001652,1.861303,2.3948603,2.7278497,3.4851305,3.678553,3.7837188,3.5625968,2.2915814,2.3499331,3.156347,3.0211837,3.3894224,3.2279553,3.076406,3.3680174,3.1470375,3.481132,3.1422875,3.278466,3.0681322,3.0094697,3.0700088,3.6178775,3.3295505,3.1008172,3.1859555,3.2079394,3.25898,3.2618563,3.06087,2.9868932,2.8758595,2.87785,2.0844607,1.9662514,2.0516403,2.091966,2.983483,2.3649561,2.3570673,2.3745039,4.1881957,3.9046156,3.9622574,4.024745,2.384262,2.2820332,2.4735703,2.2125745,2.1128578,2.9559605,2.212797,2.3221235,2.9054852,2.7015831,2.286362,2.1753883,2.0588431,2.510724,2.0619907,2.1479323,1.4508247,2.8540094,1.8662686,2.3491194,3.6504107,3.7878022,4.437175,4.3897276,3.84306,3.0666144,2.520665,3.1960862,4.154188,3.7969015,3.8366761,3.538521,2.4050372,2.5393965,2.8412077,2.6645362,2.7833252,2.815025,2.7301376,2.5515797,2.528505,2.7867088,2.7038395,2.7915013,2.1185973,1.9930048,1.8637794,2.439444,2.3039255,2.1074698,2.2427785,2.3431718
1,1.1130619,0.0,1.412783,1.1144965,2.0591457,2.0884974,2.4141433,2.467895,2.8073046,1.9095213,1.9538033,2.023136,1.8617008,1.8369503,1.9870806,1.9634255,2.1357136,1.8879604,1.7163132,1.5971279,1.7724173,1.8109679,1.9176255,1.742719,3.4568431,1.810343,3.5393903,3.998142,0.672703,1.3217407,1.7213352,1.6616461,2.657075,3.0524166,3.806517,3.9633045,4.0954337,3.8416407,2.6264982,2.6428318,3.4442477,3.270396,3.6894333,3.5795588,3.385753,3.6736917,3.4145935,3.7712219,3.3855202,3.5464137,3.2982297,3.2523055,3.3100102,3.9620051,3.6622276,3.4457655,3.443516,3.4454858,3.517094,3.49209,3.3051186,3.2616596,3.198974,3.1628408,2.2189052,2.3670092,2.0913482,2.1467113,3.0307276,2.3584852,2.3875914,2.3554003,4.270881,3.9873645,3.9624794,4.1189246,2.7265263,2.6466362,2.5695841,2.3490946,2.0707984,3.099467,2.3771794,2.5548725,3.1142688,2.9615932,2.5556817,2.4554958,2.246973,2.9773495,2.2756789,2.3620694,1.7437111,3.2567875,2.1461442,2.5966737,3.7524047,3.9139483,4.559952,4.5169177,4.0079584,3.2834144,2.691044,3.3779309,4.532077,3.9157035,4.173521,3.986649,2.5482144,2.6699905,3.279625,3.042999,2.8047905,2.8272657,2.9070385,2.7014382,2.6882691,2.823048,2.8243504,2.9236357,2.270162,2.1428313,1.9713955,2.5801797,2.4134953,2.372081,2.3368475,2.4071696
2,1.6674854,1.412783,0.0,1.0869677,2.2741065,2.325519,2.6667795,2.8006814,2.915194,2.0152292,2.1378186,2.0367813,1.9981072,1.9489726,2.1228282,2.0961828,1.744293,1.9763598,1.8026665,1.7203707,1.9016179,1.969484,2.0973604,1.8833491,3.5711362,1.9769144,3.6130614,3.96441,1.2935915,1.6320425,1.8685795,1.7707504,2.7258475,3.1274223,3.8294873,3.9162958,4.044305,3.8870862,2.412842,2.4600773,3.3693376,3.30699,3.629119,3.4237401,3.4096885,3.678534,3.5617101,3.7878,3.4874234,3.6380923,3.4063725,3.3770452,3.5582545,3.9758234,3.9086437,3.5762486,3.5661302,3.6057265,3.655124,3.621035,3.417566,3.395182,3.2892601,3.2240672,2.3554242,2.4900038,2.1790388,2.2429647,3.0526156,2.4745808,2.5152447,2.4134157,4.25545,3.9655657,3.8508193,3.8215728,2.8961132,2.7584083,2.740181,2.5539956,2.5378513,3.3838978,3.1558475,2.7181852,3.2260928,2.818893,2.7470264,2.6394303,2.6030865,3.291848,2.5726082,2.705923,2.3173182,3.453659,2.32665,2.8135247,3.385513,3.4768863,4.3266907,4.2925305,3.5710025,2.8517041,2.0149074,2.7965736,4.171936,3.5112305,4.1492634,3.6361547,1.8363618,2.1551335,2.8334997,2.7112904,2.5824664,2.567642,2.746541,2.5421584,2.5255976,2.6877587,2.4955792,2.6042666,2.111584,2.000943,2.1441998,2.6928527,2.527811,2.475173,2.4861057,2.51532
3,1.5173203,1.1144965,1.0869677,0.0,2.1371162,2.1901243,2.533174,2.650706,2.7874017,1.9165148,1.9716815,1.9656092,1.7866099,1.7213275,1.9598209,1.9577409,1.4559331,1.7329303,1.6112841,1.5617131,1.7055247,1.7443697,1.7412143,1.6245337,3.3637257,1.8310474,3.4025242,3.7710574,1.0427649,1.572702,1.6086403,1.5853827,2.5882542,2.9544876,3.643113,3.7001648,3.8867157,3.6892722,2.135831,2.1578333,3.2798424,3.1433764,3.4450207,3.3636243,3.2973409,3.5181584,3.4045649,3.6274133,3.3161478,3.4748538,3.2008624,3.1804023,3.3168957,3.768377,3.5200613,3.3254642,3.294933,3.3508737,3.3717182,3.3369155,3.2185512,3.2025769,3.0427158,2.9524918,2.1088104,2.247818,1.981012,2.0452905,2.8657074,2.23308,2.275156,2.194225,4.049442,3.7826257,3.643249,3.8388565,2.6979268,2.5820427,2.5226326,2.341069,2.2127862,3.1199915,3.0344334,2.4736526,3.061974,2.6256478,2.4942658,2.4147742,2.3469784,3.1154292,2.3668604,2.4757814,2.0532367,3.3392549,2.1754339,2.6499417,3.1444232,3.2950158,4.240134,4.195773,3.334304,2.5696597,2.0289578,2.7702637,4.038736,3.2550988,3.698614,3.4646049,1.846207,1.9309775,2.8426163,2.5777707,2.3123026,2.2823753,2.489525,2.2624757,2.3012419,2.5006242,2.2963352,2.3651433,2.1645772,2.1482632,1.9793552,2.483298,2.3517447,2.292338,2.269538,2.285857
4,2.1310856,2.0591457,2.2741065,2.1371162,0.0,0.52406955,1.0423932,1.4321537,2.270043,1.3929405,1.6071248,1.9066052,1.9260278,1.8535023,1.5744364,1.8176808,1.9702066,1.9447649,1.539771,1.5333014,1.7721053,1.6644925,1.8527598,1.6992416,3.5822704,1.8072422,3.497827,3.62461,1.6760156,2.103713,1.6480103,1.5896426,2.638552,3.119564,3.695969,4.006541,3.979594,3.4542797,2.503352,2.4836123,3.1821375,3.1675067,3.556497,3.3506956,3.3127935,3.555502,3.9036248,3.6711197,3.2252858,3.4276357,3.0565248,3.1543062,3.3077042,3.8961856,3.5079806,3.379404,3.4147232,3.4258583,3.4173853,3.4330177,3.210381,3.1924114,2.920366,2.9295301,2.207106,2.253686,2.3235743,2.375469,3.1290405,1.9899099,2.1448944,2.5319054,3.0671391,2.6520486,2.8275478,2.8598933,2.1462684,2.266746,2.3925984,2.0489664,2.0607154,3.2196827,2.5436778,1.750242,2.2817962,2.6522963,1.7183013,1.7059243,1.3697941,1.8398589,1.5135069,1.3891785,1.7486396,2.2496955,1.0956309,1.7054974,3.454723,3.9274015,4.193697,4.1685047,3.206359,2.8063803,2.218356,3.0094707,4.32752,4.0700483,3.5706365,3.3906312,2.1179552,2.163648,2.4098978,2.2587762,2.5134575,2.6411965,2.4605305,2.2624402,2.2321293,2.4929595,2.6857412,2.7491016,1.7377344,1.3970416,1.3417726,2.1323016,1.9976463,2.1056697,1.9757316,1.9856838
5,2.2168562,2.0884974,2.325519,2.1901243,0.52406955,0.0,1.0937852,1.473182,2.2716045,1.3414241,1.6644175,1.9040501,1.9522744,1.8866832,1.6478868,1.8953197,2.0056436,1.8926129,1.4478033,1.4925895,1.7897013,1.6658448,1.882669,1.7408608,3.4567933,1.7667596,3.3831012,3.5159562,1.7017846,1.867467,1.6339108,1.5871651,2.6248913,3.0304873,3.5659482,3.8905425,3.8742912,3.3606703,2.5530832,2.538146,2.9758363,3.1452556,3.3778386,3.266385,3.266554,3.482252,3.8601613,3.6231236,3.163947,3.345058,3.004122,3.08553,3.2885072,3.7866886,3.517388,3.3873265,3.3992007,3.3704658,3.4098694,3.418249,3.1702664,3.173199,2.8861961,2.8881881,2.1831803,2.2840755,2.2752225,2.319777,3.0683331,1.9613314,2.0471349,2.360547,3.0013437,2.6239886,2.7830813,2.8456035,2.1617136,2.2749307,2.3848748,2.0212164,2.0926979,3.1992316,2.488768,1.8175217,2.1165357,2.535736,1.7793127,1.7276075,1.4459894,1.972234,1.5733423,1.4266304,1.861704,2.2868774,1.260014,1.5675056,3.5114894,3.97067,4.3954167,4.3452463,3.2016547,2.8614118,2.3934052,3.0669541,4.415061,4.1034904,3.672818,3.5138998,2.3220117,2.365055,2.6616654,2.524364,2.5264995,2.6356142,2.503545,2.333097,2.3053894,2.6258154,2.6892276,2.7597392,1.8291792,1.5070289,1.4096773,2.1224468,1.9866436,2.1046624,1.9595157,1.9826461
6,2.3410556,2.4141433,2.6667795,2.533174,1.0423932,1.0937852,0.0,0.8476571,2.667142,1.9512758,1.9808955,2.227877,2.2300944,2.1836023,1.9948624,2.1505568,2.301934,2.1492054,1.8806498,1.8405945,1.993906,1.9329385,2.051899,1.9800491,3.736028,2.0146227,3.6903105,3.7821727,2.0638514,2.3610742,1.9371482,1.9414977,3.197006,3.5972364,3.811821,4.133407,4.366523,3.845674,2.8649037,2.8161361,3.29819,3.622315,3.6299045,3.48115,3.8043149,3.9613452,4.277525,4.0336046,3.40824,3.5285475,3.2171767,3.343541,3.500619,4.0221987,3.6969678,3.5682273,3.5511034,3.5944166,3.5539331,3.583795,3.380056,3.3702621,3.122901,3.1522214,2.2460158,2.47196,2.5473087,2.5714035,3.342309,2.2032568,2.3016222,2.726552,3.1492882,2.7051888,2.9181676,2.9763958,2.2888446,2.417138,2.8817015,2.3748472,2.3407733,3.3871844,2.615069,1.9549097,2.4539344,2.9458015,1.8750536,1.8815033,1.4835542,1.9523878,1.5072474,1.401447,1.865332,2.3798628,1.3087252,1.6737671,3.8104897,4.2885475,4.326911,4.268278,3.4323885,3.0405579,2.6208637,3.4109738,4.6870193,4.433242,3.8871605,3.7483866,2.4947212,2.522636,2.7574277,2.6532722,2.766436,2.8782146,2.7454438,2.6603675,2.6505666,2.879848,2.8659837,2.9169848,2.0820475,1.856875,1.7830608,2.3993404,2.373469,2.3802843,2.3493297,2.3552823
7,2.3854878,2.467895,2.8006814,2.650706,1.4321537,1.473182,0.8476571,0.0,2.8266435,2.1860228,2.1275039,2.4240806,2.3738327,2.3605506,2.1621313,2.2977612,2.566928,2.361012,2.1701407,2.135139,2.2621064,2.2321906,2.3189132,2.254094,3.8667805,2.2305691,3.8301132,3.9666936,2.2073328,2.4309778,2.2422476,2.1989033,3.3465083,3.714617,3.9531145,4.2510405,4.52595,4.0186152,3.0479386,2.9837697,3.4658089,3.7757533,3.7653174,3.6377122,4.147463,4.125764,4.349623,4.1760917,3.5420558,3.6938388,3.3566403,3.4758592,3.5759697,4.114774,3.7433262,3.624517,3.6240427,3.652936,3.621172,3.6553898,3.5069885,3.4861515,3.2841043,3.336931,2.5408204,2.6093857,2.7390523,2.7850926,3.487389,2.4135811,2.4861588,2.8504207,3.2445874,2.8091521,3.2880306,3.3337193,2.2271295,2.3972445,3.0543575,2.5742545,2.4579802,3.4577177,2.6120896,2.2102296,2.685501,3.1377668,2.1015036,2.0971403,1.7560493,2.0912669,1.7846409,1.6818832,1.9448905,2.0019813,1.5578424,1.9162861,3.9887843,4.448332,4.5182157,4.457123,3.7367077,3.3213391,2.8473935,3.6044567,4.8091187,4.611802,4.015917,3.9069395,2.7197318,2.755935,2.9199169,2.8192184,3.0274093,3.1395552,3.0104003,2.8952615,2.852401,3.0397136,3.133384,3.1755402,2.276935,2.132795,2.0430238,2.6611512,2.5931706,2.567319,2.569518,2.5593765
8,2.771798,2.8073046,2.915194,2.7874017,2.270043,2.2716045,2.667142,2.8266435,0.0,2.1528387,1.7985574,2.039505,2.1031265,2.0825064,1.8691233,2.3716617,2.5417821,2.1239824,1.9339243,2.191143,2.572492,2.2040176,2.0131218,2.169115,4.0472364,2.6753535,3.6638677,3.689492,2.4201148,2.7092638,2.1746957,2.0699,2.8832266,3.2882495,3.9692473,3.9861946,4.105422,3.9884999,2.9972105,3.0078216,3.4663968,3.3336957,3.5620625,3.5123684,3.5095472,3.702541,4.488042,4.2295747,3.4364197,3.61058,3.3300982,3.3640661,3.5949264,3.968566,3.6559243,3.5964766,3.3067214,3.3382068,3.3266032,3.329598,3.3646004,3.4195144,3.0976858,3.1339746,2.4614022,2.4232898,2.675328,2.6894836,3.332643,2.6762452,2.743352,2.7485173,3.5519443,3.071494,3.327192,3.323363,2.8166828,2.75266,2.801788,2.544641,3.0931926,3.9179235,3.2283013,2.738606,2.491488,2.337167,2.7357776,2.7174957,2.5251434,2.8654022,2.9988096,2.634689,2.860012,3.227775,2.4010441,2.8505573,3.933386,4.053496,4.6393857,4.5854397,3.705424,3.4578211,3.152799,3.5347645,4.3143597,3.9772503,4.312469,3.8927853,2.7974503,2.859585,3.060748,2.9237893,3.3163848,3.2401223,3.2999215,3.1187658,3.0696967,3.0883002,3.3596706,3.3119621,2.645029,2.108894,2.063482,2.6465502,2.5079372,2.5612116,2.48234,2.5366914
9,2.3402817,1.9095213,2.0152292,1.9165148,1.3929405,1.3414241,1.9512758,2.1860228,2.1528387,0.0,1.2603425,1.2731948,1.3910849,1.3192513,1.2183083,1.3758895,1.5466505,1.307567,0.8733719,1.0360609,1.2357605,1.1168873,1.399549,1.1699202,3.2114594,1.2062074,3.0903163,3.191845,1.3734783,1.6949339,1.0753801,0.9724542,2.5430744,3.0500858,3.6697206,3.8421574,3.8973675,3.7548149,2.495424,2.492221,3.1280985,3.1151662,3.443847,3.3237288,3.300842,3.529718,3.8698351,3.6406014,3.1700535,3.3659043,3.0207222,3.0837173,3.335552,3.8450882,3.555444,3.4047987,3.2976468,3.2964287,3.3265553,3.306434,3.0824704,3.140357,2.9037988,2.8536735,2.1310863,2.2524142,2.0328941,2.0829887,2.8939278,2.119702,2.3246815,2.2143776,3.2302547,2.8085346,2.9082053,2.9908648,2.5761447,2.438165,2.2598941,1.9594857,2.5061665,3.5551186,2.9212148,2.2756546,2.8584943,2.6207452,2.340433,2.2949438,2.1496866,2.7525842,2.3048866,2.2497137,2.4841282,3.0004272,1.9097434,2.425971,3.4056227,3.516457,4.37199,4.3241386,3.2367969,2.944868,2.2023926,2.9967453,4.0397034,3.5277572,3.7788231,3.6071787,2.1360168,2.1962783,2.7359,2.5717938,2.426557,2.4460773,2.5176678,2.2985647,2.2454262,2.3799698,2.6164687,2.6568031,1.584125,1.3052369,1.1775836,2.08145,1.8157783,2.046932,1.8205087,1.8110001
10,1.9475074,1.9538033,2.1378186,1.9716815,1.6071248,1.6644175,1.9808955,2.1275039,1.7985574,1.2603425,0.0,0.6403842,0.5885144,0.531788,0.20424421,0.6185591,1.7249588,0.9229723,1.1555719,1.1215277,1.1900442,1.0783755,0.8543296,1.0827497,3.332919,1.1797117,3.1500523,3.2115958,1.4985288,1.8976873,1.0944141,1.063259,2.2044675,2.7282748,3.5281258,3.4963193,3.7434971,3.6165693,2.3366878,2.3360224,2.9885688,2.8883104,3.1020863,3.0839837,3.0498736,3.2840724,3.6506445,3.3992472,2.9882324,3.1712391,2.8268795,2.9042623,3.0760539,3.5988796,3.2176032,3.0775373,2.8233342,2.8738978,2.8411953,2.8391962,2.9034586,2.9318118,2.6540878,2.640439,1.8063624,1.7610027,1.8889546,1.9501289,2.8480844,2.0296,2.145104,2.07789,3.240406,2.7000058,2.9384472,2.9758887,2.2686727,2.1098645,2.1593826,1.8773456,2.5089161,3.4432135,2.6830292,2.0796692,2.808659,2.521227,2.1349034,2.1038258,1.8034877,2.3302488,2.00427,1.9305801,2.1517684,2.6976454,1.5484452,2.1732457,3.5043657,3.5607095,4.2017655,4.131264,3.2565193,2.8590906,2.1665802,3.0897348,3.898721,3.5050962,3.6854641,3.4586546,2.0715942,2.1014464,2.4483824,2.2957287,2.656797,2.5117292,2.6704202,2.487134,2.4247544,2.412346,2.670367,2.582977,1.31367,1.0880038,0.92276156,1.9343001,1.7717233,1.7853159,1.7769048,1.8036269
11,2.1165211,2.023136,2.0367813,1.9656092,1.9066052,1.9040501,2.227877,2.4240806,2.039505,1.2731948,0.6403842,0.0,0.41968048,0.47934067,0.69609666,0.6612827,1.6661971,0.71689516,1.0596827,1.0673681,1.0569671,0.98296237,0.7862779,0.9854646,3.1345918,1.0668699,2.9592054,3.0188286,1.5306001,1.8892199,1.0504731,1.0056202,2.2221756,2.6359465,3.3773923,3.306442,3.6142528,3.5829337,2.409425,2.427987,2.9219022,2.8429816,2.9415011,2.9110267,2.9179986,3.131752,3.4945629,3.2365625,2.9386623,3.0411894,2.7881877,2.8627274,3.051252,3.4578545,3.2917051,3.0857143,2.8024015,2.8746336,2.8352022,2.833057,2.8661401,2.915114,2.6653755,2.6276467,1.63727,1.7892271,1.7346543,1.7567774,2.7096422,2.0414624,2.155234,1.9505488,3.299978,2.793623,2.885672,2.9111807,2.4119341,2.184307,2.1209748,1.8611085,2.6249948,3.485662,2.8323097,2.2185595,3.0022109,2.587361,2.3057787,2.2702546,2.070839,2.7079477,2.2107162,2.1990547,2.3857734,3.15943,1.845658,2.4095411,3.4442992,3.4026134,4.295956,4.1911473,3.1482217,2.792145,2.1238043,3.0223465,3.8798378,3.3404844,3.8453932,3.5523324,2.1631808,2.2448957,2.7034357,2.5862036,2.5400772,2.29976,2.6150398,2.5080872,2.4633024,2.4995716,2.4831016,2.376669,1.2649858,1.1221106,1.1020788,1.8309175,1.7542429,1.7821195,1.7846012,1.8120303
12,1.9481262,1.8617008,1.9981072,1.7866099,1.9260278,1.9522744,2.2300944,2.3738327,2.1031265,1.3910849,0.5885144,0.41968048,0.0,0.21754394,0.65932035,0.5502526,1.5785735,0.6351875,1.1107454,1.0353622,0.99145603,0.9512441,0.6637474,0.9198599,3.2247994,0.99658066,3.0710151,3.1611376,1.4177165,1.8084584,1.0110513,0.992364,2.2187464,2.6768618,3.4873273,3.4048555,3.7148082,3.65501,2.355699,2.3541942,2.9999425,2.898752,3.0609539,3.0688946,3.0204885,3.2326453,3.5162303,3.3139663,3.0031772,3.1215014,2.8378654,2.919869,3.0718524,3.5736008,3.26181,3.0914097,2.82241,2.9086204,2.8509874,2.85183,2.930091,2.9607487,2.7017622,2.6651003,1.6084423,1.7802302,1.7524168,1.7900425,2.7754467,2.0596871,2.1591153,1.9605588,3.406183,2.899848,3.0047028,3.0997517,2.4158356,2.2026906,2.1711118,1.9369013,2.5886908,3.4709215,2.8416414,2.2358754,3.0476892,2.6066115,2.300468,2.2769094,1.9886298,2.6614332,2.117875,2.126567,2.2457979,3.0710483,1.7710671,2.34182,3.4661782,3.429053,4.1810555,4.087487,3.2048378,2.7665033,2.1195366,3.0828402,3.906469,3.3343287,3.7871168,3.5636597,2.0842276,2.1229637,2.6649613,2.4957078,2.549433,2.319219,2.6346068,2.5115964,2.483792,2.459727,2.4947536,2.3805096,1.385846,1.2944685,1.1307912,1.9307295,1.860632,1.838,1.8731767,1.8914053
13,1.9173981,1.8369503,1.9489726,1.7213275,1.8535023,1.8866832,2.1836023,2.3605506,2.0825064,1.3192513,0.531788,0.47934067,0.21754394,0.0,0.56025594,0.5242274,1.4766469,0.6278894,1.0528626,0.94771785,0.90529364,0.86934865,0.6012373,0.8454924,3.231308,0.93063176,3.0925202,3.172642,1.3708159,1.7826992,0.8914633,0.9063648,2.2002783,2.685417,3.4981005,3.432055,3.709273,3.6397138,2.2706215,2.2708776,2.985592,2.8907647,3.0770748,3.079697,3.0028448,3.2530463,3.5431714,3.3298984,3.0090146,3.1514606,2.8418884,2.918599,3.0971625,3.5871563,3.2586498,3.0998046,2.846331,2.92534,2.8793113,2.8716276,2.921789,2.9578679,2.6870568,2.6383574,1.6433198,1.7883217,1.7440575,1.79326,2.7737925,2.0285516,2.1383605,1.9613019,3.3911426,2.8894992,2.9696817,3.0778596,2.4145517,2.200236,2.1804488,1.936054,2.5808396,3.4762597,2.8623054,2.1931953,3.0074463,2.5672274,2.268845,2.2394507,1.9624051,2.6358252,2.0892239,2.1018698,2.2447646,3.0293634,1.7179737,2.3131013,3.4278767,3.4039533,4.167599,4.085074,3.1679456,2.717596,2.050543,3.0415902,3.8752456,3.3001335,3.7182984,3.5066335,1.9756314,2.0016658,2.5808318,2.4003356,2.5012572,2.3048184,2.5912974,2.4400423,2.4117594,2.4037368,2.4664395,2.368818,1.36179,1.2623705,1.0499614,1.9529142,1.8335552,1.8156378,1.8366413,1.8538662
14,1.9665678,1.9870806,2.1228282,1.9598209,1.5744364,1.6478868,1.9948624,2.1621313,1.8691233,1.2183083,0.20424421,0.69609666,0.65932035,0.56025594,0.0,0.5712834,1.6690632,0.99738806,1.1737993,1.1212121,1.1677479,1.084424,0.91736573,1.0911626,3.3661397,1.1625878,3.2016397,3.2510073,1.5203258,1.9270811,1.0771948,1.0583651,2.1942675,2.7143633,3.547925,3.526511,3.7206066,3.5986507,2.2827666,2.2883382,3.0080895,2.8955495,3.135962,3.0998712,3.0209672,3.2839754,3.643434,3.374551,3.0269399,3.2246532,2.8649557,2.9417393,3.1228237,3.6161187,3.2387383,3.1056466,2.8835373,2.929996,2.9009244,2.8981278,2.9386034,2.9679012,2.6737242,2.6511335,1.8750935,1.8006842,1.938071,2.0029888,2.890305,2.077735,2.2108843,2.1425483,3.2571213,2.7208714,2.9510765,2.9834611,2.2978451,2.129107,2.1785555,1.9105376,2.561533,3.5000596,2.7673447,2.093647,2.8548696,2.540778,2.1548822,2.1228724,1.8539318,2.336527,2.0318856,1.9801142,2.2092755,2.6662357,1.5468153,2.2077074,3.473922,3.520464,4.2195854,4.1585083,3.2162318,2.793178,2.0687206,3.0440333,3.8292074,3.4608727,3.6031601,3.3875487,1.9682282,1.9856243,2.32868,2.175551,2.632763,2.5083122,2.6333718,2.431931,2.3659513,2.3894787,2.6616628,2.5830042,1.2635406,1.0426267,0.8696421,1.9642129,1.7717472,1.7984519,1.782385,1.803646
15,1.9887861,1.9634255,2.0961828,1.9577409,1.8176808,1.8953197,2.1505568,2.2977612,2.3716617,1.3758895,0.6185591,0.6612827,0.5502526,0.5242274,0.5712834,0.0,1.7205572,0.9694322,1.3432387,1.1769243,1.015279,1.114213,0.9849893,1.1203486,3.2976851,0.93159556,3.1947725,3.266031,1.54465,1.9441184,1.159165,1.1621758,2.258507,2.7571213,3.5876873,3.5293207,3.766883,3.6784062,2.375251,2.3731592,3.080821,2.9731388,3.191998,3.156949,3.064723,3.324457,3.5163288,3.2823112,3.0839772,3.2523696,2.9160538,3.008185,3.13286,3.6765578,3.3062158,3.1369128,2.9295175,2.9966779,2.9455192,2.9507792,3.0129912,3.0264924,2.7736757,2.7419312,1.8998823,1.8947277,1.9413654,2.0000873,2.9199088,2.1759064,2.3131747,2.184441,3.427113,2.9093716,3.0770426,3.117232,2.4307544,2.224992,2.2458134,2.0222566,2.653129,3.5542855,2.8397083,2.2263665,3.189707,2.8228784,2.2914357,2.2682655,2.0251393,2.555177,2.0687056,2.1424992,2.2948031,2.8832092,1.6971159,2.3551736,3.527337,3.5108926,4.2148356,4.145403,3.2985764,2.8536873,2.026235,3.1148505,3.8759925,3.4544733,3.6693432,3.4981716,2.0606189,2.0816283,2.4838,2.3432405,2.6482117,2.4770336,2.6830957,2.519501,2.4589777,2.4406781,2.6385076,2.5399294,1.1701857,1.1752768,1.0572612,2.0077028,1.8739766,1.8788444,1.9060415,1.9136335
16,2.2736392,2.1357136,1.744293,1.4559331,1.9702066,2.0056436,2.301934,2.566928,2.5417821,1.5466505,1.7249588,1.6661971,1.5785735,1.4766469,1.6690632,1.7205572,0.0,1.4309406,1.1755387,1.1742036,1.2899363,1.24673,1.4650617,1.180736,3.2347994,1.4655361,3.160297,3.2101765,1.646874,1.9203682,1.1469254,1.1420035,2.438901,2.9822261,3.5219986,3.6634629,3.7501733,3.6913683,1.7796075,1.7413259,2.9001489,2.9935277,3.331439,3.2058377,3.2521605,3.4408703,3.817956,3.5515347,3.0497522,3.2239983,2.8596344,2.9653144,3.2749417,3.7535567,3.3227792,3.1874075,3.1676834,3.2818077,3.2078683,3.198302,2.9728873,3.0198967,2.6819427,2.584867,1.901358,2.0518146,1.8159379,1.8764136,2.7130685,2.0224502,2.2025104,2.0124776,3.2690167,2.9201136,2.741926,2.92683,2.5960805,2.3984504,2.3371036,2.111525,2.6734467,3.4942634,3.504421,2.2359595,2.874679,2.1739655,2.2773066,2.279116,2.240113,2.9546955,2.3004239,2.3419366,2.5567784,3.2072651,1.9099964,2.3969357,2.7499332,2.7836418,3.6652288,3.6431286,2.4688497,2.1801212,1.4365777,2.3679483,3.513954,2.7056398,3.2942617,3.0304325,1.2432758,1.2540977,2.344125,2.121614,1.7359781,1.7651548,1.9928635,1.7669178,1.8297951,1.9659103,1.8072402,1.8446288,1.7642362,1.7022423,1.4995819,2.1606858,1.986191,1.999967,1.9756566,1.9149119
17,2.1349607,1.8879604,1.9763598,1.7329303,1.9447649,1.8926129,2.1492054,2.361012,2.1239824,1.307567,0.9229723,0.71689516,0.6351875,0.6278894,0.99738806,0.9694322,1.4309406,0.0,0.96209294,0.9494709,1.0102732,0.911912,0.5422107,0.9078434,3.049178,0.95452875,2.8669198,2.948639,1.4277104,1.6653532,0.9442872,0.97032,2.4446304,2.9392486,3.5070183,3.4027576,3.8049443,3.7382002,2.3782835,2.343187,2.8950212,3.0194132,3.0164309,3.101714,3.2206616,3.415064,3.7238574,3.5211644,2.971459,3.1067631,2.7949455,2.8862584,3.074884,3.6260376,3.2877622,3.122245,2.7909741,2.8712904,2.8300111,2.8173707,2.9032006,2.9502122,2.6940675,2.6410751,1.6447624,1.8923899,1.6868075,1.7230405,2.6490781,1.9289885,2.0064948,1.7836483,3.3497057,2.8787549,2.8500383,3.0113707,2.498099,2.2920427,2.3137314,2.0247247,2.589501,3.4420314,2.9008715,2.2394204,2.8983438,2.4950883,2.2882037,2.2606165,2.1167727,2.9089854,2.2282114,2.2177746,2.4098246,3.247743,1.8754088,2.3736916,3.3945396,3.4085927,4.137455,4.0445294,3.194655,2.9013388,2.232747,3.0576873,4.0472946,3.3182347,3.8714726,3.6727283,2.1641998,2.185237,2.9039218,2.7245429,2.4602814,2.2404208,2.666636,2.5257168,2.5022166,2.4022572,2.4278815,2.3223262,1.5833626,1.5239499,1.3335822,1.9799881,1.8966488,1.9066889,1.8834939,1.8803221
18,1.9608835,1.7163132,1.8026665,1.6112841,1.539771,1.4478033,1.8806498,2.1701407,1.9339243,0.8733719,1.1555719,1.0596827,1.1107454,1.0528626,1.1737993,1.3432387,1.1755387,0.96209294,0.0,0.52608055,0.94024265,0.68275887,1.0195953,0.7148681,3.0335517,1.0914997,2.9276042,3.059076,1.1032113,1.4233279,0.59293425,0.48126036,2.2679121,2.7343082,3.304373,3.5068192,3.6132312,3.5142128,2.174353,2.1845627,2.7515347,2.8268907,3.0783,2.9892573,3.008856,3.2111795,3.6352735,3.4310102,2.853838,2.9405801,2.6942925,2.754323,3.0534241,3.5241358,3.2747211,3.1056228,2.996275,3.0381868,3.0456476,3.0380168,2.7665854,2.8300471,2.5466177,2.495244,1.4173104,1.8077253,1.5441492,1.5357327,2.5610065,1.8044279,1.9481516,1.7619396,3.158937,2.7645562,2.7253122,2.8773398,2.3130264,2.1215646,2.0299757,1.6641227,2.3442986,3.304517,2.7647097,2.03044,2.5352845,2.1432903,2.0851474,2.037813,1.8764039,2.633247,2.0588727,1.9825621,2.1804292,3.0744553,1.6770071,2.1384,3.2120647,3.2772355,4.139102,4.0511527,2.9473047,2.6263797,2.0879304,2.8159034,3.8860564,3.2333438,3.6971333,3.443508,1.9714785,2.0530162,2.719054,2.5317945,2.048593,2.0124297,2.1740863,2.0605774,2.0767112,2.265971,2.1159315,2.1527033,1.5703146,1.2472512,0.98244935,1.7581112,1.6234494,1.7133554,1.6123538,1.6328603
19,1.8082277,1.5971279,1.7203707,1.5617131,1.5333014,1.4925895,1.8405945,2.135139,2.191143,1.0360609,1.1215277,1.0673681,1.0353622,0.94771785,1.1212121,1.1769243,1.1742036,0.9494709,0.52608055,0.0,0.5622468,0.39660585,0.9771974,0.4869997,3.1044652,0.74002147,3.0694757,3.1937835,0.99781555,1.4105369,0.34412673,0.30451262,2.223037,2.7334604,3.4222496,3.6362286,3.6686542,3.5106716,2.1726282,2.159708,2.8311098,2.8612702,3.2289882,3.0977426,3.004551,3.2744777,3.6042745,3.401805,2.923367,3.060686,2.7486763,2.8300643,3.0890558,3.6520376,3.3248653,3.148028,3.098861,3.1558719,3.14852,3.1454182,2.8575613,2.901351,2.6301625,2.5749109,1.486846,1.874334,1.5306892,1.5539712,2.632286,1.7711414,1.9315639,1.8246149,3.2705822,2.8625636,2.7905986,2.961243,2.2992613,2.1113877,2.143766,1.8264956,2.417034,3.3796926,2.7167923,1.9903464,2.6835938,2.372521,2.0636792,2.026898,1.8174133,2.6481643,1.9132099,1.9216604,2.1197276,3.0175643,1.4738845,2.095601,3.352413,3.429668,4.1277785,4.0636477,3.1078808,2.7342286,2.07504,2.9606872,4.0643363,3.3892362,3.7778232,3.55412,1.9347255,2.0209117,2.7517016,2.5559254,2.1010435,2.1185446,2.2882867,2.1353548,2.138102,2.2876966,2.1458695,2.2015972,1.5034723,1.2241528,0.88943565,1.9151137,1.7117653,1.7341579,1.7060739,1.7263398
20,1.9680736,1.7724173,1.9016179,1.7055247,1.7721053,1.7897013,1.993906,2.2621064,2.572492,1.2357605,1.1900442,1.0569671,0.99145603,0.90529364,1.1677479,1.015279,1.2899363,1.0102732,0.94024265,0.5622468,0.0,0.43926913,0.9684992,0.52074814,3.089872,0.45494866,3.104418,3.1879961,1.2376891,1.7266914,0.5113075,0.6160761,2.3211725,2.7983658,3.4669857,3.6365254,3.7510118,3.6248608,2.2591054,2.239995,2.9840653,2.9517624,3.2903993,3.1416337,3.0537531,3.327419,3.563954,3.319662,3.0059924,3.145816,2.819697,2.9190695,3.1483173,3.676944,3.3657727,3.1927564,3.1362507,3.2238412,3.1798255,3.1744893,2.9219937,2.9712973,2.7337625,2.6579962,1.6321465,1.9808549,1.6043943,1.6473209,2.7101376,1.8872697,2.0839446,1.9712316,3.3200145,2.8908792,2.807244,3.0041766,2.4352818,2.2205863,2.2399006,1.9416769,2.5608714,3.489189,2.8657649,2.0909562,3.072158,2.7217932,2.2069337,2.1905658,1.9412285,2.7695634,1.9516428,2.060261,2.2732966,3.1773155,1.6292274,2.277487,3.4151435,3.439553,4.175851,4.110545,3.119873,2.730877,2.03744,3.071926,4.080273,3.3885546,3.772443,3.6201882,2.0150666,2.063807,2.8178797,2.6291616,2.1621459,2.1411579,2.366492,2.2243829,2.224934,2.3647196,2.1860785,2.2126114,1.4130002,1.3406351,1.0032583,2.0074553,1.8047414,1.8076985,1.8138704,1.8188475
21,2.0130036,1.8109679,1.969484,1.7443697,1.6644925,1.6658448,1.9329385,2.2321906,2.2040176,1.1168873,1.0783755,0.98296237,0.9512441,0.86934865,1.084424,1.114213,1.24673,0.911912,0.68275887,0.39660585,0.43926913,0.0,0.806561,0.23038651,3.1224232,0.7137288,3.057737,3.116452,1.2355189,1.740211,0.29098094,0.3516932,2.285713,2.7626498,3.4403844,3.6202524,3.7136903,3.5804965,2.257233,2.232293,2.947901,2.8972826,3.2574816,3.099577,2.995244,3.2763572,3.6659124,3.384889,2.946675,3.0996377,2.7605019,2.864237,3.111224,3.6372504,3.3139718,3.1672175,3.0865405,3.1790843,3.1262558,3.125401,2.873128,2.9333541,2.662182,2.5994127,1.5302949,1.9018494,1.5589862,1.5947815,2.6591587,1.7989606,2.0043447,1.9117728,3.2079136,2.7577977,2.6756322,2.8862143,2.3790524,2.182624,2.179493,1.8647356,2.5324311,3.4811032,2.832781,2.0252442,2.844929,2.5128598,2.132214,2.1292996,1.8562076,2.7096078,1.9887445,1.9864749,2.2628107,3.1612206,1.5612648,2.2244868,3.3996506,3.4469218,4.1664915,4.1059055,3.0698004,2.7330022,2.139814,3.060929,4.0915313,3.3877983,3.814753,3.6228392,2.035565,2.083318,2.8325384,2.6346006,2.1635044,2.1494834,2.3706026,2.2156374,2.216157,2.3565931,2.203606,2.229223,1.5062127,1.2628376,0.8915794,1.9449762,1.72917,1.7545068,1.7332678,1.7493423
22,2.0767117,1.9176255,2.0973604,1.7412143,1.8527598,1.882669,2.051899,2.3189132,2.0131218,1.399549,0.8543296,0.7862779,0.6637474,0.6012373,0.91736573,0.9849893,1.4650617,0.5422107,1.0195953,0.9771974,0.9684992,0.806561,0.0,0.7506516,3.2116456,1.0802233,3.037576,3.093474,1.4451143,1.9510506,0.84670544,0.93379354,2.4835458,2.918553,3.5192137,3.4462938,3.8454716,3.7260945,2.3741956,2.3489926,3.0738957,3.0429518,3.0972636,3.099902,3.1258404,3.391542,3.7504725,3.5180848,3.043555,3.1826642,2.862346,2.9533677,3.1325545,3.5949697,3.2868044,3.1629906,2.8578916,2.973749,2.8925095,2.8824859,2.9473267,2.999363,2.7319531,2.6725495,1.5766892,1.8723108,1.7434936,1.7810813,2.742884,1.9332305,2.05618,1.9856393,3.3558893,2.8529327,2.8055058,3.0124614,2.4884663,2.30782,2.3424244,2.0187185,2.5500221,3.4607813,2.9000518,2.1522171,2.9177682,2.5778995,2.2329872,2.2294493,1.947866,2.7545693,2.1237473,2.0876746,2.2880938,3.2628517,1.767416,2.3663483,3.441499,3.4939575,4.193384,4.1100802,3.1461372,2.7321367,2.232003,3.13159,4.081857,3.3900855,3.826637,3.6485636,2.102511,2.0872262,2.8097837,2.6044536,2.4766152,2.2852874,2.6414826,2.4980755,2.4919598,2.4916291,2.4454365,2.3492143,1.6221423,1.4984487,1.2388662,2.004055,1.91458,1.89964,1.8890592,1.9051812
23,1.9401073,1.742719,1.8833491,1.6245337,1.6992416,1.7408608,1.9800491,2.254094,2.169115,1.1699202,1.0827497,0.9854646,0.9198599,0.8454924,1.0911626,1.1203486,1.180736,0.9078434,0.7148681,0.4869997,0.52074814,0.23038651,0.7506516,0.0,3.1454315,0.8220257,3.0696204,3.148768,1.1827722,1.78189,0.35391596,0.35620096,2.2994232,2.758537,3.4414005,3.5947816,3.7209668,3.6022103,2.2031615,2.1766748,3.0045195,2.9025948,3.2687416,3.081709,2.9912472,3.272616,3.6408627,3.3921006,2.9529252,3.1226034,2.77123,2.8702495,3.093729,3.6103852,3.285394,3.1392207,3.0589278,3.170889,3.0991268,3.1001148,2.8742967,2.9279435,2.6659555,2.603563,1.537596,1.8571296,1.5411947,1.5867765,2.6441317,1.8110633,2.027669,1.934158,3.2788286,2.830715,2.748692,2.95405,2.384874,2.1840456,2.1854699,1.8767272,2.5042171,3.45537,2.8595152,2.0401068,2.8769844,2.495712,2.1407259,2.1456525,1.8897134,2.7393098,2.039596,2.0350165,2.2380006,3.188267,1.5865407,2.3003778,3.3426661,3.3768992,4.1396966,4.0882998,3.0582035,2.671144,2.0753229,3.0031624,4.0330877,3.3138692,3.7908332,3.5768209,1.9530545,2.0042133,2.7832263,2.5780783,2.1538916,2.132519,2.3664367,2.1892903,2.1867893,2.3315003,2.181305,2.2044532,1.5090652,1.2701578,0.93681157,1.9641488,1.7420603,1.7505263,1.7416114,1.7579427
24,3.5636058,3.4568431,3.5711362,3.3637257,3.5822704,3.4567933,3.736028,3.8667805,4.0472364,3.2114594,3.332919,3.1345918,3.2247994,3.231308,3.3661397,3.2976851,3.2347994,3.049178,3.0335517,3.1044652,3.089872,3.1224232,3.2116456,3.1454315,0.0,3.115176,0.79365176,1.4355524,3.2588263,3.2841382,3.1017857,3.087916,2.5415084,2.881285,1.9257343,2.1159072,2.503421,2.8120272,2.5162733,2.5195465,1.8787202,2.046963,2.1096787,2.0877817,3.0925846,2.558151,2.694821,2.4816086,1.4390349,1.7118146,1.4697366,1.3958884,1.5552977,2.36279,2.0316,1.7549348,1.8519915,1.8049802,1.9313992,1.8791509,1.425015,1.4987447,1.7795874,1.670171,3.1928527,2.2897186,1.8705438,1.8922784,1.0712584,2.0137055,2.043268,1.7478328,2.8543773,3.1578462,2.798452,3.0105193,2.532685,2.330261,2.105163,2.1416128,2.6625712,2.2858574,2.9052415,2.3897843,3.116435,2.791858,2.4990377,2.4253905,3.5488276,4.0872865,3.4959416,3.5516763,3.6998515,4.316922,3.3623416,3.635613,2.427387,2.6425703,4.5825934,4.4545383,3.3209875,4.190543,3.3331277,2.676016,3.7668114,2.975618,3.402954,3.318678,4.0745606,4.1036353,4.534816,4.4507794,2.3110678,2.261767,2.6516383,2.4693751,2.3572545,2.4761899,2.363129,2.3712838,2.6883712,3.1708753,2.993215,2.144767,1.9475284,2.0015047,1.9125446,1.8761117
25,2.0777497,1.810343,1.9769144,1.8310474,1.8072422,1.7667596,2.0146227,2.2305691,2.6753535,1.2062074,1.1797117,1.0668699,0.99658066,0.93063176,1.1625878,0.93159556,1.4655361,0.95452875,1.0914997,0.74002147,0.45494866,0.7137288,1.0802233,0.8220257,3.115176,0.0,3.120509,3.2012694,1.3456295,1.6052078,0.78302515,0.8527651,2.4204817,2.9140592,3.5979984,3.7064192,3.8658962,3.7325592,2.4118328,2.371156,3.002509,3.0918717,3.3393667,3.271893,3.2060957,3.4772465,3.6480248,3.413547,3.0960548,3.2795699,2.9112713,3.0164623,3.2198849,3.79944,3.4579184,3.285396,3.188462,3.2474315,3.2236638,3.2162402,3.0438282,3.0845237,2.8554237,2.790183,1.8843236,2.1287196,1.7667042,1.8380674,2.8252556,2.0001276,2.157433,2.0004814,3.3837287,2.9395268,2.9224384,3.0920813,2.5359747,2.3409567,2.369678,2.0928614,2.6499715,3.571845,2.868794,2.2263155,3.1462274,2.8441226,2.3121467,2.2866628,2.042753,2.8377147,2.0085049,2.1327937,2.3780131,3.0959697,1.7086966,2.2640958,3.5650597,3.594478,4.271475,4.215425,3.3023505,2.9493055,2.1809127,3.2087026,4.215909,3.554338,3.8852708,3.7732854,2.1769907,2.2135193,2.922105,2.7516541,2.4010036,2.3592672,2.6138747,2.4402685,2.4072065,2.4630892,2.4380918,2.4424381,1.4351413,1.4251888,1.1502298,2.1537843,1.9243996,1.9475653,1.9387113,1.936582
26,3.669741,3.5393903,3.6130614,3.4025242,3.497827,3.3831012,3.6903105,3.8301132,3.6638677,3.0903163,3.1500523,2.9592054,3.0710151,3.0925202,3.2016397,3.1947725,3.160297,2.8669198,2.9276042,3.0694757,3.104418,3.057737,3.037576,3.0696204,0.79365176,3.120509,0.0,0.89101815,3.2946057,3.3392425,3.0598433,3.0241423,2.541552,2.9699638,2.1216927,2.0822527,2.6436832,2.9570115,2.551112,2.5301259,1.9276576,2.063184,2.0558991,2.1125767,3.1483045,2.627213,3.0427272,2.7097647,1.4017667,1.7286031,1.4044744,1.4049556,1.5495601,2.4523973,1.9622875,1.7342464,1.5423895,1.5390204,1.5894067,1.5395929,1.4234742,1.5125767,1.7026099,1.6341282,3.1336727,2.1773949,1.8957936,1.9260082,1.079136,1.9523063,1.9907326,1.6937486,2.6151738,2.8567982,2.5374517,2.7066166,2.5307055,2.3484862,2.0375361,2.083592,2.696211,2.3986106,3.0107822,2.3628957,2.9269702,2.5689065,2.4486668,2.4091864,3.4832523,4.0081162,3.5243714,3.4956212,3.7304246,4.2788672,3.3169794,3.5973096,2.3468854,2.5667412,4.373104,4.249125,3.1879516,4.1644945,3.3033772,2.5970979,3.6638856,2.8785012,3.4317255,3.2703211,3.99695,4.0173197,4.4193707,4.3411183,2.4161305,2.2669063,2.7424037,2.5446029,2.4216635,2.3521838,2.4707222,2.3930404,2.6345186,3.054074,2.923882,2.0261052,1.8706269,1.9764673,1.8437674,1.788566
27,4.090997,3.998142,3.96441,3.7710574,3.62461,3.5159562,3.7821727,3.9666936,3.689492,3.191845,3.2115958,3.0188286,3.1611376,3.172642,3.2510073,3.266031,3.2101765,2.948639,3.059076,3.1937835,3.1879961,3.116452,3.093474,3.148768,1.4355524,3.2012694,0.89101815,0.0,3.6470768,3.6969163,3.1492102,3.133216,2.7632246,3.2150292,2.4314249,2.3499367,2.8611746,3.1924765,2.7411947,2.6909883,2.1099713,2.3362129,2.26855,2.3178928,3.3356335,2.8538861,3.5654662,2.9184856,1.7199216,2.0483286,1.637598,1.7793821,2.0234523,2.7226183,2.2020526,2.0847788,1.828388,1.9002032,1.8235704,1.7967869,1.7608109,1.9061127,1.9055386,1.8338519,3.3006032,2.422892,2.2051802,2.2442617,1.5777733,2.1574445,2.2599716,2.0139937,2.2239041,2.4356232,2.0747468,2.2494648,2.7497728,2.5618417,2.3360994,2.3580036,3.1978614,3.014687,3.5175123,2.5193298,3.1047227,2.7201226,2.63234,2.644721,3.6160152,4.1163464,3.6828785,3.625178,4.090186,4.383089,3.410471,3.7053087,2.5079937,2.6704807,4.3500566,4.2376,2.9941378,4.1986914,3.362952,2.7686093,3.6988957,2.9385293,3.4964468,3.347403,4.0392747,4.027305,4.4215837,4.3680816,2.5628736,2.4068859,2.9096243,2.7221467,2.6027067,2.4779842,2.6325412,2.5062137,2.7170608,3.1171057,2.9925404,2.233248,2.061743,2.190125,2.0764647,1.9862323
28,1.2371479,0.672703,1.2935915,1.0427649,1.6760156,1.7017846,2.0638514,2.2073328,2.4201148,1.3734783,1.4985288,1.5306001,1.4177165,1.3708159,1.5203258,1.54465,1.646874,1.4277104,1.1032113,0.99781555,1.2376891,1.2355189,1.4451143,1.1827722,3.2588263,1.3456295,3.2946057,3.6470768,0.0,1.1706321,1.1339698,1.0564176,2.411089,2.8687673,3.5966613,3.7944262,3.8724968,3.653427,2.3664825,2.3901355,3.1695557,3.0279398,3.4515646,3.320487,3.1965773,3.4506242,3.4360561,3.5860279,3.155131,3.2690156,3.0353734,3.0275345,3.177619,3.785045,3.493949,3.2774491,3.2508774,3.2680721,3.3212543,3.3016877,3.0531342,3.0457802,2.9071536,2.8622255,1.7519743,2.0682244,1.7692517,1.7903193,2.7958527,2.0432835,2.130433,2.079165,3.8264315,3.5002477,3.4739363,3.6245954,2.442443,2.313785,2.277484,1.9971359,2.0748065,3.139515,2.430324,2.239995,2.8613622,2.6410234,2.2741497,2.1840434,1.9724683,2.7483385,2.0439472,2.095186,1.7421182,3.0945988,1.7943668,2.3528013,3.498684,3.631075,4.3261023,4.259236,3.586176,2.9489076,2.3131998,3.0987022,4.246885,3.6181276,3.9356625,3.7145152,2.1471338,2.2780643,2.9342387,2.7027307,2.3969586,2.414989,2.5019627,2.3399577,2.3448806,2.499353,2.436111,2.5261524,1.867213,1.6598746,1.4470572,2.1749735,2.0268352,2.0264113,1.9694339,2.0216522
29,1.7104032,1.3217407,1.6320425,1.572702,2.103713,1.867467,2.3610742,2.4309778,2.7092638,1.6949339,1.8976873,1.8892199,1.8084584,1.7826992,1.9270811,1.9441184,1.9203682,1.6653532,1.4233279,1.4105369,1.7266914,1.740211,1.9510506,1.78189,3.2841382,1.6052078,3.3392425,3.6969163,1.1706321,0.0,1.6177393,1.5647184,2.5672832,2.9784224,3.642831,3.8171978,3.9133155,3.7752066,2.5663931,2.5805526,2.8751943,3.2258043,3.3493893,3.4663706,3.4368262,3.6213691,3.595134,3.753412,3.2451904,3.3379393,3.1440995,3.1159248,3.3516865,3.895938,3.671044,3.4502878,3.388914,3.315625,3.4629261,3.436086,3.2072976,3.212241,3.0303674,2.9939826,2.1077957,2.3635528,2.0519993,2.077877,2.96674,2.3597772,2.2900684,1.9620955,3.933781,3.6628878,3.6863751,3.806632,2.7098103,2.574451,2.5348015,2.2782726,2.451151,3.3155031,2.6667202,2.632258,2.815443,2.5277555,2.59692,2.4599984,2.3349853,3.0031757,2.3247194,2.367545,2.1861758,3.0496564,2.191926,2.2483256,3.7042024,3.7821326,4.548906,4.4630795,3.7270195,3.2283568,2.6678157,3.2585738,4.3650017,3.7482061,4.118798,3.921755,2.529815,2.6472943,3.2350693,3.0552266,2.681985,2.668692,2.793472,2.66163,2.656185,2.785937,2.701924,2.7824004,2.2180636,2.0768616,1.8978922,2.4648201,2.3283353,2.3236187,2.281847,2.3279426
30,1.9001652,1.7213352,1.8685795,1.6086403,1.6480103,1.6339108,1.9371482,2.2422476,2.1746957,1.0753801,1.0944141,1.0504731,1.0110513,0.8914633,1.0771948,1.159165,1.1469254,0.9442872,0.59293425,0.34412673,0.5113075,0.29098094,0.84670544,0.35391596,3.1017857,0.78302515,3.0598433,3.1492102,1.1339698,1.6177393,0.0,0.28728965,2.2622495,2.7353458,3.3938584,3.5767648,3.66245,3.5564072,2.129007,2.1203337,2.8837543,2.8747315,3.1989698,3.0661058,2.9717896,3.268447,3.6285274,3.3893275,2.9285424,3.08749,2.7533557,2.8287692,3.1055746,3.5846236,3.2757838,3.1357083,3.0611033,3.1339264,3.1109583,3.1003127,2.8285918,2.8930004,2.6137633,2.539677,1.5499781,1.8626826,1.5417994,1.578667,2.632402,1.819347,2.007816,1.8759372,3.2639618,2.845055,2.759297,2.9718263,2.3745005,2.1588078,2.1706002,1.8343161,2.4955077,3.4386868,2.8247375,2.0283089,2.7861948,2.399913,2.1296055,2.1022816,1.8977382,2.7018225,2.0263367,2.0239172,2.2452307,3.113234,1.5959221,2.2277105,3.330903,3.3650656,4.196777,4.1378217,3.0516973,2.6677299,2.081371,2.9780376,3.9787924,3.2865596,3.7064757,3.521551,1.9375938,1.9749053,2.7386057,2.5304286,2.11561,2.1267147,2.2999833,2.1203604,2.121937,2.3110824,2.1704812,2.2155197,1.5238551,1.2899579,0.87507004,1.9478215,1.6984427,1.7214463,1.6857045,1.7082096
