,0,1,2,3,4,5,6,7,8,9,10,11,12,13,14,15,16,17,18,19,20,21,22,23,24,25,26,27,28,29,30,31,32,33,34,35,36,37,38,39,40,41,42,43,44,45,46,47,48,49,50,51,52,53,54,55,56,57,58,59,60,61,62,63,64,65,66,67,68,69,70,71,72,73,74,75,76,77,78,79,80,81,82,83,84,85,86,87,88,89,90,91,92,93,94,95,96,97,98,99,100,101,102,103,104,105,106,107,108,109,110,111,112,113,114,115,116,117,118,119,120,121,122,123,124,125,126,127
0,0.0,0.6307971,0.1158568,1.0752057,1.5623715,1.9406482,2.5981908,3.3037271,2.3118353,0.6131365,1.5499667,0.7989814,1.9721862,0.6749536,1.900771,1.9232521,1.1318911,1.3390557,1.7711812,3.4077902,1.4256966,2.8122232,2.1650891,1.3538702,1.3981563,1.7385504,1.544528,1.2173618,1.0530685,2.7739582,1.0330545,1.0330545,2.787061,2.6938574,3.0215514,4.162136,3.0820663,3.043818,3.2315633,3.1642056,2.3332863,2.4685524,2.4055088,2.7254274,1.453071,1.5360286,1.9565588,2.006201,3.0197842,0.98165303,2.0173218,1.9937179,2.0117555,1.9566085,3.0439878,2.9616098,1.3252847,2.4680543,2.7861848,1.593797,3.3506465,3.21031,1.4157702,1.1482466,3.1877675,1.6887292,1.6216826,1.6845725,3.2366652,3.2844338,2.2650368,1.7573372,2.488737,2.4116795,2.4483063,2.3531637,1.429081,1.4611267,1.8048656,1.7558249,2.3666532,2.543376,2.347727,2.8692007,1.6907516,1.6445994,1.7880644,1.8749963,2.2212427,2.2514262,2.317773,2.3048656,1.8521786,2.3750176,1.6441844,1.8602623,1.8408607,2.0897055,1.3083724,1.3083724,1.9929318,1.9142557,2.0357635,2.0357635,1.930295,1.930295,4.005116,4.041921,1.7699337,1.6184844,1.6473596,1.6540765,2.4444885,2.4578595,3.1169717,2.430109,2.911961,2.1841364,2.4958224,2.4674268,2.3522298,2.3522298,1.9300693,2.093674,2.4806077,2.5582287,2.1529865,2.0237386
1,0.6307971,0.0,0.69490165,1.3443599,1.7831258,2.2477415,2.8534405,3.498791,2.2186182,0.9542357,1.5159365,1.1167406,1.9923002,0.9426588,2.0072207,2.0432167,1.1340818,1.1206958,1.6784134,3.4069607,1.2073461,2.8774846,2.01932,1.1493374,1.4634905,1.4822433,1.4699342,1.0014851,0.92794615,2.7585814,0.8824751,0.8824751,3.003884,2.8973584,3.3802845,4.3661723,3.2442827,3.1886446,3.2992978,3.3159535,2.3935008,2.5614114,2.4955807,2.9064481,1.4776013,1.5041022,1.87337,1.8895396,3.1149604,0.96312714,2.0128672,2.0454235,2.096732,1.9649483,3.136541,3.054955,1.1503502,2.464538,2.4552164,1.457516,3.2883124,3.0442379,1.3843086,1.0603164,2.9527218,1.260064,1.2107824,1.2814786,3.034875,3.100214,1.9016643,1.3165709,2.2813377,2.2053342,2.2048364,2.1870925,1.3774407,1.3615777,1.7334292,1.7077101,2.4398756,2.39262,2.272127,2.7439628,1.6890674,1.610587,1.6211886,1.7174227,2.2382092,2.300081,2.3537185,2.3073611,1.8589547,2.6159747,1.6587077,1.8975586,1.6496288,1.8975718,1.2867799,1.2867799,2.0604284,2.043409,2.1781876,2.1781876,1.8706977,1.8706977,4.166228,4.213042,1.8382025,1.6805834,1.7184336,1.7227675,2.522172,2.5382254,3.4485495,2.7474413,3.1263275,2.2531967,2.6177566,2.589398,2.527788,2.527788,2.2708101,2.239226,2.6699193,2.6670742,2.3819394,2.313119
2,0.1158568,0.69490165,0.0,1.0725025,1.5190431,1.9016407,2.544399,3.2615814,2.2970796,0.5668342,1.5506679,0.7826979,1.9682428,0.6247686,1.9023342,1.9249867,1.1109074,1.3466066,1.759605,3.334954,1.4108671,2.804235,2.1514132,1.3333951,1.4066797,1.767297,1.6037577,1.269357,1.0851767,2.7695003,1.089798,1.089798,2.7496722,2.6543937,2.9771717,4.1079125,3.0799932,3.026788,3.2293553,3.1521904,2.3377554,2.4726765,2.4134066,2.7225173,1.4671632,1.5558633,1.9712667,2.0070586,2.997626,0.9696996,1.9955126,1.966306,2.0426564,1.9917986,3.0437012,2.9616642,1.3474193,2.4529402,2.8035579,1.582824,3.3305724,3.197881,1.3996526,1.1527352,3.2188938,1.7353004,1.671831,1.7388545,3.27661,3.3256936,2.3109758,1.7937703,2.5202587,2.4453392,2.4813094,2.377414,1.4319222,1.4715124,1.795076,1.7512871,2.4054282,2.6026728,2.3941312,2.9124866,1.6934444,1.6258956,1.8001193,1.8891363,2.225953,2.2537193,2.3245609,2.3118067,1.8645017,2.3394747,1.6552968,1.8667091,1.8708419,2.1342573,1.3293011,1.3293011,2.002849,1.9161651,2.0385323,2.0385323,1.9592488,1.9592488,3.9705617,4.005306,1.7436332,1.6327451,1.6592518,1.6666247,2.4266937,2.435601,3.0515385,2.38083,2.888536,2.1703703,2.4680152,2.4382627,2.3063235,2.3063235,1.8753943,2.0808063,2.4245572,2.495339,2.1148567,1.9711144
3,1.0752057,1.3443599,1.0725025,0.0,1.8774974,2.2656868,2.630719,3.3503456,2.6142225,1.2418497,1.7522395,1.2011236,2.7076826,1.3000156,2.2012312,2.2418308,1.5832472,1.7048539,2.0715597,3.6588495,1.76714,2.9958217,2.4578621,1.7157806,1.933197,1.9890462,1.8356084,1.5075954,1.4740895,2.984202,1.4672128,1.4672128,2.0955377,2.0268507,2.329959,3.6737626,2.3479176,2.2794535,2.4672575,2.412199,2.691112,2.824711,2.770383,3.0364828,1.8938102,1.9720272,2.3217804,2.3670857,2.6617014,1.5057718,2.4501348,2.4090934,2.2696126,2.1659873,3.1809711,3.0871494,1.5712597,2.6180725,2.9159074,1.8100715,3.4727895,3.3338108,1.7129829,1.5254021,3.5201237,2.1575012,2.121369,2.1526268,3.4958472,3.5316746,2.6709473,2.2349837,2.6549819,2.661061,2.7338872,2.1473083,1.7601677,1.8253537,1.5169811,1.4430842,2.6790936,2.8031816,2.6395893,3.1228101,2.1234531,2.1203516,2.1773067,2.2590172,1.6515981,1.6556927,1.6943781,1.7420679,2.2603166,2.7499485,2.1083343,2.233739,2.2726738,2.2505357,1.8554938,1.8554938,2.3266435,2.3423727,2.4355752,2.4355752,2.4121857,2.4121857,4.20128,4.227391,2.2387102,2.075077,2.0926762,2.098924,2.8271525,2.8354716,3.4133701,2.8001614,2.533765,2.511898,2.9224162,2.8716013,2.8558981,2.8558981,2.371514,1.9579778,2.8728366,2.9243004,2.5119085,2.407986
4,1.5623715,1.7831258,1.5190431,1.8774974,0.0,0.8666318,1.8072708,2.4650714,2.750679,1.6107408,2.3066874,1.694626,3.1420116,1.6933408,2.5376813,2.5501113,1.8760306,2.3440356,1.8392607,3.2408683,2.1918764,3.4612062,2.7903388,2.1523216,2.361318,2.6860318,2.6443067,2.3739178,2.0925355,2.2903209,2.1491761,2.1491761,2.747592,2.6550205,2.932222,4.183805,3.2561135,3.0862098,3.4719384,3.2051945,3.340425,3.4252026,3.3581274,3.673444,2.3768709,2.4619493,2.9950147,3.0440178,3.1694076,1.8015505,2.6403592,2.5487165,2.8717885,2.760771,3.2948682,3.2259202,2.1282344,1.956005,3.0760043,2.3546367,3.308966,3.397633,1.9492997,1.7623729,3.8116097,2.5732572,2.583241,2.623595,3.7989786,3.865987,2.9193335,2.566879,3.240833,3.0421548,3.0546968,2.9566338,2.4837856,2.5517251,2.6517792,2.649878,2.9991524,3.3594368,3.2330422,3.596713,2.7096334,2.451328,2.8084416,2.8793268,3.0274873,3.0279002,3.1018386,3.093198,2.8095663,1.5499104,2.7601926,2.977928,2.708092,2.9342673,2.5417953,2.5417953,2.983767,2.9249358,3.048294,3.048294,2.9053822,2.9053822,3.7347152,3.7755783,2.8207278,2.7965424,2.8131373,2.817917,2.7526639,2.7174473,3.4091172,2.8365622,3.2831151,2.6075187,2.637517,2.6523685,2.645527,2.645527,2.2983098,2.075373,2.9985378,2.6835918,2.8244426,2.356094
5,1.9406482,2.2477415,1.9016407,2.2656868,0.8666318,0.0,1.7123984,2.6410341,2.9520397,2.0183272,2.8021827,1.9741037,3.3599968,2.0776234,2.761365,2.755324,2.1596603,2.8056655,2.3470986,3.589633,2.6826131,3.605205,3.2337646,2.6475537,2.8696146,3.0819001,2.8724418,2.7844062,2.443193,2.5470183,2.4760134,2.4760134,2.7793422,2.7148707,3.0213587,4.2226214,3.4490764,3.4226165,3.9144473,3.5063531,3.4869182,3.547257,3.4637759,3.747833,2.6572313,2.7030914,3.34941,3.4037318,3.373807,2.1420946,2.8347383,2.6858888,2.966503,2.8808687,3.5244138,3.456664,2.6467807,2.40535,3.5686948,2.8027496,3.7435555,3.92251,2.4189732,2.1961849,4.1702437,3.055423,3.0616634,3.0816233,4.0756564,4.1362357,3.3931575,3.0371602,3.7023392,3.5293424,3.5306873,3.4322515,2.9452517,2.996524,3.1246374,3.116248,3.1965256,3.754213,3.616634,3.9925516,3.1823812,2.9999626,3.271789,3.3471518,3.54088,3.5281441,3.6040533,3.615483,3.221097,1.5531498,3.1583033,3.3734078,3.1124096,3.3898418,2.9348364,2.9348364,3.2962422,3.232874,3.3423865,3.3423865,3.2437158,3.2437158,3.962812,3.9867034,3.247249,3.2050238,3.223864,3.2281399,2.879222,2.8384218,3.4447653,2.9254181,3.3026361,2.6898475,2.6866124,2.7282386,2.7685895,2.7685895,2.3800945,2.2900724,3.0255842,2.7998888,2.9979324,2.5232127
6,2.5981908,2.8534405,2.544399,2.630719,1.8072708,1.7123984,0.0,2.14836,3.3189526,2.4643044,3.2630749,2.8498683,3.8184965,2.442945,3.1110058,3.1375613,2.3479826,2.8363032,2.3070793,3.6647892,2.7458663,3.559856,3.25635,2.7046347,3.0940588,3.4595692,3.527817,3.3386512,2.8839226,2.7111635,2.9023783,2.9023783,2.853536,2.7734385,3.0550797,4.2065873,3.7212045,3.6470294,4.043865,3.7437,3.7286613,3.829222,3.784111,4.098839,3.2502115,3.3116825,3.5763354,3.5639396,2.495715,2.5731516,3.02759,2.9413128,3.3987362,3.2305863,3.7080963,3.6082516,2.9201877,2.4086745,3.545091,2.6304388,3.6176593,3.965633,2.74291,2.660838,4.3951488,3.3577554,3.3596087,3.3980029,4.3743415,4.467093,3.608934,3.353277,4.0238132,3.8993115,3.9163055,3.5804048,3.213692,3.2764633,3.105472,3.104969,3.5024579,3.875951,3.6827052,4.0591226,3.40948,3.1746788,3.4778516,3.5468915,3.506212,3.4970825,3.5483775,3.556539,3.4656172,2.124637,3.2999547,3.635874,3.3637178,4.0173225,3.2485883,3.2485883,4.009115,3.652984,3.75536,3.75536,3.4772277,3.4772277,4.1625013,4.172289,3.585258,3.5477042,3.559111,3.5637696,3.065442,2.94978,3.6969917,3.213171,3.265473,3.0035963,2.5195048,2.5102153,3.036549,3.036549,2.803431,2.303549,3.1349137,2.786902,3.3632824,2.8887799
7,3.3037271,3.498791,3.2615814,3.3503456,2.4650714,2.6410341,2.14836,0.0,4.3496203,3.2504992,3.8335545,3.731054,4.357984,3.2543766,3.8842654,3.8821676,3.306693,3.7094562,3.3628068,4.3348384,3.6109233,4.884403,4.088531,3.619359,3.758979,4.378619,4.297564,4.1522803,3.822153,3.8303404,3.8412826,3.8412826,3.6637049,3.598107,3.4119701,4.840001,4.3337603,4.296106,4.7154713,4.4186215,4.6912546,4.816921,4.7606144,5.017601,3.955432,4.1257367,4.1877656,4.295827,3.6141384,3.604198,3.932368,3.8386054,3.826641,3.7968185,3.9882643,3.91562,3.6220906,3.3035934,3.4232793,3.4665148,4.097514,4.636918,3.484122,3.351168,4.8019285,3.8335943,3.8570418,3.9075894,4.797988,4.9323015,4.039278,3.854759,4.1461525,4.0379825,4.0637126,3.881736,3.975525,4.054296,3.8270915,3.7879431,4.0804462,4.468892,4.3205442,4.5842085,4.033114,3.8297417,4.1600823,4.187564,4.0853753,4.0254188,4.0765405,4.1255817,4.1756763,3.1662736,3.8646865,4.3018675,4.0413313,4.635588,3.880599,3.880599,4.3422756,3.9257858,4.008959,4.008959,4.271421,4.271421,4.5820127,4.6149306,4.0805335,4.0130596,4.0175276,4.0187426,3.61685,3.5264728,4.440814,3.600913,4.4364862,3.7391374,3.3346386,3.3188372,3.6024036,3.6024036,3.4707448,2.9007087,3.8222039,3.4087508,3.7977748,3.3824813
8,2.3118353,2.2186182,2.2970796,2.6142225,2.750679,2.9520397,3.3189526,4.3496203,0.0,2.2629004,2.7429695,2.4546027,2.8040748,2.1146793,3.476791,3.5118933,2.0784478,2.2444787,2.56562,3.6671329,2.162784,3.2514677,2.7556558,2.062354,2.9613936,2.5789442,2.6032176,2.4447927,2.4501867,3.6531725,2.4561918,2.4561918,3.498253,3.3303785,4.329909,4.429691,3.8368278,3.6997514,4.0267897,3.9378185,3.2018046,3.3608253,3.3278422,3.4678328,2.6401908,2.5007133,3.3179677,3.2372444,3.371519,2.137277,2.9520078,2.965192,2.8811457,2.9679027,4.214609,4.1681895,2.9184422,3.6250298,3.7019024,2.5585403,3.3565948,3.3677752,2.5451677,2.7645946,3.9007707,2.6423955,2.5210266,2.6532671,4.674301,4.7062554,2.8666158,2.3633673,3.343272,3.2595456,3.1535752,3.172254,2.5408278,2.392057,2.7158463,2.72896,3.3981512,3.5995853,3.2414777,3.4019923,2.8415594,2.4042878,2.5751224,2.6439662,3.1403618,3.2621584,3.3566139,3.293457,2.9709685,3.3098092,2.9418342,2.9966414,2.9254627,3.31429,2.535994,2.535994,3.0378184,2.8257232,2.9599476,2.9599476,3.0527027,3.0527027,4.671275,4.7047,2.8235967,2.8466682,2.888784,2.8921816,3.0823286,3.0638561,3.6543295,2.9560165,3.7342339,3.1922278,3.212453,3.1878793,2.9902077,2.9902077,2.6555784,3.1366198,2.9305325,2.734156,2.708859,2.6145422
9,0.6131365,0.9542357,0.5668342,1.2418497,1.6107408,2.0183272,2.4643044,3.2504992,2.2629004,0.0,1.6087635,1.032227,1.9423895,0.45990047,1.8202626,1.8531708,1.2656505,1.395795,1.7595372,3.117821,1.3684379,2.7018874,2.1322837,1.2913109,1.3923088,2.059982,1.8232838,1.5141586,1.1542627,2.8281112,1.190316,1.190316,2.8311486,2.7422233,3.061001,4.192016,2.9907978,2.9510143,3.110046,3.074428,2.264353,2.4126837,2.3540177,2.6848528,1.596601,1.6747942,1.9112024,1.9005773,2.7450337,1.0250866,2.1193202,2.105767,2.060123,1.9883934,3.1667516,3.083536,1.3620889,2.3851445,2.8997622,1.6904104,3.309478,3.3187857,1.5277092,1.2890059,3.224723,1.7024345,1.6457373,1.7149296,3.1936224,3.237954,2.247001,1.756264,2.5901384,2.4936757,2.528346,2.4370632,1.4238944,1.4836998,1.8000633,1.7709756,2.6125476,2.7257164,2.4735253,3.0405161,1.7493482,1.6158377,1.862966,1.9719275,2.3090882,2.3506317,2.418531,2.3964236,1.9131154,2.4169774,1.6767924,1.8900021,1.7938952,2.3398085,1.3031557,1.3031557,2.1756706,1.8957381,2.0298321,2.0298321,1.9162511,1.9162511,3.9807808,4.0126467,1.6287253,1.6426063,1.6743909,1.6838863,2.461849,2.444908,2.9559245,2.4743307,3.012085,2.3294215,2.318282,2.2643323,2.3774936,2.3774936,2.0339112,2.1694531,2.6549904,2.654417,2.2276971,2.076397
10,1.5499667,1.5159365,1.5506679,1.7522395,2.3066874,2.8021827,3.2630749,3.8335545,2.7429695,1.6087635,0.0,1.6273612,2.617051,1.7121967,2.2955017,2.3134234,2.0117476,1.840678,2.1084285,3.5431366,1.9990777,3.8793404,2.3356602,1.9161781,2.1059191,2.295484,1.8882823,1.6674775,1.6609209,3.153257,1.7072798,1.7072798,3.38883,3.3070312,3.654393,4.4463277,3.3724158,3.374822,3.3611553,3.473619,3.423024,3.571102,3.5179873,3.7498934,2.4166796,2.4527342,2.577504,2.5033398,3.27601,1.6743239,2.5878038,2.6105905,2.495297,2.4602282,3.5572274,3.4842877,1.9309665,2.772449,3.4464653,2.0789175,3.87909,3.5896592,2.2456048,2.0209014,3.4152637,2.3201647,2.3068585,2.3651376,3.4782484,3.5788805,2.7993731,2.3832672,3.1019757,3.0545762,3.0672562,2.9021518,2.0380619,2.098201,2.323589,2.3068826,3.1846182,3.1055489,2.8901005,3.4196756,2.3820057,2.321895,2.3647983,2.4850004,2.649868,2.7028992,2.7452557,2.689338,2.748813,3.3433363,2.2347815,2.71813,2.4688036,2.4589987,2.014678,2.014678,2.4415445,2.481951,2.6100311,2.6100311,2.918456,2.918456,4.165008,4.197541,2.3304043,2.2754245,2.295809,2.303179,3.3496773,3.3322136,4.1308537,3.2889233,3.3599784,3.07366,3.2396855,3.185437,3.1608975,3.1608975,2.8776615,2.9777246,3.175013,3.3284626,3.0477371,2.938397
11,0.7989814,1.1167406,0.7826979,1.2011236,1.694626,1.9741037,2.8498683,3.731054,2.4546027,1.032227,1.6273612,0.0,2.213549,1.0921558,1.9472641,1.9790925,1.5499804,1.7879034,2.0577743,3.3751185,1.762664,2.8436992,2.3590891,1.6790808,1.7708427,1.9057031,1.5391157,1.283031,1.2203672,2.8246312,1.3136493,1.3136493,2.6724706,2.5922995,2.9446046,4.030126,2.9059746,2.875693,3.0935054,2.988082,2.460951,2.5619261,2.4898388,2.7586434,1.5901188,1.6330043,2.2257285,2.2048063,3.3196244,1.1601526,2.195214,2.1265895,2.200324,2.1472194,3.164354,3.0823162,1.5952532,2.590572,3.2326717,1.999115,3.672311,3.3927624,1.5946925,1.3666097,3.4240682,2.1246336,2.093123,2.1272676,3.4015265,3.4364634,2.6801753,2.1619081,2.7835398,2.7283247,2.7654824,2.5839264,1.6503626,1.7293901,1.9989328,1.9894235,2.7100348,2.928734,2.751384,3.2543874,2.061611,2.012847,2.1538742,2.2743409,2.4183621,2.4450607,2.5269775,2.5004022,2.1526883,2.4147625,2.0080178,2.1188154,2.1350465,2.017674,1.6621217,1.6621217,1.9515557,2.1954312,2.3089662,2.3089662,2.2247603,2.2247603,4.0194116,4.0478873,1.9866958,1.9622165,1.989142,2.001446,2.7555833,2.7672896,3.098584,2.690893,2.7973964,2.3509045,2.816155,2.7915118,2.574755,2.574755,2.1003187,2.3146265,2.710668,2.763461,2.3707814,2.2229536
12,1.9721862,1.9923002,1.9682428,2.7076826,3.1420116,3.3599968,3.8184965,4.357984,2.8040748,1.9423895,2.617051,2.213549,0.0,1.7729665,2.5160081,2.5294828,1.9696805,2.0693269,3.1111212,4.040764,2.1115363,3.066412,2.513003,2.0359313,2.0155253,2.6015794,2.5225787,2.3739624,2.2553656,4.2457523,2.2410343,2.2410343,3.9350317,3.8202858,4.1869736,4.9094477,4.25783,4.2734947,4.4695673,4.4124427,1.9701936,2.1451058,2.0854266,2.297513,1.7959948,1.828906,1.8233851,1.7902215,3.8868942,1.9959038,2.538618,2.5373495,2.4663277,2.5800471,3.7093623,3.6237998,2.4486415,3.967292,3.3599942,2.4329257,3.902104,3.8113692,2.4001644,2.2742994,3.146537,1.9748081,1.8927822,1.9710859,3.5258086,3.5787077,2.5218453,1.9552591,2.5847147,2.6908662,2.678484,3.0249448,1.7731612,1.7513219,2.4933314,2.4797235,2.70234,2.8952818,2.5332425,3.0693202,1.8632017,2.0006824,1.9673228,2.0581253,3.1086993,3.1364863,3.2386212,3.1815443,1.999839,3.537854,1.7357384,1.7386197,2.094897,2.831164,1.3699347,1.3699347,2.113519,1.7643485,1.8518299,1.8518299,2.033848,2.033848,4.9226995,4.9550896,1.7330469,1.7416059,1.7769871,1.7936448,2.5653162,2.5611968,3.0257726,2.3816028,3.733817,2.4673502,2.6450412,2.5910704,2.3252752,2.3252752,2.1559339,3.0914195,2.3891885,2.6855292,1.8229716,2.1758974
13,0.6749536,0.9426588,0.6247686,1.3000156,1.6933408,2.0776234,2.442945,3.2543766,2.1146793,0.45990047,1.7121967,1.0921558,1.7729665,0.0,1.8465565,1.8920907,1.0624341,1.2404329,1.7463071,3.2039647,1.2543365,2.5548513,1.8966533,1.0989211,1.3274988,1.9377339,1.7722483,1.4463712,1.1908877,2.914738,1.2254864,1.2254864,2.789968,2.6688025,3.071544,4.103683,3.0549304,3.034244,3.2426121,3.1925592,2.1301334,2.2965586,2.2467773,2.5589755,1.4815601,1.5592984,1.8809352,1.8611919,2.7654212,0.9296467,2.0727859,2.047743,1.98363,1.9316088,3.1739843,3.0740943,1.4168007,2.5297258,2.7670078,1.4617652,3.3248398,3.2421546,1.3615074,1.2658889,3.049586,1.6274738,1.5356278,1.6412274,3.3324952,3.3965464,2.1380632,1.6273968,2.529125,2.4838996,2.5011942,2.39753,1.2887466,1.3467323,1.6908185,1.6649847,2.5171094,2.6519005,2.3457878,2.8615966,1.6802316,1.4549776,1.7596154,1.8774248,2.2273989,2.2664204,2.3611903,2.3154113,1.8307214,2.4375484,1.5958884,1.8008577,1.7243237,2.2647274,1.0806254,1.0806254,1.952014,1.6692688,1.8133522,1.8133522,1.8286145,1.8286145,4.0226526,4.05445,1.5214463,1.4950335,1.5304563,1.5425518,2.3150358,2.275318,2.9005578,2.2698815,2.9386897,2.1901724,2.2284794,2.16515,2.0656674,2.0656674,1.7908754,1.9973803,2.3693242,2.317196,1.9579154,1.816345
14,1.900771,2.0072207,1.9023342,2.2012312,2.5376813,2.761365,3.1110058,3.8842654,3.476791,1.8202626,2.2955017,1.9472641,2.5160081,1.8465565,0.0,0.142727,2.282587,2.3348875,2.6339128,3.70888,2.4769979,3.1081185,1.8852966,2.2839477,2.045096,2.574431,2.3847675,2.1328752,1.6906726,3.195707,1.6821966,1.6821966,3.0867305,3.0505564,3.31297,4.4700847,3.1558146,3.2900512,3.2806249,3.268318,2.3500152,2.4297101,2.3771045,2.7253265,2.2724817,2.326552,2.0644927,2.0042782,3.2636049,1.8301197,2.3474588,2.2888744,2.7063563,2.5436459,3.922399,3.8115807,1.9527558,2.8540633,3.204864,2.3793244,4.5181246,4.163373,2.5328655,1.9456868,2.325667,2.2653368,2.320851,2.256945,2.317954,2.4265358,2.8211138,2.4400039,2.9896057,3.0097172,3.0374308,2.9000556,2.0420702,2.1560256,2.4289925,2.41716,3.236773,3.2378962,3.0360932,3.8564672,2.5418668,2.6351912,2.539015,2.717727,2.9616716,2.9129817,2.9892087,2.8921015,2.536273,3.0134585,2.6464193,2.5272236,2.299471,2.7303765,1.8846028,1.8846028,2.5628493,2.4662457,2.5417528,2.5417528,2.379398,2.379398,4.3671284,4.388427,2.0809155,2.1150224,2.1284485,2.1355422,3.280384,3.1591005,3.4598172,3.2969596,3.4822943,2.8694694,2.9191523,2.8721051,2.9530742,2.9530742,2.8387184,2.7342942,3.2680674,3.4677114,3.1091034,3.0073218
15,1.9232521,2.0432167,1.9249867,2.2418308,2.5501113,2.755324,3.1375613,3.8821676,3.5118933,1.8531708,2.3134234,1.9790925,2.5294828,1.8920907,0.142727,0.0,2.3203757,2.3980732,2.6970036,3.7507834,2.5494764,3.1969411,1.9504952,2.358551,2.1009548,2.6307206,2.4230325,2.1934664,1.752355,3.2429075,1.73453,1.73453,3.115235,3.0834904,3.3301528,4.478095,3.1944852,3.333885,3.3384645,3.3062382,2.4008696,2.4737673,2.4194252,2.7621808,2.2940795,2.349907,2.0940707,2.0500035,3.303427,1.8775058,2.3772795,2.3154461,2.7258258,2.565836,3.9443011,3.8368807,2.010075,2.898981,3.2527552,2.4516602,4.549915,4.2116866,2.58762,1.9863232,2.3444135,2.3187516,2.3745878,2.308408,2.3273928,2.4340699,2.884069,2.494409,3.0248744,3.0412586,3.067759,2.9534273,2.0996625,2.2093177,2.5010185,2.484591,3.253208,3.2780762,3.082462,3.901823,2.5818295,2.6919835,2.5863788,2.7616992,3.0315387,2.977206,3.0525126,2.9611712,2.5866988,3.0336099,2.7019486,2.5775867,2.344008,2.7819624,1.9355892,1.9355892,2.6019878,2.4959974,2.570687,2.570687,2.4303992,2.4303992,4.371515,4.3916416,2.1301212,2.162859,2.1754606,2.1819866,3.286017,3.165178,3.484099,3.3027613,3.51049,2.877188,2.926272,2.884473,2.972307,2.972307,2.850489,2.786708,3.27431,3.5054054,3.1269307,3.0299094
16,1.1318911,1.1340818,1.1109074,1.5832472,1.8760306,2.1596603,2.3479826,3.306693,2.0784478,1.2656505,2.0117476,1.5499804,1.9696805,1.0624341,2.282587,2.3203757,0.0,0.95572764,1.7203966,3.5617032,1.005723,2.661756,2.019158,0.93222106,1.7032195,1.624835,2.1862638,1.7381732,1.5029078,2.8888695,1.4306008,1.4306008,2.7079628,2.5692785,3.1922839,3.936994,3.4377277,3.2842994,3.5615885,3.4294968,2.22267,2.3841903,2.3312395,2.7180355,1.4900013,1.4724082,1.8953336,1.8777872,2.639911,0.83127195,1.9405581,1.9330169,2.49259,2.342062,3.3023255,3.1950467,1.5987934,2.6926877,2.5998693,1.2765356,2.902447,2.8622172,1.426194,1.289515,3.211343,1.5917615,1.5492697,1.6115348,3.3980174,3.4571397,2.205676,1.5583072,2.519836,2.5185912,2.5104527,2.3645444,1.3568637,1.321961,1.548519,1.5519168,2.1045575,2.3540983,2.1041362,2.5974143,1.5810226,1.5650032,1.5116888,1.5889889,2.2001762,2.2359343,2.3070064,2.276549,1.7723254,2.3822098,1.6911453,1.8436819,1.8518646,2.4719048,1.4794985,1.4794985,2.5000343,2.2758431,2.3944056,2.3944056,2.0009758,2.0009758,4.2609324,4.2909794,2.164457,1.9918277,2.012522,2.0205567,2.0483694,2.0338,3.1649935,2.227614,2.6650767,1.777116,2.1009688,2.0817852,2.0054657,2.0054657,1.7310141,1.9178028,1.9259257,1.9673384,1.8854846,1.818288
17,1.3390557,1.1206958,1.3466066,1.7048539,2.3440356,2.8056655,2.8363032,3.7094562,2.2444787,1.395795,1.840678,1.7879034,2.0693269,1.2404329,2.3348875,2.3980732,0.95572764,0.0,1.4289333,3.4914398,0.69716185,2.5243142,1.8111163,0.5846478,1.3927352,1.2641107,2.0185223,1.3887775,1.281222,2.7944386,1.2060664,1.2060664,3.2189403,3.0855966,3.6420858,4.266009,3.6135492,3.4586442,3.4736137,3.6053643,2.2727385,2.4624414,2.4499278,2.8041306,1.8256778,1.8290398,1.87293,1.7760419,2.7729852,1.053222,1.9095405,2.0203254,2.5506928,2.4225576,3.4433181,3.3419194,1.360919,2.6000547,2.4950035,0.82621753,3.0598683,2.7934823,1.5013778,1.4917426,3.093455,1.4043286,1.307289,1.4099586,3.279296,3.3392696,2.0722048,1.43839,2.4326482,2.4143002,2.4166465,2.2579043,1.1561875,1.0858535,1.3657138,1.3665218,2.3752954,2.1647682,1.8923571,2.4498236,1.3700876,1.2890908,1.1243724,1.2149258,1.9772679,2.0728805,2.1137319,2.0377302,1.6059805,2.8463495,1.3574322,1.6616764,1.7703382,2.3268466,1.2747923,1.2747923,2.4476392,2.2152371,2.326284,2.326284,1.8531251,1.8531251,4.1576705,4.197256,1.9064283,1.6869551,1.7058479,1.7128142,2.6060073,2.5974233,3.450683,2.6796858,3.0778267,2.3770876,2.6171365,2.5665476,2.4623973,2.4623973,2.2994072,2.4247468,2.418104,2.4131455,2.3717456,2.3260682
18,1.7711812,1.6784134,1.759605,2.0715597,1.8392607,2.3470986,2.3070793,3.3628068,2.56562,1.7595372,2.1084285,2.0577743,3.1111212,1.7463071,2.6339128,2.6970036,1.7203966,1.4289333,0.0,3.123714,1.5084208,2.820086,2.291576,1.4506649,1.9458381,1.8876501,2.3694537,1.8375818,1.6178511,1.5596157,1.6401912,1.6401912,3.4665213,3.3456154,3.8373563,4.428331,3.7441387,3.5926075,3.571293,3.7208147,3.1351547,3.263256,3.2543778,3.5542865,2.643053,2.6697838,2.8680818,2.7768621,2.9612906,1.5512973,2.2108176,2.2913046,2.9718292,2.8379934,3.6744125,3.5892134,1.7595502,1.5503709,2.8696256,1.4126421,3.3230393,3.0944502,1.838663,1.8999665,3.6461937,2.2654834,2.2085793,2.2852192,3.6517358,3.7225213,2.7201333,2.283608,3.2390947,3.0425634,3.0357947,2.8701572,2.1025298,2.1040268,2.2452085,2.2632258,3.0465121,2.8907142,2.6977198,3.1429873,2.3329089,1.9890313,2.1524415,2.229656,2.7155747,2.803717,2.8371603,2.7644017,2.4528933,2.293495,2.2245016,2.6623409,2.5078406,2.8459904,2.2143843,2.2143843,3.0278606,2.882864,2.9977186,2.9977186,2.5993986,2.5993986,3.428889,3.4754803,2.5744154,2.4379067,2.4488199,2.452033,3.212681,3.1737392,3.775348,3.2098846,3.5255003,3.0227306,3.0050519,2.9830558,2.8789518,2.8789518,2.7678924,2.7057562,3.0695877,2.742695,3.2113352,2.813439
19,3.4077902,3.4069607,3.334954,3.6588495,3.2408683,3.589633,3.6647892,4.3348384,3.6671329,3.117821,3.5431366,3.3751185,4.040764,3.2039647,3.70888,3.7507834,3.5617032,3.4914398,3.123714,0.0,3.1742597,4.0119076,3.6199214,3.1618652,3.734739,3.757748,3.8604426,3.5243204,3.1730762,3.5205314,3.460686,3.460686,4.2762733,4.216149,4.6038985,5.1228,4.691325,4.47812,4.4956493,4.6111107,4.2017612,4.3567834,4.379255,4.6420717,4.0838118,4.1172247,4.082979,3.752857,4.3837395,3.3711565,3.1944287,3.2335858,4.217209,4.1227584,4.6658483,4.656035,3.3889396,3.1364477,4.0746465,3.3744233,4.652903,4.4222484,3.4924376,3.4367075,4.905342,3.8460948,3.8932135,3.9745047,4.5738773,4.658979,4.175419,3.7853436,4.593488,4.4704876,4.430812,4.3687296,3.8338032,3.8702512,3.7865396,3.8754742,5.372223,5.308,5.1321993,5.5264616,4.04078,3.5895696,3.9444773,4.0500855,4.379081,4.4666615,4.520474,4.465313,4.1769514,3.8705783,3.940404,4.13763,4.0056386,4.3067756,3.883443,3.883443,4.1894393,4.162561,4.267876,4.267876,4.1081076,4.1081076,4.5441275,4.543717,3.181286,3.8938484,3.8991358,3.900099,4.50779,4.4599676,3.8405704,4.475727,4.855908,4.367967,4.22952,4.1799674,4.189221,4.189221,4.163305,4.283963,4.159486,3.823002,4.460751,4.1830826
20,1.4256966,1.2073461,1.4108671,1.76714,2.1918764,2.6826131,2.7458663,3.6109233,2.162784,1.3684379,1.9990777,1.762664,2.1115363,1.2543365,2.4769979,2.5494764,1.005723,0.69716185,1.5084208,3.1742597,0.0,2.5002496,2.0444937,0.40274632,1.6114331,1.5262107,2.2519274,1.6126226,1.3758371,2.7896287,1.4167026,1.4167026,3.0924869,2.9608507,3.563643,4.3233814,3.5505886,3.3137374,3.3850005,3.4719603,2.3038008,2.5053544,2.4741979,2.8118827,1.9021968,1.8894447,1.9966122,1.8384415,2.8317995,1.0825926,1.9424707,2.007114,2.6874425,2.6124287,3.4879112,3.394886,1.5073056,2.601148,2.50259,1.1612941,2.8624556,2.7373748,1.5764868,1.5211792,3.3461623,1.3694922,1.3536643,1.4397097,3.2665968,3.3169103,1.9559968,1.3358723,2.3923392,2.360884,2.3581774,2.206275,1.3127959,1.2583172,1.368343,1.4311574,2.5259209,2.4631932,2.1696382,2.7351162,1.4911057,1.3035592,1.2734649,1.3607166,2.0292828,2.152227,2.2023578,2.1399307,1.6631317,2.6869605,1.4345887,1.6993359,1.9290149,2.4933333,1.5270282,1.5270282,2.5422094,2.3442779,2.4538417,2.4538417,2.0249853,2.0249853,4.317065,4.360518,1.9050815,1.8519975,1.8725767,1.8796786,2.64338,2.6475582,3.2035956,2.6331823,3.196619,2.443057,2.6385925,2.5829117,2.5129035,2.5129035,2.279601,2.286514,2.5248303,2.32815,2.3216727,2.2321002
21,2.8122232,2.8774846,2.804235,2.9958217,3.4612062,3.605205,3.559856,4.884403,3.2514677,2.7018874,3.8793404,2.8436992,3.066412,2.5548513,3.1081185,3.1969411,2.661756,2.5243142,2.820086,4.0119076,2.5002496,0.0,2.9786093,2.412427,2.5358279,2.5878937,3.1695244,2.7425075,2.5897467,3.384453,2.5878086,2.5878086,3.747204,3.6432838,4.1160417,4.6858344,4.0315175,3.897372,3.9098907,4.020218,1.6893098,1.7279088,1.8072532,2.1102407,2.7428198,2.7223103,2.8689952,2.760003,3.6464524,2.5701,2.894333,2.9420738,3.5515764,3.4152048,4.2870007,4.1833844,2.6813197,3.418734,3.5919473,2.597796,4.0752606,3.7926514,2.5840456,2.7584875,3.9504662,2.8858812,2.7823188,2.8130414,4.0772767,4.0336175,3.3073676,2.8910277,3.4667692,3.4351106,3.4683208,3.2770245,2.4423335,2.426517,2.5789645,2.606049,3.389057,3.2795334,3.06956,3.4906385,2.6713567,2.5495512,2.5984468,2.6662433,3.0465555,3.1095936,3.1691754,3.0993745,2.3168051,3.1281846,2.7383485,2.3422635,2.8001792,3.283715,2.526372,2.526372,3.325392,3.1797674,3.2218492,3.2218492,2.1300085,2.1300085,4.6026807,4.6238303,2.7405846,2.7086182,2.7217855,2.7323601,3.4065852,3.3819258,2.9208333,3.4249477,3.6703377,3.2105138,3.3798723,3.3425283,3.159033,3.159033,3.06093,3.244721,3.4370995,3.2170198,3.1941354,3.1132739
22,2.1650891,2.01932,2.1514132,2.4578621,2.7903388,3.2337646,3.25635,4.088531,2.7556558,2.1322837,2.3356602,2.3590891,2.513003,1.8966533,1.8852966,1.9504952,2.019158,1.8111163,2.291576,3.6199214,2.0444937,2.9786093,0.0,1.6830614,1.8725579,2.0269308,2.5495117,2.018369,1.9528973,3.3182268,1.9637109,1.9637109,3.3763487,3.2168252,3.8416746,4.451721,3.7890098,3.580064,3.6002922,3.7181594,2.577206,2.7115,2.7406652,3.0226724,2.3195097,2.339218,2.3231804,2.1819727,3.2599626,1.8516788,2.2465725,2.3193343,3.0880952,2.9680994,3.8869543,3.7820487,2.109187,3.0905294,2.8560848,1.699336,3.8484643,3.0855112,2.2162867,2.148426,1.8574291,2.115865,2.0785491,2.1505244,3.4249005,3.542399,2.4722688,2.1012564,2.7302868,2.77287,2.7421327,2.6652496,1.740014,1.7597361,2.1190095,2.1427705,3.140675,2.935835,2.6295562,3.1538749,2.1544342,1.8677783,2.006689,2.167568,2.5425837,2.5541887,2.6757364,2.4648685,2.2503188,3.1890135,2.5484293,2.3256235,2.2364464,2.583843,1.7495245,1.7495245,2.6077466,2.4948468,2.6016624,2.6016624,2.276998,2.276998,4.371301,4.410382,1.9857183,2.0473201,2.0607944,2.0688982,3.1231303,2.9716098,3.5596402,3.0989723,3.5397968,2.8804088,3.0130725,2.9516242,2.7099166,2.7099166,2.6126587,2.7757351,2.7467086,2.7725646,2.7983363,2.7189748
23,1.3538702,1.1493374,1.3333951,1.7157806,2.1523216,2.6475537,2.7046347,3.619359,2.062354,1.2913109,1.9161781,1.6790808,2.0359313,1.0989211,2.2839477,2.358551,0.93222106,0.5846478,1.4506649,3.1618652,0.40274632,2.412427,1.6830614,0.0,1.4584488,1.4299982,2.147961,1.4925077,1.3033309,2.7791865,1.3378266,1.3378266,3.0275955,2.8799348,3.5103242,4.191636,3.480665,3.250335,3.3322785,3.4206836,2.203321,2.3997102,2.382006,2.7306468,1.7694882,1.7650932,1.9111382,1.7529776,2.7703965,0.9524119,1.8854693,1.9583614,2.6169038,2.5118096,3.4442868,3.3447313,1.4143631,2.5568223,2.4696057,0.98386556,2.9336026,2.6735027,1.4170098,1.4253243,3.0640578,1.365966,1.3171906,1.4248166,3.3004093,3.3624759,1.967127,1.3133248,2.3642743,2.342321,2.331059,2.1798942,1.122971,1.0838898,1.2947893,1.35229,2.5272005,2.425792,2.1210728,2.6537135,1.4366268,1.1613301,1.2200983,1.3427554,1.9874344,2.0895524,2.1631207,2.0658782,1.612144,2.6483479,1.5046059,1.6595259,1.7886314,2.350938,1.3292032,1.3292032,2.4057856,2.2128727,2.3345132,2.3345132,1.8839123,1.8839123,4.180409,4.2216277,1.772294,1.7359027,1.7583774,1.7681195,2.5485811,2.5191507,3.1623945,2.5780027,3.0946653,2.3455577,2.5378284,2.479407,2.356042,2.356042,2.1612859,2.2517457,2.4010234,2.2231104,2.237624,2.142714
24,1.3981563,1.4634905,1.4066797,1.933197,2.361318,2.8696146,3.0940588,3.758979,2.9613936,1.3923088,2.1059191,1.7708427,2.0155253,1.3274988,2.045096,2.1009548,1.7032195,1.3927352,1.9458381,3.734739,1.6114331,2.5358279,1.8725579,1.4584488,0.0,1.8714594,2.2711172,1.6940575,1.6621865,3.031044,1.614045,1.614045,3.5611458,3.4447052,3.5538774,4.7868786,3.7520332,3.5231736,3.494494,3.637522,2.1392517,2.2309496,2.2408118,2.608566,1.6943401,1.8484477,1.7244892,1.793968,3.2667131,1.5818335,2.3362846,2.423434,2.7835605,2.6604395,3.1250143,3.0233068,1.4278108,2.6545238,2.8747683,1.6071597,3.2740297,2.87363,1.5844407,1.5950916,2.8904443,1.7417068,1.6209441,1.7134823,3.2971885,3.3285875,2.1329324,1.91157,2.481625,2.3867145,2.4898448,2.5507972,1.1952403,1.3010932,1.93923,1.9006813,2.228155,1.9767209,1.7700337,2.3386517,1.0939412,1.0569942,1.5450047,1.5860442,2.1459148,2.1816313,2.2440279,2.1459687,1.2259123,2.6515892,1.4200944,1.3229551,1.635932,2.023984,1.1570452,1.1570452,2.311367,2.0970535,2.1871576,2.1871576,1.3627687,1.3627687,4.1466217,4.198158,1.6541537,1.4185047,1.4264827,1.4396303,2.6141212,2.60842,3.1697042,2.67669,3.268048,2.4670732,2.6243367,2.570697,2.457271,2.457271,2.2001288,2.4461932,2.7949276,2.8452044,2.3405943,2.2778025
25,1.7385504,1.4822433,1.767297,1.9890462,2.6860318,3.0819001,3.4595692,4.378619,2.5789442,2.059982,2.295484,1.9057031,2.6015794,1.9377339,2.574431,2.6307206,1.624835,1.2641107,1.8876501,3.757748,1.5262107,2.5878937,2.0269308,1.4299982,1.8714594,0.0,2.0099597,1.1961823,1.4443798,2.7572546,1.3949624,1.3949624,3.3079188,3.1876757,3.820018,4.3696256,3.8504043,3.5914423,3.559287,3.707965,2.4327412,2.554572,2.5720577,2.8437562,2.1197376,2.0765524,2.3697524,2.2788553,3.6112297,1.5553645,1.8668245,1.9779266,3.0753162,2.9827094,3.7582624,3.6822286,1.7741206,2.9200249,2.7478056,1.4253068,3.5203025,2.737946,1.907902,1.8588475,3.178706,1.9616057,1.9020814,1.9411571,3.4453642,3.4688587,2.548827,2.0037334,2.6511383,2.6465468,2.6485083,2.4696023,1.6721935,1.5571609,1.8066603,1.8173748,2.647315,2.4911506,2.352844,2.8461437,1.7737675,1.7692553,1.4495178,1.4958189,2.1181216,2.2092443,2.2459955,2.151067,1.8262424,2.9812467,2.0709605,1.9275565,2.3534884,2.1870003,1.9006037,1.9006037,2.5319793,2.7310357,2.799035,2.799035,2.1895144,2.1895144,4.344159,4.3871236,2.2216153,2.0227334,2.0254555,2.0240896,3.187511,3.2134447,3.6071565,3.0794759,3.28818,2.7306204,3.447968,3.4353218,2.9342108,2.9342108,2.6249604,2.8180833,2.633832,2.7537668,2.8011718,2.760017
26,1.544528,1.4699342,1.6037577,1.8356084,2.6443067,2.8724418,3.527817,4.297564,2.6032176,1.8232838,1.8882823,1.5391157,2.5225787,1.7722483,2.3847675,2.4230325,2.1862638,2.0185223,2.3694537,3.8604426,2.2519274,3.1695244,2.5495117,2.147961,2.2711172,2.0099597,0.0,0.9634835,1.2958467,3.1979542,1.3271523,1.3271523,3.4767318,3.3922303,3.870536,4.701956,3.430624,3.709004,3.7196128,3.8306208,2.9332967,3.104875,3.0459256,3.2700377,2.3653352,2.3666806,2.7727091,2.7232656,3.7929165,1.94398,2.358653,2.3793843,1.5646235,1.7010882,3.348493,3.2800214,2.0477726,3.0993545,3.2909286,2.0523524,4.4335203,3.9525354,2.2246797,2.12093,3.343344,2.3608723,2.2580967,2.3325753,3.6511233,3.741429,2.7964106,2.3881145,2.984264,2.9707327,2.9618561,2.8002408,2.2771254,2.2586398,2.5275798,2.473799,3.2770057,3.1771433,3.0157971,3.406144,2.694046,2.5683904,2.5558343,2.6796534,2.852504,2.9309638,2.985437,2.930858,2.7492545,3.4416072,2.2253976,2.6831548,2.4864182,2.2369826,1.9081911,1.9081911,1.9542196,2.2445552,2.3483958,2.3483958,2.537864,2.537864,4.3481436,4.384554,2.2473044,2.0723615,2.1224866,2.1266022,3.4859421,3.4821112,3.944582,3.4299488,3.5110066,3.1229987,3.513189,3.4659128,3.319941,3.319941,2.9765692,3.0588086,3.2079487,3.2836773,3.1297898,3.066131
27,1.2173618,1.0014851,1.269357,1.5075954,2.3739178,2.7844062,3.3386512,4.1522803,2.4447927,1.5141586,1.6674775,1.283031,2.3739624,1.4463712,2.1328752,2.1934664,1.7381732,1.3887775,1.8375818,3.5243204,1.6126226,2.7425075,2.018369,1.4925077,1.6940575,1.1961823,0.9634835,0.0,0.81442624,2.7765102,0.86969644,0.86969644,3.2154427,3.1137905,3.624558,4.4727445,3.313847,3.326866,3.2692606,3.4509687,2.5329182,2.692771,2.6651487,2.9246638,2.012587,2.0143704,2.3361893,2.2565088,3.5253549,1.422902,2.0105183,2.0661106,2.1898615,2.1750312,3.4148507,3.336937,1.504132,2.7080786,2.8567328,1.5047344,3.9090717,3.2998745,1.7707367,1.6629028,3.0496058,1.8597114,1.7729344,1.844071,3.302858,3.365773,2.3654745,1.9160737,2.6308272,2.606087,2.6150515,2.4154856,1.6738831,1.6468797,1.9178398,1.8920664,2.9034297,2.7247868,2.5530496,3.0395365,2.0446923,1.9049613,1.8694209,1.9845449,2.2232165,2.3190482,2.3718035,2.2874951,2.1178327,3.0539894,1.8881553,2.1049044,2.1394095,1.8457086,1.5477103,1.5477103,1.8863876,2.1712728,2.2682798,2.2682798,2.1402419,2.1402419,4.193199,4.2364383,1.829551,1.6681019,1.7004791,1.7027351,3.242184,3.2484279,3.631659,3.148208,3.310191,2.8565507,3.3484147,3.304348,2.981286,2.981286,2.6727436,2.701651,2.9452376,2.981903,2.8364255,2.7548494
28,1.0530685,0.92794615,1.0851767,1.4740895,2.0925355,2.443193,2.8839226,3.822153,2.4501867,1.1542627,1.6609209,1.2203672,2.2553656,1.1908877,1.6906726,1.752355,1.5029078,1.281222,1.6178511,3.1730762,1.3758371,2.5897467,1.9528973,1.3033309,1.6621865,1.4443798,1.2958467,0.81442624,0.0,2.4908974,0.36637813,0.36637813,3.0310655,2.9558246,3.4874692,4.439337,3.2177804,3.2526994,3.2098231,3.3285768,2.3153987,2.4869413,2.4407392,2.7330675,2.0316541,2.0195453,2.1587687,2.0170054,3.1586568,1.1015242,1.616323,1.6422026,2.1349192,2.1192322,3.4843314,3.4048235,1.3867979,2.4118779,2.807103,1.4406669,3.8298972,3.448347,1.8777587,1.5141335,3.021674,1.6992055,1.6851528,1.7031983,2.8256037,2.8943036,2.284951,1.7915735,2.6325364,2.579488,2.5834627,2.397639,1.6387789,1.6169252,1.8558819,1.8515216,2.8949904,2.8349502,2.6047285,3.2980733,2.020099,1.93198,1.8165802,1.9627622,2.3671966,2.4520369,2.4974341,2.4293098,2.0611353,2.7416837,1.8045655,2.0656586,2.091589,2.2872813,1.5186443,1.5186443,2.182685,2.2049472,2.3007905,2.3007905,2.0972526,2.0972526,4.132372,4.1695733,1.7043836,1.6550554,1.6858288,1.6863843,3.151568,3.1295037,3.328792,3.0192816,3.3154976,2.7646027,3.0266447,2.9813473,2.9060829,2.9060829,2.5767777,2.543633,2.873864,2.910065,2.8282986,2.6805763
29,2.7739582,2.7585814,2.7695003,2.984202,2.2903209,2.5470183,2.7111635,3.8303404,3.6531725,2.8281112,3.153257,2.8246312,4.2457523,2.914738,3.195707,3.2429075,2.8888695,2.7944386,1.5596157,3.5205314,2.7896287,3.384453,3.3182268,2.7791865,3.031044,2.7572546,3.1979542,2.7765102,2.4908974,0.0,2.5278955,2.5278955,3.972133,3.9073198,4.307751,4.8729124,4.238157,4.0935593,4.0230246,4.1272225,3.933346,3.985973,3.9713476,4.2170033,3.6293662,3.6462739,3.8871799,3.8070216,3.864812,2.5906932,2.8042321,2.827296,3.8859699,3.7665617,4.3977895,4.334552,2.720953,1.4835156,3.6668038,2.7004166,4.201072,3.9332614,2.9138398,2.796123,4.424906,3.3604422,3.3664272,3.3628457,3.9409978,3.9810617,3.8135145,3.4224267,4.133715,3.8672597,3.8664937,3.7002108,3.2340703,3.2466178,3.3312209,3.3585453,3.8738518,3.842632,3.7515385,4.266355,3.4461186,3.221808,3.2563276,3.3312073,3.7429457,3.7977,3.81551,3.7605984,3.4062307,2.2362366,3.3783214,3.6784303,3.5939043,3.7074006,3.3956177,3.3956177,3.9519336,3.9804945,4.063978,4.063978,3.5547364,3.5547364,3.2832286,3.3302066,3.6070251,3.4870398,3.4882097,3.4882476,4.2233214,4.1837163,4.288927,4.1165156,4.273112,3.8903725,3.9525006,3.9736598,3.8398898,3.8398898,3.661904,3.5119948,4.030633,3.6764543,4.3036704,3.7797525
30,1.0330545,0.8824751,1.089798,1.4672128,2.1491761,2.4760134,2.9023783,3.8412826,2.4561918,1.190316,1.7072798,1.3136493,2.2410343,1.2254864,1.6821966,1.73453,1.4306008,1.2060664,1.6401912,3.460686,1.4167026,2.5878086,1.9637109,1.3378266,1.614045,1.3949624,1.3271523,0.86969644,0.36637813,2.5278955,0.0,0.0,3.0572002,2.9825647,3.521673,4.4344745,3.2054586,3.256234,3.2123091,3.3200903,2.239184,2.3997471,2.3465145,2.675257,1.9272765,1.9026562,2.0498757,1.9722062,3.053256,1.0521458,1.7330691,1.7713453,2.1288247,2.067822,3.5169284,3.4316714,1.3388813,2.4528377,2.7721786,1.4611573,3.7695196,3.439578,1.872274,1.4792352,2.9204967,1.5833846,1.551567,1.549694,2.7493575,2.8050442,2.2203133,1.7041067,2.560053,2.5019042,2.5076966,2.3382788,1.5470009,1.5040963,1.8153051,1.7886784,2.6785867,2.593441,2.3829446,3.0999427,1.9297403,1.929931,1.7094442,1.8471097,2.3204641,2.3933318,2.4288015,2.3665104,1.9654292,2.7484918,1.7858961,2.001635,1.9719251,2.2541277,1.4247556,1.4247556,2.245222,2.1951644,2.290365,2.290365,1.9819051,1.9819051,4.152875,4.191666,1.8421574,1.6420188,1.6745014,1.6745707,3.046117,3.02748,3.4476953,3.002813,3.2587154,2.6730309,2.9371789,2.900432,2.8763466,2.8763466,2.5687459,2.5179188,2.8885283,2.9794278,2.7989483,2.681767
