,0,1,2,3,4,5,6,7,8,9,10,11,12,13,14,15,16,17,18,19,20,21,22,23,24,25,26,27,28,29,30,31,32,33,34,35,36,37,38,39,40,41,42,43,44,45,46,47,48,49,50,51,52,53,54,55,56,57,58,59,60,61,62,63,64,65,66,67,68,69,70,71,72,73,74,75,76,77,78,79,80,81,82,83,84,85,86,87,88,89,90,91,92,93,94,95,96,97,98,99,100,101,102,103,104,105,106,107,108,109,110,111,112,113,114,115,116,117,118,119,120,121,122,123,124,125,126,127
0,0.0,1.4266244,0.58618987,0.6304126,2.0592542,2.7620327,2.6787531,1.622765,1.1576009,1.4275364,3.0744212,3.3401265,2.0876,2.001051,2.230389,2.1513507,3.761092,3.5075395,3.3657615,3.4418979,3.6330955,3.7343595,3.106229,3.543235,3.3310864,3.5582345,3.406342,3.6429734,2.8853025,2.903366,4.2127795,2.902976,3.479587,3.4786022,1.8260132,2.376041,1.678997,2.860805,1.551575,1.5164348,1.629475,1.5421277,1.6621658,1.6448816,1.5405257,1.6454147,1.5526055,2.058399,1.9370947,2.1053345,1.4583982,2.142869,2.3202953,2.6845644,2.5295265,2.8344567,4.997828,4.8985586,4.834798,5.053388,2.5819361,2.5966704,2.7695248,2.7766182,4.5235,4.2386255,4.336948,4.3266654,4.196494,4.206706,4.4458933,4.4473,3.5611405,3.712106,3.501787,3.5707426,4.854844,4.077043,4.8168035,4.2580223,4.5829186,3.988285,4.44328,4.3292,4.8505464,4.9184656,4.6868825,5.0312676,4.0982127,4.0982127,3.8143969,3.885229,4.0835056,3.9610286,4.0851207,4.132491,4.863614,4.8902264,5.14822,4.833374,4.566293,4.7197776,4.8505263,4.8971324,4.7599993,4.5542035,4.8677473,4.524453,6.5835724,5.2378488,4.7052417,4.7092667,4.933232,4.884197,4.6960697,4.6862197,5.857823,5.2926044,5.0569654,5.0569654,3.9245636,4.0834436,4.163271,5.3187394,4.575916,3.498898,3.6557322,3.7833984
1,1.4266244,0.0,1.564608,1.5300527,2.5094957,3.2127275,2.7576828,2.2920728,2.1116405,2.2538476,3.5221322,3.724316,2.3988917,2.2755973,2.131354,2.541065,3.7628314,3.807515,3.7189612,3.8075562,3.9358687,4.1824985,3.5305004,3.984673,3.5913222,3.7369351,3.8493676,4.167424,3.2625883,3.2562122,4.5379224,3.2705703,3.4242642,3.4152396,2.6831625,2.978654,2.3079329,3.188455,2.2001722,2.270255,2.24276,2.1776092,2.2404761,2.2327952,2.2852907,2.46977,2.2576025,2.6864274,2.690847,2.524654,2.2304904,2.4760327,2.7882097,3.1640685,2.9960568,3.2015758,5.4234633,5.271225,5.121873,4.8461523,3.4014862,3.3326735,3.5661762,3.5614448,4.9194202,4.536042,4.907766,4.895308,4.421617,4.4177976,4.6206393,4.622164,3.9414542,4.0471034,4.033273,4.087872,5.3209443,4.432627,5.289705,4.5310807,4.765364,4.356326,4.7690063,4.6477013,5.284809,5.306708,5.0616956,5.737652,4.267474,4.267474,4.093347,4.1158166,4.280606,4.1621327,4.2632995,4.3048797,4.992443,5.014229,5.2633915,5.004334,4.62736,4.893566,5.031006,5.097973,4.8797574,4.7417693,4.9329567,4.7147765,6.9173393,5.648306,5.1198273,5.1416135,5.0057683,4.9741898,4.8147936,4.805174,5.5368867,4.9437413,4.6114235,4.6114235,4.248943,4.4432898,4.514465,5.588684,5.1027894,3.9077318,4.205316,4.3059883
2,0.58618987,1.564608,0.0,0.437033,1.8389269,2.7362258,2.4832194,1.4534886,1.058956,1.6277845,2.9773526,3.2666285,1.913479,1.8153254,2.013961,1.9609427,3.6379404,3.427977,3.317023,3.3981164,3.5552351,3.6983447,3.0616324,3.4885943,3.215298,3.4258945,3.3580577,3.716894,2.8337183,2.8434305,4.2348704,2.856116,3.5474048,3.5613859,1.9604406,2.4455183,1.5345885,2.7930343,1.4335436,1.3215705,1.4568855,1.4404725,1.4478877,1.3966652,1.3932062,1.5563691,1.4018844,1.9796232,1.9908936,1.8964329,1.2585952,1.9534733,2.2238574,2.5724807,2.487193,2.6982996,4.8879557,4.795773,4.737455,5.006077,2.6145444,2.6701097,2.9063313,2.928729,4.463321,4.107233,4.2096014,4.19954,4.095273,4.130164,4.321948,4.3217535,3.6011884,3.746148,3.5818326,3.6490996,4.908076,4.1187315,4.675555,4.1930137,4.4010034,3.8373835,4.2846413,4.1719885,4.7555194,4.8033414,4.5554905,4.8442407,3.9789715,3.9789715,3.6810288,3.735618,3.9863303,3.8313,3.976994,4.0255523,4.7271028,4.7549148,4.9625096,4.6849146,4.446407,4.571216,4.708208,4.746059,4.5689836,4.427712,4.6787534,4.3789473,6.514326,5.17993,4.6013794,4.6005397,4.693894,4.649535,4.4364057,4.426695,5.6296525,5.125917,4.835716,4.835716,3.8257394,4.1624756,4.051653,5.2141457,4.521449,3.3694763,3.6729867,3.7837906
3,0.6304126,1.5300527,0.437033,0.0,1.9719456,2.738406,2.5347977,1.476312,1.0297235,1.3740358,2.9829242,3.4212208,1.9008182,1.8143384,2.008981,1.9071882,3.460371,3.2455456,3.2210238,3.301583,3.5045013,3.6462357,2.9603436,3.4054952,3.0568452,3.2708297,3.194234,3.5795372,2.7049913,2.7016509,4.308007,2.7402086,3.2135522,3.2256544,1.7867006,2.1086204,1.3296055,2.6073234,1.2371914,1.0605083,1.2966328,1.2890354,1.2858129,1.2392485,1.2569377,1.4020127,1.1664658,1.7196642,1.7646627,1.804633,1.1288623,1.8325617,2.0099823,2.3966494,2.2327263,2.5655055,4.8846717,4.7948546,4.702759,4.9212675,2.492459,2.49859,2.6819584,2.7153885,4.275645,3.9179907,4.0402884,4.028986,3.8788676,3.9215887,4.1477537,4.148546,3.5254366,3.675767,3.5038724,3.570133,4.7745843,3.8660138,4.5375237,3.976475,4.3767953,3.7210948,4.163057,4.0725336,4.632287,4.674172,4.4429283,4.784515,3.826306,3.826306,3.5204632,3.6025243,3.8099942,3.662564,3.7981787,3.9044435,4.5711174,4.597244,4.804873,4.533169,4.2829623,4.4243984,4.511549,4.54881,4.4816303,4.258551,4.5980997,4.218929,6.374457,5.04815,4.442025,4.440174,4.5859203,4.535698,4.2453713,4.2365227,5.4706006,4.959139,4.6409345,4.6409345,3.7396116,4.0226736,3.8171346,5.0159216,4.3021417,3.2482889,3.5214767,3.6052518
4,2.0592542,2.5094957,1.8389269,1.9719456,0.0,2.0596926,2.1934447,1.1542293,1.4219457,2.888234,2.9790626,3.5138278,2.5952504,2.5375516,2.700626,2.6692271,3.9985816,3.9363606,3.5509806,3.6172857,3.6439414,3.913845,3.305336,3.7033672,3.6568444,3.842027,3.7799995,4.113851,3.3014517,3.302326,4.780091,3.2503216,4.441088,4.4300237,3.2728696,3.585069,2.1849864,3.1041293,2.1306946,2.0304356,2.033083,2.0058067,2.0714166,2.0947976,1.9101094,2.082879,2.4201849,2.2954693,2.6581166,2.6237419,1.806998,2.231926,2.554214,3.0659149,2.8617625,2.4739945,4.776153,4.6677437,4.348686,4.7146373,2.786828,2.8677497,3.493305,3.5264354,4.7733316,4.2429957,4.4983697,4.488889,4.4208956,4.59112,4.6184964,4.6184793,4.2011733,4.2243204,4.124475,4.1489496,5.802294,4.837585,4.872706,4.572526,4.1538854,4.204924,4.41106,4.4551744,5.053202,5.1130667,4.407439,5.099378,4.197369,4.197369,3.8909335,3.846412,4.330833,4.163514,4.3144484,4.452136,5.1115365,5.146921,5.1519723,5.069713,4.678304,4.9353714,5.017433,5.051889,4.5848303,4.790952,4.655591,4.757458,6.752921,5.5402884,5.1068587,5.095722,5.064551,5.013856,4.7562757,4.749203,5.9746037,5.633865,5.2228475,5.2228475,4.2788973,4.9920316,4.322487,5.4147754,4.6317997,3.7721665,4.228123,4.1828356
5,2.7620327,3.2127275,2.7362258,2.738406,2.0596926,0.0,2.7191133,1.9619316,2.3937109,3.434737,3.6579468,4.1642637,3.1599286,3.1652794,3.3185527,3.3363407,4.500034,4.453468,4.11742,4.157239,4.7404537,4.970315,3.9482381,4.3017983,4.2602143,4.4246964,4.3906293,4.7064433,3.877965,3.882597,5.227113,3.8288467,4.9432044,4.89623,3.7501066,4.014434,2.8928428,3.7059965,2.8798478,2.7249694,2.9486072,2.8290505,2.9702547,2.9773924,2.7603297,2.7999253,2.9362013,2.726778,2.6225204,3.6604235,2.6332471,2.9544332,3.237335,3.6888046,2.5756118,2.1631541,4.9947066,4.956356,4.6824617,5.140078,3.4298189,3.3324983,3.9249492,3.9818068,4.4549427,4.455302,4.133206,4.1228595,4.2286944,4.41736,4.361635,4.3682184,3.7161913,3.7396216,3.6129718,3.6448975,5.405763,4.380648,4.554106,4.2411995,5.0296855,5.059213,5.2721286,5.279065,5.8395457,5.881954,5.294145,5.801466,4.7776127,4.7776127,4.3155327,4.3170357,4.8313723,4.8397284,4.833672,4.959592,5.508339,5.5355935,5.5783243,5.4957957,5.0670586,5.389233,5.396302,5.4312663,5.1094875,5.19807,5.1880937,5.243277,7.5218472,6.406337,5.5751276,5.591072,5.3732,5.3268256,5.075938,5.0659075,6.357843,6.0271487,5.5662756,5.5662756,4.621076,5.273254,4.6473107,5.723984,4.924131,4.1508603,4.34624,4.288029
6,2.6787531,2.7576828,2.4832194,2.5347977,2.1934447,2.7191133,0.0,2.040796,2.2132275,3.0389972,3.6214283,4.1742525,2.8784864,2.8794894,2.096863,3.4633732,3.6244736,4.0889387,3.9151409,3.9891808,4.4851522,4.9715505,4.003867,4.379992,3.8297088,3.7721212,4.4230523,5.1288934,3.5568635,3.56529,5.385912,3.5060377,4.497857,4.477108,3.2760193,3.5815158,2.6962838,3.49617,2.6808743,2.559762,2.6269202,2.4282513,2.6083446,2.58782,2.526548,3.0185235,2.8798459,2.7876024,2.8866775,3.4194365,2.4212265,2.0019684,3.1113417,3.3527064,3.229185,3.1114423,5.1027703,5.0330353,4.6195073,4.96982,3.660879,3.2775502,4.0673575,4.102273,5.5022845,4.3986006,4.606801,4.5803647,4.5049353,4.6246133,4.448825,4.4520793,3.7027416,3.7052376,4.1363378,4.183211,5.2814107,4.717542,4.7082887,4.6522045,4.190815,4.520442,4.8225794,4.8195157,6.10753,6.1198244,5.6802125,6.1449194,4.4230957,4.4230957,4.1165624,4.149613,4.4838524,4.351725,4.460741,4.624266,5.2513595,5.2803316,5.2934356,5.208326,4.865261,5.0902524,5.1198416,5.1435385,4.800554,4.8468466,4.920392,4.8123083,7.578374,6.4983454,5.979164,5.980118,5.271368,5.2325153,4.930637,4.920526,6.114462,5.792137,4.9352875,4.9352875,4.648282,5.2082696,4.6524806,5.704422,4.8043633,3.8312747,4.3413053,4.320291
7,1.622765,2.2920728,1.4534886,1.476312,1.1542293,1.9619316,2.040796,0.0,0.90018517,2.1815627,3.1129053,3.8117805,1.8802743,1.8613664,2.2886853,2.0976691,3.8563614,3.6255157,3.2933211,3.3611526,3.6215322,3.7657459,3.0155246,3.4968166,3.4495575,3.6744888,3.6198616,4.047073,2.994619,3.0208237,4.800359,2.9875548,3.960115,3.947238,2.5050313,2.908096,1.8210468,2.8845913,1.795611,1.5876571,1.6679592,1.6788225,1.698523,1.7335831,1.5876817,1.7396221,1.9650389,1.7983687,2.2195752,2.2907114,1.5112725,2.0253205,2.416835,2.8322022,2.5354235,2.4837408,4.6818914,4.650308,4.4001937,4.794142,2.8368144,2.758379,3.2599285,3.2993298,4.566292,4.1582446,4.234989,4.222999,4.2206593,4.3840756,4.4331126,4.4399066,3.659895,3.7107043,3.5564468,3.5976014,5.228574,4.2824883,4.6745515,4.315103,4.2989035,4.1181846,4.449755,4.4370737,5.076614,5.1466966,4.599024,5.1351295,4.143658,4.143658,3.8687034,3.9021885,4.1965876,4.054919,4.191323,4.395542,5.093057,5.1234183,5.1786456,5.0477977,4.7335987,4.928774,4.912675,4.9384255,4.612368,4.6288414,4.7440457,4.5906067,6.8108993,5.6270866,5.0045443,4.994357,4.919934,4.872037,4.4984765,4.488442,5.9276767,5.569768,5.0644116,5.0644116,4.3088183,4.882132,4.1815534,5.3245606,4.290248,3.4623728,3.8729,3.8471422
8,1.1576009,2.1116405,1.058956,1.0297235,1.4219457,2.3937109,2.2132275,0.90018517,0.0,1.5716684,2.8429637,3.5950112,2.1121566,2.0884979,2.345604,2.2149758,3.6728716,3.45878,3.2522962,3.324852,3.4760873,3.6339974,2.9876761,3.4684393,3.2684414,3.480412,3.3486156,3.7327292,2.863918,2.874567,4.7033167,2.8594568,3.6543992,3.6460214,2.036392,2.423738,1.4651083,2.729719,1.4073374,1.1782343,1.3571007,1.3366877,1.4251698,1.4703215,1.1825577,1.3486421,1.5915072,1.4810246,1.8198005,2.158374,1.0692073,1.7702552,2.016362,2.5391219,2.3885455,2.5270095,4.6938734,4.641013,4.45917,4.8736296,2.1984901,2.1425822,2.5902398,2.6278157,4.542677,4.077152,4.1689234,4.154462,4.1476617,4.2367854,4.3924184,4.394517,3.719315,3.8094275,3.6578965,3.7090118,5.0584846,4.1611304,4.6394544,4.2198544,4.337686,3.883935,4.283026,4.2089972,4.831458,4.902362,4.4785776,4.8599396,4.0087194,4.0087194,3.7209635,3.7810304,4.0375657,3.876799,4.0388436,4.2454705,4.896017,4.926849,5.060452,4.837792,4.5769205,4.725417,4.7148423,4.740486,4.59325,4.505814,4.7211614,4.440161,6.524296,5.2296705,4.7912536,4.7717323,5.0243,4.968934,4.5825515,4.5725546,6.0117145,5.566996,5.1387596,5.1387596,4.0689807,4.4629164,3.9559984,5.179379,4.089884,3.4068334,3.7008867,3.683648
9,1.4275364,2.2538476,1.6277845,1.3740358,2.888234,3.434737,3.0389972,2.1815627,1.5716684,0.0,3.6760907,4.247999,2.485863,2.4630215,2.7138393,2.6428516,3.8952692,3.6887352,3.625458,3.6960359,3.836867,3.9734905,3.4014845,3.8668725,3.6385772,3.8394496,3.6872852,4.043273,3.1054327,3.1219356,4.8466043,3.155888,3.07185,3.0642586,1.2715373,1.4591979,1.9922407,3.0989878,1.9441001,1.7110914,1.9251808,1.8608077,1.9557381,2.0046153,1.9082046,2.0536404,1.7599678,2.0601468,2.0878432,2.4789584,1.8372798,2.2030299,2.4016984,2.9058561,2.695333,3.3565428,5.485651,5.438533,5.329831,5.5890656,2.6192062,2.4048548,2.2640793,2.2849948,4.7975106,4.343544,4.446771,4.428946,4.3648453,4.387136,4.6700907,4.6761713,3.7655513,3.9186058,3.7479846,3.8198555,4.791466,3.8440573,4.9535465,4.39266,4.861118,4.1283813,4.55516,4.5140915,5.0910654,5.1601577,5.009032,5.2325816,4.357422,4.357422,4.089687,4.269745,4.2545495,4.1290975,4.263055,4.4476213,5.088646,5.110381,5.293145,5.0364676,4.8514137,4.94808,4.917622,4.940643,5.155781,4.700789,5.3246393,4.650891,6.633776,5.3034525,4.8972116,4.8854837,5.2552757,5.1960764,4.8170176,4.807794,6.146326,5.6817503,5.289439,5.289439,4.2845483,4.198104,4.2054567,5.40668,4.383029,3.7878983,3.8696604,3.940759
10,3.0744212,3.5221322,2.9773526,2.9829242,2.9790626,3.6579468,3.6214283,3.1129053,2.8429637,3.6760907,0.0,2.516393,3.7047417,3.6787634,3.595479,3.4646544,3.708429,3.7039433,4.1330376,4.1860585,4.1933103,4.4136534,3.9794798,4.2253795,3.4126048,3.400611,3.415047,3.6139526,3.8844044,3.8373492,5.4508333,3.8671808,4.4936013,4.529949,3.4124212,3.9416227,2.4883125,3.3117964,2.4925814,2.7349489,2.8036478,2.846283,3.0047219,2.9199684,2.6277921,2.6392965,3.2081459,2.691228,2.8377447,3.1884804,2.7676005,3.256703,2.940533,3.1320207,3.332662,3.1842258,4.236227,4.215974,4.117346,4.595922,3.4438589,3.445883,3.9387,3.972153,4.7530355,4.4562287,4.5467734,4.541346,4.4175944,4.3683443,4.511441,4.49635,4.8364253,4.9406037,4.8296266,4.858582,4.7906237,5.4292765,4.7859592,4.4856973,4.906902,4.394686,4.66152,4.6450467,4.618323,4.6589923,4.416504,4.7172117,4.302454,4.302454,4.1737313,4.0378428,4.427796,4.317815,4.434415,4.675359,4.577146,4.6070743,4.785849,4.512091,4.400359,4.501582,4.526629,4.580576,4.685588,4.7755857,4.6606436,4.728632,6.3753443,5.202371,4.842858,4.7826395,5.642238,5.5746055,5.190796,5.1871185,5.934277,5.422514,5.2119036,5.2119036,4.4132504,4.861079,4.0169263,5.1233253,4.5090823,4.0830297,4.0977306,3.9657068
11,3.3401265,3.724316,3.2666285,3.4212208,3.5138278,4.1642637,4.1742525,3.8117805,3.5950112,4.247999,2.516393,0.0,4.4772687,4.3722634,4.156829,4.313368,4.3108263,4.2740283,4.702587,4.7508082,4.843422,4.9945297,4.62658,4.680157,4.049152,4.0256176,4.0112267,4.138214,4.348589,4.3474746,3.9741435,4.3143578,5.164524,5.1859736,3.9659736,4.515016,3.2689426,4.1734834,3.2453253,3.512513,3.4699495,3.4436398,3.623669,3.5238364,3.2892377,3.385513,3.5766726,3.876011,3.557532,3.6484478,3.3591695,3.7704382,3.5740662,3.629764,3.910214,3.7822292,4.9259987,4.731761,4.6521497,5.0839825,3.9873369,4.0687823,4.39831,4.3564415,5.0621862,4.706427,4.934882,4.9347687,4.7368045,4.721477,4.861342,4.849131,4.9909472,5.1509733,5.023718,5.0711737,5.096157,5.7322354,5.1046896,4.8254704,4.9486976,4.594655,4.7917204,4.816084,4.805764,4.8627815,4.703948,4.935162,4.6371994,4.6371994,4.395164,4.258757,4.7193675,4.711315,4.7140627,4.3862424,4.907252,4.9282413,5.2413707,4.8617587,4.8065267,4.8756757,5.4847803,5.5588827,5.408435,5.4816027,5.4009213,5.450286,6.8492146,5.513585,5.204501,5.1913075,5.2235236,5.167034,5.566632,5.5639257,6.071319,5.607315,5.4803896,5.4803896,3.570682,4.0594397,4.6580997,5.5852256,5.874357,4.3981705,4.543634,4.8021135
12,2.0876,2.3988917,1.913479,1.9008182,2.5952504,3.1599286,2.8784864,1.8802743,2.1121566,2.485863,3.7047417,4.4772687,0.0,0.22350498,1.6235671,1.0523555,4.248654,4.044494,3.774757,3.8495502,4.0141997,4.1481256,3.5100348,3.9546292,3.8754811,4.0859165,4.240214,4.529355,3.433681,3.4457724,5.3124247,3.484741,3.8823557,3.9222965,2.706549,2.9957387,2.3025043,3.1351793,2.2401047,2.192278,2.166296,2.1068304,2.0724888,2.04594,2.3427618,2.4935324,2.2854416,2.5029092,2.7701309,1.8819382,2.2944522,2.7922351,3.0461364,3.3667858,3.072865,3.2935672,5.055315,5.1016197,5.0933843,5.337129,4.0063133,4.02152,4.3076396,4.358554,4.8246393,4.6308155,4.622361,4.6154366,4.6164107,4.6805634,4.716328,4.725044,4.0805044,4.20866,4.039491,4.1066113,5.414269,4.509785,5.099873,4.724342,5.006325,4.5219994,4.928801,4.82326,5.4039993,5.4216146,5.092336,5.438836,4.6104074,4.6104074,4.4437556,4.5010767,4.6129084,4.4280553,4.6009455,4.848195,5.4183326,5.445188,5.578215,5.3864694,5.056156,5.2666593,5.1658773,5.183784,5.0003343,4.9100795,5.136741,4.842072,7.2495484,6.2096744,5.239458,5.233732,4.8565807,4.826918,4.318613,4.3034554,5.8380933,5.3377476,4.8931828,4.8931828,4.88718,5.176082,4.598373,5.6519275,4.975658,3.9669738,4.249777,4.2558265
13,2.001051,2.2755973,1.8153254,1.8143384,2.5375516,3.1652794,2.8794894,1.8613664,2.0884979,2.4630215,3.6787634,4.3722634,0.22350498,0.0,1.6022582,1.0219593,4.1986127,4.0024347,3.7253985,3.8026142,3.93167,4.0738816,3.4541073,3.8936284,3.8316905,4.0458503,4.1862345,4.474957,3.3754256,3.38895,5.175731,3.4277685,3.8325663,3.8743284,2.6896186,2.9879994,2.2665772,3.0987854,2.19919,2.1607387,2.1127882,2.0642505,2.0216277,1.9866264,2.3063412,2.4596465,2.2327068,2.521416,2.7781312,1.7831371,2.248806,2.7591126,3.0059302,3.3404424,3.0582948,3.2721977,5.1287103,5.156748,5.136751,5.3459425,3.9805896,4.011634,4.2751074,4.3218246,4.786356,4.5843153,4.6255765,4.6191735,4.582614,4.6530304,4.693325,4.701857,4.0609994,4.192894,4.0177026,4.0825386,5.4141545,4.5039396,5.0956616,4.7014246,4.9408154,4.469125,4.864676,4.7695284,5.3304596,5.3462067,5.016147,5.3949943,4.56404,4.56404,4.3923955,4.4461064,4.569195,4.383528,4.553181,4.7747154,5.3315187,5.357997,5.494336,5.302272,4.964014,5.1815786,5.1150045,5.1365585,4.9387174,4.849709,5.073821,4.784143,7.161719,6.1053615,5.1438894,5.140593,4.771055,4.741688,4.27929,4.2652535,5.7182693,5.2177925,4.823296,4.823296,4.795038,5.095503,4.568079,5.6123734,5.00843,3.9335182,4.2344146,4.262687
14,2.230389,2.131354,2.013961,2.008981,2.700626,3.3185527,2.096863,2.2886853,2.345604,2.7138393,3.595479,4.156829,1.6235671,1.6022582,0.0,2.133673,3.704151,3.8848379,3.9523463,4.038221,4.4572577,4.7561502,3.9142244,4.287364,3.5978737,3.6126423,4.2453337,4.7167606,3.469841,3.4513383,5.241387,3.4911988,3.9250565,3.9637558,2.9109716,3.1278784,2.371829,3.19081,2.2834291,2.2795556,2.3518035,2.0933945,2.2191875,2.1067214,2.440939,2.8047957,2.3635473,2.717705,2.663555,2.3615406,2.3306656,2.4977567,3.0035303,3.05419,3.053344,3.229613,5.0167403,4.966126,4.79465,4.935192,3.9826558,3.8799186,4.362764,4.411468,5.1672406,4.4243746,4.601198,4.585108,4.4287195,4.464282,4.419585,4.421895,3.9416957,4.0843296,4.279198,4.3555894,5.1870227,4.561619,4.915749,4.599208,4.7113786,4.3963156,4.8245335,4.6938734,5.725594,5.6978464,5.430147,5.8222556,4.3740287,4.3740287,4.105024,4.1695266,4.3846264,4.183524,4.339582,4.4961762,5.087578,5.1128454,5.3133955,5.064118,4.6626534,4.938065,4.9540305,4.980974,4.7873907,4.680316,4.897795,4.626066,7.4553547,6.3648233,5.516268,5.518946,4.6663804,4.6303453,4.275022,4.26205,5.606841,4.9979095,4.39933,4.39933,4.4562855,4.7030106,4.443052,5.5327053,4.9774866,3.6919541,4.107307,4.1703553
15,2.1513507,2.541065,1.9609427,1.9071882,2.6692271,3.3363407,3.4633732,2.0976691,2.2149758,2.6428516,3.4646544,4.313368,1.0523555,1.0219593,2.133673,0.0,4.3344865,3.8768282,3.8004026,3.8727975,3.9458275,3.8772166,3.398751,3.8405495,3.6879683,3.966689,3.877628,4.0379148,3.4633005,3.451872,5.253766,3.5323284,3.8240657,3.8821962,2.7860887,3.09719,2.2882595,3.105291,2.2230644,2.1727972,2.2461715,2.2940767,2.168532,2.110779,2.3955603,2.2966082,2.275918,2.4514782,2.789887,1.6667597,2.3488748,3.1529703,3.002843,3.2064483,3.0695438,3.2633648,4.868844,4.894717,4.925043,5.098357,3.8098445,3.9932327,4.169928,4.229871,4.5854383,4.6399245,4.6590333,4.6588316,4.587166,4.6561437,4.8149605,4.818929,4.413028,4.5604124,4.237587,4.298886,5.4625874,4.631678,5.248278,4.695306,5.188006,4.443072,4.864567,4.723303,4.975876,4.988573,4.648083,5.0431213,4.524716,4.524716,4.353227,4.3957667,4.5476303,4.3313484,4.5261025,4.7744823,5.3114843,5.337391,5.5167365,5.2805324,4.9665956,5.165625,5.0606627,5.082081,4.937379,4.860722,5.043221,4.788699,6.9056854,5.8048315,4.844475,4.825664,4.7607923,4.7190948,4.180442,4.167724,5.7106586,5.1459355,4.8808413,4.8808413,4.7140946,5.0335016,4.3756633,5.470691,4.7377944,3.839614,4.140869,4.1331363
16,3.761092,3.7628314,3.6379404,3.460371,3.9985816,4.500034,3.6244736,3.8563614,3.6728716,3.8952692,3.708429,4.3108263,4.248654,4.1986127,3.704151,4.3344865,0.0,1.7527103,2.3454027,2.3886824,3.2703402,3.738531,2.7722135,2.7553658,1.657369,1.348283,2.4206746,3.4219744,2.029436,1.931652,4.4730577,2.020692,2.6195798,2.6269639,3.7089553,3.4858084,2.8637333,1.8957349,2.924924,3.021837,3.0372312,3.1380098,3.0919495,2.9935853,3.0073805,3.133694,3.1547596,3.0639248,3.23671,3.6718452,3.0315328,2.8940217,3.056644,3.1177711,3.355325,3.4748743,5.1687284,5.0253305,4.743432,4.8312793,3.773665,3.5183372,3.9753778,4.0168815,3.7558103,2.4782481,3.1401975,3.1250865,2.3684092,2.3717456,2.4428358,2.4305255,3.2439246,3.3033535,3.6233592,3.627764,4.0495143,3.4287188,2.9271593,2.6550987,3.5024288,2.4990115,3.0277565,2.7590551,3.9841263,3.8439848,4.0074534,4.457286,1.9732903,1.9732903,1.9600595,2.0094771,2.0196369,1.9973539,1.979234,2.454311,2.8959477,2.9152977,3.494943,2.9157999,2.8352764,2.7907624,2.95853,3.0211709,3.1714573,2.9991102,3.2858748,2.9071233,4.9542017,4.476976,3.958999,3.9787333,3.726456,3.6564953,3.1351304,3.1382556,4.394149,3.7014766,2.7455347,2.7455347,3.6813514,4.2122564,2.2609458,2.6660547,3.3617797,2.2977746,2.4608903,2.4248104
17,3.5075395,3.807515,3.427977,3.2455456,3.9363606,4.453468,4.0889387,3.6255157,3.45878,3.6887352,3.7039433,4.2740283,4.044494,4.0024347,3.8848379,3.8768282,1.7527103,0.0,1.9186211,1.9439851,3.1555374,2.8922384,2.0581357,2.0461838,0.5679944,0.9219935,1.0992543,2.2107112,1.6628782,1.6008775,4.0530143,1.73057,2.541462,2.5575647,3.3850937,3.2830758,2.6751742,1.7515568,2.7264786,2.8203523,2.861877,3.0888844,2.9067228,2.8097634,2.7947307,2.6524956,2.9208405,2.8283794,3.094901,3.3466997,2.9300418,3.2525456,3.034049,2.5669343,3.3264618,3.4967055,4.4566417,4.312502,4.136757,4.3344035,3.367776,3.3127468,3.6265156,3.6602056,3.309384,2.6145458,3.0496643,3.0486636,2.4620426,2.4912975,2.861282,2.8548272,3.2374458,3.3392243,3.2415676,3.251123,4.018382,3.2140398,3.2291121,2.6351235,3.5954006,1.8931563,2.7849777,2.2604678,3.1670725,3.1122718,3.3526027,3.7682478,1.5455426,1.5455426,1.6969858,1.7694776,1.5499073,1.4702401,1.5332141,2.0455472,3.126021,3.145189,3.824857,3.1315331,3.2352908,2.9943256,3.1498125,3.2021036,3.0590029,2.876102,3.190713,2.753283,4.518329,3.953705,3.3453252,3.3555562,3.6047404,3.532547,3.0135722,3.014169,4.661344,3.8951583,3.3215094,3.3215094,3.5195558,4.041911,2.0436075,2.544899,2.6113508,1.2884282,1.5389245,1.5829811
18,3.3657615,3.7189612,3.317023,3.2210238,3.5509806,4.11742,3.9151409,3.2933211,3.2522962,3.625458,4.1330376,4.702587,3.774757,3.7253985,3.9523463,3.8004026,2.3454027,1.9186211,0.0,0.11338155,1.9200287,1.9975953,0.7630884,0.72590125,2.0056832,2.3601024,2.19273,2.8413846,0.73381186,0.8078212,3.894739,0.71356535,2.858742,2.8410122,3.4402666,3.6448681,3.0011852,1.5375773,3.0181055,3.0359685,2.9768076,3.1780496,3.0371165,2.9972575,2.9431458,2.7559528,3.1352854,3.0451708,3.437956,3.500834,2.9220207,3.2808306,3.419935,3.6273675,3.703989,3.73325,5.29075,5.1972003,5.068504,5.3073378,3.5388296,3.5480042,3.8581026,3.8934066,3.576069,3.1030824,3.4729083,3.4756992,3.1074607,3.2061074,3.386631,3.3886652,2.7028968,2.6921782,2.4832778,2.4525452,4.437858,3.2609446,3.5417397,3.2510753,3.6851563,2.628528,3.278849,2.8466885,3.7730656,3.709924,3.6332183,4.117154,2.3936334,2.3936334,2.4648907,2.5569296,2.4945853,2.398484,2.5245771,2.950474,3.955885,3.9837162,4.507894,3.973885,3.825658,3.7530935,3.8131435,3.8615801,3.4462023,3.4896235,3.636849,3.376002,4.6654105,4.354313,3.8088388,3.8432937,4.0383105,3.9695058,3.4353607,3.431654,5.3032565,4.6251473,4.0758147,4.0758147,4.3247995,4.8856215,2.9363368,3.0822794,3.0283384,2.0595543,2.0676422,2.0796483
19,3.4418979,3.8075562,3.3981164,3.301583,3.6172857,4.157239,3.9891808,3.3611526,3.324852,3.6960359,4.1860585,4.7508082,3.8495502,3.8026142,4.038221,3.8727975,2.3886824,1.9439851,0.11338155,0.0,1.9479244,2.0099354,0.79321617,0.6879371,2.045009,2.400509,2.2122805,2.8438358,0.79914343,0.86981976,3.9020867,0.7763933,2.9029992,2.8833,3.4998655,3.69921,3.0691166,1.5841086,3.0875134,3.105526,3.0503395,3.249714,3.1115887,3.0736258,3.0107298,2.8160076,3.2043707,3.105665,3.4911084,3.5746868,2.9942062,3.3499727,3.482022,3.6823263,3.7512875,3.778064,5.2984376,5.205978,5.0807834,5.3325844,3.5835774,3.5904202,3.8978167,3.9333131,3.564308,3.112048,3.46387,3.4675803,3.11255,3.2115664,3.3964262,3.3984902,2.7121222,2.695715,2.469235,2.4360948,4.439256,3.264937,3.5246692,3.2535174,3.705608,2.6430514,3.2872603,2.8625698,3.7671916,3.7063715,3.6355095,4.1126432,2.3949115,2.3949115,2.4736974,2.5672302,2.495173,2.4108474,2.5295503,2.9565105,3.9894533,4.01729,4.5425625,4.008665,3.8674445,3.7878087,3.8488047,3.8970163,3.4837084,3.5238583,3.6734188,3.4180784,4.6512156,4.3731647,3.8267503,3.8621917,4.0579486,3.9879432,3.4554174,3.4518952,5.3473144,4.673607,4.1143327,4.1143327,4.360873,4.920293,2.947977,3.0541182,3.0258825,2.0815685,2.051197,2.059401
20,3.6330955,3.9358687,3.5552351,3.5045013,3.6439414,4.7404537,4.4851522,3.6215322,3.4760873,3.836867,4.1933103,4.843422,4.0141997,3.93167,4.4572577,3.9458275,3.2703402,3.1555374,1.9200287,1.9479244,0.0,1.4715652,1.7141216,1.8461045,3.1721706,3.486967,3.030513,3.3858614,2.1514924,2.1714876,4.426039,2.161218,3.2770362,3.2905629,3.787346,3.9466166,3.358906,2.3812516,3.3731108,3.404267,3.201478,3.4930124,3.3205357,3.3412535,3.2703378,3.046734,3.5556548,3.4346697,4.0552497,3.4448116,3.2126088,3.6516926,3.5851097,4.2537866,4.2613225,4.2735777,6.022068,5.9497886,5.8752313,6.0019464,3.890982,3.9630764,4.094789,4.1119785,4.3490653,4.07416,4.571406,4.5756755,4.2436028,4.3196864,4.547504,4.5457764,4.2216563,4.205674,3.885212,3.8530009,5.558014,4.575397,4.677023,4.44294,4.3057237,3.3301966,3.775921,3.5959954,3.7004194,3.6941404,3.5365722,4.1638117,3.407132,3.407132,3.590073,3.5945303,3.5572867,3.378118,3.578989,3.9728935,4.4885693,4.5211773,4.917929,4.47699,4.306493,4.3010345,4.3202763,4.3708086,4.1671295,4.2150655,4.3178487,4.13522,4.464733,4.064373,3.9648285,3.9634562,4.7365084,4.676167,4.1311927,4.1329412,5.6622987,5.086861,4.766104,4.766104,4.8516088,5.4044785,3.651873,3.8973832,4.0002856,3.5649734,3.6239955,3.584905
21,3.7343595,4.1824985,3.6983447,3.6462357,3.913845,4.970315,4.9715505,3.7657459,3.6339974,3.9734905,4.4136534,4.9945297,4.1481256,4.0738816,4.7561502,3.8772166,3.738531,2.8922384,1.9975953,2.0099354,1.4715652,0.0,1.5026668,1.6256956,2.9942157,3.4629896,2.5741718,2.7017958,2.2863984,2.3308523,4.281321,2.3333619,3.419473,3.4373562,3.863267,4.0748615,3.5002337,2.601886,3.503053,3.5570395,3.3621032,3.7120705,3.460138,3.4752355,3.4086804,3.0442972,3.670005,3.5673876,4.2060456,3.4887311,3.4591901,4.097337,3.8168519,4.0934124,4.4726477,4.51324,5.6648064,5.5844545,5.5738235,5.7305717,3.8097258,4.0570865,4.086482,4.091997,4.2164364,4.1996703,4.66136,4.671841,4.36783,4.4452906,4.7889514,4.7893705,4.395438,4.4135933,3.8851068,3.8545685,5.6695204,4.5521584,4.949321,4.4991536,4.4108915,3.1176803,3.7023644,3.3377266,3.2324843,3.2846131,3.1540225,3.7781675,3.3300967,3.3300967,3.596064,3.5982335,3.456562,3.2587883,3.4869497,3.8523989,4.6380024,4.667377,5.126537,4.6256704,4.584778,4.447317,4.4827156,4.526621,4.1258116,4.2167845,4.2725034,4.0754614,4.188059,3.7683742,3.663424,3.6558895,4.7897573,4.733464,4.2344565,4.2339635,5.8271904,5.206577,5.088525,5.088525,4.889459,5.4027267,3.715737,3.944603,3.721367,3.2902803,3.3736858,3.3684285
22,3.106229,3.5305004,3.0616324,2.9603436,3.305336,3.9482381,4.003867,3.0155246,2.9876761,3.4014845,3.9794798,4.62658,3.5100348,3.4541073,3.9142244,3.398751,2.7722135,2.0581357,0.7630884,0.79321617,1.7141216,1.5026668,0.0,0.7113713,2.1375115,2.5993977,2.0614808,2.5855927,1.0605631,1.1167892,3.9569705,1.109715,2.8622093,2.8526082,3.2582352,3.499048,2.822401,1.651666,2.8362386,2.825466,2.771804,3.0469162,2.840639,2.8179014,2.7564514,2.4330432,2.9441142,2.8177567,3.3255925,3.1951146,2.7420795,3.2993455,3.2629473,3.4922905,3.5680814,3.5985456,5.188331,5.108853,5.0181527,5.2168517,3.3471687,3.4359064,3.6536295,3.6902745,3.515986,3.3734481,3.6637125,3.6696928,3.3399975,3.4524503,3.7158499,3.71816,3.0429468,3.0487146,2.6248527,2.597111,4.6754584,3.4518397,3.9039063,3.4692538,3.9287703,2.7840636,3.4349985,3.049189,3.5739264,3.5587442,3.419241,3.9839134,2.645595,2.645595,2.716993,2.7825036,2.748013,2.6192234,2.7737134,3.193301,4.108785,4.137364,4.620469,4.1178985,3.9671593,3.9131477,3.9187522,3.966684,3.556059,3.5834243,3.731366,3.494495,4.6247907,4.157276,3.6047773,3.6275933,4.150905,4.085949,3.5094323,3.506294,5.338299,4.6784043,4.288479,4.288479,4.3360624,4.919697,3.034603,3.3746364,3.014354,2.244175,2.324163,2.3042161
23,3.543235,3.984673,3.4885943,3.4054952,3.7033672,4.3017983,4.379992,3.4968166,3.4684393,3.8668725,4.2253795,4.680157,3.9546292,3.8936284,4.287364,3.8405495,2.7553658,2.0461838,0.72590125,0.6879371,1.8461045,1.6256956,0.7113713,0.0,2.1681502,2.601334,2.0919673,2.5445273,1.1381278,1.1894847,3.6852872,1.1565846,3.0539153,3.0502245,3.64934,3.8443017,3.1684487,1.7458686,3.1842668,3.2155137,3.1481345,3.3853877,3.212453,3.169987,3.122288,2.8380864,3.283922,3.258981,3.6525831,3.5108802,3.1220965,3.619009,3.571894,3.7504542,3.8593698,3.8688138,5.311992,5.2104635,5.1301913,5.400674,3.637846,3.7731822,3.9722507,4.0042586,3.3669665,3.1659138,3.5287125,3.5407083,3.2094028,3.3298495,3.5824747,3.5836473,3.0885646,3.10345,2.672749,2.6380036,4.638633,3.4594986,3.6809962,3.3574364,3.811035,2.614934,3.2050688,2.8174024,3.3607872,3.3073058,3.221028,3.73372,2.4569778,2.4569778,2.5419579,2.611509,2.5666378,2.476411,2.598533,2.9471676,4.0253267,4.0529847,4.5742397,4.0437303,3.9310377,3.828567,3.957864,4.00694,3.5809882,3.641427,3.755675,3.5424278,4.374103,4.108012,3.5282674,3.5629113,3.943424,3.8682158,3.414991,3.4137774,5.3017635,4.6419153,4.247773,4.247773,4.305202,4.8932214,2.960688,3.003144,3.2087762,2.2083366,2.1609328,2.2215607
24,3.3310864,3.5913222,3.215298,3.0568452,3.6568444,4.2602143,3.8297088,3.4495575,3.2684414,3.6385772,3.4126048,4.049152,3.8754811,3.8316905,3.5978737,3.6879683,1.657369,0.5679944,2.0056832,2.045009,3.1721706,2.9942157,2.1375115,2.1681502,0.0,0.5857768,1.1355382,2.191658,1.7034993,1.6110195,4.1238866,1.7441442,2.7094367,2.73534,3.384641,3.3354096,2.502653,1.6365492,2.5327413,2.6420374,2.7126575,2.9030714,2.740253,2.6213126,2.6235802,2.509183,2.7919586,2.6971016,2.943966,3.203459,2.740053,3.0848858,2.8935614,2.3876288,3.212453,3.2872038,4.269719,4.102983,3.9143674,4.107745,3.2027986,3.2033603,3.6169968,3.6610548,3.4207466,2.6357377,3.096638,3.094828,2.516771,2.5247052,2.8577,2.8454647,3.3120077,3.41202,3.3811026,3.395896,4.141476,3.4111235,3.2822878,2.7251084,3.5160449,1.9495842,2.804987,2.278342,3.2798467,3.2079606,3.3547297,3.7990105,1.5478166,1.5478166,1.597176,1.616318,1.63974,1.4625788,1.6018354,2.0917804,3.1096616,3.1339996,3.7824864,3.1136973,3.1307254,2.9534576,3.1045127,3.1586645,2.927386,2.8548398,3.0195625,2.7330592,4.6719275,4.030977,3.4426808,3.4482396,3.6422412,3.5687077,3.0357516,3.0354702,4.6348677,3.8269396,3.2738519,3.2738519,3.461852,4.0243387,2.0728211,2.692264,2.6425378,1.2646564,1.62724,1.6037908
25,3.5582345,3.7369351,3.4258945,3.2708297,3.842027,4.4246964,3.7721212,3.6744888,3.480412,3.8394496,3.400611,4.0256176,4.0859165,4.0458503,3.6126423,3.966689,1.348283,0.9219935,2.3601024,2.400509,3.486967,3.4629896,2.5993977,2.601334,0.5857768,0.0,1.5703673,2.602723,2.0356834,1.9390677,4.3206663,2.0553763,2.8685234,2.8963037,3.5698607,3.4758198,2.6468623,1.8827199,2.6852958,2.817294,2.887637,3.0289617,2.916815,2.78758,2.7942085,2.7851305,2.9763198,2.8691442,3.0411415,3.4108117,2.9058275,3.102446,2.9803085,2.4509459,3.3056347,3.373395,4.3049974,4.131619,3.8934326,4.0879097,3.4183698,3.3338883,3.822004,3.864542,3.6470988,2.6207159,3.1297739,3.1228564,2.5034034,2.4828668,2.7349882,2.7192376,3.4330528,3.534441,3.6547813,3.673369,4.080258,3.576429,3.1903563,2.73567,3.5127747,2.0825891,2.879127,2.3870356,3.5407557,3.4468179,3.6284535,4.0260105,1.6224158,1.6224158,1.6520141,1.6481044,1.7106841,1.5668839,1.6574391,2.1216872,2.996331,3.0189135,3.687206,2.9972084,3.032729,2.860156,3.047347,3.102441,2.9655085,2.888845,3.043295,2.7639387,4.873694,4.2528396,3.703129,3.7060235,3.6796045,3.607185,3.1085606,3.1089633,4.5900207,3.7794275,3.09194,3.09194,3.4363842,3.994104,2.0896258,2.7031205,2.8451579,1.5090756,1.8659891,1.8441647
26,3.406342,3.8493676,3.3580577,3.194234,3.7799995,4.3906293,4.4230523,3.6198616,3.3486156,3.6872852,3.415047,4.0112267,4.240214,4.1862345,4.2453337,3.877628,2.4206746,1.0992543,2.19273,2.2122805,3.030513,2.5741718,2.0614808,2.0919673,1.1355382,1.5703673,0.0,1.3827986,2.0095131,1.9422168,4.0119042,2.0577216,2.8845334,2.897936,3.4656792,3.4194458,2.6579268,2.0061548,2.6921499,2.7882917,2.8599,3.1400971,2.943133,2.8651223,2.7381556,2.4032364,2.9229019,2.7627606,3.0586696,3.3427696,2.8728702,3.4459636,2.914663,2.5330224,3.3042204,3.3931315,4.4137726,4.244592,4.130242,4.3573365,2.86331,3.0053873,3.2174919,3.248233,3.2018282,2.9434896,3.286425,3.2914965,2.7937198,2.8061957,3.3148196,3.30289,3.7426934,3.846539,3.5381095,3.5391912,4.4123955,3.5988557,3.6302502,2.914317,3.9057703,2.1131432,2.9297874,2.419924,2.6648903,2.6651125,2.877227,3.3265963,1.9260895,1.9260895,1.9829592,1.9717698,1.9996506,1.9046491,1.998682,2.3929405,3.2263563,3.2497618,3.9319522,3.2181602,3.3276753,3.0918984,3.2542033,3.313233,3.1874382,3.080593,3.2630513,2.9770596,4.112566,3.3139002,2.9536684,2.9436471,4.0220013,3.9463212,3.489224,3.4916763,4.9474416,4.1775627,3.984224,3.984224,3.4416988,3.986625,2.113177,2.7738717,2.5843604,1.827388,1.9021212,1.8814955
27,3.6429734,4.167424,3.716894,3.5795372,4.113851,4.7064433,5.1288934,4.047073,3.7327292,4.043273,3.6139526,4.138214,4.529355,4.474957,4.7167606,4.0379148,3.4219744,2.2107112,2.8413846,2.8438358,3.3858614,2.7017958,2.5855927,2.5445273,2.191658,2.602723,1.3827986,0.0,2.7258945,2.668741,4.138961,2.753829,3.400124,3.420148,3.8908448,3.8697603,3.1006808,2.483441,3.066961,3.2692556,3.2943516,3.479087,3.3823926,3.3186834,3.1803405,2.7830503,3.371719,3.2697759,3.408671,3.5526397,3.3595502,4.1004834,3.3491888,3.0184581,3.7114928,3.8050923,4.563637,4.3767505,4.3658805,4.618069,3.088286,3.4663877,3.5327995,3.5531926,3.3474584,3.490172,3.8033774,3.818291,3.4522164,3.4040244,3.979692,3.9680955,4.4005437,4.5319138,4.0250773,4.027474,4.9766316,4.13457,4.2754874,3.5189655,4.4519334,2.7522247,3.3443062,2.9422808,2.520213,2.5836775,2.7179475,3.2654824,2.6785266,2.6785266,2.719335,2.6863372,2.7377162,2.6595619,2.7592192,3.0349565,3.8096712,3.835443,4.497732,3.8208458,3.809123,3.682373,3.8575134,3.9234307,3.8007374,3.7101595,3.8185148,3.6402566,4.1637335,3.3762906,3.066149,3.0535376,4.608575,4.524213,4.179981,4.18157,5.5037103,4.631907,4.8157096,4.8157096,3.8818963,4.0859704,2.788305,3.3088403,3.3072348,2.76298,2.3934345,2.3835642
28,2.8853025,3.2625883,2.8337183,2.7049913,3.3014517,3.877965,3.5568635,2.994619,2.863918,3.1054327,3.8844044,4.348589,3.433681,3.3754256,3.469841,3.4633005,2.029436,1.6628782,0.73381186,0.79914343,2.1514924,2.2863984,1.0605631,1.1381278,1.7034993,2.0356834,2.0095131,2.7258945,0.0,0.18857023,3.6335933,0.20095499,2.450431,2.440741,2.9374042,3.0844688,2.5434396,1.2465329,2.550158,2.5426636,2.552252,2.7033982,2.5888858,2.524753,2.511767,2.383356,2.5932312,2.6819952,2.9489012,3.093833,2.464425,2.8168952,2.9865654,3.1590707,3.2523224,3.4050384,5.158325,5.0389247,4.892075,5.1218495,3.1631682,3.1505954,3.4174182,3.4561002,3.4682522,2.8145132,3.2299223,3.2288954,2.8259568,2.9158847,3.146262,3.1472206,2.466909,2.5257533,2.3831162,2.3860369,4.1370096,2.9283466,3.3714662,2.9941611,3.5458376,2.4108143,3.0716648,2.700376,3.732617,3.6648955,3.6265473,4.06174,2.2248428,2.2248428,2.1340153,2.3023195,2.2602217,2.1449533,2.2714703,2.6163745,3.7483819,3.7747316,4.2935443,3.7610557,3.5897865,3.5479016,3.6777456,3.7261448,3.4642217,3.339691,3.656573,3.243865,4.8286443,4.2925725,3.702353,3.7376173,3.74635,3.6677382,3.2076073,3.2038374,5.0738707,4.3803844,3.7955196,3.7955196,3.8615792,4.3290596,2.6902595,3.0740418,3.0380688,1.7504134,1.8103652,1.9309729
29,2.903366,3.2562122,2.8434305,2.7016509,3.302326,3.882597,3.56529,3.0208237,2.874567,3.1219356,3.8373492,4.3474746,3.4457724,3.38895,3.4513383,3.451872,1.931652,1.6008775,0.8078212,0.86981976,2.1714876,2.3308523,1.1167892,1.1894847,1.6110195,1.9390677,1.9422168,2.668741,0.18857023,0.0,3.703534,0.27586403,2.3797936,2.3738177,2.969524,3.0675845,2.508285,1.1378834,2.5150514,2.5074594,2.53782,2.6851242,2.5686035,2.500159,2.4953449,2.3657966,2.5718856,2.6439714,2.916461,3.0794983,2.4493363,2.7925906,2.9386952,3.1084654,3.2024267,3.351642,5.116571,4.991744,4.8414183,5.053059,3.124564,3.1216607,3.3942485,3.4392538,3.4129784,2.7365448,3.175492,3.1746535,2.7402396,2.8238456,3.072679,3.0718353,2.5380688,2.597305,2.4724634,2.4761703,4.145682,2.9142427,3.3251777,2.9235146,3.530118,2.3589482,3.0105672,2.646901,3.677773,3.5990992,3.563939,4.017122,2.1284437,2.1284437,2.027,2.1987662,2.1706839,2.042163,2.1783,2.5582027,3.6795974,3.7064366,4.2198014,3.694668,3.5124109,3.478471,3.5923986,3.6411207,3.4123461,3.2814295,3.5934293,3.1894329,4.782364,4.24958,3.6548152,3.6888623,3.714738,3.6332076,3.1309984,3.127707,5.0011168,4.29859,3.6964371,3.6964371,3.8343332,4.3002896,2.58603,2.9820213,2.974591,1.7269884,1.7791831,1.8594208
30,4.2127795,4.5379224,4.2348704,4.308007,4.780091,5.227113,5.385912,4.800359,4.7033167,4.8466043,5.4508333,3.9741435,5.3124247,5.175731,5.241387,5.253766,4.4730577,4.0530143,3.894739,3.9020867,4.426039,4.281321,3.9569705,3.6852872,4.1238866,4.3206663,4.0119042,4.138961,3.6335933,3.703534,0.0,3.6102498,4.7582545,4.736736,4.689475,4.8613396,4.411917,4.2058587,4.3863378,4.5030723,4.3871646,4.4381666,4.417493,4.3601513,4.3105216,4.2330284,4.134455,4.9555135,4.65326,4.490984,4.2643013,4.6467843,4.5855694,4.6191497,4.768275,4.859624,6.3437414,6.0634775,6.0130825,6.2309628,4.6428213,4.8190246,4.821343,4.750786,4.5342035,4.3115983,4.718718,4.7308254,4.3738647,4.4694242,4.717726,4.720795,4.2006726,4.359619,4.0345116,4.0687623,5.4824176,4.5793257,4.855591,4.48319,4.7407584,3.938586,4.289683,4.0658407,4.4464006,4.447864,4.5128694,4.7806787,4.06165,4.06165,3.8415878,3.8938527,4.030437,4.1440487,4.0300503,3.2703402,5.090566,5.1011753,5.7401943,5.119513,5.0692697,5.0139785,5.885978,5.9590673,5.498014,5.4359255,5.624926,5.3845115,6.0646834,5.2570524,4.845932,4.9287114,3.8919806,3.8443122,4.851478,4.849607,6.061495,5.479256,5.2757077,5.2757077,3.4151778,3.8193784,4.609064,4.776845,6.023238,3.8364027,3.9719048,4.586949
31,2.902976,3.2705703,2.856116,2.7402086,3.2503216,3.8288467,3.5060377,2.9875548,2.8594568,3.155888,3.8671808,4.3143578,3.484741,3.4277685,3.4911988,3.5323284,2.020692,1.73057,0.71356535,0.7763933,2.161218,2.3333619,1.109715,1.1565846,1.7441442,2.0553763,2.0577216,2.753829,0.20095499,0.27586403,3.6102498,0.0,2.5459454,2.5291617,3.008885,3.1677606,2.5669994,1.2492653,2.5707185,2.574436,2.5755136,2.7082984,2.6164901,2.5576677,2.516892,2.4050477,2.6340983,2.7017465,2.9594693,3.154795,2.4671986,2.794201,2.9954739,3.1983666,3.2724087,3.3874493,5.136553,5.009608,4.849719,5.0905147,3.1269732,3.119254,3.4300838,3.466598,3.4944775,2.7935317,3.2347891,3.2333453,2.8274367,2.918713,3.130591,3.1311586,2.4567163,2.5027645,2.3938208,2.3945732,4.1786823,2.959223,3.3543365,2.9904978,3.4943454,2.4294367,3.064559,2.685385,3.7768135,3.7046206,3.623599,4.078603,2.2162678,2.2162678,2.1169693,2.27406,2.2697773,2.1617463,2.285338,2.6159887,3.7934752,3.8205938,4.3305554,3.807381,3.6195328,3.5913434,3.7356327,3.7850046,3.4872196,3.4141965,3.6721463,3.307936,4.8759828,4.3497944,3.7951374,3.8311946,3.7907426,3.7114666,3.2808619,3.2762198,5.146497,4.4599133,3.8418372,3.8418372,3.8683453,4.35041,2.7199776,3.0860286,3.074456,1.784168,1.8406585,1.9509832
