,0,1,2,3,4,5,6,7,8,9,10,11,12,13,14,15,16,17,18,19,20,21,22,23,24,25,26,27,28,29,30,31,32,33,34,35,36,37,38,39,40,41,42,43,44,45,46,47,48,49,50,51,52,53,54,55,56,57,58,59,60,61,62,63,64,65,66,67,68,69,70,71,72,73,74,75,76,77,78,79,80,81,82,83,84,85,86,87,88,89,90,91,92,93,94,95,96,97,98,99,100,101,102,103,104,105,106,107,108,109,110,111,112,113,114,115,116,117,118,119,120,121,122,123,124,125,126,127
0,0.0,1.3628163,0.69849825,3.7098458,2.111266,2.0805438,1.3597827,2.3203213,4.3751807,4.9435797,3.9300013,3.8131862,4.565793,4.841872,3.788903,2.602325,3.3261855,3.2683997,3.3378167,2.9773624,3.7751575,2.6989727,3.1946926,2.902959,2.8310058,2.8094406,2.939193,2.8615048,2.8960505,2.888178,2.4264526,3.1309059,3.8089986,3.4107406,4.4577923,4.0268197,4.2195244,4.072613,3.9850051,4.2095656,3.5490897,3.3740861,4.1465473,2.4230483,3.1757197,3.954626,3.8216019,3.5544417,3.4190533,4.0702596,3.5430589,3.7813857,3.0756557,3.189437,3.5318675,3.5577757,3.1094952,3.0422947,3.3990495,3.127267,4.219016,4.072845,4.0349717,4.2533746,4.747526,4.813803,5.7358556,5.145432,4.5960784,4.5571117,5.0348573,4.807538,4.590641,5.097133,4.220617,4.2620068,4.453775,4.1738853,4.479595,5.2759604,4.3321786,4.3321786,4.3602114,4.2085,4.614082,4.2406664,4.958918,4.9702945,5.218492,4.81681,3.5836198,4.25487,3.4406621,3.4281049,3.873591,3.8640263,4.595306,4.778684,4.9333344,5.070085,5.8528805,4.727969,4.552416,4.434487,3.9572003,4.0273046,3.4881127,3.8131227,4.2788835,3.9509294,3.9013119,3.243127,5.3918324,4.8187165,4.9246445,4.9732614,4.348566,4.381655,4.779008,4.7243924,3.875725,3.9423015,3.8532739,3.8522217,4.5087643,4.1196666,4.681597,4.479707
1,1.3628163,0.0,1.1349374,3.875425,2.4395254,2.4154072,1.8428733,2.425286,3.4945686,4.0224137,2.876812,2.7735484,3.9541888,4.2252483,2.9999182,2.7655673,2.9772015,2.8870718,2.9943428,3.0096571,3.0829356,2.7859645,3.2615516,2.9908268,2.8726285,2.8765373,2.955653,2.8974745,2.9212067,2.922851,1.912128,2.7614834,3.581678,3.1325564,4.540613,3.7564178,3.9516041,3.7810805,3.6207728,3.995489,3.2121506,2.9205155,3.7849455,2.0791602,2.682054,3.5744457,3.5214193,3.2252734,2.938091,3.3341215,2.740555,3.5813935,2.7314737,2.7895832,3.2732542,3.3013167,2.8075392,2.744287,3.0830605,2.7983,3.923942,3.7715545,3.7556815,3.9832125,4.1980977,4.3320107,4.855196,4.889219,4.036488,4.0068517,4.5500836,4.2482615,4.054832,4.5437374,3.8173034,3.7770765,3.9165645,3.868166,3.9194684,4.862046,3.6811724,3.6811724,3.70793,3.584907,4.070327,3.6098995,4.373147,4.4035296,4.601359,4.4313884,3.8613067,4.4267163,2.9467604,2.9308944,3.4465678,3.4112587,4.34884,4.4298315,4.623564,4.675375,5.6266766,4.5376897,4.3031363,4.2078404,3.5663443,3.6237605,3.4960175,3.4974926,3.9104645,3.6075933,3.556394,2.9232926,4.805397,4.1657867,4.739375,4.776352,4.108747,4.147148,4.539745,4.50849,3.4707656,3.5551136,3.4987478,3.472814,4.2040334,3.7485085,4.3456264,4.207168
2,0.69849825,1.1349374,0.0,3.4086487,2.3789797,2.353118,1.5444767,2.155059,4.358873,4.522562,3.7521439,3.6206143,4.5286264,4.8542852,3.6573544,2.8086712,3.1963978,3.131414,3.2343032,2.9432666,3.6021621,2.6925526,3.0341065,2.876013,2.7766426,2.7614396,2.9165206,2.8281565,2.8494408,2.8373892,2.0595634,2.9058788,3.880859,3.5086365,4.6410837,4.049518,4.1881843,4.0673046,3.8735576,4.1921096,3.370799,3.2077448,3.94831,2.4599218,2.9765978,3.8014445,3.8158662,3.515038,3.3037443,3.919878,3.3118963,3.7461255,2.9857564,3.070319,3.4345791,3.4636881,3.0299375,2.9547517,3.3243256,2.9756026,4.0312233,3.8408241,3.8106186,4.056467,4.506245,4.5727925,5.4285693,4.873521,4.3537474,4.3290324,4.8683705,4.5766034,4.4076595,4.7786584,4.0349183,4.081986,4.266951,3.9991505,4.279147,5.282897,4.0786223,4.0786223,4.0919714,3.9347484,4.38374,4.0037904,4.6538463,4.6710987,4.9304957,4.567801,3.534256,4.130225,3.208921,3.1991107,3.6672037,3.6543508,4.347831,4.520896,4.671425,4.7827654,5.5969524,4.56548,4.3457074,4.2219915,3.717257,3.7632494,3.3355217,3.602967,4.053573,3.7650073,3.6990433,2.995351,5.1555376,4.5546117,4.954132,4.9966593,4.286042,4.3066993,4.714717,4.6721077,3.625055,3.7102082,3.6169872,3.637701,4.2774734,3.9048069,4.5427694,4.3182454
3,3.7098458,3.875425,3.4086487,0.0,4.4693093,4.4723396,4.1770706,2.73428,6.08157,5.0673695,5.4790573,5.363446,6.0865593,6.3663335,5.517489,4.9405537,3.886683,3.949532,4.0007114,3.731632,4.1029754,3.6048021,3.347821,3.6938024,3.8286295,3.829457,3.973607,3.855806,3.8504555,3.8245,2.7048404,3.5460136,5.608409,5.2044415,4.714997,4.917646,5.1107106,4.974738,4.7422895,5.0980115,4.1941843,3.8519838,4.584938,4.933938,4.0115023,4.560336,4.753558,4.620307,4.3197546,4.864155,4.2566886,4.5865936,4.1517797,4.127172,4.5065236,4.5545025,4.1984305,4.1445713,4.4273486,4.185695,3.8346949,3.6045978,3.3694043,3.7065687,4.8652587,4.67231,5.790306,5.28706,4.8162994,4.8746243,5.149488,4.8790693,4.736132,3.7860956,4.3448553,4.5140467,4.782633,4.4824867,4.729627,5.714723,4.465009,4.465009,4.3643136,4.2240295,5.0660105,4.6294837,4.500123,4.4747295,5.1634626,4.762104,4.201307,4.230269,4.096266,4.0544047,4.469655,4.469055,5.036554,5.172262,5.013381,5.1430416,5.0522327,5.000444,4.674518,4.5469036,4.5176463,4.5264835,4.151502,4.2609577,4.2886286,4.4033947,4.3066187,3.5122895,5.4091964,4.816072,5.5552273,5.579845,4.9799795,4.976707,5.384568,5.3350697,4.1191463,4.167752,4.125811,4.156941,4.716802,4.213941,5.1350646,4.912388
4,2.111266,2.4395254,2.3789797,4.4693093,0.0,0.09870426,1.9255074,2.6609583,4.8983197,5.2573423,4.5080013,4.365552,5.0274177,5.3032436,3.7743917,3.3512073,2.6192245,2.6231532,2.6997745,2.2705119,3.5083218,2.3123932,3.135849,2.4378476,3.6735044,3.6510835,3.7359512,3.6550086,3.6385467,3.6609356,3.162724,3.9550934,4.5225043,4.0974436,4.62711,4.7878118,5.025572,4.90399,4.592392,4.986828,3.8480372,3.9163778,4.2507634,3.0146582,3.691833,4.2342005,4.3263755,3.9852598,3.8757324,4.392658,4.0812306,3.946088,3.811691,3.9188845,4.389802,4.3981996,3.7224154,3.716737,4.358211,4.119285,4.855637,4.6751747,4.1894975,4.6442447,5.450694,5.634171,6.2524176,5.8149023,5.2943497,5.2627244,5.3775826,5.493781,5.0979753,5.4286222,4.8551116,4.8864484,5.0329423,4.899167,5.0596366,5.897847,4.96951,4.96951,4.991195,4.8229136,5.608383,5.199325,5.814698,5.798297,5.8163953,5.506669,4.7906566,5.2039757,4.339868,4.3232536,4.887906,4.9719067,5.630582,5.7021866,5.901964,5.967772,6.140948,5.0566716,4.975825,4.892553,5.0559525,5.076409,4.68167,4.8781986,5.326467,5.0297017,4.9841585,4.259466,6.10657,5.161543,5.839249,5.901348,5.2840166,5.371234,5.536424,5.503259,4.965849,4.992067,4.9567785,4.9403505,5.245468,5.145794,5.468203,5.1946836
5,2.0805438,2.4154072,2.353118,4.4723396,0.09870426,0.0,1.8789271,2.6564164,4.8627543,5.2517643,4.483485,4.3398857,5.015235,5.2942076,3.7692213,3.295017,2.6221817,2.6211255,2.6750607,2.270548,3.482906,2.289643,3.1057878,2.425229,3.651424,3.6259856,3.7113347,3.6332374,3.61586,3.6388543,3.1571145,3.9289746,4.472507,4.058392,4.602547,4.7524533,4.9984794,4.8747973,4.5961857,4.9628716,3.8231738,3.8979993,4.252448,2.9846363,3.676253,4.2432075,4.3265395,3.9611886,3.8557317,4.3817453,4.0664,3.9071229,3.791002,3.9092393,4.379987,4.388289,3.6991527,3.6936622,4.350234,4.0974784,4.8455133,4.6615815,4.1802955,4.6339393,5.4417357,5.6272926,6.2470493,5.794916,5.283984,5.2513595,5.380356,5.4837995,5.101955,5.431301,4.8566885,4.888463,5.0350385,4.896524,5.0598025,5.8848667,4.970364,4.970364,4.9910293,4.822714,5.5786347,5.1753554,5.7995996,5.7806582,5.8121743,5.5010934,4.7678814,5.1910233,4.314704,4.2984657,4.864443,4.9490914,5.6002626,5.673634,5.875723,5.942352,6.1337233,5.0481296,4.960296,4.876675,5.0342474,5.052643,4.661166,4.859813,5.3005695,5.004446,4.9585342,4.23315,6.0806527,5.1382694,5.7953987,5.861393,5.2535477,5.3402076,5.515039,5.4810743,4.940396,4.9679146,4.9315825,4.9138436,5.2189426,5.1189804,5.439299,5.16449
6,1.3597827,1.8428733,1.5444767,4.1770706,1.9255074,1.8789271,0.0,2.339468,4.5642705,5.2136526,4.1089673,3.954375,4.7091823,5.032862,3.5609605,2.5713608,3.529464,3.4796166,3.5202804,3.2310433,3.8079276,2.9885802,3.2205849,3.2697093,3.2030857,3.150377,3.2691627,3.2409108,3.2143075,3.2155178,2.7305756,3.426744,3.957146,3.8357913,4.529542,4.3233914,4.640566,4.5174575,4.666921,4.545253,3.851225,3.8891318,4.3796277,2.9259531,3.399841,3.9790862,4.415793,3.7767034,3.6849113,4.315873,3.7864833,3.168449,3.4694474,3.669544,3.8403962,3.853849,3.4035766,3.3510716,3.8430738,3.4676938,4.554117,4.3680863,4.350073,4.540568,4.9103446,5.065972,5.8398914,5.195924,4.7531533,4.7121453,4.926842,4.970023,4.610033,5.197683,4.30004,4.3399334,4.4942746,4.2373323,4.5149264,5.4230566,4.950902,4.950902,4.969248,4.79391,4.9649425,4.526371,5.2770114,5.256864,5.3726063,5.0029473,4.017128,4.5710645,3.8333218,3.8303697,4.214994,4.2594595,4.7775164,4.8818407,5.1019316,5.1897216,5.642012,4.448293,4.311139,4.2127547,4.290763,4.301167,3.857954,4.125838,4.6431036,4.3122087,4.262451,3.7001965,5.5705495,5.041705,5.234659,5.310189,4.6369295,4.7120104,4.992512,4.939266,4.219702,4.2625885,4.1970296,4.1945343,4.5766883,4.4274836,4.8670363,4.5614195
7,2.3203213,2.425286,2.155059,2.73428,2.6609583,2.6564164,2.339468,0.0,4.8417606,4.506396,4.24066,4.1277127,4.935219,5.2518167,4.2171326,3.4787457,2.894928,2.9393294,2.9538078,2.6399145,3.3516717,2.5979884,3.0070808,2.7048547,2.5297196,2.4995084,2.740469,2.6033037,2.5202165,2.4975977,1.7723005,2.7475405,4.5632014,4.198006,3.739651,3.8721466,4.117869,3.9828732,3.7504566,4.068682,3.0192995,2.9252672,3.6170354,3.6219578,2.6042743,3.2835271,3.5705616,3.3040388,3.1633897,3.8293746,3.2627735,3.1639798,2.9080086,2.8963056,3.3198607,3.35271,2.9214556,2.8559248,3.318999,2.942944,3.1287832,2.8666427,2.8177795,3.0231574,4.2232447,4.6244564,5.1897,4.7172675,4.106023,4.1288533,4.161025,4.219699,3.912642,3.4353416,3.5618675,3.7020452,3.9568472,3.642346,3.9163666,5.006365,3.8851957,3.8851957,3.8312984,3.6361403,4.5510054,4.0013576,4.182298,4.1479635,4.759396,4.3826613,3.675086,3.8064952,3.3689396,3.333662,3.71173,3.7799032,4.362357,4.4330983,4.4411354,4.515478,4.390637,3.942812,3.5919828,3.467038,3.963956,3.9594088,3.5499845,3.6869726,3.8867493,3.845664,3.7662058,3.1198215,4.894831,4.396532,4.8801155,4.9222717,4.299106,4.3694015,4.6825356,4.6141706,3.5741856,3.6003492,3.577538,3.5807488,3.8979075,3.718487,4.3910794,4.016949
8,4.3751807,3.4945686,4.358873,6.08157,4.8983197,4.8627543,4.5642705,4.8417606,0.0,4.6952286,2.0781956,1.963472,2.6348019,2.7598517,4.5616083,3.8289614,4.6461444,4.5442924,4.672376,5.0190244,3.691761,4.9523535,5.348173,5.1026225,3.9950604,4.012975,3.943162,3.9684386,3.9722538,3.9998677,4.058924,3.5066738,3.3817265,2.853219,4.579735,2.955126,3.4079258,3.2452433,3.9902623,3.444041,3.9706054,3.534005,4.81321,3.124064,3.461654,4.140407,3.9407043,3.59551,3.3600755,3.1249604,2.999405,4.406952,3.4328802,3.6467803,3.8918495,3.8842397,3.4281986,3.4193766,3.959588,3.514256,4.542069,4.452908,4.692298,4.6452374,4.2389846,4.4838076,4.189252,5.267516,4.128534,4.0753927,4.5632114,4.1919174,4.457629,5.1468253,4.582448,4.3484077,4.3368087,4.6935334,4.348329,4.0251775,3.7779138,3.7779138,3.805301,3.7801328,3.5555038,3.2797291,4.2047777,4.24524,4.6095996,4.843954,4.8385105,5.456054,3.3751361,3.3605063,3.4720402,3.5094512,4.586885,4.4486923,4.770857,4.6507573,6.3448625,5.383444,5.1007414,5.0620093,3.6757605,3.6854167,4.374059,3.9225256,3.8235245,3.6008296,3.6323462,3.566857,3.6775153,3.7389038,3.7338767,3.838098,3.3541381,3.4136205,4.030289,4.0498304,3.8366106,3.910591,3.92255,3.700012,4.580208,3.8983924,4.301024,4.234582
9,4.9435797,4.0224137,4.522562,5.0673695,5.2573423,5.2517643,5.2136526,4.506396,4.6952286,0.0,4.4561605,4.3948016,4.7427025,4.912266,4.3131976,5.5793357,3.8894093,3.786484,4.2137384,4.393284,3.7275724,4.463377,4.790385,4.5210943,4.987882,5.0269656,4.9481764,4.968983,4.9770937,4.9798503,3.7818308,4.409474,4.976715,4.5187573,5.933024,4.8632665,4.9624615,4.7924385,5.021911,5.0215,3.827482,3.3964305,4.1473103,4.4853787,4.2377048,4.55518,4.917739,4.7193627,4.6304703,4.4150243,4.39162,5.570057,4.700876,4.580077,4.8761973,4.9187555,4.8309765,4.785158,4.832844,4.772036,4.879444,4.6354837,4.3178363,4.8469534,5.01725,5.4505997,4.9332585,5.9899044,4.9540415,5.005137,5.374579,5.065151,5.4987507,4.6724377,5.4185133,5.4001904,5.4583607,5.6237254,5.3796635,5.7690425,4.2804537,4.2804537,4.203659,4.160294,4.9434986,4.802643,4.7231374,4.7839227,5.1746697,5.386054,6.045456,6.015215,4.3958817,4.3529553,4.963298,4.9205923,5.8193927,5.73978,5.7978354,5.684663,6.6454334,6.623989,6.1331887,6.052116,5.1547036,5.1170006,5.6813116,5.2902107,5.123588,5.2239327,5.172244,4.4300413,5.1164975,3.6061969,5.7331204,5.6488256,5.3177876,5.2959404,5.525274,5.5140147,4.9747434,5.0777016,5.1130066,4.991262,5.464644,5.0556607,5.566824,5.5210085
10,3.9300013,2.876812,3.7521439,5.4790573,4.5080013,4.483485,4.1089673,4.24066,2.0781956,4.4561605,0.0,0.81580055,3.4158177,3.6384141,3.9828658,3.4337611,4.194177,4.098958,4.2526,4.5897565,3.3940198,4.4979024,4.862665,4.620788,3.3749173,3.412441,3.496291,3.4102855,3.3724983,3.3928201,3.3510706,2.8154786,3.7164543,3.3063884,4.762878,3.4035435,3.536311,3.3707082,3.1646795,3.709491,3.3741481,3.1976962,4.154669,2.6945236,2.581922,3.465092,3.2644188,2.959111,2.4691498,2.1238022,1.8937259,3.7097313,2.4828072,2.5776486,3.0458436,3.038221,2.5869718,2.5939088,3.076831,2.625764,3.7129815,3.7066867,3.9983397,3.8725336,3.5171206,3.7833245,3.4363778,4.655327,3.3574865,3.302063,3.880523,3.4673173,3.732096,4.5283885,3.8206103,3.6171784,3.6677468,4.024121,3.6237493,4.563546,2.9145784,2.9145784,2.9582567,3.0292892,2.8509922,2.435597,3.4867678,3.5422697,3.877679,4.136719,4.2968864,4.8396416,2.495852,2.5122683,2.7950015,2.6729488,3.799398,3.688724,3.9467611,3.912485,5.496422,4.4662056,4.1043124,4.0813417,3.0089128,3.1065648,3.615317,3.1810656,3.2759697,2.9980786,2.9982848,2.9856212,4.0622067,4.156941,4.3206487,4.361411,3.8523157,3.894513,4.3762817,4.3758655,2.8860621,2.954404,2.9895318,2.9084845,3.6337087,3.1446044,3.4197373,3.5526168
11,3.8131862,2.7735484,3.6206143,5.363446,4.365552,4.3398857,3.954375,4.1277127,1.963472,4.3948016,0.81580055,0.0,2.9689884,3.3030357,3.8153512,3.290272,4.126803,4.0378814,4.1780124,4.521867,3.2968695,4.422583,4.7447834,4.5684686,3.3217967,3.3574722,3.406283,3.343797,3.311982,3.3339868,3.2705588,2.7052011,3.773571,3.3398564,4.7916,3.3099353,3.5871296,3.4246867,3.2393272,3.6451032,3.3200173,3.2281172,3.9771311,2.5170963,2.538597,3.402352,3.2298975,2.8020897,2.2896087,2.0383492,1.7213122,3.7176116,2.5322876,2.7016757,3.118189,3.114611,2.5467286,2.534889,3.0959523,2.59854,3.783192,3.689292,3.9694624,3.8747766,3.296847,3.4667547,3.2313042,4.4148283,3.125564,3.0648594,3.7008445,3.2618928,3.5148897,4.4916987,3.6214273,3.406162,3.3900328,3.7102933,3.3558657,4.3916273,2.9017684,2.9017684,2.9623682,2.8954675,2.8189418,2.392404,3.5048504,3.548939,3.6515973,3.9125533,4.205923,4.713429,2.4486623,2.4589183,2.56517,2.6249573,3.7392364,3.613815,4.0053124,3.8563218,5.5453267,4.4790654,4.1020203,4.0655084,2.8988564,2.924021,3.5437663,3.0912015,3.2325006,2.910123,2.9055007,2.825655,3.5925162,3.6850443,4.0592823,4.10387,3.4621513,3.5130002,3.9290242,3.9469633,2.8937268,2.95874,2.9896462,2.8875723,3.558093,3.14888,3.6638944,3.4782646
12,4.565793,3.9541888,4.5286264,6.0865593,5.0274177,5.015235,4.7091823,4.935219,2.6348019,4.7427025,3.4158177,2.9689884,0.0,0.981639,4.553374,4.0143104,4.813355,4.739459,5.3173265,5.07737,4.24116,5.1748753,5.4569607,5.301922,4.057709,4.1108446,4.0113916,4.041435,4.04884,4.066005,4.2769947,3.8308384,3.8088508,3.4049613,5.185469,3.1377995,3.5568662,3.4797766,4.346728,3.1076698,4.298974,3.8638897,4.401558,3.2965446,3.6640184,3.4377286,4.0006933,3.6330123,3.570619,3.337382,3.5997374,4.983225,3.8581166,4.0345545,3.6975214,3.687855,3.7298777,3.6807308,3.9849765,3.7759104,4.7937584,4.6486983,4.861628,4.8433657,3.9983783,4.142505,4.174741,5.169855,3.9490793,3.8937638,4.204708,4.028624,4.257149,5.323778,4.333998,4.1415715,4.044581,4.2379045,4.106818,3.8929613,4.1458,4.1458,4.2086005,3.974612,4.0516677,3.7826293,4.517933,4.62088,4.4299083,4.5467997,4.7896085,5.170122,3.6761508,3.6598167,3.5357401,3.7887335,4.5625696,4.4507437,4.878279,4.6220217,6.8365936,5.984736,5.705614,5.6238933,3.8547149,3.8261502,4.381772,4.054112,4.201707,3.8766534,3.9295762,3.710324,3.4772239,3.416434,3.8265443,3.740832,2.9711752,2.965871,3.1942575,3.2481096,4.257893,4.316532,4.3400297,4.1069317,5.007186,4.2993374,5.2083755,4.741411
13,4.841872,4.2252483,4.8542852,6.3663335,5.3032436,5.2942076,5.032862,5.2518167,2.7598517,4.912266,3.6384141,3.3030357,0.981639,0.0,4.7879186,4.355526,5.071092,4.9876714,5.559513,5.3483615,4.4541044,5.401233,5.740626,5.547929,4.3985248,4.447646,4.333602,4.375487,4.411871,4.429455,4.603872,4.1917496,3.944461,3.5665612,5.3281326,3.361013,3.747537,3.672625,4.6396384,3.357853,4.5852437,4.0760694,4.7372537,3.6243494,3.9941566,3.7424736,4.074238,3.970535,3.912226,3.6282077,3.8198059,5.251708,4.1356673,4.2252727,3.8229642,3.818458,4.035785,3.9937255,3.97645,4.0918183,4.9668274,4.916247,5.1051197,5.1001263,4.304836,4.4676685,4.420423,5.8531303,4.2908783,4.233685,4.5005746,4.3280225,4.5855236,5.5750794,4.690455,4.478177,4.3883576,4.664717,4.4494295,3.9984832,4.394782,4.394782,4.444526,4.2536297,4.309051,4.0539236,4.7258334,4.861959,4.718755,4.867668,5.1101913,5.4958906,3.9828484,3.9645798,3.922372,4.096092,4.9215937,4.8116546,5.185945,4.9547853,7.125723,6.3085213,6.119423,6.0428753,4.1846304,4.2511234,4.7038565,4.306832,4.5021706,4.1866865,4.2596207,4.0400968,3.806362,3.6859348,4.1002984,3.9899623,3.2835827,3.2851799,3.5028274,3.553624,4.550046,4.597512,4.643584,4.402616,5.362421,4.575105,5.4383173,5.060837
14,3.788903,2.9999182,3.6573544,5.517489,3.7743917,3.7692213,3.5609605,4.2171326,4.5616083,4.3131976,3.9828658,3.8153512,4.553374,4.7879186,0.0,3.9755085,3.8815088,3.8333068,3.9544845,4.229689,3.7395499,4.0047555,4.257356,4.2496066,4.863265,4.8924403,4.823215,4.834893,4.769009,4.7852125,3.564032,4.5340614,4.4751205,4.4559274,6.0511837,5.0510206,5.3192477,5.0609746,5.4508724,5.3421044,4.7376537,4.3480062,3.9493427,3.6010628,4.2311354,4.7461615,5.0408883,4.156529,4.1970873,4.1246114,4.211585,4.7181067,4.4630404,4.557583,4.9112277,4.9298177,4.448548,4.41771,4.5802145,4.5169463,5.4726267,5.32302,5.1858344,5.434828,4.7825136,4.945483,4.9875417,5.6380095,4.663079,4.6385093,5.168022,4.859917,4.362529,5.4511514,4.3126636,4.2493973,4.221079,4.392379,4.205353,5.1595073,5.2414985,5.2414985,5.3118415,5.177104,5.462551,4.952856,5.6898856,5.644435,4.998601,5.0843806,5.759245,5.8298273,4.493923,4.4740367,4.946366,4.9408226,5.676562,5.641538,5.862365,5.799475,7.2917414,6.3814306,6.0483437,5.9887524,5.215762,5.1982346,5.4038973,5.257799,5.548303,5.216629,5.2058268,4.6756945,5.960431,4.9511166,5.9497533,5.8733773,5.4488044,5.4670906,5.265164,5.237847,5.176785,5.212659,5.2464657,5.139986,5.803301,5.2707767,5.9615393,5.889082
15,2.602325,2.7655673,2.8086712,4.9405537,3.3512073,3.295017,2.5713608,3.4787457,3.8289614,5.5793357,3.4337611,3.290272,4.0143104,4.355526,3.9755085,0.0,3.982551,3.9202948,4.036164,3.7781842,3.7419043,3.461263,3.7116542,3.6906269,2.4765217,2.451692,2.4787722,2.4588943,2.3946476,2.4222214,3.2938375,2.7239857,3.2846463,3.193378,4.15961,3.2347515,3.7424448,3.4411774,4.088029,3.7182462,3.29199,3.353814,3.9099236,2.2473395,2.779326,3.5798903,3.5380871,2.39945,2.4688435,3.1301093,3.2663136,3.0287263,2.4698524,2.977869,3.023358,3.01568,2.3157904,2.2976441,3.0831034,2.5262403,3.8475473,3.7625525,3.967803,3.8627276,4.0137033,4.245225,5.0482826,4.4456487,3.8679194,3.7736905,4.383983,4.0284605,4.1609554,5.193644,3.8366702,3.8814662,4.0443544,3.71037,4.0293055,4.797354,4.3887773,4.3887773,4.430639,4.2923417,3.6514747,3.4354699,4.437066,4.375423,4.7003007,4.324731,3.1355104,3.8222625,2.9171267,2.924175,3.1408489,3.1989763,3.920681,4.095093,4.321064,4.4422493,5.859969,4.79574,4.375628,4.2774796,3.4051378,3.4626493,3.02509,3.3876994,3.5842664,3.1657534,3.15493,2.8679636,4.813491,4.66074,3.6657457,3.6909285,3.5732672,3.5952852,3.9653203,3.8822517,3.2270741,3.2431722,3.2068574,3.1398365,3.7632644,3.2840157,3.9002147,3.6591659
16,3.3261855,2.9772015,3.1963978,3.886683,2.6192245,2.6221817,3.529464,2.894928,4.6461444,3.8894093,4.194177,4.126803,4.813355,5.071092,3.8815088,3.982551,0.0,0.2538323,1.3831605,0.91750914,1.7943501,1.4279981,2.1110055,1.2536364,3.4817805,3.4923267,3.4960103,3.427417,3.4161885,3.458267,2.524249,3.3445594,4.501661,3.9877915,4.7094927,4.3469925,4.508006,4.3551455,4.186421,4.5908694,3.205727,2.7668848,3.3852754,3.3766046,3.0426953,3.700088,4.0161514,3.5734935,3.38685,3.605505,3.5574064,4.2021885,3.4828732,3.5389025,4.1108546,4.1229024,3.3730085,3.3979578,4.270133,3.9505167,3.9490807,3.7053187,2.7229443,3.5368495,4.7638793,5.1023045,5.3139772,5.349993,4.6596212,4.677749,5.060665,4.781113,4.664967,4.073466,4.4450564,4.5031915,4.6760983,4.688746,4.6330967,5.439784,4.067824,4.067824,4.003563,3.8923366,4.958195,4.5578523,4.728127,4.721592,5.051109,4.913908,4.8401065,4.9448643,3.6543887,3.6160274,4.470042,4.518423,5.349491,5.395696,5.383457,5.4418435,5.838193,5.45901,5.1752725,5.0794296,4.663072,4.650703,4.5870185,4.488711,4.6610785,4.5920367,4.535484,3.6292827,5.4003673,4.072717,5.5372467,5.5418053,4.994656,5.006285,5.2528715,5.239669,4.415825,4.473571,4.476959,4.421557,5.0301538,4.5052633,5.184214,5.0832806
17,3.2683997,2.8870718,3.131414,3.949532,2.6231532,2.6211255,3.4796166,2.9393294,4.5442924,3.786484,4.098958,4.0378814,4.739459,4.9876714,3.8333068,3.9202948,0.2538323,0.0,1.3767482,0.9698718,1.7346013,1.3885744,2.0936055,1.259587,3.4609687,3.468259,3.4641814,3.4079041,3.411499,3.454233,2.5283208,3.3164349,4.3907237,3.8773305,4.7386713,4.303743,4.4674335,4.3097353,4.1779537,4.552169,3.166556,2.7234251,3.411417,3.2754576,3.0220318,3.6950831,4.0024242,3.5530515,3.3751683,3.5850205,3.5207844,4.182064,3.4500985,3.5062635,4.058309,4.072217,3.3520558,3.3745382,4.2311783,3.9247658,3.9693954,3.7302415,2.7712736,3.5873165,4.76179,5.098593,5.300589,5.372178,4.651721,4.6657505,5.0826287,4.780952,4.7137437,4.154371,4.4931884,4.543895,4.712535,4.728149,4.66494,5.4457784,4.041972,4.041972,3.9798732,3.8742752,4.893577,4.5118103,4.713681,4.7167716,5.055104,4.9267497,4.8318353,4.968132,3.5857933,3.548618,4.4284325,4.467859,5.325242,5.3765345,5.370933,5.4325724,5.8917136,5.491232,5.2013807,5.105794,4.627967,4.619473,4.5667286,4.451745,4.649042,4.5730205,4.5174775,3.5999753,5.3826675,4.040277,5.5044765,5.508218,4.972668,4.9786873,5.2473106,5.2323275,4.377699,4.442091,4.4432797,4.3862715,5.011429,4.484374,5.1460624,5.0620675
18,3.3378167,2.9943428,3.2343032,4.0007114,2.6997745,2.6750607,3.5202804,2.9538078,4.672376,4.2137384,4.2526,4.1780124,5.3173265,5.559513,3.9544845,4.036164,1.3831605,1.3767482,0.0,1.6493291,1.9537511,1.4272674,2.263668,1.4600081,3.7732804,3.7461534,3.7977443,3.731534,3.6978438,3.7367423,2.8178258,3.5554428,4.516891,4.08605,4.6488824,4.4447784,4.657152,4.4914894,4.402003,4.863273,3.3171296,3.0277464,3.6447704,3.5519018,3.3552027,4.509255,4.199794,3.705768,3.6020854,3.9603531,3.626472,4.1788774,3.6532135,3.7252312,4.5370603,4.5562043,3.574475,3.5992892,4.45286,4.118845,4.1780787,3.9132059,3.0149903,3.7900498,4.9716215,5.2888594,5.500757,5.5114684,4.841373,4.8555946,5.385453,4.962362,4.8693075,4.334056,4.6663747,4.717911,4.874659,4.883749,4.8084683,5.5430818,4.268264,4.268264,4.2093616,4.100723,5.0916834,4.7058225,4.974946,4.909922,5.2239704,5.0967736,5.026503,5.1438794,3.8202164,3.782515,4.6188474,4.665186,5.4133015,5.4600873,5.4748373,5.5299196,5.9675603,5.551285,5.2477627,5.1619296,4.900673,4.8755426,4.8466263,4.7346697,4.8389697,4.780622,4.7240577,3.8412652,5.5436974,4.2607727,5.6004157,5.662939,5.14483,5.1700244,5.403978,5.3802004,4.5736203,4.627549,4.6348143,4.57036,5.077675,4.6696653,5.226226,5.120115
19,2.9773624,3.0096571,2.9432666,3.731632,2.2705119,2.270548,3.2310433,2.6399145,5.0190244,4.393284,4.5897565,4.521867,5.07737,5.3483615,4.229689,3.7781842,0.91750914,0.9698718,1.6493291,0.0,2.4326575,0.9865086,1.9450891,0.6795738,3.2595356,3.25479,3.2962537,3.214009,3.2141309,3.2505682,2.6438818,3.411298,4.5174017,4.0133314,4.564698,4.380654,4.5285873,4.381106,4.217963,4.5827813,3.246782,2.9002419,3.5186281,3.383248,3.1496313,3.780161,4.0277033,3.613873,3.5384994,3.9559927,3.8804436,4.1938763,3.4875908,3.5607285,4.0640445,4.077456,3.382121,3.3964596,4.2741256,3.9477406,3.9881558,3.7501447,2.8192406,3.5933485,4.990945,5.3291306,5.781358,5.4028316,4.879116,4.8873076,5.2473583,5.013894,4.903301,4.3829007,4.5878353,4.695202,4.9079027,4.7653627,4.873399,5.6350093,4.3159227,4.3159227,4.262236,4.134298,5.1452236,4.78424,4.9767523,4.966485,5.3616924,5.0696745,4.5795746,4.728673,3.7732959,3.7377415,4.5611744,4.611179,5.3718224,5.4839163,5.447178,5.5667906,5.8755236,5.4670205,5.1899285,5.079238,4.7635007,4.7620354,4.462733,4.535834,4.769915,4.6787333,4.620948,3.7034316,5.701229,4.490405,5.567193,5.574555,5.064104,5.0704207,5.3390303,5.30429,4.4976363,4.5507154,4.5316257,4.4947853,5.0659685,4.5980334,5.2379556,5.1138
20,3.7751575,3.0829356,3.6021621,4.1029754,3.5083218,3.482906,3.8079276,3.3516717,3.691761,3.7275724,3.3940198,3.2968695,4.24116,4.4541044,3.7395499,3.7419043,1.7943501,1.7346013,1.9537511,2.4326575,0.0,2.3795395,2.4227455,2.5321386,3.4987898,3.4920428,3.4351714,3.432914,3.406982,3.4584556,2.5559416,2.8368824,3.9527318,3.595945,4.3596325,3.7021046,4.100541,3.9020605,4.301892,4.2018013,3.0974298,2.6017227,3.4802563,3.3803241,2.7929444,3.634353,4.006042,3.211483,2.9416134,2.9854941,2.8293352,3.5445259,3.2175856,3.4041264,3.896658,3.9073496,3.0587974,3.0983565,4.019321,3.6407084,3.6497698,3.4112678,2.6578658,3.3104641,4.0842524,4.338333,4.375998,5.0042305,3.9961302,4.010947,4.4921722,4.065483,4.1295447,3.663587,4.0484037,4.025757,4.141167,4.340951,4.062666,4.678651,3.8082957,3.8082957,3.720595,3.6311016,4.1293063,3.7001052,3.9899309,3.954152,4.3308725,4.3828077,4.703975,4.843735,3.0719812,3.0337756,3.8623638,3.9141448,4.826408,4.782893,4.8170943,4.805841,5.5475974,5.185769,4.8461466,4.772391,4.0668526,4.0367985,4.3154635,3.95111,3.9825559,3.9504943,3.909545,3.0879195,4.4697104,3.273228,4.789387,4.829214,4.272307,4.290159,4.610765,4.609927,3.7994232,3.857486,3.901683,3.775047,4.4956384,3.8162131,4.5772734,4.4916525
21,2.6989727,2.7859645,2.6925526,3.6048021,2.3123932,2.289643,2.9885802,2.5979884,4.9523535,4.463377,4.4979024,4.422583,5.1748753,5.401233,4.0047555,3.461263,1.4279981,1.3885744,1.4272674,0.9865086,2.3795395,0.0,1.6396006,0.5920996,3.194151,3.1657004,3.1766717,3.138167,3.1673005,3.2017808,2.584602,3.2913706,4.2815967,3.8369226,4.471701,4.25326,4.495394,4.287221,4.300468,4.601419,3.2098918,2.8566036,3.4381075,3.2480752,3.1580997,4.0603456,3.9620776,3.4192688,3.4735122,3.989636,3.7669296,3.9758205,3.3595755,3.452785,4.0054865,4.03242,3.2933986,3.296266,4.0532722,3.8275626,3.9510696,3.7350962,2.9239142,3.6545763,4.8217306,5.0999823,5.6837997,5.3537283,4.696044,4.693359,5.224492,4.84242,4.802511,4.502511,4.4587727,4.5730677,4.783578,4.607911,4.7232947,5.460121,4.318089,4.318089,4.280213,4.1514874,4.9626174,4.6165614,4.9246154,4.894693,5.2075725,4.8853617,4.388952,4.539013,3.5547168,3.5171373,4.3817353,4.40436,5.275838,5.4212604,5.381431,5.527776,6.0228677,5.5697274,5.2490315,5.13796,4.6672134,4.6797414,4.3382154,4.390418,4.6941705,4.5730867,4.523446,3.5772488,5.7143345,4.5350704,5.425681,5.4311795,4.954063,4.947695,5.1792693,5.1213765,4.3300347,4.3788805,4.3656907,4.3147717,4.9343896,4.44586,5.0910745,5.006784
22,3.1946926,3.2615516,3.0341065,3.347821,3.135849,3.1057878,3.2205849,3.0070808,5.348173,4.790385,4.862665,4.7447834,5.4569607,5.740626,4.257356,3.7116542,2.1110055,2.0936055,2.263668,1.9450891,2.4227455,1.6396006,0.0,1.8251953,3.5558789,3.5108654,3.512249,3.5136547,3.508911,3.5468569,2.6170406,3.3434305,4.5450144,4.409088,5.053908,4.6465373,4.918456,4.7931867,5.124184,4.9787593,3.8354182,3.470903,3.9281774,3.8976977,3.4961689,4.277033,4.8512444,3.9794557,3.8564618,4.3699794,4.0183215,3.891572,3.855747,4.075677,4.367598,4.3808966,3.6510298,3.6595564,4.534957,4.126454,4.192533,3.918622,3.1718116,3.8457012,4.8565006,5.0002537,5.7059107,5.1756606,4.7765794,4.7903543,5.4013557,4.910306,4.798826,4.367722,4.4327245,4.5643086,4.7585464,4.577119,4.709994,5.6186132,4.9384704,4.9384704,4.857055,4.710968,5.041358,4.6667795,4.8760033,4.82696,5.1334333,4.801154,4.3926005,4.512919,3.7545033,3.7332013,4.537772,4.5747676,5.151582,5.2978287,5.225685,5.357625,5.807945,5.467342,5.2303123,5.108534,4.5506687,4.519216,4.2337966,4.288253,4.597603,4.508767,4.445248,3.5271034,5.6074677,4.515894,5.6510534,5.6837325,4.9851055,4.9627924,5.2471266,5.225018,4.32275,4.386023,4.3530416,4.331529,5.0227094,4.381224,5.300263,5.1455383
23,2.902959,2.9908268,2.876013,3.6938024,2.4378476,2.425229,3.2697093,2.7048547,5.1026225,4.5210943,4.620788,4.5684686,5.301922,5.547929,4.2496066,3.6906269,1.2536364,1.259587,1.4600081,0.6795738,2.5321386,0.5920996,1.8251953,0.0,3.2449174,3.2293465,3.2800255,3.2002912,3.2102757,3.2453802,2.689875,3.4102201,4.5073895,4.0355244,4.6513724,4.3943963,4.5354495,4.3610735,4.222914,4.6652756,3.2632067,2.8885493,3.5033379,3.3829746,3.1934671,4.079237,3.976319,3.5566154,3.5390203,4.028333,3.8867326,4.2691903,3.4390962,3.5073445,4.0998497,4.119253,3.359251,3.3708272,4.1927867,3.9105139,3.9497867,3.7298212,2.8333771,3.5893018,4.9753013,5.3097296,5.8145704,5.4154887,4.858684,4.863056,5.396045,4.9929414,4.9365363,4.469489,4.586789,4.7092266,4.9309597,4.7497883,4.880416,5.6659603,4.3119073,4.3119073,4.2624125,4.14348,5.0921407,4.7534366,4.969842,4.9451437,5.3579617,5.0400257,4.4912076,4.6340833,3.7041483,3.668249,4.5191374,4.544696,5.32425,5.476307,5.4105463,5.5588274,6.0166254,5.6217537,5.3164096,5.201869,4.763039,4.7768984,4.4214787,4.512884,4.745193,4.6524415,4.596598,3.6754537,5.7904763,4.612355,5.5504894,5.5563674,5.0956903,5.0854597,5.3532634,5.3079457,4.434067,4.488296,4.46802,4.4358745,5.0573525,4.541838,5.216693,5.1323905
24,2.8310058,2.8726285,2.7766426,3.8286295,3.6735044,3.651424,3.2030857,2.5297196,3.9950604,4.987882,3.3749173,3.3217967,4.057709,4.3985248,4.863265,2.4765217,3.4817805,3.4609687,3.7732804,3.2595356,3.4987898,3.194151,3.5558789,3.2449174,0.0,0.16758892,0.70420426,0.31335956,0.39227992,0.37802106,2.3420935,1.3594183,3.9634566,3.4035249,3.487913,2.6775184,2.974485,2.786847,2.4977012,2.9597764,2.3752985,2.1938322,3.2461743,2.8304381,1.3088305,2.2425175,2.387178,1.9238623,1.9197874,2.7154062,2.4712946,2.9795015,1.2120107,1.5254028,1.60538,1.6110222,1.1931947,1.1027377,2.228376,1.3315516,1.983605,1.8608817,2.4061313,2.1009924,3.02895,3.5970013,4.2606616,3.6040988,2.9062297,2.875633,3.3384194,3.0057492,3.3362415,3.5731509,2.9247115,3.0431404,3.3414648,2.9636168,3.2985103,4.321405,2.8065407,2.8065407,2.7796357,2.6574354,2.8144815,2.4491189,2.8666883,2.8845985,3.8063285,3.3327966,1.8826599,2.3953102,1.7927176,1.7754887,1.9843992,2.0250328,3.3713033,3.5562682,3.5028307,3.6992729,4.3736787,3.849751,3.348966,3.2066371,2.3237073,2.3843472,1.7378304,1.9943426,2.3288386,2.173241,2.1316369,1.8723545,4.083444,4.2615476,3.7276676,3.717208,3.030259,3.0334668,3.5847354,3.4956183,1.9257978,1.9435283,1.8844221,1.860645,2.6792998,2.0945137,2.987339,2.741047
25,2.8094406,2.8765373,2.7614396,3.829457,3.6510835,3.6259856,3.150377,2.4995084,4.012975,5.0269656,3.412441,3.3574722,4.1108446,4.447646,4.8924403,2.451692,3.4923267,3.468259,3.7461534,3.25479,3.4920428,3.1657004,3.5108654,3.2293465,0.16758892,0.0,0.71802336,0.38308161,0.4401041,0.43175665,2.3669598,1.3797078,3.935635,3.4046288,3.455667,2.6770308,2.9868429,2.8114257,2.5951962,2.9755845,2.3872776,2.2363374,3.2959409,2.8626068,1.3598353,2.3274372,2.4691517,1.9704535,1.9878098,2.8040018,2.5042212,2.9046185,1.2744944,1.5951236,1.6629877,1.6681912,1.2344618,1.1484121,2.2792017,1.3869494,2.022334,1.8877994,2.4206607,2.1336355,3.0829759,3.6522593,4.3202806,3.6337938,2.9590874,2.928154,3.386261,3.058828,3.3908558,3.603244,2.9792933,3.0990393,3.3944142,3.012632,3.349586,4.344269,2.897087,2.897087,2.865472,2.7411087,2.8537014,2.4953077,2.91588,2.9272575,3.852731,3.370915,1.8790349,2.4034197,1.8233615,1.8085521,2.0294912,2.073863,3.3628871,3.5501947,3.4977722,3.6981704,4.344302,3.8230186,3.3315804,3.1883013,2.3593671,2.414314,1.7550919,2.0147777,2.3642807,2.2139075,2.1727383,1.9032748,4.103368,4.282349,3.7474818,3.7493532,3.041649,3.0476487,3.6064394,3.5164886,1.9598422,1.978569,1.918086,1.8936098,2.6771772,2.127818,2.991466,2.7317154
26,2.939193,2.955653,2.9165206,3.973607,3.7359512,3.7113347,3.2691627,2.740469,3.943162,4.9481764,3.496291,3.406283,4.0113916,4.333602,4.823215,2.4787722,3.4960103,3.4641814,3.7977443,3.2962537,3.4351714,3.1766717,3.512249,3.2800255,0.70420426,0.71802336,0.0,0.4488022,0.7995903,0.82524127,2.395763,1.3963044,4.0611463,3.4018295,3.512689,2.7549124,3.2622004,3.0066724,2.8209722,3.2241657,2.4769654,2.222938,3.261293,2.896267,1.5195012,2.325916,2.6053758,1.961886,2.0833485,2.8449345,2.6079414,2.9753776,1.4928156,1.8558171,1.8594263,1.8764225,1.4649093,1.3805975,2.4019773,1.6339188,2.2062309,2.0771327,2.596608,2.3490896,2.960206,3.5570266,4.2114344,3.572087,2.8392966,2.804674,3.29865,2.9564571,3.3337488,3.647623,2.9328496,3.0428593,3.320408,2.9638898,3.2746484,4.170777,2.9623559,2.9623559,2.940913,2.8127556,2.7940178,2.4650896,2.8930879,2.9106216,3.7359903,3.2657492,1.9465057,2.403315,1.8839298,1.8509539,2.0517433,2.1160016,3.8656423,4.029027,3.9892433,4.160167,4.554356,4.0728645,3.5713394,3.4343338,2.3805225,2.399853,1.9111739,1.999478,2.4590526,2.3063645,2.272284,2.0255392,4.080064,4.204225,3.7193837,3.6913786,2.9662418,2.9742684,3.470981,3.369849,2.0662484,2.0650003,2.007699,1.9382632,2.766271,2.1765637,3.0664358,2.828825
27,2.8615048,2.8974745,2.8281565,3.855806,3.6550086,3.6332374,3.2409108,2.6033037,3.9684386,4.968983,3.4102855,3.343797,4.041435,4.375487,4.834893,2.4588943,3.427417,3.4079041,3.731534,3.214009,3.432914,3.138167,3.5136547,3.2002912,0.31335956,0.38308161,0.4488022,0.0,0.43427134,0.45340464,2.339303,1.3192973,4.006415,3.3787653,3.4457002,2.6989374,3.080842,2.859202,2.5546708,3.069473,2.3464637,2.1402812,3.187036,2.8056035,1.3412641,2.254997,2.3956194,1.868028,1.9058948,2.7012203,2.487488,2.9826527,1.2450447,1.5977148,1.7089654,1.7179338,1.2174212,1.1345328,2.2686048,1.4189293,2.0245948,1.9035257,2.4104328,2.1323721,2.9791813,3.5491936,4.2227044,3.5725248,2.8580482,2.826,3.2997313,2.963544,3.3114805,3.5848992,2.9043143,3.0202248,3.3143222,2.9531634,3.27355,4.2541356,2.8087828,2.8087828,2.7845674,2.6635828,2.7835178,2.439538,2.8599808,2.8721006,3.7480836,3.2724767,1.8745013,2.3648698,1.8021154,1.7766464,2.0011308,2.0505462,3.5930884,3.7665513,3.7195396,3.9058495,4.443929,3.930985,3.4308345,3.2912183,2.329205,2.3788035,1.7905469,1.9944742,2.352355,2.1930454,2.154323,1.8841506,4.0836353,4.217007,3.7113974,3.693268,2.9939141,3.0028186,3.521731,3.4292877,1.9684886,1.972579,1.9168973,1.8728023,2.6920853,2.0999153,2.9818149,2.745804
28,2.8960505,2.9212067,2.8494408,3.8504555,3.6385467,3.61586,3.2143075,2.5202165,3.9722538,4.9770937,3.3724983,3.311982,4.04884,4.411871,4.769009,2.3946476,3.4161885,3.411499,3.6978438,3.2141309,3.406982,3.1673005,3.508911,3.2102757,0.39227992,0.4401041,0.7995903,0.43427134,0.0,0.08659299,2.3253632,1.2893983,3.8819563,3.3510497,3.3524518,2.5775006,2.8923018,2.708001,2.5499282,2.907202,2.2512374,2.0935507,3.044744,2.7960796,1.2185475,2.2385159,2.4088888,1.7480959,1.8032308,2.6147788,2.4560866,2.869283,1.1657814,1.5651609,1.7288191,1.7217064,1.0592107,0.9877023,2.2713957,1.263406,1.9444314,1.7885748,2.3102005,1.9842926,2.9158022,3.5246449,4.1598864,3.4355185,2.8026729,2.775567,3.2210352,2.895132,3.2081769,3.4909332,2.8008633,2.9281204,3.2276013,2.8667192,3.1942887,4.195066,2.8534951,2.8534951,2.8227172,2.7038784,2.7846973,2.4259803,2.834066,2.8070145,3.6763458,3.1963727,1.8710154,2.2970345,1.8035867,1.7865733,1.9983284,2.0481281,3.3137548,3.4760964,3.4283938,3.6172318,4.3347707,3.8289387,3.3145356,3.1730618,2.2913678,2.330531,1.7714939,2.0637178,2.2488103,2.0876546,2.0512123,1.8000064,4.032539,4.180574,3.6592607,3.6542826,2.9351552,2.951861,3.4411738,3.3543835,1.950356,1.9516225,1.909719,1.8528413,2.6220767,2.0214365,2.9049428,2.6481872
29,2.888178,2.922851,2.8373892,3.8245,3.6609356,3.6388543,3.2155178,2.4975977,3.9998677,4.9798503,3.3928201,3.3339868,4.066005,4.429455,4.7852125,2.4222214,3.458267,3.454233,3.7367423,3.2505682,3.4584556,3.2017808,3.5468569,3.2453802,0.37802106,0.43175665,0.82524127,0.45340464,0.08659299,0.0,2.3241193,1.3092351,3.8939352,3.365099,3.3471656,2.5789564,2.882199,2.6989713,2.5306518,2.8935616,2.2637901,2.1062813,3.055323,2.8200996,1.2445259,2.244722,2.4024634,1.7728608,1.8345087,2.6447732,2.4766362,2.8875442,1.176497,1.5553786,1.7122363,1.7071574,1.0974259,1.0190965,2.2517047,1.2431545,1.934255,1.7801317,2.3324373,1.9925387,2.9163625,3.5227578,4.170086,3.4326403,2.8031662,2.7771363,3.2129629,2.8954108,3.2067206,3.488371,2.793476,2.924327,3.2273035,2.8546824,3.193828,4.1966553,2.8454614,2.8454614,2.8159766,2.6969786,2.7914946,2.4306371,2.8316288,2.8056104,3.6825178,3.1956298,1.8447953,2.2700639,1.8156499,1.7984633,1.9909371,2.0352128,3.290056,3.4556167,3.4039247,3.5964534,4.322339,3.8201003,3.2991383,3.1564202,2.29074,2.3319006,1.7556088,2.0640814,2.2438583,2.0867066,2.0495512,1.8063297,4.0406613,4.203174,3.6596754,3.65284,2.9383664,2.9542475,3.444368,3.3550198,1.9416598,1.9433376,1.8997672,1.8453144,2.6116066,2.0185745,2.899229,2.6423783
30,2.4264526,1.912128,2.0595634,2.7048404,3.162724,3.1571145,2.7305756,1.7723005,4.058924,3.7818308,3.3510706,3.2705588,4.2769947,4.603872,3.564032,3.2938375,2.524249,2.5283208,2.8178258,2.6438818,2.5559416,2.584602,2.6170406,2.689875,2.3420935,2.3669598,2.395763,2.339303,2.3253632,2.3241193,0.0,1.962908,4.1694617,3.710202,4.185896,3.5534143,3.8023145,3.6257808,3.4453645,3.8422391,2.9417799,2.3192565,3.1997113,3.1277084,2.0216382,2.8693795,3.4524179,2.9540188,2.631373,3.0537858,2.4889088,3.2549345,2.4458132,2.509378,2.958104,2.98716,2.4549463,2.3925936,2.9961553,2.4646637,2.8222506,2.575358,2.5918248,2.7793725,3.3825955,3.6896527,4.169157,4.0538583,3.284702,3.3196115,3.8022301,3.4184732,3.135208,2.8756955,2.8078167,2.8773818,3.124248,3.031671,3.088642,4.331124,3.2091863,3.2091863,3.1477866,3.0188835,3.6888278,3.0540679,3.288133,3.2851415,3.8078716,3.587921,3.347803,3.5308464,2.5116768,2.4701607,3.0026422,2.976741,4.084977,4.148644,4.1010165,4.1819706,4.594172,4.101767,3.7386038,3.6161628,3.0524716,3.038674,2.9694085,2.8536513,3.1096866,3.0400848,2.959567,2.3001432,4.2887225,3.7718482,4.602081,4.6040545,3.7822845,3.8012927,4.1787033,4.1431766,2.7967982,2.863905,2.8260992,2.8028698,3.6790855,2.9421024,3.9845245,3.8432405
31,3.1309059,2.7614834,2.9058788,3.5460136,3.9550934,3.9289746,3.426744,2.7475405,3.5066738,4.409474,2.8154786,2.7052011,3.8308384,4.1917496,4.5340614,2.7239857,3.3445594,3.3164349,3.5554428,3.411298,2.8368824,3.2913706,3.3434305,3.4102201,1.3594183,1.3797078,1.3963044,1.3192973,1.2893983,1.3092351,1.962908,0.0,3.820096,3.2820303,3.5412853,2.6079369,3.0361166,2.8553307,2.7457347,3.0982366,2.093246,1.912733,3.0314593,2.7938197,1.1132121,2.3502543,2.6631336,1.9058235,1.5801705,2.2241101,1.6948481,2.6687782,1.2588352,1.6699091,1.958521,1.9665496,1.1548017,1.1044116,2.2775605,1.2760491,1.8534029,1.6180369,2.1170208,1.9101341,2.4018214,2.8177722,3.404439,3.2430263,2.2938926,2.2887332,2.9288406,2.391794,2.9142647,3.0663595,2.6237829,2.6680362,2.9109206,2.7868814,2.8529036,4.0051413,2.4446013,2.4446013,2.364189,2.261756,2.0147657,1.5837322,2.0845096,2.0557444,3.0038157,2.715684,2.1501245,2.5363815,1.1635188,1.1407844,1.5109452,1.5461063,3.1749039,3.244849,3.25801,3.3510182,4.0875373,3.623244,3.0954645,2.9669025,1.6288576,1.6376543,1.7120296,1.5068867,1.6045644,1.5139307,1.440459,0.97348726,3.3598592,3.4729896,3.5462866,3.5706425,2.6138024,2.6388597,3.2176518,3.1716688,1.2593318,1.3032099,1.2823802,1.1730014,2.176446,1.3674343,2.5206273,2.2401652
