,0,1,2,3,4,5,6,7,8,9,10,11,12,13,14,15,16,17,18,19,20,21,22,23,24,25,26,27,28,29,30,31,32,33,34,35,36,37,38,39,40,41,42,43,44,45,46,47,48,49,50,51,52,53,54,55,56,57,58,59,60,61,62,63,64,65,66,67,68,69,70,71,72,73,74,75,76,77,78,79,80,81,82,83,84,85,86,87,88,89,90,91,92,93,94,95,96,97,98,99,100,101,102,103,104,105,106,107,108,109,110,111,112,113,114,115,116,117,118,119,120,121,122,123,124,125,126,127
0,0.0,2.4405308,3.0031931,2.9689386,3.2009656,3.1827998,4.0172534,2.7051487,1.6658968,2.4730458,1.8368188,2.3012996,2.0936224,3.3364952,1.963296,1.8439305,2.068452,2.5120153,1.6595721,2.1918516,1.9441621,2.0026453,2.6747909,2.710841,2.1381638,2.264145,2.3171542,2.2444952,1.4274408,1.9986613,1.6861489,2.5572665,1.9233779,1.8188083,1.6933094,2.1451142,2.865997,2.8114119,2.2818964,2.3398404,1.7715083,1.8183614,3.5899732,3.4806294,3.1893747,3.441473,3.2748394,2.252722,3.6957726,3.2192419,3.489264,3.250254,3.283915,3.1031756,2.8308997,2.3133287,3.1123123,3.141459,1.5222604,2.8729825,2.2564602,2.0160615,1.6305977,1.696845,2.8799992,2.7685642,2.824838,2.824838,2.4583976,0.59398186,2.4859622,2.8256857,1.2901993,0.5280763,2.8849835,2.7505493,2.8013437,2.8070738,2.9456198,2.9510643,2.4774466,2.5810764,3.0062733,2.804122,2.8952162,2.7819598,2.4806426,2.939614,0.6541755,1.3926706,1.4343046,0.5437245,2.7966583,2.8929336,2.9056528,2.8434873,2.1152174,3.0841746,2.8172174,2.8784971,3.4237013,2.6979477,3.7282934,3.1376836,2.0863717,2.0873718,1.3314501,2.0487354,2.7706897,3.2167583,3.299381,3.2871077,2.4068696,2.47264,1.4795423,2.3968432,2.6958668,2.6419728,2.7287533,3.4668832,2.7001803,2.6388004,3.3087196,1.839101,3.60871,3.5392456,3.3638008,4.077983
1,2.4405308,0.0,1.1262845,1.1113875,1.7225807,1.7046436,2.993469,2.6187053,1.2599729,2.213973,3.1713095,2.0291772,1.9478083,1.8397088,1.8317192,3.0873933,2.0687125,2.4128938,2.9275362,2.8284087,1.9094204,1.8030764,2.5254264,2.5723822,3.1486087,3.232564,3.310357,3.2231696,2.4881992,1.9176264,2.7598956,2.3838708,2.104873,2.4498758,2.8645065,2.0375335,2.75021,2.7187266,3.445927,3.4846447,2.8795884,2.9146395,1.9804777,1.8049015,2.0028296,2.49174,1.8657377,1.925908,2.7400076,2.9555585,3.3453085,2.9947836,2.9471757,2.8184335,2.6199026,2.0994973,1.622354,1.7512321,2.8172839,3.6311393,2.0248075,1.8330765,1.2594483,1.2324803,1.700618,1.5392172,1.6352038,1.6352038,0.6823921,2.6234655,0.6998654,1.5256609,2.9166539,2.5914266,1.594792,1.4295179,1.5229803,1.5400048,1.7543885,1.8567389,0.67984957,0.6812702,1.9023236,1.5615305,1.7422674,1.5286845,0.76782143,1.904343,2.627642,2.7848492,3.0051026,2.5613425,1.5658469,1.8109794,1.6924237,1.5737836,2.04003,2.2178886,1.9234498,2.0617337,2.6611288,1.6782689,3.0073152,2.1513257,2.0202074,2.0169652,2.761461,2.0073557,2.7755947,2.544126,2.5792246,2.5690475,2.4641025,2.484927,3.3188932,2.4001966,2.4949656,2.4774702,2.5303822,2.313357,1.66707,1.7222018,2.3728025,3.0507717,2.7990658,2.7069428,2.644819,3.3410325
2,3.0031931,1.1262845,0.0,1.2552454,1.8421048,1.8505244,3.0758727,2.8871524,1.7140949,2.1796925,3.5431652,2.3105898,2.2725916,2.1652038,2.1800904,3.2050815,2.4074113,2.6104827,3.2874,2.991488,2.300051,2.2049854,2.212829,2.304791,3.5052285,3.5520897,3.6160777,3.5422635,2.9167988,2.2692826,3.152183,2.7324421,2.4132683,2.7744672,3.2234292,2.2979834,2.9658499,2.936876,3.746015,3.8646157,3.16182,3.2383747,2.0563555,1.8133827,1.6957647,2.662148,1.798638,2.0867126,2.5770473,2.9151993,3.553926,2.9499576,2.890981,2.8022609,2.632591,2.1065834,1.7423654,1.7433451,3.3100889,4.0764337,2.3319807,2.2416477,1.5234116,1.6441565,1.9527873,1.8126942,1.8791187,1.8791187,1.0581948,3.0541666,1.0230935,1.8658284,3.3633342,3.131564,1.8211349,1.7238101,1.9347951,1.9415925,2.011243,2.1094675,1.0795484,1.000514,2.0915332,1.8083947,2.1722717,1.780199,1.0649515,2.0525982,3.100637,3.20336,3.439498,3.0159678,1.8145018,1.9790262,1.9168338,1.8657632,2.3911898,1.9344311,2.1436222,2.2290845,2.2602432,1.9135885,3.176163,1.9965408,2.3491154,2.3489783,3.22775,2.355407,3.1376355,2.7113097,2.7401938,2.7369115,2.77337,2.7783196,3.7603774,2.6853495,2.6988235,2.919747,2.8207872,2.3939908,1.9824884,1.925544,2.4040604,3.4424767,2.9390702,2.8656814,2.8251638,3.564992
3,2.9689386,1.1113875,1.2552454,0.0,1.7268602,1.6838453,3.0054193,2.8429406,1.8063855,2.5589066,3.5248647,2.2795076,2.1878502,2.0740986,2.0881789,3.4191062,2.3495162,2.5801494,3.2746108,3.148536,2.1855133,2.120148,2.7696447,2.818732,3.4933567,3.5381835,3.6424491,3.5715342,2.865417,2.1872466,3.1072977,2.6706738,2.4379716,2.7966902,3.1967463,2.2610164,2.915094,2.9177449,3.717149,3.7609873,3.1915464,3.2331014,2.011866,1.7698184,2.056384,2.4932976,1.8223369,2.0743392,2.7668774,3.110558,3.441131,3.1847866,3.0237913,2.9424448,2.8124216,2.3196914,1.688293,1.8306717,3.2054205,3.9007068,2.217604,2.1282704,1.6769236,1.61097,1.7710569,1.671837,1.7020711,1.7020711,0.9612544,3.0291643,0.9303928,1.7329633,3.2595944,3.0999205,1.7817122,1.5546036,1.7839161,1.798167,1.8387879,1.9674591,0.9407405,0.94348544,1.9675535,1.6456782,2.0176737,1.5801067,0.92491245,1.9173527,3.048851,3.1235895,3.3194897,2.9648647,1.6343652,1.8512539,1.7361318,1.6822221,2.2729583,2.4168975,2.0253909,2.118012,2.7972946,1.907871,3.1059258,2.470956,2.2718163,2.2603297,3.13688,2.2814877,3.04336,2.6131902,2.636434,2.6336954,2.2543948,2.2353795,3.6873717,2.2067778,2.8693357,2.8493068,2.7715096,2.3285184,1.8401883,1.7722327,2.2549183,3.305481,2.8214982,2.7444935,2.7133467,3.4377036
4,3.2009656,1.7225807,1.8421048,1.7268602,0.0,0.6273761,1.9666055,2.2599611,2.2143183,2.054851,3.2116652,1.7860956,1.4194032,1.1840433,1.5412787,3.0819337,1.6585329,2.0366974,3.2075112,3.0959468,1.7415283,1.5554609,2.2868187,2.2731767,3.0787039,3.0757668,3.2775056,3.1925702,2.4856453,1.6767802,2.8107712,2.064315,1.9619366,2.3663483,2.7520924,1.7389168,1.8956184,1.9125488,3.016931,3.0444546,2.8131533,2.855761,0.73385096,0.980269,1.3032801,1.2392174,0.9236351,1.5097362,2.313844,2.8218164,2.7058594,2.858667,2.723862,2.6085112,2.394495,1.7008655,0.7725166,0.94810224,2.8691316,3.5232573,1.6697943,1.5198175,2.1271703,2.091144,1.0292186,0.88807964,1.0114529,1.0114529,1.7514861,3.4019208,1.7491852,0.9883089,2.9864216,3.3888757,1.1141434,0.8453766,0.9073501,0.901462,1.1987815,0.94377315,1.6224769,1.5416075,0.9041932,1.0158145,1.5105268,0.8938515,1.5959241,0.9384498,3.2618465,2.7783222,3.018798,3.3346915,0.878879,0.8052322,0.8985099,0.952811,1.7954714,1.9292227,1.1877589,1.3066106,2.364692,1.2053919,1.8285463,1.9184731,1.6031228,1.593061,2.8045833,1.6322311,2.0405354,1.3290919,1.3376033,1.3388736,2.2164524,2.2388098,3.39836,2.147687,2.3956645,2.3877282,2.370075,1.7747856,1.154174,1.0630013,1.9087409,2.999237,1.536225,1.4325647,1.4104917,2.5076516
5,3.1827998,1.7046436,1.8505244,1.6838453,0.6273761,0.0,1.8701488,2.213132,2.2075613,2.063269,3.1950638,1.7499596,1.5879307,1.4016813,1.4759885,3.0614974,1.8594698,2.1964612,2.9580534,2.8222024,1.6448079,1.6916575,2.3574867,2.4116108,3.1156988,3.1481774,3.2780192,3.19949,2.4733653,1.6236606,2.814508,2.0922358,1.9059093,2.3003075,2.864881,1.6979437,1.8453567,1.869325,3.0007436,3.0191684,2.8150434,2.8610432,1.0404538,0.804473,1.2315892,1.0667568,0.72334534,1.3834976,2.4738593,2.8682587,2.7028031,2.9013045,2.7697575,2.6423821,2.429525,1.6925019,0.5988048,0.90427214,2.8454552,3.4983423,1.6183674,1.4943373,2.1429706,2.0957751,0.82215077,0.71874607,0.7895748,0.7895748,1.6996168,3.3907368,1.6879187,0.76873446,2.9471622,3.3947778,1.0648152,0.6256797,0.8187619,0.82094944,0.9971625,1.1998478,1.5627778,1.5118195,1.187749,0.7174672,1.4379063,0.6326005,1.4958258,1.190167,3.2454352,2.7490668,2.9807992,3.3257918,0.6204731,1.0416746,0.63791645,0.73642665,1.722655,1.9244994,1.320697,1.4896002,2.405829,1.1460874,1.7441171,1.9547935,1.5929394,1.5786033,2.771892,1.5974644,2.043427,1.2592225,1.2423106,1.236066,2.1549556,2.1328385,3.3753383,2.0401492,2.4025843,2.3473117,2.3752136,1.6567034,0.95605993,0.87526166,1.8228208,2.9634233,1.3313714,1.2666235,1.2716546,2.4013672
6,4.0172534,2.993469,3.0758727,3.0054193,1.9666055,1.8701488,0.0,1.6608965,3.287075,2.79269,3.7377682,2.6173215,2.46476,2.3654947,2.4110851,3.5588126,2.631344,2.9548047,3.4958084,3.3845518,2.7194045,2.768359,3.0311375,3.0857136,2.9363205,2.9488227,3.0960634,3.0544622,3.131376,2.58729,3.3760817,2.9616673,2.6360593,2.9609973,3.401683,2.5483377,2.3399124,2.3604176,3.292002,3.279568,3.3800395,3.4165275,2.2768743,2.2399015,2.30071,1.918111,2.0792334,2.296663,3.0859833,3.3743882,2.9569383,3.3957016,3.2631228,3.1633043,2.9641333,2.4995043,2.068209,2.1329362,3.453579,2.9905405,2.4747064,2.3569002,3.2135208,3.2225726,2.2944212,2.2288227,2.2754986,2.2754986,3.100418,4.2396374,3.0914335,2.2133658,3.5632293,4.211054,2.3115633,2.1520429,2.2243245,2.227944,2.3860295,2.4301457,2.9800463,2.848683,2.449018,2.2623866,2.5088134,2.1861267,2.9304368,2.4257817,4.078437,3.415038,3.6078315,4.184603,2.1736841,2.3562925,2.1740875,2.1957564,3.1035042,3.2005582,2.9082727,3.0214388,3.0996158,2.3852718,2.153359,2.7712576,2.4958055,2.487937,3.4674356,2.4670255,2.51247,1.9727991,1.9676956,1.9555473,2.9407609,2.895819,3.7886264,2.8342373,3.1528282,3.098099,3.1437304,2.6558213,2.182978,2.199898,3.2375114,3.5185394,1.8724644,1.8935906,1.9191302,2.6399522
7,2.7051487,2.6187053,2.8871524,2.8429406,2.2599611,2.213132,1.6608965,0.0,2.4321423,2.2320135,2.5101335,2.0523436,1.7951748,2.653895,1.7325094,2.3884726,1.7885425,2.265589,2.2922318,2.4114163,2.0211904,2.0594845,2.408863,2.4602695,1.3461552,1.4118171,1.6533936,1.6073903,1.9315957,1.8428123,2.1722395,2.4215984,1.8100145,1.9019959,2.2121556,1.895539,2.0551448,2.0621705,2.29189,2.3162923,2.2630787,2.320503,2.75275,2.6869295,2.373827,2.2877798,2.3232954,1.6643792,3.2450774,3.1162825,2.9282086,3.1334784,3.0620208,2.9145176,2.6429083,1.9382355,2.3111558,2.3170025,2.3152122,1.768508,1.8969266,1.702334,2.314047,2.3857307,2.291669,2.18759,2.244715,2.244715,2.716909,2.8932197,2.7296484,2.2742767,2.3179092,2.8665175,2.3184164,2.1718485,2.2601767,2.2656732,2.3698652,2.3587642,2.6373708,2.5556145,2.42108,2.246751,2.5407252,2.2185493,2.6093483,2.416801,2.723094,2.2188046,2.4072652,2.8500843,2.208118,2.3472052,2.2822323,2.2814312,2.597298,3.1135268,2.805897,2.909691,2.934908,2.195566,2.5617287,2.6797523,1.8771963,1.8721428,2.3277206,1.8087342,2.222696,2.2020729,2.2657,2.2461343,2.2484074,2.2255237,2.440708,2.1576838,2.6485124,2.5845666,2.6235523,2.7912426,2.0029633,1.9793016,3.2490187,2.4508843,2.3270698,2.3107026,2.1901968,2.9295816
8,1.6658968,1.2599729,1.7140949,1.8063855,2.2143183,2.2075613,3.287075,2.4321423,0.0,1.7010969,2.3227913,1.6042936,1.77266,2.3533945,1.6590673,2.18485,1.854522,2.266505,2.3423643,2.1937172,1.8151004,1.6508582,2.2752683,2.328784,2.6159925,2.7089694,2.7680101,2.6945767,1.9697496,1.806256,2.1794763,2.3649666,1.8146347,2.0526717,2.0177608,1.6222557,2.4475324,2.3967412,2.8405771,2.9249845,2.0424452,2.0562918,2.6235507,2.286475,2.3269322,2.6836014,2.3698769,1.7667263,2.5986767,2.4208744,2.9384904,2.452646,2.4588706,2.3228562,2.4925826,1.9738666,2.2064664,2.2158499,2.2066245,2.9935305,1.5004878,1.7504514,0.9923259,0.5111128,2.185735,2.014732,2.103055,2.103055,1.4538777,1.8594525,1.4779985,2.019649,2.2441733,1.8189639,2.0566077,1.9500184,2.0214188,2.0337918,2.0022483,2.2791924,1.4679629,1.306535,2.3165646,2.0607762,2.313285,2.0093675,1.4977818,2.243405,1.8692578,2.1801152,2.3604252,1.8019074,2.0305824,2.1762784,2.1541357,2.101286,1.9114801,2.3755848,2.1692095,2.2680345,2.6871483,1.9638807,3.0973976,2.3470013,1.8590859,1.8516047,2.1763558,1.8354812,2.7289238,2.717791,2.78685,2.7775857,2.2621536,2.3133543,2.5784843,2.258661,1.9949249,2.0078487,2.1124911,2.361577,2.0258534,1.9896533,2.7840207,2.514591,3.0837524,3.007976,2.8787649,3.607344
9,2.4730458,2.213973,2.1796925,2.5589066,2.054851,2.063269,2.79269,2.2320135,1.7010969,0.0,2.0260055,1.1203349,1.6292143,2.1788557,1.5786985,1.6482427,1.788375,2.262638,2.4144604,1.7980348,1.9525894,1.7976943,1.4816847,1.5666157,2.5243642,2.551669,2.5396128,2.473241,1.9552554,1.7795913,2.1277924,2.287129,1.4447824,1.7074637,1.8266007,1.3801169,1.4937209,1.4259404,2.2374198,2.4016979,1.595357,1.6498486,2.35174,2.1013582,1.6869955,2.123567,2.0334187,1.4069961,2.2483816,2.0494502,2.4744766,1.9377857,2.10326,1.9784124,2.133912,1.3559353,2.0183852,1.7375492,2.2231684,3.1015503,1.2987567,1.5488687,1.8870527,1.8461388,2.1436493,1.9701381,2.080092,2.080092,2.3624675,2.679505,2.3825984,1.9325665,2.293182,2.630018,1.7778405,1.9918216,1.9702432,1.9757056,1.971133,2.2063506,2.3239105,2.1960654,2.2078047,2.0363834,2.247028,2.0018146,2.267912,2.1608176,2.5456371,2.1364796,2.3750296,2.6669047,1.9722946,2.060491,2.0711954,2.044834,1.8096132,1.7055359,2.0159345,2.1360316,1.7761471,1.5873001,2.0987182,1.413726,1.6981876,1.7130481,2.2575207,1.6727729,2.0891368,2.1069472,2.1668465,2.1642094,2.1495771,2.2561533,2.535048,2.117751,1.5080705,1.868546,1.9640963,2.1931496,1.9287956,1.9164445,2.746966,2.7694538,2.3932571,2.3573213,2.2171772,3.0522506
10,1.8368188,3.1713095,3.5431652,3.5248647,3.2116652,3.1950638,3.7377682,2.5101335,2.3227913,2.0260055,0.0,1.7693926,2.1160824,3.3976753,2.0865223,1.3696611,1.980403,2.4513414,1.7878685,1.6479223,2.1728857,2.0890179,2.544208,2.5545394,1.87432,1.9398636,1.8225702,1.7756399,1.3106958,1.9940614,1.4500219,2.5513592,1.7522796,1.3322761,1.0103383,1.8696969,1.9817052,1.9971467,1.633971,1.746903,0.8514727,0.8123184,3.557988,3.419339,3.0784447,2.962284,3.1801414,2.026394,3.7245078,3.2124524,3.1943443,3.1100297,3.2601156,3.1016858,3.1582465,2.3178902,3.2148778,3.0345283,1.5599877,2.5465949,1.9138063,2.0867784,2.4463174,2.3318088,2.9996154,2.8900619,2.9539378,2.9539378,3.2475598,2.052199,3.2960362,3.044817,1.4220711,2.01186,2.8280358,2.9915478,3.0065718,3.0085652,2.8395576,2.9862952,3.2296693,3.1810017,3.0577307,2.957898,3.2288117,3.0085125,3.2044652,3.0805352,1.8020625,1.3935431,1.5868654,2.059823,2.974768,3.0132375,3.0872762,3.0798569,2.2250195,3.1956923,2.8918312,2.9528875,3.148214,2.5146456,2.9454412,2.9571786,2.155734,2.1688461,1.6507546,2.0932379,2.495045,2.952877,3.0308628,3.0255368,2.2334282,2.344177,1.40764,2.2663603,2.357756,2.2793765,2.2364593,3.1614027,2.7125676,2.6283414,3.3676102,2.3626118,3.1754231,3.1373203,2.947453,3.6825228
11,2.3012996,2.0291772,2.3105898,2.2795076,1.7860956,1.7499596,2.6173215,2.0523436,1.6042936,1.1203349,1.7693926,0.0,1.3326671,2.0588305,1.245338,1.9606718,1.5826657,2.0882804,2.286791,1.7802967,1.6332425,1.4943274,2.1603093,2.2187173,2.4062648,2.46801,2.3341763,2.271264,1.7290792,1.4575783,2.0009863,2.111533,1.0420296,1.4382999,1.5863835,0.8465422,1.0240275,1.0084171,2.1530108,2.2215195,1.3744801,1.3523425,2.0704513,1.8352909,1.9503504,1.7949135,1.9246997,1.232522,2.3268416,2.1661031,2.1760488,2.0338814,2.1564212,2.0016806,2.192161,1.545095,1.7965153,1.5514549,1.9574791,2.7194076,0.8348089,1.2517103,1.7881838,1.5308341,1.9009503,1.7201056,1.8498544,1.8498544,2.1462111,2.54732,2.186917,1.7743738,2.0737576,2.5384128,1.3340919,1.666128,1.7502868,1.7586762,1.6732225,2.0006042,2.0947576,1.9143927,2.0422397,1.7784048,2.1188438,1.7085887,2.0474396,1.9224162,2.4496152,1.9897178,2.2062502,2.517825,1.6757078,1.8215612,1.8018279,1.7971522,1.5142648,2.1958995,1.7872528,1.8967428,2.2736084,1.2333262,1.8651628,1.9262576,1.4152104,1.4311963,2.0567698,1.3476139,1.9436795,1.8613037,1.9216385,1.9186678,1.9229553,2.019598,2.3603318,1.9073371,1.8914518,1.8234714,1.7645772,2.0037994,1.6737568,1.5630833,2.373809,2.655627,2.1913037,2.1390424,2.0045562,2.9382906
12,2.0936224,1.9478083,2.2725916,2.1878502,1.4194032,1.5879307,2.46476,1.7951748,1.77266,1.6292143,2.1160824,1.3326671,0.0,1.9692588,0.6331579,1.9423325,0.7020905,1.4442072,2.2267773,2.4090679,1.1132045,0.9361512,1.8026876,1.7626133,2.034597,2.032206,2.3210607,2.232381,1.291705,1.0081031,1.697101,1.6289301,1.0280015,1.3505026,1.5230073,1.184649,1.4728359,1.459043,1.7878199,1.835447,1.6671143,1.755849,1.8474998,2.0261593,1.7338454,1.7884872,1.7098544,0.98598605,2.5642314,2.5707965,2.4585795,2.6141546,2.5047698,2.3336496,1.8689803,0.9852266,1.5039812,1.544289,1.644636,2.7875435,1.2269273,0.6580324,1.5415776,1.6562817,1.4899367,1.3441612,1.4531242,1.4531242,1.9383315,2.2787209,1.9539645,1.4427602,1.6673768,2.2615776,1.5085994,1.323928,1.3571666,1.3548487,1.7374108,1.3552415,1.8510487,1.8921663,1.3589996,1.4660122,1.8322941,1.3483069,1.8178115,1.3191724,2.1018507,1.5025189,1.7140124,2.2159133,1.3379445,1.2211267,1.4063959,1.446064,1.118517,2.0086439,1.2789266,1.4016054,2.4062862,1.3474147,2.1549509,2.1159585,0.82366276,0.81083155,1.5773611,0.8470522,1.544049,1.4909548,1.5794643,1.5747584,1.6438198,1.7334037,2.047739,1.5826062,2.1770515,2.183298,2.1404102,2.395221,1.3128983,1.1985058,2.2688031,1.9115609,1.9248037,1.8393306,1.6588861,2.671947
13,3.3364952,1.8397088,2.1652038,2.0740986,1.1840433,1.4016813,2.3654947,2.653895,2.3533945,2.1788557,3.3976753,2.0588305,1.9692588,0.0,2.0613458,3.3298476,2.1121671,2.40338,3.5442615,3.3387961,2.1601331,1.8528699,2.5988133,2.562973,3.3900037,3.3898866,3.5735385,3.4760942,2.794749,2.097637,3.115137,2.3060265,2.3945305,2.766054,2.9983807,2.1028306,2.1949518,2.162464,3.337664,3.3452048,3.050891,3.0403001,1.2707994,1.3365446,1.8150182,1.6284449,1.6111419,2.0581474,2.3556514,2.8777049,2.8219168,2.8775454,2.8361526,2.723789,2.814569,2.2511525,1.5419168,1.5906392,3.2085521,3.7341697,1.9085757,1.8747325,2.5236857,2.3541982,1.5284752,1.4325325,1.5262367,1.5262367,2.0824378,3.641346,2.0897403,1.3382536,3.2789593,3.5414505,1.5169469,1.4159695,1.2113451,1.2140876,1.3929033,1.4011939,1.9958313,1.8974983,1.4192533,1.5260472,1.1467019,1.4598789,1.9822404,1.4993947,3.5134676,3.0668366,3.3107886,3.5816417,1.4588338,1.4201602,1.4936938,1.2993056,2.1794834,2.1268702,1.688299,1.7659863,2.6845005,1.6624253,1.8667246,1.6982647,2.028379,2.0359876,3.0449955,2.0631795,2.0321448,1.8158147,1.8106856,1.816593,2.4696558,2.534642,3.6612728,2.4724767,2.1221204,2.0842578,2.284307,1.7145269,1.6789595,1.7675163,2.1261973,3.320337,1.9900601,1.8764141,1.8754046,2.764483
14,1.963296,1.8317192,2.1800904,2.0881789,1.5412787,1.4759885,2.4110851,1.7325094,1.6590673,1.5786985,2.0865223,1.245338,0.6331579,2.0613458,0.0,1.8676395,1.0712137,1.6761048,1.8187803,2.0187616,0.92882335,1.1578244,1.8157105,1.8664906,2.077621,2.131113,2.2968132,2.2205904,1.2140428,0.8577013,1.5969877,1.7906288,0.8351611,1.2412685,1.6993194,1.082953,1.4476017,1.4195968,1.7503052,1.7983761,1.6410145,1.7296348,1.9859091,1.9270684,1.6561892,1.7436736,1.6351488,0.75337243,2.5827448,2.4867585,2.4011533,2.5508275,2.4332602,2.245679,1.7575938,0.8369558,1.4051224,1.4987757,1.5358511,2.7432795,1.1369835,0.43685853,1.4287333,1.5541742,1.4020188,1.2367449,1.3188735,1.3188735,1.823513,2.1823275,1.8157256,1.3021595,1.5730501,2.194883,1.4349039,1.1372339,1.3087604,1.3148446,1.651879,1.580455,1.7290285,1.780894,1.5995655,1.2926284,1.7030876,1.1778672,1.65092,1.4989791,2.0220745,1.4364427,1.6448002,2.1155035,1.1977786,1.4022887,1.2918607,1.2963724,0.98710763,1.9179598,1.4236962,1.5861168,2.324411,1.3116789,2.1491597,2.0813377,0.72501856,0.694472,1.4978322,0.73872995,1.5178323,1.4592694,1.5414978,1.5406964,1.5821692,1.6172459,1.9745722,1.4651147,2.1542795,2.1454833,2.0829468,2.332365,1.1928345,1.0763657,2.164475,1.7887573,1.8409667,1.7856303,1.6130947,2.6545322
15,1.8439305,3.0873933,3.2050815,3.4191062,3.0819337,3.0614974,3.5588126,2.3884726,2.18485,1.6482427,1.3696611,1.9606718,1.9423325,3.3298476,1.8676395,0.0,1.9960984,2.4337752,1.6755792,1.7087438,2.1469111,2.1477315,1.8876969,1.9457812,1.9294156,1.9671137,2.1155608,2.070383,1.4629971,2.0680075,1.6734196,2.4904094,1.7506946,1.6206435,1.2064314,1.9215244,2.0786493,2.0318856,1.3452998,1.5752119,0.9924555,1.1437705,3.4876716,3.3005857,2.7240658,2.9794369,3.0494602,1.8968046,3.2171059,2.615071,2.8486328,2.6085086,2.659171,2.5121655,2.4700782,1.7975924,3.0183728,2.9178774,1.5483186,2.7127779,1.8626573,1.9519429,2.2346466,2.2726033,2.9148037,2.8101947,2.8597417,2.8597417,3.0993001,1.9493827,3.1122708,2.8520617,1.3346416,1.9767725,2.8958557,2.8426368,2.8744001,2.8737895,2.87979,2.9663801,3.0717294,3.060924,2.9704614,2.8562548,3.0936902,2.8203,3.0147073,2.9333122,1.7791147,1.3095447,1.3895369,1.9573276,2.8077564,2.8634858,2.8815048,2.8961668,2.108731,2.6540377,2.7634418,2.847211,2.861021,2.628468,3.0592053,2.7164469,1.9994271,1.9997559,1.5275775,1.9777468,2.4092011,2.7991874,2.8829527,2.8769095,2.2824438,2.3719788,1.3679065,2.2536867,2.2264879,2.4551997,2.4494138,3.2187543,2.6461961,2.5868247,3.4104834,1.9383255,3.1158595,3.0934255,2.8969398,3.5751412
16,2.068452,2.0687125,2.4074113,2.3495162,1.6585329,1.8594698,2.631344,1.7885425,1.854522,1.788375,1.980403,1.5826657,0.7020905,2.1121671,1.0712137,1.9960984,0.0,1.2841116,2.2228653,2.4364974,1.1105863,0.731043,1.7094462,1.6210856,1.8236439,1.7980565,2.174134,2.0750706,1.1078781,0.90596104,1.4988439,1.6048989,1.3403391,1.2667544,1.508807,1.3928043,1.7457608,1.7597296,1.9292692,1.9940822,1.771131,1.848597,2.1021535,2.2853467,1.8236617,1.9052335,1.8033853,1.044191,3.0234933,3.0452368,2.9779718,3.0656397,3.004212,2.838254,2.4771729,1.3155481,1.8619628,1.8673621,1.774634,2.7911458,1.4480269,1.039458,1.6626028,1.7600214,1.586855,1.4579178,1.538841,1.538841,2.0865119,2.263421,2.1184723,1.7340488,1.7285079,2.2140334,1.7877554,1.6450953,1.6232821,1.6177875,1.7471522,1.2743862,2.0119078,2.0483022,1.3363129,1.6279411,2.030698,1.6773702,2.0196905,1.5222405,1.9850272,1.453293,1.7906528,2.1957238,1.6499351,1.4501724,1.7358917,1.7477168,1.4334222,2.2224507,1.5573399,1.6233543,2.4411314,1.4796038,2.290559,2.154252,1.1063017,1.0950571,1.6318834,1.1175467,1.7193395,1.7900424,1.869286,1.8646443,1.598894,1.6876916,2.0900226,1.57,2.053934,2.063564,2.0910938,2.3778107,1.412409,1.2750658,2.3580356,1.9532298,2.0433578,1.9461272,1.7622787,2.78802
17,2.5120153,2.4128938,2.6104827,2.5801494,2.0366974,2.1964612,2.9548047,2.265589,2.266505,2.262638,2.4513414,2.0882804,1.4442072,2.40338,1.6761048,2.4337752,1.2841116,0.0,2.6550183,2.8503368,1.6744562,1.4468106,1.9513893,1.8545105,2.3158274,2.2312186,2.6293075,2.5538683,1.752211,1.4584799,1.9724855,1.987729,1.8564378,1.812349,2.0661702,1.8811678,2.1605775,2.1349592,2.3227928,2.4502466,2.169972,2.255911,2.4155886,2.5952659,2.1937873,2.2394202,2.0492663,1.6121823,3.3706963,3.4376116,3.2784135,3.4350147,3.3012152,3.094893,2.8743587,1.9333338,2.231246,2.2215397,2.6280549,3.125336,1.877274,1.5594065,2.0049078,2.127763,1.9107279,1.8864231,1.8908097,1.8908097,2.335674,2.5848262,2.3718846,2.0876396,2.1337008,2.5484128,2.1539812,1.9673551,1.9286168,1.9326701,2.0256274,1.632971,2.3133295,2.3913608,1.7110225,1.9444573,2.3139687,2.0131614,2.2887487,1.8328817,2.3832285,1.9727635,2.2130513,2.5453806,2.0106378,1.7908188,2.056303,2.0609207,1.8268176,2.6676083,1.9045328,1.934289,2.8636687,1.9819896,2.612239,2.5514758,1.6061442,1.6140242,2.1048944,1.6546297,2.054197,2.1089685,2.1888058,2.1961043,2.0317633,2.1031256,2.5104132,2.026771,2.4854476,2.428717,2.4863498,2.594529,1.818488,1.6906043,2.4875648,2.277475,2.3726325,2.286775,2.1331713,3.078092
18,1.6595721,2.9275362,3.2874,3.2746108,3.2075112,2.9580534,3.4958084,2.2922318,2.3423643,2.4144604,1.7878685,2.286791,2.2267773,3.5442615,1.8187803,1.6755792,2.2228653,2.6550183,0.0,1.3156253,1.7892815,2.276037,2.4826522,2.6298912,1.956732,2.1206377,2.0412717,2.0061343,1.3249276,1.809084,1.5630348,2.604458,1.7660985,1.4556048,2.05408,2.074356,2.4760485,2.4531713,1.8088113,1.8832002,1.7878016,1.8858074,3.6391232,3.3654284,2.871069,3.0017416,2.9637058,1.8547109,3.959465,3.452844,3.441457,3.4725754,3.4777708,3.2855256,2.897834,2.0564048,2.966693,3.0034883,1.5724576,2.7204657,2.2164977,1.9420109,2.2138608,2.35165,2.6809905,2.6082668,2.6082857,2.6082857,2.8811173,1.8251914,2.8868496,2.7103355,1.3025857,1.879761,2.8537834,2.6556187,2.777521,2.78264,2.7900076,3.0140865,2.8439102,2.9467204,3.0714378,2.5896456,2.937081,2.650813,2.7789187,3.0377316,1.5836025,1.2914374,1.418242,1.7986097,2.6519072,2.9689,2.7409756,2.7352972,2.106565,3.0050023,2.9343078,3.04349,3.1877005,2.5813491,3.2528872,3.0777261,1.9830588,1.9706936,1.4229717,1.9198216,2.4820309,2.8089433,2.8710263,2.8579726,2.209319,2.1773846,1.4756039,2.0833592,2.7111127,2.6769874,2.7858844,3.3121912,2.4584687,2.3608203,3.230515,1.7458824,2.9725683,2.9708667,2.8051558,3.604887
19,2.1918516,2.8284087,2.991488,3.148536,3.0959468,2.8222024,3.3845518,2.4114163,2.1937172,1.7980348,1.6479223,1.7802967,2.4090679,3.3387961,2.0187616,1.7087438,2.4364974,2.8503368,1.3156253,0.0,2.120118,2.4085875,2.323518,2.5201664,2.3772244,2.5247366,2.169403,2.146039,1.82877,2.0045674,1.9741763,2.769547,1.6967349,1.5179676,2.1438186,1.8629034,2.1304488,2.11415,2.2488134,2.3824546,1.6397501,1.6930221,3.4343135,3.011712,2.5964756,2.8082252,2.7721758,1.8029934,3.5723076,3.061343,3.2611701,2.9516723,3.1200435,2.9598331,2.9257646,2.0813873,2.851336,2.6802468,2.0893612,2.9233866,1.9911993,2.0923145,2.258139,2.240564,2.7199616,2.604818,2.642783,2.642783,2.863947,2.3641753,2.887898,2.700856,2.02915,2.4199984,2.5270777,2.6573713,2.7894502,2.79793,2.5910454,3.0731494,2.8462079,2.8055859,3.1324406,2.5814595,2.9522269,2.661869,2.7723277,3.092419,2.2297432,1.9712304,2.1822376,2.3745937,2.6403506,3.0006702,2.764308,2.7438214,2.2613814,2.75546,2.9476607,3.0639734,2.654126,2.2727659,2.8603818,2.5420892,2.1984437,2.2067997,2.132654,2.1082673,2.649738,2.827116,2.8753126,2.8652904,2.3475037,2.3577452,2.169944,2.2487755,2.3601449,2.426883,2.4745357,2.8972147,2.4550183,2.3701842,3.1365738,2.6981466,2.930153,2.9384265,2.800695,3.5750039
20,1.9441621,1.9094204,2.300051,2.1855133,1.7415283,1.6448079,2.7194045,2.0211904,1.8151004,1.9525894,2.1728857,1.6332425,1.1132045,2.1601331,0.92882335,2.1469111,1.1105863,1.6744562,1.7892815,2.120118,0.0,0.8657759,1.9348525,1.9947556,2.2024515,2.2502131,2.3516123,2.2563815,1.1663022,0.4616601,1.7087215,1.6137391,1.2856272,1.2877556,1.9333645,1.1372393,1.8318427,1.8199486,2.0678356,2.141531,1.9562858,2.0280504,2.1764376,2.1159685,1.7994462,1.8311192,1.6755583,0.96615654,3.117818,3.0753322,2.9762497,3.1072204,3.0638545,2.8732572,2.4829643,1.3540089,1.7446892,1.8426619,1.8334261,2.975583,1.445729,0.9828506,1.6055894,1.6869135,1.1813086,1.1216941,1.1375732,1.1375732,1.7549572,2.1571615,1.7697053,1.3793474,1.6622663,2.1781604,1.6364893,1.2666826,1.3731289,1.3574598,1.446688,1.4084731,1.6679085,1.8159313,1.4537098,1.165372,1.6442415,1.2530488,1.6221849,1.3587528,1.9195985,1.4067034,1.697463,2.088123,1.2399746,1.3219621,1.3260163,1.3253899,1.045421,2.0504148,1.4618006,1.454763,2.5548768,1.3615166,2.2856624,2.1683576,0.7252719,0.7166077,1.3712442,0.71454066,1.5461653,1.5334915,1.5901507,1.5788013,1.5489666,1.5410656,2.1548278,1.4594008,2.0416987,1.9638495,2.1077983,2.1312296,1.3567729,0.9673576,1.834988,1.7123706,1.8740339,1.789138,1.6522212,3.0660644
21,2.0026453,1.8030764,2.2049854,2.120148,1.5554609,1.6916575,2.768359,2.0594845,1.6508582,1.7976943,2.0890179,1.4943274,0.9361512,1.8528699,1.1578244,2.1477315,0.731043,1.4468106,2.276037,2.4085875,0.8657759,0.0,1.8937167,1.8503145,2.1912544,2.1963837,2.4469697,2.3338153,1.3010058,0.8469487,1.8155812,1.4610444,1.4402491,1.4262546,1.6857926,1.253367,1.7808104,1.7977295,2.2249188,2.2844756,1.8883346,1.9376323,1.9763811,2.0537615,1.7959533,1.8022074,1.6966534,1.1087875,2.948446,2.9957461,2.9609745,2.990967,2.9799054,2.8116221,2.609425,1.5123597,1.7787637,1.8043274,1.9324265,2.9790397,1.302405,1.106799,1.5848341,1.5282981,1.3147379,1.2418102,1.307813,1.307813,1.7544088,2.2246687,1.7974936,1.5331422,1.8566811,2.2166557,1.6228609,1.4379597,1.416186,1.4046973,1.3607932,1.1133516,1.6930096,1.7427311,1.1715258,1.3628289,1.7366269,1.4351355,1.6995187,1.3249575,2.015086,1.5907129,1.8975737,2.1703734,1.3991824,1.2389967,1.4841044,1.4791653,1.2442335,2.0997767,1.3465649,1.356931,2.5507174,1.333797,2.2314813,2.028563,1.1010232,1.1072531,1.6369399,1.0875762,1.7532519,1.7781466,1.8305222,1.8178893,1.6312734,1.6979467,2.2906091,1.6105114,1.9020797,1.8334477,1.9470627,2.0279422,1.3121122,1.1099434,1.922655,2.0698361,2.0482872,1.9361327,1.7910697,2.8990474
22,2.6747909,2.5254264,2.212829,2.7696447,2.2868187,2.3574867,3.0311375,2.408863,2.2752683,1.4816847,2.544208,2.1603093,1.8026876,2.5988133,1.8157105,1.8876969,1.7094462,1.9513893,2.4826522,2.323518,1.9348525,1.8937167,0.0,0.331511,2.523457,2.485316,2.7260249,2.6560616,1.9527102,1.7527792,2.1489954,2.27048,1.9168932,1.8819417,2.3192787,2.0263898,2.2762532,2.2375882,2.3815525,2.6148143,2.214464,2.364943,2.608946,2.5771408,1.4450853,2.4420545,2.0025961,1.5067961,3.0297487,3.0072298,3.409289,3.0176175,2.9985962,2.8612027,2.499953,1.2751597,2.2561896,2.113855,2.585969,3.6222963,2.1015344,1.8127043,2.00559,2.3150544,2.1321726,2.0294673,2.0577292,2.0577292,2.4851289,2.7372732,2.4806135,2.1874332,2.416665,2.7650292,2.2704537,2.1900103,2.2276595,2.220547,2.278703,2.087922,2.4487236,2.5091527,2.0709167,2.1029074,2.4103153,2.1824708,2.386709,2.1822045,2.5444314,2.1393015,2.4499812,2.7186463,2.1709967,2.1189644,2.2446918,2.2226155,2.02539,1.5837977,2.163609,2.2260895,1.7583318,2.005002,2.6526146,1.6190616,1.8455114,1.8499914,2.3566706,1.8868924,2.2443705,2.2778904,2.3395503,2.3464472,2.2151453,2.2790573,2.7081141,2.1257653,2.053936,2.5476997,2.494899,2.6734734,2.0266454,1.9375598,2.6691048,2.563985,2.4404848,2.3964972,2.2547998,3.181778
23,2.710841,2.5723822,2.304791,2.818732,2.2731767,2.4116108,3.0857136,2.4602695,2.328784,1.5666157,2.5545394,2.2187173,1.7626133,2.562973,1.8664906,1.9457812,1.6210856,1.8545105,2.6298912,2.5201664,1.9947556,1.8503145,0.331511,0.0,2.5218472,2.4586897,2.7892065,2.7128341,1.9561669,1.7914025,2.1321137,2.2479386,2.0008373,1.937512,2.2800317,2.1106493,2.3047063,2.2793694,2.3844671,2.6118946,2.2496583,2.3947873,2.5940812,2.6353488,1.5202495,2.4536605,2.0476446,1.5738497,3.0686238,3.0840943,3.458492,3.1070492,3.0704603,2.9394996,2.5857506,1.359036,2.295985,2.1599574,2.5947478,3.6581101,2.1348014,1.83812,2.0656989,2.3722227,2.1693454,2.0725362,2.1016517,2.1016517,2.5570965,2.7790065,2.5541666,2.2408705,2.4411242,2.7870188,2.3349135,2.2492704,2.2531972,2.2456696,2.3132715,2.015918,2.5207498,2.5832355,1.9986591,2.1664765,2.4471338,2.247875,2.468743,2.1711247,2.5640965,2.1489842,2.4616003,2.7583404,2.2358787,2.107894,2.304212,2.2818613,2.0543818,1.6720563,2.1318774,2.1959536,1.8501925,2.0615425,2.6690662,1.693694,1.8948823,1.8985511,2.389397,1.9499161,2.2513099,2.318292,2.3834717,2.3925312,2.2158842,2.2943947,2.7231433,2.1465812,2.078671,2.559317,2.466952,2.7228074,2.0447133,1.993967,2.7149768,2.5779274,2.4688206,2.4155998,2.266835,3.1314926
24,2.1381638,3.1486087,3.5052285,3.4933567,3.0787039,3.1156988,2.9363205,1.3461552,2.6159925,2.5243642,1.87432,2.4062648,2.034597,3.3900037,2.077621,1.9294156,1.8236439,2.3158274,1.956732,2.3772244,2.2024515,2.1912544,2.523457,2.5218472,0.0,0.29215467,0.9407398,0.88119566,1.4687964,2.0242825,1.6575319,2.5581455,1.9512552,1.6660328,1.675859,2.2027717,2.4667265,2.4670653,1.8444837,1.9103588,1.8698214,1.9455496,3.543412,3.5798159,3.0549302,3.0756834,3.1182814,2.0832672,3.9190578,3.5590267,3.4608722,3.5584586,3.5567322,3.3925772,3.039482,2.2568972,3.129786,3.078485,1.8787905,1.7016634,2.319231,2.0367916,2.437934,2.593368,2.938301,2.8467078,2.8996665,2.8996665,3.2070093,2.270367,3.23848,2.9876213,1.6910188,2.2200463,2.9798362,2.9078588,2.940511,2.9410002,3.0372648,2.8718803,3.1654193,3.1707983,2.9453597,2.92691,3.1489472,2.943164,3.1566691,2.969448,2.0403452,1.6469295,1.7992184,2.252066,2.925402,2.9218364,3.0143454,3.004734,2.7469392,3.524108,3.2063158,3.2668567,3.3489482,2.731222,3.239228,3.166607,2.134905,2.1396563,1.8309357,2.0689068,2.4795282,2.868299,2.9548283,2.937633,2.366553,2.398953,1.6009672,2.3298988,2.854769,2.8099523,2.8336086,3.487791,2.649853,2.5901537,3.704524,2.0792677,3.082404,3.0468013,2.8713322,3.5781424
25,2.264145,3.232564,3.5520897,3.5381835,3.0757668,3.1481774,2.9488227,1.4118171,2.7089694,2.551669,1.9398636,2.46801,2.032206,3.3898866,2.131113,1.9671137,1.7980565,2.2312186,2.1206377,2.5247366,2.2502131,2.1963837,2.485316,2.4586897,0.29215467,0.0,1.0505185,0.991663,1.5311978,2.0536342,1.6650819,2.6023943,2.0232587,1.7317466,1.6897653,2.2511008,2.4782674,2.4822962,1.8393841,1.9308192,1.9227551,2.0023265,3.5508468,3.6227014,3.0579093,3.0798678,3.1239471,2.11183,3.9353023,3.605879,3.493961,3.6107168,3.5947905,3.4332607,3.0848868,2.2757695,3.163703,3.1001,1.9895153,1.7942691,2.3573515,2.0693905,2.508201,2.6831818,2.962075,2.8781667,2.9255378,2.9255378,3.2771924,2.3743715,3.3062375,3.0250177,1.7617584,2.3252368,3.0263762,2.9474366,2.969086,2.9691877,3.0655458,2.8461218,3.2363384,3.2463171,2.9150822,2.962816,3.1811123,2.98141,3.2235374,2.9451597,2.1335118,1.6985475,1.8498536,2.3591387,2.9641929,2.9059188,3.0459113,3.039858,2.7834787,3.5387752,3.2041152,3.251403,3.3283923,2.7728245,3.2324812,3.17948,2.1605022,2.1663816,1.8939562,2.1095593,2.4661288,2.8586695,2.9476266,2.9329727,2.3496883,2.3856819,1.6754229,2.3276176,2.8721383,2.844494,2.862514,3.506973,2.6897159,2.6214492,3.7173588,2.1037042,3.0750723,3.0389636,2.86134,3.5894938
26,2.3171542,3.310357,3.6160777,3.6424491,3.2775056,3.2780192,3.0960634,1.6533936,2.7680101,2.5396128,1.8225702,2.3341763,2.3210607,3.5735385,2.2968132,2.1155608,2.174134,2.6293075,2.0412717,2.169403,2.3516123,2.4469697,2.7260249,2.7892065,0.9407398,1.0505185,0.0,0.14992881,1.742697,2.163434,1.8969857,2.837936,1.898321,1.6664423,1.8345952,2.0965035,2.4679606,2.437482,2.0721998,2.1806743,1.8429022,1.8882697,3.6687415,3.6806467,3.2339845,3.2548888,3.2872257,2.2781856,3.9757276,3.5646198,3.4981363,3.474905,3.5926778,3.4210389,3.124044,2.4429083,3.3158042,3.1449692,2.1475332,1.7906984,2.4680092,2.2454662,2.5852118,2.7075458,3.1384828,3.022592,3.100626,3.100626,3.3343027,2.431844,3.3814418,3.1614547,1.9245512,2.4093225,2.9317772,3.060411,3.1286035,3.1273298,3.199226,3.1495378,3.3038921,3.275956,3.2281213,3.0901833,3.295101,3.103412,3.2906287,3.103927,2.2860434,1.9380472,2.0940218,2.4336703,3.0740964,3.082104,3.1855662,3.1646347,2.9013088,3.6435683,3.3981202,3.403226,3.2928755,2.71242,3.2557552,3.168299,2.2372103,2.2604423,2.0142891,2.1357827,2.5767286,2.9482896,3.0324059,3.015009,2.57963,2.624532,1.8250905,2.5582607,2.9481745,2.9011083,2.9802043,3.5363662,2.9479632,2.759275,3.7462316,2.5033422,3.250586,3.2171204,3.061707,4.0305185
27,2.2444952,3.2231696,3.5422635,3.5715342,3.1925702,3.19949,3.0544622,1.6073903,2.6945767,2.473241,1.7756399,2.271264,2.232381,3.4760942,2.2205904,2.070383,2.0750706,2.5538683,2.0061343,2.146039,2.2563815,2.3338153,2.6560616,2.7128341,0.88119566,0.991663,0.14992881,0.0,1.6521952,2.0711637,1.8395818,2.7328432,1.829049,1.5828044,1.7693512,2.0296006,2.409078,2.3827546,2.032309,2.1394708,1.7993821,1.8477662,3.5834837,3.607708,3.1527357,3.1786249,3.2048974,2.1993032,3.9313488,3.5356138,3.473889,3.4475424,3.5675092,3.3950264,3.084883,2.3687873,3.2338336,3.0661066,2.075905,1.817062,2.3986773,2.1579392,2.5090578,2.6378849,3.0422535,2.930792,3.009027,3.009027,3.248264,2.3699605,3.2965624,3.0712168,1.8605955,2.3432817,2.8527672,2.976205,3.0348616,3.0328925,3.1083605,3.0448878,3.218123,3.1991827,3.1238627,2.9993007,3.1958983,3.0170436,3.2063212,3.0127423,2.2155063,1.8568039,2.0229385,2.372777,2.985857,2.9871867,3.0967607,3.0740948,2.8140335,3.5593603,3.3035228,3.3090973,3.240524,2.6248868,3.1861997,3.0806196,2.1556706,2.180647,1.9319894,2.0523982,2.495884,2.8764863,2.9592664,2.940597,2.5084496,2.5555584,1.7796661,2.4854734,2.8716464,2.8231099,2.9066484,3.4628928,2.8549204,2.6742496,3.657462,2.446527,3.1752121,3.1380174,2.9821208,3.9532278
28,1.4274408,2.4881992,2.9167988,2.865417,2.4856453,2.4733653,3.131376,1.9315957,1.9697496,1.9552554,1.3106958,1.7290792,1.291705,2.794749,1.2140428,1.4629971,1.1078781,1.752211,1.3249276,1.82877,1.1663022,1.3010058,1.9527102,1.9561669,1.4687964,1.5311978,1.742697,1.6521952,0.0,1.0304354,0.93446726,1.8626864,1.2413888,0.8220664,1.2123107,1.5004197,1.8860261,1.8877095,1.3691528,1.4619335,1.2838261,1.3783436,2.8980882,2.8816972,2.378938,2.4235988,2.440143,1.2883697,3.4818559,3.1803505,3.1205442,3.198199,3.1897466,3.0013633,2.618477,1.5335313,2.4545488,2.4435844,1.1482207,2.554518,1.6485002,1.2308257,1.7891928,1.918591,2.1200132,2.0268707,2.0655847,2.0655847,2.4890282,1.6723559,2.5137637,2.2259834,0.8808672,1.6479917,2.2752445,2.143465,2.1905837,2.1871736,2.2469985,2.1285856,2.440757,2.5296206,2.197212,2.103375,2.3913548,2.1637526,2.409336,2.2455485,1.3220643,0.58660007,0.99958205,1.6221393,2.1508133,2.1871095,2.2521372,2.2300935,1.5077243,2.5741055,2.171578,2.239696,2.799187,1.9618154,2.6758718,2.537142,1.2724034,1.2699382,0.91071224,1.2476132,1.7911584,2.2215488,2.3052833,2.2998164,1.6473112,1.7112446,1.2163771,1.5976659,2.2037997,2.1619043,2.1244357,2.8325305,1.9145027,1.7970532,2.6770868,1.44974,2.473616,2.414321,2.2180393,3.1754096
29,1.9986613,1.9176264,2.2692826,2.1872466,1.6767802,1.6236606,2.58729,1.8428123,1.806256,1.7795913,1.9940614,1.4575783,1.0081031,2.097637,0.8577013,2.0680075,0.90596104,1.4584799,1.809084,2.0045674,0.4616601,0.8469487,1.7527792,1.7914025,2.0242825,2.0536342,2.163434,2.0711637,1.0304354,0.0,1.4794625,1.6743914,1.1285222,1.0639808,1.8155453,1.062878,1.6509453,1.6548768,1.97901,2.0788186,1.814555,1.8850608,2.1152084,2.0797765,1.6676714,1.7213432,1.5584941,0.7237026,3.0970273,3.0648642,2.985206,3.0811758,3.0452209,2.855986,2.4934702,1.2439455,1.6950825,1.7014667,1.8340769,2.8680956,1.3495818,0.84209585,1.563856,1.6809652,1.2227918,1.1189611,1.1495029,1.1495029,1.8445457,2.215019,1.8614247,1.4307003,1.6786923,2.220348,1.5158101,1.2847683,1.4046623,1.3963085,1.4220378,1.3452207,1.7671679,1.8621712,1.4232347,1.1937228,1.682609,1.3222767,1.715998,1.4085273,1.9572797,1.4063946,1.7505125,2.1540718,1.3094364,1.3625369,1.42528,1.396287,1.1447601,2.0595922,1.5160506,1.5419219,2.3309588,1.2152276,2.1287754,2.0102985,0.74525225,0.7451802,1.4890705,0.74836576,1.4872446,1.5120981,1.5821295,1.5810767,1.4433854,1.453315,2.119755,1.3623844,1.969936,1.9132165,1.9334219,2.0907893,1.256098,0.9155668,1.8809856,1.8498777,1.7797594,1.698289,1.543355,2.9302175
30,1.6861489,2.7598956,3.152183,3.1072977,2.8107712,2.814508,3.3760817,2.1722395,2.1794763,2.1277924,1.4500219,2.0009863,1.697101,3.115137,1.5969877,1.6734196,1.4988439,1.9724855,1.5630348,1.9741763,1.7087215,1.8155812,2.1489954,2.1321137,1.6575319,1.6650819,1.8969857,1.8395818,0.93446726,1.4794625,0.0,2.6746368,1.5629311,1.1805543,1.509611,1.9068117,2.1874275,2.1776142,1.5975865,1.7413055,1.5490891,1.6090407,3.287365,3.2366443,2.6754313,2.7779157,2.733714,1.6127787,3.6980624,3.362498,3.3489273,3.3973804,3.381361,3.1920083,2.8352842,1.8294641,2.7776818,2.721433,1.4498436,2.6436462,1.9718843,1.5969435,1.999163,2.2060852,2.5696304,2.424914,2.4614704,2.4614704,2.838704,1.9251179,2.8405752,2.5982244,1.3316593,1.8391492,2.6073334,2.5094795,2.5670707,2.5818892,2.6353772,2.5402968,2.8032951,2.8442266,2.62312,2.5103316,2.7979224,2.5875013,2.759619,2.6738653,1.5739224,1.2084789,1.4882509,1.8828516,2.5967233,2.6354914,2.6988444,2.6601014,1.9629359,2.867488,2.5760727,2.6712136,2.63094,2.314497,2.97754,2.814416,1.7810994,1.7665616,1.4953535,1.7905191,2.2042499,2.6184418,2.7103183,2.7172601,1.943494,1.9796648,1.436257,1.9235733,2.444456,2.428166,2.4596004,3.1628966,2.2721844,2.2134933,3.130852,1.8119866,2.8051655,2.77717,2.5708265,3.3793304
