,0,1,2,3,4,5,6,7,8,9,10,11,12,13,14,15,16,17,18,19,20,21,22,23,24,25,26,27,28,29,30,31,32,33,34,35,36,37,38,39,40,41,42,43,44,45,46,47,48,49,50,51,52,53,54,55,56,57,58,59,60,61,62,63,64,65,66,67,68,69,70,71,72,73,74,75,76,77,78,79,80,81,82,83,84,85,86,87,88,89,90,91,92,93,94,95,96,97,98,99,100,101,102,103,104,105,106,107,108,109,110,111,112,113,114,115,116,117,118,119,120,121,122,123,124,125,126,127
0,0.0,0.40707865,1.6517166,1.4661115,2.3039992,1.7926545,2.2990026,2.3319745,2.9546945,2.2134652,1.8650924,1.3259581,2.8481643,2.263378,2.5719702,2.4830854,2.3435066,2.6156287,2.3228436,2.4940407,1.8991932,1.834962,2.6458118,2.4594145,2.4525928,2.3880758,2.571456,2.6369052,2.955598,3.058037,2.0729778,2.718307,1.7150669,1.7053827,1.5510337,1.7229388,1.9497175,2.4112453,3.1184502,2.0594976,3.4358335,2.472751,2.274286,1.0980927,1.592412,1.8266245,1.9326642,1.9864277,1.2854546,1.546846,1.171718,1.4986539,1.6883593,1.5894262,2.6605043,2.3700914,1.9368827,2.1117647,1.3478005,1.657032,3.1453216,3.4644701,3.3067303,2.7164273,1.8506927,1.8510976,1.7333122,2.1013036,2.0370562,1.9485389,1.9963839,2.0393903,2.7485025,2.5676103,2.2082903,2.3082259,2.3814912,2.1330225,1.7254658,2.2384052,2.2202077,2.1831565,2.3078659,2.5580766,2.133913,2.5614138,2.154481,2.8320184,2.1824167,1.8536447,2.3994665,2.9650946,2.827396,2.6014435,2.3410916,2.4171648,2.8414156,3.088823,2.8785207,2.6823268,2.7039616,2.8088927,3.5259883,3.1163223,2.9539385,3.5364268,2.7683835,2.648676,2.7222867,2.6730902,3.098547,2.8175426,4.4736786,4.2661424,3.6150177,3.5643454,2.8816588,3.3857303,2.9438746,3.0733232,2.8837368,2.5978582,2.6598039,2.648414,2.9429653,1.3205453,2.6187534,2.7235794
1,0.40707865,0.0,1.5431299,1.413255,2.2580366,1.7713666,2.2350895,2.2745636,2.980341,2.2161167,1.9847786,1.4340053,2.7277298,2.2361908,2.505165,2.411009,2.5177364,2.7466266,2.4430563,2.67586,2.0734444,1.9964795,2.7205431,2.5598714,2.6711252,2.6111047,2.7939198,2.82553,3.07331,3.1681318,2.2788131,2.875959,1.7705172,1.6574533,1.5008595,1.6778611,1.9624187,2.3148453,3.1135395,2.1098816,3.3519027,2.3659892,2.191645,1.2607785,1.7001029,1.8209194,2.1004863,2.1518412,1.0834934,1.3754352,0.9746274,1.4284863,1.758354,1.4654675,2.6375358,2.3049219,1.9632537,2.1692822,1.189468,1.4601055,3.1414316,3.4584246,3.17208,2.7046888,1.835928,1.8426254,1.7511233,2.08382,2.01527,1.9777944,1.993665,2.0745466,2.7264488,2.500037,2.159001,2.3392956,2.4961252,2.222053,1.7516179,2.2666755,2.3158631,2.2460716,2.38174,2.5146177,2.169181,2.4877584,2.1646104,2.8045685,2.1689205,1.8596368,2.4112074,2.9956474,2.8680513,2.7240455,2.2497926,2.5749707,2.7532609,3.0205305,2.7786489,2.5547206,2.5348017,2.6649587,3.4868433,3.0241604,2.8796449,3.428885,2.6308267,2.541927,2.6330652,2.5642014,3.0325074,2.7355967,4.28897,4.096484,3.5796843,3.5162454,2.799737,3.3443646,2.8356404,2.9616408,2.828755,2.5130103,2.5669346,2.5560563,2.8840363,1.422634,2.5506158,2.6388955
2,1.6517166,1.5431299,0.0,1.6421661,2.1439385,1.8919787,2.2036395,2.3510582,3.7655458,2.9571555,2.2287366,2.0583606,2.5099158,2.8472323,3.3070152,3.156597,3.1922908,3.6378489,3.3646367,3.305169,2.766139,2.688348,3.408926,3.3474383,2.7288435,2.6858687,2.7428381,2.9744189,3.000667,3.0151575,2.854701,3.0776567,1.6613308,1.3680955,1.2274431,1.3775474,1.6284034,1.7963889,3.0716903,1.804714,2.7891622,2.2091396,1.8815897,1.7169635,2.069316,2.5733845,2.5123062,2.9562304,1.3245574,1.5717267,1.275573,1.5800465,2.1321006,1.6432798,2.5638552,1.9134432,1.854264,2.282652,1.6791232,2.4223754,3.1148977,3.439436,3.7660208,3.4369667,1.861338,1.8644323,1.8537148,2.4035542,2.0895007,2.027072,2.0723436,2.114078,2.6626222,2.6226945,2.4478557,2.069967,2.2624977,1.8842673,1.942188,1.9271858,2.02796,1.9833478,1.7611316,2.3374722,2.200924,2.4999537,2.1716745,3.296312,2.79376,2.0338671,2.5459976,3.7032583,3.623272,2.9130712,2.379525,3.234976,3.2744632,3.2287607,3.100262,2.9248319,3.0082738,3.0737293,3.8106933,3.2079065,3.2722864,3.7462819,3.0116942,3.0183456,3.0887525,3.0694547,3.4697847,3.0152168,4.6591682,4.1964154,4.0121326,3.8767593,3.2831104,3.750991,3.3393795,3.499787,3.517318,3.0954034,3.1178324,3.2859616,3.414937,1.9969475,3.1318312,3.2086935
3,1.4661115,1.413255,1.6421661,0.0,1.4311128,1.5032765,2.0134258,2.031557,2.8017538,2.1609185,1.9791365,1.5590284,2.6908233,2.4609551,2.7099931,2.6089044,2.562824,2.7785637,2.5399523,2.8396235,2.2124176,2.1505876,2.7447684,2.5440423,2.5974357,2.5330548,2.6898198,2.6081998,2.670572,2.7126198,2.3060443,2.5873656,1.6334262,1.6295347,1.6789086,1.6262685,2.0846932,2.173709,2.9912138,1.8790102,3.0151813,2.6448784,2.0824893,1.827041,1.3292149,1.6326334,1.7073199,2.4214306,1.42195,1.5586414,1.3091284,1.6001382,1.6909398,1.8447932,2.1046717,1.7484686,2.3268013,2.4919775,1.1872475,1.8599448,2.8455355,3.2300837,3.0757444,2.9195187,1.7398401,1.74839,1.7232407,2.1027632,1.8362526,1.6899282,1.5543456,1.5565854,2.2944443,2.0319402,1.9374343,2.1319318,2.1341803,1.9391627,1.4109123,1.9689139,2.3051524,2.2403562,2.285152,2.111796,1.7401067,2.1553314,1.7474247,2.442252,2.2566466,1.933949,2.2286503,2.972208,2.8180516,2.8100777,2.347743,2.5008094,3.232654,3.2666514,2.494498,2.6674185,2.6705852,2.4645555,3.5335467,3.0993428,2.6007676,3.2729945,2.7917604,2.663581,2.5197968,2.7759304,2.8798707,2.5878382,4.183677,4.005291,3.5629587,3.6208606,2.8815603,3.3573952,3.0072794,3.1606934,3.0821698,2.8525438,2.8756783,2.9944484,3.03041,1.6989397,2.7006874,2.8673325
4,2.3039992,2.2580366,2.1439385,1.4311128,0.0,1.6187447,1.4909871,1.4487088,2.6551971,2.3362021,2.0107138,2.0207434,2.54932,2.7091513,2.9784591,2.8402624,2.8835196,3.0058188,2.92024,2.9524353,2.5850399,2.5934105,3.1584756,2.896159,2.922232,2.8964963,2.906871,2.7822523,2.7127671,2.6595683,2.535967,2.5932994,2.4221425,2.2822773,2.3507104,2.2498367,2.0094144,1.9372214,2.6990817,1.9170052,2.239923,2.4509952,2.1053617,2.780409,2.3409288,2.417728,2.036344,2.8614812,2.0621076,2.1803236,2.006346,1.6639974,2.4815805,2.534579,2.2181365,2.0101855,2.5275028,2.548361,2.0114815,2.6107154,2.7174263,3.239124,3.4385371,3.1169066,1.4328911,1.4441712,1.5040226,1.7637423,1.4354206,1.4226612,1.2115095,1.3298017,2.3530738,2.1112363,1.9510545,1.8073571,1.8886273,1.579659,1.1975353,1.6487765,2.3764102,2.0715735,2.19255,1.6921922,1.3415065,1.6349431,1.3717041,2.2999837,2.1643844,1.6459836,1.9216983,2.6505592,2.5229783,2.4465764,1.8837932,2.377313,3.791466,3.7048538,2.9769137,3.1231847,3.110093,2.9634142,3.8647685,3.4750993,3.1473773,4.064223,3.2059512,3.0863829,3.023891,3.190869,3.2833488,3.1050313,4.293895,3.974323,3.7233934,3.9044273,3.4601803,3.7104766,3.5472405,3.670047,3.4406574,3.269828,3.3060765,3.5642233,3.4039824,1.8860835,3.2242098,3.3684835
5,1.7926545,1.7713666,1.8919787,1.5032765,1.6187447,0.0,1.4928511,1.6344614,2.5905433,2.0136278,1.3450848,1.4042346,2.3765202,2.3579237,2.6306517,2.524096,2.5227232,2.625639,2.716374,2.6148963,2.220688,2.25049,2.8280444,2.6365225,2.5726147,2.520282,2.5413945,2.4692426,2.5075665,2.4566863,2.0361636,2.3668036,2.3116052,1.9607466,2.0425777,1.9213275,1.7649841,2.0479176,2.9567788,2.0195353,2.7152398,2.5525599,2.0286815,2.199966,2.1097844,2.0398095,2.1387622,2.4697478,1.7913123,2.330687,1.6881055,1.3099058,2.48676,2.1585646,2.4652615,2.4975066,2.2421699,2.3867702,1.5468878,2.1688447,2.6170359,3.098679,3.3995335,2.7123961,1.1250634,1.1560434,1.1176825,1.4973403,1.4928278,1.5060889,1.3911401,1.428242,2.659375,2.4834464,1.9426707,1.5522946,2.125653,1.9814682,1.3475399,1.8343114,1.8391091,1.7894988,1.9583571,1.9605204,1.463149,1.8907212,1.5456893,2.3683355,1.930847,1.4415877,2.114814,2.728288,2.5450118,2.4224267,1.7244948,2.2077687,3.738252,3.8018744,3.1576862,3.0152676,3.1322505,3.2145922,3.9226813,3.4777215,3.3598995,3.5601516,3.1149049,3.004576,3.153841,3.0684862,3.4772317,3.1953602,4.17881,3.9187877,3.5976663,3.6364114,3.4396927,3.4677498,3.4686904,3.6243346,3.4545896,3.1992638,3.2130682,3.337246,3.3876302,1.4603528,3.1484387,3.2702684
6,2.2990026,2.2350895,2.2036395,2.0134258,1.4909871,1.4928511,0.0,0.46788776,2.3102748,2.3820202,2.0507982,2.034283,2.1653235,2.7141733,2.9735498,2.8614883,3.1184886,3.1925776,3.3899622,3.2897077,2.9708934,2.9949794,3.5838022,3.2909272,3.235462,3.1739593,3.1975868,3.1399264,3.2483928,3.1290267,2.812794,3.0540156,2.9092464,2.5536213,2.5501869,2.5016487,1.836193,1.6126084,2.3665953,2.037148,2.045366,1.9672562,1.528069,2.783445,2.848255,2.9001195,2.4670908,2.6450038,2.2240338,2.5724413,2.0434499,1.233334,3.1691508,2.4664152,2.518029,2.833882,2.66256,2.7264526,2.256627,2.5182998,3.0186965,3.3870962,3.5442069,2.7023993,1.01573,1.0839311,1.1691363,1.5432609,1.1940798,1.4099053,1.2727154,1.3193022,2.7138355,2.5625925,2.058271,1.7561338,1.9971261,1.9502182,1.4476113,1.8681296,2.0253015,1.7356478,1.8864995,1.6902384,1.449187,1.6649275,1.3912514,2.3204563,1.971444,1.3287934,2.0182393,2.364755,2.021377,1.9073164,1.4956807,2.2523627,3.5349295,3.582101,3.2177312,3.057863,3.2274728,3.310198,3.6489923,3.3860047,3.4510407,4.0205317,3.3012414,3.0558043,3.2045898,3.0952263,3.3127186,3.23102,3.934602,3.6372795,3.400373,3.7288382,3.6637406,3.6455405,3.7088075,3.839702,3.3887308,3.3171127,3.3472152,3.4848368,3.5949183,1.8594011,3.395633,3.4639323
7,2.3319745,2.2745636,2.3510582,2.031557,1.4487088,1.6344614,0.46788776,0.0,2.2492933,2.5162468,2.1473818,2.1059194,2.1771028,2.7712734,3.0429506,2.9247942,3.1451733,3.238983,3.4509363,3.2328713,3.0589516,3.0892968,3.74527,3.4064095,3.300875,3.2480352,3.2789638,3.2534535,3.3336298,3.238269,2.9057908,3.1819172,2.885755,2.5626948,2.5651102,2.5143566,1.8877648,1.6218114,2.1420054,2.060865,1.9861836,1.9614147,1.64327,2.8000135,2.8948534,2.977932,2.4108694,2.6286573,2.2729578,2.6081343,2.1202946,1.397681,3.130992,2.58605,2.5410717,2.7874541,2.6738172,2.6383126,2.3368263,2.6084664,3.144,3.5119114,3.6772056,2.866729,1.2237155,1.2778828,1.3626717,1.6280564,1.3193692,1.5026038,1.3316132,1.4407399,2.7335217,2.5745587,2.1574583,1.8297952,2.0802996,1.9703842,1.5067806,1.8701446,2.0705218,1.7878819,1.9806749,1.8005888,1.5396991,1.7743396,1.4692932,2.424838,2.1211905,1.475768,1.9647948,2.222477,1.9367704,1.7358553,1.6635646,2.1673102,3.5541596,3.612184,3.2085772,3.119395,3.3012626,3.3404803,3.6071343,3.4428399,3.431805,4.0680943,3.32737,3.0991056,3.2044303,3.1435177,3.2469554,3.2671676,4.085694,3.7303796,3.4446437,3.8590503,3.7472467,3.7510033,3.7962353,3.928742,3.3590755,3.382598,3.4193075,3.544974,3.6272304,1.9886378,3.4440315,3.5249155
8,2.9546945,2.980341,3.7655458,2.8017538,2.6551971,2.5905433,2.3102748,2.2492933,0.0,1.8175744,2.733048,2.6448023,3.8646328,3.0571518,2.806168,2.8232884,2.5913603,2.1600416,2.670229,3.4699996,2.8906288,2.9656885,3.2532234,2.6799698,3.6364145,3.5842144,3.6325376,3.0990336,3.755157,3.7112494,2.7968433,3.2079396,3.9978774,3.8182037,3.869321,3.779322,3.4933078,3.5597634,3.3644674,3.531509,3.5799913,3.7657204,2.9877102,3.637534,3.0766141,2.728743,2.44927,2.2527335,3.1485202,3.4639711,3.07931,2.5804517,3.6070879,3.234895,3.3866537,3.69757,3.6596305,3.5300777,2.8627522,2.5797844,3.3361573,3.4711564,3.1632457,2.4854274,2.5456314,2.5844615,2.5228548,2.8242872,2.6215124,2.5983763,2.6540444,2.6131463,3.6887581,3.317089,2.6760488,3.251899,3.4471796,3.4448068,2.6320047,3.519066,3.556561,3.3752463,3.4552782,2.8424072,2.7160373,2.8897474,2.7676406,2.2427826,2.0362399,2.6156874,2.95528,1.6895432,1.001407,2.8890438,2.7947023,1.71315,4.08697,4.2880454,3.5521991,3.5031714,3.564251,3.6408355,3.5408409,3.6419296,3.653671,4.2578254,3.6352024,3.2909334,3.4063635,3.3131347,3.2727392,3.5516272,3.8992481,4.345541,3.3056197,3.9478068,3.8539655,3.7983937,3.9249861,4.0446887,3.258594,3.574983,3.6050878,3.641305,3.862224,2.511835,3.5747309,3.6961455
9,2.2134652,2.2161167,2.9571555,2.1609185,2.3362021,2.0136278,2.3820202,2.5162468,1.8175744,0.0,1.9775671,1.8390892,3.6797674,2.410256,2.07853,2.1006405,2.1775312,1.6484777,1.5636832,3.1334877,1.9633445,2.037541,1.8833352,1.6067873,3.0529342,3.0115838,3.0717983,2.4113705,3.2260942,3.2377126,2.001247,2.4929843,3.4063895,3.3052413,3.3164952,3.2839904,3.0385568,3.3176525,3.884762,3.0809834,3.794339,3.5746787,2.6078339,3.020234,2.3528874,1.7569655,2.169153,2.2521043,2.3598285,2.7394388,2.3657157,1.8913274,2.6990325,2.5106614,2.9791386,2.9869125,2.9410133,3.0271184,2.1471562,1.7742937,2.6778886,2.9694698,2.5441117,1.7714831,2.0204048,2.0486615,1.9345287,2.3331494,2.1184094,2.0240076,2.2116437,2.2383254,3.3226473,2.8400235,2.1180742,2.857877,3.1271267,2.9904637,1.9581561,3.0680177,3.2070534,3.0393977,3.0845494,2.4993494,2.1562788,2.4842038,2.2459488,1.4557542,1.0666193,2.056007,2.5432765,2.2933953,1.9718354,3.3434243,2.3686094,2.2714524,3.640684,3.8068554,3.1490834,2.992268,2.9886608,3.0914218,3.7971845,3.3201141,3.315829,3.961203,3.0354173,2.8883846,3.0167236,2.9376488,3.363836,3.0461037,3.6086538,4.1625876,3.4371488,3.4817486,3.2624054,3.321683,3.31365,3.4175692,3.2379289,2.999964,3.032351,3.0965102,3.3164127,1.624282,2.9493694,3.0871768
10,1.8650924,1.9847786,2.2287366,1.9791365,2.0107138,1.3450848,2.0507982,2.1473818,2.733048,1.9775671,0.0,1.2303011,2.9166722,2.1789412,2.4877098,2.3974009,2.1971955,2.3177958,2.4244683,2.371648,1.95656,2.012878,2.550676,2.3754704,2.4248044,2.4016635,2.468945,2.4854865,2.581661,2.633145,1.8772058,2.353196,2.5769098,2.4147058,2.477817,2.3787446,1.955336,2.525223,3.1307917,2.1700757,3.3132358,3.0493748,2.386389,2.252726,2.1668537,2.3259249,1.9113681,2.2031157,2.1940806,2.5780694,2.2219443,1.6878558,2.4373152,2.368152,2.8759089,2.72312,2.1002038,2.1518335,2.0074594,2.5298624,2.6727417,3.0432825,3.9262722,2.5023324,1.5248207,1.5074842,1.4438899,1.8830241,1.7603711,1.6814857,1.8602153,1.8870442,3.2573864,3.1123104,2.5376666,1.8364182,2.2378633,1.9435306,1.4882133,1.9755434,2.0031805,1.9016799,2.0498197,2.185391,1.5651011,2.1478093,1.7145457,2.4666047,2.0794597,1.6337389,2.2830982,2.929419,2.6523228,2.4775019,2.019247,2.1415164,4.185751,4.3526907,3.8194232,3.693784,3.8063564,3.874678,4.4845047,4.0328813,4.0060487,4.542085,3.7537498,3.6709073,3.7720783,3.7120676,4.08002,3.780734,4.9310384,4.7689114,4.1529894,4.186576,3.971899,4.01354,4.0572424,4.164422,4.004252,3.744531,3.7883523,3.8457603,4.016567,1.3583592,3.7089095,3.8489788
11,1.3259581,1.4340053,2.0583606,1.5590284,2.0207434,1.4042346,2.034283,2.1059194,2.6448023,1.8390892,1.2303011,0.0,2.4852247,1.7881345,2.1808782,2.0845823,1.977072,2.2191055,2.243789,2.0979335,1.5576149,1.6231128,2.324785,2.1795523,2.1052604,2.0442955,2.2693117,2.39123,2.4153607,2.4775875,1.540486,2.2465014,2.1769316,2.0719545,2.1023467,2.0379438,1.6415116,2.1524565,2.9182878,1.6902555,3.3721793,2.7041922,2.114836,1.8244469,1.9220862,2.1173365,1.6324606,1.6962366,2.0126188,2.3484461,1.9743727,1.35971,2.2834067,2.233688,2.0306923,2.7459903,1.7902387,1.999464,1.6777116,2.227472,3.3800573,3.693429,3.202305,2.171955,1.3610053,1.3291855,1.2707655,1.6761205,1.4963661,1.3550572,1.5028195,1.582412,2.4184892,2.234693,1.7627809,1.6129854,2.0095935,1.8216019,1.2643195,1.7790986,1.850056,1.716485,1.9377893,2.094757,1.4708762,2.0596385,1.5362066,2.4040706,1.9479251,1.4091436,2.1221566,2.8730924,2.6104753,2.3535857,1.9530162,2.0150864,3.2906334,3.5816307,2.859604,2.7648792,2.900019,2.9336655,3.7144403,3.1926892,3.043282,3.766539,2.8700054,2.7431352,2.8049555,2.7826083,3.1926594,2.8200085,4.2318406,3.9956727,3.3231525,3.3062894,3.0438466,3.0753112,3.1702776,3.251927,3.1293359,2.8290257,2.8720877,2.8069444,3.1116302,0.9155773,2.7290215,2.8879364
12,2.8481643,2.7277298,2.5099158,2.6908233,2.54932,2.3765202,2.1653235,2.1771028,3.8646328,3.6797674,2.9166722,2.4852247,0.0,2.6383822,3.257948,3.091046,3.8670826,4.2415714,4.339608,3.5453455,3.5487635,3.5384016,4.2713947,4.182567,3.620476,3.564483,3.695209,4.0955763,3.5222223,3.4292724,3.5473762,3.8480012,2.9078798,2.4065902,2.450205,2.3410473,1.6907924,1.3390315,2.55829,2.0269492,2.4896753,1.6804296,2.233575,2.9284165,3.5608377,3.7365463,3.338248,3.3633826,3.0245104,3.1464133,2.8233995,2.359171,3.8595343,3.4750826,2.4773748,3.6814082,2.7648187,2.9641137,2.7826543,3.4877813,4.578196,5.112831,4.14173,3.6296194,2.0172777,2.0031376,2.178579,2.2322392,2.0937397,2.3249667,2.1095147,2.2724495,2.479369,2.58916,2.5010693,1.7801434,2.3196087,2.324927,2.3861918,1.8762197,1.9743574,1.7821399,2.0988934,2.5728533,2.3525765,2.4736078,2.2650888,3.7111,3.390878,2.2321775,2.8545375,3.878584,3.6864374,2.5498154,2.3587317,3.3519578,3.7705052,3.9845383,3.3495998,3.1747882,3.414607,3.5119889,4.109804,3.6343014,3.5668383,4.1592298,3.4752996,3.338074,3.4713545,3.3475094,3.6740348,3.4381988,4.477042,3.2956295,3.826506,3.9452176,3.7982662,3.7899761,3.8830497,3.9223962,3.8257647,3.608486,3.6141384,3.5837624,3.5657513,2.7272706,3.5962598,3.6943364
13,2.263378,2.2361908,2.8472323,2.4609551,2.7091513,2.3579237,2.7141733,2.7712734,3.0571518,2.410256,2.1789412,1.7881345,2.6383822,0.0,0.9521781,0.7633392,2.6102052,2.735306,2.7837067,2.7974916,2.303084,2.3265524,2.7356846,2.6878867,3.177766,3.1704106,3.2805297,3.3180215,3.3623233,3.3136759,2.6396134,3.0954309,3.0025244,2.8869858,2.8959174,2.8629818,2.3504443,2.8118281,3.459126,2.5141053,3.498282,2.8775628,2.7778199,2.773594,2.768545,2.5476756,2.4751184,2.4028845,2.930737,3.0502903,2.7611377,2.290184,3.1514025,3.1977916,2.7301455,3.5347264,2.5802507,2.837452,2.3957813,2.7092314,3.9216146,4.468519,3.4110498,2.633901,2.1183822,2.0875916,2.0872085,2.3186777,2.1608012,2.12641,2.3121295,2.3123338,2.9300203,2.7785223,2.3919559,2.4405942,2.6373456,2.6585932,2.170187,2.504104,2.6069813,2.4407544,2.6858697,2.6407459,2.2754035,2.5190508,2.311945,2.9009523,2.5025868,2.1174874,2.7666864,3.3257174,3.0094514,2.9399617,2.382694,2.5556762,3.5928037,3.9163017,3.1693096,3.0142267,3.1308427,3.2561064,4.028954,3.437835,3.3686311,4.043438,3.2274244,3.0515933,3.1573994,3.0472758,3.475981,3.1881537,4.301335,3.861365,3.6154873,3.55645,3.3088222,3.347297,3.4512498,3.4108498,3.3958538,3.1180606,3.1368732,3.069444,3.1229043,1.8357774,3.0366793,3.16407
14,2.5719702,2.505165,3.3070152,2.7099931,2.9784591,2.6306517,2.9735498,3.0429506,2.806168,2.07853,2.4877098,2.1808782,3.257948,0.9521781,0.0,0.3140566,2.7185397,2.5235853,2.5490267,3.2824378,2.4970903,2.5231888,2.5093153,2.47715,3.6407692,3.6297958,3.7391665,3.492925,3.7903757,3.7609274,2.8739958,3.3243341,3.5766978,3.4635074,3.4752605,3.4456182,3.0715594,3.4177954,4.0025334,3.204914,3.9189658,3.3793035,3.0714998,3.2342014,2.9658117,2.413303,2.7490888,2.598905,3.1146498,3.2547584,2.9638712,2.5641224,3.344577,3.3802733,3.2236614,3.7439148,3.1420686,3.337797,2.5790393,2.4581835,3.7920008,4.3437204,3.1190085,2.3634703,2.4980888,2.4955285,2.4640973,2.6765707,2.5234888,2.5026453,2.6892583,2.678046,3.4470654,3.1304972,2.6729324,3.0921507,3.261762,3.286654,2.4999332,3.1693163,3.2961357,3.1406012,3.3224752,2.9269803,2.6400082,2.7908473,2.669048,2.5835347,2.3399909,2.512771,3.0682387,3.2130737,2.806793,3.4982772,2.6458907,2.778572,3.7530243,4.0888686,3.3495677,3.1801453,3.2285092,3.3678017,4.1629443,3.5913446,3.5269852,4.150892,3.3694232,3.1931934,3.3045342,3.188963,3.616949,3.3367598,3.9960473,3.9575508,3.722728,3.668411,3.4402728,3.4948163,3.5445707,3.502512,3.524788,3.2654085,3.2786267,3.1994705,3.2633305,2.1577587,3.1784093,3.2867122
15,2.4830854,2.411009,3.156597,2.6089044,2.8402624,2.524096,2.8614883,2.9247942,2.8232884,2.1006405,2.3974009,2.0845823,3.091046,0.7633392,0.3140566,0.0,2.7015522,2.5877712,2.5802372,3.1832356,2.452782,2.4865801,2.591609,2.5441601,3.5151055,3.5118465,3.6103997,3.415327,3.7029035,3.6636112,2.80305,3.277681,3.4116712,3.3045068,3.3080454,3.287453,2.8708217,3.2311597,3.8664277,3.007713,3.7322032,3.2287762,2.9591005,3.146542,2.8840916,2.4046855,2.6455731,2.5468512,3.0140088,3.161195,2.8622906,2.4400635,3.240835,3.2904015,3.054737,3.6083486,2.9619906,3.1923962,2.4898136,2.4825,3.771839,4.3287826,3.1745079,2.4748514,2.350322,2.344035,2.3153636,2.5571976,2.3680153,2.3434155,2.5425715,2.5358288,3.2715974,2.9800687,2.5381444,2.898806,3.0929122,3.0972466,2.3722243,2.9779887,3.1367915,2.9586256,3.1387725,2.762929,2.507559,2.6357937,2.5390778,2.61186,2.295841,2.350124,2.862296,3.1237998,2.8194718,3.3505886,2.504075,2.6948988,3.6681879,4.005068,3.2489743,3.0906475,3.1369555,3.2732306,4.0757957,3.476997,3.4458687,4.0709476,3.2588687,3.0912554,3.200578,3.0888166,3.5169933,3.2385824,4.0419164,3.9095602,3.6998172,3.6469274,3.4002004,3.455278,3.5115025,3.472421,3.4332354,3.166921,3.1790228,3.1156976,3.1672196,2.0393364,3.0819173,3.2023973
16,2.3435066,2.5177364,3.1922908,2.562824,2.8835196,2.5227232,3.1184886,3.1451733,2.5913603,2.1775312,2.1971955,1.977072,3.8670826,2.6102052,2.7185397,2.7015522,0.0,1.1348499,1.7124033,2.1358352,1.1143051,1.1800749,1.9747022,1.4552896,1.7835197,1.7575582,1.8893238,1.6516396,2.129234,2.236831,1.3217155,1.6782544,3.0696397,3.0649097,3.1527543,3.0400238,3.0194426,3.5794137,3.4240465,3.0381958,3.9526088,3.9031417,3.4165084,2.8638835,2.0091202,2.197718,1.4774805,1.490428,2.9186363,3.1664672,3.0172713,2.7413888,2.7385366,3.0630105,2.9823892,3.308738,2.4454582,2.4689386,2.4024086,2.8503318,3.5769687,3.7621708,3.1702874,2.732,2.6786602,2.655027,2.5229669,3.1088738,2.8443682,2.6109905,2.86079,2.792614,3.26262,3.061687,2.6187108,2.8801785,3.155973,2.9226816,2.6413078,3.1548097,3.2675724,3.1516697,2.9951534,2.8484058,2.8089614,3.0594478,2.9320774,3.1942863,2.6770678,2.655747,3.3248086,3.3148596,2.8394399,2.9595618,2.8835452,1.7024444,4.0679083,4.2814727,3.4702015,3.455236,3.375796,3.4604435,3.596683,3.3774529,3.506908,4.188171,3.3287687,3.172845,3.223531,3.178141,3.3251748,3.3079317,4.7481275,4.678987,3.302993,3.4647408,3.1221678,3.280292,3.2647703,3.3789608,3.150791,3.163455,3.1971066,3.2517817,3.422478,1.9632218,3.0790849,3.227799
17,2.6156287,2.7466266,3.6378489,2.7785637,3.0058188,2.625639,3.1925776,3.238983,2.1600416,1.6484777,2.3177958,2.2191055,4.2415714,2.735306,2.5235853,2.5877712,1.1348499,0.0,1.3400066,2.5196877,1.4802104,1.5483043,1.6173655,1.0016147,2.6764767,2.6358361,2.73625,2.1462555,2.7549193,2.827136,1.6096709,1.9394404,3.6197276,3.6157405,3.6802166,3.5927272,3.4988291,3.9971304,3.9188578,3.520542,4.3453026,4.2008505,3.6422086,3.3109746,2.4505608,2.1015294,2.047972,2.0124648,3.0975313,3.3957498,3.1831636,2.8566482,3.0014157,3.222488,3.4284708,3.6016877,3.0862172,3.0093186,2.6622832,2.6439705,3.2962098,3.501953,2.9580088,2.267447,2.8099563,2.7997394,2.6659439,3.0343275,2.9314525,2.7823627,2.9595768,2.940925,3.7294705,3.3745265,2.7800968,3.2944174,3.5406141,3.3628376,2.6998844,3.5279336,3.6706395,3.5352235,3.5731156,3.0934067,2.859541,3.111245,2.9961026,2.652327,2.2570808,2.7612936,3.4403799,3.0386999,2.4369383,3.394278,2.9433122,1.9169756,4.233444,4.45946,3.7094858,3.6511135,3.5387797,3.6293738,4.0386276,3.8008337,3.7842426,4.3646994,3.5646732,3.3989735,3.4746048,3.4177148,3.6709661,3.609827,4.4436736,4.7495046,3.4555967,3.5897057,3.3633986,3.4263113,3.4411771,3.533822,3.4081054,3.3748133,3.4169745,3.4587665,3.6459649,2.095704,3.3059947,3.429479
18,2.3228436,2.4430563,3.3646367,2.5399523,2.92024,2.716374,3.3899622,3.4509363,2.670229,1.5636832,2.4244683,2.243789,4.339608,2.7837067,2.5490267,2.5802372,1.7124033,1.3400066,0.0,2.732596,1.337384,1.399633,1.3013158,0.931427,2.709504,2.6995695,2.7823684,2.1085052,2.9457603,3.107754,1.7036227,2.2495644,3.3553278,3.3999555,3.4352186,3.3995075,3.5219138,4.011342,4.4058228,3.5293634,4.47269,4.192279,3.5814102,3.021907,2.1360373,1.5445013,2.1883647,2.336615,2.7146678,2.8215818,2.7774434,2.7825034,2.4793313,2.9028037,3.4491682,3.1956196,3.1161885,3.1690972,2.3214307,2.297259,3.0832987,3.3731232,2.8935063,2.7176797,2.899506,2.9018035,2.7500575,3.0963821,3.0256593,2.8372364,3.0167024,2.9801383,3.5915635,3.1973615,2.7201018,3.4069114,3.5147097,3.32838,2.6769412,3.578904,3.793377,3.6596577,3.670033,3.270867,2.9821935,3.2918112,3.1096287,2.6918123,2.2556553,2.8745131,3.2617154,3.0866015,2.8751338,3.7872026,3.1524622,2.509154,4.099637,4.2558846,3.5249686,3.4600596,3.2437713,3.3305073,4.0945597,3.679994,3.4778776,4.3428326,3.3655348,3.2573974,3.315813,3.293806,3.687811,3.4281533,4.5715003,4.9447813,3.952075,3.8657367,3.2515666,3.6793127,3.323045,3.4064295,3.3597348,3.1177588,3.1680932,3.2626948,3.3574116,2.1099594,3.045724,3.2113926
19,2.4940407,2.67586,3.305169,2.8396235,2.9524353,2.6148963,3.2897077,3.2328713,3.4699996,3.1334877,2.371648,2.0979335,3.5453455,2.7974916,3.2824378,3.1832356,2.1358352,2.5196877,2.732596,0.0,1.8011624,1.8892453,2.9895468,2.6976402,2.2222278,2.228952,2.308855,2.7003036,2.066961,2.198696,1.7592313,2.1358585,2.6502793,2.6554596,2.750739,2.6379375,2.5113375,3.237873,3.2354622,2.6272314,4.066992,3.706774,3.7940202,2.7377868,2.806335,2.9371855,2.3866243,2.5575767,3.1527574,3.3460782,3.2013245,2.918069,3.0238564,3.267279,2.9156477,3.6404326,2.4639382,2.358332,2.7756338,3.6029634,4.146597,4.3510942,4.0877666,3.6009598,2.7806723,2.7173007,2.6633623,2.5856915,2.9162621,2.7901926,2.7984502,2.874693,2.983152,3.0225239,2.7499042,2.406779,2.76809,2.5317025,2.6509655,2.6270652,2.7921,2.6476982,3.0983589,3.357004,2.7992003,3.1821961,2.9366963,3.8668642,3.239926,2.6760323,3.2940776,3.7142406,3.5319433,2.6048281,2.9829683,2.157703,4.340936,4.52706,3.6973553,3.6906343,3.625894,3.697069,4.379423,4.123657,3.75701,4.4380126,3.6138778,3.5158658,3.60319,3.5376348,3.9023426,3.8604598,5.38002,4.9222383,3.783738,3.799819,3.5029411,3.5656123,3.580866,3.6245434,3.455766,3.3639648,3.4288008,3.4961863,3.6801603,2.191164,3.337811,3.4626274
20,1.8991932,2.0734444,2.766139,2.2124176,2.5850399,2.220688,2.9708934,3.0589516,2.8906288,1.9633445,1.95656,1.5576149,3.5487635,2.303084,2.4970903,2.452782,1.1143051,1.4802104,1.337384,1.8011624,0.0,0.31500053,1.4611621,1.186662,1.715551,1.6846898,1.81462,1.6313746,1.8942623,2.0346591,0.83553773,1.4123769,2.6433165,2.637402,2.6978161,2.62017,2.6183603,3.25464,3.6263235,2.6615498,3.9159935,3.5606081,3.1978776,2.4504478,1.8624897,1.8082951,1.7308387,1.8850005,2.5255187,2.6720676,2.5682662,2.370623,2.4219596,2.7064662,2.6772509,3.0897455,2.2580929,2.4133556,2.0089595,2.5814383,3.4020154,3.706824,2.933472,2.6632018,2.3308334,2.297778,2.1687295,2.57592,2.5097868,2.3098469,2.4889495,2.4585962,2.8035412,2.6014469,2.1496468,2.506082,2.726528,2.5256987,2.2297986,2.7608895,2.9518635,2.8047876,2.8388286,2.7867434,2.4706163,2.8241434,2.6115785,2.9881804,2.3703787,2.2922146,3.024578,3.3438246,3.0274425,3.027111,2.6241436,2.0468044,3.7915986,3.96104,3.1595402,3.062972,2.915716,3.03766,3.768112,3.2900572,3.1712627,4.0121226,3.0014253,2.871442,2.9692307,2.8924785,3.3585916,3.070184,4.549275,4.441753,3.38826,3.2537818,2.7514632,3.053067,2.870358,2.945987,3.0167797,2.7188873,2.7668865,2.8621254,2.9870102,1.49469,2.6564293,2.8170123
21,1.834962,1.9964795,2.688348,2.1505876,2.5934105,2.25049,2.9949794,3.0892968,2.9656885,2.037541,2.012878,1.6231128,3.5384016,2.3265524,2.5231888,2.4865801,1.1800749,1.5483043,1.399633,1.8892453,0.31500053,0.0,1.4195479,1.15467,1.8197782,1.7699417,1.9244906,1.7613068,1.9032309,2.053441,1.0439401,1.460259,2.560453,2.547801,2.605734,2.5314007,2.6438437,3.2670536,3.5981398,2.684266,3.927415,3.5192292,3.2089722,2.362118,1.7736756,1.7323089,1.789387,1.9664284,2.4392354,2.5384502,2.4897394,2.407808,2.3651388,2.6254628,2.742846,3.0493224,2.2774892,2.4116266,1.9195924,2.4962742,3.3608108,3.6724765,2.8861945,2.6668272,2.374297,2.338787,2.2199056,2.6163442,2.5624146,2.390466,2.5317955,2.5146224,2.8551178,2.648173,2.2073388,2.5748136,2.7693791,2.5489976,2.265055,2.7834527,2.9772387,2.8418338,2.8831012,2.8340247,2.520248,2.8594885,2.6589904,3.0458026,2.43834,2.3417656,3.1449025,3.473433,3.1065593,3.0973806,2.6666555,2.1593628,3.7706814,3.9375088,3.174114,3.0662527,2.8891807,3.0131066,3.7935982,3.3193102,3.1761491,3.9956803,3.0210536,2.8930526,2.9816,2.9137783,3.3783526,3.0924833,4.5675244,4.4457684,3.4182491,3.279562,2.6637716,3.0782163,2.780886,2.859725,3.0375996,2.7324247,2.7812479,2.879354,3.003262,1.5544909,2.6825557,2.8344135
22,2.6458118,2.7205431,3.408926,2.7447684,3.1584756,2.8280444,3.5838022,3.74527,3.2532234,1.8833352,2.550676,2.324785,4.2713947,2.7356846,2.5093153,2.591609,1.9747022,1.6173655,1.3013158,2.9895468,1.4611621,1.4195479,0.0,0.75445116,2.8743331,2.8274496,2.9745686,2.4174361,2.7967434,2.91343,1.8952441,2.04265,3.5516124,3.5745776,3.6223211,3.5626526,3.6039464,4.1048894,4.6263695,3.5887437,4.720305,4.2510915,3.738806,3.2757654,2.465714,1.9447811,2.6331878,2.7966514,3.0435405,3.1473973,3.1018665,2.9743714,2.9154136,3.2379317,3.4861853,3.5675817,3.2155902,3.363335,2.5882623,2.5918076,3.3637042,3.7473915,2.7209806,2.385115,2.9765983,2.9624674,2.8475637,3.1583157,3.0842526,2.955177,3.1054854,3.0900767,3.6817968,3.3006096,2.840577,3.470233,3.5874157,3.4366186,2.775462,3.595592,3.8665566,3.736769,3.765904,3.3090358,2.9887643,3.25152,3.110741,2.7461128,2.4906228,2.9645212,3.7075174,3.8849707,3.3772373,4.148208,3.1334517,3.0547414,4.2238197,4.3873005,3.694972,3.58629,3.365472,3.4412642,4.525298,3.9020822,3.7330668,4.462944,3.552153,3.4789174,3.527543,3.5147943,4.044015,3.5574806,4.3732367,4.68946,3.9124649,3.5770693,3.1228092,3.4353707,3.1963527,3.233408,3.7789001,3.3082564,3.343274,3.4074726,3.4797595,2.2367578,3.2066066,3.319816
23,2.4594145,2.5598714,3.3474383,2.5440423,2.896159,2.6365225,3.2909272,3.4064095,2.6799698,1.6067873,2.3754704,2.1795523,4.182567,2.6878867,2.47715,2.5441601,1.4552896,1.0016147,0.931427,2.6976402,1.186662,1.15467,0.75445116,0.0,2.650102,2.5998483,2.7267094,2.096818,2.5964782,2.7118192,1.6094016,1.8100129,3.4142942,3.4109251,3.4738808,3.3938992,3.4629319,3.9446435,4.2068233,3.4531455,4.4158916,4.1199627,3.5676613,3.1271865,2.207376,1.7172326,2.205909,2.3492975,2.858875,2.9879258,2.92967,2.801421,2.7707324,3.0198238,3.3299122,3.3874788,3.078977,3.1261015,2.3789384,2.413031,3.159826,3.4565122,2.6042473,2.312865,2.797932,2.7862248,2.6628919,3.021769,2.929397,2.785344,2.9320476,2.905978,3.5405862,3.1584694,2.6366029,3.301009,3.4411244,3.2730021,2.6264544,3.4774494,3.7135828,3.570965,3.5898142,3.12324,2.8502762,3.1170912,2.9844503,2.6348934,2.2849243,2.7853746,3.5157263,3.436047,2.8989627,3.7455122,2.9859276,2.4769075,4.1331096,4.2936683,3.5332723,3.4535334,3.2384336,3.3225574,4.1361685,3.6916423,3.546955,4.3153214,3.409436,3.2740693,3.332378,3.306456,3.7084942,3.423384,4.3277082,4.6504655,3.6181364,3.5141442,3.0192246,3.351621,3.1035266,3.176401,3.4315367,3.1623802,3.2033308,3.2923412,3.4030309,2.049923,3.0875921,3.2178001
24,2.4525928,2.6711252,2.7288435,2.5974357,2.922232,2.5726147,3.235462,3.300875,3.6364145,3.0529342,2.4248044,2.1052604,3.620476,3.177766,3.6407692,3.5151055,1.7835197,2.6764767,2.709504,2.2222278,1.715551,1.8197782,2.8743331,2.650102,0.0,0.2132273,0.543502,1.4350368,1.6897435,1.783568,1.4559635,1.8340309,2.432024,2.561021,2.6203477,2.5451968,2.494942,3.1176426,3.4644,2.3867464,3.7729151,3.74211,3.3680794,2.6563597,2.049891,2.8441014,1.7456201,2.1125698,2.9742448,3.2132077,3.0372095,2.7542763,2.6668384,3.082904,2.508833,3.0959973,2.0072703,2.4047558,2.6056452,3.526426,4.025353,4.1950293,3.921196,3.6578014,2.6740022,2.6430092,2.5072806,3.2056782,2.8365085,2.5168188,2.7773497,2.629698,2.6701062,2.7833014,2.6426702,2.3837867,2.572148,2.3267956,2.6718433,2.6731358,2.8353205,2.7384713,2.3686633,2.710576,2.7928693,3.0588837,2.8961325,3.833499,3.2457318,2.6617777,3.0487132,3.810908,3.7235644,2.8345344,2.980718,2.3912122,4.039391,4.165532,3.45832,3.5270119,3.489787,3.48423,3.6968284,3.3086684,3.501064,4.1151958,3.361519,3.2544668,3.2414792,3.2830296,3.4414487,3.2333374,5.27874,4.8472266,3.6985683,3.6452072,3.3362317,3.4449768,3.5151808,3.6554775,3.3793805,3.1978512,3.2191014,3.3281376,3.4474695,2.16421,3.0842903,3.25079
25,2.3880758,2.6111047,2.6858687,2.5330548,2.8964963,2.520282,3.1739593,3.2480352,3.5842144,3.0115838,2.4016635,2.0442955,3.564483,3.1704106,3.6297958,3.5118465,1.7575582,2.6358361,2.6995695,2.228952,1.6846898,1.7699417,2.8274496,2.5998483,0.2132273,0.0,0.61004,1.4506657,1.6529914,1.7439126,1.4131049,1.7884104,2.3933542,2.5135837,2.5712004,2.4939954,2.4678628,3.0773022,3.4048636,2.3460617,3.7734241,3.6866944,3.309095,2.5805016,2.0029387,2.8080313,1.7331276,2.0648327,2.9260626,3.1649618,2.982494,2.7072387,2.6629596,3.0277207,2.472552,3.1078255,2.0248215,2.4012055,2.5560896,3.458621,4.0090513,4.176199,3.845822,3.5621555,2.6211078,2.5895185,2.4563684,3.1504009,2.7885692,2.483803,2.7196732,2.5763738,2.6429577,2.7486634,2.5869274,2.3551471,2.5336246,2.3045611,2.6232698,2.6417542,2.778809,2.6923437,2.3406222,2.6875346,2.7413125,3.0253456,2.8445935,3.7793016,3.1990988,2.6134107,3.0615242,3.802323,3.6740057,2.805376,2.9513967,2.364476,3.9736936,4.110592,3.4159906,3.4741585,3.4431415,3.4362614,3.662035,3.2847364,3.4585977,4.055227,3.3348691,3.210465,3.1971738,3.2395802,3.4013414,3.1894286,5.2042418,4.780075,3.6210227,3.5782204,3.2613976,3.3752513,3.4430888,3.5879316,3.3446834,3.1642623,3.1864219,3.2798057,3.4198616,2.1201558,3.0509171,3.2159219
26,2.571456,2.7939198,2.7428381,2.6898198,2.906871,2.5413945,3.1975868,3.2789638,3.6325376,3.0717983,2.468945,2.2693117,3.695209,3.2805297,3.7391665,3.6103997,1.8893238,2.73625,2.7823684,2.308855,1.81462,1.9244906,2.9745686,2.7267094,0.543502,0.61004,0.0,1.1781121,1.6659058,1.6777194,1.5142595,1.7064325,2.563516,2.6344407,2.692353,2.6157486,2.5163195,3.1558762,3.4967103,2.4881923,3.6072874,3.73959,3.3363214,2.7568443,2.1938887,2.863284,1.8871013,2.3235738,2.9998767,3.2853594,3.0497172,2.7485926,2.7741222,3.1205418,2.6218157,3.0913086,2.1003513,2.4457743,2.6984496,3.6046393,3.8678665,4.067987,3.9465163,3.7813013,2.6471095,2.6181276,2.480742,3.1835134,2.8569827,2.5318556,2.7922258,2.6495137,2.7181249,2.8344963,2.6153083,2.3664608,2.6032276,2.3758843,2.7106876,2.7194793,2.7808628,2.715139,2.3104289,2.7965515,2.8145394,3.156961,2.9354753,3.8560069,3.2172449,2.6565802,3.0877833,3.7837346,3.7139502,2.8245893,3.0338488,2.386339,4.1337867,4.135295,3.4868329,3.5018387,3.5206923,3.5624046,3.6643069,3.3073797,3.5345523,4.0928125,3.350987,3.2500918,3.3006732,3.2838635,3.4885523,3.2815125,5.255355,4.809437,3.6741834,3.6265762,3.383881,3.4531343,3.5397222,3.7015607,3.3935757,3.2209542,3.2400808,3.434318,3.4480655,2.2091117,3.13619,3.2989352
27,2.6369052,2.82553,2.9744189,2.6081998,2.7822523,2.4692426,3.1399264,3.2534535,3.0990336,2.4113705,2.4854865,2.39123,4.0955763,3.3180215,3.492925,3.415327,1.6516396,2.1462555,2.1085052,2.7003036,1.6313746,1.7613068,2.4174361,2.096818,1.4350368,1.4506657,1.1781121,0.0,2.0113976,2.0021477,1.3634905,1.4291413,3.0328324,3.0768278,3.1309874,3.062713,3.032138,3.556456,3.9214132,3.0086863,3.7158935,3.990369,3.3347485,3.0677447,2.0737643,2.3220472,1.862019,2.3688862,2.885478,3.2168841,2.942888,2.6869621,2.6839483,3.0380867,2.9123018,2.9552913,2.5927882,2.8304856,2.597685,3.1703992,3.2475615,3.4789357,3.3785992,3.4375741,2.6547277,2.6528451,2.4800644,3.1988196,2.8703103,2.541227,2.8120463,2.6570332,3.0162504,2.8850152,2.5037131,2.799115,2.9928868,2.8095694,2.677938,3.1476922,3.2495282,3.1701202,2.7871575,2.8103862,2.8255403,3.1616344,2.961937,3.2857537,2.7022383,2.6938598,3.09388,3.3597507,3.250856,3.2363791,3.0356696,2.2941442,4.138706,4.0501714,3.3869524,3.3815393,3.3446438,3.4026198,3.553519,3.2015727,3.4135113,3.9656541,3.21359,3.1002538,3.1760921,3.1529374,3.3871627,3.1570373,4.7666755,4.7094283,3.5512276,3.5091295,3.256501,3.367196,3.3711395,3.560366,3.2696986,3.0954647,3.1101065,3.384566,3.3052876,2.1586354,3.005999,3.1696596
28,2.955598,3.07331,3.000667,2.670572,2.7127671,2.5075665,3.2483928,3.3336298,3.755157,3.2260942,2.581661,2.4153607,3.5222223,3.3623233,3.7903757,3.7029035,2.129234,2.7549193,2.9457603,2.066961,1.8942623,1.9032309,2.7967434,2.5964782,1.6897435,1.6529914,1.6659058,2.0113976,0.0,0.5025133,1.8213208,1.3987621,2.7814755,2.5768626,2.813383,2.5286324,2.707726,3.1782367,3.3833222,2.7311912,3.7288938,3.9041636,3.6009567,3.0535922,2.5601864,2.896773,2.3994117,2.907792,3.155147,3.296617,3.2496657,3.0395164,3.2154827,3.325375,2.6309288,3.368442,2.5920732,2.699422,2.6265397,3.7357368,3.911493,4.112146,3.6968837,3.755187,2.8031194,2.7546647,2.7318466,3.0618305,3.0315213,2.856297,2.8714406,2.8489428,2.727623,2.7854092,2.6141176,2.348395,2.798789,2.5695705,2.8154984,2.744608,2.997159,2.888396,2.8478584,3.0751748,2.87837,3.1743357,3.015391,3.9351773,3.5045087,2.911548,3.6703289,4.303532,3.9566646,3.169152,3.0957458,2.6878664,4.7191815,4.6925697,3.6292615,3.6842651,3.583398,3.6007366,4.226766,3.8453376,3.642975,4.3507414,3.610278,3.537418,3.5967166,3.591065,3.8760328,3.6642878,5.1232343,4.6444383,3.6820955,3.6462464,3.309884,3.4523027,3.4283066,3.5527005,3.7480927,3.5428996,3.558321,3.7762651,3.7672715,2.551444,3.448186,3.5951047
29,3.058037,3.1681318,3.0151575,2.7126198,2.6595683,2.4566863,3.1290267,3.238269,3.7112494,3.2377126,2.633145,2.4775875,3.4292724,3.3136759,3.7609274,3.6636112,2.236831,2.827136,3.107754,2.198696,2.0346591,2.053441,2.91343,2.7118192,1.783568,1.7439126,1.6777194,2.0021477,0.5025133,0.0,1.8918318,1.3135641,2.854093,2.6667295,2.8779044,2.6148965,2.6356525,3.0979187,3.3137522,2.6448972,3.521523,3.7943456,3.547248,3.2027638,2.678217,2.9840052,2.4434354,2.9838283,3.2575564,3.4434693,3.3098378,2.9957585,3.3607578,3.4225078,2.5256696,3.4323313,2.6321547,2.7826,2.7468183,3.8147955,3.908022,4.157793,3.667456,3.7497842,2.687258,2.637041,2.6195657,2.9694324,2.9081457,2.7382047,2.7497885,2.7047734,2.6016695,2.6968305,2.5057805,2.233052,2.6633031,2.4991453,2.7579713,2.6465194,2.902883,2.7790382,2.7306104,2.931859,2.7640216,3.0347428,2.9035184,3.8734543,3.4315453,2.792647,3.6007686,4.2485313,3.8875666,3.0635192,2.9727502,2.62657,4.648051,4.5826173,3.5502088,3.6040213,3.5357816,3.55161,4.1440587,3.7535565,3.6135323,4.21184,3.559383,3.4534295,3.522082,3.5102382,3.788115,3.5838861,4.9675007,4.420563,3.4981997,3.4651322,3.2639592,3.282493,3.3867602,3.5094838,3.6897383,3.4862967,3.4937193,3.7459729,3.6750517,2.5178099,3.3946853,3.5294704
30,2.0729778,2.2788131,2.854701,2.3060443,2.535967,2.0361636,2.812794,2.9057908,2.7968433,2.001247,1.8772058,1.540486,3.5473762,2.6396134,2.8739958,2.80305,1.3217155,1.6096709,1.7036227,1.7592313,0.83553773,1.0439401,1.8952441,1.6094016,1.4559635,1.4131049,1.5142595,1.3634905,1.8213208,1.8918318,0.0,1.2293746,2.6919184,2.7392313,2.7798421,2.7171063,2.5213933,3.1681376,3.5702007,2.5142274,3.8490953,3.5924487,3.1872458,2.6295333,2.0404265,2.1414287,1.7270254,1.9300578,2.6556206,2.9765165,2.699468,2.2865913,2.5397007,2.8038664,2.5678012,3.1408603,2.248829,2.4173775,2.268931,2.831072,3.4151995,3.6810997,3.2091095,2.7281015,2.1705973,2.1416326,1.9828966,2.4188452,2.3326557,2.117933,2.2870336,2.2448063,2.7437391,2.5864205,2.0895767,2.2776923,2.5635514,2.3710983,2.1058407,2.6065142,2.7907398,2.6352637,2.6749806,2.5824761,2.2625015,2.6282368,2.4223711,2.8878493,2.234472,2.0971959,2.7305505,3.0863078,2.8962936,2.8060472,2.4645467,1.8597778,3.827309,4.002187,3.2579536,3.1983979,3.111571,3.1877556,3.8213625,3.381396,3.3433366,3.9562201,3.0923288,2.9520805,3.0409503,2.9881675,3.411957,3.1434426,4.5819087,4.4736323,3.361848,3.2646704,3.035721,3.058051,3.140041,3.249811,3.112229,2.8462467,2.8905642,2.9842105,3.1327412,1.4416234,2.7671218,2.9296696
