,0,1,2,3,4,5,6,7,8,9,10,11,12,13,14,15,16,17,18,19,20,21,22,23,24,25,26,27,28,29,30,31,32,33,34,35,36,37,38,39,40,41,42,43,44,45,46,47,48,49,50,51,52,53,54,55,56,57,58,59,60,61,62,63,64,65,66,67,68,69,70,71,72,73,74,75,76,77,78,79,80,81,82,83,84,85,86,87,88,89,90,91,92,93,94,95,96,97,98,99,100,101,102,103,104,105,106,107,108,109,110,111,112,113,114,115,116,117,118,119,120,121,122,123,124,125,126,127
0,0.0,1.1958058,1.2897662,0.5261325,1.0793015,1.8705623,0.9509687,0.4109864,1.5958738,1.5065893,0.5225861,0.7795168,0.8639739,1.2090987,1.1855179,1.2509108,1.656116,1.3923441,0.8960361,1.5961561,0.82505137,0.87646514,0.7088165,1.542063,1.2221152,1.224477,1.1746277,1.6396613,1.9225651,1.1961828,1.4215978,0.9803006,1.3280917,1.9725176,2.092208,3.060748,1.202818,1.3459635,1.475883,1.1751863,1.3295237,0.7825966,2.1904213,0.6652906,0.8744879,0.9155945,0.90923584,0.86424476,2.0758305,1.5651964,2.1596515,2.1676867,1.5011697,1.5052997,1.0340642,0.90592813,1.1988575,1.1808392,0.8635642,1.3923392,0.89449525,0.83631045,1.4269731,1.4692526,2.2526934,2.0949724,1.9100852,2.3304708,2.1315408,2.3037658,1.9454166,1.4680045,2.4502003,2.5261343,1.2927192,1.482798,1.177134,1.7724274,1.0648009,0.96668833,2.3487446,2.3238935,1.3273462,1.4329325,2.0485587,1.4795113,1.2140319,1.9814382,1.6923159,1.4473753,1.5227154,1.5140225,2.3367434,2.2351172,1.4802058,1.5423489,1.2184851,0.7919578,1.1702192,1.7902346,1.7838442,1.8367759,1.4980682,1.676211,2.1293013,1.1125853,1.0947155,1.2831855,2.0232968,1.8657984,1.6365185,1.8882265,1.4061548,1.5916957,1.0223444,1.194587,1.8830962,1.8910983,1.934261,2.0672119,1.3590642,1.5593098,1.6443055,1.3909408,1.7062265,1.3627887,1.5895002,1.523749
1,1.1958058,0.0,1.71706,1.3500614,1.5482935,2.680419,1.3320749,1.3372465,1.4996705,1.5301572,1.4145495,1.443576,1.3668773,0.48224267,0.4271645,0.47299728,1.3560697,1.52068,0.56721735,1.3192463,1.2991235,1.527037,0.9522429,1.4027598,1.7794772,1.7693809,2.0496185,2.4785724,2.8658082,1.7592498,1.9045763,1.6564913,1.7754327,2.313871,1.8274822,3.854282,1.6664895,1.7950013,1.918442,1.6977409,1.5381184,1.363213,2.9414475,1.191264,1.3305401,0.7165722,1.2958101,1.2937385,3.0680683,2.5655277,3.189515,3.1865025,1.9862525,1.975828,1.9793671,1.8684525,0.9933397,0.99625677,1.601283,1.1632955,1.6263322,1.6009734,1.5333455,1.5094702,2.972712,1.862546,2.264726,2.8621285,2.9027925,3.0263126,2.6569514,1.8498043,1.78305,1.8306841,1.7469687,2.0034175,0.9787498,1.5836576,1.7533054,1.7482641,3.099939,3.114627,1.3321908,1.3917588,2.9355223,1.2190222,1.7187058,2.8383126,1.5609584,1.394786,1.2753682,1.3545909,1.9103204,1.6037395,1.9157264,1.7407047,1.6063452,1.4285362,1.6438965,2.7123299,2.1259477,2.2082486,2.190978,2.037679,2.44038,1.6218642,1.5894192,1.8103671,2.199077,2.1228414,1.5038748,2.1223447,1.0362401,1.2707987,1.5250812,1.6306581,2.8274992,2.8388658,2.8630393,2.899268,1.2734448,1.2395289,1.436438,1.1003215,1.4488157,1.1264138,1.5321727,1.3265355
2,1.2897662,1.71706,0.0,1.1251476,1.6828308,2.0984547,1.6133856,1.0895106,2.132529,2.0099113,1.1418914,1.0985552,1.3359252,1.7478305,1.6183672,1.7175658,2.020512,1.8997535,1.4312539,2.0026805,1.1510272,1.3936312,1.0963537,1.1576079,1.7297096,1.6996657,1.7623923,2.0468717,2.1524806,1.6387305,0.8858818,1.4650508,1.4848567,2.19657,2.3414426,3.1509957,1.4513073,1.5716851,1.7590575,1.5294623,1.59647,1.3163794,1.4648414,1.2080901,1.2986368,1.505748,1.2771387,1.3353332,2.2640705,1.8556983,2.3622797,2.3770561,1.8902483,1.8900405,1.6296893,1.5519836,1.639459,1.5992308,1.3903402,1.8847239,1.4062068,1.3801701,1.0026106,1.0599369,2.6063645,2.4175444,2.3485563,2.6106896,2.2743561,2.4067185,2.2272112,1.733141,2.8761253,2.9057355,1.719973,2.024593,1.6345127,2.1213427,1.5655295,1.472815,2.517712,2.5058713,1.7349129,1.8509957,2.216999,1.9273717,1.6240429,2.1438234,2.0632455,1.8518828,1.9816356,1.9356867,2.5894492,2.363787,1.7729313,1.8544425,1.4873687,1.2929965,1.3979311,1.9775617,1.9178768,2.06984,1.8053156,1.8538593,2.4171455,1.4136386,1.4319682,1.7321808,2.1943386,2.023773,1.8654242,2.1003249,1.7186357,1.9294264,1.3295417,1.4497877,2.0195024,2.044087,2.0709758,2.1003683,1.763617,1.9250009,1.99639,1.7835044,2.0216942,1.8693652,2.017186,1.8720074
3,0.5261325,1.3500614,1.1251476,0.0,1.3880758,1.7860509,1.2940522,0.4739567,1.8771209,1.7717202,0.4052048,0.5857832,0.8925735,1.354679,1.3060634,1.3768418,1.9007529,1.6391283,1.0179231,1.8839886,0.79876715,0.88900673,0.58941185,1.4668846,1.1520611,1.1563494,1.1672075,1.5329037,1.8197744,1.1531563,1.3157734,0.9655084,1.1913509,1.8345313,2.0944395,2.948845,1.0839903,1.2333974,1.3786478,1.0967758,1.256515,0.7964478,1.9793007,0.58558583,0.85348254,0.99470913,0.90424544,0.89681226,1.9691094,1.4532753,2.013266,2.0190632,1.3421555,1.349583,0.9017452,0.77096283,1.2520075,1.2251003,0.8151889,1.4699652,0.7505108,0.72315633,1.3332423,1.3920876,2.1742857,2.1059253,1.9493825,2.302865,1.9862629,2.1448321,1.7793198,1.2917184,2.5200298,2.5925725,1.305388,1.7518178,1.2280073,1.7733829,1.0072893,0.89698553,2.1945133,2.168703,1.2954656,1.4143542,1.9476248,1.553288,1.2094142,1.8799013,1.7318083,1.5018927,1.5864291,1.6201001,2.3773034,2.186638,1.4060508,1.586413,1.0432907,0.76598763,1.0938984,1.6482215,1.7170478,1.8075247,1.4243361,1.631177,2.1038501,1.0628107,1.048949,1.5287756,1.8893541,1.7402244,1.5836017,1.7338762,1.4561841,1.6464926,0.96444035,1.118229,1.7883,1.7886467,1.8242555,1.9333013,1.3733083,1.59713,1.6477245,1.3974708,1.7024994,1.4472716,1.667515,1.5792727
4,1.0793015,1.5482935,1.6828308,1.3880758,0.0,1.766512,0.34945303,1.2197163,1.6425343,1.5141858,1.2288796,1.3317331,1.0133401,1.5934944,1.5299767,1.6131752,1.4030745,1.3892989,1.2518382,1.3109964,1.095607,1.324501,1.5026193,1.9812739,1.6881719,1.683035,1.8443443,2.2952788,1.9983546,1.6055663,1.6941811,1.3940139,1.6561749,2.6602206,2.4333396,2.9634252,1.5923374,1.6691519,1.7485628,1.5232815,1.5146992,1.2351052,2.295026,1.1106825,1.0398409,1.5122464,1.0351667,0.97987914,2.1176403,1.7411697,2.4900382,2.475693,1.9571111,1.943682,1.963746,1.8419918,1.7313437,1.7251078,1.3515855,1.9799256,1.5378811,1.4931492,1.9498909,1.9826568,2.9125483,2.468198,2.6116939,2.9146934,2.235638,2.3862126,2.633049,1.8389614,3.0139885,3.0459783,1.7563367,1.3852152,1.7767645,2.2354937,1.6242934,1.5248283,2.378153,2.3944998,1.8878847,1.9587313,2.1378818,2.0180595,1.6151291,2.048648,2.0841117,1.874435,2.02104,1.8713347,2.290547,2.3304462,1.7501314,1.3932716,1.81007,1.3631262,1.6486269,2.025848,2.1600945,2.2725897,1.8872577,2.066715,2.4440553,1.4928204,1.5632308,1.179766,2.3870556,2.2229142,2.0695393,2.1893768,1.8687118,1.9981166,1.4851915,1.5775359,1.8700068,1.8850309,1.9178941,2.044386,1.8300976,2.0182219,2.1386476,1.966668,2.2055857,1.9047309,2.1237605,2.0309343
5,1.8705623,2.680419,2.0984547,1.7860509,1.766512,0.0,1.9164019,1.8057516,3.1170514,2.9413633,1.6132385,1.6632702,1.4178222,2.6917293,2.6164496,2.7172806,2.9058785,2.767471,2.252595,2.8946497,1.6492008,1.8288518,2.2341447,2.8388186,2.037454,2.0334816,2.123296,2.469947,1.046763,2.0149763,2.0538578,1.799041,1.9566872,3.1991792,3.3093352,2.0514064,1.942353,2.0026674,2.0670893,1.8736241,1.8386362,1.6246784,1.5863438,1.5707017,1.4614263,2.4949472,1.5233958,1.4970616,0.6976728,0.6765723,1.7619022,1.7384564,2.1640131,2.1578364,2.2255702,2.1302881,2.774444,2.7563274,1.8249115,3.0457218,1.9252459,1.9395272,2.7368076,2.806729,3.1151483,3.3184927,3.3509104,3.137346,1.6374475,1.8029716,2.797496,2.161507,4.0832243,4.1624618,2.0699337,2.3329115,2.7508836,3.0540838,1.8576734,1.747787,1.6765084,1.6454788,2.6854253,2.7836516,1.1424044,2.9523425,2.0155208,1.177962,2.9953828,2.7950895,2.9853563,2.8277547,3.2478368,3.2171834,2.1726067,2.0589626,2.033925,1.8233037,2.036519,1.3652083,2.445198,2.5343707,1.7716526,2.4079144,2.6829672,1.917278,1.9790076,2.2485788,2.7283878,2.5810568,2.8809154,2.4643753,2.8694103,2.9598212,1.8894863,1.994927,0.7922482,0.7853823,0.80889034,1.1565031,2.6051393,2.9191613,2.925983,2.8318675,3.085776,2.7865078,2.9199326,2.9300444
6,0.9509687,1.3320749,1.6133856,1.2940522,0.34945303,1.9164019,0.0,1.1226223,1.5240037,1.4174849,1.1756918,1.320287,1.0018853,1.3897778,1.342629,1.412659,1.2964491,1.3464345,1.0861877,1.2104015,1.0915743,1.2933447,1.3164377,1.8634732,1.6741779,1.6742234,1.8296779,2.2846851,2.13533,1.594086,1.688643,1.3726414,1.6336534,2.567623,2.354199,3.147954,1.5705733,1.6505442,1.7698784,1.5234016,1.4935904,1.0775418,2.3941216,1.0316052,1.0431414,1.3682023,1.0370327,0.97562754,2.2707188,1.8621304,2.5791013,2.5700822,1.9685061,1.9563493,1.8929095,1.7706072,1.5579753,1.5487018,1.3279502,1.8054577,1.481821,1.4289982,1.8340882,1.8569075,2.9014912,2.3777225,2.5044398,2.8524964,2.3246992,2.490481,2.5219717,1.7732679,2.8166816,2.8579714,1.6726993,1.3351444,1.5987191,2.1254532,1.5340511,1.4480237,2.5447106,2.5527391,1.774621,1.850358,2.2684784,1.8590761,1.5943471,2.1793003,1.9918844,1.7497581,1.8682173,1.7584381,2.2648003,2.2078476,1.7642083,1.4399906,1.737596,1.2958552,1.5607346,2.113921,2.0073602,2.1142704,1.8739239,1.9474101,2.4642918,1.4489566,1.4958463,1.1512787,2.3382826,2.1445181,1.9213525,2.12571,1.6648468,1.8835956,1.4065378,1.5143179,2.0158577,2.0422657,2.0923574,2.172108,1.6815139,1.8424044,2.0347939,1.7821481,2.055723,1.7558279,1.9698131,1.868584
7,0.4109864,1.3372465,1.0895106,0.4739567,1.2197163,1.8057516,1.1226223,0.0,1.7106146,1.6062456,0.39354888,0.75730693,0.9331184,1.3972377,1.3437989,1.4183192,1.7792271,1.4974039,1.0108732,1.7100809,0.83688396,0.7942275,0.6960299,1.4254957,1.2612957,1.2508681,1.2318281,1.5919931,1.8844714,1.2148526,1.3513457,1.0771538,1.2954426,2.0147245,2.091495,2.9444485,1.1945596,1.3264147,1.5304195,1.1925086,1.2793201,0.77010274,1.962008,0.6593855,0.84441775,1.0182937,0.9004814,0.86130685,1.9757694,1.4676459,2.0592258,2.0743165,1.4764562,1.4815532,0.98214453,0.86358994,1.3224144,1.2999091,0.91788656,1.5379438,0.9604268,0.9061554,1.3757533,1.427892,2.1737077,2.1489985,2.0012846,2.2338645,2.055455,2.2017233,1.8414109,1.345865,2.5581074,2.629575,1.3673239,1.7230742,1.2152271,1.7635587,1.0984263,0.97797483,2.2690573,2.242311,1.408594,1.5481602,1.9562358,1.5818007,1.1572987,1.8859799,1.7675978,1.5622027,1.6071731,1.5695636,2.4066896,2.3263044,1.4514557,1.5247499,1.1939512,0.7724474,1.1509475,1.6951989,1.6997317,1.7632408,1.4358737,1.5598941,2.0126007,1.0241129,1.0032964,1.3187971,1.8727819,1.7503138,1.5851142,1.7807112,1.5354965,1.6605548,1.0233185,1.267835,1.7768296,1.7821196,1.8165109,1.9875343,1.4501973,1.6643665,1.6358654,1.394464,1.6755311,1.4794842,1.6492556,1.6002674
8,1.5958738,1.4996705,2.132529,1.8771209,1.6425343,3.1170514,1.5240037,1.7106146,0.0,0.31622523,1.7927297,1.9305207,1.945095,1.4132403,1.439094,1.4252539,0.8566683,0.72218347,1.5468427,0.68259037,1.9263797,1.5639981,1.6245521,1.5174375,1.8665224,1.8584276,2.089016,2.2227485,3.1148884,1.7967384,2.242834,2.018616,2.196904,2.3685787,1.5397425,3.6973388,2.1301396,2.1819391,2.2030072,2.0771592,2.22124,1.9924878,3.2547598,1.9075699,1.905788,1.3246921,1.9004271,1.8637589,3.3265848,2.8791003,3.272422,3.2775257,2.3873374,2.3832028,2.1093996,2.0418174,1.351573,1.3840159,1.8064246,1.3623977,1.9633039,1.8949566,1.7783988,1.7656348,2.524372,1.7642107,2.150727,2.911698,3.222811,3.168991,2.7429514,2.070127,2.2524247,1.9908899,2.01085,1.9116268,1.1550186,1.7189728,2.1961882,2.1447215,3.3107338,3.3766859,1.8131267,1.8332362,3.2370367,1.7248486,1.9215481,3.0859377,1.5911539,1.7463785,1.7084329,1.4503095,2.3416362,2.211997,1.9717042,1.906058,2.0226095,1.672925,1.8524089,2.7769797,2.3134367,2.4131515,2.400562,2.1779287,2.4954374,1.6486372,1.665345,1.2235024,2.4815743,2.3622186,1.9626706,2.4350128,1.5281469,1.6531655,1.9021263,1.9930725,2.9596102,2.9650595,3.0042648,3.0539382,1.5279623,1.487489,1.6692352,1.4772917,1.706235,1.3931718,1.7183783,1.5051469
9,1.5065893,1.5301572,2.0099113,1.7717202,1.5141858,2.9413633,1.4174849,1.6062456,0.31622523,0.0,1.6686255,1.8168449,1.8104556,1.444892,1.4462352,1.4544541,0.7514903,0.64249295,1.5330533,0.67052513,1.8359555,1.4221466,1.5658249,1.474094,1.7511544,1.7440416,1.9964695,2.1161697,2.9538925,1.6817572,2.121727,1.9267193,2.1280262,2.3425012,1.5873997,3.515828,2.0717652,2.1270907,2.1440005,2.0119717,2.0536516,1.8750395,3.0713565,1.793079,1.7796994,1.3324894,1.7795163,1.7451849,3.146104,2.7124226,3.0594208,3.0627267,2.323615,2.3196077,2.0334764,1.9625431,1.3870028,1.415726,1.6980143,1.4359983,1.8696239,1.7985607,1.7315505,1.7281885,2.3779025,1.6840976,2.0976768,2.7863593,3.0177217,2.9469864,2.6497738,1.9203843,2.3291733,2.072272,1.8629315,1.783619,1.1493183,1.6115377,2.0183768,1.9683727,3.1086798,3.1815474,1.7183309,1.7622057,3.0135856,1.6460879,1.7076818,2.855269,1.4783628,1.6479189,1.6401864,1.306905,2.290197,2.1785638,1.765174,1.6796985,1.8508666,1.5229453,1.6564806,2.5498013,2.180163,2.264564,2.1678889,2.0637193,2.2858222,1.4778756,1.5066421,1.0112622,2.3185937,2.1963916,1.9157908,2.3128626,1.4650136,1.5782796,1.7181736,1.8176239,2.7638938,2.7711957,2.808333,2.8224442,1.407895,1.4138682,1.5769452,1.4500782,1.6785508,1.3742167,1.5884167,1.415807
10,0.5225861,1.4145495,1.1418914,0.4052048,1.2288796,1.6132385,1.1756918,0.39354888,1.7927297,1.6686255,0.0,0.52993834,0.7207717,1.3924292,1.3466356,1.4170492,1.800569,1.5173832,1.0125837,1.7668859,0.7447693,0.5907262,0.7526177,1.4578335,0.9994335,0.9943051,1.1170918,1.4679384,1.6627353,0.96552086,1.2610036,0.88455045,1.1427895,1.9801881,2.0040119,2.6823459,1.0553608,1.1757146,1.2972853,1.0132574,1.1758605,0.73671037,1.872739,0.5131933,0.6291419,1.0224429,0.710685,0.66711426,1.8028321,1.2905713,1.9288164,1.9383427,1.3997203,1.4019264,1.0146188,0.8892797,1.3203353,1.3038422,0.7010238,1.5584823,0.79034394,0.7543617,1.4037145,1.4649249,2.1177833,2.0537267,2.0459325,2.3550184,1.9762533,2.065571,1.9511907,1.3194511,2.660538,2.691509,1.192215,1.6736064,1.2423272,1.7592311,1.0239989,0.8908493,2.0794706,2.0821927,1.4083021,1.5069274,1.7965155,1.6420318,1.0674514,1.7023231,1.707997,1.5543886,1.665558,1.5650301,2.4058588,2.270155,1.275218,1.42596,0.9839544,0.5918848,0.9804127,1.4584398,1.607327,1.7304791,1.3024575,1.4787364,1.9773325,0.82169205,0.837109,1.330847,1.9193276,1.781961,1.7220912,1.7747282,1.5321969,1.6664218,0.86396104,1.0603659,1.5618668,1.5590234,1.5946772,1.7483,1.3310401,1.5903064,1.6013218,1.4260999,1.7780374,1.4103426,1.6790446,1.5836064
11,0.7795168,1.443576,1.0985552,0.5857832,1.3317331,1.6632702,1.320287,0.75730693,1.9305207,1.8168449,0.52993834,0.0,0.76323473,1.3673335,1.3099635,1.3691946,1.8821467,1.5688025,1.038263,1.8478897,0.54208434,0.8304806,0.8584619,1.4361167,0.9061737,0.88676476,1.0832016,1.5333297,1.593214,0.861614,0.9935237,0.6822025,1.1387132,1.9916915,2.0111256,2.727664,0.9961608,1.1738747,1.0699341,0.9534724,1.2278966,1.029231,1.8268182,0.6550945,0.71637785,1.0800273,0.7098773,0.75470823,1.8863586,1.392205,2.0603523,2.0725405,1.2959718,1.295638,1.2245487,1.1043633,1.2816143,1.2598315,0.66322887,1.5266303,0.6926069,0.70938236,1.2517331,1.3112355,2.2741017,2.0024781,2.057211,2.6532733,2.0191758,2.121882,2.0525832,1.3871245,2.67768,2.70355,1.2267382,1.6309177,1.4015481,1.8343066,1.1535536,1.0536697,2.0265357,2.0375524,1.4227648,1.4226263,1.8700142,1.7174544,1.260318,1.7821434,1.6833799,1.5174794,1.7388488,1.6852062,2.2955523,2.1576118,1.2723895,1.5237546,1.0901623,0.852827,1.1284082,1.6017195,1.7179008,1.8688438,1.4971033,1.593393,2.1117404,1.0338265,1.0730237,1.5563167,1.9827849,1.8705157,1.7516396,1.8047732,1.5848672,1.70436,0.9998641,0.9861903,1.6715766,1.654701,1.6656297,1.8274567,1.4251571,1.664692,1.6714828,1.5151283,1.8557308,1.502709,1.8637326,1.7280824
12,0.8639739,1.3668773,1.3359252,0.8925735,1.0133401,1.4178222,1.0018853,0.9331184,1.945095,1.8104556,0.7207717,0.76323473,0.0,1.3101726,1.2243836,1.3404168,1.7193992,1.6974556,0.98563904,1.7145904,0.70525014,0.877598,1.1027076,1.6720452,1.2279308,1.2059548,1.560244,1.9871788,1.7069879,1.1882122,1.3778484,1.0596799,1.2862457,2.4108624,2.1446507,2.6652596,1.2131631,1.3434616,1.3883269,1.1468371,1.1721147,0.719514,1.940571,0.5133992,0.39890614,1.2230144,0.43515444,0.40532348,1.8265458,1.378395,2.2431133,2.2264054,1.6896377,1.6799706,1.6512161,1.520541,1.5340244,1.5257895,0.9827405,1.7993244,1.1403209,1.1367141,1.6745598,1.7177339,2.6646738,2.2232008,2.5198088,2.7704165,1.9586905,2.0202231,2.469134,1.475689,2.8856678,2.8697667,1.2508715,1.6546413,1.4757745,2.020213,1.2680105,1.1824484,2.1888354,2.218448,1.6767651,1.7570752,1.8575307,1.8318783,1.3049862,1.7615623,1.9037997,1.7641143,1.906696,1.7228733,2.3917215,2.1503356,1.5072811,1.3681809,1.1091251,0.75586545,1.1300484,1.6267983,1.8644295,1.9935068,1.419003,1.8057755,2.2232454,0.97086084,1.0075285,1.3850574,2.123068,1.9218724,1.8852688,1.8483248,1.6088556,1.81902,0.98862815,1.1144993,1.5456707,1.5610741,1.6071419,1.6872774,1.3979949,1.6556551,1.8452828,1.5961257,1.9475735,1.4759065,1.8169967,1.6995528
13,1.2090987,0.48224267,1.7478305,1.354679,1.5934944,2.6917293,1.3897778,1.3972377,1.4132403,1.444892,1.3924292,1.3673335,1.3101726,0.0,0.2408615,0.14640203,1.3189805,1.40111,0.6777162,1.2840935,1.331133,1.4120429,0.996241,1.3398203,1.5366374,1.5220915,1.9039302,2.2894459,2.7722318,1.5159527,1.79595,1.4945688,1.752673,2.248455,1.6317928,3.726783,1.6459205,1.7690653,1.744356,1.6319364,1.6674246,1.4112334,2.9578304,1.2420001,1.3385668,0.68689144,1.3041325,1.3008779,3.055976,2.5576754,3.1778398,3.1761715,2.0359077,2.0277138,1.9458319,1.8388305,0.80962545,0.82599276,1.4434702,0.943679,1.4885403,1.4690893,1.4193149,1.3926057,2.8626726,1.671253,2.1851058,3.0420382,2.9234242,2.983216,2.7057092,1.8483279,1.8678663,1.7901939,1.6377869,1.889856,0.89035,1.6189574,1.770739,1.7605671,3.1315002,3.167647,1.3893589,1.343329,2.96303,1.3199385,1.7457073,2.8497963,1.4395584,1.3688527,1.3848265,1.3854927,2.0892766,1.6916131,1.8338828,1.8137845,1.5074564,1.3236881,1.5449399,2.6510594,2.0714402,2.174503,2.15105,1.9901353,2.4971647,1.4985329,1.4696678,1.7200361,2.2827332,2.145963,1.5889723,2.1120267,0.9804992,1.3088467,1.4758987,1.4797724,2.770966,2.7812967,2.8185446,2.843999,1.1082555,1.0703065,1.4302363,1.0164661,1.4545617,0.87150276,1.4875137,1.220646
14,1.1855179,0.4271645,1.6183672,1.3060634,1.5299767,2.6164496,1.342629,1.3437989,1.439094,1.4462352,1.3466356,1.3099635,1.2243836,0.2408615,0.0,0.23113567,1.2762283,1.4205555,0.615106,1.2603002,1.2322803,1.3846357,0.95525926,1.240826,1.5700775,1.5499221,1.9294189,2.322434,2.74716,1.5467829,1.7247297,1.5167613,1.7015449,2.2539523,1.64569,3.6798234,1.5946786,1.729333,1.7428324,1.5971478,1.5770764,1.3481324,2.830887,1.1629074,1.2497824,0.6702499,1.2054011,1.2186351,2.9947355,2.5003257,3.1346033,3.1284194,1.9802543,1.9706376,1.9510233,1.8399886,0.8751542,0.8866689,1.442362,1.0455405,1.4958149,1.4778637,1.3587197,1.3357424,2.882253,1.7256849,2.2437787,2.9780424,2.8238127,2.884413,2.7051408,1.780383,1.9298744,1.8518798,1.613976,1.9049777,0.88744766,1.6091185,1.7392838,1.7249072,3.0553668,3.091488,1.3664079,1.3691214,2.891671,1.2956141,1.6855414,2.7791123,1.4585396,1.3818971,1.384104,1.3479462,2.0045059,1.6027412,1.8070122,1.7241119,1.4454151,1.2623044,1.4911145,2.5999553,2.1039636,2.2083468,2.0929606,2.0264988,2.4495547,1.4464128,1.4205365,1.6780461,2.2094748,2.0704079,1.5311147,2.0591424,0.96470577,1.2811248,1.4167122,1.4552478,2.7073255,2.7198327,2.7528527,2.7664275,1.1053112,1.0872208,1.4279929,1.0198461,1.4096491,0.903203,1.4616793,1.193343
15,1.2509108,0.47299728,1.7175658,1.3768418,1.6131752,2.7172806,1.412659,1.4183192,1.4252539,1.4544541,1.4170492,1.3691946,1.3404168,0.14640203,0.23113567,0.0,1.3033457,1.3883743,0.68227875,1.2766154,1.3205786,1.4404777,0.9994807,1.296248,1.5429986,1.5277928,1.9110509,2.3026655,2.7859733,1.5198473,1.756981,1.4974896,1.7518109,2.250278,1.6217209,3.7473962,1.6466343,1.769725,1.7330474,1.6413563,1.6492729,1.4329193,2.9437068,1.2549968,1.3473969,0.6980596,1.3046939,1.31306,3.083398,2.5863793,3.1967802,3.195433,2.0265744,2.017217,1.9790525,1.8728315,0.7614869,0.777002,1.4445372,0.9175095,1.4868743,1.4690964,1.3588054,1.3280264,2.886461,1.6452447,2.177414,3.077618,2.912259,2.9774294,2.7072241,1.8389447,1.8550373,1.7759478,1.6529537,1.8873751,0.91671926,1.6057924,1.7841464,1.7759786,3.1306744,3.169881,1.3840235,1.3169867,2.9786577,1.3158859,1.7524937,2.8610265,1.4010143,1.32514,1.3678339,1.3769722,2.029023,1.6541516,1.8104043,1.8044527,1.5209067,1.3535447,1.5561571,2.6724572,2.0636413,2.1762083,2.171833,1.9806293,2.4984124,1.5183271,1.4983727,1.7479889,2.2377675,2.1037629,1.5292212,2.0786045,0.9609718,1.2789631,1.4779962,1.4634215,2.7922158,2.8035014,2.836781,2.8535042,1.1188815,1.0765383,1.4146025,0.99043214,1.4045221,0.9028787,1.499613,1.2230884
16,1.656116,1.3560697,2.020512,1.9007529,1.4030745,2.9058785,1.2964491,1.7792271,0.8566683,0.7514903,1.800569,1.8821467,1.7193992,1.3189805,1.2762283,1.3033457,0.0,0.95264953,1.3713001,0.44274336,1.7676935,1.6100715,1.6368095,1.5492313,1.9544542,1.9486921,2.3085976,2.562129,3.0396538,1.8808044,2.1193328,2.006831,2.0601923,2.502317,1.7010734,3.608218,2.0305662,2.0775836,2.1314259,1.9901025,1.8559713,1.8448074,3.0778375,1.7276361,1.6862891,1.3708829,1.6506656,1.6364945,3.2259865,2.803832,3.2254398,3.2146964,2.4015622,2.3863804,2.386377,2.2932484,1.4661113,1.4914166,1.8383905,1.6040862,2.0196147,1.9672549,1.8330215,1.8186079,2.8618243,1.7430468,2.4149446,3.017613,3.0139327,2.9745188,2.995271,2.0737634,2.3276577,2.1046236,1.871594,1.7414229,1.3290747,1.6407028,2.0120263,1.9915034,3.0918853,3.1819704,1.670547,1.7292672,3.0182023,1.5879982,1.7578485,2.8521874,1.5055276,1.601664,1.5972708,1.2699752,1.9486097,1.8832791,1.8225528,1.4728307,1.8435622,1.6344125,1.6534262,2.6536448,2.184309,2.3632069,2.2738636,2.1105485,2.444342,1.6003511,1.6495069,1.2608078,2.3454237,2.21076,1.917551,2.335481,1.274734,1.4387826,1.6473684,1.7305869,2.832038,2.8503366,2.875926,2.786327,1.3287706,1.3013656,1.5931903,1.4967592,1.7631513,1.4175596,1.6746228,1.3706795
17,1.3923441,1.52068,1.8997535,1.6391283,1.3892989,2.767471,1.3464345,1.4974039,0.72218347,0.64249295,1.5173832,1.5688025,1.6974556,1.40111,1.4205555,1.3883743,0.95264953,0.0,1.4027734,0.84413743,1.6052469,1.343204,1.4955068,1.5065472,1.4571878,1.4502109,1.6738778,1.8724324,2.6279662,1.3733199,1.7823182,1.5317968,1.8850908,2.174678,1.6243608,3.3613417,1.8172208,1.8653277,1.7436471,1.7330093,1.8519375,1.8380638,2.896396,1.6418628,1.6084708,1.2139664,1.594009,1.5727963,2.9466794,2.509206,2.848949,2.855681,2.1366718,2.131114,1.8868167,1.8134239,1.1427445,1.1674935,1.3618836,1.2260584,1.5352478,1.4744232,1.5083032,1.5119275,2.30511,1.5241145,1.8450358,2.9442441,2.8574414,2.842118,2.5867903,1.9139366,2.322304,2.183489,1.8659178,1.584914,1.310936,1.5929786,1.8915436,1.836196,2.8676836,2.9401827,1.5570161,1.4573578,2.8062673,1.614278,1.5935407,2.6463912,1.2526875,1.3508519,1.5290575,1.3445255,2.164707,2.2229178,1.4433193,1.5646708,1.8224635,1.5169352,1.6639453,2.4265463,2.126884,2.2711093,2.178504,1.95416,2.2218947,1.5098591,1.5778726,1.2310368,2.2327068,2.1790261,1.8600436,2.2637844,1.5014198,1.4501038,1.62746,1.5777078,2.601192,2.5929656,2.6017978,2.6746788,1.4702898,1.5248172,1.4978529,1.5186284,1.7363303,1.4382226,1.7749782,1.5533688
18,0.8960361,0.56721735,1.4312539,1.0179231,1.2518382,2.252595,1.0861877,1.0108732,1.5468427,1.5330533,1.0125837,1.038263,0.98563904,0.6777162,0.615106,0.68227875,1.3713001,1.4027734,0.0,1.3361305,0.8524487,1.1764226,0.7393549,1.3261538,1.4860046,1.4763868,1.7446036,2.2023134,2.4129772,1.4421202,1.5533804,1.2617512,1.2717028,2.0838513,1.7613227,3.386165,1.1684728,1.2871561,1.4534549,1.1869324,1.2364403,1.0600731,2.5279505,0.76519173,0.876756,0.5448898,0.83643633,0.8305579,2.6126025,2.112755,2.7842708,2.7798493,1.6759466,1.6622956,1.6955212,1.5762162,0.9439185,0.93603116,1.210362,1.2100502,1.2748553,1.2590969,1.3912009,1.3964134,2.768091,1.8852426,2.202558,2.7350562,2.5880778,2.7129881,2.50589,1.7161769,2.1067157,2.172313,1.5035218,1.7796173,1.0251544,1.6021345,1.4664603,1.4302186,2.676596,2.6959624,1.2199441,1.2863865,2.5220087,1.3148571,1.4712226,2.4218614,1.5566558,1.3532847,1.3352854,1.3772042,1.9248843,1.7406644,1.6466373,1.4998469,1.3524196,1.1310997,1.3780646,2.3024824,1.8892945,2.0935426,1.9850012,1.7644583,2.3502188,1.3232675,1.3255302,1.6358304,2.1244571,2.0342312,1.5532607,1.9969195,1.0882812,1.2704719,1.2039423,1.3192736,2.3761306,2.3812041,2.396553,2.4633806,1.1898372,1.2732155,1.4166431,1.1771069,1.588566,1.139348,1.6670047,1.3680646
19,1.5961561,1.3192463,2.0026805,1.8839886,1.3109964,2.8946497,1.2104015,1.7100809,0.68259037,0.67052513,1.7668859,1.8478897,1.7145904,1.2840935,1.2603002,1.2766154,0.44274336,0.84413743,1.3361305,0.0,1.7281275,1.5746455,1.6249307,1.5244956,1.9253149,1.9089351,2.2673743,2.5249753,3.0041814,1.8301852,2.091728,1.9518406,2.0976017,2.623847,1.7163761,3.6229146,2.0464497,2.1009114,2.1345873,1.9967164,1.986694,1.8601322,3.0778072,1.7339355,1.6794168,1.3418278,1.6513985,1.62202,3.209647,2.7818537,3.309825,3.3071463,2.3994677,2.3860214,2.3535836,2.258376,1.436822,1.4607475,1.8113902,1.5655805,2.0032253,1.9470489,1.8044348,1.7884612,2.9174418,1.877997,2.480574,3.121648,3.111716,3.0854125,2.9846106,2.0895028,2.4026654,2.2016609,1.9908626,1.8051965,1.3217343,1.807126,2.1496062,2.1019895,3.1897814,3.2648597,1.8258178,1.8508539,3.100432,1.7625921,1.8959038,2.9491386,1.66925,1.7447238,1.7516887,1.4795341,2.104676,2.034248,1.9485373,1.6522024,1.9976637,1.66364,1.8161455,2.74649,2.2654724,2.4079912,2.3744862,2.13831,2.5255847,1.6350753,1.6778499,1.2129745,2.4617777,2.341054,1.9468659,2.3756542,1.4903651,1.6246507,1.8026167,1.8825127,2.8348498,2.8462808,2.8761108,2.8988736,1.533005,1.5162258,1.7286955,1.5466288,1.8049923,1.4810483,1.8186368,1.5817388
20,0.82505137,1.2991235,1.1510272,0.79876715,1.095607,1.6492008,1.0915743,0.83688396,1.9263797,1.8359555,0.7447693,0.54208434,0.70525014,1.331133,1.2322803,1.3205786,1.7676935,1.6052469,0.8524487,1.7281275,0.0,1.034489,0.9565539,1.5378426,1.297882,1.2774246,1.4014208,1.9376944,1.763663,1.2350619,1.1622336,0.9323456,1.0101225,2.116378,2.0806012,2.8396847,0.84630454,1.0420465,1.1074584,0.8517404,1.1661335,0.94318426,1.8975419,0.5619294,0.58960307,1.0818694,0.49419454,0.58422065,1.9611949,1.4821513,2.269762,2.2642753,1.3176434,1.3050858,1.4981475,1.3720895,1.3457682,1.323462,0.90569174,1.6293956,0.9765556,0.99332345,1.4114866,1.4547759,2.6417725,2.2146828,2.3047395,2.7181118,1.9966007,2.1638994,2.228895,1.4785132,2.7266872,2.7879274,1.3654238,1.6068519,1.5102353,1.9581603,1.2808526,1.2022347,2.0964541,2.098442,1.5107985,1.5618309,1.965647,1.7538486,1.4043825,1.8884127,1.8537042,1.6179632,1.7801707,1.7525078,2.1247354,2.0518515,1.5132188,1.4776897,1.3187083,1.0282717,1.3292476,1.8306601,1.8972225,2.1161728,1.7612354,1.7861894,2.3396962,1.2279356,1.2735872,1.6008601,2.0212052,1.894473,1.6791289,1.8138639,1.5989527,1.7248553,1.1241041,1.1859345,1.7714609,1.7691562,1.7702924,1.9219763,1.5488545,1.7612501,1.8106914,1.5769756,1.8592905,1.6137642,2.0246139,1.8124887
21,0.87646514,1.527037,1.3936312,0.88900673,1.324501,1.8288518,1.2933447,0.7942275,1.5639981,1.4221466,0.5907262,0.8304806,0.877598,1.4120429,1.3846357,1.4404777,1.6100715,1.343204,1.1764226,1.5746455,1.034489,0.0,1.0254916,1.3693657,0.9089548,0.8759452,1.2672993,1.4425691,1.8714808,0.8220445,1.4794067,1.1223565,1.2972541,2.1123285,1.6306446,2.4765117,1.2394997,1.3260849,1.3603723,1.1383017,1.3908565,1.0060725,2.1033363,0.889449,0.80463326,1.1022255,0.8668251,0.81840605,2.004611,1.5450283,2.1318848,2.1397085,1.6598957,1.6589006,1.3026404,1.204846,1.3752918,1.3788993,0.84893167,1.5734527,1.0738893,1.0437603,1.5324992,1.5787249,1.9879255,1.8370972,2.1603012,2.4851825,2.1563144,2.0514717,2.131015,1.252977,2.7387147,2.6101475,1.099379,1.7346815,1.137786,1.6661102,1.2855531,1.1969378,2.2424126,2.3045027,1.5914383,1.6652242,2.005907,1.7472343,1.0947794,1.8608928,1.6318111,1.6896565,1.7760068,1.4864483,2.5139394,2.3181741,1.2668564,1.3797039,0.96730775,0.5161298,0.90966606,1.4865924,1.5475078,1.7300195,1.3548489,1.4008682,1.9322686,0.41723612,0.4763675,1.0694435,1.8852922,1.7291844,1.7585728,1.6849953,1.5473703,1.6802889,0.9370562,1.1381539,1.6350919,1.630379,1.6707176,1.8018899,1.1608881,1.4324316,1.4966947,1.2727671,1.6757244,1.237605,1.6376727,1.4802548
22,0.7088165,0.9522429,1.0963537,0.58941185,1.5026193,2.2341447,1.3164377,0.6960299,1.6245521,1.5658249,0.7526177,0.8584619,1.1027076,0.996241,0.95525926,0.9994807,1.6368095,1.4955068,0.7393549,1.6249307,0.9565539,1.0254916,0.0,1.1111798,1.3312869,1.3321183,1.4493916,1.7993447,2.2935069,1.3041916,1.388265,1.1876823,1.2972983,1.7939751,1.8349348,3.328195,1.2046309,1.3387673,1.5319377,1.2600245,1.3115127,0.93494326,2.2890573,0.7743686,1.0306447,0.68906033,1.0393596,1.043101,2.472631,1.960344,2.4644616,2.4762802,1.5575151,1.5586777,1.2093104,1.1027699,0.92585176,0.89407754,1.0643029,1.1545352,1.0190288,0.9819535,1.093017,1.1183589,2.3254771,1.8612776,1.8664609,2.3592598,2.41979,2.5495455,1.9223126,1.4113183,2.1133764,2.16913,1.3329723,1.7997108,0.8690691,1.5093275,1.1966829,1.1474869,2.5867329,2.5812888,1.1120266,1.2323058,2.376267,1.2600374,1.3086494,2.285736,1.5224888,1.3032968,1.2897894,1.3702403,2.2011201,1.8850846,1.5121852,1.6170344,1.1178844,0.92907244,1.1232225,2.0424697,1.602497,1.7351804,1.6843139,1.5302328,2.1705248,1.1372145,1.1092026,1.567775,1.9283137,1.8011574,1.421015,1.8207914,1.0633676,1.3568352,1.0316172,1.1884799,2.2417734,2.2514548,2.2856917,2.3278556,1.1261057,1.252904,1.3783227,1.0688034,1.4805084,1.1867123,1.4859166,1.3039343
23,1.542063,1.4027598,1.1576079,1.4668846,1.9812739,2.8388186,1.8634732,1.4254957,1.5174375,1.474094,1.4578335,1.4361167,1.6720452,1.3398203,1.240826,1.296248,1.5492313,1.5065472,1.3261538,1.5244956,1.5378426,1.3693657,1.1111798,0.0,1.6973455,1.6591833,1.9879379,2.099243,2.8622425,1.6147666,1.5105702,1.8036097,1.7739341,2.079823,1.4381838,3.5017545,1.7240955,1.821792,1.9163307,1.7658789,1.8875662,1.7270178,2.4408808,1.562845,1.5960597,1.1320826,1.5719601,1.6089004,3.0508122,2.5915096,3.0269377,3.0426178,2.0549185,2.0524445,1.8746485,1.8100165,1.2495284,1.2435397,1.6262094,1.3888154,1.700252,1.6679689,0.89336944,0.888582,2.4746847,1.7659028,2.2026608,2.7531567,2.9539711,2.8965087,2.5374794,1.8076919,2.2666485,2.0545225,1.7482154,2.2612658,0.9658522,1.6034527,1.9499775,1.8932416,3.0391643,3.0945947,1.5830518,1.6606085,2.9447575,1.6360955,1.7481749,2.8092325,1.6045907,1.7054435,1.690701,1.5069381,2.3397362,2.0011418,1.8259865,1.9220184,1.4906526,1.358454,1.4366294,2.4886,1.9706059,2.146854,2.117468,1.8367825,2.3606222,1.3208313,1.3085488,1.6487226,2.185379,2.0695028,1.7027851,2.1408803,1.3163755,1.5254058,1.5237292,1.6507492,2.6945739,2.7020612,2.7277894,2.7369611,1.3238292,1.3239527,1.4592719,1.1966895,1.5241218,1.2639438,1.6338458,1.3340441
24,1.2221152,1.7794772,1.7297096,1.1520611,1.6881719,2.037454,1.6741779,1.2612957,1.8665224,1.7511544,0.9994335,0.9061737,1.2279308,1.5366374,1.5700775,1.5429986,1.9544542,1.4571878,1.4860046,1.9253149,1.297882,0.9089548,1.3312869,1.6973455,0.0,0.11659299,0.9160892,1.0902168,1.7009519,0.22951901,1.3945765,0.82194334,1.6324911,2.1546755,1.8675528,2.6567287,1.5375875,1.6261711,1.210988,1.4047772,1.6396326,1.4686861,2.340984,1.2493066,1.2123218,1.3375496,1.2522956,1.2361094,2.1826456,1.7574115,2.2122855,2.2358177,1.6266222,1.630401,1.418613,1.3373362,1.3173659,1.326823,0.7165822,1.4731562,0.8250339,0.8214858,1.5100951,1.5611494,2.0135937,1.6937073,1.9570374,3.027727,2.30058,2.2469716,2.272145,1.5610778,2.7547133,2.6544285,1.3268667,1.6825767,1.4728361,1.8614749,1.4675492,1.3682696,2.259718,2.3339615,1.6979554,1.5233612,2.1659594,1.9356884,1.4220029,2.0213668,1.4912347,1.5559955,1.9159628,1.72851,2.53499,2.4166412,1.1060852,1.7390019,1.22895,1.0453944,1.2467225,1.7004035,1.7140743,1.7899041,1.5120587,1.5716461,2.0574224,1.0718435,1.12437,1.5548006,2.1200278,1.984179,2.0092633,1.9463478,1.7712986,1.8634912,1.2659296,1.0759108,1.8625609,1.8384479,1.8765655,2.009571,1.4197617,1.6538552,1.6709548,1.556103,1.9163325,1.4320532,1.8072445,1.7393184
25,1.224477,1.7693809,1.6996657,1.1563494,1.683035,2.0334816,1.6742234,1.2508681,1.8584276,1.7440416,0.9943051,0.88676476,1.2059548,1.5220915,1.5499221,1.5277928,1.9486921,1.4502109,1.4763868,1.9089351,1.2774246,0.8759452,1.3321183,1.6591833,0.11659299,0.0,0.9456428,1.1139671,1.709846,0.19145611,1.3666313,0.82611525,1.6243956,2.1867545,1.832866,2.637861,1.527733,1.622257,1.2058176,1.3924385,1.6450889,1.4660298,2.317,1.2447035,1.1917372,1.3302445,1.2282311,1.2161624,2.1816905,1.7556303,2.2407048,2.2625966,1.6662253,1.669781,1.4408792,1.3587598,1.3174475,1.326741,0.71371996,1.4709195,0.8422995,0.8431313,1.4863278,1.5354006,2.0301883,1.6913164,1.9928385,3.0432765,2.2957768,2.226156,2.289797,1.5309123,2.769955,2.6573606,1.3496745,1.7229552,1.4663503,1.868047,1.5040499,1.409749,2.2937715,2.3682697,1.7230935,1.5529475,2.179245,1.9482417,1.4265414,2.0349023,1.5052,1.5844389,1.9334329,1.7392882,2.5652046,2.4305105,1.1289711,1.7375556,1.2345052,1.0289793,1.2621208,1.7183217,1.748318,1.8275871,1.5319403,1.5983751,2.0564718,1.0485708,1.1007248,1.5448931,2.0955594,1.9645132,1.9799032,1.9100983,1.782358,1.8636941,1.2782704,1.0948588,1.8566928,1.8317553,1.8664075,2.017617,1.427396,1.6613189,1.6691648,1.5345612,1.8849326,1.4182857,1.8181514,1.7438029
26,1.1746277,2.0496185,1.7623923,1.1672075,1.8443443,2.123296,1.8296779,1.2318281,2.089016,1.9964695,1.1170918,1.0832016,1.560244,1.9039302,1.9294189,1.9110509,2.3085976,1.6738778,1.7446036,2.2673743,1.4014208,1.2672993,1.4493916,1.9879379,0.9160892,0.9456428,0.0,0.8162957,1.6300328,0.95971876,1.4560721,0.9190597,1.6346631,1.8628243,2.283342,2.830622,1.5031662,1.6079562,1.3142129,1.4159824,1.8633784,1.5827967,2.2962954,1.4544412,1.5262805,1.5556444,1.5455337,1.5490893,2.0677392,1.6432834,1.8835356,1.9185133,1.5522399,1.5685331,0.9533016,0.9190212,1.4984936,1.4885404,0.8074686,1.5951418,0.737257,0.71735746,1.5748038,1.6366557,1.792428,2.1372528,1.5825876,2.71824,2.1516175,2.2743945,1.8614147,1.7915239,2.8696449,2.8972104,1.489052,1.5775338,1.790094,2.1298316,1.420971,1.3321564,2.231129,2.2299335,1.773368,1.6368922,2.072985,2.0208566,1.5517819,1.9864513,1.7905809,1.6518924,2.0000832,1.9760394,2.7680736,2.784418,1.3986452,2.0659952,1.5426272,1.3162001,1.5325092,1.702892,1.9866458,2.052037,1.7093894,1.8551358,2.2874084,1.4964428,1.5305872,1.8037028,2.2512777,2.1103885,2.1008453,2.161227,1.9889851,2.0436676,1.4561416,1.322143,1.8923527,1.8742688,1.8993062,2.080374,1.8011006,2.0301828,1.9806826,1.8785111,2.1086764,1.803099,2.0633392,2.0071497
27,1.6396613,2.4785724,2.0468717,1.5329037,2.2952788,2.469947,2.2846851,1.5919931,2.2227485,2.1161697,1.4679384,1.5333297,1.9871788,2.2894459,2.322434,2.3026655,2.562129,1.8724324,2.2023134,2.5249753,1.9376944,1.4425691,1.7993447,2.099243,1.0902168,1.1139671,0.8162957,0.0,1.927904,1.1424624,1.8270321,1.4465027,2.007735,1.964173,2.2848325,2.7529275,1.9327536,1.9857186,1.7110959,1.8347638,2.2674918,1.9883344,2.4873013,1.9000145,1.9445361,1.9057293,1.9985968,1.9818213,2.3108377,1.9516923,1.9619128,2.005432,1.9013546,1.9233403,1.1069595,1.1343244,1.8271707,1.8268507,1.2338527,1.865453,1.2125142,1.1834857,1.8112642,1.8792995,1.3707216,2.187122,1.7348483,2.811167,2.4121497,2.3598454,1.9199882,1.8901947,3.103127,3.0266855,1.8467348,2.112765,1.932269,2.2585838,1.8087204,1.6981807,2.4550033,2.4846022,2.08937,1.9787651,2.349681,2.3415203,1.7939221,2.2366486,1.9674658,2.0144327,2.3095078,2.200434,3.1495612,3.0974622,1.5586888,2.3409097,1.7363629,1.5538305,1.7187461,1.7986417,2.1208782,2.1541283,1.8306744,1.9839029,2.309766,1.5998008,1.6192234,1.916987,2.3596382,2.2244499,2.3517282,2.2978716,2.2991073,2.341112,1.7837627,1.6946628,2.0719569,2.0442827,2.086566,2.2574062,2.009846,2.2225523,2.1417053,2.0605237,2.2578623,2.0057817,2.1908007,2.1677408
28,1.9225651,2.8658082,2.1524806,1.8197744,1.9983546,1.046763,2.13533,1.8844714,3.1148884,2.9538925,1.6627353,1.593214,1.7069879,2.7722318,2.74716,2.7859733,3.0396538,2.6279662,2.4129772,3.0041814,1.763663,1.8714808,2.2935069,2.8622425,1.7009519,1.709846,1.6300328,1.927904,0.0,1.6828579,1.7665007,1.432484,1.9750361,2.9544888,3.2908027,2.0322633,1.9417635,1.9861671,1.7529383,1.8287868,2.0914712,1.9140223,1.6766518,1.7929845,1.7224742,2.535756,1.7693597,1.7565633,0.89127076,0.84227,1.5249631,1.5428189,2.1014013,2.103731,1.9995751,1.935764,2.6272788,2.6065385,1.5514586,2.8566322,1.6002656,1.62453,2.5286562,2.6060817,2.7883186,3.1636064,2.9597723,3.3974423,1.7670212,1.9486686,2.6194148,2.3007028,4.0706058,4.15388,2.134116,2.1250992,2.829193,3.0990422,1.889806,1.7626432,1.6797695,1.6574714,2.676653,2.6183817,1.3134089,3.02829,2.1246731,1.3146851,2.84993,2.6442645,3.0079288,2.924568,3.381232,3.4545016,1.982345,2.3263464,2.140461,1.9423043,2.1152875,1.3734564,2.3860328,2.4915073,1.9198471,2.302435,2.7743757,2.0355916,2.116561,2.350437,2.8130527,2.6640031,2.9343135,2.5583472,2.9380658,2.9954689,1.9752464,1.8585901,0.949116,0.9010153,0.91354597,1.3285428,2.6800187,2.9892192,2.9493456,2.888032,3.1385813,2.8248515,3.0196657,3.006558
29,1.1961828,1.7592498,1.6387305,1.1531563,1.6055663,2.0149763,1.594086,1.2148526,1.7967384,1.6817572,0.96552086,0.861614,1.1882122,1.5159527,1.5467829,1.5198473,1.8808044,1.3733199,1.4421202,1.8301852,1.2350619,0.8220445,1.3041916,1.6147666,0.22951901,0.19145611,0.95971876,1.1424624,1.6828579,0.0,1.2935922,0.76541644,1.5616624,2.1789904,1.8149877,2.6017363,1.4734143,1.5583615,1.1520082,1.334598,1.6328261,1.4391713,2.2696238,1.223403,1.1609209,1.3255333,1.1909877,1.1758493,2.1595547,1.734817,2.2336764,2.2590032,1.6850765,1.6867902,1.451241,1.3678378,1.2974194,1.3029854,0.6729134,1.4677861,0.8341105,0.828599,1.4440622,1.4917636,2.048058,1.6981621,1.9986191,3.0427728,2.3188531,2.2544405,2.2644172,1.5331409,2.792409,2.683385,1.3334734,1.6420895,1.4657754,1.8687232,1.4884348,1.391708,2.2876992,2.363274,1.7239727,1.5559559,2.166078,1.9588383,1.425473,2.0182877,1.5203547,1.5812094,1.9321297,1.7401909,2.5632575,2.4295251,1.1251674,1.7028608,1.2702761,1.0336306,1.2441946,1.7000697,1.6493745,1.7732005,1.5693449,1.4954047,2.09246,1.0158572,1.0824505,1.4740429,2.1158328,1.9804931,1.9794748,1.913083,1.7660388,1.8630239,1.2562956,1.0712081,1.8219502,1.7991227,1.8351402,1.9912918,1.4251677,1.6573284,1.6765221,1.5387552,1.9138561,1.4466975,1.8685235,1.7623456
30,1.4215978,1.9045763,0.8858818,1.3157734,1.6941811,2.0538578,1.688643,1.3513457,2.242834,2.121727,1.2610036,0.9935237,1.3778484,1.79595,1.7247297,1.756981,2.1193328,1.7823182,1.5533804,2.091728,1.1622336,1.4794067,1.388265,1.5105702,1.3945765,1.3666313,1.4560721,1.8270321,1.7665007,1.2935922,0.0,1.0008973,1.5087727,2.231059,2.4164512,3.0124884,1.4528561,1.5599357,1.3627657,1.4430848,1.6409162,1.5824485,1.5796462,1.3417358,1.3529359,1.6198062,1.3101399,1.3761612,2.190775,1.8096191,2.282619,2.306115,1.9104688,1.9083819,1.7382687,1.6617602,1.566616,1.530145,1.1150135,1.8039545,1.1320722,1.1318548,0.9778035,1.0401671,2.608853,2.2554452,2.1846406,3.1157594,2.2952728,2.4405956,2.4591384,1.9745895,2.9821942,3.029721,1.7763877,1.7491482,1.9070451,2.2412727,1.617296,1.5255458,2.3758895,2.3903239,1.7915375,1.6818857,2.1313956,2.0745547,1.7041557,2.0413742,1.9086897,1.6820209,2.0710468,2.058533,2.5978863,2.5275834,1.5220757,1.906021,1.6204166,1.4743897,1.5421134,1.9550346,1.9736886,2.1523046,1.9171655,1.8683264,2.478297,1.5901983,1.6560961,1.8948331,2.371336,2.2372887,2.1061924,2.276397,1.8807323,1.9845629,1.4167898,1.2130946,1.9534419,1.9565232,1.9610703,2.0344732,1.8740003,2.054672,2.065517,1.9960868,2.2632744,1.9602945,2.230811,2.065772
