,0,1,2,3,4,5,6,7,8,9,10,11,12,13,14,15,16,17,18,19,20,21,22,23,24,25,26,27,28,29,30,31,32,33,34,35,36,37,38,39,40,41,42,43,44,45,46,47,48,49,50,51,52,53,54,55,56,57,58,59,60,61,62,63,64,65,66,67,68,69,70,71,72,73,74,75,76,77,78,79,80,81,82,83,84,85,86,87,88,89,90,91,92,93,94,95,96,97,98,99,100,101,102,103,104,105,106,107,108,109,110,111,112,113,114,115,116,117,118,119,120,121,122,123,124,125,126,127
0,0.0,0.30307427,1.3335071,1.3269652,2.0969684,1.8619258,1.911144,1.9663829,3.2133417,3.461063,3.8288398,3.786957,3.3995314,3.5540593,3.457294,3.1958594,5.5429516,5.5139365,5.6752887,5.7264767,5.436554,5.4292006,5.5825515,5.8263693,4.706822,4.7178345,4.806635,4.806947,5.366228,5.412213,5.4348288,5.4364057,4.3534203,4.3070564,4.338611,4.665103,4.178166,4.245534,4.3420444,4.4172316,4.2094812,4.0040293,4.4309425,4.191291,4.1422086,4.025007,4.3363256,4.1511993,4.7908416,4.682417,4.7932954,5.0875363,5.432005,5.414835,5.325612,5.3745837,4.3266635,4.5942206,5.225658,5.131854,5.21409,4.8370433,6.8804665,5.8827972,4.094762,3.9514272,3.95043,3.9548364,3.9945605,4.99115,5.005473,4.9961267,4.6069074,4.8036237,5.0066156,5.1704564,5.0859904,5.078894,4.86708,5.7118273,5.68509,5.9222994,4.510641,5.444969,6.064652,5.700138,5.4235516,5.33459,4.826429,5.4918947,5.857905,5.8750305,5.6987047,5.483668,5.4832387,5.6847034,4.459665,4.404943,3.6258376,4.752713,4.6498365,4.4547076,3.6953595,3.698535,3.896417,3.884404,3.9042406,3.7659674,2.8807406,2.7097101,3.3316355,3.26511,4.0696044,4.297348,3.9036565,4.1618195,4.1882463,4.2082,4.0643063,3.6830304,4.3675237,4.181315,3.976315,4.1382546,4.1438146,4.165147,4.283725,4.6279125
1,0.30307427,0.0,1.3464334,1.33972,2.1010227,1.8818825,1.8074907,1.9119542,3.2425632,3.469047,3.848488,3.8065474,3.3989844,3.5826669,3.488862,3.247265,5.567091,5.543675,5.7275357,5.7828817,5.4760847,5.468529,5.608586,5.856038,4.7326884,4.7398148,4.830256,4.830472,5.348957,5.395282,5.4108853,5.4213705,4.3937726,4.344134,4.3702607,4.724981,4.2084045,4.267714,4.4013557,4.424237,4.2018437,4.005713,4.435994,4.209189,4.126569,4.01464,4.35183,4.13651,4.866105,4.736385,4.8355103,5.1504703,5.4784527,5.4644113,5.3850727,5.465045,4.381732,4.626941,5.281176,5.1856785,5.238988,4.8962393,6.8982515,5.892513,4.173201,4.011505,4.020426,4.027505,4.0667768,5.050076,5.080197,5.0699134,4.717591,4.8676367,5.0726533,5.233881,5.1582394,5.148908,4.93847,5.767109,5.711974,5.9601088,4.6218834,5.4817777,6.134792,5.741799,5.470829,5.3898787,4.871498,5.5472693,5.9111724,5.926224,5.7655587,5.5268054,5.514516,5.728162,4.50781,4.4532294,3.6610851,4.789858,4.684867,4.523231,3.7646935,3.7681897,3.931391,3.9175298,3.9487095,3.8068879,2.9271634,2.7428014,3.4065642,3.3255637,4.1200433,4.337031,3.901926,4.1433725,4.2401323,4.2575274,4.0921082,3.7074034,4.3942413,4.2118144,3.9683995,4.1675034,4.164053,4.1783504,4.3090453,4.6846952
2,1.3335071,1.3464334,0.0,0.028749226,1.4928644,1.382738,1.2030184,1.1846739,2.7758489,3.0583823,3.497217,3.4595687,3.0045664,3.1911862,3.2433398,2.91172,5.169492,5.1030526,5.4279943,5.4585137,5.095042,5.0874066,5.2283216,5.4820685,4.562522,4.575998,4.67531,4.6753707,5.2348857,5.2752213,5.2875776,5.2877154,4.1642365,4.1368303,4.128171,4.434852,4.010695,4.0827665,4.1228223,4.1821747,4.1990075,3.9934998,4.419447,4.1677294,4.2416353,4.1248627,4.3914075,4.1431646,3.9577942,3.8427846,3.901935,4.3020663,4.6876664,4.6461124,4.566537,4.648808,3.524308,3.8174636,4.5273304,4.4610667,4.424566,4.01524,6.177694,5.1276193,3.8363056,3.6496952,3.6506782,3.6623528,3.716831,4.2350087,4.2348776,4.2187963,3.9314947,4.045544,4.239623,4.394109,4.375374,4.359703,4.126869,5.0228972,4.9028177,5.1519575,3.781603,4.6451507,5.351375,4.983079,4.645262,4.575067,3.9431405,4.6960855,5.111912,5.173224,5.0147266,4.7018685,4.6883082,4.9483075,3.6926768,3.6791763,3.3848536,4.027263,3.9417512,3.7594857,2.7985399,2.802734,3.555683,3.5389962,3.5786011,3.599312,2.5322227,2.3915339,3.1516218,2.963915,3.830107,4.0287895,3.49441,3.767929,3.7482677,3.7485023,3.6188316,3.2593286,4.056334,3.861847,3.5896444,3.8206499,3.8087282,3.7778769,3.9372962,4.2858763
3,1.3269652,1.33972,0.028749226,0.0,1.4864147,1.3735027,1.2008349,1.178567,2.7685113,3.0554323,3.4885943,3.4527197,3.001184,3.1875532,3.238661,2.904214,5.1591434,5.091147,5.422341,5.45273,5.0920186,5.0846434,5.2217803,5.475296,4.551052,4.565174,4.6655164,4.6654825,5.2277956,5.268304,5.2790728,5.279481,4.163508,4.137725,4.12963,4.4350715,4.0129266,4.0851808,4.122359,4.180493,4.19857,3.9894686,4.4173336,4.1693373,4.2392735,4.1211658,4.3931146,4.14091,3.9537928,3.836574,3.899761,4.2979903,4.6819234,4.6406207,4.560765,4.642477,3.526985,3.819053,4.527039,4.4608526,4.4219813,4.0148,6.1744113,5.1290584,3.8315938,3.6391149,3.6396024,3.6510808,3.7058344,4.228311,4.230637,4.2148285,3.9273286,4.04019,4.234674,4.389528,4.3675556,4.3520765,4.118826,5.012813,4.9016438,5.1491437,3.7825067,4.6416407,5.340815,4.9740443,4.6394315,4.5667877,3.9420125,4.6965337,5.107494,5.169953,5.015219,4.70012,4.680149,4.946403,3.6927967,3.677379,3.378919,4.0269146,3.9397678,3.7583253,2.796703,2.8011055,3.5445566,3.527917,3.5669923,3.5867832,2.5205965,2.37977,3.140651,2.9516864,3.829306,4.023988,3.4876816,3.757492,3.7382646,3.7381718,3.608201,3.2509265,4.0532045,3.8570266,3.5848575,3.8136148,3.8015487,3.7668483,3.9306846,4.279346
4,2.0969684,2.1010227,1.4928644,1.4864147,0.0,0.46437463,1.3480101,1.1054704,2.5802789,2.7943094,3.3215017,3.3144186,2.8894188,3.107289,3.1583946,2.71005,4.9202127,4.929243,5.311448,5.306886,4.962207,4.956943,5.1209383,5.359905,4.321396,4.32039,4.472542,4.469895,4.7624254,4.8101406,4.8159328,4.834597,3.8305795,3.9620998,3.8783429,4.2517586,3.8928516,4.0252147,4.0792904,4.055032,4.0510864,3.7832386,4.2808027,4.041979,4.1338887,3.9448097,4.3135915,4.0042796,4.155615,3.9190085,3.9479039,4.3760796,4.3554435,4.3368244,4.1522403,4.436503,3.5376697,3.4851787,4.540293,4.4823337,4.332743,4.016174,5.3341327,4.635004,3.3027782,3.0513797,3.1353078,3.156984,3.209533,3.6863532,3.6897123,3.6440475,3.666731,3.5084867,3.7263956,3.8712468,3.9298356,3.9245248,3.7218523,4.2747464,4.407976,4.649405,3.5068228,4.1048517,4.8423147,4.5904317,4.585923,4.3298297,3.3342116,4.316623,4.4538274,4.538691,4.459806,4.106821,4.170688,4.4185376,3.3108182,3.2209918,2.8872502,3.4144425,4.038741,3.8678942,2.8631103,2.8737857,3.0644968,3.0580952,2.96126,3.0208013,2.0842013,1.969047,2.550179,2.3703825,3.422639,3.6043756,3.043262,3.3873718,3.6348438,3.575291,3.5830643,3.1303988,3.6024985,3.338215,2.9910052,3.4383848,3.554111,3.2821493,3.468244,3.8864021
5,1.8619258,1.8818825,1.382738,1.3735027,0.46437463,0.0,1.2999327,1.0929979,2.5934718,2.8928065,3.3240106,3.3076236,2.9543927,3.1211722,3.099623,2.690762,4.8997507,4.875871,5.156996,5.1565237,4.823219,4.8212714,4.96156,5.222452,4.1691513,4.1706533,4.320033,4.318749,4.762158,4.8115754,4.801356,4.819063,3.9901516,4.0915613,4.0444765,4.2868586,3.980185,4.081777,4.216952,4.2196035,4.102249,3.8117108,4.279951,4.1228476,4.1868515,4.0239625,4.356954,4.101625,4.0708246,3.8703232,3.9806323,4.383748,4.361572,4.34592,4.1832004,4.378083,3.7302296,3.6868467,4.727732,4.6638613,4.408636,4.1355004,5.5512366,4.8160667,3.3326113,3.0268905,3.0787902,3.0977573,3.1637251,3.741114,3.7592266,3.747925,3.761433,3.632821,3.838029,3.9967859,3.9959335,3.9913743,3.7736278,4.4023232,4.575555,4.755932,3.6321259,4.2240686,4.9226165,4.6507297,4.5469613,4.3214307,3.5164342,4.461755,4.589228,4.691353,4.6712027,4.2978253,4.1982675,4.524111,3.4440446,3.348787,2.949815,3.5984805,4.154813,3.990972,2.9323397,2.9535515,3.12047,3.1150339,3.0182035,3.0413773,2.0484538,1.9653208,2.5099628,2.3231416,3.395237,3.5218468,3.1166646,3.3910608,3.5943935,3.549944,3.4855375,3.051399,3.639414,3.3971856,3.1175313,3.4678903,3.5409968,3.3174546,3.518598,3.8553226
6,1.911144,1.8074907,1.2030184,1.2008349,1.3480101,1.2999327,0.0,0.44524667,2.747159,2.9100418,3.5160356,3.4604886,2.907672,3.1469827,3.1795394,2.8502872,5.2104034,5.179055,5.416199,5.426429,5.0909963,5.0790205,5.2210827,5.469517,4.5466576,4.5490265,4.6875067,4.684637,5.0532393,5.0937867,5.1157146,5.134024,4.1155343,4.07018,4.0260196,4.412901,3.89699,3.9771168,4.3039637,4.125801,3.8953657,3.6978564,4.2790203,4.0547223,4.0039587,3.8944275,4.203428,3.8997664,4.190491,4.0293293,3.9959347,4.4606,4.6201396,4.608943,4.468838,4.671248,3.6551514,3.743196,4.6658864,4.591365,4.3560452,4.141376,6.0174127,4.89834,3.750296,3.5574527,3.6068518,3.6264286,3.8130748,4.16431,4.2527194,4.1999636,4.2091513,3.9630966,4.120334,4.284604,4.407485,4.393554,4.198341,5.0289836,4.860635,5.112133,4.155027,4.611069,5.4043436,5.0564694,4.681233,4.6119385,3.9502175,4.7171264,5.141546,5.205669,5.098336,4.7279334,4.5633454,4.84373,3.6401196,3.5672076,3.304641,3.8700542,3.9640481,3.9586873,3.0418797,3.053383,3.5711727,3.5583377,3.5283608,3.566277,2.5209692,2.3986397,3.098749,2.921703,3.7855818,3.9963722,3.4458582,3.7533066,3.8054392,3.8120232,3.702362,3.2552927,3.9678028,3.6702883,3.4524639,3.7784894,3.785421,3.7712803,3.9968498,4.3573275
7,1.9663829,1.9119542,1.1846739,1.178567,1.1054704,1.0929979,0.44524667,0.0,2.5461915,2.7530828,3.2960794,3.2553723,2.7718744,2.9898195,3.0337057,2.6440825,5.0541997,5.0105166,5.306404,5.304176,5.00952,4.999317,5.1614394,5.3977656,4.4366846,4.4475284,4.595282,4.5910172,4.993781,5.0367274,5.050596,5.0551057,3.9842796,3.976407,3.932145,4.345652,3.840896,3.9496903,4.1894674,4.039304,3.8709536,3.6372545,4.2502904,4.0195,4.004631,3.8591626,4.1786237,3.8551278,4.0049644,3.8428266,3.8361995,4.280314,4.416887,4.4036984,4.253511,4.4420757,3.488274,3.5794876,4.4696608,4.404154,4.1045218,3.873762,5.7466216,4.692818,3.522291,3.3320367,3.361071,3.3808606,3.5845404,3.9029841,3.9908028,3.9396691,3.9590113,3.7149198,3.871195,4.0365305,4.132812,4.123941,3.9338062,4.7338576,4.643927,4.901999,3.8976595,4.382913,5.14147,4.828056,4.5338736,4.4149995,3.721278,4.524863,4.8994923,4.98545,4.850269,4.4873223,4.3215766,4.6353,3.4225242,3.318105,3.1289692,3.6482666,3.7758908,3.7438784,2.8247066,2.8329513,3.3441834,3.334259,3.295657,3.3569474,2.3138099,2.186322,2.8929458,2.7100868,3.6527941,3.862198,3.2910516,3.594964,3.6208372,3.6165032,3.5749464,3.1130738,3.8585556,3.5831673,3.365714,3.65951,3.6533098,3.5664802,3.8158,4.1682377
8,3.2133417,3.2425632,2.7758489,2.7685113,2.5802789,2.5934718,2.747159,2.5461915,0.0,1.0179363,1.7374378,1.6335547,1.0346828,1.1560444,1.6586205,1.3429756,4.498896,4.3822694,4.9139996,4.899507,4.488654,4.491613,4.9072266,4.87359,3.7682092,3.7917695,3.8916492,3.8720918,4.5513864,4.6193995,4.518532,4.429643,3.4272192,3.390197,3.4361262,3.842392,3.3449678,3.3195395,3.487555,3.5121372,3.6371424,3.3786807,3.9185505,3.5375988,3.5962958,3.6543653,3.958516,3.5734146,3.7776148,3.576167,3.7866874,3.6311562,3.3886275,3.3266668,3.491642,3.6770842,3.6989152,3.632812,3.9999933,3.944103,2.9934287,2.893457,4.7552786,3.570012,2.6202807,2.400219,2.4715106,2.4724145,2.3357081,2.8693516,2.8938906,3.0161111,3.304327,3.062737,3.378509,3.5451782,3.0900655,3.1018333,3.0981658,3.8623984,3.5827162,3.8615077,2.6861625,3.4647272,4.4623356,3.6544673,3.3047707,3.227937,2.9831398,3.4705603,3.9218533,4.124124,3.6177664,3.3256779,3.3454013,3.6218343,2.2403798,2.1126368,1.8849168,2.43633,3.3314035,3.1415143,2.7210433,2.7074213,3.1135526,3.098682,3.088934,3.1750321,1.76318,1.4499718,2.621151,2.379688,3.2731588,3.5427966,2.1255066,2.6679552,2.7875578,2.766908,2.1757774,1.7337995,3.1914165,3.7057233,3.2862296,3.0027804,2.5611005,2.2400117,2.4228501,3.1569881
9,3.461063,3.469047,3.0583823,3.0554323,2.7943094,2.8928065,2.9100418,2.7530828,1.0179363,0.0,2.067066,1.8695995,0.61817676,1.0801651,1.8824875,1.3185074,4.5959816,4.6340704,5.0477276,5.0297694,4.675849,4.6596417,5.205167,5.0785723,4.0307436,4.0390544,4.1229773,4.1033683,4.317646,4.3807554,4.4468455,4.3409524,2.7256212,2.6384885,2.6582081,3.2846606,2.605024,2.663166,2.938767,2.853923,2.8987672,2.7567847,3.3104472,2.7631142,2.9954364,3.0467415,3.3348687,2.8659337,4.203543,3.872647,3.8589633,3.740114,3.607849,3.5537608,3.6958055,4.076723,3.3845825,3.269839,3.5861719,3.5083497,3.1558075,2.843335,4.6276345,3.3016326,2.5575466,2.441,2.6161222,2.625895,2.584562,3.0795128,3.0797622,2.9843414,3.4593916,3.1588888,3.3979535,3.588804,3.4913976,3.5051715,3.500477,4.180232,3.4597344,3.839556,2.8091588,3.501277,4.5949655,3.860671,3.5266564,3.488716,3.0109046,3.2241893,3.9441745,3.999862,3.518199,3.2512667,3.6566968,3.6145027,2.0855963,1.8702091,1.6468604,2.194276,3.0631723,2.8695598,2.8522494,2.8386662,3.2375467,3.2223434,3.059462,3.1402059,1.9623921,1.6309716,2.7252705,2.5043647,3.262005,3.6125505,2.0539706,2.7076137,2.982403,2.9591277,2.6284182,2.123498,3.2458625,3.4414737,3.2017276,2.9993355,2.3656251,2.4159725,2.4293268,3.3624227
10,3.8288398,3.848488,3.497217,3.4885943,3.3215017,3.3240106,3.5160356,3.2960794,1.7374378,2.067066,0.0,0.6749701,1.9567364,2.0289142,2.3201604,1.9850432,4.434628,4.1390967,4.86004,4.8224382,4.5977902,4.6078744,5.006917,4.9499483,3.7803216,3.8155103,3.9403894,3.9252782,4.659493,4.738032,4.5613346,4.41857,4.0513606,4.0505013,4.1721325,4.3928423,4.125177,4.250057,4.171843,4.123436,4.2614675,3.9732027,4.5437098,4.2588043,4.491594,4.3730445,4.558269,4.1526465,4.134244,3.9260523,4.20278,4.042418,3.7162683,3.655983,4.0845504,4.2211432,4.49505,4.4996805,4.599442,4.574308,2.381846,2.5977743,4.505412,3.2793481,2.9619339,2.7458985,2.6110318,2.6540134,2.5620162,3.2487352,3.278799,3.496056,4.2135787,3.9767644,4.116247,4.2414136,3.6481273,3.6670823,3.6982598,4.273952,4.2639837,4.414345,3.540877,4.052145,4.861732,4.115705,3.8856862,3.8236506,3.6834254,4.0732994,4.354187,4.604926,4.155286,3.9307663,3.7219763,4.190635,2.8668497,2.7297904,2.4046113,2.9700367,3.9029603,3.7455676,3.41378,3.407911,2.9794762,2.9690845,3.2484229,3.268461,2.6828916,2.5282671,3.2382526,3.0571368,3.672519,3.9010909,2.4509728,2.665141,2.67177,2.6496117,2.5955355,2.4144228,4.203884,4.724057,4.3866353,4.1078734,3.004885,2.311115,2.46826,3.2077613
11,3.786957,3.8065474,3.4595687,3.4527197,3.3144186,3.3076236,3.4604886,3.2553723,1.6335547,1.8695995,0.6749701,0.0,1.8053421,1.8733668,2.0598383,1.9071319,4.5022893,4.256445,4.853371,4.819425,4.5698023,4.579326,5.001337,4.9414487,3.8527644,3.8794107,3.9513817,3.9352074,4.6693683,4.7481046,4.5715556,4.4171205,4.0073066,3.9812443,4.107723,4.3589997,3.9745147,4.0873094,4.1533136,4.10782,4.067409,3.873117,4.3537846,4.0678253,4.416405,4.347444,4.4929123,4.1013737,4.1049123,3.9042766,4.188624,4.0497603,3.6857998,3.6210015,4.0589185,4.2022977,4.4755273,4.444294,4.592883,4.5531793,2.320852,2.5261018,4.5027237,3.2488892,2.96198,2.7597232,2.6299005,2.6741009,2.5643158,3.1685889,3.2069275,3.4390984,4.2033596,3.9669912,4.089334,4.2400703,3.6567392,3.67959,3.7107072,4.3113294,4.0563107,4.293568,3.4421697,3.9525075,4.884601,4.048038,3.8031213,3.7636182,3.6813326,4.060634,4.3467784,4.6156583,4.073984,3.8692596,3.7076511,4.074976,2.7591581,2.5533388,2.3367913,2.897188,3.808313,3.6723807,3.2997034,3.2946565,3.1169822,3.107352,3.25201,3.271779,2.6152823,2.4136498,3.2249715,3.0331023,3.3905113,3.6723404,2.3681393,2.616841,2.6846206,2.659266,2.5654423,2.3565054,4.1187305,4.6126404,4.3395143,4.0325785,2.9661682,2.3332424,2.390559,3.1695926
12,3.3995314,3.3989844,3.0045664,3.001184,2.8894188,2.9543927,2.907672,2.7718744,1.0346828,0.61817676,1.9567364,1.8053421,0.0,0.6544684,1.7614958,1.0832028,4.6622915,4.6999536,4.9721093,4.954557,4.6242557,4.6076794,5.1617217,5.0266,4.0006967,4.002692,4.0907187,4.0712614,4.541183,4.603543,4.6646132,4.5591974,2.8053343,2.7062328,2.8067749,3.3410795,2.6329591,2.7079148,2.9632146,2.872697,2.9088738,2.7526665,3.2979083,2.8279736,2.9797344,2.9814124,3.2539582,2.827709,4.12827,3.8821027,3.920259,3.7656536,3.754227,3.6890202,3.8094308,4.0387387,3.3975792,3.3412716,3.5801642,3.50382,3.1105967,2.8942246,4.7495046,3.4440663,2.683406,2.515688,2.6397195,2.6481164,2.689119,3.22349,3.2495995,3.1614919,3.5359874,3.2669082,3.4630573,3.6284764,3.5297036,3.5364957,3.5150304,4.25849,3.594487,3.9303641,2.956252,3.6170902,4.5261707,3.8035688,3.440465,3.4775188,3.230066,3.420484,4.1241693,4.1770115,3.7292564,3.4315844,3.6862676,3.6733608,2.0451934,1.9322646,1.635882,2.2749393,2.9123964,2.7914824,2.8110325,2.7942123,3.3089538,3.2896552,3.1302629,3.194554,2.1142886,1.7568437,2.842542,2.62086,3.466209,3.788029,2.174149,2.7233264,2.8057456,2.786128,2.4732647,2.0623777,3.302349,3.5073643,3.3626475,3.0560281,2.3482106,2.4701538,2.5259478,3.4078596
13,3.5540593,3.5826669,3.1911862,3.1875532,3.107289,3.1211722,3.1469827,2.9898195,1.1560444,1.0801651,2.0289142,1.8733668,0.6544684,0.0,1.8348852,0.90928733,4.6639967,4.720688,4.815627,4.784117,4.5435696,4.525044,5.1406994,4.986343,3.9387312,3.9492216,4.029868,4.0089173,4.783759,4.8450627,4.917821,4.8042397,2.9211268,2.827002,3.0025358,3.376382,2.6962316,2.7381113,3.015829,3.0008757,2.992627,2.8004575,3.3619137,2.9374473,3.0550709,3.0846274,3.3211906,2.9632869,4.002181,3.912702,4.002459,3.7686758,3.7537835,3.6861935,3.8052323,3.8025157,3.476737,3.389088,3.6371555,3.564761,3.0620215,2.9440727,4.759818,3.5121872,2.603157,2.4865272,2.533554,2.5389369,2.7367914,3.223479,3.2766378,3.1722703,3.5148396,3.2542214,3.4364114,3.5993536,3.4801967,3.4910471,3.4670572,4.27722,3.5994627,3.8618054,2.893852,3.5908802,4.4231462,3.653693,3.2608728,3.3182352,3.3525267,3.4770625,4.149761,4.2100425,3.7473521,3.485181,3.5679886,3.5687559,1.9881912,1.8985512,1.6909808,2.2879353,2.8722806,2.7863917,2.8724878,2.8597975,3.434786,3.4171247,3.1958156,3.2619548,2.1997972,1.881016,2.8526075,2.6765437,3.5837853,3.8949578,2.441134,2.940909,2.750121,2.7416186,2.3543348,2.0315688,3.3768463,3.597529,3.574225,3.1479187,2.297789,2.5596154,2.6721904,3.3342752
14,3.457294,3.488862,3.2433398,3.238661,3.1583946,3.099623,3.1795394,3.0337057,1.6586205,1.8824875,2.3201604,2.0598383,1.7614958,1.8348852,0.0,1.9131715,5.114198,5.004579,4.727647,4.7212996,4.1913667,4.207398,4.626408,4.60123,4.019698,3.9715724,4.0159683,3.9988074,4.778529,4.844334,4.667449,4.5274997,3.970945,3.903955,3.9542148,4.366009,3.8046136,3.877382,4.4033856,4.4003153,3.865862,3.751893,4.152696,3.941052,4.051512,4.0158806,3.8880234,3.9494333,4.0566564,3.875512,4.1841493,4.025489,3.8123434,3.7650657,3.7473032,3.9840932,4.4187665,4.3941727,4.5471683,4.472087,3.4258687,3.4896257,5.266478,4.215811,3.1284938,2.859341,2.9322171,2.918065,2.634594,3.3074331,3.2670448,3.586046,3.8310127,3.650033,3.7651908,3.8885212,3.4269786,3.4367213,3.4946105,4.1704187,4.1255965,4.386343,3.611154,4.0719905,4.751405,4.2532635,3.8514807,3.9052591,3.8106136,4.2666583,4.5871773,4.8621616,4.296755,4.0579534,3.963599,4.2834086,2.865271,2.6437798,2.5378356,3.1949992,3.7086055,3.6071496,3.1930366,3.178812,3.8190312,3.814918,3.728111,3.7571974,2.6190047,2.3825576,3.1482434,2.9388204,2.9260223,3.240314,2.4919603,2.956546,2.922,2.892306,2.7099464,2.2195268,3.2489486,3.933269,3.8416393,3.1127079,3.2886338,2.9480846,2.7428951,3.4596744
15,3.1958594,3.247265,2.91172,2.904214,2.71005,2.690762,2.8502872,2.6440825,1.3429756,1.3185074,1.9850432,1.9071319,1.0832028,0.90928733,1.9131715,0.0,4.3116565,4.3742895,4.5080323,4.453722,4.3429184,4.323733,4.90056,4.770531,3.5497353,3.571003,3.7020545,3.683573,4.428705,4.4897633,4.5972304,4.4888115,2.7954342,2.7333913,2.9092014,3.1153822,2.632857,2.8506758,2.935119,2.901105,2.8169613,2.4964352,3.1354125,2.8785207,3.011696,2.8440857,3.2036395,2.7819593,3.8236647,3.664297,3.7909064,3.6381469,3.6798975,3.630503,3.599235,3.6081588,3.3843288,3.3058765,3.6380265,3.5637987,3.2093549,3.0240576,4.8619914,3.6849997,2.2631018,1.9913149,2.02409,2.0290504,2.3855653,3.0693967,3.161241,2.9944196,3.3247488,3.054406,3.128896,3.3270707,3.3443396,3.3611863,3.2742515,4.144867,3.8827899,4.0269628,3.1002078,3.700341,4.158267,3.7965467,3.3892686,3.3717725,3.4215536,3.5885923,4.182537,4.2223253,4.020531,3.6896584,3.5857413,3.7675858,2.1203837,1.9388537,1.4846323,2.3932903,2.8720183,2.7663321,2.7376475,2.7478054,2.84892,2.8379683,2.539925,2.5758119,1.8555449,1.6386069,2.2913556,2.0905275,3.427197,3.6146996,2.3033159,2.6843297,2.322967,2.3303185,2.3842306,1.9957513,3.2361548,3.1352158,3.3251257,2.9346464,2.190008,2.3293903,2.5630121,3.143417
16,5.5429516,5.567091,5.169492,5.1591434,4.9202127,4.8997507,5.2104034,5.0541997,4.498896,4.5959816,4.434628,4.5022893,4.6622915,4.6639967,5.114198,4.3116565,0.0,1.2970722,3.256203,3.2293463,3.4153852,3.3944151,3.8739352,3.6535842,2.0247648,2.1512394,2.1588671,2.153437,2.8828063,2.8870862,2.8892572,2.8858259,5.320111,5.3684764,5.3620653,4.805843,5.5313206,5.6500382,5.13097,5.1438446,5.645172,5.1517477,5.7482505,5.698822,5.6808763,5.645349,6.174529,5.5106034,3.5040083,3.3518844,3.2371807,3.1531258,3.0053072,3.117166,3.357555,3.5694194,5.421317,5.0242786,5.2066984,5.186155,4.700984,4.74548,5.5624084,4.8961124,3.4907146,3.2032566,3.1460516,3.1570256,3.3842688,3.6557665,3.887335,3.728223,4.1163993,3.897856,3.9718413,4.100021,4.0787044,4.083132,3.9078274,4.729233,5.3207793,4.658654,4.9112043,4.4394126,4.6877985,4.804266,4.2379985,3.955944,4.570783,4.348044,4.480768,4.5004783,5.2686176,4.873919,4.1384954,5.7118554,4.774378,4.476105,4.531814,4.8091025,5.089104,4.906171,5.054615,5.1523056,3.0793457,3.0732553,3.2762837,3.34761,3.635859,4.1857285,3.3405645,3.1719265,4.354834,3.668604,3.4956834,3.7113051,3.550228,3.5440552,3.559143,3.457815,4.4950237,4.544064,4.2141986,3.871132,3.4086168,2.9151137,3.3371575,2.5995028
17,5.5139365,5.543675,5.1030526,5.091147,4.929243,4.875871,5.179055,5.0105166,4.3822694,4.6340704,4.1390967,4.256445,4.6999536,4.720688,5.004579,4.3742895,1.2970722,0.0,3.595646,3.5541742,3.5772693,3.5897877,3.8975809,3.7677698,2.1064649,2.267652,2.376038,2.373756,3.2121632,3.242194,2.9790337,2.937712,5.7668037,5.8122005,5.80997,5.1143613,5.942552,6.0406613,5.554047,5.578737,6.0685806,5.5756583,6.180018,6.1194696,6.1272492,6.0903387,6.5981684,5.9384737,3.244734,3.0880446,3.170782,3.0409214,2.8197901,2.8803532,3.3020275,3.4995987,5.6716404,5.497414,5.532023,5.5222955,4.4772267,4.5080824,5.7299433,5.045389,3.5674388,3.2282374,3.0932796,3.1000648,3.1533864,3.3690665,3.633546,3.688991,4.1019063,3.9358618,4.0368247,4.14886,3.7898762,3.7958434,3.6432834,4.494314,5.386475,4.7122717,4.9656153,4.447138,4.719363,4.8100924,4.186113,3.8812656,4.5564504,4.4942765,4.46088,4.647364,5.324683,4.8998566,3.9321883,5.575305,4.739763,4.524216,4.5239015,4.804684,5.179544,4.994881,4.82028,4.919263,2.9247913,2.921251,3.368559,3.4534123,3.6791797,4.232638,3.464574,3.278414,4.369094,3.7121377,3.3932922,3.5251672,3.422647,3.4179275,3.38412,3.264724,4.534952,4.9409585,4.415761,4.131714,3.665503,2.7926948,3.24773,2.615379
18,5.6752887,5.7275357,5.4279943,5.422341,5.311448,5.156996,5.416199,5.306404,4.9139996,5.0477276,4.86004,4.853371,4.9721093,4.815627,4.727647,4.5080323,3.256203,3.595646,0.0,0.30211437,1.4829278,1.4146559,2.2391539,1.9237123,2.4818735,2.4132814,2.298017,2.3070345,3.7280924,3.714811,3.8658767,3.7607133,5.594664,5.6138296,5.6744747,5.0016,5.6681657,5.703558,6.044579,6.089584,5.6293383,5.2002697,5.7888355,5.8814216,5.8496346,5.8705235,5.590867,5.7057824,3.532673,3.7227201,3.6233377,3.5059671,3.4023125,3.537747,3.7802548,3.6455207,5.7700777,5.358929,5.5601006,5.513742,4.9200087,5.1704264,5.8869605,5.302186,3.9447002,3.6024196,3.494286,3.500178,3.8648698,4.21718,4.2991185,4.2590714,4.9349985,4.7039495,4.6306715,4.7199874,4.8210096,4.8212,4.695447,5.3995605,5.6773744,4.8658643,5.429018,4.7963758,5.1282587,5.07044,4.2373266,4.231144,5.02836,4.8091016,4.9849467,5.0400853,5.7362537,5.419663,4.4168563,5.9587474,5.089312,4.721246,5.037308,5.34657,5.306978,5.211097,5.414804,5.511405,4.7178802,4.7227817,4.6288834,4.654961,4.178703,4.6920185,3.92485,3.8455758,3.8486958,3.2017016,4.2424703,4.493761,3.9189482,3.9081647,3.738546,3.7399383,5.0180864,5.034136,5.3095083,4.3323503,3.7721272,4.1725755,4.0710926,3.035752
19,5.7264767,5.7828817,5.4585137,5.45273,5.306886,5.1565237,5.426429,5.304176,4.899507,5.0297694,4.8224382,4.819425,4.954557,4.784117,4.7212996,4.453722,3.2293463,3.5541742,0.30211437,0.0,1.5530754,1.4885803,2.3428533,2.0173469,2.4715984,2.4090667,2.3251579,2.333154,3.7666407,3.7559595,3.9093833,3.797598,5.577687,5.59822,5.665587,4.95437,5.644976,5.708468,6.0218973,6.0594964,5.606422,5.173412,5.765581,5.873524,5.862197,5.8554864,5.596228,5.6918745,3.4837625,3.685483,3.601828,3.476541,3.3490665,3.4801686,3.68155,3.5140736,5.7441063,5.330037,5.534488,5.491775,4.8478913,5.1095757,5.817471,5.230796,3.8681376,3.5264523,3.4065063,3.4129627,3.8226523,4.115046,4.2097015,4.1590924,4.873273,4.607317,4.4980946,4.587623,4.7192445,4.7214136,4.5965333,5.314226,5.6447163,4.820818,5.414312,4.7541947,4.997524,5.0305223,4.186147,4.17793,5.0067163,4.7746468,4.9451194,5.008229,5.715937,5.386923,4.338269,5.8773537,5.0017266,4.6374593,4.979479,5.2508497,5.247017,5.1655297,5.3600297,5.4581656,4.629679,4.636186,4.526292,4.564324,4.1816006,4.697059,3.8820796,3.802892,3.8863006,3.2422872,4.227382,4.462287,3.8220196,3.814301,3.742644,3.7325785,4.9776382,4.9688125,5.2910757,4.3264775,3.7677672,4.127081,4.052403,3.0106478
20,5.436554,5.4760847,5.095042,5.0920186,4.962207,4.823219,5.0909963,5.00952,4.488654,4.675849,4.5977902,4.5698023,4.6242557,4.5435696,4.1913667,4.3429184,3.4153852,3.5772693,1.4829278,1.5530754,0.0,0.12908371,1.6934057,1.5172329,2.3402624,2.191471,2.0449238,2.0588593,3.4868295,3.4866202,3.3796277,3.28846,5.6870956,5.668922,5.6722746,5.0788503,5.6928463,5.707703,6.0673065,6.1550393,5.780917,5.4147124,5.8479385,5.931156,5.9307146,5.971808,5.6903753,5.851959,3.189012,3.2622862,3.3457024,3.2284179,2.8669717,2.9837558,3.1328733,3.2708955,5.784703,5.368175,5.6545563,5.610841,4.7582083,5.0425653,5.8399715,5.091429,3.8571174,3.4870453,3.4903436,3.4846299,3.4453235,3.7459254,3.7058046,3.9260082,4.496514,4.2750926,4.252138,4.313617,4.212085,4.196935,4.109791,4.9048777,5.392623,4.642851,5.06634,4.5282526,4.9964967,4.978421,3.9558372,4.0438066,4.602525,4.5433054,4.7068906,4.890141,5.4520965,5.063189,4.171181,5.7243323,4.7356744,4.4500737,4.7986283,4.9890685,5.339965,5.1871967,5.0920577,5.1856103,4.506929,4.5082903,4.565445,4.6344595,3.9862797,4.4740047,3.827755,3.6396148,3.4316795,2.6910455,3.7219398,4.0377707,3.705514,3.6918073,3.4260316,3.2668796,4.27992,4.755303,4.75986,3.7633142,3.8254578,3.8021495,3.5788746,2.7597942
21,5.4292006,5.468529,5.0874066,5.0846434,4.956943,4.8212714,5.0790205,4.999317,4.491613,4.6596417,4.6078744,4.579326,4.6076794,4.525044,4.207398,4.323733,3.3944151,3.5897877,1.4146559,1.4885803,0.12908371,0.0,1.740018,1.5398024,2.3494408,2.2026546,2.0558307,2.069545,3.4625125,3.4598389,3.3911061,3.3001575,5.623317,5.6026645,5.60679,5.01232,5.628962,5.644206,6.009545,6.094059,5.716012,5.3501196,5.79397,5.868843,5.8670917,5.9110203,5.6214733,5.7863655,3.2021065,3.2797287,3.3228796,3.2104266,2.8821902,3.0013845,3.1512892,3.2850392,5.729881,5.3065276,5.594682,5.549881,4.75597,5.0276527,5.8236923,5.061849,3.8292,3.4746342,3.4802644,3.4755728,3.4689186,3.7670147,3.7288904,3.9168956,4.4949527,4.269451,4.244159,4.308196,4.247786,4.2328525,4.141941,4.9424634,5.379833,4.628215,5.0543528,4.518556,5.001836,4.977095,3.950482,4.041363,4.591429,4.5045514,4.700728,4.8629017,5.434731,5.0520854,4.18183,5.7155204,4.7198467,4.4304175,4.7840853,4.972777,5.29914,5.147666,5.089751,5.183478,4.509674,4.51076,4.5544143,4.6232147,3.972909,4.463127,3.8111413,3.6300106,3.4342535,2.7106771,3.7287927,4.0579104,3.7119403,3.6999352,3.436176,3.2763157,4.2922597,4.7252293,4.751612,3.7586038,3.781085,3.8145883,3.5911844,2.7640002
22,5.5825515,5.608586,5.2283216,5.2217803,5.1209383,4.96156,5.2210827,5.1614394,4.9072266,5.205167,5.006917,5.001337,5.1617217,5.1406994,4.626408,4.90056,3.8739352,3.8975809,2.2391539,2.3428533,1.6934057,1.740018,0.0,0.83736926,2.8949363,2.7698016,2.6601758,2.6727445,3.9632156,3.947119,3.664648,3.6492257,6.2407913,6.249715,6.2196784,5.6795516,6.291233,6.2889843,6.6412888,6.7056413,6.3350105,5.9684596,6.4476743,6.4985485,6.474812,6.5160394,6.2700696,6.418038,3.605982,3.674136,3.7592049,3.7959423,3.3279142,3.4299765,3.5451512,3.7684057,6.1760345,5.7835975,6.206496,6.1657114,5.1949606,5.5421224,6.195584,5.5738516,4.6330914,4.0378804,4.074269,4.069203,3.934205,4.1594124,4.1423597,4.4404373,5.049794,4.800121,4.8008885,4.851267,4.63475,4.615756,4.525754,5.1257963,5.905236,5.173278,5.5600996,5.0279293,5.1376843,5.1240945,4.142981,4.18568,4.9284563,5.1373434,5.1147237,5.3732877,5.894549,5.5841217,4.581864,6.185565,5.317888,5.064197,5.3277597,5.536766,5.9307933,5.8054395,5.406708,5.4931073,4.92815,4.930894,4.9684157,5.0353527,4.315246,4.8200097,4.1636386,4.021431,3.7051163,3.0918524,4.2307,4.621059,3.8644853,3.8434827,3.5399246,3.825612,5.002462,5.1663065,5.287208,4.3157907,4.473623,4.3293858,4.145812,3.3636806
23,5.8263693,5.856038,5.4820685,5.475296,5.359905,5.222452,5.469517,5.3977656,4.87359,5.0785723,4.9499483,4.9414487,5.0266,4.986343,4.60123,4.770531,3.6535842,3.7677698,1.9237123,2.0173469,1.5172329,1.5398024,0.83736926,0.0,2.7363808,2.6120152,2.485377,2.4927719,3.701137,3.6817203,3.5157175,3.4618366,5.9682817,5.9678726,5.956928,5.339813,6.030129,6.0337553,6.380864,6.4434032,6.0834694,5.713751,6.1754913,6.241077,6.230202,6.2820525,6.0229855,6.157857,3.686036,3.6730626,3.6989775,3.5758395,3.1571846,3.2567897,3.4337423,3.6839592,6.058401,5.6402655,5.919024,5.8764534,5.1149454,5.4151773,6.016853,5.3868527,4.481441,3.8551059,3.9177926,3.9085145,3.8136144,4.056042,4.0479207,4.2496424,4.961754,4.69588,4.6678004,4.728384,4.6030436,4.589082,4.5124245,5.0991945,5.733403,4.9458475,5.4790273,4.8730245,4.923115,4.9228144,3.8756526,3.9591799,4.8717537,4.850745,4.9321313,5.13241,5.7452183,5.413259,4.465656,6.0321517,5.157119,4.880447,5.1775784,5.372393,5.711805,5.581724,5.4202967,5.508633,4.9292145,4.9308066,4.894288,4.962757,4.311868,4.8123364,4.14334,3.986981,3.7845767,3.1493902,4.106368,4.4890494,3.7376184,3.714874,3.4130905,3.7276573,4.951061,5.046784,5.26948,4.186578,4.1697044,4.192012,3.9798963,3.2423334
24,4.706822,4.7326884,4.562522,4.551052,4.321396,4.1691513,4.5466576,4.4366846,3.7682092,4.0307436,3.7803216,3.8527644,4.0006967,3.9387312,4.019698,3.5497353,2.0247648,2.1064649,2.4818735,2.4715984,2.3402624,2.3494408,2.8949363,2.7363808,0.0,0.24438342,0.57289183,0.56828207,2.7076042,2.7478983,2.552596,2.5261564,5.1296506,5.1391134,5.18507,4.497676,5.1814766,5.2481856,5.1676536,5.1930456,5.211184,4.701213,5.2678757,5.340881,5.189614,5.1720104,5.5177073,5.15051,3.3406646,3.2664993,3.483356,3.3039093,2.9383888,3.036203,3.1537702,3.2320662,5.5241065,5.1650305,5.498042,5.4440193,4.6436205,4.8343835,5.7921896,5.0410337,2.9824147,2.4623077,2.4257803,2.4160275,2.5144737,3.4025717,3.5965636,3.6757329,4.029345,3.7790928,3.8634899,3.9873874,3.7445512,3.7438488,3.5917935,4.506857,5.324023,4.6624684,4.8164883,4.429191,4.639747,4.689642,3.9143448,3.7690396,4.5023293,4.5101132,4.5694895,4.698608,5.3400044,4.89926,3.9120612,5.434009,4.4009037,4.162024,3.846977,4.524095,5.0349116,4.894401,4.7154317,4.8127794,2.9920135,2.9900281,3.154947,3.1079595,3.0337923,3.574799,2.686076,2.5104265,3.620531,2.8870559,2.9187305,3.1335773,2.9180355,2.9311838,2.705008,2.5074234,3.6976802,4.0927153,3.855701,3.1993432,2.9994135,2.4852688,2.7829654,2.0528097
25,4.7178345,4.7398148,4.575998,4.565174,4.32039,4.1706533,4.5490265,4.4475284,3.7917695,4.0390544,3.8155103,3.8794107,4.002692,3.9492216,3.9715724,3.571003,2.1512394,2.267652,2.4132814,2.4090667,2.191471,2.2026546,2.7698016,2.6120152,0.24438342,0.0,0.4611299,0.46132362,2.669348,2.7082834,2.4950478,2.4700825,5.1403575,5.1509676,5.1904635,4.5185213,5.1906815,5.2635245,5.219478,5.2415085,5.2161202,4.722133,5.2723527,5.349,5.2024775,5.1786456,5.486385,5.1624346,3.38241,3.3039947,3.5145895,3.3504465,2.962427,3.0613048,3.1417472,3.2611609,5.561232,5.184416,5.5353174,5.4793863,4.684551,4.891949,5.7862988,5.0471053,3.0138216,2.4885263,2.4778688,2.4679255,2.5226545,3.4217212,3.59444,3.6952798,4.056092,3.7970638,3.8703375,3.9839144,3.754225,3.7508512,3.6061978,4.50008,5.333969,4.67314,4.8503366,4.4463463,4.6462193,4.7198577,3.945719,3.8181386,4.512346,4.536517,4.587464,4.7207026,5.3503375,4.9120693,3.9532456,5.461387,4.405793,4.1699443,3.858203,4.5283346,5.0731807,4.936491,4.7451973,4.841745,3.0603213,3.0585024,3.2111402,3.1644456,3.078029,3.6112256,2.716128,2.5400963,3.549131,2.8052862,2.8941565,3.1349273,2.9195814,2.9265373,2.7300105,2.5238237,3.6396687,4.0597057,3.8392344,3.1465204,3.0459855,2.5220087,2.756216,2.042534
26,4.806635,4.830256,4.67531,4.6655164,4.472542,4.320033,4.6875067,4.595282,3.8916492,4.1229773,3.9403894,3.9513817,4.0907187,4.029868,4.0159683,3.7020545,2.1588671,2.376038,2.298017,2.3251579,2.0449238,2.0558307,2.6601758,2.485377,0.57289183,0.4611299,0.0,0.043244246,2.7133775,2.7465594,2.5165994,2.483903,5.234452,5.2278438,5.270928,4.651695,5.2595286,5.3100066,5.3008695,5.351537,5.2875504,4.828846,5.318532,5.399687,5.2941284,5.3081,5.564109,5.2752633,3.4111972,3.3516939,3.5762913,3.3997216,2.9909208,3.097375,3.2317007,3.3389664,5.67319,5.2585053,5.6111493,5.5520263,4.7284513,4.963722,5.8431845,5.0793724,3.1928115,2.7060018,2.6925569,2.6851423,2.6809332,3.553338,3.6971557,3.820198,4.179953,3.967476,4.0455956,4.1660004,3.9048135,3.9014559,3.7646537,4.6618223,5.3658023,4.721524,4.872872,4.5173054,4.801909,4.776172,3.9702246,3.878619,4.612391,4.604558,4.678256,4.814496,5.396547,4.9869475,4.0807676,5.5968795,4.5386868,4.2724824,4.0312023,4.679791,5.1868405,5.03402,4.8842616,4.979756,3.30247,3.2992556,3.4260178,3.3764853,3.2032235,3.717577,2.9083436,2.7259052,3.5047445,2.7295656,3.0092454,3.2570384,3.0590966,3.0681617,2.7932537,2.6368072,3.7700768,4.1957183,3.9906523,3.2303283,3.130651,2.6703143,2.8257086,2.0660439
27,4.806947,4.830472,4.6753707,4.6654825,4.469895,4.318749,4.684637,4.5910172,3.8720918,4.1033683,3.9252782,3.9352074,4.0712614,4.0089173,3.9988074,3.683573,2.153437,2.373756,2.3070345,2.333154,2.0588593,2.069545,2.6727445,2.4927719,0.56828207,0.46132362,0.043244246,0.0,2.7163057,2.749874,2.5188186,2.484875,5.2189116,5.2126737,5.255958,4.6441526,5.2450533,5.294562,5.285587,5.3343363,5.2720385,4.813072,5.3078184,5.3848386,5.2753096,5.2912602,5.5518494,5.258679,3.4107804,3.3532302,3.5765104,3.393469,2.979381,3.0861235,3.2197244,3.3264232,5.6634965,5.247463,5.596377,5.537085,4.7137823,4.9518414,5.8282924,5.0660977,3.1758187,2.6893573,2.6768215,2.6688523,2.6675496,3.539331,3.686774,3.808864,4.167622,3.9507935,4.0314455,4.1519375,3.8872807,3.884326,3.7501562,4.645813,5.347893,4.706015,4.860014,4.5027733,4.78716,4.7563424,3.9551065,3.8606765,4.6026793,4.5934286,4.6667657,4.803886,5.3784904,4.971542,4.0654263,5.581042,4.523418,4.2553844,4.013734,4.6632805,5.1702332,5.019434,4.8759427,4.970857,3.296339,3.293104,3.4155078,3.3666108,3.1883006,3.701324,2.8948796,2.714154,3.4983141,2.729552,2.994374,3.2492373,3.045562,3.0542564,2.7729118,2.617956,3.7564964,4.1857915,3.9800806,3.2126167,3.1140893,2.6508524,2.8104908,2.0515287
28,5.366228,5.348957,5.2348857,5.2277956,4.7624254,4.762158,5.0532393,4.993781,4.5513864,4.317646,4.659493,4.6693683,4.541183,4.783759,4.778529,4.428705,2.8828063,3.2121632,3.7280924,3.7666407,3.4868295,3.4625125,3.9632156,3.701137,2.7076042,2.669348,2.7133775,2.7163057,0.0,0.12466539,1.112411,1.1143843,4.8196054,4.854689,4.71018,4.2256303,5.044498,5.1402183,5.1862793,5.0868034,5.02209,4.634025,5.087919,5.0656157,5.0844426,5.0939207,5.340731,4.95204,4.8285537,4.15921,3.8931563,3.935175,3.5936499,3.7154772,3.9155135,4.831195,5.6168776,5.179237,5.465696,5.3935943,5.488341,5.279702,5.8225813,5.123533,3.6227012,3.186595,3.4553044,3.4602995,3.2539947,4.0850763,4.1255155,3.9792902,4.7041144,4.4168715,4.512459,4.6730194,4.841525,4.8459015,4.7357306,5.1836147,5.4857907,4.9777236,5.3089767,4.766924,5.48457,5.516027,4.9493947,4.747216,4.556357,4.3388243,4.6144443,4.524481,5.4225636,4.9651494,4.812408,5.8972244,4.9760537,4.612148,4.337583,4.906183,5.51893,5.2581973,5.3708277,5.4626174,3.7257612,3.7277048,3.7742903,3.7290316,3.6428568,4.126712,3.4189813,3.210365,3.7160497,3.0111475,3.1384213,3.4571362,4.238962,4.2028513,4.107385,3.6653645,4.2283573,4.205736,3.8756793,3.6166718,3.4316669,3.3099577,3.1807709,3.2505126
29,5.412213,5.395282,5.2752213,5.268304,4.8101406,4.8115754,5.0937867,5.0367274,4.6193995,4.3807554,4.738032,4.7481046,4.603543,4.8450627,4.844334,4.4897633,2.8870862,3.242194,3.714811,3.7559595,3.4866202,3.4598389,3.947119,3.6817203,2.7478983,2.7082834,2.7465594,2.749874,0.12466539,0.0,1.1547613,1.1685288,4.8438177,4.8759947,4.726482,4.242228,5.0714326,5.1674747,5.2126565,5.113188,5.0502367,4.6633177,5.125712,5.095631,5.109799,5.1219153,5.3592362,4.9785266,4.8478703,4.1855793,3.8928955,3.9434178,3.6194928,3.7446303,3.9338887,4.853579,5.628102,5.1846423,5.4722657,5.4002037,5.538385,5.327635,5.8621464,5.157638,3.6760228,3.2488933,3.5195625,3.5241373,3.3336594,4.1376734,4.1758113,4.0183864,4.736234,4.4490104,4.5408072,4.6998897,4.8918695,4.8955126,4.783804,5.236422,5.5322733,5.014712,5.3536124,4.808736,5.5108852,5.55615,4.9755898,4.776967,4.591984,4.3594203,4.6524005,4.5520244,5.459143,5.011565,4.863386,5.953406,5.0298324,4.6651177,4.408948,4.9614944,5.55083,5.290262,5.4189568,5.5111027,3.788056,3.7900202,3.82985,3.7888412,3.6968026,4.1881766,3.4622319,3.2619731,3.7524202,3.0521452,3.2133965,3.5501032,4.28023,4.2461157,4.155344,3.7298357,4.28372,4.2247195,3.918961,3.6499264,3.4803066,3.3910005,3.258651,3.296908
30,5.4348288,5.4108853,5.2875776,5.2790728,4.8159328,4.801356,5.1157146,5.050596,4.518532,4.4468455,4.5613346,4.5715556,4.6646132,4.917821,4.667449,4.5972304,2.8892572,2.9790337,3.8658767,3.9093833,3.3796277,3.3911061,3.664648,3.5157175,2.552596,2.4950478,2.5165994,2.5188186,1.112411,1.1547613,0.0,0.35128555,5.4472556,5.4733205,5.3259726,4.951561,5.6453137,5.735287,5.7256703,5.6422725,5.628244,5.2571282,5.712447,5.6727395,5.662804,5.66788,5.952757,5.5624,4.725842,4.109065,4.036801,4.0686374,3.456958,3.5823479,3.7490425,4.721131,6.1124177,5.6964264,5.994986,5.933534,5.428176,5.4095078,5.959115,5.256022,3.8312721,3.3803782,3.6154003,3.6153202,3.1728108,3.9837751,4.026855,4.1507516,4.7720966,4.4713645,4.5966134,4.7220864,4.5714016,4.5720124,4.513376,4.963566,5.6761174,5.1875644,5.4682803,4.938046,5.5535326,5.6122975,5.031106,4.8202004,4.722456,4.7443657,4.8033204,4.902048,5.5666857,5.154481,4.833951,6.1061215,5.1561437,4.8251357,4.529644,5.077487,5.8883705,5.648851,5.487516,5.573771,3.650298,3.6539993,3.8989356,3.863846,3.7829883,4.2681904,3.5544739,3.3434668,3.637238,2.8933098,3.0754318,3.4419274,4.1244383,4.0910144,4.0004516,3.597852,4.142065,4.529597,3.9790225,3.6555088,3.8918433,3.182394,3.067553,3.1077006
31,5.4364057,5.4213705,5.2877154,5.279481,4.834597,4.819063,5.134024,5.0551057,4.429643,4.3409524,4.41857,4.4171205,4.5591974,4.8042397,4.5274997,4.4888115,2.8858259,2.937712,3.7607133,3.797598,3.28846,3.3001575,3.6492257,3.4618366,2.5261564,2.4700825,2.483903,2.484875,1.1143843,1.1685288,0.35128555,0.0,5.3609548,5.3849554,5.248013,4.8632307,5.5605893,5.6604586,5.667378,5.5934224,5.541007,5.18085,5.63546,5.587804,5.6192284,5.6192684,5.855957,5.488001,4.6481442,4.026766,3.961094,3.9508054,3.349307,3.4691837,3.6829875,4.6490436,6.051459,5.665862,5.881819,5.820862,5.2636385,5.2289233,5.846605,5.1343126,3.708059,3.2731185,3.4925325,3.4925673,3.0373096,3.8645737,3.898603,4.03389,4.7049475,4.4231763,4.530498,4.6582694,4.4876814,4.491883,4.4469724,4.8951626,5.5648856,5.0803876,5.3767037,4.843106,5.484211,5.529197,4.9488325,4.7445645,4.6633024,4.6416793,4.7142496,4.8242297,5.453504,5.053943,4.7465463,5.998983,5.0380793,4.690572,4.4291515,4.9743023,5.758121,5.5103836,5.3932486,5.478508,3.6187153,3.623799,3.8601184,3.8271916,3.7425232,4.2189245,3.524771,3.313993,3.5085022,2.774504,2.9630275,3.3287902,4.021802,3.9858236,3.9269967,3.500592,4.1124334,4.544772,4.032346,3.641853,3.7956758,3.0955153,2.9238214,2.9941275
