,0,1,2,3,4,5,6,7,8,9,10,11,12,13,14,15,16,17,18,19,20,21,22,23,24,25,26,27,28,29,30,31,32,33,34,35,36,37,38,39,40,41,42,43,44,45,46,47,48,49,50,51,52,53,54,55,56,57,58,59,60,61,62,63,64,65,66,67,68,69,70,71,72,73,74,75,76,77,78,79,80,81,82,83,84,85,86,87,88,89,90,91,92,93,94,95,96,97,98,99,100,101,102,103,104,105,106,107,108,109,110,111,112,113,114,115,116,117,118,119,120,121,122,123,124,125,126,127
0,0.0,1.8308053,2.1930926,0.8558657,3.9702716,3.9061725,4.0643983,4.329507,2.5798204,2.2954512,1.6009346,3.588087,2.084863,1.7319826,2.1964805,2.2284636,3.0538049,3.2179158,3.141054,3.15871,2.5595784,2.7334538,3.3299289,2.828191,2.6344535,2.9322033,2.9559162,3.7070222,2.4808364,4.5670104,3.4843223,2.6014717,3.0629983,2.6542957,3.508771,3.0146434,2.9880373,3.1059527,2.596845,2.591503,2.7526095,2.0769787,3.1896832,3.0201182,2.3768296,2.5642574,3.0919414,2.4835997,3.3308053,3.4053874,3.4504073,3.2795854,3.6691701,3.7543807,3.527968,3.8132641,4.93247,4.9535685,4.9320025,5.057809,3.4212432,3.8238518,3.2066445,4.002839,3.541674,3.4387045,2.9021213,2.7105522,3.9655619,3.676476,3.5575733,3.5575733,3.283123,2.4234488,2.546885,2.5507743,2.9194176,2.9656763,2.917703,2.9183214,3.1079147,3.247782,3.8389795,3.5938973,2.6262643,2.5886383,2.4964979,2.442699,2.6518428,2.7904043,3.0022418,2.8309774,3.1657553,3.0913994,3.2135296,2.7752366,3.168886,2.890965,2.9005694,2.8883953,3.1786942,3.0547895,3.6338656,3.1838353,3.0878177,3.1965976,3.6803372,3.1025062,2.7946608,2.9106,3.4170887,3.5701578,2.1635976,2.3123014,2.5648096,1.8922906,3.2810016,2.332748,2.0734112,2.963048,2.4716542,3.0199733,4.3730507,2.8100991,3.4712794,2.8455884,2.9745302,2.5289779
1,1.8308053,0.0,2.5460951,1.8217175,3.708699,3.6083927,3.6151807,4.369781,3.0106306,2.7846494,2.2256327,2.7170444,2.649584,2.1974685,2.9567668,2.6901991,2.9579024,3.139844,3.0351331,3.049611,2.6001613,2.7431352,3.1578813,2.7419918,3.141388,3.1196084,2.9699216,3.8246768,3.192268,5.0129724,3.0097733,2.5030267,2.958644,2.5277271,3.3516386,2.9184883,2.963927,3.0208669,2.4517567,2.448773,2.1566453,2.086125,2.8406081,2.5934603,2.369407,2.46306,2.5051877,2.3896916,3.8458016,3.9572873,3.8551075,3.8319588,4.083184,4.528405,4.4206944,4.6551857,4.205255,4.23579,4.181511,4.2970366,3.97774,4.279721,3.7791862,3.594447,4.179369,4.043451,2.6710317,2.4627326,3.407137,3.0601315,2.9009604,2.9009604,2.630418,2.2971337,2.3978271,2.414647,2.8251655,2.867341,2.8191993,2.8132489,3.4830167,4.008598,3.2308557,2.9183784,2.978352,2.8482769,2.849559,2.836103,2.7421017,3.1689463,3.1005476,2.9225175,3.0311942,2.9271436,3.5907977,3.1250005,2.7199647,2.5689669,2.8480582,2.8234017,2.6342723,2.4041576,3.1578393,2.5048592,3.1829658,3.2896018,3.7031965,3.344728,3.2267053,3.201015,3.4169004,3.5813293,2.3147855,2.5058515,2.4464993,2.6950517,2.7650847,2.32865,2.7132218,2.541371,2.751816,2.552355,3.6338766,2.4464765,3.1871772,2.4520566,2.592724,2.637542
2,2.1930926,2.5460951,0.0,2.2492547,3.5469859,3.4665744,3.6783526,4.5033393,3.0438528,2.8302279,2.3879397,2.522139,2.9898243,2.70126,3.3298838,3.0301585,3.162231,3.2852871,3.2429724,3.2669604,2.6585503,2.849438,3.5949523,2.9219394,3.1980865,3.1418574,2.8190792,3.692632,3.4007776,5.2212634,3.1143076,2.600927,3.0771048,2.8360384,3.4233394,2.8106008,3.0334983,3.1163776,2.7383206,2.56731,2.3804135,2.4398317,3.6019955,3.4337869,2.3019812,2.3601263,2.6290722,2.5088885,4.1956215,4.220673,4.130403,4.1307416,3.6261756,4.119358,3.905796,4.1200614,4.232791,4.235026,4.2430096,4.3988514,4.227863,4.574825,4.0122333,3.8112488,2.5944262,2.519636,3.1011443,2.9081025,3.651134,3.3784583,3.2460773,3.2460773,2.674516,2.4887395,2.6301677,2.6144147,2.9790537,2.9861293,2.979862,2.993874,3.7668328,3.2524009,3.2325203,2.9997718,3.3276236,3.2516725,3.0995388,3.0585186,3.5185208,3.3771005,3.8481221,3.7288404,3.349145,3.264715,3.8074813,3.4886339,2.8820243,2.7502728,2.9732208,2.9336386,2.6172554,2.4745429,3.070598,2.6319335,2.1854312,2.352225,3.0365853,2.676127,2.4805965,2.388924,2.6112607,2.8725555,2.3010213,2.2386122,2.4349806,2.8238316,2.6259747,2.7120302,2.948591,2.5604942,2.2408657,2.9358943,3.518742,2.5255265,3.3580167,2.5983732,2.775451,2.906452
3,0.8558657,1.8217175,2.2492547,0.0,3.9216578,3.8807478,3.8121781,4.244687,2.7456734,2.539646,1.8524054,3.3987854,2.0978312,1.6982538,2.2710693,2.3304744,2.8905594,3.130615,2.998416,3.014409,2.6682632,2.6743436,3.3682113,2.9248648,3.0552096,3.2764122,2.9229152,4.041038,2.6069381,4.6835203,3.3207011,2.7314837,3.0590196,2.6521375,3.3115523,2.9274297,3.0006661,3.1539607,2.6187763,2.662356,2.6546135,1.9988507,3.0354667,2.915047,2.4576495,2.6185775,2.9301553,2.509669,3.3761876,3.4607232,3.493253,3.3367252,3.642495,3.760814,3.7134495,3.9207602,4.738463,4.783739,4.7431045,4.872776,3.4735243,3.7520401,3.351815,3.874833,3.407206,3.3015096,2.6399665,2.427582,3.7353845,3.4215581,3.3209157,3.3209157,3.1004522,2.3186789,2.448167,2.448881,2.806772,2.8614874,2.804529,2.804961,3.1671948,3.3901753,3.6854618,3.427008,2.6106286,2.5404055,2.4652748,2.4076304,2.5403998,2.7262979,2.8863795,2.7323968,2.9064338,2.8371832,3.100843,2.6777112,3.1210332,2.8503025,2.9065473,2.8873641,3.1091025,2.906224,3.5393748,3.121626,3.079084,3.1738577,3.6237636,3.165374,2.8330145,2.9257505,3.377414,3.586597,2.184254,2.4011328,2.553024,2.1574748,3.2073371,2.4164233,2.3291118,2.9833045,2.4801686,3.0428119,4.1949887,2.6919007,3.3728018,2.7167463,2.8791037,2.4656994
4,3.9702716,3.708699,3.5469859,3.9216578,0.0,1.4366164,3.851345,4.3353395,4.6190095,4.4581804,4.526656,3.3047125,4.396138,4.280106,4.4230895,4.1646357,2.629728,4.1923976,2.5521276,2.5601206,3.1189656,3.2603958,3.2024004,3.181143,3.6475978,3.5096145,2.7946234,4.0850115,3.7133825,4.6818733,3.7728226,3.9270604,2.6254187,3.8748658,2.596493,2.3653674,2.6917212,2.9827778,2.6808536,2.5661492,2.4497166,2.809262,4.00265,4.0207157,2.5612435,2.657048,2.7183735,2.6334565,4.8465753,4.756602,5.199712,4.829885,4.3053675,4.6280537,4.6885023,4.9838343,4.2989655,4.212255,4.2923226,4.1173706,4.670436,4.5672355,4.722421,4.0327883,3.5655904,3.4547389,3.160221,3.0463648,3.0075421,3.1177185,2.9837976,2.9837976,2.698006,2.691684,2.7551363,2.7323692,2.1155815,2.0700438,2.132532,2.149485,4.252294,4.108678,3.0967736,3.3760228,3.752323,3.6325743,3.663827,3.7048452,3.740206,3.468716,3.6385977,3.8277743,3.409151,3.3804777,3.4182994,3.6714005,3.699009,3.8112419,3.8594098,3.8474205,2.6680834,2.493852,2.2479048,2.6606357,3.9206917,3.947638,3.5881267,3.770442,3.8416188,3.7792032,3.6793506,3.6947458,2.4862463,2.3848116,3.188105,3.1686397,2.1770701,2.9361181,3.2507179,2.681885,2.7445014,2.9509783,3.0071893,2.6396031,2.833429,2.6525445,2.4362857,2.3483727
5,3.9061725,3.6083927,3.4665744,3.8807478,1.4366164,0.0,4.052148,4.5050964,4.893479,4.7112303,4.6817856,3.6633968,4.8546653,4.5278654,4.577597,4.3543057,3.2417443,3.377462,3.158863,3.1665387,3.4654727,3.5930033,3.9520016,3.4943392,4.1501994,4.093786,3.5569417,4.644043,3.9591806,4.877701,3.9680812,4.303754,3.1029003,3.2158794,2.785928,2.6660826,3.0207114,3.3353808,2.9380145,2.8358686,2.7516916,3.1153626,4.3345637,4.2173495,2.8932617,2.9818888,2.9367971,2.9045134,5.157223,5.0901394,5.48682,5.128731,4.6724186,4.9423237,4.990811,5.3642683,4.557818,4.512524,4.4989343,4.349991,4.949511,4.8359866,4.9984345,4.2546835,3.807293,3.7021632,3.418657,3.3094637,3.560349,3.2995458,3.1254184,3.1254184,2.9652717,2.9796903,3.0246315,3.0064077,2.4704468,2.4415758,2.482877,2.495542,4.40736,4.273913,3.3508716,3.627924,4.064516,3.9365919,3.9095588,3.9389477,4.081272,3.6903582,3.9749498,4.1388845,3.6797254,3.6987126,3.921791,3.9352522,4.0207777,4.055105,4.1595025,4.15712,2.9202464,2.866085,2.7960813,2.8940077,4.1627135,4.194193,3.8904707,3.9557314,4.2473617,4.165731,4.130118,4.0586495,2.9351587,2.8368344,3.5516782,3.5159369,2.5726528,3.2826283,3.6512198,3.0668094,3.126146,3.1926908,3.7372646,3.2037234,3.1884398,3.04436,2.8136468,2.764395
6,4.0643983,3.6151807,3.6783526,3.8121781,3.851345,4.052148,0.0,2.6432405,4.178698,4.1686835,3.9685915,3.3146849,3.8120298,3.7512393,4.123917,3.823353,3.2681727,4.3820252,3.3211708,3.3333921,3.554459,3.631623,3.72444,3.5694456,4.873825,4.663083,4.2284994,5.0853734,3.35205,4.903729,3.7087457,3.6483703,3.3757372,4.072464,3.8085084,3.3408937,3.3699794,4.513629,3.2495751,3.273993,2.879771,3.1737106,2.804831,2.7626584,3.1130574,3.3221886,3.1051807,3.2393014,4.6901875,4.6987195,4.772544,4.704141,4.3331428,4.9447737,4.9130263,4.912014,4.047335,3.9841323,4.1251235,4.213277,4.729867,4.8350744,4.8290076,4.115423,4.245256,4.1137238,3.5389252,3.45449,3.5138588,3.4471276,3.3515837,3.3515837,3.1290665,3.2688773,3.3559868,3.3561752,3.537775,3.554785,3.5359666,3.5361977,4.7058225,4.859714,3.9409719,3.6988108,4.4119396,4.252076,4.1353607,4.1707873,4.2700114,4.2229366,4.360184,4.272836,3.9047945,3.910198,4.3984327,4.312047,3.1791358,3.406313,3.5124698,3.4923897,3.09574,2.910947,3.1949441,2.757216,3.562862,2.8896027,3.7829835,3.7053497,3.7189336,3.5713005,3.454808,3.6167886,3.2944443,3.3238084,3.2675524,3.8019118,3.1245177,3.3307266,3.774769,3.083212,3.3108757,3.3369331,3.3476622,2.8948498,3.4286468,2.995699,3.0797436,3.243753
7,4.329507,4.369781,4.5033393,4.244687,4.3353395,4.5050964,2.6432405,0.0,4.612068,4.666805,4.3464184,4.878392,4.113237,4.2823796,4.358596,4.16645,3.592518,4.5978475,3.5991218,3.6042743,3.796556,3.891208,3.9608831,3.8558335,4.8252096,4.7991776,4.582637,5.1262565,2.887746,2.9078548,4.223802,4.3796306,3.7914371,4.3580203,3.8369353,3.4059043,3.4922247,4.6029053,3.3928158,3.306565,3.6189506,3.4292128,2.992895,2.8632948,3.2111263,3.4686763,3.7275386,3.4004712,4.1360064,4.019812,4.1790986,4.1458907,4.041798,4.316186,4.282971,4.1923904,4.5019264,4.4527307,4.592334,4.665553,3.9178977,3.884484,4.1802325,4.218514,4.5309744,4.400348,3.9855635,3.86995,4.3342695,4.3117332,4.219798,4.219798,3.9451492,3.5981238,3.747136,3.7507644,3.972733,4.010348,3.981196,3.979876,4.59051,4.721162,4.637566,4.468478,4.209995,4.1111383,4.194699,4.1525855,4.0364337,4.105604,4.171658,4.06987,4.1425905,4.1261826,4.249246,4.125154,3.8649404,4.0360804,3.949246,3.978475,4.0105343,3.8480422,4.0936713,3.7778199,4.0648985,3.496897,4.379646,4.0470405,3.9066536,3.8748717,3.958698,4.1369514,3.558457,3.5355637,3.502672,3.5253894,3.8544774,3.6025505,3.6701002,3.818267,3.590565,3.9736197,4.5589356,3.6635802,3.3092542,3.7480576,3.8132603,3.4850142
8,2.5798204,3.0106306,3.0438528,2.7456734,4.6190095,4.893479,4.178698,4.612068,0.0,0.81817085,1.8896638,3.7858796,2.160204,2.2603142,2.7661006,2.6115396,3.058197,4.2864885,3.0577471,3.070801,2.9332442,3.5505474,3.2514045,3.222042,3.2306502,3.3010864,3.4161909,3.9878669,3.0029857,5.022758,3.4897373,1.9378084,3.3755703,4.1726665,3.9642582,3.3133266,2.8386304,3.2103233,2.8737204,3.2063565,3.4012938,2.895351,2.902875,3.360988,3.0727909,3.1741862,3.3713686,2.5664134,3.5771356,3.7072065,3.6048641,3.6035447,3.6673276,3.805815,3.5712063,3.7665641,4.9671454,4.961391,5.046834,5.1558013,3.7821836,4.1947994,3.5505567,4.237368,4.1142564,4.0114217,3.2423325,3.5078588,4.2746477,3.871218,4.158752,4.158752,4.205789,3.6839776,3.8280935,3.8323605,4.185366,4.2108335,4.187876,4.193262,3.6921523,4.021831,4.132116,3.861036,3.769878,3.7070978,3.243303,3.5924003,3.7705624,3.8482819,3.6788194,3.3697815,3.676636,3.6205297,3.839918,3.780346,3.185619,3.0624957,2.862637,2.8198698,3.646484,3.678402,3.8987935,3.5582883,3.3527465,3.4003332,3.7423408,3.3022673,2.8857343,3.0278153,3.3012497,3.420031,2.853155,2.7883816,2.7959912,2.6926906,3.8171294,3.2642446,3.0469205,3.5857563,3.4028645,3.4958453,4.4286456,3.2666032,3.7168849,2.924863,3.2936082,2.9887114
9,2.2954512,2.7846494,2.8302279,2.539646,4.4581804,4.7112303,4.1686835,4.666805,0.81817085,0.0,1.8669748,3.6980646,2.1984155,2.0351343,2.5161214,2.533754,2.9609225,4.1170278,2.9788132,2.9948761,2.7642827,3.3953085,3.1257296,3.0546129,2.9456756,3.0479965,3.2527256,3.915218,2.8321376,4.931709,3.456228,1.6525464,3.1026356,3.829668,3.851168,3.1430197,2.8026452,3.043224,2.715459,3.0088055,3.2073224,2.6929288,2.7801409,3.1554582,2.860951,2.9115667,3.2201488,2.382869,3.9596586,4.080217,3.9079328,3.9803054,4.0894756,4.2045517,3.9503057,4.149478,5.2691984,5.272472,5.333975,5.4387794,4.1240644,4.536742,3.889173,4.562539,4.0023518,3.8960927,3.1226985,3.339712,4.138902,3.7641962,4.001453,4.001453,4.0097265,3.4345374,3.50021,3.504533,3.8739376,3.9013984,3.8753946,3.881211,3.3807254,3.6824658,3.9124703,3.6485343,3.4243445,3.3583908,2.896608,3.2298677,3.4569688,3.53552,3.4212637,3.107946,3.4098632,3.3530295,3.5768123,3.4432528,2.9899087,2.9221103,2.6257894,2.5929458,3.4815638,3.5451107,3.7748623,3.4247983,3.1713254,3.2100406,3.5531986,3.1031053,2.7594666,2.9020896,3.1983526,3.291048,2.688743,2.588862,2.8935258,2.4775896,3.6758559,3.1000614,2.8267264,3.4302073,3.2386785,3.312389,4.365477,3.1723,3.6707575,2.8754585,3.1993365,2.8669682
10,1.6009346,2.2256327,2.3879397,1.8524054,4.526656,4.6817856,3.9685915,4.3464184,1.8896638,1.8669748,0.0,3.4086704,1.2930111,1.4265945,2.1085873,1.8095958,3.2598422,4.049048,3.301748,3.3205369,2.8097348,3.034949,3.2889488,3.0770574,2.7263365,2.8266268,3.1127923,3.4472716,2.799997,4.88827,3.2036262,1.9686748,3.2694519,3.629504,3.766239,3.1736639,3.1288605,3.346737,2.802618,2.7408977,2.8981612,2.4113574,2.9390411,2.8394532,2.5081258,2.6713552,3.2410195,2.672425,2.9783776,3.103961,2.922635,2.9163265,3.2515693,3.4635513,3.1807632,3.2772274,4.470133,4.4878716,4.5068617,4.657097,3.1587348,3.6914647,2.873017,3.6361365,3.8008406,3.6979897,3.3258963,3.1537373,4.009959,3.8931487,3.8014665,3.8014665,3.5495837,2.9367464,3.1380696,3.1401174,3.7571776,3.8019388,3.758863,3.7621846,3.519228,3.607967,4.054642,3.7574673,3.2260907,3.1797743,3.0492423,3.0211654,3.3284433,3.4107192,3.7942212,3.4862113,3.6678069,3.588693,3.8818982,3.4464378,2.7262678,2.4034767,2.5153353,2.4694047,3.2817764,3.1646357,3.6133976,3.1263902,2.8219805,2.8906472,3.4226613,2.8459976,2.4361005,2.5320203,2.9916787,3.127131,2.5345664,2.6352613,2.4466996,2.462475,3.44716,2.6304686,2.4685385,3.0435672,2.792197,3.2005033,4.175782,2.7910004,3.7029464,2.9917712,3.3476593,3.1304352
11,3.588087,2.7170444,2.522139,3.3987854,3.3047125,3.6633968,3.3146849,4.878392,3.7858796,3.6980646,3.4086704,0.0,3.604954,3.4655066,4.2900963,3.8644912,3.2416337,4.4345036,3.3159404,3.332702,2.9947128,3.163214,3.3567095,3.159809,3.7548308,3.3328266,2.7863767,3.781188,4.308401,5.974554,3.1367147,2.8981528,3.0505066,3.8073983,3.8072205,3.199516,3.2312527,3.341281,2.9989522,2.9519477,2.1581109,2.86179,3.66541,3.6410022,2.852596,2.9332747,2.4200296,2.9507728,4.817746,4.8644195,4.865745,4.7658606,4.207459,5.105733,4.9455504,5.0863357,3.405155,3.3671486,3.421341,3.568261,4.9415107,5.223841,4.7796626,3.64884,3.824002,3.7262282,3.2559078,3.093522,3.0207136,3.031538,2.8897831,2.8897831,2.2422073,2.8412468,2.9511244,2.9390767,3.1363435,3.1290417,3.1320627,3.1428492,4.560108,4.60059,2.9310942,2.673996,4.0243344,3.8792393,3.8731763,3.8919265,4.0473237,4.2123194,4.2832513,4.226815,3.653845,3.5450814,4.3507843,4.2336845,2.8117776,2.845874,3.21383,3.1450894,2.133583,1.7535766,2.483208,2.1482935,2.839593,2.9560237,3.4091775,3.4396534,3.2732673,3.0668979,2.8675675,3.1647859,2.7549214,2.8799524,2.6827378,3.7851226,2.210999,2.856802,3.6431608,2.1784635,2.7212315,2.6232421,1.7500939,1.9389654,3.1630027,2.1901104,2.3608274,3.149165
12,2.084863,2.649584,2.9898243,2.0978312,4.396138,4.8546653,3.8120298,4.113237,2.160204,2.1984155,1.2930111,3.604954,0.0,1.3192083,2.0184293,1.6970018,2.8882186,4.6124187,2.9663088,2.982957,2.822479,2.9310935,2.8307462,3.0493665,2.7568645,2.8579197,2.8780935,3.4698153,2.6564538,4.7374682,3.3174329,2.1215885,3.2263086,4.20671,3.6525598,3.1695786,3.1433518,3.4122753,2.8210726,2.8221557,2.9166715,2.3043127,2.6409144,2.7148995,2.546482,2.7048655,3.2742128,2.747814,2.6183317,2.7103403,2.6383886,2.6186266,2.992275,3.157951,3.0444984,3.015611,4.425125,4.4274335,4.4980316,4.595561,2.823622,3.2765265,2.6418757,3.512326,3.7904017,3.6783671,3.1333792,2.9593968,3.7023282,3.805335,3.7539685,3.7539685,3.5138693,2.7967384,3.0163498,3.0196059,3.5633256,3.6093214,3.5658474,3.5657756,3.4405768,3.6295009,4.0588984,3.770613,3.0208127,2.9945254,2.87649,2.856989,2.9947505,3.1402223,3.4359899,3.1524396,3.458943,3.363026,3.4187603,3.1942973,2.7584493,2.5317912,2.590037,2.547265,3.3992202,3.179002,3.5009732,3.216399,3.0774732,3.0758429,3.4655573,3.0538547,2.46766,2.6202836,3.0102835,3.2140856,2.4184825,2.5978417,2.4121463,2.3269384,3.464366,2.56635,2.2564068,3.0854704,2.7644818,3.263083,4.042943,2.6686287,3.636458,2.9753268,3.3185718,2.9324293
13,1.7319826,2.1974685,2.70126,1.6982538,4.280106,4.5278654,3.7512393,4.2823796,2.2603142,2.0351343,1.4265945,3.4655066,1.3192083,0.0,1.6410074,1.7077659,2.7599254,3.9709177,2.8208666,2.8378055,2.3958998,2.474648,2.6549315,2.5749984,2.8465867,2.9535854,2.902844,3.8738415,2.6023881,4.7391415,3.0542603,1.8430138,2.837207,3.453658,3.3964152,2.8923979,2.9332564,3.3019702,2.5760832,2.5975485,2.6028333,2.0224264,2.4950604,2.4435465,2.3901846,2.4746547,2.9892268,2.4723523,3.4775677,3.5596688,3.459572,3.473459,3.6864057,3.857019,3.7954752,3.7970073,4.715044,4.763603,4.7602735,4.883239,3.4992375,3.8648407,3.41847,3.9092944,3.5772357,3.4642463,2.7324216,2.5406106,3.4734151,3.4130204,3.3905857,3.3905857,3.1980956,2.486147,2.586261,2.5909152,3.1971908,3.2487397,3.1989923,3.2006917,3.5340126,3.7157123,4.00434,3.6992466,3.1204655,3.0577493,2.8462343,2.84402,2.806453,2.7646403,3.2644413,2.9443786,3.3161657,3.249798,3.4994113,3.1507626,2.3902934,2.2343056,2.2039735,2.1750903,3.0708807,2.959985,3.3496554,2.9307513,2.8279014,2.8443208,3.205267,2.777075,2.6269913,2.7338877,2.8890183,3.0311127,2.2652302,2.430561,2.5367537,2.2821681,3.2682486,2.4408803,2.2118938,2.8944905,2.6271,2.9097908,3.9953365,2.606531,3.5009296,2.8059053,3.1383698,2.8024194
14,2.1964805,2.9567668,3.3298838,2.2710693,4.4230895,4.577597,4.123917,4.358596,2.7661006,2.5161214,2.1085873,4.2900963,2.0184293,1.6410074,0.0,1.084978,3.2487323,4.3531466,3.2108738,3.2255347,3.1968842,3.2397633,3.2973819,3.3068535,3.0566542,3.2743382,3.4663718,4.304855,2.640158,4.6127973,3.6041725,2.378335,2.9922032,3.739973,3.440732,2.9982276,3.0828843,3.356719,2.621727,2.6788123,2.993284,2.2570236,2.7271938,2.7408304,2.6032915,2.727556,3.360791,2.7018847,3.548131,3.606403,3.6181855,3.53587,3.9167125,3.7172878,3.7112312,3.714651,5.178861,5.2278037,5.192766,5.260399,3.4308598,3.7118814,3.4044726,4.229501,3.763788,3.6554527,3.1303694,2.9632401,3.5671058,3.5727386,3.4491792,3.4491792,3.737697,2.910183,2.986421,2.9869494,3.4735048,3.5322435,3.4774017,3.4776385,2.9382496,3.0789988,4.25688,4.060466,3.0609,3.0075107,2.6676607,2.6503356,3.260178,2.5232735,3.6041915,3.2947192,3.3224826,3.39002,3.3271823,2.9314678,2.684615,2.4190767,2.2077878,2.202693,3.3054311,3.4921193,3.4058108,3.1766462,3.2948918,3.2764916,3.01657,2.5319605,2.8052301,2.9659228,3.3571954,3.025325,2.7056851,2.8443737,3.0699131,2.4710238,3.7351167,2.7519393,2.2123845,3.2897527,2.9978719,3.1228278,4.5468936,3.1326454,3.8245075,3.3079906,3.5669844,3.0477886
15,2.2284636,2.6901991,3.0301585,2.3304744,4.1646357,4.3543057,3.823353,4.16645,2.6115396,2.533754,1.8095958,3.8644912,1.6970018,1.7077659,1.084978,0.0,3.0809991,4.3274374,3.0435257,3.0582776,3.0596254,3.12992,3.1081572,3.1316237,3.0280652,3.13137,3.2966774,3.9222374,2.847949,4.8119025,3.3014407,2.1445606,3.1179407,3.87336,3.2940202,2.9106965,3.0132318,3.2196078,2.42187,2.4776804,2.644287,2.110695,2.558598,2.5774174,2.3570755,2.4567888,2.9929132,2.5422843,2.9356673,3.0123212,2.9547668,2.9571114,3.1913571,3.2014036,3.183041,3.2260747,4.4029617,4.4268093,4.41125,4.4400516,2.9301443,3.2405586,2.8091173,3.3909338,3.6928782,3.5751047,3.0285594,2.8580687,3.2909412,3.322056,3.178553,3.178553,3.3996077,2.7138662,2.9111874,2.9121797,3.4136078,3.4645233,3.4179904,3.4159565,2.8700888,3.0138655,3.8223817,3.6270044,3.0126655,2.967443,2.6012592,2.5922897,3.2876766,2.6029139,3.6315696,3.3342597,3.233338,3.2795553,3.3515558,2.9864879,2.428713,2.0891383,2.1995025,2.1688735,3.029576,3.1336005,3.0068355,2.7637978,3.134807,3.1479182,2.8447168,2.4396386,2.6546044,2.7700572,3.1260493,2.7987761,2.5081356,2.6800983,2.6000261,2.5299592,3.3726053,2.5147834,2.2062774,2.9414728,2.8324745,2.893898,4.161304,2.8188014,3.653727,3.0255437,3.3403063,2.95323
16,3.0538049,2.9579024,3.162231,2.8905594,2.629728,3.2417443,3.2681727,3.592518,3.058197,2.9609225,3.2598422,3.2416337,2.8882186,2.7599254,3.2487323,3.0809991,0.0,3.5335984,0.41192457,0.42769715,1.9152399,2.045522,1.696484,1.929337,3.4080586,3.3825853,2.118733,4.2023664,2.5879614,3.9105098,2.1520283,2.4061065,2.021527,3.4931464,1.8978076,1.8458163,1.8365132,2.4046972,1.8914483,2.111718,2.0198004,1.875244,2.2984812,2.540431,2.093269,2.0901034,2.1141317,1.7351321,3.981552,3.9338417,4.131573,4.0367446,3.6733623,3.8904698,4.1462035,4.2529793,4.3881235,4.2845535,4.4597735,4.337339,4.000147,3.7644942,4.000829,3.851563,3.05748,2.9026322,1.6162045,1.749132,2.4900076,2.324562,2.6117687,2.6117687,2.4906242,2.0506904,2.1077404,2.1023066,2.252205,2.284011,2.269439,2.2752476,3.5725818,3.7995074,2.8626409,2.8736494,3.0608208,2.9283998,2.704473,2.9544096,2.4931407,2.5682473,2.426784,2.2990336,2.516207,2.4159832,2.6610827,2.7969928,2.5143962,2.6352699,2.511378,2.5032134,2.7012405,2.273996,2.3465133,2.5164845,2.9477746,2.954544,2.7326417,2.885164,2.5899663,2.6462367,2.5042486,2.8362222,1.5329492,1.5102311,2.3389664,2.04065,2.0025735,2.1713538,2.3273425,2.3908088,2.3280032,2.7851367,3.1001594,2.1003962,2.1956594,1.8778609,2.3342378,1.6555958
17,3.2179158,3.139844,3.2852871,3.130615,4.1923976,3.377462,4.3820252,4.5978475,4.2864885,4.1170278,4.049048,4.4345036,4.6124187,3.9709177,4.3531466,4.3274374,3.5335984,0.0,3.5794828,3.5872927,3.5458004,3.6037707,4.4957013,3.5591903,4.926213,5.062455,4.365925,5.677619,3.8219268,4.864248,3.3951879,4.115808,3.9020584,1.9792492,3.300462,3.4163475,3.5643103,3.9628403,3.52193,3.5834682,3.561658,3.5155127,4.0893493,3.822091,3.6206746,3.6275957,3.5362287,3.3519027,5.2517514,5.2632384,5.3126636,5.248744,5.0970097,5.1974826,5.354299,5.6532073,5.525917,5.51383,5.497949,5.4670067,5.224424,5.0513296,5.1816587,4.99657,4.1344376,4.022909,3.3327513,3.352182,4.621097,3.7753694,3.8783627,3.8783627,3.750507,3.4681852,3.4637563,3.4671469,3.6748316,3.712668,3.680878,3.6826499,4.6317806,4.7764883,4.1083503,4.1074967,4.340598,4.2152476,4.018103,4.145499,3.916338,3.961603,3.937412,3.8253372,3.9527104,3.925181,4.541713,4.108315,4.132771,4.0425773,4.111544,4.125533,4.0286984,3.7832391,4.30549,3.88203,4.038001,4.0749974,4.2958975,4.1024365,4.182773,4.163939,4.254432,4.4710326,3.4703135,3.4055624,3.9123302,3.6146088,3.583228,3.779402,4.0428786,3.9739954,3.8208206,4.1317515,5.142483,4.0713573,3.818237,3.6479058,3.8576646,3.513104
18,3.141054,3.0351331,3.2429724,2.998416,2.5521276,3.158863,3.3211708,3.5991218,3.0577471,2.9788132,3.301748,3.3159404,2.9663088,2.8208666,3.2108738,3.0435257,0.41192457,3.5794828,0.0,0.035180755,1.987343,2.0970793,1.7369205,2.000981,3.4408383,3.4096696,2.1918733,4.27892,2.527253,3.8508751,2.1937468,2.4412029,1.9735558,3.5662818,1.7422496,1.7237371,1.7888668,2.4166384,1.8492832,2.025442,2.0358188,1.8967592,2.2928686,2.5333984,2.024684,1.9938835,2.1434758,1.6300133,3.9601822,3.9251034,4.114239,4.015054,3.673316,3.820362,4.099028,4.1961274,4.3770456,4.2746124,4.4431562,4.3124065,3.961667,3.6955981,3.9758532,3.831626,3.1057243,2.9569468,1.7280415,1.8421398,2.4707522,2.349953,2.6059484,2.6059484,2.622312,2.195254,2.2639031,2.2547994,2.3716393,2.4011354,2.391624,2.3999183,3.5834577,3.7896254,2.9316251,2.9806278,3.127265,2.989086,2.7891452,3.0144255,2.5942678,2.54581,2.543039,2.4186373,2.5658205,2.4984803,2.718076,2.8273327,2.5303185,2.6576161,2.5146592,2.5040257,2.6941772,2.3671894,2.2955375,2.5142992,3.0613844,3.0533524,2.6893544,2.8675065,2.704871,2.7573311,2.6002922,2.8242326,1.606375,1.5148147,2.3823211,2.0703156,2.100429,2.2624166,2.3679993,2.4514344,2.43976,2.8151584,3.1288192,2.1715612,2.2713184,1.9735476,2.4095783,1.7313324
19,3.15871,3.049611,3.2669604,3.014409,2.5601206,3.1665387,3.3333921,3.6042743,3.070801,2.9948761,3.3205369,3.332702,2.982957,2.8378055,3.2255347,3.0582776,0.42769715,3.5872927,0.035180755,0.0,1.9959637,2.104049,1.738966,2.0063305,3.46072,3.4300768,2.2097595,4.2991853,2.5374687,3.851782,2.2073014,2.4615133,1.9938464,3.579683,1.7513812,1.7439547,1.8044415,2.4291937,1.8605441,2.0428052,2.0529737,1.9125789,2.2964506,2.5411794,2.0443316,2.0103939,2.1515737,1.6427277,3.9627948,3.9286568,4.1167965,4.019316,3.6800482,3.8259633,4.106869,4.2042527,4.3840156,4.280968,4.4497385,4.3175545,3.9671452,3.6951814,3.9823067,3.837471,3.1250048,2.9770064,1.7313087,1.8506541,2.4782825,2.355447,2.6150746,2.6150746,2.6394055,2.2139862,2.2828934,2.2737644,2.384131,2.4137685,2.4042146,2.4124103,3.5893774,3.8040085,2.9375877,2.988832,3.1347017,2.996878,2.7976928,3.0242004,2.596542,2.549871,2.5383399,2.4157476,2.5684073,2.502397,2.720267,2.8317356,2.5502937,2.6767142,2.5326667,2.5221665,2.7105577,2.385699,2.3107195,2.5335267,3.0865977,3.078939,2.7091408,2.8896368,2.731711,2.784632,2.6256242,2.8464897,1.6260564,1.5384614,2.3973215,2.0848365,2.1200209,2.2756424,2.3824697,2.4686701,2.4606824,2.8284855,3.1395845,2.1890094,2.278009,1.9858956,2.4214108,1.7410768
20,2.5595784,2.6001613,2.6585503,2.6682632,3.1189656,3.4654727,3.554459,3.796556,2.9332442,2.7642827,2.8097348,2.9947128,2.822479,2.3958998,3.1968842,3.0596254,1.9152399,3.5458004,1.987343,1.9959637,0.0,1.2506748,1.4220482,0.54413164,2.7914023,2.739875,2.1678956,3.6591022,2.674749,3.9573152,2.722994,2.2438138,2.0721328,2.9156373,3.044726,2.405069,1.9495374,2.526301,1.7286068,1.9431541,1.8798499,1.6626488,2.683324,2.7192223,1.9194248,2.0511465,2.0754728,1.6997119,3.9203892,3.8671877,4.0434303,3.9192798,3.560825,4.121809,3.9174235,4.0735517,4.2730656,4.208787,4.3172474,4.4181547,3.8678718,4.057748,3.7968829,3.7631025,3.0281494,2.9152737,1.9460638,1.9528314,2.9022589,2.6938257,2.8491619,2.8491619,2.32884,1.848897,1.9280213,1.9258574,2.1607554,2.1812847,2.1695251,2.1787014,3.758009,3.874911,3.339154,3.08512,3.1389987,3.062004,2.892567,3.0347269,2.5636704,2.6254222,2.633034,2.490807,3.009013,2.8963857,3.173481,3.1411872,2.433644,2.491827,2.3520267,2.3537228,2.2745159,2.0806375,2.652992,2.399437,2.4596987,2.582966,3.0583494,2.7300985,2.6585073,2.6758153,2.4315853,2.7677467,1.2952331,1.4857658,1.8886067,1.8232678,2.1248565,1.5210102,1.837113,1.8279021,1.6861881,2.0610316,2.9876828,1.799158,2.0123808,1.6601337,1.9581398,1.768436
21,2.7334538,2.7431352,2.849438,2.6743436,3.2603958,3.5930033,3.631623,3.891208,3.5505474,3.3953085,3.034949,3.163214,2.9310935,2.474648,3.2397633,3.12992,2.045522,3.6037707,2.0970793,2.104049,1.2506748,0.0,1.8074437,1.2253438,3.3167408,3.2913885,2.0260267,4.281104,2.7549987,4.021794,2.5111225,2.7099946,2.1899595,2.9632893,2.8206651,2.5584178,2.463064,2.941169,2.2008243,2.0160532,1.8941671,1.6964116,2.9426131,2.6791284,1.9816817,2.0701432,2.4486659,2.1735709,3.9483829,3.8904643,4.053724,3.926985,3.638334,4.0411334,4.107474,4.099985,4.308641,4.21671,4.3424635,4.456672,3.9032288,3.894049,3.848798,3.7862008,2.7163765,2.6172264,1.8969952,1.4593145,2.5538483,2.6341765,2.5252457,2.5252457,2.123953,1.5987717,1.6890494,1.6811515,2.0934236,2.126367,2.1061954,2.1150472,4.004765,3.9402246,3.6385107,3.367224,3.1601248,3.0618393,3.123559,3.0311623,2.3291335,2.3151603,2.8160415,2.6832683,3.0440395,2.9371789,3.220571,3.0254202,2.4900413,2.5053382,2.544378,2.5431857,2.4084597,2.127831,2.7128518,2.5519955,2.520463,2.6415696,2.9445665,2.7389712,2.7459593,2.7399247,2.520959,2.8672175,1.460988,1.6924272,2.0104227,2.0368052,2.2586427,1.6618848,1.9186342,1.9114636,1.8110453,2.5356922,3.0627728,1.9021467,2.4564424,2.2110145,2.5039651,2.2522604
22,3.3299289,3.1578813,3.5949523,3.3682113,3.2024004,3.9520016,3.72444,3.9608831,3.2514045,3.1257296,3.2889488,3.3567095,2.8307462,2.6549315,3.2973819,3.1081572,1.696484,4.4957013,1.7369205,1.738966,1.4220482,1.8074437,0.0,1.3393265,2.9719994,2.8398957,2.1956358,3.7611942,2.9994996,4.1157737,2.813546,2.2957816,2.174014,3.9648178,3.0231543,2.5659502,2.2247257,2.6960797,2.0222855,2.2561202,2.1477015,2.0144336,2.493942,2.710725,2.2738862,2.318401,2.3745637,2.1087692,4.0231295,3.9558473,4.1508455,4.070308,3.7574592,4.2482395,4.202605,4.2464128,4.358982,4.26893,4.430305,4.412834,3.9765635,4.0346093,3.9592745,3.8567963,3.5754604,3.4480307,2.1587687,2.1836736,2.554161,2.7377508,2.939371,2.939371,2.6103127,2.201791,2.2585287,2.2598774,2.4785206,2.5010135,2.4905565,2.4938428,3.895032,4.1693864,3.4435637,3.2785544,3.336235,3.2607863,3.0888727,3.2628431,2.7066462,2.7331347,2.7640538,2.5975504,3.1381392,3.0294845,3.1378627,3.2850854,2.3871365,2.5587087,2.3835475,2.3816597,2.6234746,2.375912,2.4974222,2.5709522,3.0040617,3.0766528,3.0560603,3.0056307,2.9103084,2.9598162,2.5978725,2.8384247,1.7644444,1.9537491,2.3311098,2.2647593,2.3515651,1.906256,2.0829852,2.1550286,2.2941246,2.3751981,2.877404,1.9978592,2.3087726,2.0608623,2.4224799,2.1240952
23,2.828191,2.7419918,2.9219394,2.9248648,3.181143,3.4943392,3.5694456,3.8558335,3.222042,3.0546129,3.0770574,3.159809,3.0493665,2.5749984,3.3068535,3.1316237,1.929337,3.5591903,2.000981,2.0063305,0.54413164,1.2253438,1.3393265,0.0,3.1280906,3.063553,2.4033782,3.95553,2.8972774,4.0823126,2.6478305,2.3665488,2.2116036,2.989441,3.0409915,2.5574853,2.1183612,2.6964996,1.8350717,2.0876412,1.9060414,1.8240268,2.7041218,2.7050865,2.1222384,2.2026503,2.1015182,1.9241772,4.09583,4.0341406,4.2087555,4.1161575,3.7145002,4.290065,4.150233,4.293457,4.3286047,4.242189,4.3634048,4.418573,4.0528636,4.153234,3.9890378,3.8272052,3.153066,3.0358863,1.8985204,1.9144045,2.771505,2.5506108,2.7312946,2.7312946,2.2731888,1.8699613,1.9223684,1.9235315,2.176694,2.2003405,2.1861765,2.1911745,3.8764102,4.031424,3.3567882,3.1266646,3.3235621,3.2444458,3.0201166,3.175154,2.6796222,2.6077683,2.7342794,2.5779347,3.0969517,3.0048954,3.3042476,3.2606256,2.4147673,2.4845326,2.3905506,2.3979993,2.3423855,2.1295218,2.5974486,2.389035,2.6101542,2.7177074,3.0116284,2.7762198,2.851455,2.8570783,2.5221295,2.7966459,1.51447,1.736608,2.1049623,2.0878513,2.1029825,1.5731275,1.9789447,1.8387798,1.8987885,2.1204853,3.0347073,1.9548244,2.1093638,1.8090816,2.1560497,1.9603225
24,2.6344535,3.141388,3.1980865,3.0552096,3.6475978,4.1501994,4.873825,4.8252096,3.2306502,2.9456756,2.7263365,3.7548308,2.7568645,2.8465867,3.0566542,3.0280652,3.4080586,4.926213,3.4408383,3.46072,2.7914023,3.3167408,2.9719994,3.1280906,0.0,0.6839877,2.4838312,1.8594894,3.2986012,4.4613104,4.0604305,2.7632928,2.7751343,4.020943,3.8669271,2.9451423,2.8681335,2.607926,2.6781743,2.5433743,2.9804525,2.550844,3.8013706,3.8231244,2.447858,2.7019591,3.371789,2.698215,3.9107215,3.8340805,4.1325617,3.806216,3.9209557,4.154283,3.6708956,3.9112823,4.8692875,4.902318,4.897667,4.9841757,3.6430707,4.2410393,3.511029,4.16216,3.946706,3.8477364,3.677569,3.5046961,3.9980729,4.174179,4.0550246,4.0550246,3.5123625,2.8474967,2.9450362,2.9418645,3.1547337,3.1678445,3.1582878,3.1673157,3.601661,3.4996223,4.073208,3.9588263,3.1000793,3.1054974,3.1562302,3.1403308,3.3980517,3.435827,3.6809509,3.5755146,3.8334224,3.7130275,3.5446005,3.5079606,3.2407,3.137232,2.9715793,2.9678938,3.1359396,3.1251955,3.3680267,3.2212427,3.227745,3.50699,3.727223,3.2070987,2.8267143,2.941636,3.2622855,3.319366,2.418816,2.4732792,2.8441,2.357217,3.2303104,2.5547268,2.218901,2.907994,2.456185,2.7959628,3.9137416,2.7432468,3.2726774,3.02552,3.016297,2.8358414
25,2.9322033,3.1196084,3.1418574,3.2764122,3.5096145,4.093786,4.663083,4.7991776,3.3010864,3.0479965,2.8266268,3.3328266,2.8579197,2.9535854,3.2743382,3.13137,3.3825853,5.062455,3.4096696,3.4300768,2.739875,3.2913885,2.8398957,3.063553,0.6839877,0.0,2.37555,1.6031272,3.5229573,4.6630764,3.9186873,2.619279,2.6564195,4.112977,3.8644168,2.8665347,2.8031156,2.5578032,2.595173,2.4393637,2.7442565,2.5357676,3.7179792,3.753651,2.3615134,2.6054242,3.142984,2.6380794,4.0646815,3.99299,4.2406054,3.9622808,3.9087586,4.329527,3.8446627,4.040822,4.492335,4.5264277,4.5255733,4.62654,3.810209,4.412676,3.6823854,3.9644365,3.955218,3.8527415,3.6629775,3.4841928,3.7474577,3.9974394,3.86518,3.86518,3.2535386,2.801193,2.9061935,2.901535,3.1356232,3.1417046,3.138476,3.1488416,3.7627976,3.6642516,3.861473,3.727915,3.2646422,3.2442005,3.298366,3.2875433,3.5590274,3.593821,3.851907,3.7430305,3.8407044,3.7153375,3.7114651,3.6895795,2.9813523,2.9363809,2.836203,2.8219168,2.8209865,2.8158648,3.054774,2.899037,3.0311022,3.3114166,3.5602987,3.1064196,2.7784197,2.8272877,3.0176973,3.0745356,2.41037,2.4697804,2.709005,2.6343799,2.96713,2.5045002,2.411007,2.6291697,2.373033,2.5315883,3.4167345,2.4603114,3.1086478,2.8165023,2.8152394,2.8747458
26,2.9559162,2.9699216,2.8190792,2.9229152,2.7946234,3.5569417,4.2284994,4.582637,3.4161909,3.2527256,3.1127923,2.7863767,2.8780935,2.902844,3.4663718,3.2966774,2.118733,4.365925,2.1918733,2.2097595,2.1678956,2.0260267,2.1956358,2.4033782,2.4838312,2.37555,0.0,3.3849423,3.2649167,4.4615293,2.7295284,2.5993357,2.014599,3.6775289,2.7739196,2.340305,2.3391154,2.0155106,2.2933226,2.026852,2.0366595,1.8901469,3.4272766,3.4219513,2.0060096,2.1277976,2.5757816,2.201541,4.010468,3.9303486,4.1904116,3.9472935,3.5995843,3.9189143,4.0100675,4.0590363,4.2199903,4.1331587,4.2739267,4.3384647,3.935604,4.007817,3.7893465,3.7516077,2.688069,2.5847368,2.303688,2.0002248,2.4778929,2.80857,2.6924503,2.6924503,2.3127759,1.927892,2.0409265,2.0282311,2.2379134,2.239618,2.2480912,2.2625804,3.718606,3.513407,3.2409358,3.0642827,2.8685918,2.770695,2.9172,2.878455,2.6026368,2.74915,2.991151,2.9312358,2.8634186,2.6870058,2.827662,2.9071321,2.6573377,2.641902,2.6872988,2.6619883,2.3581522,2.0493553,2.423025,2.5815268,2.5085227,2.9138067,2.8366494,2.7609944,2.259634,2.2860763,2.3548841,2.7183874,1.4481894,1.535204,1.982515,2.1659393,2.1275811,2.043122,2.1456988,2.0321076,1.8405035,2.6365173,2.684606,1.744208,2.5117867,2.151014,2.352152,2.2179353
27,3.7070222,3.8246768,3.692632,4.041038,4.0850115,4.644043,5.0853734,5.1262565,3.9878669,3.915218,3.4472716,3.781188,3.4698153,3.8738415,4.304855,3.9222374,4.2023664,5.677619,4.27892,4.2991853,3.6591022,4.281104,3.7611942,3.95553,1.8594894,1.6031272,3.3849423,0.0,4.4101787,5.343207,4.630728,3.5633752,3.8641496,4.9779468,4.6530614,3.7485464,3.7160275,3.5255888,3.5750637,3.4752672,3.6250463,3.596085,4.5219893,4.564852,3.3295333,3.577496,3.8761687,3.6570177,4.184187,4.076134,4.3968797,4.077006,3.8978097,4.541827,3.8889306,4.186591,4.344251,4.3870215,4.385335,4.4162593,3.9563525,4.6631846,3.8260107,3.9094255,4.7583523,4.6572356,4.656576,4.5099845,4.7253633,4.926116,4.8255568,4.8255568,3.9208636,3.6522875,3.8422973,3.8390512,4.0356355,4.0356684,4.0369678,4.0435157,4.5960836,4.504183,4.3459425,4.2969737,4.125154,4.1423635,4.192543,4.2045393,4.52648,4.7270856,4.7564316,4.6877403,4.7955575,4.640169,4.670286,4.70052,3.90804,3.8184993,3.9026465,3.8807685,3.7471223,3.5050879,3.8179274,3.6383426,3.8155293,4.047824,4.489639,4.0956993,3.5320024,3.5483572,3.7381809,3.9396985,3.3826196,3.461342,3.411249,3.640587,3.555536,3.3844666,3.472932,3.4520063,3.1906211,3.4318027,3.982031,3.269451,3.797674,3.5744867,3.5701199,3.7317271
28,2.4808364,3.192268,3.4007776,2.6069381,3.7133825,3.9591806,3.35205,2.887746,3.0029857,2.8321376,2.799997,4.308401,2.6564538,2.6023881,2.640158,2.847949,2.5879614,3.8219268,2.527253,2.5374687,2.674749,2.7549987,2.9994996,2.8972774,3.2986012,3.5229573,3.2649167,4.4101787,0.0,2.9491775,3.6449249,3.090161,2.5953348,3.4858098,3.110163,2.626666,2.6451924,3.6159513,2.6299236,2.4384809,3.0348241,2.326179,2.6614258,2.5112698,2.1927443,2.450476,3.4508839,2.3153267,3.5225015,3.533503,3.7211142,3.4969835,3.909778,3.6568568,3.5923717,3.6509593,5.2731605,5.2182164,5.3339314,5.4088182,3.49585,3.602685,3.5301523,4.5128336,3.688594,3.57631,3.1229923,2.961951,3.9454386,3.9309268,3.8193371,3.8193371,3.7500455,2.8692503,2.9386387,2.935518,3.1491108,3.1890316,3.1603706,3.1673338,3.607056,3.646899,4.3726807,4.234216,3.0857327,2.9910066,3.0959206,3.0220838,2.7870414,2.8756,3.0598378,2.9319284,3.396722,3.3720624,3.126335,2.9028068,3.3374622,3.3721218,3.0540671,3.0660105,3.510935,3.4671597,3.6865945,3.4564977,3.530124,3.1677477,3.7046204,3.258655,3.0320888,3.151022,3.4984787,3.6210632,2.3238506,2.1553233,2.8831718,1.5395789,3.5057497,2.6807911,2.0856042,3.2666693,2.8041375,3.479861,4.439416,3.0149333,3.322493,3.1481316,3.2397916,2.432002
29,4.5670104,5.0129724,5.2212634,4.6835203,4.6818733,4.877701,4.903729,2.9078548,5.022758,4.931709,4.88827,5.974554,4.7374682,4.7391415,4.6127973,4.8119025,3.9105098,4.864248,3.8508751,3.851782,3.9573152,4.021794,4.1157737,4.0823126,4.4613104,4.6630764,4.4615293,5.343207,2.9491775,0.0,4.6677604,4.853904,3.738888,4.469902,3.911711,3.5460358,3.588215,4.323182,3.7240613,3.5019543,4.347888,3.7964396,3.9844847,3.8271716,3.5790722,3.796758,4.532419,3.65202,4.799646,4.614822,4.9280405,4.75293,4.954812,4.6834517,4.713889,4.6350226,5.9882402,5.9469566,6.0577464,6.112168,4.3514547,4.1806746,4.597305,5.422687,4.7176385,4.612208,4.301816,4.1717925,4.961369,4.9814534,4.921913,4.921913,4.759699,4.039112,4.07418,4.0763426,4.255009,4.296591,4.271926,4.276722,4.7577496,4.759821,5.4366636,5.365879,4.2255945,4.1651793,4.4238734,4.3555856,3.8534615,3.985022,4.042289,3.9423037,4.4957848,4.449341,4.1748567,4.0552363,4.547788,4.6788354,4.2961097,4.3600826,4.731728,4.683571,4.854028,4.7471466,4.5714507,4.358658,4.7959785,4.36355,4.203493,4.3021746,4.483874,4.6282544,3.7965074,3.6621196,4.1535482,3.2413568,4.522665,3.9950914,3.5986,4.491464,3.982015,4.585638,5.522433,4.4002314,3.5814455,4.4534783,4.501654,3.8059156
30,3.4843223,3.0097733,3.1143076,3.3207011,3.7728226,3.9680812,3.7087457,4.223802,3.4897373,3.456228,3.2036262,3.1367147,3.3174329,3.0542603,3.6041725,3.3014407,2.1520283,3.3951879,2.1937468,2.2073014,2.722994,2.5111225,2.813546,2.6478305,4.0604305,3.9186873,2.7295284,4.630728,3.6449249,4.6677604,0.0,2.3743708,2.6450016,3.4385397,2.2037828,2.3672764,2.6043253,2.8315592,2.5927618,2.4824274,2.2564921,2.5628436,2.851101,2.6638634,2.6187074,2.558057,2.5072389,2.582163,4.5072355,4.4708014,4.4491005,4.499922,4.023243,4.344081,4.699342,4.65614,4.115021,4.007237,4.162683,4.0471697,4.505226,4.2291684,4.417093,3.8423066,3.2581532,3.1094298,2.4074383,2.2419717,2.6830668,2.4856393,2.579365,2.579365,2.4679675,2.5238643,2.597378,2.5955415,3.3315103,3.3789556,3.345063,3.3503325,4.277478,4.3106394,3.2022307,3.141971,3.881102,3.7232835,3.5706282,3.6690657,3.4494195,3.3889077,3.8630185,3.5465503,3.371745,3.2806442,4.0570188,3.7128837,1.9864321,1.9548764,2.2409353,2.2176557,2.8655775,2.3677273,2.5734015,2.481179,2.4121928,2.61896,2.172089,2.46341,2.3731823,2.288007,1.9958233,2.3475602,2.4672785,2.4818885,2.6919832,3.168909,2.1253862,2.7178762,3.181757,2.5613215,2.8593152,3.2287526,3.227008,2.5251799,2.8070912,2.5774524,3.2786443,3.1403475
