,0,1,2,3,4,5,6,7,8,9,10,11,12,13,14,15,16,17,18,19,20,21,22,23,24,25,26,27,28,29,30,31,32,33,34,35,36,37,38,39,40,41,42,43,44,45,46,47,48,49,50,51,52,53,54,55,56,57,58,59,60,61,62,63,64,65,66,67,68,69,70,71,72,73,74,75,76,77,78,79,80,81,82,83,84,85,86,87,88,89,90,91,92,93,94,95,96,97,98,99,100,101,102,103,104,105,106,107,108,109,110,111,112,113,114,115,116,117,118,119,120,121,122,123,124,125,126,127
0,0.0,3.0345893,3.1856778,2.8978894,4.7872458,4.5730147,4.692974,5.269077,5.662899,5.7921615,4.297392,4.597508,3.8639312,3.8500361,4.0793767,3.8654418,4.757672,4.032149,3.4146123,3.8052933,3.4317179,3.5057836,3.3008826,3.363421,4.6782455,4.8371134,4.851679,4.8098373,4.816195,4.8189893,5.0437922,4.958016,4.550256,3.3762825,3.4951882,3.9323707,3.6191406,3.5412045,3.5358546,3.530939,3.6302524,3.4525137,3.7899985,5.119186,3.2599392,3.289654,3.3614485,3.2597806,4.8887887,4.7907586,4.9397078,4.8997827,5.094134,5.7980103,5.1182013,5.091665,3.690885,3.6783242,3.672711,3.9296112,3.7443488,3.7505953,3.7532966,3.783116,3.4826674,3.5082269,3.3860514,3.326344,3.030168,3.2633476,3.5522227,3.8479538,4.9822874,4.986526,4.1648555,3.6282337,3.960309,4.613005,4.4906635,3.9241464,5.0781403,4.8780136,4.426213,4.3821764,4.7588043,4.476123,4.8337536,5.0017037,3.9129078,3.7791786,3.4318593,3.6302886,4.8118715,4.805369,3.6033564,2.8869264,3.7852197,4.412693,3.7407403,3.7747717,3.8104959,3.5475812,4.5811477,3.226003,4.2553506,4.1670823,4.104271,4.579545,4.718939,4.893692,4.35839,4.79689,6.387136,6.197845,6.270812,6.2997704,5.924448,6.24549,6.1259713,6.071071,3.558923,3.4020553,3.5941226,3.3902802,3.3715558,3.5138025,3.9169292,3.2517183
1,3.0345893,0.0,4.5254736,4.381852,5.484262,5.2994533,5.488216,5.983032,6.3018036,6.6260633,5.3194666,5.4650493,4.8054266,4.7545323,4.945156,4.8456616,5.4962287,4.9216013,4.368576,4.72164,4.417947,4.47436,4.238904,4.299679,5.54211,6.2407546,5.637972,5.57915,5.573692,5.5604906,5.6920137,5.7442713,5.4467883,4.4373264,4.6085668,4.8613124,4.6908736,4.633807,4.631489,4.6185308,4.629468,4.505238,4.746785,6.103778,4.342966,4.359749,4.466929,4.3466296,5.775161,5.6541023,5.858054,5.8221345,6.0293674,6.590915,6.0820327,6.021316,4.6107626,4.4842944,4.5860534,4.6840806,4.6848016,4.700964,4.612933,4.704837,4.573679,4.631468,4.4309325,4.4315042,4.226569,4.4178944,4.6628065,4.902347,5.740428,5.741435,5.839048,4.679578,5.0289006,5.4029646,5.266117,4.894263,4.8110347,4.5961766,4.1667104,4.1739583,4.534604,4.1152744,4.2978516,4.5953183,4.889962,4.7721286,4.5480747,4.686233,5.804381,5.7351923,4.7472415,4.234781,3.6768248,4.1296496,3.5642295,3.7071893,4.827505,4.5892324,5.466081,4.1772995,5.2523746,5.1426573,5.042582,5.365147,5.6783795,5.816093,5.404806,5.8299003,6.8687925,6.771571,6.823809,6.854935,6.72721,6.940625,6.8328238,6.8060536,4.659422,4.5613313,4.572235,4.426143,4.329194,4.4591045,3.5009725,4.5185976
2,3.1856778,4.5254736,0.0,0.83130294,4.6950684,4.4809203,4.117733,4.665689,5.387739,5.677756,3.9861405,4.346854,4.052576,4.137747,4.35,3.9197333,5.293863,4.669997,3.949509,4.143449,4.0717845,3.9170976,4.5043254,4.484327,5.1618023,5.3104672,5.5882263,5.167572,4.8980494,4.8776507,5.2980666,5.3369884,5.274812,4.352742,4.132496,4.7232847,4.483086,4.432957,4.40611,4.4219966,4.5459676,4.363434,4.6314154,5.765268,4.26211,4.2871914,4.246553,4.2855196,5.4715023,5.67436,5.4961696,5.4771514,5.517371,6.249602,5.5783186,5.5612,4.450919,4.4464846,4.4350834,4.6280437,4.452007,4.477143,4.4369426,4.453623,3.5456314,3.5381756,3.137741,3.4467926,3.6189225,3.361386,3.6375725,3.3016162,5.408946,5.418261,4.224817,4.148787,4.0815334,4.6798005,4.8205147,3.9096777,5.586632,4.9266834,3.9650023,4.214357,3.6530235,4.2388005,4.5886407,4.5177646,3.4528682,3.248874,3.3893301,3.1633496,5.464213,5.21531,3.9992688,3.8446507,4.1206675,4.0400014,4.095328,4.3313866,4.813509,4.097088,4.4410343,3.9141977,3.9202015,4.135139,4.0966086,4.5579624,3.4921477,3.780602,3.8284893,4.573881,6.2577453,6.0191417,6.0925417,6.096824,6.061039,6.408004,5.974737,5.925472,3.6876068,3.930928,3.9176965,3.4893825,3.8749673,3.4827752,4.469719,3.8253803
3,2.8978894,4.381852,0.83130294,0.0,4.9483495,4.740367,4.3679214,4.857763,5.610722,5.8042064,4.099515,4.5295963,4.1969156,4.251769,4.5004807,4.104144,5.4598694,4.7998595,4.2896056,4.4730816,4.2742486,4.129239,4.4826393,4.471751,5.343169,5.4651933,5.771489,5.376431,5.1462913,5.1136594,5.5019464,5.5536814,5.449932,4.520838,4.1840878,4.894937,4.640092,4.5853324,4.557593,4.5764303,4.724786,4.532046,4.80991,5.9306483,4.411456,4.4510517,4.4008403,4.436397,5.6794543,5.789013,5.721629,5.6956997,5.703849,6.4464345,5.76361,5.7496324,4.6498303,4.652549,4.633417,4.8030267,4.6578727,4.6822934,4.6541266,4.6704125,3.6027985,3.5739677,3.3175168,3.4921982,3.6978397,3.4884315,3.6626966,3.5063312,5.59662,5.6046844,4.1317687,4.140624,4.099832,4.577298,5.0538282,3.9387472,5.443721,4.930949,4.241221,4.308697,3.8441408,4.4432383,4.808657,4.7392526,3.654363,3.457884,3.3822308,3.3806355,5.452747,5.239553,3.9089363,3.7336454,4.2049856,4.135002,4.164608,4.2785854,4.50967,3.95506,4.444216,3.7090626,3.9124272,4.093247,4.04472,4.7308216,3.840872,4.067116,3.9013264,4.4879274,6.269223,6.084981,6.1504583,6.1583557,6.0679135,6.4040394,6.0073133,5.9730754,3.6475642,3.7958646,3.908379,3.445094,3.7805285,3.4727876,4.3447676,3.632246
4,4.7872458,5.484262,4.6950684,4.9483495,0.0,0.5026857,1.6466919,2.9135342,4.084412,4.152005,4.889761,4.9058003,3.612777,3.7803152,3.9248564,3.5486014,4.305592,4.12316,4.3104715,3.520436,3.468068,3.4022787,4.02904,3.9779637,3.65854,3.9797373,4.0966105,3.9470885,3.5457387,3.241935,3.9749973,3.8365762,2.8649216,3.9404263,4.3203373,4.236235,3.2004657,3.1456766,3.1126275,3.1428437,4.0180454,3.959393,4.120296,4.7146277,3.8078873,3.7927127,3.9639418,3.8053565,5.2827625,5.4415054,5.2911487,5.3149343,4.7041264,4.505915,4.646103,4.6364355,3.9597836,3.9513817,4.0000114,4.1210012,3.9186735,3.939853,3.8718004,3.9141097,4.187894,4.3566327,4.2448993,4.2030525,4.314566,3.9709516,4.447226,4.3702383,4.682865,4.687338,5.290928,4.7917676,4.7562447,5.2662535,3.765182,4.688718,5.9219904,5.3793697,4.403747,3.792051,4.4749627,4.65253,4.9695125,4.9290557,4.3419843,4.1605587,4.119768,3.8317971,5.8787503,5.5857525,4.5860305,4.343009,4.5040536,5.069479,4.5226626,4.689428,5.5012817,4.9106526,4.3384523,4.630658,5.582849,5.541372,5.674863,5.9733205,5.462365,5.725865,5.0912266,5.2578816,5.3485537,4.9826784,5.045854,5.0207624,5.1026287,4.8237867,4.9081087,4.807933,4.6535807,4.786334,4.7355933,4.4657745,4.525393,4.2777247,5.038071,4.7694235
5,4.5730147,5.2994533,4.4809203,4.740367,0.5026857,0.0,1.61384,3.0109844,3.781663,3.941908,4.602804,4.6087894,3.3496387,3.5133214,3.6568503,3.2672668,4.026749,3.8615859,4.0255733,3.2002769,3.139681,3.0571034,3.7395658,3.7033565,3.4200194,3.7625191,3.892501,3.7098677,3.2765472,2.973852,3.6740677,3.6084106,2.7700665,3.6086845,4.059144,4.009573,2.934065,2.8865361,2.850691,2.881986,3.7016642,3.6413972,3.8213198,4.584391,3.4713557,3.4480915,3.631235,3.4716177,5.037887,5.205684,5.044459,5.067908,4.5474825,4.459194,4.5025496,4.487033,3.6633868,3.6568902,3.6997426,3.7969055,3.615083,3.6392438,3.5700986,3.6113937,3.976273,4.172675,3.992957,4.0060463,4.0990577,3.7368963,4.244779,4.1842628,4.394923,4.3992424,5.0278325,4.5934052,4.5770693,5.03089,3.594054,4.4964223,5.787091,5.2321215,4.2042456,3.7050774,4.285988,4.454037,4.7582026,4.728125,4.127396,3.9493902,3.9155667,3.610174,5.839776,5.5579295,4.4099035,4.148533,4.3299212,4.848542,4.3470407,4.515537,5.338153,4.7276745,4.150874,4.452351,5.3690886,5.337445,5.460577,5.7541647,5.2320127,5.5081143,4.911552,5.1754713,5.151476,4.835676,4.893631,4.8771563,4.955466,4.7432427,4.763562,4.6565847,4.476225,4.6189446,4.556894,4.270652,4.3189516,4.0855265,4.8719573,4.5717187
6,4.692974,5.488216,4.117733,4.3679214,1.6466919,1.61384,0.0,2.288094,3.5464797,3.6313608,3.8974533,4.0008364,3.0832474,3.2695487,3.4328787,2.9747987,4.014044,3.69011,4.2535634,3.3997424,3.3411834,3.3185303,3.9493177,3.8969474,3.5072289,3.8278494,3.9534822,3.7418416,3.4532285,3.2796273,3.8757794,3.6872785,2.9184406,3.8558466,4.18264,4.053303,3.1551898,3.1072228,3.0697258,3.1059628,3.8959599,3.8520777,3.981655,4.3652997,3.7070534,3.7238386,3.8351545,3.7145684,4.877804,5.0670304,4.923303,4.933891,4.2768745,4.1993384,4.261128,4.243546,3.8321474,3.8397303,3.8637846,4.0503116,3.781495,3.8123746,3.7892601,3.781076,4.035363,4.175013,4.0497923,4.04639,4.132202,3.83703,4.2620664,4.129594,4.902502,4.9094567,5.18778,4.6216493,4.695577,5.0550284,3.6741457,4.5777464,5.8025284,5.318421,4.3502693,3.8440416,3.979811,4.6308374,4.865071,4.847249,4.1111593,3.9786048,4.0012918,3.7370117,5.6060596,5.3957276,4.4969916,4.2784743,4.368034,4.5720577,4.3833876,4.6585937,5.387066,4.8084025,4.099328,4.655785,4.942277,4.898177,5.0281296,5.627002,4.7683544,5.0750237,4.3622317,4.615886,5.073415,4.755448,4.821422,4.7857456,4.8249054,5.0986195,4.670525,4.564913,4.515015,4.6463747,4.7455263,4.3449316,4.278771,4.023473,4.9124794,4.5673823
7,5.269077,5.983032,4.665689,4.857763,2.9135342,3.0109844,2.288094,0.0,4.301745,4.0671988,4.975918,5.043498,3.6521385,3.801085,3.954451,3.5257185,4.6367693,4.2936244,4.8434734,4.074674,4.113958,4.2042894,4.683524,4.561619,4.568448,4.8718476,4.936354,4.7462044,4.513616,4.334178,5.2023945,4.7287097,3.8541045,4.572183,4.7912736,4.2922163,4.0934153,3.9722533,3.9403043,3.9578683,4.5796547,4.560357,4.6422315,5.315131,4.422627,4.4683347,4.568293,4.4293165,5.705965,5.858252,5.75224,5.7593217,5.210587,5.1411433,5.2274194,5.1996145,4.5180874,4.511931,4.5417075,4.6951356,4.491573,4.5269847,4.4871836,4.5019364,4.937457,4.960385,4.902724,4.876642,4.919981,4.690553,5.148059,4.9209933,6.00726,6.011703,6.3518724,5.430568,5.4389277,5.191627,4.6668034,5.386112,6.585818,6.124829,5.173644,4.76096,4.750927,5.401866,5.5441747,5.5516114,4.9997096,4.8256803,4.8659797,4.6315494,5.6061597,5.353389,5.302191,5.080215,5.1651664,4.9301333,5.1472034,5.195147,6.321168,5.8046837,4.947632,5.3142586,5.897536,5.720168,5.949512,6.5039754,5.809533,6.088438,5.443702,5.770711,5.329377,5.47869,5.5928254,5.515984,5.5026317,5.759097,5.3761654,5.294988,5.419562,5.5312347,5.551129,5.1270604,4.9502606,4.6457763,5.646444,5.4146996
8,5.662899,6.3018036,5.387739,5.610722,4.084412,3.781663,3.5464797,4.301745,0.0,1.621279,3.5104697,3.371327,2.4762852,2.5000026,2.5333166,2.4180746,3.3863761,2.8213599,4.4292054,2.906738,2.8601513,2.8960257,3.5834634,3.5893085,2.3684356,2.7613454,2.6895769,2.7323618,2.571249,2.5642552,2.7012968,2.6019728,4.121705,3.3432453,4.069201,3.7296152,3.4785318,3.4393172,3.413046,3.400325,3.2608185,3.3260143,3.471987,5.2982974,3.468205,3.4755144,3.2952538,3.4971712,4.8155675,5.040685,4.7939186,4.831257,5.1295934,5.6431503,5.2128963,5.1149817,3.331969,3.3730152,3.3405285,3.531619,3.2702525,3.2998338,3.3048227,3.2671256,4.4718933,4.6828384,4.5369725,4.791101,4.4036164,4.315707,4.6604724,4.631754,4.8499465,4.850503,5.514434,4.773805,5.1033716,5.137021,4.146463,4.9965854,6.426386,5.9797816,4.781643,5.176367,4.1988044,4.961024,5.0529823,5.1178265,4.593448,4.4721036,4.770049,4.546802,6.36548,6.6438847,5.4502974,5.108598,4.6504307,4.7321234,4.669437,4.93918,5.8873806,5.363437,4.1282296,5.0261893,5.4198256,5.278883,5.4271445,6.056185,5.2959013,5.539339,5.1783714,6.114845,4.1015663,3.9445434,4.016223,4.017269,4.0613794,4.678,4.083219,3.9348745,5.092178,5.240943,5.932346,5.552412,4.627328,4.5753846,5.4853754,5.2000475
9,5.7921615,6.6260633,5.677756,5.8042064,4.152005,3.941908,3.6313608,4.0671988,1.621279,0.0,3.9328947,3.7253125,2.502072,2.5196888,2.5713336,2.5622065,3.7045248,3.2278917,4.8579226,3.4090757,3.1689258,3.133177,3.408883,3.3334873,2.464838,2.5777514,2.8272977,2.57902,2.4791274,2.4105911,2.7734494,2.4982991,4.199526,3.64083,4.4423027,3.87979,3.715992,3.6264896,3.595228,3.5923352,3.5039473,3.5829513,3.8354018,5.42447,3.7154973,3.743538,3.5917346,3.749324,4.9840994,5.0635347,4.986001,5.0160522,5.2435594,5.705891,5.298813,5.212389,3.5306208,3.5861254,3.5602212,4.038053,3.4760692,3.5117948,3.4793293,3.461421,4.624945,4.7797356,4.8587847,4.910826,4.7226753,4.447971,4.85126,4.966046,4.884454,4.884365,5.647246,5.0567255,5.0910473,5.278167,4.176872,5.1007624,6.3545,6.116003,5.3756957,5.3993735,4.7231855,5.4457664,5.812069,5.740764,4.873116,4.765843,4.7952576,4.768932,6.095641,6.293312,5.3205767,5.149109,5.034158,4.978083,5.0428953,5.023175,5.6207566,5.2876906,4.110684,4.9242945,5.5038657,5.212814,5.382955,6.2623696,5.707084,5.957474,5.289815,6.040663,4.216762,3.9907417,4.070271,4.0373187,4.2088137,4.575357,4.0138216,3.8650763,5.116644,5.12943,5.979147,5.606655,4.691272,4.6147976,5.5224857,5.0909433
10,4.297392,5.3194666,3.9861405,4.099515,4.889761,4.602804,3.8974533,4.975918,3.5104697,3.9328947,0.0,1.224798,2.8096273,2.8289514,2.9584486,2.8092992,3.4681218,2.933004,3.8415866,3.3576024,3.1063852,3.2163754,3.503167,3.574503,3.3860073,3.517952,3.607208,3.5825305,3.5284142,3.6976986,3.545872,3.5387359,4.2871966,3.3779578,4.1406593,4.1377916,3.5158231,3.5301378,3.5201468,3.5068839,3.4329908,3.3887513,3.8322852,5.2546816,3.6118379,3.6101289,3.2950149,3.6428354,4.8240604,4.966936,4.817236,4.827008,5.054406,5.684347,5.1446595,5.0768423,3.6247473,3.6629536,3.588943,3.4739769,3.5282707,3.549907,3.636865,3.5402722,4.3009357,4.475666,4.413923,4.6951404,4.0252366,4.0169463,4.433439,4.4669023,4.7113295,4.7168736,4.8051114,4.257503,4.589412,5.362353,4.1637354,4.5627832,6.2248216,5.935134,4.949069,5.0526247,4.3047104,5.0572033,4.9085746,5.0934634,4.4596624,4.359147,4.3558426,4.35182,5.979815,6.473963,4.8759494,4.3700714,4.3849635,4.2883315,4.412515,4.863181,5.1081944,4.708588,4.6181464,4.5731735,3.825726,3.7244833,3.7519667,4.8314166,3.7446,4.097347,3.5823069,4.430942,5.753511,5.3479424,5.3964114,5.4211473,5.2586985,6.396968,5.4243994,5.305098,4.5668306,4.5807977,5.612948,5.261281,4.329123,4.2869563,5.1819916,4.6555543
11,4.597508,5.4650493,4.346854,4.5295963,4.9058003,4.6087894,4.0008364,5.043498,3.371327,3.7253125,1.224798,0.0,2.6405628,2.6431386,2.6127563,2.6729054,3.6712718,3.1417313,3.6030142,3.149096,2.8841279,2.8854322,3.256317,3.3009412,3.3097093,3.4665408,3.4046934,3.0890841,3.3770645,3.517701,3.313263,3.3461947,4.2150702,3.296083,4.3789515,4.0275245,3.529441,3.535894,3.5254638,3.500493,3.2599397,3.3008482,3.7278833,5.2020884,3.5104141,3.5122929,3.2904813,3.5503368,4.83266,4.983223,4.8264227,4.834306,5.1954427,5.7790494,5.287612,5.208059,3.6037376,3.611949,3.5916314,3.0466032,3.538568,3.5796175,3.5970714,3.5116398,4.328962,4.5333977,4.387156,4.6998696,4.165396,4.091409,4.481935,4.534499,4.6222982,4.6277294,5.0498986,4.5863967,4.784694,5.5042996,3.905825,4.774966,6.3410306,6.039314,5.019235,5.189073,4.5471764,5.125208,4.8486166,4.9380846,4.57493,4.495332,4.636715,4.5730295,6.134903,6.4875865,5.1208687,4.7808657,4.6148868,4.3742733,4.6299353,4.9484572,5.3365164,4.8989964,4.8378954,4.742396,4.027415,3.841202,3.934206,4.8606567,3.980145,4.336223,3.8310518,4.8121815,5.827486,5.4551544,5.5176134,5.550821,5.526112,6.51563,5.546209,5.4229913,4.737159,4.78645,5.710014,5.4147415,4.422843,4.4209166,5.2797623,4.838148
12,3.8639312,4.8054266,4.052576,4.1969156,3.612777,3.3496387,3.0832474,3.6521385,2.4762852,2.502072,2.8096273,2.6405628,0.0,0.30076188,0.5046885,0.5223985,2.5690374,1.6563785,2.7277038,1.8897293,1.4585508,1.5909802,2.089849,2.0525918,2.5994709,2.8052082,2.7402492,2.5914583,2.6320736,2.6336005,3.0221553,2.779815,3.3638535,2.4143705,3.5190039,2.8676276,2.6138976,2.504738,2.4860017,2.462137,2.3194387,2.3601887,2.7608712,4.76286,2.573436,2.5972393,2.389947,2.612499,4.22834,4.3388023,4.260379,4.2593517,4.562024,5.139453,4.6484966,4.5541706,2.3439498,2.3590271,2.3633392,2.884698,2.3699186,2.3993697,2.3352003,2.354737,3.7018464,3.8423777,3.7950928,3.9960995,3.4855547,3.363456,3.9377365,3.9845114,4.032604,4.0337286,4.886658,3.9830716,4.2206726,4.6171613,3.187346,4.1840596,5.7073436,5.3588533,4.4036775,4.516881,3.8351903,4.5567474,4.7212744,4.8110766,3.924223,3.776912,3.877466,3.8123744,5.375773,5.6546555,4.537738,4.133616,4.0005493,4.1995482,3.9875576,4.147913,4.8668103,4.4047194,4.105139,3.9579635,4.718867,4.476492,4.5299215,5.3651905,4.7683268,5.0943594,4.505813,5.338342,5.0702677,4.8895826,4.986778,4.9880757,4.962472,5.343081,4.976616,4.8463387,4.2174935,4.240021,5.1228623,4.743505,3.7809412,3.7369025,4.5814776,4.176118
13,3.8500361,4.7545323,4.137747,4.251769,3.7803152,3.5133214,3.2695487,3.801085,2.5000026,2.5196888,2.8289514,2.6431386,0.30076188,0.0,0.48559117,0.71665335,2.6097803,1.7054994,2.763365,1.9428809,1.4756246,1.6366588,2.0461402,2.0129614,2.601084,2.8245904,2.728822,2.6055658,2.6534054,2.6748562,3.0519989,2.7827213,3.4958432,2.4370854,3.4840963,2.8134675,2.7091224,2.5948927,2.5749092,2.5526044,2.3526914,2.395005,2.7290664,4.8933473,2.6161861,2.6490493,2.4312923,2.658667,4.312699,4.406893,4.3509817,4.3461924,4.698624,5.293644,4.7816052,4.6869407,2.397264,2.4136581,2.4140482,2.8612556,2.4314785,2.4653926,2.4057698,2.4216301,3.711279,3.846423,3.815914,4.020233,3.4969733,3.397113,3.9355464,4.0156245,4.0525713,4.053279,4.9274755,3.9428072,4.227661,4.5855074,3.236747,4.170398,5.675437,5.337372,4.4114614,4.560519,3.851744,4.534157,4.6913743,4.7877793,3.9494097,3.7974818,3.887388,3.8559887,5.370782,5.6922274,4.5418277,4.127018,3.9676743,4.175976,3.9438279,4.091149,4.8104568,4.3693523,4.1015625,3.8856492,4.70728,4.451516,4.5220323,5.3691006,4.805747,5.1127157,4.530124,5.374136,5.0596237,4.8905983,4.9836974,4.9857793,4.9495583,5.342594,4.968845,4.8433156,4.1914735,4.204602,5.1435413,4.7706485,3.7389047,3.7161896,4.530948,4.152769
14,4.0793767,4.945156,4.35,4.5004807,3.9248564,3.6568503,3.4328787,3.954451,2.5333166,2.5713336,2.9584486,2.6127563,0.5046885,0.48559117,0.0,0.77907044,2.7131157,1.8022326,2.7218564,1.9638295,1.5224435,1.6270431,2.0848422,2.0498466,2.7455842,2.939237,2.7720695,2.5653791,2.805096,2.8137438,3.1101005,2.8905866,3.5215182,2.4928765,3.7147644,2.9229164,2.784681,2.6856554,2.6726406,2.6389356,2.344575,2.4360557,2.8009286,4.872425,2.6730688,2.6968606,2.5009277,2.7135808,4.307933,4.4107676,4.3378563,4.3357325,4.740646,5.3231792,4.8367624,4.7343445,2.454614,2.4544487,2.4800797,2.831613,2.5004795,2.5327249,2.4507115,2.4690528,3.8937557,4.0434923,3.9720726,4.1943693,3.6694953,3.5799224,4.121194,4.189219,4.1462297,4.146439,5.1058016,4.2147617,4.462029,4.7880635,3.2674322,4.4242077,5.8928404,5.567056,4.608346,4.7804575,4.0928903,4.7569437,4.8319488,4.9151583,4.1530747,4.023863,4.1850166,4.1155605,5.576554,5.8589177,4.8202634,4.4465237,4.2322097,4.374194,4.216959,4.337034,5.0758476,4.6313043,4.3783507,4.1794076,4.9096236,4.64101,4.696381,5.502548,4.981736,5.3023844,4.732043,5.618805,5.222966,5.083087,5.1853685,5.19437,5.189574,5.564639,5.194958,5.0638213,4.4582577,4.4816747,5.3686514,5.0150714,3.9657342,3.9813528,4.770467,4.403368
15,3.8654418,4.8456616,3.9197333,4.104144,3.5486014,3.2672668,2.9747987,3.5257185,2.4180746,2.5622065,2.8092992,2.6729054,0.5223985,0.71665335,0.77907044,0.0,2.5248766,1.6198733,2.7500296,1.8844513,1.5636687,1.6780218,2.2674975,2.2391276,2.6768057,2.8992748,2.8565536,2.700773,2.7143626,2.703103,3.1110287,2.8602555,3.4251826,2.3974006,3.4462514,2.8013966,2.6342483,2.5389874,2.5224931,2.4946818,2.3213677,2.365467,2.6779222,4.75029,2.4554648,2.4712985,2.3683882,2.4871025,4.2041664,4.332836,4.2276745,4.2308908,4.545272,5.145469,4.639234,4.546095,2.3104243,2.313285,2.3217828,2.9018366,2.321624,2.349599,2.2853625,2.302526,3.7967148,3.9453313,3.774767,3.9813726,3.5416796,3.435849,4.033528,4.030786,4.2606597,4.261621,5.0063305,4.1722097,4.4400625,4.735377,3.4287288,4.3668847,5.8771605,5.5066915,4.445851,4.6201057,3.889595,4.651794,4.7813916,4.8867097,4.0070095,3.859582,3.9947786,3.857714,5.4904695,5.6241393,4.648146,4.217226,4.112246,4.2419796,4.1026998,4.2931294,5.0696,4.5837054,4.205139,4.1348405,4.813297,4.587341,4.6264462,5.4139657,4.782992,5.1294036,4.599173,5.4644604,5.1179686,4.9736586,5.0807176,5.078632,5.0215254,5.444934,5.0538945,4.919814,4.3698583,4.4102216,5.0581574,4.655301,3.9099913,3.8674276,4.7369647,4.3094354
16,4.757672,5.4962287,5.293863,5.4598694,4.305592,4.026749,4.014044,4.6367693,3.3863761,3.7045248,3.4681218,3.6712718,2.5690374,2.6097803,2.7131157,2.5248766,0.0,1.7182367,3.446346,2.972796,2.821341,3.240669,3.4475613,3.5096617,3.503005,3.7081358,3.7578022,4.1587663,3.5158753,3.532472,3.9496543,3.6400833,4.056818,3.2762468,4.4445577,3.8031242,3.44782,3.407145,3.4154406,3.3975341,3.37024,3.3911843,3.6149144,5.5748143,3.609984,3.5163946,3.296207,3.6129801,4.746584,4.839767,4.7396502,4.7636323,4.9919133,5.435885,5.062854,4.986677,3.3053052,3.3372324,3.257567,3.7959898,3.1901884,3.1646476,3.2251139,3.2334337,5.382653,5.568299,5.4788795,5.7398562,4.9274583,4.78368,5.6620975,5.694755,3.999237,3.9917731,6.0911393,5.0023284,5.415752,5.8094797,4.335685,5.3650436,6.7791,6.517413,5.6424503,5.6496043,5.0490036,5.7686186,5.6905904,6.0504365,5.351288,5.2551346,5.0210123,4.9676476,6.383259,6.87682,5.5482526,4.865016,5.057935,5.445871,5.0662537,5.432087,6.050486,5.7226567,5.489615,5.4423637,6.0375175,5.8095484,5.7788467,6.5610194,5.86368,6.2724986,5.7906775,6.365548,6.26264,6.1517086,6.2024927,6.191516,6.040631,6.560384,6.232862,6.0722537,5.6593466,5.5982084,6.4212847,6.0598865,5.340454,5.235911,5.947109,5.6236525
17,4.032149,4.9216013,4.669997,4.7998595,4.12316,3.8615859,3.69011,4.2936244,2.8213599,3.2278917,2.933004,3.1417313,1.6563785,1.7054994,1.8022326,1.6198733,1.7182367,0.0,3.0412211,2.305134,2.025836,2.4666526,2.6913595,2.7630787,2.8343985,3.0905595,2.8890653,3.3638906,3.2190409,3.2565508,3.501115,3.1613717,3.6020591,2.4885817,3.6020398,3.094474,2.7362282,2.6803718,2.6981173,2.649253,2.516306,2.5314753,2.8764906,4.80698,2.848683,2.8000078,2.4372184,2.8457007,4.0898542,4.177938,4.072566,4.095738,4.443731,5.063045,4.5552864,4.4505515,2.5135417,2.5298393,2.4788888,3.1594346,2.4679048,2.4295943,2.5038128,2.5007436,4.3755007,4.5372086,4.511245,4.72337,3.7657459,3.9076715,4.5961413,4.6415324,4.3078513,4.303826,5.373414,4.1376023,4.7155743,5.115864,3.789214,4.6622334,6.1078167,5.85068,4.8551445,5.0036273,4.297285,5.04823,5.003467,5.3411775,4.50871,4.4104915,4.4069104,4.3526425,5.596021,6.161314,5.0117807,4.284053,4.181848,4.7064857,4.207359,4.5921683,5.322,4.9554315,4.664502,4.641047,5.2857924,5.0531125,5.0138535,5.839753,5.265964,5.602925,5.0758104,5.8234954,5.470664,5.292225,5.3875365,5.396126,5.1368155,5.754657,5.467352,5.3208957,4.839853,4.799755,5.7592473,5.3894296,4.3633423,4.4063387,5.141887,4.78188
18,3.4146123,4.368576,3.949509,4.2896056,4.3104715,4.0255733,4.2535634,4.8434734,4.4292054,4.8579226,3.8415866,3.6030142,2.7277038,2.763365,2.7218564,2.7500296,3.446346,3.0412211,0.0,1.7617534,1.9475269,2.1865618,3.0143018,3.0350611,3.9592423,4.141073,3.9426847,3.8327782,3.8137398,3.9117792,4.185291,4.0652695,3.6423929,2.4902732,3.8278427,3.151837,2.8780103,2.805353,2.806704,2.7824268,2.528799,2.520826,2.9421046,4.8048825,2.7727418,2.7339292,2.6213973,2.7953742,4.178038,4.464676,4.186733,4.16262,4.6446605,5.2162786,4.702174,4.6310678,2.6573677,2.6420062,2.6573641,2.9110878,2.7244933,2.7454858,2.6841044,2.7129939,3.9461749,4.0712256,3.7397928,4.2302384,3.4819179,3.447808,4.1547475,4.014407,3.653461,3.6601305,4.9166555,3.991019,4.2256937,4.8252954,3.1274302,4.2134576,6.0745463,5.4603815,4.255206,4.7471504,4.62925,4.4057674,4.5029593,4.713417,3.8936334,3.770468,4.0948505,3.7352161,5.481937,5.805252,4.6577997,4.182247,4.2076693,4.5476294,4.2032933,4.5044417,5.383086,4.6531625,5.0577745,4.3916054,4.8954835,4.81527,4.8283477,4.779994,4.4700193,4.81832,4.7333016,5.691248,6.3375635,6.237999,6.3210135,6.3430853,6.251238,6.6066904,6.320089,6.1958632,4.399083,4.541279,5.0327277,4.885711,4.155196,4.072612,4.9041543,4.512627
19,3.8052933,4.72164,4.143449,4.4730816,3.520436,3.2002769,3.3997424,4.074674,2.906738,3.4090757,3.3576024,3.149096,1.8897293,1.9428809,1.9638295,1.8844513,2.972796,2.305134,1.7617534,0.0,0.92040676,1.3036288,2.4843717,2.4889882,2.470558,2.8040178,2.5360293,2.5375407,2.461538,2.5880022,2.882913,2.6548028,2.9543195,1.5506973,3.0888135,2.3741639,1.9910833,1.8729242,1.8544836,1.824699,1.5314692,1.5545341,2.119993,4.261606,1.843283,1.8237699,1.6686695,1.8729004,3.6700974,3.9896348,3.6534526,3.6558971,4.1345177,4.7323184,4.1860604,4.098056,1.7059205,1.7335229,1.7183496,2.299245,1.7316898,1.7745591,1.7383189,1.7335575,3.3625042,3.53181,3.2381675,3.6587398,2.95322,2.94696,3.585905,3.4668436,3.5605655,3.567497,4.5595765,3.5513523,3.833418,4.343039,2.689227,3.835243,5.718963,5.0941005,3.7248478,4.3040605,4.054382,3.8737702,4.176431,4.3395367,3.393932,3.243905,3.6498857,3.229639,5.09959,5.41437,4.276495,3.7778206,3.6339905,3.9847834,3.6501129,3.9764607,5.0513473,4.2964525,3.986523,3.9820485,4.5277324,4.4086714,4.525027,4.5553575,4.2031493,4.503908,4.3182416,5.372054,4.9598536,4.8032966,4.8938513,4.906334,4.7912016,5.268561,4.8835363,4.743766,3.9728608,4.1421614,4.655696,4.4560647,3.6007345,3.518312,4.5355406,4.13338
20,3.4317179,4.417947,4.0717845,4.2742486,3.468068,3.139681,3.3411834,4.113958,2.8601513,3.1689258,3.1063852,2.8841279,1.4585508,1.4756246,1.5224435,1.5636687,2.821341,2.025836,1.9475269,0.92040676,0.0,0.6938638,1.6250072,1.6480834,2.3022344,2.6161203,2.418948,2.2758462,2.3490899,2.3821833,2.6523602,2.521165,2.7953172,1.267541,2.849062,2.2805228,1.6970054,1.5864086,1.5750134,1.539848,1.2800268,1.287562,1.9230639,4.207605,1.7128139,1.6890978,1.3662119,1.742052,3.6626346,3.8223662,3.6527276,3.6590598,4.0917263,4.703903,4.15026,4.0608068,1.5765216,1.5806302,1.5968558,2.0612564,1.5965244,1.6297975,1.5701526,1.5820576,3.0823352,3.2821267,3.1771104,3.4808087,2.7395399,2.6544492,3.3359482,3.4371738,3.3446708,3.3471978,4.3012395,3.3168795,3.591439,4.0868874,2.465282,3.5683608,5.3206797,4.8762145,3.7909753,4.0335517,3.9281025,3.8906279,4.164172,4.2784314,3.338958,3.200801,3.3603244,3.1832085,5.0040054,5.3725176,3.9536664,3.4686468,3.4615517,3.8057003,3.4761176,3.6107535,4.468212,3.8670363,3.7452538,3.4918983,4.274544,4.0805635,4.1536546,4.5342884,4.31313,4.6023955,4.1234574,5.056024,4.795245,4.632398,4.721922,4.745351,4.6778355,5.063181,4.730423,4.5942726,3.684923,3.74407,4.582796,4.348961,3.2034783,3.2443416,4.139725,3.6941361
21,3.5057836,4.47436,3.9170976,4.129239,3.4022787,3.0571034,3.3185303,4.2042894,2.8960257,3.133177,3.2163754,2.8854322,1.5909802,1.6366588,1.6270431,1.6780218,3.240669,2.4666526,2.1865618,1.3036288,0.6938638,0.0,1.5247598,1.5222431,2.3977032,2.6784737,2.5717883,2.0778463,2.2852585,2.238594,2.4561806,2.556547,2.961417,1.5294085,3.0097566,2.6230938,1.9080638,1.8236494,1.8037074,1.7747346,1.4971571,1.4985073,2.2065523,4.2629285,1.8016407,1.7822515,1.568272,1.8414755,3.796003,3.939818,3.7815733,3.7906206,4.22234,4.8563323,4.2841043,4.1971726,1.7890157,1.7702001,1.828532,2.132524,1.8202549,1.863557,1.724881,1.7673168,2.8606174,3.092295,2.9382367,3.2317262,2.7406292,2.5010078,3.1338825,3.2631636,3.3259654,3.3291624,4.0451565,3.4432087,3.501018,4.07719,2.4800482,3.502282,5.1962304,4.745807,3.696146,3.9004798,3.8280358,3.811608,4.146481,4.1327353,3.2131944,3.0718575,3.2614408,3.0874321,5.1570225,5.342777,3.8686743,3.5554707,3.5140018,3.7567296,3.5285654,3.5440357,4.33575,3.7158759,3.6106908,3.349285,4.1626725,3.9901516,4.0468903,4.446947,4.248497,4.537352,4.043712,5.003757,4.7313156,4.521575,4.6118083,4.6457076,4.7025623,4.91927,4.6232553,4.493531,3.5410564,3.6271517,4.3853326,4.1518946,3.1197906,3.1465328,4.0063405,3.5391774
22,3.3008826,4.238904,4.5043254,4.4826393,4.02904,3.7395658,3.9493177,4.683524,3.5834634,3.408883,3.503167,3.256317,2.089849,2.0461402,2.0848422,2.2674975,3.4475613,2.6913595,3.0143018,2.4843717,1.6250072,1.5247598,0.0,0.2572453,2.785077,3.0253084,2.9068172,2.452512,2.8229957,2.754942,2.8246138,2.917871,3.173254,1.7821633,3.102686,2.7781608,2.1204252,2.054501,2.056898,2.0290327,1.7683941,1.7703215,2.4038413,4.443665,2.0937133,2.0814369,1.8016877,2.1130912,3.9459925,3.7861996,3.9535582,3.959113,4.3743725,5.0071282,4.433321,4.3475814,2.0572639,2.0121424,2.0850446,2.6480265,2.0764136,2.0961108,1.9912958,2.036772,3.2157667,3.4168804,3.590278,3.5971985,3.0616043,2.830213,3.4852526,3.9650667,3.5976503,3.594268,4.3127365,3.6433556,3.7119706,4.1503296,2.8920188,3.7310493,4.920092,4.882741,4.4143558,4.1240115,4.4281363,4.3802257,4.799634,4.7928076,3.8461354,3.7578933,3.4572923,3.689626,5.1146097,5.4008107,3.791376,3.4469318,3.7686956,3.878457,3.777797,3.4506223,3.7568815,3.5687428,3.8244698,3.1045952,4.221295,3.8590481,3.8288417,4.67166,4.913618,5.1630397,4.2475686,4.929998,4.8882475,4.761254,4.846747,4.881868,4.9077325,5.1312857,4.8536787,4.7331133,3.724542,3.5191104,4.6450458,4.422784,3.0774682,3.3740857,3.7842355,3.353334
23,3.363421,4.299679,4.484327,4.471751,3.9779637,3.7033565,3.8969474,4.561619,3.5893085,3.3334873,3.574503,3.3009412,2.0525918,2.0129614,2.0498466,2.2391276,3.5096617,2.7630787,3.0350611,2.4889882,1.6480834,1.5222431,0.2572453,0.0,2.7896059,3.023264,2.9287395,2.4025416,2.776086,2.6961858,2.8470633,2.8913846,3.1779244,1.8519611,3.1293647,2.7310114,2.1744173,2.0921352,2.0915122,2.0666878,1.8238337,1.8311177,2.4303882,4.4613876,2.1499379,2.1448064,1.8796376,2.1708076,3.9693778,3.8145003,3.978926,3.984359,4.3878093,5.0084076,4.4427576,4.3584986,2.0858903,2.038425,2.1195822,2.7005363,2.1083581,2.1326938,2.0105731,2.0620794,3.186393,3.3728673,3.5677218,3.561912,3.0785084,2.7943761,3.4665778,3.931843,3.614537,3.611424,4.3648076,3.6673386,3.6794264,4.1236296,2.83697,3.7019806,4.895181,4.8506937,4.4032083,4.090305,4.4075065,4.3640223,4.8189006,4.782955,3.8125553,3.7207608,3.4215677,3.6516087,5.0258527,5.288742,3.7512267,3.4593494,3.7749794,3.8344295,3.781052,3.41281,3.753152,3.5535812,3.7827396,3.0721405,4.2129574,3.8320918,3.8199024,4.665723,4.908376,5.160079,4.2348404,4.9178605,4.857392,4.7269917,4.817365,4.8457704,4.9067297,5.091911,4.811351,4.6912785,3.6903012,3.4872663,4.618981,4.396587,3.051077,3.315677,3.7605057,3.3295064
24,4.6782455,5.54211,5.1618023,5.343169,3.65854,3.4200194,3.5072289,4.568448,2.3684356,2.464838,3.3860073,3.3097093,2.5994709,2.601084,2.7455842,2.6768057,3.503005,2.8343985,3.9592423,2.470558,2.3022344,2.3977032,2.785077,2.7896059,0.0,1.1905398,0.9927972,1.4801134,1.2611591,1.4228451,1.5105199,0.689108,3.4381783,2.3973844,3.3057613,2.9809163,2.6069086,2.5241103,2.5049665,2.4848301,2.4277744,2.430119,2.7475233,4.554663,2.6159184,2.60703,2.4319475,2.6252034,4.1325073,4.2551565,4.0778646,4.119232,4.5039573,5.050328,4.4994044,4.422017,2.5681782,2.615248,2.5801961,3.018161,2.480859,2.5016046,2.5338566,2.4833407,3.529778,3.7363079,3.7811744,3.8419514,3.3628576,3.3309984,3.7322583,3.9054887,4.063312,4.0666213,4.706706,3.7627785,4.0325255,5.052581,3.2884896,4.0471377,5.5077634,5.155738,4.211454,4.437295,4.311432,4.2383924,4.7168694,4.7704744,3.8459854,3.7313561,3.8015597,3.6816685,5.1154194,5.4670925,4.235484,3.7806888,3.6121666,4.273455,3.6586075,3.9514053,4.5764112,4.0955644,3.2974322,3.9345524,4.408312,4.1708536,4.3548574,4.805357,4.563826,4.7607207,4.2308846,5.048098,4.343015,3.5080729,3.5826335,3.5879905,3.457901,4.0695133,3.5587656,3.4016738,3.9178104,3.9310777,4.786728,4.610601,3.7215316,3.706625,4.567527,4.1437283
25,4.8371134,6.2407546,5.3104672,5.4651933,3.9797373,3.7625191,3.8278494,4.8718476,2.7613454,2.5777514,3.517952,3.4665408,2.8052082,2.8245904,2.939237,2.8992748,3.7081358,3.0905595,4.141073,2.8040178,2.6161203,2.6784737,3.0253084,3.023264,1.1905398,0.0,1.5186305,1.87821,1.748798,1.9090108,1.9539396,1.3616083,3.6236632,2.7503073,3.6595511,3.3625681,2.8802693,2.8043318,2.7849066,2.7719643,2.7334456,2.7357774,3.124383,4.7656536,2.9668427,2.96472,2.7478383,2.9813879,4.3868904,4.5112276,4.321332,4.358267,4.724928,5.264309,4.705685,4.6450744,2.8718667,2.9858205,2.8941822,3.455153,2.7892628,2.8021338,2.869591,2.792895,3.8160918,3.9939072,4.1233206,4.1643653,3.6919582,3.6197283,3.997897,4.181733,4.1310496,4.135723,4.539129,4.020096,4.183229,5.3318653,3.5165858,4.280159,6.075038,5.76641,4.9393654,5.0829825,4.9714375,4.9757624,5.494455,5.4956636,4.141554,4.023069,4.050275,3.976977,5.3640447,5.7635317,4.4704823,4.0458465,4.351497,5.0057664,4.4086123,4.614736,4.728787,4.30187,3.6359189,4.1668153,4.6219134,4.4039817,4.5792146,5.0828223,4.770105,4.9726243,4.414314,5.1657753,4.790213,3.9447157,4.0166993,4.023149,3.817494,4.3509474,3.9265711,3.7627347,4.145624,4.12995,5.1093783,4.9424233,4.07579,4.05931,5.2079115,4.32277
26,4.851679,5.637972,5.5882263,5.771489,4.0966105,3.892501,3.9534822,4.936354,2.6895769,2.8272977,3.607208,3.4046934,2.7402492,2.728822,2.7720695,2.8565536,3.7578022,2.8890653,3.9426847,2.5360293,2.418948,2.5717883,2.9068172,2.9287395,0.9927972,1.5186305,0.0,1.4784127,1.979809,2.1998074,1.89268,1.272753,3.4478729,2.5056841,3.6951396,3.1476457,2.7185073,2.6395302,2.6313426,2.5870483,2.3902247,2.4648283,2.9050114,4.518019,2.6823967,2.6983986,2.5598528,2.6922374,4.1819506,4.304688,4.1353955,4.165667,4.6438355,5.1497536,4.6533437,4.5576625,2.606649,2.6455102,2.633422,3.1181185,2.5873368,2.6065726,2.638802,2.58165,3.871135,4.0576696,4.0900135,4.1382313,3.5457509,3.7437394,4.0206985,4.1985784,4.451605,4.456189,5.036825,4.0823355,4.4289603,5.45299,3.4336379,4.513398,5.887279,5.5629697,4.5567713,4.8868594,4.7728715,4.595169,4.990637,5.094588,4.252234,4.1522756,4.375621,4.2314663,5.3500514,5.7527175,4.7912393,4.2868533,3.9474227,4.674258,3.994802,4.3378396,4.973042,4.513102,3.885154,4.3256464,4.775612,4.517293,4.6839786,5.0187087,4.9339776,5.1065936,4.592586,5.4574194,4.771294,3.9902039,4.0812902,4.104164,3.8671412,4.538846,4.104046,3.9579637,4.3534255,4.3567815,5.172287,5.049457,4.0646,4.175622,4.8872213,4.54454
27,4.8098373,5.57915,5.167572,5.376431,3.9470885,3.7098677,3.7418416,4.7462044,2.7323618,2.57902,3.5825305,3.0890841,2.5914583,2.6055658,2.5653791,2.700773,4.1587663,3.3638906,3.8327782,2.5375407,2.2758462,2.0778463,2.452512,2.4025416,1.4801134,1.87821,1.4784127,0.0,1.6554154,1.7568473,1.4554929,1.3479103,3.4340172,2.4360194,3.6834881,3.1309276,2.6939116,2.6226287,2.6027417,2.5737276,2.2704241,2.3647597,2.8610969,4.36226,2.54288,2.563392,2.488324,2.5697494,4.0433555,4.140194,4.0062394,4.0343213,4.5345974,5.094166,4.5535483,4.4630075,2.5511792,2.548069,2.605054,2.9425898,2.5388374,2.5885122,2.5014913,2.4707375,3.3604093,3.5748572,3.574688,3.6175296,3.4036138,3.2493782,3.5708435,3.8011496,4.1541047,4.159576,4.6608334,4.117749,4.0867686,5.0495214,2.9879718,4.1656013,5.455135,5.150126,4.292739,4.4833565,4.5112233,4.3122764,4.8375816,4.709428,3.8476555,3.7741897,3.9917104,3.8614655,5.2643137,5.3819013,4.3632665,4.209218,3.9316673,4.156258,3.9713356,3.9986863,4.5897284,4.096218,3.5261593,3.9483416,4.2355657,3.9383087,4.105198,4.5084553,4.5279293,4.7331586,4.114652,5.077753,4.485529,3.7814655,3.8802803,3.9068232,4.041389,4.470205,3.8752298,3.731166,3.9560523,3.9784703,4.7397156,4.6178083,3.6430995,3.725562,4.4412413,4.0682135
28,4.816195,5.573692,4.8980494,5.1462913,3.5457387,3.2765472,3.4532285,4.513616,2.571249,2.4791274,3.5284142,3.3770645,2.6320736,2.6534054,2.805096,2.7143626,3.5158753,3.2190409,3.8137398,2.461538,2.3490899,2.2852585,2.8229957,2.776086,1.2611591,1.748798,1.979809,1.6554154,0.0,0.64160603,1.284252,0.9342053,3.637575,2.574363,3.5201955,3.1559923,2.8306353,2.7432864,2.7092354,2.7185338,2.6071374,2.585521,2.9480062,4.9052944,2.7834952,2.7562084,2.605186,2.812624,4.2472286,4.4126515,4.208403,4.243705,4.635608,5.2003164,4.618454,4.554149,2.567924,2.6121104,2.5815008,3.331337,2.4601445,2.502341,2.4508073,2.4409602,3.5567257,3.7547834,3.7553382,3.9027402,3.6597493,3.2262318,3.8340657,3.9396935,3.45105,3.4562125,4.636241,3.9169798,3.8382378,4.960575,3.1178296,3.8572743,5.407631,4.9591775,4.09895,4.2812567,4.140202,4.061382,4.816757,4.748303,3.7005095,3.5630832,3.5332508,3.3682723,5.289015,5.4931774,4.011945,3.7954187,3.7351184,4.0787983,3.7648783,3.9390683,4.55219,3.9854162,3.2639954,3.820411,4.300551,4.095287,4.2512307,4.6440997,4.307226,4.5689816,4.1326833,4.9735556,4.517277,3.7518218,3.7947536,3.7783656,3.9860902,4.311916,3.744984,3.58358,3.8138661,3.8566642,4.670056,4.4945526,3.813979,3.6033554,4.449552,4.0788546
29,4.8189893,5.5604906,4.8776507,5.1136594,3.241935,2.973852,3.2796273,4.334178,2.5642552,2.4105911,3.6976986,3.517701,2.6336005,2.6748562,2.8137438,2.703103,3.532472,3.2565508,3.9117792,2.5880022,2.3821833,2.238594,2.754942,2.6961858,1.4228451,1.9090108,2.1998074,1.7568473,0.64160603,0.0,1.4422616,1.2215086,3.613945,2.6779406,3.5885744,3.2881033,2.8673842,2.7823474,2.7520347,2.7545843,2.7468574,2.7222757,3.0839455,4.9161725,2.8952355,2.8492234,2.7061968,2.9170964,4.3995447,4.527367,4.3447685,4.391892,4.6988463,5.2158675,4.687929,4.625766,2.7856174,2.8038292,2.802842,3.192969,2.671564,2.7037218,2.622651,2.6415868,3.5164227,3.7428463,3.7580833,3.8750618,3.6876373,3.1870117,3.8247519,3.9474685,3.4359343,3.4376302,4.637088,3.991156,3.8372798,4.9086204,3.1410456,3.8559856,5.3225584,4.9051533,4.084665,4.113221,4.0604057,4.0873156,4.690893,4.586232,3.7274413,3.5910935,3.5022545,3.3769343,5.315426,5.447435,3.9778893,3.8107796,3.7470653,4.1194353,3.7780979,3.8507378,4.529392,3.9991388,3.2522166,3.810579,4.4620385,4.24212,4.400225,4.8795204,4.5411854,4.8100204,4.30087,5.0590863,4.4313664,3.685288,3.7377777,3.726179,4.0079994,4.108187,3.7005794,3.5443404,3.8279912,3.8751585,4.6760006,4.4757094,3.8052602,3.5750308,4.43783,4.0812116
30,5.0437922,5.6920137,5.2980666,5.5019464,3.9749973,3.6740677,3.8757794,5.2023945,2.7012968,2.7734494,3.545872,3.313263,3.0221553,3.0519989,3.1101005,3.1110287,3.9496543,3.501115,4.185291,2.882913,2.6523602,2.4561806,2.8246138,2.8470633,1.5105199,1.9539396,1.89268,1.4554929,1.284252,1.4422616,0.0,1.3516128,3.7008622,2.6902883,3.9435477,3.8027148,2.8853796,2.8636363,2.836995,2.8302174,2.6266983,2.6371806,3.3282588,4.7420344,2.8072636,2.7748358,2.65505,2.8388054,4.2414865,4.3486867,4.1927648,4.231352,4.6600285,5.2430935,4.6697345,4.590321,2.736584,2.7680662,2.7590075,3.4011655,2.6483095,2.684207,2.6315966,2.6147652,3.72157,3.98468,3.9563532,4.0536704,3.8273091,3.5269115,3.9558904,4.194585,3.6665633,3.6722817,4.4053655,4.2325487,4.0970583,5.244034,3.381989,4.2303944,5.5083704,5.1861553,4.3851633,4.532859,4.4949117,4.3559394,5.033455,4.950106,4.051101,3.9668162,3.971155,3.8716204,5.8359475,5.9876504,4.381043,4.185013,4.045723,4.361458,4.098735,4.239144,4.635197,4.169331,3.524687,4.1093116,4.3806477,4.2066827,4.2808537,4.693713,4.548546,4.7795725,4.2491493,5.0983715,4.5512047,3.7647507,3.7915955,3.8285177,4.0256824,4.4226155,3.8422039,3.6858978,4.1303225,4.13846,4.8922305,4.751467,4.037955,4.0178385,4.5812707,4.2645135
31,4.958016,5.7442713,5.3369884,5.5536814,3.8365762,3.6084106,3.6872785,4.7287097,2.6019728,2.4982991,3.5387359,3.3461947,2.779815,2.7827213,2.8905866,2.8602555,3.6400833,3.1613717,4.0652695,2.6548028,2.521165,2.556547,2.917871,2.8913846,0.689108,1.3616083,1.272753,1.3479103,0.9342053,1.2215086,1.3516128,0.0,3.6532853,2.6190896,3.6187544,3.1114275,2.8893325,2.805817,2.7848766,2.7717092,2.6151822,2.6434903,2.932577,4.7712684,2.8147633,2.7985241,2.6823199,2.8298106,4.2318106,4.3534904,4.181178,4.221151,4.668091,5.2064457,4.651062,4.57743,2.7013772,2.7382147,2.7168415,3.2796717,2.6060917,2.637646,2.6305833,2.5882044,3.7816896,3.9782963,4.002988,4.065912,3.7177804,3.5315669,4.011496,4.175226,3.9880335,3.9919791,4.962466,4.0979915,4.209851,5.3402815,3.343117,4.238749,5.63223,5.2901006,4.4296966,4.6339645,4.5393333,4.413476,4.9913325,4.9876103,4.0530663,3.9504766,3.9796412,3.850178,5.254356,5.5130215,4.3569007,4.0251775,3.8798623,4.372294,3.9192686,4.1544404,4.7230387,4.2494335,3.5291145,4.124342,4.475842,4.199993,4.3822727,4.802946,4.6022425,4.828072,4.314022,5.142289,4.638098,3.7636838,3.8293996,3.821246,3.846738,4.383719,3.7850165,3.622444,4.0977244,4.0922613,4.8994594,4.7575564,3.9877963,3.9181628,4.7138,4.3376975
