,0,1,2,3,4,5,6,7,8,9,10,11,12,13,14,15,16,17,18,19,20,21,22,23,24,25,26,27,28,29,30,31,32,33,34,35,36,37,38,39,40,41,42,43,44,45,46,47,48,49,50,51,52,53,54,55,56,57,58,59,60,61,62,63,64,65,66,67,68,69,70,71,72,73,74,75,76,77,78,79,80,81,82,83,84,85,86,87,88,89,90,91,92,93,94,95,96,97,98,99,100,101,102,103,104,105,106,107,108,109,110,111,112,113,114,115,116,117,118,119,120,121,122,123,124,125,126,127
0,0.0,0.19623424,1.1869001,1.1707637,1.4128034,1.4575024,2.134162,3.1356215,3.2512555,3.3376808,3.1691086,3.093431,3.6896422,3.6400275,3.2745466,3.472458,3.7165005,3.3829048,3.6021938,3.5954475,3.74062,3.8835137,3.9086332,4.6104603,3.9374218,2.8325424,3.1332512,2.9716687,4.6644554,4.6294875,5.2107716,5.2107716,4.479016,4.524477,3.3840518,4.6144958,3.5896788,3.527633,4.335233,4.279212,2.7717822,3.3866482,3.1301768,3.4677594,2.7895417,3.0036936,3.129279,3.131664,3.2955766,4.1037593,4.2028427,4.054578,3.0049884,3.2323503,3.146782,3.305648,2.9943738,3.379578,3.258473,4.2871614,2.899813,2.893674,2.8203197,3.5466864,3.2796307,3.6792898,3.1092937,3.4845905,3.585951,3.391394,3.4023104,3.7598357,4.002866,3.772941,3.779805,3.9788396,4.1978493,4.0169396,3.999455,3.8454041,4.3327956,4.1134706,4.8536997,4.88457,4.8688636,4.6919036,3.8544426,2.3947814,5.576434,5.5081425,5.052838,4.4250107,4.3611455,4.2282887,4.3123245,4.6652226,3.4539394,3.228005,3.18469,3.1130395,3.3612196,3.221051,3.2764359,3.9073894,4.206819,4.6773953,3.0440717,3.092479,3.4845655,5.212567,3.8414006,3.2130733,2.6553335,2.6170382,3.5817356,3.3046784,2.9642165,3.1335797,3.6404126,3.2973144,3.1379375,3.7799203,3.532542,3.5666413,3.2893298,2.6842747,3.7214863,3.7984254
1,0.19623424,0.0,1.0928757,1.0799626,1.3181725,1.3367983,2.0531218,3.0591993,3.2032032,3.290465,3.122495,3.0637176,3.6854866,3.63451,3.1575422,3.4523144,3.7192578,3.3859131,3.5928674,3.5902984,3.684326,3.8371582,3.8955576,4.56988,3.9027286,2.8152926,3.0995991,2.968607,4.627774,4.592695,5.164936,5.164936,4.430931,4.4723363,3.3520203,4.5685396,3.5697427,3.5014434,4.299807,4.2526436,2.7612371,3.3552864,3.1241043,3.454159,2.7146902,2.917852,3.0531147,3.0520666,3.2998,4.076688,4.1703176,4.029459,2.967538,3.215302,3.1185796,3.2574065,2.9923818,3.4011102,3.2452972,4.2580814,2.8790812,2.8734212,2.82408,3.518634,3.2617877,3.6474698,3.0632703,3.445417,3.5713575,3.3749368,3.3935513,3.7312632,3.9892225,3.7486575,3.764997,3.9584801,4.183228,4.0009193,4.0083385,3.8334222,4.262098,4.035919,4.786564,4.8163056,4.7962275,4.6395802,3.7983603,2.318043,5.5825973,5.526049,5.0095267,4.395781,4.3124857,4.1807957,4.2510266,4.6082993,3.51123,3.278751,3.2230933,3.1583283,3.4084535,3.2742012,3.3208134,3.9456232,4.251619,4.7191567,3.0739563,3.1333654,3.544338,5.207603,3.8633869,3.261824,2.71943,2.681149,3.6028068,3.354905,3.0042086,3.1720543,3.6787953,3.3305538,3.1642811,3.8015575,3.5793986,3.6091366,3.3386617,2.745108,3.805083,3.8833039
2,1.1869001,1.0928757,0.0,0.22346914,0.7295343,0.605472,1.4331136,2.4404902,2.6700854,2.7477005,2.6637316,2.5635226,3.2171504,3.13335,2.653035,2.8482494,3.3489323,2.9056056,3.1565068,3.1510444,3.2389228,3.3812559,3.5713775,3.954266,3.2916083,2.3727946,2.476481,2.5443542,4.0440946,4.018137,4.611232,4.611232,3.8493776,3.8916059,2.8734298,3.9680758,3.0330884,2.858242,3.6826174,3.6090667,2.620245,3.080099,2.6916358,3.0778315,2.4582279,2.5514717,2.6417577,2.6209934,3.1294858,3.658351,3.6354747,3.6190395,2.8011444,2.9527009,2.769898,2.6273875,2.4851186,3.0231209,2.8450055,3.7166958,2.4050424,2.4014525,2.6525807,2.985544,2.8432658,3.2811878,2.443424,2.912553,3.2796292,2.8939824,3.056424,3.2009661,3.5384011,3.2673888,3.4817932,3.4591696,3.7144215,3.4821403,3.7491455,3.389559,3.7593951,3.4958909,4.353743,4.372204,4.3757844,4.2850423,3.6434577,2.095686,5.064206,5.095866,4.5264263,3.9952555,4.0426393,3.8880785,3.8278248,4.1559143,3.6224244,3.4881802,3.4225705,3.3470404,3.5532098,3.4536934,3.4274802,4.028235,4.6021934,4.92328,3.253749,3.2934406,3.7041762,5.371003,3.8208535,3.4164715,3.0219688,3.143917,3.5719876,3.5127795,3.2292697,3.350672,3.7306995,3.542799,3.3454025,3.9301898,3.9418633,3.926142,3.3623724,3.05421,3.8862536,3.9541583
3,1.1707637,1.0799626,0.22346914,0.0,0.58109623,0.5743089,1.3593161,2.4020793,2.5916345,2.6673245,2.5728452,2.4667294,3.1777174,3.08828,2.6319726,2.8064568,3.33497,2.8934476,3.1374264,3.1308432,3.2272499,3.369092,3.526226,3.9140134,3.2352006,2.3374116,2.4419775,2.4747994,3.9696279,3.9387639,4.5775995,4.5775995,3.8075502,3.8520153,2.8366659,3.929607,2.9605877,2.807237,3.6328611,3.5738876,2.6051297,3.0413542,2.6446786,3.013808,2.4477794,2.5412555,2.6138268,2.5974476,3.067443,3.5908866,3.5615995,3.5531225,2.7754102,2.8686206,2.6834817,2.5733924,2.4632866,2.9983647,2.7717083,3.6282406,2.3712387,2.3681104,2.6121755,2.9291868,2.852418,3.2022755,2.4025512,2.8787642,3.2531817,2.8104043,3.025056,3.1675029,3.5020628,3.2279344,3.4630728,3.4212322,3.6238904,3.4008257,3.682233,3.314458,3.741498,3.4663234,4.3408384,4.3592377,4.3618064,4.2346973,3.6644123,2.1477728,5.0444326,5.082392,4.50943,3.9841468,4.049473,3.879598,3.7953186,4.139047,3.622968,3.484981,3.4283643,3.348058,3.5466733,3.452831,3.4121416,3.99714,4.4920483,4.806027,3.247184,3.280642,3.6891067,5.3563366,3.8108916,3.4155743,3.0807734,3.1543896,3.6623747,3.5153959,3.1892977,3.3181422,3.7298887,3.504477,3.296376,3.9034677,3.8964298,3.8739467,3.371368,3.0696857,3.8618462,3.9296124
4,1.4128034,1.3181725,0.7295343,0.58109623,0.0,0.5396692,1.3959496,2.3145535,2.549111,2.5780785,2.509174,2.3727727,3.0865192,3.0038137,2.5505762,2.8061912,3.362825,2.9293332,3.1124113,3.115972,3.1635575,3.3114932,3.4340692,3.7985828,3.1387863,2.3498955,2.413187,2.478728,3.8258734,3.7594311,4.5354595,4.5354595,3.7210035,3.7606103,2.8571234,3.889774,2.8443463,2.7223158,3.5239172,3.5115082,2.7870436,3.0792313,2.539833,2.8374982,2.6153753,2.698283,2.7355762,2.7347174,3.0646796,3.4748566,3.404685,3.4208932,2.7338066,2.6765106,2.6355937,2.5521638,2.5334313,3.0891578,2.677868,3.4466321,2.3555434,2.362824,2.5943267,2.8334103,3.0559351,3.1928754,2.484227,2.9537005,3.1365197,2.6785982,2.9232445,3.034279,3.3895693,3.0867155,3.5065496,3.3432915,3.4146717,3.2191577,3.5673041,3.1401966,3.6170678,3.3118238,4.255355,4.2650523,4.264241,4.0840673,3.6721377,2.150092,5.086051,5.1432896,4.5629387,4.018931,4.035657,3.8526766,3.6720088,4.0257807,3.6867995,3.5715303,3.5336924,3.429269,3.6339304,3.5597668,3.4774837,4.0935497,4.391433,4.6783547,3.3289223,3.338409,3.7107584,5.3677077,3.8503375,3.4921591,3.2959135,3.295227,3.885731,3.6373475,3.294281,3.4291368,3.8730776,3.5970411,3.1373107,3.781154,3.7631314,3.7336159,3.438907,3.140579,3.906444,3.9842246
5,1.4575024,1.3367983,0.605472,0.5743089,0.5396692,0.0,1.2806288,2.2269294,2.4403188,2.5116408,2.4231002,2.3105335,3.0023355,2.9242685,2.3128765,2.718051,3.3705702,2.9502642,3.1258132,3.1288202,3.1483974,3.319249,3.45633,3.747474,3.052307,2.2950509,2.3148127,2.46166,3.7685745,3.7244675,4.449398,4.449398,3.684206,3.7291853,2.8352878,3.8147857,2.8853,2.712183,3.4796424,3.4899423,2.6420543,2.9792411,2.545098,2.8475559,2.2970927,2.3927794,2.4680839,2.461845,3.0151355,3.399128,3.3424706,3.3468952,2.7174702,2.70493,2.6485238,2.4963796,2.4739826,2.9962225,2.670383,3.4253855,2.2954452,2.3041954,2.4999757,2.738511,2.8964183,3.079253,2.3183198,2.764408,3.054882,2.6633966,2.84791,2.989272,3.3101566,3.0530648,3.3426023,3.2300541,3.4211333,3.212802,3.508275,3.1510038,3.4250245,3.1364355,4.059806,4.070987,4.0656214,3.9602103,3.4939444,2.0608826,5.0137725,5.059578,4.341479,3.8413162,3.8969033,3.6726835,3.59128,3.8441522,3.5540566,3.434375,3.3825433,3.2873032,3.4766684,3.4130871,3.3245454,3.9319468,4.5281153,4.771304,3.1894433,3.209455,3.5789032,5.291345,3.6973746,3.354768,3.1201646,3.1962936,3.6046388,3.4893303,3.24812,3.334302,3.7274878,3.5338435,3.192016,3.7348351,3.7957568,3.7603507,3.3213623,3.0653162,3.8911345,3.962749
6,2.134162,2.0531218,1.4331136,1.3593161,1.3959496,1.2806288,0.0,2.0367973,2.3005445,2.3425257,2.2796433,2.2625606,2.9279048,2.78044,2.2617521,2.4430246,3.5995846,3.1907258,3.420369,3.4171343,3.4840593,3.6310766,3.8266916,3.3563497,2.5837991,2.6860473,2.2725668,2.644247,3.1508486,3.1290717,3.8911693,3.8911693,3.316765,3.3495026,2.956075,3.355273,2.6838164,2.5360022,2.9194446,2.9532022,2.9040325,3.3215148,2.575299,2.918794,2.4198122,2.554236,2.629742,2.6233852,3.4057968,2.904438,2.9273834,2.919364,3.091981,3.0481505,2.4647894,2.3906074,2.7412853,3.1872537,2.9923213,3.1068316,2.6382594,2.6295993,2.8897367,2.7603478,2.9224684,2.8501937,1.8980433,2.470703,3.108379,2.5853944,2.825216,2.977678,3.3156376,3.018643,3.5975697,3.2528994,3.1160698,2.9229074,3.4654896,3.0889544,3.1796644,2.855104,3.916832,3.9293656,3.933038,3.7833254,4.1054444,2.822065,4.745463,4.8255134,4.035986,3.889676,4.305847,4.165748,3.7165473,3.7385747,3.5006535,3.3364365,3.253792,3.210341,3.2980087,3.2524228,3.205208,3.8994303,4.2784452,4.1917796,3.1240032,3.1921878,3.5303278,5.2438135,3.3269017,3.2407749,3.5867221,3.5938423,3.557314,3.363726,3.0293024,3.1426973,3.6242793,3.3388014,3.2235234,3.8856452,4.1259613,4.040651,3.3595214,3.4128492,3.8471217,3.9360616
7,3.1356215,3.0591993,2.4404902,2.4020793,2.3145535,2.2269294,2.0367973,0.0,1.849596,1.8193746,2.5348446,2.3721914,2.4601395,2.3179905,1.9330332,1.9880083,3.3894012,2.882415,3.1507413,3.1415737,3.1721587,3.342721,3.7654562,3.0748713,2.0505004,2.1762216,1.6647656,2.2202399,2.6099188,2.6782947,2.8178234,2.8178234,2.0427904,2.1058416,1.9661142,2.2572744,1.420679,1.4045734,1.783887,2.376444,2.4954123,2.794918,1.9198275,2.30309,2.3392425,2.395523,3.086622,3.1050963,3.0178227,2.6920857,2.5053303,2.6740751,2.8377657,2.5532331,3.2455966,2.9430902,2.0977674,2.7704818,2.53976,2.6418617,2.051009,2.0391307,2.737337,2.318755,2.9015408,2.4450924,2.384887,2.2323706,2.5638132,2.0209963,2.3721995,2.4630864,2.8141818,2.7984686,3.0379195,2.4617453,2.588051,2.570534,2.8654022,2.416643,3.0746934,2.8482206,3.5457344,3.5354495,3.6041331,3.419798,3.7703183,3.608152,4.343576,4.469,3.373787,3.040408,3.7762103,3.4406295,3.1715086,3.362499,3.65831,3.5288262,3.4769104,3.450346,3.5790546,3.5722585,3.3759847,3.8615007,4.4129186,4.405192,3.323225,3.3361564,3.6294785,4.9211483,3.383096,3.4056406,3.9518614,3.7989666,3.9934802,3.6605942,3.5075173,3.410942,3.8917496,3.5900366,3.7108536,3.8296273,4.0696836,3.9707506,3.607033,3.4990396,3.9084766,4.451807
8,3.2512555,3.2032032,2.6700854,2.5916345,2.549111,2.4403188,2.3005445,1.849596,0.0,0.5229271,1.0964929,1.1755464,2.0540454,1.8699849,2.3495088,1.7179095,2.9909158,2.6582563,2.8106098,2.7641706,3.0651371,3.2536001,3.1099477,2.9417338,1.7112771,1.6498102,1.323313,1.2089317,2.3625681,2.4272559,3.2423944,3.2423944,2.5685174,2.7422338,1.9129354,2.5187728,1.6742015,1.5446123,2.3009107,2.6744728,2.181148,2.1866708,1.8410805,1.942683,1.8591702,1.8822423,2.1560612,2.1906443,2.321278,2.0629866,1.8884925,2.0674582,2.8709831,1.9776772,2.410237,2.9670875,1.664244,2.1288245,1.4879545,1.8238392,1.6125832,1.653673,1.8917634,1.2670875,2.5451634,1.6869677,2.0737634,1.7545608,2.6111195,1.4684695,2.426738,2.504883,2.5801854,2.7917168,2.4200475,1.9779289,2.2735846,2.2341304,2.2327783,2.180689,2.8480718,2.6643577,3.2116961,3.2182398,3.2729855,2.9511955,3.3333187,3.646654,3.864919,3.999219,3.2197728,2.9772623,3.4341772,3.071785,3.1462553,3.009075,3.6977372,3.3280995,3.230151,3.294561,3.2233636,3.2666695,3.0910392,3.4639359,4.3255706,4.213468,3.0942535,3.2185404,3.4399257,4.705006,3.392373,3.2947452,3.7740076,3.5369227,3.9220426,3.3963563,3.4507365,3.2915525,3.862032,3.5063028,3.9098098,3.9021354,4.0365896,3.9408503,3.443041,3.5471027,3.6414745,3.915909
9,3.3376808,3.290465,2.7477005,2.6673245,2.5780785,2.5116408,2.3425257,1.8193746,0.5229271,0.0,1.0516855,1.2468166,2.0032265,1.8179852,2.2642558,1.7185619,2.8841383,2.5477655,2.6948876,2.6524982,2.886571,3.075518,2.9448073,2.7123435,1.612548,1.7214379,1.3054955,1.2770653,2.2492502,2.2960322,3.1907785,3.1907785,2.4334831,2.5939016,1.9380592,2.4321907,1.5557014,1.4516602,2.1950355,2.4956834,2.3583677,2.322569,1.6976919,1.7958518,2.0561094,2.0685368,2.339635,2.3325438,2.4853044,1.9362303,1.7684653,1.9555593,2.8524175,1.9578316,2.3967552,2.9629605,1.7624133,2.355692,1.5512782,1.7107791,1.6631457,1.7069858,2.006214,1.3012275,2.5818746,1.7563348,2.2026558,1.8497393,2.531964,1.4290534,2.3614564,2.4234927,2.4833665,2.6899319,2.5401735,1.917075,2.095784,2.0833025,2.1226833,2.034108,2.7664993,2.6199152,3.1147273,3.1161091,3.1577103,2.8355496,3.3462548,3.725775,3.868713,4.0209765,3.3193567,3.0786772,3.4303584,3.2376876,3.0597718,2.9032106,3.6989934,3.3427877,3.2192218,3.2934906,3.2463534,3.272966,3.1638222,3.6348226,4.177351,4.0872474,3.130679,3.2479756,3.4692354,4.7017336,3.409122,3.2966082,3.8892052,3.6090958,3.9635339,3.3955457,3.4778788,3.3481255,3.9377449,3.5284903,3.8660343,3.8527048,3.9616334,3.8819082,3.4903693,3.5617962,3.6551378,3.9291835
10,3.1691086,3.122495,2.6637316,2.5728452,2.509174,2.4231002,2.2796433,2.5348446,1.0964929,1.0516855,0.0,0.91194427,2.2115672,2.082353,2.4269128,2.0546186,3.0748718,2.7919333,2.8987763,2.868627,3.0423117,3.2207315,2.8282301,2.9884768,1.9283125,1.9025201,1.6698189,1.5920938,2.529492,2.542375,3.8396828,3.8396828,3.1129408,3.2363234,2.5384512,3.1375623,2.3491044,2.183725,2.9162846,3.018318,2.500488,2.5413191,2.0830715,2.192286,2.057824,2.0954823,1.806593,1.796191,2.5935078,2.128787,2.0625305,2.1172779,2.9369524,2.1255472,1.9365381,2.7852373,2.12147,2.6461391,1.8720131,2.0789478,1.934704,1.9571451,2.103642,1.6799335,2.6559281,1.8463056,2.077969,1.9324274,2.6665146,1.7070953,2.5018954,2.5541267,2.5524774,2.682853,2.604049,2.1884816,2.3320873,2.2103963,2.2799277,2.2910838,2.7095644,2.579544,3.1333508,3.1452348,3.1454597,2.9166975,3.2827125,3.5424824,3.9726725,4.104056,3.4553113,3.3058207,3.5782185,3.3738344,3.2403846,2.9113686,3.7276165,3.310388,3.170687,3.2130058,3.173441,3.2230763,3.1332266,3.5944057,4.1342273,4.0793505,3.0504801,3.2190642,3.4394715,4.964535,3.4303458,3.279946,3.8029509,3.516097,3.9218605,3.3551164,3.3989077,3.3252308,3.949455,3.4996192,3.8112154,3.8716283,3.9592931,3.8848813,3.450273,3.5405257,3.6883721,3.6207523
11,3.093431,3.0637176,2.5635226,2.4667294,2.3727727,2.3105335,2.2625606,2.3721914,1.1755464,1.2468166,0.91194427,0.0,1.9910432,1.8791114,2.5771434,1.6981274,3.0705254,2.6650543,2.7958744,2.765583,3.0294497,3.136238,2.8291297,2.9582584,1.6287024,1.6103146,1.3067368,1.3481343,2.2585711,2.2504349,3.5986106,3.5986106,2.8535209,2.973171,2.38724,2.9394255,2.0377042,1.8372562,2.6707153,2.8792012,2.346282,2.4343808,1.7105266,1.8453081,2.168814,2.269914,2.0293634,2.0873547,2.215218,2.0661423,1.8083328,1.9821842,2.7482276,1.9689697,1.9381759,2.3297102,1.7407523,2.38379,1.5055891,1.7431333,1.5545266,1.5752441,1.7532985,1.285709,2.6650906,1.6975702,1.9133062,1.7654549,2.3781278,1.3716407,2.2122974,2.2928429,2.3093035,2.478255,2.5024312,1.9382176,2.0657644,1.953256,2.0441253,2.0379767,2.6176524,2.436088,3.045755,3.0547934,3.1114202,2.7698655,3.1964839,3.4580812,3.6010153,3.6922162,3.2116811,2.9392428,3.4806979,3.0542986,2.9790468,2.7386405,3.2891197,3.1056385,3.1160202,2.999466,2.9847207,3.0707753,2.8085897,3.1984544,3.9892118,3.9696891,2.9325485,2.921838,3.1564646,5.0453634,3.1235323,3.0431664,3.524128,3.3693051,3.7899015,3.1808927,3.1510785,3.034944,3.4942033,3.2579358,3.4884715,3.4964118,3.6623683,3.5568426,3.0744574,3.2413476,3.2573287,3.240555
12,3.6896422,3.6854866,3.2171504,3.1777174,3.0865192,3.0023355,2.9279048,2.4601395,2.0540454,2.0032265,2.2115672,1.9910432,0.0,0.42320722,3.012971,1.9595431,3.2322805,2.7094684,2.9258955,2.8924816,3.2778728,3.47067,3.2291305,3.0669894,1.8821627,1.8741727,1.6397614,1.9292066,2.442393,2.4697227,3.9493093,3.9493093,2.8579237,2.9817944,2.5581326,3.0561872,2.1171088,2.0088289,2.4943273,2.6622846,2.4989045,2.67203,2.1252615,2.4271302,2.70128,2.7808528,2.753657,2.908923,2.9710984,2.5898955,2.36243,2.4576275,3.3059661,1.6342102,3.2738032,3.2922728,2.1621494,2.727073,2.5004234,2.6146958,1.9639409,1.9519925,2.6176984,2.191486,2.5459955,2.0112717,2.148671,1.9168422,1.8313541,1.0283916,1.4271742,1.5367372,1.3128097,1.5440841,1.7928891,1.1145514,1.3737025,1.2152828,1.4354321,1.131401,3.0937881,3.0245743,3.7970333,3.780261,3.8607888,3.7900577,3.9749873,4.000437,3.8597248,3.970071,3.2429233,3.0407622,4.0257525,3.3623364,3.6630442,3.1930966,3.4493756,3.3550234,3.3759716,3.2349212,3.307272,3.4373958,3.175474,3.7353368,4.40919,4.3731484,3.2555835,3.2537751,2.9602194,5.648599,3.2147777,3.246187,3.9227667,3.7273862,3.999903,3.5851328,4.0107913,3.8435829,4.317176,4.0974984,3.8730202,3.7550914,3.935441,3.854264,3.4837325,3.5441365,3.5578713,3.7279108
13,3.6400275,3.63451,3.13335,3.08828,3.0038137,2.9242685,2.78044,2.3179905,1.8699849,1.8179852,2.082353,1.8791114,0.42320722,0.0,2.956336,1.9221884,3.204978,2.7601268,2.988665,2.946724,3.29796,3.490877,3.3434284,3.034464,1.7421796,1.9167602,1.5582933,1.815413,2.338298,2.3656695,3.8367941,3.8367941,2.6543195,2.802803,2.3114274,2.7847774,1.9979274,1.8403672,2.3089037,2.5578754,2.5313318,2.7020779,2.0276914,2.3259354,2.6622808,2.744509,2.7572746,2.8988261,2.9201686,2.438883,2.2188013,2.3486333,3.3889866,1.7453701,3.203609,3.297077,2.0719547,2.6507037,2.375319,2.4092996,1.9984776,1.9906147,2.523519,2.0464396,2.5861313,1.9708995,2.064187,1.8612489,1.9433222,0.92197853,1.5117667,1.6544573,1.4315437,1.6376566,1.9167404,1.0987849,1.2687724,1.0887096,1.4362589,1.1525342,2.9983513,2.9070592,3.767316,3.7492146,3.822737,3.7133505,4.026552,3.961709,3.850042,3.9614186,3.2028155,3.035679,4.022353,3.4034698,3.7150834,3.2045138,3.4416792,3.3376539,3.3113084,3.2397158,3.2364042,3.3608599,3.092415,3.648837,4.34223,4.2898855,3.1825492,3.1859205,2.9099154,5.50713,3.151707,3.1970708,3.8602715,3.6685684,3.8750525,3.451963,3.9077964,3.753237,4.209663,3.9936295,3.8057325,3.755283,3.9700685,3.8755608,3.3872595,3.5253763,3.4599915,3.6657193
14,3.2745466,3.1575422,2.653035,2.6319726,2.5505762,2.3128765,2.2617521,1.9330332,2.3495088,2.2642558,2.4269128,2.5771434,3.012971,2.956336,0.0,2.8170974,3.7702203,3.3992922,3.664244,3.6668034,3.4297063,3.6139522,3.6007397,3.375961,2.7483382,2.797399,2.4820216,2.874817,3.2095056,3.3146718,3.8559666,3.8559666,3.3631167,3.3901594,3.1645088,3.4809556,2.7908964,2.6926713,3.142777,3.3259373,3.0993826,3.5015352,2.7080839,3.131195,2.0102327,2.0082123,2.5023813,2.3726969,3.5944905,3.2960014,3.1843345,3.2735913,3.3229685,3.0966837,3.510099,2.9267545,2.7903621,3.2825305,3.221964,3.325985,2.7622507,2.7321982,3.3382473,3.0334115,3.335309,2.9100952,2.9394996,2.7817707,3.1099632,2.7009628,2.9816365,3.0515294,3.1664639,3.2266903,3.3598905,2.919188,3.128216,3.0476134,3.175836,3.0198097,3.2431214,3.1571615,3.5710897,3.5675824,3.532279,3.4828184,3.7858207,3.9507554,5.192395,5.321266,3.7129753,3.534038,4.0923815,3.8652353,3.6114476,3.5248256,4.042912,3.90768,3.781395,3.740568,3.8738241,3.8519003,3.7426748,4.1399746,4.7812552,4.734478,3.641679,3.731994,3.9230545,5.569539,3.8700652,3.7803829,4.348037,4.1845746,4.3043623,3.968585,3.9087334,3.7800546,4.289154,3.9907303,4.2653437,4.268955,4.4354763,4.3561916,4.099615,3.8658426,4.66387,4.858992
15,3.472458,3.4523144,2.8482494,2.8064568,2.8061912,2.718051,2.4430246,1.9880083,1.7179095,1.7185619,2.0546186,1.6981274,1.9595431,1.9221884,2.8170974,0.0,3.5303073,2.4880073,2.754746,2.7309859,3.1497374,3.243106,3.2618275,2.715534,1.4815183,1.8108004,1.3369185,1.8639814,2.0971735,2.1793435,2.920923,2.920923,2.4294457,2.4935095,2.512699,2.582337,1.518876,1.3757985,2.007053,2.2793243,2.4085467,2.625472,1.706886,2.0566027,2.533867,2.6435072,2.8020191,2.8620243,2.7041473,2.1545188,1.9565431,2.036885,2.768557,2.4154105,2.518878,2.6835618,1.9311408,2.5722947,2.2164888,2.207205,1.7114357,1.7306865,2.3855217,1.8195995,2.5926926,2.0940151,2.0488393,1.824066,2.3491096,1.776029,2.1970227,2.2332091,2.4818628,2.654482,2.7881546,2.1801157,2.3390715,2.2962902,2.4548354,2.2413301,2.9197636,2.7147453,3.1965039,3.1906168,3.3446515,3.1289845,3.5988743,3.8361692,3.2688837,3.366193,2.9821444,2.834816,4.038354,3.3197849,2.6982121,2.8651934,3.3114934,3.1126978,3.1315053,2.9591084,3.0916703,3.1455116,2.9530482,3.4315684,4.2383814,4.104533,2.9459941,2.972517,3.3007386,4.9824367,2.910205,3.0275302,3.6938002,3.680373,3.7370927,3.3570366,3.2404692,3.124344,3.612026,3.4058921,3.7171419,3.6625888,3.9607544,3.8548357,3.0730498,3.3812144,3.2474825,3.5318086
16,3.7165005,3.7192578,3.3489323,3.33497,3.362825,3.3705702,3.5995846,3.3894012,2.9909158,2.8841383,3.0748718,3.0705254,3.2322805,3.204978,3.7702203,3.5303073,0.0,1.7485659,1.7225747,1.6795645,2.302329,2.276315,2.1908858,2.872594,3.3426359,2.6270564,2.771078,2.7244024,3.94465,3.9509835,4.383728,4.383728,3.7761805,3.8933604,3.121818,3.966099,2.9892042,2.951802,3.7245953,2.887407,3.0487306,2.9319391,2.8593502,2.8794022,3.4611208,3.4966822,3.7040014,3.6399646,2.8482869,3.4693942,3.4578319,3.5139132,2.932562,2.9755256,3.358749,3.5238063,2.8838825,3.6545262,2.919306,3.5259714,2.576312,2.585334,2.9604769,2.902838,2.2892377,3.2577908,3.4027328,3.186171,3.3126712,3.0342464,3.2269006,3.2303371,3.4166026,3.3627665,3.3939195,3.2085018,3.571281,3.4730012,3.501126,3.2819946,4.0597887,4.0670943,4.3158817,4.3517246,4.389648,4.2774725,3.8288736,3.9908226,4.403791,4.46793,4.282216,3.6384385,3.0943592,3.5603063,4.004422,3.942468,4.2755203,4.173831,4.181843,4.09809,4.3429255,4.276011,4.132582,4.400664,5.156523,5.335159,4.1579766,4.0904574,4.3297114,5.538717,4.4579635,4.1476912,4.176017,4.116174,4.686095,4.3941092,4.3087645,4.1979547,4.565862,4.319321,4.2876472,4.208269,4.197062,4.1793985,4.159475,3.9008825,4.331805,4.5013423
17,3.3829048,3.3859131,2.9056056,2.8934476,2.9293332,2.9502642,3.1907258,2.882415,2.6582563,2.5477655,2.7919333,2.6650543,2.7094684,2.7601268,3.3992922,2.4880073,1.7485659,0.0,0.81031734,0.7629415,1.7147942,1.6749974,1.6494837,2.4221518,2.9368112,2.0127702,2.3224595,2.289674,3.6030254,3.638033,4.0955596,4.0955596,3.459411,3.5292394,2.926287,3.6822135,2.3860753,2.3611455,3.3385036,2.3957248,2.6855478,2.677739,2.3954287,2.6242602,3.089249,3.1313372,3.3307142,3.2919273,2.5823352,3.2900362,3.2498631,3.2674265,2.5612066,2.5918782,3.0814438,3.141106,2.3967476,3.349683,2.643055,3.369801,2.0383692,2.0552168,2.761221,2.6646514,1.8947508,3.0710618,3.059269,2.9112368,2.9868262,2.6645563,2.8872452,2.8167374,3.1295478,3.084955,3.1337876,2.9284809,3.3075433,3.2044241,3.2755845,2.9606266,4.01732,3.9205914,4.2299953,4.2483897,4.349429,4.2273045,3.7336738,3.8330493,4.1862497,4.250548,3.950731,3.3415153,3.7529294,3.3331656,3.4124277,3.7935586,4.057599,3.960905,3.9516397,3.7613635,4.1122923,4.041238,3.8618855,4.131295,4.890922,5.1166186,3.7563748,3.7333624,4.067186,5.542717,4.113473,3.8798428,3.8619158,3.9572341,4.509633,4.229397,4.020609,3.940826,4.4003143,4.169465,4.1274943,4.0606966,4.086079,4.0477405,3.7256317,3.628963,4.0193963,4.224203
18,3.6021938,3.5928674,3.1565068,3.1374264,3.1124113,3.1258132,3.420369,3.1507413,2.8106098,2.6948876,2.8987763,2.7958744,2.9258955,2.988665,3.664244,2.754746,1.7225747,0.81031734,0.0,0.14989293,1.4507837,1.4609842,1.4850621,2.3561027,3.1005545,2.2276,2.5388877,2.5367553,3.721166,3.7045233,4.2006626,4.2006626,3.586223,3.655989,3.13259,3.8377666,2.6436524,2.6414094,3.5031443,2.553366,2.8607476,2.5123181,2.6383362,2.5634043,3.3084953,3.3455474,3.5026374,3.4739149,2.5195014,3.225095,3.2067566,3.2077382,2.4206617,2.572604,2.9581096,3.287408,2.8213243,3.7258468,2.655717,3.3561368,2.2046196,2.2600238,2.7120514,2.6222837,1.9683865,3.1159732,3.163213,3.0188508,3.0431643,2.8644385,3.020927,2.940636,3.2653346,3.185049,3.260208,3.1003633,3.4296176,3.3658638,3.4401941,3.1156998,3.8982203,3.7943842,4.076338,4.0960274,4.185623,4.10886,3.5325272,3.685355,4.150688,4.212917,4.0484657,3.4301405,3.4717765,3.1283495,3.1671762,3.592279,4.197465,4.069685,4.086239,3.8899999,4.262508,4.2125106,4.02529,4.293803,4.9852943,5.2294955,3.9103477,3.8527932,4.2557383,5.3953357,4.264321,4.033419,3.957155,4.038984,4.6496367,4.4022236,4.163601,4.1064243,4.5399156,4.287774,4.0502696,3.9541245,3.981996,3.9510684,3.8638217,3.785472,4.1605186,4.3398595
19,3.5954475,3.5902984,3.1510444,3.1308432,3.115972,3.1288202,3.4171343,3.1415737,2.7641706,2.6524982,2.868627,2.765583,2.8924816,2.946724,3.6668034,2.7309859,1.6795645,0.7629415,0.14989293,0.0,1.5248586,1.5379602,1.4956707,2.3782263,3.0903213,2.1980925,2.5190566,2.4731312,3.7187593,3.7085152,4.2035546,4.2035546,3.5853634,3.6648593,3.0882363,3.815655,2.6160283,2.6110947,3.4888837,2.5539916,2.8320203,2.4867253,2.6212056,2.5526357,3.2799056,3.313917,3.4801261,3.4483247,2.4771092,3.2200146,3.1959105,3.2073715,2.4718578,2.553689,2.9701629,3.2978823,2.765377,3.64632,2.6025577,3.3289611,2.1823292,2.2393713,2.675121,2.584405,1.938365,3.0893295,3.1517818,2.9966414,3.0584614,2.8300257,3.022589,2.9516172,3.2499819,3.192896,3.2207751,3.0624359,3.4058015,3.341447,3.3979752,3.0914567,3.923674,3.822731,4.103616,4.123774,4.213313,4.1194596,3.5524414,3.7135386,4.1406183,4.2028713,4.0418553,3.419566,3.4802718,3.1335065,3.2120936,3.6239336,4.1820784,4.058176,4.07415,3.8870966,4.2402596,4.1886125,4.0036964,4.2588215,4.988489,5.223067,3.9032438,3.8421857,4.2276587,5.3932242,4.263844,4.0205398,3.9363112,4.0197535,4.6322994,4.3724113,4.1589885,4.0936284,4.5198174,4.281388,4.077492,3.978727,3.9980848,3.9657464,3.8512032,3.7819896,4.1325207,4.3196673
20,3.74062,3.684326,3.2389228,3.2272499,3.1635575,3.1483974,3.4840593,3.1721587,3.0651371,2.886571,3.0423117,3.0294497,3.2778728,3.29796,3.4297063,3.1497374,2.302329,1.7147942,1.4507837,1.5248586,0.0,0.49382293,1.9349477,2.5878222,3.3420799,2.6453,2.8353667,2.8444264,3.9321442,3.8969295,4.4269595,4.4269595,3.4227915,3.435054,3.070689,3.6459424,3.034567,2.9714003,3.7669392,2.845474,3.181894,2.9158494,2.98167,2.9513354,3.2574115,3.2728093,3.472325,3.4344046,3.0312881,3.524179,3.5301018,3.5573242,2.8512282,2.9354563,3.3248248,3.4334724,3.1345165,4.3732505,2.9447577,3.5623252,2.6564424,2.6939974,3.02861,2.948997,2.3309577,3.349362,3.3913305,3.2843032,3.35915,3.1471717,3.3415391,3.2724295,3.5609605,3.3681855,3.530285,3.3289618,3.6209083,3.5421534,3.7174509,3.39129,3.9035313,3.78336,4.1586113,4.1678777,4.207808,4.249873,3.652646,3.7817469,4.7301083,4.796992,4.2197022,3.738117,3.6955187,3.3642797,3.391782,3.7244315,4.4603796,4.4175262,4.313778,4.1914954,4.518598,4.4757714,4.284169,4.601782,4.8516846,5.409113,4.097714,4.058818,4.5356283,5.5934587,4.4914975,4.3237624,4.110584,4.2089167,4.7137403,4.525958,4.3565035,4.3552594,4.7136683,4.4761844,4.2258124,4.18721,4.247512,4.2268476,4.1134386,4.032076,4.5517745,4.738744
21,3.8835137,3.8371582,3.3812559,3.369092,3.3114932,3.319249,3.6310766,3.342721,3.2536001,3.075518,3.2207315,3.136238,3.47067,3.490877,3.6139522,3.243106,2.276315,1.6749974,1.4609842,1.5379602,0.49382293,0.0,1.8937144,2.5352724,3.4142835,2.8073778,2.9584455,2.9962912,3.9753084,3.942291,4.4065495,4.4065495,3.5066562,3.5089242,3.2621906,3.7369,3.1087801,3.0389903,3.8521025,2.834271,3.3885477,3.183228,3.0222538,3.0250392,3.4988642,3.5339456,3.7060173,3.657759,3.1082332,3.6199186,3.612537,3.652085,2.9383676,3.1968186,3.3957758,3.3961692,3.2068753,4.473401,3.0684912,3.614691,2.783636,2.8131034,3.1626241,3.0645387,2.5314465,3.546272,3.5810893,3.4700956,3.5081677,3.3196378,3.5034733,3.423385,3.7325962,3.5521107,3.79532,3.513486,3.7679415,3.691577,3.876836,3.5708694,4.0388217,3.9241366,4.232915,4.2450767,4.303315,4.2921615,3.8039055,3.9892101,4.690427,4.742433,4.291075,3.791201,3.8123987,3.5100055,3.4678853,3.8175416,4.4881005,4.508608,4.4314346,4.271125,4.6093526,4.557227,4.3400693,4.6160483,4.9144554,5.4464507,4.205521,4.1326203,4.6372137,5.71198,4.5427275,4.399775,4.199914,4.357667,4.815098,4.6128035,4.368662,4.3619566,4.672076,4.4895425,4.2790785,4.222918,4.3153725,4.285604,4.11927,4.083284,4.548559,4.7215576
22,3.9086332,3.8955576,3.5713775,3.526226,3.4340692,3.45633,3.8266916,3.7654562,3.1099477,2.9448073,2.8282301,2.8291297,3.2291305,3.3434284,3.6007397,3.2618275,2.1908858,1.6494837,1.4850621,1.4956707,1.9349477,1.8937144,0.0,2.7094781,3.4752536,2.625143,3.0220656,2.867459,4.000884,3.998352,4.860962,4.860962,4.308046,4.371434,3.8290958,4.553276,3.2752366,3.2708552,4.211336,3.33789,3.3707438,3.1254337,3.019797,3.0130672,3.4445672,3.4587116,3.3562007,3.2656698,2.8634887,3.6203551,3.5690122,3.5710921,2.8880444,2.7997193,3.1795337,3.3722773,3.175464,3.9748404,2.9841535,3.6424685,2.658807,2.6903062,3.1185148,3.0534134,2.6954331,3.3972032,3.6973095,3.486596,3.3793523,3.138041,3.3963995,3.2956035,3.4198375,3.4618244,3.482131,3.3052657,3.5950565,3.5349143,3.4449067,3.3295627,4.1669292,4.14297,4.210321,4.2315063,4.2763824,4.143798,3.6321735,4.230316,4.6947436,4.767722,4.375497,3.792086,3.8102193,3.475797,3.5194426,3.7781825,4.5120673,4.403774,4.4157386,4.176373,4.5333285,4.4922714,4.311804,4.472623,5.071492,5.2985115,4.220935,4.1829243,4.4666533,5.9513736,4.657669,4.361345,4.4128203,4.3913636,5.1611867,4.707638,4.5044184,4.411747,4.9012084,4.60962,4.4714417,4.245656,4.138189,4.1152916,4.2612553,4.086645,4.5967464,4.524491
23,4.6104603,4.56988,3.954266,3.9140134,3.7985828,3.747474,3.3563497,3.0748713,2.9417338,2.7123435,2.9884768,2.9582584,3.0669894,3.034464,3.375961,2.715534,2.872594,2.4221518,2.3561027,2.3782263,2.5878222,2.5352724,2.7094781,0.0,2.369395,3.3276849,2.799749,3.3515377,2.541686,2.5509272,3.1752546,3.1752546,3.0485811,3.0825715,3.74797,3.1952944,2.6133127,2.5679295,2.6402078,1.3544135,3.953478,3.7757874,2.8115132,2.7470458,3.781614,3.8676536,4.014579,3.957244,3.5570614,2.3995113,2.43785,2.4942832,3.438677,3.5035274,3.1715536,3.3202255,3.5723119,4.350766,3.4598198,2.735981,3.1732228,3.1977494,3.5937688,2.8283074,3.0195384,3.2615047,3.2762685,3.1120477,3.2358947,3.0617905,3.184117,3.0714648,3.375724,3.3119447,4.107491,3.260598,2.9755998,3.0092459,3.5071282,3.2229595,3.2386913,3.1381736,3.5048206,3.5013416,3.6087723,3.4592202,4.5418863,4.7128043,4.0152617,4.1489277,3.4876711,3.5368009,4.2882295,4.0115867,3.346498,3.091595,4.359847,4.3036714,4.2614613,4.1033306,4.325853,4.326833,4.070975,4.3946466,5.0467005,4.654516,4.0984592,4.052755,4.3495636,5.5200276,3.892235,4.1508093,4.908769,4.982844,4.8037705,4.537067,4.284418,4.1914687,4.6192307,4.3789773,4.1904273,4.1221066,4.603328,4.4606934,4.0532055,4.4728994,4.4524355,4.6275005
24,3.9374218,3.9027286,3.2916083,3.2352006,3.1387863,3.052307,2.5837991,2.0505004,1.7112771,1.612548,1.9283125,1.6287024,1.8821627,1.7421796,2.7483382,1.4815183,3.3426359,2.9368112,3.1005545,3.0903213,3.3420799,3.4142835,3.4752536,2.369395,0.0,2.2316318,1.2414863,2.2032473,0.9200626,1.0073085,2.440696,2.440696,1.8438338,1.9412292,2.5156505,2.1250765,1.5113082,1.2869127,1.3668367,1.9317589,2.8262815,2.969323,1.5346222,1.7594084,2.8778338,3.0064757,3.0801868,3.1374607,2.8901443,1.3316486,0.99219525,1.2413809,2.9786625,2.5576332,2.5045185,2.7410524,2.268553,2.941396,2.427581,1.4773706,2.0486555,2.0326424,2.5849898,1.6897687,2.949701,1.840164,2.0407465,1.6554371,1.9778215,1.5183129,1.8405328,1.8578303,2.0582297,2.2344115,2.8967555,1.8147554,1.6182135,1.623931,2.0710673,1.8463732,2.0392215,1.9276423,2.568263,2.5525057,2.6893616,2.4715304,3.7217386,4.095808,2.9289284,3.0756168,2.498681,2.5732887,3.670035,3.344998,2.8505824,2.2125175,3.3461258,3.1469243,3.1466935,3.044634,3.0904477,3.2114964,2.9143867,3.411292,4.161226,3.7955897,3.0249915,3.0267062,3.2222261,4.894654,2.644092,3.0086753,4.1020403,3.9198802,3.8109128,3.3612497,3.3236053,3.172888,3.6578414,3.344076,3.543734,3.4242673,3.9166663,3.7671673,3.1781054,3.5238373,3.2807477,3.495989
25,2.8325424,2.8152926,2.3727946,2.3374116,2.3498955,2.2950509,2.6860473,2.1762216,1.6498102,1.7214379,1.9025201,1.6103146,1.8741727,1.9167602,2.797399,1.8108004,2.6270564,2.0127702,2.2276,2.1980925,2.6453,2.8073778,2.625143,3.3276849,2.2316318,0.0,1.125952,1.1315806,3.011853,3.0491142,3.8182278,3.8182278,2.9170334,3.0202506,1.9438367,3.2353437,1.8534875,1.7609309,2.8702044,3.0063362,1.3352271,1.5451416,1.6512873,1.9672477,2.1195416,2.1460834,2.2774825,2.3587217,1.920601,2.8099358,2.592368,2.6690319,2.0441027,1.3794605,2.5737343,2.7436109,1.2126824,2.1333604,1.6293054,2.734979,0.4696208,0.44992292,1.7775933,1.8127034,2.0446866,1.8523394,2.1173143,1.7784599,2.0025856,1.4487786,1.8947909,1.907474,2.0996144,2.2655559,1.7454667,1.7678196,2.525409,2.3969676,2.1994061,1.9147042,3.1750934,3.0848203,3.4646537,3.4772587,3.5587163,3.4807045,2.6804852,3.1449473,3.617293,3.7045276,3.3228881,2.6193194,3.0022655,2.4900653,2.8415785,3.081619,3.4451752,3.179812,3.2294722,3.0739346,3.3279676,3.3631296,3.170297,3.5207112,4.3503914,4.6658015,3.0687385,3.0871933,3.3614721,5.0725274,3.4624095,3.1786091,3.3032076,3.0658877,3.9292972,3.5080135,3.476214,3.3499055,3.8665514,3.54465,3.7230341,3.5647006,3.5186887,3.490308,3.3144646,2.9730759,3.418694,3.6120112
26,3.1332512,3.0995991,2.476481,2.4419775,2.413187,2.3148127,2.2725668,1.6647656,1.323313,1.3054955,1.6698189,1.3067368,1.6397614,1.5582933,2.4820216,1.3369185,2.771078,2.3224595,2.5388877,2.5190566,2.8353667,2.9584455,3.0220656,2.799749,1.2414863,1.125952,0.0,1.3462,2.0630314,2.1008763,2.9815073,2.9815073,2.1283753,2.232158,1.8322234,2.4415636,1.3353995,1.0752997,1.9531127,2.3279047,1.869991,2.0975442,1.1826968,1.5809069,2.2273822,2.3001747,2.4608464,2.5248566,2.335846,2.0397148,1.7390958,1.9185107,2.3020089,1.8420844,2.3357666,2.4050198,1.3212154,2.2325394,1.7325351,1.9748722,0.93007505,0.9095553,1.9117321,1.3620068,2.2673852,1.5775412,1.6766902,1.2778096,1.7517128,1.1128525,1.5839672,1.6009002,1.8612909,2.0096872,2.178115,1.5049443,1.9585247,1.8378599,1.9948858,1.6404586,2.4283655,2.3202486,2.858393,2.8613389,2.9627116,2.8549237,2.9913464,3.3175626,3.1404297,3.2704537,2.8799443,2.4782863,3.051563,2.8384588,2.6689913,2.507047,3.1584392,2.9552987,2.9883013,2.8698745,3.0096927,3.0759337,2.878951,3.417754,4.188071,4.2312655,2.9080653,2.9031847,3.1741526,4.8839107,2.930208,2.9019127,3.4958944,3.3130517,3.5723507,3.2054727,3.2124126,3.0780308,3.5252292,3.260834,3.4761558,3.3831458,3.6181102,3.543929,3.0937064,3.0545738,3.2016716,3.4439049
27,2.9716687,2.968607,2.5443542,2.4747994,2.478728,2.46166,2.644247,2.2202399,1.2089317,1.2770653,1.5920938,1.3481343,1.9292066,1.815413,2.874817,1.8639814,2.7244024,2.289674,2.5367553,2.4731312,2.8444264,2.9962912,2.867459,3.3515377,2.2032473,1.1315806,1.3462,0.0,2.9219606,2.9505,3.779964,3.779964,2.8142316,2.9701722,1.6693082,2.8194892,1.8269976,1.7331623,2.806497,2.9886937,1.8130976,1.9811226,1.811343,2.058588,2.0170226,2.056789,2.2640963,2.3425999,2.1797204,2.688441,2.4750907,2.6408765,2.8255823,1.6631558,2.6876736,2.958947,1.0028867,1.9086161,1.0409518,2.2713675,1.189334,1.2359358,1.5565358,1.4312142,2.3208644,1.8975468,2.2904596,1.998278,2.6238472,1.3969275,2.405711,2.5506167,2.5364766,2.7511268,2.1119943,1.9173167,2.4119706,2.3247802,2.098009,2.0996366,3.441028,3.298106,3.763145,3.776994,3.8438783,3.516888,3.278107,3.5904384,3.9158967,3.9922998,3.6967278,3.1907532,3.4494445,3.1327276,3.4019856,3.455696,3.4162428,3.229404,3.2119045,3.1951325,3.1513047,3.172755,3.0432427,3.500037,4.077748,4.344907,3.130377,3.1492238,3.315012,5.034796,3.5292857,3.2280161,3.36924,3.176083,3.8489046,3.2481608,3.447807,3.2990322,3.7337444,3.5281358,3.909415,3.8789241,3.8041832,3.7722957,3.3306468,3.2509954,3.3353949,3.6385245
28,4.6644554,4.627774,4.0440946,3.9696279,3.8258734,3.7685745,3.1508486,2.6099188,2.3625681,2.2492502,2.529492,2.2585711,2.442393,2.338298,3.2095056,2.0971735,3.94465,3.6030254,3.721166,3.7187593,3.9321442,3.9753084,4.000884,2.541686,0.9200626,3.011853,2.0630314,2.9219606,0.0,0.382145,2.2890084,2.2890084,2.1028047,2.1556518,3.2272925,2.3649127,2.0475187,1.9809092,1.5293429,2.1959682,3.5299778,3.6062849,2.2754703,2.36021,3.5077548,3.624423,3.668334,3.7321265,3.549344,1.5777395,1.1880856,1.5100682,3.5667741,3.140981,2.9938111,3.0914626,3.030722,3.5629904,3.0794177,1.6554881,2.8054059,2.7888746,3.3046763,2.3067837,3.6004257,2.252531,2.5975118,2.2275999,2.515468,2.1200483,2.4246523,2.3840091,2.5363114,2.7086444,3.504777,2.3774846,1.8040159,1.9361252,2.4799972,2.2882793,2.3192332,2.2278306,2.7280183,2.705948,2.8531508,2.551013,4.341127,4.8139973,3.0328882,3.2281327,2.688463,3.027933,4.1765823,3.9217947,3.178133,2.4206276,3.7589633,3.6359916,3.6969461,3.558128,3.5635288,3.715537,3.4109383,3.8579254,4.3411927,3.7243207,3.6185615,3.5832365,3.7140536,5.277345,2.979717,3.5260758,4.853462,4.6355944,4.4353766,3.8946748,3.7837267,3.62096,4.0724416,3.7664018,3.9773734,3.8312368,4.377653,4.20713,3.776659,4.191996,3.7767923,3.986427
29,4.6294875,4.592695,4.018137,3.9387639,3.7594311,3.7244675,3.1290717,2.6782947,2.4272559,2.2960322,2.542375,2.2504349,2.4697227,2.3656695,3.3146718,2.1793435,3.9509835,3.638033,3.7045233,3.7085152,3.8969295,3.942291,3.998352,2.5509272,1.0073085,3.0491142,2.1008763,2.9505,0.382145,0.0,2.41328,2.41328,2.135684,2.1795819,3.2596133,2.4150894,2.1142347,2.0473733,1.6010053,2.2377071,3.6120763,3.6197634,2.2881174,2.2809439,3.6186452,3.7393959,3.7371907,3.811853,3.576449,1.502901,1.0842239,1.422238,3.5421126,3.0971155,2.8860762,3.0751984,3.1102464,3.6676455,3.0352511,1.542439,2.8276577,2.822767,3.249276,2.2517562,3.6654282,2.3313866,2.5970235,2.3162038,2.5077069,2.1392815,2.4244657,2.385213,2.5662982,2.671205,3.5886738,2.455911,1.7714368,1.9093263,2.5318527,2.2935536,2.2315729,2.0960996,2.717765,2.6924665,2.832735,2.5080454,4.327639,4.6872315,3.0629942,3.2528226,2.914385,3.1901836,4.1519165,3.9607792,3.1407475,2.371669,3.7355797,3.6269767,3.6986525,3.5536318,3.5559194,3.7120857,3.4179673,3.9472346,4.2648816,3.668563,3.6321707,3.579357,3.7231514,5.247528,2.9960885,3.5281188,4.82828,4.613606,4.4202595,3.8866403,3.7722728,3.6449866,4.0760555,3.7703996,3.815756,3.7331028,4.282417,4.1182766,3.7483926,4.178147,3.7325494,3.9217832
30,5.2107716,5.164936,4.611232,4.5775995,4.5354595,4.449398,3.8911693,2.8178234,3.2423944,3.1907785,3.8396828,3.5986106,3.9493093,3.8367941,3.8559666,2.920923,4.383728,4.0955596,4.2006626,4.2035546,4.4269595,4.4065495,4.860962,3.1752546,2.440696,3.8182278,2.9815073,3.779964,2.2890084,2.41328,0.0,0.0,2.2208614,2.2195506,3.6323156,2.4096081,2.4567666,2.5301993,1.8537822,2.5837097,4.0055227,4.102905,2.985654,2.991235,4.120524,4.2519183,4.811677,4.8123183,4.066022,2.5988734,2.4744427,2.638221,3.770096,4.30526,3.87832,3.8970523,3.6516995,4.113203,3.758614,2.729889,3.490463,3.4924154,3.9059486,3.1068583,4.2004085,3.3706124,3.7313888,3.2451577,3.6271212,3.5597072,3.6819448,3.743707,4.0978765,4.2737827,4.621158,3.7737308,3.640919,3.806234,3.9671116,3.8291492,3.3276663,3.2405958,3.0928462,3.0972235,3.296518,2.92264,4.607342,5.3804913,3.40746,3.5090444,3.313766,3.4413095,4.2602377,4.349465,3.304788,3.1973271,4.2347455,4.0813327,4.163573,4.09512,4.1584535,4.198961,4.002478,4.3379188,5.0112567,4.4127636,4.186907,4.1322727,4.620435,4.7028646,3.5691526,4.046269,5.225733,5.1082087,4.7457843,4.3948655,3.9720407,3.7653463,4.079676,3.8532925,4.5770087,4.3290973,4.89232,4.746287,4.2891107,4.6087527,4.2941055,4.936227
