,0,1,2,3,4,5,6,7,8,9,10,11,12,13,14,15,16,17,18,19,20,21,22,23,24,25,26,27,28,29,30,31,32,33,34,35,36,37,38,39,40,41,42,43,44,45,46,47,48,49,50,51,52,53,54,55,56,57,58,59,60,61,62,63,64,65,66,67,68,69,70,71,72,73,74,75,76,77,78,79,80,81,82,83,84,85,86,87,88,89,90,91,92,93,94,95,96,97,98,99,100,101,102,103,104,105,106,107,108,109,110,111,112,113,114,115,116,117,118,119,120,121,122,123,124,125,126,127
0,0.0,1.8149133,1.565736,1.603498,3.9082198,1.6344371,1.3902098,1.4275432,2.3260257,2.5210223,3.895252,4.0802174,2.4017017,2.4129162,2.0992553,2.2346337,3.3436859,3.8524952,3.575259,3.531156,2.80802,2.8449535,2.8033264,3.2988687,3.4587479,2.6961381,2.6340966,2.7685516,3.0293796,3.0293796,2.6935127,2.6681168,3.2163916,3.2163916,3.7076755,3.7461169,4.545574,4.839441,3.6814868,4.0226827,3.540543,3.390194,3.0840392,3.2307444,3.3440576,3.4547212,3.257118,3.3215134,2.878259,2.8191855,2.937139,3.7216432,2.7926214,3.1413226,4.0127926,2.48364,3.4178076,3.456875,3.6047454,3.5162203,3.1344209,3.157238,2.4151535,2.4151535,3.8080623,3.6922052,3.6329,3.5040758,4.5325255,4.5325255,4.721151,4.5008006,4.835749,5.080705,5.5914626,5.6275635,4.016914,3.998921,4.676449,5.50381,5.2556343,5.3328567,4.7992916,5.759831,4.7032547,4.503768,5.2718287,4.434991,5.319455,5.383647,5.6070337,5.167745,5.550155,5.6392536,5.75012,5.8893986,4.5340595,4.453236,4.246261,4.042185,3.9054096,3.4497337,3.8627791,4.46935,4.4305716,4.331496,4.4473495,4.0640793,4.3793855,3.9048254,4.386163,4.3689694,4.329926,4.1710024,3.9824183,3.9203181,5.1465836,5.016983,4.7100863,4.5743294,5.5312977,5.37616,5.4247904,4.8358536,5.93805,5.513873,4.8674865,4.8253455
1,1.8149133,0.0,0.65657616,0.738592,2.3047516,0.89634174,0.9195093,0.81306666,1.6132838,1.9219595,3.4521592,3.663822,1.8821174,1.9044691,1.3802074,1.5278325,2.8168154,3.497061,3.0931773,3.0950072,2.2182755,2.3888981,2.2403824,2.825122,2.96557,2.048506,2.1492941,2.2971408,2.82031,2.82031,2.2283447,2.2233007,2.5221646,2.5221646,3.1509042,3.2495205,3.8564475,4.1681952,3.7668433,3.444477,3.1947293,3.0460286,2.6948092,2.8215823,3.0195286,3.2907724,2.9660401,2.9598086,2.5549166,2.55744,2.6479979,3.476553,2.6685207,2.9751778,3.7113876,2.3519478,2.9840295,2.9857657,3.039445,3.0171642,3.0110219,3.0415883,2.210712,2.210712,3.2083085,3.0621884,3.2024434,3.1484497,4.1195483,4.1195483,4.2271295,4.0496974,4.5570135,4.7817535,5.0704436,5.1188245,3.6657164,3.6467543,4.3156404,5.1570764,4.678408,4.7519226,4.554785,5.1914787,4.562982,4.3706727,4.8046756,4.4006414,4.652136,4.7103415,4.9983435,4.49023,4.9203634,5.033619,5.130332,5.2119384,4.075068,3.9997575,3.8456953,3.7049587,3.6356637,3.2823772,3.5138228,4.144358,4.1595306,4.0241313,4.1662807,3.710642,4.0556397,3.584681,4.0959163,4.086231,4.1150765,3.9512036,3.6747625,3.6231406,4.8002796,4.641034,4.4564924,4.311236,5.3462286,5.222923,5.201277,4.712683,5.7028613,5.248917,4.590829,4.623952
2,1.565736,0.65657616,0.0,0.2245267,2.3873703,0.69326705,0.4721156,0.47771356,1.4380243,1.7441356,3.4403558,3.6842155,1.5557292,1.5779573,1.0947124,1.1840925,2.579869,3.223894,2.8814685,2.861581,2.2135627,2.187598,2.0669715,2.6286767,2.8250244,1.8942434,2.1533966,2.0265536,2.5917075,2.5917075,1.996569,1.9819272,2.424419,2.424419,2.9685981,3.0205455,3.9418533,4.2553964,3.7115722,3.445965,3.1110356,2.8100138,2.5116327,2.7265818,2.8314342,3.0446987,2.7110157,2.7224205,2.3134964,2.3753374,2.4523938,3.2922416,2.547347,2.8785934,3.5558014,2.02109,2.9728258,2.9551148,3.0226557,2.9968035,2.7239182,2.7441726,1.9809649,1.9809649,3.2139995,3.0345607,3.1641428,3.0576067,4.0777082,4.0777082,4.275777,4.07425,4.4033737,4.643793,5.014709,5.053832,3.5727327,3.5534902,4.211498,5.086001,4.488489,4.5402737,4.296206,5.150611,4.3447156,4.104256,4.5229397,4.0569944,4.5111628,4.590797,4.869585,4.350326,4.7882614,4.906441,5.0080266,5.139406,4.1606803,4.074901,3.9080336,3.6498013,3.5370393,3.1931233,3.366923,4.051525,4.1089716,3.9784715,4.110516,3.6212678,4.0059633,3.4517698,4.0450172,4.0334773,3.9995646,3.852652,3.5647442,3.5123117,4.747187,4.571806,4.3695636,4.2253203,5.1475654,4.9944787,4.9720607,4.38863,5.632078,5.151771,4.449527,4.461669
3,1.603498,0.738592,0.2245267,0.0,2.3675542,0.6631725,0.45719552,0.49043253,1.4060504,1.7264982,3.449097,3.6936357,1.4997483,1.521795,1.0624204,1.1280367,2.6058743,3.2443764,2.9258754,2.9063919,2.2192776,2.189615,2.0789356,2.6232235,2.8182642,1.9230642,2.1893792,2.0387435,2.669331,2.669331,2.007624,1.9871756,2.4028149,2.4028149,2.9350822,2.972504,3.9120424,4.2312517,3.6779435,3.3992553,3.0721972,2.7488973,2.459003,2.658668,2.751692,2.9899445,2.6415877,2.657969,2.2234182,2.3343012,2.4166908,3.2423642,2.4983969,2.8308432,3.514876,1.9378026,3.0013003,2.9947133,3.048104,3.0344818,2.7232368,2.7441866,1.9100503,1.9100503,3.2463098,3.0522544,3.198494,3.08003,4.132363,4.132363,4.350279,4.13365,4.448179,4.691328,5.059141,5.100817,3.6354742,3.6146827,4.254533,5.1195407,4.4122424,4.462207,4.2147756,5.0874186,4.2779613,4.0249815,4.4314737,3.969317,4.463538,4.557504,4.8300776,4.29732,4.742263,4.865436,4.962967,5.161893,4.1864295,4.102177,3.9299936,3.612326,3.4463398,3.0993998,3.2230523,3.9401984,4.154752,4.02052,4.1548247,3.6420853,4.048727,3.4775236,4.0896583,4.076733,4.026676,3.8707047,3.585046,3.531582,4.7768326,4.594769,4.4099197,4.2559266,5.1747217,5.01594,4.99304,4.4065495,5.670703,5.19325,4.5057254,4.4763274
4,3.9082198,2.3047516,2.3873703,2.3675542,0.0,2.4598446,2.6177948,2.5713155,2.6763244,3.0083017,4.0125666,4.2520814,2.709519,2.7268987,2.5109932,2.4388137,3.2597506,3.801915,3.4986496,3.5069296,3.1266932,3.030544,2.8628805,3.2023287,3.3328414,2.7580075,3.2574055,2.9267004,3.77039,3.77039,2.8911147,2.9249942,3.2281663,3.2281663,3.5767298,3.6165283,4.3955855,4.6564126,4.9914875,4.014808,4.058449,3.6632223,3.515764,3.67711,3.715603,4.0725636,3.643839,3.6108406,3.3136082,3.5229063,3.5125072,3.9067724,3.8155584,3.9374912,4.171972,3.2835033,3.8968399,3.8112457,3.8062181,3.826281,3.8368795,3.8354266,3.3304005,3.3304005,3.9085157,3.7240965,4.003756,4.0135784,4.5593343,4.5593343,4.6862125,4.5538354,4.8744135,5.033228,5.1058197,5.152323,4.213069,4.1990747,4.6720133,5.3891177,4.2745075,4.301021,4.6095004,4.880817,4.8458657,4.6227098,4.3854084,4.6421523,4.150979,4.1949005,4.516125,4.049425,4.3685164,4.508964,4.562681,4.7467337,4.725917,4.6653495,4.5906224,4.314801,4.1449914,4.0687046,3.9325495,4.450945,4.7541704,4.612965,4.7502384,4.3461275,4.609005,4.099927,4.6870265,4.6892076,4.841551,4.740754,4.377913,4.342229,5.2490973,5.0564685,5.067302,4.9366364,5.4761252,5.4249,5.2694097,4.8503885,6.045232,5.5660133,5.067199,5.176282
5,1.6344371,0.89634174,0.69326705,0.6631725,2.4598446,0.0,0.51383156,0.34685642,1.4378529,2.0307708,3.328612,3.575227,1.5700432,1.5871916,1.184731,1.2844759,2.7035303,3.3625932,2.9908128,2.9928422,2.2009053,2.1794236,2.1010962,2.5319245,2.7413387,1.9309269,2.1538262,2.1370745,2.9198377,2.9198377,1.9718317,1.9783813,2.580797,2.580797,3.0651906,3.1122308,3.88545,4.197126,3.605599,3.393416,3.1227286,2.8802407,2.5239143,2.7514174,2.836545,3.069168,2.7415452,2.7444813,2.366241,2.4290545,2.573343,3.113186,2.5547822,2.731844,3.442201,2.0542672,2.9443154,3.0018544,3.0884974,3.0274312,2.6543713,2.6823335,1.9409715,1.9409715,3.245177,3.0546975,3.1334682,3.0179896,3.9850705,3.9850705,4.198153,3.9813244,4.300457,4.513226,4.8504877,4.908807,3.4777966,3.4542933,4.049341,4.906911,4.269363,4.379688,4.0979667,4.827998,4.04754,3.860779,4.3598657,3.8442369,4.262829,4.3677278,4.657545,4.172046,4.5671134,4.6793547,4.7876544,4.886675,3.9971113,3.9266546,3.7531307,3.4341743,3.3378975,2.9599833,3.2157001,3.846271,3.9705012,3.8262975,3.977645,3.5679607,3.867549,3.2890332,3.9121587,3.9009037,4.0602674,3.8811007,3.6553087,3.6029031,4.722414,4.5613475,4.394554,4.254618,5.0620503,4.999458,4.9448805,4.380934,5.5202465,5.0201464,4.4784875,4.5002165
6,1.3902098,0.9195093,0.4721156,0.45719552,2.6177948,0.51383156,0.0,0.2595963,1.4684805,1.8478845,3.409226,3.6676729,1.5462791,1.562084,1.1369606,1.2052894,2.693112,3.3563924,3.0078878,2.998823,2.2182643,2.1122267,2.0279095,2.561134,2.810183,1.9028604,2.1416633,2.0118504,2.6374593,2.6374593,1.8971806,1.8840598,2.4820335,2.4820335,3.0169942,3.0451005,3.9736314,4.2720046,3.6229062,3.467385,3.1153965,2.819594,2.5231323,2.7480981,2.810142,3.0402355,2.6900501,2.7052388,2.3166573,2.423718,2.5293758,3.176962,2.5124857,2.7777812,3.4846427,1.9696909,3.1377606,3.1619742,3.2265177,3.1959264,2.6508708,2.6704109,1.9215828,1.9215828,3.3586917,3.1662962,3.274125,3.1320074,4.1540785,4.1540785,4.354792,4.155231,4.3870306,4.6110854,4.978525,5.024175,3.5621054,3.5397644,4.1722136,5.028058,4.497494,4.580778,4.269454,5.003968,4.2585053,4.0408373,4.524118,3.991933,4.4749203,4.578627,4.8245206,4.3234015,4.735801,4.848571,4.9585567,5.132352,4.2147303,4.136295,3.9649606,3.610768,3.46581,3.080634,3.303961,3.9617112,4.083861,3.9511645,4.085285,3.6229548,3.9839637,3.3980043,4.0235543,4.0102844,4.0382776,3.8789268,3.6244147,3.5709357,4.7967296,4.6243286,4.3925195,4.25907,5.183891,5.0667863,5.0115156,4.42088,5.687693,5.207461,4.550865,4.57446
7,1.4275432,0.81306666,0.47771356,0.49043253,2.5713155,0.34685642,0.2595963,0.0,1.42167,1.8762748,3.3385072,3.5916421,1.5788695,1.593928,1.1326547,1.2331403,2.67964,3.3293157,2.9506004,2.9596064,2.1917193,2.136731,2.052857,2.5609868,2.7734733,1.880719,2.1362374,2.054709,2.7319293,2.7319293,1.9292451,1.9243398,2.5010848,2.5010848,3.0190382,3.06382,3.9469247,4.257534,3.623976,3.455528,3.1122243,2.8486962,2.514651,2.7141855,2.811682,3.0335653,2.721504,2.7279537,2.3126304,2.3699996,2.4897969,3.1903782,2.522897,2.750441,3.4456477,1.9959406,2.9639308,2.9968057,3.0791698,3.0295458,2.6709044,2.6927574,1.8897771,1.8897771,3.2605724,3.0734577,3.1699448,3.0389464,4.015587,4.015587,4.212783,4.021933,4.350672,4.573754,4.9209685,4.97296,3.522637,3.499703,4.110591,4.9639444,4.443487,4.5382147,4.2320247,4.985602,4.1971273,4.0014143,4.504236,3.9625907,4.4229093,4.5156426,4.784077,4.3010097,4.6960845,4.8048725,4.9163694,5.052862,4.113396,4.0403366,3.869295,3.5590339,3.4401126,3.0551157,3.3195443,3.946715,4.0517635,3.913213,4.0563946,3.6381114,3.9527283,3.3806105,3.9925766,3.980044,4.0472746,3.8774295,3.5912938,3.5385098,4.7730227,4.6013823,4.3950095,4.256847,5.1633835,5.056391,5.012972,4.4290347,5.6422763,5.1382823,4.5311537,4.5554028
8,2.3260257,1.6132838,1.4380243,1.4060504,2.6763244,1.4378529,1.4684805,1.42167,0.0,1.039153,3.1404495,3.436539,1.0199043,1.0178133,0.7575268,0.81434816,2.3186672,3.093431,2.5796647,2.6209068,1.7349695,1.688469,1.6570828,2.0552151,2.3999686,1.4571519,2.2345154,1.5994896,2.3792984,2.3792984,1.6286404,1.5523876,1.8109843,1.8109843,1.8986387,1.9902694,3.1122801,3.5216165,3.166423,2.8122692,2.1763408,1.6930422,1.3076466,1.7090945,1.7400408,1.9574724,1.5817426,1.5518731,1.6539372,1.7009891,1.8074379,2.8507588,2.2401261,2.5118506,2.6244879,1.4189463,2.5201454,2.5360193,2.428746,2.500191,2.185446,2.201833,1.219179,1.219179,2.252825,2.0853953,2.3061328,2.1349025,3.4086354,3.4086354,3.6266236,3.4088557,3.820185,4.048776,4.22136,4.2798877,3.3650627,3.3452969,3.55068,4.492373,3.8750985,3.9665048,3.705718,4.6007104,3.7827098,3.538873,3.9934502,3.4411433,3.8400333,4.012442,4.277455,3.6461225,4.1438375,4.279934,4.3974547,4.5350137,3.9355829,3.8679461,3.7286396,3.3769312,3.3806243,3.145267,3.101961,3.8384483,3.9680786,3.80268,3.936185,3.432698,3.8450446,3.0775168,3.8784246,3.867782,3.763648,3.603973,3.2972746,3.2659106,4.3883796,4.20929,4.1675606,4.03851,5.1049156,4.9595284,4.945023,4.2915115,5.516874,4.9799047,4.340799,4.333504
9,2.5210223,1.9219595,1.7441356,1.7264982,3.0083017,2.0307708,1.8478845,1.8762748,1.039153,0.0,3.2881384,3.5871818,1.3332088,1.329611,1.1332043,1.1681099,2.5738091,3.3003347,2.8459034,2.8690438,2.0596764,2.0468328,2.0043344,2.4926703,2.7309914,1.8538761,2.5110238,1.8802747,2.012259,2.012259,2.0408459,1.935326,1.890457,1.890457,1.8731362,1.9745305,3.3387947,3.7203588,3.3550794,3.0160947,2.2530982,1.7517352,1.495548,1.7579163,1.9045178,2.0805445,1.7473862,1.6937077,1.8874468,1.967746,1.9468372,3.2119567,2.41316,2.7752714,2.7979515,1.7710469,2.9232206,2.8816643,2.6644146,2.838962,2.5461502,2.5504513,1.6376021,1.6376021,2.564024,2.3640459,2.6918192,2.4519422,3.7192926,3.7192926,3.9182448,3.7284644,4.099979,4.3330636,4.5853534,4.6264496,3.6985073,3.678436,3.8408194,4.695241,4.552412,4.6087055,4.362157,5.1778584,4.460979,4.219484,4.592082,4.0619564,4.5410295,4.6731706,4.8735743,4.2826743,4.756105,4.8733892,5.008593,5.1883388,4.249966,4.184004,4.068749,3.7171607,3.710779,3.507256,3.4290278,4.1184473,4.273143,4.128483,4.227987,3.6981084,4.1562815,3.4342375,4.1814785,4.1665974,3.8838077,3.752057,3.4162343,3.3935494,4.5794697,4.3896203,4.2830086,4.1539526,5.3611174,5.1174827,5.0845447,4.4513783,5.966254,5.4708347,4.562628,4.5066953
10,3.895252,3.4521592,3.4403558,3.449097,4.0125666,3.328612,3.409226,3.3385072,3.1404495,3.2881384,0.0,0.73780155,3.1547027,3.164956,3.1128218,3.1242511,3.9528077,4.4906054,4.039224,4.149407,3.526576,3.4604664,3.507493,3.9749806,4.2376266,3.5188136,3.5918872,3.5816407,4.017747,4.017747,3.4997892,3.456256,4.2590737,4.2590737,4.26864,4.351797,4.7992816,5.0881276,4.9029202,4.636587,3.6726844,3.580408,3.326893,3.4862347,3.6098723,3.8913608,3.585725,3.5968893,3.7539015,3.8235984,3.8600023,4.3611035,3.8106337,2.7748806,2.7716346,3.7136755,4.3370075,4.363162,4.4363313,4.260576,4.0406957,4.0449247,3.7440393,3.7440393,4.499958,4.422212,4.527243,3.9424372,2.540017,2.540017,2.821231,2.523368,2.8802154,3.2047997,3.3238275,3.3928428,2.3961089,2.366081,2.5499465,3.8968883,5.0445237,5.164834,4.9521966,4.188794,4.4209714,4.784061,5.148345,4.747642,4.3973236,3.9919932,4.19901,4.2660785,4.4364533,4.2604423,4.5038705,4.280402,3.7174335,3.8515055,4.056246,3.6536596,2.9292424,3.0922663,4.2563944,3.0740812,3.364127,3.2493293,3.3833416,4.6461067,3.3563192,3.895738,3.3550365,3.3512418,4.139133,3.9966812,3.7048516,3.675732,4.325278,4.1670036,3.9547887,3.8068907,5.971595,5.784042,5.196697,5.449579,4.9812,4.4195633,4.540347,4.636136
11,4.0802174,3.663822,3.6842155,3.6936357,4.2520814,3.575227,3.6676729,3.5916421,3.436539,3.5871818,0.73780155,0.0,3.4131083,3.4257522,3.3840969,3.4034135,4.157433,4.716769,4.2084384,4.4068108,3.7651026,3.7372422,3.7816389,4.209603,4.4316025,3.8668933,3.52941,3.9295359,4.3574195,4.3574195,3.7870438,3.7430499,4.5559773,4.5559773,4.5306396,4.652959,4.722676,5.015177,4.795713,4.5441546,3.6644151,3.855541,3.6026247,3.7130704,3.8627431,4.1392584,3.8626003,3.8931284,4.0737042,4.091776,4.1696916,4.65078,3.7272415,2.615451,3.1381972,4.0168133,4.5735054,4.5943985,4.68397,4.4970207,4.44013,4.4445796,4.10663,4.10663,4.6564693,4.61972,4.650809,4.083641,2.6552992,2.6552992,2.890701,2.616689,3.1192896,3.4055223,3.524444,3.5851984,2.7340102,2.708238,2.8023274,4.1083536,5.192678,5.274412,5.047277,4.3612494,4.52107,4.881133,5.26333,4.8674383,4.5333467,4.104575,4.3147874,4.419292,4.549789,4.3680835,4.603859,4.425971,3.5252674,3.6842158,3.9080043,3.46626,2.7075777,2.9637961,4.158463,2.8653855,3.1870356,3.06676,3.1851754,4.562805,3.154711,4.1689205,3.1578128,3.1613708,4.040164,3.9024966,3.5389292,3.5120554,4.221458,4.064287,3.8515277,3.6791978,5.8497663,5.659827,5.0650578,5.554423,4.8053303,4.211251,4.409931,4.5079765
12,2.4017017,1.8821174,1.5557292,1.4997483,2.709519,1.5700432,1.5462791,1.5788695,1.0199043,1.3332088,3.1547027,3.4131083,0.0,0.14287223,0.68921405,0.6827063,2.1829588,2.9431376,2.623793,2.5529826,1.7762439,1.741338,1.7369511,2.0041506,2.2350404,1.6796522,2.0876796,1.6753485,2.357812,2.357812,1.7175567,1.6375537,2.4263587,2.4263587,2.194457,2.2398818,3.3625462,3.7584474,3.1279404,2.7692125,2.2800286,1.766495,1.5029342,2.0387266,1.9969163,2.3378632,1.6789458,1.7099135,1.9852362,2.1277366,2.2042637,2.7328143,2.2295785,2.4517403,2.7700791,1.6559098,3.0269072,3.006126,2.9352195,2.977222,2.3045542,2.3298128,1.7804228,1.7804228,2.7025867,2.5313318,2.5811324,2.371549,3.610537,3.610537,3.8445761,3.539825,3.6502824,3.8556345,4.296178,4.335818,3.3690305,3.349633,3.4634712,4.4404798,3.8540785,3.9212875,3.6746202,4.7203865,3.776506,3.5056005,3.8920732,3.3239903,3.8949904,4.019814,4.2874885,3.7164564,4.1873493,4.307534,4.447909,4.558987,3.9382424,3.8731449,3.7399871,3.2634037,3.2121675,3.098749,2.9735007,3.6830328,3.6709044,3.529854,3.6330805,3.1414528,3.549853,2.8737786,3.58213,3.5724783,3.6181364,3.483892,3.4220285,3.382995,4.1575303,4.006574,3.9763045,3.867279,4.43553,4.3116574,4.21044,3.6304483,5.238692,4.7734184,3.9905012,4.039495
13,2.4129162,1.9044691,1.5779573,1.521795,2.7268987,1.5871916,1.562084,1.593928,1.0178133,1.329611,3.164956,3.4257522,0.14287223,0.0,0.6760542,0.6606984,2.135138,2.896176,2.5713742,2.504908,1.7179892,1.673767,1.6797216,1.9010416,2.1450071,1.6201117,2.0718405,1.6169065,2.3215768,2.3215768,1.6583638,1.5900668,2.367828,2.367828,2.1308064,2.1707318,3.3376966,3.7359874,3.1004827,2.742998,2.238359,1.705945,1.4988708,2.0217466,1.9331688,2.284157,1.61484,1.6466146,1.9270972,2.0848207,2.1645055,2.7106712,2.1890514,2.414936,2.685042,1.5838785,3.0063217,2.986215,2.9140284,2.9575284,2.2868066,2.3143485,1.7243981,1.7243981,2.666597,2.4929645,2.54683,2.3209336,3.5937254,3.5937254,3.8200612,3.5208147,3.6508875,3.8245566,4.291421,4.331852,3.368986,3.3493354,3.4523532,4.35618,3.798071,3.889056,3.636085,4.7052026,3.716836,3.4651287,3.856779,3.2839532,3.8394794,3.9777536,4.2292547,3.6834435,4.13386,4.256022,4.3984885,4.5435486,3.9426134,3.877299,3.7425675,3.2546525,3.1898465,3.070319,2.9397695,3.6582713,3.6679103,3.5247834,3.6297264,3.1257255,3.545981,2.8069592,3.5787396,3.5685577,3.6053503,3.4706945,3.3932526,3.354633,4.146049,3.9915729,3.9589903,3.8498025,4.4251013,4.2953215,4.1909432,3.5831017,5.248378,4.7797017,3.9927447,4.0455437
14,2.0992553,1.3802074,1.0947124,1.0624204,2.5109932,1.184731,1.1369606,1.1326547,0.7575268,1.1332043,3.1128218,3.3840969,0.68921405,0.6760542,0.0,0.323682,2.0983891,2.865874,2.4471169,2.4468062,1.6453785,1.6431748,1.6044188,1.9854376,2.1731412,1.3954897,1.959344,1.5063348,2.2378168,2.2378168,1.5747648,1.5116645,2.076787,2.076787,2.1257346,2.1883614,3.372563,3.696419,3.1960924,2.8405087,2.3245773,1.8939072,1.590538,1.9167122,1.9860847,2.3333123,1.826763,1.8069361,1.8799598,2.0138888,2.106913,2.9742525,2.1697936,2.409671,2.7806833,1.5065455,2.7351768,2.7123327,2.6768293,2.699532,2.400617,2.444536,1.5322528,1.5322528,2.5664597,2.3750792,2.528545,2.3093095,3.5451868,3.5451868,3.7158666,3.4997144,3.8739188,4.0766387,4.457859,4.5064454,3.3892012,3.3679388,3.6450605,4.5217657,3.955066,4.0396748,3.7871435,4.716511,3.8240888,3.6007497,4.029702,3.4945447,3.9462068,4.0671563,4.329767,3.7913322,4.2593703,4.3813276,4.5116014,4.714137,3.9745028,3.9072883,3.7643142,3.3923862,3.2683237,3.0421438,3.0576482,3.7559977,3.8423276,3.688292,3.8076084,3.3233142,3.716048,3.022499,3.7510097,3.7397673,3.6913228,3.532001,3.2504358,3.208393,4.3099856,4.127392,4.07291,3.9445167,4.76007,4.592658,4.5276685,3.9027388,5.420388,4.903574,4.1696973,4.214213
15,2.2346337,1.5278325,1.1840925,1.1280367,2.4388137,1.2844759,1.2052894,1.2331403,0.81434816,1.1681099,3.1242511,3.4034135,0.6827063,0.6606984,0.323682,0.0,2.0476294,2.8218436,2.4015124,2.4333158,1.714177,1.5511786,1.5254302,1.9349086,2.212334,1.397647,2.0236957,1.4041436,2.2179801,2.2179801,1.4936124,1.4243459,2.0000684,2.0000684,2.064569,2.0863311,3.3989496,3.7441838,3.2868922,2.878153,2.3509526,1.8253021,1.6144667,1.9148136,1.8967474,2.3070776,1.7432313,1.7372054,1.7499521,1.9751306,2.053553,2.8592393,2.1714284,2.4032245,2.7209737,1.4036514,2.8975875,2.8627827,2.8239834,2.8551636,2.456504,2.4905183,1.5448833,1.5448833,2.6850247,2.4892788,2.673351,2.456526,3.614915,3.614915,3.7908874,3.5946975,3.9146779,4.1097164,4.4481344,4.4952874,3.4346573,3.4127026,3.696336,4.564247,3.8370006,3.9083447,3.670452,4.6350946,3.753224,3.5105042,3.8767068,3.4039075,3.810061,3.9380288,4.177964,3.6245432,4.104649,4.232885,4.358659,4.696057,4.119224,4.055337,3.9215062,3.4516032,3.2138302,3.015572,2.9566941,3.663874,3.9258375,3.7687871,3.886898,3.3960152,3.791093,3.118681,3.8324904,3.8229232,3.7589283,3.610603,3.2506645,3.2099814,4.417875,4.216644,4.1401734,4.011351,4.8208356,4.657525,4.5644994,3.9446242,5.490202,4.954236,4.2374506,4.2870073
16,3.3436859,2.8168154,2.579869,2.6058743,3.2597506,2.7035303,2.693112,2.67964,2.3186672,2.5738091,3.9528077,4.157433,2.1829588,2.135138,2.0983891,2.0476294,0.0,1.0988232,0.8931242,0.8440498,2.1301267,2.1060193,2.1377769,2.2216873,2.6493006,2.0739832,2.6014862,1.9166188,2.4416776,2.4416776,2.2036643,2.190891,2.6213012,2.6213012,2.7747293,2.7316217,3.7745993,4.1078715,3.8806934,3.48818,3.1160505,2.6744707,2.708158,2.9119542,2.740156,3.2753232,2.617858,2.624055,2.7396889,2.929732,2.9951758,3.4884987,3.16372,3.3925288,3.4061043,2.5536902,2.9549763,2.820657,2.881872,2.8469362,3.3411512,3.365426,2.6956441,2.6956441,2.711301,2.6139984,2.786598,2.666623,3.8954234,3.8954234,3.7113688,3.645123,4.234884,4.2996173,4.4323072,4.466215,3.7828884,3.773042,4.012216,4.7575307,3.1239023,3.1231163,2.9551575,5.463734,3.270917,2.9156213,3.1806183,2.9584193,3.4156356,3.5352604,3.8870268,3.3233683,3.811656,3.9571607,4.0663085,4.600838,4.8294873,4.767171,4.673617,4.1407027,3.9921956,3.8570127,3.6517165,4.364818,4.2679014,4.1219897,4.220649,3.6230285,4.1381054,3.4356074,4.166862,4.1681952,4.039711,3.94326,3.6280518,3.609099,4.6412606,4.4587183,4.4121103,4.3855677,4.5509496,4.405439,4.322046,3.6574383,5.0440125,4.536172,3.789319,4.190102
17,3.8524952,3.497061,3.223894,3.2443764,3.801915,3.3625932,3.3563924,3.3293157,3.093431,3.3003347,4.4906054,4.716769,2.9431376,2.896176,2.865874,2.8218436,1.0988232,0.0,1.1467927,0.7477314,2.8364933,2.8294199,2.8670776,2.8803535,3.145214,2.7092683,3.4724205,2.5768597,3.0959835,3.0959835,2.9194353,2.9248319,3.3785772,3.3785772,3.4655123,3.3659859,4.6945467,5.008153,4.6954684,4.360249,3.9666767,3.361893,3.4355938,3.564731,3.4002886,3.883574,3.3246102,3.349055,3.2507598,3.4477844,3.4516816,4.083676,3.9792347,4.1631575,3.8916948,3.1257672,3.0877953,2.8933804,3.053636,2.9570858,3.898508,3.9031389,3.2157965,3.2157965,3.30175,3.1910791,3.348954,3.2383592,4.2436767,4.2436767,4.056207,4.0042267,4.6925197,4.762692,4.925133,4.9556503,4.29511,4.2881346,4.5044837,5.130113,3.2411623,3.2137487,3.0753903,6.0772376,3.4781322,3.1082852,3.2420914,3.0390112,3.7765353,3.8305151,4.227171,3.7957842,4.1256585,4.251225,4.346109,4.948831,5.462538,5.4027934,5.3070045,4.803564,4.598487,4.477604,4.303065,4.9174542,4.912773,4.78807,4.891875,4.40438,4.8225718,3.950751,4.837572,4.834892,4.6514983,4.5625806,4.233245,4.2108912,5.1690454,4.985691,4.998965,4.974965,4.8412046,4.6256323,4.6004496,3.770028,5.3644457,4.874202,4.2471995,4.602404
18,3.575259,3.0931773,2.8814685,2.9258754,3.4986496,2.9908128,3.0078878,2.9506004,2.5796647,2.8459034,4.039224,4.2084384,2.623793,2.5713742,2.4471169,2.4015124,0.8931242,1.1467927,0.0,0.92360455,2.478086,2.3489282,2.3964825,2.4090703,2.7568727,2.3002121,2.8701262,2.2209678,2.7580333,2.7580333,2.440633,2.4461467,2.7984893,2.7984893,2.865346,2.8481221,3.9802716,4.2942605,4.1044555,3.7247798,3.3044217,2.9643342,2.9871395,3.0237389,2.9117248,3.3633857,2.9288116,2.9227262,2.9142606,3.0130641,3.079014,3.789034,3.332566,3.5114675,3.445,2.760633,2.76952,2.5852365,2.7162633,2.6299782,3.74039,3.745999,2.8769703,2.8769703,2.6545606,2.5846617,2.751714,2.6744275,3.6579027,3.6579027,3.406865,3.4937832,4.462186,4.4983306,4.5156293,4.5642033,4.054326,4.0449038,4.1754265,4.7885504,3.210643,3.2126474,3.017053,5.6137114,3.3126426,2.999441,3.2791374,3.0344043,3.4465358,3.5295472,3.8892996,3.466061,3.770724,3.9054158,4.012735,4.6772704,4.966039,4.918103,4.8243284,4.327062,4.1604886,4.0319753,3.9004638,4.541205,4.563985,4.4024425,4.507859,4.034183,4.4218183,3.8279774,4.4544344,4.4602084,4.3475432,4.2510977,3.5767236,3.5668797,4.9389796,4.7296786,4.7175355,4.670829,4.7429004,4.6018753,4.570695,3.9041777,5.3494368,4.692176,4.0961366,4.483633
19,3.531156,3.0950072,2.861581,2.9063919,3.5069296,2.9928422,2.998823,2.9596064,2.6209068,2.8690438,4.149407,4.4068108,2.5529826,2.504908,2.4468062,2.4333158,0.8440498,0.7477314,0.92360455,0.0,2.338378,2.3587887,2.380088,2.4407117,2.7791002,2.1931114,3.13688,2.1025996,2.5798714,2.5798714,2.4461772,2.4531431,2.9880862,2.9880862,3.0628,2.9966488,4.3577876,4.649641,4.4083204,4.070201,3.6019936,2.972037,3.000404,3.1794481,3.043658,3.5207736,2.9466755,2.9622853,2.9698946,3.129784,3.1228535,3.729837,3.7092545,3.9012744,3.5249631,2.785937,2.7777932,2.5800292,2.715866,2.6263344,3.5198107,3.5211105,2.8365178,2.8365178,2.8039649,2.7135973,2.8803043,2.811384,3.846041,3.846041,3.6143591,3.554355,4.3270993,4.391814,4.5113997,4.5489106,3.9118671,3.9081686,4.1134677,4.775579,3.286474,3.3173935,3.1702032,5.7154746,3.4864988,3.1552637,3.407909,3.1326752,3.6460621,3.6975715,4.084757,3.631984,3.9576046,4.0817647,4.1897078,4.631766,5.12365,5.0636053,4.9739423,4.5679946,4.446826,4.309608,4.231394,4.8269424,4.6353836,4.5070763,4.6131644,4.1634626,4.543274,3.5619187,4.5557666,4.5559735,4.475319,4.39051,4.0869503,4.0639143,4.930902,4.7783504,4.7930465,4.775744,4.7769794,4.636579,4.5858507,3.7402618,5.2700825,4.788736,4.1439223,4.5323486
20,2.80802,2.2182755,2.2135627,2.2192776,3.1266932,2.2009053,2.2182643,2.1917193,1.7349695,2.0596764,3.526576,3.7651026,1.7762439,1.7179892,1.6453785,1.714177,2.1301267,2.8364933,2.478086,2.338378,0.0,1.0713247,1.0370595,1.4754192,1.8177373,1.0645126,1.9800268,1.2630758,2.3899348,2.3899348,1.2893358,1.2681087,2.5624163,2.5624163,2.5391953,2.5730646,3.4512696,3.8376536,3.3984778,3.1010067,2.6107202,2.1668367,2.2062726,2.3587294,2.1953974,3.0189188,2.1414442,2.2445302,2.2968886,2.492435,2.5192986,3.2444475,2.7069519,2.9363432,2.8037853,2.0541244,3.1932752,3.116694,3.1170213,3.1123455,3.0298166,3.0351098,2.0040755,2.0040755,2.6446743,2.6882882,2.6782906,2.6085434,3.8805017,3.8805017,3.533524,3.4221087,4.0181217,4.0578303,4.1684656,4.217807,3.7809863,3.7719803,3.747607,4.3889523,3.8953314,4.074363,3.8314264,4.7608495,3.9551988,3.7614655,4.189507,3.7179058,3.6726556,3.7734196,3.9494383,3.476719,3.7256696,3.8546145,3.9712038,4.470746,4.6557193,4.610837,4.503114,4.1029634,3.9205236,3.7702892,3.677345,4.281678,4.1149497,3.9785354,4.1056585,3.6417437,4.027992,3.057101,4.0360956,4.027808,3.9289532,3.7938416,3.6694043,3.6162815,4.3574963,4.2263303,4.2259345,4.207689,5.0852413,4.9267664,4.865407,4.2653427,5.554415,5.207818,4.6396894,4.9633884
21,2.8449535,2.3888981,2.187598,2.189615,3.030544,2.1794236,2.1122267,2.136731,1.688469,2.0468328,3.4604664,3.7372422,1.741338,1.673767,1.6431748,1.5511786,2.1060193,2.8294199,2.3489282,2.3587887,1.0713247,0.0,0.28014022,1.0844569,1.8711988,0.8810117,2.073609,0.69880766,2.1817787,2.1817787,0.44894552,0.44487247,2.3541148,2.3541148,2.3680172,2.3276513,3.599049,3.966731,3.5942855,3.2625313,2.6816492,2.0848634,2.2740355,2.46569,2.1031861,2.84537,2.01462,2.134778,2.1121378,2.4251673,2.4286995,3.0198681,2.6709027,2.8485394,2.6101694,1.8086915,3.4909658,3.401817,3.4106922,3.4093657,2.9241514,2.8865383,1.9510301,1.9510301,2.9241896,2.9098227,2.9686317,2.848838,3.8828342,3.8828342,3.6453195,3.6115453,3.9564726,3.9781404,3.9835274,4.027984,3.7070324,3.6970882,3.6958768,4.3219295,3.7681997,3.9296293,3.673895,4.458763,3.8431025,3.6220334,3.9290948,3.530851,3.3601522,3.5008981,3.5900226,3.1398103,3.2979898,3.4368625,3.5587325,4.2877383,4.8495417,4.803015,4.703067,4.116008,3.831831,3.691464,3.5764182,4.1530647,4.183406,4.03848,4.159201,3.7324882,4.0721903,3.158384,4.0986633,4.0944695,3.9971762,3.9026947,3.5195975,3.4734795,4.5728035,4.3909345,4.2814913,4.26383,5.1826086,5.0475225,4.917888,4.281206,5.742934,5.286056,4.7545037,5.098066
22,2.8033264,2.2403824,2.0669715,2.0789356,2.8628805,2.1010962,2.0279095,2.052857,1.6570828,2.0043344,3.507493,3.7816389,1.7369511,1.6797216,1.6044188,1.5254302,2.1377769,2.8670776,2.3964825,2.380088,1.0370595,0.28014022,0.0,1.1796751,1.9109098,0.8145608,2.0257955,0.6905074,2.1549485,2.1549485,0.42643353,0.42980355,2.3424659,2.3424659,2.4249475,2.4034185,3.6138253,3.9782684,3.6589558,3.2787247,2.7524803,2.176333,2.330827,2.5336199,2.2210763,2.9310143,2.1174526,2.2347078,2.162379,2.4525669,2.4397717,3.074082,2.7105064,2.9426436,2.775149,1.8728731,3.4804475,3.3782783,3.3871157,3.3921456,2.931499,2.8882182,1.987131,1.987131,2.9244394,2.9157536,2.9813924,2.9039,3.9503145,3.9503145,3.7118425,3.6713698,4.013511,4.0554805,4.047791,4.0874553,3.721886,3.7138045,3.7680812,4.42629,3.8706462,4.0111017,3.7999964,4.528133,4.0060735,3.7594364,4.0283694,3.675,3.4749286,3.6040747,3.714835,3.2363873,3.4063325,3.550734,3.6610725,4.315639,4.8405023,4.7872972,4.6843805,4.1454873,3.9073763,3.7610672,3.637609,4.243515,4.2027397,4.062489,4.1836057,3.7221653,4.0924463,3.1888354,4.1197844,4.116041,4.0023155,3.9151564,3.5560572,3.5080292,4.579264,4.403304,4.29076,4.272482,5.206913,5.069205,4.95811,4.3280263,5.760258,5.3236785,4.76635,5.1113143
23,3.2988687,2.825122,2.6286767,2.6232235,3.2023287,2.5319245,2.561134,2.5609868,2.0552151,2.4926703,3.9749806,4.209603,2.0041506,1.9010416,1.9854376,1.9349086,2.2216873,2.8803535,2.4090703,2.4407117,1.4754192,1.0844569,1.1796751,0.0,1.1927091,1.3234128,2.2736213,1.3875045,2.658147,2.658147,1.1262083,1.2516893,2.5269175,2.5269175,2.2226164,2.2180483,3.4078557,3.7208898,3.3676422,2.9551053,2.6259847,2.182796,2.4806876,2.7648835,2.2807827,2.7849934,2.119511,2.1918004,2.444642,2.6642895,2.7371542,3.2190447,2.6979578,2.9685228,2.6885188,2.0286965,3.4204905,3.352339,3.3343346,3.3534966,2.8972416,2.882328,2.1804836,2.1804836,2.6734061,2.647957,2.6068668,2.5142715,3.9562485,3.9562485,3.8043404,3.7390146,4.0576115,3.9021802,4.1763554,4.2226095,3.9919615,3.9830391,3.7715309,3.961446,3.4127154,3.7061038,3.5029876,4.5212793,3.607083,3.4207773,3.6954076,3.2715619,3.1207616,3.4567657,3.5240633,3.202431,3.2089014,3.403311,3.5238562,4.1152496,4.70858,4.639095,4.4928102,3.9616005,3.949755,3.8102539,3.5153213,4.3271184,4.140431,3.9861135,4.0986094,3.4285777,4.004702,2.7680063,4.041237,4.036659,3.9454637,3.8563197,3.5708826,3.5354812,4.370472,4.2068152,4.244067,4.2262397,4.6463394,4.5404673,4.49307,3.6603491,5.678552,5.20696,4.616992,4.9537745
24,3.4587479,2.96557,2.8250244,2.8182642,3.3328414,2.7413387,2.810183,2.7734733,2.3999686,2.7309914,4.2376266,4.4316025,2.2350404,2.1450071,2.1731412,2.212334,2.6493006,3.145214,2.7568727,2.7791002,1.8177373,1.8711988,1.9109098,1.1927091,0.0,1.7052828,2.471834,2.0034473,3.2197304,3.2197304,1.9123521,1.9856932,3.0716443,3.0716443,2.3833215,2.4551842,3.70357,3.947146,3.389278,2.9445996,2.8006306,2.4935982,2.6605833,2.8391957,2.5916765,3.0282035,2.5231793,2.5493374,2.8000903,2.8801024,2.9624953,3.8481393,2.8317862,3.115582,3.0059114,2.3561425,3.3125553,3.2100399,3.2291107,3.2170842,3.241876,3.2745628,2.4394548,2.4394548,2.7072988,2.6977124,2.495911,2.4244907,3.9907463,3.9907463,3.8499846,3.8088233,4.3209987,4.1985693,4.7430787,4.7897344,4.482165,4.4702215,4.0754313,4.175169,3.8282814,4.10993,3.9390352,4.8788757,3.993527,3.8421068,4.127359,3.5714421,3.6372488,3.915624,4.0456614,3.8285017,3.8186753,3.9965696,4.117221,4.5393515,4.7499266,4.6778584,4.489839,4.198863,4.2383933,4.133894,3.8275416,4.6726174,4.3507323,4.2014236,4.306359,3.6419802,4.2203026,3.059454,4.2491813,4.238822,4.0397577,3.9149501,3.5888727,3.5425804,4.3069873,4.132935,4.3833,4.3361354,4.375297,4.144846,4.2591324,3.319613,5.928287,5.4229436,4.8218884,5.0933156
25,2.6961381,2.048506,1.8942434,1.9230642,2.7580075,1.9309269,1.9028604,1.880719,1.4571519,1.8538761,3.5188136,3.8668933,1.6796522,1.6201117,1.3954897,1.397647,2.0739832,2.7092683,2.3002121,2.1931114,1.0645126,0.8810117,0.8145608,1.3234128,1.7052828,0.0,2.3050594,0.6564807,2.2037227,2.2037227,0.88801914,0.9066838,2.2081206,2.2081206,2.2370253,2.2226408,3.7759926,4.1036897,3.7834446,3.4101584,2.8499548,2.105841,2.1439834,2.365231,2.1649485,2.7554843,2.077928,2.1150146,2.0200353,2.2237747,2.2028377,3.2453532,2.8839831,3.0932395,2.6787572,1.7103282,2.9527605,2.8485403,2.8787496,2.860279,2.622522,2.6231472,1.6152378,1.6152378,2.633231,2.5874565,2.6938624,2.582352,3.7105248,3.7105248,3.5366547,3.4959803,3.9376295,4.023991,4.174817,4.221529,3.6433096,3.632053,3.7035756,4.344241,3.8724756,4.054455,3.8610811,4.6386466,3.9703584,3.7857547,4.1063323,3.6628788,3.5827353,3.7189188,3.9003227,3.4408154,3.7088358,3.8473704,3.9638283,4.364393,4.7718987,4.7094417,4.5912104,4.2693057,4.104704,3.9093227,3.8824286,4.486821,4.3058934,4.1649995,4.2999573,3.8588836,4.216574,3.0496476,4.2359414,4.225327,4.0301814,3.908916,3.5660143,3.5167851,4.5481973,4.3633204,4.3395877,4.3056245,5.2444777,5.0448494,5.006755,4.172962,5.7993484,5.3285604,4.780664,5.0690436
26,2.6340966,2.1492941,2.1533966,2.1893792,3.2574055,2.1538262,2.1416633,2.1362374,2.2345154,2.5110238,3.5918872,3.52941,2.0876796,2.0718405,1.959344,2.0236957,2.6014862,3.4724205,2.8701262,3.13688,1.9800268,2.073609,2.0257955,2.2736213,2.471834,2.3050594,0.0,2.3956192,3.0607116,3.0607116,2.040846,2.0290775,3.064649,3.064649,3.1600227,3.3394756,2.9241123,3.3166773,2.6007147,2.3509479,2.3891852,2.9807403,2.8662555,3.0618272,3.0284078,3.4527361,2.910473,2.9852924,3.1184614,3.0764995,3.276514,3.8108115,1.8076996,2.1591842,3.6964025,2.7965186,3.7517865,3.7180614,3.7555506,3.7251265,3.4915125,3.5038066,2.943021,2.943021,3.1687,3.2200005,3.0139182,2.9093661,4.138191,4.138191,3.9806385,3.9067593,4.2508435,4.2963567,4.5598774,4.583665,3.9149513,3.9014215,3.9886727,4.7693725,4.4312806,4.4814444,4.193126,5.0978823,4.24858,4.0359387,4.486628,4.0200157,4.1314855,4.2455316,4.440868,4.0053263,4.277853,4.398269,4.5176706,4.773524,3.915001,3.8584576,3.716232,3.2024035,3.3361423,3.1817915,3.0711439,3.8345394,3.2832427,3.126961,3.2124064,2.554617,3.0983067,3.4185748,3.1473997,3.1501954,3.1086628,2.9899778,2.7191527,2.6730514,3.8730426,3.7042735,3.5059483,3.4462717,4.3340373,4.1720824,4.139266,4.1201205,5.0433903,4.5742674,3.8562007,4.2366014
27,2.7685516,2.2971408,2.0265536,2.0387435,2.9267004,2.1370745,2.0118504,2.054709,1.5994896,1.8802747,3.5816407,3.9295359,1.6753485,1.6169065,1.5063348,1.4041436,1.9166188,2.5768597,2.2209678,2.1025996,1.2630758,0.69880766,0.6905074,1.3875045,2.0034473,0.6564807,2.3956192,0.0,1.9164606,1.9164606,0.80436605,0.753482,2.1553147,2.1553147,2.2320304,2.1391242,3.8478045,4.1730223,3.8488097,3.5021176,2.8542726,1.9673489,2.140987,2.3765328,2.055028,2.7464068,1.9259269,2.0091097,1.9562184,2.3061678,2.2539635,3.1006048,2.8898885,3.1232414,2.6888628,1.6173717,3.30484,3.1826262,3.203246,3.2012935,2.7285576,2.7186701,1.7645149,1.7645149,2.858899,2.8082578,2.9534516,2.8231235,3.8972812,3.8972812,3.7287328,3.676918,3.9866607,4.086839,4.194672,4.2286882,3.6754096,3.6660447,3.8154192,4.527721,3.7896242,3.9130576,3.6909592,4.627523,3.893987,3.6441822,3.9248867,3.5368228,3.507439,3.6349883,3.7701395,3.2459404,3.5896628,3.7333014,3.8418238,4.4761972,5.0117073,4.94917,4.8438883,4.383969,4.0620356,3.8975863,3.801778,4.40984,4.4064994,4.2714677,4.3887725,3.9294047,4.309404,3.2280369,4.329343,4.321709,4.09526,4.002468,3.628453,3.5808249,4.6952186,4.502597,4.4156637,4.388367,5.3150506,5.121183,5.027999,4.2267203,5.812941,5.357564,4.7712307,5.07345
28,3.0293796,2.82031,2.5917075,2.669331,3.77039,2.9198377,2.6374593,2.7319293,2.3792984,2.012259,4.017747,4.3574195,2.357812,2.3215768,2.2378168,2.2179801,2.4416776,3.0959835,2.7580333,2.5798714,2.3899348,2.1817787,2.1549485,2.658147,3.2197304,2.2037227,3.0607116,1.9164606,0.0,0.0,2.2216444,2.1681035,2.406475,2.406475,2.7027063,2.6554792,4.2374096,4.4488406,4.178824,4.035444,3.2928817,2.627533,2.7023342,2.937422,2.8354967,3.2140589,2.6323442,2.624461,2.8771906,3.093383,2.993169,3.3018243,3.434654,3.7919245,3.4251573,2.603546,3.87002,3.7549126,3.6436758,3.7521586,3.2758863,3.2702806,2.743863,2.743863,3.2420776,3.1144712,3.4079168,3.3043416,4.376072,4.376072,4.233599,4.1492453,4.476418,4.5379357,4.7533836,4.7732773,3.8908014,3.8864949,4.283474,4.8979573,4.939596,5.0247602,4.7594466,5.711513,4.8587127,4.6237683,5.0335274,4.642965,4.872156,4.951446,5.056866,4.5663867,4.9783645,5.0798583,5.2210283,5.55273,5.2460656,5.17791,5.1088824,4.75246,4.6180353,4.4071116,4.4802704,5.036323,4.7808948,4.6795917,4.734763,4.243638,4.683676,3.6828806,4.695704,4.6950755,4.64337,4.6090045,4.368482,4.3495317,5.2759757,5.1658654,4.8855534,4.8763833,5.578325,5.519594,5.3185453,4.5798874,6.2201643,5.853796,4.797639,5.1027093
29,3.0293796,2.82031,2.5917075,2.669331,3.77039,2.9198377,2.6374593,2.7319293,2.3792984,2.012259,4.017747,4.3574195,2.357812,2.3215768,2.2378168,2.2179801,2.4416776,3.0959835,2.7580333,2.5798714,2.3899348,2.1817787,2.1549485,2.658147,3.2197304,2.2037227,3.0607116,1.9164606,0.0,0.0,2.2216444,2.1681035,2.406475,2.406475,2.7027063,2.6554792,4.2374096,4.4488406,4.178824,4.035444,3.2928817,2.627533,2.7023342,2.937422,2.8354967,3.2140589,2.6323442,2.624461,2.8771906,3.093383,2.993169,3.3018243,3.434654,3.7919245,3.4251573,2.603546,3.87002,3.7549126,3.6436758,3.7521586,3.2758863,3.2702806,2.743863,2.743863,3.2420776,3.1144712,3.4079168,3.3043416,4.376072,4.376072,4.233599,4.1492453,4.476418,4.5379357,4.7533836,4.7732773,3.8908014,3.8864949,4.283474,4.8979573,4.939596,5.0247602,4.7594466,5.711513,4.8587127,4.6237683,5.0335274,4.642965,4.872156,4.951446,5.056866,4.5663867,4.9783645,5.0798583,5.2210283,5.55273,5.2460656,5.17791,5.1088824,4.75246,4.6180353,4.4071116,4.4802704,5.036323,4.7808948,4.6795917,4.734763,4.243638,4.683676,3.6828806,4.695704,4.6950755,4.64337,4.6090045,4.368482,4.3495317,5.2759757,5.1658654,4.8855534,4.8763833,5.578325,5.519594,5.3185453,4.5798874,6.2201643,5.853796,4.797639,5.1027093
30,2.6935127,2.2283447,1.996569,2.007624,2.8911147,1.9718317,1.8971806,1.9292451,1.6286404,2.0408459,3.4997892,3.7870438,1.7175567,1.6583638,1.5747648,1.4936124,2.2036643,2.9194353,2.440633,2.4461772,1.2893358,0.44894552,0.42643353,1.1262083,1.9123521,0.88801914,2.040846,0.80436605,2.2216444,2.2216444,0.0,0.24479178,2.35053,2.35053,2.4691238,2.445004,3.6529548,3.9706707,3.630994,3.3026872,2.7944312,2.2654998,2.3798084,2.6463895,2.326516,2.8881917,2.1793015,2.274112,2.2429907,2.5204937,2.5365636,3.1080132,2.7109556,2.9047298,2.7978249,1.8784363,3.4490292,3.3767564,3.3879964,3.3890378,2.7581503,2.7022994,1.9435016,1.9435016,2.9889264,2.932018,3.0072246,2.881945,3.9475634,3.9475634,3.7961862,3.7423053,3.9585097,3.9973178,4.016476,4.0589213,3.631735,3.6220458,3.6906288,4.332607,3.8736255,4.0308065,3.7909405,4.4588604,3.9446843,3.7060351,3.9874215,3.5881126,3.4745145,3.6474886,3.7616718,3.3069646,3.4315507,3.573434,3.6933591,4.236263,4.7479568,4.6891212,4.575461,4.002475,3.8633344,3.6677742,3.5954068,4.2086744,4.114051,3.9715917,4.0946445,3.6285882,4.0025516,3.0546854,4.033675,4.027624,3.939871,3.8490376,3.514804,3.4699013,4.538334,4.359962,4.225838,4.206821,5.145276,5.0165453,4.901056,4.2331944,5.7281685,5.270262,4.7177005,5.044487
31,2.6681168,2.2233007,1.9819272,1.9871756,2.9249942,1.9783813,1.8840598,1.9243398,1.5523876,1.935326,3.456256,3.7430499,1.6375537,1.5900668,1.5116645,1.4243459,2.190891,2.9248319,2.4461467,2.4531431,1.2681087,0.44487247,0.42980355,1.2516893,1.9856932,0.9066838,2.0290775,0.753482,2.1681035,2.1681035,0.24479178,0.0,2.3365095,2.3365095,2.411037,2.3860605,3.612114,3.923468,3.5826058,3.2633069,2.717802,2.1731184,2.2518017,2.5151203,2.2372591,2.8385508,2.095004,2.193293,2.2139401,2.5026155,2.5134826,3.1165998,2.6808689,2.8776865,2.8027005,1.8478001,3.4540682,3.3774393,3.3775332,3.3863552,2.7703445,2.716351,1.9166979,1.9166979,2.9609792,2.9064744,2.9938176,2.8671153,3.9392495,3.9392495,3.782114,3.7273507,3.9472258,4.033671,4.0043826,4.0464854,3.6521826,3.6422598,3.694377,4.4469595,3.9128914,4.0303097,3.778304,4.4489427,3.9707444,3.6971724,3.9867504,3.5725589,3.520168,3.6770327,3.805892,3.2923548,3.4760711,3.6162193,3.7342393,4.296164,4.775305,4.7186847,4.6075206,4.023601,3.860042,3.6750026,3.5840743,4.199827,4.1438847,4.0006857,4.1185303,3.6562924,4.0302196,3.1602328,4.0587435,4.0527005,3.9325678,3.8381844,3.495842,3.4506812,4.5428934,4.3618917,4.2416005,4.221136,5.183225,5.0439606,4.933257,4.2917523,5.741364,5.2831216,4.724706,5.039662
