,0,1,2,3,4,5,6,7,8,9,10,11,12,13,14,15,16,17,18,19,20,21,22,23,24,25,26,27,28,29,30,31,32,33,34,35,36,37,38,39,40,41,42,43,44,45,46,47,48,49,50,51,52,53,54,55,56,57,58,59,60,61,62,63,64,65,66,67,68,69,70,71,72,73,74,75,76,77,78,79,80,81,82,83,84,85,86,87,88,89,90,91,92,93,94,95,96,97,98,99,100,101,102,103,104,105,106,107,108,109,110,111,112,113,114,115,116,117,118,119,120,121,122,123,124,125,126,127
0,0.0,1.5059949,3.0121279,2.9244096,3.829779,3.3910341,3.044521,3.0430644,3.3911414,3.4947672,3.9076815,3.5325437,4.206568,4.061326,3.8915305,3.1683776,1.8352703,2.4437692,2.5523188,2.748381,2.3818266,2.1250496,2.5017848,2.643113,3.2826972,3.4141932,2.5770574,2.9160664,2.1237864,2.2363048,2.7082183,2.9072773,3.3313751,3.258394,3.1448443,3.2208743,2.4918582,2.6055288,2.7667475,2.5723004,3.1813858,3.7348042,3.6632574,3.1929438,3.2729344,3.3254244,3.2661972,3.3683996,2.8199015,3.056026,3.02768,3.1920207,3.44684,3.420907,3.7136211,3.9229188,3.5878553,2.3046207,3.2366724,2.5402126,2.4325356,2.3619263,2.7889261,2.7500808,4.329687,3.8145401,3.5941255,3.648672,3.3865628,3.3703675,4.150536,3.5813313,3.0835545,2.9080715,2.6384714,2.7216992,2.7951503,2.7427042,2.650771,2.8553965,2.3047214,2.3942668,2.606302,2.910692,1.8906438,2.1580296,1.9849732,2.1560113,2.9821794,3.0048175,3.0761745,3.2741609,2.46392,2.474697,2.525173,2.3677,3.185501,2.8943968,3.2621887,3.1220777,3.1217773,3.170069,2.8587542,2.6433058,4.080961,4.359791,3.8936908,4.0288253,3.3875625,2.7207053,4.1662545,4.0764213,3.0443604,3.3269687,3.3629003,3.347529,2.7242126,2.632094,2.5019944,2.5174572,3.3149097,3.5297916,3.789007,3.348818,2.7247603,3.7898006,3.390375,3.1432998
1,1.5059949,0.0,2.7265463,2.598505,3.499813,3.0192661,2.6286151,2.641011,3.1494212,3.4368393,3.7005944,3.3299582,3.8946414,3.8611841,3.6756876,2.9347348,1.34744,2.0243049,2.495997,2.706182,2.0152462,1.7803376,2.4568179,2.5533273,2.9416566,3.1020207,2.2440524,2.615146,1.4848851,1.779418,2.6121943,2.4036844,3.1310484,3.0712168,2.9648688,2.9564059,2.191777,2.3078713,2.5082152,2.327667,2.9035532,3.2457483,3.383912,2.8862424,2.9945884,3.0614479,3.0007148,3.1008005,2.4456277,2.643488,2.6942759,2.7862303,3.0456116,3.037133,3.3425875,3.5684347,3.2955983,1.8827127,2.9043252,2.0643754,1.9993268,1.9571841,2.3641446,2.3204858,3.769397,3.5141141,3.2962604,3.3397844,3.0985515,3.1650362,3.5889096,3.2971973,3.27426,2.6677945,2.4380076,2.5132067,2.5684197,2.459411,2.4016058,2.699773,2.1791618,2.253956,2.3596454,2.6248424,1.8613939,2.0147035,1.9461905,2.068996,2.7372859,2.6711316,2.8297594,3.0267143,2.1458206,2.1594024,2.116946,2.010833,2.971857,2.653473,3.0498776,2.96137,2.8534508,2.9237864,2.6354654,2.3787568,3.886795,4.1795096,3.709234,3.7770588,3.2048879,2.5379457,4.0767703,3.8688214,2.829915,3.103632,3.1693306,3.1195757,2.415337,2.329242,2.1730275,2.1825233,3.2842507,3.4812245,3.852773,3.339201,2.4056513,3.6859734,3.1238818,2.916331
2,3.0121279,2.7265463,0.0,0.60830474,1.8781757,2.1334758,1.7295889,1.6439136,1.9244207,2.804921,2.7039251,2.0361211,2.0185552,1.8930773,3.0163205,2.0195115,2.6503239,1.4180738,1.8157856,2.0741513,2.1761749,2.1777077,3.1652577,3.24609,2.2390492,2.3710067,2.0590518,1.5542055,3.089492,3.2581804,3.263141,2.2561142,2.335937,2.3222833,2.1074367,2.3470993,1.904594,1.9557482,2.2577932,2.6703026,2.2581065,2.7137842,2.9140627,2.2485743,2.2387977,2.2856467,2.2897582,2.436796,2.0790834,2.3639965,2.4491005,2.925872,3.295256,3.274712,3.5749183,3.2143753,2.5468566,1.73808,1.7399427,1.860583,2.149018,2.1104822,2.002731,2.4906752,2.8223665,2.3338978,2.2822304,2.314203,2.2663777,1.8778374,2.8545656,2.1094406,2.4386325,1.6593584,2.1971667,2.135812,2.156205,2.0035698,1.9694082,2.3794172,1.9150513,1.9206488,2.0780625,2.3535638,1.8140316,2.1507878,2.1589067,2.3649259,1.4686675,2.0050561,1.7066224,2.0292108,1.8319405,1.8326794,1.9126971,1.9248064,2.7393296,2.7274358,2.7278562,2.6297657,2.6813486,2.7626169,2.4758925,2.073169,2.8574846,3.0860212,2.9833272,3.4374433,2.9286542,3.3427799,3.5282087,3.2712975,2.5425756,2.6778293,2.8345804,2.7988563,1.9533473,1.7497479,1.4721446,1.5970601,2.9427037,2.875615,3.438379,3.0356672,1.8291174,3.292912,2.8649883,2.5560873
3,2.9244096,2.598505,0.60830474,0.0,1.8902515,2.1516263,1.6924942,1.33126,1.6602167,2.5784519,2.5096714,1.8453745,1.9623433,1.8116802,2.8310633,1.8772161,2.3807352,1.3331531,1.7499979,2.128896,1.8986728,2.1541872,3.0267382,3.0076728,2.0481372,2.1505787,1.9615321,1.555643,2.8994472,3.077861,3.0330322,1.9586121,2.3402803,2.3210986,1.9715425,2.25481,1.7891377,1.8294938,2.1467078,2.5648117,2.1513743,2.632217,2.7638366,2.1282845,2.129688,2.1404808,2.205636,2.2184393,1.9027324,2.2467835,2.464536,2.7407758,3.2763357,3.2906682,3.5381339,3.2158794,2.3463285,1.6222137,1.4212855,1.8279717,2.013332,1.9843574,1.852804,2.4774842,2.7735767,2.3161132,2.2066245,2.2546198,2.2356653,1.8738813,2.6985872,2.0797741,2.399142,1.747816,1.8931234,1.8408483,2.0409026,1.8662302,1.8829938,2.2358737,1.9476242,1.7667056,2.1128662,2.4071302,1.8509288,2.1587145,2.1510463,2.3609457,1.5167267,1.9439331,1.6956497,1.9715133,1.7604076,1.7629831,1.8463889,1.847486,2.700146,2.6097026,2.7533603,2.608199,2.6459143,2.6962707,2.382161,2.0722392,2.8738914,3.1340723,2.9682007,3.430429,2.7941282,3.2032223,3.5186093,3.253218,2.5153697,2.6868339,2.6124237,2.5424001,1.5651443,1.3379946,1.3424354,1.450262,2.760474,2.689584,3.304371,2.8483927,1.8555915,3.209397,2.8557582,2.4865975
4,3.829779,3.499813,1.8781757,1.8902515,0.0,2.790726,2.7006178,2.2274222,1.8281413,2.2620046,2.4200559,1.9677613,2.1796339,1.646771,2.4248044,2.8736742,3.1435819,1.9927484,2.0558727,2.3240528,3.0286047,2.9845228,3.3590026,3.4650495,1.4703351,1.7264844,2.1851835,1.5468154,3.7088633,3.865366,3.2998898,2.2380466,2.0016415,2.0545115,1.6946118,1.8992757,2.1345212,2.1140175,2.3181226,3.3813612,1.7109265,2.2599638,2.282496,1.7474251,1.5509268,1.5449586,1.674173,2.0049067,2.212256,2.4403896,2.4971013,2.4039304,2.761449,2.7823212,2.9034145,2.5239224,1.8602059,1.96358,1.7284623,2.0633707,2.6809015,2.6667492,1.91934,3.065558,2.874339,2.4096262,2.432982,2.4330127,3.0206501,3.1530943,2.8400075,2.1757605,1.8004308,2.4574685,2.1487033,2.0844557,1.9904048,1.928885,1.9469132,2.4282067,3.3783057,3.3255613,3.4776976,3.5260532,2.9520524,2.962266,3.0021908,3.2124717,1.825117,1.3793161,1.9652014,2.073605,1.9421909,1.9390366,1.9195683,2.0694644,2.5144403,2.6561568,2.5660603,2.4405468,2.586946,2.655241,2.320444,2.1985967,2.1521666,2.2059739,2.595848,3.5387313,2.7656863,3.328598,2.8546767,2.4268632,2.4070463,2.3333075,2.5714512,2.5022185,2.0098245,1.8597014,1.5482075,1.5824885,2.8405554,2.7517395,3.3704505,2.9204195,1.9458272,2.9977982,2.7177446,2.4139698
5,3.3910341,3.0192661,2.1334758,2.1516263,2.790726,0.0,2.1441064,2.0429034,2.3225248,2.723319,2.5041263,1.7723007,2.9612796,3.106796,2.3000066,1.4095007,3.221625,2.022702,2.0587864,2.240441,1.9568108,1.8849401,2.561353,2.6282532,3.1655638,3.547365,2.0002248,1.819829,2.863277,2.7991014,2.8086357,2.375443,3.0878537,3.1723063,3.3294344,3.4076476,2.6407287,2.7093277,2.8910973,2.4746053,3.3023717,3.5917342,3.7485187,3.2281005,3.299673,3.368847,3.3176877,3.4635189,2.7879784,2.7993467,2.5729685,2.9730241,3.270353,3.2381918,3.63867,3.0517952,3.448017,2.400094,2.059331,2.4184198,2.1828613,2.1314013,2.5416062,2.132776,3.293759,3.0041897,2.9800603,2.9864233,2.7330332,2.7648478,3.5335536,3.0527356,3.589638,3.0521622,2.701359,2.6658266,2.444296,2.1200316,2.3505232,2.844405,2.201564,2.1726987,1.920726,2.0538492,2.093432,1.6485914,1.7268546,1.7019839,3.0866067,3.1501336,3.3171685,3.3413854,2.4690049,2.4730241,2.3689516,2.4809043,3.1570702,3.2352977,3.1580696,3.1087265,3.2372618,3.3915687,2.9871554,2.7601829,3.4409738,3.7028363,3.14297,3.0619273,3.4679484,3.791658,4.155472,4.10827,3.0250962,3.2083325,3.2655187,3.263333,2.6893206,2.519628,2.2686734,2.3632472,3.5274432,3.495381,4.1872754,3.5958757,2.4646568,3.51001,3.262152,2.940008
6,3.044521,2.6286151,1.7295889,1.6924942,2.7006178,2.1441064,0.0,1.6370393,2.2900932,3.011088,2.6978638,2.101921,2.4436538,2.72793,2.9673784,2.1717606,2.4142146,1.7870761,2.3392625,2.0892305,1.9289502,2.2889545,3.0474286,2.9557424,2.7438705,2.8753834,2.0618255,1.997144,2.6472144,2.6255739,2.972168,2.0491505,2.1262712,2.1293042,2.3592808,2.4734507,1.8020394,1.9186214,2.1440122,2.254581,2.6939757,2.772043,3.236008,2.5567603,2.6218371,2.763805,2.7584968,2.4975536,2.312725,2.3089259,2.5088322,3.0616975,3.418398,3.27825,3.6379678,3.5770996,2.5879729,2.0282292,1.9824164,2.2723947,2.161694,2.1300385,2.2589993,2.0239496,2.7068858,2.3677945,2.336789,2.376627,2.4935985,2.1385372,2.9062777,2.597473,3.055629,2.3514857,2.4961083,2.4366083,2.4084556,1.9529157,1.8979552,2.6807222,2.131477,1.8842851,1.8006194,2.1922228,2.0649176,1.93909,2.2693565,2.043287,2.314795,2.6394737,2.4255013,2.6549408,2.2702835,2.2766747,2.2784617,2.2860475,3.024486,2.747486,2.8487315,3.0037684,3.0045695,3.2466698,2.7782044,2.6087642,3.3604453,3.582384,3.3398674,3.6259055,3.2574801,3.2943494,3.631377,3.6643164,2.778142,2.808764,3.4785435,3.505453,2.0749388,1.9808302,1.9971012,2.0653937,3.6368105,3.7587383,3.986432,3.729816,1.7787156,3.057041,2.8599396,2.4305708
7,3.0430644,2.641011,1.6439136,1.33126,2.2274222,2.0429034,1.6370393,0.0,1.9855235,2.774801,2.186634,1.4309249,2.111575,1.9492656,2.518911,2.3191803,2.349448,1.8173817,1.6773372,2.030339,2.091197,2.468565,3.1980083,3.08197,2.0130558,2.4760063,1.7560232,1.989428,2.7457812,2.7078614,2.9844143,1.4797578,2.1424274,2.1649153,2.1057668,2.4124143,1.9986203,2.0597262,2.2947567,2.7241354,2.2554872,2.7284694,2.8275816,2.1805663,2.3178506,2.3801947,2.312161,2.189396,2.2742662,2.3485835,2.402708,2.7926784,3.4772727,3.441363,3.6605167,3.498776,2.0250068,1.7237728,1.521811,2.0189028,2.157953,2.1339302,2.0338786,2.5269158,3.21984,2.8227096,2.7320583,2.767815,3.101097,2.8378785,3.308108,2.945228,2.6657405,2.3682234,2.1329458,2.1357696,2.1927605,1.7009244,2.0532544,2.4889798,2.329121,2.0785167,2.1333888,2.3941903,2.177775,2.1118035,2.3960078,2.2664845,1.9241853,2.1869817,2.0266955,1.9271647,2.0544627,2.0591846,2.0797994,2.0961182,2.9165635,2.6881914,2.9588225,2.8517594,2.910314,3.095851,2.5960453,2.4423888,3.1179962,3.3211548,3.195897,3.639511,3.076894,3.221185,3.3988004,3.3346825,2.714663,2.8660274,2.8049865,2.7476947,1.7370921,1.5469809,1.7402779,1.8589648,3.0455313,3.1797044,3.8928318,3.1286936,2.0781817,3.247777,3.049058,2.6044464
8,3.3911414,3.1494212,1.9244207,1.6602167,1.8281413,2.3225248,2.2900932,1.9855235,0.0,1.2898899,2.118353,1.612545,2.3910885,2.1169593,2.170925,1.9088174,2.8444536,1.8011546,2.0335019,2.266986,2.1420407,2.458198,2.8278787,2.6957538,2.2401602,2.3124099,2.0732546,1.507967,3.193714,3.320666,2.7248657,1.9914225,2.6078575,2.6540082,2.3266225,1.9356745,1.7483184,1.6724216,2.022836,2.5022879,2.6033986,2.9968126,2.9138782,2.5147276,2.3961048,2.3713276,2.6039124,2.5767753,2.0260782,2.0766196,2.5960789,2.4230225,2.926033,2.959833,3.053805,2.7084613,2.5269952,2.014034,1.3838325,2.10935,1.7078924,1.7197744,1.2759709,2.0812366,3.012106,2.583988,2.4411523,2.5344787,2.6202478,2.6605444,2.2600255,2.3712428,2.4794145,2.3264554,1.9319655,1.8442696,2.0009413,2.0228822,1.8308822,2.323691,2.7111175,2.3902097,2.985764,3.1341386,2.4862347,2.4730077,2.399558,2.6853354,2.3450882,2.1955504,2.4868586,2.5914762,1.8399824,1.8416991,1.8775347,1.8800337,2.515565,2.4725618,2.5690675,2.4547641,2.5594451,2.589433,2.3281202,2.1497788,2.5892923,2.8708432,2.6444902,3.2095537,2.5959709,3.1928415,3.4137852,3.1172285,2.3662977,2.488398,2.5729258,2.5019896,1.1741048,1.3872917,1.5119674,1.4937809,2.7848082,2.6315925,3.3541007,2.8515291,1.9528524,2.7812252,2.4400365,2.3030128
9,3.4947672,3.4368393,2.804921,2.5784519,2.2620046,2.723319,3.011088,2.774801,1.2898899,0.0,2.38335,1.9778174,2.9951549,2.8570397,1.7225219,2.2640042,3.0969827,2.243816,2.47323,2.6421058,2.4581134,2.703339,2.3305528,2.186355,2.5313034,2.584769,2.2875843,1.8060485,3.4082317,3.4910831,2.2386131,2.3736422,2.8849232,2.9418445,2.7451537,2.3893795,2.2226188,2.1615462,2.420154,2.8278756,2.8719444,3.1806078,3.1407635,2.8073409,2.628202,2.591129,2.8830533,2.8586617,2.3157806,2.3476248,2.7495747,2.1656854,2.480926,2.5604787,2.6052465,2.2077882,2.828976,2.387116,1.8307064,2.4315333,2.2057762,2.186439,1.855244,2.419081,3.193377,2.8520744,2.6972473,2.7787561,2.8764868,3.2979586,2.5530438,2.5944889,2.5538206,3.0986907,2.0453823,2.0162094,2.1912868,2.1964462,2.0298438,2.4426844,3.3896816,3.113293,3.614636,3.729698,3.0141542,2.796458,2.613857,2.9459732,3.0871727,2.5355594,3.2023435,3.2668314,2.1845,2.1856546,2.130895,2.1898704,2.7495456,2.7515643,2.8161628,2.7206357,2.8450744,2.8368766,2.606986,2.493212,2.8388865,3.1048567,2.8738098,3.4149942,2.8322148,3.3408332,3.5339968,3.3455744,2.6120641,2.732419,2.8256853,2.7437184,1.7281088,1.8708194,1.9745106,1.904518,2.9889452,2.8287072,3.500834,3.0314384,2.323357,2.9834912,2.6636572,2.5549963
10,3.9076815,3.7005944,2.7039251,2.5096714,2.4200559,2.5041263,2.6978638,2.186634,2.118353,2.38335,0.0,1.4429433,2.4811163,2.383419,1.9225334,2.558633,3.330973,2.4827766,2.437966,2.6208613,2.7562063,2.9493349,3.2415078,3.205301,2.5372417,3.025743,2.3226027,2.1825747,3.5592666,3.489801,2.9937296,2.1967404,2.371262,2.5892494,2.5978818,2.7594278,2.4966514,2.5866513,2.1913457,2.7001739,2.8219419,3.1154902,2.4626048,2.8079722,2.6553946,2.756972,2.8502707,2.7604191,2.810111,2.7003257,2.6119294,2.8280764,3.2460566,3.264188,3.464925,3.0984948,2.5254385,2.370055,1.949518,2.542086,2.816991,2.7843137,2.4456968,2.9822683,3.3225045,2.9093304,2.9943712,2.9769382,3.4106977,3.5991437,3.5796902,3.082198,2.9225376,3.0779157,2.6273026,2.5370371,2.587575,1.9265821,2.2708285,2.6790926,3.2347736,3.0433667,3.0474963,3.2534785,3.0262713,2.666829,3.0011628,2.888296,2.781412,2.6227458,2.8571687,2.7332609,2.3930237,2.3912244,2.592509,2.5901463,2.3368733,2.2770088,2.3983471,2.3347483,2.473754,2.7192643,2.1535907,2.7839422,2.0128148,2.420071,2.4458513,2.9278018,2.5514188,3.1094306,2.567016,2.740496,2.1232111,2.3041065,2.467291,2.3380218,2.391386,2.2469466,2.3715997,2.3854065,2.5965028,2.7257931,3.5314853,2.676741,2.673149,2.806199,2.4611216,2.0319185
11,3.5325437,3.3299582,2.0361211,1.8453745,1.9677613,1.7723007,2.101921,1.4309249,1.612545,1.9778174,1.4429433,0.0,1.9848609,1.9430996,1.3670018,1.986545,3.018978,1.9916772,1.8551453,2.0639384,2.259878,2.6111033,2.9039345,2.8021145,2.232433,2.6951706,1.8388401,1.6933595,3.3213642,3.2341104,2.7132099,1.8102797,2.1348162,2.2522058,2.3788912,2.603335,2.29535,2.345977,2.4563293,2.87126,2.6006165,2.9387484,2.970626,2.5153904,2.4742832,2.5368078,2.625004,2.4950888,2.3518467,2.2142766,2.256425,2.523805,3.0015087,2.984741,3.1894884,2.7508278,2.171019,2.015389,1.3429006,2.1272056,2.4291234,2.3846896,2.1686697,2.5501304,2.9636612,2.527939,2.5101316,2.5294495,2.9399116,3.0587945,3.258077,2.7190554,2.628587,2.787006,2.249156,2.2183108,2.224201,1.5467428,1.9665239,2.4223943,2.8735397,2.6512942,2.687404,2.916221,2.655715,2.271441,2.5081093,2.4343235,2.537359,2.408839,2.6499557,2.5405889,2.1095943,2.1081474,2.1105437,2.2005541,2.8025837,2.7238114,2.7922883,2.7264845,2.8398237,3.055756,2.6028,2.4641218,2.6458268,2.9053946,2.8995278,3.362995,2.9888072,3.4712307,3.1284468,3.2060351,2.6090784,2.7873423,2.8850057,2.7979128,1.9491025,1.7692584,1.9178894,1.9905887,3.0017292,3.0475354,3.8501253,3.0795631,2.2102401,3.1763089,2.8222466,2.5170233
12,4.206568,3.8946414,2.0185552,1.9623433,2.1796339,2.9612796,2.4436538,2.111575,2.3910885,2.9951549,2.4811163,1.9848609,0.0,1.587729,2.9003952,2.9543388,3.451136,2.4605396,3.0251987,3.1799467,3.1590908,3.3751361,3.9198241,3.864275,2.316909,2.643728,2.753631,2.4326746,4.0326343,4.0232444,3.6732533,2.6348846,2.1975892,2.209902,2.5841146,2.6670408,2.6752574,2.7038438,2.842108,3.6087785,2.5289707,2.475042,2.9996495,2.5586023,2.418254,2.4884808,2.5642107,2.5321004,2.880529,2.824737,2.7172737,3.3416467,3.727395,3.7367096,3.9199123,3.542838,2.293335,2.5886295,2.1777992,2.6589,3.1464305,3.1244228,2.7692482,3.4117491,2.5522833,2.6008606,2.6571872,2.6713493,3.241683,3.036296,2.8678422,2.8049688,2.7322,2.6997595,2.9300508,2.8547897,2.9298632,2.3810072,2.6474476,2.9711187,3.3087263,3.157426,3.145333,3.3990102,3.363036,3.3276613,3.526725,3.4785826,2.1602561,2.4200022,2.1666894,2.1936648,2.6855268,2.6815014,2.768992,2.81202,3.4094477,3.2785811,3.3618832,3.365696,3.340734,3.48802,3.2242565,3.0352898,3.0673764,3.2180555,3.542409,4.1786656,3.5677745,4.021512,3.292709,3.4034114,3.252915,3.1672995,3.3463557,3.264289,2.5022988,2.3808856,2.4392974,2.4999335,3.5211515,3.4925213,4.0836062,3.6282606,2.6620429,3.6079824,3.3216372,3.0537276
13,4.061326,3.8611841,1.8930773,1.8116802,1.646771,3.106796,2.72793,1.9492656,2.1169593,2.8570397,2.383419,1.9430996,1.587729,0.0,2.8951576,3.062181,3.357932,2.445255,2.3301167,2.5497868,3.2204142,3.4493973,4.0052133,3.9767406,1.7957084,2.0517795,2.4449506,2.2676227,4.109279,4.2325053,3.81728,2.4578922,2.3794208,2.416681,1.9369442,2.229241,2.4867275,2.4888234,2.6373534,3.6383443,2.2249353,2.5996666,2.6142714,2.1380577,2.1040635,2.1404214,2.2565987,2.1423469,2.4553795,2.7017543,3.0495946,3.161218,3.639314,3.6166093,3.7191427,3.4592144,2.0459757,2.3065214,1.9046077,2.4265757,3.0671334,3.0455174,2.4661822,3.4151928,3.4676304,3.0967188,3.1180573,3.1342845,3.5257027,3.37545,3.387926,2.9520013,2.1762784,2.2853134,2.5028975,2.4740539,2.7153668,2.5461974,2.4992747,2.830389,3.2894683,3.1787264,3.4850442,3.6807587,3.1686547,3.3993855,3.443642,3.6434789,1.7608668,2.0242295,1.8090172,1.5955254,2.4121418,2.4057524,2.5500062,2.5645685,3.0425088,3.0487857,3.0215518,2.9453444,3.0257828,3.0515146,2.8520901,2.680516,2.6268318,2.7829857,3.2044244,4.016215,3.044478,3.7245069,3.2307847,2.9253573,2.8735528,2.8538299,3.0499043,2.9303188,2.1826973,2.055215,2.1348536,2.2478552,3.1603363,3.04974,3.9990036,3.2525613,2.4155815,3.4206247,3.0848176,2.817719
14,3.8915305,3.6756876,3.0163205,2.8310633,2.4248044,2.3000066,2.9673784,2.518911,2.170925,1.7225219,1.9225334,1.3670018,2.9003952,2.8951576,0.0,2.409823,3.4141943,2.5684755,2.4662924,2.6135423,2.6994042,2.981905,2.6146004,2.5072014,2.654267,3.063593,2.2040365,2.08853,3.6263616,3.5267825,2.5129807,2.3474052,2.6641681,2.7914145,2.9431963,3.069386,2.8299682,2.8410401,2.9309547,3.2834187,3.0426025,3.2716753,3.3092759,2.9614387,2.84838,2.8976898,3.0895486,2.925091,2.7252085,2.5186534,2.587504,2.3383684,2.51799,2.5515342,2.695441,2.1835437,2.6026042,2.4913058,1.8900553,2.4937246,2.8562698,2.7995436,2.5933285,2.8662095,3.2100766,2.8848078,2.8445063,2.8601277,3.2494485,3.782863,3.517311,3.00077,3.0281944,3.6486175,2.553268,2.5804734,2.5983853,1.9179713,2.342717,2.638095,3.6949627,3.5056884,3.516339,3.705581,3.3178356,2.7225022,2.872324,2.8392892,3.415267,2.8666344,3.5252855,3.4251754,2.5653484,2.5621133,2.486181,2.6254356,3.0880933,3.0444999,3.1023884,3.0537887,3.1625254,3.3639655,2.938829,2.8413615,2.908278,3.199431,3.2372043,3.630475,3.278892,3.690246,3.3511176,3.4750404,2.9835365,3.1309562,3.2588246,3.139601,2.464985,2.341486,2.4678123,2.481018,3.276172,3.329074,4.0320134,3.322319,2.7202618,3.4773135,3.1267543,2.9074743
15,3.1683776,2.9347348,2.0195115,1.8772161,2.8736742,1.4095007,2.1717606,2.3191803,1.9088174,2.2640042,2.558633,1.986545,2.9543388,3.062181,2.409823,0.0,2.9341402,1.7915273,2.2004087,2.3697858,1.3180898,1.7630988,2.1931677,2.1076992,3.1943257,3.2526572,2.1824353,1.7374052,2.875525,3.0105956,2.511477,2.478538,3.3028483,3.3557243,3.1712394,3.2506955,2.4430897,2.4936633,2.6750476,2.1275234,3.3291101,3.586753,3.6703718,3.2543263,3.240465,3.2734528,3.3577793,3.326677,2.2975662,2.5141315,2.833629,2.791232,3.0986605,3.1159241,3.4600585,2.8743198,3.489697,2.3105812,1.7963017,2.3364708,2.0606844,2.0023818,2.4222834,2.0756674,2.9985552,2.6863458,2.5887349,2.629398,1.8400905,2.0419636,2.973799,2.4273882,3.428073,2.7476742,2.267779,2.2348638,2.3837411,2.314643,2.1965787,2.5655088,1.9745809,1.7417787,2.142763,2.4526238,1.9685376,1.9006528,1.6059387,1.9925691,3.0682662,3.11895,3.2666461,3.4292543,2.2831821,2.2851992,2.2832708,2.3245807,2.960189,3.00884,2.973905,2.9132335,2.995458,3.0090256,2.7868311,2.5482087,3.3266895,3.6796777,3.0852032,2.970801,3.001093,3.5546143,4.2464395,4.0642734,2.8692846,3.1005304,3.0885623,3.059121,2.259031,2.115703,2.1133046,2.1690567,3.2238438,3.0362265,3.6674654,3.2833366,2.3751361,3.3373504,2.9981494,2.7436023
16,1.8352703,1.34744,2.6503239,2.3807352,3.1435819,3.221625,2.4142146,2.349448,2.8444536,3.0969827,3.330973,3.018978,3.451136,3.357932,3.4141943,2.9341402,0.0,1.7263974,2.3176546,2.4507282,1.8271102,2.067979,2.4127727,2.360241,2.3601313,2.3557947,2.0464094,2.4493206,1.8396423,2.1748073,2.3869557,2.028409,2.694767,2.5938544,2.2712443,2.471959,1.8557892,2.0231423,2.1378164,2.3999026,2.3477762,2.650746,2.8233674,2.3253767,2.4354396,2.4982858,2.3834736,2.382256,1.8341815,2.26458,2.7294002,2.4259079,2.8918529,2.8558018,3.0814764,3.41684,2.626064,1.5577241,2.5178337,1.9305757,2.2206824,2.1887114,2.273638,2.6030974,3.379057,3.1389961,2.9457295,2.9769604,2.923615,3.006794,3.2566426,2.9187992,2.613781,2.3260124,1.727206,1.8096792,2.0436451,2.1956363,1.8792299,2.2615035,2.406677,2.2797484,2.6669722,3.0293865,2.1033337,2.3737907,2.2509537,2.4639986,2.362981,2.1892538,2.322898,2.4931312,1.8246143,1.8370482,1.8236116,1.7506601,2.6405947,2.2561872,2.6624227,2.6222963,2.5415018,2.526781,2.2739959,2.1734054,3.54019,3.7261798,3.4878414,3.7813044,2.6519547,2.0473294,3.6739793,3.3570478,2.633331,2.6758647,2.800881,2.8035262,1.8846977,1.718889,1.8079443,1.8036695,3.0137475,3.1496615,3.4724205,3.0784223,1.9479833,3.0005848,2.7304602,2.40337
17,2.4437692,2.0243049,1.4180738,1.3331531,1.9927484,2.022702,1.7870761,1.8173817,1.8011546,2.243816,2.4827766,1.9916772,2.4605396,2.445255,2.5684755,1.7915273,1.7263974,0.0,1.5745499,1.7428359,1.3543915,1.2578794,2.0544798,2.187918,1.9493405,2.0617883,1.418258,1.0446308,2.3516297,2.6139216,2.3250263,1.8081893,2.1800878,2.1449099,1.973742,2.1169236,1.3901641,1.5773883,1.7453443,2.0299354,2.0260832,2.3305044,2.5654068,1.9916146,1.9797233,2.0342264,1.9885337,2.2760615,1.3388103,1.7792217,2.1114032,2.0977333,2.3661332,2.3447022,2.7036674,2.4794877,2.4383335,1.0764117,1.6176559,1.2791878,1.6782459,1.6306075,1.6182175,1.99745,2.5002291,2.1859577,2.094186,2.1005914,1.9478245,2.0646262,2.5481849,1.9068874,2.1560123,1.6071336,1.3321326,1.2398317,1.196331,1.4079306,0.93677443,1.6004256,1.8387201,1.8077148,2.10093,2.4844894,1.5561604,1.7546374,1.531489,1.9479018,1.7638966,1.6557057,1.8616781,2.113149,1.0103362,1.0201689,0.925347,1.0579481,2.0984597,2.0583467,2.0332358,1.9909567,2.0309613,2.0257246,1.7699621,1.4663227,2.6469934,2.8536127,2.6684687,3.01281,2.2783778,2.4693973,3.2985578,2.9424555,2.016531,2.058294,2.3234007,2.336577,1.5150979,1.2248927,0.7231901,0.7686253,2.530044,2.445995,3.0275936,2.6243556,1.1088413,2.5906088,2.1423726,1.8312871
18,2.5523188,2.495997,1.8157856,1.7499979,2.0558727,2.0587864,2.3392625,1.6773372,2.0335019,2.47323,2.437966,1.8551453,3.0251987,2.3301167,2.4662924,2.2004087,2.3176546,1.5745499,0.0,1.0021701,2.0423517,2.0477815,2.6218882,2.7232819,2.1241438,2.4260159,1.4896978,1.6132536,2.7802067,2.9378486,2.770937,1.9005277,2.5323942,2.5738,2.0328052,2.4270196,1.9683194,2.050117,2.2041507,2.557816,2.2818978,3.0812154,2.8098571,2.2579584,2.36919,2.4198663,2.2150283,2.4807055,1.8491935,2.2226124,2.5097272,2.3785782,2.8511817,2.7753801,3.029922,2.8250499,2.4682775,1.4043877,1.7408928,1.6415124,2.074321,2.0140297,1.9115105,2.390456,3.6549938,2.9742367,2.889765,2.9051478,2.8918054,2.9687686,3.6553545,2.730458,2.1895645,2.1244981,1.6777157,1.7411072,1.5695822,1.8630536,1.7013289,2.1509461,2.186556,2.2116978,2.4867337,2.6865594,1.6022296,1.8017409,1.6852795,2.0485506,2.0498016,1.9843771,2.2457566,2.2020364,1.5207978,1.5228025,1.5332712,1.5810374,2.2519825,2.348029,2.2910888,2.0905817,2.342198,2.4005501,2.004783,1.7602212,2.686803,2.8090475,2.6829002,3.1042325,2.374543,2.703568,3.3699253,2.9391904,2.1702724,2.3594759,2.4181232,2.45194,1.9183065,1.6698207,1.3673036,1.5165812,2.5977595,2.6183684,3.4831874,2.6550858,1.6847196,2.8788023,2.5688078,2.2440515
19,2.748381,2.706182,2.0741513,2.128896,2.3240528,2.240441,2.0892305,2.030339,2.266986,2.6421058,2.6208613,2.0639384,3.1799467,2.5497868,2.6135423,2.3697858,2.4507282,1.7428359,1.0021701,0.0,2.175252,2.2269392,2.6904643,2.782567,2.437109,2.6041672,1.524416,1.7275021,2.9646223,3.1073153,2.8850305,2.1466687,2.4540672,2.5026302,2.044265,2.3654857,1.903311,2.0302727,2.1527624,2.4898355,2.5172255,3.0635424,3.0219467,2.3772154,2.5098863,2.6306655,2.4477217,2.5280066,1.8249763,2.1682885,2.7248807,2.6006892,2.8157344,2.5913022,2.92604,2.8894117,2.615518,1.6518484,1.9750538,1.858738,2.2658598,2.1990056,2.127004,2.1678975,3.6676323,3.0077648,2.9793332,2.9888308,2.9310353,3.0316005,3.7087483,2.8352823,2.3318012,2.1437013,1.9192033,1.9589051,1.762587,2.0944798,1.5534993,2.3118908,2.3456821,2.3743415,2.6290262,2.903048,1.794063,1.9524814,1.8544182,2.1886885,2.311334,2.2634857,2.4730525,2.445791,1.7567729,1.7584246,1.7306712,1.792751,2.3915682,2.4598162,2.1635144,2.2391067,2.4813032,2.5765567,2.2242901,1.9729515,2.826406,2.9076464,2.8782537,3.2711494,2.5046341,2.8083463,3.4636579,3.0738657,2.1966763,2.2673326,3.0341823,3.1170948,2.135817,1.9589666,1.6421322,1.7771796,3.1253955,3.1548178,3.8683898,3.1942744,1.3412945,2.7220008,2.3851902,2.0860424
20,2.3818266,2.0152462,2.1761749,1.8986728,3.0286047,1.9568108,1.9289502,2.091197,2.1420407,2.4581134,2.7562063,2.259878,3.1590908,3.2204142,2.6994042,1.3180898,1.8271102,1.3543915,2.0423517,2.175252,0.0,1.2871921,1.7834201,1.6218415,2.8718815,2.8794053,1.8579016,1.8385339,1.9928885,2.2453365,1.9874166,1.9776086,3.0373945,3.0283682,2.7956312,2.9631705,2.0467427,2.1947377,2.3478086,1.8086514,3.007698,3.2214305,3.3835647,2.8965259,2.962452,3.0022721,3.040568,2.955939,1.7460881,2.0877683,2.6110902,2.3775136,2.8332267,2.8300564,3.1570895,2.9751766,3.1652946,1.809057,1.9441336,1.978556,1.8293197,1.7837831,2.2307572,1.9396971,2.9788017,2.721379,2.5544627,2.5853748,1.9493246,2.1373944,2.9873023,2.492141,3.1624584,2.3883665,1.7507426,1.742325,2.0159447,2.0523074,1.7719796,2.269978,1.7156976,1.4096724,1.9898833,2.3860414,1.6810781,1.7486831,1.4025348,1.8085274,2.8210585,2.790041,2.9171257,3.08096,1.8475224,1.8573908,1.7932293,1.8026032,2.6990376,2.5619574,2.7028618,2.6660602,2.653499,2.6375973,2.4394722,2.1882815,3.4179692,3.7408147,3.1226363,3.04897,2.6935132,2.8314965,4.076855,3.83781,2.6571171,2.8891864,2.8932378,2.8664625,1.8502302,1.6370338,1.7759995,1.8041427,3.0991724,3.0174549,3.559075,3.165457,1.9944199,3.0898776,2.6983275,2.4352653
21,2.1250496,1.7803376,2.1777077,2.1541872,2.9845228,1.8849401,2.2889545,2.468565,2.458198,2.703339,2.9493349,2.6111033,3.3751361,3.4493973,2.981905,1.7630988,2.067979,1.2578794,2.0477815,2.2269392,1.2871921,0.0,1.6341915,1.937928,2.883454,3.0797508,1.7533705,1.6542429,1.9092623,2.1483102,2.2536159,2.3434935,3.0104349,3.0017807,2.9993768,2.952261,1.9810915,2.1523244,2.235925,1.6406863,2.9390001,3.1956046,3.2677724,2.8761816,2.9179857,2.9766452,2.9642665,3.236145,2.158165,2.4215713,2.4362018,2.5503929,2.6552103,2.6639824,3.10824,2.8749065,3.4506783,1.7810644,2.380648,1.8557475,1.5982617,1.5371106,2.1160686,1.8062402,3.2367816,2.9766078,2.868327,2.87618,2.3194852,2.4618757,3.1877785,2.733599,3.10151,2.329612,2.0710535,2.0106819,1.9276942,1.9705303,1.7181637,2.1595073,1.5161828,1.6658542,1.8079542,2.1842153,1.3505456,1.4252956,0.96868306,1.5011849,2.6666336,2.6396425,2.8178616,3.0110586,1.7109777,1.7225872,1.6572523,1.6689504,2.463487,2.4491146,2.4702907,2.4074621,2.431468,2.422324,2.176475,2.0043988,3.2653143,3.5993567,2.9621315,2.8567328,2.769198,2.660536,3.930068,3.700184,2.440951,2.595052,2.72266,2.713787,2.276214,2.1058645,1.680482,1.6943536,2.8914034,2.8423975,3.3498704,2.96075,1.9619191,3.0028327,2.5803251,2.33627
22,2.5017848,2.4568179,3.1652577,3.0267382,3.3590026,2.561353,3.0474286,3.1980083,2.8278787,2.3305528,3.2415078,2.9039345,3.9198241,4.0052133,2.6146004,2.1931677,2.4127727,2.0544798,2.6218882,2.6904643,1.7834201,1.6341915,0.0,0.70097405,3.140159,3.1934538,2.0666955,2.074302,2.3273072,2.5047057,1.4432572,2.6539266,3.366354,3.3719716,3.299607,3.319601,2.4842622,2.597056,2.6989393,2.2596898,3.1771421,3.3178627,3.5025544,3.0975006,3.104789,3.13804,3.2429736,3.3179119,2.4046896,2.7818732,2.9067736,2.2951732,2.290872,2.3266466,2.7424624,2.5494668,3.6552799,2.35722,2.5488257,2.4505618,2.3348587,2.2623587,2.6734023,2.3649309,3.4529939,3.2923672,3.156079,3.1685417,2.6436431,3.2077584,3.3835983,2.9451745,3.2369738,3.3512592,2.0511181,2.0905287,2.2562807,2.3258786,2.0379944,2.447591,2.8284476,2.7572517,3.0018258,3.213498,2.427465,2.2387788,1.7203526,2.2248888,3.5250993,3.0720382,3.6478677,3.7803283,2.3503637,2.3593383,2.2013817,2.287189,2.9663565,2.9670682,2.9954264,2.978662,3.045061,2.959335,2.7234519,2.6860096,3.699143,4.0071955,3.3572643,3.3368,3.1226466,3.0343914,4.2607303,4.0987225,2.8954515,3.0231824,3.165992,3.1377947,2.5685606,2.416089,2.258756,2.224993,3.3419862,3.2515514,3.6924472,3.3806233,2.4070005,3.2636423,3.0472054,2.7027092
23,2.643113,2.5533273,3.24609,3.0076728,3.4650495,2.6282532,2.9557424,3.08197,2.6957538,2.186355,3.205301,2.8021145,3.864275,3.9767406,2.5072014,2.1076992,2.360241,2.187918,2.7232819,2.782567,1.6218415,1.937928,0.70097405,0.0,3.1919775,3.1834939,2.1664162,2.2469895,2.337629,2.482874,1.2835168,2.5330677,3.4390528,3.4426415,3.313552,3.3247204,2.5112712,2.595815,2.76177,2.304247,3.2725322,3.3827243,3.6209042,3.1703796,3.1932788,3.213217,3.3470705,3.2544858,2.3837183,2.742327,3.0458546,2.3277493,2.5394335,2.5680525,2.8947158,2.7529826,3.5882792,2.4655218,2.4066787,2.5993114,2.3416126,2.2797315,2.6926012,2.353583,3.4285686,3.3088555,3.1318867,3.1683555,2.6585288,3.1826417,3.2475817,3.001871,3.3579907,3.4626951,2.0010111,2.0674496,2.376976,2.4241207,2.1560695,2.5708697,2.9275217,2.695729,3.0796094,3.2985337,2.5854445,2.3814802,1.9238269,2.3519886,3.6434782,3.2105148,3.7483964,3.8586514,2.5049813,2.5141237,2.3585887,2.4277122,3.17701,3.0894313,3.2107491,3.2020423,3.2513797,3.1750183,2.9324396,2.874823,3.8866317,4.189839,3.5336514,3.528645,3.2192981,3.1872275,4.405617,4.265614,3.0679872,3.2230675,3.2934554,3.2610457,2.3928373,2.289572,2.368303,2.3345418,3.4984672,3.4110131,3.8744578,3.535222,2.499846,3.341735,3.1836753,2.8260486
24,3.2826972,2.9416566,2.2390492,2.0481372,1.4703351,3.1655638,2.7438705,2.0130558,2.2401602,2.5313034,2.5372417,2.232433,2.316909,1.7957084,2.654267,3.1943257,2.3601313,1.9493405,2.1241438,2.437109,2.8718815,2.883454,3.140159,3.1919775,0.0,1.0097517,1.7403922,1.8431461,3.195418,3.3655908,2.9799578,1.8312984,1.8374513,1.8035518,1.3004744,1.5960677,1.8185008,1.8512566,2.0264904,3.2334418,1.0179424,1.5125624,1.6504182,0.8630635,0.8683272,0.88454866,1.2431756,1.2348785,2.0080984,2.4461827,2.5899143,2.2886581,2.7650154,2.7955515,2.9072926,2.9498749,1.4529117,1.5996863,1.778072,1.8809073,2.582617,2.5618393,1.9061116,3.1087024,3.2734702,3.0115983,2.957439,2.9633038,3.4628031,3.5344136,3.0928562,2.7701879,1.515145,2.417155,1.6996466,1.7144806,2.051413,1.8139708,1.8047913,2.1910398,3.3078005,3.220023,3.4409955,3.591527,2.9162374,3.0449958,3.0423293,3.255913,1.5651579,0.9897949,1.5498924,1.4175417,1.8636578,1.8655301,1.8857753,1.9503868,2.5906968,2.478127,2.6753426,2.5637844,2.605435,2.5846534,2.2144668,2.2692125,2.595311,2.793312,3.0111961,3.8934352,2.75931,2.8553023,2.8720934,2.5266175,2.4458232,2.339927,2.4943094,2.3180432,1.6636161,1.4800869,1.4517728,1.4885947,2.721245,2.7395444,3.4775474,2.8022761,1.9091116,2.9945674,2.811693,2.325282
25,3.4141932,3.1020207,2.3710067,2.1505787,1.7264844,3.547365,2.8753834,2.4760063,2.3124099,2.584769,3.025743,2.6951706,2.643728,2.0517795,3.063593,3.2526572,2.3557947,2.0617883,2.4260159,2.6041672,2.8794053,3.0797508,3.1934538,3.1834939,1.0097517,0.0,2.113098,2.0132205,3.3423624,3.6665912,3.0257683,2.1179187,2.3280342,2.2610748,1.2267295,1.6368028,1.8987147,1.9121972,2.1696765,3.3381357,1.3116273,1.5935302,1.9275243,1.0961918,1.0991361,1.0394324,1.5007691,1.1959188,1.7059265,2.4874372,3.0257242,2.3068063,2.8316145,2.851724,2.920116,3.039398,1.848899,1.8667927,1.9053162,2.146018,2.79357,2.7823966,2.127126,3.2619023,3.2382984,3.0059757,2.9270167,2.9416685,3.215193,3.3218467,2.84062,2.4846966,1.6084994,2.350142,1.5318986,1.5639081,2.1955523,2.3533452,1.9336011,2.4278634,3.4415205,3.2951028,3.7759686,3.8938928,3.0696728,3.4041984,3.215519,3.6163516,1.8320229,1.3336009,1.8007128,1.8942416,2.0432196,2.0456524,2.0508053,2.1038067,2.7520912,2.6996443,2.8111432,2.7533503,2.7693493,2.5898604,2.4342797,2.4050415,2.863094,3.0357459,3.1193624,4.0081043,2.7021363,2.9748182,3.356818,2.790827,2.6360102,2.5155096,2.7742712,2.6288624,1.6227262,1.463848,1.5999132,1.614091,3.0563517,2.9094863,3.5211737,3.1305504,1.8984373,3.0467973,2.8860235,2.4327152
26,2.5770574,2.2440524,2.0590518,1.9615321,2.1851835,2.0002248,2.0618255,1.7560232,2.0732546,2.2875843,2.3226027,1.8388401,2.753631,2.4449506,2.2040365,2.1824353,2.0464094,1.418258,1.4896978,1.524416,1.8579016,1.7533705,2.0666955,2.1664162,1.7403922,2.113098,0.0,1.1933615,2.2745028,2.4069993,2.1909778,1.4895947,2.2381468,2.269697,2.0489028,2.0907655,1.4496633,1.5677899,1.7826345,2.158928,2.031159,2.2537045,2.470462,1.7487354,1.9433033,2.0661843,2.1949427,2.0879123,1.6994083,2.130811,2.3528576,2.1222043,2.401997,2.3156385,2.6853747,2.6695964,2.4245105,1.2444683,1.5031524,1.468772,1.7265317,1.659491,1.6954801,1.8855591,3.4176097,3.1392603,3.0786557,3.088948,3.0196002,3.1611254,3.2549431,2.9119914,2.353459,2.3112721,1.513572,1.5694453,1.8337612,1.5855917,1.2880435,2.0760677,2.3116617,2.2968667,2.4854217,2.6809258,1.9324918,1.9664991,1.8156961,2.136982,2.148431,1.949354,2.305575,2.1875541,1.5878881,1.5945333,1.5409033,1.5874555,2.4385076,2.3877091,2.4011083,2.4336262,2.5126991,2.521542,2.122417,2.0445843,2.880874,3.2263188,2.8411937,3.231931,2.6887197,2.7032259,3.436878,3.2167115,2.2570884,2.276001,2.794007,2.687701,1.6585382,1.4967899,1.2678008,1.3880764,2.999624,2.9988694,3.8187747,3.0757658,1.3872654,2.7806911,2.5192206,2.023658
27,2.9160664,2.615146,1.5542055,1.555643,1.5468154,1.819829,1.997144,1.989428,1.507967,1.8060485,2.1825747,1.6933595,2.4326746,2.2676227,2.08853,1.7374052,2.4493206,1.0446308,1.6132536,1.7275021,1.8385339,1.6542429,2.074302,2.2469895,1.8431461,2.0132205,1.1933615,0.0,2.6688075,2.858306,2.2856984,1.784168,2.1452594,2.193076,1.9836036,2.0013235,1.4217058,1.5058154,1.7254611,2.1649277,2.0171938,2.2878354,2.4512713,1.866384,1.8236159,1.8867178,2.1019866,2.205245,1.6153021,2.0113907,2.1475759,2.0037022,2.218921,2.2112474,2.5778313,2.202226,2.4630704,1.3913242,1.2860495,1.5047075,1.717383,1.6693349,1.4792416,1.9321321,2.7346587,2.3689394,2.341336,2.3474357,2.268408,2.4836948,2.6070435,2.0235865,2.1754892,2.1042638,1.531275,1.4464633,1.5598611,1.4194697,1.0837803,1.9302796,2.3327417,2.2978537,2.5189826,2.6564884,1.9521998,1.9570099,1.7712502,2.1720674,2.0147502,1.764475,2.2127562,2.3654892,1.3761122,1.3808068,1.3196238,1.4459709,2.1784198,2.2884965,2.1669922,2.1482136,2.2583535,2.26143,1.9105313,1.7922401,2.4001005,2.7405248,2.3629057,2.8645856,2.4828403,2.8637023,3.2516952,2.9691627,2.0096362,2.058091,2.514759,2.4289634,1.5733832,1.3866763,0.9150827,0.9686828,2.7424006,2.608054,3.2613013,2.8252516,1.2786158,2.6412592,2.2735064,1.8565282
28,2.1237864,1.4848851,3.089492,2.8994472,3.7088633,2.863277,2.6472144,2.7457812,3.193714,3.4082317,3.5592666,3.3213642,4.0326343,4.109279,3.6263616,2.875525,1.8396423,2.3516297,2.7802067,2.9646223,1.9928885,1.9092623,2.3273072,2.337629,3.195418,3.3423624,2.2745028,2.6688075,0.0,0.7743985,2.0247192,2.0369709,3.373044,3.3741808,3.2840097,3.2262676,2.3530223,2.4567287,2.5643656,2.0794392,3.1695228,3.3927507,3.482577,3.11594,3.271008,3.358703,3.3118324,3.3127725,2.679252,2.8841407,2.6402473,2.5973587,3.2524788,3.268209,3.569732,3.7620203,3.5746439,2.2210639,2.945858,2.4659731,2.0571413,2.0584683,2.5411384,2.3191903,3.8821898,3.749493,3.5863101,3.6104546,3.3222709,3.3894508,3.6404517,3.5586565,3.706719,3.1097684,2.6270955,2.6797793,2.785213,2.6404612,2.620647,3.35279,2.3258948,2.2966442,2.4296913,2.1724665,2.1501966,2.1610448,2.1150622,2.1369073,3.1624086,3.0904078,3.301047,3.4396296,2.4559093,2.4724133,2.4362144,2.3167949,3.0048044,2.7956297,3.2211459,3.1693852,3.07248,3.118156,2.7988722,2.8413064,4.016652,4.3471913,3.2732165,3.196217,3.3069637,2.6638732,4.2705326,4.1325107,3.050246,3.2237792,3.23021,3.1607285,2.5561688,2.4965596,2.4489634,2.4604692,3.8304977,3.9491515,4.243909,3.8867743,2.6378121,3.4521081,3.2207925,2.884828
29,2.2363048,1.779418,3.2581804,3.077861,3.865366,2.7991014,2.6255739,2.7078614,3.320666,3.4910831,3.489801,3.2341104,4.0232444,4.2325053,3.5267825,3.0105956,2.1748073,2.6139216,2.9378486,3.1073153,2.2453365,2.1483102,2.5047057,2.482874,3.3655908,3.6665912,2.4069993,2.858306,0.7743985,0.0,2.1317313,2.1474907,3.2732055,3.2908175,3.4815903,3.388284,2.5303679,2.6223245,2.721473,2.225301,3.3260336,3.556509,3.6566625,3.2921422,3.4298642,3.5315456,3.4754915,3.4534874,3.0958273,3.0973547,2.5760176,2.8886588,3.4989457,3.5002573,3.8134542,3.9706264,3.5860028,2.4657197,3.0615509,2.7151423,2.188101,2.17917,2.7053103,2.3781202,3.976112,3.82,3.662627,3.6946409,3.609116,3.6137025,3.8506684,3.8283606,3.8620896,3.4636903,2.9559388,2.9984338,2.9906254,2.56291,2.8000531,3.4828827,2.541636,2.4688897,2.3183131,2.071766,2.3492599,2.0437925,2.2596812,1.9449096,3.3542855,3.3016214,3.4933488,3.5915911,2.7364843,2.7519877,2.715301,2.6105294,3.2778246,2.9826112,3.4680603,3.4236863,3.3536272,3.519969,3.0512285,3.1338968,4.1768694,4.5011697,3.5150764,3.458475,3.673144,2.9637532,4.212726,4.3007116,3.2337825,3.42403,3.4433835,3.3852978,2.7647185,2.7283773,2.704473,2.714248,3.9666095,4.191617,4.4334197,4.0214777,2.8774183,3.630507,3.4660976,3.0836384
30,2.7082183,2.6121943,3.263141,3.0330322,3.2998898,2.8086357,2.972168,2.9844143,2.7248657,2.2386131,2.9937296,2.7132099,3.6732533,3.81728,2.5129807,2.511477,2.3869557,2.3250263,2.770937,2.8850305,1.9874166,2.2536159,1.4432572,1.2835168,2.9799578,3.0257683,2.1909778,2.2856984,2.0247192,2.1317313,0.0,1.9743202,3.139675,3.1909742,3.1090868,3.1675062,2.4904258,2.5817347,2.6417582,2.4728296,3.071114,3.1904624,3.3600771,3.0213804,3.0270505,3.0845435,3.1869264,3.0707064,2.339056,2.5292675,2.401116,1.7265257,2.427037,2.498793,2.7349536,2.7202613,3.2691557,2.288325,2.4879606,2.446418,2.4830747,2.4511945,2.6120448,2.5395148,3.351082,3.2584286,3.1146178,3.1286304,2.9373033,3.4639697,3.315506,3.0085325,3.2102625,3.37888,2.2069318,2.2785766,2.5418487,2.3687205,2.3166053,3.1156845,3.083161,2.9176023,3.2044394,3.0283246,2.7746413,2.5299757,2.3170662,2.5326958,3.4628386,2.9747877,3.5725439,3.6599195,2.3351836,2.3464289,2.2453032,2.2343068,2.890011,2.8319752,3.0753899,3.0492156,3.0127034,3.0030937,2.7896123,2.7924445,3.5861788,3.9030316,2.9225454,3.0331125,3.0565693,2.962149,3.9407136,3.8917084,2.870197,3.1027074,3.1393433,3.032583,2.3412383,2.2229595,2.3557444,2.3277287,3.7001143,3.6782777,4.1409974,3.7525423,2.5339572,3.3351057,2.9584568,2.6954556
