,0,1,2,3,4,5,6,7,8,9,10,11,12,13,14,15,16,17,18,19,20,21,22,23,24,25,26,27,28,29,30,31,32,33,34,35,36,37,38,39,40,41,42,43,44,45,46,47,48,49,50,51,52,53,54,55,56,57,58,59,60,61,62,63,64,65,66,67,68,69,70,71,72,73,74,75,76,77,78,79,80,81,82,83,84,85,86,87,88,89,90,91,92,93,94,95,96,97,98,99,100,101,102,103,104,105,106,107,108,109,110,111,112,113,114,115,116,117,118,119,120,121,122,123,124,125,126,127
0,0.0,2.545558,2.6717312,2.5017614,2.2937775,2.7892203,3.2801232,2.9861474,3.4586322,3.4420989,3.6634748,3.6634748,3.258783,3.1942463,2.6106105,3.3727121,4.350569,4.449402,4.432191,3.9506526,5.1664433,4.622898,4.2344656,4.5221086,2.9861326,2.8975577,2.9535067,3.2010827,3.292029,3.17847,3.3686912,3.530867,3.4294896,3.8296335,4.298529,3.6346972,3.3870094,3.2960362,3.788025,3.7668111,3.4460766,3.4890752,3.1362183,2.9066474,3.1294851,3.0448751,3.0489237,3.0502203,4.0409727,3.2642057,4.10705,3.7589269,2.9672306,3.3348703,3.3519945,3.5042365,3.4555573,3.7198837,3.8842082,3.933353,3.402507,2.8109126,2.9337068,2.9759135,3.242124,3.257352,3.1688733,3.218151,2.7147942,3.4297256,3.0234528,2.8658388,2.883606,2.8862479,2.9913564,3.0932074,2.812539,2.8964028,3.0238173,2.8537757,2.9078915,2.7660596,3.0843377,2.8753266,2.6664612,2.765802,2.6160173,2.6217966,3.8230214,3.0179548,4.1924453,4.1364055,3.6010473,3.637246,3.787444,3.7966053,2.6095977,2.087484,2.0455453,2.5197024,2.0007613,2.338197,2.4467258,2.5439122,2.664601,2.704924,3.6329067,3.043546,3.1877115,2.6858916,2.2889822,2.6028295,3.3789217,3.6311295,3.229522,5.1583705,3.2963843,2.8884,3.8131826,2.9246798,3.3627646,3.2276096,3.4644454,3.3794818,3.09194,3.522876,3.2560096,3.3114321
1,2.545558,0.0,0.69788444,0.8245651,1.6566408,1.2366227,1.7799052,1.4208072,2.388155,2.4582415,2.4374506,2.4374506,2.6471553,2.5784304,2.3178833,2.799212,3.4903214,3.5981553,3.6581242,3.1157131,4.350201,3.8974218,3.5758965,3.7660186,1.6978772,1.3310683,1.5127652,1.8040242,1.7977508,1.9219441,2.3486094,2.2045786,2.3250208,2.5817325,2.5013816,1.6818105,2.1491828,2.118672,2.2818117,2.3093925,2.3280199,2.2910476,1.8126233,1.6003703,1.8376442,1.7555304,1.895269,1.869481,2.3235464,1.9942865,3.347452,2.744119,1.5503167,2.111232,2.0799072,2.2704158,1.9272293,1.6166232,1.7013887,1.9472269,1.5222962,1.289503,1.5046501,1.3533119,2.982807,2.589559,2.9885287,3.027843,2.5647779,3.0766358,2.5635755,2.5864365,2.4432087,2.4414732,2.5678525,2.6793308,2.3830109,2.617824,2.7011237,2.8587043,2.558714,2.390838,2.7331662,2.4455824,2.346613,2.436965,2.3268945,2.349568,3.2122455,2.543759,3.6213465,3.5831199,3.2997067,3.2322922,3.4265606,3.4291096,2.47664,2.0028117,1.7547636,2.3214152,1.8258479,2.1069372,2.2155561,2.2151487,2.585793,2.5703697,2.78573,2.2897959,2.6119804,2.119455,1.8293031,2.1353402,2.7371144,2.8864946,3.072015,3.4424667,3.2022984,2.772276,3.2868223,2.9405918,2.7615697,2.6077828,2.7581127,2.7179475,2.9414787,2.8568358,2.83342,2.9120862
2,2.6717312,0.69788444,0.0,0.6277642,1.4718808,0.9643115,1.6674774,1.0355182,2.2691581,2.372397,2.3037972,2.3037972,2.8237908,2.6353679,2.2808166,2.867821,3.508946,3.6164093,3.631678,3.2319298,4.358691,3.9535801,3.709055,3.9136717,1.6523603,1.2109265,1.440048,2.1524022,1.5799911,1.7408477,2.1674807,1.9520798,2.3666885,2.8356016,2.5934527,1.829098,2.3004708,2.2553847,2.5264428,2.511079,2.4840066,2.5155818,2.1589391,1.9424276,2.0690246,1.9800811,2.1153035,2.0941389,2.264552,1.9375914,3.458195,2.9137008,1.6356537,2.0902977,2.0798528,2.2879913,1.8203886,1.5658607,1.6870598,1.6962242,1.4962585,1.314859,1.5470986,1.3804137,3.2405467,2.8798642,3.192444,3.239465,2.5564663,3.140424,2.5824502,2.572598,2.657695,2.6551492,2.5437002,2.6701965,2.387397,2.5979493,2.7051845,2.8006654,2.8502066,2.6955237,2.951558,2.7057378,2.667077,2.7331522,2.643114,2.6575003,3.1968174,2.4113438,3.5681527,3.5335817,3.2174392,3.224134,3.3322036,3.3353276,2.2835317,1.7934632,1.5479848,2.1140702,1.6910286,1.8793596,2.0175703,2.427095,2.4750824,2.444037,2.7745883,2.0596383,2.741229,2.3001504,2.0271738,2.3241298,2.5576634,2.6932678,2.9522986,3.3668454,3.0413563,2.5959864,3.2330983,2.7727928,2.7596614,2.6467702,2.8850956,2.7468128,2.7826,2.671716,2.7126265,2.760505
3,2.5017614,0.8245651,0.6277642,0.0,1.6192393,1.2201464,2.1267085,1.3407842,2.4376001,2.4573753,2.4593678,2.4593678,2.8465555,2.7017593,2.3644075,3.2316582,3.540471,3.6581957,3.6014779,3.1391635,4.3998814,3.9870505,3.7158628,4.0285845,1.7578875,1.4134116,1.5600361,2.1510375,1.7653959,1.9207993,2.0709207,1.9887514,2.127137,3.0083141,2.924303,2.0380793,2.458188,2.326732,2.794379,2.7874625,2.5326316,2.5592794,2.387756,1.9932238,2.1409364,2.0127194,2.1309621,2.106645,2.4473743,2.106773,3.4999406,2.9326339,1.8521844,2.2982635,2.260217,2.4506679,1.7673556,1.8343768,1.9283458,2.003399,1.7313162,1.4776541,1.7854148,1.6550009,3.0075223,2.9812303,3.0497153,3.0924964,2.6622312,3.147741,2.6856894,2.5054286,2.699598,2.7010732,2.709284,2.8207827,2.3936896,2.5320797,2.83191,2.6451776,2.86147,2.7190971,2.9977956,2.745653,2.6762621,2.761976,2.6370668,2.6608832,3.5294132,2.5964906,3.7048147,3.675248,3.3326082,3.3379931,3.5126908,3.5169091,2.1715527,1.6144239,1.4410841,2.0513096,1.6076177,1.8801626,1.9928442,2.2489898,2.2737443,2.215141,3.2021875,2.0778666,2.8273292,2.3877187,2.17176,2.4299426,2.5223997,2.7602482,2.891654,3.5109606,2.9840705,2.5511408,3.6051009,2.7165065,3.0605836,2.8730175,3.1351466,3.0124972,2.6560183,2.6445057,2.8650396,2.9254055
4,2.2937775,1.6566408,1.4718808,1.6192393,0.0,1.0702533,1.7408717,1.3238862,2.6453755,2.841416,2.6440578,2.6440578,2.8728085,2.6806936,2.3696034,2.926061,3.7626264,3.8413968,3.746066,3.4827454,4.5343847,4.2159486,3.7649612,3.9472413,2.0552802,1.7387024,1.878309,2.433981,2.0281985,1.9496135,2.2057018,2.259556,2.7015676,3.1331542,3.0191543,2.5842028,2.587387,2.513642,2.970159,2.8510587,2.6698565,2.7852283,2.423534,2.3638287,2.24837,2.1847165,2.2678087,2.2930608,3.0371075,2.2516909,3.664775,3.2818775,2.1064744,2.439132,2.459961,2.5892024,2.1695547,2.4909055,2.6676786,2.6570725,2.1794777,1.9336812,2.1384275,2.0274873,3.2230024,2.8751428,2.9269009,2.94026,2.54464,3.1375082,2.5168395,2.5613236,2.5735016,2.5635316,2.4581947,2.5671434,2.370038,2.5429227,2.6342907,2.7425194,2.6890762,2.5152977,2.8797715,2.5892658,2.422603,2.5059505,2.431076,2.4386435,3.1578867,2.3821285,3.4208217,3.4184906,3.1639986,3.1893225,3.46074,3.4673371,2.061235,1.5918536,1.3492159,1.8796011,1.45971,1.7649903,1.8403614,2.2569544,2.3136714,2.2402725,2.6246996,2.0045443,2.5912182,2.1359165,1.8833455,2.118768,2.373453,2.1904395,2.8953254,4.2378364,2.9973462,2.462136,3.0985808,2.66351,2.7191544,2.5671747,2.7827525,2.609419,2.7604306,2.4369535,2.6894867,2.820401
5,2.7892203,1.2366227,0.9643115,1.2201464,1.0702533,0.0,1.2753766,0.6187907,2.4862862,2.669932,2.4478905,2.4478905,3.252263,3.0776122,2.8257809,3.2733448,3.6963286,3.7912219,3.7167487,3.4248242,4.544914,4.1739745,3.890639,4.059928,1.7751731,1.3959403,1.5908606,2.2978804,1.7110858,1.8386817,2.0050714,2.1605895,2.6306818,2.9605112,2.8087835,2.2825742,2.45282,2.3973458,2.752864,2.6682148,2.525906,2.598151,2.2662866,2.13805,2.068807,2.0014238,2.1743047,2.175511,2.5289319,2.081261,3.6060328,3.1280415,1.9132717,2.2465968,2.271906,2.4540281,1.8551599,2.003826,2.0832322,2.0770476,1.8980341,1.5870966,1.7764014,1.6682767,3.3732586,3.0424006,3.090552,3.097963,2.7156904,3.2579448,2.7068121,2.7529075,2.796778,2.7902832,2.646418,2.7600675,2.5702891,2.7293868,2.8086298,2.94665,2.9286933,2.7595727,3.1143837,2.8300188,2.7129264,2.7967684,2.7066102,2.7192848,3.3234785,2.6340134,3.5889118,3.5835993,3.366204,3.407048,3.5834348,3.5884056,2.3856351,2.0077238,1.7190579,2.1896522,1.903124,2.127603,2.1635814,2.564398,2.5950675,2.5338557,2.7545307,2.3105357,2.797449,2.3992424,2.1866145,2.3981209,2.6563017,2.4285665,3.112202,3.5438938,3.198491,2.7427652,3.299085,2.9521546,2.8235617,2.678351,2.915415,2.7291007,2.9530215,2.596616,2.8661582,2.9959738
6,3.2801232,1.7799052,1.6674774,2.1267085,1.7408717,1.2753766,0.0,1.2814674,2.8448055,2.9629202,2.8882616,2.8882616,3.5916412,3.405218,3.095832,2.8817163,4.0592318,4.1168327,4.1746163,3.9763908,4.7346067,4.3394585,4.25758,4.214032,2.0171478,1.7215835,1.7320784,2.6711333,2.139871,2.2373908,2.6924212,2.8705375,3.4924545,2.6969175,2.7302613,2.6231418,2.7674103,2.870158,2.7110362,2.6610518,2.8162203,2.794716,2.1701317,2.356621,2.3994217,2.417512,2.567636,2.5636847,3.0394454,2.718387,3.9513597,3.4637685,2.4247308,2.7670445,2.821926,2.9908512,2.7879498,2.4831207,2.5580745,2.5171278,2.5058112,2.3302357,2.2510476,2.167608,4.0046735,3.4056072,3.6623251,3.710758,2.974552,3.3062942,2.9730692,3.2788827,3.0426946,3.030331,2.9091344,2.9708662,3.045742,3.2544029,2.9854484,3.6142094,3.2714152,3.1075363,3.5014267,3.2355437,3.0603025,3.1686845,3.1015282,3.1232789,3.0287328,2.9387474,3.8805037,3.828968,3.62087,3.7049382,3.902852,3.9115744,3.1705363,2.8559642,2.5362892,2.923096,2.5805836,2.90969,2.8886554,3.3110483,3.3793523,3.2428198,2.4470391,3.147084,3.169751,2.789883,2.6318736,2.7660587,3.256986,2.945273,3.505319,3.5586042,3.5500965,3.2221978,2.84735,3.38291,2.866167,2.5520961,2.7316248,2.483242,3.658116,3.1904314,3.2165139,3.364699
7,2.9861474,1.4208072,1.0355182,1.3407842,1.3238862,0.6187907,1.2814674,0.0,2.663578,2.8150592,2.6308792,2.6308792,3.4666893,3.272676,2.8963757,3.2959805,3.8630264,3.9166021,3.8453119,3.6488948,4.6875653,4.325552,4.0739927,4.211768,2.0662937,1.5362284,1.7088059,2.5575082,1.7116567,1.8742712,2.1344519,2.312466,2.8566084,3.0819883,2.8906486,2.3194988,2.7405803,2.7052264,2.9711213,2.918193,2.8598845,2.912977,2.5164716,2.411371,2.3825457,2.3118947,2.479177,2.4658747,2.6040018,2.2578015,3.743726,3.2131605,2.0097384,2.416027,2.4619355,2.6763947,1.8221216,1.9584405,2.0263612,2.0567236,1.9869984,1.7307266,1.9106084,1.6484466,3.707864,3.27951,3.326189,3.38199,2.872875,3.458105,2.8543375,2.8951838,2.9913998,2.9851308,2.8937314,2.8823018,2.7765272,3.011718,3.038289,3.2095058,3.2746391,3.0941246,3.344349,3.1493807,3.0515747,3.1333823,3.084649,3.0957806,3.3676364,2.6935976,3.7524247,3.7247396,3.515928,3.539187,3.6650174,3.66899,2.5815916,2.1637685,1.911977,2.3629785,2.0473602,2.261017,2.4288187,2.8667486,2.838075,2.7537134,2.9961424,2.4827344,3.0824,2.669614,2.4133883,2.6596258,2.9528186,2.7274606,3.2375922,3.5993924,3.2637913,2.9144263,3.4163632,3.0806448,3.062028,2.9181106,3.142599,2.9445965,3.1783872,2.808355,3.090508,3.1416085
8,3.4586322,2.388155,2.2691581,2.4376001,2.6453755,2.4862862,2.8448055,2.663578,0.0,1.0125434,1.742794,1.742794,2.880779,2.7160604,2.827016,3.5565414,4.1055603,4.231284,4.147419,3.8686252,4.1137366,3.664947,4.283015,4.392195,2.894993,2.6012297,2.8397553,3.156361,1.688192,1.8714687,2.3243659,1.9364873,2.4619105,2.9782646,2.5711918,2.661817,2.0930767,2.1137116,2.2169845,2.2664642,2.3903122,2.3564072,2.774123,2.8633637,2.614352,2.5821524,2.7117023,2.7414534,1.9951757,1.6453375,2.508649,2.796174,2.6065915,1.7016841,1.7304667,2.136308,2.9426975,2.6511257,2.7270906,2.8061697,2.3385975,2.3079383,2.4826753,2.3546598,3.2340117,2.6426933,2.773798,3.2200954,2.6014328,3.4376206,2.358765,2.48752,2.560584,2.5666113,2.5827508,2.701983,2.368341,2.558471,2.7105653,2.9016135,2.7771316,2.6195667,2.963623,2.6827435,2.716178,2.7976465,2.7060027,2.7004368,3.320467,2.5735013,3.915188,3.9624784,3.0239995,3.0921454,3.2158227,3.21549,2.2401662,2.5049262,2.3330123,2.198867,2.4410875,2.4111433,2.075766,2.4660466,2.41157,2.6994383,2.5833373,2.4764972,2.0470185,2.0050082,2.3039255,2.083487,2.7003543,2.813604,2.2367775,2.8144722,2.4890842,1.8932091,2.3393152,1.9723136,1.4635966,1.733971,1.8711818,2.018499,1.6978961,1.762503,1.1120727,1.4074403
9,3.4420989,2.4582415,2.372397,2.4573753,2.841416,2.669932,2.9629202,2.8150592,1.0125434,0.0,1.8251321,1.8251321,2.977238,2.8121939,2.823548,3.6713707,4.2686505,4.4490047,4.4462466,4.0497184,4.2797112,3.7555077,4.4738374,4.661944,3.028482,2.8838313,2.9336534,3.4480217,1.8198019,1.9529146,2.1949098,1.9387443,2.4739676,2.6176794,2.6479,2.9240146,2.2535412,2.3361084,2.3048258,2.466713,2.4956644,2.3548295,3.181137,3.0990155,2.9975688,2.9396627,3.0760295,3.1070845,2.3232143,2.051565,2.7771263,3.0036187,3.0428023,2.1867514,2.1982355,2.5235808,3.2732139,3.0230699,3.0391903,3.093388,2.7112126,2.659701,2.8835807,2.7985141,3.2244241,2.9731815,2.7384372,3.19798,2.4797444,2.9230971,2.3225362,2.3986135,2.4936364,2.500062,2.6586654,2.8236768,2.3180149,2.5485082,2.7119753,2.7914488,2.7554166,2.6618404,2.8227534,2.643569,2.7654765,2.8583024,2.764018,2.7834694,2.9880717,2.3377583,4.080297,4.0714693,2.6209323,2.8258789,3.1516411,3.1540723,2.3058302,2.6175845,2.4199176,2.228897,2.5428817,2.7924192,2.1722264,2.5935345,2.3214567,2.4228032,2.7938416,2.9317293,2.118999,2.092934,2.646183,2.2321997,2.8079708,3.0069664,2.1321442,2.6640625,2.4301112,1.7736976,2.4399438,1.843317,1.9881704,1.5918589,1.8719224,1.8455607,1.7676353,1.8100287,1.624192,1.5659456
10,3.6634748,2.4374506,2.3037972,2.4593678,2.6440578,2.4478905,2.8882616,2.6308792,1.742794,1.8251321,0.0,0.0,2.4585927,2.2738676,2.6226232,3.5835984,4.211947,4.3552604,4.434787,4.023991,4.8709545,4.5068088,4.2972794,4.456485,2.866125,2.642821,2.7315156,3.1954236,1.281081,1.4861649,1.678302,1.1798606,1.9684762,2.2929277,2.0203755,2.832957,1.6352273,1.6622846,1.7177149,1.8218402,1.8732291,1.779928,3.1132994,2.9987776,2.681678,2.6489637,2.735297,2.7960477,1.4851367,1.2844837,3.0241275,3.4119582,2.81062,1.4228647,1.3580251,1.7757838,3.0465713,2.7151976,2.6925325,2.8157544,2.5272987,2.5028076,2.7305267,2.5473552,2.9599805,2.524027,2.8726707,2.9442775,2.230669,2.8416429,2.0088804,2.153621,2.204052,2.2131224,2.3778386,2.5224376,2.0128186,2.2772534,2.406087,2.6215634,2.3770008,2.264574,2.606164,2.3308737,2.309072,2.402049,2.3710353,2.3962247,2.8384671,2.0558965,3.406384,3.440662,2.3724368,2.3946548,3.053528,3.0650268,1.9742197,2.5492764,2.3654609,1.856048,2.4576344,2.6610591,1.8274649,2.2035568,2.0978658,2.2607222,2.19393,2.6614878,1.5678526,1.7516541,2.4967942,1.839616,2.442179,2.5614173,2.7315931,3.012619,2.8444982,2.3791049,2.8916667,2.5565262,2.3634806,2.204105,2.3931162,2.2859397,2.5068505,2.355402,2.3577716,2.4336307
11,3.6634748,2.4374506,2.3037972,2.4593678,2.6440578,2.4478905,2.8882616,2.6308792,1.742794,1.8251321,0.0,0.0,2.4585927,2.2738676,2.6226232,3.5835984,4.211947,4.3552604,4.434787,4.023991,4.8709545,4.5068088,4.2972794,4.456485,2.866125,2.642821,2.7315156,3.1954236,1.281081,1.4861649,1.678302,1.1798606,1.9684762,2.2929277,2.0203755,2.832957,1.6352273,1.6622846,1.7177149,1.8218402,1.8732291,1.779928,3.1132994,2.9987776,2.681678,2.6489637,2.735297,2.7960477,1.4851367,1.2844837,3.0241275,3.4119582,2.81062,1.4228647,1.3580251,1.7757838,3.0465713,2.7151976,2.6925325,2.8157544,2.5272987,2.5028076,2.7305267,2.5473552,2.9599805,2.524027,2.8726707,2.9442775,2.230669,2.8416429,2.0088804,2.153621,2.204052,2.2131224,2.3778386,2.5224376,2.0128186,2.2772534,2.406087,2.6215634,2.3770008,2.264574,2.606164,2.3308737,2.309072,2.402049,2.3710353,2.3962247,2.8384671,2.0558965,3.406384,3.440662,2.3724368,2.3946548,3.053528,3.0650268,1.9742197,2.5492764,2.3654609,1.856048,2.4576344,2.6610591,1.8274649,2.2035568,2.0978658,2.2607222,2.19393,2.6614878,1.5678526,1.7516541,2.4967942,1.839616,2.442179,2.5614173,2.7315931,3.012619,2.8444982,2.3791049,2.8916667,2.5565262,2.3634806,2.204105,2.3931162,2.2859397,2.5068505,2.355402,2.3577716,2.4336307
12,3.258783,2.6471553,2.8237908,2.8465555,2.8728085,3.252263,3.5916412,3.4666893,2.880779,2.977238,2.4585927,2.4585927,0.0,0.5411459,1.5111372,2.5761878,4.3595023,4.4358397,4.5510254,4.0269723,4.9321027,4.7246246,3.9874206,4.119884,3.0569384,2.8534563,2.8634815,2.7616827,2.6024315,2.515669,3.0398586,2.368711,2.2342186,2.7125702,2.6727753,3.005372,2.0915635,2.040131,2.287538,2.193935,2.2242808,2.305839,2.8468416,2.7538695,2.5464706,2.528271,2.4009554,2.45609,3.036129,2.5239434,3.600405,3.699916,2.9015875,2.5837145,2.4413767,2.6025414,3.5155377,3.1132176,3.3031614,3.5915546,2.7718291,2.9576738,3.1424472,2.9858427,2.8165936,2.429164,3.3723488,3.3902993,2.8581195,3.2014508,2.6210334,2.6910937,2.2944174,2.3015766,2.9202344,3.0369153,2.4924362,2.7073686,2.9415812,3.1185024,2.111925,2.0668194,2.6032975,2.225839,1.9226961,2.076209,2.0175083,2.0643754,3.2679732,2.6329315,3.3896315,3.3997915,3.1164017,2.9634275,3.7993364,3.8106716,2.5243666,2.560398,2.5699553,2.5090055,2.3877952,2.7143,2.3445742,1.9233526,2.5625978,2.5882015,2.7074125,2.5778809,2.0636542,1.8920703,2.2325132,1.9398347,2.5956774,3.1975315,3.2082343,4.595567,3.359461,2.903025,3.2751367,2.9989254,2.9879372,2.7932415,2.7701952,2.9001207,3.0986695,3.1883616,2.9539704,3.1227107
13,3.1942463,2.5784304,2.6353679,2.7017593,2.6806936,3.0776122,3.405218,3.272676,2.7160604,2.8121939,2.2738676,2.2738676,0.5411459,0.0,1.1870632,2.397889,4.2353344,4.3201756,4.435084,3.9784703,4.816893,4.610395,3.9422548,4.0832443,2.8940237,2.6649742,2.6704364,2.8200717,2.4080179,2.314061,2.8732755,2.1343114,2.282549,2.7365913,2.630691,2.9804919,2.1193912,2.0780904,2.326543,2.2375271,2.249212,2.32994,2.8550067,2.7993078,2.5869446,2.5671453,2.4424992,2.4974878,2.9670596,2.4411507,3.6235998,3.713826,2.8498542,2.4991863,2.3640752,2.5159879,3.4809783,3.0573788,3.2605433,3.4426332,2.7139218,2.8968956,3.0911763,2.9180188,2.940306,2.5568376,3.4503093,3.4820147,2.6567566,3.0544395,2.4560354,2.538581,2.2902362,2.2950277,2.7461052,2.857365,2.3257396,2.5297682,2.7689226,2.9627552,2.279927,2.2248704,2.7189977,2.353069,2.100386,2.243809,2.1738327,2.2185242,3.1088111,2.430145,3.2815924,3.287375,2.962876,2.8835282,3.6492465,3.6608691,2.279647,2.3296943,2.3426783,2.252958,2.1557639,2.4767227,2.062641,2.0330443,2.3642855,2.3828216,2.500628,2.3933802,2.0510664,1.8926115,2.2447445,1.9534115,2.3619297,3.0070038,2.9861953,4.440028,3.1454632,2.6563005,3.0419958,2.7474096,2.8477156,2.635314,2.7022016,2.7329493,2.9220386,3.0168333,2.7668452,2.937822
14,2.6106105,2.3178833,2.2808166,2.3644075,2.3696034,2.8257809,3.095832,2.8963757,2.827016,2.823548,2.6226232,2.6226232,1.5111372,1.1870632,0.0,1.8702499,4.009158,4.0747657,4.212885,3.8407626,4.672038,4.418179,3.7760785,3.9324007,2.8337028,2.4528441,2.4373147,2.870215,2.4037693,2.304463,2.9540558,2.3677073,2.6903605,2.9349747,3.0330875,2.9932075,2.5242522,2.5166957,2.7885897,2.7177358,2.7509446,2.8485672,2.8789492,2.9138708,2.791944,2.7438486,2.6520123,2.6782675,3.197382,2.6711247,3.7881405,3.614012,2.6888409,2.7049417,2.6170025,2.7186632,3.4027975,3.019378,3.261279,3.376281,2.7137303,2.7378814,3.0035102,2.7068946,3.398678,2.8998497,3.651419,3.7630088,2.4755867,3.0806901,2.4674015,2.5350173,2.4598432,2.4609315,2.818432,2.719238,2.3874931,2.7027187,2.8045309,3.0302472,2.7309594,2.6080651,2.8907514,2.6700444,2.4968534,2.624103,2.5572777,2.5965328,2.9135292,2.1810338,3.4540546,3.4033215,2.980758,2.9585328,3.5363166,3.5428166,2.2110736,1.969958,1.9969093,2.0968585,1.6951644,2.1210809,1.987676,2.3693893,2.375513,2.3575673,2.675855,2.456989,2.4484546,2.0914621,2.1769035,2.1128533,2.7163374,3.316327,2.9132178,4.5367484,2.968177,2.5824416,2.968487,2.5749075,2.9423115,2.6968372,2.8882234,2.7992601,2.9661882,3.1900516,2.8428566,2.86363
15,3.3727121,2.799212,2.867821,3.2316582,2.926061,3.2733448,2.8817163,3.2959805,3.5565414,3.6713707,3.5835984,3.5835984,2.5761878,2.397889,1.8702499,0.0,4.2492914,4.2580237,4.566005,4.295026,4.8427444,4.638288,4.0210533,3.8318405,3.1446698,2.8273416,2.8310997,3.1753392,3.2478986,3.1792467,4.0913057,3.5745878,4.009276,3.203223,3.2208173,3.2776773,3.1057854,3.2735894,3.0283053,2.897723,3.4366543,3.5426967,2.6960511,3.1663184,3.1379344,3.1784356,3.1133857,3.1183276,3.905071,3.4926085,4.3608804,3.988962,3.0260797,3.4144602,3.383368,3.4233842,4.084864,3.3373232,3.5981061,3.6595085,3.1538754,3.25248,3.2678459,3.0450046,4.4784713,3.4341521,4.601504,4.6784315,3.301335,3.7946215,3.3380249,3.739061,3.2707021,3.2608125,3.3890176,3.3485382,3.4628022,3.8020895,3.4095054,4.216996,3.3896317,3.252826,3.5160434,3.3228865,3.1654363,3.2381601,3.230173,3.2501957,2.8447196,2.9665444,4.0039907,3.924999,3.7518582,3.6987336,4.068235,4.0723743,3.6354213,3.2856312,3.1513882,3.448902,2.8877528,3.1499074,3.2840848,3.5821805,3.8650248,3.816226,2.4773898,3.4182723,3.3326578,2.9289076,2.6646016,2.8782835,3.7689471,4.0739584,4.026254,5.003415,4.0191216,3.7417552,2.7834158,3.763827,3.1642258,3.0553193,3.074143,3.0446672,4.210861,4.2140865,3.5456386,3.5816689
16,4.350569,3.4903214,3.508946,3.540471,3.7626264,3.6963286,4.0592318,3.8630264,4.1055603,4.2686505,4.211947,4.211947,4.3595023,4.2353344,4.009158,4.2492914,0.0,0.5192682,1.2357444,0.95141697,2.2628486,2.3559973,1.1589752,1.555456,3.6532981,3.7301106,3.8719168,3.539431,3.9568908,4.109119,4.3988805,4.0594225,4.373502,4.800335,4.335042,3.7703493,4.298145,4.249171,4.2503147,4.300426,4.622661,4.5817904,3.972786,4.471426,4.169759,4.136582,4.208267,4.2048116,4.184829,3.8989735,4.0760226,3.4703696,3.8799615,3.912041,3.8888464,3.263195,4.053035,3.93972,3.9064152,3.7203135,3.7625422,3.6948411,3.9255433,3.6672397,4.4889994,4.107345,4.615537,4.546306,4.185094,4.5348654,4.148356,4.2157316,4.359148,4.355171,3.8711903,4.1810865,4.1403193,4.205069,4.0427256,4.132793,4.2995396,4.1151958,4.2328467,4.0556984,4.205826,4.094442,4.0837054,4.085934,4.579429,4.064097,5.389796,5.4757595,4.4905224,4.3700156,4.2023544,4.192893,4.0667377,3.9949124,3.7807288,4.0358047,3.7385912,3.614556,3.8436837,4.1758113,4.2151885,4.3459625,4.1402287,3.7613165,4.2438793,4.0440516,3.869229,4.0818014,4.1262636,4.263012,4.650305,5.0521736,4.82049,4.3854055,4.6574044,4.51642,4.3179555,4.4777956,4.574034,4.5393643,4.4649262,4.5579762,4.3403277,4.358608
17,4.449402,3.5981553,3.6164093,3.6581957,3.8413968,3.7912219,4.1168327,3.9166021,4.231284,4.4490047,4.3552604,4.3552604,4.4358397,4.3201756,4.0747657,4.2580237,0.5192682,0.0,0.96166015,1.0992799,2.243509,2.4487762,1.0977645,1.3261724,3.771135,3.786437,3.9362717,3.5125527,4.015644,4.161748,4.533093,4.219727,4.504238,4.9228425,4.4438415,3.8659122,4.4295883,4.371007,4.3801603,4.4032416,4.7374578,4.717538,4.0126705,4.5512047,4.1981053,4.171933,4.2344685,4.2261963,4.3019238,4.023068,4.209703,3.5983438,3.9085503,4.0289354,4.0126634,3.3492548,4.0847716,3.9691224,3.9726057,3.8234994,3.8672118,3.8057187,4.0150146,3.6988394,4.6602154,4.2188954,4.7595444,4.702024,4.368614,4.764329,4.2948647,4.3692527,4.499442,4.495735,4.0601597,4.3117,4.317419,4.3946843,4.1894245,4.350938,4.460551,4.261138,4.4217896,4.2416377,4.3336773,4.2272024,4.2283034,4.229695,4.7551584,4.2491508,5.417158,5.507675,4.7221317,4.575118,4.4330263,4.4254355,4.224166,4.118922,3.9271467,4.1876063,3.845972,3.7124183,4.019415,4.310832,4.4032106,4.533867,4.2676206,3.8699043,4.408481,4.192048,3.9654233,4.2117558,4.296948,4.4117537,4.8012624,5.2327933,4.884987,4.5563283,4.763894,4.660831,4.4622803,4.6497707,4.7225866,4.7064037,4.6501927,4.7264547,4.495849,4.5419183
18,4.432191,3.6581242,3.631678,3.6014779,3.746066,3.7167487,4.1746163,3.8453119,4.147419,4.4462466,4.434787,4.434787,4.5510254,4.435084,4.212885,4.566005,1.2357444,0.96166015,0.0,1.2564074,2.0814104,2.4594867,1.5774472,1.8360723,3.779095,3.7338252,3.9086232,3.437924,3.9767263,4.1362996,4.411841,4.19452,4.3867726,5.161851,4.698782,3.995208,4.507377,4.3797846,4.62526,4.5685806,4.7216406,4.775726,4.047389,4.538152,4.0678782,4.029304,4.0917606,4.080981,4.379952,4.06459,4.2071834,3.6008155,3.902187,4.097536,4.083482,3.448557,3.8850734,3.9855301,4.0412707,3.9155095,3.8789458,3.8051703,4.041394,3.7142942,4.6635365,4.3902774,4.6844077,4.6959352,4.584259,5.022048,4.4429035,4.4283032,4.6570992,4.655056,4.2727027,4.4635077,4.4285355,4.4402146,4.3928294,4.39722,4.596535,4.392444,4.6523457,4.4266553,4.443808,4.368401,4.3381367,4.33922,5.150858,4.48547,5.435052,5.553544,4.9869123,4.8757906,4.785582,4.7795925,4.132297,3.9849088,3.8464618,4.128606,3.772438,3.604511,3.994805,4.2663865,4.3199244,4.455713,4.5536222,3.7349737,4.508424,4.286236,4.0292153,4.303971,4.2218676,4.295741,4.6797557,5.28233,4.735038,4.4343624,4.898303,4.5149555,4.5164657,4.7229447,4.810016,4.8147426,4.4349403,4.497204,4.4024944,4.5362873
19,3.9506526,3.1157131,3.2319298,3.1391635,3.4827454,3.4248242,3.9763908,3.6488948,3.8686252,4.0497184,4.023991,4.023991,4.0269723,3.9784703,3.8407626,4.295026,0.95141697,1.0992799,1.2564074,0.0,2.442477,2.3930962,1.2412275,1.829237,3.3870623,3.473633,3.6429589,3.0391872,3.7412283,3.864877,4.0924773,3.809984,3.872085,4.6219177,4.1854,3.4178033,4.020397,3.9101508,4.044841,4.1001496,4.277884,4.224411,3.6583822,4.0107975,3.7586033,3.7063925,3.7785406,3.7711003,3.9449887,3.59559,3.8453736,3.2123468,3.5046732,3.6559541,3.6196,3.0198302,3.5581603,3.607859,3.5883186,3.5141573,3.425172,3.32436,3.5762677,3.3589375,3.891024,3.7204037,4.0889907,4.0066924,4.021419,4.377707,3.9427364,3.898447,4.038034,4.0366044,3.681379,4.009833,3.839743,3.8611617,3.8536274,3.7581646,3.9110649,3.7324057,3.924042,3.69722,3.8037848,3.7000132,3.6611197,3.6624734,4.688407,4.0056195,5.1200914,5.2112756,4.434885,4.2700825,4.1524053,4.1447535,3.7634425,3.6250193,3.4446564,3.7718914,3.4323575,3.3125553,3.5741239,3.6437097,3.8554935,4.0098763,4.187332,3.3995302,3.9791877,3.7419386,3.5260434,3.7829518,3.808104,3.9837275,4.3719935,4.925698,4.5555983,4.1202593,4.7128305,4.266397,4.1814103,4.338464,4.41137,4.439184,4.0972033,4.2241707,4.1193013,4.189871
20,5.1664433,4.350201,4.358691,4.3998814,4.5343847,4.544914,4.7346067,4.6875653,4.1137366,4.2797112,4.8709545,4.8709545,4.9321027,4.816893,4.672038,4.8427444,2.2628486,2.243509,2.0814104,2.442477,0.0,1.3788179,2.5759223,2.6182792,4.498661,4.523239,4.636831,4.26058,4.5120683,4.6345477,5.013476,4.6758385,4.9857607,5.380994,4.9165044,4.4822445,4.9210343,4.8933387,4.858768,4.875812,5.186369,5.156936,4.5457997,5.1511726,4.743738,4.726021,4.8019557,4.800308,4.932624,4.6403747,4.2208233,3.7735536,4.6812787,4.6673374,4.660712,4.087029,4.814886,4.7068734,4.7637405,4.622502,4.479856,4.574877,4.784897,4.52496,5.1804676,4.8421702,5.01063,5.2610435,5.017373,5.2595596,4.798517,4.8960404,5.0157895,5.0115285,4.684698,4.920351,4.862335,4.8974924,4.794556,4.9361544,5.016708,4.8501496,5.0250816,4.8333964,4.9572735,4.888399,4.8494515,4.852899,5.264175,4.8690457,6.070632,6.172992,5.2106743,5.187985,5.0600495,5.0487905,4.7380204,4.7098427,4.5453115,4.7533283,4.47514,4.3758335,4.57758,4.87839,4.8564634,4.980851,4.807482,4.42772,4.792127,4.658608,4.5934124,4.7372494,4.693589,4.8189898,4.7022247,5.2070913,4.8807616,4.5197697,4.5981507,4.546331,4.438844,4.5712595,4.597637,4.6832867,4.485916,4.522937,4.2744646,4.372957
21,4.622898,3.8974218,3.9535801,3.9870505,4.2159486,4.1739745,4.3394585,4.325552,3.664947,3.7555077,4.5068088,4.5068088,4.7246246,4.610395,4.418179,4.638288,2.3559973,2.4487762,2.4594867,2.3930962,1.3788179,0.0,2.7396038,2.8941507,4.139169,4.170056,4.315221,4.0011363,4.177373,4.225461,4.65332,4.42123,4.8151283,4.9347053,4.447166,3.9035296,4.7148895,4.715036,4.3876395,4.6387396,4.9494476,4.665612,4.1079235,4.670026,4.5828404,4.565469,4.6526704,4.645166,4.5505548,4.199332,3.8700051,3.4275224,4.238145,4.2121468,4.235995,3.7349412,4.5093417,4.3865848,4.3701935,4.237891,4.1839814,4.1566477,4.3097186,4.0903482,4.5021663,4.2112226,4.2706137,4.5630116,4.231771,4.57579,4.067679,4.1577024,4.3054686,4.300279,3.9362428,4.1696725,4.127432,4.1535287,4.0744996,4.197185,4.635653,4.461435,4.6577215,4.4467497,4.583924,4.5320854,4.461807,4.4624414,4.931145,4.535386,5.7616067,5.8286457,4.8595285,4.818096,4.362306,4.3492455,4.3147664,4.2913656,4.0957017,4.342545,4.0680585,3.9584315,4.1370525,4.438762,4.3822036,4.60027,4.4327064,4.1657014,4.3906574,4.240727,4.195727,4.3267136,4.3367267,4.473839,3.9983263,4.5164213,4.4167404,3.9699934,4.121731,4.0046735,3.9116347,4.0466285,4.0829606,4.1401253,4.0169024,4.1375895,3.8053646,3.9194486
22,4.2344656,3.5758965,3.709055,3.7158628,3.7649612,3.890639,4.25758,4.0739927,4.283015,4.4738374,4.2972794,4.2972794,3.9874206,3.9422548,3.7760785,4.0210533,1.1589752,1.0977645,1.5774472,1.2412275,2.5759223,2.7396038,0.0,0.8819257,3.9441938,3.8766954,4.0069337,3.2711735,4.0492454,4.0873137,4.5136967,4.1270847,4.3121953,4.7225256,4.340671,3.8651924,4.22606,4.1794233,4.20424,4.2286167,4.580055,4.552553,3.9239514,4.4981685,4.0865173,4.061429,4.0860343,4.093387,4.3195105,3.9433854,4.219739,3.6707604,3.7894568,3.937423,3.8944454,3.1476665,4.1503305,4.0510716,4.0852566,4.1138697,3.8256483,3.7689922,4.1095057,3.7245495,4.372691,3.8643355,4.5082054,4.4506702,4.173579,4.614,4.0732985,4.1620483,4.1777973,4.1733475,3.9999347,4.1779675,4.098082,4.242182,4.1540365,4.261262,4.1257434,3.94159,4.107913,3.9100533,3.976724,3.882741,3.8892078,3.89655,4.607548,4.096643,5.0717025,5.1741385,4.597367,4.40221,4.417049,4.4047117,4.0527315,3.973613,3.8269293,4.034489,3.6737597,3.6122057,3.8633451,3.9554667,4.1958804,4.352259,4.1308446,3.7908456,4.0713534,3.8584921,3.680584,3.878905,4.244451,4.424488,4.720944,5.468512,4.9550457,4.494468,4.7106915,4.5868373,4.390467,4.5393605,4.555149,4.5816197,4.597196,4.7014484,4.4617224,4.5047617
23,4.5221086,3.7660186,3.9136717,4.0285845,3.9472413,4.059928,4.214032,4.211768,4.392195,4.661944,4.456485,4.456485,4.119884,4.0832443,3.9324007,3.8318405,1.555456,1.3261724,1.8360723,1.829237,2.6182792,2.8941507,0.8819257,0.0,4.0888867,3.9907472,4.13089,3.3561056,4.1709995,4.2229953,4.8066044,4.412509,4.6437955,4.7417994,4.3278656,4.000549,4.2884,4.2892327,4.1855392,4.16013,4.6715374,4.6811786,3.8622081,4.5899773,4.1090536,4.1181455,4.1428123,4.1483235,4.446804,4.1101284,4.321868,3.8055997,3.888144,4.058097,4.032872,3.288541,4.3905034,4.1287885,4.196015,4.2400236,3.9727616,3.9559188,4.2043076,3.7998488,4.7588544,3.981736,4.8213253,4.784742,4.421685,4.89144,4.287603,4.503631,4.377144,4.3712454,4.1974063,4.351664,4.40964,4.5904574,4.317384,4.6972413,4.2765665,4.075263,4.2903624,4.0893526,4.1087,4.012253,4.047166,4.049736,4.5868645,4.282167,5.1691093,5.272434,4.8044705,4.591385,4.640056,4.629926,4.4224668,4.342112,4.169448,4.3671026,3.9811285,3.9145796,4.197389,4.275536,4.6192317,4.7661924,4.0064893,4.079824,4.2303762,4.016971,3.7874162,4.00625,4.55781,4.653967,5.021338,5.609302,5.1551166,4.792287,4.5823355,4.8685946,4.377744,4.590822,4.5403953,4.60857,4.943402,4.9772987,4.591763,4.664227
24,2.9861326,1.6978772,1.6523603,1.7578875,2.0552802,1.7751731,2.0171478,2.0662937,2.894993,3.028482,2.866125,2.866125,3.0569384,2.8940237,2.8337028,3.1446698,3.6532981,3.771135,3.779095,3.3870623,4.498661,4.139169,3.9441938,4.0888867,0.0,1.2936374,1.2528254,2.3429425,2.4207191,2.6457129,2.719136,2.7161987,2.9067168,3.0663743,3.0179873,2.5447419,2.6526551,2.544271,2.7592552,2.664815,2.364093,2.3999615,2.0239549,1.5916406,1.9553779,1.9376415,1.9997234,1.9733192,3.088619,2.7038665,3.7643592,3.295159,2.5423949,2.7831898,2.77464,2.9791288,2.7178795,2.487741,2.531742,2.2344983,2.3917096,2.2898972,1.9186666,2.3405166,3.0910733,3.3039834,3.5906305,3.4065685,3.0729375,2.9976041,3.0913358,3.1056216,3.075442,3.074756,2.6004906,3.1204073,2.8991292,2.6957319,2.8110847,2.8758032,2.7630181,2.7090826,3.335727,2.8951135,2.6703913,2.7548583,2.5789025,2.606807,3.631107,3.15101,4.058525,4.0564303,3.5626125,3.6785526,3.899493,3.922834,2.8304644,2.4304361,2.1506662,2.7258348,2.3108869,2.5608032,2.4890926,2.7959561,2.9259975,2.7290492,2.8387413,2.522485,3.2181962,2.8695707,2.680299,2.8614569,2.2337427,2.3790956,3.3010106,3.703623,3.531404,2.8978972,3.3670976,3.1758173,3.1401446,2.8818483,3.078381,2.9036288,3.237111,3.074068,3.1383934,3.4635298
25,2.8975577,1.3310683,1.2109265,1.4134116,1.7387024,1.3959403,1.7215835,1.5362284,2.6012297,2.8838313,2.642821,2.642821,2.8534563,2.6649742,2.4528441,2.8273416,3.7301106,3.786437,3.7338252,3.473633,4.523239,4.170056,3.8766954,3.9907472,1.2936374,0.0,0.66728896,2.0585227,1.9008968,2.1852672,2.3869965,2.3780253,2.739182,2.9846125,2.8699162,2.237895,2.46001,2.3444505,2.6385205,2.546705,2.3393347,2.3655143,1.5329045,1.6077367,1.6507462,1.6262196,1.6353326,1.6005741,2.640937,2.3827589,3.514591,2.9724598,1.9552395,2.3440785,2.2919574,2.6577504,2.3994873,2.0999658,2.1782382,2.2565508,1.975564,1.8103399,1.8049552,1.6643839,3.321429,3.0377996,3.5198603,3.5684497,2.8244221,3.3625803,2.7827938,2.8144367,2.793634,2.7928624,2.8302786,2.8156395,2.650589,2.6791952,2.9850872,3.1280663,3.0568466,2.8848376,3.5432725,3.1324384,2.8013718,3.0019722,2.8304498,2.8658292,3.6876228,3.0620832,3.8592389,3.869932,3.8370461,3.8636987,4.0412827,4.0494294,2.480774,2.0003822,1.8373473,2.3535872,1.7885787,2.018512,2.2715988,2.6141078,2.6800275,2.645968,2.8052769,2.2183287,2.9295988,2.5306802,2.2310288,2.5208309,2.5994778,2.7470071,2.9982765,3.4851491,3.299835,2.7626088,3.18669,2.9015064,2.856556,2.7298362,2.9412687,2.8212368,3.066469,2.9388363,2.9112778,3.276342
26,2.9535067,1.5127652,1.440048,1.5600361,1.878309,1.5908606,1.7320784,1.7088059,2.8397553,2.9336534,2.7315156,2.7315156,2.8634815,2.6704364,2.4373147,2.8310997,3.8719168,3.9362717,3.9086232,3.6429589,4.636831,4.315221,4.0069337,4.13089,1.2528254,0.66728896,0.0,2.2132149,1.9738098,2.2577915,2.307206,2.446633,2.7847629,2.7278178,2.9723294,2.610058,2.52594,2.4288516,2.7128708,2.5999496,2.261312,2.2951925,1.8265738,1.7722987,1.781461,1.7542838,1.7422395,1.7188898,2.9350936,2.7027297,3.7343235,3.2062645,2.415776,2.6976655,2.6348727,2.9419997,2.7623453,2.498472,2.5633707,2.617299,2.3881738,2.250279,2.253475,2.156966,3.3905447,3.3408492,3.643966,3.6692631,2.9096267,3.0930161,2.8799932,2.9067395,2.8494053,2.8487487,2.9968138,3.0079436,2.7684968,2.7699919,3.0650656,3.210268,3.056998,2.9225266,3.5985281,3.196128,2.814224,3.0505273,2.8666828,2.9259,3.5746338,3.0736156,3.9469292,3.933112,3.7653894,3.8680205,4.2582345,4.2713976,2.5946543,2.1659186,2.0001035,2.440329,1.9081185,2.4048202,2.4084435,2.7553551,2.7179062,2.4971352,2.8860798,2.6118312,3.017099,2.6399162,2.5347395,2.6504452,2.646401,2.8246894,3.0569746,3.5454485,3.3147712,2.8087738,3.2277064,2.9350178,3.142838,2.7131276,2.9757624,2.7679408,3.233298,3.0391834,3.176803,3.5116107
27,3.2010827,1.8040242,2.1524022,2.1510375,2.433981,2.2978804,2.6711333,2.5575082,3.156361,3.4480217,3.1954236,3.1954236,2.7616827,2.8200717,2.870215,3.1753392,3.539431,3.5125527,3.437924,3.0391872,4.26058,4.0011363,3.2711735,3.3561056,2.3429425,2.0585227,2.2132149,0.0,2.63783,2.5024118,3.240804,3.0146167,2.8662822,3.254951,3.1239893,2.4794276,2.6899054,2.6042938,2.8045359,2.6955748,2.6582823,2.6778286,1.9635938,2.022937,1.7416298,1.7419317,1.7498004,1.723212,3.0834439,2.777677,4.1788044,3.6443198,1.7283437,2.805738,2.7729743,2.3248117,2.5530107,2.2364483,2.509599,2.8655183,2.2933066,2.1984224,2.4270718,2.1863754,3.2013288,2.9781651,3.4900582,3.447245,3.4212432,3.8659594,3.2521102,3.290386,3.1040802,3.102289,3.3390062,3.4364736,3.1425195,3.2177587,3.4879408,3.5754516,2.9855437,2.9086285,3.5424223,3.0729835,2.7515726,2.8280778,2.6849682,2.7105627,4.2703195,3.7271326,3.119993,3.1883898,4.3551316,4.2724633,4.5114694,4.5139065,3.2088768,2.760778,2.6956675,3.1583247,2.5867605,2.757903,2.952724,2.6640182,3.305768,3.355375,3.3017693,2.866069,3.237982,2.8564117,2.5212553,2.8173862,3.1962612,3.3712504,3.7612607,4.1723084,4.1004496,3.5666485,3.9073174,3.6866157,3.491704,3.4529645,3.4267657,3.4599452,3.7119877,3.6440985,3.57716,3.902591
28,3.292029,1.7977508,1.5799911,1.7653959,2.0281985,1.7110858,2.139871,1.7116567,1.688192,1.8198019,1.281081,1.281081,2.6024315,2.4080179,2.4037693,3.2478986,3.9568908,4.015644,3.9767263,3.7412283,4.5120683,4.177373,4.0492454,4.1709995,2.4207191,1.9008968,1.9738098,2.63783,0.0,0.8473356,1.3575277,1.2821095,2.0183053,2.2943442,2.1681774,2.4583812,1.8604168,1.8392862,2.0254393,2.0297995,2.0212305,2.004136,2.621134,2.5744383,2.2060602,2.1519215,2.263119,2.2918065,1.6539392,1.4488109,3.0331643,3.0434425,2.286494,1.5926956,1.5760365,1.9102441,2.4061704,2.1787193,2.2141473,2.448887,2.1134875,2.0237958,2.3085897,1.9067945,3.1854665,2.7429855,2.872118,3.0698113,2.3949416,3.0264285,2.1597228,2.2242737,2.3121448,2.3173108,2.6285267,2.6229267,2.1809025,2.4811976,2.649523,2.8647416,2.6914194,2.5231624,2.9196305,2.6695838,2.502969,2.6535215,2.6132138,2.6453032,3.0038931,2.221897,3.4269912,3.4416249,2.906463,2.946345,3.4350386,3.4429944,1.9793494,2.1581156,1.9959893,1.8029227,1.9963299,2.3020341,1.9224346,2.2991343,2.2117083,2.2160728,2.4883254,2.3992412,2.0759704,1.9182945,2.2269125,1.9706553,2.585077,2.6074035,2.5873907,2.9705899,2.6379502,2.285647,2.8464165,2.3866563,2.472474,2.219619,2.428992,2.304876,2.5121384,2.2310905,2.4115357,2.534023
29,3.17847,1.9219441,1.7408477,1.9207993,1.9496135,1.8386817,2.2373908,1.8742712,1.8714687,1.9529146,1.4861649,1.4861649,2.515669,2.314061,2.304463,3.1792467,4.109119,4.161748,4.1362996,3.864877,4.6345477,4.225461,4.0873137,4.2229953,2.6457129,2.1852672,2.2577915,2.5024118,0.8473356,0.0,1.6799028,1.4696362,2.24356,2.3650897,2.1466925,2.4802275,2.136009,2.1672468,2.1381848,2.2626307,2.280961,2.111599,2.789989,2.6802053,2.4558983,2.41333,2.4968135,2.5314682,2.038391,1.5927929,3.5501626,3.561681,2.1316745,1.8089756,1.8371654,1.7984515,2.476138,2.269876,2.4177494,2.629538,2.26743,2.1739209,2.5027275,2.1104898,3.074464,2.6656973,2.713899,2.890571,2.1796827,2.8895986,1.9361584,2.018921,2.1433718,2.1425736,2.4520915,2.47723,1.932023,2.2871244,2.470531,2.699352,2.7072794,2.59532,2.9353025,2.6676722,2.5245564,2.6297984,2.5953848,2.6200712,3.0336778,2.2972577,2.7456915,2.7377136,2.9442444,2.9859376,3.3417094,3.3481803,1.9992588,2.1124566,2.0055535,1.8544027,2.0056303,2.3071275,1.8666811,2.2784793,2.2012348,2.2527854,2.4386654,2.46997,2.142986,1.9752021,2.2764823,2.0260966,2.5344658,2.575861,2.5104,3.206811,2.6687279,2.279002,2.8374076,2.3766108,2.5541043,2.2862422,2.4671426,2.2773438,2.5844092,2.3059423,2.4875286,2.5909915
30,3.3686912,2.3486094,2.1674807,2.0709207,2.2057018,2.0050714,2.6924212,2.1344519,2.3243659,2.1949098,1.678302,1.678302,3.0398586,2.8732755,2.9540558,4.0913057,4.3988805,4.533093,4.411841,4.0924773,5.013476,4.65332,4.5136967,4.8066044,2.719136,2.3869965,2.307206,3.240804,1.3575277,1.6799028,0.0,1.3603748,1.914437,2.591919,2.8583982,3.1337283,2.3354666,2.1881433,2.7034543,2.7298841,2.16896,2.0977674,3.237076,2.9790406,2.6778314,2.586018,2.6779401,2.7288315,2.341901,2.0319977,3.2355664,3.329948,3.0812476,2.2341776,2.173095,2.6369715,2.7641578,3.0522087,2.9768035,3.159497,2.7991712,2.6181934,2.9468873,2.7244773,2.943454,3.1477373,2.6135292,2.7788813,2.5307615,2.7983704,2.3209245,2.1383584,2.415965,2.4234645,2.878197,2.8163702,2.194782,2.328314,2.8847263,2.61037,2.802466,2.669398,3.1089087,2.848606,2.6370158,2.8644705,2.7555294,2.8121269,3.406999,2.486415,3.9078884,3.9292157,2.9247127,3.0578713,3.7635622,3.774873,1.706015,2.1194792,1.9847708,1.5764103,2.0920181,2.6081107,1.8907063,2.19585,1.7108212,1.5360577,3.120959,2.7100527,2.1659932,2.1319065,2.7571747,2.244046,2.451175,2.3916833,2.442798,3.222362,2.6808963,2.1500032,3.4372063,2.3059108,3.0373216,2.486705,2.813965,2.5884457,2.3665369,1.9363225,2.7943678,2.9409237
