,0,1,2,3,4,5,6,7,8,9,10,11,12,13,14,15,16,17,18,19,20,21,22,23,24,25,26,27,28,29,30,31,32,33,34,35,36,37,38,39,40,41,42,43,44,45,46,47,48,49,50,51,52,53,54,55,56,57,58,59,60,61,62,63,64,65,66,67,68,69,70,71,72,73,74,75,76,77,78,79,80,81,82,83,84,85,86,87,88,89,90,91,92,93,94,95,96,97,98,99,100,101,102,103,104,105,106,107,108,109,110,111,112,113,114,115,116,117,118,119,120,121,122,123,124,125,126,127
0,0.0,1.8117356,3.4652455,1.4339246,1.6488723,1.5541266,2.7216425,2.729867,3.3305717,2.6309674,2.641203,2.4174917,2.7153149,3.8703108,2.316797,2.6141372,2.93984,2.9043324,4.4521966,4.485033,3.4052305,2.7459974,2.765646,2.6492858,3.0813696,3.1567974,2.8331132,2.7349896,3.182452,3.6650507,3.3961527,3.9208887,3.2106676,3.5530827,3.2558246,3.2832859,3.8182943,3.7842317,3.0784848,3.801639,2.81595,2.839906,2.7642903,2.9255707,2.827802,3.2057707,1.4688383,3.5025313,3.2950423,2.604698,3.019473,3.2858405,2.3031814,2.914196,4.1990647,3.601576,2.4223552,2.3140779,4.0537133,3.0213885,2.7369452,2.607937,2.5467284,2.5377116,2.494063,2.6462476,2.7101796,2.5699537,2.790155,2.825623,2.877073,2.6816065,3.692235,3.4575858,3.748669,3.79032,3.59224,3.500388,3.5190196,3.4705424,1.8966976,2.2228143,2.1234272,2.181674,3.5004683,3.2923772,3.3393514,3.3480601,2.1205568,2.4221778,2.2786014,2.5124729,2.0874763,2.1940563,2.5687351,2.1064951,2.9938521,2.937422,3.08339,2.9928942,3.3326857,3.3231194,3.409133,3.4837472,4.251804,3.8242416,3.7509017,3.8495238,3.5693738,3.6443906,3.6481676,3.8447967,2.5344114,2.4948092,2.8703003,2.8816638,2.964996,2.5920694,2.1567285,2.25545,2.900327,3.8331344,2.8404193,3.1719754,2.1987493,3.794149,2.7253847,3.1235871
1,1.8117356,0.0,4.212755,1.2797242,2.5560355,2.3786628,3.4442253,3.4618137,3.6434789,3.1136403,2.9090924,2.7515209,3.1794558,4.544834,2.763052,3.0608792,3.6318226,3.5398917,3.7956653,3.816219,3.4102652,3.1570385,3.189392,3.0912752,3.4931467,3.622604,3.2555096,3.0996473,3.4771852,3.5556295,3.6299763,3.8547492,2.9550455,3.5430114,2.9812064,2.9543998,3.6314535,3.6348646,2.7795281,3.610464,3.2360518,3.401056,3.2060254,3.343671,3.1191232,3.4413614,2.5557508,3.1600385,3.1793547,3.0293133,2.9969587,2.7635345,2.834104,3.475157,4.2800055,4.171714,2.5588882,2.3584003,3.8003728,3.7234714,2.8143847,2.7357364,2.6723702,2.691464,2.8274968,3.0426128,3.3027306,3.1046784,3.013448,3.0801547,3.3962052,3.1870322,3.9881208,3.6588502,4.135294,4.035576,3.8014755,3.693384,3.7109938,3.7170408,2.7734134,2.6946323,2.7149282,2.6452749,3.8782809,3.3831449,3.7170188,3.7153385,2.7497344,2.9447048,2.9145432,3.2662191,2.745221,2.564567,3.665434,3.336552,3.1976979,3.1292536,3.0537803,3.2123682,3.4098141,3.3952394,3.5793579,3.589564,4.338589,3.9330795,3.9775167,3.9628117,3.7867599,3.7877932,3.7177474,3.9644494,2.6950128,2.8076124,3.291098,3.284182,3.219785,2.90409,2.4485478,2.5247214,3.6230705,4.4186463,3.760273,4.03517,3.0995345,4.367127,3.487642,3.6739771
2,3.4652455,4.212755,0.0,4.055024,4.227931,4.2072783,4.309617,4.2511215,4.9340034,4.65491,4.729823,4.626218,5.299535,4.472398,4.6333575,4.6238513,3.444641,3.9904327,4.6462765,4.779257,3.9905703,4.0338893,3.7947817,3.9081535,3.8142326,3.951277,3.9784338,3.797304,4.105647,4.646347,4.2888064,4.672053,3.5938025,4.541187,3.557829,3.6334605,3.7791936,3.7420158,3.7175148,3.7666337,2.7375593,2.6709774,2.7359076,2.7328227,3.4281366,2.9236193,3.0214126,3.1359065,4.1711206,3.901316,4.119496,4.571029,3.693745,3.838284,4.5029645,4.215061,3.4120512,3.537607,3.8259885,2.9756858,3.5511982,3.5103512,3.449338,3.4488094,3.8571439,3.927726,4.0112762,3.6966963,3.8281589,3.7944264,3.8813946,3.8820205,4.1464715,3.8988411,4.2468996,4.3120785,4.02552,3.9183068,3.8910348,4.087174,3.4409094,3.8867373,3.7258987,3.8634112,3.778193,3.5284514,3.8686585,3.890264,3.6912465,3.8246863,3.8715947,3.2444172,4.009328,3.7779448,3.2098505,3.3399894,3.5749815,3.5888891,3.8439817,3.594807,3.8489146,3.849818,3.806906,3.9420297,3.7506983,3.3919914,3.267442,3.434017,3.4069064,3.0529587,2.9761925,2.958475,4.3549137,4.5212626,4.2000413,4.2008357,4.0132747,3.7857578,3.5585532,3.5132685,3.1818342,4.681285,2.8888402,2.810015,3.0563047,3.8820539,2.9270854,3.236242
3,1.4339246,1.2797242,4.055024,0.0,1.822912,1.7400856,2.8412998,2.8629882,3.3138618,2.6990848,2.539742,2.3815506,2.821456,4.3064947,2.4548128,2.7474096,3.0938709,2.9573941,4.5661817,4.6155686,3.6489317,2.8999221,2.831051,2.7481308,3.1186235,3.200362,2.921778,2.7882462,3.1432493,3.2342606,3.2744136,3.4992626,2.7262523,3.3393488,2.8113084,2.7655218,3.397109,3.3964632,2.6015089,3.3766184,2.9632177,3.0940728,2.8930666,3.0291927,2.7801483,3.1312876,2.2247777,3.4344664,3.365186,2.677406,2.7533963,2.8654797,2.502844,3.0098872,4.00393,3.8780072,2.4653242,2.2386365,3.7514608,3.6502984,2.637586,2.5485084,2.535528,2.5391018,2.5524576,2.778677,2.7592463,2.8016813,2.7942765,2.831927,2.8564098,2.653578,3.4859655,3.3919652,3.6271713,3.5516467,3.5727723,3.464503,3.4961653,3.4813876,2.5642598,2.0746124,2.1201215,2.0656104,3.609325,3.292094,3.2290385,3.2271478,2.06729,2.3464534,2.2384334,2.726903,2.2338715,2.221407,3.1512222,2.8014796,2.9954174,2.9516041,2.8968005,3.026303,3.1874888,3.1718392,3.3706338,3.4016306,4.2673607,3.8718784,3.8883305,3.8990562,3.649448,3.6591723,3.61426,3.8105934,2.4000018,2.469037,2.901954,2.928217,2.9305227,2.6047866,2.0875795,2.140326,3.217764,4.017832,3.3125432,3.6312788,2.8283591,4.1484494,3.1997566,3.4223058
4,1.6488723,2.5560355,4.227931,1.822912,0.0,0.23907928,2.3667412,2.4442239,3.6029673,3.082589,2.9147263,3.0752635,2.6800077,4.172411,2.7442038,3.0373352,3.2173135,3.0794492,5.339942,5.402842,4.1874256,3.1809602,3.154799,3.0699143,3.5568373,3.5720234,3.2846224,3.249895,3.3348255,3.7769194,3.6309838,3.814823,3.0348232,2.782927,3.0537786,3.0796747,3.6277173,3.6012282,2.8594348,3.5958927,3.131644,3.0312233,2.9753802,3.1992073,2.977176,3.3919039,2.4269457,3.9021516,3.6076567,2.3902972,2.760104,3.106296,2.4294858,3.0012684,4.4257793,3.0053196,2.7200353,2.4793863,4.7127433,3.9980857,2.866046,2.8096213,2.7949483,2.7712946,2.713954,2.880564,2.6864924,2.7917247,3.0341308,3.0191498,2.8869228,2.709508,3.5436444,3.5316355,3.606661,3.6658237,3.654634,3.5698764,3.5943398,3.3286421,2.5766766,1.9431809,2.0328007,2.0279152,3.474268,3.5070999,3.2861881,3.288558,1.949149,2.3045266,2.0877128,2.4222047,1.4232985,2.205728,3.1134992,2.6986842,3.0308163,2.9967053,3.4177928,3.0436614,3.3887484,3.3766215,3.548425,3.610791,4.416577,4.0271683,4.006925,4.0464125,3.7845623,3.8303664,3.8248086,3.9956007,2.6127532,2.339038,2.9512284,2.996095,3.1826591,2.764878,2.3157327,2.4789767,3.5419602,3.904806,3.4877326,3.7219038,2.8093872,4.1751213,3.3252962,3.7740843
5,1.5541266,2.3786628,4.2072783,1.7400856,0.23907928,0.0,2.3994334,2.4761226,3.5720007,3.038849,2.86849,3.0172062,2.6351933,4.146647,2.6755009,2.9815936,3.2248466,3.0842044,5.1896,5.247299,4.0734015,3.126208,3.1179876,3.0226104,3.5409172,3.562364,3.2496483,3.2118208,3.3079948,3.7391553,3.610768,3.8043413,2.976261,2.7339332,2.9869132,3.016447,3.601963,3.5758882,2.7853675,3.5672698,3.095032,3.008053,2.9422,3.1706927,2.9475403,3.3736117,2.3802075,3.801073,3.5102725,2.3527846,2.7174618,2.992347,2.3969681,3.0046399,4.4057155,2.998707,2.6548166,2.4087658,4.6671023,3.9673939,2.8236241,2.762631,2.740492,2.7179236,2.6617665,2.8308134,2.6956441,2.7608304,2.985527,2.9769304,2.9033787,2.7166297,3.5753026,3.5159605,3.6403716,3.6884604,3.6318266,3.5465562,3.5703113,3.3108685,2.5129395,1.9355778,2.017321,2.00929,3.4527104,3.4439209,3.3064897,3.3085444,1.9567119,2.3015394,2.0930116,2.431364,1.3957999,2.1406803,3.1379013,2.714287,2.9932613,2.9492943,3.3614953,2.9993005,3.3597968,3.3479192,3.5156035,3.5760393,4.382044,3.979927,3.9653213,4.0006404,3.743061,3.7903523,3.7796528,3.9633927,2.5506418,2.2878718,2.9341981,2.9750361,3.1387815,2.7111974,2.2576635,2.424364,3.5582314,3.9135244,3.5020077,3.7339745,2.7824073,4.1713076,3.3083045,3.7517083
6,2.7216425,3.4442253,4.309617,2.8412998,2.3667412,2.3994334,0.0,0.16199136,4.1222043,2.8206697,3.482643,3.5829046,3.6009643,4.7493305,3.4014168,2.8201463,2.502458,2.1721425,4.912627,4.973537,3.5967965,2.323085,2.2529182,2.073446,2.8018432,2.6976037,2.388343,2.2875936,2.5664814,3.0227578,2.835108,3.1844468,3.5284495,3.752943,3.6459713,3.691538,4.059744,4.0383787,3.55359,4.0858774,3.7488432,3.185824,3.5346394,3.7269347,2.3289347,2.633668,2.9450161,4.041442,3.4800072,3.087885,3.3346312,3.7738407,3.1634252,2.8566766,4.145739,3.0241766,2.6498508,3.1308682,4.2769775,3.6449225,3.513703,2.5388656,2.5410688,2.5238743,2.8787029,3.0148711,2.8433015,3.174179,3.0003445,2.965892,2.9006171,2.7419415,3.5735142,3.5561593,3.6058614,3.6740127,3.7186189,3.6061654,3.6371944,3.5019264,2.9472587,2.5560195,2.1858184,2.2205355,3.4088356,3.4732282,3.1362739,3.1448495,2.5180721,2.4562492,2.6570814,2.9467976,2.3379517,2.7698007,2.91191,3.008004,3.173203,3.1051605,3.5472884,3.0687406,3.784486,3.7614977,3.5449908,3.9011602,4.4129286,4.0508585,3.9845886,4.048024,3.7603226,3.939846,4.241976,4.041156,2.5696933,2.3734174,2.758516,2.8395529,2.5939085,3.0009663,2.258063,2.4050834,3.3825321,3.8648014,3.2601817,3.6414776,2.7504535,4.0970078,3.2320693,3.5119438
7,2.729867,3.4618137,4.2511215,2.8629882,2.4442239,2.4761226,0.16199136,0.0,4.130375,2.8092291,3.5003715,3.5875602,3.6430244,4.748169,3.404205,2.7979789,2.4668667,2.13723,4.8745136,4.9349055,3.545865,2.2714167,2.2158778,2.0311215,2.7651157,2.6543274,2.3608375,2.2324212,2.561281,3.0262434,2.8271594,3.2102232,3.5538702,3.8130114,3.6730092,3.7173111,4.094791,4.073301,3.5879724,4.117957,3.733017,3.161055,3.528424,3.711648,2.3243692,2.6057334,2.9377546,4.036457,3.44584,3.1304731,3.3521993,3.832548,3.1669102,2.824057,4.1464906,3.0687444,2.6749213,3.1760066,4.231109,3.5769157,3.5467706,2.5533867,2.552124,2.5388691,2.9104323,3.0390909,2.880521,3.207139,3.0251145,2.9927015,2.931437,2.7767332,3.5966506,3.5753787,3.6312926,3.691812,3.7335362,3.6242015,3.655996,3.5393372,2.9506705,2.6025364,2.2176125,2.258689,3.4159093,3.4766753,3.1569746,3.1651313,2.5558622,2.4806077,2.6889036,2.9714503,2.426641,2.8013175,2.890444,2.999291,3.1726277,3.101893,3.5396147,3.069643,3.7907598,3.7683916,3.5408435,3.9099493,4.402248,4.035068,3.9645967,4.031481,3.7447908,3.9206502,4.2318788,4.018391,2.611062,2.4248946,2.770716,2.8515594,2.5852184,3.0151196,2.2793744,2.4124944,3.364554,3.9197094,3.232448,3.615802,2.7400217,4.0966587,3.212851,3.490761
8,3.3305717,3.6434789,4.9340034,3.3138618,3.6029673,3.5720007,4.1222043,4.130375,0.0,2.4584103,1.2356669,2.3285973,2.50664,4.193766,2.0614924,2.377939,3.0075235,2.678621,5.0081587,5.034927,3.9714277,3.2561798,2.7725098,3.1755476,2.6694324,2.6797886,2.9010184,2.8892932,2.7858305,2.9640372,2.7016504,4.1797767,3.7970662,4.854463,3.937284,3.9487846,3.9090343,3.8550072,4.338212,3.923745,3.8385663,4.1075234,3.960562,4.0166383,3.6498108,4.245399,3.8956223,4.3095856,4.234898,3.1686122,3.7347105,3.7293441,3.350466,3.4180913,3.719174,4.3476486,3.707677,3.6060014,4.587656,4.3683057,3.3624294,3.668781,3.6781545,3.6560054,4.149328,4.0488424,4.0403595,3.7597969,3.84988,3.8547964,3.7992516,4.0132184,3.6574934,3.607306,3.5978513,3.4875367,3.5892227,3.651896,3.6424732,3.7004728,4.3445983,4.1297655,4.042049,4.0994897,3.2695796,3.710544,3.5893407,3.5659096,3.9119925,3.8338087,3.8622687,4.331932,4.147184,3.958201,4.0521827,4.3013706,4.1123266,4.078639,4.2545004,4.138376,4.2973094,4.3267307,4.0611477,3.8431597,4.6017113,4.7415833,4.68495,4.7569423,4.457571,4.7344966,4.760683,4.898323,4.1646357,4.2799,3.6545408,3.675068,4.7410107,4.574065,4.200584,3.9843323,4.2844253,4.70466,4.222782,4.487872,4.042841,4.1168876,3.7214675,3.8274343
9,2.6309674,3.1136403,4.65491,2.6990848,3.082589,3.038849,2.8206697,2.8092291,2.4584103,0.0,1.6986141,1.3980144,2.1064,3.7510653,1.5494827,1.017347,2.294548,1.9223489,4.6162243,4.6192513,2.9425328,1.9935716,1.9922425,1.7864008,2.5799158,2.5377293,2.1669192,2.0956209,2.5877638,2.5878797,2.6050465,4.191703,3.6975553,4.487648,3.8695936,3.9088438,4.3264318,4.294323,3.8464699,4.372442,3.7422462,3.7625487,3.7960236,3.9088824,3.1882322,3.7034101,3.2245991,4.553675,3.9206808,3.3343887,3.806248,3.7758296,3.4149392,3.304158,4.120002,4.1834097,3.1494944,3.3499575,4.1947713,3.9477174,3.6938202,3.169162,3.1407723,3.1284585,3.37217,3.376253,3.4000564,3.6240587,3.4928694,3.5055456,3.474199,3.3781793,4.3522897,4.247205,4.3300195,4.3071346,4.363575,4.3199954,4.3146706,4.3891225,3.585321,3.4160118,3.183567,3.2418141,3.8206165,4.1179266,3.9537413,3.9529994,3.3603115,3.2708015,3.3712316,3.7634702,3.5558083,3.4699194,3.7290738,3.6777384,4.020601,3.9315634,4.005897,3.9161394,4.2871327,4.291483,4.0138855,4.220346,4.9450846,4.6075473,4.528637,4.6195855,4.3360977,4.5918417,4.74541,4.742407,3.3877463,3.5159173,3.4841692,3.5261793,3.7410488,3.8423269,3.3264935,3.2311764,3.9701655,4.3961077,3.841942,4.1652284,3.693871,4.768069,3.840389,3.960265
10,2.641203,2.9090924,4.729823,2.539742,2.9147263,2.86849,3.482643,3.5003715,1.2356669,1.6986141,0.0,1.5855684,1.6802765,3.750554,1.1837715,1.5958083,2.6256447,2.383158,4.579665,4.598474,3.6623614,2.6888182,2.4257479,2.6037564,2.5691028,2.677318,2.603233,2.556819,2.5717108,2.69485,2.5906527,4.0075235,3.4566836,4.3280272,3.5878115,3.6091537,3.7875202,3.7442012,3.7571208,3.8188407,3.5473561,3.775425,3.6115322,3.7174885,3.2952545,3.9156506,3.3941517,4.226989,3.8845997,2.9120207,3.4054337,3.3921251,3.1221817,3.3668704,3.960175,4.0334296,3.0855389,2.9933462,4.222466,4.014061,2.986604,3.0569904,3.0595117,3.0504239,3.6651297,3.6104338,3.5944872,3.5386176,3.5553858,3.566826,3.5289345,3.6042476,3.748332,3.6555324,3.7194848,3.6461294,3.728956,3.7485428,3.73108,3.751334,3.8000076,3.4556506,3.404198,3.4329555,3.4681773,3.76279,3.5358055,3.5197291,3.3294017,3.297349,3.3325531,3.7900062,3.5254455,3.395808,3.8157847,3.8539803,3.8809671,3.836678,3.914131,3.8767345,4.0587206,4.079335,3.8664029,3.787541,4.6388793,4.5509686,4.503168,4.563311,4.297587,4.5332103,4.5648165,4.7031937,3.626761,3.7440495,3.4846725,3.5021367,4.128302,3.9659555,3.637063,3.469469,3.9578876,4.465443,3.988611,4.260344,3.7343154,4.353023,3.6525946,3.829438
11,2.4174917,2.7515209,4.626218,2.3815506,3.0752635,3.0172062,3.5829046,3.5875602,2.3285973,1.3980144,1.5855684,0.0,2.1475713,3.6432004,1.5444454,1.8717828,2.9003851,2.7198696,4.8799567,4.895644,3.566621,2.7804303,2.7192311,2.6228356,3.1197479,3.1431754,2.8824317,2.7593722,3.2235227,3.0720167,3.1606498,4.545249,3.707765,4.6628456,3.8192844,3.8458128,4.245671,4.216441,3.7858236,4.2986116,3.5983963,3.9551368,3.7143571,3.8289275,3.6055102,4.0851374,3.004706,4.5303245,4.0735536,3.2725558,3.774839,3.4396334,3.2798169,3.597748,3.976213,4.3774304,3.1787128,3.1173368,4.0324507,4.0095997,3.4937763,3.3292673,3.271456,3.2572937,3.53234,3.5930464,3.5718772,3.666963,3.6693077,3.7220848,3.6815827,3.5699313,4.394019,4.278743,4.4113226,4.385807,4.439956,4.370661,4.351926,4.484569,3.4991894,3.3938012,3.3032384,3.3490872,3.9551842,4.227447,4.103048,4.113084,3.3446584,3.4164746,3.4082665,3.7092226,3.6160104,3.4766643,3.7757466,3.560044,4.03292,3.9766953,4.050458,3.9911406,4.099307,4.0973654,4.0443373,4.1163654,4.8939085,4.5592027,4.5119295,4.589453,4.3121395,4.5113196,4.5636897,4.695023,3.5216048,3.776131,3.7788413,3.8025079,4.2247205,4.067304,3.341598,3.260451,3.83141,4.2078424,3.7763495,4.0611906,3.7434802,4.780028,3.884758,3.92973
12,2.7153149,3.1794558,5.299535,2.821456,2.6800077,2.6351933,3.6009643,3.6430244,2.50664,2.1064,1.6802765,2.1475713,0.0,3.7637691,1.3888417,1.942613,3.327228,3.143094,5.2647395,5.233681,4.1529818,3.3398862,3.2248247,3.1127758,3.552468,3.6432054,3.3039846,3.3431487,3.2769353,3.5508566,3.4784312,4.7184854,4.005531,4.079456,4.1436706,4.151646,4.6160893,4.58766,4.022625,4.6164026,4.008843,4.167835,4.118838,4.2053657,3.9789064,4.5863004,3.6865735,5.030099,4.545577,3.4983099,4.128797,3.9648218,3.7863145,3.9637768,5.1334553,4.3661623,3.7421703,3.5990703,5.3689427,4.7864895,3.8895626,3.8373783,3.790169,3.785778,3.973944,3.8955395,3.8754888,4.0852733,4.1850457,4.1814084,4.0989475,4.043379,4.8084335,4.738343,4.742217,4.6963696,4.748263,4.8007483,4.7932673,4.645982,4.0408325,3.707176,3.709576,3.7102215,4.477168,4.715859,4.5525064,4.5272384,3.6762424,3.6896646,3.61303,4.117889,3.545499,3.6740131,4.451405,4.164771,4.4841175,4.4295344,4.443448,4.46112,4.653448,4.678921,4.5583067,4.6067367,5.519279,5.207633,5.1868596,5.2266498,4.990886,5.141771,5.1662474,5.3332295,3.9982932,3.9277623,4.075554,4.100536,4.3533216,4.103005,4.1028194,3.9795358,4.712992,4.7642517,4.7243047,4.9292727,4.3202667,5.327193,4.5255814,4.852467
13,3.8703108,4.544834,4.472398,4.3064947,4.172411,4.146647,4.7493305,4.748169,4.193766,3.7510653,3.750554,3.6432004,3.7637691,0.0,3.544532,3.7674432,3.3468149,4.210939,5.6925774,5.773738,4.8371177,4.230065,4.320776,4.226997,4.4934673,4.5021243,4.363568,4.2871614,4.564,4.693818,4.629216,5.7379074,4.930644,5.3079844,4.8934207,4.9833994,5.2709994,5.225474,4.886385,5.3387737,4.5739183,4.824493,4.7167916,4.8665957,4.793494,5.2879114,4.2842956,5.5616302,5.19638,4.5559864,4.9609003,4.787334,4.561341,5.072016,5.65753,4.071614,4.5358167,4.463957,5.5252776,5.17673,4.793131,4.765107,4.745194,4.738251,4.756436,4.771923,4.7743406,4.8314147,4.996996,4.9741344,4.942886,4.833977,5.5801306,5.334975,5.5656033,5.621019,5.484008,5.4540324,5.433864,5.477093,4.652085,4.6533995,4.5854344,4.6763215,5.2491083,5.3580103,5.2578897,5.26422,4.550237,4.7149024,4.5429416,3.6467574,4.611914,4.620253,4.9562507,4.7588534,4.841079,4.830862,4.7827706,4.853162,4.909312,4.910043,4.9417634,5.168435,4.830627,4.3789535,4.3336926,4.394673,4.325446,4.4922986,4.5406613,4.70626,5.445572,5.533925,5.555068,5.588278,4.6221466,4.1690307,4.5314894,4.5225058,5.108911,5.430399,4.5640464,3.9487894,4.77256,5.766352,5.0100384,5.174446
14,2.316797,2.763052,4.6333575,2.4548128,2.7442038,2.6755009,3.4014168,3.404205,2.0614924,1.5494827,1.1837715,1.5444454,1.3888417,3.544532,0.0,1.1325079,2.7554696,2.5189214,4.5856924,4.57768,3.396807,2.3971539,2.5493803,2.4284718,3.0250158,3.1050646,2.7466497,2.7506034,3.0111194,3.18498,3.155299,4.449136,3.672503,4.252255,3.761219,3.8032506,4.305575,4.269302,3.7105443,4.30708,3.5893848,3.7965448,3.6536005,3.763617,3.4029136,4.091734,3.0789096,4.5025682,3.8557756,2.9289167,3.5039566,3.599286,3.108019,3.2771416,4.447588,4.11644,3.2353203,3.1513474,4.4166536,3.9038637,3.4051614,3.2734864,3.2602282,3.2559798,3.558127,3.4285238,3.4927495,3.6657367,3.6890852,3.7105107,3.6960647,3.6668873,4.3411775,4.2135487,4.270706,4.2134886,4.180901,4.2524323,4.2456384,4.2664027,3.4131565,3.2280931,3.1680996,3.2105126,3.8774648,4.1099644,4.0466228,4.0203533,3.1593437,3.1149883,3.0696206,3.6123872,3.3721945,3.096984,3.8065968,3.558881,3.9199846,3.8361301,3.9525378,3.8778722,4.0908446,4.1231575,3.9007368,3.9766595,4.9094586,4.579032,4.5139236,4.5830317,4.3273396,4.5086184,4.565661,4.71097,3.4705029,3.5403593,3.4925125,3.50812,4.000694,3.7984107,3.5836267,3.3339126,4.0702314,4.697256,4.0244584,4.2691393,3.7027726,4.792569,3.8376956,4.112509
15,2.6141372,3.0608792,4.6238513,2.7474096,3.0373352,2.9815936,2.8201463,2.7979789,2.377939,1.017347,1.5958083,1.8717828,1.942613,3.7674432,1.1325079,0.0,2.2327704,1.8651779,4.2765117,4.2629194,2.955637,1.7129796,1.8927069,1.6780891,2.4999948,2.5274928,2.0866258,2.069578,2.4666998,2.6434445,2.6020038,4.095466,3.7911105,4.4703336,3.9259918,3.9742165,4.424129,4.390706,3.8947506,4.4470563,3.7987828,3.778358,3.8221636,3.9315364,3.0417283,3.7345562,3.1903286,4.490518,3.7362626,3.131702,3.6695304,3.8021235,3.338112,3.1359456,4.29019,4.011053,3.104566,3.3218658,4.1939163,3.697474,3.6109562,3.0732791,3.0666916,3.0651999,3.5082054,3.3710203,3.4461834,3.714247,3.5786448,3.5910676,3.608364,3.5781527,4.2892246,4.149669,4.205614,4.1485004,4.135387,4.1955514,4.1931257,4.244712,3.454006,3.3174596,3.0994804,3.1540148,3.79237,4.015687,3.914098,3.8886564,3.2386358,3.0571954,3.1597846,3.6908016,3.4677255,3.1885087,3.6575544,3.5946012,3.8649418,3.7647345,3.8767228,3.776138,4.1591883,4.1850996,3.802186,4.019716,4.8298416,4.4994755,4.4177938,4.4932857,4.2224803,4.467674,4.658306,4.650103,3.3406084,3.4193332,3.3109798,3.342688,3.638078,3.7313874,3.4527922,3.1973126,3.9534092,4.5930514,3.872584,4.167908,3.590106,4.700003,3.7332711,3.9450438
16,2.93984,3.6318226,3.444641,3.0938709,3.2173135,3.2248466,2.502458,2.4668667,3.0075235,2.294548,2.6256447,2.9003851,3.327228,3.3468149,2.7554696,2.2327704,0.0,1.2625768,4.412879,4.4918013,3.216421,2.0606713,1.4525449,1.6289495,1.5998145,1.6244445,1.6525538,1.6569546,1.7768668,2.0706038,1.8145654,3.0640304,3.3687227,4.4143806,3.4928746,3.560329,3.633372,3.5885975,3.6428795,3.6988022,3.339496,3.1603222,3.2594042,3.378113,2.126747,2.694774,2.955525,3.8080387,3.8414671,2.9829729,3.6237376,3.723969,3.3533213,3.005367,3.5609431,3.1927016,2.7107759,3.095464,3.6231966,3.3893151,3.2305994,2.6717393,2.7223709,2.6946898,3.1856613,3.098198,2.989116,3.1944232,3.063581,3.0148108,2.9314132,3.0118773,3.296777,3.2035,3.2080991,3.2173412,3.2901309,3.302502,3.3002467,3.438209,3.2805736,3.079635,2.7534974,2.877164,3.16427,3.1766837,2.8756113,2.8586674,2.8256242,2.6646566,2.8225312,2.713557,3.1773877,2.9957118,2.843516,3.1949701,3.258899,3.2266743,3.25265,3.1909413,3.6021538,3.6178935,3.1729105,3.440886,3.6638856,3.4358814,3.3365996,3.4419286,3.1625957,3.3808663,3.6512654,3.496463,3.4190447,3.6022658,3.182797,3.2441428,2.8358345,3.0042431,2.9208856,2.6528003,3.1092038,3.7217677,2.7160156,2.7419891,2.9134574,3.761262,2.8366368,2.952487
17,2.9043324,3.5398917,3.9904327,2.9573941,3.0794492,3.0842044,2.1721425,2.13723,2.678621,1.9223489,2.383158,2.7198696,3.143094,4.210939,2.5189214,1.8651779,1.2625768,0.0,4.5705376,4.61342,2.9394753,1.6403111,0.74397534,1.0874044,1.4273299,1.3063571,1.4506245,1.4751788,1.5557995,1.8120463,1.5892102,2.9011428,3.284641,4.3475723,3.4372354,3.4951732,3.651065,3.6040792,3.624691,3.6779459,3.3302839,3.0900981,3.2123384,3.3222237,1.9093428,2.5969958,2.9484236,3.782009,3.495664,2.655791,3.3190198,3.551192,3.0396576,2.3731074,3.1832693,3.41112,2.7647932,3.1664095,3.6795616,3.425428,3.2449174,2.6219316,2.6552527,2.6188567,3.011365,2.868373,2.76863,3.009238,2.81164,2.7851765,2.6856682,2.817875,3.1189687,3.1352978,2.993017,2.9662983,3.0960188,3.1429784,3.1556437,3.2797513,3.1983585,2.9404442,2.5645094,2.6721723,2.7157526,2.9592264,2.72622,2.696326,2.7000287,2.4016423,2.6443663,3.14257,3.080362,2.8405259,2.7578983,3.1285405,3.2776325,3.2070146,3.4962554,3.1705573,3.7019827,3.7257075,3.1903222,3.3966627,4.051079,3.8878834,3.788045,3.9010503,3.5467124,3.7885406,4.05816,3.9042397,2.9786036,3.133261,2.5936542,2.6683428,3.1457956,3.4179952,2.8927286,2.551325,3.206698,3.719496,2.9338672,3.3317306,2.8825243,3.7070827,2.7532501,2.903073
18,4.4521966,3.7956653,4.6462765,4.5661817,5.339942,5.1896,4.912627,4.8745136,5.0081587,4.6162243,4.579665,4.8799567,5.2647395,5.6925774,4.5856924,4.2765117,4.412879,4.5705376,0.0,0.41767645,3.3093703,3.7993796,3.9324627,3.9737844,4.00962,4.302625,3.9591389,3.822299,4.1209664,4.3404193,4.242712,4.7656116,4.582319,5.5193815,4.605474,4.665745,4.760721,4.749835,4.669546,4.8232493,4.8149486,4.6607704,4.754479,4.8538756,3.9498024,4.0973444,4.566203,3.6591513,3.9604006,4.7271843,4.647615,4.6592317,4.753299,4.8925,5.256333,5.381143,3.5244057,3.914714,3.8314328,3.6862626,3.9954746,3.5132782,3.4830232,3.5319264,4.5497866,4.5274725,5.0250025,4.678309,4.292667,4.3212123,4.9022617,4.8944263,5.125834,4.5254884,5.1840024,5.113275,4.5765114,4.5527806,4.502241,4.682318,4.602493,4.9360685,4.7696166,4.749139,4.7751436,4.266819,4.760085,4.748348,4.9338417,4.772619,5.0864797,5.117521,5.076971,4.564254,4.9751,5.1940465,4.507633,4.4459147,4.3925204,4.4362288,4.8317175,4.8453298,4.4631066,4.5839753,4.7680683,4.637489,4.590313,4.613135,4.6630106,4.73614,4.832804,4.8088684,4.595982,4.8081393,4.643788,4.583855,4.461543,4.6717744,4.5650043,4.4521246,4.6039467,6.0119576,4.8771596,5.0888853,4.374046,4.9742475,4.3657055,4.444977
19,4.485033,3.816219,4.779257,4.6155686,5.402842,5.247299,4.973537,4.9349055,5.034927,4.6192513,4.598474,4.895644,5.233681,5.773738,4.57768,4.2629194,4.4918013,4.61342,0.41767645,0.0,3.354154,3.8626006,3.972402,3.9942849,4.055477,4.3515377,4.002715,3.8981779,4.1563716,4.3999887,4.290636,4.8654876,4.7121344,5.600701,4.7423444,4.8000903,4.9415793,4.930543,4.800652,4.9949403,4.9009485,4.739525,4.8504477,4.9305058,4.074508,4.22902,4.6397867,3.8040643,4.051055,4.842972,4.802939,4.7789836,4.876647,4.9845524,5.3918405,5.495466,3.6967278,4.0858927,4.0445104,3.8043265,4.1785846,3.6806114,3.640204,3.6887267,4.6924686,4.6530414,5.159971,4.83362,4.455823,4.484411,5.063445,5.0547037,5.289784,4.6899753,5.3296885,5.251832,4.7112994,4.705626,4.665046,4.8300147,4.676069,5.0565424,4.8776083,4.8594303,4.90837,4.392726,4.9282804,4.9130673,5.044382,4.878829,5.1726274,5.2637224,5.1664033,4.6463213,5.0643826,5.2684064,4.7301574,4.660566,4.574582,4.6577015,5.0736175,5.089522,4.6950297,4.809824,5.042179,4.8982363,4.8561225,4.8804035,4.902441,4.970917,5.0744166,5.0548387,4.684378,4.885758,4.747633,4.690294,4.5445857,4.76555,4.6987576,4.574448,4.75529,6.0821767,5.0149417,5.2488346,4.483957,5.1049595,4.475956,4.569579
20,3.4052305,3.4102652,3.9905703,3.6489317,4.1874256,4.0734015,3.5967965,3.545865,3.9714277,2.9425328,3.6623614,3.566621,4.1529818,4.8371177,3.396807,2.955637,3.216421,2.9394753,3.3093703,3.354154,0.0,2.222189,2.4316125,2.2967327,3.1328847,3.1363869,2.751527,2.7439911,3.3152826,3.424554,3.4104383,4.2969203,3.5108545,4.451341,3.6107469,3.6873822,4.1381583,4.114995,3.6491678,4.1590595,3.700212,3.4746113,3.6921632,3.7831762,2.8662226,3.1446152,3.4226189,3.5005789,3.277828,3.545046,3.697271,3.9137368,3.4512873,3.0043633,4.145688,4.7165856,3.2679195,3.600077,3.8857877,3.6471226,3.9011135,3.3198886,3.270554,3.264706,2.850114,2.7897172,3.3435538,3.266131,2.878858,2.874773,3.2890797,3.2099135,4.606564,4.304,4.6034827,4.580664,4.2173214,4.1968775,4.187824,4.3705735,3.5736144,3.8354993,3.5286996,3.558655,3.6253233,3.636038,4.1380672,4.1169844,3.8168824,3.5918171,3.8417373,4.138942,4.066464,3.5890815,4.0309877,4.097658,3.801245,3.6759207,3.9995947,3.6080096,4.199797,4.224786,3.7751665,4.0632095,4.525738,4.1419683,4.030067,4.151966,4.0190096,4.118504,4.235174,4.188478,3.467346,3.603831,3.3132455,3.3054945,3.7988946,4.005426,3.5040088,3.3079963,4.132716,5.153062,3.9585793,4.3084235,3.5969098,4.626362,3.6780796,3.8482559
21,2.7459974,3.1570385,4.0338893,2.8999221,3.1809602,3.126208,2.323085,2.2714167,3.2561798,1.9935716,2.6888182,2.7804303,3.3398862,4.230065,2.3971539,1.7129796,2.0606713,1.6403111,3.7993796,3.8626006,2.222189,0.0,1.442288,1.1341006,2.4123597,2.3886814,1.8159453,1.9450771,2.610044,2.718768,2.712823,3.669022,3.4870114,4.4106026,3.543973,3.650129,4.0264482,3.9948587,3.5499632,4.0879216,3.716681,3.474119,3.548417,3.73924,2.1606634,2.9168315,2.77504,3.8676345,3.0520408,2.6229835,2.9707682,3.4950893,2.7467027,2.365807,3.6203825,3.5813925,2.4998717,2.9097054,3.309219,2.9213424,3.2609618,2.379604,2.4493482,2.4301512,2.7818382,2.6641915,2.8097124,3.1114917,2.785781,2.7866826,2.9152675,2.8682017,3.7486672,3.5819945,3.674128,3.7101755,3.5331056,3.559964,3.5665305,3.7356794,2.8064895,2.7276945,2.3898637,2.4565866,3.1301687,3.3565185,3.2846985,3.261529,2.663178,2.4234574,2.6413348,3.0875762,3.090542,2.5876489,2.9965572,3.0790293,3.2502778,3.1326957,3.6113427,3.088413,3.6701322,3.6900108,3.1889894,3.5329657,4.1973915,3.8332882,3.689985,3.8005664,3.5416973,3.7949073,4.07288,3.9514637,2.575473,2.7412698,2.5273206,2.5526032,3.1678257,3.4351463,2.7144768,2.400417,3.2682648,4.489631,3.1197276,3.5069013,2.824198,4.0832324,3.0360286,3.205922
22,2.765646,3.189392,3.7947817,2.831051,3.154799,3.1179876,2.2529182,2.2158778,2.7725098,1.9922425,2.4257479,2.7192311,3.2248247,4.320776,2.5493803,1.8927069,1.4525449,0.74397534,3.9324627,3.972402,2.4316125,1.442288,0.0,0.7697477,1.2434665,1.2731725,1.296135,1.2789731,1.4273522,1.6715386,1.4649193,2.7348804,3.0855727,4.2486553,3.2291632,3.2926433,3.4375978,3.3940663,3.4022834,3.4768088,3.1633055,2.9160352,3.0399058,3.1549196,1.5582886,2.2822638,2.7454898,3.3214617,3.1295056,2.5384796,3.1559627,3.2762706,2.9135551,2.2924645,3.0287807,3.4764967,2.3775897,2.8608747,3.3043401,3.0982914,2.9781914,2.2689886,2.2693846,2.2388146,2.723029,2.5749855,2.625846,2.766573,2.4657543,2.4545026,2.5299444,2.6480753,3.084571,2.9752502,2.9775703,2.9443896,2.9181273,2.9578848,2.9551795,3.1208167,2.9804587,2.8677175,2.48339,2.5594025,2.5816617,2.693417,2.6531708,2.6205933,2.662226,2.3359709,2.6630955,3.1581454,3.0312414,2.6769247,2.712753,3.0841935,3.0932856,3.0203385,3.3280573,2.9682841,3.5329204,3.5591109,2.9888432,3.199706,3.8686428,3.6932297,3.6003044,3.7119853,3.3947341,3.6077201,3.870245,3.7261684,2.7673142,2.9831698,2.4326854,2.4820068,3.036358,3.3365455,2.7250009,2.3592818,2.9909844,3.6473312,2.8244326,3.2835042,2.6625156,3.5508611,2.5394611,2.6826253
23,2.6492858,3.0912752,3.9081535,2.7481308,3.0699143,3.0226104,2.073446,2.0311215,3.1755476,1.7864008,2.6037564,2.6228356,3.1127758,4.226997,2.4284718,1.6780891,1.6289495,1.0874044,3.9737844,3.9942849,2.2967327,1.1341006,0.7697477,0.0,1.8726364,1.8968972,1.4884869,1.5534612,1.922693,2.031044,2.0384693,3.1467862,3.248406,4.2080894,3.3741314,3.4481218,3.814035,3.7828043,3.3480191,3.8553214,3.3363698,3.080758,3.203952,3.3355281,1.8066312,2.5096076,2.6331127,3.6797583,3.244187,2.6988752,3.312459,3.393417,3.065751,2.4764104,3.4880538,3.5905697,2.4438627,2.931733,3.4349885,3.1729722,3.2863896,2.3988023,2.389749,2.3651807,2.6556509,2.5069766,2.5870576,2.9848895,2.6553702,2.6514897,2.7311532,2.7053728,3.6418655,3.5227158,3.5381103,3.5294118,3.471322,3.5073707,3.5082953,3.647498,2.7976239,2.7039638,2.3041124,2.3735662,3.1065712,3.1872058,3.167205,3.138156,2.5840912,2.271496,2.5607975,3.077608,2.9335842,2.5535896,2.869101,2.9913344,3.2781625,3.1827059,3.4555073,3.1172957,3.679194,3.7034862,3.1792707,3.516328,4.22518,3.847584,3.7556279,3.8597195,3.5672188,3.741162,4.0202236,3.8739378,2.6247454,2.8376222,2.5995572,2.6481552,2.9160495,3.244467,2.6487558,2.2756512,3.1513503,3.7914922,2.9800363,3.4097219,2.797795,4.0639286,2.9209473,3.0932648
24,3.0813696,3.4931467,3.8142326,3.1186235,3.5568373,3.5409172,2.8018432,2.7651157,2.6694324,2.5799158,2.5691028,3.1197479,3.552468,4.4934673,3.0250158,2.4999948,1.5998145,1.4273299,4.00962,4.055477,3.1328847,2.4123597,1.2434665,1.8726364,0.0,0.57975626,1.416826,1.2775533,1.0629425,1.7169436,0.8787935,2.3672223,3.4255583,4.6662703,3.6322532,3.6418457,3.4725986,3.422812,3.9336646,3.5077848,3.3922668,3.155439,3.3269532,3.3710382,1.9686288,2.479988,3.1506608,3.3038204,3.6669738,3.129104,3.6916347,3.8120437,3.4005902,2.9060688,3.187998,3.8690088,2.727936,3.1813607,3.5278234,3.2237694,2.997673,2.5837958,2.612009,2.5923088,3.2549,3.1610117,3.1597962,2.984922,2.7972019,2.7741475,2.807853,3.0434923,2.733204,2.5896788,2.6532598,2.5575755,2.6509392,2.6713417,2.6768222,2.8392365,3.5026493,3.4737556,3.1280205,3.208078,2.810764,2.5848012,2.3777242,2.3481119,3.1689034,2.9170263,3.210536,3.5519862,3.4980252,3.2681417,2.7810693,3.4294572,3.288891,3.264732,3.1763985,3.2513444,3.7230763,3.7422175,3.2065017,3.2423086,3.7454443,3.8428466,3.7558656,3.8619978,3.535812,3.7971573,4.022814,3.8942482,3.364981,3.5434709,2.8089046,2.851536,3.0728626,3.3765626,3.1809893,2.9210277,2.9757538,3.674866,2.877291,3.279587,2.806998,3.0930843,2.4057627,2.4615824
25,3.1567974,3.622604,3.951277,3.200362,3.5720234,3.562364,2.6976037,2.6543274,2.6797886,2.5377293,2.677318,3.1431754,3.6432054,4.5021243,3.1050646,2.5274928,1.6244445,1.3063571,4.302625,4.3515377,3.1363869,2.3886814,1.2731725,1.8968972,0.57975626,0.0,1.3789841,1.2033165,1.2429127,1.7831578,1.0130876,2.46086,3.5508792,4.763354,3.753953,3.763128,3.6485362,3.599509,4.0923033,3.676365,3.5469165,3.2887142,3.5010252,3.553657,2.1049013,2.6243002,3.2306347,3.4572146,3.6699617,3.189437,3.7110946,3.8532963,3.3586626,2.780777,3.068605,3.7875168,2.963525,3.4141653,3.7159176,3.4270256,3.275193,2.8361678,2.8643053,2.8386216,3.2950654,3.233103,3.2204227,3.0267084,2.8517053,2.8309917,2.8427744,3.063644,2.7882454,2.6727824,2.7267435,2.6289563,2.7362435,2.730287,2.7592623,2.9185493,3.5685968,3.560756,3.1729765,3.2677224,2.7542353,2.6118808,2.453256,2.431174,3.2472606,3.004784,3.2608786,3.5815198,3.554582,3.3668535,2.8057818,3.4796631,3.2734354,3.234895,3.2326136,3.234521,3.7564054,3.7673671,3.2622776,3.330881,3.7186124,3.8255863,3.7377272,3.8431787,3.4765031,3.7970605,4.0641203,3.9091575,3.389495,3.5329492,2.7900772,2.852957,3.0994904,3.4328997,3.1264029,2.9087336,3.152433,3.7346969,2.9018645,3.2703376,2.847644,3.0951223,2.503705,2.497593
26,2.8331132,3.2555096,3.9784338,2.921778,3.2846224,3.2496483,2.388343,2.3608375,2.9010184,2.1669192,2.603233,2.8824317,3.3039846,4.363568,2.7466497,2.0866258,1.6525538,1.4506245,3.9591389,4.002715,2.751527,1.8159453,1.296135,1.4884869,1.416826,1.3789841,0.0,1.134946,1.5724838,2.0015378,1.5902462,2.8055542,3.4632814,4.5083885,3.6797132,3.7090147,3.7926147,3.773711,3.819089,3.8704457,3.865545,3.5940316,3.7731621,3.873261,2.050531,2.6561167,2.904993,3.6200128,3.9562128,3.0092318,3.7119138,3.7211528,3.3477619,2.7810946,3.4075253,3.8090794,2.5918698,3.0172634,3.6728113,3.2272074,3.2456045,2.5643766,2.6583483,2.6189039,2.9939995,2.9509726,2.9877858,3.0464277,2.806281,2.7670283,2.8370333,2.908508,3.2525282,3.075896,3.1730413,3.160486,3.1343381,3.135585,3.1704068,3.2742383,3.1595678,3.1606758,2.796913,2.88514,3.153132,3.0102494,2.8563426,2.8317196,2.9360766,2.7499266,2.9267776,3.3409584,3.1453757,2.9513755,2.7554002,3.1896281,3.2424674,3.1709948,3.128292,3.1433902,3.67056,3.6797748,3.1956897,3.3914723,3.9884534,3.8663113,3.7621918,3.8395803,3.5110686,3.8073554,4.0904913,3.9433413,2.6875012,2.8387969,2.3520017,2.405592,2.778656,3.138754,2.8376415,2.6142535,3.0379088,3.7914374,2.9320056,3.3165672,2.7156105,3.3501678,2.717831,2.722465
27,2.7349896,3.0996473,3.797304,2.7882462,3.249895,3.2118208,2.2875936,2.2324212,2.8892932,2.0956209,2.556819,2.7593722,3.3431487,4.2871614,2.7506034,2.069578,1.6569546,1.4751788,3.822299,3.8981779,2.7439911,1.9450771,1.2789731,1.5534612,1.2775533,1.2033165,1.134946,0.0,1.3579723,1.7909452,1.3905547,2.765462,3.3115134,4.413807,3.527212,3.5323913,3.6762812,3.6452174,3.6750927,3.7020159,3.3993707,3.1598418,3.385658,3.4805572,2.0611737,2.451946,2.9096386,3.3877935,3.4771357,3.1567724,3.587707,3.6487672,3.2840266,2.8557851,3.404179,3.7176845,2.4523053,2.9904945,3.3970013,3.0997453,3.1025877,2.4012794,2.3994079,2.3923628,3.0361984,3.0550792,3.1102753,3.0286071,2.7865524,2.7955265,2.8980916,2.9408095,3.2035766,2.986165,3.2385132,3.1318517,3.173918,3.0976706,3.0937662,3.2213733,3.2300093,3.2104201,2.829422,2.9161856,3.0404055,2.8469963,2.7728217,2.773624,3.0287735,2.8026006,3.1211846,3.3766713,3.2610214,3.1208756,2.8477802,3.2722545,2.8360937,2.763382,2.7137012,2.7615983,3.3036351,3.2997675,2.8694587,3.109732,3.5949464,3.4574614,3.3787138,3.457076,3.1518652,3.4514694,3.7334268,3.554959,2.96751,3.115879,2.700389,2.7524467,2.7083557,3.0972667,2.6716027,2.5481555,3.0265815,3.778435,2.919677,3.2705214,2.7372608,3.4939804,2.7095082,2.730169
28,3.182452,3.4771852,4.105647,3.1432493,3.3348255,3.3079948,2.5664814,2.561281,2.7858305,2.5877638,2.5717108,3.2235227,3.2769353,4.564,3.0111194,2.4666998,1.7768668,1.5557995,4.1209664,4.1563716,3.3152826,2.610044,1.4273522,1.922693,1.0629425,1.2429127,1.5724838,1.3579723,0.0,1.3584431,0.6451697,2.2518878,3.1489534,4.1693916,3.388545,3.387498,3.3326106,3.293349,3.6426692,3.338972,3.3419101,3.0613234,3.2872603,3.3407707,2.039476,2.4292614,3.4014087,3.317813,3.8035328,3.1354153,3.771247,3.6166742,3.653606,3.154069,3.513608,3.628849,2.6846967,3.1383388,3.924396,3.710326,3.0467048,2.571049,2.563922,2.545419,3.3751338,3.2927883,3.2769854,3.203716,3.0026836,2.9687753,3.0265212,3.2111013,2.9580636,2.8300474,2.9015203,2.7542372,2.905854,2.9193769,2.9064336,2.8972855,3.698805,3.444202,3.1365848,3.1996603,2.9150996,2.7155914,2.6209228,2.5940244,3.2191153,2.9339209,3.2640183,3.6486602,3.294209,3.2759006,3.198959,3.70958,3.2510037,3.2146761,3.1418161,3.195718,3.7017872,3.7200375,3.2074573,3.2800994,3.8652906,3.8836854,3.8556082,3.9099364,3.6225224,3.8205712,4.0354476,3.8877788,3.3465998,3.4589894,2.9410424,2.9959283,3.0430837,3.3554087,3.216925,3.0025532,3.4190516,3.5553873,3.3838882,3.7237887,3.1466737,3.5386174,2.8785696,3.0144372
29,3.6650507,3.5556295,4.646347,3.2342606,3.7769194,3.7391553,3.0227578,3.0262434,2.9640372,2.5878797,2.69485,3.0720167,3.5508566,4.693818,3.18498,2.6434445,2.0706038,1.8120463,4.3404193,4.3999887,3.424554,2.718768,1.6715386,2.031044,1.7169436,1.7831578,2.0015378,1.7909452,1.3584431,0.0,1.0982993,2.3592367,3.1684852,4.5281553,3.3807366,3.3749533,3.344226,3.3259523,3.5942385,3.3964992,3.6925678,3.6343257,3.6386201,3.7236185,2.2753944,2.7899776,3.7525184,3.6242797,3.955788,3.2791147,3.8271585,3.2583907,3.9004881,3.4061549,3.1531956,3.9372504,2.870276,3.2747836,3.5664883,4.252559,3.3348994,2.8157473,2.8177783,2.7948942,3.45318,3.3909693,3.342978,3.4825823,3.108396,3.1057718,3.168425,3.301742,3.26398,3.224537,3.2316196,3.0431275,3.3086398,3.3069878,3.2805395,3.4314542,4.029782,3.5275595,3.2669325,3.2845438,3.206932,3.1020086,2.9714398,2.9440787,3.382811,3.0628042,3.4260411,3.8101928,3.6454892,3.4526072,3.7381346,4.1368666,3.4367476,3.4051416,3.3505437,3.3574965,3.6733851,3.6896849,3.220155,3.3496084,3.9050474,3.8570035,3.8853667,3.893223,3.631095,3.8315215,4.063014,3.9020119,3.4547617,3.7580996,3.2865462,3.3452592,3.4243095,3.7386467,3.2880225,2.983257,3.7181773,3.5989573,3.6737196,3.9534209,3.693049,4.1567283,3.4774911,3.3876197
30,3.3961527,3.6299763,4.2888064,3.2744136,3.6309838,3.610768,2.835108,2.8271594,2.7016504,2.6050465,2.5906527,3.1606498,3.4784312,4.629216,3.155299,2.6020038,1.8145654,1.5892102,4.242712,4.290636,3.4104383,2.712823,1.4649193,2.0384693,0.8787935,1.0130876,1.5902462,1.3905547,0.6451697,1.0982993,0.0,2.2139027,3.3720326,4.5925326,3.6082685,3.604114,3.4122472,3.3727,3.9032748,3.4556696,3.583377,3.3932061,3.540633,3.5987773,2.1638691,2.6322725,3.5235093,3.4649067,3.93352,3.2636535,3.892707,3.6420991,3.7419572,3.2402804,3.2048068,3.8389938,2.812508,3.2678297,3.7707505,3.8058584,3.1591265,2.7220225,2.7267716,2.701776,3.4455812,3.3782465,3.3307981,3.2340748,3.0013354,2.980407,3.0140247,3.2262676,2.8961582,2.7981422,2.8349543,2.6944373,2.9068868,2.9025595,2.8875203,2.9791737,3.8559127,3.6248596,3.3106205,3.3673472,2.9488432,2.7968326,2.5877535,2.5642831,3.3803647,3.1017406,3.4363737,3.784289,3.5666873,3.4827607,3.2494774,3.8347692,3.373862,3.355064,3.265809,3.3255186,3.7561567,3.7704535,3.2603052,3.3059165,3.8202105,3.9206047,3.8889816,3.9491587,3.6407747,3.902301,4.1384335,3.985588,3.48219,3.6766624,3.047026,3.1012368,3.2677763,3.5948565,3.312318,3.0840569,3.3682256,3.4700456,3.316997,3.6639922,3.2486544,3.4735038,2.9209278,2.9061944
31,3.9208887,3.8547492,4.672053,3.4992626,3.814823,3.8043413,3.1844468,3.2102232,4.1797767,4.191703,4.0075235,4.545249,4.7184854,5.7379074,4.449136,4.095466,3.0640304,2.9011428,4.7656116,4.8654876,4.2969203,3.669022,2.7348804,3.1467862,2.3672223,2.46086,2.8055542,2.765462,2.2518878,2.3592367,2.2139027,0.0,3.4826357,4.5266924,3.6476097,3.6077638,3.2922046,3.2724535,3.8475199,3.291014,4.041402,3.7172074,3.7671158,3.8781114,1.984091,2.559229,3.749256,3.1682057,4.1614957,3.3690367,3.8509681,3.670738,3.9726863,3.519662,3.4328246,4.042245,3.0516806,3.3970175,4.001367,4.3116903,3.216133,2.9349267,3.0290947,2.9913154,3.2317882,3.2001603,3.0890672,2.9780679,2.6739423,2.6462445,2.7262135,2.9812155,2.2401693,2.2567968,2.2038608,2.0005727,2.285015,2.2984164,2.3321676,2.336223,3.8080382,3.3224115,3.0818222,3.0697052,3.218515,2.3056788,2.0174198,1.9562187,3.070416,2.7948012,3.1551466,3.6083124,3.2205794,3.1681948,3.2924917,3.8863022,3.006443,3.0294616,2.8317277,2.9882786,3.3898978,3.4030936,2.9852023,2.9264712,3.5109308,3.7106695,3.7359228,3.7359326,3.433153,3.613373,3.817597,3.6753573,3.2116947,3.3652089,2.8384712,2.894254,2.8339012,3.1632688,3.1017492,2.8330204,3.353051,3.4223945,3.382545,3.730881,3.1422532,3.2669384,2.8958807,2.8797624
