,0,1,2,3,4,5,6,7,8,9,10,11,12,13,14,15,16,17,18,19,20,21,22,23,24,25,26,27,28,29,30,31,32,33,34,35,36,37,38,39,40,41,42,43,44,45,46,47,48,49,50,51,52,53,54,55,56,57,58,59,60,61,62,63,64,65,66,67,68,69,70,71,72,73,74,75,76,77,78,79,80,81,82,83,84,85,86,87,88,89,90,91,92,93,94,95,96,97,98,99,100,101,102,103,104,105,106,107,108,109,110,111,112,113,114,115,116,117,118,119,120,121,122,123,124,125,126,127
0,0.0,1.7223576,1.7974646,1.2926062,2.9572296,3.605997,2.4563956,2.4612215,2.5535982,2.4624205,2.369059,2.8208017,2.0181913,2.5774965,1.9403788,2.0564015,2.8537126,2.799684,2.965732,2.6963341,2.8988156,2.9003382,2.888206,3.3111682,2.8360126,2.6522048,3.776164,3.8679318,4.2838106,3.3591053,3.3772306,3.326537,2.1902664,2.4617674,2.520377,1.9449155,2.6366584,2.4675276,2.164543,2.687992,3.1682596,2.6910489,2.062347,2.2621787,2.331807,2.587996,2.6266196,3.4901261,2.7708507,3.0688312,2.9291928,2.199264,2.2624469,2.3346148,4.7926393,3.7268298,2.7034953,2.658975,1.6251243,1.9459678,3.211101,1.6249245,2.4733665,2.749803,4.203372,4.0964155,3.7821376,3.957333,4.4039607,4.1907997,4.1992846,4.1992846,4.1072917,4.1265783,3.9613333,3.996425,3.1598458,3.1616676,3.3711236,3.2679183,3.0132074,2.7897437,3.0433109,3.2367837,2.6112638,2.4379048,3.561722,3.7351525,3.8019154,2.9824057,2.4608052,2.952296,3.0879807,3.0627372,3.0386834,3.156846,2.5588424,2.6748521,3.0503466,2.7216437,2.5941286,2.906786,2.8648796,2.8548734,3.5440955,3.457004,3.832872,4.6644373,3.554347,3.4514327,3.5195355,3.5583293,3.8651001,3.0075874,2.9819589,3.88982,3.5318105,3.1837757,2.9095376,3.107141,3.8182635,3.818579,4.6877556,4.073111,2.7238913,3.1977975,3.0046442,3.182036
1,1.7223576,0.0,2.1791623,1.6275841,3.0714502,4.0140758,2.6253216,2.4127839,2.5906322,2.4119701,2.3887806,2.905486,1.5417347,2.3223588,1.8129425,1.8354741,2.1853774,2.8504095,2.5867825,2.2711074,2.833426,2.8429215,2.7494867,2.9963872,2.65361,2.2760575,3.6289964,3.5983415,4.5966787,3.5925498,3.5756083,3.5241714,3.0345266,2.777736,3.1325817,2.6578863,2.197432,2.0072107,1.7129717,2.2847223,3.343137,2.3706877,2.2972822,2.5159655,2.5157475,2.7608576,2.677967,3.5492392,2.600053,2.9956017,2.1359396,1.8729222,2.427567,2.3782563,4.8657184,3.4184542,2.2049263,2.255106,2.02849,1.7370248,3.144267,2.1722946,2.7636855,2.7189791,3.5021057,3.6418843,3.5126235,3.7114613,3.9870503,3.6989167,3.7103105,3.7103105,4.227356,4.2360544,4.080041,4.0692263,3.7176073,3.6778784,3.6079092,3.5114405,3.7137973,3.5264788,3.0328941,3.3100512,2.513168,2.4957972,3.5389838,4.0735984,3.9472218,3.2922273,2.837232,3.2693594,3.3702674,3.2947352,3.328034,3.4320996,2.132577,2.46303,2.7550278,2.3089404,2.136499,2.494945,2.506044,2.501031,3.4380322,3.354797,3.6330311,4.4995174,3.3180227,3.3557146,3.2426035,3.2696934,3.3056986,2.2786362,2.230108,3.4551356,2.5328503,2.4920797,2.2700272,2.4926894,3.6275454,3.6183991,4.38749,3.7281528,2.3549805,3.1879375,2.686339,2.5434308
2,1.7974646,2.1791623,0.0,1.6055006,2.9765687,3.7603006,2.5274224,2.518398,1.8422856,2.0028822,1.973009,2.3947227,1.8545399,2.8906307,2.2839143,2.4607463,2.7054558,3.142137,2.916107,2.734652,2.9201777,2.8944998,2.8676157,3.265589,2.0735862,1.8747213,3.289475,3.3986378,4.137418,3.1932793,3.2417939,3.2042637,2.8178663,2.9518502,2.765051,2.3276227,2.1165025,2.2840915,2.1826046,2.8122196,3.2686162,2.850823,2.0815809,2.1338763,2.6576838,2.8956106,2.8947308,3.6077588,2.479375,2.8241835,2.6280892,1.7498206,2.5172246,1.6014618,4.523093,3.6869967,2.9485586,2.9715176,1.886789,1.745448,2.5166795,2.0173082,2.0193412,2.31443,4.2907352,4.3730574,4.080023,4.447907,4.542582,4.2677803,4.2898283,4.2898283,4.4180455,4.419417,4.264469,3.9308894,3.8544827,3.5908442,3.5225203,3.4548888,3.378307,3.1962776,3.171254,3.400018,2.468535,2.268052,2.9349384,2.9760647,4.03521,3.2424746,2.7433784,3.2204528,3.351091,3.314056,3.3972259,3.728546,2.6732507,2.8025205,2.632627,2.7646222,2.7460241,2.6256707,2.5654364,2.5538425,3.3827384,3.2779646,3.7265072,4.538318,3.2601864,3.238087,3.195225,3.2133427,4.2002506,3.4517117,3.4400797,4.5499434,4.1330433,3.5324225,3.3674664,3.2823124,3.6896186,3.690259,5.223435,4.387073,3.0572197,3.5116045,3.1286356,3.576768
3,1.2926062,1.6275841,1.6055006,0.0,3.2947984,3.478339,2.1249025,2.0618026,2.5003483,2.4117491,2.3940897,2.7768564,2.1625414,2.7377093,2.0321372,2.1462197,2.9382367,3.4736893,3.175424,3.0190585,2.9328713,2.9253075,2.8546846,3.3870373,2.7369375,2.658498,3.7319055,3.8319356,4.2952514,3.338716,3.3483818,3.3086846,2.0782022,1.9454784,2.0501285,1.4808668,2.7389681,2.5411122,1.9651463,2.62,2.8923373,2.5215147,2.0350816,1.8250349,2.6305559,2.86853,2.8445623,3.6891897,2.6203098,2.9371996,2.6254346,1.8836961,2.1744497,2.2653627,4.777018,3.7680407,2.471096,2.4541934,2.0853443,1.7216979,3.2060127,1.0301563,2.433671,2.768409,4.3130727,4.440664,3.7541573,4.052841,4.7477727,4.4744945,4.491016,4.491016,4.428002,4.4023747,4.2908645,4.1290984,3.7511396,3.7601917,3.586584,3.528806,3.2485788,3.0781872,3.0453866,3.1974971,3.0062885,2.8250465,3.6052232,3.6721044,3.9286394,3.3226671,2.8866444,3.3105292,3.4628801,3.433354,3.4113333,3.4995232,3.0064805,3.0990524,3.4575992,3.1634784,3.0440528,3.3162465,3.294053,3.2861433,3.9599524,3.8655927,4.0432076,4.8307796,3.7983725,3.7992234,3.7466395,3.7816038,4.1444125,3.2599776,3.276776,3.985458,3.5266957,3.517964,3.315986,3.4818964,4.2720103,4.2761893,4.993252,4.4393167,3.0498645,3.5244627,3.4154534,3.511665
4,2.9572296,3.0714502,2.9765687,3.2947984,0.0,4.008642,3.654534,3.9205208,2.3165455,2.2553613,2.2621627,2.832278,2.5118828,3.587714,2.195375,2.2248418,2.5724344,2.2730253,2.4929929,2.4122796,3.3510344,3.361454,3.3090305,3.1477294,3.011843,3.0027478,3.8622227,3.8886478,4.086781,2.9866414,3.5435643,3.5410414,3.640494,3.883364,3.9264731,3.6788082,2.6688733,2.5026455,2.1701136,2.4825132,4.638622,2.4928038,2.3337412,3.190745,1.581289,1.7657157,2.134058,2.3280575,3.2697725,3.5183809,3.6470342,2.865671,2.7936676,2.7387726,3.83358,4.24263,2.7384188,2.8358011,1.8692492,2.253057,2.8578875,3.574172,2.665137,2.6736455,4.2233677,4.1066003,5.542143,5.736336,4.2459598,4.1944804,4.1880856,4.1880856,5.0384254,5.1200237,4.9023166,5.10698,4.0967317,4.0777493,4.316578,4.2972507,5.05378,4.887168,4.9292965,5.093986,3.6476374,3.5802863,3.7590292,3.4561906,4.685383,3.6929293,3.8199317,3.69009,3.9030366,3.9042737,3.9117095,3.9833632,2.175274,2.255853,2.8567433,2.2532806,2.4571564,2.4966736,2.6512415,2.6246943,4.000119,3.9126081,4.4989395,5.134229,4.0103364,3.9235756,3.9373872,3.952777,3.364939,3.1722364,2.918122,4.0198116,3.5687191,3.404708,2.9896584,3.2881722,3.8204844,3.7897887,4.14866,3.4794424,2.6527865,3.105374,2.766017,3.036985
5,3.605997,4.0140758,3.7603006,3.478339,4.008642,0.0,3.7617686,3.989529,3.9320967,3.7527764,3.834561,4.291941,3.907472,4.6710277,3.5996192,3.7135227,4.6443725,4.6042247,4.295812,4.407154,4.5761843,4.557802,4.3963523,4.6684175,4.29229,4.3994913,3.6622381,3.7687724,5.385928,4.3703218,4.788918,4.813449,3.0720363,3.4753907,2.369742,3.1247065,4.2047353,4.072509,3.6179867,3.7378008,4.701318,3.553797,3.3144104,2.457923,3.2580647,3.2689393,3.725099,3.697059,4.8064,4.980674,4.0464387,3.8496351,4.0231614,3.999097,5.222346,5.181429,4.7453303,4.5499043,3.710062,3.9306493,5.02895,3.8133519,4.5795317,4.8271656,5.7938,5.711849,5.607882,5.7647467,6.708708,5.7708178,5.7866926,5.7866926,6.064165,5.6405063,5.960181,5.991843,5.1206393,5.0831885,5.064879,5.1947775,5.23904,5.0662737,5.1790338,5.299578,4.875456,4.681366,4.868823,4.637191,3.6345859,4.488316,4.570304,4.484771,4.7038383,4.7175016,4.6427555,4.6911006,4.4261928,4.469764,4.830577,4.598098,4.547411,4.6108403,4.7197065,4.706374,5.54056,5.451261,4.30136,4.932454,5.455896,5.3704915,5.4250426,5.437083,5.0658364,4.398162,4.6573358,5.2440586,5.0823045,4.9880004,4.9569063,4.941631,5.7194977,5.7159853,6.204137,5.862944,4.61906,4.9964194,4.8525324,4.89687
6,2.4563956,2.6253216,2.5274224,2.1249025,3.654534,3.7617686,0.0,1.3304005,3.3251066,3.2677436,3.2026005,3.637209,3.0886261,3.731887,3.010234,3.1382873,3.6669295,4.0746713,3.8140929,3.7729857,4.5585227,4.55659,4.415465,4.806096,3.5005002,3.4846818,4.386043,4.4793797,4.3730693,3.4042175,3.3814964,3.388888,2.6388657,2.5314941,2.6735198,2.2140927,3.2252443,3.111649,2.8069696,3.2569351,3.721578,2.6638482,2.2761307,2.540015,2.9503753,3.1036701,3.5504754,3.6841,3.3071344,4.170922,3.4586287,2.8715718,2.9530861,3.0396504,4.7765045,3.7065938,3.4231908,3.42593,2.8793302,2.9045324,3.8595278,2.500014,3.3480427,3.6112785,4.9512663,5.0652294,4.2532067,4.54153,5.2258186,4.9923778,4.992396,4.992396,4.9621377,4.9350243,4.8099914,4.8984594,4.230453,4.1510835,4.041928,4.052429,3.9606347,3.807876,3.5474072,4.294376,3.7764225,3.4789643,4.1169853,4.1552253,4.2303767,3.691996,3.7294672,3.7032857,3.7653642,3.692357,3.7220433,3.7836554,3.6248915,3.6790886,3.9980297,3.8036392,3.7001526,3.7192712,3.8970194,3.8858457,4.6165404,4.5357,4.6593323,5.359055,4.558078,4.5541453,4.364783,4.404157,4.1150002,3.801209,3.8176723,4.536368,4.1564236,4.105882,4.005292,4.1759005,5.027176,5.010121,5.41251,4.973654,3.5820253,4.0238547,3.8553019,3.8631728
7,2.4612215,2.4127839,2.518398,2.0618026,3.9205208,3.989529,1.3304005,0.0,3.3399503,3.2799034,3.2418206,3.679741,2.9104087,3.26504,3.0637815,3.0659542,3.5134788,4.002311,3.592517,3.5114942,4.5895734,4.587278,4.4443088,4.8379855,3.3590229,3.1593332,4.255598,4.272178,5.0965714,4.230261,3.7165806,3.7105646,2.9757733,2.8590178,3.013328,2.4498472,3.181687,3.0238066,3.0313492,3.446406,3.4528897,3.362472,3.003642,2.7945535,3.5220845,3.73159,3.6874337,4.379945,3.4294312,4.305318,2.919963,2.8115275,3.210884,3.1015768,5.441671,4.4084873,3.3828588,3.4484947,3.0504165,3.073859,3.728527,2.6485608,3.2868469,3.446435,4.791394,4.9111757,3.667689,3.9966218,5.1985416,4.9233694,4.9253573,4.9253573,5.0150213,4.976891,4.8581877,4.9394703,4.383031,4.300296,4.204689,4.182414,3.8993528,3.7537324,3.1146867,3.9522479,3.767801,3.472884,3.7748227,4.1765227,4.6260185,4.196084,3.8030796,4.1827807,4.2728195,4.182452,4.1999803,4.2554235,3.7236,3.9017627,4.142156,3.8770347,3.7507603,3.9818544,4.016986,4.0043964,4.410308,4.3386106,4.4790945,5.2294226,4.353957,4.364676,4.1606684,4.1918983,4.6618814,3.9082623,3.9727123,4.439735,4.2128444,4.153875,4.075832,4.2415333,5.0040064,4.9865375,5.4932365,5.0517573,3.6185582,4.300914,4.1593304,3.9018505
8,2.5535982,2.5906322,1.8422856,2.5003483,2.3165455,3.9320967,3.3251066,3.3399503,0.0,0.51481956,0.59286124,1.391327,1.683057,2.4876978,1.7280133,1.7675285,2.0665214,2.3654613,2.114298,1.8983221,2.5781856,2.5668943,2.474883,2.5501108,2.1064773,2.0362031,3.1395373,3.1492085,3.9486303,3.0293198,3.2012033,3.1607974,3.5035493,3.594464,3.3641522,3.2113657,2.2779968,2.215498,2.1392672,2.7125864,3.9939775,2.8458314,2.4542513,2.7212093,2.4243758,2.699303,2.4581728,3.304752,2.5846882,2.789313,2.8492472,1.9945909,2.48148,2.1348083,3.9183192,3.941281,2.826917,2.7024968,1.6101434,1.5411334,1.9171712,2.7965896,2.389818,2.412467,3.8372993,3.8609152,4.8443313,5.331494,4.254466,4.0066314,4.0340657,4.0340657,4.870895,4.872174,4.7415977,4.52447,3.9799821,3.8350215,3.9034195,3.839747,4.331551,4.137288,4.07221,4.205203,2.8998575,2.8130941,2.5635548,2.3954527,4.396584,3.658409,3.259524,3.6142216,3.7615445,3.7318757,3.7542393,3.9162116,2.1579978,2.249614,2.528405,2.247018,2.305237,2.4248755,2.3722212,2.3573995,3.4138699,3.321348,3.752074,4.496405,3.2513754,3.2005906,3.164012,3.1843572,3.709121,2.9219508,2.88405,3.8817747,3.471679,3.2087302,2.8292906,2.9327607,3.4428864,3.4363582,4.448893,3.646608,2.4402328,2.9745831,2.62143,2.9477868
9,2.4624205,2.4119701,2.0028822,2.4117491,2.2553613,3.7527764,3.2677436,3.2799034,0.51481956,0.0,0.30788904,1.690107,1.5615401,2.2959564,1.4958489,1.4615086,2.005824,2.298113,2.0321045,1.7858573,2.5322964,2.5360537,2.4110212,2.4744093,2.2055786,2.142189,3.1446428,3.1346374,4.1571355,3.018781,3.2030954,3.1648972,3.392518,3.4505062,3.2520123,3.1145241,2.3327959,2.1698003,2.006842,2.3602133,3.9553332,2.6694872,2.402164,2.6624272,2.2910903,2.5580728,2.340786,3.1878185,2.8206465,3.0044062,2.8152723,2.0335171,2.4580698,2.2886777,3.9104395,3.8487563,2.7323828,2.557814,1.5276613,1.4683859,2.0682995,2.795201,2.521096,2.5565877,3.724824,3.742284,4.7663646,5.239555,4.2147193,3.9181333,3.9418817,3.9418817,4.817258,4.7981143,4.691362,4.527099,3.8909218,3.7677653,3.8533297,3.7955544,4.293012,4.089429,4.037114,4.173808,2.9367366,2.8689384,2.691217,2.601562,4.2145042,3.541632,3.1800084,3.4960783,3.6494632,3.6186094,3.6166492,3.7298543,2.0534616,2.1599922,2.6127741,2.180141,2.1744483,2.4156463,2.4087734,2.3926663,3.4965696,3.4057217,3.7121766,4.465506,3.322657,3.2739115,3.223015,3.2442179,3.5439503,2.6963446,2.6413045,3.628592,3.1860964,3.062961,2.666733,2.8370209,3.5606546,3.5577502,4.319477,3.64274,2.4218671,2.974846,2.6524203,2.8765016
10,2.369059,2.3887806,1.973009,2.3940897,2.2621627,3.834561,3.2026005,3.2418206,0.59286124,0.30788904,0.0,1.7071047,1.5588019,2.225515,1.3908142,1.3907541,1.9028444,2.1520636,1.9782977,1.7075992,2.5506086,2.5583425,2.4317043,2.4987042,2.1549075,2.1164687,3.2174594,3.2313392,4.054009,2.890834,3.012719,2.9727976,3.4068139,3.4722862,3.2623546,3.1035347,2.3801308,2.2153547,1.987027,2.3282468,3.8527195,2.6644375,2.3552783,2.6663725,2.2763467,2.5540123,2.2814107,3.1765993,2.7764466,3.0036118,2.9169636,2.0220685,2.3577025,2.2602956,3.9942636,3.7985675,2.759735,2.5717783,1.4292272,1.4401573,2.086578,2.7669477,2.4767272,2.542139,3.5972106,3.5982037,4.7312894,5.1931677,4.052957,3.7908933,3.8142614,3.8142614,4.657777,4.6593323,4.5282297,4.3842473,3.684224,3.5468946,3.657508,3.5986035,4.141617,3.9305897,3.9618552,4.140474,2.7783084,2.6944945,2.6898346,2.5567045,4.1671114,3.4263656,3.019226,3.372632,3.526965,3.494601,3.484181,3.5932913,1.9336259,2.000733,2.5045903,2.0719154,2.0395126,2.3223782,2.3053017,2.2858033,3.382646,3.2912629,3.6716113,4.443625,3.2124047,3.1526263,3.09655,3.1237206,3.4729884,2.633106,2.5549192,3.505937,3.1348553,2.9751585,2.5716538,2.769293,3.4889836,3.489955,4.2572093,3.5858033,2.309055,2.8014078,2.5599556,2.8348029
11,2.8208017,2.905486,2.3947227,2.7768564,2.832278,4.291941,3.637209,3.679741,1.391327,1.690107,1.7071047,0.0,2.2894938,2.8576934,2.0899763,2.234361,2.4155443,2.6570683,2.5414999,2.3669624,2.7512064,2.711256,2.6931078,2.7692068,2.7299538,2.6709251,3.6185598,3.6432226,3.255683,3.3197398,3.5178628,3.461922,3.6784916,3.7437894,3.5790834,3.5673041,2.7102365,2.6330192,2.492602,3.649588,4.153618,3.2049098,2.7851093,2.9800847,2.7459877,3.071687,2.7550683,3.6815288,1.7748123,1.9866102,3.0359952,2.164643,2.4387403,2.4564888,4.331294,4.2835536,2.9729922,2.8270137,2.0091307,1.9440253,2.4959292,2.691177,2.7494507,2.6499593,3.9030757,3.9109726,4.998859,5.46296,4.3839,4.158,4.2008963,4.2008963,5.0007243,4.999721,4.8790507,4.683425,4.0397067,4.0722327,4.105288,4.0099883,4.6281404,4.4551973,4.361447,4.41847,3.1446564,3.0422397,2.8752768,2.626998,4.666381,4.013501,3.5504072,3.9701877,4.1142178,4.0938888,4.0929947,4.194057,2.5422907,2.5733242,2.8862443,2.6193995,2.753361,2.9338026,2.7820137,2.7779725,3.7589343,3.6791205,4.0650983,4.764019,3.6260462,3.570613,3.6054487,3.6388657,3.9079077,3.0495276,3.1509433,3.855213,3.5183127,3.327309,2.9724329,3.1310258,3.355691,3.3385098,4.401879,3.4059052,2.1345356,2.7109206,2.3799329,2.6624074
12,2.0181913,1.5417347,1.8545399,2.1625414,2.5118828,3.907472,3.0886261,2.9104087,1.683057,1.5615401,1.5588019,2.2894938,0.0,1.8600918,1.591747,1.6602107,1.760859,2.2146327,2.0864615,1.4429984,2.4144504,2.4207835,2.3873854,2.5043404,2.3702562,1.7160392,3.2376015,3.164776,4.4550004,3.3666477,3.5733004,3.5069954,3.344972,3.3379319,3.392668,3.1210592,1.4387596,1.3768408,2.0560863,2.3616302,3.5591197,2.6326761,2.3652873,2.790513,2.4056723,2.6930516,2.7533588,3.5031278,2.6609874,2.8953047,2.174964,1.9422722,2.8441644,2.4113276,4.5108185,3.7293758,2.4933062,2.4315891,1.6713455,1.5663675,2.2952237,2.5831258,2.389097,2.220649,3.447076,3.4630494,3.8096259,4.155322,3.8935428,3.5793989,3.6154366,3.6154366,4.295234,4.3007455,4.1304827,3.9365947,3.7458992,3.5671918,3.7703257,3.5819037,3.7708972,3.54267,3.090572,3.3148608,2.2269967,2.2671957,2.521594,3.1305277,3.8786147,3.1521435,2.6768363,3.0838108,3.272309,3.1946654,3.2469406,3.461162,1.8401043,2.2324648,2.364238,2.0533016,1.7718705,2.0106862,2.07995,2.0575469,2.9902453,2.9111676,3.3797739,4.292144,2.8805912,2.8726609,2.7678452,2.783712,3.2989323,2.5079832,2.3781621,3.5787601,3.0733554,2.6288962,2.29181,2.3759298,3.0445862,3.0414252,4.427286,3.6201463,2.4091156,3.2805235,2.3255997,2.391219
13,2.5774965,2.3223588,2.8906307,2.7377093,3.587714,4.6710277,3.731887,3.26504,2.4876978,2.2959564,2.225515,2.8576934,1.8600918,0.0,2.246879,1.9693996,2.3800523,2.7509563,2.930189,2.1172423,3.2558978,3.2855227,3.2888122,3.4092717,3.4700167,2.7929652,3.938147,3.8458772,5.261356,4.345375,3.8956995,3.80466,3.8886535,3.8182337,4.0486627,3.8199568,3.0806625,2.751594,3.1560614,3.2031732,3.9125426,3.8662498,3.6096418,3.6220486,3.599529,3.9762883,3.6121294,4.8294697,3.3922286,3.6657562,2.7988071,2.593786,3.478916,3.6369343,5.3930483,4.538288,3.4250906,3.3013964,2.4404807,2.5248249,2.7609675,3.1829991,3.031219,2.8783557,3.4928195,3.4995704,4.179561,4.578753,4.246188,3.9737957,4.012856,4.012856,4.362813,4.361018,4.230348,4.1957083,3.9323518,3.8671293,4.2427864,3.8919623,4.020169,3.7725918,3.4930701,3.7678833,3.2012265,3.1539888,3.3152912,3.9094658,4.550452,3.9792292,3.0900078,3.8834589,4.040536,3.958934,3.8838108,3.8437474,2.5780246,2.7860348,3.420109,2.779793,2.4044433,3.3249307,3.1796687,3.164572,3.5802784,3.5515985,4.058104,5.013306,3.6866002,3.6809678,3.544516,3.5814674,4.3645086,3.0441833,3.068704,3.4477198,3.219341,3.4358797,2.9438148,3.3039515,3.4678779,3.4643745,4.393488,3.9047618,2.7534754,3.4484274,3.0323353,2.8421202
14,1.9403788,1.8129425,2.2839143,2.0321372,2.195375,3.5996192,3.010234,3.0637815,1.7280133,1.4958489,1.3908142,2.0899763,1.591747,2.246879,0.0,0.62633586,1.6556059,2.024951,1.7179943,1.5870329,2.352053,2.3673434,2.1578915,2.2720091,2.2413554,2.313224,3.307634,3.373486,3.821082,2.745867,2.883038,2.8465576,3.0967329,3.0748632,2.9032335,2.7413628,2.4370425,2.0869935,1.3563623,1.9871355,3.4773264,2.217425,1.994713,2.242382,1.9261452,2.1789656,1.6686196,2.8593764,2.493351,2.7290132,2.8191583,1.9203546,1.7191648,2.249012,4.341729,3.8109884,2.260897,2.113173,1.4762864,1.2390574,2.6865752,2.3201613,2.372358,2.4712467,3.285645,3.3074052,4.4828577,4.758985,3.904716,3.6354995,3.6587286,3.6587286,4.442854,4.444334,4.2977037,4.298772,3.3546245,3.3914428,3.3758163,3.399347,3.951033,3.732739,3.7506654,3.9016469,2.6801503,2.5900087,3.257022,3.2219691,3.996497,3.3002088,2.8867626,3.237109,3.4557693,3.4201884,3.3527129,3.3282998,1.696544,1.7365097,2.645709,1.9533224,1.8205491,2.3933856,2.3962908,2.3709612,3.400357,3.3008945,3.568523,4.3353,3.1793296,3.133162,3.0807884,3.124077,3.1501303,2.250125,2.1164985,2.8700106,2.4295063,2.6732597,2.1913314,2.6130824,3.571935,3.5778105,3.8431742,3.3172734,1.7732747,2.3804483,2.387263,2.363109
15,2.0564015,1.8354741,2.4607463,2.1462197,2.2248418,3.7135227,3.1382873,3.0659542,1.7675285,1.4615086,1.3907541,2.234361,1.6602107,1.9693996,0.62633586,0.0,1.6808475,2.0440288,1.8366503,1.5861758,2.5278704,2.5580454,2.3808713,2.4478853,2.4466858,2.3789558,3.3691041,3.3898823,4.2250266,3.1152115,3.08074,3.043055,3.244449,3.2269592,3.1623316,2.9456553,2.6121511,2.1538625,1.5868024,1.9744437,3.601447,2.4857075,2.330022,2.4572272,2.1183817,2.4015086,1.8785412,3.1133761,2.7481625,2.9876623,2.7015572,1.9522198,1.9286782,2.512761,4.413054,3.8624244,2.4013684,2.300091,1.4907272,1.3960166,2.5457978,2.5884745,2.4018378,2.443186,3.2136807,3.236314,4.509111,4.806458,3.9098902,3.6196291,3.6342402,3.6342402,4.4586196,4.4536505,4.3307295,4.4388967,3.4479148,3.5144591,3.55111,3.5203211,4.081688,3.874734,3.837016,3.9847646,2.9786494,2.8687441,3.351886,3.4407718,4.1256595,3.4480703,3.0073378,3.3924363,3.57979,3.5402236,3.4582164,3.3638804,1.6947325,1.7846404,2.8439515,1.9376146,1.8060375,2.5910156,2.5726492,2.5499759,3.506914,3.4194868,3.7169638,4.4978647,3.3619866,3.325404,3.2730703,3.31226,3.3759084,2.3436322,2.2496612,2.8180225,2.3885865,2.8633313,2.3460658,2.842153,3.676333,3.668873,3.6835155,3.264982,1.7985835,2.4886982,2.5341618,2.352809
16,2.8537126,2.1853774,2.7054558,2.9382367,2.5724344,4.6443725,3.6669295,3.5134788,2.0665214,2.005824,1.9028444,2.4155443,1.760859,2.3800523,1.6556059,1.6808475,0.0,1.66543,1.7704595,1.0960815,2.683079,2.6957242,2.6098323,2.4116733,2.2459207,1.7252889,3.2770708,3.256815,4.042473,3.1227567,2.7671957,2.7099166,4.3324122,4.203866,4.051678,3.8417976,2.6150134,2.485772,1.9728513,2.58675,3.6292818,2.8564777,2.7883344,3.0917652,2.694413,3.0294476,2.4272256,3.5946455,2.6349194,3.0278804,2.9307566,2.136353,2.5857303,2.6087708,4.8578606,4.1891785,2.8100865,2.8446937,2.1116476,1.8901978,2.7989547,3.3359718,2.822359,2.6495595,2.4635158,2.6308742,4.6573257,4.933865,3.2181728,2.9886787,3.0082757,3.0082757,4.0847645,4.150677,3.9468768,3.9871275,3.6181738,3.4943297,3.5485654,3.3814669,4.343599,4.1725526,3.9824712,4.2714534,2.4292083,2.4182096,3.1886601,3.2725585,4.56731,3.7905812,3.189287,3.7209375,3.9077497,3.8528318,3.8597574,3.9456327,1.4413359,1.6453876,2.0905423,1.4588423,1.4546429,1.9925796,1.8506461,1.8187505,2.4628928,2.393206,3.134231,4.0503225,2.3533347,2.4205506,2.2278771,2.2594032,3.0776727,2.245247,2.0872424,2.9006872,2.4896557,2.4169636,2.0269911,2.330154,2.9750516,2.9597492,3.698052,2.7932713,1.7151875,2.3349254,2.1567228,2.4263558
17,2.799684,2.8504095,3.142137,3.4736893,2.2730253,4.6042247,4.0746713,4.002311,2.3654613,2.298113,2.1520636,2.6570683,2.2146327,2.7509563,2.024951,2.0440288,1.66543,0.0,1.8135306,1.2423326,3.046111,3.0602567,3.0257716,2.756908,2.758654,2.4436479,3.6415706,3.6161819,4.234155,3.4446275,3.2126915,3.16753,4.359512,4.5530376,4.3169317,4.1168294,2.9478076,2.835339,2.5966146,3.0331023,4.1385946,3.2932184,3.0917666,3.563014,2.5687582,2.8722577,2.30697,3.421259,3.23607,3.5471482,3.5959983,2.9005353,2.9155567,2.937407,4.964246,4.5742755,3.2778225,3.2042992,1.9663635,2.5749855,3.1919608,3.771571,3.2706923,3.1349146,3.050262,2.6855643,4.9585657,5.1624885,3.305483,3.1226363,3.124635,3.124635,4.2502775,4.322246,4.1186337,4.389731,3.1901498,3.1042006,3.6266608,3.5002317,4.4564548,4.261794,4.393803,4.666859,2.590307,2.5804195,3.2427952,3.286227,4.5913286,3.7691543,3.1891923,3.6935859,3.8702986,3.8433347,3.8259356,3.916648,1.5664496,1.7502818,2.1891153,1.54811,1.6545875,2.1220195,1.9493477,1.9161035,2.6310332,2.5716534,3.2906485,4.150932,2.7380724,2.5675445,2.674079,2.7022047,3.1364822,2.3774714,2.223471,3.0717165,3.0513477,2.4251657,2.0444734,2.3589141,2.9644475,2.9485185,3.7280912,2.8176894,1.8873812,2.4085522,2.2705843,2.5734298
18,2.965732,2.5867825,2.916107,3.175424,2.4929929,4.295812,3.8140929,3.592517,2.114298,2.0321045,1.9782977,2.5414999,2.0864615,2.930189,1.7179943,1.8366503,1.7704595,1.8135306,0.0,1.2177223,2.948328,2.952834,2.6449692,2.4942708,1.7829045,2.1068752,3.3396366,3.3102767,4.5256085,3.6714106,3.58406,3.5807414,4.285363,4.338725,4.01132,3.7418602,2.4512877,2.2772398,2.2516966,2.7959888,4.052242,3.187005,3.0683389,3.2373884,2.8129036,2.9033506,1.8776642,3.1950388,3.116207,3.4282854,2.9459383,2.662089,2.5666554,2.3616822,4.8398767,4.610361,2.6888378,2.6805928,2.4420438,2.4300678,2.8897946,3.5075169,2.9723122,2.8247685,3.467183,3.3863983,4.6858416,4.985796,3.908101,3.7107747,3.723599,3.723599,5.270351,5.307175,5.11659,5.13436,4.0110674,3.9266403,3.8618743,4.0796876,4.714179,4.5136986,4.148442,4.3847494,2.869354,2.86738,2.8781037,3.2687235,4.895219,4.232701,3.705075,4.1625957,4.335053,4.274858,4.2898946,4.38135,2.0911272,2.3741715,2.681963,2.222255,2.1697047,2.5325813,2.4724479,2.4368145,3.1719685,3.0589166,3.4342315,4.214013,2.7960825,2.6909685,2.6756034,2.6960611,3.4135165,2.6619484,2.468637,3.298951,3.032166,2.7538705,2.4336805,2.660617,3.6773498,3.6846836,4.311706,3.6399977,2.1895237,3.0837379,3.0174158,2.6554043
19,2.6963341,2.2711074,2.734652,3.0190585,2.4122796,4.407154,3.7729857,3.5114942,1.8983221,1.7858573,1.7075992,2.3669624,1.4429984,2.1172423,1.5870329,1.5861758,1.0960815,1.2423326,1.2177223,0.0,2.6926274,2.7046912,2.5793214,2.3876326,2.2784653,1.8200417,3.2080107,3.120688,4.4665523,3.538446,3.3308363,3.2785797,4.180044,4.2057137,4.0327573,3.8071334,2.3037922,2.156749,2.3012338,2.6907642,3.9147298,3.1151187,2.980107,3.2858894,2.7153695,2.9893534,2.371137,3.5828023,2.973039,3.2865803,2.8294058,2.457656,2.8600843,2.7000818,4.8046317,4.461049,2.7889836,2.7543924,2.0520163,2.1502647,2.6494339,3.3932374,2.874881,2.6480446,3.0180662,2.921827,4.503309,4.804847,3.5695333,3.339701,3.3633971,3.3633971,4.562534,4.602499,4.409984,4.427107,3.734249,3.6112542,3.860322,3.7633965,4.395196,4.1826224,3.8708353,4.1468787,2.5160937,2.5540798,2.7479022,3.156646,4.6154375,3.9049654,3.2681377,3.8201213,4.0153728,3.9509149,3.9580088,4.059853,1.6044903,1.9540374,2.3063276,1.7153175,1.5856836,2.132145,2.0230281,1.9894754,2.5893118,2.5165508,3.1444545,4.043622,2.4919868,2.4328058,2.3509898,2.373446,3.2207184,2.3157332,2.1408622,3.072732,2.7714543,2.4555302,1.9882416,2.260322,3.002447,2.9967391,3.8976736,3.0812807,1.9380145,2.8143146,2.3824394,2.3038514
20,2.8988156,2.833426,2.9201777,2.9328713,3.3510344,4.5761843,4.5585227,4.5895734,2.5781856,2.5322964,2.5506086,2.7512064,2.4144504,3.2558978,2.352053,2.5278704,2.683079,3.046111,2.948328,2.6926274,0.0,0.11804383,0.5709394,0.96721023,2.780661,2.6578722,3.7180595,3.7858932,4.2807813,3.4193885,4.1762915,4.106462,4.183885,4.1835823,3.853211,3.6733966,2.9606552,2.8405023,2.6058638,3.1739016,3.8447835,3.1931648,2.9983633,3.319488,3.022867,3.15233,3.0802298,3.7572682,3.1662838,2.460683,3.4335845,2.8256059,2.9732985,2.9515326,4.6628294,4.1696267,2.959622,2.9052062,2.724988,2.1119118,3.2595975,2.9506032,3.0318964,3.0558805,3.9194095,3.9638295,4.7686157,5.0526166,4.316682,4.1360674,4.1728125,4.1728125,4.759783,4.8111887,4.662508,4.2816386,4.1270547,4.142432,4.057015,3.9777799,4.0876336,3.9332788,4.0427976,3.4829552,2.8687155,3.0398772,3.639213,3.7220821,4.4615793,3.6557682,3.3235528,3.5992916,3.7730505,3.7800233,3.802283,3.9722936,2.8278139,2.9576392,3.180518,2.9081392,2.7675989,2.9288983,2.9401708,2.9272745,3.3156319,3.2205844,3.7096696,4.459225,2.9207392,2.9080627,3.0999255,3.1165283,3.7080882,3.355041,3.1501057,4.0245085,3.5420167,3.36938,2.9821205,3.0602298,3.634076,3.6570075,4.648139,3.8623288,3.184706,3.5832658,3.0928493,3.4335139
21,2.9003382,2.8429215,2.8944998,2.9253075,3.361454,4.557802,4.55659,4.587278,2.5668943,2.5360537,2.5583425,2.711256,2.4207835,3.2855227,2.3673434,2.5580454,2.6957242,3.0602567,2.952834,2.7046912,0.11804383,0.0,0.56787646,0.9778835,2.7675624,2.648359,3.6805553,3.749994,4.2388363,3.420169,4.170404,4.100287,4.162365,4.1636972,3.8206182,3.6537068,2.9500797,2.853226,2.6014144,3.212476,3.859603,3.194846,2.9880779,3.2917151,3.0252755,3.156822,3.0722644,3.7611067,3.1232994,2.40716,3.431714,2.8174,2.9692497,2.915428,4.656778,4.199888,2.961471,2.9065406,2.7320309,2.1160169,3.2802155,2.9227583,3.04466,3.0703092,3.9566433,4.001468,4.7850094,5.0691586,4.3583508,4.1688366,4.206533,4.206533,4.7864065,4.8314342,4.687766,4.2890725,4.156334,4.16835,4.0793242,4.001918,4.1113586,3.9575408,4.0608296,3.5045016,2.8605247,3.0325541,3.6319873,3.6960037,4.478086,3.6928098,3.3486352,3.6375084,3.8130066,3.8209045,3.8462985,4.0269065,2.8462236,2.9740024,3.1604152,2.9194958,2.7997034,2.9296067,2.927725,2.9161298,3.310815,3.2151759,3.6837723,4.4235654,2.917676,2.9049468,3.0995772,3.1154227,3.7275345,3.3547275,3.1635957,4.0667143,3.567167,3.3653805,2.9855583,3.0419185,3.6189969,3.6421382,4.6722217,3.861608,3.184223,3.580648,3.0875995,3.4478495
22,2.888206,2.7494867,2.8676157,2.8546846,3.3090305,4.3963523,4.415465,4.4443088,2.474883,2.4110212,2.4317043,2.6931078,2.3873854,3.2888122,2.1578915,2.3808713,2.6098323,3.0257716,2.6449692,2.5793214,0.5709394,0.56787646,0.0,0.82680106,2.471088,2.5553317,3.5055964,3.5865173,4.254249,3.3463,4.0813737,4.025387,4.126869,4.1057315,3.672284,3.494823,2.866273,2.735068,2.4285624,3.0291457,3.868472,3.0694401,2.8954988,3.1273677,2.9626954,3.0295734,2.807376,3.5391407,3.138847,2.526578,3.3461971,2.777917,2.7572758,2.746349,4.5338306,4.1393967,2.8498049,2.7903514,2.7588022,2.0699298,3.2367387,2.8872857,3.0161564,3.0648766,3.9635026,4.0285716,4.780206,5.0780954,4.4301286,4.2230334,4.2577167,4.2577167,5.0255766,5.054421,4.9182014,4.5442395,4.2213407,4.2287564,4.03522,4.0743475,4.181936,4.0157833,4.026282,3.5326746,2.8940227,3.043065,3.5971546,3.704439,4.5215507,3.796182,3.4687228,3.7381642,3.9044127,3.8989549,3.9232616,4.076139,2.7907186,2.9165566,3.1672478,2.895483,2.7620313,2.9048755,2.9333255,2.918889,3.3382144,3.2285767,3.5821161,4.287514,2.8439882,2.827363,2.9913352,3.0097795,3.6220138,3.2612553,3.0539424,3.9770052,3.418557,3.3287668,2.926816,3.0080247,3.8050268,3.8308103,4.626247,3.9126356,3.0885148,3.5398474,3.1694226,3.3689346
23,3.3111682,2.9963872,3.265589,3.3870373,3.1477294,4.6684175,4.806096,4.8379855,2.5501108,2.4744093,2.4987042,2.7692068,2.5043404,3.4092717,2.2720091,2.4478853,2.4116733,2.756908,2.4942708,2.3876326,0.96721023,0.9778835,0.82680106,0.0,2.6340635,2.6577623,3.5315254,3.5687635,4.330422,3.453148,4.1593924,4.1056805,4.5771914,4.551103,4.179129,4.0621505,3.0028193,2.8947256,2.5424068,3.0900435,4.2755394,3.2020855,3.1660028,3.4970474,2.9929225,3.0766191,2.7678933,3.506949,3.3161025,2.7273612,3.5338707,2.9662411,3.0032835,2.9742231,4.5693626,4.3237705,3.0213668,2.9683208,2.8521204,2.2965295,3.3384697,3.473773,3.3027852,3.2310042,3.7197726,3.7591004,5.184114,5.4553823,4.2169957,4.003015,4.0359173,4.0359173,5.1002,5.133485,4.998879,4.7088304,4.335404,4.3259974,4.211484,4.230787,4.696103,4.5290394,4.5245967,4.109222,3.006625,3.2116246,3.7272942,3.7988026,4.719536,4.0046654,3.6956315,3.9450977,4.1167746,4.1140027,4.1385894,4.28344,2.559754,2.7021837,2.952266,2.6216009,2.547871,2.70394,2.7087793,2.6929145,3.2810895,3.180502,3.570444,4.2934284,2.845133,2.8282192,2.9937825,3.0054586,3.4128582,3.058519,2.821969,3.8648384,3.2299008,3.124088,2.690247,2.7831192,3.5560236,3.57759,4.4095864,3.613991,2.9457135,3.3814461,2.9755049,3.2321222
24,2.8360126,2.65361,2.0735862,2.7369375,3.011843,4.29229,3.5005002,3.3590229,2.1064773,2.2055786,2.1549075,2.7299538,2.3702562,3.4700167,2.2413554,2.4466858,2.2459207,2.758654,1.7829045,2.2784653,2.780661,2.7675624,2.471088,2.6340635,0.0,1.4401644,3.107233,3.221023,4.3716125,3.3628297,3.3071375,3.32023,4.1801257,4.225439,3.644717,3.2150142,2.47882,2.5405297,2.1366723,2.8196578,3.488675,3.1505356,2.7565296,2.706167,3.011356,3.050675,2.240405,3.2783186,2.996072,3.237674,2.9512327,2.3401015,2.331323,1.4092282,4.792152,4.2025294,2.9577193,3.0580807,2.613312,2.2637453,2.837594,3.146262,2.5840921,2.7131023,3.8590345,3.9629138,4.520285,4.86306,4.173808,3.9573166,3.962791,3.962791,5.079248,5.124033,4.9376225,4.7358766,4.0926166,3.8531559,3.42999,3.7395227,4.1147423,3.9669173,3.7608035,3.9132783,2.559728,2.457369,2.9600947,3.116874,4.779093,4.013741,3.4956336,3.9710526,4.0877123,4.042433,4.12865,4.382706,2.5831435,2.7586906,2.589473,2.6163046,2.6494026,2.5695875,2.5052094,2.4752047,2.9496057,2.8009005,3.2700703,4.033007,2.3751435,2.337486,2.3377736,2.3457963,3.9108608,3.3815663,3.2305753,4.1772704,3.865078,3.3338237,3.2035177,3.1530943,4.0047965,4.0170155,5.015316,4.252718,2.8992658,3.4456644,3.4982262,3.606787
25,2.6522048,2.2760575,1.8747213,2.658498,3.0027478,4.3994913,3.4846818,3.1593332,2.0362031,2.142189,2.1164687,2.6709251,1.7160392,2.7929652,2.313224,2.3789558,1.7252889,2.4436479,2.1068752,1.8200417,2.6578722,2.648359,2.5553317,2.6577623,1.4401644,0.0,2.7324336,2.7348244,4.5455933,3.5469406,3.3326094,3.2938943,4.228758,4.254617,3.8349237,3.4441562,2.102297,2.237159,2.341565,2.9039547,3.3899446,3.2265785,2.8241928,2.8443594,3.040991,3.255369,2.8587446,3.8091505,2.892166,3.1927116,2.45258,2.0832367,2.9021418,2.037232,4.859859,4.148062,3.1506064,3.301395,2.4166937,2.1724985,2.560062,3.1896906,2.5018492,2.4184864,3.4976873,3.6143532,4.1610594,4.4946256,3.9913356,3.659726,3.6738563,3.6738563,4.466357,4.481237,4.3252406,4.1359506,4.0716987,3.778684,3.7036853,3.6416564,3.8997557,3.746133,3.3168395,3.552644,2.2744508,2.2015345,2.7308283,3.1951463,4.5873303,3.8613734,3.2293878,3.8061557,3.9336684,3.8667736,3.976411,4.2627106,2.25306,2.572431,2.264893,2.2461345,2.2126758,2.2094445,2.117345,2.0902376,2.0816364,1.9701396,2.7459311,3.7408144,1.8569938,1.915021,1.8187592,1.8125793,3.820176,3.2055743,3.1184072,4.147872,3.78092,3.2003531,2.9955409,2.9059718,3.3197598,3.3050418,4.7251515,3.7942033,2.749495,3.4411576,3.008473,3.2474492
26,3.776164,3.6289964,3.289475,3.7319055,3.8622227,3.6622381,4.386043,4.255598,3.1395373,3.1446428,3.2174594,3.6185598,3.2376015,3.938147,3.307634,3.3691041,3.2770708,3.6415706,3.3396366,3.2080107,3.7180595,3.6805553,3.5055964,3.5315254,3.107233,2.7324336,0.0,0.49967954,5.1191998,4.1811852,3.9372144,3.9231417,4.541364,4.627748,3.6964126,3.869736,3.6887977,3.831677,3.3763974,3.7641551,5.1007404,3.855577,3.5530055,2.8733869,3.6303408,3.7753773,3.4795494,4.2432766,4.228733,4.423599,3.5792673,3.224767,3.9645667,3.4206667,4.4666905,5.120538,4.6719847,4.761977,3.6565237,3.5404534,4.2009706,4.177174,4.120871,4.161413,5.150964,5.2226086,6.0920773,6.3399076,6.2073584,5.490422,5.5042186,5.5042186,6.0602965,5.7704325,5.95237,5.785333,5.670441,5.4153156,5.435304,5.4151344,5.636982,5.433349,5.1798363,5.3155093,4.1893396,4.130798,4.6308637,4.5922236,5.2790627,5.3696165,4.934595,5.324109,5.4669485,5.4287043,5.485956,5.682728,3.4019003,3.486009,3.3949788,3.3834317,3.4766586,3.4814944,3.3620863,3.3601122,3.271737,3.211627,2.4134336,3.463914,3.5268528,3.5401785,3.4932678,3.4897316,4.5806575,3.7701967,4.00027,5.463104,4.5080495,4.4339414,4.0128984,3.8259382,4.161623,4.1362677,5.3009634,4.545228,3.7635462,4.099621,3.9631712,4.327744
27,3.8679318,3.5983415,3.3986378,3.8319356,3.8886478,3.7687724,4.4793797,4.272178,3.1492085,3.1346374,3.2313392,3.6432226,3.164776,3.8458772,3.373486,3.3898823,3.256815,3.6161819,3.3102767,3.120688,3.7858932,3.749994,3.5865173,3.5687635,3.221023,2.7348244,0.49967954,0.0,5.339273,4.408226,4.1531377,4.1316986,4.638875,4.706974,3.879808,4.0321465,3.6159384,3.7659006,3.4619021,3.8086472,5.230195,3.9397433,3.708591,3.0934415,3.715129,3.8722467,3.590477,4.3625016,4.3026996,4.510822,3.4753885,3.3165271,4.1297684,3.5437725,4.526352,5.185904,4.6610227,4.7445216,3.6984231,3.6065648,4.1750736,4.3024635,4.2412224,4.2110105,5.1187677,5.18089,6.016508,6.279339,6.187044,5.454913,5.46916,5.46916,6.123281,5.8310633,6.015121,5.8526545,5.766873,5.5164914,5.579469,5.5303364,5.7546782,5.552521,5.176083,5.3301597,4.2370806,4.202646,4.5398483,4.6323447,5.3396845,5.4546227,5.0085444,5.4098334,5.545547,5.4999065,5.5640984,5.7607913,3.4045095,3.553123,3.4252992,3.3776011,3.4847064,3.4833348,3.3656886,3.3668754,3.3035665,3.2532701,2.4357314,3.4288328,3.5674508,3.589149,3.528384,3.517939,4.5707912,3.705466,3.9488533,5.439618,4.447347,4.3627534,3.9505155,3.7517178,4.153478,4.1221375,5.239947,4.4766192,3.7727115,4.22716,3.9547136,4.235125
28,4.2838106,4.5966787,4.137418,4.2952514,4.086781,5.385928,4.3730693,5.0965714,3.9486303,4.1571355,4.054009,3.255683,4.4550004,5.261356,3.821082,4.2250266,4.042473,4.234155,4.5256085,4.4665523,4.2807813,4.2388363,4.254249,4.330422,4.3716125,4.5455933,5.1191998,5.339273,0.0,2.5621705,3.4941096,3.4673903,4.7523847,4.7469845,4.36031,4.5366993,4.557846,4.6034474,3.6733463,4.9552655,5.0116434,3.541292,3.192737,3.9106765,3.4730408,3.661046,3.9703763,3.881194,2.8652961,3.1469855,5.353289,3.9763303,3.3576708,3.902588,4.8299704,4.7632146,4.445722,4.358374,3.7875428,3.6224473,4.8279796,3.8424063,4.378026,4.527884,5.0161386,5.083092,6.5668993,6.804851,5.194259,5.1780076,5.2083573,5.2083573,5.3323135,5.4021144,5.23115,5.1391134,4.5693293,4.6847353,4.5810513,4.520956,5.4419394,5.3396983,5.7694025,5.911826,4.2563844,4.1124616,5.0945654,4.080373,5.3243504,4.5648966,4.704358,4.5520253,4.6911807,4.7207217,4.7246156,4.807843,4.0643797,3.7687795,4.0373564,4.090035,4.2836585,4.006236,4.063899,4.059468,4.7922587,4.725272,5.1257887,5.5880237,4.695258,4.670935,4.684573,4.737092,3.9823895,4.333755,4.324977,4.8836465,4.6413794,4.4747376,4.266965,4.403648,4.6397123,4.6266503,5.087662,4.1445932,3.559985,3.1402953,3.2945027,4.1926594
29,3.3591053,3.5925498,3.1932793,3.338716,2.9866414,4.3703218,3.4042175,4.230261,3.0293198,3.018781,2.890834,3.3197398,3.3666477,4.345375,2.745867,3.1152115,3.1227567,3.4446275,3.6714106,3.538446,3.4193885,3.420169,3.3463,3.453148,3.3628297,3.5469406,4.1811852,4.408226,2.5621705,0.0,2.3817275,2.3748643,3.9408662,3.8950024,3.420566,3.4455667,3.69427,3.686763,2.541921,3.013416,4.2611465,2.0274386,1.8362608,2.965753,2.2712865,2.3778796,3.0691998,2.643544,3.3700488,3.604849,4.720566,3.2866077,2.7982767,3.2038608,3.783359,3.6442254,3.6705623,3.567195,2.836973,2.5440214,4.0023766,3.3248339,3.5784318,3.8995268,4.412622,4.5239205,5.9039755,6.153821,4.598059,4.523538,4.533764,4.533764,4.6387615,4.7039275,4.5228176,4.4171534,3.9570298,3.8566751,3.79696,3.757584,4.502788,4.3578167,4.9135685,5.1213694,3.469748,3.3669038,4.509368,3.5749643,4.3013544,3.369897,3.7606475,3.3542967,3.5298052,3.5542881,3.5645192,3.6856399,3.0847888,2.7823894,3.2269669,3.1618826,3.194499,2.857023,3.1478264,3.1286197,3.9724517,3.8870509,4.2816324,4.858493,3.8110502,3.8097258,3.7077959,3.7525828,2.8899221,3.5137725,3.2783597,4.2363405,3.8193314,3.7411616,3.4525595,3.6063118,4.3960857,4.4010878,4.64359,4.032062,3.3531446,2.9811904,3.0259547,3.9561312
30,3.3772306,3.5756083,3.2417939,3.3483818,3.5435643,4.788918,3.3814964,3.7165806,3.2012033,3.2030954,3.012719,3.5178628,3.5733004,3.8956995,2.883038,3.08074,2.7671957,3.2126915,3.58406,3.3308363,4.1762915,4.170404,4.0813737,4.1593924,3.3071375,3.3326094,3.9372144,4.1531377,3.4941096,2.3817275,0.0,0.17398709,4.1835628,4.0655527,3.6008313,3.5494852,4.3307667,4.3193665,2.8184457,3.2717302,3.9900107,3.1570735,2.8787363,3.0157201,3.2494657,3.567501,3.0453327,3.964088,3.5473597,4.1997557,4.748628,3.1871328,2.8737626,3.274332,5.029416,4.769747,4.0457964,3.9985147,3.0061204,2.9738941,4.2979937,3.5993955,3.8147116,4.161218,4.0426693,4.193045,5.957296,6.1928425,4.5186186,4.394273,4.389239,4.389239,4.288395,4.3246555,4.1726074,4.2437105,3.8273468,3.643572,3.6707356,3.5360894,4.550837,4.408721,5.0331726,5.5414925,3.5184984,3.2909708,4.6883025,3.6836886,5.043188,4.3560247,3.8985023,4.3148932,4.500824,4.503696,4.4483104,4.5058637,3.114004,2.745257,3.156889,3.04702,3.2340817,3.3298707,3.169183,3.1542447,3.529679,3.4745321,3.90058,4.576492,3.6223066,3.6441553,3.42462,3.4776511,3.9638557,3.3941138,3.3686097,3.9730046,3.7299504,3.7121198,3.4687908,3.660373,4.347528,4.351792,4.5455265,3.9525464,3.1369898,2.4651613,3.4888015,4.3483973
31,3.326537,3.5241714,3.2042637,3.3086846,3.5410414,4.813449,3.388888,3.7105646,3.1607974,3.1648972,2.9727976,3.461922,3.5069954,3.80466,2.8465576,3.043055,2.7099166,3.16753,3.5807414,3.2785797,4.106462,4.100287,4.025387,4.1056805,3.32023,3.2938943,3.9231417,4.1316986,3.4673903,2.3748643,0.17398709,0.0,4.1573935,4.034025,3.5949621,3.5416665,4.2864985,4.2782745,2.8098044,3.2692766,3.9748034,3.1498568,2.8625953,3.0242798,3.241278,3.57353,3.0720506,4.0040474,3.4877486,4.129439,4.720911,3.1622782,2.8798606,3.2812946,5.012185,4.7382298,4.016102,3.9633005,2.9603817,2.9179995,4.2470555,3.5452442,3.7813928,4.1193533,3.9926546,4.142778,5.907653,6.1459494,4.470302,4.356168,4.353645,4.353645,4.206798,4.24959,4.0900097,4.1400156,3.79121,3.6108353,3.6708286,3.498164,4.488679,4.3447495,4.968945,5.4708805,3.4554229,3.2341487,4.6474924,3.6600223,5.0190725,4.315053,3.8383226,4.271476,4.458198,4.4599047,4.404742,4.464171,3.0672925,2.699024,3.1115859,2.9989693,3.186136,3.283305,3.1165042,3.1029072,3.4580274,3.4067805,3.869885,4.53565,3.565381,3.5918381,3.368755,3.4224875,3.936554,3.352426,3.3253949,3.9413068,3.6834872,3.6651466,3.4033248,3.5978806,4.2722726,4.2760134,4.470271,3.8622787,3.088692,2.420189,3.4028733,4.285442
