,0,1,2,3,4,5,6,7,8,9,10,11,12,13,14,15,16,17,18,19,20,21,22,23,24,25,26,27,28,29,30,31,32,33,34,35,36,37,38,39,40,41,42,43,44,45,46,47,48,49,50,51,52,53,54,55,56,57,58,59,60,61,62,63,64,65,66,67,68,69,70,71,72,73,74,75,76,77,78,79,80,81,82,83,84,85,86,87,88,89,90,91,92,93,94,95,96,97,98,99,100,101,102,103,104,105,106,107,108,109,110,111,112,113,114,115,116,117,118,119,120,121,122,123,124,125,126,127
0,0.0,0.72954434,0.6640888,0.6891358,2.4757793,2.6072633,0.52815574,3.2419982,1.4930468,1.4344075,1.5194681,1.572819,2.024623,2.0234363,2.800715,2.79893,3.8498218,3.8999417,4.636034,4.6415462,3.9976199,4.238664,3.866967,3.6533096,5.312785,5.4217997,5.649805,3.850125,3.7920432,3.772863,3.9960241,3.522257,4.1243553,3.9355338,4.422902,4.4385166,4.0334535,4.003042,4.332001,4.008261,3.9017003,3.925128,4.1757674,4.033202,4.1239862,4.049565,4.9716926,5.085149,4.18463,4.4069343,4.5385118,4.5892,4.02149,3.9710429,4.2582135,4.186227,4.287651,4.29808,4.1455555,3.0381312,4.7815943,4.71015,4.444208,4.408633,5.038283,5.022453,5.2498093,5.324018,4.933507,4.9976506,4.964153,4.872422,5.6052704,5.105774,5.9730735,5.1437135,6.935125,5.4847436,5.1169987,5.120292,3.6516473,4.202113,4.6612897,4.965104,5.307234,4.173668,5.053253,5.0762677,4.3525167,4.1949363,3.817022,4.048798,4.6471477,4.42531,4.6923194,4.52826,4.212009,3.954988,3.41822,3.9961843,3.783253,4.8402777,3.877985,3.1432326,3.7573683,3.8465953,4.1936736,4.5364714,4.054974,3.8139184,3.5927646,3.590465,5.7094393,5.768325,6.3886795,5.741851,5.5918055,5.639228,5.84727,5.3991594,5.6978855,5.7410374,5.9111996,5.702259,5.735172,5.760339,5.8488054,5.8416424
1,0.72954434,0.0,0.98333645,1.0118184,2.5784423,2.7820907,0.8064668,3.1974468,1.7728105,1.7274698,1.8254786,1.8807025,2.2667515,2.2640083,3.017643,3.0167131,3.9053311,3.9604573,4.6502433,4.6535487,4.0536823,4.312354,3.9316394,3.7316604,5.3622518,5.5114284,5.6419888,3.9499638,3.8695672,3.8556113,4.1361957,3.621233,4.292455,4.1280937,4.625471,4.644243,4.1801753,4.1431117,4.4673185,4.166953,3.911437,3.9262795,4.2333574,4.0746226,4.130596,4.058822,4.9851017,5.101506,4.225092,4.4084263,4.547364,4.5976686,3.974356,4.038424,4.2497935,4.180622,4.320144,4.322865,4.1763706,3.2230065,4.8887663,4.8957577,4.4915595,4.4575434,5.25999,5.1857586,5.5171313,5.6401486,5.1034274,5.1642175,5.1296215,5.0315413,5.957562,5.2772355,6.3810234,5.4219623,7.026685,5.6668506,5.281104,5.2871447,3.9180827,4.5087733,4.889569,5.1409297,5.4303417,4.3519144,5.4418106,5.478738,4.3901534,4.213029,4.0194225,4.2545543,4.836757,4.477342,4.8423734,4.727691,4.269901,4.2196627,3.6896155,4.2358913,4.0479393,5.1790566,4.1230097,3.4305046,4.018765,4.1271214,4.4587383,4.765726,4.2142487,4.040594,3.8461165,3.8445156,5.838326,5.760106,6.523027,5.697029,5.692192,5.6159067,5.816774,5.345327,5.899391,5.836923,6.091989,5.895499,5.818616,5.8710575,6.0269265,6.024603
2,0.6640888,0.98333645,0.0,0.3334084,2.447557,2.5588596,0.6047708,3.2191882,1.709009,1.655391,1.8412722,1.8876548,2.1829855,2.1723492,3.1949818,3.1923304,4.024482,4.0568924,4.7483363,4.751988,4.1831236,4.422117,4.0645423,3.860876,5.408959,5.58073,5.764547,4.0201077,4.033672,4.020757,4.1859255,3.624365,4.2388887,4.081523,4.589382,4.6020727,4.2321544,4.1464424,4.5498314,4.191897,4.0957074,4.0091968,4.4430103,4.283984,4.313897,4.296063,5.2044783,5.334495,4.4310184,4.629443,4.734363,4.8045063,4.2871857,4.2081857,4.452078,4.3901134,4.460012,4.5053067,4.3262954,3.3105059,4.9657974,4.857585,4.5654416,4.526943,5.2691355,5.251217,5.445863,5.507302,5.1801357,5.2373557,5.202356,5.140822,5.7912292,5.313732,6.1289277,5.336355,7.1236396,5.710082,5.3234487,5.326689,3.868314,4.3581634,4.8359313,5.17026,5.4990697,4.4504986,5.232865,5.2650595,4.5884447,4.449202,3.9977615,4.272547,4.9137936,4.7127466,4.9108768,4.802251,4.494165,4.1710806,3.6849306,4.2421126,3.9957128,5.0991035,4.1340504,3.3521757,4.0321255,4.1501703,4.439006,4.8591166,4.1841393,4.0118046,3.7986422,3.7998006,5.8914056,5.9512405,6.5877643,5.8916383,5.8259144,5.885864,6.08397,5.58383,5.794151,5.8374033,6.0351324,5.7983913,5.890916,5.879456,5.9688187,5.934605
3,0.6891358,1.0118184,0.3334084,0.0,2.5646114,2.6484888,0.7234106,3.2937946,1.8441365,1.6860971,1.8913038,1.9417377,2.0786633,2.0649486,3.1823997,3.178988,4.103016,4.1392264,4.813236,4.81583,4.236356,4.5117674,4.137208,3.926038,5.4521136,5.6199093,5.8406053,4.1116257,4.1069784,4.0961113,4.2660947,3.6661932,4.3147945,4.152706,4.7015905,4.715805,4.303564,4.223541,4.608898,4.2669034,4.1618533,4.0928664,4.449883,4.280512,4.3870487,4.381251,5.271542,5.3991675,4.5108786,4.715157,4.836289,4.9011893,4.3760185,4.2976174,4.5480027,4.4688897,4.557951,4.584774,4.390371,3.3963578,5.029405,4.939217,4.614868,4.5844107,5.340046,5.3181524,5.524964,5.5841947,5.2509723,5.3120246,5.2781324,5.2161446,5.8333373,5.382528,6.156692,5.3809204,7.180227,5.7714314,5.381855,5.383086,3.9341364,4.4096017,4.9129014,5.235152,5.5662165,4.529197,5.283121,5.2956514,4.6025023,4.4832225,4.042935,4.272432,4.9096875,4.703829,4.8839235,4.7925673,4.6132593,4.3106403,3.80862,4.3634744,4.1331415,5.203484,4.245931,3.481831,4.1486874,4.2232685,4.576421,4.957427,4.25578,4.154071,3.935078,3.9356024,5.9157662,5.988264,6.6224756,5.9246945,5.8908896,5.951766,6.1549335,5.690857,5.8805327,5.962894,6.1188865,5.8751264,5.9372654,5.921467,6.0718102,6.0249023
4,2.4757793,2.5784423,2.447557,2.5646114,0.0,2.8611805,2.4412873,3.3498526,2.1620862,1.8365351,2.167687,2.1881943,2.5881886,2.595223,3.717693,3.709652,4.269348,4.3300037,4.9345894,4.9424343,4.4134536,4.5656447,4.4339824,4.334329,5.4202414,5.5529475,5.893911,4.2048535,4.2146764,4.1873894,4.3463354,4.3015556,4.324451,4.2653356,4.77723,4.786213,4.4421387,4.4096093,4.813546,4.434738,4.3556714,3.9401858,4.561193,4.2815394,4.5318556,4.490498,5.307023,5.396511,4.61811,4.74469,4.8549485,4.9186645,4.4308543,4.3739796,4.2182264,4.6028876,4.708627,4.663639,4.596207,3.654731,4.9276376,4.8809175,4.951552,4.893797,5.2564793,5.2706466,5.231962,5.290553,5.151927,5.233636,5.188543,5.07776,5.82763,5.388124,6.1619234,5.382643,7.2974896,5.9418488,5.382878,5.3842945,4.211188,4.786281,4.6714425,5.3449125,5.6138334,4.580926,5.2442822,5.2769775,4.8551335,4.73671,4.487202,4.7009597,5.064365,4.9041767,4.7777877,4.9504156,4.283289,3.9740548,3.7173114,4.0421677,3.857722,5.0516143,4.1263137,3.7644978,4.033657,4.165146,4.56974,4.877858,3.9669423,3.8831973,3.9170964,3.9211442,6.104349,5.9951262,6.8326135,5.7348504,5.7370677,5.812697,6.237576,5.6389112,5.8031225,5.7216253,5.7632575,5.851848,5.912349,5.940113,5.986839,5.9961424
5,2.6072633,2.7820907,2.5588596,2.6484888,2.8611805,0.0,2.6142695,3.4828768,2.8911593,2.7908275,2.0291312,2.0396025,2.3696012,2.3707256,3.6241431,3.6194432,4.4125504,4.4242525,5.1105256,5.116855,4.524641,4.6276364,4.447447,4.2798815,5.526302,5.570679,5.9874816,3.9556022,4.2666926,4.2590694,4.3963523,4.471086,4.5522695,4.321518,4.8537965,4.8536386,4.4150996,4.399116,4.7919846,4.3936844,4.423355,3.8938413,4.6055903,4.332679,4.5610075,4.5557976,5.4612937,5.5441318,4.6620026,4.762285,4.9320273,5.0151153,4.482499,4.391989,4.7546797,4.6834016,4.644465,4.55553,4.633143,3.4561172,4.962984,4.876121,5.081294,5.0110173,5.263611,5.297398,5.410036,5.44198,5.195308,5.2514863,5.2239437,5.094543,5.782227,5.35063,6.114848,5.371214,7.4257135,5.9473796,5.329991,5.332993,3.8936415,4.53168,4.7990603,5.251249,5.3598094,4.40195,5.188224,5.222622,4.759915,4.6037006,4.5106273,4.678663,4.87462,4.7670107,4.5375657,4.8504767,4.415295,4.0710945,3.5883045,4.1623588,3.9343553,5.0001974,4.080815,3.7730744,3.9850895,4.1183114,4.5754137,4.892376,3.875043,3.9251544,3.7260082,3.7301774,6.199528,6.2796855,7.140635,5.9465284,5.9502134,6.050917,6.54758,5.909498,6.085248,5.9775653,6.255094,6.105005,6.2304068,6.257535,6.209854,6.297265
6,0.52815574,0.8064668,0.6047708,0.7234106,2.4412873,2.6142695,0.0,3.2339942,1.6526172,1.6510825,1.7031354,1.7539539,2.1745963,2.1758165,2.9430926,2.943246,3.8722208,3.9383032,4.649213,4.6543574,4.034593,4.288336,3.9165876,3.7128944,5.211013,5.339104,5.60948,3.840282,3.8524394,3.8333998,3.9428778,3.3746128,4.1893954,4.0176063,4.5753574,4.5920877,4.1137886,4.0927258,4.430801,4.084713,3.950096,3.9647129,4.264436,4.1296506,4.1709757,4.10116,5.046083,5.164882,4.196107,4.434589,4.604718,4.6594663,4.0603833,4.0229855,4.2618113,4.2358584,4.31233,4.3057375,4.2033854,3.1501496,4.7600627,4.7171593,4.4831405,4.432371,5.123717,5.1012063,5.3170753,5.388223,5.0352674,5.102143,5.0648685,4.988407,5.6983776,5.1646633,6.0793705,5.228454,6.9675055,5.5322676,5.1750956,5.1793785,3.7669907,4.2757783,4.736039,5.0545745,5.3256507,4.2965627,5.1328597,5.173517,4.4104776,4.257205,3.863159,4.130366,4.7299857,4.4886065,4.779842,4.6096096,4.38908,4.073364,3.5407465,4.1903057,3.898668,4.973233,4.09821,3.27986,3.9180477,4.036658,4.293027,4.6740103,4.0357046,3.9113896,3.7208767,3.7164009,5.805746,5.8330965,6.463931,5.7938623,5.6860876,5.7269497,5.8807473,5.408297,5.756568,5.7611475,5.9826217,5.765125,5.794429,5.828235,5.895172,5.880582
7,3.2419982,3.1974468,3.2191882,3.2937946,3.3498526,3.4828768,3.2339942,0.0,3.2254522,3.1113331,3.0497017,3.0781944,3.2663329,3.2673473,4.054631,4.0505457,2.5855298,2.607634,2.8241017,2.823483,2.8650577,3.1459696,2.6415484,2.734806,3.2592268,3.836793,3.570484,2.9174166,2.6998827,2.7037156,3.2728302,3.2254941,2.7067273,2.721001,3.3286586,3.360635,2.7465193,2.8088622,3.2743154,2.716641,2.6648228,1.7377669,3.0863194,2.6279073,2.7857885,2.8997006,4.087424,4.204427,3.0612733,3.136776,3.316434,3.392479,2.7522445,2.6699882,2.9275978,2.8428354,2.9195902,2.9498928,2.7368305,4.060357,3.951224,3.8145952,3.2098906,3.1889994,4.1804976,4.1285486,4.2350397,4.341652,3.989357,4.0704174,4.0115957,3.9399965,4.7871966,4.165931,5.155258,4.235312,5.4494133,4.8539777,4.1465883,4.153305,3.2970517,3.2155733,4.463204,4.004401,4.374304,3.2450845,4.0907564,4.192483,3.2612867,3.1041598,3.1122313,3.357143,3.657992,3.4414334,3.3089755,3.5808575,3.2173464,3.6054935,3.1489162,3.6561522,3.389158,4.5037565,3.5529432,3.249927,3.498065,3.6681554,3.9903667,4.5916543,3.3459995,3.447877,3.32684,3.3222992,3.899076,3.9060483,5.150698,3.4055047,3.6945927,3.7689073,4.3580413,3.4853332,3.7698529,3.6800659,3.9854054,3.7740617,3.7902176,3.9037457,4.010586,4.030355
8,1.4930468,1.7728105,1.709009,1.8441365,2.1620862,2.8911593,1.6526172,3.2254522,0.0,1.1392348,1.3671997,1.3922025,2.180453,2.1922407,3.1693597,3.1662707,4.00237,4.042304,4.798097,4.8083873,4.1328397,4.27729,4.012144,3.8088415,5.385257,5.329167,5.8440313,4.116308,3.9217827,3.892577,4.1667004,4.0272417,4.2293134,4.05376,4.253774,4.2693853,4.078753,4.046303,4.263439,4.055985,4.0497227,3.7744837,4.3568153,4.103115,4.240676,4.1228995,5.071163,5.15852,4.258908,4.4069386,4.540437,4.618177,4.0683684,3.9834902,4.3184443,4.2550135,4.353919,4.327975,4.261962,3.0888093,4.893062,4.78547,4.6241007,4.623483,4.799202,4.82153,4.956812,5.023198,4.665474,4.716728,4.6785316,4.6475224,5.355358,4.889331,5.7301073,4.916333,6.9069223,5.42213,4.900966,4.906828,3.5723586,4.2392054,4.5559387,4.8964214,5.2945557,4.0156565,4.9529853,5.0361996,4.4028487,4.2239943,3.9023383,4.1607003,4.6092987,4.446812,4.427712,4.4882627,3.9291902,3.6179075,3.167617,3.6953335,3.5420725,4.393004,3.590908,3.0671868,3.4979744,3.6665046,4.010965,4.4064584,4.1349497,3.5791895,3.33804,3.3402834,5.6136703,5.70518,6.4816914,5.5147543,5.3752975,5.455471,5.8626285,5.263142,5.476863,5.5662336,5.6549697,5.5086904,5.6540213,5.6820383,5.6580725,5.673374
9,1.4344075,1.7274698,1.655391,1.6860971,1.8365351,2.7908275,1.6510825,3.1113331,1.1392348,0.0,1.1694753,1.2234651,1.8418533,1.8428344,2.7736826,2.7670903,3.7126524,3.7184367,4.505595,4.5141416,3.839582,4.0127587,3.7461758,3.5119543,5.2234035,5.250247,5.6796513,3.8794608,3.6328335,3.6082592,3.9393406,3.8683536,3.8369536,3.6663516,4.2972803,4.310268,3.8676214,3.8435361,4.1249423,3.853315,3.780446,3.6139646,4.0097766,3.7707882,3.9931395,3.9135509,4.861437,4.9522953,4.0768585,4.368748,4.3766165,4.451318,3.9027746,3.7963011,4.0193563,4.0475636,4.2194414,4.1665487,4.0316625,2.8716636,4.484531,4.389699,4.1429477,4.1520553,4.658699,4.6777434,4.808205,4.885005,4.561883,4.6294184,4.5931644,4.499835,5.230477,4.7483077,5.5834117,4.7758837,6.7729254,5.282862,4.783539,4.7876296,3.3787477,4.166706,4.324831,4.7751417,5.250353,3.8639479,4.707997,4.731192,4.202727,4.044231,3.8433032,4.033288,4.4889836,4.2153363,4.2757316,4.235099,3.8545609,3.5948558,3.1354282,3.6072104,3.5038939,4.459898,3.5376208,3.1613758,3.4683497,3.53612,4.0704813,4.4817624,3.7116082,3.543531,3.3477252,3.3459826,5.5642476,5.6350555,6.345186,5.504131,5.3540382,5.4382863,5.827294,5.3336105,5.45945,5.59377,5.6095905,5.4891014,5.5216036,5.5629687,5.688863,5.6948
10,1.5194681,1.8254786,1.8412722,1.8913038,2.167687,2.0291312,1.7031354,3.0497017,1.3671997,1.1694753,0.0,0.21398863,1.5864465,1.6109384,2.4760869,2.4706957,3.606434,3.6542678,4.4918976,4.5010734,3.7595391,3.9381697,3.6204967,3.3814623,5.0390477,4.9314446,5.5081944,3.508564,3.4307892,3.4029632,3.6875305,3.753529,3.8495867,3.6101012,4.1646543,4.1781287,3.623257,3.6419628,3.8323617,3.6137354,3.6223557,3.3744137,3.7760808,3.5075817,3.8041625,3.684172,4.732008,4.7929144,3.7959967,3.9679582,4.191892,4.2558947,3.6259193,3.5383923,3.9314277,3.8371098,3.9467947,3.8516085,3.8400447,2.4971414,4.3493524,4.2898183,4.2945175,4.2887063,4.3786564,4.413033,4.578822,4.644296,4.2846866,4.3497787,4.3164845,4.2255287,4.9637303,4.495843,5.350138,4.5116563,6.617684,5.0361447,4.470033,4.4731703,2.9951909,3.8218188,4.1663837,4.5276704,4.7108274,3.4936285,4.4820123,4.4990854,3.8988981,3.734757,3.650941,3.7634628,4.0497546,3.8756864,3.877079,3.9249651,3.632304,3.3273878,2.758764,3.3914328,3.2337582,4.111912,3.2918034,2.9531207,3.1395123,3.2496295,3.801273,4.052817,3.3454294,3.2556593,3.0267637,3.0229936,5.4266086,5.5338945,6.2960725,5.350713,5.170756,5.2646995,5.736623,5.2050867,5.4215956,5.478991,5.573322,5.4344735,5.5010614,5.577445,5.574773,5.6399198
11,1.572819,1.8807025,1.8876548,1.9417377,2.1881943,2.0396025,1.7539539,3.0781944,1.3922025,1.2234651,0.21398863,0.0,1.6102717,1.6367812,2.5022385,2.4951954,3.6382213,3.6905506,4.528397,4.5371513,3.8696303,4.0436845,3.65069,3.4101994,5.054714,4.9404855,5.5338383,3.531553,3.4601953,3.4326339,3.6888418,3.7709231,3.8680058,3.6319907,4.1641183,4.174211,3.642006,3.6155846,3.8429868,3.6328,3.6637478,3.329506,3.757008,3.4859836,3.830474,3.6830506,4.745077,4.8046427,3.8249905,3.9820855,4.2273083,4.281424,3.6431704,3.561129,3.9572113,3.8628986,3.937905,3.9197366,3.8555987,2.5014362,4.36845,4.309163,4.32997,4.324443,4.34673,4.3843718,4.5452404,4.6111236,4.264039,4.32433,4.2885284,4.199229,4.9451156,4.477602,5.3273916,4.484601,6.624479,5.0311866,4.4536357,4.456558,2.9727268,3.8076541,4.13233,4.504697,4.6743684,3.48225,4.5050254,4.4746876,3.8644686,3.710183,3.634266,3.746247,4.0937157,3.940978,3.9474452,3.9798875,3.6260717,3.2819426,2.7725697,3.3487594,3.1912374,4.078109,3.2477415,2.9128006,3.1231833,3.2374732,3.8357122,4.0763316,3.2725832,3.2107897,3.0081565,3.0045586,5.43835,5.549302,6.308216,5.367236,5.1706657,5.260807,5.754306,5.225393,5.4229455,5.477376,5.5666633,5.433629,5.512212,5.5739503,5.57608,5.647467
12,2.024623,2.2667515,2.1829855,2.0786633,2.5881886,2.3696012,2.1745963,3.2663329,2.180453,1.8418533,1.5864465,1.6102717,0.0,0.06668472,2.867645,2.858651,4.191559,4.223049,4.92326,4.930539,4.289496,4.4853344,4.205375,4.021158,4.9547706,5.1011786,5.861922,4.0328155,4.0521226,4.053957,4.028972,3.8423903,4.3751307,4.151617,4.712564,4.7200723,4.271464,4.228056,4.6738677,4.286823,4.1862607,3.756523,3.9001188,3.532868,4.3794394,4.3815336,5.307482,5.377793,4.4289546,4.630218,4.811019,4.860034,4.363059,4.2810974,4.577813,4.528516,4.562094,4.488516,4.424744,3.4579473,4.6937037,4.8023577,4.7916846,4.7574,5.1893764,5.167484,5.294202,5.3399553,5.017852,5.1199226,5.0758343,4.9842196,5.5834265,5.207498,5.8636336,5.139324,7.1970673,5.771188,5.1692715,5.1633344,3.6765566,4.309046,4.7422137,5.039345,5.3429713,4.285055,5.0393057,4.8769875,4.2290597,4.2322197,4.0872765,4.042606,4.4127755,4.2378535,3.9931226,4.3016872,4.380469,4.0492024,3.5661728,4.156673,3.948669,4.984046,4.031841,3.6128273,3.8502326,3.6997266,4.623166,4.7892637,3.9816003,3.965164,3.7276812,3.722539,5.523009,5.62041,6.537512,5.2880664,5.460249,5.524509,6.0525284,5.6652102,5.7802997,5.8886747,5.8727927,5.768277,5.6181297,5.61608,6.061471,6.0253267
13,2.0234363,2.2640083,2.1723492,2.0649486,2.595223,2.3707256,2.1758165,3.2673473,2.1922407,1.8428344,1.6109384,1.6367812,0.06668472,0.0,2.9024546,2.8935497,4.210446,4.23701,4.937359,4.944442,4.3030467,4.496805,4.2244782,4.0403414,4.9731607,5.1195188,5.875759,4.05104,4.0754757,4.0772157,4.050421,3.8614442,4.3878293,4.165827,4.7309694,4.7380795,4.297026,4.253482,4.698316,4.311236,4.209292,3.7758167,3.9285202,3.5598264,4.404156,4.4089804,5.3281627,5.400259,4.4565935,4.6640053,4.833174,4.8843665,4.389944,4.3056765,4.602182,4.552769,4.5895476,4.514989,4.4490476,3.4939253,4.703838,4.8088155,4.7901325,4.756945,5.212315,5.188843,5.3167567,5.3631816,5.0383816,5.140081,5.0963645,5.002878,5.6030107,5.2241583,5.8816433,5.156693,7.214529,5.793976,5.190946,5.1851087,3.7041502,4.335864,4.7658587,5.061176,5.382756,4.3152013,5.062446,4.900721,4.2554507,4.257411,4.111017,4.0678124,4.447609,4.263863,4.01489,4.328223,4.40133,4.0753503,3.5934267,4.178964,3.9730532,5.007942,4.053492,3.6316829,3.8750544,3.7225962,4.64996,4.826251,4.0116916,3.9899035,3.749167,3.7443092,5.5350313,5.632079,6.5527616,5.2963514,5.480461,5.543829,6.070388,5.6819963,5.791523,5.90538,5.887372,5.779684,5.6275325,5.6232066,6.07784,6.0388594
14,2.800715,3.017643,3.1949818,3.1823997,3.717693,3.6241431,2.9430926,4.054631,3.1693597,2.7736826,2.4760869,2.5022385,2.867645,2.9024546,0.0,0.032391947,3.0229707,3.101872,4.000471,4.0158825,3.320172,3.4305997,2.992746,2.734952,4.683134,5.0336976,5.073032,3.0481534,2.7393572,2.7484555,3.002798,3.028029,3.405679,3.1045942,3.823127,3.8357973,3.1417696,3.166317,3.657825,3.186209,2.927827,3.837312,2.7936254,3.022115,3.0892253,3.0172887,4.2612376,4.280248,3.0333197,3.4668374,3.5340922,3.5075853,3.1876616,3.1437871,3.3398077,3.257992,3.2994006,3.30575,3.223001,1.6365501,3.7629826,3.9155893,3.9750733,3.90386,4.3403378,4.335228,4.5628533,4.6468663,4.2628036,4.3703303,4.3371377,4.1917067,4.9331517,4.494079,5.2993054,4.6180596,6.039771,4.42129,4.4033017,4.403043,2.5211332,3.4829288,3.9879415,4.25489,4.1947217,3.0203202,4.063019,3.934157,3.4671412,3.418387,3.3984778,3.354304,3.545815,3.4181445,4.3577185,3.4654832,3.4817228,3.1176465,2.5794249,3.2338293,3.0884593,4.2227597,3.143026,2.9288616,2.8426793,2.7096798,3.2041557,3.1252356,3.2278934,3.0545003,2.8642468,2.839968,5.110388,5.187102,5.342911,5.5917687,4.860525,4.9086657,4.9964833,5.023007,5.352052,5.2799473,5.4369183,5.3497057,5.152801,5.2967186,5.3908854,5.4675713
15,2.79893,3.0167131,3.1923304,3.178988,3.709652,3.6194432,2.943246,4.0505457,3.1662707,2.7670903,2.4706957,2.4951954,2.858651,2.8935497,0.032391947,0.0,3.0244162,3.1038115,4.0004654,4.0157714,3.3292482,3.4426422,2.994294,2.7362049,4.684557,5.037691,5.0758667,3.0505273,2.7407348,2.750373,3.005594,3.0328512,3.4025877,3.1015189,3.819189,3.8315291,3.1388333,3.1578302,3.6577265,3.183979,2.928464,3.826792,2.7857273,3.0123339,3.0883703,3.0157816,4.2532897,4.2721734,3.0379024,3.4679034,3.5386271,3.510848,3.1890433,3.145819,3.3402052,3.2594292,3.2988224,3.3144672,3.2209458,1.6323384,3.7640936,3.916194,3.9772017,3.905623,4.336003,4.331224,4.558756,4.642656,4.2594504,4.3666806,4.3333817,4.188375,4.934224,4.498049,5.2982697,4.618611,6.045898,4.427566,4.4061203,4.4056654,2.512463,3.4765594,3.972362,4.244197,4.1883874,3.0154774,4.060607,3.926209,3.4570684,3.4107544,3.389818,3.34467,3.5432835,3.418914,4.3547873,3.4646866,3.4755352,3.1083646,2.57667,3.2219055,3.079299,4.220201,3.1310375,2.9211373,2.8363793,2.7017934,3.2057393,3.1257572,3.2144668,3.0454674,2.8585198,2.8344853,5.1086287,5.1858006,5.3431063,5.5892763,4.857419,4.9054265,4.9994335,5.024931,5.349834,5.277288,5.432242,5.346845,5.150596,5.2911243,5.388826,5.465074
16,3.8498218,3.9053311,4.024482,4.103016,4.269348,4.4125504,3.8722208,2.5855298,4.00237,3.7126524,3.606434,3.6382213,4.191559,4.210446,3.0229707,3.0244162,0.0,0.44498122,1.459121,1.4722244,1.5183392,1.9288627,0.4536574,0.7424709,2.8679388,3.737619,2.4711037,1.592183,0.5696697,0.61679,1.9345074,2.4099665,1.1537325,1.1268301,2.3309984,2.374676,1.2811105,1.619614,2.237041,1.2648704,0.8479685,2.302458,1.8874974,2.090054,0.9653282,1.1120688,3.1768382,3.2237444,1.1748393,1.9093785,2.1005647,2.099347,1.3474698,1.1667683,1.2142768,1.1148927,1.2270603,1.3947887,1.0495024,3.0534294,2.59867,2.4497068,1.89325,1.7891462,3.2422523,3.2188501,3.3914075,3.5275786,3.1256793,3.2296448,3.1804779,2.9955616,3.9760725,3.3009236,4.413598,3.5339625,4.060743,3.3320825,3.256828,3.2682254,2.1650307,2.3169937,3.8413718,3.244436,3.3497396,1.7237421,2.8789709,3.0338342,2.2679179,2.0200732,2.1883352,2.4424567,2.6809275,2.4084373,3.5863848,2.4557238,2.2637374,2.638226,2.1741416,2.7325263,2.4615788,3.693766,2.6869848,2.6340318,2.4644573,2.6592216,2.5698164,3.1707203,2.665695,2.483761,2.4417675,2.4165754,3.25862,3.2876873,3.6068156,3.7964523,2.858037,2.9971473,3.0304215,2.6963716,3.1349204,2.840005,3.3663788,3.1379957,3.0596237,3.3824842,3.071435,3.228287
17,3.8999417,3.9604573,4.0568924,4.1392264,4.3300037,4.4242525,3.9383032,2.607634,4.042304,3.7184367,3.6542678,3.6905506,4.223049,4.23701,3.101872,3.1038115,0.44498122,0.0,1.5695523,1.5840124,1.5281625,1.7600285,0.564471,0.7836656,2.9758432,3.8240666,2.5228536,1.6276042,0.77093434,0.81077725,1.97968,2.559802,1.0718454,1.0278047,2.364657,2.3991754,1.4134917,1.7132298,2.3334901,1.3874029,1.0264732,2.3600008,2.0343266,2.214085,1.1438589,1.3086822,3.228508,3.2818596,1.3565042,2.098829,2.0489016,2.0870001,1.5294106,1.2861738,1.4101626,1.2564448,1.3998927,1.5460405,1.252683,3.1353633,2.5069158,2.2934725,1.639311,1.544859,3.317425,3.2889025,3.4602382,3.6032064,3.1728847,3.2714267,3.226001,3.0256891,4.025483,3.3123624,4.452673,3.5756598,4.110195,3.4069095,3.327427,3.3420212,2.1866803,2.4486082,3.9048114,3.270573,3.4969835,1.8225634,2.9292674,3.0706093,2.4566994,2.2048502,2.3951278,2.635083,2.9177926,2.580743,3.700755,2.6120408,2.2678514,2.6728837,2.2161844,2.7461066,2.5090265,3.728434,2.6880693,2.6822512,2.4544213,2.646936,2.620352,3.289838,2.762838,2.5266032,2.4236345,2.3988943,3.2751231,3.3215349,3.6444244,3.824345,2.9301372,3.0616608,3.122447,2.7978234,3.153659,2.8823395,3.4158955,3.1669314,3.0647838,3.388991,3.1395965,3.2859473
18,4.636034,4.6502433,4.7483363,4.813236,4.9345894,5.1105256,4.649213,2.8241017,4.798097,4.505595,4.4918976,4.528397,4.92326,4.937359,4.000471,4.0004654,1.459121,1.5695523,0.0,0.042396832,2.0147629,2.3458014,1.47481,1.7933974,2.8370693,3.8806264,2.5026014,2.6135068,1.6520021,1.6751143,2.964057,3.0209203,1.4855697,1.6508255,2.5422451,2.5922098,1.7915186,2.1384008,2.5929625,1.777368,1.4445888,2.5779345,2.3564749,2.59745,1.4343151,1.7402251,3.2636247,3.3788588,1.8965837,2.7330542,2.3356755,2.321648,1.8482298,1.7198974,1.6702434,1.6613414,1.8609872,1.953711,1.4018695,3.9651995,3.3830872,3.246821,2.293904,2.2332628,3.480291,3.4264395,3.5598807,3.7018046,3.4570785,3.559255,3.510929,3.3944983,4.284619,3.7152073,4.663285,3.9902716,3.9299974,3.7178195,3.6318119,3.6386676,3.0330157,2.7296007,4.0802975,3.5362816,4.154768,2.5129027,3.1424582,3.441791,2.8511078,2.694336,2.8941052,3.162539,3.043861,2.896243,3.884407,2.9568746,2.8206577,3.4110715,3.0490263,3.4361658,3.2717001,4.264024,3.4026105,3.413065,3.4794662,3.539252,3.274956,4.0714154,3.3619273,3.3148437,3.3030834,3.2842066,3.3849273,3.409921,3.7674267,3.8573802,3.00255,3.1425645,2.9841955,2.6180823,2.950599,2.9410028,3.2429056,3.0173597,2.9185088,3.1829922,2.9890354,3.1174664
19,4.6415462,4.6535487,4.751988,4.81583,4.9424343,5.116855,4.6543574,2.823483,4.8083873,4.5141416,4.5010734,4.5371513,4.930539,4.944442,4.0158825,4.0157714,1.4722244,1.5840124,0.042396832,0.0,2.0330865,2.3743653,1.4925492,1.8078413,2.841404,3.877432,2.4985077,2.6200244,1.6706053,1.6925107,2.973829,3.0253932,1.5011256,1.6700639,2.5535533,2.60324,1.8106052,2.1502569,2.5940902,1.7947903,1.4633619,2.5814135,2.3655474,2.6033125,1.4526029,1.7537111,3.2747443,3.39025,1.9106954,2.7455828,2.3583288,2.3444405,1.8600782,1.7362429,1.6829959,1.6714312,1.8732581,1.973664,1.4114549,3.9812465,3.3884468,3.25269,2.2928138,2.2354765,3.4772522,3.4202132,3.5589457,3.702579,3.4533403,3.5546806,3.5064757,3.3907619,4.2830787,3.7101629,4.66217,3.9852483,3.918663,3.7132313,3.6253805,3.6320262,3.0441084,2.7384987,4.090192,3.545171,4.16532,2.5267987,3.1590602,3.4543946,2.8442066,2.6895514,2.8960102,3.160686,3.0512874,2.8994684,3.890198,2.9642775,2.8316464,3.4240916,3.0670743,3.4469495,3.2836401,4.270032,3.413719,3.4210262,3.4952307,3.5535843,3.296129,4.090365,3.3688645,3.3252988,3.3160412,3.2974463,3.3820124,3.4031048,3.764722,3.851756,3.0073407,3.142873,2.9820182,2.6155083,2.9481978,2.94735,3.2421746,3.0125976,2.9136124,3.1755762,2.9884734,3.1149075
20,3.9976199,4.0536823,4.1831236,4.236356,4.4134536,4.524641,4.034593,2.8650577,4.1328397,3.839582,3.7595391,3.8696303,4.289496,4.3030467,3.320172,3.3292482,1.5183392,1.5281625,2.0147629,2.0330865,0.0,1.2321466,1.5601953,1.6776277,3.3195312,4.0541344,3.0027065,2.2774174,1.5725317,1.5851369,2.7481878,3.0468884,2.0305808,1.92009,2.9616985,3.031342,1.971878,2.7116976,2.742862,1.9676902,1.5401369,3.173148,2.8331234,2.8942215,1.822946,2.2295232,3.5515559,3.59397,1.9053661,2.5187516,2.5087662,2.6190255,2.1125495,1.901659,2.0365052,1.9305258,2.4264412,1.3077002,2.0115542,3.428493,3.087184,2.9383845,2.3993883,2.3208203,3.879927,3.8764575,4.0327325,4.1237187,3.709216,3.8364766,3.8153868,3.6507375,4.411359,3.8929555,4.832463,4.097718,4.5569353,3.9178643,3.8277225,3.837594,2.8800304,2.9815602,4.3594527,3.8335946,4.0625095,2.4874134,3.0332057,3.6371558,3.1871533,2.9024029,2.9330637,3.1265655,2.6223314,2.209059,3.1530547,2.3048286,2.8792262,3.4160118,2.5647595,3.4628706,3.2632177,4.1849556,3.4123719,3.3857195,3.0526807,3.1833258,2.7729952,3.3859718,3.6362576,3.324184,3.0735848,3.053742,3.6472464,3.7163777,4.1257386,4.032544,3.375195,3.5946505,3.5508494,3.1468759,3.6514423,3.4853156,3.926391,3.68171,3.549017,3.9678519,3.6121726,3.6991296
21,4.238664,4.312354,4.422117,4.5117674,4.5656447,4.6276364,4.288336,3.1459696,4.27729,4.0127587,3.9381697,4.0436845,4.4853344,4.496805,3.4305997,3.4426422,1.9288627,1.7600285,2.3458014,2.3743653,1.2321466,0.0,1.8929062,2.0402896,3.5329685,4.164434,3.245082,2.4715097,1.8412137,1.8352375,2.8872356,3.2799535,2.1157815,1.9913919,2.9922152,3.0415754,2.143564,2.7957044,2.8640757,2.135545,1.8450351,3.3270237,2.9922597,3.1313457,2.0523798,2.3780224,3.6572368,3.7201462,2.0475059,2.6897604,1.9115942,2.0970917,2.2574098,1.9404988,2.1733403,2.0783374,2.5256696,1.6154834,2.2742872,3.5059168,3.2918844,3.1063826,2.6518784,2.6060114,4.034281,4.030109,4.09377,4.1967597,3.8537443,3.9775546,3.9519644,3.7968562,4.5145407,3.9524841,4.9314184,4.2652717,4.65904,4.0383,3.97197,3.9899485,3.0007062,3.2044709,4.463022,3.9370656,4.2168846,2.7141695,3.2002566,3.7269373,3.7813065,3.532204,3.623627,3.78165,3.282059,3.015507,3.7836235,3.0497246,2.9313767,3.4635272,2.6583526,3.538478,3.3720741,4.2196503,3.4918444,3.5184,3.106033,3.2344797,2.8106062,3.4599676,3.7751217,3.4236243,3.108105,3.0830863,3.932992,4.0182567,4.3759828,4.330212,3.6308465,3.8297439,3.7835097,3.4571812,3.8407116,3.7020926,4.0931478,3.9345477,3.7848294,4.2117186,3.8934004,4.0137343
22,3.866967,3.9316394,4.0645423,4.137208,4.4339824,4.447447,3.9165876,2.6415484,4.012144,3.7461758,3.6204967,3.65069,4.205375,4.2244782,2.992746,2.994294,0.4536574,0.564471,1.47481,1.4925492,1.5601953,1.8929062,0.0,0.48302278,2.9888625,3.8802469,2.6521633,1.8382367,0.5789883,0.67148787,2.147323,2.572427,1.2040838,1.0700922,2.3245306,2.370465,1.1465386,1.5081491,2.2230766,1.1513959,0.74978,2.259422,1.8629318,2.0874047,0.84711635,1.0192736,3.0817308,3.1338096,1.2476227,1.943926,2.0200877,2.0064325,1.2994436,1.1081992,1.4743792,1.1096225,1.1924139,1.3890886,0.97506386,2.9970691,2.7848594,2.618182,1.9076121,1.808152,3.2899399,3.2883172,3.4888656,3.6187642,3.207088,3.3025956,3.2558906,3.0840704,4.057066,3.4091399,4.4823675,3.6486895,4.1755095,3.4535031,3.3724542,3.385525,2.1052296,2.2571287,3.8139236,3.155093,3.3280911,1.6059566,2.8496933,3.019155,2.3058598,2.0266972,2.2073033,2.504584,2.6681004,2.422309,3.5693831,2.450183,2.2797608,2.7115126,2.1843307,2.772312,2.550502,3.7431395,2.6672456,2.6821513,2.4945805,2.6876547,2.5783055,3.213377,2.7116463,2.5921159,2.4818017,2.4552488,3.3205996,3.4341521,3.7357075,3.9073043,2.9081178,3.0584276,3.141865,2.806897,3.2385483,2.9555085,3.5181918,3.248276,3.1768491,3.4873471,3.176142,3.3503132
23,3.6533096,3.7316604,3.860876,3.926038,4.334329,4.2798815,3.7128944,2.734806,3.8088415,3.5119543,3.3814623,3.4101994,4.021158,4.0403414,2.734952,2.7362049,0.7424709,0.7836656,1.7933974,1.8078413,1.6776277,2.0402896,0.48302278,0.0,3.2767777,4.0187564,3.0438702,1.9601934,0.7938958,0.8638844,2.2255657,2.6464121,1.4170355,1.1983969,2.5195599,2.5608673,1.3049413,1.5788128,2.221436,1.3033024,0.93681806,2.3311853,1.9854847,2.1886804,1.0593901,1.1416562,3.1499836,3.1985703,1.4115511,2.109856,2.2074003,2.21193,1.4340314,1.2671782,1.7398013,1.2813277,1.3992506,1.549963,1.1801757,2.6845934,2.789009,2.619332,1.8685662,1.8015066,3.2488966,3.2568793,3.5193803,3.6511698,3.1989515,3.2813387,3.2398572,3.0831065,4.057407,3.3849285,4.492234,3.6372833,4.3592367,3.439527,3.3513033,3.3651633,1.9029107,2.3201127,3.7279642,3.1802216,3.3526478,1.5353208,2.906336,3.068805,2.2655475,1.9568571,2.1876361,2.495393,2.7035856,2.383153,3.561488,2.4161847,2.360456,2.682175,2.1119325,2.7402244,2.5465667,3.6854472,2.6109726,2.6352742,2.450959,2.6543536,2.5937848,3.2358565,2.5957508,2.5686927,2.4123757,2.3860326,3.5778768,3.718042,3.9966073,4.1644773,3.2149193,3.3425393,3.4485095,3.1222513,3.522224,3.318288,3.835377,3.5252333,3.4796002,3.7565877,3.475512,3.6393545
24,5.312785,5.3622518,5.408959,5.4521136,5.4202414,5.526302,5.211013,3.2592268,5.385257,5.2234035,5.0390477,5.054714,4.9547706,4.9731607,4.683134,4.684557,2.8679388,2.9758432,2.8370693,2.841404,3.3195312,3.5329685,2.9888625,3.2767777,0.0,2.5085535,2.3179424,2.8891518,2.9916594,3.0046172,2.5103512,2.6596315,3.1258733,3.183878,3.7928326,3.816536,3.2029817,3.4828305,3.8990922,3.2329335,3.1211097,3.182837,2.70082,2.5923436,3.122876,3.1991541,4.3067613,4.3393955,2.7949705,3.3372264,3.651584,3.617572,3.1848466,3.0836885,3.0425181,3.2382743,3.0775304,3.107052,3.1141088,5.2088733,3.157735,3.4445586,3.5413692,3.4149296,4.273964,4.174639,4.110058,4.175151,4.0570035,4.2231073,4.146781,4.0625753,4.662063,4.209015,4.955799,4.280972,4.42401,4.4441233,4.1617427,4.157806,3.8133624,3.2870853,4.903547,3.990242,4.2654448,3.608974,3.7975192,3.6499097,3.0638049,3.2252772,3.3342433,3.2136397,3.3657448,3.270917,3.7614582,3.2773967,4.015196,4.0994825,3.8545864,4.468845,3.9602294,4.80469,4.4673276,4.1174865,4.0511365,3.9379792,4.2651644,4.710117,3.8940616,3.9793293,4.007963,3.9783926,2.793813,2.787532,3.6682491,2.8061981,2.7242339,2.8998458,3.0191185,2.874039,3.153751,3.0425851,3.2108347,3.1430905,2.4940927,2.8016138,3.3259332,3.2699323
25,5.4217997,5.5114284,5.58073,5.6199093,5.5529475,5.570679,5.339104,3.836793,5.329167,5.250247,4.9314446,4.9404855,5.1011786,5.1195188,5.0336976,5.037691,3.737619,3.8240666,3.8806264,3.877432,4.0541344,4.164434,3.8802469,4.0187564,2.5085535,0.0,3.3619626,3.3418071,3.7357295,3.644254,3.068027,3.4291077,3.9751027,3.9769013,4.3519564,4.3651743,3.8477361,4.2360277,3.4960403,3.8193197,4.0064783,3.863265,3.6504593,3.4351141,4.0350533,3.8060591,4.7724895,4.7842803,3.188614,3.9104896,4.1211834,4.1592917,3.5781238,3.3954444,3.7104247,3.7454143,3.9186707,3.7658188,3.8651044,5.4905334,3.463446,3.6620955,4.0970936,4.182603,3.2780874,3.1056392,3.1071293,3.229253,2.9998684,3.147847,3.0867014,3.1554494,3.6433184,3.1424994,4.0639763,3.242518,3.864276,3.6484466,3.1125038,3.1036248,3.8861303,3.6002514,4.9588537,4.124991,4.638529,3.8621988,3.993267,3.8977947,3.4547384,3.6179886,4.0587707,3.636948,3.6205957,3.5026028,3.7942529,3.5010314,4.2812853,4.282278,4.037897,4.655974,4.230607,3.864104,4.6980066,4.2795835,4.2845263,4.1473737,4.5493784,4.9552126,4.206806,4.2190537,4.185109,4.157361,3.209206,3.3182452,4.237097,3.1797724,3.3686502,3.5172527,3.6532664,3.4093618,3.4854858,4.2205634,3.6367698,3.495974,3.1377723,3.432592,3.7986317,3.7678246
26,5.649805,5.6419888,5.764547,5.8406053,5.893911,5.9874816,5.60948,3.570484,5.8440313,5.6796513,5.5081944,5.5338383,5.861922,5.875759,5.073032,5.0758667,2.4711037,2.5228536,2.5026014,2.4985077,3.0027065,3.245082,2.6521633,3.0438702,2.3179424,3.3619626,0.0,2.4633863,2.6928747,2.681901,2.704222,3.2018197,2.771223,2.9452236,3.342833,3.373104,2.8809068,3.2412274,3.4036365,2.8673713,2.8382266,3.4807582,3.114559,3.1925561,2.795089,2.8477988,3.9225667,3.9289618,2.487892,2.7592351,3.2156398,3.1794922,2.8145936,2.7358527,2.5348804,2.6652546,2.6735091,2.8352256,2.7105105,5.324022,3.1819305,3.1189632,3.1170382,3.0134444,4.0840993,3.9712267,4.038992,4.1674666,3.8066597,3.920466,3.8730288,3.7056098,4.5990486,4.026775,4.9604115,4.1626425,3.5243304,4.01629,4.00771,4.0133824,3.8908727,3.2918456,5.113677,3.8717067,3.894149,3.3726592,3.7977245,3.8286128,3.2250526,3.1852047,3.3430817,3.300593,3.6048236,3.4698594,4.4400434,3.5384312,3.5505455,4.07196,3.8770206,4.215117,3.855724,4.6537848,4.2415724,4.04221,3.8814056,4.001282,3.9112525,4.289198,4.1246285,3.8847294,3.9665475,3.945987,2.5394206,2.356931,2.7528772,3.0558412,2.3609376,2.486758,2.3092406,2.1232898,2.7271023,2.1703534,2.7943077,2.6557322,2.282222,2.780753,2.5076938,2.6000974
27,3.850125,3.9499638,4.0201077,4.1116257,4.2048535,3.9556022,3.840282,2.9174166,4.116308,3.8794608,3.508564,3.531553,4.0328155,4.05104,3.0481534,3.0505273,1.592183,1.6276042,2.6135068,2.6200244,2.2774174,2.4715097,1.8382367,1.9601934,2.8891518,3.3418071,2.4633863,0.0,1.5647234,1.5204413,1.1896405,2.205931,2.084779,1.9715207,2.666793,2.6759598,2.064982,2.3749735,2.6605728,2.0471923,2.035189,2.7930613,2.2644506,2.3570948,2.1090248,2.022892,3.4577591,3.462205,1.6094854,2.159742,2.6444457,2.658577,2.0592568,1.8820139,1.9238434,2.0415764,2.0356064,2.1506145,2.1371772,3.3168895,2.0675313,2.0118592,2.6788735,2.5490522,3.2526946,3.1850743,3.3326895,3.4540908,2.979868,3.1052146,3.064815,2.8139575,3.932839,3.2973256,4.3684735,3.4347858,4.283587,3.3808606,3.2820191,3.286689,2.1822023,2.4251878,3.8448162,3.2225714,3.2302225,2.1630135,3.0708241,3.0142932,2.4327395,2.3308957,2.4345982,2.3595567,2.8549037,2.6551557,3.7208776,2.7096596,2.4101672,2.4043539,2.0350893,2.6393948,2.174844,3.3857713,2.679793,2.36894,2.106778,2.2537746,2.4882689,2.816323,2.690817,2.140273,2.1372426,2.112031,3.2272115,3.1904767,3.550222,3.7055295,2.9497423,3.0785832,3.174361,2.9413266,3.3401535,3.01267,3.430066,3.3086941,3.1528573,3.4399905,3.232198,3.356352
28,3.7920432,3.8695672,4.033672,4.1069784,4.2146764,4.2666926,3.8524394,2.6998827,3.9217827,3.6328335,3.4307892,3.4601953,4.0521226,4.0754757,2.7393572,2.7407348,0.5696697,0.77093434,1.6520021,1.6706053,1.5725317,1.8412137,0.5789883,0.7938958,2.9916594,3.7357295,2.6928747,1.5647234,0.0,0.16962372,1.956574,2.518575,1.2582425,1.0981967,2.2718415,2.3143773,1.0584251,1.5166377,2.0940192,1.0897064,0.757918,2.2769744,1.6477927,1.8979094,0.85769737,0.8842978,3.0165384,3.0487838,0.99500406,1.7645947,1.8836796,1.8496886,1.1097256,0.9066277,1.1772437,1.0289783,1.1895555,1.2892423,0.99421555,2.7994628,2.6676548,2.557989,2.1899202,2.0974348,3.118858,3.117023,3.2847826,3.4202201,3.0145702,3.1277554,3.080408,2.8742223,3.9084084,3.2796788,4.353405,3.5065625,4.1578856,3.3153982,3.2155895,3.2260246,1.9592408,2.1985548,3.6494622,3.0971446,3.1875722,1.4405427,2.7416646,2.8777626,2.2675228,2.0229623,2.2787719,2.450713,2.492171,2.3113027,3.4633052,2.3428977,2.0442011,2.4711065,1.9223657,2.533055,2.312469,3.5196502,2.4771814,2.5401685,2.2524483,2.4149418,2.3825834,2.8814938,2.5153646,2.354484,2.294176,2.2650688,3.3490958,3.4137082,3.729634,3.885321,2.8572316,3.008531,3.1286485,2.8446984,3.2946935,3.0272138,3.4643698,3.3112023,3.20511,3.5321884,3.2243927,3.4192371
29,3.772863,3.8556113,4.020757,4.0961113,4.1873894,4.2590694,3.8333998,2.7037156,3.892577,3.6082592,3.4029632,3.4326339,4.053957,4.0772157,2.7484555,2.750373,0.61679,0.81077725,1.6751143,1.6925107,1.5851369,1.8352375,0.67148787,0.8638844,3.0046172,3.644254,2.681901,1.5204413,0.16962372,0.0,1.9252377,2.5046995,1.268093,1.1222762,2.2499173,2.2916272,1.0803298,1.56247,1.9924605,1.0940521,0.84941185,2.311173,1.6938279,1.9361718,0.9507684,0.89268386,3.029078,3.0621488,0.9303245,1.7785559,1.8665947,1.8406216,1.0723978,0.82411736,1.1343412,1.0110483,1.2328508,1.3037826,1.0326556,2.8109243,2.6383867,2.5154972,2.1820471,2.1105912,3.001053,2.9964528,3.1630025,3.3048854,2.892383,3.0068483,2.9596825,2.750478,3.7944472,3.1528542,4.2540145,3.3885155,4.062235,3.1957567,3.093847,3.1045022,1.9379157,2.1807947,3.6329527,3.088252,3.2124448,1.4237916,2.7086995,2.8527737,2.2769592,2.0331485,2.3051455,2.4501038,2.4897547,2.3100488,3.4627936,2.3350708,2.0081472,2.4320872,1.8829284,2.4972484,2.2754157,3.4052496,2.4537995,2.4947736,2.225559,2.3856866,2.3486173,2.8585238,2.520008,2.3182576,2.2602131,2.2305899,3.3242452,3.3898005,3.7012672,3.868645,2.8409963,2.998211,3.0969512,2.8100374,3.2447836,3.043059,3.4182372,3.266273,3.1759324,3.5094938,3.1860955,3.3837104
30,3.9960241,4.1361957,4.1859255,4.2660947,4.3463354,4.3963523,3.9428778,3.2728302,4.1667004,3.9393406,3.6875305,3.6888418,4.028972,4.050421,3.002798,3.005594,1.9345074,1.97968,2.964057,2.973829,2.7481878,2.8872356,2.147323,2.2255657,2.5103512,3.068027,2.704222,1.1896405,1.956574,1.9252377,0.0,1.7709513,2.412403,2.3105729,3.0427065,3.0420516,2.515269,2.7081926,3.1192317,2.521784,2.4668417,3.0587697,2.1934748,2.3223267,2.5319645,2.337571,3.7295792,3.724563,1.8758764,2.5999842,3.058069,3.037628,2.470215,2.308918,2.2893407,2.5243683,2.368796,2.6315084,2.5733714,3.5589252,1.6989664,1.9206594,2.7568552,2.6090791,3.3941324,3.3234024,3.3907938,3.4953809,3.132621,3.2798524,3.2194529,2.9958472,3.9791117,3.349359,4.3858647,3.4710927,4.3612456,3.426341,3.4026997,3.4057488,2.3474984,2.632207,3.9372318,3.3195894,3.4402206,2.4737844,3.2113955,2.9162228,2.3814385,2.4089127,2.4220486,2.290506,3.100601,2.8499246,3.940895,2.8129237,2.8736196,2.5159788,2.3289828,2.9400673,2.354337,3.4860337,2.9899032,2.5051355,2.295968,2.2901337,2.800761,3.1319864,2.7939365,2.311233,2.3618453,2.324833,3.1587563,3.1476083,3.4019053,3.7164896,2.9466798,3.0763307,3.0906558,3.0901845,3.400028,3.166384,3.4627628,3.3751254,3.0306716,3.2957153,3.382801,3.4358337
31,3.522257,3.621233,3.624365,3.6661932,4.3015556,4.471086,3.3746128,3.2254941,4.0272417,3.8683536,3.753529,3.7709231,3.8423903,3.8614442,3.028029,3.0328512,2.4099665,2.559802,3.0209203,3.0253932,3.0468884,3.2799535,2.572427,2.6464121,2.6596315,3.4291077,3.2018197,2.205931,2.518575,2.5046995,1.7709513,0.0,2.858927,2.808397,3.435876,3.4498732,2.904264,2.9890087,3.483727,2.8912814,2.6923337,3.415488,2.5141878,2.7392774,2.823293,2.7749438,4.059022,4.1424923,2.423096,3.072977,3.3161104,3.280131,2.8850045,2.781621,2.728506,2.8883028,2.7658422,3.0410874,2.8007846,3.747066,3.0861475,3.28796,3.3703735,3.2407603,4.121387,4.0073066,4.118564,4.199351,3.9609945,4.101162,4.037027,3.9617014,4.603177,4.0971656,4.9556346,4.195259,4.8582115,4.005846,4.0557265,4.0527096,3.0252953,2.8776073,4.336692,3.9102352,4.057798,3.348549,3.850009,3.646812,3.009267,3.1218967,2.7510207,2.7239628,3.480934,3.3899782,4.4284472,3.441117,3.7759502,3.4377425,3.1139293,3.8173418,3.2525518,4.3656135,3.8041446,2.8854806,3.3373206,3.2573378,3.4559212,3.8011816,3.4020517,3.2267902,3.207128,3.177191,3.7392805,3.7254682,3.9150429,4.2645855,3.7851498,3.8607621,3.5274045,3.5923986,3.9262965,3.9011848,4.084942,3.9051504,3.595871,3.7241154,4.013783,3.9360926
