,0,1,2,3,4,5,6,7,8,9,10,11,12,13,14,15,16,17,18,19,20,21,22,23,24,25,26,27,28,29,30,31,32,33,34,35,36,37,38,39,40,41,42,43,44,45,46,47,48,49,50,51,52,53,54,55,56,57,58,59,60,61,62,63,64,65,66,67,68,69,70,71,72,73,74,75,76,77,78,79,80,81,82,83,84,85,86,87,88,89,90,91,92,93,94,95,96,97,98,99,100,101,102,103,104,105,106,107,108,109,110,111,112,113,114,115,116,117,118,119,120,121,122,123,124,125,126,127
0,0.0,0.46673694,1.2973654,1.7778596,1.4591562,1.4170394,1.3934216,1.8008417,1.3438249,1.4088678,1.2826986,1.3061543,1.4696813,2.0634253,1.5012249,1.3135289,2.2161837,1.4834,1.5717725,1.5064164,1.7366956,1.8295223,2.1640406,1.4239058,1.8961697,2.2013147,2.0016704,2.1167912,1.3576382,1.8058068,1.7521203,2.041198,3.4737172,3.145469,3.3015063,2.8576603,1.8482395,1.5843203,2.393179,1.6031314,2.2836356,2.3487332,2.2729576,1.9230045,3.4782662,3.440913,2.5924404,2.559422,2.6457913,1.6435108,2.5683465,2.634713,2.6507883,3.0765579,2.495184,2.6836336,3.975609,5.2880855,2.9413764,2.755263,2.9671426,2.9225795,3.8737867,3.7820525,2.8095272,2.1908898,2.0935748,2.0510564,2.1659675,2.877154,2.255724,2.101757,2.7377636,2.6784935,2.4007416,2.4196987,2.0533366,1.7417918,2.1024551,1.9178938,2.5185308,1.9006754,3.2680233,1.7788552,1.7314808,1.7265403,1.5743749,1.7629175,2.0046105,1.6235036,1.8715842,2.0727987,2.5582004,2.524265,2.9267397,2.6293762,2.9042406,2.1531253,3.1013358,2.657892,2.6084344,2.772725,2.6339662,2.7888863,2.2714727,2.6198306,2.788238,2.660558,1.6700232,1.6983074,1.9556298,3.0058734,2.8006568,2.3330986,3.292215,3.3127756,2.7888951,3.117163,3.2226179,3.2353022,2.3707223,3.0450199,3.182712,3.1583617,2.2233012,2.5652318,2.3667002,2.752667
1,0.46673694,0.0,0.9472743,1.8312777,1.6134535,1.378542,1.1473111,1.54264,1.1612499,1.1402273,0.9272093,0.98532236,1.1747884,1.933924,1.2416701,1.1114593,2.2775605,1.5713013,1.7109306,1.6678579,1.8302788,1.9513355,2.259403,1.608797,1.9471368,2.259776,2.0887868,2.1836584,1.4711947,1.9003251,1.8905602,2.1269884,3.390376,3.055884,3.3151107,2.7059364,2.015485,1.7426666,2.4250345,1.7310177,2.2998385,2.3388689,2.2808232,1.9751344,3.289667,3.3241649,2.488536,2.4574585,2.7189164,1.7607313,2.6181307,2.7412314,2.7319365,3.023268,2.5710335,2.7693272,3.9252083,5.2977266,2.8580508,2.7460585,2.9925294,2.967104,3.858892,3.7959049,2.6329634,2.054568,1.9322541,1.8854797,1.9761497,2.7644951,2.1425593,1.9648631,2.5834804,2.521588,2.294679,2.3079555,1.8496581,1.6357359,2.0172033,1.9491713,2.638813,2.1013215,3.3612916,1.8683474,1.8455551,1.8485397,1.6714231,1.8927088,1.8176599,1.5889266,1.6969192,1.9091352,2.285571,2.2256691,2.8278692,2.3313887,2.6990724,2.068008,2.971787,2.4529462,2.4038196,2.6318767,2.415597,2.6382775,2.0730927,2.3906488,2.553851,2.4301565,1.8023369,1.8197263,2.11325,2.8427312,2.7473404,2.2736847,3.1499834,3.1653905,2.6149213,2.960864,3.0469844,3.0651743,2.5526674,3.027253,3.1545386,3.1302738,2.3914592,2.5427892,2.517383,2.7880003
2,1.2973654,0.9472743,0.0,2.3551004,1.9070823,1.6066086,0.8058609,1.2752078,0.69298345,0.65140796,0.19387129,0.43087456,0.7055798,1.7024066,0.8564003,0.661787,2.6269345,1.9626619,2.1546936,2.101632,2.0867648,2.3102064,2.570621,1.9820771,2.3144078,2.5978274,2.3633232,2.4763458,1.9085643,2.2466567,2.2327394,2.4595504,3.1593397,2.8424911,3.3901196,2.4874282,2.3670106,2.113122,2.7264047,2.098231,1.9869545,2.0366108,1.9401864,2.0412621,2.6671023,2.7334466,2.242458,2.1900046,2.9126217,2.0569649,2.7956278,2.9018285,2.8032677,2.7976358,2.6702518,2.8461144,3.7257767,5.3146796,2.613195,2.7181993,3.0763621,3.0961568,3.775809,3.7889953,1.9382522,1.5670502,1.4530821,1.390478,1.4686779,2.3908217,1.6536746,1.595321,2.2956893,2.2324095,1.9428467,1.9532764,1.3346372,1.5016788,1.9012963,1.8434447,2.8447025,2.2941978,3.429845,2.1233943,2.0489419,2.0513272,1.9795566,2.1194258,1.3212816,1.6490859,1.278601,1.3958086,1.967566,1.9526172,3.021718,2.040126,1.979133,1.7548696,2.4080386,1.7433318,1.6926011,1.9985348,1.6516045,2.0044298,1.3853811,1.6131936,1.8822516,1.659912,2.0180998,2.0505185,2.2604697,2.1563492,2.5328398,1.9848114,2.641758,2.660398,1.9774945,2.4668884,2.5115595,2.5314991,2.6931705,2.7427154,2.8330436,2.8254092,2.5236213,2.1911325,2.5224702,2.4876623
3,1.7778596,1.8312777,2.3551004,0.0,2.1677892,2.550778,2.711793,2.8464952,2.4127283,2.4210994,2.336446,2.6105497,2.3461266,2.820072,2.4819179,2.667364,2.6527607,2.4934742,2.246685,2.4138727,2.4780712,2.5149233,3.0288026,2.5923712,1.2521416,2.0009909,2.4862783,2.559266,2.1194158,2.3517785,2.304198,2.5185535,4.0110874,3.703316,3.7221987,3.3906817,2.4165223,2.2369006,2.897719,2.6720843,3.206018,3.1846132,3.0434937,2.5860074,4.119036,4.131306,3.163712,3.1404989,3.1259139,2.2767982,2.9169927,3.0606136,3.2089024,4.0566936,3.0058115,3.2064877,4.597198,5.6642375,3.345024,3.113884,3.2576172,3.1149642,4.136035,4.077283,3.4578419,2.8116767,2.8168123,2.6630392,2.8613136,3.4260883,2.9942365,2.7505064,3.4065306,3.3299375,3.1694536,3.1756508,2.7575967,2.4938853,1.928277,2.6372807,3.5834467,3.0935993,4.060434,2.9841588,2.9379568,2.9082904,2.8314908,3.0141382,2.8055737,2.326452,2.5853918,2.8357093,3.0058446,2.9186478,3.2257695,3.1387706,3.5893428,2.8748257,3.1990762,3.3757694,3.3372035,3.513901,3.309652,3.5320132,3.05954,3.3959155,2.971081,3.363759,2.2277794,2.371942,2.5952823,3.6300082,3.4805365,2.9778025,3.9918213,4.069917,3.5308309,3.9681842,3.9375777,3.9864454,3.028266,3.6801848,3.9253113,3.7894056,2.8794467,3.2864788,3.0013516,3.468075
4,1.4591562,1.6134535,1.9070823,2.1677892,0.0,1.9571655,1.9818985,2.2715247,1.8733107,2.0228963,1.9647803,2.025712,2.0355923,2.5565834,2.1714764,1.8541952,2.1233935,1.4900317,1.5658404,1.5443636,1.8167092,1.9085897,2.2676766,1.2601949,1.7663702,2.1689415,1.7879608,1.9349123,1.3667178,1.7634939,1.6920123,2.0608745,2.7141361,2.404301,2.5572827,2.549773,1.2494379,0.93418556,2.2001271,1.1915356,1.8697811,1.6918913,1.5881346,1.0750381,3.2423615,3.1709878,2.2221255,2.1862085,1.6936222,0.7961173,1.6138041,1.5157907,1.6463215,2.3714025,1.4525741,1.5003933,3.285496,5.0637803,2.5525217,2.3281567,2.598877,2.533165,3.1184316,3.0267506,2.3401005,1.5847309,1.6631924,1.6774491,1.7327282,2.1826015,1.7356732,1.6066163,2.495235,2.4218073,1.9798189,2.0216491,1.7423035,1.4349809,1.6460347,1.4783373,2.2885644,1.4191694,2.772102,1.4950258,1.277641,1.3243064,1.6412104,1.305911,1.6962099,1.1381861,1.6577791,1.6973546,2.289108,2.392613,2.6657708,2.4126103,2.8370261,2.1180394,3.0369012,2.615184,2.5783806,2.728072,2.3329377,2.6411426,2.2089598,2.603264,2.6575112,2.5981433,1.0362531,0.9848429,1.3647861,2.7345848,2.530439,2.037494,3.0371814,3.1470368,2.6950698,3.0247896,3.0884728,3.0906312,2.3530612,3.227445,3.3792124,3.3238673,2.2104201,2.5693164,2.3353083,2.7245545
5,1.4170394,1.378542,1.6066086,2.550778,1.9571655,0.0,1.4037043,0.89635867,1.6990056,1.7072009,1.5785679,1.4616917,1.8014854,2.2713459,1.7920027,1.5501089,2.497535,1.9496831,2.123345,2.0838706,2.1570907,2.296213,2.5581894,1.8907396,2.611559,3.3341606,2.5468855,2.6186643,2.0062687,1.6839746,1.630641,1.9127645,3.5464303,3.251685,3.544641,2.973628,2.345074,2.130072,2.7203197,2.0384016,2.3864565,2.4576402,2.3603475,2.2925231,3.3338697,3.2953947,2.5671337,2.5335388,2.9097264,2.0702004,2.8636675,2.9382634,3.0117543,3.4592814,2.8901606,2.8632102,3.2512255,5.1444707,2.1817858,2.060219,2.2784405,2.3144777,3.2836974,3.211898,2.742431,2.234636,2.2815042,2.246509,2.3117824,2.9394686,2.3659482,2.2774558,3.2111685,3.132168,2.8870819,2.9134903,2.1652155,2.0540905,2.5859103,2.3702834,2.7730248,2.2912421,3.4823763,2.1407974,2.0077643,2.0134997,1.919835,2.0578172,2.1061382,1.91994,1.9368664,2.1189947,2.8431761,2.7639763,3.1849897,2.725474,2.929663,2.391734,3.138674,2.6289372,2.690095,2.7818146,2.6104972,2.795649,2.4210594,2.67527,2.9346225,2.6481538,2.1623576,2.1401844,2.5179536,3.1207712,2.7872183,2.3097353,3.1934667,3.1554325,2.6894524,2.9216063,3.0527425,3.0754776,2.822774,3.444219,3.5544324,3.5547588,2.6798744,2.8014874,2.7994516,2.9526875
6,1.3934216,1.1473111,0.8058609,2.711793,1.9818985,1.4037043,0.0,1.1456791,1.0634145,1.1340444,0.8554476,0.7238184,1.2853256,1.8702112,1.242088,0.67944056,2.668019,2.0875516,2.1788404,2.0891387,2.184723,2.337067,2.5856984,1.8992642,2.6794727,2.893876,2.6516783,2.7643,2.074325,2.3874476,2.389005,2.5962052,3.2786725,2.951915,3.492972,2.5789335,2.4559007,2.2312698,2.7013447,2.1519296,1.9632055,2.043435,1.9424262,2.1627276,2.7831545,2.7676702,2.222088,2.156808,3.0443592,2.2096388,2.9771001,3.0424325,2.9753804,2.8092346,2.8090422,2.946383,3.8099499,5.6741095,2.8262517,2.9112153,3.244853,3.2965446,3.937956,3.9260163,2.1686232,1.7911522,1.6842424,1.6987877,1.7597176,2.5466037,1.8724585,1.8252735,2.2400022,2.182449,1.9406054,1.9480096,1.6821572,1.7328938,2.3553715,2.2028217,2.6850035,2.3087103,3.4623342,2.0853517,2.0840657,2.0988655,1.9678024,2.0645437,1.5851642,1.8252906,1.6193783,1.7294372,2.4231417,2.4170687,3.153548,2.3488455,2.1909485,1.9142902,2.7051795,1.9521371,1.8999674,2.0802364,1.9284743,2.1161582,1.6842353,1.8531429,2.2743976,1.9126943,2.2749243,2.1897388,2.4781709,2.476405,2.4865093,1.9780396,2.6042747,2.4902604,2.0432074,2.429987,2.496985,2.4849083,2.8258646,3.1049685,3.1789434,3.1872716,2.7079673,2.4375713,2.6594596,2.6212938
7,1.8008417,1.54264,1.2752078,2.8464952,2.2715247,0.89635867,1.1456791,0.0,1.545535,1.461695,1.2552963,1.1501614,1.543713,2.1685693,1.5677744,1.383116,2.8293471,2.2288373,2.4529514,2.4131296,2.3975658,2.5773792,2.794556,2.238707,2.81359,3.4668064,2.7804332,2.8378775,2.2822444,2.0725696,2.0728939,2.2626593,3.4555337,3.1789446,3.6703587,2.808611,2.6564224,2.4401088,2.8972487,2.3371985,2.3356097,2.3757248,2.3040602,2.3995733,2.8560913,2.9357526,2.3645825,2.3354218,3.1155772,2.3613946,3.026837,3.1545615,3.1696918,3.3201537,3.0471349,3.0449905,3.1979916,5.267359,2.0804458,2.1973002,2.5065446,2.5957203,3.3394585,3.339628,2.304554,1.961962,1.9979342,1.9658085,1.9707489,2.6696298,2.0995848,2.0589104,2.9418268,2.8641155,2.6605253,2.6824687,1.8311085,1.9597176,2.5332987,2.4311166,3.0177329,2.6063902,3.5653083,2.3421524,2.2540896,2.263981,2.174546,2.3228521,1.7887381,1.9737232,1.6627507,1.7989718,2.435244,2.345419,3.1476672,2.2637923,2.4627118,2.2395816,2.8465853,2.1858578,2.251068,2.4355686,2.124424,2.4316113,2.0058374,2.1564877,2.4628737,2.1239095,2.3980658,2.3773313,2.711686,2.6767445,2.7349818,2.2536335,2.902237,2.837977,2.278707,2.6100135,2.705955,2.7314394,3.0339124,3.3139396,3.3907373,3.4048138,2.866538,2.6199608,2.925348,2.8557994
8,1.3438249,1.1612499,0.69298345,2.4127283,1.8733107,1.6990056,1.0634145,1.545535,0.0,0.40231213,0.67107266,0.7756679,0.61652863,1.4773179,0.52795964,0.73191553,2.6482022,2.0465746,2.161223,2.1055462,2.030381,2.2128353,2.3879542,1.9786636,2.3795836,2.6427479,2.1856618,2.3031487,2.0445054,2.3533525,2.2564237,2.5033333,3.0850208,2.7857087,3.2953827,2.61589,2.4247026,2.219411,3.145353,2.2308211,1.7667223,1.8022193,1.6913258,1.9463586,2.5550323,2.5472076,2.191512,2.1281128,2.9525151,2.1478646,2.9372299,2.7715702,2.6809683,2.8819702,2.6878903,2.7599878,3.7719917,5.33317,2.6605935,2.7596855,3.1242733,3.1281135,3.8369398,3.8467886,1.8325491,1.6212691,1.6427172,1.5868126,1.6825238,2.4577746,1.4993027,1.7468728,2.6295443,2.6235287,1.983604,1.9939667,1.6023694,1.6842363,1.9892732,1.4880215,2.841586,2.0241983,3.5471644,2.2092898,2.0921125,2.048701,2.0394752,2.1621773,1.5253592,1.8524039,1.5133998,1.551464,2.3084931,2.3017318,3.2107818,2.3739252,2.0683773,1.8326802,2.3083227,1.8170475,1.7553805,1.9468628,1.7369775,1.996262,1.5379473,1.7690797,2.061866,1.8421619,2.0406609,2.146496,2.2579708,2.2345042,2.35706,1.7189351,2.4699583,2.5170085,1.7756184,2.2322397,2.3561063,2.3529203,2.6485724,2.7225513,2.8057265,2.8075762,2.4894626,2.1816387,2.4628627,2.3805141
9,1.4088678,1.1402273,0.65140796,2.4210994,2.0228963,1.7072009,1.1340444,1.461695,0.40231213,0.0,0.57022357,0.70588285,0.37857735,1.5628332,0.29323357,0.89619863,2.7206624,2.1119113,2.3175335,2.2651627,2.1877253,2.370866,2.5000741,2.1415844,2.4388576,2.7320254,2.225894,2.3224971,2.1350389,2.4233599,2.3359928,2.5707304,3.136468,2.852649,3.3506732,2.6829457,2.5726836,2.3526409,3.2477155,2.3313959,2.0117886,2.0342772,1.9364076,2.0438328,2.601072,2.691688,2.2638905,2.2248485,3.0424728,2.269153,3.0088909,2.8431804,2.784176,2.9882112,2.8084269,2.8528786,3.7947435,5.354041,2.6951227,2.7998943,3.152951,3.1576927,3.8735116,3.8849607,1.9347794,1.7563591,1.7958143,1.7367266,1.7731373,2.6092746,1.5983032,1.8799847,2.7625546,2.7474022,2.1522262,2.1602025,1.6900642,1.8047795,2.0960813,1.6195436,3.0040598,2.1960292,3.6701283,2.329281,2.2168841,2.1942458,2.1706622,2.3085425,1.6465851,1.9655557,1.607185,1.6481764,2.198545,2.1458607,3.134454,2.2079494,2.1763735,1.9802796,2.453041,1.940072,1.8790805,2.157176,1.8551841,2.179455,1.6858554,1.8902687,2.157076,1.9674422,2.1733983,2.2984834,2.417518,2.3485994,2.463291,1.881824,2.5722268,2.633085,1.9016297,2.315,2.4405978,2.4371183,2.8108246,2.8703115,2.9405258,2.9402013,2.6475985,2.3379242,2.6785398,2.6116593
10,1.2826986,0.9272093,0.19387129,2.336446,1.9647803,1.5785679,0.8554476,1.2552963,0.67107266,0.57022357,0.0,0.41620094,0.6789749,1.6581475,0.7765626,0.7418371,2.7183273,2.036409,2.2354243,2.1822968,2.1072028,2.322007,2.5744512,2.0726051,2.3614182,2.6701062,2.4093156,2.5068724,1.9941605,2.294948,2.2697823,2.4711885,3.2179942,2.8943431,3.4338431,2.5881028,2.4338534,2.1888094,2.8194067,2.1707127,2.0787518,2.0984356,2.0108104,2.0893154,2.6854677,2.7552834,2.2683935,2.224652,2.934766,2.1248658,2.8323157,2.910019,2.829221,2.8725855,2.720352,2.8788157,3.7361753,5.3136854,2.6369038,2.737911,3.0851862,3.1040857,3.7895463,3.7997391,2.0108035,1.6667179,1.5797338,1.5138355,1.579594,2.5087638,1.714384,1.6976173,2.4028575,2.3587637,2.019911,2.0295568,1.4472488,1.5649719,1.969849,1.872882,2.9079995,2.3296793,3.5081918,2.1644897,2.1277199,2.0958202,2.0246954,2.1846938,1.4280821,1.7424015,1.3790696,1.4918919,2.0259404,1.9919345,3.0516078,2.076206,2.0919943,1.8765157,2.4725876,1.8600339,1.8085268,2.0775895,1.7570589,2.080528,1.5270902,1.7425096,1.9848115,1.7874981,2.086282,2.1306384,2.304316,2.211814,2.620585,2.077058,2.7472086,2.738905,2.0330074,2.5272326,2.5855863,2.5982244,2.7162094,2.7526212,2.8459806,2.855266,2.5413377,2.2191472,2.5532646,2.5080078
11,1.3061543,0.98532236,0.43087456,2.6105497,2.025712,1.4616917,0.7238184,1.1501614,0.7756679,0.70588285,0.41620094,0.0,0.8330127,1.7044163,0.8669832,0.57292944,2.6672053,1.9638107,2.2539742,2.16313,2.1263576,2.3589313,2.5470903,1.9867941,2.5871127,2.8601217,2.4468021,2.5464284,2.0021727,2.2779894,2.2631152,2.4730916,3.2099268,2.895343,3.4602816,2.6263475,2.4448595,2.2150488,2.819582,2.080919,2.0621498,2.124484,2.0621483,2.1703842,2.7391317,2.791231,2.3463495,2.3017535,2.96962,2.1555376,2.8990936,2.9812114,2.8672483,2.81878,2.7706733,2.9176006,3.6727185,5.2432804,2.6552482,2.7474403,3.0841627,3.1190257,3.801571,3.7996588,2.095338,1.7717383,1.65099,1.6293719,1.6585618,2.574504,1.7989209,1.7765993,2.4745007,2.4264245,2.1145954,2.1272645,1.5201693,1.6318166,2.2144454,1.9274398,2.781644,2.2220128,3.4411151,2.0577288,1.9896255,1.9916288,1.8900146,2.045916,1.4810102,1.780661,1.4531711,1.5573525,2.1523077,2.1228297,3.1221673,2.1803958,2.1210518,1.8840758,2.6802862,1.8799912,1.8464211,2.1038356,1.8348753,2.1066566,1.5851173,1.7872261,2.2119284,1.8473333,2.1536584,2.1660767,2.3881261,2.3407078,2.5769265,2.0835838,2.7051213,2.6970277,2.0682628,2.4459524,2.5440366,2.5530035,2.7646918,2.810838,2.8679154,2.899207,2.609248,2.3151,2.6373181,2.587424
12,1.4696813,1.1747884,0.7055798,2.3461266,2.0355923,1.8014854,1.2853256,1.543713,0.61652863,0.37857735,0.6789749,0.8330127,0.0,1.6810434,0.48217538,0.97971356,2.6378453,2.0548227,2.2504113,2.224513,2.3131285,2.4842296,2.6062171,2.1418521,2.3342826,2.6484969,2.099377,2.224985,2.0785654,2.390183,2.310451,2.6181037,3.111134,2.850627,3.33105,2.642945,2.5490847,2.338922,3.2341778,2.3480687,2.095509,2.1788847,2.0275502,2.0944257,2.701777,2.840247,2.35707,2.3238738,3.0836859,2.2446253,2.9797583,2.8539908,2.7952533,3.031944,2.816919,2.8823442,3.8030684,5.2822185,2.6621804,2.7622006,3.1181881,3.1141384,3.85421,3.8729212,1.9600984,1.7583251,1.7693872,1.6998212,1.7477809,2.5589423,1.6547738,1.8608943,2.8250024,2.748756,2.2652812,2.2727249,1.6460643,1.8651882,1.9907345,1.6021993,3.043041,2.2595818,3.7378128,2.4315257,2.2293022,2.2824812,2.256578,2.3446145,1.65681,1.9315118,1.5993253,1.6509882,2.071702,1.999255,3.0475264,2.114417,2.1682472,1.9487139,2.4688973,1.9388276,1.8819611,2.2762473,1.8544402,2.2927616,1.6749456,1.8972651,2.1053352,1.9562466,2.1618695,2.291797,2.4508462,2.3900528,2.4568412,1.8842753,2.5781376,2.7439635,2.0015357,2.3885903,2.5055144,2.5230536,2.8759289,2.9486513,3.0185375,2.9500802,2.699289,2.4060764,2.7493675,2.7559395
13,2.0634253,1.933924,1.7024066,2.820072,2.5565834,2.2713459,1.8702112,2.1685693,1.4773179,1.5628332,1.6581475,1.7044163,1.6810434,0.0,1.5374621,1.8057654,3.114406,2.703552,2.7567084,2.7578292,2.035041,2.2119875,2.4100225,2.6254983,2.7939541,3.0475914,2.8341773,2.774758,2.652644,2.809609,2.8106081,2.6886325,3.564445,3.15158,3.7277095,3.3206637,2.998852,2.846124,3.641825,2.8410041,2.5094824,2.2792113,2.4273536,2.9637358,2.1906476,2.187093,1.8788263,1.8113108,3.252056,2.7416115,3.4102077,3.2678487,3.1971629,3.3960676,3.227327,3.299291,4.121907,5.557822,3.0829701,3.1873324,3.51318,3.5128515,4.1888356,4.219979,2.4712036,2.3165123,2.2894003,2.2031145,2.361276,2.9943638,2.278395,2.3845146,2.906976,3.1056082,2.3193226,2.3169067,2.2524495,1.9843227,2.4493525,2.1752732,3.4284894,2.6569505,3.884096,2.618758,2.74325,2.4722512,2.3726637,2.7976167,2.1873572,2.5230134,2.2399805,2.3482993,2.842345,2.800758,3.7126231,2.9685695,2.5386498,2.245121,2.7446115,2.4283388,2.3637364,2.20202,2.3141508,2.2522674,2.2219036,2.4064217,2.6074996,2.4261627,2.689206,2.7214158,2.8894393,2.7649338,2.8412175,2.2491212,2.8580396,2.689973,1.7732842,2.1579301,2.4541018,2.5011048,3.2511585,3.0467806,3.1652567,3.324582,3.0863664,2.8187866,3.0424933,2.7067688
14,1.5012249,1.2416701,0.8564003,2.4819179,2.1714764,1.7920027,1.242088,1.5677744,0.52795964,0.29323357,0.7765626,0.8669832,0.48217538,1.5374621,0.0,1.0236266,2.725021,2.2280843,2.3622642,2.3155422,2.265354,2.4015255,2.4735577,2.240336,2.5379307,2.8048294,2.2797198,2.358666,2.2548995,2.5365107,2.4467325,2.6563973,3.1806662,2.8986144,3.3650174,2.7167356,2.696617,2.4993224,3.4320638,2.4726427,2.1208837,2.1360767,2.0609128,2.175715,2.658028,2.761222,2.3413231,2.3024843,3.1687274,2.4182956,3.1771271,2.9616594,2.886968,3.1230252,2.9476278,2.9777982,3.923464,5.4162216,2.827652,2.9306774,3.2656703,3.26947,4.0058966,4.015937,2.066312,1.9417384,1.9773332,1.9314691,1.9632604,2.7227795,1.7421491,2.059628,2.9272447,2.9297702,2.2921138,2.296719,1.8884923,1.9747702,2.2486057,1.7012529,3.0828416,2.2778199,3.816716,2.4628468,2.3588905,2.3342984,2.2679832,2.4437153,1.833743,2.133422,1.8043687,1.8568579,2.3701773,2.2963912,3.223632,2.3545513,2.32071,2.1293747,2.5406156,2.0743146,2.0172806,2.2705674,2.012557,2.3129833,1.8592157,2.0455358,2.3092003,2.13043,2.3439012,2.465021,2.6209133,2.5587683,2.4812908,1.8836548,2.570659,2.6328921,1.9386821,2.2604969,2.4265242,2.4205837,2.9944704,3.0280418,3.0931358,3.0950763,2.8336737,2.5424037,2.859675,2.782665
15,1.3135289,1.1114593,0.661787,2.667364,1.8541952,1.5501089,0.67944056,1.383116,0.73191553,0.89619863,0.7418371,0.57292944,0.97971356,1.8057654,1.0236266,0.0,2.5636632,1.8893077,2.0305583,1.9414784,2.1534503,2.335315,2.5302455,1.7859409,2.592745,2.7864,2.342257,2.5055687,1.9586982,2.3104322,2.2690208,2.5801399,3.0732384,2.761258,3.3067281,2.4546418,2.3139465,2.0952263,2.7703736,2.0138857,1.7730025,1.9319323,1.7782799,2.0300002,2.8177476,2.7757425,2.3993933,2.3259013,2.9141724,2.0354166,2.8311136,2.873183,2.7185025,2.6440706,2.6190598,2.7908943,3.6750169,5.2549014,2.6961555,2.7795734,3.1315155,3.1654406,3.805472,3.800712,1.9914412,1.649138,1.4963187,1.5113201,1.592466,2.3879488,1.7110577,1.6402109,2.3911462,2.2883122,1.9867389,1.9979653,1.4791751,1.6567992,2.1509526,1.7912335,2.5538774,2.0015492,3.4437408,2.0196433,1.8606493,1.9250712,1.855745,1.8612593,1.4128977,1.6869812,1.4469821,1.5155765,2.3158007,2.3358958,3.1955595,2.3855326,2.069611,1.7995021,2.5831492,1.8011118,1.7612854,2.0086336,1.7409052,2.0393279,1.4818704,1.7091818,2.1802619,1.7756155,2.0668385,2.0308304,2.2687109,2.2861264,2.42836,1.8828791,2.5568316,2.6079042,2.0400062,2.402148,2.5031059,2.5040734,2.6758192,2.8088818,2.8699827,2.8323243,2.5276496,2.2452314,2.4847546,2.49101
16,2.2161837,2.2775605,2.6269345,2.6527607,2.1233935,2.497535,2.668019,2.8293471,2.6482022,2.7206624,2.7183273,2.6672053,2.6378453,3.114406,2.725021,2.5636632,0.0,2.0591083,2.0738022,2.0864298,2.4028163,2.58063,2.7458868,1.9489866,2.3358335,2.6636467,2.3766544,2.4722846,1.8340561,2.0266259,2.0727916,2.3684843,3.1558642,2.8658419,2.9582334,2.5965126,2.2412329,2.055883,2.8375335,2.015102,2.7292259,2.8496697,2.8511,2.4982908,4.0832305,4.07473,3.2188122,3.1469462,2.9924457,2.0416074,3.1167173,3.2051163,3.0482676,3.5832374,2.855033,2.9239016,4.183676,5.2719336,3.2094634,2.969253,3.1434906,3.0252097,3.9461684,3.8735814,3.3202808,2.7326746,2.7148287,2.7007737,2.780327,3.1062748,2.8811617,2.7370758,3.465609,3.422229,3.2425296,3.2653663,2.6982348,2.542784,2.6585317,2.551875,3.1000605,2.6074762,3.3542385,2.6498272,2.2110622,2.4453838,2.3206165,2.4831862,2.7256994,2.235963,2.564136,2.7731462,3.2901783,3.2968771,3.5669749,3.391068,3.3942764,2.6736026,3.504631,3.094979,3.165941,3.3650916,3.152041,3.3915348,2.9125726,3.240338,3.3496778,3.2519815,2.2537897,2.2771945,3.1076891,4.079136,2.574788,2.062554,2.906459,3.2043376,3.2575529,2.9659944,3.0386355,3.1280458,3.7597165,4.338967,4.4501305,4.401258,3.6916878,4.008308,3.8023968,4.111756
17,1.4834,1.5713013,1.9626619,2.4934742,1.4900317,1.9496831,2.0875516,2.2288373,2.0465746,2.1119113,2.036409,1.9638107,2.0548227,2.703552,2.2280843,1.8893077,2.0591083,0.0,1.2759954,1.3361974,1.7639368,1.9019544,2.0757887,0.95271635,1.8767316,2.1921358,1.2397803,1.3379588,0.9754325,1.4583745,1.4980931,1.8216318,3.4763277,3.2515588,3.3167953,2.933726,1.6416613,1.3282747,2.2709174,1.0650636,2.1596937,2.2700884,2.4198723,1.80107,3.5907567,3.6588013,2.7356608,2.6914332,2.5552797,1.5242769,2.4539957,2.58383,2.6290727,3.0147665,2.492632,2.6103017,3.7175922,4.9937663,2.7288048,2.4664476,2.6984982,2.661495,3.6538496,3.5468214,2.7805636,2.1496499,2.0661175,2.0654206,2.0950983,2.458731,2.3157256,1.966177,2.8882887,2.8132443,2.612398,2.6330447,2.04068,1.7507873,2.16639,1.8302602,2.3464758,1.5956087,2.8240612,1.465864,1.0864204,1.3165877,1.1966875,1.4054536,1.9591112,1.4181246,1.7929634,1.9530712,2.224517,2.230167,2.6076097,2.3768408,2.8979726,2.0143158,3.40846,2.6800544,2.665187,2.9597838,2.6802506,2.928081,2.1985142,2.5749266,2.8890553,2.6098483,1.242488,1.3522899,1.7120413,3.048449,2.6875007,2.4464076,3.2247555,3.434751,2.9301379,3.1414285,3.2597194,3.302555,2.2714925,3.0736141,3.1445618,3.031921,2.0923665,2.57699,2.4029133,2.828888
18,1.5717725,1.7109306,2.1546936,2.246685,1.5658404,2.123345,2.1788404,2.4529514,2.161223,2.3175335,2.2354243,2.2539742,2.2504113,2.7567084,2.3622642,2.0305583,2.0738022,1.2759954,0.0,0.4800329,1.968868,1.7259607,1.95364,1.03025,1.7416818,2.0595446,1.7051843,1.8395479,1.1433537,1.6256248,1.6253825,2.0070143,3.563195,3.3301306,3.0852218,2.618794,1.5993917,1.3519493,2.3497555,1.564168,2.2455623,2.3722272,2.3813162,1.967835,3.7255485,3.7200282,2.765727,2.7123792,2.6369526,1.5668144,2.5407608,2.6783395,2.643906,3.1680725,2.46993,2.689095,3.95448,5.181204,2.9101033,2.655894,2.8066704,2.7835102,3.769447,3.6621308,2.9625201,2.315406,2.1629767,2.1880155,2.3096719,2.245513,2.4958541,2.1652272,2.9651868,2.8426208,2.6938918,2.723237,2.2674234,2.0132177,2.156293,2.0710444,2.31856,1.8845282,3.0248601,1.8976557,1.641118,1.8197454,1.6120616,1.7086154,2.19032,1.5787241,2.0697472,2.2549617,2.6720674,2.6863794,2.7779837,2.8234026,3.1748137,2.2967095,3.2543447,2.9205823,2.9046218,3.113727,2.824808,3.1418517,2.3926802,2.7775364,2.9039323,2.790717,1.5278947,1.4439418,1.9324534,3.240568,2.8713331,2.4207692,3.3840625,3.5738618,3.0369468,3.2800994,3.4581845,3.5112872,2.4973512,3.3437448,3.4797568,3.3246257,2.2568161,2.7504895,2.369323,2.9032476
19,1.5064164,1.6678579,2.101632,2.4138727,1.5443636,2.0838706,2.0891387,2.4131296,2.1055462,2.2651627,2.1822968,2.16313,2.224513,2.7578292,2.3155422,1.9414784,2.0864298,1.3361974,0.4800329,0.0,1.9512316,1.7017875,1.8508226,0.8336657,1.9405937,2.1632302,1.8632193,1.999192,1.0459598,1.6196557,1.6036361,2.0099597,3.5331516,3.3100715,3.0377448,2.5718734,1.5958303,1.3447123,2.3368392,1.4385179,2.2136118,2.346208,2.3476467,1.9239198,3.6988738,3.6831508,2.7630594,2.724531,2.6191812,1.5476661,2.559467,2.6709812,2.6011918,3.0368779,2.4307306,2.643081,3.9367301,5.187534,2.9564648,2.7114036,2.865619,2.853545,3.8107522,3.6955748,2.963045,2.338789,2.1735213,2.2214112,2.3225882,2.260022,2.4506574,2.2536218,2.9300768,2.8182738,2.635879,2.6798036,2.276849,2.0270882,2.3338616,2.071408,2.231559,1.7750927,2.7660646,1.7841486,1.5044386,1.695223,1.5204195,1.5932505,2.1962066,1.6388924,2.1010773,2.244218,2.7037232,2.7508726,2.8283646,2.8469224,3.1606781,2.3198752,3.3093517,2.9113355,2.8944378,3.0961678,2.816895,3.1267638,2.3699465,2.7591386,2.9808733,2.7858436,1.55798,1.469046,1.9137272,3.2218301,2.8682792,2.4090106,3.3635945,3.5423803,3.0061052,3.230355,3.4403098,3.4888468,2.4695914,3.3272288,3.4399917,3.35518,2.2334464,2.716444,2.3476033,2.8728757
20,1.7366956,1.8302788,2.0867648,2.4780712,1.8167092,2.1570907,2.184723,2.3975658,2.030381,2.1877253,2.1072028,2.1263576,2.3131285,2.035041,2.265354,2.1534503,2.4028163,1.7639368,1.968868,1.9512316,0.0,0.7554032,1.3327365,1.6757376,1.9766598,2.322205,2.279281,2.0931244,1.5755086,1.7433808,1.8555648,1.3236967,3.6428,3.246697,3.5260594,3.147375,2.059424,1.8735551,2.6084495,1.6742607,2.3104355,1.874668,2.448859,2.1751676,3.055179,3.0153947,2.1898565,2.1200325,2.496996,1.9655844,2.8110306,2.8762183,2.8789485,3.2753694,2.7394235,2.8368347,3.947641,5.286629,2.8649917,2.6963673,2.9780824,2.9234717,3.8351107,3.771314,2.799562,2.2651734,2.2350123,2.1744475,2.3145576,2.6182165,2.406828,2.2517595,2.6193674,2.9433782,2.2311633,2.2626762,2.2383924,1.4033208,2.239502,2.0985234,2.8490686,2.1445568,2.569437,1.5159622,1.8644402,1.3304837,1.1998615,2.101779,2.0400145,1.9118681,1.9803474,2.1606252,2.6546025,2.721262,3.1920383,2.8363159,2.893189,2.225828,3.178735,2.6890175,2.6922581,2.4711204,2.6676798,2.4911873,2.2802286,2.6201272,2.7963386,2.6125755,1.728063,1.8414674,2.0939481,3.0504951,2.815906,2.4050636,3.187591,3.0379677,2.4417272,2.7366138,2.8642807,2.9213333,2.5967739,2.8922226,3.0391464,3.3061483,2.4310012,2.7056649,2.5842109,2.4741306
21,1.8295223,1.9513355,2.3102064,2.5149233,1.9085897,2.296213,2.337067,2.5773792,2.2128353,2.370866,2.322007,2.3589313,2.4842296,2.2119875,2.4015255,2.335315,2.58063,1.9019544,1.7259607,1.7017875,0.7554032,0.0,0.8375029,1.6612424,2.0362284,2.3215563,2.32059,2.1093028,1.6670634,1.8982303,1.9889306,1.4905561,3.8084385,3.4307282,3.4411106,3.1561933,2.1379254,1.9699864,2.7892895,1.8504764,2.4962199,2.0525396,2.6035752,2.2449152,3.2385466,3.234283,2.2671456,2.220848,2.5466368,2.0836992,2.884584,2.8654408,2.901513,3.3804324,2.8092399,2.8985188,4.101539,5.4330916,3.083945,2.8804905,3.1022317,3.0651543,3.986601,3.898202,3.0437715,2.5279953,2.476418,2.4585886,2.5816646,2.6113274,2.6094382,2.5109732,2.8294044,3.1303723,2.3954842,2.432266,2.5359905,1.7303375,2.4669607,2.2535622,2.831159,2.1837356,2.7027597,1.6442658,2.0413299,1.54741,1.3548329,2.1936047,2.3233364,2.1088264,2.3000138,2.4578037,2.8236241,2.874272,3.096904,2.9547184,3.2702622,2.5705707,3.4162796,3.058395,3.041878,2.855553,2.9604263,2.8877225,2.5792363,2.9270108,3.0761433,2.928016,1.9253713,1.9683741,2.1963077,3.2941833,3.044336,2.608869,3.465253,3.3281684,2.6745837,2.9577966,3.1807709,3.2276294,2.7135634,3.1610467,3.313616,3.5447469,2.4882717,2.859895,2.6406517,2.6315057
22,2.1640406,2.259403,2.570621,3.0288026,2.2676766,2.5581894,2.5856984,2.794556,2.3879542,2.5000741,2.5744512,2.5470903,2.6062171,2.4100225,2.4735577,2.5302455,2.7458868,2.0757887,1.95364,1.8508226,1.3327365,0.8375029,0.0,1.8290302,2.526935,2.6805346,2.3324397,2.0684268,1.9736294,2.2282877,2.2806604,1.8527371,3.8686872,3.550354,3.4147573,3.2711084,2.519954,2.369411,3.348514,2.1021955,2.680153,2.2515984,2.8470984,2.4297042,3.32002,3.4070244,2.4908147,2.4713259,2.8231442,2.451768,3.2413893,3.0200686,3.0321083,3.4937913,3.0885515,3.0731053,4.2256174,5.4697704,3.3293421,3.1416323,3.347981,3.329057,4.2334723,4.1365066,3.2106836,2.8498392,2.822464,2.8503394,2.8956876,2.7799864,2.7650073,2.8816283,3.2832925,3.5796785,2.7130795,2.7543464,2.8757844,2.1863673,2.9602935,2.3189712,2.9566557,2.1635654,2.8381138,1.8811151,2.1834002,1.759687,1.5813797,2.375321,2.651186,2.5137343,2.6646497,2.7512097,3.0010836,3.0383198,3.1832764,3.0734692,3.5271184,2.895076,3.7574196,3.315185,3.2968562,3.1780756,3.2177043,3.21199,2.849424,3.1736948,3.4736428,3.213275,2.30517,2.3821936,2.5750103,3.5891693,3.1132224,2.730826,3.5006738,3.4321015,2.7808242,2.8755128,3.2339954,3.271399,3.0666015,3.4641674,3.54909,3.8044002,2.8360782,3.1678412,3.0367005,2.9977522
23,1.4239058,1.608797,1.9820771,2.5923712,1.2601949,1.8907396,1.8992642,2.238707,1.9786636,2.1415844,2.0726051,1.9867941,2.1418521,2.6254983,2.240336,1.7859409,1.9489866,0.95271635,1.03025,0.8336657,1.6757376,1.6612424,1.8290302,0.0,2.0015426,2.1996653,1.6738393,1.7953966,0.860619,1.4899147,1.4785725,1.8615597,3.407097,3.1614866,3.14743,2.7665713,1.4839379,1.2345353,2.2470255,1.0562177,1.8941625,2.031405,2.1120846,1.6854323,3.4602447,3.435603,2.496654,2.4556842,2.5240476,1.4366121,2.497749,2.5097575,2.5309649,2.8489108,2.3633966,2.462869,3.7826471,5.3094373,2.829146,2.5886304,2.824639,2.8051128,3.7411718,3.6283257,2.729145,2.0973437,2.0209455,2.0585415,2.1396995,2.2942026,2.19252,2.0753458,2.7162714,2.6566238,2.3571944,2.4015613,2.1106095,1.796492,2.3221052,1.8758525,2.1744719,1.4384786,2.4637082,1.4250562,1.0542641,1.2532804,1.1945294,1.3010902,2.0047956,1.5066394,1.9179691,2.0219767,2.5568197,2.6319478,2.80493,2.6628134,2.8892996,2.0135942,3.3036242,2.6706514,2.645387,2.838863,2.6389832,2.8519301,2.1709049,2.561122,2.9164224,2.595733,1.3295667,1.3053647,1.7200396,3.06505,2.5363088,2.147214,3.0345795,3.19265,2.730141,2.9327614,3.1176045,3.153181,2.2867396,3.2485578,3.32589,3.2936113,2.112041,2.5796397,2.2863588,2.715763
24,1.8961697,1.9471368,2.3144078,1.2521416,1.7663702,2.611559,2.6794727,2.81359,2.3795836,2.4388576,2.3614182,2.5871127,2.3342826,2.7939541,2.5379307,2.592745,2.3358335,1.8767316,1.7416818,1.9405937,1.9766598,2.0362284,2.526935,2.0015426,0.0,1.3748472,1.8406166,1.8565371,1.4508089,1.8269145,1.8410751,2.0080981,3.7704625,3.5185041,3.5585904,3.195241,1.8586522,1.7093282,2.5610442,2.1215208,2.6935863,2.6248257,2.6659753,2.1106062,3.6618307,3.742803,2.6678562,2.6455348,2.79913,1.8707405,2.5999258,2.7442405,2.9116087,3.6681619,2.701013,2.8689978,4.291558,5.528606,2.9709833,2.735054,2.94385,2.81547,3.860455,3.8075864,2.9843345,2.313956,2.335171,2.1911848,2.3754919,2.659826,2.5391638,2.2762456,2.9920237,2.9616978,2.717529,2.736691,2.3284824,1.9975407,1.4862351,2.1859903,3.239519,2.6417844,3.246481,2.4693658,2.359789,2.353181,2.3203087,2.5741158,2.3372548,1.8223432,2.112246,2.3319957,2.4028893,2.3850396,2.7519317,2.6227307,3.1197703,2.3049586,3.0195591,2.9499803,2.909126,3.1336725,2.8897297,3.1336598,2.5274284,2.9016242,2.5403295,2.8599522,1.5521612,1.7893072,2.0391185,3.2126892,3.0249991,2.5957515,3.52436,3.681351,3.0751743,3.5298285,3.5117605,3.5832646,2.597739,3.3325274,3.5381374,3.4152236,2.4086912,2.8442388,2.5902786,3.0152578
25,2.2013147,2.259776,2.5978274,2.0009909,2.1689415,3.3341606,2.893876,3.4668064,2.6427479,2.7320254,2.6701062,2.8601217,2.6484969,3.0475914,2.8048294,2.7864,2.6636467,2.1921358,2.0595446,2.1632302,2.322205,2.3215563,2.6805346,2.1996653,1.3748472,0.0,2.146005,2.189668,1.8285424,2.7534046,2.7923,2.9088917,3.9713721,3.7222068,3.7434638,3.3881698,2.2875192,2.1380267,2.843361,2.4108524,2.904792,2.8571863,2.9614708,2.4232864,3.923747,4.009206,3.0024831,2.9683867,3.1991656,2.3651147,3.0630562,3.1168094,3.1803164,3.4997966,2.9684243,3.2594156,5.1426163,6.196172,4.0178385,3.8431504,4.0857334,3.9841683,4.8389745,4.780399,3.3136811,2.740852,2.631148,2.5583127,2.7073238,2.9815574,2.8458138,2.634167,2.7135792,2.744453,2.5063188,2.5065925,2.733167,2.3709188,2.0793822,2.4901338,3.3275933,2.8080902,3.4178739,2.649956,2.6462524,2.6626236,2.5739694,2.805216,2.7011178,2.319829,2.6312897,2.7811427,2.6671467,2.7218277,3.0088768,2.9350765,3.2986765,2.5207555,3.440274,3.2109613,3.0730743,3.334835,3.2000463,3.3479617,2.7416594,3.0779922,2.8886693,3.128769,2.0997798,2.2373729,2.3523045,3.4493403,3.2190595,2.915651,3.631022,3.7776084,3.3129275,3.721504,3.6991544,3.7396834,2.866159,3.4969416,3.6534944,3.544689,2.752486,3.1317027,2.8663468,3.2842865
26,2.0016704,2.0887868,2.3633232,2.4862783,1.7879608,2.5468855,2.6516783,2.7804332,2.1856618,2.225894,2.4093156,2.4468021,2.099377,2.8341773,2.2797198,2.342257,2.3766544,1.2397803,1.7051843,1.8632193,2.279281,2.32059,2.3324397,1.6738393,1.8406166,2.146005,0.0,0.5182724,1.6921964,2.0969477,1.9828198,2.384352,3.47035,3.3324926,3.3102512,3.261983,2.1162913,1.9463416,3.2678936,1.9751625,2.3017669,2.4050374,2.4695067,1.8588418,3.6172428,3.7493165,2.8676043,2.8381226,2.9038317,2.0351417,2.8038595,2.4561136,2.6295671,3.3898616,2.7438464,2.6741147,4.008145,5.2120867,2.9666176,2.741223,2.9940112,2.9085872,3.8907762,3.8125618,2.7579682,2.3488326,2.4520464,2.4160397,2.442868,2.6706405,2.301529,2.3005197,3.5022006,3.425961,2.9026775,2.9125001,2.4548595,2.3060164,2.1823385,1.4918957,2.8751676,1.7159499,3.492441,2.2817197,1.8551866,2.0458186,2.1033738,2.1283839,2.3939369,2.0091984,2.2522554,2.3063178,2.433903,2.3932824,2.7277691,2.561734,3.1234622,2.3386552,3.3926706,2.9339383,2.8820164,3.2554,2.8964674,3.2372217,2.5418608,2.8942614,3.0368686,2.9425821,1.6328279,1.9384123,2.03171,3.2394843,2.6449592,2.3877542,3.1827013,3.5571606,2.972284,3.1691813,3.3185751,3.3459947,2.5654528,3.3576622,3.4248562,3.1998112,2.3869905,2.8120317,2.6943955,3.1114523
27,2.1167912,2.1836584,2.4763458,2.559266,1.9349123,2.6186643,2.7643,2.8378775,2.3031487,2.3224971,2.5068724,2.5464284,2.224985,2.774758,2.358666,2.5055687,2.4722846,1.3379588,1.8395479,1.999192,2.0931244,2.1093028,2.0684268,1.7953966,1.8565371,2.189668,0.5182724,0.0,1.7686987,2.1074917,2.0450125,2.2238595,3.5996964,3.4248207,3.4262002,3.4185765,2.2395954,2.1026595,3.3744118,2.0393713,2.4800925,2.4182866,2.6624272,1.9957583,3.557983,3.7428234,2.7796764,2.761091,2.9055328,2.1893218,2.9103308,2.5509567,2.7626207,3.530617,2.899165,2.798563,4.062252,5.2602177,3.0154107,2.7807589,3.0352833,2.947297,3.9538429,3.874589,2.8720088,2.4873927,2.5965414,2.5570729,2.5751634,2.745666,2.4365053,2.447673,3.5451553,3.5648654,2.9301422,2.9402099,2.58441,2.2851179,2.3032393,1.6368934,3.0222106,1.8732973,3.4494977,2.2398348,1.9757059,2.0138931,2.0397317,2.2770824,2.4852917,2.1529977,2.363255,2.4306128,2.416684,2.3613696,2.6836662,2.5230873,3.2478824,2.4859183,3.5643249,3.065454,3.0187037,3.315534,3.0248635,3.2942557,2.6694176,3.0167572,3.1523693,3.0535586,1.7814754,2.0903997,2.1843312,3.3705952,2.7418714,2.5141897,3.2769485,3.581282,2.957014,3.1297119,3.3063745,3.339157,2.7189636,3.4176753,3.4854283,3.3529823,2.5221713,2.9467561,2.8691354,3.1687512
28,1.3576382,1.4711947,1.9085643,2.1194158,1.3667178,2.0062687,2.074325,2.2822444,2.0445054,2.1350389,1.9941605,2.0021727,2.0785654,2.652644,2.2548995,1.9586982,1.8340561,0.9754325,1.1433537,1.0459598,1.5755086,1.6670634,1.9736294,0.860619,1.4508089,1.8285424,1.6921964,1.7686987,0.0,1.1390302,1.244266,1.5723407,3.4478385,3.2577744,3.2436695,2.7617486,1.3964523,1.0919412,1.9704125,1.0344338,2.2951272,2.3034146,2.398628,1.8097926,3.5457664,3.591097,2.584266,2.5588715,2.5083516,1.3400719,2.396489,2.6323662,2.6380785,3.0608985,2.4006302,2.5960608,3.869084,5.1409993,2.754376,2.488353,2.696216,2.638258,3.681539,3.5822468,2.8358343,2.1300483,1.9995192,1.9748294,2.078007,2.354663,2.3046498,2.0689144,2.6931434,2.6364255,2.4837883,2.5288227,1.995814,1.6490539,1.9847912,1.9670188,2.3588777,1.8784956,2.3845499,1.5494553,1.2549808,1.4402007,1.3552753,1.6005434,1.9387833,1.336404,1.7765601,1.9672241,2.27457,2.3258271,2.5410333,2.4592748,2.8169017,1.8980664,3.2106106,2.6096728,2.6003087,2.8489716,2.6508982,2.8437705,2.1525762,2.5588894,2.7208445,2.5663958,1.1616938,1.2761822,1.7134291,3.0618138,2.6286442,2.3293543,3.1934183,3.3626528,2.86861,3.145666,3.209461,3.278158,2.2424133,3.0694652,3.1840456,3.170539,2.1093295,2.6011364,2.3554919,2.7986305
29,1.8058068,1.9003251,2.2466567,2.3517785,1.7634939,1.6839746,2.3874476,2.0725696,2.3533525,2.4233599,2.294948,2.2779894,2.390183,2.809609,2.5365107,2.3104322,2.0266259,1.4583745,1.6256248,1.6196557,1.7433808,1.8982303,2.2282877,1.4899147,1.8269145,2.7534046,2.0969477,2.1074917,1.1390302,0.0,0.44883507,0.87743133,3.6045582,3.4312694,3.4443305,2.9975622,1.6884178,1.4823236,2.2305903,1.44528,2.5472999,2.5107946,2.606216,2.178663,3.617176,3.6254048,2.7240636,2.700681,2.5786033,1.5839252,2.516668,2.818806,2.8567386,3.562321,2.658679,2.7143843,3.2780843,4.6650023,2.0078204,1.6247473,1.7547983,1.6938767,3.0171165,2.9117403,2.9770525,2.304245,2.2881467,2.227408,2.3315523,2.5373278,2.549509,2.301054,3.3013525,3.2526386,3.0731525,3.123477,2.1870182,1.8915983,2.2282834,2.2599316,2.6398191,2.200539,2.5379806,1.8821224,1.5623229,1.6456317,1.611673,1.9037294,2.1444054,1.5800768,1.877655,2.105526,2.6410947,2.6366465,2.8575954,2.7620692,3.0392418,2.217833,3.256295,2.7759593,2.8700423,2.9905932,2.8115795,2.9817357,2.4543023,2.8236306,2.92182,2.756623,1.4454532,1.5803126,2.0744834,3.2695923,2.8283978,2.4943016,3.4055104,3.540814,3.0139797,3.2425227,3.318099,3.4121554,2.482855,3.2316875,3.3670228,3.3885534,2.3326242,2.8035135,2.592886,2.9212477
30,1.7521203,1.8905602,2.2327394,2.304198,1.6920123,1.630641,2.389005,2.0728939,2.2564237,2.3359928,2.2697823,2.2631152,2.310451,2.8106081,2.4467325,2.2690208,2.0727916,1.4980931,1.6253825,1.6036361,1.8555648,1.9889306,2.2806604,1.4785725,1.8410751,2.7923,1.9828198,2.0450125,1.244266,0.44883507,0.0,1.0464814,3.616492,3.4163454,3.390475,3.020233,1.6717391,1.4740248,2.44331,1.5326407,2.3735402,2.4580448,2.460393,2.0462418,3.6148255,3.5888345,2.7559583,2.736438,2.595633,1.5624657,2.5241337,2.6979578,2.75526,3.5699575,2.6018536,2.6031,3.2307405,4.6540284,1.9330494,1.5343777,1.660055,1.5834272,2.9645824,2.853521,2.8980265,2.2593212,2.3164406,2.2455342,2.3496232,2.5664582,2.435193,2.3075237,3.444661,3.3660262,3.1108599,3.162897,2.221932,2.0007036,2.2389128,2.0969646,2.7405767,2.064265,2.6326716,2.0032895,1.5935811,1.6868896,1.7051656,1.9098532,2.207369,1.6509323,1.8966627,2.0855527,2.7373536,2.7342691,3.0374088,2.8578825,3.0958343,2.2947395,3.1484568,2.8221126,2.9084654,3.0426264,2.7950747,3.0445154,2.4575663,2.8358133,2.925386,2.7791116,1.3487864,1.5432761,1.9770421,3.2235975,2.8736615,2.4144578,3.4070957,3.5779445,2.9955103,3.238034,3.369364,3.4499528,2.4176762,3.2548208,3.3867865,3.37131,2.208756,2.709507,2.4524522,2.8505228
