,0,1,2,3,4,5,6,7,8,9,10,11,12,13,14,15,16,17,18,19,20,21,22,23,24,25,26,27,28,29,30,31,32,33,34,35,36,37,38,39,40,41,42,43,44,45,46,47,48,49,50,51,52,53,54,55,56,57,58,59,60,61,62,63,64,65,66,67,68,69,70,71,72,73,74,75,76,77,78,79,80,81,82,83,84,85,86,87,88,89,90,91,92,93,94,95,96,97,98,99,100,101,102,103,104,105,106,107,108,109,110,111,112,113,114,115,116,117,118,119,120,121,122,123,124,125,126,127
0,0.0,0.43471038,1.3431735,1.0951931,3.2663336,3.2735047,2.6350322,2.6352916,1.4930913,0.98293555,2.7424264,3.0639076,2.2479968,1.469763,2.8243086,2.7108064,2.2084804,2.3754175,2.6868622,2.566599,3.1363492,3.2104466,3.1062934,2.3807073,2.3922534,1.9115553,1.9031831,1.6445405,2.918199,2.918199,2.9439573,2.944586,3.1948833,3.2314034,1.6151948,1.9030488,1.4262502,1.4137475,1.6819515,2.0234134,1.6217992,1.3538235,2.209534,2.2963665,1.7545499,1.7078735,1.3589125,1.6653141,2.3081405,2.288715,2.9063036,2.9177094,2.917734,3.6518068,3.1902525,2.2917256,1.5773356,1.5406786,1.0640452,1.0495948,2.3174775,1.9299777,1.6067722,1.9996281,2.0826705,2.0915544,2.049174,2.3537855,2.323008,2.2021992,2.150497,2.4429014,3.041252,3.4608302,2.93421,2.9376204,3.4164367,3.6094203,3.4209275,3.392603,2.6663072,2.3225348,2.7640064,2.7640064,2.1124234,1.9003444,1.4226191,1.6688358,3.070469,3.107345,2.026374,2.3834069,1.883099,1.895894,2.5248423,2.93997,2.330016,2.4776552,2.3516734,2.1289368,2.421486,2.4764168,3.2987983,3.1064305,2.4182186,2.4953659,2.7126417,2.5833883,2.4631882,2.9940443,2.7729886,2.7278447,2.2894983,2.411388,2.9455135,2.509163,2.0935209,2.221624,2.199537,2.0574672,3.2504816,3.3093092,3.2051125,3.331177,3.2246566,3.3403394,3.3005598,3.3888073
1,0.43471038,0.0,1.3929702,1.1563438,3.367175,3.4127772,2.8057363,2.8064213,1.5330745,1.0736555,2.7464874,2.9524229,2.2607403,1.5266137,2.792965,2.6423893,2.2173643,2.3783371,2.7766302,2.6289287,3.2690697,3.3434737,3.2413387,2.5029643,2.4791226,2.0067475,1.8579772,1.7417006,2.8519356,2.8519356,2.947922,2.9478073,3.245342,3.2790205,1.5528246,1.7852697,1.459819,1.4503466,1.6766238,2.0781763,1.5017443,1.2441655,1.9809644,2.1793752,1.6235065,1.5823094,1.3397126,1.5926625,2.2950513,2.2712538,2.8938484,2.8643193,3.077685,3.8589542,3.2168982,2.331195,1.5206995,1.4746653,1.05856,1.0478554,2.2138495,1.8088433,1.5135206,1.8919474,2.0148785,1.976096,2.0007708,2.3229382,2.2300217,2.1120625,2.0416787,2.2369347,3.0941453,3.5838504,3.072493,3.0752807,3.4850688,3.6332486,3.5182,3.491506,2.737895,2.3949776,2.7589774,2.7589774,1.9862319,1.9005858,1.4532833,1.6667367,3.0331721,3.1062346,1.9676487,2.3252962,1.9358642,1.9520761,2.4475818,2.8254616,2.2901187,2.4946961,2.4163215,2.1925128,2.4529667,2.514929,3.2945104,3.167836,2.324812,2.374068,2.6268163,2.4834845,2.5256984,3.0328476,2.7563145,2.7113569,2.3480268,2.478276,2.988397,2.5558057,2.2239196,2.3134294,2.3309565,2.1797101,3.3089795,3.3471394,3.2605917,3.3669417,3.2143695,3.3158038,3.2847276,3.3729432
2,1.3431735,1.3929702,0.0,0.8744223,3.5880105,3.5364559,2.879514,2.9030573,1.3812637,1.0213217,2.7588687,2.9965603,1.5405225,1.6106606,2.6677241,2.5566087,2.2562065,2.4143949,2.5974836,2.5680728,2.9947512,3.147645,3.0438747,2.49984,2.1526775,1.7329341,1.8531414,1.651807,2.9343562,2.9343562,2.978667,2.9565482,3.129823,3.1458604,2.2077973,2.648932,2.0451944,2.0582745,2.2540207,2.4982922,1.7605246,1.7402378,2.990331,2.0623984,2.1603794,2.0941906,1.8964285,2.191885,1.8171905,1.620165,3.0586264,3.0298297,2.9625943,3.706474,3.9047902,2.5598648,1.9143518,1.7997074,1.3655307,1.3403234,2.3786728,1.9385537,1.8823551,2.1951628,1.9153613,1.8492033,1.8205297,2.109315,2.0395646,2.1493082,1.9034774,2.0832725,2.9295223,3.951844,2.7432187,2.7589233,3.3165941,3.4851937,3.345867,3.3151426,2.4583216,1.9294143,2.3078961,2.3078961,2.2160075,1.905918,1.4649202,1.5882136,2.9202268,2.8849843,1.9841139,2.206766,2.0203338,2.046394,2.2826428,2.7085447,2.4753518,2.3860908,2.409003,2.3198998,2.2549841,2.290916,2.760077,2.7100983,2.45254,2.4965568,2.6174395,2.5233963,2.2160316,2.7623267,2.474487,2.4039416,2.0800464,2.141412,2.7556434,2.2378888,2.1890624,2.1618562,2.2137914,2.0939944,3.1698658,3.1494844,3.0881565,3.15743,3.0940883,3.1778145,3.1202645,3.1712952
3,1.0951931,1.1563438,0.8744223,0.0,3.5642855,3.6000788,2.956925,2.966828,1.6949987,1.2815279,2.9004138,3.2076128,2.2221575,1.3966216,2.7970219,2.721099,2.4243433,2.6144664,2.8769777,2.8011441,3.1383128,3.228704,3.128061,2.575889,2.2080388,1.7486227,1.9301037,1.7304156,3.0537767,3.0537767,3.0744293,3.052251,3.4266765,3.4317694,2.1100273,2.6120458,1.8653138,1.8632402,2.1052108,2.376389,1.8781863,1.6819612,3.0234237,2.1214225,2.032515,1.9532026,1.8094935,2.1508965,1.944577,1.9375974,3.099129,3.1512628,2.9819837,3.7088792,3.846574,2.4823666,1.9394596,1.8470113,1.451474,1.4501249,2.5206149,2.0472696,2.00853,2.3298485,2.2100956,2.1616719,2.090939,2.406656,2.3844285,2.440493,2.211997,2.3979146,3.176182,4.0903234,2.956901,2.9689121,3.4788172,3.6634965,3.4946084,3.4648807,2.5267205,2.1882005,2.6511478,2.6511478,2.3034713,1.9901637,1.5431069,1.7048419,3.1459618,3.115994,2.3159268,2.5868597,2.2122345,2.2344873,2.539788,3.1148841,2.4267197,2.4418256,2.298342,2.2927017,2.3833053,2.4236107,3.2028728,3.1007745,2.6133707,2.6192188,2.8258042,2.6552324,2.4519744,3.014434,2.7593782,2.7115543,2.1829913,2.364772,2.8474667,2.4642186,2.299003,2.3867254,2.3793051,2.2689128,3.2972152,3.2899227,3.2288718,3.301841,3.2158303,3.2778027,3.2364752,3.3056962
4,3.2663336,3.367175,3.5880105,3.5642855,0.0,0.78129476,1.875255,1.8657268,3.528728,3.309322,4.3679657,4.522124,3.9711971,3.5009952,4.8182974,4.7697024,3.6420562,3.6456978,3.8031545,3.7867403,4.634728,4.6178007,4.5547085,4.3940845,4.3433113,3.6837485,3.7236059,3.5372682,4.260619,4.260619,4.1878023,4.200026,4.4923625,4.618148,3.4903305,3.7126245,3.4622257,3.4641566,3.6364346,3.7404342,3.6331842,3.0633798,3.8194768,4.111455,3.6052392,3.5673313,3.458353,3.269895,4.128257,4.0003247,4.230007,4.145146,5.0635877,4.7074594,4.708429,4.179756,3.7332695,3.7134995,3.5837646,3.5575864,3.9532232,4.4226365,3.6979153,3.809351,3.2180092,3.2493153,3.3195167,3.6514463,3.6519518,3.4371464,3.4243474,4.620683,4.5237865,4.8418508,4.476251,4.483915,5.3265266,5.4622765,5.263775,5.2445817,3.3560967,3.569017,3.349979,3.349979,3.4578586,3.30491,3.1185336,3.1802244,3.823213,4.1741385,3.3579009,3.5876818,3.3289447,3.348816,4.304018,4.567473,4.3372974,4.245693,4.109642,4.15757,4.2168627,4.1846657,4.9036274,4.843739,4.3201942,4.538689,4.3049173,4.301102,4.1062922,4.409573,4.359576,4.2844853,4.0440617,4.141788,4.0665617,4.0959353,3.946799,3.9781258,3.945829,4.0863667,4.834765,4.8461494,4.7634716,4.8664613,5.4201503,5.532578,5.4661384,5.5376096
5,3.2735047,3.4127772,3.5364559,3.6000788,0.78129476,0.0,1.7985237,1.7927897,3.4022121,3.185186,4.3493404,4.545873,3.7524302,3.4916275,4.7901373,4.7532716,3.5694892,3.5461872,3.6038187,3.6300373,4.5841064,4.601797,4.5378094,4.414495,4.28694,3.6126409,3.6815653,3.4271832,4.2378974,4.2378974,4.120094,4.1293693,4.320342,4.441019,3.5405877,3.7586153,3.4440334,3.4489317,3.63711,3.7477834,3.6105254,3.084032,3.8434565,4.132812,3.6975589,3.6199236,3.4503634,3.2791271,4.096456,3.9455798,4.384007,4.1104574,4.999629,4.590739,4.4975147,3.9376912,3.7070725,3.6752002,3.551748,3.5291107,4.0749083,4.427185,3.6557744,3.7825537,3.224357,3.2701004,3.41909,3.6323614,3.6462877,3.439547,3.4634001,4.6590085,4.5026283,4.755063,4.387929,4.395682,5.2643204,5.4165034,5.1793013,5.160929,3.430593,3.5559082,3.419008,3.419008,3.5656621,3.362097,3.1558063,3.2169025,3.7058144,4.1223607,3.3955662,3.5440438,3.2960107,3.3157513,4.2713647,4.4537344,4.447528,4.3205566,4.2064776,4.212066,4.253235,4.2151666,4.818097,4.7211294,4.37909,4.6144676,4.384934,4.398485,4.116576,4.4113917,4.3916335,4.305243,4.0855193,4.1469574,4.1371346,4.107583,3.937891,3.9616287,3.9200184,4.049061,4.8582187,4.87992,4.7882247,4.896884,5.44381,5.5815215,5.5057855,5.5735064
6,2.6350322,2.8057363,2.879514,2.956925,1.875255,1.7985237,0.0,0.08731163,2.9223862,2.658388,3.8855658,4.0533004,3.1364627,2.953816,4.7417374,4.641845,3.382204,3.4500427,3.496026,3.4883635,4.188221,4.2428546,4.1736326,3.6611204,3.5287285,3.1493998,3.1353366,3.014024,4.0121975,4.0121975,3.9912534,3.995274,3.846214,3.9821894,3.0319958,3.273591,2.9840176,2.9931874,3.1686804,3.2966821,3.5462735,3.036731,3.5520186,3.6392088,3.4548028,3.3824437,3.0476067,3.0863311,3.5082371,3.346044,4.0479875,4.0722585,3.9648988,3.5299535,4.2181087,3.6416545,3.2339935,3.2459064,2.9849632,2.9360657,3.5438979,3.9496794,3.219113,3.380795,2.8081703,2.8388238,2.8109,3.1191075,3.164295,2.9522796,2.9413888,4.2420845,3.7028224,4.099836,3.5744975,3.5852258,4.118415,4.2962193,4.022629,4.0022798,3.360547,3.0000498,3.3014061,3.3014061,2.9368079,2.7857606,2.3950913,2.60951,3.6245434,3.6719682,2.7562425,2.8593833,2.7222364,2.7352452,3.560538,4.181441,3.5467403,3.50357,3.364066,3.326172,3.3237298,3.333803,4.0399632,3.9510543,3.4764,3.7751856,3.5815735,3.5476856,3.1887577,3.6082191,3.4184887,3.3596935,3.175306,3.269269,3.777424,3.2162633,3.048336,3.0479922,3.0302603,3.133338,4.032054,4.04441,3.9585845,4.0545964,4.7999287,4.8847437,4.814125,4.8815393
7,2.6352916,2.8064213,2.9030573,2.966828,1.8657268,1.7927897,0.08731163,0.0,2.934519,2.667555,3.8927426,4.064542,3.1814442,2.96972,4.7485514,4.6483297,3.392804,3.4621842,3.5310278,3.5140314,4.1957297,4.2501955,4.1805296,3.655159,3.5523095,3.1767914,3.1645775,3.0396686,4.0399795,4.0399795,4.0183377,4.0222588,3.8674402,3.9996808,3.0231206,3.2639055,2.9758353,2.9840329,3.160861,3.2879217,3.5540502,3.0354006,3.5487316,3.6510684,3.4650133,3.3896859,3.0465639,3.0741136,3.521751,3.3621297,4.038846,4.0618753,3.956277,3.5369935,4.1757,3.6269896,3.2325196,3.2471662,2.9936497,2.9443927,3.5611777,3.9627252,3.2156382,3.3824723,2.8176925,2.8510973,2.8277845,3.131387,3.176299,2.962012,2.9520812,4.256425,3.7026849,4.0881248,3.5770772,3.5868886,4.1291103,4.305478,4.0310984,4.010873,3.3595371,3.0184767,3.3159547,3.3159547,2.9392612,2.7880847,2.4012725,2.6130795,3.6693501,3.7190404,2.7712035,2.8774273,2.7220697,2.734781,3.5681293,4.203385,3.5388997,3.4978347,3.3509424,3.3166378,3.3218782,3.332253,4.0745797,3.984535,3.4710143,3.7729514,3.5785654,3.5428283,3.1898088,3.6078396,3.4162207,3.3611212,3.176812,3.271789,3.7702105,3.2206078,3.0445876,3.0492783,3.0294726,3.13532,4.0352354,4.047977,3.9648492,4.0615354,4.8047867,4.891744,4.821775,4.890986
8,1.4930913,1.5330745,1.3812637,1.6949987,3.528728,3.4022121,2.9223862,2.934519,0.0,0.8094632,2.4933174,2.738951,1.7195723,1.34485,2.5872085,2.51954,2.3866959,2.5201426,2.9450524,2.7890882,2.7275624,2.8548985,2.7733717,2.2865503,2.6764648,2.2464745,2.2619178,2.0718625,3.2212946,3.2212946,3.2721672,3.2637353,3.7744527,3.7937872,2.0664861,2.399524,2.032183,2.0301886,2.2610965,2.5125277,1.780538,1.7942983,2.6967373,2.4325745,2.3617883,2.249757,2.0112188,2.2813313,2.8101833,2.4648216,3.0668347,2.7297382,3.020744,3.7595232,3.4912245,2.3947608,2.043719,1.9465213,1.5974882,1.6480069,2.2140617,2.2946732,1.9607118,2.2729492,2.0705955,2.1221735,2.2469487,2.3658593,2.6791997,2.599445,2.239722,2.4018173,3.0048702,3.6748798,2.9226394,2.9310834,3.4228592,3.60761,3.437607,3.4080415,2.7017727,2.3303423,2.5517626,2.5517626,2.4355752,2.218349,1.717913,1.8618693,3.0209725,3.085988,2.2292957,2.7011018,2.163072,2.1762822,2.480028,2.897162,2.6445181,2.6342032,2.6569068,2.4399216,2.606234,2.644445,2.9458904,2.849681,2.634399,2.7078612,2.7694247,2.7207074,2.4211855,2.4604838,2.7089336,2.6269622,2.4265091,2.4687247,2.9606256,2.5305216,2.2898026,2.2982144,2.3707194,2.2437441,3.4707096,3.510035,3.4079669,3.5209322,3.3867395,3.5252788,3.491574,3.5542305
9,0.98293555,1.0736555,1.0213217,1.2815279,3.309322,3.185186,2.658388,2.667555,0.8094632,0.0,2.7766688,2.981841,1.575621,1.3928494,2.4733634,2.3631475,2.1930275,2.339148,2.5723422,2.5116346,2.8811004,3.0025928,2.8979962,2.3370523,2.4783235,1.988473,1.9731637,1.7528704,3.0899396,3.0899396,3.1507494,3.136056,3.330344,3.3528028,1.9620522,2.2603161,1.8323812,1.8376272,2.044418,2.2865489,1.4578806,1.364854,2.3995907,2.1800253,2.193394,2.0942826,1.7593099,1.9663775,2.299535,2.1025836,3.0595124,2.847589,2.925183,3.6519592,3.3230798,2.198779,1.7579019,1.663722,1.2504107,1.2701268,2.3932304,2.0579076,1.6691114,2.032887,1.8779371,1.9501454,2.040759,2.210857,2.2504928,2.2183607,2.036158,2.313962,2.9338384,3.622742,2.8805118,2.8868852,3.4430366,3.6373885,3.4549348,3.4250515,2.5576653,2.2235093,2.4464648,2.4464648,2.229223,2.0145352,1.4492596,1.6313665,2.9311628,3.012534,2.051305,2.301985,1.9917647,2.0125895,2.4286692,2.832754,2.4841483,2.5156994,2.4993796,2.2970212,2.4695237,2.511931,2.972586,2.8752334,2.4728563,2.552026,2.6350374,2.580461,2.3470109,2.7652056,2.670229,2.592493,2.2928746,2.3514864,2.8096318,2.4380467,2.1654694,2.169939,2.226033,2.1000972,3.4107077,3.445049,3.3400033,3.4648175,3.3318896,3.4706697,3.4296606,3.4974597
10,2.7424264,2.7464874,2.7588687,2.9004138,4.3679657,4.3493404,3.8855658,3.8927426,2.4933174,2.7766688,0.0,1.3052793,3.3122237,2.875212,3.8640692,3.7952716,2.686802,2.7714746,3.7055957,3.3614137,2.996073,3.2398336,3.211497,2.6321568,3.0022721,2.685278,2.738917,2.466064,2.3337831,2.3337831,2.3881729,2.3960862,4.0576134,4.054469,1.6952596,2.0979486,1.9342839,1.9327072,2.1524134,2.481557,3.312686,3.2510061,3.718814,3.675013,2.4043777,2.404072,2.2649977,2.5517597,3.4128687,3.0762153,3.049201,2.60055,3.3976648,4.1578913,3.556549,2.8992453,2.3426173,2.4042313,2.1286445,2.1643066,2.2428198,2.5365324,2.4668827,2.801734,2.4527302,2.3834414,2.3845518,2.557352,2.972883,2.7750156,2.3675954,2.4736865,3.0977154,3.517028,2.7656329,2.7778196,3.245055,3.4074283,3.2613716,3.2401514,3.0279403,2.5760434,2.9846725,2.9846725,2.5069451,2.2998707,2.9596527,2.7529647,3.4433978,3.4436686,2.477541,3.1255865,2.239037,2.2027915,2.5552933,2.9355543,2.7292142,2.608656,2.79782,2.5761971,2.7858148,2.8257024,3.1883943,3.1200619,2.785623,2.7970161,3.2940936,2.8564513,2.6337342,2.3868911,2.8998802,2.8463814,2.668564,2.6049685,3.287373,2.6536877,2.572945,2.5722253,2.663825,2.6044385,2.260975,2.3441582,2.2522697,2.312132,2.3389013,2.4071987,2.4524577,2.5136683
11,3.0639076,2.9524229,2.9965603,3.2076128,4.522124,4.545873,4.0533004,4.064542,2.738951,2.981841,1.3052793,0.0,3.2735467,3.1785407,3.990591,3.8123312,2.8857713,2.96207,3.8122032,3.521786,3.2976403,3.5325313,3.5058985,2.9061127,3.2595348,2.9529746,2.6119003,2.728615,2.2052875,2.2052875,2.5936077,2.5723848,4.1663413,4.1755786,1.9431869,2.0585127,2.2927983,2.3323195,2.4982076,2.792699,3.4910097,3.4403203,3.5157752,3.570841,2.5995984,2.6308813,2.505252,2.834041,3.5709531,3.2600744,3.5317104,3.1053827,3.8337064,4.488247,3.9430206,3.3351326,2.6083012,2.6586394,2.378184,2.4086058,2.516706,2.7456558,2.7138238,3.0116396,2.3918383,2.2942908,2.344253,2.4617522,2.811539,2.6340423,2.158182,2.269163,3.0640843,3.8178146,3.0927534,3.1026177,3.4814708,3.6377666,3.5900888,3.569094,3.428563,3.0358284,2.924351,2.924351,2.415315,2.658127,3.259239,3.0794706,3.3472009,3.37033,2.4717722,2.892621,2.6217551,2.5942526,2.5599983,3.0947816,2.797106,2.8619485,3.186539,2.982069,3.0253987,3.0653656,3.1185093,3.3951178,2.8030577,2.7586122,3.242761,2.794853,2.9025712,2.729647,3.1772623,3.0943303,2.9124177,2.8548794,3.4803286,2.8961606,2.977253,2.835079,3.047881,2.9879634,2.6139956,2.6483579,2.524719,2.5942152,2.6527894,2.6459956,2.6737928,2.7257333
12,2.2479968,2.2607403,1.5405225,2.2221575,3.9711971,3.7524302,3.1364627,3.1814442,1.7195723,1.575621,3.3122237,3.2735467,0.0,2.1915212,3.0426903,2.9203146,2.6951582,2.776795,2.4543192,2.6147819,3.3141022,3.4646509,3.3835704,3.0918477,2.5842912,2.2189798,2.053212,2.0936122,3.1631384,3.1631384,3.2894573,3.2623615,3.204977,3.2793717,2.8974729,3.0871475,2.825347,2.8580427,3.034754,3.221587,2.2981799,2.4464638,3.036065,2.5157082,2.911628,2.8514185,2.658529,2.9805923,2.518824,2.2781343,3.8106382,3.5736587,3.452087,3.8286076,4.297593,2.9642975,2.5519044,2.4337502,2.0498466,2.0688381,2.854088,2.480305,2.4702883,2.5934649,2.312764,2.2934394,2.3875039,2.443884,2.4119024,2.4872403,2.364261,2.5352151,3.205058,4.088439,3.1946175,3.215923,3.4914293,3.6632967,3.5505595,3.5233111,3.3023472,2.6361349,2.7348673,2.7348673,2.7891634,2.7379599,2.278456,2.424511,2.5725927,2.5741136,2.3682272,2.2820265,2.6501875,2.6693783,2.6866348,2.770378,3.201051,3.172731,3.3539393,3.1237564,3.0220985,3.0638642,2.5397112,2.5677297,3.0479605,3.0894387,3.1075118,3.1244495,2.8640788,3.2909997,3.0955663,2.9650884,2.8377402,2.8376706,3.4605165,2.8373723,2.8777592,2.72408,2.8357174,2.7104003,3.796594,3.7979178,3.6710148,3.7513764,3.7635221,3.8306844,3.7689095,3.778635
13,1.469763,1.5266137,1.6106606,1.3966216,3.5009952,3.4916275,2.953816,2.96972,1.34485,1.3928494,2.875212,3.1785407,2.1915212,0.0,3.0168972,3.0454829,2.6875718,2.8783047,2.9632208,2.8371766,2.6373518,2.6295118,2.5620894,2.4816236,2.2528431,1.8314146,1.9968127,1.8634728,3.1765318,3.1765318,3.1814072,3.1712644,4.044133,4.100854,2.2578175,2.6508493,2.185158,2.1766567,2.3734727,2.540954,2.2549167,2.08989,3.0628452,2.683711,2.3912165,2.3163612,2.1177113,2.7245417,2.9094038,2.7643635,3.1308486,3.036766,3.0496087,3.3302839,4.0266743,2.575338,2.3082917,2.2064843,1.9182012,1.9934908,2.338473,2.4747555,2.2665322,2.4534926,2.5334873,2.4709752,2.504577,2.7760718,3.032015,2.915204,2.614925,2.8604941,3.3627706,3.9840121,3.1905537,3.205319,3.5985878,3.7346091,3.6025813,3.5737386,2.7285264,2.4267137,2.8465707,2.8465707,2.5018716,2.2851772,1.7448438,1.9347602,2.746236,2.6664147,2.6342235,3.0787547,2.4857717,2.4963782,2.8896353,3.4860342,2.619304,2.6912525,2.60188,2.5013764,2.7201452,2.7496212,2.985145,2.7931054,2.830873,2.8272939,2.9685354,2.8499372,2.7207513,2.9124982,3.0499902,2.9208071,2.463089,2.6756935,3.0229838,2.6549156,2.4257126,2.518125,2.531862,2.4196029,3.5858285,3.6093545,3.5036032,3.5827603,3.589519,3.6609523,3.6039853,3.6643183
14,2.8243086,2.792965,2.6677241,2.7970219,4.8182974,4.7901373,4.7417374,4.7485514,2.5872085,2.4733634,3.8640692,3.990591,3.0426903,3.0168972,0.0,0.56085443,3.3776724,3.508969,3.77875,3.7542171,3.4412196,3.5070024,3.424601,3.277575,3.769905,3.3809993,3.4858832,3.3122106,4.166661,4.166661,4.254867,4.2265725,4.5609756,4.510467,3.4586031,3.6475084,3.4535115,3.4504082,3.4888573,3.6430793,2.0178714,2.508417,3.5433033,3.2891157,3.3936725,3.3811617,3.3388236,3.285738,3.5781221,3.4670382,3.861294,3.8814743,4.16826,5.3623114,4.485002,3.6356797,3.359737,3.2847977,2.7549176,2.8507812,3.7417357,3.0131752,3.228104,3.546903,3.4100983,3.554596,3.581545,3.709384,3.4739645,3.7063732,3.5376747,2.7892323,4.2124534,4.8830323,4.3324103,4.338919,4.9555364,5.0752006,5.042056,5.0070333,3.5053272,3.7847774,3.419087,3.419087,3.8465886,3.6785176,3.2204943,3.4194472,4.426151,4.496226,3.8139896,3.9747841,3.8549664,3.8634045,3.8375232,3.9293103,3.7296195,3.7237976,3.7725701,3.636672,3.9099455,3.9433837,4.149314,4.0915856,3.8135257,3.67545,3.7827947,3.7691984,3.766421,4.08484,3.9812877,3.9481382,3.750102,3.78415,3.4688547,3.8870468,3.7520156,3.7474675,3.8072836,3.6838565,4.6264634,4.6520314,4.5761876,4.6905093,3.9424865,4.0721054,4.1022773,4.1351533
15,2.7108064,2.6423893,2.5566087,2.721099,4.7697024,4.7532716,4.641845,4.6483297,2.51954,2.3631475,3.7952716,3.8123312,2.9203146,3.0454829,0.56085443,0.0,3.2757897,3.3954496,3.7124698,3.7003121,3.546817,3.6493363,3.558533,3.2392268,3.7601776,3.3646235,3.3498473,3.2349312,4.036488,4.036488,4.1916614,4.1652827,4.423741,4.3754177,3.3304281,3.462426,3.3135316,3.313127,3.4267573,3.6070232,1.89745,2.3900023,3.2659883,2.954251,3.2813025,3.2776906,3.2054396,3.096728,3.4314775,3.350633,3.8633099,3.8650863,4.153995,5.3741007,4.3851495,3.6241953,3.20935,3.1244245,2.6123068,2.6814237,3.6910934,2.8912504,3.0898867,3.4359467,3.1865015,3.357666,3.3883934,3.4593842,3.2455604,3.4731793,3.310855,2.5335896,3.9815392,4.7397113,4.1921225,4.194125,4.7611723,4.890289,4.8682046,4.833934,3.5805893,3.7880476,3.3082364,3.3082364,3.7276628,3.6215878,3.2080202,3.381713,4.3448,4.4327183,3.5999382,3.7210648,3.7228413,3.7341876,3.6652536,3.7546823,3.6436048,3.6815972,3.757326,3.6025138,3.8452103,3.8855636,4.110808,4.1311073,3.6547866,3.531988,3.7039006,3.6479657,3.7103739,4.0608974,3.9213738,3.893475,3.7149792,3.7227333,3.4990687,3.8544388,3.70464,3.66897,3.7694683,3.632793,4.570154,4.593856,4.512041,4.633734,3.8586845,3.9959137,4.033224,4.079361
16,2.2084804,2.2173643,2.2562065,2.4243433,3.6420562,3.5694892,3.382204,3.392804,2.3866959,2.1930275,2.686802,2.8857713,2.6951582,2.6875718,3.3776724,3.2757897,0.0,0.3219614,1.7355144,1.2040727,3.4042974,3.503019,3.4162061,2.6232076,3.3494625,2.7391765,2.613041,2.3326397,2.6384237,2.6384237,2.7345128,2.7093368,3.333175,3.39218,2.0237494,2.2767587,2.1250567,2.137363,2.3974698,1.8196607,2.2511246,2.1294096,2.735344,2.8766234,2.1035864,1.9793236,2.091894,1.7689708,2.712089,2.619266,3.6338005,3.156087,4.094162,4.69079,3.5696957,2.793655,2.165174,2.1296263,1.8287096,1.8373557,2.8079941,2.4809349,2.2351706,2.6274104,2.3391588,2.316092,2.4565117,2.6094835,2.6428664,2.480026,2.413334,2.6057003,3.6075597,4.1210694,3.6238062,3.619368,3.9502664,4.074057,3.9203372,3.8943458,3.1728582,2.7395148,3.0189247,3.0189247,2.5340528,2.3808172,2.4981248,2.442632,2.9744039,3.369271,2.2160332,2.445124,2.2502873,2.2598958,3.473931,3.0885792,3.4161777,3.4191308,3.52429,3.3459089,3.4661968,3.4961467,3.8813782,3.8019629,3.4215198,3.4762986,3.6289656,3.5252838,3.374311,3.7143817,3.5291078,3.4840348,3.2595892,3.2682502,3.852977,3.3072944,3.2604067,3.2087371,3.2879062,3.2051647,3.6703951,3.686564,3.6147487,3.6805122,3.6395116,3.7110686,3.675906,3.7147706
17,2.3754175,2.3783371,2.4143949,2.6144664,3.6456978,3.5461872,3.4500427,3.4621842,2.5201426,2.339148,2.7714746,2.96207,2.776795,2.8783047,3.508969,3.3954496,0.3219614,0.0,1.7360002,1.2415897,3.6289887,3.7388957,3.653477,2.8935862,3.5366209,2.8820903,2.7357693,2.438346,2.6486306,2.6486306,2.7371874,2.7173655,3.3407378,3.4030595,2.1594503,2.3791873,2.2293174,2.2405002,2.516725,2.0024867,2.3187964,2.2065306,2.7574587,2.9556618,2.1664839,2.0400043,2.208433,1.7790056,2.8186371,2.7208776,3.7939434,3.2315288,4.3151207,4.8811464,3.6043067,2.88386,2.2697284,2.2272067,1.9725069,1.9710455,2.9282622,2.6013055,2.3537786,2.7291315,2.4020028,2.3923883,2.5681045,2.678627,2.7224092,2.5464168,2.507773,2.7127516,3.749786,4.22322,3.7594497,3.7544978,4.0799036,4.2091894,4.0479393,4.023917,3.3138402,2.8657033,3.1251495,3.1251495,2.684703,2.5265098,2.681731,2.6033952,2.9835942,3.4645915,2.2923226,2.5054288,2.3460367,2.3580403,3.5784707,3.0410645,3.637443,3.628643,3.7377822,3.5500705,3.6619775,3.6875482,4.034996,3.9577177,3.6014547,3.6674974,3.8259974,3.7217207,3.5567834,3.8768365,3.709433,3.6649032,3.4702244,3.4594996,4.041286,3.503847,3.4495761,3.3935103,3.4715645,3.3906088,3.825772,3.8463292,3.7713058,3.8389237,3.7896404,3.8732593,3.8438876,3.8830335
18,2.6868622,2.7766302,2.5974836,2.8769777,3.8031545,3.6038187,3.496026,3.5310278,2.9450524,2.5723422,3.7055957,3.8122032,2.4543192,2.9632208,3.77875,3.7124698,1.7355144,1.7360002,0.0,0.7763458,3.635419,3.691331,3.598417,3.3700247,3.2898533,2.6613078,2.5253966,2.2542512,2.7874548,2.7874548,2.823575,2.7976973,3.1402292,3.2811875,3.0539486,3.135594,2.9766152,3.0088854,3.1203172,2.639909,2.7605202,2.7245598,3.1627996,3.3357277,2.8336058,2.8138218,2.735698,2.8732004,2.9338386,3.0135262,4.266881,3.9192393,4.4384456,4.521168,4.4586463,3.3616323,2.814055,2.731083,2.5257945,2.5193963,3.4442618,2.9344144,2.823229,3.0282767,2.9472237,2.9099824,2.9705963,3.1235175,2.9612532,2.8296797,3.0086975,3.2790198,4.038326,4.464858,4.0216675,4.0253086,4.4189324,4.577375,4.3987956,4.3741765,3.5653667,3.0838742,3.3105395,3.3105395,3.1070056,2.991332,2.9836905,2.9571137,2.3899322,2.8078122,2.7837713,2.6464558,2.8881912,2.905444,3.9809487,3.4898915,3.9557211,3.9699907,4.106015,3.904088,3.9376497,3.9381795,3.7277808,3.6221268,3.9303453,3.9597604,4.053277,4.0489883,3.8809292,4.435589,4.1962476,4.063516,3.7157474,3.706269,4.1997495,3.7367404,3.6551185,3.5632067,3.6280327,3.5296307,4.20658,4.242707,4.098626,4.198557,4.1956706,4.2769523,4.1821833,4.2020006
19,2.566599,2.6289287,2.5680728,2.8011441,3.7867403,3.6300373,3.4883635,3.5140314,2.7890882,2.5116346,3.3614137,3.521786,2.6147819,2.8371766,3.7542171,3.7003121,1.2040727,1.2415897,0.7763458,0.0,3.4355206,3.4826114,3.3968105,3.0082934,3.241715,2.678636,2.5593839,2.2962964,2.7093217,2.7093217,2.7283876,2.7032251,3.1812027,3.3072665,2.7147326,2.822408,2.7329543,2.7599113,2.9152184,2.310313,2.685201,2.617186,3.035575,3.299083,2.590637,2.5283568,2.4799132,2.6053483,3.0066216,3.0193102,3.9906642,3.591783,4.3203664,4.531856,4.1515446,3.1735597,2.653626,2.5834715,2.3681927,2.3741982,3.218816,2.8411908,2.6268466,2.884872,2.876481,2.7625968,2.8864765,3.0403647,2.9461508,2.7678666,2.8793828,3.1204805,3.9134111,4.2721786,3.9033914,3.903356,4.274187,4.3692207,4.2389145,4.2138824,3.482146,3.0034359,3.2922769,3.2922769,2.8964207,2.798912,2.7973788,2.7922442,2.5399683,2.9343069,2.6078389,2.6403828,2.6591945,2.6699703,3.885965,3.4359367,3.7928267,3.8051038,3.9521852,3.7472007,3.774657,3.7791429,3.7766647,3.640216,3.757634,3.8011258,3.8810174,3.8826509,3.7647412,4.211053,3.968073,3.8564548,3.5688434,3.572135,4.1204877,3.5741332,3.5250142,3.4598415,3.5160437,3.421094,4.0156727,4.0372806,3.9342294,4.000493,4.053077,4.122913,4.016968,4.040457
20,3.1363492,3.2690697,2.9947512,3.1383128,4.634728,4.5841064,4.188221,4.1957297,2.7275624,2.8811004,2.996073,3.2976403,3.3141022,2.6373518,3.4412196,3.546817,3.4042974,3.6289887,3.635419,3.4355206,0.0,0.48056433,0.4611721,1.7855265,2.6222913,2.7283163,3.0745394,2.8318963,3.6462479,3.6462479,3.6329486,3.6077242,4.7396812,4.7727957,3.1239111,3.3727543,3.2639256,3.2731922,3.4398086,3.1838963,3.7135231,3.7102602,4.441567,4.0419016,3.7701056,3.785812,3.1790545,3.9141676,3.915532,3.7537074,2.9377747,3.1150765,2.8201678,3.1738706,4.5999727,3.4998677,3.2877278,3.2436454,3.057864,3.1177323,3.274782,3.3329368,3.0623732,3.290044,3.2824972,3.2261794,3.1524773,3.2790284,3.580206,3.4921985,3.1967502,3.2655468,2.9673247,3.5609343,2.8965936,2.9031508,3.7874415,3.816511,3.7993922,3.7659137,2.903311,3.0977943,2.8008263,2.8008263,3.2629602,3.0594969,3.1966898,3.0963442,3.600719,3.1433744,3.3891783,3.765767,3.1139734,3.0912209,3.546891,4.39599,2.86967,2.6750593,2.9091458,2.8427775,2.9771528,2.9691343,2.759235,2.6535459,3.04324,2.9745867,3.150355,2.9687512,2.9265757,2.933038,3.279249,3.0950787,2.7353437,2.7202134,2.560249,2.6992455,2.6152444,2.5701427,2.6950955,2.6834452,3.2127438,3.2377198,3.1359537,3.2144449,3.144231,3.2405736,3.1174464,3.1551526
21,3.2104466,3.3434737,3.147645,3.228704,4.6178007,4.601797,4.2428546,4.2501955,2.8548985,3.0025928,3.2398336,3.5325313,3.4646509,2.6295118,3.5070024,3.6493363,3.503019,3.7388957,3.691331,3.4826114,0.48056433,0.0,0.15731615,1.8866364,2.7558398,2.8441527,3.1938808,2.9877179,3.8165166,3.8165166,3.7891235,3.7631283,4.880804,4.9242334,3.254334,3.4937184,3.4157622,3.4257135,3.5543444,3.2485192,3.7742708,3.7572565,4.4878583,4.1847124,3.8339248,3.854979,3.2950926,4.055275,4.0834107,3.9340017,3.0141318,3.2795184,2.9896562,3.2517796,4.7658706,3.664234,3.443689,3.4043014,3.2067807,3.279109,3.3342412,3.4756253,3.2279494,3.4187033,3.4908729,3.42047,3.3257885,3.5128474,3.785922,3.6898403,3.4068499,3.4812021,3.2387486,3.7337534,3.1943924,3.2026706,4.0450664,4.074814,4.055073,4.0214596,2.9853015,3.2384708,2.9614668,2.9614668,3.3619628,3.1925635,3.2331607,3.183024,3.6655903,3.1966376,3.5500731,3.944424,3.2918231,3.2698884,3.7786655,4.6054273,2.9959815,2.8498168,3.040608,2.989473,3.145627,3.1358042,2.9596255,2.8218424,3.2548454,3.172031,3.254467,3.146768,3.120717,3.1293504,3.4711163,3.2897441,2.8773084,2.917268,2.695341,2.8701339,2.7828557,2.7726781,2.860079,2.8572586,3.451413,3.4808526,3.3741434,3.4543886,3.4229493,3.4932177,3.3616428,3.3917842
22,3.1062934,3.2413387,3.0438747,3.128061,4.5547085,4.5378094,4.1736326,4.1805296,2.7733717,2.8979962,3.211497,3.5058985,3.3835704,2.5620894,3.424601,3.558533,3.4162061,3.653477,3.598417,3.3968105,0.4611721,0.15731615,0.0,1.8082708,2.702906,2.7790787,3.124461,2.9067168,3.7683287,3.7683287,3.7446907,3.7191067,4.7921205,4.8338766,3.1848433,3.423154,3.3371398,3.3470733,3.4686038,3.156879,3.6671462,3.649854,4.393234,4.089552,3.7547483,3.7773535,3.206732,3.9570827,3.9706507,3.828144,2.943282,3.2131748,2.9206364,3.2289345,4.690174,3.5876777,3.3400521,3.298959,3.1150913,3.1822815,3.2660875,3.3764954,3.1195247,3.31759,3.4010322,3.3354447,3.2368562,3.4310732,3.6886687,3.5944388,3.320879,3.3942158,3.1718564,3.6878152,3.1331973,3.1403394,4.0000896,4.036907,4.01048,3.976757,2.893155,3.1465306,2.8753939,2.8753939,3.275957,3.0974019,3.1390004,3.0785549,3.6143632,3.1557019,3.4578393,3.8461204,3.196644,3.1764452,3.7050378,4.5214334,2.9108446,2.7667522,2.9548008,2.9012609,3.0602372,3.0505488,2.9103181,2.7757652,3.163754,3.0832536,3.1667087,3.0641491,3.034714,3.0782044,3.3953168,3.2143686,2.7943199,2.8276784,2.6140015,2.7937372,2.689875,2.677332,2.768385,2.7604675,3.400991,3.4311464,3.3238556,3.4106119,3.350807,3.4301028,3.29769,3.3316028
23,2.3807073,2.5029643,2.49984,2.575889,4.3940845,4.414495,3.6611204,3.655159,2.2865503,2.3370523,2.6321568,2.9061127,3.0918477,2.4816236,3.277575,3.2392268,2.6232076,2.8935862,3.3700247,3.0082934,1.7855265,1.8866364,1.8082708,0.0,2.787977,2.8596165,2.9623652,2.7991054,3.6038084,3.6038084,3.6890252,3.6643846,4.1916304,4.21161,2.3335931,2.5692434,2.5631487,2.568548,2.8132482,2.3871012,3.1349678,3.078367,3.575871,3.3426075,3.1485283,3.1215074,2.5565917,3.0290086,3.3763683,3.2177007,2.822508,3.1018538,2.451328,3.4522035,3.7718215,3.1620407,2.6417215,2.6591306,2.3221295,2.3504686,2.8488138,2.850086,2.526742,2.9130864,2.8250804,2.8262722,2.6624284,2.8307028,3.1353865,3.0173342,2.7308946,2.8250616,2.547732,3.1345685,2.6609933,2.651738,3.14862,3.2516022,3.1451988,3.1070194,3.0436249,2.8961356,2.9287164,2.9287164,2.7197664,2.6014705,2.5407438,2.5952826,3.894293,3.5537982,2.6794338,3.1034892,2.4980516,2.4742594,3.1877768,4.003652,2.3501115,2.3619363,2.4959924,2.3269246,2.5382764,2.6003008,3.1839359,3.0981925,2.5644472,2.5961647,2.7372086,2.5984397,2.4827752,2.620814,2.6992602,2.6509066,2.3341627,2.3457007,2.85523,2.4052436,2.2142055,2.2066643,2.3319895,2.2589548,2.9450858,2.9852676,2.9111283,3.0100653,2.9622822,3.0226603,2.9429517,3.0043795
24,2.3922534,2.4791226,2.1526775,2.2080388,4.3433113,4.28694,3.5287285,3.5523095,2.6764648,2.4783235,3.0022721,3.2595348,2.5842912,2.2528431,3.769905,3.7601776,3.3494625,3.5366209,3.2898533,3.241715,2.6222913,2.7558398,2.702906,2.787977,0.0,1.0867975,1.5692463,1.586942,2.6899874,2.6899874,2.5492368,2.520793,3.055314,3.1039133,2.6891015,2.971091,2.5371358,2.5758543,2.8458006,3.2233236,3.3239424,3.2499266,3.939848,3.2931397,2.8109045,2.8318756,2.2130625,3.38658,2.7971222,2.830084,2.975955,3.2435632,2.5814202,2.7178435,4.3521566,2.9530458,2.676832,2.6099164,2.329158,2.3416016,3.0265496,2.555889,2.5296016,2.6595788,2.94295,2.554966,2.5097444,2.66819,2.5321255,2.5571477,2.51607,2.7582543,2.7812839,3.4225035,2.3232133,2.3579042,3.244783,3.2551668,3.2915154,3.265459,3.0073636,2.6677067,2.844506,2.844506,2.6141546,2.570827,2.5038948,2.6218984,2.8502936,2.2910995,2.6936078,2.823328,2.5307894,2.5125897,2.3757048,3.3858497,2.484662,2.36935,2.5667346,2.4809706,2.1170502,2.0978754,2.2508097,2.0420146,2.4858851,2.4487808,2.7054443,2.5407832,2.603351,3.1577628,2.8268368,2.653072,2.0594847,2.1613908,2.6381328,2.0959854,2.1528213,2.2340608,2.1561213,2.0949073,2.6464531,2.6163847,2.5550635,2.5301633,2.9438472,2.9329698,2.6893559,2.72471
25,1.9115553,2.0067475,1.7329341,1.7486227,3.6837485,3.6126409,3.1493998,3.1767914,2.2464745,1.988473,2.685278,2.9529746,2.2189798,1.8314146,3.3809993,3.3646235,2.7391765,2.8820903,2.6613078,2.678636,2.7283163,2.8441527,2.7790787,2.8596165,1.0867975,0.0,0.98690426,0.7369691,2.1070368,2.1070368,1.9498098,1.9195583,2.888445,2.9476752,2.2142506,2.5631163,1.9486014,1.99025,2.3656502,2.7805123,2.6884708,2.5574331,3.4338624,2.842118,2.1384215,2.1550329,1.7052035,2.7344093,2.3796937,2.4245718,2.9906237,2.9682517,2.995652,3.1127415,4.06676,2.5277493,2.1603906,2.063121,1.7649862,1.7917103,2.6732585,2.1383958,2.1483908,2.2952967,2.3741102,2.074378,2.0665293,2.2351625,2.189956,2.1652753,2.106961,2.460817,2.897299,3.5490336,2.4934058,2.5242553,3.4082253,3.5416822,3.4470844,3.4221263,2.619126,2.3343244,2.421732,2.421732,2.3303611,2.2061653,2.2560186,2.2805996,2.1901503,1.9973478,2.303581,2.4676566,2.1642685,2.157082,2.309178,2.915731,2.6192138,2.520999,2.6382132,2.5538528,2.4071693,2.388106,2.517766,2.3557563,2.7152026,2.678584,2.9500186,2.7454047,2.6742318,3.2155094,3.062195,2.896436,2.226926,2.3386648,2.683773,2.3298032,2.277949,2.351005,2.2916589,2.2458389,2.8411648,2.8564832,2.725153,2.7744675,3.0093894,3.0388503,2.875108,2.9167566
26,1.9031831,1.8579772,1.8531414,1.9301037,3.7236059,3.6815653,3.1353366,3.1645775,2.2619178,1.9731637,2.738917,2.6119003,2.053212,1.9968127,3.4858832,3.3498473,2.613041,2.7357693,2.5253966,2.5593839,3.0745394,3.1938808,3.124461,2.9623652,1.5692463,0.98690426,0.0,0.92241865,1.7690179,1.7690179,1.9213121,1.8832308,2.8043897,2.8889358,2.0578315,2.1843922,1.8841423,1.9501684,2.2932608,2.709299,2.6250682,2.4945443,2.879384,2.5800152,1.9514749,1.996091,1.5805495,2.6047628,2.4361985,2.5032318,3.3210742,3.1977794,3.3229473,3.451351,4.0412974,2.6989057,2.0698953,1.9780463,1.6755885,1.6823667,2.6313877,2.0761685,2.0865924,2.2503242,2.1945748,1.8742363,1.927841,2.0642054,1.9621708,1.867168,1.8404943,2.2152352,2.8669972,3.6010487,2.754325,2.7758198,3.4221582,3.567246,3.5147052,3.4911857,3.0101035,2.60904,2.5095475,2.5095475,2.0833967,2.3079712,2.3570242,2.3989983,1.9284018,1.8592366,2.0600917,2.064942,2.218064,2.2159393,2.2457976,2.8041017,2.593451,2.70833,2.90456,2.744428,2.5736642,2.5731895,2.531202,2.619177,2.6040802,2.5557847,2.8835292,2.6652207,2.8305364,3.3718345,3.2055585,3.0375767,2.4351783,2.5267267,3.0223813,2.5379958,2.5072315,2.4781897,2.531377,2.4372263,3.006127,3.0208678,2.8627207,2.9342287,3.1223233,3.132219,2.9825597,3.0344262
27,1.6445405,1.7417006,1.651807,1.7304156,3.5372682,3.4271832,3.014024,3.0396686,2.0718625,1.7528704,2.466064,2.728615,2.0936122,1.8634728,3.3122106,3.2349312,2.3326397,2.438346,2.2542512,2.2962964,2.8318963,2.9877179,2.9067168,2.7991054,1.586942,0.7369691,0.92241865,0.0,1.7740685,1.7740685,1.6982046,1.6864363,2.7986455,2.8692496,1.9100447,2.1771472,1.6026306,1.6390169,2.0398612,2.4176576,2.4310784,2.292376,3.0078394,2.6820478,1.8838354,1.9136447,1.4322826,2.299992,2.2716725,2.3309777,3.0664752,2.8508654,3.1259813,3.3179636,3.745852,2.3468282,1.8005267,1.6987561,1.436046,1.4284893,2.533685,1.9170629,1.8321646,2.0747452,2.0642798,1.8732879,1.903884,2.0381098,2.0394797,1.9030352,1.9216864,2.3020332,2.8620875,3.4092367,2.543122,2.5616875,3.3257952,3.5014353,3.3554964,3.3317208,2.6429815,2.2449071,2.4211743,2.4211743,2.1937551,2.0272005,2.238078,2.1681392,1.9998196,2.0342135,2.040948,2.2070854,1.8977361,1.8960286,2.344029,2.6569226,2.6340384,2.5993814,2.7147355,2.539133,2.5430648,2.53819,2.6378644,2.4962015,2.636646,2.6352568,3.0279405,2.7630563,2.6861768,3.2279134,3.1195898,2.9605343,2.38655,2.4201045,2.875479,2.4749115,2.2791686,2.3077686,2.315787,2.221081,2.8438125,2.894437,2.7337728,2.8303134,2.891317,2.9834952,2.8686242,2.932644
28,2.918199,2.8519356,2.9343562,3.0537767,4.260619,4.2378974,4.0121975,4.0399795,3.2212946,3.0899396,2.3337831,2.2052875,3.1631384,3.1765318,4.166661,4.036488,2.6384237,2.6486306,2.7874548,2.7093217,3.6462479,3.8165166,3.7683287,3.6038084,2.6899874,2.1070368,1.7690179,1.7740685,0.0,0.0,0.7702038,0.7504899,3.1749532,3.2525203,2.2556438,2.2816648,2.2503295,2.304785,2.487354,2.8104615,3.3527849,3.2787538,3.4345455,3.5953975,2.074199,2.2102382,2.139974,2.773403,3.1556034,3.1671057,3.7439067,3.3539655,4.2803464,4.464188,4.2892523,3.291317,2.5303512,2.5162175,2.3145955,2.3170333,2.9052322,2.481336,2.646243,2.8419807,2.6622486,2.3810477,2.4538434,2.6217713,2.5176094,2.3193781,2.3471913,2.4917753,3.5789266,4.013612,3.4034574,3.41987,3.9975357,4.119025,4.0786605,4.061427,3.4437506,3.0314033,3.0546336,3.0546336,2.5400906,2.6988165,3.3442624,3.1699626,2.2499304,2.505534,2.5339198,2.6685033,2.6358407,2.6188984,2.9483173,2.8359547,3.3159413,3.3585205,3.634444,3.4341102,3.3824923,3.371875,3.209039,3.2860785,3.2729387,3.195351,3.710558,3.358158,3.5212262,3.8802586,3.8654625,3.7157247,3.2827334,3.256864,3.73536,3.283035,3.2943969,3.2305634,3.3138132,3.234218,2.943577,2.9877405,2.8286605,2.8799157,2.9694023,2.9747822,2.883604,2.9243424
29,2.918199,2.8519356,2.9343562,3.0537767,4.260619,4.2378974,4.0121975,4.0399795,3.2212946,3.0899396,2.3337831,2.2052875,3.1631384,3.1765318,4.166661,4.036488,2.6384237,2.6486306,2.7874548,2.7093217,3.6462479,3.8165166,3.7683287,3.6038084,2.6899874,2.1070368,1.7690179,1.7740685,0.0,0.0,0.7702038,0.7504899,3.1749532,3.2525203,2.2556438,2.2816648,2.2503295,2.304785,2.487354,2.8104615,3.3527849,3.2787538,3.4345455,3.5953975,2.074199,2.2102382,2.139974,2.773403,3.1556034,3.1671057,3.7439067,3.3539655,4.2803464,4.464188,4.2892523,3.291317,2.5303512,2.5162175,2.3145955,2.3170333,2.9052322,2.481336,2.646243,2.8419807,2.6622486,2.3810477,2.4538434,2.6217713,2.5176094,2.3193781,2.3471913,2.4917753,3.5789266,4.013612,3.4034574,3.41987,3.9975357,4.119025,4.0786605,4.061427,3.4437506,3.0314033,3.0546336,3.0546336,2.5400906,2.6988165,3.3442624,3.1699626,2.2499304,2.505534,2.5339198,2.6685033,2.6358407,2.6188984,2.9483173,2.8359547,3.3159413,3.3585205,3.634444,3.4341102,3.3824923,3.371875,3.209039,3.2860785,3.2729387,3.195351,3.710558,3.358158,3.5212262,3.8802586,3.8654625,3.7157247,3.2827334,3.256864,3.73536,3.283035,3.2943969,3.2305634,3.3138132,3.234218,2.943577,2.9877405,2.8286605,2.8799157,2.9694023,2.9747822,2.883604,2.9243424
30,2.9439573,2.947922,2.978667,3.0744293,4.1878023,4.120094,3.9912534,4.0183377,3.2721672,3.1507494,2.3881729,2.5936077,3.2894573,3.1814072,4.254867,4.1916614,2.7345128,2.7371874,2.823575,2.7283876,3.6329486,3.7891235,3.7446907,3.6890252,2.5492368,1.9498098,1.9213121,1.6982046,0.7702038,0.7702038,0.0,0.13236032,2.9831572,3.0545752,2.3879013,2.517537,2.2673185,2.3163898,2.5250266,2.9078383,3.4080143,3.3272755,3.7030964,3.804203,2.066095,2.1773508,2.0831997,2.843758,3.2433996,3.2423763,3.645268,3.249912,4.248378,4.383643,4.24797,3.2126312,2.6286283,2.6061013,2.4213834,2.4269657,3.005761,2.6038907,2.7253788,2.9043858,2.9130752,2.5769575,2.656801,2.8157048,2.7118835,2.530201,2.5983598,2.785345,3.7190464,3.9564588,3.3489552,3.369568,4.134653,4.2505794,4.174822,4.158248,3.3546162,2.983199,3.158073,3.158073,2.7332778,2.7362483,3.3273733,3.188691,2.3478434,2.6005063,2.687683,2.912459,2.6091037,2.588308,3.021318,2.8492093,3.4820285,3.4268,3.6544774,3.4701388,3.3724265,3.3369565,3.3450804,3.255497,3.4555554,3.409519,3.82676,3.5564554,3.5805569,3.9188595,3.9173975,3.7724624,3.291424,3.265602,3.7171419,3.2850547,3.256447,3.2774138,3.2623286,3.2034624,2.9412363,2.9992611,2.8606827,2.8973064,3.0892951,3.118255,2.9738333,3.010974
