,0,1,2,3,4,5,6,7,8,9,10,11,12,13,14,15,16,17,18,19,20,21,22,23,24,25,26,27,28,29,30,31,32,33,34,35,36,37,38,39,40,41,42,43,44,45,46,47,48,49,50,51,52,53,54,55,56,57,58,59,60,61,62,63,64,65,66,67,68,69,70,71,72,73,74,75,76,77,78,79,80,81,82,83,84,85,86,87,88,89,90,91,92,93,94,95,96,97,98,99,100,101,102,103,104,105,106,107,108,109,110,111,112,113,114,115,116,117,118,119,120,121,122,123,124,125,126,127
0,0.0,2.0900013,2.2470505,2.989097,2.3803926,3.3800642,2.3711913,2.416839,3.1917474,4.537241,3.487644,3.6445348,4.491215,4.5028033,5.2205586,5.1172957,3.59989,3.7166145,3.5481591,3.5573728,3.7958615,3.775885,3.7621887,3.764463,3.8400977,3.7859952,4.28177,4.590814,4.019751,3.8830469,4.7965026,3.8135972,3.346861,3.414508,4.8092523,4.693295,3.707206,3.6414092,4.8484898,4.7696047,3.970861,3.9716287,3.759128,3.7166464,3.0574894,3.056977,3.204749,3.305864,3.8532453,3.9292336,3.6678169,3.6739755,3.6497307,2.6445897,3.8175957,3.5176132,4.0379586,3.6818094,3.3545308,3.2458422,3.6829154,4.5439887,3.5169668,4.078168,4.1115117,3.7203045,3.687678,4.6713476,3.6091034,3.56908,3.3569643,3.9193025,3.6902597,3.5327632,3.6290374,3.4831254,3.1510653,3.7638755,3.7891552,4.538836,4.1567135,4.167569,4.358788,4.2242775,3.9939861,4.0075264,4.3787794,5.3922195,4.1505113,4.0774198,4.468253,4.8011303,4.9116607,4.957163,4.794529,4.818959,4.206552,4.0805564,3.9504254,4.0150394,4.144973,4.115456,4.024248,4.876134,4.1495523,4.2614803,5.2727575,4.1636667,4.2471805,4.1637073,4.187878,4.345865,4.2144012,4.2163453,4.1802635,4.273413,4.046669,4.020453,4.1974893,4.2467604,4.641499,4.6235094,4.4148684,4.44571,4.5200853,4.5012503,4.388417,4.543792
1,2.0900013,0.0,0.88572174,1.1581002,1.2752588,2.6639936,1.219257,1.2359823,2.8760488,3.9511414,2.980213,3.0728192,4.472586,4.4790254,5.1648135,5.0808997,3.2079077,3.3803775,2.9393036,2.9570923,3.1295745,3.0906265,3.093597,3.0943058,3.0591075,3.045368,3.4916303,3.4710026,3.2515423,3.0771906,3.7080755,3.071066,2.9557567,2.9691536,3.5894701,3.4582667,3.0805235,2.990906,3.6778681,3.6924095,3.4157827,3.422785,3.3729372,3.3085287,2.7127788,2.7332635,2.5591288,2.6297927,3.0509434,3.282801,2.9281828,2.8880985,3.0495932,1.6832972,3.2093625,2.968381,3.3074005,3.075176,2.495505,2.4529283,3.0533643,3.937691,3.7351727,3.6530778,3.6959665,3.4090362,3.0940578,4.2022004,3.1359472,3.0985994,3.0023072,3.9736688,3.0389998,3.006654,3.0658965,2.8736858,3.1092231,3.1895983,3.8211868,4.5322614,3.5218222,3.5065966,3.6605117,3.6405392,3.2939188,3.3052602,3.684787,4.251635,3.483301,3.4563315,3.9540465,4.2803373,4.3992243,4.6302433,4.3458734,4.46954,3.701974,3.614262,3.488554,3.5326617,3.7257366,3.713686,3.581864,4.475281,3.6690466,3.5777864,4.1924515,3.6357145,3.5515711,3.4140675,3.417863,3.5708404,3.6471808,3.6146104,3.6654847,3.7200928,3.4887543,3.4903154,3.6828558,3.7239125,4.078171,4.0590215,3.862535,3.89448,3.9529219,3.9350593,3.8299701,4.0576606
2,2.2470505,0.88572174,0.0,1.3128403,1.2661186,2.5067253,1.3104284,1.3461388,2.7029822,3.8243499,2.9600282,3.0778413,4.6107383,4.6541734,5.20224,5.1118355,3.0462484,3.2130861,2.7901936,2.8014288,3.0667198,3.043438,3.040228,3.0422785,3.0042841,3.0194113,3.2496645,3.5012522,3.1916683,2.9888163,3.5631392,2.9756463,2.8417497,2.7477899,3.482526,3.3425388,2.8714242,2.7913525,3.6659694,3.563112,3.2095857,3.2144403,3.2943106,3.2263238,2.68293,2.6487954,2.5556302,2.631041,3.3438878,3.1922271,2.8125334,2.7843606,2.832776,1.2776662,2.9701045,2.7318459,3.1167417,2.9379518,2.2052436,2.1865976,2.890366,4.3290453,3.633222,3.430686,3.5743785,3.3510814,3.0097263,4.1260624,3.0242634,2.9718091,2.8972476,3.6807706,2.9221003,2.8771932,2.9635222,2.7745442,2.9421563,3.04431,3.3574748,4.145881,3.4249997,3.4395642,3.5669482,3.5360758,3.261517,3.2822914,3.6604435,4.2831354,3.4466662,3.4156625,3.909737,4.2479796,4.3089695,4.591789,4.3239865,4.4331284,3.5644047,3.4781928,3.3276181,3.3685532,3.560621,3.5513384,3.418987,4.3770013,3.5496728,3.4205852,4.0336833,3.509878,3.430873,3.279331,3.288972,3.5175428,3.5189471,3.5027363,3.5294926,3.5854971,3.3749874,3.373346,3.5777376,3.6159878,3.9956055,3.9758353,3.7358994,3.7703793,3.943773,3.92346,3.7190251,3.9210522
3,2.989097,1.1581002,1.3128403,0.0,1.5991099,2.9293604,1.5838039,1.6669487,3.1685848,4.069249,3.3352776,3.4177194,5.0653095,5.0729637,5.6681113,5.593457,3.4783628,3.6210024,3.0887506,3.0978575,3.1486502,3.1270075,3.110662,3.1120074,3.1233468,3.1339998,3.5010831,3.4807813,3.3267288,3.13961,3.3267453,3.1886196,3.2172961,3.204149,3.7691076,3.6701822,3.2624319,3.178981,3.9075139,3.8651822,3.5566769,3.5584183,3.625678,3.558416,2.786968,2.814944,2.8271863,2.8547008,3.2277842,3.5268328,3.138858,3.0877004,3.2639632,1.9785241,3.4379485,3.2006056,3.3838055,3.256016,2.5769184,2.5671873,3.1507046,4.1339674,4.4605293,3.8863025,3.8423996,3.6514847,3.363577,4.3757715,3.3817205,3.3587692,3.3463144,4.103778,3.2746708,3.2545187,3.3070426,3.115254,3.5442228,3.2433817,4.063018,4.747401,3.7090473,3.6895418,3.8079538,3.7809002,3.497254,3.5169694,3.8577816,4.4370046,3.6318512,3.6387587,4.1182575,4.403248,4.500562,4.7572503,4.5293727,4.6107306,3.6820347,3.5612087,3.5033803,3.5210426,3.7206671,3.7138445,3.615216,4.4856434,3.7085786,3.5782535,3.7042785,3.6756904,3.5921829,3.4444914,3.4694943,3.5529537,3.5974855,3.585657,3.652634,3.673615,3.500408,3.5068173,3.6703436,3.6993144,4.038885,4.024076,3.8323138,3.8624988,3.929669,3.9144435,3.7923403,4.026477
4,2.3803926,1.2752588,1.2661186,1.5991099,0.0,2.7986324,0.2820535,0.4324563,3.0804536,4.16057,3.6279054,3.7603736,4.7543387,4.7769027,5.4389725,5.331805,3.3295467,3.4510715,3.0383043,3.0561357,3.2005677,3.2255867,3.1543777,3.1583576,3.282577,3.2616835,3.5849593,3.6258378,3.469193,3.2339141,3.7486596,3.1889753,3.1960976,3.1652782,3.8215413,3.740921,3.2540627,3.1696944,3.9843113,3.9449034,3.6257195,3.6198006,3.0532742,2.983312,2.933381,2.915902,2.8549588,2.9459193,3.3393593,3.5548077,3.2689667,3.2166836,3.2321668,1.8301893,3.3760772,3.1235473,3.4594228,3.2262042,3.0947967,3.0267162,3.4271615,4.907593,4.153085,4.0271215,3.7005181,3.5265555,3.3402474,4.3066845,3.2521849,3.2007039,3.190246,3.9302557,3.1098459,3.0724201,3.167817,2.9648538,3.272439,3.4212837,3.727258,4.492934,3.6054268,3.6097806,3.726219,3.6982412,3.4696674,3.4896195,3.869142,4.482298,3.5661485,3.5287213,4.063089,4.3623347,4.4111156,4.655972,4.432883,4.5283704,3.8034992,3.67314,3.561799,3.5874956,3.7686007,3.7554202,3.677151,4.5465636,3.7566323,3.6404932,4.246436,3.6603885,3.6583383,3.501281,3.5377097,3.716381,3.6821659,3.6746264,3.69654,3.7021105,3.5831058,3.596381,3.785257,3.6909823,4.0457506,4.0351014,3.8774788,3.9136014,3.9893396,3.9739146,3.830431,4.070077
5,3.3800642,2.6639936,2.5067253,2.9293604,2.7986324,0.0,2.8614883,2.8359354,2.9560287,4.966531,3.0990756,3.1641464,5.2577467,5.302139,5.6442466,5.5313673,3.8537526,4.0799565,3.828391,3.84766,4.007234,3.8584204,4.0270686,4.0334783,4.0306997,3.974371,4.0605345,3.549338,3.918751,3.7173722,4.1363206,3.6744938,3.539161,3.4839735,4.043089,3.8841684,3.6613393,3.5642874,4.3184085,4.163742,3.9778707,3.9965308,4.14936,4.0620594,3.7161257,3.7212648,3.4213204,3.5123024,4.037987,4.005904,3.887528,3.850843,3.8908305,3.0378878,3.9433243,3.8253074,4.1043625,4.0224867,3.4100716,3.326906,3.7210848,3.9325178,2.9027588,2.9866304,4.0633945,3.9552295,3.6019228,4.4014163,3.8249357,3.81664,3.7198305,4.366877,3.7890847,3.7580762,3.7179167,3.4353359,3.7310634,3.9707968,4.048132,4.7167463,3.244656,3.2105436,3.2867873,3.2630267,3.0026486,3.0239737,3.326265,3.8893213,3.3405313,3.2905166,3.6613812,3.9835403,4.0906887,4.406656,4.166047,4.286212,4.45858,4.3376055,4.1810637,4.220013,4.3398213,4.3430023,4.162769,5.021458,4.3721533,4.2064867,4.844413,4.302819,4.2763515,4.1274633,4.1085954,4.3110766,4.1876354,4.1637754,4.212358,4.2894864,4.0922747,4.0898886,4.275906,4.3556004,4.7958326,4.773364,4.5217495,4.554011,4.767281,4.7508974,4.500326,4.7049785
6,2.3711913,1.219257,1.3104284,1.5838039,0.2820535,2.8614883,0.0,0.30602628,3.2157419,4.265629,3.7199295,3.833397,4.8032627,4.8193336,5.5276093,5.427993,3.4282563,3.5401835,3.1319888,3.152007,3.330092,3.360375,3.2781615,3.281085,3.3777478,3.362649,3.7299347,3.7010376,3.5841703,3.3655968,3.8820345,3.3213012,3.3205135,3.3140557,3.9092822,3.8196545,3.385949,3.3060853,4.037411,4.032903,3.7411513,3.7383983,3.1568997,3.0834136,3.0677912,3.061761,2.9715927,3.0541775,3.3993733,3.6562412,3.3730037,3.3241,3.3518448,1.8200151,3.4770823,3.2376745,3.5703528,3.3262317,3.1860037,3.115616,3.497564,4.903058,4.2211175,4.094862,3.8574295,3.6790032,3.4714963,4.424705,3.369559,3.318975,3.3279808,4.104779,3.2370512,3.2046678,3.3029377,3.1055746,3.39322,3.546588,3.8919673,4.657784,3.738685,3.7520838,3.8590357,3.8486946,3.6029277,3.6210918,3.9983983,4.5638328,3.6884563,3.6479077,4.1746364,4.465144,4.557797,4.792205,4.5616484,4.659526,3.9212282,3.8038292,3.7083664,3.7309315,3.9100814,3.897658,3.809739,4.679455,3.8789423,3.7729623,4.38025,3.8181784,3.7715013,3.629878,3.6477692,3.8332515,3.8220732,3.813115,3.8472002,3.8527899,3.714479,3.7269073,3.9160705,3.8235443,4.234963,4.2251573,4.0573044,4.092084,4.1583242,4.1432104,4.0051775,4.2396736
7,2.416839,1.2359823,1.3461388,1.6669487,0.4324563,2.8359354,0.30602628,0.0,3.2597117,4.299608,3.7326436,3.8668694,4.6998706,4.717229,5.436202,5.340359,3.482815,3.6110957,3.2572067,3.2775705,3.38959,3.4221601,3.3377929,3.3414805,3.4619484,3.439544,3.79406,3.7363727,3.5857832,3.3597636,3.9070642,3.3222756,3.353324,3.3490512,3.8676574,3.77043,3.421627,3.3412533,3.9961476,4.0055604,3.8013918,3.800024,3.2198167,3.1546597,3.1623397,3.148768,3.0142024,3.1128736,3.4356668,3.6339371,3.4114063,3.3617926,3.3942623,1.9004397,3.5309,3.2975254,3.6081328,3.3886151,3.2149575,3.1413648,3.5479527,4.9226494,4.2041287,4.1666813,3.9352345,3.760108,3.4904249,4.4008474,3.3954413,3.3436582,3.3541715,4.213318,3.2475455,3.22774,3.3285706,3.1318274,3.4250376,3.6562147,3.9892988,4.74579,3.7710745,3.7576663,3.8853273,3.861199,3.6139653,3.6297946,3.9547744,4.461906,3.7325034,3.698871,4.2035723,4.4902363,4.5959687,4.8426933,4.6019797,4.716584,3.9564915,3.8517013,3.7434194,3.7665749,3.9493947,3.939185,3.8439417,4.766321,3.906734,3.7812614,4.4285517,3.831836,3.7806346,3.636169,3.6426442,3.87677,3.8485544,3.8362145,3.8732133,3.878079,3.7398329,3.7551222,3.9420528,3.8504474,4.23147,4.219008,4.06578,4.096547,4.1919904,4.175016,4.0170026,4.2553687
8,3.1917474,2.8760488,2.7029822,3.1685848,3.0804536,2.9560287,3.2157419,3.2597117,0.0,2.3640575,1.6186516,1.8158007,3.6715407,3.727198,3.7084227,3.5920494,2.1324673,2.515865,2.2275236,2.2696495,1.9493147,1.8566617,1.96232,1.9603076,2.06821,1.9722134,2.1338534,2.6675258,2.0390105,2.0292423,2.7776222,1.876843,1.2302616,0.9716232,2.9055512,2.736354,1.8564899,1.6602737,3.2105126,2.8490157,2.2627923,2.3164191,2.5936046,2.592395,1.6156377,1.52627,1.2418169,1.2765162,2.5456007,2.156139,1.8041846,1.8040928,1.778807,3.2017288,1.93194,1.6788753,2.056126,2.0372083,2.2544608,2.198234,3.163586,4.091598,3.1557465,2.8873491,2.217187,1.6705593,1.1816055,3.0308876,1.7497089,1.7299507,1.2469134,2.2311797,1.8898455,1.7325497,1.6791347,1.549554,1.2424414,1.5563983,3.0018113,2.9632568,1.7781155,1.6579286,2.0101063,1.7386533,1.4272418,1.4643536,1.9204307,3.3103516,1.9340075,1.8671062,2.35098,2.8715994,2.2068295,2.4676218,2.141508,2.2376695,2.7610016,2.6782098,2.4799926,2.4846797,2.6545515,2.6417096,2.545053,3.581874,2.8170457,2.6379974,3.5251088,2.669846,2.7337844,2.5103285,2.605809,2.730717,2.582861,2.5089822,2.5044932,2.596717,2.375495,2.3246496,2.6169,2.7082212,3.2533867,3.219955,2.9013653,2.9498472,3.203872,3.1788194,2.8883083,3.1514
9,4.537241,3.9511414,3.8243499,4.069249,4.16057,4.966531,4.265629,4.299608,2.3640575,0.0,2.7496095,2.9015503,3.7194831,3.7665818,3.473259,3.4105349,2.529092,2.829522,2.4997616,2.535613,2.0463676,2.1517587,2.0026863,1.9889979,1.943066,1.9772412,2.025569,3.1649318,2.2632952,2.4277968,2.964173,2.3190842,1.9479717,1.728082,2.6174517,2.5277183,2.3689585,2.2323983,2.9992962,2.7501767,2.5826917,2.6350808,2.9919333,3.0500646,2.2786,2.1972778,1.8523074,1.7565227,2.7955072,2.3831542,1.7032063,1.7371056,1.7887108,4.1172514,1.9736743,1.8182162,1.8717448,1.9267818,2.8710349,2.925887,3.8087525,5.2860866,4.793954,4.3927355,2.7286813,2.1484742,1.6326914,3.4326851,1.9587365,1.9284382,1.660585,2.7234306,1.9572644,1.9729604,1.9567131,2.1492631,1.9022894,1.7144032,3.7762575,3.233904,2.7857077,2.7591324,2.9459913,2.8594096,2.7108018,2.7125828,3.0178525,3.7662094,2.9110346,2.918287,3.334279,3.6910071,2.7686746,3.0089915,2.6738157,2.8648474,2.718993,2.865865,2.6341808,2.584345,2.7164998,2.7082403,2.8173952,3.6306224,2.9242408,2.5609157,3.3291845,2.7039738,2.6402593,2.3690422,2.5108006,2.623977,2.7196789,2.6247306,2.6265023,2.6508672,2.543324,2.496406,2.7318306,2.7686076,3.132118,3.1052442,2.7918477,2.8323145,3.1543856,3.130477,2.781115,3.1094878
10,3.487644,2.980213,2.9600282,3.3352776,3.6279054,3.0990756,3.7199295,3.7326436,1.6186516,2.7496095,0.0,0.75410366,3.9748402,4.0079284,3.9291685,3.8339543,2.4091146,2.820967,2.6177661,2.6358857,2.6604698,2.490412,2.6859581,2.6831007,2.438735,2.3893402,2.562311,2.7253318,2.5322714,2.5231621,3.3045404,2.4759698,1.9931805,1.7788624,2.8214736,2.6018198,2.2962456,2.1494756,3.1850617,2.9208665,2.5145216,2.549047,3.5913944,3.5563927,2.2798471,2.2882667,1.7018148,1.7193573,2.7109177,2.75574,2.047507,2.044328,2.2896924,3.5365007,2.5273254,2.4334605,2.6754696,2.5620692,2.2655978,2.3220522,3.1388664,3.1684484,2.7100236,2.8961751,2.9007735,2.364902,1.762763,3.4114335,2.3539438,2.3479993,1.9345498,3.0831518,2.4053802,2.393583,2.2386172,2.1334994,2.1435711,2.2364774,3.6119099,3.589316,2.0759308,2.040101,2.2056456,2.1513493,1.7290882,1.7203058,2.312271,3.2306159,2.189166,2.143367,2.4721706,2.9969344,2.6781576,2.9456084,2.5056765,2.703802,2.947576,2.9856918,2.7428968,2.776757,2.8293996,2.8226244,2.811367,3.8109446,3.0453854,2.8720312,3.7250926,2.9201083,2.822902,2.6248984,2.718745,2.8426065,2.796945,2.7175877,2.7639496,2.9002647,2.5592654,2.5274367,2.7988284,3.0663059,3.3248925,3.2980955,3.016951,3.055997,3.2033253,3.1887949,3.0005088,3.2650554
11,3.6445348,3.0728192,3.0778413,3.4177194,3.7603736,3.1641464,3.833397,3.8668694,1.8158007,2.9015503,0.75410366,0.0,4.076452,4.10446,4.054919,3.979955,2.5084565,2.9290726,2.6315956,2.6595845,2.875071,2.6954875,2.8726826,2.8654854,2.5361683,2.494469,2.621112,2.571324,2.7705348,2.7118442,3.437143,2.6800065,2.2957833,2.0413225,2.8589907,2.6025355,2.4813838,2.337976,3.1891706,3.0130644,2.7821012,2.8387258,3.741401,3.6955767,2.5292249,2.5613828,1.9496547,1.8908343,2.7352638,2.837243,2.2689927,2.2615643,2.3991163,3.562984,2.5703084,2.466315,2.8039842,2.6825044,2.3934233,2.4271765,2.9536562,3.035846,2.6943848,2.75817,2.91076,2.4933982,1.9093819,3.394089,2.3980982,2.4000878,2.1667116,3.190235,2.4691043,2.4592812,2.2792535,2.2283623,2.4025433,2.2718627,3.6512482,3.621099,2.1731668,2.194716,2.326751,2.344231,1.8557315,1.8479798,2.4197226,3.193949,2.2050996,2.139149,2.7792256,3.2231185,2.7133799,2.9854355,2.5298076,2.7563264,3.209813,3.2814207,3.0383594,3.0674894,3.1000752,3.0918522,3.0732791,3.9309943,3.3177257,3.1147137,3.9562714,3.2189019,3.0608873,2.8761485,2.9513085,2.9725006,3.0593672,2.9837599,3.0375123,3.1821995,2.8963277,2.8684814,3.111554,3.3513808,3.7223115,3.6979718,3.4763467,3.5157723,3.5629165,3.5585716,3.4538314,3.724759
12,4.491215,4.472586,4.6107383,5.0653095,4.7543387,5.2577467,4.8032627,4.6998706,3.6715407,3.7194831,3.9748402,4.076452,0.0,0.20150052,1.7010616,1.7252015,4.6065145,4.8394036,4.718841,4.765579,3.8676848,3.8532662,3.7726057,3.7712882,4.064747,3.9828522,4.0773716,4.4115086,3.4921756,3.4651127,4.379828,3.3812096,3.749063,3.7141488,4.4411,4.048694,3.552236,3.5209026,3.7120404,3.7248352,3.8355772,3.9177122,3.6560533,3.754935,4.035969,3.9291487,3.6976779,3.7154367,3.6151855,2.4835827,3.5334277,3.5412323,3.4253566,4.8254914,3.5548253,3.8111808,3.7031841,4.0722575,4.314338,4.291004,4.773082,5.474187,4.5405765,5.1061153,3.6380649,3.6948647,3.4918766,3.2037287,3.5377088,3.3963418,3.4286737,4.31801,3.4578896,3.4475951,3.5271885,3.5668976,3.4757674,4.2862334,4.6902714,4.4838543,4.652981,4.2903614,4.7271028,4.4255366,4.0461173,4.021006,3.4392242,3.8895793,4.167599,4.1425014,4.8586035,5.419018,4.657712,4.920182,4.2004213,4.2431674,4.22066,4.3070602,4.4017515,4.4119186,4.554703,4.563147,4.1344023,4.4903607,4.1542745,4.6076903,5.183063,4.7001295,3.960524,4.1873455,4.073531,4.378999,4.6524587,4.562812,4.6135054,4.6279697,4.2534494,4.2626843,4.7389717,4.731393,4.5397873,4.4756827,4.5794425,4.557373,4.42619,4.4088883,4.5403504,4.4765954
13,4.5028033,4.4790254,4.6541734,5.0729637,4.7769027,5.302139,4.8193336,4.717229,3.727198,3.7665818,4.0079284,4.10446,0.20150052,0.0,1.7738458,1.8002622,4.6503143,4.882014,4.7522864,4.799667,3.8948095,3.8791516,3.7983918,3.7967591,4.090745,4.005957,4.140382,4.4249077,3.5347939,3.5140216,4.4198275,3.431371,3.790911,3.776897,4.4903674,4.1028533,3.6149213,3.5819635,3.7458255,3.7820895,3.889472,3.9709384,3.6906016,3.7888427,4.0554137,3.958222,3.7220001,3.7368162,3.5757945,2.5537548,3.5792334,3.5850856,3.4899638,4.8738475,3.6225543,3.8730543,3.7573967,4.1102657,4.372535,4.3458805,4.8139415,5.429701,4.5977397,5.161754,3.6822886,3.7277038,3.5384026,3.252852,3.5825448,3.4453225,3.4790308,4.386199,3.5064595,3.4974008,3.5722542,3.610508,3.5357862,4.324406,4.784667,4.579568,4.6921687,4.330171,4.765236,4.469246,4.0794744,4.053136,3.4827175,3.9251127,4.1935163,4.169695,4.8838243,5.441023,4.6944327,4.943514,4.223608,4.2659335,4.262705,4.3467207,4.449026,4.4583488,4.600428,4.6082015,4.183414,4.5215726,4.1958547,4.6549287,5.2186923,4.743788,4.004892,4.233385,4.119584,4.4072194,4.6903853,4.599662,4.6543365,4.6679893,4.291951,4.3010855,4.7744393,4.766346,4.579301,4.5160556,4.622117,4.600242,4.447149,4.430613,4.5790215,4.519994
14,5.2205586,5.1648135,5.20224,5.6681113,5.4389725,5.6442466,5.5276093,5.436202,3.7084227,3.473259,3.9291685,4.054919,1.7010616,1.7738458,0.0,0.298113,4.7810044,5.0268135,4.965011,5.0058885,3.9884684,3.9191806,3.8839507,3.880769,4.117739,4.0577807,4.0846353,4.5095997,3.4049406,3.491576,4.4162054,3.41731,3.7959733,3.6497638,4.217929,3.965454,4.0257034,3.9371452,4.2249203,4.0708027,4.196542,4.2836137,4.3327847,4.4277015,4.1841784,4.066277,3.7866602,3.7874434,4.215364,2.8830643,3.7931414,3.8076298,3.7783315,5.5198364,3.886162,3.8770921,4.010442,4.275993,4.627754,4.5889,5.216653,5.9181566,4.9186583,5.438064,3.9342244,3.595373,3.3280008,3.6210022,3.5672438,3.5275614,3.3667977,4.2467713,3.5710108,3.563789,3.586819,3.658555,3.4691186,4.2840037,4.8094454,4.3187447,4.3737288,3.9320138,4.4300914,4.082641,3.8586242,3.8329234,3.0735867,3.5580115,4.398243,4.3660426,4.616196,4.95358,4.187181,4.377467,4.043465,4.219385,4.349036,4.469975,4.2876954,4.283152,4.383111,4.3943634,4.29804,4.544884,4.349272,4.2801905,5.294678,4.317741,4.1310277,4.074878,4.0527043,4.3459535,4.37877,4.2993116,4.314951,4.336621,4.137401,4.1396337,4.384983,4.4242764,4.314705,4.2569046,4.431535,4.3983665,4.5628266,4.542586,4.4021044,4.6476383
15,5.1172957,5.0808997,5.1118355,5.593457,5.331805,5.5313673,5.427993,5.340359,3.5920494,3.4105349,3.8339543,3.979955,1.7252015,1.8002622,0.298113,0.0,4.7028246,4.9537725,4.8628693,4.903785,3.876753,3.7939053,3.7812927,3.7783537,4.031506,3.971863,3.9900928,4.425672,3.3568668,3.4387383,4.362347,3.343409,3.666551,3.5291343,4.1267138,3.8846803,3.9280276,3.8346047,4.154143,3.984228,4.058695,4.1439404,4.223693,4.31946,4.066428,3.943887,3.663359,3.6704087,4.120052,2.8327107,3.7096531,3.7222254,3.692088,5.43899,3.8018737,3.7862298,3.930346,4.168807,4.563843,4.516213,5.1517243,5.864892,4.808566,5.365468,3.7716005,3.4184897,3.2155955,3.5298498,3.4635096,3.4239388,3.253871,4.086441,3.4648328,3.4509804,3.4709086,3.5343556,3.3448937,4.1877303,4.632439,4.1372085,4.2548685,3.812831,4.3110065,3.9675057,3.7365966,3.711488,2.9800186,3.5048127,4.2847195,4.253532,4.464928,4.8094807,4.061854,4.2516036,3.924529,4.109571,4.2908487,4.39492,4.2008743,4.196246,4.2993035,4.309699,4.2196164,4.393311,4.274197,4.1935067,5.2408285,4.2112937,4.0657954,3.9964514,3.9793298,4.2632766,4.280721,4.2011666,4.2084236,4.2323604,4.0451493,4.045181,4.289942,4.3250017,4.2067227,4.1483994,4.3130374,4.2822204,4.4549284,4.4340644,4.2829337,4.5382266
16,3.59989,3.2079077,3.0462484,3.4783628,3.3295467,3.8537526,3.4282563,3.482815,2.1324673,2.529092,2.4091146,2.5084565,4.6065145,4.6503143,4.7810044,4.7028246,0.0,1.0344653,1.4409362,1.4500177,2.360664,2.5206635,2.4332547,2.4287503,2.38532,2.2854502,2.3305042,2.8702502,3.0874174,2.820148,3.3969407,2.7410536,2.1364298,1.9197897,2.992908,2.917697,2.2963972,2.164008,3.3733573,3.0842369,3.0160217,3.0053627,3.014072,2.9930398,2.4649124,2.4688816,1.9191434,2.011808,2.6284158,3.1721854,2.322312,2.3067143,1.948136,3.327918,2.171269,1.9326795,2.1456156,1.7821403,2.423354,2.4227126,2.940789,4.486316,3.6456528,3.3237274,3.1082861,2.9435627,2.1740658,3.5580304,2.057104,1.995653,2.0200078,3.0674996,2.0620542,2.0393646,1.9935582,2.0175645,2.136874,2.007437,3.900498,3.876791,2.2382243,2.5777419,2.5067978,2.5771508,2.4425776,2.4618287,3.3940895,4.224592,2.1286876,2.1539774,3.0083141,3.4184058,2.7047453,2.9464695,2.4765644,2.655877,3.0089166,3.0282726,2.824266,2.805997,2.8797834,2.845625,2.9430861,4.6442666,3.0815082,2.8895493,3.769693,2.9291258,2.9265718,2.6640792,2.8713474,2.9888003,2.720375,2.682409,2.6076593,2.7315183,2.6908507,2.6433773,2.9530852,2.982117,3.4446692,3.444424,3.0456474,3.1348076,3.2902586,3.2843592,3.0697904,3.2284884
17,3.7166145,3.3803775,3.2130861,3.6210024,3.4510715,4.0799565,3.5401835,3.6110957,2.515865,2.829522,2.820967,2.9290726,4.8394036,4.882014,5.0268135,4.9537725,1.0344653,0.0,1.2192539,1.1906155,2.2313826,2.4260628,2.302547,2.3011827,2.149078,2.064457,2.1826093,2.8041575,3.045346,2.7025228,3.2620413,2.6059978,2.469989,2.327581,3.2782538,3.285657,2.6665645,2.5565903,3.7476718,3.3471568,3.3022323,3.2778687,2.973116,2.9277039,2.7432663,2.762444,2.3368833,2.418202,2.9419038,3.2537608,2.614865,2.6025298,2.2063215,3.1855671,2.2125533,2.000597,2.3077571,2.0110579,2.6072886,2.613751,3.1365862,4.6878476,3.9098456,3.2011526,3.3979046,3.2410843,2.5758293,3.8412664,2.3756344,2.3257265,2.340375,3.2576602,2.358997,2.3495438,2.3610656,2.2156441,2.378662,2.3263216,4.0650506,4.076644,2.585235,2.8980985,2.8003,2.8576722,2.8330176,2.8481877,3.7229304,4.5411296,2.5624561,2.5817907,3.3552785,3.7277374,3.031242,3.2865922,2.8783514,3.009681,3.0077562,2.9664874,2.7637205,2.7510774,2.8724062,2.845543,2.9266956,4.669172,2.8972228,2.8447287,3.7271006,2.933922,2.897827,2.6252146,2.8506515,2.9133258,2.6701567,2.642138,2.5783696,2.6777382,2.5620594,2.5203075,2.9082196,2.9355009,3.390095,3.4010365,2.9502258,3.033047,3.264356,3.2548232,2.9809995,3.1401536
18,3.5481591,2.9393036,2.7901936,3.0887506,3.0383043,3.828391,3.1319888,3.2572067,2.2275236,2.4997616,2.6177661,2.6315956,4.718841,4.7522864,4.965011,4.8628693,1.4409362,1.2192539,0.0,0.09792227,1.7669634,1.8743297,1.8329375,1.8263503,1.5504987,1.5392717,1.6792234,2.3352754,2.8067498,2.5286024,2.9343886,2.3841965,2.028732,1.9555452,2.8762343,2.8816633,2.3006084,2.1691227,3.2685616,2.972953,2.756753,2.7506256,2.5660741,2.5071025,2.196911,2.2453942,1.8309927,1.8259364,2.42324,2.8992536,2.1331542,2.1163054,1.77791,2.7192814,1.7253392,1.509097,1.8818392,1.4613656,2.2917542,2.2749922,2.7210236,4.4409275,3.9007733,3.0650272,2.6812398,2.5230734,2.1563275,3.5521502,1.9857013,1.9378301,2.0282805,2.7019403,1.9348302,1.9193139,1.9056711,1.7524755,2.1031694,1.6722475,3.3739493,3.4186249,2.390852,2.7178206,2.6029296,2.7387593,2.5740273,2.5913568,3.5090766,4.278512,2.2776175,2.2972379,3.2498734,3.6349416,2.8426669,3.138903,2.7033489,2.8571947,2.8961,2.844579,2.6435616,2.6328242,2.7857897,2.7628968,2.7644346,3.9260228,2.7765362,2.6857755,3.4416063,2.8344107,2.7419343,2.4793828,2.655479,2.5511472,2.6158996,2.572032,2.5348535,2.628907,2.5164754,2.4663825,2.842409,2.8606222,3.3815007,3.382162,2.875283,2.960788,3.1499298,3.1406069,2.880522,3.093977
19,3.5573728,2.9570923,2.8014288,3.0978575,3.0561357,3.84766,3.152007,3.2775705,2.2696495,2.535613,2.6358857,2.6595845,4.765579,4.799667,5.0058885,4.903785,1.4500177,1.1906155,0.09792227,0.0,1.78448,1.8928001,1.851373,1.845828,1.5723848,1.5632187,1.6891222,2.3668275,2.8265467,2.5382154,2.9366212,2.4013991,2.0612876,1.9843652,2.9117858,2.9275699,2.3360014,2.2073534,3.3265588,3.023401,2.7926247,2.7829075,2.6119416,2.551973,2.2095566,2.2615852,1.8701392,1.8697371,2.4684694,2.9391847,2.1692894,2.1530871,1.8145492,2.722496,1.7724572,1.5463401,1.9153802,1.4930899,2.288054,2.2755706,2.7100062,4.4484487,3.9151595,3.0713737,2.7241585,2.5626843,2.1982818,3.583801,2.017412,1.9729397,2.0565634,2.7106194,1.9650737,1.9522429,1.9401454,1.780863,2.1367908,1.7071193,3.38272,3.4364226,2.4138536,2.7447875,2.6208944,2.754149,2.6088374,2.625809,3.5467267,4.323196,2.3168962,2.339635,3.2856216,3.6627588,2.8708146,3.1650085,2.7453663,2.8953347,2.8936424,2.8402636,2.6295269,2.6210113,2.76905,2.7456884,2.7625918,3.941399,2.7693605,2.6766725,3.432391,2.819172,2.7464142,2.4759643,2.662535,2.556476,2.5997121,2.5619872,2.5172045,2.613805,2.5089123,2.4588387,2.831466,2.856426,3.3509526,3.3529308,2.8387406,2.9249606,3.1291065,3.1201224,2.8471,3.0638814
20,3.7958615,3.1295745,3.0667198,3.1486502,3.2005677,4.007234,3.330092,3.38959,1.9493147,2.0463676,2.6604698,2.875071,3.8676848,3.8948095,3.9884684,3.876753,2.360664,2.2313826,1.7669634,1.78448,0.0,0.419671,0.3042269,0.3078739,1.2122756,1.1467263,1.4033439,2.2721798,1.8743913,1.5708646,1.7951921,1.366884,1.5533725,1.6145567,2.858559,2.8695953,2.213795,2.0463011,3.2440116,2.7774365,2.478024,2.492682,2.2797055,2.3182945,1.669264,1.6330919,1.5023521,1.5281066,2.1242049,1.9720423,1.9941401,1.9671875,1.7137419,3.1494598,1.7190008,1.4047378,1.4768353,1.4943942,2.3310726,2.2408037,3.1576667,4.523983,4.36242,3.5227547,2.2502413,1.9737171,1.7422923,2.8977334,1.6131896,1.5930201,1.6308773,2.309407,1.5776681,1.5053238,1.6046567,1.3195875,1.8069255,1.7064006,3.3283637,3.1896446,2.4743032,2.3802435,2.5935388,2.4039364,2.2677188,2.283073,2.6684911,3.7102778,2.4216344,2.5019877,2.9893916,3.371097,2.5568767,2.8541503,2.545132,2.6779127,2.60723,2.4403307,2.2638156,2.2057164,2.5010445,2.4947748,2.46737,3.3828068,2.3927333,2.268523,2.9034996,2.355379,2.455346,2.1403809,2.3205073,2.297287,2.0839913,2.043982,1.9781003,2.0158448,1.9419011,1.8872254,2.327792,2.324358,2.583932,2.5582013,2.1606758,2.2111814,2.6211898,2.5942082,2.1557024,2.505313
21,3.775885,3.0906265,3.043438,3.1270075,3.2255867,3.8584204,3.360375,3.4221601,1.8566617,2.1517587,2.490412,2.6954875,3.8532662,3.8791516,3.9191806,3.7939053,2.5206635,2.4260628,1.8743297,1.8928001,0.419671,0.0,0.5253648,0.52747303,1.209745,1.1668313,1.4110371,2.1665,1.8186071,1.5437928,1.8122447,1.3301127,1.5206048,1.5730526,2.771109,2.7920134,2.2512746,2.072897,3.2342138,2.7613652,2.4196277,2.4402976,2.4159932,2.4451063,1.6321847,1.605856,1.4298033,1.4390614,2.144472,1.9388903,2.0007005,1.9699247,1.8065696,3.1548398,1.7913729,1.4495406,1.6245353,1.6012433,2.3011372,2.2036557,3.1444647,4.3335023,4.2129703,3.3953576,2.1492264,1.7671404,1.6437668,2.8855617,1.6384847,1.6453987,1.5991474,2.234094,1.6128988,1.5403892,1.604477,1.2717544,1.8088186,1.6891677,3.1800003,3.0489087,2.357989,2.2212613,2.4593174,2.2694888,2.0932298,2.1069958,2.478732,3.5387719,2.394396,2.4657838,2.8656723,3.2327795,2.4626133,2.7661557,2.5032084,2.668779,2.7187996,2.5451748,2.3154802,2.271644,2.5587826,2.5547774,2.5453846,3.2323895,2.4919872,2.29004,2.9911199,2.3509564,2.5459898,2.2013152,2.381569,2.3128324,2.1198127,2.0783854,2.011609,2.0678456,1.9945185,1.9427404,2.334526,2.3754814,2.587731,2.5594046,2.194631,2.2406418,2.650012,2.6242645,2.1886373,2.594339
22,3.7621887,3.093597,3.040228,3.110662,3.1543777,4.0270686,3.2781615,3.3377929,1.96232,2.0026863,2.6859581,2.8726826,3.7726057,3.7983918,3.8839507,3.7812927,2.4332547,2.302547,1.8329375,1.851373,0.3042269,0.5253648,0.0,0.03322306,1.1488901,1.1001558,1.4064415,2.2451627,1.7574948,1.4436347,1.7263348,1.2577803,1.6148125,1.6325166,2.8758278,2.8825567,2.2746003,2.11014,3.3017883,2.8759022,2.554728,2.5782387,2.2745335,2.307675,1.6296483,1.6027192,1.5246567,1.5207434,2.155444,1.9072406,2.0039878,1.9801456,1.7314388,3.119726,1.7499334,1.3870866,1.5534539,1.5733806,2.3879313,2.2994487,3.1243494,4.582882,4.3977437,3.5796509,2.2656481,1.9431922,1.7132721,2.8865473,1.5389686,1.5304257,1.591034,2.2872527,1.5131203,1.4467862,1.5569144,1.2836107,1.798317,1.7207788,3.2993355,3.1644616,2.4910986,2.377069,2.6026766,2.3957229,2.2823606,2.2951539,2.6052995,3.660127,2.4806032,2.5427575,3.0891683,3.432359,2.5741408,2.86023,2.6050937,2.7344167,2.529464,2.3913403,2.184128,2.124229,2.4008298,2.3959317,2.4169247,3.3011699,2.3470328,2.176893,2.887838,2.2882917,2.388978,2.0544915,2.2405493,2.2249756,2.015711,1.9903737,1.9323277,1.9574903,1.8919392,1.8443273,2.262735,2.2486749,2.5415242,2.5170352,2.1676428,2.2075922,2.6305964,2.6062577,2.143101,2.5550532
23,3.764463,3.0943058,3.0422785,3.1120074,3.1583576,4.0334783,3.281085,3.3414805,1.9603076,1.9889979,2.6831007,2.8654854,3.7712882,3.7967591,3.880769,3.7783537,2.4287503,2.3011827,1.8263503,1.845828,0.3078739,0.52747303,0.03322306,0.0,1.1375091,1.0892661,1.4048961,2.2409773,1.764632,1.4556199,1.7372768,1.2676697,1.6148205,1.6313682,2.8695755,2.875004,2.2766826,2.1113522,3.2957225,2.8705084,2.5525439,2.5771139,2.2810314,2.3139794,1.631504,1.6027763,1.5192859,1.5124712,2.151195,1.9094969,2.0025086,1.9785762,1.7297356,3.1232452,1.7455217,1.3787796,1.555312,1.5698699,2.391663,2.3015008,3.1264126,4.583042,4.402233,3.5853508,2.2625444,1.9384184,1.7083017,2.8873801,1.5342962,1.5261164,1.592506,2.288649,1.512139,1.443321,1.5520061,1.2836591,1.7972455,1.7130104,3.301881,3.1635063,2.4923809,2.3791769,2.607132,2.403169,2.2837746,2.2968311,2.6075215,3.6587875,2.4806304,2.5420818,3.0819073,3.424041,2.5716445,2.8555443,2.6016195,2.733589,2.5296638,2.3925724,2.1852605,2.1237319,2.4013634,2.396303,2.4191222,3.29905,2.3501341,2.17475,2.8916924,2.2881184,2.3885708,2.0526438,2.2364862,2.21791,2.0134988,1.9861045,1.9309034,1.9558783,1.890619,1.8425422,2.2585504,2.2428007,2.5547976,2.5304763,2.185088,2.225022,2.6409109,2.6166835,2.1593182,2.5727072
24,3.8400977,3.0591075,3.0042841,3.1233468,3.282577,4.0306997,3.3777478,3.4619484,2.06821,1.943066,2.438735,2.5361683,4.064747,4.090745,4.117739,4.031506,2.38532,2.149078,1.5504987,1.5723848,1.2122756,1.209745,1.1488901,1.1375091,0.0,0.31951463,1.1942809,2.0973597,1.6296923,1.561484,2.1647696,1.3782868,1.9220135,1.8224303,2.6444159,2.6413393,2.3090413,2.160016,3.1238701,2.7480364,2.5407717,2.5649781,2.4593718,2.4165564,1.9906331,1.9871646,1.6880908,1.6036773,2.4548159,2.17192,1.7155304,1.692545,1.7840065,3.033572,1.6617655,1.5058371,1.9078978,1.9115615,2.471149,2.5110533,3.327024,4.498595,4.2645206,3.3637586,2.566392,2.0651891,1.7498223,3.4842646,2.0318244,2.016743,1.7471918,2.7411249,1.9588281,1.9685837,1.9463209,1.6926868,1.9552695,1.6494278,3.5242972,3.3934011,2.4568336,2.4478369,2.5897667,2.5472214,2.3774347,2.3822422,2.8614638,3.6620376,2.5588844,2.5391068,3.1111896,3.5061767,2.7770665,3.1046002,2.7485805,2.884874,2.3061497,2.2469082,2.0223088,2.0143242,2.2799382,2.2830052,2.251462,3.125791,2.1486957,2.068846,2.7738705,2.2997785,2.1036065,1.7895389,1.9451463,1.7908224,2.1805868,2.0598664,2.1708393,2.1685195,1.7863699,1.7643076,2.2019832,2.2648282,2.7617986,2.750795,2.368102,2.4067755,2.6561692,2.628701,2.3301003,2.723526
25,3.7859952,3.045368,3.0194113,3.1339998,3.2616835,3.974371,3.362649,3.439544,1.9722134,1.9772412,2.3893402,2.494469,3.9828522,4.005957,4.0577807,3.971863,2.2854502,2.064457,1.5392717,1.5632187,1.1467263,1.1668313,1.1001558,1.0892661,0.31951463,0.0,1.2022024,2.0629256,1.608427,1.4853424,2.1271365,1.2980092,1.855527,1.7730972,2.7042408,2.6905577,2.252536,2.0949664,3.1175098,2.7519493,2.5919495,2.6156912,2.4066494,2.3686354,1.9350175,1.9275839,1.6453977,1.5866234,2.328057,2.131611,1.7298942,1.6985611,1.7598269,3.097448,1.692037,1.5383276,1.9057654,1.9418478,2.5034235,2.525608,3.2985737,4.4181747,4.211298,3.3675606,2.4955673,2.0463738,1.6829504,3.3794744,1.9863952,1.9666687,1.6920842,2.7434485,1.9173336,1.9098186,1.8623976,1.6031653,1.9086611,1.6486241,3.6010332,3.4702756,2.4000645,2.373515,2.5605795,2.477557,2.2995307,2.3056595,2.7777085,3.632867,2.4274945,2.4171033,3.0769064,3.4951186,2.683746,3.0104845,2.6153238,2.7413766,2.192722,2.1117938,1.8993196,1.8963827,2.1824117,2.182784,2.1069458,3.1443338,2.0057678,2.006164,2.7091625,2.2154593,1.9978437,1.693547,1.8473294,1.6615313,2.0925684,1.9481297,2.074596,2.0719697,1.6728319,1.6488013,2.1196299,2.1714644,2.680451,2.6658516,2.29316,2.3334937,2.5483077,2.51836,2.2596583,2.6359556
26,4.28177,3.4916303,3.2496645,3.5010831,3.5849593,4.0605345,3.7299347,3.79406,2.1338534,2.025569,2.562311,2.621112,4.0773716,4.140382,4.0846353,3.9900928,2.3305042,2.1826093,1.6792234,1.6891222,1.4033439,1.4110371,1.4064415,1.4048961,1.1942809,1.2022024,0.0,1.9385098,1.9737623,1.6085454,1.8970282,1.4684014,2.0923839,1.7917786,2.5917897,2.4862542,1.9402168,1.8139046,2.8861597,2.3856657,2.379937,2.4041452,2.4627104,2.440525,2.3267095,2.27167,1.987377,1.9347281,2.5417233,1.9885155,1.8141509,1.7823355,1.4048296,3.211357,1.3308674,1.4967725,1.547153,1.8742821,2.3885689,2.4578152,2.9949567,4.698025,4.0872874,3.1573377,2.111397,2.174005,1.8233438,2.861997,1.8811454,1.7843004,1.8648654,2.4367714,1.6726459,1.7371805,1.7002101,1.4970227,2.1533952,1.7961016,3.1717172,2.935432,2.46052,2.4698603,2.5482287,2.4817495,2.3392277,2.3452027,2.7713728,3.5070384,2.2077885,2.2426085,3.2889736,3.7809398,2.5534008,3.075837,2.445227,2.5577958,2.3501337,2.3316493,2.192323,2.1779811,2.3681324,2.376958,2.198337,3.1030247,2.1672196,2.2980676,2.6314952,2.5414615,2.0456693,1.8816793,2.0501826,1.973454,2.2965653,2.2133687,2.2401333,2.2634902,1.9989282,1.9890407,2.5688353,2.608034,2.640967,2.6172824,2.2819493,2.3275056,2.5239637,2.5103533,2.2863145,2.4545367
27,4.590814,3.4710026,3.5012522,3.4807813,3.6258378,3.549338,3.7010376,3.7363727,2.6675258,3.1649318,2.7253318,2.571324,4.4115086,4.4249077,4.5095997,4.425672,2.8702502,2.8041575,2.3352754,2.3668275,2.2721798,2.1665,2.2451627,2.2409773,2.0973597,2.0629256,1.9385098,0.0,2.7235065,2.3100994,2.3420734,2.209761,2.8218775,2.7051415,2.5360708,2.415657,2.8560328,2.7154694,2.9750142,2.7351217,3.2231228,3.2655702,3.1352737,3.0718615,3.1094594,3.1622012,2.487147,2.4314718,2.352914,2.7479599,2.8290777,2.7649608,2.5536587,3.499056,2.4421241,2.4910107,2.558396,2.6042771,3.123935,3.072852,3.1171954,4.040565,3.9395943,3.1007373,2.7504604,2.8914313,2.4308612,2.964045,2.3574815,2.3415074,2.7214673,3.4985204,2.1706548,2.3226023,2.1971405,1.9228271,3.055188,2.7658217,4.0067897,3.9105039,2.3129742,2.3325424,2.285744,2.429738,2.0933125,2.0799184,2.5509496,2.745799,1.9791187,2.0325685,3.1517394,3.4958708,2.4390044,2.9810305,2.3687382,2.682152,3.2745273,3.2815166,3.1151876,3.0700417,3.1718197,3.1868088,3.1253126,3.82759,3.0819583,2.9082286,3.430966,3.2183151,2.8202076,2.5990648,2.6754346,2.5834093,2.7730083,2.7156863,2.8068745,2.8412428,2.707723,2.7175753,3.1416564,3.1453764,3.4655483,3.4553545,3.2503443,3.2854977,3.3706818,3.376338,3.1898353,3.5225582
28,4.019751,3.2515423,3.1916683,3.3267288,3.469193,3.918751,3.5841703,3.5857832,2.0390105,2.2632952,2.5322714,2.7705348,3.4921756,3.5347939,3.4049406,3.3568668,3.0874174,3.045346,2.8067498,2.8265467,1.8743913,1.8186071,1.7574948,1.764632,1.6296923,1.608427,1.9737623,2.7235065,0.0,0.8610988,2.0348203,0.88833874,2.1949615,1.9879404,2.850639,2.7875624,2.438398,2.3079824,3.298654,2.919754,2.8064334,2.8386855,2.6353831,2.6345024,2.259066,2.2084503,2.0407033,2.0155935,2.9765759,1.7574993,1.827138,1.8032519,2.2111394,3.4618745,2.2330248,2.1278808,2.318017,2.6589193,2.6868737,2.808037,3.9157891,4.6998906,4.3094325,3.5714283,2.996741,2.3285854,1.7961084,3.6237063,2.478295,2.4721265,1.7772188,3.1707695,2.3757653,2.411177,2.4224398,2.1800792,2.1407223,2.2063935,3.8961291,3.7826838,2.5987406,2.259275,2.6268754,2.3207068,2.2687776,2.2641687,2.1461477,3.104321,2.9410627,2.8881269,3.2709904,3.6772106,2.998399,3.3542786,3.060244,3.127313,2.5002377,2.4624004,2.2674432,2.3143272,2.574532,2.5924234,2.481551,3.4302301,2.4664876,2.366587,2.8496127,2.4939268,2.3642716,2.1274154,2.2766259,2.3955264,2.622317,2.511062,2.6193347,2.5793464,2.1381192,2.1614158,2.4999123,2.613275,2.596465,2.5634222,2.4085042,2.4034517,2.7294128,2.6901042,2.3945658,2.7639465
29,3.8830469,3.0771906,2.9888163,3.13961,3.2339141,3.7173722,3.3655968,3.3597636,2.0292423,2.4277968,2.5231621,2.7118442,3.4651127,3.5140216,3.491576,3.4387383,2.820148,2.7025228,2.5286024,2.5382154,1.5708646,1.5437928,1.4436347,1.4556199,1.561484,1.4853424,1.6085454,2.3100994,0.8610988,0.0,1.5722133,0.39649153,2.1887224,1.9384078,2.824664,2.752557,2.3240218,2.1880736,3.2747567,2.849508,2.8708212,2.8969998,2.5632172,2.5604162,2.2250805,2.1770597,2.0127823,2.026699,2.7134602,1.5861223,2.01299,1.9696735,2.0063891,3.1647472,2.0668223,1.9147158,2.1004272,2.454099,2.44636,2.5113838,3.372483,4.512841,4.100831,3.3340752,2.763766,2.4151726,1.8274311,3.1129854,2.1361587,2.1117074,1.7725594,2.9781122,1.9780681,2.0242326,2.0573952,1.7509784,2.1810186,2.2543976,3.6829557,3.656027,2.5284996,2.2181675,2.5643487,2.2340686,2.1859322,2.1834354,2.0913162,3.053041,2.668099,2.663985,3.344642,3.7349463,2.8530078,3.2697792,2.919595,3.0119438,2.385407,2.3199584,2.0932264,2.12327,2.3781707,2.3937426,2.292402,3.4564598,2.232421,2.188597,2.723788,2.327257,2.1651354,1.8993411,2.0894094,2.2122135,2.2782946,2.2074304,2.263641,2.2473881,1.9148195,1.9449452,2.3816123,2.460508,2.288589,2.2537336,2.169971,2.1665509,2.501001,2.4728847,2.1657093,2.5342696
30,4.7965026,3.7080755,3.5631392,3.3267453,3.7486596,4.1363206,3.8820345,3.9070642,2.7776222,2.964173,3.3045404,3.437143,4.379828,4.4198275,4.4162054,4.362347,3.3969407,3.2620413,2.9343886,2.9366212,1.7951921,1.8122447,1.7263348,1.7372768,2.1647696,2.1271365,1.8970282,2.3420734,2.0348203,1.5722133,0.0,1.6547714,2.7588768,2.629259,3.3589354,3.3020997,2.8358257,2.7255218,3.685672,3.2180903,3.2285097,3.2554479,3.120237,3.1276712,2.673942,2.642585,2.7067127,2.6822865,2.9462202,2.3130317,2.8093765,2.7642045,2.5782936,3.6406975,2.6249416,2.5583692,2.335925,2.8117352,2.8564076,2.852576,3.446227,4.7833233,4.985231,3.784935,2.916487,3.0156577,2.6467369,3.044858,2.5889363,2.5719478,2.7472003,3.189939,2.4570951,2.4949243,2.530309,2.272794,3.0890367,2.7264934,3.9957387,3.9186513,3.1056676,2.8636284,3.0867712,2.7989867,2.7851882,2.7972329,2.6715114,3.519041,2.9273589,3.0273523,3.7569244,4.092839,3.0768497,3.5292041,3.208413,3.2409673,2.7460518,2.6153533,2.5791514,2.5174856,2.7538626,2.778313,2.654984,3.5946064,2.590365,2.5895998,2.2234452,2.8372948,2.5813081,2.3925653,2.523568,2.5291445,2.4281647,2.4218836,2.461461,2.412433,2.3116734,2.3201559,2.7541795,2.767689,2.6688573,2.6357496,2.4818025,2.4792557,2.8613923,2.8436372,2.461398,2.7342124
