,0,1,2,3,4,5,6,7,8,9,10,11,12,13,14,15,16,17,18,19,20,21,22,23,24,25,26,27,28,29,30,31,32,33,34,35,36,37,38,39,40,41,42,43,44,45,46,47,48,49,50,51,52,53,54,55,56,57,58,59,60,61,62,63,64,65,66,67,68,69,70,71,72,73,74,75,76,77,78,79,80,81,82,83,84,85,86,87,88,89,90,91,92,93,94,95,96,97,98,99,100,101,102,103,104,105,106,107,108,109,110,111,112,113,114,115,116,117,118,119,120,121,122,123,124,125,126,127
0,0.0,1.3836313,2.8236969,1.948197,1.6844321,1.2620105,3.9425447,3.727061,2.8819368,2.9130857,2.6385856,2.5738025,3.9457877,3.476138,2.4693112,3.3328426,2.7642455,2.8097107,1.5963438,2.088878,3.8463788,2.7561312,2.85323,3.6271894,1.9588704,2.0760894,1.9012501,2.2224762,2.0613782,2.117051,2.4265015,2.2723024,3.0771234,3.4733076,3.0409894,2.9507453,2.3083856,2.286221,2.579113,2.9037924,2.302478,2.3508987,2.3913186,2.7683809,3.0995524,3.1008768,3.0610428,2.79314,2.4608245,2.217606,1.9799356,2.2641606,2.023167,2.6994896,2.8009858,1.8781929,1.845831,1.745001,1.3939844,1.4289151,2.0913389,1.605465,1.6680349,2.5480416,2.2019274,2.5666537,2.2189777,3.189305,1.1510669,1.1597568,2.1125147,2.3112583,3.1229804,2.9401622,2.6241715,2.592923,2.9758592,2.964343,2.661857,2.7031822,2.908163,2.2952645,2.7839758,2.4799335,2.4497535,4.273887,2.4325612,2.1357045,1.9941763,2.2532978,2.8984902,2.7933872,3.6802502,3.1797867,2.7489114,2.7000675,1.5839208,2.4665935,3.0685453,1.9584018,2.0916204,2.0978227,2.1124303,2.088635,3.9124937,2.9995253,3.444523,1.7159847,2.8091938,2.7709966,2.4774718,3.2599077,2.392958,1.7174004,3.199735,3.2084692,1.8369342,1.7610736,1.7817491,1.9566526,2.044052,2.0485551,2.0730555,2.185548,2.7884526,2.0950742,2.102268,2.7915053
1,1.3836313,0.0,2.8905697,2.0496082,1.1359361,1.4192249,3.4133263,3.5482812,2.5908878,2.663265,2.4386392,2.3745692,3.7413747,3.8622758,2.5569775,2.8772893,2.8571913,2.8526552,1.963907,2.3809807,4.0157747,3.0248902,3.133498,3.8540823,2.2609615,2.4368396,2.286068,2.5597343,2.250057,2.237919,2.7295694,2.7242568,3.0464804,3.3046227,3.0040703,2.9214132,2.8408098,2.8203578,3.0828454,3.3643546,2.4590538,2.5565093,2.5916653,3.055168,3.1488755,3.1516883,3.1285863,2.9400146,2.3712933,2.0922997,2.1722682,2.2491987,2.0911143,2.4175577,2.5859013,1.944287,1.6698192,1.4993792,1.5944577,1.5649661,2.358231,1.8766453,1.7748979,2.3579178,2.8876774,3.0713832,2.7316496,3.278246,1.9941493,2.0062873,2.6658514,2.8045094,3.5694938,3.3546515,3.0925438,3.090407,3.3912938,3.3725958,3.1299675,3.164247,3.3713298,2.8047671,3.263894,3.0421357,2.986182,4.588335,2.9136689,2.7017698,2.74835,2.827985,3.21511,3.233906,4.023444,3.601933,3.0531814,3.0591323,1.7658997,2.5917752,3.1181898,2.0027883,2.2433922,2.195612,2.226187,2.2178555,3.927029,3.0391164,3.5522761,1.906879,2.6581814,2.6885033,2.35302,3.1212742,2.3966491,1.8984076,3.166733,3.1775005,2.0342348,1.9609654,2.120078,2.0752325,2.5318959,2.543164,2.4193194,2.3035645,2.6632328,2.3460002,2.3556845,2.5315192
2,2.8236969,2.8905697,0.0,1.4665967,2.3856666,2.9341154,4.504721,4.3460407,3.9788811,4.0283036,3.6787698,3.552321,4.545988,4.4690013,3.328043,3.9357858,3.5775833,4.4202614,3.087641,4.0640593,5.1624737,4.40449,4.534516,4.900593,3.3327212,3.442089,3.4064472,3.47067,3.4239066,3.41665,3.6312253,3.7187483,3.7933462,3.9883761,3.7684867,3.6221282,3.310447,3.3716173,3.4805284,3.7344968,3.2944574,3.288106,3.321276,3.4784045,3.9215858,3.9178805,3.6640205,3.4169092,2.4995766,3.2887473,3.0983343,3.2665837,2.9661474,3.2262733,3.5034032,2.8389585,2.8687556,2.9192023,2.6490152,2.6318812,3.293441,2.8660429,2.8827062,3.262564,3.6640754,3.920526,3.4695065,4.0797553,2.968121,2.988289,3.5012507,3.7865958,4.176033,4.0255685,3.989204,3.8181636,4.227893,4.192742,3.8680947,3.979897,3.8604121,3.4071352,3.87053,3.743445,3.7685735,5.1420517,3.7313354,3.4812477,3.57298,3.7322211,4.1281395,4.1368213,4.837872,4.2534056,4.005578,4.0701494,3.2381139,3.6893451,4.0078297,3.1610029,3.3774247,3.409224,3.3349128,3.3456168,4.543471,3.7099135,4.048752,3.3097456,3.8703427,3.8492754,3.605287,3.7894824,3.8077028,3.0679324,1.6224324,1.6198605,3.234956,3.1801374,3.2702343,3.2901232,3.8662577,3.8320963,3.1210847,3.2768965,3.840857,3.486702,3.545509,3.8545957
3,1.948197,2.0496082,1.4665967,0.0,1.7793183,2.2564902,4.257127,4.068453,3.4574263,3.4896665,3.229711,3.1125634,4.2839727,4.014615,2.931288,3.6141813,3.2511997,3.9013114,2.4506423,3.3906205,4.7137585,3.856006,3.9800014,4.480085,2.8104818,2.999549,2.8272917,3.0030005,2.7968874,2.7367353,3.017395,3.1137774,3.5107787,3.817853,3.4904516,3.309723,3.1031985,3.0530937,3.3098454,3.600004,2.9528031,2.9712083,2.9992886,3.3044953,3.5833242,3.580543,3.513644,3.448296,2.3476865,2.7152238,2.5799792,2.861993,2.4973776,3.0141113,2.993173,2.368037,2.2905176,2.197004,2.118953,2.0775323,2.7045803,2.2473996,2.3341577,2.8985806,3.0099564,3.2155037,3.0108073,3.6607842,2.2913363,2.3107579,2.947995,3.030792,3.588733,3.4086275,3.222192,3.3294532,3.528256,3.4813104,3.3437722,3.3255887,3.5410197,2.9150736,3.6411693,3.3265915,3.3079867,4.836617,3.2783294,2.9842508,3.1176612,3.3496351,3.8681366,3.6884532,4.4303465,3.9355679,3.5990772,3.6478848,2.6911366,3.3070958,3.7129142,2.7682245,2.9076092,2.9332294,2.8870943,2.8760464,4.488078,3.614825,4.1486225,2.802994,3.3771052,3.3689134,3.099027,3.647711,3.1791637,2.5352225,2.4132357,2.3922963,2.7920487,2.7361019,2.786413,2.883329,3.2308981,3.225345,3.0353065,3.2095003,3.339382,2.9537964,2.996838,3.405234
4,1.6844321,1.1359361,2.3856666,1.7793183,0.0,1.157043,3.6229792,3.7764683,2.9362085,2.9494174,2.661671,2.513674,3.8393548,4.160329,2.4955635,2.8037834,2.9429495,3.1719425,2.0127475,2.645495,4.2000318,3.2261622,3.3199358,3.9049377,2.6016335,2.7979074,2.6835372,2.9661443,2.6937048,2.6683724,3.1343944,3.0906417,3.0697384,3.3463774,3.0139816,2.8845131,2.6196249,2.6477087,2.8025084,3.1319072,2.2996395,2.3975585,2.5098932,2.8022265,3.1230183,3.1265512,3.0044734,2.9925327,1.7158672,1.9607159,1.9303404,2.0351617,1.6039039,2.2079823,2.460156,1.4955142,1.7096102,1.645993,1.4564242,1.3890625,2.1352985,1.6751727,1.7756542,2.6319227,2.8475947,3.1529005,2.838858,3.5992482,2.0863893,2.1020048,2.8513174,2.8833797,3.4984891,3.3477283,3.1669044,3.144778,3.6291904,3.5774975,3.3557124,3.3781965,3.5194929,2.8065822,3.5209136,3.2021363,3.1270423,4.696058,3.1585326,2.7933779,2.8480372,2.9276264,3.5224261,3.4630022,4.3422933,3.8066664,3.286463,3.3169725,1.9598596,2.7695713,3.249401,2.0236201,2.2529972,2.2000144,2.2581556,2.2582057,3.8613043,2.8923678,3.4373758,2.0869427,3.030465,3.0383754,2.6520705,3.0164785,2.521743,1.8848428,2.7315147,2.7100713,2.0816445,2.1096995,2.2702267,2.2006469,2.703751,2.7690248,2.454723,2.3137374,2.8925645,2.3970435,2.4592206,2.558589
5,1.2620105,1.4192249,2.9341154,2.2564902,1.157043,0.0,3.703755,3.6330063,3.1372685,3.084485,2.8030405,2.676173,4.007266,3.8861818,2.1968343,3.0090601,2.7455564,2.7036042,1.6617858,1.9877464,3.76438,2.6434476,2.7472072,3.4616463,2.3393548,2.4887085,2.3865983,2.7515817,2.4909573,2.4565203,2.8626685,2.5861528,2.9617474,3.2102127,2.9175327,2.7719488,2.432597,2.5311499,2.6922567,3.026586,2.0195096,2.1051395,2.1491954,2.4552922,2.9541519,2.9549296,2.891192,2.8273604,1.8848978,1.6762199,1.6820608,1.8426565,1.2504741,1.9449098,2.174406,1.1875108,1.438856,1.4073577,1.1461701,1.0845714,1.7896531,1.3417556,1.4656012,2.4223921,2.3528337,2.7519886,2.43388,3.3045294,1.3054984,1.3072364,2.350426,2.3701515,3.0608423,2.8901777,2.7087693,2.6311762,3.251257,3.1937463,2.9188492,2.9556673,3.1957824,2.3661036,3.1169133,2.7453372,2.69618,4.3822713,2.767465,2.2331142,2.4037728,2.4969575,3.027467,2.9768527,4.040483,3.4387763,2.845022,2.8561027,1.6157393,2.5396311,3.0992424,1.9187734,1.8771145,1.8408629,1.899696,1.8890744,3.685416,2.6573577,3.1657434,1.6010245,2.8236818,2.7925391,2.3370678,2.7735453,2.2005043,1.3744323,3.1637008,3.1420505,1.628734,1.6592442,1.6802953,1.8101587,2.1270545,2.2410667,2.0615585,1.9320362,2.5762665,2.048547,2.1300628,2.6736507
6,3.9425447,3.4133263,4.504721,4.257127,3.6229792,3.703755,0.0,1.1749349,4.488981,4.419575,4.2494836,4.257514,5.108145,5.384136,4.1873264,4.4103208,4.5737095,4.5944786,4.1262727,4.2207985,5.198822,4.4923434,4.6051283,5.168625,4.4227996,4.4088206,4.350645,4.486606,4.285853,4.217432,4.4926763,4.491096,4.6017084,4.4971375,4.629547,4.5698247,4.9519744,5.11516,5.1226416,5.2590127,4.351193,4.412577,4.319296,4.688494,5.3706374,5.3664145,3.8920832,3.5413811,4.014739,3.7820477,3.9098895,2.9670954,3.912326,3.7091324,3.7346773,3.9741268,3.5536022,3.682336,3.8473976,3.958323,3.9336863,3.7984414,3.7476966,3.7550104,4.6924305,4.782713,4.4769554,4.7035847,4.070337,4.012461,4.43565,4.566345,5.7373266,5.106761,5.4928603,5.4415574,5.6795344,5.7214475,5.5004582,5.5461426,5.067634,5.210909,4.8216763,4.8096247,4.603008,5.662316,4.664896,4.403343,4.7146454,4.666732,4.5719724,4.697162,5.4383583,5.0722713,4.5292068,4.6473837,3.7969465,4.30553,4.6412153,4.0284405,4.1709666,4.1061516,4.1315722,4.1540813,4.5166745,4.4094176,4.112159,3.799833,4.0967374,4.137796,3.908368,4.184987,4.2996283,3.903045,4.7231536,4.735597,3.9105237,3.9210196,3.9475305,3.8380394,5.146031,5.1584997,4.293296,4.2049894,4.2312007,4.3825617,4.455697,4.6233726
7,3.727061,3.5482812,4.3460407,4.068453,3.7764683,3.6330063,1.1749349,0.0,4.6195793,4.5175343,4.391692,4.406445,5.234799,5.0446887,4.028195,4.6601367,4.4291167,4.522836,4.000845,4.118795,5.104734,4.3688073,4.506126,5.076755,4.2674236,4.22939,4.159684,4.2820563,4.1324773,4.045771,4.198233,4.1644464,4.528399,4.427542,4.5747433,4.5003843,4.8403926,5.0194144,5.036202,5.1798697,4.2546153,4.2854033,4.1363006,4.5599666,5.3224554,5.314822,3.8698168,3.4164982,3.9597619,3.685674,3.786341,2.875516,3.8096125,3.6299353,3.567481,3.8778405,3.3825212,3.5379088,3.6926858,3.8378859,3.7808988,3.62642,3.5831826,3.573272,4.3958898,4.471671,4.201228,4.3833933,3.6993735,3.6340115,4.1085863,4.25139,5.5122805,4.8357673,5.2080755,5.185864,5.3703594,5.4194508,5.1892467,5.2320704,4.766315,4.945775,4.51235,4.488739,4.2849274,5.396543,4.359847,4.0607405,4.446308,4.4518704,4.28319,4.373974,5.1138053,4.7795477,4.2564344,4.388063,3.683765,4.207071,4.5743155,3.9982145,4.0773897,4.0334363,4.029119,4.0498896,4.495719,4.3528914,4.056785,3.6780279,3.9624383,3.9784224,3.7635427,4.108586,4.1830373,3.760066,4.645666,4.659618,3.782352,3.7780373,3.7218847,3.7249675,4.9900775,5.004291,4.1704574,4.182807,4.106749,4.271709,4.3547215,4.818084
8,2.8819368,2.5908878,3.9788811,3.4574263,2.9362085,3.1372685,4.488981,4.6195793,0.0,0.48578006,1.6643548,1.7283686,2.4507368,3.3816347,2.6855984,2.4022074,3.992896,3.9075892,2.750519,3.0056462,3.2290134,2.8707855,2.957183,3.5016236,2.648311,2.7283027,2.6066587,2.8067586,2.4633782,2.5914643,3.1861732,3.52901,2.4690557,2.9807398,2.4538457,2.4805694,2.7962153,2.7191424,2.9602392,3.015709,2.6945589,2.7617579,2.863292,3.721801,3.1277452,3.1538343,3.797944,2.7884054,3.8398597,3.3937876,3.3089952,3.6285276,3.4171488,3.735521,3.885991,3.4308252,3.0889237,2.9945216,2.9689648,3.1426773,3.297677,3.031043,2.8360846,3.1636105,3.3682306,3.1277964,2.7748904,3.3558798,3.0726416,3.0928862,2.986599,3.0361066,4.166181,4.008776,3.0877402,3.0569398,3.4584796,3.4648938,3.248162,3.271598,2.843167,2.851174,3.156366,2.8733628,2.948493,3.8009367,2.6797023,2.823725,3.050238,3.3459537,3.3174427,3.134597,2.7282586,3.0122955,3.3323267,3.2834675,2.911346,2.5001206,2.690743,2.6829932,2.6003008,2.5736558,2.496156,2.5150244,3.168005,2.7353232,3.2736197,2.571844,2.682648,2.6941745,2.4144537,2.9215508,2.4246106,2.7400634,3.798825,3.8395808,2.7754493,2.6065423,3.0352523,2.770267,2.6398363,2.6584167,2.7235951,2.9181693,2.4722044,2.1873364,2.0880103,1.8276403
9,2.9130857,2.663265,4.0283036,3.4896665,2.9494174,3.084485,4.419575,4.5175343,0.48578006,0.0,1.6696155,1.7133671,2.462853,3.4035041,2.6360755,2.4346077,4.0318546,3.9255676,2.6272304,2.8357222,3.0521755,2.6818004,2.7688453,3.3653452,2.7788696,2.8412437,2.7017922,2.9158888,2.5971828,2.6935585,3.2543375,3.5581288,2.4537933,2.881206,2.4548154,2.4339797,2.900754,2.8496401,3.0644314,3.1222851,2.621627,2.6918514,2.7831547,3.6818602,3.126057,3.151243,3.7787778,2.7174451,3.7680018,3.1911812,3.1162791,3.487632,3.2618747,3.5759685,3.6437054,3.3018227,2.9844222,2.9086828,2.9284713,3.1106899,3.1236155,2.8665042,2.704116,3.07065,3.1775565,2.9261487,2.668325,3.3030548,2.9852438,3.0024354,2.9267921,2.9158046,4.1161003,3.9318876,2.9980443,3.0037692,3.406766,3.4131396,3.2525415,3.2489197,2.8212402,2.7914958,3.134628,2.8136218,2.8010056,3.6709566,2.6478174,2.7205288,3.0353434,3.3907585,3.302431,3.0279431,2.6268885,2.9397278,3.317665,3.281875,2.903388,2.5278928,2.7397983,2.7220485,2.538599,2.511844,2.474047,2.4994385,3.0917149,2.6603627,3.2198174,2.558812,2.6371405,2.641618,2.3376822,2.7271357,2.3231604,2.6685185,3.875746,3.9070876,2.6857865,2.568306,2.9830565,2.732554,2.5904481,2.6252532,2.6856887,2.9757757,2.3379378,2.0832593,2.0142238,1.8747742
10,2.6385856,2.4386392,3.6787698,3.229711,2.661671,2.8030405,4.2494836,4.391692,1.6643548,1.6696155,0.0,0.48292416,1.942244,2.9677923,2.465986,2.1506505,3.779602,3.7112553,2.3235855,2.59794,2.8136847,2.378015,2.441604,3.189527,2.4041734,2.4710267,2.2785583,2.584685,2.17986,2.2923684,2.9190495,3.0173757,2.0753248,2.5571442,2.0878446,2.1870046,2.6163094,2.5602558,2.8077166,2.827725,2.2366812,2.2922778,2.4214623,2.782412,2.846036,2.867651,2.696334,2.4762135,3.527224,2.9968548,2.881827,3.287058,3.1522052,3.4731147,3.4706926,3.1781633,2.9579074,2.8619483,2.8287778,2.7808154,2.8406801,2.5932672,2.5050635,2.9118338,2.87908,2.6964397,2.372863,3.1424596,2.7696652,2.7717178,2.436622,2.4561865,3.1858165,2.9547737,2.8285143,2.7586915,3.2766273,3.222399,3.0567684,3.0501387,2.2990537,2.498458,2.8315794,2.4317405,2.3151615,3.2358057,2.2344506,2.31228,2.6053329,2.982834,2.963199,2.641533,3.121696,2.4416654,2.8344622,2.8245115,2.652597,2.2101896,2.4843602,2.3936796,2.3499587,2.3748534,2.3700252,2.37716,2.9163647,2.5661826,3.0808718,2.206332,2.5758214,2.5437148,2.198103,2.763501,3.124263,2.515371,3.7011974,3.7450197,2.4045694,2.2591105,2.5896325,2.235239,2.4101253,2.4061043,2.4219372,2.6884391,2.1072106,1.6556143,1.5736294,1.6019155
11,2.5738025,2.3745692,3.552321,3.1125634,2.513674,2.676173,4.257514,4.406445,1.7283686,1.7133671,0.48292416,0.0,1.9551601,3.0085304,2.2857323,1.9041271,3.7039335,3.6161718,2.2363617,2.5380428,2.7182043,2.2794015,2.3364384,3.1183195,2.350565,2.4194062,2.1993852,2.480947,2.1722853,2.306569,2.881126,3.0146413,2.0674462,2.4985151,2.0622087,2.0212986,2.5034719,2.442858,2.6912622,2.7215357,2.0719104,2.1334283,2.279801,2.6026688,2.8077967,2.8306286,2.561469,2.3633614,3.4448345,2.9282131,2.7910166,3.2196722,2.9822679,3.3678913,3.3918164,3.0438435,2.9315732,2.8232338,2.7810886,2.7110283,2.8167882,2.5421581,2.4670594,2.9501123,2.7155738,2.5835643,2.227722,3.153031,2.6665,2.6701314,2.3242102,2.3760018,3.1110384,2.89712,2.7978404,2.7372165,3.234169,3.1694908,3.013968,3.0150847,2.393846,2.3882258,2.957579,2.6000931,2.402177,3.3057182,2.4002037,2.2699058,2.655589,3.063791,3.075388,2.782929,3.2639723,2.5176625,2.9736857,2.9541402,2.5820599,2.1214116,2.34968,2.2779787,2.0952218,2.1413918,2.1521506,2.1640599,2.8634489,2.5000944,3.0523262,2.1502202,2.496285,2.4619186,2.1759949,2.629568,3.0248163,2.3266451,3.5821438,3.611091,2.2846546,2.1825032,2.5174975,2.2167892,2.3971527,2.3881533,2.2811873,2.6101594,2.1512947,1.5318005,1.497895,1.4662206
12,3.9457877,3.7413747,4.545988,4.2839727,3.8393548,4.007266,5.108145,5.234799,2.4507368,2.462853,1.942244,1.9551601,0.0,2.50192,2.9189363,2.2246022,4.896138,4.6820574,3.9147573,4.1377845,3.35157,3.5650597,3.6027045,4.140935,3.1388705,3.2402296,2.9775686,2.9542112,3.0794077,3.1061556,3.193936,3.7664227,2.0027487,2.4235504,2.0270357,2.2496367,3.0994604,2.9429684,2.998188,2.801332,2.7279909,2.722335,2.823704,3.201475,3.7301533,3.7549994,2.915163,2.9566927,4.3297205,3.9916003,3.9176672,4.175358,4.0305777,4.242433,4.380789,4.1715164,4.0224676,3.9362266,3.9728954,3.925982,3.9577084,3.8361921,3.7712667,4.1010404,3.7796261,3.2161357,2.979125,2.9180567,3.95018,3.9611518,3.1176772,3.1081066,3.8117318,3.6354764,3.4288435,3.6730897,3.9068766,3.8339329,3.7426264,3.7171547,2.569199,3.1691778,3.74806,3.4646683,3.0513022,2.8941524,2.9386704,3.0433807,3.4960754,3.7777212,3.489574,3.2813187,3.1247213,2.604171,3.3788216,3.368168,3.3671508,2.19093,2.0208032,2.9009678,3.0496125,3.0462215,3.0746455,3.0754728,2.7585506,2.9650772,3.4880674,3.2102156,2.594604,2.5966697,2.7816496,3.1496696,3.8470647,3.4833379,4.4590364,4.5238614,3.2804294,3.2210498,3.5522473,3.1739974,3.4717665,3.4963715,3.5028322,3.6002252,2.9381502,2.422772,2.3704984,2.415201
13,3.476138,3.8622758,4.4690013,4.014615,4.160329,3.8861818,5.384136,5.0446887,3.3816347,3.4035041,2.9677923,3.0085304,2.50192,0.0,2.6455746,3.2417874,4.6308184,4.488818,3.8529022,4.0754337,3.3750172,3.5039525,3.5816052,4.1269426,2.3728032,2.4753585,2.140238,2.0709455,2.4249532,2.3529093,1.9595141,2.421829,2.1370375,2.507,2.1836686,2.3405433,2.9318433,2.8010697,3.0049238,2.8041832,2.6711442,2.569203,2.4618785,2.8729506,3.7569375,3.7722576,2.9489884,3.0234401,4.3336167,4.026388,3.940086,4.1632276,3.9890845,4.2037487,4.321042,4.1209984,3.9135382,3.8200016,3.8675292,3.8233678,3.9822123,3.8806686,3.8429728,4.1506186,3.266732,2.563648,2.3702471,2.1322837,3.3039455,3.3031378,2.091647,2.2968006,3.1001601,2.8442466,2.6892707,3.057915,3.15146,3.0594687,2.980106,2.9461546,1.661831,2.548875,3.1561408,2.802422,2.4433563,2.221021,2.220721,2.3292665,2.9913263,3.226086,2.7916584,2.6683884,2.673561,1.9814534,2.658334,2.6173975,3.186267,2.0462966,1.9444975,3.0150568,2.8985598,2.926189,2.9291248,2.8816254,3.1863575,3.285477,3.755884,2.9490123,2.3019316,2.2143774,2.4734697,3.4846096,3.772233,3.247017,4.421336,4.4913883,3.0236661,2.947491,3.064143,3.0183775,3.1629734,3.1519377,3.4696622,3.552935,3.010004,2.4073734,2.3333313,3.3045957
14,2.4693112,2.5569775,3.328043,2.931288,2.4955635,2.1968343,4.1873264,4.028195,2.6855984,2.6360755,2.465986,2.2857323,2.9189363,2.6455746,0.0,1.7090672,3.292448,3.3298252,2.3922923,2.7110312,2.5685644,2.2008922,2.3617518,2.957801,1.8051041,2.0167875,1.8268566,2.2023182,1.6464174,1.6390095,2.155949,2.0579004,1.4518365,1.809889,1.4160118,0.9071682,1.9814221,2.1936305,2.420954,2.4109135,1.2050859,1.1824673,1.0838597,1.8319753,2.5138664,2.5291677,2.3993266,2.0745833,2.934786,2.837906,2.8421516,2.9065275,2.3987942,2.7043822,3.0447152,2.620396,2.4615297,2.4125361,2.4079957,2.4066408,2.8670373,2.6859467,2.6313667,2.981191,2.4428327,2.2202845,1.6008596,2.6614437,1.9750289,1.9649545,1.547636,1.5305068,2.6692398,2.381177,2.0965786,2.0414138,2.743393,2.6465106,2.484897,2.525228,2.0402918,1.6734197,2.7951612,2.3351555,2.4124591,3.015546,2.1907437,1.5048177,2.6432192,2.701336,2.56356,2.598012,3.1381042,2.419097,2.4216156,2.4395335,2.3915,1.7004228,1.6962757,2.0723755,1.0134541,1.0829837,0.784,0.7758815,2.1287918,1.6440859,2.3813324,1.3649405,1.8383815,1.7152644,1.1861545,1.6311975,2.1508405,1.2934487,2.9941933,2.9864087,1.5812936,1.4036667,1.6664323,1.7268271,2.29794,2.3418639,2.161263,2.0511665,1.7495618,1.3590358,1.4502858,2.2022123
15,3.3328426,2.8772893,3.9357858,3.6141813,2.8037834,3.0090601,4.4103208,4.6601367,2.4022074,2.4346077,2.1506505,1.9041271,2.2246022,3.2417874,1.7090672,0.0,3.9728444,3.8919833,3.1120822,3.3725607,2.7683234,2.7780707,2.8464806,3.3926973,2.5205219,2.7213879,2.5437102,2.8198993,2.3649783,2.4272103,3.0182843,3.147032,1.7310787,2.0629258,1.6563262,1.3356138,2.561501,2.630128,2.809038,2.700153,1.944308,1.9953496,2.1060243,2.5057108,2.8900957,2.917723,2.630234,2.5619926,3.5864055,3.4906607,3.498562,3.545822,3.1583037,3.4330873,3.7838988,3.380064,3.343367,3.2463324,3.2847066,3.2314413,3.5920358,3.4443314,3.3790507,3.734901,3.326767,3.028061,2.5564818,3.4016168,3.2378561,3.2365935,2.6375957,2.6121628,3.4108565,3.214798,3.0649953,3.0549695,3.5799894,3.4909759,3.4093635,3.420898,2.8460627,2.7209904,3.6346853,3.3074775,3.225678,3.3887315,3.0698664,2.6955898,3.4542017,3.5049322,3.4210234,3.4344888,3.7190819,3.0657122,3.2758663,3.275396,3.0628126,2.1528552,1.8864834,2.539773,1.8590912,1.852969,1.8078157,1.8134477,2.2045321,2.205292,2.8876069,2.296992,2.3791366,2.3423514,2.0492504,2.240411,2.8772142,2.3297453,3.5114233,3.5119624,2.4483986,2.384322,2.748169,2.5122712,3.0720968,3.0959237,2.8899279,2.7161782,2.4222286,1.9891529,2.0225413,1.7570426
16,2.7642455,2.8571913,3.5775833,3.2511997,2.9429495,2.7455564,4.5737095,4.4291167,3.992896,4.0318546,3.779602,3.7039335,4.896138,4.6308184,3.292448,3.9728444,0.0,1.5819777,2.9918945,3.3220222,4.4461064,3.569906,3.6920085,4.2751203,3.4014533,3.524326,3.4566097,3.8492777,3.4040358,3.5511622,4.064091,3.5839612,3.7281435,3.9343927,3.7118068,3.642159,3.526133,3.7204657,3.8778632,4.113328,3.2671,3.2886949,3.3261087,3.5390685,2.399641,2.3654063,3.9116979,3.8473945,3.150672,3.3873472,3.324075,3.371525,3.0264888,3.2942908,3.5572515,3.095885,2.783879,2.8096197,2.6259327,2.6099246,4.1711245,3.034309,3.0826569,3.5500145,3.6257582,3.7868361,3.4310417,4.4634647,2.8617382,2.8746955,3.4500458,3.5617764,3.9469597,3.7925317,3.6156101,3.3784647,2.9210637,2.9526193,2.5525026,2.6813183,3.9912953,3.4185932,3.6998184,3.503798,3.5880277,4.943996,3.6243007,3.3417292,3.5384202,3.554125,3.5081377,3.7586067,4.6872735,4.1716776,3.5845833,3.6561275,3.3127666,3.7411864,4.14271,3.3253217,3.1462712,3.150775,3.1341906,3.1925504,4.2851787,3.4183574,4.512646,2.6983156,3.9222713,3.877955,3.3598003,3.6122227,3.4932077,2.8894093,3.6128287,3.6123936,2.9413633,2.890575,2.9645524,2.9814887,3.5360081,3.478852,3.3609195,3.166967,3.5639806,3.4167402,3.5136979,3.890493
17,2.8097107,2.8526552,4.4202614,3.9013114,3.1719425,2.7036042,4.5944786,4.522836,3.9075892,3.9255676,3.7112553,3.6161718,4.6820574,4.488818,3.3298252,3.8919833,1.5819777,0.0,3.1807458,3.0748987,4.2051783,3.328058,3.4144046,4.1524644,3.417142,3.5114312,3.353451,3.6295693,3.4682581,3.60677,3.863686,3.6108816,3.785178,3.9682157,3.7611527,3.6711054,3.6053689,3.712089,3.8334007,4.053342,3.2594066,3.3075044,3.3388724,3.5593746,2.849558,2.8244,3.8019462,3.8262858,3.562712,3.3359616,3.3122535,3.396809,3.0704753,3.330749,3.5718834,3.1659958,2.866937,2.82881,2.7638845,2.7027252,4.1128483,3.0680313,3.102824,3.537202,3.524022,3.675978,3.3563268,4.1208262,2.909235,2.9208913,3.4544332,3.5213032,3.9365847,3.8251827,3.5853834,3.5210218,2.9300363,2.9607387,2.6283329,2.7409232,4.078221,3.4659152,3.9031246,3.7578316,3.645227,4.9587684,3.6899776,3.3242104,3.534944,3.5727491,3.4012952,3.69855,4.5991507,4.0897446,3.589802,3.5868611,2.9428246,3.3913896,3.8400311,3.0556657,3.0140634,3.0267103,3.0440338,3.0944915,4.2402806,3.4107466,4.4381084,2.6363864,3.527724,3.5119348,3.2806325,3.5420117,3.3494723,2.8631334,4.5144043,4.5195446,2.874726,2.830959,2.9244263,2.9555845,3.278217,3.230164,3.2968616,3.1104531,3.4735525,3.2671235,3.3585975,3.743217
18,1.5963438,1.963907,3.087641,2.4506423,2.0127475,1.6617858,4.1262727,4.000845,2.750519,2.6272304,2.3235855,2.2363617,3.9147573,3.8529022,2.3922923,3.1120822,2.9918945,3.1807458,0.0,1.1004401,3.0492117,1.8339525,1.9341321,3.0620213,2.4380717,2.4843085,2.4011889,2.8998048,2.272761,2.3715303,3.0761392,2.5474389,2.9764502,3.2311993,2.9589148,2.748012,2.6694765,2.7986696,3.1168027,3.3268023,2.1959534,2.2650201,2.3420792,2.7112708,2.6221693,2.627187,3.2632332,2.6765773,2.7236645,2.110239,1.8840513,2.5197916,2.1026788,2.6354036,2.5593908,2.0110178,2.0219262,1.9895709,1.7859639,1.8017259,1.9575936,1.6039749,1.698268,2.4029498,1.8664213,2.315721,2.0308604,3.6290522,1.3777461,1.3726571,2.1727607,2.2194068,2.9160583,2.742627,2.4509566,2.0731668,2.8770194,2.883608,2.7143252,2.7332995,2.8023443,2.0832312,2.4353209,2.096744,2.197849,3.9296298,2.361789,1.9939889,2.1593451,2.535922,2.9088953,2.5837634,3.5692787,2.9679837,2.7975528,2.7695026,2.3974838,2.8696094,3.3450394,2.5547168,1.9491364,2.006959,2.0342908,2.0429986,3.5539713,2.6308851,3.1363728,1.7295539,3.0440617,2.9551957,2.3217447,2.6717896,2.3973129,1.5770882,3.1231158,3.1006534,1.7190801,1.6653705,1.7067432,1.8422416,1.816114,1.766363,1.769239,2.2223802,2.2812228,1.8651904,1.9183912,2.619267
19,2.088878,2.3809807,4.0640593,3.3906205,2.645495,1.9877464,4.2207985,4.118795,3.0056462,2.8357222,2.59794,2.5380428,4.1377845,4.0754337,2.7110312,3.3725607,3.3220222,3.0748987,1.1004401,0.0,2.7795823,1.4160582,1.4901227,2.8915467,2.7693956,2.7479699,2.6898558,3.1860516,2.635439,2.733049,3.3827047,2.7808473,3.2596583,3.4123878,3.2491565,3.0627224,3.116365,3.2516427,3.5363033,3.7213058,2.518893,2.6023686,2.6332219,3.0016325,2.9286377,2.9353986,3.5337331,2.935164,3.3370347,2.3295295,2.2667253,2.8132389,2.4730344,2.8492749,2.7294972,2.4266133,2.4026456,2.363052,2.296375,2.3058512,2.2466514,2.0393867,2.02717,2.598229,2.1515465,2.565803,2.3437216,3.767378,1.7411056,1.7232723,2.4098427,2.4367545,3.1523159,2.9665303,2.712229,2.3154597,3.130192,3.1394253,2.9546185,2.982575,3.1047688,2.4333777,2.6473176,2.3848758,2.4217534,4.036828,2.632919,2.230596,2.4573781,2.8077435,2.9604697,2.6746569,3.6624153,3.1057591,2.9593425,2.908301,2.613012,3.0582352,3.5382833,2.8725555,2.1704879,2.2160017,2.2788713,2.2876635,3.6887012,2.8655827,3.257983,1.9609345,3.1785643,3.0921748,2.47778,2.8226423,2.541448,1.8912123,4.0214133,4.0044775,1.9852015,1.9576402,1.9364471,2.0938106,1.8402584,1.8389891,1.9865173,2.4008992,2.354912,2.0870159,2.133845,2.8307495
20,3.8463788,4.0157747,5.1624737,4.7137585,4.2000318,3.76438,5.198822,5.104734,3.2290134,3.0521755,2.8136847,2.7182043,3.35157,3.3750172,2.5685644,2.7683234,4.4461064,4.2051783,3.0492117,2.7795823,0.0,1.4121181,1.3541944,2.8461685,2.9825132,2.9156885,2.8593605,3.3448994,2.8388004,2.930102,3.6101904,3.1254313,2.7026787,2.7774436,2.7316477,2.4133217,3.5075266,3.6236827,3.8791966,3.715717,2.8547096,2.8409011,2.835122,3.1686974,3.0806954,3.1045933,3.6216106,2.9226897,4.8126326,4.082434,4.007312,4.364489,3.9574916,4.1886477,4.246972,4.1981096,4.1362805,4.0931654,4.1201935,4.117415,3.9970517,3.9154482,3.8857074,4.1182313,3.0849233,2.717887,2.4577448,3.9419374,3.3644876,3.328465,2.4996216,2.5633707,3.3661861,3.1142683,2.9997647,2.629384,3.3752792,3.3536434,3.252985,3.2589064,2.7386131,2.776345,3.0566525,2.8755028,2.8587215,2.625975,2.90369,2.426517,3.453496,3.7416623,3.1200447,2.8767917,3.3069038,2.5862055,3.2977304,3.2388823,4.0028467,3.1462042,3.0302083,3.8737953,2.4864893,2.589261,2.5890644,2.57406,2.6075523,2.9067504,3.2911732,2.8220568,3.1833005,3.0464776,2.4198658,2.6672215,3.3567524,2.7842722,4.6459017,4.6386585,2.9610775,2.9250221,3.0148065,3.0602021,2.953399,2.9308307,3.0043654,3.3570898,2.505786,2.2531054,2.2754982,2.9896364
21,2.7561312,3.0248902,4.40449,3.856006,3.2261622,2.6434476,4.4923434,4.3688073,2.8707855,2.6818004,2.378015,2.2794015,3.5650597,3.5039525,2.2008922,2.7780707,3.569906,3.328058,1.8339525,1.4160582,1.4121181,0.0,0.30592954,2.3815403,2.5481079,2.497105,2.4321778,2.9915805,2.3659244,2.4852002,3.2330334,2.6194146,2.664688,2.813437,2.6756918,2.383868,2.9922779,3.1563241,3.4398444,3.4516177,2.3137047,2.3482542,2.3537116,2.7181156,2.6348686,2.6507368,3.250785,2.5711958,3.895985,3.0626671,2.9790382,3.3984091,2.9968572,3.3197465,3.3031032,3.1497476,3.0780957,3.0427165,3.016165,3.0165358,2.9658911,2.7922783,2.771821,3.1344864,2.2741961,2.3034616,1.984479,3.6520207,2.2454593,2.2070835,2.024288,2.0535882,2.9266737,2.658211,2.520105,2.0515215,2.9307084,2.9115412,2.7564943,2.7794933,2.5950186,2.2312088,2.556263,2.241909,2.314337,3.1653702,2.4366677,1.8618742,2.7042987,3.0391023,2.741319,2.4637508,3.2964532,2.5543761,2.8454325,2.7937005,3.1091306,2.8087704,3.017418,3.1242132,1.881993,1.987988,1.9860516,1.9876564,2.8509567,2.5072384,2.9442892,1.9708328,2.9048605,2.7764478,2.050546,2.3489022,2.69081,1.9318807,4.1063757,4.090232,2.1238523,2.0599048,2.1262228,2.2406938,2.084237,2.0705345,2.140652,2.5670536,1.9981408,1.7195749,1.7711413,2.574386
22,2.85323,3.133498,4.534516,3.9800014,3.3199358,2.7472072,4.6051283,4.506126,2.957183,2.7688453,2.441604,2.3364384,3.6027045,3.5816052,2.3617518,2.8464806,3.6920085,3.4144046,1.9341321,1.4901227,1.3541944,0.30592954,0.0,2.5396075,2.6205664,2.5580573,2.4945607,3.0542397,2.497251,2.6159883,3.337208,2.7197118,2.7920318,2.9471676,2.798018,2.5096455,3.056832,3.1913521,3.4667187,3.465251,2.4257796,2.4584033,2.4934902,2.792369,2.7255292,2.7419074,3.314083,2.6531496,4.0059814,3.168626,3.0438263,3.4869144,3.0828278,3.448011,3.4402668,3.2461064,3.248702,3.212193,3.1580772,3.1514492,3.0477226,2.896998,2.9173272,3.3330126,2.304374,2.3217697,2.045058,3.7718625,2.407496,2.3682935,2.1297739,2.1757555,2.9793627,2.743873,2.621489,2.1713758,3.0202372,3.0161536,2.8593087,2.875231,2.7045135,2.3475053,2.6153235,2.3801477,2.371633,3.1690915,2.5356562,1.9657972,2.7229383,3.0673215,2.799982,2.4987662,3.3603911,2.6000109,2.9211411,2.850044,3.1993139,2.8871136,3.0892818,3.231476,1.9790075,2.0816767,2.1250286,2.1173334,2.9131198,2.6274807,3.0404615,2.106922,3.0274935,2.901061,2.2085662,2.4981856,2.7788217,2.037709,4.2215056,4.2048283,2.2318285,2.2101343,2.245322,2.3593645,2.1600428,2.139371,2.2368531,2.6680348,2.1986194,1.786341,1.8371308,2.667689
23,3.6271894,3.8540823,4.900593,4.480085,3.9049377,3.4616463,5.168625,5.076755,3.5016236,3.3653452,3.189527,3.1183195,4.140935,4.1269426,2.957801,3.3926973,4.2751203,4.1524644,3.0620213,2.8915467,2.8461685,2.3815403,2.5396075,0.0,3.4730885,3.4846845,3.4427938,3.8334768,3.2743065,3.3718848,4.0053267,3.556789,3.309077,3.4244816,3.30171,3.0592306,3.5031064,3.786014,4.037843,4.0497246,3.105477,3.1645875,3.100469,3.4687014,3.41963,3.4471507,3.9386327,3.4943678,4.4014125,3.895822,3.8574996,4.162801,3.7431223,4.0423555,3.9872644,3.874525,3.8872623,3.8632104,3.8382635,3.851457,3.8655694,3.7258298,3.6805604,4.0035286,3.222418,3.5536232,3.3116686,4.6208787,3.1529603,3.1251206,3.0311623,2.9577243,3.7631085,3.519314,3.4179096,3.0401654,3.966723,3.7420702,3.8929753,3.8938,3.4420755,3.2360837,4.1646338,3.1334128,3.6006184,4.1682367,3.6750743,3.3190162,4.1699567,4.4111485,4.3211184,4.142425,4.4995985,4.004323,4.290833,4.2669873,4.0282016,3.7396498,3.795556,3.8648098,3.029937,3.0716612,3.0263195,3.0375338,3.7445395,3.5027623,3.8265712,3.1387446,3.8206897,3.7115908,3.2239587,3.4049666,3.8020937,3.3087082,4.717566,4.684944,3.1668918,3.1224062,3.563224,3.5689628,3.0494576,3.0909228,3.2257593,3.5047991,3.1339383,2.9893222,2.946253,2.4358943
24,1.9588704,2.2609615,3.3327212,2.8104818,2.6016335,2.3393548,4.4227996,4.2674236,2.648311,2.7788696,2.4041734,2.350565,3.1388705,2.3728032,1.8051041,2.5205219,3.4014533,3.417142,2.4380717,2.7693956,2.9825132,2.5481079,2.6205664,3.4730885,0.0,0.45581824,0.5532943,1.2040426,1.1481599,1.1566596,1.788066,1.5084122,2.145694,2.5317757,2.095508,2.02786,1.980495,1.92597,2.302959,2.3424265,2.0020278,1.9680803,1.9260098,2.3758929,2.834881,2.8543887,2.814948,2.317076,3.311262,3.1615515,3.0844674,3.2496681,2.8564909,3.1680791,3.5959992,2.9156408,2.88182,2.7866945,2.6448665,2.6423354,3.0485628,2.899485,2.7609458,3.21957,2.7678216,2.5827067,1.9062158,2.730071,2.0808494,2.069864,1.3863573,2.1102474,2.953258,2.7718143,2.4935796,2.209625,3.0247858,2.974795,2.4539502,2.6002274,2.078625,1.9099113,2.3596144,2.2616086,2.343689,3.2471936,2.0211854,1.7569342,2.235885,2.314547,2.3124955,2.496781,3.1087215,2.4422963,2.351272,2.2698824,2.3221712,1.8769677,2.063133,2.3362083,1.7071561,1.7219282,1.6879734,1.5897977,3.120755,2.7179406,3.0360684,1.7318897,2.2866004,2.209468,1.7126868,2.9776855,2.4930222,1.7332504,3.0206437,3.0635505,1.9779426,1.8619429,1.9304223,2.0603375,2.1481693,2.1510766,2.0331929,1.9354981,2.4868133,1.638562,1.545939,2.42663
25,2.0760894,2.4368396,3.442089,2.999549,2.7979074,2.4887085,4.4088206,4.22939,2.7283027,2.8412437,2.4710267,2.4194062,3.2402296,2.4753585,2.0167875,2.7213879,3.524326,3.5114312,2.4843085,2.7479699,2.9156885,2.497105,2.5580573,3.4846845,0.45581824,0.0,0.64274806,1.2046622,1.4007951,1.4376649,1.991683,1.6862563,2.3462212,2.6341584,2.3087986,2.2336195,2.170869,2.1264136,2.4584334,2.4978456,2.204765,2.1668897,2.1063492,2.5356777,3.0144048,3.0345438,2.9320664,2.2107747,3.5109289,3.264583,3.179376,3.3527467,2.989798,3.247953,3.687307,3.0490189,3.044949,2.9760134,2.8148556,2.8335364,3.1176345,2.9846823,2.8031921,3.240469,2.8606272,2.7104473,1.9928311,2.8161194,2.1580558,2.13965,1.4372761,2.3158624,3.181045,2.9736977,2.7520373,2.3531682,3.239524,3.2049265,2.590201,2.7803202,2.1872735,2.071517,2.282851,2.3378475,2.3814511,3.2889986,2.123289,1.8259314,2.2930813,2.4452546,2.308812,2.5245233,3.1143782,2.4561353,2.490602,2.4060066,2.4627764,2.0412288,2.2250075,2.5411665,1.8485508,1.8749584,1.8600843,1.770013,3.2052026,2.8690324,3.0301228,1.92146,2.4415362,2.3642755,1.8572654,3.0767858,2.612918,1.8529595,3.108924,3.1550548,2.1250076,2.0399148,2.0667875,2.2207155,2.26472,2.2663112,1.9073175,1.9546893,2.6086974,1.7593143,1.6750195,2.5738437
26,1.9012501,2.286068,3.4064472,2.8272917,2.6835372,2.3865983,4.350645,4.159684,2.6066587,2.7017922,2.2785583,2.1993852,2.9775686,2.140238,1.8268566,2.5437102,3.4566097,3.353451,2.4011889,2.6898558,2.8593605,2.4321778,2.4945607,3.4427938,0.5532943,0.64274806,0.0,0.83046645,1.1555525,1.1835492,1.5059881,1.4857862,2.1979399,2.563279,2.1637013,2.0231342,2.084781,1.9772677,2.3413248,2.356084,2.0061216,1.971933,1.9279084,2.3539844,2.992673,3.0088873,2.6263013,2.154828,3.3986125,3.1090937,2.9663773,3.1801243,2.8563523,3.2147658,3.5324073,2.935588,2.878735,2.7711294,2.6708508,2.6496027,2.982316,2.808033,2.7225785,3.1716974,2.4924786,2.2810016,1.6329864,2.528833,2.0165896,1.998757,1.2267307,1.9507875,2.8815064,2.65415,2.4444094,2.319945,2.8868873,2.849049,2.4347777,2.5440934,2.0150957,1.9168932,2.4201505,2.3289065,2.219633,3.1380985,1.9815912,1.6339219,2.1836412,2.382819,2.3099313,2.4049408,3.0234625,2.2812104,2.3793712,2.2728162,2.1856134,1.687464,1.9074187,2.2307901,1.6486523,1.7061381,1.6967981,1.6057038,3.0796144,2.7427933,3.0569522,1.7395889,2.0298443,1.951295,1.7000663,2.9235137,2.555927,1.7444346,3.256678,3.2954843,1.9273031,1.8284656,1.9068199,2.0577254,2.1514266,2.1080701,2.02533,2.1323783,2.4552293,1.5244913,1.448673,2.439442
27,2.2224762,2.5597343,3.47067,3.0030005,2.9661443,2.7515817,4.486606,4.2820563,2.8067586,2.9158888,2.584685,2.480947,2.9542112,2.0709455,2.2023182,2.8198993,3.8492777,3.6295693,2.8998048,3.1860516,3.3448994,2.9915805,3.0542397,3.8334768,1.2040426,1.2046622,0.83046645,0.0,1.6960955,1.6952193,1.2912259,1.9431633,2.5286226,2.805909,2.4922369,2.3330112,2.3425176,2.1551394,2.425976,2.4247055,2.3332098,2.29746,2.2331512,2.6573944,3.5646396,3.578817,2.7145865,2.1916308,3.5897334,3.3235087,3.1479743,3.3543634,3.0931995,3.3837807,3.7357726,3.1500812,3.0987158,2.992692,2.921236,2.8988526,3.205124,3.060131,2.9671304,3.3265603,2.731097,2.5388155,1.8962413,2.2706077,2.378584,2.3719144,1.7128332,2.420766,3.2943614,3.1009223,2.8574603,2.8758755,3.223047,3.1885433,2.8205028,2.9493997,2.3333452,2.3085604,2.8730576,2.8737462,2.6095183,3.446813,2.3970249,2.1010776,2.5399716,2.75981,2.6314404,2.8020802,3.182559,2.54439,2.7881262,2.657653,2.1613157,1.626646,1.8134491,2.2123497,2.0290592,2.0923922,2.0852213,2.009202,3.3401802,3.0359046,3.2201684,2.2249885,1.8727938,1.8371878,2.1022365,3.1567166,2.8449047,2.1916702,3.465634,3.5148778,2.2661874,2.1910744,2.3276064,2.460946,2.5440662,2.469641,2.2420416,2.4343278,2.8523474,1.9603912,1.8973119,2.710112
28,2.0613782,2.250057,3.4239066,2.7968874,2.6937048,2.4909573,4.285853,4.1324773,2.4633782,2.5971828,2.17986,2.1722853,3.0794077,2.4249532,1.6464174,2.3649783,3.4040358,3.4682581,2.272761,2.635439,2.8388004,2.3659244,2.497251,3.2743065,1.1481599,1.4007951,1.1555525,1.6960955,0.0,0.486643,1.6219882,1.4109113,2.031355,2.6036534,2.0020244,1.8846732,2.165424,2.2113984,2.6626594,2.6446183,2.0298436,2.0204844,1.9796605,2.455298,2.7806218,2.7947407,2.7446003,2.4089103,3.4792535,3.2834945,3.1966891,3.3275714,3.1229043,3.4359324,3.6563597,3.1441476,2.7685864,2.6333861,2.5927923,2.577559,3.0312517,2.9324834,2.8174198,2.9833364,2.6591825,2.4545498,1.8022909,2.8164363,2.069315,2.0533974,1.5740457,1.7894546,2.7083857,2.4363494,2.2195919,2.0765846,2.7132628,2.6772273,2.4786856,2.523788,1.8750533,1.9351069,2.3717363,2.0154846,2.3770518,3.2078683,1.8104373,1.7087933,2.3240805,2.3456461,2.4054883,2.4387643,3.041871,2.3205795,2.2148805,2.1420555,2.4640396,1.9453292,2.0991983,2.3058364,1.7560194,1.8337021,1.5731602,1.5095525,2.863315,2.4593856,2.8587537,1.5006495,2.09621,1.9928087,1.5523064,2.7263489,2.5876038,1.8196329,3.1963432,3.2281985,1.9904969,1.6017951,1.7760842,1.8421179,2.1591015,2.0755532,2.2982621,2.2283313,2.0241234,1.6970065,1.5907829,2.3596985
29,2.117051,2.237919,3.41665,2.7367353,2.6683724,2.4565203,4.217432,4.045771,2.5914643,2.6935585,2.2923684,2.306569,3.1061556,2.3529093,1.6390095,2.4272103,3.5511622,3.60677,2.3715303,2.733049,2.930102,2.4852002,2.6159883,3.3718848,1.1566596,1.4376649,1.1835492,1.6952193,0.486643,0.0,1.4496645,1.2941227,2.0485916,2.564962,2.0340548,1.9183483,2.3584251,2.3681686,2.7907243,2.7768135,2.0979478,2.0836365,2.0029695,2.5019646,2.9305243,2.943072,2.7601159,2.507031,3.407216,3.1897128,3.1629763,3.2850728,3.0661077,3.322208,3.506111,3.093227,2.6913023,2.5522676,2.6074426,2.5805378,2.9155607,2.89263,2.795931,2.9084637,2.7057211,2.4388273,1.8979484,2.6356697,2.0995672,2.077445,1.5973977,1.7465384,2.672534,2.3722017,2.1767771,2.1442688,2.7953234,2.74189,2.5854983,2.5957816,1.9244097,1.9799213,2.4707985,2.0753348,2.4021695,3.1984262,1.8281897,1.6996697,2.424133,2.416844,2.4066179,2.403949,3.086256,2.3852744,2.1726282,2.1223326,2.458902,1.9817599,2.1471355,2.3821168,1.8693045,1.9310341,1.6990821,1.6157458,2.9631395,2.5676498,2.9232454,1.6135805,1.9799185,1.8907899,1.4136012,2.7227378,2.5727558,1.8366609,3.234418,3.264538,2.0542486,1.700287,1.8281981,1.9198959,2.208648,2.164744,2.4397418,2.3554132,1.9435266,1.7266891,1.6162155,2.4582815
30,2.4265015,2.7295694,3.6312253,3.017395,3.1343944,2.8626685,4.4926763,4.198233,3.1861732,3.2543375,2.9190495,2.881126,3.193936,1.9595141,2.155949,3.0182843,4.064091,3.863686,3.0761392,3.3827047,3.6101904,3.2330334,3.337208,4.0053267,1.788066,1.991683,1.5059881,1.2912259,1.6219882,1.4496645,0.0,1.6188397,2.560803,2.9423501,2.5448856,2.385922,2.6411731,2.5244467,2.8182461,2.7700272,2.4199073,2.3831692,2.270759,2.686053,3.7774608,3.7828608,2.663681,2.614117,3.5534098,3.348354,3.213414,3.3379855,3.2269037,3.4800947,3.6510456,3.2531965,2.926687,2.7932565,2.879372,2.8176537,3.1128113,3.126659,3.145237,3.2521458,2.6615438,2.3738544,1.9386288,1.990757,2.4188173,2.4070106,1.9470339,2.114204,2.9364393,2.692863,2.5140693,2.876873,2.9953527,2.9545906,2.9603102,2.9553518,2.2411416,2.3800213,3.0757341,2.8177242,2.6902628,3.4258723,2.2761936,2.100142,2.6707752,2.7058628,2.6731448,2.7287204,3.252683,2.568562,2.5267913,2.4040287,2.2038898,1.7154592,1.919451,2.2160318,2.2809398,2.3570676,2.2281146,2.1525755,3.3217387,2.967785,3.218278,2.203133,1.5199836,1.4648552,2.0325654,3.055318,2.9832397,2.3633294,3.7531724,3.7931042,2.3330085,2.1010706,2.2217584,2.3787515,2.6520903,2.5505102,2.815808,2.8403425,2.6444976,2.1988754,2.1350403,3.0699744
