,0,1,2,3,4,5,6,7,8,9,10,11,12,13,14,15,16,17,18,19,20,21,22,23,24,25,26,27,28,29,30,31,32,33,34,35,36,37,38,39,40,41,42,43,44,45,46,47,48,49,50,51,52,53,54,55,56,57,58,59,60,61,62,63,64,65,66,67,68,69,70,71,72,73,74,75,76,77,78,79,80,81,82,83,84,85,86,87,88,89,90,91,92,93,94,95,96,97,98,99,100,101,102,103,104,105,106,107,108,109,110,111,112,113,114,115,116,117,118,119,120,121,122,123,124,125,126,127
0,0.0,2.705866,2.2593956,2.1714094,2.727902,2.7489862,2.5822828,1.5384189,1.9861051,2.4440982,2.311857,2.3180861,2.82941,2.5250862,1.7135806,1.9216394,3.040424,3.0108192,3.7201414,3.5285363,3.3470669,3.066047,3.0429366,3.3546965,2.9221187,2.978767,2.739075,2.7261817,1.8242521,2.8523877,2.9496336,2.1599429,3.68862,2.9471073,3.1506875,3.7535503,2.9190798,2.8930106,2.8601751,2.885139,2.7919104,2.8691597,3.7583735,3.244413,3.378215,4.2378325,3.848146,3.8441894,2.5180783,2.4407916,2.6030006,2.4906297,2.3397427,2.525188,2.544883,2.4455462,2.0995436,2.1053667,2.1092622,2.1152816,1.3814847,1.4043132,1.3113015,1.37707,4.132232,4.2838407,5.2478085,5.667474,4.369262,4.5891147,4.3550324,4.274062,4.4718366,4.4942794,5.3036013,4.5317106,5.370959,5.450275,4.9782653,4.9782653,4.046167,4.0580487,3.0185473,4.0435214,3.8749726,3.8898308,4.396606,4.404818,3.2249362,3.250052,3.718365,3.2415812,4.060313,3.98539,3.219507,3.2588162,4.7172823,4.633012,4.3385987,4.3329496,4.763067,4.765421,5.4086027,5.038977,3.959327,3.8185172,3.0826998,3.1857603,3.6610236,2.9249663,3.2273636,3.2647247,2.8664124,3.1567562,3.6273775,3.8367453,3.5578516,3.1377625,3.6451683,3.2221568,3.2902892,3.1214175,3.171153,3.2506356,2.9569223,2.9569223,3.1154513,2.9820752
1,2.705866,0.0,2.3926318,1.8790692,3.4694564,3.490234,3.3226795,1.9862689,1.3626157,1.8412597,1.87962,1.8318459,2.522265,2.243736,1.7886297,1.774758,1.6617523,1.850927,3.2119117,2.69949,1.6277143,1.9534492,1.9353898,2.4751716,2.656442,2.6062846,2.4379053,2.398762,3.196536,2.2232575,2.3519595,1.6611739,2.4544783,3.1092756,1.6933004,2.3201013,1.9115864,1.88611,1.871539,1.8773707,2.6624043,2.6936674,3.4262455,3.4764364,3.4538941,4.1953273,3.879226,3.8664408,2.2692504,2.2914915,2.4257991,2.0999613,1.9789321,2.0945268,1.5178001,2.0664184,2.915466,2.9134772,2.9514468,2.958318,2.7687185,2.7265959,2.7187386,2.7387035,3.0321085,3.1858468,4.4167027,4.556299,3.2653964,3.5177374,3.2357736,3.0778499,3.357099,3.3049653,4.3641815,3.3423986,4.1920013,4.207461,3.993773,3.993773,3.6138983,3.4173262,3.0646737,3.930663,3.850715,3.8727996,4.183644,4.205727,3.2713253,3.3086903,3.5110855,3.0650826,4.0312924,4.113749,3.2202656,3.261242,4.081824,4.066381,4.197913,4.193385,4.640694,4.5133433,5.063154,5.3656034,3.6626055,3.4267402,2.835782,2.8342173,3.1445286,2.5133328,2.6169813,2.5609832,2.3799,2.6382043,3.1487572,3.3964088,3.231138,3.0369868,3.0940292,2.4140968,2.723334,2.6057084,2.9690108,3.0435472,2.335014,2.335014,2.399435,2.5086517
2,2.2593956,2.3926318,0.0,0.8982672,2.5989814,2.6365225,2.4741395,1.9110844,1.5008723,2.190925,1.6062522,1.6484549,2.201734,2.23254,1.1393671,1.0954235,1.7634026,1.6527061,2.5149548,2.6591194,1.9623536,1.4978381,1.4546,2.1023326,2.3438222,2.3662362,1.7751511,1.8208632,2.68307,1.8792609,2.6413102,1.4439294,3.3855672,3.770924,2.744934,3.2445195,2.2932093,2.3036985,2.327153,2.28812,2.5133328,2.5571096,3.229644,3.2916884,2.733583,3.372869,3.2639544,3.2514277,1.4401035,1.2824892,1.4006058,1.3567171,1.2407622,1.6753293,1.9005784,1.3911145,2.8650315,2.863105,2.924702,2.9478781,2.1401155,2.156486,2.219936,2.2285953,2.6944294,2.7318544,4.245497,4.7880774,2.8876607,3.2162416,2.952804,2.938786,2.8251922,2.9088361,4.3036013,2.9559736,4.0831113,4.2187085,3.6360648,3.6360648,2.9471083,2.873647,2.4656968,3.5094066,3.4441152,3.4387908,3.5747337,3.5903783,3.2047348,3.2371397,3.5381668,2.9428535,4.111927,4.0823803,2.8245788,2.8493328,4.193721,4.1324635,3.8000083,3.7959132,4.1286387,4.1105804,4.943199,5.2115493,3.0134473,3.0853434,2.261706,2.3933494,3.1389506,2.0417259,2.0288837,2.2289762,1.9827185,2.3852127,2.8481193,3.0303438,3.2896676,3.0335042,3.0930755,2.198034,2.5488346,2.1300886,1.6102475,1.6748704,2.1347516,2.1347516,2.1949291,2.2281497
3,2.1714094,1.8790692,0.8982672,0.0,2.7461529,2.783407,2.6232646,1.40058,1.0781784,1.8667942,0.9373374,0.97368747,2.1437044,1.8590908,0.79733175,0.72808266,1.4437902,1.3816868,2.6042547,2.4168417,1.8175572,1.3581694,1.3214415,2.0346992,2.2172163,2.2225685,1.6989968,1.7545717,2.6710787,1.8107883,2.271465,1.0730698,2.882328,3.3851948,2.324605,2.7502623,1.7618172,1.7660218,1.7866639,1.7538388,2.1785297,2.2311876,3.0908773,3.1219468,2.579861,3.3027816,3.1320713,3.1102755,1.028704,0.96035194,1.1123556,0.77360547,1.2218279,1.5667098,1.6599782,1.3818756,2.518692,2.5160882,2.5733414,2.5836987,1.9596001,1.9437828,1.9458365,1.9433515,2.500984,2.6059604,4.0925136,4.5408177,2.6747508,3.0090785,2.6795897,2.6568305,2.7571287,2.7922995,3.9264042,2.823783,4.0231686,4.082685,3.6098487,3.6098487,2.8812454,2.7390184,2.2338605,3.3937862,3.4197183,3.3323863,3.6334593,3.6518888,2.8546076,2.8959506,3.5398374,3.0135775,3.8402414,3.7686858,2.742313,2.7812917,4.0083895,3.9633584,3.7621696,3.7610707,4.0297685,3.9852011,4.833015,5.129319,3.0543294,2.8731883,2.1780362,2.2881756,2.903679,1.9268303,1.8606397,2.0578449,1.7783741,2.2077672,2.7316446,2.9776704,3.0692217,2.7757053,2.9047794,2.0422647,2.408794,2.0564716,1.8055799,1.9162524,1.8925236,1.8925236,1.9517212,1.9598354
4,2.727902,3.4694564,2.5989814,2.7461529,0.0,0.090473935,0.21300508,3.1752586,2.97025,4.0954337,3.1290977,3.1141343,3.1253626,3.2772884,2.8522506,2.8158329,3.5080302,3.4703066,3.9777923,4.0720887,3.5332391,3.4974957,3.4824016,3.5834703,3.4200702,3.4550602,3.2508554,3.2545803,3.1189206,3.3741932,3.545146,3.27351,4.288365,4.0550284,3.803333,4.2499976,3.5560203,3.5390842,3.527082,3.531183,4.440587,4.4684544,5.0627165,4.841645,1.8888081,2.425661,2.075189,2.1150467,3.1848273,3.1590383,3.327167,3.197673,3.1621559,3.3691018,3.4481761,3.3034773,3.3206136,3.3224766,3.3696892,3.3553925,2.840437,2.7769346,3.025029,3.0151856,3.9006455,4.017698,5.053511,5.567667,4.0058064,4.2427397,3.9964924,3.9336126,4.303007,4.2611775,5.5022674,4.273591,5.115627,5.246857,4.7530313,4.7530313,4.0514627,3.8970647,3.3479335,4.2365475,3.9249108,4.1734586,4.319183,4.356223,3.9534724,3.9769347,4.107217,3.5220938,4.582447,4.5757775,3.404847,3.465645,3.0256782,2.8560698,2.5145512,2.5166726,3.1524212,3.2597005,4.123248,4.053912,2.9999435,2.8141258,2.30275,2.3785655,3.7033699,3.1402774,3.3663642,3.3726516,3.1613827,3.3985527,3.8970509,4.009049,3.675247,3.3432221,3.8190098,3.4820879,4.187664,3.3900445,3.299755,3.308182,3.2049482,3.2049482,3.3209682,3.19402
5,2.7489862,3.490234,2.6365225,2.783407,0.090473935,0.0,0.21796978,3.2113066,2.9963074,4.122237,3.169328,3.1520305,3.1364737,3.289383,2.8785477,2.8442395,3.5326395,3.4956243,3.9908347,4.085522,3.5604618,3.5251982,3.5104973,3.601315,3.4629638,3.495311,3.3014364,3.3027124,3.168414,3.4206123,3.5498438,3.2951343,4.339484,4.105714,3.8492582,4.3048344,3.6125073,3.5949743,3.582644,3.5871701,4.477141,4.5040812,5.0903163,4.8705335,1.9097506,2.445195,2.0809946,2.1235054,3.2298496,3.2030337,3.3682845,3.2314224,3.1913495,3.3793738,3.474194,3.3303828,3.3427203,3.3449671,3.3911698,3.3763154,2.8828382,2.820561,3.0593631,3.0526023,3.9363327,4.055471,5.0929303,5.6079855,4.0447764,4.2831736,4.030076,3.9642584,4.3454103,4.298853,5.533443,4.3108745,5.167688,5.279412,4.784072,4.784072,4.095315,3.939193,3.3897204,4.2696075,3.954027,4.207965,4.3524685,4.3897405,3.9903803,4.01397,4.133123,3.5525427,4.589841,4.582961,3.4448059,3.50676,3.0302525,2.8648531,2.5084476,2.5116317,3.1633613,3.2709837,4.136623,4.067848,3.0377111,2.8468099,2.3351412,2.4100096,3.695492,3.1762,3.4110959,3.4122522,3.1913166,3.4336476,3.9373744,4.0555687,3.698824,3.3719122,3.8600273,3.529525,4.2231827,3.4258773,3.3318248,3.3398516,3.2429686,3.2429686,3.3569653,3.2277641
6,2.5822828,3.3226795,2.4741395,2.6232646,0.21300508,0.21796978,0.0,3.035612,2.822894,3.9404438,3.0198765,3.0050056,3.0037553,3.1603448,2.7086787,2.6815903,3.382372,3.3495812,3.87318,3.9635453,3.3963087,3.3761072,3.3596687,3.4830956,3.342575,3.3739696,3.166012,3.164088,3.0291042,3.2847357,3.4301188,3.1259844,4.2100453,3.9709446,3.6952868,4.174032,3.4705927,3.45474,3.4444048,3.4463518,4.311347,4.340157,4.946348,4.7216043,1.9400692,2.5206726,2.1634076,2.2028356,3.089281,3.0588448,3.234401,3.0916443,3.0251968,3.2174044,3.3019714,3.1738827,3.222531,3.2249088,3.275447,3.2650514,2.7367134,2.6746345,2.914005,2.9111671,3.8323953,3.9543467,5.0079722,5.5257964,3.95715,4.200719,3.9402282,3.8640854,4.235708,4.197358,5.440201,4.211369,5.059722,5.1741347,4.6732354,4.6732354,3.985049,3.8353403,3.2831204,4.1763234,3.8453412,4.095551,4.2323217,4.269345,3.8693306,3.8944314,3.9944131,3.4016607,4.4820666,4.476626,3.3120525,3.3771958,3.079954,2.922428,2.576966,2.5806036,3.2081387,3.3185544,4.171073,4.0980153,2.9888492,2.8166752,2.2672768,2.3479996,3.5939305,3.0364945,3.2767334,3.285072,3.0595973,3.3075483,3.8115203,3.9277663,3.6096337,3.272738,3.749694,3.3786933,4.066243,3.285964,3.1997945,3.2090714,3.0976048,3.0976048,3.2185893,3.0866013
7,1.5384189,1.9862689,1.9110844,1.40058,3.1752586,3.2113066,3.035612,0.0,1.4214407,1.683742,1.3120327,1.310215,2.487336,2.1706562,1.2436502,1.4168124,2.2329829,2.2227755,3.170391,2.8679295,2.6106954,2.4413667,2.4041739,2.751744,2.4419935,2.4740193,2.2316031,2.2396762,2.252162,2.2702878,2.558871,1.4104701,2.731274,2.6865766,2.4170024,2.823568,1.9165229,1.9069319,1.8949124,1.9007674,1.729644,1.8314254,2.968768,2.6044264,3.225214,4.1688595,3.772093,3.7509806,1.543624,1.5915697,1.8085556,1.5399623,1.9612615,2.1871052,2.092042,2.1169891,1.9816414,1.9859056,2.036087,2.0393019,1.4057603,1.3863447,1.258466,1.2755406,3.2867887,3.4575922,4.6041903,4.956491,3.4296885,3.6798668,3.4505963,3.3952105,3.603884,3.6395247,4.4779406,3.667678,4.521839,4.613487,4.2102175,4.2102175,3.3906822,3.2941346,2.4296246,3.5069253,3.5101948,3.5823562,4.004103,4.017733,2.8371809,2.8799007,3.5541098,3.0740156,3.8210452,3.752414,2.8074934,2.8466783,4.3959513,4.3567142,4.2255864,4.221768,4.604222,4.569158,5.1926455,5.1119485,3.5298069,3.2416499,2.6729639,2.780233,3.0636866,2.2754953,2.4884043,2.539897,2.1156132,2.4992602,3.0948925,3.366022,2.9953914,2.5530694,2.9120495,2.358094,2.5301547,2.4629104,2.569524,2.6609871,2.1538358,2.1538358,2.310314,2.2642589
8,1.9861051,1.3626157,1.5008723,1.0781784,2.97025,2.9963074,2.822894,1.4214407,0.0,1.2439042,1.2280753,1.124362,2.3656058,2.0610642,0.8014389,0.8229581,1.3477281,1.4075087,2.6712492,2.3141997,1.7662938,1.5695525,1.5609939,2.0192184,2.1538918,2.1226103,1.8782854,1.8569956,2.669817,1.9982389,2.4076571,0.82709575,2.6503675,3.124426,1.9466935,2.57057,1.8304843,1.8197384,1.8366954,1.8174971,2.133127,2.1734443,3.0496988,3.149568,2.9571595,3.7919528,3.417104,3.4025314,1.3617485,1.3115494,1.4671426,1.3251003,1.1704919,1.3537246,1.0868263,1.104229,2.802645,2.802714,2.8361447,2.8403044,2.03918,2.0304477,2.1392264,2.1725883,2.9066575,3.0250728,4.326294,4.614258,3.1082027,3.3921945,3.0506039,2.9176235,3.1101372,3.2058697,4.298138,3.2424948,4.313386,4.3378887,4.0150366,4.0150366,3.3869755,3.2255678,2.670659,3.7183938,3.646177,3.666743,4.046618,4.056325,3.0309434,3.0645626,3.6173978,3.063606,3.8787088,3.7624056,2.9961073,3.0248704,4.13386,4.0853004,3.9597306,3.9548943,4.1995645,4.1407485,4.994967,5.224555,3.2255707,3.3169737,2.5550952,2.6076136,3.031665,2.4571466,2.3602092,2.546382,2.140209,2.4788,3.0285847,3.2958863,3.119911,2.8840566,2.9114668,2.2702441,2.6554463,2.505509,2.5498304,2.6355586,2.30971,2.30971,2.392093,2.418817
9,2.4440982,1.8412597,2.190925,1.8667942,4.0954337,4.122237,3.9404438,1.683742,1.2439042,0.0,1.7363706,1.6693722,2.769813,2.493575,1.4897738,1.6100187,1.8442998,1.9031777,2.9078119,2.539136,2.203426,2.0597928,2.0416594,2.3667479,2.6464279,2.6224842,2.4020846,2.374758,3.1056664,2.4674096,2.7911575,1.178135,2.9092543,3.3925934,2.3117244,2.845506,2.2388108,2.2346659,2.2498715,2.2335727,1.5175371,1.5588429,2.6249132,2.8204849,4.0206437,4.86786,4.52023,4.499343,1.8383569,1.8101921,1.8455013,1.7859871,1.7243794,1.7577858,1.6114433,1.5628422,3.1264923,3.127987,3.150446,3.1631827,2.5336635,2.5653558,2.4792838,2.5358882,3.3107963,3.4058354,4.5898843,4.796641,3.5281692,3.7757125,3.509024,3.4062285,3.4196281,3.5371108,4.5252085,3.579455,4.614271,4.5792055,4.3012886,4.3012886,3.68774,3.6094966,3.078118,4.0261307,4.038869,4.037226,4.402332,4.3943453,3.4341872,3.4649844,4.012925,3.5175567,4.1930704,4.0527143,3.4643888,3.4675872,5.092528,5.080851,4.9627247,4.9561267,5.107689,5.0296702,5.755695,5.944346,3.9839573,4.086668,3.392544,3.439565,3.374976,2.8887482,2.8473246,2.95442,2.5681338,2.858143,3.2907383,3.5870044,3.4951396,3.3126087,3.2222672,2.7060177,2.5358577,2.8260484,2.922002,3.0030212,2.7458348,2.7458348,2.805543,2.8907506
10,2.311857,1.87962,1.6062522,0.9373374,3.1290977,3.169328,3.0198765,1.3120327,1.2280753,1.7363706,0.0,0.29248387,2.5481114,2.2576363,1.2711,1.3233488,1.9188235,1.9253918,2.987283,2.6274953,2.0886166,1.9554543,1.9205351,2.3089776,2.5591137,2.5425067,2.0563278,2.1156657,2.833669,2.2095175,2.6289942,1.3821725,2.4185371,2.8934455,2.0736473,2.2761703,1.5719645,1.5549631,1.5728661,1.5475279,2.0712113,2.0957148,2.9860942,3.0312304,2.7241197,3.4535155,3.3221653,3.289883,1.1189898,1.2365364,1.2006431,1.0030274,1.7330472,1.942665,2.0009472,1.7594962,2.5817375,2.583517,2.6208842,2.6201563,1.9102465,1.8789533,1.827173,1.825169,2.7055225,2.812372,4.258911,4.542307,2.8487246,3.169057,2.862061,2.9127185,2.9208694,3.0102243,4.0024757,3.027469,4.1431756,4.11072,3.8232675,3.8232675,3.0663927,2.9788916,2.3659844,3.551032,3.7754638,3.6515954,3.9403117,3.948877,3.1922228,3.2311707,4.0669494,3.5562165,4.1152997,3.9680102,3.1429827,3.1659584,4.0906863,4.0673423,4.0173078,4.014399,4.123109,4.018847,4.9355106,5.1227484,3.0398736,2.8513646,2.4019132,2.4691937,2.7885287,1.8437395,1.8084165,2.0273204,1.8938824,2.3719542,2.8227627,3.1540139,3.13233,2.8113363,2.939191,2.282619,2.370026,2.1411111,2.088948,2.1900988,1.8777858,1.8777858,1.942719,1.9840348
11,2.3180861,1.8318459,1.6484549,0.97368747,3.1141343,3.1520305,3.0050056,1.310215,1.124362,1.6693722,0.29248387,0.0,2.5557165,2.2612736,1.2327217,1.2715912,1.8338431,1.8499126,2.9480875,2.5737398,2.1019795,1.9397153,1.9122509,2.2346163,2.4972599,2.4776807,2.1052914,2.1574233,2.8931599,2.2332168,2.613602,1.2680405,2.4075146,2.9716303,2.115225,2.3184578,1.6171901,1.5981535,1.6268805,1.5933719,2.0557563,2.082515,3.001843,3.0680377,2.6957254,3.4835725,3.2380557,3.2057614,1.0130879,1.1678903,1.12494,0.957418,1.7561253,1.8811444,1.9174513,1.7184676,2.6345022,2.638004,2.673835,2.6774607,1.9336865,1.9005126,1.8823065,1.891685,2.7014666,2.8062265,4.2212615,4.5090327,2.793599,3.1133084,2.7993598,2.8302238,2.9133947,3.012357,4.0002728,3.0316043,4.1655836,4.0976143,3.8208704,3.8208704,3.0856094,2.9532585,2.3626928,3.5321414,3.7282972,3.6717563,3.9712725,3.9796512,3.1317317,3.1690931,4.041393,3.516686,4.0147896,3.8539717,3.0968366,3.1183162,3.979269,3.9612753,3.9048524,3.90159,4.0373397,3.9468925,4.8637652,5.072194,2.9584339,2.809951,2.3504248,2.4058812,2.7132242,1.998456,1.9003104,2.1221159,1.8853105,2.3328671,2.8551686,3.1788504,3.02801,2.7319605,2.8024178,2.19244,2.4448698,2.205574,2.1939287,2.2908003,1.9523529,1.9523529,2.012218,2.0633337
12,2.82941,2.522265,2.201734,2.1437044,3.1253626,3.1364737,3.0037553,2.487336,2.3656058,2.769813,2.5481114,2.5557165,0.0,1.2836567,2.1225677,2.0831609,2.4009826,2.3885374,3.019674,3.1368172,2.345242,2.4742742,2.4359682,2.4863532,2.8937714,2.9354296,2.6270819,2.6086435,3.2245102,2.7018328,1.3139437,2.129902,4.1165223,4.3552537,3.366504,3.9187052,2.840432,2.8263774,2.7997274,2.8142333,2.915933,2.9295888,3.7967453,3.779986,3.3600667,4.1135793,3.8334377,3.831892,2.7214947,2.7045765,2.7974405,2.1864731,2.5918078,2.7484162,2.8729172,2.6749086,2.2567937,2.2482586,2.3319402,2.3407738,3.3191907,3.3078516,2.9361937,2.980469,2.793201,2.9815333,4.2508864,4.798557,3.0636444,3.3572662,3.0472856,3.0221193,3.6324525,3.1611524,4.822214,3.1960428,4.5801835,4.6393466,3.9222307,3.9222307,3.063683,2.9021056,2.5086038,3.583192,3.2660782,3.587072,3.701249,3.7029302,3.4753642,3.5117693,3.7164543,3.0709991,4.1633987,4.1234646,2.805584,2.8061576,4.1467896,4.14522,3.9478288,3.9407115,4.1864734,4.2277794,4.921778,5.3711953,4.1516013,3.232564,2.6594222,2.7041757,3.0671244,2.4735076,3.1633484,2.5863018,2.269908,2.6084418,3.0758574,3.2621558,3.109222,2.8975127,3.400704,3.0293198,2.7391953,2.308582,2.3848982,2.3869724,2.594878,2.594878,2.5970297,2.5666866
13,2.5250862,2.243736,2.23254,1.8590908,3.2772884,3.289383,3.1603448,2.1706562,2.0610642,2.493575,2.2576363,2.2612736,1.2836567,0.0,1.7231684,1.6485811,2.1132338,2.1033583,3.1621072,2.8987198,2.562626,2.1722195,2.1573825,2.4022958,2.648222,2.687047,2.3870761,2.4002786,2.9762464,2.4373245,0.5774591,1.7882566,3.9070542,4.137742,3.1517413,3.7219756,2.5811286,2.548722,2.5289667,2.5402539,2.6306026,2.6674738,3.6493087,3.5982037,3.2373855,3.991335,3.6953409,3.6787176,2.4670012,2.4047568,2.4685252,1.8016077,2.2500343,2.4054875,2.5404081,2.3240917,1.85032,1.8366896,1.8743932,1.9253017,2.9647279,2.9564428,2.5475154,2.5851457,3.0118046,3.1983776,4.380243,4.928258,3.264851,3.544416,3.1780846,3.1226397,3.7691777,3.3639627,4.296647,3.391845,4.7252526,4.7944045,4.108711,4.108711,3.2785685,3.1108987,2.5549777,3.6565099,3.4245584,3.3862324,3.8888981,3.8940575,2.9094489,2.9537709,3.5962985,3.1946588,3.844257,3.7853823,2.9556832,2.97212,4.31594,4.307459,4.085805,4.0793557,4.3788643,4.421479,5.0793586,5.4925237,4.3309045,3.4315023,2.7759573,2.8214407,3.249017,2.6868467,3.0682528,2.7343104,2.379737,2.680517,3.1511054,3.3454926,3.139403,2.9191966,3.4661815,3.0748794,2.9110682,2.5698054,2.6279347,2.7259707,2.738345,2.738345,2.726187,2.6480558
14,1.7135806,1.7886297,1.1393671,0.79733175,2.8522506,2.8785477,2.7086787,1.2436502,0.8014389,1.4897738,1.2711,1.2327217,2.1225677,1.7231684,0.0,0.36714917,1.5036258,1.4416884,2.606101,2.3752775,2.0585518,1.5029216,1.4771361,1.9616886,2.24996,2.272775,1.8901159,1.9043305,2.5308888,1.9049605,2.1603615,0.6843152,3.1324906,3.4204445,2.473704,3.0452178,2.0954113,2.081243,2.0729518,2.0733821,1.9567304,2.0158324,2.9730887,2.9585402,2.8818243,3.701781,3.3876388,3.3723485,1.2641642,1.1338723,1.2488416,1.0415022,1.0333024,1.1987617,1.4747849,1.0827698,2.3726766,2.3726008,2.400332,2.3999367,1.7873242,1.8031267,1.718153,1.754998,2.8529437,2.9668388,4.2777634,4.683027,3.064559,3.3467357,3.0701358,2.9929504,3.1156652,3.1471283,4.215501,3.1828153,4.4613533,4.459894,3.9616208,3.9616208,3.167868,3.0552676,2.3786466,3.5127554,3.4356413,3.385983,3.8746781,3.8862264,2.8336678,2.8716433,3.3953624,2.9016757,3.6914053,3.6488304,2.8304067,2.8626828,4.2255564,4.187117,3.9166825,3.9133034,4.292183,4.262336,4.9489927,5.134596,3.3106267,3.214981,2.361467,2.4607456,2.9210565,2.2506702,2.2645833,2.355183,1.9264932,2.2509363,2.8442998,3.121504,2.9812372,2.7300828,2.9014053,2.32346,2.47064,2.2533047,2.1632967,2.274922,2.1433268,2.1433268,2.2144327,2.2340043
15,1.9216394,1.774758,1.0954235,0.72808266,2.8158329,2.8442395,2.6815903,1.4168124,0.8229581,1.6100187,1.3233488,1.2715912,2.0831609,1.6485811,0.36714917,0.0,1.2620231,1.2074277,2.4906993,2.246906,1.9900261,1.3269331,1.3083019,1.7918322,2.0125296,2.041842,1.6671797,1.6891369,2.5612454,1.6852807,2.0845861,0.71427494,3.069394,3.5007312,2.3881843,2.9730701,1.9640414,1.9510413,1.9608831,1.9436889,2.0186908,2.0734954,3.100928,3.1578357,2.749941,3.578809,3.236237,3.2186086,1.1671542,1.0109072,1.1701764,0.9267459,0.92146456,1.2702749,1.4246376,0.9759281,2.4590583,2.4562728,2.4891975,2.5096173,1.9147735,1.924378,1.9166698,1.9345162,2.791585,2.8931136,4.157151,4.613888,2.963318,3.2566655,2.966869,2.8651576,3.0587904,3.0777307,4.103036,3.1093652,4.28955,4.3805995,3.8756127,3.8756127,3.188182,3.020522,2.4567752,3.603994,3.4458427,3.4085944,3.861978,3.8746843,2.8243568,2.8653598,3.4001424,2.9154618,3.7991438,3.7516358,2.8475108,2.8799648,4.1045256,4.0580273,3.7917495,3.7878826,4.150824,4.162843,4.8506103,5.1263247,3.2517738,3.149548,2.2965055,2.3816407,3.0286818,2.3358219,2.2773306,2.3966365,1.9346354,2.2624109,2.81647,3.087455,2.9485226,2.700046,2.8711903,2.2784545,2.5774806,2.3164947,2.181907,2.2936862,2.2325683,2.2325683,2.287446,2.3144712
16,3.040424,1.6617523,1.7634026,1.4437902,3.5080302,3.5326395,3.382372,2.2329829,1.3477281,1.8442998,1.9188235,1.8338431,2.4009826,2.1132338,1.5036258,1.2620231,0.0,0.31450018,2.2490714,1.9567065,1.5643023,1.0128237,1.0188198,1.5826164,1.967175,1.9293007,1.7909867,1.777889,3.377131,1.6615463,2.3308682,1.2155292,2.9440546,4.0286283,2.256093,2.8235185,1.988128,1.9980019,2.0344493,1.9965508,2.295315,2.3344235,3.1731899,3.5507736,3.215267,3.9945655,3.600372,3.580908,1.5878155,1.4943136,1.6786453,1.426346,1.3066001,1.6500365,1.3777728,1.3373946,3.331109,3.3249176,3.3704164,3.3837986,2.9191759,2.9203987,3.01861,3.0223022,2.6886756,2.7680588,4.097915,4.444805,2.7798371,3.0948086,2.7673159,2.5646424,2.8482945,2.8720088,4.027264,2.906791,3.9623964,4.1898685,3.7683995,3.7683995,3.4714954,3.1480937,2.977274,3.9480624,3.7131722,3.7897167,4.1605897,4.180576,3.24254,3.2854438,3.5763378,3.1632721,4.197663,4.182362,3.222653,3.2499404,4.200904,4.1736946,4.0411415,4.0363536,4.411546,4.4345684,5.082525,5.680803,3.4913063,3.502926,2.7420626,2.7867656,3.3426921,2.8373818,2.5966446,2.7792373,2.3280814,2.6398962,3.1688416,3.4089024,3.242032,3.1144168,3.023201,2.299041,2.9414902,2.7477846,2.6087284,2.6915324,2.6495185,2.6495185,2.656774,2.7870705
17,3.0108192,1.850927,1.6527061,1.3816868,3.4703066,3.4956243,3.3495812,2.2227755,1.4075087,1.9031777,1.9253918,1.8499126,2.3885374,2.1033583,1.4416884,1.2074277,0.31450018,0.0,2.1650326,1.9483024,1.6767396,0.9859046,0.9887701,1.5621858,1.96094,1.9335437,1.7606034,1.7557861,3.3526204,1.639945,2.3526883,1.2101262,3.075079,4.1197286,2.4203672,2.9569566,2.0702765,2.0821388,2.0976071,2.081433,2.250796,2.2970703,3.0635736,3.4469402,3.1842802,3.960989,3.5793366,3.5590363,1.5155227,1.3945011,1.5875926,1.3553159,1.2550367,1.6218779,1.4697589,1.3065389,3.31729,3.3105314,3.3511992,3.3416474,2.8773293,2.8874698,2.9750147,2.974365,2.6705935,2.7516446,4.1496973,4.4755054,2.7611372,3.074855,2.7707632,2.5974133,2.8185313,2.8450067,4.0913787,2.8832238,4.0853963,4.3071475,3.8516123,3.8516123,3.4378116,3.1227236,2.8650188,3.8664176,3.6800497,3.7554743,4.206137,4.226876,3.2329612,3.2733526,3.5720782,3.1638808,4.189095,4.176361,3.2071044,3.229679,4.2542853,4.222206,4.047147,4.04113,4.455058,4.453716,5.1154647,5.709109,3.5065324,3.5255933,2.7206738,2.788341,3.3635235,2.8393312,2.5986104,2.790866,2.3276784,2.6477282,3.220848,3.4594746,3.2712066,3.1440558,3.0525146,2.34493,2.9541373,2.753,2.5431197,2.629003,2.6551309,2.6551309,2.6637886,2.8016522
18,3.7201414,3.2119117,2.5149548,2.6042547,3.9777923,3.9908347,3.87318,3.170391,2.6712492,2.9078119,2.987283,2.9480875,3.019674,3.1621072,2.606101,2.4906993,2.2490714,2.1650326,0.0,1.1331142,2.724657,2.4702606,2.4442124,2.5116193,2.7775314,2.7936888,2.6606886,2.5989933,4.383583,2.6735299,3.3905628,2.5193374,3.8949907,4.909467,3.4936645,3.9854648,3.201556,3.2207413,3.226245,3.2183616,3.0482867,3.0868208,3.6545284,4.0026116,3.8535478,4.6221275,4.2964716,4.2930255,2.6002724,2.5079665,2.6185198,2.485494,2.3472068,2.717973,2.7608886,2.431094,4.1192384,4.1111674,4.1639123,4.143166,3.6514385,3.6801758,3.7702103,3.718866,3.2206752,3.3250823,4.4788685,4.9024053,3.3759212,3.610901,3.4266267,3.3194594,3.346053,3.4228826,4.834126,3.4526894,4.4669147,4.8236723,4.2895217,4.2895217,4.511755,4.232666,4.1693034,4.938027,4.649658,4.90303,5.116049,5.1259384,4.6773505,4.7324343,4.693666,4.2991166,5.344025,5.406796,4.3412623,4.3310785,4.7875853,4.780994,4.42618,4.4182425,4.7405605,4.8107076,4.9556646,5.566655,3.717611,3.9501557,3.1974978,3.2823665,3.8977692,3.394569,3.9195118,3.3716776,2.4096112,3.1185932,3.5701752,4.508887,3.5909019,3.4777431,4.083608,3.5992985,3.4974458,3.3082805,2.894889,2.9132774,3.2217941,3.2217941,3.2014027,3.3022554
19,3.5285363,2.69949,2.6591194,2.4168417,4.0720887,4.085522,3.9635453,2.8679295,2.3141997,2.539136,2.6274953,2.5737398,3.1368172,2.8987198,2.3752775,2.246906,1.9567065,1.9483024,1.1331142,0.0,2.647319,2.279697,2.2690117,2.4707446,2.601563,2.591395,2.509296,2.4559195,4.2490687,2.4953883,3.1234946,2.2562294,3.332148,4.445,2.982949,3.4596684,2.77732,2.7810755,2.789537,2.7824285,2.8178627,2.864717,3.5515232,3.873657,3.7480674,4.53767,4.190203,4.176207,2.4070518,2.3351488,2.4154196,2.2270916,2.1479325,2.5041993,2.381645,2.205677,3.8690422,3.8601615,3.8934045,3.8831668,3.4079766,3.424262,3.5111473,3.451327,3.2921348,3.4268224,4.5100465,4.8384824,3.4575355,3.690978,3.436441,3.3059335,3.4526584,3.5312147,4.446353,3.5542152,4.47062,4.7892046,4.3798437,4.3798437,4.619823,4.330006,4.173879,4.994507,4.7757444,4.8543463,5.236713,5.247616,4.4095683,4.4696097,4.6912355,4.4013753,5.1697264,5.211646,4.419757,4.419052,4.725605,4.7260785,4.4889274,4.4814734,4.776518,4.8230243,4.9747143,5.547621,3.8041909,3.932166,3.229338,3.2815905,3.8403642,3.365274,3.7975748,3.3201916,2.3660386,3.0932987,3.525533,4.5086675,3.5172627,3.382086,4.0492253,3.5483382,3.4787602,3.3499002,3.1024485,3.1753304,3.158957,3.158957,3.1311197,3.2101355
20,3.3470669,1.6277143,1.9623536,1.8175572,3.5332391,3.5604618,3.3963087,2.6106954,1.7662938,2.203426,2.0886166,2.1019795,2.345242,2.562626,2.0585518,1.9900261,1.5643023,1.6767396,2.724657,2.647319,0.0,1.4381627,1.4027361,2.343969,2.912676,2.8675199,2.4160256,2.3949697,3.7352345,2.4217834,2.6970584,1.937869,3.0170095,3.9277263,2.188232,2.6670992,2.1968615,2.223992,2.2309182,2.2101097,2.9777267,2.9981809,3.5678918,3.8594851,3.578548,4.0657988,4.042587,4.036083,2.3079696,2.2922716,2.3768961,2.1293554,1.9398173,2.10076,1.734849,2.0164614,3.6230335,3.6168387,3.6925313,3.6789367,3.4034455,3.3754287,3.3774471,3.3923032,2.1991963,2.283907,3.8513312,4.0374637,2.5628603,2.8711197,2.5280628,2.403974,2.414527,2.3775816,4.2979093,2.4395103,3.7374508,3.801804,3.4350598,3.4350598,3.0336814,2.8688743,2.9643497,3.8683257,3.7064865,3.7213392,3.7934654,3.8116362,3.6478486,3.6844592,3.6871095,3.112232,4.285048,4.3095064,3.1295316,3.156036,4.290111,4.2767267,4.321658,4.319976,4.399106,4.368656,5.048681,5.6396704,3.4818854,3.438476,2.8560777,2.8769124,3.2587142,2.3281465,2.4355621,2.2635217,2.2715557,2.5274503,2.821826,3.0519986,3.5770195,3.4785032,3.2904084,2.262448,2.5422266,2.2358756,2.3480072,2.3655403,2.1795313,2.1795313,2.1730509,2.3170538
21,3.066047,1.9534492,1.4978381,1.3581694,3.4974957,3.5251982,3.3761072,2.4413667,1.5695525,2.0597928,1.9554543,1.9397153,2.4742742,2.1722195,1.5029216,1.3269331,1.0128237,0.9859046,2.4702606,2.279697,1.4381627,0.0,0.0946214,2.0064244,2.500676,2.4933836,2.0330274,2.070874,3.5116131,1.9138732,2.4393659,1.4636405,3.3121445,4.2394624,2.58605,3.0797424,2.2680454,2.2819736,2.29939,2.2674458,2.6637745,2.7187862,3.420908,3.7016745,3.384824,3.890994,3.7874768,3.768909,1.8094819,1.6612959,1.678844,1.5555856,1.2836906,1.5087318,1.3572428,1.2892783,3.3914826,3.383966,3.4307451,3.4410713,3.0235863,3.0279675,3.024021,3.0280151,2.4684167,2.4859433,3.909458,4.3064847,2.6921542,3.0014772,2.6967013,2.5949454,2.5541632,2.582447,3.896515,2.6485739,4.019898,4.084764,3.5993545,3.5993545,3.1477952,2.965533,2.890476,3.901016,3.7670054,3.573509,3.935272,3.952682,3.186696,3.2217076,3.5454166,3.130034,4.050183,4.0882745,3.1848729,3.2111769,4.509495,4.4836392,4.2957954,4.2932935,4.557297,4.546342,5.160389,5.7540307,3.5905588,3.596398,2.8106027,2.8631415,3.4774275,2.6379364,2.432053,2.51576,2.2798257,2.5137439,2.8664904,3.1062362,3.5719352,3.487983,3.3250227,2.2653859,2.7068646,2.4671755,2.2357957,2.3394744,2.4982545,2.4982545,2.456348,2.5854685
22,3.0429366,1.9353898,1.4546,1.3214415,3.4824016,3.5104973,3.3596687,2.4041739,1.5609939,2.0416594,1.9205351,1.9122509,2.4359682,2.1573825,1.4771361,1.3083019,1.0188198,0.9887701,2.4442124,2.2690117,1.4027361,0.0946214,0.0,1.985927,2.5088828,2.5045593,2.0227692,2.060456,3.494528,1.8895824,2.4281316,1.4444231,3.2976606,4.212235,2.570555,3.0635312,2.2494533,2.2637208,2.278196,2.2484286,2.6259887,2.679497,3.3949933,3.6690295,3.3730054,3.8825867,3.7910218,3.7730753,1.7856377,1.6394851,1.6585267,1.5269789,1.2587887,1.4958371,1.3802896,1.2879338,3.3523865,3.3450115,3.3929534,3.4016824,2.9916844,2.9963672,2.9827507,2.985694,2.4426718,2.4618971,3.891816,4.2891107,2.6734533,2.9848046,2.6919796,2.5970988,2.5327466,2.559831,3.903035,2.624061,4.00061,4.059354,3.5735278,3.5735278,3.1211054,2.9459915,2.8657482,3.886862,3.757828,3.569209,3.9119835,3.9296088,3.2058203,3.2417073,3.5377562,3.1151059,4.06191,4.1086407,3.1735473,3.2011273,4.501079,4.476732,4.2899895,4.287991,4.558859,4.5430408,5.1424594,5.7255573,3.565029,3.5598607,2.7779179,2.8333194,3.434861,2.5678356,2.3895533,2.4544857,2.2280912,2.4714508,2.8193367,3.0724726,3.544845,3.4533725,3.3060446,2.251912,2.6389415,2.4064753,2.1688263,2.2714934,2.4352293,2.4352293,2.3947382,2.531928
23,3.3546965,2.4751716,2.1023326,2.0346992,3.5834703,3.601315,3.4830956,2.751744,2.0192184,2.3667479,2.3089776,2.2346163,2.4863532,2.4022958,1.9616886,1.7918322,1.5826164,1.5621858,2.5116193,2.4707446,2.343969,2.0064244,1.985927,0.0,2.6345782,2.639578,2.3711123,2.3707483,3.7045317,2.237964,2.606372,1.7268802,3.7147827,4.5085464,2.9499257,3.4554503,2.7542193,2.7307627,2.766232,2.7352405,2.3901982,2.3011496,3.265832,3.8718145,2.9120607,3.716464,3.3697376,3.3551927,1.9235609,1.8601782,1.835908,1.7260109,1.7572315,1.8583554,2.576641,1.643432,3.4618044,3.4617107,3.4786584,3.512843,3.127656,3.1428308,3.1280138,3.157832,2.786452,2.7957094,4.04739,4.475157,2.8202236,3.1108727,2.9322455,2.8119924,2.9534805,2.9387887,4.1119823,2.8993683,4.240981,4.3171425,3.7935994,3.7935994,3.4562602,3.1770856,3.1045682,4.020824,3.772253,3.9146678,4.166666,4.1724873,3.8386068,3.8852763,4.0022855,3.5866933,4.5381155,4.527729,3.626305,3.64134,3.913213,3.927268,3.669275,3.667378,4.0382576,4.1130347,4.6441803,5.2774577,3.222174,3.2139554,2.448831,2.4666755,2.875022,2.860153,2.5676427,2.7156467,2.4480193,2.5733933,3.0969963,3.3082502,2.779336,2.7638564,2.7247686,3.0590181,2.9912405,2.6985939,2.575139,2.6330943,2.7630801,2.7630801,2.7465045,2.945922
24,2.9221187,2.656442,2.3438222,2.2172163,3.4200702,3.4629638,3.342575,2.4419935,2.1538918,2.6464279,2.5591137,2.4972599,2.8937714,2.648222,2.24996,2.0125296,1.967175,1.96094,2.7775314,2.601563,2.912676,2.500676,2.5088828,2.6345782,0.0,0.27354413,1.0840228,1.0295168,2.5092785,1.3669066,2.940548,2.2435153,2.8241127,3.611762,2.443505,2.9865823,1.8876259,1.8895887,1.9631135,1.8966482,2.6790493,2.7551944,3.4746983,3.5749094,3.293185,4.2720947,3.6349375,3.5993366,2.085879,1.999609,2.3691878,2.20417,2.1886427,3.0512085,2.286867,2.283238,3.2925146,3.2792194,3.3236392,3.390547,2.7217984,2.7313335,3.0935874,3.0326438,3.7009244,3.8055575,4.91843,5.4063253,3.6711543,3.912831,3.6782932,3.530361,3.928905,3.9269867,4.7341185,3.974661,3.9953194,4.882398,4.483189,4.483189,4.2488337,3.922604,3.4934475,4.248746,4.053716,4.3536453,4.6413064,4.6516385,3.406024,3.434946,3.9894009,3.508744,4.976545,4.9029446,3.4467392,3.4163547,4.3526006,4.2166348,4.101678,4.071819,4.5709324,4.529718,5.3296957,5.693211,3.8380933,3.8430557,3.107587,3.1668637,4.452124,3.5135624,3.4690175,3.6022491,2.9511137,3.4098432,3.9758737,4.2042713,3.4802766,3.1483977,3.4235992,2.8409488,3.751361,3.5862486,3.4171505,3.4768388,3.4709225,3.4709225,3.5535192,3.5745616
25,2.978767,2.6062846,2.3662362,2.2225685,3.4550602,3.495311,3.3739696,2.4740193,2.1226103,2.6224842,2.5425067,2.4776807,2.9354296,2.687047,2.272775,2.041842,1.9293007,1.9335437,2.7936888,2.591395,2.8675199,2.4933836,2.5045593,2.639578,0.27354413,0.0,1.1225212,1.056244,2.5726237,1.4372232,2.9577847,2.2312732,2.7653716,3.6092033,2.3918295,2.942083,1.8917899,1.8935091,1.9775019,1.9019641,2.7270768,2.7989814,3.3797219,3.5155172,3.3013103,4.2775383,3.6351168,3.5985467,2.1176364,2.038174,2.401265,2.2158163,2.2014759,3.0424817,2.2461166,2.2892253,3.3749766,3.3626978,3.40749,3.4759476,2.7802286,2.7887948,3.1612375,3.1075332,3.7214758,3.829382,5.0494666,5.517284,3.6974227,3.953204,3.677861,3.5317209,3.9381158,3.941183,4.7211356,3.9919372,3.9910264,4.860262,4.479869,4.479869,4.2901154,3.960934,3.5373545,4.2256947,4.094011,4.397665,4.6628895,4.674275,3.443201,3.4707828,4.0483336,3.5703034,4.9879494,4.8971176,3.4962523,3.4643757,4.3560677,4.2239447,4.122455,4.091757,4.606757,4.52982,5.428253,5.805642,3.860115,3.8898327,3.1608312,3.222304,4.425443,3.5225441,3.4511287,3.634894,2.995672,3.4936974,4.0927815,4.3083687,3.5545833,3.2325966,3.481502,2.8410618,3.8014138,3.6306524,3.4415286,3.5001256,3.5004117,3.5004117,3.5819745,3.5969837
26,2.739075,2.4379053,1.7751511,1.6989968,3.2508554,3.3014364,3.166012,2.2316031,1.8782854,2.4020846,2.0563278,2.1052914,2.6270819,2.3870761,1.8901159,1.6671797,1.7909867,1.7606034,2.6606886,2.509296,2.4160256,2.0330274,2.0227692,2.3711123,1.0840228,1.1225212,0.0,0.19711487,2.3209705,1.0261359,2.7694945,2.035042,2.7174215,3.3455074,2.0435448,2.6132672,1.4871799,1.4950023,1.5540844,1.4938642,2.4836874,2.5358703,3.2535682,3.4097552,3.073364,3.839881,3.6083689,3.5730379,1.8131472,1.6663133,1.9813434,1.816474,1.6274463,2.679592,2.1141584,1.8357412,3.082627,3.0662754,3.1127765,3.1658037,2.4856088,2.497544,2.770723,2.6997569,3.254124,3.3374732,4.6180725,5.077845,3.3798308,3.6458726,3.4032903,3.3248758,3.445643,3.4546099,4.405917,3.4944036,3.741465,4.5859575,4.152813,4.152813,3.786178,3.5890107,3.1748364,4.0643563,3.9736886,3.9936583,4.2565007,4.2639728,3.3972816,3.4324033,3.9312563,3.4534035,4.9430614,4.8785233,3.366076,3.3456001,4.454958,4.3274055,4.2224655,4.199234,4.4786572,4.4113026,5.26292,5.6247244,3.6617491,3.6412086,2.8924048,2.9705033,4.221572,2.8668816,2.8444514,2.9941807,2.6187503,3.0993376,3.4731412,3.7140257,3.5317023,3.18873,3.4601126,2.755741,3.2206895,3.0405715,2.783614,2.8544629,2.9530623,2.9530623,3.0252447,3.0483327
27,2.7261817,2.398762,1.8208632,1.7545717,3.2545803,3.3027124,3.164088,2.2396762,1.8569956,2.374758,2.1156657,2.1574233,2.6086435,2.4002786,1.9043305,1.6891369,1.777889,1.7557861,2.5989933,2.4559195,2.3949697,2.070874,2.060456,2.3707483,1.0295168,1.056244,0.19711487,0.0,2.3284137,1.0589569,2.76985,2.034883,2.7213175,3.3430934,2.0195687,2.63989,1.5380945,1.5477024,1.6027118,1.5479724,2.4918478,2.5415442,3.2294948,3.3878043,3.1228287,3.9154458,3.6547194,3.6229413,1.8771114,1.7304049,2.066873,1.8839206,1.626936,2.6831653,2.0824256,1.846051,3.1156352,3.0994205,3.1472137,3.197068,2.5198681,2.532353,2.8177161,2.7484403,3.2857769,3.380727,4.663811,5.112343,3.4255674,3.685894,3.440085,3.3456242,3.4875896,3.4945898,4.4739313,3.534176,3.7615254,4.6014633,4.1855745,4.1855745,3.8597279,3.6552389,3.2441428,4.091918,3.9978766,4.0582614,4.2970467,4.304382,3.4440672,3.478949,3.9295745,3.4317648,4.959286,4.9000015,3.381828,3.3610783,4.4625063,4.3325763,4.2296824,4.2062793,4.504631,4.413781,5.272355,5.6306505,3.690881,3.6915617,2.9232104,3.0025394,4.2322946,2.9162762,2.9346323,3.049071,2.636398,3.1280644,3.526954,3.7884345,3.5268526,3.1831248,3.4811232,2.8022263,3.2343547,3.0875354,2.8539734,2.9191701,2.9847693,2.9847693,3.0639505,3.0844257
28,1.8242521,3.196536,2.68307,2.6710787,3.1189206,3.168414,3.0291042,2.252162,2.669817,3.1056664,2.833669,2.8931599,3.2245102,2.9762464,2.5308888,2.5612454,3.377131,3.3526204,4.383583,4.2490687,3.7352345,3.5116131,3.494528,3.7045317,2.5092785,2.5726237,2.3209705,2.3284137,0.0,2.5951655,3.373556,2.8829536,3.604079,2.7596693,3.0344384,3.5855088,2.7006118,2.679887,2.6798306,2.6760616,3.1303911,3.1923566,3.901329,3.4614985,3.5833378,4.392858,4.0609336,4.037405,2.8968127,2.8086934,3.0959992,2.9781318,2.8226397,3.488456,3.1150327,3.0061696,2.5435503,2.5363455,2.5549183,2.6303427,1.9684273,1.9807879,2.2072031,2.197373,4.530664,4.649789,5.6880164,6.1462183,4.6851115,4.9002614,4.7002215,4.6329255,4.8351235,4.8140764,5.5131717,4.852056,5.0244064,5.6018634,5.1787963,5.1787963,4.2096725,4.207078,3.2066066,4.0330186,3.9884877,4.042194,4.3744917,4.3804393,3.2627563,3.2689805,3.8535736,3.333098,4.786621,4.667856,3.2628658,3.2677307,4.955843,4.7906547,4.662462,4.6414266,5.0764794,4.975748,5.9586425,5.683576,4.4122977,4.2151365,3.5578256,3.656675,4.6380386,3.4018729,3.3702047,3.7619445,3.6181314,3.8518214,4.259193,4.070205,4.0533934,3.5641544,3.8319468,3.395092,3.817993,3.7006364,3.6949453,3.7576017,3.5892494,3.5892494,3.7665,3.662113
29,2.8523877,2.2232575,1.8792609,1.8107883,3.3741932,3.4206123,3.2847357,2.2702878,1.9982389,2.4674096,2.2095175,2.2332168,2.7018328,2.4373245,1.9049605,1.6852807,1.6615463,1.639945,2.6735299,2.4953883,2.4217834,1.9138732,1.8895824,2.237964,1.3669066,1.4372232,1.0261359,1.0589569,2.5951655,0.0,2.7514565,1.9914393,2.7384853,3.5160685,2.1633797,2.7067227,1.7115738,1.6979368,1.7175441,1.6863198,2.4597263,2.519734,3.2505567,3.3670635,3.1965973,3.9819274,3.6817853,3.6476007,1.8763977,1.7432599,2.0107381,1.8950058,1.6245122,2.5831661,2.0842798,1.8797084,2.9931464,2.9799252,3.0134282,3.0687077,2.4579036,2.4748952,2.6974404,2.6213431,3.312564,3.3689134,4.5766425,5.016819,3.372028,3.6235526,3.5291018,3.449222,3.4422822,3.4558241,4.389068,3.4987068,3.729003,4.4924035,4.0553284,4.0553284,3.8386385,3.6139688,3.2463603,4.100041,3.982683,4.036589,4.3248568,4.344354,3.4340818,3.471066,3.610914,3.236294,4.882775,5.008673,3.424609,3.4171188,4.322375,4.225252,4.129918,4.107719,4.789187,4.6955447,5.134528,5.4844513,3.565063,3.5138435,2.7163322,2.7862904,4.0534654,2.7468185,2.7514372,2.838115,2.4650111,2.8822744,3.3397753,3.6117682,3.305674,3.0059588,3.2429595,2.5709517,3.0697312,2.9014452,2.7023437,2.781814,2.7898383,2.7898383,2.8516588,3.0042894
30,2.9496336,2.3519595,2.6413102,2.271465,3.545146,3.5498438,3.4301188,2.558871,2.4076571,2.7911575,2.6289942,2.613602,1.3139437,0.5774591,2.1603615,2.0845861,2.3308682,2.3526883,3.3905628,3.1234946,2.6970584,2.4393659,2.4281316,2.606372,2.940548,2.9577847,2.7694945,2.76985,3.373556,2.7514565,0.0,2.111216,4.1392093,4.4537997,3.4058843,3.9622467,2.8818245,2.8470547,2.8338423,2.8384566,2.9653585,2.993416,3.839281,3.8112824,3.4964051,4.2343273,3.8915646,3.8768587,2.8666537,2.8322258,2.8838038,2.184893,2.666606,2.725712,2.814604,2.7204092,2.0796123,2.0682185,2.1101875,2.175659,3.4184191,3.4028244,2.977916,3.0249898,3.114453,3.3123815,4.5256534,5.074753,3.3507113,3.6279693,3.2400446,3.1830585,3.9521856,3.4560049,4.380918,3.4873202,4.814495,4.823091,4.12375,4.12375,3.4080327,3.2021284,2.78868,3.7160912,3.4953008,3.5433283,3.9621243,3.9686866,3.0801353,3.1219404,3.6923647,3.3085797,3.874981,3.8495178,3.0828822,3.0940354,4.316832,4.3339453,4.1538415,4.1465034,4.5190043,4.5365715,5.173477,5.6704946,4.588742,3.5563455,2.972238,2.9961462,3.27289,2.9107409,3.3420758,2.928477,2.5918367,2.8752313,3.3937895,3.5545728,3.2289164,3.0688696,3.6112864,3.2478857,3.112944,2.7529387,2.886905,2.9694605,2.958089,2.958089,2.9245129,2.8562405
