,0,1,2,3,4,5,6,7,8,9,10,11,12,13,14,15,16,17,18,19,20,21,22,23,24,25,26,27,28,29,30,31,32,33,34,35,36,37,38,39,40,41,42,43,44,45,46,47,48,49,50,51,52,53,54,55,56,57,58,59,60,61,62,63,64,65,66,67,68,69,70,71,72,73,74,75,76,77,78,79,80,81,82,83,84,85,86,87,88,89,90,91,92,93,94,95,96,97,98,99,100,101,102,103,104,105,106,107,108,109,110,111,112,113,114,115,116,117,118,119,120,121,122,123,124,125,126,127
0,0.0,0.7138514,0.9745335,0.97751355,1.5494645,2.202705,1.1500823,1.0062093,3.1388261,1.9661142,1.7850316,1.4386907,3.6188376,3.417565,3.5876768,3.5889215,1.1194739,1.1323483,1.5711126,1.7430674,2.3350444,1.955936,2.994943,3.8189032,0.97911793,1.0344726,1.3108984,1.4491458,2.197471,2.4010124,3.0728855,3.4051042,3.5779107,3.3859327,3.5513632,3.407251,3.3079433,3.6316292,2.4638462,2.4172275,3.7000391,3.2844694,3.6626492,3.8516614,2.9865563,3.0320938,2.9634948,3.6380396,2.0210469,2.1185863,2.0682497,2.059473,1.603392,1.691818,1.7657139,1.6053249,3.1168888,3.018588,3.1080601,3.0207043,2.956595,3.7496817,3.06831,2.9705353,4.393585,4.282595,4.084436,4.45527,3.0823553,2.5286095,4.6230745,4.4942985,3.9536736,4.042712,3.3962479,3.5949974,4.43133,3.73688,3.7432146,3.7734635,3.3902097,3.467175,3.5330727,3.6732337,3.3702843,3.3928366,3.404423,3.520811,3.4794486,2.2602901,3.2138271,2.9569027,2.9374137,3.176471,3.6052928,3.3057597,3.5614946,3.3887608,3.235496,3.3394306,4.232536,4.215039,4.0541906,4.3492136,4.518869,4.5221076,4.5846453,4.578853,4.6007905,4.5738487,4.739531,4.3949103,3.5126362,4.00275,3.2366965,3.1225786,4.41866,4.41866,3.725548,3.710511,3.7611668,3.6632972,4.1243515,4.141791,2.6935356,3.903705,3.7132704,3.7686152
1,0.7138514,0.0,1.0229355,0.9296144,1.5917634,2.2375138,1.0588775,0.9281922,3.1448543,2.09391,1.7461097,1.3863539,3.2099931,3.0528116,3.250454,3.289816,1.2560785,1.2714797,1.6936693,1.8243734,2.405721,1.7446705,3.0053284,3.8031912,0.90951,1.2779454,1.2284932,1.4854988,2.1763575,2.4008877,3.0439007,3.4110408,3.6139026,3.3685617,3.5523722,3.3927422,3.3584397,3.698079,2.5972893,2.553521,3.723296,3.3074288,3.7055326,3.8784144,2.9363437,2.9756122,2.9431927,3.6674392,1.9502709,2.06918,2.0129333,2.0030084,1.5099642,1.6046817,1.7027258,1.5115011,3.0264828,2.9262516,2.9843361,2.9300213,2.8374634,3.6427116,3.0052912,2.8968382,4.42496,4.237162,3.965736,4.474469,3.0944476,2.538573,4.645727,4.6016245,3.9197145,3.9960582,3.4464138,3.6626554,4.5352364,3.8013911,3.7399724,3.78105,3.460591,3.5381043,3.5894759,3.7167494,3.3852997,3.4087346,3.4570029,3.5824318,3.5038645,2.0700004,3.2278802,3.0540562,2.8520243,3.0784678,3.546903,3.2470887,3.6256921,3.51241,3.272945,3.254278,4.3241444,4.3011675,4.1555643,4.397932,4.593215,4.595778,4.686847,4.671086,4.7397666,4.7136984,4.847966,4.5462556,3.498677,3.9331255,3.218514,3.118472,4.4561853,4.4561853,3.7651231,3.678442,3.7418542,3.631628,4.121778,4.113994,2.499756,3.8947506,3.7119184,3.7529228
2,0.9745335,1.0229355,0.0,0.4157,1.0949134,1.9740548,1.2526001,0.9049176,2.7149749,1.7370809,1.3399506,0.9597948,3.1754534,2.9351056,3.191268,3.1053636,0.92304564,1.0914032,1.4746406,1.8358073,2.3464575,1.5769271,2.864898,3.7387009,0.62522686,0.9884398,1.0181739,1.1751717,2.00548,2.170995,2.8529308,3.2251549,3.373723,3.1388643,3.3228853,3.1189775,3.058554,3.4354777,2.1842742,2.2211773,3.2732215,3.0499103,3.635233,3.4708767,2.7934785,2.9993083,2.7621965,3.5237365,2.0041595,2.0976229,2.059118,2.0531263,1.5471848,1.6526968,1.7152159,1.522721,3.0622952,2.908932,3.0029643,2.9657223,2.876148,3.6713505,3.0273204,2.9378319,4.141591,4.1982985,3.7817686,4.008948,2.845946,2.2305899,4.397191,4.3935595,3.536996,3.6539526,3.213118,3.367282,4.2713447,3.4587257,3.618634,3.453674,3.130935,3.2262385,3.3104565,3.626203,3.1033845,3.1285748,3.1876936,3.3500786,2.9921174,1.8093829,3.0829504,2.6700258,2.4935112,2.8136737,3.2443347,2.9257028,3.4118488,3.308313,3.429939,3.4042988,4.134962,4.182709,3.9216912,4.18601,4.3793797,4.372639,4.4951315,4.458267,4.5072403,4.475395,4.8418145,4.277063,3.327706,3.7431712,2.9846969,2.9178157,4.2632313,4.2632313,3.4762063,3.4369988,3.7378824,3.597457,4.0265284,4.0313625,2.396544,3.6977582,3.6108725,3.695064
3,0.97751355,0.9296144,0.4157,0.0,1.1112003,1.9458898,1.1941671,0.7864258,2.9852567,1.720798,1.2640948,0.8694761,3.0425923,2.8370914,3.130499,3.0299816,0.90894085,1.1112726,1.3381116,1.8460037,2.406765,1.610428,2.9197018,3.7689443,0.62639457,1.0742382,1.0576913,1.2994692,2.027501,2.217767,2.9762955,3.4419198,3.5735142,3.3449588,3.516829,3.3531127,3.2828405,3.6145902,2.3831034,2.2900536,3.450148,3.231179,3.7847636,3.5797095,2.9329963,3.1512034,2.9338994,3.7010326,1.9921498,2.084004,2.0352664,2.0284925,1.5360633,1.6365613,1.6976559,1.5176133,3.1894455,3.048291,3.1390681,3.0837092,2.9756086,3.7434914,3.1194906,3.0509033,4.2646112,4.3137636,3.7731864,4.008472,2.94126,2.3181384,4.501351,4.509885,3.7123976,3.8212094,3.3617089,3.5100474,4.401151,3.637254,3.7255912,3.5946076,3.3601885,3.4477077,3.5094035,3.8253646,3.3032973,3.330246,3.39801,3.554311,3.1084354,1.8109012,3.2566695,2.883069,2.6516883,2.8782623,3.4329498,3.0934029,3.4884944,3.3955626,3.4573898,3.4244282,4.2149854,4.272909,4.058489,4.217187,4.4745307,4.4754314,4.585996,4.5496044,4.6142473,4.581508,4.964228,4.410556,3.333214,3.745478,3.0176663,3.0167863,4.258159,4.258159,3.5688813,3.5098312,3.6903725,3.5486984,4.005535,4.0033727,2.3456717,3.8105829,3.5605428,3.6442091
4,1.5494645,1.5917634,1.0949134,1.1112003,0.0,1.7770487,1.730319,1.4839525,3.339906,1.8705766,1.6778048,1.5070403,3.2262695,2.6690273,2.889245,2.7527149,1.1183469,1.093832,1.4521422,1.9794061,2.3502553,1.6843382,2.229881,3.1838393,1.4210988,1.3414428,1.462103,1.5768294,1.5131948,1.6863768,2.6387808,3.0887275,3.4121928,3.1474135,3.7909544,3.2142103,3.0994003,3.44622,2.099916,2.0237386,3.3229437,3.0797062,3.6795444,3.851425,3.1082637,3.295476,3.0739217,3.637402,2.2038443,2.3164937,2.2795062,2.2764058,1.941775,2.034412,2.0676596,1.9173484,3.1809878,3.0973654,3.137287,3.361956,3.2537665,3.7543051,3.3530877,3.3107147,3.8649483,3.9929419,3.4110897,3.4804933,2.2959247,1.8691106,3.964207,4.0143304,3.1050293,3.2506242,2.826892,2.9237292,3.9535198,3.0079517,3.2514281,2.9951477,2.8339403,2.9405823,3.025579,3.3916333,2.7461011,2.7746265,2.864364,3.025071,2.4067757,1.9927686,3.3356082,2.930908,2.715665,2.2299545,2.9107876,2.5605648,3.6223342,3.5440235,3.6574135,3.628991,3.708769,3.7874193,3.594036,3.710523,4.0232873,4.0252934,4.1631346,4.117496,4.188354,4.15347,4.5552206,3.966996,2.863625,3.3205621,2.5097015,2.6118653,3.785324,3.785324,3.086662,3.0112379,3.2389836,3.0657575,3.564753,3.5643816,2.2686722,3.560824,3.073226,3.1863348
5,2.202705,2.2375138,1.9740548,1.9458898,1.7770487,0.0,2.2625158,2.1150832,3.4692166,2.6982462,2.334585,2.2442029,3.7339432,3.265482,3.908136,3.4853866,2.1702683,2.1283104,2.2748628,1.726554,3.1762629,2.4685688,2.9004216,3.625978,2.0182078,2.3567195,2.3757687,2.4296656,2.336176,2.5108109,2.2078931,2.7400477,3.9818025,3.7172322,4.2260003,3.7184818,3.7656686,4.0921063,2.868011,2.8514662,3.9523618,3.7478821,4.200361,4.3836403,3.7210824,3.8663962,3.7223203,4.2236476,3.0319145,3.096492,3.090536,3.087664,2.6514149,2.6791148,2.766622,2.578978,3.7311347,3.6306093,3.683833,3.8805752,3.7873943,4.917639,3.9006634,3.828341,4.3803616,4.4191494,3.3277626,3.9944324,2.8842924,2.7062395,4.4753914,4.5070105,3.6178038,3.667843,3.2729485,3.470113,4.4229484,3.6040373,3.70627,3.470518,3.2829392,3.3889382,3.0423067,3.3014386,3.4091265,3.4720714,3.3543878,3.5627584,3.0139186,2.611998,3.3982675,3.5676842,3.350537,3.0093596,3.452644,3.1306043,4.180915,4.073753,4.1316156,4.126054,4.2506514,4.2658596,4.132548,4.157837,4.4729567,4.451224,4.2199783,4.31529,4.7191653,4.6736965,5.0007796,4.492465,2.921015,3.4480836,3.160261,3.0696545,4.6623,4.6623,4.082912,4.048914,3.87963,3.6830573,4.517983,4.510428,3.0342317,3.9748988,3.688718,3.786825
6,1.1500823,1.0588775,1.2526001,1.1941671,1.730319,2.2625158,0.0,0.49515414,3.2810671,2.1973023,1.8307905,1.572957,3.1434677,3.0709252,3.261202,3.2456844,1.4133967,1.3030535,1.7631145,1.7326653,2.2052176,1.6652049,3.3149023,3.9003315,0.9757028,1.3259988,1.2634656,1.526114,2.1100342,2.2648654,3.044378,3.490368,3.703231,3.446346,3.5553513,3.565738,3.4784052,3.76454,2.629457,2.5759337,4.006178,3.4651456,3.767694,4.0777197,3.0907247,2.9580839,3.1361146,3.9925263,2.2824097,2.3418612,2.3030794,2.2974834,1.850237,1.934723,1.9969132,1.8695548,3.4728575,3.3255255,3.3720162,3.2332137,3.0838425,3.9647894,3.2487152,3.1706703,4.6383643,4.475197,4.152362,4.337574,3.3707097,2.788094,4.7743964,4.768478,4.0725827,4.1635375,3.7448916,3.9453387,4.771295,4.053059,4.1510406,3.9639506,3.776332,3.8391051,3.881845,3.8839264,3.7216406,3.7411458,3.7764647,3.755517,3.4981287,2.243971,3.2383204,3.2193904,2.9063497,3.3392143,3.7947857,3.5088553,3.6982336,3.5718062,3.3633938,3.357645,4.54029,4.4632816,4.364834,4.5637856,4.7761354,4.7856307,4.8275065,4.83762,4.93076,4.908235,4.816851,4.7336454,3.7023647,4.0786967,3.5136454,3.4270527,4.6514935,4.6514935,3.963982,3.9567785,4.0967703,3.9898767,4.459657,4.4572253,2.8577995,4.2350287,4.0385876,4.116195
7,1.0062093,0.9281922,0.9049176,0.7864258,1.4839525,2.1150832,0.49515414,0.0,3.15854,2.0084832,1.5230137,1.254671,3.0574121,2.9454014,3.1929123,3.1337938,1.1205138,1.1405563,1.5456072,1.7228588,2.252461,1.574436,3.25244,3.8613842,0.70074075,1.1059448,1.0789503,1.369401,1.9802358,2.1594908,3.0244634,3.488873,3.6743882,3.358777,3.4700615,3.4855866,3.3966405,3.7164168,2.5671186,2.4904962,3.7653365,3.3592854,3.780238,3.8101442,2.9781013,3.009131,3.0201728,3.95629,2.158522,2.2255092,2.1853886,2.1781597,1.6808871,1.7745136,1.8608421,1.7043161,3.3820457,3.214284,3.2842734,3.1316943,2.9995787,3.8728957,3.162437,3.0843792,4.5860696,4.5295286,4.1036177,4.285803,3.307487,2.6932645,4.734833,4.7371507,4.0252175,4.129852,3.7020497,3.8725412,4.7579017,3.9906912,4.0813394,3.9078882,3.7152834,3.7829993,3.829778,3.9601483,3.657778,3.6809776,3.728726,3.7506928,3.4289377,2.078669,3.309302,3.1495087,2.8291945,3.2666574,3.7492018,3.4509592,3.625926,3.4994512,3.3450441,3.3369453,4.4623103,4.4448795,4.317219,4.469944,4.728451,4.7306385,4.8062973,4.798267,4.8754435,4.849419,4.963333,4.664242,3.6412308,4.0283995,3.423358,3.3609772,4.528501,4.528501,3.8985355,3.852984,4.0177083,3.8813708,4.3399534,4.3395286,2.7204578,4.1503663,3.933662,4.000633
8,3.1388261,3.1448543,2.7149749,2.9852567,3.339906,3.4692166,3.2810671,3.15854,0.0,3.5035539,3.1860683,3.0244684,4.1534286,4.105834,4.496334,4.368687,3.2911577,3.3708642,3.4286096,3.521322,4.0785127,3.3155477,4.387,4.9844403,2.8480432,3.1405754,3.1701381,3.1594393,3.7645955,3.8621016,3.2364426,3.5516832,4.4101143,4.2595134,4.1583505,4.111832,4.2348185,4.640158,3.304167,4.0263505,4.4065447,4.4872913,4.8513613,4.560142,4.211384,4.373134,4.042695,4.56041,3.7590172,3.7832804,3.8269722,3.8270648,3.5959125,3.6424491,3.6580207,3.530565,4.350724,4.227951,4.3175898,4.2504015,4.270714,5.288727,4.409268,4.283229,4.6784153,4.6928387,4.939488,5.1806407,4.342267,3.934319,4.963236,4.9514174,3.9394906,4.0409904,3.7361255,3.9295146,4.653974,3.9526646,4.0711284,3.879798,3.4854958,3.595843,3.621673,3.8718095,3.7027235,3.710988,3.6545684,3.9182763,4.3694725,3.6036663,3.2981317,3.0133123,2.8788137,4.2946835,3.5899286,3.5884304,3.947387,3.8086634,4.141698,4.0462933,4.601401,4.5890064,4.4763074,4.717016,4.872404,4.814101,4.935794,4.902854,4.977299,4.954295,5.3470354,4.788329,4.6546173,4.9314404,4.4625826,3.9214149,5.206781,5.206781,4.591102,4.516086,5.00144,4.862664,5.1686335,5.159901,3.9525955,3.4746594,4.9029326,4.93692
9,1.9661142,2.09391,1.7370809,1.720798,1.8705766,2.6982462,2.1973023,2.0084832,3.5035539,0.0,2.1040194,1.788309,3.5527642,3.2990513,3.473402,3.3136244,1.6921946,1.7798549,2.0096827,2.501461,2.3872902,2.1750848,2.758384,3.6187167,1.7717503,1.6452317,1.7114573,1.8875824,2.55499,2.6980314,3.3287482,3.5917196,2.900606,3.4297905,3.6073813,3.4032004,3.1163907,2.914811,1.6975416,1.5720767,3.3720255,3.193466,3.8100622,3.5983222,2.9648638,3.1645842,2.8671002,3.2810931,1.6785097,1.6888598,1.6170535,1.6136487,1.98323,2.047977,1.6482995,1.9735233,3.2151225,3.1320758,3.2402487,3.2119122,3.0549328,3.7693396,3.1078448,3.1288505,4.1368475,4.106974,3.6469915,3.957469,2.7446764,2.09589,4.1147614,4.092836,3.6905398,3.8100538,3.1253693,3.328007,3.7617164,3.5446236,3.6528773,3.4772527,3.056834,3.1372294,3.278533,3.6468174,2.9868302,3.0032127,3.0885053,3.3912528,2.8256755,1.64755,2.9557798,2.4542572,2.284391,2.6332204,3.1134498,2.7994037,3.19923,3.0985932,3.5053506,3.4959502,4.0499363,4.128878,3.7672498,4.22612,3.7964604,3.825038,3.944103,3.874678,3.8994815,3.867453,4.3660192,4.187758,3.199683,3.5814948,3.1785898,3.2837262,4.1741166,4.1741166,3.270384,3.3312209,3.6469882,3.540945,3.9275377,3.906175,2.1946857,3.7763977,3.4277775,3.6074786
10,1.7850316,1.7461097,1.3399506,1.2640948,1.6778048,2.334585,1.8307905,1.5230137,3.1860683,2.1040194,0.0,0.6855773,2.8465774,3.0222046,3.3036764,3.1669102,1.5614187,1.7592494,1.9840274,2.4007719,2.9444623,2.2292228,3.258,3.7521327,1.5575234,1.7088432,1.8035632,2.0827284,2.2555087,2.396106,3.353742,3.6685576,3.6342318,3.246711,3.6159267,3.398839,3.3487892,3.6794136,2.797882,2.6881254,3.3822834,3.26492,3.4121025,3.2811892,3.0170698,3.304218,3.0368536,4.0276175,2.6385643,2.7251348,2.6807227,2.6726692,2.311537,2.4152489,2.4104013,2.3164225,3.3026102,3.1039765,3.201671,3.1933107,3.1458259,3.8398345,3.2702358,3.2128596,3.902341,4.0761485,3.5176337,3.7050977,3.3966339,2.8940442,4.7092032,4.707042,3.9916446,4.11049,3.757768,3.920297,4.838969,3.9899917,4.1299806,3.9476109,3.7164319,3.7893012,3.8351088,4.166551,3.6753674,3.6982837,3.739894,3.8177483,3.3531125,2.3891997,3.7308743,3.3323476,3.064846,3.2421174,3.6882994,3.3987112,3.895297,3.7461863,3.6831546,3.6573648,4.295349,4.3570805,4.283477,4.4197283,4.6283035,4.614405,4.7658005,4.720617,4.7380614,4.7047563,5.140295,4.558346,2.975234,3.4712505,2.7659905,2.7938204,3.7069182,3.7069182,3.1479876,3.0449557,3.50033,3.2839067,3.5892746,3.5965621,2.1277823,3.5592413,3.3135617,3.3695967
11,1.4386907,1.3863539,0.9597948,0.8694761,1.5070403,2.2442029,1.572957,1.254671,3.0244684,1.788309,0.6855773,0.0,2.777798,2.8747423,3.1368284,2.9787478,1.2072643,1.4443011,1.7261996,2.1388125,2.621221,1.9287237,3.1527169,3.9504323,1.072443,1.3373022,1.401867,1.7187724,2.376974,2.5427444,3.2266016,3.5366998,3.4534304,3.2696998,3.3988595,3.2337403,3.1596773,3.4958508,2.60484,2.495685,3.2432113,3.0844872,3.3741844,3.1791527,2.7642212,3.028753,2.7646596,3.5832212,2.2977743,2.395783,2.3298528,2.3229234,1.9259921,2.050466,2.032106,1.9248985,3.0472753,2.8758776,3.0056512,2.9308472,2.830786,3.6454687,2.9462228,2.9314919,3.8954823,4.040479,3.4933336,3.830384,3.2071126,2.6182866,4.520253,4.5201373,3.9117267,4.014545,3.5795746,3.7764127,4.5696607,3.8882635,3.989636,3.844809,3.526597,3.6072526,3.6700165,4.001567,3.4874938,3.505942,3.560302,3.7205296,3.2277994,1.9825635,3.3439376,2.9343648,2.7284372,3.0422642,3.5242908,3.2212825,3.4770627,3.3798242,3.5095558,3.4432318,4.1301637,4.188441,4.0737047,4.3759217,4.4740233,4.4753256,4.6026597,4.554709,4.5932403,4.56054,4.9846525,4.3962536,3.0666819,3.4805052,2.7245035,2.733278,3.8794353,3.8794353,3.247905,3.1978004,3.4551451,3.318788,3.6995132,3.687534,2.0009906,3.5067592,3.273054,3.3790438
12,3.6188376,3.2099931,3.1754534,3.0425923,3.2262695,3.7339432,3.1434677,3.0574121,4.1534286,3.5527642,2.8465774,2.777798,0.0,1.5242493,1.8793874,1.7633773,3.338592,3.4065936,3.5112565,3.8350627,4.036051,3.0991764,4.4810004,5.005976,3.0052843,3.4380949,3.4278069,3.8525445,3.871542,4.068901,4.3263173,4.7676897,4.6465335,4.5449996,4.6657133,4.53489,4.547189,4.78012,4.422724,4.3267016,4.653042,4.5078144,4.4419003,4.567811,4.0847087,4.188089,4.206253,4.830547,4.1953893,4.2635636,4.2217607,4.221787,4.0093246,4.0866513,4.052351,3.9908094,4.3888025,4.247483,4.2994757,4.281562,4.119466,4.6313415,4.244187,4.301265,5.225613,5.245839,4.5669723,4.7748604,4.666624,4.2365265,5.313985,5.613254,4.9055877,5.006667,5.048205,5.2241917,5.80585,5.2241044,5.345238,5.0517898,5.0612955,5.132735,5.2147746,5.4267855,4.9549155,4.9601274,5.0955744,5.159254,4.513814,3.5590308,4.783452,4.6448736,4.0636377,4.2543073,4.733115,4.5174074,4.676309,4.752263,4.8524194,4.4955916,4.634325,4.651972,5.291212,5.3995914,5.4901037,5.5269756,5.721328,5.631545,5.755744,5.727071,5.9324603,5.620041,4.398869,4.6305065,4.102525,4.22583,3.9576325,3.9576325,4.57438,4.3830643,3.8208923,3.7457604,4.080795,3.9816515,3.4333215,3.8963492,3.6282966,3.7981107
13,3.417565,3.0528116,2.9351056,2.8370914,2.6690273,3.265482,3.0709252,2.9454014,4.105834,3.2990513,3.0222046,2.8747423,1.5242493,0.0,1.3557624,0.84158593,3.088306,3.1149476,3.3261204,3.634504,3.8679528,2.8686993,3.788601,4.412649,2.813203,3.1988404,3.2272,3.5778558,3.3806748,3.589182,3.910916,4.3029184,4.2714434,4.1293197,4.625532,4.1864395,4.076566,4.319503,3.9742951,3.81606,4.2322,4.0994124,4.42071,4.575415,3.8610208,4.0136657,3.9730778,4.4448876,3.8923316,3.976927,3.9385486,3.9393241,3.775203,3.8712578,3.8383682,3.7632987,4.04183,3.939761,4.0085225,4.1854696,3.9382257,4.2797275,3.979909,4.147889,5.125749,5.2725573,4.471279,4.7125926,4.0123634,3.6948555,4.607914,4.949964,4.4378495,4.5721493,4.4909053,4.641673,5.334323,4.6859183,4.8536177,4.521152,4.4523945,4.538171,4.6423016,4.929108,4.3306646,4.3399644,4.514641,4.593507,3.8637044,3.293539,4.66242,4.472181,3.8802085,3.565386,4.188959,3.9257493,4.389729,4.4914,4.6460323,4.3085055,3.9572527,4.032884,4.630742,4.7706256,4.8541555,4.894439,5.093243,4.9990864,5.1505938,5.120618,5.4448256,4.985455,4.241714,4.375064,3.9058797,4.1069794,3.9608848,3.9608848,4.499323,4.270749,3.6422625,3.5433552,4.0343986,3.9363267,3.4390275,3.8555176,3.4252977,3.6525996
14,3.5876768,3.250454,3.191268,3.130499,2.889245,3.908136,3.261202,3.1929123,4.496334,3.473402,3.3036764,3.1368284,1.8793874,1.3557624,0.0,1.398666,3.1327255,3.1152825,3.441522,3.7830307,3.514117,2.7268794,3.7054577,4.4271283,3.085606,3.251288,3.31549,3.6634116,3.5284839,3.7076724,4.201744,4.494694,4.1524963,4.0887556,4.444171,4.0397887,4.095455,4.347924,4.0508614,4.040034,4.220578,3.9757218,4.182568,4.596851,3.8285213,3.8848593,3.9107387,4.275805,3.9640782,4.018552,4.0070796,4.0072203,3.8269413,3.8896666,3.8864882,3.806736,4.0070987,3.8997724,3.8240638,3.9976783,3.880753,3.8630166,4.107508,3.9746814,5.272871,5.1785297,4.6799345,4.7242527,3.9514997,3.6016514,5.08331,5.388853,4.5135145,4.6678696,4.6383743,4.7543674,5.32503,4.7345314,4.8659525,4.541363,4.568388,4.62903,4.8623934,5.0875306,4.3578343,4.343606,4.5672326,4.582988,3.9454467,3.4355912,4.7735176,4.4522552,3.9472768,3.611493,4.2422733,4.0194907,4.825865,4.93801,5.104663,4.7972674,4.3867154,4.431435,5.0589666,5.324068,5.3366137,5.3904734,5.685768,5.559803,5.5809245,5.558553,5.7169495,5.3752227,4.409979,4.823758,3.8547583,4.0832295,3.5879679,3.5879679,4.245863,4.0417356,3.3331943,3.2987924,3.5866592,3.4844453,3.5019548,3.9211876,3.3342962,3.4029438
15,3.5889215,3.289816,3.1053636,3.0299816,2.7527149,3.4853866,3.2456844,3.1337938,4.368687,3.3136244,3.1669102,2.9787478,1.7633773,0.84158593,1.398666,0.0,3.1262906,3.1422532,3.402746,3.7579067,3.7600045,2.989312,3.9161615,4.6681743,2.9939446,3.206719,3.271185,3.6204193,3.5077248,3.7013361,4.0333796,4.344493,4.187195,4.154034,4.6064463,4.148714,3.9001558,4.148087,3.977415,3.7654867,4.097885,3.9550686,4.2700186,4.4662123,3.7712848,3.9043033,3.87028,4.236687,3.9569764,4.0663905,3.9928932,3.9935033,3.8539944,3.9736013,3.9138827,3.867323,4.0204167,3.9184592,4.0343275,4.1924696,3.8942723,4.209197,3.8403537,4.1549144,4.8787446,5.178911,4.414389,4.619035,4.0595303,3.738836,4.265295,4.642198,4.4313583,4.565626,4.500166,4.6470256,5.246724,4.6936803,4.945054,4.581314,4.4506407,4.5257063,4.6751904,4.966631,4.320969,4.323069,4.508501,4.5860777,3.7819724,3.2855325,4.5924582,4.3677835,3.8368583,3.5465171,4.178805,3.9554358,4.084423,4.2270083,4.5504427,4.1831203,3.6507714,3.7435856,4.356311,4.668448,4.6207867,4.671701,4.897886,4.7844925,4.9107223,4.88301,5.217614,4.6868544,4.221902,4.1968126,3.8001518,4.0261917,3.8775547,3.8775547,4.391954,4.20397,3.6340551,3.5958264,4.035139,3.9243882,3.400385,3.9074469,3.3303363,3.6556659
16,1.1194739,1.2560785,0.92304564,0.90894085,1.1183469,2.1702683,1.4133967,1.1205138,3.2911577,1.6921946,1.5614187,1.2072643,3.338592,3.088306,3.1327255,3.1262906,0.0,0.42352217,1.173654,1.5328729,1.7232357,1.315161,2.7541623,3.6350546,1.0239979,0.5076407,0.83779365,1.0747731,1.806134,2.0070183,2.7639582,3.1147523,3.3239095,3.099991,3.2095392,3.069259,3.060733,3.439027,2.199388,2.3193657,3.1569817,2.8875024,3.467491,3.3855655,2.688031,2.8889549,2.6288588,3.4346416,1.836521,1.906624,1.8844988,1.8736954,1.3113537,1.4050406,1.5192256,1.3222177,2.977083,2.8074741,2.8277194,2.741625,2.7172945,3.5696383,2.9583616,2.7046707,4.149593,4.1115932,3.7216663,4.024779,2.7891824,2.148058,4.5178967,4.4832926,3.6914816,3.8085103,3.2643154,3.4142754,4.2911696,3.5580664,3.576364,3.4742084,3.2117853,3.2722154,3.3600037,3.6526487,3.125667,3.1437511,3.2005517,3.3185039,3.0634043,1.7576599,3.0528505,2.6441185,2.4823828,2.8463533,3.282217,3.030123,3.531852,3.4182117,3.469831,3.4754586,4.1819715,4.238461,4.049738,4.346465,4.510358,4.5086493,4.623337,4.58697,4.6222405,4.5936623,4.9369926,4.355891,3.2188468,3.8046658,2.8710713,2.79264,4.0491877,4.0491877,3.3871794,3.3238037,3.4699643,3.3357038,3.788263,3.789287,2.262959,3.7702363,3.421089,3.4230769
17,1.1323483,1.2714797,1.0914032,1.1112726,1.093832,2.1283104,1.3030535,1.1405563,3.3708642,1.7798549,1.7592494,1.4443011,3.4065936,3.1149476,3.1152825,3.1422532,0.42352217,0.0,1.216002,1.3767191,1.508517,1.2308043,2.6138084,3.4776003,1.1377537,0.57459134,0.8769852,1.0795684,1.6542808,1.8458648,2.5813859,2.9360893,3.2721033,3.0630047,3.264285,3.050218,3.0555987,3.41864,2.0958893,2.2683852,3.303892,2.908489,3.4200153,3.6269362,2.7651095,2.838237,2.6968281,3.4366524,1.8287259,1.8948524,1.8850013,1.8772,1.3886728,1.4702059,1.5730315,1.3911424,2.9841955,2.8558652,2.8430798,2.8194287,2.790191,3.6361465,3.036787,2.766649,4.1150384,3.9819088,3.671773,3.9659874,2.6632214,2.0682673,4.4379754,4.3984103,3.5754652,3.6875925,3.1343558,3.304064,4.1810207,3.4367473,3.4655788,3.3401859,3.1047256,3.1728332,3.2413385,3.4374676,3.0177531,3.0341628,3.076486,3.1835833,2.9680624,1.8427563,2.9371338,2.6448066,2.4771757,2.7565818,3.1696913,2.9309533,3.5823383,3.4622638,3.4528124,3.4721253,4.1329827,4.14505,3.9830978,4.285738,4.4431257,4.444969,4.534026,4.513437,4.568329,4.542148,4.736461,4.3346977,3.1459665,3.75862,2.8380053,2.7361078,4.0485473,4.0485473,3.3396008,3.2971752,3.4259865,3.298119,3.7858117,3.7868552,2.3190982,3.7630057,3.403949,3.4041054
18,1.5711126,1.6936693,1.4746406,1.3381116,1.4521422,2.2748628,1.7631145,1.5456072,3.4286096,2.0096827,1.9840274,1.7261996,3.5112565,3.3261204,3.441522,3.402746,1.173654,1.216002,0.0,1.861417,2.102166,1.7688321,2.936172,3.8093085,1.6410459,1.3684845,1.4698324,1.5928103,1.9757806,2.1831594,2.6845162,3.5910017,4.263588,4.1460786,4.2550044,4.121561,4.1037116,4.3749833,2.4689844,2.692846,4.1832724,3.9890656,4.461797,4.4014945,3.8038628,3.9509065,3.727778,4.2745495,2.2109954,2.2563202,2.243117,2.2337716,1.7803873,1.7858801,1.8662125,1.7275755,4.002768,3.8831007,3.8659875,3.8174279,3.7978063,4.5416794,3.980363,3.7797604,4.206459,4.094462,3.7747123,3.7220318,2.961547,2.3662796,4.5764537,4.556786,3.398483,3.4933958,3.0387428,3.0843742,3.9866705,3.2568166,3.19995,3.1528702,3.3054538,3.3376682,3.4185479,3.7062006,3.2138555,3.2405658,3.2837625,3.3727233,3.2986352,2.1708791,3.0943158,2.7270415,2.5527127,3.0299256,3.354186,3.1443522,3.6544359,3.5300493,3.593523,3.599985,4.305296,4.367933,4.1700816,3.973982,4.552054,4.5523047,4.6409864,4.604212,4.6714025,4.6390405,5.0076656,4.4023976,3.3112528,3.8763206,3.0736227,2.934277,4.1622777,4.1622777,3.533034,3.4746268,3.5411086,3.432058,3.8645837,3.8693655,2.4471211,3.7614164,3.4572933,3.4808974
19,1.7430674,1.8243734,1.8358073,1.8460037,1.9794061,1.726554,1.7326653,1.7228588,3.521322,2.501461,2.4007719,2.1388125,3.8350627,3.634504,3.7830307,3.7579067,1.5328729,1.3767191,1.861417,0.0,1.8450772,1.5710511,2.9746826,3.7880783,1.661086,1.6720783,1.7015501,1.7730129,2.2840796,2.4688268,2.0732014,2.4684033,3.6223998,3.4670565,3.370769,3.2895455,3.5958538,3.9566953,2.6413126,3.0037801,3.7767074,3.3567894,3.737634,4.0523996,3.2063193,3.1770437,3.151317,3.7593727,2.4978569,2.4841387,2.5360334,2.527987,1.8716941,1.8172929,2.037223,1.7818619,3.383585,3.2151368,3.1021004,3.0292096,3.1157732,4.4891186,3.53258,2.98323,4.634937,4.2216134,3.6375709,4.3537583,2.9256887,2.4854288,5.0983562,5.0570774,3.8863485,3.9297285,3.4506261,3.6828039,4.448427,3.819969,3.6902857,3.573033,3.3987207,3.446455,3.2220094,3.2603118,3.4382157,3.475049,3.3647976,3.475906,3.374367,2.2276707,2.7341504,2.994456,2.8548474,3.2682052,3.4974577,3.2948735,4.240378,4.1230817,4.1056237,4.124767,4.8183603,4.767029,4.657958,4.943104,5.0775623,5.067123,4.9103355,4.9835873,5.2648,5.232742,5.273283,4.982644,3.241311,4.114629,3.2975576,3.0124774,4.705824,4.705824,4.044433,4.0528383,3.824107,3.6982434,4.4447184,4.439858,2.91863,4.103071,3.8875098,3.7900903
20,2.3350444,2.405721,2.3464575,2.406765,2.3502553,3.1762629,2.2052176,2.252461,4.0785127,2.3872902,2.9444623,2.621221,4.036051,3.8679528,3.514117,3.7600045,1.7232357,1.508517,2.102166,1.8450772,0.0,1.4363667,3.140607,4.0348196,2.2502859,1.7107888,1.6925379,1.7523184,2.5153182,2.613424,2.871459,3.1115825,3.3364918,3.493066,3.1603353,3.2567008,3.4551208,3.6831858,2.3824258,2.8817914,3.7305968,3.2150292,3.7350533,4.0538864,3.0980043,2.9517663,2.9611926,3.4808526,2.212737,2.1725588,2.212634,2.207826,1.891014,1.8405286,1.9129701,1.867795,3.452121,3.3226383,3.1557655,2.9739745,3.0703428,4.030244,3.5278654,2.927688,4.678042,4.1836452,4.1057,4.3687716,2.980322,2.3526864,5.0403523,5.042376,3.8287115,3.9128473,3.5435498,3.6909096,4.20695,3.766455,3.7591164,3.571813,3.4807727,3.5114768,3.6003752,3.6252947,3.3480418,3.3478115,3.383081,3.4844623,3.3521523,2.136183,2.6752856,2.561151,2.4603322,3.2405949,3.4419644,3.3398886,4.0742364,4.0166984,4.176637,4.152192,4.9587855,4.9200025,4.6941776,5.152621,5.07628,5.0896153,5.1569395,5.1395073,5.2168922,5.1980915,5.1298966,5.0620956,3.7534566,4.493523,3.5113666,3.3334205,4.6458087,4.6458087,3.7805264,3.845817,3.9769914,3.9248085,4.351985,4.340124,2.9488478,4.4133534,4.0752826,3.9935365
21,1.955936,1.7446705,1.5769271,1.610428,1.6843382,2.4685688,1.6652049,1.574436,3.3155477,2.1750848,2.2292228,1.9287237,3.0991764,2.8686993,2.7268794,2.989312,1.315161,1.2308043,1.7688321,1.5710511,1.4363667,0.0,2.7936456,3.6596298,1.4704716,1.5007454,1.2288253,1.4309585,2.0574858,2.2073183,2.4615955,2.892623,3.3127456,3.1901152,3.0609665,3.0186808,3.3394551,3.6756322,2.3057377,2.7714472,3.4442298,3.1127913,3.7420871,3.7780032,2.9248157,2.9673188,2.858599,3.5605779,2.110705,2.0839746,2.1520138,2.1462083,1.6269648,1.5800393,1.7525674,1.5459865,3.2381687,3.0590193,2.8817291,2.8213522,2.8888984,3.8332193,3.4055328,2.8014967,4.6176114,4.227193,3.7936366,4.094881,2.7117684,2.0640285,4.935326,5.0473194,3.5253308,3.6364214,3.3678036,3.5148504,4.275037,3.58971,3.5511134,3.2738428,3.2797744,3.336288,3.3761988,3.552969,3.144288,3.1549468,3.230412,3.3509796,3.0072026,1.6470153,2.8249142,2.6606162,2.2177022,2.8250182,3.1259851,2.9206593,4.069673,4.054211,4.1774535,4.044392,4.7647963,4.766881,4.626759,4.877651,4.9978747,4.9994073,5.0994186,5.069425,5.2122154,5.1867113,5.3103085,5.0092993,3.5062122,4.2359943,3.2366176,3.0945814,4.3741612,4.3741612,3.6732013,3.60875,3.7164326,3.5803516,4.0951066,4.061818,2.5765522,3.9727428,3.8062172,3.6934144
22,2.994943,3.0053284,2.864898,2.9197018,2.229881,2.9004216,3.3149023,3.25244,4.387,2.758384,3.258,3.1527169,4.4810004,3.788601,3.7054577,3.9161615,2.7541623,2.6138084,2.936172,2.9746826,3.140607,2.7936456,0.0,2.1723084,3.0674782,2.9603317,2.940679,2.9171734,2.5682073,2.6186109,3.082957,3.193855,3.3755875,3.5583131,4.5928903,3.4920137,3.6618347,3.6744156,2.3141994,2.5905998,3.8132253,3.489711,4.0109496,4.800543,3.9301054,3.9901595,3.810402,3.6314197,2.8883045,2.8967175,2.958107,2.9529521,2.93952,2.9311266,2.8281379,2.8370678,3.479117,3.4797785,3.2334065,3.9168959,3.9318902,4.0277467,4.2120814,3.8108475,3.8936028,3.387691,2.893876,3.3724542,1.0554186,1.4361545,4.39279,4.3754997,2.9465287,3.06379,2.313157,2.4903715,3.2606897,2.652776,2.5575054,2.4097555,2.2176118,2.2675903,2.3773365,2.7097137,1.9968084,2.0158734,2.119041,2.3112555,2.0030801,2.8315823,3.695429,3.3869488,3.2998152,1.4262005,2.2282662,1.8011951,4.861858,4.811321,4.9253755,4.9133315,4.3422203,4.3741465,4.021374,4.3053403,4.199136,4.2161508,4.263928,4.2419534,4.3606544,4.3282604,4.5886064,4.350832,2.3494995,3.3945694,2.275125,2.5329692,3.8398795,3.8398795,2.6096292,2.5922549,2.8143249,2.6610835,3.2369497,3.2297895,2.5549319,3.6049914,2.9432383,2.846423
23,3.8189032,3.8031912,3.7387009,3.7689443,3.1838393,3.625978,3.9003315,3.8613842,4.9844403,3.6187167,3.7521327,3.9504323,5.005976,4.412649,4.4271283,4.6681743,3.6350546,3.4776003,3.8093085,3.7880783,4.0348196,3.6596298,2.1723084,0.0,3.9434679,3.7525702,3.7892895,3.8040931,2.5379255,2.4948905,3.65491,3.722626,4.0235524,3.6398604,5.191517,4.234992,4.410688,4.327942,3.1379893,3.4681573,4.564216,4.239348,4.531367,5.4147387,4.5728574,4.622017,4.5007753,5.0849757,3.6709754,3.6260426,3.7557886,3.7505813,3.8762548,3.8867173,3.7683372,3.8280892,4.277041,4.2206383,3.9532003,4.601347,4.635288,4.726666,4.9199104,4.486358,4.697684,4.106892,3.876948,4.140787,2.9544477,3.1439784,5.250567,5.183803,3.9356577,4.0766387,3.5091388,3.6469867,4.7640233,3.726673,3.6378126,3.4725468,3.429842,3.46343,3.4770427,3.6085868,3.2500935,3.2829015,3.3430567,3.1598914,3.387712,3.9946282,4.813049,4.6488256,4.222868,3.1033347,3.326633,3.13192,5.890343,5.691415,5.1647124,5.2560706,5.1575346,5.153377,4.9323792,4.832503,4.9004207,4.870991,4.9469895,4.9616103,5.0181594,4.994685,5.106133,5.231132,3.0951843,4.122574,3.5737798,3.7170818,4.216191,4.216191,3.4181979,3.147151,3.7741842,3.3867319,3.7361138,3.7947843,3.4693358,4.308736,3.9067023,3.70672
24,0.97911793,0.90951,0.62522686,0.62639457,1.4210988,2.0182078,0.9757028,0.70074075,2.8480432,1.7717503,1.5575234,1.072443,3.0052843,2.813203,3.085606,2.9939446,1.0239979,1.1377537,1.6410459,1.661086,2.2502859,1.4704716,3.0674782,3.9434679,0.0,1.0264761,1.0154756,1.2955618,2.2653372,2.454144,2.918091,3.2524452,3.3399956,3.206064,3.1820474,3.1353896,3.0886223,3.423528,2.3983746,2.3935516,3.3775125,3.05381,3.5841923,3.4808686,2.6757562,2.7889874,2.6839585,3.4358606,2.0468955,2.111912,2.0736878,2.067411,1.5673368,1.6682968,1.7214416,1.553208,3.0193853,2.8524916,2.9464624,2.8051589,2.6699588,3.6567087,2.8566816,2.756074,4.441349,4.4079967,3.9186668,4.307298,3.0665777,2.428905,4.575466,4.5822845,3.9091318,4.0100455,3.506285,3.7189782,4.4863205,3.8610115,3.9234679,3.7628996,3.4164276,3.4972966,3.5413468,3.7582645,3.3923063,3.4123049,3.4584775,3.5957723,3.219958,1.780446,3.0313573,2.8018715,2.561944,3.0230117,3.479116,3.1627243,3.4044087,3.3287182,3.4491627,3.3921545,4.2570157,4.2650476,4.127169,4.489157,4.5574307,4.564524,4.6238465,4.6072407,4.709264,4.680374,4.918243,4.4933453,3.5311418,3.9385667,3.237798,3.1619473,4.445826,4.445826,3.8034294,3.7798061,3.8262215,3.7227938,4.234587,4.2187634,2.5562782,3.8573093,3.7389128,3.8195965
25,1.0344726,1.2779454,0.9884398,1.0742382,1.3414428,2.3567195,1.3259988,1.1059448,3.1405754,1.6452317,1.7088432,1.3373022,3.4380949,3.1988404,3.251288,3.206719,0.5076407,0.57459134,1.3684845,1.6720783,1.7107888,1.5007454,2.9603317,3.7525702,1.0264761,0.0,0.84844214,1.0669774,1.9053231,2.0940003,2.8331015,3.107053,3.2210462,3.040302,3.1206927,3.0575473,2.9335754,3.2910454,2.113865,2.2658055,3.199067,2.8647273,3.4078004,3.396915,2.5921652,2.7207217,2.5146677,3.3735602,1.8111286,1.890902,1.8536556,1.8446445,1.4276834,1.5577227,1.5908412,1.4754149,2.9480145,2.7897804,2.8703117,2.7169557,2.6433647,3.5507128,2.7988212,2.6668625,4.1595826,4.14847,3.9613724,4.2505126,3.0040143,2.3602445,4.38639,4.313086,3.7750106,3.8943121,3.3024797,3.4804895,4.319152,3.6217833,3.6924102,3.594607,3.215253,3.2813108,3.4047081,3.6314743,3.1590724,3.1724398,3.2231266,3.326048,3.227293,1.9076257,2.9436176,2.5460837,2.4124222,3.03022,3.3268836,3.115077,3.271111,3.1171196,3.1384254,3.1772528,4.0420885,4.0695963,3.888129,4.2921057,4.3580685,4.355709,4.4823003,4.4466815,4.4420733,4.417748,4.688308,4.215125,3.4308481,3.897609,3.1076381,2.9681916,4.1661153,4.1661153,3.504124,3.459086,3.6671803,3.5515072,3.9549527,3.9609494,2.4465156,3.7733946,3.5888226,3.6429555
26,1.3108984,1.2284932,1.0181739,1.0576913,1.462103,2.3757687,1.2634656,1.0789503,3.1701381,1.7114573,1.8035632,1.401867,3.4278069,3.2272,3.31549,3.271185,0.83779365,0.8769852,1.4698324,1.7015501,1.6925379,1.2288253,2.940679,3.7892895,1.0154756,0.84844214,0.0,0.49389687,1.9004343,2.0302362,2.7843716,3.1258433,3.272256,3.1160946,3.1222014,3.0795825,3.0180283,3.345228,1.9559045,2.1260028,3.2796407,2.936814,3.6568272,3.4950843,2.645116,2.7454605,2.5678809,3.4066715,1.4120728,1.5044531,1.4505737,1.4391061,0.88794035,1.0469556,1.1003883,0.9494952,2.99367,2.842896,2.879909,2.7525952,2.6308126,3.5860431,2.8637002,2.7077143,4.126407,4.041241,3.731445,4.0807366,2.8326387,2.1223476,4.409017,4.414561,3.6091156,3.705393,3.1845038,3.3679092,4.2198377,3.5387866,3.5698745,3.430854,3.1365786,3.203257,3.2940254,3.5129209,3.0233107,3.0401828,3.1197317,3.269928,3.0057197,1.3566972,2.6726284,2.3536477,2.043674,2.7748554,3.1302748,2.8903902,3.2550356,3.174788,3.2391176,3.1774025,4.4050217,4.424762,3.9734552,4.316143,4.415386,4.4088783,4.53069,4.4986544,4.5634513,4.540399,4.7685976,4.3784304,3.3942907,3.7448883,3.0910132,2.9675162,4.5988955,4.5988955,3.512968,3.4741852,3.991779,3.8703337,4.298082,4.282871,2.2310953,4.079909,3.9225445,3.968696
27,1.4491458,1.4854988,1.1751717,1.2994692,1.5768294,2.4296656,1.526114,1.369401,3.1594393,1.8875824,2.0827284,1.7187724,3.8525445,3.5778558,3.6634116,3.6204193,1.0747731,1.0795684,1.5928103,1.7730129,1.7523184,1.4309585,2.9171734,3.8040931,1.2955618,1.0669774,0.49389687,0.0,1.9268036,2.0014062,2.7389789,3.0622091,3.3307223,3.1545105,3.1749167,3.0942519,3.0498781,3.4003832,1.8032,2.083393,3.312976,2.9862177,3.8266864,3.6194828,2.78453,2.8868864,2.6694672,3.4462976,1.3952222,1.4789864,1.4453682,1.4351377,0.8291172,0.97316325,1.0830783,0.8750998,3.0959432,2.9613392,2.9877214,2.8938859,2.7950678,3.7245216,3.029311,2.8433683,4.122573,4.0461745,3.7964046,4.0886717,2.7225866,2.0214016,4.417248,4.3966484,3.4763925,3.5698223,3.0336478,3.1913235,4.0901093,3.3586268,3.4275982,3.281393,2.96461,3.0381944,3.1256936,3.3614964,2.8668838,2.8873603,2.9547157,3.1326168,2.9162571,1.4568186,2.574758,2.2101793,2.0017653,2.7429295,3.0302987,2.7966743,3.3059134,3.2152011,3.3264422,3.3078055,4.540719,4.5650864,3.9419518,4.2853174,4.4255123,4.409467,4.5191917,4.495964,4.557539,4.5347295,4.77702,4.353978,3.4727886,3.8128808,3.164659,3.0061269,4.856611,4.856611,3.562044,3.5550473,4.229772,4.1043367,4.521849,4.5198026,2.429602,4.2543283,4.1665773,4.2045484
28,2.197471,2.1763575,2.00548,2.027501,1.5131948,2.336176,2.1100342,1.9802358,3.7645955,2.55499,2.2555087,2.376974,3.871542,3.3806748,3.5284839,3.5077248,1.806134,1.6542808,1.9757806,2.2840796,2.5153182,2.0574858,2.5682073,2.5379255,2.2653372,1.9053231,1.9004343,1.9268036,0.0,0.39283612,2.5276163,3.0293674,3.796723,3.123867,4.1029058,3.6207085,3.5726109,3.8786912,2.2437515,2.5039856,3.8137474,3.5047522,4.0645237,4.372709,3.5531316,3.6565127,3.499342,4.4883723,2.3949041,2.459972,2.4944975,2.4845843,2.2384953,2.3010418,2.365811,2.26768,3.6846845,3.546541,3.471905,3.713195,3.6687534,4.218826,3.8516047,3.6607215,4.1498504,4.0488896,3.7919908,3.818042,2.8083692,2.5151591,4.3889246,4.394183,3.289789,3.4422805,3.035203,3.0936882,4.4548655,3.1871328,3.2904592,3.0739646,3.0940623,3.1440127,3.1872087,3.3772788,2.943625,2.9815705,3.042372,2.9246001,2.9977312,2.6009939,3.6340296,3.4183247,2.9490926,2.828275,3.0669339,2.89677,4.2559414,4.0584674,3.5723758,3.626692,4.340259,4.3665204,4.0448585,3.8344407,4.3664575,4.3221803,4.4767623,4.4651604,4.523877,4.499877,4.7100306,4.357115,3.1220307,3.6507456,3.163197,3.0679326,4.217512,4.217512,3.3732939,3.1359308,3.8774467,3.5771053,3.9796753,4.0062337,2.703843,4.0985465,3.8259406,3.7798586
29,2.4010124,2.4008877,2.170995,2.217767,1.6863768,2.5108109,2.2648654,2.1594908,3.8621016,2.6980314,2.396106,2.5427444,4.068901,3.589182,3.7076724,3.7013361,2.0070183,1.8458648,2.1831594,2.4688268,2.613424,2.2073183,2.6186109,2.4948905,2.454144,2.0940003,2.0302362,2.0014062,0.39283612,0.0,2.646135,3.0984857,3.823326,3.1086318,4.1479096,3.6374133,3.5984752,3.90023,2.2317631,2.5064533,3.8663948,3.5415347,4.123299,4.449149,3.6414437,3.725005,3.5773113,4.5839925,2.4703689,2.5245278,2.570436,2.5634925,2.3677442,2.4343088,2.4892614,2.3967092,3.7708714,3.65285,3.5709846,3.837256,3.787606,4.2744837,3.9749854,3.7803435,4.130256,4.045563,3.8165221,3.7139988,2.8280554,2.55631,4.437387,4.443172,3.2853887,3.4430368,3.0680566,3.1134803,4.492577,3.1849954,3.3536932,3.0674899,3.1161752,3.1798384,3.2250254,3.402679,2.959292,2.9943893,3.0624123,2.9500625,2.9237382,2.7224257,3.709238,3.4746933,3.003712,2.840461,3.0709176,2.901079,4.3686085,4.171622,3.7014105,3.7693233,4.496648,4.516152,4.097823,3.8794475,4.423768,4.376836,4.5421004,4.532186,4.572843,4.5510626,4.723388,4.446216,3.1704314,3.6671567,3.2000241,3.1300685,4.360022,4.360022,3.3352842,3.1220837,4.067133,3.7603269,4.116603,4.150349,2.8078842,4.2678523,4.015673,3.970282
30,3.0728855,3.0439007,2.8529308,2.9762955,2.6387808,2.2078931,3.044378,3.0244634,3.2364426,3.3287482,3.353742,3.2266016,4.3263173,3.910916,4.201744,4.0333796,2.7639582,2.5813859,2.6845162,2.0732014,2.871459,2.4615955,3.082957,3.65491,2.918091,2.8331015,2.7843716,2.7389789,2.5276163,2.646135,0.0,1.6679791,4.2075334,4.0228095,4.3540545,3.9047387,4.245009,4.6088743,2.7290108,3.6047761,4.399181,4.218158,4.649659,5.0549226,4.276487,4.2828693,4.099687,4.47636,3.252953,3.2504563,3.344366,3.3431134,3.0362887,3.000102,3.1065862,2.9339151,4.1760473,4.109169,3.9687936,4.1855073,4.260308,5.550841,4.5780716,4.161857,4.2708282,3.803227,3.55015,4.235608,3.0170004,2.9127426,4.5965447,4.6412416,2.9445105,2.9699879,2.648455,2.8681874,3.8434567,2.9769657,2.801987,2.5574918,2.659102,2.7450266,2.290438,2.3281248,2.8166578,2.8643808,2.6543007,2.9348736,3.3684304,3.0273879,2.527343,2.974021,2.6489267,3.2816536,2.6474335,2.743465,4.4453993,4.3264847,4.3630195,4.2960615,4.5009575,4.4417872,4.302001,4.2748046,4.623931,4.567834,4.3861055,4.473819,4.8922205,4.861076,4.972343,4.6961465,3.2753828,4.009194,3.5685496,2.981586,4.8353643,4.8353643,4.1218214,4.0154104,4.1042104,3.9047933,4.6615605,4.636313,3.3449142,3.6163223,4.1131,4.01422
31,3.4051042,3.4110408,3.2251549,3.4419198,3.0887275,2.7400477,3.490368,3.488873,3.5516832,3.5917196,3.6685576,3.5366998,4.7676897,4.3029184,4.494694,4.344493,3.1147523,2.9360893,3.5910017,2.4684033,3.1115825,2.892623,3.193855,3.722626,3.2524452,3.107053,3.1258433,3.0622091,3.0293674,3.0984857,1.6679791,0.0,3.2389839,3.0361786,3.5269964,2.813589,3.3018446,3.7457573,2.8554432,3.6677153,3.5293655,3.2677228,3.6900973,4.3728333,3.4984844,3.4660642,3.2814507,3.6576083,3.4561985,3.4691985,3.5563724,3.5560253,3.3158019,3.3306475,3.3991055,3.2526517,3.26014,3.2011719,3.062959,3.4086897,3.519221,4.9507556,3.8702285,3.386306,4.262837,3.83638,3.6473925,4.835957,3.1241817,3.128713,4.6824203,4.6577725,3.585757,3.6182234,3.166672,3.5158727,4.3197026,3.5686216,3.5288692,3.3119667,2.6875086,2.812555,2.3308785,2.3047473,2.9073126,2.9433467,2.7048223,3.0584526,3.4279058,3.2645283,2.7823567,3.221113,3.0645444,3.41653,2.7817888,2.883525,4.6590476,4.5415006,4.585851,4.5451446,4.573704,4.4862056,4.302663,4.9571767,4.6897297,4.6271024,4.42547,4.5330195,4.9233637,4.897439,4.932841,4.775387,3.3488567,4.094051,3.615948,3.0711255,4.9969845,4.9969845,4.1673927,4.0927553,4.291514,4.091898,4.8386517,4.8184476,3.5722792,3.8399832,4.3261967,4.226629
