,0,1,2,3,4,5,6,7,8,9,10,11,12,13,14,15,16,17,18,19,20,21,22,23,24,25,26,27,28,29,30,31,32,33,34,35,36,37,38,39,40,41,42,43,44,45,46,47,48,49,50,51,52,53,54,55,56,57,58,59,60,61,62,63,64,65,66,67,68,69,70,71,72,73,74,75,76,77,78,79,80,81,82,83,84,85,86,87,88,89,90,91,92,93,94,95,96,97,98,99,100,101,102,103,104,105,106,107,108,109,110,111,112,113,114,115,116,117,118,119,120,121,122,123,124,125,126,127
0,0.0,1.7743106,1.4185367,1.4789785,1.8371744,1.7854735,2.2621891,2.0178955,1.5400716,1.3087224,1.3475384,1.7900736,2.4857657,1.4443091,2.2498703,1.8438807,2.6370423,2.7314265,3.3074796,3.3911572,3.26852,3.4385388,2.380763,2.9555528,1.8161529,2.0369952,2.2939494,2.0558648,2.0800767,2.088371,1.9902734,2.083618,3.0259645,2.2022624,3.0144508,3.1428392,2.8766656,2.711129,2.2819319,2.2644544,2.6437578,2.8079777,2.8915415,2.8336048,3.087617,3.0981133,3.6169753,3.5938613,2.9747808,2.6615872,2.7453303,2.740014,2.8640049,2.5769386,2.984842,2.496186,2.8363056,2.681987,2.5103233,2.6436455,2.6244195,2.3317873,2.954438,2.5135882,2.826202,2.8437746,2.9947836,2.9022493,3.2175353,2.9733202,3.1120296,3.136534,4.54214,4.3688407,4.517506,4.670726,3.0953302,3.264973,3.5425887,3.112931,2.673149,3.1126113,3.0762575,3.0044127,2.4799423,2.4137018,2.8499231,2.8499231,3.2121406,2.8049715,2.6609373,3.3284733,2.632374,2.6076047,2.8726437,3.0321066,2.6136732,2.8699157,2.8777168,2.5884984,3.51454,2.8150146,2.4610007,2.7475805,2.898474,3.6200924,2.8979871,2.9536474,3.2310646,3.3017983,3.5107749,3.1932268,3.0454,3.0236275,2.8567564,2.956705,2.7115972,2.6597922,3.0042992,2.4066734,2.78325,3.2625966,3.139871,3.3656662,2.664539,2.8345842,2.859812,2.5545244
1,1.7743106,0.0,2.4085402,1.9106095,2.5943801,2.4997463,2.8453631,2.7410235,2.4297674,2.3009799,2.339796,2.6582034,2.3506026,1.2431707,2.3355677,2.157417,2.5064683,2.6481004,3.0479329,3.2344809,3.0627315,3.2676766,2.259166,2.7821693,2.7868588,2.947536,3.1246333,2.9452481,2.867861,2.858311,2.9129055,3.0412745,2.01893,1.971795,2.048411,2.2842252,2.0160327,1.7200233,1.3189682,1.2549001,1.5836469,1.8751475,1.9345382,1.8947878,2.5004923,2.4953554,2.9872308,3.0336993,2.7204401,2.375947,2.3931282,2.4239535,2.6947284,2.372321,2.7936432,2.232659,3.2985225,3.1651719,2.966865,3.0521026,3.2684171,3.0521307,3.5138829,3.1620705,2.4498694,2.4617193,2.5444167,2.4755797,2.809116,2.5018358,2.6559675,2.662252,4.283193,4.1421704,4.231306,4.381266,2.8248835,2.7892737,3.237362,2.7932894,2.6962109,3.1556942,2.9683616,2.9872725,2.4124184,2.361739,2.7920055,2.7920055,2.9677606,2.699506,2.4780986,3.19366,2.6129673,2.6289358,2.6595995,2.881498,2.535005,2.8354275,2.7829466,2.438062,3.5417855,2.7386413,2.3671787,2.6533651,2.9009743,3.0610228,2.943258,2.9793324,3.195646,3.257743,3.5359,3.1491268,3.1677964,3.1501527,3.1087873,3.2077475,2.899205,2.8421812,3.0695724,2.6314385,2.874929,3.3288302,3.213275,3.435926,2.679975,2.8972213,2.871208,2.560296
2,1.4185367,2.4085402,0.0,2.1380844,2.4944234,2.4724255,2.797078,2.5623147,2.2216735,1.9379795,1.9320226,2.2545984,2.7070782,1.7947868,2.0778208,2.4901848,3.1567054,2.9715014,3.7875884,3.8363848,3.4128041,3.5865881,2.455327,3.0858319,2.40954,2.5723467,2.7812643,2.5818782,2.6159225,2.677279,2.552984,2.6105492,3.5203204,2.805987,3.5144749,3.6251166,3.242516,3.1602423,2.690466,2.6966128,3.1608448,3.3122685,3.3995216,3.4142957,3.3753796,3.341425,3.865269,3.7026865,3.4810665,3.213405,3.2789164,3.283696,3.4053385,3.1732762,3.5482337,3.1144898,2.9140189,3.1736045,2.9943686,3.157661,3.1242313,2.8614712,3.4132104,3.0108771,3.0630336,3.0753832,3.219823,3.1234367,3.559617,3.2064626,3.3056777,3.3034797,4.2412887,4.047505,4.2134285,4.3596463,2.6481798,2.8146584,3.2079875,2.6560223,2.3841214,3.4918323,2.930564,2.8666823,2.0885518,2.058739,2.5390534,2.5390534,3.6692169,2.8046315,3.1122112,3.4801388,3.056321,3.0360088,3.3001633,3.1129062,3.0443943,2.9559276,2.9645107,3.1009295,3.5981128,3.1961932,2.904281,3.1533947,3.2847307,3.9762146,2.970646,3.1228225,3.8437583,3.6970804,3.6559303,3.6473453,3.1911843,3.1731944,3.1460476,3.26354,2.7509112,2.6987326,3.1984255,2.4839516,2.6801903,3.1581812,3.0226042,3.2543259,3.0541956,2.8647923,2.947515,2.9556732
3,1.4789785,1.9106095,2.1380844,0.0,1.0561237,1.0252403,1.9072157,2.0239358,1.3087748,1.9682537,2.0492027,2.3540983,1.8500923,1.6821891,2.517714,1.5162634,2.0126102,2.2308986,2.905111,2.9744952,2.8201797,2.9368618,2.454185,2.4239335,1.44083,1.717229,2.0055013,1.7453827,1.7698834,1.8141404,1.6998947,1.8531932,2.4019878,1.5977126,2.388815,2.5202997,2.1797404,2.8777773,2.8635232,2.760864,2.2561185,2.1438246,2.2527173,2.1947112,3.1318147,3.1622581,3.150659,3.5681412,2.4318428,2.01159,2.1834679,2.195963,2.4489853,2.0354793,2.6131864,1.9405527,2.3446343,2.188055,2.37586,2.1699474,2.2576585,1.9275541,2.5760274,2.0834565,3.264691,3.2817137,3.4621348,3.379031,3.4285913,3.2180517,3.6066344,3.5525084,4.914426,4.778886,4.8908377,5.0326505,3.6971495,3.792597,4.098314,3.7443361,2.8025792,3.2824128,3.172823,3.2061245,2.6846,2.6138098,3.0250247,3.0250247,2.4968693,2.9806738,2.7869072,2.7186286,3.1795855,3.157828,2.9965367,3.0961466,2.696482,2.9378798,2.9769592,2.7115757,3.6743145,2.934178,2.6208005,2.8998246,3.1460557,3.7115338,3.1160865,3.1723266,2.8178346,2.8320649,3.039627,2.6763034,2.5906334,2.526547,3.4016547,3.4830134,3.2657585,3.2341175,2.2968025,3.0397537,2.9564025,3.4219582,3.3428442,3.559623,3.5101974,3.6247385,3.5659347,3.361182
4,1.8371744,2.5943801,2.4944234,1.0561237,0.0,0.36274302,2.0715275,2.1813772,1.5728085,2.2182133,2.282233,2.5716,2.52093,2.4267037,3.0733662,1.9485645,2.229651,2.9219344,3.1101565,2.9381592,3.260568,3.1314263,2.996844,2.8995135,1.5390605,1.8071808,2.1568515,1.8402869,2.1699822,2.154454,2.06991,2.1471782,2.97391,2.0793228,2.9325182,3.0000038,2.8738203,3.3908613,3.456734,3.3576992,2.7845418,2.6838276,2.781453,2.7389739,3.419818,3.463523,3.4001994,3.8787427,2.8070502,2.4964497,2.623465,2.5786488,2.7212229,2.1729858,2.8360522,2.3712018,2.6296554,2.3140776,2.5537665,2.2915487,2.354142,1.9811429,2.5995195,2.1852248,3.7735088,3.7903657,3.9540489,3.8792112,4.004491,3.8370638,4.265976,4.1330247,5.1443872,5.012774,5.1098795,5.2504783,3.9411497,4.0726595,4.3335648,4.029739,3.1045866,3.522358,3.4394858,3.4780657,3.0782995,3.014016,3.3695333,3.3695333,3.0582552,3.6188588,3.251562,3.066109,3.2546942,3.2173257,3.518472,3.2763236,2.9574206,3.264101,3.3344216,2.9973977,3.8917754,3.2175353,2.8937104,3.2018833,3.4036062,3.9890187,3.3807666,3.4324636,2.9168234,2.9956594,3.283053,2.8526874,2.9592376,2.9033296,3.7393522,3.771383,3.634222,3.6351955,2.6651218,3.412077,3.3722794,3.707152,3.6907682,3.8770418,3.7160027,3.8960817,3.8447185,3.576374
5,1.7854735,2.4997463,2.4724255,1.0252403,0.36274302,0.0,2.1585042,2.2402892,1.4829762,2.1508002,2.199578,2.5456054,2.4583883,2.3599994,2.987428,1.9726055,2.3024144,2.9353106,2.995135,2.864747,3.2613597,3.1062016,2.9566138,2.8452213,1.5706965,1.8512129,2.2142549,1.89015,2.184161,2.1172523,2.0549836,2.1380935,2.8218853,1.940014,2.8094084,2.8262255,2.853827,3.2710445,3.397815,3.3079205,2.6105053,2.530672,2.6597104,2.598833,3.3621292,3.4608433,3.3423367,3.9139247,2.7107716,2.4800596,2.546503,2.4787273,2.592938,2.210037,2.6149652,2.2834673,2.6683908,2.3976073,2.642823,2.3729444,2.4596355,2.0681956,2.6185434,2.284664,3.6911826,3.7072992,3.8489401,3.7908669,3.93999,3.7733433,4.1784906,4.057519,5.201189,5.0688457,5.1598144,5.305721,3.9296947,4.053773,4.228943,4.019977,3.105213,3.516235,3.400944,3.4587765,2.994943,2.9205394,3.2726738,3.2726738,3.0158067,3.5490236,3.2211838,3.0607722,3.2017047,3.1646192,3.5478983,3.276592,2.8977878,3.21476,3.3250766,2.9914849,3.7937362,3.261555,2.899933,3.2131183,3.3019698,3.7921035,3.2075717,3.2582238,2.7287376,2.8039978,3.112944,2.660382,2.9123206,2.8618,3.692615,3.7269735,3.6031103,3.6060328,2.6202328,3.3604884,3.3012989,3.6424797,3.5507724,3.73874,3.643625,3.8178635,3.76631,3.4993773
6,2.2621891,2.8453631,2.797078,1.9072157,2.0715275,2.1585042,0.0,0.6151143,2.0309856,2.5963554,2.6854496,2.9861152,2.787119,2.6074853,3.3623762,2.3130128,2.7626324,3.1281707,3.3053958,3.3319552,2.7009683,3.555229,3.178997,3.2016203,2.171439,2.388,2.5829692,2.407625,2.3548255,2.403539,2.317974,2.4005818,3.15842,2.4079702,2.9149175,3.2427554,3.0074859,3.3660924,3.5361958,3.370105,2.983651,2.917978,2.7786782,2.9306064,3.671198,3.5998769,3.6892679,4.049023,3.0633118,2.7908564,2.7159991,2.6577427,2.533456,2.1409817,2.6343992,1.9609437,2.8267093,2.5535114,2.669754,2.5031018,2.6928618,2.3124163,2.7888732,2.397342,4.052841,4.0705023,4.2008934,4.1290364,3.9302528,3.7375972,4.352203,4.2233953,5.2403154,4.9648833,5.244608,5.3605986,4.4002686,4.4525857,4.6478605,4.3839827,3.4998803,3.8679478,3.7674696,3.8594804,3.466498,3.434017,3.7345948,3.7345948,3.385038,3.7608726,3.5620215,3.5581958,3.8972173,3.8542416,3.6821117,3.8605509,4.0006576,4.1435084,3.683778,3.403599,4.2684684,3.5135825,3.291335,3.5783634,3.800343,4.35445,3.7720551,3.9400656,3.4090042,3.4795954,3.6599727,3.3623745,3.1741035,3.1521647,3.863719,3.9577615,3.7503834,3.639995,2.908414,3.463048,3.6199942,4.0839043,4.0235243,4.208449,4.044925,4.2030964,4.1486483,3.9194937
7,2.0178955,2.7410235,2.5623147,2.0239358,2.1813772,2.2402892,0.6151143,0.0,2.1089478,2.4795609,2.525624,2.7854612,2.939895,2.531237,3.2607567,2.3791807,2.93059,3.2574623,3.331437,3.3861518,2.8104975,3.7029068,3.1508799,3.2833345,2.2471538,2.4454136,2.4933767,2.4612424,2.4127405,2.4114585,2.364324,2.409319,3.2751205,2.4562116,3.055049,3.3303664,3.1934698,3.2382824,3.3463364,3.2021935,2.9629228,3.032351,2.9111934,3.0558221,3.5645397,3.4897506,3.7210696,3.9941258,3.1149156,2.905804,2.7821183,2.723715,2.600344,2.2928066,2.6831343,2.0993834,2.9474657,2.6804962,2.7023668,2.6196814,2.6710384,2.3652833,2.8396997,2.50055,3.8971264,3.9155104,3.978049,3.9383268,3.803904,3.5978427,4.1664906,4.065865,5.0736866,4.7946076,5.072133,5.192117,4.2141185,4.2704897,4.4002995,4.169414,3.430036,3.7749815,3.7081642,3.7884984,3.3241646,3.3033907,3.648386,3.648386,3.4455132,3.5739324,3.392708,3.5965068,3.6521854,3.6130345,3.5988486,3.7682552,3.9254546,4.0478454,3.540153,3.2575498,4.1471686,3.3641717,3.189154,3.4306576,3.6811788,4.2543235,3.6169946,3.7830725,3.469852,3.5315583,3.7109299,3.4208052,3.3000271,3.29449,3.7070544,3.8137338,3.5857537,3.468765,3.13105,3.2829592,3.549624,4.029425,3.9243183,4.14581,3.7731755,3.9163172,3.8980837,3.6637707
8,1.5400716,2.4297674,2.2216735,1.3087748,1.5728085,1.4829762,2.0309856,2.1089478,0.0,1.1250288,1.2546088,1.8670872,2.3840349,1.9205838,2.735565,1.8623214,2.6119754,2.784055,3.2553215,3.3427835,3.1955998,3.35943,2.668668,2.8962367,1.132947,1.4364969,2.7718456,1.4901257,1.4877833,1.4395295,1.2889487,1.4504492,2.9054508,2.091963,2.8829668,2.9342353,2.861823,3.1450508,3.123675,3.0422282,2.7175124,2.6722813,2.75015,2.6645086,3.5368538,3.6378238,3.7197108,4.0010996,2.7104802,2.450773,2.5321584,2.495298,2.7515163,2.5387743,2.689913,2.2250154,2.4745882,2.318416,2.4122632,2.3272603,2.4876268,2.0998223,2.578604,2.1684406,3.498611,3.5115683,3.6914105,3.5967307,3.812488,3.6034608,3.8303964,3.7798705,5.1108356,4.88797,5.097099,5.2382145,3.9643762,4.089082,4.259956,4.037421,3.028677,3.5578654,3.321808,3.334099,2.9146035,2.8135362,2.8301382,2.8301382,3.3504734,3.5172389,3.4033532,3.517333,3.35883,3.314063,3.2529454,3.333388,3.0683038,3.461241,3.6298456,3.374677,4.127962,3.5597656,2.9221847,3.5893652,3.3424778,3.9493415,3.2320085,3.3403456,3.0781972,3.0947206,3.3325171,2.9765332,2.7232485,2.683968,3.2991796,3.3504336,3.1758232,3.1300995,2.5295622,2.9315636,3.0529082,3.6058726,3.436599,3.4165382,3.5030897,3.7650237,3.6130326,3.3641374
9,1.3087224,2.3009799,1.9379795,1.9682537,2.2182133,2.1508002,2.5963554,2.4795609,1.1250288,0.0,0.40365252,1.4209384,2.7906744,1.7643284,2.5805624,2.1384747,2.9760368,3.115593,3.615933,3.7054355,3.501146,3.631164,2.53058,3.1623378,1.7531519,1.9312965,3.2096446,1.954495,1.9574223,1.9263258,1.8440473,1.9712952,3.3056211,2.6181338,3.2917838,3.3609505,3.222842,3.0494094,2.712858,2.6920154,2.953348,3.0901468,3.1501906,3.0656009,3.5401647,3.586634,4.0219264,3.931731,3.2065272,2.9492388,2.9989588,2.9541757,3.2443264,2.9426374,3.156434,2.7814565,2.905523,2.7558982,2.5474846,2.7178652,2.8915005,2.592529,3.032987,2.6473513,3.241412,3.2496614,3.407588,3.2956874,3.761249,3.510749,3.5045505,3.4952502,4.672139,4.446658,4.656433,4.799006,3.4590793,3.5844338,3.8653219,3.5157893,2.8989255,3.4976861,3.1973026,3.1433806,2.8217351,2.7148793,2.6542494,2.6542494,3.8908694,3.5345848,3.4381063,3.9938252,3.040644,2.9935343,3.153946,3.2611935,2.9989748,3.4370263,3.6887941,3.434728,4.1611547,3.5575724,2.8726134,3.6365216,3.24819,3.916078,3.2184958,3.316225,3.5109706,3.5445714,3.8178873,3.4843082,3.1608536,3.1522713,3.009532,3.0540335,2.8531623,2.8049438,3.1238556,2.575893,3.0229769,3.5574431,3.4039643,3.3348758,2.9948697,3.3559997,3.2216413,2.885329
10,1.3475384,2.339796,1.9320226,2.0492027,2.282233,2.199578,2.6854496,2.525624,1.2546088,0.40365252,0.0,1.3862698,2.8682313,1.830559,2.5819128,2.1650276,2.987699,3.1132336,3.5970397,3.7214572,3.4345047,3.5317652,2.5022595,3.0611026,1.8586718,2.0334005,3.245944,2.0560756,2.0632305,1.9660486,1.956271,2.0573137,3.3954906,2.5824528,3.3898206,3.4692404,3.3018808,3.095756,2.765734,2.753968,2.9393144,3.1736016,3.2450619,3.155805,3.5779624,3.5434444,4.000728,3.9288833,3.2727387,3.0325313,2.9582129,2.8888547,3.3803425,2.9865808,3.1832514,2.8752627,2.9164512,2.7751548,2.554121,2.7126024,2.8748627,2.5931664,3.042018,2.6748054,3.3316853,3.3411465,3.3879855,3.334852,3.8257363,3.574795,3.5434394,3.5418732,4.611769,4.388128,4.6000276,4.740809,3.477513,3.5678732,3.8591337,3.5252805,2.9530005,3.5334654,3.1975102,3.1756802,2.862623,2.7483408,2.687859,2.687859,3.900833,3.5167398,3.4373033,4.0107436,3.0725045,3.0338335,3.1927042,3.2746475,3.046127,3.4640946,3.7247543,3.486495,4.2187095,3.5791154,2.9460707,3.6936834,3.3591769,3.9969032,3.295175,3.3963988,3.6449697,3.6643412,3.9132802,3.6019273,3.271752,3.2635517,3.093199,3.1466835,2.904414,2.8611715,3.2500083,2.6626122,3.1250799,3.6873405,3.52875,3.4718513,3.0764256,3.4013388,3.275647,2.9694178
11,1.7900736,2.6582034,2.2545984,2.3540983,2.5716,2.5456054,2.9861152,2.7854612,1.8670872,1.4209384,1.3862698,0.0,3.1395798,2.260886,2.90075,2.5368347,3.2276046,3.3570619,3.7305238,3.8143632,3.663065,4.194368,2.7461588,3.31654,1.6771673,1.5706215,2.9725854,1.561595,1.5849047,1.5133258,1.6541067,1.7201319,3.676911,2.8634138,3.6917732,3.7211583,3.535006,3.3398142,2.9090965,2.8956687,3.2403557,3.4867876,3.5429661,3.4713626,3.6959527,3.6355817,4.117035,4.010255,3.461989,3.2310338,3.2716908,3.4833095,3.6431475,3.26873,3.8283346,3.2641785,3.2908723,3.1387541,3.0107028,3.136325,2.4688385,2.9384508,3.3764827,3.014888,3.513143,3.5240085,3.5006218,3.472257,4.0260487,3.7718623,3.751167,3.789297,4.72907,4.4891543,4.7298646,4.8649664,3.647282,3.758018,3.9232368,3.5997086,3.192391,3.7790496,3.547871,3.444412,3.1743958,3.0654545,3.0234578,3.0234578,4.102568,3.761192,3.6672382,4.178875,3.2083743,3.1909578,3.4098196,3.4709013,3.3537867,3.7488928,3.9865453,3.7870302,4.755813,3.8335288,3.175179,3.9241614,3.6683471,4.539491,3.5872781,3.6228826,3.957733,3.9818635,4.205436,3.903388,3.676092,3.643585,3.5136867,3.5595076,3.357012,3.3152754,3.6935594,3.1584153,3.4691157,3.912752,3.7970285,3.7510915,3.3597069,3.6820123,3.5037513,3.2864726
12,2.4857657,2.3506026,2.7070782,1.8500923,2.52093,2.4583883,2.787119,2.939895,2.3840349,2.7906744,2.8682313,3.1395798,0.0,1.7819237,1.5935715,1.9887167,2.798746,2.2006047,3.5645626,3.6612067,2.4452305,2.6763937,2.0736969,2.0179996,2.5730572,2.747915,2.8692172,2.7764006,2.6703877,2.7802107,2.661026,2.836749,2.8567734,2.6257608,2.8810315,2.8851242,1.7894269,3.4417064,3.3269503,3.2579188,2.7589712,2.5953636,2.7089775,2.6293552,3.2402823,3.2730663,3.213246,3.3866165,2.9499364,2.5576825,2.9656026,2.9260566,3.2610402,2.789548,3.252769,2.684426,2.0984845,2.7353992,2.861691,2.690743,2.9898932,2.7251906,3.1830404,2.7368355,2.8588274,2.8725908,3.1287518,2.984753,2.864395,2.7177145,3.1466558,3.0216582,4.6298256,4.4703903,4.786611,4.934733,3.6029258,3.702671,4.081879,3.6946898,2.721678,3.0206318,3.295605,3.3132312,2.859449,2.7093678,3.1277647,3.1277647,2.7179358,2.9345696,3.034507,2.686471,3.5974157,3.5501328,3.2378705,3.1504674,3.0236447,2.9002476,3.0001113,3.1238751,3.6491659,3.1210983,2.9540906,3.3326352,3.431928,3.7782166,3.1235776,3.2161863,3.0525827,3.0536923,2.936881,3.0189621,2.3535452,2.241831,3.1924179,3.281257,3.1514838,3.1281838,1.9722167,2.9354382,2.428898,2.9927263,2.9204073,3.185419,3.6808367,3.543364,3.4026952,3.5037098
13,1.4443091,1.2431707,1.7947868,1.6821891,2.4267037,2.3599994,2.6074853,2.531237,1.9205838,1.7643284,1.830559,2.260886,1.7819237,0.0,1.5500469,1.8841463,2.6332948,2.3158274,3.3837059,3.507837,2.7670882,3.0191414,1.6655644,2.4277878,2.3720534,2.5531738,2.9300778,2.5695322,2.4351242,2.512797,2.427883,2.5887904,2.549021,2.2911394,2.570147,2.6495576,1.9878781,2.4350102,1.9200891,1.8964309,2.239653,2.322735,2.4048343,2.368303,2.7391572,2.798345,3.2722266,3.0277948,2.6778069,2.2782784,2.6121256,2.5711389,3.0291317,2.6478493,3.0702882,2.3549087,2.4205964,2.6498318,2.4452996,2.5852022,2.9136527,2.5922973,3.0811203,2.6448805,2.3437142,2.360533,2.6228619,2.4430768,2.7657297,2.4688118,2.5956972,2.556368,4.1086917,3.920652,4.1606293,4.3181696,2.8529491,2.9256196,3.3715694,2.9022617,2.0935085,2.707154,2.632971,2.57362,2.0845754,1.9228382,2.316347,2.316347,2.8891828,2.3700378,2.3890269,2.9285088,2.7031345,2.666847,2.4828665,2.5698104,2.4845908,2.587552,2.651815,2.5963154,3.467675,2.6572955,2.302972,2.8231688,2.9794056,3.369121,2.7880762,2.8966672,3.4129612,3.2737443,3.342705,3.2029786,2.5151415,2.4901824,2.5176334,2.6562147,2.2761974,2.208702,2.501388,2.0346963,2.300419,3.006362,2.881431,3.0702267,2.7090883,2.7311409,2.6569378,2.5620954
14,2.2498703,2.3355677,2.0778208,2.517714,3.0733662,2.987428,3.3623762,3.2607567,2.735565,2.5805624,2.5819128,2.90075,1.5935715,1.5500469,0.0,2.595055,3.4379885,2.684428,4.0487657,4.124805,2.8933752,2.980885,1.786916,2.4241061,3.0099204,3.1610508,3.3521852,3.1832378,3.1333313,3.178945,3.1126516,3.2234037,3.462894,3.1291592,3.516949,3.4596975,2.4366693,3.3830276,2.9134765,2.9400687,3.1141164,3.2330463,3.3564472,3.2903478,3.0549178,3.036064,3.4954407,3.2405562,3.4936378,3.1732402,3.527865,3.4695182,3.7456112,3.2943158,3.6785164,3.3380039,2.5873725,3.3903713,3.2405076,3.320294,3.5115948,3.2673879,3.7462566,3.3330185,2.2176304,2.2286518,2.400355,2.2531567,2.5304682,2.328897,2.4366565,2.3239448,4.123881,3.9148393,4.3401375,4.5095525,2.699891,2.886212,3.3516912,2.825675,2.167134,2.60476,2.9017656,2.8323696,2.2347298,2.0574672,2.535485,2.535485,3.3770065,2.5355878,2.9205987,3.0753443,2.9727168,2.9294796,3.0719898,2.723053,2.7669582,2.459136,2.643719,3.0052886,3.2385883,2.9995413,2.7057896,3.1606865,3.1152487,3.5158243,2.5961304,2.7281291,3.5401204,3.3940582,3.168844,3.4151244,2.6064596,2.5437138,2.4519153,2.572137,2.3956218,2.3755324,2.6005445,2.1025124,1.860598,2.4366012,2.332299,2.6153374,2.9323733,2.5759392,2.4690294,2.7792294
15,1.8438807,2.157417,2.4901848,1.5162634,1.9485645,1.9726055,2.3130128,2.3791807,1.8623214,2.1384747,2.1650276,2.5368347,1.9887167,1.8841463,2.595055,0.0,2.1341345,2.5860715,3.3298547,3.4324946,3.0303059,3.1613276,2.655373,2.7236004,2.1588418,2.3522203,2.4992976,2.3757844,2.343527,2.450724,2.31641,2.4973454,2.9902685,2.3052728,2.9685857,3.1217144,2.730451,3.2535887,3.0203493,2.940833,2.705524,2.725468,2.8148293,2.703413,3.5959358,3.5356205,3.7188232,3.5828636,2.6581228,2.204748,2.3292952,2.2651517,3.4633923,2.7317314,3.4194622,2.4361603,2.1676562,1.6135061,1.5533096,1.5303032,2.0375412,1.632842,2.2190163,1.646663,3.2751918,3.2969005,3.4524004,3.3665926,3.5607367,3.307584,3.5966756,3.5381079,4.128173,4.0207944,4.096262,4.2117543,3.611859,3.6066048,4.078759,3.6324735,3.0933535,3.5433202,3.4079854,3.4180324,3.2647595,3.1533906,3.4547925,3.4547925,2.888641,3.2485278,2.8111238,3.1259696,3.5610557,3.5140452,3.097978,3.3260458,3.078526,3.3459954,3.4170725,3.0802665,4.3660574,2.8820698,3.0073504,3.3482463,3.9369152,4.450188,3.9739902,4.027274,3.608896,3.906538,4.0986667,3.779955,3.176856,3.123546,3.6022928,3.660733,3.1964705,3.1835103,2.8575947,3.1776507,3.2034018,4.0136204,3.986724,4.189457,3.4553652,3.6485763,3.6030822,3.314759
16,2.6370423,2.5064683,3.1567054,2.0126102,2.229651,2.3024144,2.7626324,2.93059,2.6119754,2.9760368,2.987699,3.2276046,2.798746,2.6332948,3.4379885,2.1341345,0.0,1.9228812,2.1271937,2.1129556,2.7248583,2.8367195,2.550881,2.437534,2.570666,2.7282748,3.0227063,2.7062955,2.8567119,2.9447794,2.9638326,3.040624,2.5778482,2.045435,2.4604573,3.3702075,2.7801974,2.9048612,3.120849,2.9679613,2.4435809,2.382835,2.3802593,2.3115675,3.1417117,2.8520224,2.7492268,3.263818,3.2698667,3.053999,2.0190976,2.1992278,3.0794077,2.7507267,3.333061,2.2737222,3.2477937,2.861624,2.9183073,2.8002362,3.0176318,2.7667105,3.081772,2.8374007,4.261391,4.2797804,4.4031863,4.328877,4.55753,4.349535,4.635604,4.565391,4.814254,4.689546,4.8273807,4.9301534,3.7921004,3.7834005,4.0953646,3.8271782,4.0160213,4.4726233,4.1675434,4.2236667,3.9508626,3.8789423,4.0881615,4.0881615,3.6231613,4.180851,3.7583892,3.75737,4.2328386,4.259198,4.091164,3.915302,3.9615674,4.2236376,4.218193,3.9334745,5.0927196,4.055535,3.8845851,4.035277,4.6628695,4.910539,4.5662723,4.667651,4.240581,4.3697653,4.570396,4.241315,3.983547,3.8982232,4.5465975,4.6225853,4.275166,4.253445,3.6489704,4.17901,4.1932178,4.7744293,4.714291,4.850588,4.352915,4.5445824,4.474543,4.217386
17,2.7314265,2.6481004,2.9715014,2.2308986,2.9219344,2.9353106,3.1281707,3.2574623,2.784055,3.115593,3.1132336,3.3570619,2.2006047,2.3158274,2.684428,2.5860715,1.9228812,0.0,2.9479234,3.2250853,2.3579707,2.6225827,1.938763,1.8544598,2.7509668,2.9125116,3.138327,2.9037087,2.7919111,2.9141304,2.8814366,2.9553816,2.9571311,2.4236467,2.9303272,3.651672,2.267063,3.263907,3.2078326,3.1102672,2.8909154,2.833966,2.8857863,2.775786,3.2028556,2.8394725,2.877655,3.2918396,3.5472918,3.2062612,2.6031768,2.7628586,3.3813248,3.154517,3.6199632,2.7887158,2.9862506,3.3150764,3.3723185,3.2909932,3.3847764,3.1577425,3.6123471,3.210278,3.8537645,3.871153,3.9985538,3.9184492,3.9075265,3.7732184,3.9494715,3.980084,5.115034,4.959258,5.2821803,5.405249,3.916832,4.0186143,4.3842983,3.9806356,3.7776408,4.0212502,4.098758,4.1018624,3.6616209,3.5759575,3.8499491,3.8499491,3.260411,3.4973176,3.570097,3.4191914,4.307286,4.3456774,3.694268,3.801798,3.7891066,3.7693548,3.8002758,3.8575466,4.655162,4.0062118,3.7604938,3.865465,4.382916,4.763185,4.1665626,4.278157,4.307908,4.1972675,4.0932226,4.0954027,3.444211,3.3243747,3.9907544,4.135104,3.913165,3.864321,3.2260346,3.7913713,3.6362612,4.216627,4.142375,4.303024,4.444621,4.3636894,4.2565675,4.298125
18,3.3074796,3.0479329,3.7875884,2.905111,3.1101565,2.995135,3.3053958,3.331437,3.2553215,3.615933,3.5970397,3.7305238,3.5645626,3.3837059,4.0487657,3.3298547,2.1271937,2.9479234,0.0,0.94618493,3.206719,3.861652,3.2426455,3.0742128,3.2930954,3.3997536,3.6403954,3.373014,3.4513025,3.3609436,3.4850953,3.4791708,2.204478,2.2772636,2.1072912,3.1095347,3.6845243,2.4836125,3.531782,3.3885348,2.0523136,2.1083498,2.0809047,2.048472,3.0340688,3.2276857,2.5227048,3.8717818,3.3786461,3.818653,2.115963,2.3768365,2.4564664,3.6047797,2.7332451,2.0912764,4.199217,3.9598048,4.098493,3.9395735,3.900266,3.7887735,3.6068466,3.911392,4.7293186,4.7414613,4.749691,4.7507453,5.0385923,4.847413,5.1165037,5.0984025,5.6609015,5.494922,5.660552,5.7697935,4.395762,4.3692303,3.736304,4.3671236,4.9261355,5.3221173,4.9282546,5.066042,4.396132,4.354566,4.450372,4.450372,4.2802153,4.6838,4.416525,4.4546514,4.6803794,4.730437,5.0845566,4.6166697,4.852326,5.0676165,4.9625587,4.7267523,5.5463476,5.041988,4.7393513,4.807325,5.083675,4.7926297,4.5327883,4.67931,4.217683,4.2624106,4.5202036,4.183889,4.596956,4.556579,5.1024003,5.1912627,4.951313,4.911388,4.3243914,4.743858,4.6875362,5.30532,4.808905,4.9421577,4.6753845,4.8530655,4.78377,4.5527115
19,3.3911572,3.2344809,3.8363848,2.9744952,2.9381592,2.864747,3.3319552,3.3861518,3.3427835,3.7054355,3.7214572,3.8143632,3.6612067,3.507837,4.124805,3.4324946,2.1129556,3.2250853,0.94618493,0.0,3.3448515,3.861378,3.3143528,3.252883,3.3011873,3.400484,3.6572282,3.3747787,3.6023357,3.553209,3.6453044,3.6314538,2.4728963,2.5840452,2.34994,3.2528913,3.764896,2.7491782,3.6963134,3.5495992,2.3712184,2.2913432,2.2587788,2.274966,2.918284,3.177626,2.4689326,3.732428,3.488881,3.8990097,2.492065,2.707692,2.5677218,3.5699403,2.9679854,2.2590802,4.181886,3.9459026,4.0945673,3.933522,3.9030206,3.7808595,3.6041634,3.901378,4.8096313,4.8232403,4.917658,4.865135,5.208068,5.0240135,5.3592362,5.261878,5.5669127,5.390767,5.57831,5.6935167,4.256082,4.278294,3.648269,4.2674017,4.8164062,5.2532864,4.901319,5.0095854,4.400129,4.3482976,4.459765,4.459765,4.4889193,4.899528,4.5314326,4.4574237,4.578829,4.612655,5.2294297,4.4998064,4.856509,5.068106,4.9556265,4.72411,5.540397,5.025256,4.710314,4.8299875,5.1207542,4.849888,4.543882,4.700375,4.25987,4.290621,4.549681,4.219471,4.5992603,4.552667,5.1226892,5.1888165,4.96912,4.945544,4.322945,4.756659,4.703821,5.24302,4.821177,4.9510026,4.6397724,4.8207016,4.747265,4.517227
20,3.26852,3.0627315,3.4128041,2.8201797,3.260568,3.2613597,2.7009683,2.8104975,3.1955998,3.501146,3.4345047,3.663065,2.4452305,2.7670882,2.8933752,3.0303059,2.7248583,2.3579707,3.206719,3.3448515,0.0,2.1377234,1.9644322,1.4060814,3.2518764,3.391818,3.5317144,3.3895226,3.3034024,3.3162243,3.4237325,3.522536,3.4321868,2.8943248,3.2353752,3.8935823,2.5704713,3.708982,3.8464003,3.7067091,2.998232,3.141754,3.0276685,3.1632009,3.5354218,2.9092271,2.9242718,3.415249,4.0752835,3.818142,3.2024155,3.122068,3.5385473,2.7780254,3.2586083,2.9367354,3.100995,3.4898255,3.5378673,3.333207,3.6404884,3.4818535,3.8464496,3.5387862,4.4453588,4.460019,4.37263,4.387195,4.234997,4.08878,4.546054,4.407574,4.952794,4.687779,5.1715903,5.285651,4.279943,4.1988134,4.5766983,4.267785,3.8318417,4.1256423,4.0805874,4.2481275,3.9858406,3.8439214,4.136611,4.136611,3.9212992,4.1277246,4.2037344,3.9746234,4.6384835,4.623248,4.381799,4.229544,4.6043057,4.5029597,4.23804,4.311762,4.770199,4.2892566,4.137996,4.483215,4.5403805,4.7566857,4.2424235,4.448625,4.3312745,4.199437,4.132999,4.1868057,3.7846036,3.70418,4.401192,4.5419116,4.375601,4.2865744,3.521197,4.1086125,4.0765944,4.4359856,4.4070077,4.578079,4.883552,4.7965345,4.675589,4.7297835
21,3.4385388,3.2676766,3.5865881,2.9368618,3.1314263,3.1062016,3.555229,3.7029068,3.35943,3.631164,3.5317652,4.194368,2.6763937,3.0191414,2.980885,3.1613276,2.8367195,2.6225827,3.861652,3.861378,2.1377234,0.0,2.3768175,1.7164485,3.6431346,3.8952506,4.046507,3.9141862,4.0041904,3.979838,4.0333357,4.14659,3.821486,3.146727,3.736376,4.2318993,2.6797428,4.2160144,4.1649423,4.0811486,3.4103453,3.5218747,3.5660858,3.5701642,3.9042838,3.226153,3.301705,3.719017,4.442115,3.995253,3.6269262,3.3093174,4.1207085,2.8644242,3.5257907,3.6183798,3.2478526,3.6414845,3.6598744,3.4315662,4.2215605,3.6152415,4.182161,3.7208812,4.5273914,4.540749,4.4916677,4.5027385,4.4421186,4.3424177,4.6729984,4.4827886,5.104994,4.964318,5.2812204,5.4106226,4.1878395,4.1377482,4.925957,4.3353896,3.683251,3.923811,3.8765447,4.062122,3.9521973,3.796026,4.157006,4.157006,3.9738073,4.258204,4.2602854,3.9249625,4.5262113,4.503442,4.3737063,4.095921,4.0438547,3.980869,4.056557,4.1028943,4.262385,4.1570826,4.009131,4.322348,4.3515863,4.5003223,4.2606244,4.4145455,4.293529,4.1915245,4.143918,4.168853,3.7681596,3.6718445,4.408869,4.5040574,4.3791256,4.363253,3.4607475,4.1584377,4.1057324,4.2740293,4.4518075,4.609304,4.9278584,4.818138,4.746072,4.7595057
22,2.380763,2.259166,2.455327,2.454185,2.996844,2.9566138,3.178997,3.1508799,2.668668,2.53058,2.5022595,2.7461588,2.0736969,1.6655644,1.786916,2.655373,2.550881,1.938763,3.2426455,3.3143528,1.9644322,2.3768175,0.0,1.4939051,2.7916453,2.9167697,3.3489437,2.911142,2.877271,2.962356,2.9745677,3.0844877,3.2039309,2.8715491,3.1573954,3.6660697,2.3768756,3.1188285,2.809012,2.7646902,2.777251,2.9025216,2.9325192,2.9215846,2.8828104,2.4970033,2.941371,2.8208582,3.831111,3.5588217,3.2408457,3.2191207,3.5345428,3.0863266,3.5013297,3.0170562,2.8852878,3.3466442,3.2028756,3.251975,3.477792,3.3135247,3.7154675,3.367539,3.4564323,3.4691262,3.5797865,3.4676888,3.7373106,3.544363,3.629801,3.5802686,4.280156,4.072589,4.4986215,4.647778,3.1039627,3.1730604,3.5848043,3.1489768,3.0431266,3.501543,3.539321,3.5247207,3.1863303,3.0043983,3.2770624,3.2770624,3.8972187,3.519495,3.6317852,3.8267467,3.7399302,3.7210696,3.7481637,3.48899,3.6407182,3.6053205,3.692836,3.8033617,4.273089,3.8275857,3.506817,3.9822078,3.8819697,4.189827,3.541102,3.7025452,4.164738,3.9891713,3.9574904,3.986115,3.458246,3.3785849,3.4792612,3.6218839,3.4509294,3.3947515,3.3642561,3.17165,3.2865705,3.6768725,3.5976102,3.721318,3.8332734,3.7520094,3.6320221,3.6910548
23,2.9555528,2.7821693,3.0858319,2.4239335,2.8995135,2.8452213,3.2016203,3.2833345,2.8962367,3.1623378,3.0611026,3.31654,2.0179996,2.4277878,2.4241061,2.7236004,2.437534,1.8544598,3.0742128,3.252883,1.4060814,1.7164485,1.4939051,0.0,2.9538174,3.1002483,3.2810984,3.101742,3.0568285,3.0480049,3.1363187,3.2535524,3.2508166,2.6647835,3.2041523,3.7087924,2.4236767,3.6452851,3.68405,3.6009138,2.8012536,2.9526439,3.0019417,2.988939,3.445079,2.9379532,2.845536,3.3687267,3.8782513,3.6228042,3.0587065,2.9761212,3.6461117,2.9755275,3.345046,3.0947096,2.8450484,3.3023226,3.3864417,3.16806,3.4479718,3.2920969,3.6802657,3.380608,4.141641,4.154444,4.0759544,4.0956554,4.1258354,3.983109,4.241603,4.1656113,4.864747,4.720849,5.060809,5.189149,3.98957,3.9427214,4.3474216,4.0300894,3.585533,3.9036715,3.851756,3.9876175,3.6948009,3.5222604,3.83512,3.83512,3.5850987,3.795458,3.8985336,3.6649332,4.342737,4.3360643,4.1482315,3.9222,3.9913409,3.9124353,4.011343,4.107797,4.517589,4.10965,3.9480824,4.2764134,4.2824955,4.5013275,3.9602404,4.0984926,4.093891,3.9297235,3.881373,3.9219756,3.57998,3.4865417,4.197169,4.32503,4.1794195,4.1447196,3.324905,3.9579146,3.8064356,4.182843,4.1022434,4.279913,4.659249,4.5496464,4.437766,4.496369
24,1.8161529,2.7868588,2.40954,1.44083,1.5390605,1.5706965,2.171439,2.2471538,1.132947,1.7531519,1.8586718,1.6771673,2.5730572,2.3720534,3.0099204,2.1588418,2.570666,2.7509668,3.2930954,3.3011873,3.2518764,3.6431346,2.7916453,2.9538174,0.0,0.39314464,2.2832742,0.45069683,0.83101964,0.89230484,0.8007223,0.83356166,3.2657828,2.3305204,3.2353642,3.3784344,3.02105,3.500526,3.408908,3.3145497,3.0796664,3.0158281,3.0816934,3.0035586,3.5855796,3.5619674,3.6374702,3.9623024,3.1092389,2.7969735,2.8742893,3.0448515,2.890603,2.6073742,3.2266195,2.6152072,2.7564006,2.607473,2.801392,2.6631722,2.077093,2.2594872,2.8555052,2.3624802,3.8381991,3.853028,3.9972854,3.9210784,4.1001797,3.9146812,4.187684,4.1685996,5.2715497,5.0522513,5.2866735,5.426587,4.1133966,4.302399,4.450458,4.1363115,3.3491237,3.846311,3.817426,3.769021,3.2904375,3.2272334,3.332959,3.332959,3.5715158,3.86655,3.74607,3.6674702,3.604028,3.5785666,3.5641558,3.6234326,3.3607314,3.7108684,3.8271146,3.6130648,4.496992,3.801552,3.1778202,3.7731884,3.6045833,4.4731846,3.542071,3.6084938,3.3037562,3.3624685,3.5458891,3.218551,3.168611,3.081268,3.7805986,3.8306553,3.7245617,3.6820917,2.9633856,3.4804754,3.4485705,3.7791061,3.722398,3.732901,3.9196184,4.137364,3.9652936,3.8016932
25,2.0369952,2.947536,2.5723467,1.717229,1.8071808,1.8512129,2.388,2.4454136,1.4364969,1.9312965,2.0334005,1.5706215,2.747915,2.5531738,3.1610508,2.3522203,2.7282748,2.9125116,3.3997536,3.400484,3.391818,3.8952506,2.9167697,3.1002483,0.39314464,0.0,2.3625503,0.09885667,0.70881826,0.8070389,0.7993974,0.8071345,3.4171512,2.5232465,3.393389,3.5209558,3.1822135,3.619129,3.5038772,3.41158,3.2336073,3.184633,3.2417338,3.16632,3.6945977,3.6664312,3.7514691,4.046173,3.2406535,2.9466743,3.0343225,3.2752633,3.070714,2.8032467,3.4847739,2.8228576,2.941623,2.7907145,2.9812508,2.8580348,2.05002,2.4729497,3.0210075,2.5561316,3.9469805,3.9610806,4.086759,4.0151634,4.2327375,4.0430546,4.2954664,4.2857766,5.3224096,5.096755,5.340707,5.4769588,4.197765,4.385071,4.5056868,4.1997814,3.4805117,3.9945927,3.955593,3.8890467,3.4428155,3.3790262,3.4438663,3.4438663,3.7493417,4.0269403,3.906831,3.8323028,3.7112732,3.690694,3.6862378,3.7355642,3.5208597,3.8771932,4.0098433,3.8094594,4.7387915,3.9720595,3.325407,3.9494014,3.7681155,4.679289,3.6991909,3.7516546,3.4860473,3.546825,3.728639,3.4093082,3.3625524,3.2738256,3.9359727,3.9794512,3.8775861,3.836133,3.1796315,3.64824,3.6007164,3.9126468,3.8609293,3.848617,4.035819,4.269852,4.0773783,3.9269755
26,2.2939494,3.1246333,2.7812643,2.0055013,2.1568515,2.2142549,2.5829692,2.4933767,2.7718456,3.2096446,3.245944,2.9725854,2.8692172,2.9300778,3.3521852,2.4992976,3.0227063,3.138327,3.6403954,3.6572282,3.5317144,4.046507,3.3489437,3.2810984,2.2832742,2.3625503,0.0,2.3786361,2.3833454,2.5154603,2.3597105,2.4466004,3.7528744,2.87759,3.7316582,3.8494837,3.4872,4.0341487,3.8522286,3.7847295,3.5498235,3.4973583,3.5865073,3.5853264,4.05561,4.0134087,4.0822706,4.3563395,3.5492578,3.2557077,3.4434793,3.5739927,3.4287086,3.1580327,3.8406448,3.170372,3.1784463,2.91832,3.1656084,2.9786277,2.245059,2.5538523,3.1871977,2.7868962,4.1389093,4.163434,4.29521,4.2455664,4.147809,3.9977322,4.4278364,4.4668407,5.461959,5.390871,5.4405885,5.57294,4.499142,4.643892,4.7504053,4.4365535,3.7764993,3.9976745,4.2518535,4.198802,3.8021448,3.730942,4.4214225,4.4214225,3.0615954,3.5058396,3.2995994,3.3427315,4.040583,4.0099564,4.024948,4.2271824,3.755311,3.7534778,3.559096,3.3328722,4.313554,3.4053106,3.6659126,3.4479313,4.0050216,4.8325567,4.0194883,3.9968016,3.721977,3.838149,3.9505057,3.6835957,3.829173,3.7605345,4.347507,4.4645233,4.293238,4.258007,3.6355457,4.0876737,4.003459,4.282079,4.231007,4.6691775,4.338617,4.293239,4.3743253,4.23218
27,2.0558648,2.9452481,2.5818782,1.7453827,1.8402869,1.89015,2.407625,2.4612424,1.4901257,1.954495,2.0560756,1.561595,2.7764006,2.5695322,3.1832378,2.3757844,2.7062955,2.9037087,3.373014,3.3747787,3.3895226,3.9141862,2.911142,3.101742,0.45069683,0.09885667,2.3786361,0.0,0.71917224,0.8251158,0.83873475,0.8247005,3.4146914,2.535801,3.3875268,3.5362334,3.195268,3.5989828,3.4884474,3.3943868,3.22667,3.1823642,3.2343907,3.1598814,3.6707604,3.6349065,3.7235024,4.01681,3.2667494,2.9806013,3.0345867,3.2864878,3.0651972,2.8163488,3.5041213,2.8285236,2.9834065,2.8257198,3.0078285,2.8914552,2.0623803,2.5077069,3.045463,2.5895429,3.9647644,3.978466,4.100689,4.0299506,4.2556005,4.062688,4.3100443,4.304466,5.303257,5.0785956,5.3220882,5.45718,4.179085,4.366078,4.482658,4.174974,3.5144622,4.037002,3.9927316,3.9259253,3.465442,3.4079235,3.4668815,3.4668815,3.7881317,4.0572205,3.9350502,3.8680425,3.7252903,3.707956,3.7069852,3.7537851,3.5531166,3.9107463,4.0371947,3.836974,4.7777324,3.9996574,3.3519554,3.9723408,3.795673,4.7033944,3.7271833,3.7806482,3.518552,3.5817823,3.767973,3.4465513,3.4152784,3.3267317,3.9706144,4.014294,3.9100404,3.8675938,3.2325134,3.679494,3.632856,3.9408407,3.8873222,3.8723063,4.04783,4.286558,4.0930076,3.9411013
28,2.0800767,2.867861,2.6159225,1.7698834,2.1699822,2.184161,2.3548255,2.4127405,1.4877833,1.9574223,2.0632305,1.5849047,2.6703877,2.4351242,3.1333313,2.343527,2.8567119,2.7919111,3.4513025,3.6023357,3.3034024,4.0041904,2.877271,3.0568285,0.83101964,0.70881826,2.3833454,0.71917224,0.0,0.51395243,0.4148878,0.69863605,3.3315372,2.479366,3.3085177,3.4513488,3.1018364,3.5558805,3.4122634,3.3194358,3.1973119,3.1562703,3.1905878,3.1294067,3.87282,3.8394513,3.9403908,4.2250543,3.2031887,2.8882365,2.9757047,3.247898,3.0993886,2.9042025,3.4769905,2.7780094,2.9733734,2.8370037,3.0100987,2.9071984,2.1515543,2.6044211,3.1140256,2.6530592,3.9073448,3.9207225,4.0373187,3.96933,4.103911,3.904314,4.12548,4.1692986,5.445959,5.2205133,5.459531,5.588642,4.3774953,4.516102,4.648798,4.3490715,3.5385215,4.019856,3.9246013,3.8664024,3.4896462,3.4077249,3.4826295,3.4826295,3.5922337,3.8490374,3.8181813,3.8562677,3.8878746,3.8718233,3.5718184,3.887581,3.6269221,3.9501212,4.0591774,3.8677547,4.7913465,4.008506,3.4066267,3.9745858,3.7908494,4.7053113,3.763687,3.8076584,3.575679,3.6043935,3.777055,3.4733067,3.3318026,3.2550848,3.9054222,3.9761307,3.8583796,3.7936375,3.1695561,3.631544,3.6150908,4.0009737,3.8998635,3.9056566,4.1240973,4.3492727,4.1676664,4.0131326
29,2.088371,2.858311,2.677279,1.8141404,2.154454,2.1172523,2.403539,2.4114585,1.4395295,1.9263258,1.9660486,1.5133258,2.7802107,2.512797,3.178945,2.450724,2.9447794,2.9141304,3.3609436,3.553209,3.3162243,3.979838,2.962356,3.0480049,0.89230484,0.8070389,2.5154603,0.8251158,0.51395243,0.0,0.57361335,0.6952536,3.2842772,2.3225534,3.2773066,3.3639169,3.1603649,3.4812157,3.42893,3.3410904,3.0619247,3.116583,3.1647048,3.0902326,3.8273404,3.7854922,3.8517108,4.2744536,3.1428022,2.8968644,2.8707666,3.1295502,3.0120144,2.842959,3.2749376,2.752701,3.079662,2.9498878,3.1302905,2.993416,2.2251928,2.6689582,3.153174,2.7564137,3.9147692,3.9272072,3.93764,3.9301982,4.086388,3.8978496,4.11056,4.153814,5.535162,5.2997828,5.5438113,5.676223,4.4315577,4.552695,4.623266,4.4041924,3.5907664,4.0192966,3.9063418,3.8889675,3.4434972,3.3694983,3.399499,3.399499,3.5858982,3.846458,3.8276412,3.8626792,3.781351,3.774719,3.5771298,3.843987,3.5830834,3.9394605,4.0608783,3.8535838,4.739685,4.0425134,3.3695579,3.9706326,3.7039168,4.5616603,3.6302345,3.67363,3.4327738,3.453976,3.649514,3.3174372,3.3383844,3.2700639,3.901514,3.966198,3.8757014,3.8145273,3.1947,3.6377137,3.6256678,4.0019665,3.853983,3.8367667,4.087267,4.327798,4.1318913,3.9779034
30,1.9902734,2.9129055,2.552984,1.6998947,2.06991,2.0549836,2.317974,2.364324,1.2889487,1.8440473,1.956271,1.6541067,2.661026,2.427883,3.1126516,2.31641,2.9638326,2.8814366,3.4850953,3.6453044,3.4237325,4.0333357,2.9745677,3.1363187,0.8007223,0.7993974,2.3597105,0.83873475,0.4148878,0.57361335,0.0,0.5099978,3.3373597,2.4997354,3.33005,3.3842392,3.2039256,3.5923421,3.5006578,3.418938,3.2100847,3.1471493,3.2071145,3.1288884,3.908215,3.9706528,4.01861,4.3205447,3.0812955,2.829796,2.963825,3.1687546,3.0444145,2.998232,3.3615758,2.7208915,2.8485713,2.7199037,2.9205434,2.807963,2.1600802,2.4585564,2.9320095,2.5185099,3.8728256,3.8861833,4.029076,3.9550636,4.07862,3.8885877,4.104462,4.1535125,5.5070972,5.2963147,5.513423,5.6463213,4.450805,4.6067953,4.667206,4.4411254,3.527144,3.9765599,3.9190364,3.8675258,3.422518,3.344727,3.420914,3.420914,3.506799,3.7583032,3.7377474,3.7788079,3.8368669,3.8118834,3.5529795,3.852405,3.5486712,3.8696432,3.9972258,3.8023536,4.6638603,3.9512405,3.3797479,3.9313142,3.7182543,4.589146,3.6426275,3.6906083,3.4419217,3.4503171,3.6279566,3.3195655,3.1989691,3.134689,3.7971797,3.8684335,3.7638464,3.7040105,3.0468373,3.5359554,3.514407,3.9560905,3.7887983,3.8057854,4.050155,4.263819,4.097355,3.9362316
