,0,1,2,3,4,5,6,7,8,9,10,11,12,13,14,15,16,17,18,19,20,21,22,23,24,25,26,27,28,29,30,31,32,33,34,35,36,37,38,39,40,41,42,43,44,45,46,47,48,49,50,51,52,53,54,55,56,57,58,59,60,61,62,63,64,65,66,67,68,69,70,71,72,73,74,75,76,77,78,79,80,81,82,83,84,85,86,87,88,89,90,91,92,93,94,95,96,97,98,99,100,101,102,103,104,105,106,107,108,109,110,111,112,113,114,115,116,117,118,119,120,121,122,123,124,125,126,127
0,0.0,2.1499841,1.4918398,1.4815611,2.289651,2.6269462,2.644655,1.2737262,1.5168743,1.8248352,1.8476698,2.0749502,2.220122,2.5809362,2.008422,2.1367497,2.602768,2.6293125,2.1189735,2.101524,2.462138,2.5400221,2.0306354,2.1015317,2.8636749,2.619475,2.514254,3.0004218,2.660666,2.3575866,2.279944,2.4905782,3.0340629,2.295256,3.4166305,3.7907722,3.1188383,3.3427327,2.5266929,3.0187242,3.290564,3.1379297,3.1077378,3.0511885,2.6627486,3.144847,2.750616,3.237012,2.3845582,2.2338762,2.2449076,2.2686903,2.2978325,2.2492332,2.057386,2.1538298,2.1977456,2.3563986,1.4963843,2.4782202,2.1443446,2.7072005,2.4183486,2.3763466,2.7865243,2.6917992,2.8445795,2.784666,2.300599,3.0437436,2.5483727,2.606755,2.1297586,2.1062841,2.2924066,2.7345936,2.4153254,2.5960727,2.2074106,2.1140656,2.299985,2.9324012,2.9466472,2.6672823,2.9759855,3.0978308,2.748965,2.4897597,2.4805071,2.2607322,2.5507133,2.4275463,2.638696,2.261265,2.6347997,2.6504996,2.7674546,2.7574136,2.732691,2.7438588,2.2678876,2.3870523,2.5578628,2.382583,2.2642546,2.2038438,2.8127778,2.231294,1.7303687,2.290224,2.2006223,2.3113153,2.8131843,2.8515687,2.8562398,2.5371501,2.8616507,2.8143945,2.1691687,2.1737702,2.2103755,1.9112331,2.6668203,2.483593,2.4071145,2.3887756,2.1926887,2.1203156
1,2.1499841,0.0,1.5742409,1.6311262,2.4259298,2.3374102,2.2883048,1.9932525,2.1589189,2.6523988,2.5550947,2.798791,2.8983521,3.2111776,2.6898463,2.6831346,2.4715276,2.5347161,2.1056962,2.0540752,2.330535,2.608874,2.3429542,2.1931312,2.2130165,2.3232992,1.7611548,2.5917163,2.014472,2.279738,2.150842,2.3985596,2.3403797,2.6119616,2.7057672,3.2256038,2.3715634,2.6670601,2.980111,2.6306922,2.7779617,2.4696174,2.3409424,2.4891589,2.8372138,3.3180633,2.9675543,3.4395561,2.991926,2.6898232,2.350963,2.3304868,2.633536,2.834606,2.626552,2.3490167,2.6408677,2.4411876,2.0442643,2.7124586,2.5997682,2.8569489,2.8265183,2.5721245,3.0752246,3.0708911,2.2989814,2.814511,2.599679,3.2090368,2.8975236,2.6070714,2.4522548,2.4169257,2.4861705,3.0244303,2.5782228,2.7548404,2.382788,2.261138,2.6711953,3.3609169,2.628711,2.2916899,3.4400108,3.6224587,3.022178,3.0557466,2.5233116,2.8134227,3.0226374,2.8843687,2.3511846,2.6618862,2.85965,2.899826,2.9686468,3.025661,2.9465785,2.9602702,2.6087756,2.6210585,2.8193321,2.712983,2.495598,2.533442,3.0631921,2.4471834,2.1650333,2.4820282,2.5485196,2.7297454,2.9391468,3.0417364,2.6339946,2.7613416,2.9331741,2.8691342,2.3889663,2.3334227,2.6025605,2.2133408,2.9615245,2.7979262,2.6613383,3.1151474,2.5464451,2.428906
2,1.4918398,1.5742409,0.0,0.94491607,2.2624056,2.1994169,2.182076,1.9383684,1.6079018,2.238699,2.002522,2.2227983,2.2756648,2.5710146,2.172655,2.2198725,2.7507212,2.7915285,2.2424395,2.1787515,2.6142962,2.7085342,2.25273,2.3513618,2.4542294,2.5705297,2.0265596,2.8009136,2.2938344,2.531218,2.4250352,2.5801997,2.3107204,2.673486,2.7229998,3.1593404,2.3668203,2.5615053,2.9975162,2.6618242,2.546198,2.35934,2.3657784,2.4965198,2.7650893,3.2632895,2.8616471,3.376711,2.9364214,2.708089,2.3697252,2.3800704,2.597174,2.8212614,2.6279564,2.6647274,2.6690516,2.4764047,2.0197928,2.6208317,2.5801408,2.8547647,2.8698714,2.65828,2.9727066,2.9060514,2.64262,2.6415136,2.5194058,3.1049635,2.764362,2.585318,2.427631,2.4074106,2.519415,2.947013,2.4430153,2.5886152,2.2878861,2.18107,2.6630952,3.2468185,3.084732,2.8135436,3.3382525,3.4758725,2.9432797,2.9281814,2.7223833,2.6459506,2.899702,2.6980777,2.7204945,2.588581,2.8103886,2.8054051,2.922587,2.9238386,2.8987465,2.910577,2.513926,2.5124097,2.761553,2.582926,2.3294613,2.3532321,2.9486253,2.2888844,2.048416,2.4367406,2.5037014,2.6516593,2.8375907,2.9089813,2.4475262,2.5644424,2.824832,2.8019674,2.2378008,2.2360787,2.52945,2.2235248,2.878386,2.7148755,2.6247206,3.0915697,2.47339,2.3842278
3,1.4815611,1.6311262,0.94491607,0.0,1.9824295,1.9219366,1.9803798,2.0122972,1.6942365,2.656022,2.4502685,2.73045,2.817377,2.9967685,2.6140766,1.8193271,3.0642996,3.126214,2.3882725,2.3166432,2.3823612,3.0805626,2.4192462,2.50694,2.315034,3.0372992,2.46589,3.050455,2.0655253,2.8053365,2.7221696,2.92135,2.610011,2.8105867,2.571491,3.052157,2.6493032,2.4785554,3.0027425,2.793547,2.9709318,2.6506865,2.7466106,2.750885,3.0353425,3.547056,2.7827852,3.6626668,3.1753466,2.8185291,2.461076,2.4407456,2.1890488,2.9007344,2.6722164,2.7098129,2.47378,2.536779,2.0976896,3.0382478,2.2550218,2.4018931,3.074523,2.873251,2.6851025,2.9503,2.5848858,2.8199015,2.5411186,2.9341848,2.7711701,2.2807112,2.463128,2.4470444,2.151331,2.6252685,2.6734715,2.8218443,2.5112236,2.421232,2.646384,3.5457861,2.7630339,2.559667,3.3648925,3.6537006,2.671873,2.9190862,2.793215,2.7108037,2.847921,2.6964445,2.8600607,2.6129863,2.389115,2.4244475,3.3030844,3.352953,3.2801187,3.2735913,2.6523888,2.6482346,2.5027199,2.763215,2.4834597,2.4457111,3.0374794,2.444998,1.9125661,1.8905964,2.4909701,2.6408129,2.5710642,2.6387408,2.3085198,2.4662554,2.6994524,2.8592978,2.4294736,2.4269688,2.4993498,2.2504437,2.5927432,2.7110302,2.2575517,2.798866,2.5007253,2.3625066
4,2.289651,2.4259298,2.2624056,1.9824295,0.0,1.5514501,2.343578,2.1806786,2.3079386,3.227012,3.0729883,3.3154337,3.471629,2.9492555,3.6374245,2.613269,3.3140209,3.4061956,2.5246215,2.4495249,2.274777,3.341026,2.81043,2.6891193,2.5418258,3.350866,3.0931046,3.5149035,2.2874835,2.9998903,2.9213412,3.1559784,3.2538068,2.73951,3.0127313,2.9472048,3.2749426,2.914226,2.6214995,3.4543366,3.49837,3.2774525,3.5016475,3.4094691,3.0232892,3.5621636,2.5144632,3.6455011,3.484604,2.960985,2.6077495,2.5765357,2.318294,3.0516324,2.8008635,2.8157613,2.5226276,2.6367393,2.2499647,3.2768388,2.1890235,2.1631818,3.3432665,3.256202,1.9234655,2.5217505,2.3407438,2.3867009,2.2672143,2.2285957,2.3806555,2.096073,2.6328413,2.7231762,2.2606056,2.3659987,2.187541,2.256308,2.562099,2.4836223,2.4731355,3.5008607,1.9574867,2.033344,2.7993863,3.3301446,1.8984191,2.4667203,2.474926,2.7818975,2.5669165,2.202908,2.255885,2.3589475,1.7105014,1.6501579,3.4817436,3.5321925,3.3853116,3.4307022,2.6681266,2.6407564,2.2178051,2.7699409,2.5061007,2.5164664,3.146114,2.4286137,2.3157065,1.988807,2.6454813,2.8096955,2.3640594,2.4110043,2.586842,2.3494833,2.4985063,2.8725233,2.4465027,2.4811509,2.5719793,2.5308292,2.4545872,2.7993019,2.2615852,2.8132298,2.7558265,2.5955577
5,2.6269462,2.3374102,2.1994169,1.9219366,1.5514501,0.0,2.0421169,2.4678962,2.659512,3.49779,3.3454032,3.554893,3.8158326,3.4026241,3.9157667,3.0062852,3.3190775,3.40853,2.8193953,2.7275374,2.354052,3.4529383,2.7849312,2.9611056,2.3618326,3.4651308,2.8925436,3.4115822,2.177561,3.2281995,3.1479115,3.3160996,2.714479,2.9262872,2.2916124,2.2210424,2.664791,2.5222194,2.835936,2.8874137,3.194265,2.959838,2.9279463,2.7914505,3.1448555,3.6927407,2.8307693,3.7822392,3.7208977,3.0903058,2.797292,2.7737708,2.5832837,3.2370617,2.9985695,3.053323,2.7590349,2.856071,2.5751035,3.5400312,2.464132,2.4470866,3.5465455,3.4242363,2.1681454,2.6900997,2.27045,2.4032512,2.5499537,2.4535012,2.6089993,2.2342548,2.8192022,2.8984933,2.504027,2.5445795,2.5807078,2.6069431,2.8500767,2.810146,2.6760159,3.8400764,2.331381,2.3552594,3.3940146,3.8540983,2.1906948,2.6786053,2.7733006,2.9950535,2.835785,2.6399899,2.6811032,2.6839988,2.0667326,2.1889367,3.6473303,3.6903892,3.575578,3.5942376,2.8693876,2.8516467,2.4788952,2.9615955,2.9028096,2.9165134,3.4639862,2.8252254,2.4659111,2.220853,2.9059415,3.0410242,2.617408,2.674301,2.3600419,2.606918,2.7817197,3.167462,2.7414832,2.7806718,2.8078637,2.8241258,2.6835437,2.9711704,2.485323,3.0227427,2.943525,2.8129973
6,2.644655,2.2883048,2.182076,1.9803798,2.343578,2.0421169,0.0,2.6516654,2.6230085,3.5652568,3.4097626,3.2260609,3.4125786,3.355657,3.5619297,2.6795402,3.7911696,3.844744,2.936057,2.846071,2.7482646,3.9762414,3.1206083,3.089258,1.9779127,3.4079158,3.1480818,3.7073896,2.3042285,3.5276394,3.4446344,3.1587162,3.1982446,3.4523628,2.7195723,3.081337,3.1736162,2.971952,3.6393528,3.3636537,2.9774165,3.4408762,3.4449723,3.3047686,3.0863729,3.746517,2.7355824,3.8948298,3.7999077,3.123077,2.8645566,2.9813879,2.8072498,3.461482,3.2078018,3.1714728,2.8797984,3.5375643,2.7758572,3.8913388,2.8142269,2.7300422,4.1255975,3.6872654,2.916451,3.3783112,2.9166408,3.2298715,3.1072493,2.9924934,3.3491573,2.4711032,3.1683805,3.178153,2.6147954,2.923873,3.2524369,3.3714323,3.217567,3.15858,3.2925563,4.4769416,2.887376,2.8269215,3.805699,4.244222,2.961542,3.4767978,2.8438077,2.9629395,3.4504673,3.4315393,3.2467496,3.2545447,2.7141309,2.8931327,4.041707,3.8032825,4.025166,4.0071263,3.2151423,3.1937826,2.8444026,3.034169,3.3494866,3.3492396,3.8799608,3.2828133,2.6978142,2.416771,3.2660224,3.361417,2.8772752,2.9570968,2.6419845,2.4937656,3.0727212,3.5877352,3.1160393,3.169371,3.242995,3.0850198,3.172906,3.48491,2.7656283,3.2621193,3.2404637,3.1576247
7,1.2737262,1.9932525,1.9383684,2.0122972,2.1806786,2.4678962,2.6516654,0.0,1.8584586,1.8735769,2.064883,2.3521326,2.6848378,2.9209778,2.5068882,2.7249455,2.3935504,2.475568,2.0202906,1.9929631,2.4136572,2.507679,2.0800753,2.0200531,2.8959284,2.4255602,2.350148,2.9972517,2.635928,2.1446626,2.0381372,2.3624234,2.9936984,1.9297518,3.422476,3.7186759,3.0120492,3.5623648,2.3405,2.9829385,3.5329876,3.3199909,3.0193636,2.967614,2.5632856,3.1841378,2.9337256,3.2637043,2.4465957,2.0738537,2.0814633,2.0766697,2.5469184,1.96015,1.7329657,1.7787142,2.1071053,2.1662338,0.95589423,2.3332763,2.1929417,2.8126101,2.205866,2.2830088,2.7729125,2.6522841,2.7308824,2.5588946,2.4472468,2.9258235,2.5113182,2.533182,2.212847,2.2103896,2.5726392,2.8417594,2.3029926,2.4496982,2.1847363,2.1334372,2.1728702,2.9410276,2.827044,2.546773,2.731936,2.881214,2.748962,2.2946777,2.43056,2.3510005,2.5095937,2.4658134,2.3604496,2.285295,2.7668867,2.8589475,2.52752,2.5935864,2.4546812,2.4903939,2.0979002,2.2593331,2.5023432,2.2906756,2.3359666,2.3553188,3.048982,2.2808816,1.6254636,2.4411871,2.2322803,2.408829,2.9304943,2.9757364,3.0006795,2.734856,2.7560966,2.6716113,2.1052988,2.0986476,2.1971204,2.164511,2.784614,2.5107594,2.5544133,2.4147658,2.3413131,2.1956935
8,1.5168743,2.1589189,1.6079018,1.6942365,2.3079386,2.659512,2.6230085,1.8584586,0.0,1.528989,1.2724009,1.6611495,1.9064448,2.2180247,1.8552473,1.8658158,2.6030488,2.7167475,2.1950731,2.1502693,2.6138074,2.7577193,2.2463038,2.335885,2.8898754,2.6363454,2.4946399,3.0988781,2.6328244,2.3864655,2.2887123,2.4985354,3.099762,2.4786804,3.393347,3.7890737,3.0716333,3.5093663,2.8952093,3.305189,3.595875,3.388316,3.0952668,3.2887628,2.6514716,3.2594986,3.0258489,3.406971,3.2136402,2.8628528,2.4092503,2.4020648,2.8006892,2.9068184,2.704768,2.5228744,2.6875696,2.5241215,2.0030763,2.6293895,2.6444407,2.9239316,2.8659968,2.5871325,3.1453943,3.1629918,2.902206,2.9997041,2.420241,3.2495484,2.9801145,2.7120574,2.7049875,2.6863494,2.608817,3.276467,2.7413788,2.9353411,2.681102,2.5072284,2.6566365,3.4342012,3.0216293,2.7523189,3.5027885,3.5769227,3.1306477,3.1033945,2.7260604,2.8814235,3.0468025,2.9838107,2.6481895,2.7675953,2.767184,3.013167,2.985722,3.0128756,2.9664927,2.9827015,2.6024554,2.6004553,2.8636913,2.7131312,2.7330337,2.767231,3.2988994,2.7004786,2.2369885,2.4405699,2.6383042,2.849603,3.2456436,3.3341157,3.3224483,2.9974911,2.9669418,2.9439723,2.5915017,2.535767,2.7597952,2.2375114,3.140162,2.9349709,2.8185225,3.2969146,2.7180912,2.5331812
9,1.8248352,2.6523988,2.238699,2.656022,3.227012,3.49779,3.5652568,1.8735769,1.528989,0.0,0.8681138,1.3286062,1.6492655,2.2248242,1.598562,3.0751073,2.4102662,2.5404742,2.5865612,2.5554686,3.3996487,2.5395894,2.5121076,2.6052127,3.7709708,2.4564898,2.5532346,3.2290723,3.527627,2.4094796,2.2950966,2.5683699,3.3693027,2.5044484,4.167193,4.4717207,3.3368282,4.2596803,2.8870609,3.3788939,3.859968,3.6916788,3.1680775,3.4165673,2.9146502,3.4056182,3.7691724,3.506393,2.95769,2.9406142,2.797298,2.7919965,3.6368136,2.844541,2.7028224,2.4999146,3.1940415,2.834606,2.1081448,2.360943,3.3253272,3.9272864,2.4720492,2.3787277,3.8672283,3.453469,3.3571923,3.3340223,2.815898,3.9979231,3.3048868,3.6730154,3.0271978,3.0054739,3.507846,4.0624995,3.0470395,3.213994,2.9878402,2.8365004,2.9224813,3.0792358,3.7745125,3.421436,3.6061559,3.3924208,3.8499832,3.2224247,3.0180852,3.1759899,3.3669176,3.2870512,2.9633453,3.0933073,3.6811943,3.8604972,2.7220135,2.76854,2.6835558,2.7350595,2.8694837,2.9710212,3.6613712,3.0183313,3.093736,3.1388383,3.615129,3.0685647,2.6680562,3.4531221,2.9908512,3.21428,4.137478,4.208154,4.1044707,3.8225243,3.599634,3.2226324,2.9129896,2.849834,3.101536,2.668861,3.8426223,3.2550077,3.6435776,3.660234,3.0928,2.9137788
10,1.8476698,2.5550947,2.002522,2.4502685,3.0729883,3.3454032,3.4097626,2.064883,1.2724009,0.8681138,0.0,0.9501031,1.4090519,2.034582,1.3492528,2.9278219,2.3184128,2.4345276,2.4514713,2.4200091,3.34041,2.4902146,2.432707,2.544091,3.6670728,2.3555527,2.4591131,3.2463489,3.426617,2.3085675,2.182435,2.39543,3.2656338,2.6331952,4.074457,4.41609,3.250817,4.1780863,3.004754,3.449219,3.7461886,3.6135263,3.0787144,3.4618504,2.7786996,3.3458698,3.6870902,3.4473994,3.0995293,3.0744843,2.683235,2.6908176,3.4659398,3.0808325,2.945589,2.8210866,3.29867,2.7181962,2.172573,2.1805165,3.3273895,3.765115,2.5428755,2.2648635,3.6887295,3.2410874,3.2438614,3.1498985,2.6236029,3.8285837,3.1013741,3.5294206,2.811993,2.793968,3.3317907,3.8668578,2.8779907,3.0429547,2.8072655,2.6617935,2.7426732,2.937275,3.6755774,3.3218126,3.581976,3.3641343,3.660066,3.1937392,2.8712654,2.958607,3.1859648,3.1060863,2.8682554,2.894651,3.5288193,3.7109866,2.5768344,2.5988064,2.5263731,2.5827148,2.7276638,2.738939,3.545495,2.8299186,2.8945162,2.929748,3.4471016,2.867604,2.3739865,3.2480993,2.7719076,2.9888952,3.9748662,4.0406933,3.939332,3.6381612,3.4788008,3.1155791,2.7346544,2.684639,2.908901,2.4801884,3.7033446,3.0881033,3.4309533,3.805534,2.8275955,2.6728935
11,2.0749502,2.798791,2.2227983,2.73045,3.3154337,3.554893,3.2260609,2.3521326,1.6611495,1.3286062,0.9501031,0.0,0.92461216,1.7223129,1.3581963,3.1604671,2.5870483,2.6896553,2.6326091,2.605877,3.580124,2.7991478,2.6203527,2.7130656,3.6785235,2.332995,2.726659,3.489527,3.6437094,2.5960586,2.482711,2.2932518,3.517696,2.9582064,4.277859,4.610939,3.4968152,4.3779817,3.274791,3.664006,3.5292015,3.8180442,3.3648074,3.7215657,2.644785,3.249173,3.6050334,3.3634975,3.171507,3.166457,2.8254528,2.9251714,3.6921465,3.2892942,3.1527197,3.03147,3.5161927,3.235926,2.494214,2.5338662,3.5787685,3.98639,3.0084488,2.536855,3.850895,3.3849914,3.4452484,3.3943214,2.8164892,4.009392,3.333679,3.750327,3.0234737,3.0070496,3.5237815,4.0393314,3.1101854,3.2771893,3.041843,2.9087572,2.9890912,3.158047,3.8569405,3.51764,3.782914,3.5716114,3.8518605,3.4102595,2.758145,2.860768,3.3855882,3.325699,3.104507,3.1128998,3.7345243,3.9086683,2.824058,2.5739374,2.7909017,2.831188,2.9152472,2.9193664,3.75525,2.8173091,3.145998,3.1643553,3.6530936,3.1089373,2.621493,3.4710498,3.0207148,3.20647,4.1669664,4.2290998,4.118031,3.6519952,3.6250825,3.353403,2.930109,2.926315,3.1437423,2.7458327,3.9191356,3.3292987,3.6240363,3.9701076,3.0398574,2.9076684
12,2.220122,2.8983521,2.2756648,2.817377,3.471629,3.8158326,3.4125786,2.6848378,1.9064448,1.6492655,1.4090519,0.92461216,0.0,1.5294455,1.132341,3.0796676,2.8506088,2.927298,2.7633514,2.767699,3.69665,2.899098,2.7317684,2.802977,3.7446134,2.4600387,2.947893,3.5532405,3.7359452,2.734409,2.7503266,2.520191,3.7336495,3.2964058,4.4771833,4.8082905,3.737484,4.3676805,3.6058497,3.920088,3.4631913,3.7919254,3.6095283,3.9634416,2.929344,3.3925676,3.5876412,3.4275534,3.1598473,3.388505,3.0523646,3.1604931,3.8220346,3.3993177,3.3414822,3.2092493,3.6476464,3.4664185,2.8358963,2.8481598,3.7498186,4.126538,3.30045,2.8539186,4.139456,3.7094316,3.7096167,3.708973,3.10695,4.1726174,3.6446168,3.9871383,3.3322923,3.306997,3.7926197,4.3110094,3.3118496,3.5314176,3.2360775,3.0787182,3.3626359,3.241379,4.0860534,3.7609096,4.083454,3.9006941,4.1362915,3.7617514,3.0179162,3.1426046,3.551653,3.526573,3.3152895,3.3806818,3.9787524,4.041069,3.0351408,2.770954,3.1238678,3.054133,3.1160865,3.1201837,3.9097123,2.997305,3.242696,3.2616398,3.7083435,3.21385,3.0317528,3.7407327,3.2930331,3.3858604,4.301488,4.365241,4.240691,3.7701697,3.783793,3.4955485,3.1154246,3.0955212,3.4451365,2.9898937,4.138093,3.615017,3.865305,4.095651,3.3241992,3.2046692
13,2.5809362,3.2111776,2.5710146,2.9967685,2.9492555,3.4026241,3.355657,2.9209778,2.2180247,2.2248242,2.034582,1.7223129,1.5294455,0.0,2.4841855,3.4785333,3.269591,3.3822026,3.0536375,2.997961,3.780968,3.3100617,3.1360285,3.148965,3.790505,2.9440482,3.3442192,3.8785548,3.777551,3.176201,3.190444,2.99156,3.8658953,3.4728243,4.4297442,4.412633,3.8442326,4.3340235,3.312147,3.9656913,3.504932,3.9208024,3.810301,4.058138,3.1483142,3.6163044,3.5988593,3.618672,3.5467107,3.6429737,3.3273413,3.4257958,3.897584,3.6925955,3.6056232,3.483344,3.82747,3.6875324,3.0788722,3.2164595,3.7800868,4.0780573,3.6151404,3.2353947,3.7172952,3.3557673,3.3076746,3.4011416,2.7055192,3.8127344,3.3323035,4.0275836,3.481192,3.5428057,3.8448353,4.226029,3.1463249,3.3016279,3.479387,3.31349,3.3124835,3.2678804,3.687594,3.503575,3.7584724,3.7114425,3.7158215,3.4686515,2.7671835,3.2791898,3.3842983,3.2302306,3.0909863,3.2568035,3.5581136,3.6326544,3.4317603,3.1761765,3.4668877,3.4188306,3.3412967,3.326368,3.943364,3.214895,3.4658554,3.4742734,3.9082215,3.4104238,3.2591708,3.759674,3.4786954,3.5750215,4.345592,4.4012756,4.288677,3.837554,3.813416,3.660329,3.3389678,3.349022,3.5892503,3.1925082,4.152357,3.7639441,3.918375,4.1611934,3.5551662,3.4080322
14,2.008422,2.6898463,2.172655,2.6140766,3.6374245,3.9157667,3.5619297,2.5068882,1.8552473,1.598562,1.3492528,1.3581963,1.132341,2.4841855,0.0,2.7519705,2.7330036,2.7840276,2.7172828,2.7445862,3.5800574,2.7767677,2.5938418,2.72539,3.7894568,2.5420442,2.8408608,3.4646044,3.6715991,2.5871367,2.5950139,2.6081958,3.692574,3.2043736,4.4494977,4.969981,3.7249894,4.335885,3.7379942,3.9068086,3.7551215,3.772344,3.5390635,3.9148233,3.1176622,3.5791721,3.7163522,3.6203606,3.0997949,3.34032,3.0159895,3.0696332,3.6836562,3.2740252,3.2101302,3.0994892,3.5130966,3.2259474,2.6595578,2.7559423,3.6290805,4.0385957,3.073918,2.7286782,4.2859015,3.917436,3.9198654,3.8902912,3.3731894,4.3002496,3.7913318,3.8720486,3.2451084,3.1671236,3.6854527,4.2553144,3.4409077,3.678669,3.1174483,2.9858737,3.364027,3.3108878,4.2264795,3.8506532,4.238229,4.0381775,4.2728095,3.871546,3.3454902,3.2133696,3.621912,3.6567972,3.4841528,3.4423091,4.10594,4.1563144,2.9286003,2.8303154,3.024078,2.9546597,3.0436332,3.0662992,3.8079107,3.0474362,3.123723,3.1409438,3.6364934,3.1066709,2.8013806,3.5861952,3.1823494,3.2813544,4.1837063,4.250115,4.1449366,3.7694466,3.7388356,3.3921704,3.025457,2.9739988,3.3264234,2.896721,4.040292,3.5119686,3.7422683,3.9579978,3.191671,3.0771725
15,2.1367497,2.6831346,2.2198725,1.8193271,2.613269,3.0062852,2.6795402,2.7249455,1.8658158,3.0751073,2.9278219,3.1604671,3.0796676,3.4785333,2.7519705,0.0,3.7001672,3.718204,2.8724203,2.8776813,2.5206003,3.6748054,2.8421528,2.9434555,2.7467878,3.690824,3.4575589,3.6684582,2.5723872,3.2686076,3.3000543,3.4988065,3.7534485,3.2937095,3.4417758,4.0269756,3.8089206,3.2691042,3.827851,4.021356,4.030738,3.734405,3.9559166,3.9125237,3.4452662,3.9057255,2.7958562,4.004916,3.793498,3.3941898,3.1176608,3.099626,2.681382,3.3989432,3.2349617,3.1330059,2.727621,3.1771822,2.8545022,3.8208299,2.616059,2.597774,3.9146085,3.7477922,3.5375683,4.030114,3.748548,3.8791673,3.43762,3.4389317,3.8305814,2.5633986,3.393493,3.3292005,2.622533,3.2933528,3.4840767,3.723344,3.2173016,3.0791562,3.5454009,4.4698133,3.3839846,3.2448895,4.320871,4.6239552,3.527019,3.9505496,3.64517,3.543864,3.6747603,3.7165692,3.4904304,3.5136557,3.00545,3.0779462,4.008982,4.037212,4.0864253,4.0064163,3.2411447,3.243791,2.73893,3.3347812,3.1972358,3.2152653,3.6969895,3.175181,3.0137465,2.3490517,3.3426933,3.3802128,2.8646934,2.9637475,3.1369674,2.7837203,3.1966822,3.5428078,3.1741009,3.1212556,3.4043875,2.919591,3.1773593,3.5375888,2.8876781,3.2172017,3.3404057,3.2525988
16,2.602768,2.4715276,2.7507212,3.0642996,3.3140209,3.3190775,3.7911696,2.3935504,2.6030488,2.4102662,2.3184128,2.5870483,2.8506088,3.269591,2.7330036,3.7001672,0.0,0.52422607,1.5393027,1.6218417,2.4938102,0.93379205,1.3621045,1.4898938,3.1181788,1.2372017,1.4776814,1.8588161,2.855264,0.9298625,0.7890742,1.3018904,2.6567094,1.8608849,3.6361878,3.972955,2.676837,3.7660651,2.4258468,2.9017274,3.359691,2.9476886,2.5454457,2.9862418,2.046186,2.1274245,3.1440957,2.2134702,2.261985,2.2658148,1.7993281,1.7765359,2.9268298,2.2413347,2.1911488,2.0265133,2.6998527,1.8110857,2.2531257,1.4376864,2.785408,3.2769241,1.601236,1.4071863,3.1427011,2.5677345,2.5808742,2.4101243,2.2875624,3.3415537,2.4587715,3.0061698,1.9939075,1.952451,2.9262,3.2402942,2.056533,2.2523873,1.8689737,1.7747456,1.9188229,2.1076002,2.9835606,2.54732,3.2379088,3.0029147,3.1189353,2.4994729,2.1906395,2.3013558,2.4891632,2.4338653,1.9004219,2.125076,3.2108881,3.277248,1.3978087,1.5926635,1.375237,1.4719971,1.7444502,1.794878,2.8611,1.9381664,1.9767613,2.0625656,2.2262185,1.9693877,2.477963,3.4300227,1.9104278,2.1497777,3.3422232,3.4012218,3.3340936,3.1030483,2.9689448,2.4780643,1.8148432,1.699335,2.055764,1.8216223,3.0444493,2.2497957,2.8112614,3.2138531,1.9970058,1.8711438
17,2.6293125,2.5347161,2.7915285,3.126214,3.4061956,3.40853,3.844744,2.475568,2.7167475,2.5404742,2.4345276,2.6896553,2.927298,3.3822026,2.7840276,3.718204,0.52422607,0.0,1.6197311,1.7221717,2.4218616,0.70674855,1.4193248,1.5352365,3.1321917,1.3031993,1.5238256,1.8574067,2.885519,1.0058919,0.9072637,1.3646508,2.669228,1.9662192,3.699448,4.0565233,2.7726314,3.7996695,2.5774457,3.000069,3.4101388,3.0020468,2.62251,2.9444816,2.153258,2.1930735,3.1880503,2.2593384,2.0599825,2.0939527,1.8586222,1.8510523,2.8907661,2.231336,2.2291813,2.08308,2.6215944,1.7629582,2.230885,1.3855603,2.8142743,3.3014095,1.6934571,1.542211,3.2236707,2.5531056,2.6972382,2.381398,2.2844954,3.2805529,2.4463415,3.0340927,1.9052114,1.8557953,2.8698878,3.1816251,1.979323,2.1913757,1.7307603,1.6286899,2.0528393,2.208324,3.0778575,2.64832,3.3275344,3.1064072,3.1374986,2.6135361,2.313386,2.3641458,2.555729,2.5289798,1.8547229,2.0676918,3.299482,3.341243,1.4947013,1.6795787,1.5074952,1.572474,1.8237482,1.8872561,2.8990953,2.0102255,2.005116,2.099523,2.240371,2.0129185,2.5857103,3.5178785,1.9871418,2.0768816,3.2453759,3.3049834,3.2362568,3.002362,3.2614882,2.8395412,1.8949555,1.7670709,2.152821,1.7158005,3.1158493,2.362568,2.8778467,3.2363164,1.8892639,1.9898474
18,2.1189735,2.1056962,2.2424395,2.3882725,2.5246215,2.8193953,2.936057,2.0202906,2.1950731,2.5865612,2.4514713,2.6326091,2.7633514,3.0536375,2.7172828,2.8724203,1.5393027,1.6197311,0.0,0.26048043,1.6327069,1.7605928,0.9959329,0.39110586,2.0199678,1.2921884,1.5903709,1.592091,1.7592846,0.85532254,1.0989401,1.335306,2.3967078,1.6062022,2.9483626,3.3291533,2.4668396,3.1134725,2.1759665,2.6594193,2.986441,2.6624775,2.5754037,2.8115084,1.5711764,1.7901212,2.1509624,1.76985,2.069209,1.8073888,1.0597078,1.077928,1.7940743,1.6305025,1.612893,1.6185505,1.7630408,1.3950907,1.8336772,1.645666,1.6646672,2.0456092,1.8447493,1.6118284,2.2822561,2.1262774,2.0843713,1.9497168,1.886741,2.349268,1.9669502,1.9005061,1.4969505,1.4399796,2.0801039,2.3008444,1.5884494,1.932254,1.3434098,1.2263949,1.4721004,2.3503234,2.1940496,1.8105354,2.5051908,2.5748718,2.3004599,2.085476,1.6523093,1.6354603,1.7103581,1.9542857,1.5040247,1.561869,2.2900937,2.3511121,1.5436984,1.5610366,1.7238636,1.5589511,0.84796906,0.8872006,1.657893,1.0076375,1.4320812,1.5222995,1.7597346,1.4220624,2.0208688,2.6168182,1.2292904,1.3506929,2.334732,2.3990915,2.4415839,2.06302,2.1277943,2.0081124,1.1735735,1.0325115,1.4347756,1.2644302,2.1863556,1.7754554,1.7856956,2.247527,1.4697073,1.2577304
19,2.101524,2.0540752,2.1787515,2.3166432,2.4495249,2.7275374,2.846071,1.9929631,2.1502693,2.5554686,2.4200091,2.605877,2.767699,2.997961,2.7445862,2.8776813,1.6218417,1.7221717,0.26048043,0.0,1.6710446,1.8743939,1.1203082,0.5820522,1.9558201,1.3371466,1.5576824,1.5887012,1.6796869,0.99714875,1.185359,1.4221185,2.2959611,1.5929677,2.8396096,3.1966112,2.3584666,3.052068,2.0727472,2.5249584,2.9394464,2.6162922,2.4775546,2.7172291,1.6031438,1.8535347,2.1965187,1.8372282,2.1368167,1.8216481,1.0750271,1.0763717,1.7877687,1.6661317,1.6068944,1.6027789,1.7709862,1.4011339,1.7950292,1.6479853,1.6240473,2.0117521,1.8298666,1.5721903,2.1840904,2.0518353,1.9183348,1.8601649,1.7795851,2.2866457,1.8804886,1.8571043,1.4812884,1.437037,2.0385065,2.26188,1.5713139,1.9054567,1.3954816,1.2801324,1.3908179,2.3564906,2.0935655,1.7103963,2.3782558,2.461038,2.2157092,1.9900899,1.5681812,1.6249315,1.6682932,1.9038248,1.4614197,1.5136769,2.1756022,2.2738268,1.5893837,1.6086763,1.7433254,1.5954579,0.90031517,0.93190265,1.6562015,1.0608922,1.502999,1.5890044,1.8274672,1.484742,1.9739716,2.5673337,1.2149462,1.3841904,2.3552794,2.4238021,2.4057512,2.0885406,2.0762188,1.975347,1.2089323,1.0723449,1.4121516,1.2484457,2.174436,1.7711734,1.7458363,2.2248142,1.4812062,1.2221286
20,2.462138,2.330535,2.6142962,2.3823612,2.274777,2.354052,2.7482646,2.4136572,2.6138074,3.3996487,3.34041,3.580124,3.69665,3.780968,3.5800574,2.5206003,2.4938102,2.4218616,1.6327069,1.6710446,0.0,2.473451,1.6685935,1.6205145,1.5775928,2.6274362,2.412111,2.174103,1.2344596,2.065712,2.174444,2.4517186,2.7965536,2.1986425,2.6378062,3.0141175,2.9261992,2.7580652,2.6700807,3.0724852,3.4845629,3.0116498,3.1590989,2.9724944,2.4866233,2.6418211,2.0124664,2.6788433,2.6735501,2.0101538,1.9122756,1.8847977,1.4570806,2.1373298,2.0594482,1.9523852,1.3886011,1.8679348,2.2866344,2.8607762,1.2723998,1.3953205,2.8563666,2.825943,2.1734247,2.597774,2.346194,2.347773,2.2629383,1.8653641,2.4208477,1.3072616,2.0843408,2.0600796,1.5814474,1.9025683,2.050055,2.3230555,1.918226,1.8036337,2.2648284,3.4874814,1.8395337,1.6906414,3.210978,3.59826,2.0797212,2.5959542,2.4066994,2.5010488,2.367931,2.5253193,1.8269083,2.0785277,1.905379,1.9748001,2.9047573,2.9920425,3.0124621,2.9103677,1.9312222,2.0017776,1.3086146,2.1134913,2.1349032,2.202781,2.4028227,2.1038654,2.639796,2.4221861,2.154886,2.0588882,1.5704796,1.6951733,1.9432844,1.625113,2.5862813,2.9336436,2.0587006,1.9520348,2.2166774,1.7554649,2.1721106,2.5039182,1.7501625,2.033669,2.0939057,2.1791558
21,2.5400221,2.608874,2.7085342,3.0805626,3.341026,3.4529383,3.9762414,2.507679,2.7577193,2.5395894,2.4902146,2.7991478,2.899098,3.3100617,2.7767677,3.6748054,0.93379205,0.70674855,1.7605928,1.8743939,2.473451,0.0,1.5048558,1.6332139,3.2383363,1.5578396,1.6292642,1.846902,2.9512303,1.2028984,1.1024102,1.5932945,2.8000183,2.1479576,3.826644,4.1266026,2.9318674,3.7065299,2.6803627,3.1499984,3.383331,2.883138,2.7821293,3.0454905,2.4659238,2.369541,3.2257004,2.4307806,1.8511982,2.0869558,1.9389188,1.920789,2.9176674,2.1795115,2.185593,2.0799947,2.606093,1.7363948,2.2910943,1.4680532,2.8433416,3.3668933,1.7048544,1.7150292,3.2722392,2.597323,2.7984526,2.3933072,2.3302698,3.2648187,2.4710982,3.1114986,1.998623,1.9642141,2.9364245,3.237069,1.854573,2.0524414,1.6559805,1.5298947,2.2382667,2.0916328,3.1762953,2.7783895,3.3186564,3.1110988,3.1591632,2.6308975,2.4893484,2.5113297,2.620971,2.420939,1.9032546,2.0911114,3.3418431,3.2638345,1.6492263,1.8934896,1.6516625,1.7450074,1.957016,2.0432544,2.9581566,2.1852055,1.806371,1.908507,2.0286543,1.816745,2.751269,3.6719108,2.0862505,2.1650739,3.183822,3.2382379,3.1698508,2.9821427,3.2745228,2.812894,1.8492439,1.7112092,2.2307658,1.7769667,3.181002,2.4956377,2.96313,3.2298484,1.9941458,2.1137393
22,2.0306354,2.3429542,2.25273,2.4192462,2.81043,2.7849312,3.1206083,2.0800753,2.2463038,2.5121076,2.432707,2.6203527,2.7317684,3.1360285,2.5938418,2.8421528,1.3621045,1.4193248,0.9959329,1.1203082,1.6685935,1.5048558,0.0,0.8634359,2.297793,1.5626854,1.7250675,1.6566297,2.0665529,1.0491258,1.306272,1.5225859,2.509319,1.7416791,3.066247,3.472381,2.5582342,3.175376,2.3830297,2.7284575,3.06738,2.7057955,2.6228585,2.8407147,1.7805489,1.8987337,2.265623,1.864782,2.0259151,1.8821218,1.4118837,1.4407682,2.0677772,1.6236765,1.658492,1.7411942,1.8858203,1.6255931,2.0531301,1.932582,1.8732148,2.3442354,1.961523,1.8551337,2.6051157,2.4250298,2.5195658,2.2602496,2.2083397,2.609098,2.3080606,2.169519,1.8103617,1.7437258,2.359979,2.5897124,1.9135185,2.2155948,1.6060352,1.5161917,1.794604,2.4650562,2.6549242,2.3013833,3.0947642,3.1115396,2.6304588,2.3067868,2.1123123,1.8977313,1.9900491,2.2303286,1.993592,1.914325,2.6140757,2.6512969,1.6749365,1.7089788,1.8969225,1.7116057,1.1066895,1.2274854,1.8816452,1.2879395,1.6391845,1.7092017,1.9269818,1.6204543,2.2349172,2.8503518,1.6251993,1.6602076,2.5278666,2.5861952,2.5798643,2.2597585,2.3511083,2.211296,1.4310201,1.3205997,1.7485311,1.5964116,2.4282236,2.026273,2.0971107,2.3083994,1.7535725,1.6118419
23,2.1015317,2.1931312,2.3513618,2.50694,2.6891193,2.9611056,3.089258,2.0200531,2.335885,2.6052127,2.544091,2.7130656,2.802977,3.148965,2.72539,2.9434555,1.4898938,1.5352365,0.39110586,0.5820522,1.6205145,1.6332139,0.8634359,0.0,2.1183143,1.2811317,1.661329,1.5338591,1.8828946,0.7844479,1.1018642,1.3651308,2.5208447,1.6235898,3.0962553,3.4818864,2.608879,3.2079737,2.2192507,2.7225106,3.044645,2.7283008,2.686849,2.8649426,1.6566046,1.7666656,2.1680677,1.7197397,1.9068416,1.7458384,1.2300683,1.2664586,1.8492405,1.4931355,1.5394334,1.5450783,1.7551057,1.4903802,1.9084786,1.7085904,1.6645397,2.1537542,1.8074168,1.7076787,2.4218376,2.2256248,2.2412212,2.1013293,2.0048392,2.4457111,2.0836713,2.0436246,1.547789,1.4785396,2.167255,2.3865535,1.6827023,2.0287747,1.3786751,1.2613069,1.6034209,2.3422413,2.3161209,1.9291085,2.6084623,2.662981,2.4235175,2.1313193,1.7510833,1.6882373,1.7769299,2.0419836,1.5989698,1.6422149,2.4424646,2.4647374,1.5555931,1.5579139,1.7754966,1.5835752,0.8990758,1.0377225,1.7341596,1.0688632,1.4767905,1.552135,1.7360618,1.4636323,2.1528983,2.7677047,1.3377475,1.378853,2.3873808,2.4475787,2.5177624,2.096601,2.2687478,2.1226783,1.2583555,1.1224712,1.5177053,1.3175784,2.270109,1.8596492,1.908039,2.1267123,1.5337533,1.383104
24,2.8636749,2.2130165,2.4542294,2.315034,2.5418258,2.3618326,1.9779127,2.8959284,2.8898754,3.7709708,3.6670728,3.6785235,3.7446134,3.790505,3.7894568,2.7467878,3.1181788,3.1321917,2.0199678,1.9558201,1.5775928,3.2383363,2.297793,2.1183143,0.0,2.7560575,2.440491,2.3147147,0.8377299,2.6923304,2.74769,2.6822796,2.4601216,2.7634268,1.9245564,2.418447,2.5261056,2.1583023,3.1046355,2.7401552,2.6635752,2.6159203,2.8842323,2.7381938,2.4914544,2.6897368,1.8970733,2.778202,3.2501569,2.564236,2.25951,2.3132558,1.9497889,2.7551188,2.6082795,2.5111609,2.1341662,2.706729,2.8388314,3.351904,1.8430421,1.7211044,3.5040483,3.2501981,2.3942404,2.9614377,2.2523637,2.6467927,2.6686187,2.3236,2.8658586,1.5258657,2.562973,2.5327373,1.9266075,2.218557,2.5727692,2.7952807,2.4527814,2.3618183,2.7461557,3.989984,2.0787215,1.9706225,3.389212,3.826824,2.4361787,3.0203218,2.437529,2.6229582,2.8413715,2.958051,2.4313264,2.6492257,2.1243978,2.2293713,3.3707447,3.244468,3.4698603,3.370214,2.4102476,2.4093726,1.8060673,2.3314567,2.6044784,2.6649928,2.809278,2.560871,2.9400642,2.5266628,2.592642,2.6166716,1.9450403,2.0745692,1.7375885,1.6766378,2.4763906,3.0070057,2.4104345,2.37757,2.6209605,2.3372538,2.397296,2.8110576,2.0002954,2.4744277,2.6052415,2.537352
25,2.619475,2.3232992,2.5705297,3.0372992,3.350866,3.4651308,3.4079158,2.4255602,2.6363454,2.4564898,2.3555527,2.332995,2.4600387,2.9440482,2.5420442,3.690824,1.2372017,1.3031993,1.2921884,1.3371466,2.6274362,1.5578396,1.5626854,1.2811317,2.7560575,0.0,1.4035848,1.7824045,2.6855454,1.0375564,1.1459359,0.95236343,2.559447,2.129974,3.5800414,3.931683,2.6082716,3.7189274,2.6593192,2.8379145,2.8750732,2.8671308,2.5172517,2.9431431,1.7725981,1.914306,2.947678,1.903028,2.1097434,2.1975799,1.719795,1.818509,2.9241612,2.1855764,2.2089126,2.0702367,2.7025845,2.1617665,2.2888303,1.4904125,2.8159242,3.2661269,1.9899721,1.5693365,3.208854,2.5965953,2.5304024,2.4212968,2.343536,3.2375152,2.5370817,3.0207794,2.0669022,2.0156112,3.014816,3.2845,2.1046581,2.369546,1.9056472,1.798193,2.1281583,2.2466812,3.0412877,2.6098025,3.0413356,2.8216438,3.2009807,2.6542768,1.9072953,2.0758936,2.4516082,2.5767186,1.9335066,2.198777,3.3029916,3.3588815,1.3900005,1.1441141,1.5724909,1.4579782,1.6722387,1.7116208,2.8618183,1.6066546,2.0924985,2.1916926,2.3521106,2.0775762,2.5554376,3.5254848,1.9945321,2.1074924,3.3610177,3.4256804,3.2368617,2.9225926,2.963752,2.5622048,1.8383074,1.7476249,2.1856055,1.9250418,3.1820548,2.4382865,2.8761666,3.178663,2.0791419,1.9856324
26,2.514254,1.7611548,2.0265596,2.46589,3.0931046,2.8925436,3.1480818,2.350148,2.4946399,2.5532346,2.4591131,2.726659,2.947893,3.3442192,2.8408608,3.4575589,1.4776814,1.5238256,1.5903709,1.5576824,2.412111,1.6292642,1.7250675,1.661329,2.440491,1.4035848,0.0,1.3826343,2.2000947,1.513634,1.277371,1.6349106,1.5934201,2.010915,2.700858,3.1498966,1.6488307,2.846005,2.587083,2.0852473,2.5517013,2.0055895,1.5367619,1.977889,2.1915143,2.3252642,3.062275,2.49602,2.4185982,2.1538725,1.7062664,1.6652967,2.7262259,2.313969,2.171636,2.0343013,2.540608,1.7556919,2.1329648,1.6212068,2.625939,3.0530612,1.9396281,1.7233735,3.013283,2.5708115,2.128129,2.0919085,2.2879732,3.1745162,2.4277718,2.6339993,1.9290409,1.8746402,2.611233,2.9733634,1.9707541,2.120903,1.7165765,1.6114013,2.1615539,2.6707735,2.8719065,2.4451532,3.0791302,2.983114,2.9733822,2.5942447,2.3131478,2.4228697,2.700451,2.5367665,1.9744413,2.2022994,3.0278711,3.0909657,1.9064274,2.0568335,1.8415124,1.9570608,1.9572613,1.9831189,2.7552059,2.1266294,1.9446346,2.0675466,2.2567196,1.9439467,2.4192004,3.1772072,1.9794061,2.2454388,2.9700518,3.053587,2.558239,2.7614717,2.8428798,2.502765,1.7704432,1.6619458,2.0942497,1.7628653,2.8643932,2.2572253,2.6336086,3.156308,1.9887716,1.9178449
27,3.0004218,2.5917163,2.8009136,3.050455,3.5149035,3.4115822,3.7073896,2.9972517,3.0988781,3.2290723,3.2463489,3.489527,3.5532405,3.8785548,3.4646044,3.6684582,1.8588161,1.8574067,1.592091,1.5887012,2.174103,1.846902,1.6566297,1.5338591,2.3147147,1.7824045,1.3826343,0.0,2.0401895,1.6420581,1.7286792,2.067545,2.0613616,2.183352,2.8345313,3.2252471,2.171226,2.9369624,2.68444,2.3289683,2.9564035,2.2563095,2.226138,2.4385602,2.4100957,2.02649,2.922873,2.0650616,2.3838606,2.1933572,1.9065284,1.8480597,2.5706522,2.1097841,2.112379,1.9864264,2.3566012,1.859907,2.780224,2.1258645,2.3606136,2.817544,2.1490657,2.1530561,3.028095,2.787133,2.323374,2.364581,2.4975283,3.0154839,2.6249988,2.5664182,2.1937757,2.1214485,2.6682117,2.9492004,2.1989672,2.438122,1.9586554,1.8419195,2.3644044,2.8865979,2.8168967,2.4469998,3.185827,3.150216,3.0162563,2.7118845,2.5381749,2.641982,2.6588438,2.7082517,2.1063507,2.3413305,2.980662,3.0069923,2.1142216,2.2822993,2.2677555,2.1956542,1.9339217,2.0258946,2.5034075,2.149497,2.1029882,2.2289138,1.9336513,2.1205666,3.144501,3.60249,2.1177564,2.2334437,2.856463,2.9451342,2.5735745,2.727868,2.850604,2.6265411,1.9936483,1.8193071,2.2696478,1.9034547,2.857449,2.4571369,2.5989268,2.8085294,2.2072988,2.134068
28,2.660666,2.014472,2.2938344,2.0655253,2.2874835,2.177561,2.3042285,2.635928,2.6328244,3.527627,3.426617,3.6437094,3.7359452,3.777551,3.6715991,2.5723872,2.855264,2.885519,1.7592846,1.6796869,1.2344596,2.9512303,2.0665529,1.8828946,0.8377299,2.6855454,2.2000947,2.0401895,0.0,2.3809848,2.461944,2.6636596,2.2945554,2.4879456,1.8813322,2.353255,2.361043,2.1576114,2.833736,2.5886307,3.0214179,2.5343537,2.6879869,2.592697,2.6183572,2.8126152,2.189764,2.865349,3.1055703,2.4471543,2.0321314,1.9951203,1.6224955,2.4788234,2.3488195,2.2623215,1.8499948,2.1369402,2.5446038,3.0304832,1.4888504,1.4057561,3.0745912,2.941994,2.181332,2.7459311,1.9859006,2.3471124,2.4061549,2.0231168,2.55858,1.2405549,2.3173547,2.29189,1.7552437,2.059068,2.3184688,2.5544772,2.2211926,2.1155536,2.4399407,3.710641,1.8514272,1.7124716,3.118116,3.5491688,2.186102,2.743343,2.4661126,2.6397285,2.5301566,2.676389,2.148892,2.363783,1.854732,1.9978172,3.0855217,3.1435235,3.1957147,3.0838583,2.151083,2.1566749,1.5195367,2.2769485,2.3343735,2.4061494,2.5726972,2.2975721,2.67967,2.3768277,2.2719123,2.3142927,1.8066447,1.9412541,1.6448562,1.8326366,2.3127263,2.733343,2.195131,2.104609,2.3342981,2.0451746,2.229805,2.5887527,1.7566373,2.2903116,2.3542812,2.2457154
29,2.3575866,2.279738,2.531218,2.8053365,2.9998903,3.2281995,3.5276394,2.1446626,2.3864655,2.4094796,2.3085675,2.5960586,2.734409,3.176201,2.5871367,3.2686076,0.9298625,1.0058919,0.85532254,0.99714875,2.065712,1.2028984,1.0491258,0.7844479,2.6923304,1.0375564,1.513634,1.6420581,2.3809848,0.0,0.68297714,1.2866096,2.611628,1.6829304,3.456451,3.8330007,2.6790452,3.5775387,2.3800573,2.9091213,3.3360865,2.8977177,2.6329641,2.9835057,1.8695031,2.004958,2.7474163,1.9605734,2.0500913,2.0540466,1.4890089,1.4657948,2.4282978,1.8159825,1.8771282,1.7840656,2.2453363,1.4377202,1.9964017,1.3407601,2.2822077,2.7448559,1.5661966,1.4765836,2.8846993,2.4505782,2.4843445,2.24901,2.1859345,2.8720496,2.2927506,2.5616264,1.7876112,1.722855,2.6444209,2.9048042,1.8256127,2.1382246,1.5538344,1.4318477,1.768812,2.131111,2.723321,2.301324,2.8977144,2.7708044,2.8559697,2.3904102,2.0649867,2.0851367,2.0787086,2.2774274,1.6546699,1.8838813,2.9241557,2.9695613,1.1821061,1.3924009,1.4186366,1.2448852,1.2083744,1.2802657,2.3127406,1.4694799,1.6729485,1.7884938,1.9999956,1.6702982,2.2904875,3.1365793,1.5956147,1.6890861,2.9158006,2.977953,3.0012555,2.6847417,2.6530638,2.2644563,1.500088,1.3305596,1.8059065,1.5553448,2.7405417,2.0819442,2.441449,2.7539754,1.7554584,1.6308982
30,2.279944,2.150842,2.4250352,2.7221696,2.9213412,3.1479115,3.4446344,2.0381372,2.2887123,2.2950966,2.182435,2.482711,2.7503266,3.190444,2.5950139,3.3000543,0.7890742,0.9072637,1.0989401,1.185359,2.174444,1.1024102,1.306272,1.1018642,2.74769,1.1459359,1.277371,1.7286792,2.461944,0.68297714,0.0,1.1073978,2.5386086,1.6085413,3.4034019,3.7979112,2.5981836,3.4943557,2.3296373,2.8591013,3.2347605,2.808436,2.5320873,2.881946,1.858315,2.0255246,2.830159,2.1806352,2.146386,1.9700267,1.4162527,1.3831984,2.522989,2.0117097,1.8901057,1.7240971,2.3255463,1.4419972,1.8618813,1.1900558,2.3756297,2.8579469,1.5063151,1.3485928,2.8354254,2.3861926,2.3848374,2.1672654,2.0942645,3.01379,2.2362962,2.5263093,1.644249,1.5820599,2.4629447,2.8266733,1.702044,1.9193585,1.3984057,1.2743444,1.7221148,2.2161903,2.6620288,2.217767,2.834153,2.68619,2.7908533,2.3077705,1.99324,2.0394094,2.3358903,2.2047186,1.5856603,1.8428445,2.871464,2.9209194,1.396453,1.5861856,1.2961406,1.4665632,1.4597125,1.5095071,2.458895,1.6827667,1.5523384,1.6691568,1.9359058,1.5413417,2.1627004,3.0509887,1.560553,1.8710799,2.8601928,2.9268491,2.9352303,2.6306539,2.6143637,2.2117443,1.3866234,1.2495265,1.7052635,1.4107481,2.6788456,1.9907354,2.3978908,2.8999271,1.6588845,1.532215
