,0,1,2,3,4,5,6,7,8,9,10,11,12,13,14,15,16,17,18,19,20,21,22,23,24,25,26,27,28,29,30,31,32,33,34,35,36,37,38,39,40,41,42,43,44,45,46,47,48,49,50,51,52,53,54,55,56,57,58,59,60,61,62,63,64,65,66,67,68,69,70,71,72,73,74,75,76,77,78,79,80,81,82,83,84,85,86,87,88,89,90,91,92,93,94,95,96,97,98,99,100,101,102,103,104,105,106,107,108,109,110,111,112,113,114,115,116,117,118,119,120,121,122,123,124,125,126,127
0,0.0,1.0049746,1.3056499,1.9974803,2.3589275,1.4790374,1.3641528,1.4186244,3.1470704,3.190818,3.588068,3.6827884,3.01773,2.9152446,3.38633,3.4945292,3.6377954,3.72939,4.5823503,4.6767855,3.5892923,3.3523705,3.8676715,3.781714,2.9338136,2.9274879,3.1273198,3.1257768,3.3255632,3.108749,2.706586,2.707382,3.175433,3.2921367,3.6666162,3.6696677,3.5613642,3.1186316,3.2463415,2.7143657,3.7864876,3.7953742,3.7812526,3.8014748,2.983956,3.1880326,3.1314526,3.5867486,2.2329798,2.2272346,3.7052252,2.449786,2.5950623,2.4421759,2.5431755,1.6798248,3.0043037,3.686285,3.6926448,3.7401218,3.6971977,3.9516346,3.623046,3.8844247,3.101497,3.7658105,2.8554182,3.034446,2.8263075,2.9708319,2.624944,3.3392117,2.6986625,2.7243783,2.9659822,2.8470464,3.1812725,3.0052142,3.0083601,2.9611988,2.669641,2.8161101,2.9512389,3.0681207,3.004194,2.9641726,4.4777107,4.519529,3.2331462,3.5982711,3.6090198,3.7365482,3.7188277,3.726213,3.6374986,3.8285549,3.7096264,3.8808243,4.0713058,4.0164332,3.7755003,3.5970438,3.7850676,3.8929582,3.88992,3.8462682,3.8577788,3.8665226,4.0935636,3.8570929,3.5985155,3.6936853,3.7540264,3.8826659,3.5655015,3.604122,2.2952118,2.2875376,2.5660489,2.2887688,1.5264945,2.2052755,1.973116,1.9397377,1.8424937,1.7615224,1.6797595,1.2155677
1,1.0049746,0.0,1.530729,2.3393402,2.587201,1.8368875,1.7892842,1.847669,3.4082294,3.4206915,3.836731,3.9401355,3.0269783,3.249865,3.77758,3.893366,3.6295865,3.7418642,4.7735877,4.6752205,3.5396705,3.2941544,3.731574,3.7110944,3.212577,3.2058537,3.3746343,3.3706234,3.5526164,3.296732,2.955996,2.9645967,3.2403886,3.1265702,3.6149096,3.7216547,3.758736,3.3091474,3.3650126,2.7919657,4.0269914,4.0357027,4.0666466,4.078274,3.274386,3.47728,3.4220138,3.8503072,2.4225183,2.4654589,3.726035,2.393179,2.4172106,2.6123545,2.4071062,1.329311,2.9171095,3.6019154,3.5494752,3.497811,3.809382,4.0660105,3.7122457,3.9897966,3.0963347,3.789924,2.9121056,3.010982,2.8695865,3.060016,2.646076,3.2490945,2.8870099,2.9820213,3.1296983,3.0510545,3.263805,3.1910775,3.0552964,3.0169625,2.9871044,2.7057862,2.8490932,3.0060205,3.1936293,3.2120903,4.692233,4.723196,3.535382,3.872245,3.6330838,3.8267243,3.8821695,3.8899393,3.7598085,4.0335402,3.849847,4.1035304,3.9677045,4.1915016,3.7366714,3.6017933,3.7625685,4.010226,3.8217368,3.7833335,3.7841265,3.8047001,4.2559834,4.0317774,3.7605357,3.8660278,3.944983,4.082346,3.724995,3.7600105,2.4980593,2.486483,2.5185258,2.5087461,1.7549326,1.9716421,2.2148337,2.1893728,2.0741138,1.9843513,1.854605,1.3936385
2,1.3056499,1.530729,0.0,1.6533897,1.5760082,0.9561884,0.7156855,0.7212719,3.2865152,3.299534,3.5810769,3.7883952,2.8881302,2.864804,3.4207797,3.4924471,3.9792864,3.9819107,4.206408,4.8974085,3.856139,3.6028051,4.0639086,3.9904613,3.0368764,3.0313072,3.22282,3.2648733,3.1475847,3.0522401,2.9433687,2.9326146,2.8941402,2.9173336,3.5892332,3.4881241,3.375886,2.9170656,3.0025938,2.418116,3.9135704,3.9048626,3.8264575,3.8402326,3.0491729,3.2372034,3.1059005,3.6076086,2.675261,2.6668403,3.397423,2.0524015,2.845477,2.7754827,2.7854426,1.9634042,2.9939663,3.744285,3.6210527,3.6693497,3.6996038,4.0210514,3.5392327,3.774172,3.0535839,3.79157,2.6436815,2.906338,2.6489165,2.8650472,2.5808196,3.2589614,2.8127596,2.858658,3.202209,2.7562797,3.1253166,3.0212512,2.9317486,2.8424625,2.4129472,2.2499676,2.4974265,2.7032726,2.9363582,2.924985,4.0613685,4.124111,3.1285148,3.5361948,3.596593,3.5258253,3.5905347,3.5939991,3.6621299,3.7812107,3.761493,3.9157903,3.990129,3.9408185,3.7284443,3.5521603,3.7942135,3.9162145,3.8758671,3.857422,3.8998168,3.8935878,4.0357413,3.89855,3.5328376,3.710006,3.8267977,3.932904,3.6127293,3.6424813,2.1434891,2.1319423,2.294506,2.2292938,1.266741,1.8384,1.7940629,1.8531615,1.7602789,1.4008572,1.9130034,1.5355674
3,1.9974803,2.3393402,1.6533897,0.0,2.1206641,1.4413694,1.6006178,1.5419582,3.4988806,3.51511,3.7242706,3.8715444,3.4086661,2.9382772,3.3792417,3.442507,4.0123377,4.0469985,4.4215364,4.64916,3.9109352,3.577493,4.1382723,3.9904315,3.3431976,3.336016,3.4834228,3.5280187,3.5134912,3.419208,3.3011944,3.2953749,3.154762,3.2975593,3.9529364,3.6837966,2.9553573,2.9326735,2.7898834,2.7519588,4.2359743,4.2609196,3.866065,3.9261012,3.1555,3.3593016,3.1949172,3.7022674,2.7640948,2.6731489,3.0744767,2.3840303,2.927784,2.776412,2.862499,2.1742208,3.0288496,3.7645926,3.6127272,3.7634375,3.6080656,3.9211092,3.4557161,3.7326612,3.754121,4.4352555,3.5587816,3.718223,3.6132114,2.6356256,3.460688,3.9673166,3.506074,3.5657814,3.8858476,3.5880141,3.8247738,3.8153489,3.6775913,3.647715,2.9363704,3.1931345,3.0955875,3.4854944,2.9364696,2.910245,3.6279712,3.9546008,2.6342478,3.0284889,3.306259,3.2105086,2.9291444,2.9300642,3.3748941,3.0555058,4.1922994,3.660658,4.531193,4.401282,4.2745557,3.6990623,4.3041177,4.3910503,4.395435,4.4203234,4.4353933,4.4455147,3.8681574,4.2933054,3.4860752,3.6535792,3.7674417,3.7993052,3.4980595,3.5653644,2.6110125,2.578154,2.451823,2.6255798,1.6846467,2.2191484,2.2695408,1.9930233,1.9269898,1.8848866,2.1274211,1.8255479
4,2.3589275,2.587201,1.5760082,2.1206641,0.0,1.5780653,1.8109496,1.8198408,3.4230278,3.3429203,3.3149476,3.7629423,3.3470442,3.179929,3.6906948,3.7546964,4.0428314,4.031146,4.239559,4.7505097,3.814562,3.6270847,4.0546293,3.9488084,3.2907195,3.274698,3.4231174,3.5251765,3.4976363,3.3886976,3.1950893,3.1890965,3.2019343,3.28135,3.817394,3.3324692,3.0852525,2.749893,2.925991,2.512548,3.9206922,3.909048,3.8064861,3.821515,3.1539745,3.3550825,3.1920497,3.6816566,3.0454705,3.0706935,3.623665,2.6784062,3.453492,3.2652228,3.3322675,2.8319795,3.4760733,3.8938873,3.8671741,3.9678485,4.156408,4.1761827,3.6137326,4.1648397,3.2888849,3.9259837,3.0692027,3.1131558,3.211673,3.0562143,3.0972583,3.6448493,3.2910106,3.321303,3.5801954,3.223472,3.32876,3.1908169,3.1670156,3.0600727,2.6694136,2.8563616,2.87604,3.14329,3.0576563,3.0372088,3.8760386,3.9771943,3.249763,3.6552846,3.821198,3.5635712,3.209762,3.210625,3.3016734,3.466086,3.7645538,3.7685483,4.2809405,4.1657867,3.7124188,3.4439769,3.8640232,3.9011085,3.9452415,3.9592562,3.9991577,3.985046,3.9493046,3.8896816,3.3974512,3.657361,3.9537737,4.0662866,3.6012683,3.584701,2.4651759,2.4448025,2.4715724,2.5258453,1.6699852,2.227559,2.0718188,2.290791,2.0384202,1.4832923,2.331047,2.1064591
5,1.4790374,1.8368875,0.9561884,1.4413694,1.5780653,0.0,0.89621204,0.9184206,2.991168,3.0057478,3.2962801,3.4692838,2.9864717,2.7975912,3.3161216,3.3946452,3.6971486,3.7643657,4.0114117,4.510064,3.5318093,3.308393,3.8294442,3.7156708,3.0240812,3.0040622,3.152716,3.1882994,3.1878629,3.0302575,2.8559158,2.8405044,2.594479,2.7226279,3.2893393,3.2782953,2.802565,2.3983555,2.540243,2.092336,3.526322,3.520739,3.3773584,3.4067996,2.5942395,2.7981544,2.6685705,3.1809955,2.4952679,2.472979,3.1974168,2.0470974,2.8662598,2.699166,2.7632704,2.135896,2.9642377,3.4288113,3.3421926,3.475972,3.6564968,3.761574,3.3019423,3.6774766,2.9068594,3.6505563,2.6183226,2.6847606,2.6465511,2.5772252,2.5365531,3.1805367,2.8719382,2.886817,3.2322228,2.8276749,2.9914107,2.9109535,2.8561406,2.7384837,2.2205887,2.4165895,2.561636,2.7747462,2.6442695,2.6294928,3.5497546,3.66232,2.7448783,3.1859953,3.3374288,3.2482655,3.2871218,3.2919226,3.4051502,3.5259473,3.4147527,3.4635832,3.8809102,3.7494788,3.4423618,3.1701508,3.5240088,3.5780716,3.6003218,3.627834,3.6588097,3.6519885,3.601326,3.509827,3.111325,3.3048787,3.6621006,3.7885692,3.256386,3.28854,1.9889635,1.9856536,2.2632954,2.0585856,0.94865745,1.7446795,1.5743718,1.5132898,1.3964123,1.4541463,1.7605841,1.4498569
6,1.3641528,1.7892842,0.7156855,1.6006178,1.8109496,0.89621204,0.0,0.20516323,3.0753605,3.1213994,3.5165894,3.8043933,2.9239151,2.7705786,3.355391,3.4328396,4.0514884,4.118766,4.184346,4.901634,3.9438,3.6279457,4.192357,4.0973587,3.2271674,3.2237294,3.4130936,3.4539814,3.5121815,3.2865903,3.0548906,3.0511916,2.763997,2.9193554,3.7111619,3.722946,3.2908442,2.797422,2.8001847,2.239355,3.7423215,3.7359753,3.7984295,3.8099082,2.9686089,3.1487703,3.0461547,3.5717444,2.8599916,2.8251915,3.6189363,2.2615569,3.2211435,3.0668473,3.1671507,2.2742136,2.7812219,3.7488766,3.678754,3.7644765,3.7662172,4.0246673,3.6343207,3.9202063,3.110454,3.7442105,2.6583047,2.8790853,2.6464677,2.8323083,2.5190485,3.1775837,2.9104803,2.921375,3.1719325,2.6492543,3.1775682,3.0199342,2.8252132,2.7710166,2.511928,2.619198,2.668043,2.9441066,2.9727914,2.9465714,3.9560103,4.0286207,3.0585485,3.52787,3.5976794,3.5170443,3.676552,3.6831105,3.7313073,3.8311608,3.905139,4.036623,4.2484746,4.134288,3.9529002,3.7732418,4.0012264,4.060772,4.073897,4.081611,4.1144333,4.102078,4.1699395,4.007785,3.7039602,3.872895,3.96955,4.0730658,3.7802546,3.8148966,2.245253,2.228989,2.3472376,2.2579956,1.2575421,2.1382134,1.8930935,1.949563,1.9029455,1.6256286,2.1852803,1.7026353
7,1.4186244,1.847669,0.7212719,1.5419582,1.8198408,0.9184206,0.20516323,0.0,3.1808703,3.224629,3.6045527,3.8856258,3.0123453,2.8527725,3.4172215,3.490005,4.081275,4.1564264,4.2339144,4.9181056,3.9905205,3.665567,4.2203445,4.125286,3.2638805,3.2648895,3.4529135,3.4976594,3.5374656,3.3415,3.1382115,3.1328304,2.786337,2.9498441,3.7378213,3.7396812,3.297787,2.8461566,2.7963843,2.286174,3.8086817,3.8039727,3.8153925,3.8353276,2.9912407,3.155309,3.0320187,3.5758898,2.901,2.859976,3.6017752,2.280402,3.2005255,3.039655,3.1570153,2.2436793,2.8116994,3.7721245,3.7063887,3.8063748,3.7906575,4.0385103,3.6544397,3.9339411,3.1685417,3.8357687,2.7070556,2.9291997,2.6900475,2.9041955,2.583659,3.25069,2.9432852,2.9527416,3.233294,2.7080998,3.2400339,3.123219,2.892474,2.8271065,2.5341485,2.6311746,2.6569192,2.9788656,3.0159302,2.9911454,3.9470365,4.0260024,3.0922403,3.5365014,3.661469,3.5595298,3.6724746,3.677619,3.7661674,3.8347642,3.9551451,4.0805817,4.2692966,4.136506,4.0074234,3.8318336,4.054167,4.1120777,4.1319504,4.1384945,4.171259,4.1607385,4.2038894,4.05392,3.747037,3.9152596,4.0473323,4.145027,3.8438306,3.8777065,2.345572,2.326074,2.467836,2.3790073,1.3715994,2.2113507,2.0177765,2.0249743,1.9791753,1.6869091,2.2630637,1.8043427
8,3.1470704,3.4082294,3.2865152,3.4988806,3.4230278,2.991168,3.0753605,3.1808703,0.0,1.7267402,2.4084196,2.695582,3.5693598,3.2887442,3.5984244,3.6757536,4.0179553,4.0793214,3.6951237,4.43721,3.8098135,3.447421,4.535669,4.4243054,3.2677767,3.2218392,3.3953915,3.3832126,4.7626457,3.688325,2.9471834,2.927992,3.2736,3.3316917,3.8480756,3.8608065,3.3362432,2.8409283,3.0246205,2.5412443,1.9499885,1.9438121,3.5047765,3.4493687,2.832528,3.0542636,3.4881904,3.3774438,3.6940255,3.7422695,4.3008733,3.7897973,4.3280725,4.020326,4.227488,3.7471514,3.2417054,3.8625858,3.9202573,3.867645,3.9366558,3.6491008,3.6226735,4.036822,3.3581274,3.3199039,3.0398738,3.0939918,2.9958751,2.4386723,2.8157587,3.2853,4.001694,4.0161805,3.7678397,3.4206955,3.54603,3.1394837,3.379027,3.3032908,2.7145188,3.6224053,3.2626102,3.2117512,3.1156638,3.0814998,4.14015,4.2726717,2.8371172,3.8242166,3.5051758,3.4922314,3.257347,3.2660866,2.8202245,3.2605877,3.571519,3.402536,4.6912174,4.591514,3.9863992,3.6499991,3.656512,3.7081478,3.788636,3.8672965,3.858066,3.8331406,3.7050452,3.5881448,3.6102996,3.3736207,3.807248,3.885101,3.4408414,3.4486275,3.345711,3.3800008,2.6536424,2.5254443,2.6530538,3.126037,2.64668,2.8643334,2.798921,2.9070985,2.996529,2.7790651
9,3.190818,3.4206915,3.299534,3.51511,3.3429203,3.0057478,3.1213994,3.224629,1.7267402,0.0,1.5118682,1.9853592,2.9283595,2.6439586,3.1520653,3.2354102,3.616398,3.7661514,3.197291,3.893401,3.445277,3.1248484,3.7602024,3.6312952,2.8951452,2.8375893,2.984069,2.9845734,4.670634,3.3473556,2.527276,2.509833,3.0785153,3.1517446,3.4344847,3.4258795,3.0293083,2.5100238,2.901073,2.4596314,2.3232114,2.2998333,3.6055458,3.5547237,3.025639,3.2404325,2.9738042,3.5534008,3.478507,3.523213,4.2662573,3.1363158,4.149685,3.8416297,4.078392,3.7182448,2.9901195,3.4997597,3.5884027,3.61094,3.5424116,3.6237795,3.2130926,3.8493817,3.0372977,2.8443537,2.8692029,2.9426563,2.9424815,2.262041,2.7564754,3.1063187,3.842809,3.854056,3.9579248,3.7335904,3.1665378,2.774678,3.1289146,3.0916367,2.535997,3.6230578,3.128728,3.005221,2.731351,2.717815,3.894957,3.9302735,2.715587,3.0935621,3.206142,3.1704557,3.4600804,3.4749885,3.0836742,3.4659784,3.7162893,3.5895278,4.880473,4.8031616,3.6497662,3.2971747,3.7773318,3.851165,3.842858,3.959784,3.995239,3.9556544,3.894352,3.7003975,3.2468603,3.6303246,3.4416444,3.5421414,3.2254765,3.2079437,2.7798162,2.8199081,3.2750304,3.014425,2.6453874,3.0391755,2.791979,2.8706229,2.6665738,2.8385308,2.8628018,2.7154403
10,3.588068,3.836731,3.5810769,3.7242706,3.3149476,3.2962801,3.5165894,3.6045527,2.4084196,1.5118682,0.0,1.4909157,3.094863,2.7230458,3.0196326,3.064232,3.630245,3.5527282,3.3859584,4.0241704,3.3324163,3.3131697,3.6061084,3.4628577,2.7699258,2.7148275,2.821302,2.933349,4.223906,3.06033,2.4837854,2.4686494,3.8177109,3.8221936,3.5774174,3.4079795,3.1451566,2.7402666,3.499414,3.1230211,3.0886564,3.0562043,3.8100479,3.764444,3.5097272,3.686445,3.3683784,3.8444943,3.4169714,3.4663467,4.1229277,3.3394897,4.11054,3.756601,4.002443,4.0258327,3.7772317,3.716644,3.7499833,3.708992,3.8201795,3.9014308,3.1710765,3.939193,3.2247796,3.1378958,3.3753855,3.4875994,3.5037115,2.7650647,3.3020132,3.7471786,4.0229883,4.0736046,4.179306,4.169917,3.4530544,2.9912872,3.6339314,3.6040902,2.592194,3.6144514,3.494525,3.0548277,2.5283706,2.5043309,3.888497,4.0209064,2.9305706,3.0044675,3.5853982,3.2206821,3.5883675,3.5974948,3.0981576,3.5609972,3.5884871,3.3139105,4.847831,4.7487464,3.4838803,3.0553987,3.6765199,3.756424,3.833927,3.9278674,3.9726815,3.930315,3.7097445,3.6436245,3.0153205,3.463631,3.2738984,3.3853986,3.018667,2.9329681,2.9428263,2.985088,3.46033,3.2353263,3.0664294,3.1665454,2.916223,3.197771,2.7681422,3.220952,2.9244342,3.0113635
11,3.6827884,3.9401355,3.7883952,3.8715444,3.7629423,3.4692838,3.8043933,3.8856258,2.695582,1.9853592,1.4909157,0.0,3.0161316,2.5904372,2.6361473,2.652171,3.349379,3.2869186,3.0568032,3.889738,3.1279988,3.3259528,3.508032,3.348475,2.318897,2.2441223,2.3367815,2.3295722,3.792214,2.7759645,2.0668802,2.048945,3.9093602,3.8425307,3.0457187,2.795849,3.1309953,2.7733576,3.830411,3.5106583,2.9454353,2.9235084,3.149049,3.0958698,3.1548116,3.3084836,3.0035114,3.2854493,2.8844476,2.9326303,3.7019491,3.048236,3.6364012,3.2562134,3.5285058,3.992973,4.0445595,3.3023722,3.364407,3.365586,3.257356,3.4044428,2.8262382,3.4935896,3.1971984,3.166319,3.5828168,3.7521114,3.714216,2.865858,3.5558774,3.9533691,3.9392605,3.9839182,4.1650476,4.2791643,3.3429554,2.8994122,3.9334738,3.8990204,2.4849787,3.478867,3.7578607,3.013966,2.1947086,2.2052102,3.610433,3.7532008,2.671128,2.7269363,3.2336023,3.1730094,3.4252539,3.4345005,3.0931752,3.382391,2.9335022,2.5514696,4.341682,4.2024612,2.8885045,2.3499427,3.014122,3.086011,3.212399,3.312383,3.3613343,3.3147514,3.0779712,2.9715562,2.2925575,2.7065027,2.2988548,2.4265504,1.9695437,1.9041823,2.639295,2.6889307,3.640386,2.9765294,3.1949384,2.9962802,2.7461119,2.8278139,2.5753918,3.3084822,2.6754453,3.0439105
12,3.01773,3.0269783,2.8881302,3.4086661,3.3470442,2.9864717,2.9239151,3.0123453,3.5693598,2.9283595,3.094863,3.0161316,0.0,1.3330923,1.8542856,1.943255,3.7758956,3.8352423,3.038141,4.177209,3.625884,3.586885,3.6345701,3.600187,2.3759441,2.337682,2.4143684,2.4631772,3.6860597,2.6147535,2.0147226,2.0291328,3.511523,3.3160124,3.1733034,3.2246926,3.2482626,2.819876,3.412363,3.0746849,4.2254963,4.212561,3.5715084,3.5496492,3.2945735,3.495334,3.2413478,3.6987724,2.9368896,3.0337176,3.6323838,2.3328166,3.4379914,3.5249405,3.3954844,3.4228256,3.16643,3.1890264,3.3057609,3.1532786,2.8929248,3.6497002,2.98351,3.7431543,2.494296,2.2693467,2.5482645,3.04632,2.7572267,2.7044814,2.546545,2.7977188,2.4404297,2.548638,2.9825163,2.858355,2.5899642,1.8427083,2.9331787,3.0056992,2.4670167,2.7044125,2.7405078,2.2433689,2.260158,2.2816434,3.4244175,3.297579,3.397545,3.5829837,3.4438272,3.696544,3.9414556,3.9623737,4.0079923,3.9180157,3.419881,3.9121866,3.640516,3.8151536,3.0269892,3.0535648,3.3135896,3.545582,3.2983882,3.2916634,3.3662052,3.3296702,3.8131182,3.5318522,3.1134157,3.6571538,3.2210062,3.3828955,3.4619024,3.48307,2.1496007,2.1552176,3.2930264,2.7993438,2.6888366,2.3133497,2.5619428,2.6139398,2.5598302,2.919437,2.6082988,2.6766016
13,2.9152446,3.249865,2.864804,2.9382772,3.179929,2.7975912,2.7705786,2.8527725,3.2887442,2.6439586,2.7230458,2.5904372,1.3330923,0.0,1.1920311,1.2689848,3.6900244,3.7379248,2.9365466,4.117414,3.5681455,3.4930685,3.703648,3.5516276,2.2485712,2.210102,2.3080218,2.3606582,3.5723395,2.560335,1.771069,1.7772392,3.3851557,3.4308748,3.3092587,3.181765,3.0065908,2.6163158,3.3282394,3.067494,4.0036964,3.998297,3.2608912,3.2379236,2.9983456,3.2264268,2.9357579,3.4362423,2.73482,2.739628,3.633189,2.4151478,3.561731,3.3747175,3.4810238,3.571028,3.2160976,3.247719,3.3287787,3.3791645,2.6225104,3.386525,2.717457,3.5077574,3.016354,2.800855,3.0617127,3.507173,3.2842543,2.3565748,3.0622044,3.2532878,2.7435377,2.7930737,3.1727338,3.0657887,2.8727384,2.2001214,3.200592,3.2809727,2.378709,3.197386,3.2203727,2.7861533,1.9256479,1.8494896,3.199151,3.2840357,2.7332542,2.935161,2.9704208,3.132657,3.4811854,3.5034397,3.5652215,3.3860075,3.5043583,3.3899088,4.025984,3.9033732,3.383431,3.009196,3.589029,3.6617656,3.6432903,3.662127,3.7236454,3.6852517,3.5938346,3.56609,2.7677076,3.3336442,2.861128,2.972965,3.0936155,3.1402724,1.8829491,1.8889009,3.0924017,2.5358808,2.5050528,2.5235922,2.2963407,2.3689518,2.29916,2.7512732,2.4020495,2.5012658
14,3.38633,3.77758,3.4207797,3.3792417,3.6906948,3.3161216,3.355391,3.4172215,3.5984244,3.1520653,3.0196326,2.6361473,1.8542856,1.1920311,0.0,0.19237074,3.951404,3.852727,2.8953993,4.308369,3.8701065,3.8861096,4.068328,3.9268575,1.9306378,1.9114891,1.9611602,2.0119917,3.5765557,2.5568502,1.913183,1.9278677,4.1427097,4.1565967,3.7063675,3.1851418,3.024579,2.8088129,3.7313457,3.572324,4.2836933,4.289876,3.223113,3.2172608,3.2445338,3.4120595,3.231277,3.4949834,2.8341422,2.8817554,3.5448081,2.913753,3.6542454,3.4298992,3.5555112,3.920077,3.6507764,3.3218899,3.6525292,3.3742268,2.9778998,3.665871,3.1334527,3.7632349,3.1914475,2.992423,3.4563897,3.8787048,3.6373537,2.8315709,3.3913767,3.9964173,2.9200742,2.9934993,3.3164191,3.3973498,3.4046516,2.504309,3.8951755,3.9718275,2.6405149,3.4617033,3.5902417,3.0091367,2.064652,1.9933692,3.1468222,3.2375789,2.7441196,2.9481936,3.5958376,3.8334265,3.5316758,3.5481215,3.6784081,3.351592,3.3698049,3.2956529,3.9428673,3.7750647,3.3853517,3.0400069,3.4998128,3.5851705,3.6145933,3.5981252,3.6606565,3.6259031,3.4211211,3.4934518,2.799699,3.2175148,2.8446884,2.9517815,3.1268988,3.17336,2.5067575,2.5209067,3.5564182,2.9030063,3.140996,2.9250734,2.7463672,2.74667,2.7486281,3.2918382,2.8146663,3.0604987
15,3.4945292,3.893366,3.4924471,3.442507,3.7546964,3.3946452,3.4328396,3.490005,3.6757536,3.2354102,3.064232,2.652171,1.943255,1.2689848,0.19237074,0.0,4.0559697,3.9480586,2.886928,4.411859,3.9740717,4.00595,4.1703873,4.02663,1.9807507,1.9607694,2.0150678,2.0689383,3.5762823,2.6046596,2.0145392,2.0241003,4.2292066,4.2399516,3.7613475,3.2354066,3.1094494,2.9076078,3.8365145,3.6834795,4.340095,4.345485,3.263809,3.25743,3.3193195,3.4765096,3.2884226,3.5357695,2.9232254,2.963037,3.5661957,2.961118,3.7161827,3.4813595,3.6208901,4.017162,3.7732675,3.406212,3.7292302,3.4612622,3.0029695,3.701286,3.1688538,3.7941191,3.2875848,3.1033337,3.5415792,3.989887,3.719988,2.920062,3.4990923,4.0970917,3.0253854,3.096662,3.4369226,3.4986522,3.4891837,2.6100726,4.0034266,4.0739584,2.666073,3.4771922,3.6534297,3.0421717,2.1219156,2.0507054,3.1435223,3.2465072,2.791958,2.9765303,3.6651058,3.8725893,3.5891602,3.6044536,3.7563415,3.4032643,3.419666,3.319775,3.997215,3.8039799,3.4440842,3.0964355,3.5514512,3.6295931,3.6733973,3.6586561,3.7252183,3.6885035,3.4592385,3.5354629,2.8387215,3.2510722,2.8374577,2.9328823,3.140142,3.184773,2.5784397,2.5934439,3.6385646,2.9763763,3.2396286,3.0055237,2.8217514,2.8242698,2.8287425,3.38044,2.901079,3.16938
16,3.6377954,3.6295865,3.9792864,4.0123377,4.0428314,3.6971486,4.0514884,4.081275,4.0179553,3.616398,3.630245,3.349379,3.7758956,3.6900244,3.951404,4.0559697,0.0,1.1895696,4.2231765,1.9494731,0.6594881,1.0541708,1.2801917,1.2271563,3.3294873,3.3673732,3.2674158,3.2684379,4.1916842,3.198202,2.6401427,2.719226,3.1778686,3.1227772,2.0985982,2.4639258,3.0475824,2.747923,3.390121,3.2444744,4.1046414,4.0897183,3.0802808,3.11914,2.9491472,3.010717,2.852162,3.1269004,2.3899522,2.449011,3.724282,3.4279947,3.0083132,2.7960746,2.9171422,3.3262427,3.4607208,2.4742515,1.7657719,2.65911,3.1378782,3.07396,2.5151532,2.8495233,2.8237364,3.1341069,3.770547,3.3665876,4.0210876,3.695287,3.549394,3.4571486,3.204563,3.2535303,3.1198194,3.779047,2.6657605,3.1849682,3.0158446,3.110668,3.5762832,4.3170404,4.1333323,3.934628,2.4770286,2.5735052,4.0543427,4.098188,3.6780388,3.7169473,2.7694645,3.0504937,3.4397979,3.4640913,2.9771206,3.6448605,2.8435254,3.0868013,3.4628074,3.6392522,2.7452366,2.5481117,2.9255867,2.9672804,2.9823549,3.0265663,2.965178,2.979004,2.985571,2.9579473,2.6956382,2.9938233,3.9216623,4.148708,3.3456848,3.3364952,3.3761208,3.3486419,4.158654,3.5358875,3.3656247,3.2822783,3.403055,3.2545955,2.9086628,3.4340947,3.1027274,3.2116733
17,3.72939,3.7418642,3.9819107,4.0469985,4.031146,3.7643657,4.118766,4.1564264,4.0793214,3.7661514,3.5527282,3.2869186,3.8352423,3.7379248,3.852727,3.9480586,1.1895696,0.0,4.2203507,2.4944336,1.1813955,1.5436461,1.5994828,1.6032254,3.1381924,3.1865547,3.0490646,3.0641663,3.705952,2.691904,2.5196362,2.5968409,3.5065374,3.3972929,2.504772,2.3666794,3.0685225,2.7872746,3.588561,3.3491764,4.495484,4.4643598,3.507773,3.5317295,3.4285016,3.5309258,3.3909278,3.635379,2.4455447,2.5443106,3.3484395,3.5165722,3.0694022,2.852103,2.9017375,3.4317222,3.7503572,3.0227802,2.1329987,2.6058793,3.4861271,3.7589972,2.9200118,2.670246,2.9505177,3.255251,3.9133706,3.5220244,4.13135,3.7677164,3.670095,3.824788,3.305606,3.386453,3.2273912,3.9033535,3.0081959,3.2506094,3.404089,3.4822907,3.629227,4.2549925,4.2093983,3.8910878,2.562635,2.6496284,4.2482657,4.324035,3.5700264,3.5819886,3.0794542,3.2725124,3.5117116,3.52972,2.949089,3.7069411,2.8503032,2.9947608,3.4273639,3.6348367,2.7543156,2.4692767,2.9471009,3.0623286,3.1067889,3.0724783,3.0353932,3.0431645,2.6793978,3.1140025,2.6428392,2.92117,3.937208,4.163268,3.3275852,3.318642,3.4045727,3.391968,4.0558596,3.5367198,3.4680686,3.2444115,3.3444266,3.2942278,2.9242232,3.4545116,3.0827055,3.2402265
18,4.5823503,4.7735877,4.206408,4.4215364,4.239559,4.0114117,4.184346,4.2339144,3.6951237,3.197291,3.3859584,3.0568032,3.038141,2.9365466,2.8953993,2.886928,4.2231765,4.2203507,0.0,4.131991,4.148619,3.9715555,4.4101386,4.3109756,2.706092,2.6969187,2.6144397,2.6210995,4.6715856,2.9908788,2.866949,2.843606,3.6481557,3.541484,3.315211,2.9748635,3.1563525,2.7033029,3.6281562,3.2975657,3.860506,3.8329437,3.1735275,3.1314106,3.1354065,3.20352,3.0908084,3.2117498,4.1469474,4.2100673,4.181386,3.525107,4.589978,4.3747797,4.477675,4.7500353,3.690296,3.2469833,3.3883727,3.2092824,2.948585,3.348592,2.9065175,3.290437,2.9451644,2.6866765,3.0693467,3.3928826,3.321711,2.8564787,3.2618263,3.8358777,3.5167606,3.5718277,3.9574697,3.652722,3.162531,2.888891,3.7297904,3.726765,2.6502407,3.754536,3.400143,2.8179736,2.48005,2.4996126,2.9640837,2.8593159,2.9423857,3.3713994,3.4533758,3.6184185,3.701433,3.720024,3.7149653,3.7689202,3.3316038,3.458293,3.9023848,3.741646,3.2531376,3.027884,3.367188,3.4165387,3.2630503,3.3924108,3.5058806,3.449553,3.3654644,3.2203965,2.8368068,3.2604356,3.766362,3.8765306,3.7479818,3.7801096,3.5143306,3.5709798,4.2998514,3.7706888,3.818338,3.6115339,3.642768,3.61058,3.557835,3.8961275,3.9033875,4.105222
19,4.6767855,4.6752205,4.8974085,4.64916,4.7505097,4.510064,4.901634,4.9181056,4.43721,3.893401,4.0241704,3.889738,4.177209,4.117414,4.308369,4.411859,1.9494731,2.4944336,4.131991,0.0,2.0563567,1.869988,2.2137277,2.1866932,3.8653758,3.8808045,3.7213314,3.7417743,5.302493,3.8960073,3.403494,3.4497216,3.5900729,3.5619447,2.8643064,3.0824716,2.807228,3.0393255,3.154739,3.5682895,4.578697,4.580417,3.5138175,3.6046135,3.4315164,3.5110002,3.3696945,3.6571019,3.692727,3.7781606,4.101028,4.2777987,4.073899,3.921812,3.9966507,4.2551203,3.7600434,2.9976056,2.5654936,3.294699,3.4680285,3.3301816,2.797021,3.383436,3.2982478,3.2855582,4.058565,3.6391182,4.355397,3.7686853,3.9535956,3.7000406,3.8459811,3.886543,3.9792445,4.404259,3.2343378,3.7463768,3.5325067,3.5910935,4.0378165,5.022425,4.21498,4.3349147,3.0733685,3.149552,3.6975145,3.6941807,4.0944624,4.1822953,3.3160927,3.612825,3.3762853,3.4045558,3.357535,3.5517066,3.5682795,3.7233417,4.141129,4.2730923,3.4142625,3.2076626,3.6308107,3.6783848,3.5731616,3.6621177,3.616658,3.6337492,3.2184503,3.5465958,3.224809,3.6237342,4.6303935,4.8131227,4.132155,4.129321,4.34249,4.321749,4.9699244,4.5160995,4.1684823,4.0795975,4.4064403,4.0974364,3.8267465,4.228631,4.0476804,4.126935
20,3.5892923,3.5396705,3.856139,3.9109352,3.814562,3.5318093,3.9438,3.9905205,3.8098135,3.445277,3.3324163,3.1279988,3.625884,3.5681455,3.8701065,3.9740717,0.6594881,1.1813955,4.148619,2.0563567,0.0,1.0673877,1.2672513,1.2168931,3.305192,3.3230543,3.2264073,3.251114,3.9759653,3.0422957,2.5368865,2.611153,3.1453164,3.0341299,2.0167964,2.461662,2.9134324,2.601521,3.307243,3.138221,4.017423,3.9970098,3.0910916,3.1176963,2.9474378,3.056417,2.967827,3.1642377,2.3410873,2.4185576,3.5535338,3.345665,3.0101213,2.849119,2.8806686,3.3266554,3.548853,2.5480585,1.754148,2.6174266,3.2043884,3.103024,2.4063456,2.8684218,2.6982281,3.01396,3.6562018,3.2486596,3.9183118,3.5122077,3.4508102,3.299331,3.216262,3.280164,3.1337688,3.738741,2.5467112,3.0251822,2.9150639,2.9968975,3.4264166,4.097018,3.9965818,3.747888,2.3234656,2.424719,3.8932426,3.964765,3.617213,3.709855,2.68013,2.8571,3.3558865,3.3803022,2.8713026,3.5750456,2.6485124,2.8690832,3.3673146,3.594592,2.5104928,2.2618687,2.70494,2.768595,2.7627258,2.819319,2.7575848,2.7683022,2.7458606,2.7836847,2.4920514,2.7881024,3.7304523,3.9695168,3.0996423,3.0746155,3.2017913,3.1793866,3.8508036,3.2876027,3.1616833,3.0107057,3.136641,3.0804293,2.6700883,3.2933006,2.882122,3.0187721
21,3.3523705,3.2941544,3.6028051,3.577493,3.6270847,3.308393,3.6279457,3.665567,3.447421,3.1248484,3.3131697,3.3259528,3.586885,3.4930685,3.8861096,4.00595,1.0541708,1.5436461,3.9715555,1.869988,1.0673877,0.0,1.6396624,1.5800494,3.2741191,3.3072762,3.2274015,3.2500162,4.392467,3.1451893,2.5830007,2.6464648,2.5849347,2.5323706,2.3047218,2.5710783,2.6520019,2.309887,2.6662858,2.496004,3.7857556,3.7719958,3.1561468,3.1846418,2.7233758,2.8552856,2.798319,3.133533,2.6628325,2.7228518,3.6766694,3.326013,3.1978366,3.041141,3.0950363,3.0664933,2.7712166,2.4726064,1.7446733,2.480151,3.111615,3.0325847,2.4404395,2.773216,2.706943,2.919696,3.386827,2.9119053,3.623814,3.0309289,3.1270764,3.0307674,3.1494608,3.2181773,3.0065713,3.4350328,2.6165679,3.0727563,2.6357474,2.7203639,3.3409088,4.151813,3.6354005,3.6647716,2.3773975,2.4587786,3.8962717,3.9904106,3.2486403,3.499095,2.4217505,2.658462,2.973964,3.0004294,2.4342074,3.2149813,3.081382,3.094861,3.6190963,3.8332038,3.023655,2.667591,3.12512,3.2311325,3.1501667,3.2131362,3.1573422,3.1717498,2.9954472,3.184263,2.7536013,3.018944,4.0897903,4.285979,3.500643,3.5080414,3.2755532,3.255519,3.6046035,3.2863808,2.9289632,2.9969683,3.1554646,3.058107,2.6987743,3.0380044,2.9407644,2.8619823
22,3.8676715,3.731574,4.0639086,4.1382723,4.0546293,3.8294442,4.192357,4.2203445,4.535669,3.7602024,3.6061084,3.508032,3.6345701,3.703648,4.068328,4.1703873,1.2801917,1.5994828,4.4101386,2.2137277,1.2672513,1.6396624,0.0,0.36069983,3.5376456,3.5655725,3.4447794,3.490767,4.1959114,3.2422597,2.9063706,2.9742033,3.44663,3.300389,2.3507226,2.6736505,3.1886466,2.9596164,3.5776644,3.4574852,4.706136,4.681343,3.7955067,3.8302495,3.6543188,3.7424936,3.1928778,3.8771687,2.7134607,2.783785,3.7826278,3.2313676,3.128439,3.094357,3.0591056,3.4631994,3.6810348,2.8141322,2.100043,2.797807,3.5163574,3.7642198,2.8222451,3.2549734,2.99771,3.2799063,3.9266422,3.53001,4.192132,3.88219,3.761937,3.6305983,3.4594805,3.5389185,3.6545293,4.236999,2.9197512,3.3665175,3.2519171,3.3392289,3.793813,4.3229,4.142701,3.9546244,2.7205994,2.83974,4.2072845,4.2162824,3.9869921,3.6541612,3.1569586,3.2752936,3.938514,3.9601402,3.5666716,4.1531267,3.424848,3.6725285,3.8650339,4.1575317,2.865054,2.7006536,3.4066908,3.5551744,3.432371,3.4780097,3.460093,3.4648302,3.51482,3.5702279,2.922962,3.6149378,4.137554,4.3672047,3.63511,3.6018922,3.3350494,3.3072073,4.4523077,4.005257,3.5650697,3.3162365,3.6781814,3.5491664,3.1186047,3.6372871,3.2747014,3.389736
23,3.781714,3.7110944,3.9904613,3.9904315,3.9488084,3.7156708,4.0973587,4.125286,4.4243054,3.6312952,3.4628577,3.348475,3.600187,3.5516276,3.9268575,4.02663,1.2271563,1.6032254,4.3109756,2.1866932,1.2168931,1.5800494,0.36069983,0.0,3.4406426,3.4666123,3.3484662,3.3961833,4.1385045,3.1855536,2.7858083,2.8507376,3.3561673,3.269852,2.3205192,2.6025093,3.0766191,2.837707,3.5123205,3.3948426,4.5773425,4.5547523,3.630447,3.6640234,3.4926193,3.5864978,3.0058362,3.7212539,2.5991788,2.6459358,3.7817414,3.159937,3.1162245,3.011496,3.036577,3.4600792,3.6414495,2.7296088,2.067229,2.80821,3.4000766,3.6160421,2.6717894,3.190135,3.0490823,3.306082,3.939431,3.5665076,4.2117453,3.7343612,3.7879243,3.6618373,3.441143,3.5107212,3.6391413,4.2057996,2.9100382,3.3298583,3.2568226,3.3397517,3.686159,4.325082,4.1546054,3.9518507,2.562229,2.666323,4.094692,4.1430764,3.7863028,3.4341106,2.9744246,3.07084,3.7866874,3.8089557,3.4073975,3.995353,3.3785672,3.473078,3.8928378,4.108525,2.8772936,2.5926883,3.4023938,3.5136638,3.4373207,3.494319,3.4778006,3.480212,3.4300017,3.50281,2.7374866,3.4646082,4.0039797,4.2274437,3.4843392,3.4558043,3.192587,3.1664283,4.351578,3.8880343,3.4572232,3.2758224,3.5545464,3.432752,2.993176,3.5462604,3.1576805,3.288532
24,2.9338136,3.212577,3.0368764,3.3431976,3.2907195,3.0240812,3.2271674,3.2638805,3.2677767,2.8951452,2.7699258,2.318897,2.3759441,2.2485712,1.9306378,1.9807507,3.3294873,3.1381924,2.706092,3.8653758,3.305192,3.2741191,3.5376456,3.4406426,0.0,0.16694033,0.35933876,0.46911508,3.1734903,1.689448,1.3213054,1.2800871,3.8242342,3.7413723,3.1345472,2.332758,2.9165702,2.607375,3.5383165,3.1588867,3.7526305,3.7506535,2.9375873,2.9475317,2.8093808,2.9435294,2.7582924,3.0174499,2.3982663,2.5265646,3.2712924,2.6953504,2.7952223,2.5078866,2.671385,3.1362734,3.460439,2.9820702,3.2976174,2.8817694,2.833441,3.3290446,2.7352676,3.0976486,2.5023034,2.7390156,2.7635536,3.1406448,2.9039893,2.588838,2.7539344,3.8024921,2.4550343,2.572084,3.0523782,3.2164595,2.9602606,2.342335,3.5914407,3.5458734,1.8458363,2.7878048,2.8319757,2.11885,1.8162037,1.7724404,3.574194,3.5631113,2.4889367,2.6768043,3.4982705,3.6977844,3.0908513,3.0974798,2.9920688,3.0773292,2.626555,2.779949,3.2371826,3.0945978,2.6086876,2.3267546,2.6731746,2.8912416,2.834491,2.7734342,2.8604534,2.8459222,2.9020855,2.7896538,2.2144353,2.5378356,2.89304,3.0361254,2.8234193,2.8374436,2.5782297,2.630442,3.5067492,2.8887117,2.924974,2.6005795,2.6292253,2.5859046,2.4172168,2.8367832,2.3021827,2.670984
25,2.9274879,3.2058537,3.0313072,3.336016,3.274698,3.0040622,3.2237294,3.2648895,3.2218392,2.8375893,2.7148275,2.2441223,2.337682,2.210102,1.9114891,1.9607694,3.3673732,3.1865547,2.6969187,3.8808045,3.3230543,3.3072762,3.5655725,3.4666123,0.16694033,0.0,0.37888965,0.46099013,3.143364,1.683788,1.308457,1.2581089,3.8271205,3.7423835,3.1296136,2.363928,2.9156363,2.6239817,3.5401888,3.1747422,3.7157316,3.714345,2.9444027,2.9543161,2.8102348,2.9580543,2.777031,3.0298195,2.4005852,2.5301127,3.2490218,2.677311,2.8006852,2.5170362,2.673358,3.1466649,3.509519,3.0285463,3.330989,2.9422789,2.8220158,3.3195035,2.7170863,3.1104467,2.5025284,2.7411568,2.7377822,3.1378691,2.8794353,2.5413918,2.7500055,3.7719002,2.4909894,2.6027243,3.1130283,3.2511928,2.9405577,2.3197594,3.590261,3.5376666,1.7889717,2.7357998,2.7990456,2.071044,1.8256567,1.7783419,3.5434492,3.529292,2.5021741,2.6991253,3.4850903,3.68303,3.088314,3.0950744,3.0217717,3.072089,2.6103032,2.758768,3.2666636,3.1180127,2.5817575,2.292687,2.6531706,2.8689313,2.8089316,2.7520676,2.8424878,2.8270204,2.8760443,2.761494,2.1854281,2.5166137,2.8000484,2.9427195,2.7425015,2.755764,2.537664,2.5927293,3.4803514,2.8521047,2.889123,2.5605257,2.5868983,2.5360315,2.3701377,2.8104937,2.2379224,2.6268706
26,3.1273198,3.3746343,3.22282,3.4834228,3.4231174,3.152716,3.4130936,3.4529135,3.3953915,2.984069,2.821302,2.3367815,2.4143684,2.3080218,1.9611602,2.0150678,3.2674158,3.0490646,2.6144397,3.7213314,3.2264073,3.2274015,3.4447794,3.3484662,0.35933876,0.37888965,0.0,0.32004488,3.196166,1.5844698,1.3070569,1.261569,3.8447008,3.7497547,3.0601108,2.25564,2.837799,2.5588195,3.547694,3.2028427,3.87792,3.872776,2.9094784,2.9230304,2.8391433,2.979698,2.7901323,3.0367134,2.4619918,2.6004963,3.2564166,2.7927608,2.8745127,2.6174567,2.7290783,3.287264,3.5593727,2.9433458,3.2304728,2.8034937,2.8468764,3.3470757,2.6812491,3.04896,2.4798887,2.6627402,2.8184109,3.1406937,2.9847894,2.5870788,2.8245533,3.8250477,2.453206,2.575751,3.0835152,3.2849722,2.9368587,2.324969,3.6295342,3.5827465,1.9292344,2.8996105,2.9089317,2.166881,1.762764,1.7218683,3.5010037,3.482116,2.5215473,2.670381,3.473975,3.6962898,3.1119273,3.1203244,3.0135498,3.1203053,2.5322258,2.6902087,3.1163704,2.9929116,2.4645796,2.1530359,2.576116,2.8048134,2.7201767,2.6586196,2.7508075,2.736887,2.7430902,2.696087,2.040171,2.4352276,2.9529445,3.1116817,2.8351176,2.8512619,2.648487,2.7054331,3.6161633,2.99949,3.0443108,2.6650093,2.7325394,2.6824033,2.5001178,2.9903975,2.3975298,2.7994905
27,3.1257768,3.3706234,3.2648733,3.5280187,3.5251765,3.1882994,3.4539814,3.4976594,3.3832126,2.9845734,2.933349,2.3295722,2.4631772,2.3606582,2.0119917,2.0689383,3.2684379,3.0641663,2.6210995,3.7417743,3.251114,3.2500162,3.490767,3.3961833,0.46911508,0.46099013,0.32004488,0.0,3.2228553,1.6628859,1.3206091,1.277087,3.8283474,3.7298095,3.0324087,2.2009182,2.8778105,2.59335,3.5807314,3.2332435,3.8127356,3.8092942,2.863907,2.8743966,2.8029907,2.9491763,2.7689164,2.9996746,2.4237752,2.565413,3.242559,2.7714095,2.8529737,2.5973675,2.709877,3.2803173,3.564254,2.9359756,3.2169328,2.795644,2.8062747,3.3364973,2.7409267,3.0180807,2.5194445,2.6970284,2.8597322,3.168765,3.0118113,2.6104047,2.86012,3.8402503,2.5157278,2.6251569,3.1284637,3.3245928,2.953054,2.3471775,3.6724157,3.6258733,2.010951,2.9471526,2.985906,2.2537775,1.8661684,1.837152,3.5480185,3.5154316,2.501628,2.686696,3.4300094,3.7364218,3.1231859,3.1319485,3.0495253,3.1327868,2.5057209,2.6725817,3.1241446,3.0045788,2.4513283,2.136726,2.5452874,2.7723992,2.6840212,2.6225297,2.7137804,2.6995943,2.7168546,2.664981,2.0365431,2.4032888,2.8596692,3.0187669,2.7438083,2.7744753,2.6188622,2.6768885,3.6429446,2.9669743,3.047272,2.6654851,2.7230043,2.6128545,2.4969013,2.9780245,2.3839302,2.7928832
28,3.3255632,3.5526164,3.1475847,3.5134912,3.4976363,3.1878629,3.5121815,3.5374656,4.7626457,4.670634,4.223906,3.792214,3.6860597,3.5723395,3.5765557,3.5762823,4.1916842,3.705952,4.6715856,5.302493,3.9759653,4.392467,4.1959114,4.1385045,3.1734903,3.143364,3.196166,3.2228553,0.0,2.335255,3.1209416,3.1106548,4.5974565,4.5042434,3.7509573,3.5719998,4.2039614,4.0059667,4.801051,4.453107,5.383828,5.3561645,4.3434353,4.374488,4.2536345,4.411028,4.2760873,4.4034386,2.5813086,2.5992908,2.8223548,3.0282888,2.7918434,2.6253905,2.5666502,3.4700706,5.1536613,4.613002,4.0541553,4.221421,4.0095153,4.7334337,3.8178973,3.5051956,3.6934087,4.5312104,4.0590334,4.3840137,4.1757183,4.256905,4.1369724,4.6531262,3.4291224,3.489921,4.0828843,4.2320347,3.703279,3.6529405,4.3714585,4.320196,3.2259545,2.8905964,4.1156282,3.4480712,3.2429178,3.2305167,4.440924,4.5081964,4.1101933,4.0883384,4.2815776,4.206318,4.5179815,4.5198107,4.6320157,4.6474986,3.3424091,3.5694253,3.6520452,3.476271,3.2723258,3.1409998,3.4593167,3.5164778,3.6538997,3.5229402,3.606709,3.5985134,3.3347528,3.5855246,3.204562,3.3662438,3.2255561,3.3853216,3.073941,3.0791821,2.9204414,2.938074,3.8349044,3.1683257,3.244373,2.842954,2.7603598,2.7858965,2.5701642,3.2497766,2.4654644,2.9727838
29,3.108749,3.296732,3.0522401,3.419208,3.3886976,3.0302575,3.2865903,3.3415,3.688325,3.3473556,3.06033,2.7759645,2.6147535,2.560335,2.5568502,2.6046596,3.198202,2.691904,2.9908788,3.8960073,3.0422957,3.1451893,3.2422597,3.1855536,1.689448,1.683788,1.5844698,1.6628859,2.335255,0.0,1.6314366,1.6022611,3.603747,3.4913342,2.8997154,2.64512,3.1650534,2.8025882,3.695477,3.2396946,4.4915833,4.457695,3.5778165,3.5893624,3.3499782,3.5332904,3.3868773,3.6412115,2.5198007,2.6179647,2.9079182,2.7526362,2.8687234,2.6529758,2.6435235,3.2340024,3.8264606,3.5359945,3.0486343,2.9778876,2.8745577,3.7624476,2.6523643,2.3198605,2.4240487,2.8790429,2.8020747,3.1286488,3.0011182,2.8356571,2.851587,3.5799696,2.3668609,2.4918118,3.096331,3.2511635,2.640887,2.4479127,3.3172874,3.2966182,2.1682842,2.7738874,3.0287578,2.2605946,1.9523598,1.9151119,3.7592506,3.7461498,2.9944718,3.073768,3.2634876,3.321262,3.633925,3.6463475,3.470701,3.7336867,2.6938357,2.9282446,3.0418406,2.9691858,2.5336456,2.2732978,2.7657616,2.9473383,2.871458,2.7750287,2.8834922,2.8679984,2.5761607,2.8873432,2.2564504,2.6683187,3.1685734,3.3561792,3.0319216,3.0508277,2.640818,2.7016127,3.498631,2.9787543,2.8936968,2.5575695,2.6038744,2.66268,2.3107681,2.939871,2.2641938,2.6346936
30,2.706586,2.955996,2.9433687,3.3011944,3.1950893,2.8559158,3.0548906,3.1382115,2.9471834,2.527276,2.4837854,2.0668802,2.0147226,1.771069,1.913183,2.0145392,2.6401427,2.5196362,2.866949,3.403494,2.5368865,2.5830007,2.9063706,2.7858083,1.3213054,1.308457,1.3070569,1.3206091,3.1209416,1.6314366,0.0,0.15047386,3.2128117,3.167036,2.5438623,2.257366,2.8604264,2.3015203,3.3252609,2.8348265,3.5471866,3.5253165,2.6879811,2.6547878,2.490214,2.7099583,2.6254172,2.867872,2.017356,2.129153,3.3998504,2.6163418,2.9136784,2.637962,2.7584038,3.161152,3.2640038,2.7752228,2.7451432,2.7207103,2.5302596,3.025404,2.306454,2.7998526,2.3298805,2.23511,2.7199855,2.933632,2.9420788,2.3803036,2.6451893,3.0988495,2.1999207,2.2795947,2.4918346,2.782108,2.3027742,1.6837655,2.9166195,2.930038,2.0031068,2.9990594,3.0976512,2.3949523,1.4514232,1.3883748,3.6083312,3.620132,2.5785806,2.8662097,2.7498705,3.0266702,3.1261945,3.1463516,2.7641525,3.1484194,2.3675532,2.5053961,3.0615466,3.001663,2.352914,2.006678,2.4459603,2.5858383,2.5893989,2.5394273,2.5903935,2.5621388,2.6959643,2.532226,1.9131167,2.3212276,2.7646394,2.969789,2.5975103,2.6217678,2.018057,2.0615656,3.0625725,2.3008118,2.5145216,2.3582447,2.1018717,2.2526944,2.0195801,2.5974119,1.9561665,2.2557576
