,0,1,2,3,4,5,6,7,8,9,10,11,12,13,14,15,16,17,18,19,20,21,22,23,24,25,26,27,28,29,30,31,32,33,34,35,36,37,38,39,40,41,42,43,44,45,46,47,48,49,50,51,52,53,54,55,56,57,58,59,60,61,62,63,64,65,66,67,68,69,70,71,72,73,74,75,76,77,78,79,80,81,82,83,84,85,86,87,88,89,90,91,92,93,94,95,96,97,98,99,100,101,102,103,104,105,106,107,108,109,110,111,112,113,114,115,116,117,118,119,120,121,122,123,124,125,126,127
0,0.0,1.4034705,0.5347217,0.91285735,0.9151952,0.9824231,1.4237607,0.5673659,2.112487,1.3446771,2.0741522,2.1354532,3.9623654,2.3893332,1.538115,0.5812742,0.62985426,1.2696763,2.5822577,0.7290737,1.678509,1.6540663,1.7527785,1.7470152,0.6511393,0.9511834,1.5871425,1.5597483,1.7166268,1.2909341,1.7104115,0.7615713,3.5597746,3.5946102,3.3267539,2.9350305,3.5215094,3.7725081,3.516339,3.508075,2.6170719,3.0014791,3.2867832,2.610372,2.7675765,2.5155053,2.6439285,3.1129982,3.7281792,3.435829,3.5260835,3.514486,3.8120637,3.8833206,4.1779947,3.9641175,3.045552,2.9805598,3.0938811,2.6019135,3.6690855,3.6591556,2.6023254,3.3150287,2.347629,2.4032156,2.3168504,2.3475277,2.305732,2.2478034,2.3961856,2.3412707,2.3524764,3.2960153,2.4972165,2.5485063,2.5946035,2.5714636,1.9296716,2.71849,2.0024989,1.9208285,2.0831962,1.9233097,1.9329119,1.9108901,1.8783869,1.9505045,3.5514457,3.3423479,3.549836,3.0763662,2.6723113,2.9218614,3.8903072,3.9539113,2.1588917,2.3077085,1.9809831,2.6558907,1.2577937,3.1534326,2.6488295,2.471422,2.1825087,2.1373904,1.5308342,3.0820053,2.2491443,2.5027153,2.1892247,2.1336305,4.6273217,3.3168385,3.8246458,3.7292821,1.7995621,1.8475192,1.8968239,1.8614043,2.7802343,3.233995,2.9220939,2.9285126,3.9695861,4.0149183,2.6210825,2.4446323
1,1.4034705,0.0,1.4379841,1.3281915,1.6156883,1.5119948,1.9575577,1.4147153,2.3961349,1.8439312,2.4739838,2.5228882,4.0367064,2.137931,2.0053172,1.3951311,1.5397534,1.5086237,2.9931538,1.6344475,1.7809722,1.7580111,1.9233227,1.9734191,1.3956577,1.5359982,1.775698,1.8484247,2.2806742,1.3902045,2.0652483,1.3271399,3.6057127,3.5765107,3.3236387,2.9344199,3.5293639,3.8173237,3.5284505,3.5084674,2.514735,2.9684482,2.9032998,2.637845,2.8228793,2.5260756,2.7961707,3.0001328,3.5999398,3.5289667,3.668797,3.6592612,3.9528692,3.7958539,4.3402534,4.106589,3.5730374,3.1684804,3.1261587,2.779481,3.7052197,3.6917698,2.670783,3.5600207,2.5644078,2.4465182,2.0160177,2.5768259,2.1604347,2.004351,2.4142733,2.1735072,2.3210328,3.1015766,2.8028758,2.7861187,2.4581227,2.2803216,1.9474572,2.726248,1.6237868,1.4786104,1.6085222,1.5364738,1.618199,1.6056969,1.7018503,1.7703838,3.4262455,3.2004573,3.4396536,3.1940646,1.8769685,2.0732348,3.0922008,3.2030673,2.3317502,2.26065,2.1242733,2.6389618,1.5029622,3.3414648,2.6916206,2.8349822,2.9720237,2.6188846,1.8173896,3.4154038,1.958086,2.1868203,2.5850286,2.660128,4.538652,3.231473,3.7242262,3.4874227,2.07452,1.819922,1.8400949,1.7982693,2.9328406,3.0442133,3.1643784,3.1641164,3.8081663,3.9066763,2.3304765,2.4781663
2,0.5347217,1.4379841,0.0,0.61114234,0.77030367,0.7992452,1.2526459,0.2710068,2.161639,1.5429579,1.6531985,1.7104052,3.7311375,2.1285229,1.4697653,0.23064354,0.3723799,1.1088511,2.1543825,0.46692973,1.3671606,1.3415539,1.7171725,1.4887785,0.92725915,1.2636005,1.6455415,1.6565005,1.6306173,1.2744888,1.4120252,0.53778344,3.4015129,3.46972,3.2066512,2.8990557,3.4149466,3.5656128,3.4078317,3.3974051,2.5462205,2.922057,3.0892727,2.5281904,2.4956303,2.4053824,2.5579839,3.011851,3.631261,3.3446407,3.4347417,3.4250224,3.608646,3.6955664,3.9975889,3.7938566,3.0451913,2.8321424,2.7950745,2.4213202,3.8275669,3.8166552,2.3756328,3.382773,2.191599,2.2539964,2.3806036,2.1740704,2.281402,2.2919111,2.2920802,2.4749634,2.5500486,3.4155934,2.39423,2.6057034,2.5126252,2.4897406,1.8169955,2.7100344,2.0566146,1.9565743,2.070086,1.8656592,1.7159623,1.6919149,1.640643,1.7258928,3.5275826,3.3232818,3.592685,3.1582186,2.6809049,2.8870895,3.874014,3.8679888,2.197616,2.2764528,1.8508563,2.7066379,1.4087354,2.8197813,2.3470137,2.136855,2.0414705,2.0566866,1.5628377,2.9862862,2.2476852,2.388772,2.0090623,1.9797009,4.713905,3.4294002,3.888464,3.7568045,1.4503275,2.012512,2.0249858,1.9976691,2.4954562,3.0123324,2.805349,2.808029,3.9070852,3.829207,2.4695942,2.3886418
3,0.91285735,1.3281915,0.61114234,0.0,1.0171646,0.8980767,1.5034432,0.717672,2.3143604,1.7774731,1.7238051,1.7687294,3.7582595,2.14699,1.3464121,0.6025558,0.77815425,1.2861441,2.2348084,0.967329,1.3111982,1.2830242,1.6862853,1.4345546,1.1321259,1.488331,1.7281907,1.796444,1.7305893,1.3751559,1.3778487,0.6999707,3.4995182,3.5785928,3.307085,2.9889336,3.536244,3.647232,3.5263014,3.50409,2.6662,3.0148687,2.8427753,2.6373394,2.5589535,2.4804032,2.5924575,3.0413744,3.619132,3.3428738,3.4468274,3.436847,3.587784,3.6569123,3.969732,3.7563186,3.162462,2.787875,2.7444403,2.5044336,3.767583,3.7594995,2.3120694,3.4520702,2.3155165,2.3857474,2.5188956,2.2776864,2.4297016,2.3615627,2.359121,2.5942512,2.691819,3.573102,2.53837,2.6822062,2.6098225,2.4787512,2.0034795,2.7970614,2.1244833,1.9358903,1.9854746,1.8144481,1.7391512,1.7174926,1.6367999,1.7261939,3.4305396,3.2012796,3.4695446,3.2350166,2.613464,2.8622272,3.7802622,3.759234,2.3813827,2.2857864,2.0124862,2.7014763,1.641998,2.8866835,2.496003,2.3259785,2.2754257,2.2094884,1.7903899,3.189631,2.3826737,2.509768,2.211721,2.2071793,4.7071075,3.4352882,4.0399284,3.7739854,1.4441497,1.9925289,2.0076358,1.9842849,2.5426981,3.0061767,2.8840308,2.8852308,3.9656403,3.7764401,2.3426576,2.53324
4,0.9151952,1.6156883,0.77030367,1.0171646,0.0,0.26951677,1.458503,0.6903875,1.9221349,1.2847931,1.7657715,1.8148891,3.5041537,2.1946676,1.7576188,0.7010697,0.61108834,1.2917854,2.255594,0.8459092,1.516623,1.4927884,1.546608,1.2761904,1.1617905,1.341342,1.2799196,1.2979184,1.8229302,1.2422129,1.0244836,0.68868273,3.3659933,3.4741805,3.2074924,2.8591628,3.4152098,3.5497835,3.4225824,3.4024968,2.5124156,2.929448,3.1217625,2.4942827,2.4122808,2.2094748,2.498615,2.955283,3.4178746,3.1630268,3.247041,3.23663,3.5506423,3.652242,3.7218735,3.7094731,2.8313246,2.7293181,2.6064036,2.1580927,3.72561,3.7146735,2.1098862,3.2330782,1.8515819,1.9290155,2.1416373,1.8547467,2.0203786,2.0496416,2.0690703,2.2341423,2.3373327,3.122854,2.0641444,2.2904944,2.0383427,2.439983,1.5874223,2.481057,1.8070167,1.8022608,1.9173012,1.7194134,1.5606127,1.5353395,1.4845074,1.5620261,3.5154903,3.2982862,3.5038722,3.0735915,2.681155,2.7816598,4.001733,3.8933773,2.128611,2.1909907,1.6082107,2.6875513,1.5290853,2.720839,2.379709,2.18712,1.7875849,1.8238817,1.3438247,2.899111,2.1409738,2.3087983,1.9068787,1.8286688,4.1702213,3.3949637,3.6487145,3.552684,1.197656,2.0709455,2.1804886,2.137896,2.495907,2.914495,2.805048,2.8033433,3.7108214,3.6854794,2.3740847,2.1874738
5,0.9824231,1.5119948,0.7992452,0.8980767,0.26951677,0.0,1.5429957,0.7089602,1.9745601,1.3789885,1.7249175,1.7697625,3.4694898,2.1204972,1.6835617,0.68871945,0.6808817,1.276951,2.230317,0.93003464,1.4680208,1.4436529,1.5246613,1.2170055,1.2231109,1.4095831,1.2631718,1.3177148,1.8486402,1.2102321,0.90920085,0.592939,3.3774483,3.4848719,3.2047913,2.8662167,3.4245944,3.5392566,3.43025,3.406133,2.483369,2.901854,2.9810107,2.4819973,2.3587165,2.1767962,2.4369023,2.8922827,3.381351,3.1484635,3.2776914,3.2660606,3.5218513,3.6152656,3.706485,3.6598637,2.8705876,2.7054627,2.524875,2.1320648,3.6661305,3.656334,2.063327,3.2226272,1.8019583,1.8647574,2.1417675,1.7972738,2.0137775,2.0121074,2.0296588,2.2281287,2.3443143,3.1131272,2.0580692,2.2737262,2.0698843,2.4252667,1.5776438,2.417188,1.7523799,1.7141596,1.8089055,1.6393006,1.4596039,1.4359932,1.384558,1.4551219,3.4283679,3.2017817,3.3741693,3.0464957,2.6409423,2.7323167,3.9733684,3.852083,2.189552,2.1848333,1.626097,2.6666553,1.5837594,2.7004664,2.3598707,2.1903222,1.868093,1.8637305,1.4017404,2.9333043,2.1417806,2.3057325,1.9733278,1.8929603,4.145698,3.3762453,3.6514926,3.5022416,1.1094115,2.068332,2.1608498,2.1194265,2.4624372,2.8833528,2.825229,2.8222136,3.6576881,3.6077085,2.2369335,2.1439822
6,1.4237607,1.9575577,1.2526459,1.5034432,1.458503,1.5429957,0.0,1.2658354,2.6154244,2.1741343,2.0771322,2.126089,3.8748124,2.4693003,2.0186157,1.3253882,1.2283107,1.5603688,2.4281778,1.1838675,1.843525,1.8231561,2.2479353,2.092471,1.469081,1.6649815,1.9417908,1.9474007,2.1570673,1.5578768,1.8767431,1.377034,3.640917,3.6806402,3.4370875,3.21194,3.6024609,3.6913004,3.6012166,3.595077,2.708084,3.2264624,3.4728854,2.8000367,2.7606475,2.6691394,2.7068381,3.2616518,3.7157574,3.4638216,3.5251565,3.5342522,3.8665407,3.966938,4.246305,4.3305387,3.3058102,3.2413146,3.0458348,2.698946,4.0737805,4.0528717,2.778368,3.6031816,2.636426,2.6555579,2.6827664,2.6187189,2.7118077,2.6571574,2.635087,3.0078037,2.7589781,3.776655,3.0200403,3.2176154,2.7001588,2.9704242,2.2496614,3.6599243,2.668539,2.6847165,2.8127472,2.2885573,2.2494256,2.2287345,2.1885903,2.382012,3.6252668,3.3916683,4.219999,3.1593857,2.948348,3.0026379,4.240237,4.128585,2.5829358,2.7011535,2.1516142,3.0572648,1.9376681,2.986956,2.606726,2.531236,2.518202,2.5034604,2.002572,3.280774,2.647989,2.7703013,2.1758356,2.2906885,4.846749,3.335774,4.000242,3.9111466,1.80838,2.5235457,2.4050071,2.3790338,2.77218,3.1917818,3.0606585,3.0625858,4.2995763,4.272773,3.1764216,3.0161908
7,0.5673659,1.4147153,0.2710068,0.717672,0.6903875,0.7089602,1.2658354,0.0,2.1519651,1.4894962,1.6434443,1.7007068,3.5648384,2.0398417,1.5726901,0.2655292,0.33661875,1.03286,2.1288438,0.40871555,1.4114535,1.3869977,1.7280192,1.4868873,0.99730116,1.2825047,1.6051351,1.6162354,1.6663034,1.2304374,1.3466847,0.4229915,3.3632922,3.4266431,3.1424966,2.8277826,3.353663,3.5082188,3.3497734,3.3363824,2.45455,2.7890482,3.051329,2.4220061,2.3468955,2.268511,2.4365067,2.873782,3.521129,3.2621622,3.3689547,3.359079,3.5848904,3.670275,3.9630723,3.7598958,3.01479,2.7904224,2.7070737,2.3154955,3.7190557,3.7069101,2.2845345,3.236254,2.0337353,2.072753,2.2580748,2.0363781,2.1360824,2.1398158,2.1725671,2.3486943,2.5205853,3.3460853,2.3252187,2.543354,2.478396,2.4847157,1.731139,2.6164212,1.950926,1.8877152,2.005712,1.8356041,1.6146057,1.5925413,1.5555123,1.636489,3.5373833,3.333625,3.5726588,3.1402664,2.6828315,2.8613465,3.899104,3.826917,2.1332433,2.2392318,1.7117391,2.6860955,1.4314581,2.7669406,2.300806,2.1328516,2.0624816,1.973162,1.5477021,3.0046628,2.2382555,2.3805513,2.0600646,2.005373,4.611928,3.3691437,3.8527107,3.7371922,1.4006137,2.0730596,2.0949018,2.0660508,2.4076848,2.9257913,2.760981,2.764558,3.7378268,3.69178,2.377445,2.2363832
8,2.112487,2.3961349,2.161639,2.3143604,1.9221349,1.9745601,2.6154244,2.1519651,0.0,1.4027808,3.1076155,3.154825,4.500006,3.4876153,2.5639293,2.1797028,2.2431405,2.5325065,3.6269724,2.3602064,1.8851293,1.8817579,1.0541155,1.4751236,1.924497,1.8983004,1.92926,1.9522197,3.034453,1.9432011,2.51571,2.2084966,4.179019,4.2134514,4.033678,3.5274978,4.2356834,4.5184326,4.2459917,4.2115645,2.85765,3.4982097,3.6967397,3.3123374,3.4268844,2.9095087,3.3347633,3.5265627,3.96506,3.7918706,3.9251015,3.9420793,4.5085354,4.629004,4.5574417,4.58882,3.26033,3.4455445,3.5706825,3.007408,3.6451156,3.6354375,2.7384858,3.185481,2.6498654,2.6765316,2.436537,2.5657253,2.711918,2.5694194,2.9718537,2.577065,2.5559454,3.1259906,2.740277,3.0654092,2.3208694,2.728766,2.6042035,3.070363,2.2597623,2.110377,2.314596,2.4399946,2.5961776,2.5826676,2.7158256,2.6982415,4.7047963,4.504114,4.5259666,4.3242817,3.2499244,3.299983,4.0117874,3.9644845,2.7728932,2.8617504,2.6135063,3.2587082,2.048645,3.8084908,3.5031106,3.397738,2.4086761,2.1827624,2.0113695,3.077919,2.8588052,3.0968213,2.8246644,2.6702735,3.970807,3.58881,3.6520078,3.6424136,2.4226818,2.2637703,2.3891597,2.3578286,3.618517,3.9439158,3.8415365,3.8446803,4.337859,4.4251757,3.1216009,3.0384102
9,1.3446771,1.8439312,1.5429579,1.7774731,1.2847931,1.3789885,2.1741343,1.4894962,1.4027808,0.0,2.68032,2.7404356,4.0142694,2.982416,2.275957,1.5744046,1.5370488,1.8745759,3.2707722,1.6923974,2.0807176,2.0593047,1.341145,1.6357657,1.2883658,1.3388197,1.6843959,1.6984751,2.539242,1.6416609,2.1827528,1.6147208,3.8388462,3.877659,3.6522815,3.027545,3.8675964,4.225695,3.8749552,3.8466353,2.7266946,3.0723054,3.4306571,2.794043,3.0351357,2.5261729,2.8719554,3.2294405,3.7524917,3.5753536,3.6714385,3.661253,4.218691,4.2946587,4.3093867,4.2881203,3.0199637,2.9656982,3.2301772,2.5980399,3.3578255,3.3419898,2.4141953,2.962081,2.3783267,2.389052,1.9622878,2.3969195,2.1495922,2.0257943,2.455867,1.9863726,2.2118068,3.0365171,2.304251,2.2505414,2.1881435,2.2957826,2.0416443,2.5528624,1.7491969,1.7160269,1.866178,1.881129,2.0636296,2.0504758,2.1987073,2.1885939,3.9919739,3.7957106,3.82728,3.5686476,2.8161094,3.0784328,3.68287,3.75507,2.1825433,2.3098798,2.0133028,2.774087,1.4178287,3.5277822,3.0856647,3.0552332,2.1321669,2.0064273,1.3438486,2.7535803,2.3286622,2.6345809,2.4070063,2.2868645,3.8674328,3.1168242,3.765981,3.727571,2.1553543,1.5854474,1.9086607,1.8662757,3.2274306,3.5642745,3.4394171,3.4483352,3.8051891,3.9631872,2.6242514,2.439352
10,2.0741522,2.4739838,1.6531985,1.7238051,1.7657715,1.7249175,2.0771322,1.6434443,3.1076155,2.68032,0.0,0.076811254,3.6168854,1.8287522,2.0766406,1.5926158,1.5640391,1.8126562,1.188982,1.5252478,2.0534785,2.032904,2.7773862,2.0635817,2.4147346,2.6973913,2.6699126,2.7412546,2.2781172,2.3165455,1.6282046,1.6151757,3.665335,3.8117824,3.5376186,3.5196295,3.740691,3.6174707,3.715598,3.717605,3.2533195,3.5153112,3.5651464,3.1643174,2.5357697,3.0034518,2.98792,3.431663,4.022011,3.7634685,3.8990285,3.8901627,3.7115257,3.734363,4.0910096,3.8770764,3.7891586,3.2378993,2.8008232,2.7637265,4.5717683,4.5593557,2.6486754,3.8625648,2.6581187,2.7008505,3.3967068,2.6762083,3.06511,3.2237506,2.8861263,3.5291274,3.686556,4.237832,2.7986283,3.3043087,3.162368,3.2107425,2.322066,3.0480602,3.0365503,2.9553878,2.9364727,2.7335658,2.0485713,2.0280106,1.9775379,1.9755988,3.8462076,3.6752415,3.9062092,3.5907097,3.311163,3.3495538,4.396406,4.3946967,3.236813,3.2294464,2.5384433,3.7235415,2.7237217,2.700616,2.2219214,1.8853035,2.1976361,2.7603233,2.5563035,3.140049,2.9900858,2.8942275,2.6411312,2.6598806,5.4115806,4.1515813,4.6605754,4.508136,1.5733922,3.2815092,3.2204437,3.1985474,2.4411368,2.8705652,3.2575374,3.2561772,4.3109293,4.011123,2.9298856,2.873729
11,2.1354532,2.5228882,1.7104052,1.7687294,1.8148891,1.7697625,2.126089,1.7007068,3.154825,2.7404356,0.076811254,0.0,3.6152847,1.8317473,2.1133823,1.6474329,1.6205134,1.8566822,1.1558611,1.5844848,2.0849414,2.0650988,2.8217854,2.0958238,2.476153,2.758419,2.7148259,2.7876382,2.307294,2.3688693,1.6378747,1.6654667,3.667852,3.8197324,3.5459511,3.540373,3.7488058,3.6085224,3.72379,3.7255893,3.2819536,3.5372374,3.5708387,3.186607,2.53529,3.0224724,3.007366,3.4417722,4.0252724,3.7695818,3.9189878,3.9102774,3.700667,3.725521,4.0784836,3.8648262,3.814962,3.2473068,2.7909143,2.7747154,4.608285,4.5961847,2.663936,3.8945239,2.6763675,2.7183366,3.4375324,2.693561,3.095299,3.2590795,2.9051018,3.5700605,3.7271721,4.2737827,2.814735,3.334026,3.1893492,3.245954,2.3485992,3.0659692,3.0728817,2.9920852,2.9691262,2.7691324,2.0709307,2.0509233,1.9932336,1.990907,3.8640673,3.693853,3.9217672,3.61771,3.3443084,3.3766115,4.4316072,4.4210835,3.2788765,3.26449,2.569729,3.7575865,2.7821107,2.6873085,2.225441,1.8853347,2.228832,2.7890131,2.605206,3.178762,3.023591,2.916559,2.6650317,2.6831188,5.4378357,4.19294,4.6948314,4.539285,1.5862131,3.336395,3.2737238,3.252006,2.439979,2.8711863,3.27121,3.2691236,4.32776,4.01538,2.947207,2.8969529
12,3.9623654,4.0367064,3.7311375,3.7582595,3.5041537,3.4694898,3.8748124,3.5648384,4.500006,4.0142694,3.6168854,3.6152847,0.0,3.669389,4.830069,3.727082,3.6316607,3.7154644,3.650049,3.6639647,3.654435,3.6569126,3.9571626,3.5509043,4.0835924,4.156079,4.013772,4.0664835,3.8367035,3.7848094,3.2397637,3.5784478,3.605047,3.7328382,3.593724,3.393831,3.8054671,3.780369,3.8196638,3.7831554,3.5474114,2.7122328,3.386724,2.9243588,2.3226738,2.7231998,2.9717474,3.2081895,3.5667708,3.4672487,3.4918804,3.4804149,3.6575518,3.7283394,3.7523122,3.7921898,3.7224855,2.8989444,2.4728844,2.6230447,4.387909,4.3739033,2.2865484,3.788333,2.7432823,2.7898567,3.336042,2.8291237,2.8839717,3.0481367,2.762303,3.3640623,4.8473268,5.2198553,3.9784462,4.320725,3.8751945,4.2475953,3.831722,4.19379,3.7383347,3.8976514,3.8074846,3.7436647,3.5030212,3.5203958,3.4398458,3.4843874,5.104512,4.990913,5.1159344,5.002413,4.5716214,4.5121617,5.4683676,4.123254,3.230243,3.2739646,2.6089315,3.7244291,4.2230186,3.7843544,3.8384268,3.8611708,4.150641,3.8596354,4.038945,4.733498,4.090304,4.08113,3.9890444,3.944121,4.9065185,4.3850484,5.45419,5.39467,3.247256,4.4229293,4.7627907,4.7508307,2.823879,3.0467958,3.364363,3.367772,2.297451,1.690235,2.9283125,2.8529978
13,2.3893332,2.137931,2.1285229,2.14699,2.1946676,2.1204972,2.4693003,2.0398417,3.4876153,2.982416,1.8287522,1.8317473,3.669389,0.0,2.5527947,2.0047402,1.9921343,1.6353878,1.6462059,1.9383456,2.4235013,2.4044886,3.2387118,2.704933,2.8008668,3.0502791,3.035605,3.0648313,2.5050957,2.7526066,1.9869554,1.9717611,3.541613,3.6652536,3.3417335,3.3011765,3.4964314,3.3343709,3.4994912,3.4961293,3.3885143,3.361158,3.554713,3.0358737,2.3469253,2.857982,3.2495568,3.118347,3.7443871,3.793417,3.9911752,3.9757938,3.7615314,3.5449095,4.1510096,3.8955724,4.349522,3.3707962,2.9660401,2.9421585,4.8628173,4.848722,3.0502985,4.1539993,2.9070408,2.6906488,3.1134667,2.9971082,2.7076542,2.9326544,2.650605,3.266659,3.4287663,4.141104,2.859042,3.3216927,3.202798,3.148173,2.0573807,2.7807577,2.6048741,2.6971898,2.7312813,2.7594059,1.711364,1.6938448,1.5849108,1.6522019,4.1189303,3.9479175,4.1080656,3.7922246,2.7298706,2.8385315,3.9691775,3.9448636,3.2315207,3.2729921,2.5270352,3.7288928,2.9413993,2.3727555,2.056222,2.322463,3.3728564,2.9869988,2.8485324,4.036557,2.8055675,2.5330284,3.0625634,3.104079,5.5421734,4.439479,4.8982735,4.784275,2.1044388,3.582311,3.5942776,3.5586855,2.6649313,2.6873202,3.3646865,3.3530107,4.1106925,4.0205555,2.9089344,2.6776338
14,1.538115,2.0053172,1.4697653,1.3464121,1.7576188,1.6835617,2.0186157,1.5726901,2.5639293,2.275957,2.0766406,2.1133823,4.830069,2.5527947,0.0,1.3834059,1.5333713,1.9378878,2.5378544,1.6375865,2.0623152,2.034612,2.3355868,2.148031,1.8060055,2.0922008,2.239204,2.2777789,2.2026687,2.109681,2.0080254,1.5343754,4.0974917,4.188058,3.860392,3.6551132,4.0534444,4.0774593,4.0339355,4.018087,3.281882,3.8610346,3.5959175,3.4388816,3.3445508,3.2798774,3.1994326,3.5755372,4.3501773,4.083831,4.4724526,4.4737926,4.1105933,4.1804323,4.470307,4.2525864,3.7125137,3.5821977,3.4961681,3.2571313,4.1342287,4.127587,3.327329,3.7756832,3.0827055,3.141639,3.404506,3.0684378,3.3496,3.2276297,3.286909,3.4653594,2.8665638,3.770846,2.9129872,3.058706,3.238835,3.0811653,2.421964,3.1297522,2.810305,2.5819054,2.6458967,2.6140192,2.312268,2.2884898,2.242227,2.276543,3.6738713,3.4629552,3.659986,3.3879435,2.9653854,3.221321,4.126414,4.5424805,3.2715404,3.1907423,2.936676,3.4793627,2.1725826,3.2355962,2.8432229,2.5989995,2.4762821,2.6894608,2.2068012,3.3435671,2.8944862,2.9833567,2.7409225,2.6892583,5.073336,3.8866904,4.3032317,4.027847,1.963509,2.5895333,2.3687096,2.3469348,3.3828955,3.76732,3.663432,3.6635506,5.007873,4.8616004,3.2320654,3.3390417
15,0.5812742,1.3951311,0.23064354,0.6025558,0.7010697,0.68871945,1.3253882,0.2655292,2.1797028,1.5744046,1.5926158,1.6474329,3.727082,2.0047402,1.3834059,0.0,0.33864477,1.0709373,2.0805016,0.46992502,1.3984038,1.3720263,1.7649035,1.4962051,1.0270712,1.3292122,1.5943692,1.6069131,1.6246897,1.2830583,1.2818904,0.3993513,3.4134028,3.4893544,3.2063968,2.9240525,3.4125624,3.5337098,3.4068103,3.3957968,2.5626233,2.954307,3.1006706,2.5514243,2.465033,2.3967185,2.5489476,2.982526,3.6282024,3.36132,3.47956,3.468854,3.5932589,3.6650014,3.9652953,3.754568,3.0802538,2.8731308,2.7718706,2.4094844,3.8340044,3.8240948,2.4068885,3.379778,2.143662,2.1925921,2.399123,2.1357183,2.271738,2.283248,2.2851613,2.4778113,2.5144696,3.3492408,2.3375921,2.5601158,2.505453,2.5175364,1.7442145,2.6047177,2.0066717,1.9150045,2.0273488,1.8671967,1.6250492,1.5995554,1.5362012,1.6135656,3.497452,3.2891166,3.5078545,3.1081052,2.6446922,2.8253624,3.9040337,3.9081435,2.2658532,2.331514,1.8639627,2.758771,1.4778925,2.7582045,2.2902381,2.0894144,2.059386,2.0584726,1.5792,3.0103602,2.2310352,2.3653345,2.062386,2.017156,4.6789827,3.4864178,3.85351,3.714458,1.3680924,2.1033876,2.1027389,2.071682,2.5075068,2.9912257,2.8348782,2.8354084,3.9089236,3.8395746,2.4452152,2.3478425
16,0.62985426,1.5397534,0.3723799,0.77815425,0.61108834,0.6808817,1.2283107,0.33661875,2.2431405,1.5370488,1.5640391,1.6205134,3.6316607,1.9921343,1.5333713,0.33864477,0.0,1.0732917,2.028047,0.34316266,1.5236034,1.4963586,1.861363,1.5811143,1.0732094,1.3812202,1.6605026,1.6636066,1.665553,1.3733429,1.2634379,0.51790917,3.4088883,3.502708,3.2216413,2.9078116,3.4248695,3.5497675,3.4227638,3.4117172,2.6264253,2.948101,3.189255,2.5163999,2.4135933,2.356069,2.5416238,2.993967,3.5525475,3.26327,3.3544078,3.3439243,3.6112301,3.6799808,3.9363465,3.801514,3.0532262,2.8046656,2.7570517,2.3699765,3.8647187,3.8526533,2.3504229,3.3523958,2.1563072,2.221318,2.4028533,2.1688392,2.2540317,2.2900767,2.2436366,2.4958093,2.5666845,3.4520023,2.3444118,2.5527296,2.479795,2.5742025,1.7380939,2.670048,2.0687673,2.033709,2.1448367,1.9447217,1.6801947,1.6546401,1.5819128,1.6789715,3.5247772,3.3107421,3.5948288,3.0827882,2.6610553,2.8609636,3.9571998,3.9310074,2.2485414,2.3498366,1.7744733,2.7943108,1.536982,2.7019062,2.346901,2.1313987,1.9971068,2.002279,1.571694,3.0726266,2.2613547,2.3801186,2.025702,1.999092,4.6529093,3.4622192,3.9642828,3.8558142,1.3883249,2.177816,2.2205546,2.185689,2.4347875,2.8823426,2.7933066,2.7969415,3.891402,3.8280838,2.5292864,2.356951
17,1.2696763,1.5086237,1.1088511,1.2861441,1.2917854,1.276951,1.5603688,1.03286,2.5325065,1.8745759,1.8126562,1.8566822,3.7154644,1.6353878,1.9378878,1.0709373,1.0732917,0.0,2.1207013,1.0301197,1.8878804,1.8680875,2.189189,1.8934369,1.6194887,1.8598474,2.160835,2.188012,1.9330478,1.8283722,1.6770557,1.0981714,3.483651,3.5123808,3.2187119,2.935816,3.3901474,3.502465,3.3924448,3.3832943,2.921913,3.0881789,3.3751872,2.7830756,2.5421016,2.5789976,2.882051,3.0460896,3.460961,3.493822,3.5575883,3.535728,3.7484076,3.835278,4.1406116,3.9469502,3.7762604,3.0798364,2.9479573,2.6133614,4.077403,4.0628576,2.6033225,3.5448976,2.501566,2.2476046,2.3541982,2.5234487,2.166295,2.2460093,2.1041555,2.5108316,2.497254,3.497374,2.1595619,2.443796,2.5508175,2.4480875,1.5085233,2.550374,1.9508139,2.0070682,2.1313167,1.8217834,1.4171563,1.3881985,1.355058,1.4700247,3.6971123,3.4852726,3.7876155,3.2966368,2.8644881,3.046592,3.8877754,3.958599,2.5512733,2.6524405,2.1316442,3.071822,2.031375,2.836923,2.0007617,2.3096287,2.6291184,2.1890569,1.9982375,3.235615,2.485951,2.4951634,2.362421,2.3117821,4.9709067,3.5890777,4.290684,4.203054,1.775361,2.5033314,2.4705777,2.4341927,2.6424809,3.1952062,3.0906317,3.0809205,3.8521612,3.9530156,2.659342,2.3213322
18,2.5822577,2.9931538,2.1543825,2.2348084,2.255594,2.230317,2.4281778,2.1288438,3.6269724,3.2707722,1.188982,1.1558611,3.650049,1.6462059,2.5378544,2.0805016,2.028047,2.1207013,0.0,1.9272916,2.4338665,2.4191587,3.3702695,2.6564372,3.0316434,3.3290925,3.2418787,3.2646677,2.6293674,2.9783182,1.8966396,2.1247997,3.8196518,4.041244,3.7510579,3.82257,3.9200792,3.5628572,3.915804,3.913422,3.6719182,3.7242951,3.8519423,3.3742716,2.4340494,3.1806552,3.403504,3.5686204,4.1471014,3.9528093,4.030759,4.0192556,3.8161924,3.870439,4.1830945,3.9905055,4.173759,3.4829164,2.9144437,3.0383887,5.267476,5.2557354,3.1110091,4.4125094,2.9216383,2.9336042,3.7939487,2.9441862,3.3425825,3.6125424,3.1019077,3.9489202,4.0464215,4.6588373,3.0104463,3.6466475,3.5964231,3.6142871,2.5821147,3.3119757,3.368486,3.3861423,3.3967228,3.3113608,2.3727205,2.3500478,2.200319,2.2590997,4.3867035,4.2292256,4.4704447,4.1023464,3.689194,3.77276,4.860941,4.737889,3.6110737,3.6542783,2.7918594,4.1450844,3.2528107,1.9892734,2.2393882,1.9667646,2.8910625,2.9233913,3.0968363,3.9069693,3.4346018,3.1486888,2.9425752,2.93481,5.8939505,4.9081535,5.1291857,5.016227,1.9978801,3.974344,3.9287696,3.9083326,2.5481853,2.9975755,3.4636376,3.4557598,4.549068,4.173936,3.320052,3.170041
19,0.7290737,1.6344475,0.46692973,0.967329,0.8459092,0.93003464,1.1838675,0.40871555,2.3602064,1.6923974,1.5252478,1.5844848,3.6639647,1.9383456,1.6375865,0.46992502,0.34316266,1.0301197,1.9272916,0.0,1.5982776,1.5734249,2.0404415,1.7480342,1.2153777,1.500567,1.818405,1.8026042,1.7228134,1.4652741,1.4444219,0.6521317,3.458917,3.5367882,3.2522593,3.00106,3.4414518,3.5565815,3.4385405,3.4333463,2.6668952,2.9824066,3.3306782,2.5791123,2.424927,2.458729,2.6476302,3.0616512,3.6435056,3.3731902,3.3909109,3.379565,3.7000062,3.774103,4.08724,3.902146,3.2094479,2.979586,2.8726885,2.5012105,4.038145,4.0244274,2.512955,3.476483,2.215258,2.251953,2.4881701,2.2313879,2.328083,2.4058495,2.3298743,2.6073594,2.6731353,3.4906797,2.4138155,2.672371,2.6284657,2.6650677,1.7707201,2.7354317,2.1793118,2.167629,2.3000321,2.095425,1.745909,1.7182412,1.6647632,1.7609274,3.6068115,3.4111485,3.71194,3.1405392,2.7904263,2.9641643,4.0421343,4.0293155,2.3180454,2.4811523,1.8581575,2.9180405,1.5926123,2.657466,2.2619677,2.0448842,2.088109,2.055692,1.6906303,3.1175346,2.369074,2.445524,2.1017659,2.0741787,4.863674,3.601405,3.99316,3.9227707,1.5386779,2.354747,2.3387115,2.308547,2.4145458,2.9199052,2.8143098,2.8184352,3.9251869,3.8911357,2.6417572,2.396601
20,1.678509,1.7809722,1.3671606,1.3111982,1.516623,1.4680208,1.843525,1.4114535,1.8851293,2.0807176,2.0534785,2.0849414,3.654435,2.4235013,2.0623152,1.3984038,1.5236034,1.8878804,2.4338665,1.5982776,0.0,0.045309547,1.4322621,1.0690545,1.6468961,1.8817757,1.9975414,2.0596128,2.1693032,1.5566571,1.6413903,1.4314532,3.4509284,3.5315921,3.3403854,3.0571234,3.5732136,3.6634972,3.5650322,3.54128,2.4657376,2.881568,2.8167808,2.6494968,2.4510734,2.3826191,2.7088435,2.9721196,3.5399451,3.2304842,3.3262358,3.3452263,3.6258838,3.6440978,3.9748907,3.826653,3.117014,2.772647,2.7111402,2.4849393,3.9018075,3.893804,2.118076,3.4210885,2.2627976,2.3640242,2.487499,2.150494,2.4757197,2.457195,2.4146683,2.7016327,2.9954438,3.7515616,2.8828318,3.3855844,2.5260653,2.7597709,2.386487,3.1480196,2.3266518,2.1320944,2.2486687,2.2297208,2.0951557,2.081415,2.038667,2.110986,4.1909995,3.985026,4.227979,3.9854016,2.749802,2.796271,3.8367288,3.454981,2.4331005,2.417198,2.038113,2.8115501,1.9962507,2.9256518,2.7852569,2.5300646,2.455921,2.303517,2.1449974,3.3800745,2.5711253,2.6338754,2.455447,2.4559646,4.726645,3.6085691,4.032861,3.8595698,1.5459675,2.4265294,2.513808,2.4957573,2.525787,2.8338625,2.9518075,2.952984,3.9304526,3.6838338,2.4581604,2.6482604
21,1.6540663,1.7580111,1.3415539,1.2830242,1.4927884,1.4436529,1.8231561,1.3869977,1.8817579,2.0593047,2.032904,2.0650988,3.6569126,2.4044886,2.034612,1.3720263,1.4963586,1.8680875,2.4191587,1.5734249,0.045309547,0.0,1.4285182,1.0647408,1.6266394,1.8678083,1.9865464,2.049177,2.1585188,1.545789,1.6270773,1.4083507,3.4599764,3.54165,3.3468997,3.061227,3.5800588,3.6708686,3.57128,3.547689,2.4775774,2.8907816,2.8220522,2.6542037,2.4551485,2.3886683,2.7085202,2.9807947,3.5548296,3.2453134,3.3307242,3.349014,3.6331997,3.6473243,3.9794323,3.834262,3.1214342,2.7732654,2.7157135,2.4884253,3.8996508,3.8913302,2.1203713,3.4208484,2.2673252,2.3689513,2.4869769,2.1584384,2.4773972,2.456737,2.4122357,2.7016728,2.983555,3.7492425,2.8764372,3.3705993,2.5233388,2.7541125,2.374323,3.140642,2.3210368,2.1275847,2.2434762,2.2222118,2.0819957,2.0677152,2.0267358,2.0995593,4.1706877,3.9647152,4.210147,3.9653351,2.7336764,2.7867322,3.8258471,3.4571097,2.4293435,2.4119425,2.031599,2.8053675,1.9794935,2.9157166,2.7762926,2.5205314,2.4435024,2.305169,2.1255178,3.3630214,2.5636957,2.627525,2.453306,2.4559124,4.7204566,3.598516,4.0363426,3.8598921,1.5301635,2.4095454,2.5001447,2.481796,2.5308487,2.8307757,2.957772,2.9591992,3.9348068,3.690061,2.4517827,2.6439004
22,1.7527785,1.9233227,1.7171725,1.6862853,1.546608,1.5246613,2.2479353,1.7280192,1.0541155,1.341145,2.7773862,2.8217854,3.9571626,3.2387118,2.3355868,1.7649035,1.861363,2.189189,3.3702695,2.0404415,1.4322621,1.4285182,0.0,0.8920329,1.4750737,1.5102706,1.5385033,1.6355824,2.5696201,1.4332196,2.0801225,1.758356,3.7483096,3.7750356,3.601533,3.0852954,3.835998,4.129196,3.8415127,3.7983422,2.482702,3.0568836,2.966467,2.8601081,3.0305727,2.505771,2.851748,3.181955,3.5322585,3.3236287,3.4185588,3.4291565,3.9727101,4.130153,4.0995326,4.0965242,2.9028862,2.9073575,3.0213704,2.56729,3.2803707,3.2723677,2.0710893,3.0419645,2.2526126,2.3203406,2.0671248,2.1413639,2.3126092,2.0941057,2.4872344,2.1861947,2.5047534,3.142476,2.565576,2.7682528,2.0431185,2.3174584,2.3874958,2.9681292,1.9600418,1.7089686,1.8266004,1.7850231,2.2288885,2.2185974,2.2981088,2.3166144,4.1225953,3.9087565,4.036299,3.9343305,2.9832463,3.0743876,3.764965,3.539832,2.2876704,2.197342,2.1666858,2.6579373,1.7420588,3.6120944,3.2042415,3.110018,2.2668326,2.0287292,1.7703735,3.0166712,2.5755904,2.8433673,2.4506378,2.3438637,3.8300688,3.1592996,3.566364,3.380576,1.986069,1.6801527,1.855982,1.8327327,3.096021,3.5239532,3.2757518,3.2778227,3.8449807,3.7936056,2.4876819,2.6827652
23,1.7470152,1.9734191,1.4887785,1.4345546,1.2761904,1.2170055,2.092471,1.4868873,1.4751236,1.6357657,2.0635817,2.0958238,3.5509043,2.704933,2.148031,1.4962051,1.5811143,1.8934369,2.6564372,1.7480342,1.0690545,1.0647408,0.8920329,0.0,1.689158,1.8383276,1.6995655,1.8100711,2.2570593,1.5210835,1.520525,1.4873979,3.457307,3.5427194,3.3456068,2.9891014,3.5840244,3.7196827,3.5829282,3.5458128,2.5314724,2.9990048,2.881017,2.7761922,2.604346,2.383913,2.7105749,3.0215776,3.4131029,3.2042723,3.3256516,3.334564,3.5801938,3.7351496,3.7311747,3.7021496,2.985333,2.6981678,2.587209,2.280233,3.5660055,3.5586617,1.7282028,3.0764816,2.025674,2.0856857,2.3145866,1.9278473,2.2794552,2.2208128,2.314895,2.4373636,2.8257651,3.3885272,2.3208354,2.7853942,2.0416677,2.3579597,2.1472502,2.7601047,2.0875595,1.8710895,1.9070781,1.8378685,1.8730828,1.859255,1.8786473,1.8790581,4.0786157,3.8746963,3.9838226,3.9064093,2.9977,3.0286536,3.8620389,3.587998,2.4037395,2.298949,2.015978,2.8598087,2.0263834,3.147921,2.7044282,2.5650747,1.9781079,1.9480659,1.8861681,2.8936603,2.577107,2.6976557,2.3106492,2.207695,4.150424,3.4247725,3.824085,3.638963,1.3959353,2.1849673,2.295855,2.2726245,2.6625042,3.1251152,3.0484455,3.0446825,3.7770028,3.5659387,2.3292377,2.4923255
24,0.6511393,1.3956577,0.92725915,1.1321259,1.1617905,1.2231109,1.469081,0.99730116,1.924497,1.2883658,2.4147346,2.476153,4.0835924,2.8008668,1.8060055,1.0270712,1.0732094,1.6194887,3.0316434,1.2153777,1.6468961,1.6266394,1.4750737,1.689158,0.0,0.46909818,1.4368166,1.444485,1.9948183,1.0517416,1.951539,1.0914534,3.6706672,3.670041,3.462287,2.974913,3.6671038,4.000925,3.6606832,3.6510928,2.5074193,3.0254312,3.2372127,2.6477857,2.9900212,2.5443506,2.623027,3.2063189,3.716971,3.389223,3.5074072,3.5036137,3.9593222,4.016198,4.2933364,4.162542,2.9088964,2.9828637,3.197018,2.6411152,3.4274745,3.4178636,2.5623379,3.2430913,2.4836147,2.5627487,2.1896706,2.439874,2.3635666,2.2066483,2.4766388,2.2706022,2.2902505,3.3067868,2.7812216,2.7705472,2.491892,2.5908554,2.2135978,3.0480957,2.065006,1.9376316,2.1095715,1.8168837,2.1940424,2.178809,2.1858785,2.267596,3.5879765,3.3464196,3.678564,3.1357958,2.6243849,2.831235,3.8087325,3.8118165,2.1448324,2.254259,2.0776157,2.5384448,1.1830846,3.5519025,3.0242248,2.8671005,2.2756321,2.3152308,1.5539774,3.0425003,2.2132037,2.6008277,2.2111356,2.2142732,4.446514,2.9864638,3.6882753,3.5778472,1.9900926,1.4998018,1.6124245,1.5713474,2.9771662,3.36281,3.053312,3.0617545,4.0132823,4.0875845,2.7149916,2.6410224
25,0.9511834,1.5359982,1.2636005,1.488331,1.341342,1.4095831,1.6649815,1.2825047,1.8983004,1.3388197,2.6973913,2.758419,4.156079,3.0502791,2.0922008,1.3292122,1.3812202,1.8598474,3.3290925,1.500567,1.8817757,1.8678083,1.5102706,1.8383276,0.46909818,0.0,1.2465482,1.2288934,2.179808,0.9706927,2.123356,1.3232853,3.726465,3.693615,3.5039213,3.0156538,3.693189,4.0738974,3.6936595,3.685376,2.4093058,3.0579605,3.3579984,2.6888602,3.1336122,2.5729876,2.648086,3.2481956,3.721766,3.4112213,3.5506628,3.5481865,4.0478683,4.116738,4.355193,4.244454,2.8305123,3.159172,3.312075,2.6832962,3.322841,3.314887,2.680236,3.210699,2.4569287,2.528411,2.0804794,2.4091287,2.3270333,2.133958,2.5657644,2.1368382,2.1910057,3.0626826,2.852076,2.7946277,2.433793,2.6398249,2.305164,3.1032116,2.031929,1.9297699,2.1260283,1.808972,2.3293953,2.3170078,2.3421063,2.4133403,3.6405177,3.3965077,3.7032273,3.114282,2.716594,2.8231308,3.9198406,3.881668,2.1438425,2.2941475,2.1571043,2.5739367,1.2172589,3.7873623,3.175179,3.0494,2.3823805,2.3866768,1.6070615,3.0626993,2.1959953,2.6733646,2.2768784,2.2618759,4.2767553,2.9513912,3.3750408,3.3174393,2.181789,1.5211251,1.5969782,1.549777,3.141728,3.5250497,3.117218,3.1238806,3.9837093,4.147732,2.8309543,2.6859863
26,1.5871425,1.775698,1.6455415,1.7281907,1.2799196,1.2631718,1.9417908,1.6051351,1.92926,1.6843959,2.6699126,2.7148259,4.013772,3.035605,2.239204,1.5943692,1.6605026,2.160835,3.2418787,1.818405,1.9975414,1.9865464,1.5385033,1.6995655,1.4368166,1.2465482,0.0,0.261978,2.4786594,0.9066167,1.762427,1.4518273,3.7070518,3.7346416,3.5194416,3.2119777,3.704009,3.9385993,3.7262568,3.6986675,2.266571,3.2270055,3.236721,2.7690392,3.018607,2.4893181,2.7169743,3.2312596,3.5393405,3.290707,3.4227436,3.4229531,3.9217472,4.0208406,4.0432577,4.1002626,2.7418962,3.3510108,3.035693,2.5443065,3.6187556,3.611225,2.5776644,3.4614134,1.949525,2.0768383,2.0894125,1.8956432,2.2606518,2.1105354,2.6045935,2.2049246,2.1674857,2.3869925,2.550589,2.5396228,1.8987595,2.5315628,2.0589714,2.8880565,1.8572875,1.778405,1.928894,1.6506593,2.0629563,2.0468788,2.0858045,2.1476033,3.3867335,3.1436675,3.4118679,2.9505773,2.7152615,2.5518334,4.1015716,3.9904525,2.3496716,2.313075,2.0618243,2.7804956,1.5028262,3.4235547,2.9749672,2.8074389,2.1962502,2.1778162,1.4876589,3.1143532,2.1210296,2.502203,2.1087587,2.07613,3.676535,3.3699467,2.5822437,2.43652,1.8872418,1.9576453,1.8569492,1.8069651,3.0154614,3.35603,3.0720963,3.0676935,3.9136906,4.011376,2.686137,2.6686416
27,1.5597483,1.8484247,1.6565005,1.796444,1.2979184,1.3177148,1.9474007,1.6162354,1.9522197,1.6984751,2.7412546,2.7876382,4.0664835,3.0648313,2.2777789,1.6069131,1.6636066,2.188012,3.2646677,1.8026042,2.0596128,2.049177,1.6355824,1.8100711,1.444485,1.2288934,0.261978,0.0,2.4289007,1.0229213,1.8211763,1.499048,3.6945813,3.7221336,3.5072753,3.2162397,3.6752102,3.9130976,3.700588,3.676072,2.3178802,3.2628746,3.3620067,2.795037,3.0662506,2.536285,2.798064,3.277306,3.6037147,3.343147,3.4277158,3.4278371,3.9209795,4.0246224,4.0441284,4.096507,2.732683,3.416423,3.1247213,2.6054018,3.709721,3.7027488,2.6848035,3.515838,1.9866301,2.1235044,2.123936,1.9451587,2.2754261,2.1526766,2.658533,2.2091696,2.1578236,2.3462956,2.564809,2.5579672,1.9468867,2.5754824,2.0797582,2.9012923,1.8881329,1.8390528,2.0108805,1.7746402,2.1378577,2.119414,2.1351678,2.2014906,3.4839597,3.2568178,3.5001504,2.9911318,2.7564335,2.605089,4.1587076,4.0554314,2.3061032,2.3291402,2.084817,2.8018954,1.488683,3.420525,2.9775646,2.7949915,2.240423,2.1766582,1.5149273,3.1819172,2.1448984,2.5211108,2.1259496,2.0787952,3.7393172,3.4847202,2.5376287,2.4533541,1.965827,2.0291188,1.93889,1.8894414,3.0700352,3.4084013,3.0390887,3.03426,3.9680328,4.083988,2.7887964,2.6968586
28,1.7166268,2.2806742,1.6306173,1.7305893,1.8229302,1.8486402,2.1570673,1.6663034,3.034453,2.539242,2.2781172,2.307294,3.8367035,2.5050957,2.2026687,1.6246897,1.665553,1.9330478,2.6293674,1.7228134,2.1693032,2.1585188,2.5696201,2.2570593,1.9948183,2.179808,2.4786594,2.4289007,0.0,2.3846316,1.919674,1.8355105,2.5807335,2.6243362,2.3432572,2.376812,2.4548097,2.632162,2.4172878,2.431245,3.01073,3.1600537,3.3203533,2.8126476,2.917832,2.8678432,2.876208,3.1212873,3.7724109,3.5097587,3.7725158,3.7714772,2.510448,2.655818,3.0544307,2.7186797,3.237335,2.8351862,2.9480786,2.6560934,3.9659717,3.9631846,2.6453445,3.53161,2.6809058,2.7100282,2.9033384,2.745747,2.5594463,2.5898235,2.5031502,2.7710795,3.0099165,3.8122501,2.622355,2.9429538,2.8058128,2.9758916,2.265777,2.971363,2.6519213,2.5479436,2.571046,2.408621,2.2619574,2.2443447,1.929821,2.0054665,3.7153165,3.6421099,3.744549,3.4119139,3.1287336,3.2829895,4.1757627,4.0853934,2.1024444,2.1977353,2.3748932,2.564821,2.410132,3.3378391,2.2138016,1.9998326,2.6061883,2.827386,2.3664606,3.5031288,2.6550205,2.7357187,2.5465472,2.4623141,4.9633255,3.6783934,4.3204074,4.2358494,1.8209169,2.676768,2.7499228,2.7312913,2.763949,3.2138946,2.1615565,2.1433854,4.087614,3.955884,2.7670765,2.533337
29,1.2909341,1.3902045,1.2744888,1.3751559,1.2422129,1.2102321,1.5578768,1.2304374,1.9432011,1.6416609,2.3165455,2.3688693,3.7848094,2.7526066,2.109681,1.2830583,1.3733429,1.8283722,2.9783182,1.4652741,1.5566571,1.545789,1.4332196,1.5210835,1.0517416,0.9706927,0.9066167,1.0229213,2.3846316,0.0,1.7943579,1.0984724,3.6600988,3.648597,3.4417262,3.0938983,3.6572804,3.9289725,3.66438,3.6439924,2.0163796,2.878651,3.002999,2.5107803,2.7171583,2.3062875,2.432848,3.013974,3.4280522,3.1448665,3.2853177,3.2898095,3.9628747,4.0044923,4.2763257,4.1855083,2.8559031,3.1556828,2.922592,2.4616039,3.458143,3.446318,2.3645205,3.2593706,1.9886987,2.0776393,2.000084,1.9142214,2.2009199,2.0409563,2.462298,2.2117217,2.4433823,2.8876185,2.784576,2.8740304,2.2281647,2.5182207,2.122792,3.023156,1.9277041,1.7952284,1.9485283,1.6137933,1.9758531,1.9654281,2.055523,2.1242547,3.4534023,3.193068,3.5780804,3.0699105,2.567498,2.4653964,3.8556461,3.6667867,2.2745376,2.2867255,1.9011389,2.715131,1.3068678,3.402277,2.9181726,2.7646112,2.2541895,2.1996684,1.5845425,3.0745637,2.1125271,2.4756463,2.1532097,2.1904051,4.1682525,3.0756752,3.0550869,2.9020934,1.829613,1.8463851,1.7256248,1.6866466,2.6780794,3.053491,2.9839177,2.989487,3.733508,3.7927165,2.521344,2.5628881
30,1.7104115,2.0652483,1.4120252,1.3778487,1.0244836,0.90920085,1.8767431,1.3466847,2.51571,2.1827528,1.6282046,1.6378747,3.2397637,1.9869554,2.0080254,1.2818904,1.2634379,1.6770557,1.8966396,1.4444219,1.6413903,1.6270773,2.0801225,1.520525,1.951539,2.123356,1.762427,1.8211763,1.919674,1.7943579,0.0,1.156069,3.1843846,3.3699653,3.0900087,2.9121852,3.3076844,3.215728,3.3135424,3.2926328,2.649843,2.9804916,2.9278965,2.5303571,2.1257057,2.1626596,2.3880646,2.8183014,3.2724514,3.0274012,3.3831475,3.3765588,3.1463516,3.254781,3.2781556,3.3061602,2.9009888,2.5888858,2.1507654,1.9523864,3.9670355,3.9620903,2.068871,3.4514697,1.7906584,1.877378,2.538481,1.7708027,2.2263298,2.3234458,1.9921113,2.6395912,2.7152011,3.4993649,2.1935725,2.652029,2.253091,2.921294,1.7910923,2.607637,2.1733646,2.182109,2.2262576,2.0574965,1.6449776,1.6304512,1.406853,1.5085016,3.5244644,3.2978888,3.4781168,3.159265,2.9110718,2.8674145,4.424269,4.108765,2.539895,2.482736,1.7879657,2.8799698,2.3062725,2.405524,2.2968338,2.031152,2.0813618,2.2087893,1.978682,3.2655866,2.374696,2.4201798,2.089308,2.0100849,4.2986345,3.7079237,3.9339461,3.7822862,0.7808002,2.7595139,2.850747,2.8118024,2.3105788,2.6994317,2.7715356,2.7571905,3.7016485,3.5273597,2.3274584,2.2174382
