,0,1,2,3,4,5,6,7,8,9,10,11,12,13,14,15,16,17,18,19,20,21,22,23,24,25,26,27,28,29,30,31,32,33,34,35,36,37,38,39,40,41,42,43,44,45,46,47,48,49,50,51,52,53,54,55,56,57,58,59,60,61,62,63,64,65,66,67,68,69,70,71,72,73,74,75,76,77,78,79,80,81,82,83,84,85,86,87,88,89,90,91,92,93,94,95,96,97,98,99,100,101,102,103,104,105,106,107,108,109,110,111,112,113,114,115,116,117,118,119,120,121,122,123,124,125,126,127
0,0.0,2.0699406,1.0404564,1.8338239,0.48885298,1.0672913,0.8889689,1.8152846,1.9260471,1.4992003,1.6551235,1.3259186,2.049208,2.644689,1.9887675,1.9967114,1.9835768,1.9077988,3.1014063,3.146931,2.526389,2.5172355,3.1226242,3.410337,1.0416354,2.4020958,3.1984625,3.0504105,2.6550164,2.7303278,2.6919286,2.3610969,2.0539615,2.1082714,2.603134,2.5876493,2.056858,1.5340894,2.0049326,2.1045084,2.1100032,2.8068087,2.246941,2.2798326,2.5583584,3.3683996,2.3462188,2.7361667,3.659125,3.6232781,3.618359,2.3431342,2.5664494,2.4332016,2.1718132,2.2180073,2.7226596,2.7720916,2.7324865,2.7027,2.4113016,1.9311138,2.2762861,2.2531393,2.249701,2.67955,1.843198,2.018773,2.4582279,2.4494433,1.6171087,1.7734597,2.3073936,2.023572,1.7263585,2.3691797,2.8824515,2.1506224,2.1008706,2.0048633,1.9460847,1.9151812,1.946967,2.3760824,2.6404724,2.7839053,2.0841649,2.0978189,1.9287269,1.8646874,1.7148699,2.6443768,1.6973932,1.6130767,1.8904153,1.5804819,2.648051,2.7994523,2.755436,2.7472832,2.979822,2.6234198,2.5888772,2.7391648,2.4605875,2.5001702,2.8805163,2.8151057,2.479987,2.7231557,3.141106,2.4875252,2.4489315,2.6165235,2.5849655,2.3962243,2.548697,2.2224245,2.4332895,1.9869635,1.9865938,1.5438151,2.0067961,1.9935561,1.9674662,1.9575536,2.0483742,2.0226345
1,2.0699406,0.0,1.6940082,2.135223,2.1939528,1.589581,2.1864429,1.2993315,2.8722517,2.695801,2.8994179,2.6195178,2.9733098,3.3766484,2.877224,2.6845129,2.2803848,2.738527,2.844896,2.9125133,3.406049,3.4036498,3.8521802,4.1094847,1.9795804,2.072134,2.5841513,2.18541,2.091701,2.2039886,2.0668323,1.5702562,2.2689505,2.3265722,2.7164385,2.7340796,3.0241768,2.7524939,2.5744128,2.79946,2.400387,3.2925563,2.592746,2.7118597,3.0355592,3.7221334,2.6606388,3.0059059,3.880607,3.850381,3.8333359,2.9628384,3.1532693,3.10039,2.8301487,2.409461,2.9407377,2.9839036,3.0649257,3.2416685,3.1242573,2.848925,2.8881056,2.9114206,2.6893365,3.0857532,2.2585983,2.4902418,2.776098,2.7659066,1.9851451,2.0069234,2.7042851,2.2696583,2.1972227,2.757531,2.8856456,2.2944365,2.309712,2.229369,2.4606757,2.3994026,2.4920287,2.869725,2.7788913,2.8958046,2.199993,2.2364213,2.4560473,2.3864603,2.327972,3.077233,2.2797754,1.8204745,2.2019413,1.8452547,2.9756076,3.0420094,2.9105494,2.8820107,3.246262,2.9452667,2.7691252,3.0758877,2.6536055,2.8915205,3.2792158,3.1964865,2.9209964,3.1018286,3.1050432,2.9114625,2.9372387,3.0755854,3.1013517,2.915016,2.7124941,2.5044947,2.660284,2.52658,2.107186,1.7147112,2.3215265,2.2934172,2.1566327,2.150817,2.209748,2.1958945
2,1.0404564,1.6940082,0.0,1.345736,1.1285675,0.50197506,0.8315315,1.126244,2.096738,1.7493862,1.9628115,1.6600987,1.8833762,2.4433389,2.0042837,1.8766979,1.8798653,2.013814,2.5959911,2.602568,2.36041,2.3481915,2.9264603,3.2616723,0.9063717,2.2069194,2.6970034,2.4893844,2.281355,2.3597212,2.3241322,1.8883481,1.8702278,1.8546615,2.4234145,2.41062,2.2877011,1.9459605,1.693062,1.8470358,1.7979994,2.7277904,2.1449332,2.2469969,2.454128,3.3505476,2.2913465,2.6210368,3.3571138,3.3186648,3.187245,2.221476,2.457314,2.3162854,2.1451504,2.0189233,2.1583312,2.1619911,2.207165,2.2833397,2.2747362,1.9364716,2.0156627,2.0017622,1.8881103,2.3639405,1.4240515,1.6222086,2.1400201,2.1289835,1.2848171,1.403965,1.9900546,1.7317892,1.8530321,1.9737155,2.5167184,1.8377119,1.8540919,1.7475957,1.532668,1.3746309,1.4944026,1.9966357,2.198793,2.501919,1.6625777,1.687298,1.527214,1.4685006,1.2795522,2.3267422,1.2365535,1.1287553,1.5016116,1.1414363,2.3526292,2.4420466,2.3851461,2.3402257,2.704321,2.1921482,2.1727057,2.1932843,2.0319173,2.0896463,2.5164595,2.4366848,2.1741488,2.4377081,2.9346569,2.1775916,2.0421636,2.2376103,2.2534873,2.0188098,2.1007333,1.7959388,1.991696,1.6227072,1.6023836,1.1073794,1.9389522,1.924681,1.7086288,1.7002913,1.7446605,1.7220498
3,1.8338239,2.135223,1.345736,0.0,1.7845969,1.4183016,1.5988635,1.6813946,2.367168,2.0900583,2.410179,2.1619813,2.2235742,2.6647067,2.4587004,2.307207,2.315576,2.4082522,2.8642433,2.8860428,2.7383041,2.7103105,3.2190175,3.1889095,1.7415876,2.6688347,3.3943706,2.84789,2.6070733,2.6918404,2.5665178,2.3615444,2.1180074,2.135565,2.595417,2.599263,2.1540415,2.138366,1.768441,1.9766406,2.0251255,2.927301,2.3769186,2.2782025,2.8519037,3.3275437,2.4851105,2.927641,3.223988,3.1786644,3.2162685,2.136412,2.40465,2.1763728,1.9616655,1.7402272,1.987646,2.021878,1.7205719,2.7001338,2.0495255,1.7237886,1.711235,1.7421077,2.1919584,2.571168,1.8168747,1.964125,2.3822205,2.3766627,1.6849301,1.7714075,2.0765142,2.062379,1.9118072,2.0854523,2.366,2.1396508,2.1594892,2.1575575,1.9990342,1.5307235,1.6953852,2.306144,2.5531347,2.7883434,2.043585,2.1050234,1.939235,1.705674,1.7644379,2.4887407,1.6634132,1.3953314,1.8915386,1.5979223,2.5436797,2.5988886,2.7127242,2.6543975,2.8992908,2.5532124,2.1801097,2.6879632,2.4066684,2.4442449,2.9128098,2.82899,2.5238469,2.7796311,3.0813498,2.5246253,2.4427044,2.5670173,2.5893152,2.3654754,2.584581,2.3794405,2.4527707,2.095571,2.0170069,1.6222159,2.231876,2.2157242,2.0437703,2.037582,2.0906582,2.06118
4,0.48885298,2.1939528,1.1285675,1.7845969,0.0,1.0543101,0.93724275,1.9581116,2.0722594,1.5789689,1.6591963,1.3747257,2.07697,2.697959,2.1746104,2.0831282,1.9799336,2.0671375,3.2779515,3.3108141,2.5646636,2.5627794,3.2356544,3.500484,1.1147494,2.4703329,3.2780366,3.064958,2.7938824,2.85141,2.8088593,2.4574027,2.131223,2.1778245,2.5880547,2.5665858,2.0503726,1.5725331,2.0427842,2.1305444,2.2843711,3.0301833,2.5044532,2.5263107,2.7568862,3.4338648,2.5356345,2.878557,3.7387724,3.71281,3.7214038,2.3573825,2.6660948,2.4981608,2.2748373,2.3543668,2.690845,2.737219,2.69808,2.679251,2.341893,1.9141251,2.206084,2.193675,2.392478,2.8623827,2.022236,2.1636794,2.591339,2.581176,1.7692089,1.9583213,2.4076865,2.1777992,1.9145501,2.4379554,3.010052,2.3953788,2.3521574,2.2604246,2.1053877,2.0331004,2.0190606,2.5151129,2.715647,2.9824412,2.2032752,2.196401,2.0788789,1.9547588,1.8643507,2.8066905,1.8511662,1.7582079,2.0618675,1.7974054,2.7228699,2.8201447,2.8071246,2.7832415,2.9848132,2.7040575,2.5674193,2.8625376,2.4999576,2.5091417,2.9649744,2.866306,2.660214,2.7733283,3.1119843,2.6160114,2.541315,2.6889482,2.6717806,2.4755013,2.7279956,2.387749,2.5726714,2.1630192,2.1259766,1.7135582,2.1859117,2.1778731,2.1110716,2.0997026,2.1801925,2.1581573
5,1.0672913,1.589581,0.50197506,1.4183016,1.0543101,0.0,0.82047987,1.1316811,2.1528797,1.7851772,2.01493,1.7224321,2.0742772,2.6185973,2.161084,1.9899429,1.7789983,2.09564,2.634816,2.6500974,2.6216915,2.6155367,3.2184823,3.519575,0.85998654,2.1746054,2.7438078,2.461981,2.284622,2.3597322,2.2117002,1.7469014,1.8417408,1.8354541,2.3414855,2.328534,2.333105,1.9884937,1.8350716,1.9758168,1.906079,2.791302,2.1817749,2.2785306,2.4587717,3.2036436,2.2787771,2.6062398,3.3108442,3.2764544,3.238255,2.3159204,2.5385542,2.4164581,2.1266062,2.0236616,2.4146073,2.4216154,2.4475234,2.5037308,2.345458,2.049071,2.1428337,2.132231,1.9301175,2.4610791,1.4797829,1.6510667,2.1669972,2.1549692,1.2909695,1.4817119,2.0119145,1.7430702,1.915079,2.0466712,2.656574,1.9707011,1.9700843,1.8842524,1.6177802,1.4751942,1.539987,2.0994606,2.3720915,2.6440985,1.7701638,1.7908616,1.6178948,1.4866066,1.3558904,2.456699,1.3602026,1.1813835,1.6059157,1.2624806,2.3769984,2.451782,2.4994192,2.4519813,2.6219864,2.2838671,2.1813834,2.4585748,2.1369004,2.0566065,2.6147015,2.4968631,2.2816303,2.4317214,2.8095927,2.218742,2.1329434,2.2969232,2.3144438,2.07706,2.3696938,2.0603824,2.2069993,1.7391891,1.65645,1.1525847,1.8812404,1.8764693,1.7365328,1.7303411,1.7617421,1.7392334
6,0.8889689,2.1864429,0.8315315,1.5988635,0.93724275,0.82047987,0.0,1.74955,1.7835426,1.3627627,1.8162017,1.4440289,1.781243,2.3269172,1.8302758,1.758237,2.050687,1.7992562,2.6194248,2.6363437,2.4545588,2.4401486,2.9842336,3.2847116,0.70926493,2.6041913,3.1693342,3.0131037,2.6797085,2.7085736,2.6448352,2.343288,1.9293718,1.9484888,2.5303822,2.5072877,2.0750546,1.6864556,1.7410364,1.8053054,1.8587134,2.7076266,2.1321805,2.193838,2.4572587,3.2610917,2.2615898,2.6292758,3.19725,3.1491525,3.0667133,2.181063,2.325706,2.1539464,1.9000177,2.073145,2.4677896,2.464813,2.4784014,2.4231596,2.1128857,1.8022674,1.9854442,1.929126,1.9843593,2.4042447,1.5326468,1.7060343,2.2060032,2.1942112,1.2897683,1.5202814,2.1014745,1.8133978,1.9265916,2.1118407,2.6457815,1.9139944,1.891131,1.8526783,1.6822863,1.5101018,1.580317,2.1116495,2.4652364,2.6324766,1.902154,1.9191322,1.7065651,1.5665811,1.4343022,2.3876185,1.4235137,1.3213016,1.6639799,1.3625791,2.4894614,2.5895236,2.626579,2.5895097,2.7699573,2.3669584,2.353959,2.4622302,2.2949047,2.246293,2.742033,2.6683419,2.291948,2.5720973,3.0499475,2.2799866,2.1764119,2.3473423,2.319747,2.101567,2.3841684,2.1035378,2.2338657,1.7642418,1.7914279,1.3564363,1.9898282,1.9889485,1.8414103,1.837566,1.8723426,1.8499303
7,1.8152846,1.2993315,1.126244,1.6813946,1.9581116,1.1316811,1.74955,0.0,2.5857522,2.268881,2.6125672,2.3491678,2.4512908,2.8633974,2.4180892,2.2554018,2.0607684,2.3111703,2.4483604,2.462345,3.141246,3.1323962,3.5004308,3.7746053,1.5625224,1.7811798,2.3708436,2.0951748,1.711179,1.7637826,1.7036835,1.1170362,1.8553683,1.8293847,2.4846563,2.4862175,2.6890888,2.4688227,2.0722191,2.325053,1.7911105,2.5461237,2.0674853,2.1958117,2.3808918,3.2231765,2.1999314,2.5293524,3.6280105,3.5812552,3.4703734,2.6639583,2.9223454,2.8292825,2.4931247,2.0612316,2.4370832,2.4583056,2.4490912,2.7495918,2.6937008,2.4379516,2.5139632,2.5133467,1.9509575,2.3089004,1.4912657,1.6906776,2.0726388,2.0663514,1.4415913,1.4964993,2.0828972,1.7912724,1.9669027,2.1078007,2.513493,1.7891161,1.8182931,1.6919291,1.5826529,1.4649886,1.5776634,2.0643213,2.3351347,2.4160633,1.7105385,1.7391819,1.5690072,1.4841417,1.3401784,2.2683058,1.2977517,1.2034435,1.6211307,1.2019931,2.4705274,2.5416462,2.6758366,2.6275737,2.7710104,2.325565,2.3271265,2.3333066,2.2804909,2.203838,2.7517571,2.6714618,2.2946095,2.627737,3.081483,2.263799,2.0837774,2.2360396,2.2882023,2.0366988,2.2353377,2.068303,2.1942506,1.6777618,1.557793,1.1308641,1.9651825,1.9373412,1.6606302,1.6603436,1.6726896,1.6601237
8,1.9260471,2.8722517,2.096738,2.367168,2.0722594,2.1528797,1.7835426,2.5857522,0.0,1.4199497,2.5469859,2.2589617,2.1997411,2.3713315,2.0278893,1.9498568,3.4259417,2.0667841,3.067395,3.1332297,2.797618,2.7585027,2.873787,3.0048368,1.9881352,3.157825,3.6057327,3.8839254,2.9727256,2.9354422,3.2329497,3.0062895,2.3504872,2.445783,3.3911834,3.357845,2.00582,1.8191197,2.3473551,2.568149,2.2596138,2.81408,2.4533737,2.4520988,3.014107,3.728962,2.6917353,3.6410306,4.0946407,4.0140815,3.9076283,3.0144968,3.0606942,2.6144483,2.3719826,2.498704,3.1873724,3.1872447,3.09496,3.1693568,2.4534643,2.2324824,2.5196865,2.451328,2.6174316,2.5758793,2.0588262,2.2529624,2.5490367,2.5438838,2.0826468,2.3555226,2.6689222,2.6807284,1.6870866,2.5585954,2.8040743,1.967259,1.9202017,1.9390242,2.5562894,2.3398998,2.237661,2.9132097,3.3370628,2.9148917,2.7318435,2.7411516,2.5973842,2.1409445,2.284357,2.6637466,2.2930121,2.233671,2.610696,2.2414625,3.1170888,3.214737,3.4231312,3.374357,3.1936939,2.8266525,3.3734415,3.1828885,3.4128933,3.4125836,3.9525795,3.826308,2.5855153,3.2962217,3.7177033,2.581627,3.512143,3.6350584,3.5529556,3.3928232,2.9831774,3.0235713,3.0790915,2.6571443,2.6275306,2.35165,2.8984838,2.8958442,2.626492,2.6342454,2.6874473,2.668223
9,1.4992003,2.695801,1.7493862,2.0900583,1.5789689,1.7851772,1.3627627,2.268881,1.4199497,0.0,2.1005216,1.931916,1.7501303,1.9874547,1.6356635,1.5319045,3.0221734,1.286935,2.8166323,2.8692214,2.9354472,2.9189126,2.948272,3.1366854,1.5860251,2.8261101,3.6794784,3.7020102,2.9092293,2.578331,3.0911117,2.7990882,2.0265212,2.0649908,3.1499257,3.1153655,1.4153783,1.2767036,1.9676915,2.2511556,1.8248314,2.5733256,2.2901475,2.2261832,2.9045181,3.574463,2.3962078,2.821338,4.122398,4.046204,3.8363,2.7080674,2.8977907,2.354776,2.1290839,2.2895052,2.7192683,2.7469683,2.6724873,2.8000975,1.954343,1.7305189,2.0966907,2.0032215,2.7025917,2.4825225,2.2058957,2.4046657,2.7004912,2.6911037,1.6474532,2.077081,2.8519654,2.5240815,1.7495447,2.7074826,2.6567085,1.7470632,1.6608881,1.6253133,2.363171,2.1066422,1.9192874,2.7688582,3.0436373,2.6575813,2.4735544,2.418141,2.3749316,1.8433832,2.0451484,2.3709486,1.9462779,1.9540484,2.3475804,2.012091,3.3629777,3.4042559,3.5938835,3.5288484,3.3787916,3.0665023,3.2089725,3.0391822,3.2005715,3.2421904,3.8598661,3.7652304,2.995681,3.5848322,3.97813,2.9450002,2.7638648,2.868443,2.8513093,2.620747,2.6450784,2.7605612,2.8440616,2.405155,2.2998133,2.013366,2.712299,2.6890688,2.317107,2.3217914,2.3709755,2.358827
10,1.6551235,2.8994179,1.9628115,2.410179,1.6591963,2.01493,1.8162017,2.6125672,2.5469859,2.1005216,0.0,1.3574631,1.8892844,2.3800724,2.0559254,2.1266873,2.4666665,2.0571818,3.1363354,3.1768346,2.400549,2.379583,2.6798599,3.0101967,1.7285268,2.509967,3.391681,3.2322679,2.83233,2.8957705,2.8775105,2.960636,2.0380962,2.0535152,2.5962508,2.5504534,2.08754,2.0979197,2.0463614,1.9341302,2.1958308,3.1441164,2.9517252,2.923721,3.4174223,3.6081455,2.348335,2.6329944,4.095239,4.06881,3.9812675,2.7779021,2.8904207,2.6452107,2.414044,2.5263236,2.7694197,2.7880464,2.7796183,2.6500347,2.168972,1.8079748,2.1852546,2.1909854,2.812749,3.1773827,2.4433665,2.5575755,2.8350985,2.8240755,2.1557598,2.0098946,2.8619232,2.6333754,2.4309385,2.994726,3.3042846,2.8263192,2.8081725,2.7467546,2.4808052,2.391561,2.351299,2.5357208,2.6252143,2.8515751,2.1142032,2.1349995,2.4540546,2.303075,2.2826371,2.816272,2.2673774,2.2206686,2.6086547,2.2462926,2.787105,2.9136932,3.20296,3.1968021,3.4367857,3.1582143,2.8264518,3.239037,2.9345522,2.9495556,3.287092,3.2993672,3.0243309,3.238956,3.5667114,3.057456,2.910628,3.0133073,2.9415598,2.7497463,3.0171812,2.7287998,2.9668007,2.5650358,2.1015131,2.1212485,2.501253,2.4817414,2.0451114,2.0324287,2.1304586,2.0925374
11,1.3259186,2.6195178,1.6600987,2.1619813,1.3747257,1.7224321,1.4440289,2.3491678,2.2589617,1.931916,1.3574631,0.0,1.5829493,2.1582727,1.4660468,1.7250879,2.1596253,1.7435272,2.7953672,2.8321989,2.6184294,2.5794985,2.918993,3.1718898,1.1499354,2.4917302,3.1381445,2.9512963,2.7525427,2.8591924,2.54338,2.6055017,1.9918617,2.1180794,2.5465496,2.5268264,1.7719839,1.6123627,1.7907789,1.6604,1.7959479,2.4600034,2.3256052,2.3734756,2.6699116,3.0598662,2.289408,2.4431937,3.7554827,3.7140064,3.756952,2.6201718,2.5831063,2.489795,2.2657886,2.3951757,2.5136564,2.5371063,2.4964771,2.4499602,2.362706,1.652356,1.9556046,1.9284999,2.3795114,2.7983108,1.9686089,2.1316538,2.1865342,2.1765268,1.9123671,1.6853149,2.4288187,2.100357,2.0651083,2.6101954,2.9452713,2.4503305,2.507393,2.4257581,2.066352,2.0534303,2.1039338,2.1675725,2.3462055,2.4995446,1.776629,1.7841247,2.0540435,2.0687332,1.9046056,2.4882348,1.8757316,1.7630048,2.1392624,1.7755601,2.4561257,2.7053277,2.881722,2.8660758,3.1764693,2.7623253,2.4981432,2.8072891,2.6387572,2.6989076,2.6467693,2.6029296,2.6140695,2.9362686,3.2606337,2.7121975,2.6231747,2.8159819,2.684367,2.5419986,2.681356,2.3187208,2.606254,2.2069814,1.8390048,1.8120052,2.1790733,2.1795182,1.7827388,1.7792091,1.8927138,1.8555562
12,2.049208,2.9733098,1.8833762,2.2235742,2.07697,2.0742772,1.781243,2.4512908,2.1997411,1.7501303,1.8892844,1.5829493,0.0,0.7684009,1.3409083,1.1551455,2.8588593,1.4822836,2.29226,2.2765517,2.2863512,2.271581,2.016957,2.3535488,1.5981292,2.5961337,3.1942968,3.2102358,2.6545267,2.4495034,2.9186554,2.927735,1.973383,1.9843192,2.9665415,2.9389026,1.7795836,1.7729079,1.3427956,1.2188154,1.4041724,2.3664372,2.4056916,2.4093392,2.9048743,3.1467707,2.2564547,2.6158762,4.078334,4.006427,3.5520785,2.64504,2.630888,2.3914616,2.5454738,2.6245625,1.7227396,1.6991621,1.7753594,2.0279136,1.9418359,1.6972582,1.8673512,1.7965336,2.4292943,2.3684366,2.0775242,2.1930418,2.2298915,2.216053,1.9666026,1.7288452,2.5846746,2.264386,2.15118,2.503658,2.4707718,2.037314,2.10236,2.0683734,2.106131,1.9869775,2.0388193,2.1478727,1.9434255,1.9995891,1.8244789,1.7668583,2.099224,2.0447466,1.9429034,1.941267,1.8046292,1.8531238,2.1904106,1.9449272,2.8835323,2.9171019,2.9269767,2.8095877,3.0832717,2.6993365,2.7597554,2.7181244,2.5090272,2.9046414,3.347449,3.2690806,2.719956,3.2814987,3.6095588,2.7330844,2.5492964,2.6589692,2.5689871,2.4202757,1.9192,1.9630413,2.1390038,2.2043092,1.839569,1.9364793,2.7144463,2.6983483,1.9280571,1.931404,1.9774505,1.9527097
13,2.644689,3.3766484,2.4433389,2.6647067,2.697959,2.6185973,2.3269172,2.8633974,2.3713315,1.9874547,2.3800724,2.1582727,0.7684009,0.0,1.418973,1.247506,3.5327346,1.6555372,2.2089558,2.2063518,2.6875875,2.6612103,1.958899,2.2656913,2.1734622,3.013999,3.492808,3.6276484,2.967024,2.5817754,3.2398107,3.2667685,2.349134,2.3464637,3.5134506,3.4853656,1.9520445,2.0985599,1.8111073,1.756852,1.5356153,2.4274416,2.598417,2.5937784,3.2312677,3.3550706,2.5775776,2.876837,4.431208,4.3394065,3.8333802,3.0746677,2.975561,2.6965282,2.8449342,2.9223819,2.0539203,2.012958,2.0897844,2.3457124,2.2336085,2.0767937,2.1857738,2.098665,2.831016,2.4224534,2.5068545,2.6180825,2.58399,2.5716577,2.3822234,2.1694436,3.032696,2.695778,2.4226615,2.8959734,2.4870844,2.0982645,2.1868956,2.1798275,2.5386846,2.3981075,2.4339051,2.5424235,2.3707206,1.9830505,2.2730896,2.2008078,2.5464623,2.4347384,2.3984807,1.9613112,2.2533927,2.315624,2.6194668,2.415542,3.4149654,3.435611,3.5249634,3.3908546,3.3984737,3.0716882,3.307356,3.0923405,3.107731,3.4613671,3.8824093,3.7772107,3.1007507,3.8332493,4.0866117,3.1056516,2.9629483,3.0497391,2.9523354,2.83765,2.158585,2.4716113,2.5927954,2.6541944,2.2834628,2.4389875,3.255103,3.2388413,2.3881204,2.4003274,2.4288657,2.4053628
14,1.9887675,2.877224,2.0042837,2.4587004,2.1746104,2.161084,1.8302758,2.4180892,2.0278893,1.6356635,2.0559254,1.4660468,1.3409083,1.418973,0.0,0.97235477,3.114135,1.2678984,2.092019,2.1614456,2.9962468,2.9422944,2.6064205,2.8082337,1.6153281,2.8078234,3.2892237,3.3169174,2.7983344,2.513221,2.6789327,2.6660497,2.1929066,2.2669783,3.3398988,3.3106682,1.6047915,1.5114082,1.8724974,1.8867159,1.1954309,1.9707218,2.01451,2.0012217,2.6673288,3.1728258,2.4611182,2.5088913,4.123202,4.0280857,3.8648593,2.9317372,2.8980985,2.794698,2.577929,2.6466343,2.5659819,2.5588536,2.4713748,2.6340306,2.5563583,2.0082133,2.209437,2.1102297,2.4434075,2.0976343,2.062855,2.234816,2.259933,2.2488744,1.978199,1.7712884,2.6662457,2.216849,1.8538623,2.6186152,2.3891451,1.6583894,1.7725662,1.673561,2.0917506,2.099133,2.1664715,2.2190511,2.4629896,1.7774652,1.969976,1.9035156,2.1221204,2.1343637,1.9435723,1.7774454,1.8530339,1.9026097,2.161762,1.9125042,3.1296916,3.305985,3.5436893,3.4651546,3.2948656,2.8051322,3.030724,2.6964552,3.155368,3.2089322,3.2470927,3.1347094,2.717166,3.5361695,3.8578293,2.7987485,2.616956,2.7982655,2.6769588,2.5819557,2.289743,2.4452045,2.6786063,2.2616649,2.0046933,2.0307543,2.82651,2.8219423,2.0124507,2.0304637,2.0979023,2.0663128
15,1.9967114,2.6845129,1.8766979,2.307207,2.0831282,1.9899429,1.758237,2.2554018,1.9498568,1.5319045,2.1266873,1.7250879,1.1551455,1.247506,0.97235477,0.0,3.0119958,1.2487894,1.9669259,2.015112,2.941728,2.9132192,2.6033294,2.9158068,1.5493817,2.5111172,2.905615,3.0413523,2.508914,2.1085587,2.6179898,2.4862614,2.005946,2.026846,3.2381606,3.2094913,1.7362309,1.5780271,1.8363036,1.8331636,1.1368606,2.3276155,2.230772,2.2918375,2.832713,3.1889682,2.50149,2.8308282,4.212542,4.117111,3.8353727,2.5997405,2.9755049,2.9607937,2.7409728,2.7641678,2.2253177,2.2374291,2.2318714,2.2929604,2.1902676,1.9494712,2.0476925,1.9450575,2.3134787,1.9434103,1.9412214,2.1048648,2.150299,2.1368356,1.8877237,1.6185298,2.5138032,2.0297842,1.7247247,2.289417,1.948661,1.444429,1.5385232,1.4975618,1.9187802,1.8972098,2.0711842,2.1079273,2.1191645,1.5698894,1.7322191,1.607086,1.9460695,2.045419,1.7925024,1.5344824,1.6701533,1.6748343,1.9532447,1.7546986,3.0434937,3.0357695,3.2977962,3.1766982,2.7732284,2.4181204,2.841528,2.574637,2.8990054,2.969862,3.4119835,3.2668054,2.5601814,3.3310452,3.436882,2.5377429,2.513197,2.634189,2.5193555,2.422274,2.0564306,2.2823553,2.3991873,2.0665178,1.7795135,1.8241298,2.9721618,2.9509287,1.8681762,1.88566,1.9142351,1.8960309
16,1.9835768,2.2803848,1.8798653,2.315576,1.9799336,1.7789983,2.050687,2.0607684,3.4259417,3.0221734,2.4666665,2.1596253,2.8588593,3.5327346,3.114135,3.0119958,0.0,2.834019,3.227768,3.2080421,3.2848237,3.302295,4.117071,4.3722315,1.7900834,2.1921678,3.0171444,2.2131584,2.4820275,2.9569838,2.327726,2.3445039,2.128625,2.149486,1.5763952,1.6140708,3.1870496,2.9957287,2.3302934,2.2534723,2.641281,3.2696078,2.972909,3.0359087,2.9094417,3.2365534,2.369088,2.61804,3.4034076,3.419454,3.50739,2.702996,3.0032141,3.050899,2.764382,2.6489096,2.8147385,2.8676538,2.855495,2.9958792,2.8430293,2.5844226,2.7134502,2.74219,2.4262016,3.4353397,2.0844433,2.1977587,2.3370538,2.3272312,1.983044,1.8273826,2.3321147,2.065549,2.9393165,2.6479204,3.5456862,3.158325,3.1525233,3.1153224,2.099871,2.067948,2.1874382,2.2636364,2.3287919,3.2789474,1.8388374,1.9288657,2.0613933,2.1888235,1.9891441,3.202466,2.007041,1.775865,2.1657925,1.7690355,1.9022226,1.991206,2.115874,2.1849132,3.0823114,2.8008041,1.6786005,2.8715396,1.851102,1.7929825,2.2900488,2.4368412,2.7491574,2.2678747,2.653109,2.7808595,2.2755873,2.4064348,2.3934863,2.1235466,3.0622375,2.2876806,2.4590232,2.0967689,1.7557065,1.6184329,1.561116,1.530974,1.79548,1.7647318,1.7976464,1.7863362
17,1.9077988,2.738527,2.013814,2.4082522,2.0671375,2.09564,1.7992562,2.3111703,2.0667841,1.286935,2.0571818,1.7435272,1.4822836,1.6555372,1.2678984,1.2487894,2.834019,0.0,2.1905527,2.2328951,3.1375484,3.1132572,2.9152992,3.1931999,1.6856167,2.570413,3.3035235,3.3246686,2.6572595,2.295546,2.6873395,2.718203,1.6345328,1.6880653,2.889143,2.8695579,1.5102475,1.8040637,1.6709958,1.9625627,1.2475594,2.162909,2.3810132,2.3654528,3.052543,3.3251364,2.1802452,2.3659072,4.367499,4.283046,4.028001,3.0517576,3.1634572,2.5374036,2.32535,2.3518538,2.3916726,2.4370403,2.4343865,2.5352473,1.9881579,1.5590254,1.876268,1.7686267,2.8177452,2.585975,2.1606584,2.4446247,2.3709955,2.3574471,1.4510407,1.7057452,2.9873471,2.485332,2.036381,2.9281526,2.658469,1.8005174,1.833542,1.8052593,2.3041005,2.0340292,1.7683376,2.5471199,2.6449003,2.2565303,1.9919382,1.9124976,2.3139696,1.7085825,1.9848566,2.126035,1.8238516,1.7890438,2.40198,1.8187869,3.1360095,3.2104063,3.5733323,3.5119832,3.4317694,3.1756098,3.0142665,3.1055913,3.1506686,3.3076098,3.6669848,3.6334782,3.10875,3.7371223,3.9460514,3.143397,2.656932,2.804428,2.7446876,2.4570975,2.4811223,2.5949473,2.7763162,2.3969884,1.8824141,1.9351732,2.679765,2.6363416,1.8977675,1.903001,1.9596639,1.9521071
18,3.1014063,2.844896,2.5959911,2.8642433,3.2779515,2.634816,2.6194248,2.4483604,3.067395,2.8166323,3.1363354,2.7953672,2.29226,2.2089558,2.092019,1.9669259,3.227768,2.1905527,0.0,0.23102668,3.7167642,3.6872063,3.332562,3.6058133,2.3208477,2.9233985,3.0374825,2.934614,2.5457714,2.273061,2.348781,2.5578856,2.3371344,2.3184547,3.3067255,3.3064153,3.0050497,3.0509253,2.3517714,2.2849767,1.4198232,2.397161,2.3546534,2.464816,2.9802601,3.0667114,2.4298537,2.5278509,3.7277017,3.6155283,3.2764208,3.2090786,3.1344032,3.2304108,2.9390197,2.8358653,2.6837716,2.639653,2.7316878,2.9298296,2.929715,2.8416734,2.778357,2.697382,2.5042727,2.2456694,2.1734288,2.3276596,2.2175894,2.204817,2.140506,1.6949923,2.773894,2.1694133,2.7911246,2.7771254,2.3034887,1.882641,2.0258577,2.1091175,2.1854408,2.1110902,2.3986444,2.1721172,2.264632,1.7031924,1.8769403,1.878887,2.254184,2.411848,2.1896455,1.871386,2.094087,1.9216288,2.2243342,1.989651,3.0923734,3.1317616,3.4465592,3.3460264,3.1324182,2.8407428,2.9314468,2.9212239,3.0147905,3.0745065,3.4191394,3.3784406,2.846234,3.5509033,3.6340773,2.897908,2.5615356,2.6607575,2.5575218,2.451579,2.350446,2.5379167,2.5760202,2.3393955,1.8360566,2.0712316,2.931514,2.9144228,1.9910508,2.0160134,1.9579852,1.9393913
19,3.146931,2.9125133,2.602568,2.8860428,3.3108141,2.6500974,2.6363437,2.462345,3.1332297,2.8692214,3.1768346,2.8321989,2.2765517,2.2063518,2.1614456,2.015112,3.2080421,2.2328951,0.23102668,0.0,3.7120712,3.685273,3.34665,3.6477535,2.3382761,2.938307,2.9993024,2.922373,2.5669885,2.311672,2.3779857,2.598056,2.3481963,2.321169,3.278977,3.2772305,3.0753665,3.1298754,2.3335187,2.2620668,1.4735788,2.4298596,2.430879,2.5590503,2.9981017,3.1068063,2.4590614,2.5396428,3.7293031,3.6207082,3.229746,3.2288501,3.1610787,3.2307363,2.9772055,2.877898,2.6095378,2.5544572,2.6822824,2.8448064,2.9125998,2.8531501,2.7697024,2.6869876,2.507823,2.2897344,2.1736472,2.3228776,2.1970756,2.1841722,2.1502783,1.7198224,2.7854853,2.201313,2.8955193,2.7814648,2.3680215,1.9641733,2.1098466,2.1866498,2.175362,2.0864804,2.3627913,2.1501746,2.2163994,1.7767192,1.8720725,1.8710383,2.2453666,2.389852,2.175708,1.8984288,2.0784307,1.9374,2.2432432,2.0032115,3.0560637,3.0814734,3.3916254,3.2888703,3.138817,2.8252606,2.8993237,2.867025,2.9554105,3.0263596,3.3794127,3.3495915,2.8515434,3.525942,3.6483731,2.9033372,2.5137277,2.6141384,2.5178773,2.3976245,2.325103,2.4965842,2.526174,2.3236601,1.8356762,2.088915,2.9443681,2.9269247,1.9955645,2.0193398,1.9488553,1.9358445
20,2.526389,3.406049,2.36041,2.7383041,2.5646636,2.6216915,2.4545588,3.141246,2.797618,2.9354472,2.400549,2.6184294,2.2863512,2.6875875,2.9962468,2.941728,3.2848237,3.1375484,3.7167642,3.7120712,0.0,0.13756564,1.574874,2.140566,2.6176734,3.5265162,3.8210177,3.8199306,3.5258691,3.7192087,4.0577893,3.833448,3.0539818,2.97261,3.3614397,3.359226,3.1908693,3.0515852,2.5138247,2.4322157,3.0776727,3.8720975,3.4978077,3.5278144,3.849639,4.266472,3.211963,3.8550751,4.1331096,4.114461,3.7533283,3.215455,2.9147117,2.5643606,3.022985,3.093707,2.7462578,2.7185433,2.875933,2.8169854,2.9488654,2.758039,2.8186107,2.8537729,3.172623,3.593177,2.888129,2.9635596,3.332771,3.3211894,2.9094474,2.851766,3.1733944,3.2484272,3.1083093,3.2008677,3.6562526,3.2906234,3.2962205,3.2729115,3.088183,2.93529,2.9813356,3.1626637,2.9911804,3.5207736,2.9444373,3.0166934,3.0701907,2.9896402,2.963273,3.4932067,2.93161,2.8973677,3.126843,2.8989525,3.156318,3.2355242,2.763688,2.7258449,3.6087365,3.285545,3.3270328,3.522949,2.796043,3.343857,3.6654575,3.6376092,3.1411843,3.2778175,3.7124987,3.199898,3.645422,3.7706168,3.726498,3.58474,2.895318,2.6041346,2.8264937,3.1392453,2.980547,2.8568401,3.136791,3.1278496,3.1913917,3.17473,3.2423522,3.199219
21,2.5172355,3.4036498,2.3481915,2.7103105,2.5627794,2.6155367,2.4401486,3.1323962,2.7585027,2.9189126,2.379583,2.5794985,2.271581,2.6612103,2.9422944,2.9132192,3.302295,3.1132572,3.6872063,3.685273,0.13756564,0.0,1.5349367,2.0942717,2.605811,3.5436933,3.8133655,3.8165505,3.5325933,3.7251031,4.0340514,3.817058,3.0485406,2.9715993,3.372556,3.3704278,3.150565,3.0292614,2.5032606,2.4276624,3.0433955,3.8320599,3.4654484,3.4965847,3.8322,4.2547765,3.2138853,3.8412306,4.1104236,4.0896792,3.7574887,3.2203155,2.9010875,2.5386703,2.9818928,3.053274,2.7430274,2.7134855,2.8598676,2.8045726,2.9453535,2.7207944,2.7742393,2.8095248,3.158333,3.5661957,2.8634574,2.9447045,3.3077989,3.2965288,2.8948936,2.8357873,3.1596453,3.2399864,3.0809264,3.1927044,3.6279023,3.2630472,3.2758212,3.2510478,3.073078,2.9113576,2.957105,3.1435735,3.0042222,3.495903,2.9291244,3.0035126,3.0560663,2.9663546,2.945678,3.4639564,2.9149702,2.8802423,3.1178393,2.8802114,3.1387985,3.235419,2.8018358,2.76633,3.6113176,3.2749083,3.3245766,3.5066772,2.8416905,3.3590043,3.6268485,3.59671,3.1182504,3.285176,3.7208958,3.1886783,3.6484115,3.7816038,3.7325408,3.5916,2.9076216,2.6274326,2.8576417,3.1344292,2.9748425,2.8547447,3.1367168,3.128746,3.18317,3.1673565,3.237155,3.1928082
22,3.1226242,3.8521802,2.9264603,3.2190175,3.2356544,3.2184823,2.9842336,3.5004308,2.873787,2.948272,2.6798599,2.918993,2.016957,1.958899,2.6064205,2.6033294,4.117071,2.9152992,3.332562,3.34665,1.574874,1.5349367,0.0,1.3651748,3.0340586,3.7646098,4.006426,4.2341404,3.666183,3.551656,4.2030025,4.10088,3.2581663,3.1817021,4.082541,4.068478,3.0629828,3.070873,2.6651914,2.5887644,2.8061037,3.61009,3.4606645,3.4662547,4.0699735,4.3207445,3.3441145,3.8535645,4.743398,4.677132,4.140016,3.610837,3.2500472,2.931787,3.3610172,3.3974643,2.767879,2.7237768,2.8879383,2.9144406,3.0949154,2.9179156,2.9965782,2.9875867,3.4849195,3.3310266,3.2306368,3.315345,3.535179,3.5243697,3.2220807,3.0353942,3.615953,3.5282083,3.1230164,3.5393903,3.358453,3.0356677,3.0817237,3.0677822,3.3441253,3.2242777,3.2933502,3.3263915,3.0818949,3.0292351,3.1269019,3.1503408,3.337211,3.2870626,3.2475686,3.1154852,3.1572263,3.1967058,3.390314,3.2116761,3.832991,3.9072175,3.6372967,3.5413134,3.9263358,3.6140225,3.9585779,3.7707705,3.4727964,4.0252004,4.289382,4.220325,3.4943888,4.1003413,4.4050593,3.5631971,3.8773222,3.9808009,3.9077919,3.818859,2.7107403,2.890476,3.092661,3.4262383,3.1831815,3.2203393,3.774845,3.7592716,3.3628774,3.360574,3.421543,3.3790317
23,3.410337,4.1094847,3.2616723,3.1889095,3.500484,3.519575,3.2847116,3.7746053,3.0048368,3.1366854,3.0101967,3.1718898,2.3535488,2.2656913,2.8082337,2.9158068,4.3722315,3.1931999,3.6058133,3.6477535,2.140566,2.0942717,1.3651748,0.0,3.318792,4.0358033,4.670516,4.4533587,3.8189654,3.744247,4.3607717,4.3255167,3.394041,3.3547144,4.2234893,4.200861,2.8604543,2.9749718,2.574846,2.5506482,3.0178235,3.7217925,3.6567843,3.3768833,4.2924566,4.309931,3.5178907,4.1161346,4.919649,4.847034,4.4391074,3.9016366,3.5566163,3.2111313,3.6158261,3.6297853,3.1003387,3.0633984,2.8152559,3.7755375,3.3345623,3.1330047,3.208562,3.2084014,3.6334503,3.4646437,3.4139702,3.451128,3.647438,3.633493,3.3987029,3.2473607,3.6158547,3.7019546,3.0390317,3.5347648,3.5884037,3.264695,3.2875998,3.2784674,3.6202836,3.4847963,3.4629424,3.5516343,3.3866756,3.3000739,3.387297,3.4087396,3.603117,3.463808,3.4821336,3.3411822,3.4122336,3.4157803,3.6628542,3.4967275,4.0037913,4.0839987,3.9368618,3.8304803,4.1979547,3.876127,3.8856122,4.020248,3.7714875,4.279372,4.597168,4.4934406,3.7463517,4.315497,4.6249204,3.7856174,4.184929,4.2632427,4.214611,4.128106,3.1314774,3.276531,3.4841435,3.731716,3.4358466,3.4565232,3.9194157,3.921407,3.5675719,3.564343,3.6462588,3.5949788
24,1.0416354,1.9795804,0.9063717,1.7415876,1.1147494,0.85998654,0.70926493,1.5625224,1.9881352,1.5860251,1.7285268,1.1499354,1.5981292,2.1734622,1.6153281,1.5493817,1.7900834,1.6856167,2.3208477,2.3382761,2.6176734,2.605811,3.0340586,3.318792,0.0,2.0979524,2.7722542,2.5315998,2.208735,2.2908313,2.1499672,1.9392885,1.5957986,1.6628228,2.2407625,2.2141073,1.9937878,1.6239599,1.5465322,1.5177454,1.5197227,2.3884869,1.9584905,2.0417843,2.234252,2.9541597,1.9389787,2.2995064,3.3070972,3.261287,3.1708326,2.2478805,2.3932576,2.3793347,2.094106,2.1556597,2.361408,2.3577762,2.3653424,2.3716798,2.1588278,1.8331183,2.0190349,1.972098,1.786435,2.305221,1.3225874,1.4931693,1.8155252,1.8014288,1.2300888,1.1379586,1.9094224,1.4931133,1.8285892,1.9929382,2.5799298,1.8771011,1.8884052,1.8176816,1.4511935,1.4378062,1.5578905,1.7873002,2.0459387,2.2724671,1.4177781,1.4201243,1.4820594,1.5244215,1.2417494,2.167939,1.2444654,1.0789449,1.4821568,1.121707,2.2203429,2.3338087,2.44986,2.4070663,2.7027004,2.2080588,2.0800614,2.2451425,2.0940864,2.0592551,2.5579326,2.4912157,2.156636,2.4292047,2.9126954,2.1528955,2.0427597,2.2104716,2.143333,1.9471349,2.2376878,1.8703042,2.0447774,1.5632697,1.3069614,1.0026813,1.7465643,1.7483954,1.367932,1.3659028,1.4118115,1.3854648
25,2.4020958,2.072134,2.2069194,2.6688347,2.4703329,2.1746054,2.6041913,1.7811798,3.157825,2.8261101,2.509967,2.4917302,2.5961337,3.013999,2.8078234,2.5111172,2.1921678,2.570413,2.9233985,2.938307,3.5265162,3.5436933,3.7646098,4.0358033,2.0979524,0.0,2.1466885,1.862218,0.94309056,1.2855486,1.6768324,1.6354823,1.6335192,1.6695044,2.1771953,2.1571002,2.8387399,2.757961,2.3656886,2.432083,2.125859,2.821907,2.8082309,2.8911405,3.0093129,3.3089368,1.9979047,2.6758673,4.526508,4.500094,4.304501,3.0896297,3.5554936,3.5462391,3.2235844,2.851895,2.7868843,2.8422258,2.828383,3.035326,2.7294023,2.6985056,2.9220467,2.9457903,2.5482454,3.0274944,2.1836002,2.2916236,2.2464728,2.2405608,2.1956959,1.851858,2.5702097,2.2798867,2.4003534,2.6609704,3.1292725,2.6920426,2.6776836,2.5780585,2.221958,2.2961063,2.338905,2.3459938,2.170157,2.5226223,1.669876,1.6459509,2.1899605,2.2238698,2.077326,2.6398344,2.0612898,1.9707453,2.3718393,1.9672883,2.5115757,2.4401305,2.8250697,2.7937734,3.1670003,2.7731137,2.5136542,2.812227,2.5568259,2.5660737,3.4390497,3.4413707,2.7984526,2.9130406,3.291294,2.7347217,2.7586849,2.7855098,2.7511919,2.5499628,2.801438,2.4802294,2.5888906,2.2300596,1.5101699,1.665424,2.2785685,2.2295306,1.5776519,1.5664623,1.6056612,1.6060745
26,3.1984625,2.5841513,2.6970034,3.3943706,3.2780366,2.7438078,3.1693342,2.3708436,3.6057327,3.6794784,3.391681,3.1381445,3.1942968,3.492808,3.2892237,2.905615,3.0171444,3.3035235,3.0374825,2.9993024,3.8210177,3.8133655,4.006426,4.670516,2.7722542,2.1466885,0.0,1.9736457,2.184695,2.4245665,2.2686265,2.1078594,2.7660882,2.7566054,3.1706176,3.1699522,3.9174492,3.809543,3.3054545,3.3233597,2.7813272,3.5186212,3.4326997,3.8507578,3.5267475,4.107186,3.3005412,3.7339563,4.7726426,4.740799,4.545569,3.6491442,4.102234,4.1781964,3.884622,3.5313504,3.1126628,3.1097722,3.4730604,2.6497312,3.538974,3.4261,3.3460612,3.3555484,2.966973,3.3977797,2.579549,2.7473664,2.6172345,2.6158786,2.9574618,2.5811749,3.1132483,2.85168,3.3031306,3.0977619,3.2989514,3.0948124,3.2146778,3.1217518,2.638656,2.7176921,2.9304137,2.7677426,2.607541,2.9122229,2.2322924,2.2171845,2.6638384,2.8795311,2.6267798,3.0567427,2.637119,2.5737352,2.8317885,2.4816487,2.7642336,2.7060223,3.0486825,3.0116906,3.116379,2.658007,3.1830344,2.886513,3.1008074,3.0080714,3.2512393,3.216065,2.8329399,3.0885377,3.2113788,2.8733225,3.3705192,3.5104682,3.4164352,3.288967,3.1164331,2.90526,3.0019557,2.743574,2.3619845,2.533769,3.3462543,3.3078144,2.5157173,2.5189252,2.4908447,2.5051262
27,3.0504105,2.18541,2.4893844,2.84789,3.064958,2.461981,3.0131037,2.0951748,3.8839254,3.7020102,3.2322679,2.9512963,3.2102358,3.6276484,3.3169174,3.0413523,2.2131584,3.3246686,2.934614,2.922373,3.8199306,3.8165505,4.2341404,4.4533587,2.5315998,1.862218,1.9736457,0.0,1.8689319,2.301193,1.8720008,1.6810663,2.3779411,2.3421862,2.3482547,2.3625448,3.57542,3.5673547,2.773426,2.7936687,2.6634266,3.5326645,3.4575942,3.5622075,3.5352535,3.7262068,3.067226,3.3005788,4.400586,4.386226,4.4259987,3.5185394,4.016435,4.1002707,3.7856734,3.401179,2.965425,2.982236,2.962301,3.2732728,3.450418,3.295717,3.1032338,3.1521585,2.805684,3.5004797,2.452938,2.5694482,2.4214792,2.4067292,2.597176,2.200798,2.7155843,2.4953249,3.164832,2.7864246,3.4405515,3.2510333,3.3394709,3.2458715,2.5099537,2.546938,2.671792,2.5344095,2.2752235,3.0103757,1.7602162,1.7487788,2.5049558,2.6730096,2.4565713,3.1645763,2.4790132,2.2402906,2.6493993,2.279785,2.3820949,2.277645,2.827508,2.7918463,3.1864493,2.7483356,1.9802854,2.7753873,2.7067184,2.5292032,2.858893,2.8319805,3.0073187,2.8445828,2.8861392,2.9953835,2.9677978,3.0897226,3.0622916,2.8842764,3.2558088,2.796272,2.98102,2.6486802,1.9122866,2.1238434,2.8278687,2.8020763,2.197958,2.1851385,2.1891851,2.1767223
28,2.6550164,2.091701,2.281355,2.6070733,2.7938824,2.284622,2.6797085,1.711179,2.9727256,2.9092293,2.83233,2.7525427,2.6545267,2.967024,2.7983344,2.508914,2.4820275,2.6572595,2.5457714,2.5669885,3.5258691,3.5325933,3.666183,3.8189654,2.208735,0.94309056,2.184695,1.8689319,0.0,1.0609534,1.514532,1.5666493,1.5773711,1.6069429,2.2788076,2.259796,2.9406033,2.8913734,2.2723908,2.3600368,1.9769907,2.6682448,2.6506238,2.6756775,2.9120402,3.2109292,1.882045,2.8819253,4.3071895,4.2635417,4.046374,3.1479268,3.534343,3.548759,3.2041693,2.792946,2.8463132,2.8718405,2.7641952,3.2507517,2.8027055,2.848139,3.0059536,3.0176463,2.2552176,2.7178488,1.8457434,1.9442649,1.8796515,1.8735409,2.0820293,1.6723187,2.2455978,2.1070573,2.2709155,2.3241498,2.9052339,2.4269214,2.418911,2.3647058,2.0637693,2.1072357,2.201589,2.1462324,2.130918,2.324288,1.575878,1.6032759,2.0629816,2.0958302,1.9299828,2.419469,1.9483659,1.829639,2.2598033,1.8266902,2.2843366,2.199663,2.6943305,2.6511047,2.9706392,2.4875805,2.3621368,2.6364498,2.5491915,2.5121539,3.464185,3.4594748,2.4492373,2.7115839,3.1729105,2.3979516,2.8474815,2.8706183,2.8265686,2.6426532,2.7016933,2.4423573,2.493345,2.1033645,1.3929256,1.5716132,2.2480805,2.2104383,1.5163703,1.5132022,1.5207765,1.5135475
29,2.7303278,2.2039886,2.3597212,2.6918404,2.85141,2.3597322,2.7085736,1.7637826,2.9354422,2.578331,2.8957705,2.8591924,2.4495034,2.5817754,2.513221,2.1085587,2.9569838,2.295546,2.273061,2.311672,3.7192087,3.7251031,3.551656,3.744247,2.2908313,1.2855486,2.4245665,2.301193,1.0609534,0.0,1.8409858,1.6755188,1.7451148,1.7165422,2.8756933,2.8523004,2.6915216,2.673117,2.319413,2.493971,1.6976432,2.5534914,2.5825083,2.595594,3.044528,3.2956684,2.1338341,2.766133,4.660864,4.5921316,4.2607594,3.2280836,3.6681514,3.614317,3.2952476,2.908189,2.734742,2.7688487,2.7008529,3.1685078,2.7417507,2.8174708,2.9598775,2.941392,2.5569491,2.463239,2.1933963,2.3125708,2.2858543,2.2768197,2.1190746,1.8508484,2.6876767,2.3108637,2.1694808,2.5765252,2.5861914,2.034079,2.028432,1.9521327,2.226001,2.2414062,2.2876246,2.4030156,2.2889569,1.9884454,1.8399117,1.7590581,2.2253327,2.176159,2.0706463,2.1002576,1.9995878,1.9607244,2.3402007,2.015192,3.0560558,2.9407995,3.3455718,3.2464483,3.1108034,2.7753026,2.8710206,2.832399,2.938578,2.965459,3.8934126,3.8173807,2.8765025,3.3874762,3.6405888,2.7652874,2.7510126,2.7517326,2.7409496,2.5624502,2.480551,2.5883486,2.6227756,2.2786703,1.6499726,1.7903072,2.776788,2.733992,1.7858044,1.7957299,1.7887093,1.7877617
30,2.6919286,2.0668323,2.3241322,2.5665178,2.8088593,2.2117002,2.6448352,1.7036835,3.2329497,3.0911117,2.8775105,2.54338,2.9186554,3.2398107,2.6789327,2.6179898,2.327726,2.6873395,2.348781,2.3779857,4.0577893,4.0340514,4.2030025,4.3607717,2.1499672,1.6768324,2.2686265,1.8720008,1.514532,1.8409858,0.0,1.2483948,1.9357995,2.0583649,2.4715836,2.4570522,3.0127258,2.9976995,2.4881942,2.5438457,1.9545391,2.5065048,2.474248,2.567189,2.73004,2.9344435,2.2233727,2.5428002,3.9652913,3.9181259,3.9718251,3.2650752,3.4868302,3.5826986,3.0296514,2.6179547,3.0433939,3.0528543,2.953621,3.3103075,3.1206803,2.8470395,2.9630158,2.9617643,2.2539546,2.7319374,1.8642838,1.994216,1.8837051,1.8814032,2.1108558,1.6852994,2.3007877,2.0259507,2.4627762,2.5496607,2.946528,2.5008733,2.5810976,2.5094419,2.0033426,2.0584075,2.1888518,2.0873833,2.4282193,2.419943,1.6650281,1.7141662,2.0064812,2.094035,1.8928132,2.4562335,1.9362547,1.7539016,2.211764,1.7794852,2.2825875,2.4320736,3.0774603,3.054939,3.0364327,2.6622488,2.3796134,2.8141818,2.8454785,2.5414302,2.8580894,2.8296142,2.5636683,2.86831,3.118894,2.5915155,2.6832564,2.785292,2.7238653,2.5564358,2.9998567,2.749114,2.8638933,2.180032,1.6066508,1.733238,2.2246048,2.2150369,1.3991644,1.414785,1.4143453,1.4118302
