,0,1,2,3,4,5,6,7,8,9,10,11,12,13,14,15,16,17,18,19,20,21,22,23,24,25,26,27,28,29,30,31,32,33,34,35,36,37,38,39,40,41,42,43,44,45,46,47,48,49,50,51,52,53,54,55,56,57,58,59,60,61,62,63,64,65,66,67,68,69,70,71,72,73,74,75,76,77,78,79,80,81,82,83,84,85,86,87,88,89,90,91,92,93,94,95,96,97,98,99,100,101,102,103,104,105,106,107,108,109,110,111,112,113,114,115,116,117,118,119,120,121,122,123,124,125,126,127
0,0.0,2.5538633,2.5148702,3.1717823,3.473583,2.4204998,2.4614894,2.986424,3.0534482,3.0218847,3.537842,3.5760584,3.4119751,2.987124,3.1675656,3.247163,3.42947,3.4238605,3.246391,3.4253242,4.1730165,4.254258,4.237353,4.123969,4.1097484,2.7231019,2.7031138,2.5803323,3.7191832,3.7164073,3.4367213,3.1802735,3.5062294,2.9115846,3.3272579,3.5616565,3.8360353,3.4989316,3.4154124,4.6357627,4.6222334,4.7402215,4.46152,4.447413,3.6835115,3.9735465,4.2233,4.2762127,3.66489,3.7042959,3.7580085,4.3901424,3.7635577,3.7644324,2.984086,4.082409,3.4620173,3.1422167,3.7106297,3.7408795,4.377765,4.9015136,4.394822,4.30412,3.5437496,3.5977802,3.8469522,3.199908,4.0268416,3.4493647,3.5967207,3.858581,3.7551987,4.6045957,4.016577,3.8555012,3.5796256,3.4022768,3.5269058,3.5659375,3.0446556,3.3990057,3.1857872,2.9599996,2.8682044,2.833568,3.357677,3.4703197,3.5548627,3.3796055,3.4303272,3.259125,2.6669614,3.963276,3.0964344,3.9262207,2.6634715,3.1887386,2.5573258,2.5728211,3.2818277,2.939666,2.916349,3.2952502,3.6456785,3.8832576,4.06561,4.331033,4.1095977,3.9084697,4.000859,3.9647644,4.576558,4.977048,5.0315104,4.8784804,4.934193,4.8981957,5.1536417,5.0906887,4.9829,4.266688,5.547186,5.6787095,3.4360435,4.33081,4.712071,4.728619
1,2.5538633,0.0,3.0372756,3.6025121,3.4455733,2.2525675,2.2451987,2.7722895,2.7884643,3.5724533,3.2233582,3.2849329,4.238246,2.8432095,4.142565,4.2275343,3.3777332,3.3818722,2.838931,3.1367257,4.028578,4.1462708,4.1051087,3.9915197,3.947193,2.4908347,2.3130183,2.4236827,3.33834,3.3449457,3.0664408,2.756065,3.187677,2.4958181,3.245528,3.3188183,3.672657,3.3874307,3.7159455,4.8615246,4.3633165,4.5062737,4.244681,4.1765337,3.357304,3.514152,4.12446,4.0729823,3.3568177,3.4301858,2.4828374,3.5215588,3.6071465,3.6067054,2.7339225,3.854731,3.3073268,3.0421636,5.0103626,4.997209,4.2458367,4.144981,4.2105794,4.1239324,3.2647102,3.3237958,3.4261863,3.0529714,3.7501311,3.1281037,2.6863332,3.0182266,2.7929602,3.779554,3.2352557,2.9690156,2.552062,2.3273506,2.5453932,2.550153,2.8524141,3.3078818,2.93494,2.8765285,2.7153637,2.7629395,3.3207772,3.328559,3.5503597,3.383077,3.3899615,3.3018699,2.6991198,3.9284363,2.7869866,3.7221494,3.2743824,3.7531872,3.2654598,3.2948294,3.6683319,3.6079612,3.4667308,3.124877,3.3995225,3.362571,3.8283298,3.8786583,4.1008496,3.4177692,3.4348495,3.4446313,4.927218,4.5692534,4.610157,4.3684993,4.5400085,4.531697,4.6836996,4.6180162,4.574089,3.8502936,5.194001,5.291177,3.2557964,4.089482,4.3097835,4.298923
2,2.5148702,3.0372756,0.0,1.8401108,2.9736233,2.0583441,2.2462413,2.9258459,2.8003948,2.9902782,2.776257,2.8083315,2.4026408,2.1428251,2.5711696,2.595336,2.8150434,2.741031,2.9751058,2.7568939,2.5252416,2.5795453,2.8674643,2.719038,3.3538036,2.5139253,3.2080374,2.7349455,3.1425893,3.1708808,2.6370027,2.4126322,3.046438,2.3762834,2.7939692,2.7129142,3.5232534,2.9515436,3.2356749,4.3326836,4.2155967,4.340319,4.1113577,4.012037,3.2351942,3.431416,4.502483,3.94532,2.9330127,2.89722,3.066225,3.6160524,2.771083,2.7792733,2.405701,3.5123115,4.1948743,4.2168307,4.8164787,4.914948,5.4506016,5.665285,5.3933506,5.337333,2.4369059,3.2500818,3.7065282,2.95504,3.0097547,3.0575364,3.6779335,3.3466797,3.2535312,3.3296237,3.5445728,3.3586953,3.6562757,3.7118566,3.7207856,3.7825437,2.7744691,2.546575,2.8560221,2.8045588,2.4852717,2.5033917,3.1475804,3.2450004,2.9431927,2.9413416,3.092875,2.971603,2.4684038,3.2282398,2.8878703,3.6315746,2.2259634,2.149732,2.119616,2.124729,3.0927472,2.5345755,2.9193454,3.0200887,3.070979,3.3514903,3.2753408,3.6224318,3.5997102,3.3718271,3.4929307,3.3930771,4.450376,4.6670823,4.6325345,4.5017223,4.223551,4.150813,4.5402584,4.479857,4.7969155,4.5250297,4.9674067,5.055769,3.0900126,4.1090574,4.401226,4.405554
3,3.1717823,3.6025121,1.8401108,0.0,2.0909438,2.7850115,2.798335,3.278285,2.3479028,2.6379611,2.8018508,2.5044084,1.9080492,2.3167021,1.9643962,1.948379,2.6206331,2.6418345,2.688551,2.7657778,2.5714939,2.3264208,2.6370919,2.511959,3.1021717,2.7042975,3.1195931,2.576548,3.9961634,4.023229,2.6465104,3.1365623,2.817774,2.334593,2.7539713,2.7880335,3.1740317,2.683569,3.2550507,4.2510695,4.1545706,4.2636847,4.0888467,3.997564,3.4487908,3.499689,4.611897,3.9207203,3.2548594,2.702388,2.9190109,2.9704309,2.2877307,2.3364356,2.1925976,2.5936348,3.999564,4.3105903,5.0740833,5.1934433,5.5137677,5.5777583,5.2667775,5.2441397,1.651761,2.529506,3.2074726,2.1908762,1.9253644,2.2963967,3.004513,2.6594906,2.6214728,2.6973758,2.966282,2.776693,3.0400884,4.156358,3.0547004,3.1514647,2.2702637,2.4279802,3.291501,3.108381,2.1271732,2.1425135,2.771422,2.8361955,2.4557278,2.3937151,2.5367112,2.656177,2.626102,2.9464593,2.4627037,2.573742,1.9566785,1.2207226,1.6099643,1.61991,2.522554,1.7934958,2.6425946,2.5392423,2.0753007,2.3350177,2.662817,3.010952,2.9547417,2.7626653,2.871082,2.7050755,4.234887,4.463971,4.3160257,4.221165,4.3187184,4.1987157,4.5121675,4.470935,4.6970587,4.38201,4.890531,4.9078975,2.5948653,3.910693,4.276145,4.31299
4,3.473583,3.4455733,2.9736233,2.0909438,0.0,2.7843544,2.6793888,3.463562,2.3281581,3.1296356,2.8956716,2.4186952,2.760375,2.9759579,2.8612347,2.8412766,2.6817026,2.659456,2.6689343,2.5856624,2.8952208,2.6432326,3.1089423,2.9111993,2.2934198,2.2750742,2.621937,2.0740602,3.741308,3.7609398,2.2489305,3.194241,1.9403168,1.9677986,2.090066,2.1669242,2.5721474,1.9618157,2.6118958,4.139325,4.1150675,4.266828,3.9314802,3.8646011,2.928684,3.1195698,3.826943,3.316214,3.7602837,2.6777415,2.5811334,2.6401849,2.5137916,2.5323205,2.1493294,2.3903434,3.3630602,3.5334532,4.5631423,4.6673927,4.6957116,4.815134,4.6583266,4.537508,2.0658243,2.1463063,2.8521497,2.0978532,2.2202978,1.953118,2.6898782,2.2904627,2.209308,2.7814095,2.5046916,2.1643467,2.6862109,4.4610443,2.6557684,2.750513,1.9378985,2.3111885,3.1317704,3.1718857,1.5773238,1.6513953,2.5663102,2.229034,1.81399,1.7109034,2.0401583,2.2425978,2.766615,2.9220319,2.382974,1.7321265,1.985241,2.3713117,1.6977526,1.7063211,2.7091265,2.8882177,2.7397184,2.8044207,1.989431,2.2820747,2.5129147,2.722206,3.1369035,2.335118,2.633002,2.5593977,3.9698548,4.013609,4.0114546,3.6927648,4.1340885,4.021202,4.264477,4.1902437,4.2531476,3.7469606,4.7219543,4.7108006,2.3658097,3.4988248,3.8990135,3.9079342
5,2.4204998,2.2525675,2.0583441,2.7850115,2.7843544,0.0,0.6369346,1.8832304,2.4943209,2.9546776,2.2595663,2.4107668,3.4893687,2.337295,3.3329298,3.3879976,2.5442066,2.3963845,2.1773973,2.1268573,2.8140266,2.9468243,3.1168501,2.94985,2.9156077,1.8573757,2.568806,2.0408258,2.6885257,2.6826975,2.2510335,1.770721,2.4609032,1.8464756,2.3037117,2.506837,3.1544602,2.6996782,2.7008328,4.299949,4.1904,4.346461,3.9614725,3.952895,2.9106634,3.150441,3.9531217,3.654894,2.6412995,2.6354873,2.5091763,3.41355,2.5546129,2.5322886,2.0198033,3.4613872,3.203643,3.0962474,4.3658,4.4315405,4.2067986,4.639595,4.142638,4.1619725,2.5938911,2.7941568,3.2067354,2.494393,3.2069154,2.6328554,3.1970165,2.8806803,2.5590808,3.2372708,2.9806824,2.6409137,3.0151157,2.8852503,3.0086522,3.0254848,2.2911427,2.7514656,2.5634549,2.0755198,2.2088602,2.213439,3.392811,2.812892,2.5066144,2.4429858,2.6312065,2.381696,1.7465534,3.3392944,2.3742611,3.2503142,2.457769,2.7987304,2.284279,2.3323512,2.9561996,3.39849,2.9407668,2.8403947,2.7584097,2.9932365,3.1168606,3.3712585,3.6096227,2.9190562,3.1795135,3.137418,4.413636,4.343588,4.3231645,4.1924,3.8953693,3.856053,4.261897,4.18253,4.546743,3.994903,4.8476996,4.8887043,2.5936959,3.7086728,4.2862577,4.306044
6,2.4614894,2.2451987,2.2462413,2.798335,2.6793888,0.6369346,0.0,1.6890532,2.2771993,2.783577,2.1137774,2.2585938,3.3355815,2.2176223,3.1284227,3.19282,2.2667294,2.1582341,1.946826,1.771519,2.6870744,2.8066037,2.9860415,2.805335,2.8405728,1.7967852,2.4013972,1.8602114,2.5988665,2.5812407,2.0997658,1.7667352,2.2244484,1.7490762,2.097299,2.5148113,2.6995037,2.4346602,2.6951575,4.221379,3.9912324,4.1482587,3.7713335,3.7770956,2.7599492,2.9486437,3.662243,3.3414667,2.6101525,2.4936736,2.4117765,3.2777603,2.4725122,2.4559894,1.863276,3.2831614,3.0742598,3.001865,4.2521005,4.3188887,3.8264368,4.3038826,3.7803156,3.749086,2.3918889,2.5128999,2.9273686,2.168794,3.095104,2.4016526,2.9873319,2.6367922,2.3730643,2.9904447,2.7430391,2.4532545,2.867267,2.9409168,2.7798502,2.8001134,2.0824015,2.5166345,2.339998,1.7803884,2.0271327,2.0120425,3.263895,2.6136944,2.4641979,2.388687,2.5611954,2.385506,1.8383981,3.5777185,2.3077035,3.1044934,2.4196136,2.679008,2.265165,2.2990909,2.7921855,3.4140804,2.7692435,2.7029963,2.6514316,2.865298,2.9558537,3.1559086,3.418362,2.8546588,2.9082322,2.8699646,4.3522015,4.2526035,4.263821,4.147463,3.8554115,3.8116746,4.198545,4.124829,4.4877496,3.9364097,4.8300066,4.874324,2.5840604,3.6509182,4.2758727,4.301921
7,2.986424,2.7722895,2.9258459,3.278285,3.463562,1.8832304,1.6890532,0.0,2.4982355,2.2878132,2.325307,2.4765086,3.8232124,2.7337532,3.4078856,3.407514,2.596795,2.5081558,2.1643243,2.0939312,3.0775998,3.276447,2.563015,2.604884,3.692071,2.9254239,2.6465938,2.2310584,2.8535361,2.8216393,2.476607,2.0639434,2.7007341,2.4587944,2.8354237,3.2130728,3.0553765,2.9240255,3.272997,4.665844,4.526903,4.664948,4.4315147,4.433091,3.3158336,3.174475,4.0891666,3.737247,2.611767,2.4600298,2.380409,3.2837412,2.4636211,2.4429634,1.860113,3.4084349,2.906669,3.1484206,4.223636,4.2726645,3.700217,4.0088305,3.7271602,3.5124269,2.791121,2.8229835,3.1969838,2.4777455,3.2603388,2.6754203,3.2006419,2.91236,2.622355,3.301019,2.9324257,2.718604,2.943156,2.922319,2.9750617,2.8570056,2.528322,2.9031062,2.7516022,2.137663,2.508733,2.479687,3.4546182,2.7316952,2.9066184,2.7911782,2.7176068,2.8936884,2.0989733,3.7848074,2.6522732,3.2708004,2.8899968,3.0763657,2.7376366,2.7920737,3.1335702,3.7455583,3.076437,2.8830423,3.2548578,3.0235987,3.102407,3.2558973,3.631041,3.0993612,3.1808448,3.1587293,4.783555,4.650382,4.5399055,4.5341344,4.2171917,4.2100897,4.5889277,4.5228224,4.41684,4.1701117,4.796663,4.8571906,3.002147,3.881272,4.5772696,4.5994945
8,3.0534482,2.7884643,2.8003948,2.3479028,2.3281581,2.4943209,2.2771993,2.4982355,0.0,1.5990661,1.8221005,1.6169838,2.4601738,1.4192059,2.2180889,2.3285618,1.5762007,1.6891953,2.1060722,2.1308658,2.8445327,2.7168796,2.7552075,2.664273,2.6273918,1.7534579,2.1189544,1.5990615,2.9411132,2.9510386,1.915715,2.2535625,1.8050437,1.7010117,2.063951,2.4856298,2.267562,1.9066179,2.5477738,3.3453577,3.498202,3.5191429,3.648514,3.7586176,2.760745,2.798808,3.6623456,3.0690544,2.7087567,2.2478418,2.1927915,2.0535896,2.1249638,2.189928,1.7078022,2.630691,2.743064,3.1201785,4.354359,4.452734,4.164327,4.023587,3.9810345,3.8290536,1.7603594,1.970704,3.2055833,1.5910159,2.4371066,1.8921211,2.5599825,2.1727204,1.8742522,2.6540027,2.140859,1.9761683,2.444926,3.3701162,2.2230763,2.3109286,1.355759,2.289565,2.6173053,2.4329379,1.7474734,1.6899259,2.0969937,2.096212,2.049652,1.8684399,1.9910272,2.3041952,1.8893355,3.3961473,1.9612234,2.2958734,2.1330206,2.3524985,2.1283934,2.0947301,1.3639722,3.0905297,2.5085692,2.3624296,1.8799359,2.1038325,2.3260233,2.4015691,2.2420557,2.099114,2.269188,2.102854,4.8381557,4.6469636,4.624271,4.5550637,4.5818753,4.5216403,4.7026935,4.642559,4.829727,4.615093,5.2078567,5.178537,2.9649942,4.248668,4.616721,4.623888
9,3.0218847,3.5724533,2.9902782,2.6379611,3.1296356,2.9546776,2.783577,2.2878132,1.5990661,0.0,2.2918296,2.148265,2.549884,2.2842548,2.0527234,2.1351793,1.9686923,2.0172157,2.5180862,2.43256,3.0522313,3.1387753,2.6126056,2.6231086,3.4591975,2.841429,2.55684,2.024433,3.2200582,3.223499,2.3509665,2.5971162,2.573524,2.3768373,2.6284509,3.0739877,2.84504,2.5723414,2.8214815,3.5825331,3.8979788,3.9220304,4.0575504,4.17335,3.282954,3.1346958,4.04219,3.566433,2.8041277,2.3966742,2.843152,2.7532048,2.2098415,2.2614357,1.8995159,2.8018384,2.7257855,3.2331998,3.8002663,3.895688,4.1753597,4.270331,4.0304637,3.845003,2.5051336,2.6917858,3.6498108,2.273538,3.0971203,2.6290643,3.4113407,3.0879865,2.857218,3.4785607,3.1003375,2.9967847,3.2631416,3.959865,3.1574554,3.1430564,2.200032,2.8040822,3.1754937,2.8997653,2.3906984,2.2948089,2.5653377,2.5969884,2.5877624,2.4412096,2.4190602,2.6727235,2.2442565,3.6904287,2.543929,2.7425296,2.350433,2.5153728,2.2934678,2.2706141,1.8824044,3.2741494,2.6021073,2.6918366,2.9357448,2.9451807,2.9004035,3.0886436,2.9053698,2.9512537,3.170012,3.037019,5.0402856,5.1313224,5.0414844,5.1068916,4.8532467,4.794357,5.0254335,4.981591,4.966051,4.965903,5.2764716,5.258984,3.3600318,4.5518775,4.956551,4.972807
10,3.537842,3.2233582,2.776257,2.8018508,2.8956716,2.2595663,2.1137774,2.325307,1.8221005,2.2918296,0.0,0.6812392,3.0101001,1.959415,2.956187,3.0911207,1.8945953,1.674505,2.0991545,1.6217439,2.1252832,2.072581,2.3326914,2.233711,2.7045977,1.9593407,2.8596132,2.3115916,2.159964,2.1688695,1.5360951,1.4042432,1.4765295,1.927069,1.5491228,2.0748553,2.1032417,1.6692541,2.1929502,3.6247144,3.4016337,3.5663588,3.3047507,3.4664302,2.278669,2.2934005,3.4199798,2.6110384,1.8446499,1.8335816,2.2791634,2.9929771,1.5809498,1.5801119,1.7312038,3.0232148,2.872872,3.3927417,4.4264226,4.5207562,4.189774,4.0584874,4.0196443,3.8905582,2.2118635,2.6351612,2.866869,2.1278486,2.898425,2.4587662,3.492863,2.6396832,2.301669,2.561213,2.7964087,2.3978698,3.3515637,3.5165923,3.2468555,3.2503839,1.8414645,2.5989885,2.744642,2.3986893,2.2923665,2.2535608,2.437027,2.5519428,2.3388705,2.3363488,2.435583,2.6437814,1.9531845,3.644505,1.9533415,2.8439054,2.4534352,2.695197,2.5220451,2.560966,2.1304646,3.9453466,2.6878867,2.3797936,2.3908968,2.5978365,2.207364,2.3641098,3.0764077,2.2244062,2.46884,2.3776724,4.35504,4.0427656,3.951186,4.0408993,3.4054468,3.3518791,3.6434488,3.5597703,4.209844,4.432746,4.173775,4.1111417,2.5505042,3.5806925,3.9426835,3.9463515
11,3.5760584,3.2849329,2.8083315,2.5044084,2.4186952,2.4107668,2.2585938,2.4765086,1.6169838,2.148265,0.6812392,0.0,2.779883,2.0899816,2.7654827,2.9069486,1.7767943,1.5871325,2.021895,1.584969,2.056001,1.9580033,2.2003677,2.0851176,2.5370648,1.9607605,2.620521,2.0463183,2.4109743,2.4244673,1.2934728,1.754979,1.1387985,1.7191588,1.3002273,1.7458264,1.9024192,1.3302794,2.117387,3.5884678,3.2898138,3.462247,3.1978345,3.344882,2.0759182,2.0229545,3.2486908,2.4213424,2.1091053,1.6230168,2.0317042,2.598835,1.2695076,1.2872597,1.455888,2.5552547,2.6411345,3.2236474,4.314634,4.412087,4.1622825,4.007271,3.995742,3.851773,1.9964576,2.4052277,2.6275616,1.8660642,2.5890515,2.1370935,3.2155445,2.3354428,2.0514333,2.3628826,2.5707133,2.1543417,3.1380196,3.798851,3.0390663,3.05076,1.5739709,2.4137833,2.7718296,2.5028484,1.9822443,1.9520949,2.143872,2.2893631,2.075283,2.0646877,2.190516,2.4756038,2.0629506,3.2922256,1.7849752,2.368417,2.1797152,2.527543,2.2069993,2.2414181,1.9667856,3.7132354,2.4628327,2.150758,2.1553335,2.3435092,1.9829447,2.1830292,2.92384,2.0537608,2.283705,2.1835895,4.2641144,3.981633,3.8797247,3.9243095,3.4151864,3.3365312,3.5988624,3.5180216,4.076291,4.259327,4.1060367,4.0372963,2.3375158,3.45816,3.806921,3.7997131
12,3.4119751,4.238246,2.4026408,1.9080492,2.760375,3.4893687,3.3355815,3.8232124,2.4601738,2.549884,3.0101001,2.779883,0.0,2.3061674,1.0853562,1.3507899,2.5493457,2.6282582,3.4864886,3.0501,2.6939902,2.4448373,3.022001,2.8856685,3.2494907,2.840431,3.419163,2.9123647,3.6525235,3.6754584,2.8537285,3.3526726,2.895333,2.7797189,2.744851,2.987091,2.8873987,2.5196412,3.2415898,3.468021,3.601253,3.6218424,3.7247694,3.7964168,3.3008697,3.4343665,4.2758293,3.4670045,3.5977042,3.1303487,3.6757393,3.4001174,2.989787,3.0507984,2.8121345,3.084626,4.3351703,4.569442,4.569568,4.7187104,5.565935,5.73971,5.477211,5.2728615,2.3477561,3.1668773,3.9780388,2.831087,2.9659946,3.1151674,3.961174,3.5097678,3.561562,3.3947809,3.6808276,3.6367447,4.0845003,5.0164914,3.9541728,4.0714965,2.6633415,2.3117003,3.2676156,3.3512297,2.620745,2.5574872,2.7210562,3.0798855,2.8791037,2.8734183,3.1112416,3.3317149,3.2599325,3.8974717,3.237872,3.3238144,2.26503,2.0375738,2.280022,2.1682055,2.3643122,2.8339775,2.7148993,3.2217126,2.9687116,3.4248462,3.1081123,3.3902142,3.0141022,3.4289641,3.376351,3.2038586,4.7484026,5.0629573,5.1297374,5.095738,4.9050035,4.796305,4.9989157,4.9691157,5.461306,5.3406568,5.6420536,5.6577682,3.7593074,4.7494264,5.0690966,5.058281
13,2.987124,2.8432095,2.1428251,2.3167021,2.9759579,2.337295,2.2176223,2.7337532,1.4192059,2.2842548,1.959415,2.0899816,2.3061674,0.0,2.1626058,2.350215,1.9780906,2.0617828,2.5594273,2.471823,2.7997086,2.6137278,2.951987,2.8513734,2.8265138,1.728734,2.8975444,2.4341228,2.894218,2.9092832,2.4174402,2.1228216,2.4255142,2.1524017,2.4790723,2.7519171,2.7171714,2.4009783,3.0481741,3.640267,3.7246032,3.7266226,3.8803544,3.9803522,3.033745,3.2259457,4.083687,3.3821056,2.652446,2.745696,2.8181698,2.9090507,2.588113,2.6402583,2.3374362,3.453987,3.7095788,3.913748,4.8857102,5.0077243,4.856496,4.779521,4.6636515,4.5739946,1.9742138,2.5405433,3.6985955,2.2353194,2.70734,2.494205,3.1268573,2.7000327,2.528941,2.7359776,2.6340182,2.5746448,3.1071787,3.1235883,2.9530935,3.0713487,1.9822006,2.4493127,2.39628,2.2261522,2.322327,2.2749202,2.613422,2.7256334,2.617528,2.5489964,2.7296808,2.866081,2.0964482,3.666976,2.5614674,3.3463528,2.4822292,2.3566093,2.494521,2.4609098,1.7817402,3.109784,2.945635,2.8429666,2.1977494,2.6352367,2.7425296,2.8776593,2.3468716,2.6144521,2.547995,2.3771286,5.026976,4.8704166,4.865692,4.8152456,4.716705,4.6598215,4.899338,4.8369727,5.268655,5.074455,5.485469,5.496524,3.3828015,4.5893283,4.9318624,4.941877
14,3.1675656,4.142565,2.5711696,1.9643962,2.8612347,3.3329298,3.1284227,3.4078856,2.2180889,2.0527234,2.956187,2.7654827,1.0853562,2.1626058,0.0,0.926066,2.3418593,2.4809399,3.1158378,2.8983984,2.9706118,2.791323,3.037975,2.942521,3.3364522,2.8813381,3.2659943,2.761292,3.8632767,3.8747745,2.9312246,3.3182657,2.9446528,2.7694018,2.81403,3.17857,2.778451,2.6186101,3.3371081,3.7666004,3.919386,3.9119422,4.07938,4.155938,3.4722183,3.5969052,4.2385178,3.5611453,3.555212,3.1026888,3.7128372,3.3691084,2.8579383,2.9166512,2.7093422,3.1499324,4.0673013,4.327226,4.446601,4.5910807,5.102279,5.3579416,4.946328,4.81144,2.3492956,2.7983923,3.8871093,2.479005,2.855658,2.7794373,3.6447482,3.2721167,3.3561327,3.294616,3.3176503,3.3736122,3.7569945,4.6664104,3.630332,3.7276218,2.4941788,2.5376337,3.1937892,3.0154858,2.6195922,2.542999,2.7642741,2.9325254,2.8976896,2.832515,2.9860156,3.1663513,3.0059402,3.9223022,3.1581585,3.227025,2.345803,1.9199084,2.1961617,2.1211052,1.9836972,2.7213,2.7113516,3.1188388,2.7857723,3.1549327,3.0890932,3.327605,2.6247315,3.345326,3.1238916,2.9634628,4.9496517,5.279389,5.2555737,5.26281,5.18122,5.082748,5.316318,5.282193,5.551021,5.3848968,5.746256,5.775157,3.7512302,4.895282,5.2848186,5.310487
15,3.247163,4.2275343,2.595336,1.948379,2.8412766,3.3879976,3.19282,3.407514,2.3285618,2.1351793,3.0911207,2.9069486,1.3507899,2.350215,0.926066,0.0,2.2405796,2.378337,3.1357496,2.8544395,2.9914873,2.755931,2.9646676,2.8999257,3.4184375,3.12898,3.4871821,2.9416025,3.9343219,3.9500756,2.9167707,3.3120394,3.0329046,2.9227052,3.0096483,3.3829777,3.002245,2.7944,3.4191651,3.7535045,4.110334,4.0931215,4.273537,4.2078586,3.7565334,3.8344347,4.4484906,3.8214583,3.5375123,3.0190964,3.6544595,3.251445,2.7908127,2.853607,2.6192791,3.0882487,4.152137,4.4490805,4.4168253,4.5571713,5.1901875,5.4159894,5.0892625,4.8884826,2.3273711,2.6811216,3.9649913,2.4336429,2.7586617,2.731181,3.6673281,3.262307,3.3136787,3.3584046,3.2702074,3.380336,3.7084763,4.651659,3.6154993,3.7105706,2.7237287,2.6462584,3.2817712,3.170444,2.473443,2.41797,2.940923,2.9798687,2.8046992,2.7656443,2.8623075,3.1292613,2.9842484,3.9128485,3.16407,3.1234305,2.1399374,1.7323457,1.977708,1.8904846,2.2902963,2.6595943,2.6468668,3.1477687,2.768873,3.0098183,2.8762717,3.1172214,2.521002,3.27488,3.1602213,2.986725,4.897254,5.312359,5.2765155,5.2353845,5.2333226,5.135959,5.457942,5.435932,5.5460114,5.4078746,5.789159,5.810455,3.788619,4.8820953,5.325213,5.3687563
16,3.42947,3.3777332,2.8150434,2.6206331,2.6817026,2.5442066,2.2667294,2.596795,1.5762007,1.9686923,1.8945953,1.7767943,2.5493457,1.9780906,2.3418593,2.2405796,0.0,0.40208656,1.9708015,1.3619803,2.35773,2.4476376,2.7889397,2.6071017,2.7761626,2.3993533,2.811588,2.1673317,2.7793374,2.7963884,1.5216676,2.0027115,2.022693,1.9454865,1.8745899,2.3844018,2.310667,2.1261213,2.7588701,3.2760625,3.0757227,3.0833852,3.2554054,3.2177048,2.6668165,2.6320941,3.3154473,2.8837368,2.342686,1.9031311,2.4101589,2.1915407,1.6730629,1.7377528,1.6292945,2.4879606,2.8903575,3.2231297,4.164594,4.2394156,3.9228768,4.039828,3.7374027,3.6681218,2.2187598,2.1589754,3.331359,1.784085,2.9991891,2.1592228,3.2010732,2.4080067,2.312988,2.5941546,2.4873867,2.5298152,3.233135,4.027455,3.0716333,3.1483796,2.169361,2.7283323,2.7900445,2.5362575,1.9942572,1.9534472,2.7694108,2.6510644,2.4424136,2.4700425,2.5531313,2.5110214,2.3681073,3.6678762,2.4619217,2.7084465,2.1350515,2.4813173,2.1460373,2.0979211,2.011058,3.675968,2.4713047,2.5157495,2.5251524,2.7030451,2.38422,2.5094602,2.4216647,2.7996314,2.5882301,2.4550793,5.0610404,5.0117707,4.963421,4.9658732,4.4920955,4.401374,4.74518,4.7292104,5.1409435,5.134162,5.26517,5.210472,3.3515291,4.580458,4.933282,4.9706664
17,3.4238605,3.3818722,2.741031,2.6418345,2.659456,2.3963845,2.1582341,2.5081558,1.6891953,2.0172157,1.674505,1.5871325,2.6282582,2.0617828,2.4809399,2.378337,0.40208656,0.0,1.964321,1.1845787,2.143631,2.2728996,2.6508963,2.4590993,2.7306352,2.3392658,2.8069954,2.15642,2.549232,2.5711977,1.2739292,1.7457721,1.8777024,1.8350427,1.6798854,2.21109,2.3137712,2.0182412,2.5123093,3.2184215,3.044464,3.0867345,3.1624215,3.1278787,2.5167632,2.5014157,3.2715487,2.8053813,2.1799788,1.7693615,2.3357077,2.3015277,1.4770731,1.5291022,1.5093889,2.496684,2.8273509,3.1765006,4.082913,4.1526294,3.9255009,4.0624137,3.7707956,3.6976233,2.2604523,2.2904718,3.2616615,1.881665,3.0478778,2.2521074,3.363926,2.5167222,2.3565571,2.6454072,2.61481,2.560747,3.3315792,4.031935,3.2011368,3.257784,2.1901095,2.7257295,2.8253217,2.575927,1.9712051,1.9381303,2.7662528,2.674431,2.3286703,2.3873076,2.4997437,2.4473162,2.2536948,3.6284359,2.3338354,2.6816468,2.0883102,2.505073,2.0945606,2.0599,2.1171427,3.7749138,2.4100783,2.455886,2.5635087,2.7336514,2.3345928,2.488622,2.644186,2.7387516,2.678301,2.557984,4.928101,4.8807764,4.8243227,4.8376546,4.2616735,4.1695766,4.5385,4.517472,4.9783707,5.0305853,5.0495334,4.9856777,3.2091987,4.410813,4.7607017,4.795227
18,3.246391,2.838931,2.9751058,2.688551,2.6689343,2.1773973,1.946826,2.1643243,2.1060722,2.5180862,2.0991545,2.021895,3.4864886,2.5594273,3.1158378,3.1357496,1.9708015,1.964321,0.0,1.5739166,2.8549755,2.9826152,2.9667835,2.8527794,3.0011954,2.548645,2.6361473,1.9856489,3.3994646,3.3820689,2.1276364,2.3404558,2.2387452,2.2083423,2.1462827,2.572228,2.505691,2.4267635,2.9838746,4.373218,3.8990655,4.04678,3.773698,3.679298,2.9471698,2.9010406,3.580932,3.3050911,2.1169593,1.5836923,2.1791906,2.7811923,1.8202989,1.8087415,1.6178284,2.621443,2.66607,3.0666025,4.645819,4.687952,3.7215548,3.786613,3.355762,3.4931097,2.0729268,1.5788726,2.3225574,1.3060676,2.5193357,1.4302422,2.2448673,1.6072692,1.4071766,2.1755197,1.9630653,1.7284615,2.1577141,3.0824487,2.1287234,2.1100845,1.730799,2.7622766,3.140045,2.203684,2.3727016,2.3997095,2.724423,2.261047,2.8436882,2.6179001,2.1483252,1.9356631,1.8206468,3.3200982,1.914646,2.2330596,2.2735322,2.3572154,2.3567436,2.4627118,2.3989549,3.2246091,2.676435,2.1262453,2.3046696,2.2031724,2.1822636,2.2600584,2.8708427,2.3691869,2.0706105,2.0447142,4.2917414,4.1226907,3.8959587,3.9028847,3.7242377,3.732924,4.0532775,4.0070195,4.1108823,3.9058533,4.276078,4.2736673,2.3277464,3.5691476,3.9596105,4.045243
19,3.4253242,3.1367257,2.7568939,2.7657778,2.5856624,2.1268573,1.771519,2.0939312,2.1308658,2.43256,1.6217439,1.584969,3.0501,2.471823,2.8983984,2.8544395,1.3619803,1.1845787,1.5739166,0.0,1.8728658,2.1280198,2.3666356,2.1550598,2.7476134,2.4479861,2.748263,2.0809164,2.4567661,2.4675999,1.1287407,1.6393296,1.6927336,1.717034,1.4727751,2.1469457,1.9111826,1.838596,2.5429296,3.8623638,3.3450668,3.5212407,3.2143226,3.1254108,2.428674,2.326279,3.174504,2.6933322,2.136346,1.5450275,2.0055184,2.6556842,1.4181285,1.3974271,1.2389786,2.416181,2.796737,3.1343153,4.2271957,4.2771354,3.5669954,3.7423031,3.4724104,3.3748896,2.1756966,2.139588,2.5737152,1.8191646,2.9490602,2.12592,3.1605494,2.2780437,2.1242728,2.2957313,2.5328295,2.3261108,3.0947683,3.83513,3.0275602,3.016695,2.1107068,2.506357,2.6376987,2.3654072,1.8833947,1.8845885,2.7832155,2.5041645,2.387279,2.42077,2.451984,2.3756535,2.3159077,3.752509,2.2577214,2.5688734,2.2772622,2.5235674,2.233589,2.2660844,2.6745384,3.8085947,2.5783913,2.4308047,2.684152,2.6777508,2.319427,2.4117105,3.124362,2.655925,2.4761217,2.43946,4.291472,4.151609,4.069837,4.089368,3.4743273,3.385779,3.7970402,3.766118,4.1513467,4.243457,4.227505,4.1922207,2.6242015,3.6312623,4.015125,4.067064
20,4.1730165,4.028578,2.5252416,2.5714939,2.8952208,2.8140266,2.6870744,3.0775998,2.8445327,3.0522313,2.1252832,2.056001,2.6939902,2.7997086,2.9706118,2.9914873,2.35773,2.143631,2.8549755,1.8728658,0.0,0.9485499,1.7271367,1.396558,3.0927474,2.9675343,3.3991945,2.840248,2.6915288,2.7256253,1.769369,2.2790835,2.3949509,2.221034,2.082478,2.438601,2.7042894,2.265264,2.695365,3.8714614,3.5683014,3.7472372,3.4389212,3.4147956,2.7665136,2.6692147,4.1926084,3.1998649,2.769511,2.2180452,2.6735556,3.089489,2.0016286,1.9982628,2.1638896,2.8368604,4.1596417,4.5068536,5.1592517,5.241711,5.2163796,5.333634,5.174795,5.082156,2.1555207,3.1948893,3.2988856,2.8711092,3.0478027,3.1027188,4.179391,3.2734284,3.0675716,2.5680997,3.4913278,3.1563928,4.0112,4.765778,3.9863994,3.9922097,2.8132763,2.37583,3.4868922,3.406224,2.642223,2.6558096,3.2416708,3.2387142,2.650909,2.7787077,2.97235,2.97706,2.9409213,4.0712876,2.7395432,3.0511835,2.785858,2.4532878,2.7731855,2.76759,3.2651834,3.9006157,3.0160725,2.926399,3.2163777,3.3220766,2.82515,3.0008626,3.908801,3.1808586,3.4091132,3.3047462,4.5166183,4.4200935,4.3604074,4.383959,3.5168238,3.4116476,3.7868643,3.7342896,4.4531837,4.706967,4.2954445,4.2419276,3.0750415,3.9315035,4.177784,4.184144
21,4.254258,4.1462708,2.5795453,2.3264208,2.6432326,2.9468243,2.8066037,3.276447,2.7168796,3.1387753,2.072581,1.9580033,2.4448373,2.6137278,2.791323,2.755931,2.4476376,2.2728996,2.9826152,2.1280198,0.9485499,0.0,1.7863444,1.5841631,2.8885665,2.820698,3.5860221,3.0255556,2.9292889,2.9578748,2.0254931,2.501545,2.2206001,2.4094245,2.1792367,2.506403,2.532665,2.0644996,2.7963428,3.807731,3.6493113,3.8122728,3.5296416,3.5061812,2.8868074,2.8931584,4.2606273,3.1233084,2.906798,2.3692496,2.8052993,3.121765,2.090018,2.105144,2.2985926,2.895515,4.3262253,4.732956,5.2483096,5.362207,5.458591,5.4876165,5.3978148,5.2126737,1.8918674,3.0068984,3.2399635,2.6765695,2.5804741,2.9035523,4.0328593,3.087192,2.9185777,2.3412967,3.291121,2.9703107,3.895444,4.705596,3.8580124,3.8928216,2.6406422,2.1858697,3.3323078,3.2665439,2.495246,2.5090544,3.0995142,3.032284,2.4208424,2.56055,2.810157,3.1033669,2.9559317,3.9497359,2.6844153,2.9530556,2.6305928,2.22772,2.5948124,2.5826824,3.0553694,3.732861,2.9379373,2.9141326,2.7220526,2.902341,2.3919199,2.592777,3.5056036,2.7857158,3.0250955,2.8936522,4.2762547,4.187855,4.145759,4.1421533,3.5636673,3.454136,3.8208582,3.768313,4.5477767,4.7272506,4.426098,4.3734326,2.9916675,3.783729,4.1905227,4.1926994
22,4.237353,4.1051087,2.8674643,2.6370919,3.1089423,3.1168501,2.9860415,2.563015,2.7552075,2.6126056,2.3326914,2.2003677,3.022001,2.951987,3.037975,2.9646676,2.7889397,2.6508963,2.9667835,2.3666356,1.7271367,1.7863444,0.0,0.5091849,3.5646198,3.4036863,3.3208268,2.8801732,3.0854688,3.0903623,2.277509,2.62345,2.574534,2.684528,2.7536123,3.0133488,2.887479,2.5035427,3.1338818,4.5742464,4.5469203,4.6990337,4.4948,4.478649,3.2766564,2.974359,4.584917,3.5602484,3.1150904,2.2737122,2.5651135,2.998096,2.1117003,2.1122804,2.114924,3.104179,4.0722685,4.600843,5.1610184,5.266925,5.207213,5.156221,5.285711,5.035708,2.1037297,3.1129885,3.2964034,2.8127325,2.5594594,2.9064083,3.9034593,3.1705213,2.9454763,2.7056477,3.1988015,2.8935323,3.648612,4.447291,3.7027037,3.6320968,2.7944603,2.3539958,3.509557,3.358867,2.6830418,2.6941059,3.1570086,2.9741564,2.7065182,2.7182257,2.7309868,3.179906,2.8342361,3.8458836,2.7722325,2.9017923,2.9090636,2.463579,2.8171046,2.845242,3.2984245,3.6388295,3.1373181,2.9410985,3.249562,3.0157843,2.6993995,2.8605492,3.818097,3.0064504,3.312518,3.211805,4.6784563,4.5625505,4.405181,4.356468,3.9775414,3.927361,4.300699,4.2029777,4.113648,4.429289,4.2329345,4.2527137,3.0586865,3.8104322,4.224097,4.2187963
23,4.123969,3.9915197,2.719038,2.511959,2.9111993,2.94985,2.805335,2.604884,2.664273,2.6231086,2.233711,2.0851176,2.8856685,2.8513734,2.942521,2.8999257,2.6071017,2.4590993,2.8527794,2.1550598,1.396558,1.5841631,0.5091849,0.0,3.384885,3.207304,3.156485,2.7092583,2.9846194,2.99589,2.0429592,2.5036478,2.445544,2.4175186,2.5029883,2.8210182,2.747454,2.3608346,2.9230816,4.4911733,4.3940916,4.5529847,4.3153915,4.3103538,3.0906775,2.8025687,4.4348264,3.432533,3.1181228,2.2388942,2.505189,2.9231584,2.0025291,2.0030472,2.0208263,3.006519,3.996005,4.468652,5.1313806,5.2345223,5.066818,5.0774593,5.1341286,4.9582276,1.9823285,3.047606,3.181476,2.7221837,2.6299834,2.8509064,3.8683052,3.1214926,2.894728,2.625715,3.1588166,2.8355365,3.6466663,4.482823,3.6539404,3.6068578,2.7151034,2.3173296,3.4601126,3.3471296,2.5475616,2.5562944,3.1328645,3.025826,2.5934222,2.633179,2.7400382,3.0183203,2.7880995,3.8803072,2.656378,2.8230093,2.8497994,2.3535972,2.7261007,2.7468486,3.2171147,3.6034825,3.0478914,2.8391426,3.1804488,3.0429654,2.7815704,2.940786,3.8524919,3.052672,3.3255847,3.2201176,4.6710296,4.557069,4.4198165,4.3481903,3.9019141,3.826801,4.210893,4.106608,4.089735,4.356056,4.2055116,4.2153583,2.936908,3.8035614,4.1373982,4.1397266
24,4.1097484,3.947193,3.3538036,3.1021717,2.2934198,2.9156077,2.8405728,3.692071,2.6273918,3.4591975,2.7045977,2.5370648,3.2494907,2.8265138,3.3364522,3.4184375,2.7761626,2.7306352,3.0011954,2.7476134,3.0927474,2.8885665,3.5646198,3.384885,0.0,2.1248772,3.7617276,2.7526195,3.3362586,3.3600757,2.4880843,2.8848069,2.1299694,2.4222841,2.2144248,2.3708644,2.781581,2.2840655,2.565252,3.8171227,4.4144073,4.516607,4.293354,4.378712,3.508357,3.751783,4.323162,3.77887,3.5728853,2.897492,3.157091,3.2458324,2.872474,2.8704076,2.7891846,3.3521364,3.7630246,3.9208047,4.7794523,4.9574385,4.933129,4.9845376,4.825219,4.76164,2.620389,2.362458,4.0755696,2.9326837,3.1339612,2.7621825,3.6867096,2.9929154,2.6767178,3.0208359,2.9349434,2.653898,3.59834,4.480846,3.54575,3.643109,2.144614,2.7765026,2.7479987,3.1013026,2.4783087,2.458347,3.0110588,2.2741616,1.8619392,1.8502867,2.23994,2.1442673,2.8653426,3.5182242,3.4060736,2.931666,2.743871,3.127142,2.7965536,2.7988997,2.6215873,4.0680866,4.052629,4.081039,2.481372,3.1244538,2.8535128,2.9698174,2.9219337,2.2872965,2.8237655,2.7449017,4.2478275,4.0256705,4.135825,3.987001,4.196473,4.1195674,4.350092,4.2810974,4.7990556,4.707823,5.0765357,4.963884,3.1273265,4.145043,4.484843,4.503596
25,2.7231019,2.4908347,2.5139253,2.7042975,2.2750742,1.8573757,1.7967852,2.9254239,1.7534579,2.841429,1.9593407,1.9607605,2.840431,1.728734,2.8813381,3.12898,2.3993533,2.3392658,2.548645,2.4479861,2.9675343,2.820698,3.4036863,3.207304,2.1248772,0.0,2.4017878,1.8886582,2.5947967,2.6042318,2.1583426,2.118679,1.7574501,1.6457415,1.7450483,2.046199,2.4667094,1.8839399,2.1522386,3.5654292,3.6434999,3.7593048,3.5137498,3.7039406,2.4520981,2.887444,3.5083628,3.0084493,2.958874,2.787378,2.7083642,3.1905255,2.7538211,2.7676606,2.320756,3.383109,3.1267064,3.1112728,4.3393216,4.451804,4.349279,4.459083,4.251054,4.184917,2.3370192,2.603383,3.2998614,2.3483927,3.0300062,2.5150332,3.1079626,2.7464437,2.454995,3.1083896,2.7993765,2.4289165,3.0527992,3.3398566,2.8670273,2.9844334,1.5909693,2.4061396,2.3638012,2.3092558,2.045207,2.0085385,2.4744136,2.4216485,2.159616,2.0468452,2.4193552,2.3872764,1.9910891,3.4484458,2.2622166,2.9835796,2.3292048,2.814847,2.3582807,2.3498077,2.0331671,3.444943,2.8872402,2.8893497,2.1565359,2.8087232,2.8561459,3.0252764,3.042622,2.3782752,2.6948068,2.6089375,4.362737,4.146777,4.2620406,4.102319,4.087753,4.031499,4.2041965,4.10458,4.676147,4.249163,5.024662,5.0191116,2.7356136,3.8692918,4.2199535,4.2013755
26,2.7031138,2.3130183,3.2080374,3.1195931,2.621937,2.568806,2.4013972,2.6465938,2.1189544,2.55684,2.8596132,2.620521,3.419163,2.8975444,3.2659943,3.4871821,2.811588,2.8069954,2.6361473,2.748263,3.3991945,3.5860221,3.3208268,3.156485,3.7617276,2.4017878,0.0,1.2483835,3.2288888,3.2144973,2.479783,2.9256208,2.5019772,1.9837313,2.4811413,2.771114,2.931063,2.5564368,2.827621,4.290864,3.8589418,3.9861465,3.792572,3.9148166,2.4666917,2.4911306,3.4012296,3.1671803,3.539246,2.9087436,2.4299257,2.8565633,3.0362837,3.0565672,2.228706,3.0617826,2.6159942,2.5737453,4.235944,4.2303047,3.784585,4.005104,3.863864,3.7643192,2.772873,3.1040027,2.867839,2.4713326,3.3417785,2.6809294,2.7679703,2.8952549,2.7192228,3.6257362,3.0388892,2.7052808,2.6591468,3.7605212,2.4698095,2.4584157,2.2813928,2.7008333,3.438568,3.0820293,2.3855379,2.385765,2.779033,2.8875172,3.0281174,2.8042133,2.8464289,2.8689249,2.5138435,3.7116952,2.0432572,2.6553833,2.7629952,3.207514,2.7037177,2.698319,2.8895838,3.3187327,2.3562431,2.2305918,3.2089708,3.1961002,3.4812708,3.593008,4.0068965,3.3346028,3.4593897,3.4158094,5.0565815,4.9099464,4.924826,4.721076,4.6529694,4.6232142,4.7260504,4.6244087,4.4932303,3.8405612,5.1068907,5.181724,3.0474112,4.097721,4.371597,4.3301024
27,2.5803323,2.4236827,2.7349455,2.576548,2.0740602,2.0408258,1.8602114,2.2310584,1.5990615,2.024433,2.3115916,2.0463183,2.9123647,2.4341228,2.761292,2.9416025,2.1673317,2.15642,1.9856489,2.0809164,2.840248,3.0255556,2.8801732,2.7092583,2.7526195,1.8886582,1.2483835,0.0,2.8471086,2.837275,1.8480222,2.3894727,1.9118879,1.3838272,1.852376,2.223792,2.4942162,2.0339115,2.2495687,3.7236793,3.642338,3.7764513,3.5418494,3.6446915,2.4952278,2.4980333,3.4614317,3.149217,2.9209201,2.157404,2.0128078,2.4362159,2.3649752,2.3807366,1.5158563,2.417405,2.30712,2.3911521,3.8715227,3.9262903,3.7554355,4.019305,3.7161496,3.629273,2.1316733,2.297702,2.8509934,1.973482,2.8632774,2.1330194,2.569603,2.4389796,2.124403,3.0979378,2.6267807,2.254683,2.4217496,3.617243,2.2744968,2.282678,1.4583617,2.1185358,2.83515,2.5508163,1.7811589,1.7502081,2.3986855,2.0150332,2.1854072,1.9121737,1.9249847,1.8378655,1.9098191,3.183682,1.9483961,2.067669,2.052809,2.5855186,2.0798185,2.0789742,2.2542722,3.0025904,2.4277747,2.3822427,2.643189,2.7797537,2.8439643,3.0107453,3.3298624,2.627386,2.926933,2.8584447,4.424455,4.313455,4.344934,4.2068315,4.1132755,4.0798845,4.238421,4.1608176,4.2313013,3.722598,4.7871165,4.7975774,2.515895,3.7078536,4.0941777,4.077926
28,3.7191832,3.33834,3.1425893,3.9961634,3.741308,2.6885257,2.5988665,2.8535361,2.9411132,3.2200582,2.159964,2.4109743,3.6525235,2.894218,3.8632767,3.9343219,2.7793374,2.549232,3.3994646,2.4567661,2.6915288,2.9292889,3.0854688,2.9846194,3.3362586,2.5947967,3.2288888,2.8471086,0.0,0.15436634,2.0618818,1.5217875,2.2805014,2.58204,2.2365227,2.4607167,2.9429421,2.4018161,2.5635705,3.6308005,3.6041822,3.7584193,3.538298,3.6683254,2.3622096,2.5006075,3.4174535,2.8558931,2.7044864,2.7244847,2.8408322,3.6710918,3.0321405,3.0116785,2.6070259,3.9203086,3.4806027,3.5418687,4.011247,4.0647225,4.384994,4.447836,4.696599,4.3040524,3.4363713,3.835027,4.018365,3.570942,4.209458,3.7518098,4.5527387,3.876298,3.603026,3.8769386,3.9341567,3.6365979,4.382809,4.225236,4.344169,4.3227596,3.0601513,2.8903024,2.8010738,3.0677142,2.9390905,2.9203198,3.168337,3.2300591,3.1168826,3.1789784,3.3410225,3.4779823,2.8866491,4.2841787,3.2468553,3.9808955,3.1006384,3.9130268,3.3619232,3.3411558,3.4762986,4.8612857,3.393879,3.6180315,3.992912,4.1564217,3.4030216,3.5230377,4.207815,3.4800406,3.8094273,3.7864127,4.9240756,4.648962,4.8196406,4.7619524,3.9143069,3.916204,4.166574,4.08307,4.657584,4.914106,4.81817,4.823775,3.8127918,4.273995,4.5307436,4.4520564
29,3.7164073,3.3449457,3.1708808,4.023229,3.7609398,2.6826975,2.5812407,2.8216393,2.9510386,3.223499,2.1688695,2.4244673,3.6754584,2.9092832,3.8747745,3.9500756,2.7963884,2.5711977,3.3820689,2.4675999,2.7256253,2.9578748,3.0903623,2.99589,3.3600757,2.6042318,3.2144973,2.837275,0.15436634,0.0,2.113709,1.5668422,2.2816992,2.635297,2.2499247,2.4859824,2.9270039,2.4034953,2.5936124,3.673951,3.63224,3.786736,3.5602582,3.6981924,2.343832,2.4767265,3.3805704,2.819955,2.6989617,2.7072046,2.8656213,3.701194,3.0627708,3.0422876,2.6260166,3.9526143,3.4760714,3.5367658,3.984608,4.0400686,4.354617,4.44202,4.678324,4.277639,3.4352672,3.8285182,3.992067,3.5535653,4.200802,3.734175,4.535279,3.8636599,3.5978134,3.8764071,3.9178858,3.624332,4.374288,4.2077127,4.32845,4.3060737,3.042102,2.8632708,2.8132935,3.0110333,2.9776251,2.956944,3.1884282,3.2008543,3.1626282,3.2068453,3.3360722,3.4848235,2.870375,4.281386,3.2457051,3.986049,3.0982199,3.915257,3.3802462,3.36126,3.4648929,4.858586,3.3707232,3.6042066,4.0063133,4.1703815,3.3870275,3.5101156,4.2090626,3.4942422,3.8000724,3.7783375,4.9283066,4.652592,4.827074,4.765368,3.914672,3.9288206,4.178625,4.091039,4.6590447,4.8917828,4.8327403,4.845987,3.8199246,4.2620873,4.5473413,4.4664044
30,3.4367213,3.0664408,2.6370027,2.6465104,2.2489305,2.2510335,2.0997658,2.476607,1.915715,2.3509665,1.5360951,1.2934728,2.8537285,2.4174402,2.9312246,2.9167707,1.5216676,1.2739292,2.1276364,1.1287407,1.769369,2.0254931,2.277509,2.0429592,2.4880843,2.1583426,2.479783,1.8480222,2.0618818,2.113709,0.0,1.457367,1.3299484,1.2285345,1.1455802,1.5409615,2.1461513,1.5269381,1.989629,3.473068,3.2109706,3.3805048,3.134289,3.1018252,2.075199,2.0261228,3.1845899,2.6240325,2.3646529,1.6155142,1.6898981,2.2608678,1.3679795,1.3618544,1.1234769,2.2872398,2.6350358,2.960746,4.0981746,4.152449,3.9356709,3.911915,3.9461813,3.7967465,2.2389364,2.475831,2.9185376,2.20902,2.9962308,2.367916,3.3569489,2.5334613,2.264166,2.6232452,2.7309635,2.401678,3.2174141,4.0635242,3.1944468,3.1935701,2.0735786,2.4268768,2.673822,2.827445,1.59905,1.6230419,2.3700252,2.4781065,1.9427183,2.0442657,2.2873666,2.271622,2.280832,3.381712,2.1381974,2.3826692,2.111306,2.7035806,2.0821962,2.0854445,2.6105907,3.8139207,2.5825708,2.497353,2.7012708,2.7645307,2.4103591,2.5462852,3.2645292,2.4909317,2.75989,2.7026074,4.389449,4.205346,4.1690507,4.107067,3.5599878,3.4493647,3.7827911,3.7286172,4.065938,4.26022,4.203029,4.139964,2.6264582,3.6819642,3.8664525,3.868778
