,0,1,2,3,4,5,6,7,8,9,10,11,12,13,14,15,16,17,18,19,20,21,22,23,24,25,26,27,28,29,30,31,32,33,34,35,36,37,38,39,40,41,42,43,44,45,46,47,48,49,50,51,52,53,54,55,56,57,58,59,60,61,62,63,64,65,66,67,68,69,70,71,72,73,74,75,76,77,78,79,80,81,82,83,84,85,86,87,88,89,90,91,92,93,94,95,96,97,98,99,100,101,102,103,104,105,106,107,108,109,110,111,112,113,114,115,116,117,118,119,120,121,122,123,124,125,126,127
0,0.0,1.2028639,2.2007494,1.4769278,2.7927253,2.7777934,1.7481121,1.1153605,1.90079,1.9074342,1.9289552,1.7965795,2.2797153,2.004158,1.6352563,1.6633371,3.062615,3.1215124,1.3628752,1.5380853,2.6756825,2.8772886,2.939716,2.581391,2.241403,2.0616052,2.2424207,2.1027164,2.6067393,2.9214442,2.2260904,2.213143,2.857769,2.2596686,3.320349,3.240101,2.021839,1.7682055,3.7592843,2.9916754,1.9883151,2.64035,2.3315098,1.9060938,2.534273,2.6867323,2.575974,2.8040893,1.7762613,1.8591247,1.7455616,1.7099112,2.8581753,2.1193566,1.8271421,1.873753,1.8393712,1.731044,1.8400369,1.8696735,1.8630857,1.7784753,2.4251606,2.6940603,1.5511981,1.5329407,1.7388512,1.6380323,1.6017374,1.4378458,1.8503553,1.9225318,1.76709,2.0992475,1.8299946,1.8659031,2.0158029,1.9500333,2.2474012,2.1040206,1.7008146,1.423271,1.4325438,1.4649441,1.6088171,1.5268884,2.7193506,1.9585711,1.8599032,2.4068036,2.1522534,1.8184726,1.7549274,1.7363979,1.7580216,2.2863982,1.5607595,2.7550719,1.4841695,1.5081652,2.2508535,2.1663373,1.8148503,1.6093153,1.729802,1.8881273,2.2431,1.8644067,2.0889316,1.6917584,1.6920735,2.3362548,2.3544436,2.0981445,1.9630457,2.569264,2.6423845,2.4735513,3.1375976,2.5617878,2.0053236,1.864731,2.2225308,1.7148273,2.4168599,2.6773653,2.689486,2.8384278
1,1.2028639,0.0,2.0527365,1.4297693,2.5560975,2.56173,1.0954349,1.1994444,1.9018451,1.901314,1.9369469,1.806384,2.276495,2.0384548,1.8386579,1.7857122,3.0683093,3.1083064,1.4346979,1.6321607,2.2842884,2.5724196,2.6662989,2.335428,2.2338438,2.0160542,2.229183,2.0977585,2.581397,2.9228585,1.9136567,2.3441272,2.5646935,1.8131045,3.1475956,3.0674057,1.9296006,1.7778288,3.83007,3.0229335,1.78182,2.2959454,1.9953456,2.0063248,2.5579257,2.648054,2.4567606,2.5686986,1.7440174,1.8408889,1.7514911,1.7119066,2.904495,2.0374978,1.8121297,1.8524855,1.5500162,1.5479946,1.657366,1.689215,1.9488994,1.9230363,2.3944623,2.5095668,1.7579734,1.740769,1.715061,1.7473025,1.5148144,1.625988,1.8571923,1.9025791,1.6411316,1.9970587,1.806634,1.8457425,2.001248,2.0571935,2.2890115,2.149099,1.6499835,1.6697048,1.4332042,1.4762642,1.6029949,1.5352579,2.6533816,1.9965433,1.7616057,2.4383473,2.0385282,1.7282199,1.7116417,1.6540033,1.7145538,2.155736,1.4031324,2.6534011,1.5328124,1.4373201,2.2827137,2.22513,1.8165905,1.9206773,1.9721996,2.0830631,2.1768823,1.8170185,2.0095825,1.7007862,1.6025891,2.3538628,2.2716064,1.9388778,2.015817,2.4732506,2.603796,2.5307918,3.0534186,2.5293307,2.1536021,2.0221043,1.8731586,1.4634223,2.3891814,2.6676927,2.412472,2.548876
2,2.2007494,2.0527365,0.0,2.0217738,1.8858335,1.7670444,2.0708244,2.0952923,1.9620975,1.9616573,1.8466393,1.7238401,1.8583738,2.6848626,2.6784656,2.8829288,3.1636026,3.4078605,2.4921255,2.6028228,3.1250389,2.8368974,3.316135,3.1727197,2.3495243,2.2948742,2.3088746,2.488239,3.4787054,3.8384914,2.3252356,2.507688,2.5725195,2.5447505,3.0267673,2.9212592,1.9478109,2.140392,4.0583234,2.687368,2.4360545,2.0593836,2.4518785,2.5333455,3.5384393,3.5601263,3.4564934,1.981292,2.324742,2.4397774,2.2662816,2.1902556,3.7866993,2.667736,2.6278791,2.6867373,2.602517,2.570332,2.476905,2.5395553,1.9582708,1.9840012,2.5351067,2.6509278,2.2111435,2.161539,2.167004,2.159011,2.0193357,2.0857115,2.0916538,2.1734514,2.1406677,2.474608,2.1679184,2.1040163,2.4376843,2.4092617,3.1861415,3.1350033,1.5473204,2.0588334,1.9507369,1.9506655,1.9575411,1.9190888,1.7130591,2.481554,2.0365467,3.4127443,2.4073098,2.0278392,2.1868005,2.1945739,2.1162531,2.5446796,2.3489757,2.2133029,2.2573037,2.3371553,3.1538131,3.08793,2.4556212,2.372265,1.9174577,1.8598771,2.3292027,1.8893839,2.673232,2.699944,2.2280467,3.4783206,2.0313447,2.0205255,3.1924436,2.3631363,2.7487993,2.6843953,2.9234014,2.6399283,2.5919218,2.5103438,2.4229968,1.9618033,3.3407528,3.6571307,3.1227827,3.401569
3,1.4769278,1.4297693,2.0217738,0.0,2.5310314,2.4129646,0.959391,0.71339095,1.2514912,1.2740742,1.5547252,1.4738265,1.712679,1.3496509,1.396508,1.2916057,2.752752,2.5858967,1.0821002,1.2267244,2.3461428,2.7373378,2.5424092,2.3439906,1.2748626,0.9708522,1.5154034,1.1927143,1.8664907,2.4601574,1.2265412,1.3973069,2.7131867,1.5916088,3.134244,3.0500238,1.4973569,1.7114393,3.600556,2.6692371,2.0638955,1.7153913,1.3321822,2.2309453,1.9056959,2.1471586,1.8945053,2.1731374,0.8861898,0.9585068,0.8743144,0.8248868,2.3206558,1.3281621,1.3332341,1.3322048,1.4073101,1.2765429,1.2200396,1.4335183,1.4216354,1.2668915,1.8843933,1.9691485,0.97407246,0.96072716,0.91762114,0.9222896,0.5827506,0.7627118,1.0649257,1.0999445,0.95818716,1.547522,0.9913617,1.0684129,1.1270615,1.1893059,1.5431565,1.501388,0.84584564,0.7518852,0.50670075,0.5620463,0.7509406,0.49614805,2.2115548,1.5489763,0.99676794,1.704966,1.2151098,0.9698453,0.97067094,1.0144315,0.9007491,1.6672544,1.049186,2.2201853,1.012098,1.1124309,1.5635217,1.4969803,0.98942375,1.3516337,1.5864819,1.5257444,1.6967815,1.5952091,1.4882947,1.1816347,0.7827074,1.8208756,1.5882803,1.5317794,1.5319184,1.6969707,2.2067177,2.114243,2.569481,2.1484487,1.2505533,1.0862951,1.0070268,0.49168244,1.5945191,2.1619077,1.7292501,1.8832736
4,2.7927253,2.5560975,1.8858335,2.5310314,0.0,0.40414125,2.4788423,2.4491706,2.1563802,2.1484392,1.7762085,1.7188232,2.7310755,2.9929612,2.9760196,3.4365656,3.2302203,3.8570092,2.7749512,2.8908226,3.53245,2.8586633,3.6750906,3.522761,2.9157963,2.8171222,2.4376159,2.9893045,4.1767197,4.5118947,2.921777,3.088105,3.1367025,2.9962232,3.5905027,3.4977853,2.114154,2.9953794,5.314987,3.4127316,2.2236989,2.4219403,2.9988873,2.2634184,4.1740522,4.193043,4.121125,1.8279978,2.826811,2.8855548,2.8144186,2.724992,4.3353457,2.9887571,2.939873,2.9977279,2.9603238,2.9126873,2.9716985,2.9787917,2.1711822,2.1475646,2.4797244,2.5548556,2.7214458,2.6847951,2.6322722,2.6723206,2.4714744,2.5830245,2.6959338,2.6692338,2.6274476,2.9442039,2.5757113,2.5996802,2.6194706,2.7068162,3.9372408,3.8748143,1.8940964,2.6281037,2.3377318,2.3238816,2.435461,2.3734193,2.4972427,2.7254965,2.6147523,3.9846869,2.6696026,2.5843325,2.621814,2.5985785,2.5732646,3.0454614,2.7361736,2.3388126,2.706868,2.7039378,3.898145,3.800102,2.7513328,2.9671035,2.0642083,2.1126268,1.9875041,1.8259846,3.1152372,3.332929,2.7643056,4.2202573,2.0936031,1.9539654,3.614466,2.1060164,2.4284992,2.4166675,2.842036,2.326194,2.7219677,2.6724417,2.524588,2.4110322,3.7157547,4.038707,3.7476494,3.7041705
5,2.7777934,2.56173,1.7670444,2.4129646,0.40414125,0.0,2.415122,2.4257877,2.0428574,2.0428383,1.7109666,1.635499,2.6100018,2.9284277,2.9358926,3.3886092,3.1442297,3.7368538,2.7361145,2.8396254,3.4304287,2.7823703,3.5602696,3.4398475,2.7191937,2.6447992,2.2542918,2.825602,4.0432606,4.3735237,2.7299848,2.9031875,3.0269043,2.8519473,3.439624,3.3469954,1.9915001,2.9052818,5.1988926,3.2297149,2.23206,2.1592011,2.81893,2.349018,4.0741897,4.098998,4.020275,1.6552083,2.713197,2.774223,2.6806824,2.5904462,4.260747,2.8975527,2.882598,2.9360497,2.8342156,2.792831,2.819587,2.8519626,1.993922,1.9717169,2.299,2.4035165,2.568644,2.529686,2.5178282,2.5309627,2.3487973,2.4309108,2.5761857,2.553601,2.512615,2.837145,2.455217,2.477095,2.493184,2.5533655,3.8239257,3.7813766,1.7334719,2.4644282,2.242253,2.2263541,2.3077152,2.2516518,2.3508177,2.6584008,2.486995,3.8953626,2.542968,2.458142,2.5031023,2.4878368,2.4508655,2.9104836,2.6905782,2.2670648,2.6571238,2.6578078,3.8033698,3.7021348,2.652478,2.8270013,1.9000546,1.898479,1.9044396,1.783557,3.0652452,3.2468112,2.64873,4.1290836,1.9468914,1.8831849,3.5574632,1.9643348,2.3843706,2.3310459,2.7192552,2.2718916,2.5947714,2.538932,2.4568157,2.3213966,3.6583285,3.9727352,3.7033236,3.6973526
6,1.7481121,1.0954349,2.0708244,0.959391,2.4788423,2.415122,0.0,0.98774034,1.484132,1.5076537,1.7387664,1.7212445,1.8945,1.5678817,1.6917974,1.629387,2.979602,2.9004035,1.4277778,1.6418394,2.191502,2.6114423,2.4882944,2.3053522,1.7979223,1.5530316,1.9705076,1.7421474,2.2155428,2.8446674,1.3597238,1.8092936,2.6752815,1.6358876,3.1597264,3.075555,1.8316082,2.0729988,3.891593,2.9013124,1.9279289,1.7931076,1.4674937,2.271703,2.2643104,2.4294279,2.1625216,2.3261566,1.2950402,1.3345933,1.3453705,1.2994777,2.4093375,1.4450263,1.5309771,1.5399264,1.3015081,1.2857903,1.2517614,1.3989693,1.8282009,1.6807579,2.1478493,2.222742,1.4831612,1.4665552,1.3570695,1.4102464,1.0645492,1.3199623,1.3727597,1.406211,1.3153964,1.8141111,1.4305632,1.4554337,1.5101177,1.6089978,1.8963404,1.8103635,1.233611,1.3068202,1.0909351,1.1263155,1.2865049,1.0720525,2.3745027,1.7022191,1.3248693,2.0193956,1.5046879,1.3042095,1.379647,1.3873379,1.3253461,2.0506194,1.1836041,2.3463933,1.3014457,1.2360901,1.8398998,1.7877733,1.3794386,1.7508577,1.903851,1.8904071,1.912541,1.7758596,1.4730498,1.3927972,1.1393913,2.01864,1.814253,1.5871568,1.8172238,1.9357947,2.3567755,2.3820868,2.8027992,2.37738,1.5947433,1.4669273,1.085302,0.7827571,1.8228132,2.4638112,1.9015427,1.9677672
7,1.1153605,1.1994444,2.0952923,0.71339095,2.4491706,2.4257877,0.98774034,0.0,1.3125844,1.3275877,1.5244774,1.4818572,1.8145417,1.360673,1.2394258,1.2461685,2.8626873,2.851604,0.9135108,1.2052352,2.480953,2.760905,2.6996274,2.4148793,1.8178446,1.5392054,1.92595,1.6917932,2.2520378,2.8131618,1.7458984,1.7804691,2.8534741,1.8733017,3.2982585,3.222785,1.6305819,1.8501704,3.7723606,2.9208338,1.820405,2.1819444,1.8142922,1.8561717,2.1063943,2.371644,2.1200259,2.3580198,1.1301084,1.1815829,1.2104821,1.159619,2.3588424,1.4309316,1.2193879,1.2476032,1.5372021,1.3993341,1.4483659,1.558088,1.6102268,1.4551959,2.0791323,2.1939955,1.2142813,1.204323,1.1634054,1.1787035,0.9106228,1.0207992,1.2633455,1.2969261,1.2137783,1.7247891,1.2484552,1.2958716,1.3414134,1.403175,1.801887,1.6566639,1.114069,1.027482,0.710862,0.7650802,1.0972048,0.8380364,2.343008,1.5100433,1.2584716,1.8912419,1.4499174,1.2422612,1.2202259,1.2400002,1.1715288,1.9421662,0.966299,2.2260885,0.8992099,0.9705838,1.7441674,1.6669989,1.1379694,1.4652385,1.6179807,1.6991506,1.7007558,1.5076537,1.4255382,1.2499448,1.0663179,1.9560685,1.763978,1.5165277,1.5192958,1.8744149,2.1494708,2.1261,2.7107546,2.143368,1.3428895,1.2041638,1.1966382,0.79122674,1.6689987,2.276614,1.9633482,1.9635082
8,1.90079,1.9018451,1.9620975,1.2514912,2.1563802,2.0428574,1.484132,1.3125844,0.0,0.17852837,0.8586491,0.86025906,1.5217437,1.5622334,1.3599496,1.7230333,1.9769663,2.1780887,1.2895647,1.3053323,2.044271,1.9993331,2.0920558,1.9466561,1.4738926,1.8645663,1.4357097,1.4608984,2.4988453,3.1378407,1.5368398,1.6168355,2.0994186,1.7322348,2.5095885,2.447923,1.004407,1.949827,3.7428482,2.2385747,1.6611811,1.4894909,1.4423733,1.8309516,2.3991814,2.712463,2.3728433,1.5184538,0.95884407,0.9654227,0.9879826,0.9534874,2.6631541,1.1436723,1.1320546,1.1739546,1.5316529,1.4357939,1.3526795,1.6315876,1.1211119,0.73771244,1.5385524,1.7496353,0.9366463,0.9152457,0.86291677,0.8370261,0.84066004,0.9744063,0.8342404,0.8095697,0.9320192,1.4129832,0.7965418,0.78661644,0.96415037,1.0320559,2.0982833,2.0638764,0.88008446,1.1987588,1.0484196,1.0601686,0.99762833,1.0624629,1.864592,1.209297,0.8780441,2.2910876,1.078816,0.91979593,0.9005843,0.96048874,0.86427546,1.8220217,1.0588949,1.7455734,0.9543706,1.0355774,2.019416,1.8936673,1.0985038,1.3196522,0.97540224,0.96269405,1.0439414,0.85292554,1.5960559,1.4988711,0.9769425,2.4238856,0.6895058,0.70327556,1.8693479,0.9326475,1.4911785,1.5396873,2.0353801,1.5281329,1.5334408,1.4297156,1.4683442,1.2081035,2.2852743,2.8933504,2.4732149,2.468218
9,1.9074342,1.901314,1.9616573,1.2740742,2.1484392,2.0428383,1.5076537,1.3275877,0.17852837,0.0,0.83172184,0.8859328,1.5343148,1.5125431,1.3141533,1.7161679,1.9976301,2.180996,1.316711,1.3179425,2.0599153,2.0143795,2.083338,1.9658052,1.5242633,1.8962994,1.4647069,1.4916021,2.5262318,3.1839027,1.5784667,1.6192582,2.0649383,1.742542,2.462627,2.406474,1.0071813,1.9190291,3.7178261,2.1881282,1.715023,1.5234654,1.4731474,1.862454,2.413035,2.74834,2.3873632,1.540165,0.98465097,0.98358494,1.0221202,0.99716705,2.6541414,1.1266001,1.1269454,1.1658738,1.5497931,1.4470314,1.3875747,1.6346947,1.1401464,0.7758422,1.5202755,1.7308922,0.97063047,0.9516659,0.90411913,0.8844324,0.8642537,0.9949758,0.82256866,0.7807227,0.93294346,1.4441139,0.79605436,0.8165952,1.0039649,1.0943696,2.111822,2.0805767,0.9117918,1.2351809,1.0626887,1.0676647,1.0386715,1.1055886,1.8824998,1.2114214,0.9108152,2.336374,1.1298677,0.960464,0.9394591,0.97304106,0.9038284,1.7774174,1.0815101,1.7718052,0.97114164,1.0396782,2.0326672,1.9064516,1.1641293,1.3783948,1.0075151,0.99061483,1.0895334,0.8656345,1.5901526,1.5372844,1.0073198,2.4447258,0.63018066,0.6452152,1.8955473,0.90188956,1.4980717,1.5620122,2.0743587,1.5493606,1.5599995,1.4507644,1.501343,1.2270555,2.3213184,2.939796,2.5002894,2.492241
10,1.9289552,1.9369469,1.8466393,1.5547252,1.7762085,1.7109666,1.7387664,1.5244774,0.8586491,0.83172184,0.0,0.62651145,1.7606589,1.6988208,1.4990296,2.0249162,1.9992946,2.480052,1.5949936,1.6124127,2.1994107,1.8660278,2.2143805,2.0999806,1.7381816,2.0899866,1.446347,1.720912,2.8421743,3.5347388,1.8305813,1.7191066,2.1492712,2.0551107,2.4967391,2.4020064,1.0979408,2.0971277,3.9637709,2.2170405,1.4322934,1.7359154,1.8493671,1.5063645,2.8403282,2.917123,2.7968059,1.47174,1.470701,1.4443367,1.3952161,1.3657191,3.032182,1.6652299,1.6506395,1.7018105,1.7724833,1.6797658,1.6994917,1.7975566,1.1161168,0.91653395,1.507865,1.7004092,1.3573782,1.337362,1.370829,1.3463093,1.3081154,1.3975253,1.2485689,1.1685668,1.4128335,1.9203085,1.2463254,1.2581466,1.2990263,1.4065102,2.5725298,2.523155,1.0865481,1.562748,1.4103326,1.410799,1.260039,1.3220757,1.9469091,1.613858,1.3804142,2.703348,1.4995017,1.3313009,1.3702954,1.3761756,1.3337471,1.9814911,1.4264959,1.748192,1.321288,1.314813,2.4719875,2.3360665,1.4603832,1.729674,0.98878616,1.0803652,1.0581926,0.7641704,1.8132285,1.9370261,1.4585277,2.8542888,0.91586477,0.55723417,2.27706,1.0652871,1.5920436,1.7202477,2.334987,1.7008924,1.7468873,1.6541628,1.8279507,1.5814469,2.7440293,3.3557305,2.8499136,2.8516967
11,1.7965795,1.806384,1.7238401,1.4738265,1.7188232,1.635499,1.7212445,1.4818572,0.86025906,0.8859328,0.62651145,0.0,1.790453,1.9036605,1.7230041,2.041215,1.824271,2.3109643,1.4341687,1.4184897,2.135087,1.7544816,2.277123,2.0256202,1.617433,1.9998027,1.2537612,1.6004244,2.8203738,3.2230136,1.7542036,1.8656287,2.011765,1.9265143,2.6259139,2.5293558,0.91282624,1.9028866,3.9617372,2.4432642,1.3108119,1.5767756,1.759215,1.4111035,2.8089051,2.8961742,2.7778008,1.3490398,1.3949975,1.4650422,1.3183441,1.241895,3.1165884,1.7611033,1.6172444,1.6746908,1.7647512,1.6664684,1.6715277,1.7824101,0.9619348,0.73145545,1.5121005,1.6957814,1.2460263,1.2132217,1.1621966,1.1948508,1.1797105,1.2946984,1.3688328,1.3598739,1.2103099,1.7685937,1.1104375,1.1282691,1.2724968,1.3509363,2.5273821,2.4756868,0.96976167,1.5075475,1.294191,1.322916,1.0353109,1.1909558,1.8528886,1.5211948,1.2076381,2.6204114,1.3753489,1.1662136,1.1245046,1.1189293,1.1067947,1.8692019,1.3417764,1.7244673,1.2667314,1.2932602,2.5193598,2.402804,1.3619289,1.6184618,0.8197267,0.92484874,0.9225054,0.49909675,2.1301022,1.8862492,1.3864914,2.8377838,1.1123738,0.9060158,2.1871767,1.2532337,1.7432933,1.6500092,2.2742307,1.6041609,1.9175469,1.8104125,1.795434,1.5311573,2.7143824,3.0622976,2.7707348,2.822447
12,2.2797153,2.276495,1.8583738,1.712679,2.7310755,2.6100018,1.8945,1.8145417,1.5217437,1.5343148,1.7606589,1.790453,0.0,1.9233139,1.861577,2.050781,2.6583245,2.6118567,1.9134196,1.9936646,2.5377192,2.6502483,2.664371,2.4916065,1.9231815,2.1392436,2.3295753,1.9684864,2.7025402,3.278601,1.9004627,1.9277861,2.6520238,2.2417402,3.0038652,2.9699268,1.8314209,2.3961291,3.1720226,2.6492212,2.4193401,1.9281373,1.8663116,2.6064608,2.6637475,2.973807,2.6157465,2.168271,1.5486357,1.6406894,1.6271931,1.569622,2.8760493,1.8891728,1.8448678,1.8447945,1.9778848,1.9181873,1.7850361,2.0221617,1.7208185,1.7018484,2.064983,2.1144018,1.5411948,1.5512604,1.4725566,1.4332093,1.4836878,1.536875,1.3813688,1.4750942,1.4976486,1.8669697,1.4763747,1.2686473,1.5208848,1.4385136,2.2154498,2.1705089,1.5912145,1.6498044,1.5990336,1.6009226,1.572103,1.5364621,1.1062261,1.9740266,1.2962284,2.4346707,1.411901,1.3345922,1.6118578,1.6576283,1.574385,2.0741398,1.7397318,1.3033968,1.5942924,1.692692,2.1820247,2.109123,1.6656632,1.6610508,1.7374101,1.6645871,1.8038598,1.794159,2.0739577,1.9273086,1.5148612,2.5425923,1.5643296,1.7113467,2.2856266,1.7272111,2.142422,2.1151707,2.3887706,2.0988398,1.838252,1.795729,1.7870479,1.6474155,2.3862636,2.9388807,2.573655,2.5716267
13,2.004158,2.0384548,2.6848626,1.3496509,2.9929612,2.9284277,1.5678817,1.360673,1.5622334,1.5125431,1.6988208,1.9036605,1.9233139,0.0,1.157589,1.331293,2.7783513,2.5575771,1.5662938,1.590177,2.3316038,2.7555676,2.3672395,2.2709303,1.9578692,2.024724,2.1290555,1.8010246,2.1659584,3.0670583,1.8585638,1.2238204,2.7403626,1.9842958,2.9758804,2.9294078,1.879344,2.146811,3.5339909,2.5530386,2.374421,2.244612,1.7485852,2.4926598,1.9459672,2.4384773,2.014607,2.61679,1.3072733,1.2168165,1.32619,1.3034414,1.8185303,1.4212044,1.3841003,1.333908,1.5025198,1.318324,1.4390644,1.1797465,1.8428178,1.6965001,2.1774132,2.2591684,1.3984324,1.4476705,1.4453776,1.4355887,1.302561,1.3864826,1.2176281,1.1922457,1.4238404,2.32841,1.3820181,1.4778279,1.456413,1.5759104,1.63731,1.6413207,1.720305,1.5641879,1.520671,1.5328196,1.5575151,1.4098077,2.6363046,1.8702451,1.4381267,1.9474314,1.5715898,1.4881294,1.4336345,1.4423639,1.3999362,1.9948727,1.4264321,2.529369,1.2814765,1.2133572,1.6039134,1.4892231,1.531004,1.7453898,1.984693,1.9737201,2.0115876,1.9687065,1.3681407,1.3267196,1.3555084,1.8599371,1.718046,1.6159679,1.579404,1.7958546,2.5430079,2.6495,3.0254097,2.6835682,1.6033162,1.4355692,1.6028513,1.3984426,1.927604,2.7798038,2.2866044,2.2384636
14,1.6352563,1.8386579,2.6784656,1.396508,2.9760196,2.9358926,1.6917974,1.2394258,1.3599496,1.3141533,1.4990296,1.7230041,1.861577,1.157589,0.0,1.0007248,2.5364633,2.4747539,1.1360465,1.1472688,2.1306448,2.5402756,2.1312244,1.9647068,1.9212737,2.0623336,2.0659692,1.6853807,2.1147358,3.054842,1.890586,1.6720319,2.6407423,1.9272591,2.7887378,2.7627473,1.6898545,2.041169,3.3734374,2.4231422,2.0038564,2.3619854,1.7787205,2.0531876,1.9334637,2.3248777,1.9251451,2.4946065,1.1734391,1.02914,1.2349478,1.2901195,2.3306603,1.3271818,1.0560448,1.0488123,1.3774236,1.2428957,1.3563828,1.588518,1.5792354,1.505105,1.9759709,2.122232,1.1684655,1.2072468,1.3132441,1.2138278,1.2382284,1.1907346,1.1048194,1.0259075,1.3477092,1.6799606,1.2618846,1.3000178,1.25532,1.3205549,1.694526,1.6000208,1.6547459,1.3716898,1.2969013,1.2918662,1.451124,1.4072737,2.5424597,1.738234,1.4298707,1.9384327,1.5097369,1.4253402,1.397061,1.4033467,1.4143573,1.9192901,1.0668019,2.2981036,0.94703615,0.9205883,1.5501386,1.3845755,1.2604344,1.4166607,1.6452459,1.7477549,1.7215946,1.627111,1.1624773,1.2263,1.1708672,1.8711785,1.5988377,1.388279,1.410835,1.6945002,1.8210522,1.9493275,2.5834517,2.027231,1.3724132,1.273764,1.7307011,1.5075933,1.9472048,2.7963996,2.417847,2.304237
15,1.6633371,1.7857122,2.8829288,1.2916057,3.4365656,3.3886092,1.629387,1.2461685,1.7230333,1.7161679,2.0249162,2.041215,2.050781,1.331293,1.0007248,0.0,2.6594918,2.2871451,0.98410803,0.9950374,2.0417182,2.78439,2.2040944,1.9127026,1.7790514,1.8979206,2.1421912,1.4935559,1.4999787,2.320445,1.7462338,1.7076424,2.803302,1.8204231,3.1546075,3.1002648,1.9675335,1.9120992,2.9704504,2.8323982,2.2564058,2.5047588,1.7043464,2.3343668,1.2488265,1.6546412,1.2561224,2.8250656,0.9948872,0.95110637,1.0917221,1.1703479,1.7745005,1.2705958,1.0946424,1.0526382,1.4972539,1.3564235,1.3621216,1.5665191,2.000912,1.8554666,2.253762,2.3276098,1.2642148,1.2970867,1.2216232,1.250927,1.248909,1.3280861,1.3423433,1.3371397,1.2546875,1.7274402,1.2700459,1.3271428,1.3868586,1.4500662,0.9805994,0.82106483,1.8891811,1.4811317,1.3667666,1.4205111,1.3718382,1.3742888,2.7431717,1.6677353,1.3343977,1.1390322,1.4650569,1.313529,1.285191,1.2885026,1.2966876,1.7801766,0.94021225,2.5954978,0.91031504,0.94945973,0.90514034,0.81939256,1.1057259,1.4548355,2.0904431,2.1482008,2.1089513,2.0113115,1.4514947,0.69026613,1.0629556,1.0699384,2.1178489,1.9236164,0.6859241,2.192399,2.4420166,2.431886,2.9163063,2.4585962,1.7243898,1.626155,1.6862472,1.4654455,1.4838129,2.1640816,1.7804581,1.8232801
16,3.062615,3.0683093,3.1636026,2.752752,3.2302203,3.1442297,2.979602,2.8626873,1.9769663,1.9976301,1.9992946,1.824271,2.6583245,2.7783513,2.5364633,2.6594918,0.0,1.2887074,2.2931647,2.0436318,1.7981524,1.3448142,1.7186534,1.5238012,2.2478137,3.1974366,2.025971,2.1707847,3.1464105,3.4371736,2.477333,2.6227348,1.8162147,2.6395671,2.62116,2.5776258,1.959623,2.8345351,3.8027086,2.840874,2.195026,2.3029692,2.3024483,2.3238096,3.1442864,3.317872,3.1135526,2.264525,2.1349142,2.1798701,2.0380106,2.0365496,3.4652944,2.3952222,2.2721262,2.2981167,2.504074,2.4468024,2.403239,2.557339,2.1003835,1.9006939,2.1431823,2.2165003,2.109305,2.116638,1.9714458,2.042685,2.2740083,2.410759,2.2063549,2.1787388,2.0023272,2.362389,1.913536,1.8796303,1.9906583,2.1057868,2.901928,2.9018037,2.4810703,2.734657,2.6377344,2.6773129,2.1173165,2.4820793,2.6333964,2.1547904,2.0377462,3.0040176,2.067193,2.0481186,1.9099611,1.9050808,1.9799505,2.376144,2.1338496,2.45321,2.1426823,2.1353276,2.936615,2.8363388,2.1544607,2.470589,2.0376916,2.0785875,1.833428,1.7881825,3.0626373,2.4702728,2.2158148,3.2104254,2.0366569,2.0229924,2.5775368,2.0988083,2.4089925,2.3680937,2.8988342,2.289449,3.1273036,3.0277514,2.9275024,2.8495085,3.5133147,3.721617,3.4714074,3.4855392
17,3.1215124,3.1083064,3.4078605,2.5858967,3.8570092,3.7368538,2.9004035,2.851604,2.1780887,2.180996,2.480052,2.3109643,2.6118567,2.5575771,2.4747539,2.2871451,1.2887074,0.0,2.2806296,1.9356396,1.7127471,2.1467538,1.6668398,1.5446198,1.9453336,2.9175513,2.0829577,1.8022398,2.3921132,2.6627073,2.1650498,2.361994,2.0022414,2.4488094,2.7905793,2.7559288,2.2716556,2.656712,3.2034411,2.8274674,2.87943,2.2776418,1.8972178,3.058625,2.4782999,2.8272302,2.477711,2.7576227,1.9026737,1.9526957,1.8156433,1.8425366,2.8995705,2.1654372,2.1906157,2.1661274,2.3740559,2.296392,2.2147627,2.4023242,2.3679082,2.1488936,2.4699852,2.5108232,1.9882873,2.0140839,1.7988691,1.8979769,2.1385238,2.2935426,2.0643675,2.074965,1.796116,2.212996,1.7727116,1.7719927,1.985798,2.0915546,2.1673605,2.2710605,2.5952818,2.6224844,2.5553901,2.5933473,2.0388725,2.408364,2.8440514,2.1993494,1.8631345,2.3823876,1.9663243,1.903255,1.7575347,1.7567941,1.8354762,2.2314422,2.0794961,2.8467562,2.0931382,2.1306424,2.3003268,2.2526512,2.0894315,2.3388116,2.4622412,2.3815818,2.3628109,2.3347292,2.9353044,2.096053,1.9755219,2.5280073,2.2697217,2.4196851,2.1745028,2.3689058,2.8687756,2.7454805,3.0965595,2.704879,3.0975919,2.9832177,2.7821708,2.6859953,3.0256817,3.189891,2.8943155,3.0187695
18,1.3628752,1.4346979,2.4921255,1.0821002,2.7749512,2.7361145,1.4277778,0.9135108,1.2895647,1.316711,1.5949936,1.4341687,1.9134196,1.5662938,1.1360465,0.98410803,2.2931647,2.2806296,0.0,0.47472456,2.0077796,2.3453534,2.2224665,1.8251858,1.7185282,1.8444488,1.8332266,1.4955883,2.0839229,2.4819727,1.744818,1.938972,2.5561993,1.6181097,3.0690682,3.020806,1.3835763,1.7900013,3.4088256,2.8812099,1.610475,2.184593,1.6903067,1.691809,1.7814704,2.1825745,1.7861727,2.2655468,0.8978347,1.0079081,1.0034016,0.9894424,2.3391464,1.3491561,0.8254558,0.8539213,1.4048285,1.2794615,1.3334137,1.5612466,1.524629,1.3618745,1.8572428,1.930764,1.02323,1.0486315,0.89039564,0.9624126,0.9022142,1.0434299,1.314642,1.3044446,0.9438911,1.4030977,0.99719185,1.0442418,1.0770267,1.1633835,1.6083227,1.4380555,1.4250287,1.2801561,0.98381555,1.0661536,1.0464065,1.1130707,2.3647423,1.2918996,1.0951669,1.661776,1.1932005,1.1094118,0.9466012,0.93498355,0.9799457,1.6383286,0.5759997,2.1203163,0.6722399,0.7187965,1.6135064,1.5264617,0.8514464,1.3592159,1.5313702,1.6690428,1.4276927,1.3247117,1.7263584,1.0174274,0.92576563,1.7872437,1.7667316,1.5288997,1.013957,1.823072,1.9402757,1.8557245,2.5016196,1.8471613,1.6512126,1.5274668,1.4517685,1.2635069,1.7635427,2.123548,2.0787508,2.0093231
19,1.5380853,1.6321607,2.6028228,1.2267244,2.8908226,2.8396254,1.6418394,1.2052352,1.3053323,1.3179425,1.6124127,1.4184897,1.9936646,1.590177,1.1472688,0.9950374,2.0436318,1.9356396,0.47472456,0.0,1.8357888,2.227793,2.0214338,1.6248432,1.5838112,1.8857673,1.665425,1.3022943,1.955263,2.3228378,1.6781048,1.886954,2.3491166,1.5482081,2.9028127,2.8550916,1.3418769,1.6820456,3.3427022,2.7320676,1.7546266,2.1029098,1.5378013,1.8478755,1.7058914,2.115238,1.7215968,2.2262797,0.9041971,0.978056,0.9437216,0.9378575,2.4161808,1.4001355,0.9047539,0.91783434,1.3798456,1.2365676,1.3131757,1.5597514,1.4484755,1.2946409,1.897223,1.9834622,0.9530978,0.98915285,0.7937847,0.88741803,0.9299055,1.0548546,1.3047411,1.2842342,0.84252244,1.3469063,0.8678793,0.96186006,1.0732722,1.1588877,1.5439143,1.436892,1.5107131,1.3684819,1.1024181,1.1673661,1.0078833,1.1947923,2.4150298,1.4110818,1.0405588,1.6213845,1.1628394,1.0558763,0.8310297,0.80102307,0.8902696,1.6407367,0.6754583,2.2076623,0.74722266,0.7958863,1.6054223,1.5113257,0.90550524,1.3553492,1.5276684,1.6323092,1.4491532,1.3391484,1.8519824,1.0255862,0.9071594,1.7919817,1.7381053,1.5706795,1.0179399,1.7923038,1.9858592,1.8372027,2.4836931,1.8353332,1.7987124,1.6764572,1.6028371,1.4083794,1.8567023,2.1482592,2.1239138,2.101825
20,2.6756825,2.2842884,3.1250389,2.3461428,3.53245,3.4304287,2.191502,2.480953,2.044271,2.0599153,2.1994107,2.135087,2.5377192,2.3316038,2.1306448,2.0417182,1.7981524,1.7127471,2.0077796,1.8357888,0.0,1.3832752,0.75434756,0.50135076,2.0742223,2.8108454,2.1565897,1.9082619,2.339398,2.8485842,1.740054,2.207218,1.6748155,1.9045242,2.3644176,2.322974,2.1648219,2.5220802,3.3593113,2.6702435,2.0291226,2.0452292,1.5863214,2.5240016,2.4958477,2.5829291,2.337025,2.6615677,1.7754697,1.7666831,1.68815,1.7295134,2.7891877,1.9622383,1.9284884,1.9251355,1.4612522,1.537021,1.4648538,1.6777202,2.1233797,2.00491,2.1656709,2.2925618,1.8251276,1.8355514,1.7933053,1.8119867,1.9581178,2.0804298,1.9151696,1.9124184,1.7213117,2.1214957,1.7835876,1.7702909,1.8561785,1.9351172,2.1662433,2.1596417,2.398953,2.3407805,2.3671467,2.4126983,1.9343417,2.187141,2.841111,2.1247132,1.7921872,2.3521302,1.8794613,1.7725219,1.7229769,1.6851813,1.7975247,2.1211972,1.6771427,2.769972,1.841681,1.6538945,2.2157269,2.1190524,1.8751622,2.122396,2.176842,2.2009013,2.1875648,2.1036134,2.449098,1.7445358,1.7594113,2.2959313,2.2385902,2.0359845,1.997454,2.3523543,2.6619232,2.649386,3.1464477,2.6599264,2.7494714,2.632709,2.5686684,2.4342284,2.9499986,3.2829041,2.9694533,3.0567615
21,2.8772886,2.5724196,2.8368974,2.7373378,2.8586633,2.7823703,2.6114423,2.760905,1.9993331,2.0143795,1.8660278,1.7544816,2.6502483,2.7555676,2.5402756,2.78439,1.3448142,2.1467538,2.3453534,2.227793,1.3832752,0.0,1.4932935,1.3111299,2.5237663,3.27512,2.243259,2.4629655,3.3989716,3.7515,2.3875892,2.6698668,1.3798243,2.3685908,2.2017071,2.166473,1.923282,2.7574253,4.0055456,2.7105348,1.5972567,2.1241813,2.2595737,2.0375865,3.3952239,3.4796066,3.2795038,2.1448042,2.268644,2.3043363,2.1770566,2.1570077,3.6044648,2.492842,2.296825,2.3411956,2.104182,2.1441896,2.1328838,2.189917,1.9864916,1.9086114,2.052149,2.1904476,2.1823404,2.1778166,2.1441176,2.1670187,2.297172,2.4102952,2.2619894,2.2434776,2.091677,2.5161712,2.0908732,2.0552244,2.149027,2.2333686,3.1328568,3.0866053,2.4158778,2.6955013,2.6507995,2.6906073,2.223663,2.4890027,2.602339,2.293326,2.1250248,3.286796,2.2098324,2.1275992,2.0508761,2.0086746,2.1098359,2.417227,2.1086469,2.4642315,2.1948915,2.0347557,3.1493134,3.026402,2.2979257,2.5059419,1.8844867,1.9959648,1.847212,1.6798328,2.9520104,2.5097573,2.2838738,3.3492825,2.0722284,1.8213667,2.761323,2.1992307,2.4530203,2.4872427,3.0288858,2.4384217,3.0864534,2.9749231,2.9306228,2.793595,3.7033358,3.9655533,3.7206147,3.7400305
22,2.939716,2.6662989,3.316135,2.5424092,3.6750906,3.5602696,2.4882944,2.6996274,2.0920558,2.083338,2.2143805,2.277123,2.664371,2.3672395,2.1312244,2.2040944,1.7186534,1.6668398,2.2224665,2.0214338,0.75434756,1.4932935,0.0,0.8139791,2.20102,3.0163841,2.2731264,2.0569434,2.4919384,3.2244298,1.9862165,2.2247446,1.7202402,2.1063337,2.0960617,2.081898,2.2347116,2.7045126,3.38758,2.4075875,2.2795792,2.2164958,1.7972716,2.6994884,2.5715568,2.766411,2.437559,2.6829123,1.9457816,1.8645414,1.8282962,1.8974208,2.8661487,2.0148578,2.0108435,2.015622,1.7427952,1.7913376,1.711926,1.9403952,2.2280216,2.0883396,2.2492113,2.3895047,1.9564276,1.9754264,1.9891329,1.964317,2.1251955,2.220047,1.9240474,1.8544014,1.9240894,2.2604682,1.8967404,1.8920734,1.9538621,2.0338109,2.325639,2.3290017,2.524262,2.4752038,2.5537324,2.5819376,2.153606,2.4109244,2.9017563,2.2328327,1.9751507,2.5724654,2.0635817,1.987269,1.9452922,1.9262635,1.9857032,2.3015554,1.8814383,2.8393898,2.012737,1.8548219,2.2946262,2.1820521,2.069939,2.387037,2.27149,2.2756705,2.2785406,2.2085361,2.4182174,1.9666213,1.9128634,2.4787526,2.1837022,2.0167851,2.2434015,2.2943523,2.5922978,2.699314,3.264938,2.7274616,2.8284957,2.7125254,2.7823484,2.6387296,3.1445572,3.6556382,3.2020698,3.2549942
23,2.581391,2.335428,3.1727197,2.3439906,3.522761,3.4398475,2.3053522,2.4148793,1.9466561,1.9658052,2.0999806,2.0256202,2.4916065,2.2709303,1.9647068,1.9127026,1.5238012,1.5446198,1.8251858,1.6248432,0.50135076,1.3111299,0.8139791,0.0,2.1137,2.8818011,2.1675453,1.9162729,2.394961,2.8831537,1.9290221,2.2507725,1.7023456,1.9456241,2.3590648,2.3344052,2.0114787,2.45755,3.2567074,2.6613324,1.8997983,2.2112558,1.7254262,2.3020904,2.4010808,2.5712047,2.2742915,2.6010482,1.6989282,1.6930275,1.6324339,1.6743453,2.7777293,1.9444282,1.7464883,1.748788,1.5516721,1.5828577,1.5486256,1.7488222,2.0334666,1.9240236,2.1342978,2.2386017,1.7456994,1.7680974,1.7022276,1.729517,1.9231781,2.036801,1.8688502,1.8568505,1.6643351,2.059889,1.7014931,1.6796836,1.7623512,1.8463718,2.1427672,2.1093736,2.4020655,2.3387177,2.3278499,2.3781881,1.9047544,2.1785161,2.8144343,2.0441015,1.7447046,2.310184,1.8145232,1.7427218,1.6369002,1.6074508,1.7302061,2.0691664,1.5582958,2.6593642,1.6912581,1.5244887,2.1795812,2.0689876,1.7767409,2.0234485,2.0702033,2.1478124,2.0208695,1.9393836,2.422133,1.6663178,1.7349172,2.2868342,2.1708455,1.9588829,1.8226235,2.2778852,2.4976056,2.5029337,3.0104861,2.498475,2.7198975,2.608719,2.573126,2.4528875,2.9194741,3.2439232,2.996039,3.0297506
24,2.241403,2.2338438,2.3495243,1.2748626,2.9157963,2.7191937,1.7979223,1.8178446,1.4738926,1.5242633,1.7381816,1.617433,1.9231815,1.9578692,1.9212737,1.7790514,2.2478137,1.9453336,1.7185282,1.5838112,2.0742223,2.5237663,2.20102,2.1137,0.0,1.1348653,0.8967713,0.41585445,1.5874851,2.199763,0.8030044,1.2810018,2.462591,1.724469,2.8678896,2.7373447,1.6819834,2.0016572,3.4786677,2.3765867,2.4165313,1.329705,1.0359392,2.677955,2.0687506,1.99366,2.0320878,2.0472116,1.1902078,1.2168097,0.976325,1.0074035,2.620822,1.5221415,1.9317906,1.9177907,1.6844659,1.6056036,1.4151963,1.8022091,1.592141,1.3047327,1.822953,2.0047245,1.1282003,1.1107192,1.1162534,1.0798047,1.1609205,1.2279863,1.3499107,1.3388871,1.2199929,1.5722679,1.0976632,1.1339847,1.2566642,1.2180709,1.7401594,1.8579892,1.321141,1.2844291,1.351447,1.3677222,0.90965784,1.1367067,2.2428017,1.7376189,1.1542758,1.7914644,1.2504883,1.0164549,1.1570199,1.2208743,1.1075733,1.8738539,1.5720861,2.3390324,1.5622311,1.6696342,1.7769918,1.7188731,1.2231265,1.4441648,1.7040434,1.4992949,1.8659546,1.8757737,2.0491407,1.5568974,1.0920347,2.1035542,1.6489778,1.8056939,1.917317,1.6973454,2.3574255,2.1373627,2.425022,2.1877568,1.7595263,1.6760249,1.6988039,1.4510226,2.1140704,2.5246103,2.0332644,2.3435457
25,2.0616052,2.0160542,2.2948742,0.9708522,2.8171222,2.6447992,1.5530316,1.5392054,1.8645663,1.8962994,2.0899866,1.9998027,2.1392436,2.024724,2.0623336,1.8979206,3.1974366,2.9175513,1.8444488,1.8857673,2.8108454,3.27512,3.0163841,2.8818011,1.1348653,0.0,1.5028576,1.1863852,1.7809548,2.305405,1.2331029,1.6373514,3.1942856,1.925005,3.5194814,3.3977644,2.044186,2.089181,3.8975651,2.9020202,2.6996012,1.8032175,1.5397384,2.906828,2.212197,2.115073,2.1860754,2.4243279,1.5489565,1.5829914,1.473009,1.4660851,2.7643833,1.8332605,2.169234,2.1516366,1.914263,1.8278149,1.7237879,2.0353608,1.8918298,1.7443222,2.2022378,2.3199089,1.537041,1.5122299,1.5383447,1.5092185,1.3227686,1.3495519,1.7226336,1.7281802,1.6041981,1.8420016,1.5707343,1.6467744,1.6569852,1.627509,1.9253315,1.9932585,1.304522,1.1746024,1.128861,1.1210666,1.2323008,1.0933605,2.5398178,2.1065006,1.5886614,1.9176462,1.6535021,1.4689577,1.6087497,1.6466802,1.5348297,2.1279082,1.8369443,2.6173904,1.826429,1.9393356,1.9662536,1.9410398,1.5234854,1.7110239,2.0667295,1.8996816,2.2258265,2.2367427,2.0383496,1.8321414,1.4098539,2.2032177,2.0614564,2.1467214,2.1243067,2.067376,2.6122785,2.3738902,2.6392994,2.4421015,1.4640827,1.4041505,1.4048026,1.1252186,1.7781776,2.21065,1.7903519,2.1038263
26,2.2424207,2.229183,2.3088746,1.5154034,2.4376159,2.2542918,1.9705076,1.92595,1.4357097,1.4647069,1.446347,1.2537612,2.3295753,2.1290555,2.0659692,2.1421912,2.025971,2.0829577,1.8332266,1.665425,2.1565897,2.243259,2.2731264,2.1675453,0.8967713,1.5028576,0.0,0.9350609,2.227258,2.6514556,1.2615927,1.5961385,2.2714894,1.929179,2.8098705,2.669491,1.516372,2.0433278,4.038121,2.422911,2.1488767,1.3075256,1.3977287,2.353616,2.6175277,2.509859,2.5894108,1.8147894,1.5085965,1.5314811,1.2883505,1.2803484,3.0685403,1.8086458,2.0896869,2.0985327,1.8503155,1.7594643,1.7006713,1.9340616,1.3911347,1.0901537,1.6693356,1.886091,1.3591456,1.3229092,1.3510756,1.3479697,1.3699472,1.4419782,1.5999327,1.5669963,1.4165981,1.8215309,1.2935077,1.4106404,1.4451927,1.5192448,2.3230178,2.4068496,1.2686558,1.5609112,1.5075294,1.517354,1.062864,1.318618,2.481186,1.8349466,1.4705963,2.3866913,1.5627605,1.3479382,1.2941512,1.3061858,1.2855302,1.9502609,1.7324977,2.4794335,1.7254055,1.77754,2.3781881,2.2885845,1.499108,1.7331558,1.493723,1.3306367,1.6605365,1.5911078,2.3252225,1.9610313,1.4544337,2.6743233,1.5364007,1.6234258,2.257064,1.577985,2.2639282,2.0291574,2.4709303,2.0685956,2.0169318,1.9070455,1.9362004,1.6843926,2.6319244,2.9273446,2.5383415,2.7714767
27,2.1027164,2.0977585,2.488239,1.1927143,2.9893045,2.825602,1.7421474,1.6917932,1.4608984,1.4916021,1.720912,1.6004244,1.9684864,1.8010246,1.6853807,1.4935559,2.1707847,1.8022398,1.4955883,1.3022943,1.9082619,2.4629655,2.0569434,1.9162729,0.41585445,1.1863852,0.9350609,0.0,1.3965168,2.0341222,0.8320623,1.2976348,2.4156983,1.6345847,2.8707528,2.757035,1.6432465,1.8941898,3.3783736,2.4304814,2.3257737,1.4790381,0.9549089,2.564102,1.867558,1.8368853,1.8289638,2.1584423,1.0204684,1.0320364,0.8218289,0.8761238,2.5012136,1.4153199,1.7319461,1.7085437,1.5184865,1.4167701,1.283309,1.6783398,1.5248648,1.2839131,1.784581,1.9322578,1.0082903,1.0017799,0.9640006,0.95953053,1.0484226,1.1329613,1.2766473,1.2598996,1.0526383,1.4474025,0.9493311,1.0322742,1.1217446,1.143685,1.5179888,1.6302251,1.3767693,1.2632976,1.2500548,1.272702,0.80395186,1.0675285,2.3639708,1.6923476,1.0785298,1.5811256,1.155652,0.93809384,1.0004297,1.0370804,0.9892955,1.7031215,1.3654096,2.3762784,1.3695377,1.4597301,1.593479,1.5262674,1.0548303,1.3615562,1.6991278,1.5465449,1.8022369,1.8086101,1.9569564,1.3556137,0.94021314,1.8861275,1.6648344,1.7577063,1.6381705,1.6965259,2.2903142,2.0658164,2.4547765,2.1169443,1.7157861,1.6207734,1.6262641,1.4008533,1.9607172,2.3575525,1.9268626,2.1913414
28,2.6067393,2.581397,3.4787054,1.8664907,4.1767197,4.0432606,2.2155428,2.2520378,2.4988453,2.5262318,2.8421743,2.8203738,2.7025402,2.1659584,2.1147358,1.4999787,3.1464105,2.3921132,2.0839229,1.955263,2.339398,3.3989716,2.4919384,2.394961,1.5874851,1.7809548,2.227258,1.3965168,0.0,1.6683804,1.571873,1.8548604,3.2696664,2.153147,3.5454443,3.449989,2.7379134,2.4999099,3.187898,3.0789127,3.2015011,2.5647752,1.6488118,3.4461985,1.3184663,1.2730906,1.2863313,3.3532765,1.7409557,1.6781327,1.6556467,1.7502029,2.109535,1.9052494,2.2470133,2.189182,1.9670801,1.9083446,1.7865183,2.1353757,2.648207,2.4744887,2.8373501,2.9290087,1.8914111,1.9147086,1.8984674,1.8827403,1.9255441,1.9702953,2.0193102,2.0144715,1.9573925,2.1452887,1.9545429,2.005427,2.0322435,2.021934,1.0548311,1.2470894,2.452366,1.9778912,2.0701828,2.0932815,1.9016656,1.9667852,3.3270042,2.442353,1.9817086,1.0391127,2.0310106,1.8997476,1.9534972,1.9965407,1.9490473,2.4371064,1.972524,3.346783,2.029093,2.0844772,1.1034262,1.1500596,1.8105555,2.0131688,2.8370419,2.7321386,2.9187925,2.9408782,2.1215591,1.4624652,1.6608604,1.1212895,2.7646534,2.7840202,1.6070987,2.7981408,3.2010174,3.071012,3.332798,3.145521,2.238304,2.1725543,2.1957788,2.0440276,1.6672653,2.237,1.6789755,2.035082
29,2.9214442,2.9228585,3.8384914,2.4601574,4.5118947,4.3735237,2.8446674,2.8131618,3.1378407,3.1839027,3.5347388,3.2230136,3.278601,3.0670583,3.054842,2.320445,3.4371736,2.6627073,2.4819727,2.3228378,2.8485842,3.7515,3.2244298,2.8831537,2.199763,2.305405,2.6514556,2.0341222,1.6683804,0.0,2.2580307,2.7998607,3.6135275,2.5328927,4.2515197,4.1639743,3.1533308,2.747516,3.5833006,3.9945223,3.5802324,2.9549112,2.313921,3.8273761,2.062843,2.0876489,2.1200218,3.7447412,2.4022193,2.5164933,2.3595936,2.363896,2.8940933,2.7687762,2.8448172,2.7944725,2.5926173,2.5294504,2.4584734,2.6850667,3.0816622,2.9370418,3.2625866,3.346796,2.4419055,2.4553096,2.3577378,2.4122727,2.4818413,2.4998648,2.9123058,2.9726222,2.3803115,2.6065433,2.4877086,2.5547278,2.654281,2.589265,1.9035197,2.0166907,2.9820342,2.5750768,2.583978,2.6394138,2.3566775,2.5008335,3.6710684,2.877507,2.4641578,1.7075734,2.4956534,2.406626,2.359814,2.3497698,2.3894176,2.7495456,2.5818064,3.7515845,2.6730564,2.7298164,2.2666006,2.33567,2.40032,2.493857,3.2337992,3.143346,3.3223217,3.363866,3.3830972,2.2314858,2.3592699,2.0190108,3.4948058,3.540838,2.117614,3.489286,3.887097,3.4666066,3.7152388,3.5178761,3.077802,2.9946294,2.7833,2.675024,2.2980812,1.6056741,2.292596,2.6526945
30,2.2260904,1.9136567,2.3252356,1.2265412,2.921777,2.7299848,1.3597238,1.7458984,1.5368398,1.5784667,1.8305813,1.7542036,1.9004627,1.8585638,1.890586,1.7462338,2.477333,2.1650498,1.744818,1.6781048,1.740054,2.3875892,1.9862165,1.9290221,0.8030044,1.2331029,1.2615927,0.8320623,1.571873,2.2580307,0.0,1.2949437,2.3478842,1.5288277,2.8129494,2.7020116,1.8403265,2.0950837,3.5438635,2.4642591,2.2897258,1.0960817,0.61427015,2.7135372,2.1252244,2.0674698,2.005778,2.210534,1.1686352,1.1763909,1.0123115,1.031016,2.5301216,1.4452916,1.8517084,1.8295518,1.2284106,1.2265815,0.9831571,1.4456569,1.6192886,1.4257637,1.8228638,1.9889868,1.183155,1.1582266,1.1799393,1.1394575,1.1153167,1.2254659,1.2993674,1.3278757,1.1815006,1.5770075,1.1934249,1.2139167,1.2824535,1.2876953,1.6463277,1.7465386,1.3515767,1.2628144,1.3631222,1.3802226,1.0194646,1.1158059,2.3026488,1.8236194,1.1530448,1.7878163,1.2568799,1.0318042,1.1904852,1.2235118,1.1647567,1.8315904,1.4678341,2.4123504,1.5408257,1.5323582,1.7117573,1.647702,1.2596751,1.4934002,1.7901727,1.601032,1.9499238,1.9526725,1.8858382,1.429585,1.0047688,1.9391053,1.7081405,1.7599814,1.8885968,1.787607,2.4228425,2.2620552,2.6114066,2.3259504,1.7159098,1.6085198,1.5512086,1.3194503,2.0589392,2.5335782,2.0220408,2.295025
