,0,1,2,3,4,5,6,7,8,9,10,11,12,13,14,15,16,17,18,19,20,21,22,23,24,25,26,27,28,29,30,31,32,33,34,35,36,37,38,39,40,41,42,43,44,45,46,47,48,49,50,51,52,53,54,55,56,57,58,59,60,61,62,63,64,65,66,67,68,69,70,71,72,73,74,75,76,77,78,79,80,81,82,83,84,85,86,87,88,89,90,91,92,93,94,95,96,97,98,99,100,101,102,103,104,105,106,107,108,109,110,111,112,113,114,115,116,117,118,119,120,121,122,123,124,125,126,127
0,0.0,1.0129877,2.0321345,2.090802,2.950724,2.1150362,2.185144,2.199915,2.4539824,2.9320405,3.5294013,3.143824,3.1253316,2.75617,2.6780748,2.6883287,2.6309197,2.6651256,2.615821,2.6272752,3.3237255,3.4678965,2.7125006,2.3767302,1.8449743,2.518361,2.1117775,1.9606816,1.9746276,1.960604,1.9932271,2.0201147,3.7707365,3.9353933,3.895326,2.9304307,3.9019315,4.528742,4.7411556,3.823099,4.892084,4.4646416,3.9719045,3.6392086,3.1392026,4.774913,4.617159,5.2675514,1.5439036,1.5554013,1.8521441,1.9606587,3.6450202,3.5405724,3.163577,3.4905283,2.0208921,3.1865695,2.0258117,2.0154665,2.7518811,2.1573164,3.1448824,2.508728,4.6587462,4.5672455,3.846575,3.6929374,3.405715,3.3519957,3.4863627,3.2440085,3.6984456,4.009506,2.9820354,3.0538697,3.4035776,3.253825,3.654461,2.6338067,3.7801728,3.936631,3.9880667,3.975738,4.457826,3.5397155,3.9214742,4.716193,4.7453623,4.5000014,3.0100281,4.39356,4.248991,4.155747,4.8908296,4.6982713,3.8763938,3.9058762,3.7718368,3.8769336,3.3752797,3.500273,4.4874425,4.409637,3.5583508,3.5790193,3.8380404,3.6614242,3.2772162,3.386544,2.7170737,3.155315,3.4585056,3.5719752,2.9357796,3.2232518,3.201994,2.4111207,2.8893065,2.884968,4.018043,3.1279726,3.0453255,3.8325026,3.2453525,4.031512,3.3874161,3.3872323
1,1.0129877,0.0,1.3441305,1.4754379,2.938119,2.2597828,2.2098792,2.2662888,2.461752,3.2738988,3.5584724,3.2021294,3.0088167,2.6974802,2.7415652,2.668467,2.7002296,2.6924574,2.6101785,2.6170678,3.0874648,3.2287674,2.4025724,2.3475676,1.882901,2.643442,2.1917045,2.0889065,1.9517164,1.9648052,1.9792695,2.0419884,3.6849864,3.8863034,3.9537685,2.9923549,3.968574,4.5573387,4.813953,3.8316972,5.3201327,4.987711,3.9143462,3.7324276,3.704848,5.109894,4.991345,5.5732813,1.7215009,1.7186707,1.8182322,2.0518796,3.60128,3.4766152,3.054511,3.4730473,2.176682,3.1985476,2.205066,2.1907053,2.8878374,2.2508178,3.3432827,2.6147068,4.6017466,4.4583173,3.848709,3.5375671,3.3855274,3.2836273,3.5539205,3.326868,3.570164,3.5895073,3.0821018,3.1480021,3.2447388,3.1352909,3.7119734,2.9239564,3.508134,3.7769837,3.7909248,3.7387197,3.7598252,3.1564155,3.7598267,4.6127543,4.6045976,4.347427,2.3017857,4.2878385,4.096237,3.9358573,4.838386,4.681124,3.8115401,3.8449204,3.6913517,3.8128102,3.258003,3.3575883,4.5635643,4.3265147,3.4183846,3.0910778,3.361974,3.1231956,3.0822797,3.163658,2.6502087,2.9739497,3.389966,3.4785178,2.918482,3.1769843,3.1030555,2.4399886,2.8380847,2.8235824,4.0027676,2.9763582,2.8703818,3.7933338,3.2155282,3.9811504,3.2024755,3.2132986
2,2.0321345,1.3441305,0.0,1.636009,3.2546751,2.892252,2.4817042,2.5688214,2.3831942,3.2511966,3.411924,3.0613086,2.9493268,2.598431,2.7306743,2.5841568,3.1374822,3.2000866,3.1447067,3.1203437,3.4189441,3.5235312,2.8360012,2.8449266,1.9512709,2.8699176,2.7968307,2.3855467,2.037399,2.044535,2.0471315,2.0948107,3.7541323,3.9969795,3.9314632,2.899936,3.9968886,4.904193,4.826513,3.8452988,5.720786,5.3298063,3.779263,3.7411487,4.104433,5.4379563,5.2577147,5.7992654,2.3831427,2.3945675,2.1949828,2.2843077,4.018469,3.651418,3.4223065,3.7978194,2.6511636,3.6135802,2.738385,2.7411644,3.002206,2.329467,3.4811175,2.6424482,4.666099,4.530046,3.9972131,3.5528264,3.2528484,3.4103212,3.8989162,3.6821926,3.6860754,3.5664282,3.4601388,3.4984882,3.4560647,3.3788905,4.0510464,3.5769408,3.4699032,3.8851976,3.800722,3.7300575,3.2097754,2.71408,3.7564163,4.7265306,4.6146054,4.3485017,1.9331137,4.413433,4.014453,3.8976722,4.982449,4.8405013,3.9971025,4.032007,3.8611646,3.991213,3.4711146,3.5036144,4.8538585,4.5557046,3.287609,2.7727828,3.377504,3.148062,3.2982562,3.3914037,2.922699,2.9460347,3.435328,3.5749776,2.9079251,3.236427,3.209586,2.8397102,2.9637656,2.9468126,4.1441545,3.013599,2.887419,3.9503462,3.2845397,4.054155,3.507446,3.513091
3,2.090802,1.4754379,1.636009,0.0,3.5525606,2.9385712,2.3281107,2.4015622,2.4975362,3.5612662,3.6190448,3.1933084,3.091701,2.6682687,3.1673114,2.726454,3.3135986,3.3744426,3.2962751,3.3021326,3.3637655,3.480618,2.8227644,2.980796,2.336961,2.795192,3.1319945,2.7068565,2.2718544,2.270698,2.3224115,2.3756928,3.8388758,4.109849,4.1687117,3.2162693,4.2887936,5.1873484,5.0763755,4.0887856,6.084765,5.761127,3.8056223,3.956401,4.457905,5.7196784,5.491177,5.9955034,2.3789613,2.4237347,2.3812733,2.539333,4.2470965,3.7996206,3.6234212,3.9731753,2.8812444,3.7688265,2.7590315,2.7756171,3.2816517,2.5301929,3.6866517,2.9534707,5.1567173,4.9663696,4.4603705,3.9792013,3.9159229,4.1025496,4.11514,3.9156554,4.194891,3.9303918,3.6746705,3.717959,4.0554585,3.9469953,4.2160873,3.3659055,3.948745,4.436111,4.167666,4.1401305,3.3061237,3.2883086,4.2162066,5.1813183,5.0878406,4.7792015,2.602463,4.961582,4.534643,4.334832,5.5525837,5.427182,4.60373,4.6444945,4.515183,4.623628,4.088751,4.193739,5.492983,5.17658,4.012685,3.447078,3.8597314,3.6086156,3.921173,4.0311503,3.3299391,3.7384148,4.1088924,4.1897554,3.6380415,3.9038198,3.8598645,3.2480009,3.6249995,3.6174223,4.653577,3.8208687,3.7186964,4.584162,3.9582384,4.568921,4.0530663,4.1174903
4,2.950724,2.938119,3.2546751,3.5525606,0.0,1.5308187,2.519848,2.4665992,2.7559164,3.2189522,4.08808,3.4926438,2.945306,2.778267,2.5115242,2.9543266,2.5237885,2.4466708,2.3740444,2.4628875,2.182612,2.3067825,2.3973832,2.3750663,2.2767963,2.2486756,1.9659942,2.1016834,2.5199845,2.461622,2.5648715,2.4902802,3.526308,3.577713,3.2362773,3.170817,2.4084952,2.6257133,3.2959619,3.0522046,4.8985476,4.2535453,3.5639882,2.9496179,4.115517,5.107338,5.9074664,6.2419744,2.9413002,2.8616664,2.6775079,3.032507,3.2262611,3.0387673,2.4825172,2.8988492,2.7754607,3.4514513,2.4097888,2.3737519,3.0149822,3.4682639,3.7725265,2.6868203,3.4077091,3.2595706,4.1969047,3.8941426,3.0098715,2.7816212,3.0899065,2.8287852,3.6948082,3.781975,2.602313,2.7362902,2.6426249,2.6236653,3.1060538,2.495488,3.75475,3.6896935,3.7680156,4.472162,4.421683,3.4163756,3.906507,4.489932,4.5433745,4.525826,3.0771825,3.5655909,3.6203945,3.5613544,3.8515513,3.7424092,3.4305077,3.498338,3.416035,3.5638137,2.7791035,2.9195714,4.9513116,4.6638355,2.301096,3.0608087,2.9814043,3.264385,3.3371975,3.2621875,2.7928882,3.0197592,2.6657796,2.906479,2.7108521,2.744632,2.703194,2.7559683,3.0217814,3.0055747,3.7990384,2.6006725,3.3308535,3.2450237,2.6541214,3.2642853,3.4279225,3.3098354
5,2.1150362,2.2597828,2.892252,2.9385712,1.5308187,0.0,1.5294544,1.4712819,2.4705443,2.7163262,3.276342,2.8380258,2.474384,2.0515282,1.9321984,2.2805848,2.1291695,1.968658,1.9406469,1.9659098,2.5773923,2.7220538,1.9812759,1.8382087,1.8057134,2.0834787,1.3776755,1.4590944,2.1140869,2.0770354,2.159866,2.1287198,3.2970064,3.3844771,2.8349967,2.8893669,2.7213233,2.960368,3.4683406,2.7218933,4.455176,3.9039323,3.2650378,2.6857502,3.58212,4.9037046,5.0722938,5.546337,2.189239,2.1696322,1.8194227,2.3349056,3.195459,3.052484,2.663758,2.8823633,1.9728689,3.0770044,1.6924032,1.6613318,2.5392659,2.8672922,3.4192297,2.27064,4.0979605,3.9536796,4.306076,4.071088,3.1295993,2.9198408,3.0781436,2.8025873,3.534399,3.728713,2.423975,2.5750628,2.8093162,2.7308848,3.1396797,2.0294251,3.74828,3.7669864,3.9433436,4.378446,4.3381166,3.3080375,3.8620605,4.5617056,4.293721,4.089549,2.8789284,3.5721986,3.5024054,3.4683752,3.8738894,3.7782366,3.7272139,3.7747533,3.6526122,3.8073373,3.1089368,3.2873886,4.5824656,4.3318944,2.7150848,3.2041068,3.3284376,3.3155367,3.3005106,3.284209,2.6706705,3.12026,2.9144983,3.1270502,2.6235154,2.7382336,2.8025625,2.3936532,2.9756236,2.948341,3.9414241,2.7315552,3.2515538,3.4441879,2.8488724,3.6558018,3.436231,3.383539
6,2.185144,2.2098792,2.4817042,2.3281107,2.519848,1.5294544,0.0,0.37891003,1.9754025,2.2652795,2.5925715,1.9438406,2.237713,1.0769229,1.5968629,1.4710858,2.783603,2.6717322,2.6794326,2.6080244,3.0556958,3.1837783,2.5342393,2.4553366,1.510876,1.9973857,2.3262055,1.5032347,1.5769397,1.558213,1.6285282,1.6175275,2.8581681,3.048006,2.6008308,2.531764,3.0627968,4.0538154,3.7056935,2.6207907,4.819916,4.3699,2.8367689,2.5170767,3.7584002,5.0891123,4.7521124,5.3320026,2.0373354,2.1194332,1.2976066,1.9957733,3.955896,3.2680843,3.3343906,3.4311116,1.9915956,3.1923873,1.8347373,1.8660773,2.2867427,2.2804155,3.3057418,2.022257,4.52664,4.3750997,4.3264146,4.0842276,3.1263068,3.3236654,3.435387,3.1934283,3.695534,3.79893,2.7932477,2.8855426,3.2811363,3.175481,3.594081,2.6322901,3.9240704,4.1429315,4.024664,4.4163675,3.9037557,3.021297,4.0386276,4.8519053,4.452276,4.043723,2.8313847,3.9040694,3.6416848,3.5951848,4.3954544,4.3614154,4.331498,4.3772435,4.2439227,4.3966265,3.773886,3.9136682,5.157625,4.917136,3.0131123,3.2160842,3.624755,3.4336379,3.689235,3.7663393,2.864198,3.3220654,3.4530246,3.6351671,2.7983928,3.1052222,3.237108,2.6666715,3.202873,3.174589,4.292682,3.2536082,3.4724374,4.0062757,3.275824,3.983773,3.7792394,3.795
7,2.199915,2.2662888,2.5688214,2.4015622,2.4665992,1.4712819,0.37891003,0.0,1.8911611,2.1166964,2.6344776,1.9479835,2.1767151,1.0808535,1.6918461,1.3319131,2.6101017,2.4717124,2.4838545,2.406071,2.9212244,3.044326,2.4187644,2.2817755,1.585311,2.047433,2.2494662,1.5111428,1.6998097,1.6709906,1.7529743,1.7316839,3.028615,3.2221494,2.7538512,2.7687774,3.0816379,3.973767,3.7649088,2.7560158,4.709377,4.2590995,2.8150244,2.5825274,3.687106,5.0531697,4.7502565,5.3127584,2.1967134,2.2919152,1.4425585,2.224198,3.950539,3.3083482,3.267345,3.4703548,2.1131244,3.2368305,1.9745162,2.003192,2.5112536,2.5054762,3.4048312,2.1925435,4.5129647,4.3700576,4.333701,4.140801,3.1673682,3.325723,3.4452608,3.1963043,3.751282,3.9160864,2.8009822,2.8949795,3.263865,3.1506722,3.5979943,2.567362,3.8680804,4.1744514,3.9712365,4.386776,3.9543076,2.9942787,4.0560155,4.9310784,4.388066,4.0094137,2.8678458,3.8939037,3.5498497,3.5043397,4.445181,4.390662,4.3140607,4.3601184,4.2230415,4.3700004,3.7807539,3.9216144,5.089937,4.8779097,3.0939333,3.3531237,3.6949337,3.5271242,3.7110484,3.8068912,2.9020402,3.364301,3.3191662,3.528264,2.847757,3.1778843,3.2258928,2.675558,3.2230573,3.2002969,4.3028855,3.1854482,3.4345326,3.91814,3.286226,4.0017533,3.7914183,3.8051188
8,2.4539824,2.461752,2.3831942,2.4975362,2.7559164,2.4705443,1.9754025,1.8911611,0.0,1.8983544,2.622181,2.022046,2.6346638,1.8221605,2.240951,1.6154325,2.443364,2.4439063,2.3903596,2.3524997,2.80264,2.841369,2.362934,2.2277496,1.593491,1.9321793,2.3840244,1.6181368,1.6248507,1.5367934,1.5714549,1.5072747,3.2375398,3.4782462,3.1293252,2.8960676,2.827512,4.0764947,3.6451313,3.1570804,4.9782534,4.329496,2.5847566,2.5946016,3.6945088,4.7952485,5.104456,5.670875,2.5695326,2.6784506,2.2101955,2.597876,4.0368266,3.3672023,3.3555381,3.7259912,2.444411,3.2902186,2.2332006,2.278282,2.5802512,2.3798866,2.850281,2.0536237,4.0728874,4.003346,4.448485,4.1730137,2.8174825,3.1572297,3.377062,3.1275666,3.8884099,4.0172925,2.9281576,3.003689,3.1230857,3.067911,3.4619973,2.7669187,3.4810889,3.952217,3.8154325,3.9760556,3.652318,3.0497997,3.7575953,4.7380047,4.123898,4.034067,2.7855399,3.851356,3.4283776,3.3005981,4.8926144,4.693949,3.932339,3.9643607,3.8260927,3.9132001,3.5917237,3.715466,4.9240737,4.7344646,3.12849,3.079028,3.513893,3.6615536,3.8004012,4.021936,3.1487172,3.4210453,3.1579463,3.3954837,2.7353091,3.179892,3.1672866,2.5650897,3.1229906,3.1180713,3.8689032,3.0048254,3.4305103,3.858161,3.1256583,3.8224077,3.870385,3.855795
9,2.9320405,3.2738988,3.2511966,3.5612662,3.2189522,2.7163262,2.2652795,2.1166964,1.8983544,0.0,2.536634,1.8633895,2.7498312,1.8290519,2.1703763,1.9584683,3.0471578,2.9650338,2.9908388,2.8738718,3.7066453,3.754936,3.3237443,2.8754885,2.3770986,2.847697,2.9661064,2.339768,2.5035532,2.4287395,2.4424226,2.3545954,3.6021168,3.8140938,3.2624874,3.2612252,3.2809725,4.513312,3.9858794,3.3296876,4.0757732,3.4307263,3.0833626,2.8802674,2.9379969,4.3731813,4.4064937,4.941495,3.091454,3.207242,2.6366117,3.11647,4.6404004,4.0494246,4.0267963,4.3015194,2.9659173,3.7155073,2.9057407,2.9502015,2.9159315,2.8104703,3.5998616,2.52084,4.357584,4.3355045,4.509438,4.470509,3.1776264,3.513704,3.7444046,3.5141604,4.2373753,4.6998744,3.57964,3.6983795,3.7088168,3.5992234,3.925969,3.2915483,4.2434835,4.577478,4.6987014,4.6362286,4.721554,3.610993,4.441531,5.2943873,4.506859,4.257727,3.7525475,4.1144814,3.7799153,3.7930984,5.005353,4.951711,4.5701485,4.603579,4.472293,4.600383,4.1344137,4.2396517,5.1240044,5.063305,3.428402,3.962147,4.369391,4.3862863,4.191251,4.382538,3.3429925,3.617722,3.483612,3.746825,3.144741,3.6498432,3.5817652,3.071081,3.5140214,3.5055993,4.4743133,3.4166124,3.9976099,4.3921747,3.5438278,4.210084,4.262544,4.19758
10,3.5294013,3.5584724,3.411924,3.6190448,4.08808,3.276342,2.5925715,2.6344776,2.622181,2.536634,0.0,1.5399204,3.7488458,2.263198,2.614666,2.3362677,3.711054,3.661563,3.6624281,3.5621598,4.6019278,4.6248317,3.5158246,3.4774978,2.906864,3.3026452,3.5278258,2.964147,2.9387445,2.8831253,2.8859122,2.9033382,3.893494,4.146415,3.4296427,3.520088,3.7124858,5.1219816,4.293548,3.6519275,5.413009,4.8977633,3.6911213,3.536833,4.3739867,5.518477,4.7510633,5.32337,3.5664797,3.6492963,3.04302,3.4371562,5.560644,5.0368333,5.1338363,5.267513,3.389051,4.1877193,3.1622498,3.242303,3.1876888,3.1657748,4.026911,3.043831,5.3610144,5.2564836,5.6519637,5.3765717,3.8495178,4.1392446,4.3451357,4.135395,4.639897,4.6823745,3.950593,4.0510035,4.1804,4.1107416,4.370039,3.8101084,4.8635583,5.0995255,5.502757,5.296514,4.6251354,4.221915,5.047319,5.82535,4.8792286,4.5459447,3.8196542,4.654864,4.3644075,4.3842683,5.427708,5.425974,5.2446117,5.258156,5.0682535,5.2069707,4.7087607,4.855878,5.2927933,4.930579,3.951343,4.020189,4.5366883,4.55747,4.7606125,4.907239,4.008126,4.25167,4.1228085,4.3641176,3.1524422,4.082799,4.2068567,3.7407913,4.1878514,4.1577806,5.011657,4.036751,4.407096,4.809132,4.179619,5.004778,4.851584,4.848367
11,3.143824,3.2021294,3.0613086,3.1933084,3.4926438,2.8380258,1.9438406,1.9479835,2.022046,1.8633895,1.5399204,0.0,3.228831,1.4575348,2.1559541,1.5969641,3.3081553,3.2888653,3.320731,3.183757,3.6839368,3.7127845,3.2037265,3.116479,2.5015194,2.9644065,3.1723032,2.5187385,2.5170846,2.4143882,2.4525774,2.431671,3.5125215,3.771471,3.105802,3.2639024,3.4730134,4.902841,4.0413694,3.2203786,4.9893537,4.43948,3.0936124,2.9073918,3.9120626,5.203249,4.210093,4.929464,3.004105,3.1466577,2.4318135,2.9146292,5.1843243,4.6079907,4.7186055,4.8393626,2.916337,3.8463814,2.719583,2.8040667,2.8874655,2.743021,3.6996357,2.6562574,4.7685604,4.690254,4.969313,4.6796107,3.534992,3.875891,4.081728,3.8604023,4.3735156,4.46121,3.7418065,3.832812,3.9341152,3.894934,4.231601,3.572061,4.5070047,4.828231,4.814984,4.9110284,4.2459917,3.6327739,4.662511,5.5202684,4.8059945,4.474537,3.3826108,4.3430524,3.9941251,3.9413047,5.2041306,5.168392,4.9278984,4.9720383,4.8136187,4.949377,4.4529653,4.537324,5.72084,5.442524,3.7167442,3.687041,4.3075876,4.243603,4.426803,4.618873,3.662445,3.9355538,3.8987849,4.129294,2.909829,3.8333845,3.9575884,3.2403674,3.8753798,3.8599982,4.784235,3.7341578,4.1213174,4.664002,3.853017,4.4945164,4.5348635,4.52322
12,3.1253316,3.0088167,2.9493268,3.091701,2.945306,2.474384,2.237713,2.1767151,2.6346638,2.7498312,3.7488458,3.228831,0.0,2.087342,2.234928,2.3411198,3.3096964,3.10781,3.0935233,3.0027108,3.3865519,3.4802318,2.945473,2.9064875,2.2340937,2.6370513,2.7904487,2.2104313,2.489558,2.469967,2.4738097,2.4382734,3.4604166,3.5517836,3.1293325,3.255188,3.2831304,3.7752433,3.8944237,3.0513105,5.0347652,4.6047606,3.0207846,2.809164,4.3820634,5.594751,5.813823,6.6223736,3.1809971,3.2380855,2.4740436,2.7737641,3.1874015,2.519763,2.5112133,2.775375,3.0148647,3.8943217,3.0176325,3.0007782,3.0387735,3.1003873,3.853576,2.6166482,4.9841065,4.8943243,5.0835238,4.802156,3.7991989,3.9825234,4.2825813,4.081879,4.4588523,4.520362,3.8647158,3.9570243,4.0085216,3.9752529,4.4391103,3.7951512,4.074391,4.3653054,4.3790092,4.6490197,3.9930549,3.1653662,4.26427,5.098051,4.518389,4.278118,3.1257381,4.1386943,3.7108376,3.7070646,4.7766633,4.695105,4.907579,4.9464025,4.805428,4.9461966,4.44783,4.531634,5.505324,5.308721,3.4620175,3.0828328,4.2384787,4.112922,4.442195,4.4738626,3.856068,4.053622,3.9682868,4.167507,4.1495285,3.9073036,3.8954895,2.8588054,3.9402413,3.9151428,4.9667053,3.4413035,3.6989863,4.7134404,4.0629025,4.688254,4.6438766,4.567753
13,2.75617,2.6974802,2.598431,2.6682687,2.778267,2.0515282,1.0769229,1.0808535,1.8221605,1.8290519,2.263198,1.4575348,2.087342,0.0,1.5168573,1.4152343,2.8773122,2.8086135,2.8233807,2.710597,3.1698122,3.2537146,2.6787398,2.620961,1.8235033,2.364686,2.6195352,1.8001035,1.9573915,1.9022318,1.9493725,1.9031587,2.9122512,3.1474566,2.348095,2.6620007,2.8587925,4.099621,3.4542305,2.3700528,4.660203,4.1703906,2.384018,2.2093697,3.7915545,5.0804377,4.586426,5.159213,2.5675116,2.6713514,1.7174605,2.3547843,4.2582064,3.5681033,3.6902595,3.7856066,2.3634567,3.4275496,2.2851245,2.3176033,2.3375115,2.4318826,3.2922175,1.9689063,4.4815893,4.3425207,4.6288757,4.3173738,3.1046238,3.4512498,3.6717765,3.4391603,3.9221256,3.9729779,3.272527,3.3861353,3.490684,3.442547,3.830389,3.0835557,3.8697462,4.2081747,4.184968,4.4230247,3.6347938,2.7917306,4.026811,4.933389,4.282242,3.9357698,2.7414932,3.8304822,3.4188716,3.3564527,4.451491,4.407991,4.488984,4.5355535,4.400458,4.551096,4.019667,4.1262913,5.3395953,5.067321,3.0335226,3.111346,3.7743688,3.619489,3.9672794,4.054804,3.2111838,3.53066,3.5187318,3.7449872,2.8701234,3.322868,3.4454966,2.877215,3.5063136,3.4768813,4.4380665,3.2815301,3.7571573,4.3125825,3.4320462,4.1140575,4.1368546,4.115815
14,2.6780748,2.7415652,2.7306743,3.1673114,2.5115242,1.9321984,1.5968629,1.6918461,2.240951,2.1703763,2.614666,2.1559541,2.234928,1.5168573,0.0,2.0929484,3.2371569,3.0814645,3.058711,3.0073845,3.5156,3.6302452,3.0107684,2.9775143,1.5259143,2.2737653,2.4014103,1.4550445,1.7497925,1.7349277,1.7674003,1.6989839,2.7969456,2.8036275,2.3605661,2.5519907,2.6182632,3.8418694,3.3950307,2.4274466,4.6267796,4.190274,3.3184023,2.3523738,4.0092163,5.288338,5.121623,5.685219,2.7059112,2.740745,1.5510952,2.346835,4.0729537,3.3362646,3.3586762,3.511622,2.411011,3.3118541,2.3494656,2.3492,1.879132,2.2901335,3.1358032,1.8430487,4.1872253,4.134056,4.443635,4.1522636,2.702353,3.0360467,3.4434998,3.2024698,3.6927764,3.7825913,3.0546384,3.1777987,3.131172,3.0885677,3.6288326,3.0421443,4.335321,4.1237206,4.602965,4.8410044,4.3803816,3.5120032,4.4465737,4.9192452,4.579632,4.288776,3.1106503,3.6402855,3.8290482,3.8275056,3.9767723,3.912934,4.2640977,4.2956686,4.120458,4.276057,3.7066631,3.8108697,4.953551,4.6618257,2.6551347,2.8335476,3.492186,3.3763866,3.7241583,3.750312,2.997031,3.2154272,3.0514927,3.316251,2.6608312,3.094146,3.1319785,2.5322664,3.0770056,3.0447428,4.1776543,2.8698707,3.3595576,3.9527657,3.1522205,3.9072282,3.8730087,3.805034
15,2.6883287,2.668467,2.5841568,2.726454,2.9543266,2.2805848,1.4710858,1.3319131,1.6154325,1.9584683,2.3362677,1.5969641,2.3411198,1.4152343,2.0929484,0.0,2.577733,2.4788444,2.5410566,2.4006472,2.9952664,3.0516121,2.448473,2.2890775,2.030045,2.566733,2.4934058,1.9152628,2.168492,2.0982776,2.139643,2.1272728,3.686541,3.9038012,3.2639165,3.3803546,3.5036917,4.3019247,4.1326733,3.32195,5.0095296,4.475471,2.8377168,2.8756437,3.8994792,5.1798377,4.88651,5.6375976,2.742056,2.9086213,2.193654,2.6743646,4.2037153,3.6823816,3.653518,3.9041402,2.5334444,3.5301542,2.437652,2.5044515,3.1102788,2.8824768,3.8157582,2.669543,4.648715,4.592503,4.669544,4.4238033,3.375424,3.5368252,3.8269448,3.5912557,3.9833574,4.157871,3.1592746,3.216972,3.5195687,3.4599288,3.972454,3.2026277,3.9353628,4.458581,4.082659,4.425242,3.8055093,3.029027,4.186358,5.2094536,4.273577,3.9062023,2.7956758,3.9886615,3.302918,3.3308883,4.9576244,4.9040775,4.50685,4.5486255,4.365425,4.5064793,3.9998918,4.093224,5.221289,5.009579,3.426535,3.3677232,3.976255,3.9047136,3.9679415,4.2032447,3.3145509,3.5503657,3.4327137,3.6696553,3.054863,3.4229295,3.4602797,2.7068818,3.3835855,3.3696063,4.4853907,3.1724157,3.359998,3.9781115,3.4837139,4.2041097,4.11771,4.1161385
16,2.6309197,2.7002296,3.1374822,3.3135986,2.5237885,2.1291695,2.783603,2.6101017,2.443364,3.0471578,3.711054,3.3081553,3.3096964,2.8773122,3.2371569,2.577733,0.0,0.8376609,0.93262357,1.0389353,2.2446795,2.3071914,1.4827641,0.8620528,2.7711613,3.145926,1.4641297,2.2516363,3.144874,3.08668,3.1342573,3.098807,4.549394,4.7310705,3.75098,3.9865324,3.5043898,3.131017,4.083905,3.6170237,4.404629,3.7554135,3.0989628,3.2361207,3.411804,4.515429,5.007906,5.3742375,2.8510873,2.9516065,2.9775963,3.183144,3.3076727,3.735112,3.206456,3.4866753,2.3540752,3.2125258,2.3635037,2.3489492,3.6246595,3.6532617,3.6443374,3.0747807,4.030401,3.9756298,4.5544286,4.274222,3.3662066,3.0062568,3.2277727,2.9689722,3.5543869,3.9056,2.6306684,2.7488296,2.9861972,2.988613,3.2082937,2.28299,2.912882,3.5748942,3.346436,3.5965564,3.914531,2.999026,3.163501,4.3546157,3.431802,3.4843476,2.5571544,3.4982982,2.6527371,2.5974054,4.3198586,4.0702305,3.0865772,3.1229923,3.0019937,3.090337,2.86848,3.0098236,4.072342,3.9506407,3.3709106,3.6650605,3.595877,3.7068114,3.1788204,3.392974,3.1255589,3.375741,2.908351,3.0892165,2.790659,2.825613,2.829068,2.7051563,3.1095738,3.1003716,3.547824,2.6384544,3.4037242,3.1295128,2.7387202,3.57273,3.5479982,3.5047348
17,2.6651256,2.6924574,3.2000866,3.3744426,2.4466708,1.968658,2.6717322,2.4717124,2.4439063,2.9650338,3.661563,3.2888653,3.10781,2.8086135,3.0814645,2.4788444,0.8376609,0.0,0.27751747,0.33518332,2.1436493,2.1901038,1.1651587,0.54181665,2.7014263,3.1269197,1.226362,2.137962,3.0243359,2.9910393,3.003671,2.9866273,4.235292,4.3991284,3.7043595,4.0256653,3.4764688,2.944609,4.0284114,3.5384467,4.278907,3.6379654,3.1286438,3.171269,3.3914874,4.5318704,5.087677,5.4552507,2.8503277,2.9554553,2.7994292,3.2558758,3.1550908,3.4938414,2.9331102,3.3322632,2.3624384,3.2207248,2.3989859,2.3804908,3.5804715,3.6407158,3.7162645,3.105922,3.9671519,3.8930354,4.4933066,4.3426466,3.379784,2.8425121,3.2161849,2.9543536,3.5338252,3.89366,2.6427815,2.7620614,2.5726771,2.5818627,3.217053,2.3277428,3.019391,3.6179905,3.5107768,3.7349696,4.0723367,3.1717124,3.3369076,4.431132,3.4001133,3.4442284,2.5898297,3.28446,2.7038944,2.582202,4.2292056,4.0043955,3.1744466,3.2076588,3.0808353,3.177257,2.9272137,3.06082,4.0067263,3.8670182,3.3752623,3.6282375,3.3736675,3.4820814,3.1264467,3.3481445,3.086824,3.3338537,2.7716677,2.983593,2.8343666,2.7591941,2.684218,2.5630693,2.9741771,2.9626946,3.6050625,2.6114476,3.3847146,3.1620567,2.7706993,3.6217427,3.2874534,3.2606518
18,2.615821,2.6101785,3.1447067,3.2962751,2.3740444,1.9406469,2.6794326,2.4838545,2.3903596,2.9908388,3.6624281,3.320731,3.0935233,2.8233807,3.058711,2.5410566,0.93262357,0.27751747,0.0,0.32765803,2.1099823,2.1583908,1.0664192,0.5592275,2.6388533,3.0342357,1.1957563,2.1026573,2.943979,2.9134648,2.9270124,2.9119785,4.1610527,4.324684,3.7252445,3.9861567,3.3889937,2.9083264,4.0078893,3.5539007,4.3343854,3.7489486,3.1890523,3.2080667,3.4738345,4.552663,5.1926837,5.5484843,2.8566544,2.9440567,2.7669072,3.2705042,3.15196,3.460655,2.8395598,3.325654,2.4171278,3.1689217,2.412974,2.3908172,3.5388203,3.607921,3.6721075,3.0747547,3.9046211,3.817022,4.4685287,4.313042,3.3238335,2.7820387,3.1481683,2.8867931,3.5294688,3.842988,2.6218524,2.748568,2.4980707,2.5022738,3.1413324,2.2832081,2.98702,3.5501769,3.5260983,3.702907,4.032973,3.1967165,3.3582149,4.40614,3.4201427,3.4922943,2.571574,3.2661002,2.7821138,2.6266036,4.222123,3.9950051,3.136983,3.1675165,3.0358849,3.1301696,2.8696356,3.015914,3.9444835,3.7771192,3.3110464,3.537617,3.2491684,3.3888872,3.103496,3.3020566,3.0337846,3.2944512,2.6810393,2.8886142,2.8241246,2.797603,2.6472454,2.5119298,2.9456596,2.9337938,3.5542588,2.5323377,3.3243163,3.1238115,2.75768,3.5996208,3.2335098,3.1977684
19,2.6272752,2.6170678,3.1203437,3.3021326,2.4628875,1.9659098,2.6080244,2.406071,2.3524997,2.8738718,3.5621598,3.183757,3.0027108,2.710597,3.0073845,2.4006472,1.0389353,0.33518332,0.32765803,0.0,2.1257885,2.1656866,1.1139948,0.589953,2.642144,3.0810134,1.251251,2.0941331,2.9229815,2.8902204,2.8927774,2.8834417,4.0960927,4.271846,3.682138,3.9870574,3.4347756,3.0130293,4.0204935,3.5083132,4.285841,3.6747952,3.0903587,3.145815,3.4053826,4.5535035,5.0155973,5.455277,2.8146832,2.9205222,2.68758,3.2164357,3.200656,3.4845953,2.9189265,3.3794003,2.3705873,3.219912,2.4074974,2.3918447,3.5244308,3.5636737,3.7041485,3.0568252,4.006963,3.923145,4.5200295,4.3923807,3.4009714,2.870062,3.2963223,3.039785,3.6230578,3.947479,2.7829456,2.9065285,2.5565395,2.5758631,3.33033,2.496591,3.006233,3.6346767,3.5412831,3.7260923,4.0197473,3.1323566,3.3785648,4.4755807,3.4101424,3.4471188,2.522381,3.2618942,2.7282984,2.5674589,4.302033,4.088271,3.3142388,3.3465588,3.2116003,3.3119347,3.0467062,3.175917,4.0799103,3.9253502,3.369526,3.528257,3.3505347,3.4516284,3.2084687,3.417061,3.1202466,3.3577628,2.8143368,3.0334983,2.8685288,2.874585,2.7774198,2.4870415,3.0455158,3.0306902,3.7116117,2.5975833,3.3412666,3.2867398,2.8878598,3.7188547,3.3149984,3.276578
20,3.3237255,3.0874648,3.4189441,3.3637655,2.182612,2.5773923,3.0556958,2.9212244,2.80264,3.7066453,4.6019278,3.6839368,3.3865519,3.1698122,3.5156,2.9952664,2.2446795,2.1436493,2.1099823,2.1257885,0.0,0.26661372,1.9109287,2.1171052,3.1222618,3.2870893,2.31228,2.7891622,3.26649,3.1972477,3.2594864,3.2234488,4.212241,4.3571806,4.0884404,4.2679105,3.6733472,3.418912,4.21834,3.8039298,5.2937775,4.6684494,3.3882592,3.3800685,4.378495,5.361874,5.774685,6.2034755,3.1688526,3.2524886,3.1224048,3.531592,3.4374135,3.5559106,3.0326502,3.4706378,3.034523,3.7785738,2.868568,2.8540733,3.9409826,3.943271,4.128041,3.5017877,3.7348545,3.6281981,4.453931,4.089623,3.843701,3.4759274,3.7693026,3.5465813,4.1182203,4.0717335,3.3791854,3.4564586,3.0917299,3.194406,3.8466754,3.1309679,3.5239365,4.0661755,3.3490486,4.1679378,3.869107,3.3291614,3.7959788,4.77199,4.4815116,4.5483212,2.6515524,3.8670447,3.4893916,3.1890392,4.760174,4.538841,3.6601603,3.7455482,3.6877236,3.7697601,3.3940184,3.4221025,5.631079,5.3734636,3.693279,3.4996164,3.3566294,3.4898787,3.633093,3.8076453,3.5416567,3.7527256,3.40217,3.5659513,3.4129217,3.4019134,3.367604,3.0018466,3.5562692,3.562975,4.171792,3.2083168,3.840244,3.8926752,3.3394217,3.7122972,3.715653,3.6815102
21,3.4678965,3.2287674,3.5235312,3.480618,2.3067825,2.7220538,3.1837783,3.044326,2.841369,3.754936,4.6248317,3.7127845,3.4802318,3.2537146,3.6302452,3.0516121,2.3071914,2.1901038,2.1583908,2.1656866,0.26661372,0.0,1.9374596,2.1606278,3.2296102,3.3709438,2.4141417,2.9102292,3.3734815,3.29738,3.3539248,3.3211534,4.269853,4.425944,4.1558423,4.357272,3.707254,3.4463747,4.2190986,3.8697045,5.345398,4.685023,3.386353,3.4213445,4.4270573,5.3855534,5.805337,6.246073,3.291806,3.3779504,3.2641451,3.6488807,3.5222855,3.6526961,3.1619365,3.5914905,3.1592865,3.8929677,2.972202,2.9632385,4.040623,4.0450444,4.1873636,3.5973234,3.7726521,3.6641712,4.5739303,4.21515,3.9431107,3.5635064,3.8663552,3.6464274,4.2274823,4.17595,3.4931831,3.5650785,3.1553235,3.2673407,3.9248056,3.245874,3.5450804,4.1255937,3.4034657,4.201134,3.899393,3.4051042,3.8197935,4.8203635,4.501873,4.605863,2.7319996,3.9177349,3.5220582,3.2093248,4.8698297,4.640945,3.7299166,3.8161569,3.764127,3.838816,3.4974732,3.5152087,5.7167974,5.4553623,3.804038,3.5617685,3.435364,3.6064773,3.7564995,3.9424455,3.686859,3.8779209,3.492349,3.6591744,3.4843605,3.4838383,3.4560316,3.0834126,3.6617959,3.6709054,4.237803,3.3056512,3.9486098,3.997498,3.4305992,3.7919729,3.8170373,3.785636
22,2.7125006,2.4025724,2.8360012,2.8227644,2.3973832,1.9812759,2.5342393,2.4187644,2.362934,3.3237443,3.5158246,3.2037265,2.945473,2.6787398,3.0107684,2.448473,1.4827641,1.1651587,1.0664192,1.1139948,1.9109287,1.9374596,0.0,0.9468589,2.556514,2.8895893,1.4123269,2.1644735,2.8072674,2.7700255,2.7838125,2.7992115,3.9465668,4.131751,3.6229136,3.8176272,3.3754787,3.053085,3.9457703,3.4355974,5.0186877,4.431478,3.1019921,3.1626306,4.031236,5.068136,5.484102,5.915808,2.7457764,2.8218522,2.6702428,3.0713348,3.1030958,3.345824,2.862072,3.2526493,2.4305034,3.3207226,2.2659614,2.2565758,3.425652,3.4432049,3.6931305,2.990576,4.124547,3.9765592,4.7375393,4.375183,3.5454297,3.080934,3.3956037,3.1476715,3.672946,3.6165268,2.83249,2.9406555,2.6865842,2.7376108,3.3411179,2.5251908,3.141864,3.6817956,3.6672904,3.8587444,3.513172,3.162038,3.4530888,4.498427,3.7242239,3.7463672,2.0987837,3.5116096,3.0552647,2.8334105,4.435513,4.242497,3.4666874,3.507634,3.3735652,3.4801006,3.0882561,3.217142,4.4753737,4.11249,3.388496,3.1202595,3.0379276,3.1712976,3.3004298,3.4681199,3.2040253,3.4595044,3.0565944,3.234089,2.9449542,2.9007096,2.8928394,2.5509973,3.1485348,3.1323032,3.8364666,2.7922087,3.4545362,3.5219095,3.02334,3.8157594,3.4338322,3.4280982
23,2.3767302,2.3475676,2.8449266,2.980796,2.3750663,1.8382087,2.4553366,2.2817755,2.2277496,2.8754885,3.4774978,3.116479,2.9064875,2.620961,2.9775143,2.2890775,0.8620528,0.54181665,0.5592275,0.589953,2.1171052,2.1606278,0.9468589,0.0,2.43775,2.84744,1.180911,2.0051248,2.7647798,2.718635,2.7321959,2.7284675,4.0778313,4.277452,3.6140568,3.7194266,3.397284,3.0886412,3.9838605,3.4546702,4.43303,3.7989674,3.0028186,3.1075118,3.3174155,4.4837203,5.010311,5.4607787,2.5502687,2.6434734,2.6318114,2.9359822,3.0336876,3.3434572,2.8416505,3.2059636,2.2046435,3.1402135,2.152296,2.1437821,3.3916538,3.3557332,3.5683258,2.8874435,4.0379443,3.93096,4.419935,4.2048817,3.3497465,2.8922534,3.1903849,2.9291294,3.4982426,3.7857263,2.6010041,2.7082582,2.694552,2.6749592,3.1781852,2.2931046,2.875972,3.5138462,3.4068875,3.5521317,3.8079739,2.981349,3.1623268,4.318444,3.470365,3.4793265,2.3819945,3.4134502,2.7875469,2.6621604,4.3490744,4.14657,3.2350986,3.2740123,3.150978,3.2550256,2.9158485,3.0454445,4.1122375,3.9367952,3.2920437,3.3995376,3.3340561,3.4375072,3.1148334,3.319526,2.9816043,3.2521567,2.9043398,3.0777063,2.794681,2.7220492,2.6809573,2.3937182,2.919133,2.9088085,3.6176035,2.6184762,3.2637403,3.273383,2.7669296,3.6164107,3.2920368,3.270693
24,1.8449743,1.882901,1.9512709,2.336961,2.2767963,1.8057134,1.510876,1.585311,1.593491,2.3770986,2.906864,2.5015194,2.2340937,1.8235033,1.5259143,2.030045,2.7711613,2.7014263,2.6388533,2.642144,3.1222618,3.2296102,2.556514,2.43775,0.0,1.2848752,2.047695,0.93621904,0.70765597,0.66896886,0.7433655,0.70235544,2.6674829,2.8049822,2.6544018,1.9517832,2.5072398,3.754118,3.4035196,2.6599822,4.8932886,4.3405347,3.0285919,2.4612513,3.715787,4.999065,5.159542,5.7691646,2.0280666,2.003943,1.3721228,1.7358946,3.5179408,2.7353733,2.7454646,3.0129068,2.0141602,3.1126885,1.8417132,1.834801,1.7976539,1.8679669,2.4952803,1.4933987,4.1805835,4.0623674,4.1002455,3.850669,2.5861876,2.8893673,3.2028525,2.9411595,3.5336702,3.6744356,2.5760548,2.6377494,2.8953195,2.7836094,3.31007,2.5871391,3.5283399,3.5506766,3.725336,4.033186,3.923381,2.991393,3.6658232,4.3868866,4.330489,4.17612,2.7265053,3.7645104,3.7086027,3.6491945,4.2299786,4.0178065,3.7757115,3.8088894,3.6730835,3.7861433,3.334479,3.4491189,4.645211,4.447937,2.609716,2.6441777,3.2668073,3.2652464,3.4560864,3.4955406,2.7901554,3.0604389,2.9888403,3.2038167,2.4956353,2.7622945,2.8100846,2.2335756,2.7500913,2.7336833,3.7380145,2.749738,2.8902216,3.6207767,2.8622591,3.6737752,3.5280406,3.510309
25,2.518361,2.643442,2.8699176,2.795192,2.2486756,2.0834787,1.9973857,2.047433,1.9321793,2.847697,3.3026452,2.9644065,2.6370513,2.364686,2.2737653,2.566733,3.145926,3.1269197,3.0342357,3.0810134,3.2870893,3.3709438,2.8895893,2.84744,1.2848752,0.0,2.5845091,1.6876849,1.3054043,1.2117451,1.3452559,1.2914828,2.754685,2.8930953,2.8233325,2.073652,2.128595,3.6399739,3.1050346,2.8770597,5.39777,4.7224565,3.1460993,2.6578016,4.2372665,5.289386,5.777942,6.407154,2.5519028,2.4627628,2.2710943,2.3202844,3.6890957,2.8010194,2.897724,3.137298,2.651353,3.5647328,2.1042027,2.1134412,2.1861088,2.5041578,2.8314922,1.8840809,4.489849,4.328322,4.7683973,4.503925,3.1805663,3.5139713,3.5062902,3.265559,4.229983,4.2841983,2.8490028,2.9117374,3.4454834,3.3298166,3.4914048,2.6637096,3.9618258,3.9799893,4.061727,4.5415797,4.3519907,3.5869825,4.0487304,4.7159266,4.822961,4.7568917,3.5044918,4.263561,4.19969,4.141933,4.732685,4.534521,4.2920895,4.3291683,4.240802,4.335793,3.823972,4.000322,5.24385,5.0333333,2.9245915,3.1109345,3.7291818,3.9516711,4.223189,4.2128115,3.3864336,3.7818272,3.5891507,3.7906768,3.1488154,3.3454373,3.4546711,2.837009,3.5238695,3.5114655,4.2126718,3.4226112,3.5755365,4.101137,3.4499414,4.109318,4.222379,4.193649
26,2.1117775,2.1917045,2.7968307,3.1319945,1.9659942,1.3776755,2.3262055,2.2494662,2.3840244,2.9661064,3.5278258,3.1723032,2.7904487,2.6195352,2.4014103,2.4934058,1.4641297,1.226362,1.1957563,1.251251,2.31228,2.4141417,1.4123269,1.180911,2.047695,2.5845091,0.0,1.4380006,2.4288013,2.39631,2.4060066,2.3923938,3.7033076,3.77607,3.1964715,3.3414016,3.010987,2.7046778,3.6371706,3.0375314,4.3445473,3.676157,3.279349,2.767449,3.4276662,4.7055154,5.0704417,5.6179686,2.2538016,2.3025298,2.140524,2.4766676,2.6922908,2.985297,2.4975152,2.7470467,1.7520394,2.9431887,1.7401022,1.6901438,2.7802665,2.9628186,3.1264272,2.4447865,3.8579173,3.803588,4.3177543,4.0666976,3.0584161,2.591863,3.038394,2.7588117,3.3210773,3.5916963,2.3961904,2.5245092,2.3772922,2.407476,3.0821705,2.1848571,3.2743027,3.3646796,3.6344483,3.9224436,4.199391,3.2908843,3.3911328,4.183686,3.7515948,3.748389,2.461836,3.1906352,3.0896351,3.0031605,3.8405201,3.5722697,3.0813777,3.1146755,2.96927,3.0822046,2.7091703,2.8378139,4.0184264,3.8174968,2.946104,3.0101604,3.101618,3.170619,2.9422104,3.0645654,2.8392863,3.0741115,2.706231,2.915995,2.4974358,2.4025524,2.5024693,1.9481952,2.6602395,2.6406395,3.4616308,2.3311512,2.9890573,3.139025,2.5474386,3.4675658,3.146374,3.0851386
27,1.9606816,2.0889065,2.3855467,2.7068565,2.1016834,1.4590944,1.5032347,1.5111428,1.6181368,2.339768,2.964147,2.5187385,2.2104313,1.8001035,1.4550445,1.9152628,2.2516363,2.137962,2.1026573,2.0941331,2.7891622,2.9102292,2.1644735,2.0051248,0.93621904,1.6876849,1.4380006,0.0,1.3096673,1.2978408,1.3193604,1.2637544,2.8641827,2.933653,2.4322882,2.4588852,2.431425,3.2138386,3.190237,2.4158769,4.5021873,3.899718,2.7783313,2.0994387,3.5992148,4.8531475,5.033194,5.6537504,2.024509,2.0754635,1.3113967,1.8628732,3.1867201,2.6296663,2.5833454,2.7629075,1.5609906,2.8441975,1.5441978,1.5147959,1.8665475,2.1500096,2.4633896,1.5225304,3.9878266,3.9247615,4.2378845,4.001149,2.534123,2.6530995,3.0295596,2.754507,3.371047,3.5982254,2.3270004,2.4296165,2.5873704,2.550038,3.1590276,2.3125527,3.4209,3.4436805,3.6232598,4.0248146,3.9796677,2.9939191,3.5254393,4.253089,3.911972,3.7757478,2.583249,3.2896607,3.2264545,3.1757247,3.8664317,3.615824,3.511907,3.538916,3.3912547,3.5037086,3.1484983,3.2860303,4.3828316,4.212938,2.578127,2.6849139,3.1703835,3.1656642,3.2869508,3.377343,2.795138,3.0762913,2.8241358,3.061129,2.4026382,2.5247083,2.6673717,1.9813992,2.6937816,2.6672237,3.5572653,2.5163944,2.920645,3.3895822,2.675477,3.5370216,3.4345975,3.3977923
28,1.9746276,1.9517164,2.037399,2.2718544,2.5199845,2.1140869,1.5769397,1.6998097,1.6248507,2.5035532,2.9387445,2.5170846,2.489558,1.9573915,1.7497925,2.168492,3.144874,3.0243359,2.943979,2.9229815,3.26649,3.3734815,2.8072674,2.7647798,0.70765597,1.3054043,2.4288013,1.3096673,0.0,0.21791334,0.24670245,0.26483557,2.335214,2.508079,2.8289428,1.9285883,2.7039313,4.125986,3.58657,2.8447697,5.2287216,4.6404796,3.16361,2.6589823,3.8772461,5.1511803,5.2523518,5.8695855,2.0063002,1.9738148,1.3796474,1.8495847,3.7966201,2.8419569,2.9519055,3.2461135,2.170318,3.3104336,1.9507593,1.9596888,1.7999626,1.7057158,2.6447766,1.586112,4.3322163,4.1916957,4.18259,3.9894066,2.8045037,3.1149116,3.43027,3.182761,3.8088908,3.8759496,2.8560715,2.9173923,2.9585366,2.8487983,3.5664937,2.854628,3.8010552,3.8716326,3.953512,4.2675056,4.0523043,3.2478688,3.9474552,4.649313,4.640076,4.435595,2.914867,4.011868,4.0438013,3.9354784,4.5892134,4.417497,4.0900803,4.1218204,3.9965727,4.1109533,3.5977829,3.729812,4.9791193,4.765482,2.7949758,2.8081083,3.3001757,3.3111546,3.6878748,3.7377713,2.9095204,3.2116385,3.3120985,3.5300975,2.6749017,2.9952517,3.1095095,2.5169928,2.9742126,2.9525807,4.016841,3.1290393,3.1876783,3.9461975,3.1716032,3.915228,3.6073346,3.6064148
29,1.960604,1.9648052,2.044535,2.270698,2.461622,2.0770354,1.558213,1.6709906,1.5367934,2.4287395,2.8831253,2.4143882,2.469967,1.9022318,1.7349277,2.0982776,3.08668,2.9910393,2.9134648,2.8902204,3.1972477,3.29738,2.7700255,2.718635,0.66896886,1.2117451,2.39631,1.2978408,0.21791334,0.0,0.25235748,0.23580965,2.4016156,2.583017,2.818782,1.921977,2.6384635,4.0998387,3.5394275,2.8350306,5.203731,4.5991726,3.1222315,2.6158924,3.8457885,5.127611,5.1880145,5.8494306,1.9967004,1.967723,1.4190242,1.812234,3.805542,2.8997278,2.993241,3.282752,2.1799054,3.3148913,1.9071167,1.9231567,1.8103267,1.7159301,2.6330543,1.566778,4.3194656,4.1839457,4.2171474,4.000902,2.8350568,3.1549006,3.4433672,3.1942112,3.8537407,3.9217188,2.8791373,2.9407809,3.0328853,2.9298818,3.5744102,2.8509986,3.7933266,3.8754478,3.9355555,4.260406,4.043646,3.2352352,3.9364,4.656397,4.6560855,4.469377,2.9205897,4.030546,4.0297904,3.9240465,4.633536,4.4563637,4.1085134,4.143914,4.018785,4.131576,3.6180193,3.7441049,5.042746,4.8282876,2.8161025,2.7840362,3.369489,3.4013734,3.7389042,3.793335,2.9525528,3.2561889,3.3250268,3.5433931,2.6685603,3.0418139,3.1528955,2.463499,3.0258088,3.0078259,4.0396366,3.111549,3.175805,3.967443,3.188486,3.917026,3.6844487,3.6742537
30,1.9932271,1.9792695,2.0471315,2.3224115,2.5648715,2.159866,1.6285282,1.7529743,1.5714549,2.4424226,2.8859122,2.4525774,2.4738097,1.9493725,1.7674003,2.139643,3.1342573,3.003671,2.9270124,2.8927774,3.2594864,3.3539248,2.7838125,2.7321959,0.7433655,1.3452559,2.4060066,1.3193604,0.24670245,0.25235748,0.0,0.18102668,2.28682,2.474973,2.7927296,1.8920069,2.6926167,4.1203165,3.5340974,2.8049889,5.1557245,4.5544605,3.0938802,2.5861163,3.792473,5.04188,5.154481,5.830203,1.9487257,1.9259984,1.4031942,1.777787,3.7588878,2.8321362,2.9928792,3.245656,2.1282175,3.2717752,1.9001561,1.915503,1.746851,1.6112456,2.5844753,1.5273461,4.2985086,4.1631575,4.1922574,3.9991324,2.8122835,3.1028173,3.429712,3.1872034,3.805058,3.884432,2.8952317,2.9553483,2.9651723,2.8673804,3.571697,2.923324,3.7491205,3.818604,3.940576,4.2016797,4.0299387,3.2432487,3.8690486,4.5712485,4.5783796,4.388003,2.9045384,3.952351,3.9977627,3.8822443,4.6074224,4.4392905,4.0845504,4.117287,3.9951837,4.108196,3.6124024,3.7320874,4.9991484,4.7910075,2.8143241,2.731998,3.3149595,3.3413317,3.7002232,3.7641964,2.9475138,3.228917,3.3857377,3.5852103,2.6866724,2.986228,3.1185045,2.4098492,2.9760466,2.9551268,3.9995685,3.1292667,3.199835,4.0138416,3.174009,3.9018,3.6169827,3.608658
31,2.0201147,2.0419884,2.0948107,2.3756928,2.4902802,2.1287198,1.6175275,1.7316839,1.5072747,2.3545954,2.9033382,2.431671,2.4382734,1.9031587,1.6989839,2.1272728,3.098807,2.9866273,2.9119785,2.8834417,3.2234488,3.3211534,2.7992115,2.7284675,0.70235544,1.2914828,2.3923938,1.2637544,0.26483557,0.23580965,0.18102668,0.0,2.302095,2.4782534,2.7345858,1.8719951,2.602346,4.066658,3.463938,2.7508533,5.1044865,4.48303,3.0451064,2.5097106,3.7566369,5.012952,5.1671104,5.815488,1.9826604,1.9626682,1.4262073,1.8024462,3.7474656,2.8042493,2.961462,3.2126498,2.1236045,3.2638826,1.8923491,1.9053986,1.6992339,1.6168107,2.5466094,1.4477633,4.226562,4.0993075,4.1725645,3.970877,2.74222,3.0712452,3.387575,3.1408496,3.7951787,3.8898613,2.8651717,2.9315076,2.9564543,2.8600564,3.530066,2.8656247,3.7578635,3.819276,3.9387205,4.220934,4.049272,3.2303464,3.8717787,4.5713596,4.573767,4.389609,2.9279978,3.9310932,3.9682684,3.8603594,4.567851,4.3953648,4.048798,4.082305,3.9628189,4.0757627,3.5774302,3.7006013,5.0006895,4.799547,2.7522554,2.7483404,3.3170562,3.3560977,3.6922584,3.7569466,2.9201353,3.2059531,3.3303127,3.541647,2.657301,2.9573538,3.0914543,2.4222693,2.958569,2.9383335,3.9683352,3.0981646,3.2237613,3.9839163,3.1263447,3.8513384,3.629056,3.6141877
32,3.7707365,3.6849864,3.7541323,3.8388758,3.526308,3.2970064,2.8581681,3.028615,3.2375398,3.6021168,3.893494,3.5125215,3.4604166,2.9122512,2.7969456,3.686541,4.549394,4.235292,4.1610527,4.0960927,4.212241,4.269853,3.9465668,4.0778313,2.6674829,2.754685,3.7033076,2.8641827,2.335214,2.4016156,2.28682,2.302095,0.0,0.5521391,2.464298,2.2455642,2.9003172,4.451625,3.0583832,2.3585258,5.522939,4.7427773,3.3099837,2.5737545,4.530715,5.622456,5.569261,5.994276,3.0355234,2.967308,2.4985998,2.9321105,4.4906955,3.2469916,3.9505746,3.8000858,3.112792,4.334337,2.9723294,2.954935,2.0085654,2.5790873,2.9950852,2.2876346,4.800338,4.5488043,5.078097,5.0137725,3.7678866,3.9530826,4.3212967,4.130388,4.7145343,4.6500106,4.079187,4.1582365,3.4146094,3.4140005,4.4321337,3.9694717,4.65298,4.534985,4.9125147,5.227872,4.897269,4.2358027,4.5322347,4.9729433,5.302581,5.1743813,3.9961019,4.382965,4.915421,4.674438,4.748154,4.607807,4.987869,5.0264482,5.018426,5.119897,4.702149,4.799816,6.1496754,5.8948417,3.5719461,3.6158726,3.7722106,3.7862387,4.705672,4.6559668,4.102527,4.369255,4.641911,4.837322,3.6193314,3.6136096,4.07204,3.828864,4.147033,4.1104217,4.8848376,4.5672016,4.942202,5.4229403,4.177512,4.707724,4.339848,4.3733644
33,3.9353933,3.8863034,3.9969795,4.109849,3.577713,3.3844771,3.048006,3.2221494,3.4782462,3.8140938,4.146415,3.771471,3.5517836,3.1474566,2.8036275,3.9038012,4.7310705,4.3991284,4.324684,4.271846,4.3571806,4.425944,4.131751,4.277452,2.8049822,2.8930953,3.77607,2.933653,2.508079,2.583017,2.474973,2.4782534,0.5521391,0.0,2.4971292,2.4436195,2.9364882,4.3932385,3.0584176,2.401346,5.5875106,4.8144608,3.581839,2.6286354,4.7509646,5.834747,5.83508,6.2646823,3.232006,3.1613002,2.6123192,3.078024,4.475936,3.1956592,3.9237282,3.7348783,3.2335079,4.428498,3.115482,3.0869553,2.0412714,2.747978,3.0607505,2.423916,4.840542,4.6208725,5.1944904,5.12987,3.8407273,4.0174885,4.404252,4.2168083,4.7954416,4.731728,4.1524854,4.232485,3.4662156,3.4835744,4.522003,4.0630426,4.9211946,4.6547503,5.1210494,5.499178,5.190143,4.518613,4.7755938,5.0815134,5.4728537,5.3540454,4.2129393,4.4161644,5.0853686,4.8624268,4.6658754,4.5081096,5.065872,5.1010427,5.08973,5.187816,4.7885647,4.8853855,6.2167363,5.9651227,3.6506884,3.698458,3.8503935,3.8601627,4.804193,4.740532,4.2377925,4.4925456,4.6960278,4.898577,3.7745996,3.697653,4.161812,3.8965478,4.2215815,4.1846642,4.9602146,4.6404915,5.025971,5.48177,4.271154,4.789036,4.445425,4.469957
34,3.895326,3.9537685,3.9314632,4.1687117,3.2362773,2.8349967,2.6008308,2.7538512,3.1293252,3.2624874,3.4296427,3.105802,3.1293325,2.348095,2.3605661,3.2639165,3.75098,3.7043595,3.7252445,3.682138,4.0884404,4.1558423,3.6229136,3.6140568,2.6544018,2.8233325,3.1964715,2.4322882,2.8289428,2.818782,2.7927296,2.7345858,2.464298,2.4971292,0.0,2.3006783,2.1352706,3.451235,1.7622614,0.54342514,4.711583,3.852283,2.2593477,1.1224875,4.340777,5.3023515,5.147572,5.5943055,3.1499634,3.1514344,2.6487525,2.6560838,4.1411066,3.3431342,4.072735,3.4900882,2.5540686,3.8823018,2.5184844,2.4908354,1.7889695,2.9046412,2.6408474,1.7868354,4.6307535,4.477796,5.432816,5.1098332,3.3429677,3.7084718,3.9278228,3.7273183,4.234313,4.296841,3.5125718,3.6220303,3.6534765,3.7063696,3.9679704,3.4689207,4.2190404,4.0511336,4.5268617,4.959204,4.468924,3.593846,3.8614469,4.394621,4.3579793,4.2478166,3.6625097,3.6941378,3.7846217,3.7526197,3.7201524,3.5367472,4.5106983,4.546046,4.5237637,4.6346126,4.358109,4.46716,5.638293,5.4064174,3.0681202,3.3789587,4.024416,4.0220423,4.513884,4.4699993,4.081083,4.308575,4.366972,4.5546317,3.2270575,3.1059651,3.7957098,3.6023307,4.1016397,4.055481,4.432276,4.086205,4.7700315,4.923955,3.656046,4.292817,4.679876,4.6570845
35,2.9304307,2.9923549,2.899936,3.2162693,3.170817,2.8893669,2.531764,2.7687774,2.8960676,3.2612252,3.520088,3.2639024,3.255188,2.6620007,2.5519907,3.3803546,3.9865324,4.0256653,3.9861567,3.9870574,4.2679105,4.357272,3.8176272,3.7194266,1.9517832,2.073652,3.3414016,2.4588852,1.9285883,1.921977,1.8920069,1.8719951,2.2455642,2.4436195,2.3006783,0.0,2.6911144,4.417515,3.0911543,2.346436,5.3539896,4.553738,3.2117279,2.5716345,3.896511,5.085342,5.178867,5.6567297,2.319517,2.1550152,2.414467,1.8272249,4.0963407,3.179489,3.8037992,3.4334044,2.5412598,3.8883023,2.288423,2.2782187,1.3900918,1.8044823,2.4484332,1.4109634,4.7161965,4.5006003,4.6538596,4.3471107,3.250849,3.7070067,3.8369336,3.630513,4.1609573,4.213406,3.450535,3.513291,3.747698,3.6541884,3.8784122,3.3982654,4.135689,3.9617379,4.4146404,4.583417,4.463919,3.6036727,3.8079119,4.3661103,5.0553927,4.8819876,3.6314905,4.494699,4.598146,4.5385423,4.5523973,4.411739,4.433326,4.4731245,4.459774,4.574307,4.044998,4.1529384,5.5684285,5.36294,2.9585502,3.2504025,3.9046326,3.9262173,4.210487,4.121381,3.503228,3.762722,4.3701544,4.504241,3.065768,3.0605946,3.631956,3.443952,3.6481135,3.6161268,4.339352,4.076242,4.3137827,4.863743,3.537681,4.194257,4.2414546,4.2386622
36,3.9019315,3.968574,3.9968886,4.2887936,2.4084952,2.7213233,3.0627968,3.0816379,2.827512,3.2809725,3.7124858,3.4730134,3.2831304,2.8587925,2.6182632,3.5036917,3.5043898,3.4764688,3.3889937,3.4347756,3.6733472,3.707254,3.3754787,3.397284,2.5072398,2.128595,3.010987,2.431425,2.7039313,2.6384635,2.6926167,2.602346,2.9003172,2.9364882,2.1352706,2.6911144,0.0,2.7164185,1.5334344,2.142372,4.971148,4.198983,2.9755056,2.1412423,4.6794877,5.3875847,6.0037465,6.424264,3.6876414,3.6009438,3.127265,3.3491063,4.131993,3.4312518,3.5875533,3.6401033,3.303379,3.9479363,2.9288,2.8996215,2.4353676,3.4994187,2.9189775,2.2436588,4.118995,3.9570174,5.4354854,5.14388,3.1341603,3.4633229,3.6658895,3.4493992,4.4864254,4.517161,3.3571463,3.4841928,3.4181776,3.4427698,3.5868962,3.2320154,4.0451055,3.8259773,4.4092693,4.8952866,4.6765556,3.8216226,4.067584,4.5232644,4.502805,4.6997633,3.8924403,3.7351732,3.937751,3.8696978,3.9682555,3.6928782,4.2077646,4.2402105,4.196548,4.2780514,3.9922705,4.1444254,5.3100977,5.0429735,2.6571753,3.1931865,3.7443032,4.133152,4.58355,4.469289,4.022922,4.2228584,3.61417,3.868674,3.1755888,3.440516,3.6299489,3.4694512,4.0793,4.0511713,4.1839266,3.5124729,4.302897,4.340537,3.5055144,4.1006846,4.662466,4.559759
37,4.528742,4.5573387,4.904193,5.1873484,2.6257133,2.960368,4.0538154,3.973767,4.0764947,4.513312,5.1219816,4.902841,3.7752433,4.099621,3.8418694,4.3019247,3.131017,2.944609,2.9083264,3.0130293,3.418912,3.4463747,3.053085,3.0886412,3.754118,3.6399739,2.7046778,3.2138386,4.125986,4.0998387,4.1203165,4.066658,4.451625,4.3932385,3.451235,4.417515,2.7164185,0.0,2.816913,3.2507584,4.9364834,4.128691,3.7645087,3.1825755,5.070815,5.6882396,6.7970643,7.1482944,4.355397,4.3114333,4.086588,4.28069,3.0016658,3.3322291,3.051875,3.0126765,3.6808376,4.311148,3.5305712,3.4584353,3.986093,4.8558807,4.1926084,3.707078,4.375696,4.283336,5.91466,5.6693244,4.1265945,3.7039566,4.0327225,3.8361428,4.58968,4.745477,3.5423353,3.6685834,3.4112017,3.538887,3.872497,3.4476728,4.095555,3.9464328,4.436636,5.095544,5.2240205,4.3486705,4.0679264,4.536513,4.160339,4.5254297,4.082599,3.5287278,3.610353,3.5990162,3.669708,3.326083,3.922715,3.9489076,3.929805,3.9953856,3.861184,3.9994798,4.9303613,4.7217546,3.5019183,3.9511693,3.9893517,4.37035,4.492465,4.400243,4.512378,4.632231,3.8169537,4.025967,4.0467176,3.492548,3.6940012,3.7633317,4.3332725,4.304699,4.3444705,3.629415,4.5869246,4.1382346,3.7084236,4.3301396,4.668803,4.5575514
38,4.7411556,4.813953,4.826513,5.0763755,3.2959619,3.4683406,3.7056935,3.7649088,3.6451313,3.9858794,4.293548,4.0413694,3.8944237,3.4542305,3.3950307,4.1326733,4.083905,4.0284114,4.0078893,4.0204935,4.21834,4.2190986,3.9457703,3.9838605,3.4035196,3.1050346,3.6371706,3.190237,3.58657,3.5394275,3.5340974,3.463938,3.0583832,3.0584176,1.7622614,3.0911543,1.5334344,2.816913,0.0,1.7536474,5.1368375,4.0490265,2.7325215,1.8410722,4.9510694,5.5872145,6.098702,6.4813585,4.0953145,4.0422826,3.782847,3.730729,4.2949233,3.628156,4.262486,3.793663,3.5537298,4.533208,3.275017,3.2441137,2.7988698,3.9794664,3.1060011,2.7034435,4.5953603,4.4285097,6.092977,5.795534,3.8553,4.0814285,4.270199,4.0816474,4.919599,4.966708,3.928075,4.029885,3.8913224,3.9886403,4.151871,3.8301847,4.439911,4.2328715,4.773175,5.342828,5.080408,4.291013,4.105047,4.548165,4.656532,4.894251,4.4024467,3.9679372,4.1679277,4.101257,4.0839834,3.7799659,4.637754,4.674772,4.7098784,4.773222,4.6295857,4.7438726,5.985763,5.7557707,3.4204907,3.8304002,4.3162885,4.663725,5.141785,5.0655913,4.797337,4.9693317,4.6321106,4.8461733,3.7707982,3.593117,4.1997905,4.163106,4.705105,4.672218,4.636083,4.4688025,5.308729,5.18533,4.0370827,4.560071,5.211869,5.1555443
39,3.823099,3.8316972,3.8452988,4.0887856,3.0522046,2.7218933,2.6207907,2.7560158,3.1570804,3.3296876,3.6519275,3.2203786,3.0513105,2.3700528,2.4274466,3.32195,3.6170237,3.5384467,3.5539007,3.5083132,3.8039298,3.8697045,3.4355974,3.4546702,2.6599822,2.8770597,3.0375314,2.4158769,2.8447697,2.8350306,2.8049889,2.7508533,2.3585258,2.401346,0.54342514,2.346436,2.142372,3.2507584,1.7536474,0.0,4.608311,3.7206423,2.1760292,1.0397483,4.2235994,5.238949,5.072626,5.49097,3.0289183,3.0240612,2.5564349,2.6079245,3.9005003,3.1847935,3.8679268,3.2896798,2.4568462,3.851683,2.4626403,2.4183946,1.8392574,2.9158883,2.6049585,1.8051982,4.469182,4.292782,5.2780704,4.9591007,3.3586748,3.6082876,3.889764,3.6843889,4.1647844,4.205303,3.527727,3.6418884,3.4711506,3.5488565,3.9408572,3.4273596,4.014006,3.8846242,4.3209667,4.7885756,4.342446,3.429552,3.6544855,4.238019,4.286847,4.224687,3.4470463,3.5758386,3.6969032,3.6021318,3.5923955,3.3708978,4.3384314,4.382141,4.3794374,4.488011,4.2222166,4.311442,5.6362023,5.3989744,3.0381622,3.2739635,3.8454041,3.822574,4.3529897,4.2932305,4.006484,4.2214713,4.285588,4.4723825,3.1777813,2.9825976,3.6785932,3.5124166,4.0207834,3.9761693,4.3579497,3.9932752,4.7237177,4.8883467,3.5611966,4.177105,4.496541,4.4726834
40,4.892084,5.3201327,5.720786,6.084765,4.8985476,4.455176,4.819916,4.709377,4.9782534,4.0757732,5.413009,4.9893537,5.0347652,4.660203,4.6267796,5.0095296,4.404629,4.278907,4.3343854,4.285841,5.2937775,5.345398,5.0186877,4.43303,4.8932886,5.39777,4.3445473,4.5021873,5.2287216,5.203731,5.1557245,5.1044865,5.522939,5.5875106,4.711583,5.3539896,4.971148,4.9364834,5.1368375,4.608311,0.0,2.7713177,4.9113927,4.5087185,3.6905808,3.1021225,4.589796,4.824567,4.916691,4.991021,4.694898,5.090679,5.53432,5.642572,5.512561,5.497106,4.550237,3.7352836,4.8410525,4.8124595,4.8795147,5.186408,4.9463983,4.7775826,4.3971915,4.4558992,4.6849527,4.998838,4.122344,3.924346,3.8691988,3.8612063,4.1580315,5.1457577,4.4448376,4.559999,4.7876763,4.7025113,4.1849294,4.623439,4.4948597,4.0755215,5.1065793,4.5311413,6.178211,4.9036655,4.4835734,4.362232,3.9312215,3.970571,5.509312,3.5115407,4.0235925,4.0251837,3.9803607,4.0919843,4.429889,4.4450135,4.434806,4.5048933,4.6544876,4.631063,4.7836676,5.091218,4.582585,5.337048,5.343575,5.211961,4.4374957,4.4709654,4.4083242,4.5891075,4.7178373,4.4780984,4.7282486,4.7473426,4.214802,4.0546565,4.4377513,4.429732,4.244643,4.223681,5.0904098,4.9907436,4.166559,4.1999307,4.695902,4.525859
41,4.4646416,4.987711,5.3298063,5.761127,4.2535453,3.9039323,4.3699,4.2590995,4.329496,3.4307263,4.8977633,4.43948,4.6047606,4.1703906,4.190274,4.475471,3.7554135,3.6379654,3.7489486,3.6747952,4.6684494,4.685023,4.431478,3.7989674,4.3405347,4.7224565,3.676157,3.899718,4.6404796,4.5991726,4.5544605,4.48303,4.7427773,4.8144608,3.852283,4.553738,4.198983,4.128691,4.0490265,3.7206423,2.7713177,0.0,3.903884,3.4361193,2.4626217,3.905387,4.2051096,4.3806543,4.143292,4.219246,4.2774153,4.3487325,4.626067,4.7487106,4.8916526,4.5869,3.6597993,4.679186,3.884026,3.8555672,4.0567136,4.4725466,4.071022,3.8573167,4.7396235,4.757213,5.348624,5.53989,4.416399,4.17855,4.4759545,4.28637,4.8682113,5.7156434,4.454406,4.5753293,4.209953,4.21584,4.5643153,4.032738,4.681993,4.768794,5.184378,5.1907535,6.3548098,4.85876,4.364278,5.02734,4.6303067,4.749173,5.084639,4.2736278,4.2840767,4.290629,4.6707754,4.422937,4.504437,4.5356936,4.5936046,4.6462154,4.650014,4.688347,5.327564,5.5583887,4.5851784,5.436916,5.3651624,5.417037,4.751057,4.881954,4.6661806,4.842567,4.7246666,4.9091845,4.0957437,3.8546941,4.2356114,4.285188,4.48833,4.4796324,4.745526,4.640158,5.564277,5.2802415,4.10655,4.674944,4.816444,4.7525163
42,3.9719045,3.9143462,3.779263,3.8056223,3.5639882,3.2650378,2.8367689,2.8150244,2.5847566,3.0833626,3.6911213,3.0936124,3.0207846,2.384018,3.3184023,2.8377168,3.0989628,3.1286438,3.1890523,3.0903587,3.3882592,3.386353,3.1019921,3.0028186,3.0285919,3.1460993,3.279349,2.7783313,3.16361,3.1222315,3.0938802,3.0451064,3.3099837,3.581839,2.2593477,3.2117279,2.9755056,3.7645087,2.7325215,2.1760292,4.9113927,3.903884,0.0,1.7148426,4.080012,5.017458,5.015814,5.5153913,3.2650042,3.3781185,3.1534953,3.0844488,3.988902,3.379681,4.021739,3.6370282,2.7517896,4.1117277,2.7944083,2.7976005,3.0283897,3.366703,3.08148,2.4775972,4.8000703,4.639141,5.5340314,5.2433767,3.8165717,4.072366,4.268045,4.0670886,4.551505,4.672897,3.8215353,3.8968494,3.8958528,3.960497,4.2951803,3.665833,3.3749027,4.148815,3.7292628,4.204689,3.5922716,2.7920697,3.1502144,4.475846,3.7974942,3.7967381,3.1977737,3.9252472,3.0821307,2.9390426,4.718648,4.4794297,4.524969,4.571447,4.5756054,4.650855,4.5464516,4.631672,5.863853,5.7298675,3.7331789,3.7452493,4.316077,4.36465,4.6775765,4.8087,4.37362,4.588649,4.5965347,4.786764,3.698604,3.440596,4.0334034,3.769984,4.3618326,4.332674,4.596657,4.2639155,4.914376,5.0743914,3.9171796,4.483551,4.8435216,4.857411
43,3.6392086,3.7324276,3.7411487,3.956401,2.9496179,2.6857502,2.5170767,2.5825274,2.5946016,2.8802674,3.536833,2.9073918,2.809164,2.2093697,2.3523738,2.8756437,3.2361207,3.171269,3.2080667,3.145815,3.3800685,3.4213445,3.1626306,3.1075118,2.4612513,2.6578016,2.767449,2.0994387,2.6589823,2.6158924,2.5861163,2.5097106,2.5737545,2.6286354,1.1224875,2.5716345,2.1412423,3.1825755,1.8410722,1.0397483,4.5087185,3.4361193,1.7148426,0.0,3.9559336,5.0474024,4.992704,5.5660405,2.8915884,2.9607675,2.5147705,2.5191467,3.6693017,2.943089,3.649183,3.1302729,2.2607713,3.7576141,2.2449179,2.2216403,1.9295152,2.7688053,2.3658652,1.684122,4.294044,4.1994743,5.2089715,4.901747,3.2873304,3.5627646,3.8393955,3.6171005,4.1996384,4.34158,3.4165854,3.5137656,3.406902,3.5010226,3.9053266,3.2751043,3.904921,3.94284,4.116561,4.6565027,4.3015885,3.393701,3.5749037,4.313564,4.165612,4.1633387,3.3764973,3.5279393,3.4629428,3.366907,3.9715989,3.677917,4.2308016,4.2768574,4.263027,4.34752,4.178575,4.2549453,5.65458,5.4877477,3.2120428,3.274276,3.944074,3.9967618,4.361937,4.430403,4.0244684,4.238596,4.159294,4.3767743,3.1835036,2.9678333,3.6380472,3.1932783,3.8900042,3.8601778,4.252362,3.8532264,4.575302,4.775851,3.488557,4.0901937,4.5090413,4.486274
44,3.1392026,3.704848,4.104433,4.457905,4.115517,3.58212,3.7584002,3.687106,3.6945088,2.9379969,4.3739867,3.9120626,4.3820634,3.7915545,4.0092163,3.8994792,3.411804,3.3914874,3.4738345,3.4053826,4.378495,4.4270573,4.031236,3.3174155,3.715787,4.2372665,3.4276662,3.5992148,3.8772461,3.8457885,3.792473,3.7566369,4.530715,4.7509646,4.340777,3.896511,4.6794877,5.070815,4.9510694,4.2235994,3.6905808,2.4626217,4.080012,3.9559336,0.0,3.3438148,3.57268,3.6995485,2.9612567,3.038597,3.6808097,3.5290372,4.489693,4.574773,4.6042256,4.4721217,3.0680823,4.2846675,3.2599125,3.2629447,3.7536547,3.4240105,3.9276452,3.4729154,4.726448,4.6711154,4.2431006,4.4693074,4.167415,3.947825,4.136,3.9296281,4.388534,5.202966,4.091046,4.186244,4.0131516,3.8917375,4.2652774,3.5745606,4.320255,4.669596,4.851171,4.486957,5.7610793,4.415056,4.0712633,4.9886894,4.9069467,4.760964,4.457202,4.757312,4.5567565,4.5089297,5.340149,5.209167,4.2575693,4.295349,4.3282733,4.412385,4.0846705,4.135782,5.06308,5.2613697,4.426056,5.1754017,4.960705,4.910188,3.991693,4.212002,3.6803749,3.9564111,4.5262527,4.6523204,3.6092317,3.482837,3.8067386,3.8699973,3.698927,3.7010524,4.501207,4.417842,4.9851756,4.9935746,3.7297692,4.380732,3.959726,3.9610095
45,4.774913,5.109894,5.4379563,5.7196784,5.107338,4.9037046,5.0891123,5.0531697,4.7952485,4.3731813,5.518477,5.203249,5.594751,5.0804377,5.288338,5.1798377,4.515429,4.5318704,4.552663,4.5535035,5.361874,5.3855534,5.068136,4.4837203,4.999065,5.289386,4.7055154,4.8531475,5.1511803,5.127611,5.04188,5.012952,5.622456,5.834747,5.3023515,5.085342,5.3875847,5.6882396,5.5872145,5.238949,3.1021225,3.905387,5.017458,5.0474024,3.3438148,0.0,5.106622,5.1474032,4.5818014,4.623016,5.136257,5.0393786,5.5607743,5.641083,5.697293,5.5936913,4.5825095,3.474683,4.6704564,4.680026,5.031242,4.892157,5.0943165,4.804398,3.9149091,3.896365,4.0358934,4.2975297,3.993735,3.7780282,3.3534188,3.4302502,3.7897134,4.730552,4.142003,4.217863,4.7655106,4.6111693,3.5817044,4.5610976,4.0801454,3.8406403,4.875054,3.6821272,5.7306657,4.93877,3.8402534,3.6696727,3.976988,3.9376256,5.488037,3.949592,4.269095,4.22271,4.94785,5.206961,3.9940453,4.0081286,4.0814223,4.1560235,4.066155,4.0647635,4.855407,5.1101165,4.4363303,5.2832074,4.9427195,5.046761,4.0210466,4.1761827,3.8513832,4.0387974,5.1654067,4.7695184,4.6833434,4.431091,3.9578044,4.165357,4.003748,4.00021,3.6589956,4.5506315,5.2818823,5.026297,3.8197682,3.5975394,4.153549,4.006457
46,4.617159,4.991345,5.2577147,5.491177,5.9074664,5.0722938,4.7521124,4.7502565,5.104456,4.4064937,4.7510633,4.210093,5.813823,4.586426,5.121623,4.88651,5.007906,5.087677,5.1926837,5.0155973,5.774685,5.805337,5.484102,5.010311,5.159542,5.777942,5.0704417,5.033194,5.2523518,5.1880145,5.154481,5.1671104,5.569261,5.83508,5.147572,5.178867,6.0037465,6.7970643,6.098702,5.072626,4.589796,4.2051096,5.015814,4.992704,3.57268,5.106622,0.0,2.5480607,4.2843204,4.4188304,4.521904,4.495844,6.667725,6.7182646,6.8579826,6.645306,4.362856,5.396616,4.6610107,4.687509,4.9287567,4.6382027,4.972467,4.8684745,6.5352407,6.4659076,5.859449,5.9829288,5.711015,5.697335,5.8945537,5.74616,5.842819,6.425139,5.8532825,5.9248123,5.860482,5.8333535,6.162305,5.5746136,5.460323,5.8653336,5.748164,5.511438,6.367192,5.161919,5.282479,6.152012,5.9085755,5.6732574,5.3813744,5.8605146,5.5718594,5.4593782,6.4103174,6.2652855,6.1156173,6.160402,6.1366076,6.209044,6.134025,6.1126013,6.793085,6.908538,6.0361843,6.125307,6.5606446,6.2339835,5.7325873,5.8798065,5.5429177,5.7713118,6.2323556,6.3013816,4.80207,5.4942517,5.8149223,5.1264405,5.731698,5.722169,6.172343,5.8173094,6.0419235,6.625472,5.624952,6.0746403,5.8474236,5.847924
47,5.2675514,5.5732813,5.7992654,5.9955034,6.2419744,5.546337,5.3320026,5.3127584,5.670875,4.941495,5.32337,4.929464,6.6223736,5.159213,5.685219,5.6375976,5.3742375,5.4552507,5.5484843,5.455277,6.2034755,6.246073,5.915808,5.4607787,5.7691646,6.407154,5.6179686,5.6537504,5.8695855,5.8494306,5.830203,5.815488,5.994276,6.2646823,5.5943055,5.6567297,6.424264,7.1482944,6.4813585,5.49097,4.824567,4.3806543,5.5153913,5.5660405,3.6995485,5.1474032,2.5480607,0.0,4.961034,5.058039,5.203805,5.4216905,7.306278,7.26269,7.34505,7.1632695,4.951865,5.8579335,5.2676616,5.2766457,5.4505506,5.283678,5.452812,5.4014244,6.3386154,6.207747,5.6670556,5.8543053,5.7218523,5.6667657,5.799484,5.653909,5.733696,6.337749,5.915725,6.0026593,5.7492504,5.67919,5.961766,5.408283,5.820056,6.2060513,6.259369,5.893238,6.7476873,5.6215014,5.6521435,6.4589167,6.204189,5.9711485,5.802342,6.1849194,5.998199,5.857259,6.3148723,6.213815,5.871702,5.910466,5.9562364,6.020304,5.9432015,5.943936,6.630614,6.718633,6.195616,6.8978066,6.4381976,6.112457,5.512407,5.651828,5.423321,5.682414,6.1175213,6.2043424,4.6890764,5.3461766,5.6410904,6.0652204,5.661407,5.6537285,5.9995265,6.2298636,6.818593,6.5861006,5.4614005,5.9135385,5.5417356,5.623886
48,1.5439036,1.7215009,2.3831427,2.3789613,2.9413002,2.189239,2.0373354,2.1967134,2.5695326,3.091454,3.5664797,3.004105,3.1809971,2.5675116,2.7059112,2.742056,2.8510873,2.8503277,2.8566544,2.8146832,3.1688526,3.291806,2.7457764,2.5502687,2.0280666,2.5519028,2.2538016,2.024509,2.0063002,1.9967004,1.9487257,1.9826604,3.0355234,3.232006,3.1499634,2.319517,3.6876414,4.355397,4.0953145,3.0289183,4.916691,4.143292,3.2650042,2.8915884,2.9612567,4.5818014,4.2843204,4.961034,0.0,0.33353984,1.7137291,1.1647639,3.3546124,3.1306856,3.358038,3.0841844,1.1761501,3.2457173,1.1769015,1.1746477,2.1359668,1.5784299,2.7567854,1.9463123,4.511519,4.36943,4.020887,3.7708795,3.4849112,3.4022439,3.5511901,3.3180642,3.6762736,3.8768027,3.0358484,3.1065886,3.2487676,3.1919658,3.7084544,2.7705557,3.7364469,3.887376,3.869945,4.0307984,4.251093,3.4220138,3.468408,4.313966,4.6751637,4.3930397,2.8428671,4.1930046,4.1174254,3.9722695,4.703882,4.546138,3.9047332,3.9541395,3.9112077,4.0270147,3.485364,3.5831037,5.162257,5.0259924,3.456199,3.4007912,3.6677823,3.4910607,3.370454,3.4966328,2.9149034,3.3254046,4.098533,4.190393,2.831976,2.7046313,3.2754061,2.5872962,3.0505702,3.0282102,4.070877,3.6594439,3.8110592,4.3951774,3.2145429,3.914998,3.4074185,3.447915
49,1.5554013,1.7186707,2.3945675,2.4237347,2.8616664,2.1696322,2.1194332,2.2919152,2.6784506,3.207242,3.6492963,3.1466577,3.2380855,2.6713514,2.740745,2.9086213,2.9516065,2.9554553,2.9440567,2.9205222,3.2524886,3.3779504,2.8218522,2.6434734,2.003943,2.4627628,2.3025298,2.0754635,1.9738148,1.967723,1.9259984,1.9626682,2.967308,3.1613002,3.1514344,2.1550152,3.6009438,4.3114333,4.0422826,3.0240612,4.991021,4.219246,3.3781185,2.9607675,3.038597,4.623016,4.4188304,5.058039,0.33353984,0.0,1.775896,1.1700715,3.3343196,3.101332,3.3093982,3.043245,1.3242021,3.2924886,1.2267548,1.2107929,2.079604,1.6111047,2.7551553,1.9219879,4.513315,4.3496714,4.0218554,3.7727911,3.481579,3.3955395,3.538172,3.3053691,3.702673,3.881173,3.0300515,3.1033494,3.2402854,3.1717255,3.6756794,2.7660089,3.7487106,3.8380055,3.8957257,4.05937,4.3158236,3.4676564,3.4752936,4.273823,4.755926,4.495607,2.9144554,4.242073,4.223731,4.081781,4.666014,4.5100756,3.892026,3.941304,3.9065998,4.0244913,3.4421103,3.5492728,5.142973,4.994204,3.3663378,3.372979,3.6231735,3.4768133,3.3793314,3.453174,2.8917756,3.302724,4.0948744,4.1850395,2.8191094,2.6920056,3.2623777,2.6546147,3.0681946,3.0438712,4.0675516,3.6669834,3.8058686,4.3864784,3.205793,3.9120324,3.3946016,3.4269779
50,1.8521441,1.8182322,2.1949828,2.3812733,2.6775079,1.8194227,1.2976066,1.4425585,2.2101955,2.6366117,3.04302,2.4318135,2.4740436,1.7174605,1.5510952,2.193654,2.9775963,2.7994292,2.7669072,2.68758,3.1224048,3.2641451,2.6702428,2.6318114,1.3721228,2.2710943,2.140524,1.3113967,1.3796474,1.4190242,1.4031942,1.4262073,2.4985998,2.6123192,2.6487525,2.414467,3.127265,4.086588,3.782847,2.5564349,4.694898,4.2774153,3.1534953,2.5147705,3.6808097,5.136257,4.521904,5.203805,1.7137291,1.775896,0.0,1.6343361,3.7743027,3.1436348,3.1722934,3.3054183,1.6789433,3.0909162,1.8480195,1.8235904,1.8528425,1.8208604,2.717869,1.8072532,4.410444,4.285245,4.0705523,3.8923101,2.98813,3.0934944,3.4927976,3.2527957,3.5908315,3.6975331,2.9998183,3.0891855,2.9374056,2.8920903,3.73914,2.9171371,3.7774725,3.8063915,3.8911715,4.225824,4.0327716,3.084886,3.8860438,4.5693293,4.4443407,4.1481566,2.5939457,3.7132068,3.813578,3.660284,4.1458917,3.9680247,4.0531645,4.0916305,3.9597983,4.0872416,3.6553507,3.7440786,4.9477663,4.743761,3.0480347,2.8976386,3.3637261,3.054394,3.4341984,3.4757009,2.8976781,3.2283814,3.376948,3.5602336,2.621268,2.981569,3.1388316,2.3482559,3.01413,2.9831848,4.080362,3.0649276,3.2163363,4.0250506,3.2021844,3.9325032,3.4567547,3.4602954
51,1.9606587,2.0518796,2.2843077,2.539333,3.032507,2.3349056,1.9957733,2.224198,2.597876,3.11647,3.4371562,2.9146292,2.7737641,2.3547843,2.346835,2.6743646,3.183144,3.2558758,3.2705042,3.2164357,3.531592,3.6488807,3.0713348,2.9359822,1.7358946,2.3202844,2.4766676,1.8628732,1.8495847,1.812234,1.777787,1.8024462,2.9321105,3.078024,2.6560838,1.8272249,3.3491063,4.28069,3.730729,2.6079245,5.090679,4.3487325,3.0844488,2.5191467,3.5290372,5.0393786,4.495844,5.4216905,1.1647639,1.1700715,1.6343361,0.0,3.3565438,2.9600296,3.3831134,2.9603395,1.4175451,3.4142258,1.4361836,1.4257184,1.726269,1.4310327,2.496174,1.5487331,4.818163,4.703964,4.4763126,4.108004,3.4763687,3.651117,3.8664145,3.6445897,3.9020627,4.0159063,3.2806072,3.3351665,3.6634169,3.636477,4.0279922,3.2412314,3.835669,3.8622484,3.9150383,4.2048616,4.1137104,3.2302394,3.5177813,4.308935,4.7125697,4.4471426,2.844451,4.2357965,4.088389,4.025068,4.599605,4.4023952,4.240641,4.286324,4.2139487,4.330569,3.870637,3.9402816,5.3829823,5.226592,3.3357944,2.9746869,3.956257,3.7674484,3.8156695,3.8639183,3.3595796,3.6313455,4.2699156,4.384842,3.0489337,2.9662082,3.5723038,2.5675879,3.4060585,3.3783846,4.315158,3.652188,3.6730452,4.593721,3.4705584,4.1762314,4.0190096,4.014312
52,3.6450202,3.60128,4.018469,4.2470965,3.2262611,3.195459,3.955896,3.950539,4.0368266,4.6404004,5.560644,5.1843243,3.1874015,4.2582064,4.0729537,4.2037153,3.3076727,3.1550908,3.15196,3.200656,3.4374135,3.5222855,3.1030958,3.0336876,3.5179408,3.6890957,2.6922908,3.1867201,3.7966201,3.805542,3.7588878,3.7474656,4.4906955,4.475936,4.1411066,4.0963407,4.131993,3.0016658,4.2949233,3.9005003,5.53432,4.626067,3.988902,3.6693017,4.489693,5.5607743,6.667725,7.306278,3.3546124,3.3343196,3.7743027,3.3565438,0.0,1.896469,1.8566307,1.181777,3.0693643,4.3289037,3.1356008,3.0552483,3.8805165,4.0214653,4.1062937,3.5134985,4.986525,4.922865,5.387688,5.1044397,4.5691876,4.1410027,4.4724836,4.283787,4.569976,4.7402616,3.9041727,3.9687965,3.8461537,3.915431,4.4655743,3.8351612,4.039551,4.147011,4.250424,4.6658306,4.9410377,4.1987143,3.7429318,4.475617,4.670674,4.7423987,3.6258955,4.356935,4.1574526,4.1160183,4.784792,4.51725,4.180439,4.2127023,4.20503,4.2828536,3.9669647,4.043662,5.283762,5.2033725,4.0840206,3.848444,4.2625356,4.3555827,4.2292852,4.263926,4.3264832,4.4368215,4.6399245,4.751277,4.6079063,3.4315882,3.8947186,3.367236,4.0385175,4.016469,4.6968417,4.0419135,4.4166,4.778761,4.0151176,4.6451626,4.415242,4.357689
53,3.5405724,3.4766152,3.651418,3.7996206,3.0387673,3.052484,3.2680843,3.3083482,3.3672023,4.0494246,5.0368333,4.6079907,2.519763,3.5681033,3.3362646,3.6823816,3.735112,3.4938414,3.460655,3.4845953,3.5559106,3.6526961,3.345824,3.3434572,2.7353733,2.8010194,2.985297,2.6296663,2.8419569,2.8997278,2.8321362,2.8042493,3.2469916,3.1956592,3.3431342,3.179489,3.4312518,3.3322291,3.628156,3.1847935,5.642572,4.7487106,3.379681,2.943089,4.574773,5.641083,6.7182646,7.26269,3.1306856,3.101332,3.1436348,2.9600296,1.896469,0.0,1.6374406,1.0303166,2.9212604,4.2094426,2.929575,2.8637881,3.059138,3.3064246,3.4942527,2.759568,4.78762,4.678234,5.0753546,4.8747067,3.965379,3.9037097,4.2324495,4.0349293,4.444778,4.5506706,3.6173253,3.6579082,3.517123,3.526521,4.2637773,3.6476264,4.133726,4.1825166,4.203409,4.776194,4.686343,3.9286294,3.910493,4.5579667,4.785629,4.7445936,3.6468508,4.266311,4.247923,4.1815395,4.657101,4.4200754,4.3775344,4.409002,4.3985868,4.4832416,4.1231756,4.222983,5.5431156,5.4391947,3.5928612,3.5251884,3.9084783,3.9945579,4.313376,4.340115,4.061121,4.22729,4.4218607,4.5873523,4.3184695,3.2384577,3.698076,3.3739734,3.778922,3.754004,4.592198,4.08414,4.3684735,4.7854404,3.875295,4.4768357,4.290532,4.2868257
54,3.163577,3.054511,3.4223065,3.6234212,2.4825172,2.663758,3.3343906,3.267345,3.3555381,4.0267963,5.1338363,4.7186055,2.5112133,3.6902595,3.3586762,3.653518,3.206456,2.9331102,2.8395598,2.9189265,3.0326502,3.1619365,2.862072,2.8416505,2.7454646,2.897724,2.4975152,2.5833454,2.9519055,2.993241,2.9928792,2.961462,3.9505746,3.9237282,4.072735,3.8037992,3.5875533,3.051875,4.262486,3.8679268,5.512561,4.8916526,4.021739,3.649183,4.6042256,5.697293,6.8579826,7.34505,3.358038,3.3093982,3.1722934,3.3831134,1.8566307,1.6374406,0.0,1.6081175,3.2072515,4.041396,3.193269,3.1188092,3.6202796,3.7701473,4.0142984,3.2553027,4.5424314,4.453138,4.7549653,4.5950975,3.89295,3.6159117,4.016409,3.8048918,4.30597,4.435657,3.4618492,3.5335562,3.2743218,3.250958,4.059508,3.3888016,3.9458601,4.0509315,4.05874,4.5907826,4.699918,3.8544354,4.1176014,4.7778273,4.721221,4.7376857,3.4113104,4.181907,4.1243806,4.048776,4.5958824,4.35567,4.0326066,4.0610747,3.9838252,4.07662,3.6377778,3.757648,4.9232187,4.8017807,3.4658184,3.5109897,3.6577308,3.7691557,3.9035838,3.8858235,3.683069,3.838144,3.6037762,3.8009253,4.190722,3.4364958,3.3984673,3.0963638,3.5156333,3.5000496,4.4232936,3.3475537,3.6372411,4.0461717,3.65933,4.303714,3.9218795,3.8572836
55,3.4905283,3.4730473,3.7978194,3.9731753,2.8988492,2.8823633,3.4311116,3.4703548,3.7259912,4.3015194,5.267513,4.8393626,2.775375,3.7856066,3.511622,3.9041402,3.4866753,3.3322632,3.325654,3.3794003,3.4706378,3.5914905,3.2526493,3.2059636,3.0129068,3.137298,2.7470467,2.7629075,3.2461135,3.282752,3.245656,3.2126498,3.8000858,3.7348783,3.4900882,3.4334044,3.6401033,3.0126765,3.793663,3.2896798,5.497106,4.5869,3.6370282,3.1302729,4.4721217,5.5936913,6.645306,7.1632695,3.0841844,3.043245,3.3054183,2.9603395,1.181777,1.0303166,1.6081175,0.0,2.7888126,4.1593356,2.8355265,2.749683,3.2622392,3.547632,3.7009752,2.953673,4.7808695,4.6908665,5.092967,4.8125596,4.1147404,3.9071372,4.188499,3.9888692,4.329404,4.4703956,3.5490232,3.6096127,3.6118371,3.6416461,4.2003417,3.5041432,4.146042,4.112811,4.2024593,4.78914,4.824329,3.9950097,3.8164034,4.4390793,4.767066,4.723728,3.6023612,4.250552,4.1784043,4.157679,4.4299593,4.19089,4.1679425,4.203449,4.202676,4.297005,3.8875372,3.989652,5.387009,5.2841268,3.6245544,3.6515472,3.994412,4.0402145,4.117281,4.1130214,4.0028896,4.17507,4.427551,4.5687165,4.3079095,3.1030972,3.6492379,3.362032,3.7725985,3.7451806,4.5412216,4.001332,4.370287,4.655648,3.7641017,4.391918,4.2529407,4.225479
56,2.0208921,2.176682,2.6511636,2.8812444,2.7754607,1.9728689,1.9915956,2.1131244,2.444411,2.9659173,3.389051,2.916337,3.0148647,2.3634567,2.411011,2.5334444,2.3540752,2.3624384,2.4171278,2.3705873,3.034523,3.1592865,2.4305034,2.2046435,2.0141602,2.651353,1.7520394,1.5609906,2.170318,2.1799054,2.1282175,2.1236045,3.112792,3.2335079,2.5540686,2.5412598,3.303379,3.6808376,3.5537298,2.4568462,4.550237,3.6597993,2.7517896,2.2607713,3.0680823,4.5825095,4.362856,4.951865,1.1761501,1.3242021,1.6789433,1.4175451,3.0693643,2.9212604,3.2072515,2.7888126,0.0,3.0430603,0.9303901,0.8749277,1.978474,1.9626933,2.4870615,1.7001421,4.293061,4.2056036,4.2954473,4.0231905,3.1382713,3.0240884,3.340935,3.087142,3.3874779,3.6642723,2.6633422,2.759537,2.8270042,2.8494716,3.475099,2.5197184,3.4798176,3.6227815,3.675489,3.9872162,4.108233,3.1571615,3.167064,4.062332,4.024773,3.778743,2.5405557,3.5798368,3.4125655,3.326836,4.0656786,3.837235,3.5110352,3.546455,3.4845996,3.598866,3.2317698,3.349243,4.6985397,4.573239,3.1322737,3.2273118,3.4513052,3.2983725,3.1832445,3.3383071,2.9608142,3.2666032,3.7389684,3.8886821,2.4923308,2.1696548,2.9536915,2.4840665,2.9049292,2.86644,3.728513,3.3075073,3.7142386,3.9882445,2.836379,3.6895027,3.3707957,3.3958516
57,3.1865695,3.1985476,3.6135802,3.7688265,3.4514513,3.0770044,3.1923873,3.2368305,3.2902186,3.7155073,4.1877193,3.8463814,3.8943217,3.4275496,3.3118541,3.5301542,3.2125258,3.2207248,3.1689217,3.219912,3.7785738,3.8929677,3.3207226,3.1402135,3.1126885,3.5647328,2.9431887,2.8441975,3.3104336,3.3148913,3.2717752,3.2638826,4.334337,4.428498,3.8823018,3.8883023,3.9479363,4.311148,4.533208,3.851683,3.7352836,4.679186,4.1117277,3.7576141,4.2846675,3.474683,5.396616,5.8579335,3.2457173,3.2924886,3.0909162,3.4142258,4.3289037,4.2094426,4.041396,4.1593356,3.0430603,0.0,3.1337867,3.1226594,3.5047765,3.5164816,3.8359962,3.3720572,3.0851343,3.0695717,3.3192332,3.0324476,2.1952093,2.1424847,1.6236293,1.704878,1.9193149,2.3497696,2.1657867,2.2648816,3.3904436,3.2807984,2.1299605,3.1763365,3.0864513,2.26768,3.5415764,2.9172192,3.8001156,3.4583917,3.2215664,2.8097816,2.9473243,2.6856124,3.5218792,2.2019978,2.9050763,2.805829,3.2020311,3.471993,2.8901925,2.8988256,2.7391918,2.8796556,2.676495,2.7317977,3.8562596,3.7230394,2.7002563,2.8505027,2.9602332,2.841388,2.5031028,2.5539558,2.2628522,2.5718935,3.433904,2.906964,3.327058,3.3670237,2.5283084,1.9451796,2.506308,2.4752285,2.33945,2.3650486,2.9392223,3.1639562,2.4490108,2.3497112,2.999365,2.8101196
58,2.0258117,2.205066,2.738385,2.7590315,2.4097888,1.6924032,1.8347373,1.9745162,2.2332006,2.9057407,3.1622498,2.719583,3.0176325,2.2851245,2.3494656,2.437652,2.3635037,2.3989859,2.412974,2.4074974,2.868568,2.972202,2.2659614,2.152296,1.8417132,2.1042027,1.7401022,1.5441978,1.9507593,1.9071167,1.9001561,1.8923491,2.9723294,3.115482,2.5184844,2.288423,2.9288,3.5305712,3.275017,2.4626403,4.8410525,3.884026,2.7944083,2.2449179,3.2599125,4.6704564,4.6610107,5.2676616,1.1769015,1.2267548,1.8480195,1.4361836,3.1356008,2.929575,3.193269,2.8355265,0.9303901,3.1337867,0.0,0.13906622,1.8603367,1.9393946,2.5718815,1.5734383,4.2461133,4.123626,4.4887795,4.1363473,3.2339225,3.1596289,3.2739568,3.0093026,3.621982,3.763184,2.5708365,2.675791,2.9467223,2.943569,3.3117268,2.238106,3.7146049,3.7900927,3.9089246,4.242203,4.19703,3.4394033,3.4275606,4.2490177,4.357586,4.1643877,2.7909045,3.8125978,3.7003095,3.6133003,4.3317466,4.1467366,3.6975245,3.7418568,3.6843271,3.8018098,3.2625594,3.4196963,4.9647913,4.7529225,3.0666494,3.1702945,3.4498837,3.4790852,3.452453,3.574241,2.9843543,3.388114,3.769718,3.9274838,2.494785,2.3471298,3.0695302,2.484502,3.0537627,3.0240977,3.858205,3.3999808,3.8192692,4.0628552,2.9303298,3.7370124,3.5758135,3.587644
59,2.0154665,2.1907053,2.7411644,2.7756171,2.3737519,1.6613318,1.8660773,2.003192,2.278282,2.9502015,3.242303,2.8040667,3.0007782,2.3176033,2.3492,2.5044515,2.3489492,2.3804908,2.3908172,2.3918447,2.8540733,2.9632385,2.2565758,2.1437821,1.834801,2.1134412,1.6901438,1.5147959,1.9596888,1.9231567,1.915503,1.9053986,2.954935,3.0869553,2.4908354,2.2782187,2.8996215,3.4584353,3.2441137,2.4183946,4.8124595,3.8555672,2.7976005,2.2216403,3.2629447,4.680026,4.687509,5.2766457,1.1746477,1.2107929,1.8235904,1.4257184,3.0552483,2.8637881,3.1188092,2.749683,0.8749277,3.1226594,0.13906622,0.0,1.8307145,1.9545982,2.5212193,1.547957,4.228024,4.1036663,4.4731207,4.1239653,3.2152648,3.1286232,3.2580032,2.9919095,3.5988739,3.7430336,2.5565536,2.6645045,2.904304,2.9053314,3.2964993,2.2123895,3.6779466,3.7371187,3.8730516,4.219482,4.19904,3.4176695,3.386213,4.201236,4.332244,4.1516066,2.76607,3.7791014,3.6856997,3.5939028,4.25942,4.059199,3.6446884,3.6884944,3.635008,3.7508106,3.2263384,3.3841324,4.921288,4.7138066,3.0386791,3.1529853,3.4155302,3.43714,3.4159875,3.524998,2.9762697,3.3765912,3.7418702,3.901506,2.4931533,2.3049638,3.0366108,2.4794674,3.0365856,3.0058715,3.8253453,3.3731523,3.8059447,4.038389,2.902305,3.7170632,3.5443935,3.5547066
60,2.7518811,2.8878374,3.002206,3.2816517,3.0149822,2.5392659,2.2867427,2.5112536,2.5802512,2.9159315,3.1876888,2.8874655,3.0387735,2.3375115,1.879132,3.1102788,3.6246595,3.5804715,3.5388203,3.5244308,3.9409826,4.040623,3.425652,3.3916538,1.7976539,2.1861088,2.7802665,1.8665475,1.7999626,1.8103267,1.746851,1.6992339,2.0085654,2.0412714,1.7889695,1.3900918,2.4353676,3.986093,2.7988698,1.8392574,4.8795147,4.0567136,3.0283897,1.9295152,3.7536547,5.031242,4.9287567,5.4505506,2.1359668,2.079604,1.8528425,1.726269,3.8805165,3.059138,3.6202796,3.2622392,1.978474,3.5047765,1.8603367,1.8307145,0.0,1.4144942,1.8930783,0.807616,4.3907337,4.2628493,4.7071004,4.3871083,2.9796295,3.356261,3.5885708,3.361773,3.9538922,4.007652,3.2665114,3.3777332,3.2939165,3.285377,3.6882467,3.0663784,4.2408705,3.9265602,4.5901546,4.7271986,4.5503516,3.7961373,3.9641955,4.3968415,4.766803,4.6116414,3.415063,3.9771714,4.317381,4.212666,4.1655912,3.954517,4.200031,4.22777,4.1765766,4.2836857,3.8738813,3.9969525,5.2611256,5.033171,2.9468448,3.039791,3.6275554,3.605856,3.992366,3.9778936,3.4043472,3.6968718,4.0254903,4.2059803,2.7814863,2.8569932,3.4483302,2.9722087,3.420549,3.382508,4.1084776,3.7413185,4.221363,4.678719,3.3451805,4.0661745,4.048554,4.027687
61,2.1573164,2.2508178,2.329467,2.5301929,3.4682639,2.8672922,2.2804155,2.5054762,2.3798866,2.8104703,3.1657748,2.743021,3.1003873,2.4318826,2.2901335,2.8824768,3.6532617,3.6407158,3.607921,3.5636737,3.943271,4.0450444,3.4432049,3.3557332,1.8679669,2.5041578,2.9628186,2.1500096,1.7057158,1.7159301,1.6112456,1.6168107,2.5790873,2.747978,2.9046412,1.8044823,3.4994187,4.8558807,3.9794664,2.9158883,5.186408,4.4725466,3.366703,2.7688053,3.4240105,4.892157,4.6382027,5.283678,1.5784299,1.6111047,1.8208604,1.4310327,4.0214653,3.3064246,3.7701473,3.547632,1.9626933,3.5164816,1.9393946,1.9545982,1.4144942,0.0,2.347541,1.4379201,4.63037,4.5257616,4.3256955,3.9924238,3.264973,3.6028624,3.7957356,3.5830996,3.9701505,4.0307946,3.5215077,3.6000705,3.6002588,3.545126,3.969444,3.3227694,4.2672877,4.2026043,4.605576,4.4883966,4.345151,3.77704,4.048056,4.6546316,5.0017023,4.7183337,3.233263,4.430103,4.552384,4.4184093,4.942696,4.7966585,4.3780293,4.409039,4.3338823,4.4445252,3.9601486,4.050019,5.408762,5.214931,3.4619641,3.2176518,3.8249936,3.6761582,3.869675,3.9829159,3.2313251,3.541674,4.267744,4.392464,3.0338626,3.13299,3.602808,2.8590045,3.2712862,3.246416,4.287767,3.8842232,4.101655,4.8604403,3.5427704,4.217591,3.906824,3.9204693
62,3.1448824,3.3432827,3.4811175,3.6866517,3.7725265,3.4192297,3.3057418,3.4048312,2.850281,3.5998616,4.026911,3.6996357,3.853576,3.2922175,3.1358032,3.8157582,3.6443374,3.7162645,3.6721075,3.7041485,4.128041,4.1873636,3.6931305,3.5683258,2.4952803,2.8314922,3.1264272,2.4633896,2.6447766,2.6330543,2.5844753,2.5466094,2.9950852,3.0607505,2.6408474,2.4484332,2.9189775,4.1926084,3.1060011,2.6049585,4.9463983,4.071022,3.08148,2.3658652,3.9276452,5.0943165,4.972467,5.452812,2.7567854,2.7551553,2.717869,2.496174,4.1062937,3.4942527,4.0142984,3.7009752,2.4870615,3.8359962,2.5718815,2.5212193,1.8930783,2.347541,0.0,1.9103832,4.6649675,4.5755453,5.012875,4.7505527,3.3458464,3.7309635,3.9032736,3.690558,4.2761097,4.463929,3.5820754,3.631464,3.6591454,3.6772645,3.933399,3.2757313,3.8644433,3.7024076,4.1770425,4.3305707,4.676491,3.9378512,3.5499473,4.140942,4.603911,4.77142,3.7368848,4.248016,4.4257956,4.2312317,4.490575,3.940428,3.9417095,3.9582348,3.9764729,3.9632974,4.172571,4.2420745,5.1990614,5.1497083,3.838908,3.6608799,4.134506,4.162076,4.319244,4.377519,4.158292,4.410448,4.3229547,4.475942,3.1989584,3.2623045,3.7730775,3.3821146,3.8208659,3.811234,3.8785734,4.104049,4.539661,4.8506145,3.625717,4.282005,4.4185915,4.4465637
63,2.508728,2.6147068,2.6424482,2.9534707,2.6868203,2.27064,2.022257,2.1925435,2.0536237,2.52084,3.043831,2.6562574,2.6166482,1.9689063,1.8430487,2.669543,3.0747807,3.105922,3.0747547,3.0568252,3.5017877,3.5973234,2.990576,2.8874435,1.4933987,1.8840809,2.4447865,1.5225304,1.586112,1.566778,1.5273461,1.4477633,2.2876346,2.423916,1.7868354,1.4109634,2.2436588,3.707078,2.7034435,1.8051982,4.7775826,3.8573167,2.4775972,1.684122,3.4729154,4.804398,4.8684745,5.4014244,1.9463123,1.9219879,1.8072532,1.5487331,3.5134985,2.759568,3.2553027,2.953673,1.7001421,3.3720572,1.5734383,1.547957,0.807616,1.4379201,1.9103832,0.0,4.24206,4.1157355,4.6156235,4.2641635,2.826555,3.2115679,3.4582262,3.2113519,3.8438783,3.939269,3.0582104,3.1756496,3.1695817,3.1610336,3.538973,2.8258893,3.7683973,3.7320416,4.1561747,4.331208,4.1015034,3.255065,3.5348556,4.2516747,4.3935275,4.2562118,2.980936,3.8283546,3.8311057,3.7467613,4.202895,3.9800885,3.9624794,3.9942727,3.9389865,4.049997,3.6266453,3.762019,5.07756,4.873461,2.7143128,2.867333,3.528672,3.5587902,3.8213317,3.8474722,3.222708,3.4979165,3.7808661,3.9910882,2.6516023,2.640939,3.2422097,2.7835903,3.275026,3.2379994,3.9601705,3.4477513,3.979964,4.4127054,3.111822,3.8894858,3.9573967,3.925675
64,4.6587462,4.6017466,4.666099,5.1567173,3.4077091,4.0979605,4.52664,4.5129647,4.0728874,4.357584,5.3610144,4.7685604,4.9841065,4.4815893,4.1872253,4.648715,4.030401,3.9671519,3.9046211,4.006963,3.7348545,3.7726521,4.124547,4.0379443,4.1805835,4.489849,3.8579173,3.9878266,4.3322163,4.3194656,4.2985086,4.226562,4.800338,4.840542,4.6307535,4.7161965,4.118995,4.375696,4.5953603,4.469182,4.3971915,4.7396235,4.8000703,4.294044,4.726448,3.9149091,6.5352407,6.3386154,4.511519,4.513315,4.410444,4.818163,4.986525,4.78762,4.5424314,4.7808695,4.293061,3.0851343,4.2461133,4.228024,4.3907337,4.63037,4.6649675,4.24206,0.0,0.5622623,3.1590705,2.8907344,2.420343,2.0970871,2.2173517,2.243165,2.7411983,3.003581,3.114481,3.2076347,3.0247948,3.0202942,2.4333055,3.7969038,3.9708197,3.234115,4.284184,4.066149,4.797888,4.410923,4.0579386,3.6082299,4.1191397,4.2498794,4.294692,2.7758775,3.7980235,3.6118567,3.483372,3.7057168,2.4457924,2.5018766,2.5142806,2.6210155,2.338395,2.2307498,4.8342767,4.613126,2.860502,3.7509089,2.5840528,3.0030265,2.7228315,2.8078156,2.8073735,2.6771607,3.1916943,2.800174,3.3872135,3.3195794,2.4488678,3.5143335,2.6780016,2.6843204,2.354679,3.0131447,4.246303,3.4045153,2.2357545,1.5349581,2.8542686,2.6293845
65,4.5672455,4.4583173,4.530046,4.9663696,3.2595706,3.9536796,4.3750997,4.3700576,4.003346,4.3355045,5.2564836,4.690254,4.8943243,4.3425207,4.134056,4.592503,3.9756298,3.8930354,3.817022,3.923145,3.6281981,3.6641712,3.9765592,3.93096,4.0623674,4.328322,3.803588,3.9247615,4.1916957,4.1839457,4.1631575,4.0993075,4.5488043,4.6208725,4.477796,4.5006003,3.9570174,4.283336,4.4285097,4.292782,4.4558992,4.757213,4.639141,4.1994743,4.6711154,3.896365,6.4659076,6.207747,4.36943,4.3496714,4.285245,4.703964,4.922865,4.678234,4.453138,4.6908665,4.2056036,3.0695717,4.123626,4.1036663,4.2628493,4.5257616,4.5755453,4.1157355,0.5622623,0.0,3.1121416,2.8428357,2.4007316,2.046762,2.123857,2.1412442,2.6976638,2.8635943,3.027393,3.1252694,2.879186,2.855617,2.2908173,3.6566126,3.7825255,3.0953627,4.151727,3.9247851,4.5918407,4.2312937,3.8796031,3.484176,4.075577,4.201521,4.1442533,2.7875917,3.779901,3.5533662,3.4088416,3.6471965,2.4239006,2.4880912,2.530588,2.647891,2.2678404,2.1844227,4.840351,4.575622,2.7033978,3.6551123,2.3256583,2.7763667,2.6510267,2.6710782,2.673244,2.5986643,3.181101,2.7985983,3.26083,3.1927533,2.3341146,3.545006,2.660092,2.66062,2.3582811,3.0539749,4.2685986,3.4342291,2.171021,1.5168114,2.697732,2.4945803
66,3.846575,3.848709,3.9972131,4.4603705,4.1969047,4.306076,4.3264146,4.333701,4.448485,4.509438,5.6519637,4.969313,5.0835238,4.6288757,4.443635,4.669544,4.5544286,4.4933066,4.4685287,4.5200295,4.453931,4.5739303,4.7375393,4.419935,4.1002455,4.7683973,4.3177543,4.2378845,4.18259,4.2171474,4.1922574,4.1725645,5.078097,5.1944904,5.432816,4.6538596,5.4354854,5.91466,6.092977,5.2780704,4.6849527,5.348624,5.5340314,5.2089715,4.2431006,4.0358934,5.859449,5.6670556,4.020887,4.0218554,4.0705523,4.4763126,5.387688,5.0753546,4.7549653,5.092967,4.2954473,3.3192332,4.4887795,4.4731207,4.7071004,4.3256955,5.012875,4.6156235,3.1590705,3.1121416,0.0,1.311965,3.070167,2.895793,2.970231,2.9785304,2.6353884,3.3107057,3.4806678,3.4680882,3.7695837,3.5407054,3.406993,4.178367,4.1579547,3.7121205,4.081173,3.7213514,5.066199,4.262463,4.327144,4.1454296,4.937807,4.6649923,4.4433813,4.1111126,4.6714835,4.5391536,4.390065,4.60589,3.2498174,3.3049128,3.2823477,3.3975744,2.9967136,2.8276563,4.931938,4.962271,3.7382438,4.484315,3.5488672,3.2507694,2.3462124,2.4457107,2.3195546,2.298148,3.7179258,3.2795706,3.7759387,3.7885013,2.8136055,3.7270372,2.3835337,2.4193618,3.135744,3.5534441,3.7717845,3.6803079,2.8790562,2.4988782,2.3056743,2.2511656
67,3.6929374,3.5375671,3.5528264,3.9792013,3.8941426,4.071088,4.0842276,4.140801,4.1730137,4.470509,5.3765717,4.6796107,4.802156,4.3173738,4.1522636,4.4238033,4.274222,4.3426466,4.313042,4.3923807,4.089623,4.21515,4.375183,4.2048817,3.850669,4.503925,4.0666976,4.001149,3.9894066,4.000902,3.9991324,3.970877,5.0137725,5.12987,5.1098332,4.3471107,5.14388,5.6693244,5.795534,4.9591007,4.998838,5.53989,5.2433767,4.901747,4.4693074,4.2975297,5.9829288,5.8543053,3.7708795,3.7727911,3.8923101,4.108004,5.1044397,4.8747067,4.5950975,4.8125596,4.0231905,3.0324476,4.1363473,4.1239653,4.3871083,3.9924238,4.7505527,4.2641635,2.8907344,2.8428357,1.311965,0.0,2.8264277,2.8146393,2.73578,2.7409291,2.314728,2.5773501,3.2664108,3.270614,3.8005555,3.6356542,3.1158957,3.936926,4.020205,3.490276,3.9994044,3.6072223,4.371984,3.958958,4.095064,3.900491,4.8341637,4.557337,3.9044495,4.0035906,4.44866,4.3144,4.220785,4.44673,3.0228827,3.091317,3.043785,3.182225,2.6290596,2.4398024,5.047435,4.89199,3.4190319,3.8680296,3.1632354,2.861442,2.105766,2.20347,2.0917385,2.061448,3.6347175,3.1762073,3.5394285,3.5439744,2.670854,3.4470568,2.2379034,2.2687578,2.9322846,3.282531,3.648381,3.6175761,2.595943,2.161007,2.4872715,2.4062955
68,3.405715,3.3855274,3.2528484,3.9159229,3.0098715,3.1295993,3.1263068,3.1673682,2.8174825,3.1776264,3.8495178,3.534992,3.7991989,3.1046238,2.702353,3.375424,3.3662066,3.379784,3.3238335,3.4009714,3.843701,3.9431107,3.5454297,3.3497465,2.5861876,3.1805663,3.0584161,2.534123,2.8045037,2.8350568,2.8122835,2.74222,3.7678866,3.8407273,3.3429677,3.250849,3.1341603,4.1265945,3.8553,3.3586748,4.122344,4.416399,3.8165717,3.2873304,4.167415,3.993735,5.711015,5.7218523,3.4849112,3.481579,2.98813,3.4763687,4.5691876,3.965379,3.89295,4.1147404,3.1382713,2.1952093,3.2339225,3.2152648,2.9796295,3.264973,3.3458464,2.826555,2.420343,2.4007316,3.070167,2.8264277,0.0,1.3189603,1.685497,1.57818,1.9706717,2.4170585,2.004633,2.0934443,2.5715065,2.4347663,1.9914237,2.9865255,3.2182825,2.550945,3.6440248,3.4265628,3.9240763,3.2018692,3.3973935,3.296234,3.3415265,3.2392356,3.3630953,2.4344034,3.057666,3.032953,2.8700192,2.974943,2.425371,2.4309223,2.2807822,2.425412,2.2031426,2.2465148,3.7414505,3.5627832,1.665082,2.8104448,2.3583837,2.4709654,2.337495,2.3582866,1.9881065,1.9233372,2.3624895,2.0889032,2.2804434,2.539565,1.6944426,2.6968348,1.8485988,1.8164421,1.9259691,2.0929003,3.0178618,2.614045,1.5141622,1.8423291,2.6644807,2.5220609
69,3.3519957,3.2836273,3.4103212,4.1025496,2.7816212,2.9198408,3.3236654,3.325723,3.1572297,3.513704,4.1392446,3.875891,3.9825234,3.4512498,3.0360467,3.5368252,3.0062568,2.8425121,2.7820387,2.870062,3.4759274,3.5635064,3.080934,2.8922534,2.8893673,3.5139713,2.591863,2.6530995,3.1149116,3.1549006,3.1028173,3.0712452,3.9530826,4.0174885,3.7084718,3.7070067,3.4633229,3.7039566,4.0814285,3.6082876,3.924346,4.17855,4.072366,3.5627646,3.947825,3.7780282,5.697335,5.6667657,3.4022439,3.3955395,3.0934944,3.651117,4.1410027,3.9037097,3.6159117,3.9071372,3.0240884,2.1424847,3.1596289,3.1286232,3.356261,3.6028624,3.7309635,3.2115679,2.0970871,2.046762,2.895793,2.8146393,1.3189603,0.0,1.4974545,1.3625464,1.6057899,2.2246163,1.7991109,1.9103831,1.7509663,1.6301538,1.7705721,2.8425548,3.0121698,2.3480277,3.5460372,3.2926102,4.1401515,3.390631,3.223912,3.1238348,3.074426,3.0423956,3.1750906,1.9553773,2.864776,2.777458,2.6211133,2.7624128,1.7678903,1.77463,1.6001341,1.7990106,1.4450451,1.4688551,3.2449906,3.033823,1.8533432,2.9397159,1.7859334,1.9951737,1.5625149,1.6228838,1.724739,1.5461452,2.071858,1.7273602,2.156895,2.1022654,0.91880816,2.491432,1.3430411,1.2961625,1.6398846,1.7901613,2.8953931,2.1543167,1.0014656,1.5581057,1.7382066,1.5339731
70,3.4863627,3.5539205,3.8989162,4.11514,3.0899065,3.0781436,3.435387,3.4452608,3.377062,3.7444046,4.3451357,4.081728,4.2825813,3.6717765,3.4434998,3.8269448,3.2277727,3.2161849,3.1481683,3.2963223,3.7693026,3.8663552,3.3956037,3.1903849,3.2028525,3.5062902,3.038394,3.0295596,3.43027,3.4433672,3.429712,3.387575,4.3212967,4.404252,3.9278228,3.8369336,3.6658895,4.0327225,4.270199,3.889764,3.8691988,4.4759545,4.268045,3.8393955,4.136,3.3534188,5.8945537,5.799484,3.5511901,3.538172,3.4927976,3.8664145,4.4724836,4.2324495,4.016409,4.188499,3.340935,1.6236293,3.2739568,3.2580032,3.5885708,3.7957356,3.9032736,3.4582262,2.2173517,2.123857,2.970231,2.73578,1.685497,1.4974545,0.0,0.34505472,1.5975105,2.1879873,1.5088598,1.6359665,2.8199646,2.6243682,0.68334186,2.4864173,3.3260646,2.4589043,3.8169243,3.3449023,4.275813,3.8242815,3.4179463,3.0019262,3.3328185,3.246661,3.851826,2.455521,3.268958,3.196101,2.9348977,3.209933,2.152795,2.165511,2.0854523,2.2329855,1.8372498,1.9595528,3.5794296,3.3956063,2.3295703,3.3962429,2.454057,2.647517,2.0732794,2.100635,1.7543083,2.1262558,2.7952757,2.2580864,2.8317103,2.7748873,1.6689007,2.7084844,1.9004781,1.8863263,1.5481914,2.4686556,3.4278862,2.6019218,1.5749413,1.4582253,2.4064336,2.2604225
71,3.2440085,3.326868,3.6821926,3.9156554,2.8287852,2.8025873,3.1934283,3.1963043,3.1275666,3.5141604,4.135395,3.8604023,4.081879,3.4391603,3.2024698,3.5912557,2.9689722,2.9543536,2.8867931,3.039785,3.5465813,3.6464274,3.1476715,2.9291294,2.9411595,3.265559,2.7588117,2.754507,3.182761,3.1942112,3.1872034,3.1408496,4.130388,4.2168083,3.7273183,3.630513,3.4493992,3.8361428,4.0816474,3.6843889,3.8612063,4.28637,4.0670886,3.6171005,3.9296281,3.4302502,5.74616,5.653909,3.3180642,3.3053691,3.2527957,3.6445897,4.283787,4.0349293,3.8048918,3.9888692,3.087142,1.704878,3.0093026,2.9919095,3.361773,3.5830996,3.690558,3.2113519,2.243165,2.1412442,2.9785304,2.7409291,1.57818,1.3625464,0.34505472,0.0,1.655586,2.2336721,1.304062,1.456018,2.5811698,2.3821294,0.67734027,2.193951,3.2501485,2.496667,3.730178,3.3619883,4.2161264,3.6828732,3.3440616,3.1057327,3.3453743,3.2645428,3.6463044,2.4789689,3.1922667,3.1189952,2.93745,3.1390061,2.067035,2.0847564,1.9975212,2.1500165,1.6938412,1.8439652,3.5304224,3.337712,2.2013514,3.3079755,2.3537416,2.5602758,1.9885241,2.0372307,1.6188351,2.0245879,2.5726101,2.1170676,2.5563102,2.5232308,1.472846,2.583319,1.7329277,1.7184025,1.5986481,2.3364027,3.3247776,2.482233,1.3701787,1.508647,2.2979524,2.170478
72,3.6984456,3.570164,3.6860754,4.194891,3.6948082,3.534399,3.695534,3.751282,3.8884099,4.2373753,4.639897,4.3735156,4.4588523,3.9221256,3.6927764,3.9833574,3.5543869,3.5338252,3.5294688,3.6230578,4.1182203,4.2274823,3.672946,3.4982426,3.5336702,4.229983,3.3210773,3.371047,3.8088908,3.8537407,3.805058,3.7951787,4.7145343,4.7954416,4.234313,4.1609573,4.4864254,4.58968,4.919599,4.1647844,4.1580315,4.8682113,4.551505,4.1996384,4.388534,3.7897134,5.842819,5.733696,3.6762736,3.702673,3.5908315,3.9020627,4.569976,4.444778,4.30597,4.329404,3.3874779,1.9193149,3.621982,3.5988739,3.9538922,3.9701505,4.2761097,3.8438783,2.7411983,2.6976638,2.6353884,2.314728,1.9706717,1.6057899,1.5975105,1.655586,0.0,1.4096522,2.011751,2.0346465,2.9499097,2.8028116,1.9342232,3.2764342,3.239011,2.407269,3.6541228,3.0954602,3.958753,3.5429835,3.2523062,2.8299968,3.1402526,2.8389888,3.4775264,2.4319987,3.1009285,3.0829391,2.6838622,3.051518,2.0749083,2.084707,1.9493499,2.1396947,1.8878875,1.8028737,3.5032141,3.3120255,2.6456468,3.3470545,2.4413395,2.2011824,1.3140379,1.4341928,1.8530645,1.7724111,3.0561864,2.4860508,2.9396799,2.6162543,1.5553201,2.9026706,1.5912338,1.5588793,1.6441821,2.51998,3.2293186,2.6005843,1.5709573,1.524242,2.036813,1.9460164
73,4.009506,3.5895073,3.5664282,3.9303918,3.781975,3.728713,3.79893,3.9160864,4.0172925,4.6998744,4.6823745,4.46121,4.520362,3.9729779,3.7825913,4.157871,3.9056,3.89366,3.842988,3.947479,4.0717335,4.17595,3.6165268,3.7857263,3.6744356,4.2841983,3.5916963,3.5982254,3.8759496,3.9217188,3.884432,3.8898613,4.6500106,4.731728,4.296841,4.213406,4.517161,4.745477,4.966708,4.205303,5.1457577,5.7156434,4.672897,4.34158,5.202966,4.730552,6.425139,6.337749,3.8768027,3.881173,3.6975331,4.0159063,4.7402616,4.5506706,4.435657,4.4703956,3.6642723,2.3497696,3.763184,3.7430336,4.007652,4.0307946,4.463929,3.939269,3.003581,2.8635943,3.3107057,2.5773501,2.4170585,2.2246163,2.1879873,2.2336721,1.4096522,0.0,2.5425115,2.5824828,3.202259,3.1381066,2.364124,3.5974948,3.5732472,2.7718773,4.01827,3.516875,3.3638377,3.66778,3.6323082,3.2093182,3.639743,3.3598258,3.1778479,2.8585954,3.5189826,3.3891187,3.0517702,3.4244733,2.6589417,2.6792874,2.5367548,2.7171717,2.2822614,2.2270877,4.2090874,3.7100964,2.776849,2.8906906,1.9636705,1.6754059,1.9217039,1.9038304,2.2799509,2.2141144,3.3874328,2.8752177,3.1924965,2.9870853,2.178517,3.186485,2.239229,2.2006137,2.340844,2.8367524,3.537013,3.1521122,2.2142158,2.138493,2.52924,2.466718
74,2.9820354,3.0821018,3.4601388,3.6746705,2.602313,2.423975,2.7932477,2.8009822,2.9281576,3.57964,3.950593,3.7418065,3.8647158,3.272527,3.0546384,3.1592746,2.6306684,2.6427815,2.6218524,2.7829456,3.3791854,3.4931831,2.83249,2.6010041,2.5760548,2.8490028,2.3961904,2.3270004,2.8560715,2.8791373,2.8952317,2.8651717,4.079187,4.1524854,3.5125718,3.450535,3.3571463,3.5423353,3.928075,3.527727,4.4448376,4.454406,3.8215353,3.4165854,4.091046,4.142003,5.8532825,5.915725,3.0358484,3.0300515,2.9998183,3.2806072,3.9041727,3.6173253,3.4618492,3.5490232,2.6633422,2.1657867,2.5708365,2.5565536,3.2665114,3.5215077,3.5820754,3.0582104,3.114481,3.027393,3.4806678,3.2664108,2.004633,1.7991109,1.5088598,1.304062,2.011751,2.5425115,0.0,0.2685144,2.4659007,2.2657342,1.4711046,1.8541394,3.2595177,2.8164232,3.4139867,3.5966082,4.198848,3.497777,3.289619,3.4283159,3.4355743,3.288002,3.4103498,2.8210788,3.0713303,3.116777,3.1284418,3.1757896,2.3209329,2.3354647,2.2211623,2.354962,1.9386873,2.1342397,3.564358,3.4086692,2.3178864,3.365223,2.605529,2.7829928,2.2725985,2.3698745,1.995807,2.3516884,2.5906258,2.3570683,2.4034543,2.1585636,1.6017154,2.6320317,1.8630084,1.8431596,2.1044521,2.4698572,3.068218,2.1279368,1.535239,2.1478841,2.5492938,2.537082
75,3.0538697,3.1480021,3.4984882,3.717959,2.7362902,2.5750628,2.8855426,2.8949795,3.003689,3.6983795,4.0510035,3.832812,3.9570243,3.3861353,3.1777987,3.216972,2.7488296,2.7620614,2.748568,2.9065285,3.4564586,3.5650785,2.9406555,2.7082582,2.6377494,2.9117374,2.5245092,2.4296165,2.9173923,2.9407809,2.9553483,2.9315076,4.1582365,4.232485,3.6220303,3.513291,3.4841928,3.6685834,4.029885,3.6418884,4.559999,4.5753293,3.8968494,3.5137656,4.186244,4.217863,5.9248123,6.0026593,3.1065886,3.1033494,3.0891855,3.3351665,3.9687965,3.6579082,3.5335562,3.6096127,2.759537,2.2648816,2.675791,2.6645045,3.3777332,3.6000705,3.631464,3.1756496,3.2076347,3.1252694,3.4680882,3.270614,2.0934443,1.9103831,1.6359665,1.456018,2.0346465,2.5824828,0.2685144,0.0,2.557831,2.3519444,1.5942414,1.9935536,3.27651,2.839625,3.3526447,3.5851831,4.229151,3.5340183,3.2961154,3.4284868,3.4924905,3.353538,3.4826128,2.9209487,3.1435628,3.195301,3.217251,3.2472785,2.354941,2.370642,2.26325,2.3821766,2.0415037,2.2052908,3.6354125,3.5051405,2.4600244,3.4350584,2.696999,2.863414,2.3337028,2.4470773,2.1214044,2.440103,2.685738,2.4393957,2.49541,2.2226841,1.6683121,2.7029636,1.8908674,1.8789967,2.1095183,2.5725634,3.0609655,2.1352022,1.6195832,2.1805809,2.5915835,2.6009748
76,3.4035776,3.2447388,3.4560647,4.0554585,2.6426249,2.8093162,3.2811363,3.263865,3.1230857,3.7088168,4.1804,3.9341152,4.0085216,3.490684,3.131172,3.5195687,2.9861972,2.5726771,2.4980707,2.5565395,3.0917299,3.1553235,2.6865842,2.694552,2.8953195,3.4454834,2.3772922,2.5873704,2.9585366,3.0328853,2.9651723,2.9564543,3.4146094,3.4662156,3.6534765,3.747698,3.4181776,3.4112017,3.8913224,3.4711506,4.7876763,4.209953,3.8958528,3.406902,4.0131516,4.7655106,5.860482,5.7492504,3.2487676,3.2402854,2.9374056,3.6634169,3.8461537,3.517123,3.2743218,3.6118371,2.8270042,3.3904436,2.9467223,2.904304,3.2939165,3.6002588,3.6591454,3.1695817,3.0247948,2.879186,3.7695837,3.8005555,2.5715065,1.7509663,2.8199646,2.5811698,2.9499097,3.202259,2.4659007,2.557831,0.0,0.43172207,2.8514366,2.8133707,3.5019019,3.408934,3.8953352,4.141843,4.5389476,3.7560856,3.6860187,4.1292124,3.8505082,3.8833356,3.004293,2.889655,3.490074,3.287046,3.4534771,3.2981086,2.5226398,2.5386908,2.4668775,2.5815134,2.2557116,2.3514953,3.9046757,3.637456,2.649503,3.4540062,1.8400829,2.162868,2.4146457,2.5329056,2.601894,2.5452907,2.3699288,2.5692515,2.098816,1.8260998,1.768662,3.1314046,2.1220472,2.0842266,2.889419,2.7550771,3.6227016,2.8680198,2.0242062,2.8834484,1.9471717,1.9879748
77,3.253825,3.1352909,3.3788905,3.9469953,2.6236653,2.7308848,3.175481,3.1506722,3.067911,3.5992234,4.1107416,3.894934,3.9752529,3.442547,3.0885677,3.4599288,2.988613,2.5818627,2.5022738,2.5758631,3.194406,3.2673407,2.7376108,2.6749592,2.7836094,3.3298166,2.407476,2.550038,2.8487983,2.9298818,2.8673804,2.8600564,3.4140005,3.4835744,3.7063696,3.6541884,3.4427698,3.538887,3.9886403,3.5488565,4.7025113,4.21584,3.960497,3.5010226,3.8917375,4.6111693,5.8333535,5.67919,3.1919658,3.1717255,2.8920903,3.636477,3.915431,3.526521,3.250958,3.6416461,2.8494716,3.2807984,2.943569,2.9053314,3.285377,3.545126,3.6772645,3.1610336,3.0202942,2.855617,3.5407054,3.6356542,2.4347663,1.6301538,2.6243682,2.3821294,2.8028116,3.1381066,2.2657342,2.3519444,0.43172207,0.0,2.652225,2.6428576,3.4719899,3.3590403,3.8729267,4.0533457,4.56551,3.7342622,3.6890018,4.1067414,3.8604364,3.8517578,3.1114666,2.953791,3.538749,3.3624141,3.45988,3.3482184,2.4881103,2.5018728,2.426192,2.5483546,2.1514218,2.2683034,3.738445,3.500181,2.5711713,3.5260866,1.8710878,2.1671655,2.2836769,2.3918493,2.3566506,2.3556886,2.2340202,2.3981216,2.0576434,1.8285298,1.5671053,3.1002996,1.9066727,1.8716826,2.775668,2.7015147,3.5089834,2.7077737,1.8975351,2.7761834,1.7474402,1.8092319
78,3.654461,3.7119734,4.0510464,4.2160873,3.1060538,3.1396797,3.594081,3.5979943,3.4619973,3.925969,4.370039,4.231601,4.4391103,3.830389,3.6288326,3.972454,3.2082937,3.217053,3.1413324,3.33033,3.8466754,3.9248056,3.3411179,3.1781852,3.31007,3.4914048,3.0821705,3.1590276,3.5664937,3.5744102,3.571697,3.530066,4.4321337,4.522003,3.9679704,3.8784122,3.5868962,3.872497,4.151871,3.9408572,4.1849294,4.5643153,4.2951803,3.9053266,4.2652774,3.5817044,6.162305,5.961766,3.7084544,3.6756794,3.73914,4.0279922,4.4655743,4.2637773,4.059508,4.2003417,3.475099,2.1299605,3.3117268,3.2964993,3.6882467,3.969444,3.933399,3.538973,2.4333055,2.2908173,3.406993,3.1158957,1.9914237,1.7705721,0.68334186,0.67734027,1.9342232,2.364124,1.4711046,1.5942414,2.8514366,2.652225,0.0,2.265218,3.4429185,2.653414,4.0123158,3.571824,4.387596,4.0281405,3.4915204,3.1694226,3.4760423,3.4836583,3.9709964,2.7772713,3.4512246,3.3922803,3.1011336,3.309403,2.1541424,2.1614394,2.1177797,2.24157,1.8462578,2.0215733,3.5450583,3.2998302,2.4911988,3.6031396,2.5197778,2.858276,2.3255904,2.343528,2.0641413,2.4365172,2.8442652,2.3843503,2.8525636,2.711599,1.7286328,3.027754,2.1040413,2.0954387,1.6396258,2.7299356,3.7264276,2.6509788,1.6541299,1.7448754,2.6107447,2.5180073
79,2.6338067,2.9239564,3.5769408,3.3659055,2.495488,2.0294251,2.6322901,2.567362,2.7669187,3.2915483,3.8101084,3.572061,3.7951512,3.0835557,3.0421443,3.2026277,2.28299,2.3277428,2.2832081,2.496591,3.1309679,3.245874,2.5251908,2.2931046,2.5871391,2.6637096,2.1848571,2.3125527,2.854628,2.8509986,2.923324,2.8656247,3.9694717,4.0630426,3.4689207,3.3982654,3.2320154,3.4476728,3.8301847,3.4273596,4.623439,4.032738,3.665833,3.2751043,3.5745606,4.5610976,5.5746136,5.408283,2.7705557,2.7660089,2.9171371,3.2412314,3.8351612,3.6476264,3.3888016,3.5041432,2.5197184,3.1763365,2.238106,2.2123895,3.0663784,3.3227694,3.2757313,2.8258893,3.7969038,3.6566126,4.178367,3.936926,2.9865255,2.8425548,2.4864173,2.193951,3.2764342,3.5974948,1.8541394,1.9935536,2.8133707,2.6428576,2.265218,0.0,3.910935,3.8449166,4.201551,4.389346,4.728605,4.0172253,3.9177148,4.4875355,4.3660073,4.3007455,3.6285849,3.9172294,3.92665,3.857488,4.0405755,3.8565152,3.0758789,3.1030607,3.0706418,3.1500096,2.6981862,2.9577029,4.1495037,3.9715984,3.2250664,4.1394696,3.3282094,3.4860384,3.094109,3.2044756,2.6195667,3.248664,2.9057631,3.0247648,2.5760286,2.530549,2.5087624,3.2232382,2.708333,2.7081363,3.2055507,3.3014174,4.062823,3.2093065,2.474401,3.271047,3.206148,3.2702043
80,3.7801728,3.508134,3.4699032,3.948745,3.75475,3.74828,3.9240704,3.8680804,3.4810889,4.2434835,4.8635583,4.5070047,4.074391,3.8697462,4.335321,3.9353628,2.912882,3.019391,2.98702,3.006233,3.5239365,3.5450804,3.141864,2.875972,3.5283399,3.9618258,3.2743027,3.4209,3.8010552,3.7933266,3.7491205,3.7578635,4.65298,4.9211946,4.2190404,4.135689,4.0451055,4.095555,4.439911,4.014006,4.4948597,4.681993,3.3749027,3.904921,4.320255,4.0801454,5.460323,5.820056,3.7364469,3.7487106,3.7774725,3.835669,4.039551,4.133726,3.9458601,4.146042,3.4798176,3.0864513,3.7146049,3.6779466,4.2408705,4.2672877,3.8644433,3.7683973,3.9708197,3.7825255,4.1579547,4.020205,3.2182825,3.0121698,3.3260646,3.2501485,3.239011,3.5732472,3.2595177,3.27651,3.5019019,3.4719899,3.4429185,3.910935,0.0,1.9253639,1.7950023,1.3200979,2.9239352,2.000487,1.3058978,2.6287038,2.2696767,2.6694338,2.835737,3.0000916,2.29405,2.0160148,3.925247,3.7542114,2.820026,2.8494956,2.8451757,2.8813808,3.214869,3.1743824,4.145485,4.149283,3.3056204,3.29775,3.4298556,3.4655418,3.2150652,3.223181,3.5571132,3.489778,3.7850535,3.5591114,3.5945919,3.403499,2.9916306,3.2293313,3.4545355,3.4355738,3.0028667,2.9810958,3.4145515,3.6006942,2.98584,3.254151,3.548305,3.4682822
81,3.936631,3.7769837,3.8851976,4.436111,3.6896935,3.7669864,4.1429315,4.1744514,3.952217,4.577478,5.0995255,4.828231,4.3653054,4.2081747,4.1237206,4.458581,3.5748942,3.6179905,3.5501769,3.6346767,4.0661755,4.1255937,3.6817956,3.5138462,3.5506766,3.9799893,3.3646796,3.4436805,3.8716326,3.8754478,3.818604,3.819276,4.534985,4.6547503,4.0511336,3.9617379,3.8259773,3.9464328,4.2328715,3.8846242,4.0755215,4.768794,4.148815,3.94284,4.669596,3.8406403,5.8653336,6.2060513,3.887376,3.8380055,3.8063915,3.8622484,4.147011,4.1825166,4.0509315,4.112811,3.6227815,2.26768,3.7900927,3.7371187,3.9265602,4.2026043,3.7024076,3.7320416,3.234115,3.0953627,3.7121205,3.490276,2.550945,2.3480277,2.4589043,2.496667,2.407269,2.7718773,2.8164232,2.839625,3.408934,3.3590403,2.653414,3.8449166,1.9253639,0.0,2.6708891,2.011815,3.6653569,3.0577254,2.0213003,1.3883517,2.5325267,2.9086828,3.5046344,2.2648606,2.8549592,2.6791155,2.767541,2.7421072,2.2793634,2.2925744,2.2828884,2.3311386,2.7291806,2.641977,3.7777965,3.7225575,2.7720327,2.82253,2.975764,3.03578,2.7758198,2.596318,3.196111,3.1038218,3.6426818,3.1685612,3.525045,3.292783,2.5583298,2.8007133,2.9952788,2.97289,2.0442915,2.6139696,3.184268,3.3191528,2.512002,2.43751,3.223958,3.0466208
82,3.9880667,3.7909248,3.800722,4.167666,3.7680156,3.9433436,4.024664,3.9712365,3.8154325,4.6987014,5.502757,4.814984,4.3790092,4.184968,4.602965,4.082659,3.346436,3.5107768,3.5260983,3.5412831,3.3490486,3.4034657,3.6672904,3.4068875,3.725336,4.061727,3.6344483,3.6232598,3.953512,3.9355555,3.940576,3.9387205,4.9125147,5.1210494,4.5268617,4.4146404,4.4092693,4.436636,4.773175,4.3209667,5.1065793,5.184378,3.7292628,4.116561,4.851171,4.875054,5.748164,6.259369,3.869945,3.8957257,3.8911715,3.9150383,4.250424,4.203409,4.05874,4.2024593,3.675489,3.5415764,3.9089246,3.8730516,4.5901546,4.605576,4.1770425,4.1561747,4.284184,4.151727,4.081173,3.9994044,3.6440248,3.5460372,3.8169243,3.730178,3.6541228,4.01827,3.4139867,3.3526447,3.8953352,3.8729267,4.0123158,4.201551,1.7950023,2.6708891,0.0,2.2713833,3.4678833,2.2410905,2.1185343,3.1856284,3.3752959,3.5847514,3.262034,3.5945573,2.892493,2.7121253,4.2444277,3.9890301,3.2469134,3.308307,3.32735,3.337938,3.6669068,3.5793948,5.122094,5.2014647,3.7348661,3.734833,3.9371223,3.8789892,3.6209154,3.650924,3.9439921,3.9026606,4.1304917,3.945119,3.9221108,3.7447772,3.481595,3.5533748,3.8029025,3.8013012,3.5002868,3.4417353,3.4239488,3.6945555,3.3786895,3.4434283,3.915913,3.8820276
83,3.975738,3.7387197,3.7300575,4.1401305,4.472162,4.378446,4.4163675,4.386776,3.9760556,4.6362286,5.296514,4.9110284,4.6490197,4.4230247,4.8410044,4.425242,3.5965564,3.7349696,3.702907,3.7260923,4.1679378,4.201134,3.8587444,3.5521317,4.033186,4.5415797,3.9224436,4.0248146,4.2675056,4.260406,4.2016797,4.220934,5.227872,5.499178,4.959204,4.583417,4.8952866,5.095544,5.342828,4.7885756,4.5311413,5.1907535,4.204689,4.6565027,4.486957,3.6821272,5.511438,5.893238,4.0307984,4.05937,4.225824,4.2048616,4.6658306,4.776194,4.5907826,4.78914,3.9872162,2.9172192,4.242203,4.219482,4.7271986,4.4883966,4.3305707,4.331208,4.066149,3.9247851,3.7213514,3.6072223,3.4265628,3.2926102,3.3449023,3.3619883,3.0954602,3.516875,3.5966082,3.5851831,4.141843,4.0533457,3.571824,4.389346,1.3200979,2.011815,2.2713833,0.0,3.1797009,2.6718307,1.8481475,2.4783463,2.6578755,2.8828878,3.4609027,3.3653727,2.9563668,2.7124188,4.3553805,4.3260736,3.033662,3.0571694,3.046918,3.0737882,3.438678,3.3351698,4.2932987,4.371622,3.8192537,3.660348,3.8128755,3.726392,3.2011724,3.2587695,3.5835176,3.519768,4.2770343,3.8517056,4.1129646,3.9795163,3.3038971,3.3617897,3.5129187,3.5078502,2.95393,3.3156571,3.534197,3.9300964,3.2909145,3.233546,3.607651,3.5124433
84,4.457826,3.7598252,3.2097754,3.3061237,4.421683,4.3381166,3.9037557,3.9543076,3.652318,4.721554,4.6251354,4.2459917,3.9930549,3.6347938,4.3803816,3.8055093,3.914531,4.0723367,4.032973,4.0197473,3.869107,3.899393,3.513172,3.8079739,3.923381,4.3519907,4.199391,3.9796677,4.0523043,4.043646,4.0299387,4.049272,4.897269,5.190143,4.468924,4.463919,4.6765556,5.2240205,5.080408,4.342446,6.178211,6.3548098,3.5922716,4.3015885,5.7610793,5.7306657,6.367192,6.7476873,4.251093,4.3158236,4.0327716,4.1137104,4.9410377,4.686343,4.699918,4.824329,4.108233,3.8001156,4.19703,4.19904,4.5503516,4.345151,4.676491,4.1015034,4.797888,4.5918407,5.066199,4.371984,3.9240763,4.1401515,4.275813,4.2161264,3.958753,3.3638377,4.198848,4.229151,4.5389476,4.56551,4.387596,4.728605,2.9239352,3.6653569,3.4678833,3.1797009,0.0,2.3215299,3.3012488,4.1817822,3.6784873,3.533466,2.4099479,4.0866995,3.2468626,2.9872007,4.9524946,4.996109,4.378279,4.417579,4.308829,4.416993,4.2549357,4.2365146,5.6854315,5.2696056,3.8907795,2.950147,3.66415,3.4903207,4.110352,4.166085,4.117624,4.0808015,4.621001,4.441323,4.3174615,4.325766,4.072904,3.9439614,4.2792244,4.2492833,4.3499055,3.836372,4.169522,4.7202253,4.056955,4.230382,4.583761,4.549651
85,3.5397155,3.1564155,2.71408,3.2883086,3.4163756,3.3080375,3.021297,2.9942787,3.0497997,3.610993,4.221915,3.6327739,3.1653662,2.7917306,3.5120032,3.029027,2.999026,3.1717124,3.1967165,3.1323566,3.3291614,3.4051042,3.162038,2.981349,2.991393,3.5869825,3.2908843,2.9939191,3.2478688,3.2352352,3.2432487,3.2303464,4.2358027,4.518613,3.593846,3.6036727,3.8216226,4.3486705,4.291013,3.429552,4.9036655,4.85876,2.7920697,3.393701,4.415056,4.93877,5.161919,5.6215014,3.4220138,3.4676564,3.084886,3.2302394,4.1987143,3.9286294,3.8544354,3.9950097,3.1571615,3.4583917,3.4394033,3.4176695,3.7961373,3.77704,3.9378512,3.255065,4.410923,4.2312937,4.262463,3.958958,3.2018692,3.390631,3.8242815,3.6828732,3.5429835,3.66778,3.497777,3.5340183,3.7560856,3.7342622,4.0281405,4.0172253,2.000487,3.0577254,2.2410905,2.6718307,2.3215299,0.0,2.426919,3.7635226,3.1723948,3.0223513,2.1328776,3.4930882,2.3625383,2.2723908,4.099087,4.0115438,3.7319446,3.7832112,3.6990166,3.8199275,3.6782162,3.658226,4.9756484,4.845324,3.0178676,3.0059195,3.6583796,3.4382386,3.5235393,3.516899,3.4624534,3.388842,3.737666,3.718838,3.3947687,3.4338052,3.309967,3.35103,3.6282046,3.5966043,3.9108133,3.034602,3.3027835,3.877709,3.2497926,3.6782448,3.9540298,3.8961537
86,3.9214742,3.7598267,3.7564163,4.2162066,3.906507,3.8620605,4.0386276,4.0560155,3.7575953,4.441531,5.047319,4.662511,4.26427,4.026811,4.4465737,4.186358,3.163501,3.3369076,3.3582149,3.3785648,3.7959788,3.8197935,3.4530888,3.1623268,3.6658232,4.0487304,3.3911328,3.5254393,3.9474552,3.9364,3.8690486,3.8717787,4.5322347,4.7755938,3.8614469,3.8079119,4.067584,4.0679264,4.105047,3.6544855,4.4835734,4.364278,3.1502144,3.5749037,4.0712633,3.8402534,5.282479,5.6521435,3.468408,3.4752936,3.8860438,3.5177813,3.7429318,3.910493,4.1176014,3.8164034,3.167064,3.2215664,3.4275606,3.386213,3.9641955,4.048056,3.5499473,3.5348556,4.0579386,3.8796031,4.327144,4.095064,3.3973935,3.223912,3.4179463,3.3440616,3.2523062,3.6323082,3.289619,3.2961154,3.6860187,3.6890018,3.4915204,3.9177148,1.3058978,2.0213003,2.1185343,1.8481475,3.3012488,2.426919,0.0,2.0738068,2.5877018,2.9018342,3.1169407,3.1596017,2.6005085,2.418479,3.8399415,3.6581638,2.8409283,2.8811064,2.9787576,3.011634,3.3095129,3.256248,4.5688844,4.5958714,3.417395,3.4527624,3.6756053,3.70663,3.3435924,3.3684611,3.7426581,3.705354,4.387628,4.178085,3.6561885,3.052913,3.1377637,3.3893101,3.5546098,3.5310142,3.0440023,3.5558615,4.0361547,4.1142006,2.9967318,3.2438354,3.7279098,3.6787543
87,4.716193,4.6127543,4.7265306,5.1813183,4.489932,4.5617056,4.8519053,4.9310784,4.7380047,5.2943873,5.82535,5.5202684,5.098051,4.933389,4.9192452,5.2094536,4.3546157,4.431132,4.40614,4.4755807,4.77199,4.8203635,4.498427,4.318444,4.3868866,4.7159266,4.183686,4.253089,4.649313,4.656397,4.5712485,4.5713596,4.9729433,5.0815134,4.394621,4.3661103,4.5232644,4.536513,4.548165,4.238019,4.362232,5.02734,4.475846,4.313564,4.9886894,3.6696727,6.152012,6.4589167,4.313966,4.273823,4.5693293,4.308935,4.475617,4.5579667,4.7778273,4.4390793,4.062332,2.8097816,4.2490177,4.201236,4.3968415,4.6546316,4.140942,4.2516747,3.6082299,3.484176,4.1454296,3.900491,3.296234,3.1238348,3.0019262,3.1057327,2.8299968,3.2093182,3.4283159,3.4284868,4.1292124,4.1067414,3.1694226,4.4875355,2.6287038,1.3883517,3.1856284,2.4783463,4.1817822,3.7635226,2.0738068,0.0,2.9330978,3.2454808,4.27182,2.7664597,3.3973138,3.2567167,3.1580892,3.252867,2.81935,2.836087,2.9491382,2.9785252,3.3673773,3.259857,4.5773163,4.584388,3.4701283,3.5406444,3.6527674,3.703311,3.3694253,3.2456822,3.8580704,3.781823,4.7711086,4.2818494,4.2682204,3.6610103,3.2902048,3.5589745,3.6432414,3.6181479,2.5219612,3.7537653,4.2885675,4.2809405,3.1439767,2.8023822,3.8020377,3.660121
88,4.7453623,4.6045976,4.6146054,5.0878406,4.5433745,4.293721,4.452276,4.388066,4.123898,4.506859,4.8792286,4.8059945,4.518389,4.282242,4.579632,4.273577,3.431802,3.4001133,3.4201427,3.4101424,4.4815116,4.501873,3.7242239,3.470365,4.330489,4.822961,3.7515948,3.911972,4.640076,4.6560855,4.5783796,4.573767,5.302581,5.4728537,4.3579793,5.0553927,4.502805,4.160339,4.656532,4.286847,3.9312215,4.6303067,3.7974942,4.165612,4.9069467,3.976988,5.9085755,6.204189,4.6751637,4.755926,4.4443407,4.7125697,4.670674,4.785629,4.721221,4.767066,4.024773,2.9473243,4.357586,4.332244,4.766803,5.0017023,4.603911,4.3935275,4.1191397,4.075577,4.937807,4.8341637,3.3415265,3.074426,3.3328185,3.3453743,3.1402526,3.639743,3.4355743,3.4924905,3.8505082,3.8604364,3.4760423,4.3660073,2.2696767,2.5325267,3.3752959,2.6578755,3.6784873,3.1723948,2.5877018,2.9330978,0.0,1.1241001,3.7330577,2.1118956,1.5470229,1.5466647,3.4563613,3.5400918,3.2667916,3.2420502,3.1470933,3.2129304,3.661993,3.6693501,3.6172945,3.6485648,3.6026473,3.8047948,3.8326864,3.8607452,3.5906286,3.682623,4.003276,3.8973873,4.0796065,3.7566743,4.1513343,3.8272798,3.298874,3.5715578,3.8056808,3.764563,3.0830328,3.2038028,3.9943767,3.7313108,3.312179,3.5188107,4.052805,3.9278998
89,4.5000014,4.347427,4.3485017,4.7792015,4.525826,4.089549,4.043723,4.0094137,4.034067,4.257727,4.5459447,4.474537,4.278118,3.9357698,4.288776,3.9062023,3.4843476,3.4442284,3.4922943,3.4471188,4.5483212,4.605863,3.7463672,3.4793265,4.17612,4.7568917,3.748389,3.7757478,4.435595,4.469377,4.388003,4.389609,5.1743813,5.3540454,4.2478166,4.8819876,4.6997633,4.5254297,4.894251,4.224687,3.970571,4.749173,3.7967381,4.1633387,4.760964,3.9376256,5.6732574,5.9711485,4.3930397,4.495607,4.1481566,4.4471426,4.7423987,4.7445936,4.7376857,4.723728,3.778743,2.6856124,4.1643877,4.1516066,4.6116414,4.7183337,4.77142,4.2562118,4.2498794,4.201521,4.6649923,4.557337,3.2392356,3.0423956,3.246661,3.2645428,2.8389888,3.3598258,3.288002,3.353538,3.8833356,3.8517578,3.4836583,4.3007455,2.6694338,2.9086828,3.5847514,2.8828878,3.533466,3.0223513,2.9018342,3.2454808,1.1241001,0.0,3.5823312,2.2421284,1.5864314,1.7315677,3.4970973,3.7726505,3.5476587,3.5291293,3.3942633,3.5241451,3.647776,3.6812792,3.7254581,3.7092898,3.4408884,3.7661176,3.7935596,3.6481771,3.3680077,3.486193,3.6087837,3.54126,4.117212,3.7830484,4.0628343,3.7281184,3.239576,3.482696,3.5976996,3.5431309,3.2967186,3.2121537,3.871666,3.7258322,3.2682514,3.503223,3.8715682,3.7601297
90,3.0100281,2.3017857,1.9331137,2.602463,3.0771825,2.8789284,2.8313847,2.8678458,2.7855399,3.7525475,3.8196542,3.3826108,3.1257381,2.7414932,3.1106503,2.7956758,2.5571544,2.5898297,2.571574,2.522381,2.6515524,2.7319996,2.0987837,2.3819945,2.7265053,3.5044918,2.461836,2.583249,2.914867,2.9205897,2.9045384,2.9279978,3.9961019,4.2129393,3.6625097,3.6314905,3.8924403,4.082599,4.4024467,3.4470463,5.509312,5.084639,3.1977737,3.3764973,4.457202,5.488037,5.3813744,5.802342,2.8428671,2.9144554,2.5939457,2.844451,3.6258955,3.6468508,3.4113104,3.6023612,2.5405557,3.5218792,2.7909045,2.76607,3.415063,3.233263,3.7368848,2.980936,4.294692,4.1442533,4.4433813,3.9044495,3.3630953,3.1750906,3.851826,3.6463044,3.4775264,3.1778479,3.4103498,3.4826128,3.004293,3.1114666,3.9709964,3.6285849,2.835737,3.5046344,3.262034,3.4609027,2.4099479,2.1328776,3.1169407,4.27182,3.7330577,3.5823312,0.0,3.6133518,2.9734526,2.745103,4.312813,4.1481013,3.514763,3.5590875,3.4090962,3.5444813,3.2029262,3.2076755,4.80879,4.4111676,3.1772578,2.5068464,2.8517897,2.6214306,3.0591474,3.1667213,3.217755,3.123317,3.385214,3.5140395,2.8615022,2.8811598,3.0408897,2.9515562,3.1779907,3.1403167,3.9251668,2.8192117,3.2562423,3.771542,3.0635455,3.793808,3.4163442,3.403283
91,4.39356,4.2878385,4.413433,4.961582,3.5655909,3.5721986,3.9040694,3.8939037,3.851356,4.1144814,4.654864,4.3430524,4.1386943,3.8304822,3.6402855,3.9886615,3.4982982,3.28446,3.2661002,3.2618942,3.8670447,3.9177349,3.5116096,3.4134502,3.7645104,4.263561,3.1906352,3.2896607,4.011868,4.030546,3.952351,3.9310932,4.382965,4.4161644,3.6941378,4.494699,3.7351732,3.5287278,3.9679372,3.5758386,3.5115407,4.2736278,3.9252472,3.5279393,4.757312,3.949592,5.8605146,6.1849194,4.1930046,4.242073,3.7132068,4.2357965,4.356935,4.266311,4.181907,4.250552,3.5798368,2.2019978,3.8125978,3.7791014,3.9771714,4.430103,4.248016,3.8283546,2.7758775,2.7875917,4.1111126,4.0035906,2.4344034,1.9553773,2.455521,2.4789689,2.4319987,2.8585954,2.8210788,2.9209487,2.889655,2.953791,2.7772713,3.9172294,3.0000916,2.2648606,3.5945573,3.3653727,4.0866995,3.4930882,3.1596017,2.7664597,2.1118956,2.2421284,3.6133518,0.0,2.1048937,1.9842787,2.2735195,2.5655196,2.802749,2.8064651,2.6857316,2.8155417,2.9456153,2.9156864,3.9292946,3.7777183,2.6107354,2.969416,2.7796645,2.8496158,2.9042652,2.9120924,3.204323,3.0713007,3.3484073,2.9734132,3.4509535,3.2227619,2.5431151,2.7322946,3.0030053,2.955813,2.5489159,2.4436934,3.5025089,3.2522523,2.539927,2.51463,3.2207663,3.005348
92,4.248991,4.096237,4.014453,4.534643,3.6203945,3.5024054,3.6416848,3.5498497,3.4283776,3.7799153,4.3644075,3.9941251,3.7108376,3.4188716,3.8290482,3.302918,2.6527371,2.7038944,2.7821138,2.7282984,3.4893916,3.5220582,3.0552647,2.7875469,3.7086027,4.19969,3.0896351,3.2264545,4.0438013,4.0297904,3.9977627,3.9682684,4.915421,5.0853686,3.7846217,4.598146,3.937751,3.610353,4.1679277,3.6969032,4.0235925,4.2840767,3.0821307,3.4629428,4.5567565,4.269095,5.5718594,5.998199,4.1174254,4.223731,3.813578,4.088389,4.1574526,4.247923,4.1243806,4.1784043,3.4125655,2.9050763,3.7003095,3.6856997,4.317381,4.552384,4.4257956,3.8311057,3.7980235,3.779901,4.6714835,4.44866,3.057666,2.864776,3.268958,3.1922667,3.1009285,3.5189826,3.0713303,3.1435628,3.490074,3.538749,3.4512246,3.92665,2.29405,2.8549592,2.892493,2.9563668,3.2468626,2.3625383,2.6005085,3.3973138,1.5470229,1.5864314,2.9734526,2.1048937,0.0,0.6758387,3.4174993,3.4815483,3.2368376,3.2550817,3.1245885,3.2461078,3.3456216,3.3522031,4.181062,4.1085863,3.0365438,3.3176548,3.592218,3.6066864,3.368513,3.5019264,3.5863934,3.4672415,3.548271,3.3860292,3.5951989,3.3484643,3.020426,3.1186225,3.5065339,3.4669018,3.3046663,2.6621673,3.5050344,3.3362677,2.921903,3.2388966,3.9044392,3.7705214
93,4.155747,3.9358573,3.8976722,4.334832,3.5613544,3.4683752,3.5951848,3.5043397,3.3005981,3.7930984,4.3842683,3.9413047,3.7070646,3.3564527,3.8275056,3.3308883,2.5974054,2.582202,2.6266036,2.5674589,3.1890392,3.2093248,2.8334105,2.6621604,3.6491945,4.141933,3.0031605,3.1757247,3.9354784,3.9240465,3.8822443,3.8603594,4.674438,4.8624268,3.7526197,4.5385423,3.8696978,3.5990162,4.101257,3.6021318,4.0251837,4.290629,2.9390426,3.366907,4.5089297,4.22271,5.4593782,5.857259,3.9722695,4.081781,3.660284,4.025068,4.1160183,4.1815395,4.048776,4.157679,3.326836,2.805829,3.6133003,3.5939028,4.212666,4.4184093,4.2312317,3.7467613,3.6118567,3.5533662,4.5391536,4.3144,3.032953,2.777458,3.196101,3.1189952,3.0829391,3.3891187,3.116777,3.195301,3.287046,3.3624141,3.3922803,3.857488,2.0160148,2.6791155,2.7121253,2.7124188,2.9872007,2.2723908,2.418479,3.2567167,1.5466647,1.7315677,2.745103,1.9842787,0.6758387,0.0,3.4436736,3.4538279,3.106461,3.132029,3.0256054,3.1302593,3.294865,3.2879844,4.2926726,4.178724,3.0940797,3.1689403,3.3230953,3.328531,3.2674997,3.4057488,3.5381227,3.4591892,3.5279415,3.3551023,3.519732,3.3278496,2.9700334,3.0154417,3.4596646,3.4230554,3.2028718,2.674238,3.5657566,3.457021,2.9062097,3.1632142,3.7172515,3.5949612
94,4.8908296,4.838386,4.982449,5.5525837,3.8515513,3.8738894,4.3954544,4.445181,4.8926144,5.005353,5.427708,5.2041306,4.7766633,4.451491,3.9767723,4.9576244,4.3198586,4.2292056,4.222123,4.302033,4.760174,4.8698297,4.435513,4.3490744,4.2299786,4.732685,3.8405201,3.8664317,4.5892134,4.633536,4.6074224,4.567851,4.748154,4.6658754,3.7201524,4.5523973,3.9682555,3.669708,4.0839834,3.5923955,3.9803607,4.6707754,4.718648,3.9715989,5.340149,4.94785,6.4103174,6.3148723,4.703882,4.666014,4.1458917,4.599605,4.784792,4.657101,4.5958824,4.4299593,4.0656786,3.2020311,4.3317466,4.25942,4.1655912,4.942696,4.490575,4.202895,3.483372,3.4088416,4.390065,4.220785,2.8700192,2.6211133,2.9348977,2.93745,2.6838622,3.0517702,3.1284418,3.217251,3.4534771,3.45988,3.1011336,4.0405755,3.925247,2.767541,4.2444277,4.3553805,4.9524946,4.099087,3.8399415,3.1580892,3.4563613,3.4970973,4.312813,2.2735195,3.4174993,3.4436736,0.0,1.0495203,3.0473893,3.0516827,3.0204322,3.1412277,3.2319174,3.210959,4.1394696,3.968879,2.8383465,3.797706,3.3015168,3.1708846,3.1827645,2.8804154,3.5817192,3.4924576,3.6329794,3.3257284,3.66541,3.3287623,2.8589845,3.8734221,3.4480805,3.3993545,2.9476962,3.2356277,4.1926413,3.4957492,2.81622,2.89674,3.6295574,3.4835215
95,4.6982713,4.681124,4.8405013,5.427182,3.7424092,3.7782366,4.3614154,4.390662,4.693949,4.951711,5.425974,5.168392,4.695105,4.407991,3.912934,4.9040775,4.0702305,4.0043955,3.9950051,4.088271,4.538841,4.640945,4.242497,4.14657,4.0178065,4.534521,3.5722697,3.615824,4.417497,4.4563637,4.4392905,4.3953648,4.607807,4.5081096,3.5367472,4.411739,3.6928782,3.326083,3.7799659,3.3708978,4.0919843,4.422937,4.4794297,3.677917,5.209167,5.206961,6.2652855,6.213815,4.546138,4.5100756,3.9680247,4.4023952,4.51725,4.4200754,4.35567,4.19089,3.837235,3.471993,4.1467366,4.059199,3.954517,4.7966585,3.940428,3.9800885,3.7057168,3.6471965,4.60589,4.44673,2.974943,2.7624128,3.209933,3.1390061,3.051518,3.4244733,3.1757896,3.2472785,3.2981086,3.3482184,3.309403,3.8565152,3.7542114,2.7421072,3.9890301,4.3260736,4.996109,4.0115438,3.6581638,3.252867,3.5400918,3.7726505,4.1481013,2.5655196,3.4815483,3.4538279,1.0495203,0.0,2.8866894,2.8896282,2.8873549,2.9406493,3.321842,3.2969365,4.121022,4.023242,3.0947585,3.8358245,3.4368794,3.3454006,3.3580282,3.109227,3.863373,3.793927,3.5160487,3.3579438,3.498507,3.1946015,2.93086,3.84785,3.5347989,3.4980888,2.9646547,3.261791,4.1725035,3.5061514,2.8668883,3.159532,3.76072,3.660303
96,3.8763938,3.8115401,3.9971025,4.60373,3.4305077,3.7272139,4.331498,4.3140607,3.932339,4.5701485,5.2446117,4.9278984,4.907579,4.488984,4.2640977,4.50685,3.0865772,3.1744466,3.136983,3.3142388,3.6601603,3.7299166,3.4666874,3.2350986,3.7757115,4.2920895,3.0813777,3.511907,4.0900803,4.1085134,4.0845504,4.048798,4.987869,5.065872,4.5106983,4.433326,4.2077646,3.922715,4.637754,4.3384314,4.429889,4.504437,4.524969,4.2308016,4.2575693,3.9940453,6.1156173,5.871702,3.9047332,3.892026,4.0531645,4.240641,4.180439,4.3775344,4.0326066,4.1679425,3.5110352,2.8901925,3.6975245,3.6446884,4.200031,4.3780293,3.9417095,3.9624794,2.4457924,2.4239006,3.2498174,3.0228827,2.425371,1.7678903,2.152795,2.067035,2.0749083,2.6589417,2.3209329,2.354941,2.5226398,2.4881103,2.1541424,3.0758789,2.820026,2.2793634,3.2469134,3.033662,4.378279,3.7319446,2.8409283,2.81935,3.2667916,3.5476587,3.514763,2.802749,3.2368376,3.106461,3.0473893,2.8866894,0.0,0.134985,0.45171577,0.45871598,1.348501,1.2356532,3.3491797,3.2847853,2.967677,3.755717,2.5099752,2.7487218,1.7505565,1.863213,2.666301,2.5105157,2.798155,2.4619308,2.77763,2.3600216,1.6426036,3.321325,2.0963953,2.0983427,1.2276789,2.6238482,3.6054678,2.3909721,1.4310538,1.7077708,2.221245,2.136206
97,3.9058762,3.8449204,4.032007,4.6444945,3.498338,3.7747533,4.3772435,4.3601184,3.9643607,4.603579,5.258156,4.9720383,4.9464025,4.5355535,4.2956686,4.5486255,3.1229923,3.2076588,3.1675165,3.3465588,3.7455482,3.8161569,3.507634,3.2740123,3.8088894,4.3291683,3.1146755,3.538916,4.1218204,4.143914,4.117287,4.082305,5.0264482,5.1010427,4.546046,4.4731245,4.2402105,3.9489076,4.674772,4.382141,4.4450135,4.5356936,4.571447,4.2768574,4.295349,4.0081286,6.160402,5.910466,3.9541395,3.941304,4.0916305,4.286324,4.2127023,4.409002,4.0610747,4.203449,3.546455,2.8988256,3.7418568,3.6884944,4.22777,4.409039,3.9582348,3.9942727,2.5018766,2.4880912,3.3049128,3.091317,2.4309223,1.77463,2.165511,2.0847564,2.084707,2.6792874,2.3354647,2.370642,2.5386908,2.5018728,2.1614394,3.1030607,2.8494956,2.2925744,3.308307,3.0571694,4.417579,3.7832112,2.8811064,2.836087,3.2420502,3.5291293,3.5590875,2.8064651,3.2550817,3.132029,3.0516827,2.8896282,0.134985,0.0,0.39423984,0.3796466,1.3767188,1.283513,3.2490363,3.1931448,2.9925647,3.7890282,2.5321872,2.7749262,1.7771146,1.8888336,2.697765,2.5373073,2.8056552,2.4662473,2.8129528,2.394592,1.6676248,3.3540485,2.1159434,2.1156878,1.196086,2.636876,3.6176496,2.3757765,1.4723734,1.7721287,2.2459242,2.1601093
98,3.7718368,3.6913517,3.8611646,4.515183,3.416035,3.6526122,4.2439227,4.2230415,3.8260927,4.472293,5.0682535,4.8136187,4.805428,4.400458,4.120458,4.365425,3.0019937,3.0808353,3.0358849,3.2116003,3.6877236,3.764127,3.3735652,3.150978,3.6730835,4.240802,2.96927,3.3912547,3.9965727,4.018785,3.9951837,3.9628189,5.018426,5.08973,4.5237637,4.459774,4.196548,3.929805,4.7098784,4.3794374,4.434806,4.5936046,4.5756054,4.263027,4.3282733,4.0814223,6.1366076,5.9562364,3.9112077,3.9065998,3.9597983,4.2139487,4.20503,4.3985868,3.9838252,4.202676,3.4845996,2.7391918,3.6843271,3.635008,4.1765766,4.3338823,3.9764729,3.9389865,2.5142806,2.530588,3.2823477,3.043785,2.2807822,1.6001341,2.0854523,1.9975212,1.9493499,2.5367548,2.2211623,2.26325,2.4668775,2.426192,2.1177797,3.0706418,2.8451757,2.2828884,3.32735,3.046918,4.308829,3.6990166,2.9787576,2.9491382,3.1470933,3.3942633,3.4090962,2.6857316,3.1245885,3.0256054,3.0204322,2.8873549,0.45171577,0.39423984,0.0,0.27947813,1.2501197,1.1650976,3.0424051,2.9486473,2.8694322,3.6151962,2.4284601,2.6532097,1.6381088,1.7735742,2.5538335,2.3560748,2.5550857,2.1905766,2.7055929,2.4108188,1.5425713,3.1623905,1.9563532,1.9528902,1.1822981,2.3296752,3.3248339,2.0959249,1.3721129,1.7702314,2.1866438,2.0740569
99,3.8769336,3.8128102,3.991213,4.623628,3.5638137,3.8073373,4.3966265,4.3700004,3.9132001,4.600383,5.2069707,4.949377,4.9461966,4.551096,4.276057,4.5064793,3.090337,3.177257,3.1301696,3.3119347,3.7697601,3.838816,3.4801006,3.2550256,3.7861433,4.335793,3.0822046,3.5037086,4.1109533,4.131576,4.108196,4.0757627,5.119897,5.187816,4.6346126,4.574307,4.2780514,3.9953856,4.773222,4.488011,4.5048933,4.6462154,4.650855,4.34752,4.412385,4.1560235,6.209044,6.020304,4.0270147,4.0244913,4.0872416,4.330569,4.2828536,4.4832416,4.07662,4.297005,3.598866,2.8796556,3.8018098,3.7508106,4.2836857,4.4445252,3.9632974,4.049997,2.6210155,2.647891,3.3975744,3.182225,2.425412,1.7990106,2.2329855,2.1500165,2.1396947,2.7171717,2.354962,2.3821766,2.5815134,2.5483546,2.24157,3.1500096,2.8813808,2.3311386,3.337938,3.0737882,4.416993,3.8199275,3.011634,2.9785252,3.2129304,3.5241451,3.5444813,2.8155417,3.2461078,3.1302593,3.1412277,2.9406493,0.45871598,0.3796466,0.27947813,0.0,1.4839699,1.3959297,3.089609,3.0382886,3.077885,3.7584603,2.5913427,2.8273106,1.8560869,1.9982251,2.7767782,2.5994508,2.6749458,2.3271294,2.8347118,2.5510044,1.7402048,3.2840123,2.1307812,2.1349244,1.1964306,2.4974523,3.4480627,2.215356,1.5791728,1.9224399,2.3456626,2.2553332
100,3.3752797,3.258003,3.4711146,4.088751,2.7791035,3.1089368,3.773886,3.7807539,3.5917237,4.1344137,4.7087607,4.4529653,4.44783,4.019667,3.7066631,3.9998918,2.86848,2.9272137,2.8696356,3.0467062,3.3940184,3.4974732,3.0882561,2.9158485,3.334479,3.823972,2.7091703,3.1484983,3.5977829,3.6180193,3.6124024,3.5774302,4.702149,4.7885647,4.358109,4.044998,3.9922705,3.861184,4.6295857,4.2222166,4.6544876,4.650014,4.5464516,4.178575,4.0846705,4.066155,6.134025,5.9432015,3.485364,3.4421103,3.6553507,3.870637,3.9669647,4.1231756,3.6377778,3.8875372,3.2317698,2.676495,3.2625594,3.2263384,3.8738813,3.9601486,4.172571,3.6266453,2.338395,2.2678404,2.9967136,2.6290596,2.2031426,1.4450451,1.8372498,1.6938412,1.8878875,2.2822614,1.9386873,2.0415037,2.2557116,2.1514218,1.8462578,2.6981862,3.214869,2.7291806,3.6669068,3.438678,4.2549357,3.6782162,3.3095129,3.3673773,3.661993,3.647776,3.2029262,2.9456153,3.3456216,3.294865,3.2319174,3.321842,1.348501,1.3767188,1.2501197,1.4839699,0.0,0.4222976,3.365684,3.0858407,2.3198075,3.3877456,2.020848,2.3251257,1.2607456,1.330296,1.7180855,1.5719541,2.3663056,2.0580363,2.4059024,2.0746682,1.212967,2.9926548,1.5326601,1.5099314,1.8323475,2.1986394,3.2174277,2.0689578,1.0420543,1.6447936,1.7864237,1.6183057
101,3.500273,3.3575883,3.5036144,4.193739,2.9195714,3.2873886,3.9136682,3.9216144,3.715466,4.2396517,4.855878,4.537324,4.531634,4.1262913,3.8108697,4.093224,3.0098236,3.06082,3.015914,3.175917,3.4221025,3.5152087,3.217142,3.0454445,3.4491189,4.000322,2.8378139,3.2860303,3.729812,3.7441049,3.7320874,3.7006013,4.799816,4.8853855,4.46716,4.1529384,4.1444254,3.9994798,4.7438726,4.311442,4.631063,4.688347,4.631672,4.2549453,4.135782,4.0647635,6.1126013,5.943936,3.5831037,3.5492728,3.7440786,3.9402816,4.043662,4.222983,3.757648,3.989652,3.349243,2.7317977,3.4196963,3.3841324,3.9969525,4.050019,4.2420745,3.762019,2.2307498,2.1844227,2.8276563,2.4398024,2.2465148,1.4688551,1.9595528,1.8439652,1.8028737,2.2270877,2.1342397,2.2052908,2.3514953,2.2683034,2.0215733,2.9577029,3.1743824,2.641977,3.5793948,3.3351698,4.2365146,3.658226,3.256248,3.259857,3.6693501,3.6812792,3.2076755,2.9156864,3.3522031,3.2879844,3.210959,3.2969365,1.2356532,1.283513,1.1650976,1.3959297,0.4222976,0.0,3.506469,3.2515361,2.4477198,3.3642418,2.0709672,2.3182883,1.1525184,1.2559115,1.8508642,1.5751239,2.4488015,2.095232,2.4878268,2.1545966,1.2325002,2.988742,1.5049088,1.4951072,1.7694719,2.198247,3.183522,2.1503236,1.0588036,1.4928697,1.7454561,1.5666698
102,4.4874425,4.5635643,4.8538585,5.492983,4.9513116,4.5824656,5.157625,5.089937,4.9240737,5.1240044,5.2927933,5.72084,5.505324,5.3395953,4.953551,5.221289,4.072342,4.0067263,3.9444835,4.0799103,5.631079,5.7167974,4.4753737,4.1122375,4.645211,5.24385,4.0184264,4.3828316,4.9791193,5.042746,4.9991484,5.0006895,6.1496754,6.2167363,5.638293,5.5684285,5.3100977,4.9303613,5.985763,5.6362023,4.7836676,5.327564,5.863853,5.65458,5.06308,4.855407,6.793085,6.630614,5.162257,5.142973,4.9477663,5.3829823,5.283762,5.5431156,4.9232187,5.387009,4.6985397,3.8562596,4.9647913,4.921288,5.2611256,5.408762,5.1990614,5.07756,4.8342767,4.840351,4.931938,5.047435,3.7414505,3.2449906,3.5794296,3.5304224,3.5032141,4.2090874,3.564358,3.6354125,3.9046757,3.738445,3.5450583,4.1495037,4.145485,3.7777965,5.122094,4.2932987,5.6854315,4.9756484,4.5688844,4.5773163,3.6172945,3.7254581,4.80879,3.9292946,4.181062,4.2926726,4.1394696,4.121022,3.3491797,3.2490363,3.0424051,3.089609,3.365684,3.506469,0.0,1.029531,4.153312,5.0128293,4.2141433,4.2954087,3.4251819,3.4132328,3.8173172,3.7300365,3.4202123,3.1918695,4.154716,4.1017447,3.2537696,4.3051615,3.5109575,3.4812264,3.292254,3.3578575,3.9244416,2.9905384,3.4726505,4.1734633,3.7300503,3.6316526
103,4.409637,4.3265147,4.5557046,5.17658,4.6638355,4.3318944,4.917136,4.8779097,4.7344646,5.063305,4.930579,5.442524,5.308721,5.067321,4.6618257,5.009579,3.9506407,3.8670182,3.7771192,3.9253502,5.3734636,5.4553623,4.11249,3.9367952,4.447937,5.0333333,3.8174968,4.212938,4.765482,4.8282876,4.7910075,4.799547,5.8948417,5.9651227,5.4064174,5.36294,5.0429735,4.7217546,5.7557707,5.3989744,5.091218,5.5583887,5.7298675,5.4877477,5.2613697,5.1101165,6.908538,6.718633,5.0259924,4.994204,4.743761,5.226592,5.2033725,5.4391947,4.8017807,5.2841268,4.573239,3.7230394,4.7529225,4.7138066,5.033171,5.214931,5.1497083,4.873461,4.613126,4.575622,4.962271,4.89199,3.5627832,3.033823,3.3956063,3.337712,3.3120255,3.7100964,3.4086692,3.5051405,3.637456,3.500181,3.2998302,3.9715984,4.149283,3.7225575,5.2014647,4.371622,5.2696056,4.845324,4.5958714,4.584388,3.6485648,3.7092898,4.4111676,3.7777183,4.1085863,4.178724,3.968879,4.023242,3.2847853,3.1931448,2.9486473,3.0382886,3.0858407,3.2515361,1.029531,0.0,3.8314347,4.5737967,3.6821783,3.8058596,3.2132072,3.15937,3.5626404,3.4611094,3.1466844,2.9211063,3.8598874,3.8974066,3.0349512,4.1546407,3.3391895,3.2995203,3.2389958,3.106066,3.8168824,2.868379,3.2789586,4.023866,3.5430093,3.4391246
104,3.5583508,3.4183846,3.287609,4.012685,2.301096,2.7150848,3.0131123,3.0939333,3.12849,3.428402,3.951343,3.7167442,3.4620175,3.0335226,2.6551347,3.426535,3.3709106,3.3752623,3.3110464,3.369526,3.693279,3.804038,3.388496,3.2920437,2.609716,2.9245915,2.946104,2.578127,2.7949758,2.8161025,2.8143241,2.7522554,3.5719461,3.6506884,3.0681202,2.9585502,2.6571753,3.5019183,3.4204907,3.0381622,4.582585,4.5851784,3.7331789,3.2120428,4.426056,4.4363303,6.0361843,6.195616,3.456199,3.3663378,3.0480347,3.3357944,4.0840206,3.5928612,3.4658184,3.6245544,3.1322737,2.7002563,3.0666494,3.0386791,2.9468448,3.4619641,3.838908,2.7143128,2.860502,2.7033978,3.7382438,3.4190319,1.665082,1.8533432,2.3295703,2.2013514,2.6456468,2.776849,2.3178864,2.4600244,2.649503,2.5711713,2.4911988,3.2250664,3.3056204,2.7720327,3.7348661,3.8192537,3.8907795,3.0178676,3.417395,3.4701283,3.6026473,3.4408884,3.1772578,2.6107354,3.0365438,3.0940797,2.8383465,3.0947585,2.967677,2.9925647,2.8694322,3.077885,2.3198075,2.4477198,4.153312,3.8314347,0.0,2.4380317,2.3193228,2.5874374,2.752954,2.5425818,2.1913867,2.0610662,2.7122767,2.6026504,2.5159168,2.5086882,2.1190653,2.8923879,2.528798,2.4648936,2.8883464,2.1972327,3.0974107,2.8966813,1.9739892,2.4288616,3.043264,2.8327842
105,3.5790193,3.0910778,2.7727828,3.447078,3.0608087,3.2041068,3.2160842,3.3531237,3.079028,3.962147,4.020189,3.687041,3.0828328,3.111346,2.8335476,3.3677232,3.6650605,3.6282375,3.537617,3.528257,3.4996164,3.5617685,3.1202595,3.3995376,2.6441777,3.1109345,3.0101604,2.6849139,2.8081083,2.7840362,2.731998,2.7483404,3.6158726,3.698458,3.3789587,3.2504025,3.1931865,3.9511693,3.8304002,3.2739635,5.337048,5.436916,3.7452493,3.274276,5.1754017,5.2832074,6.125307,6.8978066,3.4007912,3.372979,2.8976386,2.9746869,3.848444,3.5251884,3.5109897,3.6515472,3.2273118,2.8505027,3.1702945,3.1529853,3.039791,3.2176518,3.6608799,2.867333,3.7509089,3.6551123,4.484315,3.8680296,2.8104448,2.9397159,3.3962429,3.3079755,3.3470545,2.8906906,3.365223,3.4350584,3.4540062,3.5260866,3.6031396,4.1394696,3.29775,2.82253,3.734833,3.660348,2.950147,3.0059195,3.4527624,3.5406444,3.8047948,3.7661176,2.5068464,2.969416,3.3176548,3.1689403,3.797706,3.8358245,3.755717,3.7890282,3.6151962,3.7584603,3.3877456,3.3642418,5.0128293,4.5737967,2.4380317,0.0,2.7234666,2.777735,3.503169,3.4209619,3.337009,3.1827111,3.6805198,3.5268896,3.4179678,3.4704506,3.199533,2.2191992,3.296549,3.2561326,3.6449888,2.5009146,2.8680258,3.978012,3.1803286,3.4533834,3.8615088,3.6808352
106,3.8380404,3.361974,3.377504,3.8597314,2.9814043,3.3284376,3.624755,3.6949337,3.513893,4.369391,4.5366883,4.3075876,4.2384787,3.7743688,3.492186,3.976255,3.595877,3.3736675,3.2491684,3.3505347,3.3566294,3.435364,3.0379276,3.3340561,3.2668073,3.7291818,3.101618,3.1703835,3.3001757,3.369489,3.3149595,3.3170562,3.7722106,3.8503935,4.024416,3.9046326,3.7443032,3.9893517,4.3162885,3.8454041,5.343575,5.3651624,4.316077,3.944074,4.960705,4.9427195,6.5606446,6.4381976,3.6677823,3.6231735,3.3637261,3.956257,4.2625356,3.9084783,3.6577308,3.994412,3.4513052,2.9602332,3.4498837,3.4155302,3.6275554,3.8249936,4.134506,3.528672,2.5840528,2.3256583,3.5488672,3.1632354,2.3583837,1.7859334,2.454057,2.3537416,2.4413395,1.9636705,2.605529,2.696999,1.8400829,1.8710878,2.5197778,3.3282094,3.4298556,2.975764,3.9371223,3.8128755,3.66415,3.6583796,3.6756053,3.6527674,3.8326864,3.7935596,2.8517897,2.7796645,3.592218,3.3230953,3.3015168,3.4368794,2.5099752,2.5321872,2.4284601,2.5913427,2.020848,2.0709672,4.2141433,3.6821783,2.3193228,2.7234666,0.0,1.0136431,2.1457438,2.0952806,2.3218296,2.188059,2.7621534,2.5596733,2.6850407,2.5056086,1.891584,3.187803,2.1998472,2.150897,2.5996475,2.6611829,3.5643003,3.018318,2.0946317,2.4123275,2.023236,1.9541861
107,3.6614242,3.1231956,3.148062,3.6086156,3.264385,3.3155367,3.4336379,3.5271242,3.6615536,4.3862863,4.55747,4.243603,4.112922,3.619489,3.3763866,3.9047136,3.7068114,3.4820814,3.3888872,3.4516284,3.4898787,3.6064773,3.1712976,3.4375072,3.2652464,3.9516711,3.170619,3.1656642,3.3111546,3.4013734,3.3413317,3.3560977,3.7862387,3.8601627,4.0220423,3.9262173,4.133152,4.37035,4.663725,3.822574,5.211961,5.417037,4.36465,3.9967618,4.910188,5.046761,6.2339835,6.112457,3.4910607,3.4768133,3.054394,3.7674484,4.3555827,3.9945579,3.7691557,4.0402145,3.2983725,2.841388,3.4790852,3.43714,3.605856,3.6761582,4.162076,3.5587902,3.0030265,2.7763667,3.2507694,2.861442,2.4709654,1.9951737,2.647517,2.5602758,2.2011824,1.6754059,2.7829928,2.863414,2.162868,2.1671655,2.858276,3.4860384,3.4655418,3.03578,3.8789892,3.726392,3.4903207,3.4382386,3.70663,3.703311,3.8607452,3.6481771,2.6214306,2.8496158,3.6066864,3.328531,3.1708846,3.3454006,2.7487218,2.7749262,2.6532097,2.8273106,2.3251257,2.3182883,4.2954087,3.8058596,2.5874374,2.777735,1.0136431,0.0,1.908049,1.8407154,2.213894,2.109447,2.9462988,2.7105567,2.7987328,2.6451647,2.0450547,3.1569502,2.1737976,2.1185932,2.8194652,2.7388291,3.4699178,3.2031815,2.2906823,2.5875316,1.9091344,1.8894523
108,3.2772162,3.0822797,3.2982562,3.921173,3.3371975,3.3005106,3.689235,3.7110484,3.8004012,4.191251,4.7606125,4.426803,4.442195,3.9672794,3.7241583,3.9679415,3.1788204,3.1264467,3.103496,3.2084687,3.633093,3.7564995,3.3004298,3.1148334,3.4560864,4.223189,2.9422104,3.2869508,3.6878748,3.7389042,3.7002232,3.6922584,4.705672,4.804193,4.513884,4.210487,4.58355,4.492465,5.141785,4.3529897,4.4374957,4.751057,4.6775765,4.361937,3.991693,4.0210466,5.7325873,5.512407,3.370454,3.3793314,3.4341984,3.8156695,4.2292852,4.313376,3.9035838,4.117281,3.1832445,2.5031028,3.452453,3.4159875,3.992366,3.869675,4.319244,3.8213317,2.7228315,2.6510267,2.3462124,2.105766,2.337495,1.5625149,2.0732794,1.9885241,1.3140379,1.9217039,2.2725985,2.3337028,2.4146457,2.2836769,2.3255904,3.094109,3.2150652,2.7758198,3.6209154,3.2011724,4.110352,3.5235393,3.3435924,3.3694253,3.5906286,3.3680077,3.0591474,2.9042652,3.368513,3.2674997,3.1827645,3.3580282,1.7505565,1.7771146,1.6381088,1.8560869,1.2607456,1.1525184,3.4251819,3.2132072,2.752954,3.503169,2.1457438,1.908049,0.0,0.6585291,1.5178016,1.3141725,2.6601202,2.2616804,2.6119075,2.2937655,1.3183507,2.96211,1.2564529,1.2260928,2.0306199,2.379585,3.1403449,2.412458,1.4285111,1.8153565,1.1771023,1.0752931
109,3.386544,3.163658,3.3914037,4.0311503,3.2621875,3.284209,3.7663393,3.8068912,4.021936,4.382538,4.907239,4.618873,4.4738626,4.054804,3.750312,4.2032447,3.392974,3.3481445,3.3020566,3.417061,3.8076453,3.9424455,3.4681199,3.319526,3.4955406,4.2128115,3.0645654,3.377343,3.7377713,3.793335,3.7641964,3.7569466,4.6559668,4.740532,4.4699993,4.121381,4.469289,4.400243,5.0655913,4.2932305,4.4709654,4.881954,4.8087,4.430403,4.212002,4.1761827,5.8798065,5.651828,3.4966328,3.453174,3.4757009,3.8639183,4.263926,4.340115,3.8858235,4.1130214,3.3383071,2.5539558,3.574241,3.524998,3.9778936,3.9829159,4.377519,3.8474722,2.8078156,2.6710782,2.4457107,2.20347,2.3582866,1.6228838,2.100635,2.0372307,1.4341928,1.9038304,2.3698745,2.4470773,2.5329056,2.3918493,2.343528,3.2044756,3.223181,2.596318,3.650924,3.2587695,4.166085,3.516899,3.3684611,3.2456822,3.682623,3.486193,3.1667213,2.9120924,3.5019264,3.4057488,2.8804154,3.109227,1.863213,1.8888336,1.7735742,1.9982251,1.330296,1.2559115,3.4132328,3.15937,2.5425818,3.4209619,2.0952806,1.8407154,0.6585291,0.0,1.57495,1.3732743,2.6985168,2.2707982,2.7049272,2.4407825,1.4463902,3.0856242,1.5913879,1.5497073,2.1357942,2.3689997,3.122103,2.457014,1.5688509,1.8926598,1.3882307,1.2196275
110,2.7170737,2.6502087,2.922699,3.3299391,2.7928882,2.6706705,2.864198,2.9020402,3.1487172,3.3429925,4.008126,3.662445,3.856068,3.2111838,2.997031,3.3145509,3.1255589,3.086824,3.0337846,3.1202466,3.5416567,3.686859,3.2040253,2.9816043,2.7901554,3.3864336,2.8392863,2.795138,2.9095204,2.9525528,2.9475138,2.9201353,4.102527,4.2377925,4.081083,3.503228,4.022922,4.512378,4.797337,4.006484,4.4083242,4.6661806,4.37362,4.0244684,3.6803749,3.8513832,5.5429177,5.423321,2.9149034,2.8917756,2.8976781,3.3595796,4.3264832,4.061121,3.683069,4.0028896,2.9608142,2.2628522,2.9843543,2.9762697,3.4043472,3.2313251,4.158292,3.222708,2.8073735,2.673244,2.3195546,2.0917385,1.9881065,1.724739,1.7543083,1.6188351,1.8530645,2.2799509,1.995807,2.1214044,2.601894,2.3566506,2.0641413,2.6195667,3.5571132,3.196111,3.9439921,3.5835176,4.117624,3.4624534,3.7426581,3.8580704,4.003276,3.6087837,3.217755,3.204323,3.5863934,3.5381227,3.5817192,3.863373,2.666301,2.697765,2.5538335,2.7767782,1.7180855,1.8508642,3.8173172,3.5626404,2.1913867,3.337009,2.3218296,2.213894,1.5178016,1.57495,0.0,0.9295599,2.5543222,2.2491746,2.4415646,2.5070794,1.6191311,2.7308798,1.3900237,1.3499582,2.594449,2.3694956,3.0476182,2.6444287,1.6737596,2.0839963,1.7658716,1.638552
111,3.155315,2.9739497,2.9460347,3.7384148,3.0197592,3.12026,3.3220654,3.364301,3.4210453,3.617722,4.25167,3.9355538,4.053622,3.53066,3.2154272,3.5503657,3.375741,3.3338537,3.2944512,3.3577628,3.7527256,3.8779209,3.4595044,3.2521567,3.0604389,3.7818272,3.0741115,3.0762913,3.2116385,3.2561889,3.228917,3.2059531,4.369255,4.4925456,4.308575,3.762722,4.2228584,4.632231,4.9693317,4.2214713,4.5891075,4.842567,4.588649,4.238596,3.9564111,4.0387974,5.7713118,5.682414,3.3254046,3.302724,3.2283814,3.6313455,4.4368215,4.22729,3.838144,4.17507,3.2666032,2.5718935,3.388114,3.3765912,3.6968718,3.541674,4.410448,3.4979165,2.6771607,2.5986643,2.298148,2.061448,1.9233372,1.5461452,2.1262558,2.0245879,1.7724111,2.2141144,2.3516884,2.440103,2.5452907,2.3556886,2.4365172,3.248664,3.489778,3.1038218,3.9026606,3.519768,4.0808015,3.388842,3.705354,3.781823,3.8973873,3.54126,3.123317,3.0713007,3.4672415,3.4591892,3.4924576,3.793927,2.5105157,2.5373073,2.3560748,2.5994508,1.5719541,1.5751239,3.7300365,3.4611094,2.0610662,3.1827111,2.188059,2.109447,1.3141725,1.3732743,0.9295599,0.0,2.4658585,2.1465235,2.4575243,2.4655142,1.5039756,2.8686602,1.2928319,1.241186,2.5283039,2.1504953,2.850276,2.4824057,1.5526655,1.9673421,1.6773046,1.4691871
112,3.4585056,3.389966,3.435328,4.1088924,2.6657796,2.9144983,3.4530246,3.3191662,3.1579463,3.483612,4.1228085,3.8987849,3.9682868,3.5187318,3.0514927,3.4327137,2.908351,2.7716677,2.6810393,2.8143368,3.40217,3.492349,3.0565944,2.9043398,2.9888403,3.5891507,2.706231,2.8241358,3.3120985,3.3250268,3.3857377,3.3303127,4.641911,4.6960278,4.366972,4.3701544,3.61417,3.8169537,4.6321106,4.285588,4.7178373,4.7246666,4.5965347,4.159294,4.5262527,5.1654067,6.2323556,6.1175213,4.098533,4.0948744,3.376948,4.2699156,4.6399245,4.4218607,3.6037762,4.427551,3.7389684,3.433904,3.769718,3.7418702,4.0254903,4.267744,4.3229547,3.7808661,3.1916943,3.181101,3.7179258,3.6347175,2.3624895,2.071858,2.7952757,2.5726101,3.0561864,3.3874328,2.5906258,2.685738,2.3699288,2.2340202,2.8442652,2.9057631,3.7850535,3.6426818,4.1304917,4.2770343,4.621001,3.737666,4.387628,4.7711086,4.0796065,4.117212,3.385214,3.3484073,3.548271,3.5279415,3.6329794,3.5160487,2.798155,2.8056552,2.5550857,2.6749458,2.3663056,2.4488015,3.4202123,3.1466844,2.7122767,3.6805198,2.7621534,2.9462988,2.6601202,2.6985168,2.5543222,2.4658585,0.0,0.8765966,2.4414916,3.062692,2.0235548,3.2201927,2.3311343,2.334538,3.000272,1.7711014,2.770754,1.76249,2.1977482,2.9564822,2.8046663,2.703398
113,3.5719752,3.4785178,3.5749776,4.1897554,2.906479,3.1270502,3.6351671,3.528264,3.3954837,3.746825,4.3641176,4.129294,4.167507,3.7449872,3.316251,3.6696553,3.0892165,2.983593,2.8886142,3.0334983,3.5659513,3.6591744,3.234089,3.0777063,3.2038167,3.7906768,2.915995,3.061129,3.5300975,3.5433931,3.5852103,3.541647,4.837322,4.898577,4.5546317,4.504241,3.868674,4.025967,4.8461733,4.4723825,4.4780984,4.9091845,4.786764,4.3767743,4.6523204,4.7695184,6.3013816,6.2043424,4.190393,4.1850395,3.5602336,4.384842,4.751277,4.5873523,3.8009253,4.5687165,3.8886821,2.906964,3.9274838,3.901506,4.2059803,4.392464,4.475942,3.9910882,2.800174,2.7985983,3.2795706,3.1762073,2.0889032,1.7273602,2.2580864,2.1170676,2.4860508,2.8752177,2.3570683,2.4393957,2.5692515,2.3981216,2.3843503,3.0247648,3.5591114,3.1685612,3.945119,3.8517056,4.441323,3.718838,4.178085,4.2818494,3.7566743,3.7830484,3.5140395,2.9734132,3.3860292,3.3551023,3.3257284,3.3579438,2.4619308,2.4662473,2.1905766,2.3271294,2.0580363,2.095232,3.1918695,2.9211063,2.6026504,3.5268896,2.5596733,2.7105567,2.2616804,2.2707982,2.2491746,2.1465235,0.8765966,0.0,2.673865,3.1824021,1.7667019,3.0166886,2.0695753,2.0768623,2.468792,1.4945706,2.5470314,1.4698906,1.95789,2.4252603,2.5356607,2.378156
114,2.9357796,2.918482,2.9079251,3.6380415,2.7108521,2.6235154,2.7983928,2.847757,2.7353091,3.144741,3.1524422,2.909829,4.1495285,2.8701234,2.6608312,3.054863,2.790659,2.8343666,2.8241246,2.8685288,3.4129217,3.4843605,2.9449542,2.794681,2.4956353,3.1488154,2.4974358,2.4026382,2.6749017,2.6685603,2.6866724,2.657301,3.6193314,3.7745996,3.2270575,3.065768,3.1755888,4.0467176,3.7707982,3.1777813,4.7282486,4.0957437,3.698604,3.1835036,3.6092317,4.6833434,4.80207,4.6890764,2.831976,2.8191094,2.621268,3.0489337,4.6079063,4.3184695,4.190722,4.3079095,2.4923308,3.327058,2.494785,2.4931533,2.7814863,3.0338626,3.1989584,2.6516023,3.3872135,3.26083,3.7759387,3.5394285,2.2804434,2.156895,2.8317103,2.5563102,2.9396799,3.1924965,2.4034543,2.49541,2.098816,2.0576434,2.8525636,2.5760286,3.5945919,3.525045,3.9221108,4.1129646,4.3174615,3.3947687,3.6561885,4.2682204,4.1513343,4.0628343,2.8615022,3.4509535,3.5951989,3.519732,3.66541,3.498507,2.77763,2.8129528,2.7055929,2.8347118,2.4059024,2.4878268,4.154716,3.8598874,2.5159168,3.4179678,2.6850407,2.7987328,2.6119075,2.7049272,2.4415646,2.4575243,2.4414916,2.673865,0.0,1.9100497,2.1304348,3.1701217,2.3190339,2.293326,2.9718118,2.7355275,3.4874268,2.9179118,1.8801359,2.884111,2.6832058,2.702828
115,3.2232518,3.1769843,3.236427,3.9038198,2.744632,2.7382336,3.1052222,3.1778843,3.179892,3.6498432,4.082799,3.8333845,3.9073036,3.322868,3.094146,3.4229295,2.825613,2.7591941,2.797603,2.874585,3.4019134,3.4838383,2.9007096,2.7220492,2.7622945,3.3454373,2.4025524,2.5247083,2.9952517,3.0418139,2.986228,2.9573538,3.6136096,3.697653,3.1059651,3.0605946,3.440516,3.492548,3.593117,2.9825976,4.7473426,3.8546941,3.440596,2.9678333,3.482837,4.431091,5.4942517,5.3461766,2.7046313,2.6920056,2.981569,2.9662082,3.4315882,3.2384577,3.4364958,3.1030972,2.1696548,3.3670237,2.3471298,2.3049638,2.8569932,3.13299,3.2623045,2.640939,3.3195794,3.1927533,3.7885013,3.5439744,2.539565,2.1022654,2.7748873,2.5232308,2.6162543,2.9870853,2.1585636,2.2226841,1.8260998,1.8285298,2.711599,2.530549,3.403499,3.292783,3.7447772,3.9795163,4.325766,3.4338052,3.052913,3.6610103,3.8272798,3.7281184,2.8811598,3.2227619,3.3484643,3.3278496,3.3287623,3.1946015,2.3600216,2.394592,2.4108188,2.5510044,2.0746682,2.1545966,4.1017447,3.8974066,2.5086882,3.4704506,2.5056086,2.6451647,2.2937655,2.4407825,2.5070794,2.4655142,3.062692,3.1824021,1.9100497,0.0,1.7128059,3.2208006,2.0042846,1.960305,2.7728286,3.1126847,3.9074154,3.167425,1.6096721,2.671735,2.3798845,2.456366
116,3.201994,3.1030555,3.209586,3.8598645,2.703194,2.8025625,3.237108,3.2258928,3.1672866,3.5817652,4.2068567,3.9575884,3.8954895,3.4454966,3.1319785,3.4602797,2.829068,2.684218,2.6472454,2.7774198,3.367604,3.4560316,2.8928394,2.6809573,2.8100846,3.4546711,2.5024693,2.6673717,3.1095095,3.1528955,3.1185045,3.0914543,4.07204,4.161812,3.7957098,3.631956,3.6299489,3.6940012,4.1997905,3.6785932,4.214802,4.2356114,4.0334034,3.6380472,3.8067386,3.9578044,5.8149223,5.6410904,3.2754061,3.2623777,3.1388316,3.5723038,3.8947186,3.698076,3.3984673,3.6492379,2.9536915,2.5283084,3.0695302,3.0366108,3.4483302,3.602808,3.7730775,3.2422097,2.4488678,2.3341146,2.8136055,2.670854,1.6944426,0.91880816,1.6689007,1.472846,1.5553201,2.178517,1.6017154,1.6683121,1.768662,1.5671053,1.7286328,2.5087624,2.9916306,2.5583298,3.481595,3.3038971,4.072904,3.309967,3.1377637,3.2902048,3.298874,3.239576,3.0408897,2.5431151,3.020426,2.9700334,2.8589845,2.93086,1.6426036,1.6676248,1.5425713,1.7402048,1.212967,1.2325002,3.2537696,3.0349512,2.1190653,3.199533,1.891584,2.0450547,1.3183507,1.4463902,1.6191311,1.5039756,2.0235548,1.7667019,2.1304348,1.7128059,0.0,2.7235482,0.97464055,0.94796234,1.7535875,2.0671797,3.0207412,2.0703914,0.73106754,1.6534178,1.5341703,1.4800863
117,2.4111207,2.4399886,2.8397102,3.2480009,2.7559683,2.3936532,2.6666715,2.675558,2.5650897,3.071081,3.7407913,3.2403674,2.8588054,2.877215,2.5322664,2.7068818,2.7051563,2.5630693,2.5119298,2.4870415,3.0018466,3.0834126,2.5509973,2.3937182,2.2335756,2.837009,1.9481952,1.9813992,2.5169928,2.463499,2.4098492,2.4222693,3.828864,3.8965478,3.6023307,3.443952,3.4694512,3.7633317,4.163106,3.5124166,4.0546565,4.285188,3.769984,3.1932783,3.8699973,4.165357,5.1264405,6.0652204,2.5872962,2.6546147,2.3482559,2.5675879,3.367236,3.3739734,3.0963638,3.362032,2.4840665,1.9451796,2.484502,2.4794674,2.9722087,2.8590045,3.3821146,2.7835903,3.5143335,3.545006,3.7270372,3.4470568,2.6968348,2.491432,2.7084844,2.583319,2.9026706,3.186485,2.6320317,2.7029636,3.1314046,3.1002996,3.027754,3.2232382,3.2293313,2.8007133,3.5533748,3.3617897,3.9439614,3.35103,3.3893101,3.5589745,3.5715578,3.482696,2.9515562,2.7322946,3.1186225,3.0154417,3.8734221,3.84785,3.321325,3.3540485,3.1623905,3.2840123,2.9926548,2.988742,4.3051615,4.1546407,2.8923879,2.2191992,3.187803,3.1569502,2.96211,3.0856242,2.7308798,2.8686602,3.2201927,3.0166886,3.1701217,3.2208006,2.7235482,0.0,2.5607235,2.5520325,3.1964605,2.03373,2.3038244,3.4255273,2.7564847,3.1032007,3.260894,3.0852287
118,2.8893065,2.8380847,2.9637656,3.6249995,3.0217814,2.9756236,3.202873,3.2230573,3.1229906,3.5140214,4.1878514,3.8753798,3.9402413,3.5063136,3.0770056,3.3835855,3.1095738,2.9741771,2.9456596,3.0455158,3.5562692,3.6617959,3.1485348,2.919133,2.7500913,3.5238695,2.6602395,2.6937816,2.9742126,3.0258088,2.9760466,2.958569,4.147033,4.2215815,4.1016397,3.6481135,4.0793,4.3332725,4.705105,4.0207834,4.4377513,4.48833,4.3618326,3.8900042,3.698927,4.003748,5.731698,5.661407,3.0505702,3.0681946,3.01413,3.4060585,4.0385175,3.778922,3.5156333,3.7725985,2.9049292,2.506308,3.0537627,3.0365856,3.420549,3.2712862,3.8208659,3.275026,2.6780016,2.660092,2.3835337,2.2379034,1.8485988,1.3430411,1.9004781,1.7329277,1.5912338,2.239229,1.8630084,1.8908674,2.1220472,1.9066727,2.1040413,2.708333,3.4545355,2.9952788,3.8029025,3.5129187,4.2792244,3.6282046,3.5546098,3.6432414,3.8056808,3.5976996,3.1779907,3.0030053,3.5065339,3.4596646,3.4480805,3.5347989,2.0963953,2.1159434,1.9563532,2.1307812,1.5326601,1.5049088,3.5109575,3.3391895,2.528798,3.296549,2.1998472,2.1737976,1.2564529,1.5913879,1.3900237,1.2928319,2.3311343,2.0695753,2.3190339,2.0042846,0.97464055,2.5607235,0.0,0.10571145,2.052454,2.2775044,2.9225783,2.3892562,1.2368423,1.9019747,1.4188108,1.4018118
119,2.884968,2.8235824,2.9468126,3.6174223,3.0055747,2.948341,3.174589,3.2002969,3.1180713,3.5055993,4.1577806,3.8599982,3.9151428,3.4768813,3.0447428,3.3696063,3.1003716,2.9626946,2.9337938,3.0306902,3.562975,3.6709054,3.1323032,2.9088085,2.7336833,3.5114655,2.6406395,2.6672237,2.9525807,3.0078259,2.9551268,2.9383335,4.1104217,4.1846642,4.055481,3.6161268,4.0511713,4.304699,4.672218,3.9761693,4.429732,4.4796324,4.332674,3.8601778,3.7010524,4.00021,5.722169,5.6537285,3.0282102,3.0438712,2.9831848,3.3783846,4.016469,3.754004,3.5000496,3.7451806,2.86644,2.4752285,3.0240977,3.0058715,3.382508,3.246416,3.811234,3.2379994,2.6843204,2.66062,2.4193618,2.2687578,1.8164421,1.2961625,1.8863263,1.7184025,1.5588793,2.2006137,1.8431596,1.8789967,2.0842266,1.8716826,2.0954387,2.7081363,3.4355738,2.97289,3.8013012,3.5078502,4.2492833,3.5966043,3.5310142,3.6181479,3.764563,3.5431309,3.1403167,2.955813,3.4669018,3.4230554,3.3993545,3.4980888,2.0983427,2.1156878,1.9528902,2.1349244,1.5099314,1.4951072,3.4812264,3.2995203,2.4648936,3.2561326,2.150897,2.1185932,1.2260928,1.5497073,1.3499582,1.241186,2.334538,2.0768623,2.293326,1.960305,0.94796234,2.5520325,0.10571145,0.0,2.0555074,2.257278,2.9168978,2.385847,1.2127016,1.9051657,1.4004016,1.3751835
120,4.018043,4.0027676,4.1441545,4.653577,3.7990384,3.9414241,4.292682,4.3028855,3.8689032,4.4743133,5.011657,4.784235,4.9667053,4.4380665,4.1776543,4.4853907,3.547824,3.6050625,3.5542588,3.7116117,4.171792,4.237803,3.8364666,3.6176035,3.7380145,4.2126718,3.4616308,3.5572653,4.016841,4.0396366,3.9995685,3.9683352,4.8848376,4.9602146,4.432276,4.339352,4.1839266,4.3444705,4.636083,4.3579497,4.244643,4.745526,4.596657,4.252362,4.501207,3.6589956,6.172343,5.9995265,4.070877,4.0675516,4.080362,4.315158,4.6968417,4.592198,4.4232936,4.5412216,3.728513,2.33945,3.858205,3.8253453,4.1084776,4.287767,3.8785734,3.9601705,2.354679,2.3582811,3.135744,2.9322846,1.9259691,1.6398846,1.5481914,1.5986481,1.6441821,2.340844,2.1044521,2.1095183,2.889419,2.775668,1.6396258,3.2055507,3.0028667,2.0442915,3.5002868,2.95393,4.3499055,3.9108133,3.0440023,2.5219612,3.0830328,3.2967186,3.9251668,2.5489159,3.3046663,3.2028718,2.9476962,2.9646547,1.2276789,1.196086,1.1822981,1.1964306,1.8323475,1.7694719,3.292254,3.2389958,2.8883464,3.6449888,2.5996475,2.8194652,2.0306199,2.1357942,2.594449,2.5283039,3.000272,2.468792,2.9718118,2.7728286,1.7535875,3.1964605,2.052454,2.0555074,0.0,2.6874537,3.5631557,2.528261,1.5758147,1.4364389,2.4570775,2.3605232
121,3.1279726,2.9763582,3.013599,3.8208687,2.6006725,2.7315552,3.2536082,3.1854482,3.0048254,3.4166124,4.036751,3.7341578,3.4413035,3.2815301,2.8698707,3.1724157,2.6384544,2.6114476,2.5323377,2.5975833,3.2083168,3.3056512,2.7922087,2.6184762,2.749738,3.4226112,2.3311512,2.5163944,3.1290393,3.111549,3.1292667,3.0981646,4.5672016,4.6404915,4.086205,4.076242,3.5124729,3.629415,4.4688025,3.9932752,4.223681,4.640158,4.2639155,3.8532264,4.417842,4.5506315,5.8173094,6.2298636,3.6594439,3.6669834,3.0649276,3.652188,4.0419135,4.08414,3.3475537,4.001332,3.3075073,2.3650486,3.3999808,3.3731523,3.7413185,3.8842232,4.104049,3.4477513,3.0131447,3.0539749,3.5534441,3.282531,2.0929003,1.7901613,2.4686556,2.3364027,2.51998,2.8367524,2.4698572,2.5725634,2.7550771,2.7015147,2.7299356,3.3014174,2.9810958,2.6139696,3.4417353,3.3156571,3.836372,3.034602,3.5558615,3.7537653,3.2038028,3.2121537,2.8192117,2.4436934,2.6621673,2.674238,3.2356277,3.261791,2.6238482,2.636876,2.3296752,2.4974523,2.1986394,2.198247,3.3578575,3.106066,2.1972327,2.5009146,2.6611829,2.7388291,2.379585,2.3689997,2.3694956,2.1504953,1.7711014,1.4945706,2.7355275,3.1126847,2.0671797,2.03373,2.2775044,2.257278,2.6874537,0.0,1.6919241,2.0013332,2.1004033,2.5884416,2.8947732,2.6400135
122,3.0453255,2.8703818,2.887419,3.7186964,3.3308535,3.2515538,3.4724374,3.4345326,3.4305103,3.9976099,4.407096,4.1213174,3.6989863,3.7571573,3.3595576,3.359998,3.4037242,3.3847146,3.3243163,3.3412666,3.840244,3.9486098,3.4545362,3.2637403,2.8902216,3.5755365,2.9890573,2.920645,3.1876783,3.175805,3.199835,3.2237613,4.942202,5.025971,4.7700315,4.3137827,4.302897,4.5869246,5.308729,4.7237177,5.0904098,5.564277,4.914376,4.575302,4.9851756,5.2818823,6.0419235,6.818593,3.8110592,3.8058686,3.2163363,3.6730452,4.4166,4.3684735,3.6372411,4.370287,3.7142386,2.9392223,3.8192692,3.8059447,4.221363,4.101655,4.539661,3.979964,4.246303,4.2685986,3.7717845,3.648381,3.0178618,2.8953931,3.4278862,3.3247776,3.2293186,3.537013,3.068218,3.0609655,3.6227016,3.5089834,3.7264276,4.062823,3.4145515,3.184268,3.4239488,3.534197,4.169522,3.3027835,4.0361547,4.2885675,3.9943767,3.871666,3.2562423,3.5025089,3.5050344,3.5657566,4.1926413,4.1725035,3.6054678,3.6176496,3.3248339,3.4480627,3.2174277,3.183522,3.9244416,3.8168824,3.0974107,2.8680258,3.5643003,3.4699178,3.1403449,3.122103,3.0476182,2.850276,2.770754,2.5470314,3.4874268,3.9074154,3.0207412,2.3038244,2.9225783,2.9168978,3.5631557,1.6919241,0.0,2.5450706,3.1318188,3.5393832,3.5086892,3.328448
123,3.8325026,3.7933338,3.9503462,4.584162,3.2450237,3.4441879,4.0062757,3.91814,3.858161,4.3921747,4.809132,4.664002,4.7134404,4.3125825,3.9527657,3.9781115,3.1295128,3.1620567,3.1238115,3.2867398,3.8926752,3.997498,3.5219095,3.273383,3.6207767,4.101137,3.139025,3.3895822,3.9461975,3.967443,4.0138416,3.9839163,5.4229403,5.48177,4.923955,4.863743,4.340537,4.1382346,5.18533,4.8883467,4.9907436,5.2802415,5.0743914,4.775851,4.9935746,5.026297,6.625472,6.5861006,4.3951774,4.3864784,4.0250506,4.593721,4.778761,4.7854404,4.0461717,4.655648,3.9882445,3.1639562,4.0628552,4.038389,4.678719,4.8604403,4.8506145,4.4127054,3.4045153,3.4342291,3.6803079,3.6175761,2.614045,2.1543167,2.6019218,2.482233,2.6005843,3.1521122,2.1279368,2.1352022,2.8680198,2.7077737,2.6509788,3.2093065,3.6006942,3.3191528,3.6945555,3.9300964,4.7202253,3.877709,4.1142006,4.2809405,3.7313108,3.7258322,3.771542,3.2522523,3.3362677,3.457021,3.4957492,3.5061514,2.3909721,2.3757765,2.0959249,2.215356,2.0689578,2.1503236,2.9905384,2.868379,2.8966813,3.978012,3.018318,3.2031815,2.412458,2.457014,2.6444287,2.4824057,1.76249,1.4698906,2.9179118,3.167425,2.0703914,3.4255273,2.3892562,2.385847,2.528261,2.0013332,2.5450706,0.0,2.104358,2.633605,2.795629,2.6884704
124,3.2453525,3.2155282,3.2845397,3.9582384,2.6541214,2.8488724,3.275824,3.286226,3.1256583,3.5438278,4.179619,3.853017,4.0629025,3.4320462,3.1522205,3.4837139,2.7387202,2.7706993,2.75768,2.8878598,3.3394217,3.4305992,3.02334,2.7669296,2.8622591,3.4499414,2.5474386,2.675477,3.1716032,3.188486,3.174009,3.1263447,4.177512,4.271154,3.656046,3.537681,3.5055144,3.7084236,4.0370827,3.5611966,4.166559,4.10655,3.9171796,3.488557,3.7297692,3.8197682,5.624952,5.4614005,3.2145429,3.205793,3.2021844,3.4705584,4.0151176,3.875295,3.65933,3.7641017,2.836379,2.4490108,2.9303298,2.902305,3.3451805,3.5427704,3.625717,3.111822,2.2357545,2.171021,2.8790562,2.595943,1.5141622,1.0014656,1.5749413,1.3701787,1.5709573,2.2142158,1.535239,1.6195832,2.0242062,1.8975351,1.6541299,2.474401,2.98584,2.512002,3.3786895,3.2909145,4.056955,3.2497926,2.9967318,3.1439767,3.312179,3.2682514,3.0635455,2.539927,2.921903,2.9062097,2.81622,2.8668883,1.4310538,1.4723734,1.3721129,1.5791728,1.0420543,1.0588036,3.4726505,3.2789586,1.9739892,3.1803286,2.0946317,2.2906823,1.4285111,1.5688509,1.6737596,1.5526655,2.1977482,1.95789,1.8801359,1.6096721,0.73106754,2.7564847,1.2368423,1.2127016,1.5758147,2.1004033,3.1318188,2.104358,0.0,1.3351033,1.8837023,1.7903575
125,4.031512,3.9811504,4.054155,4.568921,3.2642853,3.6558018,3.983773,4.0017533,3.8224077,4.210084,5.004778,4.4945164,4.688254,4.1140575,3.9072282,4.2041097,3.57273,3.6217427,3.5996208,3.7188547,3.7122972,3.7919729,3.8157594,3.6164107,3.6737752,4.109318,3.4675658,3.5370216,3.915228,3.917026,3.9018,3.8513384,4.707724,4.789036,4.292817,4.194257,4.1006846,4.3301396,4.560071,4.177105,4.1999307,4.674944,4.483551,4.0901937,4.380732,3.5975394,6.0746403,5.9135385,3.914998,3.9120324,3.9325032,4.1762314,4.6451626,4.4768357,4.303714,4.391918,3.6895027,2.3497112,3.7370124,3.7170632,4.0661745,4.217591,4.282005,3.8894858,1.5349581,1.5168114,2.4988782,2.161007,1.8423291,1.5581057,1.4582253,1.508647,1.524242,2.138493,2.1478841,2.1805809,2.8834484,2.7761834,1.7448754,3.271047,3.254151,2.43751,3.4434283,3.233546,4.230382,3.6782448,3.2438354,2.8023822,3.5188107,3.503223,3.793808,2.51463,3.2388966,3.1632142,2.89674,3.159532,1.7077708,1.7721287,1.7702314,1.9224399,1.6447936,1.4928697,4.1734633,4.023866,2.4288616,3.4533834,2.4123275,2.5875316,1.8153565,1.8926598,2.0839963,1.9673421,2.9564822,2.4252603,2.884111,2.671735,1.6534178,3.1032007,1.9019747,1.9051657,1.4364389,2.5884416,3.5393832,2.633605,1.3351033,0.0,2.2730103,2.1066885
126,3.3874161,3.2024755,3.507446,4.0530663,3.4279225,3.436231,3.7792394,3.7914183,3.870385,4.262544,4.851584,4.5348635,4.6438766,4.1368546,3.8730087,4.11771,3.5479982,3.2874534,3.2335098,3.3149984,3.715653,3.8170373,3.4338322,3.2920368,3.5280406,4.222379,3.146374,3.4345975,3.6073346,3.6844487,3.6169827,3.629056,4.339848,4.445425,4.679876,4.2414546,4.662466,4.668803,5.211869,4.496541,4.695902,4.816444,4.8435216,4.5090413,3.959726,4.153549,5.8474236,5.5417356,3.4074185,3.3946016,3.4567547,4.0190096,4.415242,4.290532,3.9218795,4.2529407,3.3707957,2.999365,3.5758135,3.5443935,4.048554,3.906824,4.4185915,3.9573967,2.8542686,2.697732,2.3056743,2.4872715,2.6644807,1.7382066,2.4064336,2.2979524,2.036813,2.52924,2.5492938,2.5915835,1.9471717,1.7474402,2.6107447,3.206148,3.548305,3.223958,3.915913,3.607651,4.583761,3.9540298,3.7279098,3.8020377,4.052805,3.8715682,3.4163442,3.2207663,3.9044392,3.7172515,3.6295574,3.76072,2.221245,2.2459242,2.1866438,2.3456626,1.7864237,1.7454561,3.7300503,3.5430093,3.043264,3.8615088,2.023236,1.9091344,1.1771023,1.3882307,1.7658716,1.6773046,2.8046663,2.5356607,2.6832058,2.3798845,1.5341703,3.260894,1.4188108,1.4004016,2.4570775,2.8947732,3.5086892,2.795629,1.8837023,2.2730103,0.0,0.43083325
127,3.3872323,3.2132986,3.513091,4.1174903,3.3098354,3.383539,3.795,3.8051188,3.855795,4.19758,4.848367,4.52322,4.567753,4.115815,3.805034,4.1161385,3.5047348,3.2606518,3.1977684,3.276578,3.6815102,3.785636,3.4280982,3.270693,3.510309,4.193649,3.0851386,3.3977923,3.6064148,3.6742537,3.608658,3.6141877,4.3733644,4.469957,4.6570845,4.2386622,4.559759,4.5575514,5.1555443,4.4726834,4.525859,4.7525163,4.857411,4.486274,3.9610095,4.006457,5.847924,5.623886,3.447915,3.4269779,3.4602954,4.014312,4.357689,4.2868257,3.8572836,4.225479,3.3958516,2.8101196,3.587644,3.5547066,4.027687,3.9204693,4.4465637,3.925675,2.6293845,2.4945803,2.2511656,2.4062955,2.5220609,1.5339731,2.2604225,2.170478,1.9460164,2.466718,2.537082,2.6009748,1.9879748,1.8092319,2.5180073,3.2702043,3.4682822,3.0466208,3.8820276,3.5124433,4.549651,3.8961537,3.6787543,3.660121,3.9278998,3.7601297,3.403283,3.005348,3.7705214,3.5949612,3.4835215,3.660303,2.136206,2.1601093,2.0740569,2.2553332,1.6183057,1.5666698,3.6316526,3.4391246,2.8327842,3.6808352,1.9541861,1.8894523,1.0752931,1.2196275,1.638552,1.4691871,2.703398,2.378156,2.702828,2.456366,1.4800863,3.0852287,1.4018118,1.3751835,2.3605232,2.6400135,3.328448,2.6884704,1.7903575,2.1066885,0.43083325,0.0
