,0,1,2,3,4,5,6,7,8,9,10,11,12,13,14,15,16,17,18,19,20,21,22,23,24,25,26,27,28,29,30,31,32,33,34,35,36,37,38,39,40,41,42,43,44,45,46,47,48,49,50,51,52,53,54,55,56,57,58,59,60,61,62,63,64,65,66,67,68,69,70,71,72,73,74,75,76,77,78,79,80,81,82,83,84,85,86,87,88,89,90,91,92,93,94,95,96,97,98,99,100,101,102,103,104,105,106,107,108,109,110,111,112,113,114,115,116,117,118,119,120,121,122,123,124,125,126,127
0,0.0,0.6436899,2.4721944,2.683122,2.8702517,2.9146047,2.5906007,2.6014705,2.295346,2.561347,2.7441921,3.3116713,2.8660085,2.856364,2.7614949,2.9961815,2.3979664,2.1439364,2.9213986,2.24289,4.156191,3.442644,4.268586,4.269315,2.3049216,2.8720827,2.5554988,2.3544517,2.510673,2.3208926,2.5098042,2.3641706,2.9972208,2.6410747,3.5414505,3.4781184,3.5068307,3.504818,3.5033364,3.5248492,2.3208466,3.490584,2.6189964,2.628926,2.533329,3.3560035,3.497984,3.6111262,3.5361154,3.6065845,3.515665,3.4354076,3.5434396,3.4780507,3.4677587,3.4677587,3.5014951,3.5313632,3.5196502,3.5309541,3.5385199,3.4995313,3.5228362,2.2223,1.574505,2.0308714,2.486329,2.615999,2.1730509,2.131163,2.9226167,1.9874977,2.4125202,2.3177292,2.0743897,1.8940449,3.5487707,3.0234303,1.804934,2.6132672,2.605113,2.6932213,2.1560113,3.5792155,2.443669,2.281918,2.072369,2.0296955,3.5517282,3.1341407,2.7563,2.125002,2.7037165,2.7419643,2.993105,1.9186468,3.5620406,3.249076,3.5875885,3.5990684,3.5846672,3.3330758,3.1103225,3.2554965,3.036572,3.260761,3.652736,3.2826061,3.629272,2.301513,3.3160107,3.281114,2.5141141,2.3913803,2.7691782,2.385694,2.3398893,2.370024,2.6276803,2.5574093,1.9800676,2.3091958,2.2244325,1.7414066,2.3702254,2.343906,2.450811,2.5446475
1,0.6436899,0.0,2.476673,2.7588975,2.8528914,2.8842633,2.6441946,2.6091552,2.3879483,2.710348,2.7207935,3.308896,2.8364713,2.8264816,2.7340763,2.9573233,2.3525648,2.1073298,2.902635,2.1679385,4.139736,3.4223158,4.244315,4.2442765,2.2602236,2.8338432,2.5133958,2.289497,2.455057,2.2745833,2.4788733,2.3194244,2.790098,2.4430032,3.3755474,3.315941,3.358748,3.3568106,3.3362138,3.3543272,2.1869686,3.3172266,2.3754182,2.3923953,2.3887088,3.209033,3.396706,3.4425755,3.3667672,3.463043,3.3881218,3.3339887,3.4230077,3.3569543,3.478645,3.478645,3.3617282,3.38961,3.3707294,3.3934019,3.4132352,3.3620968,3.375427,1.9839704,1.5552784,1.9875745,2.4854636,2.7373183,2.196878,2.1265378,2.8642392,1.9358225,2.4193742,2.209126,2.0356212,1.8035774,3.3760307,3.0040257,1.7896043,2.631858,2.7558713,2.8542686,2.3387485,3.6807086,2.5974088,2.437917,2.2722774,2.2225962,3.507377,3.11369,2.701197,2.0437508,2.667907,2.7167566,2.9603097,1.8538127,3.507074,3.1642642,3.5222504,3.6123056,3.5901802,3.3487885,3.0954275,3.240905,2.998496,3.2211747,3.6194062,3.2496102,3.6298325,2.2628288,3.2798057,3.2504187,2.5337048,2.3682463,2.7383814,2.5376601,2.384635,2.3891041,2.6630352,2.4501681,1.9431729,2.2721078,2.1932259,1.6885037,2.3580744,2.313481,2.4771433,2.5816777
2,2.4721944,2.476673,0.0,1.0997007,2.2095556,2.1888201,2.3625305,2.7533066,2.4313762,1.8240372,1.794648,1.9680291,2.0061736,1.9484965,2.0434413,2.2175994,3.0555148,2.8792396,2.5169172,2.6450958,4.0652246,2.6855206,4.121309,4.1097255,1.972908,1.9809464,2.5887098,2.6577501,2.1056898,1.9368942,2.1143444,1.9801937,2.4572184,1.9777004,2.4359813,2.459779,2.4225593,2.4283533,2.437877,2.4419873,2.7890887,2.3336234,2.071679,1.9793038,1.9248247,2.1175394,2.4010763,2.509643,2.2177956,2.315208,2.1843688,2.1284418,2.249567,2.2080662,2.3927548,2.3927548,2.1554825,2.1815834,2.2096462,2.1838808,2.267549,2.2004912,2.2448883,2.5085533,2.3171754,1.7334487,2.3924024,3.070862,1.8615205,1.8074671,3.088595,2.0870268,2.2090037,2.9655178,0.9844007,1.2792834,2.8127155,2.141579,2.390634,1.4125199,2.4685063,2.5369282,2.6504507,3.250349,2.7848356,2.6372883,2.7004132,2.6751013,3.1914287,3.3128152,3.1427963,2.8210964,2.5977232,2.657111,2.8193667,2.4536514,4.500902,4.261292,4.531716,4.316673,3.5725424,4.002776,3.096455,3.1855469,3.6088886,3.1957226,3.4579139,3.1880028,3.591271,1.9877915,3.256676,3.2080834,1.7444583,1.9158311,2.4754846,1.7527937,1.44129,1.4179438,1.9281185,2.1407998,1.8847711,1.882028,1.817574,2.2916336,1.660234,1.606293,2.0858378,2.1056285
3,2.683122,2.7588975,1.0997007,0.0,2.5228205,2.4366925,2.5691962,2.9582713,2.627846,2.122283,2.1063154,2.3472054,2.30814,2.1326926,2.194766,2.3669248,2.9447384,3.139115,2.7436485,2.8610764,4.1826816,2.894108,4.259104,4.25615,2.2561378,2.2377074,2.8665202,2.8777094,2.3787587,2.2176583,1.9215667,2.2989032,2.85498,2.4086847,2.7989328,2.8000934,2.776379,2.7774937,2.7993362,2.8114388,3.0933106,2.704503,2.512398,2.4313605,2.3350532,2.5127993,2.734967,2.8748574,2.607792,2.352916,2.5501242,2.4677935,2.5743659,2.5428224,2.603536,2.603536,2.53519,2.5567071,2.5825803,2.56454,2.6157143,2.5639997,2.6090767,2.8775592,2.323876,2.2127001,2.6408594,3.2511537,1.8408797,2.1768022,3.358372,2.4649177,2.354495,3.2287304,1.5756086,1.8238839,3.1987128,2.4257052,2.6330514,1.7726935,2.62242,2.6306517,2.8098361,3.3282077,2.9785683,2.8575342,2.9172997,2.8926709,3.464854,3.228133,3.434555,3.1549683,2.8733115,2.9512398,3.0798085,2.7878125,4.501138,4.46984,4.6358633,4.248788,3.8353221,4.2223606,3.312854,3.3934247,3.80505,3.4555016,3.7255545,3.435859,3.742796,2.3890545,3.470683,3.3743637,1.9780358,2.2802846,2.7770472,2.0166647,1.7259182,1.8177071,2.1959367,2.5729814,2.173496,2.2006583,2.1695738,2.6686726,2.050739,2.017246,2.3142784,2.3412843
4,2.8702517,2.8528914,2.2095556,2.5228205,0.0,0.38432074,0.79510164,1.5313232,2.1164334,1.8699042,1.7277071,2.4590921,1.5253882,1.7276274,1.6444491,1.7757957,2.5228014,2.2121007,2.2326667,1.7934291,3.2558084,2.2015865,3.363834,3.3761184,1.2021836,1.4182825,2.779105,2.604883,1.114127,1.0339432,1.6677213,1.0744863,2.1597283,1.637322,2.0123222,2.0285401,2.041233,2.0306811,2.065165,2.0828803,1.879932,2.0288796,1.6748203,1.5700004,1.5233278,1.9701658,2.0292034,2.151641,2.1440609,2.2747202,2.0685725,1.9947681,2.1407561,2.073652,1.9617088,1.9617088,2.1443255,2.153317,2.1625946,2.1573415,2.152789,2.1502335,2.134521,2.1340685,1.980743,1.371529,1.7909139,2.476853,1.5238339,1.3454931,2.1692245,2.084041,2.454644,2.4999375,2.0005946,1.8572239,2.2359567,2.401559,2.682464,2.5113869,1.6714058,1.7036272,2.0769765,2.3063934,2.1854367,2.132128,2.096007,1.9975804,2.2708068,2.4964137,2.090039,2.5390348,1.3713324,1.2880481,1.5961229,1.6318296,3.940583,3.719942,3.8135037,4.1337023,3.3048358,3.7592258,3.3253176,3.4387531,3.3132243,2.9539359,3.2832496,3.0036647,3.6165528,1.409016,3.1137624,3.0647714,1.6511662,1.3707502,1.3753476,1.6492687,1.66596,1.6716,2.0436735,2.2659228,1.851778,1.6420527,1.5764825,1.9550653,1.6215541,1.5347126,1.9119353,2.0200849
5,2.9146047,2.8842633,2.1888201,2.4366925,0.38432074,0.0,0.84841603,1.7145005,2.0595086,1.8150517,1.6321262,2.4184012,1.3894095,1.5735831,1.5505313,1.6628934,2.5702715,2.354219,2.3077147,1.9215587,3.3139904,2.2150712,3.4675329,3.4829574,1.1712307,1.3310298,2.848024,2.6008637,1.0720296,0.99650645,1.5945058,1.0654718,2.156859,1.6054327,1.8915002,1.8983015,1.9287933,1.9177505,1.9537956,1.9690081,1.932031,1.9044925,1.6421294,1.5302913,1.5105934,1.8834499,1.9135717,2.0325966,2.0511456,2.1235733,1.9759986,1.9011598,2.0502403,1.9833229,1.8865281,1.8865281,2.0556383,2.0616934,2.0754423,2.06628,2.0606658,2.0579834,2.0461915,2.1861212,2.0326557,1.4862669,1.6694981,2.49728,1.4534557,1.3386188,2.1234705,2.08487,2.5598946,2.5326371,1.9687858,1.8323276,2.1899362,2.1828613,2.6504016,2.3984168,1.7255087,1.7401245,2.1667066,2.3458426,2.341589,2.2672265,2.2882926,2.1887956,2.2257063,2.3604634,2.1620426,2.6019182,1.5068742,1.4234838,1.6451976,1.7270039,3.985389,3.7613845,3.8726807,4.213365,3.3603034,3.8831174,3.3465786,3.4759164,3.3969686,2.965764,3.3186607,2.9985611,3.696234,1.3811204,3.046379,2.9851835,1.6954508,1.3986586,1.4936235,1.7035892,1.7137812,1.7235876,2.148115,2.327161,1.8085101,1.5038444,1.5139208,1.9629453,1.6684788,1.5829437,2.0447319,2.1449666
6,2.5906007,2.6441946,2.3625305,2.5691962,0.79510164,0.84841603,0.0,1.185735,2.1856637,1.8482753,1.8583205,2.7607758,1.9475621,2.076074,2.0231113,2.1861331,2.1885688,1.8785132,2.3751547,1.6805195,3.6186907,2.6204257,3.7554042,3.763532,1.3833684,1.8725637,2.9073899,2.687628,1.3957282,1.2775098,1.7896596,1.3328972,2.318526,1.8679006,2.580185,2.5792992,2.5903416,2.5843465,2.6197896,2.6319885,1.5955544,2.601733,1.8842779,1.8475475,1.7296154,2.4663837,2.5454252,2.6858609,2.6953132,2.7731707,2.614148,2.528246,2.7042432,2.6218655,2.4358604,2.4358604,2.6913087,2.7033997,2.7149148,2.7012846,2.6800065,2.6950705,2.6898897,1.9439361,1.630085,1.5522289,1.7654749,2.2486901,1.5622511,1.4538333,2.3150446,2.205314,2.636251,2.4489384,2.091146,1.981288,2.6245546,2.613436,2.3726056,2.5838509,1.7481802,1.699073,1.7648455,2.7440917,1.9543189,1.9186308,1.741987,1.6375955,2.6727822,2.5001354,2.1618075,2.4911032,1.0221717,0.8727596,1.1990411,1.2996734,3.7363813,3.5185661,3.6271582,3.9922268,3.3583937,3.5791235,3.3547509,3.4981937,3.1916559,3.015998,3.346786,3.0401404,3.7514005,1.5667689,3.1182728,3.0693054,1.8773018,1.6484686,1.6741738,1.7895108,1.8463817,1.8747805,2.258222,2.4657319,1.9768873,1.6907276,1.7190237,1.6247975,1.8863702,1.8196273,2.2031372,2.3053963
7,2.6014705,2.6091552,2.7533066,2.9582713,1.5313232,1.7145005,1.185735,0.0,2.6270285,2.4428709,2.354039,3.3255486,2.632069,2.7220705,2.6006107,2.7975204,2.0892696,1.8139378,2.722033,1.7809579,4.0385537,3.245485,3.966688,3.9683068,1.8880448,2.507705,2.8717973,2.9302933,1.9715813,1.8354282,2.0106766,1.9164313,2.5805314,2.1931405,3.1580734,3.1717086,3.1776202,3.166414,3.1870406,3.2060256,1.5502746,3.1523294,2.176057,2.1655674,2.100607,2.992743,3.1739259,3.2654722,3.2175262,3.2816646,3.1684794,3.0849597,3.2511435,3.1787484,3.0504413,3.0504413,3.2376084,3.2504632,3.2546785,3.2507467,3.2387018,3.2444742,3.2342844,1.846477,1.5818532,1.7304947,2.7049851,2.880925,1.981765,1.9750358,2.7604713,2.5495539,2.9254339,2.6262577,2.555046,2.4395342,3.2112038,3.507882,2.7778997,3.3277514,2.0519438,1.9652386,1.6745859,3.199772,1.537678,1.5399048,1.3776257,1.283837,3.135925,2.7599304,2.140598,2.3455076,0.98676807,0.9513577,1.215152,1.2327563,3.6206653,3.4628997,3.5477016,3.8402987,3.5472026,3.4388773,3.5958927,3.6807325,3.131599,3.20026,3.6208491,3.3159504,3.892043,2.0453022,3.6718986,3.64305,2.2200108,2.0922737,1.8958333,2.326514,2.2712648,2.3315828,2.6121397,2.8198848,2.459081,2.2062986,2.195288,1.6889453,2.307033,2.2634041,2.4822211,2.5937097
8,2.295346,2.3879483,2.4313762,2.627846,2.1164334,2.0595086,2.1856637,2.6270285,0.0,1.4426067,1.4747902,2.3209736,1.2764641,1.2945567,1.2524029,1.4139451,2.7383506,2.5595784,2.4130306,2.1974921,3.0833402,2.1560855,3.1917913,3.2203176,1.2669322,1.4746192,2.1781356,1.8225304,1.4215304,1.316611,1.7141875,1.4405518,2.4061437,1.8148043,2.0183673,1.9236988,1.9889289,1.9714279,2.0200527,2.0366354,2.031677,2.0095203,1.8566837,1.8212755,1.729953,1.9826615,1.8722153,2.0869596,2.1883388,2.2666578,2.0892422,1.9741035,2.1327915,2.085458,1.7667562,1.7667562,2.1707902,2.1872494,2.1902044,2.1542075,2.135185,2.1475923,2.1769607,2.4272428,2.1928606,1.5850978,1.9808913,2.9016726,1.3668361,1.2885742,2.0655162,1.0888349,2.567321,2.9395154,2.1563513,2.0727932,2.534002,2.4816294,2.9276268,2.6038582,1.2185994,1.444021,1.8178942,2.3751628,2.1807375,1.9562719,2.2944505,2.2307968,2.0785823,2.3252575,2.090518,2.579664,2.7246304,2.6912222,2.7232935,1.9954727,4.0622926,3.8883529,3.9072943,3.8695962,3.2863095,3.7963576,3.344632,3.435318,3.2534237,2.748719,3.138537,2.83122,3.4677382,1.1249423,3.0222123,2.9612324,1.8328546,1.5434253,1.4639697,1.6092799,1.8031352,1.8523202,2.0387814,1.8252742,1.0924354,1.3152831,1.3139141,2.0975518,1.8273522,1.7781793,1.9593697,2.071212
9,2.561347,2.710348,1.8240372,2.122283,1.8699042,1.8150517,1.8482753,2.4428709,1.4426067,0.0,0.8886703,1.8981881,1.5436668,1.6223778,1.6134063,1.8060161,2.8858159,2.6336277,2.590814,2.4047554,3.352176,2.3779953,3.4602883,3.467613,1.4322263,1.5640303,2.6239448,2.3735585,1.584226,1.4672625,1.920204,1.5413495,2.5927484,2.0503807,2.26438,2.2594755,2.2871463,2.2761967,2.335938,2.33406,2.2205014,2.2625897,2.0859237,2.049385,1.9703225,2.2165282,2.126562,2.3605494,2.4397635,2.565716,2.3261638,2.2211003,2.418386,2.36405,2.0794601,2.0794601,2.4107454,2.4274023,2.4634717,2.3949597,2.4182603,2.4327435,2.4638805,2.6028461,2.1685598,1.4980655,1.8883765,2.653267,1.3502897,1.1609012,2.130427,1.512866,2.577235,3.3567588,1.6310977,1.8889728,2.707429,2.3303835,2.7574363,2.0708902,1.6099368,1.7084241,1.9674135,2.9246242,2.3162138,2.080823,2.2732604,2.2339084,2.2902565,2.4319675,2.2651706,2.6034048,2.4526615,2.3518896,2.4150758,2.0120947,4.458219,4.2584543,4.353587,4.124181,3.3935125,3.8678772,3.3566413,3.46414,3.4536748,2.9563344,3.2553465,2.9583385,3.6439385,1.3979251,3.098039,3.0562274,1.9229136,1.5167191,1.6793925,1.5962363,1.7671148,1.7883625,1.6440976,1.7812768,1.4289544,1.3594085,1.4722816,2.040427,1.8933659,1.8416513,2.168098,2.254714
10,2.7441921,2.7207935,1.794648,2.1063154,1.7277071,1.6321262,1.8583205,2.354039,1.4747902,0.8886703,0.0,1.6637073,1.2826555,1.3688581,1.3600667,1.5774956,2.6907287,2.5373528,2.3753233,2.198586,3.2479076,2.180767,3.3070295,3.316242,1.2884252,1.3349952,2.476241,2.2427711,1.3808837,1.2701392,1.6159307,1.3708724,2.0941408,1.5833572,1.7879753,1.7686795,1.7997115,1.7847717,1.8259249,1.8263028,1.9702411,1.7649572,1.5769824,1.5147116,1.5752392,1.7478505,1.7227136,1.8608744,1.9565237,2.0697458,1.8942351,1.8270203,2.0086691,1.9564587,1.86612,1.86612,1.9710546,1.9781328,2.0034943,1.9562182,1.9755983,1.978371,2.0052762,2.2884004,2.1395733,1.4161273,1.9935566,3.0071619,1.2468415,1.1470248,2.0617983,1.4708599,2.5937507,3.2756155,1.5926698,1.8072067,2.2866366,2.367117,2.879052,2.1979382,1.6444002,1.7176067,2.0643423,2.9612756,2.3111067,2.1032212,2.419914,2.3768578,2.097269,2.3656332,2.0939515,2.5269494,2.3371165,2.2345638,2.2153316,1.9096775,4.3554254,4.1950283,4.2280197,4.074676,3.3491838,3.8903549,3.330445,3.4008007,3.346921,2.7790625,3.069883,2.8214583,3.559405,1.1425449,3.0161517,2.965258,1.7920774,1.3616776,1.4657774,1.7455785,1.7586869,1.7715406,1.6656324,1.5360255,1.337888,1.036422,1.2012964,1.9574972,1.7770566,1.7041283,2.1112902,2.2128124
11,3.3116713,3.308896,1.9680291,2.3472054,2.4590921,2.4184012,2.7607758,3.3255486,2.3209736,1.8981881,1.6637073,0.0,1.8679407,1.9554236,2.0253332,2.052122,3.2042582,3.0282822,2.417986,2.6153767,2.9508502,1.7326236,3.0142174,2.9866328,2.3108199,1.9420835,3.150657,2.964173,2.2967997,2.2004352,2.4502466,2.31307,2.8701344,2.4432926,2.021093,1.9856366,2.0340328,2.0480902,2.0752459,2.0713263,3.1640885,2.0398464,2.4726138,2.3639402,2.4156742,2.1179671,1.9536393,2.104597,2.1930385,2.3796895,2.116636,2.0973282,2.239065,2.2060945,2.289315,2.289315,2.0903652,2.1187193,2.1627357,2.1029994,2.1998253,2.153422,2.1813905,3.2562392,3.0963404,2.19813,2.710494,3.7330122,2.2438169,2.2122974,2.6374893,2.3495936,2.8553174,3.7148595,1.9080527,2.1071367,1.9557396,2.4057336,3.5114253,2.4234648,2.4024053,2.52512,2.9620733,3.1277394,3.1726341,3.0009193,3.3348944,3.2912219,2.4111514,3.485008,2.8715894,2.9872127,3.303351,3.2191558,3.2770326,3.0587702,5.005616,4.795332,4.888366,4.829224,3.8644187,4.6284347,3.5603046,3.6681042,4.050284,3.3485997,3.1148317,3.3236098,3.844183,2.0611503,3.4013743,3.3634906,2.5802503,2.2707639,2.500142,2.4484308,2.4023142,2.4074907,2.2783022,1.7880428,2.1409762,1.9665006,2.1309078,2.971927,2.4581442,2.3955574,2.6926517,2.7722394
12,2.8660085,2.8364713,2.0061736,2.30814,1.5253882,1.3894095,1.9475621,2.632069,1.2764641,1.5436668,1.2826555,1.8679407,0.0,0.45691222,0.5622611,0.6355192,3.0605993,2.8663466,2.282961,2.3544583,2.9545867,1.7551682,3.1124325,3.1337414,1.101754,0.76500535,2.425649,2.1162658,1.0727919,1.016537,1.6109118,1.1388388,2.0889072,1.4351945,1.0623626,0.988454,1.0188916,1.0055717,1.0661014,1.080042,2.3125281,1.0226802,1.51281,1.3841951,1.3883065,1.11708,0.9176917,1.1433091,1.263468,1.4207592,1.1507777,1.0548327,1.2493641,1.2068778,1.1292244,1.1292244,1.2352214,1.24696,1.2659471,1.2202681,1.2248529,1.2192737,1.2481302,2.5009737,2.4776418,1.5152082,1.7900412,2.9925668,1.3980168,1.2355559,2.062991,1.5270212,2.3451858,2.7622888,1.8117651,1.6976243,2.0454872,1.828721,2.952121,2.182039,1.4923308,1.6588122,2.3150024,2.0389023,2.5583575,2.3848825,2.7271934,2.6601074,1.8061067,2.4109716,2.2963326,2.7245216,2.5414417,2.4993114,2.5503654,2.2486718,4.227245,4.040096,4.0723953,4.2185984,3.2285838,4.0262246,3.2046175,3.289414,3.4277363,2.7106678,3.089741,2.766069,3.386405,1.0014937,2.8487058,2.786378,1.5399895,1.2291259,1.4532993,1.4677234,1.5201014,1.5308477,1.8983966,1.9110976,1.264511,1.204098,1.0953805,2.3265345,1.4434566,1.3713347,1.76479,1.84336
13,2.856364,2.8264816,1.9484965,2.1326926,1.7276274,1.5735831,2.076074,2.7220705,1.2945567,1.6223778,1.3688581,1.9554236,0.45691222,0.0,0.6010138,0.5470802,3.0328093,2.9238594,2.2872133,2.431711,3.1729953,1.8109331,3.3058655,3.3249683,1.1481134,0.89153105,2.3775067,2.1249332,1.1841859,1.1266879,1.5311805,1.2873032,2.1179702,1.4018786,1.176897,1.1233582,1.1311737,1.128172,1.1827894,1.1780148,2.378693,1.1072671,1.5049876,1.4073801,1.3732982,1.0527747,0.9961014,1.2067944,1.2222631,1.2523793,1.0975523,0.99406725,1.2422562,1.1930599,1.1354576,1.1354576,1.199577,1.2159659,1.2425483,1.1686137,1.1893871,1.1977466,1.2384342,2.5036378,2.4748814,1.6306373,1.9319986,3.0955963,1.3803468,1.3588837,2.358903,1.5848631,2.39313,2.7750258,1.8752378,1.7804749,2.1597574,1.9102292,2.9746072,2.1919675,1.5635632,1.7072713,2.3325841,2.119912,2.5711756,2.4045546,2.7642913,2.7062223,2.0986104,2.5281117,2.5499418,2.9113102,2.6430223,2.643053,2.6591117,2.345482,4.2393947,4.0999494,4.1220126,4.200763,3.2973633,4.0764203,3.2520804,3.3408902,3.4934611,2.7739844,3.131465,2.8236022,3.4467955,1.1637537,2.937249,2.8677704,1.4492481,1.3901124,1.6015438,1.436519,1.4014769,1.4432552,2.0024934,1.984257,1.3222413,1.3054143,1.1929865,2.4051743,1.4395049,1.380507,1.809236,1.861415
14,2.7614949,2.7340763,2.0434413,2.194766,1.6444491,1.5505313,2.0231113,2.6006107,1.2524029,1.6134063,1.3600667,2.0253332,0.5622611,0.6010138,0.0,0.5185254,2.9574897,2.846351,2.3058748,2.3448179,2.8150418,1.8486702,2.9574344,2.9838307,1.106006,0.90407586,2.299783,1.9863368,1.1426121,1.0604775,1.4483839,1.1886728,2.1194692,1.4845883,1.2744629,1.2110192,1.221556,1.2047963,1.2527182,1.2723936,2.264117,1.2383864,1.5447507,1.4454805,1.4370661,1.2978601,1.1421877,1.332321,1.4456519,1.455216,1.3562199,1.2583121,1.4176861,1.381046,1.2980229,1.2980229,1.4304017,1.4418544,1.4488783,1.4193836,1.404661,1.4077501,1.4324315,2.4582608,2.3005962,1.489255,1.8588854,3.0113273,1.2581029,1.2289143,2.0811028,1.4490211,2.0178328,2.758803,1.8150126,1.7170169,2.3182755,2.090543,2.908365,2.2282283,1.4024487,1.5730585,2.1804445,2.0410979,2.4372132,2.277053,2.6255102,2.5714731,1.9109402,2.2927902,2.2668433,2.6738951,2.5435221,2.5291722,2.5774462,2.2229524,4.090399,4.012954,3.9523785,3.9070926,3.167096,3.8443048,3.1431432,3.1934352,3.2225232,2.6246443,3.0656013,2.6976087,3.1329699,1.0368754,2.8191278,2.7509916,1.4741999,1.1933883,1.388605,1.42629,1.442418,1.492773,1.6201271,1.8613946,1.2062854,1.4023178,1.1341755,2.4075854,1.4086795,1.3393418,1.4840682,1.5861746
15,2.9961815,2.9573233,2.2175994,2.3669248,1.7757957,1.6628934,2.1861331,2.7975204,1.4139451,1.8060161,1.5774956,2.052122,0.6355192,0.5470802,0.5185254,0.0,3.1038885,3.0028625,2.5193923,2.464342,2.8233051,1.7457992,2.9660304,2.991787,1.2237232,0.93231094,2.6208642,2.3335376,1.230156,1.2158265,1.6111559,1.3629584,2.264135,1.5963947,1.1854535,1.1624002,1.1405908,1.1283627,1.1832476,1.1802812,2.4682515,1.1183203,1.6560171,1.5777798,1.5843933,1.2179644,0.9911415,1.1900365,1.3716248,1.3860995,1.2607249,1.1698908,1.4128841,1.3804926,1.3160589,1.3160589,1.3588061,1.3695112,1.3953596,1.3252422,1.33236,1.3628886,1.3838259,2.6664402,2.5601084,1.6967416,2.018222,3.1545775,1.4774374,1.4601026,2.2163897,1.678276,2.2606819,2.7855103,2.0316293,1.9113495,2.23873,2.0665362,3.1246467,2.3859663,1.6040986,1.7649084,2.4192796,1.9911965,2.6570244,2.4834998,2.8718526,2.8074203,1.924732,2.451266,2.4628136,2.879903,2.7430172,2.7302473,2.7740273,2.4791155,4.4046316,4.3118057,4.2613893,4.3098245,3.5104759,4.238002,3.483039,3.556767,3.6389525,2.999097,3.3392673,3.0611513,3.529878,1.2886238,3.170896,3.108878,1.608774,1.3888113,1.5709809,1.5974876,1.6059763,1.6509525,1.9189199,2.0135846,1.4113429,1.5563068,1.3163614,2.5898712,1.5401763,1.4855366,1.7074822,1.7722415
16,2.3979664,2.3525648,3.0555148,2.9447384,2.5228014,2.5702715,2.1885688,2.0892696,2.7383506,2.8858159,2.6907287,3.2042582,3.0605993,3.0328093,2.9574897,3.1038885,0.0,1.1313437,2.4954329,1.1418563,3.8601613,2.9516172,3.9028425,3.9072678,2.3847632,2.8865116,3.2222648,3.0485547,2.4587634,2.3290415,2.1118548,2.4176583,2.8408155,2.5929263,3.5022254,3.4492826,3.49757,3.4932985,3.4977653,3.5156221,1.9931617,3.5023944,2.539559,2.554805,2.5063229,3.336944,3.513092,3.5843692,3.540685,3.4269943,3.5125911,3.4539454,3.5804188,3.5016882,3.439944,3.439944,3.5394266,3.556752,3.5449016,3.5619252,3.5535283,3.5397801,3.5364757,2.1575499,1.5288664,2.3763208,2.7876713,3.0375018,2.1698005,2.4789045,3.0721848,2.6608026,3.14422,2.9142296,2.8088892,2.715815,2.854666,3.6400826,2.801666,3.414799,2.5921645,2.5554311,2.2338288,3.6598084,2.366948,2.408102,2.0919914,2.008084,3.519118,3.285708,2.693517,2.769879,2.2227976,2.24846,2.4508839,1.911718,3.8438594,3.7900836,3.858034,3.9167016,4.154109,3.9712505,3.9564404,4.0959773,3.5546527,3.7210727,3.661955,3.7497532,4.2781386,2.5324342,3.8703375,3.7939477,2.6937594,2.673647,2.5897143,2.7872806,2.6953917,2.7694209,2.9647624,2.5304816,2.5213325,2.4939687,2.5794733,2.0999033,2.7757738,2.714334,2.8787742,3.0103304
17,2.1439364,2.1073298,2.8792396,3.139115,2.2121007,2.354219,1.8785132,1.8139378,2.5595784,2.6336277,2.5373528,3.0282822,2.8663466,2.9238594,2.846351,3.0028625,1.1313437,0.0,2.2241592,0.81244457,3.7592688,2.7958574,3.8121886,3.8070378,2.1593049,2.7477462,2.9746473,2.825171,2.2496917,2.1174657,2.3960989,2.1640189,2.576268,2.322865,3.335147,3.2952778,3.323944,3.326726,3.3297324,3.3390057,1.5897844,3.3527217,2.2588637,2.294577,2.217847,3.1433904,3.3261178,3.4019678,3.3728313,3.512565,3.3415272,3.294993,3.4415941,3.3489788,3.2971313,3.2971313,3.372298,3.3941574,3.382575,3.388281,3.3851354,3.3786662,3.3751462,1.7751352,1.546482,2.0037143,2.4969518,2.7190604,2.2312384,2.1790082,2.8731554,2.376086,2.9451532,2.6123166,2.561949,2.4316156,2.6458576,3.4813292,2.5109813,3.20864,2.3672273,2.3819811,1.904678,3.5280862,2.0252726,2.087833,1.6348444,1.5597777,3.352242,3.4387903,2.4544418,2.5328825,1.8396484,1.8379022,2.1066034,1.451602,3.7395124,3.465011,3.615438,3.8315072,3.776012,3.5485537,3.676781,3.8248076,3.2022736,3.3903852,3.3002596,3.4175875,3.9947097,2.1943638,3.5551884,3.528629,2.5051665,2.3942027,2.3118458,2.4877207,2.4613473,2.473497,2.718598,2.210649,2.3405795,2.3423567,2.3456666,1.748526,2.4868612,2.422598,2.6381845,2.7566242
18,2.9213986,2.902635,2.5169172,2.7436485,2.2326667,2.3077147,2.3751547,2.722033,2.4130306,2.590814,2.3753233,2.417986,2.282961,2.2872133,2.3058748,2.5193923,2.4954329,2.2241592,0.0,1.9762394,3.5063963,1.9235681,3.5362625,3.526902,2.236352,2.2948372,1.9935244,1.9578433,2.2164743,2.1173801,2.3326688,2.1950543,2.637157,2.2588935,2.5688896,2.4591453,2.5509396,2.5777647,2.5858817,2.5917573,2.6513538,2.645571,2.3228226,2.2424865,2.1222675,2.4055617,2.5677176,2.6749182,2.4864466,2.6072757,2.4301634,2.4297764,2.4363286,2.353497,2.3533971,2.3533971,2.4371033,2.474882,2.441099,2.4564948,2.490406,2.43076,2.4400434,2.6247222,2.5394335,2.1715577,2.634302,3.2726963,2.2892866,2.294306,3.2080874,2.3548229,2.9170015,3.1937125,2.580283,2.4876595,2.0784318,3.17,3.2956965,3.0530307,2.2417688,2.3572876,2.530065,2.7625716,2.5679824,2.664816,2.4865925,2.4970303,3.0828805,3.7628784,2.9778504,3.311037,2.7052734,2.740054,2.9076197,2.431028,3.3095224,3.1179724,3.2299178,3.2788374,2.5161517,3.1157694,2.5586321,2.6740441,2.7081454,2.2013764,1.7905354,2.1808631,2.8284235,2.1877728,2.440488,2.3955584,2.190154,2.3820965,2.2674105,2.141746,2.058301,2.1086452,2.6624804,2.0579422,2.3638926,2.4188902,2.403749,2.7835488,2.2835546,2.2313216,2.4820383,2.56068
19,2.24289,2.1679385,2.6450958,2.8610764,1.7934291,1.9215587,1.6805195,1.7809579,2.1974921,2.4047554,2.198586,2.6153767,2.3544583,2.431711,2.3448179,2.464342,1.1418563,0.81244457,1.9762394,0.0,3.2067044,2.1949105,3.2571325,3.2596204,1.7226402,2.1760995,2.7792997,2.5832615,1.7293179,1.627525,1.855179,1.6843306,2.2933044,1.9984202,2.766725,2.717967,2.7501779,2.7476935,2.751642,2.7695975,1.629493,2.7742133,1.9393152,1.9259603,1.8918822,2.6446502,2.772024,2.8468804,2.843553,2.921929,2.8129091,2.7689612,2.8995936,2.819579,2.78129,2.78129,2.836788,2.8567932,2.8402212,2.8588283,2.8550365,2.8396134,2.828158,1.8602046,1.5190156,1.6556933,2.230531,2.6309445,1.7885869,1.8258399,2.438458,2.049514,2.645128,2.4243011,2.317098,2.139315,2.0862985,3.0773962,2.647804,3.0118926,2.05414,2.1116254,1.9979376,2.9505427,2.0853395,2.0739803,1.818123,1.7120823,2.7655354,3.018581,2.0803764,2.3248928,1.8755264,1.8266786,2.160273,1.4713101,3.7578576,3.562304,3.6512475,3.9333692,3.6721592,3.7425094,3.5545309,3.6901157,3.3132381,3.2908404,3.240632,3.3324792,3.8815644,1.8575718,3.4645913,3.4127305,2.135248,1.9555439,1.8524935,2.1838615,2.1463344,2.1778023,2.4179864,1.859297,1.9124765,1.9437518,1.9477149,1.7122539,2.106115,2.0274732,2.2374384,2.3795114
20,4.156191,4.139736,4.0652246,4.1826816,3.2558084,3.3139904,3.6186907,4.0385537,3.0833402,3.352176,3.2479076,2.9508502,2.9545867,3.1729953,2.8150418,2.8233051,3.8601613,3.7592688,3.5063963,3.2067044,0.0,2.3709292,0.8703605,0.9328303,3.1522157,2.870047,3.9953864,3.4823363,3.010471,3.0517194,3.27249,3.0915422,4.0661964,3.7772505,3.02206,2.9462364,3.0437334,3.0329478,3.0524242,3.0743537,3.897804,3.1148834,3.7028358,3.6302974,3.7286575,3.5222938,3.0157337,3.1213787,3.5515432,3.5892148,3.506043,3.4930282,3.5162518,3.5076969,3.4095523,3.4095523,3.5087042,3.5253224,3.5145001,3.5187893,3.528319,3.514211,3.4879477,4.374324,3.7673957,3.14566,3.3410287,3.9782143,3.1182773,3.1282625,2.2765703,3.0947905,3.1945968,4.2755756,3.5515509,3.4830072,3.0236404,3.7270555,4.611498,4.0870624,3.1555717,3.3529248,3.8251858,2.9809546,4.0350947,3.8889885,4.0751557,4.019198,2.0609415,3.3372338,2.6640828,3.3217149,4.2064095,4.0345783,4.28534,3.8274968,5.0546465,5.080555,4.850129,4.8169017,4.2959304,4.9252133,4.275142,4.3315225,4.3924594,4.0149517,3.8938296,4.026134,4.049311,3.1494813,4.0524254,4.0185246,3.7188811,2.9931817,2.906923,3.5614514,3.7190614,3.7681346,2.9436407,2.7413,3.0041516,3.37777,3.2491596,4.066615,3.525776,3.4780178,3.1516943,3.305463
21,3.442644,3.4223158,2.6855206,2.894108,2.2015865,2.2150712,2.6204257,3.245485,2.1560855,2.3779953,2.180767,1.7326236,1.7551682,1.8109331,1.8486702,1.7457992,2.9516172,2.7958574,1.9235681,2.1949105,2.3709292,0.0,2.481156,2.478906,1.9901009,1.5578346,2.9219549,2.661146,1.847468,1.896542,2.2003186,1.9536991,2.7194543,2.3421826,1.7537313,1.7039729,1.7440426,1.7631896,1.798061,1.7918056,3.0227778,1.8402743,2.3707128,2.2936223,2.2582185,1.8899057,1.6611953,1.828066,1.9491364,2.057174,1.8468994,1.8544902,1.924847,1.8758513,1.8064852,1.8064852,1.8616991,1.8922062,1.8899591,1.8619065,1.9040906,1.8968976,1.8831837,3.235849,2.9966664,2.1630363,2.4452825,3.286845,2.119544,2.125134,2.583748,2.1918893,2.8441188,3.3989153,2.5659401,2.4997919,1.2888571,2.6137652,3.747846,2.9638324,2.1773083,2.3669212,2.9986956,2.0942924,3.1276953,3.0560837,3.142198,3.0879588,2.0788848,3.368343,2.7470496,3.306372,3.222954,3.1609416,3.3828335,2.9430017,4.619529,4.464307,4.4945583,4.557611,3.6828609,4.5123477,3.663498,3.7793524,4.0258226,3.3523712,3.0383475,3.3275614,3.830203,2.1134872,3.4089563,3.3489695,2.3021672,2.1635053,2.027766,2.183469,2.1973565,2.234367,2.4517994,1.7185088,2.0402455,2.2349663,2.243056,3.125266,2.2621276,2.1819503,2.3800828,2.475734
22,4.268586,4.244315,4.121309,4.259104,3.363834,3.4675329,3.7554042,3.966688,3.1917913,3.4602883,3.3070295,3.0142174,3.1124325,3.3058655,2.9574344,2.9660304,3.9028425,3.8121886,3.5362625,3.2571325,0.8703605,2.481156,0.0,0.1501982,3.2333448,2.9660833,3.865903,3.5417309,3.1058578,3.1458106,3.2533615,3.2109947,4.12372,3.8328118,3.1056638,3.056362,3.1374457,3.12702,3.1464438,3.1677785,3.9605775,3.1893718,3.7579226,3.689049,3.7946074,3.5749073,3.1093807,3.208026,3.6058686,3.6469507,3.5602725,3.548792,3.5812953,3.5773592,3.4832807,3.4832807,3.565197,3.5848057,3.577002,3.5729668,3.5948226,3.5831985,3.5539668,4.4329815,3.849307,3.111856,3.7678678,4.3268967,3.185632,3.2360868,2.5113242,3.1782541,3.3697457,4.4494033,3.6898446,3.6428163,3.1502483,4.10273,4.924845,4.412534,3.137717,3.3278215,3.804959,3.0012279,3.883289,3.7296348,4.0054245,3.9627743,2.1049154,3.4567168,2.5803692,3.2777665,4.2774043,4.112495,4.348919,3.8843248,5.1132727,5.1637926,4.930132,4.8194256,4.3259254,4.951611,4.370567,4.390992,4.4562325,4.043848,3.911719,4.1006274,4.107052,3.250731,4.347969,4.324648,3.758322,3.0931478,2.850564,3.6666336,3.7737203,3.8469565,3.0550869,2.7860942,3.1516545,3.4758976,3.3714795,4.1512713,3.619672,3.5777757,3.2417462,3.3967614
23,4.269315,4.2442765,4.1097255,4.25615,3.3761184,3.4829574,3.763532,3.9683068,3.2203176,3.467613,3.316242,2.9866328,3.1337414,3.3249683,2.9838307,2.991787,3.9072678,3.8070378,3.526902,3.2596204,0.9328303,2.478906,0.1501982,0.0,3.2495213,2.9791453,3.8653612,3.5536802,3.1224678,3.1600242,3.2672687,3.2287383,4.1232796,3.8395295,3.1117013,3.067196,3.145589,3.1375103,3.1559143,3.1759727,3.9746144,3.2024167,3.7632208,3.69701,3.8003306,3.5808022,3.1158812,3.2142498,3.6137438,3.6654918,3.5683262,3.558822,3.5934777,3.587069,3.5031314,3.5031314,3.5682304,3.5896664,3.5836802,3.5779424,3.6023026,3.5917037,3.5605183,4.4366856,3.8595097,3.1089432,3.7965624,4.3535757,3.2005558,3.248089,2.530763,3.1965678,3.3719578,4.45866,3.677475,3.6328456,3.1455214,4.1107683,4.9350734,4.4196444,3.147089,3.335788,3.8063738,3.0208144,3.8781617,3.7219388,4.006628,3.965165,2.1258261,3.4963744,2.5893464,3.2569385,4.2865863,4.118318,4.3540726,3.8966436,5.105179,5.1516275,4.92522,4.833126,4.315668,4.9469385,4.3454704,4.367989,4.456665,4.0380297,3.8829095,4.0894556,4.1011496,3.257789,4.346757,4.3260236,3.7856417,3.126753,2.8719606,3.6888049,3.7781494,3.852689,3.0732365,2.786773,3.1657865,3.4783833,3.3951519,4.163135,3.6456628,3.6003218,3.2749403,3.4324028
24,2.3049216,2.2602236,1.972908,2.2561378,1.2021836,1.1712307,1.3833684,1.8880448,1.2669322,1.4322263,1.2884252,2.3108199,1.101754,1.1481134,1.106006,1.2237232,2.3847632,2.1593049,2.236352,1.7226402,3.1522157,1.9901009,3.2333448,3.2495213,0.0,0.86781067,2.214297,1.9757582,0.3729354,0.291075,1.1540693,0.42920712,1.7952698,1.1840438,1.6802623,1.6938697,1.6752564,1.6627059,1.6943767,1.6992617,1.5570954,1.646656,1.1709293,1.1546805,1.0966446,1.5647867,1.613196,1.7477918,1.8023753,1.9004856,1.738741,1.6599867,1.8412269,1.7677029,1.6617082,1.6617082,1.8193278,1.8341136,1.8372523,1.8126976,1.7991955,1.824003,1.8220837,1.8677963,1.6129038,0.8306157,1.5457112,2.3420475,0.7788161,0.5280401,1.9065912,1.0867827,2.2007923,2.3733988,1.6645887,1.5347642,2.177418,2.167529,2.5138721,2.2576036,1.3289638,1.4531683,1.8066214,2.183365,1.990469,1.8134943,1.9143664,1.8329822,1.9878957,2.0594175,1.8490953,2.283859,1.868027,1.8223574,2.0391266,1.389192,3.9139383,3.704529,3.814136,3.9015343,3.2557933,3.7029936,3.2649543,3.36702,3.2537978,2.839721,3.2400384,2.8907673,3.5549648,0.8877625,3.0616984,3.0064113,1.2300773,0.92066777,0.9193569,1.2270174,1.1860425,1.2285993,1.73741,1.6638391,0.89862615,1.0539011,0.95970273,1.616478,1.1933293,1.0807395,1.559965,1.6821692
25,2.8720827,2.8338432,1.9809464,2.2377074,1.4182825,1.3310298,1.8725637,2.507705,1.4746192,1.5640303,1.3349952,1.9420835,0.76500535,0.89153105,0.90407586,0.93231094,2.8865116,2.7477462,2.2948372,2.1760995,2.870047,1.5578346,2.9660833,2.9791453,0.86781067,0.0,2.4213388,2.1744015,0.7292994,0.79591703,1.3019695,0.8263711,1.9681656,1.4800231,1.0882587,1.120011,1.0828278,1.0662749,1.1235825,1.1394525,2.28313,1.0811174,1.5149338,1.421618,1.4019568,1.179526,1.0000939,1.2080741,1.3269632,1.3899134,1.2316166,1.1597543,1.2821556,1.2339038,1.1418879,1.1418879,1.2865871,1.3015625,1.3139167,1.2929156,1.2863622,1.3034774,1.2903405,2.5073066,2.2841725,1.2734712,1.7573078,2.719006,1.1015158,1.011472,1.9425579,1.3904401,2.304382,2.825977,1.7663189,1.6928868,1.8994212,1.901865,3.0202923,2.2473774,1.5459694,1.7083275,2.4014313,1.8537829,2.553223,2.3750138,2.5739326,2.4992046,1.6242514,2.2185469,2.1139958,2.6150172,2.461301,2.3889225,2.5918205,2.1417093,4.289957,4.111378,4.2049932,4.275877,3.379976,4.1346517,3.350358,3.4348717,3.6396434,2.9878974,3.293397,3.0139153,3.621425,1.1964357,3.1318643,3.0586877,1.4981041,1.2134765,1.1882406,1.4493495,1.3831273,1.4223495,1.8163891,1.7206174,1.106746,1.2225366,1.2717055,2.2860787,1.4438035,1.3181024,1.7318534,1.8551825
26,2.5554988,2.5133958,2.5887098,2.8665202,2.779105,2.848024,2.9073899,2.8717973,2.1781356,2.6239448,2.476241,3.150657,2.425649,2.3775067,2.299783,2.6208642,3.2222648,2.9746473,1.9935244,2.7792997,3.9953864,2.9219549,3.865903,3.8653612,2.214297,2.4213388,0.0,1.038685,2.312856,2.2252877,2.324597,2.2742605,2.6676831,2.324454,2.7445574,2.6664016,2.7106001,2.720495,2.7204742,2.7344863,2.6647978,2.747987,2.3569539,2.324062,2.238255,2.560488,2.7365866,2.8173506,2.634599,2.7440493,2.6240122,2.6031976,2.5716565,2.5220926,2.5385027,2.5385027,2.6299224,2.663761,2.6192043,2.6405408,2.6524725,2.6047978,2.6221504,2.6219003,2.5092,2.0040543,3.0257535,3.4953682,2.2289877,2.1727164,3.2358406,1.879008,2.8018847,3.298577,2.611772,2.5304005,3.2011564,3.4886303,3.4267356,3.2679586,2.28822,2.4449565,2.4904115,2.8937407,2.3960953,2.3481743,2.3843832,2.4437644,3.1223037,3.306172,2.8063505,3.0224624,3.0855205,3.1235018,3.259706,2.3773983,3.025481,2.8847907,3.0199363,2.6645129,2.0625,2.5747066,2.2805867,2.2333436,2.3108616,1.8007885,2.3650923,1.9378844,2.4413996,2.2221766,2.6046026,2.5838068,2.1378345,2.31084,2.1517138,2.1798697,2.024571,2.1097763,2.5940387,2.328061,2.1522806,2.4479544,2.3443313,2.717287,2.243448,2.2159948,2.3274467,2.4056551
27,2.3544517,2.289497,2.6577501,2.8777094,2.604883,2.6008637,2.687628,2.9302933,1.8225304,2.3735585,2.2427711,2.964173,2.1162658,2.1249332,1.9863368,2.3335376,3.0485547,2.825171,1.9578433,2.5832615,3.4823363,2.661146,3.5417309,3.5536802,1.9757582,2.1744015,1.038685,0.0,2.0286858,1.963258,2.2099812,1.9980277,2.632257,2.2940588,2.51768,2.3878238,2.4850283,2.4938989,2.4915688,2.5053847,2.4822211,2.551424,2.2694297,2.237132,2.2079217,2.5158415,2.5116334,2.5938106,2.5922885,2.673176,2.58799,2.5746856,2.5348697,2.4774501,2.4827278,2.4827278,2.5926259,2.6238854,2.573495,2.6034932,2.5988538,2.5520084,2.5654159,2.60758,2.2999341,1.9409736,2.3987217,3.0101478,1.9609375,1.8758599,2.634093,1.5151,2.6022098,3.1160607,2.401915,2.2886176,2.9179652,3.0169268,3.0912948,2.9413033,2.226659,2.4082775,2.4872453,2.7836199,2.6320224,2.5412712,2.5267465,2.5555277,2.6821315,2.8233502,2.4673724,2.7756078,3.0418262,3.008263,3.1738365,2.2145417,2.8193827,2.6610918,2.752566,2.5650442,1.912794,2.5310092,2.0466733,2.0838742,2.1300273,1.5975145,2.1759222,1.6278719,2.313793,1.9703145,1.9737765,1.9335335,2.2104065,2.0459888,2.0429947,2.1383293,2.1094894,2.1744866,2.4075842,2.0504572,1.7507746,2.1574895,2.06499,2.5224712,2.1834536,2.1450288,2.254263,2.3627741
28,2.510673,2.455057,2.1056898,2.3787587,1.114127,1.0720296,1.3957282,1.9715813,1.4215304,1.584226,1.3808837,2.2967997,1.0727919,1.1841859,1.1426121,1.230156,2.4587634,2.2496917,2.2164743,1.7293179,3.010471,1.847468,3.1058578,3.1224678,0.3729354,0.7292994,2.312856,2.0286858,0.0,0.3087632,1.169644,0.33974078,1.7894287,1.312369,1.5723294,1.5783424,1.5429361,1.5312761,1.5644124,1.5743921,1.7196122,1.5493848,1.2853351,1.2461338,1.2146542,1.5372823,1.4995424,1.6319964,1.7479675,1.8314272,1.686386,1.6275721,1.7814121,1.7114999,1.6143088,1.6143088,1.7551817,1.7683437,1.7630199,1.7550229,1.7249657,1.7517995,1.7406319,2.0415134,1.7779187,0.96994525,1.5425042,2.344752,0.8867434,0.6900774,1.8150959,1.2489519,2.2697594,2.3933885,1.7655972,1.6118379,2.0164506,2.1189487,2.686714,2.3616493,1.4541768,1.5737029,2.044194,2.0338075,2.1714625,2.0054586,2.089528,2.0070677,1.79514,2.0229821,1.788025,2.316131,1.958598,1.8545191,2.124818,1.5373833,3.9056935,3.7096846,3.8007298,4.00022,3.240032,3.7934275,3.262087,3.3603346,3.3465118,2.8766391,3.2406182,2.9170847,3.5982883,1.037217,3.0578902,2.9964294,1.3264489,0.93140006,0.9163377,1.3409866,1.3284233,1.3748436,1.8453233,1.7058924,0.99618137,1.0892525,1.0338758,1.736303,1.2597214,1.1472791,1.6268018,1.7528024
29,2.3208926,2.2745833,1.9368942,2.2176583,1.0339432,0.99650645,1.2775098,1.8354282,1.316611,1.4672625,1.2701392,2.2004352,1.016537,1.1266879,1.0604775,1.2158265,2.3290415,2.1174657,2.1173801,1.627525,3.0517194,1.896542,3.1458106,3.1600242,0.291075,0.79591703,2.2252877,1.963258,0.3087632,0.0,1.0815139,0.33136865,1.7783521,1.1969757,1.6068641,1.5998207,1.5973411,1.5848471,1.615353,1.6311234,1.6055539,1.5867685,1.1922228,1.1298217,1.0866421,1.5419534,1.5629629,1.7011372,1.7574545,1.8428682,1.6946812,1.6163821,1.7753919,1.703145,1.6163495,1.6163495,1.7572827,1.7732084,1.7731178,1.7646341,1.7490381,1.7577268,1.7522686,1.8864831,1.622043,0.82234555,1.5129169,2.3648217,0.7696194,0.5860031,1.8175843,1.1879591,2.1565256,2.323667,1.6045719,1.4414833,2.0484273,2.080256,2.5054846,2.2325532,1.3075268,1.4289594,1.837013,2.100728,2.0146055,1.8467628,1.9549627,1.865444,1.8948367,2.052063,1.7719446,2.1951704,1.8198776,1.7519208,1.9888567,1.4017484,3.824883,3.6175704,3.7259874,3.8959265,3.1833358,3.6790597,3.1508625,3.2561796,3.1975553,2.7633975,3.146792,2.8125367,3.4734266,0.8319049,2.9583273,2.896279,1.2735877,0.9055013,0.94122577,1.270321,1.2248678,1.2704009,1.7445054,1.6759388,0.92134845,0.9632698,0.9316241,1.6139084,1.2131507,1.0931704,1.5596018,1.6975801
30,2.5098042,2.4788733,2.1143444,1.9215667,1.6677213,1.5945058,1.7896596,2.0106766,1.7141875,1.920204,1.6159307,2.4502466,1.6109118,1.5311805,1.4483839,1.6111559,2.1118548,2.3960989,2.3326688,1.855179,3.27249,2.2003186,3.2533615,3.2672687,1.1540693,1.3019695,2.324597,2.2099812,1.169644,1.0815139,0.0,1.2242607,2.1132557,1.6847932,2.0286512,2.012076,2.0140076,1.9961894,2.0240679,2.0558944,2.0376296,1.985555,1.6998514,1.6354145,1.5970473,1.9475411,2.009138,2.1317165,2.1072621,1.791881,2.0530522,1.9624374,2.067537,2.0227704,1.9274223,1.9274223,2.0879996,2.1011553,2.0993693,2.1118972,2.0887547,2.0850496,2.0822608,2.2245271,1.6224821,1.3976173,2.2241654,2.8883445,0.72280157,1.3599868,2.2699203,1.6959236,2.3720539,2.6979249,1.9567971,1.8793385,2.4492166,2.5583525,2.9034882,2.6416948,1.590422,1.6072211,2.0611942,2.2909377,2.1289687,1.9732991,2.168551,2.0894525,2.2605472,1.9857974,2.0607755,2.3719254,2.2046218,2.1833823,2.359714,1.8578043,3.854136,3.8559484,3.897935,3.861678,3.5003488,3.9440053,3.36813,3.434966,3.4385943,3.0522308,3.4297926,3.121946,3.6614897,1.5362946,3.3632152,3.2600832,1.5723095,1.5448502,1.4545105,1.7500468,1.558967,1.7167355,2.0764437,2.0783138,1.4027364,1.3797289,1.4941446,2.017249,1.7193102,1.6341834,1.8874656,2.0351608
