,0,1,2,3,4,5,6,7,8,9,10,11,12,13,14,15,16,17,18,19,20,21,22,23,24,25,26,27,28,29,30,31,32,33,34,35,36,37,38,39,40,41,42,43,44,45,46,47,48,49,50,51,52,53,54,55,56,57,58,59,60,61,62,63,64,65,66,67,68,69,70,71,72,73,74,75,76,77,78,79,80,81,82,83,84,85,86,87,88,89,90,91,92,93,94,95,96,97,98,99,100,101,102,103,104,105,106,107,108,109,110,111,112,113,114,115,116,117,118,119,120,121,122,123,124,125,126,127
0,0.0,0.052761126,1.1041712,1.1395103,2.2105453,0.8946177,0.6797902,0.6684503,1.8959289,1.7112958,2.1698387,2.9141114,3.0175326,1.726449,2.1765351,2.0062895,2.5376825,2.508167,2.761561,2.7747972,3.1125383,2.9518673,2.9607854,3.1305046,1.9572085,2.2518957,3.4386735,1.5495045,3.0080721,2.8205478,2.1256258,2.2258916,2.555502,2.9516091,2.9310718,3.0919602,2.1978047,3.6444716,2.8201194,2.1438887,2.3979604,3.2912667,2.7143943,2.199492,2.226347,2.220733,2.3721511,2.3799415,4.0109973,4.0359225,4.342791,4.2802086,3.2200253,3.890645,3.002016,3.013771,2.7273812,2.6992695,3.0254717,3.0797114,1.8467293,1.2922375,1.8874203,2.011884,3.409635,3.242753,3.9873621,4.142587,2.285476,2.5291772,2.271516,2.2519712,2.35435,2.3115866,2.618154,3.9778314,3.015683,1.9454796,2.9167747,3.1098578,3.515811,3.5594933,3.4587507,3.461919,3.85566,3.3694806,2.8325262,3.7335334,5.4771876,3.8180745,4.2458944,3.813791,3.4782238,4.2590313,3.807444,3.202972,3.3046534,3.1697476,4.0580106,3.0546794,2.6473122,2.6975274,3.0825787,2.8456836,2.975277,3.001944,2.992818,3.0890357,2.5007403,2.719581,3.7319915,3.6975744,2.313399,2.5826285,1.5804342,2.1862931,2.417686,2.3003504,3.741072,3.5227716,2.2866888,2.045046,2.4880142,2.3997197,2.1460803,1.3497639,3.54871,3.7000496
1,0.052761126,0.0,1.0923417,1.1251444,2.215633,0.8874521,0.6642201,0.6516027,1.8904722,1.7008072,2.1724975,2.8987932,3.0144126,1.7159315,2.1699429,2.004337,2.5448167,2.5155602,2.7720418,2.7844796,3.122258,2.9626653,2.9719272,3.138356,1.956333,2.2561793,3.4328332,1.5489075,3.0105093,2.8159492,2.126855,2.2277598,2.5610662,2.9473941,2.9263616,3.0962236,2.2048185,3.6418855,2.8239446,2.147745,2.4005775,3.2901545,2.721225,2.2020273,2.226022,2.2209098,2.3770947,2.385261,4.019669,4.039196,4.3431525,4.2809963,3.2116888,3.8811035,2.9976587,3.0095508,2.714155,2.6848698,3.0098577,3.06503,1.8452519,1.2968489,1.8873162,2.0105321,3.4250515,3.2588587,4.0004005,4.156738,2.2762964,2.52382,2.260558,2.2552762,2.3616383,2.3189878,2.628677,3.9984064,3.021412,1.9442196,2.9179327,3.1120417,3.5296772,3.5748239,3.4747546,3.4775817,3.8738227,3.3875484,2.8508027,3.746746,5.47212,3.816345,4.243079,3.8177943,3.4761455,4.253075,3.8091314,3.2084374,3.30586,3.1752307,4.0604105,3.0600832,2.6578531,2.7066724,3.0897806,2.8562257,2.981211,3.0087888,2.9878504,3.082196,2.503501,2.7188253,3.7335296,3.700195,2.3336136,2.6036153,1.5921932,2.2167268,2.427529,2.3103008,3.739784,3.5217373,2.2754383,2.0346327,2.489508,2.3990319,2.1621263,1.3378386,3.5699837,3.7218246
2,1.1041712,1.0923417,0.0,0.12631565,2.37525,0.4219085,0.9323931,0.9272903,1.7949309,1.6901009,2.1324787,2.549229,3.1682694,1.6731162,2.1982486,1.9746376,2.517606,2.4881358,2.7478669,2.7574973,3.0554008,2.9251966,2.9446723,3.1062758,1.9152217,2.1780088,3.3664777,1.5524635,3.6468308,3.5535595,2.053271,2.1648564,2.7517314,2.9290104,3.0226943,3.1061428,2.269797,3.600364,2.7702584,2.1234145,2.4274843,3.258437,2.6091805,2.154437,2.160633,2.165371,2.3544896,2.3663242,4.1448627,4.023615,4.2260976,4.185322,3.2842422,3.892498,3.1212804,3.1330001,2.8849664,2.7769828,3.1700413,3.2259176,1.9415869,1.4204459,1.9814616,2.080859,3.0817235,2.8843172,3.6641626,3.7710938,1.9157376,2.060032,2.1248827,2.419919,1.9587011,1.9278184,2.2472086,4.187167,2.7428327,1.5514903,2.5571516,2.7814202,3.4635527,3.4726384,3.410983,3.409885,3.76135,3.4909983,2.7436256,3.7152727,5.296736,3.542573,3.988258,3.9135385,3.5032034,4.242432,4.041644,3.2237043,3.3227515,3.2708828,4.1386547,3.1679554,2.8717594,2.763426,3.041591,2.8596313,3.0905697,3.1464698,2.9564247,3.0142183,2.5376031,2.429714,3.7259443,3.702656,2.4984481,2.7734222,1.7956235,2.608101,2.6587796,2.5906768,3.8665903,3.6571522,2.557821,2.3608198,2.7169287,2.5689857,2.1785033,1.6348201,3.8033636,3.8888257
3,1.1395103,1.1251444,0.12631565,0.0,2.3699217,0.45891997,0.9406468,0.9348791,1.775914,1.6824914,2.0999825,2.5282853,3.1627724,1.6598505,2.1896873,1.9709333,2.4853494,2.4535072,2.7145495,2.7227197,3.0133755,2.8866577,2.9058113,3.0636759,1.8655976,2.1179316,3.294492,1.4866463,3.621368,3.55212,2.0073984,2.125385,2.738372,2.900797,2.990851,3.1058133,2.2374077,3.5688725,2.7218597,2.0885828,2.3977287,3.2265255,2.5580556,2.1154811,2.1191633,2.1242712,2.3172512,2.3298502,4.102598,3.970476,4.181341,4.1405888,3.261517,3.864337,3.0921075,3.1039164,2.8696547,2.761621,3.1562452,3.2134418,1.9273586,1.4179392,1.9729304,2.0733492,3.1215224,2.9259071,3.700679,3.8040931,1.9244905,2.0601645,2.1095173,2.3999684,1.9734216,1.9403112,2.2603943,4.210975,2.748543,1.5728674,2.5697265,2.803315,3.4645069,3.4518068,3.41716,3.4141169,3.7634168,3.50085,2.7658243,3.7244313,5.2780457,3.5198512,3.956189,3.901939,3.4732916,4.2111516,4.023879,3.1920896,3.3072069,3.2612157,4.12753,3.1587455,2.871715,2.759654,3.0382166,2.8633935,3.0647135,3.1238227,2.924454,2.9775758,2.504739,2.396602,3.6959965,3.6725662,2.5209012,2.7919326,1.7731223,2.6372662,2.642062,2.5747313,3.8311057,3.6203961,2.569632,2.3578756,2.6994953,2.549268,2.1433969,1.661671,3.807937,3.8880763
4,2.2105453,2.215633,2.37525,2.3699217,0.0,2.1364088,2.111465,2.1065416,3.0066328,2.9354038,3.0854757,3.507193,3.735706,2.979308,2.7618392,2.6252918,3.067558,2.9148288,3.2350826,3.2375433,3.7522156,3.3675323,3.3672698,3.4492028,2.34129,2.6731682,3.8968089,2.3298917,3.2778099,3.265764,2.5765288,2.643632,3.6701708,3.8347003,3.2818754,3.5276299,2.9144526,4.0889044,3.1941452,2.7261956,3.0307555,3.7653725,3.2520976,2.8469362,2.831536,2.8513527,2.9538944,2.9482253,4.1063395,4.1661944,4.2112694,4.1591825,3.7458425,4.3199024,3.5188634,3.5283892,3.2250495,3.174204,3.619334,3.660177,2.6032882,2.2413805,2.628478,2.7354248,3.5296788,3.4798892,4.2779827,4.432876,3.0098145,3.1810563,2.9735818,2.2662055,2.7114449,2.6526647,3.3906705,3.9367733,2.7588353,2.6787398,3.38418,3.083225,3.5128386,3.875715,3.7623441,3.7543683,4.068953,3.757974,3.2207673,4.033869,5.520456,4.122302,4.1276426,3.7729552,3.8464324,4.553165,4.2979145,3.6618075,3.711116,3.6602528,4.479951,3.5821655,3.2176714,3.2763798,3.5927448,3.5671391,2.8325934,2.8442261,3.2057312,3.2627017,2.8525345,3.0561447,4.213046,4.234829,2.9457138,3.1208448,2.4017289,2.9992945,3.0802991,3.001762,4.2397814,4.0663967,3.5451148,2.7497122,3.036718,2.9795008,2.7788076,3.0413446,3.8619704,3.9789546
5,0.8946177,0.8874521,0.4219085,0.45891997,2.1364088,0.0,0.63671654,0.63230723,1.6864789,1.5827328,1.9893906,2.4415977,3.1248088,1.5763624,1.9856,1.7424551,2.3794358,2.3475068,2.6097538,2.6197414,2.9849122,2.7894597,2.805632,2.9821055,1.7031597,2.004311,3.3365922,1.3883497,3.3044298,3.221355,1.8581127,1.9544617,2.6520631,2.81867,2.8927505,2.9583857,2.1401887,3.5419812,2.6361752,1.979329,2.265618,3.1692855,2.4877088,1.9953502,2.0184677,2.0233288,2.1860952,2.1952956,3.965821,3.9052503,4.094721,4.060158,3.2153509,3.8349252,3.0169916,3.0298219,2.7802606,2.6887276,3.092091,3.1510782,1.7847431,1.2132587,1.8364466,1.9446403,3.01253,2.8326514,3.6649,3.785217,1.9218888,2.1056764,2.0539055,2.2423437,1.8228996,1.7950051,2.1548755,3.9860282,2.636811,1.5852764,2.5289588,2.7482572,3.3276756,3.3920622,3.3110816,3.3113837,3.644899,3.393047,2.6265175,3.617557,5.2716804,3.5960815,4.0292273,3.7932584,3.4233181,4.1814976,3.9669397,3.126762,3.1863127,3.109088,4.016411,3.0072834,2.6568377,2.596589,2.9282732,2.7976665,2.877396,2.9220512,2.7769725,2.854324,2.3067894,2.3186178,3.653963,3.6358654,2.3057957,2.571299,1.5470146,2.421237,2.4393542,2.3753054,3.770808,3.5546713,2.3489769,2.144224,2.5032094,2.37493,2.0058038,1.4504039,3.6652408,3.7660487
6,0.6797902,0.6642201,0.9323931,0.9406468,2.111465,0.63671654,0.0,0.042852357,1.7423382,1.5947556,2.0224044,2.4632258,3.1270118,1.5919849,1.988081,1.7906327,2.3669705,2.3431003,2.604925,2.6138093,2.999595,2.78625,2.7978048,2.9923685,1.6505145,1.9831173,3.2053585,1.3236264,2.8377092,2.692731,1.789652,1.9363682,2.5694523,2.7114518,2.8044975,2.9621139,2.047217,3.5165265,2.621263,1.9310511,2.2971718,3.1702719,2.505307,1.9699279,1.9919245,2.00715,2.1477096,2.1579764,3.8298995,3.8550315,4.1424346,4.1102433,3.0675318,3.7399302,2.922057,2.932325,2.6380982,2.5951593,2.9260025,2.987166,1.7433108,1.1236813,1.7867588,1.9113526,3.2927475,3.1164353,3.8620222,4.0145955,2.13744,2.3690698,2.094958,2.1268303,2.1485622,2.1179645,2.462175,3.8940995,2.930577,1.8486313,2.7798097,3.0003412,3.3489134,3.4158998,3.3234355,3.3229368,3.6676152,3.3913186,2.715288,3.6027663,5.34725,3.641983,4.0633264,3.6390278,3.291916,4.076274,3.832651,3.0421362,3.1966722,3.10012,4.013386,3.0072799,2.6062784,2.629246,3.018907,2.9794722,2.7417367,2.778865,2.733079,2.8334937,2.1660771,2.4787407,3.6195471,3.5766613,2.195548,2.4565392,1.3677833,2.303988,2.2615159,2.2045834,3.6170657,3.3867486,2.2193537,1.9602965,2.420306,2.3255372,1.9776589,1.123577,3.4945004,3.635495
7,0.6684503,0.6516027,0.9272903,0.9348791,2.1065416,0.63230723,0.042852357,0.0,1.7351581,1.5845155,2.0205858,2.4586618,3.1201115,1.5821651,1.9801608,1.7887589,2.3740597,2.3499632,2.6138706,2.6220062,3.00707,2.7953563,2.8069284,2.9972496,1.6496621,1.9853253,3.2059438,1.3223367,2.837283,2.691454,1.7928272,1.937172,2.5687087,2.712932,2.7945387,2.964957,2.0516999,3.513297,2.6191669,1.9323181,2.289629,3.1683314,2.5105336,1.9726483,1.99324,2.0074694,2.1513166,2.1616337,3.8287518,3.8523984,4.141054,4.107172,3.0616698,3.7311504,2.9113734,2.9218907,2.6245813,2.5815802,2.9123998,2.9744434,1.738169,1.1263232,1.7847526,1.9067445,3.2879126,3.114516,3.8626535,4.0161004,2.1416037,2.375564,2.0946412,2.1256332,2.1515775,2.1206996,2.4660263,3.887202,2.9351845,1.8429605,2.7848234,2.9994435,3.3431723,3.4122052,3.3203173,3.3196447,3.6689594,3.3868215,2.71028,3.5999992,5.3453565,3.6405034,4.0594573,3.6318831,3.2905078,4.0704145,3.8244777,3.0427303,3.1936955,3.1002476,4.0108013,3.0039845,2.6063116,2.6311421,3.021294,2.977586,2.7306745,2.7689276,2.7216535,2.822741,2.1620688,2.4685783,3.6163013,3.5765805,2.2147553,2.4764771,1.3719295,2.3226447,2.2666738,2.2061703,3.6154685,3.385502,2.2064972,1.9488206,2.4127905,2.3176823,1.9824829,1.1207676,3.487519,3.6283953
8,1.8959289,1.8904722,1.7949309,1.775914,3.0066328,1.6864789,1.7423382,1.7351581,0.0,0.4539863,0.74248135,1.780038,1.9786985,0.37585425,1.2607927,1.921441,2.5142424,2.531599,2.6495025,2.5998368,2.454612,2.7860236,2.7982259,2.456144,1.8919094,1.9987136,3.392483,1.5798815,3.1096246,3.2936687,1.9645472,1.9759599,1.9117517,1.9926368,2.408546,2.479692,1.4852058,2.1805375,1.5724709,1.2922248,1.5367734,1.8060911,1.6920671,1.2282567,1.2653884,1.1608903,1.4204931,1.4176061,3.7524605,3.294438,3.6001794,3.564678,2.8928885,3.449065,2.49025,2.5099251,2.4922721,2.4104984,2.8398287,2.8512225,1.4103765,1.9876341,1.4537661,1.4988519,2.7577472,2.7173767,3.5899754,3.675559,1.6496238,1.8120351,1.5319507,1.9014081,2.0195198,2.0108416,2.0015433,3.9476314,3.058486,1.4415171,2.3394344,2.788498,2.8638651,2.8923943,2.7958982,2.7949035,3.0667732,2.8756194,2.5909257,3.1091967,4.93513,3.0577252,3.689718,3.140562,2.5553164,3.3015063,3.1632752,2.0817654,2.5482104,2.4862342,2.9041631,2.3525274,2.6316366,2.6237597,2.4296072,2.3704941,2.3032327,2.3691108,2.1206949,2.172579,2.2981231,1.6459464,2.3677511,2.3246548,2.696971,2.8761995,1.9359114,2.8197865,1.6859753,1.6076894,2.6042764,2.4296014,2.4701862,2.5788984,2.7391295,2.6705265,2.147851,1.8950897,3.7881765,3.8470407
9,1.7112958,1.7008072,1.6901009,1.6824914,2.9354038,1.5827328,1.5947556,1.5845155,0.4539863,0.0,1.1289008,1.8332745,1.8876568,0.21011181,1.2309502,1.905357,2.5997717,2.6125414,2.7759464,2.7275796,2.650769,2.9437573,2.9570625,2.6317325,1.9903704,2.2072022,3.4163475,1.7109826,3.125648,3.1155798,2.1110334,2.1228614,2.0503807,2.2027159,2.4834743,2.7152581,1.627432,2.295688,1.8715924,1.4284275,1.7073843,1.9745191,2.0224044,1.4386109,1.469041,1.3818463,1.6370621,1.6366533,3.9764745,3.5560384,3.8951607,3.8523686,2.9268966,3.5769007,2.5543582,2.5736141,2.3834968,2.3034303,2.7860544,2.798062,1.2909209,1.8795437,1.3121808,1.347382,2.8987832,2.8643568,3.6888149,3.8039236,1.6699654,1.9159627,1.6633075,1.9508775,2.222226,2.2154622,2.2774918,4.056088,3.1839292,1.2894292,2.4254477,2.8523955,3.0021775,2.9939005,2.936473,2.937434,3.2886438,3.0304089,2.736977,3.2553189,4.9992623,3.1693964,3.791705,3.217271,2.6925027,3.4914184,3.2815363,2.2602615,2.6820536,2.6005027,3.0055654,2.4658895,2.7154293,2.7292507,2.5464866,2.465918,2.4085038,2.462776,2.3281815,2.3704736,2.432504,1.8444724,2.5519133,2.4913259,2.7973852,3.0048692,2.0390716,2.899591,1.8557861,1.7514989,2.644596,2.4750197,2.3539484,2.4630277,2.7749069,2.6961513,2.389081,1.6998069,3.8275595,3.920396
10,2.1698387,2.1724975,2.1324787,2.0999825,3.0854757,1.9893906,2.0224044,2.0205858,0.74248135,1.1289008,0.0,2.1113796,2.215065,1.057389,1.5543382,2.1248355,2.4360065,2.4532108,2.4774082,2.4311254,2.209682,2.5530512,2.5598764,2.2211492,1.7067217,1.603836,3.283147,1.3967583,2.914183,3.4452512,1.6781149,1.711316,1.8977488,2.0193124,2.281848,2.4304614,1.394036,2.161378,1.117633,1.2905009,1.4681054,1.7788448,1.2503598,1.1166205,1.2299712,1.1146073,1.3566893,1.3504311,3.2965097,2.811587,3.1460674,3.1087115,2.8119226,3.4122062,2.382983,2.4012864,2.6572618,2.597161,3.0210402,3.0314217,1.7835174,2.2603595,1.8379647,1.917286,2.7256017,2.675124,3.572332,3.6147218,1.9333596,1.9785749,1.6803277,1.8785186,1.9609835,1.9450927,1.8582447,3.7748997,3.0738766,1.9305189,2.5750012,2.9492996,2.7878895,2.890335,2.74033,2.7362905,2.8750362,2.7779515,2.6311169,3.1183236,4.735917,3.0574393,3.661162,3.0886195,2.4841487,3.2733881,3.100793,2.060662,2.5076175,2.3905675,2.8500037,2.254841,2.5345566,2.518728,2.3707862,2.302472,2.135976,2.202303,2.0563595,2.108971,2.1800344,1.6231494,2.311834,2.275983,2.5885184,2.7122152,1.8274547,2.6496003,1.4351113,1.3280077,2.546147,2.3666542,2.6352222,2.6800878,2.5844295,2.5458937,1.7758031,2.250763,3.701726,3.7144756
11,2.9141114,2.8987932,2.549229,2.5282853,3.507193,2.4415977,2.4632258,2.4586618,1.780038,1.8332745,2.1113796,0.0,3.1466572,1.7564996,2.1538866,2.5204597,3.1412077,3.1497436,3.3360758,3.278156,3.1937063,3.4482503,3.4632256,3.1759012,2.731425,2.8640046,4.0312533,2.5811274,3.5011256,3.5005412,2.6533518,2.6295671,3.1948395,2.580145,3.0971107,2.9028625,2.3826468,2.7884667,2.4271214,2.1082978,2.2010834,2.5245898,2.4344757,2.008236,2.0342104,2.0209296,2.0830173,2.0960174,4.310277,3.94136,4.0755672,4.126598,3.4145374,3.8789673,3.1727998,3.1903179,3.064061,3.0017743,3.3579788,3.3854105,2.115705,2.5580912,2.1868584,2.144715,3.231574,3.165876,3.9025025,4.0148077,2.1939948,2.377775,2.1330583,2.5251803,2.5067656,2.5475054,2.6018512,4.193299,3.4836612,2.178224,2.4808934,2.9352105,3.4175806,3.435016,3.3321326,3.3304617,3.532476,3.8793335,3.1623826,3.641461,5.230914,3.6513119,4.0719686,3.5757673,3.1043055,3.737713,4.180288,2.6925056,2.9780524,2.998549,3.377413,2.924122,3.1371493,3.1675944,3.0387666,3.4920478,2.8440206,2.9421551,2.735591,2.822934,2.928561,2.525545,2.9484637,2.9514463,3.2254426,3.3938138,2.5451035,3.7970893,2.3411322,2.4429662,3.2177687,3.0704756,2.7416935,2.8748412,3.1591535,3.1028438,2.9288225,2.389113,4.062141,4.1468334
12,3.0175326,3.0144126,3.1682694,3.1627724,3.735706,3.1248088,3.1270118,3.1201115,1.9786985,1.8876568,2.215065,3.1466572,0.0,1.9652798,2.3881578,3.3431027,3.7396317,3.7057524,3.8242166,3.7501283,3.2739372,3.9659913,3.9725153,3.23195,3.3247833,3.4500675,4.2456055,3.0065377,4.0585456,4.0462275,3.442364,3.442763,2.6800573,3.1149168,2.9918678,3.4112482,2.3511376,1.6066895,2.3630075,2.314177,2.5908022,1.6726836,2.8129377,2.4483213,2.4253469,2.3150828,2.5478525,2.535108,4.7424984,3.9808028,4.4230323,4.3360596,3.4104302,4.051207,2.9744196,2.9895942,2.8460107,2.7958229,3.2981668,3.2261426,2.2412994,3.2480912,2.141172,2.1532853,3.5120552,3.6127036,4.194145,4.2971864,2.4134316,2.5824473,2.4450629,2.3211563,3.4696507,3.442297,3.543012,4.8392015,3.959595,2.11472,3.1241705,3.3536701,3.4747214,3.4651608,3.3623722,3.3637397,3.7567043,3.2009003,3.656137,3.6274977,5.0077276,3.249524,3.7883449,3.3400931,2.818637,3.5546885,3.074918,2.4142714,3.199562,3.1171396,2.7231097,3.0019882,3.71756,3.759109,3.1011271,2.8216472,3.0709643,3.1051743,3.2541482,3.188733,3.8100579,2.8819742,2.1576133,2.0137079,3.8623176,4.0156426,3.3994892,3.745695,2.5313761,2.3719914,2.1513524,2.1731875,3.752167,3.5965703,3.855635,3.8055801,3.6004117,3.3346968,4.6347036,4.7191043
13,1.726449,1.7159315,1.6731162,1.6598505,2.979308,1.5763624,1.5919849,1.5821651,0.37585425,0.21011181,1.057389,1.7564996,1.9652798,0.0,1.3397056,1.9352659,2.5576026,2.5717874,2.7339773,2.6856818,2.5678642,2.8922853,2.9049876,2.5915558,1.9967289,2.1687465,3.3998911,1.6497695,3.1123269,3.1541152,2.0820425,2.0948598,2.0213032,2.1189234,2.487173,2.631691,1.545296,2.2865648,1.8118542,1.3636688,1.6153523,1.9474639,1.9097185,1.3522471,1.3789186,1.2915092,1.551745,1.5546225,3.9186976,3.5088212,3.8605716,3.8214667,2.902496,3.5275714,2.5386589,2.5575433,2.4236143,2.3573306,2.7906015,2.8070838,1.2880172,1.8564782,1.3284445,1.3630362,2.9116247,2.8493528,3.6762736,3.78761,1.6736369,1.9003844,1.6107774,1.9154437,2.1758485,2.167211,2.203841,4.0560803,3.1422136,1.3317008,2.3843043,2.8240635,3.0026317,2.9568646,2.9023085,2.9019475,3.2448366,3.0098617,2.6766367,3.216402,5.0187836,3.1454294,3.7614362,3.2314835,2.6480854,3.434623,3.2634845,2.202404,2.6203458,2.5471694,2.9822936,2.413202,2.6469736,2.6642234,2.5061846,2.4553835,2.453005,2.520383,2.3215938,2.3707905,2.4282691,1.884548,2.5066764,2.452639,2.7366092,2.9426675,1.9383615,2.8676307,1.7827559,1.6946374,2.6409547,2.4628716,2.3436441,2.4543757,2.7345967,2.6585233,2.2833624,1.6792828,3.8058817,3.8928633
14,2.1765351,2.1699429,2.1982486,2.1896873,2.7618392,1.9856,1.988081,1.9801608,1.2607927,1.2309502,1.5543382,2.1538866,2.3881578,1.3397056,0.0,1.3184425,2.4884534,2.5071242,2.6390824,2.594165,2.882665,2.8092468,2.8215528,2.5367315,1.8511281,2.2162745,3.763823,2.090203,3.0384862,3.0438511,2.1737142,2.1710374,2.3276703,2.4490118,2.9003067,2.8143668,2.166722,2.8078325,2.2499723,1.8310527,2.0996847,2.3053503,2.341831,1.7812784,1.8294138,1.7731254,1.9398817,1.9218662,4.190582,3.8154175,3.7927177,3.7741926,3.5519931,4.091766,3.1485233,3.170039,2.9148643,2.776631,3.3698661,3.3826878,1.7098576,2.1645622,1.7444694,1.7739232,3.0178494,3.0943744,4.0484457,4.1558323,2.17163,2.3701725,2.1743076,2.4519541,2.3018005,2.2963722,2.481686,4.0223155,3.1756139,1.9414446,2.613206,3.0738883,3.0904074,3.3771174,3.3224251,3.3229105,3.550911,3.407297,3.1053846,3.6186578,5.3892555,3.56329,4.1225796,3.2776713,3.0287373,3.7581437,3.6279447,2.5515378,3.050026,2.9500449,3.3535705,2.8542626,3.0318978,3.0378182,2.9003992,2.8378708,2.1486385,2.1394165,2.073945,2.1306958,2.0235584,1.4010724,3.0110505,2.9683402,3.0929205,3.2933083,2.4913104,3.192235,2.4311492,2.355227,3.196731,3.045147,2.826823,2.9673915,3.2158957,3.1520696,2.7893133,2.2836826,4.168299,4.253557
15,2.0062895,2.004337,1.9746376,1.9709333,2.6252918,1.7424551,1.7906327,1.7887589,1.921441,1.905357,2.1248355,2.5204597,3.3431027,1.9352659,1.3184425,0.0,1.6696293,1.7067058,1.8941703,1.8897582,2.629582,2.0963678,2.1126528,2.287211,1.8225985,2.195142,3.7569807,2.0853362,3.1551154,3.1266506,2.155837,2.1901605,2.4962347,2.6184037,3.7227917,2.8692694,2.3317273,3.7352314,2.8734329,2.0216823,2.2513287,3.0088034,2.453964,1.9070481,1.9779907,1.9986563,2.0786781,2.0723376,4.5738235,4.4731627,4.3911915,4.393218,4.2639527,4.722677,3.949701,3.9687457,3.757812,3.6452627,4.0961866,4.145278,1.8289123,1.6168303,1.9242285,1.9711164,3.4585578,3.3873072,4.3249445,4.4234886,2.6091263,2.761359,2.6527023,2.933485,2.3536205,2.3446314,2.567976,4.142522,2.8409922,2.283208,2.6152008,3.112203,3.8296154,3.7590752,4.0113535,4.009303,4.2013464,4.0846357,3.3944788,4.2819467,5.852508,4.340145,4.761657,4.144324,3.8960347,4.544695,4.452495,3.296094,3.4278576,3.288607,4.0597787,3.243214,2.997367,2.996551,3.2266924,3.143144,2.7309315,2.7132113,2.5444448,2.6170883,1.9415525,1.9392104,3.7703574,3.755656,2.9574862,3.1826706,2.2531505,3.0815418,2.8849328,2.8611257,4.0032215,3.795251,2.762664,2.9054334,3.0786612,2.9946659,2.6726117,2.1861157,4.1430984,4.2353864
16,2.5376825,2.5448167,2.517606,2.4853494,3.067558,2.3794358,2.3669705,2.3740597,2.5142424,2.5997717,2.4360065,3.1412077,3.7396317,2.5576026,2.4884534,1.6696293,0.0,0.23607618,0.38412765,0.39178252,1.4553988,0.61687887,0.635309,1.2521712,2.0450938,2.1106749,3.3289495,2.1041594,3.2505753,3.6503499,2.1351314,2.2980635,2.5108469,2.676721,4.24505,3.0730314,1.972336,3.8098795,2.8278186,1.8348626,2.3641577,2.9972887,1.9869072,1.7455289,1.8404355,1.9183394,2.0115087,2.0140865,4.6367497,4.5830903,4.7961836,4.784766,4.5864835,5.1663885,4.3871994,4.398517,4.448867,4.3973136,4.7285557,4.777266,2.1560798,1.8752136,2.2293844,2.2970166,3.8949838,3.6794968,4.431357,4.4778833,3.2192519,3.239215,3.1983247,3.0591788,3.0077236,2.9774115,3.1209717,4.2777495,3.1810415,2.7464204,3.2017474,3.5095162,4.4090004,3.8199067,4.446683,4.434517,4.576046,4.4672437,3.8257737,4.7515926,5.65869,4.6756983,5.0186973,4.583471,4.2835445,4.976744,4.851307,3.6223216,3.5934706,3.4144173,4.2167287,3.4061496,3.1355655,3.1590478,3.3695312,3.3635237,2.988278,2.9949007,3.1195142,3.1088254,2.4979718,2.6535895,3.8970273,3.8337808,2.9754999,3.131623,2.1679502,3.0531106,2.9590268,2.9316058,3.914763,3.6824753,3.3100064,3.194694,3.0167222,2.9507334,2.4604461,2.7256095,3.9144588,3.950668
17,2.508167,2.5155602,2.4881358,2.4535072,2.9148288,2.3475068,2.3431003,2.3499632,2.531599,2.6125414,2.4532108,3.1497436,3.7057524,2.5717874,2.5071242,1.7067058,0.23607618,0.0,0.47874954,0.47496662,1.4616528,0.6812272,0.69237864,1.2299815,2.0423646,2.1094437,3.3249047,2.069449,3.2468936,3.6370234,2.1379092,2.2906501,2.5769665,2.7423227,4.2110476,3.0621178,1.9363172,3.7817924,2.79952,1.7928435,2.3295763,2.9737608,1.9667597,1.7211592,1.8100873,1.8884848,1.9798627,1.9822192,4.6222167,4.5616045,4.7704554,4.7564874,4.566292,5.1485915,4.353545,4.3649654,4.410767,4.360875,4.7040997,4.7514462,2.0997057,1.8188459,2.1731272,2.2449303,3.8861992,3.6717794,4.4300513,4.4796715,3.1794639,3.2017603,3.165261,2.9561527,2.9810624,2.9466653,3.1390529,4.2594113,3.087416,2.6965435,3.1540449,3.4288285,4.387613,3.792242,4.4281125,4.4151225,4.5689373,4.447286,3.8084033,4.737817,5.631834,4.654817,4.9608154,4.5545373,4.2621517,4.967421,4.8390465,3.5925431,3.556763,3.3798282,4.1869926,3.373136,3.1007571,3.1282816,3.3327537,3.3317013,2.9665046,2.9758568,3.1408834,3.1278179,2.550323,2.682649,3.8745105,3.814685,2.9462938,3.102523,2.1280396,3.025369,2.930775,2.9019666,3.8937929,3.664906,3.3466463,3.154653,2.9808297,2.9130697,2.4356136,2.7730033,3.8766305,3.9150844
18,2.761561,2.7720418,2.7478669,2.7145495,3.2350826,2.6097538,2.604925,2.6138706,2.6495025,2.7759464,2.4774082,3.3360758,3.8242166,2.7339773,2.6390824,1.8941703,0.38412765,0.47874954,0.0,0.123988494,1.3273515,0.2778363,0.30173945,1.1102118,2.1218913,2.1065893,3.3549225,2.2020934,3.3267922,3.8420403,2.1822827,2.3679338,2.5261316,2.735815,4.319499,3.123047,2.0322297,3.834582,2.813386,1.9334065,2.4628837,3.0170803,1.9374673,1.824646,1.9353513,2.010059,2.082934,2.0833423,4.597549,4.531874,4.7477765,4.7377305,4.6693406,5.2447243,4.4671216,4.47753,4.59552,4.5431304,4.8767877,4.9202123,2.3659978,2.1429288,2.4280307,2.5052273,3.9294677,3.7223284,4.4445605,4.46873,3.3552315,3.336691,3.314813,3.1669486,3.1056619,3.074664,3.1791048,4.298805,3.2658234,2.9344182,3.3266902,3.6235194,4.4567785,3.8745809,4.4994307,4.486905,4.580676,4.497737,3.9251544,4.8162065,5.6104765,4.724924,5.0627656,4.6434956,4.347686,5.029197,4.8915844,3.6812057,3.692244,3.4987059,4.268158,3.495257,3.2567892,3.267615,3.4546578,3.4219496,3.0126631,3.0113354,3.1772258,3.1550992,2.5600417,2.700063,3.9066834,3.8385663,3.051234,3.1809664,2.3045757,3.0837088,2.9981804,2.971529,3.9329305,3.705688,3.4927971,3.3653026,3.0925422,3.037054,2.4766052,2.966828,3.961475,3.9734638
19,2.7747972,2.7844796,2.7574973,2.7227197,3.2375433,2.6197414,2.6138093,2.6220062,2.5998368,2.7275796,2.4311254,3.278156,3.7501283,2.6856818,2.594165,1.8897582,0.39178252,0.47496662,0.123988494,0.0,1.2464788,0.3101971,0.3311131,1.000403,2.1240838,2.110183,3.3334239,2.19657,3.3117347,3.8266392,2.1839004,2.3613288,2.488751,2.6859026,4.288067,3.09579,1.9676431,3.7433896,2.7479887,1.8605334,2.4010065,2.9183838,1.8741889,1.7534752,1.8635062,1.9368356,2.0153196,2.01527,4.5963507,4.505445,4.73471,4.72396,4.643544,5.2171535,4.433016,4.443715,4.562031,4.5104694,4.846196,4.887918,2.305335,2.142346,2.367137,2.4391437,3.9092748,3.7099073,4.4329653,4.4579554,3.323853,3.3085365,3.279473,3.119012,3.1099598,3.0798545,3.1834743,4.2954893,3.2685568,2.8886647,3.2961786,3.5936015,4.4300966,3.8264258,4.4711766,4.4581523,4.5563083,4.474261,3.9164364,4.787647,5.5696507,4.691582,5.0277343,4.600814,4.3018565,4.9803634,4.8515778,3.6234536,3.6398602,3.450553,4.1906385,3.4466562,3.2450032,3.2603142,3.4149876,3.3928344,2.9619298,2.9622617,3.135786,3.108313,2.5654106,2.658682,3.823768,3.75543,3.0783625,3.206166,2.310068,3.1214788,2.9536753,2.926819,3.8451166,3.6206367,3.4808059,3.3523893,3.0836866,3.0287254,2.4884183,2.967811,3.953376,3.9653552
20,3.1125383,3.122258,3.0554008,3.0133755,3.7522156,2.9849122,2.999595,3.00707,2.454612,2.650769,2.209682,3.1937063,3.2739372,2.5678642,2.882665,2.629582,1.4553988,1.4616528,1.3273515,1.2464788,0.0,1.2965598,1.2942858,0.8093651,2.6245527,2.428849,3.3585305,2.362796,3.5983021,4.2027774,2.5415902,2.6642075,2.3406723,2.508794,4.151842,3.0089464,1.5302693,3.0296507,2.2999225,1.5866054,2.1279085,2.231768,1.3287197,1.4890884,1.5975287,1.6295812,1.7218904,1.725978,4.556561,4.2479353,4.6979904,4.676624,4.445398,5.0093284,4.1939073,4.2032833,4.4784513,4.4592066,4.745907,4.764158,2.2520044,2.543259,2.286976,2.3390877,3.9118397,3.7052155,4.333916,4.329553,3.2134616,3.1501453,3.121064,2.876396,3.3124955,3.283365,3.2473786,4.4943967,3.502627,2.7908971,3.2085886,3.5429537,4.357399,3.4995837,4.229031,4.2135506,4.31175,4.23313,3.8951278,4.5548296,5.2976346,4.3912134,4.7463517,4.4552374,3.9576747,4.6339192,4.523696,3.1805205,3.3338542,3.150983,3.6136506,3.149672,3.2617874,3.285606,3.1566212,3.1662729,3.1009967,3.142946,3.2985787,3.2435198,3.134725,2.8768315,3.1227095,3.0183597,3.2457006,3.3310344,2.4727626,3.2889013,2.59928,2.5863326,3.160323,2.9663603,3.6912935,3.5415828,3.2043676,3.1645725,2.5282528,3.2452838,3.976949,3.9589663
21,2.9518673,2.9626653,2.9251966,2.8866577,3.3675323,2.7894597,2.78625,2.7953563,2.7860236,2.9437573,2.5530512,3.4482503,3.9659913,2.8922853,2.8092468,2.0963678,0.61687887,0.6812272,0.2778363,0.3101971,1.2965598,0.0,0.052887425,1.1049014,2.2079961,2.1217203,3.3638585,2.279302,3.36919,3.9855304,2.2312424,2.4132354,2.6179535,2.793619,4.386307,3.1763964,2.1218922,3.9010282,2.8299687,2.045592,2.5287733,3.0861516,1.9200673,1.9156648,2.0276735,2.1004193,2.163029,2.163642,4.5506124,4.493123,4.714767,4.7071958,4.733851,5.2858734,4.532214,4.54226,4.7157664,4.6685796,4.9838505,5.0284986,2.5497386,2.3417082,2.6179664,2.695343,4.016488,3.8043528,4.5230675,4.5329943,3.5000803,3.4601445,3.4221997,3.2585092,3.1874604,3.1561117,3.2381089,4.333451,3.3400557,3.1221576,3.4538884,3.732779,4.523776,3.9232368,4.5656347,4.551458,4.6120734,4.5600767,4.0037413,4.882081,5.620847,4.794906,5.1132674,4.7122736,4.404807,5.0636673,4.9465003,3.7474248,3.7357402,3.5461938,4.3172812,3.546739,3.3086948,3.31474,3.5176811,3.498753,3.0762064,3.0786784,3.2286592,3.2058902,2.6229577,2.7878795,3.950012,3.8898396,3.1369045,3.2430503,2.3812141,3.1721346,3.056236,3.0360138,3.989055,3.7622187,3.615422,3.4816437,3.1380773,3.090861,2.4752254,3.1474779,4.0090604,4.0017266
22,2.9607854,2.9719272,2.9446723,2.9058113,3.3672698,2.805632,2.7978048,2.8069284,2.7982259,2.9570625,2.5598764,3.4632256,3.9725153,2.9049876,2.8215528,2.1126528,0.635309,0.69237864,0.30173945,0.3311131,1.2942858,0.052887425,0.0,1.1024127,2.2172205,2.1251879,3.3606634,2.2838926,3.349308,3.9735408,2.24103,2.4170954,2.6268268,2.803933,4.386608,3.1871214,2.1230004,3.904448,2.8286443,2.0500548,2.5274248,3.0901918,1.9186518,1.920914,2.0341012,2.1051042,2.1615186,2.161806,4.538255,4.486483,4.715439,4.707499,4.739428,5.290575,4.5317516,4.5417953,4.719448,4.6749115,4.9897327,5.03449,2.5539074,2.3472881,2.6231585,2.7005744,4.036085,3.8243449,4.5477214,4.55809,3.5224783,3.4840853,3.4385903,3.2563326,3.201667,3.1699812,3.2514117,4.337098,3.3514907,3.1411488,3.471565,3.7534468,4.5212727,3.9095216,4.5625324,4.5481176,4.608152,4.556481,4.0037465,4.8791494,5.6416116,4.8047466,5.121491,4.7122974,4.4025292,5.065148,4.943321,3.738952,3.7297907,3.5376701,4.310824,3.5392761,3.2975862,3.307958,3.5143094,3.499383,3.079479,3.0820074,3.237448,3.216676,2.6271884,2.803355,3.9498343,3.8885522,3.1392562,3.2420714,2.3783896,3.1703365,3.0514522,3.0320878,3.9845269,3.757361,3.625832,3.4902399,3.1424255,3.0977576,2.4711814,3.1595833,4.006627,3.9992394
23,3.1305046,3.138356,3.1062758,3.0636759,3.4492028,2.9821055,2.9923685,2.9972496,2.456144,2.6317325,2.2211492,3.1759012,3.23195,2.5915558,2.5367315,2.287211,1.2521712,1.2299815,1.1102118,1.000403,0.8093651,1.1049014,1.1024127,0.0,2.3978457,2.3127463,3.4476383,2.3860373,3.4225085,4.0200353,2.4253402,2.5278366,2.423742,2.592915,4.1295185,3.0097919,1.7130537,3.0713053,2.3117175,1.6011157,2.1681185,2.203164,1.5052438,1.506788,1.6129416,1.6435294,1.7592019,1.749992,4.600536,4.2737994,4.560062,4.539851,4.544364,5.1130056,4.2501507,4.2624793,4.456125,4.4089427,4.7834287,4.801303,2.201077,2.5421505,2.240559,2.2847822,3.8286424,3.6947522,4.42303,4.4308743,3.221791,3.188638,3.1577268,2.8732374,3.249538,3.2198606,3.2945874,4.3591943,3.4103103,2.7966022,3.2262814,3.518378,4.293445,3.6170878,4.3163514,4.3007884,4.392097,4.3077855,3.9832017,4.6428795,5.3006687,4.467185,4.7991443,4.3368936,3.9955804,4.675446,4.5706,3.2345138,3.358801,3.1801298,3.615206,3.176089,3.311757,3.3422344,3.181468,3.1972024,2.7681446,2.7803128,3.0582056,2.988029,2.9006586,2.579621,3.2357392,3.1511304,3.350328,3.442992,2.6058123,3.3959105,2.7382333,2.6984468,3.2561193,3.077413,3.7361956,3.5700667,3.267222,3.2271774,2.7012982,3.3380759,4.062257,4.0532184
24,1.9572085,1.956333,1.9152217,1.8655976,2.34129,1.7031597,1.6505145,1.6496621,1.8919094,1.9903704,1.7067217,2.731425,3.3247833,1.9967289,1.8511281,1.8225985,2.0450938,2.0423646,2.1218913,2.1240838,2.6245527,2.2079961,2.2172205,2.3978457,0.0,0.6603247,2.823064,1.0263515,2.5427303,3.1454852,0.6080629,1.0716474,2.6049633,2.7148075,2.5765662,3.1287591,2.0816834,3.3408394,2.0275862,1.885778,2.427869,2.9951394,2.0601985,1.8502134,1.927736,1.9346042,2.1443794,2.1396916,3.127108,3.049118,3.2738888,3.2311988,3.0279267,3.8647666,2.8450136,2.85431,2.9046035,2.8105052,3.3205156,3.3758645,2.30745,2.0616758,2.3634129,2.4725533,2.986787,2.8851435,3.753835,3.815127,2.6273103,2.6720438,2.5440643,2.3587458,2.1525826,2.1162455,2.390781,3.6268928,3.2503786,2.430733,3.402543,3.531613,3.099514,3.3977454,3.323999,3.3127513,3.4659817,3.3964279,2.926002,3.7226002,4.7769785,3.5199227,4.0429945,3.4050949,3.2382312,4.10038,3.886172,3.106385,3.2421296,3.1427703,3.9601321,3.0222487,2.8278024,2.792065,2.9996912,3.035503,1.9434571,1.9706146,2.2613862,2.2785647,1.5562199,1.7858382,3.6639972,3.603227,2.4453259,2.5959947,1.7034277,2.5260074,2.3597834,2.2202065,3.4760218,3.2580278,2.8041139,2.6029894,2.500879,2.436697,1.7242469,2.1460245,3.5658202,3.5765653
25,2.2518957,2.2561793,2.1780088,2.1179316,2.6731682,2.004311,1.9831173,1.9853253,1.9987136,2.2072022,1.603836,2.8640046,3.4500675,2.1687465,2.2162745,2.195142,2.1106749,2.1094437,2.1065893,2.110183,2.428849,2.1217203,2.1251879,2.3127463,0.6603247,0.0,2.7567024,0.950733,2.605422,3.4438133,0.58871114,1.058913,2.595621,2.6749778,2.5453029,3.0718918,2.0165267,3.2920263,1.7945064,1.9053715,2.3680604,2.9594095,1.7565277,1.8094102,1.907332,1.9053947,2.0756605,2.073517,2.7768357,2.6862173,3.001455,2.9597015,2.9973516,3.764696,2.7721584,2.780216,3.0653899,2.9972653,3.4302378,3.4829338,2.5047581,2.304427,2.574173,2.6893167,3.0630202,2.928665,3.7715752,3.7915685,2.758446,2.7300978,2.580484,2.3871026,2.175989,2.13639,2.2809148,3.6183596,3.3014805,2.672863,3.4731796,3.629238,3.1104906,3.31974,3.2616777,3.2471876,3.3171003,3.3183024,2.9099329,3.6771865,4.710441,3.503102,4.0104,3.467792,3.1879928,4.019197,3.8296485,3.0263097,3.1847403,3.082201,3.9105537,2.9629824,2.7817814,2.7305946,2.9574962,3.0018933,2.0719655,2.1218896,2.3387728,2.3646305,1.7203587,1.9434844,3.5470607,3.4923053,2.4061637,2.500927,1.628446,2.468785,2.2168794,2.0954883,3.4221663,3.201047,2.9600773,2.7539074,2.4399254,2.395714,1.3493675,2.4308028,3.4906056,3.4525127
26,3.4386735,3.4328332,3.3664777,3.294492,3.8968089,3.3365922,3.2053585,3.2059438,3.392483,3.4163475,3.283147,4.0312533,4.2456055,3.3998911,3.763823,3.7569807,3.3289495,3.3249047,3.3549225,3.3334239,3.3585305,3.3638585,3.3606634,3.4476383,2.823064,2.7567024,0.0,2.634184,3.69239,4.177797,2.852208,2.912565,3.3404603,3.4682038,3.691984,4.7667646,3.0034435,3.9224277,3.0589592,3.0242152,3.3775628,3.8233995,3.1707127,3.1166396,3.1144164,3.094055,3.2193415,3.224044,3.8234966,3.7932258,5.0257487,4.949504,3.8531318,4.305943,3.745486,3.7447762,3.870764,3.914102,3.9663644,4.0378947,3.3761058,3.261726,3.3941016,3.4569433,4.8304653,4.7197013,5.249511,5.27569,4.299388,4.3565254,4.049109,3.5515275,4.2450547,4.234458,4.308368,5.212107,4.715054,3.6452937,4.8532453,4.915615,4.295903,3.0660913,4.2835298,4.2475543,4.43069,4.275242,4.0795946,4.4809318,5.288411,4.499998,4.764091,4.5636835,4.1852098,4.684027,4.385128,3.9953742,3.9035516,3.944414,4.5754213,3.9015627,3.8281715,3.7505426,4.024124,4.000029,3.442413,3.4626307,3.4773405,3.4283352,3.0673702,3.307504,3.9936285,3.9392717,4.398454,4.3861365,3.1210568,4.3436794,3.4370885,3.3821018,3.348645,3.1244063,3.6578236,3.437238,3.351782,3.2787142,3.0374782,3.3884697,4.2733955,4.237637
27,1.5495045,1.5489075,1.5524635,1.4866463,2.3298917,1.3883497,1.3236264,1.3223367,1.5798815,1.7109826,1.3967583,2.5811274,3.0065377,1.6497695,2.090203,2.0853362,2.1041594,2.069449,2.2020934,2.19657,2.362796,2.279302,2.2838926,2.3860373,1.0263515,0.950733,2.634184,0.0,2.6181448,3.151623,1.0348828,1.3469361,2.224218,2.3678086,2.332838,2.743127,1.5389636,3.0171394,1.6970738,1.492439,1.9442563,2.6833544,1.6291391,1.4622848,1.4933927,1.4948075,1.6879094,1.6968106,2.9756825,2.8796232,3.3409534,3.288806,2.7137694,3.3631258,2.4660275,2.4748042,2.6327293,2.599327,2.9038627,2.9604151,1.9076612,1.6798791,1.9825063,2.1145809,3.0856624,2.9225123,3.668703,3.743629,2.2877183,2.3411067,2.0193408,1.8263725,2.0525067,1.9997783,2.2337544,3.7603137,2.8978438,2.114983,3.0078974,3.148706,3.0551066,3.0709743,3.0567636,3.0425432,3.2686574,3.0373387,2.5762095,3.391524,4.739088,3.3125684,3.7309763,3.4221306,2.9704766,3.708885,3.476463,2.7383146,2.9226394,2.8648212,3.7114375,2.7414386,2.5238676,2.517002,2.796041,2.7515857,2.2559018,2.3256679,2.281613,2.3131769,1.8906434,2.0537038,3.1653125,3.1354704,2.1878603,2.3359718,1.0426966,2.2332654,1.7951221,1.691413,3.1227667,2.8853054,2.5305223,2.1551933,2.060207,1.9881573,1.0934768,1.8933865,3.3451111,3.3696485
28,3.0080721,3.0105093,3.6468308,3.621368,3.2778099,3.3044298,2.8377092,2.837283,3.1096246,3.125648,2.914183,3.5011256,4.0585456,3.1123269,3.0384862,3.1551154,3.2505753,3.2468936,3.3267922,3.3117347,3.5983021,3.36919,3.349308,3.4225085,2.5427303,2.605422,3.69239,2.6181448,0.0,1.7435827,2.5048585,2.5165868,3.460431,3.384181,3.1449068,3.7798593,2.918295,3.9372776,2.938792,2.8991718,3.102313,3.697048,3.0745378,2.8690424,2.9486232,2.936213,2.936113,2.9299636,3.2083333,3.5753198,4.1098785,4.087258,3.5162792,4.2516894,3.2702665,3.2776062,3.3569133,3.4851685,3.668478,3.7265496,3.1179955,3.0554018,3.1923451,3.2604122,4.4941716,4.404926,5.1601396,5.3101764,4.038235,4.248859,3.6055164,2.861083,3.687906,3.6689181,3.837645,3.8006747,4.535055,3.9113102,4.586411,4.751575,3.8191917,3.9371243,3.923315,3.9154673,4.061785,3.9821317,3.7400217,4.1756926,5.7905593,4.700683,5.0927286,3.706146,3.6087692,4.427762,4.135004,3.4992201,3.5161276,3.3348188,4.061643,3.2541385,2.9294078,3.2666037,3.6273515,4.007317,2.6873724,2.6866448,3.1820326,3.3257499,2.69737,3.5404327,4.106932,4.038578,3.074006,3.069513,2.4101002,3.1503108,2.5359204,2.4748917,3.6234672,3.4168901,3.0925298,2.981572,2.9590247,3.070617,2.7378933,2.808701,3.6523683,3.7903717
29,2.8205478,2.8159492,3.5535595,3.55212,3.265764,3.221355,2.692731,2.691454,3.2936687,3.1155798,3.4452512,3.5005412,4.0462275,3.1541152,3.0438511,3.1266506,3.6503499,3.6370234,3.8420403,3.8266392,4.2027774,3.9855304,3.9735408,4.0200353,3.1454852,3.4438133,4.177797,3.151623,1.7435827,0.0,3.2846475,3.3180847,3.7741237,3.7320526,3.6161013,4.1230435,3.3171134,4.2806277,3.6926394,3.2372587,3.5289216,4.040689,3.797478,3.283348,3.3293395,3.3316267,3.2328794,3.2313817,4.371028,4.6377544,5.059524,5.054907,4.0461965,4.6468043,3.7307823,3.7403738,3.355438,3.4575737,3.6869004,3.7315793,2.9064062,2.7859993,2.943907,2.9862857,4.9566417,4.9117684,5.51226,5.726322,3.98809,4.3114915,3.7202308,3.2020025,4.0985117,4.089069,4.326607,4.4297986,4.7205377,3.7630792,4.4481955,4.811441,4.273924,4.269934,4.338867,4.3392434,4.664073,4.476969,4.090131,4.5302773,6.4013433,5.09245,5.464333,4.204735,4.1119776,4.876297,4.6099744,3.7686675,4.078757,3.9195805,4.5654187,3.8632631,3.524572,3.8516426,4.140718,4.4697733,3.2996268,3.2695987,3.7109413,3.8461723,3.2241514,3.9360805,4.431826,4.322864,3.403839,3.5035756,2.8888166,3.5179079,3.029053,3.0342362,3.9893684,3.801724,3.0543973,2.9531736,3.4170399,3.4727616,3.5538194,2.535262,3.9108105,4.16537
30,2.1256258,2.126855,2.053271,2.0073984,2.5765288,1.8581127,1.789652,1.7928272,1.9645472,2.1110334,1.6781149,2.6533518,3.442364,2.0820425,2.1737142,2.155837,2.1351314,2.1379092,2.1822827,2.1839004,2.5415902,2.2312424,2.24103,2.4253402,0.6080629,0.58871114,2.852208,1.0348828,2.5048585,3.2846475,0.0,0.84862566,2.7189288,2.7187128,2.5361247,3.0749562,2.0246866,3.2922132,1.9002786,1.8901579,2.394242,2.9999027,1.905607,1.8207897,1.9242774,1.93253,2.1664762,2.1660228,2.923389,2.8631957,3.1625376,3.1264627,2.832023,3.7769325,2.7480342,2.7550116,2.948315,2.8854632,3.332046,3.3880389,2.4738474,2.245819,2.5292292,2.63825,2.8826728,2.7102346,3.5834846,3.6280227,2.6200743,2.6390543,2.5119514,2.2798767,2.0774446,2.0504234,2.2599473,3.3934908,3.3421388,2.533868,3.4556196,3.5116878,3.1392748,3.435065,3.2710614,3.261648,3.3578646,3.391088,2.9057825,3.6978838,4.5377693,3.49313,4.023517,3.3594184,3.176564,4.0837636,3.9204946,3.1400988,3.1067975,2.9903955,3.8438728,2.8674593,2.6688397,2.635128,2.858585,3.0032945,1.9964212,2.0486386,2.4022074,2.4423752,1.8124423,2.0656288,3.6349616,3.5795655,2.2572665,2.3719761,1.5513725,2.4225683,2.1848805,2.0422149,3.4210134,3.200655,2.7472382,2.5429156,2.3258085,2.2809837,1.4636811,2.177995,3.3761494,3.3704813
