,0,1,2,3,4,5,6,7,8,9,10,11,12,13,14,15,16,17,18,19,20,21,22,23,24,25,26,27,28,29,30,31,32,33,34,35,36,37,38,39,40,41,42,43,44,45,46,47,48,49,50,51,52,53,54,55,56,57,58,59,60,61,62,63,64,65,66,67,68,69,70,71,72,73,74,75,76,77,78,79,80,81,82,83,84,85,86,87,88,89,90,91,92,93,94,95,96,97,98,99,100,101,102,103,104,105,106,107,108,109,110,111,112,113,114,115,116,117,118,119,120,121,122,123,124,125,126,127
0,0.0,0.25265542,1.7760547,1.8541749,1.9483485,1.6450772,1.5480962,1.508238,3.300675,2.1159263,2.123365,2.3642962,2.5223997,2.9844658,1.9983715,2.6236534,2.9535835,2.8466702,2.4521418,2.6717138,3.3950171,2.8232079,2.8263872,3.8145506,3.6447968,2.3043354,3.7486818,4.0066977,3.2436657,2.6118002,3.2355375,2.384059,2.4545777,2.1373858,1.819426,2.2633598,2.0927372,2.8386667,2.5270123,3.0025258,3.3592994,2.8654156,3.8312857,3.6213665,3.50688,3.3366764,3.0888524,3.0859587,2.798985,3.9487026,2.9261372,2.9536808,2.5332654,3.3415248,3.619461,3.6674445,2.906641,2.954487,2.9507198,2.736924,3.1570673,3.4620378,3.8369913,3.2784388,3.0328307,3.026425,3.046577,3.5653815,2.1401713,2.1577423,2.8647397,2.8396754,2.4857335,2.5102923,2.0260844,2.5316038,3.2560015,2.577852,3.0831518,3.1144257,2.5263534,2.4125957,2.8271544,2.58123,3.2740972,3.4727452,4.2635474,4.2308917,3.5613236,3.5395277,3.4244199,3.6159565,2.8441315,3.0631566,3.0298295,2.836557,3.2761247,3.1909604,3.518099,3.7772558,3.3235214,2.9700134,3.072063,3.1075728,2.3999574,2.2072792,3.7040246,3.1707928,3.6120198,3.2081509,2.8791733,2.6685889,2.875711,2.454795,4.1629605,3.7701142,2.4479418,2.4908783,3.2951949,3.1266694,3.0876913,3.0569148,3.1632478,3.0122108,3.1089408,3.906207,4.1019344,3.2342012
1,0.25265542,0.0,1.60801,1.6904533,1.8139391,1.4726951,1.3690457,1.3212607,3.105276,1.981585,1.9877288,2.2269864,2.4041164,2.8679233,1.864658,2.5170274,2.8345094,2.7286227,2.311013,2.5414553,3.2122593,2.6985712,2.737105,3.6532397,3.4346058,2.2749631,3.5467384,3.8120766,3.0613458,2.488501,3.0528045,2.3205059,2.3114278,1.9807091,1.7669948,2.1068347,2.0649927,2.8023436,2.3871417,2.8254826,3.2471893,2.8834445,3.6763926,3.4587224,3.4143362,3.2319982,2.9827087,2.98052,2.67313,3.7928498,2.7487981,2.7784867,2.3993442,3.2441618,3.535181,3.5850406,2.9163625,2.8422027,2.973452,2.7736664,3.0687616,3.3513339,3.7036183,3.1815982,2.8368106,2.8315403,2.8591344,3.3988028,2.1056924,2.0851836,2.7241006,2.7022653,2.333291,2.356522,2.028713,2.378316,3.071118,2.4115224,2.8840485,2.9158165,2.4125009,2.2816236,2.7115777,2.5373123,3.0764427,3.2925987,4.0632834,4.031189,3.397493,3.375892,3.2564373,3.445155,2.7065866,2.9284704,2.9043868,2.6948135,3.1615715,3.08175,3.4096484,3.681526,3.2246938,2.925474,2.9549773,2.992032,2.2688904,2.057093,3.6080742,3.0474246,3.4507551,3.0764334,2.8315804,2.652836,2.6894088,2.3039954,4.0073686,3.6098413,2.4441576,2.49808,3.164984,3.023932,2.956154,2.9245718,3.038211,2.887839,2.9794326,3.7218385,4.012913,3.1085815
2,1.7760547,1.60801,0.0,0.3552357,1.4967567,1.2101481,1.1289809,1.0920308,2.1830952,1.5112413,1.545441,1.8001198,1.786075,2.1357348,1.4353979,2.037337,2.2567894,2.1563456,2.2222733,2.4712493,2.5155778,2.5419853,2.5056696,3.09288,2.4151974,2.352352,2.977208,3.0406456,2.5513744,2.32009,2.5309315,2.5338237,2.018276,1.6195832,2.0048568,1.7165799,2.3021457,2.63148,1.9811188,2.1405685,3.1615818,3.4267817,3.2056491,2.8708954,3.505883,3.156586,2.861227,2.8146837,2.4332004,2.8058808,2.2027576,2.1847157,2.12201,2.900242,3.2222826,3.3349662,3.0115294,2.6399908,3.2880168,3.1117496,2.7400336,2.8377888,3.1660194,2.926441,1.7867197,1.7875537,1.8616793,2.209649,1.9501097,1.526383,2.2006912,1.6667048,1.6328243,1.6775016,2.1731863,1.6819066,2.3640366,1.8653477,2.088522,1.9915363,1.8499515,1.5153071,2.2006593,2.395709,2.0769966,2.3892643,3.0520759,3.0229836,2.6538463,2.6162233,2.5377614,2.6883547,1.8538924,2.1316566,2.1497607,1.8490719,2.8115547,2.7422273,3.2937646,3.5178804,3.168133,3.1106431,2.6189845,2.7328725,1.3602904,1.2853539,3.318255,2.7246935,2.7660728,2.687512,2.7837825,2.7314067,1.8700091,1.6711925,3.5116687,3.070337,2.6458054,2.7587774,2.886471,2.9217052,2.5987446,2.5769956,2.953601,2.7906842,2.6022956,2.9902418,3.5466747,2.796373
3,1.8541749,1.6904533,0.3552357,0.0,1.6876802,1.3245028,1.1117815,1.0888988,2.3428493,1.748686,1.7773591,2.0011444,2.0001101,2.2648637,1.690092,2.2746918,2.4322302,2.3381798,2.3906577,2.622432,2.681413,2.7320352,2.6899717,3.2461143,2.5291214,2.5634193,3.0797663,3.138837,2.6737354,2.468663,2.6782897,2.7452679,2.1688929,1.8405713,2.1695046,1.8954439,2.461464,2.7683885,2.1619115,2.2569182,3.352125,3.5684872,3.3606114,3.0365746,3.6415133,3.297782,3.0300899,2.992396,2.5883973,2.9067378,2.3396356,2.31191,2.2850864,3.0824294,3.3779027,3.5203853,3.2142286,2.827886,3.4744322,3.3128862,2.9339852,3.0277102,3.316711,3.0962265,1.9371183,1.9284778,2.0159614,2.3067133,2.1204271,1.7851177,2.2817323,1.7792206,1.8043376,1.8520694,2.336534,1.8662467,2.4896052,2.016687,2.219491,2.128334,2.0251582,1.7627871,2.2896976,2.4877703,2.1725788,2.4876618,3.1363003,3.1072497,2.8242607,2.785617,2.7206843,2.8673315,1.9844351,2.2731318,2.3016162,2.013381,2.7955503,2.7349885,3.3131807,3.4926326,3.1837168,3.1202092,2.6144273,2.7471278,1.4767947,1.5343237,3.4019032,2.7688282,2.826982,2.7456274,2.8555806,2.8103993,2.0582213,1.9409689,3.5150282,3.0970602,2.7208207,2.8288777,2.9216354,2.963917,2.6420462,2.622906,3.0025814,2.8467548,2.6588762,3.023123,3.655547,2.8358707
4,1.9483485,1.8139391,1.4967567,1.6876802,0.0,0.5970168,1.161185,1.162509,1.7017897,0.71266395,0.76618713,1.2272989,1.7040112,2.4155297,0.66528255,1.8263879,2.2573345,2.1177118,1.6270022,1.7705674,2.1406171,1.979276,2.1153867,2.8361728,2.2630804,2.186755,2.4113941,2.7363079,2.0780334,1.7826861,2.021539,2.076663,1.4171981,0.66169506,1.3483136,1.0255619,1.9523962,2.7208977,1.3343176,1.5880938,2.7388978,2.9113462,2.8225737,2.628725,2.8615863,2.6865396,2.3720253,2.3025808,1.988951,2.8789625,1.6854693,1.7496376,1.5257668,2.1326668,2.5929837,2.7643769,2.333077,2.023316,2.5597613,2.3012557,1.8493549,2.0249448,2.4195504,2.1439214,1.5349803,1.5263193,1.6743008,2.380176,2.1417892,1.7058032,1.964863,1.9588746,1.3824003,1.511157,2.03758,1.5039519,2.017128,1.3362395,1.7138225,1.7795506,1.5685753,1.3620957,2.0093198,2.273953,1.993455,2.3478954,2.9714918,2.9716933,2.6414244,2.611425,2.4568045,2.609916,2.1042032,2.325732,2.326733,2.0975401,2.6000147,2.4516377,2.9497066,3.2089236,2.6976464,2.803546,2.1817107,2.241489,1.3212116,1.077647,3.0868533,2.5279639,2.514835,2.5322318,2.510774,2.5357833,1.4335276,1.186767,3.3417747,2.9253418,2.4706106,2.57279,2.6890013,2.7267425,2.5049007,2.48234,2.5595152,2.34239,2.441974,2.8472614,3.0459013,2.6894994
5,1.6450772,1.4726951,1.2101481,1.3245028,0.5970168,0.0,0.6195209,0.61389804,1.8376819,0.98805463,1.0067084,1.3687363,1.8378347,2.44888,0.93762666,1.9942852,2.3211799,2.1945226,1.7129476,1.8830831,2.2512739,2.0853968,2.2437,2.9249763,2.3348448,2.3020883,2.476302,2.817818,2.1384487,1.8883564,2.102289,2.1751108,1.5561135,0.9555634,1.480677,1.1762362,2.0253224,2.777202,1.5011332,1.721909,2.8293076,3.000378,2.9161465,2.7241092,2.940149,2.7632756,2.4808037,2.4323187,2.0931346,2.943828,1.769226,1.8210058,1.655087,2.4611602,2.8407855,2.9998431,2.6548288,2.2097092,2.8385267,2.6152701,2.2218275,2.3806381,2.7156663,2.4374764,1.6390752,1.6273545,1.7810326,2.4538577,2.183054,1.8199981,2.0378006,2.0157447,1.5249356,1.6214731,2.1462004,1.6277345,2.1058369,1.4598501,1.7837739,1.8563714,1.7272197,1.5318968,2.0937853,2.3440197,2.0433993,2.4011238,3.039183,3.0383153,2.709685,2.6801255,2.5464964,2.7057629,2.136601,2.377215,2.3795745,2.1313288,2.581543,2.4572124,2.922303,3.1791885,2.7091286,2.781674,2.2008767,2.277456,1.3749127,1.2503653,3.1720946,2.544774,2.590678,2.5571668,2.5902915,2.611125,1.5955969,1.4248008,3.3329132,2.9244015,2.4950466,2.5978744,2.681698,2.716953,2.4887612,2.46342,2.5480435,2.351209,2.4586427,2.8527026,3.3120284,2.6778772
6,1.5480962,1.3690457,1.1289809,1.1117815,1.161185,0.6195209,0.0,0.12098157,2.163265,1.4601074,1.4833866,1.7617208,2.1191785,2.6889682,1.3840928,2.3109121,2.621742,2.5179696,2.0245693,2.1518688,2.5377107,2.3361728,2.5299032,3.2120924,2.5594468,2.4913747,2.7145495,2.981955,2.3813174,2.1724935,2.4008083,2.4743457,1.9258912,1.476057,1.8278731,1.6298021,2.2748892,2.8706613,1.8618196,2.0536919,3.078902,3.17222,3.1225457,2.9403734,3.2013562,2.982935,2.7254279,2.6760395,2.411563,3.1429272,2.0328493,2.0745647,1.9782505,2.890045,3.1920857,3.3646235,3.0534046,2.5645802,3.1968424,2.9858198,2.6393983,2.7735543,3.0957615,2.8437214,1.9388037,1.9192986,2.0221488,2.6280763,2.3615103,2.0250764,2.2824929,2.2416317,1.8264089,1.9187262,2.3629858,1.9363674,2.3872368,1.8688596,2.1328197,2.1632211,2.0245285,1.8393265,2.3501868,2.5681417,2.274528,2.5954847,3.2063057,3.219942,2.9292958,2.892031,2.7954392,2.9521008,2.3379383,2.5658486,2.5794468,2.3385522,2.7675452,2.6551912,3.1407866,3.3264687,2.848278,2.8973372,2.386165,2.483956,1.5504501,1.5697123,3.3364213,2.7335856,2.8004367,2.7534518,2.780755,2.7851496,1.8991497,1.7511238,3.4998934,3.0898106,2.6171036,2.725005,2.85375,2.8835557,2.6641343,2.6406996,2.7971072,2.626116,2.6623049,3.0439804,3.6710079,2.8546739
7,1.508238,1.3212607,1.0920308,1.0888988,1.162509,0.61389804,0.12098157,0.0,2.1398056,1.4260083,1.4461702,1.7494752,2.0748553,2.6382241,1.3512241,2.2527997,2.5733912,2.4706135,1.9845304,2.1342278,2.5061386,2.3310993,2.4901085,3.1555414,2.5269976,2.4651914,2.681579,2.9535215,2.3599172,2.153205,2.3642023,2.4232328,1.8837538,1.4417648,1.7971615,1.5864631,2.2502453,2.864296,1.8130503,2.035285,3.0580795,3.1918743,3.1085758,2.926415,3.18768,2.9791734,2.7217917,2.675869,2.3862007,3.0921037,2.022154,2.061009,1.9629867,2.8775394,3.1853979,3.3463552,3.0247424,2.5303125,3.18418,2.9817502,2.6381187,2.7666945,3.087515,2.8333092,1.9302828,1.9153432,2.0013041,2.6061637,2.3274076,1.990515,2.2881832,2.2216835,1.8035562,1.8874791,2.3387284,1.9033878,2.3696237,1.8388852,2.10045,2.1312616,1.9953196,1.8012962,2.3240132,2.5410564,2.248307,2.5594966,3.1753292,3.1866136,2.8702364,2.8324373,2.749835,2.9054484,2.3049357,2.5536795,2.536295,2.3044248,2.7919884,2.6894913,3.1592274,3.3602974,2.8848822,2.9231713,2.4275439,2.5267453,1.5457859,1.5384678,3.3381631,2.7453694,2.819574,2.7527554,2.8175623,2.8056529,1.8947582,1.7249485,3.5033991,3.1002426,2.640667,2.7512655,2.8671093,2.895243,2.6684651,2.6438088,2.793712,2.6275437,2.6730583,3.0537486,3.6873388,2.8602638
8,3.300675,3.105276,2.1830952,2.3428493,1.7017897,1.8376819,2.163265,2.1398056,0.0,1.4706664,1.472301,1.7410375,2.2911167,2.7982125,1.5762798,2.2451842,2.4141939,2.303842,2.2743719,2.4666529,1.8163939,2.464128,2.4277785,2.4397616,1.4326864,3.20562,1.8012992,2.1499915,1.9565017,2.4314468,1.6999022,2.817222,2.0398436,1.5651671,2.6554341,1.7207057,3.012514,3.5243692,1.7503219,1.5479531,3.078654,4.157092,2.5615897,2.478151,3.2895782,3.0939806,2.8579469,2.7677965,2.491503,2.3234205,1.6989459,1.7540808,2.1376712,2.5765407,2.8908267,3.025902,3.258503,2.341358,3.6681314,3.4970124,2.344867,2.0467272,2.3654346,2.627364,1.0955976,1.1466933,1.3425832,2.1046126,3.1549962,2.4563558,2.6806235,2.2571273,1.9414237,2.0086887,3.274171,1.9664066,1.8562983,1.7470405,1.3673891,1.4104079,2.131799,1.6897801,2.5338047,3.1807046,1.5635918,2.002334,2.1328752,2.1543293,2.2061906,2.1519086,2.0647435,2.0922213,2.370556,2.5917952,2.5696592,2.3785036,3.3449898,3.2634618,3.6216161,3.8870566,3.550764,3.9365225,3.0052814,3.0994477,1.9256005,1.751457,3.7686367,3.320538,2.8400474,3.2346063,3.7256892,3.8659942,1.3961569,1.5469855,3.5990665,3.3070521,3.8513207,3.9709115,3.4163473,3.646608,3.2588918,3.2378414,3.3556838,3.1881416,3.2086978,2.919609,3.6648731,3.4415665
9,2.1159263,1.981585,1.5112413,1.748686,0.71266395,0.98805463,1.4601074,1.4260083,1.4706664,0.0,0.15318039,0.9729044,1.7038943,2.3246136,0.2591849,1.6101176,1.9895183,1.8462344,1.7210015,1.9735992,2.1388004,2.0916977,1.8260598,2.6358857,2.1925867,2.1875985,2.3791413,2.6787882,2.1004484,1.8310091,1.9280583,1.8980148,1.4386033,0.78323936,1.4427649,1.0025373,1.8060399,2.5861704,1.203443,1.5803477,2.7500958,3.2407682,2.7141998,2.5902028,2.9270096,2.72033,2.427324,2.3646686,1.9817168,2.6646717,1.7549866,1.7990707,1.5901738,2.0986264,2.4646723,2.6062615,2.1285274,1.8118958,2.5728698,2.3470666,1.8478059,1.8902469,2.3907192,2.1448724,1.5451171,1.5623661,1.6823851,2.3491063,2.0575252,1.4418743,2.2940786,1.862509,1.3769445,1.4467719,2.0404477,1.4023886,2.0100672,1.3110375,1.645768,1.6839774,1.578044,0.9110914,1.9794168,2.2463562,1.8977517,2.260727,2.9105568,2.8959205,2.3708708,2.3129795,2.1581922,2.3122022,2.0018327,2.2969205,2.2408743,2.002795,2.998047,2.9089594,3.302859,3.565438,3.2029455,3.218253,2.6792278,2.7766368,1.292056,1.0043913,3.4710193,2.9622889,2.9416456,2.9235713,3.0171325,3.0049438,1.5975035,1.0708627,3.682838,3.325604,2.9841995,3.073539,3.121593,3.176148,2.9032114,2.876472,3.0090964,2.8039398,2.8651383,3.1930058,3.3650217,3.1012492
10,2.123365,1.9877288,1.545441,1.7773591,0.76618713,1.0067084,1.4833866,1.4461702,1.472301,0.15318039,0.0,0.96486187,1.7226325,2.320961,0.35041586,1.605445,1.983462,1.8487238,1.765555,2.0050733,2.1539972,2.1400945,1.830317,2.6302302,2.2137272,2.2383342,2.3788493,2.7011738,2.128302,1.8634443,1.9373462,1.897914,1.4645107,0.8109948,1.4535354,1.0170646,1.8186119,2.617461,1.2089151,1.6280442,2.79,3.2950163,2.762764,2.6515129,2.9457662,2.7699213,2.486142,2.4260802,2.014284,2.667133,1.822507,1.8716178,1.6332912,2.1449463,2.4815912,2.616913,2.1687603,1.8457973,2.6124063,2.3909867,1.928894,1.9738123,2.455042,2.194613,1.5836712,1.6051109,1.7383862,2.3859184,2.0984275,1.5126085,2.3395972,1.9039987,1.4462225,1.4941573,2.0766535,1.4432832,2.0493588,1.3296977,1.6605333,1.7127268,1.6360786,0.9547923,1.9885924,2.2493203,1.9299388,2.2831416,2.947756,2.9424083,2.385153,2.3272774,2.202638,2.3586497,2.0396054,2.362454,2.22852,1.9989275,3.0192363,2.9318573,3.291547,3.564555,3.2398696,3.2559283,2.709171,2.805824,1.373561,1.0946577,3.5284684,2.9975824,2.9907029,2.967661,3.0662396,3.0506566,1.6488926,1.107477,3.693566,3.3588462,3.0270748,3.112542,3.1537147,3.2084236,2.9313717,2.9045777,3.0202303,2.8194587,2.8960953,3.2181184,3.4158654,3.134563
11,2.3642962,2.2269864,1.8001198,2.0011444,1.2272989,1.3687363,1.7617208,1.7494752,1.7410375,0.9729044,0.96486187,0.0,1.9997553,2.524619,1.004925,1.9406705,2.139224,2.050437,2.042634,2.1601765,2.3152819,2.346989,1.9709964,2.676581,2.3747766,2.4839272,2.4875517,2.7788289,2.2310119,2.0140698,2.16982,2.0805092,1.89231,1.3038465,1.7885911,1.375927,1.693805,2.2258773,1.8656541,1.842719,2.8909416,3.4369895,2.8963997,2.7917316,3.2257967,2.9223049,2.6237059,2.6068542,2.2878692,3.0118384,1.9911171,2.0255384,1.7793145,2.2497203,2.6058886,2.7184951,2.3800526,2.020575,2.7631564,2.5724173,2.1017685,2.1824658,2.5798903,2.3656516,1.7547789,1.7362162,1.9042811,2.5119634,2.179369,1.6560844,2.4256985,2.0894399,1.6088414,1.6540916,2.215678,1.6051754,2.1455078,1.5255287,1.8121856,1.8588248,2.2853076,1.3206911,2.0887737,2.3242102,2.0827706,2.4084811,3.0204408,3.0116618,2.4538107,2.4054923,2.2452626,2.3883164,2.1730995,2.5075068,2.7510018,2.2449012,3.1548662,3.0840094,3.3888237,3.702467,3.386431,3.3711069,2.8756669,2.9397225,1.64233,1.412011,3.5650988,3.075565,3.0576553,3.035727,3.1460958,3.1527808,1.8170794,1.4358892,3.693119,3.4032114,3.155034,3.2222774,3.1919968,3.2551017,2.9829936,2.9523542,3.0885866,2.8634992,2.9304595,3.2336695,3.4250197,3.1702423
12,2.5223997,2.4041164,1.786075,2.0001101,1.7040112,1.8378347,2.1191785,2.0748553,2.2911167,1.7038943,1.7226325,1.9997553,0.0,1.5774097,1.655023,0.68753535,2.6467564,2.535459,2.1959393,2.3428993,1.9826597,2.631112,2.674888,2.686439,2.4501474,2.46809,2.748952,2.8686552,2.5686634,2.3708196,2.5156262,2.573475,2.1758945,1.7721909,2.1179173,1.805764,2.5190992,3.0036142,2.0775955,2.255668,3.217725,3.524203,3.2767107,2.8770952,3.4664834,3.4735556,2.984894,2.9022205,2.4614615,2.2409575,2.375363,2.293951,2.0366154,2.5220335,2.990254,3.1201005,2.796943,2.6408584,3.1442976,2.953898,2.6247642,2.7349439,3.0001116,2.805294,2.2095218,2.2123532,2.1725492,1.5944388,2.2575743,1.8449388,2.454869,2.376024,2.0006323,2.0738409,2.473771,2.0471082,2.5405133,2.0526843,2.2758448,2.2449675,2.4201734,2.0589325,2.5556622,2.739839,2.4024622,2.6096194,3.152643,3.1517441,2.9060116,2.8766575,2.8141136,2.937853,2.5079358,2.7379029,2.5674484,2.3912265,3.0610552,2.9300835,3.4152648,3.6505082,3.2232223,3.1892262,2.6993272,2.8163943,2.1023147,1.7486678,3.3766696,2.9333892,2.9040964,2.8753076,2.979113,2.812673,2.1585703,1.9561472,3.6410654,3.252463,2.9143848,3.0156353,3.1615708,3.1959357,2.8475142,2.841637,3.0038984,2.8133543,2.7851663,3.1347218,3.3621655,3.0184853
13,2.9844658,2.8679233,2.1357348,2.2648637,2.4155297,2.44888,2.6889682,2.6382241,2.7982125,2.3246136,2.320961,2.524619,1.5774097,0.0,2.3065279,1.7717274,2.0360773,2.0066335,2.3917775,2.5350578,2.4606647,3.0270877,2.9453855,2.7609344,2.6008456,2.663676,3.1819928,3.30752,2.7240672,2.4351778,2.6792517,2.7136242,2.1573808,2.282482,2.2325032,2.0029376,2.4707892,3.0118306,2.1809247,2.3121245,3.3248065,3.8777254,3.3487077,2.9670682,3.3508327,3.3879392,3.080857,3.1261487,2.4476068,2.555309,2.7018378,2.6314561,2.4473803,2.5601575,2.9945066,3.1496902,2.8483899,2.7054317,3.2204483,3.3242092,2.9941697,3.1317978,3.0200472,2.8358576,2.6774938,2.7061117,2.732826,2.2474506,2.2481422,2.3825352,2.5073836,1.8986714,2.1132078,2.114265,2.5025222,2.0931013,2.5357559,2.0129619,2.2592626,2.2301426,2.6989202,2.4162042,2.495931,2.6743498,2.4042668,2.6444092,3.228676,3.2130659,2.970576,2.9487042,2.8928306,2.9974926,2.0938144,2.390598,2.1490107,1.9211597,2.7592626,2.8754566,3.3924465,3.595709,3.4922879,3.1561317,2.9899447,3.1420047,2.4574623,2.1924944,3.680122,3.002531,3.2561648,2.9193797,3.3300588,3.1556866,2.8882082,2.6948824,3.6593218,3.2791862,3.4162076,3.5166876,3.1981006,3.2298179,2.8587089,2.8569913,2.9599075,2.920628,2.935918,3.2706566,3.4121497,3.0488057
14,1.9983715,1.864658,1.4353979,1.690092,0.66528255,0.93762666,1.3840928,1.3512241,1.5762798,0.2591849,0.35041586,1.004925,1.655023,2.3065279,0.0,1.5961218,2.0062702,1.879335,1.6952161,1.8949385,2.1625931,2.0047908,1.8938862,2.7245858,2.2301817,2.0291383,2.4397154,2.7047296,2.1168683,1.8038881,1.9896755,1.88131,1.451152,0.7772698,1.3776089,1.0411793,1.7377617,2.466762,1.2126503,1.631652,2.6836555,3.1121058,2.6790872,2.5390651,2.8884275,2.6600053,2.3494978,2.2811484,1.990698,2.7370713,1.7654544,1.8269609,1.5963224,2.144752,2.5196254,2.6587386,2.1495981,1.8580973,2.5531087,2.3264592,1.8941314,1.9708592,2.4563243,2.18986,1.6012349,1.6191192,1.7102919,2.385608,1.9768662,1.3613037,2.2593668,1.8635632,1.348856,1.428623,1.952411,1.3865969,2.0447636,1.3546377,1.7201349,1.7360089,1.6051826,0.9303711,2.037074,2.2736676,1.95199,2.3029845,2.9474657,2.949002,2.418186,2.361408,2.2142582,2.371933,1.9863443,2.2281892,2.1946921,1.9348686,2.9781444,2.8879018,3.3175466,3.5679626,3.1596918,3.1554966,2.6629627,2.751338,1.3025758,0.9462311,3.4032328,2.921505,2.9192896,2.885581,2.9338903,2.9179041,1.5863882,0.98044413,3.7045648,3.3020647,2.8845177,2.984385,3.0820065,3.1222906,2.8629446,2.8368163,2.9876144,2.7930522,2.8290818,3.1989226,3.3771036,3.0673387
15,2.6236534,2.5170274,2.037337,2.2746918,1.8263879,1.9942852,2.3109121,2.2527997,2.2451842,1.6101176,1.605445,1.9406705,0.68753535,1.7717274,1.5961218,0.0,2.5726626,2.4617481,2.3141437,2.5109932,2.1026287,2.703262,2.5006354,2.590475,2.5752463,2.5063932,2.758441,2.9375226,2.6785,2.4720507,2.503242,2.3972766,2.262986,1.8677908,2.145196,1.8501928,2.4543514,3.0487282,2.0150123,2.3549862,3.2036586,3.7225766,3.2461624,2.9525948,3.4502356,3.5170345,3.038489,2.958042,2.496851,2.1519876,2.5059786,2.4302907,2.142948,2.5592992,2.8754761,2.9568453,2.6042116,2.533428,3.1187558,2.9249957,2.6389272,2.6842086,3.0537975,2.8552577,2.3871078,2.40576,2.401572,1.8831855,2.3103845,1.7878728,2.8498683,2.5738466,2.1845546,2.2151573,2.5632973,2.167684,2.695181,2.1496637,2.3721077,2.3670123,2.5116763,1.9728568,2.682179,2.8255227,2.5587,2.7760036,3.3446207,3.337188,2.8478787,2.8057652,2.7436438,2.85761,2.6854317,2.9204733,2.67359,2.531404,3.5152774,3.4156904,3.6962664,3.9790404,3.6884372,3.6008255,3.1810207,3.3021357,2.2527616,1.8952519,3.8384235,3.3942952,3.4076822,3.341586,3.4290352,3.277912,2.3838184,1.987187,4.055942,3.7092252,3.375162,3.4478884,3.6091864,3.6382039,3.2961035,3.2815478,3.4210083,3.2372448,3.2449753,3.5711145,3.7331977,3.4703593
16,2.9535835,2.8345094,2.2567894,2.4322302,2.2573345,2.3211799,2.621742,2.5733912,2.4141939,1.9895183,1.983462,2.139224,2.6467564,2.0360773,2.0062702,2.5726626,0.0,0.3819432,2.2173183,2.4364295,2.6658628,2.5835469,2.0876179,2.5651598,2.6170793,2.6425076,3.2543306,3.5150716,2.4864469,2.2203708,2.240817,1.9591311,2.0084658,2.0503633,2.1058197,1.8458904,2.17612,2.8834412,1.710942,2.1807544,2.680477,3.8031216,2.8517568,2.7657654,2.888569,2.7025037,2.6133337,2.7077746,2.2014465,3.2229767,2.3809166,2.433919,2.372834,2.3996487,2.6882482,2.5998528,2.4635794,2.018353,2.8318691,2.9454257,2.4416368,2.5066612,2.6025004,2.43205,2.3983965,2.4575272,2.6012335,3.1272042,2.3504417,2.2588103,2.813671,1.6094742,2.0281522,1.9797035,2.5084481,1.936777,2.2679129,1.8329737,1.9735949,2.01841,2.206159,1.8128238,2.3365812,2.5665329,2.381832,2.6355457,3.1754034,3.1560285,2.2572799,2.2583435,2.12877,2.1752944,1.6401756,2.0001767,1.8376667,1.4985353,3.3311944,3.485179,3.7154446,4.1746273,3.9671903,3.7520924,3.6350749,3.7017095,2.182926,1.9978578,3.9080327,3.403706,3.572354,3.272444,3.7156396,3.7020335,2.6926873,2.291292,4.011302,3.6361847,3.7541862,3.8701947,3.5162652,3.5442924,3.2500148,3.2158191,3.259773,3.2573884,3.3371475,3.6026022,3.6924522,3.4333227
17,2.8466702,2.7286227,2.1563456,2.3381798,2.1177118,2.1945226,2.5179696,2.4706135,2.303842,1.8462344,1.8487238,2.050437,2.535459,2.0066335,1.879335,2.4617481,0.3819432,0.0,2.0909033,2.3983753,2.5644808,2.468658,1.9901017,2.5100763,2.593268,2.6088748,3.226415,3.519111,2.4128454,2.1343045,2.1405115,1.899087,1.9260347,1.9316363,2.0516155,1.744637,2.1453032,2.9558623,1.6690909,2.0629282,2.6217024,3.6867769,2.7589242,2.6511712,2.7920623,2.6065018,2.4916751,2.574071,2.094762,3.139318,2.2054868,2.2367878,2.2121098,2.2727084,2.5462494,2.475351,2.3599074,1.8917378,2.739575,2.8071523,2.2638144,2.3111537,2.4776738,2.2984314,2.2992322,2.3545501,2.4918828,3.0259032,2.3189108,2.1592913,2.7585611,1.5643243,1.9520873,1.9364572,2.4804547,1.9057385,2.1767712,1.7500833,1.9039513,1.9654137,2.0652316,1.7400881,2.324062,2.56087,2.3184395,2.5809302,3.1506443,3.0964758,2.2596793,2.2579565,2.046067,2.1025805,1.587939,1.9232668,1.9513003,1.6479032,3.2404675,3.3672714,3.6071167,4.046859,3.8364687,3.628706,3.5042772,3.5753074,2.0872817,1.8899547,3.9180632,3.361196,3.5133138,3.2497969,3.6480668,3.625975,2.5955958,2.248906,3.9957697,3.6126919,3.6825345,3.7821488,3.4721792,3.5033476,3.224954,3.1914492,3.246994,3.2109191,3.2958424,3.563771,3.6251676,3.395279
18,2.4521418,2.311013,2.2222733,2.3906577,1.6270022,1.7129476,2.0245693,1.9845304,2.2743719,1.7210015,1.765555,2.042634,2.1959393,2.3917775,1.6952161,2.3141437,2.2173183,2.0909033,0.0,0.88006496,1.7353647,1.5023715,2.0571492,2.3281174,2.4385054,2.3121743,2.4430099,2.839203,1.3169807,0.9355097,1.403764,1.6111723,1.3843077,1.445765,1.674677,1.3911647,2.0263417,2.9521973,1.441095,1.6013194,2.070121,2.6091986,2.1764522,1.9963938,2.0600276,1.9284462,1.702424,1.7648948,1.3359054,3.4299645,1.2152766,1.2798982,1.0027498,1.4255217,2.2841375,2.3991275,2.427075,1.1557562,2.0648053,2.1267428,1.5331223,1.8031629,1.7156593,1.311814,2.0976222,2.1009793,2.0596182,2.7514288,2.4356377,2.3754218,2.0687904,2.1714396,1.5444068,1.6837964,2.2626433,1.7015433,1.3422942,1.4420897,1.668506,1.8038564,1.9598551,2.0033987,2.2325335,2.5611768,2.0601676,2.3272135,2.8525174,2.8162827,2.5562515,2.5385413,1.9764423,2.1763048,2.0821416,2.2749991,2.4638734,2.2854214,2.5922942,2.6187544,3.07181,3.3307776,2.4541569,2.3936641,2.4934676,2.541434,1.8734142,1.5710369,3.0959203,2.5498674,2.7052956,2.4181118,2.9400887,2.8537896,2.1133063,2.008113,3.3310711,2.8864043,2.935134,3.060611,2.6569228,2.6907349,2.5322695,2.5138907,2.4291697,2.3180912,2.5739613,2.9146702,3.0630474,2.6895292
19,2.6717138,2.5414553,2.4712493,2.622432,1.7705674,1.8830831,2.1518688,2.1342278,2.4666529,1.9735992,2.0050733,2.1601765,2.3428993,2.5350578,1.8949385,2.5109932,2.4364295,2.3983753,0.88006496,0.0,1.8141981,1.6580393,2.2617254,2.5255413,2.5441947,2.4858968,2.5237494,2.8819623,1.3118888,0.9195004,1.6090453,1.8496373,1.6367114,1.635023,1.790906,1.6891288,2.1134195,2.8317306,1.6132699,1.8528845,2.3381255,2.6975856,2.3835695,2.270682,2.212167,2.157721,1.9442323,1.9820879,1.6806945,3.747528,1.4937652,1.6624104,1.2388294,1.6196225,2.3992586,2.5979605,2.7465172,1.5697852,2.230953,2.3065007,1.8246917,2.1302347,1.9362987,1.5909473,2.3455088,2.3375542,2.3083985,2.980983,2.7333727,2.7151763,2.18305,2.4139879,1.7891486,1.9469267,2.429525,1.947385,1.5715051,1.7284124,1.9865406,2.0925374,2.4084675,2.293043,2.3573344,2.6913528,2.3005483,2.5277085,2.990126,3.080026,2.864713,2.840017,2.4301596,2.6118538,2.3379846,2.574908,2.4956877,2.2652862,2.6040964,2.6180646,3.1665351,3.3365226,2.3042886,2.3269215,2.494117,2.5178282,2.189897,1.8771967,3.0971148,2.6175258,2.7625587,2.5434642,2.9742107,2.9120474,2.2557778,2.0648594,3.303219,2.9168088,2.981727,3.126233,2.6971269,2.7384107,2.5982778,2.591257,2.4658391,2.4076736,2.6524746,2.9867525,3.1883316,2.7974873
20,3.3950171,3.2122593,2.5155778,2.681413,2.1406171,2.2512739,2.5377107,2.5061386,1.8163939,2.1388004,2.1539972,2.3152819,1.9826597,2.4606647,2.1625931,2.1026287,2.6658628,2.5644808,1.7353647,1.8141981,0.0,2.0839753,2.2687182,1.6028581,1.9956868,3.311307,2.2076726,2.520924,1.2258958,1.8117994,1.1807089,2.419108,2.3400028,2.0288472,2.8096352,2.1162498,3.129637,3.6492157,2.0845368,2.009033,2.7254815,3.7507691,2.4581397,2.1534705,2.9940014,2.9879422,2.5840437,2.5106087,1.966893,2.977793,1.375139,1.3591999,1.4374927,2.0089746,2.5092263,2.5674505,3.4732077,2.0024881,3.2856095,3.1717572,2.1072652,2.037723,2.0762253,2.1943862,1.8836864,1.8719363,1.980199,1.9669287,3.2838852,2.830632,2.6674569,2.6589453,2.223746,2.348219,3.369562,2.3284435,1.4824027,2.1308916,1.8628728,1.9327235,2.6013029,2.3916128,2.7247152,3.2832088,2.1135805,2.434061,2.634277,2.6683795,2.6231968,2.614942,2.0042167,2.1051664,2.6901731,2.9013796,2.7653167,2.605032,3.2687097,3.1812892,3.4343033,3.7548094,2.9537816,3.3280196,2.9581544,3.0047328,2.3911889,2.1069481,3.6125932,3.1038756,2.7672918,3.0182686,3.541818,3.6032045,1.946583,2.12116,3.3208811,3.0635037,3.6807477,3.7810616,3.195058,3.3869047,3.0253248,3.0186124,3.1009214,2.9605262,2.9729273,2.7778215,3.475443,3.171455
21,2.8232079,2.6985712,2.5419853,2.7320352,1.979276,2.0853968,2.3361728,2.3310993,2.464128,2.0916977,2.1400945,2.346989,2.631112,3.0270877,2.0047908,2.703262,2.5835469,2.468658,1.5023715,1.6580393,2.0839753,0.0,2.6343834,3.1156173,2.9664326,2.1838644,3.064254,3.3976202,2.0441716,1.8642515,2.0110476,2.0721738,2.4046714,2.1030762,2.383272,2.168489,2.5716252,3.2616699,2.024007,2.3041487,1.1944935,2.1206603,1.4932404,1.3984314,1.6295488,1.3689085,0.8829676,0.7066662,1.9925236,3.7766101,1.7271084,1.8451443,1.7338027,2.1521246,2.5778449,2.5419745,2.9584174,1.7870969,2.567732,2.428735,1.9408488,2.1389701,2.3757482,2.043067,2.3442755,2.3876443,2.4221148,3.0759583,2.8164039,2.4807248,2.7125585,2.6992793,2.2502933,2.3375497,2.8543797,2.319692,1.9915954,2.2073011,2.2479072,2.359741,2.3498468,2.2838006,3.2552607,3.5434024,2.7119927,2.9238634,3.3528783,3.376093,2.9094207,2.9061284,2.3259466,2.5186172,2.5504453,2.176214,2.7625358,2.5796156,3.2427273,3.1878054,3.4154863,3.7377882,3.0587325,3.0844793,3.0562668,3.047447,2.2260926,2.033688,3.6238835,3.1334481,3.1311505,3.0951948,3.2615817,3.3019726,2.3411381,2.131887,4.1780972,3.4279916,3.262445,3.3955617,3.2478793,3.2718363,3.1472256,3.1289952,3.1765368,3.0803878,3.1184714,3.3680725,3.5797164,3.3153937
22,2.8263872,2.737105,2.5056696,2.6899717,2.1153867,2.2437,2.5299032,2.4901085,2.4277785,1.8260598,1.830317,1.9709964,2.674888,2.9453855,1.8938862,2.5006354,2.0876179,1.9901017,2.0571492,2.2617254,2.2687182,2.6343834,0.0,1.8774369,2.961532,3.2567,3.168249,3.4611495,2.0275598,1.7293901,1.8220131,1.3207281,2.316746,2.0254743,2.3246531,2.1619213,2.3487103,3.0543282,2.0263216,2.5119781,3.128217,3.8676043,3.2555766,3.1987581,3.4043138,3.2254572,2.9842103,2.9877539,1.892003,3.7930272,2.005934,2.0436497,1.6076196,2.0388045,2.264441,2.169816,2.565266,1.5200797,2.4159966,2.2536423,1.7570008,1.80269,2.367833,2.067432,2.5013838,2.4699514,2.694865,3.204043,2.8588564,2.4193652,3.1963873,2.592848,2.3254054,2.4066017,2.742275,2.3816643,2.2357059,2.3301454,2.5169616,2.567859,2.3651698,1.8901528,2.178286,2.3314488,2.7491095,3.1132522,3.6798208,3.6428418,2.7414122,2.714457,1.9722428,2.1007352,2.712332,3.220252,2.8271437,2.6307344,3.9149826,3.8813481,4.0021896,4.407522,3.6969771,3.6783555,3.7534082,3.8002617,2.266172,2.0949645,4.1409917,3.7446053,3.7860222,3.6689606,3.7818143,3.8018432,2.5568438,2.1026673,4.019091,3.99852,3.7850413,3.816206,3.8313239,3.8633475,3.6218932,3.5891974,3.7045915,3.5381567,3.6053953,3.9172754,3.9717176,3.7554932
23,3.8145506,3.6532397,3.09288,3.2461143,2.8361728,2.9249763,3.2120924,3.1555414,2.4397616,2.6358857,2.6302302,2.676581,2.686439,2.7609344,2.7245858,2.590475,2.5651598,2.5100763,2.3281174,2.5255413,1.6028581,3.1156173,1.8774369,0.0,2.4016025,3.9643638,2.588874,2.8974507,1.7754104,2.2257264,1.5235642,2.333203,2.644609,2.5671256,3.1237397,2.4965599,3.3032458,3.856134,2.4861834,2.4817944,3.4107754,4.6512594,3.3223968,3.1473367,3.742864,3.7246072,3.4493258,3.483764,2.2772853,3.3349526,2.1036115,2.0390456,2.0434725,2.2800708,2.6051848,2.4945416,3.476052,2.1270518,3.4272032,3.447652,2.4384189,2.3205278,2.2982998,2.4789112,2.5676882,2.5408597,2.7121553,2.7025611,3.5312905,3.2155273,3.2694952,2.957955,2.668279,2.7253623,3.6177938,2.7096114,2.0464022,2.528902,2.3224666,2.385973,3.0201225,2.703955,2.5443892,3.0407076,2.537159,2.8293524,3.0872347,3.032124,2.548587,2.55723,1.9082621,1.8909986,3.0008388,3.5437374,3.173306,2.9885516,4.0042753,4.0290914,3.9755938,4.4632773,3.8519437,4.0421767,3.900435,3.9454994,2.9031236,2.6513906,4.2217946,3.7224505,3.6053925,3.5897453,4.23224,4.248548,2.7170532,2.7483108,3.5283332,3.6471922,4.3733,4.4141746,3.7713661,3.9300983,3.560001,3.535333,3.6075437,3.5019724,3.5629506,3.4360394,3.9033225,3.6547105
24,3.6447968,3.4346058,2.4151974,2.5291214,2.2630804,2.3348448,2.5594468,2.5269976,1.4326864,2.1925867,2.2137272,2.3747766,2.4501474,2.6008456,2.2301817,2.5752463,2.6170793,2.593268,2.4385054,2.5441947,1.9956868,2.9664326,2.961532,2.4016025,0.0,3.318835,1.3324944,1.3105799,1.9488897,2.5611515,1.8422096,3.1619217,1.9258935,1.9163392,2.7951603,1.8223417,3.2500353,3.4687703,1.9702829,1.3495535,3.3506205,4.4582224,2.8790073,2.6317992,3.6882389,3.391059,3.2327106,3.2280207,2.659535,2.2806175,1.9695919,1.9962807,2.4663146,2.716696,3.0148606,3.1810973,3.5592341,2.7180614,3.94333,3.9679773,2.769054,2.5940535,2.370385,2.7887537,1.2982161,1.3289558,1.475308,1.9584597,3.0991247,2.7916179,2.1531322,2.0417216,1.7231563,1.7431167,3.237212,1.7382445,1.7044367,1.6872561,1.2276412,1.0349921,2.3076568,2.0959811,2.2010639,2.9946291,0.91865045,1.3848435,1.5196245,1.5373279,1.9584305,1.923926,2.079606,2.0492358,2.145398,2.512103,2.4160256,2.1846156,3.0426466,3.0899744,3.2641258,3.544513,3.463798,3.8502924,2.9102519,2.976622,2.1302538,1.8779114,3.566832,2.752732,2.4463127,2.698251,3.5565076,3.6533701,1.5472142,1.983823,2.7836525,2.5114584,3.8122728,3.8924906,2.796817,3.104485,2.6396966,2.6243818,2.9986448,2.9315753,2.673455,2.1819894,3.1843038,2.8167887
25,2.3043354,2.2749631,2.352352,2.5634193,2.186755,2.3020883,2.4913747,2.4651914,3.20562,2.1875985,2.2383342,2.4839272,2.46809,2.663676,2.0291383,2.5063932,2.6425076,2.6088748,2.3121743,2.4858968,3.311307,2.1838644,3.2567,3.9643638,3.318835,0.0,3.5037925,3.5600748,3.2204447,2.6094086,3.1758578,2.419436,2.2799678,2.2517521,1.7018881,2.0829484,1.8516047,2.2791033,2.1707938,2.613148,2.2521036,2.229157,2.781066,2.583771,2.7009919,2.3282638,2.0963776,2.11472,2.6892686,3.552956,2.940335,2.9823434,2.6875436,2.7913973,3.098511,3.12746,2.1633055,2.6203804,2.476617,2.5171385,2.7912092,3.1085827,3.2626705,2.7792442,2.885706,2.9444273,2.8794062,3.2873595,1.4047165,1.686585,2.4970262,2.3941147,2.0323496,1.9668725,1.547478,1.9428489,2.947535,2.2207801,2.701682,2.650665,2.3060687,2.0832233,3.024626,2.940233,2.9159148,2.9954953,3.775229,3.7667525,3.0178773,2.9900944,3.0021086,3.1858294,2.279143,1.9436449,2.511934,2.293852,3.2431834,3.294869,3.4904127,3.7519748,3.7285473,3.2709658,3.2464716,3.2814958,2.1451957,1.9006296,3.627855,2.9849288,3.506913,2.9916992,2.9307408,2.680045,2.8500092,2.2898772,4.427281,3.5853088,2.7954292,2.885114,3.196483,3.0522625,2.9685597,2.9456224,3.2510736,3.1944845,3.0150456,3.7492845,3.4385128,3.1719477
26,3.7486818,3.5467384,2.977208,3.0797663,2.4113941,2.476302,2.7145495,2.681579,1.8012992,2.3791413,2.3788493,2.4875517,2.748952,3.1819928,2.4397154,2.758441,3.2543306,3.226415,2.4430099,2.5237494,2.2076726,3.064254,3.168249,2.588874,1.3324944,3.5037925,0.0,0.9239718,2.0401738,2.6545281,1.9674666,3.221988,2.0886655,2.1228297,2.8468704,1.9639007,3.295254,3.6891556,2.178525,1.6124289,3.4173107,4.440661,2.9803503,2.8897874,3.628412,3.4809785,3.3343554,3.3450525,2.774693,2.6519358,2.2071977,2.2328784,2.5445683,2.781655,3.1397288,3.3327088,3.5819774,2.7353833,3.9178598,3.9596114,2.8838649,2.7537317,2.4749658,2.833359,1.9046009,1.9064542,2.0138583,2.4366355,3.392175,3.1598861,2.4849458,2.8670213,2.136918,2.1388764,3.4294171,2.1305995,2.021715,1.9164548,1.5877376,1.6116228,2.766312,2.518821,2.5267627,3.2271357,1.5894134,1.962042,2.0753465,2.0888743,2.4487488,2.4066448,2.4555025,2.4756777,2.9165332,3.2140284,3.1500273,2.9574568,3.34693,3.3720932,3.378998,3.638884,3.527419,3.9169,3.0188165,3.083553,2.5161204,2.3187852,3.736546,2.9947677,2.794384,2.938669,3.7730877,3.8601086,2.0040512,2.3334806,3.0177748,2.832199,4.0222654,4.087147,3.0355775,3.3103652,2.9352138,2.9170725,3.0583243,2.9558268,2.945659,2.5448675,3.4356008,3.0876896
27,4.0066977,3.8120766,3.0406456,3.138837,2.7363079,2.817818,2.981955,2.9535215,2.1499915,2.6787882,2.7011738,2.7788289,2.8686552,3.30752,2.7047296,2.9375226,3.5150716,3.519111,2.839203,2.8819623,2.520924,3.3976202,3.4611495,2.8974507,1.3105799,3.5600748,0.9239718,0.0,2.4010308,2.969968,2.4043334,3.5530863,2.4032407,2.4571579,3.1251135,2.3137681,3.5287242,3.5695336,2.506332,1.934137,3.7176,4.693707,3.2665038,3.0885174,4.132481,3.818955,3.6574733,3.6548166,3.0993092,2.683276,2.5695424,2.5770774,2.8838196,3.0656464,3.3852162,3.5821266,3.8067377,3.1052916,4.1787453,4.2346816,3.164309,3.0356824,2.753752,3.1424162,2.0094438,2.0040522,2.0705254,2.3127158,3.372443,3.147918,2.4864304,2.8641891,2.178296,2.161494,3.4580407,2.1525435,2.2707696,2.2330112,1.9435092,1.7815682,2.8791008,2.578324,2.563794,3.2640579,1.6006476,1.9136299,2.009732,2.037392,2.4563117,2.402317,2.5505362,2.5573542,2.951134,3.2513697,3.1734416,2.9662585,3.5634048,3.5960083,3.620619,3.832957,3.7920053,4.166745,3.2381577,3.3051898,2.5306923,2.3687236,3.7543006,3.008084,2.7992806,2.9543562,3.7978504,3.8657215,2.0812101,2.4044886,3.014737,2.7958124,4.074464,4.130886,3.0677817,3.3573034,2.9346323,2.921643,3.3381808,3.2431273,2.9475386,2.5268385,3.396492,3.093104
28,3.2436657,3.0613458,2.5513744,2.6737354,2.0780334,2.1384487,2.3813174,2.3599172,1.9565017,2.1004484,2.128302,2.2310119,2.5686634,2.7240672,2.1168683,2.6785,2.4864469,2.4128454,1.3169807,1.3118888,1.2258958,2.0441716,2.0275598,1.7754104,1.9488897,3.2204447,2.0401738,2.4010308,0.0,1.11214,0.691947,2.1516547,1.8449923,1.8485447,2.4744072,1.8713714,2.7168355,3.2807193,1.8171508,1.5752497,2.6477547,3.5715055,2.2790787,2.1255383,2.7263994,2.5286245,2.3486636,2.379421,1.5119855,3.5146468,0.8692258,1.016502,1.135197,1.6454237,2.1905656,2.3832567,3.2304444,1.4958758,2.8922555,2.9380426,1.7967451,1.7942854,1.4976206,1.6288264,1.9092673,1.87326,2.0685432,2.6433601,3.1538892,2.9316897,2.354092,2.3708138,1.8462858,2.0032501,3.0417585,2.0137846,0.79459405,1.7564156,1.6174116,1.6943831,2.4261868,2.2649179,2.2402644,2.8583827,1.7874339,2.2950416,2.5965633,2.6095757,2.608831,2.580956,1.7571242,1.9028498,2.4373424,2.711517,2.6703002,2.429984,2.9164963,2.9378328,3.2291443,3.441273,2.6055083,2.8961325,2.7750046,2.8185833,2.2115195,1.9662411,3.553554,2.861539,2.7493868,2.8036213,3.394063,3.5102074,2.0012538,2.140138,3.0334086,2.8495014,3.6387308,3.7133732,2.8737836,3.0754356,2.795444,2.7844152,2.881082,2.7758362,2.8193858,2.711827,3.3285203,2.9495218
29,2.6118002,2.488501,2.32009,2.468663,1.7826861,1.8883564,2.1724935,2.153205,2.4314468,1.8310091,1.8634443,2.0140698,2.3708196,2.4351778,1.8038881,2.4720507,2.2203708,2.1343045,0.9355097,0.9195004,1.8117994,1.8642515,1.7293901,2.2257264,2.5611515,2.6094086,2.6545281,2.969968,1.11214,0.0,1.3666387,1.5034657,1.5489945,1.6340067,1.7429789,1.6377827,1.8996572,2.6812005,1.610963,1.7614623,2.4865804,2.8821218,2.4752223,2.3089228,2.4326427,2.2358012,2.0429306,2.1122453,1.0692039,3.7708151,1.2759203,1.3898803,0.74579465,1.2138685,1.8857354,2.1226578,2.5036852,1.086944,1.9430959,2.0422647,1.4876652,1.8015609,1.6641859,1.1715353,2.2673776,2.2355938,2.4020057,2.9376197,2.5283444,2.5188406,2.190275,2.1426215,1.622776,1.7854843,2.240156,1.7988319,1.293782,1.6100157,1.940135,2.0096033,2.206562,2.03826,1.9805101,2.2844698,2.1519418,2.609361,3.2144,3.2094452,2.8788419,2.8452475,2.0505426,2.2779284,2.2535748,2.5249803,2.461512,2.2058103,2.6558857,2.6896815,3.0821395,3.2443304,2.3940763,2.2672632,2.608979,2.65955,2.0102468,1.7339703,3.4445634,2.7129974,2.9532173,2.6986945,2.946446,2.9620988,2.2904785,2.0845315,3.2795312,3.021645,3.1243079,3.1762674,2.7788022,2.8293335,2.6619759,2.6506717,2.7285132,2.6080577,2.702072,3.0752761,3.1658223,2.8316312
30,3.2355375,3.0528045,2.5309315,2.6782897,2.021539,2.102289,2.4008083,2.3642023,1.6999022,1.9280583,1.9373462,2.16982,2.5156262,2.6792517,1.9896755,2.503242,2.240817,2.1405115,1.403764,1.6090453,1.1807089,2.0110476,1.8220131,1.5235642,1.8422096,3.1758578,1.9674666,2.4043334,0.691947,1.3666387,0.0,1.9477844,1.8137195,1.7677522,2.4401186,1.7376769,2.7540102,3.4363947,1.5851538,1.5186325,2.501258,3.6889424,2.1927524,2.0937428,2.6595705,2.5312684,2.351165,2.3692465,1.5279053,3.2345738,0.9732364,1.0763295,1.2609644,1.7018238,1.9845703,2.0572758,3.0873325,1.3695725,2.9160814,2.9300282,1.7492453,1.6592598,1.5446522,1.6799248,1.7864203,1.7848189,2.0278847,2.5843892,3.092436,2.7945116,2.508617,2.3363843,1.8837729,1.9790401,3.0689094,1.9737871,0.9547618,1.6893266,1.4694774,1.5851303,2.2015283,2.0598094,2.2577546,2.8687363,1.7587488,2.2049863,2.6042683,2.5899308,2.2769537,2.257145,1.4664555,1.5871278,2.3587158,2.661556,2.5292711,2.3710237,3.170743,3.1918607,3.1952937,3.5478933,3.0147004,3.2747808,3.040188,3.0784342,2.1571977,1.9084955,3.8405542,3.0431433,2.9761431,3.0160587,3.5923326,3.6835577,1.9580712,2.029484,3.23939,3.0325816,3.7966924,3.8441608,3.0687559,3.2581098,2.954957,2.9345057,3.0669785,2.9686878,2.9748178,2.848761,3.4375036,3.1077492
