,0,1,2,3,4,5,6,7,8,9,10,11,12,13,14,15,16,17,18,19,20,21,22,23,24,25,26,27,28,29,30,31,32,33,34,35,36,37,38,39,40,41,42,43,44,45,46,47,48,49,50,51,52,53,54,55,56,57,58,59,60,61,62,63,64,65,66,67,68,69,70,71,72,73,74,75,76,77,78,79,80,81,82,83,84,85,86,87,88,89,90,91,92,93,94,95,96,97,98,99,100,101,102,103,104,105,106,107,108,109,110,111,112,113,114,115,116,117,118,119,120,121,122,123,124,125,126,127
0,0.0,1.445591,3.2609942,3.2336147,3.0671837,3.132012,2.9809663,3.026749,3.6613348,3.4978108,3.970698,3.6751707,4.3637404,3.53945,3.7945204,3.881401,3.4085033,3.7854888,3.4050844,3.4458177,4.625319,4.395192,4.486961,4.1271048,3.8715968,3.7540758,3.7112536,3.6341188,3.7145844,4.0682063,4.006444,3.9950187,4.5366173,4.21724,4.629676,5.0599394,3.7817106,2.7402332,3.6571674,3.627846,3.1089365,5.324707,5.4197063,5.7744813,5.7900267,5.515607,5.826792,5.649271,4.9397926,3.2245111,5.302164,5.1297073,3.7432497,3.8414311,4.1326213,3.7907727,4.3645334,4.3133135,4.6304746,4.4004354,4.6321516,4.3372545,5.142723,5.0233045,4.6748333,4.6748333,4.6522264,5.4769425,5.0376673,5.326542,6.9226274,6.7250786,4.788845,5.0426154,5.223119,6.032461,4.9995823,5.149711,5.0658894,5.0658894,5.3204503,5.547072,5.2897964,4.7044106,4.7314615,4.572499,4.8315244,4.858363,4.481516,4.514635,4.772056,4.818576,4.8557405,4.1451893,4.742777,4.6575475,5.162389,5.357335,5.2575684,5.281401,4.6984305,4.5660253,5.2405205,4.738319,4.1932006,4.4615555,5.288344,5.1761622,4.3198357,3.858727,4.4091396,4.3842397,6.153189,6.1329136,6.744968,6.592089,4.8773026,5.582951,6.0983386,6.046775,5.7852573,5.908781,6.3309097,6.018926,5.941655,5.4905014,5.9605546,5.325867
1,1.445591,0.0,3.239505,3.1954584,3.446443,3.4633522,3.3312237,3.3868723,3.514767,3.435941,3.977037,3.7145126,4.6983247,3.5458949,3.6440048,3.6525483,3.0243094,3.6290307,3.1402514,3.4413574,4.2999687,4.3910728,4.332945,4.142021,3.677383,3.6727877,3.732367,3.8066592,3.6107976,4.32384,3.9178848,3.9090426,4.206449,3.9474864,4.459961,4.954483,3.6510499,2.5391443,3.559047,3.5170472,3.1868906,5.4199286,5.4908066,5.7772975,5.7018023,5.3627667,5.663471,5.612517,4.9880657,3.1258833,5.3370833,5.1453166,3.7585979,3.8887703,4.290768,3.8117995,4.006329,3.8776627,4.0810366,3.8566196,4.2707763,3.772811,4.8913293,4.8624344,4.6460514,4.6460514,4.6704054,5.364988,4.9960713,5.24215,6.976057,6.818882,4.69114,5.0234175,5.1753373,5.871462,4.7907376,4.8840556,4.923098,4.923098,5.406208,5.4757776,5.109897,4.7270985,4.738079,4.548675,4.9190817,4.8964424,4.5095644,4.552289,4.6863174,4.735221,4.894333,4.1113377,4.747062,4.9572287,5.3404107,5.7635403,5.373888,5.4214883,4.9175544,4.789699,5.481535,4.932141,4.216517,4.49109,5.5227737,5.4065685,4.365962,3.8750317,4.5040355,4.4728055,6.239109,6.2408433,6.8230343,6.7141337,4.9204283,5.621647,6.133252,6.0810957,5.713133,5.9084044,6.191058,5.777548,6.1041174,5.729115,6.113529,5.495803
2,3.2609942,3.239505,0.0,2.8830876,2.3132606,2.8305256,2.8720086,2.8774986,3.350229,3.2893486,3.5424345,3.4844186,4.629078,3.3380177,3.3062215,3.552618,3.323689,3.7916677,4.407102,4.696528,4.8926673,4.9457684,4.859171,4.6399484,3.9977436,3.8083441,4.059421,4.2199802,3.7799575,5.6351705,4.127114,4.1134033,3.9943974,3.769617,4.6862907,5.230631,3.1568558,3.5564365,3.1530302,3.0732048,2.8860676,5.3764663,5.4507556,5.909541,5.8953676,5.336928,5.5901947,5.604932,4.314697,2.144734,4.6143637,4.4221377,3.5031335,3.5520446,3.9529927,3.5461695,3.8852317,3.6997888,3.8868952,3.577912,4.027257,3.6108522,5.200368,5.1304307,4.8631296,4.8631296,4.919235,5.666785,5.3340693,5.542397,6.495309,6.436375,4.850085,5.087628,5.1234484,5.9230146,4.851469,5.2802463,5.042639,5.042639,5.5474725,5.6035886,5.538838,5.390228,5.0939193,4.90082,5.10091,4.8040767,4.811786,4.789474,5.101816,5.108971,5.453448,4.464493,5.172874,5.418741,5.8073683,5.987237,5.6842875,5.840526,5.4250317,5.2214336,5.200567,5.43334,4.500046,4.752056,5.2304106,5.009999,4.6224174,4.9439106,4.49342,4.4635515,6.174336,6.1792974,6.7497854,6.6764646,5.514815,5.3298016,5.8302083,5.7483606,5.9503517,5.930374,6.241709,5.4782343,5.8232684,5.409852,5.823844,5.0450745
3,3.2336147,3.1954584,2.8830876,0.0,3.43558,2.6637979,2.4242797,2.4362125,2.8786423,3.0107632,3.2229302,3.0127585,4.2970037,2.6500523,2.5828836,3.4855876,2.7786307,3.037765,3.3015227,3.8671465,4.0926104,3.8851426,4.006639,3.343049,3.3275387,3.0890694,3.0990586,2.732144,3.0953307,4.8109713,2.6689227,2.6641028,3.6282678,3.950482,4.111393,4.1134667,3.5660367,3.608854,2.3728564,2.439375,1.7586088,4.865603,4.9641795,5.5252247,4.9352965,4.835315,5.0842013,4.8829536,4.6373963,2.5931516,5.0169854,4.7765846,2.8827662,2.92243,2.877716,2.8188956,3.6468518,3.7795804,4.0664816,3.7429168,3.9459493,3.440047,4.227108,4.107332,4.3176136,4.3176136,3.4602802,4.2285,4.0201674,4.4098477,6.3300834,6.3050995,3.7683604,4.1154757,4.12701,5.2918205,4.0122237,4.0216064,4.0276475,4.0276475,4.504226,4.407351,4.5821443,3.9961226,3.8980737,3.7613268,3.5968943,3.5587134,3.8305106,3.7662358,4.2205987,4.184333,4.233105,3.3703556,3.9897282,4.5062575,4.3986692,4.538043,4.277058,4.802774,4.3834567,4.165509,4.26142,4.4045806,3.1573129,3.782007,4.8389945,4.900153,3.5641804,3.8492885,3.1951993,3.1576872,4.9165053,4.8187804,5.7926593,5.7512045,5.0433736,4.9818854,5.2944713,5.2779226,4.4287114,4.106844,4.901176,4.5994215,4.498052,4.610106,4.470718,3.9022627
4,3.0671837,3.446443,2.3132606,3.43558,0.0,2.2218776,2.1018329,2.0727077,3.3779738,2.9206119,3.3564045,3.1875846,3.49042,2.7205393,3.0801542,2.8048875,3.5702686,3.5507998,4.010613,3.988536,4.6188235,4.4714746,4.596313,4.1826196,3.5113566,3.4156296,3.7177324,3.3442404,3.3984313,4.459523,3.818245,3.7989023,3.638616,3.303723,4.178981,4.7063,3.1590955,3.3315222,2.9865556,2.8636155,2.4887426,4.373698,4.4639454,5.055157,5.0265093,4.4129443,4.7621217,4.783075,3.4870892,2.1227057,3.8168986,3.8550532,2.8568509,2.8729248,3.4789906,2.8512142,3.2657018,3.0155127,3.8500164,3.4375515,3.7521052,4.1425614,4.8908086,4.5508714,4.8942623,4.8942623,4.459064,5.7659097,5.074349,5.2795362,6.2462783,6.1100626,4.886571,5.0058146,5.1287427,5.898522,4.824568,5.1757727,5.0449233,5.0449233,5.667667,5.725891,5.469869,5.2335334,4.9506116,4.8146157,4.978059,4.37451,4.691905,4.6853166,4.717313,4.73906,5.216129,4.6207333,5.0569696,4.7466555,5.2456536,5.308631,4.9850035,5.1349626,4.871177,4.599493,4.660692,4.90937,4.253406,4.4588733,4.275379,4.1564393,4.3173237,4.5581937,4.313952,4.293911,6.108224,6.1423035,6.556848,6.4674544,5.3144035,5.1877522,5.6511393,5.5793395,5.965763,5.9138546,5.996237,5.3144836,5.6764073,5.2350335,5.705041,4.911434
5,3.132012,3.4633522,2.8305256,2.6637979,2.2218776,0.0,0.83414185,0.8469152,3.8347778,3.515784,3.9290786,3.7047,3.33799,2.7995665,3.2269797,3.4877694,3.3635535,3.672973,3.9437313,4.2229934,4.1816306,4.1026983,4.1297116,3.5574737,3.744806,3.6302142,3.9447296,2.8462124,3.5264015,4.276452,3.5477912,3.5390484,4.076831,4.1326103,4.7013826,4.7744026,3.3515887,3.6015215,3.2000685,3.126148,2.310493,4.993116,5.158552,5.496332,5.468642,5.048541,5.366218,5.207421,4.526248,2.3132358,4.8282213,4.8396673,3.272964,3.3594222,3.5310223,3.1087968,3.8081174,3.622515,4.1084538,3.7760854,4.135147,3.8610125,5.042518,4.8008366,5.117938,5.117938,4.464388,5.354278,4.97975,5.2710524,6.877814,6.8698707,4.6059585,4.817589,5.0181365,5.769493,4.7429924,4.8005104,4.87322,4.87322,5.364892,5.2986054,5.1812005,4.9410667,4.8473973,4.718093,4.619222,4.6681623,4.6478043,4.6549478,4.682995,4.6504726,5.152529,4.2030387,4.778288,4.5079904,5.100049,5.3714075,5.087223,5.474929,4.9216204,4.731918,4.750342,4.9668565,4.219115,4.4714055,5.061696,5.1626225,4.3477902,4.6522517,4.334002,4.305489,6.0517335,5.9246016,6.6528473,6.5713825,5.3771744,5.282456,5.627499,5.5791097,5.336049,5.4171605,5.809792,5.2539434,5.507673,5.424019,5.5273337,4.6808257
6,2.9809663,3.3312237,2.8720086,2.4242797,2.1018329,0.83414185,0.0,0.20392364,3.644979,3.289877,3.7862437,3.4876254,3.1790972,2.588969,3.0272386,3.255003,3.1175897,3.4466176,3.6784902,3.9613833,4.156081,4.105645,4.0753613,3.5060365,3.5981963,3.4109068,3.6063585,2.3396597,3.3344977,4.047435,3.3339117,3.32327,3.925333,3.9910648,4.366037,4.4256706,3.5200953,3.695741,3.0234797,2.939682,2.0370996,4.820646,4.970911,5.345526,5.1379886,4.867189,5.1693025,5.025022,4.368449,2.054393,4.7161193,4.6929946,2.9560857,2.992297,3.1864529,2.8050961,3.6402586,3.4376385,3.9595842,3.607795,4.0149245,3.745429,4.69296,4.422303,4.879209,4.879209,4.079544,5.192439,4.6387825,4.9500456,6.688373,6.6810255,4.2289944,4.407478,4.6812773,5.6745734,4.408378,4.4725013,4.5169363,4.5169363,5.0141416,4.9503555,4.8656836,4.594353,4.501187,4.3770847,4.2103434,4.162333,4.323709,4.3348894,4.325492,4.2981305,4.7948294,3.860686,4.4278374,4.159532,4.6307325,4.949106,4.598479,5.021978,4.4748487,4.270808,4.32586,4.5201254,3.7806346,4.045483,4.8164253,4.9361477,3.8905878,4.208545,3.8818126,3.8566127,5.687947,5.5513754,6.278781,6.1768494,4.997451,4.951684,5.3200984,5.276248,4.939783,5.0201106,5.4673605,5.023961,5.18743,5.1268015,5.1861606,4.4327645
7,3.026749,3.3868723,2.8774986,2.4362125,2.0727077,0.8469152,0.20392364,0.0,3.636318,3.2869024,3.7916815,3.5024292,3.1772714,2.5720441,3.0227947,3.247731,3.173559,3.4640012,3.7284079,4.002539,4.151605,4.0843725,4.073171,3.4856052,3.6116302,3.412048,3.5946293,2.3310606,3.3450065,4.0916867,3.3507602,3.340441,3.9179888,3.9759197,4.3345127,4.3954234,3.5460992,3.7318993,3.027525,2.9461327,2.0357962,4.7966294,4.9421153,5.2992687,5.092214,4.847933,5.147764,5.0115485,4.3474,2.0819964,4.7026315,4.6817727,2.9517128,2.989442,3.211384,2.8045592,3.645589,3.4488666,3.9910352,3.6354773,4.0346966,3.8011994,4.687573,4.4012146,4.8319626,4.8319626,4.01527,5.156543,4.5954146,4.911211,6.627407,6.619417,4.2214084,4.3855653,4.6714272,5.6635613,4.3914495,4.4709644,4.4861546,4.4861546,5.0274706,4.973164,4.836207,4.579013,4.5037556,4.3748355,4.216347,4.1381726,4.296653,4.3136873,4.3019953,4.275231,4.770364,3.851063,4.426508,4.14793,4.578188,4.8856764,4.545096,4.9621177,4.426307,4.217093,4.256285,4.4750037,3.750426,4.034086,4.760498,4.876941,3.8759086,4.2169933,3.8503878,3.8251183,5.678235,5.5485215,6.2808614,6.1889343,5.0525985,4.9819455,5.3394513,5.294012,4.960211,5.034616,5.474871,5.0596447,5.140804,5.069628,5.1496706,4.405445
8,3.6613348,3.514767,3.350229,2.8786423,3.3779738,3.8347778,3.644979,3.636318,0.0,0.8951708,1.8202823,1.9424434,3.867699,1.8569818,1.6023374,1.7220304,2.8228245,1.3315026,2.4729266,2.394266,3.2781706,3.260783,3.0090735,2.8258958,1.5515007,1.2547847,1.8315542,2.9716172,1.4691665,4.2356625,1.7980875,1.7875872,2.9067397,2.6650162,3.255645,3.925464,2.349763,2.6676984,1.7023298,1.7232908,2.0723453,3.1892002,3.2005112,3.9774861,3.6222947,3.1083906,3.3812644,3.2435057,3.411437,3.3132784,3.795061,3.5847545,1.8477224,1.9609835,2.4753866,2.1323373,2.4511423,2.6159644,3.17924,2.8348882,2.817704,3.747165,3.362484,3.2989495,3.6004002,3.6004002,3.6237955,4.4803896,4.1152344,4.4384694,5.599753,5.330882,3.8019898,4.179344,4.029704,5.139704,3.5955338,3.5563543,3.791931,3.791931,4.448307,4.5547686,4.288717,3.595913,3.6949694,3.541252,4.0139694,3.4163005,3.2900066,3.3738437,3.5681126,3.6091888,3.7235909,3.7256942,3.76944,4.1838403,4.4055667,4.7012057,4.1497636,4.1624613,4.0242095,3.778742,3.9094512,4.01141,3.0484245,3.3336823,3.6264086,3.2721324,3.1610665,3.4584103,3.14585,3.1138532,4.6624613,4.9053936,4.900478,4.872211,4.461507,4.1224713,4.5954237,4.5082126,5.0733438,4.8113136,5.396079,4.8721046,4.538592,3.9933643,4.5397873,3.9141495
9,3.4978108,3.435941,3.2893486,3.0107632,2.9206119,3.515784,3.289877,3.2869024,0.8951708,0.0,1.8363788,1.6862497,3.449035,1.575862,1.4946697,1.2789601,2.805732,1.1928464,2.2653558,2.0226808,3.0334864,3.1261396,2.7884986,2.5764081,1.3131356,1.1173637,1.5970345,2.5554779,1.2117326,3.8094976,1.8598812,1.8388499,2.6345358,2.3552544,2.9119568,3.6038563,2.1705194,2.4078202,1.7018408,1.5981696,1.9791948,2.7587116,2.7895777,3.6867929,3.2600493,2.7081115,3.0128872,2.8959656,2.8738172,2.9219182,3.2760856,3.133544,1.3222556,1.4818937,2.2337766,1.6341479,2.1563122,2.0965273,2.8590255,2.448014,2.6867561,3.8436086,3.2692962,3.157747,3.447925,3.447925,3.335107,4.456014,3.8804152,4.1825914,5.325581,5.0861425,3.5783677,3.9212883,3.8120046,4.858975,3.3652904,3.3793244,3.6086311,3.6086311,4.245657,4.3515472,4.1252155,3.449622,3.4502323,3.319369,3.8117776,3.1479738,3.1034238,3.1739223,3.2829633,3.3309736,3.519765,3.5965886,3.6035936,3.8280437,4.1155853,4.4615655,3.8534493,3.8637443,3.705474,3.441109,3.5975668,3.6889966,2.7959433,3.1124556,3.159038,2.8285959,2.9145796,3.198653,2.9447129,2.9163353,4.627433,4.834042,4.893386,4.8150697,4.129043,3.7942307,4.309362,4.2201815,4.8503127,4.71236,5.167086,4.66281,4.3867493,3.8197494,4.3699203,3.723928
10,3.970698,3.977037,3.5424345,3.2229302,3.3564045,3.9290786,3.7862437,3.7916815,1.8202823,1.8363788,0.0,0.88306874,4.0958767,2.5698662,2.2077847,2.2587295,3.4188597,2.210729,3.0568976,2.7729774,3.708449,3.730621,3.9235258,3.3698452,2.4464467,2.1182485,2.706473,3.46356,2.3026273,4.500351,2.5555873,2.5389547,3.3327367,3.33171,3.8854036,4.5154862,2.514977,3.0280507,2.1922584,2.1972523,2.4994512,3.4597697,3.5268009,5.140126,4.0705786,3.4640307,3.727295,3.591921,3.5761938,3.5426168,3.9121535,3.8024812,2.48787,2.5154688,2.9184759,2.6248782,2.6209593,2.8186026,3.5294678,3.1617968,3.0524695,3.9966147,3.7798254,3.6842353,4.2944384,4.2944384,4.076612,5.0828123,4.477857,4.802574,5.8919787,5.6491985,4.4785123,4.807999,3.919289,5.1639094,4.122559,4.101532,4.4187794,4.4187794,5.029633,5.1108236,5.501073,4.31168,3.9354553,3.7835212,4.278118,3.5050626,4.0223513,3.7839215,4.393416,4.4472218,4.342952,4.386708,4.41108,4.6469445,4.927649,4.835911,4.46783,4.5370245,4.6793313,4.433075,4.4917436,4.6735344,3.7833853,4.056044,3.9495552,3.6844778,3.9114022,4.1350145,3.8472247,3.8234007,5.110799,5.4082613,5.396445,5.367932,4.9039545,4.438319,4.904628,4.8739057,5.7765045,5.156794,5.57855,5.093948,4.9519086,4.357635,4.739886,4.233041
11,3.6751707,3.7145126,3.4844186,3.0127585,3.1875846,3.7047,3.4876254,3.5024292,1.9424434,1.6862497,0.88306874,0.0,4.041529,2.5336032,2.2124782,2.2414746,3.1215537,2.1078808,2.834563,2.4765024,3.4144022,3.4019876,3.6209323,3.0003436,2.3574288,2.0950842,2.230535,2.9877448,2.153728,4.304081,2.552642,2.5320337,3.058289,3.0889392,3.3410258,4.0198994,2.5099368,2.881826,2.28004,2.208894,2.4387653,3.4174967,3.4748693,5.0739956,3.7633758,3.4213898,3.6626525,3.5094178,3.4303908,3.1902108,3.8066585,3.685694,2.2270555,2.2868063,2.689037,2.328644,2.6764648,2.6766,3.4344504,3.0360243,3.2363727,4.079425,3.5991926,3.47948,3.9820464,3.9820464,3.6466296,4.8059525,4.1197243,4.4251943,5.7324123,5.521819,4.06628,4.372473,3.552559,4.682223,3.8156016,3.8171573,4.082673,4.082673,4.561485,4.6757812,5.175339,3.8928552,3.5011666,3.340546,3.8119197,3.0609274,3.6401215,3.3807242,4.042685,4.098274,3.9022064,3.9297323,4.0224957,4.250866,4.394298,4.283093,3.9626822,4.034952,4.1314826,3.867302,3.9853497,4.125788,3.2742317,3.602917,3.735541,3.499815,3.4227831,3.617587,3.3762338,3.3555708,4.898164,5.1603603,5.239843,5.174303,4.5261045,4.160699,4.6832337,4.655484,5.3224306,4.7846045,5.0947824,4.8036532,4.5843167,3.9892843,4.35964,3.9762747
12,4.3637404,4.6983247,4.629078,4.2970037,3.49042,3.33799,3.1790972,3.1772714,3.867699,3.449035,4.0958767,4.041529,0.0,2.8511364,3.3168652,3.1639817,4.3888283,3.5960722,3.7479734,3.7768166,4.0591116,4.475216,3.8251357,3.8012326,3.597017,3.5234709,4.0992727,3.169586,3.5225492,2.2640986,3.4742522,3.461115,4.4735603,4.316166,4.7038846,4.7506795,4.0797906,4.130772,3.4735198,3.4227014,3.0782788,3.9152982,4.118249,4.452162,4.569159,4.0147476,4.6590724,4.4662004,4.1306357,3.8701432,4.2854905,4.4501615,3.0829883,3.1421294,3.6330044,3.2339303,3.7348325,3.714483,3.3733132,3.4328563,3.3268447,4.259699,4.3022504,4.5000095,4.3225603,4.3225603,4.3711023,4.749037,4.1068435,4.31575,5.6857133,5.550748,3.942511,4.130854,4.349397,5.613655,3.810138,3.7631135,4.066561,4.066561,4.9149694,4.87312,4.3620124,4.040342,3.9688718,3.949451,4.1527658,4.7566385,3.7580845,3.8139894,3.3868985,3.396728,4.1955056,4.0375104,4.015873,3.0879421,4.6171803,5.986536,4.909418,5.238768,4.480656,4.5864825,4.7142057,4.489259,4.2171645,4.452083,4.052506,4.23389,4.300358,4.5205207,4.3316607,4.3140864,5.7213883,5.6873116,6.0553794,5.9516077,5.173,4.973051,5.177772,5.1416793,5.147934,5.513921,5.976969,5.378143,5.8115625,5.6671295,5.595743,4.79635
13,3.53945,3.5458949,3.3380177,2.6500523,2.7205393,2.7995665,2.588969,2.5720441,1.8569818,1.575862,2.5698662,2.5336032,2.8511364,0.0,0.86436445,1.8417274,3.1453288,1.6989675,2.0643697,2.6198905,3.533453,3.5082839,3.219509,2.6980457,1.7627697,1.5149844,2.4984868,2.150468,1.7188635,3.4630177,1.4157144,1.3982886,2.6371396,2.8096359,3.5661542,3.4451327,2.4127338,2.6254494,1.0848432,0.9727499,1.1883882,2.64979,2.7821617,3.344124,3.5710862,2.7661982,2.9837055,2.8107433,2.7238612,2.4654896,3.0917578,2.990988,1.1692967,1.1538126,1.9706123,1.0797862,2.4780006,2.4249132,3.1431909,2.7254915,2.988903,3.916174,3.8387659,3.642397,4.1248317,4.1248317,3.1506693,4.43916,3.8397481,4.2100616,5.3587675,5.274707,3.550223,3.9134402,3.949111,5.1678424,3.334204,3.2825892,3.5347548,3.5347548,4.4817014,4.375959,3.8976073,3.653701,3.6727512,3.6288521,3.7880886,3.1170375,3.313584,3.4337049,3.386505,3.3502824,3.780924,3.6814945,3.5136049,3.7070699,4.2647448,4.608126,4.0300627,4.4693093,4.1764936,3.9166229,4.052299,4.180811,2.9292555,3.227399,3.209973,3.3267756,3.069703,3.3817875,3.15529,3.1194475,4.8549166,4.8320875,5.167938,5.116575,4.255053,3.9441504,4.1527033,4.101013,4.4359927,4.3725514,4.9603877,4.2437654,4.2810016,4.2686167,4.2993183,3.3202674
14,3.7945204,3.6440048,3.3062215,2.5828836,3.0801542,3.2269797,3.0272386,3.0227947,1.6023374,1.4946697,2.2077847,2.2124782,3.3168652,0.86436445,0.0,1.96667,3.0113325,1.5076395,2.0001366,2.699468,3.5902526,3.6301258,3.3673396,2.84757,1.7529933,1.4610424,2.4453382,2.512449,1.6742165,3.8758786,1.3560499,1.338723,2.286897,2.6247857,3.4211824,3.2983398,2.2149618,2.6741407,0.86219597,0.66851825,1.4754115,2.7075572,2.8110025,3.6898468,3.5681188,2.743491,2.8792129,2.709407,2.6895194,2.5083227,3.0472658,2.8545825,1.2566239,1.2109741,2.090143,1.1628385,2.5946777,2.4948149,3.028141,2.624367,3.0348175,3.9190307,3.8385456,3.7523184,4.100284,4.100284,3.1714785,4.3275623,3.7863934,4.1141033,5.245505,5.1788945,3.4444213,3.8661778,3.6069062,4.8364735,3.1110785,3.0517368,3.3574562,3.3574562,4.411756,4.283994,3.9781277,3.5436952,3.4609532,3.3980997,3.6307583,2.8737807,3.183502,3.2141795,3.422294,3.3851912,3.6535923,3.5456703,3.3504002,3.842859,4.3694324,4.6624703,4.100403,4.578892,4.327289,4.0815687,4.172104,4.3170214,2.8925226,3.1573362,3.3197527,3.4090488,3.0166905,3.3634994,3.1524744,3.114646,4.8359823,4.844246,5.0596914,5.0432377,4.2598352,3.8280783,4.0174203,3.9831703,4.4396667,4.261237,4.742045,3.9870331,4.2778616,4.2975445,4.1959853,3.3168027
15,3.881401,3.6525483,3.552618,3.4855876,2.8048875,3.4877694,3.255003,3.247731,1.7220304,1.2789601,2.2587295,2.2414746,3.1639817,1.8417274,1.96667,0.0,3.0074594,1.8212193,2.737265,2.4568086,2.8847373,3.29202,2.928294,2.9033494,1.6685295,1.680834,2.3211997,2.6822798,1.7568239,3.6866183,2.3316762,2.3160932,2.973688,2.6279528,3.2314692,4.043948,2.5402884,2.9067373,2.1763394,2.0864282,2.2252095,3.0649576,3.1009345,3.8626769,3.3175902,2.6834505,3.1253695,3.2427266,3.1604455,3.0899827,3.514984,3.5430524,1.7723757,1.9150492,2.6743782,2.051777,1.4826971,1.315817,2.3963332,1.9454284,2.0996575,3.4195864,3.046963,2.8886502,3.8779435,3.8779435,3.81931,4.916997,4.2386637,4.5077205,5.7424436,5.513791,3.956452,4.225623,4.2081466,5.271958,3.6345448,3.6028154,3.964031,3.964031,4.7966647,4.769184,4.4233046,4.0050044,3.9534268,3.8037543,4.264512,3.660518,3.6526177,3.7261782,3.4395301,3.5014687,4.065029,4.060406,4.0960107,4.0543437,4.404347,5.0319796,4.079359,4.050045,4.012254,3.781497,3.892703,4.0015345,3.3846586,3.5563395,3.5487318,3.2649796,3.3994017,3.7249343,3.4886873,3.465011,5.098028,5.340342,5.276726,5.2267656,4.5888977,4.223943,4.7382073,4.6454515,5.2602525,5.1810927,5.4881525,4.9130545,4.95447,4.384706,4.9261127,4.288574
16,3.4085033,3.0243094,3.323689,2.7786307,3.5702686,3.3635535,3.1175897,3.173559,2.8228245,2.805732,3.4188597,3.1215537,4.3888283,3.1453288,3.0113325,3.0074594,0.0,2.5138135,3.2725227,3.3326073,3.817068,4.002583,3.6234248,3.6044407,3.0383434,2.8380263,2.8076413,3.0981216,2.5361745,4.6432195,3.0410979,3.0403666,3.1207483,2.833639,3.3318815,4.2169604,3.3246274,3.6068952,3.2878883,3.1898746,2.8933976,5.1517477,5.1900806,5.5971065,5.1201453,4.8594303,5.2254043,5.0089087,5.0187535,3.1925497,5.3898296,5.216992,3.3131318,3.394509,3.6619275,3.323,3.7005067,3.4391298,3.670169,3.414006,3.9406602,3.5466502,4.4592376,4.406454,4.4287367,4.4287367,4.5482903,5.0936103,4.944152,5.0503154,7.2556663,7.077747,4.371799,4.730972,4.804883,5.289069,4.4723806,4.2002993,4.623716,4.623716,4.838264,4.8901577,4.87381,4.2001047,4.467342,4.207676,4.48869,4.4258275,4.152232,4.1939373,4.283238,4.327553,4.58856,3.4316971,4.385073,4.646696,4.998324,5.451545,5.029129,5.0997224,4.4900417,4.3296766,4.396644,4.4949756,3.8698888,4.028026,5.510438,5.2970443,3.869962,4.128571,4.137338,4.1087723,5.424933,5.5359044,5.752592,5.7525,4.841456,4.7881694,5.3856463,5.299841,5.35514,5.429362,5.433846,4.8708563,5.882849,5.503954,5.866865,5.3707547
17,3.7854888,3.6290307,3.7916677,3.037765,3.5507998,3.672973,3.4466176,3.4640012,1.3315026,1.1928464,2.210729,2.1078808,3.5960722,1.6989675,1.5076395,1.8212193,2.5138135,0.0,1.9134793,1.8197896,3.1712694,3.3049119,2.8316443,2.6141582,1.1577868,0.5431193,1.7563744,2.5452075,0.4941325,3.7586691,1.2979697,1.2885946,2.7591426,2.646494,3.319762,3.7785063,2.3908336,2.7657142,1.977903,1.8584491,2.23253,3.0483756,3.1097639,3.8719678,3.7258182,3.0976133,3.2224686,2.8629014,3.5002043,3.3030295,3.8814595,3.7092159,1.8102446,1.8736418,2.5698354,1.9298917,2.695872,2.5608735,3.170152,2.8138523,3.1469762,4.06434,3.756371,3.6981833,3.8959737,3.8959737,3.669545,4.7223535,4.208307,4.5386996,5.974994,5.803525,3.748693,4.2063746,3.990001,5.1766815,3.5429118,3.1333578,3.7689033,3.7689033,4.440097,4.4994535,4.2034225,3.41515,3.6892571,3.5657241,3.9150321,3.3664417,3.3182347,3.396897,3.5429897,3.5676742,3.702999,3.6643763,3.6577132,4.000636,4.4196544,4.751809,4.291794,4.3980503,4.0844407,3.8518949,3.950054,4.0639405,3.0908298,3.3078756,3.858695,3.6577454,3.1441116,3.4526038,3.3771029,3.343894,4.9126143,5.0560603,5.078591,5.015869,4.239903,3.8529458,4.2950573,4.2125793,4.870331,4.8348193,5.31439,4.6952443,4.6812267,4.300778,4.6543794,3.957519
18,3.4050844,3.1402514,4.407102,3.3015227,4.010613,3.9437313,3.6784902,3.7284079,2.4729266,2.2653558,3.0568976,2.834563,3.7479734,2.0643697,2.0001366,2.737265,3.2725227,1.9134793,0.0,1.6780866,3.63681,3.8194149,3.3779492,2.940217,2.072656,1.9904685,2.6733875,2.676955,2.0950963,3.07078,1.8432306,1.8310435,3.0341523,3.2979572,3.7522027,3.4839437,2.9873846,2.288172,2.2290041,2.1479194,2.4987822,3.0839648,3.202605,3.9122643,3.8677435,3.2238057,3.3245554,3.0358946,3.5234492,3.3730495,3.8404918,3.6431618,2.2293892,2.259595,2.7812252,2.1671336,3.234815,3.1283443,3.5625176,3.2612803,3.683923,4.4390297,4.0818973,4.0598407,4.346934,4.346934,3.4249165,4.534948,3.931129,4.2774777,5.79097,5.6860886,3.641522,4.139277,3.9205883,5.052402,3.4393463,3.0742457,3.6441758,3.6441758,4.4043484,4.3058496,4.0039167,3.3504202,3.4535882,3.4507103,3.803858,3.3033123,3.3511245,3.4208016,3.5245306,3.5186067,3.561509,3.7035937,3.3230493,3.8025184,4.4262495,4.818391,4.287233,4.6819067,4.3490653,4.1622944,4.7380514,4.326261,3.0750437,3.3093596,3.895772,4.0595636,3.187066,2.804823,3.5518863,3.5181546,4.9810996,4.934814,5.1921263,5.0841837,3.61569,3.9158423,4.138277,4.1304946,4.3747964,4.415083,4.98927,4.4683185,4.7207327,4.770352,4.634129,3.9044447
19,3.4458177,3.4413574,4.696528,3.8671465,3.988536,4.2229934,3.9613833,4.002539,2.394266,2.0226808,2.7729774,2.4765024,3.7768166,2.6198905,2.699468,2.4568086,3.3326073,1.8197896,1.6780866,0.0,3.2275271,3.3558211,3.0355983,2.7695148,1.8066516,1.8303753,2.150378,2.788939,1.8101754,2.9471734,2.3090553,2.2939987,3.5870247,3.3759248,3.626044,4.1119833,3.132073,2.5110185,2.9149034,2.8423252,2.9973662,3.1489172,3.2312572,4.1589255,3.7581995,3.3412905,3.5435898,3.1874573,3.887735,4.0083814,4.2421646,4.1427884,2.483338,2.6082218,3.1657977,2.6484876,3.0595512,3.0188398,3.6996863,3.4083521,3.569135,4.634578,3.7946403,3.7103143,4.055991,4.055991,3.8632958,4.9890957,4.302522,4.6456985,6.1650805,5.9038615,4.1127014,4.510087,4.2722964,5.344175,3.988037,3.5919735,4.207799,4.207799,4.701871,4.8497186,4.5881114,3.501835,3.6964037,3.6310124,4.1087337,3.7079527,3.576932,3.6069682,3.7033176,3.7761323,3.7061455,4.083021,3.9000998,3.9207604,4.3432612,4.667478,4.2200537,4.1556735,3.936981,3.743462,4.3056464,3.9183044,3.3340168,3.5747817,3.900302,3.733389,3.4200535,3.1133454,3.6897562,3.66721,5.171439,5.333056,5.375026,5.2143006,4.067027,4.261554,4.7616334,4.709951,5.2323256,5.213059,5.7146206,5.3887877,5.088714,4.593243,5.0226893,4.5065875
20,4.625319,4.2999687,4.8926673,4.0926104,4.6188235,4.1816306,4.156081,4.151605,3.2781706,3.0334864,3.708449,3.4144022,4.0591116,3.533453,3.5902526,2.8847373,3.817068,3.1712694,3.63681,3.2275271,0.0,2.2667382,1.3897527,1.8203536,2.9222167,3.2356918,2.8340242,3.1221,3.0731575,4.100652,3.4568496,3.4522352,4.29994,4.1717696,3.6840034,4.43117,3.4732223,3.6663122,3.8723686,3.8211906,3.6724489,4.402794,4.4703135,4.961681,3.6335132,4.024599,4.397937,4.4186444,4.824179,4.343179,5.111924,5.1441317,3.3188388,3.6723866,3.9250185,3.531317,3.1451538,2.9973369,3.0280871,2.9177444,3.287397,3.938411,2.757329,3.0399249,3.5492423,3.5492423,4.119312,4.2425027,4.07102,4.3430266,6.1737556,6.008363,3.5876944,3.846416,3.9483085,4.4176326,3.5306633,3.2554827,3.7307885,3.7307885,4.400673,4.407084,4.11937,3.3895428,3.5801494,3.374897,3.9026036,4.501404,3.406245,3.4690428,3.1450322,3.2113283,3.5812736,3.6821897,3.8334846,3.766452,3.79228,5.0846777,3.9373906,3.7412465,3.4412272,3.4579833,3.6970572,3.4129703,3.426698,3.6664016,4.523031,4.3141007,3.5504508,3.7913375,3.556095,3.536295,5.3547664,5.5815434,5.641273,5.5702233,5.073424,4.8637185,5.379177,5.306453,5.0418377,5.226886,5.7253447,5.862508,4.980694,4.4056764,4.84852,4.686799
21,4.395192,4.3910728,4.9457684,3.8851426,4.4714746,4.1026983,4.105645,4.0843725,3.260783,3.1261396,3.730621,3.4019876,4.475216,3.5082839,3.6301258,3.29202,4.002583,3.3049119,3.8194149,3.3558211,2.2667382,0.0,2.154738,1.7281513,2.8561742,3.1922557,2.5614636,3.0317032,3.027818,4.4369593,3.3177369,3.31778,4.179685,4.044082,3.6100943,4.3622823,3.4085407,3.6867163,3.7578237,3.730805,3.5694106,4.2396173,4.2456207,4.75452,3.7513838,4.1219044,4.369944,4.1937137,4.7456594,4.4445515,5.076273,5.0905085,3.2923095,3.5865624,3.6045363,3.37828,3.7828457,3.7504623,4.32972,4.1032405,4.264726,4.904942,3.7427502,3.6443143,4.058242,4.058242,4.1895704,4.623157,4.5767574,4.882775,6.4907374,6.26757,4.215826,4.4328685,4.6831455,4.991916,4.359296,4.1224327,4.396764,4.396764,4.6355386,4.7907925,4.6205125,3.7431319,4.182856,4.0212517,4.1597238,4.5016146,3.7460942,3.855161,3.8800876,3.8858073,3.8492908,4.086547,4.135554,4.098979,3.8943088,4.370321,3.95911,3.8051374,3.6244664,3.4734712,3.7000036,3.6724265,3.5587761,3.760454,4.4146423,4.186962,3.608577,3.8660035,3.5784047,3.5629878,5.830935,6.075303,6.060715,6.0283837,5.7164965,5.5886855,6.0068502,5.936182,5.20546,5.1715455,5.338788,5.5640836,4.4788613,3.8960233,4.5549135,4.32576
22,4.486961,4.332945,4.859171,4.006639,4.596313,4.1297116,4.0753613,4.073171,3.0090735,2.7884986,3.9235258,3.6209323,3.8251357,3.219509,3.3673396,2.928294,3.6234248,2.8316443,3.3779492,3.0355983,1.3897527,2.154738,0.0,1.5109171,2.667872,2.9178994,2.4464974,2.8382716,2.716952,3.883615,3.0770185,3.0759416,4.092504,3.8819053,3.4398115,4.066653,3.3446193,3.5671883,3.6874962,3.63061,3.5176024,4.09607,4.148943,4.2041025,3.5327928,3.8582702,4.219374,4.0849457,4.6288204,4.301019,4.9157043,4.8993993,3.050958,3.3857753,3.4838655,3.250344,3.5103083,3.3608751,3.380369,3.282815,3.623552,4.32978,3.11971,3.341625,3.39287,3.39287,4.0015755,4.048648,4.0692463,4.3220363,6.049923,5.853926,3.3232677,3.6153023,4.1322246,4.5263605,3.4441905,3.1219077,3.5308657,3.5308657,3.815236,3.934335,3.452836,2.9352918,3.5357902,3.3769233,3.8104973,4.452881,3.0046558,3.2997737,2.7960436,2.829049,3.2382019,3.3396533,3.3899646,3.337111,3.6153812,4.925083,3.9462163,3.7824535,3.162056,3.181929,3.3974352,3.1402543,3.1288013,3.2769654,4.275819,4.0565476,3.1410863,3.4726424,3.2629168,3.242899,4.979412,5.153864,5.119633,5.0326333,4.618463,4.428782,4.917834,4.81205,4.512783,4.89785,5.487992,5.5473323,4.619118,4.1045904,4.6186547,4.3078284
23,4.1271048,4.142021,4.6399484,3.343049,4.1826196,3.5574737,3.5060365,3.4856052,2.8258958,2.5764081,3.3698452,3.0003436,3.8012326,2.6980457,2.84757,2.9033494,3.6044407,2.6141582,2.940217,2.7695148,1.8203536,1.7281513,1.5109171,0.0,2.4539855,2.6011598,2.1421852,2.121852,2.4909294,3.822299,2.5421457,2.5396876,3.6484628,3.7637393,3.3010225,3.494595,3.012179,3.2228103,3.120748,3.0773947,2.8849456,3.6038134,3.6877682,4.212574,3.2032607,3.5652828,3.7792027,3.5561483,4.1870484,3.846293,4.5270276,4.495911,2.6006374,2.8994207,2.9216285,2.6159043,3.3803332,3.2924247,3.8144293,3.529568,3.870333,4.567898,3.3292234,3.2172365,3.7468007,3.7468007,3.2991142,3.9236538,3.7755556,4.1390104,5.872407,5.7339115,3.341312,3.6214337,3.764621,4.253651,3.4235396,3.1177065,3.453163,3.453163,3.9003863,3.9621022,3.7766538,2.9044259,3.301906,3.1835136,3.4230924,3.6437707,2.9893212,3.1224945,3.0808988,3.06864,3.129683,3.3143866,3.213518,3.2674375,3.2846847,3.889155,3.3225803,3.4593413,3.1353333,2.9591537,3.2020063,3.150859,2.6525278,2.918254,3.8180835,3.7967122,2.779628,3.0828493,2.8694394,2.8456385,4.769477,4.874895,5.012838,4.9532204,4.4961796,4.2901187,4.6450095,4.5896835,4.3073792,4.292287,4.931938,5.1300197,3.8957212,3.619046,3.890149,3.5899332
24,3.8715968,3.677383,3.9977436,3.3275387,3.5113566,3.744806,3.5981963,3.6116302,1.5515007,1.3131356,2.4464467,2.3574288,3.597017,1.7627697,1.7529933,1.6685295,3.0383434,1.1577868,2.072656,1.8066516,2.9222167,2.8561742,2.667872,2.4539855,0.0,1.0761225,1.8530685,2.6463432,1.0392066,3.640272,1.5587562,1.5443586,2.8948245,2.7084286,3.3788676,3.882004,2.3246706,2.5343843,2.0258186,1.9346989,2.3228273,2.7373674,2.801663,3.5175073,3.4521847,2.7527034,2.8759964,2.6105576,3.2561896,3.4090314,3.6136749,3.5128043,1.6213546,1.8385961,2.7378273,1.857424,2.3101149,2.2396607,3.0473313,2.6625698,2.8862445,4.111204,3.5494535,3.4376328,3.978986,3.978986,3.725548,4.756965,4.286112,4.617958,5.838497,5.6431975,3.868898,4.287313,4.26045,5.2615714,3.6869626,3.3983245,3.9569447,3.9569447,4.887125,4.8974276,4.2031727,3.6269095,3.7981756,3.7193785,3.9802165,3.524634,3.435626,3.5402825,3.520572,3.5351944,3.7910326,4.0108523,3.8489106,4.0978127,4.398187,4.7699614,4.20145,4.301673,4.0858655,3.8295674,4.009657,4.0685034,3.1260247,3.3540828,3.5161936,3.3026335,3.221081,3.4342391,3.3680465,3.3359182,5.3666654,5.501041,5.534963,5.4472775,4.7454076,4.465082,4.874233,4.8007126,5.1224422,5.1068716,5.53893,4.939491,4.796278,4.4370847,4.8110127,4.1225724
25,3.7540758,3.6727877,3.8083441,3.0890694,3.4156296,3.6302142,3.4109068,3.412048,1.2547847,1.1173637,2.1182485,2.0950842,3.5234709,1.5149844,1.4610424,1.680834,2.8380263,0.5431193,1.9904685,1.8303753,3.2356918,3.1922557,2.9178994,2.6011598,1.0761225,0.0,1.8070842,2.5284376,0.5557017,3.717161,1.252982,1.2436169,2.9036486,2.7733307,3.4696982,3.906535,2.3924687,2.734701,1.8462119,1.7513727,2.1243684,2.8235493,2.8798482,3.6711018,3.6360466,2.9579678,3.048868,2.7072928,3.3490837,3.3424442,3.7475812,3.6018145,1.7103963,1.7515969,2.4773376,1.8370945,2.5814185,2.5225112,3.315221,2.933008,3.1325686,4.162943,3.7688808,3.6344154,3.9607544,3.9607544,3.6438434,4.84552,4.2559123,4.6370077,5.9169326,5.734814,3.8917847,4.315957,4.122257,5.408445,3.6634114,3.305219,3.8713627,3.8713627,4.577689,4.6482105,4.306849,3.5699084,3.8443785,3.7337272,4.046884,3.3691177,3.4310155,3.5231018,3.645175,3.6667886,3.8029752,3.8952348,3.7989578,4.0638995,4.4278274,4.657918,4.243326,4.325932,4.1184006,3.8559856,3.973482,4.1097517,3.1585422,3.3853061,3.679118,3.4685683,3.217558,3.5195396,3.395232,3.36287,5.0114856,5.174503,5.1928873,5.1319165,4.3971744,4.019982,4.425306,4.342006,4.9803853,4.891039,5.404652,4.8048816,4.5419707,4.1167426,4.5578527,3.8024008
26,3.7112536,3.732367,4.059421,3.0990586,3.7177324,3.9447296,3.6063585,3.5946293,1.8315542,1.5970345,2.706473,2.230535,4.0992727,2.4984868,2.4453382,2.3211997,2.8076413,1.7563744,2.6733875,2.150378,2.8340242,2.5614636,2.4464974,2.1421852,1.8530685,1.8070842,0.0,2.1643538,1.6961559,4.141146,2.312652,2.3014662,3.1519043,2.902726,2.444475,3.3120635,3.0368445,3.2389197,2.7514079,2.659493,2.6804976,3.4511776,3.4328663,4.12322,3.1194613,3.4759336,3.5808344,3.3418934,3.7868872,3.4859638,4.245181,4.050541,1.9903727,2.1853013,2.6863616,2.2248657,3.125505,2.9784935,3.6392128,3.2906182,3.704924,4.4704556,3.1748426,2.9974797,3.263036,3.263036,3.1456141,4.320738,3.8082952,4.1347976,5.735119,5.508844,3.2610667,3.5290356,3.695252,4.6593313,3.3657227,3.2173016,3.4184787,3.4184787,3.9256647,4.183464,3.8137674,2.7898064,3.1934917,3.0219946,3.2782137,2.8762813,2.71542,2.844798,3.032967,3.0819592,2.9373236,3.1162837,3.2340782,3.5230799,3.2005515,3.4970703,3.116635,2.980258,2.7028956,2.3774981,2.6006439,2.7006974,2.1223629,2.437297,3.537149,3.1946719,2.183982,2.5919871,2.2997358,2.2802393,4.640654,4.8426275,4.8246765,4.719671,4.2821064,4.072536,4.6356564,4.5507455,4.5773826,4.5202913,4.991839,5.047247,4.0069785,3.3667095,4.0197124,3.8281343
27,3.6341188,3.8066592,4.2199802,2.732144,3.3442404,2.8462124,2.3396597,2.3310606,2.9716172,2.5554779,3.46356,2.9877448,3.169586,2.150468,2.512449,2.6822798,3.0981216,2.5452075,2.676955,2.788939,3.1221,3.0317032,2.8382716,2.121852,2.6463432,2.5284376,2.1643538,0.0,2.4797916,3.362847,2.3362072,2.326495,3.394858,3.584487,3.1327012,3.037405,3.5651019,3.6522014,2.7589672,2.674919,2.10698,3.6676126,3.7666576,4.2365026,3.3391743,3.6780925,3.8860512,3.682084,3.9250958,2.942025,4.3405685,4.279495,2.0523472,2.139175,2.3026414,1.9544834,3.2450562,3.0638325,3.7539895,3.38449,3.8384628,4.270894,3.424681,3.0893183,4.0419846,4.0419846,2.807361,4.254424,3.5565023,3.9398434,5.9548845,5.892031,3.074046,3.2523234,3.673964,4.8062544,3.2947707,3.0767293,3.307408,3.307408,3.882433,3.8377657,3.6230357,3.020685,3.254044,3.1821194,2.994927,2.7989018,3.035318,3.1533046,2.9431157,2.9128315,3.2347934,3.0226684,3.0759754,2.9388964,2.9097078,3.4687903,2.833071,3.338477,2.8970964,2.619718,2.859455,2.9329498,2.206067,2.5198896,3.7270503,3.900153,2.284117,2.6859276,2.4292884,2.4109879,4.5632887,4.4994535,4.90304,4.790219,4.081471,4.0070825,4.3450356,4.3105836,3.7815387,3.8189166,4.4668245,4.570272,3.8852699,3.9119108,3.868182,3.494987
28,3.7145844,3.6107976,3.7799575,3.0953307,3.3984313,3.5264015,3.3344977,3.3450065,1.4691665,1.2117326,2.3026273,2.153728,3.5225492,1.7188635,1.6742165,1.7568239,2.5361745,0.4941325,2.0950963,1.8101754,3.0731575,3.027818,2.716952,2.4909294,1.0392066,0.5557017,1.6961559,2.4797916,0.0,3.6956484,1.4318067,1.4229417,2.7732046,2.5574076,3.274573,3.8553712,2.352741,2.7191498,2.0955355,1.9631997,2.2677526,3.034331,3.085824,3.7878177,3.734925,3.1011903,3.2545543,2.8751647,3.497345,3.3049855,3.8837516,3.7578843,1.8304816,1.9246392,2.6276276,1.9425371,2.6848638,2.5192177,3.2418053,2.8814492,3.1985948,4.157806,3.8513925,3.753474,3.859216,3.859216,3.7152781,4.7996383,4.2861795,4.6132865,6.0482554,5.8652496,3.8818636,4.3164363,4.186288,5.2674265,3.7201896,3.31739,3.9315648,3.9315648,4.530983,4.62111,4.29021,3.515817,3.8462071,3.7148395,4.0345383,3.54213,3.412298,3.5049596,3.620476,3.6471732,3.7904208,3.7643514,3.8203585,4.040216,4.4246645,4.7298336,4.327834,4.370996,4.04718,3.80643,3.8898995,4.0381,3.1891077,3.443256,3.8406641,3.600213,3.2626123,3.580225,3.4549208,3.422901,5.1198688,5.282083,5.345123,5.284217,4.4870825,4.124622,4.575004,4.484499,4.9836307,4.9994698,5.353613,4.739555,4.7085533,4.253847,4.728076,4.0028005
29,4.0682063,4.32384,5.6351705,4.8109713,4.459523,4.276452,4.047435,4.0916867,4.2356625,3.8094976,4.500351,4.304081,2.2640986,3.4630177,3.8758786,3.6866183,4.6432195,3.7586691,3.07078,2.9471734,4.100652,4.4369593,3.883615,3.822299,3.640272,3.717161,4.141146,3.362847,3.6956484,0.0,3.631479,3.6195107,4.8057027,4.6750903,4.838587,4.8145676,4.5522127,3.803792,4.005187,3.9680333,3.731908,4.017782,4.206501,4.5894294,4.6300817,4.188354,4.774678,4.4875927,4.67854,4.6396565,4.8533206,4.963636,3.5819998,3.6703453,4.075789,3.7056518,4.164368,4.179929,4.035856,4.0778174,4.0011044,4.9314556,4.492107,4.686177,4.579836,4.579836,4.4925823,4.940314,4.247863,4.481812,6.186228,5.9805474,4.2741194,4.552731,4.6902266,5.799558,4.217401,3.8917024,4.433251,4.433251,5.050039,5.0435677,4.5575576,3.8971248,3.9923017,4.0289307,4.352908,4.95409,3.9541261,4.014117,3.618637,3.662305,4.0908694,4.3306613,4.0817738,3.2467983,4.6599054,5.9510174,4.9731855,5.2169466,4.5155015,4.6367803,5.259247,4.518175,4.3380017,4.5908084,4.4326024,4.6588516,4.4442987,4.0624523,4.6337895,4.617805,5.9218745,5.893589,6.2440705,6.0855026,4.8625193,5.271917,5.49368,5.48616,5.239165,5.6523666,6.0838275,5.702597,6.0977287,5.972921,5.8972015,5.235232
30,4.006444,3.9178848,4.127114,2.6689227,3.818245,3.5477912,3.3339117,3.3507602,1.7980875,1.8598812,2.5555873,2.552642,3.4742522,1.4157144,1.3560499,2.3316762,3.0410979,1.2979697,1.8432306,2.3090553,3.4568496,3.3177369,3.0770185,2.5421457,1.5587562,1.252982,2.312652,2.3362072,1.4318067,3.631479,0.0,0.035529617,2.9400792,3.2206776,3.7539184,3.679562,2.82257,3.0266638,1.541074,1.5758175,1.7846743,2.933287,3.0464857,3.7523699,3.6756244,3.0081549,3.18617,2.7603345,3.6243188,3.4295352,3.9616027,3.8093085,1.8211502,1.8202188,2.0928807,1.7856191,2.8168223,2.970608,3.5772898,3.2330074,3.2587397,4.0985174,3.7905931,3.6675587,4.2650957,4.2650957,3.402682,4.40725,4.0146155,4.41937,5.9303756,5.804948,3.7430406,4.215946,4.0670457,5.343602,3.6113672,3.1469402,3.7739356,3.7739356,4.442468,4.3323035,4.144542,3.4743845,3.6915445,3.6583686,3.7590332,3.270898,3.4511523,3.5314643,3.6401784,3.6078603,3.7659388,3.8108141,3.5899951,4.002375,4.375732,4.643043,4.1623955,4.5828986,4.3207645,4.0795164,4.1991315,4.315255,3.0767086,3.4281158,3.8022673,3.8666892,3.255174,3.534724,3.3033128,3.2670581,4.678975,4.7156134,4.9950805,4.9600415,4.444841,4.119187,4.329516,4.2920566,4.441173,4.205859,4.9491773,4.3057575,4.327071,4.368891,4.3267365,3.4968672
31,3.9950187,3.9090426,4.1134033,2.6641028,3.7989023,3.5390484,3.32327,3.340441,1.7875872,1.8388499,2.5389547,2.5320337,3.461115,1.3982886,1.338723,2.3160932,3.0403666,1.2885946,1.8310435,2.2939987,3.4522352,3.31778,3.0759416,2.5396876,1.5443586,1.2436169,2.3014662,2.326495,1.4229417,3.6195107,0.035529617,0.0,2.9272335,3.2074976,3.740871,3.6677504,2.8132792,3.0103576,1.5205574,1.5535916,1.7695004,2.9128277,3.0271027,3.7444339,3.6607077,2.9897149,3.1704032,2.7460177,3.5984182,3.4108112,3.9359856,3.7838135,1.7935116,1.7927517,2.0768838,1.7607116,2.7975173,2.9508402,3.559892,3.2138045,3.2417142,4.0919757,3.7781336,3.6552606,4.2507563,4.2507563,3.3848143,4.3978786,3.997371,4.401947,5.9076147,5.7822194,3.730197,4.2024784,4.0512676,5.3299017,3.5977366,3.14112,3.7630455,3.7630455,4.4349265,4.3251038,4.1391053,3.4671807,3.673409,3.641628,3.7445168,3.2517097,3.438891,3.5165389,3.6280227,3.5962203,3.7540464,3.8038611,3.581927,3.9918935,4.3644404,4.632209,4.1481185,4.569604,4.308775,4.0668855,4.1881375,4.3028,3.0609908,3.4185016,3.7767105,3.8418078,3.2440503,3.521207,3.2873852,3.251166,4.6704183,4.706379,4.9920845,4.954702,4.4330835,4.108143,4.3205743,4.283514,4.4347405,4.1991296,4.941764,4.297633,4.31979,4.360011,4.317063,3.4870794
