,0,1,2,3,4,5,6,7,8,9,10,11,12,13,14,15,16,17,18,19,20,21,22,23,24,25,26,27,28,29,30,31,32,33,34,35,36,37,38,39,40,41,42,43,44,45,46,47,48,49,50,51,52,53,54,55,56,57,58,59,60,61,62,63,64,65,66,67,68,69,70,71,72,73,74,75,76,77,78,79,80,81,82,83,84,85,86,87,88,89,90,91,92,93,94,95,96,97,98,99,100,101,102,103,104,105,106,107,108,109,110,111,112,113,114,115,116,117,118,119,120,121,122,123,124,125,126,127
0,0.0,2.8683422,4.11096,4.3808894,2.248174,2.5218909,2.2239347,2.256054,2.1332595,1.6442237,2.8229442,2.3690963,2.949992,3.1708376,2.3858683,2.3109055,3.2779503,3.2964568,2.4578915,2.2177439,3.1993065,3.1962104,3.5265515,2.246208,2.6205568,2.7641568,3.0415146,3.1205375,3.5052755,2.898824,3.343226,3.2396882,3.7948031,4.1563454,4.84877,4.2316775,3.1689334,3.2373574,3.7828276,3.2863605,2.2809987,2.439418,3.211131,3.4217699,4.1653023,2.9888048,3.0848367,3.115889,3.5695944,3.663027,3.6256313,3.8890717,3.6034813,3.6034813,3.624026,3.5851016,3.6812434,2.9661071,3.2752657,3.0694838,3.6945348,3.721659,3.8332212,3.847091,3.7901711,3.7876127,3.9159327,3.915814,3.8773775,4.4407473,4.2276073,3.838878,3.8994386,3.9478948,4.1270823,4.111201,4.4403405,4.000192,4.666845,3.9720757,4.005352,4.556401,3.788144,3.8104093,4.194832,4.3216696,3.7606382,3.5722747,3.7599697,5.3378153,4.069912,4.084594,3.867165,4.117856,3.6754103,3.9967482,4.1330943,3.549335,3.7909598,3.6323533,3.5503488,3.5629435,3.7018216,4.4270473,4.1098714,3.9638758,3.9845815,4.0961514,4.214694,4.060068,3.9947116,4.0661416,3.2365928,3.6910353,3.631532,3.9973495,3.5792985,3.4728465,4.011414,4.0190682,4.160579,4.1375523,4.327372,4.330963,6.544944,6.6241226,4.3922095,4.2949524
1,2.8683422,0.0,2.8246768,2.9592073,0.98646116,1.3742151,0.8690149,0.88573706,1.0344769,3.0555804,1.1645942,1.4136608,1.7812141,2.374233,0.8266028,0.7741258,2.39133,2.4151466,0.8796887,1.1942891,2.6678457,2.671768,2.154202,1.0471189,0.8689328,1.3651662,1.80544,1.9195464,2.7170444,1.940883,1.9868032,2.0503418,3.19195,3.5910702,4.3701077,3.6811755,2.5691612,2.789441,3.420876,2.60148,2.379079,2.6264532,2.4461722,2.8412082,3.7506683,2.2668672,2.2859755,2.2953367,3.019886,3.123874,3.098786,3.3447394,3.0815213,3.0815213,3.0118363,3.141663,2.7920732,2.4119701,2.5062087,2.3017628,3.2338212,3.269458,3.0073078,2.9769719,3.5648909,3.5611908,3.4745984,3.478981,3.5684907,3.615437,4.0192504,3.572639,3.3528545,3.2319694,3.4646306,3.4831247,4.314465,3.2903233,4.1654177,3.3102512,3.7035437,4.3129015,3.5969534,3.6243722,3.8916728,3.98054,3.30678,3.0760512,3.5362465,5.067936,3.3378046,3.3895116,3.5629802,3.5845113,3.552369,3.877874,3.8323846,3.409576,3.5145202,3.353148,3.3926234,3.3432493,3.636894,4.3673983,3.9487906,3.744382,3.7547786,4.505209,4.0058613,3.7412345,3.7936394,3.9329822,2.9445179,3.5496695,3.483303,3.7863965,3.4136434,3.2944198,3.7113986,3.7244763,3.8674738,3.8163762,4.0502563,4.0569606,5.6829996,5.7800665,4.150663,4.048607
2,4.11096,2.8246768,0.0,0.5610522,2.844926,2.9872408,2.7963657,2.7966228,3.1395829,3.5798492,2.9228144,2.9683335,3.1161952,3.4330218,2.630384,2.6399891,2.852389,2.860934,2.8843498,2.7758622,3.498352,3.5204527,2.2350953,2.9510849,2.9155805,2.9112918,3.1665804,3.2733,4.008574,3.7196105,3.8424273,3.6700444,3.908625,4.267476,4.6160984,4.4414816,2.8390744,3.1461651,3.7424662,2.9477768,2.9486737,3.1609428,2.8695326,3.206525,4.017716,2.6449234,2.7259927,2.7450523,3.189017,3.2719479,3.3192575,3.5412478,3.8522794,3.8522794,3.56673,3.8902724,2.5409257,3.4193473,3.1832235,2.8177404,4.2231627,4.2730966,4.1402416,4.1565137,4.502158,4.5285645,4.512536,4.522556,4.498409,4.822423,4.849641,4.542005,4.1583986,4.1998634,4.3656473,4.363579,4.987444,4.4969835,5.170638,4.453427,4.840697,5.4014006,4.6715107,4.6868353,4.868497,4.91607,4.3608584,4.4214706,4.537921,5.19608,4.4906735,4.6317286,4.62453,4.6911545,4.253838,4.546139,5.174535,4.40756,4.313716,4.1435437,4.303322,4.2643943,4.390435,5.1029515,4.955425,4.687894,4.6346154,5.28928,4.899208,4.6469107,4.5567183,4.8127084,3.9129448,4.4992294,4.4339237,4.5329266,4.5825114,4.4773884,4.699579,4.699382,4.7973123,4.7245836,4.9472213,4.8921595,5.181527,5.2449007,4.993993,4.916412
3,4.3808894,2.9592073,0.5610522,0.0,3.0918949,3.2252162,2.9963496,3.017041,3.3593533,3.894263,3.1573148,3.2638416,3.375811,3.5674236,2.8274198,2.8372931,2.989991,2.9981036,3.0448961,2.9498754,3.702944,3.7408698,2.3686962,3.1791108,3.024617,3.0535772,3.2582536,3.3425908,4.124487,3.852031,3.8853948,3.7316794,4.0234647,4.331372,4.659784,4.5023127,2.9786348,3.333642,3.8188484,3.1397552,3.1907194,3.3756952,3.0098026,3.2718227,4.110044,2.7987413,2.850891,2.87298,3.322066,3.4117544,3.4759312,3.693571,3.9284031,3.9284031,3.6404123,4.039475,2.6717274,3.5964293,3.3154564,2.9364686,4.3849335,4.4253397,4.2346463,4.2499113,4.6514215,4.671897,4.6568174,4.6631374,4.655372,4.9238153,5.03155,4.7016935,4.339237,4.351839,4.517883,4.514916,5.0902023,4.601651,5.280594,4.593282,4.96807,5.5255322,4.8280067,4.846995,4.9788337,5.067606,4.512645,4.5931973,4.672144,5.2875814,4.6122217,4.7183714,4.7028837,4.7601376,4.421908,4.6983285,5.301497,4.5527687,4.5014963,4.343633,4.480613,4.450868,4.621382,5.256499,5.106147,4.8380313,4.78885,5.436027,5.0557017,4.8064313,4.7301726,4.9789553,4.0876913,4.629707,4.5584383,4.650163,4.6724944,4.577402,4.8028812,4.804291,4.876424,4.8167005,5.0126915,4.945033,5.1503468,5.2112317,5.01684,4.9537334
4,2.248174,0.98646116,2.844926,3.0918949,0.0,0.70101124,0.46261823,0.42773074,0.70914525,2.3347664,0.95538557,1.1863658,1.7455102,2.2800856,0.8019737,0.62744,2.2231371,2.2464411,0.96200466,1.0283895,2.2094083,2.1948042,2.0843608,0.6182797,1.2171264,1.5894566,1.931772,2.1047268,2.9749842,2.2180734,2.4568813,2.457184,3.1147149,3.595538,4.363203,3.6944113,2.3818116,2.5430934,3.2439082,2.3153634,1.6919787,1.9935681,2.1462653,2.5793855,3.6300552,1.9529014,1.9998231,2.0011225,2.7215126,2.8240292,2.7809584,3.0341067,2.8968282,2.8968282,2.8139763,2.8032134,2.5856209,2.060766,2.3528397,2.0803585,3.0416908,3.0960207,2.9076352,2.9023898,3.180163,3.192405,3.1173148,3.1246374,3.1995363,3.490849,3.6908927,3.2115943,2.8927674,2.875763,3.092662,3.102668,3.9829412,3.171279,4.076713,3.0966277,3.4908428,4.148035,3.3442426,3.368139,3.6464756,3.594084,3.0721138,2.819835,3.2464364,4.842613,3.1412845,3.1796975,3.4401522,3.5258164,3.198168,3.566343,3.5823941,3.120288,3.1806133,2.9799109,3.0272136,2.973476,3.466999,4.2061014,3.7047367,3.4517658,3.4742498,4.193958,3.766594,3.4550042,3.5132241,3.6544468,2.6815627,3.1658812,3.1124623,3.4326863,3.1144443,2.9868917,3.4996395,3.5069242,3.572017,3.5113096,3.6959403,3.7658274,5.6688623,5.7624273,4.023134,3.9035268
5,2.5218909,1.3742151,2.9872408,3.2252162,0.70101124,0.0,1.0446969,1.0246804,1.1763719,2.619856,1.3092192,1.5946822,2.0441337,2.4672816,1.246449,1.1272321,2.3538513,2.3734322,1.2338988,1.320268,2.2586823,2.2280998,2.0979207,1.0574976,1.4834265,1.7866231,2.0869908,2.2701168,3.1094482,2.4434624,2.5808556,2.6313388,3.195337,3.6700475,4.422401,3.7661676,2.428955,2.5615833,3.2048187,2.2818239,1.759496,2.0516627,2.1077962,2.4853568,3.5813115,1.9620134,2.0077019,1.9916915,2.632669,2.7360752,2.673233,2.9052193,2.903918,2.903918,2.821423,2.7145207,2.5931711,2.0104203,2.3982646,2.114387,3.0704298,3.151328,2.9147902,2.917346,3.0554981,3.0735056,2.9961352,3.0056126,3.0691657,3.3482797,3.5631757,3.1034017,2.4699562,2.4420125,2.5906508,2.6067805,3.8892696,3.15436,4.058463,3.0083406,3.4378777,4.1155252,3.3073359,3.3299193,3.6256077,3.2857168,3.0409393,2.7723,3.125209,4.7509823,2.976686,3.040668,3.5060775,3.5682538,3.0583146,3.441872,3.5639145,3.112504,3.1194592,2.9327116,2.9417894,2.8902874,3.5694685,4.207801,3.6054294,3.3186877,3.3479302,4.0562835,3.6428454,3.3348987,3.3966975,3.5299225,2.8021667,3.0232832,2.990612,3.2193623,2.9994648,2.879358,3.4685333,3.4773378,3.3714206,3.3160691,3.352275,3.5844831,5.7323794,5.823498,4.125656,4.0101323
6,2.2239347,0.8690149,2.7963657,2.9963496,0.46261823,1.0446969,0.0,0.20519091,0.67952424,2.34154,1.0541196,1.2065877,1.8860967,2.2563188,0.6152663,0.41140848,2.2238216,2.2494442,0.8807553,0.9286773,2.2135592,2.2209876,2.0162845,0.594861,1.0477109,1.5242426,1.8676805,2.017261,2.9057913,2.1807563,2.3928363,2.4050198,3.1119297,3.5449235,4.3494296,3.6515958,2.4209766,2.6250093,3.1788995,2.4501767,1.8094664,2.0199525,2.1890893,2.5280688,3.6138546,2.0309935,2.0558476,2.061387,2.799652,2.907859,2.869778,3.1369565,2.9217875,2.9217875,2.8326237,2.930785,2.618694,2.2105198,2.3810444,2.1230352,3.1139033,3.1489213,2.9708607,2.9603162,3.2960563,3.300662,3.2477434,3.253237,3.3151248,3.5841665,3.8328657,3.3224761,3.149884,3.130012,3.3568757,3.3709743,4.009953,3.2314436,4.119761,3.2112744,3.55314,4.202629,3.4089267,3.4361641,3.684611,3.7901099,3.1630914,2.909443,3.3521056,4.963869,3.246023,3.2769847,3.4272163,3.5089748,3.3307912,3.668172,3.6812181,3.2107947,3.30067,3.113882,3.181332,3.1290638,3.5344467,4.2424407,3.8155007,3.579408,3.6000946,4.2739434,3.8955429,3.59742,3.6458185,3.78703,2.701594,3.2669876,3.2051325,3.5427122,3.1693816,3.0465899,3.5313408,3.537259,3.683701,3.6296842,3.8547473,3.8598325,5.672421,5.765649,3.9561782,3.8529868
7,2.256054,0.88573706,2.7966228,3.017041,0.42773074,1.0246804,0.20519091,0.0,0.61288494,2.388497,1.0164136,1.086555,1.8519707,2.3043413,0.6372342,0.43857762,2.147006,2.1727653,0.89027625,0.9759927,2.162321,2.1623437,2.0168602,0.5394997,1.085837,1.4874421,1.8976148,2.0642328,2.969232,2.238148,2.4537172,2.4556043,3.068292,3.5358853,4.3129377,3.6316495,2.376497,2.5658681,3.1679964,2.3675752,1.8474662,2.0486188,2.1205695,2.4937036,3.6062505,1.9856553,2.0159986,2.017746,2.7653663,2.8718727,2.8040051,3.0607069,2.8986254,2.8986254,2.8102446,2.8690734,2.5802877,2.149474,2.3301704,2.08246,3.06173,3.0977914,2.9385257,2.9254797,3.226709,3.232268,3.175903,3.184809,3.238326,3.4942172,3.7323396,3.2437625,3.0884657,3.0767908,3.3028078,3.3231833,3.912776,3.1499143,4.0691094,3.1228535,3.4878926,4.146118,3.3378124,3.3635154,3.6574736,3.7716975,3.084504,2.8290973,3.2933393,4.871569,3.158395,3.219198,3.3736486,3.4371104,3.2591412,3.5949335,3.6337116,3.160371,3.2142699,3.026515,3.1157768,3.057441,3.4834118,4.220536,3.7314496,3.4862075,3.5054038,4.1798844,3.8074372,3.4967318,3.5497227,3.699243,2.6154583,3.216064,3.1567013,3.4833164,3.1356697,3.0079536,3.4761467,3.4807403,3.6441069,3.5842056,3.832726,3.8344352,5.6177845,5.7120156,3.9136078,3.803348
8,2.1332595,1.0344769,3.1395829,3.3593533,0.70914525,1.1763719,0.67952424,0.61288494,0.0,2.4247708,1.0138527,1.0046993,2.0056932,2.3864908,0.7068027,0.63880986,2.104746,2.1279886,0.8923152,1.0006875,2.2534647,2.2395756,2.4091616,0.5523982,1.1268057,1.2848445,1.9318256,2.0913668,2.8939228,2.1857986,2.3709388,2.358381,3.014753,3.4699466,4.1906466,3.5312324,2.3430834,2.5185874,3.0620694,2.3599923,1.9873699,2.1898842,2.2637372,2.5163288,3.5175998,2.008599,2.0424347,2.058336,2.8336694,2.9451914,2.8751206,3.1047678,2.8534691,2.8534691,2.8366084,2.810475,2.7097795,1.969012,2.3203979,2.092542,2.911518,2.9358432,2.8241181,2.8025284,3.1353543,3.1241128,3.0619667,3.067831,3.1248536,3.3710103,3.536109,3.151383,3.034839,2.99304,3.2184896,3.2381377,3.8941166,3.0293684,3.9290802,3.01904,3.3956115,4.048874,3.216181,3.241474,3.6986945,3.808273,3.0079184,2.7796195,3.1584532,4.733604,3.0359304,3.1651654,3.2452981,3.3163931,3.16512,3.505561,3.5909436,3.0209038,3.097049,2.9111907,2.991783,2.9451594,3.2236307,4.050612,3.5021942,3.278406,3.3059652,4.0272546,3.5430515,3.28761,3.3120317,3.4350746,2.4480002,3.1259632,3.059885,3.3984816,3.0411224,2.904154,3.3770485,3.3849976,3.4788733,3.4347534,3.6753154,3.6914065,5.53095,5.625738,3.7832756,3.7002022
9,1.6442237,3.0555804,3.5798492,3.894263,2.3347664,2.619856,2.34154,2.388497,2.4247708,0.0,2.5467823,2.4645991,3.0674667,3.2925618,2.4360712,2.4158602,3.3938644,3.4094195,2.8277256,2.5141432,3.1347806,3.1322181,3.180554,2.3927226,3.041995,3.1182446,3.409056,3.5133238,3.8166137,3.3102348,3.8425388,3.6977477,3.7373471,4.1077876,4.774724,4.2250686,3.1724873,3.2368467,3.6911216,3.247337,1.6900654,1.8425729,3.2050178,3.3965094,4.109456,2.8948853,2.9741533,2.999339,3.361658,3.449373,3.5518327,3.830535,3.553105,3.553105,3.462437,3.5278814,3.2212558,3.0439231,3.2152145,3.043915,3.7278216,3.7577386,3.831087,3.8643708,3.8492444,3.8667028,3.943242,3.9384863,3.8935382,4.6680274,4.2823205,3.8980722,3.9905372,4.1259975,4.3267093,4.2978244,4.7790523,4.195413,4.771014,4.111849,4.2623997,4.8033447,4.0188146,4.0323567,4.359597,4.488464,3.9434502,3.7895365,3.9540591,5.3768992,4.2276306,4.3091455,4.1326337,4.4173946,3.8947852,4.1784444,4.437181,3.8319683,3.906203,3.7151618,3.79881,3.7619858,3.934495,4.6389456,4.3454437,4.170026,4.1984243,4.78749,4.399858,4.2020626,4.1583667,4.2436743,3.4641008,3.836384,3.7889302,4.1973004,3.8575249,3.7603726,4.2251015,4.223909,4.295345,4.2582045,4.4949107,4.4607325,5.986748,6.0550637,4.5071344,4.4454646
10,2.8229442,1.1645942,2.9228144,3.1573148,0.95538557,1.3092192,1.0541196,1.0164136,1.0138527,2.5467823,0.0,1.2930777,2.0654545,2.5597925,1.0204431,1.0291651,2.387091,2.4079099,1.4445927,1.5409243,2.4284973,2.4064474,2.2178655,0.9621206,1.6757832,1.8096193,2.3084981,2.4778345,3.0533476,2.491734,2.6740642,2.6605122,3.094212,3.5769315,4.2292285,3.602183,2.4970727,2.6561897,3.2145483,2.4537659,1.9609724,2.2003126,2.3694222,2.6736143,3.6382613,2.0715904,2.0724673,2.0749755,2.8136353,2.9176288,2.9435909,3.1523647,2.8947215,2.8947215,2.8166895,2.813912,2.4914353,2.0801108,2.3842583,2.1864326,3.0702147,3.1044374,2.897254,2.8719504,3.2107372,3.2135632,3.0536325,3.0562563,3.1600356,3.4606922,3.6217444,3.228349,3.042604,3.0232534,3.2739246,3.285309,4.264284,3.139167,4.0490727,3.0744832,3.5779588,4.227813,3.414956,3.4342835,3.797907,3.8596442,3.1271884,2.9092834,3.3098898,4.817366,3.1127934,3.2457342,3.454975,3.5174613,3.3537123,3.6642063,3.8289495,3.2860003,3.2415533,3.0430477,3.222682,3.14083,3.5378888,4.312236,3.71483,3.4669106,3.4932394,4.590408,3.721821,3.436985,3.4994638,3.6246393,2.7049406,3.2678547,3.2207875,3.5753937,3.263958,3.1374888,3.5224242,3.5273798,3.5879574,3.5255797,3.7993197,3.811324,5.2249017,5.3204474,3.9392273,3.8725767
11,2.3690963,1.4136608,2.9683335,3.2638416,1.1863658,1.5946822,1.2065877,1.086555,1.0046993,2.4645991,1.2930777,0.0,1.9337988,2.9183316,1.0122894,1.0371366,2.2099946,2.2351158,1.3495796,1.3825622,2.4931533,2.4538136,2.2507143,1.022776,1.538914,1.4961741,2.4366221,2.5988193,2.9629295,2.3328462,2.6307518,2.5722709,2.552054,3.119356,3.794055,3.1604905,2.165098,2.1776025,2.9762924,2.1410868,2.170167,2.4403415,2.275657,2.6912706,3.58058,2.098628,2.180643,2.1812925,2.937779,3.0460773,2.9414418,3.1716135,3.0725522,3.0725522,3.0040174,2.9714448,2.4396667,2.1933837,2.0710037,2.187834,2.8613384,2.8956423,2.9461021,2.9181716,3.2258453,3.2121031,3.2700129,3.2861156,3.1758833,3.3527908,3.5292125,3.1098568,3.2716665,3.2561789,3.4784777,3.4986687,3.8903043,2.9827178,3.8840635,2.9588125,3.4374733,4.03195,3.220066,3.239406,3.7514446,3.9231575,3.0196667,2.8402758,3.2310908,4.658798,3.166928,3.3381178,3.3712072,3.4456189,3.1816468,3.4058774,3.7733755,3.1639242,3.1816077,2.9691784,3.1596189,3.0557976,3.2495522,4.155975,3.5421107,3.3945372,3.3931456,4.054461,3.6007588,3.3372655,3.346713,3.5042877,2.5501585,3.2400532,3.1691654,3.445157,3.228354,3.0848718,3.4739602,3.4794471,3.7439098,3.6651127,4.0182457,3.9751196,5.482055,5.574776,3.9822578,3.8932862
12,2.949992,1.7812141,3.1161952,3.375811,1.7455102,2.0441337,1.8860967,1.8519707,2.0056932,3.0674667,2.0654545,1.9337988,0.0,2.8912156,1.9936717,1.899392,2.693532,2.7066848,1.8391434,1.8787458,2.9459476,2.9345522,2.6068845,1.9300536,1.9094923,2.129584,2.4010212,2.5244842,3.193069,2.5870924,2.8823032,2.743507,3.4692955,3.8444746,4.527746,3.8948884,2.9183424,2.9755037,4.398232,2.9165163,2.4582682,2.8681262,2.781763,3.8398151,4.022123,2.6687992,2.7810607,2.7855852,3.1350024,3.2277725,3.152033,3.4052763,3.261799,3.261799,3.1690304,3.2390697,3.0083008,2.7950873,2.8307302,2.6813664,3.5784905,3.6481206,3.3191907,3.2827613,3.731709,3.7746968,3.745022,3.7479877,3.8639045,3.9759912,4.1867805,3.7373466,3.6679351,3.6199172,3.838227,3.8234208,4.4038205,3.659945,4.475609,3.6561368,3.9398565,4.4640517,3.796213,3.8114424,4.0581455,4.0667276,3.5371766,3.3399885,3.7206957,5.22888,3.8388112,3.8944793,3.8228247,3.8942606,3.6301763,3.9613557,4.27248,3.781612,3.9280987,3.7339792,3.6734035,3.6624594,3.8692157,4.5845675,4.142363,4.0000353,3.9406652,4.5937605,4.196347,4.0438504,3.9622138,4.1302614,3.1609738,3.7561796,3.7319772,4.083961,3.6723223,3.582217,3.9029226,3.9128928,4.0877023,4.0054336,4.307663,4.3023405,5.932527,6.0232525,4.4837627,4.3461847
13,3.1708376,2.374233,3.4330218,3.5674236,2.2800856,2.4672816,2.2563188,2.3043413,2.3864908,3.2925618,2.5597925,2.9183316,2.8912156,0.0,2.3373785,2.299877,3.018808,3.0379112,2.1684766,2.1628444,3.2248452,3.2297883,3.037086,2.2341802,2.2740107,2.6233861,1.1320659,1.1388255,3.4788876,2.5402646,2.9377759,2.8978703,4.21634,4.593396,5.18205,4.6112494,3.500033,3.6647298,4.1546216,3.4445217,2.7115815,2.899169,3.2152019,3.4508812,4.482892,3.029963,3.0450058,3.0751846,3.5520613,3.6494133,3.6789784,3.8891277,3.7112913,3.7112913,3.6425357,3.7249377,4.133012,3.1754951,3.5106544,3.1435988,3.9859166,3.9978714,3.9086754,3.9050567,4.27143,4.2942276,4.1588798,4.1570926,4.293567,4.604611,4.7400208,4.4016857,3.8858407,3.886684,4.112506,4.1351323,4.8849764,4.2582636,4.8879495,4.1978745,3.91192,4.1428246,3.8184447,3.8367972,4.573924,4.5966134,4.178608,3.9929042,4.252051,5.577704,4.2744884,4.2696733,4.3220067,4.3903174,4.2361465,4.997267,4.5942445,4.160074,4.1578536,4.0046387,4.0201516,3.9865916,4.291313,4.952742,4.292848,4.4734955,4.4934125,5.047098,4.6950436,4.6382546,4.464779,4.602129,3.870805,4.161215,4.127302,4.531655,4.196173,4.079785,4.375046,4.3810086,4.3716416,4.307963,4.4846444,4.4862795,6.189526,6.282785,4.6361327,4.549984
14,2.3858683,0.8266028,2.630384,2.8274198,0.8019737,1.246449,0.6152663,0.6372342,0.7068027,2.4360712,1.0204431,1.0122894,1.9936717,2.3373785,0.0,0.26600295,2.1631348,2.186951,0.7955188,0.863091,2.336752,2.33349,1.9634044,0.69148684,0.92849356,1.1456836,1.8536378,1.9820079,2.716975,2.0128276,2.199196,2.1985264,2.9645417,3.3653197,4.1114597,3.4401777,2.288608,2.496652,2.9459386,2.3588254,1.948734,2.1858306,2.298182,2.5028932,3.4352357,2.028919,2.071264,2.0864477,2.8388946,2.9581666,2.9345548,3.2016609,2.9780777,2.9780777,2.8907819,3.0167637,2.5215092,2.2277138,2.2979531,2.1271672,3.033574,3.0607615,2.9263942,2.9092824,3.4224203,3.4150615,3.3924675,3.3984492,3.3986824,3.6286714,3.8140297,3.4194386,3.2735965,3.2256875,3.441368,3.4538896,4.1446395,3.2782028,4.0437007,3.272531,3.6355333,4.243206,3.4553337,3.4801333,3.8973765,3.9965587,3.280318,3.077419,3.4090066,4.921046,3.310228,3.4498196,3.4987624,3.5850096,3.3992355,3.7161567,3.874464,3.3153813,3.3828793,3.19004,3.2994628,3.2387624,3.3737981,4.173002,3.7732134,3.583519,3.5981333,4.3035984,3.803651,3.562864,3.562381,3.7047255,2.7654762,3.389266,3.31193,3.614894,3.3281581,3.1979744,3.6429243,3.650716,3.7281682,3.6793537,3.9141102,3.914444,5.5003886,5.5901136,4.011669,3.9528022
15,2.3109055,0.7741258,2.6399891,2.8372931,0.62744,1.1272321,0.41140848,0.43857762,0.63880986,2.4158602,1.0291651,1.0371366,1.899392,2.299877,0.26600295,0.0,2.0957232,2.121024,0.7165631,0.78569305,2.2553189,2.2565665,1.9517322,0.57532835,0.87875557,1.225489,1.8201587,1.9619975,2.7918227,2.0514612,2.2182503,2.2156837,2.9878926,3.4193993,4.1284447,3.4593205,2.2763624,2.4885988,3.0237381,2.321149,1.8999866,2.1241968,2.1945014,2.477743,3.4924202,1.9676573,2.0097277,2.0237827,2.8207965,2.9435992,2.8994,3.1632903,2.9548666,2.9548666,2.8647745,2.9683712,2.5019577,2.1788158,2.2920191,2.0731487,3.0636132,3.09319,2.923383,2.9063015,3.361004,3.3574533,3.3256238,3.332417,3.3565454,3.5892966,3.8120542,3.368169,3.1979945,3.1556153,3.371009,3.3873801,4.060456,3.2370424,4.0801206,3.2260668,3.590026,4.22135,3.4290395,3.4556012,3.813691,3.9004693,3.2252464,3.0200157,3.3722706,4.87855,3.2748609,3.3669603,3.4606776,3.5365293,3.3428407,3.665164,3.801173,3.2731335,3.349209,3.163112,3.2503493,3.1947532,3.4487958,4.2229047,3.7698495,3.5507014,3.5680616,4.2426767,3.8243566,3.5457025,3.5740101,3.7212489,2.6967542,3.3202202,3.2483232,3.554974,3.235575,3.1067276,3.5810633,3.5890086,3.6790733,3.6242964,3.850187,3.863765,5.554696,5.6459355,3.9766996,3.904979
16,3.2779503,2.39133,2.852389,2.989991,2.2231371,2.3538513,2.2238216,2.147006,2.104746,3.3938644,2.387091,2.2099946,2.693532,3.018808,2.1631348,2.0957232,0.0,0.041558754,1.946632,1.8937688,1.9646511,1.9763268,2.782455,2.0579903,2.0736444,1.8685094,2.3650448,2.5735142,3.9182687,3.6605513,3.6671474,3.5502832,2.9138587,3.451215,3.5645273,3.3500915,2.0477107,2.2617936,3.1435962,2.1987047,2.6810017,2.9015865,2.1231852,2.581282,3.5383666,1.8690168,1.9016272,1.9312781,2.8587666,2.9942064,2.7866588,2.8882594,3.0977833,3.0977833,2.999615,2.9611351,2.4562154,2.1745386,2.31859,2.0226164,3.316056,3.319364,3.1870227,3.168442,3.204421,3.1938426,3.1817935,3.1852007,3.2343621,3.3430686,3.5408657,3.201453,3.1176717,3.1764922,3.3435934,3.3572407,3.0387712,3.148488,4.3250046,3.1805604,3.646412,4.2299814,3.453142,3.479745,4.012901,4.1030974,3.3272576,3.4393253,3.329974,4.18277,3.3541691,3.4295316,3.4353626,3.4513888,3.1252465,3.4703207,4.2849565,3.2690735,3.3443341,3.0860102,3.212123,3.1991563,3.5873325,4.393557,3.5152447,3.3583944,3.3019924,3.896755,3.548906,3.4003682,3.2111075,3.4474943,2.4101894,3.1239426,3.039889,3.1961365,3.2045705,3.0825398,3.397383,3.3922327,3.336935,3.2737918,3.3881533,3.3626254,4.8043246,4.89061,3.6257658,3.6116173
17,3.2964568,2.4151466,2.860934,2.9981036,2.2464411,2.3734322,2.2494442,2.1727653,2.1279886,3.4094195,2.4079099,2.2351158,2.7066848,3.0379112,2.186951,2.121024,0.041558754,0.0,1.9711057,1.9165212,1.9676433,1.9794948,2.8059845,2.0853617,2.0964596,1.8819748,2.3839562,2.5914507,3.9391754,3.685739,3.6918287,3.5727892,2.9349735,3.463842,3.5804718,3.3721616,2.0657501,2.2813416,3.1593287,2.21755,2.6962066,2.9155383,2.144653,2.6022623,3.5352416,1.8867102,1.9200554,1.949955,2.8651843,2.9994583,2.7918983,2.8921387,3.1064243,3.1064243,3.008877,2.9706962,2.467325,2.188742,2.3399231,2.0396523,3.3225906,3.3260574,3.1913342,3.1735108,3.216241,3.2061102,3.1923802,3.1955621,3.2474387,3.356868,3.546457,3.2151759,3.1267388,3.1864786,3.3508544,3.363956,3.0414765,3.1668632,4.3325615,3.1996272,3.6676207,4.250653,3.4724996,3.4987988,4.0299144,4.115361,3.3427057,3.4567158,3.343331,4.186894,3.3662596,3.448009,3.4498155,3.4655976,3.13694,3.4801414,4.2976065,3.278344,3.3536205,3.095534,3.2195468,3.2088685,3.582284,4.389446,3.526001,3.3657005,3.3086216,3.9036503,3.5514948,3.4061854,3.213664,3.4502823,2.418921,3.13834,3.0547316,3.2083719,3.220128,3.0990076,3.4119754,3.4067059,3.3431468,3.281575,3.3905973,3.3672361,4.7970233,4.8827696,3.6365197,3.623069
18,2.4578915,0.8796887,2.8843498,3.0448961,0.96200466,1.2338988,0.8807553,0.89027625,0.8923152,2.8277256,1.4445927,1.3495796,1.8391434,2.1684766,0.7955188,0.7165631,1.946632,1.9711057,0.0,0.7121545,2.2398746,2.2380269,2.1270726,0.8334235,0.4125065,0.94151765,1.4343319,1.5927981,2.5932822,2.0600388,2.1176815,2.2066875,3.0688248,3.5490317,4.110325,3.412466,2.3703501,2.5571802,3.2723165,2.469468,2.205123,2.4848893,2.3248777,2.6900864,3.6305037,2.1161315,2.162011,2.1777756,2.9503918,3.0804372,2.993774,3.2326677,3.0862164,3.0862164,3.024592,3.0734494,2.7740505,2.2581754,2.4072697,2.1960173,3.3247879,3.3584259,3.1516452,3.1193933,3.4455967,3.4404318,3.423796,3.4259486,3.4707499,3.5715013,3.828127,3.4592342,3.1868923,3.1074402,3.3022537,3.3151278,3.9558282,3.2902095,4.276335,3.28165,3.5677946,4.1438775,3.4215863,3.4503706,3.9734385,3.9660816,3.35038,3.1505873,3.3822956,4.9771585,3.3611515,3.4249125,3.5065267,3.5615141,3.3513105,3.7353845,4.030912,3.3998368,3.5273817,3.331062,3.3442082,3.3140705,3.6068003,4.378296,3.6709597,3.5586774,3.540126,4.1180053,3.7568507,3.6227546,3.5218256,3.6650157,2.8400428,3.3493547,3.2721505,3.5556467,3.274958,3.1508906,3.599432,3.6084967,3.6208072,3.5672557,3.7132416,3.7773297,5.753345,5.847018,4.036385,3.9864173
19,2.2177439,1.1942891,2.7758622,2.9498754,1.0283895,1.320268,0.9286773,0.9759927,1.0006875,2.5141432,1.5409243,1.3825622,1.8787458,2.1628444,0.863091,0.78569305,1.8937688,1.9165212,0.7121545,0.0,2.1882,2.1896615,2.1192048,0.8393546,0.7889425,1.224812,1.5194334,1.63394,2.7216973,2.1910474,2.327136,2.2121053,2.9829714,3.199715,3.9773421,3.3453023,2.1954482,2.3832922,2.9706035,2.409308,1.9694238,2.2639544,2.2184856,2.6188827,3.1663837,1.9717488,2.0391781,2.0607233,2.8058453,2.9452584,2.8771532,3.1387212,2.9252787,2.9252787,2.8593612,2.99842,2.6506963,2.1604552,2.299754,2.0634453,2.9998333,3.0305398,2.8784242,2.848279,3.348361,3.3477232,3.3505585,3.3539124,3.3786862,3.6004303,3.9536016,3.3669236,3.1391406,3.1078053,3.3047996,3.3052385,3.9313366,3.3135657,3.9909842,3.3289175,3.5533402,4.120034,3.35067,3.3801777,3.65728,3.6719062,3.2784963,3.1436357,3.3346226,4.903844,3.439736,3.4641228,3.460687,3.5680215,3.2436728,3.6384487,4.014536,3.273285,3.4678879,3.251763,3.280554,3.2513251,3.27087,3.947544,3.8130677,3.695298,3.6799755,4.234627,3.92171,3.7504845,3.6497114,3.8192375,2.5549817,3.203246,3.1484272,3.442076,3.1212385,2.9982114,3.4596624,3.4701657,3.5542884,3.494595,3.6610572,3.6899278,5.6219177,5.7112355,3.9416394,3.8993917
20,3.1993065,2.6678457,3.498352,3.702944,2.2094083,2.2586823,2.2135592,2.162321,2.2534647,3.1347806,2.4284973,2.4931533,2.9459476,3.2248452,2.336752,2.2553189,1.9646511,1.9676433,2.2398746,2.1882,0.0,0.14959657,2.775498,2.1047814,2.3818185,2.4325962,2.8272336,3.011239,4.4111185,3.9826086,4.0308814,4.0299935,3.887443,4.2198043,4.584881,3.9831831,3.2586691,3.406865,3.7768044,3.218937,2.7261486,2.8570826,3.0068886,3.2977386,3.7569973,2.9342062,2.9429555,2.9274294,3.6196089,3.7485688,3.510318,3.672329,3.769674,3.769674,3.6426,3.6124203,3.1391768,3.074889,3.356564,3.1125522,3.8566892,3.8578784,3.5050743,3.4820645,3.7897902,3.8195605,3.7271078,3.7403898,3.8258986,4.0960937,4.195077,3.8193588,3.615063,3.7779384,3.8761103,3.88044,3.5677326,4.0373917,4.7143226,3.9916265,4.403464,5.0060425,4.204455,4.2245584,4.5191126,4.432277,4.1659245,3.9792364,4.0467176,5.3842354,4.0392003,4.128103,4.2437367,4.306997,3.9636452,4.1807704,4.6209126,4.1982408,4.2423825,3.9411578,4.097637,4.0625997,4.2265444,4.8322105,4.368713,4.068046,4.0689797,4.584577,4.291651,3.9849942,3.989089,4.160635,3.1340027,3.7064884,3.641619,3.8866894,3.8364396,3.7362719,4.195293,4.178223,3.8380017,3.7641737,3.7777963,3.8507705,5.809713,5.885869,4.2977924,4.3531985
21,3.1962104,2.671768,3.5204527,3.7408698,2.1948042,2.2280998,2.2209876,2.1623437,2.2395756,3.1322181,2.4064474,2.4538136,2.9345522,3.2297883,2.33349,2.2565665,1.9763268,1.9794948,2.2380269,2.1896615,0.14959657,0.0,2.7820802,2.0864391,2.3937297,2.4290369,2.8361206,3.0238574,4.394929,3.9725718,4.03125,4.0298533,3.8664498,4.206487,4.56897,3.9685855,3.2484846,3.377964,3.7579384,3.1950603,2.727919,2.8748138,3.011258,3.3050032,3.7501514,2.934435,2.9480422,2.930957,3.6229103,3.7503192,3.5087476,3.6663318,3.7844377,3.7844377,3.6608138,3.6053424,3.1457481,3.0553482,3.3443742,3.1187615,3.830834,3.8350308,3.50247,3.4782717,3.7730567,3.802892,3.710617,3.7251885,3.800481,4.069522,4.1644273,3.7946465,3.5715837,3.7379694,3.832783,3.8372855,3.5705266,4.021646,4.6898103,3.9639337,4.3828287,4.9785686,4.1771502,4.1962376,4.5104694,4.396618,4.149088,3.9603572,4.027701,5.370169,4.0218697,4.117924,4.2514277,4.314856,3.9390044,4.16099,4.6169634,4.1859093,4.219332,3.9130578,4.077538,4.037527,4.19009,4.809159,4.341378,4.051619,4.0511184,4.573939,4.2649436,3.9633832,3.9610302,4.1335135,3.1264374,3.6899395,3.6268535,3.8644626,3.8375735,3.7341359,4.188746,4.171778,3.8311074,3.7528558,3.7665918,3.8501887,5.823456,5.9001803,4.324883,4.378359
22,3.5265515,2.154202,2.2350953,2.3686962,2.0843608,2.0979207,2.0162845,2.0168602,2.4091616,3.180554,2.2178655,2.2507143,2.6068845,3.037086,1.9634044,1.9517322,2.782455,2.8059845,2.1270726,2.1192048,2.775498,2.7820802,0.0,2.0102718,2.1942449,2.402022,2.6140373,2.7655745,3.4085803,2.9882371,3.002413,3.0001543,3.1807916,3.6109629,3.899874,3.2412105,2.505853,2.6472573,3.3100116,2.5012596,2.2765887,2.5736005,2.1751273,2.6498287,3.5319383,2.2799716,2.3033888,2.2552743,2.6992378,2.873581,2.742014,2.988322,3.034232,3.034232,2.7542048,3.011165,2.1529114,2.792096,2.440651,2.3592513,3.7516067,3.8002822,3.4763215,3.42553,3.458369,3.5007198,3.5438967,3.5636714,3.4537556,3.7009618,3.967031,3.4623694,3.3440967,3.394995,3.5872085,3.5842023,4.109057,3.495667,4.296765,3.4132433,3.6465049,4.2498097,3.5218055,3.5388703,3.9575388,4.0453835,3.5591455,3.3793044,3.4647584,4.920599,3.5774112,3.6404471,3.6530678,3.7278862,3.4125347,3.675076,4.616536,4.1003294,4.0163946,3.7709968,3.984829,3.8889365,4.5471616,4.961491,4.018092,3.8434362,3.7977624,4.503001,4.0942826,3.844695,3.804823,4.017635,3.3419185,3.3767548,3.3412514,3.5429795,3.5009108,3.4070563,3.7060032,3.7000384,3.6749165,3.5641637,3.9039001,3.869926,5.2732773,5.3542833,4.025038,4.0297303
23,2.246208,1.0471189,2.9510849,3.1791108,0.6182797,1.0574976,0.594861,0.5394997,0.5523982,2.3927226,0.9621206,1.022776,1.9300536,2.2341802,0.69148684,0.57532835,2.0579903,2.0853617,0.8334235,0.8393546,2.1047814,2.0864391,2.0102718,0.0,1.1087168,1.4276506,1.8017418,1.978927,2.8502235,2.2182202,2.380456,2.351893,2.9614565,3.4084766,4.009274,3.3217742,2.2625792,2.4063497,3.012142,2.2906475,1.8628073,2.1232228,2.1050277,2.4561677,3.4208262,1.9174685,1.9510881,1.953122,2.772042,2.909578,2.8161116,3.0448372,2.8355048,2.8355048,2.7703207,2.7671506,2.5649586,1.9737208,2.2393658,2.0298843,3.0195343,3.0470984,2.8887758,2.8474915,3.0909028,3.0935645,3.0314164,3.041342,3.077345,3.3526638,3.6168692,3.1056564,2.9421177,2.9390192,3.1718102,3.187005,3.8737967,3.047019,3.9451778,3.0044792,3.3129797,3.9498975,3.1335285,3.158947,3.5872824,3.6690502,3.0467758,2.8257546,3.132013,4.756287,3.121237,3.172385,3.2679214,3.34665,3.1097598,3.4824486,3.810323,3.2103176,3.2590978,3.038166,3.166129,3.0986235,3.4648342,4.184079,3.563901,3.3883371,3.3955958,4.145225,3.6726923,3.4185398,3.4114351,3.5639157,2.4554005,3.0221403,2.9715233,3.3128989,2.9997513,2.8631134,3.305246,3.3101964,3.4021297,3.3235343,3.5938654,3.6042597,5.507758,5.6034513,3.7542763,3.704463
24,2.6205568,0.8689328,2.9155805,3.024617,1.2171264,1.4834265,1.0477109,1.085837,1.1268057,3.041995,1.6757832,1.538914,1.9094923,2.2740107,0.92849356,0.87875557,2.0736444,2.0964596,0.4125065,0.7889425,2.3818185,2.3937297,2.1942449,1.1087168,0.0,0.939743,1.4487737,1.5509882,2.6252034,2.024249,2.0201292,2.1065164,3.1435995,3.4995265,4.1893816,3.474073,2.5076299,2.7178957,3.3313193,2.647058,2.42557,2.668054,2.478366,2.8318596,3.605952,2.3092275,2.3490381,2.3652854,3.0924735,3.2199206,3.133807,3.387202,3.1837494,3.1837494,3.1234078,3.2616901,2.9018896,2.4878414,2.5310097,2.3510492,3.3416443,3.36878,3.1314805,3.098283,3.6327538,3.6245477,3.6229901,3.6251879,3.6656728,3.6918268,4.056689,3.6365874,3.4191856,3.3150382,3.5000784,3.5150309,4.0541735,3.4171417,4.269461,3.4559743,3.7212632,4.2745905,3.5850961,3.6158407,4.033196,4.0679164,3.4909039,3.290229,3.5561695,5.1316047,3.51111,3.5714931,3.6168349,3.6588178,3.5395138,3.8907855,4.081353,3.5191438,3.6964805,3.5159752,3.50861,3.4838476,3.632485,4.350058,3.8777802,3.7645848,3.751215,4.247688,3.9615886,3.8133686,3.737697,3.8812306,2.9583888,3.5270405,3.4490175,3.7214992,3.3954523,3.2803307,3.732887,3.7441657,3.7879333,3.7437801,3.885833,3.930655,5.852266,5.944381,4.1361628,4.086155
25,2.7641568,1.3651662,2.9112918,3.0535772,1.5894566,1.7866231,1.5242426,1.4874421,1.2848445,3.1182446,1.8096193,1.4961741,2.129584,2.6233861,1.1456836,1.225489,1.8685094,1.8819748,0.94151765,1.224812,2.4325962,2.4290369,2.402022,1.4276506,0.939743,0.0,1.785593,1.9106042,2.8542314,2.2577515,2.2475119,2.2704582,3.0387843,3.4591787,3.949332,3.344405,2.3364778,2.5581906,3.202648,2.4223168,2.5141802,2.760853,2.519961,2.7806907,3.4215102,2.2224007,2.2901437,2.3156567,2.973983,3.1072352,2.980095,3.2097385,3.0749388,3.0749388,3.0325427,3.1021292,2.7458744,2.3429003,2.4350934,2.2713068,3.1878717,3.2064135,3.0036285,2.9720852,3.54207,3.5271757,3.5492525,3.5540605,3.5458841,3.582234,3.6412342,3.5398123,3.4114506,3.3094013,3.4734821,3.4879324,3.9078841,3.3162656,4.112386,3.360839,3.6974564,4.25922,3.5075436,3.530144,4.2914076,4.344786,3.451749,3.31187,3.4168339,4.771376,3.3474433,3.6361415,3.4959161,3.5348234,3.409914,3.726884,4.1246753,3.4709227,3.5606742,3.3714514,3.4087086,3.3943584,3.3520682,4.2411075,3.5103247,3.3735723,3.3549995,3.8797657,3.4396589,3.3608425,3.2232115,3.3661656,2.8593903,3.5047843,3.4080725,3.642458,3.4536417,3.329479,3.7345784,3.7431457,3.6070657,3.5831835,3.7562244,3.7956786,5.4150734,5.500304,3.9760828,3.9616456
26,3.0415146,1.80544,3.1665804,3.2582536,1.931772,2.0869908,1.8676805,1.8976148,1.9318256,3.409056,2.3084981,2.4366221,2.4010212,1.1320659,1.8536378,1.8201587,2.3650448,2.3839562,1.4343319,1.5194334,2.8272336,2.8361206,2.6140373,1.8017418,1.4487737,1.785593,0.0,0.29740983,2.990451,2.2868721,2.4670875,2.449304,3.6689935,4.0039887,4.595641,3.9988039,2.9382694,3.123728,3.7568936,3.0048451,2.6497428,2.8817778,2.7398849,3.1006134,3.9325655,2.585714,2.6127925,2.6382325,3.1613936,3.2822263,3.2236083,3.4375167,3.2948818,3.2948818,3.240473,3.3580632,3.6168773,2.7385325,2.959627,2.6410813,3.6339238,3.652663,3.4957874,3.467694,3.8577976,3.8695228,3.7997217,3.7987757,3.8989773,4.015929,4.3015327,3.9489229,3.5269296,3.4685102,3.6740835,3.69653,4.278545,3.7441301,4.487972,3.744167,3.579447,3.9062853,3.461583,3.48585,4.2326674,4.2656655,3.7506964,3.587125,3.7703543,5.2125998,3.8107321,3.8557537,3.8247828,3.8531795,3.7424521,4.4147925,4.4169254,3.7950945,3.8726892,3.7051785,3.690671,3.6751046,3.9066668,4.55645,3.8690763,4.0181,3.9974484,4.479775,4.1853814,4.191901,3.9523368,4.11116,3.3515553,3.7222517,3.6790733,4.012556,3.7018795,3.5880187,3.8856566,3.8940568,3.8984907,3.8427758,4.0047417,4.0228477,5.8845534,5.9791307,4.217764,4.1564083
27,3.1205375,1.9195464,3.2733,3.3425908,2.1047268,2.2701168,2.017261,2.0642328,2.0913668,3.5133238,2.4778345,2.5988193,2.5244842,1.1388255,1.9820079,1.9619975,2.5735142,2.5914507,1.5927981,1.63394,3.011239,3.0238574,2.7655745,1.978927,1.5509882,1.9106042,0.29740983,0.0,3.0114648,2.2449155,2.4323547,2.401083,3.810166,4.062366,4.7254124,4.1201367,3.1121385,3.3020172,3.8520198,3.1997998,2.8037384,3.024078,2.9529822,3.2773623,3.9843378,2.7912197,2.819423,2.8481133,3.3409493,3.4586828,3.4196272,3.6440887,3.4441803,3.4441803,3.397672,3.5599113,3.8069024,2.9452775,3.1367357,2.835391,3.7064695,3.7205937,3.56684,3.540343,4.064242,4.073829,4.0101295,4.008344,4.1057878,4.2111325,4.5299416,4.1541176,3.740309,3.6679232,3.8684416,3.8891857,4.4859557,3.9323924,4.5499043,3.950469,3.747062,4.0338616,3.63103,3.6557584,4.349389,4.3883176,3.932566,3.7680118,3.9614394,5.3950768,4.009394,4.048146,3.9922364,4.0283084,3.944183,4.6143165,4.5205975,3.9423053,4.0524397,3.8944485,3.8632858,3.8509707,3.9526775,4.57517,4.069842,4.2343597,4.2204976,4.6593943,4.392883,4.4001412,4.17039,4.322412,3.520747,3.9163826,3.8729603,4.2105737,3.8696358,3.7596455,4.0627885,4.073404,4.082995,4.0333376,4.1859117,4.1984034,6.034029,6.127004,4.3764257,4.318689
28,3.5052755,2.7170444,4.008574,4.124487,2.9749842,3.1094482,2.9057913,2.969232,2.8939228,3.8166137,3.0533476,2.9629295,3.193069,3.4788876,2.716975,2.7918227,3.9182687,3.9391754,2.5932822,2.7216973,4.4111185,4.394929,3.4085803,2.8502235,2.6252034,2.8542314,2.990451,3.0114648,0.0,2.860993,2.9612305,3.1147342,3.9124439,4.2437696,4.824745,4.188705,3.4979744,3.5467331,4.1919837,4.0543613,3.601661,3.8221571,3.7453597,3.9638069,4.503739,3.4961305,3.5431333,3.5637233,3.8140237,3.8828156,4.054549,4.2578764,4.0668983,4.0668983,4.0769444,4.217792,3.939927,3.5038235,3.4412057,3.4403722,4.7544675,4.824897,4.9107375,4.85623,4.5052633,4.4784174,4.5595164,4.535894,4.507277,4.6207795,4.795034,4.503089,4.2577834,4.0973444,4.285869,4.2707634,5.574453,4.3628154,5.4795704,4.346422,4.3820453,4.7685037,4.183207,4.207103,4.7611785,4.796359,4.2029643,4.0407443,4.1849318,6.1736426,4.414626,4.502767,4.300932,4.384826,4.162969,4.4971657,5.6880646,4.346285,4.476609,4.408908,4.373585,4.3701625,4.408464,5.027785,4.5145073,4.717601,4.5676355,5.3654437,4.634392,5.0560884,4.5120378,4.5882926,4.1260223,4.386037,4.3679466,4.5712986,4.262655,4.182956,4.224935,4.2436194,4.765814,4.733819,4.917595,4.97079,6.6161923,6.7085657,5.101019,5.082392
29,2.898824,1.940883,3.7196105,3.852031,2.2180734,2.4434624,2.1807563,2.238148,2.1857986,3.3102348,2.491734,2.3328462,2.5870924,2.5402646,2.0128276,2.0514612,3.6605513,3.685739,2.0600388,2.1910474,3.9826086,3.9725718,2.9882371,2.2182202,2.024249,2.2577515,2.2868721,2.2449155,2.860993,0.0,1.0704229,1.2173562,3.646048,4.0325875,4.6742864,3.9191294,3.3325868,3.4144852,3.9894326,3.1688988,2.9294648,3.1803749,3.3818657,3.627567,4.4884424,3.2060452,3.2742858,3.2994742,3.8372443,3.9594252,3.97085,4.2500734,3.7682571,3.7682571,3.752603,3.8467286,3.8686073,3.2719245,3.2193255,3.2246625,3.6297996,3.6537702,3.519017,3.5016193,4.337945,4.326552,4.37142,4.379549,4.3311853,4.4143214,4.625129,4.3265195,4.198584,4.0109196,4.219068,4.2439504,5.253692,3.9524815,4.4259276,3.9499195,3.9077485,4.240353,3.8664489,3.8875878,4.597036,4.6406975,4.001896,3.7488005,4.110372,5.4478917,4.0839667,4.1637015,4.186316,4.2723517,4.2251267,4.6726866,4.10798,4.1220613,4.2294145,4.1417994,4.0929785,4.026208,4.2208214,4.9475956,4.197598,4.2493005,4.32389,4.677434,4.4737787,4.249372,4.35382,4.4178987,3.9924152,4.2662163,4.1974397,4.549584,4.088921,3.9737682,4.47732,4.5034423,4.504685,4.461531,4.7302704,4.7764654,6.5118923,6.602042,4.827768,4.7297254
30,3.343226,1.9868032,3.8424273,3.8853948,2.4568813,2.5808556,2.3928363,2.4537172,2.3709388,3.8425388,2.6740642,2.6307518,2.8823032,2.9377759,2.199196,2.2182503,3.6671474,3.6918287,2.1176815,2.327136,4.0308814,4.03125,3.002413,2.380456,2.0201292,2.2475119,2.4670875,2.4323547,2.9612305,1.0704229,0.0,0.7947788,3.8561945,4.1957636,4.4952817,3.7521179,3.3650007,3.5352666,4.005956,3.251805,3.3029006,3.5518506,3.4341698,3.594192,4.371404,3.2579248,3.3026345,3.325435,3.987332,4.146883,4.0941706,4.336575,3.7995653,3.7995653,3.796959,3.8881772,3.807864,3.299221,3.363889,3.2605603,3.906869,3.919259,3.5584345,3.5027342,4.361132,4.3438063,4.346295,4.356456,4.352705,4.325253,4.667586,4.384315,4.154568,3.910429,4.095289,4.117225,5.274928,3.9600813,4.491735,3.986061,4.0496254,4.5096498,4.045701,4.072704,4.69072,4.6863775,4.1264606,3.9184499,4.0951986,5.3787427,4.0756087,4.110684,4.13883,4.188615,4.226386,4.5770507,4.3549566,4.348547,4.489769,4.3887095,4.3290043,4.286578,4.5452447,5.166974,4.294002,4.1983986,4.2693624,4.652857,4.4523144,4.1700535,4.3438115,4.409409,3.9723382,4.235136,4.159091,4.448683,4.022855,3.9154503,4.448947,4.4779935,4.280131,4.2402864,4.457436,4.5485806,6.4320207,6.521512,4.692667,4.6710954
