,0,1,2,3,4,5,6,7,8,9,10,11,12,13,14,15,16,17,18,19,20,21,22,23,24,25,26,27,28,29,30,31,32,33,34,35,36,37,38,39,40,41,42,43,44,45,46,47,48,49,50,51,52,53,54,55,56,57,58,59,60,61,62,63,64,65,66,67,68,69,70,71,72,73,74,75,76,77,78,79,80,81,82,83,84,85,86,87,88,89,90,91,92,93,94,95,96,97,98,99,100,101,102,103,104,105,106,107,108,109,110,111,112,113,114,115,116,117,118,119,120,121,122,123,124,125,126,127
0,0.0,0.5488098,1.1471882,2.0728214,1.9842299,0.80601573,1.2626647,1.5609386,1.9329624,1.837794,1.5557609,1.8483505,2.0255024,1.6568301,1.6369526,1.5701921,2.370308,2.5741873,2.297283,2.2287502,1.6173118,1.651727,1.0871474,1.4559497,1.2782803,0.986006,1.1362233,1.1669779,1.9632975,1.5853916,0.75734735,1.596335,1.7460287,1.512328,2.1217046,2.1070766,0.9368208,1.3328284,2.8244073,2.8342454,1.6579461,1.5855604,2.5063088,1.7657822,1.3921099,1.4517943,2.15995,0.7619383,1.3242394,1.2934533,0.85722697,1.8185561,1.8944762,1.2771717,1.791131,2.3690734,2.3251317,2.075167,2.1364014,2.0085828,2.4534686,1.2507728,1.1297594,1.2779083,2.124768,1.3457602,1.9249451,2.0473175,1.6819541,1.3878766,0.878658,1.1300567,2.0755274,1.3784477,0.7484184,1.8182515,1.7363335,1.7088938,1.8083143,1.9206244,1.9612682,2.6939144,2.580852,2.1955159,2.0903766,1.6765162,1.9345787,1.6014175,2.1143985,2.322613,2.9961133,2.3946726,2.675275,2.662194,2.6696565,2.6648207,2.1482189,0.50803566,1.2899678,1.4626873,1.200204,2.522683,1.5552539,1.5436016,1.224795,2.4146388,2.0133104,1.9777179,1.4322755,1.4373324,1.3080128,1.644637,1.1623633,1.7710007,1.3001823,1.8014325,2.504756,1.971219,1.5347503,1.8439168,1.9017737,2.0678325,2.0768652,1.828581,3.253931,2.2297463,1.3788935,1.3696728
1,0.5488098,0.0,1.087353,1.9236223,1.8099183,0.7343735,1.1968558,1.5340255,1.9164114,1.8249314,1.4727706,1.745024,1.9223261,1.6650012,1.6511867,1.5860488,2.2355607,2.4054074,2.1678848,2.1512775,1.4684924,1.5073395,1.1920238,1.3960491,1.2337592,0.99965733,1.0714177,1.06412,1.7588831,1.5016556,0.7989945,1.7130083,1.741555,1.5416187,2.1940448,2.0699966,0.9713563,1.3969909,2.5374827,2.5534065,1.454666,1.4137876,2.430503,1.8499291,1.3137695,1.3447434,2.0617754,0.6872946,1.3266275,1.2050076,0.76371515,1.6132773,1.9478275,1.2407509,1.9580696,2.3662648,2.4069471,2.0980906,2.104675,1.9489667,2.3198078,1.192274,1.1168066,1.1928253,1.935981,1.3434131,1.8879886,1.98507,1.6541681,1.263908,0.85345817,1.0961868,1.9375945,1.332037,0.62829167,1.7648243,1.6904379,1.6702396,1.7718154,1.9517877,1.9280941,2.6340659,2.511541,2.1223776,2.315147,1.8123147,2.2016582,1.5534005,2.3467705,2.462049,3.052986,2.538014,2.817821,2.8151405,2.8450272,2.842741,2.1057293,0.540259,1.4928553,1.3855189,1.1235826,2.3466618,1.554948,1.5243114,1.138716,2.348621,1.796836,2.1534903,1.2132298,1.2228117,1.3006815,1.4216684,1.1031326,1.9272699,1.5819913,1.9407223,2.5475578,2.109308,1.7319865,1.924551,1.7128464,1.898839,2.1630757,1.7041183,3.394241,2.2614264,1.6385077,1.6300871
2,1.1471882,1.087353,0.0,1.7849318,2.5312483,1.350151,2.003096,2.249442,2.2566333,2.3561745,1.8390187,1.6340826,1.8759558,1.4628322,1.4120356,1.385964,3.029063,3.1547139,2.9995265,2.965017,1.2410649,1.2789916,1.7152808,1.2094394,1.0487016,0.6417046,1.4142765,1.4409043,2.0310078,1.7664195,1.317611,1.1742644,1.8785903,1.7600142,2.6311147,1.6291056,1.4882059,1.6119863,2.9438887,2.9552476,1.862121,1.8775668,3.1052344,2.2519352,1.8353976,1.930272,1.5890592,1.2265159,1.4907249,1.167648,0.90866256,1.715085,1.9765724,1.1383574,2.050906,2.3440373,3.1317475,1.9602621,1.9956686,1.9505396,2.374494,1.3575245,1.2735052,1.3912363,2.2705169,1.8126305,1.5614618,1.5690745,2.1107497,1.7871429,1.3575118,1.7517169,2.2676048,1.8225472,1.2128543,2.6809118,2.6252968,2.6128585,2.7560048,2.7936306,2.1687303,2.786416,2.73148,2.4010668,2.202229,2.201444,2.43469,1.3667476,2.5790982,2.1889656,3.4458456,2.6744814,2.570673,2.5525258,2.5772295,2.5548217,2.8405857,1.1543723,1.2220143,1.5495863,1.9434627,2.807756,2.455242,2.4648278,1.4855697,2.5564735,2.242423,2.4268947,1.721994,1.7193859,1.7161901,1.8460641,0.6557801,2.095136,1.8792642,1.7883408,2.6470268,2.6957762,1.8883821,2.1409812,1.8754812,2.1562283,2.3088164,1.9892085,3.7291598,2.9058971,1.9435079,1.9377064
3,2.0728214,1.9236223,1.7849318,0.0,3.0030031,2.1513014,2.5709655,3.0323217,2.837838,2.942639,2.538871,2.3744662,1.9458185,2.2427027,2.2721348,2.2296424,3.13291,3.221678,3.0857918,3.068513,1.5060339,1.4906245,1.9920185,1.0964074,1.5901198,1.748891,1.9206303,1.9191478,2.2093654,2.1822853,2.0849996,1.9530449,2.4694142,2.4855287,3.0706115,2.3009408,1.8458341,2.5285752,2.509755,2.519072,1.6394374,1.6182727,3.0422618,2.381085,1.964008,2.0875397,1.6978217,2.2074308,2.0899606,1.6448615,1.8284874,1.5002002,2.4017107,1.7204485,2.6123424,2.3702202,3.4119813,2.3712666,2.2809565,2.2952683,2.2054248,2.013309,2.034941,1.9456633,2.8785264,2.460119,1.9227939,2.0310283,2.681523,2.3754382,1.8603709,1.8561528,1.8886546,2.3713474,1.850473,3.0083714,2.9291759,2.9401767,3.1406667,3.0467381,2.600046,3.2557194,3.161787,2.8998232,2.9095361,2.8567157,3.100901,2.1963768,3.0736089,2.693898,3.0951078,2.991991,2.9816353,3.0994413,2.8780138,2.911553,3.2838895,2.0587726,2.2170324,2.2546349,2.2949727,3.0047812,3.0415802,2.9897022,2.1833448,2.7232249,2.0728426,3.086896,2.481432,2.485709,2.48038,2.570233,1.6237035,2.573349,2.4352267,2.4225929,3.4473836,2.9118106,2.2265568,2.0791645,2.30524,2.406893,2.696237,2.329504,4.912395,3.1849718,2.6312144,2.6407166
4,1.9842299,1.8099183,2.5312483,3.0030031,0.0,1.5878447,1.5519934,1.4737259,2.7821257,2.3451333,2.4180646,2.9248538,3.1058834,2.9076357,2.8623338,2.8317907,1.6226343,1.5347661,1.7164339,1.6145447,2.7127547,2.764017,2.1053305,2.7314074,2.6050665,2.5039454,2.156565,2.1676815,2.178218,2.1013658,1.8297001,2.9148977,2.60699,2.458324,2.5104008,3.1887612,1.945551,2.346667,3.2182324,3.2365317,2.4723783,2.4203258,2.710955,2.688731,2.3619516,2.3269625,3.3819525,1.9896333,2.5997405,2.4994051,2.2423449,2.7207158,3.3293893,2.5882778,3.1530976,3.2393165,2.838206,3.2244773,3.026678,2.8656301,3.1837776,2.3956437,2.3537705,2.4558136,2.7208412,2.223244,3.0082357,3.1404467,2.5442047,2.2650194,2.00118,2.1401005,2.3055031,1.9390904,1.9153396,1.718407,1.6632394,1.6282121,1.6633352,1.8435661,2.7959893,3.631896,3.3960702,2.9351459,3.6316495,3.0430536,3.2785146,2.5462356,3.3747983,3.8498738,3.96959,3.6545484,4.2532353,4.246615,4.2731967,4.28033,2.1984673,1.7939829,2.6401525,1.8313681,1.5819086,1.9533916,1.5992304,1.5883087,1.6917078,3.0007322,2.577443,2.7229695,2.1598117,2.1666503,2.0541732,2.2938774,2.5294268,2.7108006,2.4311388,3.1009803,3.234263,2.461505,2.6085515,2.7885551,2.3274703,2.4353838,2.8932753,2.4222653,3.4366546,2.4394379,2.3818884,2.3615024
5,0.80601573,0.7343735,1.350151,2.1513014,1.5878447,0.0,0.93879163,1.2479974,2.0950112,1.9334823,1.6927423,2.020012,2.103918,1.8381058,1.7998878,1.7393233,2.3241463,2.268663,2.236048,2.1821551,1.7744337,1.8135511,1.1809644,1.6585909,1.4335351,1.2154322,1.3956094,1.4191289,1.5973212,1.0948908,0.98799634,1.7584664,1.848662,1.6405693,2.1216772,2.216878,1.0694214,1.4749571,2.7642152,2.7710116,1.7485565,1.6494339,2.4728189,2.0175436,1.5336112,1.6323298,2.2951298,1.150847,1.5767828,1.523859,1.0851256,1.8573883,2.4224374,1.5049741,2.3130023,2.493709,2.279984,1.8932319,2.187887,2.031723,2.5111513,1.4637125,1.3238182,1.4270579,2.087382,1.4108548,1.8268095,1.9666257,1.6348671,1.2187077,1.0048999,1.1603217,1.6902099,1.04655,0.8347443,1.724356,1.612557,1.5887359,1.6875452,1.7705053,2.1508086,2.950348,2.892307,2.521232,2.7709148,2.2860844,2.5782263,1.3411164,2.762781,2.8963623,3.4270115,2.9130788,3.2511005,3.2262414,3.2632635,3.2682629,2.1416469,0.7594385,1.5652806,1.0879649,1.185173,2.2967257,1.6026784,1.494872,0.74451977,2.5070777,2.1016283,2.0623999,1.6517634,1.6729124,1.438406,1.8728316,1.2998148,2.0029695,1.6713381,2.235701,2.5930955,2.2266977,1.8933061,2.1548245,1.8374492,1.9709479,2.2850797,1.8023807,3.357073,2.3238328,1.7535646,1.7399622
6,1.2626647,1.1968558,2.003096,2.5709655,1.5519934,0.93879163,0.0,0.83995575,2.2405636,1.6941328,1.7292068,2.4858534,2.3416977,2.2214358,2.148039,2.1296756,1.9884441,1.9067218,1.925002,1.8717186,2.1444993,2.15167,1.4766397,2.1237185,1.9189587,1.8184974,1.5089827,1.4732263,1.606307,1.3108425,1.2631811,2.4391904,1.9165918,1.7224274,1.8652529,2.5612814,1.4402227,1.571706,2.6635802,2.6720195,1.8102528,1.7201604,2.0394044,2.1109657,1.6326575,1.5963758,2.8152602,1.3909298,2.0919783,1.88732,1.586126,2.1361299,2.825498,1.9776309,2.7688122,2.7972324,1.9445992,2.343953,2.4764729,2.3267882,2.8581536,1.9383283,1.8721342,1.929342,2.4614563,1.789155,2.4129295,2.5836344,1.9395086,1.6164823,1.3508859,1.480002,1.796245,1.3828175,1.2253523,1.162402,1.059968,1.0226101,1.31416,1.389335,2.1825309,2.98451,2.9928355,2.8521395,3.0890691,2.4483492,2.6902487,1.9609923,2.827547,3.3094325,3.4782126,3.2428634,3.5641298,3.5525143,3.6238713,3.6406226,1.7376509,1.1826767,2.1597242,1.3603545,1.0058,2.4290926,1.11289,0.97700834,1.025683,2.5141194,2.1742704,2.283633,1.7504827,1.7711395,1.7126541,1.9374535,1.9162399,1.9335406,1.7513984,2.4938164,2.5897186,1.9192113,1.991712,2.1512427,2.0758846,2.2394173,2.2802446,1.9133911,3.2057216,1.834681,1.8130116,1.8018388
7,1.5609386,1.5340255,2.249442,3.0323217,1.4737259,1.2479974,0.83995575,0.0,2.5532455,2.002617,2.0699773,2.780087,2.9047143,2.5884879,2.4915564,2.489848,1.9829866,1.9242389,2.001855,1.9297521,2.4930189,2.519823,1.9870812,2.5029705,2.1992013,2.1847765,1.6754698,1.6574486,1.9446255,1.7436185,1.5266222,2.7798507,2.118196,2.0423865,1.9591749,2.8070428,1.8567442,1.8359268,3.155384,3.1657825,2.1819024,2.1415155,2.4521425,2.4459798,2.1421957,2.1006474,3.26434,1.6114191,2.436718,2.1374648,1.9449388,2.5418699,2.9774444,2.1628213,2.9583786,2.9780557,1.896049,2.538497,2.7535017,2.571622,2.8997653,2.2665162,2.175432,2.27445,2.4086275,1.7642267,2.689982,2.813642,2.2325823,1.946741,1.5907159,2.0401752,2.2051294,1.5981195,1.4686332,1.104337,1.0708385,1.0642439,1.3326766,1.3050641,2.497677,3.170071,3.1898248,2.8454082,3.28056,2.6717143,2.8507173,2.2688634,2.9512303,3.4761357,3.7644696,3.3350484,3.761487,3.721566,3.8292487,3.834811,1.925582,1.5219146,2.4302697,1.6271255,1.099985,2.3177147,1.2203614,1.1928159,1.4917728,2.6902108,2.6444507,2.4462476,1.942272,1.9578811,1.8993317,2.1180134,2.1565237,2.1321194,2.0164888,2.740094,2.5024705,1.9409815,2.1320543,2.465339,2.2400637,2.450088,2.4359958,2.1709611,2.5930166,1.8891273,2.0210044,2.0034835
8,1.9329624,1.9164114,2.2566333,2.837838,2.7821257,2.0950112,2.2405636,2.5532455,0.0,1.5031307,1.187498,1.1665348,1.8432897,1.3933616,1.6803027,1.4338429,2.9447482,3.1602883,2.9353807,2.850551,2.2776992,2.259608,2.048594,2.3023365,2.2470884,1.8822765,1.9683248,2.033955,1.9949003,2.3916278,1.7962239,2.372616,2.7260349,2.5480392,2.979852,2.9323387,2.2207532,2.4094121,3.3689175,3.37596,2.6523116,2.6065361,3.0132809,2.7233577,2.6144054,2.6224854,3.0273805,2.1516852,2.051729,2.625118,2.1386516,2.689894,2.7019491,2.6394045,2.985012,3.190757,2.94484,2.7670062,1.7765137,1.7865,2.952002,1.8891966,1.8365265,1.898048,2.4682448,1.9018307,2.3678164,2.4542735,1.6845043,2.0187263,2.1890304,1.9692471,2.9033706,2.5662813,2.0290084,2.6412992,2.6280422,2.6036565,2.2923436,2.7477045,2.5681891,3.131089,2.88923,2.8191466,2.755271,2.3827827,2.725723,2.271006,3.0000088,2.7958636,3.3486714,2.949877,3.088459,3.063356,3.070813,3.057641,1.9566826,2.056285,2.3137414,2.6086075,2.1283352,3.1201315,2.389795,2.3542569,2.4138296,3.0524733,2.8841977,3.3314192,2.3879805,2.378652,3.0500987,2.5141628,2.3863072,2.6320367,2.5070248,2.7726026,3.1931195,2.95149,2.6383054,2.7967467,1.8530298,1.4367237,2.0775578,1.4612538,3.665595,2.95565,2.3776078,2.389456
9,1.837794,1.8249314,2.3561745,2.942639,2.3451333,1.9334823,1.6941328,2.002617,1.5031307,0.0,0.7242456,1.8645394,1.985425,1.594139,1.5603373,1.5729009,2.449828,2.680681,2.4030714,2.3646703,2.3728983,2.3575547,1.9396431,2.4464471,2.2997432,2.003645,1.7700987,1.7761151,1.8118875,2.2141693,1.4770442,2.584879,2.5217144,2.3260212,2.6113477,2.9854083,1.9967998,2.183743,3.1857326,3.1894786,2.4332576,2.3911757,2.6403153,2.5289905,2.3898487,2.3164423,3.2045007,1.8560658,2.6517656,2.4807239,2.2122722,2.738285,2.9385448,2.5867138,3.1451588,3.3820424,2.694739,3.1428204,1.8802586,1.8535656,3.3281872,2.4059186,2.333224,2.4010828,2.9065669,2.3786085,3.0069351,3.1319065,2.4807935,2.2585561,1.9628748,2.1636667,2.6716428,2.7212286,1.8181179,1.8994725,1.9674195,1.9296397,2.0616174,2.139619,2.2945478,2.9460027,2.873614,2.7853148,2.8746498,2.2722213,2.541221,2.6566508,2.7122138,3.266073,3.408574,3.1743672,3.479594,3.4700952,3.5181305,3.5114152,0.9066949,1.8022289,2.381171,2.35082,1.6748233,2.7347932,1.5899328,1.5539281,2.1358027,2.9037607,2.6882432,3.1817715,2.194243,2.1927528,2.8385108,2.3490968,2.346122,2.331067,2.1662536,2.6818347,2.9794111,2.4144492,2.3310282,2.4915888,1.5111994,1.7106173,1.7345469,1.2403634,3.3842134,2.3921552,2.1943111,2.198002
10,1.5557609,1.4727706,1.8390187,2.538871,2.4180646,1.6927423,1.7292068,2.0699773,1.187498,0.7242456,0.0,1.2276727,1.5969167,1.0402999,1.0415012,1.0119413,2.5600348,2.7724893,2.501487,2.4873,1.8693806,1.858303,1.779893,1.9694502,1.8026115,1.4938298,1.4677993,1.4824585,1.5780605,2.0144305,1.2233515,2.1221583,2.284999,2.126668,2.6276484,2.5518887,1.7403489,1.9655118,3.0488765,3.054274,2.1957395,2.1722856,2.7379875,2.4429085,2.2317724,2.2077174,2.7375188,1.5795357,2.228762,2.091004,1.7853664,2.3712409,2.533964,2.1802871,2.8604505,3.032589,2.8235302,2.7740176,1.4902924,1.4806105,2.8928983,1.9868801,1.8953564,1.956682,2.5404186,2.0403972,2.5078237,2.599882,2.1715114,1.9714135,1.655755,1.9427738,2.556573,2.4828916,1.4962628,2.1245677,2.1483228,2.1262975,2.201,2.3472226,2.08149,2.748293,2.644149,2.5448225,2.583429,2.0711567,2.4535413,2.2209885,2.6341746,2.8274689,3.3255749,2.8937042,3.0839784,3.0728068,3.122916,3.108371,1.450017,1.5724406,2.0669913,2.186321,1.6737332,2.775485,1.8807435,1.8319153,1.9641223,2.708298,2.4958675,3.0227313,1.9491787,1.9493188,2.6453145,2.1184056,1.8578209,2.2094877,2.0916886,2.395252,2.860854,2.5077746,2.1809692,2.3740542,1.2338243,1.4216042,1.6581366,0.9239664,3.449097,2.5732725,2.1539588,2.1591737
11,1.8483505,1.745024,1.6340826,2.3744662,2.9248538,2.020012,2.4858534,2.780087,1.1665348,1.8645394,1.2276727,0.0,1.5363895,0.83774185,1.1066649,0.88626194,3.2272944,3.4166167,3.1778004,3.1478171,1.8283819,1.8360506,2.0867949,1.8409898,1.8343569,1.3626752,1.9005541,1.9596446,1.9784069,2.334619,1.7463024,1.802528,2.5408614,2.4143717,3.158347,2.4121253,2.0597117,2.2996032,3.2636395,3.2708635,2.4806094,2.4661372,3.4461033,2.7204342,2.5325387,2.6072693,2.3735816,1.9355125,1.909173,2.1949806,1.7890317,2.3570848,2.317795,2.1664462,2.7204254,2.8777137,3.4127295,2.5974576,1.3769537,1.4196054,2.6771805,1.7049632,1.6085861,1.6676549,2.4760363,2.0161781,2.0417473,2.0373836,2.0613172,2.0716808,2.0265086,2.0812175,2.841455,2.6165307,1.8376765,2.9811807,2.9646952,2.9499893,2.8224862,3.0927234,2.5467985,3.1256225,2.91817,2.5944407,2.4398885,2.2911346,2.6822343,1.9457808,2.925953,2.3938587,3.4422064,2.7596586,2.7802627,2.7547667,2.7411644,2.7116137,2.4445188,1.9045163,1.9461924,2.4922414,2.32636,3.060781,2.7519894,2.7127154,2.3561616,2.867051,2.6878552,3.2151227,2.1985326,2.1920977,2.9140399,2.333358,1.7860633,2.71324,2.4849906,2.407008,3.1309013,3.1382623,2.5120533,2.7019694,1.4799267,1.3479972,2.062492,1.3448921,3.9560475,3.3051188,2.500731,2.50938
12,2.0255024,1.9223261,1.8759558,1.9458185,3.1058834,2.103918,2.3416977,2.9047143,1.8432897,1.985425,1.5969167,1.5363895,0.0,1.099572,1.2436613,1.1531733,3.3089967,3.3871748,3.176799,3.1654677,1.709346,1.698816,1.855808,1.6971365,1.8206648,1.4380238,1.9820071,1.9940873,1.8507988,1.9878126,1.9531345,1.9138519,2.5631082,2.364932,3.0610173,2.434768,2.2522318,2.356598,2.3627763,2.3499818,1.8979563,1.8422042,2.884298,2.1635492,1.9123002,2.0230808,1.7577487,2.0925517,2.015129,1.9909049,1.7636739,1.7114775,2.544185,2.0704877,2.7530203,2.817505,3.3027852,2.4265237,1.340925,1.4171654,2.8190906,1.8537074,1.8368846,1.7219988,3.1597621,2.6565797,2.2546096,2.3257358,2.4351518,2.253175,2.2350557,1.9132785,2.0690784,2.6440463,1.9168453,2.9620621,2.9021146,2.879295,3.005617,3.0262282,2.4581614,3.1531274,3.0723372,3.0541763,2.716151,2.568749,2.7853003,2.062875,3.0361376,2.721539,3.0344806,2.9420452,3.0072432,2.9929068,3.0134273,3.0383456,2.4875338,1.9451414,1.9705215,2.3291528,2.3673368,3.217756,2.7727435,2.66392,2.1291118,2.8644886,2.4914396,3.2933967,2.4450724,2.4482703,2.9129739,2.5601625,1.8318181,2.5219996,2.4340048,2.478249,2.7956567,3.1280391,2.5048714,2.385666,1.7810194,1.7924064,2.0282683,1.5829356,4.4914055,3.0339282,2.4623308,2.4650803
13,1.6568301,1.6650012,1.4628322,2.2427027,2.9076357,1.8381058,2.2214358,2.5884879,1.3933616,1.594139,1.0402999,0.83774185,1.099572,0.0,0.4171134,0.16618639,3.2136981,3.3559148,3.1346302,3.0941699,1.6569796,1.6535056,1.8078225,1.6718699,1.583216,1.0603327,1.7032373,1.7581165,1.7870628,1.9803506,1.5170339,1.5106962,2.404076,2.2347386,2.940335,2.2932942,1.9579626,2.1050148,3.079771,3.0767028,2.2651632,2.233088,3.1599474,2.4104462,2.248989,2.3372798,2.1340342,1.7948488,1.9795978,1.9665319,1.6447246,2.1777382,2.3665397,1.9660302,2.635831,2.8201458,3.220102,2.3785992,1.0806063,1.1842335,2.7881582,1.7820892,1.6683983,1.7175503,2.7495663,2.2106624,2.067615,2.1097183,2.2274415,2.0630627,1.8957148,2.0084898,2.4919891,2.5459175,1.6709925,2.8222573,2.7990105,2.7771647,2.8372924,2.8909435,2.3021173,2.9760008,2.8862848,2.7457693,2.377933,2.259809,2.5147426,1.8338815,2.7754233,2.468247,3.345266,2.7512553,2.7986438,2.7578738,2.7808836,2.763955,2.269327,1.6876398,1.5963402,2.193027,2.1801183,3.0945392,2.5614245,2.5084608,2.0412388,2.7600548,2.632405,3.0443738,2.212198,2.2103055,2.7780144,2.3574057,1.5444919,2.3420534,2.1942194,2.2025435,2.8048842,2.9615479,2.2633731,2.452519,1.4305842,1.5421169,1.7770871,1.2569702,3.8802671,3.0657578,2.2449226,2.2495172
14,1.6369526,1.6511867,1.4120356,2.2721348,2.8623338,1.7998878,2.148039,2.4915564,1.6803027,1.5603373,1.0415012,1.1066649,1.2436613,0.4171134,0.0,0.31806162,3.143739,3.2755039,3.0470636,3.0213978,1.5938063,1.5983953,1.7959903,1.6431437,1.5070302,1.0295916,1.6379211,1.6799954,1.745913,1.908818,1.4312958,1.4677922,2.264127,2.1189191,2.8019116,2.1713076,1.8998816,1.9788183,3.089566,3.082991,2.2381995,2.2081988,3.1327908,2.4345143,2.2448316,2.3386035,2.1495814,1.7276657,2.1309104,1.8531123,1.6192673,2.181318,2.3727546,1.8658564,2.64502,2.818581,3.2217648,2.4385536,1.0829518,1.1693045,2.84415,1.9292587,1.7810326,1.8268125,2.8443952,2.3005776,2.2051284,2.252202,2.4287894,2.1627862,1.7989168,2.1220143,2.467116,2.5816765,1.5995178,2.742502,2.716069,2.6962128,2.8626537,2.8083856,2.1840425,2.9093611,2.8569877,2.7251549,2.3706527,2.2289217,2.4656134,1.8974127,2.6955733,2.524148,3.4426441,2.8044553,2.8438764,2.7997134,2.850701,2.8350205,2.2517354,1.6274594,1.5766007,2.1503813,2.1473262,3.076339,2.5073705,2.4490242,1.9805956,2.6848307,2.5909603,2.9591992,2.1460395,2.1490915,2.71676,2.3080535,1.423702,2.2239785,2.104992,2.1059618,2.7156308,2.863234,2.153406,2.390852,1.3746834,1.6744593,1.7090963,1.2525023,3.7876835,3.0130749,2.254348,2.2559762
15,1.5701921,1.5860488,1.385964,2.2296424,2.8317907,1.7393233,2.1296756,2.489848,1.4338429,1.5729009,1.0119413,0.88626194,1.1531733,0.16618639,0.31806162,0.0,3.1375246,3.268458,3.0504394,3.0116012,1.5867333,1.5891763,1.7311741,1.6084774,1.4913287,0.96729183,1.629124,1.6839949,1.7223612,1.8833526,1.418539,1.4303497,2.2968807,2.1331823,2.8279908,2.2030408,1.8712811,1.9923773,3.0715976,3.067231,2.225553,2.188665,3.1049845,2.3915632,2.2062123,2.303745,2.1177416,1.7198918,1.9414201,1.882166,1.5582571,2.1392932,2.3267713,1.8798018,2.5874636,2.7659361,3.1633584,2.3261223,1.070307,1.1533803,2.7530994,1.750043,1.6114675,1.6641909,2.7080638,2.1443176,2.0325732,2.0810342,2.1951852,2.0154836,1.7920123,1.9721501,2.4414067,2.465292,1.5781012,2.7478259,2.7148232,2.693735,2.77218,2.8061738,2.2194245,2.9342148,2.8442934,2.7092676,2.356527,2.2128193,2.4738438,1.7629591,2.7319305,2.452169,3.3723633,2.7417789,2.7915895,2.746417,2.7827132,2.766942,2.2491245,1.6003448,1.533223,2.1243181,2.1155033,3.0649126,2.5019035,2.4418256,1.9509776,2.697607,2.5846493,2.9422996,2.1414511,2.1423244,2.6931198,2.2995963,1.4472173,2.2554083,2.118268,2.1425254,2.7440054,2.888897,2.1901982,2.411489,1.4101183,1.5544505,1.7502357,1.2294916,3.7961702,3.0149372,2.204214,2.2073262
16,2.370308,2.2355607,3.029063,3.13291,1.6226343,2.3241463,1.9884441,1.9829866,2.9447482,2.449828,2.5600348,3.2272944,3.3089967,3.2136981,3.143739,3.1375246,0.0,0.90871876,0.556466,0.46429417,2.7308753,2.7849474,2.417738,2.805242,2.7039053,2.9053822,2.0544996,2.0273535,2.375007,2.655351,2.0607388,3.3524845,2.6872988,2.7054303,2.3826246,3.3786786,2.280884,2.5868797,3.2696302,3.2815814,2.4365408,2.4186032,2.5228214,2.8185897,2.6622307,2.5769315,3.758587,2.328615,2.9511669,2.5979087,2.5789907,2.804115,3.2606997,2.7893965,3.3578048,3.3708625,2.9993656,3.775412,3.0843039,2.9326603,3.0369313,2.7785056,2.7320838,2.71616,3.0710645,2.5075655,3.5374312,3.6781104,3.039766,2.9403691,2.1825376,2.593889,2.7037537,2.6319084,2.2092152,1.7495921,1.6088927,1.6208931,1.8419477,1.8680322,2.7619727,3.6043348,3.2148013,3.002018,3.637079,2.993703,3.221743,3.2696757,3.1563196,3.7802458,3.6594214,3.536069,4.1718616,4.2037935,4.21376,4.237684,2.2551982,2.3285706,3.2012665,2.6984692,1.7940241,2.8240252,1.9509919,1.941912,2.4924774,3.082306,2.7617028,3.2442608,2.390124,2.3948665,2.6443906,2.5178852,2.8968167,2.5828278,2.6002312,3.226482,3.2919583,2.049451,2.5477655,2.687502,2.6940796,2.7840016,2.7360268,2.4677837,3.4138522,2.2408006,2.679527,2.6658738
17,2.5741873,2.4054074,3.1547139,3.221678,1.5347661,2.268663,1.9067218,1.9242389,3.1602883,2.680681,2.7724893,3.4166167,3.3871748,3.3559148,3.2755039,3.268458,0.90871876,0.0,1.0112052,0.9703528,2.9159758,2.968792,2.5314703,2.9707835,2.8338814,3.0367992,2.3566618,2.327805,2.1558952,2.3854504,2.306797,3.4331183,2.8409011,2.8504422,2.4977148,3.4738343,2.4074688,2.7270384,3.2629688,3.271759,2.6086373,2.55839,2.6930616,3.0206487,2.7980037,2.755195,3.8156295,2.5877051,3.107808,2.789568,2.7043133,2.887656,3.7157776,2.9595866,3.7511292,3.4794369,3.1087885,3.6569908,3.1966567,3.036277,3.179041,2.9278498,2.8706257,2.8369539,3.2251225,2.6640456,3.4556012,3.6053689,3.091089,2.9669087,2.3662853,2.6820154,2.4610136,2.496196,2.383003,1.9589862,1.7688266,1.7809365,1.994054,1.9799993,3.0865033,4.0104923,3.715046,3.5403163,4.1445537,3.5192904,3.7544842,3.1064904,3.7467368,4.2198224,4.140625,4.010999,4.63121,4.6525354,4.6647043,4.69397,2.4600117,2.4969385,3.3400607,2.5201237,2.0347953,2.998081,2.2233806,2.1372972,2.3291833,3.1848183,2.8841593,3.2939034,2.631375,2.648054,2.7918794,2.7673235,3.0134392,2.8158581,2.82785,3.470856,3.4300847,2.3906345,2.8350482,2.957048,2.8753326,2.9363256,2.9878118,2.597082,3.6891057,2.492886,2.9226353,2.9071817
18,2.297283,2.1678848,2.9995265,3.0857918,1.7164339,2.236048,1.925002,2.001855,2.9353807,2.4030714,2.501487,3.1778004,3.176799,3.1346302,3.0470636,3.0504394,0.556466,1.0112052,0.0,0.3760707,2.691475,2.759427,2.2508945,2.733767,2.628358,2.8039796,2.08874,2.0568423,2.3691134,2.5498395,2.0081272,3.251556,2.5575042,2.550085,2.2394247,3.2801764,2.2095194,2.456232,3.1306171,3.1330016,2.3186958,2.269609,2.437395,2.7396562,2.4956753,2.4507046,3.6289308,2.2735705,2.871583,2.5009172,2.4814684,2.6799617,3.118668,2.678705,3.190008,3.3109064,2.8986094,3.6988046,2.9756148,2.7916663,3.05879,2.743927,2.6571403,2.608429,3.0901904,2.5289342,3.5553246,3.6985905,2.9945238,2.8209474,2.0975885,2.4745045,2.573507,2.6121345,2.106362,1.676089,1.4801009,1.4880984,1.772792,1.7002046,2.6720085,3.560583,3.1678603,2.9218788,3.5649474,2.8132582,3.1110747,3.2266414,3.085723,3.7377756,3.5734708,3.4625554,4.140577,4.1564956,4.189209,4.218549,2.2030652,2.24053,3.1138654,2.7466304,1.7921071,2.8586807,1.9356202,1.8315591,2.4481328,3.0520382,2.6850543,3.1122513,2.3770702,2.391835,2.603498,2.5481632,2.7962444,2.62236,2.583993,3.230396,3.2047348,2.1170776,2.5781279,2.7174451,2.6515095,2.7462897,2.7285235,2.3934388,3.5066936,2.3353658,2.7513719,2.734938
19,2.2287502,2.1512775,2.965017,3.068513,1.6145447,2.1821551,1.8717186,1.9297521,2.850551,2.3646703,2.4873,3.1478171,3.1654677,3.0941699,3.0213978,3.0116012,0.46429417,0.9703528,0.3760707,0.0,2.6645412,2.726675,2.1763167,2.6903787,2.6094868,2.769768,2.0257561,2.013588,2.3248715,2.5012715,1.948787,3.1893198,2.5576763,2.5430236,2.1957958,3.280361,2.1568234,2.4396496,3.1948593,3.1979208,2.3492477,2.2879577,2.3997407,2.6399772,2.4968123,2.4609327,3.6304698,2.2586586,2.7981758,2.49926,2.4486191,2.6888497,3.117444,2.666325,3.1603606,3.2539585,2.8428392,3.6323948,2.9407158,2.779038,3.0177732,2.6597466,2.5756025,2.5494196,3.108355,2.4383547,3.4575748,3.6126163,2.915578,2.8244998,2.0785468,2.4147146,2.5466866,2.5186925,2.0870721,1.6622598,1.4644668,1.4683565,1.697638,1.6621369,2.6541927,3.5750544,3.177656,2.9365923,3.48709,2.8227994,3.0283785,3.1494935,3.0081787,3.654699,3.5044854,3.3824677,4.060026,4.078284,4.093832,4.1247244,2.1729295,2.1882143,3.0333135,2.6574807,1.7296829,2.7962062,1.8779252,1.8089,2.3875897,3.0191228,2.6963012,3.0499437,2.3696144,2.3804448,2.5707362,2.5365133,2.7894788,2.4694738,2.425815,3.1206234,3.1504695,1.9573656,2.4279196,2.5863106,2.6325207,2.690837,2.6084495,2.3745859,3.4007633,2.1824796,2.5634322,2.5478992
20,1.6173118,1.4684924,1.2410649,1.5060339,2.7127547,1.7744337,2.1444993,2.4930189,2.2776992,2.3728983,1.8693806,1.8283819,1.709346,1.6569796,1.5938063,1.5867333,2.7308753,2.9159758,2.691475,2.6645412,0.0,0.169228,1.7704502,0.6701332,0.7284232,1.1491073,1.1194936,1.1502461,1.8197128,1.9379369,1.4199423,1.584079,1.9691828,2.036067,2.5685546,1.8006417,1.7366412,1.9431355,2.756641,2.753417,1.590995,1.6091686,2.523617,2.2352571,1.9736226,2.099334,1.8202441,1.6990405,1.7475582,1.0788714,1.2547784,1.381664,1.8895999,1.2581052,2.349372,2.2303874,3.164614,2.2424846,1.7679193,1.8138275,1.8893148,1.6430105,1.5305957,1.4789507,2.5565557,2.0259979,1.8581641,1.940236,2.3520176,2.22965,1.4137068,1.9440666,2.176494,2.1785636,1.3107013,2.656905,2.560972,2.5773246,2.8111048,2.7655604,1.546251,2.3894372,2.2167795,2.3545234,2.3520877,2.2877219,2.522728,1.9398094,2.5527265,2.1002057,3.0453756,2.4951456,2.3946457,2.418239,2.4869914,2.507173,2.9019964,1.6498107,1.9204246,2.1342587,1.9575438,2.934916,2.6702168,2.6320233,1.9062049,2.5441346,2.3055334,2.821322,2.0420184,2.049452,2.2364028,2.1946733,1.0621465,1.6277696,2.049198,2.023552,2.6179338,2.578626,1.7880679,1.9228837,1.8101184,2.0063877,2.0635421,1.8323419,3.859418,2.6854317,2.2539628,2.2540698
21,1.651727,1.5073395,1.2789916,1.4906245,2.764017,1.8135511,2.15167,2.519823,2.259608,2.3575547,1.858303,1.8360506,1.698816,1.6535056,1.5983953,1.5891763,2.7849474,2.968792,2.759427,2.726675,0.169228,0.0,1.7933036,0.6870012,0.7887559,1.1871248,1.1343241,1.1623113,1.8114525,1.951788,1.4494205,1.6181176,2.0008109,2.067183,2.5943727,1.8365746,1.7457963,1.9781941,2.7677264,2.765798,1.6346164,1.6523771,2.4980435,2.272047,2.0102196,2.1246305,1.867398,1.7457347,1.797911,1.1671739,1.3241109,1.4484614,1.9536246,1.3417637,2.4207602,2.270055,3.1520476,2.2312772,1.7925012,1.8562932,1.9400545,1.6896826,1.5914998,1.546996,2.5647898,2.0443552,1.8339648,1.9260569,2.3451407,2.2362113,1.4364244,1.9482855,2.2060082,2.202702,1.3592855,2.6708665,2.5848107,2.6012125,2.8310275,2.795608,1.5235386,2.339585,2.203127,2.4016378,2.3737516,2.3191178,2.5485864,1.9564663,2.5691388,2.126718,3.0546343,2.5423286,2.3749077,2.411238,2.4671338,2.487161,2.9021535,1.6903324,1.9594953,2.1425564,1.9711889,2.9588037,2.6783774,2.6475823,1.9244877,2.546943,2.2945259,2.8595328,2.0664573,2.07294,2.2785437,2.2102587,1.1306018,1.6042118,2.0525177,2.0195794,2.689829,2.5853992,1.7901531,1.9043072,1.8223205,2.013112,2.0691037,1.8458976,3.9047852,2.6818085,2.2554662,2.2588267
22,1.0871474,1.1920238,1.7152808,1.9920185,2.1053305,1.1809644,1.4766397,1.9870812,2.048594,1.9396431,1.779893,2.0867949,1.855808,1.8078225,1.7959903,1.7311741,2.417738,2.5314703,2.2508945,2.1763167,1.7704502,1.7933036,0.0,1.5333438,1.5906745,1.2896628,1.5365852,1.5855837,1.8501288,1.2881298,1.0698695,1.4946718,2.0479846,1.7602193,2.0538442,2.458699,1.1983699,1.7024567,2.5393207,2.5269163,1.8537697,1.6737491,2.202175,1.840091,1.4770563,1.6541276,2.2793984,1.6146083,1.6726012,1.7553325,1.3877861,1.9269385,2.277515,1.7201263,1.9771351,2.7514584,2.3493693,2.1498132,2.0508761,1.8844012,2.8424728,1.7055569,1.5220808,1.4347112,2.4901216,1.8481604,2.1927462,2.3663747,1.8675898,1.6170161,1.2790251,1.0270879,1.7200108,1.7376602,1.2826785,2.0259173,1.8347121,1.7917892,1.9361439,1.83206,1.9558293,2.7609575,2.5916946,2.4164839,2.4603472,2.0189214,2.224081,1.8197372,2.4236495,2.7095048,2.9662344,2.703468,3.0491166,3.052867,3.015687,3.0432365,2.1414165,1.0087334,1.3082958,1.7358171,1.5561117,2.6769822,1.79441,1.685895,1.3850894,2.6258852,1.735668,2.3451793,1.7270468,1.7474942,1.8651918,1.9355665,1.6278008,1.9128687,1.5087988,2.0051148,2.831487,2.240843,1.8596516,1.9914912,2.0211368,2.0652957,2.1958153,1.8968371,3.8596284,2.4541702,1.7567427,1.753723
23,1.4559497,1.3960491,1.2094394,1.0964074,2.7314074,1.6585909,2.1237185,2.5029705,2.3023365,2.4464471,1.9694502,1.8409898,1.6971365,1.6718699,1.6431437,1.6084774,2.805242,2.9707835,2.733767,2.6903787,0.6701332,0.6870012,1.5333438,0.0,0.76665694,1.0494187,1.2177755,1.258507,1.8715568,1.8353064,1.4221747,1.4075909,1.8945519,1.9480112,2.50995,1.7823099,1.4753125,1.9083791,2.6654556,2.6621845,1.4791535,1.435757,2.6633866,2.070005,1.7880079,1.9702976,1.654945,1.6655474,1.5769819,1.0156746,1.1730585,1.2918925,1.7226305,1.0496869,2.1114159,2.0161304,2.977677,1.9840924,1.748844,1.760035,1.820304,1.5171342,1.3861297,1.3252383,2.5253959,1.8592484,1.6143385,1.7262303,2.2274408,2.067652,1.2493894,1.6451783,1.9705578,2.0067003,1.1981392,2.5999627,2.4948833,2.5105517,2.7074947,2.628137,1.843857,2.6492229,2.518909,2.3525925,2.2199607,2.18504,2.397216,1.78318,2.4258864,1.9716973,2.8615625,2.3531952,2.3012087,2.3554747,2.2826393,2.312116,2.904909,1.523606,1.7219868,2.0669115,1.8755045,2.842199,2.6409802,2.5863304,1.873988,2.3860838,2.0657504,2.6108978,2.0030577,2.013435,2.1471958,2.1720538,0.92812485,1.778215,1.8448842,1.8401942,2.7491577,2.432087,1.590934,1.7227913,1.8491775,1.9862751,2.0590026,1.8413336,4.0504084,2.7196846,2.137473,2.1434824
24,1.2782803,1.2337592,1.0487016,1.5901198,2.6050665,1.4335351,1.9189587,2.1992013,2.2470884,2.2997432,1.8026115,1.8343569,1.8206648,1.583216,1.5070302,1.4913287,2.7039053,2.8338814,2.628358,2.6094868,0.7284232,0.7887559,1.5906745,0.76665694,0.0,0.9501334,1.0030625,1.0486528,1.7903739,1.6980447,1.177579,1.3865893,1.9692799,2.0035975,2.4978094,1.8892297,1.4991726,1.8363711,2.9153728,2.9118598,1.5948482,1.5883166,2.5929143,2.147239,1.8784653,2.0136583,1.8862605,1.5175583,1.6705476,1.0000417,1.1290196,1.5032603,1.8772925,1.0782995,2.2186007,2.2393494,2.8873453,1.9403921,1.7977657,1.7756478,1.8565581,1.6233091,1.4656225,1.4543695,2.2661328,1.7461833,1.7132127,1.7961413,2.1729372,1.9283737,1.0839068,1.7844071,2.0391357,1.9143138,1.0363287,2.4650679,2.3566005,2.3746552,2.6231115,2.5050166,1.704348,2.4751987,2.372449,2.358595,2.4072208,2.2269588,2.5136554,1.7265942,2.5675375,2.2258687,3.1305444,2.4442859,2.5554,2.5556457,2.603262,2.6099582,2.7894738,1.4424347,1.6821026,1.8954014,1.7575153,2.9600053,2.4956236,2.4361246,1.6715785,2.5874906,2.3978546,2.5957773,2.04363,2.0568743,2.0250459,2.2317762,0.7700618,1.6415771,1.9412572,2.067488,2.5555115,2.489031,1.7407366,2.0264847,1.8950193,2.1059444,2.1130428,1.8161858,3.625372,2.6802902,2.143385,2.1387682
25,0.986006,0.99965733,0.6417046,1.748891,2.5039454,1.2154322,1.8184974,2.1847765,1.8822765,2.003645,1.4938298,1.3626752,1.4380238,1.0603327,1.0295916,0.96729183,2.9053822,3.0367992,2.8039796,2.769768,1.1491073,1.1871248,1.2896628,1.0494187,0.9501334,0.0,1.2982544,1.3436775,1.7917187,1.522953,1.0705074,0.96457684,1.7559397,1.5753207,2.3888614,1.657311,1.3737918,1.4497842,2.7701623,2.7685978,1.7395366,1.6938176,2.8234851,2.0716035,1.6468242,1.7948232,1.5963845,1.2382838,1.3542044,1.2006941,0.8299196,1.603268,1.8540934,1.1599681,1.928942,2.348005,2.8713677,1.8561693,1.5658184,1.5058086,2.415317,1.2659156,1.088737,1.13643,2.3125896,1.7402576,1.6176223,1.6839064,1.8864964,1.5970267,1.2318025,1.4600438,2.0472708,1.8345802,1.038118,2.4936702,2.4088113,2.389885,2.518643,2.5209649,1.9469447,2.6729808,2.5781872,2.3212242,2.0843017,1.9411104,2.2123618,1.3464779,2.4302497,2.1297786,3.2040431,2.53962,2.5141115,2.4798584,2.5160334,2.5105689,2.511327,0.9934744,1.0299764,1.6604958,1.7893066,2.7826858,2.2863727,2.231847,1.4319502,2.4915535,2.1419535,2.4010506,1.7262664,1.7320483,1.8944916,1.9024577,0.7039994,1.9574739,1.7364821,1.7906274,2.5266094,2.5904744,1.8191915,2.055767,1.6390193,1.8302788,2.0114608,1.626287,3.7184067,2.7835715,1.8785784,1.8745201
26,1.1362233,1.0714177,1.4142765,1.9206303,2.156565,1.3956094,1.5089827,1.6754698,1.9683248,1.7700987,1.4677993,1.9005541,1.9820071,1.7032373,1.6379211,1.629124,2.0544996,2.3566618,2.08874,2.0257561,1.1194936,1.1343241,1.5365852,1.2177755,1.0030625,1.2982544,0.0,0.17015989,1.5993255,1.7739426,0.8094734,1.9207618,1.8020556,1.8473506,2.090321,2.113696,1.4450638,1.6659217,2.7778697,2.7838004,1.4423546,1.470441,2.238551,1.9629744,1.8070352,1.8092717,2.4046686,1.2422261,1.8336748,1.1922327,1.2885004,1.6837052,1.9416152,1.331373,2.2992635,2.4247806,2.4249034,2.2786036,1.809122,1.741478,1.9920256,1.6590327,1.5692849,1.5765251,2.161715,1.526126,2.1089032,2.213217,2.1245196,1.9662418,0.9615296,1.7253633,2.0578365,1.911665,0.8591597,1.7983057,1.7377264,1.7569314,2.0411906,1.9500859,1.6398919,2.3229218,2.196221,2.07031,2.3035245,2.003233,2.1870916,2.0727234,2.171917,2.296709,2.8776882,2.3974628,2.590344,2.6089482,2.6520882,2.6611931,2.1265335,1.2364346,1.8598613,1.8153554,1.0946416,2.508892,1.822132,1.8516809,1.6641687,2.4259021,2.228571,2.6922216,1.6635791,1.6621308,1.9579163,1.8250225,1.2782687,1.3364534,1.6201955,1.9680228,2.3243108,1.8205199,1.3605046,1.6576627,1.593629,1.8426865,1.6463307,1.4960328,3.100864,1.9708734,1.7181858,1.7165413
27,1.1669779,1.06412,1.4409043,1.9191478,2.1676815,1.4191289,1.4732263,1.6574486,2.033955,1.7761151,1.4824585,1.9596446,1.9940873,1.7581165,1.6799954,1.6839949,2.0273535,2.327805,2.0568423,2.013588,1.1502461,1.1623113,1.5855837,1.258507,1.0486528,1.3436775,0.17015989,0.0,1.6057765,1.7861624,0.8700381,2.0005367,1.7594255,1.8110871,2.0681674,2.0906448,1.4553235,1.6367108,2.7014694,2.7092705,1.3668056,1.4099311,2.223245,1.9710989,1.7617902,1.742269,2.3955977,1.2028564,1.8729343,1.1599922,1.2875544,1.6487633,1.966244,1.3268121,2.332689,2.4302404,2.4216917,2.3181129,1.8678658,1.7909559,2.0193393,1.6916376,1.6197131,1.6165822,2.1860821,1.5863885,2.1626468,2.2638743,2.1725597,1.978074,0.97340226,1.7422124,2.048396,1.9220247,0.8658455,1.754451,1.6991063,1.7196227,2.0385826,1.9451315,1.6676795,2.3326116,2.2290614,2.1087146,2.3435302,2.0083387,2.2135675,2.1121464,2.1841805,2.3504415,2.8946848,2.4601827,2.6298172,2.6532671,2.701124,2.7110672,2.1152146,1.2453632,1.9264705,1.8123881,1.0810976,2.5293212,1.7929684,1.8214043,1.6608207,2.3963184,2.1808841,2.6971931,1.6189697,1.6180153,1.9289119,1.773823,1.2960496,1.3861499,1.64846,1.9844382,2.3216655,1.7954495,1.3890522,1.645799,1.6288389,1.908167,1.6898121,1.5222977,3.1347268,1.9404825,1.7537578,1.7518821
28,1.9632975,1.7588831,2.0310078,2.2093654,2.178218,1.5973212,1.606307,1.9446255,1.9949003,1.8118875,1.5780605,1.9784069,1.8507988,1.7870628,1.745913,1.7223612,2.375007,2.1558952,2.3691134,2.3248715,1.8197128,1.8114525,1.8501288,1.8715568,1.7903739,1.7917187,1.5993255,1.6057765,0.0,1.2470119,1.6040634,2.2115963,2.2544332,2.2439597,2.3943388,2.447019,1.8716658,2.112936,2.7567668,2.7547824,2.1015477,2.0433123,2.7009757,2.6272883,2.381912,2.4298074,2.7449548,2.1209962,2.4269214,2.1350822,1.93479,2.1353536,3.125426,2.2239707,3.377108,3.0358293,2.8569057,2.3542705,1.6196688,1.5584264,2.6459293,2.1810884,2.0783055,1.9894123,2.6010318,2.101058,2.1275706,2.2545373,2.3022158,2.1898897,1.747854,2.0053725,1.7508982,2.1585388,1.6707346,2.2566056,2.143638,2.149058,2.3161135,2.2660923,2.5065777,3.2525585,3.1997035,3.107932,3.4303231,3.094512,3.3168335,1.9217976,3.4061916,3.3712366,3.802963,3.555304,3.6911962,3.7096515,3.7051196,3.7267017,2.036904,1.8675183,2.3539798,1.7599374,1.794347,2.779813,2.3283875,2.2271857,1.6319063,2.798598,2.443231,3.2725556,2.2306666,2.2465088,2.7676866,2.3781056,1.9593011,2.2275095,2.297465,2.6391385,2.9153764,2.541721,2.2544055,2.3588498,1.5948334,1.6486064,1.910354,1.2095664,3.8355327,2.5724854,2.4225502,2.4256892
29,1.5853916,1.5016556,1.7664195,2.1822853,2.1013658,1.0948908,1.3108425,1.7436185,2.3916278,2.2141693,2.0144305,2.334619,1.9878126,1.9803506,1.908818,1.8833526,2.655351,2.3854504,2.5498395,2.5012715,1.9379369,1.951788,1.2881298,1.8353064,1.6980447,1.522953,1.7739426,1.7861624,1.2470119,0.0,1.5169913,1.7683814,2.1230013,1.9391103,2.1422374,2.3732831,1.6620893,1.821217,2.5368083,2.5255044,2.028283,1.8966904,2.5308096,2.3247013,1.8735033,2.017322,2.3654275,1.9341403,2.081387,1.9396626,1.6062819,2.00486,2.988746,1.9130555,2.8283439,2.90074,2.5179322,1.7361127,2.1069956,1.9359648,2.889349,2.0002794,1.8519901,1.7530359,2.5499594,2.0417151,1.9272609,2.0750976,2.0537393,1.739678,1.600853,1.5902166,1.2853813,1.5516821,1.5361823,2.2342591,2.0438852,2.0197701,2.2385147,2.059027,2.447934,3.217728,3.231749,3.1278431,3.2915704,2.9348807,3.1226041,1.3935939,3.3004112,3.3453925,3.7920206,3.478666,3.68479,3.6660054,3.6887074,3.7135718,2.380519,1.4315488,1.7211052,1.1861714,1.8048879,2.8547745,2.1616359,2.0287282,0.9475862,2.710142,2.1149638,2.6362052,2.0159497,2.0442624,2.1406896,2.1786964,1.7034838,2.170946,2.0273373,2.4068108,2.760611,2.6096587,2.2506032,2.3885972,2.1312492,2.2395623,2.4153142,1.9548023,3.8988655,2.6510239,2.1816382,2.173855
30,0.75734735,0.7989945,1.317611,2.0849996,1.8297001,0.98799634,1.2631811,1.5266222,1.7962239,1.4770442,1.2233515,1.7463024,1.9531345,1.5170339,1.4312958,1.418539,2.0607388,2.306797,2.0081272,1.948787,1.4199423,1.4494205,1.0698695,1.4221747,1.177579,1.0705074,0.8094734,0.8700381,1.6040634,1.5169913,0.0,1.5877519,1.7729284,1.6330513,1.9804411,2.1756132,1.0336839,1.424692,2.925749,2.9281435,1.7671896,1.7174672,2.2953527,2.0607746,1.7442005,1.7757028,2.4491708,1.1027623,1.7805367,1.4463824,1.2308784,1.9720179,2.1034918,1.5171169,2.163088,2.6429555,2.4071999,2.3313055,1.8207147,1.7105973,2.5130522,1.6539743,1.4926188,1.5623285,2.0894735,1.4982662,2.1696515,2.3017812,1.916507,1.6106546,0.7462897,1.4465536,2.055098,1.7905835,0.77776664,1.7009542,1.6181808,1.5990828,1.8235153,1.7552686,1.6171281,2.413657,2.2421198,2.051792,2.3198497,1.8274381,2.1310549,1.8880938,2.2334218,2.5434473,3.151748,2.6023037,2.8750498,2.8714678,2.901113,2.8974352,1.8574834,0.81554055,1.4745705,1.6108721,1.0685109,2.4137878,1.510113,1.4915679,1.319855,2.5169947,2.1026855,2.3980696,1.5639002,1.5698833,1.7505225,1.7753398,1.2690734,1.6004434,1.5102512,2.0076375,2.6056373,2.0015838,1.5929087,1.9431684,1.5262398,1.7685616,1.8473607,1.4529121,3.1759353,2.2304716,1.6674092,1.660837
