,0,1,2,3,4,5,6,7,8,9,10,11,12,13,14,15,16,17,18,19,20,21,22,23,24,25,26,27,28,29,30,31,32,33,34,35,36,37,38,39,40,41,42,43,44,45,46,47,48,49,50,51,52,53,54,55,56,57,58,59,60,61,62,63,64,65,66,67,68,69,70,71,72,73,74,75,76,77,78,79,80,81,82,83,84,85,86,87,88,89,90,91,92,93,94,95,96,97,98,99,100,101,102,103,104,105,106,107,108,109,110,111,112,113,114,115,116,117,118,119,120,121,122,123,124,125,126,127
0,0.0,1.8528905,0.40287265,0.78534627,1.8667023,2.406939,0.84272707,0.35392642,1.6646141,3.4346669,1.2708756,1.26188,1.7841429,1.7722559,2.347973,1.86945,1.8258698,2.5531557,1.2575217,1.4576223,2.5331905,2.2253673,2.4493802,2.4063766,1.5373386,1.9824595,1.6955658,2.9211514,3.1656349,3.0574307,2.2049541,2.3182795,2.1352465,2.2412877,2.358487,2.3462882,1.9349045,2.2292025,2.0115857,2.0065217,3.515169,2.3281794,2.2880585,2.3484313,4.097917,3.9856021,2.9850397,2.668658,2.345904,2.3650844,2.5203874,2.459228,2.4112983,3.1908967,2.2690947,2.2821348,2.0187988,1.8370094,1.9431365,1.8572973,2.3647974,2.1216888,3.0055058,2.5515068,3.4299777,3.4494143,3.2000656,3.2388468,4.326539,3.8114028,3.7281468,3.9168313,2.9256914,2.95775,2.9860127,3.1566849,2.7276425,2.6049566,3.576945,3.5383034,2.7698832,2.731656,2.522133,3.25508,3.1914215,3.1456125,3.2863622,3.0635357,3.44764,3.380931,3.425949,3.659094,4.2739754,4.546305,2.8720646,3.2314396,2.5859427,2.470264,2.0035245,2.3727543,2.1169953,2.8229125,2.1634495,2.5414388,2.2681344,2.176461,2.3255746,2.362741,2.6948926,2.2421372,2.6864789,3.9052775,2.0315335,2.8427844,3.7256024,3.8576434,2.0992084,2.2383628,2.0134094,2.0256488,2.3311372,2.196995,2.113066,2.2541332,1.7056998,1.895459,2.5026834,2.5418556
1,1.8528905,0.0,1.8101009,1.7010161,2.8367047,2.6334708,2.133469,1.8381789,1.0647492,3.2749221,1.4735464,1.4722322,2.1732268,2.169347,1.9211786,1.84682,2.1642451,2.0018468,1.772475,1.9670717,3.0699477,3.2840836,3.015249,2.9690435,1.8724601,1.7007957,1.9346979,3.16666,3.4362624,3.3238564,2.6073852,2.716423,2.9734492,3.5874822,2.8509297,2.875984,2.4484963,2.5096493,2.0016892,1.9046295,4.1784863,3.2136564,3.1792085,3.2698,4.4976645,4.476917,3.319986,3.2626278,3.1177552,3.1214936,3.3694863,3.2023454,3.020421,3.6523144,2.9534173,2.8895435,3.0162215,2.7937658,3.0283234,2.9035337,3.1042097,2.9092834,2.9375274,3.323622,4.025143,4.074618,3.830398,3.8549998,3.9954593,3.6393747,4.1906457,3.7348535,3.140002,3.1704054,3.2322533,3.7469172,3.4531481,3.290745,4.056945,4.0810995,2.907667,2.9556873,2.8212984,4.4513874,3.528623,3.4785426,3.6489081,3.336333,4.170942,4.135379,4.1606164,4.3460016,4.621772,5.1303396,3.028272,3.9211407,2.9111485,2.567545,2.3964398,2.996283,2.619127,3.4395857,2.6087527,2.4375958,3.1046927,3.0173166,3.1293073,2.5187504,2.9225473,2.2694445,2.947941,4.2111773,2.1080801,2.8839307,3.7641912,3.8410156,2.2756088,2.396696,2.0052161,2.0439835,3.0691137,2.4814022,2.9426188,3.1267195,2.0728383,1.9621357,2.4475539,2.4768372
2,0.40287265,1.8101009,0.0,0.7589186,1.8786737,2.4380996,0.86823994,0.33399045,1.5829403,3.5543041,1.199021,1.1934917,1.745862,1.7520039,2.397778,1.8497742,1.8480611,2.6230893,1.4349703,1.6386464,2.5133395,2.1826456,2.3581502,2.3052604,1.5199906,1.9648896,1.6432644,3.001001,3.1598976,3.0581114,2.2815027,2.4094188,2.2629368,2.3445287,2.5101218,2.471457,2.0000594,2.3135126,2.163967,2.1449802,3.5060365,2.397449,2.3303452,2.4130595,4.257779,4.147926,3.0985544,2.7463348,2.3245018,2.3414128,2.528402,2.4116943,2.3983738,3.1167552,2.2732809,2.3034413,2.1061285,1.8395958,1.976236,1.8676342,2.3666463,2.1229925,3.0016036,2.58441,3.5043502,3.5478134,3.2829595,3.3133795,4.255631,3.7988868,3.7416792,3.9058158,2.9245427,2.9604142,2.960929,3.1573508,2.7879674,2.6682897,3.5302887,3.4805264,2.841379,2.81406,2.5524273,3.3570657,3.2738333,3.2253788,3.4100451,3.1189108,3.5245867,3.457641,3.5004492,3.6883266,4.303807,4.5585995,2.9305599,3.266549,2.4096467,2.322283,1.8712432,2.2243943,2.0256345,2.821237,2.0625963,2.456867,2.1658187,2.085499,2.2279267,2.2208436,2.5122669,2.1189227,2.6450963,4.0112596,1.9511398,2.8754401,3.7927232,3.926885,2.0897942,2.2206566,1.9606291,1.960619,2.3562016,2.2063704,2.1794057,2.357511,1.6751941,1.8928721,2.4061086,2.430242
3,0.78534627,1.7010161,0.7589186,0.0,2.4431996,2.33765,1.1864514,0.71187264,1.7722689,3.5398486,1.0018337,0.99048656,1.9110062,1.926634,2.4377947,1.8945553,2.045595,2.5342238,1.2434945,1.4893607,3.1199067,2.809216,2.9139047,2.8533833,1.4176128,1.8889107,1.5043145,3.0373182,2.9945836,2.9154553,2.2435637,2.3942232,2.3220847,2.331214,2.5744848,2.5510175,2.4875004,2.7782772,2.2897964,2.251663,3.543431,2.4687142,2.4145808,2.498638,4.267959,4.1419606,3.2042415,2.8070827,2.3305182,2.3452718,2.6096046,2.4301443,2.4162548,3.0961285,2.2970247,2.2081957,2.144903,1.9165258,2.060036,1.9848223,2.44773,2.2176816,3.1378016,2.734551,3.5566266,3.6158879,3.329211,3.3658094,4.236161,3.820625,3.735965,3.9066265,3.0198784,3.0539966,3.0546591,3.24187,2.8024912,2.7119687,3.5097141,3.4688494,2.8990908,2.860165,2.663172,3.3821409,3.4611566,3.4164593,3.612305,3.3227935,3.5494785,3.4813821,3.5170896,3.6750937,4.293307,4.734214,2.9913073,3.3707013,2.5671177,2.4861841,2.110089,2.4123833,2.2561553,3.0472796,2.2564502,2.6331296,2.3915102,2.309086,2.443005,2.4472644,2.6889148,2.3451571,2.8453124,4.135847,2.0553486,2.9052527,3.8883588,3.9505363,2.2582004,2.3508823,2.0622149,2.050236,2.5140166,2.336693,2.2673295,2.3923204,1.7593563,1.7220898,2.337953,2.4122534
4,1.8667023,2.8367047,1.8786737,2.4431996,0.0,2.6322024,2.0546024,2.0050526,2.4088264,4.030218,2.5663218,2.5633214,2.3582876,2.357567,3.026546,2.6751356,2.4019072,3.36803,2.4973276,2.577315,2.1428578,1.8147997,2.1429331,2.1169446,2.5227795,2.8905175,2.7548616,2.531369,3.8978183,3.7881186,2.9893486,3.0664883,2.9859953,2.935718,3.1477108,3.0848746,1.9892819,2.346569,2.8297417,2.822463,4.0854974,3.09254,2.948696,3.10501,4.572533,4.4613485,3.731185,3.397592,3.0962515,3.1101992,3.1346314,3.1201737,2.9663682,4.1443505,2.7896886,3.0104995,2.5941644,2.4049788,2.4157035,2.3916113,2.998162,2.6735556,3.426959,3.086658,3.413674,3.426006,3.5582604,3.5694613,5.2150955,4.1756725,4.087872,4.3198123,3.3382094,3.3564358,3.3914113,3.5165408,3.264909,3.1559331,4.7422304,4.6592693,3.1678493,3.1405928,2.8936045,3.6554496,3.3406665,3.294186,3.4637601,3.1798215,3.7824414,3.7368612,3.7694643,4.4325585,4.5528526,4.4798884,3.2635486,3.3995798,2.9845672,2.9728644,2.478577,2.7809305,2.6399593,2.2884526,2.6418543,3.045043,2.6626348,2.5701506,2.754046,2.8140767,3.0681994,2.7239432,3.1472666,4.209665,2.4883773,3.3296223,2.9567327,3.2195375,2.5780241,2.6923215,2.4706936,2.514152,2.4935985,2.650632,2.5097573,2.775053,2.3690288,2.812309,3.138118,3.0989156
5,2.406939,2.6334708,2.4380996,2.33765,2.6322024,0.0,2.671941,2.3982456,2.688577,3.8858042,2.375863,2.3765495,2.7147553,2.778379,3.179992,2.7656114,2.3115659,2.7593944,2.2618635,2.3717935,3.7828994,3.5488675,3.5430355,3.4704697,2.5716157,2.887802,2.6165464,3.4016612,2.2025034,2.154542,3.2451193,3.4009218,3.3227968,3.1281552,3.3106463,3.3989165,3.171458,3.482234,3.216855,3.164042,4.3392754,3.480427,3.2974472,3.4486759,4.6042533,4.4707055,4.12772,3.6685832,3.3197598,3.3221478,3.5535424,3.3078191,3.1015825,4.160437,2.7990818,2.901992,2.8248522,2.486779,2.6927688,2.8141155,2.8686244,2.7944536,3.5356236,3.1370826,3.7149465,3.796141,3.8295884,3.8715014,5.183394,4.2952704,4.293227,4.4076777,3.966469,3.9920905,3.9761899,4.1163383,3.626588,3.5619485,4.856222,4.7622285,3.357155,3.3423786,3.171845,3.9037855,3.7277467,3.6957057,4.248753,3.5926468,3.9954762,3.8986626,3.9183042,4.5006504,4.0245504,4.4391265,3.5949097,3.7190375,3.3949127,3.2611184,2.7681336,3.0621634,3.0114908,2.8862996,2.9685926,3.2502432,3.0196927,2.8959336,3.0386982,3.0516205,2.9824414,2.9974158,3.4003189,4.3571506,2.7688367,3.33851,3.2933416,3.1878836,3.4853663,3.5665088,2.5602963,2.608137,2.7118866,2.7477121,2.5667439,2.7340019,2.4941657,2.502174,2.8974566,2.9245255
6,0.84272707,2.133469,0.86823994,1.1864514,2.0546024,2.671941,0.0,0.80564713,1.8299727,3.556468,1.5213261,1.508608,1.8002428,1.7558712,2.4258568,1.8501194,2.0896869,2.8614984,1.6356072,1.868645,2.628734,2.308247,2.4718432,2.4628663,2.1040041,2.4641209,2.1776154,3.325985,3.3975997,3.3030024,2.4631279,2.5886452,2.1617913,2.606286,2.3834467,2.340839,2.0949075,2.219426,2.0399804,2.1224911,3.4910674,2.3459532,2.432451,2.2183568,4.284033,4.198078,3.1247563,2.9415205,2.475364,2.5028718,2.6231675,2.5232043,2.7277951,3.2867827,2.5375254,2.4918664,2.1608598,2.0348768,2.1608074,2.1142642,2.4744294,2.283113,2.996936,2.5581098,3.5741832,3.6043193,3.341742,3.3870199,4.3301463,3.88451,3.7786646,3.968624,3.001805,3.033017,3.0493655,3.1987758,2.8682873,2.7686741,3.6304586,3.5597057,2.9706144,2.9337108,2.6834192,3.4224544,3.3378344,3.2935047,3.4251184,3.2086136,3.6123645,3.5628154,3.5915077,3.7765796,4.417545,4.652324,3.1054688,3.4201424,2.6772017,2.379829,2.0797136,2.416893,2.0789044,2.934847,2.0891237,2.5113373,2.4237933,2.3339558,2.5287795,2.5818472,2.773406,2.3492124,2.8585436,4.055199,2.2622132,3.017918,3.929869,4.0763583,2.3275223,2.4871683,2.2048788,2.2072728,2.5143256,2.412193,2.344521,2.443179,1.8572035,2.0827746,2.577025,2.5709708
7,0.35392642,1.8381789,0.33399045,0.71187264,2.0050526,2.3982456,0.80564713,0.0,1.6348778,3.3751152,1.1825782,1.1774428,1.7125391,1.7119541,2.3665056,1.807915,1.8526772,2.5801432,1.2904357,1.4960872,2.5810606,2.2368488,2.405146,2.3598597,1.497137,1.955273,1.5945859,3.058618,3.0580199,2.9589987,2.2112455,2.3109593,2.1362944,2.2916572,2.3952227,2.3693154,1.9942974,2.281648,2.053092,2.0485811,3.4309764,2.2576177,2.225462,2.2777388,4.070114,3.9459271,3.005012,2.6336732,2.3307004,2.3498156,2.5637932,2.4374099,2.4448018,3.106982,2.2906137,2.2983801,2.0271041,1.8320607,1.9172726,1.812913,2.3702106,2.1367693,3.0373685,2.5824857,3.4750617,3.5256202,3.2391827,3.2848544,4.230084,3.7891726,3.7133913,3.8940616,2.9232047,2.9585016,2.9750419,3.1522665,2.7423189,2.620382,3.4662938,3.4244285,2.806036,2.7727518,2.5165818,3.2879803,3.242663,3.1983316,3.3479204,3.101136,3.4745133,3.4074483,3.4532068,3.627425,4.2419834,4.523442,2.9037626,3.2248468,2.5361106,2.3981678,1.952193,2.2752202,2.0900662,2.8985608,2.1171544,2.5329347,2.2041318,2.1142006,2.2609982,2.296407,2.6334,2.193135,2.7279415,3.9173353,2.0341473,2.8457468,3.8160193,3.9347422,2.165562,2.3099916,1.9686079,1.971866,2.360127,2.209649,2.1451561,2.2465801,1.664877,1.8468549,2.3560417,2.3925114
8,1.6646141,1.0647492,1.5829403,1.7722689,2.4088264,2.688577,1.8299727,1.6348778,0.0,3.2670717,1.8995311,1.8999625,1.5907319,1.5628617,2.1894846,1.6199963,2.0443048,2.6607904,1.8086691,1.9815412,2.8404753,2.6565185,2.6842616,2.6590152,2.0338585,2.2851098,2.1332679,3.2490745,3.5538003,3.4334726,2.6127179,2.7135897,2.5393312,3.434393,2.3660345,2.4145696,2.2106879,2.1665325,1.9857333,1.9589247,3.8435698,2.7540548,2.743734,2.7497933,4.414576,4.4104586,3.387515,2.913891,2.7898638,2.799417,3.0230596,2.8944073,2.7604058,3.4388227,2.6526995,2.6504405,2.652824,2.299258,2.609947,2.51089,2.7004888,2.5047596,3.1257582,2.8668306,3.8138998,3.8704352,3.6201766,3.6468015,4.298668,3.9738576,4.0814514,4.069507,3.1789432,3.2069962,3.2843444,3.4955716,3.3055801,3.159539,3.9540713,3.9273696,3.13654,3.1269896,2.8240073,4.365922,3.4402108,3.3879797,3.549613,3.2384038,3.8647687,3.8261788,3.872801,4.0624485,4.5886874,4.8832917,3.281485,3.6377356,2.8605564,2.626118,2.228713,2.5626829,2.3046317,3.0347805,2.3009017,2.597774,2.5781338,2.500796,2.63054,2.5967364,2.748898,2.361979,2.9578323,4.299853,2.3420217,3.1515703,3.906134,4.04837,2.478969,2.6370924,2.2525203,2.2956297,2.7959635,2.7198553,2.645378,2.9193804,2.073395,2.1579018,2.6313088,2.62262
9,3.4346669,3.2749221,3.5543041,3.5398486,4.030218,3.8858042,3.556468,3.3751152,3.2670717,0.0,3.6178977,3.6196609,2.8978124,2.9034035,2.7399092,2.5279875,3.1564834,3.45286,2.8092709,2.7503684,3.9092946,3.8392503,3.7774796,3.7646558,2.8009841,3.0132043,2.772422,3.911935,3.7257235,3.5672455,2.6129055,2.32517,2.8853097,3.7524936,2.852977,2.7907054,3.052009,3.0331779,2.653377,2.5683153,4.0543337,3.0395086,3.0941749,3.3127146,2.143424,2.206452,3.3255947,3.1638877,4.4031,4.412117,4.543855,4.470776,4.494806,5.00087,4.305953,4.2704344,3.3847682,4.211707,4.0229106,3.3792646,4.4245343,4.1451902,4.9063845,4.5359855,3.26282,3.2658188,2.9318633,3.1001801,4.045895,3.6760228,3.6902504,3.815701,2.9167771,2.9266303,3.079537,3.2539997,3.0344594,2.801812,3.68737,3.744909,2.6109998,2.5292695,2.3667197,3.7691224,2.931382,2.9246979,2.567969,2.8209476,3.2199118,3.226487,3.2823963,3.4828622,3.6858501,4.1257534,2.6871486,3.301754,4.569558,4.5238466,4.2009616,4.387262,4.29064,4.673494,4.174937,4.3487887,4.3926153,4.181714,4.3699074,4.421215,5.1349125,4.317038,4.5072985,2.8615994,3.2990396,2.734352,4.4253564,4.4921227,3.3920126,3.498058,3.0563276,3.1149433,3.3012807,3.347887,3.118206,2.8553843,2.8788464,2.818335,3.3580642,3.3169997
10,1.2708756,1.4735464,1.199021,1.0018337,2.5663218,2.375863,1.5213261,1.1825782,1.8995311,3.6178977,0.0,0.032246668,2.3831537,2.3970277,2.1809125,2.0415952,2.0946395,1.8972307,1.6505201,1.8538704,2.7933102,2.9918344,2.6449568,2.5857658,1.6958507,1.5011336,1.7365075,3.1445973,3.0346997,2.9412727,2.4388318,2.5848281,2.9479568,2.9915555,3.1154814,3.0882783,2.4091477,2.6813812,2.206713,2.1689537,3.917036,3.0515952,3.0216446,3.0672767,4.6093016,4.475127,3.1664329,3.344206,2.9618602,2.9720814,3.1972225,3.0170517,3.0155323,3.6304295,2.8949606,2.8329031,2.835391,2.6357868,2.7499945,2.6726928,2.9938147,2.832888,2.6841059,3.211288,4.01438,4.074003,3.8376458,3.871828,4.0382204,3.5501907,4.1265764,3.6583314,3.109724,3.1487625,3.125135,3.721337,3.3072991,3.1584136,3.9034328,3.9303145,2.771844,2.843649,2.7544923,3.803816,3.5698476,3.5251653,3.723265,3.4068022,4.1817446,4.118654,4.1522093,4.3303237,4.569491,5.0549803,2.8853755,3.8647237,2.670174,2.269161,2.2173584,2.8061297,2.5349092,3.4136047,2.5278718,2.3719604,2.9524438,2.877766,2.9947567,2.1601021,2.775685,2.0531783,2.9668338,4.2012095,1.9022683,2.8002098,3.7025566,3.742461,2.1355953,2.2502115,1.7796487,1.7749538,2.9758816,2.1404426,2.8457177,2.9369233,1.9848732,1.977029,2.0690534,2.1261964
11,1.26188,1.4722322,1.1934917,0.99048656,2.5633214,2.3765495,1.508608,1.1774428,1.8999625,3.6196609,0.032246668,0.0,2.3808045,2.3940015,2.1821423,2.0413105,2.0970623,1.9039457,1.6438841,1.8514109,2.797877,2.9933639,2.6518874,2.5927432,1.6960872,1.5047722,1.7366337,3.1416037,3.0388753,2.9465055,2.4403698,2.5872135,2.9399798,2.982338,3.108111,3.080809,2.4071455,2.678837,2.2000668,2.1624558,3.9144666,3.0461059,3.0168138,3.061235,4.6060033,4.472013,3.1672742,3.3450828,2.9531064,2.9633842,3.1874692,3.0070984,3.0059035,3.6193607,2.885906,2.8221035,2.8249907,2.6282864,2.7432516,2.6675847,2.9866598,2.8243845,2.682464,3.204668,4.0074115,4.0654573,3.8290932,3.8629482,4.036347,3.5475693,4.118893,3.6543705,3.104358,3.143161,3.1205132,3.7143066,3.2971907,3.1497133,3.8994324,3.9247508,2.767631,2.8375266,2.752058,3.79708,3.5652876,3.5206006,3.719768,3.404113,4.1739655,4.111482,4.143684,4.3225603,4.564455,5.0510216,2.8812685,3.859544,2.6651893,2.2634282,2.211433,2.802822,2.526181,3.4080427,2.52095,2.366402,2.9526713,2.8777752,2.9954581,2.1676288,2.7728267,2.0527596,2.9604225,4.198494,1.8970823,2.7938735,3.700409,3.7412684,2.1283472,2.2422023,1.7797557,1.7750463,2.969095,2.1364048,2.8390734,2.929396,1.9758295,1.9662447,2.069939,2.1274068
12,1.7841429,2.1732268,1.745862,1.9110062,2.3582876,2.7147553,1.8002428,1.7125391,1.5907319,2.8978124,2.3831537,2.3808045,0.0,0.17197604,2.1950407,1.1029891,1.920389,3.1487978,1.5734042,1.60662,3.0923412,2.4141,2.783406,2.7876225,1.8761883,2.6250274,1.925147,2.9494307,3.1994872,3.1092741,2.2962432,2.4291778,1.4201337,2.6455631,1.5451266,1.3786273,2.0825255,2.179474,1.985465,1.9604484,3.0304246,1.6915226,1.665131,1.6490195,3.6324437,3.6439295,2.9202328,1.8658543,2.67198,2.6960623,2.8526278,2.73246,2.77464,3.4340622,2.5777476,2.5460782,1.7857738,2.1522555,2.2544672,1.5641958,2.6141903,2.2873974,3.839773,2.7942379,2.6315563,2.6545994,2.430262,2.4507623,4.2783527,3.7481086,3.1367445,3.8697336,2.4366875,2.454421,2.495188,2.2753067,2.2259312,2.084734,3.3443906,3.2401834,2.6736698,2.5615764,2.0364742,3.3058069,2.778059,2.7375693,2.966261,2.5736628,2.6292877,2.6107483,2.6599238,3.0402157,3.7262185,3.9650135,2.7983596,2.6139083,2.9762163,3.1445293,2.6144514,2.58646,2.5306323,2.754144,2.3511398,3.0748181,2.2942238,2.095315,2.363066,2.9956906,3.2442613,2.999512,3.2459023,3.7966309,2.0943878,2.7005413,3.6797402,3.8221416,2.4002988,2.5651407,2.2119198,2.255046,1.862971,2.5415068,1.6287922,2.0562348,1.5171425,1.6802661,2.5061624,2.4955943
13,1.7722559,2.169347,1.7520039,1.926634,2.357567,2.778379,1.7558712,1.7119541,1.5628617,2.9034035,2.3970277,2.3940015,0.17197604,0.0,2.1887016,1.1178899,1.9520689,3.1648228,1.5875987,1.6309491,3.0854158,2.419312,2.7953577,2.8057983,1.9511324,2.676628,2.0155115,2.965428,3.294844,3.2050462,2.3480792,2.469424,1.3721507,2.7059207,1.4703548,1.3122439,2.0619147,2.1164243,1.9160534,1.9098812,3.0336604,1.6735528,1.6929482,1.6118126,3.64618,3.6630256,2.906964,1.8783109,2.6691077,2.6952765,2.835772,2.7351093,2.793294,3.4390788,2.6028848,2.5588105,1.8149413,2.1472511,2.2661335,1.6286465,2.613355,2.2989182,3.7975154,2.7593582,2.6887398,2.7057552,2.4862478,2.5100915,4.311618,3.7872362,3.1824121,3.9038827,2.4611783,2.4779983,2.52731,2.310716,2.2729793,2.1379364,3.388005,3.2881138,2.7253056,2.614388,2.1087883,3.3687937,2.8220441,2.781125,2.9518342,2.6238997,2.6910894,2.6771894,2.7260966,3.099766,3.837035,4.0690928,2.8459594,2.685658,2.9947717,3.144157,2.631434,2.6144376,2.5212054,2.7587106,2.346391,3.0659642,2.3176596,2.126737,2.39555,3.019603,3.2813246,3.006007,3.255756,3.8268733,2.165857,2.7704165,3.709781,3.8620114,2.3919854,2.5619228,2.27522,2.318127,1.9437643,2.5949142,1.7124689,2.1070993,1.5958527,1.7575763,2.5747023,2.566236
14,2.347973,1.9211786,2.397778,2.4377947,3.026546,3.179992,2.4258568,2.3665056,2.1894846,2.7399092,2.1809125,2.1821423,2.1950407,2.1887016,0.0,1.5279622,2.1430473,1.8977306,1.9932841,1.9198878,2.7923918,3.3728626,3.0089538,3.0372543,2.25085,2.0189264,2.2724347,3.1515002,3.5380561,3.3612187,2.1180005,2.2931068,2.7676802,3.6308908,2.6945972,2.5214179,2.1011295,2.10955,1.6588447,1.5994915,4.1669445,3.2555912,3.2906134,3.2535882,3.905612,4.007876,2.285832,2.904879,3.8774552,3.8953269,4.0213137,3.9169211,4.0150895,4.638908,3.8489258,3.7800567,3.107519,3.656001,3.6390114,3.013349,3.8892024,3.6317518,3.603724,3.9575946,3.3726416,3.3609536,3.159035,3.1697705,3.4819486,2.8247745,3.604796,3.0036933,2.265496,2.2906015,2.30041,3.09887,2.9977667,2.7372985,3.736097,3.8107316,2.02078,2.156429,1.9346517,3.8013213,2.7683794,2.7303095,2.903796,2.521975,3.7330227,3.7178338,3.7526186,4.048468,4.050778,4.55371,2.202502,3.5253222,3.5427291,3.348026,3.3065476,3.937836,3.438605,3.915191,3.2769961,2.8661082,3.7204013,3.5183465,3.749631,3.071881,3.9565022,3.1215587,3.3261206,3.3143835,1.7977912,2.0576162,3.4112601,3.5091188,2.0955324,2.2975056,1.8479589,1.8948189,2.7728994,1.9969496,2.758793,2.9588435,1.9042926,1.9288627,2.759506,2.7205105
15,1.86945,1.84682,1.8497742,1.8945553,2.6751356,2.7656114,1.8501194,1.807915,1.6199963,2.5279875,2.0415952,2.0413105,1.1029891,1.1178899,1.5279622,0.0,1.6656338,2.4818795,1.4811407,1.5138828,2.8925245,2.6415687,2.6090322,2.6112638,1.7792155,2.1703222,1.8057703,3.0309436,3.0132263,2.8679209,1.900831,2.0757678,1.83165,2.9010994,1.8265892,1.7084739,2.0155578,2.0484686,1.5581152,1.5232629,3.1872668,2.0930295,2.1257334,2.0485446,3.749321,3.77952,2.6156409,2.4246807,3.1669214,3.185471,3.2273958,3.1993403,3.267828,3.9120657,3.0726037,2.97675,2.3692336,2.843118,2.9518476,2.2671974,3.0242531,2.7875834,3.561667,3.154552,2.9121978,2.8539944,2.564712,2.606073,3.816476,3.329643,3.3147948,3.476757,2.1846995,2.2097373,2.221219,2.4950016,2.4094353,2.1527872,3.2523227,3.2446933,2.0799532,2.0505016,1.6551567,3.3111472,2.5028846,2.4594178,2.694212,2.2784593,2.9318147,2.8997068,2.9661317,3.2327535,3.7180166,4.1295934,2.290131,2.9752696,3.1598914,3.1053357,2.7752433,2.9565594,2.7984679,3.2960327,2.6182122,2.927106,2.9372337,2.7430182,2.9809508,2.966887,3.4978673,2.927771,3.3966792,3.6074526,1.7583469,2.218776,3.7060728,3.8024135,2.1237717,2.292662,1.8322184,1.9043487,2.2586343,2.2985485,2.0289178,2.4231749,1.5397725,1.5837752,2.1143634,2.0660207
16,1.8258698,2.1642451,1.8480611,2.045595,2.4019072,2.3115659,2.0896869,1.8526772,2.0443048,3.1564834,2.0946395,2.0970623,1.920389,1.9520689,2.1430473,1.6656338,0.0,2.0053988,1.4689282,1.5255582,2.6626852,2.6105762,2.605166,2.5835397,1.9107177,2.2076087,1.9830498,3.2230303,2.6395967,2.479581,2.549049,2.6929572,2.3499517,2.6482193,2.2746518,2.3815744,1.7908006,2.1159422,2.012563,1.9385259,3.759707,2.601896,2.4492579,2.563063,3.9485931,4.0381765,2.3832452,2.6437273,2.9958599,3.00778,2.7606206,3.0661294,2.7051005,3.502427,2.5390532,2.588818,2.835879,2.861946,3.1527057,2.6359024,2.2788193,2.2260568,2.8759627,2.4437525,3.2744439,3.1003096,2.8672516,2.9084842,4.3418145,3.7838943,3.8756216,3.9824846,2.8330877,2.8642933,2.8448596,3.0873754,2.8174,2.5103953,3.6290367,3.6099453,2.225491,2.256224,1.9907448,3.2015944,2.310601,2.263805,2.7238705,2.1565006,3.1523352,3.0851233,3.14972,3.4677987,3.5907898,3.896758,2.3665175,3.4809391,2.9193258,2.7667272,2.1186244,2.5575008,2.190249,2.7415411,2.0913913,2.281705,2.4253507,2.2453318,2.3904681,2.2684722,2.8049505,2.1961477,2.4794514,3.2008965,1.920037,2.4410546,3.980793,4.0649486,2.275006,2.4238148,1.8039535,1.9502054,2.1884816,2.020405,1.8181101,2.3841276,1.7025437,1.9164952,2.6335597,2.6115086
17,2.5531557,2.0018468,2.6230893,2.5342238,3.36803,2.7593944,2.8614984,2.5801432,2.6607904,3.45286,1.8972307,1.9039457,3.1487978,3.1648228,1.8977306,2.4818795,2.0053988,0.0,2.2189102,2.2469003,3.007995,3.7817893,3.1915774,3.1643825,2.4571173,1.773738,2.4642084,3.6090276,3.0076144,2.8523066,2.9308083,3.0735638,3.572466,3.7852957,3.460962,3.5158017,2.5187597,2.7198179,2.2070248,2.1081285,4.665933,3.8475733,3.787789,3.8676422,4.5997424,4.603724,2.7371173,3.7285848,4.1268,4.13325,4.125315,4.1859226,3.9407065,4.565994,3.8135495,3.7805414,3.80738,3.9053729,4.0510235,3.7092774,3.7632375,3.7085667,2.8243535,3.8933368,4.348849,4.2472534,4.0468955,4.075633,4.0300884,3.4644074,4.632744,3.6499836,3.32881,3.361971,3.3452404,4.2207627,3.8309093,3.5503898,4.359831,4.4755096,2.3957345,2.608897,2.72924,4.185925,3.196478,3.1628673,3.485988,3.061221,4.5310345,4.4682865,4.5096326,4.745853,4.4579906,5.058504,2.5731606,4.3992243,3.6497672,3.1882858,3.1075845,3.9009972,3.4079974,4.109952,3.3642101,2.6371632,3.9291558,3.7931397,3.9027734,2.6541333,3.6334288,2.639718,3.2584882,3.734215,2.2154663,2.5386386,3.8502517,3.8319657,2.5395665,2.674446,2.0279477,2.136815,3.4617257,2.1833742,3.3068633,3.529615,2.5421624,2.489123,2.7268414,2.7528958
18,1.2575217,1.772475,1.4349703,1.2434945,2.4973276,2.2618635,1.6356072,1.2904357,1.8086691,2.8092709,1.6505201,1.6438841,1.5734042,1.5875987,1.9932841,1.4811407,1.4689282,2.2189102,0.0,0.43977845,3.0766635,2.8179784,2.9522107,2.9289255,1.299975,1.8658936,1.395434,2.7780797,2.8641815,2.7435863,1.8572074,1.9816471,1.9070351,2.2413027,1.9963886,2.029017,2.1244156,2.3957746,1.8301468,1.7611942,3.5850432,2.175262,2.087458,2.2121716,3.5247853,3.5218506,2.519514,2.245927,2.5728135,2.5887928,2.6211898,2.7398279,2.3931928,3.2304034,2.191157,2.0928543,2.1358933,2.3301468,2.4143798,1.9765584,2.344857,2.046326,3.2776601,2.6562703,3.0577126,2.9758399,2.7070835,2.7689586,4.3258624,3.7556605,3.5958953,3.901322,2.7434814,2.7667644,2.8514652,2.9143379,2.4787238,2.2410872,3.4659286,3.446684,2.3189447,2.265306,2.0313413,3.0384755,2.634997,2.5971482,2.8469398,2.5202076,2.9282458,2.8769643,2.9278896,3.2628458,3.6558287,4.1531553,2.4370105,3.1256206,3.0251148,2.847075,2.2238946,2.5430698,2.2885072,2.7937155,2.1754665,2.6267767,2.3622596,2.184419,2.3664398,2.5951562,2.9722788,2.4541006,2.7200735,3.3565896,1.987135,2.4577672,3.7055209,3.7585027,2.2436512,2.3857038,1.7935195,1.8907487,2.1409338,2.1440701,1.6017869,1.9725242,1.3993679,1.3077155,2.3985963,2.4579017
19,1.4576223,1.9670717,1.6386464,1.4893607,2.577315,2.3717935,1.868645,1.4960872,1.9815412,2.7503684,1.8538704,1.8514109,1.60662,1.6309491,1.9198878,1.5138828,1.5255582,2.2469003,0.43977845,0.0,3.090427,2.849223,2.9998014,2.990296,1.3635434,1.9294627,1.4682212,2.7333786,2.8796778,2.743847,1.6952599,1.8431759,1.9063996,2.2810707,2.0197148,1.9790885,2.1576035,2.4344823,1.878978,1.8056699,3.5343688,2.2295043,2.135047,2.267092,3.440922,3.4541612,2.329631,2.0568812,2.7053864,2.7216709,2.7552257,2.866341,2.5906565,3.472939,2.370439,2.2851985,2.225521,2.5357234,2.5568442,2.0035207,2.5379744,2.22647,3.4425123,2.8036923,2.9643528,2.859237,2.6188045,2.6746178,4.3550687,3.7358248,3.5604277,3.8972929,2.7324405,2.7533314,2.8025565,2.8898277,2.48315,2.219401,3.4977021,3.490848,2.2752154,2.2340648,1.962554,2.9710839,2.577338,2.5438647,2.8186245,2.4535506,2.8687928,2.8173494,2.888238,3.2653358,3.5555208,4.0560927,2.4102194,3.1005082,3.1411963,3.0762913,2.4871387,2.7664917,2.5503397,2.8910725,2.4136074,2.7955453,2.4637806,2.2699819,2.4558794,2.650862,3.185501,2.6752913,2.887314,3.3028283,2.0096903,2.4234128,3.6674874,3.708449,2.3521812,2.5098279,1.898438,1.9918581,2.12583,2.158955,1.5925037,1.994388,1.513598,1.4422456,2.4906626,2.5554335
20,2.5331905,3.0699477,2.5133395,3.1199067,2.1428578,3.7828994,2.628734,2.5810606,2.8404753,3.9092946,2.7933102,2.797877,3.0923412,3.0854158,2.7923918,2.8925245,2.6626852,3.007995,3.0766635,3.090427,0.0,1.7996,1.1372769,1.2019596,2.9567618,2.668553,3.05052,3.598142,4.27209,4.105878,3.0812745,3.1254148,3.5769582,3.7521317,3.6658738,3.5931726,1.5281267,1.7237915,2.5447006,2.5449078,4.4299808,3.607591,3.5571327,3.6438415,4.780679,4.7061906,3.1673427,3.8524537,4.1113687,4.121675,4.088108,4.1573324,4.089368,4.7527947,3.9593415,4.1262,3.6678388,3.8557072,3.8095345,3.4397452,3.9933445,3.7847888,3.4093883,4.0288615,4.266649,4.2118554,4.0828524,4.0946026,4.4524035,3.7765834,4.6090927,3.970701,3.266362,3.2930453,3.3318253,4.0180326,3.7935004,3.523093,4.4643173,4.5285673,2.8340013,2.9608214,2.8806171,4.1007137,3.1827831,3.1459932,3.2722638,3.043439,4.5007668,4.462119,4.5174212,4.798138,4.806521,4.711684,2.947139,4.093341,3.6010926,3.198246,3.0733616,3.6233711,3.3473673,3.8839326,3.3967402,3.1435862,3.7482152,3.6549947,3.7626789,2.890909,3.73373,2.8321857,3.6061924,4.045202,2.54724,3.0291512,3.8574905,4.1189933,2.5123966,2.715662,2.45252,2.5171058,3.3712957,2.583926,3.4470072,3.6430655,2.8196077,3.2936,3.054964,2.9621677
21,2.2253673,3.2840836,2.1826456,2.809216,1.8147997,3.5488675,2.308247,2.2368488,2.6565185,3.8392503,2.9918344,2.9933639,2.4141,2.419312,3.3728626,2.6415687,2.6105762,3.7817893,2.8179784,2.849223,1.7996,0.0,1.334762,1.3386182,2.6994216,3.083056,2.8235233,3.437724,3.9881327,3.863281,2.9340444,2.9705963,2.758702,2.8899703,2.9845526,2.9390213,1.8836802,2.1133277,2.7486894,2.760471,3.488505,2.516085,2.416886,2.5571225,4.4940724,4.346253,3.5408332,3.2512908,3.3711936,3.3833637,3.320138,3.4364429,3.348245,4.0928717,3.1919274,3.3817723,2.8224068,2.9529562,2.9323828,2.5584998,3.2270443,2.9883306,3.895053,3.3293858,3.6786752,3.6159706,3.4706564,3.4952998,4.942757,4.3483615,4.2043653,4.5023546,3.293069,3.3128757,3.3653014,3.4219496,3.2025142,3.0013673,4.068616,4.0350175,3.1316254,3.0821245,2.8369222,3.5233636,3.1359289,3.1008732,3.2521074,3.0374281,3.620381,3.5677598,3.6529322,3.9547784,4.4788203,4.234177,3.25126,3.3852696,3.4316907,3.373511,2.860281,2.7637382,2.963423,3.2587624,3.014076,3.6064966,2.9430285,2.8736854,2.9735897,3.173814,3.5292475,3.12409,3.8460171,4.3736362,2.782544,3.344198,4.127408,4.374124,2.8241007,2.9849782,2.7887504,2.8449898,2.8436368,3.050405,2.771353,3.0722759,2.6967404,3.1668265,2.8903248,2.826551
22,2.4493802,3.015249,2.3581502,2.9139047,2.1429331,3.5430355,2.4718432,2.405146,2.6842616,3.7774796,2.6449568,2.6518874,2.783406,2.7953577,3.0089538,2.6090322,2.605166,3.1915774,2.9522107,2.9998014,1.1372769,1.334762,0.0,0.20844619,2.7511644,2.642951,2.818586,3.495247,3.9530685,3.8139668,2.9550676,2.9986093,3.3657193,3.5239332,3.5237696,3.474072,1.7926974,1.9916928,2.5897415,2.595424,3.9269552,3.1249442,3.0716958,3.1568093,4.8009286,4.650643,3.398881,3.7679288,3.858598,3.867029,3.8767066,3.9012165,3.864818,4.5315847,3.7045891,3.8450255,3.4579148,3.5905404,3.5766559,3.2020023,3.731486,3.5312479,3.4533846,3.8464787,4.1157627,4.119411,3.9876225,4.015464,4.5263085,3.8594673,4.481184,4.043226,3.221193,3.247651,3.293598,3.84746,3.6215575,3.3669398,4.328748,4.374026,2.8358362,2.9174473,2.7895844,3.9511275,3.229999,3.1947057,3.3583655,3.0850616,4.2863383,4.2451572,4.3143578,4.596719,4.65842,4.58668,2.9774427,3.9413745,3.4706886,3.0326333,2.8784933,3.1084704,3.168142,3.6874533,3.1790946,3.308337,3.4915795,3.4166312,3.516371,2.8780017,3.5650382,2.7711341,3.9209783,4.3547754,2.5029633,3.0688436,3.8981333,4.1114244,2.5769913,2.762506,2.3215961,2.3847158,3.2631037,2.7313678,3.2950656,3.5102618,2.7283196,3.161915,2.3783348,2.268835
23,2.4063766,2.9690435,2.3052604,2.8533833,2.1169446,3.4704697,2.4628663,2.3598597,2.6590152,3.7646558,2.5857658,2.5927432,2.7876225,2.8057983,3.0372543,2.6112638,2.5835397,3.1643825,2.9289255,2.990296,1.2019596,1.3386182,0.20844619,0.0,2.6661477,2.5601404,2.7342303,3.461562,3.8700886,3.7327435,2.9426444,2.9801373,3.3698971,3.4484012,3.535205,3.4970183,1.8165045,2.057764,2.622199,2.6123223,3.922581,3.1144416,3.0402825,3.1712983,4.784871,4.619141,3.4691246,3.786333,3.8292773,3.8360054,3.8595765,3.8697793,3.812357,4.4868674,3.6615849,3.810453,3.409221,3.5275042,3.515904,3.1567404,3.703794,3.5038555,3.4580855,3.8407388,4.0949893,4.1075354,3.968119,3.9976597,4.492166,3.8328269,4.4514475,4.0133786,3.204874,3.2327266,3.2814317,3.8310513,3.5820615,3.3354137,4.2869377,4.330916,2.807641,2.8828492,2.7695107,3.910088,3.233214,3.1968453,3.365829,3.0886538,4.2563043,4.2100945,4.2774105,4.5527616,4.630438,4.5686703,2.9424024,3.8843756,3.4275858,3.0068905,2.836302,3.0622644,3.1495304,3.6846693,3.173121,3.3134983,3.4777024,3.4048555,3.4985247,2.8697844,3.5259385,2.7439337,3.8974802,4.3492503,2.4582176,3.0339146,3.8783495,4.0865555,2.5377822,2.7076206,2.2756906,2.3354938,3.2325206,2.701735,3.2674842,3.4703658,2.6931505,3.1195729,2.3178675,2.2087643
24,1.5373386,1.8724601,1.5199906,1.4176128,2.5227795,2.5716157,2.1040041,1.497137,2.0338585,2.8009841,1.6958507,1.6960872,1.8761883,1.9511324,2.25085,1.7792155,1.9107177,2.4571173,1.299975,1.3635434,2.9567618,2.6994216,2.7511644,2.6661477,0.0,1.2003168,0.4430218,2.47407,2.8836684,2.7710838,1.7750257,1.796182,2.3139057,2.0904253,2.618225,2.5232708,2.192136,2.6627557,2.2832377,2.0984614,3.489375,2.3679724,2.1270976,2.6481814,3.4862914,3.366988,2.8958776,2.4570212,2.801198,2.8035932,2.9869218,2.9029872,2.624277,3.4261253,2.55064,2.5634387,2.2208986,2.5589287,2.478427,1.8658907,2.92719,2.5407317,3.671452,3.29779,2.9436228,2.9506125,2.6661406,2.7157903,3.9363606,3.370677,3.334361,3.5268075,2.3769314,2.408174,2.4433508,2.7062206,2.268988,2.0505166,3.2036948,3.2048552,2.1159227,2.0533497,1.839513,2.9203646,2.7519917,2.710748,2.8625162,2.585993,2.9062276,2.85275,2.898115,3.173649,3.6156547,4.079186,2.093498,2.799565,2.802331,2.9679363,2.4600818,2.7113075,2.7208302,3.2016282,2.6538045,2.9672167,2.6983044,2.5409768,2.6726868,2.6391497,3.2310038,2.6455169,3.0176773,3.4004977,1.5985003,2.1734831,3.585572,3.6615446,1.8737329,1.9227408,1.6462868,1.6825161,2.1818225,2.056191,1.9130906,2.0828378,1.3946459,1.3572044,2.1025932,2.1606023
25,1.9824595,1.7007957,1.9648896,1.8889107,2.8905175,2.887802,2.4641209,1.955273,2.2851098,3.0132043,1.5011336,1.5047722,2.6250274,2.676628,2.0189264,2.1703222,2.2076087,1.773738,1.8658936,1.9294627,2.668553,3.083056,2.642951,2.5601404,1.2003168,0.0,1.1900673,2.849506,3.1333408,3.0020127,2.0994494,2.1398795,3.1205928,2.9699302,3.2951128,3.216917,2.2136018,2.6308708,2.2237163,2.0213554,4.0820093,3.1931763,3.0384524,3.4181428,3.9941912,3.8737028,2.869661,3.2315156,3.484755,3.4831681,3.6801856,3.5593941,3.3395436,3.9777598,3.2792578,3.2862754,3.0690775,3.3579135,3.2927024,2.8200252,3.5943017,3.2964993,3.3766615,3.9060411,3.6872067,3.7009268,3.434125,3.4666736,3.5485191,3.001936,3.8698065,3.175638,2.5899718,2.625015,2.6579156,3.4516265,3.0000896,2.7482274,3.603736,3.6978965,1.9924628,2.0964153,2.1508417,3.5692036,3.000353,2.9620755,3.1426792,2.8408418,3.8367016,3.793523,3.8221,4.010592,4.020267,4.558967,2.0045073,3.553215,3.0605502,2.8724875,2.7158692,3.310558,3.119948,3.8489354,3.0999436,2.8165317,3.4792078,3.3492665,3.4454696,2.54674,3.431652,2.504967,3.1847608,3.536701,1.5228087,2.0074813,3.5755606,3.6325786,1.7991133,1.875861,1.4517504,1.4916334,2.894626,1.8599259,2.8074899,2.8813338,1.836115,1.7924932,1.9783115,2.0248058
26,1.6955658,1.9346979,1.6432644,1.5043145,2.7548616,2.6165464,2.1776154,1.5945859,2.1332679,2.772422,1.7365075,1.7366337,1.925147,2.0155115,2.2724347,1.8057703,1.9830498,2.4642084,1.395434,1.4682212,3.05052,2.8235233,2.818586,2.7342303,0.4430218,1.1900673,0.0,2.809165,2.7169561,2.614821,1.844696,1.8888103,2.3690598,2.1519163,2.6776881,2.577029,2.269548,2.7308266,2.3281794,2.1355677,3.5111792,2.3973744,2.15221,2.6685176,3.4409704,3.3215911,2.8831437,2.4730892,2.8915265,2.8926845,3.1294117,2.9798727,2.7360501,3.348283,2.6462336,2.65602,2.2530243,2.6793194,2.5772872,1.9067965,3.0029492,2.6341708,3.7802374,3.4126055,3.0015464,3.0279741,2.6645722,2.7104895,3.7114587,3.272441,3.2885146,3.425848,2.366989,2.4008408,2.4345021,2.7204382,2.2533727,2.029397,2.983642,2.9821115,2.078213,2.0201206,1.7912607,2.9230182,2.7319634,2.695714,2.9660125,2.5729208,2.9182901,2.8652089,2.8953314,3.0637825,3.4212906,3.9275687,2.0738509,2.774576,2.8652422,2.9681485,2.488183,2.7572913,2.7676098,3.3958216,2.7014937,2.97976,2.784715,2.6198173,2.743707,2.677949,3.2079573,2.6709485,3.0342627,3.3391964,1.5620946,2.0198753,3.7324822,3.7893713,2.0126576,2.0765948,1.5809962,1.6117787,2.186551,1.9803535,1.9430407,2.0813618,1.2794167,1.1928712,1.9652532,2.0190117
27,2.9211514,3.16666,3.001001,3.0373182,2.531369,3.4016612,3.325985,3.058618,3.2490745,3.911935,3.1445973,3.1416037,2.9494307,2.965428,3.1515002,3.0309436,3.2230303,3.6090276,2.7780797,2.7333786,3.598142,3.437724,3.495247,3.461562,2.47407,2.849506,2.809165,0.0,4.502509,4.4161997,2.9410794,2.952237,3.430936,3.3078384,3.6861386,3.523758,3.0771286,3.4702713,3.3163018,3.2019286,4.3633056,3.497396,3.3203003,3.704364,4.426796,4.3077865,3.8605537,3.5107067,3.8159966,3.8252807,3.8637085,3.8940496,3.5952802,4.941263,3.536235,3.5433345,3.230456,3.503661,3.3609838,2.9795718,4.064813,3.5794764,4.3587236,4.2746267,3.1056888,3.0970335,3.4905684,3.494388,5.489018,4.0905743,3.9901385,4.257063,3.0846703,3.0788891,3.1553905,3.370314,3.2250948,3.1049113,5.1511397,5.140216,3.0471573,3.0000565,2.9248257,3.7435217,3.5969296,3.5588248,3.3792377,3.4270067,3.6932013,3.7087522,3.7408252,4.668293,4.7431355,5.0714784,2.9580095,3.6159694,3.734601,4.0043435,3.6768389,3.8475766,3.850731,3.0606627,3.6744053,3.9956582,3.709063,3.5753846,3.7733388,3.713656,4.4114895,3.773126,4.1734724,4.400217,2.7283103,3.3772123,2.4716377,2.637801,2.5276692,2.504533,2.8489883,2.8922806,3.089914,3.207958,3.0038517,3.2520573,2.8748698,2.9321394,3.3316085,3.3846822
28,3.1656349,3.4362624,3.1598976,2.9945836,3.8978183,2.2025034,3.3975997,3.0580199,3.5538003,3.7257235,3.0346997,3.0388753,3.1994872,3.294844,3.5380561,3.0132263,2.6395967,3.0076144,2.8641815,2.8796778,4.27209,3.9881327,3.9530685,3.8700886,2.8836684,3.1333408,2.7169561,4.502509,0.0,0.33146736,3.5790954,3.73079,3.2901504,3.0439203,3.3740704,3.4352095,3.5014122,3.831413,3.405925,3.306313,3.834781,3.370648,3.178932,3.4051485,4.32292,4.150805,3.9524891,3.622644,4.1164064,4.1188207,4.257128,4.0371785,4.0208316,4.4471354,3.7881308,3.8388662,3.1911623,3.4769611,3.5890467,3.2041197,3.6145363,3.67539,4.3475246,3.835137,3.830809,3.7752507,3.5089533,3.550396,4.472051,4.1103625,4.1276484,4.223199,3.8108823,3.842905,3.7016597,3.9559479,3.423767,3.3223855,3.9157703,3.8565414,3.109162,3.080591,3.0105453,3.4462168,3.5168438,3.5067532,4.2043066,3.4530535,3.753939,3.6217778,3.6538215,3.807003,3.4464524,3.9716663,3.365669,3.5352228,3.9702551,4.1476383,3.7339997,3.8704944,3.9259315,4.352287,3.9058628,4.0184546,3.8996403,3.7390027,3.8406835,3.706301,4.0178785,3.9019587,4.2212334,4.2162237,2.9343684,2.9643817,4.4686627,4.345786,3.814016,3.885103,3.0485024,3.0853696,3.0447474,2.976186,2.9188356,3.0099156,2.855809,2.7979343,2.8795025,2.9133937
29,3.0574307,3.3238564,3.0581114,2.9154553,3.7881186,2.154542,3.3030024,2.9589987,3.4334726,3.5672455,2.9412727,2.9465055,3.1092741,3.2050462,3.3612187,2.8679209,2.479581,2.8523066,2.7435863,2.743847,4.105878,3.863281,3.8139668,3.7327435,2.7710838,3.0020127,2.614821,4.4161997,0.33146736,0.0,3.3694966,3.525908,3.2314515,2.9953358,3.2854435,3.3558161,3.37434,3.6977856,3.2940273,3.1950765,3.8821874,3.3383071,3.1497462,3.3745255,4.2324486,4.0818276,3.811738,3.5502658,4.075649,4.077834,4.2205725,4.016131,4.0022845,4.489336,3.7607605,3.8169012,3.1523514,3.4739466,3.5793362,3.1607032,3.5836313,3.6318064,4.2939634,3.8051798,3.739748,3.7050297,3.423957,3.4700577,4.359543,3.9864266,4.052819,4.1102123,3.701875,3.7348323,3.612369,3.8765008,3.349631,3.227784,3.8242385,3.7822907,2.955342,2.9376314,2.8554025,3.3640804,3.380451,3.3689964,4.074179,3.3058066,3.674034,3.5384016,3.5816753,3.7343023,3.3443313,3.8629577,3.232308,3.4744694,3.9604774,4.077631,3.6682034,3.8344293,3.8713021,4.307674,3.8474703,3.946424,3.8491602,3.6805842,3.7877746,3.6487372,3.9783552,3.822514,4.1225452,4.058444,2.8343313,2.831207,4.405232,4.289444,3.7161407,3.7951944,2.8969967,2.9354315,2.9347079,2.834651,2.814329,2.9141636,2.7513013,2.708944,2.8377128,2.8568401
30,2.2049541,2.6073852,2.2815027,2.2435637,2.9893486,3.2451193,2.4631279,2.2112455,2.6127179,2.6129055,2.4388318,2.4403698,2.2962432,2.3480792,2.1180005,1.900831,2.549049,2.9308083,1.8572074,1.6952599,3.0812745,2.9340444,2.9550676,2.9426444,1.7750257,2.0994494,1.844696,2.9410794,3.5790954,3.3694966,0.0,0.53754175,2.709017,2.7688317,2.9256911,2.726854,2.7265418,2.9565375,2.6009893,2.5269911,3.9153116,2.8857753,2.8100235,3.0067916,3.5927732,3.5652018,2.8993688,2.8843303,3.4186296,3.425015,3.6315598,3.5406811,3.6026893,4.51356,3.369497,3.319666,2.7580206,3.4628992,3.23186,2.533357,3.6937256,3.2746646,4.3246045,3.9587128,3.0330856,3.096339,2.8325317,2.9011304,4.0827994,3.4558709,3.4743116,3.6255894,2.70958,2.727959,2.8046062,3.0115821,2.6966555,2.4276507,3.4921052,3.5388918,2.2803202,2.2635539,1.9832978,3.030425,2.8750825,2.846522,3.0718381,2.705967,3.0924804,3.0508442,3.1469014,3.435476,3.5230026,3.9712722,2.4678378,3.155912,3.7345462,3.606088,3.2932727,3.486973,3.4859154,3.8010187,3.3518672,3.623173,3.414536,3.226028,3.4118638,3.442681,4.006653,3.4529128,3.7490501,3.4518528,2.3038964,2.4006305,3.8148603,3.862089,2.7426476,2.8715913,2.1333354,2.152475,2.573743,2.5018766,2.34534,2.4978116,2.0684936,2.0653107,2.634116,2.6135778
