,0,1,2,3,4,5,6,7,8,9,10,11,12,13,14,15,16,17,18,19,20,21,22,23,24,25,26,27,28,29,30,31,32,33,34,35,36,37,38,39,40,41,42,43,44,45,46,47,48,49,50,51,52,53,54,55,56,57,58,59,60,61,62,63,64,65,66,67,68,69,70,71,72,73,74,75,76,77,78,79,80,81,82,83,84,85,86,87,88,89,90,91,92,93,94,95,96,97,98,99,100,101,102,103,104,105,106,107,108,109,110,111,112,113,114,115,116,117,118,119,120,121,122,123,124,125,126,127
0,0.0,0.4207846,1.3947488,1.2219994,1.4364012,1.761811,1.2158573,1.8690864,3.5558145,2.932123,1.5895485,1.8466048,1.7914709,1.6641861,1.8461124,2.0273318,2.2379267,2.6235275,1.8925601,1.8262401,1.8650203,1.2943892,1.2942649,2.1088717,1.2804612,2.264913,1.8084507,1.380969,1.523939,1.2199522,2.5176578,2.488548,2.7701032,2.656287,1.8723037,1.1984004,1.5860729,2.0229256,4.404083,0.6490555,1.785091,1.6795031,1.3943993,1.2156987,2.976418,3.1392999,3.1266425,3.0443494,1.7312679,1.8526655,1.254127,1.7154033,4.6657057,4.407738,4.5653663,4.4790745,2.3439646,1.9503624,1.9752437,1.938847,0.9125242,1.1318741,1.6574903,1.6412123,1.7356356,1.9909984,1.7407607,1.4460937,1.762319,1.787407,1.2568399,1.1853838,1.3858958,1.8248295,2.1186378,0.9998319,1.5545846,2.3186064,1.9361525,1.5196286,3.302402,3.3341248,3.3846066,3.355039,3.5002291,3.2792976,3.253957,3.44447,3.1738095,3.0881832,3.1113691,3.3610547,2.956148,2.9798608,3.2212646,3.2045367,3.7908745,2.3712018,1.6075929,1.6238774,1.4248984,1.4323753,1.9061794,1.8273059,2.5902283,2.937615,2.6816292,3.5828388,2.6231716,2.9686537,2.8225029,2.935965,2.1482172,3.6059847,3.625968,3.2906115,2.7165463,2.710373,2.1631064,2.0869296,1.9974498,2.157714,1.2290483,1.2220737,2.6042163,2.4883132,2.4460428,2.5642064
1,0.4207846,0.0,1.3385855,1.2234524,1.378875,1.6669635,1.3416057,1.9871124,3.7136276,3.029935,1.7002606,1.9664043,1.948084,1.8024753,1.9676409,2.0717816,2.139886,2.5228446,1.8809991,1.7910842,1.6992596,1.0649831,1.2396725,1.8810028,1.0405043,2.2378445,1.830574,1.2903146,1.418327,1.109969,2.5259335,2.4979746,2.8488348,2.7250426,1.8256277,1.1678038,1.7636074,2.0915198,4.263887,0.6441723,1.8406241,1.7472836,1.4305986,1.3022145,2.878295,3.0000675,2.986152,2.9332528,1.8036742,1.9309523,1.3236684,1.7931089,4.465163,4.2411656,4.3664484,4.2967043,2.2943392,1.9895614,2.0932267,2.0467303,0.9667315,1.231542,1.7141153,1.7040459,1.7982719,1.9985739,1.7971255,1.4935358,1.6415325,1.6599393,1.2488745,1.186394,1.2542099,1.7317728,2.145061,0.9586432,1.5228242,2.3656971,1.9460135,1.4036204,3.4665298,3.465823,3.495007,3.4672678,3.5785267,3.391442,3.370134,3.5238144,3.267185,3.182894,3.2274559,3.4358406,3.1848464,3.2404225,3.3484488,3.299698,3.7643275,2.3225691,1.5443124,1.5625329,1.4034241,1.412864,1.8321078,1.77657,2.488303,2.87674,2.6173794,3.422888,2.5021248,2.8719645,2.7262895,2.8318853,2.1453395,3.567925,3.6630633,3.3132596,2.64658,2.6030445,2.1257763,2.0562437,1.9299062,2.0292938,1.174056,1.154912,2.5048316,2.4404044,2.3888357,2.5231302
2,1.3947488,1.3385855,0.0,0.5079062,0.6128158,1.0075736,1.9462109,1.6704417,3.6748703,3.0015087,1.8676313,1.6515534,1.5380609,1.414043,1.6012661,1.6734954,2.302161,2.7226417,1.5750546,1.4915485,2.2045867,1.6815416,1.8585716,2.1908789,1.6850672,1.4572433,1.5030247,1.7693517,1.8632518,1.7656728,3.024151,3.0088973,2.9773805,2.8717358,2.737614,2.3013537,2.2084806,2.6198406,4.710471,1.1460606,1.472372,1.4119668,2.0058765,1.9360734,2.8231492,2.8648884,2.851009,2.781086,2.1864467,2.2802756,1.7239885,2.2694304,4.903734,4.721924,4.72074,4.671119,1.5239651,1.2445662,1.4702717,1.3493009,1.56268,1.8150045,1.1018933,1.1444591,2.1279933,2.4281998,2.0671952,1.6446348,1.7989732,1.8037508,1.5535072,1.521432,1.604802,2.240026,2.3483737,1.7927536,1.9653959,2.900507,2.2218444,1.755409,3.7433662,3.7353015,3.7700768,3.7452059,3.7359643,3.5986855,3.581363,3.794596,3.5954688,3.5268803,3.5238814,3.779435,3.4673302,3.4544687,3.7682674,3.573708,3.8084683,2.4500725,1.6627498,1.6820866,1.5440744,1.58701,1.9686681,1.8835566,2.736124,3.053555,2.853503,3.7470615,3.0711977,3.4290648,2.9913492,3.048887,2.0319529,3.529703,3.703789,3.45543,2.7942715,2.7498143,2.144445,2.1040213,2.180586,2.3441763,1.4508022,1.4591223,2.7493145,2.8034284,2.7068439,2.7728708
3,1.2219994,1.2234524,0.5079062,0.0,0.5601931,1.0729392,1.8578252,1.5634778,3.4897833,2.8011968,1.7321442,1.4742404,1.4865892,1.3587173,1.4659632,1.5384942,2.4028807,2.8605697,1.6203244,1.5281459,2.157898,1.5872041,1.8328232,2.2517307,1.5703104,1.3241314,1.3731911,1.714606,1.7967838,1.6833316,2.8499205,2.834451,2.9698071,2.850127,2.5379333,2.1881862,1.9402378,2.431861,4.60927,0.93310404,1.3353792,1.2663982,1.8196609,1.7340864,3.056365,3.0817559,3.072078,2.962076,1.9950911,2.0994825,1.5081422,2.0559995,4.874624,4.655552,4.7102637,4.6024065,1.479083,1.1357845,1.297188,1.1895665,1.3705895,1.6250685,0.8590563,0.8833234,2.0511928,2.3682458,2.0320394,1.7274325,1.780725,1.7991494,1.4973509,1.4696437,1.617084,2.0710714,2.2513344,1.5112693,1.9869522,2.7291784,2.1586897,1.7496166,3.6140425,3.5783725,3.640675,3.6113904,3.6117187,3.4561121,3.4384792,3.6526124,3.4789312,3.3156214,3.3914137,3.668619,3.2833483,3.2954106,3.6359189,3.4552045,3.7570305,2.4541032,1.8048489,1.8239223,1.6191078,1.6479318,1.9682347,1.890145,2.7037516,3.10141,2.7870703,3.7543232,3.1362495,3.4554114,3.0148592,3.0685608,1.9932294,3.4977062,3.547965,3.3505728,2.7155182,2.681936,2.086414,2.0653796,2.17288,2.423403,1.5293965,1.5468413,2.874201,2.9130805,2.8221571,2.9098318
4,1.4364012,1.378875,0.6128158,0.5601931,0.0,0.7573887,2.2178721,1.695804,3.5237925,2.920256,1.8383641,1.5846746,1.6409013,1.4751068,1.6536918,1.7203952,2.2946022,2.7813644,1.514796,1.4338452,2.0884113,1.575278,1.9226727,2.2801483,1.5534711,1.5074799,1.6253628,1.9088109,1.8754796,1.7954806,3.131072,3.1227915,2.8865018,2.7923121,2.6751792,2.317145,2.0435386,2.686972,4.794271,1.0742179,1.5072237,1.4783916,1.9590682,1.8926809,3.1215,3.14853,3.1244886,3.050466,2.3143675,2.3887374,1.704009,2.4005282,5.0329194,4.8275456,4.808869,4.7240233,1.2824535,1.0411325,1.4387631,1.3402292,1.6702548,2.0077775,1.1968836,1.2305455,2.2438583,2.4738972,2.1831431,1.886327,1.77297,1.7804734,1.6932325,1.6584576,1.5814711,2.1020243,2.3797128,1.7260464,2.1545608,2.810171,2.2297716,1.9011842,3.68554,3.5563223,3.6110835,3.5847108,3.6151745,3.45745,3.4364345,3.673905,3.4151087,3.2403345,3.4138012,3.69942,3.4729369,3.4488628,3.6814084,3.4965343,3.872873,2.6051621,1.8913476,1.911658,1.7424293,1.7682626,2.07418,1.9996969,2.867672,3.235877,2.9678395,3.9007027,3.2704191,3.6008327,3.1734786,3.1620142,2.13654,3.6441338,3.6650326,3.4970891,2.9032075,2.869888,2.262221,2.232203,2.3234923,2.571235,1.6296588,1.6454523,2.9218333,3.0251992,2.9259732,2.9089665
5,1.761811,1.6669635,1.0075736,1.0729392,0.7573887,0.0,2.3847544,1.8868859,3.5445948,2.8423867,1.9884349,1.8122908,1.7785066,1.6056385,1.7443403,1.6559212,2.5169964,2.9307761,1.6909971,1.5799112,2.1777203,1.4692913,1.9792492,2.2536814,1.5862788,1.8267255,1.8322629,2.1585333,2.0877528,2.0096898,3.1964273,3.1958227,3.0921097,2.9925106,2.8341012,2.511541,2.207066,2.9015386,4.621275,1.3329601,1.742672,1.7370849,2.0181773,1.967714,3.0029337,3.0357683,3.002012,2.9327617,2.5752065,2.6656876,1.9198197,2.7182748,4.8736343,4.6824055,4.5543323,4.4620423,1.3324171,1.3568531,1.7386574,1.6616186,1.9622735,2.376158,1.5021625,1.5076927,2.229756,2.4641988,2.0798497,1.7657944,1.5421866,1.547773,1.6433836,1.6181774,1.343057,2.010928,2.2338204,1.9403162,2.088304,2.7170467,2.50484,1.9165891,3.7478561,3.578252,3.5742238,3.5497103,3.5588026,3.3965948,3.3561952,3.6561768,3.3277032,3.2357242,3.3884113,3.6760173,3.5240822,3.5900717,3.6648872,3.4729433,3.7180154,2.3873434,1.7147348,1.7279418,1.5866827,1.6082348,1.9048795,1.8644207,2.6831691,3.101029,2.7640462,3.8236306,3.1566443,3.476859,3.0168936,2.9596264,2.118091,3.5889978,3.630842,3.40976,2.6973927,2.6553764,2.174736,2.1448553,2.0963707,2.3154683,1.5339985,1.5757667,2.7293453,2.9008436,2.802422,2.7755845
6,1.2158573,1.3416057,1.9462109,1.8578252,2.2178721,2.3847544,0.0,2.1860397,3.8439739,3.1331768,1.8536078,2.070526,1.8249927,1.7770048,1.8223038,1.9620104,2.9567928,3.2460663,2.5249796,2.3840268,2.217318,1.845347,1.8063176,2.3877347,1.9329364,2.6335778,2.188248,1.7545488,2.130143,1.8966476,2.742934,2.704403,3.4276333,3.2779205,1.952548,1.665161,2.2051878,2.2432313,4.377958,1.4658357,2.3118324,2.199557,1.6664585,1.5562239,3.0028467,3.1601748,3.1623116,3.054604,1.729899,1.8336519,1.5393003,1.6665521,4.5305905,4.337047,4.458114,4.394236,2.9165778,2.5713737,2.5132096,2.4174368,1.2747033,1.302269,2.0404162,2.023813,1.8222709,2.1168494,1.7977464,1.3240482,1.9311827,1.9665986,1.276693,1.2298166,1.7816557,2.3172023,1.9630437,1.6556445,1.6898259,2.7053452,2.5952592,1.9170648,3.5006359,3.6816235,3.7056863,3.6730437,3.7655108,3.6164122,3.5768933,3.798621,3.545533,3.6488295,3.4150984,3.592673,3.1066632,3.2090437,3.4747267,3.5658383,3.7479808,2.1356053,1.5739459,1.5830388,1.3961239,1.4085202,1.7678552,1.6872367,2.518746,2.9275656,2.6026459,3.6930594,2.5448837,2.9253693,2.8109186,3.0252388,2.1931646,3.54719,3.657834,3.289946,2.5760307,2.5346363,2.0942016,1.9695228,1.8987825,2.1657932,1.3767912,1.3851448,2.6338797,2.4529521,2.4408212,2.729509
7,1.8690864,1.9871124,1.6704417,1.5634778,1.695804,1.8868859,2.1860397,0.0,3.6680858,3.0060468,2.067744,1.6929655,1.824628,1.7194457,1.9149866,1.9584,2.7972124,3.1323404,2.0574722,2.0144053,2.5287561,2.0651689,2.1725037,2.691777,2.2517533,2.2339876,1.861936,2.1535625,2.2866411,2.1080093,3.1530945,3.1381354,3.3965013,3.3281417,2.9045784,2.5107896,2.6110804,2.799718,5.149096,1.5808176,2.1587615,2.099344,2.158093,2.0744033,3.442619,3.6421692,3.613467,3.408106,2.0562859,2.157704,1.7386105,2.3412957,5.503107,5.3445845,4.837905,4.8577466,1.8033272,1.4917018,1.7769209,1.723267,1.6122991,1.9068891,1.7864646,1.7935668,2.2967286,2.64374,2.334592,2.1020539,2.184011,2.1834488,1.9255155,1.8900111,2.1576116,2.436827,1.7536899,2.1228764,2.4068995,2.9767761,2.4867945,2.257253,3.8950717,3.8720562,4.0327516,3.994236,4.0165195,3.863998,3.838949,4.5424857,3.8465054,3.6549814,3.824287,4.088013,3.5086532,3.504848,3.949914,3.8345451,4.095699,2.7325125,2.3733716,2.3867283,2.1819088,2.2507503,2.5321822,2.4629226,2.874668,3.3131406,2.6625988,4.7874594,3.2813382,3.6117277,3.2623334,3.2682226,2.492433,3.8250299,3.8976727,3.644168,3.132067,3.0734677,2.5345345,2.4871092,2.70254,2.877389,2.1049979,2.155628,3.195618,3.1865883,3.1375854,3.1699784
8,3.5558145,3.7136276,3.6748703,3.4897833,3.5237925,3.5445948,3.8439739,3.6680858,0.0,1.4925634,3.3136125,3.0650494,3.1098487,3.1962156,3.1603942,3.184342,4.263154,4.2945943,3.418388,3.366541,3.7285624,3.6483598,3.4696565,3.7128673,3.5051084,3.4062116,3.3731017,3.5660686,3.5719867,3.7327096,4.1725326,4.204881,4.3509164,4.2697964,4.1676836,4.083403,2.6325562,4.258193,5.5518756,3.3824914,3.6257255,3.6094441,2.882531,2.857105,4.9477997,5.078751,5.0856757,4.972596,3.727667,3.7059426,3.723411,3.6680279,6.317592,5.6752024,6.0045695,5.2031126,3.2747269,3.287951,3.2323008,3.0229568,3.5226462,3.6667674,3.3080611,3.3069587,3.8255901,4.1583605,3.8801603,3.7506094,3.5963278,3.6118941,3.5220363,3.525842,3.679761,3.880282,3.7489007,3.5350647,3.5054233,3.0191858,4.298397,4.113596,2.6866922,2.7954392,2.535799,2.514446,2.1216426,2.0218213,1.9928223,2.7157764,2.2133968,1.9115024,2.105808,2.4544828,1.9697552,2.097435,2.2918277,2.724584,4.9295025,4.0530777,3.7588615,3.7643378,3.5632846,3.5923567,3.7800386,3.759088,4.2079787,4.366967,4.121097,5.1765337,4.5595865,4.7920537,4.4606786,4.4624763,3.788732,5.416849,5.113404,4.5874333,4.183029,4.185847,3.9427042,3.7692833,3.6858733,3.8295739,3.6652772,3.7145844,3.746266,3.789555,3.774516,3.8242517
9,2.932123,3.029935,3.0015087,2.8011968,2.920256,2.8423867,3.1331768,3.0060468,1.4925634,0.0,2.613179,2.3974166,2.4642856,2.554796,2.4580362,2.2830083,3.8993745,3.9407952,2.9336061,2.834466,3.2584496,2.8057244,2.7955737,3.0085359,2.7955878,2.8111253,2.616716,2.8609707,3.144906,3.1847694,3.441179,3.4709728,3.9771297,3.8484697,3.514976,3.358144,2.2043982,3.4091463,4.4949665,2.6350064,2.8391979,2.8153207,2.339001,2.300299,4.4544754,4.5533147,4.5611806,4.4478106,2.983198,2.9848664,3.0234675,2.9554343,5.1834135,4.6462846,4.8188453,4.111122,2.6333163,2.68721,2.4560454,2.300278,2.740256,2.921528,2.5891068,2.5881813,3.1692364,3.5816567,3.1998494,3.0435593,2.8728275,2.8834856,2.766153,2.7802947,2.9427276,3.1096895,3.0334425,2.7817936,2.7509704,2.5512733,3.9543836,3.47838,3.053876,3.1555235,2.990479,2.9629056,2.5844147,2.4568393,2.4108849,3.0558865,2.6619256,2.379665,2.5334988,2.828647,2.1929862,2.615344,2.7292426,3.066883,4.41418,3.3279214,3.090562,3.0949976,2.8635361,2.9237154,3.1246064,3.1629581,3.221503,3.4433203,3.0819306,4.321907,3.5881422,3.8716967,3.4689748,3.4723704,3.2177005,4.7635713,4.644844,4.0559297,3.26475,3.2235096,3.2123632,3.0609121,2.6500287,2.8267899,2.9680479,3.0311098,3.0988991,3.1489367,3.1393704,3.3461273
10,1.5895485,1.7002606,1.8676313,1.7321442,1.8383641,1.9884349,1.8536078,2.067744,3.3136125,2.613179,0.0,1.1845484,1.3705993,1.2689135,1.6230786,1.5766683,2.9322693,3.2801588,2.041714,1.9083905,2.1845393,1.7965077,2.0261443,2.406065,1.8039799,2.3754919,1.8799406,1.8858621,2.4228091,2.2124188,3.3284066,3.3172295,2.251945,2.1069472,2.4540832,2.1317668,2.204483,2.7229114,4.800659,1.3868697,1.7349252,1.7041446,1.7415508,1.6703514,3.8200924,4.048223,4.0245337,3.942935,2.132474,2.0776136,1.6569483,2.0343275,4.888877,4.7074814,4.6352262,4.5418963,2.09292,1.8319527,1.7213339,1.5874274,1.5201668,1.7717141,1.6889364,1.6893599,2.0989084,2.4474776,2.1000679,1.8368915,1.8708004,1.8905967,1.6186713,1.5572822,1.8989773,2.2186606,2.2042074,1.7146422,2.1037323,2.673217,2.8905692,2.5568414,3.5805156,3.566006,3.7137077,3.681901,3.6854663,3.5434413,3.4948385,3.8155596,3.4423158,3.3057249,3.441722,3.6616268,3.2213168,3.2485404,3.5781016,3.8153665,4.0384364,2.695368,2.1362946,2.1515288,1.9046308,1.9221765,2.331515,2.2465348,2.8406053,3.1269972,2.8408477,4.0696325,2.9881136,3.3420064,3.1481113,3.1699858,2.4188914,3.8221653,3.8053691,3.5333157,2.945859,2.906334,2.4423664,2.301747,2.048082,2.6182554,1.7812097,1.8451884,2.9053695,2.9383948,2.889817,2.9387918
11,1.8466048,1.9664043,1.6515534,1.4742404,1.5846746,1.8122908,2.070526,1.6929655,3.0650494,2.3974166,1.1845484,0.0,0.7535302,0.7094235,1.0645466,1.1917486,3.005564,3.3716269,1.9063154,1.705968,2.2897186,2.0469258,2.2741306,2.5607197,2.0502763,1.794966,1.6927136,2.0002375,2.5945132,2.4593446,3.627121,3.6206193,3.0638576,2.9684641,2.800174,2.5496395,2.222171,2.8628597,4.9764886,1.5011588,1.7823923,1.7440693,1.99532,1.9395698,3.996548,4.110733,4.083608,3.96091,2.2786584,2.1925528,1.811098,2.2392938,5.215143,5.036346,4.8778744,4.7637696,1.6366297,1.3842193,1.4206657,1.1547686,1.777533,2.060663,1.4357266,1.4473166,2.3312318,2.6732652,2.3081121,2.0793722,1.9723387,1.9914836,1.8343779,1.7950907,2.0935824,2.3895419,2.3172464,1.9865935,2.3825758,2.8544023,3.043193,2.8062074,3.7044458,3.6504538,3.7855868,3.7494915,3.7358696,3.6180508,3.5654595,3.9453192,3.568233,3.3552303,3.566356,3.843461,3.2968373,3.280516,3.7441375,3.9177427,4.0527163,2.7401123,2.3413537,2.3595748,2.1003513,2.1251628,2.4991083,2.4097567,2.8509955,3.122002,2.8568175,4.2414713,3.298862,3.6253831,3.21214,3.176075,2.4263906,3.8343089,3.8356397,3.6108296,3.1256006,3.0620017,2.5269365,2.412835,2.3067193,2.9070513,2.028452,2.085809,3.1028655,3.1724045,3.1140969,3.1113353
12,1.7914709,1.948084,1.5380609,1.4865892,1.6409013,1.7785066,1.8249927,1.824628,3.1098487,2.4642856,1.3705993,0.7535302,0.0,0.29610512,0.70675886,1.0756052,3.1288078,3.439253,1.9514512,1.7645396,2.4715216,2.142667,2.1927567,2.6110327,2.227482,1.9764248,1.7927871,2.0665524,2.6961124,2.557442,3.634259,3.6245801,3.1513252,3.047209,2.781104,2.5761282,2.2060096,2.8427918,4.9546566,1.5583564,1.9036148,1.8412391,2.1094098,2.0105836,3.7540581,3.8750384,3.8564677,3.7539778,2.343552,2.2662737,1.9430931,2.3019152,5.191408,5.0057797,4.9507933,4.859533,1.9695103,1.6424279,1.5649143,1.3108667,1.8635638,2.1177657,1.5564052,1.5649774,2.2367485,2.5994294,2.132262,1.7664373,2.0000613,2.0166247,1.7170882,1.6824452,2.0097146,2.5281792,2.286587,2.1590517,2.2027884,2.8893442,3.0826576,2.7295704,3.6181335,3.6559842,3.687407,3.656913,3.685197,3.5270252,3.4619195,3.7938902,3.5057786,3.4672678,3.46541,3.7764452,3.179048,3.1551733,3.6702044,3.8472703,3.9161677,2.4885454,2.0006883,2.0138998,1.803681,1.8551755,2.221276,2.1184416,2.801237,3.046043,2.8800101,4.1197495,3.2390368,3.570602,3.1516058,3.165917,2.204748,3.6946602,3.7672288,3.4632483,2.950677,2.9269803,2.3336527,2.1923966,2.0980945,2.6664736,1.789484,1.8407567,2.9135008,2.9215872,2.8634124,2.8816059
13,1.6641861,1.8024753,1.414043,1.3587173,1.4751068,1.6056385,1.7770048,1.7194457,3.1962156,2.554796,1.2689135,0.7094235,0.29610512,0.0,0.7438448,1.0675877,3.012922,3.3404524,1.81108,1.6129419,2.3117578,1.981605,2.0902247,2.5152245,2.074139,1.9206432,1.7362059,2.0115232,2.5761073,2.4141712,3.5860815,3.5749652,3.0515664,2.9461083,2.672122,2.4705753,2.1873703,2.7731922,4.910349,1.4118427,1.8084258,1.7502182,2.0209544,1.9272659,3.6670516,3.7834985,3.759487,3.6518447,2.3114312,2.2517245,1.840481,2.2919815,5.137891,4.974114,4.8819413,4.8164525,1.8605051,1.5225489,1.5572566,1.3151896,1.7894205,2.0792637,1.4749361,1.4703622,2.111148,2.3984168,1.9917578,1.6538168,1.8346775,1.8527884,1.583896,1.5413278,1.8439963,2.3547888,2.153807,2.0210395,2.1093726,2.7930067,2.927902,2.574149,3.6121852,3.6180384,3.6548853,3.6235044,3.703193,3.546486,3.4821792,3.808048,3.4976978,3.441632,3.48275,3.789141,3.250578,3.2192938,3.6831813,3.824383,3.8155344,2.3858504,1.8932406,1.9077861,1.7007793,1.745466,2.108355,1.9962302,2.7296047,3.0207253,2.816134,4.090563,3.2082264,3.5223877,3.1137428,3.1118512,2.146104,3.5979393,3.6864924,3.3918955,2.9291818,2.8946788,2.2804472,2.1574092,2.0635235,2.6103606,1.6507983,1.7060373,2.8398714,2.8688314,2.800328,2.7971091
14,1.8461124,1.9676409,1.6012661,1.4659632,1.6536918,1.7443403,1.8223038,1.9149866,3.1603942,2.4580362,1.6230786,1.0645466,0.70675886,0.7438448,0.0,0.80191696,3.410666,3.7268116,2.059814,1.8605573,2.4470124,2.146827,2.2424767,2.7240667,2.2610168,2.0029314,1.9639376,2.2482548,2.7557533,2.635425,3.539873,3.5308194,3.3796642,3.2333615,2.4527245,2.6444888,2.2062838,2.8197403,4.747856,1.5421902,2.0417786,1.9920659,2.1271238,2.0314353,3.8132734,3.8572583,3.850779,3.7351615,2.3966665,2.3496046,1.9426152,2.355768,4.988188,4.8028245,4.77949,4.67112,2.0252194,1.699491,1.7295384,1.4610661,1.8702285,2.152815,1.5714507,1.5783925,2.299325,2.6898713,2.1938188,1.8534185,2.0460484,2.0674124,1.7807401,1.752737,2.004134,2.4910262,2.088483,2.1598606,2.2543516,2.9113204,3.1911123,2.6790938,3.764342,3.7777977,3.7195523,3.688469,3.686541,3.5190897,3.4547875,3.7740643,3.5230248,3.4737048,3.4731152,3.8041272,3.2851875,3.3460047,3.727842,3.8567684,3.7647054,2.2947974,1.9666795,1.9801483,1.7706629,1.8484492,1.8662652,1.8041533,2.7520921,3.2467465,2.8563063,4.142327,3.4185789,3.7290468,3.2659712,3.296211,1.9015679,3.4904199,3.5035174,3.21765,2.5284314,2.5166745,1.9386809,1.8274808,2.1014063,2.6592202,1.842255,1.8850498,2.9743135,2.9965584,2.9204972,3.0157163
15,2.0273318,2.0717816,1.6734954,1.5384942,1.7203952,1.6559212,1.9620104,1.9584,3.184342,2.2830083,1.5766683,1.1917486,1.0756052,1.0675877,0.80191696,0.0,3.51479,3.875198,2.3517506,2.1337566,2.4733615,1.973957,2.4286025,2.6569245,2.1826577,2.012837,1.9242442,2.307934,2.7696507,2.6843438,3.3904345,3.389266,3.3617957,3.191274,2.5495105,2.7161286,2.3042626,2.7491398,4.5325966,1.6060752,1.9570496,1.9314133,2.0644233,2.0184784,3.7523673,3.78401,3.7824137,3.674666,2.1400597,2.0984828,1.8396276,2.153955,4.747439,4.56807,4.4601064,4.2752676,1.850502,1.7104243,1.6223258,1.4345185,1.8582026,2.1605427,1.5355508,1.5521904,2.3335814,2.6403158,2.244054,1.8902223,1.8161194,1.8322911,1.6275915,1.6509385,1.9653689,2.4296324,1.9274327,2.1545281,2.3539443,2.9781137,3.354737,2.6543226,3.6583474,3.6310103,3.638432,3.6066124,3.549709,3.4373007,3.3752143,3.798349,3.5119774,3.4520383,3.4508479,3.7249336,3.3247626,3.515772,3.725248,3.851844,3.724742,2.2774692,1.9763906,1.9867376,1.7581334,1.8422868,1.8220959,1.8295668,2.5777774,3.1246014,2.6107678,4.0795746,3.2433372,3.57887,3.0985022,3.123443,2.1026056,3.6062274,3.5275948,3.3419874,2.4168265,2.3469174,2.0400205,1.926875,1.7801859,2.4954605,1.8478968,1.90993,3.0410855,3.1294618,3.05495,3.2422006
16,2.2379267,2.139886,2.302161,2.4028807,2.2946022,2.5169964,2.9567928,2.7972124,4.263154,3.8993745,2.9322693,3.005564,3.1288078,3.012922,3.410666,3.51479,0.0,1.0419396,2.3975115,2.456979,2.390298,2.3205843,2.3160837,2.4411035,1.9267169,2.7918887,2.7773216,2.2483313,1.5410371,1.5919354,3.3672502,3.3522587,3.4353411,3.4897552,3.7287674,2.3765268,2.7724736,3.43994,5.168994,2.2995033,2.682998,2.645126,2.345172,2.3812938,2.6686847,2.9292018,2.8566144,2.8378842,3.1201117,3.2549376,2.5242238,3.2239976,5.4586363,5.188196,5.131063,5.0028725,2.630411,2.6554823,3.0028796,2.9731736,2.414853,2.5661223,2.6909769,2.6786723,2.671623,3.0487282,2.737101,2.55272,2.4781651,2.4782345,2.5325181,2.4466236,2.2344184,2.607465,3.447793,2.2933233,2.4572275,2.956397,1.9750339,2.183586,4.0098534,3.9341285,4.153604,4.1308246,3.9890742,3.9333751,3.9610324,4.09087,3.6136947,3.5255198,3.691706,3.7551284,3.7236502,3.573569,3.6387093,3.3892841,4.5002637,3.4741695,2.6418579,2.6609514,2.5632205,2.4757993,3.3645692,3.2643063,3.3597019,3.1639414,3.3892343,3.8540134,2.877749,3.1907034,3.1121793,3.129556,3.2957222,4.4420657,4.600234,4.2624,3.965168,3.9092803,3.405395,3.3559256,3.214174,3.0339603,2.3539798,2.3338442,2.911914,2.9897418,2.9814355,2.823685
17,2.6235275,2.5228446,2.7226417,2.8605697,2.7813644,2.9307761,3.2460663,3.1323404,4.2945943,3.9407952,3.2801588,3.3716269,3.439253,3.3404524,3.7268116,3.875198,1.0419396,0.0,2.339772,2.4552329,2.7456162,2.6907942,2.2289526,2.3783293,2.3053632,3.0889192,3.0096407,2.4535258,1.9064882,1.8769495,3.5831666,3.5685215,3.8150318,3.8508933,4.013913,2.7033842,3.1385298,3.7590854,5.1365676,2.7030406,3.0585463,3.0095587,2.6518254,2.680898,2.8516607,3.1184633,3.0487635,3.0278928,3.6132693,3.7633579,3.1588156,3.7001224,5.469314,5.1956377,5.100674,4.9761653,3.0072172,3.0352197,3.407878,3.318331,2.7949152,2.9170778,3.0604167,3.0436664,2.9590056,3.3173146,3.0110133,2.8381963,2.8975456,2.8904274,2.928608,2.8269799,2.5987718,2.944047,3.698834,2.661539,2.3339376,2.865459,2.2501771,2.4828577,4.268801,4.3296385,4.3824105,4.3622885,4.2001133,4.1492968,4.179225,4.30653,3.8101385,3.7411485,3.8753495,3.922794,3.8304002,3.6716452,3.776419,3.53033,4.694246,3.646789,2.8986437,2.9153795,2.861544,2.8108947,3.6361673,3.5362775,3.5200572,3.25883,3.5388322,3.9380724,2.9950502,3.299914,3.2481334,3.27062,3.549223,4.66119,5.1281867,4.455713,4.19386,4.1179175,3.6691523,3.6065428,3.5048854,2.9608943,2.681408,2.6720073,2.475273,2.5257862,2.5361273,2.3198125
18,1.8925601,1.8809991,1.5750546,1.6203244,1.514796,1.6909971,2.5249796,2.0574722,3.418388,2.9336061,2.041714,1.9063154,1.9514512,1.81108,2.059814,2.3517506,2.3975115,2.339772,0.0,0.3788062,2.2723439,2.1433632,1.5269177,2.107971,1.9159541,1.8447225,1.850059,2.0405471,2.1182475,1.9107933,3.4985642,3.486665,3.1079898,3.016148,3.0163946,2.6404407,2.5535495,3.2579606,4.931758,1.7011082,1.9709713,1.9333246,2.1724756,2.1100051,3.4513173,3.556944,3.5180197,3.41122,3.1376486,3.2300305,2.583252,3.1651325,5.1621637,4.9721956,4.8532605,4.8372974,1.7868966,1.5587384,2.1404335,1.8540204,2.1386554,2.4139915,1.703882,1.7142394,2.502575,2.7970388,2.4482274,2.2093499,2.3501737,2.358418,2.2910116,2.1775248,2.0582187,2.4690745,2.6561549,2.1227458,1.8108263,2.5137897,2.326649,2.2872007,4.080247,4.1233935,3.9906611,3.9635782,3.9694326,3.819381,3.7997255,4.012369,3.6443815,3.4413054,3.6789627,3.958402,3.5721385,3.4399104,3.8440924,3.6871397,4.1671476,2.8589478,2.2913647,2.3126397,2.1772392,2.210457,2.5340233,2.4052892,3.1661263,3.4451215,3.2319455,4.1620283,3.5175006,3.847643,3.4721587,3.4428835,2.4035714,3.8567362,4.3640904,3.675578,3.2903666,3.2292523,2.5769331,2.5234878,2.9137504,2.6476765,2.0836692,2.1220329,2.2604167,2.3513865,2.2401261,2.0498252
19,1.8262401,1.7910842,1.4915485,1.5281459,1.4338452,1.5799112,2.3840268,2.0144053,3.366541,2.834466,1.9083905,1.705968,1.7645396,1.6129419,1.8605573,2.1337566,2.456979,2.4552329,0.3788062,0.0,2.057442,2.0068996,1.5172808,1.9673264,1.7793188,1.7196301,1.7027967,1.8919396,2.112833,1.9021688,3.468328,3.457749,3.1464121,3.0461416,2.896994,2.589813,2.5190358,3.2107453,4.795996,1.5925704,1.9241341,1.8865118,2.0655966,2.0054553,3.4715822,3.5620544,3.5232882,3.417839,3.0309606,3.1055768,2.474061,3.041727,5.012895,4.835631,4.7067046,4.68755,1.7167667,1.5145243,2.106574,1.786849,2.067313,2.3652632,1.5961437,1.6008223,2.4059298,2.6763854,2.3433447,2.109352,2.1710708,2.1843657,2.1392646,2.0339806,1.9310576,2.3399477,2.5313983,2.0303185,1.7694197,2.4708238,2.4396715,2.2736762,4.043256,4.069823,3.938576,3.9103587,3.935544,3.7952137,3.7656415,3.9687905,3.620899,3.4246714,3.6638613,3.9418683,3.5525117,3.4622178,3.823841,3.7043893,4.0505266,2.7006426,2.1838577,2.205161,2.0680795,2.08765,2.404288,2.281513,2.975884,3.29193,3.0666802,4.0298405,3.3957908,3.7236533,3.3255894,3.2875884,2.3196013,3.7560225,4.247542,3.5870228,3.1735556,3.0860581,2.468269,2.4111893,2.7544832,2.5746183,1.9638214,2.0033882,2.240117,2.3474596,2.2337437,2.0921078
20,1.8650203,1.6992596,2.2045867,2.157898,2.0884113,2.1777203,2.217318,2.5287561,3.7285624,3.2584496,2.1845393,2.2897186,2.4715216,2.3117578,2.4470124,2.4733615,2.390298,2.7456162,2.2723439,2.057442,0.0,1.7469884,2.120076,2.2168505,1.3620373,2.672604,2.5781412,2.0128055,1.7970883,1.7414973,3.0717432,3.0695093,3.2230494,3.154612,2.303841,2.0200212,2.4913273,3.0401745,4.282232,1.6700044,2.5185814,2.5153322,1.5617816,1.6193227,3.2348394,3.3823745,3.3391562,3.2840211,2.6427166,2.6968327,1.9032484,2.660529,4.446464,4.214042,4.04477,3.9152656,2.3875148,2.30886,2.8672585,2.671266,1.9040873,2.2216237,2.3263862,2.3106782,2.2547336,2.4597588,2.296612,2.1099548,1.7779255,1.8051504,1.9123813,1.8350241,1.646186,1.9586667,2.2892573,1.8537921,2.161248,2.5769649,2.8770945,2.14667,3.7771127,3.6511986,3.6737378,3.6434996,3.6837854,3.6233678,3.6041594,3.8764682,3.262959,3.164652,3.4257417,3.569436,3.567274,3.713356,3.402434,3.427812,3.8823805,2.5703046,2.0745835,2.099137,1.966787,1.8843752,2.2466214,2.2475169,2.5462642,2.9945312,2.661058,3.8067327,2.7202322,3.0578578,2.902197,2.9008412,2.6288767,3.9034963,3.8573837,3.5433369,2.9039304,2.7457402,2.4652908,2.4226916,2.5539875,2.7323866,1.8451188,1.8294903,2.677301,2.7924244,2.7289605,2.8679492
21,1.2943892,1.0649831,1.6815416,1.5872041,1.575278,1.4692913,1.845347,2.0651689,3.6483598,2.8057244,1.7965077,2.0469258,2.142667,1.981605,2.146827,1.973957,2.3205843,2.6907942,2.1433632,2.0068996,1.7469884,0.0,1.4288225,1.5846101,0.76010203,2.4282105,1.9697664,1.5168214,1.6426406,1.4471959,2.7653873,2.753731,3.168073,3.044791,2.1143372,1.5619128,1.9983816,2.485858,4.177323,1.0190604,2.171907,2.1164198,1.420138,1.3894945,3.0250719,3.138775,3.1101766,3.057691,1.9566517,2.0609665,1.4670835,2.0495408,4.4250617,4.2295628,4.0710893,3.9065228,2.1054773,2.1368349,2.2784827,2.2548811,1.3522528,1.791439,2.022023,1.9943371,1.8860737,2.079475,1.8450996,1.6370806,1.0952204,1.0964392,1.1640664,1.1569799,0.9632704,1.4344592,1.9105113,1.1511791,1.6789904,2.2295117,2.2792873,1.6443027,3.5429971,3.3931549,3.4554827,3.425873,3.415451,3.280279,3.2410433,3.5738525,3.1283808,3.028288,3.1914914,3.336203,3.321182,3.468251,3.3290637,3.3341644,3.6475253,2.1842015,1.6133654,1.6229875,1.4729075,1.4874882,1.8456811,1.8420331,2.2120435,2.707708,2.247475,3.471687,2.3027966,2.6625583,2.5092995,2.5107079,2.2322228,3.5904548,3.64468,3.3132057,2.5207505,2.4200132,2.171333,2.0676045,1.5923651,1.8078178,1.2600008,1.2968218,2.4307232,2.539482,2.5046842,2.5696387
22,1.2942649,1.2396725,1.8585716,1.8328232,1.9226727,1.9792492,1.8063176,2.1725037,3.4696565,2.7955737,2.0261443,2.2741306,2.1927567,2.0902247,2.2424767,2.4286025,2.3160837,2.2289526,1.5269177,1.5172808,2.120076,1.4288225,0.0,1.4126331,1.3932008,2.4941292,1.8830982,1.3294319,1.648007,1.3183339,2.7915657,2.7681282,3.2923481,3.1680453,2.3118172,1.7849729,2.1679227,2.8280122,4.3989,1.3640133,2.3837206,2.2874165,1.6328124,1.4962487,3.0704777,3.2651348,3.2451556,3.1636198,2.5321884,2.669992,2.1953602,2.5365648,4.698987,4.44339,4.4284086,4.32381,2.5194724,2.3519254,2.5416808,2.383704,1.5568706,1.8218819,2.1400173,2.116946,2.0443866,2.440945,2.0320797,1.7846599,1.990375,1.9984204,1.7484618,1.6593759,1.5808825,2.0192862,2.2325306,1.5092165,1.0711603,1.9371672,1.9981586,1.7265005,3.710472,3.8102176,3.652622,3.626301,3.6026726,3.3999043,3.3689132,3.6113455,3.2231352,3.154941,3.2092466,3.4147222,3.076195,3.0717556,3.291992,3.2404115,3.9011679,2.3726857,1.8094794,1.8181666,1.7264005,1.7707901,2.1129048,2.020125,2.6156273,2.9932072,2.6639943,3.6493247,2.6433628,3.0006669,2.8741155,2.94932,2.1507337,3.6596324,4.1179314,3.3269978,2.73769,2.686505,2.211496,2.081393,2.2612286,1.7832527,1.5741072,1.6006591,1.81658,1.7165676,1.6917701,1.6716918
23,2.1088717,1.8810028,2.1908789,2.2517307,2.2801483,2.2536814,2.3877347,2.691777,3.7128673,3.0085359,2.406065,2.5607197,2.6110327,2.5152245,2.7240667,2.6569245,2.4411035,2.3783293,2.107971,1.9673264,2.2168505,1.5846101,1.4126331,0.0,1.4943434,2.4690638,1.9189215,1.2721636,1.8712811,1.768912,3.2896101,3.2754712,3.8035963,3.6765106,2.9700787,2.523627,2.8840406,3.5508077,4.6132603,2.023108,2.8720472,2.7982914,2.0149434,2.0219014,3.2848465,3.414239,3.3949053,3.3613365,2.767348,2.8542876,2.6349788,2.7249207,4.832087,4.6163287,4.5067253,4.254475,2.5928428,2.7652855,2.985904,2.7701468,2.1344228,2.3772318,2.4837682,2.4616625,2.4982276,2.7984645,2.5432825,2.3527763,1.9378442,1.9341391,2.0218523,2.0107899,1.9844512,2.328112,2.6609743,1.9850229,1.811182,2.4217303,2.4379363,2.2059374,4.0025673,4.03259,3.9344645,3.9102929,3.7055995,3.6692612,3.6414974,3.8246531,3.5302308,3.463831,3.5222588,3.5603478,3.5561833,3.5510693,3.6132514,3.563075,3.9941487,2.6071484,2.2364824,2.2418876,2.2247736,2.2247858,2.5331101,2.443415,2.661886,3.0158525,2.7512975,3.5784016,2.708116,3.0408094,2.8967288,2.942852,2.5140092,3.8239646,4.377775,3.6752276,3.106284,2.9296246,2.6407862,2.4720538,2.4295297,2.062148,2.020419,2.0477889,2.1007998,2.2501726,2.2214518,2.1861763
24,1.2804612,1.0405043,1.6850672,1.5703104,1.5534711,1.5862788,1.9329364,2.2517533,3.5051084,2.7955878,1.8039799,2.0502763,2.227482,2.074139,2.2610168,2.1826577,1.9267169,2.3053632,1.9159541,1.7793188,1.3620373,0.76010203,1.3932008,1.4943434,0.0,2.1864672,1.9149288,1.3800431,1.222356,1.080367,2.6375945,2.6282494,3.061693,2.955638,2.2814338,1.589147,1.9040065,2.6468284,4.1402473,1.0789499,2.0101676,1.9683686,1.1283914,1.1475639,2.9396858,3.058536,3.0239308,2.9712253,2.1956236,2.3202193,1.5626786,2.2156422,4.3721085,4.1018543,4.1058536,3.8808732,2.0186458,2.0562708,2.331064,2.234501,1.3896722,1.7532264,1.8427267,1.8229699,1.9491682,2.2586687,1.9715942,1.7669255,1.2976519,1.3263736,1.3963382,1.3346916,1.1035447,1.5100541,2.243781,1.0445377,1.6117964,2.1085799,2.1548858,1.5851308,3.5073328,3.3813155,3.4438252,3.41356,3.335221,3.2315888,3.2123892,3.3971345,3.001935,2.8392591,3.0711956,3.2039576,3.1787915,3.3001063,3.154123,3.097281,3.7825427,2.419379,1.7687626,1.786877,1.5907959,1.5259522,2.0593915,2.0263047,2.388709,2.7632456,2.4505475,3.3060284,2.381573,2.7604074,2.5870006,2.6032386,2.32529,3.7348208,3.7867532,3.4196,2.6788442,2.5682566,2.2637699,2.182519,1.9674284,2.0463822,1.4070383,1.4264038,2.3361516,2.4613574,2.4199302,2.4907782
25,2.264913,2.2378445,1.4572433,1.3241314,1.5074799,1.8267255,2.6335778,2.2339876,3.4062116,2.8111253,2.3754919,1.794966,1.9764248,1.9206432,2.0029314,2.012837,2.7918887,3.0889192,1.8447225,1.7196301,2.672604,2.4282105,2.4941292,2.4690638,2.1864672,0.0,1.475076,2.19131,2.28431,2.2985044,3.3871932,3.3794732,3.728856,3.6103554,3.4550161,3.1488473,2.6039803,3.2307642,4.8820944,2.0119271,1.7540011,1.7188405,2.3482563,2.3532186,3.5663018,3.4742281,3.4658692,3.3173385,2.763046,2.8575044,2.476999,2.754069,5.1970906,4.94781,5.0699883,4.820336,1.5466497,1.539053,1.80246,1.5246189,2.2793086,2.4036808,1.0402285,1.0708948,2.7445064,3.0367384,2.7717843,2.5729327,2.4029815,2.4316843,2.3183732,2.2984016,2.4861772,2.7498934,3.0056117,2.2352054,2.536817,3.072613,2.6823478,2.5103176,3.9603288,3.9765506,4.0123343,3.980557,3.8344526,3.8009627,3.7983103,3.8786724,3.879692,3.606029,3.7433918,3.9704056,3.5422308,3.5086548,3.9839966,3.7192369,4.101915,3.0458882,2.6458647,2.6650386,2.4624076,2.4463153,2.7615032,2.6611516,3.1922576,3.476654,3.2598717,3.9422848,3.764084,4.042577,3.4603639,3.4891849,2.600886,3.9122639,4.1442194,3.8539422,3.3762865,3.271526,2.7688496,2.7567918,2.914732,3.0253904,2.4302497,2.4632165,3.1432543,3.2732637,3.1718752,3.246597
26,1.8084507,1.830574,1.5030247,1.3731911,1.6253628,1.8322629,2.188248,1.861936,3.3731017,2.616716,1.8799406,1.6927136,1.7927871,1.7362059,1.9639376,1.9242442,2.7773216,3.0096407,1.850059,1.7027967,2.5781412,1.9697664,1.8830982,1.9189215,1.9149288,1.475076,0.0,1.3324295,2.1587899,1.9631379,2.8708823,2.8578637,3.2821732,3.160186,3.125256,2.7242591,2.5220442,3.070196,4.748803,1.6656563,1.8225675,1.7282082,2.1103895,1.9747684,3.5961313,3.7355313,3.728403,3.5873327,2.2745132,2.371024,2.2350807,2.2552426,5.06869,4.812275,4.8391404,4.6915097,1.9987559,1.8476286,1.7655649,1.5576391,1.8485698,1.9818048,1.2819777,1.2760183,2.3890762,2.752005,2.4528575,2.3024402,2.250975,2.2808247,1.9520248,1.9598962,2.2631767,2.4378796,2.601992,1.8802812,2.1870399,2.7121356,2.467289,2.2669988,3.8099258,3.8753922,3.9150677,3.8843544,3.8604846,3.6946688,3.657384,3.8892987,3.7979121,3.5472574,3.6581826,3.9193456,3.1929908,3.2075486,3.8231893,3.6594312,4.0812597,2.8390858,2.4762626,2.483133,2.3179538,2.299553,2.6977322,2.5933897,2.8132646,3.1328957,2.7978146,3.8606305,3.215571,3.503309,3.0857112,3.135136,2.4990506,3.790246,4.0769367,3.6724052,3.1720254,3.07225,2.6382802,2.5735376,2.5462391,2.6003337,2.1539333,2.1993499,3.0107067,2.9917772,2.9258804,3.0145166
27,1.380969,1.2903146,1.7693517,1.714606,1.9088109,2.1585333,1.7545488,2.1535625,3.5660686,2.8609707,1.8858621,2.0002375,2.0665524,2.0115232,2.2482548,2.307934,2.2483313,2.4535258,2.0405471,1.8919396,2.0128055,1.5168214,1.3294319,1.2721636,1.3800431,2.19131,1.3324295,0.0,1.6707643,1.4463904,2.7588658,2.7367814,3.276268,3.1765244,2.5968928,1.9443709,2.3555012,2.9270303,4.5488477,1.4340994,2.311487,2.2066548,1.7259104,1.6038615,3.3349643,3.542804,3.5310173,3.464193,2.0478575,2.1119432,1.9542376,1.9403642,4.793438,4.5342627,4.5688634,4.421942,2.4701178,2.353788,2.3641818,2.1927974,1.4160289,1.5525776,1.9583837,1.9491558,2.1743827,2.6293366,2.2908123,2.0899994,2.0072193,2.0243382,1.7216599,1.7070456,1.91565,2.1620123,2.5379388,1.4827101,1.8242773,2.4751666,2.2615902,2.0509713,3.7544613,3.8182187,3.860072,3.8319526,3.743996,3.6011794,3.5718687,3.762271,3.5279298,3.3851383,3.4475722,3.5993357,3.1469262,3.1543958,3.4988902,3.5010622,4.0653586,2.667725,2.1766543,2.185847,2.0719252,2.046458,2.5477693,2.458461,2.5357707,2.7940593,2.5970168,3.5045807,2.4722807,2.84448,2.6952407,2.8000546,2.417157,3.771705,4.0694284,3.5758133,2.9994485,2.8855212,2.489171,2.3530688,2.2843351,2.2748842,1.8215599,1.8265634,2.6260543,2.5568552,2.5414226,2.6283164
28,1.523939,1.418327,1.8632518,1.7967838,1.8754796,2.0877528,2.130143,2.2866411,3.5719867,3.144906,2.4228091,2.5945132,2.6961124,2.5761073,2.7557533,2.7696507,1.5410371,1.9064882,2.1182475,2.112833,1.7970883,1.6426406,1.648007,1.8712811,1.222356,2.28431,2.1587899,1.6707643,0.0,0.58433586,2.3539417,2.3372602,3.3104894,3.2357485,2.7468805,1.9536141,2.1196659,2.8910406,4.575763,1.5879724,2.319809,2.2651095,1.2722344,1.3217747,2.3727431,2.5664897,2.5460792,2.4365742,2.2492645,2.4762676,1.8334812,2.3450747,4.9490323,4.5685043,4.662681,4.332531,2.3148293,2.2806897,2.6228724,2.5215106,1.5541584,1.6941721,2.018111,2.0002291,2.100688,2.4966235,2.2426481,2.0086138,1.8926837,1.9149365,1.7667984,1.7077334,1.7135907,2.0994868,2.4671352,1.4918544,1.8004305,2.2872374,1.5688536,1.210532,3.2766168,3.2819858,3.3659925,3.3364866,3.1611748,3.1055932,3.137914,3.3912187,2.9198196,2.8193154,2.8716247,2.9467494,2.9325259,2.9388602,2.8881063,2.5466385,3.912039,2.7066135,1.9953332,2.012635,1.8576149,1.7919918,2.3447933,2.2683566,2.852249,3.1582723,2.8393095,3.738979,2.7692828,3.0985048,2.9628208,3.0897455,2.4732547,3.940252,3.966817,3.5788426,3.0221012,2.9472675,2.506766,2.4440877,2.6301425,2.3950503,1.7474725,1.7412583,2.4909444,2.5300944,2.493862,2.6042101
29,1.2199522,1.109969,1.7656728,1.6833316,1.7954806,2.0096898,1.8966476,2.1080093,3.7327096,3.1847694,2.2124188,2.4593446,2.557442,2.4141712,2.635425,2.6843438,1.5919354,1.8769495,1.9107933,1.9021688,1.7414973,1.4471959,1.3183339,1.768912,1.080367,2.2985044,1.9631379,1.4463904,0.58433586,0.0,2.254228,2.2273808,3.1457002,3.0646183,2.5375798,1.6422651,2.1237936,2.6463552,4.4007297,1.3513223,2.128226,2.0560384,1.3040067,1.2709625,2.5030873,2.7207122,2.6921365,2.569348,2.1932716,2.4255295,1.7472409,2.2854218,4.729064,4.4180417,4.4504323,4.268256,2.3556066,2.213818,2.5219111,2.440152,1.361499,1.5195969,1.9189652,1.8893332,1.9128374,2.257312,2.0293617,1.8389372,1.8588728,1.8849711,1.6402506,1.5576758,1.56663,1.8760048,2.33354,1.2237731,1.5404364,2.158299,1.461568,1.06088,3.47298,3.501795,3.5679264,3.5370257,3.5039682,3.384275,3.3961022,3.623828,3.1962235,3.061185,3.1621797,3.290726,3.0693412,3.09284,3.1624029,2.8828044,3.8808315,2.6034348,1.9257762,1.9424373,1.7849853,1.7226157,2.3114781,2.2299871,2.6806808,2.9971857,2.667808,3.6228712,2.5880837,2.9154947,2.8055809,2.9200814,2.4552798,3.802118,3.9599564,3.4997149,2.9745734,2.8963556,2.455453,2.4162827,2.514472,2.2308662,1.6036538,1.6038043,2.3716304,2.346202,2.309781,2.4224744
30,2.5176578,2.5259335,3.024151,2.8499205,3.131072,3.1964273,2.742934,3.1530945,4.1725326,3.441179,3.3284066,3.627121,3.634259,3.5860815,3.539873,3.3904345,3.3672502,3.5831666,3.4985642,3.468328,3.0717432,2.7653873,2.7915657,3.2896101,2.6375945,3.3871932,2.8708823,2.7588658,2.3539417,2.254228,0.0,0.08222073,3.8208044,3.7011333,3.1617267,2.6112278,2.7050884,2.6799204,3.611075,2.5893,2.7635436,2.7118254,2.399168,2.2780933,3.0713298,3.2833648,3.3155618,3.1824987,2.560121,2.889451,2.6418657,2.7063737,4.0999694,3.5248885,3.9798226,3.6728191,3.5403693,3.2975714,3.1842122,3.2492912,2.3668766,2.2583523,2.7613604,2.7677538,2.9764678,3.3457434,3.1113164,2.92391,3.2238362,3.2613332,2.7667985,2.7622855,2.8958182,2.994276,3.1159856,2.48005,2.716502,3.0895014,3.2125027,2.1620061,3.715911,3.9028215,3.9212477,3.896292,3.8842003,3.6551542,3.6787686,3.971819,3.7535992,3.619836,3.5347545,3.7357328,3.0412288,3.589439,3.4861567,3.0960193,4.572284,3.494489,3.019132,3.0222685,2.8410666,2.7949605,3.1390238,3.2277792,3.1720884,3.5196576,2.9912987,3.816895,2.9401414,3.2808194,3.1652513,3.41058,3.5448854,4.705837,4.5266457,4.1885858,3.0800815,3.0449815,3.2134278,3.2617788,3.0884097,2.7874444,2.874806,2.8706222,3.5488877,3.3346179,3.3287907,3.867239
