,0,1,2,3,4,5,6,7,8,9,10,11,12,13,14,15,16,17,18,19,20,21,22,23,24,25,26,27,28,29,30,31,32,33,34,35,36,37,38,39,40,41,42,43,44,45,46,47,48,49,50,51,52,53,54,55,56,57,58,59,60,61,62,63,64,65,66,67,68,69,70,71,72,73,74,75,76,77,78,79,80,81,82,83,84,85,86,87,88,89,90,91,92,93,94,95,96,97,98,99,100,101,102,103,104,105,106,107,108,109,110,111,112,113,114,115,116,117,118,119,120,121,122,123,124,125,126,127
0,0.0,1.3808599,2.8092523,2.183365,2.843043,2.5319133,2.5041819,4.185861,2.819949,2.6561947,3.6384668,3.5686483,2.700901,2.194182,2.2167094,2.321307,3.8938122,3.961697,3.7981389,3.694783,3.986854,3.7401986,3.717261,3.693638,2.983273,2.993296,2.9810903,2.9406455,2.9669225,3.2376864,2.9069846,3.5058317,3.12896,2.9669168,2.7012799,2.6930447,3.141855,3.042799,3.1879869,3.1586704,4.155158,3.9281995,3.9603107,3.9944463,3.0318518,2.9636383,3.0472445,3.0722957,3.0795202,3.2491262,2.9856987,2.9177973,2.9768586,2.963865,3.0623045,3.0205762,3.1858273,3.3543987,3.4872653,3.5393705,4.2119827,3.4312828,4.357052,4.6466236,2.6148465,2.6274114,3.329594,3.3864412,3.3024764,3.416103,3.9425604,3.3902473,3.8090239,3.819025,4.209174,4.3155794,5.386993,5.1170244,4.0921125,4.286946,4.65288,4.2192683,3.7572742,3.3159678,2.9948442,2.9566624,2.2990334,3.501495,3.148091,2.9791827,2.546819,2.8219202,3.7275186,3.7485807,3.5783372,3.4275045,3.1127071,3.0485997,3.457737,3.3627186,4.2617197,3.316268,3.4302037,3.3505566,2.9731848,3.6987576,3.4428213,3.364748,3.6021218,3.494578,3.4363167,3.1872654,4.130469,4.0794406,3.731096,3.0245652,3.8668516,3.3077166,3.062884,3.447513,3.3630702,3.418656,3.4551811,3.1218312,3.5482497,2.9367993,3.5786722,3.5973036
1,1.3808599,0.0,2.5599737,2.5184455,2.5874004,2.6747565,2.3110352,4.207052,2.6724787,2.497036,3.565365,3.4815567,2.7238886,2.0503714,1.9205691,2.2775207,3.6947196,3.7529945,3.5623686,3.4420564,3.5920773,3.532442,3.5136516,3.5083842,2.7531147,2.7782717,2.7561274,2.7177145,2.849759,3.1531084,2.919901,3.499441,3.1335988,2.712593,2.6200812,2.6127498,3.1004806,3.029586,3.1840894,3.0381343,4.1661286,3.9036546,3.8300273,3.8670459,3.05375,2.9580934,3.1065423,3.123761,2.7874765,2.9123468,2.585778,2.5302684,2.590182,2.5769384,2.6747813,2.601761,3.044939,3.0462863,3.1767468,3.2310007,3.972616,3.098542,4.136447,4.4491544,2.702062,2.445464,3.205782,3.2490768,3.048718,3.1451776,3.9573636,3.027497,3.8823683,3.7598786,3.8554509,3.8208737,5.55894,5.2725096,4.286653,4.276485,4.1845417,4.214121,3.6769238,3.1918945,2.8416946,2.811937,2.0381439,3.3863795,3.0345795,3.1639502,2.5005252,2.6763773,3.595166,3.695734,3.5860639,3.2137172,2.9859116,2.7946737,3.0719767,2.9134295,4.042907,2.9698124,2.9356782,2.8653712,2.7179296,3.4134994,3.3615193,3.2377014,3.212652,3.0170848,3.328683,2.9243076,4.0463705,4.002874,3.57769,2.842837,3.776322,3.159405,2.8824246,3.1739469,3.0602965,3.0870488,3.1601741,2.7593093,3.3957584,2.6280472,3.372323,3.4172268
2,2.8092523,2.5599737,0.0,2.2066886,2.0843604,2.102405,2.6606002,3.8693712,2.4071867,1.9216272,2.7291188,2.5648842,2.2483833,2.1978197,2.307122,2.5738945,3.1741788,3.2768307,3.0345895,3.1381245,3.2370238,3.0956304,3.4991524,3.3892694,2.1905847,2.205403,2.1773872,2.2052293,2.235149,2.2527175,2.3281655,2.404498,2.630966,2.702038,2.6279373,2.6068368,2.6676807,2.6290972,2.807432,2.6506505,4.0476923,3.8182876,3.5909803,3.6135077,2.7343407,2.4364443,2.7191596,2.7658095,2.4088933,2.5380092,2.4346254,2.4059367,2.1288931,2.1961417,2.198496,2.241447,2.5759752,2.5959573,2.7709355,2.7947204,3.042051,2.7270727,3.2364304,3.6019583,2.2456532,2.0410943,2.6565387,2.337699,2.7075553,2.942532,3.619214,2.6380568,3.3993762,2.951951,3.263759,3.2636502,5.005488,4.94828,3.29085,3.4233577,2.925021,3.3822584,2.9523802,2.9255254,2.7754729,2.473758,2.9688575,2.4718225,2.5759408,2.4962778,2.9829185,2.0955155,2.5482314,2.0960371,2.5683763,2.7176104,3.16754,3.090633,3.3071494,3.1356564,4.0962768,3.2300954,3.0908792,3.142023,2.964492,3.6594696,3.490836,3.2906802,3.5145981,3.3091989,3.4068434,3.1279693,3.5837915,3.5135357,3.8748696,3.6342785,3.2337697,3.362241,3.4869237,3.5141785,3.2864423,3.2243342,3.2872055,3.3819711,3.6104884,3.3649068,3.5244782,3.6153195
3,2.183365,2.5184455,2.2066886,0.0,2.7088385,2.4217715,2.150132,3.461232,2.8438354,2.5116467,2.9633436,2.880459,2.5715387,2.6965616,2.8754916,2.9519293,3.754047,3.8890054,3.7239225,3.8254023,3.9617255,3.6814353,4.0550003,3.960107,2.9374716,2.9442816,2.9295235,2.9025176,2.9615157,2.8755732,2.9090266,2.867025,3.3309069,3.591654,3.2185585,3.1872556,3.0261555,2.9483857,3.137376,3.139779,4.3008437,4.1050067,3.9899962,4.0063453,2.9559722,2.8118632,2.9524481,2.9932604,3.0858147,3.2388659,3.1825368,3.155454,2.8490787,2.9929483,2.9608884,3.0457458,3.0890844,3.2785764,3.4377472,3.4698834,3.5794303,3.391028,3.7349148,4.026261,2.5479233,2.620795,3.100765,2.9619367,3.0504787,3.290554,3.7679899,3.1173067,3.4146078,3.101458,3.783044,3.870933,4.9177213,4.858088,3.4488745,3.6719322,4.3169823,4.344992,3.3283942,3.4183166,3.1068704,2.9929352,2.725836,2.9827664,3.1373696,2.6874344,3.552057,2.8186605,3.87058,3.4344275,3.7282214,4.036786,3.701507,3.676146,4.0080366,3.8698943,4.6461477,3.8438754,3.9033506,3.8493087,3.5467465,4.214827,4.1420484,4.0743065,4.0988474,3.9210036,4.0769944,3.774933,3.9543357,3.8779445,4.3326836,4.069727,3.685562,3.767896,3.945871,3.993717,3.8554742,3.83719,3.8176286,4.0143714,4.00333,4.0119634,3.9743543,4.0373497
4,2.843043,2.5874004,2.0843604,2.7088385,0.0,0.9116299,1.4895902,2.6655276,0.7987745,0.569592,1.639799,1.5481503,0.83762544,1.1363177,1.2861607,1.5829026,1.6324611,1.7860658,1.7181265,1.8777314,1.5459145,1.4062474,1.720251,1.5367613,0.6480411,0.65014815,0.6303122,0.48063347,0.75103414,0.9352323,1.2459517,1.5035677,1.9080001,2.0442774,1.6852793,1.5307631,1.1538435,1.121446,1.580235,1.4331892,2.303875,2.0529675,1.9460015,1.9909937,1.3540548,1.1920621,1.3747519,1.4189376,0.783261,1.0611615,0.9946735,1.0062075,0.7613982,0.63319683,0.640776,0.6641831,1.3132523,1.2862135,1.5149996,1.5594683,1.9268211,1.402575,2.1716766,2.6206367,0.9865789,0.54832923,1.4135121,1.3124214,1.4495282,1.781761,2.0876613,1.5499216,2.0896125,1.7747629,2.520694,2.4288561,3.8766298,3.8441746,2.3835049,2.2808843,2.3020258,2.319884,2.0909638,2.0866632,1.723705,1.2329811,1.8267784,1.4579816,1.4741898,1.6427423,1.7369246,0.5696489,1.8490754,1.7607847,1.8415787,2.1090004,1.926462,1.7692223,1.9959885,1.6467899,2.872417,1.6006564,1.591351,1.5952604,1.4294446,2.3568652,2.3639572,2.2704194,1.9305931,1.6969706,2.3524032,1.5652205,2.3286,2.2257638,2.907969,2.5675125,1.8477522,2.1587715,2.326741,2.3298564,1.8852756,1.9268495,1.9122045,2.1787307,2.4262307,2.2560618,2.202804,2.3347855
5,2.5319133,2.6747565,2.102405,2.4217715,0.9116299,0.0,1.6537503,2.6235886,1.0109407,0.7730996,1.7157619,1.6447333,0.61795604,1.2053844,1.4736453,1.5236523,1.9070396,2.0703762,2.0123122,2.1844199,2.1863635,1.7608265,2.038701,1.8809645,1.0633273,1.0356873,1.0406027,0.95923054,0.9187267,0.9809581,1.14199,1.3605814,1.9053833,2.1318026,1.9311656,1.790967,1.2962095,1.2335018,1.637946,1.548534,2.4137912,2.2096534,2.1395524,2.172803,1.4630295,1.3238019,1.4250509,1.4801803,1.4075446,1.6014755,1.5977823,1.5825635,1.4214075,1.3307376,1.3705087,1.4047116,1.6868454,1.7304757,1.9142807,1.9502654,2.2327878,1.8675735,2.463585,2.8772922,1.0040377,0.8026959,1.5224967,1.4129236,1.8421358,2.1594644,2.1566532,2.0930753,2.0536406,1.791836,2.658109,2.7485757,3.745393,3.722756,2.2248905,2.2854102,2.6619897,2.305899,2.1251,2.1909554,1.9353755,1.3990794,2.002344,1.5772042,1.5206867,1.1114452,1.786033,0.87005126,2.009927,1.7379456,1.9103427,2.2923143,2.0206544,2.012009,2.4009469,2.196515,3.1482515,2.0539565,2.1785614,2.1454103,1.7315198,2.6772702,2.3139243,2.2378156,2.3557303,2.1908522,2.417126,1.8549048,2.3635907,2.2707295,2.9840114,2.6533787,1.9218663,2.3077152,2.4271104,2.5417907,2.197339,2.2674248,2.2540596,2.4952042,2.5198905,2.4218605,2.3897057,2.4751978
6,2.5041819,2.3110352,2.6606002,2.150132,1.4895902,1.6537503,0.0,2.489121,1.4160111,1.59971,2.019648,2.1587882,1.4401231,1.6825706,1.8212466,2.0296323,2.404107,2.5425363,2.708724,2.7974677,2.4201977,2.2718403,2.56361,2.4888923,1.8502492,1.8506081,1.8400743,1.7673794,1.9510067,1.9904932,2.099723,2.261099,2.5160303,2.636345,2.3561754,2.2465475,1.658738,1.5755076,1.8502712,1.8942293,2.9788318,2.7695837,2.6212423,2.666282,1.6886008,1.8957593,1.731251,1.7720753,1.8234419,1.9930983,1.9134848,1.9120892,1.6966047,1.8273054,1.7650398,1.8199137,2.1443357,2.2176132,2.3532484,2.4018824,2.631389,2.2203138,2.8102956,3.162895,1.7216368,1.6523535,1.8376335,2.1347868,2.021226,2.264843,2.6615267,2.1728659,2.3202615,2.009069,2.7270064,2.691773,3.9782505,3.922203,2.8970554,2.6233482,3.4463203,3.4201717,2.5872815,2.611434,2.229946,1.9326624,1.4967136,2.2433739,2.2327156,2.1529803,2.4815009,1.7649093,3.089162,2.9789143,3.0208373,3.212117,2.7150986,2.5217023,2.770835,2.542576,3.2876189,2.1655638,2.5375974,2.4541574,2.2510958,2.9477625,2.8044748,2.9776444,2.3892102,2.1595356,2.9856443,2.3232946,2.7710187,2.67632,3.1099982,2.8344455,2.473771,2.6136665,2.6510687,2.6559827,2.3999033,2.5456197,2.4358582,2.6517627,2.7607713,2.6260793,2.6340346,2.7284055
7,4.185861,4.207052,3.8693712,3.461232,2.6655276,2.6235886,2.489121,0.0,2.6698403,2.6103084,2.2563426,2.2552433,2.557709,3.3592043,3.264855,3.4589572,2.6106462,2.7946725,2.854568,3.3367546,2.7664523,2.621256,2.727269,2.7464576,2.767364,2.7674568,2.7936172,2.7711835,2.8933706,2.479923,2.9526353,2.2700276,2.7988207,3.5097387,3.5079775,3.4324427,2.6718307,2.6604455,2.9321487,3.0028133,2.9514573,2.8667262,2.796985,2.7977417,2.9200232,2.882835,2.8644044,2.881114,2.9329448,3.0730011,3.0341525,2.992068,2.8412166,2.830796,2.775502,2.942456,2.9912992,3.1282425,3.1817274,3.2123418,2.6058786,3.2034528,2.7604997,3.1886754,2.5524638,2.7427561,2.8036065,2.5559502,3.2162092,3.4652202,3.214292,3.518055,2.1390617,1.9775155,3.1073773,3.0752,3.920932,3.8222604,2.7835128,2.728014,3.7411635,3.7106936,2.7923992,3.2045393,3.4457698,2.953626,3.2021492,2.4693544,2.490785,2.5476124,3.7974656,2.7313344,3.8328657,3.340847,3.6885476,4.404019,3.6416433,3.501227,3.6490748,3.5536463,4.4812064,3.5343456,3.5672648,3.4649744,3.3031447,3.9876595,3.4101949,3.3630989,3.651175,3.492662,3.8628557,3.3740785,2.7453454,2.6509173,3.8005562,3.9767623,2.5797925,3.5281706,3.7148018,3.4186141,3.250931,3.5094423,3.4562197,4.127855,3.5227225,3.8533328,3.4399948,3.5231838
8,2.819949,2.6724787,2.4071867,2.8438354,0.7987745,1.0109407,1.4160111,2.6698403,0.0,0.8360355,1.5435443,1.6947693,0.6613559,1.2261913,1.3555944,1.49914,1.9068822,2.0453842,2.256257,2.387899,1.8540657,1.7037286,1.8814619,1.7962104,1.2733514,1.2515444,1.2544941,1.1151775,1.2699298,1.4084296,1.6231288,1.8298608,2.0091686,2.1762023,1.7162366,1.6180638,0.7589601,0.76544684,1.2651904,1.290171,2.273803,2.1250675,1.9899755,2.0454555,1.0575097,1.3179975,1.0196555,1.0962119,1.2181315,1.4765261,1.2740473,1.2429175,1.1295043,1.109745,1.0817937,1.106621,1.568377,1.6243533,1.8876983,1.9243333,2.2133615,1.7746161,2.4546325,2.8336644,1.1401315,0.99331754,1.1217717,1.57071,1.6268625,1.9053328,2.190314,1.8234422,1.8369362,1.6227976,2.4685736,2.362262,3.7132084,3.6474478,2.421,2.159261,2.5037034,2.358238,2.2887712,2.3107285,1.8376665,1.3285189,1.9633282,1.6982615,1.5140808,1.6014249,1.84413,1.0237455,1.9369932,1.9277093,1.8717791,2.1757653,1.887449,1.7819418,2.170632,1.8373882,2.7794905,1.3724688,1.8081391,1.7839069,1.5886545,2.3900406,2.0781548,2.267038,1.6763129,1.5304376,2.4565878,1.451441,2.0473044,1.9400938,2.6777935,2.2334113,1.6597933,1.9829991,1.9767365,2.005858,1.5545447,1.7232777,1.6514871,1.9259998,2.083835,1.9251488,2.0122774,2.1099038
9,2.6561947,2.497036,1.9216272,2.5116467,0.569592,0.7730996,1.59971,2.6103084,0.8360355,0.0,1.5723819,1.431963,0.8245694,1.2394727,1.3386217,1.5261283,1.974691,2.117692,1.9840959,2.1873345,1.9332747,1.781012,1.981948,1.8297981,1.0164315,1.0253128,1.019376,0.8756191,1.0724881,1.1215961,1.428984,1.5263381,1.8956552,2.1335204,1.6645545,1.5827197,1.2646059,1.2540897,1.7150365,1.6053193,2.4258654,2.233966,2.1970885,2.2306383,1.5214767,1.321346,1.4939322,1.5514959,1.12657,1.3992169,1.2761437,1.2323872,0.96386665,0.80427796,0.85420793,0.911782,1.4531461,1.5158831,1.7516075,1.7901127,2.0553093,1.7029817,2.3193603,2.8000467,0.86347204,0.53991807,1.4699422,1.3360548,1.6069098,1.9144359,2.279488,1.7316588,1.9830679,1.7601881,2.6459088,2.5325549,3.9707837,3.9353724,2.2594442,2.278553,2.3560793,2.3894467,2.135826,2.1501544,1.8319328,1.2820451,1.9710135,1.3944427,1.3303306,1.3983848,1.8571624,0.7876102,1.8796551,1.642481,1.8006555,2.190947,1.8019838,1.7337595,2.0433278,1.7690547,3.0290282,1.8460656,1.7732447,1.7544986,1.5687652,2.4569824,2.3835847,2.243694,2.1391165,1.9679713,2.5211911,1.6696332,2.2543929,2.1543517,3.0116928,2.5843277,1.7828503,2.1699274,2.3519657,2.3493135,1.937965,1.9822601,2.0118935,2.3102963,2.4892266,2.3132722,2.3103244,2.4177313
10,3.6384668,3.565365,2.7291188,2.9633436,1.639799,1.7157619,2.019648,2.2563426,1.5435443,1.5723819,0.0,0.6370697,1.469631,2.5436924,2.6016757,2.8248641,2.5444126,2.689585,2.8227353,3.2034419,2.477277,2.3894234,2.498582,2.4573896,1.983494,1.9734455,1.9796598,1.8876116,2.0004692,1.5796274,2.2410934,1.4382299,2.5789385,3.2075548,2.7826083,2.698326,1.6084552,1.6495495,2.0846422,2.1550999,2.8638134,2.757842,2.6241443,2.6615412,1.7964725,1.9059818,1.7519976,1.8146538,1.9796026,2.1321359,1.9955626,2.0263557,1.997269,1.9413822,1.8481637,2.0000777,2.12282,2.1830559,2.3281724,2.356432,1.6064863,2.3297138,1.8499074,2.3047302,1.7626595,1.8199502,1.4597665,1.5051857,1.9158189,2.2464604,2.6107273,2.1747115,1.0322487,0.6469322,2.0859423,1.9618782,3.5650277,3.458287,2.006961,1.712211,2.3487604,2.9353359,1.8732399,2.3907712,2.2687075,2.0142848,2.8491335,1.3533096,1.4557592,1.590135,3.0409195,1.8041506,2.5542302,1.9829234,2.4354055,3.261785,2.7537298,2.6948223,2.859573,2.6390107,3.633583,2.4543965,2.6498303,2.6448588,2.487054,3.0246937,3.0249186,3.1463902,2.679689,2.5075061,3.1407933,2.4707267,1.5078343,1.3580626,3.0338354,3.1626074,1.265315,2.3796484,2.811537,2.4647124,2.0812976,2.1383376,2.0703945,2.9600263,2.5683656,3.0743895,2.4123657,2.5105205
11,3.5686483,3.4815567,2.5648842,2.880459,1.5481503,1.6447333,2.1587882,2.2552433,1.6947693,1.431963,0.6370697,0.0,1.5798674,2.5270066,2.5556061,2.7877023,2.5048025,2.6519313,2.5539486,2.9760196,2.4060209,2.3290987,2.402929,2.3232293,1.8160493,1.8152908,1.820346,1.7329665,1.8584046,1.3865299,2.1096435,1.2303907,2.483899,3.127384,2.6698468,2.5896535,1.8226943,1.8601911,2.2800155,2.24637,2.7830822,2.6193426,2.5757737,2.603156,1.9512491,1.7867641,1.9195302,1.9650239,1.8757256,2.038127,1.9099811,1.9320573,1.8687716,1.7626446,1.6835616,1.8446523,1.9351362,1.9975804,2.1926181,2.2200236,1.4587955,2.2284496,1.7307217,2.1856854,1.61894,1.6268204,1.7228113,1.3448122,1.8126135,2.1740744,2.5521746,2.0536742,1.3210276,1.0883458,2.2866158,2.1631637,3.69164,3.5824594,1.9141548,1.9256485,2.2248025,2.8749273,1.7787634,2.3535104,2.1945,1.9681226,2.802147,1.1073471,1.2755504,1.4923747,2.9351695,1.6697645,2.4775157,1.8337831,2.3466628,3.1853476,2.5931146,2.541436,2.739968,2.4774683,3.7339053,2.58911,2.5026186,2.4932256,2.3538926,3.0131733,3.1700456,3.0892956,2.826811,2.6411827,3.0537465,2.479319,1.6906102,1.5700151,3.1607885,3.2586825,1.4704866,2.4908257,2.9268923,2.5897238,2.232104,2.198597,2.2104204,3.059574,2.6702309,3.206039,2.5496755,2.6501963
12,2.700901,2.7238886,2.2483833,2.5715387,0.83762544,0.61795604,1.4401231,2.557709,0.6613559,0.8245694,1.469631,1.5798674,0.0,1.2072625,1.4646038,1.6573935,1.855944,2.0177207,2.1845763,2.357243,2.0297165,1.7068155,1.954666,1.8596617,1.1661208,1.1427909,1.1457489,1.0633808,1.0521946,1.0829215,1.3059697,1.4233636,2.0022695,2.2481484,2.0068913,1.8974327,1.0175346,0.98356384,1.4348519,1.4518174,2.4409566,2.2748804,2.116537,2.1536953,1.2839689,1.4180336,1.2546271,1.3323505,1.4129175,1.628906,1.501469,1.4817698,1.4019643,1.3516991,1.344273,1.382836,1.7723727,1.8295289,1.998419,2.0376701,2.2259257,1.9230988,2.4607558,2.895909,1.1209728,0.99849695,1.2145145,1.4215806,1.8045884,2.0956302,2.184669,2.0110815,1.7533944,1.4680363,2.3959718,2.48291,3.6599054,3.59895,2.2978792,2.1536095,2.5797832,2.3878229,2.181693,2.0854425,1.8743142,1.4159526,2.0017607,1.5902144,1.4472797,1.2522352,1.9317765,0.9899241,2.0387373,1.8143713,1.9617385,2.369513,2.1277351,2.0456803,2.3766909,2.1812096,3.0502257,1.8215758,2.1686394,2.1526558,1.8198781,2.5913072,2.2592611,2.386059,2.1309457,1.9702591,2.5030913,1.8291299,2.244342,2.1236699,2.833101,2.5669284,1.5788913,1.9874896,2.3031414,2.38013,1.8850842,2.025561,1.9557991,2.2843037,2.3846953,2.2381592,2.228292,2.34791
13,2.194182,2.0503714,2.1978197,2.6965616,1.1363177,1.2053844,1.6825706,3.3592043,1.2261913,1.2394727,2.5436924,2.5270066,1.2072625,0.0,0.772025,1.0987105,2.0379093,2.1542468,2.15354,2.012739,2.1296318,1.8719897,2.1225736,1.9928298,1.263173,1.259146,1.2419065,1.202103,1.2189615,1.7272514,1.4663874,2.2898605,2.1489258,1.8234231,1.5787928,1.4582169,1.5736524,1.5141302,1.793229,1.6831877,2.6478524,2.4151413,2.3170826,2.3546722,1.6856009,1.6526815,1.7129244,1.7515763,1.4352473,1.6370834,1.5256026,1.4804031,1.3644946,1.3573992,1.4331293,1.3159933,1.8568629,1.8718143,2.065751,2.1036599,2.9197469,1.9143361,3.127287,3.4907815,1.4458691,1.1303233,1.9369776,2.0827842,2.0188723,2.2187216,2.412852,2.0594559,2.819021,2.6128504,3.1157186,3.1526387,4.279891,4.2202363,3.0744674,3.0234754,3.0613708,2.5568714,2.758727,2.356434,1.9682162,1.5846409,1.6301516,2.3323433,2.1264057,2.0671902,1.2319559,1.2014109,2.126308,2.330682,2.1130826,1.8447882,1.9724807,1.8475453,2.208126,1.951739,2.8669727,1.7125937,1.9141297,1.8985494,1.6104615,2.4962153,2.2943304,2.2774732,2.017178,1.8916843,2.3617494,1.7143517,3.0852354,3.0033193,3.0328062,2.3528533,2.5404103,2.2819965,2.253071,2.6012845,2.2089338,2.2765973,2.2663457,1.9626263,2.6465383,1.9267701,2.5332663,2.6332426
14,2.2167094,1.9205691,2.307122,2.8754916,1.2861607,1.4736453,1.8212466,3.264855,1.3555944,1.3386217,2.6016757,2.5556061,1.4646038,0.772025,0.0,1.1842556,2.00813,2.1299424,2.0582309,1.942266,2.0161593,1.8379167,1.8962346,1.9125302,1.3207014,1.3422776,1.3431858,1.3152192,1.425578,1.8651947,1.6583617,2.358076,2.0742357,1.7651018,1.3776067,1.2810581,1.6379215,1.5953866,1.9407817,1.819097,2.614814,2.4029176,2.1940134,2.2297146,1.8977617,1.8099574,1.8888049,1.9183824,1.4818254,1.6985893,1.2334582,1.1256754,1.2884712,1.2499838,1.378407,1.2827764,1.8798726,1.916223,2.059487,2.1044316,2.920806,1.9328264,3.1247032,3.5633986,1.4163479,1.1688695,2.0839412,2.1414695,2.0007641,2.201856,2.464499,2.104492,2.8797169,2.6992555,3.0564926,2.9764738,4.423399,4.133238,3.299686,3.2447941,3.0393865,2.5060713,2.6906505,2.1313498,1.8100427,1.5726783,1.7051151,2.3474226,1.9413328,2.1918514,1.2930303,1.2720556,2.1147835,2.3687704,2.0837069,1.8227297,1.9321457,1.7627065,2.020088,1.8192585,3.1675043,1.7154526,1.7400247,1.7210792,1.5375024,2.357938,2.2705014,2.166755,2.0279753,1.8876421,2.3798792,1.6164382,2.9880579,2.9209287,2.7265952,1.8794369,2.614099,2.06124,1.8057805,2.1471004,1.8943633,1.9702444,2.0040934,1.6701583,2.5067897,1.5502424,2.3454769,2.4043787
15,2.321307,2.2775207,2.5738945,2.9519293,1.5829026,1.5236523,2.0296323,3.4589572,1.49914,1.5261283,2.8248641,2.7877023,1.6573935,1.0987105,1.1842556,0.0,2.3769479,2.4787514,2.3964627,2.2746015,2.4848244,2.2087603,2.3738472,2.2485096,1.7271122,1.725093,1.73404,1.6289699,1.6942235,2.1214623,1.89183,2.6008046,2.359745,2.0533767,1.6545756,1.5607537,1.8605417,1.7737639,1.8109037,1.6202173,2.6997406,2.5261028,2.4542227,2.4957268,2.0589397,2.0402308,2.0387936,2.0810425,1.7788949,1.9598048,1.8051019,1.7561597,1.6667447,1.5728039,1.729391,1.640096,2.1229455,2.1493778,2.264942,2.312703,3.147008,2.2081664,3.3238864,3.7550168,1.6402601,1.365465,2.232088,2.4160593,2.2530692,2.4701867,2.5486898,2.3688214,3.040893,2.8868566,3.407578,3.3521414,4.2589297,4.178018,3.2218742,3.201468,3.2414916,2.6177459,3.276761,2.9621527,2.2179487,1.8692368,1.9502373,2.526177,2.3474267,2.2493207,1.4630088,1.5894983,2.298463,2.565087,2.2320917,1.9839494,1.9347233,1.8863616,2.2406514,2.0948353,2.9978626,1.8954127,2.0167217,1.9991359,1.8174762,2.5002668,2.3331044,2.2616436,2.253489,2.0955248,2.5671906,1.7482473,3.1295416,3.055841,3.207454,2.3258805,2.7971036,2.4628258,2.2614639,2.615638,2.3574939,2.436612,2.4184499,2.122619,2.8394513,2.0180082,2.4510298,2.502807
16,3.8938122,3.6947196,3.1741788,3.754047,1.6324611,1.9070396,2.404107,2.6106462,1.9068822,1.974691,2.5444126,2.5048025,1.855944,2.0379093,2.00813,2.3769479,0.0,0.8202636,1.0152819,1.2114764,1.0470827,0.3701093,1.3093501,1.2285523,1.3114507,1.2962602,1.3298273,1.4258379,1.4149318,1.5073135,1.6893394,1.9183222,2.2962894,2.3345132,2.4317634,2.2412043,1.7980981,1.7998011,2.09807,1.976207,1.9598205,1.7469712,1.2538738,1.254378,2.167907,2.0270329,2.15098,2.155146,1.706581,1.7814507,1.837201,1.8402889,1.7294202,1.7491666,1.7226291,1.7416035,2.069799,1.9766761,2.030286,2.0401716,2.3834639,1.9104991,2.5723927,3.0032444,1.9588459,1.7846953,2.2511086,2.0203953,2.305878,2.5811672,1.8683666,2.4985225,2.7871187,2.3630514,2.8737988,2.8836193,3.748482,3.661413,3.0320313,2.8594809,2.7528727,2.0424495,2.5275917,2.4503117,2.4600854,2.0104558,2.5788934,2.2684097,2.2893825,2.438914,2.3262599,1.5659626,2.3225405,2.3547957,2.3707294,2.5461822,2.7593007,2.5961282,2.6470187,2.4320233,3.3961513,2.2975893,2.2702804,2.276159,2.1621091,2.904331,2.6704068,2.549197,2.4549406,2.299304,2.6805289,2.2319086,2.9595418,2.8754902,3.205705,3.0583425,2.5116029,2.7750237,2.8541067,2.8927162,2.5833974,2.6896715,2.6364,2.8318584,2.98767,2.773055,2.7552707,2.8649988
17,3.961697,3.7529945,3.2768307,3.8890054,1.7860658,2.0703762,2.5425363,2.7946725,2.0453842,2.117692,2.689585,2.6519313,2.0177207,2.1542468,2.1299424,2.4787514,0.8202636,0.0,1.283858,1.4232649,1.2305319,0.84181273,1.4578819,1.3132943,1.5026062,1.4886948,1.5170528,1.5968673,1.5871854,1.7049083,1.5081433,2.1154587,2.438494,2.455437,2.5668714,2.387912,2.0687983,2.0517564,2.3241057,2.2112954,2.1700454,1.9635397,1.5979694,1.6056529,2.3529248,2.243549,2.3374758,2.3367848,1.9053092,1.9784971,2.0244715,2.0264146,1.9563959,1.9466151,1.9351846,1.9411882,2.2812476,2.200413,2.2323658,2.2511106,2.5887234,2.1232803,2.7525826,3.1690927,2.1200747,1.9448652,2.0609968,1.8126339,2.4696653,2.3929012,2.122686,2.6333125,2.9117596,2.5353935,2.7556498,2.7655635,3.8207598,3.7982414,2.840138,2.674785,2.660603,1.7928387,2.6716733,2.5636897,2.3046138,1.7351562,2.3779995,2.0953093,2.4139597,2.6083007,2.3866625,1.7305378,2.1282852,2.373688,2.4910755,2.6260931,2.8475447,2.5701041,2.6160278,2.4021745,3.0227232,2.292126,2.312029,2.2682865,2.0327547,2.702161,2.6260524,2.5017984,2.4089677,2.246051,2.618233,2.173269,3.0445094,2.9755487,3.224212,3.1354048,2.6392775,2.8871932,2.8701706,2.9568336,2.5698395,2.7039397,2.6549456,2.8241339,2.9915133,2.7293425,2.7686114,2.8775294
18,3.7981389,3.5623686,3.0345895,3.7239225,1.7181265,2.0123122,2.708724,2.854568,2.256257,1.9840959,2.8227353,2.5539486,2.1845763,2.15354,2.0582309,2.3964627,1.0152819,1.283858,0.0,0.65281725,1.3143399,0.95920104,1.43101,1.2562829,1.2627721,1.2702199,1.2963079,1.3889577,1.4078133,1.5298917,1.6919246,1.968775,2.3220308,2.316959,2.3676457,2.1799474,2.2882829,2.2765489,2.5723243,2.3173404,2.0749466,1.7559451,1.551169,1.5392127,2.5214736,2.0705404,2.5261762,2.5139637,1.7271425,1.7947837,1.85152,1.8467835,1.7357751,1.640961,1.6878175,1.6881999,1.9708815,1.8485192,1.9510276,1.9648054,2.4199579,1.8983525,2.6056044,3.0070448,1.9760389,1.6962445,2.6750169,2.083859,2.3605936,2.6432798,2.096747,2.4973667,3.131922,2.7960727,3.2487168,3.2159288,4.1810274,4.066364,3.12411,3.226028,2.750946,2.193959,2.629456,2.5775862,2.4993298,2.1321824,2.6080625,2.2531261,2.3057077,2.5401402,2.2297907,1.5927286,2.3668149,2.3740401,2.4266407,2.5308716,2.6163862,2.472218,2.5550542,2.2835348,3.643299,2.6174483,2.1341455,2.1336968,2.0668502,2.9847565,2.987474,2.5216062,2.821086,2.629248,2.6891968,2.3591168,3.233403,3.1664941,3.5075912,3.261724,2.8472383,3.027359,3.090221,3.1279595,2.856082,2.8581915,2.8989608,3.050058,3.1961422,3.0380886,2.9865885,3.0949292
19,3.694783,3.4420564,3.1381245,3.8254023,1.8777314,2.1844199,2.7974677,3.3367546,2.387899,2.1873345,3.2034419,2.9760196,2.357243,2.012739,1.942266,2.2746015,1.2114764,1.4232649,0.65281725,0.0,1.4931233,1.1426725,1.6293466,1.4503556,1.4226291,1.4289169,1.4473925,1.5367168,1.5409317,1.8797071,1.8182663,2.4143844,2.5592904,2.3136492,2.2747724,2.0615315,2.398435,2.3749878,2.6515698,2.3967912,2.1810858,1.8740416,1.6723685,1.6663494,2.6063054,2.1941006,2.6266265,2.6103888,1.7908989,1.8360925,1.9292184,1.9357466,1.8332592,1.7795856,1.8481487,1.7827841,2.0707195,1.9374585,2.0192878,2.0280654,2.807051,1.9123694,2.9726532,3.3382275,2.1420856,1.8409375,2.865638,2.4228213,2.4225965,2.6689079,2.0884418,2.5006957,3.5125952,3.1964257,3.56878,3.5308828,4.395156,4.288287,3.4792295,3.5499952,3.0708742,2.2506711,2.9267888,2.7171366,2.507162,2.220187,2.5305324,2.6334255,2.6693132,2.853488,2.006733,1.7528117,2.427549,2.652781,2.5077379,2.322933,2.633051,2.5053463,2.5524704,2.267303,3.53788,2.5564928,2.0936954,2.1042259,2.0531442,2.9224017,3.0634027,2.6252463,2.751739,2.5937035,2.6868546,2.3384755,3.5815494,3.5209692,3.6106758,3.1771827,3.1931942,3.1001353,3.0663946,3.2328308,2.982043,2.9504755,2.9808197,2.9017491,3.317904,2.955079,3.0743754,3.171045
20,3.986854,3.5920773,3.2370238,3.9617255,1.5459145,2.1863635,2.4201977,2.7664523,1.8540657,1.9332747,2.477277,2.4060209,2.0297165,2.1296318,2.0161593,2.4848244,1.0470827,1.2305319,1.3143399,1.4931233,0.0,0.8288936,1.1155989,1.0186605,1.406324,1.4132483,1.4295052,1.4790056,1.620447,1.7520432,1.9858193,2.2370977,2.2153924,2.3218074,2.1567323,2.0089025,1.8367608,1.8668779,2.130158,2.031612,1.9689239,1.6787256,1.4942906,1.5232749,2.088993,1.9407959,2.107097,2.1044896,1.4393879,1.5938681,1.5329745,1.5234479,1.4765867,1.4556656,1.3970588,1.3995336,1.7703623,1.7462479,1.9002453,1.9189912,2.2591531,1.7603085,2.441972,2.8155534,1.916039,1.7994456,2.2336175,2.0503995,2.1323555,2.3369863,2.1716452,2.176136,2.662333,2.4291563,2.9459183,2.8007846,3.9807348,3.8949597,3.0480058,2.8682113,2.5888,2.3120344,2.6079686,2.5100658,2.3875346,1.995526,2.5161524,2.2200627,2.1683989,2.7130303,2.2752264,1.5723978,2.254958,2.4260647,2.2788298,2.4626942,2.5839272,2.2864883,2.2652233,1.8610014,3.1182315,1.9280415,1.7383469,1.766539,1.8989437,2.6428685,2.6952906,2.563785,2.0772347,1.950085,2.5696914,1.9849765,2.8270774,2.7362695,3.059984,2.9313016,2.386246,2.6440854,2.7199016,2.6384878,2.2331991,2.3412464,2.319759,2.5436718,2.786702,2.6061904,2.6072943,2.7517588
21,3.7401986,3.532442,3.0956304,3.6814353,1.4062474,1.7608265,2.2718403,2.621256,1.7037286,1.781012,2.3894234,2.3290987,1.7068155,1.8719897,1.8379167,2.2087603,0.3701093,0.84181273,0.95920104,1.1426725,0.8288936,0.0,1.0615364,0.9373446,1.1030116,1.0858305,1.1208979,1.1938971,1.2171122,1.3671932,1.55673,1.8574309,2.1787684,2.2403734,2.1941917,1.9906431,1.6238043,1.6243751,1.9474542,1.8185182,1.7818116,1.5190414,1.1274312,1.1478457,1.9417094,1.7849118,1.9378564,1.9383563,1.4291329,1.5329037,1.5626891,1.5743043,1.512314,1.4942771,1.4756836,1.4822651,1.7926421,1.7140204,1.810224,1.82594,2.2269099,1.6840891,2.4169133,2.825961,1.7397028,1.5666816,2.0904257,1.8715333,2.062375,2.3365366,1.7451866,2.2469745,2.6228197,2.2754114,2.8214977,2.7999506,3.7216344,3.6202457,2.8981235,2.748749,2.6388772,1.9649931,2.4210706,2.352795,2.2311182,1.8143256,2.394338,2.0970087,2.0986698,2.3352363,2.0781484,1.3408446,2.1495156,2.244718,2.1827,2.3687816,2.5184646,2.3383722,2.4081218,2.1192923,3.2066112,2.0266118,1.9665369,1.9722207,1.8692046,2.6778378,2.5619876,2.428107,2.2156124,2.059797,2.479785,1.9654644,2.778589,2.6929414,3.0418868,2.853894,2.3510468,2.5810928,2.64,2.6731396,2.3319857,2.4224827,2.3756087,2.5802898,2.7573237,2.5853496,2.5271952,2.6428022
22,3.717261,3.5136516,3.4991524,4.0550003,1.720251,2.038701,2.56361,2.727269,1.8814619,1.981948,2.498582,2.402929,1.954666,2.1225736,1.8962346,2.3738472,1.3093501,1.4578819,1.43101,1.6293466,1.1155989,1.0615364,0.0,0.5332677,1.4824598,1.4807855,1.5174956,1.5395036,1.571796,1.7202129,1.8614092,2.1376746,2.1760342,2.2919335,2.2324014,2.0709639,1.9327269,1.9465519,2.2487018,2.135484,1.7234191,1.4216403,1.3405015,1.3714328,2.169343,2.035786,2.1759467,2.166376,1.6900654,1.8199102,1.5319777,1.5072384,1.8658736,1.6608328,1.7237823,1.6976379,1.9741875,1.9374722,2.0239668,2.0606654,2.4285357,1.9791065,2.594597,2.9783535,1.886561,1.7822473,2.304735,2.0905712,2.2829268,2.4843612,2.1252031,2.4993844,2.4836836,2.4649787,2.8993003,2.879091,3.952227,3.6198833,3.1076677,3.0186162,2.771418,2.1823704,2.5553467,2.2562125,2.2435293,2.0087657,2.4774487,2.233681,1.8276902,2.4301074,1.9071621,1.6058007,2.3134255,2.4973292,2.2843826,2.493369,2.326195,2.0729592,2.1444244,1.8460566,3.3483639,1.9261028,1.760511,1.7362506,1.6569599,2.502626,2.4137208,2.2257185,2.140821,2.0208817,2.2738621,1.789637,2.6050594,2.5282466,2.6432796,2.465094,2.1815524,2.2099965,2.2406096,2.2632256,1.8555717,2.0197244,2.0360103,2.279044,2.422294,2.2238874,2.2378244,2.348896
23,3.693638,3.5083842,3.3892694,3.960107,1.5367613,1.8809645,2.4888923,2.7464576,1.7962104,1.8297981,2.4573896,2.3232293,1.8596617,1.9928298,1.9125302,2.2485096,1.2285523,1.3132943,1.2562829,1.4503556,1.0186605,0.9373446,0.5332677,0.0,1.2980962,1.2955307,1.3217319,1.3316505,1.3719463,1.5691466,1.6651087,2.0739071,2.1027021,2.2003067,2.1395178,1.9631386,1.8906659,1.8899355,2.1815207,2.04217,1.6675704,1.30419,1.4309067,1.4666222,2.084586,1.8932617,2.0985768,2.0943375,1.4934281,1.6344069,1.5652843,1.5574347,1.7310015,1.5131913,1.565971,1.5242834,1.8435092,1.7942711,1.8951418,1.9307232,2.338464,1.8320502,2.5118837,2.8967144,1.770678,1.6137892,2.190501,1.9386325,2.1752822,2.3418436,2.006082,2.3635845,2.4779909,2.4430504,2.9748757,2.9566514,3.828034,3.708343,2.8171678,2.7744224,2.6844993,2.0791056,2.4937952,2.3407075,2.2385373,1.8405889,2.333413,2.0969348,1.8817276,2.3335586,1.7595212,1.430844,2.1833766,2.3894424,2.1872807,2.3876493,2.160616,1.8975945,1.9908402,1.6586883,3.0025651,1.813841,1.5994908,1.5671788,1.4398863,2.3736591,2.3689563,2.1309907,2.0206158,1.8949639,2.133251,1.6436715,2.595118,2.5176115,2.8343642,2.6604614,2.1643014,2.3953326,2.434329,2.4743652,2.051061,2.1762908,2.1904507,2.3882332,2.5682545,2.3704684,2.364485,2.4836667
24,2.983273,2.7531147,2.1905847,2.9374716,0.6480411,1.0633273,1.8502492,2.767364,1.2733514,1.0164315,1.983494,1.8160493,1.1661208,1.263173,1.3207014,1.7271122,1.3114507,1.5026062,1.2627721,1.4226291,1.406324,1.1030116,1.4824598,1.2980962,0.0,0.10243132,0.11509848,0.33275503,0.4313825,0.7598488,0.98117477,1.4073104,1.8122168,1.8496674,1.8317797,1.6171175,1.4646332,1.4120829,1.7387037,1.5005407,2.3143296,1.9873613,1.8017642,1.8383528,1.680896,1.366382,1.6999352,1.7239113,0.8606229,1.0144233,1.0278282,1.0728495,1.0097448,0.84772265,0.91143084,0.89501566,1.4423579,1.3104255,1.3950434,1.4400736,1.9512026,1.3046256,2.1597857,2.6446435,1.1776469,0.7195702,1.7359502,1.3603487,1.6262909,1.9599799,2.002785,1.7748415,2.4034417,2.0544143,2.5493617,2.5682168,3.883615,3.7948306,2.6024244,2.547024,2.3241248,2.1361716,2.0541494,1.9571006,1.7890017,1.3487895,1.9393597,1.6065667,1.5811533,1.7688483,1.6176577,0.474815,1.8177146,1.7468559,1.8216473,2.0041842,2.1431773,1.948288,2.0220366,1.747968,3.0656335,1.8096979,1.6281488,1.6528027,1.4231817,2.4042506,2.4098892,2.1790361,2.1218514,1.8718907,2.0972009,1.6665978,2.5456944,2.4602053,2.8275936,2.622979,2.1073368,2.2893996,2.4038432,2.455869,2.101948,2.113497,2.123065,2.3130386,2.6060011,2.3474972,2.2750132,2.3955133
25,2.993296,2.7782717,2.205403,2.9442816,0.65014815,1.0356873,1.8506081,2.7674568,1.2515444,1.0253128,1.9734455,1.8152908,1.1427909,1.259146,1.3422776,1.725093,1.2962602,1.4886948,1.2702199,1.4289169,1.4132483,1.0858305,1.4807855,1.2955307,0.10243132,0.0,0.083322056,0.30928943,0.37954852,0.72684044,0.96613556,1.3957485,1.8172965,1.8544066,1.8514358,1.6293727,1.4390152,1.3864719,1.7138319,1.4748176,2.2714376,1.9439328,1.7540344,1.7926033,1.624741,1.3154467,1.6488097,1.66797,0.86232275,1.0037475,1.0512948,1.1028246,1.0302225,0.8767944,0.93487805,0.91914845,1.4079943,1.2624784,1.378833,1.4212371,1.9336507,1.2864337,2.143015,2.5925732,1.1931654,0.73817617,1.7138534,1.3521011,1.639847,1.9730424,1.9940323,1.793075,2.3947983,2.0402317,2.541508,2.5715249,3.8814375,3.7973397,2.5952022,2.5330336,2.3202457,2.1158204,2.0652497,2.0124733,1.8056023,1.3563501,1.9517815,1.6044601,1.6024687,1.7665137,1.6180689,0.47444758,1.809278,1.739433,1.8264589,2.0046952,2.157025,1.9744508,2.0851355,1.778378,3.0620213,1.8116087,1.6583453,1.6770924,1.4331604,2.4521582,2.3871822,2.1664388,2.1203897,1.8733969,2.1043706,1.6688174,2.5391243,2.4541693,2.8385956,2.62944,2.1044345,2.3169603,2.4078672,2.4650643,2.1045923,2.1230216,2.1285133,2.3208659,2.5519357,2.3511312,2.2561026,2.3788168
26,2.9810903,2.7561274,2.1773872,2.9295235,0.6303122,1.0406027,1.8400743,2.7936172,1.2544941,1.019376,1.9796598,1.820346,1.1457489,1.2419065,1.3431858,1.73404,1.3298273,1.5170528,1.2963079,1.4473925,1.4295052,1.1208979,1.5174956,1.3217319,0.11509848,0.083322056,0.0,0.28878516,0.37691984,0.7445868,0.9715967,1.4151921,1.8154032,1.841015,1.8446617,1.6288279,1.456276,1.4039026,1.7409517,1.5023154,2.3064704,1.9755002,1.7989181,1.838628,1.6244063,1.3120365,1.6510032,1.67138,0.86663073,1.0185801,1.0587219,1.1038439,1.0153513,0.8720303,0.92092,0.9017243,1.4232051,1.2799162,1.414725,1.457664,1.9605457,1.3112129,2.1731496,2.6122873,1.208876,0.73757845,1.7214397,1.3644965,1.6461653,1.9790808,2.0292428,1.7921364,2.41332,2.0554144,2.5534327,2.5802345,3.8948243,3.8224053,2.5887084,2.532937,2.3254435,2.15262,2.055506,2.0118988,1.8212854,1.365183,1.9411116,1.6212127,1.6100152,1.7673316,1.6166595,0.48661572,1.8200192,1.7531986,1.8421135,2.0042164,2.1372275,1.9508431,2.086197,1.7763888,3.044094,1.8072518,1.6594906,1.6791337,1.431956,2.4589522,2.390753,2.1721017,2.1200278,1.8673431,2.1090646,1.6789099,2.5525646,2.4681044,2.8526328,2.644529,2.121921,2.3400805,2.4252658,2.482039,2.1227086,2.1396487,2.147265,2.3257444,2.5630724,2.3561127,2.3009086,2.4234533
27,2.9406455,2.7177145,2.2052293,2.9025176,0.48063347,0.95923054,1.7673794,2.7711835,1.1151775,0.8756191,1.8876116,1.7329665,1.0633808,1.202103,1.3152192,1.6289699,1.4258379,1.5968673,1.3889577,1.5367168,1.4790056,1.1938971,1.5395036,1.3316505,0.33275503,0.30928943,0.28878516,0.0,0.4163692,0.7804825,1.0625927,1.446991,1.9179158,1.9588038,1.7852494,1.5695782,1.3578354,1.3073201,1.758931,1.5350726,2.1943254,1.9083503,1.7691337,1.8156012,1.5253719,1.2486067,1.5548754,1.5745307,0.7955775,0.9737302,0.99324226,1.0422732,0.949109,0.74571353,0.83439916,0.8125206,1.3506774,1.202367,1.3842784,1.4294751,1.919892,1.2801428,2.14725,2.579071,1.1531583,0.6183371,1.6460104,1.3707744,1.5669271,1.9087787,1.9935973,1.7194233,2.3391857,2.0023656,2.594967,2.5445116,3.9395604,3.8679173,2.5190673,2.4564447,2.2995448,2.150905,2.0594008,2.0638359,1.7664593,1.30733,1.9092185,1.5587621,1.5822861,1.7278628,1.5952039,0.52408236,1.805583,1.7725962,1.8558484,2.0239444,1.9648638,1.8359323,2.03228,1.6881654,2.9712334,1.710477,1.5782346,1.585211,1.3522631,2.3976798,2.3442807,2.1362817,2.0474668,1.7861006,2.2372096,1.5675913,2.4521453,2.366238,2.9282105,2.5813942,2.0472288,2.282765,2.3522243,2.4030578,2.0206285,2.0398214,2.0417209,2.2441585,2.4571593,2.293721,2.2096336,2.3304641
28,2.9669225,2.849759,2.235149,2.9615157,0.75103414,0.9187267,1.9510067,2.8933706,1.2699298,1.0724881,2.0004692,1.8584046,1.0521946,1.2189615,1.425578,1.6942235,1.4149318,1.5871854,1.4078133,1.5409317,1.620447,1.2171122,1.571796,1.3719463,0.4313825,0.37954852,0.37691984,0.4163692,0.0,0.6678979,0.85055333,1.349005,1.9294852,1.9616191,1.9622529,1.7540214,1.4955671,1.4390899,1.7730049,1.542595,2.2855592,1.9826087,1.8204482,1.8584449,1.6220706,1.3610934,1.6523788,1.6745816,1.0748359,1.2050422,1.2282702,1.2705771,1.2582505,1.0840173,1.1576517,1.1264983,1.5472658,1.4166414,1.560643,1.6032368,2.077202,1.487831,2.2839851,2.6893358,1.28535,0.83472323,1.7283148,1.4120034,1.7783393,2.0993934,2.0268478,1.9289283,2.39426,2.0599048,2.5971575,2.6905537,3.8825252,3.8094332,2.5615494,2.5462284,2.3472764,2.0882897,2.1964946,2.092336,1.8535686,1.4593506,2.0461345,1.6491195,1.6426713,1.675519,1.586795,0.64827204,1.7856987,1.7121964,1.8324813,2.0088725,2.1247835,1.9944078,2.214356,1.9294361,3.079237,1.8850257,1.8290962,1.8527387,1.5379326,2.5341125,2.3901114,2.1999824,2.2353797,1.9924387,2.1772597,1.7647811,2.6119592,2.5191574,2.9562716,2.7151234,2.0657172,2.2889657,2.4845214,2.5962114,2.1587305,2.184013,2.177111,2.359605,2.555342,2.3880632,2.3018284,2.4364986
29,3.2376864,3.1531084,2.2527175,2.8755732,0.9352323,0.9809581,1.9904932,2.479923,1.4084296,1.1215961,1.5796274,1.3865299,1.0829215,1.7272514,1.8651947,2.1214623,1.5073135,1.7049083,1.5298917,1.8797071,1.7520432,1.3671932,1.7202129,1.5691466,0.7598488,0.72684044,0.7445868,0.7804825,0.6678979,0.0,1.0391693,0.723924,1.9826705,2.296074,2.332435,2.1527996,1.5843498,1.5499414,1.8754747,1.6792352,2.3911223,2.1144896,1.9116501,1.9367646,1.7390678,1.4586142,1.749033,1.7747707,1.3327577,1.4324745,1.4668689,1.5146239,1.4590726,1.3050648,1.3164477,1.3879627,1.6632333,1.5517329,1.6699363,1.706983,1.6913615,1.6690614,1.9195954,2.374161,1.3543633,1.0393804,1.6672117,1.1166583,1.8416069,2.1989355,2.1147783,2.0472515,2.0409527,1.6028727,2.2947316,2.4300194,3.7179987,3.6364796,2.2855976,2.2782774,2.1615973,2.2348194,1.9680794,2.0976255,1.9945636,1.6075447,2.3202662,1.2869097,1.4327984,1.4353687,2.1534505,0.87972873,1.9901248,1.562837,2.0037029,2.4884,2.4301178,2.3109407,2.4909573,2.2445982,3.4044974,2.2531285,2.1687803,2.180087,1.8958833,2.8066657,2.6301372,2.4446723,2.560103,2.3068562,2.4402192,2.108765,2.3714466,2.2662299,3.03738,3.0309432,1.8023926,2.3966165,2.7486424,2.7051811,2.2712305,2.3029335,2.2932885,2.7588003,2.6394565,2.769914,2.3807085,2.5227206
30,2.9069846,2.919901,2.3281655,2.9090266,1.2459517,1.14199,2.099723,2.9526353,1.6231288,1.428984,2.2410934,2.1096435,1.3059697,1.4663874,1.6583617,1.89183,1.6893394,1.5081433,1.6919246,1.8182663,1.9858193,1.55673,1.8614092,1.6651087,0.98117477,0.96613556,0.9715967,1.0625927,0.85055333,1.0391693,0.0,1.4806651,2.0117333,2.0868695,2.2521858,2.087147,1.9202435,1.8399619,2.0120988,1.8263066,2.672555,2.356806,2.210753,2.2355049,1.9987544,1.7781054,2.0007117,2.0277185,1.6315881,1.7582053,1.7236246,1.727447,1.7325037,1.6260024,1.671655,1.6645721,2.0282443,1.9971101,2.059999,2.1083376,2.4808292,2.016962,2.646324,3.0686243,1.5095421,1.2376237,1.6539127,1.1959687,2.1394937,2.1033504,2.3108308,2.3099465,2.5533247,2.248228,2.4725957,2.7169085,3.791006,3.755075,2.3646095,2.4629807,2.5271218,2.031129,2.3899522,2.1854851,1.7767651,1.2794764,1.8406805,1.5330423,1.807953,1.7339165,1.8156568,1.0832467,1.809771,1.8155781,2.0883842,2.3023028,2.4521227,2.1776216,2.4097311,2.246834,2.9991736,2.2004035,2.2346642,2.2021453,1.6804307,2.5365915,2.494969,2.313641,2.501159,2.2672822,2.1042504,2.019206,2.8398337,2.7599878,2.9479587,2.9266684,2.3175056,2.4885445,2.6517963,2.8321834,2.3832667,2.443678,2.4370735,2.5986955,2.7881193,2.5274153,2.5424595,2.6606386
