,0,1,2,3,4,5,6,7,8,9,10,11,12,13,14,15,16,17,18,19,20,21,22,23,24,25,26,27,28,29,30,31,32,33,34,35,36,37,38,39,40,41,42,43,44,45,46,47,48,49,50,51,52,53,54,55,56,57,58,59,60,61,62,63,64,65,66,67,68,69,70,71,72,73,74,75,76,77,78,79,80,81,82,83,84,85,86,87,88,89,90,91,92,93,94,95,96,97,98,99,100,101,102,103,104,105,106,107,108,109,110,111,112,113,114,115,116,117,118,119,120,121,122,123,124,125,126,127
0,0.0,1.0765154,4.3588495,4.217903,3.962403,4.521612,4.404421,4.7810583,3.8748,3.976376,4.3271127,4.0349526,4.245681,4.251978,4.3184056,4.035635,5.568158,5.1901393,5.4710603,5.5772314,4.7948203,4.4944897,4.575231,4.962053,4.587664,4.576549,4.779247,4.347454,4.6901073,4.6740947,4.424676,4.578766,4.6790895,4.707298,4.94251,4.830767,5.3990107,5.3588033,5.051186,4.9997797,5.0421743,4.956506,5.3010936,5.1444745,4.9963984,5.029048,5.068803,5.0366073,4.2057996,4.638533,4.134159,4.224397,4.2796736,4.355127,4.210901,4.2704306,4.32088,4.2287025,4.3516483,4.323818,4.657587,4.639084,4.4218774,4.600542,4.8836646,4.7592583,4.6762524,4.75856,4.7985415,5.187987,4.7107315,4.981759,4.29559,4.4176426,4.1665964,4.4283757,4.6781883,4.8053155,4.755571,4.624442,4.257484,4.7945004,4.413931,4.884685,4.127224,3.8209972,4.237298,4.2622256,4.4225,4.0021358,4.370445,3.9432793,4.628117,5.2272234,4.692832,4.7468576,4.146538,4.0806355,4.162148,4.371575,4.133635,4.093851,4.192917,4.4177914,4.8884416,4.1399436,5.0064654,4.8100753,5.2533364,5.107215,5.101236,5.2109146,5.239905,5.3063054,5.0268064,5.1691475,4.8945823,5.078919,5.382509,5.4019365,4.8988423,4.8002257,5.0655146,5.1737223,5.124075,4.9520345,5.0449915,5.114023
1,1.0765154,0.0,3.7696714,3.6514142,3.5298314,4.2589555,4.121874,4.3887763,3.495545,3.739153,3.8388355,3.6061106,3.8031995,3.8096113,3.9202003,3.8754375,5.233093,4.771489,5.0727797,5.152968,4.381277,4.1101475,4.246576,4.5242867,4.1986666,4.217598,4.298213,3.9817712,4.2593155,4.253042,3.996113,4.17016,4.301532,4.330341,4.5586076,4.472672,5.0450006,5.2552886,4.7181206,4.678408,4.7491784,4.655707,4.991984,4.8548408,4.657473,4.6822257,4.696205,4.6323223,3.7681668,4.2133913,3.7374847,3.838033,3.9029253,4.0059314,3.85062,3.9237764,4.0325837,3.893408,4.076733,4.0517178,4.210644,4.2175207,4.0192666,4.199798,4.4547825,4.3802876,4.1928644,4.277637,4.3468046,4.7085867,4.351873,4.5611124,3.8623624,4.001123,3.7815526,4.094516,4.2538924,4.401209,4.33826,4.199842,3.8867247,4.406994,4.014549,4.450618,3.7562196,3.546279,3.5860262,3.6122243,3.735167,3.559351,3.9519427,3.757268,4.236796,4.9211607,4.340009,4.450711,3.7763112,3.7124863,3.8079104,4.0703735,3.6554134,3.6262095,3.7488894,3.9993095,4.5608935,3.7584457,4.7962346,4.3884816,4.856858,4.7058754,4.7476287,4.8030205,4.896096,4.9627786,4.6966386,4.8533278,4.5586667,4.7579656,5.264943,5.1104836,4.506853,4.415808,4.696519,4.816086,4.702208,4.5236354,4.6220984,4.691725
2,4.3588495,3.7696714,0.0,0.6193329,1.4126421,2.727953,2.679544,3.2175786,2.1669838,1.950639,1.7956566,1.8261882,1.6706009,1.6619568,1.9790512,2.3362687,4.053104,3.4176006,3.7267654,3.9227288,2.3379757,2.2174559,2.484428,2.1375644,2.2529416,2.3166585,2.144783,2.3027048,2.5626013,2.526732,1.8258857,2.4498012,2.8144562,2.7626963,3.3429058,3.483423,4.3753533,4.4544973,3.4514434,3.577926,3.463183,3.4126725,3.7277825,3.7021575,3.9524858,3.9673996,3.8800504,3.7633336,3.2264724,3.179416,3.1906974,3.177337,3.3283756,3.2531648,2.8214095,2.7958245,3.0047705,2.77564,3.064029,3.143567,3.2998848,3.075507,2.5374541,2.9305775,2.7904537,2.6149225,2.4058614,2.6372535,2.3817065,2.8187225,2.387955,2.6529548,2.3091724,1.7888237,2.3861046,2.6061985,2.0369675,1.9206653,2.3451438,2.2374609,2.429103,2.4422016,2.3838549,2.557789,2.890009,3.0565085,3.0543075,3.09882,2.4889607,2.2773707,2.2421331,2.6897972,2.6127956,3.1632502,2.6840684,2.977042,2.559395,2.4621668,2.9176898,3.188646,2.2080088,2.2019467,2.1259406,2.1226861,3.0746098,2.5672357,3.0503101,2.9228709,3.1135018,2.6047997,3.047093,3.260128,2.7734787,3.0819018,2.5645201,2.7982452,2.5098784,2.8230634,3.457737,3.121503,2.3354974,2.223006,2.622549,2.8031085,2.5898058,2.219242,2.625729,2.7400212
3,4.217903,3.6514142,0.6193329,0.0,1.0227635,2.5102687,2.8510253,3.1918218,1.9298732,1.7752618,1.9401528,1.5604596,1.8615283,1.850582,2.1379669,2.411266,4.025947,3.4803517,3.8092377,4.0277214,2.200685,2.0843332,2.2372537,1.9390105,2.1272128,2.167572,1.9565791,2.1098237,2.595359,2.5641012,1.7326647,2.4259567,2.8452606,2.816032,3.39228,3.4453566,4.411459,4.399786,3.4334517,3.5695772,3.497588,3.4344883,3.918709,3.7047052,4.2048087,4.224763,4.135277,4.028513,3.1759923,3.1256363,3.0791707,3.165224,3.335139,3.2577665,2.7660158,2.7178438,2.8743448,2.6636412,2.951125,2.9788427,3.1381524,3.0144293,2.3549862,2.824621,2.5181413,2.3594654,2.1468928,2.4746318,2.2269244,2.756302,2.172183,2.5205271,2.2687848,1.6796136,2.2460163,2.453651,1.925833,1.7668973,2.3352208,2.2264698,2.3702862,2.376549,2.3416593,2.4167101,3.060573,2.9370885,3.0319138,3.0436525,2.4091063,2.1895788,2.3842082,2.5914006,2.5909948,3.0862455,2.5329869,2.8555222,2.411834,2.316191,2.865562,3.0345604,2.113837,2.1012475,2.0196412,2.0198236,2.9831142,2.5050497,3.0392673,2.903329,3.069288,2.839344,3.0016716,3.2912636,2.6027896,2.9530365,2.3927603,2.5972404,2.336968,2.8595142,3.293174,2.9612255,2.2471738,2.1397946,2.5218189,2.738812,2.5306773,2.1285267,2.5546517,2.665117
4,3.962403,3.5298314,1.4126421,1.0227635,0.0,1.9126303,2.7834044,2.9276578,1.3748506,1.3321748,1.7457335,0.9891082,1.8991328,1.8837385,2.2029119,2.1662197,3.6415846,3.212828,3.662223,3.8592796,2.3069513,1.7406368,2.1232018,2.2379792,1.7394761,1.7323014,1.9257536,1.8150673,2.6749039,2.6470628,1.8044113,2.5057495,2.7702832,2.7759423,3.3636425,3.2701557,4.319175,3.9366696,3.2178204,3.4104302,3.2623658,3.1852274,3.719127,3.4455798,4.0846453,4.111619,4.0919065,4.030646,3.0348318,2.981962,2.8488326,3.0309796,3.273028,3.1333354,2.7625227,2.6991181,2.5229895,2.3201282,2.5453722,2.5251153,3.133649,2.7146723,2.1184092,2.5741565,2.4463093,2.1380718,2.041575,2.4074056,2.3061604,2.6813574,2.120523,2.412517,2.0597885,1.6177061,1.8345805,2.1665826,1.8954828,1.7660968,2.276418,2.1785092,2.1357317,2.463143,2.206918,2.3097646,3.2357712,2.8769147,3.1487207,3.1387036,2.3607676,1.9635497,2.2806678,2.231261,2.3745677,3.1339412,2.5146816,2.7185705,1.9453824,1.7975084,2.396654,2.6617234,1.8396397,1.8094285,1.7103816,1.8797423,2.7617266,2.055429,2.9119616,2.791619,3.0148804,3.015365,2.925563,3.2397735,2.6891725,3.0414875,2.3965561,2.64005,2.2915938,2.9816775,3.1940942,2.989385,2.1994777,2.1001437,2.5499902,2.6756349,2.4775345,2.2686622,2.3122067,2.499321
5,4.521612,4.2589555,2.727953,2.5102687,1.9126303,0.0,2.9575405,3.4596722,2.3556268,2.684852,2.2664218,1.7274638,2.4171143,2.410223,2.6244798,2.468108,4.0153127,3.7873144,4.261022,4.428969,3.2836933,2.374727,2.6776104,3.4117424,2.2817774,2.2406945,3.1189811,2.3474133,3.4223385,3.399139,2.9748993,3.4669163,3.0016625,2.9688375,3.6567972,3.4182198,4.985361,3.8971064,3.2855177,3.6608186,3.277317,3.219961,3.839451,3.4551418,4.5282087,4.5525274,4.626262,4.568808,4.276217,4.200182,4.078828,4.2130427,4.467683,4.260238,3.9284787,3.82568,2.734022,2.6730373,2.699612,2.6923032,3.364479,2.8749354,2.5765693,2.8194466,3.1840415,2.6589718,2.810666,3.147522,3.073028,3.386151,2.609012,2.9542954,2.8037434,2.6076875,2.192988,2.3715951,2.878544,2.7667065,3.1038847,3.0625389,2.4377303,3.1715016,2.3009276,2.7430413,3.7477126,3.3069677,3.7574573,3.7506726,3.5179381,3.2320566,3.00597,3.0660694,2.713772,3.5474749,3.3955762,3.1878054,2.2256982,2.076474,2.6367633,2.8395696,2.6624718,2.64968,2.5654519,2.7901442,2.835115,2.2894788,3.3340786,3.1769383,3.398093,3.412059,3.280688,3.5653532,3.2947648,3.609266,3.2116036,3.3815198,3.102303,3.6443827,3.5559897,3.4070365,3.0891078,3.0449371,3.448425,3.533129,3.232527,3.0410094,3.1609478,3.290766
6,4.404421,4.121874,2.679544,2.8510253,2.7834044,2.9575405,0.0,3.0520437,2.9755864,2.99744,2.5119433,2.7346396,2.201155,2.2125273,2.467271,2.292049,4.21228,4.003159,4.259333,4.4930515,3.2508996,2.6975322,3.6874728,3.6557662,2.8251622,2.809726,3.2597055,2.5942345,3.6064496,3.5382888,3.2061796,2.7463148,3.3066816,3.2185354,2.6711755,2.770679,4.8809934,4.426928,3.6671104,3.760948,4.107152,4.1354904,4.223172,4.3187876,4.5140095,4.5353727,3.3220105,3.2011435,3.8460395,3.807746,3.8358204,3.6466804,3.7226033,3.7360065,3.4225197,3.40756,3.5004752,3.282217,3.48652,3.640447,4.0796504,3.6252372,3.5731323,3.8662925,4.3014255,4.081385,4.0927677,4.3207984,3.9088824,4.2303877,3.7247627,3.968206,3.4854634,2.967123,2.7637057,3.0172956,3.307751,3.2099714,3.8606427,3.4466584,3.0846372,3.4524884,3.0269184,3.3969316,3.5958424,3.8475919,4.235517,4.3405886,3.52566,3.1032388,2.7847455,3.2355182,3.3728411,3.9067326,3.5675378,3.6325874,2.8530455,2.7451675,3.1589515,4.0998926,3.253203,3.2352433,3.161968,3.2897203,3.4545267,3.0723531,3.8166068,3.827853,4.6797056,3.0617342,3.7483413,3.9659784,3.677531,3.2749276,3.5744221,3.7373307,3.4669993,2.62858,3.9814403,3.8709836,3.3200326,3.2552545,3.5892184,3.6968288,3.5965908,3.3010328,3.5485525,3.6629863
7,4.7810583,4.3887763,3.2175786,3.1918218,2.9276578,3.4596722,3.0520437,0.0,3.2397897,3.310664,3.2674115,3.0733762,3.4029195,3.4139094,3.5967684,3.6135306,3.6816404,3.3480976,3.6555078,3.8658342,3.6926756,3.2639518,4.2170753,3.9057474,3.8463433,3.820469,3.2963068,3.5228019,3.6641314,3.5877988,3.2567694,2.7565162,4.1558204,4.173988,3.7505848,3.6740127,4.0230365,3.8764832,4.4525795,4.4711194,4.8966937,4.894791,4.530787,4.9815917,4.6932416,4.716435,3.5003529,3.5025463,4.022872,4.0081463,3.9163072,4.006653,4.2912555,4.2275004,4.0000787,4.0223513,4.2421026,3.7712116,3.9130785,3.861555,4.3581314,3.8118322,4.084281,4.166641,4.927082,4.712732,4.639128,4.829556,4.781221,4.8895535,4.704965,4.8676972,3.5891924,3.3600752,3.712105,3.9302576,3.6747477,3.6102583,3.3615818,2.923883,3.5670176,3.8631582,3.5279255,3.6668243,3.792375,4.309075,4.2598724,4.3003464,3.4600835,3.3202467,2.7007468,3.6404326,3.6076927,4.319439,3.8105078,3.9124732,3.3442168,3.2624886,3.660934,4.5547514,3.3055341,3.308709,3.3100448,3.5459983,4.2251015,3.6761703,4.122837,4.059257,4.873343,4.02309,4.0632777,4.2081094,4.019439,3.6533322,3.9211712,4.495704,3.798483,3.5798051,4.4930034,4.2994275,3.735026,3.6312158,4.027998,4.093134,4.1984677,3.9371898,3.9021194,4.134005
8,3.8748,3.495545,2.1669838,1.9298732,1.3748506,2.3556268,2.9755864,3.2397897,0.0,1.3230195,1.7432966,0.7922369,1.931763,1.9037781,2.2756064,2.162229,3.6782079,3.248883,3.665149,3.975295,2.1743248,1.7099853,1.9629915,2.7797825,1.6549287,1.6071179,2.703099,1.6083953,3.2076073,3.1930757,2.3618586,3.0446315,2.9394975,2.929824,3.604686,3.404095,4.2833495,3.964887,3.3848329,3.4091003,3.1346028,3.074707,3.6087756,3.2644129,3.9184566,3.9448082,4.0764804,4.0397425,2.5396442,2.4656677,2.3212473,2.518857,2.719961,2.5405471,2.1948447,2.1565514,2.6401968,2.4861615,2.6103485,2.6255167,3.2891726,2.8813808,2.0465703,2.6487572,2.505957,2.3002458,2.1354747,2.5610626,2.3779688,2.7524254,2.2818038,2.5156944,2.4999087,2.1318822,1.6348193,1.817844,2.1517246,2.0148566,2.421434,2.3910315,2.4004025,2.7710097,2.240344,2.7391694,3.3652678,2.971441,3.437314,3.425641,2.0700428,1.8143052,2.5552065,2.1681376,2.733703,3.1700118,2.3911288,2.6181753,1.6758635,1.5289897,2.172351,2.284929,2.165127,2.138372,2.0267975,2.138929,2.4732225,2.2009063,3.2523286,2.9595537,3.0751176,3.2284498,3.0352967,3.287433,2.846868,3.283374,2.7270286,2.9538524,2.636769,3.3089247,3.2435699,2.989497,2.4347236,2.350237,2.5202262,2.6690013,2.5960028,2.5991735,2.6102917,2.7854443
9,3.976376,3.739153,1.950639,1.7752618,1.3321748,2.684852,2.99744,3.310664,1.3230195,0.0,2.0911095,1.5449406,2.1094456,2.088155,2.4134245,2.0148628,3.9473317,3.3540018,3.6250722,3.9478447,2.0645223,1.9884247,2.2518768,2.3708012,1.9302603,1.8619584,2.3507118,1.9776511,2.7914033,2.7587082,1.8485811,2.580649,3.1171288,3.1025822,3.632268,3.5835655,4.406276,4.043401,3.6015384,3.597033,3.3570385,3.3039162,3.730238,3.5248547,3.976621,4.005643,4.0903316,4.0727315,2.809638,2.7445009,2.6064355,2.7262006,2.9167876,2.7575152,2.4823384,2.4489071,2.7127576,2.5633585,2.6839929,2.7098703,3.5778308,3.0573487,2.3567739,2.844018,2.5630815,2.2964928,2.3627446,2.7259662,2.3948393,2.7354875,2.3533561,2.5203073,2.3556702,1.8436445,2.1354942,2.1994467,1.9924482,1.8734504,2.369448,2.2962358,2.5909855,2.7478478,2.5673065,2.8058698,3.3021824,2.9832335,3.7317789,3.7459507,2.6340837,1.8428369,2.4463968,2.1085043,2.7941656,3.1370466,2.3402157,2.7424347,2.2105255,2.0974052,2.6046746,2.7730882,2.1237469,2.0865548,1.9649343,2.042324,2.7982657,2.5444474,2.6501336,2.85366,2.9984813,2.947429,2.946234,3.2108061,2.7810242,3.2074072,2.5485716,2.8045478,2.550553,3.1295807,2.9015372,2.928853,2.3619401,2.2497284,2.4431927,2.6217203,2.7285035,2.648501,2.7242842,2.9330914
10,4.3271127,3.8388355,1.7956566,1.9401528,1.7457335,2.2664218,2.5119433,3.2674115,1.7432966,2.0911095,0.0,1.435281,1.1351918,1.1223756,1.7433904,1.79793,3.8497608,3.279823,3.882538,4.028158,2.5772843,1.8167396,2.4296055,2.9526637,1.7894607,1.8414028,2.8401592,2.1145568,3.2513776,3.234533,2.737594,3.3150432,2.2535849,2.227982,3.403152,3.400022,4.041238,3.7728853,2.7986953,2.8870158,2.7103856,2.6249707,2.8917472,2.9987786,3.0542426,3.0665476,3.3543835,3.2501574,3.2217436,3.1495304,3.1820436,3.1502707,3.3224976,3.1807451,3.0932283,3.076202,2.8973033,2.7096674,2.86393,2.977029,3.7676668,2.9692118,2.5253785,2.842256,2.9535952,2.6867037,2.5608053,2.866187,2.6105976,2.6684442,2.5647528,2.5939534,2.2540116,1.8661493,1.6520214,1.9415499,2.1193552,2.146059,2.3171928,2.2701764,2.2533913,2.7737913,2.1721342,2.6579208,3.1190603,3.2350814,3.4058914,3.4321368,2.249767,2.0918925,2.045544,2.4731758,2.1344752,2.995389,2.9441948,3.084464,2.1527216,1.8543756,2.2637012,2.4899218,2.4152184,2.4112053,2.3356335,2.4967892,2.2501473,1.6823887,2.8548214,2.4197707,2.643586,2.2506816,2.6527896,2.8047054,2.7844985,3.1941879,2.6727824,2.9448042,2.5580065,2.9484637,3.3157885,2.9791186,2.7080362,2.6134355,2.9368997,2.722543,2.5137663,2.221061,2.4813812,2.6636155
11,4.0349526,3.6061106,1.8261882,1.5604596,0.9891082,1.7274638,2.7346396,3.0733762,0.7922369,1.5449406,1.435281,0.0,1.7234721,1.6986085,2.0945787,2.084348,3.6041343,3.2265584,3.7241151,3.9824507,2.1986425,1.6442139,1.9262305,2.6443336,1.564607,1.5349718,2.4785852,1.541529,3.095205,3.0763338,2.2771583,2.9435027,2.6489377,2.6238794,3.453116,3.2665017,4.313517,3.8439329,3.1182487,3.2545917,2.9471123,2.8874586,3.5018377,3.1031628,3.9504473,3.9747574,4.034535,3.9781208,3.0439885,2.9537778,2.8567214,3.0215573,3.2361434,3.0709646,2.6384435,2.575263,2.5731628,2.4230812,2.558491,2.570515,3.1108804,2.7328951,2.0548253,2.5563562,2.507747,2.2104125,2.0892324,2.5337784,2.3489738,2.744401,2.0497158,2.4194171,2.2860663,1.9189104,1.5149758,1.7069336,2.0662827,1.8825917,2.377527,2.3343213,2.172574,2.6558309,2.0050304,2.4527535,3.3094807,2.9540467,3.3067806,3.29561,2.2267897,2.0463436,2.4369977,2.328906,2.402637,3.0214238,2.550281,2.691824,1.7219447,1.5301644,2.189845,2.3789155,2.1166277,2.0979185,1.9925303,2.1596756,2.3089614,1.9002066,3.0396307,2.7422905,2.8732278,2.952761,2.8217964,3.0899851,2.6540022,3.0804818,2.558528,2.7816632,2.4536421,3.1211286,3.1394198,2.8250027,2.3502982,2.2732396,2.5421405,2.6087303,2.4454634,2.3291993,2.4429927,2.6172924
12,4.245681,3.8031995,1.6706009,1.8615283,1.8991328,2.4171143,2.201155,3.4029195,1.931763,2.1094456,1.1351918,1.7234721,0.0,0.054797612,1.0732576,1.1354115,4.0469613,3.425626,3.7128766,3.9649115,2.3589296,1.5709337,2.2360957,2.75597,1.6517149,1.7061416,2.8657284,1.9093443,2.8506916,2.8125665,2.4324996,2.9630237,2.5648515,2.5341814,3.0026643,3.092711,4.3679743,4.1441994,3.0899398,3.0954616,3.2088468,3.1348963,3.344782,3.5404701,3.4259908,3.447197,3.6164892,3.4736354,2.853692,2.7845893,2.8374946,2.6870549,2.8487566,2.7415612,2.6328087,2.5925326,2.5380952,2.3249302,2.549755,2.7285755,3.5654004,2.765833,2.0134394,2.5743217,2.842895,2.5629444,2.4574919,2.8319077,2.3715396,2.5637012,2.501316,2.4601715,2.3525805,1.7312409,1.6798229,1.8134676,1.9899127,2.0422106,2.2687135,2.1260953,2.1254838,2.3611896,1.8842107,2.483274,2.695933,2.906554,3.3086379,3.3557024,2.3434908,1.9909054,1.8721108,2.2524555,2.5243523,2.8671517,2.3676395,2.5420017,1.7415718,1.5634865,2.154544,2.421,2.1794384,2.1697977,2.039966,2.1022146,2.4241884,2.197573,2.9705682,2.661722,3.0014389,2.2458165,2.7519186,3.080562,2.7317698,3.068006,2.7334123,2.9435604,2.6575263,2.8119607,3.2099445,2.9438226,2.4592698,2.3580663,2.6305826,2.8492827,2.6473567,2.3138754,2.8262239,2.9246507
13,4.251978,3.8096113,1.6619568,1.850582,1.8837385,2.410223,2.2125273,3.4139094,1.9037781,2.088155,1.1223756,1.6986085,0.054797612,0.0,1.0804298,1.1370919,4.018318,3.4006822,3.6923172,3.9474227,2.338074,1.5559301,2.2093682,2.7406025,1.6305004,1.6844016,2.8547816,1.884364,2.8610358,2.8231826,2.4229515,2.9675622,2.5687091,2.5372293,3.017847,3.1036317,4.387934,4.1492057,3.0933452,3.1032183,3.1859448,3.1124697,3.3326886,3.5168827,3.4333732,3.4546845,3.633331,3.492469,2.8435864,2.7709744,2.8243773,2.6759646,2.8361883,2.726123,2.6110976,2.569608,2.5350928,2.326972,2.5509198,2.7300115,3.564065,2.7694688,1.9977832,2.5709455,2.8189728,2.5432835,2.433978,2.81218,2.3468235,2.5439339,2.4669685,2.4340124,2.3441844,1.7257831,1.6599171,1.7937726,1.9710746,2.01667,2.2572875,2.1226606,2.1351678,2.3602128,1.8895737,2.4824836,2.70439,2.905857,3.3108032,3.3571472,2.3324265,1.98139,1.8783749,2.2521975,2.5338967,2.8679066,2.3578386,2.535129,1.7353139,1.5582136,2.1336114,2.4068985,2.1767387,2.1666749,2.03452,2.0975099,2.4189851,2.1928358,2.9734626,2.6657376,2.9908154,2.2565904,2.751249,3.0807674,2.7360058,3.0812285,2.736394,2.942775,2.6597602,2.8275602,3.2139592,2.9469073,2.424516,2.3246024,2.5952668,2.8145597,2.6143007,2.3145995,2.7934372,2.8958957
14,4.3184056,3.9202003,1.9790512,2.1379669,2.2029119,2.6244798,2.467271,3.5967684,2.2756064,2.4134245,1.7433904,2.0945787,1.0732576,1.0804298,0.0,1.4922178,4.075482,3.4745808,3.7797616,4.014457,2.8808258,2.023846,2.4479792,3.1801443,1.985494,2.026331,3.0373735,2.4527516,2.575448,2.549069,2.934192,3.3289173,2.4676368,2.4742413,2.9082956,2.9804385,4.2323823,3.9083397,2.803408,2.808926,3.419905,3.3459811,3.5822656,3.7524292,3.7147596,3.7382104,3.8611794,3.7063546,3.1062624,3.0595853,3.069897,2.9467306,3.095821,3.0245059,2.9012861,2.8609414,2.7820766,2.5975256,2.803458,2.9577413,3.2101207,3.0188363,2.3270447,2.8687325,3.187177,2.7702339,2.6966848,3.0579455,2.6302068,3.182239,3.0725234,3.0780218,2.9634078,2.470674,2.4456046,2.51678,2.543346,2.586158,2.557982,2.4048116,1.6701137,1.8927065,1.2875446,2.064384,2.2744708,2.4745476,2.9975967,3.0451016,3.0331645,2.6943407,2.6276088,1.7917365,2.2339966,2.5081565,2.3828697,2.0459921,1.9587067,1.8328846,2.2442791,2.6268187,2.394434,2.372047,2.256846,1.806928,2.2873929,2.27063,3.1789527,2.9198158,3.2960255,2.600099,2.995256,3.711157,2.629447,2.936015,2.653842,2.864462,2.5737033,2.7430747,3.1034799,2.8728077,2.4946382,2.4161873,2.673998,2.9178839,2.482573,2.3094342,2.9388378,2.7640676
15,4.035635,3.8754375,2.3362687,2.411266,2.1662197,2.468108,2.292049,3.6135306,2.162229,2.0148628,1.79793,2.084348,1.1354115,1.1370919,1.4922178,0.0,4.147984,3.5853834,3.8342106,4.124402,2.6194243,1.784911,2.3942502,3.0148344,1.8762897,1.8551106,3.216131,2.119118,3.096671,3.033351,2.655271,3.1374102,2.8499782,2.8433201,3.2491298,3.3029537,4.6379933,4.0656095,3.3189523,3.2956765,3.3720617,3.2929409,3.5232158,3.711688,3.6362605,3.672762,3.866366,3.7618327,3.0227773,2.9657114,2.952317,2.8026319,2.9731975,2.850192,2.7863142,2.731224,2.4799523,2.3300705,2.4834669,2.6581857,3.8947272,2.9722607,2.2129905,2.764081,3.1102233,2.7454138,2.8316524,3.182951,2.7266371,2.9011674,2.684626,2.717032,2.5487325,1.9442625,1.8931674,1.9220294,2.2658408,2.3061483,2.5381637,2.3900776,2.3107452,2.5830536,2.2070885,2.8258772,2.9465942,2.987813,3.8450854,3.886036,2.9732955,2.1648583,2.0960221,2.0271125,2.7812562,2.9872153,2.4790063,2.6076632,1.9059484,1.734155,2.1863897,2.515877,2.4666734,2.434097,2.276011,2.3554847,2.6100862,2.402748,2.849724,2.9160545,3.264229,2.5595279,2.9125848,3.3183005,2.967099,3.2777655,2.9394214,3.1211188,2.8686013,3.0126114,3.0314314,3.100584,2.5805159,2.4593964,2.7195938,2.9501457,2.9004464,2.705732,3.0402853,3.1632066
16,5.568158,5.233093,4.053104,4.025947,3.6415846,4.0153127,4.21228,3.6816404,3.6782079,3.9473317,3.8497608,3.6041343,4.0469613,4.018318,4.075482,4.147984,0.0,2.1062438,2.8469212,2.7020843,4.4577184,3.99796,4.4170127,4.657751,4.109226,4.093149,3.6094217,4.135809,4.702665,4.661957,4.1507974,4.4183154,4.5827255,4.648424,4.3283834,4.175365,5.6748996,4.2294397,4.4121428,4.634609,4.2726674,4.293883,4.1437187,4.3801236,5.0441275,5.085941,4.78795,4.845085,4.317093,4.2478147,4.133407,4.2213116,4.4106693,4.3636966,4.1021285,4.093036,4.432728,4.2023926,4.2819233,4.314141,4.7673,4.3133383,4.2479568,4.3776345,5.002576,4.883698,4.78314,5.1423903,4.810162,4.9870453,4.593662,4.8319273,4.231302,4.263576,4.209932,4.3913074,4.346468,4.2116733,4.053008,4.0178804,4.274961,4.653148,4.2520447,3.7595344,4.565363,5.0126038,5.01696,5.018314,4.1457286,4.0579944,3.7640145,4.1413074,4.386356,5.177528,4.5360656,4.43086,3.9650192,3.9464643,3.2801306,4.650045,4.1352634,4.103211,4.0355344,4.1962953,4.794173,4.2499475,5.168239,5.0357428,5.2876625,5.069556,5.108255,5.529011,5.2921395,5.3858414,5.241092,5.5728736,5.062834,5.2972374,5.729203,5.566691,3.241993,3.299253,3.5478714,3.5408614,3.6864636,5.018529,3.3703303,3.6223056
17,5.1901393,4.771489,3.4176006,3.4803517,3.212828,3.7873144,4.003159,3.3480976,3.248883,3.3540018,3.279823,3.2265584,3.425626,3.4006822,3.4745808,3.5853834,2.1062438,0.0,1.3557975,1.5292373,3.7424471,3.390432,3.927061,3.949933,3.4820068,3.4839737,3.6286974,3.6861084,3.7454097,3.67829,3.4857996,3.6838622,4.1046557,4.1809473,4.2025943,4.1153684,5.217932,4.339246,4.3899703,4.4756546,3.9353557,3.8797615,3.663646,4.02576,4.4055295,4.4316697,4.250371,4.228054,3.6550648,3.6481714,3.5720353,3.6691403,3.89006,3.8543897,3.8928645,3.9455078,3.7782729,3.5216346,3.6288633,3.6333644,4.3037977,3.674238,3.6335716,3.747627,4.233636,4.0761137,4.053381,4.2606425,4.0585437,4.111857,4.208731,4.1572733,3.5647345,3.5449479,3.6366162,3.7363658,3.6103075,3.6404812,3.2498574,3.1605551,3.5963116,3.9317496,3.494784,3.6792276,3.8836923,4.2357597,4.3531356,4.382234,3.493518,3.3169358,3.1619732,3.5303721,3.759983,4.4126472,3.772445,3.7627957,3.3342276,3.3154027,2.323528,4.005772,3.2576573,3.2477095,3.2077868,3.3402934,4.042729,3.6599758,4.1867223,3.9258535,4.3964024,4.2131376,4.2260084,4.3463616,4.7850795,4.8798013,4.785336,5.1432056,4.6733785,4.928976,5.171329,4.998458,2.5140078,2.5207663,2.7735882,2.890751,3.085921,4.5590124,2.9059398,3.2084994
18,5.4710603,5.0727797,3.7267654,3.8092377,3.662223,4.261022,4.259333,3.6555078,3.665149,3.6250722,3.882538,3.7241151,3.7128766,3.6923172,3.7797616,3.8342106,2.8469212,1.3557975,0.0,1.0862038,3.828744,3.7120888,4.2771487,4.110591,3.772967,3.7705998,3.8797264,3.9308712,3.5271583,3.4478996,3.3041553,3.3819315,4.758469,4.8116074,4.1726036,4.1434956,5.733286,5.0174646,5.0684814,5.075772,4.616409,4.5795474,4.290012,4.711262,4.881432,4.9074335,4.6665316,4.6496754,3.5798535,3.5946999,3.5122325,3.5541403,3.788138,3.7826657,3.8608203,3.9210029,3.711359,3.4373124,3.52476,3.5504525,4.327165,3.5605974,3.582162,3.6654675,4.3852196,4.224887,4.2722707,4.5029125,4.201013,4.1872625,4.484426,4.26664,3.8500078,3.80005,4.015647,3.9881492,3.896559,3.956412,3.5758998,3.4426334,3.9899304,4.235251,3.784516,3.9934032,4.0143723,4.4469566,4.669787,4.7207212,3.7384686,3.502877,3.3286474,3.932147,4.4238324,4.840764,3.7023258,3.819353,3.428794,3.5476801,2.7200696,4.3468404,3.2496996,3.247175,3.2014463,3.402315,4.560712,4.391958,4.488592,4.295077,4.8323135,4.4929934,4.610293,4.6254954,5.201953,5.242865,5.2784247,5.62398,5.2253933,5.3444395,5.514712,5.375766,2.8429217,2.8662853,2.9579577,3.5611794,3.8286572,5.131612,3.7938416,4.0790415
19,5.5772314,5.152968,3.9227288,4.0277214,3.8592796,4.428969,4.4930515,3.8658342,3.975295,3.9478447,4.028158,3.9824507,3.9649115,3.9474227,4.014457,4.124402,2.7020843,1.5292373,1.0862038,0.0,4.4518414,4.1841984,4.684952,4.5811543,4.016778,4.043589,3.985586,4.450997,3.7285619,3.6711648,3.5637183,3.7508876,4.6523676,4.7257524,4.0720615,4.057136,5.556233,4.809929,4.8512383,4.9237804,4.4364014,4.4072995,4.001029,4.533187,4.5656505,4.5949764,4.464472,4.495059,3.8056183,3.843792,3.763211,3.811608,4.0424595,4.0494933,4.1357203,4.21469,3.6840847,3.4172173,3.472018,3.5018013,4.248408,3.4569702,3.8411534,3.561629,4.651153,4.443729,4.515583,4.712316,4.438481,4.3948503,4.7484026,4.4826436,4.097171,4.1248493,4.318751,4.383599,4.3883557,4.4558,3.9820716,3.9316318,4.0003166,4.704463,4.004009,4.058161,4.37535,4.918229,4.943257,4.986653,3.9592865,3.7651699,3.514032,4.1096377,4.3629656,5.355239,4.3607087,4.3755803,3.756706,3.8639235,2.9894934,4.539362,3.5403848,3.527621,3.4855728,3.6857538,4.894444,4.5505424,4.8543725,4.631545,5.062733,4.8082156,5.134186,5.0577135,5.6448193,5.725356,5.6574993,6.006904,5.5784774,5.749756,5.9960256,5.8533316,3.4079032,3.4247391,3.6080317,4.0576487,4.220094,5.4656277,4.094616,4.3554726
20,4.7948203,4.381277,2.3379757,2.200685,2.3069513,3.2836933,3.2508996,3.6926756,2.1743248,2.0645223,2.5772843,2.1986425,2.3589296,2.338074,2.8808258,2.6194243,4.4577184,3.7424471,3.828744,4.4518414,0.0,1.8917779,2.3712428,1.8276601,2.4211223,2.3469937,2.7615097,1.5882576,3.4245563,3.3700886,2.3568087,2.669623,3.9360964,3.9032924,4.068165,4.07779,5.421117,5.165005,4.483813,4.320385,4.2280083,4.1692214,4.649,4.386027,4.9434967,4.960648,4.7339253,4.6087885,3.2938194,3.1791575,3.1670332,3.2017374,3.3136604,3.2977934,3.0055423,2.9450524,3.5262609,3.3722327,3.5565615,3.5993419,4.403998,3.7460842,2.7206051,3.6100252,2.730469,2.8645766,2.7915654,3.3791678,2.6688879,2.7730217,2.51352,2.621043,2.5542543,1.7356962,2.2497098,1.814718,1.5545573,1.4398307,2.563029,2.2517715,3.6331396,2.9176843,3.1866322,3.2871501,3.5944495,3.2757556,4.0196657,4.03946,2.4268236,2.1173086,2.6886086,3.338814,3.7492118,2.8054223,1.8690878,2.937365,2.6763015,2.5775454,3.0209436,3.3651125,2.669324,2.6834824,2.6135852,2.891079,2.8283603,3.227149,2.7063158,2.6102269,3.061943,2.5892544,2.2566686,2.6072695,2.544956,2.7942033,2.8312643,2.9651666,2.9310958,3.1176221,2.8951716,2.6009536,2.2198877,2.182354,1.9121485,2.2866964,2.757476,2.7647383,3.0004358,3.296393
21,4.4944897,4.1101475,2.2174559,2.0843332,1.7406368,2.374727,2.6975322,3.2639518,1.7099853,1.9884247,1.8167396,1.6442139,1.5709337,1.5559301,2.023846,1.784911,3.99796,3.390432,3.7120888,4.1841984,1.8917779,0.0,1.8745255,2.2562673,1.5485406,1.5032735,2.7925487,1.0669473,3.1353536,3.0855856,2.5239673,2.9048688,3.3213463,3.3363652,3.6011207,3.5267062,4.8723187,4.488863,3.7483015,3.7843287,3.881675,3.778045,4.1415696,4.116851,4.420266,4.4408016,4.394188,4.2442102,2.7659948,2.6254337,2.622259,2.666367,2.892443,2.7275856,2.804295,2.710339,2.9044633,2.6828556,2.9423096,2.994809,4.078044,3.2101612,1.9968202,3.07243,2.5548782,2.4460883,2.2545004,2.6816902,2.4202669,2.488274,2.513359,2.4432755,2.3540406,1.5304694,1.3434212,1.6547313,1.2419934,1.339001,2.0478013,1.7214084,2.6556914,2.0111535,2.3419442,2.7451527,3.1735191,2.7406666,3.31273,3.3178263,2.207166,1.8621218,2.2058,2.3871849,3.071128,2.6892056,1.6898504,2.103638,1.4484758,1.2160784,2.0325015,2.3728836,2.0481195,2.047413,1.9078203,2.031501,2.511935,2.278674,3.0515716,2.7030861,3.249925,2.8874984,2.4521875,3.0305777,2.4701211,2.7151012,2.380329,2.573416,2.292781,2.690135,2.9733038,2.7259586,1.9596771,1.8689567,2.2102997,2.4855206,2.315233,2.1804845,2.2876656,2.5008032
22,4.575231,4.246576,2.484428,2.2372537,2.1232018,2.6776104,3.6874728,4.2170753,1.9629915,2.2518768,2.4296055,1.9262305,2.2360957,2.2093682,2.4479792,2.3942502,4.4170127,3.927061,4.2771487,4.684952,2.3712428,1.8745255,0.0,2.1084995,2.3642077,2.326864,3.2673326,1.9680307,3.7943795,3.775896,2.933209,3.82439,3.0957625,3.076213,4.139677,4.0371156,4.893822,4.4388475,3.6591592,3.7490427,3.2944648,3.2005253,3.843792,3.4989128,4.4656734,4.48663,4.9135733,4.7838917,3.3217685,3.1889565,3.1299684,3.236065,3.2614982,3.006369,2.8897734,2.7855222,3.3098848,3.2223394,3.3903751,3.4366431,3.9767694,3.9144657,2.2233636,3.22778,1.8845116,2.2270606,1.9782366,2.4581747,1.7392621,2.734614,2.0477462,2.4518266,3.2495694,2.1576593,1.995633,2.040316,1.7668645,1.6321607,2.0802035,2.2319195,2.9727948,2.4520273,2.5868406,3.009866,3.3098526,2.774111,3.7274854,3.691134,2.9200144,2.685225,2.986963,2.732668,3.3611307,2.9330053,2.3278048,2.4643753,2.340123,2.202845,2.7775936,1.7316209,3.0332458,3.0210578,2.8667557,2.451547,2.8212504,3.089357,3.6431837,3.408272,3.2355783,3.6615891,3.3056266,3.8079882,2.5948756,3.3746734,2.6025386,2.7274563,2.5532475,3.5115595,3.0707953,2.837502,2.425038,2.3094687,2.4812372,2.7444313,2.556756,2.4513357,2.8002627,2.8653486
23,4.962053,4.5242867,2.1375644,1.9390105,2.2379792,3.4117424,3.6557662,3.9057474,2.7797825,2.3708012,2.9526637,2.6443336,2.75597,2.7406025,3.1801443,3.0148344,4.657751,3.949933,4.110591,4.5811543,1.8276601,2.2562673,2.1084995,0.0,2.9208796,2.890716,2.6081913,2.2555833,3.5668044,3.5169814,2.32378,2.846262,3.7992659,3.7774596,4.167703,4.2514615,5.3430142,5.1531672,4.432884,4.463471,4.1818595,4.106806,4.542175,4.3490143,5.039302,5.0533133,4.877823,4.7228947,3.6363993,3.5401204,3.5148237,3.584492,3.6111872,3.5181572,3.41623,3.354098,3.7991939,3.6155424,3.88223,3.9002461,4.5678988,4.2278514,2.9878747,3.816023,2.3226316,2.8401754,2.6985745,3.0835636,2.3110187,2.8411353,2.517971,2.7158182,3.037195,1.6429039,2.5829542,2.6116724,1.391075,1.3312145,2.3750644,2.170422,3.7388148,2.844815,3.494267,3.4072556,3.6558783,3.3314223,4.042545,4.049,2.9110262,2.5718167,2.7667558,3.520158,3.8749309,3.311473,2.461377,3.2179365,3.1283123,3.0269253,3.4432673,3.2856462,3.041077,3.047965,2.9566417,2.8493457,3.596946,3.6836376,3.3092139,3.2976918,3.5813413,3.391141,3.1803594,3.4529636,2.830819,3.178518,2.7845283,2.9358523,2.8411448,3.2895231,3.3681061,3.1664448,2.330755,2.2245755,2.4143963,2.7180102,2.8938687,2.7610188,2.885261,3.1630366
24,4.587664,4.1986666,2.2529416,2.1272128,1.7394761,2.2817774,2.8251622,3.8463433,1.6549287,1.9302603,1.7894607,1.564607,1.6517149,1.6305004,1.985494,1.8762897,4.109226,3.4820068,3.772967,4.016778,2.4211223,1.5485406,2.3642077,2.9208796,0.0,0.20043798,2.8591197,1.7248371,2.877885,2.8548005,2.4978452,3.0400953,2.8467114,2.864691,3.2700872,3.1496334,4.8515377,4.46251,3.2481549,3.3317194,3.3113327,3.2032077,3.9000146,3.5426443,4.1643434,4.187975,4.32011,4.21487,2.751637,2.583789,2.6493955,2.7347138,2.968273,2.874376,2.7873728,2.7253222,1.9145929,1.912517,2.1209934,2.2034686,3.288974,2.3875372,1.6836381,2.2774131,2.2466302,1.6986569,1.793084,2.2758124,2.031889,2.0586545,2.2018652,1.8747088,2.4485567,2.0081952,1.4504864,1.6254209,2.2106175,2.2230844,2.9347541,2.81601,2.04608,2.6141467,2.0428953,2.588698,3.7821765,3.2010353,3.6438112,3.6492133,2.3752193,1.9592712,2.7698705,2.1864107,2.554253,3.10943,2.4286613,2.6290731,1.4352692,1.30866,1.8649144,2.418028,1.9344286,1.908852,1.7182028,1.8925004,2.2011955,1.9863846,3.0171883,2.6601448,3.0042071,2.8584266,2.8666058,3.1076965,2.948908,3.271263,2.8618963,2.8391562,2.8215284,3.2859447,3.263964,3.058161,2.327534,2.2956576,2.482782,2.766797,2.46652,2.5830493,2.587281,2.6902928
25,4.576549,4.217598,2.3166585,2.167572,1.7323014,2.2406945,2.809726,3.820469,1.6071179,1.8619584,1.8414028,1.5349718,1.7061416,1.6844016,2.026331,1.8551106,4.093149,3.4839737,3.7705998,4.043589,2.3469937,1.5032735,2.326864,2.890716,0.20043798,0.0,2.8382988,1.6440247,2.9012554,2.8762887,2.506595,3.0188072,2.8844144,2.901124,3.274536,3.1363976,4.8822255,4.420338,3.2667358,3.3370357,3.3303297,3.2270832,3.9365425,3.5517037,4.236288,4.260775,4.3503637,4.2491837,2.797609,2.6271334,2.673699,2.7690642,2.9979134,2.9022298,2.808425,2.7412252,1.9638785,1.9657904,2.1506698,2.2238998,3.327956,2.454618,1.724347,2.3486056,2.2545352,1.7228173,1.8569022,2.3680415,2.065806,2.131825,2.2115862,1.9207982,2.4792314,2.0020645,1.4438907,1.5602609,2.1846056,2.1853194,2.9370358,2.8011343,2.1047652,2.615276,2.0606716,2.579973,3.7867036,3.1658232,3.7011461,3.7059762,2.4392903,1.9800056,2.7941496,2.1787443,2.5871618,3.050522,2.370907,2.5835187,1.4268241,1.2932717,1.8644255,2.4269385,1.966827,1.9404902,1.7519581,1.9160244,2.1411543,2.0162864,2.9547715,2.6395507,3.0136843,2.8570244,2.8122225,3.0936365,2.8906472,3.2036855,2.8245351,2.8046126,2.7938342,3.2515078,3.1599853,2.9812326,2.2984014,2.2706108,2.429047,2.714004,2.455492,2.5905738,2.5919495,2.7001524
26,4.779247,4.298213,2.144783,1.9565791,1.9257536,3.1189811,3.2597055,3.2963068,2.703099,2.3507118,2.8401592,2.4785852,2.8657284,2.8547816,3.0373735,3.216131,3.6094217,3.6286974,3.8797264,3.985586,2.7615097,2.7925487,3.2673326,2.6081913,2.8591197,2.8382988,0.0,2.778504,2.7939324,2.8095555,2.2242181,2.5475106,3.6786125,3.6947143,3.0805972,3.1451573,4.966788,4.30444,3.590524,3.7150528,4.130336,4.1141896,4.4563046,4.322471,4.801874,4.8271036,4.488607,4.458488,3.7243736,3.6915195,3.5198653,3.61947,3.7978919,3.7922022,3.472993,3.4023921,3.4581509,3.242266,3.4276476,3.4490314,3.801338,3.4230273,3.1058333,3.4487517,3.306863,3.2116475,3.180089,3.7650728,3.1157815,3.4134684,3.180631,3.2240477,2.831966,2.4424717,3.150552,3.2630463,2.6535623,2.5920913,3.1239398,2.9076262,3.3392737,3.271647,3.2907815,2.079141,3.5568328,3.5569897,3.7174263,3.7258327,3.0818362,2.8573937,2.8724391,3.3217003,3.2910178,3.7606661,3.0245883,3.3941717,3.0718927,3.020387,3.399339,3.8875303,2.5806947,2.559163,2.549634,2.7131867,3.687274,3.351447,3.4272962,3.4213064,3.8121736,3.3651345,3.5441604,4.1429524,3.2725308,3.4043374,3.1311033,3.3681204,3.1295302,3.3585584,3.8394048,3.6192935,2.7793713,2.8126755,3.015198,3.2016556,3.2013595,3.1910307,3.1377616,3.2685685
27,4.347454,3.9817712,2.3027048,2.1098237,1.8150673,2.3474133,2.5942345,3.5228019,1.6083953,1.9776511,2.1145568,1.541529,1.9093443,1.884364,2.4527516,2.119118,4.135809,3.6861084,3.9308712,4.450997,1.5882576,1.0669473,1.9680307,2.2555833,1.7248371,1.6440247,2.778504,0.0,3.4027538,3.3603017,2.4264302,2.7675593,3.5999491,3.55503,3.716238,3.600238,5.362368,4.887767,4.063458,4.1276803,3.9010077,3.838746,4.4066257,4.0759044,4.8329983,4.851859,4.6636767,4.5382934,3.056577,2.9537559,2.8860078,2.9359996,3.0891604,2.9525158,2.7241523,2.6128118,3.002601,2.8829606,3.1046193,3.164982,4.020077,3.3453796,2.1636775,3.2333138,2.5115948,2.498511,2.331774,2.7970715,2.4289184,2.6435869,2.106533,2.3351774,2.4622543,1.8039265,1.2919854,1.4759881,1.5428398,1.4153961,2.6247742,2.3586786,3.0854785,2.5745075,2.7092063,3.0702627,3.4805913,2.8961756,3.530217,3.5519586,2.3681984,2.100094,2.5830996,2.9245758,3.5025568,3.0688653,1.9982446,2.5384135,1.7670169,1.6447822,2.3766692,2.7309327,2.2760022,2.2750714,2.1695302,2.4685607,2.7210233,2.5673356,3.2330675,2.9586885,3.4399936,3.0278308,2.6522644,3.039354,2.7557185,2.9444346,2.7140384,2.7653792,2.663731,2.9108536,3.1715693,2.903899,2.1250553,2.0851793,2.2709446,2.621697,2.578205,2.5305953,2.570785,2.8404264
28,4.6901073,4.2593155,2.5626013,2.595359,2.6749039,3.4223385,3.6064496,3.6641314,3.2076073,2.7914033,3.2513776,3.095205,2.8506916,2.8610358,2.575448,3.096671,4.702665,3.7454097,3.5271583,3.7285619,3.4245563,3.1353536,3.7943795,3.5668044,2.877885,2.9012554,2.7939324,3.4027538,0.0,0.18088576,2.4402394,2.507996,3.9496746,3.9807553,3.2823646,3.3820639,4.9123764,4.8001,4.1489444,4.14934,4.7461424,4.669811,4.8340535,4.95976,4.7603617,4.7766685,4.742946,4.663602,3.586587,3.6715543,3.5028603,3.551595,3.8715184,3.8584275,3.7883277,3.7717257,2.8458095,2.6250157,2.7814407,2.7904105,2.9419653,2.5951529,2.780416,2.9216402,3.6248808,2.9448104,3.1098132,3.388711,3.296968,3.4824536,3.9065032,3.5268662,3.0412495,3.1083653,3.6489701,3.6544242,3.3032808,3.4614954,3.3134992,3.0786319,2.5167577,2.7613947,2.3719869,2.5052629,2.8899753,2.8226373,2.9836702,3.0502756,3.6622097,3.2736166,3.3243608,2.8203113,3.0711918,3.5372605,2.7292268,2.6474843,2.6858156,2.7934253,3.1360257,3.8768094,1.7256901,1.7223476,1.7829568,1.7352906,3.5460343,3.30917,3.207175,3.1087837,3.7541072,3.2609844,3.5136,3.989911,3.6116374,3.6751125,3.5399404,3.7873845,3.60409,3.7450826,3.9162965,3.7905474,3.1840813,3.170759,3.3805904,3.9755754,3.7075078,3.631761,3.988402,3.9102597
29,4.6740947,4.253042,2.526732,2.5641012,2.6470628,3.399139,3.5382888,3.5877988,3.1930757,2.7587082,3.234533,3.0763338,2.8125665,2.8231826,2.549069,3.033351,4.661957,3.67829,3.4478996,3.6711648,3.3700886,3.0855856,3.775896,3.5169814,2.8548005,2.8762887,2.8095555,3.3603017,0.18088576,0.0,2.3875675,2.4117017,3.9515958,3.9826274,3.286156,3.390278,4.921604,4.8087835,4.18472,4.1814184,4.755209,4.6784034,4.8317175,4.969218,4.7696576,4.78713,4.7085686,4.6259007,3.55467,3.6341555,3.4759848,3.5196724,3.844262,3.834672,3.752451,3.737068,2.8230405,2.5903614,2.7580414,2.7660418,2.9709263,2.582807,2.7677865,2.9230244,3.638047,2.96266,3.129009,3.3951468,3.3138068,3.4860902,3.887079,3.5273397,2.99668,3.054091,3.6132317,3.6147518,3.2618577,3.4137132,3.2764006,3.0232792,2.5020094,2.7216372,2.3629034,2.5498192,2.8858972,2.8338008,3.0191855,3.0880027,3.6397007,3.220965,3.2594528,2.7877443,3.0739224,3.5085304,2.6833973,2.6243503,2.657895,2.7657046,3.0910404,3.888691,1.7045869,1.7009501,1.7514508,1.7312092,3.539071,3.2905862,3.1606903,3.0932872,3.765924,3.2250156,3.4718652,3.9341636,3.5970423,3.6343632,3.529549,3.7811015,3.5898523,3.7024715,3.888213,3.7769115,3.1074018,3.0882208,3.3070035,3.9148836,3.6677816,3.6121802,3.9387283,3.8740652
30,4.424676,3.996113,1.8258857,1.7326647,1.8044113,2.9748993,3.2061796,3.2567694,2.3618586,1.8485811,2.737594,2.2771583,2.4324996,2.4229515,2.934192,2.655271,4.1507974,3.4857996,3.3041553,3.5637183,2.3568087,2.5239673,2.933209,2.32378,2.4978452,2.506595,2.2242181,2.4264302,2.4402394,2.3875675,0.0,1.6185445,3.8810318,3.8462017,3.4922988,3.5721524,5.0560627,4.9173274,4.389508,4.459902,4.0790224,4.0437856,4.243246,4.255308,4.4270844,4.4525394,4.4252095,4.4031444,2.9806762,2.9591072,2.847929,2.9073887,3.1735163,3.0553958,2.6741295,2.6361194,2.4893382,2.2245336,2.4305022,2.4725912,3.473866,2.514883,2.1504421,2.3983078,2.7674441,2.5529976,2.580915,2.8865051,2.6192365,2.600088,2.4678388,2.4215646,2.1906111,1.876035,2.582102,2.6583204,2.3326082,2.2687283,2.649781,2.5590482,3.1198635,3.3098123,3.081332,3.1097527,3.5464556,3.5904024,3.8416562,3.877517,2.5666707,2.057056,2.112001,3.2077131,3.595697,4.0884566,2.663726,3.2775342,2.4426153,2.5355077,3.0683997,3.403117,1.850221,1.8418703,1.7397684,2.3237593,3.870116,3.4382215,3.2933178,3.3617914,3.5695634,3.2965364,3.5731554,3.4413412,3.6700835,3.926457,3.5328624,3.777788,3.5468333,3.8507566,4.010393,3.8818963,2.7085676,2.6281657,2.8867173,3.5237522,3.6346152,3.5020742,3.5095024,3.826122
31,4.578766,4.17016,2.4498012,2.4259567,2.5057495,3.4669163,2.7463148,2.7565162,3.0446315,2.580649,3.3150432,2.9435027,2.9630237,2.9675622,3.3289173,3.1374102,4.4183154,3.6838622,3.3819315,3.7508876,2.669623,2.9048688,3.82439,2.846262,3.0400953,3.0188072,2.5475106,2.7675593,2.507996,2.4117017,1.6185445,0.0,4.3156214,4.2830405,3.2125623,3.3203254,5.268443,5.1944265,4.791003,4.7911477,4.888272,4.8729105,4.9700103,5.0135465,5.1271243,5.1479297,4.233659,4.1748137,3.4145715,3.4379687,3.3443346,3.3573642,3.5880551,3.624825,3.31892,3.3225665,3.148891,2.8294935,3.0639799,3.075289,3.7835174,3.0284986,3.1413636,3.3564043,3.763215,3.5694509,3.6550815,3.9001014,3.6152613,3.6586587,3.607445,3.545189,2.9219248,2.5596895,3.1712253,3.2374287,2.9883628,2.9685447,3.5116198,3.0764608,3.504506,3.5849254,3.4360023,3.5150867,3.807159,3.8554018,4.11833,4.200274,3.107796,2.629507,2.6278956,3.600652,3.929917,4.2636385,2.9932258,3.5777345,2.8875277,2.9759474,3.415276,4.3524075,2.3324387,2.3362195,2.321112,2.817396,4.13178,3.7984526,3.5119448,3.6142612,4.467073,3.4202504,3.7391355,3.631567,3.9424284,3.6478686,3.8611248,4.1101522,3.887986,3.5636554,4.249832,4.1416545,3.0734577,3.018825,3.2502644,3.8566546,4.0160275,3.8910475,3.9024475,4.1761074
