,0,1,2,3,4,5,6,7,8,9,10,11,12,13,14,15,16,17,18,19,20,21,22,23,24,25,26,27,28,29,30,31,32,33,34,35,36,37,38,39,40,41,42,43,44,45,46,47,48,49,50,51,52,53,54,55,56,57,58,59,60,61,62,63,64,65,66,67,68,69,70,71,72,73,74,75,76,77,78,79,80,81,82,83,84,85,86,87,88,89,90,91,92,93,94,95,96,97,98,99,100,101,102,103,104,105,106,107,108,109,110,111,112,113,114,115,116,117,118,119,120,121,122,123,124,125,126,127
0,0.0,0.9061821,2.1452475,2.060555,3.3543758,2.9685268,3.0881913,3.4319458,2.9045327,2.897614,2.6242142,3.3270023,2.676804,2.2095854,2.705733,3.3414843,2.1049495,2.167069,2.1786156,2.5126972,2.8601356,2.9658067,3.7528164,2.3427615,2.2790956,2.4536777,2.3335874,2.3269734,1.9922969,2.3060293,2.4031632,2.2675583,2.259059,2.2705526,2.6069317,2.7450283,2.6369636,2.6441908,2.6513808,2.5003066,2.9829261,2.9474008,2.843336,2.7909153,2.4432554,2.997332,3.0516458,2.8750112,2.1803992,2.2098541,2.9059825,2.8420527,4.203803,2.5375204,3.018279,2.5990577,2.475773,2.455073,2.5947511,2.5913663,2.4935312,2.2070205,2.440312,2.4404714,3.5637763,3.4984968,2.5748036,2.6226096,2.8016782,2.2844322,2.4838235,2.1840577,2.776579,3.3643048,3.8208234,3.8068926,3.4945996,3.776423,3.274442,3.397715,2.8312528,2.6907248,2.657308,2.6727352,2.890269,3.6781764,2.9222379,3.049008,3.3385441,3.0812545,2.5038733,3.3484738,3.0436103,3.0498998,3.7049942,3.1950686,2.0434787,2.7376626,2.0951777,2.536887,2.1713955,2.2208922,3.181282,2.3730931,2.5511675,2.1715343,2.6511686,2.970482,2.378841,1.921964,2.1606388,2.5589254,2.7575967,2.1718698,2.603034,2.7604172,2.2368128,2.2561765,2.5614967,2.25485,2.2437184,2.2378407,2.29701,2.3009539,2.2259426,2.238798,2.1296835,2.7068446
1,0.9061821,0.0,1.883325,1.8266004,2.9293718,2.7877424,2.671045,2.8610814,2.7448473,2.7228477,2.748119,2.8804524,2.9172742,2.524006,2.9361625,2.6909986,2.444532,1.7539746,1.9003793,2.2740195,2.2605467,2.3927426,3.6280804,2.547611,2.4532979,2.61199,2.503287,2.5137682,2.131225,2.4301722,2.5600698,2.4406607,1.9552181,1.9782802,2.3764942,2.4840825,2.3903189,2.380664,2.4219258,2.589862,2.773084,2.7521305,2.593178,2.5330622,2.6227505,2.822813,2.846493,2.687211,1.9037817,1.9497972,2.666345,2.609487,4.122618,2.2508492,2.8260808,2.4129536,2.523223,2.2297294,2.8231041,2.818305,2.6852598,2.3833678,2.2033045,2.2048397,2.973255,2.9232242,2.3511975,2.4646263,2.6298609,2.0477133,2.2955465,2.0100539,2.5463655,3.200714,3.2487106,3.2310417,3.3410802,3.6276371,3.0981674,3.2331536,2.6700284,2.528636,2.4847853,2.5169082,2.7472448,3.139324,2.7878022,2.895014,3.175714,3.240215,2.525081,3.1870244,2.8350084,2.901788,3.5329216,3.0223446,1.7632877,2.528752,1.767955,2.2927778,1.9146746,1.9587116,2.5057857,2.1160152,2.2964072,1.9101433,2.4227917,2.7399447,2.655039,2.1778314,1.9319566,2.3252993,2.5159783,1.8531104,2.4234066,2.5537307,1.9236289,1.9606814,2.283846,1.9582036,2.0163813,1.99797,2.064454,2.06142,1.9599434,1.9569713,2.333473,2.4537914
2,2.1452475,1.883325,0.0,0.18401487,2.4602854,2.259857,2.3748689,2.6939256,1.8318201,1.825845,1.9117022,2.1716259,2.3431313,2.2213185,2.2141488,2.4399698,2.0970695,1.3633502,1.1501359,1.5401057,2.061794,2.10652,3.102654,1.9980934,1.809698,1.9945236,1.8493987,1.8570473,2.1978076,1.8148204,2.0955403,1.8527175,1.1166402,1.1298519,1.8291464,1.626266,1.7061893,1.5066229,1.5180004,1.7388976,1.9338064,1.9226496,1.4875029,1.4208059,1.5911326,2.7379801,1.9014667,2.2281327,1.1235158,1.1608906,1.823496,1.6866629,4.2373304,1.1832806,2.0911071,1.826105,1.8929363,1.519036,2.2849872,2.2703364,2.1275609,1.7513783,1.5274673,1.528802,2.5335317,2.3801794,1.4033345,1.7842995,1.9255682,1.0621998,1.6698574,1.4565123,1.988911,2.7340138,2.6740146,2.6893172,2.2408123,2.5844693,1.9561392,2.1812646,1.8668883,1.8103627,1.7680926,1.8352497,2.4844503,2.8873022,2.479748,2.2827237,2.608163,2.4795096,1.9148133,2.481277,2.0819757,2.9970715,2.3794553,2.2908313,1.1804975,2.7186847,1.2776567,1.9929348,1.4626244,1.4679427,1.9710987,1.2515199,1.7785869,1.3895208,1.5532717,1.555612,2.2773995,1.6068233,1.1314316,1.5275339,1.8907852,1.7958235,1.8351089,2.0082908,0.98483014,1.0009485,1.48291,1.1487973,1.6262735,1.619074,1.299968,1.2903798,1.0799493,1.080576,1.353438,1.3911108
3,2.060555,1.8266004,0.18401487,0.0,2.4953208,2.2740884,2.381108,2.7171662,1.8633102,1.8615043,1.9156339,2.231477,2.3818176,2.1994343,2.253906,2.5567615,2.0292168,1.3644142,1.1971853,1.5990437,2.0526357,2.1128871,3.0966012,1.9848533,1.8166397,1.9847887,1.8624218,1.8670062,2.1561825,1.7506409,2.0949242,1.867051,1.1835804,1.1909896,1.8320653,1.7371414,1.762973,1.6103948,1.6016003,1.7744858,2.0015652,1.9907863,1.5458944,1.4766587,1.5895667,2.7579422,1.9813304,2.276274,1.1632727,1.2045914,1.8353324,1.7202579,4.24959,1.2219621,2.1374724,1.8646487,1.9182956,1.5531733,2.290139,2.2761235,2.1234314,1.7224854,1.5514349,1.5524344,2.589453,2.4485724,1.4782007,1.806892,1.9756076,1.1407237,1.6985754,1.3771197,2.0167835,2.7441938,2.7596743,2.7718112,2.2979913,2.6328413,2.0108535,2.2152274,1.9553845,1.8686379,1.8291435,1.8933696,2.5052621,2.945329,2.4998312,2.3101466,2.6677537,2.4997292,1.9258233,2.5423932,2.1633232,3.0377874,2.4588363,2.3701594,1.1981591,2.7224362,1.2986425,2.0092561,1.4836292,1.4919975,2.0476413,1.3056225,1.7590085,1.3598245,1.5602612,1.5883834,2.2211385,1.5584058,1.1187834,1.5688607,1.9054887,1.8288003,1.8877785,2.0573378,1.047473,1.0643348,1.5438294,1.16378,1.6707562,1.6639847,1.3451602,1.3365006,1.1329957,1.1470704,1.3362155,1.4809544
4,3.3543758,2.9293718,2.4602854,2.4953208,0.0,0.93684196,2.1120305,2.0678778,2.1731994,2.109555,2.5852714,1.9415082,3.5182555,3.380379,3.3431544,2.723189,3.2125142,2.417042,2.3409853,3.0576792,2.751681,2.746644,2.7986681,3.1539683,3.5052247,3.6566346,3.5218954,3.4877868,3.1548617,2.96302,3.7350032,3.4942982,2.226176,2.29643,1.9393034,3.0317981,3.1798954,2.4363427,2.513491,2.952613,2.7552555,2.783952,2.6514337,2.617566,3.1309628,3.0485055,3.1901174,3.1177158,2.3604076,2.4256496,3.4032297,3.299996,4.1751814,2.5344572,2.7551239,2.5848527,2.9314432,2.4393582,3.366558,3.3538818,3.2023265,3.0148568,2.4622273,2.4642875,1.99255,1.7579138,2.384071,1.8698428,1.9268421,2.0646608,1.8488009,2.62209,2.6899724,2.920803,2.628412,2.4445248,2.7996235,2.756746,2.917759,2.7333605,2.6201258,2.5943873,2.5099185,2.5940723,2.2494023,2.0341356,2.262551,2.0314813,2.5525005,3.2970922,2.31409,1.6221336,2.7683723,3.4800038,2.7494266,2.6332364,2.4284956,2.9889703,2.3637786,1.9642938,2.5788083,2.5698965,2.1335423,2.3934367,2.8487797,2.6675951,2.8454072,2.4122093,2.827374,3.0880163,2.4278376,2.336155,2.8425524,2.6522605,2.6804445,1.9357407,2.2631776,2.3052871,2.3103683,2.3585203,2.5786114,2.562201,2.4131615,2.405747,2.3553197,2.3205423,3.0445967,2.5243185
5,2.9685268,2.7877424,2.259857,2.2740884,0.93684196,0.0,2.2824395,2.4971435,1.8596478,1.8040497,1.9810069,2.1605415,2.9592054,2.8298204,2.7296538,3.0159543,2.650875,2.3717797,2.1460483,2.8819747,2.968408,2.9508784,2.7073855,2.6210864,3.0306969,3.1993167,3.0485618,2.9995704,2.7511125,2.4938443,3.3264596,3.0331447,2.0438297,2.1246665,1.7455353,2.8759258,3.000341,2.2535357,2.3399124,2.4953554,2.51416,2.5260823,2.4386134,2.4107935,2.5738184,2.8486722,2.9948206,2.9491794,2.149974,2.2203465,3.2599187,3.157653,4.0041676,2.395442,2.5801847,2.3508968,2.5063941,2.2021728,2.8330057,2.8176227,2.6843057,2.4699895,2.2460864,2.2461517,2.4372466,2.2268984,2.191222,1.5389278,1.6789055,1.785588,1.5365003,2.4137652,2.4706998,2.7018542,2.9477048,2.800293,2.5444324,2.5112457,2.6803024,2.4629126,2.3553598,2.331777,2.2459624,2.339669,2.0134254,2.451403,2.011379,1.7600341,2.264149,2.7432666,1.8562725,1.258062,2.5456207,3.3039107,2.5199454,2.3833058,2.2175195,2.8305452,2.1937466,1.7288821,2.3862312,2.388298,2.5582516,2.1959267,2.724057,2.4846191,2.7187035,2.2561772,2.2044039,2.5642016,2.2268403,2.1591299,2.6984372,2.5203838,2.4834723,1.7347292,2.0822196,2.111383,2.1615856,2.1620998,2.3617454,2.3512857,2.1732116,2.174673,2.1264198,2.1145587,2.4897547,2.3884497
6,3.0881913,2.671045,2.3748689,2.381108,2.1120305,2.2824395,0.0,0.8878004,2.2206483,2.1747775,2.6326115,1.9550334,3.4176376,3.2894406,3.5649357,2.9006083,3.099014,2.3826387,2.4216235,3.2116585,2.183722,2.3135586,3.7895405,3.0892334,3.6784294,3.77215,3.722399,3.701945,3.1981301,3.1000712,3.8194208,3.6949782,2.3976688,2.3986995,1.7236298,3.270866,2.9548507,2.2553744,2.6125476,3.151614,2.698458,2.7189753,2.8132977,2.7133737,3.004541,2.8990943,3.1489754,2.759839,2.3949947,2.415242,3.561466,3.4684203,3.5815089,2.5717943,2.7909133,2.531542,2.6890821,2.1091502,3.0381308,3.0339909,3.0549695,3.108959,2.2530024,2.25723,2.9674675,2.9013152,2.7591836,2.9894273,2.9924607,2.3101506,2.8871932,2.6179523,2.9527946,3.5912967,2.9884262,2.940469,3.3453722,3.6642447,3.1200457,3.301545,3.0763426,3.0103579,2.943244,2.9597454,2.568368,2.3695116,2.5766644,2.3904006,2.7590551,3.658827,2.4338253,2.733622,3.1913085,3.865353,3.273905,3.3980434,2.3522441,2.9458506,2.259512,2.7904315,2.3807952,2.3574252,2.2873452,2.5737255,2.7480433,2.512323,2.7007165,2.6878576,2.6426075,2.9856365,2.0782442,2.5593567,2.9950802,2.8799543,2.2703164,3.0289648,2.38787,2.4459705,2.688433,2.4751143,2.6793542,2.7769365,2.161823,2.1555345,2.3961024,2.4754114,3.1065874,2.839829
7,3.4319458,2.8610814,2.6939256,2.7171662,2.0678778,2.4971435,0.8878004,0.0,2.5249283,2.4644847,3.079877,1.968429,3.8599398,3.718524,3.9458678,2.7774732,3.5253341,2.410649,2.53117,3.2989874,2.0505304,2.2012243,3.8298156,3.4446955,3.9352345,4.0225124,3.9832988,3.9706662,3.4897835,3.372287,4.080408,3.948518,2.5271635,2.525906,1.8999411,3.3748853,3.1419897,2.5003662,2.770965,3.431601,2.9218645,2.9499767,3.051833,2.947226,3.4920642,2.8160758,3.3615623,3.0158577,2.526863,2.5480468,3.744669,3.6641877,3.6252818,2.8055227,3.0270483,2.804242,3.0610776,2.3932407,3.517815,3.5119467,3.4650626,3.4137776,2.508389,2.5127356,2.794331,2.7604737,2.884339,3.1727278,3.1471772,2.5300045,3.0588377,2.7826931,3.1144006,3.7368503,2.8420804,2.7978783,3.5079305,3.7791355,3.2593153,3.4592996,3.1904914,3.114231,3.0471072,3.0898964,2.688615,2.069565,2.7063062,2.5232134,2.91425,4.020424,2.7388468,2.8916981,3.301536,3.9693174,3.373775,3.5214202,2.4837847,2.783197,2.3564258,2.914492,2.4943666,2.4756756,1.9402267,2.651912,2.8554428,2.6437292,2.994893,2.7363877,3.0660224,3.3462615,2.3435676,2.6847565,3.062279,2.9679718,2.5995016,3.1619158,2.492413,2.5592256,2.749272,2.5880089,2.8508687,2.9126456,2.448437,2.4367852,2.569702,2.6023245,3.5291889,3.0136473
8,2.9045327,2.7448473,1.8318201,1.8633102,2.1731994,1.8596478,2.2206483,2.5249283,0.0,0.14305772,0.9788615,1.773455,2.4497528,2.6949015,2.2314577,2.6933165,2.6484108,2.19276,1.9944258,2.7322247,2.8801756,2.8393714,3.5261233,2.479313,2.8329966,3.0176525,2.8497548,2.8248193,2.6910737,2.4057941,3.1842883,2.870118,1.835757,1.894553,1.3343568,2.6844544,2.851527,2.0718842,2.084033,2.1925807,1.9883186,2.0010529,1.7576667,1.6757575,2.2230155,2.9009192,2.8528621,2.728617,1.9143559,1.9269716,3.0911534,2.942909,4.3917003,1.9948237,2.2717261,2.51861,2.3681233,2.1718462,2.7319767,2.7107646,2.5615752,2.1984885,2.193541,2.1940837,3.052471,3.0783284,1.9372776,2.4513867,2.5345929,1.8164364,2.3885093,2.164956,2.0985956,2.9257824,2.8318894,2.8540075,2.3327398,2.607956,2.0718415,2.2588181,2.1384583,2.1224203,2.0621774,2.1599476,1.9259641,2.450256,1.8725044,1.541304,1.5101687,2.164,1.5149245,1.6399252,2.040251,3.132277,2.2309432,2.3752804,2.1989973,3.0878165,2.1924114,2.7436776,2.1710563,2.1569011,2.568482,2.0802484,2.5182285,2.349663,2.5604856,2.1257355,2.0751545,2.4570248,2.1697023,2.1992104,2.4117267,2.4004717,2.4347782,2.598205,1.8402946,1.8754936,1.9791156,1.9517442,2.2555337,2.2328663,2.0073082,2.0068743,1.9158528,1.8760427,2.1664755,2.073537
9,2.897614,2.7228477,1.825845,1.8615043,2.109555,1.8040497,2.1747775,2.4644847,0.14305772,0.0,1.018751,1.7384765,2.459428,2.6822007,2.2484503,2.6490464,2.6502697,2.1651328,1.9544872,2.7046857,2.8468785,2.8029263,3.5032587,2.4596004,2.8222277,3.012466,2.8383408,2.814461,2.6638856,2.3934076,3.1807342,2.8622985,1.7896631,1.8533218,1.2820835,2.6518524,2.81619,2.0171137,2.052145,2.1813774,1.9661771,1.978854,1.7621222,1.6763349,2.2189445,2.8445008,2.8222044,2.684123,1.8713948,1.8860412,3.084812,2.933001,4.3341656,1.9699866,2.2549622,2.511608,2.328473,2.1257603,2.7024577,2.6813402,2.5344362,2.186381,2.150297,2.1511438,2.9791765,3.0269973,1.9207608,2.4181988,2.4836354,1.7736168,2.3482614,2.1509361,2.0913384,2.8666332,2.7999964,2.8165493,2.325177,2.6079276,2.0772903,2.267425,2.099968,2.0907965,2.024328,2.1266997,1.8912201,2.3946664,1.8422245,1.4907213,1.4635807,2.1823614,1.4782165,1.5907176,2.0200877,3.1353247,2.2130067,2.3835132,2.1451433,3.0212398,2.1343002,2.6820378,2.108514,2.092949,2.5085013,2.0294914,2.4607415,2.3211055,2.5894606,2.0969427,2.0478668,2.4388807,2.1385372,2.160308,2.346739,2.368954,2.3856559,2.5463083,1.7975305,1.8332939,1.9452949,1.9267402,2.2602754,2.2379198,1.9663101,1.9663635,1.8712747,1.82684,2.1635575,2.0409713
10,2.6242142,2.748119,1.9117022,1.9156339,2.5852714,1.9810069,2.6326115,3.079877,0.9788615,1.018751,0.0,2.2741108,2.122307,2.263658,1.835898,3.2511895,2.2543712,2.4087093,2.0708208,2.7739544,3.296792,3.2629285,3.5459058,2.1285422,2.5272353,2.7202141,2.546356,2.505994,2.4553497,2.1914196,2.8894713,2.5610936,1.9833755,2.000648,1.5189494,2.7339816,2.9438963,2.1986215,2.1541095,1.8838334,2.276594,2.2650485,2.0747263,2.011136,1.8822211,3.0305305,2.908631,2.8302448,1.9964285,1.9905237,3.0934331,2.9482234,4.4535537,2.1101208,2.4920611,2.4733834,2.226321,2.283289,2.407672,2.387282,2.2376547,1.8608204,2.2753048,2.2741733,3.514228,3.44998,2.0073838,2.4103773,2.5025136,1.8555379,2.3637526,2.2265112,2.3273315,3.0829406,3.3900418,3.4001691,2.5753956,2.803899,2.3466423,2.5314097,2.1331642,2.1404047,2.0871673,2.1660442,1.9407295,2.9768558,1.8942254,1.6810439,1.8307048,1.8375428,1.3172516,1.817941,2.2613547,3.1213582,2.4265847,2.466146,2.2117221,3.1297657,2.2515705,2.7308996,2.2226572,2.2302127,3.0672548,2.125569,2.6818411,2.3988388,2.571277,2.28211,1.5754186,2.0576901,2.193713,2.228274,2.5901544,2.4424765,2.5004153,2.6146076,1.9767536,1.9925071,2.1178515,2.075661,2.226269,2.2130492,2.1226122,2.1254246,2.0303907,2.0005927,1.7613109,2.20704
11,3.3270023,2.8804524,2.1716259,2.231477,1.9415082,2.1605415,1.9550334,1.968429,1.773455,1.7384765,2.2741108,0.0,3.4170787,3.3980093,3.2707062,2.5149016,3.4199147,2.3578253,2.2683344,3.0128937,2.764933,2.7848246,3.2861583,3.2095535,3.4774404,3.6002166,3.4847999,3.4678235,3.2238169,3.0749333,3.2904813,3.499317,2.207672,2.2318375,1.7204235,2.9396896,3.0810452,2.3405657,2.4588432,2.9007976,2.7589498,2.7870069,2.5196974,2.4226584,3.1090615,3.2501187,3.1622074,3.0982056,2.266927,2.2927585,3.2691355,3.1628618,4.5447383,2.314666,2.852731,2.7843287,2.961083,2.4945378,3.432536,3.418613,3.2593637,2.9797592,2.5045538,2.5067766,2.642274,2.6846876,2.4038723,2.7430677,2.778072,2.225606,2.619423,2.4942908,2.9804218,3.5529401,3.0182073,2.994662,3.2900968,3.5148828,3.0864956,3.2599533,2.6413956,2.6592486,2.585786,2.6590376,2.384274,2.1571524,2.3517523,2.1463592,2.3712404,3.189436,2.3166273,2.2382333,3.0033486,3.5266411,3.0926645,2.9860556,2.3311837,3.1686513,2.308139,2.7855594,2.4105523,2.3818097,2.136632,2.3163667,2.690681,2.5096188,2.735013,2.4845128,2.699347,2.9600835,2.2399116,1.8375205,2.7129843,2.589113,2.7542298,2.8101387,2.1506262,2.2031217,2.4087524,2.3131578,2.600006,2.5760217,2.3956802,2.3808763,2.3205423,2.2622776,2.9709775,2.4540186
12,2.676804,2.9172742,2.3431313,2.3818176,3.5182555,2.9592054,3.4176376,3.8599398,2.4497528,2.459428,2.122307,3.4170787,0.0,1.3421254,1.0633662,3.2264414,2.06752,2.5886335,2.253859,2.3443098,3.415005,3.3239024,3.606276,1.9246119,1.9274186,2.40088,1.8857698,1.8460972,2.6970408,2.4691186,2.4043345,1.8906642,2.061576,2.1362345,2.8015943,2.143563,2.2245774,1.8826922,2.0482805,1.6656197,1.8049328,1.7563255,1.9826355,1.9733049,1.4731578,2.6772473,2.0963016,2.0612206,2.2603378,2.213964,2.9499812,2.5853312,3.697129,2.3006506,1.7739724,2.3673387,1.4469346,2.100399,1.4375637,1.4171757,1.4366938,1.6975725,2.0926228,2.0950136,3.829074,3.7164834,2.130044,2.6278276,2.5594752,2.0355964,2.582673,2.7538228,2.1336188,2.9514503,3.3018024,3.3525755,2.2314594,2.6790235,2.1941812,2.4595969,2.033233,2.115888,2.1374452,2.097064,2.8242025,3.7828083,2.7857988,2.704421,2.554832,1.6410319,2.0683305,2.6481783,2.0471349,2.875369,2.3602917,2.2469301,2.503531,3.201619,2.6011648,3.0333667,2.5033236,2.5069833,3.482428,2.3645508,2.9718914,2.8750865,2.9400232,2.5451057,2.620348,2.11724,2.6657996,2.6525393,2.7755256,2.8137286,1.9332038,2.6050522,2.2670994,2.2283163,2.3150203,2.572729,2.3274748,2.3831618,1.9776471,1.9939059,2.0687363,2.0722709,1.702362,2.10647
13,2.2095854,2.524006,2.2213185,2.1994343,3.380379,2.8298204,3.2894406,3.718524,2.6949015,2.6822007,2.263658,3.3980093,1.3421254,0.0,1.7325255,3.5244424,1.5962459,2.315096,2.0611687,2.2624795,3.1706457,3.097167,3.1806445,1.6301852,1.8038777,2.3121755,1.7919066,1.7477329,2.2168107,2.0303164,2.2360358,1.8085933,1.8843764,1.8972256,2.5597498,2.2102854,2.2293925,1.9563441,2.0144258,1.5717493,2.235314,2.2029643,2.2580712,2.203023,1.4009937,2.6253626,2.169299,1.9026046,2.0471375,1.98202,2.6662536,2.2627208,3.6031845,1.9287589,1.8619142,2.2241158,1.1882561,1.9888812,1.1038468,1.0917768,0.6935095,1.2144125,1.7660948,1.7714719,3.689631,3.5954072,2.111609,2.4018154,2.2697809,1.9373893,2.3782837,2.3103874,2.2694492,2.8532443,3.447273,3.4461474,2.649104,3.0346916,2.6429434,2.886081,2.0485258,1.9969579,2.0128481,1.965784,2.6217957,3.6813014,2.6040423,2.5521278,2.853774,1.7192291,1.7978853,2.8082657,2.4157352,3.004473,2.6253657,2.5921314,2.169742,2.8940558,2.2948167,2.7164283,2.16935,2.1868465,3.3412924,2.1127703,2.7267923,2.6666794,2.8675659,2.3921688,2.2156224,1.716472,2.4584968,2.4185355,2.5634048,2.6679237,1.7543495,2.338177,2.1297307,2.078362,2.1969414,2.479122,2.2966142,2.3467336,1.9400189,1.9495237,1.9326824,1.9063631,1.4666433,1.9657981
14,2.705733,2.9361625,2.2141488,2.253906,3.3431544,2.7296538,3.5649357,3.9458678,2.2314577,2.2484503,1.835898,3.2707062,1.0633662,1.7325255,0.0,3.1294322,1.972398,2.4559112,2.0227132,2.0967636,3.3983812,3.2723308,3.6282418,1.5948367,1.6018637,1.896825,1.5405952,1.4889333,2.401499,2.084378,2.1758258,1.5531784,1.902393,1.9750453,2.6004665,1.9755292,2.227572,1.9206152,1.8666668,1.336944,1.688988,1.6454781,1.80234,1.8212095,1.3418372,2.6619442,2.0731637,2.6692538,1.9865453,1.9766837,2.5839875,2.3684986,3.9915884,2.1839595,2.0042627,2.2566528,1.7858387,2.0735857,1.850927,1.8302666,1.7537158,1.429149,2.0678515,2.0640225,3.656355,3.5136812,1.782336,2.301541,2.4353414,1.8195889,2.2500668,2.4323654,2.0561569,2.8383029,3.270425,3.325198,2.2620568,2.352735,2.111403,2.2355971,1.6591002,1.7445685,1.7443104,1.7537656,2.627613,3.6558383,2.5803015,2.4118907,2.298841,1.2885638,2.1230094,2.281831,1.7105446,2.7711504,2.2418146,1.8202186,2.3525233,3.1104522,2.4617763,2.7959971,2.5155654,2.5625746,3.3443651,2.0843363,2.9241793,2.6705184,2.9584515,2.3683734,2.6028185,2.1280982,2.6735418,2.3747501,2.5223618,2.3198037,2.2826533,2.533733,2.029741,1.9858029,1.980865,2.1831672,2.1838894,2.1930366,1.911968,1.9224825,1.8664916,1.897005,1.3947357,2.0981715
15,3.3414843,2.6909986,2.4399698,2.5567615,2.723189,3.0159543,2.9006083,2.7774732,2.6933165,2.6490464,3.2511895,2.5149016,3.2264414,3.5244424,3.1294322,0.0,3.7107663,2.39873,2.3714721,2.490767,2.5332456,2.4592068,4.129191,3.3818827,3.2570496,3.4390821,3.2375975,3.2561128,3.1738393,3.3763793,3.4288635,3.193981,2.1282673,2.2467837,2.8499792,2.1509817,2.4483488,2.0932364,2.171659,2.9114094,2.2370362,2.2633533,2.1446974,2.127986,3.2262707,3.0532901,2.4961047,2.9292934,2.3372872,2.3658078,2.8166237,2.6675715,4.351466,2.3698936,2.43808,2.7293632,3.0042634,2.4739552,3.5232556,3.510046,3.389583,3.2071626,2.4383674,2.4414968,2.276595,2.2681513,2.2744071,2.7481077,2.8180568,2.257893,2.6267722,2.9014382,2.3136203,3.050881,1.7876097,1.8320082,3.0051966,3.1799576,2.8378437,2.9689283,2.428561,2.5520675,2.502321,2.5162878,3.1550088,2.6621053,3.1560285,2.9677718,2.8435361,3.3515725,3.1474931,2.7726085,2.2386785,3.175815,3.0877075,2.504252,2.5496836,3.264756,2.5009995,2.8604107,2.7004378,2.6930003,1.8762419,2.4473407,2.876975,2.766761,3.0125585,2.9228163,3.9051034,3.4621115,2.8530004,2.7027235,2.70491,2.154297,2.6425776,2.760001,2.2342885,2.2557545,2.2857044,2.4001307,2.6077423,2.584887,2.304425,2.2927716,2.2363238,2.2054715,3.165692,2.3314962
16,2.1049495,2.444532,2.0970695,2.0292168,3.2125142,2.650875,3.099014,3.5253341,2.6484108,2.6502697,2.2543712,3.4199147,2.06752,1.5962459,1.972398,3.7107663,0.0,1.9682698,1.828312,2.1299446,2.7773285,2.7112925,3.1096933,0.9744642,1.7381352,1.9591429,1.783087,1.7138798,1.76944,1.2165812,2.2910042,1.698024,1.9212114,1.8923779,2.3481238,2.5053048,2.3322473,2.193506,2.036366,1.6448529,2.286781,2.2464242,2.5457635,2.4889429,1.4041673,2.5711017,2.535964,2.7221982,1.8892373,1.8677315,2.768228,2.5728774,3.5783386,2.254265,2.2150145,2.0915778,1.5425107,1.8464662,1.493363,1.4879109,1.552687,1.4519393,1.9480809,1.9488937,3.6572292,3.4491844,1.9206744,2.225625,2.3037322,1.8854243,2.2264855,1.6660013,2.68829,3.2728388,3.7022295,3.687524,2.8083472,2.8535664,2.6655507,2.779729,2.1461265,1.9135271,1.9134662,1.8491983,2.4904242,3.5808563,2.4777553,2.2912214,2.9911528,2.2983043,1.9281538,2.768886,2.470992,3.2905347,2.785748,2.52125,2.1332211,2.858452,2.2627175,2.671079,2.3379464,2.3955743,3.202544,1.99331,2.738961,2.4765794,2.7507741,2.1736186,2.1114411,1.7665299,2.2907429,2.2207584,2.4742808,2.3266132,1.8800623,2.4379294,2.0240543,1.9861913,1.9457929,2.1336758,2.2049356,2.2728522,1.7675045,1.7706057,1.83082,1.9121163,1.3412625,2.1552641
17,2.167069,1.7539746,1.3633502,1.3644142,2.417042,2.3717797,2.3826387,2.410649,2.19276,2.1651328,2.4087093,2.3578253,2.5886335,2.315096,2.4559112,2.39873,1.9682698,0.0,0.7103634,1.2518876,1.3639616,1.3301494,2.8262885,1.8028411,1.9395863,2.132069,1.9728347,1.9764265,2.132668,1.6858554,2.2922153,1.9116395,0.89420813,0.82772535,1.67662,1.7248876,1.6601999,1.5779494,1.5550896,1.9517115,1.8266486,1.8225545,1.8311453,1.7683723,2.0350008,2.0523608,2.0579453,2.1668742,0.8535972,0.83568317,2.1413934,1.927246,3.6300879,1.4401938,1.9232198,1.7738553,1.8116848,1.3628443,2.3121076,2.3074841,2.1598148,1.787391,1.4086692,1.4112725,2.4392545,2.309208,1.3074874,1.9826727,1.9962088,1.2386241,1.8216451,1.1155998,2.1370955,2.926675,2.5561063,2.577993,2.3770914,2.6104765,2.0920596,2.3317006,1.749483,1.4729251,1.4206715,1.5119336,2.2107725,2.463645,2.2268934,2.065705,2.4095619,2.6785796,1.9206923,2.5198708,1.9735267,2.8290558,2.2830763,2.1994534,1.2355931,2.0962074,1.2681164,2.082335,1.3333223,1.417189,1.5920482,1.0957623,2.0114315,1.7454735,2.303335,1.4002937,2.586329,2.0622818,1.6360066,1.4475812,1.7163774,1.6029345,1.6486028,1.9898591,0.97655505,0.99998873,1.1613812,1.2550285,1.556305,1.5525486,1.2478219,1.2264823,1.0060511,0.92903197,1.8944266,1.527547
18,2.1786156,1.9003793,1.1501359,1.1971853,2.3409853,2.1460483,2.4216235,2.53117,1.9944258,1.9544872,2.0708208,2.2683344,2.253859,2.0611687,2.0227132,2.3714721,1.828312,0.7103634,0.0,0.98082197,1.7329009,1.6842725,2.864139,1.4545108,1.5274589,1.7112669,1.5546749,1.5526431,2.0295208,1.5368949,1.9834452,1.5253417,0.52630675,0.47257003,1.5345416,1.3248543,1.4090389,1.1460526,1.1479255,1.4608493,1.6028222,1.585147,1.656049,1.5888838,1.6348889,1.8684827,1.6861596,2.1166046,0.32394835,0.34892055,1.9284129,1.7525721,3.524798,1.2860317,1.8711154,1.5758753,1.5480483,1.06639,2.033705,2.0238538,1.8798342,1.4224712,1.1418886,1.141375,2.4143035,2.2628865,0.94929534,1.6888334,1.7233652,0.7009359,1.4995581,1.1964217,1.9658297,2.6780987,2.5421276,2.56466,2.1999433,2.384243,1.8801951,2.1519172,1.2877399,1.1351663,1.0598803,1.184727,2.041481,2.505083,2.0525494,1.8508637,2.2316277,2.377399,1.7137023,2.1983848,1.712592,2.702923,2.0468702,1.9663218,0.8154025,1.9130819,0.9053222,1.7920161,1.1307752,1.2300817,1.6332717,0.50030625,1.8259859,1.4547108,2.1968195,1.1202909,2.2847085,1.6833315,1.3841815,1.1278167,1.5020741,1.3914001,1.5149387,1.8070624,0.45736146,0.4618388,0.8432702,0.88243484,1.380362,1.378364,0.9068882,0.8879851,0.51951027,0.45889667,1.4634407,1.3491502
19,2.5126972,2.2740195,1.5401057,1.5990437,3.0576792,2.8819747,3.2116585,3.2989874,2.7322247,2.7046857,2.7739544,3.0128937,2.3443098,2.2624795,2.0967636,2.490767,2.1299446,1.2518876,0.98082197,0.0,2.0070364,1.9248652,3.1453831,1.7081348,1.1721829,1.3696322,1.1624714,1.1997094,2.3468983,1.8375489,1.7403075,1.135695,1.1120539,1.117672,2.4830675,0.84828264,1.0100493,1.4711522,1.418013,1.6475065,1.7497413,1.7211518,1.7894132,1.7752435,1.7825861,2.1260426,1.3312025,2.3223033,1.0623108,1.0727687,1.5791144,1.3808761,3.7157762,1.6143585,2.0327964,1.8799921,1.8179419,1.4689449,2.2340217,2.2262561,2.1113157,1.6880183,1.5113595,1.5095484,2.6307464,2.4534495,1.2859088,1.9556016,2.0195959,1.2741352,1.7860968,1.6781174,2.140807,2.7624996,2.665299,2.7251499,2.2645743,2.4113653,1.9724349,2.2224743,1.5084057,1.4214017,1.4042543,1.474221,2.814979,3.197129,2.8210726,2.645299,2.859935,2.6202486,2.4753287,2.8339605,1.821041,2.8499238,2.267263,2.062773,1.3518922,2.288568,1.4739519,2.1315033,1.6850508,1.7719877,2.0198462,1.0552218,2.1008515,1.822843,2.4968255,1.5077091,3.019479,1.9981904,1.9242598,1.6544529,1.6960127,1.6859677,1.8426254,2.0867221,1.1018292,1.0531285,1.2708262,1.3499541,1.7660049,1.7558368,1.32678,1.3151084,1.0181103,1.0168655,1.6395812,1.5736926
20,2.8601356,2.2605467,2.061794,2.0526357,2.751681,2.968408,2.183722,2.0505304,2.8801756,2.8468785,3.296792,2.764933,3.415005,3.1706457,3.3983812,2.5332456,2.7773285,1.3639616,1.7329009,2.0070364,0.0,0.4842353,3.5765128,2.6510506,2.8574107,2.84482,2.9007542,2.9149168,2.9712205,2.5842938,3.1640475,2.8778768,1.8499457,1.8330083,2.3004413,2.4071531,1.924117,2.0575843,2.2007606,2.858839,2.2231243,2.2398489,2.387993,2.3122625,2.7696605,2.2712693,2.346824,2.6604586,1.7362442,1.7855645,2.450301,2.4402215,3.3926802,2.1284077,2.448328,2.1750722,2.5503716,1.6581025,3.0178032,3.015172,2.9453964,2.704975,1.7669313,1.7677208,2.5427213,2.4189823,2.2040508,2.7321131,2.8448448,2.0027952,2.5893192,1.8785255,2.5451033,3.2993627,2.4029398,2.4429355,2.9791174,3.1217768,2.591655,2.7890096,2.6017249,2.3746336,2.350139,2.3809075,2.8746688,2.5721607,2.888714,2.7518795,3.1507218,3.6239824,2.9201667,3.2320404,2.6380856,3.3839216,2.9616327,2.9361067,1.8700219,2.4310167,1.8343276,2.6147342,2.1206992,2.180844,1.5184746,1.9278787,2.3825696,2.0526595,2.6521463,2.0325522,3.3746245,2.8988729,2.0813599,2.270558,2.30863,2.2590322,2.1224957,2.863447,1.7977521,1.8255938,2.00272,1.7974377,2.2213664,2.2873724,1.6938504,1.6766497,1.7471564,1.8753816,2.7930088,2.4368446
21,2.9658067,2.3927426,2.10652,2.1128871,2.746644,2.9508784,2.3135586,2.2012243,2.8393714,2.8029263,3.2629285,2.7848246,3.3239024,3.097167,3.2723308,2.4592068,2.7112925,1.3301494,1.6842725,1.9248652,0.4842353,0.0,3.5560603,2.5001569,2.807981,2.808546,2.8326697,2.848475,2.9344003,2.5471792,3.1844041,2.8243039,1.7705053,1.7559134,2.2910147,2.325813,1.8873222,1.9587718,2.098916,2.7751024,2.021319,2.0403652,2.2962484,2.2264814,2.66109,2.3006606,2.2487543,2.6284401,1.681196,1.7259526,2.3721983,2.3207676,3.3918254,2.01748,2.269848,2.095142,2.456882,1.5749152,2.9191787,2.9164665,2.855237,2.6414602,1.6713454,1.672283,2.5357406,2.4150045,2.064749,2.7088053,2.7902005,1.9507011,2.571943,1.8595427,2.5054886,3.269144,2.2695289,2.3115149,2.91609,2.976819,2.550508,2.7426097,2.3861685,2.137715,2.1160681,2.1364958,2.7018204,2.3937967,2.7136917,2.5775807,2.9755454,3.430628,2.863435,3.0843127,2.4151437,3.2054021,2.7863777,2.7335935,1.9700717,2.5842812,1.9600579,2.6925,2.216971,2.2896304,1.5587459,1.8885174,2.5438116,2.2691262,2.8058295,1.9977417,3.4644012,3.0165298,2.3000906,2.2341604,2.2348993,2.1635895,1.997099,2.8131034,1.7895707,1.797603,1.8349425,1.8334943,2.163215,2.2359655,1.5987767,1.5803924,1.6719751,1.80761,2.7149088,2.2837703
22,3.7528164,3.6280804,3.102654,3.0966012,2.7986681,2.7073855,3.7895405,3.8298156,3.5261233,3.5032587,3.5459058,3.2861583,3.606276,3.1806445,3.6282418,4.129191,3.1096933,2.8262885,2.864139,3.1453831,3.5765128,3.5560603,0.0,3.3228445,3.3282092,3.6907241,3.3191683,3.265953,3.6517124,3.0589435,3.163917,3.295448,2.8475149,2.8685377,3.3063166,3.317625,3.4853604,3.2440925,3.187607,3.1901999,3.5676281,3.5707006,3.4369948,3.4094837,3.4125528,3.5491426,3.5663702,3.260307,3.0664048,3.0573153,3.8161752,3.4775314,4.546289,3.1556773,3.0551412,3.3580303,3.0008938,3.1904001,3.330802,3.3247035,3.1490953,3.1293042,3.1900837,3.1960757,3.1032917,2.9431295,2.9361427,2.4497266,2.1768732,2.9186575,2.4784694,2.9733257,3.7125764,3.6962023,4.0365224,3.909733,3.1185076,3.2503471,3.477128,3.3773303,3.1440864,3.0100663,3.0003815,3.0286794,3.3290746,3.6952145,3.3172255,3.2072437,3.768348,3.5458338,2.8018103,3.0785887,3.6584456,3.9829469,3.207553,3.2439108,3.1161783,3.5380425,3.197797,2.9068384,3.1381693,3.1140597,3.346369,2.9372194,3.3407185,3.484659,3.5247493,2.6049094,3.2726035,3.0483916,3.0734105,2.5068753,3.2537096,3.6914978,3.0422602,2.135173,2.9708405,2.9624195,2.9518964,3.3006752,3.2793972,3.2393537,3.1639333,3.156921,3.019671,2.8729906,3.2458458,2.732774
23,2.3427615,2.547611,1.9980934,1.9848533,3.1539683,2.6210864,3.0892334,3.4446955,2.479313,2.4596004,2.1285422,3.2095535,1.9246119,1.6301852,1.5948367,3.3818827,0.9744642,1.8028411,1.4545108,1.7081348,2.6510506,2.5001569,3.3228445,0.0,1.4204789,1.5443665,1.4162823,1.3677578,1.8594732,1.3006318,2.1143196,1.4109567,1.5898408,1.5532521,2.125285,2.0615387,1.9290439,1.7419677,1.7098275,1.3748679,1.8444736,1.799149,2.2518706,2.2060943,1.0892348,2.2551062,2.0662692,2.5880399,1.4521067,1.4369667,2.3882346,2.224947,3.4204366,1.9555918,2.1028273,1.8843262,1.3760097,1.4715651,1.3964518,1.392256,1.4552016,1.1860074,1.5852866,1.5818782,3.448613,3.2991858,1.6050744,2.2099657,2.2691069,1.5494846,2.1193185,1.6441946,2.504447,3.068546,3.4217825,3.4394562,2.6802354,2.6679838,2.4344058,2.6221986,1.6030556,1.4161168,1.3841758,1.3698158,2.2505846,3.2984054,2.2418926,2.0339851,2.5099998,2.01233,1.9207067,2.5042093,2.0386994,2.9968023,2.4220598,2.250363,1.8378866,2.5868387,1.9726423,2.506939,2.0779307,2.1783643,2.928033,1.5661405,2.622177,2.3407528,2.9212472,1.9273999,2.2769818,1.8640705,2.2794366,1.8984485,2.0726047,1.9456964,1.7258464,2.42007,1.6847584,1.6310576,1.5849516,1.8204623,2.0051506,2.0747352,1.4047759,1.40754,1.4381566,1.5526255,1.1277069,1.9774177
24,2.2790956,2.4532979,1.809698,1.8166397,3.5052247,3.0306969,3.6784294,3.9352345,2.8329966,2.8222277,2.5272353,3.4774404,1.9274186,1.8038777,1.6018637,3.2570496,1.7381352,1.9395863,1.5274589,1.1721829,2.8574107,2.807981,3.3282092,1.4204789,0.0,0.7879052,0.20254327,0.24241965,2.191045,1.6241466,1.3595004,0.33927828,1.6244582,1.6453859,2.7452466,1.4386084,1.5966494,1.9463177,1.8163636,1.3732762,2.112981,2.0585396,2.0977547,2.0774014,1.4036123,2.4230344,1.7782177,2.5923598,1.556832,1.5712322,1.9425036,1.8067648,3.9510882,2.0191448,2.3755498,2.1582725,1.782275,1.8935987,1.954797,1.9380888,1.812396,1.2388527,1.9121625,1.9087275,3.3910184,3.2260969,1.6882414,2.1016293,2.2344368,1.6191875,2.0005376,1.9520164,2.3178287,2.8923705,3.400522,3.452564,2.4416022,2.5976343,2.1849184,2.4021754,1.7326386,1.6791393,1.6913344,1.7506379,2.9460955,3.807683,2.9368858,2.8083048,3.0650086,2.2793748,2.4116738,2.9927907,2.0992093,2.9526389,2.5197904,2.2583294,1.6767019,2.552181,1.8528252,2.378333,1.995671,2.068596,2.94387,1.5121514,2.363815,2.0181024,2.6105156,1.909177,2.6448066,1.5084674,2.1248376,2.0165026,2.1051035,2.0853577,2.2041898,2.3450363,1.5710629,1.5110235,1.7505254,1.7150992,1.9796889,1.9556866,1.746053,1.7517655,1.4791173,1.4956424,1.0958593,1.9364116
25,2.4536777,2.61199,1.9945236,1.9847887,3.6566346,3.1993167,3.77215,4.0225124,3.0176525,3.012466,2.7202141,3.6002166,2.40088,2.3121755,1.896825,3.4390821,1.9591429,2.132069,1.7112669,1.3696322,2.84482,2.808546,3.6907241,1.5443665,0.7879052,0.0,0.7994066,0.8143212,2.459115,1.8396962,1.546867,0.92636144,1.9400854,1.9479657,2.863483,1.762094,1.7517802,2.1885288,2.055446,1.693365,2.3010578,2.2523103,2.3446097,2.3299568,1.6495622,2.5390909,1.9408458,3.1149054,1.6826255,1.7528267,1.8160399,1.9601688,4.036556,2.2959657,2.789873,2.3193097,2.2728012,2.0038722,2.4043975,2.3926537,2.3193026,1.5901037,2.0829053,2.0738523,3.471516,3.3092558,1.9086251,2.3219874,2.6221497,1.8311462,2.1766899,1.9957701,2.5681148,3.0425127,3.5598109,3.621813,2.8093665,2.7305546,2.4032655,2.5461526,1.9894209,1.9258283,1.9304891,1.986635,3.0719638,3.893381,3.0633945,2.9737978,3.2801592,2.638911,2.8346152,3.166578,2.3400643,3.0213306,2.858325,2.5158544,1.7985291,2.6318164,1.9665829,2.4996228,2.2989268,2.4060504,3.014005,1.6560334,2.4437113,1.9192615,2.8120558,2.0578618,2.8629868,1.8199533,2.24408,2.110947,2.1498976,2.0271845,2.5931556,2.776238,1.7375822,1.6893463,1.929793,1.617796,2.1441002,2.1346443,1.8628374,1.8664131,1.6585593,1.7952342,1.3737243,2.4115245
26,2.3335874,2.503287,1.8493987,1.8624218,3.5218954,3.0485618,3.722399,3.9832988,2.8497548,2.8383408,2.546356,3.4847999,1.8857698,1.7919066,1.5405952,3.2375975,1.783087,1.9728347,1.5546749,1.1624714,2.9007542,2.8326697,3.3191683,1.4162823,0.20254327,0.7994066,0.0,0.11934228,2.2494655,1.7061554,1.3375169,0.34999773,1.6404428,1.6666552,2.786923,1.4048358,1.5935258,1.9301226,1.8179822,1.368265,2.087424,2.0340369,2.0809417,2.0700476,1.392826,2.4657834,1.7347206,2.592399,1.5798306,1.5925287,1.9142892,1.7602403,3.9739437,2.0129514,2.345238,2.216283,1.7931821,1.9086455,1.9535767,1.9393591,1.8209188,1.2778338,1.9198136,1.9161469,3.3520076,3.214624,1.6820201,2.1100144,2.2292314,1.642549,1.992927,1.9888335,2.3341117,2.8324623,3.3925548,3.4426038,2.4345694,2.5668132,2.1986928,2.40207,1.6946915,1.6584377,1.6687415,1.7182105,2.947365,3.8087049,2.938672,2.8234,3.0396097,2.224447,2.4408529,2.963724,2.0713778,2.8891141,2.5140762,2.2512598,1.741272,2.6216946,1.9180161,2.407976,2.0475824,2.123997,2.9644456,1.5383066,2.372688,2.09259,2.720358,1.9369172,2.710061,1.593014,2.2039678,2.0079825,2.0471299,2.0822046,2.2073834,2.3386528,1.6086717,1.5456467,1.7553314,1.7667967,2.0359411,2.0144327,1.7490236,1.7544636,1.4972868,1.5134916,1.1113968,1.9256659
27,2.3269734,2.5137682,1.8570473,1.8670062,3.4877868,2.9995704,3.701945,3.9706662,2.8248193,2.814461,2.505994,3.4678235,1.8460972,1.7477329,1.4889333,3.2561128,1.7138798,1.9764265,1.5526431,1.1997094,2.9149168,2.848475,3.265953,1.3677578,0.24241965,0.8143212,0.11934228,0.0,2.2134564,1.6557207,1.3190131,0.3337297,1.6359173,1.663726,2.763196,1.4354445,1.6230419,1.9212332,1.7904884,1.3046947,2.0794153,2.0268621,2.0848606,2.0726974,1.3631933,2.442196,1.7477342,2.6039248,1.5824889,1.5934944,1.950206,1.7926543,3.9390345,2.021188,2.3131347,2.2085295,1.7591139,1.8947426,1.9118123,1.8975775,1.7792693,1.2343367,1.9081383,1.9044974,3.3447661,3.2040465,1.6568065,2.062594,2.187987,1.627959,1.9523063,1.9606142,2.331298,2.8104324,3.4041827,3.4489784,2.4227405,2.5375183,2.2009995,2.389482,1.6799359,1.6446036,1.6549064,1.695108,2.9204662,3.805262,2.9096386,2.784054,3.028168,2.1841297,2.399716,2.9129863,2.0725305,2.9029107,2.5094738,2.229807,1.7491761,2.61218,1.9263666,2.3912408,2.0615582,2.1357548,2.9744709,1.5345805,2.3641741,2.0917494,2.7222278,1.9204258,2.6538641,1.5519133,2.1950786,1.9829051,2.0408573,2.0797362,2.1908014,2.3062167,1.6105452,1.5477128,1.7409838,1.7676691,2.0484185,2.0293026,1.7356502,1.7410043,1.4953536,1.5140351,1.0794849,1.9215568
28,1.9922969,2.131225,2.1978076,2.1561825,3.1548617,2.7511125,3.1981301,3.4897835,2.6910737,2.6638856,2.4553497,3.2238169,2.6970408,2.2168107,2.401499,3.1738393,1.76944,2.132668,2.0295208,2.3468983,2.9712205,2.9344003,3.6517124,1.8594732,2.191045,2.459115,2.2494655,2.2134564,0.0,1.2951988,2.50152,2.098599,1.9524776,1.9491086,2.3561215,2.4987955,2.586688,2.3923056,2.0809972,1.9305564,2.6472046,2.6279135,2.6231441,2.5553772,2.1649954,2.899646,2.8380795,3.0727208,2.0009348,1.9704099,2.7723613,2.600835,4.165684,2.1923435,2.5369983,2.4149482,2.0978007,2.2918363,2.2606437,2.2508314,2.1029294,1.8565599,2.2104464,2.213647,3.4526215,3.3439689,2.104053,2.2581165,2.401021,2.076479,2.281232,1.7178212,2.716811,3.2713,3.6561952,3.6334913,3.3641815,3.5020866,3.245631,3.3520925,2.3370025,2.2074535,2.141244,2.1223912,2.8703125,3.6567388,2.8690643,2.4489343,3.040928,2.5503793,2.1969016,2.8880017,2.6357856,3.8005462,3.3301198,2.746796,2.1304743,2.881765,2.195512,2.5388424,2.2750168,2.2995,3.0332394,2.105543,2.7110183,2.5068095,2.8785279,2.7881105,2.3804495,2.1339014,2.5052385,2.3840625,2.5193229,1.8087833,2.354411,2.4610016,2.1187367,2.1022282,2.1212752,2.2340539,2.597785,2.5843973,2.1879346,2.182106,2.0306869,1.9943619,1.876168,2.2279997
29,2.3060293,2.4301722,1.8148204,1.7506409,2.96302,2.4938443,3.1000712,3.372287,2.4057941,2.3934076,2.1914196,3.0749333,2.4691186,2.0303164,2.084378,3.3763793,1.2165812,1.6858554,1.5368949,1.8375489,2.5842938,2.5471792,3.0589435,1.3006318,1.6241466,1.8396962,1.7061554,1.6557207,1.2951988,0.0,2.1208315,1.611903,1.5827659,1.5599971,2.0840046,2.221539,2.175481,2.1420572,1.8472708,1.5858828,2.216728,2.1967506,2.207358,2.140555,1.6164471,2.4495282,2.4240925,2.8391466,1.5457972,1.5342722,2.4091542,2.2696993,3.8907459,1.911005,2.2475193,2.0985897,1.7441841,1.838865,1.9697891,1.9550906,1.7884363,1.2471902,1.8445028,1.8445107,3.298657,3.1426141,1.7101601,1.9474641,2.1369662,1.6799301,1.9710582,1.1406028,2.4635053,3.0606644,3.4839694,3.4871874,2.683783,2.7843919,2.5119839,2.607358,2.022504,1.7784271,1.736886,1.7849597,2.6683302,3.513815,2.643181,2.1754324,2.8062596,2.2940779,1.938265,2.6679163,2.3368669,3.6456807,2.6300123,2.4060497,1.7625891,2.5584807,1.8749019,2.3236573,1.9780681,2.0229878,2.8063385,1.6089492,2.3922043,2.1155891,2.589776,1.9130874,2.1142483,1.6920999,2.0831108,1.9196029,2.1382077,2.0036738,2.135632,2.260325,1.6531659,1.6244138,1.6990603,1.734571,2.2732308,2.262373,1.7894677,1.7852266,1.5706851,1.5713875,1.3716809,1.9592708
30,2.4031632,2.5600698,2.0955403,2.0949242,3.7350032,3.3264596,3.8194208,4.080408,3.1842883,3.1807342,2.8894713,3.2904813,2.4043345,2.2360358,2.1758258,3.4288635,2.2910042,2.2922153,1.9834452,1.7403075,3.1640475,3.1844041,3.163917,2.1143196,1.3595004,1.546867,1.3375169,1.3190131,2.50152,2.1208315,0.0,1.3719738,2.1177804,2.1429884,3.089755,1.9218931,1.9606838,2.3494196,2.3112004,1.9822278,2.7211688,2.6833615,2.5745063,2.5388093,2.1082106,2.8714552,2.250741,2.9785295,2.0691228,2.0894344,2.279993,2.1847725,4.2252154,2.42978,2.8211193,2.6246288,2.2574518,2.3297892,2.443823,2.4339302,2.3339827,1.881839,2.3648806,2.3623574,3.5105352,3.4258695,2.2518344,2.4720662,2.641775,2.157076,2.3262239,2.2196565,3.0170627,3.4045813,3.9538925,3.9924674,3.1895041,3.4123843,2.9906178,3.161327,2.3809342,2.3656383,2.3608208,2.3810527,3.4227662,4.168309,3.3978002,3.2869704,3.4968355,2.7790506,2.83925,3.3933976,2.979835,3.3807726,3.3315644,2.8503475,2.00125,2.8357182,2.186404,2.6412826,2.335847,2.3741486,3.209166,1.9929491,2.483387,2.2206187,2.8332462,2.4417195,2.800892,1.6789409,2.236592,1.7767745,2.4250727,2.4121463,2.625706,2.7057443,2.0338433,2.002629,2.372878,2.1840584,2.483399,2.4518893,2.1997366,2.1994867,2.0170465,2.013425,1.780389,2.3987694
