,0,1,2,3,4,5,6,7,8,9,10,11,12,13,14,15,16,17,18,19,20,21,22,23,24,25,26,27,28,29,30,31,32,33,34,35,36,37,38,39,40,41,42,43,44,45,46,47,48,49,50,51,52,53,54,55,56,57,58,59,60,61,62,63,64,65,66,67,68,69,70,71,72,73,74,75,76,77,78,79,80,81,82,83,84,85,86,87,88,89,90,91,92,93,94,95,96,97,98,99,100,101,102,103,104,105,106,107,108,109,110,111,112,113,114,115,116,117,118,119,120,121,122,123,124,125,126,127
0,0.0,2.7349885,2.8425596,1.3764105,3.0892947,2.87404,2.903382,2.8862019,1.4999975,1.5556867,1.4064662,1.4480451,3.0989547,2.3140588,1.477156,1.6146735,2.151579,2.1976984,2.1430688,2.1431148,1.970914,1.6555456,1.720535,1.7875745,2.2505853,2.2355917,2.2546206,2.3137238,1.2975554,1.6022176,1.3494108,2.134124,1.8228331,1.7024922,1.7131197,2.0285552,3.1764657,2.8307633,2.863931,2.8620372,2.1687007,2.2633495,3.027542,3.0049102,3.0722122,3.0581253,3.0346355,3.080467,2.876614,2.5177248,1.6163466,1.5914409,1.7562978,1.6183993,1.6763779,2.0205503,2.1980214,1.5766621,1.5317082,1.4752756,1.7325153,2.2823122,1.6565828,1.7480844,2.026424,2.3755038,1.9238133,2.652302,1.9183241,1.6528078,1.948907,1.9555596,3.6459916,2.9508057,1.4281479,1.9295511,2.3101754,2.2313673,1.7119896,1.6224326,2.0689356,2.0566611,2.1641667,2.1181867,2.4664106,2.293673,2.4427624,1.9522011,1.8130754,3.1589634,2.009559,1.9620008,2.3837883,2.2570207,2.9677026,3.1198416,2.2148435,2.4957938,2.2618632,2.2745059,2.6949153,2.569469,2.5891933,2.5170867,1.8115988,1.7989886,2.9588695,2.9876585,1.6515659,1.6540402,2.2698205,2.018195,1.6279583,2.2412064,2.54976,2.990939,1.5133711,1.6095257,2.1425266,1.3986771,2.0668576,2.0004323,1.8364253,1.2720003,2.607595,2.4124067,2.2531698,2.3836386
1,2.7349885,0.0,0.3889039,1.9240594,1.2901975,1.3754969,0.969388,1.348841,1.7356343,1.809579,1.8194441,1.7840022,1.5809661,2.5630066,1.9336578,2.059407,2.3481512,2.4040844,2.364668,2.355054,2.6373177,2.9631758,2.3667324,2.4005249,2.4989564,2.481683,2.491461,2.532158,2.3566666,2.496081,2.3955903,2.7530098,2.2788324,2.7992198,2.8043132,2.9947312,3.404264,3.231159,3.1933703,3.187678,3.0777497,2.6900096,3.5735457,3.5441837,3.5212255,3.4931695,3.4624002,3.523032,3.2477858,2.8093553,2.153295,2.1360059,2.3477013,2.203045,2.217692,2.4924307,2.6779492,2.2461722,2.2116995,2.2198157,2.096889,2.61218,2.2709851,2.082315,2.6667976,3.149382,2.4752061,3.0025938,2.7736242,2.5305247,2.4953482,2.5998313,3.4896092,3.216536,1.7394853,2.3626666,2.5241773,2.4008753,2.12802,2.1637356,2.5543747,2.585242,2.63352,2.6452477,2.9160523,2.6068053,2.802094,2.520052,2.2627974,1.406846,2.4289973,2.4769251,2.7190661,2.6194847,3.066943,1.6748029,3.318471,2.855294,2.8054037,2.8790472,3.2544322,2.9450495,3.006369,2.9808347,2.393012,2.3970666,1.4430256,1.4034337,2.33536,2.2893627,2.7397726,2.5383732,3.0316634,2.487608,2.722663,1.3388215,2.3492813,2.1107962,2.5473125,1.871162,2.5603597,2.3979523,2.3646383,2.9632242,2.8509834,2.675536,2.7660515,2.8068066
2,2.8425596,0.3889039,0.0,2.0488126,1.3596047,1.4441848,1.1099589,1.4619439,1.8495482,1.9338561,1.949966,1.9100018,1.5002701,2.6540139,2.0415363,2.1824324,2.4403934,2.4647367,2.4476,2.4387293,2.7170436,3.050315,2.4356258,2.4806092,2.5581284,2.5423226,2.5678341,2.594168,2.4744952,2.6690564,2.5204527,2.8483577,2.3812354,2.9120276,2.9082077,3.0714192,3.5009265,3.3453448,3.308123,3.3002465,3.1927972,2.804039,3.6584024,3.6287272,3.6064754,3.5777795,3.5423012,3.6049843,3.2994215,2.8312461,2.222393,2.2091358,2.409192,2.266654,2.3166494,2.56527,2.7652662,2.3481371,2.2750778,2.2925963,2.2140694,2.6775422,2.3687086,2.2095978,2.7745175,3.3415184,2.5431788,3.205559,2.9155877,2.6621838,2.632542,2.7375593,3.4924335,3.2090712,1.8579663,2.4014163,2.675715,2.5569606,2.1776567,2.2139337,2.756857,2.7954607,2.8332393,2.8461616,3.0506282,2.7753007,2.9417813,2.7007315,2.3170135,1.3660747,2.503192,2.5649366,2.814035,2.64806,3.1339588,1.6832825,3.4555943,2.9839468,2.9418585,3.0186622,3.291512,3.06713,3.0423787,3.0099783,2.474716,2.4703963,1.3540324,1.3433132,2.4120765,2.358514,2.8137853,2.5894217,3.1765952,2.569653,2.8151944,1.3606265,2.4607341,2.2412014,2.5699642,1.992363,2.6111217,2.4355886,2.4382145,3.0616148,2.8932474,2.7188034,2.836966,2.95366
3,1.3764105,1.9240594,2.0488126,0.0,2.277286,2.1527843,2.0459821,2.118668,0.34712556,0.5319399,0.41572055,0.4677129,2.3905735,1.8322883,0.3484383,0.8100758,1.4906654,1.5121766,1.495421,1.4973884,1.692344,1.4803663,1.2965987,1.316328,1.6776159,1.6695164,1.6646184,1.7550912,0.48749557,0.971473,0.6364651,1.6299343,1.210447,1.3124739,1.33222,1.7051846,2.8307905,2.5320742,2.5704863,2.5561016,1.8832588,1.8395792,2.70148,2.6836083,2.8079464,2.7942364,2.7647736,2.8233247,2.5358593,2.048179,1.0021907,0.99172574,1.3452091,1.0642345,1.1594677,1.6176615,1.9621557,1.1166964,1.1395814,1.0491863,1.23772,2.0881648,1.2963644,0.97663534,1.7315563,2.5225427,1.5056078,2.3766272,2.0526187,1.7008013,1.5074193,1.5254998,2.9656692,2.6641994,0.49856085,1.4086869,1.917917,1.7737169,1.0427928,1.012013,1.6103431,1.5680419,1.6291208,1.6235315,2.2934048,2.137454,2.0436661,1.4979876,1.1917436,2.3458176,1.3926831,1.5409464,1.9068257,1.7417326,2.5085645,2.3842459,2.0765758,2.0785446,2.0065782,2.1061628,2.4790783,2.245197,2.4089243,2.2388947,1.5138451,1.5055269,2.3331072,2.3545785,1.1165322,1.045667,1.8551239,1.5215144,1.4209133,1.6866791,2.061045,2.1857812,1.3539008,0.8309538,1.6823406,0.4022153,1.4929565,1.4552053,1.3685075,1.5147886,2.1559966,1.9526972,1.9302715,2.130014
4,3.0892947,1.2901975,1.3596047,2.277286,0.0,1.4607126,1.0821104,1.4290638,2.0428832,2.1341386,2.1778262,2.167474,1.9542903,2.6527107,2.2730768,2.2397377,2.6125138,2.6452193,2.639824,2.639087,2.8906815,3.2286544,2.6663842,2.739837,2.1164992,2.093485,2.1008184,2.133563,2.6301746,2.7496808,2.6579165,2.9844227,2.3076284,2.8353176,2.8222938,3.0427308,3.4313433,3.2527149,3.245176,3.2456412,3.0903645,2.6941442,3.5689762,3.5467265,3.6138153,3.5946212,3.5768504,3.6227558,3.3748698,2.990055,2.4392893,2.485401,2.679712,2.529672,2.6678002,2.857275,2.601489,2.586725,2.5664127,2.4820447,2.3422189,2.9342906,2.717062,2.4416604,3.220492,3.5957243,3.018827,3.479666,3.1987915,2.985669,3.008308,3.155529,3.6262846,3.3205726,2.2379854,2.6987023,2.7823522,2.6499345,2.4211104,2.468042,2.6772127,2.703625,2.7520986,2.7749317,3.537393,3.2858841,3.08098,2.8455017,2.2584357,1.6165675,2.8714595,2.7256427,2.9577537,2.8544588,3.4949346,1.930575,3.828718,3.4632258,3.4005516,3.5080068,3.940887,3.7029212,3.243423,3.1812704,2.5311072,2.6451464,1.5534462,1.5664202,2.6070478,2.579536,2.7758596,2.7413387,3.2722774,2.664118,3.09997,1.5320847,2.5086122,2.09115,2.6641989,2.2716506,2.827676,2.7311041,2.517433,3.334645,3.399748,3.1399996,3.2529237,3.0904849
5,2.87404,1.3754969,1.4441848,2.1527843,1.4607126,0.0,1.0885702,0.31862473,1.9550742,2.0349605,2.0775905,2.086546,1.8395303,2.526946,2.0808995,2.1499012,3.0701423,3.0890281,3.0976772,3.0944316,2.314071,3.0722952,2.4994454,2.534364,2.71079,2.688524,2.7040775,2.7330608,2.5665214,2.6621697,2.6091833,3.4000351,2.2066088,2.718783,2.7228866,2.8907485,3.7583053,3.2236552,3.2173293,3.216708,3.0279884,2.5799084,4.0455976,4.020323,4.0059266,3.9844224,3.9494066,4.0127015,3.3617556,2.9205055,2.2959578,2.2915428,2.5194805,2.3957841,2.5978727,2.8327494,2.922189,2.547726,2.5388157,2.3823729,2.3014755,2.868022,2.6671612,2.468793,2.7164555,3.2397485,2.5439284,3.1909866,2.9050703,2.6490617,2.5589972,2.7458742,3.4713855,3.1557229,1.9905381,2.5152082,2.6607668,2.5145175,2.3128808,2.2936196,2.5862496,2.6121416,2.707571,2.7247217,3.3188004,3.135492,2.9877224,2.721907,2.4970007,1.8431537,2.6318533,2.6788445,2.8930745,2.7706256,3.7062223,2.087477,3.4546902,3.0521626,2.94493,3.0145984,3.5967028,3.3570602,3.5107467,3.4095166,2.7845066,2.789559,2.056043,2.0801682,2.5611868,2.5125287,2.759872,2.7280626,3.2226942,2.7609434,3.051569,1.7625395,2.2888284,2.304298,2.6847942,2.1850786,2.6778255,2.6113584,2.4355779,3.2019649,3.5267813,3.3942084,2.8078358,3.01752
6,2.903382,0.969388,1.1099589,2.0459821,1.0821104,1.0885702,0.0,0.96598226,1.8315362,1.9172094,1.9812568,1.9701685,1.7164911,2.3190713,2.0180962,2.0682032,2.4763684,2.495399,2.5048387,2.5059702,2.7298272,3.075848,2.5130131,2.5179667,2.6327348,2.6097949,2.6123888,2.6666036,2.4731462,2.6107144,2.467978,2.8364208,2.1156564,2.676721,2.6865752,2.992593,3.1595008,2.9418375,2.889921,2.8848174,2.84223,2.3964512,3.4275098,3.4007132,3.4323828,3.410958,3.3781548,3.4367065,3.1131363,2.7409916,2.2247553,2.2161186,2.4811854,2.2914436,2.5079467,2.6520743,2.8508933,2.4254534,2.4308329,2.3215675,2.157003,2.87828,2.5659955,2.118532,2.8081212,3.1096249,2.4216113,2.942502,2.6952848,2.537413,2.5070393,2.5899794,3.4101043,3.11113,1.9196856,2.4992406,2.5088959,2.3667965,2.2345738,2.2720888,2.4724321,2.5002227,2.5596333,2.5869982,3.2950265,3.1103492,3.0211766,2.637984,2.3954968,1.6670587,2.4828248,2.4705362,2.9397435,2.854693,3.0592787,1.641142,3.233833,2.738184,2.6884077,2.7984626,3.3560116,3.0725815,3.2914858,3.2160573,2.6719441,2.6816745,1.8343916,1.8417097,2.417621,2.3663325,2.7475903,2.7591226,3.1414924,2.4083672,2.5915,1.2269744,2.2502995,2.2134182,2.799148,2.0309448,2.6831472,2.6124701,2.3899834,3.1787395,2.9393275,2.8195806,2.7828887,3.005305
7,2.8862019,1.348841,1.4619439,2.118668,1.4290638,0.31862473,0.96598226,0.0,1.9210874,2.018957,2.0739913,2.0846171,1.9381273,2.492832,2.047133,2.1316495,3.02183,3.0417962,3.0524805,3.051026,2.3875895,3.094156,2.5472693,2.5591764,2.7157931,2.6907182,2.705545,2.743932,2.535347,2.65371,2.5690222,3.3393283,2.1737459,2.6872554,2.6974878,2.8902407,3.678734,3.1576552,3.143767,3.145464,2.9791458,2.5218782,3.9744315,3.950462,3.943158,3.9225137,3.8924026,3.952714,3.3027074,2.857091,2.299531,2.2969627,2.5571616,2.4056773,2.5880156,2.789524,2.9376314,2.531866,2.5506985,2.404227,2.2824047,2.883819,2.657618,2.376512,2.7331562,3.167872,2.5157151,3.0870502,2.8830514,2.646458,2.5415833,2.7196653,3.4375882,3.1742141,1.9590602,2.5435019,2.6343431,2.4857826,2.3218243,2.301413,2.5805368,2.590722,2.68291,2.7075543,3.3711016,3.1572049,3.0237303,2.7274895,2.5059094,1.9185138,2.5905662,2.653979,2.9225724,2.7881174,3.6275637,2.059072,3.3716717,2.9613178,2.8864908,2.9550903,3.5692782,3.317763,3.5038385,3.4141958,2.7886443,2.8067787,2.12538,2.1520517,2.5478792,2.4904711,2.7606533,2.7601202,3.207592,2.6852505,2.9414542,1.6889421,2.279313,2.2883275,2.7188668,2.1338916,2.6706376,2.619444,2.4509315,3.1909773,3.4541502,3.3449903,2.817852,3.055828
8,1.4999975,1.7356343,1.8495482,0.34712556,2.0428832,1.9550742,1.8315362,1.9210874,0.0,0.54931134,0.43973058,0.46834567,2.2569098,1.9062403,0.39135072,0.7488,1.5169017,1.528977,1.5266607,1.5287416,1.7984383,1.7013632,1.4349718,1.4664127,1.6337084,1.6230875,1.6239965,1.7310604,0.77981496,1.1283411,0.9238682,1.7626295,1.2071804,1.413569,1.4325267,1.7171357,2.9151819,2.6310651,2.6687887,2.6550786,2.0165489,1.8935854,2.8103085,2.7912452,2.8868926,2.872515,2.8399363,2.8985689,2.553208,1.9540272,1.0723104,1.0597212,1.4864805,1.1645254,1.2994555,1.6337489,1.965313,1.21331,1.2332685,1.1246405,1.2785255,2.0542297,1.4015005,1.0487596,1.7957108,2.5785065,1.5758679,2.4933085,2.1349633,1.744222,1.5890907,1.6608946,3.0306885,2.7072635,0.5853656,1.4043651,1.9326037,1.7809947,1.0773401,1.071063,1.6847312,1.6568339,1.7162144,1.7105646,2.4087017,2.2210538,2.0648985,1.6314509,1.2190434,2.1642447,1.4425474,1.6802346,1.9063779,1.7098225,2.5559387,2.3024032,2.2783594,2.2274625,2.1411579,2.2372706,2.6424644,2.4142392,2.5415933,2.362068,1.581873,1.5439421,2.1516023,2.1880026,1.1944617,1.1370959,1.7891352,1.4869257,1.6447057,1.7257448,2.0443153,1.957108,1.4056599,0.87296,1.638775,0.5178015,1.4751116,1.4554975,1.3549293,1.7340393,2.1897342,2.0150833,1.9978539,2.117291
9,1.5556867,1.809579,1.9338561,0.5319399,2.1341386,2.0349605,1.9172094,2.018957,0.54931134,0.0,0.47087768,0.46049696,2.028391,1.6998159,0.66982645,0.83354133,1.4879593,1.531843,1.5198485,1.5183396,1.7391986,1.6185601,1.3659583,1.3632691,1.6685233,1.6655566,1.6563823,1.7389028,0.80755186,0.99787295,0.9576185,1.7801316,1.3906716,1.5430598,1.5649654,1.8109028,2.9843283,2.7117906,2.7381525,2.7270558,2.115341,2.044546,2.863971,2.8454664,2.9293077,2.9158766,2.8822417,2.9413369,2.7229378,2.163459,1.1808032,1.1671823,1.4136388,1.1753569,1.3640231,1.7665367,2.037721,1.2801049,1.2946858,1.1746436,1.3572869,2.1164432,1.4640731,1.1637361,1.7324947,2.5732741,1.6047399,2.4534397,2.1358232,1.7511195,1.5911306,1.6318183,2.920208,2.5706859,0.63052934,1.4207062,1.750142,1.6121087,1.1710482,1.1277333,1.5551274,1.531239,1.5930066,1.6071155,2.352662,2.1266766,1.9601451,1.526679,1.2928575,2.2110255,1.47338,1.766,1.8469025,1.7574424,2.5725825,2.3890908,2.3275065,2.2802484,2.1848595,2.2880998,2.692124,2.3800194,2.6104574,2.4314547,1.627866,1.6195486,2.2450936,2.2535448,1.2237631,1.2406908,1.8189808,1.5237198,1.5679593,1.868613,2.1398275,2.0983813,1.4278666,0.82979447,1.6640064,0.64087164,1.5058595,1.4805324,1.3848863,1.7582991,2.2347019,2.0371506,1.9756439,2.0985124
10,1.4064662,1.8194441,1.949966,0.41572055,2.1778262,2.0775905,1.9812568,2.0739913,0.43973058,0.47087768,0.0,0.094700456,2.2502732,1.9558411,0.61495537,0.8191848,1.4858073,1.5202745,1.5024365,1.4994493,1.6183091,1.4809152,1.1952211,1.2320614,1.6541278,1.6483326,1.629143,1.6999984,0.7508718,0.9452901,0.8958187,1.7478275,1.2902197,1.4543141,1.4706749,1.7511684,2.9251544,2.6393423,2.6789427,2.6680725,2.0346987,1.9569671,2.8143587,2.7939475,2.8863184,2.8707435,2.8414946,2.898647,2.7129946,2.1945245,1.013678,0.99052733,1.2704298,1.0660892,1.2582389,1.798352,1.9762831,1.1356057,1.1331679,0.9817063,1.2909964,2.0740426,1.3303826,1.110885,1.6907939,2.4752042,1.5844781,2.4072258,2.0264835,1.631232,1.5120692,1.5572108,3.0774245,2.6987493,0.64481497,1.366731,1.906445,1.770457,1.042497,1.0436584,1.510621,1.4975696,1.5798331,1.5628729,2.249235,2.101661,1.8875015,1.397266,1.1873304,2.172506,1.4145317,1.6301721,1.7972199,1.7064867,2.5230854,2.337419,2.2612655,2.203119,2.0958695,2.192301,2.558613,2.292766,2.4830434,2.2817175,1.5615513,1.5414228,2.1991239,2.2169101,1.1394887,1.1062379,1.7924365,1.4322667,1.4805136,1.8592901,2.135355,2.1503992,1.3797196,0.7794114,1.6120688,0.5434419,1.4354271,1.4233924,1.3756248,1.668669,2.238004,1.986568,1.9145122,2.0252802
11,1.4480451,1.7840022,1.9100018,0.4677129,2.167474,2.086546,1.9701685,2.0846171,0.46834567,0.46049696,0.094700456,0.0,2.2091064,1.9810388,0.6625565,0.8444616,1.4493414,1.4850833,1.4676218,1.4636661,1.6603957,1.5128651,1.2148315,1.2466178,1.6668417,1.6621809,1.6437049,1.7124261,0.8002662,0.9733823,0.9491125,1.7424815,1.3391405,1.5131754,1.5294926,1.7827094,2.9462857,2.6837883,2.7211437,2.7100306,2.0917253,2.0090744,2.828866,2.808164,2.888256,2.8722427,2.8422027,2.8995736,2.746418,2.2051036,1.044832,1.0185231,1.286723,1.0858887,1.2699858,1.8070904,1.9952881,1.1506485,1.1438186,1.0061748,1.3148819,2.0683432,1.3360099,1.1198474,1.6962465,2.4993148,1.6002697,2.4311414,2.0516405,1.6484652,1.5309343,1.5748938,3.0847433,2.7095327,0.66416794,1.3679723,1.917359,1.7838423,1.0557706,1.0636214,1.537727,1.5282996,1.605649,1.5913091,2.2472644,2.085062,1.8782303,1.4153596,1.2072351,2.1392782,1.4073243,1.6686351,1.7870582,1.6972448,2.4948022,2.3299654,2.2980494,2.224774,2.1249793,2.220286,2.567216,2.2949555,2.4973872,2.2956324,1.5738168,1.5497625,2.1690712,2.1853175,1.1549306,1.1284893,1.7913721,1.4241368,1.5151176,1.885118,2.1284292,2.1301508,1.4263327,0.8119647,1.6047839,0.5658998,1.4312613,1.4150754,1.3950077,1.7063828,2.2093904,1.9581151,1.9236581,2.0271707
12,3.0989547,1.5809661,1.5002701,2.3905735,1.9542903,1.8395303,1.7164911,1.9381273,2.2569098,2.028391,2.2502732,2.2091064,0.0,2.2251406,2.3661573,2.4719024,2.743831,2.76409,2.7723408,2.7651587,2.7679877,3.1306558,2.5733583,2.5917642,2.817726,2.8177462,2.830084,2.8395884,2.7343569,2.815738,2.7726297,3.150038,2.7108808,3.1583195,3.1518948,3.3061206,3.751012,3.548369,3.5021172,3.4963093,3.3854227,3.0939882,3.911767,3.8832157,3.8716233,3.8469863,3.7968125,3.8635662,3.5915093,3.1885645,2.500311,2.4762878,2.5412989,2.4642255,2.7231596,2.9815376,3.1070237,2.7084136,2.6128612,2.5741947,2.5854378,3.118151,2.7874606,2.630119,2.8474557,3.530124,2.6599534,3.3677986,3.033985,2.8174293,2.791433,2.8554103,3.231314,2.8341916,2.1790047,2.5441916,2.212227,2.1483436,2.4764142,2.4748654,2.7975736,2.863818,2.8616743,2.8954852,3.2767806,3.0938618,3.0780709,2.844531,2.5947225,1.8677841,2.7365258,2.824941,3.0029464,2.971666,3.4069939,2.189836,3.6643136,3.279316,3.1389782,3.2581158,3.524466,3.2396984,3.4198637,3.3208656,2.8113754,2.802759,1.9803464,1.9334295,2.6007764,2.6390126,2.9933782,2.8127725,3.2918477,2.8707626,3.06811,1.9525827,2.6190078,2.45151,2.8133652,2.331473,2.8242776,2.6849256,2.6132789,3.309093,3.2022185,3.027709,2.9604173,3.1587017
13,2.3140588,2.5630066,2.6540139,1.8322883,2.6527107,2.526946,2.3190713,2.492832,1.9062403,1.6998159,1.9558411,1.9810388,2.2251406,0.0,1.8556951,1.9123521,2.3742983,2.3789225,2.3811696,2.3986313,2.4532201,2.3641615,2.2252948,2.2136085,2.4719598,2.4740908,2.4711509,2.5065215,1.8870379,2.3007514,1.7073656,2.204888,1.9762933,2.1358588,2.1231182,2.863636,2.4304218,2.084732,2.0680015,2.0565696,1.8307228,1.8241702,2.6432433,2.6237738,2.6694565,2.6592867,2.6158836,2.6788874,2.746999,2.8076262,2.0667593,2.063732,2.2215028,2.0927608,2.1960077,2.4888484,2.5822594,2.2205253,2.2038245,2.1531594,2.0512633,3.2128465,2.376233,1.7369573,2.771573,3.1169398,2.1130712,2.6800265,2.2719247,2.4195974,2.3987064,2.1923478,2.9317908,2.5065777,1.8607494,2.2758632,1.8164201,1.7642063,2.2012537,2.2308955,2.278907,2.2876642,2.2992918,2.3331378,2.999591,3.1901734,3.2837615,2.5081697,2.1856124,2.8709626,2.2444806,1.8006316,3.2329075,3.1396773,2.7364597,2.4479697,2.2204118,2.233542,2.0757737,2.2164621,2.822524,2.5702326,2.7398367,2.6165845,2.365833,2.3440063,2.8676906,2.884449,2.1859117,2.168797,2.7900739,2.7937727,2.4257,1.8369358,2.3043118,2.6634948,2.0120878,1.9812067,2.9165046,1.8437437,2.8344529,2.7364213,2.102129,2.4014592,2.8396873,2.6698234,2.4719043,3.1069863
14,1.477156,1.9336578,2.0415363,0.3484383,2.2730768,2.0808995,2.0180962,2.047133,0.39135072,0.66982645,0.61495537,0.6625565,2.3661573,1.8556951,0.0,0.9682162,1.6544937,1.6600543,1.6508747,1.6552376,1.7400796,1.643561,1.4487723,1.4734393,1.7422408,1.7325951,1.733036,1.86661,0.69561213,1.0893021,0.81655926,1.8017526,1.2157857,1.3429835,1.3626058,1.7107078,2.9155562,2.5705373,2.6094542,2.5928514,1.9228302,1.8335395,2.8204155,2.8026433,2.9267957,2.9127915,2.8762658,2.9389212,2.3630414,1.807013,1.008855,0.9841704,1.4802158,1.0929157,1.253684,1.47821,2.03921,1.2105098,1.2273936,1.1406431,1.3215584,2.1486464,1.3962919,1.1449625,1.710525,2.5722485,1.496792,2.4264832,2.0868778,1.7258539,1.4918894,1.5448182,2.9016469,2.624087,0.5825623,1.4350207,1.8833321,1.7299038,1.0609373,0.99343807,1.6762195,1.6338042,1.6672817,1.662558,2.3745365,2.2230623,2.0750017,1.5408654,1.2355055,2.3427536,1.4271055,1.5862377,1.9216379,1.7538964,2.623656,2.3767035,2.1435401,2.133725,2.0494676,2.158858,2.4798331,2.276197,2.4484463,2.2717059,1.5748793,1.5517505,2.3334744,2.34949,1.1106849,1.0422834,1.8847107,1.5515622,1.5172688,1.6049625,2.0136707,2.0764534,1.3959123,0.9615573,1.7227025,0.58620656,1.5003045,1.4701204,1.4368267,1.6111423,2.1889756,2.06395,2.0585067,2.188154
15,1.6146735,2.059407,2.1824324,0.8100758,2.2397377,2.1499012,2.0682032,2.1316495,0.7488,0.83354133,0.8191848,0.8444616,2.4719024,1.9123521,0.9682162,0.0,1.6535262,1.6913216,1.6729958,1.6750325,1.8468497,1.6499,1.4864044,1.5230943,1.782804,1.7854897,1.7708813,1.8399038,0.96913046,1.2083995,1.0987755,1.8534396,1.202143,1.303864,1.3317678,1.6247765,2.9248989,2.6539087,2.7071574,2.693277,1.9697474,1.9292873,2.7594023,2.7437603,2.8446567,2.8362987,2.8107705,2.8613448,2.7817736,2.259606,1.3043694,1.3054892,1.6118114,1.4050113,1.3926783,1.8762348,1.7718295,1.2920749,1.3569616,1.2210037,1.2487823,1.9864712,1.4677353,1.2082785,1.8827721,2.5701132,1.6406407,2.485957,2.2427907,1.8503364,1.6826534,1.7286304,3.0979598,2.746768,1.082335,1.2154922,2.093135,1.980101,1.2867936,1.3841,1.6206038,1.6048099,1.7143878,1.6881682,2.2456243,2.2835546,2.1400542,1.8043123,1.3930793,2.2436557,1.5883298,1.8447167,2.0256233,1.8264664,2.624913,2.5645835,2.3531992,2.413816,2.24561,2.3042672,2.9294753,2.722547,2.8514183,2.636296,1.7368329,1.4992508,2.2982328,2.3809116,1.4771365,1.4649931,1.7568438,1.4667643,1.6574098,1.9511237,2.2687633,2.2223024,1.4450095,1.1097103,1.704957,0.9762229,1.6117696,1.6122487,0.9711129,1.7506468,2.3256443,2.129059,1.660539,1.8250034
16,2.151579,2.3481512,2.4403934,1.4906654,2.6125138,3.0701423,2.4763684,3.02183,1.5169017,1.4879593,1.4858073,1.4493414,2.743831,2.3742983,1.6544937,1.6535262,0.0,0.28932753,0.14052336,0.12935477,2.841002,2.0584128,1.9552989,1.9548084,2.114666,2.115814,2.093455,2.172448,1.5063586,1.6222794,1.5730147,0.8760928,1.9835646,2.0464108,2.0657496,2.318446,2.672486,3.0107636,2.9980822,2.9737842,2.4645936,2.53393,2.1618164,2.1443346,2.4077542,2.3998947,2.3712583,2.412488,2.985701,2.5357447,1.8120533,1.811962,1.9142225,1.7057916,1.8564202,2.0971704,2.3524654,1.7595687,1.7515702,1.7696978,1.8231138,2.3842878,1.8882477,1.587421,2.3951793,2.9497974,2.1264205,2.80837,2.5079343,2.2104888,2.16963,2.0943239,3.3463242,3.0296426,1.617282,2.0698123,2.3668633,2.2644286,1.7296913,1.7920371,2.0594354,2.0500784,2.0267916,2.033151,2.6819422,2.4222922,2.3528426,2.0076478,1.776313,2.7048106,1.9807149,2.1720014,2.2435627,2.2230465,2.0001004,2.7669902,2.6334398,2.570649,2.5602596,2.707233,2.8714335,2.618941,2.7570603,2.6430593,1.9480608,1.9685963,2.597591,2.5860152,1.6715904,1.6860077,2.2512574,2.0215092,1.9049796,2.175681,2.281132,2.457344,2.0532205,1.6200011,2.24618,1.4962909,2.0359647,1.9803759,1.9718934,2.1482291,1.568381,1.2387892,2.4675126,2.424286
17,2.1976984,2.4040844,2.4647367,1.5121766,2.6452193,3.0890281,2.495399,3.0417962,1.528977,1.531843,1.5202745,1.4850833,2.76409,2.3789225,1.6600543,1.6913216,0.28932753,0.0,0.28324348,0.30188987,2.850624,2.0636985,1.9616767,1.9559015,2.1277606,2.1277487,2.1153564,2.1813674,1.5266428,1.730664,1.5830872,0.8731599,1.9772837,2.0480683,2.0604985,2.3308623,2.6342113,2.978706,2.9665017,2.9415429,2.4368815,2.5076196,2.1268032,2.1103916,2.4007215,2.3937545,2.3635387,2.4051862,2.9540753,2.4959552,1.7964085,1.8003445,1.9111036,1.6973939,1.9245703,2.1522167,2.4433026,1.8021898,1.7727737,1.7725024,1.8888128,2.4821742,1.9570233,1.5630198,2.455686,3.014521,2.1006634,2.8631816,2.5477662,2.265254,2.2188153,2.1288116,3.3195279,3.008378,1.6502398,2.0746937,2.4472635,2.3434815,1.716026,1.7791169,2.1782186,2.169648,2.1438186,2.1532528,2.833361,2.6282208,2.4766781,2.1167326,1.7753972,2.7344987,1.9496818,2.1472456,2.3276582,2.2399049,1.9473709,2.7460501,2.6054356,2.52857,2.5452003,2.7024188,2.8019629,2.6222806,2.7558272,2.6156466,2.0310092,2.0534265,2.6340911,2.6433551,1.6705141,1.6565444,2.2769334,2.05683,1.9809984,2.1530023,2.2355936,2.4769382,2.0805051,1.662905,2.2651198,1.5068941,2.0159843,1.9887577,2.0090528,2.2030077,1.5394531,1.2130516,2.471979,2.5766575
18,2.1430688,2.364668,2.4476,1.495421,2.639824,3.0976772,2.5048387,3.0524805,1.5266607,1.5198485,1.5024365,1.4676218,2.7723408,2.3811696,1.6508747,1.6729958,0.14052336,0.28324348,0.0,0.047963347,2.8489351,2.0549486,1.9548318,1.9639163,2.1173773,2.1191525,2.097886,2.1831064,1.5061368,1.6607507,1.5562967,0.80263317,1.9738433,2.0372972,2.052948,2.3423998,2.6082785,2.961296,2.949092,2.9232237,2.4215894,2.494104,2.0933444,2.07552,2.3689365,2.360484,2.3304045,2.3732953,2.9017174,2.4923446,1.790561,1.7891695,1.9133217,1.6922876,1.8248299,2.0480509,2.3294835,1.7375582,1.7186247,1.7486491,1.8151927,2.4085126,1.8619783,1.5714909,2.4145367,2.9749255,2.1165955,2.813535,2.4801328,2.206204,2.1714525,2.077265,3.3429348,3.0270696,1.6376829,2.0483038,2.4076102,2.3070548,1.717514,1.7872072,2.0829928,2.075835,2.052799,2.053687,2.6505282,2.443235,2.3907204,2.0100784,1.7533457,2.6950662,1.9892001,2.1162503,2.2826357,2.2496016,1.9796376,2.7289197,2.5987024,2.5418315,2.52736,2.6721904,2.7984378,2.5740783,2.6717868,2.5587308,1.9222715,1.9263362,2.5779815,2.5687025,1.6611973,1.6706218,2.29621,2.0337024,1.8970397,2.1058955,2.2629907,2.4535325,2.060001,1.6374551,2.2699826,1.5079007,2.0599267,1.9944656,1.963246,2.119483,1.5189176,1.1867262,2.4649003,2.4360294
19,2.1431148,2.355054,2.4387293,1.4973884,2.639087,3.0944316,2.5059702,3.051026,1.5287416,1.5183396,1.4994493,1.4636661,2.7651587,2.3986313,1.6552376,1.6750325,0.12935477,0.30188987,0.047963347,0.0,2.846051,2.0542305,1.9495106,1.9596746,2.1242602,2.126043,2.1046078,2.1878977,1.5104879,1.6498429,1.5682436,0.83172834,1.986338,2.0502374,2.066683,2.3384786,2.6422682,2.991421,2.978568,2.9528484,2.4496608,2.5208473,2.1262302,2.108186,2.3991995,2.3904576,2.3604667,2.4033034,2.9282763,2.5123138,1.7958313,1.7940195,1.9076177,1.6929735,1.8256001,2.0586367,2.3331494,1.7410781,1.7212121,1.7522105,1.8172168,2.3884857,1.860775,1.592306,2.4016252,2.9701993,2.1211293,2.8178844,2.4911907,2.205827,2.1688814,2.0822546,3.3498108,3.033275,1.6314151,2.0509913,2.4038937,2.302918,1.7185658,1.7853514,2.0813713,2.0748324,2.0520794,2.0523784,2.6388128,2.413814,2.368522,2.0041313,1.760849,2.6917534,1.9994285,2.1365228,2.2608607,2.2337594,2.0036244,2.7410986,2.6192195,2.559554,2.5420587,2.6863914,2.8148582,2.5837817,2.6891341,2.5794046,1.9231385,1.9286553,2.574067,2.5624163,1.6650071,1.6768183,2.2943394,2.0243495,1.89885,2.13649,2.2922144,2.4560888,2.061168,1.6398721,2.2589371,1.5094916,2.0514178,1.9832052,1.9662523,2.120102,1.5283594,1.1908064,2.4634814,2.418374
20,1.970914,2.6373177,2.7170436,1.692344,2.8906815,2.314071,2.7298272,2.3875895,1.7984383,1.7391986,1.6183091,1.6603957,2.7679877,2.4532201,1.7400796,1.8468497,2.841002,2.850624,2.8489351,2.846051,0.0,1.331962,1.0651729,1.094307,2.3856301,2.3834968,2.3835018,2.3240712,1.768402,1.8573189,1.8437358,2.939883,1.5457515,1.6435825,1.6245899,1.8238553,3.460486,2.7816632,2.8476796,2.8561065,2.2072222,2.14693,3.4699116,3.4527392,3.525145,3.5081933,3.500955,3.5457687,3.2763114,2.889341,1.3118485,1.3389639,1.1987908,1.4000529,1.6286399,2.501309,2.1934304,1.4972774,1.4783138,1.303355,1.6151916,2.2914631,1.6242027,2.2234352,1.7015613,2.5644,1.8297912,2.5373514,2.201128,1.8461151,1.6778764,1.8798327,2.678934,2.2773051,1.6861339,1.6307759,2.374923,2.3043528,1.401545,1.3935142,1.755532,1.7622097,1.8534101,1.8473691,2.4225116,2.586968,2.1129205,1.6786503,1.6291069,2.552643,1.7971882,1.8564206,2.06401,1.9489063,3.3047369,2.726029,2.7869508,2.7503488,2.6155877,2.659866,2.799608,2.939265,2.7530792,2.5610585,1.91304,1.9881191,2.6361136,2.6671562,1.570961,1.5399879,2.024378,1.7530376,1.8002217,2.5088375,2.8522618,2.8425364,1.4768097,1.703444,1.7450932,1.6802431,1.7537137,1.6663848,1.7224731,1.8063288,3.166504,2.853663,1.8994259,2.3627038
21,1.6555456,2.9631758,3.050315,1.4803663,3.2286544,3.0722952,3.075848,3.094156,1.7013632,1.6185601,1.4809152,1.5128651,3.1306558,2.3641615,1.643561,1.6499,2.0584128,2.0636985,2.0549486,2.0542305,1.331962,0.0,0.73437965,0.72450006,2.2577376,2.266049,2.2532756,2.205973,1.2907252,1.4335331,1.3783166,2.0374384,1.4073627,1.1626471,1.1502943,1.4837,2.9427376,2.6544783,2.7133899,2.7082064,1.8586313,2.1014543,2.5890894,2.5769725,2.780001,2.770861,2.7708228,2.802001,3.153246,2.784261,1.1112624,1.1500041,0.83870935,1.0588193,1.2723823,2.2429168,1.9277179,1.0871111,1.0823712,1.0072075,1.3470562,2.0587842,1.2401155,1.9152782,1.6147329,2.4637928,1.587789,2.3974576,2.0211718,1.6453543,1.5003359,1.5520816,2.6310668,2.215681,1.6095772,1.4583404,2.286125,2.2345824,1.1348925,1.2109785,1.5283141,1.5159787,1.5388215,1.5262239,2.1706958,2.3541942,1.9334452,1.4261032,1.3516142,2.9271843,1.5087528,1.6377814,1.864738,1.7717228,2.5939825,3.014536,2.3880994,2.5491207,2.445103,2.5264366,2.5273352,2.7161794,2.5260813,2.333444,1.5500968,1.6236008,2.8884456,2.9142907,1.1264399,1.130835,1.7840132,1.4606324,0.9419389,2.2927406,2.553704,3.0567954,1.3382043,1.5162284,1.633006,1.4564533,1.5184858,1.4159615,1.463735,1.1039494,2.4015105,1.9878944,1.661869,2.1097481
22,1.720535,2.3667324,2.4356258,1.2965987,2.6663842,2.4994454,2.5130131,2.5472693,1.4349718,1.3659583,1.1952211,1.2148315,2.5733583,2.2252948,1.4487723,1.4864044,1.9552989,1.9616767,1.9548318,1.9495106,1.0651729,0.73437965,0.0,0.28812876,2.086517,2.0887935,2.0808542,2.0175135,1.3345274,1.4665159,1.4197799,2.0883825,1.1994522,1.3161962,1.2938102,1.5966183,2.8783529,2.5706692,2.6026447,2.5993922,1.9312135,1.9695278,2.676217,2.656162,2.8411055,2.8240864,2.817147,2.858091,3.059033,2.6821935,0.77570415,0.8243613,0.28737998,0.7311778,1.1451377,2.1700196,1.8207872,0.92654806,0.82750773,0.6885953,1.085345,1.897945,1.0992423,1.7908812,1.523981,2.3753598,1.4564964,2.3054464,1.8974234,1.4913758,1.3858222,1.5083054,2.5320146,2.0550153,1.330921,1.2618719,2.122655,2.051053,0.79669833,0.9137069,1.4031632,1.435487,1.4770682,1.4653767,2.097463,2.2365932,1.8080935,1.296028,1.1160281,2.3026729,1.4327087,1.4606879,1.7310692,1.6384552,2.5601768,2.4523845,2.5381224,2.4662828,2.3460639,2.4443562,2.4674764,2.6227822,2.395508,2.2186298,1.4231914,1.5104524,2.2887185,2.309833,0.97597784,0.94903207,1.7270167,1.3559128,1.3391348,2.1645505,2.4831452,2.5308444,1.1042906,1.3242803,1.4747168,1.2440466,1.4008684,1.2275015,1.3093085,1.4008174,2.3670626,1.914632,1.5689385,2.007331
23,1.7875745,2.4005249,2.4806092,1.316328,2.739837,2.534364,2.5179667,2.5591764,1.4664127,1.3632691,1.2320614,1.2466178,2.5917642,2.2136085,1.4734393,1.5230943,1.9548084,1.9559015,1.9639163,1.9596746,1.094307,0.72450006,0.28812876,0.0,2.2089128,2.209757,2.2030883,2.140064,1.3550224,1.4798506,1.4442445,2.1029878,1.2272023,1.3285455,1.3195107,1.5935682,2.8879592,2.585146,2.6077094,2.6068969,1.954201,1.9960616,2.6867867,2.6680427,2.8283036,2.812175,2.8086014,2.847045,3.1112235,2.6812565,0.8166394,0.8524248,0.32716668,0.74000496,1.1884259,2.194738,1.9547899,0.943338,0.902896,0.7751425,1.1206892,1.919287,1.1273534,1.7624092,1.4396966,2.2745547,1.345275,2.1821036,1.8757515,1.4583004,1.297575,1.4202625,2.4253852,1.9951426,1.3229222,1.2936053,2.0938873,2.0269036,0.8187746,0.9203702,1.399981,1.4163157,1.4475515,1.4563749,2.169626,2.2654603,1.8134558,1.3039743,1.2316804,2.3804634,1.2918719,1.507234,1.7312384,1.6323153,2.4552798,2.4944818,2.4692624,2.3788931,2.299163,2.3984745,2.4166715,2.5790205,2.497446,2.320578,1.5338795,1.6304873,2.4031103,2.424429,0.9540841,0.9210103,1.6911927,1.3962665,1.336302,2.1901114,2.379379,2.5466712,1.1170436,1.3987222,1.5111538,1.2272596,1.3375255,1.194575,1.3701456,1.4314139,2.2857196,1.8621544,1.5034173,2.0759857
24,2.2505853,2.4989564,2.5581284,1.6776159,2.1164992,2.71079,2.6327348,2.7157931,1.6337084,1.6685233,1.6541278,1.6668417,2.817726,2.4719598,1.7422408,1.782804,2.114666,2.1277606,2.1173773,2.1242602,2.3856301,2.2577376,2.086517,2.2089128,0.0,0.06602301,0.14608444,0.36146045,1.6471741,1.9129219,1.7089792,2.2089267,1.9771849,2.0669625,2.0221362,2.2854536,3.2567663,3.036399,3.1290889,3.1273267,2.4842978,2.4614742,3.0239189,3.01599,3.129146,3.1212022,3.1186225,3.1524189,3.0559998,2.6400297,1.9396154,2.0410595,2.186943,2.0355797,2.0354333,2.338151,1.821413,1.9707506,1.9206024,1.8896565,2.0686452,2.720785,2.1218057,1.9910488,2.9651513,3.5818493,2.9278333,3.4331214,3.1307735,2.87441,2.8535607,2.933784,3.4568415,3.153213,1.9269513,2.2366173,2.6854167,2.5824301,1.943218,1.9541345,2.3578324,2.329798,2.3502927,2.3553474,3.152296,2.9927912,2.6442866,2.3344195,1.2570524,2.5620198,2.4377763,2.242848,2.4533198,2.2730608,3.299632,2.7917454,3.3643975,3.404416,3.3646529,3.470311,3.6359615,3.4978004,2.4361973,2.2580194,1.6336503,1.8802294,2.3369536,2.3728056,1.9919609,1.9669384,2.264945,2.016177,2.1845133,2.2775857,2.9447248,2.699178,2.2626388,1.0331817,1.9082065,1.7450023,2.2847943,2.2277844,2.0831523,2.3453763,3.2188573,2.8482645,3.1339023,2.799745
25,2.2355917,2.481683,2.5423226,1.6695164,2.093485,2.688524,2.6097949,2.6907182,1.6230875,1.6655566,1.6483326,1.6621809,2.8177462,2.4740908,1.7325951,1.7854897,2.115814,2.1277487,2.1191525,2.126043,2.3834968,2.266049,2.0887935,2.209757,0.06602301,0.0,0.15802673,0.3691341,1.6443685,1.9153718,1.7057925,2.2127256,1.9710906,2.0667531,2.0225732,2.2856228,3.2555833,3.0310133,3.1208205,3.1197398,2.4836712,2.454283,3.0296116,3.0214486,3.1399336,3.1318376,3.1297655,3.1634707,3.044125,2.6280768,1.9347578,2.0371227,2.1841524,2.0297165,2.0434093,2.3343346,1.8394117,1.9725373,1.9220716,1.8866934,2.0672917,2.7189283,2.1266797,1.9842384,2.9649367,3.56197,2.9236047,3.4212165,3.1221797,2.8668368,2.8524516,2.9354641,3.465935,3.1556873,1.9132031,2.2496078,2.6892803,2.583961,1.9407698,1.9438726,2.3615813,2.3320565,2.3553026,2.3608336,3.1727827,2.998246,2.6491594,2.3358436,1.2611177,2.5657494,2.4410484,2.2399485,2.4548333,2.2716901,3.306322,2.779711,3.3584635,3.39238,3.3551576,3.4613624,3.6307745,3.4927323,2.435609,2.2643445,1.6418511,1.8971407,2.33696,2.3729775,1.9885892,1.9597383,2.2719855,2.030112,2.1943865,2.2743073,2.9422936,2.6843326,2.2469976,1.027002,1.9151938,1.7351629,2.281367,2.227502,2.09388,2.3459291,3.2185726,2.8506296,3.1412272,2.8139203
26,2.2546206,2.491461,2.5678341,1.6646184,2.1008184,2.7040775,2.6123888,2.705545,1.6239965,1.6563823,1.629143,1.6437049,2.830084,2.4711509,1.733036,1.7708813,2.093455,2.1153564,2.097886,2.1046078,2.3835018,2.2532756,2.0808542,2.2030883,0.14608444,0.15802673,0.0,0.3774618,1.6382648,1.8653032,1.6916057,2.187891,1.9666569,2.0565166,2.0147676,2.2985785,3.2226386,3.0026932,3.0957453,3.0939708,2.4582098,2.4338512,2.999795,2.991858,3.118741,3.1109705,3.1089532,3.142762,3.0366814,2.6518762,1.9353812,2.03369,2.1838791,2.0337994,2.0408025,2.3479483,1.83275,1.9680241,1.9276428,1.8837543,2.0658648,2.7444453,2.1274853,1.9769882,2.9552662,3.5462961,2.9280717,3.38955,3.0987933,2.8518472,2.8288462,2.9031537,3.482552,3.1829877,1.9271598,2.2458038,2.6637745,2.558778,1.950235,1.9639772,2.2949598,2.2660072,2.2906866,2.2923121,3.1249819,2.9761226,2.60819,2.275171,1.265548,2.5537171,2.445157,2.2230268,2.440453,2.2997124,3.2907393,2.7733648,3.338332,3.373735,3.3291852,3.437331,3.6221008,3.45782,2.4346423,2.25068,1.6515071,1.8922318,2.3526225,2.380416,1.9899572,1.9676251,2.280369,2.0297859,2.153572,2.2635934,2.9368777,2.694544,2.2555869,0.9967293,1.9479711,1.7413617,2.2932422,2.2475684,2.0892906,2.3593562,3.2185397,2.8461678,3.132873,2.7683835
27,2.3137238,2.532158,2.594168,1.7550912,2.133563,2.7330608,2.6666036,2.743932,1.7310604,1.7389028,1.6999984,1.7124261,2.8395884,2.5065215,1.86661,1.8399038,2.172448,2.1813674,2.1831064,2.1878977,2.3240712,2.205973,2.0175135,2.140064,0.36146045,0.3691341,0.3774618,0.0,1.7155714,1.9822792,1.7691875,2.2567205,2.0225167,2.1250172,2.0758743,2.34649,3.2548892,3.0321252,3.1257384,3.1276593,2.5093665,2.4999979,3.032284,3.0240471,3.133827,3.1253994,3.1302915,3.15945,3.2797356,2.9085083,1.9846855,2.0940404,2.126791,2.077391,2.0926976,2.5763495,1.8836954,2.0200865,1.9648303,1.9182061,2.107107,2.7714014,2.1707814,2.0281417,3.0272934,3.6014528,2.976678,3.4549234,3.1647825,2.9199932,2.9119465,2.988987,3.4925036,3.1797903,1.9840869,2.3060822,2.7302463,2.631954,1.9913362,2.0197713,2.3903008,2.3681803,2.399361,2.4071915,3.2117374,3.0630217,2.6986232,2.3854597,1.3217924,2.5834308,2.4747148,2.2554166,2.5146627,2.3308034,3.3051686,2.7951214,3.400918,3.4214687,3.3937984,3.5004833,3.6758723,3.5460238,2.4724245,2.2939136,1.7088646,1.9935229,2.371533,2.413649,2.0632699,2.0242147,2.297174,2.0805995,2.2434719,2.4287052,3.0514805,2.8192027,2.2868998,1.0796535,1.9332973,1.7871684,2.333434,2.2774148,2.14529,2.401929,3.3235066,2.888311,3.1079469,2.875283
28,1.2975554,2.3566666,2.4744952,0.48749557,2.6301746,2.5665214,2.4731462,2.535347,0.77981496,0.80755186,0.7508718,0.8002662,2.7343569,1.8870379,0.69561213,0.96913046,1.5063586,1.5266428,1.5061368,1.5104879,1.768402,1.2907252,1.3345274,1.3550224,1.6471741,1.6443685,1.6382648,1.7155714,0.0,0.89370894,0.3789091,1.4925386,1.3439589,1.2230008,1.2379756,1.6609877,2.8313432,2.557725,2.612874,2.5973516,1.8111818,1.9218036,2.588699,2.575882,2.7382753,2.7295299,2.7060483,2.75882,2.6145337,2.199484,1.1561099,1.1735083,1.3973165,1.1789023,1.2016224,1.6996493,1.9525015,1.1879736,1.2133427,1.1488153,1.3666989,2.1849666,1.3556309,1.0964211,1.866657,2.6450846,1.6733732,2.4787047,2.1832922,1.8665257,1.6729065,1.6440184,3.0169332,2.729836,0.8321105,1.5418562,2.0725026,1.9458848,1.1971394,1.150343,1.6870533,1.6239511,1.6783873,1.6728183,2.3385835,2.209434,2.1244311,1.562011,1.2226771,2.7167683,1.5114287,1.5917729,1.9809458,1.8146534,2.563519,2.7158816,2.0165968,2.176492,2.1244009,2.2217243,2.5408218,2.3375514,2.3814628,2.209804,1.5005311,1.5316508,2.6657972,2.6875997,1.1978656,1.1361166,1.9245142,1.5898768,1.18598,1.7877988,2.217024,2.5966048,1.4635153,0.86866707,1.7413411,0.6890517,1.5962179,1.5667447,1.4558152,1.3107039,2.2349167,1.9969758,2.0273483,2.2201788
29,1.6022176,2.496081,2.6690564,0.971473,2.7496808,2.6621697,2.6107144,2.65371,1.1283411,0.99787295,0.9452901,0.9733823,2.815738,2.3007514,1.0893021,1.2083995,1.6222794,1.730664,1.6607507,1.6498429,1.8573189,1.4335331,1.4665159,1.4798506,1.9129219,1.9153718,1.8653032,1.9822792,0.89370894,0.0,1.1385257,1.8892646,1.6113234,1.4493736,1.5001264,1.5409727,3.2864304,3.0453534,3.0974796,3.0807586,2.2784197,2.3667786,2.9721956,2.9592948,3.1021292,3.0951116,3.0675917,3.1176956,2.9778624,2.4141195,1.4234159,1.4121816,1.5449499,1.3576505,1.5033771,1.8973423,2.1171503,1.4192394,1.5049535,1.3714465,1.5522741,2.0348434,1.5760345,1.7316351,1.5755736,2.5573895,1.8845136,2.5406692,2.3307664,1.8254733,1.5400873,1.6636746,3.1515853,2.8694665,1.150704,1.7166097,2.0137467,1.8776354,1.3897873,1.312631,1.2921064,1.2216899,1.2757109,1.2576351,2.1872272,1.8366008,1.4723616,1.1677269,1.514457,2.7931287,1.7425292,2.09946,1.4659789,1.6578449,2.8542478,3.0665956,2.4889967,2.5971246,2.4838927,2.591266,2.9549105,2.592888,2.8909876,2.7151895,1.7160673,1.7478743,2.8311858,2.7951171,1.3276019,1.397755,1.7916644,1.4556861,1.0703984,2.296266,2.5442317,2.7063668,1.5996351,1.0795113,1.7056587,1.1778917,1.5059263,1.5267054,1.6190052,1.633335,2.4094553,2.2010605,2.1896446,1.804826
30,1.3494108,2.3955903,2.5204527,0.6364651,2.6579165,2.6091833,2.467978,2.5690222,0.9238682,0.9576185,0.8958187,0.9491125,2.7726297,1.7073656,0.81655926,1.0987755,1.5730147,1.5830872,1.5562967,1.5682436,1.8437358,1.3783166,1.4197799,1.4442445,1.7089792,1.7057925,1.6916057,1.7691875,0.3789091,1.1385257,0.0,1.381923,1.3544254,1.2676915,1.2692386,1.9324366,2.532592,2.234213,2.2913575,2.2744708,1.5438536,1.6738112,2.3830113,2.3695152,2.5527358,2.5434108,2.5199127,2.5760043,2.4364986,2.2354662,1.2120095,1.2243505,1.4755421,1.2740473,1.2477915,1.7430451,1.9983732,1.261276,1.2745694,1.2156376,1.4225584,2.447837,1.4370911,0.9155146,2.0722759,2.6901007,1.7091414,2.4082694,2.055449,1.905821,1.7606999,1.6166116,3.0633793,2.7692266,0.99626917,1.6419089,2.1213474,2.0028102,1.3331678,1.3249938,1.738121,1.6816244,1.7457839,1.7353582,2.3665845,2.403371,2.3823607,1.629597,1.2941638,2.7443857,1.5772007,1.3406521,2.284073,2.138531,2.4618816,2.5620277,1.7629845,1.9365318,1.8890791,1.9913728,2.3409848,2.1304336,2.1624892,1.9837532,1.5715072,1.5866411,2.7032466,2.7265658,1.3212774,1.2303882,2.1505063,1.8590943,1.284315,1.5543966,2.1081173,2.636254,1.5290259,0.98314923,2.02974,0.80936515,1.8735704,1.835079,1.5556794,1.3783541,2.2666523,2.0239792,2.0711813,2.406074
