,0,1,2,3,4,5,6,7,8,9,10,11,12,13,14,15,16,17,18,19,20,21,22,23,24,25,26,27,28,29,30,31,32,33,34,35,36,37,38,39,40,41,42,43,44,45,46,47,48,49,50,51,52,53,54,55,56,57,58,59,60,61,62,63,64,65,66,67,68,69,70,71,72,73,74,75,76,77,78,79,80,81,82,83,84,85,86,87,88,89,90,91,92,93,94,95,96,97,98,99,100,101,102,103,104,105,106,107,108,109,110,111,112,113,114,115,116,117,118,119,120,121,122,123,124,125,126,127
0,0.0,1.5138333,1.349843,1.3051883,2.9139924,1.9717513,1.0502172,0.9883608,2.285217,1.7088226,2.6413887,2.1945682,2.3392708,2.2252874,1.652674,1.63058,3.17562,3.3018055,3.2003922,3.2830315,2.6831126,1.3623496,2.2270193,2.1917212,2.001563,1.9680151,1.9353358,1.0703683,1.7446218,1.6980023,2.24317,2.527972,3.4874222,3.0016794,4.1674123,2.9882243,3.4653852,3.4986234,2.907428,3.0605042,2.6950903,2.8999019,2.7561734,2.9445376,3.0689967,3.0514927,3.298487,3.0815623,3.3361712,3.8048155,3.0815818,3.1935291,3.8774562,3.8650365,3.4257452,3.561516,2.9850886,3.1695223,3.0029566,3.3354344,2.94172,2.884338,3.2150073,2.7547202,4.5079894,3.6030684,3.3796382,3.405386,4.247588,3.7827039,3.0544236,2.8048508,4.0962214,3.899081,5.168143,3.6382792,3.3323321,3.699704,3.646337,3.9579735,4.019047,3.4778454,3.6341364,3.6982536,3.1317773,3.1639307,2.7505345,3.006562,2.973228,3.059394,4.424672,3.5276482,3.5555422,3.5389163,3.9655714,3.294994,3.2379663,3.3288002,3.0372286,3.1808312,3.4164422,4.312743,4.322743,4.080246,3.5250494,3.3387313,3.508225,4.2094994,3.47949,3.0140848,3.4794734,3.24116,3.3888838,3.2967257,3.1151268,3.737401,3.1203465,3.504643,2.9689903,3.2584393,3.7023096,3.089833,2.980889,2.819429,3.7345889,3.7842622,3.8721652,3.886679
1,1.5138333,0.0,2.0060718,1.9779072,3.3255928,2.5400636,1.9758551,1.8669324,2.7735708,2.4012737,3.0590847,2.7204483,2.8456168,2.7248712,2.1573427,2.1550727,3.5207508,3.6607206,3.5168262,3.5779555,3.0819213,2.0388012,1.7958741,1.7084141,2.4672558,2.4510548,2.4476535,1.8949957,2.2049136,2.203898,2.7056918,2.9215827,2.9149773,2.2928863,3.6929514,2.2799137,2.9169548,2.9558659,2.282539,2.459406,1.8417853,2.073886,1.9312677,2.1710198,2.40457,2.404855,2.717583,2.4519062,2.8067114,3.270943,2.4427986,2.5736306,3.4537346,3.446576,2.8506057,3.0411868,2.3380084,2.5708828,2.3824441,2.8150077,2.2434134,2.2281888,2.6930203,2.1344414,4.760818,3.8801153,3.749985,3.7970533,4.4952908,4.1115923,3.424287,3.2123375,4.378878,4.2615333,5.341653,3.948647,3.7557094,4.057008,4.025708,4.2893286,4.2940736,3.7782462,3.9182405,4.045998,3.4608865,3.467415,3.1646893,3.2913408,3.2396433,3.3091638,4.6151395,3.7777195,3.8248932,3.8099592,4.177189,3.5437472,3.6627066,3.7354732,3.4698715,3.6105773,3.7800012,4.6499357,4.6596327,4.4386463,3.891367,3.7737584,3.8278666,4.4634314,4.4927707,3.443976,3.886988,3.6644492,3.7115166,3.610961,3.5018857,4.0451303,3.5087006,3.805731,3.2835524,3.6607413,4.09289,3.5456498,3.3806536,3.2456565,4.021753,3.947661,4.105841,4.654829
2,1.349843,2.0060718,0.0,0.25335783,1.8501736,1.4172211,0.71450466,1.5067054,2.0239565,1.9425343,2.4228587,1.9791349,2.067549,1.88596,1.4500933,1.4400958,2.419711,2.3747017,2.4427445,2.5283957,2.9683328,1.9459748,2.1209273,2.1550813,1.7136618,1.6883415,1.6549791,1.4667618,1.5980713,1.5756823,1.912166,2.1734643,3.1578484,2.5485451,3.746175,2.7610369,3.304328,3.3174658,2.7460408,2.891643,2.8771634,3.1359227,2.9411795,3.0771544,2.6944373,2.7257237,2.9331915,2.716926,3.0951767,3.7021286,2.8588147,2.9530017,3.849564,3.8469808,3.03905,3.037238,2.699593,2.815593,2.7265203,2.8493626,2.7604551,2.7099226,3.0279727,2.5904498,3.7678394,3.4184744,3.311992,3.242297,4.1023684,3.6325636,2.8930123,2.5746558,3.715143,3.426943,4.980042,3.3259192,3.1414418,3.485165,3.4486783,3.628262,3.611593,2.9659984,3.1830516,3.4496372,2.582982,2.682295,2.9250324,2.5138822,2.6244464,2.7396684,4.256451,3.1614032,3.1372273,3.1006896,3.5330217,2.89578,2.7921157,2.9197922,2.5287936,2.7756686,2.9639177,3.971508,3.9093883,3.6844754,3.7525437,2.9056563,3.1880057,3.8460631,3.3830655,2.688538,3.257527,2.9750795,3.0304415,3.088022,2.8604288,3.562785,2.8016772,3.268988,2.7211645,2.8686686,3.5121632,2.811055,2.7680871,2.3983462,3.3823311,3.4254243,3.5669165,3.5969336
3,1.3051883,1.9779072,0.25335783,0.0,1.8895423,1.4700234,0.6313196,1.4711637,1.9713578,1.8869928,2.3948445,1.9300057,2.0129943,1.91004,1.3639023,1.3524173,2.2454672,2.328566,2.2690194,2.3580945,2.923703,1.8115257,1.9627384,2.0078967,1.6859204,1.65754,1.6218184,1.4183098,1.563459,1.5346396,2.0445497,2.2883253,3.1508362,2.5647094,3.80273,2.7477195,3.2828252,3.2953591,2.7261343,2.8699527,2.9083498,3.1510327,2.9682624,3.1133473,2.6882792,2.7175262,2.922058,2.708034,3.0702322,3.6233678,2.8428347,2.9363542,3.7600129,3.7656682,3.0626504,3.0094905,2.6671288,2.793917,2.6776307,2.948005,2.726998,2.6714318,2.989334,2.5509298,3.8130343,3.4751472,3.3188577,3.2311485,4.1140075,3.6351905,2.8784618,2.56413,3.793574,3.5079658,4.9558487,3.3458345,3.076994,3.4277825,3.3920128,3.6503792,3.6654348,3.0349367,3.2474754,3.4979434,2.6223836,2.7163887,2.955131,2.543445,2.6202095,2.7325177,4.2350874,3.1482258,3.1412601,3.0995884,3.5395522,2.9068995,2.8402154,2.954671,2.5866523,2.8186955,2.960307,3.9639206,3.9366915,3.711426,3.7515182,2.8843987,3.214281,3.861729,3.3441234,2.7216532,3.2359488,2.9539497,3.003217,3.0589309,2.8292146,3.5393147,2.768029,3.2415571,2.6887789,2.8330183,3.531936,2.8420048,2.79755,2.450618,3.394207,3.4425776,3.5738802,3.57196
4,2.9139924,3.3255928,1.8501736,1.8895423,0.0,1.2358621,2.0723,2.8628607,2.4369075,2.6481352,3.0371294,2.434428,2.4948685,2.3316593,2.1687508,2.1781225,2.406334,1.9784528,2.4804401,2.550167,3.831614,3.2187586,2.989326,3.066903,1.9423547,1.9234841,1.8698385,2.4299693,2.2405963,2.2384155,2.3622308,2.54693,3.1578066,2.8575683,3.4684458,3.0650344,3.6303396,3.6038296,3.4248118,3.47974,3.801475,4.048937,3.9109178,3.7799544,3.2847564,3.3674834,3.3452213,3.3010192,3.7088063,4.028216,3.6152074,3.6783655,4.065283,4.0784855,3.0261147,3.039235,3.1826618,2.9663718,3.2305167,3.140779,3.2590115,3.1221945,3.3216186,3.1834266,3.2368073,3.417594,3.7372332,3.5834718,4.406275,4.032524,3.343167,3.0534432,3.808519,3.3444507,5.0615196,3.4960792,3.3000338,3.5499156,3.6556008,3.650255,3.3566666,2.668964,3.1091838,3.6191258,2.77571,2.8798702,3.5511749,2.736805,2.9435427,2.9454198,4.3851876,3.1457176,3.039845,2.8488944,3.341,2.9464405,2.7802684,2.8958344,2.4661317,2.7394204,2.7938216,3.9427135,3.9143665,3.7250957,4.345378,3.0435123,3.3702815,3.9385486,3.692951,3.0634859,3.2430904,2.883785,3.1989102,3.3630974,3.237067,3.7803352,3.0223234,3.554156,2.9395747,3.0951035,3.6219518,2.8880742,3.3430772,2.9340975,3.4665484,3.525639,3.801374,3.9345748
5,1.9717513,2.5400636,1.4172211,1.4700234,1.2358621,0.0,1.4213027,2.0251427,2.0494807,1.8590744,2.7131379,1.9983369,2.1329424,1.887716,1.6252121,1.6294757,2.8108995,2.4943278,2.8773139,2.9550788,3.2657032,2.4935095,2.6536818,2.6861482,1.3295922,1.2938739,1.236294,1.4410704,1.5741298,1.5566341,1.7346681,2.0448365,2.955611,2.6691773,3.349654,2.7124846,3.3461041,3.340902,3.072895,3.1468005,3.1432033,3.4114444,3.2747297,3.1417172,3.0606382,3.108503,3.1460226,3.0754642,3.4522235,3.770394,3.3105664,3.3986645,3.8074992,3.7947688,2.82686,3.0627875,2.9132679,2.7594123,2.97844,2.9263895,2.9116273,2.765232,3.021255,2.8216894,3.5857372,3.0666146,3.3437212,3.2868996,4.137472,3.7543492,3.0099175,2.7432508,3.633043,3.2212238,4.9089265,3.2847004,3.054629,3.3636208,3.460384,3.4810405,3.2420726,2.5360055,2.9867947,3.3454533,2.6814678,2.7307727,2.872052,2.5794513,2.7243907,2.7100432,4.224241,3.0427125,2.9808118,2.7977781,3.3291564,2.8230758,2.616071,2.7242844,2.3090532,2.5367963,2.7259073,3.8825467,3.8702805,3.6585069,3.7400498,2.9339964,3.127598,3.8423483,3.3865094,2.7584238,2.967377,2.6303945,3.0922592,3.1267607,3.0162857,3.5801218,2.8247242,3.3460364,2.6836574,2.983881,3.3046958,2.513181,2.9809957,2.6678088,3.2907007,3.35326,3.6105652,3.8082547
6,1.0502172,1.9758551,0.71450466,0.6313196,2.0723,1.4213027,0.0,1.0885948,1.7290063,1.5787145,2.227361,1.6584119,1.8038323,1.6857587,1.1093867,1.0959382,2.3832412,2.3922706,2.438622,2.5321178,2.5654235,1.4494416,2.062953,2.0758746,1.6975994,1.6478862,1.5825225,1.1967734,1.486372,1.4320413,1.9989455,2.3010378,3.2150857,2.7783055,3.8138387,2.8807726,3.3007429,3.3180983,2.8517964,2.9697907,2.9181597,3.1413887,2.99017,3.0993342,3.0131042,3.0536907,3.1786811,3.0301397,3.277758,3.7269654,3.131957,3.2337267,3.712191,3.7157624,3.2053077,3.1833324,2.887335,2.9758384,2.894588,3.1717837,2.897985,2.7886517,3.1294048,2.6933336,3.774505,3.3117814,3.2529402,3.1412725,4.0795813,3.5841486,2.7517395,2.4767828,3.84069,3.5761652,5.0304275,3.3994763,3.0526745,3.390651,3.3103683,3.67841,3.7091153,3.119267,3.1261508,3.430707,2.723685,2.8217611,2.8309832,2.6335256,2.6154492,2.758563,4.1223674,3.0240953,3.0853617,3.0027375,3.411761,2.7829285,2.7800834,2.8919153,2.5262408,2.7301965,2.827321,3.8989623,3.9359057,3.6782355,3.6151853,2.9353762,3.201138,3.8954308,3.1654887,2.7112076,3.1216521,2.7918117,2.9833999,2.9744768,2.8242397,3.3702586,2.6913035,3.2295854,2.7502363,2.8283856,3.509124,2.8254218,2.7990084,2.611524,3.45773,3.5313723,3.5967145,3.4872828
7,0.9883608,1.8669324,1.5067054,1.4711637,2.8628607,2.0251427,1.0885948,0.0,2.154882,1.9608723,2.52815,2.0749435,2.2224774,2.1107697,1.7249864,1.7122463,3.112602,3.11869,3.1505427,3.2312057,2.6260352,1.3639883,2.315198,2.3226495,1.9559114,1.9094312,1.8708713,1.5429944,1.3647836,1.3097761,1.8920819,2.2142448,3.4615319,3.1702292,3.884169,2.8895051,3.8095934,3.8486543,3.296379,3.41275,2.9090326,3.0952375,2.9909842,2.9566948,3.3202012,3.3276196,3.4668355,3.3318346,3.3607183,3.9774358,3.3389895,3.4241445,3.8427055,3.8271608,3.6427467,3.4886994,3.1702766,3.1101143,3.2092607,3.5044947,3.0721958,2.9635735,3.282444,3.000908,4.377998,3.830382,3.4870834,3.5653894,4.2579393,3.7507226,2.9816968,2.7573905,4.2279067,4.042484,5.3407288,3.844513,3.5353281,3.8668797,3.6950426,4.1071725,4.237827,3.7251737,3.580638,3.7438438,3.2719147,3.3566182,3.1044838,3.183113,3.0455878,3.3004775,4.532882,3.4708683,3.680172,3.6069515,3.8039348,3.2480764,3.4012043,3.4532032,3.1922498,3.3647692,3.3636537,4.31755,4.31035,4.113399,3.6835113,3.3945708,3.5582993,4.2584133,3.4908879,3.063916,3.20738,2.9569042,3.4607477,3.3662548,3.2407136,3.6809537,3.1485553,3.5306125,3.3899765,3.2854743,3.9208431,3.2988837,3.1647034,3.0595524,3.8790498,3.9365056,3.9156766,3.771414
8,2.285217,2.7735708,2.0239565,1.9713578,2.4369075,2.0494807,1.7290063,2.154882,0.0,1.3537513,1.4677722,0.30736235,0.47034964,0.7401813,1.4945577,1.5247693,2.4744284,1.7077883,2.5461507,2.599251,3.1082246,1.988912,2.431953,2.3483791,2.3894148,2.3571713,2.3500242,2.0780115,2.1948702,2.1722093,2.6373277,2.4428213,2.9552965,2.9264069,3.1604226,3.1035476,3.390185,3.4077632,3.0983222,3.0591624,3.3200314,3.6268055,3.384248,3.578277,3.3559406,3.45941,3.367847,3.4195554,3.4050894,3.5844617,3.640311,3.7328556,3.6427433,3.6451957,3.053759,2.9081674,3.0260284,3.216362,3.0272462,3.3068662,3.139743,2.9964468,3.22332,2.9387517,3.3147857,3.5133612,3.5859895,2.9447522,4.2887154,3.6047206,2.6409876,2.8482902,4.0671697,3.7222674,4.870719,3.6768918,3.1336992,3.2939713,3.3626857,3.4895601,3.9446006,3.3328834,2.870776,3.5504084,2.9869032,3.1219003,3.260664,2.9748914,2.9348822,3.0497355,4.3732333,2.530584,3.3592427,2.6843417,2.5364902,2.7740014,2.7870953,2.500371,2.6471972,2.7360523,2.652361,3.7165723,3.6080177,3.796569,3.3916762,2.5084457,2.652519,3.5918934,3.0189316,2.5619528,2.8697727,2.9662278,3.2533176,3.2468135,3.0843992,3.0549684,2.6392393,3.05503,3.4792233,2.4767568,3.6701298,3.0036256,3.3265338,3.1712651,2.8502867,2.9356117,3.2585647,3.2747195
9,1.7088226,2.4012737,1.9425343,1.8869928,2.6481352,1.8590744,1.5787145,1.9608723,1.3537513,0.0,1.9965265,1.2510134,1.4102722,1.3792511,1.75884,1.7540615,3.0768683,2.5896633,3.137385,3.2091808,2.9798949,2.017799,2.6597269,2.549113,2.182238,2.1360686,2.0924878,1.5011368,2.2106612,2.1767561,2.6693826,2.43873,3.4151497,3.081801,3.6475577,3.1722713,3.546689,3.549095,3.122989,3.1953008,3.2200503,3.5033917,3.283925,3.4467132,3.5453022,3.6167412,3.7049031,3.5992267,3.872213,3.7539105,3.73342,3.8487854,3.8743048,3.8700063,3.3250897,3.5463798,3.132902,3.3038604,3.1515236,3.4236686,3.1648903,3.009356,3.250253,2.929447,3.7973104,3.0630298,3.4736478,3.0815964,4.309537,3.6802318,2.8788538,2.9513912,4.059111,3.8001978,4.830972,3.620063,3.1179574,3.296565,3.4900253,3.4321096,3.7749069,3.183971,3.175449,3.632985,3.057222,3.126282,2.7982757,2.9932754,2.9357479,2.8807096,4.2167473,2.8542717,3.2907786,2.847949,2.9993982,2.8204603,2.872879,2.6127856,2.697616,2.7525563,3.1090555,4.076329,3.8337593,3.9271383,3.2593656,2.8522067,2.9649236,3.8230727,3.0711856,2.6092584,3.0376368,3.0663872,3.4461443,3.3598123,3.0124574,2.9815238,3.0466437,3.2152627,2.9027464,2.7434409,3.7374873,3.1106806,3.2694962,3.1761942,3.0850635,3.171986,3.5053384,3.604462
10,2.6413887,3.0590847,2.4228587,2.3948445,3.0371294,2.7131379,2.227361,2.52815,1.4677722,1.9965265,0.0,1.5009427,1.6359702,1.5603087,2.111715,2.1495028,2.9671338,2.316357,3.045952,3.1048453,3.5348437,2.5109198,2.8959148,2.8440747,2.734711,2.700936,2.716428,2.5208988,2.6150115,2.594344,2.9208457,2.800662,2.9871266,2.9205236,3.1274052,3.1972916,3.4166613,3.4260902,3.1680813,3.1221883,3.3926356,3.6541064,3.4907863,3.51766,3.4403708,3.5779173,3.4131663,3.4869812,3.472872,3.3113694,3.7425387,3.8328967,3.7313738,3.6858294,3.250176,3.1320255,2.9999073,3.1783187,3.0063996,3.227311,3.0929751,2.9251983,3.0969653,2.9017599,3.4302871,3.5480058,3.6736991,3.0868938,4.020887,3.7162852,2.8176553,3.3263204,3.9766202,3.635747,4.5046377,3.7369273,3.2162137,3.37807,3.5101175,3.5903852,4.0373716,3.4624844,2.7600992,3.4684005,2.9220152,3.0270407,3.1686835,2.9308343,2.7908192,2.899153,4.338723,2.4009888,3.272415,2.693619,2.4974403,2.7574375,2.8047898,2.5581791,2.744179,2.7876534,2.5880842,3.7031028,3.6239257,3.7392044,3.4418452,2.623307,2.771815,3.6200974,3.2591934,2.7647467,2.933624,3.1104913,3.5586882,3.5104382,3.3477466,3.336221,3.0414565,3.3899434,3.736176,2.8932598,3.9969726,3.4009404,3.2540185,3.1109235,2.9406886,3.0178611,3.4174237,3.586103
11,2.1945682,2.7204483,1.9791349,1.9300057,2.434428,1.9983369,1.6584119,2.0749435,0.30736235,1.2510134,1.5009427,0.0,0.523363,0.6655761,1.4169309,1.437626,2.541881,1.7451802,2.6337435,2.702921,3.1217268,1.9639772,2.5069075,2.4174767,2.3893168,2.3506415,2.3158216,2.0163217,2.181567,2.1617906,2.5822072,2.3744278,3.041934,2.9586356,3.2031224,3.1423204,3.4303565,3.4440892,3.1218479,3.0987415,3.3433983,3.642973,3.4097424,3.5842142,3.4295578,3.5204308,3.4366157,3.4729056,3.4625118,3.6515203,3.69572,3.7995112,3.6267338,3.6358593,3.12319,3.0312276,3.0833313,3.2590997,3.0722241,3.334678,3.1912599,3.020613,3.2382445,2.9490788,3.334229,3.4985557,3.5232704,2.8911204,4.247403,3.5236094,2.5904894,2.7834213,4.032088,3.6889832,4.8814993,3.6798153,3.1433191,3.3140538,3.3905218,3.4961967,3.891313,3.3130755,2.8803906,3.4969137,2.9810028,3.1244776,3.2120855,2.9670584,2.8895864,3.0074267,4.379772,2.493842,3.3137715,2.6543527,2.520233,2.7128165,2.7790685,2.4753036,2.6044247,2.7093012,2.698626,3.7532804,3.60173,3.773275,3.3956318,2.6180406,2.7481081,3.6273525,3.0563664,2.6203167,2.9649522,3.0330968,3.2459223,3.2083933,3.0234354,2.9906702,2.7112908,3.0397816,3.4407387,2.5314443,3.6909044,3.06317,3.3593626,3.1655345,2.9339602,3.0231452,3.3649037,3.3498845
12,2.3392708,2.8456168,2.067549,2.0129943,2.4948685,2.1329424,1.8038323,2.2224774,0.47034964,1.4102722,1.6359702,0.523363,0.0,0.9239146,1.5912757,1.6097664,2.5352082,1.7517126,2.6058667,2.6655278,3.1656826,2.0667214,2.486957,2.4579208,2.5009334,2.4542007,2.4275186,2.1653528,2.2144551,2.2142906,2.6951954,2.4124815,3.044053,2.9717171,3.2433522,3.1275303,3.5294714,3.5459816,3.1300342,3.0966158,3.4253166,3.844619,3.4863746,3.68094,3.3916962,3.4846709,3.4231253,3.452405,3.4126842,3.6302104,3.6755219,3.7751794,3.6689603,3.6552851,3.1795835,2.9826012,3.136083,3.3083384,3.1299264,3.3755195,3.2571464,3.1019108,3.2997856,3.0222154,3.259481,3.5553148,3.4813113,2.8270621,4.2033067,3.4716263,2.5243936,2.7130363,3.95952,3.639092,4.764668,3.5515459,2.9982407,3.1515374,3.2191195,3.3351104,3.9256094,3.3319938,2.9203684,3.5223205,2.965245,3.1153736,3.2630327,2.9598315,2.938556,3.0717921,4.3770456,2.55944,3.36099,2.6797426,2.5432467,2.7468035,2.7495835,2.4264786,2.6150315,2.7010827,2.777053,3.7131715,3.546799,3.7630458,3.3829646,2.4980717,2.6614034,3.5927138,2.9526608,2.47353,2.8514423,2.965875,3.2846198,3.2609007,3.0893757,3.0940075,2.7044928,3.0427444,3.5110621,2.5113924,3.690406,3.044838,3.3982625,3.2106323,2.812318,2.906477,3.3076766,3.2677436
13,2.2252874,2.7248712,1.88596,1.91004,2.3316593,1.887716,1.6857587,2.1107697,0.7401813,1.3792511,1.5603087,0.6655761,0.9239146,0.0,1.6407171,1.6655734,2.8646634,1.8590107,2.9516232,3.0170848,3.2063956,2.273084,2.758723,2.6688623,2.4397116,2.4078007,2.3908176,2.115344,2.2826052,2.2668848,2.3617632,2.0915828,3.0591447,2.8800435,2.9986107,3.1212838,3.4127781,3.4272075,3.0896173,3.0819144,3.139604,3.445074,3.1938047,3.375301,3.36785,3.4729292,3.3872507,3.409506,3.4982948,3.7875342,3.5956137,3.6986084,3.7756584,3.7691512,3.029157,3.0739157,3.0483208,3.2316763,3.0545554,3.062862,3.1665204,3.025157,3.322866,2.93592,3.2282875,3.234857,3.488287,2.8892312,4.1766644,3.4528596,2.6082067,2.8172755,3.8476777,3.535503,4.859266,3.621673,3.2928727,3.4194095,3.502839,3.3845139,3.7187521,3.1263576,2.7119713,3.3576097,2.8527212,3.0071573,3.110514,2.8683035,2.8288245,2.944054,4.337286,2.4567013,3.320441,2.6607664,2.4424,2.6706028,2.6831257,2.3556678,2.4505346,2.6288242,2.6481066,3.698073,3.3959215,3.6194253,3.2786562,2.5215154,2.5721903,3.4170594,3.0771832,2.412441,2.9323413,3.0441566,3.2021883,3.1894388,2.9283304,2.8830132,2.7086127,2.9606001,3.396963,2.4426727,3.5876787,2.9544852,3.186276,3.0155191,2.786861,2.8601801,3.049039,3.1554866
14,1.652674,2.1573427,1.4500933,1.3639023,2.1687508,1.6252121,1.1093867,1.7249864,1.4945577,1.75884,2.111715,1.4169309,1.5912757,1.6407171,0.0,0.08754115,2.1495566,2.2101748,2.2558203,2.3558557,2.7080488,1.4075279,1.8805524,1.8949744,1.9425236,1.8955406,1.8095635,1.3659649,1.7314146,1.7017217,2.3516345,2.6745367,2.650863,2.5291293,3.5614755,2.8085432,2.716515,2.7336824,2.5351992,2.5353522,2.9521296,3.2045305,3.0461845,3.1901722,2.8427827,2.876315,2.8248913,2.8349006,2.8720262,3.3454998,3.0868168,3.2089438,3.1114798,3.1357903,2.6992574,2.6743858,2.7506824,2.9077241,2.7309682,3.090043,2.7968316,2.6231332,2.896061,2.4918957,3.5351875,3.4426937,3.0897827,2.743599,3.954874,3.4463394,2.4779892,2.320588,3.7462416,3.3745449,4.8654704,3.243248,2.719018,3.0819268,3.039728,3.5828342,3.5486543,3.0228848,2.8980541,3.1501675,2.6480355,2.7406065,2.8135445,2.5291944,2.5047758,2.6156406,4.0602756,2.668195,2.9340193,2.6381192,3.1351705,2.6836803,2.4837396,2.6094482,2.2724285,2.4133518,2.3849337,3.4986024,3.802966,3.5073442,3.4634745,2.798559,3.017084,3.7255335,3.1905768,2.8041224,3.129153,2.7759562,2.6861718,2.6383915,2.7659054,3.423865,2.317064,3.0391624,2.945139,2.765057,3.196919,2.5720084,2.8592293,2.6046116,3.2441082,3.3088913,3.647454,3.6784132
15,1.63058,2.1550727,1.4400958,1.3524173,2.1781225,1.6294757,1.0959382,1.7122463,1.5247693,1.7540615,2.1495028,1.437626,1.6097664,1.6655734,0.08754115,0.0,2.1612916,2.2248623,2.2666366,2.3686614,2.7034674,1.3970634,1.9001604,1.9123876,1.9507375,1.903405,1.8095955,1.3567753,1.7326571,1.7026052,2.3587909,2.6761231,2.6971579,2.552792,3.5995555,2.827446,2.7569883,2.7732882,2.5553017,2.5642207,2.9831824,3.234878,3.074919,3.2194104,2.871435,2.9011075,2.868254,2.8627882,2.9015896,3.3786173,3.1144516,3.2384195,3.1137884,3.140754,2.7428691,2.716554,2.776324,2.9291308,2.7575412,3.1112018,2.8195221,2.642602,2.9043117,2.5089602,3.533859,3.445102,3.0598247,2.7318597,3.946234,3.4235,2.4670496,2.2856445,3.7404232,3.375817,4.8707476,3.2347624,2.7118096,3.0801258,3.0336292,3.578128,3.5300615,3.0174937,2.9050918,3.1353514,2.6419597,2.7371345,2.8014984,2.523171,2.4940486,2.6066859,4.0583158,2.6728306,2.9194088,2.6358964,3.142535,2.6683843,2.479208,2.607129,2.2672715,2.4057944,2.4143913,3.5010989,3.7971199,3.4958491,3.4583344,2.8178308,3.033315,3.729136,3.1833384,2.805468,3.1434867,2.7809432,2.673799,2.6187596,2.7422135,3.4033134,2.3360295,3.0272715,2.9220636,2.7718668,3.1882317,2.579749,2.8575344,2.5900512,3.2604892,3.3267605,3.6840155,3.6958907
16,3.17562,3.5207508,2.419711,2.2454672,2.406334,2.8108995,2.3832412,3.112602,2.4744284,3.0768683,2.9671338,2.541881,2.5352082,2.8646634,2.1495566,2.1612916,0.0,1.8285987,0.30172044,0.45111322,3.723635,2.67235,2.2173605,2.3173,2.8352146,2.8241856,2.8032641,2.94694,2.824464,2.7879713,3.6519213,3.847927,3.4739773,3.3330777,4.4143624,3.6186943,3.6250806,3.619033,3.4585989,3.4617336,4.2210965,4.3374815,4.2639866,4.440457,3.4219568,3.491423,3.444176,3.4401314,3.523283,3.7775292,3.7055151,3.7546523,3.77735,3.866391,3.5862107,3.0170972,3.323241,3.4748785,3.2370436,4.055546,3.4781692,3.3981476,3.572365,3.3137333,3.8787847,4.5296135,4.182106,3.7652175,4.8162026,4.350799,3.5212824,3.325486,4.720241,4.3361034,5.349316,4.0859356,3.38209,3.67939,3.6212451,4.355715,4.4335017,3.917132,3.845487,4.2783365,3.401447,3.5112972,4.227359,3.3448133,3.3513706,3.463003,4.652994,3.4324138,3.6013956,3.3901052,3.7733428,3.5045745,3.5319755,3.6219394,3.3922763,3.526623,3.1037793,4.0735307,4.427882,4.2243958,4.676838,3.2568383,3.8329515,4.329023,3.7979999,3.691629,3.7945046,3.5036452,3.2851853,3.4710991,3.4663923,4.044318,2.9774678,3.6981952,3.54706,3.1697135,4.126505,3.5680702,3.7618392,3.4742916,3.9295416,4.005029,4.187433,3.9531486
17,3.3018055,3.6607206,2.3747017,2.328566,1.9784528,2.4943278,2.3922706,3.11869,1.7077883,2.5896633,2.316357,1.7451802,1.7517126,1.8590107,2.2101748,2.2248623,1.8285987,0.0,1.9359518,1.993954,3.8498454,3.0467193,2.949093,2.9297035,2.9348586,2.909091,2.8546288,3.0605419,2.8845341,2.876145,3.2436962,3.0223134,3.4042935,3.2111154,3.499297,3.5699008,3.8457737,3.8303835,3.58807,3.576918,4.2117543,4.439247,4.2647805,4.384277,3.6966636,3.8215175,3.726742,3.7414722,3.8148792,4.0439434,4.06507,4.13868,4.0190387,4.0756726,3.4674158,3.0695622,3.404613,3.4807234,3.391861,3.5855541,3.588656,3.4369698,3.574995,3.3836422,2.8512692,3.983773,4.0305896,3.3874693,4.6150713,3.9374835,3.1171794,3.1607842,4.322668,3.9413662,5.155242,3.9816675,3.5467827,3.6574252,3.7149796,3.8088493,4.044659,3.4874356,3.1286032,3.890282,3.1032069,3.312284,4.064257,3.158999,3.156312,3.3010864,4.581815,2.7276652,3.404929,2.8172808,2.6470995,2.9021068,3.0315294,2.7974205,2.8397334,3.014631,2.8839161,3.9290485,3.7535088,3.9183614,4.320039,2.8715768,3.1949008,3.8388164,3.567325,3.1030812,3.4216173,3.3794765,3.4249673,3.553618,3.3306508,3.3389056,3.0894423,3.405394,3.7155643,2.783727,4.0985246,3.5196657,3.7942903,3.4560008,3.3029552,3.3759217,3.7779768,3.6516793
18,3.2003922,3.5168262,2.4427445,2.2690194,2.4804401,2.8773139,2.438622,3.1505427,2.5461507,3.137385,3.045952,2.6337435,2.6058667,2.9516232,2.2558203,2.2666366,0.30172044,1.9359518,0.0,0.17519656,3.7455742,2.6941738,2.1519618,2.2411342,2.855718,2.85499,2.8566525,2.987415,2.8483927,2.8092334,3.6928008,3.9028938,3.4964736,3.329052,4.4632173,3.6113768,3.665564,3.6640773,3.455844,3.4672854,4.216714,4.330789,4.257574,4.459645,3.372423,3.4442282,3.4411626,3.4111054,3.5093095,3.7676852,3.6850338,3.7267065,3.8502715,3.9347255,3.605831,3.0085738,3.286691,3.4670317,3.2089946,4.0526094,3.4499454,3.3981073,3.5552065,3.3226109,3.9427488,4.5973873,4.2313232,3.8522072,4.8731174,4.422378,3.60386,3.3827803,4.7620425,4.3906345,5.3860393,4.114612,3.424309,3.7344015,3.6590137,4.3949933,4.486971,3.9504075,3.8876097,4.3496594,3.4291506,3.5283663,4.262759,3.3693316,3.4108226,3.5198314,4.7061915,3.534159,3.6478086,3.4639974,3.8570423,3.568604,3.6024487,3.7115827,3.4908538,3.6067164,3.189465,4.121527,4.479342,4.283503,4.7113447,3.283423,3.8472652,4.364964,3.8587945,3.7092547,3.8294933,3.5475633,3.3341818,3.5344317,3.5311642,4.0969853,3.0106175,3.7442174,3.5582142,3.1963596,4.139622,3.5719292,3.7567499,3.4684806,3.95571,4.0230017,4.2311153,4.0183992
19,3.2830315,3.5779555,2.5283957,2.3580945,2.550167,2.9550788,2.5321178,3.2312057,2.599251,3.2091808,3.1048453,2.702921,2.6655278,3.0170848,2.3558557,2.3686614,0.45111322,1.993954,0.17519656,0.0,3.8010163,2.75746,2.1720526,2.2533505,2.9183588,2.923582,2.9373221,3.0682619,2.91764,2.875902,3.76697,3.9755974,3.512786,3.3625226,4.489165,3.6423266,3.7028124,3.703376,3.5002873,3.5071402,4.2472634,4.353985,4.285184,4.5007863,3.3870091,3.4651284,3.4690995,3.4400005,3.53521,3.782582,3.7063496,3.7408366,3.9020967,3.9857702,3.6233032,3.0026023,3.3007622,3.4929059,3.2295113,4.0816116,3.4667706,3.4329662,3.5892608,3.3631735,3.9874032,4.6510487,4.315352,3.9377122,4.949548,4.512587,3.6921701,3.476178,4.840334,4.4715695,5.439162,4.1848884,3.4966247,3.8033576,3.7233176,4.4582777,4.5579586,4.0134387,3.9357984,4.4279604,3.4993284,3.5929189,4.339438,3.4398515,3.4948087,3.6003637,4.77094,3.6074421,3.7172942,3.5287132,3.910974,3.6456752,3.6709547,3.7838466,3.5734904,3.6811142,3.243394,4.1600204,4.5315595,4.3484693,4.757,3.3110232,3.872426,4.401784,3.911695,3.7527266,3.861693,3.5910354,3.3958607,3.608138,3.612987,4.153389,3.0522857,3.8026204,3.6287634,3.2388005,4.1762724,3.6037912,3.800033,3.5203736,3.9844835,4.0476923,4.2475114,4.0484033
20,2.6831126,3.0819213,2.9683328,2.923703,3.831614,3.2657032,2.5654235,2.6260352,3.1082246,2.9798949,3.5348437,3.1217268,3.1656826,3.2063956,2.7080488,2.7034674,3.723635,3.8498454,3.7455742,3.8010163,0.0,2.4307094,3.1220245,3.115217,3.43003,3.340117,3.2890453,2.7622662,3.1796649,3.1582034,3.6258297,3.9281652,4.2811074,4.0798707,4.948359,4.0706935,3.7074726,3.7465293,3.4301815,3.5127475,3.8514547,4.021876,3.940065,4.093319,4.1781774,4.213914,4.302619,4.187859,4.3458943,4.708585,4.415876,4.527311,4.4919887,4.486552,4.407237,4.333958,4.1516237,4.267183,4.225619,4.3685455,4.0681076,3.9086552,4.1988363,3.880802,4.1655455,3.8525195,3.571201,3.498364,4.4733243,3.9563937,2.9967487,2.6550312,4.3243074,4.391206,5.630025,3.6478179,3.626965,3.6447504,3.271699,4.0073557,4.479498,4.0002646,3.6959987,3.9735694,3.4660397,3.5547323,3.146502,3.3920271,3.374957,3.5827127,3.229786,3.6994064,3.9781399,3.926517,4.147349,3.4259295,3.3775456,3.5813353,3.3875782,3.3485177,3.4422665,4.4334717,4.6760325,4.308759,3.963516,3.7829316,3.6651134,4.5367007,3.563017,3.2394528,3.6189945,3.1474774,3.7022521,3.5758662,3.6398535,3.9617972,3.1928418,3.9516842,3.5598361,3.4424338,4.0075145,3.42088,3.273814,3.9462724,4.2123404,4.259222,4.5099397,4.3532
21,1.3623496,2.0388012,1.9459748,1.8115257,3.2187586,2.4935095,1.4494416,1.3639883,1.988912,2.017799,2.5109198,1.9639772,2.0667214,2.273084,1.4075279,1.3970634,2.67235,3.0467193,2.6941738,2.75746,2.4307094,0.0,1.8524519,1.8036175,2.476099,2.4423828,2.4025455,1.6870362,1.9964538,1.9325805,2.8772502,3.1429524,3.3742144,3.2193816,4.281855,3.2010052,3.4163866,3.4669046,3.0290272,3.0802102,3.095693,3.2425377,3.1549764,3.41448,3.242456,3.250255,3.3840497,3.2874107,3.162825,3.6625073,3.3248098,3.4203072,3.6071737,3.6269274,3.5650213,3.3372304,3.116702,3.366024,3.1224554,3.7102382,3.0845952,3.017943,3.2902792,2.883323,4.4217873,4.084568,3.582085,3.380184,4.396648,3.9244068,2.962107,2.8028877,4.531256,4.312343,5.3524737,3.9127893,3.357463,3.7201107,3.5225906,4.2551403,4.4456186,3.945274,3.6943047,3.8901553,3.416691,3.4777455,3.2552884,3.29416,3.174614,3.3768687,4.5359178,3.4585783,3.7277322,3.568759,3.8792155,3.4093244,3.3496678,3.4448147,3.2479596,3.318785,3.2730386,4.1948824,4.4916186,4.2549634,3.6467807,3.3353703,3.5363007,4.345978,3.3968647,3.2452602,3.4958084,3.2314863,3.4313872,3.33283,3.3874693,3.876798,2.9929872,3.6124048,3.5926993,3.3203537,3.7732651,3.1822925,3.2669642,3.1771748,3.840793,3.905747,4.07139,3.8822706
22,2.2270193,1.7958741,2.1209273,1.9627384,2.989326,2.6536818,2.062953,2.315198,2.431953,2.6597269,2.8959148,2.5069075,2.486957,2.758723,1.8805524,1.9001604,2.2173605,2.949093,2.1519618,2.1720526,3.1220245,1.8524519,0.0,0.50141907,2.4055274,2.4017375,2.4528997,2.2193496,2.1431785,2.130304,3.1375225,3.4022868,2.483687,2.257539,3.746248,2.2882566,2.7140474,2.7547753,2.261508,2.3015726,2.573328,2.8068674,2.6341505,2.911842,2.125009,2.1683803,2.316048,2.2115345,2.3385205,2.7865055,2.3669357,2.4398315,3.0127592,3.0404139,2.6645255,2.224028,2.170812,2.4525828,2.1353939,3.1717942,2.2061121,2.222239,2.5980766,2.180171,4.424201,4.256785,3.8250604,3.6701832,4.53192,4.147098,3.30517,3.098066,4.496949,4.274826,5.1508827,3.8165948,3.2734773,3.6059892,3.5114865,4.2065377,4.3991756,3.8432035,3.8496215,4.1190295,3.3495438,3.3676422,3.5837765,3.1861928,3.1927514,3.3011262,4.512685,3.5715933,3.7124093,3.5764332,3.9798636,3.5215287,3.5874162,3.6989615,3.4825578,3.5777042,3.3280084,4.188748,4.5133424,4.299797,4.056435,3.297766,3.6113918,4.2556353,4.1592236,3.3914921,3.5597386,3.3227575,3.3072195,3.3478482,3.410541,4.069481,2.908352,3.5641882,3.337274,3.2464857,3.9069836,3.3085594,3.368289,3.2412174,3.7702765,3.7261446,3.9018345,4.276932
23,2.1917212,1.7084141,2.1550813,2.0078967,3.066903,2.6861482,2.0758746,2.3226495,2.3483791,2.549113,2.8440747,2.4174767,2.4579208,2.6688623,1.8949744,1.9123876,2.3173,2.9297035,2.2411342,2.2533505,3.115217,1.8036175,0.50141907,0.0,2.4770713,2.4894884,2.5493135,2.208546,2.282099,2.2530828,3.1845646,3.4413996,2.6071227,2.3270168,3.75975,2.4569645,2.724847,2.7671587,2.2982364,2.3501976,2.5731633,2.6991777,2.6298041,2.9903333,2.288461,2.3424094,2.5132422,2.3926725,2.5434542,2.891857,2.577612,2.6559992,3.161786,3.2092454,2.694844,2.3822181,2.1847136,2.5744982,2.1520822,3.1839166,2.2493515,2.2750437,2.62007,2.2165983,4.4545307,4.277122,3.947182,3.7496555,4.6827574,4.247328,3.4086943,3.2204354,4.619069,4.3911276,5.3113413,3.9959574,3.4674406,3.7925735,3.7139382,4.3246355,4.4609156,3.8913658,3.8317933,4.2040343,3.43341,3.4516733,3.6157389,3.2749546,3.2762494,3.3620858,4.606636,3.582059,3.740823,3.5826755,3.9412482,3.528647,3.6610157,3.7467637,3.5648952,3.6381319,3.3969498,4.3011494,4.5756,4.402536,4.0868053,3.4079628,3.641972,4.322727,4.266023,3.4835017,3.7315207,3.5251238,3.401944,3.4334803,3.462583,3.9701734,2.9943547,3.6082907,3.3604755,3.255317,3.9751196,3.3869028,3.439195,3.303457,3.8321228,3.7821813,4.0089493,4.3976088
24,2.001563,2.4672558,1.7136618,1.6859204,1.9423547,1.3295922,1.6975994,1.9559114,2.3894148,2.182238,2.734711,2.3893168,2.5009334,2.4397116,1.9425236,1.9507375,2.8352146,2.9348586,2.855718,2.9183588,3.43003,2.476099,2.4055274,2.4770713,0.0,0.17378332,0.46874207,1.3318378,1.039327,1.0023366,1.6465929,2.147061,2.8599136,2.8320062,3.4826539,2.526314,3.5829618,3.5838604,3.3551068,3.4133546,3.2738488,3.4762182,3.3983936,3.1620238,3.0706463,3.0717375,3.100138,3.0857563,3.3914564,3.7404654,3.328424,3.3729694,3.7594528,3.742765,2.8429775,2.8746853,2.9823277,2.6069582,3.0725703,3.3463268,2.8840191,2.757525,2.8994684,3.0230305,4.2294693,3.7006438,3.6651316,3.7904365,4.510303,4.1279526,3.4050584,3.1591957,4.006243,3.5308597,5.119958,3.5610719,3.1448872,3.5286105,3.6604924,3.8249364,3.7927802,3.1275403,3.4986084,3.7304287,3.055868,3.0603142,3.1074853,2.9470499,3.084247,3.051645,4.512574,3.501462,3.4304533,3.316505,3.822308,3.3344634,3.218654,3.339196,3.0521374,3.154428,3.0970583,4.1562304,4.2765646,4.060557,3.9551916,3.1575193,3.440425,4.1341834,3.6158361,3.1280694,2.85497,2.5476975,3.256967,3.321662,3.2432115,3.9299455,2.858621,3.4544895,2.7553616,3.1254153,3.7652617,3.006981,3.1895869,2.9125996,3.561287,3.6081603,3.8903518,4.1016808
25,1.9680151,2.4510548,1.6883415,1.65754,1.9234841,1.2938739,1.6478862,1.9094312,2.3571713,2.1360686,2.700936,2.3506415,2.4542007,2.4078007,1.8955406,1.903405,2.8241856,2.909091,2.85499,2.923582,3.340117,2.4423828,2.4017375,2.4894884,0.17378332,0.0,0.34250933,1.290551,0.9886608,0.96523356,1.6379645,2.1080499,2.864627,2.832381,3.4761286,2.5118709,3.565983,3.5656319,3.3265433,3.3854854,3.2807674,3.5064838,3.4102628,3.1561677,3.080211,3.080733,3.1015506,3.0874612,3.3876975,3.7306948,3.3356712,3.3856354,3.7410545,3.7210548,2.8741658,2.8938906,2.9988184,2.6082425,3.090033,3.34589,2.8937657,2.7483912,2.8939726,3.011223,4.175066,3.6544871,3.6034136,3.7204678,4.445118,4.060623,3.317689,3.0746758,3.9528584,3.4887786,5.0678596,3.4907563,3.0821989,3.4501007,3.5808272,3.754467,3.7665753,3.0997865,3.4718828,3.6882825,3.011336,3.0228002,3.05478,2.9037564,3.0296543,3.007156,4.4211044,3.448759,3.4010696,3.2837632,3.7802064,3.2775848,3.157134,3.2699168,2.986544,3.0908542,3.0643482,4.143279,4.2536345,4.0329185,3.9265046,3.1278775,3.410736,4.121164,3.5584033,3.0723739,2.7929318,2.4723506,3.254219,3.3045635,3.2193089,3.9126468,2.849251,3.4426775,2.7425728,3.1058776,3.7626383,2.9957397,3.177171,2.931207,3.5336552,3.583511,3.8797536,4.077419
26,1.9353358,2.4476535,1.6549791,1.6218184,1.8698385,1.236294,1.5825225,1.8708713,2.3500242,2.0924878,2.716428,2.3158216,2.4275186,2.3908176,1.8095635,1.8095955,2.8032641,2.8546288,2.8566525,2.9373221,3.2890453,2.4025455,2.4528997,2.5493135,0.46874207,0.34250933,0.0,1.2625662,0.98796386,0.97299224,1.6975237,2.0871325,2.9202359,2.8605583,3.520392,2.544953,3.599054,3.593275,3.3601701,3.42633,3.3637578,3.5966213,3.4923575,3.2207034,3.1665952,3.1656678,3.200787,3.169792,3.4459674,3.7910464,3.3938832,3.452936,3.7149873,3.7035213,2.9461088,2.9562626,3.0730858,2.6474662,3.17298,3.3660154,2.9471376,2.7749944,2.9170797,3.01359,4.1120915,3.602365,3.57274,3.683665,4.4311852,4.0390325,3.2698898,3.002148,3.9868302,3.5329666,5.108284,3.5032341,3.0986066,3.4580371,3.5858538,3.7738879,3.7548723,3.1215549,3.4893742,3.6722438,3.0313509,3.0620556,3.0786474,2.9247215,3.0110707,3.0020344,4.401563,3.4215088,3.3615494,3.257768,3.7633915,3.2234907,3.0904024,3.201196,2.896197,3.013452,3.0986965,4.1867824,4.290738,4.044549,3.963522,3.193658,3.478514,4.186399,3.5522373,3.097358,2.8347201,2.4518461,3.2938375,3.3180459,3.2322164,3.91461,2.9515555,3.4969609,2.7737463,3.1945732,3.8073814,3.0608485,3.2513666,2.976771,3.594971,3.6487536,3.9809916,4.128078
27,1.0703683,1.8949957,1.4667618,1.4183098,2.4299693,1.4410704,1.1967734,1.5429944,2.0780115,1.5011368,2.5208988,2.0163217,2.1653528,2.115344,1.3659649,1.3567753,2.94694,3.0605419,2.987415,3.0682619,2.7622662,1.6870362,2.2193496,2.208546,1.3318378,1.290551,1.2625662,0.0,1.4819611,1.4417146,2.061159,2.438191,3.06803,2.8436167,3.8953094,2.85429,3.1598172,3.1741061,2.8631485,2.9419003,2.930617,3.17108,3.034294,3.1035619,3.0199172,3.0000432,3.116699,3.0274112,3.3327038,3.6544905,3.2118406,3.3145862,3.706408,3.693912,2.9198563,3.1964366,2.9591057,3.0042171,3.0093582,3.288187,2.9100254,2.7926133,3.013532,2.7799058,4.224369,3.3866732,3.2929409,3.2517319,4.268442,3.81857,2.9975908,2.7636044,3.8568268,3.4818523,4.9945197,3.320357,2.8997922,3.2849786,3.386689,3.6386356,3.6799479,3.047247,3.371297,3.4954512,2.9044223,2.9049475,2.5346527,2.7640913,2.8699832,2.8062968,4.202512,3.310907,3.2941132,3.17042,3.7570646,3.156113,2.8727133,2.999705,2.7155824,2.7798996,3.020132,4.048616,4.1984515,3.9329739,3.473841,3.0717418,3.2438338,4.0467954,3.2770686,2.8913128,3.1335309,2.8365042,3.1392117,3.0906744,3.018598,3.734503,2.7181556,3.3305976,2.594722,3.0173135,3.4391208,2.7132099,2.9125848,2.7397366,3.4083593,3.470925,3.8156667,3.958836
28,1.7446218,2.2049136,1.5980713,1.563459,2.2405963,1.5741298,1.486372,1.3647836,2.1948702,2.2106612,2.6150115,2.181567,2.2144551,2.2826052,1.7314146,1.7326571,2.824464,2.8845341,2.8483927,2.91764,3.1796649,1.9964538,2.1431785,2.282099,1.039327,0.9886608,0.98796386,1.4819611,0.0,0.16530518,1.4584008,1.8736838,2.7748528,2.7635753,3.3434534,2.2642577,3.690829,3.7142818,3.2757545,3.3310173,3.101246,3.4232624,3.2328384,2.9693153,2.9376354,2.9298174,2.9938731,2.9584818,2.969438,3.627847,3.139243,3.1920488,3.542363,3.5049906,3.0529306,2.7558072,2.9136233,2.5166461,3.010917,3.2559865,2.7855134,2.6457305,2.8008518,2.8912718,4.1592965,3.9117448,3.4521985,3.5983994,4.2367086,3.8249643,3.0321848,2.780673,3.989433,3.6224158,5.07247,3.5315216,3.1422536,3.5293653,3.485857,3.8322294,3.9692929,3.3713672,3.4779072,3.626234,3.0718071,3.1275144,3.1734452,2.9713247,2.998317,3.1714275,4.5821753,3.4235334,3.5254083,3.3864508,3.7217474,3.2442157,3.2097416,3.2980537,3.0456443,3.1819577,3.1522875,4.1185946,4.221897,4.0329714,3.8110945,3.1412847,3.389916,4.137533,3.532555,2.9923155,2.7253819,2.4308224,3.322287,3.3082576,3.2954233,3.9547021,2.9331825,3.446161,3.2561705,3.2230027,3.773343,3.0460062,3.2206933,2.9203439,3.5871863,3.6290884,3.9075067,3.979942
29,1.6980023,2.203898,1.5756823,1.5346396,2.2384155,1.5566341,1.4320413,1.3097761,2.1722093,2.1767561,2.594344,2.1617906,2.2142906,2.2668848,1.7017217,1.7026052,2.7879713,2.876145,2.8092334,2.875902,3.1582034,1.9325805,2.130304,2.2530828,1.0023366,0.96523356,0.97299224,1.4417146,0.16530518,0.0,1.492405,1.9416833,2.8027759,2.789447,3.3889215,2.3112438,3.6899948,3.7137947,3.299063,3.3568008,3.0948396,3.3818314,3.221456,2.9718482,2.9746723,2.9744914,3.0438058,3.0036988,3.0227404,3.641987,3.1597507,3.2100747,3.5436308,3.5119274,3.0695422,2.783994,2.9163845,2.5369833,3.011661,3.2837527,2.784547,2.6541474,2.824584,2.8928816,4.1723914,3.878045,3.4802628,3.6309526,4.269043,3.871822,3.0785284,2.8244588,4.044703,3.6788018,5.1168127,3.5848618,3.1714811,3.5696666,3.5182717,3.890316,3.9797919,3.3895538,3.4679606,3.642302,3.0956259,3.1473289,3.180107,2.9912565,3.0063164,3.1741714,4.596934,3.426604,3.5008476,3.3756008,3.7276895,3.2414196,3.2184305,3.322927,3.0533,3.1882899,3.1308131,4.1038465,4.2334785,4.028108,3.809464,3.1510527,3.4081194,4.1447043,3.5145478,3.0168133,2.7425764,2.4273243,3.299487,3.2901075,3.2870147,3.919915,2.9208798,3.4519546,3.23024,3.2239451,3.7578356,3.0364635,3.1931458,2.8965247,3.617944,3.6646419,3.9029737,3.9513235
30,2.24317,2.7056918,1.912166,2.0445497,2.3622308,1.7346681,1.9989455,1.8920819,2.6373277,2.6693826,2.9208457,2.5822072,2.6951954,2.3617632,2.3516345,2.3587909,3.6519213,3.2436962,3.6928008,3.76697,3.6258297,2.8772502,3.1375225,3.1845646,1.6465929,1.6379645,1.6975237,2.061159,1.4584008,1.492405,0.0,1.4327575,3.2265635,3.1406348,3.2792907,2.8956966,4.014417,4.0378413,3.669909,3.7234683,3.2439017,3.5752025,3.3778288,3.0982163,3.4128296,3.4027638,3.3634095,3.386957,3.509312,4.3624883,3.6403375,3.7021635,4.240521,4.1803384,3.2545786,3.316717,3.4729416,3.139025,3.546599,3.3147054,3.4271836,3.288026,3.4680314,3.502931,4.197913,3.9307477,3.646041,3.8214211,4.405088,3.898462,3.324085,3.0861318,3.6837213,3.265869,5.3812757,3.6801817,3.6454341,3.9790952,3.9516244,3.9020648,3.895589,3.2821078,3.351713,3.5682814,3.14102,3.221022,3.2314432,3.102369,3.2505426,3.4122946,4.819671,3.6263442,3.7212167,3.571797,3.8157148,3.3973148,3.3728597,3.463236,3.1468284,3.3411052,3.30348,4.2728786,4.153404,4.0027833,4.0429077,3.4943018,3.526783,4.1693935,3.900616,3.1771138,3.1948256,2.9835162,3.473636,3.485546,3.4407501,4.0294166,3.1017427,3.5698304,3.4513915,3.367044,3.918932,3.222449,3.330213,3.029707,3.7854013,3.8220375,3.9781902,4.12987
