,0,1,2,3,4,5,6,7,8,9,10,11,12,13,14,15,16,17,18,19,20,21,22,23,24,25,26,27,28,29,30,31,32,33,34,35,36,37,38,39,40,41,42,43,44,45,46,47,48,49,50,51,52,53,54,55,56,57,58,59,60,61,62,63,64,65,66,67,68,69,70,71,72,73,74,75,76,77,78,79,80,81,82,83,84,85,86,87,88,89,90,91,92,93,94,95,96,97,98,99,100,101,102,103,104,105,106,107,108,109,110,111,112,113,114,115,116,117,118,119,120,121,122,123,124,125,126,127
0,0.0,0.38619658,0.68942887,0.70462996,1.6127208,2.135779,1.9781696,2.392635,3.7197568,3.4991858,3.6212413,4.045277,2.2277358,2.9614747,3.981258,3.4290965,2.9283078,2.977957,3.419337,3.8075607,3.4651515,2.3996453,2.8515096,2.809232,2.817737,3.247816,2.413097,2.3899832,2.897431,3.5841968,2.8158562,2.736366,3.0443954,3.547754,3.3293633,3.3334596,2.854704,3.188539,3.8932467,4.0560527,3.604364,4.605882,3.6751385,3.4517682,4.1009264,4.225824,3.070285,2.8631394,3.9316704,3.7300975,3.6905053,3.470657,3.6532967,3.7327406,3.0830839,3.1750789,2.9298158,2.7236397,3.7140448,3.5660388,4.2906666,3.4669464,3.0725355,3.500482,4.6137433,4.4547396,4.7028694,4.4801373,3.7198207,4.0719147,4.7339616,3.7505476,3.2935812,3.6031535,3.5838115,3.6633425,3.7327497,4.536887,3.3026762,3.323464,4.761433,4.4623218,4.3462887,4.2937093,3.0697794,3.2889934,3.4787507,3.4454255,5.4015675,4.4708176,3.549765,4.175373,4.087329,4.0044737,4.1741123,3.1907928,5.275919,5.3398237,4.263012,4.2484045,4.909377,4.947689,4.984646,5.4368496,2.9932706,3.8114405,3.7035398,3.8253748,3.6609678,3.7943172,3.295188,3.449634,4.56733,4.56733,4.475767,4.418884,4.3799434,4.299785,4.7189155,3.6731908,4.342447,4.295337,4.050489,4.103555,4.2962503,4.2938733,4.2440457,4.3275466
1,0.38619658,0.0,0.7500368,0.76719356,1.7632575,2.199146,2.0381465,2.4236798,3.7990808,3.5897617,3.7618027,4.178511,2.3128247,2.9997141,3.919645,3.3515732,2.830161,2.8783014,3.3269815,3.73177,3.369828,2.2880883,2.7364743,2.703298,2.715754,3.1831508,2.3070557,2.279674,2.7509196,3.375793,2.6574247,2.5557575,2.932697,3.4696403,3.21114,3.2241151,2.8692944,3.2149022,3.8543732,4.027735,3.5874588,4.540818,3.6503682,3.4476032,3.9955676,4.1162295,2.95214,2.7625437,3.8981235,3.5864456,3.595391,3.4378617,3.5167806,3.6043215,2.9255958,3.010226,2.800096,2.6046088,3.602336,3.455132,4.2525764,3.3532124,2.9293308,3.4975293,4.6465545,4.419187,4.676695,4.424016,3.7331166,3.9876945,4.712022,3.66325,3.3545148,3.5462584,3.528346,3.5925376,3.641688,4.4775944,3.2948,3.337593,4.628577,4.347128,4.223579,4.1764803,3.0049577,3.2237432,3.3538265,3.317876,5.344962,4.430444,3.4334242,4.0625033,4.0124354,3.9292283,4.0904093,3.0459325,5.1966624,5.2802887,4.1830997,4.178845,4.777766,4.810299,4.851539,5.286768,2.898259,3.801319,3.5086188,3.7109613,3.5739853,3.6874533,3.2107933,3.360746,4.4355097,4.4355097,4.3540916,4.3153114,4.288865,4.2111664,4.7342415,3.5411632,4.2443542,4.2160745,3.9608984,4.011627,4.236668,4.240952,4.1961904,4.281449
2,0.68942887,0.7500368,0.0,0.20737481,1.3635558,1.8790939,1.8269781,2.2569344,3.7587056,3.5278785,3.5129445,3.9133267,2.274688,3.0108948,3.942869,3.4461632,2.7094278,2.7430673,3.2524319,3.6479623,3.4421594,2.1714923,3.0220873,2.6337817,2.561916,3.2833,2.504497,2.4972994,2.8327737,3.5330558,2.7489212,2.6900685,2.8813677,3.3270698,3.3368335,3.1564794,2.8092146,3.1672711,3.8478057,3.995445,3.5970125,4.483014,3.4761436,3.2521753,3.8961494,4.091701,2.9724562,2.7972755,3.8340318,3.5936491,3.6191885,3.3721628,3.470338,3.5012496,2.969686,3.063292,2.6938622,2.6721015,3.5486603,3.3934054,4.4076405,3.5952344,2.9557116,3.4125047,4.4803834,4.2767663,4.559234,4.3034115,3.7309363,4.053461,4.719407,3.6418443,3.079177,3.3769405,3.3651195,3.4367862,3.5219443,4.369709,3.0666401,3.1061056,4.6718636,4.3615246,4.16187,4.1219106,3.0351267,3.2699163,3.4499338,3.4213147,5.201036,4.219452,3.1860063,3.8994417,3.8879614,3.78699,3.9452693,2.9841366,5.2182517,5.2182674,4.0882998,4.136263,4.7932405,4.798164,4.850427,5.324164,2.9546027,3.5453706,3.4079196,3.5348275,3.373911,3.5158787,2.9577458,3.1308312,4.3803625,4.3803625,4.4898205,4.2299423,4.348336,4.2688937,4.718351,3.6197248,4.3707666,4.3328996,4.103579,4.155132,4.3091607,4.3103037,4.2621646,4.34143
3,0.70462996,0.76719356,0.20737481,0.0,1.3616582,1.8357612,1.87334,2.2304804,3.6917582,3.457528,3.4545152,3.8731844,2.2144132,2.910595,3.8858087,3.329303,2.6556783,2.6891992,3.1971488,3.6006007,3.3767867,2.1420202,2.9526193,2.5528448,2.5289626,3.2694817,2.4742527,2.466289,2.7993693,3.4907746,2.7009954,2.665769,2.8448758,3.3054552,3.3024461,3.1165042,2.7990618,3.1243923,3.807966,3.9689636,3.5855477,4.4512167,3.453752,3.2364652,3.8953087,4.088902,2.9853628,2.8061817,3.827687,3.5564559,3.5987673,3.366564,3.4337006,3.4546814,2.879282,2.9779792,2.6459363,2.6102495,3.472675,3.3545623,4.407615,3.5105357,2.9009867,3.3564496,4.466472,4.292892,4.534366,4.306886,3.7231402,4.058285,4.702539,3.6544845,3.1011558,3.3545458,3.3451958,3.4215713,3.5087566,4.3520794,3.085287,3.1198378,4.726149,4.424217,4.234481,4.1943502,3.0618682,3.295922,3.483694,3.4538367,5.2054667,4.198527,3.1965773,3.8435886,3.8609967,3.7626648,3.9224396,2.9649708,5.239358,5.2331624,4.085885,4.1355953,4.815312,4.81503,4.8713636,5.331088,2.9624212,3.5261617,3.4254446,3.5602708,3.3666277,3.5023115,2.9741936,3.1360507,4.383092,4.383092,4.492393,4.2120476,4.3434014,4.2657366,4.6966815,3.61978,4.3405995,4.308001,4.097061,4.1474667,4.281939,4.282311,4.235424,4.3193736
4,1.6127208,1.7632575,1.3635558,1.3616582,0.0,1.8150517,2.2981086,2.7104485,3.2388916,2.9522686,2.9039638,3.3056138,2.1582797,2.9816234,3.7679567,3.1932888,3.1106768,3.1423438,3.2146857,3.6256177,3.809631,2.506209,3.392255,2.987556,2.8937352,3.092417,2.8597968,2.9241695,3.203146,3.8053417,3.1065993,3.0585752,3.1484265,3.231096,3.6096146,3.416252,2.8481371,3.2050862,3.8276656,3.730563,3.2852435,4.164642,3.1273997,2.9309666,3.9012053,4.1082625,3.0031347,2.8518584,3.9753644,3.7990198,3.791162,3.3245804,3.6690502,3.702537,3.2536223,3.3293774,3.0007043,3.0316737,3.7944293,3.640701,4.5478854,3.9668124,3.2536016,3.421562,4.5305214,4.2541757,4.353044,4.2964034,3.684715,4.0801845,4.6643896,3.619216,3.0026171,3.3100584,3.297976,3.3802733,3.6279712,4.350554,3.0741742,3.1142704,4.858851,4.5966883,4.3784766,4.384173,3.1019504,3.3545234,3.6539998,3.6444588,5.18448,4.185355,3.300242,3.9619417,3.9287965,3.7849436,3.9294863,3.1320589,5.2407436,5.176774,4.11458,4.135845,4.7901716,4.8216834,4.847338,5.3091345,3.2917411,3.1908813,3.7788403,3.5821426,3.3856587,3.53225,2.937201,3.1461964,4.6747484,4.6747484,4.808266,4.646347,4.463616,4.3967896,4.823096,3.8138094,4.4450836,4.327202,4.2303667,4.2978888,4.312596,4.304363,4.2751913,4.3282256
5,2.135779,2.199146,1.8790939,1.8357612,1.8150517,0.0,2.6131155,2.9740722,3.0701604,2.9819403,2.7274983,3.176466,1.3091773,2.4063387,2.833297,2.9825275,2.4767597,2.4985435,2.58525,3.1146505,2.7365048,1.7137663,2.9744546,2.3433678,2.2708528,3.1204724,2.3623555,2.4222581,2.615512,3.3987803,2.5384138,2.5147862,2.5142188,2.9787996,3.1458082,2.8586674,2.3679118,2.8245566,3.6261075,3.771993,3.4195898,4.29379,3.1872358,3.0058923,3.7033072,3.9235137,2.7881372,2.6437426,3.604535,3.3325443,3.4579399,3.1919603,3.1635187,3.1930103,2.6802683,2.7823052,2.3821979,2.4734461,3.2992442,3.1501403,4.1253476,3.5644832,2.7367744,3.1435456,4.132771,3.9716082,3.8306088,4.0173125,3.5030918,3.848833,4.557095,3.3614852,2.6615596,3.0548275,3.0487835,3.1349576,3.2473164,4.116152,2.6898692,2.6971443,4.729871,4.4187098,4.2759504,4.2282815,3.15149,3.411651,3.5150967,3.465386,4.6332064,4.05489,2.8971217,3.6887465,3.22826,3.1532755,3.6834593,2.846054,4.741841,4.6611276,3.8122973,3.8721657,4.2281537,4.233059,4.2989826,4.8536167,3.5823681,3.5460918,3.7852347,3.9054961,3.7357228,3.834386,3.3183534,3.4605434,4.356056,4.356056,4.625517,4.226334,3.909181,3.86954,4.4621696,3.3042002,4.15765,3.9900496,3.9593081,3.971359,4.1221905,4.121784,4.0831323,4.147813
6,1.9781696,2.0381465,1.8269781,1.87334,2.2981086,2.6131155,0.0,1.4868451,4.2413964,4.1059074,4.1310773,3.9050813,2.9326468,3.4863667,4.3954654,4.017898,2.7052429,2.7408726,3.6795557,4.1172285,3.9471512,2.7488632,3.4755342,3.1827605,2.839925,3.5401685,2.8855743,2.8702497,3.1786783,3.9689991,3.226213,3.2203622,3.3589485,3.6878939,3.7234457,3.5609238,3.282402,3.6310198,3.8804305,4.04483,3.8229084,4.672867,3.9053977,3.6699784,4.1555614,4.319937,3.3320744,3.1522086,3.9608903,3.8949237,3.920157,3.5792902,3.828273,3.8831265,3.423128,3.4872446,3.0868642,3.0473201,3.7030125,3.5524158,4.699365,3.9626706,3.2875397,3.4035356,4.1160016,3.795522,4.262735,4.3239923,3.7887008,4.1137686,5.5268087,3.7756345,3.289844,3.5298262,3.5521784,3.581159,3.6079788,4.4362354,3.150255,3.2185194,4.754086,4.4693613,4.2098904,4.1180153,3.022993,3.3794518,3.7284553,3.7340283,5.320535,4.3413897,3.5121453,4.706198,4.075555,3.9851782,4.0704103,3.2955816,4.787791,4.874595,3.6407058,3.6733947,4.5322247,4.5108,4.5518937,5.06362,2.390029,3.071562,2.9902978,2.9793432,2.9672852,3.1428196,2.4810102,2.5771103,4.105265,4.105265,4.158742,3.9277313,4.067094,3.942715,4.532333,3.3214936,4.116966,3.996286,3.8004718,3.8573132,3.9303033,3.9340053,3.8462987,3.875435
7,2.392635,2.4236798,2.2569344,2.2304804,2.7104485,2.9740722,1.4868451,0.0,3.9436703,3.7611907,3.817199,3.5802073,3.0988867,3.1091278,4.526886,3.742608,2.3258228,2.3527107,3.6445293,3.745579,3.5757349,3.0406039,3.089126,2.6981628,2.964826,3.7249348,2.9829109,3.0447724,3.2409594,4.0782485,3.298608,3.4276776,3.4838378,3.8416424,3.7816556,3.5599296,3.5293176,3.8897018,3.956869,4.135862,4.0293746,4.783523,3.963204,3.7612224,4.332784,4.4580245,3.50942,3.3338466,4.043596,3.9897497,4.042225,3.7348156,3.8894083,3.8604143,3.505183,3.6047215,3.354339,3.3335633,3.8657112,3.7412727,4.541421,3.7381203,3.3866665,3.484361,4.3825326,4.069274,4.565341,4.5601606,4.1633306,4.4144483,5.7685533,4.1543283,3.7060356,3.8158734,3.842994,3.8951669,3.9435163,4.6691923,3.4118273,3.543934,5.0442896,4.8157873,4.552667,4.4779105,3.4147973,3.7189236,4.125768,4.08755,5.5171747,4.5515113,3.7832496,4.8646317,4.327066,4.2301536,4.3142214,3.6202047,5.0956206,5.138771,3.9891279,4.0516586,4.8645496,4.787205,4.875038,5.3296313,3.0034811,3.4552994,3.4007418,3.343073,3.3888326,3.5267317,2.9911816,3.0314884,4.398277,4.398277,4.5082607,4.1944833,4.4186163,4.2843785,4.849432,3.667154,4.349435,4.219424,4.080723,4.128026,4.2083483,4.2222924,4.1554585,4.208088
8,3.7197568,3.7990808,3.7587056,3.6917582,3.2388916,3.0701604,4.2413964,3.9436703,0.0,0.5372348,1.5375851,2.1883326,2.7205403,2.8733687,3.3806741,2.8040245,3.430293,3.4722435,2.7740119,2.8892212,3.0745158,3.4011207,3.0803013,3.1038096,3.5969405,2.9360187,3.1866603,3.3173928,3.2754922,3.7958786,3.2002022,3.164957,3.1744401,2.9940803,3.4656255,3.7780497,2.6349325,2.8745964,3.7456055,3.0152829,2.6126053,3.7026,2.553588,2.859226,4.431373,4.515301,3.3740578,3.2857878,4.3739967,3.9053712,4.0979996,3.5422435,3.762214,3.7915194,3.2949421,3.408027,3.7449403,3.659547,4.395998,4.311497,3.7360833,3.836976,3.8371313,3.8652685,4.5508747,4.442341,4.650612,4.583165,3.5914283,4.1129026,4.748476,3.8405275,3.4183927,3.6109557,3.589578,3.6982806,4.02588,4.538066,3.315025,3.3959188,5.0579104,5.0042624,5.0143228,4.9981623,3.703693,3.9027257,4.1614714,4.1052027,5.3296638,4.946136,4.0283756,4.571773,3.851044,3.6639469,4.011614,3.6913073,4.8725495,4.8116455,4.2944303,4.234403,4.5768666,4.6353335,4.65805,5.069296,4.7701516,4.2604976,5.2063313,4.837323,4.459441,4.5298,4.161589,4.3432746,4.816233,4.816233,4.810542,4.8429685,4.3242345,4.2900066,4.4414363,3.8346505,4.096224,3.9722598,4.3206573,4.349386,4.16858,4.175088,4.155316,4.2058735
9,3.4991858,3.5897617,3.5278785,3.457528,2.9522686,2.9819403,4.1059074,3.7611907,0.5372348,0.0,1.3326181,2.1535654,2.628638,2.7350106,3.4929423,2.6762073,3.4062965,3.4462836,2.9253888,3.005466,3.156552,3.3735209,3.0565512,3.0351722,3.546684,2.8806496,3.1570208,3.3078985,3.318072,3.8696253,3.244927,3.2283592,3.2647085,3.0776772,3.5552382,3.771943,2.7450054,2.9850938,3.8178034,3.1466398,2.7195013,3.7759435,2.5855327,2.792168,4.4318533,4.524652,3.3663092,3.2750688,4.379949,3.9886312,4.1277394,3.537627,3.831774,3.8426852,3.3467224,3.464713,3.7346873,3.6650176,4.3773894,4.311967,3.8625824,3.828426,3.8402503,3.8391135,4.7301173,4.5712066,4.7936673,4.661799,3.7026753,4.2205744,4.731957,3.9304788,3.4467247,3.654083,3.6372511,3.7471654,4.1024694,4.603176,3.3314464,3.4390006,5.1528535,5.0734687,5.050677,5.046121,3.70996,3.9197621,4.2214503,4.1648393,5.3967986,4.8837066,4.054688,4.4876432,3.9695704,3.7723818,4.111536,3.7066326,5.1095657,5.0336266,4.4201016,4.369436,4.7889967,4.8400173,4.8653865,5.2671614,4.7001143,4.2250514,5.1855497,4.7847323,4.408703,4.4905624,4.1225595,4.2985578,4.9115825,4.9115825,4.9268427,4.947588,4.534411,4.4980006,4.648724,3.9972508,4.2441373,4.1384478,4.4030313,4.439462,4.27784,4.28393,4.271848,4.328193
10,3.6212413,3.7618027,3.5129445,3.4545152,2.9039638,2.7274983,4.1310773,3.817199,1.5375851,1.3326181,0.0,1.5730733,2.764285,2.9205732,3.6148481,3.1334271,3.286344,3.3074827,3.3874795,3.3795073,3.1747875,3.305545,3.413715,2.9749022,3.5816808,3.2672343,3.4662888,3.6008182,3.7378926,4.3499575,3.659947,3.68754,3.580153,3.333033,4.0052166,3.8495202,3.0614657,3.2820609,3.9954166,3.5578537,3.1996343,4.10237,2.7897258,2.730036,4.3903275,4.5878367,3.5391395,3.415547,4.447939,4.303291,4.2343893,3.6420877,4.104761,4.0448723,3.7582622,3.8814065,3.7276487,3.766408,4.469456,4.351646,4.04519,4.171838,3.9222934,3.9275136,4.817064,4.785885,4.9697084,4.8521314,4.0148,4.6156907,5.0284467,4.2220945,3.5201979,3.8805864,3.865366,3.995567,4.3397818,4.813255,3.420786,3.538848,5.5878353,5.3733897,5.257855,5.2427015,4.124938,4.3018007,4.6086345,4.547894,5.2409825,4.824391,4.1476088,4.5887694,4.0992775,3.9333973,4.48413,3.9769747,5.3427496,5.155678,4.670892,4.6915393,4.923097,4.9405437,4.9714537,5.4527903,4.900563,4.451252,5.4345956,5.047827,4.6707945,4.7859783,4.3781366,4.57912,5.111779,5.111779,5.332815,5.0889544,4.899414,4.858336,4.8273535,4.369724,4.7376957,4.6224327,4.6694818,4.7009697,4.772003,4.769816,4.74064,4.806032
11,4.045277,4.178511,3.9133267,3.8731844,3.3056138,3.176466,3.9050813,3.5802073,2.1883326,2.1535654,1.5730733,0.0,3.3373137,3.5327833,3.9849548,3.544504,3.1607275,3.1779099,3.7787712,3.8524003,3.6070747,3.6208768,3.7514753,3.307987,3.9573753,3.6027436,3.832835,3.9586062,4.137245,4.690959,4.105632,4.105304,3.9150815,3.525969,4.3495593,4.140675,3.4438121,3.724688,3.9005055,3.4625406,3.2872746,4.1252837,3.0751696,2.9478853,4.5392213,4.7420588,3.7716086,3.6334176,4.7330966,4.52722,4.441059,3.878928,4.3773165,4.328673,4.0573826,4.15175,3.9750187,4.0224185,4.617559,4.5325246,4.2913117,4.3608437,4.0820646,4.188513,4.7392254,4.721617,4.967637,5.166223,4.4031525,4.9704695,6.0593004,4.5810595,3.897375,4.1745944,4.1615934,4.2780185,4.54845,5.013417,3.6470907,3.8215446,5.8980007,5.7051196,5.5175276,5.482065,4.408057,4.562677,4.959656,4.926008,5.445088,5.0033207,4.470188,5.2835255,4.384308,4.2253013,4.728026,4.2097135,5.0986695,4.947289,4.4010544,4.4423046,4.6378956,4.6189556,4.6329346,5.16386,4.632842,4.1610627,5.2585773,4.8278337,4.3810706,4.5126147,4.119939,4.3757744,4.8628316,4.8628316,5.088015,4.807725,4.6783853,4.597363,4.458516,4.1477075,4.5189304,4.448061,4.396236,4.4420223,4.603759,4.6038094,4.53516,4.563795
12,2.2277358,2.3128247,2.274688,2.2144132,2.1582797,1.3091773,2.9326468,3.0988867,2.7205403,2.628638,2.764285,3.3373137,0.0,2.014034,2.793317,2.59677,2.914855,2.958235,2.6076276,3.0779521,2.6825871,2.2296607,2.6403062,2.5758917,2.5509956,3.0170014,2.0327613,2.1953344,2.4277594,3.383778,2.4682705,2.503954,2.6051493,3.1846244,2.9780452,3.0099518,2.4102595,3.0642912,3.6912627,3.8169608,3.3645627,4.3811274,3.4012494,3.2536416,4.0321016,4.0746226,2.8690052,2.742136,3.4717715,3.4166756,3.5509694,3.1666107,3.2939727,3.402344,2.7556565,2.8556013,2.9898229,2.8663719,3.5163217,3.420288,3.8708317,3.2696068,2.9397385,3.150552,4.376509,4.1515512,3.9896398,4.1408305,3.4776456,3.772801,4.406131,3.5650535,2.810066,3.171704,3.1563873,3.2508056,3.3730464,4.145899,2.7801447,2.804968,4.6489115,4.4000816,4.3942223,4.3493247,3.0062916,3.2401028,3.5311117,3.4606118,4.804386,4.2362423,3.3038127,3.924551,3.3265262,3.2541714,3.7581582,3.073936,4.7413063,4.738831,3.9581687,3.8991022,4.5293303,4.5810423,4.64474,5.1007004,3.8082583,3.7686424,4.2090583,4.181811,4.118182,4.1754293,3.7508194,3.784208,4.6392117,4.6392117,4.643665,4.5556026,3.9922798,3.9667037,4.546938,3.367892,4.0107965,3.8146563,3.8911269,3.8954883,3.854446,3.8504043,3.8397532,3.903515
13,2.9614747,2.9997141,3.0108948,2.910595,2.9816234,2.4063387,3.4863667,3.1091278,2.8733687,2.7350106,2.9205732,3.5327833,2.014034,0.0,3.2158608,2.5763977,3.0956929,3.1334474,3.1299665,3.2642117,2.7042012,2.943128,2.6659386,2.6111355,2.8720474,3.2430284,2.7580352,2.9316142,3.0948987,3.7594764,3.05935,3.105911,3.2606897,3.8190057,3.4838157,3.433288,3.1279047,3.6404977,4.112603,4.255393,3.9679382,4.786882,3.885582,3.742364,4.468294,4.5032473,3.4422474,3.3402658,4.2398067,3.9213984,4.0465117,3.92166,3.7829642,3.7849085,3.2503595,3.3709865,3.528911,3.3942196,3.6912177,3.6374648,4.277842,3.6035175,3.4702244,3.2432792,4.6844816,4.461079,4.3217583,4.461848,3.8770077,4.104758,4.658233,3.7807553,3.8822267,3.9504473,4.015709,4.0365496,4.245447,4.9104424,3.7172492,3.8380044,5.355724,5.1676645,5.162207,5.141395,3.628157,4.113448,4.0715284,3.9967628,5.422616,4.8959913,4.0128183,4.2290998,4.124445,4.0475726,4.5127544,3.6991045,5.4738274,5.48452,4.71654,4.701393,4.9385104,4.945539,5.0282288,5.4342685,4.431638,4.5788646,4.7768245,4.8900576,4.70235,4.729004,4.438034,4.423478,5.134336,5.134336,5.162678,5.0274367,4.5366583,4.512433,5.2673984,3.9748347,4.5259895,4.082352,4.409186,4.4063025,4.5746913,4.5948544,4.614274,4.678944
14,3.981258,3.919645,3.942869,3.8858087,3.7679567,2.833297,4.3954654,4.526886,3.3806741,3.4929423,3.6148481,3.9849548,2.793317,3.2158608,0.0,2.3587995,3.0983458,3.13203,2.9008007,3.3514557,2.5328274,2.417121,2.7666407,2.8232164,2.6468678,2.745305,2.4599235,2.5466359,2.6599684,2.6810565,2.5493245,2.6320407,2.7223415,2.893042,3.2137582,3.0330658,2.9089026,3.5322764,3.0012822,3.077142,3.2332478,3.5552359,3.2268195,3.0636122,3.4283073,3.4580705,2.5447414,2.5624344,3.617598,3.3028398,3.2341864,2.9619954,3.2490957,3.392346,2.8600297,2.8347504,3.0032883,2.9240503,3.2607858,3.1667764,3.735217,3.3897817,2.99898,2.733793,3.9566243,3.6886525,3.362813,3.4872856,3.5920043,3.5044537,4.562209,3.4436505,4.076385,3.2853057,3.2991338,3.2798467,3.4693255,4.2059336,3.6403103,3.7876077,4.7945323,4.6256123,4.565454,4.565151,3.4308274,3.706828,3.801607,3.7509367,4.2522507,4.334967,3.3945072,3.913357,3.0747232,3.022988,3.8720837,3.069503,4.0948496,4.1535974,3.95071,3.917405,3.6146467,3.653288,3.703459,3.880416,4.3019013,4.376272,4.7042913,4.7710557,4.632955,4.497034,4.2821803,4.1970577,4.4723616,4.4723616,4.5668135,4.4727225,2.968667,3.0472276,4.4907436,3.2397735,3.7595575,3.5188525,3.5568914,3.5173404,3.9033473,3.9376354,3.9329357,3.9641235
15,3.4290965,3.3515732,3.4461632,3.329303,3.1932888,2.9825275,4.017898,3.742608,2.8040245,2.6762073,3.1334271,3.544504,2.59677,2.5763977,2.3587995,0.0,2.9079275,2.9427583,2.926854,3.3334012,2.6515489,2.607199,2.176358,2.3935556,2.7649517,2.472942,2.3331254,2.5157447,2.632898,2.6435652,2.5202336,2.6540434,2.8298073,2.8394983,3.2007313,3.0693824,3.26649,3.8239102,3.1412876,3.092305,2.9547393,3.2430384,2.9550416,2.7727053,3.6992183,3.6776593,2.6957655,2.692333,3.8968198,3.3421772,3.4037354,3.054781,3.2957065,3.350361,2.4473915,2.453524,3.2342017,3.076514,3.0544376,3.3002415,4.007487,2.7576945,2.7567723,2.926122,4.736654,4.44032,4.3589454,4.255163,3.9089637,3.9067416,4.7805443,3.8911326,4.2326007,3.3303125,3.3588488,3.3710556,3.6540523,4.2890697,3.676357,3.9260707,5.1361823,5.0391116,4.953722,4.97967,3.4508038,3.7160122,4.0384774,3.9977012,4.906758,4.2668557,3.7402346,3.7136781,3.484443,3.352418,3.8891296,3.018522,4.804066,4.839002,4.064244,4.037593,4.352215,4.352859,4.406893,4.486487,3.9402494,4.0208693,4.5471234,4.447411,4.113439,3.9815965,3.9376516,3.8639903,4.4079194,4.4079194,4.4019284,4.4075828,3.943482,3.9563508,4.621114,3.447272,3.5836892,3.5541668,3.5771878,3.5943124,3.7014005,3.7286022,3.7542405,3.8271422
16,2.9283078,2.830161,2.7094278,2.6556783,3.1106768,2.4767597,2.7052429,2.3258228,3.430293,3.4062965,3.286344,3.1607275,2.914855,3.0956929,3.0983458,2.9079275,0.0,0.08945071,2.7557979,2.8722737,1.9270395,1.7077025,2.0386453,1.1403003,1.9592421,2.9459991,2.1204503,2.1251318,2.3117807,2.7932296,2.231875,2.4147713,2.446479,2.7239766,3.0153694,2.525813,3.0035453,3.2636824,2.9711342,3.2067184,3.2518263,3.7091506,2.9774675,2.7391214,3.1454759,3.3636208,2.3688755,2.2070463,3.3379798,3.0191045,2.9276028,2.709925,2.8968346,2.8708646,2.4430337,2.516352,1.9747571,2.0518496,2.998588,2.7943301,3.487631,2.9185698,2.089385,2.884557,3.78193,3.6341808,3.9273207,3.9029832,3.593987,3.706319,5.271376,3.4710495,3.657789,3.132368,3.143969,3.1745932,3.1967688,4.0708055,3.0518205,3.255488,4.608855,4.3557673,4.0735173,3.992975,3.1563423,3.3837452,3.674266,3.5962038,4.4078865,4.010348,2.899894,4.145149,3.2615495,3.183201,3.7271729,2.7923431,4.043161,4.0626526,3.361792,3.4983857,3.5088081,3.3811371,3.4978585,3.9063888,3.0746102,3.563172,3.4155247,3.5775042,3.4746008,3.4639807,3.009117,3.0395358,3.6599913,3.6599913,3.9979293,3.4282298,3.553793,3.4638705,4.036965,2.827716,3.680265,3.6313696,3.3064556,3.309013,3.817374,3.8534398,3.7785852,3.8496203
17,2.977957,2.8783014,2.7430673,2.6891992,3.1423438,2.4985435,2.7408726,2.3527107,3.4722435,3.4462836,3.3074827,3.1779099,2.958235,3.1334474,3.13203,2.9427583,0.08945071,0.0,2.7783833,2.888741,1.9547122,1.7355062,2.1056323,1.1547043,1.9776124,2.9966094,2.1826825,2.1891043,2.3515303,2.8287435,2.2723532,2.4596243,2.4776874,2.7454922,3.0564187,2.5419085,3.049495,3.304472,3.010461,3.2488542,3.3004038,3.7349875,2.999894,2.7627203,3.1556966,3.382531,2.4104242,2.2552638,3.361428,3.0391436,2.9584007,2.7462282,2.9119797,2.8762252,2.4693935,2.5427382,1.9871336,2.0915391,3.0100489,2.810709,3.5351853,2.9604406,2.1134875,2.9189353,3.8127398,3.6585627,3.9509559,3.9239218,3.641801,3.7472851,5.3007317,3.5037746,3.6753743,3.147307,3.1596045,3.1901271,3.210736,4.081589,3.0662265,3.2714794,4.6331725,4.378967,4.0880804,4.0086246,3.2039294,3.4264464,3.71317,3.6353228,4.4062433,4.0084424,2.900092,4.14231,3.2699559,3.1918132,3.737882,2.8126938,4.0697455,4.078693,3.3773568,3.523416,3.5286863,3.3942468,3.5139408,3.9225895,3.1123607,3.5755174,3.4155867,3.5807753,3.4828138,3.4725778,3.0210493,3.0518193,3.6667278,3.6667278,4.0320883,3.436226,3.5941138,3.5049198,4.076585,2.8661995,3.7195685,3.6763515,3.3510537,3.35297,3.855103,3.8911653,3.8171403,3.8886878
18,3.419337,3.3269815,3.2524319,3.1971488,3.2146857,2.58525,3.6795557,3.6445293,2.7740119,2.9253888,3.3874795,3.7787712,2.6076276,3.1299665,2.9008007,2.926854,2.7557979,2.7783833,0.0,1.2654326,2.632608,2.2779534,2.8257504,2.3958197,2.4177907,3.1694574,2.5391023,2.5636952,1.8422846,2.2110083,1.6855603,1.7512125,1.6521286,2.093197,2.5426798,2.8700364,2.3968232,2.9251673,3.4445245,3.042421,2.7685113,3.3166351,2.5291712,3.0610178,3.5353591,3.647427,2.5941164,2.5974905,3.469047,2.582268,3.2777925,2.9275885,2.4478865,2.5335724,2.0802615,2.1327946,2.7593849,2.8770332,3.5182407,3.2547202,3.7926056,3.6329427,2.633174,3.2295117,3.5571823,3.2967036,3.319244,3.2656147,2.9745305,2.9029171,4.055154,2.7391694,2.8951817,2.3626351,2.346715,2.3663576,2.509728,3.5570986,2.7626812,2.723564,3.6440604,3.6791334,3.5917075,3.5788128,2.5802855,2.8892946,2.9493465,2.8786566,4.5306797,4.2659206,2.1127424,3.6031609,2.6588154,2.5167563,2.458488,2.5043788,3.8295722,3.8296976,3.2486444,3.3099284,3.583758,3.5636723,3.6777816,3.993543,4.048586,3.3515868,3.527116,3.612225,3.6595488,3.5938523,2.9758656,3.0264692,4.0204215,4.0204215,4.281888,3.955705,3.4185693,3.3826027,4.1384745,2.7639654,3.666781,3.42837,3.9999619,4.0036836,3.6729624,3.6921568,3.6820204,3.7320597
19,3.8075607,3.73177,3.6479623,3.6006007,3.6256177,3.1146505,4.1172285,3.745579,2.8892212,3.005466,3.3795073,3.8524003,3.0779521,3.2642117,3.3514557,3.3334012,2.8722737,2.888741,1.2654326,0.0,2.6155913,2.8091109,2.8507903,2.35673,2.804546,3.5895922,2.9089582,2.9723878,2.3777556,2.785415,2.271273,2.4710565,2.3210766,2.7305324,2.934188,3.1449063,2.964304,3.4098117,3.8058784,3.483277,3.2903512,3.752434,2.924783,3.3937652,3.7118702,3.7916508,2.8534439,2.8351324,3.496953,3.0405505,3.4699225,3.1067617,2.8779244,2.9148881,2.8959746,2.9680843,3.2020903,3.3258271,4.1178575,3.6514647,3.563049,3.955538,3.0235252,3.5240295,3.784121,3.5672104,3.5716026,3.463254,3.2961466,3.1440039,4.19623,3.0973363,3.4514008,2.99818,2.9791293,3.0071652,3.1415384,3.9970672,3.263682,3.2440693,3.810534,3.8400517,3.7257302,3.7258222,2.9521613,3.1998158,3.3310483,3.2008634,4.6596518,4.627487,2.4908257,4.1286597,3.2831905,3.1720111,3.1412442,3.220359,4.123975,4.090037,3.8699386,3.931212,3.9558823,3.9091198,4.0566416,4.3448887,4.602563,3.9056873,4.090208,4.122634,4.381524,4.3188143,3.6405208,3.6436813,4.713599,4.713599,4.985759,4.6461186,4.0660896,4.014293,4.6824126,3.4635491,4.362444,3.9995742,4.500672,4.496527,4.3400283,4.3646154,4.368368,4.419228
20,3.4651515,3.369828,3.4421594,3.3767867,3.809631,2.7365048,3.9471512,3.5757349,3.0745158,3.156552,3.1747875,3.6070747,2.6825871,2.7042012,2.5328274,2.6515489,1.9270395,1.9547122,2.632608,2.6155913,0.0,2.0649052,1.5404382,1.3636171,2.2898922,2.9687364,1.9606947,2.0191963,2.1322603,2.628563,2.0685225,2.2654045,2.461201,2.9603078,2.8910944,2.7434635,2.9969015,3.4680052,3.3830485,3.560716,3.4027576,3.9681349,3.2298737,3.1170783,3.561606,3.6256194,2.5638552,2.465748,3.4429486,3.1723702,3.123222,2.9428897,3.0590858,3.0896375,2.5925877,2.6771326,2.747789,2.6203814,3.3842769,3.1686478,3.0034676,2.8279867,2.4529123,3.110756,4.2468286,4.1320148,4.3003783,4.0137224,3.5950172,3.610652,4.6759605,3.5784771,3.8627572,3.3809578,3.3817837,3.4267263,3.489487,4.28538,3.3313794,3.5026445,4.6296906,4.396709,4.327556,4.251822,3.408098,3.628188,3.7461426,3.6215024,4.402156,4.48826,3.330883,4.098869,3.1671157,3.137287,3.9527986,3.1744332,4.1845117,4.234018,4.022871,4.0600915,3.798453,3.759152,3.8697648,4.1888433,4.26655,4.688246,4.569268,4.7235713,4.6796346,4.6266785,4.2936625,4.2741914,4.2627807,4.2627807,4.414021,4.134603,3.843736,3.8217669,4.428692,3.2352839,3.938022,3.7976527,3.6988199,3.6588695,4.1414695,4.1725316,4.142211,4.242427
21,2.3996453,2.2880883,2.1714923,2.1420202,2.506209,1.7137663,2.7488632,3.0406039,3.4011207,3.3735209,3.305545,3.6208768,2.2296607,2.943128,2.417121,2.607199,1.7077025,1.7355062,2.2779534,2.8091109,2.0649052,0.0,2.1287966,1.5578408,1.2680485,2.4207103,1.5069932,1.452468,1.6784648,2.031393,1.5085905,1.5452546,1.711345,2.0795836,2.5694907,2.165031,2.4601576,2.9980233,2.8173363,3.0097067,2.7334077,3.234461,2.5318377,2.2763383,2.654193,2.876567,1.6397886,1.5278567,2.943448,2.5650313,2.466224,2.1365469,2.4528232,2.5393684,1.9283149,1.9472806,1.6716536,1.7154027,2.55142,2.2766585,3.4527185,2.9526517,1.5397856,2.4512148,3.5781558,3.429578,3.5880115,3.3041651,2.9090014,2.9753487,4.227092,2.7500007,3.1055305,2.4166033,2.4258513,2.4180644,2.523045,3.589679,2.6257763,2.7877789,4.0463815,3.7424133,3.5173452,3.4694917,2.4042208,2.7280369,2.8955712,2.838243,3.9511178,3.5949414,2.1519723,3.27656,2.5631921,2.4793744,3.1201346,2.0405343,3.813862,3.8352356,3.1768172,3.2642148,3.262085,3.2404642,3.3142815,3.6741898,2.9600887,3.4120579,3.3338318,3.5278704,3.3953397,3.3342116,2.846701,2.8515613,3.54031,3.54031,3.8208864,3.3896472,3.3265646,3.296566,3.856473,2.5448256,3.4786458,3.3696492,3.1489267,3.154033,3.5693936,3.5916898,3.54706,3.621041
22,2.8515096,2.7364743,3.0220873,2.9526193,3.392255,2.9744546,3.4755342,3.089126,3.0803013,3.0565512,3.413715,3.7514753,2.6403062,2.6659386,2.7666407,2.176358,2.0386453,2.1056323,2.8257504,2.8507903,1.5404382,2.1287966,0.0,1.5431379,2.3583984,2.4924107,1.3953216,1.4549744,2.0148928,2.2939775,1.9278989,2.1128488,2.499995,2.9497817,2.6689768,2.726749,3.0282576,3.5101044,2.9864073,3.1971881,2.9818702,3.600304,3.156979,2.9524217,3.395985,3.3338137,2.1710641,2.0058901,3.2695682,3.0858681,2.8055718,2.5697367,3.0745409,3.2000794,2.5004568,2.545984,2.7992089,2.4072125,3.260934,3.0408885,2.7899315,2.307292,2.1817148,2.8106303,4.1946363,4.079834,4.2610946,3.981155,3.3407629,3.3194232,4.629517,3.4805934,4.1035957,3.3885617,3.3871617,3.4112086,3.4955933,4.259871,3.5234225,3.7177613,4.486885,4.2979345,4.247974,4.1938553,2.8961022,3.1298206,3.4416535,3.3304105,4.6556363,4.427107,3.4712312,4.2324185,3.4898944,3.4377558,3.9861453,3.0422802,4.161578,4.344743,3.9282935,3.8749316,3.864171,3.8721967,3.9486604,4.129606,3.5366216,4.3101826,4.300356,4.392015,4.340418,4.2516255,3.9428966,3.875256,4.26856,4.26856,4.085376,4.139867,3.7432418,3.6977642,4.219007,3.053303,3.5885284,3.4352446,3.2153099,3.211102,3.75528,3.7879386,3.7630415,3.8549063
23,2.809232,2.703298,2.6337817,2.5528448,2.987556,2.3433678,3.1827605,2.6981628,3.1038096,3.0351722,2.9749022,3.307987,2.5758917,2.6111355,2.8232164,2.3935556,1.1403003,1.1547043,2.3958197,2.35673,1.3636171,1.5578408,1.5431379,0.0,1.8274527,2.8442092,1.8879855,1.936227,2.0409915,2.4835775,1.8948926,2.1749108,2.2376046,2.6120543,2.8313107,2.4047437,2.9371142,3.3608818,3.0912178,3.297883,3.1801984,3.5937204,2.8211544,2.651026,3.0974927,3.258058,2.2186308,2.0804763,3.2051663,2.9068477,2.831496,2.5895216,2.7710595,2.7293043,2.3107917,2.3954248,2.2464364,2.2519147,3.0093844,2.77121,3.291947,2.771455,1.9362365,2.7372556,3.996197,3.8570201,4.043055,3.763134,3.483362,3.5103238,4.6533337,3.3755152,3.6333246,2.9985297,3.0060923,3.0545232,3.1561909,4.0081835,3.0949264,3.2757318,4.506095,4.262656,4.0379834,3.993803,3.0532353,3.2827299,3.5292327,3.4251437,4.3418193,4.013,2.7928884,3.7273986,3.128639,3.0598433,3.61373,2.7641213,4.2768373,4.256713,3.7120337,3.8183138,3.8115933,3.7212715,3.8450503,4.1492896,3.5733962,3.8911803,3.8148067,3.9456105,3.9185567,3.8724942,3.4526107,3.4447844,4.043621,4.043621,4.331038,3.872602,3.8825514,3.8233454,4.3567066,3.1415262,3.9068308,3.7849977,3.6167865,3.6168616,4.0266256,4.052661,4.019499,4.120089
24,2.817737,2.715754,2.561916,2.5289626,2.8937352,2.2708528,2.839925,2.964826,3.5969405,3.546684,3.5816808,3.9573753,2.5509956,2.8720474,2.6468678,2.7649517,1.9592421,1.9776124,2.4177907,2.804546,2.2898922,1.2680485,2.3583984,1.8274527,0.0,2.235198,1.5527787,1.5674728,1.3938513,2.0978138,1.3983911,1.703681,1.9657867,2.292084,2.6896675,2.250395,2.7175107,3.1531236,3.0394795,3.1223152,3.0113947,3.36501,2.6788468,2.477018,2.780049,2.963056,1.8741235,1.8736572,2.699016,2.6994622,2.6794498,2.0526533,2.529418,2.5761163,2.1567583,2.1902988,1.9017673,2.0658402,2.537584,2.2697787,3.662069,3.2368393,2.0833972,1.9194366,3.393092,2.9208987,3.3718512,2.7396295,2.610513,2.5956736,3.8177848,2.478672,3.0438766,2.134852,2.2215192,2.1253455,2.3726044,3.4177046,2.4531147,2.6603653,3.7377899,3.4553,3.1975598,3.1487756,2.020782,2.6219132,2.9011452,2.835567,3.8031163,3.412149,1.9906616,3.0996418,2.4136417,2.2749522,2.9096994,2.1088872,3.782178,3.7999969,3.1544173,3.2262185,3.5186243,3.478005,3.5754144,3.8461607,3.1798081,3.420155,3.3806248,3.3594892,3.4434848,3.3566303,2.853571,2.618218,3.5988417,3.5988417,3.9528263,3.5355718,3.45495,3.448918,4.37054,2.8066263,3.6093643,3.3825061,3.3776023,3.3622093,3.4720805,3.5107472,3.496605,3.557164
25,3.247816,3.1831508,3.2833,3.2694817,3.092417,3.1204724,3.5401685,3.7249348,2.9360187,2.8806496,3.2672343,3.6027436,3.0170014,3.2430284,2.745305,2.472942,2.9459991,2.9966094,3.1694574,3.5895922,2.9687364,2.4207103,2.4924107,2.8442092,2.235198,0.0,1.9636554,2.0221796,2.3114724,2.5006359,2.265013,2.2462208,2.875151,2.4864368,3.0998325,3.1318245,2.9064631,3.162572,3.0277848,2.4444928,2.1046543,2.7765954,2.261492,2.0562272,3.1843486,3.2593887,2.001148,2.0013165,3.5043867,3.3612592,3.1274753,2.251214,3.2996552,3.444173,2.7903907,2.7929883,2.7843907,2.6126547,3.2839112,3.1514869,3.5055761,3.3936672,2.927531,2.5165808,4.107088,3.4748764,4.0858707,3.4100633,2.5428007,2.732274,3.9180121,2.6462681,3.5376034,2.7175357,2.7742515,2.6991556,3.1635487,3.8367355,2.9443676,3.2252572,4.091153,3.9154673,3.7917993,3.7779286,2.3055332,2.8746166,3.1970913,3.178124,4.3221464,3.9859548,3.2822175,3.7725308,3.0713375,2.856871,3.525873,2.6294603,3.8610797,4.0083523,3.5097497,3.4040926,3.4942267,3.6029983,3.5610354,3.7571383,3.4576957,3.850098,4.338541,3.913942,3.7400148,3.6846485,3.365457,3.2848425,3.8255904,3.8255904,3.7376106,4.0900097,3.6055312,3.6200025,4.4613686,3.0336282,3.3103282,3.1596518,3.0984848,3.124236,3.2992363,3.339302,3.3336217,3.3713832
26,2.413097,2.3070557,2.504497,2.4742527,2.8597968,2.3623555,2.8855743,2.9829109,3.1866603,3.1570208,3.4662888,3.832835,2.0327613,2.7580352,2.4599235,2.3331254,2.1204503,2.1826825,2.5391023,2.9089582,1.9606947,1.5069932,1.3953216,1.8879855,1.5527787,1.9636554,0.0,0.38635132,1.1854062,1.9989597,1.2736547,1.4755533,2.0241854,2.5036047,2.3537617,2.3772745,2.5375195,3.0909731,2.855063,2.9941566,2.683512,3.4280782,2.8583982,2.6119912,3.0677083,3.043756,1.6615973,1.5495828,2.6543179,2.7487442,2.5546079,1.9429475,2.6978798,2.8952656,2.1425538,2.1700938,2.2813902,1.9974675,2.886601,2.65039,2.9675827,2.5134728,1.9882145,2.333218,3.8106866,3.4574053,3.7487051,3.3542812,2.7268553,2.7324724,4.0763593,2.8871074,3.2573068,2.5967355,2.5990155,2.590664,2.7083437,3.6294148,2.6717856,2.866234,3.793178,3.5413938,3.469521,3.4005551,2.0141926,2.3706946,2.854834,2.7613688,4.1188507,3.7926443,2.7428463,3.7043505,2.7578359,2.666863,3.306282,2.375952,3.6703756,3.8510375,3.2960782,3.21043,3.5730147,3.6200225,3.6801112,3.9312851,3.022182,3.6711395,3.7449017,3.7040648,3.7685864,3.6937444,3.2807992,3.1365616,3.8100235,3.8100235,3.7024872,3.770775,3.316074,3.2973108,4.0512114,2.5828562,3.2430756,3.116272,2.896431,2.885549,3.1502028,3.1823556,3.1582167,3.2280777
27,2.3899832,2.279674,2.4972994,2.466289,2.9241695,2.4222581,2.8702497,3.0447724,3.3173928,3.3078985,3.6008182,3.9586062,2.1953344,2.9316142,2.5466359,2.5157447,2.1251318,2.1891043,2.5636952,2.9723878,2.0191963,1.452468,1.4549744,1.936227,1.5674728,2.0221796,0.38635132,0.0,1.2007862,1.9319793,1.2081203,1.4433396,2.0599465,2.5331626,2.4075599,2.4689298,2.592556,3.0324638,2.876834,3.0055575,2.6934345,3.4152079,2.8879359,2.6801054,3.0713859,3.0735378,1.7491772,1.5975299,2.7040558,2.775598,2.5616143,1.9537929,2.748144,2.9449866,2.1349912,2.1585453,2.1986778,1.8418481,2.9052713,2.660251,3.0210378,2.58114,1.9367648,2.321449,3.727744,3.4422407,3.749267,3.3217409,2.606615,2.6581917,4.020655,2.8362563,3.2673423,2.5595763,2.5572896,2.5575683,2.6606758,3.617799,2.7495615,2.8916345,3.7848148,3.5176597,3.4421806,3.35345,1.9989569,2.3652956,2.834797,2.7473938,4.142838,3.8390617,2.743764,3.7420108,2.74326,2.6710057,3.2831788,2.391295,3.6107442,3.8107538,3.2892327,3.2057395,3.5453858,3.596135,3.6480877,3.8879783,2.9684303,3.7012475,3.7227452,3.7062423,3.7714958,3.7022111,3.2555985,3.1189418,3.7922401,3.7922401,3.6626222,3.7226248,3.3099434,3.285693,4.0005927,2.595394,3.2718813,3.1633062,2.9304876,2.9226828,3.1883388,3.2135553,3.1735992,3.254393
28,2.897431,2.7509196,2.8327737,2.7993693,3.203146,2.615512,3.1786783,3.2409594,3.2754922,3.318072,3.7378926,4.137245,2.4277594,3.0948987,2.6599684,2.632898,2.3117807,2.3515303,1.8422846,2.3777556,2.1322603,1.6784648,2.0148928,2.0409915,1.3938513,2.3114724,1.1854062,1.2007862,0.0,1.5226727,0.4806348,0.94755626,1.5379359,2.0795417,2.213149,2.40671,2.433179,3.0155666,3.055572,2.9122949,2.6673067,3.2439697,2.6328723,2.7498562,3.1445503,3.1729774,1.9251509,1.9479282,2.734593,2.4384243,2.7631378,2.1269374,2.3403592,2.5067732,1.7726343,1.7979035,2.3416963,2.304687,2.916733,2.722396,3.3420968,2.89492,2.1634977,2.473786,3.5969129,3.0815568,3.5914133,2.9266312,2.62197,2.4666247,3.7875621,2.6203988,2.8909967,2.0117877,2.021369,1.9808078,2.123178,3.24972,2.3480585,2.488115,3.2473524,3.1196432,3.0196695,2.9548402,1.8346977,2.263398,2.6440566,2.5616403,4.058711,3.7347355,2.1299658,3.3351157,2.2331393,2.0840921,2.5127792,2.044975,3.4513872,3.5930142,2.968958,2.9468682,3.4956813,3.5051773,3.5963008,3.8152792,3.340716,3.4965286,3.3961303,3.3505833,3.5125294,3.4121587,2.9293835,2.7554915,3.4828353,3.4828353,3.581979,3.4834833,3.1432767,3.1340425,4.1070786,2.4274435,3.1839328,3.1098235,3.2519653,3.2361093,3.0409498,3.0775418,3.06084,3.133825
29,3.5841968,3.375793,3.5330558,3.4907746,3.8053417,3.3987803,3.9689991,4.0782485,3.7958786,3.8696253,4.3499575,4.690959,3.383778,3.7594764,2.6810565,2.6435652,2.7932296,2.8287435,2.2110083,2.785415,2.628563,2.031393,2.2939775,2.4835775,2.0978138,2.5006359,1.9989597,1.9319793,1.5226727,0.0,1.289343,1.2763922,1.769436,1.9935209,2.497106,2.6824887,3.0329227,3.5616024,2.9497523,2.7441483,2.5797043,2.6167424,2.647313,2.8080628,2.9338205,2.9405906,1.9087287,2.0215974,3.3260605,2.4468377,2.6754005,2.378895,2.4532394,2.6597116,1.8442528,1.7378261,2.5977645,2.5118563,2.9113116,2.7390409,3.5910776,3.0982876,2.0816288,2.860317,3.7782335,3.4915512,3.7878015,3.180966,2.9558458,2.5380886,4.0701323,2.759904,3.9770572,2.5577056,2.5809944,2.4495535,2.5890028,3.6513348,3.3673618,3.5505958,3.6150367,3.6063316,3.4997077,3.5008156,2.3508117,2.7441688,2.8248446,2.777348,4.302539,4.116636,2.4566314,3.4477398,2.7253957,2.5922318,2.8679645,2.1765506,3.540108,3.7585979,3.2720928,3.2835371,3.1618536,3.169126,3.2396712,3.191423,3.5133998,3.8638644,3.6371229,3.8371758,3.7376482,3.4999597,3.1888678,3.0405412,3.5357852,3.5357852,3.5855742,3.4984484,3.162896,3.1809804,3.9704354,2.5052977,3.172205,3.1038249,3.247704,3.2418008,3.375689,3.4291403,3.4263692,3.4787805
30,2.8158562,2.6574247,2.7489212,2.7009954,3.1065993,2.5384138,3.226213,3.298608,3.2002022,3.244927,3.659947,4.105632,2.4682705,3.05935,2.5493245,2.5202336,2.231875,2.2723532,1.6855603,2.271273,2.0685225,1.5085905,1.9278989,1.8948926,1.3983911,2.265013,1.2736547,1.2081203,0.4806348,1.289343,0.0,0.769404,1.4542508,1.9772267,2.187322,2.3799124,2.3862615,2.8527296,2.979386,2.811655,2.5699337,3.0997028,2.49469,2.6607642,3.0474296,3.1162388,1.8837425,1.8743604,2.8610265,2.3663678,2.6895645,2.151922,2.280768,2.4311194,1.5877184,1.6139666,2.1396809,2.0696123,2.8398163,2.647296,3.359903,2.8600583,2.0083728,2.4450295,3.5501232,3.1419764,3.549128,2.9270785,2.5511334,2.4355621,3.6909912,2.516242,2.9716113,2.013061,2.0199432,1.9916998,2.1512425,3.2874641,2.5109842,2.6079476,3.3695545,3.245975,3.1408396,3.0842235,1.927302,2.345773,2.613519,2.5361187,4.1122956,3.7774973,2.093475,3.2255838,2.2738078,2.1371193,2.519372,1.9756558,3.5429595,3.669509,3.041666,3.0409935,3.4443846,3.45169,3.5381217,3.7450233,3.3199313,3.499746,3.381028,3.4110029,3.4858127,3.3843446,2.8999937,2.7754269,3.517393,3.517393,3.623648,3.4863765,3.1418874,3.130626,4.0623136,2.4602149,3.2208881,3.14336,3.2957652,3.2876034,3.1702657,3.2023807,3.1806884,3.2648158
