,0,1,2,3,4,5,6,7,8,9,10,11,12,13,14,15,16,17,18,19,20,21,22,23,24,25,26,27,28,29,30,31,32,33,34,35,36,37,38,39,40,41,42,43,44,45,46,47,48,49,50,51,52,53,54,55,56,57,58,59,60,61,62,63,64,65,66,67,68,69,70,71,72,73,74,75,76,77,78,79,80,81,82,83,84,85,86,87,88,89,90,91,92,93,94,95,96,97,98,99,100,101,102,103,104,105,106,107,108,109,110,111,112,113,114,115,116,117,118,119,120,121,122,123,124,125,126,127
0,0.0,0.9341127,0.94447166,0.9864423,2.4672024,2.3071184,2.927086,1.962114,1.9155514,1.4465443,2.3752313,1.8488332,3.0560794,2.9900184,1.6449946,2.9359508,2.2742386,2.351768,2.6542332,2.5875332,2.7629993,2.7648091,2.0928812,2.2701101,2.4827769,3.1676002,2.8587892,3.2450683,3.1315074,3.1845818,3.5822656,2.7394698,4.1590567,4.054508,4.2632413,4.2474356,4.161797,4.2569923,4.127825,4.0411477,4.383379,4.141474,3.9311743,3.7474608,4.099311,4.127936,4.214212,4.1921744,4.183219,4.1456614,4.052274,4.118645,2.785234,2.3943167,4.231019,4.4922523,2.7429256,3.931557,3.848093,3.9169407,3.933905,4.0090437,3.819498,5.063482,3.2404017,3.3696594,4.077028,3.9998543,3.416501,3.0706892,3.343552,3.0290463,3.2287393,2.9856858,3.2395675,3.2194214,2.8543012,3.3668501,2.9199004,3.3583248,3.8796494,4.0430765,5.2662654,4.7198052,4.2414017,4.12928,3.7125845,4.219827,3.422118,3.405565,2.9387116,3.1321537,3.0424893,3.810697,3.5954728,2.7421556,1.8581223,1.8636512,1.9851156,1.9966451,2.4964683,2.1358619,1.7587255,3.8063953,3.4207685,1.9222587,2.732317,2.6994748,2.6230576,2.640572,2.3315194,2.3874898,2.1435218,2.30278,2.26496,1.9353567,1.859549,1.8169094,1.8462044,1.858964,1.9878433,2.157002,2.6967528,2.2630925,2.2499592,2.387411,1.9833343,2.4427578
1,0.9341127,0.0,0.5543533,0.6506724,1.7737197,1.6278381,2.5641463,1.3234677,1.6511643,1.1232,2.070926,1.7072297,3.0864701,3.082894,1.2610968,2.6472619,2.1488612,2.2300687,2.5134654,2.473028,2.3043735,2.2793453,1.9841033,2.232149,2.3911605,3.1066175,2.7660975,3.1125336,3.1078162,3.1158102,3.4516802,2.551945,3.9845197,3.8328295,4.0278645,4.006736,3.9446807,4.1106215,3.9409773,3.8202264,4.2917223,3.981023,3.7859457,3.5480504,3.916123,3.934486,4.0127344,3.97767,4.017828,3.9659595,3.9110925,4.006689,2.6350179,2.2290368,4.0469704,4.4538,2.5855467,3.6939242,3.6434245,3.7178051,3.7276258,3.8098948,3.63735,4.938294,3.0199025,3.1457617,3.9240904,3.8618975,3.3114886,2.864182,3.2711704,2.9014637,3.05426,2.8461714,3.0972023,3.1631205,2.718887,2.9747505,2.8467796,3.4072504,3.718037,3.9231436,5.1267977,4.60592,4.084577,3.969015,3.5471144,3.914898,3.0866978,3.0682874,2.3941462,2.6420677,2.9205172,3.514106,3.4886453,2.6907554,1.9578849,1.9571996,2.0765846,2.2587116,2.640679,2.2808425,1.9325191,3.476358,3.5391126,1.9578413,2.7130759,2.6839087,2.472381,2.473429,2.1731997,2.2292447,2.3868642,2.5878744,2.658983,2.2687738,2.1770964,2.1223161,2.151784,2.1642044,1.9562213,2.1364217,2.1978002,2.255133,2.2416284,2.3677719,1.9157137,2.3748066
2,0.94447166,0.5543533,0.0,0.21401906,1.8925366,1.662994,2.617764,1.3966821,1.5764992,1.0932108,2.0342133,1.6559479,2.875378,2.861481,1.3391068,2.7377958,2.1211777,2.2459745,2.5022538,2.4227319,2.349816,2.3267708,1.9728029,2.2120664,2.2940297,3.010767,2.5406513,3.049013,3.0221994,3.0074544,3.4356918,2.560545,3.971446,3.8153093,4.0134306,3.9910605,3.894421,4.093256,4.032035,3.8950276,4.1842713,3.8789902,3.6970706,3.4708169,3.8601382,3.833872,3.9476469,3.9192133,4.042379,3.992877,3.9505892,4.07149,2.6878586,2.3180711,4.082359,4.353428,2.487555,3.661189,3.6334236,3.693784,3.7015204,3.7543957,3.6290832,4.951386,3.1548364,3.267339,4.1834116,4.127545,3.2284184,2.8995664,3.179469,2.8605518,3.046601,2.8248196,2.9758828,3.0203621,2.7112086,2.9024653,2.8179858,3.2333965,3.7902658,3.9649224,5.175339,4.652072,4.0098267,3.934207,3.632281,4.1352577,3.0334632,3.0145364,2.3253086,2.5473967,2.7521477,3.3773408,3.34545,2.5580244,2.0144203,2.0100672,1.96758,2.2151294,2.5286849,2.1423953,1.8060732,3.3916757,3.4377446,1.8310915,2.6200526,2.6452012,2.3853223,2.4140587,2.1515496,2.211363,2.2952306,2.5000274,2.2892618,2.086238,2.0049531,1.9794483,2.0158916,2.0323403,1.827219,1.988593,2.0361528,2.1165752,2.1091304,2.2582357,1.9250593,2.3666666
3,0.9864423,0.6506724,0.21401906,0.0,1.9240175,1.6591226,2.562528,1.368636,1.621593,1.0684904,2.0858593,1.6412921,2.809113,2.789977,1.3817712,2.738539,2.024238,2.1508315,2.4180336,2.3247561,2.2760713,2.2529166,1.8993703,2.1154118,2.2364066,2.951383,2.4714308,2.9970498,2.9794662,2.9552155,3.4243262,2.5365214,4.016527,3.827805,4.0207076,3.9946315,3.9122834,4.115459,4.0254602,3.905621,4.1861672,3.8774397,3.7371004,3.4990702,3.8953269,3.8707812,3.9883132,3.9607868,4.0516157,3.9945898,3.9652193,4.112888,2.6890836,2.3157742,4.1102476,4.3340664,2.4714055,3.67956,3.6501482,3.706207,3.7200248,3.776141,3.6146076,4.938944,3.1249654,3.2508287,4.1915164,4.136859,3.116565,2.820845,3.071236,2.7586212,2.9684632,2.728677,2.889564,2.930803,2.6428907,2.8159826,2.723767,3.1157985,3.7304275,3.8852818,5.1233125,4.607274,3.956084,3.8792262,3.5566216,4.116176,2.93013,2.9106987,2.2564552,2.486478,2.6945145,3.3330956,3.305468,2.4657626,2.0803626,2.0708556,1.966276,2.193889,2.519699,2.1563935,1.81567,3.302297,3.41778,1.7602773,2.5690222,2.602345,2.372807,2.3966084,2.1929152,2.2445397,2.276151,2.455799,2.2402556,2.100003,2.030643,2.0191488,2.0645494,2.0862908,1.7852271,1.9469458,1.998371,2.0696244,2.061233,2.208336,1.8791794,2.3533351
4,2.4672024,1.7737197,1.8925366,1.9240175,0.0,0.7111408,2.498821,0.85906136,2.2671258,1.9461399,2.2392309,2.1511347,3.1705062,3.1656003,2.1649976,3.369942,2.786287,2.8732526,2.971132,2.916569,2.3207688,2.3112164,2.7364442,2.9138904,2.704536,3.456875,3.1273067,3.6404157,3.558236,3.641604,4.106207,3.323217,4.158928,4.096204,4.252017,4.2665787,4.2316027,4.323195,4.080782,3.9755101,4.3957806,4.1193285,3.978571,3.9023368,4.094249,4.0929933,4.1563177,4.083983,4.3913116,4.37206,4.396964,4.273677,3.230512,3.0125918,4.3551865,4.9858656,3.3349042,4.1912646,4.019555,4.058948,4.0864487,4.1702356,4.02674,5.385923,3.7176344,3.66945,4.1250925,4.077532,3.77855,3.2757688,3.8775485,3.3561487,3.7111938,3.3812,3.5121405,3.503339,3.266679,3.0123947,3.4935896,3.6581354,3.8885963,4.0443006,5.1079726,4.649522,4.3896103,4.205493,3.9273672,4.309962,3.387574,3.380736,2.5508158,2.754687,3.6272688,3.8686295,3.9293742,3.2542548,3.2460847,3.24484,3.1041427,3.361955,3.518928,3.2122035,3.0691085,3.1557977,4.0201454,2.6859362,3.168413,3.0139549,2.7872522,2.6948752,2.721296,2.6604095,3.318762,3.326899,3.6443706,3.0848453,3.135635,3.0761714,3.0608442,3.0930495,2.438255,2.4608366,1.954542,2.519006,2.5792768,2.7167125,2.3009775,2.6494021
5,2.3071184,1.6278381,1.662994,1.6591226,0.7111408,0.0,2.3217301,0.5420348,2.1467328,1.7720863,2.2052643,2.059857,3.052094,3.0696812,2.0141342,3.0656645,2.6884222,2.7725866,2.8792896,2.8076239,2.3624747,2.3280203,2.6456778,2.8176973,2.6382375,3.3040063,3.0459452,3.6083639,3.5199785,3.5479367,4.0774083,3.2911067,4.0554323,4.098994,4.1403203,4.1715384,4.154132,4.257349,4.065149,3.9526138,4.3527207,4.092853,3.996941,3.8087788,4.130194,4.130336,4.2122235,4.1451387,4.3861613,4.3622136,4.4301963,4.333175,3.2084682,2.966665,4.373876,4.78434,3.0876966,4.0443006,3.9792032,4.0074606,3.992961,4.072606,3.9321914,5.19621,3.5974104,3.6037958,4.2610545,4.2298064,3.5610247,3.068183,3.6352048,3.111733,3.5053005,3.2155786,3.2691832,3.27099,3.0832427,2.854228,3.2849085,3.4545476,3.828826,3.9859545,5.040673,4.6947336,4.3401427,4.1569242,3.845815,4.2801743,3.05599,3.0496223,2.2978613,2.551533,3.368015,3.6583757,3.7580774,3.0795734,3.1537695,3.1501083,2.9971685,3.2064507,3.4140785,3.0802147,2.9732642,2.9430604,3.9499075,2.5947247,3.0403428,2.9308069,2.6789026,2.6449924,2.6686401,2.6139655,3.2054906,3.2868042,3.3902478,3.039472,3.0399888,2.9984102,3.0053353,3.0265644,2.300745,2.3009684,1.7654215,2.361508,2.4012592,2.5661223,2.17849,2.542639
6,2.927086,2.5641463,2.617764,2.562528,2.498821,2.3217301,0.0,2.216885,2.8034194,2.573871,3.1692557,3.0098388,3.5468268,3.4990919,2.8001034,3.701352,2.7691858,2.727956,2.9363587,2.8254423,2.4158802,2.400796,2.495327,2.6341298,2.754747,3.4286194,3.2087836,3.7637017,3.5638182,3.6331084,4.135505,3.2705495,3.3017137,3.2517998,3.437549,3.4539607,3.3828216,3.4320278,3.2903955,3.1202145,3.4238539,3.2957964,3.2064297,2.86834,3.3384776,3.4152176,3.456042,3.3950076,3.5472786,3.5333078,3.5927203,3.5242913,3.9874845,3.5301993,3.6018348,4.0527315,3.807562,3.2415013,3.2792952,3.292549,3.213221,3.3029604,3.1218164,4.5265975,3.914877,4.1716547,4.8053665,4.7452254,3.1134503,2.9619346,4.043133,3.3986359,3.8380003,3.5256493,3.968209,3.9142098,3.6236184,3.5258896,3.760873,3.986219,4.259301,4.4293256,5.4586306,5.198438,4.3739185,4.188494,4.1744742,4.3447657,3.5541418,3.5490673,3.2082858,3.389335,3.9455168,4.1757627,4.1759806,3.5587738,3.4054744,3.3989844,3.4113998,3.9886072,3.602527,3.4813354,3.3213575,3.2200282,4.485895,3.0966086,3.459115,3.4873722,2.9957047,2.9978607,3.0453408,3.0268264,2.9971418,3.3316798,3.7784858,3.473216,3.5351942,3.5273037,3.529054,3.5361607,2.9489594,3.000261,2.766674,3.0416198,2.9451191,2.960783,2.8455403,3.144426
7,1.962114,1.3234677,1.3966821,1.368636,0.85906136,0.5420348,2.216885,0.0,1.9492841,1.4717028,2.1452107,1.8720636,2.8999522,2.8740692,1.735037,2.9501204,2.357864,2.413054,2.595909,2.5147545,2.1513948,2.125315,2.3407464,2.473108,2.460808,3.145167,2.932665,3.4166007,3.302417,3.3254147,3.8648646,3.023853,3.9805596,3.9498208,4.0437083,4.0659585,4.0231466,4.1514783,3.8958075,3.813169,4.195588,3.9854486,3.8771458,3.7031715,4.0131826,4.0307894,4.100858,4.060631,4.158518,4.11621,4.1942973,4.129555,2.941052,2.6384087,4.1834908,4.609704,2.88161,3.9193172,3.8351548,3.8675056,3.882355,3.9818916,3.740704,4.9923105,3.3763282,3.4009895,4.0753984,4.029317,3.352613,2.8379712,3.4490514,2.8960366,3.2881458,2.9684625,3.1965315,3.1542077,2.8802066,2.7466576,2.958616,3.2857692,3.6300814,3.7934391,4.929071,4.5075607,4.1525626,3.9722803,3.5835998,4.068275,2.921293,2.9091935,2.1230829,2.4056544,3.2110255,3.5655236,3.59073,2.7901726,2.8667223,2.8577344,2.6779203,2.936429,3.117264,2.7921052,2.6405814,2.8040378,3.7109451,2.2572682,2.7623367,2.636575,2.516259,2.4528852,2.538163,2.4808123,2.8470564,2.8928802,3.1264071,2.7506058,2.7625508,2.7263982,2.73848,2.7748847,2.010452,2.0492523,1.7321804,2.1090314,2.0915928,2.2327151,1.8356214,2.2718785
8,1.9155514,1.6511643,1.5764992,1.621593,2.2671258,2.1467328,2.8034194,1.9492841,0.0,1.2359499,1.2213495,1.7068459,2.9829934,3.0100548,0.7969047,2.7706225,2.403413,2.430235,2.4021494,2.3908422,2.7185404,2.6803455,2.3933945,2.516781,2.7504976,3.3424385,2.8372207,3.173516,3.2451966,3.2129016,3.4567719,2.6554732,3.9202802,3.6376457,4.026071,3.9977822,3.6599853,4.038362,4.2367864,3.8588858,4.214329,3.8940039,3.5276859,3.2833853,3.7321174,3.5882173,3.71524,3.7542658,3.6322227,3.5805206,3.751679,3.5561862,2.2384064,2.3146365,3.7872345,4.1812553,2.328446,3.4907625,3.8191402,3.8744504,3.7614985,3.8559136,3.728176,5.2119536,3.6773036,3.7556276,4.635705,4.5857987,3.7252903,3.4839883,3.6818287,3.550462,3.6120868,3.4880116,3.6550496,3.659886,3.2444277,3.4748416,3.528333,4.0377374,3.4166312,3.8426237,4.693699,4.3655043,3.7634625,3.7334259,3.3606575,3.8590863,2.966249,2.9335055,2.3847272,2.590405,2.9524398,3.2887247,3.0717857,2.6725214,2.178048,2.1547256,1.9395217,2.49009,2.1445026,1.7257311,1.5621605,2.9026403,3.3288534,2.311312,2.5788612,2.676983,2.2637274,2.304452,2.083469,1.9608841,2.4649796,2.4571002,2.591761,2.2458699,2.2269537,2.1770537,2.1524074,2.2489228,1.8633459,1.9312868,2.2696843,1.9897538,2.1470134,1.861872,1.9188167,1.7672817
9,1.4465443,1.1232,1.0932108,1.0684904,1.9461399,1.7720863,2.573871,1.4717028,1.2359499,0.0,1.8330116,1.3508494,3.1352615,3.1413891,1.1945502,2.7354152,2.0434153,2.1846662,2.1613863,2.1199467,2.3486507,2.306996,2.046711,2.1519532,2.4996793,3.157383,2.5678177,2.928107,3.0336154,2.9713964,3.251064,2.3617518,3.8328087,3.5929098,3.8818555,3.8380823,3.8609374,3.9571145,3.8713021,3.7587788,4.2897544,3.9130883,3.796614,3.4069188,3.890701,3.849079,3.9521239,3.9212267,3.8319132,3.7622368,3.8398418,3.826303,2.311548,2.080611,3.8908021,4.285337,2.5397623,3.6998966,3.6523268,3.7244666,3.739959,3.8037038,3.511072,5.0878005,2.9456592,3.0339222,3.9831908,3.9321702,2.9692914,2.6774662,2.8704658,2.7213712,2.8410892,2.6806571,2.8107638,2.7913074,2.352504,2.6257446,2.6911294,3.2558541,3.4754288,3.567253,4.7771525,4.239993,3.6315455,3.5640705,3.4088833,3.736637,2.872927,2.850609,2.3044548,2.5247846,2.6479976,3.2930355,3.17194,2.2113514,2.1646972,2.1509385,2.1428084,2.3384674,2.5996935,2.25851,1.6314948,2.9115348,3.3333292,1.928708,2.363664,2.435845,2.4263637,2.439376,2.3511646,2.2484722,2.282399,2.3523839,2.5946574,2.3488936,2.3038664,2.268368,2.271992,2.3350239,1.6124324,1.6986053,2.1626174,1.7501308,1.8749428,1.933047,1.7682502,2.0935845
10,2.3752313,2.070926,2.0342133,2.0858593,2.2392309,2.2052643,3.1692557,2.1452107,1.2213495,1.8330116,0.0,1.3030835,2.981976,3.1480362,1.4413639,2.9869614,2.8469489,2.9053445,2.7093143,2.7567832,3.0211146,2.9984245,2.8601446,2.9774663,2.9519298,3.573201,3.1031356,3.4207358,3.4915085,3.5619745,3.7508383,3.053005,4.4244328,4.1119213,4.4290915,4.4128795,4.1499333,4.4507775,4.6281433,4.2217493,4.603339,4.3307347,3.790707,3.7104807,3.9807377,3.8501909,4.016952,3.9959362,4.029068,4.019624,4.1234803,3.915901,2.4794998,2.7357225,4.1195726,4.3877215,2.7667377,3.947918,4.265203,4.3245645,4.2126865,4.304736,4.2575326,5.5968046,3.9209282,3.9065115,4.8821664,4.8295784,4.1563416,3.9572976,4.09905,3.91948,3.9982717,3.7968874,3.929566,4.1089845,3.5707264,3.7705743,3.9594846,4.363903,2.9564722,3.4178388,4.248674,4.0390377,3.6213515,3.502439,3.1298332,3.6313446,3.2967021,3.2717016,2.7018204,2.8778594,3.1985857,3.4770393,3.2735977,3.0098858,2.607179,2.592487,2.5065355,2.9622505,2.562283,2.1871636,2.2568731,3.149096,3.4541879,2.7190719,2.8685172,2.908805,2.6075335,2.637517,2.370017,2.2139342,3.1801953,3.0474076,3.0086455,2.7079995,2.6256826,2.5830226,2.5545337,2.6383011,2.2685797,2.2558901,2.4623208,2.2930496,2.51494,2.2881653,2.2217546,2.1000466
11,1.8488332,1.7072297,1.6559479,1.6412921,2.1511347,2.059857,3.0098388,1.8720636,1.7068459,1.3508494,1.3030835,0.0,3.0132844,3.148159,1.7162333,3.1320825,2.4398923,2.599887,2.3937595,2.41174,2.7668662,2.7528863,2.5064166,2.5453374,2.666752,3.315714,2.815316,3.1143034,3.2094307,3.2748818,3.5276084,2.7963274,4.365617,4.0411434,4.331209,4.303956,4.298383,4.353743,4.2578692,4.1054263,4.6152205,4.2955413,3.9921496,3.79839,4.074239,4.0397415,4.210283,4.129909,4.1161375,4.086652,4.0895452,4.1024203,2.5026023,2.4784331,4.144071,4.2823863,2.950549,4.0852566,4.081538,4.150585,4.1674356,4.2400246,4.0202675,5.5129585,3.308403,3.2954247,4.407658,4.344314,3.4937296,3.3281507,3.3727584,3.2146046,3.3718522,3.100622,3.2141106,3.410374,2.835798,3.1689184,3.2563012,3.634841,2.9324727,3.0045784,4.27573,3.856831,3.403332,3.2387204,3.0734005,3.4801722,3.3150518,3.2974188,2.7898505,2.9656644,2.9062185,3.542073,3.35212,2.5788417,2.494289,2.4807673,2.5285356,2.7703393,2.7664506,2.45086,2.142976,3.210905,3.2690709,2.2643979,2.5384552,2.559645,2.698932,2.7254274,2.6013484,2.4635491,2.8866596,2.7815802,2.730286,2.59003,2.497175,2.4924214,2.4883544,2.561556,1.9606031,1.9640446,2.4808748,1.9856231,2.2308881,2.2586966,1.9794723,2.2850218
12,3.0560794,3.0864701,2.875378,2.809113,3.1705062,3.052094,3.5468268,2.8999522,2.9829934,3.1352615,2.981976,3.0132844,0.0,0.7568413,2.9776495,3.6917942,3.3655872,3.3705068,3.59147,3.401734,3.7216327,3.7177236,3.3123412,3.3155444,3.0306642,3.5386913,3.240329,4.193332,4.0053787,3.9963078,5.107936,4.499285,4.9102845,4.555665,4.6184344,4.567614,4.385051,4.719215,4.837017,4.544146,4.2348456,4.115065,4.104982,4.4022307,4.394727,4.2973323,4.3497386,4.41412,4.950961,4.9487915,5.058163,4.8552346,4.1838856,4.1653,5.1180434,5.420397,3.4719002,4.490426,4.516106,4.4980006,4.413589,4.5052147,4.4359674,5.2073717,5.153627,5.1496725,5.1129065,5.0818954,4.1832247,4.1593833,4.300741,4.0040245,4.4882836,4.0694394,3.8374846,4.0130334,4.1109805,4.1734204,4.157003,3.3583975,3.5057821,3.8419082,4.6986766,4.4424596,4.032352,3.8896022,3.5268323,5.124644,3.7418644,3.7270179,3.2517185,3.3668413,3.6872876,3.9609332,3.7845259,3.5489204,4.0549617,4.0271044,3.0514765,3.523677,3.101803,2.852415,3.1825132,3.7976878,4.1919436,2.9697654,3.5618181,3.535204,3.436629,3.2870367,3.489267,3.4513142,3.4503539,3.4790063,3.022955,2.7169847,3.0422065,3.0608974,3.099113,3.1373816,2.9110463,2.9417431,3.0834787,2.9817903,2.9748611,2.9188294,2.7712333,2.9374163
13,2.9900184,3.082894,2.861481,2.789977,3.1656003,3.0696812,3.4990919,2.8740692,3.0100548,3.1413891,3.1480362,3.148159,0.7568413,0.0,3.0133185,3.760893,3.344647,3.3347354,3.6237273,3.4087303,3.6186342,3.6518908,3.2986035,3.277704,3.0603046,3.6907065,3.2623644,4.2575064,4.0110307,4.076972,5.131801,4.436365,4.9331155,4.6456227,4.7308497,4.68227,4.445413,4.817357,4.9040675,4.612213,4.20501,4.0756936,4.0470715,4.4058537,4.414744,4.3208194,4.3619866,4.4408817,4.8778734,4.8695436,4.97091,4.7793336,4.1811523,4.136244,5.094841,5.39933,3.639546,4.609788,4.6251955,4.594628,4.5159745,4.615323,4.49339,5.3195777,5.1787324,5.1761513,5.207686,5.153277,4.2046247,4.154272,4.3115635,4.0515814,4.580434,4.105795,3.9900846,3.9447646,4.188347,4.1923604,4.1435456,3.3305118,3.81025,4.1313224,5.0680113,4.7193704,4.3055434,4.184836,3.7677002,5.326516,3.774249,3.759327,3.2710156,3.3916125,3.8760052,4.157835,3.86219,3.4512315,4.059608,4.034129,3.037761,3.4895122,3.1031733,2.8551586,3.1997259,3.7984385,4.19696,2.9266968,3.5937228,3.5370584,3.3814893,3.2269254,3.4546328,3.418699,3.3320484,3.1867836,2.9620297,2.6660264,2.9998271,3.0228014,3.0548089,3.099192,2.9135807,2.9267097,3.1062818,2.9638374,2.94891,2.8647077,2.7641654,2.9150488
14,1.6449946,1.2610968,1.3391068,1.3817712,2.1649976,2.0141342,2.8001034,1.735037,0.7969047,1.1945502,1.4413639,1.7162333,2.9776495,3.0133185,0.0,2.2341619,2.2007568,2.1846418,2.2874858,2.300341,2.5065851,2.4629312,2.1804113,2.3185394,2.6326272,3.1927764,2.8768232,3.055251,3.1016622,3.0667913,3.3025064,2.4861,4.0660114,3.7743037,4.001142,3.973266,3.7382307,4.129449,4.1782804,3.857487,4.271215,4.015357,3.623482,3.410658,3.8208842,3.7513578,3.835439,3.8778162,3.6507676,3.588395,3.7281673,3.6171863,2.0565653,2.017323,3.7981024,4.2141423,2.1455717,3.4998076,3.785036,3.8502562,3.7813418,3.8992186,3.716945,4.880246,3.2572887,3.3510277,4.2570367,4.202574,3.5656102,3.2284253,3.5112123,3.2415707,3.2775862,3.1470609,3.4828656,3.5317068,2.9872506,3.2590706,3.1307335,3.8565533,3.1394424,3.589278,4.533724,4.1543136,3.6483727,3.581543,2.981921,3.4838026,2.7146504,2.6812272,1.9645213,2.245681,2.7199156,3.0779295,2.9035754,2.4269104,1.897151,1.871293,1.754739,2.2742844,2.0447485,1.625274,1.529426,2.9832146,3.2321403,2.0987644,2.4541118,2.4931242,2.209289,2.2120194,1.971308,1.8983855,2.3646603,2.3791692,2.587543,2.2474852,2.1142752,2.057544,2.0748277,2.1448066,1.7916187,1.9190661,2.158776,2.0027854,2.0836902,1.8212442,1.7074642,1.7194878
15,2.9359508,2.6472619,2.7377958,2.738539,3.369942,3.0656645,3.701352,2.9501204,2.7706225,2.7354152,2.9869614,3.1320825,3.6917942,3.760893,2.2341619,0.0,3.4285634,3.4155633,3.4516947,3.472382,3.5305574,3.4942634,3.3057106,3.463684,3.586681,4.063852,3.6625538,3.9520905,3.9757702,3.9543066,4.130665,3.4567032,4.917616,4.7174864,4.323936,4.260057,4.513403,4.8322134,4.9689107,4.6082783,4.9968414,4.756563,4.3407497,4.11307,4.6266966,4.6297393,4.608886,4.633638,4.498911,4.4793544,4.615931,4.429883,3.2179835,3.2327397,4.633109,4.971447,3.0904384,4.263213,4.577091,4.6361585,4.4935994,4.5770435,4.496464,4.6349244,3.403642,3.5130055,4.37732,4.344946,3.7232628,3.4535806,3.6302164,3.402954,3.379916,3.3133674,3.5217748,3.604205,3.180943,3.421351,3.353557,3.9692643,3.3254945,3.69598,4.5917945,4.2982097,3.8017423,3.710284,3.223197,3.6440728,2.8071616,2.7966282,2.2691557,2.4916174,2.8399274,3.1323082,2.9894779,2.667703,3.0367417,3.0344667,3.0109098,3.161046,3.175962,2.8718379,2.959887,3.8544393,4.1650534,3.224714,3.4771404,3.5410054,3.3050926,3.313729,3.033938,2.9882846,3.4377077,3.4696827,3.5837033,3.5936334,3.2747602,3.2175817,3.2933528,3.2471004,3.0339456,3.0384688,3.1001806,3.1070676,3.134356,3.024095,2.9703717,3.0112014
16,2.2742386,2.1488612,2.1211777,2.024238,2.786287,2.6884222,2.7691858,2.357864,2.403413,2.0434153,2.8469489,2.4398923,3.3655872,3.344647,2.2007568,3.4285634,0.0,0.46331424,0.7907203,0.6576525,1.4596056,1.3728095,0.6845142,0.44549224,1.3583155,1.7869428,1.7414896,1.7042819,1.8065935,1.7198355,2.527441,1.9379743,4.5713735,3.81655,4.0386825,4.026829,3.8904738,4.1454973,3.792842,3.8373086,4.2490153,3.9632688,3.9832819,3.7820446,3.950235,3.947071,4.092375,4.067036,3.8181837,3.7384338,3.7451127,3.939996,2.3865812,2.0701163,3.874193,4.167827,2.7016606,3.6693468,3.5083122,3.5640998,3.772326,3.8748298,3.5132432,4.9326296,2.713398,2.7904577,3.930132,3.8768098,2.8310354,2.9968975,3.214193,2.2810109,2.5251188,2.2879982,3.065155,3.064007,2.6486003,2.9833856,2.6633189,3.159506,3.3389432,3.4253757,4.468293,4.00244,3.6629958,3.607072,2.9590943,3.710525,3.0906417,3.072978,2.4273145,2.4691536,2.5773737,3.0130002,2.8348825,2.3049984,2.2687216,2.2228792,2.061268,2.5341897,2.114266,2.2440033,2.0464747,3.2966952,2.9483955,1.3035953,2.1794512,2.1026745,1.8665286,1.8198258,2.1375332,2.0946023,1.8929459,1.9829841,2.427354,2.1931353,2.1163094,2.160324,2.2284358,2.3142924,1.7240409,1.9346582,2.3020554,2.0024483,2.3417065,2.0733159,1.744092,2.165987
17,2.351768,2.2300687,2.2459745,2.1508315,2.8732526,2.7725866,2.727956,2.413054,2.430235,2.1846662,2.9053445,2.599887,3.3705068,3.3347354,2.1846418,3.4155633,0.46331424,0.0,0.9028819,0.80571306,1.5284648,1.4483466,0.77831465,0.6017543,1.4863117,1.9251109,2.0568516,2.0158355,1.9998326,1.9197617,2.6899555,1.9877987,4.6187544,3.8890765,4.1114464,4.113558,3.8951545,4.210544,3.8703408,3.862147,4.224084,4.0572596,4.0088825,3.8363097,4.0040636,4.0124044,4.135315,4.1412954,3.804849,3.716505,3.774861,3.9183154,2.4120858,2.1231418,3.907625,4.2118616,2.6073484,3.6818838,3.624046,3.6755795,3.831219,3.9609733,3.56876,4.8309965,2.8744473,2.977946,4.051662,3.9960632,3.0210319,3.1099837,3.4817038,2.4943562,2.7198977,2.4829118,3.4013174,3.385502,2.8929336,3.2154088,2.7600048,3.4001055,3.305525,3.5050802,4.489447,4.0764613,3.8006325,3.7211673,2.8890579,3.6976385,3.0580733,3.0355747,2.4188185,2.4941432,2.795643,3.1483023,2.948843,2.4660685,2.282144,2.2350936,2.054976,2.5516145,2.062358,2.2166512,2.123589,3.2265968,3.090958,1.4841533,2.3301,2.2260783,1.9620153,1.8783038,2.2184284,2.1825783,1.9451196,1.990234,2.575375,2.2811687,2.2248476,2.2550054,2.3212326,2.4143572,1.8675592,2.07531,2.40777,2.13517,2.331194,1.9957638,1.7551994,2.1179323
18,2.6542332,2.5134654,2.5022538,2.4180336,2.971132,2.8792896,2.9363587,2.595909,2.4021494,2.1613863,2.7093143,2.3937595,3.59147,3.6237273,2.2874858,3.4516947,0.7907203,0.9028819,0.0,0.32919258,1.7267678,1.632718,1.1734884,0.96244025,1.6047267,1.9474844,1.8703573,1.6967596,1.8440093,1.77222,2.3994331,1.8781527,4.704731,3.8848424,4.0921154,4.089831,3.9920878,4.200186,3.9344394,3.9224946,4.409421,4.1708136,4.0833707,3.8372698,4.029153,4.006622,4.166554,4.132545,3.7901638,3.7245681,3.80927,3.8532064,2.1583624,2.085132,3.8371127,4.1117134,2.7366185,3.7799869,3.7095,3.7721841,3.9419355,4.0443306,3.678962,5.0718985,2.6916022,2.7115495,4.0390224,3.9923015,2.9307353,3.1746616,3.3609016,2.430915,2.591119,2.406473,3.244636,3.2662594,2.6863465,3.0847712,2.8525226,3.4560843,2.9909086,3.075011,4.001567,3.6260703,3.4126508,3.3423915,2.729753,3.3915582,3.0915194,3.07461,2.5262694,2.5228286,2.5557017,2.9233406,2.6392732,2.2600758,2.3812099,2.3367386,2.2815783,2.7355704,2.1443372,2.3192766,2.1426356,3.0832345,2.8726552,1.6484549,2.133921,2.074274,1.9003048,1.8688418,2.239333,2.0819993,2.1431587,2.0932145,2.6728425,2.475928,2.3498123,2.3789,2.4227507,2.5240905,1.762315,1.8702666,2.4347348,1.8847426,2.3223503,1.9329003,1.7971449,2.0317385
19,2.5875332,2.473028,2.4227319,2.3247561,2.916569,2.8076239,2.8254423,2.5147545,2.3908422,2.1199467,2.7567832,2.41174,3.401734,3.4087303,2.300341,3.472382,0.6576525,0.80571306,0.32919258,0.0,1.681292,1.5941559,1.0662631,0.79129505,1.4676228,1.8622987,1.7162075,1.7561405,1.8518485,1.7653092,2.558376,2.0003672,4.599666,3.8329148,4.03081,4.02692,3.9214318,4.134132,3.8745015,3.8706822,4.2890434,4.0362844,4.0151324,3.7933164,3.9814467,3.9537807,4.110283,4.0820904,3.8119283,3.7452679,3.833371,3.8777406,2.3401895,2.221206,3.8707979,4.142255,2.766191,3.7569375,3.6518538,3.7020974,3.8713546,3.9704404,3.597626,5.0286245,2.838515,2.8578882,4.0801764,4.0348434,2.8523586,3.1218514,3.3054478,2.3676074,2.62264,2.3971267,3.1413534,3.1218514,2.6895673,3.043647,2.8224304,3.2670493,3.1001153,3.1693394,4.1324277,3.7451355,3.4630768,3.3986723,2.8344243,3.6072958,3.0930545,3.076191,2.4989514,2.510546,2.5779989,2.9674144,2.679699,2.2266052,2.4868395,2.4431913,2.2668653,2.7257147,2.1496258,2.3046312,2.137775,3.0674524,2.9302466,1.5572138,2.1477082,2.0881867,1.9020932,1.8601958,2.275019,2.1299288,2.0433583,2.0147443,2.5578651,2.377174,2.3035152,2.34253,2.390905,2.4922817,1.7130626,1.8185467,2.3855233,1.8339661,2.2586231,1.8864928,1.760414,2.0269196
20,2.7629993,2.3043735,2.349816,2.2760713,2.3207688,2.3624747,2.4158802,2.1513948,2.7185404,2.3486507,3.0211146,2.7668662,3.7216327,3.6186342,2.5065851,3.5305574,1.4596056,1.5284648,1.7267678,1.681292,0.0,0.23863384,1.426348,1.566095,1.8314749,2.5488427,2.1417727,2.1951468,2.176354,2.3462336,2.687221,1.9576129,4.7494154,4.100796,4.336499,4.301807,4.2350807,4.5164,4.135232,4.1465235,4.4321485,4.1620245,4.009791,3.8701074,4.075416,4.0662866,4.1832814,4.1318684,3.9778652,3.9040003,3.8569307,4.1021843,2.7839146,2.4779778,4.0384855,4.4974627,3.278174,4.018224,3.8528843,3.9111762,4.1223373,4.19875,3.9316185,5.1749744,2.815818,2.9565182,4.050846,3.976206,2.9664783,3.0756335,3.5155234,2.6984177,2.920503,2.543506,3.447933,3.3482316,3.0037313,2.7710786,2.9635181,3.5213292,3.7648656,3.8288958,4.960712,4.3908734,4.0137167,3.9520643,3.4426534,3.9328494,2.9528255,2.9449356,2.3059924,2.3776517,3.1213334,3.2545714,3.241572,2.5484369,2.7713537,2.7478597,2.7513812,3.0603187,2.935221,2.9955688,2.790959,3.179706,3.4834192,2.0809705,2.688172,2.6289024,2.1257768,2.0181282,2.1941137,2.2001598,2.7254174,2.561654,3.2832837,2.97176,2.8868558,2.8925562,2.9306614,2.9776871,2.3433414,2.4952328,2.0508974,2.5713634,2.7746491,2.588445,2.3634796,2.782797
21,2.7648091,2.2793453,2.3267708,2.2529166,2.3112164,2.3280203,2.400796,2.125315,2.6803455,2.306996,2.9984245,2.7528863,3.7177236,3.6518908,2.4629312,3.4942634,1.3728095,1.4483466,1.632718,1.5941559,0.23863384,0.0,1.3512862,1.5019656,1.7768312,2.4163074,2.1008377,2.1128876,2.1268678,2.230583,2.6285295,1.9537287,4.6845326,4.0234394,4.245892,4.2158847,4.157056,4.432199,4.050537,4.075085,4.3996067,4.131635,4.0145316,3.8342137,4.049062,4.0394464,4.1575084,4.1067004,3.9653995,3.8898537,3.8616672,4.0946193,2.7503393,2.4340513,4.006987,4.4744444,3.1711106,3.9230459,3.7557893,3.817064,4.034252,4.1097736,3.845475,5.0921364,2.7560418,2.8990102,3.984241,3.9213765,2.9135745,3.0204515,3.4732702,2.6033635,2.812002,2.4793632,3.361244,3.310887,2.9280639,2.7180438,2.9066336,3.4921818,3.7200217,3.7858245,4.880085,4.337145,3.95785,3.8976505,3.393728,3.8723168,2.907106,2.898597,2.2375567,2.3087945,3.0200577,3.144374,3.1828067,2.5577173,2.7388008,2.7129729,2.7153525,3.044388,2.9022093,2.9646192,2.7479002,3.1361737,3.4574296,2.0454369,2.6317742,2.5798473,2.0888412,1.9864331,2.1839676,2.1878748,2.6899796,2.6183543,3.264587,2.951667,2.8670473,2.8719406,2.9133544,2.9601524,2.2901378,2.4528656,1.9916835,2.5305889,2.7389567,2.5554423,2.318927,2.739688
22,2.0928812,1.9841033,1.9728029,1.8993703,2.7364442,2.6456778,2.495327,2.3407464,2.3933945,2.046711,2.8601446,2.5064166,3.3123412,3.2986035,2.1804113,3.3057106,0.6845142,0.77831465,1.1734884,1.0662631,1.426348,1.3512862,0.0,0.6093665,1.0989441,1.8170574,1.642092,1.8990734,1.8180572,1.7921381,2.570759,1.8357179,4.380613,3.7067633,3.9008217,3.885462,3.791023,3.9931922,3.7486546,3.745971,4.0607557,3.8548574,3.7789629,3.5804937,3.790064,3.7992392,3.9196374,3.8872192,3.8381207,3.7838535,3.7340627,3.8701534,2.6271787,2.2658365,3.8574255,4.2472243,2.6930737,3.556701,3.3780532,3.4484987,3.612644,3.6882615,3.4421546,4.7214117,2.7386553,2.880504,3.8645458,3.8091147,2.75037,2.9302647,3.3495495,2.332292,2.563565,2.306281,3.113094,3.1482701,2.6967902,3.0393825,2.7114773,3.1903393,3.5291395,3.6410608,4.710661,4.2113767,3.7738605,3.7042081,3.202609,3.8670552,3.15687,3.143692,2.5589707,2.597523,2.6593156,3.1199868,2.972882,2.4632554,2.0715957,2.0443664,2.0478146,2.4415956,2.158359,2.2579439,2.010717,3.4548433,3.193873,1.4238371,2.4042358,2.3643777,1.9305735,1.8742722,1.9807144,2.0078697,1.8076601,2.066718,2.477688,2.1295404,2.058417,2.067729,2.1300635,2.1768827,1.8493136,2.0665047,2.3293824,2.160436,2.3361845,2.1662626,1.9140261,2.360249
23,2.2701101,2.232149,2.2120664,2.1154118,2.9138904,2.8176973,2.6341298,2.473108,2.516781,2.1519532,2.9774663,2.5453374,3.3155444,3.277704,2.3185394,3.463684,0.44549224,0.6017543,0.96244025,0.79129505,1.566095,1.5019656,0.6093665,0.0,1.3541864,1.748877,1.7741792,1.770833,1.734702,1.7002085,2.5786324,2.0634208,4.4174795,3.7541203,3.952945,3.9372873,3.8323119,4.0424023,3.687437,3.7564275,4.1156583,3.8628469,3.8670173,3.696306,3.8598,3.8761928,4.0044875,3.982085,3.75889,3.6920948,3.6756995,3.835247,2.6478136,2.286772,3.805803,4.135357,2.9304256,3.6238961,3.4108517,3.4640272,3.6994445,3.7983084,3.4419775,4.7939878,2.8135455,2.9204652,3.9078133,3.847361,2.7478716,2.9932,3.285581,2.3098788,2.635004,2.352539,3.0990355,3.074131,2.729884,3.1113048,2.7283673,3.13348,3.407407,3.467593,4.533035,4.0530934,3.6531212,3.588632,3.0363302,3.7850626,3.2339184,3.2194333,2.6190062,2.6822226,2.6891408,3.1417534,2.9015877,2.3365285,2.338601,2.297949,2.1797593,2.648086,2.1644678,2.3029177,2.1018622,3.431969,2.9905057,1.4369422,2.2056603,2.1384637,1.9546577,1.9022994,2.1841507,2.1467254,1.7724744,1.9334205,2.4433587,2.1915898,2.137264,2.1858468,2.2528992,2.3259685,1.8317829,2.0348103,2.4934297,2.095646,2.4176974,2.1360722,1.846417,2.2721455
24,2.4827769,2.3911605,2.2940297,2.2364066,2.704536,2.6382375,2.754747,2.460808,2.7504976,2.4996793,2.9519298,2.666752,3.0306642,3.0603046,2.6326272,3.586681,1.3583155,1.4863117,1.6047267,1.4676228,1.8314749,1.7768312,1.0989441,1.3541864,0.0,1.6072465,1.3265704,2.2650754,2.0288324,2.0769017,3.160122,2.4841287,4.656385,3.913156,3.9453845,3.970489,3.8994858,4.019739,3.8857818,3.8315995,3.9828408,3.8428872,3.8063607,3.7796576,3.8101692,3.8112872,3.947634,3.875086,4.227929,4.230876,4.16657,4.1395493,3.0280745,2.8129447,4.173251,4.5496664,2.8630583,3.8037863,3.5486953,3.592564,3.693439,3.7469966,3.6487784,4.85632,3.2247796,3.1922295,4.0420656,4.001056,3.0430274,3.2323759,3.6801522,2.447691,2.8604295,2.5165815,3.1721396,3.2413974,2.9278803,3.2103686,3.066779,2.9995942,3.528878,3.6231792,4.5784006,4.163489,3.9137506,3.7820628,3.3811116,4.263948,3.509234,3.5063486,2.8302867,2.7333786,2.8303006,3.2467403,3.0747154,2.8385298,2.5964012,2.5823267,2.347686,2.784075,2.3703141,2.4704936,2.4944909,3.6243632,3.4051664,1.5600281,2.7488031,2.6061907,2.0170293,1.9304912,2.1852124,2.1827803,2.1811507,2.4168427,2.5456226,2.124028,2.1196918,2.1195912,2.1695287,2.1943264,1.9584435,2.0552132,2.2618868,2.1449866,2.3546937,2.3144915,2.0056205,2.4260104
25,3.1676002,3.1066175,3.010767,2.951383,3.456875,3.3040063,3.4286194,3.145167,3.3424385,3.157383,3.573201,3.315714,3.5386913,3.6907065,3.1927764,4.063852,1.7869428,1.9251109,1.9474844,1.8622987,2.5488427,2.4163074,1.8170574,1.748877,1.6072465,0.0,2.1180315,1.9372293,1.6021535,1.3578278,2.9278893,3.231825,4.926645,4.3059926,4.261072,4.309517,4.2317166,4.3404493,4.0517454,4.2568693,4.417535,4.3287477,4.4073105,4.299273,4.3208413,4.3176227,4.4716883,4.433091,4.5537624,4.5582323,4.5318274,4.521081,3.3752148,3.1103854,4.4169164,4.6668787,3.2066896,3.9306495,3.6040936,3.6430671,4.0112615,4.056448,3.989605,4.833129,3.4366608,3.4537358,3.9487631,3.958063,3.2862325,3.634966,3.8633194,2.5439553,2.9821048,2.8222077,3.228923,3.4591818,3.2050035,3.6002991,3.28368,3.2606122,3.7653286,3.7569542,4.3115597,4.057332,3.9965556,3.9256585,3.4822998,4.422164,3.6843987,3.6882987,3.161064,3.085955,2.6992416,2.9075992,2.9046645,3.1655447,3.0937102,3.0578835,2.8147373,3.2283874,2.6523068,2.8329394,2.908123,3.927091,2.8920186,2.1274989,2.4117272,2.2868161,2.1120117,2.0750155,2.4726908,2.469377,2.530766,3.0315545,2.7090838,2.4804916,2.438859,2.4968545,2.5728908,2.5956914,2.3102973,2.479591,2.675812,2.5515356,3.0292869,2.8157098,2.413458,2.774566
26,2.8587892,2.7660975,2.5406513,2.4714308,3.1273067,3.0459452,3.2087836,2.932665,2.8372207,2.5678177,3.1031356,2.815316,3.240329,3.2623644,2.8768232,3.6625538,1.7414896,2.0568516,1.8703573,1.7162075,2.1417727,2.1008377,1.642092,1.7741792,1.3265704,2.1180315,0.0,1.9379206,2.1402748,2.130763,3.048117,2.5464046,4.823837,3.948434,4.0448227,3.9807312,4.04738,4.210993,4.226795,4.1449475,4.3276796,3.8068306,3.9282873,3.807689,3.9406068,3.8315003,4.0135703,3.9174898,4.343128,4.3322678,4.244997,4.343776,3.1681237,3.0765338,4.320551,4.6459613,3.2394466,3.9713764,3.6946247,3.739505,3.8740056,3.8589652,3.822134,5.349062,3.3573272,3.3284895,4.3197036,4.287094,2.8646362,3.3943017,3.2525811,2.5608294,2.838134,2.5782151,2.6883698,2.741061,2.8258572,2.999507,3.2853494,2.8340888,3.7847579,3.7257109,4.726809,4.2278953,3.6418881,3.6654832,3.6404607,4.512695,3.5458026,3.5441868,2.9475641,2.7987995,2.5364935,3.0100992,2.83426,2.5723255,2.9579878,2.9376168,2.6008735,2.9659061,2.602089,2.6935132,2.5207314,3.8547192,3.4676147,1.8762302,2.8509674,2.9009492,2.2672307,2.2712538,2.4017656,2.3669717,2.4705985,2.602333,2.5205476,2.4246397,2.3949304,2.430224,2.483113,2.5049865,2.2110226,2.2752755,2.500179,2.3571253,2.818366,2.7312102,2.559027,2.852626
27,3.2450683,3.1125336,3.049013,2.9970498,3.6404157,3.6083639,3.7637017,3.4166007,3.173516,2.928107,3.4207358,3.1143034,4.193332,4.2575064,3.055251,3.9520905,1.7042819,2.0158355,1.6967596,1.7561405,2.1951468,2.1128876,1.8990734,1.770833,2.2650754,1.9372293,1.9379206,0.0,1.2138613,1.2134577,1.6750458,2.4286015,5.288226,4.340795,4.5743394,4.501168,4.527968,4.7466,4.4253993,4.5911474,4.998917,4.525303,4.492223,4.2740827,4.4097314,4.336476,4.531605,4.4666753,4.213273,4.1692886,4.0377173,4.344782,2.6959097,2.5395331,4.1581273,4.4441915,3.521451,4.1184545,3.8365455,3.923833,4.3678417,4.3890367,4.2441325,5.5116534,2.751191,2.855577,3.8856704,3.845702,3.051554,3.6278102,3.2692535,2.701083,2.701858,2.6009731,3.0681202,3.227935,2.893705,3.2189689,3.2457035,3.583956,3.6874974,3.5371358,4.327706,3.7702596,3.4627528,3.5693812,3.2913296,3.8510747,3.4664097,3.4664857,3.069202,2.9656484,2.3426764,2.5648549,2.4809484,2.5108218,2.794214,2.7469351,2.763772,3.1134214,2.6337845,2.8713114,2.5962622,4.0060496,2.476288,2.1742835,2.1367626,2.2509117,2.0708728,2.1074347,2.2185836,2.1837027,2.687395,2.7717578,2.8621972,2.7969246,2.5884666,2.6582348,2.7211363,2.7659323,2.4108617,2.6227775,2.832688,2.696371,3.4015143,3.0667603,2.732643,3.0251987
28,3.1315074,3.1078162,3.0221994,2.9794662,3.558236,3.5199785,3.5638182,3.302417,3.2451966,3.0336154,3.4915085,3.2094307,4.0053787,4.0110307,3.1016622,3.9757702,1.8065935,1.9998326,1.8440093,1.8518485,2.176354,2.1268678,1.8180572,1.734702,2.0288324,1.6021535,2.1402748,1.2138613,0.0,0.78059995,1.6827233,2.4874704,5.125044,4.443189,4.5677032,4.549615,4.543632,4.683806,4.4269004,4.6290803,4.642163,4.566818,4.284641,4.204563,4.3176136,4.2773113,4.4392776,4.4118295,4.224276,4.222519,4.1141486,4.19987,2.8486512,2.6199007,4.1200495,4.427623,3.4741724,4.180287,3.852915,3.9284544,4.404767,4.4125266,4.319314,5.046728,2.8497145,2.9402418,3.8066823,3.7511423,3.032473,3.570952,3.6477156,2.6473405,2.8441932,2.577818,3.4098775,3.417703,3.0269704,3.3200364,3.0309336,3.5186718,3.7946773,3.6583672,4.440207,3.79594,3.6371915,3.6814845,3.479859,4.11723,3.479464,3.4866912,3.0713766,2.9699707,2.5126936,2.665655,2.4108748,2.4523559,2.6711824,2.640776,2.7207582,3.0547628,2.5331006,2.7550628,2.5883777,3.8060935,2.1591537,2.0945306,1.8483804,1.8611732,1.8262843,1.7769864,2.00867,1.984422,2.4035509,2.472208,2.6516297,2.5295322,2.3131113,2.3750234,2.4244115,2.4535062,2.2278142,2.4052005,2.656981,2.4755404,3.0338922,2.6989183,2.549122,2.8809001
29,3.1845818,3.1158102,3.0074544,2.9552155,3.641604,3.5479367,3.6331084,3.3254147,3.2129016,2.9713964,3.5619745,3.2748818,3.9963078,4.076972,3.0667913,3.9543066,1.7198355,1.9197617,1.77222,1.7653092,2.3462336,2.230583,1.7921381,1.7002085,2.0769017,1.3578278,2.130763,1.2134577,0.78059995,0.0,1.7599103,2.5497518,4.9593515,4.2523336,4.3581643,4.3431764,4.353017,4.50051,4.267159,4.500965,4.568309,4.4965954,4.3609014,4.1676273,4.316752,4.26539,4.4224963,4.414507,4.2606254,4.2338157,4.2030525,4.2974877,2.884441,2.619542,4.1393843,4.4579854,3.2007418,3.9895775,3.6493256,3.7278388,4.2106524,4.211232,4.0881095,4.833336,2.8416398,2.9274828,3.7838933,3.766255,2.9298437,3.4644005,3.5319247,2.4477403,2.5797844,2.4718404,3.1872573,3.3147483,2.8784144,3.2107882,2.8551586,3.422087,3.811239,3.6802046,4.404952,3.8045783,3.5383604,3.61666,3.4664977,4.1173944,3.4385939,3.4392495,2.9413998,2.8522954,2.2663975,2.4461663,2.3776417,2.516704,2.7211616,2.6823199,2.6731095,3.0705175,2.5424464,2.7489772,2.4990368,3.752076,2.3529992,2.075887,1.8662066,1.941521,2.0335674,1.9932654,2.3057234,2.2834964,2.3505206,2.6832194,2.626879,2.5659363,2.3930912,2.457552,2.5222008,2.5597875,2.2055109,2.4144273,2.6621788,2.4848506,2.9733431,2.671277,2.569077,2.8967526
30,3.5822656,3.4516802,3.4356918,3.4243262,4.106207,4.0774083,4.135505,3.8648646,3.4567719,3.251064,3.7508383,3.5276084,5.107936,5.131801,3.3025064,4.130665,2.527441,2.6899555,2.3994331,2.558376,2.687221,2.6285295,2.570759,2.5786324,3.160122,2.9278893,3.048117,1.6750458,1.6827233,1.7599103,0.0,2.057981,5.4022546,4.6788735,4.9475613,4.89744,4.92798,5.1040845,4.9017735,5.0693717,5.296868,5.1721177,4.710267,4.382099,4.697475,4.6357083,4.809818,4.7855854,4.212216,4.1631584,4.0579896,4.327093,2.6255324,2.4341152,4.111455,4.36683,3.7092998,4.4033704,4.2470064,4.3689466,4.8282146,4.815099,4.6893034,5.446939,2.4020963,2.6416304,4.188695,4.1269393,3.4030035,3.8713567,3.8388603,3.235576,2.9419684,2.950499,3.9521368,3.9923031,3.2366712,3.512212,3.2657206,4.502874,4.2300577,4.0934415,4.888424,4.16037,3.7834582,3.9395351,3.883982,3.7977724,3.6673872,3.6654158,3.358413,3.297068,2.7616343,2.8761065,2.7642424,2.7007363,2.5540984,2.5281396,3.1526237,3.407382,3.0863502,3.262362,2.8015723,4.0966563,2.579069,2.8851895,2.3433285,2.551964,2.5777438,2.6331663,2.53101,2.5142078,3.03133,3.0434105,3.3694458,3.4155633,3.0541472,3.0880065,3.1180677,3.1519444,2.9082732,3.0927756,3.247038,3.158412,3.5974312,3.268256,3.302389,3.5224595
31,2.7394698,2.551945,2.560545,2.5365214,3.323217,3.2911067,3.2705495,3.023853,2.6554732,2.3617518,3.053005,2.7963274,4.499285,4.436365,2.4861,3.4567032,1.9379743,1.9877987,1.8781527,2.0003672,1.9576129,1.9537287,1.8357179,2.0634208,2.4841287,3.231825,2.5464046,2.4286015,2.4874704,2.5497518,2.057981,0.0,4.8685203,4.098189,4.403281,4.36522,4.3169656,4.5545564,4.4945283,4.3738546,4.667903,4.5614905,4.076292,3.7314618,4.124852,4.0928965,4.2367506,4.206435,3.7896662,3.7017741,3.6702695,3.9208665,2.2035747,2.0131378,3.8439028,4.133834,2.962865,4.0276527,4.05825,4.164638,4.261876,4.294218,4.0330257,5.185197,2.2560725,2.430881,4.4772205,4.3901086,3.1627383,3.306977,3.6767237,3.0005512,2.7301657,2.622263,3.8819838,3.795849,2.9440584,3.1409516,2.882626,4.2008886,3.8931837,3.9779165,5.1456547,4.461219,3.858998,3.887027,3.644764,3.5931828,3.3704894,3.349328,2.7936335,2.7878094,2.970079,3.3824203,3.1616676,2.450728,1.8581063,1.8549517,2.5407317,2.8654203,2.702622,2.7728798,2.280247,3.571062,3.5250745,2.31754,2.8802724,2.9689105,2.5914106,2.611085,2.4911098,2.4733512,2.545156,2.368722,3.1272707,3.0837977,2.7798765,2.7644,2.78532,2.8390539,2.523354,2.6393085,2.828191,2.708611,2.7011337,2.5446754,2.7617872,2.996842
