,0,1,2,3,4,5,6,7,8,9,10,11,12,13,14,15,16,17,18,19,20,21,22,23,24,25,26,27,28,29,30,31,32,33,34,35,36,37,38,39,40,41,42,43,44,45,46,47,48,49,50,51,52,53,54,55,56,57,58,59,60,61,62,63,64,65,66,67,68,69,70,71,72,73,74,75,76,77,78,79,80,81,82,83,84,85,86,87,88,89,90,91,92,93,94,95,96,97,98,99,100,101,102,103,104,105,106,107,108,109,110,111,112,113,114,115,116,117,118,119,120,121,122,123,124,125,126,127
0,0.0,1.6661985,2.3947427,2.1345265,2.0363872,1.7622827,2.306284,1.854386,3.503444,3.5560687,3.4149203,3.297643,2.5952046,3.2913802,2.4765594,2.3149135,2.7371578,2.5714524,3.1873093,2.844281,3.3914337,3.3867998,3.374983,3.0251894,1.9789898,1.668462,2.200721,3.3418467,2.462441,2.465869,2.781009,2.9579165,2.9858475,2.8750062,3.1828842,3.1379507,2.8511176,3.0458238,3.1830924,3.5878568,2.858649,2.8702562,2.7900047,2.8782904,3.241251,3.0254178,2.7053878,2.478444,2.1855738,2.3975449,2.5905712,2.609262,2.1881044,2.3128152,2.1976073,2.3376062,2.4289641,2.603957,2.5203378,2.883811,3.1063995,2.5966856,2.433307,2.4621367,4.095633,4.1855693,3.0683756,4.0290933,3.2030094,4.1974325,3.0755243,3.1975474,2.8282113,2.763569,3.198177,2.928996,3.566706,3.2458851,3.348878,3.3213913,2.8879652,2.8010328,2.9911048,3.0149064,3.077309,2.9468524,3.1976843,3.1679826,4.7135696,4.8878875,3.7616897,3.7208135,4.1518207,3.8725286,3.408523,3.7756243,2.4225688,2.6395464,2.4992561,2.279138,3.267917,2.5280797,2.7073808,2.4820602,3.5247653,3.3515751,3.4217577,3.793247,3.3484616,3.4730825,4.810931,3.0052958,2.55577,2.6066465,3.5462775,3.1809866,2.5046,2.7263317,2.4816344,2.4684563,2.8653238,2.5623288,2.8247962,3.1790164,3.1679928,2.8522713,2.6999328,2.8002274
1,1.6661985,0.0,2.5880554,2.6197822,2.1816938,2.0168724,2.34583,2.1148324,3.6925712,3.566204,3.3944948,3.3401208,2.7114809,3.3904846,2.533199,2.3822215,2.6320705,2.4918165,3.1662529,2.9077659,3.5898776,3.6952267,3.4910378,3.206921,2.2459655,2.079915,2.2934763,3.448752,2.6137927,2.5685942,2.8718836,2.9430943,3.015109,2.8391805,3.2041306,3.141581,2.8356762,2.9565256,3.2026398,3.4593644,2.79674,2.7658834,2.7607498,2.804642,3.0897586,2.952348,2.6928926,2.6648748,2.4207711,2.590474,2.9090054,2.9493606,2.3925931,2.4911273,2.4368057,2.530998,2.6495452,2.7198677,2.647788,2.7909753,3.0607243,2.8165283,2.6204774,2.5591948,4.2865477,4.419768,3.2789476,4.029167,3.444755,5.187196,3.9536927,3.4304514,3.6533706,2.9657903,3.9327078,3.840535,4.092504,3.9935098,3.9044104,3.8695195,3.6545002,3.0411117,3.1952076,3.1917632,3.1198943,3.1139143,3.3446872,3.3141592,5.529038,5.682785,3.9801893,3.8602982,4.2038918,3.9547548,3.665779,3.9185753,3.384089,3.4072886,3.4134185,3.1805093,4.050689,3.519607,3.4704914,2.8359349,4.005232,3.9216375,3.4337146,4.2354894,3.885727,4.0467696,4.818454,3.1080449,2.7859733,2.869161,2.6868422,2.1461797,2.6516912,2.9102833,2.6366913,2.561861,2.5175474,2.6492977,2.773985,3.1512916,3.320733,2.7606351,2.6831644,2.767963
2,2.3947427,2.5880554,0.0,1.2681521,2.389222,2.30762,2.526817,2.2752457,4.0526843,3.9038804,3.9439106,3.6623425,3.0441887,2.5647385,3.0069768,2.8983996,2.5386653,2.5070577,2.9879982,2.7464058,3.5410974,3.458732,3.3723798,3.072621,3.346597,2.5721693,2.765395,3.8620787,2.977151,2.9693623,2.8417706,3.0161679,2.8536334,2.668617,2.675543,2.7204769,2.6021461,2.793191,2.5569098,2.9169772,2.2535284,2.2267904,2.818602,2.2534647,2.6369326,2.411603,2.039885,2.3569174,2.970846,2.9797766,3.034802,2.6570058,2.8554552,2.734494,2.8877869,2.825923,2.978126,3.0596592,3.0078044,2.8481565,3.0752687,3.1493833,2.986675,2.9535258,3.8874333,4.379168,2.740729,3.2159245,3.3164473,4.0634694,3.2979708,2.655956,3.7613633,3.0932949,3.637602,3.8306384,3.7828858,3.7378533,3.1398592,3.2025678,3.626676,3.0458226,3.1224241,3.1625037,3.2235005,3.1032648,3.3641248,3.3275151,4.776254,4.922987,3.970225,3.7836354,4.146633,3.8795514,3.750706,3.8627026,3.31067,3.0964134,3.24006,3.1708746,3.6177664,3.805791,2.1231625,1.9576522,3.659453,3.5684707,3.464682,4.033448,3.7666526,3.9708402,5.0163183,2.9991097,3.0741954,2.8853142,3.9021628,3.499196,3.0897498,3.276373,3.0219848,3.0287182,3.0698416,2.9601552,3.3555663,3.4783013,3.5831323,3.2154515,3.1414762,3.13954
3,2.1345265,2.6197822,1.2681521,0.0,2.823884,2.6814198,2.9236817,2.7253256,4.0450454,4.0025907,3.9645293,3.7300053,3.1253324,2.9361067,3.0147498,2.92364,3.1970003,3.1439838,3.5601907,3.287116,4.0139537,3.9927907,3.961716,3.6663053,3.3854928,2.4333513,2.8117776,3.7283764,2.9559686,2.8754096,2.6624637,2.873965,3.3935907,3.2732766,3.1506097,3.192157,3.3167953,3.4973752,3.2857184,3.5031233,2.8745434,2.9153214,3.2709312,2.8720055,3.1824296,2.9120495,2.5295787,2.4935198,2.9622076,3.0079713,2.8268077,2.7073936,2.8642523,2.959526,2.8829896,2.9450128,3.0265462,3.0915852,3.0802698,3.399633,3.5263968,3.1578434,3.0103216,3.004931,3.9707394,4.110061,2.9267905,3.9230454,3.5559945,4.149981,2.926853,2.933564,3.5387208,3.3542943,3.779935,3.5763578,3.9305875,3.7144623,3.269097,3.2238421,3.476585,3.3602722,3.4930184,3.5386636,3.5765595,3.4186301,3.6491733,3.6144192,5.067268,5.202509,4.1832776,4.131911,4.4853907,4.23468,3.8404367,4.13917,3.1059387,3.249001,3.1523197,3.0325086,3.4650862,3.8270788,2.2858708,2.0449748,3.8682654,3.8204496,3.8286853,4.128257,3.7489934,3.9615257,5.1134067,3.384635,3.103041,3.1739376,3.9634967,3.7144663,3.0204594,3.1888201,3.005515,3.0355277,3.281176,3.064446,3.3348424,3.5384347,3.6018512,3.3623798,3.2468688,3.3259146
4,2.0363872,2.1816938,2.389222,2.823884,0.0,0.98666394,1.4021193,1.4137548,3.0323787,2.4744573,2.6487615,2.5029829,2.3364792,2.9852054,2.1763697,2.0086932,1.6559647,1.8566153,2.7696702,2.7006783,3.1034546,3.2505693,3.0656502,2.6745462,2.0337927,2.0514867,2.0926483,3.1350589,2.4706664,2.5227334,2.8823533,2.925272,2.4467187,2.068401,2.2390037,2.1751828,1.8280456,1.8511239,2.469996,2.5424714,2.0709708,1.8680797,1.9751378,1.9962821,2.3930142,2.3582048,2.2435515,2.6072316,2.2994504,2.344474,3.009993,2.6378555,2.4483721,2.2340658,2.4649575,2.3476567,2.7827017,2.624183,2.5584264,2.3174014,2.2579615,2.6348093,2.440522,2.4604063,3.5075774,4.040106,2.8017983,3.2914143,2.488537,3.8768232,3.3511393,2.8195686,3.108635,2.6450548,3.3285887,3.3428533,2.8954692,3.0185442,3.0225592,3.1041512,2.8981664,2.2324703,2.5568666,2.536492,2.3074412,2.3286052,2.546676,2.5265026,4.1089234,4.314272,3.3902283,3.1397493,3.352809,3.0753832,3.1851966,3.0556746,2.6168656,2.3989773,2.4771314,2.2612627,3.311677,2.8109944,2.4889376,2.4201674,3.1922212,3.2937322,2.7582128,3.2348738,2.9809775,3.1543806,3.8528347,2.1464386,2.3008075,2.1188686,3.0464787,2.7981806,2.0907302,2.377451,2.2072918,2.10328,2.5737393,2.3904924,2.644844,2.869946,2.9526703,2.3783338,2.4784918,2.3902802
5,1.7622827,2.0168724,2.30762,2.6814198,0.98666394,0.0,1.3085426,1.1060251,3.094632,2.5915709,2.5159736,2.4012492,2.1932306,2.701426,2.1800182,2.0590653,1.6813275,1.6638047,2.3849492,2.257321,2.4961362,2.7686532,2.6126375,2.144571,1.9174705,1.8373286,1.9299536,3.4370635,2.3225157,2.3723838,2.6969402,2.7096422,2.37587,1.8524592,2.3420527,2.2950814,1.831316,1.9531014,2.494595,2.5765567,2.0593762,1.9493855,2.0171618,2.1256661,2.3927584,2.3714447,2.1932213,2.4956985,1.9915407,2.1118956,2.7723088,2.6898983,2.2943964,2.2022326,2.3066049,2.3271828,2.5146017,2.358024,2.2579215,1.9280313,2.335246,2.693265,2.395027,2.1479216,3.4794426,4.0545797,2.435491,3.0985851,2.2006946,3.6479762,3.2306738,2.5871763,2.6889145,2.3227665,3.010951,3.2621253,2.9240327,2.820191,2.7317014,2.748709,2.9823155,2.3053212,2.3993073,2.4070787,2.422087,2.4479566,2.6631923,2.6443195,3.8443265,4.0783544,2.9312553,2.797285,3.0442488,2.7201908,2.806517,2.6967762,2.4783072,2.1949775,2.3415816,2.0112853,2.984179,2.594329,2.4779122,2.302173,3.0171518,3.0239136,2.5141692,3.0689785,2.8288622,2.9698274,3.805983,2.0629086,2.328201,2.006182,3.1642962,2.6880248,2.2215517,2.3791354,2.2769098,1.9799079,2.4703195,2.2583838,2.3812115,2.617829,2.5805814,2.0598297,2.1314316,2.0677905
6,2.306284,2.34583,2.526817,2.9236817,1.4021193,1.3085426,0.0,1.8325305,3.269769,2.549139,2.9852018,2.8520746,2.188634,2.670903,2.2900856,2.1253402,1.9990543,2.036735,2.7319787,2.6437733,2.800401,3.0110252,2.6424267,2.3587656,1.7800505,2.205265,1.7524699,3.5065343,2.1400256,2.2066143,2.438864,2.4849942,2.2666285,2.0913491,2.0494492,2.0033977,2.1951523,2.2736518,2.8411791,2.3446734,2.3477402,2.1924903,2.2509139,2.3394258,2.1733994,2.1620128,2.4036736,2.8140635,2.4356558,2.464867,3.2167819,2.9114964,2.6436105,2.478919,2.6986701,2.5988414,2.896668,2.7567644,2.6695123,2.3704786,2.6562216,3.071721,2.7867284,2.534141,3.2686489,3.8842702,2.5359914,3.1230586,2.3232827,3.6900635,3.143175,2.5309286,3.2063224,2.8219774,3.41861,3.5111895,2.823971,2.6400206,2.6082454,2.7465758,2.8908865,2.2122793,2.3689687,2.3652694,2.375393,2.363412,2.4874141,2.4678397,3.9560382,4.2408094,3.3150566,3.0484471,3.215277,2.9247632,3.1219354,2.8870203,3.1228292,2.917402,2.8655088,2.6706488,3.50024,3.1888433,2.9136364,2.6820064,2.6203237,2.711682,2.5116603,2.853325,2.512822,2.667206,3.7039275,1.8425838,2.2892141,2.0857038,3.026752,2.5641437,2.1415567,2.3704267,2.119769,1.746648,2.2102053,2.0471652,2.3051534,2.3782456,2.6823342,2.3450015,2.2177618,2.0839555
7,1.854386,2.1148324,2.2752457,2.7253256,1.4137548,1.1060251,1.8325305,0.0,2.96176,2.826532,2.713842,2.6583598,2.3785505,2.774657,2.4071832,2.2741168,2.0779424,1.7541459,2.3956096,2.142184,2.738553,2.507825,2.671656,2.266223,2.2440503,2.0218375,2.193593,3.685442,2.4340076,2.4449224,2.7687256,2.8980885,2.312508,2.1922636,2.6862946,2.6309075,2.0112295,2.2301428,2.2981675,2.8997674,2.200847,2.107974,2.240496,2.234962,2.676905,2.493712,2.2132328,2.2711353,2.4017403,2.493123,3.0211673,2.5384862,2.263564,2.0486603,2.267155,2.1604695,2.4690416,2.7435937,2.6562078,2.4034476,2.762721,2.7417667,2.5846503,2.5821862,3.6379116,4.1145015,2.445953,2.9455583,2.351345,3.709731,3.1066563,2.4888926,3.0956485,2.1658785,3.1729422,3.5080628,3.3146024,3.1333635,2.9239943,3.0089023,3.0643387,2.3813548,2.475587,2.494241,2.483681,2.5347655,2.7816617,2.755257,4.0490093,4.2420425,2.9326415,2.6453102,3.2447126,2.9427278,2.7485297,2.931938,2.7485058,2.4890225,2.5446334,2.581903,3.2340803,2.4942517,2.354872,2.2316513,3.398605,3.1532626,2.947265,3.4936948,3.356305,3.4031644,4.106305,2.5045536,2.536197,2.2520313,3.2656083,2.7529078,2.441131,2.6259112,2.6270802,2.2396514,2.3836396,2.190759,2.8303764,2.8722548,3.0883083,2.675584,2.517806,2.5745206
8,3.503444,3.6925712,4.0526843,4.0450454,3.0323787,3.094632,3.269769,2.96176,0.0,1.9447235,1.9479923,1.8888668,2.3899002,3.1579485,2.8446438,2.453333,3.2914371,3.310809,3.7949526,3.5622804,4.3266764,4.208357,4.406056,4.6537466,3.1193016,2.9959733,2.6030688,3.9272685,2.9670131,2.938048,3.0285308,2.9373045,2.936638,3.3552787,3.1259491,3.0785298,3.29818,3.4226143,3.2680643,3.2930486,3.3144026,3.254224,3.3702378,3.325949,3.1773524,3.0638945,3.1740417,3.1187372,2.9848785,3.0319595,3.0869548,3.018814,2.651905,2.8051279,2.6613836,2.8180568,2.915439,3.3056931,3.101541,3.4301302,3.1443353,2.5832672,2.688182,3.1791708,3.8481991,4.0059953,2.6266325,3.7134583,2.2502143,4.034466,3.0686314,2.8567073,3.8508322,3.4316192,4.5588098,4.687444,3.673616,3.4564078,3.4883974,3.304843,2.5993507,2.4717488,2.6414964,2.6501427,2.40917,2.4806702,2.5596585,2.5794291,4.531434,4.681925,2.5558276,2.6508577,3.014591,2.9489243,1.9760184,2.9372897,3.185841,3.243993,3.356588,3.1198575,3.8737845,3.0746603,3.0397422,2.8373742,3.5290878,3.2435532,2.9646957,3.005983,2.9302661,3.110182,2.4434261,2.7355947,2.4062655,2.5438015,3.1792352,3.5751555,2.4454246,2.809708,3.2285264,2.6851373,2.5052586,2.388517,2.8129048,3.4919548,3.1976502,2.7423263,2.6463623,2.6846945
9,3.5560687,3.566204,3.9038804,4.0025907,2.4744573,2.5915709,2.549139,2.826532,1.9447235,0.0,1.306389,1.4939677,2.060539,2.8939874,2.4760425,2.270512,2.796951,2.9831617,3.4137084,3.5225806,3.7620573,3.9932327,3.847334,4.0219007,2.9154751,2.7767918,2.3154035,3.5800543,2.5485022,2.5579307,2.6415443,2.4863985,2.8167677,2.7288811,2.4226384,2.3702643,2.869394,2.8184903,3.191698,2.6257093,2.9229527,2.7683086,2.7875896,2.9414768,2.521305,2.581899,2.864123,3.0748222,2.6201978,2.5825958,3.315697,3.0422184,2.8639343,2.8074841,2.8598752,2.7938418,3.1376348,2.903978,2.8191934,2.9960713,2.7034986,2.902519,2.7211032,2.7296484,3.4353337,3.6700115,2.70924,3.720791,1.9761826,3.9646814,3.2561414,2.7979321,3.5430295,3.3776581,4.3965626,4.3261847,3.0910788,3.0177226,3.0321398,3.0180528,2.8279257,2.6151826,2.7378206,2.7301967,2.4841855,2.677764,2.6838374,2.70126,4.0856266,4.271441,2.9488707,2.7629688,2.5675,2.5075743,2.5614974,2.4365127,3.081435,3.141779,3.0024583,2.7142513,3.545135,3.5474548,3.211388,3.0929682,3.2459924,3.405649,2.4817588,2.5077984,2.4274287,2.4662192,1.8493414,2.011442,2.1463675,2.2895656,2.5687017,2.9216254,1.8638427,2.2259562,2.502701,1.9431238,2.4269822,2.2768714,2.29514,2.5756686,2.955356,2.3159401,2.4205015,2.3183994
10,3.4149203,3.3944948,3.9439106,3.9645293,2.6487615,2.5159736,2.9852018,2.713842,1.9479923,1.306389,0.0,0.8504905,2.2607377,3.1362054,2.603883,2.5147579,2.798786,2.8719912,3.3249962,3.3684394,3.6019604,3.8819044,3.9032824,4.0736527,3.1257706,2.5944653,2.47281,3.6193945,2.7655125,2.730578,2.930437,2.7444437,3.0447307,2.7497096,2.8311632,2.7810144,2.8427544,2.8261077,3.1215315,2.9555583,2.932642,2.8048906,2.7442193,2.9630926,2.9042048,2.934575,2.8313372,2.9565046,2.3845077,2.4159627,2.9143105,3.0165281,2.5800996,2.696862,2.546052,2.6715765,2.828349,2.6822705,2.6245582,2.7873685,2.7125914,2.7251847,2.528531,2.5004308,3.5304418,3.7079484,2.6434186,3.7950995,2.037653,4.1174335,3.4175005,2.9267766,3.3220165,3.1822512,4.347954,4.352034,3.5196023,3.4470413,3.3984976,3.2199843,3.1855018,2.8977957,3.0030534,3.0158045,2.710296,2.9449692,3.0248263,3.0407994,4.357183,4.537012,2.6247437,2.6914876,2.5580788,2.5233424,2.2723453,2.4934247,2.9136019,2.9630506,2.9112535,2.5226185,3.4446921,3.263416,3.1447139,2.8400996,3.6500318,3.7696636,2.6198378,3.0287879,3.010518,3.0836234,2.2880285,2.4969695,2.6105237,2.6462572,2.820616,3.0140154,2.304576,2.601596,2.8922577,2.3561418,2.6412492,2.562387,2.3758996,2.7775993,2.9914682,2.1678112,2.4709618,2.4254994
11,3.297643,3.3401208,3.6623425,3.7300053,2.5029829,2.4012492,2.8520746,2.6583598,1.8888668,1.4939677,0.8504905,0.0,2.0437489,2.833943,2.3978484,2.297798,2.518162,2.6627576,3.1327035,3.1364048,3.4933693,3.7403688,3.7568135,3.926054,2.9048233,2.4099743,2.2226586,3.501209,2.6323419,2.61193,2.8258097,2.5834434,2.8101199,2.463548,2.5276299,2.48693,2.5892472,2.605505,2.8862212,2.750558,2.6196377,2.553135,2.4904268,2.6906521,2.6318073,2.6696045,2.4942977,2.682394,2.148858,2.113312,2.6156592,2.671798,2.2936857,2.3986018,2.2791307,2.407015,2.4962409,2.3966043,2.302723,2.4774537,2.3573825,2.4283686,2.2104473,2.1879208,3.4145317,3.6624212,2.404037,3.6095376,1.788159,3.9209075,3.2691538,2.6730669,3.3031764,3.0969543,4.3312807,4.3547688,3.447343,3.3031902,3.311053,3.1492496,2.934593,2.6003213,2.7250402,2.7501123,2.4058442,2.597886,2.7086825,2.7306151,4.148311,4.338975,2.4027722,2.47481,2.3350127,2.2313197,1.9248067,2.2503388,2.8209913,2.853205,2.8646994,2.3896294,3.5733018,3.1992712,2.8609817,2.5894349,3.453704,3.5568495,2.4389162,2.8670385,2.8301103,3.1059175,2.2433138,2.2305522,2.4189777,2.4167829,2.9254227,3.1026206,2.230049,2.579256,2.8146741,2.2761493,2.4308858,2.3386557,2.1916437,2.63178,2.941352,2.1498938,2.6073194,2.4651027
12,2.5952046,2.7114809,3.0441887,3.1253324,2.3364792,2.1932306,2.188634,2.3785505,2.3899002,2.060539,2.2607377,2.0437489,0.0,1.9966755,1.5190601,1.3005277,2.1839411,2.1465154,2.8935344,2.8030763,3.1155114,3.2283978,3.0147657,3.4769785,2.1065483,1.7667398,0.9905512,3.0468152,1.5364026,1.6630275,1.905743,1.7685169,2.00167,2.122445,1.7803453,1.7137632,2.2706578,2.2968917,2.2519786,2.0948668,2.3169827,2.2165453,2.0884442,2.3200784,1.9635246,1.758017,1.9375005,2.1864352,1.774412,1.820263,2.1796517,2.0493233,1.744634,1.7916515,1.7826102,1.857658,2.0321722,2.1059215,2.0766275,2.1753888,2.2994092,2.2107935,1.9473397,1.8723136,3.3516338,3.491351,1.9782214,3.2196295,1.8498645,4.0145826,2.956434,2.107746,3.3003561,2.8910077,4.1611867,3.9877377,2.8669734,2.6687639,2.6187313,2.5486126,2.2794404,1.9382935,2.1562095,2.19463,2.0594492,2.0693111,2.176754,2.180399,4.334513,4.4663625,2.9288425,2.8465977,2.8700116,2.7831545,2.4382598,2.7379742,2.7690413,2.802983,3.0842173,2.512393,3.5179923,3.2913861,2.7423348,2.5686903,2.2525496,2.3434556,1.7912666,2.335997,2.0913491,2.297007,3.0133672,1.5621749,1.674137,1.7289171,2.4972887,2.6238167,1.4218149,2.0049744,1.6885364,1.2777311,1.5223769,1.3558446,1.582931,1.8922234,2.580778,1.9032112,1.893283,1.7752743
13,3.2913802,3.3904846,2.5647385,2.9361067,2.9852054,2.701426,2.670903,2.774657,3.1579485,2.8939874,3.1362054,2.833943,1.9966755,0.0,2.8113217,2.638644,2.3135223,2.3089545,2.1691375,2.1475675,3.0407212,3.0246723,2.8667128,3.480968,3.33187,2.5258787,2.1193376,3.8415685,2.3207905,2.3674426,1.9015541,1.7812893,2.0379992,2.075207,2.042673,2.0763333,2.4127142,2.627116,2.3400586,1.9300976,2.099598,2.2220194,2.6667314,2.441499,1.6765851,1.6204323,1.9185486,2.240548,2.499397,2.4524987,2.9283404,2.5075655,2.681595,2.5393817,2.7221143,2.6508276,2.5810661,2.5500994,2.4368584,2.2547393,2.4338183,2.7707593,2.5416129,2.413558,3.4898775,4.0583467,1.6518323,2.5039725,2.069701,3.622636,2.9542468,1.63207,3.4959733,2.8048546,3.829824,4.148986,3.170424,2.8708766,2.2232738,2.358847,3.0258715,2.430209,1.9308197,2.0105739,2.4844675,2.460468,2.5778627,2.5716627,3.9381816,4.041069,2.8120422,2.5778067,2.6496692,2.5574107,2.593618,2.552689,3.1840796,2.9254878,3.2020507,2.977584,3.4279447,3.7714915,2.3884056,2.39219,2.6609414,2.4388196,1.886044,2.641712,2.5742686,2.88879,3.4792037,1.633206,2.0247202,1.7108873,3.1239502,3.0007887,2.356526,2.4628747,2.458852,2.203114,1.9972903,1.8661705,2.376957,2.4774292,2.6989324,2.4096804,2.4569914,2.365455
14,2.4765594,2.533199,3.0069768,3.0147498,2.1763697,2.1800182,2.2900856,2.4071832,2.8446438,2.4760425,2.603883,2.3978484,1.5190601,2.8113217,0.0,0.8393133,2.6166744,2.669805,3.3370972,3.1761878,3.8891802,3.9741516,3.853226,3.6472359,1.8791791,2.2510474,1.8013228,2.6965091,2.3151176,2.3717344,2.507267,2.4519506,2.482673,2.6088212,2.3873184,2.3215826,2.6436303,2.688961,2.6879559,2.9081101,2.579115,2.5503585,2.0611882,2.6139853,2.4761808,2.2997577,2.449207,2.5624454,2.2528543,2.2430837,2.6431704,2.6476595,2.1903262,2.324187,2.211922,2.319487,2.4581158,2.5374005,2.7367013,2.7226472,2.6134393,2.375124,2.2228813,2.3542778,3.2121415,3.154048,2.6757452,3.7257984,2.4964066,4.4437757,3.4368215,2.8122728,3.7155113,3.3821812,4.6881804,4.0915475,3.3445356,3.2638283,3.1652415,3.0773218,3.1056447,2.8211932,3.0346081,3.0543013,2.956625,2.910982,3.0531676,3.0527418,5.001712,5.1108365,3.7115722,3.6686192,3.875806,3.6247866,3.2402961,3.597679,2.9264307,3.0281842,3.3374383,2.7618597,3.842288,3.5070386,3.0429935,2.8391106,2.7055285,2.955542,2.832301,2.8647025,2.5791874,2.744119,3.3987315,2.3896132,2.4512057,2.5737958,2.7944584,2.9607804,1.8771327,2.3945012,1.8152461,1.932655,2.269145,2.1004632,2.1307824,2.2273636,3.0546362,2.2713163,2.2414076,2.1546597
15,2.3149135,2.3822215,2.8983996,2.92364,2.0086932,2.0590653,2.1253402,2.2741168,2.453333,2.270512,2.5147579,2.297798,1.3005277,2.638644,0.8393133,0.0,2.5552716,2.6340897,3.3645582,3.1862469,3.774973,3.8882794,3.7184458,3.5354521,1.6891145,2.1967947,1.6361264,3.0715408,2.1975532,2.2553563,2.40468,2.344476,2.3637881,2.559644,2.239713,2.1797872,2.5855932,2.6234164,2.6371102,2.793385,2.5048804,2.458435,2.3281527,2.5022206,2.3374531,2.1496906,2.3844016,2.5089655,2.1483545,2.1953475,2.42632,2.461965,2.0730588,2.2192135,2.1062527,2.234644,2.41568,2.4896355,2.4689927,2.647328,2.5405273,2.292835,2.1467204,2.3021753,3.650455,3.6962388,2.5936942,3.6618261,2.4189925,4.412422,3.377675,2.7415864,3.681817,3.3176808,4.481261,4.197152,3.2457266,3.1291285,3.0882175,2.9847982,2.714107,2.4074323,2.6817777,2.686308,2.5702798,2.505009,2.6566978,2.6520743,4.7923083,4.899756,3.4151855,3.3747995,3.5983984,3.336095,2.9230244,3.2994905,2.8215158,2.9169738,3.2786427,2.6580338,3.7604783,3.4024253,2.9621556,2.767655,2.7138393,2.7573152,2.6792064,2.6774166,2.3221667,2.5093586,3.2174947,2.1671238,1.9734917,2.1509588,2.6259255,2.8433466,1.6611851,2.267253,1.9104959,1.7493789,2.1288002,1.9607191,1.9901131,2.5087705,2.908472,2.1254776,2.0000064,1.9235831
16,2.7371578,2.6320705,2.5386653,3.1970003,1.6559647,1.6813275,1.9990543,2.0779424,3.2914371,2.796951,2.798786,2.518162,2.1839411,2.3135223,2.6166744,2.5552716,0.0,0.83983827,1.9034091,1.9626846,2.5154421,2.72959,2.4440491,2.9514136,2.7522385,1.9889789,1.9389752,3.0155406,2.434347,2.529474,2.761651,2.6737545,1.9505981,1.2386239,1.7705382,1.7072376,0.95428914,1.0230703,1.747234,1.5435945,1.4696338,1.2613022,1.4846084,1.5600243,1.7912539,1.8893108,1.6855689,2.4085236,2.0874546,2.0958972,2.8227744,2.4944935,2.3093293,2.0129437,2.3439727,2.2430034,2.4556909,2.3047535,2.237847,1.3091878,1.4604822,2.4403625,2.176621,2.0872195,3.2809062,4.073224,2.3498452,2.6355932,2.229595,3.8959823,3.5241263,2.3718162,3.1552324,2.3888173,3.3210616,3.5285432,2.8703568,3.109725,2.9263058,3.0112848,3.0807588,2.0239177,2.0685165,2.0755742,1.939858,2.0403419,2.2602177,2.2498736,4.080238,4.3018727,3.121309,2.8815088,2.827157,2.7454672,3.0496972,2.8151982,2.9225907,2.4233353,2.7425764,2.4483018,3.4671605,3.0491562,2.4052827,2.2594504,2.8299177,3.0041583,1.7331594,3.1832018,3.0351262,3.3634639,3.8573334,1.5774195,2.3315325,1.8496746,2.9842503,2.6696892,2.2901342,2.5132287,2.2095435,2.2566233,2.2296407,2.2253044,2.443457,2.6074235,2.7162511,2.002636,2.4583843,2.266093
17,2.5714524,2.4918165,2.5070577,3.1439838,1.8566153,1.6638047,2.036735,1.7541459,3.310809,2.9831617,2.8719912,2.6627576,2.1465154,2.3089545,2.669805,2.6340897,0.83983827,0.0,1.6586243,1.6437097,2.075884,2.06259,1.9670419,2.6262305,2.6822371,1.7708589,1.8130878,3.1624277,2.2854877,2.306241,2.583208,2.5593452,1.8227007,1.3698863,2.0004237,1.9240855,1.024462,1.2286911,1.6289272,1.8178473,1.4836669,1.3617154,1.4991385,1.5404902,2.059927,1.978936,1.7045053,2.2758727,2.154329,2.1831796,2.7662368,2.3206003,2.1597762,1.8594575,2.1911411,2.069341,2.3262417,2.4380114,2.4018888,1.516308,2.0233722,2.5917418,2.3479235,2.2212157,3.2589734,4.010473,2.1100707,2.391548,2.1473157,3.7829556,3.3409934,2.1378927,3.1658058,2.1642716,3.2360754,3.53088,3.0277107,3.084751,2.8948305,2.9816437,3.1016567,2.0403662,2.0887656,2.1055539,1.9292479,2.0870736,2.3126557,2.2888138,4.084151,4.3043966,2.9269934,2.6568482,2.8421257,2.7722259,2.9162178,2.824777,3.0010896,2.5120738,2.7919002,2.634646,3.552013,2.8576486,2.3825424,2.200356,2.827469,2.8518248,1.9059571,3.2911434,3.1910608,3.4831588,4.033273,1.865495,2.4693613,1.9921681,2.9978673,2.5047634,2.3265839,2.5665944,2.2911332,2.143998,2.0503333,2.0016127,2.432826,2.4379902,2.830205,2.2001638,2.5129967,2.4096076
18,3.1873093,3.1662529,2.9879982,3.5601907,2.7696702,2.3849492,2.7319787,2.3956096,3.7949526,3.4137084,3.3249962,3.1327035,2.8935344,2.1691375,3.3370972,3.3645582,1.9034091,1.6586243,0.0,0.81052953,2.3128233,2.1631052,2.250751,2.8294501,3.3260534,2.4517474,2.5862014,3.6820276,2.9225194,2.876693,2.6336966,2.6055024,2.0750172,1.6542622,2.7430189,2.6958144,1.8749429,2.2512767,2.528036,2.6359615,1.8250953,2.1335037,2.19355,2.3806999,2.3135357,2.3846262,2.3507707,2.4654093,2.5040028,2.4488623,3.4868467,2.9175305,2.834293,2.5397608,2.847652,2.6526377,2.624308,2.735814,2.6572747,1.9912802,2.308205,2.8989525,2.6699977,2.5100827,3.562842,4.290956,2.5150745,2.7623842,2.5239537,3.8304198,3.550949,2.4818854,3.3791354,2.4636009,3.3306732,3.6874886,3.6959379,3.4179497,3.1181684,3.3623157,3.7678542,2.951263,2.3187718,2.3578358,2.7996023,2.9523735,3.133275,3.1160681,3.9805841,4.2324176,3.0710409,2.6714504,2.9202054,2.7982247,3.1279752,2.849823,3.3030083,2.8800955,2.7262642,2.9000232,3.709696,3.080533,2.787842,2.7030392,3.380163,3.1509283,2.4084623,3.575219,3.4581528,3.7516854,4.156675,2.179164,2.6853287,2.2167609,3.2677243,2.67312,2.8280728,2.8633,2.7206278,2.6575403,2.474736,2.3013096,2.7309418,2.549718,3.1777308,2.6554966,3.0157468,2.9452553
19,2.844281,2.9077659,2.7464058,3.287116,2.7006783,2.257321,2.6437733,2.142184,3.5622804,3.5225806,3.3684394,3.1364048,2.8030763,2.1475675,3.1761878,3.1862469,1.9626846,1.6437097,0.81052953,0.0,2.5523555,2.2170444,2.4608798,2.9049025,3.1015031,2.3482237,2.4614234,3.6705384,2.8338223,2.8156586,2.6425402,2.6533232,1.9944673,1.8666501,2.8542223,2.8109314,1.9919561,2.4385965,2.4579902,2.7514675,1.9912497,2.260442,2.2845728,2.4887586,2.44255,2.4367836,2.312934,2.3378246,2.488669,2.4916275,3.3239262,2.8741307,2.595425,2.3776245,2.6250947,2.5334897,2.3485446,2.7284102,2.6429949,2.0242717,2.4001274,2.6770062,2.520405,2.5192869,3.44701,4.1677213,2.2810752,2.5938444,2.4386187,3.720498,3.3115807,2.3165498,3.2559392,2.2024403,3.2115078,3.5820253,3.6826031,3.3573947,3.0246363,3.2025228,3.5853164,2.7521307,2.1227791,2.1830852,2.710468,2.7701325,2.9873972,2.9716618,4.0951614,4.3426414,2.9010494,2.6076097,3.078059,2.9016037,2.8847566,2.9654133,3.2155428,2.7832954,2.7538037,2.9071202,3.6043239,2.752637,2.5668266,2.3830376,3.268068,2.9051785,2.4813745,3.602707,3.4659693,3.7631216,4.2711143,2.2948153,2.6791797,2.1963027,3.4112318,2.8158772,2.873331,2.880789,2.7810283,2.7075007,2.287424,2.1505377,2.7926817,2.7284224,3.002089,2.642395,2.838537,2.8158514
20,3.3914337,3.5898776,3.5410974,4.0139537,3.1034546,2.4961362,2.800401,2.738553,4.3266764,3.7620573,3.6019604,3.4933693,3.1155114,3.0407212,3.8891802,3.774973,2.5154421,2.075884,2.3128233,2.5523555,0.0,1.3523808,1.0002398,1.9968445,3.41611,2.711568,2.8060803,4.6674976,3.0938592,3.0563745,3.2588503,3.2040708,2.9859214,2.3137455,3.006706,2.9743073,2.4566004,2.537368,3.0964062,2.94829,2.696924,2.7166388,2.9395058,2.7948368,3.1421475,3.1184597,2.9777353,3.365883,2.900652,2.9613526,3.4853601,3.2730093,3.2592413,3.0707324,3.2639174,3.1863942,3.3279603,3.2230444,2.9960425,2.3829389,3.364814,4.008329,3.6201365,2.9707737,4.3586016,5.1148853,2.8801599,3.2448754,2.818888,3.768292,3.9270709,2.9454787,3.3632188,2.9919538,3.2240102,4.144579,3.6332672,3.27807,3.2791743,3.3839831,3.758435,3.0439236,2.9122252,2.9317725,2.942667,3.1503458,3.2597039,3.2329235,3.4514067,3.7986176,2.9711995,2.764452,2.7375124,2.6850047,3.2710843,2.6744258,3.675337,3.2534816,3.2934825,3.1176596,3.9079845,3.4703941,3.4615605,3.4450989,3.4328809,3.3231428,2.6667075,3.6334612,3.5452807,3.755507,4.486051,2.7356505,3.3180218,2.8047678,4.069498,3.3361688,3.3558598,3.4675617,3.4062333,2.822409,3.258964,3.0168068,3.0005574,2.9653401,3.4371204,3.069498,3.3708036,3.2638392
21,3.3867998,3.6952267,3.458732,3.9927907,3.2505693,2.7686532,3.0110252,2.507825,4.208357,3.9932327,3.8819044,3.7403688,3.2283978,3.0246723,3.9741516,3.8882794,2.72959,2.06259,2.1631052,2.2170444,1.3523808,0.0,1.1490068,2.2271414,3.5061727,2.7678976,2.8963883,4.6699586,3.129245,3.0689547,3.2263389,3.297308,2.7719047,2.566405,3.2373774,3.1915398,2.548413,2.7781472,2.9015665,3.1987252,2.7601428,2.8330138,2.9839556,2.870627,3.318641,3.1481311,2.9521146,3.1226814,3.2118266,3.2300622,3.7413318,3.0740461,3.1626656,2.844448,3.1729655,2.9657762,3.1733246,3.5467703,3.3611882,2.8116443,3.6185675,3.9255905,3.6700432,3.312284,4.230797,4.9393487,2.786937,2.981719,2.853587,3.5670056,3.5793335,2.6795223,3.6469274,2.775327,3.3050094,4.1355534,3.8538733,3.384497,3.324527,3.535926,3.6551018,2.960997,2.798904,2.8364484,2.8833487,3.065209,3.2064004,3.1746209,3.5739846,3.9241745,3.0125926,2.6062472,3.0458817,2.9865057,3.2066913,2.9946556,3.8576338,3.4611523,3.3535423,3.5077465,4.1229534,3.1876307,3.2112002,3.2905836,3.5694616,3.2025845,3.0504239,3.9601421,3.899081,4.088729,4.782062,3.002772,3.4154425,2.9225779,4.214239,3.4786744,3.4544182,3.5750701,3.5402558,2.980271,3.0637481,2.7844715,3.374676,3.0892413,3.8042383,3.583599,3.6905768,3.6612747
22,3.374983,3.4910378,3.3723798,3.961716,3.0656502,2.6126375,2.6424267,2.671656,4.406056,3.847334,3.9032824,3.7568135,3.0147657,2.8667128,3.853226,3.7184458,2.4440491,1.9670419,2.250751,2.4608798,1.0002398,1.1490068,0.0,1.9484141,3.327883,2.7271996,2.6945825,4.6349006,2.893364,2.9154367,3.141822,3.156538,2.7414663,2.2558005,2.8582728,2.818266,2.397256,2.4945135,2.9187453,2.7998943,2.6755726,2.6527264,2.887056,2.7506518,2.9500494,2.8780923,2.7923481,3.174694,2.994685,3.0241578,3.6890423,3.1175814,3.2034833,2.8520737,3.2288759,3.0043852,3.248082,3.2811427,3.0489883,2.4545178,3.349764,3.9635775,3.6045015,3.0298853,4.403874,5.117663,2.96541,3.1662314,2.959855,3.9725835,3.8966439,2.8494759,3.6456416,2.9283783,3.3442178,4.168083,3.6401753,3.2910893,3.2531374,3.4985595,3.6245944,2.8479316,2.7234988,2.7481606,2.8103766,2.9779434,3.0916288,3.0617707,3.6408992,3.972124,3.3024864,2.8776424,2.935389,2.8812885,3.437204,2.8820655,3.9110537,3.5260198,3.4751885,3.440781,4.133602,3.6563845,3.4966266,3.4997737,3.4063554,3.2176154,2.711677,3.7806418,3.6602328,3.825441,4.7241497,2.633391,3.1845927,2.6912339,3.9421108,3.1602948,3.2979608,3.4364986,3.2783933,2.746062,2.9707415,2.7966278,3.1273627,2.8910925,3.6239414,3.350157,3.4924896,3.387326
23,3.0251894,3.206921,3.072621,3.6663053,2.6745462,2.144571,2.3587656,2.266223,4.6537466,4.0219007,4.0736527,3.926054,3.4769785,3.480968,3.6472359,3.5354521,2.9514136,2.6262305,2.8294501,2.9049025,1.9968445,2.2271414,1.9484141,0.0,2.9554257,3.1398551,3.1844134,4.9893913,3.4207623,3.4104335,3.6245315,3.6790414,3.2632384,2.7219377,3.3614633,3.3339317,2.8371727,2.9479952,3.4676163,3.6435947,2.9484017,2.9900656,3.1830628,3.0543785,3.4034057,3.3442347,3.2643843,3.5241969,3.323616,3.3534517,4.028425,3.615809,3.5971644,3.3403056,3.6128542,3.4402263,3.675923,3.6157596,3.4175243,2.9564996,3.7639697,4.3126087,3.9602714,3.3895674,4.7167,5.3822446,3.4876282,3.6940575,3.3470964,4.180388,4.2796435,3.4441142,3.855259,3.311431,3.5636818,4.35113,4.013626,3.61537,3.5607214,3.7757206,4.1332173,3.4423234,3.3772228,3.3821833,3.4967976,3.5831864,3.7410254,3.7074788,3.8090765,4.1165404,3.6680872,3.31125,3.6308873,3.2574031,3.7849262,3.2469933,3.9366791,3.5983553,3.5699518,3.496669,4.2123027,3.7809532,3.7311523,3.7545102,3.933979,3.7320428,3.6628,4.0606594,3.8889472,3.9986174,4.93839,3.2169428,3.5745177,3.1572,4.316171,3.4765081,3.6130025,3.7170155,3.5960095,3.056672,3.580172,3.3303623,3.500037,3.3375657,3.9290855,3.646451,3.6863608,3.6011996
24,1.9789898,2.2459655,3.346597,3.3854928,2.0337927,1.9174705,1.7800505,2.2440503,3.1193016,2.9154751,3.1257706,2.9048233,2.1065483,3.33187,1.8791791,1.6891145,2.7522385,2.6822371,3.3260534,3.1015031,3.41611,3.5061727,3.327883,2.9554257,0.0,2.190807,1.7920474,3.4174678,2.3131897,2.3542805,2.8080635,2.800542,2.6572413,2.733735,2.8490968,2.7590582,2.828188,2.9457242,3.3675423,3.4110358,2.953095,2.9768298,2.5783207,3.0005903,2.9727223,2.8563423,2.99386,2.9821014,2.3047986,2.3810034,2.9908555,2.908105,2.3730714,2.4340734,2.4259946,2.4793363,2.639135,2.7387416,2.6731522,2.8342295,2.9950395,2.8141236,2.6031916,2.5270824,3.9113696,4.044559,3.1200044,4.015076,2.7632802,4.368773,3.5041265,3.249472,3.4827836,3.277432,4.1191306,3.8547885,3.4672027,3.0179896,3.4490666,3.4691563,2.8175464,2.5666406,2.8022082,2.7989352,2.755441,2.689691,2.8343704,2.824844,4.5554366,4.7571406,3.5464044,3.4365385,3.7631836,3.4298716,3.137815,3.3816478,3.0508223,3.1709566,3.1757884,2.7638345,4.1111674,2.9823077,3.510341,3.2860081,2.96954,2.8781683,3.0890307,3.079422,2.657016,2.913781,3.8433204,2.518569,2.3639612,2.4497337,3.1276171,2.898754,2.2054725,2.6196582,2.2829757,1.9595163,2.3918147,2.1225843,2.24445,2.5630305,3.1292784,2.6947296,2.6423233,2.542915
25,1.668462,2.079915,2.5721693,2.4333513,2.0514867,1.8373286,2.205265,2.0218375,2.9959733,2.7767918,2.5944653,2.4099743,1.7667398,2.5258787,2.2510474,2.1967947,1.9889789,1.7708589,2.4517474,2.3482237,2.711568,2.7678976,2.7271996,3.1398551,2.190807,0.0,1.1860915,2.581733,1.6311914,1.5073392,1.7999284,1.8651546,2.312627,2.0585322,2.2858403,2.2212873,2.1241403,2.2780228,2.5327759,2.6191726,2.0619094,2.094047,1.9064989,2.0836012,2.454321,2.2324748,1.8541496,1.7764249,1.3696607,1.4590541,1.9492387,1.6378387,1.4422415,1.5016763,1.448699,1.4684206,1.7641801,1.8745887,1.86209,2.202223,2.3701377,2.0264554,1.7324281,1.6161652,3.3092806,3.4098392,2.2580132,3.483745,2.374243,3.7768598,2.50323,2.351062,2.6291723,2.4465349,3.303463,2.9287617,3.1457357,2.8205159,2.9569635,2.9514878,2.3979232,2.2298832,2.4308693,2.4658952,2.247911,2.2957032,2.5081851,2.4840646,4.3291497,4.538803,3.1585023,3.0445309,3.22084,3.1269221,2.783924,3.0290294,2.2747912,2.4823978,2.1293797,1.9007121,3.2559457,2.545153,2.2674296,1.9542006,2.9715126,3.0040812,2.4278247,3.1996844,2.8276727,3.1290877,3.9776955,2.1446722,1.9382725,2.0430152,2.7137177,2.4705575,1.6199306,2.0685046,1.7396253,1.5873122,1.9745486,1.6299012,1.8437166,2.0449312,2.814869,2.2133958,2.465368,2.4595437
26,2.200721,2.2934763,2.765395,2.8117776,2.0926483,1.9299536,1.7524699,2.193593,2.6030688,2.3154035,2.47281,2.2226586,0.9905512,2.1193376,1.8013228,1.6361264,1.9389752,1.8130878,2.5862014,2.4614234,2.8060803,2.8963883,2.6945825,3.1844134,1.7920474,1.1860915,0.0,2.769451,1.2968199,1.2724022,1.5199004,1.4598854,1.8047433,1.8984383,1.6884305,1.6095473,2.063973,2.1759727,2.380774,2.0949168,2.0471423,2.0087867,1.8388608,2.043469,1.904228,1.6876191,1.793439,1.9997199,1.5387555,1.5613623,2.0561419,1.8305286,1.484266,1.5496843,1.55288,1.595285,1.8282549,1.9865003,1.9275064,2.0543416,2.2462547,2.1054342,1.8108556,1.6854548,3.0945036,3.291405,1.9258019,3.1765194,1.9468408,3.8169253,2.6214635,2.025602,3.1174707,2.7488863,3.808286,3.584407,2.959255,2.620381,2.7097597,2.6873941,2.2222137,1.81991,2.054821,2.0879848,1.8748004,1.9079481,2.055638,2.043347,4.3073664,4.525545,2.9560173,2.835956,2.9442403,2.8408542,2.5112092,2.7857296,2.7341897,2.7922792,2.7481866,2.3545008,3.5926144,2.9608078,2.5988567,2.2231624,2.2616942,2.3178692,1.8919946,2.5673747,2.1712563,2.517585,3.3203366,1.5246308,1.6403829,1.7320298,2.3915358,2.2721875,1.3316071,1.9726943,1.5311067,1.0813861,1.2761943,1.0230523,1.2691315,1.6354369,2.567031,1.8741202,1.98756,1.8693491
27,3.3418467,3.448752,3.8620787,3.7283764,3.1350589,3.4370635,3.5065343,3.685442,3.9272685,3.5800543,3.6193945,3.501209,3.0468152,3.8415685,2.6965091,3.0715408,3.0155406,3.1624277,3.6820276,3.6705384,4.6674976,4.6699586,4.6349006,4.9893913,3.4174678,2.581733,2.769451,0.0,3.217194,3.1454868,3.0471401,3.0886078,3.2485669,3.3170784,3.1726708,3.0889194,3.1553495,3.2091713,3.4251852,3.419806,3.0744348,3.1086254,2.354846,3.0873537,3.2985866,3.1805887,3.1816933,3.2021468,2.9777327,2.896859,3.3933089,3.1528425,2.9563518,3.004008,2.9546235,2.9281864,3.1920831,3.27078,3.6102493,3.570176,2.9272366,2.5814316,2.6329477,3.1231794,2.9176395,2.6337755,3.654579,4.507985,3.6424954,4.857324,3.6663377,3.643819,4.027755,3.986041,4.885496,3.434656,3.8435209,4.024362,4.1081524,4.1119094,3.7370265,3.6689403,3.8648014,3.8686702,3.621756,3.6333482,3.7554777,3.7481866,5.8486032,6.0242486,4.936275,4.835198,4.8936253,4.8737736,4.5848684,4.81715,3.3502119,3.5575573,3.3198438,3.145082,4.3614755,3.6844153,3.346882,3.1711688,3.429296,3.954187,3.4741905,4.01732,3.6223133,3.9374757,4.541354,3.239079,3.2841015,3.5125408,3.2228043,3.5738032,2.5034246,2.9343925,2.0646493,3.0074801,3.21748,3.000388,3.0240443,2.9141757,3.862361,3.0750182,3.4404178,3.403257
28,2.462441,2.6137927,2.977151,2.9559686,2.4706664,2.3225157,2.1400256,2.4340076,2.9670131,2.5485022,2.7655125,2.6323419,1.5364026,2.3207905,2.3151176,2.1975532,2.434347,2.2854877,2.9225194,2.8338223,3.0938592,3.129245,2.893364,3.4207623,2.3131897,1.6311914,1.2968199,3.217194,0.0,0.53374743,1.8466966,1.8775176,2.3257225,2.3246346,2.1668675,2.1124482,2.5558062,2.6435664,2.7910843,2.4481246,2.6289911,2.4890437,2.4145663,2.605388,2.3135548,2.1239858,2.078264,2.166952,1.9479203,1.9741553,2.473201,2.0218039,2.1923008,2.1253624,2.229982,2.1548626,2.4673343,1.8192811,2.2087772,2.5015457,2.7310865,2.5487137,2.2580388,2.02991,3.3891768,3.4683843,2.3105876,3.1622634,2.3644075,3.9389033,2.6122992,2.5328338,3.128586,2.809565,3.8255327,3.5864131,3.1316364,2.694166,2.8413386,2.8990414,2.6356537,2.446728,2.6463416,2.6993701,2.550254,2.565966,2.6928735,2.6846354,4.374311,4.2598853,3.2506897,3.0576298,3.149182,3.07038,2.7984536,2.9746506,2.5097933,2.683566,2.836112,2.694279,3.7569268,3.4505239,2.8691523,2.5962214,2.8384929,2.857248,2.3457224,2.5724506,2.695227,2.852743,3.7479918,2.0402417,2.024042,2.1914575,2.761764,2.549628,1.8673047,2.2862608,2.0451653,1.588736,1.6365534,1.5293449,1.9597094,1.928143,2.958036,2.5663116,2.5485518,2.4376605
29,2.465869,2.5685942,2.9693623,2.8754096,2.5227334,2.3723838,2.2066143,2.4449224,2.938048,2.5579307,2.730578,2.61193,1.6630275,2.3674426,2.3717344,2.2553563,2.529474,2.306241,2.876693,2.8156586,3.0563745,3.0689547,2.9154367,3.4104335,2.3542805,1.5073392,1.2724022,3.1454868,0.53374743,0.0,1.5735439,1.6171435,2.3626351,2.406803,2.248062,2.1896343,2.607963,2.7164693,2.8847413,2.5654278,2.5384977,2.4788022,2.4297545,2.5215073,2.406307,2.17435,2.1568916,2.1735837,2.0150933,2.0109541,2.4193423,1.918726,2.2069733,2.192001,2.240168,2.1584027,2.521603,1.9744166,2.3265991,2.6600952,2.8688166,2.6103106,2.340819,2.1397614,3.3310287,3.3813705,2.2282393,3.168874,2.3513806,3.8991492,2.492291,2.4619055,3.1893775,2.8632586,3.851698,3.6046846,3.239138,2.7386055,2.909601,2.951349,2.6935296,2.5187633,2.7143033,2.7548594,2.5253224,2.591887,2.712365,2.695265,4.424108,4.3312488,3.185409,2.9946222,3.163253,3.089864,2.7849734,2.9740179,2.5505552,2.7572532,2.8135238,2.7259223,3.8402112,3.4303174,2.838011,2.531721,2.9265661,2.9227765,2.4752405,2.6253014,2.7174554,2.9624116,3.6909938,2.1590486,2.0274754,2.2613294,2.5856998,2.3852289,1.7324115,2.2061448,2.0228906,1.4575263,1.6263762,1.4302824,1.8270643,1.8214117,3.0075278,2.568901,2.6191487,2.5454535
30,2.781009,2.8718836,2.8417706,2.6624637,2.8823533,2.6969402,2.438864,2.7687256,3.0285308,2.6415443,2.930437,2.8258097,1.905743,1.9015541,2.507267,2.40468,2.761651,2.583208,2.6336966,2.6425402,3.2588503,3.2263389,3.141822,3.6245315,2.8080635,1.7999284,1.5199004,3.0471401,1.8466966,1.5735439,0.0,0.55566776,2.2190516,2.485804,2.230181,2.2056284,2.7811766,2.9672744,2.9768114,2.5791059,2.3111076,2.4800906,2.5470028,2.4816394,2.1529105,1.8919605,2.2397964,2.1139414,2.2228768,2.1519868,2.6533165,2.138583,2.2991433,2.3403509,2.3290153,2.227938,2.442213,2.5714114,2.5378118,2.8864505,2.898526,2.6134903,2.4039352,2.337445,3.159561,3.190837,2.0572796,3.4167178,2.4077458,3.801761,2.3079069,2.0034409,3.4469004,3.1513107,4.0029616,3.6825118,3.3987179,2.872893,2.6795454,2.7654345,2.7589078,2.6600847,2.5137217,2.547876,2.619536,2.6861916,2.771897,2.746387,4.511567,4.7179065,3.332306,3.1120934,3.2982981,3.232856,2.963133,3.1016927,3.0569527,3.2438498,2.8294318,2.7803051,3.6325743,3.490809,2.6708946,2.3690386,2.7581534,2.682949,2.523017,2.8391469,2.4093556,2.7037904,3.4796064,2.0509584,1.8271282,2.1360488,2.3369927,2.3159332,1.5261072,2.000949,1.7475879,1.4326738,1.7488943,1.3345487,1.6670834,1.7230122,2.945297,2.4042695,2.4099185,2.4423964
