,0,1,2,3,4,5,6,7,8,9,10,11,12,13,14,15,16,17,18,19,20,21,22,23,24,25,26,27,28,29,30,31,32,33,34,35,36,37,38,39,40,41,42,43,44,45,46,47,48,49,50,51,52,53,54,55,56,57,58,59,60,61,62,63,64,65,66,67,68,69,70,71,72,73,74,75,76,77,78,79,80,81,82,83,84,85,86,87,88,89,90,91,92,93,94,95,96,97,98,99,100,101,102,103,104,105,106,107,108,109,110,111,112,113,114,115,116,117,118,119,120,121,122,123,124,125,126,127
0,0.0,0.63646775,0.53871846,0.6672002,2.2041218,2.0701084,2.1232395,1.6515831,1.3913226,1.3091104,1.9629086,1.573951,2.0915174,2.4029198,1.927824,1.9273885,1.7738527,2.5857818,2.5603,2.494737,2.1060078,2.1831903,2.6727333,2.4355943,2.5295398,2.8169296,2.8378391,2.6912894,2.1846263,2.0756571,1.759515,2.0281215,1.5057355,1.2295749,1.9348354,2.5425873,2.9581046,2.2496424,2.892262,1.5138866,1.9275215,3.661964,3.7775054,1.6610187,1.9605854,1.4390053,1.5382413,1.4065781,2.528377,2.749032,2.6223586,2.6263802,2.6709075,2.6837256,2.2144237,1.5081756,2.2133036,2.2144694,2.0274947,2.0110202,2.4376788,2.3008342,1.5509228,2.176965,2.1253443,2.0532222,2.0463116,2.369799,2.7627718,2.4596872,2.6099136,2.4429183,2.2739255,2.2966335,2.8541496,2.5258243,2.5117426,2.4110985,2.5551746,3.2378125,2.490752,2.8976958,2.4524739,2.3973584,2.5387383,2.7597392,2.7810433,3.4624534,2.472547,2.6748037,3.0527039,3.2616332,2.8027356,2.6354728,2.5764,2.71129,2.3615518,2.2689216,3.173345,3.1783912,3.5780373,3.4814422,2.7997165,2.41543,2.916915,3.2656298,1.9389826,1.90664,2.370602,2.208844,2.467709,2.4541278,2.4111037,2.2083197,2.1352036,2.3854697,2.6557522,2.5199552,2.613328,2.8238788,2.4557002,2.1511593,3.1566439,3.2851233,2.8522146,2.8546057,2.7943347,2.7998788
1,0.63646775,0.0,0.5329336,0.5349887,1.9733062,1.790341,1.9091038,1.5177894,1.1896783,1.1649683,1.9433202,1.4547884,2.3066995,2.6256044,2.147037,2.1593559,2.1027274,2.7487588,2.8497543,2.6877403,2.390537,2.4566128,2.822549,2.6252322,2.6222336,3.011461,3.0132565,2.8864067,2.3534772,2.3797245,2.0468066,2.278545,1.4326454,1.2964754,2.027176,2.7421365,3.0569139,2.280812,2.9856875,1.544629,1.9678195,3.8103213,4.106892,1.8873515,2.1869946,1.5779505,1.6700454,1.5175308,2.7327282,2.9229012,2.7889168,2.794147,2.7643993,2.8177211,2.4253342,1.6609298,2.2677376,2.3217356,2.222457,2.1807604,2.618368,2.5293598,1.7592895,2.221788,2.359313,2.2975512,2.1833866,2.5213597,2.9767187,2.6128905,2.9281178,2.731148,2.4985764,2.4770718,3.057537,2.7247996,2.5569913,2.415456,2.7053597,3.4074018,2.6678925,2.9752064,2.7372274,2.6432142,2.6638167,2.8725889,2.9917219,3.6155424,2.7467406,2.944198,3.193137,3.309241,3.0629413,2.8981097,2.70321,2.854731,2.672823,2.619782,3.476653,3.4797695,3.9933257,3.9071972,3.0293722,2.714027,3.209211,3.5093129,2.2177517,2.1837575,2.5310428,2.3110654,2.747258,2.7399106,2.6177883,2.4197493,2.3815732,2.718579,3.0232089,2.8173897,2.8044853,2.9797232,2.5342524,2.307117,3.3101654,3.4575562,2.9524326,2.9698713,2.9639,2.9469345
2,0.53871846,0.5329336,0.0,0.18910772,1.9621466,1.8334479,1.9292889,1.5437709,1.4023321,1.3303673,2.0402186,1.7034668,2.0813668,2.3860962,1.8817381,1.8982188,1.9283413,2.691004,2.7051268,2.620977,2.273601,2.333972,2.7026818,2.4753802,2.552652,2.848308,2.8186507,2.7555978,2.2628574,2.1688716,1.7446638,2.0724645,1.4768916,1.2765858,1.9895754,2.574901,2.9992373,2.209448,2.840399,1.3500619,2.006932,3.6578777,3.9157002,1.7146025,2.0363696,1.4234627,1.6595296,1.4600271,2.6732547,2.8828678,2.7331026,2.7391555,2.7307315,2.7693043,2.3146708,1.5835832,2.0391035,2.0984635,2.0834374,2.0321481,2.5018685,2.4243813,1.579047,1.994455,2.177139,2.0664132,2.0017533,2.2750518,2.7774472,2.3442447,2.6798706,2.4216037,2.3384957,2.2714179,2.8727634,2.5413213,2.3577988,2.2404418,2.5017753,3.1993115,2.4571333,2.7983875,2.4208698,2.3698788,2.532803,2.6991813,2.835871,3.3554811,2.592066,2.7354856,3.0017807,3.0722556,2.82353,2.6357436,2.4889112,2.6269372,2.6312783,2.4849958,3.404707,3.4066675,3.7699225,3.6749804,2.989845,2.673538,3.158174,3.411937,2.146846,2.1141644,2.3850143,2.1755984,2.684497,2.6831167,2.4954245,2.2799578,2.2277164,2.6411908,2.8203633,2.6096303,2.6711588,2.8681877,2.389827,2.1257365,3.1380894,3.311926,2.8464782,2.8578398,2.8292809,2.8037028
3,0.6672002,0.5349887,0.18910772,0.0,1.9565743,1.7737505,1.8835965,1.5116194,1.4007467,1.3368434,2.0389662,1.7048702,2.1500595,2.447983,1.9470339,1.9667647,2.001547,2.7372053,2.7669008,2.6662786,2.3250146,2.384919,2.7616704,2.531333,2.5229876,2.870616,2.8770545,2.7535453,2.3179777,2.2180352,1.8190033,2.1297395,1.5110536,1.3506855,2.02684,2.6207094,3.025395,2.2376077,2.8404648,1.3592567,2.0259495,3.6397922,3.9233043,1.7713188,2.0937245,1.4763321,1.7118422,1.5046281,2.6969364,2.9068403,2.7475595,2.754044,2.7377844,2.7912967,2.337516,1.5932337,2.0262969,2.0926619,2.1081135,2.049705,2.533083,2.465682,1.6606826,2.013594,2.2128646,2.103951,2.0018039,2.2860105,2.8018768,2.3670604,2.7149572,2.480905,2.3384128,2.3055913,2.8680615,2.5549486,2.3430524,2.2207584,2.53622,3.186268,2.4372323,2.7965114,2.4449382,2.405008,2.528409,2.6809542,2.8390255,3.3571234,2.621538,2.769788,3.004904,3.046267,2.8467963,2.666323,2.534339,2.6724389,2.6701996,2.5635967,3.4403265,3.4420977,3.861246,3.7665102,3.05824,2.7308252,3.186488,3.5002973,2.2478213,2.2038348,2.3872259,2.1785154,2.757562,2.751922,2.4900784,2.2792993,2.257697,2.7020051,2.8468156,2.6156104,2.6975617,2.885667,2.3675659,2.1229205,3.118581,3.2876246,2.8529863,2.8713598,2.837107,2.8101199
4,2.2041218,1.9733062,1.9621466,1.9565743,0.0,0.945514,1.0680394,1.3962685,2.670103,2.6289423,2.3562212,2.0721767,3.1321962,3.311033,3.0195103,3.0572503,2.5532942,3.1777613,3.198984,3.0400736,2.8128004,2.7953916,3.006409,2.8393314,3.1704624,3.2143736,2.7030475,2.88137,2.7082407,3.3538733,2.6680834,2.4278784,2.0165052,1.9295403,2.4737642,2.9811466,3.257866,2.5631006,3.090433,2.7191336,1.8870037,3.6987748,4.7513556,2.206882,3.1630232,2.6794953,2.148171,1.9695778,3.1953804,3.3791556,3.3401935,3.3379254,3.3189015,3.4376183,3.0115879,2.4435194,2.2137208,2.3041801,2.3205345,2.298111,2.840116,2.9858937,1.9801235,2.0113382,3.0651748,2.908078,2.728343,2.9674485,2.9468627,2.657004,2.9625063,2.584888,2.7462442,2.3517082,3.4306242,2.9310544,2.7396088,2.6430626,2.6693702,3.4479637,2.7361474,2.7851212,2.8277519,2.800446,2.5361042,2.7142498,2.9206223,4.391161,3.130368,3.7596154,3.2587476,3.1144586,3.1719785,3.2368336,2.8264,2.7939653,3.457821,3.8309917,4.16588,4.179299,4.416295,4.3156195,3.7349095,3.4215386,4.3943295,4.197427,3.381414,3.391637,3.312399,2.6302304,3.19338,3.2210276,3.245731,3.0897148,3.0602484,3.5631552,3.5492635,3.446637,3.5468817,3.6852257,2.7267385,2.662517,3.754429,3.768704,3.5952194,3.4420464,3.3920484,3.442297
5,2.0701084,1.790341,1.8334479,1.7737505,0.945514,0.0,0.5476708,1.1045318,2.448225,2.3977046,2.1613326,1.7794092,3.0912676,3.2970507,2.9555154,2.9923193,2.5575085,3.1667612,3.179026,3.0632076,2.615574,2.6156027,3.047086,2.885057,2.8820844,3.2181327,3.0604565,2.8337634,2.5911875,3.3201604,2.6717567,2.4075139,1.9810523,1.9709071,2.469795,3.0605528,3.3039844,2.4879758,3.196551,2.5921452,1.8701221,3.6153953,4.2481885,2.2748563,3.1414096,2.7005272,2.1581264,1.9989314,2.9304671,3.116258,3.0228958,3.0255735,2.9851243,3.1281497,2.6680083,1.9943649,2.0810215,2.1244571,2.2595086,2.2285762,2.7689304,2.8404028,2.036106,2.0723333,2.9381976,2.8504794,2.6222658,2.9292421,2.9971125,2.7165558,2.9909773,2.830068,2.5541356,2.6130617,3.1920102,2.9787154,2.7334495,2.5672457,2.884918,3.4820518,2.641652,2.7737432,2.8136532,2.7684777,2.4905608,2.7021477,2.8989906,4.4029684,3.0905967,3.7352371,3.3199236,3.167892,3.1520767,3.2158437,3.1875625,3.1735864,3.3607244,3.7836578,3.9213781,3.9348884,4.4294424,4.320588,3.6804667,3.3721468,4.1111994,4.382364,3.4326177,3.385035,3.2596014,2.5687032,3.3271432,3.306962,3.1578515,2.9915297,2.9638014,3.4795547,3.493125,3.3755307,3.4760172,3.6098688,2.6368237,2.5723205,3.4693332,3.4993963,3.5997312,3.4630566,3.4237692,3.476541
6,2.1232395,1.9091038,1.9292889,1.8835965,1.0680394,0.5476708,0.0,1.1212822,2.5646985,2.4966066,2.1963518,1.8618327,3.2587695,3.4700956,3.1541677,3.189884,2.4805825,3.1207252,3.1081474,2.9894924,2.6366441,2.643254,3.0316186,2.878863,2.5759447,2.8682399,3.0709417,2.7916768,2.5632284,3.3386521,2.682356,2.3971932,2.0443437,2.0376172,2.5083158,3.0728593,3.374322,2.5401158,3.2741423,2.7266097,1.8556583,3.5700772,4.1716056,2.271903,3.2138188,2.766633,2.1657882,2.0479317,2.8481834,3.0392509,2.9776375,2.9730847,2.9539332,3.0733764,2.6043487,1.9572022,2.0852127,2.1360035,2.201134,2.147587,2.988893,3.042081,2.0153131,2.1796844,2.8151708,2.737591,2.6102223,2.8963666,2.9343648,2.7031107,3.010014,2.7623184,2.5065913,2.6101239,3.261646,2.9859705,2.8296857,2.6661658,2.9230871,3.4869943,2.5754175,2.9299548,2.7201068,2.7524436,2.4188752,2.657066,2.8118262,4.411605,3.056132,3.7317257,3.298868,3.1617086,3.1677687,3.235113,3.2281272,3.199527,3.3480105,3.7979794,3.8719475,3.8862438,4.5231338,4.4152865,3.6902735,3.37811,4.092992,4.487767,3.461022,3.4150999,3.1596274,2.706273,3.4055274,3.3944578,3.2573307,3.1073954,3.0828397,3.5618947,3.555851,3.4117124,3.567972,3.7296076,2.7342541,2.6858985,3.531252,3.5152073,3.627426,3.4151936,3.4495215,3.5196378
7,1.6515831,1.5177894,1.5437709,1.5116194,1.3962685,1.1045318,1.1212822,0.0,2.1883686,2.1180723,1.7637674,1.2645628,2.7848592,3.0689397,2.7329714,2.758646,2.100419,2.8235579,2.7795527,2.6841307,2.299573,2.3330603,2.752317,2.6067317,2.6456435,2.9716082,2.8079193,2.53856,2.586969,2.6263044,2.3846612,2.0147014,1.7437369,1.5997634,2.21729,2.86726,3.1263769,2.3297334,3.0501225,2.4653547,1.428237,3.3080359,3.9874885,1.9236135,2.771865,2.4696507,1.8563437,1.632657,2.496573,2.7027745,2.6317766,2.6231942,2.7107759,2.8513498,2.32094,1.6084975,1.7884672,1.7887082,1.8658389,1.8217705,2.4463382,2.5074046,1.6695417,1.7639711,2.5124931,2.4860854,2.252698,2.6256325,2.6912143,2.7945852,2.69397,2.5633614,2.1927798,2.315132,3.0554206,2.6705592,2.691747,2.5591457,2.6572495,3.2772264,2.3863409,2.9644752,2.497229,2.4718049,2.1387904,2.4275432,2.5061255,4.2728596,2.6585343,3.4080124,3.123789,3.0060148,2.9056728,3.0431721,2.9288914,2.9119236,2.902384,3.4306872,3.4892068,3.505549,4.021663,3.8996735,3.290156,2.9314206,3.8334281,4.176198,3.1515114,3.1100464,2.937175,2.2084851,3.0159786,2.9910483,2.5076525,2.3240018,2.2789288,2.8642695,2.860857,2.7036114,2.8095083,2.9777477,2.3131785,2.1684027,3.2119951,3.1567795,3.1973104,3.0031102,3.0014298,3.085101
8,1.3913226,1.1896783,1.4023321,1.4007467,2.670103,2.448225,2.5646985,2.1883686,0.0,0.19081633,2.181601,1.7106959,2.0344732,2.5332274,2.0121515,2.017046,2.5436175,2.793255,2.8811958,2.748546,2.8233984,2.8999698,2.9947984,2.7684245,3.0933259,3.5760396,3.634168,3.483876,2.4562955,2.5556314,2.3395588,2.7909656,1.95519,1.8263696,2.18716,2.9241772,3.2607446,2.7577248,3.3669655,1.699453,2.5943344,4.0717115,4.2742453,2.5192862,2.093978,1.7104493,2.254432,2.1672072,2.750423,2.8260193,2.6631787,2.6584222,2.6469467,2.7508366,2.4965608,2.2091572,2.7159193,2.7036645,2.815198,2.733875,2.9593952,2.7291296,2.2805705,2.5344431,2.4569328,2.494954,2.2310753,2.6270823,3.1616414,2.9119883,3.286442,3.266186,2.9790986,2.9790955,3.4063227,3.1646345,2.9795098,2.8299615,3.0981913,3.8034353,3.1263514,3.3788369,3.1422865,2.98742,3.120806,3.344725,3.3745825,3.423114,3.077555,2.8977876,3.6353865,3.6920626,3.3782327,3.0498996,2.9632924,3.2362325,3.0510163,2.638159,3.5273588,3.5141394,4.2587433,4.2182026,3.4051712,3.1355724,2.9475305,3.3207753,2.2725694,2.242408,2.4859574,2.5355814,3.1371598,3.1087005,2.8476405,2.6532462,2.520941,2.9732451,3.2729638,3.146824,3.009322,3.151138,2.7744122,2.58453,3.2410474,3.4509811,3.0265667,3.1433084,3.0689151,2.984912
9,1.3091104,1.1649683,1.3303673,1.3368434,2.6289423,2.3977046,2.4966066,2.1180723,0.19081633,0.0,2.135688,1.6871241,1.920753,2.4491525,1.90759,1.9131119,2.4337184,2.7263966,2.7785604,2.6716921,2.7400048,2.8181915,2.9186301,2.6856833,3.0240636,3.4945793,3.576712,3.3992002,2.3512495,2.4790843,2.2305453,2.6899443,1.9180055,1.7802114,2.1419322,2.86498,3.2372205,2.7099557,3.3384304,1.6656487,2.5390482,3.987759,4.1515145,2.44214,2.0144515,1.6578822,2.2042406,2.1151671,2.650915,2.7319722,2.5718908,2.5654423,2.5784078,2.6650145,2.386043,2.1033504,2.6342113,2.618881,2.731893,2.6441991,2.8860724,2.651677,2.1907666,2.446521,2.3248403,2.3646853,2.1272593,2.519024,3.0684757,2.8163002,3.202059,3.1600435,2.8846226,2.9130833,3.3488522,3.1061943,2.940483,2.7920828,3.049046,3.7465813,3.039354,3.3137727,3.0316582,2.8955543,3.0326939,3.2671366,3.2882223,3.3618822,2.9916282,2.8167338,3.5679636,3.6263368,3.311695,2.975864,2.9264631,3.189079,2.9980094,2.5853102,3.4547994,3.4417434,4.1640315,4.118162,3.3628826,3.091679,2.8773665,3.295408,2.2332494,2.2022495,2.4192936,2.4815245,3.0930564,3.0607212,2.785478,2.5889144,2.4507384,2.9149306,3.201619,3.0603118,2.95981,3.108217,2.7051573,2.501634,3.1648328,3.3676274,2.9668927,3.0686262,2.9988284,2.9155319
10,1.9629086,1.9433202,2.0402186,2.0389662,2.3562212,2.1613326,2.1963518,1.7637674,2.181601,2.135688,0.0,1.2994044,2.7011154,3.1980069,2.815283,2.8278315,2.5274458,2.8025866,2.8810344,2.684399,2.967955,2.9468863,3.125015,3.0613763,3.0847342,3.4731486,3.1425402,2.9629834,2.7951643,2.8434074,2.8120012,2.5221908,1.9755355,1.7821995,2.233435,2.8866422,3.7853107,3.4144866,2.753816,2.7636046,2.108163,2.9354777,4.43805,2.480004,3.0129378,2.8238611,2.2303567,2.1515434,2.4931254,2.6255705,2.732532,2.7077472,2.6053853,2.6465755,2.3985488,2.1397288,2.5224664,2.5186493,2.3067567,2.325015,2.5694861,2.600778,2.148267,2.4864345,2.8973143,2.8151145,2.6426923,3.0668755,2.9603312,3.251738,3.141507,3.0531495,2.521531,2.7679927,3.5663383,3.0757794,2.91992,2.8030865,3.058416,3.6917667,3.0749636,3.2737045,2.702029,2.83219,2.8223302,2.9755642,3.0118897,4.5207663,2.997662,3.6028612,3.507315,3.5909648,3.2507079,3.387973,3.2444851,3.2367039,2.925743,3.332323,3.3303652,3.354544,4.0740333,3.9429982,3.181082,2.8692973,3.527229,3.6733387,2.9491293,2.8885689,3.2008984,2.3969204,2.8642802,2.825221,2.6856418,2.4871702,2.438957,2.6316228,3.041359,2.904348,3.0097797,3.1524982,2.6702642,2.3210616,3.0648632,3.091393,3.3383734,3.2726848,2.851513,2.9013758
11,1.573951,1.4547884,1.7034668,1.7048702,2.0721767,1.7794092,1.8618327,1.2645628,1.7106959,1.6871241,1.2994044,0.0,2.6697416,3.0218563,2.658402,2.663461,2.220069,2.5208316,2.5882714,2.4284472,2.2773683,2.3313758,2.6108165,2.4992244,2.7768247,3.2300212,2.9897115,2.7889435,2.5607817,2.5858743,2.4984508,2.1805973,1.5449106,1.3242589,1.7569231,2.580735,3.0274878,2.518471,3.1787605,2.3501055,1.539537,3.5389256,4.1116986,2.0823662,2.7393095,2.4247322,1.737297,1.640397,2.2202673,2.3494906,2.327814,2.3204303,2.2855868,2.4150352,2.0632255,1.7250782,2.236808,2.206836,2.0691366,2.089357,2.4395785,2.3937438,1.7652407,2.2215881,2.6719599,2.6874244,2.4310603,2.8849077,2.7300444,3.0593524,2.9080832,2.8899994,2.2893064,2.5575664,3.0698688,2.8109486,2.7014606,2.5294385,2.7932162,3.527945,2.7907975,3.1304996,2.7515106,2.6116273,2.526839,2.816731,2.7988727,4.4170947,2.7541423,3.4301279,3.3820086,3.4849648,3.0918443,3.2208538,3.0924592,3.1306958,2.619041,3.0875263,3.0304735,3.0458634,3.90641,3.7971923,2.9408092,2.5490332,3.337128,3.6484838,2.764456,2.7023618,2.9858508,2.1802044,2.7283058,2.7044628,2.506201,2.292356,2.1540318,2.446645,2.861362,2.7799227,2.7490952,2.925064,2.4940453,2.2514942,2.985177,3.0232356,3.2425375,3.165471,3.0699165,3.1396592
12,2.0915174,2.3066995,2.0813668,2.1500595,3.1321962,3.0912676,3.2587695,2.7848592,2.0344732,1.920753,2.7011154,2.6697416,0.0,1.5275662,0.6232909,0.6287823,2.517722,2.9919229,2.7033226,2.8934858,3.0161898,3.0428483,2.9994612,2.7029388,4.019868,4.209727,3.5091972,3.4499588,2.5538635,2.5671513,2.1692686,2.6792073,2.517515,2.308008,2.528513,2.8040314,3.4541247,3.0494902,3.3319492,2.0565238,2.983808,3.8745995,3.991738,2.5437515,1.762185,2.028778,2.6462426,2.5204232,2.8015358,2.8229203,2.731363,2.730557,2.7707584,2.890309,2.4919577,2.5145848,2.6536727,2.673758,2.7939649,2.7136238,2.1976213,2.0415835,2.2559767,2.1260586,2.324863,2.3243406,2.21449,2.336744,3.0058022,2.7549627,3.155473,2.9280112,2.9288073,2.938678,3.4629786,3.121327,3.1337097,3.0893745,3.013448,3.6928122,3.168239,2.9368753,2.8399687,2.7741377,3.0800147,3.259003,3.291056,3.1305408,2.9493213,2.6467416,3.4686515,3.503083,3.316808,2.9618921,2.8677616,3.022712,3.2179337,2.6744285,3.5570514,3.5456674,3.2238111,3.1045856,3.569825,3.2850862,2.9550922,2.751957,2.3592615,2.3778672,2.9219685,2.4171066,2.958652,2.8945704,2.6126935,2.4034078,2.2469473,2.7597992,3.1619275,2.888928,2.690899,2.7866845,2.556031,2.210357,2.9147375,3.1507857,2.8180969,3.056852,2.744011,2.586492
13,2.4029198,2.6256044,2.3860962,2.447983,3.311033,3.2970507,3.4700956,3.0689397,2.5332274,2.4491525,3.1980069,3.0218563,1.5275662,0.0,1.5919892,1.5779771,2.799634,3.3589199,2.9975097,3.1538172,3.0578995,3.1752818,3.2841783,2.8594174,4.027917,4.2043495,2.9941502,3.5151153,2.6538892,2.5281827,2.3935764,2.8306305,3.068002,2.4530618,2.738288,2.6795466,3.4284985,3.0600662,3.620861,2.2920914,3.1683905,4.337694,4.093581,2.6624866,2.2166176,2.3015802,2.7996793,2.7041035,2.8811827,2.98249,2.8052645,2.8098016,2.7985597,3.0225403,2.5254655,2.5737646,2.8581233,2.8633509,2.8123946,2.760667,2.565903,2.4197702,2.4929562,2.1545668,2.7969286,2.819061,2.7331529,2.840176,3.3207664,3.0386336,2.9063423,3.141052,3.110108,3.0909507,3.5546668,3.3192136,3.27454,3.2184446,2.9946487,3.543407,3.1888506,3.0260613,3.1538568,3.0298185,3.3123899,3.510686,3.0877395,3.0308754,3.2455122,3.0794013,3.7280736,3.7937152,3.35015,3.2006834,3.1810381,3.316207,3.2532964,2.6769497,3.322678,3.2998102,2.8647413,3.1818857,3.7439184,3.2766075,3.1730833,2.948276,2.7338822,2.7646384,3.077452,2.6042252,3.0699015,3.0241392,2.8039725,2.629171,2.3972454,2.8916976,3.2531176,3.0804505,2.4398756,2.4101377,2.6495821,2.4043007,2.7957408,3.0806599,3.3119133,3.4992485,3.2571993,3.1584105
14,1.927824,2.147037,1.8817381,1.9470339,3.0195103,2.9555154,3.1541677,2.7329714,2.0121515,1.90759,2.815283,2.658402,0.6232909,1.5919892,0.0,0.072029404,2.4655213,2.9683478,2.7412632,2.9667315,2.7767754,2.809891,2.86939,2.5963457,3.8979518,4.0792828,3.4544399,3.276838,2.6215951,2.631487,2.0929208,2.6412435,2.3382492,2.1911156,2.35817,2.6718318,3.1413636,2.7282157,3.2807844,1.7736529,2.857454,3.9550662,3.8101463,2.3198109,1.6874979,1.748661,2.4750674,2.3225844,2.9162781,2.9720402,2.820332,2.8332214,2.823069,2.9146764,2.5126226,2.4423914,2.5450222,2.5506148,2.6781578,2.6202288,2.0811784,1.9036968,2.1560867,2.1386173,2.375782,2.3450832,2.2062116,2.3096354,2.9640303,2.5775506,2.9973207,2.7644858,2.7390597,2.724755,3.132472,2.9088557,2.8111398,2.7950056,2.8913922,3.4966416,2.9823854,2.6791875,2.7406397,2.65061,2.9752088,3.1138384,3.2536635,3.0451438,2.851976,2.5410128,3.3551521,3.4135425,3.1284988,2.7414489,2.7443058,2.9054391,3.0974953,2.6031437,3.5839956,3.5738468,3.2175624,3.0523107,3.417729,3.1941397,2.8980858,2.8255289,2.2924237,2.2917986,2.8428276,2.3786576,2.8509145,2.7932613,2.5590312,2.3603806,2.272514,2.7611034,3.040162,2.8465185,2.7412271,2.8572652,2.521069,2.189378,2.9580388,3.201967,2.887687,3.1483376,2.8444424,2.7100852
15,1.9273885,2.1593559,1.8982188,1.9667647,3.0572503,2.9923193,3.189884,2.758646,2.017046,1.9131119,2.8278315,2.663461,0.6287823,1.5779771,0.072029404,0.0,2.4690545,2.969064,2.7387965,2.9686706,2.7680616,2.8045816,2.8735664,2.600213,3.9083595,4.0895824,3.4582324,3.2868698,2.6290436,2.6183743,2.0994945,2.6479795,2.355641,2.1964529,2.3611045,2.671599,3.1409667,2.7383666,3.3007002,1.7853116,2.8699756,3.971921,3.8028347,2.3290808,1.6871773,1.7551354,2.4813616,2.3323808,2.915641,2.9721947,2.8196032,2.832727,2.826378,2.9138095,2.5138266,2.4503546,2.5765452,2.575986,2.6904376,2.6368418,2.0866332,1.8990588,2.1694274,2.1715062,2.387607,2.3606234,2.2245638,2.3322685,2.9739904,2.6003382,2.9917843,2.7752326,2.745748,2.7360904,3.1296458,2.9157104,2.8238559,2.8083985,2.9003007,3.5047762,2.9977071,2.7006984,2.7546592,2.658479,2.99423,3.135901,3.261194,3.0532467,2.852465,2.5383227,3.3714955,3.4451468,3.129511,2.744714,2.7583935,2.921151,3.078166,2.5729523,3.5594637,3.5491035,3.1839051,3.0230453,3.3985858,3.172993,2.8737953,2.8023028,2.2748587,2.2743492,2.8479097,2.3862557,2.8332324,2.7750976,2.5536675,2.354698,2.2594569,2.731553,3.0213547,2.838563,2.7295725,2.8458447,2.5371904,2.1995785,2.958829,3.2045467,2.8978043,3.1601727,2.8553555,2.7236679
16,1.7738527,2.1027274,1.9283413,2.001547,2.5532942,2.5575085,2.4805825,2.100419,2.5436175,2.4337184,2.5274458,2.220069,2.517722,2.799634,2.4655213,2.4690545,0.0,1.5573921,1.192104,1.2718234,1.5521209,1.5450817,1.8277082,1.4902921,2.6672065,2.6711986,2.550417,2.3586106,1.6887254,2.0254118,1.4513104,1.368306,2.323153,2.100482,2.0979292,2.3513393,2.558612,2.1769845,2.5962336,1.9911797,1.7311413,3.6816244,3.286501,1.3257117,1.8830327,1.903306,1.3163987,1.3267754,1.6553773,1.9608011,1.938763,1.9385792,2.5236163,2.2882826,1.820293,1.7514206,1.8890531,1.9725226,1.6888884,1.6339552,2.2395,2.1708956,1.3810412,1.937882,1.8525167,1.6227901,2.0246286,2.229237,1.801866,2.0336494,2.2658482,2.1034026,2.387321,2.5498967,2.6415532,2.2302938,3.2923346,3.2592485,2.209565,3.0138993,2.0887716,2.8230631,2.2358322,2.2370021,2.1278908,2.4276888,2.3771653,3.710919,1.78296,2.481954,2.4237375,2.716519,2.7470381,2.7767487,2.5091748,2.4926867,2.1883702,2.4649706,2.718513,2.7339454,3.129981,2.9431033,2.767244,2.1950192,2.7018714,2.9150252,1.9988462,2.0138605,2.6359198,2.1936028,2.4092503,2.3477774,2.5055454,2.3611312,2.2863667,2.504888,2.4680483,2.2017071,2.7177022,2.9960575,2.3430998,2.1607509,2.855356,2.7673588,2.6075878,2.5389469,2.505898,2.5589628
17,2.5857818,2.7487588,2.691004,2.7372053,3.1777613,3.1667612,3.1207252,2.8235579,2.793255,2.7263966,2.8025866,2.5208316,2.9919229,3.3589199,2.9683478,2.969064,1.5573921,0.0,1.1383569,1.13646,2.2197168,2.230302,1.2966762,1.6156471,3.2815828,3.3842602,3.132045,3.10182,2.3521154,2.6450393,2.3447094,2.299262,2.8884528,2.6898122,2.1603196,2.6274748,2.749295,2.8181672,2.970153,2.3970327,2.3099146,4.004466,3.8302534,2.1084907,2.4105806,2.405178,1.9842188,1.9856592,1.6963261,1.8590579,1.9069281,1.8986984,2.529105,1.7352761,2.0730515,2.563024,2.530245,2.6407654,2.4597147,2.384457,2.8144608,2.718242,2.1868565,2.5205915,2.4898272,2.255566,2.4967763,2.708668,1.8347042,2.4890463,2.7887676,2.7374554,2.9942462,3.1381648,2.9775295,2.7057972,3.6631958,3.624389,2.5880075,3.39904,2.7060568,3.2422357,2.791944,2.7514415,2.7187235,2.918661,3.0514348,4.1203165,2.292157,2.8355494,2.8382318,3.1119611,3.2579527,3.3309364,2.8927217,2.915176,2.687875,2.8592143,2.7073953,2.7124321,3.6027074,3.4939914,2.5475264,2.6125,2.7284594,2.847859,2.3928218,2.39662,2.981417,2.4936702,2.8421288,2.789283,2.958252,2.823212,2.7075922,2.8914058,2.907681,2.6207166,3.1319172,3.381384,2.7186816,2.592918,2.7244165,2.68866,2.9023788,2.9056976,2.8347983,2.824826
18,2.5603,2.8497543,2.7051268,2.7669008,3.198984,3.179026,3.1081474,2.7795527,2.8811958,2.7785604,2.8810344,2.5882714,2.7033226,2.9975097,2.7412632,2.7387965,1.192104,1.1383569,0.0,0.78878194,1.8889501,1.872143,1.5620515,1.2108377,3.1203945,3.144273,2.9098008,2.9012067,1.909808,2.2981782,1.8419927,1.7662154,2.8654225,2.6126323,2.1927662,2.2643437,2.6283324,2.6476402,2.9821358,2.3794174,2.3212245,3.957417,3.3890014,2.0302098,2.2505221,2.4404817,1.9602945,2.0191555,1.2876022,1.4649975,1.5032775,1.4941809,2.2788355,1.9517405,1.7038475,2.3717153,2.2335384,2.2813838,2.241721,2.1862552,2.599362,2.47038,1.9012485,2.246566,2.2305105,2.0553923,2.3509061,2.5319068,1.558811,2.347278,2.5266728,2.5368388,2.8123007,3.0430887,2.8037019,2.6127734,3.6563566,3.6086283,2.451954,3.3293843,2.5548182,3.164264,2.519743,2.4249957,2.5817544,2.8439527,2.7113469,3.9392345,2.1298425,2.7077572,2.7645798,2.9813883,3.0041487,3.0718784,2.8472233,2.8461645,2.5792341,2.690183,2.4363344,2.4416015,3.1736448,3.0163622,3.0075052,2.4830484,2.5745575,2.6313312,2.3123627,2.3170543,2.951842,2.4050767,2.7856812,2.7262094,2.8645096,2.704532,2.489967,2.7333946,2.683159,2.5191739,2.9679112,3.2509716,2.636119,2.4867423,2.5164902,2.4772112,2.8891928,2.8707483,2.7891855,2.8151357
19,2.494737,2.6877403,2.620977,2.6662786,3.0400736,3.0632076,2.9894924,2.6841307,2.748546,2.6716921,2.684399,2.4284472,2.8934858,3.1538172,2.9667315,2.9686706,1.2718234,1.13646,0.78878194,0.0,2.1406786,2.13744,1.743976,1.3480827,2.9336145,3.0074825,2.7237668,2.8535182,1.833217,2.2173798,1.8753512,1.7629344,2.775406,2.5201812,2.149354,2.2781641,2.8203108,2.822654,2.9543889,2.3892927,2.2685337,4.0026817,3.9358823,2.125703,2.4503422,2.4717357,1.9065975,1.9827034,1.440961,1.6613386,1.7752751,1.7542802,2.4792647,2.111868,1.9418787,2.4535356,2.418792,2.5445247,2.3554118,2.2867792,2.813152,2.7679107,2.0395668,2.3956869,2.3698347,2.124639,2.445423,2.6723773,1.6804757,2.430482,2.753303,2.6231346,2.94991,3.0984204,3.1256096,2.7771525,3.6767855,3.6059213,2.5269787,3.4641619,2.6920722,3.3099725,2.7207553,2.6720948,2.7039063,2.964496,2.8135757,4.0441217,2.333352,2.932573,2.8249474,3.0905466,3.3054092,3.3841786,2.8799179,2.8895442,2.6211462,2.7762043,2.6084607,2.6143796,3.5386555,3.4337516,3.1526246,2.4932904,2.7667382,2.6246142,2.315458,2.338129,2.9969525,2.4831378,2.8072398,2.7756507,2.9439063,2.788922,2.638346,2.8206868,2.8717997,2.5339131,3.1084638,3.3652732,2.704399,2.5527399,2.6861968,2.6511605,2.855462,2.8367715,2.8000586,2.8105433
20,2.1060078,2.390537,2.273601,2.3250146,2.8128004,2.615574,2.6366441,2.299573,2.8233984,2.7400048,2.967955,2.2773683,3.0161898,3.0578995,2.7767754,2.7680616,1.5521209,2.2197168,1.8889501,2.1406786,0.0,0.3479392,1.8786596,1.5598284,2.6813898,2.8302155,2.7147574,2.4435034,2.3456342,2.3717546,1.9026704,1.6074275,2.4052303,2.1705062,2.0526726,2.2929835,2.063411,1.7703495,3.2403114,2.2626781,1.9164205,4.3899717,2.9832866,1.725094,2.6115503,2.3573267,1.6481947,1.629868,2.169877,2.471897,2.243716,2.2716038,2.701316,2.566875,2.0306704,1.9727455,2.1434884,1.9684947,2.0778978,2.1542015,2.4636528,2.2439852,1.8461661,2.3875794,2.8968303,2.800705,2.8788476,3.1590018,2.4950473,2.7991166,2.3452718,2.716952,2.5510378,2.8645132,2.4115934,2.7421632,3.1997502,3.146536,2.8081877,3.4614487,2.5820541,3.212614,2.8541524,2.6188707,2.7531254,3.0330658,2.8879018,4.4243774,2.5885715,3.3161328,3.335582,3.4994855,2.8560374,3.0089724,3.2911646,3.3038433,2.679343,3.0772476,2.9471745,2.9620352,3.4125545,3.2396574,3.1074514,2.6219046,3.1503386,3.6208706,2.795556,2.7560642,3.346608,2.731719,2.9998558,2.9386723,2.9762394,2.8170612,2.6296763,2.8925292,2.4280658,2.7894316,3.158906,3.4227984,3.00528,2.8175907,3.1956434,3.2058766,3.732572,3.6945214,3.6067479,3.7001936
21,2.1831903,2.4566128,2.333972,2.384919,2.7953916,2.6156027,2.643254,2.3330603,2.8999698,2.8181915,2.9468863,2.3313758,3.0428483,3.1752818,2.809891,2.8045816,1.5450817,2.230302,1.872143,2.13744,0.3479392,0.0,1.9202558,1.5993576,2.7697031,2.8893356,2.795578,2.519563,2.3416312,2.4623868,1.8981991,1.5700325,2.4008973,2.2379575,2.1395323,2.356729,2.1280265,1.8581953,3.076958,2.2897263,1.9579232,4.365843,3.0065258,1.7709736,2.6391551,2.4331954,1.6635926,1.6580912,2.2187443,2.507204,2.2967188,2.326115,2.749112,2.6551015,2.1084082,2.0499978,2.072285,1.8845515,2.1067398,2.1946487,2.4334793,2.2182057,1.8253056,2.3874056,2.9640524,2.8477454,2.9264157,3.2028084,2.5024095,2.8040214,2.426404,2.7758238,2.648973,2.9373233,2.4285698,2.7564845,3.2848783,3.2348785,2.8193586,3.5362837,2.6579425,3.2330968,2.8579435,2.6115613,2.8027508,3.057139,2.9839556,4.5233703,2.6120133,3.3550806,3.3181422,3.4432166,2.836875,2.9898891,3.2780516,3.280042,2.7761638,3.165097,3.0757558,3.0948453,3.4930053,3.2494106,3.1833222,2.6875975,3.232396,3.6018717,2.7908933,2.7509964,3.4537299,2.7595234,3.0465171,2.9799585,3.078772,2.9087274,2.7115371,2.9768903,2.49001,2.899018,3.2623692,3.5425587,3.0749817,2.8861015,3.2728286,3.291586,3.7658892,3.7341177,3.6004825,3.695514
22,2.6727333,2.822549,2.7026818,2.7616704,3.006409,3.047086,3.0316186,2.752317,2.9947984,2.9186301,3.125015,2.6108165,2.9994612,3.2841783,2.86939,2.8735664,1.8277082,1.2966762,1.5620515,1.743976,1.8786596,1.9202558,0.0,1.0653936,3.26681,3.2539175,2.7972686,2.9415443,2.695483,2.6671448,2.209696,2.0633206,2.6078765,2.455617,1.8573127,2.2460523,2.3483207,2.2783337,3.5293143,2.423139,2.2580972,4.5772963,3.8893948,2.0197816,2.7646968,2.5050452,2.024467,1.9521568,2.1664567,2.3100579,2.271254,2.2793322,2.6902921,1.9861584,2.1586998,2.6092172,2.3807933,2.4964015,2.499341,2.4382746,2.8008895,2.7514393,2.0916378,2.3758514,2.9053354,2.7121665,2.9534822,3.0642185,2.2103136,2.7965918,3.025115,2.697733,2.9738076,3.0859728,3.1033719,3.0394473,3.3748415,3.3211937,2.8832657,3.7559402,3.0040343,3.3746707,3.010824,2.875146,2.9624262,3.1899788,3.3557765,4.5005507,2.865738,3.4356258,3.3516402,3.4625363,3.5456703,3.6359513,3.2275608,3.2079833,3.2190647,3.3805501,3.2028706,3.204786,3.7065299,3.5477135,2.9463096,3.0706184,3.365663,3.3260937,2.8953626,2.9148147,3.516181,2.871931,3.2832332,3.272814,3.265963,3.1000552,2.928271,3.2352858,3.1574373,2.9458177,3.3354726,3.5886467,3.1052084,2.921661,3.087965,3.1676383,3.557256,3.5357795,3.603465,3.5879288
23,2.4355943,2.6252322,2.4753802,2.531333,2.8393314,2.885057,2.878863,2.6067317,2.7684245,2.6856833,3.0613763,2.4992244,2.7029388,2.8594174,2.5963457,2.600213,1.4902921,1.6156471,1.2108377,1.3480827,1.5598284,1.5993576,1.0653936,0.0,2.926433,2.9042592,2.4507341,2.6165617,2.1795027,2.257795,1.5993345,1.5468049,2.407335,2.2019553,1.6732951,1.6817497,2.029965,1.9830477,3.356374,2.0992641,2.139955,4.5311193,3.7305815,1.8158624,2.4703925,2.2262518,1.7622008,1.7584144,1.9382555,2.1104727,2.0274699,2.0386515,2.5006695,2.2422764,1.9217788,2.4112513,2.1191435,2.215889,2.2615476,2.2112677,2.6072166,2.5452435,1.8073962,2.1232529,2.6532173,2.4715264,2.7084682,2.83473,1.9719279,2.5078557,2.767664,2.4919345,2.776344,2.8726623,2.9135473,2.8427503,3.2178597,3.1584516,2.632122,3.5532987,2.750797,3.1680043,2.819652,2.6418688,2.7900171,3.0504084,2.99436,4.106315,2.682389,3.1983607,3.1673806,3.2780187,3.3245742,3.3642795,2.9902139,3.0014722,2.9725587,3.0707998,3.0190122,3.0173955,3.5146239,3.3566587,3.347031,2.8469741,3.0945961,2.9442837,2.6000955,2.6269124,3.268594,2.686834,3.0793192,3.0743754,3.0756454,2.9052997,2.733353,3.082855,2.9510078,2.7886126,3.1822987,3.4408283,2.901318,2.7313151,2.9049523,2.9875808,3.3674428,3.3897347,3.4240446,3.4205549
24,2.5295398,2.6222336,2.552652,2.5229876,3.1704624,2.8820844,2.5759447,2.6456435,3.0933259,3.0240636,3.0847342,2.7768247,4.019868,4.027917,3.8979518,3.9083595,2.6672065,3.2815828,3.1203945,2.9336145,2.6813898,2.7697031,3.26681,2.926433,0.0,1.1247425,3.215704,2.8644214,3.063257,2.8959374,2.680401,2.615105,2.6733954,2.5814266,2.7078714,2.8445315,3.525355,2.9872487,3.9011776,2.908249,2.7667642,4.5121284,3.9661598,2.7270133,3.66424,3.02871,2.5746503,2.6240597,2.9506671,3.2121043,3.1227295,3.1156733,3.1641572,3.1851969,2.678835,2.4303281,2.832427,2.8667758,2.7355094,2.6931252,4.037514,3.9572837,2.7268639,3.3835409,3.1472588,3.0619178,3.3321342,3.538884,3.2861154,3.3936453,3.4830425,3.2500224,2.885394,3.3024218,3.5450635,3.489206,3.2510648,3.1124203,3.596855,3.9542234,3.0633771,4.1167727,3.1324682,3.2786648,3.3248336,3.4947746,3.3094893,4.4765944,3.506124,3.9872959,3.8722322,3.9627223,3.7348652,3.7990746,3.914,3.9364018,3.3366964,3.6126986,3.5972834,3.604721,4.9252133,4.846005,4.040475,3.3758411,3.7112737,4.6421356,3.4842584,3.4084852,3.2438211,3.6333208,3.9715161,3.9993715,3.760849,3.6424484,3.644472,3.823717,3.6327262,3.4904752,3.9536197,4.217741,3.7109263,3.5696106,3.7975676,3.8239832,4.1900363,3.9980419,4.1628833,4.241296
25,2.8169296,3.011461,2.848308,2.870616,3.2143736,3.2181327,2.8682399,2.9716082,3.5760396,3.4945793,3.4731486,3.2300212,4.209727,4.2043495,4.0792828,4.0895824,2.6711986,3.3842602,3.144273,3.0074825,2.8302155,2.8893356,3.2539175,2.9042592,1.1247425,0.0,2.9533374,2.8796422,3.2542868,3.0808954,2.7125168,2.641483,2.8546333,2.741422,2.8484008,2.7887611,3.510361,3.064714,3.9574046,3.1930234,2.8931231,4.645745,4.298177,2.7045317,3.814882,3.1626897,2.677525,2.7327702,3.2873328,3.5463321,3.5142465,3.5060108,3.576561,3.5732226,3.0595014,2.8870082,2.9778454,3.0336049,2.8047512,2.7815437,4.196389,4.1657925,2.7326655,3.4873366,3.291229,3.1387517,3.526407,3.6267188,3.2342274,3.3457117,3.4585042,2.9538038,3.023202,3.1299498,3.704385,3.4550638,3.315905,3.2537227,3.4969554,3.9363184,3.131558,4.174001,3.0657005,3.271021,3.3761303,3.5132356,3.343767,4.5491223,3.5468786,4.050213,3.825473,3.9504344,3.7296295,3.8022907,3.7299569,3.704611,3.4745257,3.7356503,3.8768988,3.8872888,4.889792,4.777502,4.1370654,3.4709957,4.061068,4.6030927,3.5441813,3.5193005,3.3885856,3.8394651,3.9450972,4.016701,3.980869,3.8766892,3.8747492,4.0040293,3.733548,3.6410828,4.174351,4.4689965,3.9251137,3.7792292,4.162685,4.155475,4.332733,4.09195,4.2784967,4.3733687
26,2.8378391,3.0132565,2.8186507,2.8770545,2.7030475,3.0604565,3.0709417,2.8079193,3.634168,3.576712,3.1425402,2.9897115,3.5091972,2.9941502,3.4544399,3.4582324,2.550417,3.132045,2.9098008,2.7237668,2.7147574,2.795578,2.7972686,2.4507341,3.215704,2.9533374,0.0,2.6400514,3.0701544,2.5339994,2.5101826,2.0810757,2.928582,2.265509,2.4712536,2.1145537,3.2656045,3.0618367,3.5267532,3.0937908,2.539021,4.468591,4.9655294,2.3706582,3.617544,3.158744,2.451018,2.3652458,3.066079,3.3588605,3.379342,3.3739476,3.4861262,3.390504,2.9703584,2.9367952,2.818006,2.9472284,2.5044644,2.5610576,3.1456378,3.3462794,2.4172938,2.5460033,3.63957,3.3900466,3.5757866,3.6893363,2.9688897,3.3037674,2.8198311,2.5660071,3.037656,2.7591789,3.7595003,3.320531,3.092821,3.0623705,2.8170354,3.6034572,3.1919875,3.482508,3.1137953,3.1332781,3.2810104,3.425358,3.0002306,4.6628137,3.4581614,4.2149224,3.6670525,3.8196652,3.6170158,3.97819,3.3452802,3.2087567,3.3267274,3.6498532,3.550234,3.5618753,3.5370958,3.7086384,3.7451596,3.05726,4.369211,3.6819217,3.4785035,3.5311618,3.9019868,3.0850415,3.1423633,3.2296283,3.3367891,3.1799047,3.0558345,3.2226462,3.212408,3.0293653,3.236164,3.3660035,3.251331,2.9873548,3.5035481,3.590139,4.0880065,3.989686,3.915414,3.9740725
27,2.6912894,2.8864067,2.7555978,2.7535453,2.88137,2.8337634,2.7916768,2.53856,3.483876,3.3992002,2.9629834,2.7889435,3.4499588,3.5151153,3.276838,3.2868698,2.3586106,3.10182,2.9012067,2.8535182,2.4435034,2.519563,2.9415443,2.6165617,2.8644214,2.8796422,2.6400514,0.0,3.3861113,3.2488017,2.9950106,2.6271505,2.5392036,2.4672616,2.15824,2.333992,2.6194317,2.7258074,3.4282472,3.1903527,1.7995217,3.948987,3.8987315,1.8255433,3.1684258,2.7482488,2.0572653,2.0170941,3.0058482,3.2774806,3.290602,3.2894142,3.4265342,3.3595202,2.84118,2.708446,2.7797327,2.8021674,1.8724709,1.9042695,2.3672976,2.5508296,2.5502865,2.9223578,3.1955397,3.0537443,3.1842039,3.3985822,2.9064603,3.239613,2.899396,2.5357695,1.8068826,2.2350957,3.3743682,2.8018243,2.8485491,3.0252182,3.30208,3.1086419,2.3749096,2.902824,2.9392843,3.3474398,2.3823888,2.5561438,2.448001,4.4505987,2.8543608,3.7155385,3.4374993,3.7735596,3.5615737,3.7343128,3.556349,3.4416387,2.7783444,3.8948674,3.738058,3.7626684,4.015437,3.819502,3.8585193,3.159709,3.5594752,4.181969,3.5918374,3.5737538,3.472295,3.2279985,2.9928222,2.950704,2.5944054,2.7049172,3.2170897,3.3346095,2.92326,2.650799,3.5808232,3.678637,2.9174516,2.7401001,3.6706157,3.2620058,3.8202531,3.832351,3.43931,3.5601835
28,2.1846263,2.3534772,2.2628574,2.3179777,2.7082407,2.5911875,2.5632284,2.586969,2.4562955,2.3512495,2.7951643,2.5607817,2.5538635,2.6538892,2.6215951,2.6290436,1.6887254,2.3521154,1.909808,1.833217,2.3456342,2.3416312,2.695483,2.1795027,3.063257,3.2542868,3.0701544,3.3861113,0.0,2.5288832,1.5912982,1.8710552,2.8824008,2.5813382,2.781836,2.8846526,3.4618099,2.9146316,3.1607518,2.2240324,2.737896,4.0642166,3.7780035,2.5119674,2.4125683,2.4740248,2.2891061,2.3659441,1.9975907,2.2139819,2.155868,2.1490397,2.6970148,2.6070235,2.13622,2.116295,2.5698078,2.6300755,2.6940558,2.631535,3.0255141,2.876186,2.1070054,2.3470616,2.2393324,2.0502634,2.3482907,2.5624406,2.4289408,2.0754652,2.7946985,2.8443365,3.2511885,3.3802948,3.2148957,3.1390495,3.7986245,3.626339,2.7201242,3.727284,2.8887153,3.1525753,2.8497937,2.661057,2.9947906,3.3050036,3.047191,3.6899984,2.695301,2.9265296,3.0486972,3.23564,3.2350888,3.0845382,3.0663257,3.1516745,2.9869745,2.5833135,2.977681,2.9736462,3.5198119,3.531313,3.5389931,2.8486385,2.957296,2.9113953,2.2542362,2.2652607,2.9743955,2.5762103,3.0201209,2.9652295,3.4012458,3.1884124,2.8604538,3.110558,3.3474443,3.155107,3.3643792,3.5731444,2.8247542,2.6798406,2.943398,3.142343,3.0143638,2.9692705,3.035136,3.0053217
29,2.0756571,2.3797245,2.1688716,2.2180352,3.3538733,3.3201604,3.3386521,2.6263044,2.5556314,2.4790843,2.8434074,2.5858743,2.5671513,2.5281827,2.631487,2.6183743,2.0254118,2.6450393,2.2981782,2.2173798,2.3717546,2.4623868,2.6671448,2.257795,2.8959374,3.0808954,2.5339994,3.2488017,2.5288832,0.0,1.5583168,1.7514225,2.7998009,2.296604,2.6274657,2.635513,3.4478269,3.0188987,3.399957,2.22074,2.8830478,4.2420735,4.1165385,2.5524318,2.6495793,2.5563662,2.524689,2.3970265,2.4052122,2.6722414,2.5462618,2.5340533,2.983825,2.8815072,2.4084694,2.3621247,2.585131,2.6086164,2.7975888,2.7581732,3.1137161,3.0310705,2.3342547,2.4537928,2.7154536,2.5715244,2.7166421,2.9287252,2.7474623,3.1209655,2.8338618,2.8953705,3.1763704,3.226754,3.3844101,3.236142,3.4306831,3.3047535,2.8977056,3.8091023,3.1616015,3.9416406,2.9134123,2.735902,3.3375514,3.5382447,3.2177474,3.908073,2.9932556,3.2439861,3.506859,3.5499198,3.3416662,3.403981,3.1351318,3.2229311,2.9861822,2.620799,2.9652686,2.9591422,3.383161,3.4241405,3.441634,2.771494,3.417928,3.2731683,2.630036,2.6349137,3.1556492,2.6268203,3.2551017,3.2620065,2.7866545,2.5057135,2.0963066,2.5252106,2.4515402,2.242811,2.4898,2.7481503,3.0058799,2.659601,2.9467905,3.2050989,3.219014,3.1845922,3.2695274,3.2495887
30,1.759515,2.0468066,1.7446638,1.8190033,2.6680834,2.6717567,2.682356,2.3846612,2.3395588,2.2305453,2.8120012,2.4984508,2.1692686,2.3935764,2.0929208,2.0994945,1.4513104,2.3447094,1.8419927,1.8753512,1.9026704,1.8981991,2.209696,1.5993345,2.680401,2.7125168,2.5101826,2.9950106,1.5912982,1.5583168,0.0,1.1259556,2.2615566,2.0182633,2.2756643,2.2225864,2.9888127,2.359111,3.093235,1.5640562,2.5696929,4.1814375,3.7460852,2.0610375,2.2473235,2.0346272,2.027726,1.9625939,2.2797663,2.5072489,2.3777122,2.3850968,2.755921,2.7131917,2.116665,2.0397716,2.0513625,2.1500661,2.4619715,2.412659,2.7864373,2.703298,1.6765479,2.0341742,2.2485893,1.999676,2.313369,2.4018023,2.2697744,2.1320744,2.690822,2.3340113,2.8998947,2.8964233,2.9094915,2.8623984,3.080226,2.9345043,2.4959748,3.599402,2.7933424,3.2078533,2.4695702,2.2369106,2.9526675,3.156729,3.0934532,3.5689013,2.6817575,2.853208,2.9975104,3.0371532,3.044825,2.9016535,2.689609,2.7625463,2.94713,2.4638453,3.1407115,3.137424,3.3765795,3.218741,3.4221745,2.7398815,3.1587195,2.8759127,2.1101816,2.1240358,2.949461,2.4618566,3.011459,3.0225263,3.0531082,2.778167,2.439901,2.8228385,2.8485954,2.645606,2.972976,3.269049,2.8317163,2.5402024,2.9434018,3.2527437,3.0184383,3.0134938,3.1416545,3.0967157
