,0,1,2,3,4,5,6,7,8,9,10,11,12,13,14,15,16,17,18,19,20,21,22,23,24,25,26,27,28,29,30,31,32,33,34,35,36,37,38,39,40,41,42,43,44,45,46,47,48,49,50,51,52,53,54,55,56,57,58,59,60,61,62,63,64,65,66,67,68,69,70,71,72,73,74,75,76,77,78,79,80,81,82,83,84,85,86,87,88,89,90,91,92,93,94,95,96,97,98,99,100,101,102,103,104,105,106,107,108,109,110,111,112,113,114,115,116,117,118,119,120,121,122,123,124,125,126,127
0,0.0,1.646658,1.8071728,1.6496047,2.1998568,2.1323774,2.065357,2.3987157,1.5672295,2.1647873,1.0939355,1.8230232,1.5669479,1.9827538,2.1992648,2.5523102,1.6230562,1.3646727,1.442418,1.8713716,1.8977518,1.6331187,1.3299756,1.9211005,1.3928851,1.6742148,2.3861635,2.8989599,2.850747,2.5391943,2.2316513,2.255978,2.184012,2.427624,2.4008815,2.5781465,1.0925782,1.2112203,1.2943186,2.0798047,1.8533684,0.9256131,1.6198583,1.5342443,1.5336938,2.199447,1.8835276,1.9937568,1.572514,1.5217233,1.5088562,1.5466844,1.9158671,1.3606244,2.9508533,1.4253075,2.2802498,2.3004236,2.4427564,2.5288894,1.3437861,1.6119702,1.6556994,1.2249162,1.5465404,2.082391,1.7795961,1.7292274,2.1622133,2.409152,2.2477996,2.720865,2.327856,1.7836466,2.2101204,2.148943,1.6736685,1.79669,1.7561768,1.7609463,1.5284686,1.5974419,1.1669687,1.4558316,1.5514761,1.2282494,1.9407307,2.891515,2.3209305,2.4831052,1.5465882,1.9268061,2.2406356,1.854462,1.512757,1.5953133,1.2729422,1.8927429,2.475171,1.8826158,2.1975782,1.1860452,2.6681578,2.1870406,2.646568,1.9174219,2.081042,2.0085895,1.182293,1.9053775,2.7572906,2.481893,3.072744,2.8734338,3.0894115,3.1102152,1.5636175,1.5034039,2.4296691,2.5139582,2.4382343,2.6083918,1.9582428,2.7180083,2.1742063,1.7493796,1.8630797,1.6469916
1,1.646658,0.0,1.3908274,1.4358286,1.6358056,1.4932879,1.371152,1.4869834,2.1402864,1.5348814,2.0494077,1.4976771,2.2120028,1.4720339,1.6189381,2.0227451,2.332537,2.191881,2.3675094,2.4244444,2.9058666,2.1324484,2.2072477,2.6945229,1.9672905,2.4023058,2.4822075,2.2206302,2.5917795,2.4144576,1.9892277,2.212522,2.2949102,1.5112975,1.621133,1.836355,2.0526247,1.9377651,1.8726954,1.9345635,1.7586509,1.6967965,2.2191718,2.1906404,2.2155764,1.749183,1.3962526,1.437429,2.3537595,2.4246485,2.122798,2.2765758,2.3771238,2.066928,2.6019464,1.5776678,2.3103955,2.340819,2.4251866,2.297742,2.1883528,2.109244,1.5217513,2.0363793,1.3165611,1.8229492,1.5369064,1.4977773,1.972197,1.6881628,2.0235744,2.0250127,2.2700171,1.5206629,2.2802792,2.3053005,2.0705452,2.1714349,2.1197584,2.095353,1.9802619,1.5705724,2.0288436,1.9580948,1.3473073,1.9656721,1.3363551,2.4351413,2.439012,2.6126258,2.1966486,2.3438387,2.5025458,2.1923883,1.7413636,1.750721,1.9937809,2.3223512,2.8416662,2.3399117,2.3219867,1.9163557,2.480802,2.2944455,1.8938402,1.8538083,1.9574758,1.9551804,1.241142,1.8083986,2.7636206,2.3305764,2.1838741,2.629112,2.563603,2.6489928,2.3107,2.1294253,2.7789974,2.5653377,1.706093,1.9598995,2.1570065,2.70526,1.548982,2.4314759,2.0574956,2.2463202
2,1.8071728,1.3908274,0.0,2.5483875,2.8250945,2.7298226,2.6667547,2.381377,2.345527,2.1007328,2.0150845,2.046451,2.1451046,2.5180557,2.7199135,2.9963708,2.420707,2.2833054,2.315338,2.1759036,3.0097158,2.1112883,2.0628536,2.560753,2.3291113,2.3331044,2.531842,2.589799,3.2203135,3.1598537,2.7205937,2.8739712,2.009496,2.2838573,2.4226615,2.5795884,1.9836497,2.0654678,2.1364772,2.8076758,2.4094903,1.7243819,2.3376248,2.3606188,2.332388,2.8567047,1.9137442,1.9804872,2.463381,2.5286276,2.099789,2.3003235,2.570182,2.1889222,3.318669,1.5845844,2.7675734,2.828416,2.9619079,2.7472064,2.1900113,1.9735507,2.320717,1.9638518,1.5512874,2.072272,1.6646885,1.6496532,2.2309968,2.5060525,2.2855902,2.7572649,2.303845,1.8040924,2.3741293,2.2248988,1.7000016,1.788021,1.8297107,1.624257,2.4056814,2.1915689,2.0688882,2.0702124,1.5959051,1.9431905,2.0660992,2.8465848,2.1121323,2.3363137,2.344529,2.6476927,2.409196,2.285604,1.5715622,1.6183387,2.489012,2.8885536,3.3460796,2.8233418,2.3139918,2.054636,3.5160832,3.0833395,2.7616153,1.9247851,2.0432243,2.0633967,1.4020839,1.902442,2.8522036,2.3594315,3.1991036,3.728596,3.6403759,3.5837553,2.2053974,2.1487374,2.9375484,2.5172644,2.55529,2.6172533,2.08702,2.6265411,2.2023203,2.6825292,2.8470244,2.574406
3,1.6496047,1.4358286,2.5483875,0.0,1.0576397,0.9361122,0.87069935,1.900682,2.0996509,1.8735188,2.1219752,1.5491754,2.4814146,1.3813099,1.43161,1.894262,2.3453503,2.2349024,2.467588,2.7132275,2.858411,2.4934227,2.4904292,2.7451103,1.8254501,2.6113346,3.1467624,3.0669012,2.6350763,2.2606032,1.9392983,1.999185,2.8569343,1.9289196,1.7237988,1.9596609,2.246211,2.029007,1.9399594,1.5503727,1.8816894,2.0108297,2.358071,2.267788,2.1382482,1.0997876,1.862193,1.9053508,2.3036036,2.276399,2.282663,2.3139925,2.4263732,2.125931,2.5583916,2.0949066,2.0047927,1.9677563,1.995578,2.0968182,2.2053053,2.343087,1.4366078,2.292886,2.055658,2.392196,2.3008037,2.2426584,2.3832638,1.9504356,2.4449255,2.2831955,2.5378067,2.0737176,2.5062857,2.6090257,2.6038074,2.6818995,2.7238069,2.7851667,1.7156016,1.6003225,2.0882928,2.2209036,1.8873732,2.2359958,1.718721,2.8043764,3.164026,3.284165,2.1664758,2.2279465,3.0147576,2.4549766,2.3244088,2.3534172,1.7044066,2.102911,2.6267169,2.1220698,2.672044,2.0709527,1.969077,2.0170171,1.8212953,2.2237391,2.3365629,2.2388434,1.8219081,2.1920528,2.770958,2.5834293,2.2307906,1.7991022,2.2421012,2.1815658,2.533988,2.312095,2.8805478,2.9264653,1.779341,2.1076627,2.410117,3.0793993,1.9358131,2.375066,1.4206272,2.0434644
4,2.1998568,1.6358056,2.8250945,1.0576397,0.0,0.45167148,0.759765,1.7537622,2.4369597,2.0529764,2.5260408,1.6681402,2.731423,1.3027292,1.1976041,1.6506808,2.6649737,2.5702038,2.8257058,3.0814233,3.1301246,2.78648,2.8021843,2.8485594,2.1525903,2.769127,3.1372435,2.843584,2.7562206,2.4480572,2.0804439,2.2434976,3.1125767,1.9052149,1.690775,1.9733433,2.5570858,2.2096796,2.168505,1.5432942,2.1403491,2.322252,2.5066712,2.4752712,2.4746099,1.0462116,2.028443,2.063995,2.6423848,2.6956215,2.6837382,2.734408,2.7094462,2.418954,2.5902665,2.3153722,2.3232212,2.3265657,2.2892003,2.3851786,2.6082163,2.7951815,1.5423757,2.5953672,2.1676495,2.3993342,2.50129,2.45444,2.378995,1.7869631,2.4093113,2.0236957,2.8412373,2.219445,2.7534359,2.6338964,2.8382154,2.9180481,2.9395533,2.9417946,2.1501694,1.6379455,2.476936,2.3694255,2.0392694,2.5050638,1.7056794,2.690703,3.3713186,3.4898345,2.4958336,2.4922493,3.0787373,2.442401,2.5560613,2.546609,2.015169,2.229042,2.7638383,2.3330443,2.9136884,2.3919835,1.9124506,2.0528238,2.1622698,2.6938274,2.6837664,2.668905,2.10447,2.63281,3.2162929,2.925528,2.5854554,1.322193,2.5878453,1.7490132,2.55035,2.4415874,2.7130818,2.8459318,1.5010062,1.6800961,2.4825044,2.922614,1.6199585,2.3044531,1.2706285,2.0433595
5,2.1323774,1.4932879,2.7298226,0.9361122,0.45167148,0.0,0.42963696,1.6426775,2.4448164,2.0735734,2.5251577,1.7251314,2.678916,1.2171338,1.1618856,1.6712404,2.6726725,2.613219,2.8562589,3.1087375,3.1744826,2.8316,2.7812796,2.9808755,2.1731024,2.8186927,3.0390751,2.7795534,2.7216663,2.3842607,1.9399343,2.1780827,3.0909927,1.9067268,1.7742541,1.9794714,2.5617552,2.2674546,2.1885693,1.5604887,2.0714939,2.2626212,2.6220264,2.6003103,2.4672272,1.0141226,2.0538094,2.0814157,2.665543,2.7469304,2.7099948,2.7374825,2.6940317,2.4587262,2.4403324,2.3272302,2.2406285,2.2415073,2.266415,2.3601694,2.6141682,2.7546754,1.4860961,2.560032,2.132535,2.4177074,2.4223795,2.3773086,2.4289134,1.8142076,2.4750154,2.1002393,2.745738,2.1322472,2.7165709,2.7589612,2.8205254,2.9174552,2.9100163,2.92413,2.1496007,1.6054662,2.463581,2.3607335,2.024948,2.4828348,1.7091367,2.7625885,3.2834904,3.4295316,2.4769902,2.4951704,3.0397606,2.4814758,2.5441415,2.5387726,1.9738748,2.2365952,2.756165,2.3476083,2.961107,2.3480015,1.8887274,2.046586,1.8981724,2.4727182,2.5293217,2.516058,2.0816596,2.4200597,3.111601,2.7667644,2.436299,1.5238808,2.4434283,1.907277,2.6235495,2.43783,2.8862262,2.9893982,1.5754327,1.8230232,2.5952597,3.0702872,1.7191166,2.4015043,1.4221449,2.055948
6,2.065357,1.371152,2.6667547,0.87069935,0.759765,0.42963696,0.0,1.6721077,2.4072368,2.0095656,2.4674635,1.7841982,2.6170661,1.0773424,1.053494,1.6190209,2.6400867,2.5662813,2.8031433,3.0497365,3.1259763,2.7735014,2.7047386,3.099996,2.1383288,2.7952445,2.9395068,2.6707242,2.6670382,2.3117757,1.8610626,2.1201794,3.0394385,1.8400596,1.7415569,1.9320456,2.493324,2.2824583,2.1483705,1.5313885,1.9507641,2.1756647,2.569505,2.5432692,2.4454792,1.0270374,1.9649415,1.9865148,2.630628,2.7026453,2.6420448,2.672599,2.6350853,2.4141915,2.40299,2.28088,2.2008069,2.2044756,2.2425878,2.3336308,2.568894,2.7042344,1.4082052,2.4976423,2.030097,2.3324437,2.3195248,2.2748163,2.3772268,1.7376328,2.42109,2.0471876,2.7351158,2.0552511,2.6921182,2.8641725,2.743686,2.8474114,2.8329525,2.860199,2.0686932,1.5693004,2.3956463,2.2927542,1.9582198,2.407915,1.6313457,2.7098982,3.1961799,3.3461425,2.4503233,2.468785,2.9699023,2.4551756,2.4672697,2.4634655,1.9100444,2.1711454,2.7162712,2.298202,2.8933003,2.255884,1.8336774,1.9867251,1.8279899,2.4054692,2.4639459,2.4455888,2.0067105,2.3493507,3.0762503,2.7117643,2.0964305,1.7471527,2.0878515,2.0825353,2.7174044,2.5367732,2.981588,3.0729046,1.7559217,1.9972451,2.7357042,3.1869879,1.8719622,2.535173,1.6423218,2.209022
7,2.3987157,1.4869834,2.381377,1.900682,1.7537622,1.6426775,1.6721077,0.0,2.8204074,2.2443876,2.755929,2.0461266,2.889962,1.664887,1.6915866,2.1213715,2.963188,2.8737192,3.0913184,3.1807756,3.4913383,2.8411498,2.981597,3.118592,2.627671,3.1658351,2.7576137,2.3596916,2.9142656,2.6546097,2.2528727,2.5584183,3.1076825,2.0711737,2.5322292,2.694999,2.6915019,2.2776487,2.1392844,1.7134142,1.5292487,2.4645357,2.7220223,2.7331812,2.8381963,1.7619641,2.099649,2.0714293,3.0288439,3.0255768,2.7868936,2.8727925,2.8552823,2.6238973,2.3268187,2.3350592,2.648162,2.7717528,3.0749326,3.0300355,2.9907773,2.9857388,1.9391102,2.6885514,2.273627,2.5997405,1.7100285,1.694615,2.5521157,2.0461295,2.616212,2.3695722,2.7638984,2.3754814,2.8403418,2.755699,2.9475348,2.969756,3.0101247,2.7370317,2.455058,1.8698432,2.6498308,2.5960631,2.1995883,2.643982,1.9600658,2.4061759,2.3948684,2.6524541,2.712982,2.8328402,2.4562562,2.706427,2.606073,2.6099434,2.3040872,2.7764287,3.3047874,2.8637345,2.9677987,2.67217,2.4594839,2.570166,2.1489546,2.5585008,2.6263692,2.6200585,2.1272266,2.5606391,3.442894,3.012752,2.666026,2.265598,2.8178258,2.1939526,2.8135948,2.5814006,3.078704,3.0166793,1.9073122,1.9300227,2.6676555,3.1691127,1.8588717,2.7195642,2.0871952,2.512973
8,1.5672295,2.1402864,2.345527,2.0996509,2.4369597,2.4448164,2.4072368,2.8204074,0.0,1.5111774,1.2382704,1.7882662,1.7013265,1.9472979,2.138013,1.8974065,1.7534897,1.5063422,1.4840194,1.8119707,1.8251152,2.0465338,1.9229352,2.1656826,1.8578267,1.5050124,2.6637952,2.8725336,2.491285,2.621215,2.3197663,1.9164653,1.8814864,1.9759511,2.404823,2.6252098,1.5879102,1.564018,1.3927939,2.0432625,2.3900163,1.8118465,1.8730963,1.911906,1.7582251,2.2578812,2.1881714,2.2467618,1.4641201,1.9146291,1.5414454,1.5451113,1.8017188,1.2932689,3.361838,1.7435724,2.319584,2.5270202,2.639892,2.7165184,1.8966038,2.244316,2.0940988,1.9270924,1.8881844,2.067295,2.0541682,2.0389717,2.0374186,2.282637,2.1003036,2.5987961,1.9849006,1.4745699,1.801663,1.8586481,1.9236735,2.1296446,1.5421925,2.2060685,1.4557416,1.6355503,1.2191298,1.2256793,1.2977535,1.4443508,1.8411483,2.5101013,2.4468298,2.4117117,1.3695062,1.2251197,2.387779,1.7597927,1.3421706,1.2938921,1.4127939,2.4180367,2.3404756,1.2014594,2.4124842,2.0192046,3.2944179,2.9576387,2.8527896,2.329667,2.1263406,2.0686836,1.7131876,2.2893395,2.2704983,2.5373974,3.0612783,2.9931028,3.1129513,3.2668238,1.9645579,2.3213377,2.35343,2.4118557,2.5275946,2.7606862,2.2840493,2.2067256,2.3853934,2.0964935,2.0477874,1.8951733
9,2.1647873,1.5348814,2.1007328,1.8735188,2.0529764,2.0735734,2.0095656,2.2443876,1.5111774,0.0,2.001559,1.3416059,2.2921567,1.6308563,1.7126597,1.4360096,2.3172731,2.1890874,2.2936995,2.2640555,2.7992442,2.3586388,2.5850332,2.767934,2.2083807,2.2881958,3.0436523,2.6195312,2.3606958,2.5868626,2.273647,2.0401454,1.9555094,0.9375316,1.5933208,1.8420116,2.2614698,2.0993643,1.8837461,1.9439656,2.2055988,2.2578056,2.2366304,2.2692776,2.2030346,1.8340361,1.7563035,1.7617706,2.316135,2.578252,2.0359707,2.20245,2.1771686,2.0027966,3.1957412,1.9487232,2.3532526,2.5648088,2.6035433,2.4768212,2.4959528,2.5881338,2.0603883,2.5214598,1.805514,1.9268954,1.9280643,1.9062754,1.9278456,1.6819444,1.9537178,2.0055435,1.9022994,1.3880588,1.8827634,1.8992046,2.203454,2.3317583,2.135633,2.4427264,1.7244806,1.7002931,1.9757203,1.8931059,1.196319,2.0835211,1.3718123,2.064977,2.6422412,2.5546114,1.9409297,1.6851677,2.639656,2.1181395,1.6357883,1.5780439,2.0771055,2.7865548,2.7418242,1.8519713,2.4372578,2.5241158,3.1428087,3.037607,2.3200638,2.4325469,2.1881554,2.1330633,1.7311823,2.3600492,2.3925798,2.5761018,2.2072616,2.736806,2.6184313,2.6984017,2.6059604,2.7611094,2.715006,2.4681268,2.0493786,2.0728145,2.3645704,2.2786179,1.9445058,2.7285779,2.2084255,2.53524
10,1.0939355,2.0494077,2.0150845,2.1219752,2.5260408,2.5251577,2.4674635,2.755929,1.2382704,2.001559,0.0,1.5482917,1.2562102,2.0001273,2.2202902,2.490123,1.407961,1.0843599,1.145037,1.4780347,1.8286073,1.575596,1.0942366,1.6906545,1.2892562,1.2563679,2.5072777,2.8457336,2.8272052,2.6030264,2.158466,2.1532574,1.9896759,2.4190903,2.3460968,2.521596,0.83437514,1.0388404,0.96060985,2.0698168,2.0493138,1.1877859,1.4673413,1.4763339,1.2834922,2.3345373,1.8428915,1.9302762,1.3186324,1.339867,1.0332023,1.062539,1.430633,0.8394696,3.2479794,1.3342499,2.1276932,2.3521953,2.4066014,2.4672697,1.264661,1.7453716,1.8211529,1.2507896,1.6071503,1.8526707,1.8357284,1.8100086,1.793469,2.2444544,1.8516725,2.486087,2.2577417,1.7777401,1.9782159,1.9529648,1.5410799,1.6465904,1.5957974,1.563619,1.2448192,1.4542545,0.6831856,1.0743722,1.2258732,0.6010914,1.7104468,2.3511302,2.177799,2.164734,1.1587913,1.5528083,1.9231086,1.2827504,0.912098,1.0186682,1.0527719,2.1694422,2.6738334,1.8170493,1.855118,1.2273158,3.0992918,2.6354918,2.9105582,2.1551545,1.9416738,1.875338,1.3037927,2.051637,2.5776768,2.318202,3.1825464,3.0166502,3.21295,3.1986346,1.4267322,1.9446188,1.9914505,2.0242057,2.6339407,2.622559,2.126366,2.305395,2.3657732,1.9465119,1.9841478,1.6635569
11,1.8230232,1.4976771,2.046451,1.5491754,1.6681402,1.7251314,1.7841982,2.0461266,1.7882662,1.3416059,1.5482917,0.0,2.0882168,1.5123304,1.6121068,1.9333756,1.9846053,1.8567834,2.072961,2.0738935,2.772029,2.135293,2.0958848,2.1028454,1.5498081,2.0561094,2.9899418,2.7062654,2.6033545,2.4328532,1.8536289,1.9308597,2.3083253,1.6696975,1.378413,1.6414442,1.9242363,1.6446013,1.5433749,1.696104,1.9399666,1.9156948,2.0731297,2.057913,1.8208691,1.5416647,1.389095,1.4208298,2.0578468,2.1021256,1.7147702,1.8422068,1.9217675,1.6287395,2.903191,1.593239,1.8003519,2.042098,1.9523228,1.8490587,1.9336543,2.1180177,1.5262421,2.0265858,1.7397115,1.874549,1.9435858,1.909899,1.7302498,1.5661298,1.7694142,1.8225174,2.1476393,1.749119,1.9829879,1.8033657,2.1695073,2.2258914,2.2822156,2.1859655,1.5417072,1.3555675,1.7287436,1.8480321,1.1918788,1.6671765,1.1416568,1.9671901,2.6826253,2.6409109,1.701001,1.7943288,2.4623747,1.7650238,1.4879643,1.5224503,1.635226,2.4596288,2.9162586,2.1198924,2.098325,1.9733841,2.7601771,2.6285942,2.1647878,2.1947706,1.9452074,1.8776188,1.4731354,2.0612352,2.4333203,2.1704175,2.6483197,2.1736271,2.9046056,2.2388375,1.9704762,2.1915681,2.1562417,1.8942099,1.6950333,1.5847032,1.9514554,2.1343753,1.6671324,2.3217306,1.5055236,1.8482515
12,1.5669479,2.2120028,2.1451046,2.4814146,2.731423,2.678916,2.6170661,2.889962,1.7013265,2.2921567,1.2562102,2.0882168,0.0,2.1274657,2.3262475,2.6124396,2.0227463,1.8693037,1.8805797,2.2001283,2.2484035,2.0496612,1.6407976,2.2657237,2.0490637,1.8325306,2.5854592,2.9155576,3.156347,2.942273,2.5545547,2.8547714,1.6426578,2.6434834,2.6394346,2.4884536,1.310628,1.5636635,1.5208498,2.5459142,2.473974,1.4400533,1.6926365,1.8314476,1.0472062,2.6406376,2.2602525,2.352677,2.152769,2.2375422,2.0679069,2.0901465,1.0592349,1.819097,3.5904539,2.0714984,2.738027,2.9502218,3.0699391,3.1238031,2.142583,2.4842584,2.4276123,2.0027676,1.7510157,1.9898933,2.0925553,2.0718055,2.004931,2.4332163,2.0298722,2.6253479,2.589844,1.8478144,2.4801352,2.472303,1.712824,1.8355951,1.8218589,1.8083475,1.7364562,1.6556065,1.1944468,1.097843,1.426748,1.1942772,1.9665625,2.589598,2.2438617,2.0774786,1.6762317,1.9977803,2.0838904,1.5413014,1.3623804,1.4165976,1.5105017,2.3540785,2.5926673,2.1481223,2.1711226,1.5533985,3.277841,2.758723,3.2008152,2.4228234,2.2348888,2.2447073,1.6733601,2.303856,3.206206,2.8303523,3.4401908,3.3529558,3.476911,3.5137868,1.8026801,2.288061,2.297999,2.3874469,2.7681818,2.8818004,2.5818505,2.5495229,2.442536,2.0130005,2.3489766,1.9237611
13,1.9827538,1.4720339,2.5180557,1.3813099,1.3027292,1.2171338,1.0773424,1.664887,1.9472979,1.6308563,2.0001273,1.5123304,2.1274657,0.0,0.3236351,1.1986853,2.4336624,2.321207,2.5425956,2.797949,2.846917,2.466745,2.4345045,2.9065387,2.076416,2.505553,2.7160795,2.3770492,2.5202591,2.189085,1.7907954,2.0225933,2.747525,1.7234938,1.8555638,2.0533268,2.1143394,1.9145474,1.5835,1.0795238,1.7000381,1.9545932,2.1015313,2.201694,2.1680162,1.0449612,1.8366317,1.8419682,2.3443844,2.42148,2.155397,2.1928043,2.1180296,1.8556482,2.59914,2.0003657,2.0387754,2.3200505,2.4795783,2.5487127,2.422614,2.727284,1.3882843,2.2552161,1.7149093,1.8497019,1.8800025,1.8556626,1.8556278,1.308639,1.8934325,1.6405581,2.6076121,1.8035527,2.530454,2.6881287,2.4735298,2.5786576,2.5494547,2.5335116,1.5278136,0.94056666,1.8114485,1.6650913,1.3708586,1.8563776,1.101496,1.9014477,2.529378,2.702775,1.9963418,2.0439355,2.31523,1.8981123,1.9149427,1.9039216,1.3585683,2.2535539,2.8065822,2.0569692,2.4207506,2.0147526,2.224847,2.2174091,2.1597104,2.47087,2.2652903,2.2493165,1.7649542,2.3464003,3.0488236,2.6455276,2.1305919,2.0010235,2.1210153,2.2613153,2.4885712,2.651581,2.5344803,2.6563807,1.8284607,2.021082,2.8161607,2.8165827,1.7397537,2.2931557,1.6259549,2.0552425
14,2.1992648,1.6189381,2.7199135,1.43161,1.1976041,1.1618856,1.053494,1.6915866,2.138013,1.7126597,2.2202902,1.6121068,2.3262475,0.3236351,0.0,1.1356666,2.599361,2.506243,2.7403612,2.9904003,3.0138795,2.6338758,2.6592622,3.0522766,2.2284799,2.6847615,2.9119465,2.496063,2.576753,2.2510412,1.8974173,2.1429062,2.8975368,1.7417512,1.8237457,2.0308084,2.303592,2.0669813,1.7619156,1.0770589,1.806598,2.1504002,2.2190742,2.3259754,2.299774,0.96041566,1.9469299,1.9465921,2.5344048,2.5934439,2.365213,2.4063325,2.272852,2.0720897,2.6466525,2.2020452,2.1706963,2.4357624,2.562238,2.6355124,2.6200116,2.9226508,1.5122067,2.47514,1.8832773,1.9854189,2.0831528,2.0556123,1.9846176,1.3436105,2.006371,1.6229509,2.7132812,1.9715067,2.6422133,2.7749183,2.6157818,2.6997433,2.7677455,2.6932142,1.6447375,1.0658137,2.0295537,1.854639,1.564549,2.0907457,1.1963156,1.9368125,2.7482255,2.8958814,2.16477,2.1633883,2.461048,2.0042007,2.136751,2.1200655,1.571237,2.3560932,2.8858092,2.1889935,2.5677724,2.2233388,2.189853,2.2584026,2.2151039,2.6611302,2.4530122,2.4395552,1.9482056,2.5428014,3.209295,2.82614,2.1219034,1.8604804,2.0881772,2.0660832,2.6602337,2.8077054,2.6279612,2.7801595,1.8805636,1.92914,2.9186633,2.9134548,1.7695285,2.4104533,1.6627426,2.202535
15,2.5523102,2.0227451,2.9963708,1.894262,1.6506808,1.6712404,1.6190209,2.1213715,1.8974065,1.4360096,2.490123,1.9333756,2.6124396,1.1986853,1.1356666,0.0,2.6855588,2.5914528,2.7412906,2.9528651,2.9382489,2.9306767,2.985311,3.206752,2.531492,2.6310349,2.9391298,2.4662387,2.434354,2.5738802,2.2247434,2.0556839,2.7213643,1.3663908,2.1170146,2.2960947,2.6100912,2.3449829,2.0450125,1.5071084,2.196173,2.5728524,2.4795418,2.5606234,2.5745144,1.5000113,2.251645,2.2342465,2.672566,2.9894807,2.6585367,2.7047443,2.4840279,2.359307,2.9472995,2.4992583,2.4849696,2.708359,2.8292818,2.901917,2.9318984,3.2021728,1.9759789,2.82145,2.26586,2.318588,2.2825246,2.2698557,2.2769098,1.7104367,2.2991772,2.022608,2.4837193,1.8134865,2.399697,2.5294328,2.7897456,2.9367416,2.6490169,2.9393926,2.0516756,1.6334339,2.3816981,2.0894978,1.810607,2.444418,1.6693231,2.1782398,2.9486682,2.9240785,2.2881038,1.932159,2.7088592,2.278542,2.315039,2.2305872,1.9896582,2.64875,2.5667017,1.7664062,3.0552793,2.816892,2.7565088,2.847483,2.5445147,2.9794102,2.7478375,2.7424002,2.3166218,2.9183683,3.033477,3.1146653,2.2934968,2.1630514,2.2865093,2.3481107,2.9008312,3.0535846,2.8582642,2.9849772,2.1991754,2.1913881,2.9634135,2.7568302,2.1911879,2.7423346,2.0315607,2.5401282
16,1.6230562,2.332537,2.420707,2.3453503,2.6649737,2.6726725,2.6400867,2.963188,1.7534897,2.3172731,1.407961,1.9846053,2.0227463,2.4336624,2.599361,2.6855588,0.0,0.77142113,0.88670814,1.2606891,1.6008168,1.5840617,1.181417,1.4462011,1.1719319,1.1083661,2.3416302,2.6316473,2.668496,2.6022463,2.1098824,1.9975879,2.176037,2.4297442,2.4665759,2.7115912,1.3193477,1.3797596,1.461957,2.3440168,2.128319,1.6562543,1.8708446,1.6023511,1.839822,2.5331845,2.4184172,2.4813864,1.4334649,1.5985582,1.6103314,1.6583449,1.9535145,1.5262519,2.640114,1.4905448,2.6172743,2.6230128,2.5243766,2.6067693,1.5293912,1.7441701,2.005851,1.6302772,1.9031448,2.116848,2.001852,1.9418296,1.9572736,2.3491275,2.0590656,2.620117,2.2138522,1.7172798,2.1341388,1.9490106,2.0974011,2.2285595,1.7734363,1.983144,1.9874232,2.1211786,1.6964395,1.8972961,1.9211196,1.4682829,2.1239781,2.6134517,2.644317,2.4747348,1.0593038,1.3610514,2.394799,1.8795329,1.576839,1.6001142,1.6520522,1.9515568,2.2674358,1.728972,2.1727886,1.6799942,2.9138112,2.5020905,3.083137,2.4948373,2.2591105,2.2296593,1.8098348,2.4273186,2.6236567,2.636536,3.2612734,2.9166565,3.2596986,3.2856317,1.4406192,1.9727023,1.9252864,1.9859455,2.624554,2.777379,1.9321691,2.2441087,2.5609808,2.1664793,2.0506525,1.8736193
17,1.3646727,2.191881,2.2833054,2.2349024,2.5702038,2.613219,2.5662813,2.8737192,1.5063422,2.1890874,1.0843599,1.8567834,1.8693037,2.321207,2.506243,2.5914528,0.77142113,0.0,0.37543955,1.0308123,1.3194168,1.3254515,0.8918467,1.2895663,0.8808471,0.798833,2.204672,2.5496566,2.5430336,2.4696524,2.0170596,1.8464204,2.04697,2.3428805,2.4011776,2.6620853,1.078229,1.1306852,1.2576725,2.267653,2.023962,1.5011325,1.7221439,1.4047649,1.7156686,2.4813411,2.0101998,2.0920322,1.0709268,1.272904,1.281225,1.3389368,1.7930719,1.2184954,2.876995,1.2332338,2.5603492,2.5646672,2.4735484,2.557691,1.3064809,1.5582229,1.8866979,1.4029229,1.7440478,1.9667236,1.8433862,1.8027527,1.8365483,2.2688055,1.9096388,2.5270596,2.2922456,1.7633592,1.9290855,1.7564977,1.9065374,2.0369327,1.4062188,1.7795128,1.8471745,2.0004876,1.481279,1.6763619,1.7569605,1.2392879,1.9965909,2.5184305,2.5204823,2.344279,1.3428092,1.5679423,2.2585003,1.7358912,1.3523453,1.3782623,1.4792936,1.7867062,2.169766,1.5542552,1.9981697,1.4391117,2.8536668,2.3934355,3.0154986,2.3526225,2.1197367,2.0859234,1.6015872,2.2872307,2.523454,2.5384085,3.178815,2.8708167,3.168712,3.2399974,1.238157,1.8134302,1.7710732,1.8533218,2.5741494,2.7143846,1.7827507,2.140317,2.4676135,2.0035732,1.9468584,1.7347156
18,1.442418,2.3675094,2.315338,2.467588,2.8257058,2.8562589,2.8031433,3.0913184,1.4840194,2.2936995,1.145037,2.072961,1.8805797,2.5425956,2.7403612,2.7412906,0.88670814,0.37543955,0.0,0.9410914,1.2191285,1.4688547,0.9513761,1.3826401,1.1507553,0.6722436,2.199672,2.666571,2.6973026,2.7045944,2.261626,2.0210552,1.9704981,2.4880824,2.6363094,2.8633332,1.1629819,1.3145101,1.4324406,2.5120146,2.2352054,1.5995101,1.8209026,1.5271429,1.8072507,2.7348258,2.2024953,2.290094,1.1798956,1.469669,1.3881392,1.441693,1.8786786,1.3549943,3.115232,1.4172963,2.7077227,2.719669,2.6596408,2.737786,1.441275,1.6762404,2.1307907,1.4958959,1.8863786,2.123262,1.9500198,1.916997,2.0225847,2.5092015,2.0969336,2.7757847,2.3166156,1.8079777,1.9391571,1.7627746,1.8902816,2.0544946,1.2727802,1.7999454,2.0114841,2.1996033,1.557842,1.7374963,1.8805493,1.3076488,2.231852,2.7397447,2.532412,2.3248012,1.4263134,1.6061809,2.3088598,1.8453453,1.3979448,1.4177842,1.662393,1.9781837,2.1705651,1.535987,2.1925733,1.6271535,3.1308527,2.6494448,3.2123168,2.4469607,2.2438328,2.2128015,1.7324866,2.3969588,2.5296576,2.6397913,3.3731835,3.158779,3.3753278,3.4938076,1.3179231,1.8735985,1.9605415,2.0213954,2.8129346,2.9258542,1.8859727,2.2017078,2.682919,2.1406236,2.206892,1.9060787
19,1.8713716,2.4244444,2.1759036,2.7132275,3.0814233,3.1087375,3.0497365,3.1807756,1.8119707,2.2640555,1.4780347,2.0738935,2.2001283,2.797949,2.9904003,2.9528651,1.2606891,1.0308123,0.9410914,0.0,2.1183646,1.9883754,1.3568776,1.5667474,1.5765253,1.1826319,2.4166155,2.6689951,3.1722076,3.2506495,2.557531,2.3067021,1.9970597,2.4721808,2.669106,2.924021,1.5529001,1.6419389,1.7147534,2.713526,2.4966023,2.0097644,2.0002751,1.7174687,2.0709093,2.985533,2.265175,2.3257096,1.6851139,1.874864,1.6291255,1.7688795,2.1486237,1.669531,3.2776062,1.5062293,2.5356417,2.5575876,2.4738588,2.4420831,1.7498496,1.7997289,2.4229078,1.8583587,2.2309515,2.4319413,2.0323665,2.004289,2.1401973,2.6136205,2.1976175,2.8812087,2.4178724,2.0048223,2.0950286,1.8205099,2.033506,2.1519415,1.4414657,1.9215031,2.313062,2.4527645,1.884498,2.0903456,1.9756019,1.655876,2.379166,2.7390196,2.5647748,2.332,1.7716652,1.9257793,2.5269039,2.1479213,1.5187832,1.5404547,2.129903,2.444654,2.641815,2.0341434,2.3705132,2.0187712,3.565478,3.1594522,3.335747,2.5838544,2.3650227,2.3304043,1.8270838,2.5700226,2.3067994,2.4464588,3.4254444,3.4737122,3.550215,3.6880715,1.7536203,2.1535084,2.355606,2.0403612,2.885435,3.0365467,1.9310617,2.228754,3.0017998,2.7973816,2.5865407,2.3739734
20,1.8977518,2.9058666,3.0097158,2.858411,3.1301246,3.1744826,3.1259763,3.4913383,1.8251152,2.7992442,1.8286073,2.772029,2.2484035,2.846917,3.0138795,2.9382489,1.6008168,1.3194168,1.2191285,2.1183646,0.0,1.573414,1.6991622,2.0640426,1.8056185,1.3789332,2.4517174,3.070885,2.4613276,2.5092902,2.6004028,2.33304,2.4542918,2.962595,3.1677675,3.3486102,1.7648904,1.9017249,1.9805555,2.883785,2.5663662,2.0250065,2.2949219,2.0845017,2.331701,3.0588744,2.7934024,2.8855155,1.5825745,1.9284483,1.9674035,1.9338303,2.2600274,1.8955039,3.4654977,2.1619942,3.5360417,3.558975,3.528738,3.6727781,2.077051,2.3931372,2.5547788,2.031602,2.1811707,2.3960848,2.4649308,2.4400606,2.5660498,2.9782288,2.6362906,3.212008,2.721139,2.228595,2.3630917,2.2964299,2.4093938,2.589102,1.8558211,2.3779593,2.357191,2.5901732,2.023582,2.053246,2.4453015,1.8708677,2.6718156,3.1975567,2.949116,2.7365386,1.8501601,1.8902136,2.6063673,2.230803,2.0524514,2.03835,1.9787128,2.2192838,2.1318471,1.625424,2.6486363,2.119605,3.1993606,2.6908042,3.5968745,2.9240208,2.7739794,2.7594752,2.3416827,2.8664458,3.2751176,3.4660459,3.7083154,3.343598,3.5909917,3.7806947,1.8102405,2.3123033,2.201177,2.655051,3.2898104,3.3543875,2.530602,2.7112226,2.858511,1.958554,2.5048654,2.2028782
21,1.6331187,2.1324484,2.1112883,2.4934227,2.78648,2.8316,2.7735014,2.8411498,2.0465338,2.3586388,1.575596,2.135293,2.0496612,2.466745,2.6338758,2.9306767,1.5840617,1.3254515,1.4688547,1.9883754,1.573414,0.0,1.4257672,1.8693751,1.5303761,1.6974467,2.509277,2.7318025,2.2289128,2.0233023,2.2351348,2.3246458,2.232639,2.5684614,2.4305227,2.6736667,1.5058687,1.5907917,1.7055031,2.6081119,2.072689,1.6178842,2.000465,1.8178817,2.109897,2.7162619,2.0627666,2.1494842,1.5870609,1.5251824,1.4310756,1.5721015,2.0153365,1.5917089,3.1447937,1.452977,3.2867837,3.3442335,3.2581007,3.2383904,1.7348454,1.8489686,2.1647844,1.7261784,1.3817587,1.7008295,1.888529,1.8508347,1.9985874,2.420148,2.0517623,2.596459,2.520997,2.0323756,2.2981558,2.129075,2.0340748,2.0812032,1.8943166,1.8395913,1.9593518,2.159706,1.727095,1.8698134,1.8554978,1.5508428,1.9049149,2.5166597,2.4987102,2.3819788,1.7198476,2.055255,2.3049426,1.9393125,1.483844,1.5292333,1.9168135,2.2802987,2.7998185,2.2933757,1.6629341,1.56837,2.9136982,2.363882,3.0231996,2.3533447,2.1884449,2.1698754,1.5910032,2.2455568,3.2102492,3.0124912,3.1716688,3.169338,3.3226497,3.404712,1.6460648,2.0867922,1.9197127,2.0310247,2.6949847,2.7724013,2.1086664,2.4746735,2.0695822,1.8375509,2.3296988,2.1404705
22,1.3299756,2.2072477,2.0628536,2.4904292,2.8021843,2.7812796,2.7047386,2.981597,1.9229352,2.5850332,1.0942366,2.0958848,1.6407976,2.4345045,2.6592622,2.985311,1.181417,0.8918467,0.9513761,1.3568776,1.6991622,1.4257672,0.0,1.5251765,1.1453396,1.0566881,2.0130007,2.53355,2.9721842,2.710993,2.1583352,2.294381,2.2202137,2.745471,2.6260796,2.8259745,0.9417576,1.2906399,1.4340332,2.536328,2.214102,1.2392133,1.8035645,1.5874114,1.7574258,2.7468996,2.1404235,2.2399316,1.3361127,1.3634722,1.3899986,1.4270252,1.8770516,1.3267468,3.0072353,1.2290313,2.626369,2.6593642,2.6125202,2.6757846,1.2970303,1.5382557,1.9956559,1.1756024,1.6234628,1.9132097,1.8754157,1.843436,1.8622378,2.4169905,1.930862,2.6341102,2.6405296,1.9547935,2.3211904,2.2523592,1.7713137,1.9074266,1.428218,1.531549,2.0413818,2.0474253,1.434818,1.6048234,1.7974739,0.98565143,2.1084356,2.6925237,2.371044,2.343213,1.6094514,2.0718076,2.132716,1.6760856,1.2956277,1.3750954,1.5715613,1.8683846,2.586072,2.1002908,1.9122845,0.96546626,2.9762754,2.387883,3.1591754,2.2464879,2.052527,2.0664682,1.5560086,2.1401165,2.8147402,2.4091856,3.4138286,3.2565136,3.4224756,3.572839,1.1302195,1.773334,1.9121473,1.9592894,2.7600594,2.9362519,2.1010377,2.4308774,2.5788512,2.0387666,2.2556403,1.7560849
23,1.9211005,2.6945229,2.560753,2.7451103,2.8485594,2.9808755,3.099996,3.118592,2.1656826,2.767934,1.6906545,2.1028454,2.2657237,2.9065387,3.0522766,3.206752,1.4462011,1.2895663,1.3826401,1.5667474,2.0640426,1.8693751,1.5251765,0.0,1.5861026,1.473259,2.7178192,3.0721486,3.243472,3.1255918,2.6639516,2.6014268,2.483843,2.950512,2.8576207,3.1065862,1.6859233,1.4279374,1.7773684,2.7506104,2.6455965,2.0863876,2.0703256,1.809522,2.067588,2.955349,2.5493438,2.6385567,1.759247,1.7718494,1.8899583,1.9601276,2.2286994,1.7651745,3.2856777,1.725737,2.9115171,2.9253926,2.822455,2.872875,1.8224934,2.0173168,2.4910035,1.9438375,2.373762,2.554573,2.3921704,2.3539095,2.2919223,2.7927837,2.35694,2.9800913,2.8093274,2.4456077,2.5488367,1.7784023,2.4308107,2.486367,2.074152,2.203423,2.451934,2.4586523,2.0118968,2.2344787,2.2729068,1.8264719,2.525612,2.9078557,2.8681638,2.7173965,1.8722869,2.2098365,2.6832047,2.1861703,1.9477972,1.99104,2.0919025,2.3614838,2.7979422,2.3619182,2.3703957,1.9628975,3.3310359,2.8610353,3.5318885,2.8177989,2.6295295,2.6163464,2.0557845,2.77065,3.0050733,2.9178777,4.1272235,3.0125155,4.1699657,3.4030406,0.9165662,1.65132,1.6279006,1.6014009,2.5618782,2.7962935,1.4925636,1.9879596,2.551196,1.9336001,1.9771178,1.6526879
24,1.3928851,1.9672905,2.3291113,1.8254501,2.1525903,2.1731024,2.1383288,2.627671,1.8578267,2.2083807,1.2892562,1.5498081,2.0490637,2.076416,2.2284799,2.531492,1.1719319,0.8808471,1.1507553,1.5765253,1.8056185,1.5303761,1.1453396,1.5861026,0.0,1.304733,2.5000606,2.6550436,2.408384,2.1227088,1.5261632,1.587564,2.336505,2.2401679,2.002965,2.2808018,1.3131502,1.2681726,1.4202541,2.0529332,1.8178155,1.4458857,2.0504706,1.7595562,1.6834824,2.003951,1.7106678,1.8009,1.216935,1.2630228,1.4128479,1.4200308,1.9513352,1.4462223,2.543197,1.2797251,2.3237736,2.2556925,2.0963757,2.1874456,1.307533,1.4302406,1.4780642,1.4288347,1.6253816,1.8234556,1.9282299,1.879516,1.7278001,1.952218,1.7986523,2.1778185,2.2464645,1.840144,1.84765,1.8969638,1.9627823,2.0632122,1.8145871,1.8517478,1.7544756,1.8522596,1.6634494,1.8646716,1.8082553,1.4248906,1.8309245,2.4897373,2.8020859,2.7153563,1.6072358,1.8395368,2.370577,1.7187306,1.60175,1.6568998,1.443289,1.5277674,2.227262,1.7383844,1.8992872,1.279046,2.2965214,1.9231889,2.5145164,2.0879426,1.8273742,1.779877,1.6855668,1.9502512,2.4198523,2.214544,2.8877351,2.400549,2.874473,2.7086873,1.381514,1.847332,1.776024,1.8833338,2.3369877,2.2507064,1.7462524,2.2741868,2.1924577,1.994472,1.5823672,1.5089799
25,1.6742148,2.4023058,2.3331044,2.6113346,2.769127,2.8186927,2.7952445,3.1658351,1.5050124,2.2881958,1.2563679,2.0561094,1.8325306,2.505553,2.6847615,2.6310349,1.1083661,0.798833,0.6722436,1.1826319,1.3789332,1.6974467,1.0566881,1.473259,1.304733,0.0,2.0969908,2.5155544,2.766089,2.8314042,2.287078,2.093661,1.9605138,2.4342015,2.5471961,2.7817314,1.258525,1.415898,1.5490986,2.557358,2.4576182,1.6210457,1.8777324,1.6965526,1.8652629,2.7575192,2.2350483,2.3294985,1.3133798,1.7430027,1.5776243,1.6265758,1.9768946,1.448755,3.2381384,1.4763001,2.7280955,2.773473,2.6645162,2.7383497,1.5747391,1.8652258,2.1249743,1.5432202,1.8006421,1.9914935,2.091105,2.068633,1.9344286,2.4420466,1.986372,2.6605065,2.321808,1.6838171,1.8808302,1.6616656,1.7376523,1.9519597,1.1265433,1.6803608,2.1280332,2.1279576,1.654411,1.5968028,1.7807337,1.2732103,2.1594586,2.7138748,2.6420543,2.4525542,1.5183651,1.6218101,2.2609248,1.5622269,1.3041352,1.2825252,1.7644218,2.0573483,2.208166,1.529915,2.3169994,1.7103411,3.2432055,2.7517107,3.3024619,2.5355995,2.2750595,2.3009896,1.7831818,2.4593005,2.5887177,2.6109343,3.5057125,3.182421,3.5275855,3.4523327,1.175647,1.8965377,1.8352159,1.9411513,2.8269978,2.78275,1.9300975,1.9837252,2.6100705,2.1029654,2.2429848,1.8407042
26,2.3861635,2.4822075,2.531842,3.1467624,3.1372435,3.0390751,2.9395068,2.7576137,2.6637952,3.0436523,2.5072777,2.9899418,2.5854592,2.7160795,2.9119465,2.9391298,2.3416302,2.204672,2.199672,2.4166155,2.4517174,2.509277,2.0130007,2.7178192,2.5000606,2.0969908,0.0,1.4458448,3.1988008,3.2031736,2.5869312,2.707309,2.8682637,2.9372973,3.4499054,3.6059034,2.27647,2.2996938,2.23123,2.8839447,2.4479346,2.3250964,2.6682127,2.5704205,3.0316288,3.2722173,2.8329535,2.8726735,2.5889244,2.9068794,2.6528134,2.687487,2.7849374,2.4294047,3.006847,2.1960983,3.3904111,3.4812243,3.5930982,3.6456394,2.7515228,2.8453293,2.5644252,2.2680874,2.3346415,2.7354112,1.9253465,1.9477952,2.7742746,2.9288738,2.8392966,3.2325263,3.1615863,2.325466,2.8794825,2.86227,2.6967957,2.8782616,1.932481,2.2926452,3.0834332,2.5989583,2.621476,2.3548517,2.5151317,2.1537094,2.6311193,3.098537,2.24174,2.2232313,2.5503592,2.7184691,2.1967058,2.508361,2.2233205,2.1748703,2.4423811,2.6765559,2.9221535,2.5725868,3.2695153,2.4162297,3.4387257,3.0754843,3.4682443,2.8166683,2.8697147,2.9818258,2.2057621,2.8628953,3.5359926,3.2244346,3.6330142,3.6313434,3.6049683,3.9580457,2.2115035,2.1997247,2.950468,3.0390372,3.1602457,3.383015,2.9680736,3.1937807,3.0576408,2.832405,3.0005827,2.6451867
27,2.8989599,2.2206302,2.589799,3.0669012,2.843584,2.7795534,2.6707242,2.3596916,2.8725336,2.6195312,2.8457336,2.7062654,2.9155576,2.3770492,2.496063,2.4662387,2.6316473,2.5496566,2.666571,2.6689951,3.070885,2.7318025,2.53355,3.0721486,2.6550436,2.5155544,1.4458448,0.0,2.9130063,3.0255325,2.3358285,2.54915,2.8836582,2.2774057,2.9244993,3.10481,2.6579025,2.5346444,2.395636,2.6327987,2.3271,2.666785,2.8527994,2.7670374,3.194431,2.9021904,2.5195138,2.4975932,2.8773458,3.1818151,2.8516262,2.9547718,2.911679,2.678429,2.653271,2.2217288,3.2907453,3.38674,3.4436193,3.3985772,3.0465221,3.0362759,2.4323094,2.6804407,2.2420466,2.3883018,1.7965152,1.8243555,2.3306732,2.1990285,2.3601382,2.4415457,3.0592103,2.1602774,2.850162,2.8661385,2.9221523,3.0633292,2.2705562,2.5203521,3.132427,2.5281482,2.9218025,2.5857162,2.3694365,2.5190074,2.2324607,2.3406396,2.428686,2.353846,2.7923045,2.8191829,2.3884864,2.584388,2.3166118,2.2306983,2.6771185,2.7680547,3.064959,2.7221944,3.0417824,2.7231205,3.2014804,3.0364249,3.1767387,3.0064824,2.7785897,2.9091306,2.396373,2.9652033,3.472472,3.1334007,2.9992423,3.307209,3.1298046,3.5132816,2.6626213,2.875064,2.838953,2.741329,2.7017949,2.9151952,3.0131419,2.8778725,2.728277,3.163915,2.9576006,2.9182446
28,2.850747,2.5917795,3.2203135,2.6350763,2.7562206,2.7216663,2.6670382,2.9142656,2.491285,2.3606958,2.8272052,2.6033545,3.156347,2.5202591,2.576753,2.434354,2.668496,2.5430336,2.6973026,3.1722076,2.4613276,2.2289128,2.9721842,3.243472,2.408384,2.766089,3.1988008,2.9130063,0.0,1.0757105,1.791273,1.6713873,2.9113371,2.2112563,2.5713038,2.761034,2.9171867,2.7486234,2.6633394,2.698646,2.4927883,2.881238,3.4371493,3.311041,3.0581458,2.4704742,2.6026835,2.6011992,2.392934,2.7885115,2.609935,2.5781982,2.828658,2.7200463,2.990326,2.603612,3.7579155,3.7978895,3.7201383,3.7239451,3.0099518,2.9471395,2.5459151,3.0037596,2.2801805,2.338306,2.5856192,2.5786912,2.670868,2.4688582,2.719791,2.6680202,2.29714,2.2929518,2.0931594,2.65782,3.0993214,3.212137,2.7467608,3.0809455,2.568787,2.6406615,2.8806782,2.765703,2.5924568,2.8343668,2.2382421,2.7374983,3.4021194,3.1896365,2.5950332,2.3597636,3.0961528,2.7645593,2.6117866,2.5487664,2.617357,2.9009943,2.7645345,2.330383,2.8463898,2.9327435,2.881261,2.8226507,2.3217747,2.5339417,2.2863348,2.2893593,2.7809062,2.4360797,3.0424247,3.274147,2.6261036,2.8450384,2.7699678,3.0729487,2.9795902,3.192091,2.8390326,3.0393267,2.8939636,2.8068883,2.9821627,3.0115013,2.3574138,2.7481534,2.6148517,2.7267568
29,2.5391943,2.4144576,3.1598537,2.2606032,2.4480572,2.3842607,2.3117757,2.6546097,2.621215,2.5868626,2.6030264,2.4328532,2.942273,2.189085,2.2510412,2.5738802,2.6022463,2.4696524,2.7045944,3.2506495,2.5092902,2.0233023,2.710993,3.1255918,2.1227088,2.8314042,3.2031736,3.0255325,1.0757105,0.0,1.4538095,1.7549533,3.1682444,2.5158415,2.4617784,2.6583683,2.6678636,2.5153255,2.4258883,2.3801012,2.1606438,2.5595872,3.2275906,3.1104918,2.825178,2.1128411,2.4425004,2.4558287,2.258576,2.3956375,2.3894398,2.315221,2.6490455,2.477777,2.705493,2.4381068,3.4880795,3.5417473,3.4807875,3.5297816,2.7378275,2.7524695,2.1901484,2.7149427,2.0866914,2.1851227,2.5051363,2.4851267,2.5258257,2.2951248,2.5797193,2.4662528,2.6273828,2.4829671,2.4369786,2.9528003,3.0387611,3.1033604,2.931033,2.9718523,2.236801,2.3128424,2.5969408,2.5961344,2.5002174,2.5705001,2.0220616,2.6306322,3.2948437,3.2332768,2.4838486,2.5057027,2.9240632,2.5840826,2.5621357,2.5555246,2.2225237,2.5792136,2.956882,2.545444,2.5023503,2.4356143,2.2880902,2.2228384,2.079805,2.3298035,2.1244702,2.1027863,2.576037,2.1778305,3.2552674,3.1067023,2.5320497,2.4866436,2.5404742,2.8134646,2.7953198,2.9957762,2.6583676,2.9638646,2.7089238,2.6841137,3.0242674,3.2326632,2.1296258,2.4153206,2.2526453,2.3893247
30,2.2316513,1.9892277,2.7205937,1.9392983,2.0804439,1.9399343,1.8610626,2.2528727,2.3197663,2.273647,2.158466,1.8536289,2.5545547,1.7907954,1.8974173,2.2247434,2.1098824,2.0170596,2.261626,2.557531,2.6004028,2.2351348,2.1583352,2.6639516,1.5261632,2.287078,2.5869312,2.3358285,1.791273,1.4538095,0.0,1.1045401,2.8075817,2.0719726,2.1217334,2.3374605,2.2131078,2.0257967,1.9167106,1.8885804,1.860969,2.1992118,2.9381611,2.794231,2.3705583,1.6968809,2.0441487,2.0493464,1.9161164,2.1641626,2.0987964,1.9991323,2.2970195,2.111932,2.1068332,1.9217969,2.587655,2.638879,2.5880878,2.6426568,2.3830843,2.332438,1.7095387,2.2929375,1.9274843,2.044727,2.0254292,2.0107124,2.0363774,1.7614255,2.0975053,2.0142987,2.232936,2.0345383,1.9129734,2.5526407,2.58908,2.683582,2.3884444,2.4556649,2.0363767,1.8499862,2.2599318,2.2229307,2.0723202,2.085579,1.6723343,2.2500958,2.8912156,2.824087,2.147012,2.20048,2.453963,2.0737104,2.1144996,2.1096513,1.8000402,2.1437352,2.6209993,2.1878355,2.414512,2.0004168,2.2003748,2.1724272,1.6167644,1.7700567,1.4379061,1.4728122,2.1811202,1.6234418,2.413179,2.0636072,2.3640122,2.2054942,2.341943,2.4712567,2.3136501,2.525903,2.4180152,2.5305874,2.3290992,2.2299018,2.598158,2.8087194,2.2158945,2.531216,1.8624464,1.8598126
