,0,1,2,3,4,5,6,7,8,9,10,11,12,13,14,15,16,17,18,19,20,21,22,23,24,25,26,27,28,29,30,31,32,33,34,35,36,37,38,39,40,41,42,43,44,45,46,47,48,49,50,51,52,53,54,55,56,57,58,59,60,61,62,63,64,65,66,67,68,69,70,71,72,73,74,75,76,77,78,79,80,81,82,83,84,85,86,87,88,89,90,91,92,93,94,95,96,97,98,99,100,101,102,103,104,105,106,107,108,109,110,111,112,113,114,115,116,117,118,119,120,121,122,123,124,125,126,127
0,0.0,0.824492,1.9711148,1.9918278,1.8335005,1.4989458,1.4254049,1.3881923,1.6514245,1.5236847,1.5293359,1.1895409,1.3244255,1.5163518,1.5264148,0.8986396,1.516197,2.138076,1.9720261,1.6685667,2.7804625,2.4107776,2.9682972,3.3646526,1.499875,1.7265178,1.4454286,1.429586,1.4939257,2.080826,1.9057952,1.462025,1.5403377,1.7882587,1.838184,1.855024,1.6168936,1.4903086,2.0135345,3.420131,2.2819586,2.3643868,1.8397678,2.0942397,2.7175713,2.8120112,4.431238,2.9998972,2.3403535,2.3875635,2.3827615,2.2926366,2.2378192,2.664029,2.6209884,2.3629835,2.109967,2.1473067,1.8076168,2.0166013,1.277806,1.2463549,2.3956518,2.0413625,3.407652,3.4417446,3.7435117,4.10492,3.1732318,3.1555502,3.3622599,3.1975882,3.2226892,3.1854446,3.2077942,3.1728199,3.288191,3.3206952,4.1892157,4.202591,3.454808,2.6312244,2.9002008,3.243257,3.851372,3.8432763,5.2601175,5.3093686,2.6912534,2.5481484,2.2785285,2.2087848,2.7580268,2.988447,2.988447,3.0204673,3.0752654,3.032344,2.4776993,2.676328,3.2353387,3.2832367,2.8504272,2.803189,2.7846842,3.3782058,2.0372562,2.708342,1.721012,1.6408445,2.41863,3.088201,1.8959765,2.1211116,2.2486115,2.2961557,2.6898732,2.7958288,2.6208093,2.6867697,2.757793,1.8217747,1.9132344,1.9981804,2.1438017,2.077802,2.138064,2.0473826
1,0.824492,0.0,2.0861301,2.0927322,1.935691,1.5453967,1.3455967,1.4047968,1.6571703,1.5005054,1.6237264,1.2118357,1.3998996,1.6019534,1.6229115,0.8908795,1.4486775,1.8681592,1.6534891,1.5414789,2.3016376,1.967875,2.7758627,3.2781172,1.404212,1.4863534,1.2143198,1.3931379,1.4310863,1.7644219,1.5811313,1.1751457,1.4951398,1.926617,1.880754,1.8922404,1.6731762,1.5243024,2.1856525,3.422769,2.2458208,2.1098924,1.8142574,2.0534337,2.6692855,2.755621,4.290494,2.8228056,2.3649945,2.3832872,2.2756746,2.2104344,2.118383,2.6241593,2.5045795,2.2320993,2.0196946,2.1036553,1.8413434,2.0226767,1.3873187,1.4290867,2.456903,2.1345184,3.113916,3.1508405,3.4848592,3.8789122,2.939452,2.9409761,3.1456304,2.9717064,3.0029328,2.9655762,2.9868667,2.943917,3.0475383,3.069177,3.9366903,3.942124,3.3323743,2.4681206,2.738069,3.0345669,3.6359444,3.6385152,5.0527134,5.106004,2.4864912,2.3823092,2.1142387,2.2376425,2.6093419,2.7996323,2.7996323,2.8461483,3.1079197,3.0642338,2.467443,2.6728735,3.2321463,3.3652985,2.755664,2.7093463,2.691611,3.4080808,2.103287,2.6537666,1.6053641,1.6637428,2.3645346,3.1239436,1.7439804,1.9924302,2.0864868,2.1652267,2.6371725,2.6687367,2.5815063,2.6307588,2.5539076,1.7747276,1.8678415,1.904812,1.995077,2.0202613,1.9813249,1.9067352
2,1.9711148,2.0861301,0.0,0.5450713,0.28453717,0.9867142,1.5757843,1.1837476,1.656468,1.3933072,0.7737839,1.4897438,1.152459,1.2695153,1.4101367,1.6110688,1.6717734,2.5498664,1.960473,1.7214767,3.1181886,2.9907594,2.7406757,2.9526675,1.7829875,1.6409671,1.5950605,1.9587166,1.4096657,2.0339935,2.0951548,1.8783717,1.8830806,1.9732919,2.0625453,2.0731647,2.2437878,2.107713,2.459359,3.7559366,2.4372358,2.6716042,2.1119916,2.3472667,2.8724859,2.959101,4.576336,3.1621873,2.472185,2.5571322,2.4993684,2.3779485,2.458342,2.7778337,2.792185,2.644897,1.8381597,1.7419732,1.9506977,1.998539,1.9540896,1.8692046,2.443184,2.1921816,3.7751155,3.7919128,4.7794223,5.098746,3.6284444,3.6510668,3.8461416,3.6126869,3.6940756,3.743337,3.7373612,3.6992764,3.6925094,3.726278,4.5369873,4.483528,3.688065,2.9446619,3.0592182,3.5179589,4.2253327,4.1771135,5.5829887,5.6319275,3.176196,3.0065014,2.8808687,2.8997107,3.2395275,3.441498,3.441498,3.51991,3.1739955,3.1601489,2.5999675,2.498626,3.3386986,3.3943458,3.061627,3.0926874,2.9745476,2.7030048,1.9196997,2.9624286,1.9371123,2.1139414,2.8985739,2.8129568,2.3146539,2.6681929,2.998486,2.9615617,2.793401,2.7309465,2.680095,2.7868805,3.1905975,2.421965,2.384598,2.412039,2.5164363,2.4568906,2.4928775,2.5587356
3,1.9918278,2.0927322,0.5450713,0.0,0.5977761,1.2255961,1.7587358,1.3928996,1.8015823,1.5918881,0.79783404,1.4424151,1.1264007,1.240185,1.5999169,1.7355144,1.3719838,2.341364,1.7487502,1.4474216,3.2141702,2.9370592,2.5954337,3.0856197,2.0088973,1.8673368,1.7415979,2.1029027,1.201278,2.1390343,1.9676689,1.7896042,2.0583658,2.0121458,1.9885604,1.998315,2.1510434,2.018677,2.359179,3.5935497,2.5300987,2.8115685,2.2094352,2.4568596,2.7409673,2.8274076,4.603132,3.2151704,2.5753531,2.6572025,2.581329,2.470716,2.5466263,2.8450613,2.9292302,2.724131,2.1460664,2.08162,2.2149916,2.2693648,2.1511488,2.0973887,2.6314743,2.3831925,3.8549876,3.8751323,4.861927,5.18186,3.7153335,3.7384048,3.942831,3.7008936,3.7695708,3.809943,3.7826607,3.7839336,3.7631245,3.8006227,4.596459,4.5489874,3.7781253,2.9861584,3.1114395,3.5870166,4.30248,4.247205,5.6434712,5.693316,3.2405832,3.0663736,2.906407,2.9176085,3.2994025,3.513214,3.513214,3.585553,3.3548954,3.334909,2.7420623,2.6650293,3.4552832,3.5118039,3.1830406,3.221838,3.1136978,2.83175,2.0794866,3.0816066,2.055887,2.217623,3.0255828,2.9204683,2.4635751,2.836736,2.8349977,2.8429422,2.9643347,2.9257555,2.848702,2.9592977,3.2999437,2.5513065,2.5059798,2.5502498,2.638057,2.5508666,2.6204178,2.6764417
4,1.8335005,1.935691,0.28453717,0.5977761,0.0,0.75906354,1.3760688,0.97679794,1.5085176,1.2450738,0.5476922,1.2801899,1.0284885,1.1876147,1.2998492,1.4807833,1.5332549,2.363163,1.8374655,1.5853745,2.961126,2.7897685,2.537668,2.7642384,1.5977379,1.4656601,1.4261211,1.7906654,1.267259,1.8911929,1.928593,1.6842171,1.7142444,1.8360891,1.9216341,1.9322374,2.0673943,1.9295336,2.2916138,3.605676,2.2739115,2.5445712,1.9173584,2.1573243,2.7216914,2.805484,4.5272202,3.0385075,2.325657,2.4356508,2.344115,2.2402537,2.332438,2.6030414,2.6777706,2.5132573,1.8249717,1.7444425,1.8137913,1.8765361,1.8365697,1.7532856,2.27325,1.9689455,3.7071104,3.726082,4.6317544,4.9512067,3.5606344,3.5820115,3.760957,3.5491922,3.629575,3.6797853,3.6775424,3.6391647,3.6293166,3.6595747,4.484298,4.4316483,3.5690904,2.8563797,2.9917746,3.4626765,4.1777525,4.133182,5.624647,5.673603,3.0915942,2.9143338,2.7559602,2.7919676,3.1515577,3.3585987,3.3585987,3.4413025,3.113037,3.096709,2.5611663,2.4789674,3.2121286,3.2842607,3.1084511,3.1256287,2.92611,2.8064706,1.8679539,2.907535,1.8625587,2.0413868,2.8322651,2.8341546,2.2136397,2.5685976,2.8975165,2.8756287,2.77763,2.7085547,2.6484966,2.7518117,3.1229665,2.311103,2.2856245,2.3341718,2.4352891,2.3536417,2.415324,2.4831448
5,1.4989458,1.5453967,0.9867142,1.2255961,0.75906354,0.0,0.664201,0.26963153,1.163312,0.77638125,0.6847542,0.8297017,0.904877,1.1451701,0.9703696,1.1172383,1.4446863,2.0090246,1.7295995,1.4517345,2.4290571,2.2603555,2.4092352,2.5275567,1.1633921,1.0980837,1.0305673,1.4499863,1.2568055,1.5356778,1.6729586,1.3062073,1.2029957,1.5208527,1.8049103,1.8125368,1.7385873,1.5563627,1.9752456,3.378497,1.8733838,2.2008944,1.4785824,1.7049539,2.4704418,2.548567,4.314724,2.786405,1.9996618,2.0942192,1.9841082,1.8894303,2.0364974,2.4060051,2.3806424,2.2192945,1.7228845,1.6513,1.264369,1.3546672,1.4507089,1.3470062,1.967274,1.5773658,3.5282257,3.545535,4.130875,4.480284,3.3422592,3.363089,3.5145078,3.347008,3.4595163,3.5004365,3.5196083,3.4351714,3.4521284,3.4708614,4.3136654,4.2715297,3.3761473,2.6675842,2.8540876,3.3250637,4.054476,4.0234537,5.523587,5.5706015,2.8851962,2.7005,2.5041354,2.567753,2.9389668,3.1519823,3.1519823,3.2522173,3.0687633,3.0599532,2.5087392,2.4440806,3.071919,3.1590297,3.0405536,3.0067263,2.7447026,3.1093354,1.7565541,2.7454093,1.7006263,1.8720729,2.6212134,2.9929743,1.956053,2.2097063,2.748009,2.7721486,2.5857248,2.4938598,2.4961298,2.5872686,2.960518,2.0486152,2.02076,2.069729,2.1788404,2.0927029,2.1662726,2.2408402
6,1.4254049,1.3455967,1.5757843,1.7587358,1.3760688,0.664201,0.0,0.45908782,1.2202662,0.85202247,1.2366488,0.7871083,1.1604382,1.3999227,1.0768493,1.1181638,1.5413946,1.8438183,1.8212699,1.4998481,2.048004,1.8953545,2.528294,2.6719148,1.2171777,1.2196273,1.1071587,1.5192939,1.4932343,1.5502104,1.7077302,1.269087,0.9845198,1.5195763,1.9091383,1.9115282,1.6544012,1.4334184,1.9547445,3.2584033,1.8077636,2.0454764,1.3959044,1.5534964,2.3350224,2.3959532,4.11894,2.651455,1.9357953,1.99706,1.8878903,1.7475358,1.9754686,2.4958978,2.3067565,2.1502972,1.8120897,1.7450594,1.0445193,1.1112158,1.4120185,1.3280073,2.0087962,1.646614,3.3896103,3.4037447,3.6996605,4.090574,3.1678228,3.1848404,3.3309062,3.1880157,3.3211546,3.3428485,3.3718328,3.2498724,3.295972,3.3039715,4.1232305,4.0932426,3.291563,2.6015625,2.8277354,3.270131,3.9861042,3.965058,5.400483,5.4450583,2.7720535,2.5926416,2.3930345,2.4838047,2.8190339,3.0302966,3.0302966,3.143228,3.1458619,3.1436796,2.5246823,2.4676101,3.089746,3.1821222,2.9521809,2.868922,2.6524997,3.3835301,1.7956947,2.7125316,1.7548108,1.8328732,2.5189345,3.1665769,1.8365521,1.9470444,2.6088822,2.740774,2.455434,2.3683937,2.4595723,2.5079167,2.8499844,1.9545871,1.9308091,1.9108958,2.0209281,1.9979016,2.018118,2.1030107
7,1.3881923,1.4047968,1.1837476,1.3928996,0.97679794,0.26963153,0.45908782,0.0,1.1268399,0.65821105,0.8561802,0.7289294,0.8845581,1.133203,0.87213176,0.9877374,1.4261005,1.9165039,1.7231145,1.4298599,2.2819483,2.1348705,2.4863794,2.6004195,1.1367708,1.0941839,0.98751134,1.4112743,1.2829654,1.485196,1.6346725,1.2280134,1.0846391,1.4438516,1.8354878,1.842432,1.6907701,1.4849776,1.9258626,3.3203995,1.8316975,2.166544,1.4428306,1.665745,2.4070315,2.488306,4.2533903,2.7265549,1.9837205,2.0473142,1.9418095,1.835097,2.0082595,2.4639285,2.3543706,2.1863642,1.7346199,1.670021,1.103256,1.2152969,1.3492694,1.2438391,1.9868613,1.5993574,3.5026767,3.5200436,4.0052295,4.3801107,3.3076553,3.3270934,3.4888492,3.3186474,3.4426792,3.467967,3.4979062,3.3973768,3.4203155,3.437118,4.2651734,4.2310686,3.418128,2.656624,2.8666432,3.3292212,4.0488515,4.0214467,5.4534984,5.500194,2.863778,2.6810744,2.4681096,2.5335627,2.9209268,3.1383817,3.1383817,3.2388136,3.1306145,3.1241577,2.536912,2.4930649,3.133594,3.2210805,2.9883988,2.94247,2.7247958,3.2147956,1.8010212,2.726131,1.6737341,1.8407216,2.5837693,3.0659304,1.9197536,2.121611,2.7045312,2.7421057,2.5215392,2.439888,2.4626982,2.5532296,2.934881,2.0143654,1.9811032,2.024859,2.1357102,2.0405478,2.1264005,2.1959004
8,1.6514245,1.6571703,1.656468,1.8015823,1.5085176,1.163312,1.2202662,1.1268399,0.0,1.321708,1.3565722,1.2915866,1.3956136,1.5861923,1.2857872,1.2199967,1.8051056,2.1769805,1.9944998,1.7985473,2.5519233,2.3636503,2.7435904,2.8443012,1.555565,1.5468283,1.4401122,1.724425,1.6772282,1.8178598,1.9111525,1.6027901,1.6597561,2.005465,1.3566618,1.3626848,2.0321085,1.879811,2.2042103,3.4066164,2.2228901,2.7903388,1.9126531,2.1219842,2.6657095,2.740028,4.4086676,2.9621537,2.4465687,2.427473,2.340526,2.4464674,1.6908371,2.2289596,2.0551689,1.8662411,2.3593485,2.334,1.519491,1.5816371,1.6343286,1.5031295,2.28937,1.9485363,3.899294,3.9136434,4.3146987,4.663568,3.5376143,3.5476317,3.7020166,3.550826,3.6638331,3.6800141,3.4259937,3.3976417,3.2665493,3.304223,4.1844077,4.1411276,3.3906822,2.5955174,2.7561343,3.2046862,4.297273,4.256937,5.5552535,5.6080184,2.82483,2.6683583,2.463632,2.5197287,2.913075,3.1067314,3.1067314,3.2137756,3.314927,3.2636788,2.7567987,2.6716158,3.3446739,3.432993,3.2660117,3.2195504,3.090587,3.5350642,2.0499797,3.0973358,2.1346416,2.2815654,2.7575436,3.3711274,2.1916478,2.590678,2.9667504,2.9059153,2.9661512,2.7516537,2.9766464,3.0630589,3.1637502,2.2648897,2.2295163,2.2775578,2.3811905,2.5318985,2.3612926,2.400788
9,1.5236847,1.5005054,1.3933072,1.5918881,1.2450738,0.77638125,0.85202247,0.65821105,1.321708,0.0,1.0981663,0.96525383,0.75902957,0.8235827,0.48185724,0.9815532,1.5365078,1.9832212,1.7399706,1.5578521,2.2984014,2.1787295,2.6042747,2.6571827,1.3500656,1.3175899,1.1565094,1.6246449,1.3550118,1.4566188,1.62548,1.2820467,1.3139752,1.0796342,2.076158,2.0836327,2.049876,1.8687786,2.0613172,3.6189432,2.1925266,2.4349446,1.92468,2.1267805,2.6576345,2.766996,4.4050236,2.961569,2.356978,2.392025,2.3335638,2.268532,2.2931252,2.7699451,2.7135744,2.5149288,1.7339234,1.6969697,1.1900129,1.3170731,1.520555,1.3504533,2.1774545,1.8502316,3.791713,3.81199,4.244629,4.625521,3.628855,3.6543486,3.803464,3.647875,3.7456288,3.7555234,3.8127997,3.7118273,3.6786835,3.7062476,4.450608,4.4337554,3.801831,3.0334458,3.230137,3.605924,4.2476673,4.2292576,5.512224,5.5593204,3.172585,3.040159,2.8331444,2.885825,3.26714,3.455049,3.455049,3.5343018,3.309919,3.3107846,2.7079103,2.6965914,3.3629851,3.4370794,3.0619893,3.0311205,2.8682058,3.3635325,2.097729,2.832312,1.5949844,2.0973752,2.7276583,3.248365,2.0499206,2.189603,2.7560458,2.708361,2.1946573,2.100714,2.1118736,2.2623596,3.1576316,2.2157295,2.2097454,2.269982,2.36482,2.3056102,2.361372,2.3947008
10,1.5293359,1.6237264,0.7737839,0.79783404,0.5476922,0.6847542,1.2366488,0.8561802,1.3565722,1.0981663,0.0,0.9453519,0.74979216,0.97268754,1.1796948,1.2031564,1.2146634,2.0336416,1.5703926,1.3174601,2.823765,2.4713392,2.2408428,2.5768785,1.3745735,1.2890105,1.178534,1.555117,0.8931115,1.7126857,1.5828938,1.2855242,1.5480531,1.6339674,1.6895455,1.7030172,1.7447605,1.6234838,1.9310013,3.3712668,2.0772817,2.4371936,1.7534136,2.0851848,2.5265927,2.6315463,4.480997,2.9367056,2.2811868,2.360143,2.2879667,2.2363431,2.227514,2.4161522,2.6070418,2.3802047,1.8982109,1.8743441,1.7685883,1.8744593,1.6733426,1.60013,2.070171,1.7624462,3.6126378,3.6378899,4.4090805,4.7223277,3.4690166,3.4879565,3.648506,3.4679782,3.5535154,3.5967894,3.596762,3.5802298,3.529788,3.563546,4.4156666,4.3765454,3.4544122,2.7360568,2.900079,3.36346,4.0771794,4.0360413,5.581195,5.631642,2.9443383,2.7693017,2.5439737,2.6028478,3.0110676,3.2263746,3.2263746,3.3005552,3.1102731,3.0835862,2.5219994,2.512444,3.0713832,3.1694334,3.1348891,3.1526153,2.820299,2.9257944,1.8258221,2.780712,1.6675158,1.9027499,2.7258868,2.9603307,2.1295688,2.4870439,2.6395755,2.6280777,2.7481518,2.6719267,2.563006,2.7132003,3.1017458,2.161714,2.1509361,2.2334247,2.3320787,2.251118,2.3200202,2.356298
11,1.1895409,1.2118357,1.4897438,1.4424151,1.2801899,0.8297017,0.7871083,0.7289294,1.2915866,0.96525383,0.9453519,0.0,0.7438392,1.0243831,1.0747988,1.0747073,0.84060395,1.4619097,1.4647962,0.8987692,2.3744469,1.8978058,2.2966802,2.8022466,1.4672652,1.4614835,1.2269559,1.5650913,0.9184152,1.6904111,1.4124194,0.911142,1.3313264,1.3009549,1.653579,1.6578676,1.3616245,1.1343437,1.5726576,2.9928834,1.9386177,2.3026066,1.5865198,1.8260679,2.1300592,2.2172332,4.2407327,2.762506,2.1436574,2.1786122,2.07201,1.9963708,2.1448207,2.564661,2.5648162,2.2970295,2.1123738,2.0805829,1.4923708,1.6292442,1.6063122,1.5406536,2.2059565,1.8310508,3.5235403,3.545967,3.9050753,4.2892427,3.3223014,3.3324342,3.4998376,3.3420246,3.4633322,3.4666812,3.4646866,3.4197757,3.402802,3.4255016,4.2298083,4.2117367,3.447302,2.6631286,2.9020152,3.3480966,4.0598636,4.0265083,5.4555235,5.501663,2.853461,2.6744497,2.4263046,2.487103,2.9034107,3.1290023,3.1290023,3.2184281,3.2038088,3.1911676,2.5800376,2.5884361,3.154503,3.242334,3.0431807,2.9911273,2.7613184,3.3802629,1.9104468,2.7281485,1.7567023,1.8634112,2.5696898,3.17021,2.0183809,2.2068303,2.2966044,2.417947,2.622694,2.572963,2.5558429,2.6535192,3.0226138,2.0428221,1.9957554,2.0778186,2.181014,2.079024,2.1899226,2.2361665
12,1.3244255,1.3998996,1.152459,1.1264007,1.0284885,0.904877,1.1604382,0.8845581,1.3956136,0.75902957,0.74979216,0.7438392,0.0,0.35212806,0.73173827,0.94434,1.0053638,1.8768909,1.5188602,1.1422977,2.669976,2.33515,2.4744525,2.8645196,1.5596611,1.514965,1.2643645,1.6854535,0.7732134,1.7425004,1.5344545,1.1589521,1.5715376,1.1900858,1.8297192,1.8401076,1.8374748,1.6651977,1.8530194,3.4097261,2.303503,2.550001,2.0423746,2.3233726,2.5234754,2.6477928,4.39848,2.9859056,2.5158906,2.5188053,2.4835765,2.4018645,2.404728,2.7888768,2.8519928,2.5905547,1.9095746,1.8735071,1.6509864,1.7914245,1.6867701,1.5730169,2.3214114,2.041866,3.7084289,3.7329547,4.3300495,4.699752,3.5460427,3.5611491,3.7454884,3.5598273,3.6480217,3.6524525,3.67795,3.642172,3.5753198,3.6164615,4.3804846,4.3657985,3.7737083,2.9343042,3.1182108,3.4957333,4.1303196,4.095032,5.4267626,5.4756846,3.062182,2.925172,2.7245321,2.7499454,3.1552932,3.355686,3.355686,3.4162273,3.2723083,3.2583015,2.5331795,2.5569167,3.25052,3.3172853,2.93776,2.9468114,2.774709,3.088758,1.952212,2.7093067,1.5431335,1.9041604,2.6298115,3.0537634,2.090278,2.31054,2.4159515,2.3846722,2.3405194,2.2990172,2.2122931,2.3892772,3.1966832,2.221655,2.1347718,2.213667,2.320435,2.2811103,2.323527,2.337245
13,1.5163518,1.6019534,1.2695153,1.240185,1.1876147,1.1451701,1.3999227,1.133203,1.5861923,0.8235827,0.97268754,1.0243831,0.35212806,0.0,0.7454351,1.1402849,1.1834805,2.025342,1.6246872,1.3057207,2.7849622,2.4830537,2.5680497,2.9624336,1.7666104,1.7266245,1.4837834,1.8985695,0.9609253,1.8650787,1.664498,1.3594155,1.7769326,1.0704757,2.006806,2.0174742,2.1212964,1.963365,2.0563948,3.6687112,2.5643022,2.7895563,2.3224792,2.5781555,2.7476406,2.8777447,4.561032,3.2180493,2.7167552,2.735692,2.7135823,2.6429057,2.5783682,2.95157,3.0678365,2.7980502,2.0011282,1.9696922,1.8050911,1.9276156,1.8822554,1.7373348,2.4615397,2.202155,3.9632297,3.9887402,4.5833817,4.9456086,3.8175578,3.8338745,4.009626,3.832426,3.8910909,3.8952153,3.9273863,3.8953226,3.815246,3.8612952,4.5869555,4.57767,4.018891,3.2191362,3.388011,3.7380056,4.339476,4.3080955,5.5809236,5.6297965,3.3275485,3.2075334,3.006799,3.0144603,3.4283779,3.620483,3.620483,3.671322,3.4261434,3.414654,2.702888,2.7297304,3.4268713,3.4778717,3.0873864,3.1036553,2.9696093,3.213466,2.1820576,2.8968377,1.6580858,2.1472185,2.8301845,3.1920445,2.266458,2.4629242,2.5334,2.478768,2.2426486,2.2164505,2.0997427,2.2977738,3.3442361,2.4240677,2.378955,2.4525933,2.5544748,2.5321662,2.5582905,2.5581942
14,1.5264148,1.6229115,1.4101367,1.5999169,1.2998492,0.9703696,1.0768493,0.87213176,1.2857872,0.48185724,1.1796948,1.0747988,0.73173827,0.7454351,0.0,0.98303694,1.6273879,2.2385585,2.0159006,1.6993661,2.590411,2.5076842,2.8152251,2.8577843,1.5876324,1.5610276,1.4214804,1.8004415,1.3904964,1.8321954,1.9182969,1.5375241,1.5438381,1.1010953,2.0591626,2.068384,2.2120197,2.029141,2.1249146,3.640337,2.445548,2.7429962,2.1975012,2.4171166,2.7494557,2.8702192,4.4758463,3.0738037,2.6359637,2.630403,2.591506,2.5240896,2.4591043,2.896883,2.874691,2.6652956,1.900293,1.8334621,1.2904123,1.4382681,1.6655658,1.4658298,2.2811596,1.9712814,3.9427629,3.9633365,4.422319,4.820501,3.75826,3.7668843,3.9392116,3.7769709,3.8770685,3.8708446,3.8902068,3.8081443,3.7129512,3.7522328,4.4642944,4.451016,3.937005,3.1667376,3.355311,3.711078,4.366634,4.339227,5.579546,5.6265287,3.2766545,3.1473818,2.9536784,2.9805806,3.373404,3.5659711,3.5659711,3.6314785,3.328394,3.3217688,2.6592991,2.6579888,3.3689516,3.4296417,3.057011,3.0374565,2.907559,3.329062,2.1240177,2.8539019,1.7255039,2.1181896,2.7160685,3.2206607,2.162041,2.2878237,2.8119912,2.736113,2.1802359,2.1044233,2.1117132,2.2784054,3.2933693,2.3089178,2.2636447,2.3324797,2.4525032,2.4448073,2.4591758,2.484429
15,0.8986396,0.8908795,1.6110688,1.7355144,1.4807833,1.1172383,1.1181638,0.9877374,1.2199967,0.9815532,1.2031564,1.0747073,0.94434,1.1402849,0.98303694,0.0,1.5461918,2.113255,1.793663,1.6746981,2.4616377,2.2889125,2.7696998,2.925372,1.110096,1.2063653,0.92036366,1.2428939,1.2718164,1.6275066,1.6602958,1.2472118,1.307002,1.64967,1.757325,1.773868,1.8126533,1.6607746,2.0573711,3.459767,2.1394095,2.298647,1.8221319,2.1682978,2.6560044,2.7814217,4.2269073,2.7646244,2.4023256,2.356253,2.3272865,2.281262,2.091784,2.5288427,2.4459195,2.225651,1.7396802,1.7736316,1.4041289,1.6225917,1.0852475,1.0133885,2.1225882,1.8320317,3.3701694,3.399743,3.8849568,4.268771,3.1652555,3.1702828,3.3597684,3.1873689,3.2673676,3.2474158,3.266782,3.200677,3.1687102,3.207944,4.04451,4.0426636,3.484371,2.5615554,2.7815847,3.1202562,3.7873483,3.770616,5.129284,5.182829,2.6213965,2.4997108,2.2519608,2.2933526,2.7433329,2.9505572,2.9505572,2.993701,3.1621757,3.1221373,2.360288,2.4918218,3.113183,3.2105777,2.7324138,2.7297366,2.5905445,3.1072125,1.8709285,2.5213895,1.356067,1.581748,2.326287,3.0224183,1.7824992,2.0221572,2.452612,2.3630965,2.4035256,2.3661532,2.3030517,2.455268,2.8324435,1.8609308,1.7951453,1.8717282,1.9904163,2.015189,1.9792789,1.9296503
16,1.516197,1.4486775,1.6717734,1.3719838,1.5332549,1.4446863,1.5413946,1.4261005,1.8051056,1.5365078,1.2146634,0.84060395,1.0053638,1.1834805,1.6273879,1.5461918,0.0,1.3088657,1.1429014,0.3688608,2.7183402,2.0558538,2.3098605,3.2128522,2.0023756,1.9413248,1.6442418,1.9595325,0.7818202,1.9631513,1.3407363,1.0312843,1.9294971,1.6453112,1.7925004,1.7944874,1.4959003,1.3148494,1.7426937,3.0507274,2.3238063,2.5664134,2.0314915,2.2527092,2.2370803,2.3216326,4.3884,3.0310328,2.4834354,2.5038817,2.3924625,2.3407626,2.4593122,2.8928535,2.9275265,2.6078894,2.460587,2.4590611,2.1836572,2.3070319,2.0937853,2.0801075,2.7538962,2.440929,3.6353233,3.661085,4.17219,4.5369725,3.4673107,3.4864466,3.6774635,3.4821022,3.577943,3.5740829,3.5449681,3.5636213,3.5524793,3.5815563,4.355776,4.3420334,3.6876683,2.8019478,3.0174775,3.432678,4.113429,4.0723667,5.4057727,5.453513,3.0040588,2.8512518,2.6314747,2.6879053,3.0677907,3.2746549,3.2746549,3.349476,3.4115117,3.3955967,2.799657,2.8304036,3.4618797,3.5441039,3.1236665,3.102175,2.9955075,3.4165347,2.2243173,2.9181724,1.9855127,2.1435857,2.7963698,3.2411542,2.3275075,2.5871196,2.0994399,2.231955,2.911367,2.8846295,2.8306475,2.9305787,3.2045684,2.355765,2.2866445,2.389879,2.4583814,2.3399577,2.4632576,2.4868743
17,2.138076,1.8681592,2.5498664,2.341364,2.363163,2.0090246,1.8438183,1.9165039,2.1769805,1.9832212,2.0336416,1.4619097,1.8768909,2.025342,2.2385585,2.113255,1.3088657,0.0,1.1121483,1.1950527,2.2275395,1.1406103,2.1707075,3.035599,2.2961504,2.3003576,1.944192,2.3387558,1.7515509,1.7244865,1.0857466,1.1178782,2.003265,2.089463,2.1596317,2.1521673,1.6882795,1.5515009,1.8841395,2.825306,2.2140744,2.5872216,1.9586273,2.0774596,1.9991086,2.032838,4.2500925,2.977435,2.4013667,2.4533362,2.2852695,2.3083792,2.438497,2.9605253,2.8864815,2.593377,2.9224095,2.9866223,2.3115995,2.3662496,2.342351,2.3815598,2.9410696,2.6391344,3.8807302,3.9037244,3.961434,4.327051,3.6814978,3.736834,3.8235054,3.7107906,3.824473,3.8113003,3.7746897,3.7520442,3.755259,3.7616174,4.45892,4.4625425,3.6969306,2.883825,3.1670496,3.6287088,4.407826,4.3848786,5.626974,5.673903,3.1836643,3.030287,2.6959362,2.7683346,3.2328565,3.440969,3.440969,3.5430217,3.9684892,3.959399,3.502546,3.4846847,3.9155562,4.0047817,3.714208,3.6338155,3.4771762,4.247592,2.821659,3.4431036,2.3984525,2.764488,3.2966723,3.9665356,2.6106954,2.825238,2.4191864,2.65812,3.3054032,3.213463,3.2995136,3.3625412,3.4196136,2.6141026,2.6862924,2.7603588,2.7364252,2.55145,2.7374988,2.7760937
18,1.9720261,1.6534891,1.960473,1.7487502,1.8374655,1.7295995,1.8212699,1.7231145,1.9944998,1.7399706,1.5703926,1.4647962,1.5188602,1.6246872,2.0159006,1.793663,1.1429014,1.1121483,0.0,1.0484742,2.29091,1.6140804,2.033628,2.8967938,2.014121,1.9636292,1.5195887,2.109672,1.3287135,1.2837862,0.6226935,0.9132112,1.9306856,2.0676098,1.9257978,1.9260268,1.8847362,1.7518466,2.1591058,3.3954072,2.2717397,2.4266167,1.9865801,2.209216,2.5146248,2.5898206,4.3478904,3.1505852,2.4089112,2.4414804,2.3374784,2.3137164,2.2385204,2.716873,2.7355552,2.4601555,2.4019582,2.4947476,2.3104534,2.349763,2.1018918,2.1386552,2.7584283,2.5358388,3.7092607,3.7360246,4.255412,4.5931954,3.539689,3.6081703,3.7006602,3.5519667,3.6213925,3.639295,3.5970743,3.6010878,3.6248014,3.6456847,4.439735,4.4278026,3.5582643,2.742311,2.9497843,3.3775473,4.1479754,4.1289687,5.421298,5.4759917,2.9981403,2.8774753,2.5990076,2.6569695,3.103839,3.291328,3.291328,3.3701692,3.688224,3.6661758,3.1846292,3.1634383,3.7383237,3.8217921,3.4011085,3.3836868,3.2717586,3.636316,2.5315998,3.2482996,1.9288282,2.4946992,3.1447885,3.5651736,2.3520849,2.7323425,2.3535507,2.471752,3.0162213,2.9131715,2.9393754,3.0359044,3.1092012,2.4030247,2.531603,2.5622456,2.543202,2.489535,2.5177107,2.5215147
19,1.6685667,1.5414789,1.7214767,1.4474216,1.5853745,1.4517345,1.4998481,1.4298599,1.7985473,1.5578521,1.3174601,0.8987692,1.1422977,1.3057207,1.6993661,1.6746981,0.3688608,1.1950527,1.0484742,0.0,2.5597672,1.8990749,2.2950914,3.2213056,2.0686479,1.9755747,1.6789064,2.075898,0.987379,1.8791002,1.2950251,1.0364822,1.9292568,1.6939752,1.8382176,1.836603,1.5478389,1.3357109,1.8033577,3.1355083,2.2740693,2.5874054,1.9858515,2.164878,2.2968726,2.3640337,4.4000144,3.1599784,2.4111838,2.4233456,2.3153312,2.26559,2.3555336,2.8819733,2.8396564,2.5399992,2.519808,2.5117826,2.1716247,2.240292,2.1479087,2.1250672,2.7819624,2.4921653,3.717511,3.7378955,4.1911163,4.557108,3.5316992,3.5601218,3.7361677,3.54612,3.6537945,3.665115,3.6081688,3.6139739,3.6388943,3.6618583,4.4585896,4.440067,3.669889,2.8302777,3.033786,3.488252,4.240267,4.199987,5.4607444,5.507704,3.0760612,2.9114976,2.6927266,2.7689548,3.1261818,3.3398967,3.3398967,3.4336505,3.5278914,3.5184371,2.9639773,2.9358711,3.6100643,3.6908736,3.2213337,3.1779532,3.112117,3.5673578,2.2869234,3.085509,2.1245787,2.2958226,2.9516878,3.4129813,2.4254346,2.6710904,2.2363715,2.4476252,2.9589524,2.9080722,2.92096,3.0020678,3.206489,2.4229438,2.4177089,2.4692435,2.5353866,2.4530208,2.534988,2.575224
20,2.7804625,2.3016376,3.1181886,3.2141702,2.961126,2.4290571,2.048004,2.2819483,2.5519233,2.2984014,2.823765,2.3744469,2.669976,2.7849622,2.590411,2.4616377,2.7183402,2.2275395,2.29091,2.5597672,0.0,1.5901916,2.7459772,3.0508037,2.4733343,2.4494305,2.129842,2.6875348,2.6580043,1.761118,2.0548532,2.0216963,2.1837082,2.6649005,2.8169515,2.8101656,2.85546,2.6154315,3.21882,4.1009107,2.4982638,2.687387,2.350277,2.4718854,3.1891859,3.2437112,4.420245,3.4874918,2.5920928,2.4384987,2.2769594,2.1112993,2.3917246,2.8931155,2.6678705,2.5554817,2.881635,2.9181757,2.1405494,2.0991988,2.58109,2.597508,2.727657,2.5529125,4.044475,4.0605435,3.876239,4.3933654,3.8407001,3.9012036,3.881887,3.8729012,4.0977426,4.0958085,4.1153684,3.9693623,3.9631724,3.9373088,4.635456,4.6076612,3.786149,3.3430476,3.5882132,3.9491262,4.6014967,4.625335,5.8123755,5.8631015,3.5023305,3.3954313,3.116922,3.2260873,3.607004,3.7650688,3.7650688,3.87367,4.192923,4.194181,3.7700307,3.706215,4.0134044,4.112501,4.025485,3.9319942,3.6646328,4.612249,3.3329673,3.7398827,2.7774916,3.187593,3.5997348,4.452305,2.8887115,2.9234703,3.4680922,3.6383584,3.3305697,3.1017427,3.3490222,3.3975894,3.0763936,2.894155,3.0382483,2.994641,2.975478,3.018667,2.9582007,3.0319164
21,2.4107776,1.967875,2.9907594,2.9370592,2.7897685,2.2603555,1.8953545,2.1348705,2.3636503,2.1787295,2.4713392,1.8978058,2.33515,2.4830537,2.5076842,2.2889125,2.0558538,1.1406103,1.6140804,1.8990749,1.5901916,0.0,2.2158623,2.857166,2.2550056,2.3029552,1.9778221,2.4600096,2.2531369,1.6316383,1.3988124,1.4283843,1.920533,2.3992212,2.4523778,2.443743,2.0347722,1.9222653,2.354548,3.2988644,2.1572058,2.3521128,2.0003626,2.1496994,2.4352832,2.4713948,4.1817884,3.069201,2.4099836,2.4023929,2.3323097,2.3168306,2.3420496,2.8263056,2.7106285,2.4830139,2.8697581,2.957149,2.3148177,2.2859511,2.40749,2.45456,2.7089171,2.5697584,3.7126071,3.7316911,3.4714773,3.823697,3.501033,3.5688233,3.5569499,3.5436828,3.693025,3.7070723,3.694437,3.6229634,3.614161,3.602727,4.336685,4.3372054,3.3886065,2.89157,3.15221,3.5378149,4.276775,4.280534,5.5617213,5.6089935,3.06822,2.9525366,2.6401656,2.7889705,3.1325614,3.2973003,3.2973003,3.4146388,4.002931,3.995518,3.5349772,3.4968503,3.7822688,3.8967948,3.7870076,3.6844347,3.3514385,4.427491,2.885437,3.4557457,2.4265573,2.853609,3.3267767,4.2708664,2.5737896,2.6961937,2.6416144,2.9668481,3.1942053,3.010111,3.191537,3.25621,3.2354114,2.5761843,2.7439573,2.68355,2.6431468,2.6787817,2.6368914,2.6783013
22,2.9682972,2.7758627,2.7406757,2.5954337,2.537668,2.4092352,2.528294,2.4863794,2.7435904,2.6042747,2.2408428,2.2966802,2.4744525,2.5680497,2.8152251,2.7696998,2.3098605,2.1707075,2.033628,2.2950914,2.7459772,2.2158623,0.0,1.9195026,2.5979526,2.6169996,2.3384435,2.840651,2.0692186,2.3193598,1.8778758,1.9749229,2.610076,2.6788154,2.346187,2.3450787,2.6638932,2.6039026,2.7789109,3.7091014,2.7853043,3.0468757,2.5920866,2.8838503,2.9441893,3.0134366,4.772782,3.5584536,2.9667222,3.0796685,2.9209635,2.8639255,2.9232414,2.3295023,3.3164577,3.0474854,3.1866038,3.2370358,3.0158417,3.0219977,3.122043,3.131228,2.3581548,2.20896,4.260367,4.29397,4.6642404,4.929998,4.1573997,4.204616,4.0913105,4.1681833,4.2391567,4.320095,4.318548,4.367969,4.164944,4.177643,4.9108043,4.8638926,3.483568,3.506535,3.658796,4.0415626,4.6230783,4.6093106,6.627548,6.6807933,3.6314306,3.5091188,3.1893482,3.2513573,3.703522,3.8608804,3.8608804,3.9244087,4.005325,3.9676168,3.5277212,3.4741673,3.1039557,3.2218742,4.5513897,4.555784,3.6860342,4.136246,3.1155763,3.7153418,2.7215219,3.180964,3.7565153,4.1363606,3.0475562,3.3531642,3.028789,3.2222035,3.6205382,3.4216723,3.3310385,3.4665883,3.6904228,3.102109,3.1880858,3.233052,3.1983008,3.2538912,3.203895,3.2610366
23,3.3646526,3.2781172,2.9526675,3.0856197,2.7642384,2.5275567,2.6719148,2.6004195,2.8443012,2.6571827,2.5768785,2.8022466,2.8645196,2.9624336,2.8577843,2.925372,3.2128522,3.035599,2.8967938,3.2213056,3.0508037,2.857166,1.9195026,0.0,2.5927906,2.6242933,2.470658,3.0736377,2.8333163,2.3327909,2.5098999,2.5494819,2.5971215,3.0920663,3.042454,3.0470974,3.263044,3.1915216,2.8806226,3.878595,2.855983,3.1266015,2.7268295,2.973485,3.4292386,3.5033445,4.8774366,3.6202865,3.3668208,3.4367576,3.338125,3.2245495,3.3916438,2.818039,3.5916193,3.508328,3.0812001,3.1158993,2.8418765,2.812678,3.0817623,3.057255,2.209129,2.1370385,4.3989077,4.42295,4.77198,5.0586386,4.3046765,4.369171,4.205008,4.3122845,4.4341,4.522963,4.6157813,4.558519,4.3931837,4.4066625,5.0901003,5.046765,3.6411698,3.7498353,3.9034307,4.276778,4.8139915,4.804519,6.8054132,6.8553977,3.8657362,3.7424057,3.4629338,3.5270154,3.9504478,4.0910873,4.0910873,4.159712,4.1037335,4.0873423,3.74272,3.6212509,3.1979172,3.3189883,4.6968994,4.704971,3.744289,4.1805787,3.188314,3.7997968,2.7825751,3.3305588,3.9065034,4.2537017,3.10918,3.3548162,3.842225,3.8750672,3.627746,3.428103,3.3465307,3.5089443,4.2659802,3.212519,3.3243499,3.3371837,3.2991612,3.3471427,3.3072011,3.3789122
24,1.499875,1.404212,1.7829875,2.0088973,1.5977379,1.1633921,1.2171777,1.1367708,1.555565,1.3500656,1.3745735,1.4672652,1.5596611,1.7666104,1.5876324,1.110096,2.0023756,2.2961504,2.014121,2.0686479,2.4733343,2.2550056,2.5979526,2.5927906,0.0,0.5902177,0.73900986,0.71302766,1.7567037,1.578405,1.8628702,1.5624776,1.2367594,1.999002,1.9481747,1.9626913,1.7255754,1.7018154,2.3874838,3.6490192,1.7779188,1.880309,1.3813989,1.7716177,2.653303,2.747268,4.0579433,2.4889963,1.8491961,1.9950824,1.854373,2.0028012,1.839922,2.0784116,2.0584598,1.9447126,1.5880916,1.6690037,1.4661806,1.6841611,1.000847,1.0248318,1.7920604,1.3720096,3.1237159,3.151988,3.6936042,3.9259603,2.9994383,3.0151417,3.1236796,3.0142984,3.0305681,3.0800505,3.1796756,3.0785985,3.1112907,3.1278918,4.020255,4.0017066,3.1287422,2.3002672,2.4683883,2.8617673,3.5154865,3.5102425,5.1969476,5.24832,2.4143553,2.2688978,2.0039122,2.1516354,2.4781232,2.6920543,2.6920543,2.752323,3.1468165,3.1023872,2.3829181,2.507069,2.8437226,2.9998863,2.9840293,2.9583156,2.5611901,3.1145256,1.8281455,2.4837112,1.5596769,1.6910082,2.3562741,3.0187936,1.8264167,2.0312045,2.7422285,2.649447,2.7175913,2.604235,2.5405571,2.6502473,2.5856435,1.8697977,1.742199,1.8805202,1.961217,1.8319727,1.9284735,1.9063301
25,1.7265178,1.4863534,1.6409671,1.8673368,1.4656601,1.0980837,1.2196273,1.0941839,1.5468283,1.3175899,1.2890105,1.4614835,1.514965,1.7266245,1.5610276,1.2063653,1.9413248,2.3003576,1.9636292,1.9755747,2.4494305,2.3029552,2.6169996,2.6242933,0.5902177,0.0,0.7294616,0.9887799,1.6927983,1.5465958,1.8347399,1.5404408,1.4339286,2.0811615,2.081065,2.0940218,1.8523103,1.7731367,2.3860335,3.6494079,1.8450445,2.0360606,1.4945349,1.8473432,2.7411673,2.8320324,4.145569,2.6501052,2.0778751,2.1533003,1.9251082,2.0910068,1.9775145,2.2723265,2.1793275,2.0870116,1.698804,1.7570481,1.5644029,1.7508172,1.2640495,1.2740159,1.9774207,1.5788686,3.1345098,3.1592305,3.8465407,4.114763,3.0865304,3.1085305,3.2515602,3.0969322,3.1419156,3.2031467,3.292274,3.191584,3.2420607,3.2577736,4.1500034,4.1205487,3.273181,2.3947306,2.532066,2.966023,3.6422148,3.6248384,5.222831,5.2744527,2.5602129,2.4023995,2.1541448,2.4430814,2.6295035,2.8466165,2.8466165,2.9217823,3.2752106,3.2392526,2.5279071,2.616569,3.0300775,3.2485743,3.024424,3.0079744,2.6646123,3.1067054,1.9105226,2.5902522,1.7395179,1.8107898,2.5095172,3.062744,2.0475485,2.233043,2.881928,2.8131475,2.837649,2.7129066,2.6722214,2.7842398,2.7572649,2.0437102,1.9222621,2.0421488,2.1233087,1.9930772,2.0952582,2.1057153
26,1.4454286,1.2143198,1.5950605,1.7415979,1.4261211,1.0305673,1.1071587,0.98751134,1.4401122,1.1565094,1.178534,1.2269559,1.2643645,1.4837834,1.4214804,0.92036366,1.6442418,1.944192,1.5195887,1.6789064,2.129842,1.9778221,2.3384435,2.470658,0.73900986,0.7294616,0.0,1.0828861,1.3764827,1.1393833,1.3562901,1.0862229,1.2611203,1.9055997,1.7703683,1.782548,1.6946756,1.5484992,2.1219995,3.468874,1.746222,1.9032471,1.3675086,1.7638749,2.5815306,2.6831763,3.9153001,2.6628935,2.0185812,2.0048883,1.8336362,1.8846244,1.8546529,2.1788003,2.1541293,2.0312624,1.6159313,1.6859385,1.4298214,1.6180228,1.0738472,1.1128306,1.9135846,1.5449958,3.1241794,3.1499138,3.733169,4.069508,2.9851747,3.0221727,3.111863,2.99809,3.06871,3.1072361,3.1803045,3.093251,3.148134,3.170568,4.055064,4.042141,3.1567376,2.252151,2.4297855,2.8623583,3.5622504,3.549144,5.1427536,5.1968055,2.4163365,2.2663662,1.9885973,2.1305785,2.5103154,2.743664,2.743664,2.8026516,3.2919614,3.2564185,2.4739952,2.5260973,2.968316,3.110807,2.9266589,2.9096117,2.5904596,3.0746198,1.8369001,2.502729,1.4235612,1.6626031,2.3980963,3.0192065,1.8262929,2.0404406,2.5513165,2.502555,2.6381068,2.5295374,2.497566,2.6177664,2.660688,1.8329117,1.7156165,1.8268894,1.8838798,1.8078905,1.8582513,1.8457922
27,1.429586,1.3931379,1.9587166,2.1029027,1.7906654,1.4499863,1.5192939,1.4112743,1.724425,1.6246449,1.555117,1.5650913,1.6854535,1.8985695,1.8004415,1.2428939,1.9595325,2.3387558,2.109672,2.075898,2.6875348,2.4600096,2.840651,3.0736377,0.71302766,0.9887799,1.0828861,0.0,1.7745149,1.900654,2.016163,1.6913451,1.6397852,2.0950124,1.9309065,1.9455843,1.6063734,1.6128017,2.53919,3.6734986,1.8745105,2.0512235,1.5641172,1.9604322,2.6348073,2.7374506,4.1780367,2.4579515,1.8297815,1.9389985,1.7457676,2.0295167,1.8644817,2.1883063,2.0556598,1.8703169,1.9367384,2.0085423,1.7157179,2.0416465,1.1708685,1.2338659,2.180225,1.6762071,3.1872985,3.2198215,3.7459488,3.9807327,3.0423708,3.0399582,3.2096016,3.0563095,3.1050253,3.1182873,3.18908,3.1160421,3.110808,3.1240826,4.007029,3.98592,3.3695817,2.274569,2.4601274,2.8126268,3.4482706,3.441719,5.030032,5.0820117,2.4154606,2.283425,2.0401056,2.1427178,2.4816012,2.6788974,2.6788974,2.7281234,3.1381392,3.0864048,2.4420438,2.6591706,3.0101764,3.1525292,2.9872441,2.9722931,2.6739244,3.2124765,2.1077306,2.4409475,1.828458,1.8453507,2.2851672,3.02386,2.0727172,2.2960865,2.8039434,2.5480175,3.0923526,2.9656627,2.8984854,3.019994,2.5522478,2.0634344,1.7402442,2.0700872,2.1572886,1.8472182,2.1215804,2.0842366
28,1.4939257,1.4310863,1.4096657,1.201278,1.267259,1.2568055,1.4932343,1.2829654,1.6772282,1.3550118,0.8931115,0.9184152,0.7732134,0.9609253,1.3904964,1.2718164,0.7818202,1.7515509,1.3287135,0.987379,2.6580043,2.2531369,2.0692186,2.8333163,1.7567037,1.6927983,1.3764827,1.7745149,0.0,1.8433875,1.3461063,1.001956,1.8154413,1.5901009,1.6611278,1.6702182,1.6941167,1.5298446,1.9077625,3.2510495,2.245078,2.5119708,2.0639746,2.458814,2.420108,2.5591204,4.4410377,2.992073,2.5573497,2.487437,2.4458377,2.342881,2.4390664,2.6151278,2.85794,2.5365112,2.1834803,2.1795747,2.047619,2.198597,1.9929575,1.9662288,2.2939897,2.0749722,3.5561357,3.5879574,4.24043,4.6228085,3.415877,3.4303582,3.5863442,3.42593,3.582554,3.5865664,3.5905223,3.6121047,3.4523225,3.4871914,4.283486,4.2551274,3.5670972,2.8120987,3.0075145,3.3753486,3.9734876,3.9361866,5.408288,5.4606733,2.9276235,2.79457,2.57092,2.6241984,3.0338647,3.2212968,3.2212968,3.275578,3.1876202,3.1614783,2.509062,2.5714214,3.0534117,3.1501894,3.0885043,3.1261,2.7242203,3.0395885,2.0825229,2.6429567,1.6456593,1.9406008,2.6408136,3.1223438,2.2341561,2.5318694,2.2759433,2.2713985,2.7592838,2.6532147,2.5333326,2.7395334,3.0964022,2.2405274,2.1402583,2.2567604,2.3359413,2.3064094,2.3397746,2.3612444
29,2.080826,1.7644219,2.0339935,2.1390343,1.8911929,1.5356778,1.5502104,1.485196,1.8178598,1.4566188,1.7126857,1.6904111,1.7425004,1.8650787,1.8321954,1.6275066,1.9631513,1.7244865,1.2837862,1.8791002,1.761118,1.6316383,2.3193598,2.3327909,1.578405,1.5465958,1.1393833,1.900654,1.8433875,0.0,0.9733637,1.142463,1.4377025,2.1222346,2.1953795,2.1990957,2.1452856,1.9942942,2.3153973,3.5811744,1.8354805,2.1541708,1.6205286,1.9150679,2.719717,2.8124592,4.295083,3.0478485,2.1756124,2.1287632,2.0773485,2.0240376,2.0484054,2.5502748,2.3892426,2.2609215,1.9917607,2.1150432,1.6674165,1.6742991,1.6231767,1.6447896,2.2435281,2.071606,3.6562645,3.6793532,4.0755396,4.4573603,3.4971797,3.5787058,3.6125572,3.5099757,3.6709738,3.6903915,3.7212596,3.6220052,3.6362364,3.6423104,4.4473486,4.4333043,3.3900013,2.6987836,2.9426785,3.4020016,4.1778417,4.177813,5.4156156,5.470295,2.9783692,2.844297,2.5181656,2.6072664,3.0920613,3.2882214,3.2882214,3.3793082,3.594279,3.5853255,3.2522268,3.2043483,3.7097168,3.8095667,3.4539206,3.4169998,3.19005,3.6895885,2.5245855,3.1990602,1.753528,2.476768,3.136271,3.7123685,2.2384703,2.552925,2.9842608,3.0131812,2.905389,2.730114,2.8140478,2.9449906,2.983711,2.1541598,2.4431534,2.4487278,2.4255166,2.3373315,2.3884451,2.4080436
30,1.9057952,1.5811313,2.0951548,1.9676689,1.928593,1.6729586,1.7077302,1.6346725,1.9111525,1.62548,1.5828938,1.4124194,1.5344545,1.664498,1.9182969,1.6602958,1.3407363,1.0857466,0.6226935,1.2950251,2.0548532,1.3988124,1.8778758,2.5098999,1.8628702,1.8347399,1.3562901,2.016163,1.3461063,0.9733637,0.0,0.5945424,1.7316407,2.000125,1.942148,1.9446874,1.8426294,1.6945602,1.9285891,3.2144902,2.0288353,2.344927,1.8207499,2.135349,2.4554906,2.5565553,4.384569,3.0954797,2.4142864,2.3709311,2.2945893,2.2478383,2.2623963,2.6079712,2.703137,2.4323125,2.392682,2.5039375,2.1062195,2.1672924,1.9627877,1.9989705,2.4568195,2.2567627,3.6863437,3.717146,4.0853395,4.4683976,3.5321314,3.6004443,3.6531632,3.5503595,3.6922874,3.6981065,3.6928604,3.6764522,3.638266,3.654787,4.450489,4.4433527,3.4584253,2.7490413,3.007082,3.440915,4.178659,4.166879,5.502954,5.558004,2.9932883,2.8642917,2.5135949,2.5945296,3.10835,3.3029618,3.3029618,3.3791723,3.6244807,3.605179,3.2227473,3.227816,3.6279168,3.7331386,3.525611,3.5070617,3.2127757,3.7424545,2.5747206,3.1807666,1.815382,2.4607086,3.1272578,3.713256,2.336834,2.6889398,2.4973378,2.5890906,3.0377433,2.9093635,2.9015818,3.0490987,3.158474,2.2611144,2.4739685,2.5291824,2.5072455,2.4233007,2.4905818,2.4916532
