,0,1,2,3,4,5,6,7,8,9,10,11,12,13,14,15,16,17,18,19,20,21,22,23,24,25,26,27,28,29,30,31,32,33,34,35,36,37,38,39,40,41,42,43,44,45,46,47,48,49,50,51,52,53,54,55,56,57,58,59,60,61,62,63,64,65,66,67,68,69,70,71,72,73,74,75,76,77,78,79,80,81,82,83,84,85,86,87,88,89,90,91,92,93,94,95,96,97,98,99,100,101,102,103,104,105,106,107,108,109,110,111,112,113,114,115,116,117,118,119,120,121,122,123,124,125,126,127
0,0.0,2.6551316,2.142108,1.732859,1.6345129,1.6314054,1.9907751,2.3355632,2.5139549,2.6592607,2.486988,2.4753728,1.7502948,1.592827,2.1337748,1.6241736,2.1985378,2.1950448,1.4146681,1.4356143,1.7273915,1.3249835,1.9578145,1.4529468,1.3978566,1.8568753,1.4241217,0.92853993,1.551106,1.5544816,1.2715681,1.4193366,1.9505341,1.9163456,1.8192335,1.8541245,3.3082926,2.961434,3.5116668,2.5497432,1.7187253,1.5902495,1.8008384,1.393452,2.9154885,2.1859598,2.7875683,2.7458682,1.5992177,1.5043341,2.495912,1.7260644,2.6859627,2.6267934,2.9015603,2.6404479,1.1335589,1.4584364,2.819345,1.2918061,1.4710261,1.6267117,1.4905251,1.4656032,2.5736659,2.06904,2.1267743,2.1057665,2.9101083,2.2384934,2.1633227,2.3315735,1.9477443,2.0463307,2.176379,2.7024925,2.2316265,2.1120214,1.916722,2.1344752,2.735908,2.8571692,2.1644936,2.5454507,2.8805017,2.7228212,1.9856707,2.0979717,1.624889,1.6751952,2.1095123,1.1784103,0.8114055,2.0225754,1.765196,1.8756921,2.455399,2.461966,3.0841615,2.3212242,1.8151747,2.5001621,1.7875607,2.1735206,1.8759983,2.4174476,2.167095,2.5607257,2.4161377,2.743046,2.2071147,2.2856452,1.7171348,1.9869735,1.8372369,1.8404521,1.7837771,1.3013431,2.4331892,1.9252002,2.1801345,2.437406,2.6101747,2.5821536,2.901294,2.7461767,2.5718787,2.3002093
1,2.6551316,0.0,2.8640978,2.2650094,2.8198404,2.8180785,1.7409588,2.4306018,2.9016318,2.340586,3.0146565,2.670534,1.6372576,2.796109,2.1579797,2.0681064,1.6535802,1.6756357,2.478283,2.5692418,2.6428845,2.314951,2.266686,2.0501447,2.4225667,2.491992,1.9451827,2.243016,2.0122497,2.0267043,2.1528153,2.1242046,2.7240615,2.8498366,2.6916542,2.5364225,3.3303146,3.111927,3.4195476,3.0278924,2.7212474,2.532827,2.6882722,2.4164166,2.707185,2.2390997,2.523776,2.7762806,3.1564322,3.1388555,2.7987156,2.388606,2.8938127,3.1417267,2.6062126,2.5399826,2.5361683,2.2954469,2.9388385,2.4376824,2.659922,2.4706533,2.1919053,2.137077,2.7924287,3.2968726,2.023736,2.097632,3.1940427,2.3653202,1.9974277,2.639945,1.6697626,1.6024963,1.7025989,1.7959329,1.8931904,1.6408142,1.9984128,1.8507797,2.5430462,2.7568855,2.5218232,2.742574,2.4674215,2.6109478,2.7371976,2.892878,2.4984465,2.578023,2.5976865,2.5922263,2.7690504,2.4822795,3.2936885,2.4069717,1.8269625,1.8455127,2.3902693,2.6334221,3.079911,0.9844185,2.5597503,2.0166311,2.666153,2.5548148,3.2895322,2.7765388,1.972086,2.081078,2.0732374,2.3415422,2.0226605,2.4716694,1.8796362,1.9307557,2.6639361,3.0620294,2.2180665,2.1936114,3.1970706,3.1418564,2.5337708,2.4612844,2.5911982,2.839786,2.5589035,3.0680025
2,2.142108,2.8640978,0.0,2.462908,2.4593046,2.4815288,2.768633,2.9527607,3.036351,2.8626227,2.7815714,2.8729663,2.147628,2.0336316,1.9990367,1.9685763,2.494875,2.4977105,1.8621608,1.8789139,2.069496,1.8502848,2.2477903,1.8907096,1.8954926,2.214646,1.8526572,2.144856,1.8635857,1.8544085,2.2407696,1.8602657,2.7091672,2.7951498,2.5748491,2.6317844,3.1859558,2.5684984,3.3457007,3.0473633,1.9983714,2.398779,2.4162877,2.0330222,3.4655917,2.9689043,3.0104072,3.270291,2.18202,2.149794,3.3534,2.799325,2.8733828,3.2208288,3.3339088,2.834035,2.0749562,1.9226614,2.708838,2.3298945,2.2034883,2.1919363,1.6500341,1.6431153,2.585566,3.0985222,2.626987,2.2091165,3.2676325,2.6510427,2.5018444,2.4160388,2.3634238,2.6095057,2.6958513,2.9337425,2.857768,2.68104,2.9492788,2.4798994,2.831844,2.815952,2.2953398,3.144648,2.7399087,2.7440867,1.8984443,1.9196029,1.7442217,1.872628,2.3160806,1.9123068,2.2084603,2.6002376,2.4317336,2.5532548,2.9219916,2.9313025,3.3082726,2.7101142,2.3561187,2.597336,2.4759908,2.8684685,1.7606473,2.321547,2.59357,2.5405312,2.3935258,2.7166994,2.288555,2.3683615,2.5585084,2.6191154,2.7216861,2.7436748,2.7266366,2.557656,2.9849825,2.71109,3.4353116,3.4338362,3.5141847,3.638236,3.796888,3.6554418,3.550559,3.3698058
3,1.732859,2.2650094,2.462908,0.0,1.0726447,1.0538986,1.4852273,1.6866274,2.6456494,2.473674,2.966728,2.242896,1.6988717,1.5532254,1.8198545,1.1921537,2.345008,2.3551157,1.4785882,1.4760934,1.734804,1.2415237,1.6427819,1.2712041,1.4300967,1.7675712,1.3043073,1.6439725,1.3971446,1.4169589,1.5718148,1.484919,2.1734395,2.286722,2.0085495,2.08683,3.2046926,2.8553069,3.5164165,2.6949024,1.7540687,1.7799461,1.9867436,1.3604895,2.9823415,2.6323571,2.8252225,3.048998,2.5223892,2.5476427,3.0167377,2.5071914,2.6093693,2.6970026,2.8796935,2.2824328,1.5612483,1.313053,2.8012443,1.5759375,1.7848788,1.828758,1.3448509,1.3359741,2.1482036,2.6606784,2.182438,2.1910803,3.2060075,2.4743078,2.5814977,2.8834164,2.0968356,2.1030695,2.206413,2.3179317,2.4644146,2.1691732,2.4422987,2.3054028,2.5886545,2.7813,1.762047,2.6602197,2.6435213,2.665926,1.6214317,1.7458391,1.609153,1.7652036,2.21209,1.9963337,1.8581247,2.297021,1.9427043,1.8103204,2.3284106,2.3058236,2.94604,1.9660455,1.6898223,2.316586,2.3588464,2.8435705,2.3773477,2.934457,2.2799528,2.8965054,2.633377,2.8059533,2.2919478,2.6552176,2.4363832,2.560042,2.3673816,2.392684,2.4561787,1.9434052,2.669949,2.4706504,2.3180628,2.242192,2.6663995,2.6439252,2.8628743,2.8234158,2.6585917,2.362486
4,1.6345129,2.8198404,2.4593046,1.0726447,0.0,0.11199248,1.7168024,2.0020504,2.9895384,2.8709235,3.1096463,2.6544757,1.8888096,1.3666341,2.2064183,1.4330742,2.5206735,2.5232322,1.2667227,1.2292273,1.5571873,1.2553527,1.7234485,1.3088626,1.2824018,1.7211133,1.3956304,1.677941,1.4648737,1.4768852,1.5696759,1.4393713,2.4112225,2.4539008,2.1077485,2.2660477,3.4042566,3.1976242,3.8221612,2.8592317,1.7806376,1.825698,1.8628511,1.2907002,3.180714,2.7866445,3.0453522,3.262161,2.7397988,2.7058928,3.3292246,2.6241088,3.0904987,3.0869708,3.3581078,2.7007174,1.4494686,1.2235438,2.9808369,1.4415126,1.6931828,1.8081231,1.409127,1.4547795,2.1174896,2.4702926,2.3047647,2.3969657,3.052322,2.5580027,2.5545413,2.804547,2.3376038,2.3005795,2.427514,2.5168908,2.7393496,2.4129763,2.6752849,2.6526492,2.8950887,2.9466057,2.0658553,2.9405277,2.8051934,2.8669825,1.670517,1.6683023,1.6106359,1.7371014,2.434353,1.9415585,1.6803743,2.2755327,1.5357612,1.7816818,2.5643926,2.5680103,3.0912747,2.0089831,1.5581335,2.8264654,2.528434,3.21247,2.3088968,2.8927586,2.2904415,2.9368448,2.8619015,3.0777025,2.535211,2.7905843,2.7866814,2.7746797,2.7145152,2.722836,2.5577934,1.8723621,2.9607065,2.7514505,2.7174501,2.617349,3.242089,3.142888,3.470312,3.251461,3.1897182,2.699407
5,1.6314054,2.8180785,2.4815288,1.0538986,0.11199248,0.0,1.7405305,2.0639472,3.0380597,2.9079533,3.161893,2.686555,1.8884609,1.356393,2.1945875,1.4298601,2.5291443,2.5316117,1.2719833,1.2343854,1.5628586,1.2869937,1.7523615,1.3129447,1.2804406,1.7183154,1.3998704,1.6743772,1.4703628,1.483976,1.5727044,1.4398111,2.391266,2.4390168,2.091583,2.2538292,3.3844168,3.1866493,3.7937796,2.854316,1.7494835,1.7984893,1.840466,1.2812036,3.1895075,2.7763925,3.0495644,3.2668834,2.7355683,2.7023127,3.3523538,2.607763,3.125179,3.12187,3.391749,2.7430222,1.4456426,1.2133614,2.9856277,1.4394706,1.6646433,1.7814509,1.4101946,1.4529748,2.1123543,2.464748,2.3061855,2.391996,3.01995,2.5568187,2.5714417,2.8078458,2.3366435,2.2987626,2.428024,2.519292,2.7365744,2.4079468,2.6694589,2.6486933,2.8863661,2.9184468,2.0957768,2.9346454,2.7740328,2.843723,1.658245,1.6547639,1.606925,1.7195518,2.453718,1.9468617,1.6699866,2.2950125,1.5500082,1.7833798,2.5838115,2.5872142,3.095578,2.0129764,1.587141,2.814951,2.5158978,3.1986089,2.3348978,2.923151,2.2890055,2.9709358,2.8616605,3.077735,2.5368185,2.7921035,2.7925496,2.7853892,2.717585,2.7211573,2.5638583,1.8849523,2.9623866,2.7511775,2.6787288,2.5764363,3.2117434,3.1098561,3.439017,3.2247117,3.1594536,2.6635137
6,1.9907751,1.7409588,2.768633,1.4852273,1.7168024,1.7405305,0.0,1.6004398,2.3211088,2.2757928,2.8905754,2.5212133,1.4822879,2.3517156,2.4748535,1.8570948,1.6214802,1.6439753,2.0097404,2.0834844,1.9017936,1.3525281,1.8983147,1.6807673,1.967917,2.1203892,1.6235455,1.8883076,1.7134079,1.730958,1.7762045,1.6817577,2.6022594,2.6870842,2.4124007,2.3036256,3.3670418,3.1488087,3.872226,2.7937033,2.3529637,2.1287863,2.285173,1.9576126,2.2428424,2.057497,2.457597,2.6718202,2.976972,2.9288228,2.7181022,2.3078427,2.8445184,2.9963715,2.692216,2.4310305,2.1019118,1.8728356,3.3042016,2.0010684,2.3173609,2.2275226,1.8978927,1.9065101,2.523708,2.8194034,1.7229962,1.8557746,2.7878244,1.946746,1.9749477,2.4004426,1.6413277,1.5132672,1.744255,1.7881204,2.0032146,1.6218387,1.9827015,1.9203087,2.368947,2.605153,2.3136477,2.4579294,2.4490392,2.454955,2.226862,2.3868296,1.970234,2.1089017,2.2104094,2.1603813,2.2845256,1.4778928,2.243325,1.3539047,1.8606775,1.8798301,2.5249004,2.4815028,2.0418556,2.1308925,2.8504758,2.5996518,2.3492599,2.315043,2.8334599,2.5107858,2.2151165,2.372314,1.9958682,2.1526077,2.1396885,2.2438374,2.0255766,2.035533,2.2279274,2.2037375,2.310102,2.2568803,3.0036957,2.9471135,2.6459866,2.543046,2.8181853,2.7446089,2.606168,2.763124
7,2.3355632,2.4306018,2.9527607,1.6866274,2.0020504,2.0639472,1.6004398,0.0,1.8428969,1.6882328,2.2160933,1.6636385,2.0944343,2.3504272,2.4950972,1.920304,2.4083178,2.4216602,2.0685625,2.0920434,2.2154565,1.7113541,2.0601404,1.8241036,2.063178,2.2320158,1.8375069,2.1600351,1.9028865,1.9068567,1.9788022,2.0020626,2.8279536,2.8784935,2.5494626,2.4958355,3.7062407,3.4201787,4.0338044,3.0201416,2.465842,2.377249,2.4686122,2.0767455,2.938294,2.7736027,2.4585366,2.717389,3.1150477,3.1048298,2.583882,2.7541876,1.9945579,2.0678754,2.1376405,1.3605458,2.208968,2.1193378,2.845903,2.1217384,2.4258685,2.3878188,2.046144,2.060994,2.7225935,2.9746487,2.3276124,2.5644011,3.9069445,2.6200845,2.5820973,2.9770265,2.3311386,2.2668831,2.4037645,2.4860823,2.6195126,2.3201697,2.5697463,2.559292,2.8765244,3.4924011,1.5656651,2.9843166,3.2787669,3.124372,2.450033,2.5331326,2.2263107,2.3835173,2.4587278,2.4621587,2.4364848,2.3980207,2.3828824,2.2816484,2.497382,2.4449937,3.1856709,2.659169,2.2946637,2.7866008,2.949623,3.0638952,2.6293073,2.8577669,2.8570926,2.9418516,2.901637,3.0514636,2.7565844,2.9486532,2.5922742,2.7276495,2.6164727,2.676422,2.711147,2.4206402,2.912221,2.7641609,3.1490142,3.0691588,3.1788847,3.0996923,3.3518848,3.2495136,3.1505053,3.028219
8,2.5139549,2.9016318,3.036351,2.6456494,2.9895384,3.0380597,2.3211088,1.8428969,0.0,1.4788033,1.7683656,1.8179641,2.4109547,2.9267318,3.0117006,2.6388423,2.415155,2.4239254,2.6968744,2.7545173,2.6292531,2.1190395,2.6974936,2.5292852,2.634091,2.6857553,2.4583378,2.3558843,2.5350103,2.5405524,2.389793,2.422946,3.2131474,3.109573,2.9016004,2.7280462,3.7302501,3.209808,4.0023627,2.8768044,2.994331,2.8335044,3.0003395,2.6608942,2.7767148,2.658966,2.4555075,2.4872096,2.880906,2.815202,2.0197363,2.6542175,2.0522475,2.217573,1.691443,1.7949141,2.5703108,2.7547896,3.2575243,2.6024523,2.8920157,2.8664498,2.6003573,2.5813804,3.1673012,2.9879804,2.5835955,2.5385559,3.9716363,2.5577188,2.8587308,3.030819,2.4483178,2.4837637,2.6387029,2.6903348,2.7343693,2.519151,2.4169424,2.473323,2.7577002,3.5012,2.3237467,2.7654638,3.5673697,3.1036816,2.981769,3.1894257,2.6698797,2.7863178,2.5566397,2.4414434,2.7383513,2.4214242,2.762208,2.578282,2.7975461,2.7441027,3.408601,3.3973744,2.5747,3.1270437,3.261277,2.781292,2.9050274,2.7642803,3.195243,2.969142,2.8103797,3.0403826,2.9705236,2.9488783,2.3062541,2.3974907,2.4270077,2.4283762,2.349062,2.3814058,2.5592942,2.5988073,3.2989135,3.191646,2.8067627,2.9264324,3.1170135,2.9935124,2.7835858,2.989888
9,2.6592607,2.340586,2.8626227,2.473674,2.8709235,2.9079533,2.2757928,1.6882328,1.4788033,0.0,1.61729,0.9615708,1.7801312,2.4660213,2.5671904,2.049448,1.909227,1.9156548,2.2150273,2.2882402,2.1908236,2.1632593,2.2453344,1.9703931,2.16515,2.2230175,1.906027,2.129079,1.9039503,1.9071116,1.9903257,1.9285744,3.0093186,2.9591496,2.6828938,2.5054657,3.4362664,2.9779825,3.2110019,2.6138608,2.634004,2.4913557,2.4935186,2.1961944,2.9107704,2.375042,1.9135002,2.178244,3.0464911,2.9592311,2.0339158,2.5066044,1.5720917,1.8422279,1.3171269,0.8871729,2.2670317,2.2398655,2.1548097,2.2297432,2.5163944,2.382306,2.1274986,2.097666,2.7260787,2.9031022,1.9064958,2.0562003,3.6879966,2.0784392,2.2673979,2.580959,1.9076444,1.8587565,2.0385928,2.1050372,2.1939251,1.8933272,2.1442068,2.0222006,2.3522549,3.177147,1.5147276,2.591415,3.1062768,2.741946,2.4596078,2.5957935,2.2200367,2.3115282,2.9130414,2.2918394,2.5438077,2.4069383,2.7089684,2.370396,2.2910328,2.193509,2.9589543,2.8392155,2.8076255,2.6001174,3.0567315,2.6451266,2.5432944,2.4129498,2.7410843,2.5971231,2.35854,2.6241653,2.5510201,2.7525551,2.2205496,2.3115878,2.2715135,2.2734067,2.2754872,2.5702639,2.4818418,2.4544103,3.1143556,2.9965162,2.7107189,2.7135346,2.9192355,2.7857733,2.6690364,2.8008697
10,2.486988,3.0146565,2.7815714,2.966728,3.1096463,3.161893,2.8905754,2.2160933,1.7683656,1.61729,0.0,1.7241683,2.470952,2.6438267,2.7954617,2.367438,2.6013463,2.6005986,2.4295175,2.4694104,2.5375614,2.5684562,2.5528147,2.3432505,2.4159899,2.5336983,2.2884982,2.1444747,2.3255444,2.3129752,2.0701876,2.3186939,2.738997,2.593756,2.4444835,2.3468144,3.49176,3.0927174,3.3157117,2.7507849,2.9717207,2.761651,2.795982,2.5238688,3.4094782,2.752162,2.5332165,2.5283103,2.7761765,2.6990836,1.9079043,2.5257213,1.9194876,1.7437185,1.6779127,1.5724549,2.2541802,2.5684981,2.319652,2.2246504,2.604423,2.637274,2.4713287,2.4447544,3.03772,2.620389,2.5075552,2.731054,4.1425176,2.7565727,2.4691937,2.8163908,2.5424676,2.519019,2.6381488,2.8595479,2.6669126,2.5165384,2.2636197,2.636353,2.9104583,3.6367013,1.9983927,2.7227945,3.6252773,3.1683543,2.8883448,3.0338798,2.575548,2.7005043,3.1917558,2.2726812,2.347257,2.8691692,2.8727765,2.9363384,2.741713,2.6718926,3.2705634,2.9228988,3.1140945,3.1068666,2.7195294,2.737975,2.4346998,2.6051633,2.9539447,2.7286198,2.8009274,3.045789,2.8836863,3.0615413,2.269463,2.3946514,2.3913035,2.4237816,2.4090338,2.5095882,2.637532,2.496673,3.3727353,3.3243868,3.3200614,3.343664,3.5292935,3.3959444,3.2662947,3.1848543
11,2.4753728,2.670534,2.8729663,2.242896,2.6544757,2.686555,2.5212133,1.6636385,1.8179641,0.9615708,1.7241683,0.0,1.9495331,2.0975828,2.320489,1.8074235,2.4168377,2.4188333,2.0165904,2.0474107,2.2130666,2.168843,2.095596,1.8308853,1.9745095,2.0609543,1.8242171,1.9796909,1.8358989,1.8382391,1.8831711,1.9178147,2.9704485,2.8997521,2.5581784,2.467662,3.5345664,2.9866068,3.1571229,2.4801404,2.444109,2.4070127,2.43932,1.9291108,3.3203907,2.7335017,2.372722,2.5498571,2.8351846,2.7873085,2.1893191,2.6281111,1.4090445,1.4739357,1.7137103,0.83542234,1.9954565,2.0449054,1.8367486,1.9998155,2.3297293,2.27285,1.9315218,1.8981606,2.6014476,2.693942,2.2203033,2.3752127,3.8528214,2.3750153,2.590837,2.9401922,2.2302449,2.198053,2.3221095,2.4808583,2.5225272,2.2787654,2.4170883,2.4118311,2.74685,3.492783,1.0644473,2.822979,3.395743,3.093384,2.2861304,2.3993318,2.150073,2.2610972,2.9437666,2.2757838,2.2478096,2.7670002,2.5105793,2.5661526,2.5305192,2.4268904,3.2338877,2.575889,2.6748948,2.7822354,2.8038168,2.8429458,2.5975559,2.8147435,2.3278143,2.7837672,2.6380632,2.8776124,2.77567,3.0375955,2.3484533,2.536126,2.4115856,2.4626513,2.3792214,2.380027,2.700976,2.5910697,2.7842803,2.6041543,2.7267437,2.744339,2.919995,2.8341262,2.6976748,2.5700207
12,1.7502948,1.6372576,2.147628,1.6988717,1.8888096,1.8884609,1.4822879,2.0944343,2.4109547,1.7801312,2.470952,1.9495331,0.0,1.5745523,1.9323797,1.18512,0.95043844,0.9554566,1.2528487,1.3687018,1.28187,1.3533958,1.4857315,0.96187794,1.2029096,1.5398462,0.83636695,1.1885748,0.81775457,0.8400378,1.1143329,0.7880238,2.3510888,2.3441038,2.135693,2.0287125,3.0518417,2.6520708,2.886582,2.2716672,1.7833463,1.6236228,1.6248914,1.189905,2.5766027,1.6494099,2.067464,2.3028238,2.481535,2.3574722,2.471309,1.8002229,2.476149,2.6727479,2.4172225,2.0974772,1.3747106,1.067434,2.1889467,1.3538879,1.6538253,1.4934826,1.1348088,1.0845234,2.078142,2.4167955,0.9945631,1.0204113,2.3876872,1.3024955,1.3447167,1.7789017,0.7897348,0.7628226,1.0851269,1.4195199,1.472879,0.99369645,1.5256407,1.2666991,1.9803369,2.2111046,1.7087127,2.1320722,2.080932,2.022064,1.5144342,1.6609848,1.2783402,1.3395855,2.4126635,1.4314468,1.6551396,1.580268,2.0788996,1.2644976,1.5221523,1.5020442,2.350065,2.0125968,2.1267877,1.6851681,2.3503957,2.0982697,1.8005847,1.8180467,2.1079755,2.004795,1.5731461,1.979668,1.5588324,1.942623,1.6777563,1.7851865,1.5749478,1.54091,1.6563736,1.9689023,1.9954135,1.7695956,2.5038748,2.5071115,2.2820015,2.2125795,2.5006397,2.352124,2.2274842,2.305469
13,1.592827,2.796109,2.0336316,1.5532254,1.3666341,1.356393,2.3517156,2.3504272,2.9267318,2.4660213,2.6438267,2.0975828,1.5745523,0.0,1.6765038,0.9506509,2.3832343,2.3764827,0.68423396,0.6217992,1.4395555,1.5000117,1.620903,0.9668722,0.70772326,1.3764278,1.0419935,1.3152081,1.0455654,1.0464655,1.2942305,1.0152364,2.2650602,2.2630699,1.9650036,2.1202092,3.0138636,2.6340685,2.9118013,2.3163805,1.4646163,1.6039623,1.4458932,0.65930665,3.3560262,2.6806374,2.8420906,3.0606182,2.355482,2.273224,3.046931,2.4207048,2.608765,2.639112,3.0206532,2.344314,0.93138313,0.72114664,2.0093784,1.0667967,1.2613112,1.3565724,0.92201495,0.86603445,1.9430307,2.279169,2.1354995,2.1765454,3.0773232,2.3734,2.3105736,2.5664775,2.0945272,2.1181586,2.210111,2.48615,2.468315,2.2345824,2.5034354,2.3631766,2.6855347,2.833467,1.4636018,2.8302464,2.7963939,2.7793596,1.2869993,1.2467065,1.3932971,1.4389272,2.5559304,1.5208639,1.237366,2.5136728,1.6159472,2.0149992,2.437101,2.412652,2.9989343,1.6287459,1.7702504,2.5479589,2.077147,2.8107219,1.9653697,2.6269028,1.6365623,2.6527588,2.5638433,2.890929,2.4377902,2.7506256,2.5063372,2.6115448,2.4669778,2.474363,2.2810638,1.7948338,2.797324,2.488919,2.3162847,2.3042855,3.0147765,2.9857414,3.2989619,3.112443,2.964519,2.463848
14,2.1337748,2.1579797,1.9990367,1.8198545,2.2064183,2.1945875,2.4748535,2.4950972,3.0117006,2.5671904,2.7954617,2.320489,1.9323797,1.6765038,0.0,1.2937349,2.5943146,2.5942667,1.7100002,1.7052355,2.4345717,1.9253552,1.913384,1.4957521,1.6083602,1.5320116,1.4959376,1.8804225,1.6983474,1.7089932,1.8984822,1.6723694,2.4176927,2.5566146,1.9814768,2.0685658,2.7868435,2.3051667,2.9064786,2.5750127,1.9773797,2.1736934,2.2147322,1.6185211,3.18879,2.8911045,2.9185297,3.1867664,2.466496,2.5142455,2.950314,2.7428985,2.4999132,2.7404976,2.9729428,2.392647,1.8026006,1.6107286,2.2691896,1.886775,2.0188134,1.9545367,1.2942052,1.2275351,1.8949348,2.6460552,2.6918695,2.6021314,3.3653092,2.7465982,2.6396265,3.065289,2.3777242,2.3683445,2.4992552,2.4042833,2.657755,2.423337,2.7058284,2.4073954,2.865143,3.0097313,1.8072964,3.1829967,2.7246342,2.9229257,2.1819792,2.2151265,2.1366973,2.217434,2.0806336,2.3202996,2.0847957,3.0615003,2.4480581,2.7827456,2.6201358,2.6378815,2.9015944,2.1197436,2.5038512,1.9015954,1.772259,2.485953,2.5041656,2.9950535,2.5087988,3.0894554,2.3696485,2.5063381,2.708534,2.665561,2.5332108,3.0237267,2.545112,2.6038651,2.9630911,2.7203019,2.6865032,2.7776482,2.8663802,2.5116978,2.8915617,2.9254646,3.130938,3.3119621,2.9418073,2.8658996
15,1.6241736,2.0681064,1.9685763,1.1921537,1.4330742,1.4298601,1.8570948,1.920304,2.6388423,2.049448,2.367438,1.8074235,1.18512,0.9506509,1.2937349,0.0,1.9934491,1.9929909,0.85810363,0.87474734,1.3261346,1.3948568,1.1726118,0.51758003,0.772784,1.040045,0.5732158,1.1239535,0.7029574,0.71726334,0.93481106,0.8350055,1.9600147,2.0143764,1.5316353,1.6212151,2.770709,2.3987987,2.7296712,2.240133,1.570836,1.5677705,1.6114386,0.8305626,2.9698296,2.3329294,2.5610833,2.796808,2.2717278,2.2484665,2.5951915,2.1998637,2.2726266,2.332259,2.5628111,1.8996818,0.9319806,0.626593,1.8002434,0.9493499,1.3718078,1.3685907,0.5968355,0.56908685,1.580806,2.1053536,1.7421019,1.8533145,2.8704195,2.0379782,2.0059898,2.4178216,1.7600052,1.6894668,1.812692,1.8937674,2.047376,1.7629472,2.0510404,1.9515104,2.2730937,2.5230758,1.2628264,2.4523053,2.45522,2.4488733,1.297597,1.3710572,1.1703552,1.3550208,2.456734,1.5295246,1.368709,2.3010225,1.7531358,1.8424457,1.9537697,1.9156497,2.4529514,1.3847553,2.0018964,1.9731205,1.8372091,2.5014458,1.7896357,2.3926897,1.7891742,2.4223886,2.0368192,2.2621639,1.9207803,2.2721825,2.0700862,2.2211263,2.0095727,2.0394714,2.0889137,1.8473566,2.2705898,2.1843853,2.3136709,2.0763526,2.5474176,2.4942114,2.7432117,2.6529515,2.5190432,2.1669238
16,2.1985378,1.6535802,2.494875,2.345008,2.5206735,2.5291443,1.6214802,2.4083178,2.415155,1.909227,2.6013463,2.4168377,0.95043844,2.3832343,2.5943146,1.9934491,0.0,0.056619454,1.9288815,2.0587504,1.7381935,1.7931432,2.00009,1.7159183,1.8970475,2.232449,1.5661244,1.7557294,1.530486,1.5374643,1.7111527,1.4654492,2.6139178,2.6227355,2.536616,2.3284268,3.362917,3.06322,3.2417111,2.8278525,2.42175,2.21439,2.1825678,1.9300914,2.5976212,1.6102175,1.9231625,2.1938071,2.8727806,2.7210348,2.5975242,1.9486619,2.7791967,3.0629194,2.4687061,2.408408,2.0636666,1.8484063,2.706873,2.0167737,2.2904038,2.1242547,1.9204143,1.8824422,2.7782507,2.936348,0.997914,0.9990277,2.5485773,1.3681705,1.1389223,1.6419209,0.6053276,0.73214227,1.0395871,1.6410512,1.314693,0.7807867,1.3916671,1.1889725,1.8672389,2.1356602,2.3088431,2.0688126,1.9837278,1.8517934,2.1794167,2.3098552,1.8290206,1.8955086,2.6461616,1.7995517,2.2129893,1.3442951,2.647507,1.4614533,1.5234818,1.5228943,2.4388168,2.647096,2.6221058,1.8695743,2.8256307,2.122776,2.0777185,1.6576141,2.818566,2.0663211,1.6557648,2.1087255,1.6225568,1.9975247,1.7355243,1.770714,1.7028763,1.5857347,1.8298502,2.4371188,2.132926,1.7518821,3.0233448,3.1857407,2.5410094,2.440275,2.7380662,2.5612142,2.4801948,2.8177922
17,2.1950448,1.6756357,2.4977105,2.3551157,2.5232322,2.5316117,1.6439753,2.4216602,2.4239254,1.9156548,2.6005986,2.4188333,0.9554566,2.3764827,2.5942667,1.9929909,0.056619454,0.0,1.9180382,2.048292,1.7374978,1.7956798,1.9851004,1.7124213,1.8845704,2.2227697,1.5621262,1.7469999,1.5290042,1.5354141,1.70567,1.4580556,2.6077027,2.6151419,2.5252006,2.3160632,3.3712087,3.0744896,3.2432625,2.8452039,2.4348419,2.2263827,2.1872118,1.9195789,2.6117928,1.6287391,1.9453286,2.212064,2.866721,2.713326,2.5957828,1.9642092,2.778855,3.0633717,2.4751906,2.4139254,2.0534055,1.8398153,2.6947262,2.0073853,2.2965674,2.1330347,1.9159604,1.8782861,2.7795653,2.9292734,1.0108782,1.0184721,2.5473871,1.3743358,1.139173,1.6623361,0.62212396,0.746827,1.0412221,1.6518046,1.3031934,0.7793197,1.390159,1.1869502,1.8634255,2.1297786,2.311646,2.0760639,1.9895636,1.8632348,2.1899483,2.3140924,1.832948,1.9037747,2.6510468,1.7902892,2.202415,1.3601412,2.6419597,1.4781023,1.5092014,1.5102825,2.4328084,2.6388521,2.6254902,1.8801262,2.8148496,2.1321576,2.0809722,1.6619985,2.8160727,2.0729887,1.659151,2.1155958,1.6348557,2.0043883,1.7388308,1.7764059,1.7106806,1.589505,1.8291836,2.4351542,2.139875,1.7571887,3.012734,3.1805093,2.54213,2.4355276,2.7412684,2.559619,2.4802482,2.8124561
18,1.4146681,2.478283,1.8621608,1.4785882,1.2667227,1.2719833,2.0097404,2.0685625,2.6968744,2.2150273,2.4295175,2.0165904,1.2528487,0.68423396,1.7100002,0.85810363,1.9288815,1.9180382,0.0,0.13195893,1.1174008,1.1945429,1.342329,0.5601432,0.23547892,1.2861266,0.60651505,1.049218,0.60659707,0.6009904,0.97684485,0.6069247,2.0726628,2.0836399,1.7926544,1.8885732,3.1266873,2.8288898,3.0718582,2.585762,1.4155864,1.5161583,1.3572415,0.43939927,3.193098,2.406702,2.4814065,2.742344,2.272131,2.1734977,2.8604672,2.1727316,2.464088,2.5584695,2.7972205,2.116907,0.7774378,0.42756638,1.9209236,0.8827474,1.1969275,1.2491574,0.70601755,0.6822367,2.0117505,2.2754502,1.7772057,1.8441939,2.9486384,2.1011684,1.9155896,2.2401946,1.7054836,1.770883,1.8853945,2.2597024,2.1525247,1.8432403,2.1648242,2.0474195,2.4401371,2.6233206,1.3678317,2.623573,2.4730105,2.4582853,1.296256,1.2181231,1.0839593,1.1920205,2.3777323,1.2688613,1.0890582,2.1526556,1.6264151,1.7746075,2.1600525,2.1397247,2.8285217,1.745731,1.8317606,2.350354,1.9966441,2.6226068,1.7637311,2.336012,1.9063754,2.4865363,2.3293035,2.696331,2.1554384,2.4872842,2.254086,2.3247662,2.2724426,2.2500112,2.1210506,1.7910367,2.6556952,2.245219,2.4076605,2.4881437,2.949934,2.85556,3.2110994,2.9729025,2.8983855,2.4844587
19,1.4356143,2.5692418,1.8789139,1.4760934,1.2292273,1.2343854,2.0834844,2.0920434,2.7545173,2.2882402,2.4694104,2.0474107,1.3687018,0.6217992,1.7052355,0.87474734,2.0587504,2.048292,0.13195893,0.0,1.1770598,1.2405578,1.3797923,0.6227484,0.2876794,1.2930574,0.6936016,1.1086833,0.70309794,0.6975921,1.0384254,0.71437925,2.0953856,2.106928,1.8021475,1.9218539,3.149679,2.8545985,3.1090693,2.6147783,1.4092855,1.5387477,1.3821095,0.47144628,3.2601976,2.5008235,2.5636714,2.8194387,2.281418,2.1915514,2.917323,2.2449791,2.4895175,2.5670636,2.8598652,2.150848,0.78852606,0.47640753,1.9335288,0.90606815,1.1975323,1.272156,0.7295275,0.7144703,2.004756,2.2770977,1.8888835,1.9548995,3.0150506,2.1992288,2.026884,2.333012,1.829984,1.8902808,1.9984982,2.345167,2.2602425,1.962975,2.2668815,2.1543396,2.5272827,2.7040377,1.3738289,2.705073,2.5539927,2.54543,1.312626,1.2171543,1.1300886,1.235504,2.4044135,1.33191,1.0986153,2.2509851,1.6078464,1.8602891,2.2568946,2.2361493,2.8967512,1.7458413,1.8305392,2.4318337,1.9965578,2.702777,1.8139254,2.4301243,1.8986944,2.5635376,2.4198132,2.7730994,2.2428885,2.5618544,2.3398862,2.4104621,2.3600578,2.3440301,2.2003138,1.8089212,2.731005,2.3340008,2.4184127,2.4828942,3.0151758,2.9234912,3.2759104,3.0384824,2.9655666,2.5096626
20,1.7273915,2.6428845,2.069496,1.734804,1.5571873,1.5628586,1.9017936,2.2154565,2.6292531,2.1908236,2.5375614,2.2130666,1.28187,1.4395555,2.4345717,1.3261346,1.7381935,1.7374978,1.1174008,1.1770598,0.0,1.4244436,1.6011496,1.0957415,1.126217,1.5835261,1.0936956,1.3781737,0.97530246,0.97898537,1.2025471,0.9694033,2.260136,2.2415922,1.95357,1.9642318,3.0573177,2.77911,3.0357943,2.5233693,1.6808609,1.6641561,1.6339232,1.2465919,3.041894,2.1225085,2.3612962,2.6041968,2.457942,2.3385437,2.816017,2.117608,2.6728969,2.751187,2.8015556,2.260363,1.2711864,1.0671945,2.277997,1.3389537,1.5296893,1.5519048,1.2815937,1.3246107,2.128548,2.2603633,1.2377969,1.2795349,2.4935458,1.5510164,1.837818,1.8014694,1.60034,1.6091018,1.8122334,2.0828292,2.055369,1.6764866,1.9877485,1.9232708,1.9982891,2.225542,1.8174723,2.1663132,2.2832935,2.0284104,1.0214725,1.0781171,0.59737706,0.84634316,2.910366,1.266399,1.4717612,1.6059804,1.5140413,1.1543936,2.1651154,2.1000683,2.6729882,2.0625691,2.004601,2.6693816,2.6580932,2.8877804,1.5627915,1.9934112,1.9289272,2.1976194,2.1235454,2.4735355,1.6360291,2.1132815,2.2101207,1.857509,2.2176085,2.1506727,1.6959716,1.6158297,2.488106,2.1884897,2.6381855,2.6205096,2.7999728,2.7229562,3.0097477,2.5766125,2.719642,2.2691472
21,1.3249835,2.314951,1.8502848,1.2415237,1.2553527,1.2869937,1.3525281,1.7113541,2.1190395,2.1632593,2.5684562,2.168843,1.3533958,1.5000117,1.9253552,1.3948568,1.7931432,1.7956798,1.1945429,1.2405578,1.4244436,0.0,1.5856743,1.1258627,1.1648552,1.5930866,1.0986308,1.395424,1.2108986,1.2215916,1.4670775,1.0510579,2.4038248,2.4743156,2.1228335,2.11151,3.1995234,2.7824326,3.6315324,2.6494727,1.6339197,1.7569199,1.8102843,1.1941564,2.5632372,2.3155143,2.4831045,2.7457843,2.2568185,2.1858604,2.754465,2.258449,2.4512424,2.7117705,2.7340515,2.2090306,1.4309256,1.2141886,2.8151548,1.5601418,1.727529,1.7088026,1.1229674,1.1303589,2.2402458,2.558734,1.9286481,1.7607261,2.8601916,1.9849066,2.0988283,2.2883003,1.6874452,1.8030868,1.9256535,2.206786,2.1564775,1.8921161,2.2381523,1.9251806,2.321588,2.5193746,1.7569702,2.6360073,2.5176995,2.48921,1.646042,1.7123845,1.3622355,1.5082958,1.5651535,1.4391955,1.6276875,1.6344762,1.5267637,1.4597715,2.1698213,2.1802456,2.8402672,2.2708335,1.1707696,2.2872431,2.366253,2.5207496,1.8861282,2.1704986,2.2293997,2.417608,2.2032297,2.5252092,2.091118,2.1466305,2.090461,2.2037547,2.1569445,2.1487067,2.060243,1.6497432,2.4823458,2.222152,2.6427016,2.656189,2.7252228,2.7209315,3.0586374,2.8685336,2.7100174,2.56942
22,1.9578145,2.266686,2.2477903,1.6427819,1.7234485,1.7523615,1.8983147,2.0601404,2.6974936,2.2453344,2.5528147,2.095596,1.4857315,1.620903,1.913384,1.1726118,2.00009,1.9851004,1.342329,1.3797923,1.6011496,1.5856743,0.0,1.1597145,1.291956,1.5282538,1.1330065,1.4811248,1.2078316,1.1966373,1.3431379,1.3077332,2.3931234,2.3810096,1.9006853,1.9195762,3.1718707,2.8895097,3.2384164,2.7595825,2.4680512,2.4330437,2.451155,1.237832,3.3793795,2.817334,2.963665,3.160557,2.5217757,2.518068,2.758264,2.7926543,2.511214,2.6257915,2.7745023,2.183441,1.4183105,1.1721845,2.2502863,1.4221079,2.3077188,2.336252,1.2563449,1.2589939,2.0975118,2.425421,1.9011284,2.0070872,2.9414454,2.1558118,2.0317574,2.852458,1.9003527,1.8574418,1.9640213,2.0815623,2.2481344,1.9329624,2.2034733,2.1897082,2.4824152,2.7234454,1.7860595,2.6254883,2.5585368,2.6402059,1.830521,1.8584629,1.5969534,2.021567,2.660469,1.8959129,1.7282044,2.253975,2.0043058,1.975074,1.5693178,1.5458673,2.2357037,1.4174947,2.1975195,2.2944841,2.2400854,3.0467372,2.1013985,2.4733415,2.3206825,2.4975693,2.2007334,2.38721,2.007335,2.4273975,2.2772613,2.3828018,2.2432053,2.2734218,2.2255166,2.0870245,2.4884577,2.3869808,2.7122438,2.57216,2.8043485,2.7072525,2.950339,2.8239374,2.7783244,2.5501447
23,1.4529468,2.0501447,1.8907096,1.2712041,1.3088626,1.3129447,1.6807673,1.8241036,2.5292852,1.9703931,2.3432505,1.8308853,0.96187794,0.9668722,1.4957521,0.51758003,1.7159183,1.7124213,0.5601432,0.6227484,1.0957415,1.1258627,1.1597145,0.0,0.49545646,1.0263157,0.19376588,0.96551675,0.38779917,0.40904492,0.790564,0.4879855,2.0643344,2.1012459,1.65427,1.7020876,2.943122,2.649683,2.972353,2.3991635,1.4066863,1.4414264,1.4247565,0.6191218,2.889363,2.1697526,2.3175488,2.589469,2.2608232,2.196281,2.5861027,2.0245187,2.2966297,2.4051013,2.5626929,1.8900752,0.84906554,0.44208738,1.8753761,0.8832365,1.2455075,1.2083725,0.47246137,0.4776656,1.7432106,2.1258733,1.5471802,1.6432408,2.7422092,1.8292403,1.7822732,2.152097,1.5233014,1.497297,1.6665837,1.8631387,1.9435204,1.5886225,1.9404362,1.823198,2.2484796,2.4908166,1.2845207,2.487624,2.3372073,2.3320255,1.2957827,1.3002607,0.97092664,1.1296612,2.2975378,1.3373209,1.2221259,2.0262136,1.6313223,1.6395854,1.9385124,1.908852,2.5045862,1.6612865,1.8983305,2.0166812,1.923342,2.425728,1.7104435,2.1950421,1.9169381,2.3802311,1.9812465,2.2819843,1.8839281,2.1556375,2.0094576,2.1274688,2.0046966,2.0087268,1.9874836,1.7943131,2.3291118,2.118312,2.4070055,2.2882671,2.6127212,2.5107188,2.836975,2.6536613,2.573936,2.2565174
24,1.3978566,2.4225667,1.8954926,1.4300967,1.2824018,1.2804406,1.967917,2.063178,2.634091,2.16515,2.4159899,1.9745095,1.2029096,0.70772326,1.6083602,0.772784,1.8970475,1.8845704,0.23547892,0.2876794,1.126217,1.1648552,1.291956,0.49545646,0.0,1.0994555,0.5376496,0.9835079,0.6336278,0.6385799,0.91273415,0.50882226,2.0352018,2.0448368,1.6478275,1.7351104,3.033077,2.719986,2.999454,2.5137322,1.4431237,1.5106797,1.3808483,0.40123844,3.080391,2.3401184,2.4614024,2.715263,2.2364888,2.1440294,2.7566714,2.1516802,2.4304743,2.533773,2.746357,2.0929177,0.71164346,0.36762238,1.9170829,0.82032424,1.2125669,1.2519003,0.60752237,0.59250015,1.8606602,2.1389596,1.7629272,1.8204364,2.845934,2.0190172,1.9436812,2.2789829,1.6944462,1.7197583,1.8552529,2.131046,2.098573,1.7753571,2.0895402,1.971955,2.3363328,2.5280576,1.3897158,2.553871,2.408602,2.393223,1.3363615,1.2838564,1.0904224,1.2062434,2.3373961,1.2752194,1.0847108,2.1500804,1.5473045,1.7666222,2.1204672,2.1030955,2.73585,1.7348702,1.8390656,2.300664,1.9529127,2.5706604,1.8215061,2.3513937,1.8868697,2.5092757,2.2280266,2.5785863,2.1463618,2.4082444,2.2047083,2.2951286,2.2193751,2.18655,2.0846484,1.767799,2.5360055,2.2392108,2.3543692,2.3349187,2.7986932,2.7013714,3.067128,2.844076,2.7482517,2.3461425
25,1.8568753,2.491992,2.214646,1.7675712,1.7211133,1.7183154,2.1203892,2.2320158,2.6857553,2.2230175,2.5336983,2.0609543,1.5398462,1.3764278,1.5320116,1.040045,2.232449,2.2227697,1.2861266,1.2930574,1.5835261,1.5930866,1.5282538,1.0263157,1.0994555,0.0,1.0977699,1.4399575,1.3393357,1.3602345,1.3036486,1.0902833,2.463375,2.478524,1.520762,1.5811193,2.738551,2.426719,2.9599547,2.2941766,1.8591986,1.8601735,1.8447729,1.2623094,2.7013104,2.387149,2.6976063,2.9196444,2.4877322,2.445388,2.4852061,2.4450853,2.4993773,2.5871773,2.8044033,2.190887,1.2656922,1.1407807,2.117631,1.3073901,1.7057067,1.6521298,0.9345137,1.0230384,1.100026,1.6232136,2.0748043,2.1463563,2.5221488,1.9051847,2.331393,2.600494,2.1744375,1.9645761,2.1925142,1.7776753,2.3245995,2.0179434,2.288518,2.1525576,2.3479347,2.5835164,1.7771615,2.7808778,2.6318505,2.639446,1.8320968,1.8253233,1.5190289,1.6370795,2.538109,1.8240886,1.6414582,2.4750435,1.3661498,2.1183736,2.3632116,2.3519382,2.4389977,1.95893,2.2014859,2.4419274,2.166935,2.755833,2.1516976,2.4986608,1.991545,2.7356741,1.9629018,2.1025467,2.3563433,2.1241162,2.3772275,2.5056393,2.372923,2.3654811,2.290277,2.0474808,2.282221,2.6871505,2.7271981,2.0419765,2.5401223,2.431512,2.7933428,2.6225898,2.5041528,2.1180108
26,1.4241217,1.9451827,1.8526572,1.3043073,1.3956304,1.3998704,1.6235455,1.8375069,2.4583378,1.906027,2.2884982,1.8242171,0.83636695,1.0419935,1.4959376,0.5732158,1.5661244,1.5621262,0.60651505,0.6936016,1.0936956,1.0986308,1.1330065,0.19376588,0.5376496,1.0977699,0.0,0.9045886,0.3290366,0.34829137,0.7563123,0.4121069,1.9872392,2.0181532,1.6484201,1.6663696,2.9132934,2.6030505,2.9113476,2.371538,1.462025,1.437738,1.4258755,0.6373757,2.8447695,2.066392,2.2260213,2.4808874,2.2017148,2.1292922,2.50824,1.9621786,2.2528,2.3857298,2.4720557,1.879013,0.86659944,0.48781988,1.890148,0.8957573,1.2948241,1.2462335,0.5401341,0.5062522,1.8103492,2.1603627,1.4472607,1.5245926,2.708112,1.7538034,1.6645433,2.0802765,1.3677852,1.3640484,1.5733622,1.8015634,1.8398999,1.4521618,1.8139704,1.6661518,2.1758935,2.4227214,1.3094918,2.3766084,2.2236648,2.2068644,1.3054428,1.3409562,0.9859631,1.1508626,2.2566018,1.2991107,1.2190249,1.9261357,1.7058636,1.574816,1.8325841,1.806944,2.458938,1.690456,1.9276978,1.9285346,1.9246172,2.3310854,1.6899058,2.1223345,1.9706604,2.310406,1.9159038,2.2385662,1.8064784,2.1013327,1.9124894,2.0478423,1.9064591,1.900722,1.924122,1.8064549,2.270091,2.023963,2.3794627,2.3360941,2.5612257,2.4688752,2.7873971,2.6211338,2.5226293,2.2777243
27,0.92853993,2.243016,2.144856,1.6439725,1.677941,1.6743772,1.8883076,2.1600351,2.3558843,2.129079,2.1444747,1.9796909,1.1885748,1.3152081,1.8804225,1.1239535,1.7557294,1.7469999,1.049218,1.1086833,1.3781737,1.395424,1.4811248,0.96551675,0.9835079,1.4399575,0.9045886,0.0,1.009864,1.0198044,0.48963347,0.93970305,1.8749368,1.7155032,1.5930347,1.600063,3.1392221,2.8150945,3.0545578,2.3153195,1.7089657,1.4562978,1.6451205,1.0056021,2.9364116,1.9342669,2.4546406,2.4442492,1.7702461,1.6617571,2.1996608,1.4993252,2.445036,2.3556325,2.4400566,2.1803603,0.54994226,0.99651355,2.133889,0.63483316,1.2657143,1.3724196,1.0897716,1.0461174,2.1155238,1.7559674,1.6287769,1.716659,2.7692673,1.8983488,1.8447264,2.2193289,1.5374281,1.5618043,1.7269498,2.0859585,1.9236774,1.6535772,1.454394,1.80044,2.4264405,2.6643963,1.7891048,2.218914,2.6199865,2.4123008,1.738477,1.879591,1.3279225,1.4236625,2.4158342,0.9906,0.7319936,2.0365238,1.8719928,1.7486131,1.9813535,1.954125,2.6519084,1.9224565,2.0541537,2.1680586,1.6396849,2.0545166,1.8648874,2.2953196,2.0536754,2.4275906,2.0687015,2.413141,1.9524195,2.2495608,1.5326625,1.7023616,1.5284921,1.5130755,1.4794639,1.3810617,2.0256863,1.6779221,1.9987768,2.0551412,2.2686925,2.1943104,2.5121558,2.3243468,2.203842,1.9323618
28,1.551106,2.0122497,1.8635857,1.3971446,1.4648737,1.4703628,1.7134079,1.9028865,2.5350103,1.9039503,2.3255444,1.8358989,0.81775457,1.0455654,1.6983474,0.7029574,1.530486,1.5290042,0.60659707,0.70309794,0.97530246,1.2108986,1.2078316,0.38779917,0.6336278,1.3393357,0.3290366,1.009864,0.0,0.04879757,0.83304733,0.51064855,2.0673718,2.0839849,1.8493447,1.8715355,2.9888697,2.6976795,2.8948383,2.4238465,1.4507197,1.4628514,1.4187475,0.68793505,3.0139563,2.1233141,2.1987314,2.4849288,2.2984166,2.2115486,2.6577828,1.9673556,2.317433,2.4461262,2.5048275,1.8871703,0.9519761,0.535507,1.8221453,0.980507,1.2877117,1.2423203,0.7093317,0.66182977,1.9807844,2.3360717,1.3367398,1.4190547,2.7901502,1.7795886,1.6108664,1.9875376,1.2986777,1.357231,1.5279492,1.8945783,1.8609645,1.469916,1.8611754,1.722003,2.1922834,2.444747,1.2881875,2.374288,2.241756,2.1892715,1.1646318,1.1950049,0.89080215,1.0549822,2.4268258,1.2696774,1.2874006,1.9043574,1.8380903,1.5153931,1.8362334,1.7906994,2.52609,1.6916403,1.9630725,1.9880433,2.0578,2.4090502,1.634571,2.0821428,1.9784732,2.2663045,1.9999037,2.357047,1.7399228,2.2075536,1.9715631,2.01859,1.9530817,1.946163,1.8910465,1.8297007,2.3731005,1.9803008,2.4102833,2.463109,2.6742413,2.5909693,2.8885143,2.6771674,2.6280644,2.3614655
29,1.5544816,2.0267043,1.8544085,1.4169589,1.4768852,1.483976,1.730958,1.9068567,2.5405524,1.9071116,2.3129752,1.8382391,0.8400378,1.0464655,1.7089932,0.71726334,1.5374643,1.5354141,0.6009904,0.6975921,0.97898537,1.2215916,1.1966373,0.40904492,0.6385799,1.3602345,0.34829137,1.0198044,0.04879757,0.0,0.8453517,0.5284798,2.0594437,2.0780604,1.8551009,1.8784726,2.9877064,2.7035456,2.8925767,2.4342492,1.4724715,1.483057,1.4294769,0.68965876,3.037389,2.144117,2.2059693,2.4910188,2.2948112,2.207846,2.6611924,1.987765,2.3056095,2.4353936,2.5025852,1.8836417,0.9617405,0.5495156,1.8129101,0.9911389,1.3091713,1.2680029,0.7302856,0.68009573,2.0097935,2.3540685,1.3424678,1.4297857,2.810745,1.7944857,1.598188,1.9895521,1.3042603,1.3693949,1.5392567,1.9240885,1.8639456,1.4788402,1.8701923,1.7274363,2.2014441,2.4570725,1.2812288,2.3841255,2.2491412,2.1973264,1.1698912,1.1929833,0.9008318,1.0749158,2.4358149,1.2712648,1.2836542,1.9060496,1.8458563,1.5266483,1.8308063,1.7846582,2.525515,1.680532,1.9692967,1.9996141,2.0581765,2.4229662,1.6195413,2.0734043,1.9859096,2.2611878,2.0162535,2.374764,1.7402953,2.2150943,1.9787968,2.0271916,1.9646792,1.9588643,1.8983074,1.8358697,2.3964658,1.9854877,2.4175189,2.4922888,2.7022693,2.6189172,2.916146,2.703523,2.6560316,2.3881674
30,1.2715681,2.1528153,2.2407696,1.5718148,1.5696759,1.5727044,1.7762045,1.9788022,2.389793,1.9903257,2.0701876,1.8831711,1.1143329,1.2942305,1.8984822,0.93481106,1.7111527,1.70567,0.97684485,1.0384254,1.2025471,1.4670775,1.3431379,0.790564,0.91273415,1.3036486,0.7563123,0.48963347,0.83304733,0.8453517,0.0,0.83928883,1.8848395,1.739795,1.4882681,1.51608,3.0286472,2.800572,2.963077,2.2871373,1.751651,1.4783267,1.6150099,0.9928631,2.9451551,1.9491112,2.34222,2.4150689,2.123099,2.03399,2.2450485,1.6007503,2.4455793,2.3251376,2.3647559,1.9943496,0.5928725,0.8937685,1.9654324,0.4485931,1.2531155,1.3385524,1.0497775,1.0331932,1.911015,1.701536,1.4478712,1.6909556,2.7764304,1.847848,1.7503394,2.184227,1.5355642,1.4514132,1.6380391,1.8449676,1.9074396,1.5444047,1.4442546,1.8583026,2.3172162,2.6165285,1.6560612,2.1606839,2.5315938,2.322743,1.6487573,1.778106,1.2373466,1.3701104,2.6165426,1.167357,0.9578612,2.0418365,1.8480345,1.681018,1.8733965,1.8262749,2.4583452,1.7386402,2.1503398,2.1767325,1.7869886,2.2485297,1.8503201,2.2753658,2.0915449,2.4255517,2.0467467,2.3458385,1.8947737,2.272384,1.7235236,1.7705103,1.6527702,1.639689,1.5801853,1.5203071,2.0037336,1.7870736,2.205998,2.0945542,2.3932948,2.2719686,2.5890868,2.3678381,2.3123176,1.9815952
