,0,1,2,3,4,5,6,7,8,9,10,11,12,13,14,15,16,17,18,19,20,21,22,23,24,25,26,27,28,29,30,31,32,33,34,35,36,37,38,39,40,41,42,43,44,45,46,47,48,49,50,51,52,53,54,55,56,57,58,59,60,61,62,63,64,65,66,67,68,69,70,71,72,73,74,75,76,77,78,79,80,81,82,83,84,85,86,87,88,89,90,91,92,93,94,95,96,97,98,99,100,101,102,103,104,105,106,107,108,109,110,111,112,113,114,115,116,117,118,119,120,121,122,123,124,125,126,127
0,0.0,0.7935566,1.5651312,2.7575283,1.7465434,1.7573246,2.3346164,2.3529778,2.703591,2.5795455,3.0741732,3.076598,2.1916435,2.0182967,1.9485166,2.0100465,1.5049326,1.4623241,1.202088,1.2233388,1.6335235,1.6887656,2.0562847,0.9904905,3.1975522,2.4425075,2.683507,2.724211,3.3463666,3.3313675,3.0829842,3.3824334,2.5876393,2.6791487,2.910696,2.8968222,2.2440896,2.5521202,3.1531677,3.155387,2.6875823,2.8894026,3.3944182,2.8531516,3.3233562,3.7668324,3.4004045,3.230205,1.6607107,2.9227417,2.5089104,2.478465,2.374131,2.235461,2.436949,2.4720922,2.4595704,3.1204584,2.7406578,3.1636214,2.234179,1.6165745,2.564346,2.8707156,2.5725527,2.6799257,2.6245103,2.484839,2.8043597,2.77083,2.1507442,1.8421137,4.1149035,3.3395395,2.946033,2.8585827,1.8240025,2.6380026,2.3084602,2.523342,2.9168093,2.828458,3.0499551,3.1340141,3.4600434,3.4437766,3.604523,3.7143786,2.5460432,1.8589886,2.807717,2.6568706,3.2308218,2.5034018,2.685687,2.388269,3.0409532,3.0956414,2.9403262,2.1706457,2.0759242,1.9416835,2.752537,2.7562602,3.1962702,3.1420298,3.141638,2.9331398,2.6727107,2.909375,2.9878075,3.081397,2.1728082,2.4753852,2.2454574,2.6051118,2.3005116,2.1534212,2.685058,2.2654207,2.9632192,2.8814945,1.5764318,2.2814546,2.4481156,2.1143398,2.8631186,2.5778427
1,0.7935566,0.0,1.5000309,2.8681886,1.6738356,1.720798,2.2957444,2.3759007,2.8358848,2.699873,3.0824783,3.0893838,2.2467585,2.0501792,2.0345936,2.0739157,1.4480301,1.766308,1.3563795,1.3862615,1.6332997,1.6722304,1.8956255,1.0128057,3.1591508,2.3891172,2.5402203,2.6351016,3.0871143,3.1288638,2.907455,3.1971223,2.567985,2.6357982,3.0476434,2.8339887,2.0568538,2.3456135,3.230258,3.107375,2.5484762,2.7477303,3.2163086,2.7671788,3.024895,3.4524195,3.1360748,3.1654637,1.6417562,2.9355128,2.5999413,2.3257036,2.4936829,2.1036057,2.5386264,2.5006976,2.0803318,2.676924,2.4003716,2.8964462,2.4047234,1.8169144,2.417699,2.8012652,2.6190124,2.6394994,2.45712,2.465744,2.6242435,2.5939107,1.8003978,1.8123173,4.0437098,3.2119453,2.8209524,2.542392,1.7504907,2.4698243,2.3171878,2.3136563,2.7534308,2.8062818,2.9863877,3.0593379,3.4103086,3.3760362,3.4718719,3.5307918,2.448772,1.7496235,2.7108355,2.5582356,3.2186003,2.4895759,2.5683591,2.2517626,2.8136134,2.8368068,2.7560165,2.001175,1.7429234,1.6596929,2.4391768,2.7100458,2.8668065,2.848728,2.982333,2.5717525,2.3746324,2.5110524,2.608577,2.9262614,2.0684752,2.3645432,2.0686672,2.6224592,2.2039247,1.8605655,2.4491613,2.018578,2.7169921,2.614983,1.4122472,2.187495,2.2784896,1.9402019,2.6568081,2.2440214
2,1.5651312,1.5000309,0.0,2.5090663,1.869113,1.8757507,1.8702785,1.6964499,2.7417688,2.6570303,3.0028245,2.9680316,2.065837,1.80836,1.8479481,1.3664471,1.7887951,1.8305309,1.384908,1.3373736,1.497137,1.511247,1.7006233,1.3752072,2.7179472,2.0641012,2.0435956,2.016261,2.5424492,2.596007,2.2609854,2.6380072,2.496805,2.047671,2.581789,2.5809796,2.0462935,2.009823,2.9710805,2.752841,2.339788,2.567104,2.842102,2.4363756,3.0617244,3.3324137,3.2519102,3.0210247,1.5233892,2.3233821,2.0815625,2.2498724,2.2620878,1.9913521,2.329405,2.2274635,1.9434394,2.4050717,2.0835915,2.380321,1.7438527,1.19824,2.2303452,2.4662423,2.5026808,2.587191,2.5066566,2.6333194,2.4169695,2.395909,1.6718156,1.871278,3.5118961,3.2608032,2.24642,2.3868098,1.5668044,2.17748,2.0542622,2.090268,2.8976078,2.5037053,2.9299023,3.2674487,3.5460613,3.5337176,3.3203151,3.374492,2.5101483,1.7697457,2.4978225,2.4592526,2.618533,2.1901114,1.8770263,1.6677887,2.8283732,2.8375778,2.786363,2.1723773,1.5445826,1.8018911,2.7600741,2.4939225,2.9620366,2.9064891,2.8073533,2.3922238,2.8593712,2.627517,2.8105555,3.1234605,2.5622551,2.9377012,2.441145,3.109288,2.0932817,2.068983,2.6090438,2.4135864,3.015348,2.976831,1.7960954,2.3455954,2.3003376,1.7985034,2.7383866,2.2871048
3,2.7575283,2.8681886,2.5090663,0.0,2.123186,2.1083944,2.4693425,2.2610838,2.9531932,2.889877,2.5640774,2.569665,2.4898179,2.3169172,2.327243,1.9011971,3.038723,2.6750367,3.028581,2.9485304,3.10446,3.119069,3.6595523,2.8184988,2.0884233,2.2369068,2.327101,2.2934413,2.773326,2.8958132,2.4778178,2.872145,3.1660533,3.1772592,3.070524,3.4170866,2.8118472,2.9953656,2.383485,3.1570237,1.9123664,2.0822613,2.6259315,2.3879452,3.730913,4.3422904,3.1649957,2.9789102,2.8057935,2.5454845,2.5422056,2.6112885,2.476892,3.4345236,2.585881,2.5697253,2.78132,3.2783597,2.555261,2.8208025,1.9174739,2.150904,2.376813,2.2920225,2.5194287,2.5589933,2.4227042,2.64848,2.1960022,2.160706,2.888272,2.7830298,3.5850768,3.1894681,2.0173929,2.4912953,2.5098853,2.0175776,1.9240484,2.138669,2.4102685,2.0824327,2.5158324,2.8814092,2.955485,2.8896976,2.9828024,3.046755,2.4504502,2.792814,2.3690703,2.4572723,2.6294482,2.7804399,2.7152178,2.5860503,2.8855858,2.9315667,2.7203164,2.9383805,2.8667443,3.0070329,2.5430732,2.4263573,2.7819462,2.6280973,2.9995644,3.7916558,3.3414915,3.4193385,3.6816666,2.9429278,2.1456954,2.1066332,2.3360627,2.173587,2.081059,2.6525748,2.5462806,2.3550162,2.8883834,2.9469492,2.6714067,2.193893,2.4784997,3.3761733,2.685802,2.4945862
4,1.7465434,1.6738356,1.869113,2.123186,0.0,0.4476082,1.7138953,1.8865556,2.1330059,1.9894965,2.124298,2.1052115,1.6885029,1.4022008,1.3330339,1.3109387,1.7910298,2.1519122,1.8100333,1.8135864,2.0031886,1.9906605,2.0744905,1.4483354,1.9927772,1.5820366,1.6630346,1.8285251,2.6296153,2.6346114,2.2934668,2.6283298,2.3357522,2.1625178,2.3997858,2.6566892,2.0535018,2.3916698,2.4795728,2.6991422,1.6813711,1.9280531,2.7880182,2.239219,3.2742045,3.6310341,2.8553603,2.692772,1.9544106,2.816308,1.6873715,1.777675,1.5818651,2.3986008,1.6279426,1.6377752,2.1218767,2.7453969,2.0051556,2.3555465,1.4328754,1.4066796,1.665287,2.1273386,1.5787673,1.7635086,1.5737075,1.7959234,1.9039474,1.8617619,2.1921287,1.6073939,3.6208193,2.9080775,2.3907032,1.9471372,1.6550703,1.7648436,1.3855233,1.7482222,1.777189,1.878281,2.2725878,2.527384,2.6727073,2.6500225,2.8593338,2.977948,1.4459502,1.4645076,2.0808797,1.8156234,2.2128,1.8963202,2.6326573,2.3627443,2.21105,2.1660962,1.9766012,1.786615,2.3948832,2.2575927,1.8549608,2.1122465,2.1777315,2.1086977,1.9770331,2.4158652,2.2463899,2.6772144,2.6905878,2.0800002,1.0824447,1.8599955,0.9199514,1.998741,1.4260997,1.6779665,1.6475347,1.4189068,2.055698,2.1097107,1.4660212,1.2915683,1.4753509,2.3635726,1.9962237,1.6591288
5,1.7573246,1.720798,1.8757507,2.1083944,0.4476082,0.0,1.7116938,1.8796247,2.3129973,2.178124,2.3351836,2.303663,1.4578533,1.4120796,1.3228669,1.3316319,1.8424774,2.1190164,1.8197004,1.8329617,2.0113041,1.9945778,2.119841,1.5123427,2.0650797,1.6164601,1.7933037,1.9349115,2.6599212,2.70331,2.346266,2.682327,2.1965868,2.0280864,2.2594957,2.5160513,1.8787743,2.2062104,2.3271437,2.4813778,1.6592859,1.9173409,2.8524528,2.21311,3.2230067,3.6107762,2.8582342,2.7172942,1.833286,2.6798203,1.7703203,1.7582136,1.6702784,2.413431,1.7329055,1.7658129,2.0735643,2.7772253,2.0066268,2.414385,1.4350362,1.4383297,1.6307068,2.091466,1.5322276,1.7260717,1.5187955,1.753641,1.8959315,1.8585284,2.1847353,1.5985757,3.5536096,2.831972,2.3226688,1.8972995,1.6161668,1.7257327,1.3957419,1.7132227,1.7536042,1.8568851,2.281328,2.5197144,2.5582023,2.5504391,2.834059,2.8983767,1.4640065,1.4042208,2.0345414,1.7479382,2.1800256,1.862111,2.5738153,2.317449,2.0994737,2.167328,1.9896704,1.7936479,2.3608303,2.2352161,1.8872621,2.1072443,2.2007494,2.1329143,1.9238926,2.4508178,2.4284437,2.8116908,2.8441951,2.3292632,1.1960721,1.8870429,1.0477891,2.060265,1.4052342,1.6538712,1.684586,1.4373797,1.9730923,2.1073105,1.5154661,1.2980129,1.4994509,2.302692,1.8032721,1.671679
6,2.3346164,2.2957444,1.8702785,2.4693425,1.7138953,1.7116938,0.0,0.68787354,2.105609,1.970258,2.1899433,2.1080055,1.1750609,0.70220715,1.3882668,1.1594036,2.3656518,2.135525,1.881771,1.8826845,1.9492966,1.9380816,2.1101685,2.042554,2.535969,2.3584685,2.2780116,2.334509,2.7297385,2.7552946,2.4158025,2.811598,2.643205,2.0317724,2.1523435,2.4900582,2.6130695,2.3744152,2.3927643,2.5600283,2.1268127,1.9283403,2.219536,1.8150128,2.9798777,3.3961804,2.5273092,2.3282797,2.1856658,2.777899,1.8653737,1.8980249,1.9354244,2.751784,1.9752877,1.914144,2.1752746,2.6959536,2.0350828,2.4722505,1.3697866,1.376137,1.7261751,1.9892814,1.7251551,1.861992,1.8262724,2.0849888,1.9285535,1.8301507,2.1187062,1.6683095,3.448341,3.1411443,2.255919,1.9241875,1.6653583,1.7624185,1.3591174,1.7316738,2.239254,1.9919341,2.428696,2.669281,3.2248034,3.2485228,2.9234624,3.0403895,2.165366,1.9373626,2.1020658,1.9208465,2.2603815,2.5673878,2.5096505,2.2916145,2.5298483,2.4541056,2.3006747,2.1848524,2.4155679,2.0890021,2.6720023,2.375164,2.050157,1.9886649,2.0893755,2.7604823,2.706552,2.7053182,2.615087,2.4810455,2.2675333,2.7059727,2.0993176,2.8405848,2.0156105,2.2029197,2.1487575,2.1056077,2.575428,2.3575785,1.9714646,2.0040455,1.509459,1.9248513,2.4732492,1.7753671
7,2.3529778,2.3759007,1.6964499,2.2610838,1.8865556,1.8796247,0.68787354,0.0,2.2993221,2.1883082,2.3540494,2.2965934,1.3304474,0.99303544,1.4815909,1.043374,2.4492364,2.2128046,1.9717424,1.97617,2.0626583,2.053839,2.2749488,2.1598969,2.5527396,2.4211533,2.3521721,2.4042974,2.7482464,2.7696075,2.4349189,2.867527,2.7272408,2.049007,2.2600954,2.5917766,2.6438677,2.4121075,2.2168064,2.5039268,1.977332,1.8537182,2.100579,1.6795725,2.9484756,3.323279,2.5102186,2.2788086,2.2690573,2.382863,1.9161881,1.9524465,1.9919326,2.7845898,2.0397997,1.9955704,2.3168132,2.7560399,2.1858144,2.5734048,1.1762097,1.2157803,1.8044469,1.8422577,1.8170112,1.9326074,2.0035896,2.2484756,1.8131256,1.7213876,2.0438566,1.7698194,3.3155582,3.2427714,2.001003,2.1562495,1.6141381,1.6129909,1.2277124,1.5909297,2.354341,2.1234462,2.5186915,2.760793,3.2451787,3.266884,3.0196216,3.1160703,2.2328875,2.0270247,1.9849243,1.9825755,2.2848446,2.6070426,2.2838466,2.1256423,2.6258726,2.5743558,2.4295406,2.340726,2.3356504,2.0418553,2.7671835,2.201988,2.2782393,2.2219996,2.2860367,2.9428782,2.9284964,2.9258225,2.8621945,2.716782,2.4446018,2.822838,2.2886176,2.938218,2.119327,2.3956687,2.3392954,2.2711391,2.7190344,2.5524812,2.0534155,2.0702944,1.7610114,2.0658052,2.6098986,1.9711092
8,2.703591,2.8358848,2.7417688,2.9531932,2.1330059,2.3129973,2.105609,2.2993221,0.0,0.346633,1.5742735,1.1706464,2.780803,1.8075614,1.9882283,2.0002973,2.7335682,2.4710119,2.5351613,2.3964877,2.5739963,2.5131044,2.6939044,2.39374,3.0295966,2.942476,2.8883028,2.9003625,3.3489633,3.1420987,3.000944,3.140069,2.8287203,2.4968445,2.3839045,2.8276317,3.405856,3.3761945,3.3904037,3.5096598,2.5543165,2.7083185,3.254354,2.7664056,3.7298093,4.018396,3.6014135,3.3666387,2.7406397,3.4321568,2.4658127,2.438513,2.1148052,3.0919027,2.114728,2.113164,2.836365,3.3579395,2.6637626,2.9916065,2.0753386,2.2841375,2.2368352,2.5156574,1.965493,2.176129,2.5527961,2.4696476,2.534273,2.5025508,2.9478471,1.945029,3.7859516,3.4250853,3.1017134,2.6271892,2.3591435,2.7024202,2.0477014,2.5547745,2.775425,2.5902367,2.8667343,3.032108,3.5663838,3.6045256,3.1684217,3.6225696,2.390178,2.4842918,2.7277699,2.5607727,2.9247997,3.0469687,3.1946487,3.0707042,3.249258,2.8555543,2.5359445,2.4364295,3.206758,3.069723,3.0249739,2.799859,2.856166,2.7660992,2.4700933,2.850602,2.0775115,2.51611,2.4738834,1.9010798,2.4011219,3.039074,2.3497584,2.751071,2.219715,2.5418646,2.5218344,2.71364,3.0125954,2.861014,2.4034543,2.4374623,1.9262354,2.6628816,3.1845915,2.5589929
9,2.5795455,2.699873,2.6570303,2.889877,1.9894965,2.178124,1.970258,2.1883082,0.346633,0.0,1.5305617,1.1692343,2.6271174,1.6887835,1.8218092,1.9186409,2.6274374,2.368979,2.37521,2.2548442,2.471798,2.4282117,2.5788121,2.263878,2.9848568,2.8706849,2.8147242,2.8536012,3.2960095,3.071638,2.9372368,3.1025846,2.818636,2.5194826,2.3682222,2.8118303,3.265484,3.2295978,3.2725852,3.401457,2.5131536,2.6790984,3.1053574,2.7193322,3.7299182,4.040764,3.4926932,3.274436,2.6241777,3.420588,2.3403728,2.3010898,2.0072892,3.010861,1.9969982,2.0263395,2.752653,3.3044395,2.5737493,2.9342287,1.9942299,2.151559,2.1482944,2.431042,1.8027275,2.045134,2.391287,2.3320553,2.4265177,2.3979986,2.873948,1.7850649,3.7346747,3.3255231,3.01865,2.5232,2.2488143,2.5994916,1.9029019,2.458511,2.6601193,2.433706,2.724145,2.8777888,3.4797163,3.5114405,3.0794356,3.5209663,2.2771747,2.3833795,2.6375554,2.4348083,2.905813,3.0315018,3.1048052,2.9443233,3.0884373,2.7358034,2.3931425,2.2815318,3.1089199,2.9792295,2.9116046,2.668453,2.7842183,2.6794348,2.3682063,2.7736313,2.063946,2.4996908,2.5156622,1.9251947,2.254144,2.902998,2.2247856,2.6208482,2.0926023,2.4629765,2.4311457,2.5837438,2.865743,2.740764,2.2408736,2.2683172,1.7748371,2.5534449,3.1114955,2.4172843
10,3.0741732,3.0824783,3.0028245,2.5640774,2.124298,2.3351836,2.1899433,2.3540494,1.5742735,1.5305617,0.0,0.80897915,2.8824756,2.0015414,1.7647192,2.0951188,3.0388343,2.9068253,2.7845993,2.6710095,3.265772,3.2209377,3.1575317,2.8002932,2.5038574,2.7226107,2.6564102,2.7172828,3.1863604,3.15606,2.8967767,3.1395416,3.198196,2.8966203,2.7914584,3.2295,3.4424298,3.4524093,2.766592,3.3745255,2.2712615,2.407641,2.9032598,2.641598,3.7405832,4.116847,3.2173812,3.013685,2.9000235,3.326775,2.2693865,2.3097835,2.0514538,3.3484998,2.0647395,2.4027812,2.9282553,3.7351353,2.615314,2.9416845,2.0607452,2.4553907,2.1837845,2.3566868,2.1925619,2.3094099,1.9615115,2.4801164,2.1505625,2.1065476,3.287957,2.4809356,3.828931,3.310845,2.67275,2.3429701,2.6407902,2.333691,1.9191008,2.2518673,2.0469174,2.1266632,2.2632937,2.3987463,3.1264722,3.1299357,2.707322,3.0467186,1.8533349,2.4204047,2.1252491,1.9759603,2.3799484,2.8307583,3.0775044,2.9227622,2.6512623,2.1537445,1.9174776,2.3661366,3.2808187,3.16579,2.4418597,2.3522255,2.3091297,2.1520689,2.6066456,3.2326155,2.2801874,2.6146486,2.68863,1.893746,2.0564864,2.6248834,2.093219,2.481035,2.383513,3.0197136,2.743546,2.2000449,2.9206874,2.8104088,2.692395,2.3703015,1.8833659,3.0956283,2.7027996,2.092298
11,3.076598,3.0893838,2.9680316,2.569665,2.1052115,2.303663,2.1080055,2.2965934,1.1706464,1.1692343,0.80897915,0.0,2.8424568,1.9209609,1.979599,2.0112276,3.1001823,2.8286538,2.8935635,2.7689452,2.9764733,2.9277487,3.0768247,2.7731824,2.5267472,2.7634754,2.6738772,2.710505,3.2043421,3.1334934,2.914221,3.0806262,3.1370666,2.7584789,2.6383777,3.156623,3.5634074,3.536272,2.9296212,3.4823425,2.257032,2.4463344,2.9326117,2.6214168,3.7932396,4.1621795,3.3125627,3.1103141,2.976632,3.440081,2.3831866,2.4239142,2.106675,3.4330046,2.1161063,2.127862,2.8765478,3.4624734,2.5699134,2.9184484,1.9787118,2.3994067,2.1541638,2.3599343,2.0197093,2.1879072,2.160655,2.4301646,2.1229136,2.106914,3.0536997,2.3526595,3.7535775,3.2486992,2.8362346,2.3278103,2.6115432,2.3584185,1.8745154,2.2538426,2.3260202,2.3044798,2.4711711,2.5977933,3.265145,3.2768009,2.8206022,3.1989024,2.1172178,2.6175575,2.375578,2.2047958,2.583708,3.0396981,3.2395282,3.1060257,2.8707597,2.4430933,2.1424954,2.5295846,3.3201745,3.2262383,2.5594468,2.589778,2.3484037,2.2330348,2.4914992,3.0982263,2.2644868,2.6087933,2.6778967,1.8615568,2.1502278,2.766472,2.1757898,2.5390365,2.3229425,2.7311032,2.3823118,2.3244221,2.927486,2.8602974,2.6886294,2.378262,1.8597019,3.064197,2.9170566,2.184888
12,2.1916435,2.2467585,2.065837,2.4898179,1.6885029,1.4578533,1.1750609,1.3304474,2.780803,2.6271174,2.8824756,2.8424568,0.0,1.1565763,1.581217,1.5861684,2.4421704,2.2400382,1.9609247,2.0406542,2.115886,2.1390622,2.3203104,2.0660837,2.6890173,2.3631678,2.4707491,2.5578334,2.9756267,3.046952,2.7127323,3.1173708,2.563491,2.1972423,2.289823,2.5806715,2.1977115,2.1397731,2.2062943,2.297454,2.1937392,1.977862,2.493618,1.8961606,3.2293086,3.6669424,2.7519596,2.6102266,2.1102953,2.7211876,2.0811663,2.0235972,2.183365,2.8641887,2.239472,2.2684455,2.3605378,3.0755458,2.338422,2.7962556,1.5970536,1.5159012,1.9353232,2.164594,1.8178637,1.9767747,1.9107826,2.1132529,2.1918402,2.092993,2.3244858,1.8672693,3.4402084,2.993467,2.3775764,2.2051258,1.775069,1.9027947,1.6085405,1.9477289,2.2670338,2.1568935,2.4985561,2.7023194,2.8781366,2.9201472,3.0351021,3.010327,2.2049778,1.9102987,2.2558696,2.0388234,2.4702044,2.5065448,2.6466057,2.4093726,2.478173,2.6856725,2.5519612,2.364373,2.529583,2.13993,2.7388752,2.4903443,2.3580377,2.3032522,2.2112296,3.0557365,3.165431,3.319886,3.2245975,2.9636981,2.182253,2.5557606,2.0471241,2.7736208,2.0306432,2.2288826,2.2417338,2.0916214,2.4076571,2.3123374,1.9905729,1.8958822,1.8466425,2.1825135,2.251116,2.0540886
13,2.0182967,2.0501792,1.80836,2.3169172,1.4022008,1.4120796,0.70220715,0.99303544,1.8075614,1.6887835,2.0015414,1.9209609,1.1565763,0.0,1.1394076,1.1642947,2.1789804,1.9371057,1.7090926,1.66611,1.8927946,1.8743837,1.9919152,1.6978714,2.4725652,2.2176533,2.1931987,2.229034,2.7652075,2.77972,2.4669316,2.8166795,2.4040277,1.9463578,2.0325224,2.4079068,2.4188986,2.3538043,2.4308736,2.5594685,1.9356306,1.7228929,2.284331,1.668933,3.071256,3.4495907,2.750137,2.5069451,1.9242963,2.6866336,1.7829177,1.822636,1.8367918,2.6963172,1.8782567,1.9125316,2.1339893,2.889008,2.0235057,2.4999228,1.2109437,1.2576569,1.663181,1.9145497,1.6514406,1.8290659,1.7982011,2.0681653,1.9480882,1.8358762,2.1690369,1.5765488,3.2387693,2.8352222,2.2349277,1.9343264,1.6185969,1.8089317,1.3171364,1.7306389,2.1500182,1.9705921,2.2897022,2.5267012,2.9398963,2.9856396,2.7670438,2.9297552,1.8491888,1.6363322,2.0242283,1.8303844,2.23862,2.308398,2.404981,2.2028432,2.5362957,2.4143877,2.2557578,2.1015882,2.3767505,2.0304422,2.5615401,2.3423343,2.0703235,1.9994124,2.036798,2.6937714,2.4391708,2.6022108,2.4641619,2.1766226,1.8839768,2.4728382,1.7450153,2.4973042,1.734443,2.0147681,2.062053,1.8949538,2.4815133,2.2144265,1.8090501,1.8348758,1.4352216,1.9814402,2.3049603,1.7771643
14,1.9485166,2.0345936,1.8479481,2.327243,1.3330339,1.3228669,1.3882668,1.4815909,1.9882283,1.8218092,1.7647192,1.979599,1.581217,1.1394076,0.0,1.2287875,2.1137137,2.001262,1.3899915,1.3699613,2.3057294,2.292813,2.0518725,1.705346,2.395067,2.104533,2.1776254,2.2821207,2.7532413,2.745628,2.4407413,2.8048394,2.4317544,2.0231514,2.1472983,2.4605877,2.1291642,2.1199303,2.0988867,2.2980826,1.8558799,2.0564919,2.509212,2.0547411,3.297288,3.645765,2.9557965,2.7484548,1.5600518,2.4068627,1.4837162,1.458245,1.5025611,2.3374565,1.5463555,2.048945,2.1473162,3.2808454,2.0534241,2.5168676,1.2194937,1.2862353,1.5685294,1.847671,1.5565671,1.7625064,1.3036582,1.9179244,1.7772806,1.7244717,2.4960558,1.5184867,3.2333088,2.7674508,1.9959081,1.9264944,1.5619402,1.712299,1.237201,1.6448487,1.7266849,1.6196369,1.8754313,2.0854926,2.5961964,2.6302261,2.4795673,2.6201816,1.3234767,1.1744877,1.5829812,1.317028,1.9802998,2.0370224,2.1028647,1.8369347,1.8953977,1.8070781,1.6403822,1.4739261,2.2804356,2.1552503,2.1791992,1.6663076,2.2452407,2.1025321,2.0421517,2.5413313,2.4241545,2.6272395,2.70918,2.4415123,1.7061081,2.316368,1.6404914,2.3942566,1.7061881,2.3907063,2.4577544,1.7112266,2.326849,2.3458915,1.6885201,1.6451914,1.379687,1.9838368,1.9697647,1.5902524
15,2.0100465,2.0739157,1.3664471,1.9011971,1.3109387,1.3316319,1.1594036,1.043374,2.0002973,1.9186409,2.0951188,2.0112276,1.5861684,1.1642947,1.2287875,0.0,2.0988283,1.8755395,1.7383296,1.6893749,1.8068303,1.7760025,2.122764,1.768833,2.0066323,1.7914469,1.727043,1.7814602,2.3905811,2.400863,2.0042443,2.402752,2.434348,1.8378,2.1120925,2.4409451,2.3549213,2.2906792,2.3291662,2.5186539,1.6428254,1.9009515,2.4641752,1.8941541,3.168157,3.5536678,2.9062378,2.6531613,1.8952284,2.208523,1.4809346,1.7107303,1.5146375,2.2699869,1.6060427,1.5294064,2.0070689,2.5643442,1.8673381,2.1499379,0.78734744,0.82496965,1.5028722,1.8138095,1.631474,1.774079,1.7725959,2.00986,1.7003409,1.6749717,1.9085678,1.5520993,3.2722285,3.0979092,1.9846412,1.976533,1.3679453,1.4919411,1.1085688,1.519093,2.0855339,1.875144,2.2888653,2.650647,2.9836776,2.9826312,2.8338106,2.9662569,1.9563401,1.7280703,1.9647413,1.8818198,1.9472511,2.09046,2.287107,2.0843034,2.349806,2.2712758,2.1131406,1.9088645,2.206153,2.1454532,2.3312716,1.9295435,2.2881813,2.2053964,1.9702969,2.5429301,2.6126695,2.6775517,2.7188108,2.4717588,2.0238307,2.4355996,1.8793068,2.5784087,1.7288694,2.0067458,2.0078716,2.0252168,2.4922655,2.520996,1.7086982,1.7294607,1.5349741,1.9871122,2.3183482,1.7696693
16,1.5049326,1.4480301,1.7887951,3.038723,1.7910298,1.8424774,2.3656518,2.4492364,2.7335682,2.6274374,3.0388343,3.1001823,2.4421704,2.1789804,2.1137137,2.0988283,0.0,1.9271154,1.5409662,1.5034918,1.8906744,1.8051302,1.9160343,1.0836458,3.3066382,2.523624,2.658324,2.6708055,3.5619802,3.5338595,3.1830382,3.525945,2.5352826,2.5658321,2.6774244,2.805595,2.4961698,2.7343755,3.4548817,3.1784334,2.9224954,3.099499,3.8699913,3.3368037,3.0542932,3.3786612,3.1954439,2.7988234,2.0435264,3.2640061,2.589628,2.7693167,2.596582,2.5539937,2.6359565,2.6825671,2.7901971,2.8762412,2.919193,3.287207,2.4535346,2.0305994,2.8205676,3.1126595,2.7565942,2.9405556,2.7949347,2.9115324,3.0403318,3.013155,2.4857397,2.151041,4.502856,4.075524,3.1938267,2.9602666,2.2491047,2.91076,2.4755235,2.7317991,3.0492923,2.913851,3.606479,3.7514174,4.0763044,4.0666804,4.14372,4.247102,2.518229,1.8480744,3.0247338,2.844773,3.1706998,2.4203856,2.8234255,2.603507,3.2066095,3.1164498,3.0519955,2.3818107,2.5953293,2.5139792,3.020091,3.044425,3.348738,3.3178637,2.9141104,2.7990406,2.7496586,2.969735,3.0268931,3.10128,2.396978,2.8523262,2.2855844,2.8207698,2.425144,2.337204,2.8684156,2.6042457,3.1607294,3.0885997,1.9925964,2.6096313,2.537623,2.3285463,2.92717,2.7021275
17,1.4623241,1.766308,1.8305309,2.6750367,2.1519122,2.1190164,2.135525,2.2128046,2.4710119,2.368979,2.9068253,2.8286538,2.2400382,1.9371057,2.001262,1.8755395,1.9271154,0.0,1.5580571,1.3649737,1.6855317,1.6469505,2.5063353,1.5047433,3.207607,2.5693226,2.713572,2.6879673,3.405122,3.381845,3.124659,3.3388186,2.814816,2.8789089,2.6416686,2.8318834,2.8274891,2.7512655,3.3432384,3.1895792,2.8967042,3.0785458,3.4245124,2.8842666,3.6620533,4.2812176,3.7165575,3.4441175,1.6525731,2.9606,2.3610091,2.5867047,2.411284,2.537824,2.4912982,2.500084,2.6261234,3.2734911,2.784745,3.16187,2.2158258,1.6447802,2.6744037,2.9540973,2.751709,2.9226449,2.7524657,2.9154544,2.9269068,2.9184706,2.3680685,2.1079795,4.0220013,3.6591911,3.1431012,2.996252,2.1610305,2.8101547,2.4597557,2.7293198,3.1013956,2.9252138,3.1412807,3.322827,3.7534766,3.7798946,3.677986,3.7967114,2.866559,2.2160978,3.0481503,2.844762,3.161202,2.7735026,2.9117563,2.6445086,3.1382575,3.1551964,3.026869,2.4059184,2.558229,2.435664,3.1552358,3.0176673,3.2513304,3.130641,2.9123833,3.30844,3.0037544,3.0540996,3.1367025,3.3505692,2.496981,2.6355736,2.6355183,2.4957423,2.5653224,2.5023367,2.920304,2.7418635,3.2690475,3.2185335,2.1433594,2.708514,2.444262,2.0048158,3.096095,2.6445851
18,1.202088,1.3563795,1.384908,3.028581,1.8100333,1.8197004,1.881771,1.9717424,2.5351613,2.37521,2.7845993,2.8935635,1.9609247,1.7090926,1.3899915,1.7383296,1.5409662,1.5580571,0.0,0.33776438,1.6492476,1.6781802,1.4242852,1.0030783,3.1824863,2.4921348,2.5765638,2.6229174,3.2276428,3.198008,2.9257762,3.2732005,2.6054797,2.3425515,2.586628,2.6605713,2.201659,2.2272367,3.036613,2.817064,2.7505398,2.9222548,3.1884747,2.7780225,3.4225519,3.7310236,3.4492605,3.176308,1.3095751,2.8673422,2.0770624,2.2057414,2.211921,2.0353165,2.2536535,2.4946465,2.3273997,3.2179477,2.53373,2.9659562,1.980212,1.3748629,2.3737488,2.7021732,2.4286454,2.5913248,2.334202,2.5342247,2.6938822,2.663484,2.3116748,1.719193,3.7815998,3.303758,2.7584195,2.6350062,1.7416995,2.5378015,2.1443586,2.4171286,2.7871325,2.5373526,2.803486,2.9451568,3.496083,3.509889,3.3819435,3.481129,2.3689137,1.5025356,2.6013305,2.3765235,2.865797,2.3808305,2.3913422,2.0627558,2.7052114,2.703469,2.6362646,1.8249794,2.10663,2.0236633,2.8498206,2.5267792,3.0728464,3.0033972,2.767221,2.5545337,2.7318957,2.7659407,2.8579562,3.1190352,2.3988006,2.856436,2.3372283,3.0051305,2.3180919,2.432541,2.8989592,2.353548,3.0081625,2.9449842,1.6344,2.346865,2.1959457,1.6393044,2.7357771,2.3224888
19,1.2233388,1.3862615,1.3373736,2.9485304,1.8135864,1.8329617,1.8826845,1.97617,2.3964877,2.2548442,2.6710095,2.7689452,2.0406542,1.66611,1.3699613,1.6893749,1.5034918,1.3649737,0.33776438,0.0,1.6447479,1.6440227,1.4998448,0.9347244,3.1109638,2.4075322,2.4905133,2.507149,3.1677637,3.1394508,2.8658922,3.1894934,2.5266588,2.3105435,2.4673994,2.5761857,2.2536814,2.2472892,3.0805876,2.8096743,2.7207441,2.9049292,3.2040353,2.7586489,3.409845,3.7420382,3.5027797,3.2002213,1.1818883,2.821549,2.0044737,2.2084908,2.1673234,2.0323029,2.2133698,2.4565184,2.3074307,3.2053058,2.4822788,2.8968203,1.948404,1.3667133,2.3727465,2.6870563,2.465113,2.6412444,2.355423,2.6123357,2.6918178,2.6643815,2.3161597,1.7480379,3.7462394,3.30899,2.7472382,2.616014,1.7860558,2.5589206,2.1754684,2.426337,2.804563,2.5364676,2.8122709,2.9939196,3.5130365,3.5357082,3.3495548,3.4660506,2.3299472,1.4514438,2.5910242,2.3637638,2.7858677,2.287549,2.3195245,2.013566,2.7221515,2.6774132,2.6160433,1.831995,2.1040516,2.058983,2.8546891,2.5620365,3.0694077,2.978778,2.7497406,2.5642788,2.6579797,2.6635406,2.778484,3.066748,2.354601,2.825202,2.317831,2.8859384,2.2739024,2.4166777,2.911535,2.3674457,3.0473163,2.9754255,1.7159216,2.4037042,2.1736352,1.6190228,2.7182958,2.303092
20,1.6335235,1.6332997,1.497137,3.10446,2.0031886,2.0113041,1.9492966,2.0626583,2.5739963,2.471798,3.265772,2.9764733,2.115886,1.8927946,2.3057294,1.8068303,1.8906744,1.6855317,1.6492476,1.6447479,0.0,0.26135963,1.5614506,1.3350888,3.2784142,2.6675458,2.6536043,2.6460025,3.3862092,3.3547835,3.101989,3.3615897,2.7488685,2.386624,2.6456554,2.810124,2.833848,2.811421,3.5299094,3.316545,2.9084003,3.083129,3.4137833,2.9324334,3.5461824,3.8725083,3.5950637,3.3222415,2.1265209,3.3306482,2.5927098,2.776656,2.6715295,2.596084,2.7167592,2.258293,2.4624703,2.4939117,2.6693866,3.0788221,2.1486702,1.5606983,2.6240509,2.9709024,2.59047,2.7645762,2.9154828,2.786617,2.8793774,2.883418,1.651539,1.940209,3.958581,3.568527,3.2551677,2.8352463,2.0367854,2.737808,2.3592267,2.6091053,3.3621309,3.110796,3.4211433,3.5675044,4.0173635,4.0212727,3.9021106,4.0142207,3.0605958,2.3989434,3.2575817,3.054542,3.3517137,2.9791765,3.0963502,2.8556929,3.3567045,3.3735662,3.2588184,2.6078053,2.475733,2.3968852,3.180517,3.2357025,3.2308285,3.2487044,2.8293698,2.628325,2.9813237,2.989513,3.0214305,3.258672,2.755667,3.1827986,2.6570067,3.2724676,2.5538864,1.8540207,2.3029501,2.7350185,3.2659683,3.2261345,1.9704126,2.645228,2.4817479,1.9768816,3.2992647,2.662949
21,1.6887656,1.6722304,1.511247,3.119069,1.9906605,1.9945778,1.9380816,2.053839,2.5131044,2.4282117,3.2209377,2.9277487,2.1390622,1.8743837,2.292813,1.7760025,1.8051302,1.6469505,1.6781802,1.6440227,0.26135963,0.0,1.553956,1.3210255,3.2537854,2.635063,2.624375,2.6137967,3.3971016,3.3710864,3.1112194,3.349834,2.6904607,2.3021905,2.554144,2.7389379,2.876547,2.8384728,3.5375626,3.2867835,2.8772302,3.0627873,3.485916,2.9352138,3.468763,3.7886598,3.569233,3.2772827,2.109888,3.290698,2.5583377,2.7682545,2.6384313,2.5925305,2.6828768,2.2300828,2.4885657,2.4797142,2.679716,3.0752416,2.1336148,1.5861588,2.6204956,2.9738557,2.5924013,2.7779324,2.9096906,2.8351169,2.8704505,2.8764043,1.6578305,1.9455332,3.9919963,3.6623397,3.27989,2.8507783,2.0588312,2.7422984,2.366144,2.5997565,3.3403666,3.1441221,3.4786804,3.6286783,4.043655,4.0564446,3.9461577,4.0576262,3.0138788,2.3365316,3.2398036,3.036643,3.2863655,2.905669,3.0971851,2.8770459,3.3489053,3.3378217,3.2377288,2.603473,2.5232112,2.41449,3.184519,3.246711,3.2016444,3.221228,2.750183,2.6070507,2.9448202,2.9758613,2.9669788,3.236389,2.7473567,3.1947436,2.6314082,3.2371993,2.5717902,1.885117,2.3215227,2.7519236,3.271609,3.2343752,2.0230472,2.685241,2.4618936,1.9556519,3.261298,2.6505752
22,2.0562847,1.8956255,1.7006233,3.6595523,2.0744905,2.119841,2.1101685,2.2749488,2.6939044,2.5788121,3.1575317,3.0768247,2.3203104,1.9919152,2.0518725,2.122764,1.9160343,2.5063353,1.4242852,1.4998448,1.5614506,1.553956,0.0,1.4204295,3.410638,2.7859955,2.7134843,2.7421792,3.424608,3.397706,3.1535974,3.4179778,2.7365048,2.0156846,2.6587248,2.7976239,2.5980506,2.6067853,3.5163927,3.1505644,3.0135987,3.1609113,3.4981554,3.0822384,3.5290382,3.4804173,3.662055,3.3371634,2.0126839,3.4415438,2.4742596,2.683498,2.6864154,2.5182567,2.682744,2.6074538,2.516455,2.9709678,2.6769903,3.0808752,2.2702374,1.9126168,2.6602523,3.032591,2.6219413,2.8313103,2.7658734,2.897553,2.9624212,2.9431756,2.3152444,2.0655649,3.8484702,3.462751,3.1793861,2.7336924,2.2122762,2.8657322,2.49741,2.6774702,3.2570777,2.9836287,3.3583562,3.500523,3.9420722,3.970458,3.7420595,3.8464034,2.6554255,1.9015695,3.0258443,2.7778373,3.1001198,2.6640713,2.759747,2.5561242,3.1396015,3.0543518,3.0372102,2.3933656,2.495264,2.4687994,3.1726396,3.1058023,3.2166858,3.2471588,2.788912,1.9478334,2.8612628,2.8481326,2.8316433,3.1769662,2.853836,3.6023562,2.5946488,3.7055945,2.5849874,2.3531077,2.8086035,2.6845322,3.3065572,3.2440407,2.1397536,2.7447052,2.5104475,2.0461972,3.0882113,2.607961
23,0.9904905,1.0128057,1.3752072,2.8184988,1.4483354,1.5123427,2.042554,2.1598969,2.39374,2.263878,2.8002932,2.7731824,2.0660837,1.6978714,1.705346,1.768833,1.0836458,1.5047433,1.0030783,0.9347244,1.3350888,1.3210255,1.4204295,0.0,3.039848,2.2793362,2.349002,2.3596485,3.24403,3.2211802,2.933809,3.2284229,2.4377694,2.3678973,2.5499997,2.6999497,2.2165716,2.4522266,3.279274,3.0399315,2.623412,2.8017468,3.3419192,2.8354597,3.4104793,3.7114034,3.4660125,3.1385834,1.4774942,3.0599337,2.2189138,2.4293878,2.346869,2.3106856,2.3863432,2.3861105,2.3498607,2.9138494,2.5169904,2.9523604,2.0111678,1.4699095,2.46273,2.7903788,2.4792683,2.6758285,2.5182667,2.6708636,2.754307,2.7278857,2.1362393,1.8398744,3.8186996,3.300667,2.9234395,2.63962,1.9272316,2.6200826,2.1975093,2.4604378,2.8802726,2.6769943,3.0458078,3.2140095,3.5628023,3.5715804,3.5682797,3.684731,2.31414,1.5931606,2.8177063,2.5916693,2.9962366,2.294096,2.5847528,2.3135355,2.947413,2.8950768,2.8225858,2.1262364,2.2584336,2.2095969,2.7789187,2.825696,3.064659,3.0247743,2.6719396,2.4825819,2.5398402,2.7134469,2.776645,2.8555944,2.0668557,2.6473618,2.0126257,2.6434386,2.0881379,1.9454536,2.5130868,2.2586923,2.9634457,2.8819423,1.6339022,2.2931423,2.2363591,2.009475,2.7580125,2.3803844
24,3.1975522,3.1591508,2.7179472,2.0884233,1.9927772,2.0650797,2.535969,2.5527396,3.0295966,2.9848568,2.5038574,2.5267472,2.6890173,2.4725652,2.395067,2.0066323,3.3066382,3.207607,3.1824863,3.1109638,3.2784142,3.2537854,3.410638,3.039848,0.0,1.1015525,1.1368843,1.2639846,2.1583009,2.332225,1.899038,2.1679626,3.128832,2.8102393,2.9515562,3.3610597,2.9796777,3.1039207,2.4242566,3.0502732,2.0228481,2.263322,2.9005775,2.4808066,3.8471248,4.2091026,3.3190084,3.1135387,2.9731514,3.0453675,1.6365092,2.4426668,1.7399446,3.0852067,1.810323,1.7900552,2.8630764,3.3885818,2.4016025,2.0939465,1.9227686,2.2647512,2.316898,2.6027498,2.441725,2.5698073,2.1405253,2.5432725,2.264904,2.2335794,3.08337,2.8643606,4.0954595,3.4933743,2.5782306,2.4488006,2.668458,2.0914392,2.302107,2.346613,2.1856852,2.21987,2.5271149,3.1310077,2.8493457,2.8152385,2.8604817,2.8716865,2.1180844,2.4954858,2.295996,2.1451552,1.3972871,1.9112126,3.0224037,2.8743804,2.5327826,2.5337899,2.373915,2.7561412,3.062044,3.0668194,2.2480755,2.53945,2.4867501,2.2570636,2.879251,3.3674908,3.298279,3.4341273,3.5261729,2.815664,2.114885,2.5429518,2.0819376,2.5747235,2.370684,2.90806,2.539674,2.1705868,2.8181796,2.9649265,2.938271,2.322194,2.4145262,3.4094806,2.4023106,2.249879
25,2.4425075,2.3891172,2.0641012,2.2369068,1.5820366,1.6164601,2.3584685,2.4211533,2.942476,2.8706849,2.7226107,2.7634754,2.3631678,2.2176533,2.104533,1.7914469,2.523624,2.5693226,2.4921348,2.4075322,2.6675458,2.635063,2.7859955,2.2793362,1.1015525,0.0,0.7458476,0.8713684,2.0970533,2.235401,1.7975771,2.11377,2.587745,2.462266,2.622051,2.899734,2.3484662,2.5413961,2.6059697,2.731798,2.134554,2.3975384,3.0871222,2.5472484,3.4802725,3.8521173,3.2594151,3.0212219,2.2730885,2.8659177,1.3640807,2.2466888,1.5701618,2.4177403,1.6484437,1.6722794,2.5082474,3.0441866,2.2008812,1.9566816,1.8838433,1.8573321,2.2686753,2.647798,2.410283,2.5746226,2.1171725,2.4466293,2.404431,2.3717432,2.6563861,2.439123,4.1451764,3.4635675,2.5971806,2.3883798,2.255701,2.1757834,2.3097808,2.3333223,2.308347,2.2540984,2.6864576,3.2612746,2.9824917,2.962028,3.0522194,3.0461771,1.9742757,1.861054,2.334028,2.0967598,1.5529776,1.2440186,2.619953,2.4167597,2.4339726,2.5073936,2.3909202,2.327865,2.5010831,2.5330226,2.20424,2.5377057,2.662598,2.4445865,2.815215,2.952225,3.0187411,3.1268625,3.2536135,2.8768694,1.8618829,2.3480806,1.8174641,2.3520284,2.077344,2.4759429,2.4834075,1.9849942,2.6730716,2.7923274,2.4373207,2.1738982,2.2762427,2.819219,2.1858382,2.1261115
26,2.683507,2.5402203,2.0435956,2.327101,1.6630346,1.7933037,2.2780116,2.3521721,2.8883028,2.8147242,2.6564102,2.6738772,2.4707491,2.1931987,2.1776254,1.727043,2.658324,2.713572,2.5765638,2.4905133,2.6536043,2.624375,2.7134843,2.349002,1.1368843,0.7458476,0.0,0.4808714,1.8834789,2.0126886,1.5683675,1.858046,2.8738747,2.582138,2.833759,3.0799904,2.487236,2.6043074,2.9335663,2.986231,2.162547,2.36078,2.8481002,2.4781013,3.7046394,4.003511,3.4308295,3.2031572,2.3831556,2.9763346,1.3507464,2.2667477,1.767531,2.4891012,1.8217641,1.744657,2.3949094,2.8842766,2.0053644,1.6615214,1.883877,1.8722224,2.2438161,2.6597922,2.519333,2.6497607,2.2245479,2.6680133,2.4352212,2.4018047,2.642685,2.547173,3.878895,3.4316525,2.592509,2.331734,2.3355143,2.1987967,2.329406,2.368528,2.4134004,2.2496793,2.644956,3.2916713,3.1267698,3.1005206,2.9976528,3.0177217,2.1633942,2.0744262,2.5201035,2.320738,1.688895,1.5936064,2.684435,2.4750166,2.5685868,2.5325167,2.4756176,2.4375157,2.5931072,2.677093,2.366263,2.6252306,2.5738885,2.3875,2.5951834,2.7848125,3.0144227,3.0077167,3.089711,2.7365432,2.0602188,2.5478964,1.9347692,2.6061969,2.089908,2.4651444,2.4400332,2.2041924,2.7875648,2.8422637,2.4805853,2.2549827,2.2598312,2.844375,2.4373517,2.1150222
27,2.724211,2.6351016,2.016261,2.2934413,1.8285251,1.9349115,2.334509,2.4042974,2.9003625,2.8536012,2.7172828,2.710505,2.5578334,2.229034,2.2821207,1.7814602,2.6708055,2.6879673,2.6229174,2.507149,2.6460025,2.6137967,2.7421792,2.3596485,1.2639846,0.8713684,0.4808714,0.0,2.0462945,2.1981213,1.6872025,1.952651,2.912338,2.6008112,2.7850907,3.1417124,2.607039,2.7121766,3.0537288,3.1250832,2.3749123,2.5154338,3.0131643,2.6385856,3.7711096,4.066292,3.5836163,3.2131767,2.3954675,3.0874245,1.4990942,2.548685,1.9639345,2.6923416,2.032082,1.917842,2.5179265,2.9520185,2.1584005,1.8472831,1.9093139,1.927328,2.463825,2.8336623,2.7025576,2.870685,2.47701,2.865486,2.666242,2.6281447,2.7791538,2.7214775,3.9411628,3.5104673,2.6764903,2.4415166,2.516787,2.4298394,2.4873602,2.5666468,2.691004,2.295546,2.851364,3.5043037,3.3727915,3.3535826,3.1591256,3.1954432,2.3454187,2.2119303,2.6973891,2.4984846,1.7582679,1.6299095,2.6836362,2.5097883,2.8493803,2.8004122,2.737559,2.671785,2.6857274,2.8412466,2.6411688,2.8759148,2.7847,2.6039827,2.8002148,2.8931262,3.1734786,3.0744054,3.1946416,2.858838,2.2649763,2.7733142,2.1719055,2.7609642,2.1786501,2.5421853,2.6197882,2.4017906,3.0934303,3.1050315,2.687237,2.513568,2.4791358,2.9704206,2.617845,2.361524
28,3.3463666,3.0871143,2.5424492,2.773326,2.6296153,2.6599212,2.7297385,2.7482464,3.3489633,3.2960095,3.1863604,3.2043421,2.9756267,2.7652075,2.7532413,2.3905811,3.5619802,3.405122,3.2276428,3.1677637,3.3862092,3.3971016,3.424608,3.24403,2.1583009,2.0970533,1.8834789,2.0462945,0.0,0.6697618,0.6890527,1.184728,2.9565403,2.7715752,3.3162708,2.9066947,2.294444,2.1216483,3.2602854,2.9186478,2.1838596,2.3253393,2.369962,2.2712498,3.4566488,3.7844355,3.4910088,3.8866158,2.7697313,2.623241,2.4878702,1.9760638,2.4309611,2.2898848,2.4797869,2.4881742,1.757607,2.6052163,1.2471089,0.5608903,2.722545,2.7450817,1.9380264,2.3677435,2.7226198,2.4882383,2.3780553,2.5627856,2.3240302,2.269735,2.7122538,2.5944703,3.484814,3.0170043,2.0621736,1.9038652,2.1834486,2.1138887,2.6574361,2.3185942,2.5033278,2.3571382,2.3796105,3.142533,2.8559418,2.7905374,2.200973,2.2646053,2.7066607,2.6150067,2.4203577,2.4514592,2.2854886,2.4767222,2.370345,2.2325122,2.5058877,2.4717987,2.398696,2.3772557,2.0930521,2.458797,2.425775,2.4209526,2.5429726,2.3352904,2.9072757,2.7471325,2.8788104,2.488561,2.7856936,2.8360353,2.771971,2.8475704,2.6101763,3.2539904,2.0664947,2.5809588,2.7166994,2.5943363,2.4060357,2.414467,2.56725,2.3043272,2.2659566,2.69764,2.45589,2.1427872
29,3.3313675,3.1288638,2.596007,2.8958132,2.6346114,2.70331,2.7552946,2.7696075,3.1420987,3.071638,3.15606,3.1334934,3.046952,2.77972,2.745628,2.400863,3.5338595,3.381845,3.198008,3.1394508,3.3547835,3.3710864,3.397706,3.2211802,2.332225,2.235401,2.0126886,2.1981213,0.6697618,0.0,0.71506304,1.1886264,2.9427316,2.803158,3.2506304,2.8684535,2.3579092,2.1695285,3.408105,2.9778595,2.3100436,2.5138092,2.4380746,2.426059,3.6109154,3.8989317,3.6039212,3.974856,2.8379576,2.771433,2.4405808,1.9209551,2.3056302,2.1930847,2.330339,2.3476996,1.9320666,2.6335168,1.3960645,0.67050046,2.734306,2.7282038,1.9464731,2.3541193,2.5499609,2.347231,2.472803,2.4920864,2.390674,2.3472865,2.7954078,2.4072313,3.5303805,3.1497533,2.2435489,2.0883238,2.1159706,2.2530086,2.6216404,2.442122,2.634422,2.3746402,2.4594162,3.2296057,2.9969766,2.9384267,2.3107886,2.51419,2.748838,2.670019,2.5370502,2.549746,2.469556,2.6461003,2.4347382,2.2868285,2.637391,2.5798938,2.4073427,2.3017054,2.2240536,2.5786486,2.5979078,2.3832679,2.7989798,2.5734768,2.858173,2.682281,2.802404,2.5136256,2.8451948,2.772548,2.8020036,2.9300773,2.6428175,3.225465,1.9586971,2.5929375,2.7334135,2.772011,2.3565238,2.396138,2.4633207,2.2176995,2.2040892,2.6491184,2.7177863,2.2916126
30,3.0829842,2.907455,2.2609854,2.4778178,2.2934668,2.346266,2.4158025,2.4349189,3.000944,2.9372368,2.8967767,2.914221,2.7127323,2.4669316,2.4407413,2.0042443,3.1830382,3.124659,2.9257762,2.8658922,3.101989,3.1112194,3.1535974,2.933809,1.899038,1.7975771,1.5683675,1.6872025,0.6890527,0.71506304,0.0,1.044589,2.8110065,2.5576973,2.997539,2.8054845,2.1723418,2.0385249,3.0737581,2.849469,2.1320024,2.2829857,2.4135995,2.320457,3.3943968,3.7201629,3.3267856,3.5202448,2.584105,2.6334317,2.1131399,1.9220533,2.063111,2.2210844,2.1179867,2.1336443,1.8310494,2.475892,1.3040212,0.66784215,2.346678,2.3940907,1.8533394,2.2926,2.4021547,2.275963,2.255122,2.3483815,2.2683606,2.211289,2.6862044,2.3446832,3.5662286,3.1477263,1.9987019,1.8542383,2.0066733,2.0500484,2.3595734,2.2518415,2.420397,1.9567096,2.3959286,3.166928,3.0075638,2.9442277,2.394402,2.5371997,2.4998806,2.4187832,2.3383374,2.3166192,2.0517783,2.254708,2.2380586,2.0774055,2.5270023,2.4844968,2.322663,2.2433405,2.1241546,2.4903297,2.4573464,2.2963395,2.5814579,2.364173,2.6971152,2.6051452,2.8311532,2.5097146,2.8180537,2.6587932,2.586211,2.7657561,2.4229462,3.069637,1.759495,2.436101,2.5870335,2.5258322,2.4145715,2.4326334,2.3772426,2.1024609,2.0953956,2.6029088,2.4705703,2.1307945
