,0,1,2,3,4,5,6,7,8,9,10,11,12,13,14,15,16,17,18,19,20,21,22,23,24,25,26,27,28,29,30,31,32,33,34,35,36,37,38,39,40,41,42,43,44,45,46,47,48,49,50,51,52,53,54,55,56,57,58,59,60,61,62,63,64,65,66,67,68,69,70,71,72,73,74,75,76,77,78,79,80,81,82,83,84,85,86,87,88,89,90,91,92,93,94,95,96,97,98,99,100,101,102,103,104,105,106,107,108,109,110,111,112,113,114,115,116,117,118,119,120,121,122,123,124,125,126,127
0,0.0,1.4880764,1.3240305,0.90580827,2.6629527,2.2170284,2.0389354,2.1563613,1.527582,2.4626157,0.9930789,2.7645042,1.6210043,1.6044854,1.6069645,1.6009918,2.3733017,2.1121705,1.6608235,1.7840805,2.679493,1.6002679,1.9332131,1.9606044,1.6280037,1.8808515,1.4378773,1.6498486,1.6534169,1.6103233,1.4084859,1.4084859,3.354302,3.158416,3.7597635,3.7855375,4.0952334,3.2500308,3.8119826,3.6724973,3.5816221,2.2866838,3.14693,2.7571812,2.7145345,2.264692,2.700056,2.8468528,2.3932226,2.1886237,2.395747,3.2608588,2.2708569,2.5750625,2.230151,2.524395,2.1602478,2.013578,2.0618567,2.1270297,1.8730904,1.9315923,2.7455187,2.5299618,2.410471,3.0661678,2.3437276,2.3294642,3.5056052,4.0091434,4.2214136,4.44616,2.8106096,2.7428064,2.6109424,2.974465,3.0065103,3.2832751,2.5462468,2.5189736,3.6856065,3.865827,4.014885,3.8262665,3.7517853,3.6162617,4.029271,3.8625941,4.8303223,4.526906,3.7371068,4.179704,4.35611,4.3445854,3.9885435,3.9529731,2.8822203,2.6866536,2.3719165,2.0631588,2.2505107,2.644391,3.1418698,2.7738564,2.6259594,1.5812999,2.3447025,1.6448765,1.4108349,1.8272494,2.1780474,2.1800847,3.4810002,2.9867852,1.9778031,2.6504002,2.1095402,1.944097,1.9669762,1.9969516,3.1455295,3.1455295,3.2997043,2.7096238,1.9376669,2.6710658,2.2814481,2.1683145
1,1.4880764,0.0,1.449202,1.2907957,2.9770856,2.2453163,2.1191945,2.2313607,1.5999372,2.1923332,1.751111,3.5656118,1.8094863,1.6621635,1.6707523,1.7621486,2.389261,2.204443,1.737829,1.9729134,2.8299024,1.3334634,1.8706044,1.9854565,1.6170597,1.7756559,1.7967681,1.57105,1.7051994,1.5922382,1.9470623,1.9470623,3.1249588,3.1646547,3.7972448,3.8175611,4.0421033,3.2570574,3.7088375,3.8192816,3.476342,2.2187595,3.0709758,2.6908932,2.167735,2.1441178,2.1472852,2.1362855,2.263476,2.275195,2.6785212,3.1406198,2.6333315,2.493513,2.2519429,3.3638368,1.822951,2.0501058,2.0966578,2.2140427,1.9044603,2.003634,2.2746773,2.0776138,2.2682302,3.0568335,2.2544572,2.3515882,3.563883,4.211658,4.2282486,4.417367,2.5299282,2.5164425,2.467841,2.902646,2.7505963,3.1456888,2.5633729,2.5078835,3.7750762,3.9620264,4.106922,3.927515,3.6558344,3.4297855,3.91565,3.7546024,4.800925,4.5136123,3.7024105,4.1839066,4.535636,4.5200577,4.0928574,4.0605397,2.594164,2.309343,2.2601535,2.1675367,2.0673618,2.5050766,3.1566627,2.693453,2.8435833,1.5336459,2.3480883,1.7885816,1.5559261,1.9154403,2.381633,2.347257,3.3177788,2.8117666,2.3884094,3.1458712,2.7709374,2.617179,2.6506507,2.6454148,3.1877513,3.1877513,3.2959943,2.4485154,2.162769,2.51275,2.4062946,2.3590374
2,1.3240305,1.449202,0.0,1.5044036,3.0845513,2.4321377,2.3415458,2.3267503,1.2442536,1.914455,1.3190589,3.1613436,1.6139939,1.4179446,1.6383811,1.5787215,2.1749756,1.8246055,1.7106253,1.6576817,2.8520405,1.8676387,1.5565382,1.3587108,1.4818983,1.7325784,1.5204277,1.3580269,1.5700887,1.5069925,1.7281342,1.7281342,3.492047,3.4777637,4.098456,4.118692,4.2208695,3.5788126,3.952878,4.0131803,3.7231627,2.6929336,3.4920962,3.1059515,2.598345,2.4924088,2.5902472,2.507444,2.4703825,2.1202068,2.231945,3.0645018,2.3735483,2.322045,2.167648,3.1665955,2.1945615,2.0552466,2.2455397,2.3725455,1.9047674,1.9238294,1.9163194,2.0524015,2.3607543,3.0443962,2.5491323,2.4244397,3.7583294,4.3606625,4.0309215,4.2497954,2.6269734,2.621347,2.547673,2.9805272,2.9114277,3.279906,2.5750198,2.5204544,3.8336585,4.017882,4.163965,3.97907,3.9815698,3.7621255,4.0673356,3.804472,4.7390413,4.7271748,3.9666693,4.4751596,4.629797,4.6181192,4.0023403,3.967129,2.9647627,2.6684961,2.3666923,2.2588975,2.0962343,2.7280583,3.195956,2.7254186,3.0463147,1.7908734,2.3244264,1.7137951,1.6298473,2.0824656,2.4654632,2.463728,3.4762442,3.087196,2.0550783,2.769816,1.9307404,1.7060639,1.753034,1.7411972,2.998907,2.998907,3.3933623,2.4554224,2.1275826,2.5108669,2.2032747,1.961137
3,0.90580827,1.2907957,1.5044036,0.0,2.7534416,2.1065705,1.9924893,2.0724914,1.6215602,2.5197818,1.1386448,2.469278,1.7681161,1.7088755,1.7315793,1.7531774,2.147016,1.9322867,1.6021316,1.8716946,2.9468682,1.479803,2.0846,2.1801825,1.7955494,2.0760677,1.5034865,1.721431,1.703017,1.6863215,1.3645219,1.3645219,3.4549043,3.2390096,3.9013517,3.9249692,3.9469295,3.361492,3.8868215,3.7316782,3.28786,2.10552,2.9928153,2.6400151,2.507912,1.9768273,2.4761748,2.532673,2.0930266,2.0219164,2.435433,3.1265514,2.1544316,2.5063934,2.0120761,2.2997077,1.786308,1.8240818,2.1257975,2.2832525,1.6500759,1.7461792,2.821743,2.4972456,2.3321602,2.97993,2.2103863,2.2099693,3.7669747,4.268936,4.468088,4.6708794,2.7392101,2.6958482,2.517853,2.9161534,2.79563,3.2123435,2.3609254,2.3568614,3.8895717,4.0766754,4.21647,4.036801,3.8357406,3.6407948,3.916234,3.681969,5.0903687,4.73155,4.0379815,4.502346,4.446159,4.4323173,4.1159587,4.0838914,2.3946986,2.107443,1.8565947,2.0412278,2.1030025,2.418249,3.122079,2.3508878,2.7299943,1.409744,1.9015079,1.5798384,1.3296613,1.7312015,2.1214225,2.093217,3.0827878,2.7432766,2.1034,2.51413,2.464348,2.3197718,2.353796,2.3373332,3.0945904,3.0945904,3.3208947,2.347414,1.7261016,2.5792785,2.1187015,2.0967057
4,2.6629527,2.9770856,3.0845513,2.7534416,0.0,1.8699137,1.9460111,1.6152103,3.1472173,3.0192657,2.7724776,3.517862,2.5578191,2.9056256,2.4784503,2.487131,2.9816823,2.8850749,2.5400612,2.6473787,3.6010752,2.481437,3.0604243,2.8444495,2.945168,3.1090496,2.82505,2.8849034,2.764438,2.7968924,2.7733939,2.7733939,3.7732058,3.588325,4.6286407,4.646894,4.326064,3.6608245,4.150905,4.1357026,3.5931122,2.3153582,3.0493925,3.028561,2.2975898,1.8879508,2.358089,3.8785403,2.7111864,2.7574663,2.9967663,2.3188903,2.7670105,2.9083452,2.5997808,3.0350745,2.641941,2.6657097,2.9876676,3.141369,2.6880834,2.6398191,3.3348174,3.1574228,2.9520447,3.519635,2.8778021,2.8486211,2.847431,4.4891534,4.5852675,4.315777,3.9001808,3.820154,3.1260145,3.3467062,3.3291261,3.605812,2.9042153,2.8983593,4.270702,4.445465,4.618663,4.420612,4.281471,4.4412255,4.6752977,4.157927,5.567969,5.375499,4.5977345,4.9903893,4.952887,4.9390984,4.716554,4.681488,3.1564543,2.9969368,2.8628085,2.7551153,2.6839006,2.9289784,3.7973795,3.450689,2.0150294,2.4246874,2.7797856,2.3650005,2.2803469,2.4726934,2.8261716,2.8122585,3.739534,3.1727579,3.2149177,3.838824,3.1127825,3.2508197,3.238169,3.2709417,3.5675957,3.5675957,3.856463,3.231259,2.6284559,3.026744,2.7816238,2.7667534
5,2.2170284,2.2453163,2.4321377,2.1065705,1.8699137,0.0,0.6149826,1.2953619,2.5004885,2.9539518,2.3041713,3.568579,2.4886353,2.5101945,2.444374,2.400743,3.01545,2.8808765,2.3906493,2.4755807,3.788297,2.402518,2.9510803,2.772148,2.9396687,3.1353664,2.7110271,2.7543774,2.7502804,2.746107,2.7225034,2.7225034,4.0968146,3.930045,4.942662,4.9532886,4.6720905,3.9562652,4.4455757,4.4234605,3.4232192,1.949497,2.9135711,2.9366574,2.1792583,1.7886219,2.207399,2.958786,2.5191185,2.5634484,2.8067892,1.9151934,2.6858776,2.7960577,2.504409,3.031335,1.8489835,1.9311684,2.643616,2.824637,2.0299609,1.9611678,2.832652,2.6516957,2.9898748,3.5208297,2.7977853,2.8138213,3.4892983,5.000472,4.5777698,4.2718377,3.4279182,3.3884165,2.9921803,3.308467,3.2495213,3.5801404,2.8602846,2.848101,4.2476263,4.422025,4.5788374,4.4105077,4.2311144,4.101213,4.4983435,4.135169,5.4382095,5.1669345,4.5359178,5.082666,5.048489,5.0348525,4.7563186,4.723784,3.134223,3.0282018,2.921923,2.880529,2.51239,2.705946,3.6356673,3.398221,3.1345718,2.2546444,2.7917223,2.279655,2.3292646,2.5118556,2.6086974,2.5887954,3.7456203,3.0690172,3.2522447,3.7748861,3.0455644,3.0859694,3.0427961,3.037436,3.4893837,3.4893837,3.8073378,2.8796318,2.5623975,2.9404147,2.6934197,2.674338
6,2.0389354,2.1191945,2.3415458,1.9924893,1.9460111,0.6149826,0.0,1.2726575,2.4686103,2.9036906,2.2041202,3.5372531,2.4955668,2.513297,2.4350913,2.3965163,3.076479,2.903594,2.5201771,2.617295,3.4520013,2.3491802,2.8733406,2.688721,2.7758636,2.9436693,2.658656,2.7001698,2.7890813,2.7517614,2.7182803,2.7182803,3.8446443,3.6483514,4.7304783,4.741654,4.507104,3.703796,4.2220592,4.156898,3.421012,1.8340424,2.9317157,2.945567,2.4316657,2.0480118,2.4696646,3.040269,2.7984133,2.8129387,3.061942,2.3601723,2.9397225,3.0754962,2.7895448,3.190132,2.0116613,2.0836675,2.4626327,2.652434,2.1356342,2.0829525,2.9887738,2.779886,2.9720705,3.4938307,2.7975874,2.8506577,3.6531384,5.104042,4.5462117,4.243899,3.5228257,3.47824,3.1278417,3.4175754,3.2958124,3.6406152,2.9718552,2.9741106,4.282366,4.470814,4.588853,4.460573,4.286314,4.1554656,4.571677,4.2545652,5.4900827,5.250684,4.599199,5.00402,5.182681,5.1693225,4.8481274,4.8145423,3.220483,3.1005635,2.995382,2.8277476,2.7707999,3.0132291,3.757664,3.5766275,3.094572,2.2141333,2.8620944,2.3871984,2.3841243,2.557267,2.775748,2.7677443,3.8200493,3.1264768,3.3404143,3.830135,3.0182738,3.0693383,3.0004282,3.0018985,3.638342,3.638342,3.9079926,3.0297968,2.6766992,3.0931847,2.785974,2.7646556
7,2.1563613,2.2313607,2.3267503,2.0724914,1.6152103,1.2953619,1.2726575,0.0,2.1908786,2.4601147,1.8935531,3.2407632,1.9343861,2.0764363,1.9342146,1.8564295,2.476806,2.32891,2.0558584,2.2323213,3.0802228,2.1880498,2.6892328,2.4890814,2.5106635,2.6590047,2.4319155,2.4522116,2.4270737,2.4483569,2.455695,2.455695,3.3363323,3.1820176,4.3287916,4.33951,3.8910496,3.2769709,3.7495363,3.7466505,3.195205,1.8328559,2.7521403,2.8390362,1.786586,1.3729018,1.8714471,2.8852868,2.5389645,2.546989,2.7903457,2.129539,2.5909905,2.5687945,2.4165137,3.0170546,1.5901182,1.6800836,2.0895708,2.2296417,1.711507,1.6372384,2.7923014,2.3049057,2.1393893,2.8017669,2.050144,1.9762337,3.0300472,4.5944395,4.154431,3.8602703,2.9424434,2.9034898,2.3589537,2.703026,2.497334,2.9125068,2.1284523,2.135663,4.0881014,4.2672276,4.4203715,4.246576,4.1257544,4.0583344,4.2487454,3.8994324,5.2440143,5.0499973,4.5737624,4.671776,4.6736817,4.6639276,4.3046756,4.2739334,2.7916164,2.605023,2.4862065,2.5119753,2.5125074,2.790444,3.6514578,3.1972308,2.601394,2.0140982,2.3764555,2.0493114,2.0483027,1.8802166,2.5242105,2.5101311,3.3987966,2.867528,2.9986625,3.2180429,2.82309,2.8696668,3.0016582,2.8498068,3.3928947,3.3928947,3.638539,2.5077453,2.406044,2.8066235,2.5153913,2.4805834
8,1.527582,1.5999372,1.2442536,1.6215602,3.1472173,2.5004885,2.4686103,2.1908786,0.0,2.3856819,1.0770649,3.1620612,0.992951,0.5015195,1.0660746,1.0161653,1.9211637,1.5815622,1.2077094,1.3277344,2.5930102,1.7087959,2.104654,2.0470011,1.852441,2.0430708,1.8990027,1.7078705,1.8064221,1.7750387,1.9631104,1.9631104,3.3330283,3.396482,4.015404,4.036685,4.1287036,3.5104666,3.8514056,3.9852734,3.5114954,2.4078834,3.2213182,2.9258509,2.2545419,2.2223601,2.2464335,2.1561477,2.3448505,2.011793,2.0404158,2.9612448,2.4487808,2.2120378,2.0079808,3.1788867,1.8484716,1.5684452,1.8681386,1.9213105,1.4405383,1.4636412,2.22791,1.3946701,2.1299596,2.9035943,2.0482178,1.9977238,3.381184,4.1250477,4.344496,4.552177,2.067437,2.0178065,2.054786,2.6238458,2.5173807,2.815987,2.0408678,1.9838495,3.8183923,3.9709191,4.1071463,3.9202802,3.9357727,3.711002,3.9421437,3.7164078,4.828503,4.449152,3.9980233,4.2628155,4.1000776,4.0910926,3.676517,3.641754,2.9229639,2.642564,2.3335958,2.4068701,2.0747259,2.6583061,3.1624117,2.6250482,3.0763497,1.8859087,2.3245873,1.7740477,1.6546178,1.6474625,2.3013833,2.294421,3.4997847,3.1571221,2.0949624,2.4875176,2.0417852,1.7745882,2.0549684,1.8508891,3.0894454,3.0894454,3.3335698,2.3847702,2.2063127,2.523493,2.5093641,2.4122906
9,2.4626157,2.1923332,1.914455,2.5197818,3.0192657,2.9539518,2.9036906,2.4601147,2.3856819,0.0,2.204011,3.745976,2.2246127,2.3454952,2.1119356,2.1254582,2.588118,2.383822,2.3558285,2.2071397,3.3243918,2.284553,1.4567314,1.3688698,1.5492623,1.7864981,1.5873243,1.3587185,1.7395595,1.6993086,2.0097911,2.0097911,3.7867143,3.8778503,4.425328,4.4384604,4.461145,3.9360542,4.2841864,4.4026546,3.7897928,2.83368,3.5494199,3.2295506,2.7141097,2.7040224,2.7403147,3.183514,2.6758075,2.4652002,2.980276,3.3094442,2.4121683,2.133524,2.4903157,3.5366397,2.5783596,2.8706002,3.0776927,3.1065934,2.7405884,2.7700615,2.182899,2.623252,1.7911046,2.7678795,2.1988955,2.199165,3.1557255,3.8032284,3.1726425,3.4218159,2.7383122,2.7263987,2.232402,2.655736,2.6160626,2.8355548,2.4953585,2.4000988,4.1399465,4.2532935,4.414012,4.2214794,4.0831656,4.0277023,4.2913427,4.036929,4.219703,4.711456,4.124091,4.3785996,4.9368267,4.9241667,4.040065,4.0058346,2.9927008,2.7172012,2.6031551,2.5500343,2.339297,2.8300066,3.3817382,2.8979023,2.940157,2.378998,2.7143784,2.2378776,2.148718,2.2951725,3.0842662,3.0799863,3.6308866,3.2672534,2.7381744,3.1769783,2.949081,2.8621204,3.025126,2.93049,2.7378373,2.7378373,3.2084231,2.9127805,2.5569687,2.600765,2.85916,2.2723622
10,0.9930789,1.751111,1.3190589,1.1386448,2.7724776,2.3041713,2.2041202,1.8935531,1.0770649,2.204011,0.0,2.5532973,1.1971503,1.1626024,1.2940749,1.1810346,1.9631275,1.7018062,1.4067576,1.4971426,2.6360128,1.7237146,1.963204,1.9196112,1.6789569,1.9653152,1.4123836,1.5896462,1.6277652,1.6324981,1.3554233,1.3554233,3.4138541,3.263805,3.9415717,3.9593592,3.9996877,3.4024572,3.8802655,3.7785316,3.4235978,2.1885347,3.0027535,2.7436721,2.514767,2.0693974,2.5070817,2.6761286,2.2645998,1.995501,2.173281,3.0538774,2.089675,2.2728355,2.0371108,2.4527757,1.8151113,1.6256267,1.9268659,2.0079465,1.4665072,1.5041373,2.6544108,2.164217,1.8960124,2.6637335,1.7903247,1.7011118,3.331409,3.9454417,4.052136,4.261835,2.361725,2.3058853,2.079401,2.5784588,2.4850116,2.7840657,1.8867048,1.8678777,3.8602366,4.0088687,4.175989,3.9715497,3.960155,3.7997544,4.016542,3.7771347,4.734761,4.4814296,4.04289,4.228678,4.189191,4.18233,3.723702,3.6920404,2.743931,2.4855866,2.1352074,2.1583445,2.1814446,2.5920932,3.2000914,2.5385761,2.7509031,1.6425599,2.0939355,1.5810051,1.4812144,1.4267906,2.2212665,2.2265344,3.340109,3.0050795,1.9673996,2.1214273,2.0081367,1.8483686,2.11042,1.8849318,2.9316845,2.9316845,3.232797,2.3742018,1.8526825,2.5288286,2.283108,2.0825655
11,2.7645042,3.5656118,3.1613436,2.469278,3.517862,3.568579,3.5372531,3.2407632,3.1620612,3.745976,2.5532973,0.0,3.0835671,3.173545,3.1099324,3.1130278,2.5421064,2.4008124,2.87047,3.0214515,3.9762177,3.1523585,3.4022589,3.5199568,3.165224,3.3885448,2.6626534,3.092219,3.0306616,3.1089988,2.4549315,2.4549315,4.6759834,4.3273907,4.7445874,4.7696157,4.176146,4.380485,4.9298496,4.5939517,3.282822,3.3241696,3.877893,3.6135974,3.9340665,3.2384992,3.9174407,4.20472,3.1506705,2.9356492,3.2111533,4.0009675,2.6261225,3.3362458,2.8932507,1.9521154,3.3770063,3.2281291,3.6187298,3.6487613,3.057867,3.0807624,4.187345,3.8945332,3.4746876,3.988212,3.3881617,3.2732425,4.82961,5.1318855,5.5911293,5.8061337,3.9113662,3.8234766,3.4933455,3.7908928,3.845897,4.1868296,3.2869875,3.341845,4.492759,4.646095,4.7852254,4.5787888,4.5361943,4.477699,4.0958753,3.8372898,6.166659,5.897762,5.331854,5.685353,4.755713,4.7404604,4.5456576,4.5106363,2.938064,2.8383713,2.3659136,3.143314,3.312915,3.410076,4.05741,2.7343762,3.533216,3.0892234,2.4219804,2.9725492,2.751201,3.0210116,3.20358,3.1933336,3.580084,3.9154756,2.952963,2.383311,3.0388265,2.9463096,2.9676287,2.994943,3.8349721,3.8349721,4.0955415,3.506646,2.851262,3.742114,3.245738,3.1720042
12,1.6210043,1.8094863,1.6139939,1.7681161,2.5578191,2.4886353,2.4955668,1.9343861,0.992951,2.2246127,1.1971503,3.0835671,0.0,0.557504,0.40147093,0.21677087,1.5864998,1.2970905,0.7933327,1.0230885,2.39553,1.3484777,1.9373976,1.8223733,1.6744049,1.883927,1.7562327,1.5381202,1.4705929,1.4634477,1.7166042,1.7166042,3.0235896,3.0912821,3.761598,3.7833705,3.8461373,3.2271903,3.5811634,3.73903,3.42059,2.2257848,2.9747937,2.7168713,1.8370589,1.8025734,1.8278028,2.547126,2.0296423,1.771373,1.7821473,2.7075207,2.2402925,1.9668038,1.7003384,3.0118062,1.7678638,1.4945903,1.7473719,1.8911167,1.345412,1.3778337,2.267455,1.4083549,1.7709621,2.6288238,1.6751122,1.5744135,2.7684686,3.6638975,4.2087016,4.39928,2.196356,2.13831,1.8375803,2.350776,2.1968122,2.4792054,1.5890974,1.5544709,3.735701,3.8716328,4.0541816,3.8309207,3.8395925,3.7846472,3.9582675,3.5568237,4.763839,4.3905993,3.8783796,4.0935125,3.890314,3.8835783,3.4944732,3.4629996,2.603723,2.2607336,1.9541413,2.069941,1.776806,2.3788354,3.0556078,2.35071,2.2251723,1.4862853,1.9318416,1.3202231,1.2112035,1.0279287,2.0388296,2.03596,3.219569,2.8759928,1.7621987,2.349033,1.8720512,1.775481,2.1035213,1.854637,2.8138654,2.8138654,3.1080618,2.2268643,1.7855542,2.107737,2.1497746,2.0574195
13,1.6044854,1.6621635,1.4179446,1.7088755,2.9056256,2.5101945,2.513297,2.0764363,0.5015195,2.3454952,1.1626024,3.173545,0.557504,0.0,0.71507525,0.6423765,1.7090547,1.3900342,0.9053923,1.1517252,2.4523733,1.5199816,2.044365,1.9698925,1.7749255,1.9502349,1.8796922,1.6497107,1.6205397,1.6083919,1.8841687,1.8841687,3.0920403,3.1830418,3.8193443,3.8410194,3.9225538,3.3038154,3.642431,3.8202841,3.4850783,2.3831336,3.1260748,2.8455455,1.9565914,1.9776913,1.9495387,2.2491646,2.1920683,1.899557,1.8822168,2.8220592,2.3633933,2.0564482,1.8305836,3.1553273,1.7559547,1.4536226,1.7082064,1.8210042,1.3134631,1.3422627,2.1678178,1.2088553,1.9405103,2.768107,1.8735008,1.7774085,3.0861592,3.899806,4.3249283,4.521952,2.0309339,1.9804776,1.8897527,2.4553607,2.3255298,2.628463,1.7776048,1.7247485,3.741588,3.888771,4.0530725,3.8403282,3.858582,3.7046573,3.9019144,3.5761726,4.7837734,4.3692656,3.8894231,4.1249146,3.9105897,3.902788,3.5229547,3.4901311,2.7413416,2.431087,2.1291752,2.2545614,1.9090247,2.5084434,3.1094224,2.4901702,2.6958709,1.6822083,2.1186695,1.5266266,1.413287,1.321367,2.126446,2.1172612,3.3394854,3.0023394,1.8809893,2.391781,1.9405038,1.730596,2.056473,1.8207961,2.9629037,2.9629037,3.230836,2.224549,1.9938942,2.2864344,2.3006282,2.2377882
14,1.6069645,1.6707523,1.6383811,1.7315793,2.4784503,2.444374,2.4350913,1.9342146,1.0660746,2.1119356,1.2940749,3.1099324,0.40147093,0.71507525,0.0,0.35030183,1.6273564,1.332451,0.8009943,0.97409207,2.4162166,1.160656,1.8746483,1.8024762,1.5792174,1.8068224,1.6874226,1.4199351,1.4525894,1.4182565,1.7132391,1.7132391,3.0622313,3.1484911,3.8078566,3.832919,3.93315,3.291193,3.6485715,3.81775,3.3014817,2.0237637,2.8784401,2.5610867,1.8102243,1.8089069,1.8059382,2.523932,1.9441628,1.6788985,1.8636718,2.7164333,2.2266228,1.9336194,1.6262966,3.009629,1.8237544,1.6664507,1.9331012,2.0292974,1.5259898,1.5695632,2.2896516,1.4789077,1.7593476,2.6774924,1.649,1.6591598,2.6725142,3.585433,4.205348,4.416094,2.2294493,2.1496687,1.8265082,2.3587916,2.2257433,2.5374641,1.6926944,1.6362343,3.7113986,3.866742,4.0271745,3.8173177,3.769247,3.7334948,3.9450939,3.5635173,4.742931,4.3783607,3.8258462,4.0937295,3.9595513,3.9489176,3.5605836,3.5243437,2.589799,2.2390075,1.9538461,2.058068,1.6730988,2.3214073,2.964219,2.2968197,2.1857047,1.5223387,2.005033,1.413807,1.1436609,1.1188378,2.113219,2.09959,3.2531977,2.8901033,1.8779849,2.510136,2.0434415,1.9195279,2.1898332,2.0238688,2.8605158,2.8605158,3.1292026,2.3054183,1.8691,2.194444,2.2580738,2.1757622
15,1.6009918,1.7621486,1.5787215,1.7531774,2.487131,2.400743,2.3965163,1.8564295,1.0161653,2.1254582,1.1810346,3.1130278,0.21677087,0.6423765,0.35030183,0.0,1.6325356,1.3385524,0.8643325,0.9811843,2.4373853,1.3129108,1.8879116,1.7362391,1.6578246,1.8933467,1.7263622,1.4810114,1.5016056,1.47255,1.7233835,1.7233835,3.0972488,3.1607153,3.8679338,3.8886921,3.9448018,3.308264,3.653957,3.8055365,3.3745174,2.0707953,2.905152,2.6621003,1.8193777,1.7914132,1.8083421,2.5465658,1.9822546,1.7208142,1.7734805,2.6253018,2.2527912,1.974638,1.6958703,3.021738,1.7360744,1.4909959,1.8087204,1.9311432,1.3461128,1.374045,2.255585,1.4363086,1.7519848,2.6056094,1.6296762,1.5638748,2.7252715,3.6904166,4.137757,4.3142643,2.2430727,2.1885114,1.8619999,2.3580182,2.1742318,2.476425,1.6228482,1.5892587,3.754078,3.8929207,4.0665307,3.8573108,3.8539593,3.8059723,4.0027895,3.6256785,4.763625,4.431435,3.9278543,4.1583476,4.005159,3.998082,3.5756204,3.543836,2.625784,2.2710078,1.9797517,2.0666869,1.7311754,2.35575,3.02554,2.3435786,2.2137802,1.4507533,1.9453071,1.3354554,1.2359947,1.0539875,2.0786633,2.0775068,3.2398677,2.8638995,1.857023,2.4492598,1.8970872,1.8324565,2.1374571,1.890826,2.820766,2.820766,3.094982,2.252402,1.8175197,2.1288557,2.1680076,2.0627384
16,2.3733017,2.389261,2.1749756,2.147016,2.9816823,3.01545,3.076479,2.476806,1.9211637,2.588118,1.9631275,2.5421064,1.5864998,1.7090547,1.6273564,1.6325356,0.0,1.0223258,1.4901831,1.6871407,3.0626159,2.026497,2.4248104,2.4155984,2.0617638,2.252771,2.0477405,1.909848,1.8849117,1.911816,1.9880592,1.9880592,3.5474954,3.576652,4.1371884,4.1600237,3.360369,3.670677,4.038514,4.1760955,3.0179293,2.648792,2.643672,2.3658967,2.3756459,2.2887628,2.3580403,3.2947557,1.9545333,1.9517359,1.8635839,2.9026687,2.2832496,2.1245987,1.8061789,3.0105097,2.2668774,2.116072,2.5337322,2.605915,1.8894807,1.92263,2.4623802,2.0983531,2.4401474,3.1977232,2.4292214,2.2958913,3.7150142,4.374663,4.8168054,5.011672,2.7595186,2.7324307,2.4216216,3.0074801,2.7301989,3.086387,2.2405057,2.2526984,3.8697736,4.026889,4.4411764,3.9773562,3.957085,3.8907533,3.6817417,3.2257771,5.2455378,4.96773,4.355052,4.685472,3.8949883,3.8836873,3.4925964,3.462297,2.2827795,1.8643646,1.4893328,2.3835673,2.0887733,2.529834,3.8219461,1.9509048,2.6174326,2.077906,1.558147,1.8847045,1.7425183,1.8395306,2.4143205,2.3958712,2.7310772,3.143402,1.7951658,1.8532727,2.2010152,2.1316679,2.3576887,2.1918666,3.0672956,3.0672956,3.3627877,2.4720151,2.1813817,2.5262513,2.4709086,2.4221005
17,2.1121705,2.204443,1.8246055,1.9322867,2.8850749,2.8808765,2.903594,2.32891,1.5815622,2.383822,1.7018062,2.4008124,1.2970905,1.3900342,1.332451,1.3385524,1.0223258,0.0,1.1946133,1.4096636,2.7760942,1.6682665,1.9946492,1.9875087,1.8344096,2.026746,1.7933742,1.6192747,1.6606575,1.6728162,1.8129743,1.8129743,3.3919075,3.433445,3.9554126,3.9759824,3.660129,3.5179949,3.8971934,4.024516,2.9372053,2.5439703,3.3208308,3.0243623,2.2323582,2.1551511,2.2071526,2.7175102,2.0829482,1.7580993,1.9063115,2.8222325,2.1353388,1.9701219,1.6483371,2.9275367,2.1948564,2.0050786,2.3357909,2.437517,1.7811078,1.8111708,2.3871171,1.847318,2.1803374,3.0324807,2.1900022,2.0519655,3.5511177,4.2666655,4.629279,4.846939,2.5326786,2.480327,2.1553218,2.628879,2.5537372,2.928354,2.0431156,2.0454447,3.733827,3.866721,4.002887,3.8081124,3.7931604,3.7239606,3.5240204,3.1169658,5.3050704,5.0599947,4.3889356,4.749137,4.0913124,4.078007,3.6457312,3.6103652,2.1128886,1.7495619,1.287745,2.0576706,1.8431276,2.3920135,3.0787277,1.7909869,2.4925008,1.8028709,1.3415582,1.618172,1.4397407,1.6423666,2.2961488,2.281545,3.0038695,3.0723178,1.897546,2.1671813,1.9021583,1.8136657,2.0034308,1.872419,2.8186991,2.8186991,3.1124566,2.322499,1.8982861,2.2534668,2.2535508,2.1235573
18,1.6608235,1.737829,1.7106253,1.6021316,2.5400612,2.3906493,2.5201771,2.0558584,1.2077094,2.3558285,1.4067576,2.87047,0.7933327,0.9053923,0.8009943,0.8643325,1.4901831,1.1946133,0.0,0.7745479,2.926002,1.1984733,1.9801322,1.9992783,1.8305751,2.0798237,1.6452538,1.512028,1.3139585,1.3592662,1.5408096,1.5408096,3.3694453,3.4130356,3.9494083,3.9730797,4.0010643,3.4884837,3.8809223,4.020994,3.2457442,2.2705488,3.0157757,2.6792881,1.6437458,1.523882,1.5968128,2.330333,1.499846,1.255862,1.4887353,2.4899538,1.7380261,1.5222349,1.0591754,2.62403,1.6797215,1.5144403,2.1285882,2.2088618,1.3770111,1.433309,2.1841674,1.4815803,1.981705,2.8547246,1.826633,1.7567189,2.832825,3.613775,4.3251753,4.5528092,2.1646724,2.089964,1.7494138,2.3329623,2.3774161,2.6385922,1.7256523,1.6517084,3.5953188,3.7202334,3.9032676,3.6630275,3.5741966,3.4967752,3.6423862,3.2900667,4.8927364,4.4574094,3.776516,4.293309,3.79291,3.7803648,3.504122,3.4692836,2.2770095,1.9588325,1.6216593,1.898117,1.2330589,1.8439859,2.7351294,1.8405209,2.317587,1.4922792,1.6940149,1.1225165,0.8958087,1.1219525,1.7782239,1.7422175,3.0783997,2.7965755,1.612751,2.305915,2.0722466,1.9150026,2.142331,2.0317354,2.6366506,2.6366506,2.863484,2.1304421,1.5542701,1.9545063,2.1031392,2.0072093
19,1.7840805,1.9729134,1.6576817,1.8716946,2.6473787,2.4755807,2.617295,2.2323213,1.3277344,2.2071397,1.4971426,3.0214515,1.0230885,1.1517252,0.97409207,0.9811843,1.6871407,1.4096636,0.7745479,0.0,3.2867868,1.5216162,1.9376901,1.8507029,1.9930218,2.3094065,1.6570498,1.4606305,1.4922448,1.4748377,1.696838,1.696838,3.8818383,3.9274778,4.4171963,4.4400587,4.5211606,4.00266,4.3548713,4.4848514,3.2862067,2.2032425,3.02809,2.6745563,1.9607724,1.9015349,1.9071391,2.5802,1.403128,0.93650305,1.1859041,2.3863943,1.7362674,1.4530308,1.0543337,2.7001407,1.9573056,1.7277614,2.6016662,2.6380122,1.6466818,1.6699452,2.1320572,1.6829867,2.1523943,2.9461765,1.9694904,1.9562211,2.7367396,3.5626721,4.00385,4.28433,2.306386,2.2411397,1.9278547,2.4504511,2.5671105,2.8101888,1.9518701,1.8686945,3.683797,3.8159988,4.00302,3.7655795,3.7180686,3.675159,3.8657851,3.516358,4.8596253,4.5790124,3.8636997,4.5079474,4.0087986,3.9970205,3.5820272,3.5454447,2.6779475,2.3958647,2.02771,1.9574822,1.0343494,1.8413749,2.6737785,1.8735632,2.6055815,1.8434321,2.07302,1.5107571,1.333402,1.5765387,2.0436776,2.0218294,3.3550968,3.0549462,1.8210665,2.5389378,2.0885615,1.9530321,2.1562638,2.063722,2.729995,2.729995,3.0338464,2.3470354,1.8493947,2.1770325,2.2556026,2.094031
20,2.679493,2.8299024,2.8520405,2.9468682,3.6010752,3.788297,3.4520013,3.0802228,2.5930102,3.3243918,2.6360128,3.9762177,2.39553,2.4523733,2.4162166,2.4373853,3.0626159,2.7760942,2.926002,3.2867868,0.0,2.6285198,2.9454648,2.9211571,2.293096,2.0830672,3.043417,2.8832285,2.9432912,2.8890939,3.1001637,3.1001637,1.7510146,1.9059194,2.836239,2.850984,3.1845615,2.2358124,2.7348812,2.8958385,4.3320527,3.462181,4.1163726,3.9064796,3.481905,3.4755452,3.5346134,3.7659242,4.1448126,3.9519742,3.9448638,4.5380363,4.0895867,3.9536664,3.8426518,4.5227814,3.4281526,3.2930055,1.9166087,2.1256115,3.1073105,3.1413274,3.7164764,3.0452676,2.8988502,3.6624815,3.059718,3.0188212,4.1627707,4.818972,5.278427,5.38549,3.5957189,3.520964,3.388171,3.7233167,3.4336793,3.6541364,3.1808481,3.1988268,4.434501,4.5781155,4.6160703,4.5361943,4.622151,4.578526,4.7247705,4.414151,5.3825965,5.037211,4.611855,4.039199,4.753074,4.7475553,4.380079,4.350143,3.6536398,3.41222,3.2653267,3.3003697,3.908873,4.3316445,4.454582,4.163036,2.8344727,2.6784453,3.2232509,2.9342823,2.776335,2.6216295,3.6364672,3.6594095,4.282862,3.968152,3.2144067,3.5245397,2.8108146,2.7741911,2.955208,2.7893538,4.0719023,4.0719023,4.2109632,3.6678221,3.2759075,3.50883,3.5085945,3.4654934
21,1.6002679,1.3334634,1.8676387,1.479803,2.481437,2.402518,2.3491802,2.1880498,1.7087959,2.284553,1.7237146,3.1523585,1.3484777,1.5199816,1.160656,1.3129108,2.026497,1.6682665,1.1984733,1.5216162,2.6285198,0.0,1.6960584,1.7824657,1.5151833,1.7665305,1.5569738,1.3123661,1.4467716,1.3454782,1.5640682,1.5640682,3.1427846,3.206112,3.8014002,3.8210511,4.074567,3.3267448,3.778808,3.895074,3.2567937,1.9745805,3.0911248,2.7316236,1.962882,1.8731256,1.9062184,2.4513764,1.847831,1.7780797,2.2630112,2.8832831,2.2475,2.15539,1.7274128,2.9643512,1.9710963,2.0691037,2.1641338,2.3859298,1.9071608,2.0072954,2.5269673,2.0413384,2.1693614,3.0697608,1.9214076,2.0991828,3.0470273,3.8011546,4.337391,4.569396,2.734666,2.6529686,2.2662363,2.7277462,2.6674511,2.8602612,2.188005,2.1447778,3.876149,3.9742963,4.0356994,3.932142,3.6859245,3.6510613,3.9423296,3.5532074,5.096031,4.7160554,3.8504853,4.3562613,4.3847013,4.3695164,4.02533,3.9909608,2.2065377,1.8397697,1.705714,1.6637216,1.6122335,2.1408024,2.6923513,2.1015787,2.0074182,1.1760782,1.8164403,1.3117788,1.0310693,1.4280828,2.2249982,2.2048159,3.2625923,2.8075023,2.1571436,2.9793897,2.4310296,2.4072895,2.4515836,2.430549,2.5682468,2.5682468,2.821397,2.558819,1.5656602,1.8653401,2.3217213,2.1231313
22,1.9332131,1.8706044,1.5565382,2.0846,3.0604243,2.9510803,2.8733406,2.6892328,2.104654,1.4567314,1.963204,3.4022589,1.9373976,2.044365,1.8746483,1.8879116,2.4248104,1.9946492,1.9801322,1.9376901,2.9454648,1.6960584,0.0,0.90690434,1.1341132,1.2714057,1.0981389,0.8763113,1.0820988,0.92382586,1.5646112,1.5646112,3.5828946,3.6599464,3.7884152,3.78772,4.3511133,3.578813,4.1975975,4.283695,3.4228513,2.8232896,3.7880757,3.3855097,2.7793891,2.7246726,2.7469382,2.9660838,2.5357444,2.2260828,2.6487274,3.3716736,2.163793,2.0116677,2.3134758,3.348313,2.5808072,2.6992304,2.7036312,2.8592472,2.513314,2.579278,2.0476148,2.4845772,2.0547757,3.2052915,2.2437868,2.2645314,3.2944884,3.6811585,3.7066536,4.0671687,2.6339939,2.592109,2.278733,2.601207,2.9466255,3.0590894,2.4949183,2.442482,3.484612,3.5278723,3.6031306,3.5046222,3.3963645,3.3577523,3.6735966,3.3092384,4.22184,4.4244285,3.478081,4.0387197,4.4209695,4.4077177,3.6013265,3.5684173,2.4062543,2.4002585,2.2059429,2.0667634,2.0422306,2.3388445,2.654408,2.490562,2.5327873,1.7745601,2.2627363,1.7046602,1.6605729,2.0536206,2.6040628,2.6167715,3.6961184,3.2818217,2.0910077,2.9536414,2.1753438,2.1364245,2.1855247,2.1645873,2.1569326,2.1569326,2.7080717,2.7940657,1.7968783,1.8723327,2.347232,1.6659359
23,1.9606044,1.9854565,1.3587108,2.1801825,2.8444495,2.772148,2.688721,2.4890814,2.0470011,1.3688698,1.9196112,3.5199568,1.8223733,1.9698925,1.8024762,1.7362391,2.4155984,1.9875087,1.9992783,1.8507029,2.9211571,1.7824657,0.90690434,0.0,1.3145714,1.6011744,1.4123515,1.0526243,1.4777619,1.3631489,1.7350107,1.7350107,3.5802486,3.6543045,4.226637,4.233897,4.4768453,3.7525334,4.140294,4.2573895,3.8373172,2.7862594,3.7467728,3.4194205,2.6521587,2.6466289,2.6293442,3.0134566,2.5339677,2.2010732,2.446594,3.063517,2.3988314,2.2368147,2.2893817,3.43987,2.583176,2.5930192,2.6513543,2.850203,2.4361498,2.4620748,2.0119412,2.4057736,2.2539752,3.1082764,2.4489625,2.3905334,3.35237,4.059033,3.5886652,3.827536,3.0355902,3.0163462,2.5923054,2.964406,2.9635205,3.1294165,2.6024508,2.5446792,4.0308013,4.1085715,4.1889267,4.091585,4.06347,4.021131,4.3025985,3.904551,4.6854367,4.934062,4.0682054,4.5606976,4.943504,4.933416,4.1485224,4.1167536,2.8696065,2.5648458,2.3550406,2.0674572,2.0559263,2.6769567,2.9981515,2.6812437,2.4991615,1.7519808,2.2907324,1.6607308,1.7410095,2.1064951,2.7992723,2.8175786,3.6857095,3.215232,2.3186872,3.1869648,2.0596104,2.1167939,2.1473205,2.0834823,2.3816216,2.3816216,2.9623454,2.8118486,1.9826343,2.0025635,2.3635445,1.7335428
24,1.6280037,1.6170597,1.4818983,1.7955494,2.945168,2.9396687,2.7758636,2.5106635,1.852441,1.5492623,1.6789569,3.165224,1.6744049,1.7749255,1.5792174,1.6578246,2.0617638,1.8344096,1.8305751,1.9930218,2.293096,1.5151833,1.1341132,1.3145714,0.0,0.55182695,1.0379219,0.8263843,1.1560829,1.0684283,1.334566,1.334566,2.9567404,3.0329165,3.451897,3.4817958,3.641147,3.0498466,3.494485,3.5786226,3.63709,2.7446237,3.3693686,2.9087892,2.7464318,2.635967,2.7532654,3.0973976,2.6125352,2.4284427,2.75066,3.6006749,2.3946533,2.3433766,2.3699505,3.260129,2.472142,2.5918572,2.2528853,2.336197,2.3715513,2.4499269,2.2380846,2.3741486,2.0121834,2.8764582,2.258785,2.2746058,3.4773436,3.8123062,4.0475883,4.3628793,2.7168438,2.6615524,2.4149082,2.8115795,2.7232718,2.8497944,2.4968717,2.4589744,3.8001063,3.9092932,4.0987725,3.8644395,3.7520075,3.6844397,3.9411495,3.6866655,4.4664025,4.5188394,3.7151835,3.9656425,4.4512634,4.4377437,3.795708,3.7590594,2.5968812,2.2948232,2.0849373,2.1185176,2.318154,2.8165798,3.337302,2.660696,2.3453977,1.7316567,2.2027721,1.6853391,1.4595952,1.8535455,2.5333424,2.5450811,3.2176037,2.9429247,1.9265211,2.6134775,2.2576165,2.1190276,2.209228,2.2080753,2.604529,2.604529,2.9209914,2.9371192,2.062591,2.2512715,2.5379379,2.0509768
25,1.8808515,1.7756559,1.7325784,2.0760677,3.1090496,3.1353664,2.9436693,2.6590047,2.0430708,1.7864981,1.9653152,3.3885448,1.883927,1.9502349,1.8068224,1.8933467,2.252771,2.026746,2.0798237,2.3094065,2.0830672,1.7665305,1.2714057,1.6011744,0.55182695,0.0,1.4193575,1.2381793,1.3451078,1.260151,1.7362978,1.7362978,2.6877244,2.8163898,3.0519633,3.0757425,3.4031928,2.724754,3.3176906,3.4480004,3.6106298,2.9870389,3.5610492,3.1152396,2.8819215,2.8388054,2.903978,3.212308,2.971796,2.799542,3.0710356,3.8330798,2.6701436,2.5377154,2.7116446,3.5995975,2.669397,2.78999,2.1992285,2.2917054,2.5708013,2.6453147,2.2943032,2.459936,2.0812714,3.0741782,2.4040246,2.4081495,3.5672226,3.8848193,4.1958795,4.4859467,2.6973534,2.6379695,2.4762375,2.8322861,2.8740401,2.992066,2.6310186,2.6003788,3.5903375,3.698326,3.890582,3.6509497,3.558099,3.4942548,3.7554224,3.488513,4.3252473,4.3712764,3.5210776,3.6449785,4.2728662,4.25885,3.6016915,3.5650134,2.6133618,2.477428,2.3043606,2.327937,2.6404445,3.0145698,3.4813795,2.981652,2.4343972,1.9450147,2.423353,1.9479907,1.7219832,2.0449007,2.6723328,2.6856682,3.4196296,3.1519468,2.06598,2.7430565,2.3400142,2.1862423,2.2804198,2.2881985,2.779997,2.779997,3.0725777,3.0490036,2.269888,2.394318,2.6626487,2.224779
26,1.4378773,1.7967681,1.5204277,1.5034865,2.82505,2.7110271,2.658656,2.4319155,1.8990027,1.5873243,1.4123836,2.6626534,1.7562327,1.8796922,1.6874226,1.7263622,2.0477405,1.7933742,1.6452538,1.6570498,3.043417,1.5569738,1.0981389,1.4123515,1.0379219,1.4193575,0.0,0.7239237,0.9325212,0.9059971,0.6665075,0.6665075,3.704207,3.6482484,3.931556,3.951992,4.143689,3.618051,4.162313,4.1075244,3.3442416,2.540949,3.289501,2.8372765,2.7592704,2.4063334,2.732205,3.0507245,2.0871005,1.8525392,2.376045,3.3054638,1.5676222,1.8343191,1.8903416,2.4569025,2.2947876,2.4246142,2.648707,2.7025175,2.2341137,2.3134663,2.3519042,2.5587971,1.9865465,2.910168,2.038863,2.0789702,3.308998,3.5506735,3.7638571,4.1435256,2.5866854,2.5157871,2.1553319,2.5797665,2.7716868,2.8503637,2.3012772,2.2514687,3.680172,3.7540858,3.9385283,3.709927,3.5517147,3.4844146,3.7218182,3.48526,4.4398127,4.4945865,3.6634932,4.1840134,4.3100142,4.295926,3.664668,3.6282308,2.3520696,2.190588,1.8819556,1.8531976,1.8662314,2.208368,2.876917,2.1309052,2.5098693,1.7386371,2.018016,1.5182452,1.3273667,1.7853948,2.283179,2.2885075,3.2387934,2.976655,1.7806662,2.3306365,2.263502,2.1303186,2.2135823,2.2163026,2.22632,2.22632,2.6364353,2.7863672,1.6512938,2.0915916,2.3854008,1.7582877
27,1.6498486,1.57105,1.3580269,1.721431,2.8849034,2.7543774,2.7001698,2.4522116,1.7078705,1.3587185,1.5896462,3.092219,1.5381202,1.6497107,1.4199351,1.4810114,1.909848,1.6192747,1.512028,1.4606305,2.8832285,1.3123661,0.8763113,1.0526243,0.8263843,1.2381793,0.7239237,0.0,0.9514173,0.8070013,1.1487738,1.1487738,3.5408611,3.6217391,3.9838998,4.0068636,4.169959,3.6275702,4.042152,4.138006,3.3951774,2.4697301,3.268722,2.8206978,2.5102944,2.4242132,2.4792001,2.8377616,2.0263624,1.7889253,2.246436,3.1539853,1.9293383,1.8068535,1.8400923,3.0016654,2.246236,2.365664,2.5511892,2.622691,2.1727004,2.2507672,1.9676738,2.1678038,1.9844136,2.8774762,2.0466235,2.124635,3.2335923,3.6588311,3.7426348,4.10746,2.5338826,2.4833152,2.175256,2.6118596,2.6520495,2.7441697,2.3218944,2.2642105,3.7589767,3.8361514,4.005399,3.7963169,3.6423326,3.5768163,3.82967,3.5656579,4.543217,4.6020713,3.7367349,4.26437,4.436948,4.422971,3.750221,3.713981,2.4355454,2.1450393,1.8980038,1.8036971,1.6723896,2.2550404,2.87314,2.1110737,2.468726,1.6635255,2.0240057,1.5033295,1.3363256,1.7784723,2.3576477,2.362852,3.2173202,2.9274185,1.8737293,2.6200044,2.228948,2.1261373,2.2052715,2.1917434,2.2617743,2.2617743,2.640486,2.7637382,1.8124152,1.9325697,2.4163568,1.8384572
28,1.6534169,1.7051994,1.5700887,1.703017,2.764438,2.7502804,2.7890813,2.4270737,1.8064221,1.7395595,1.6277652,3.0306616,1.4705929,1.6205397,1.4525894,1.5016056,1.8849117,1.6606575,1.3139585,1.4922448,2.9432912,1.4467716,1.0820988,1.4777619,1.1560829,1.3451078,0.9325212,0.9514173,0.0,0.27601677,1.0474392,1.0474392,3.3306315,3.35413,3.487625,3.5050468,3.8704576,3.2585359,3.8395882,3.9101503,3.3747036,2.7411532,3.344612,2.8879795,2.2958422,2.1192248,2.267673,2.8245926,1.9821804,1.7854947,2.1916857,3.150937,1.5988301,1.5211967,1.6919463,2.7669108,2.0854902,2.1874044,2.38251,2.533735,2.0060704,2.094563,1.9695891,2.1395917,1.7295996,2.8062534,1.9335889,1.8468242,2.9733937,3.2285974,3.9041884,4.2667246,2.1855326,2.139637,1.8234525,2.2130728,2.5151315,2.6909292,1.9446375,1.8890983,3.3424816,3.440486,3.6781898,3.396134,3.2582839,3.2221968,3.4807022,3.0294235,4.1320424,4.05178,3.1610162,3.7431746,3.7817464,3.7685077,3.1865048,3.1543088,2.0682461,1.9845121,1.7202759,1.8746877,1.6044586,1.8915465,2.7264082,2.071161,2.205559,1.5136598,1.8829733,1.1910448,0.98602515,1.4690268,1.9104869,1.8959842,3.0931995,2.7922351,1.2945775,2.256237,2.1495957,1.9851229,2.1592534,2.1228878,2.2043865,2.2043865,2.7240071,2.3066075,1.3179139,1.7095919,1.8736212,1.3792256
29,1.6103233,1.5922382,1.5069925,1.6863215,2.7968924,2.746107,2.7517614,2.4483569,1.7750387,1.6993086,1.6324981,3.1089988,1.4634477,1.6083919,1.4182565,1.47255,1.911816,1.6728162,1.3592662,1.4748377,2.8890939,1.3454782,0.92382586,1.3631489,1.0684283,1.260151,0.9059971,0.8070013,0.27601677,0.0,1.1232936,1.1232936,3.3323452,3.3761458,3.497673,3.5137377,3.9305515,3.279081,3.8666115,3.9497097,3.3106225,2.6407447,3.3065462,2.8470905,2.333982,2.2077942,2.2997997,2.8128927,1.993505,1.8056076,2.210819,3.1643717,1.7464615,1.6209445,1.7753314,2.8986707,2.1108398,2.2080007,2.3747373,2.5333142,2.0234215,2.116728,1.9400605,2.1280751,1.784472,2.8541548,1.9326469,1.9078423,3.0002384,3.2895236,3.8489957,4.2217026,2.2270377,2.183471,1.9163141,2.2811482,2.5675502,2.7339933,2.03279,1.985671,3.3327987,3.428581,3.6535366,3.3897982,3.237717,3.2050238,3.4993947,3.0592856,4.174809,4.102957,3.1542265,3.7534652,3.8541377,3.8408878,3.2294145,3.1972606,2.1041944,2.0299146,1.7840126,1.7892935,1.6024401,1.919312,2.7033927,2.0950868,2.2211578,1.480553,1.9337274,1.2708602,1.0664244,1.5412508,1.9757483,1.9674047,3.1564293,2.8342693,1.4022009,2.3905401,2.139845,2.0028737,2.144383,2.1158974,2.239539,2.239539,2.7340722,2.3820395,1.3880279,1.7129499,1.9199135,1.4330965
30,1.4084859,1.9470623,1.7281342,1.3645219,2.7733939,2.7225034,2.7182803,2.455695,1.9631104,2.0097911,1.3554233,2.4549315,1.7166042,1.8841687,1.7132391,1.7233835,1.9880592,1.8129743,1.5408096,1.696838,3.1001637,1.5640682,1.5646112,1.7350107,1.334566,1.7362978,0.6665075,1.1487738,1.0474392,1.1232936,0.0,0.0,3.6838725,3.562784,3.9488058,3.9757106,4.0461164,3.5941043,4.0633717,3.9511893,3.5881045,2.637128,3.2485793,2.819359,2.7198668,2.2309802,2.6812854,3.1188142,1.9586031,1.7967343,2.2563462,3.3125381,1.504348,1.9656823,1.7517166,2.0820785,2.1897802,2.279684,2.5546677,2.6607287,2.08293,2.1755955,2.6180925,2.629522,2.0862098,2.8085427,2.0862045,2.044504,3.3878973,3.5480568,4.082079,4.4421206,2.7268078,2.6660125,2.2638242,2.669558,2.6926746,2.7863574,2.1853888,2.1581037,3.9268494,4.002411,4.214741,3.9618943,3.8134017,3.7494276,3.940264,3.6431801,4.6360154,4.539722,3.8270562,4.3257055,4.3031263,4.29166,3.805751,3.7744002,2.323091,2.0129557,1.6801916,1.9415951,1.878025,2.2138731,3.0029233,1.9963446,2.3543692,1.586042,1.7976007,1.2827922,1.1571666,1.5844811,2.0956447,2.0972745,2.9770575,2.755423,1.5711848,2.0841897,2.2912161,2.1775541,2.3012865,2.2574687,2.2377756,2.2377756,2.6688035,2.6876915,1.3904701,2.0339613,2.2272515,1.6756164
