,0,1,2,3,4,5,6,7,8,9,10,11,12,13,14,15,16,17,18,19,20,21,22,23,24,25,26,27,28,29,30,31,32,33,34,35,36,37,38,39,40,41,42,43,44,45,46,47,48,49,50,51,52,53,54,55,56,57,58,59,60,61,62,63,64,65,66,67,68,69,70,71,72,73,74,75,76,77,78,79,80,81,82,83,84,85,86,87,88,89,90,91,92,93,94,95,96,97,98,99,100,101,102,103,104,105,106,107,108,109,110,111,112,113,114,115,116,117,118,119,120,121,122,123,124,125,126,127
0,0.0,0.27427563,2.6638117,2.2904167,1.29239,1.6694342,2.127859,2.714246,3.16488,3.210161,3.368278,3.4897099,2.9407377,2.80116,2.1534355,2.1507058,4.2716713,4.4163475,4.0552354,3.8834627,3.5676699,3.259424,3.408409,3.4849281,4.3045926,4.235233,4.585051,4.622435,3.2645643,3.5401201,3.7505562,3.7216709,4.4185367,4.2781763,3.064662,3.111135,2.8977482,2.9448414,2.993758,2.7722335,4.3794093,4.539252,4.344778,4.23275,4.5512633,4.0992203,4.0199122,3.5664053,4.325401,4.544638,4.2092314,3.0195465,4.3810477,4.1900883,5.3565545,5.489924,3.4102247,3.3974488,3.01433,2.7561455,2.8504379,2.9544399,3.5913253,2.9381297,4.5788865,4.4978514,4.1687255,4.192037,4.217735,4.320104,3.6894732,4.198753,4.227488,4.287163,4.1185904,4.5934014,4.294418,3.617352,4.0873904,4.258831,3.3631527,3.3152826,3.2363005,3.486695,3.0663626,3.2584639,3.2391942,3.374538,3.7289195,3.699169,3.2265801,3.8865218,3.6024885,3.5672388,4.3958063,4.1766863,3.2151234,3.3050404,3.0461717,3.038445,4.0110087,3.9856403,2.8467193,2.871709,3.0754054,2.8427002,3.0423248,2.9037423,3.2215512,2.818169,3.0419352,3.4491386,3.0608208,3.0071363,2.8849287,2.9299352,2.9314134,3.5799727,2.9379697,3.371227,2.8805754,2.6821163,2.640365,3.0645616,3.4183133,3.4521523,3.3570955,3.9980092
1,0.27427563,0.0,2.6098852,2.3203416,1.4061459,1.6612786,2.2208102,2.7206662,3.1662214,3.2251403,3.3700526,3.4906645,2.8570423,2.7164834,2.1986082,2.1422265,4.261733,4.3947825,4.006353,3.8383615,3.5066364,3.220574,3.4185145,3.4492328,4.1751223,4.108649,4.4505744,4.503727,3.198894,3.4601762,3.6851459,3.646544,4.358796,4.21896,3.0831382,3.1082377,2.8737772,2.9058108,2.974769,2.8266313,4.367196,4.541431,4.342073,4.228686,4.556693,4.067964,4.0386753,3.5280178,4.2875166,4.510829,4.1500525,2.931476,4.3291116,4.1884356,5.3259497,5.464975,3.4105167,3.3967996,3.0489953,2.7486248,2.8728118,2.918256,3.5406551,2.9502327,4.579142,4.491517,4.208255,4.239767,4.260477,4.365552,3.6813028,4.2495337,4.237456,4.29809,4.124482,4.6223574,4.282575,3.6497102,4.1255774,4.3145227,3.3928227,3.3616874,3.2887664,3.5105731,3.1386595,3.370611,3.332135,3.4585829,3.7598555,3.7270567,3.292663,3.967978,3.6361299,3.599256,4.4137335,4.2402825,3.1744184,3.2650907,3.0353224,3.0338843,3.9984016,3.9735663,2.8416703,2.867711,3.0989347,2.7824426,2.9684849,2.8310854,3.1821158,2.7530084,2.9791837,3.350794,3.0798182,3.0409462,2.9180272,2.9636807,2.878934,3.5969713,2.9231765,3.3996706,2.840676,2.6450088,2.615812,3.029519,3.4642148,3.4949589,3.4201846,4.0404387
2,2.6638117,2.6098852,0.0,2.0702524,2.6339061,2.31892,2.3365545,2.3128977,3.0473337,2.975736,3.221576,3.3523982,2.4543672,2.338313,2.2381642,2.0260792,3.5118184,3.6315284,3.8853593,3.710487,2.5682225,1.9241341,3.343452,2.800218,3.8614085,3.79124,4.2427545,4.2725286,2.9914818,3.1264868,3.2151136,3.1904292,4.3651485,4.241679,2.6511757,2.6764238,2.3738003,2.4808471,2.6540763,2.8794525,4.297146,4.3585157,4.2718606,4.173082,4.62436,4.0773077,4.4100723,4.1073537,4.3791122,4.5970984,4.115148,2.5792103,5.4024982,5.264106,5.7933936,5.9659925,2.0379744,2.0338953,2.9284585,2.4120843,2.7517343,2.3952787,3.380502,2.684307,3.8244512,3.7404692,3.2402446,3.222692,3.268461,4.6555305,2.5411694,3.2667,3.235934,3.3357975,2.735847,3.734947,3.2185183,2.4881146,3.145772,3.360906,1.9057456,1.8037585,1.7402936,2.1643674,2.7916317,2.282428,2.2064655,2.3187165,2.6671212,2.6486037,1.9669551,2.7520225,2.0236053,2.3418968,2.528488,2.6067474,2.8841894,2.9763067,2.7428179,2.7547252,3.826803,3.8054056,2.5688174,2.587292,2.6588936,2.3009014,2.5692654,2.5251143,1.6964933,2.3008144,2.5645852,2.6506507,2.9020865,2.826613,2.7498982,2.7514637,2.4914758,3.5818105,2.767959,3.1287956,2.5558693,2.4521685,2.2618034,2.6238067,3.2759755,3.3376074,3.678044,4.1568913
3,2.2904167,2.3203416,2.0702524,0.0,1.7666035,1.1881702,1.598739,1.6998483,2.8463125,2.8532512,2.968922,3.0890834,2.397388,2.2682302,2.12032,1.8558456,3.540573,3.7095208,3.8217938,3.6303399,3.4622216,3.0118396,2.7247403,3.012856,3.851501,3.7980106,4.3458066,4.291236,2.9396832,3.094971,3.0768836,3.2038155,4.6219425,4.472146,2.0102315,2.1419,1.8889266,2.0064206,2.1699796,2.3649359,4.056822,4.153104,4.051977,3.9581637,4.433545,4.002097,3.8945482,3.967413,4.194631,4.449251,3.9224663,2.5067456,5.0157223,4.715208,5.092435,5.510453,2.9270902,2.939924,2.4286869,2.0792644,2.427441,2.0341914,3.2256885,2.4426086,4.2344084,4.173414,3.8306074,3.9238875,3.8408744,3.9977307,3.3067126,3.759311,4.031759,4.1128225,3.34661,4.287573,3.8412006,3.343466,3.7415507,3.9133234,2.6049385,2.3211703,2.5108294,2.738885,3.1114237,2.6521876,2.5301273,2.6360257,3.0470889,3.037201,2.466488,3.1885688,2.6189513,2.9197085,3.1676786,3.0938075,2.7960625,2.9040704,2.6269424,2.6207416,3.6346414,3.612349,2.358127,2.3782842,1.652764,2.341536,2.6184452,2.4757438,2.8634794,2.140363,2.596124,2.7216215,2.665057,2.5813203,2.4850304,2.485136,2.38789,3.3199153,2.437171,2.9776402,2.4049168,2.2705653,2.0702782,2.5643997,2.8783166,2.9355373,2.9813614,3.6845891
4,1.29239,1.4061459,2.6339061,1.7666035,0.0,1.3962091,1.3640586,2.405712,3.0572498,3.0614555,3.2421958,3.3694565,2.8382204,2.7128987,1.9511834,1.9995126,3.9582186,4.10561,3.8822417,3.7191808,3.6689131,3.1737652,3.1500306,3.4588413,4.1334324,4.068643,4.301794,4.356457,3.0963976,3.3206463,3.3469708,3.411312,4.3593287,4.2277284,2.7970924,2.7227426,2.583745,2.6288607,2.818501,2.4899428,4.0981164,4.2352457,4.085566,4.014758,4.384815,3.9527571,3.7375267,3.5819108,4.1549225,4.386091,4.0356026,2.8993566,4.452462,4.1237493,5.053726,5.3978367,3.2310994,3.2198641,2.4204624,2.4758027,2.4594946,2.6045048,3.2886524,2.6492577,4.4645767,4.397153,3.9953465,4.081312,4.014775,4.1555114,3.544934,3.973605,4.232962,4.2989464,3.9694183,4.4921513,4.2102146,3.565117,3.9364684,4.0759087,2.8143108,2.8080363,2.7271333,2.9900565,2.6415026,2.6888356,2.7094002,2.860846,3.2950318,3.2703779,2.7336273,3.4588141,3.1639628,3.1537127,3.9129157,3.6307929,3.0778313,3.1633785,2.9166632,2.906783,3.9593034,3.9389563,2.763148,2.7883575,2.223235,2.636292,2.8125553,2.7313306,3.0926614,2.632721,2.8129625,3.3073812,2.8905332,2.8205898,2.7332883,2.7635043,2.6782486,3.4983218,2.8141026,3.2430003,2.6578734,2.5765707,2.4134529,2.8773448,3.318126,3.3611403,3.3907921,4.062862
5,1.6694342,1.6612786,2.31892,1.1881702,1.3962091,0.0,2.019301,2.0618482,3.2265117,3.2853122,3.3392699,3.4580905,2.6688836,2.5133748,2.4650533,2.1774354,4.0888834,4.2304854,3.9296029,3.7417002,3.3813972,3.1366048,2.8124526,3.065904,3.9695747,3.9105527,4.327045,4.3388743,3.1732988,3.2870002,3.3670735,3.4557984,4.464715,4.316191,2.526646,2.5832963,2.2984676,2.3847685,2.5088904,2.7392273,4.209392,4.3845057,4.216436,4.1223545,4.506716,4.061829,3.8070135,3.6947863,4.3764024,4.5893183,4.0473933,2.6576622,4.4843636,4.169873,5.0760565,5.466379,3.1950495,3.2000184,2.8395922,2.4814696,2.8435829,2.4466505,3.4879632,2.821119,4.3704934,4.3241568,4.0883613,4.1758995,4.107709,4.1796923,3.500855,4.026487,4.2990046,4.3650503,3.7721295,4.5213037,4.081006,3.6162574,4.0183682,4.1939774,2.894035,2.6257682,2.8328245,3.1074383,2.8571374,2.8760533,2.8015635,2.9212418,3.2670445,3.2411144,2.7509537,3.4414256,2.8953657,2.957711,3.7040436,3.6636508,3.180291,3.2659373,3.0495145,3.0463223,3.995066,3.9675953,2.8069856,2.8336918,2.1360722,2.6489308,2.8550591,2.710339,3.0656805,2.4692664,2.8576736,2.918533,2.9770522,2.9278378,2.8012092,2.8296485,2.7176065,3.538499,2.7644393,3.2803972,2.7208192,2.5510793,2.4831746,2.9071722,3.3881307,3.42483,3.2793076,3.9973502
6,2.127859,2.2208102,2.3365545,1.598739,1.3640586,2.019301,0.0,2.0338464,2.6252275,2.5406501,2.786968,2.93393,2.4128811,2.3033497,1.0890194,1.2119104,2.948328,3.116993,3.4608731,3.297099,3.5078392,2.8170807,2.8084712,3.2339401,3.8681552,3.7801008,4.024159,4.0066547,2.6741762,2.9228404,2.9423013,3.0150375,4.508833,4.4023647,2.3093302,2.2541673,2.0328429,2.1403801,2.3289616,1.8466619,3.7206693,3.7577684,3.6933434,3.6237657,4.137948,3.6510193,3.7092602,3.723023,3.823772,4.111958,3.7178297,2.4936347,5.090536,4.85484,4.891852,5.2467036,2.8772147,2.8592746,1.8170267,1.9347064,1.8224806,2.1331122,2.8370593,2.019598,4.2036037,4.176739,3.6695006,3.7500703,3.7117753,3.8452084,3.2555888,3.6724508,3.9700124,4.0617056,3.672739,4.243318,4.00432,3.172193,3.5363283,3.7241302,2.6044345,2.656596,2.491804,2.834378,3.0214024,2.461551,2.409971,2.5490696,3.0603087,3.0730634,2.5721111,3.3210785,2.9656546,3.086379,3.3251886,2.9686158,2.4933555,2.5818233,2.292369,2.2623897,3.4983597,3.478657,2.1335216,2.1681054,1.6572952,1.9272078,2.1555285,2.1004298,2.5799067,2.0119152,2.1478977,2.8428035,2.3116777,2.2142923,2.1516178,2.1693952,1.9653583,3.1065714,2.2247431,2.7409658,1.9708525,1.9357872,1.6502116,2.272215,2.8347163,2.89133,3.248237,3.8331227
7,2.714246,2.7206662,2.3128977,1.6998483,2.405712,2.0618482,2.0338464,0.0,2.070725,2.0579643,2.1288595,2.2468345,2.5061893,2.3648262,2.2981875,1.9987485,3.3411598,3.4976313,3.7643158,3.5823758,3.6221,3.0659144,2.8906984,3.1802082,3.967892,3.8915105,4.2989907,4.1939306,3.1348903,3.19592,3.2472937,3.0636652,3.8631823,3.7533891,1.2292428,1.3737336,1.8333641,2.0589533,1.7343009,2.089172,3.9977584,4.058856,3.9915898,3.9049008,4.392322,3.9009273,3.8885689,3.9821155,4.352528,4.9451246,4.099511,2.578104,5.3413305,5.1445003,5.2335014,5.534532,3.1350121,3.13775,2.775343,2.348126,2.6979723,2.3423538,3.5185144,2.6468549,4.0052032,3.9833684,3.2647762,3.3933387,3.3587763,3.4137785,2.8415887,3.302283,3.6240232,3.7173944,2.9486265,3.7610888,3.509296,3.39619,3.1909957,3.4083867,2.9382875,2.7261372,2.8084838,3.235284,3.4952447,2.9719396,2.7599347,2.5865798,2.6332622,2.6405146,2.937817,3.4644864,2.9856374,3.1192172,3.5319889,3.080713,3.038291,3.113442,2.8085036,2.7986755,2.7940023,2.7654493,2.5192325,2.569941,2.3291242,2.4790516,2.7120452,2.6614408,3.0310597,2.4248936,2.738657,2.8289192,2.8021393,2.7276876,2.6488724,2.6566584,2.5719206,3.511376,3.0220077,3.159814,2.6387901,2.4540057,2.3608127,1.9879383,3.254197,3.426529,2.9308898,3.199467
8,3.16488,3.1662214,3.0473337,2.8463125,3.0572498,3.2265117,2.6252275,2.070725,0.0,0.500429,0.89584,0.99519426,3.026581,2.9503832,2.5578122,2.5079892,3.6495721,3.7613924,4.177114,4.0506835,4.242008,3.6204214,3.8690972,3.9727285,4.270205,4.2096434,4.613156,4.543795,3.332918,3.5435958,3.6028063,3.554445,3.3276663,3.2116892,1.779338,1.6022122,2.6584852,2.8252797,2.3335402,2.243037,4.264476,4.2925,4.2455883,4.154565,4.621838,4.1215,4.369788,4.2622385,4.3582363,5.2085433,4.3176746,3.1128755,5.664784,5.606474,5.4825377,5.6378126,3.3124025,3.2859702,2.6970117,2.434498,2.5188727,2.5657713,3.326525,2.5539966,4.144014,3.9953237,3.1754103,3.307642,3.292782,3.3554869,2.6290188,3.3305142,3.3294744,3.425268,2.92157,3.3059993,3.4387226,3.6926908,3.1130433,3.3244288,3.500659,3.5029724,3.3651063,3.7025363,4.121948,3.6485753,3.5697634,3.3030615,3.3038313,3.308329,3.563585,4.131777,3.8620915,3.9916892,4.552863,3.8581827,3.08536,3.1855533,2.8877976,2.887594,2.0764055,2.0426993,2.7503848,2.7841864,3.1164784,2.8506327,2.9991813,2.9233508,3.3997245,2.862534,3.027552,3.412448,3.0781767,3.004944,2.9739196,2.9828093,2.8478866,3.734308,2.981395,3.4205844,2.853023,2.828348,2.631064,2.988534,3.3447733,3.4257817,2.7668006,2.6499548
9,3.210161,3.2251403,2.975736,2.8532512,3.0614555,3.2853122,2.5406501,2.0579643,0.500429,0.0,0.98742396,1.0958456,2.9776788,2.89237,2.4457836,2.4795084,3.4092348,3.531466,4.0910797,3.9521625,4.146353,3.448773,3.740544,3.8427703,4.270962,4.223938,4.6462393,4.561062,3.3586514,3.543457,3.5868046,3.5305202,3.3037257,3.2133265,1.7405821,1.5608436,2.5090804,2.713679,2.17919,2.041675,4.0829706,4.0696435,4.032592,3.9492745,4.4427233,3.934931,4.204364,4.1302857,4.3306155,5.1730857,4.3350973,3.053186,5.761251,5.6962605,5.5660343,5.7193866,3.2030811,3.1776226,2.646429,2.39017,2.4585166,2.5400333,3.3646455,2.4432244,4.2170167,4.0724764,3.058852,3.1653788,3.1698005,3.47873,2.6243932,3.224626,3.210817,3.317036,2.7908237,3.241869,3.4445717,3.5628893,2.9688122,3.1829765,3.4216378,3.4030952,3.2453902,3.6252198,4.0903172,3.523959,3.4569635,3.1893387,3.2510884,3.2483935,3.4543912,3.9161274,3.7633872,3.9058814,4.463603,3.7296405,2.945784,3.0485456,2.662756,2.6618385,1.8811823,1.8595049,2.5516527,2.5845706,3.058571,2.742785,2.893294,2.8462138,3.2499635,2.7972496,2.9360735,3.3487165,2.853812,2.7701697,2.7554784,2.7596445,2.7621937,3.6455188,2.958628,3.350496,2.7797804,2.769738,2.5709827,2.9384773,3.1623976,3.2537,2.8526683,2.7455485
10,3.368278,3.3700526,3.221576,2.968922,3.2421958,3.3392699,2.786968,2.1288595,0.89584,0.98742396,0.0,0.22772631,2.864475,2.761278,2.7600758,2.599269,3.5182562,3.6541739,4.05318,3.9420438,4.3948317,3.6408176,3.7600367,3.999969,3.9853737,3.9001057,4.5940948,4.4983544,3.3511615,3.4394689,3.540058,3.482249,3.4835813,3.3969414,1.9060278,1.6568514,2.7228842,2.8852863,2.3936088,2.4212818,4.3414283,4.3806934,4.3532467,4.2767897,4.773965,4.231533,4.5071535,4.415009,4.425309,5.2907367,4.3155713,3.1254537,5.7389193,5.7897205,5.4831553,5.79766,3.4764717,3.4565272,2.9154346,2.6381705,2.7937655,2.7451122,3.2631254,2.5493722,4.0807505,3.96798,3.2488112,3.4431198,3.367399,3.3873641,2.761614,3.4017284,3.637433,3.7436645,3.0273442,3.3573008,3.5290956,3.8756459,3.2551668,3.4131217,3.5311177,3.568246,3.4590106,3.6876233,4.1305437,3.7222998,3.5894268,3.2988067,3.2121885,3.2349732,3.6547189,4.2469583,3.8185134,4.2045236,4.5139523,3.860501,2.8391082,2.9071517,2.6927695,2.6863904,1.729865,1.6902992,2.6177442,2.650795,3.1184573,2.9257615,3.0370834,2.9193165,3.5240977,3.0141382,3.1313725,3.4584377,3.1632314,3.1622713,3.1425073,3.1540995,2.8588536,3.8821347,3.0456986,3.7414465,2.9032001,2.9101446,2.6693041,2.9821424,3.1598961,3.258246,2.4562697,2.2772543
11,3.4897099,3.4906645,3.3523982,3.0890834,3.3694565,3.4580905,2.93393,2.2468345,0.99519426,1.0958456,0.22772631,0.0,3.0052032,2.9040914,2.9314623,2.7624068,3.5942748,3.7240832,4.095148,3.9893343,4.5147223,3.7252882,3.869822,4.1076603,4.0016723,3.9199595,4.6480603,4.5417957,3.3890128,3.4752212,3.5581503,3.5100327,3.450292,3.3624089,1.955363,1.7349324,2.8130298,2.9522154,2.465038,2.4958234,4.3690963,4.417359,4.3933997,4.318238,4.804173,4.260289,4.548415,4.447861,4.4322696,5.339608,4.330212,3.1956408,5.741822,5.804809,5.478349,5.801146,3.5889087,3.569216,3.056094,2.7856412,2.9370322,2.8911877,3.3148,2.6767092,4.0619063,3.9475446,3.2591872,3.4824028,3.3784463,3.424303,2.7674322,3.412114,3.6559577,3.761005,3.0154305,3.3350484,3.5138934,3.9704733,3.2827542,3.4294434,3.6098838,3.6625433,3.5629828,3.749105,4.192856,3.820973,3.675285,3.3674107,3.2457764,3.2659457,3.76129,4.379817,3.9177833,4.3282685,4.6267953,3.9637384,2.9049873,2.9671242,2.7948778,2.7873614,1.6258068,1.5838653,2.7088184,2.7386172,3.225484,3.050964,3.1603441,3.0443997,3.6307929,3.1337502,3.259808,3.570567,3.3148422,3.3153887,3.2997377,3.3082852,2.9669948,3.9742982,3.141554,3.838958,3.0043466,3.0137053,2.8115008,3.1222825,3.190725,3.2897835,2.3939233,2.1281998
12,2.9407377,2.8570423,2.4543672,2.397388,2.8382204,2.6688836,2.4128811,2.5061893,3.026581,2.9776788,2.864475,3.0052032,0.0,0.95029885,2.2254105,1.8912278,3.212243,3.3341596,4.049462,3.9024808,3.3664677,3.0094962,3.006428,3.1264496,2.9989324,2.9228106,3.551991,3.5141935,3.215366,3.2230847,3.469139,3.427456,4.7189794,4.6371813,2.8820403,2.5811405,2.5737436,2.7025218,2.6802914,2.9178834,4.3924127,4.4239645,4.365487,4.289946,5.1249723,4.243692,4.5484385,4.3873014,4.6288238,4.9466534,4.392802,2.5349095,5.965181,6.1652756,5.818121,6.4480343,3.2414706,3.2454047,2.9180293,2.4741054,2.7939703,2.4892223,3.051611,2.595618,4.9615912,4.8366656,4.430808,4.4998684,4.493158,4.698373,3.7507665,4.5128245,4.6572385,4.79042,4.028066,4.8326755,4.560197,3.866433,4.28306,4.6299324,3.2729924,3.2575033,3.2316136,3.3259046,4.0730395,3.692287,3.3859332,3.4238298,3.4956985,3.516096,3.2948596,3.739722,3.2055001,3.8927393,3.5770993,3.6826677,2.430103,2.5277038,2.2896154,2.3575957,3.3956244,3.3853958,2.3038654,2.3373196,2.7565017,2.3256824,2.3587728,2.2011702,2.8714733,2.3336701,2.6217053,2.9259093,2.4222517,2.6429932,2.6003277,2.6264703,2.3434808,4.1105614,2.6598167,4.1064353,2.5354455,2.5036862,2.039679,2.331417,3.2639618,3.3150969,3.685412,4.1420074
13,2.80116,2.7164834,2.338313,2.2682302,2.7128987,2.5133748,2.3033497,2.3648262,2.9503832,2.89237,2.761278,2.9040914,0.95029885,0.0,2.0408635,1.6457499,3.0317008,3.1730132,3.482641,3.341567,3.3136387,2.9135838,2.7838786,2.9683836,2.8066497,2.7180724,3.4954534,3.4506168,3.039339,2.9928656,3.271892,3.2004,4.6653976,4.586517,2.7271829,2.4423218,2.332719,2.4624598,2.463285,2.770907,4.2661963,4.3163857,4.250014,4.176431,4.625435,4.1191483,4.4472647,4.2530603,4.142163,4.4135847,3.8571236,2.5059073,5.4209013,5.758811,5.476539,6.0907125,3.125571,3.1269472,2.7569537,2.2728872,2.629561,2.2687986,3.1686537,2.348833,4.477642,4.3756313,4.002937,4.0856943,4.051846,4.2869334,3.6017976,4.086391,4.225978,4.3437543,3.7636685,4.4445367,4.077925,3.354741,3.8479614,4.1569586,3.2273886,3.210568,3.140946,3.256987,3.9485958,3.5917275,3.3359919,3.3766267,3.4940746,3.5023415,3.193846,3.763662,3.1530695,3.5758286,3.4767814,3.453162,2.2329137,2.3229556,2.0756476,2.074168,3.2945604,3.2915049,2.0233378,2.0805542,2.5501099,2.067052,2.0909233,1.8964399,2.737976,2.1173596,2.1677716,2.3724635,2.382811,2.6046882,2.5340202,2.5554755,2.1896338,3.3618171,2.5596337,3.980803,2.3312778,2.30793,1.8994075,2.224469,3.0660372,3.1239955,3.5114021,4.003349
14,2.1534355,2.1986082,2.2381642,2.12032,1.9511834,2.4650533,1.0890194,2.2981875,2.5578122,2.4457836,2.7600758,2.9314623,2.2254105,2.0408635,0.0,0.7659399,2.806342,2.9664595,3.4569035,3.3066192,3.2965548,2.8132994,2.898579,3.122814,3.9321132,3.8389838,4.097178,4.113894,2.7916732,3.0277746,3.2776568,3.251114,4.6321487,4.5400496,2.5456402,2.4382062,2.2590425,2.4346876,2.4121213,2.0157487,3.9595118,3.9559386,3.882456,3.7957065,4.2467732,3.8107934,4.077019,3.9376893,3.8867526,4.152103,3.8146904,2.6054783,5.376831,5.291845,5.246015,5.4311357,2.9557526,2.926789,2.103188,1.9998341,1.9334078,2.2623763,3.070621,2.0991535,4.2694454,4.243232,3.6541102,3.6228664,3.7255957,3.8519888,3.3511934,3.7393293,3.829355,3.9270294,3.765036,4.208989,4.0607057,2.9593322,3.5092998,3.771054,3.022635,3.089875,2.819225,3.2168355,3.5526364,2.945535,2.8989367,3.0068526,3.4612648,3.4840443,2.8887,3.506745,3.2430844,3.3086922,3.5365398,3.1941743,2.3802207,2.4864144,2.0655482,2.0366337,3.4457498,3.4333868,2.0385113,2.0838914,2.3448265,1.8047318,2.0041823,1.885967,2.533177,2.0027645,1.9470613,2.7049801,2.1811945,2.1047997,2.0201194,2.0641763,1.9869268,2.9542167,2.20636,2.7735918,2.0211506,1.982375,1.5454675,2.2722964,2.9700232,2.997347,3.3995438,3.9406748
15,2.1507058,2.1422265,2.0260792,1.8558456,1.9995126,2.1774354,1.2119104,1.9987485,2.5079892,2.4795084,2.599269,2.7624068,1.8912278,1.6457499,0.7659399,0.0,2.6967509,2.8479242,3.208964,3.060161,3.199405,2.6814444,2.7157621,2.9802377,3.5160053,3.3917744,3.7626967,3.7635207,2.4933197,2.6850438,2.9464645,2.9261105,4.523134,4.4239964,2.3179705,2.2250628,1.966689,2.1219082,2.1817505,2.0527768,3.8618739,3.9117117,3.8394415,3.7435887,4.213737,3.720678,4.0485897,3.8683536,3.772653,4.053934,3.5288377,2.2337797,5.192777,5.18814,4.907295,5.190175,2.886811,2.8600345,2.1182506,1.8438853,1.9549317,2.0177588,2.8040519,1.9565537,4.018475,4.03179,3.63937,3.6732187,3.7211761,3.6396036,3.2080984,3.7092447,3.888589,3.989059,3.6770284,4.175622,3.8922603,2.9966702,3.5124457,3.7875447,2.945317,2.9991727,2.826763,3.1524243,3.5033197,2.9932458,2.8398538,2.9349515,3.3125417,3.342042,2.9178154,3.6605656,3.122283,3.28957,3.357035,3.1518085,2.1686811,2.259694,1.993618,1.9617938,3.3269444,3.3025875,1.879507,1.9333442,2.091539,1.5220072,1.7455292,1.5858896,2.415054,1.6925993,1.7152096,2.3305838,2.1965232,2.176797,2.0768683,2.117665,1.6486055,2.8839676,1.9600818,2.7808452,1.6868306,1.6119971,1.2612724,1.992092,2.8514771,2.886872,3.2132108,3.7406733
16,4.2716713,4.261733,3.5118184,3.540573,3.9582186,4.0888834,2.948328,3.3411598,3.6495721,3.4092348,3.5182562,3.5942748,3.212243,3.0317008,2.806342,2.6967509,0.0,0.33452785,2.4726808,2.3507257,3.8109927,2.7985303,2.7596169,3.2328079,3.2733698,3.2214289,3.7182357,3.6041234,2.5311804,2.4397514,2.580105,2.6002915,5.3068776,5.313762,3.3678417,3.4003677,2.252111,2.2333844,2.4592347,2.4336898,2.7836251,2.7380867,2.82199,2.8075843,3.6134496,2.8130355,3.6250262,3.6760612,3.4276657,3.8336928,3.2724383,2.2004488,5.9557137,6.0113597,4.5076,4.861885,3.592622,3.5701365,2.9742455,2.8244565,2.8703516,2.9189782,2.8122282,2.4719763,4.7103095,4.7649164,4.526205,4.6856246,4.6036396,4.9457273,4.1533566,4.6175323,4.650809,4.7662325,4.317114,4.887383,4.756484,4.1451306,4.278368,4.527449,4.025497,4.2030745,4.122678,4.181078,4.7992086,4.1834397,4.007457,4.038535,4.078299,4.081619,4.205301,4.8466487,4.268086,4.53483,3.9506156,3.853721,2.023264,2.0306299,2.1211095,2.0829437,3.3002732,3.3038704,1.9859188,2.0073001,2.7859704,1.9743698,2.0990357,2.088673,2.8976364,2.3775203,2.2519488,2.6607182,3.0342255,3.012266,3.0166516,3.0167105,2.066678,3.5271962,2.9660683,3.2102602,2.2578516,2.3332877,2.6684134,2.9257517,2.9255316,3.0098026,4.177501,4.476142
17,4.4163475,4.3947825,3.6315284,3.7095208,4.10561,4.2304854,3.116993,3.4976313,3.7613924,3.531466,3.6541739,3.7240832,3.3341596,3.1730132,2.9664595,2.8479242,0.33452785,0.0,2.47946,2.3740952,3.8176036,2.849762,2.8585122,3.2830873,3.2332335,3.1909654,3.5728414,3.4722946,2.5324001,2.4334319,2.579563,2.6261387,5.3224297,5.333841,3.4958746,3.5087059,2.3682594,2.321926,2.5486856,2.540704,2.7210898,2.6886704,2.778914,2.7726498,3.6035874,2.7471862,3.6197553,3.6538796,3.3899252,3.8294756,3.2316236,2.2080235,5.9857745,6.059177,4.4416847,4.80263,3.6893651,3.662693,3.0867586,2.9476426,2.9890354,3.0341258,2.8280876,2.6291697,4.7509975,4.8053856,4.6197853,4.7900763,4.700588,5.0644507,4.1974406,4.7162957,4.7148023,4.8306127,4.4118166,4.9579105,4.8292546,4.2546377,4.362397,4.640773,4.1396317,4.3413625,4.2636952,4.3109164,4.9201303,4.3367543,4.1511054,4.172144,4.172106,4.1729646,4.3420954,5.009943,4.401602,4.6323137,4.080402,3.9977071,2.175508,2.1811044,2.3266153,2.2975633,3.3828938,3.3871002,2.1962118,2.2171109,2.9029367,2.0613463,2.1511812,2.1534622,2.9434009,2.4473994,2.3128932,2.7104526,3.1906157,3.1746397,3.1788216,3.1808586,2.1571898,3.6459718,3.0543907,3.3123527,2.3495145,2.43974,2.816982,3.0980818,3.1446586,3.211174,4.336916,4.611095
18,4.0552354,4.006353,3.8853593,3.8217938,3.8822417,3.9296029,3.4608731,3.7643158,4.177114,4.0910797,4.05318,4.095148,4.049462,3.482641,3.4569035,3.208964,2.4726808,2.47946,0.0,0.29537725,4.1766787,3.2214382,3.202406,3.7104366,2.8561897,2.8066096,3.4236028,3.4060628,2.1304083,1.8559939,2.134998,2.1020105,5.431867,5.412508,3.818198,3.9253542,2.795943,2.4716809,3.0152974,3.133176,3.286162,3.5644708,3.5095127,3.490973,3.093874,3.1461158,3.8498647,3.4547505,1.8510606,2.2118082,1.4797416,2.574902,3.887725,4.277781,3.5693474,3.8759148,4.081888,4.058923,3.5676086,3.3999758,3.4905748,3.4210808,3.2394316,3.1070795,3.806487,3.8587162,4.480365,4.800164,4.529937,5.028357,4.2282033,4.5598426,4.502458,4.546549,4.5354257,4.8611765,4.211799,4.1072083,4.2481527,4.324117,4.2677383,4.6032686,4.5165563,4.36441,4.4550886,4.509249,4.4780006,4.5298886,4.347144,4.312158,4.5699286,5.6896157,4.7212653,4.4463844,4.488244,4.385556,2.6030154,2.5446491,3.0602472,2.9347358,3.9731472,3.9822469,2.758171,2.8015559,3.0575192,2.390436,2.3982832,2.333283,3.2305045,2.6619265,2.2250953,2.2697144,4.1598654,4.1502757,4.0809436,4.0866766,2.6094847,2.8389692,3.404342,3.5077991,2.701692,2.7240543,3.2046824,3.4101663,3.6280596,3.6927881,4.2149253,4.618995
19,3.8834627,3.8383615,3.710487,3.6303399,3.7191808,3.7417002,3.297099,3.5823758,4.0506835,3.9521625,3.9420438,3.9893343,3.9024808,3.341567,3.3066192,3.060161,2.3507257,2.3740952,0.29537725,0.0,4.0057635,3.043591,3.009104,3.517387,2.8463256,2.8017666,3.4177537,3.3715043,2.0691154,1.8360316,2.0826359,2.0513122,5.3103313,5.288806,3.6435275,3.7781672,2.561157,2.2432091,2.796947,2.9261696,3.0955415,3.3661363,3.3033185,3.2772253,2.9197817,2.9456158,3.6302829,3.2500403,1.9116144,2.257145,1.5427741,2.384656,3.8865857,4.2350197,3.563833,3.8691921,3.894178,3.873426,3.4089243,3.20434,3.3156884,3.2317033,3.1571555,2.9214132,3.8202815,3.8644998,4.3817396,4.687442,4.429848,4.9363766,4.122169,4.452708,4.3847084,4.432844,4.3885183,4.7699895,4.1340065,3.969365,4.1259046,4.2156415,4.141469,4.430014,4.3645325,4.248691,4.3355803,4.348977,4.3082433,4.3681707,4.225383,4.185456,4.4123335,5.4913445,4.5691676,4.2892923,4.3676324,4.258015,2.4899113,2.4431162,2.9014132,2.775215,3.8512034,3.8583932,2.5499556,2.594824,2.9022667,2.2190704,2.261232,2.2007709,3.0613322,2.4731612,2.0879862,2.125145,3.9383454,3.924459,3.852289,3.8559573,2.4503253,2.698431,3.2575514,3.3595173,2.5313683,2.5237498,3.0600321,3.2578657,3.4335089,3.5070586,4.1114306,4.527363
20,3.5676699,3.5066364,2.5682225,3.4622216,3.6689131,3.3813972,3.5078392,3.6221,4.242008,4.146353,4.3948317,4.5147223,3.3664677,3.3136387,3.2965548,3.199405,3.8109927,3.8176036,4.1766787,4.0057635,0.0,1.9675744,2.6960325,1.4007379,4.0400662,4.0126987,3.9163504,3.9912274,3.4872108,3.6068852,4.013801,4.0452104,5.4416156,5.361568,4.010105,4.009618,3.2718227,3.348117,3.196738,3.3484588,4.0099688,4.070848,3.9573743,3.8929827,4.4852242,3.9189258,3.9022255,3.9042115,4.6581597,4.7727013,4.343398,2.9260404,5.718096,5.6631856,5.748814,6.0331783,2.2999792,2.2933328,3.4248385,2.937928,3.343361,3.1258657,3.8064017,3.3474164,4.542717,4.4311686,4.3458443,4.2963104,4.384721,5.76865,3.6139593,4.337978,4.02241,4.129028,3.9029086,4.33901,4.419146,3.2946007,4.0362473,4.5182877,3.2662911,3.136831,3.2606986,3.5867424,3.803247,3.4289174,3.2673836,3.4004722,3.3334134,3.2955294,2.8878524,3.6026554,2.9155412,2.829852,3.2225509,3.3312054,3.8383603,3.9448876,3.7597146,3.7872627,4.6958447,4.6774616,3.4211824,3.4442747,3.5710113,3.2672763,3.476831,3.2289062,2.4061673,3.231972,3.444992,3.5100105,3.736543,3.7569854,3.6306918,3.67036,3.599724,4.307656,3.839795,4.248807,3.6797817,3.4971569,3.8013957,3.8768249,4.399606,4.438568,4.5772796,5.2303543
21,3.259424,3.220574,1.9241341,3.0118396,3.1737652,3.1366048,2.8170807,3.0659144,3.6204214,3.448773,3.6408176,3.7252882,3.0094962,2.9135838,2.8132994,2.6814444,2.7985303,2.849762,3.2214382,3.043591,1.9675744,0.0,2.84246,2.1286592,3.3026304,3.2581344,3.6617959,3.673198,2.4823477,2.571407,2.6914437,2.7211037,4.609143,4.5532584,3.3340468,3.3908463,2.4111598,2.3535874,2.6250489,2.6535277,3.1806557,3.277901,3.2128098,3.1587763,3.849373,3.011,3.457212,3.1759732,3.8455873,4.108301,3.5953894,2.057935,5.2031975,5.1372395,5.135147,5.415132,1.818263,1.8037411,2.9560041,2.5855646,2.8296235,2.7146902,2.8414226,2.5643003,3.9052505,3.838382,3.6421685,3.756569,3.6755645,5.3632584,2.8670979,3.6650708,3.5254579,3.642784,3.1162026,3.8604803,3.670353,2.9912448,3.4267292,3.7038214,2.2956994,2.463147,2.4653392,2.533758,2.9366522,2.659339,2.4852958,2.6099834,2.589232,2.5255609,2.4808438,3.4132822,2.5490608,2.9051104,2.7795076,2.8427272,2.6390367,2.7015438,2.705968,2.7209697,3.7588668,3.7409823,2.3673015,2.370099,2.8477123,2.378378,2.646511,2.563272,1.3931724,2.5568967,2.7446582,2.9411266,3.2401047,3.213135,3.1594512,3.1637645,2.5689902,3.8358023,3.1658375,3.4297433,2.6659966,2.5671058,2.9613159,3.0961792,3.1504314,3.2466319,3.9135883,4.393634
22,3.408409,3.4185145,3.343452,2.7247403,3.1500306,2.8124526,2.8084712,2.8906984,3.8690972,3.740544,3.7600367,3.869822,3.006428,2.7838786,2.898579,2.7157621,2.7596169,2.8585122,3.202406,3.009104,2.6960325,2.84246,0.0,1.6225283,3.5728981,3.5369935,3.9085834,3.8401153,3.112405,3.020824,3.427047,3.51565,5.5079455,5.4602237,3.271391,3.3161123,2.2829726,2.4332418,2.147815,2.4415486,3.1922154,3.2622297,3.1630335,3.1317112,3.7763228,3.3131244,2.9627526,3.4682703,4.088944,4.3039823,3.713564,2.3651733,5.3377194,5.238158,4.6304636,5.210776,3.3060868,3.3101423,2.8717797,2.505536,2.9528434,2.6477256,3.4018588,2.6499522,4.7371163,4.7489734,4.631035,4.7087226,4.6772866,4.8414154,4.222958,4.5951395,4.75514,4.8564444,4.3358727,4.7749186,4.8687315,4.006995,4.373802,4.72398,3.8364,3.637969,3.8523357,4.092221,4.18571,3.737419,3.5613427,3.6403468,3.665082,3.656717,3.5041206,4.0845947,3.4895532,3.597931,3.7290208,3.6590822,2.9674423,3.0436907,2.827881,2.813611,3.8820398,3.8717933,2.4960315,2.5323534,2.4281662,2.6736836,2.8491335,2.514989,3.1974869,2.6945765,2.8619876,2.9038758,3.062664,3.098676,2.9727867,3.0213873,2.909358,3.5867093,3.2570813,3.7234364,3.0294647,2.875285,3.194854,3.3211727,3.4903135,3.550378,3.7394354,4.4957542
23,3.4849281,3.4492328,2.800218,3.012856,3.4588413,3.065904,3.2339401,3.1802082,3.9727285,3.8427703,3.999969,4.1076603,3.1264496,2.9683836,3.122814,2.9802377,3.2328079,3.2830873,3.7104366,3.517387,1.4007379,2.1286592,1.6225283,0.0,3.7293603,3.715758,3.9939082,4.0005283,3.241598,3.2551854,3.6580837,3.7028127,5.3788123,5.313353,3.5857558,3.6170955,2.6636581,2.7954042,2.5190785,2.8299618,3.4153378,3.4664953,3.353448,3.3031754,3.9678345,3.4676914,3.2687023,3.5630462,4.402725,4.5787563,4.0359344,2.5336058,5.554358,5.4714785,5.2017865,5.602945,2.568703,2.5765574,3.0850637,2.5672805,3.0726433,2.7251854,3.5782864,2.9121113,4.5960093,4.543561,4.353057,4.3472037,4.3868074,5.3062162,3.8524673,4.3222795,4.168889,4.2785254,3.8145201,4.304593,4.5072956,3.5273654,4.105615,4.5432935,3.4622557,3.229693,3.4448488,3.6820958,4.016759,3.557619,3.3368857,3.4251852,3.3682868,3.328023,3.0310347,3.626809,2.9905176,3.155467,3.315076,3.337981,3.3079634,3.4240556,3.1569958,3.1846218,4.1350927,4.1222057,2.7892094,2.8089519,3.0758755,3.0108306,3.2617037,2.942507,2.8083498,3.0224266,3.2406788,3.206049,3.3648555,3.3879201,3.264138,3.3031478,3.3164191,3.9239132,3.6552143,4.0064306,3.4130619,3.2335773,3.6094794,3.6201928,3.7435908,3.8123639,4.0035057,4.725965
24,4.3045926,4.1751223,3.8614085,3.851501,4.1334324,3.9695747,3.8681552,3.967892,4.270205,4.270962,3.9853737,4.0016723,2.9989324,2.8066497,3.9321132,3.5160053,3.2733698,3.2332335,2.8561897,2.8463256,4.0400662,3.3026304,3.5728981,3.7293603,0.0,0.3135058,2.1009867,2.0806012,2.4371507,2.168576,2.4023573,2.4909444,5.406434,5.3523583,4.0655274,3.9244878,3.3103704,2.951597,3.436992,3.74029,4.0240827,4.2991147,4.263154,4.2437663,4.6562037,3.9053102,4.530223,4.131738,3.1685026,3.59659,2.8469958,2.5510762,4.777568,5.438455,4.623326,5.58192,4.063183,4.062867,3.8584778,3.5700245,3.8072464,3.5227253,2.7650247,3.4484003,4.5373244,4.3529716,5.089788,5.4613585,5.126805,5.838268,4.284533,5.1634345,5.108892,5.2082253,4.6244435,5.2806106,4.614215,4.702884,4.8808107,5.147883,4.069033,4.4648604,4.481987,3.961746,4.618932,4.8447337,4.56135,4.577976,4.0527754,4.016557,4.5010905,5.655205,4.428109,4.8186564,4.347893,4.5901656,2.6864414,2.6760128,3.3239462,3.3167639,3.9418323,3.9507155,3.0795135,3.102009,3.3833003,2.9528527,2.8606937,2.6909282,3.3916888,2.9833512,3.0339003,3.0618417,4.33195,4.5231514,4.481494,4.4820065,2.9791365,4.4018745,3.5971076,4.8871374,3.1780982,3.222754,3.4391818,3.5542524,3.9526923,4.002718,4.244898,4.641084
25,4.235233,4.108649,3.79124,3.7980106,4.068643,3.9105527,3.7801008,3.8915105,4.2096434,4.223938,3.9001057,3.9199595,2.9228106,2.7180724,3.8389838,3.3917744,3.2214289,3.1909654,2.8066096,2.8017666,4.0126987,3.2581344,3.5369935,3.715758,0.3135058,0.0,2.1025004,2.0855765,2.3751578,2.10948,2.3685315,2.4445684,5.3915014,5.336219,4.018566,3.8727071,3.2836428,2.941919,3.4255989,3.711049,4.0477157,4.319101,4.2885747,4.265542,4.677779,3.9403849,4.570016,4.1754813,3.1982524,3.6065648,2.8182344,2.5255303,4.791353,5.4490023,4.55071,5.5128946,4.003285,4.000724,3.7854288,3.50598,3.7385423,3.4665172,2.677902,3.3626058,4.420443,4.264653,5.017194,5.3861246,5.060293,5.696692,4.218038,5.089558,5.09031,5.190561,4.6116505,5.2179093,4.5622463,4.6306324,4.823159,5.084834,3.9985669,4.4027267,4.409658,3.9089575,4.5386286,4.7549043,4.4608755,4.4824123,3.977176,3.951374,4.4392796,5.6115685,4.352723,4.76835,4.244779,4.4877076,2.6285114,2.6094582,3.2747753,3.2628515,3.93129,3.934016,3.0322244,3.0574038,3.3200197,2.8903034,2.8062027,2.6267946,3.3436475,2.947196,2.9750173,3.0264585,4.280256,4.4735193,4.429289,4.432303,2.898475,4.3442187,3.5208414,4.833898,3.0902524,3.1340754,3.345204,3.4509656,3.900624,3.9533987,4.166723,4.563364
26,4.585051,4.4505744,4.2427545,4.3458066,4.301794,4.327045,4.024159,4.2989907,4.613156,4.6462393,4.5940948,4.6480603,3.551991,3.4954534,4.097178,3.7626967,3.7182357,3.5728414,3.4236028,3.4177537,3.9163504,3.6617959,3.9085834,3.9939082,2.1009867,2.1025004,0.0,0.7167763,2.9403067,2.904956,3.0830595,3.130314,5.492869,5.4465876,4.4811444,4.268629,3.7523084,3.448157,3.8486822,3.9371712,4.043323,4.2976675,4.269797,4.2667117,4.707086,3.936444,4.4452987,4.1543717,3.4799795,3.880666,3.189558,2.9483378,5.0754104,5.653892,4.5071,5.4494104,4.2700033,4.2490525,3.877321,3.781618,3.8686798,3.789572,3.184793,3.9056468,4.9252462,4.762287,5.410821,5.740008,5.4737825,5.99042,4.495629,5.4870305,5.3534446,5.449,5.2182217,5.651262,5.0824738,4.914278,5.0764403,5.5021324,4.4556003,4.8522487,4.822959,4.6042852,4.952808,5.0985327,4.8088894,4.837573,4.340404,4.3107285,4.824858,5.9398885,4.8746095,4.7642674,4.697236,4.815306,3.825744,3.8440752,4.2887545,4.2865644,4.7179375,4.7145233,3.9848666,4.02971,3.6955793,3.2802293,3.1339056,3.088785,3.5444853,3.2284985,3.2315428,3.4751365,4.595871,4.7711864,4.714115,4.7267203,3.3880653,4.730004,4.02571,5.144145,3.5325596,3.5450556,3.8844428,3.835937,5.050286,5.090881,5.267043,5.604866
27,4.622435,4.503727,4.2725286,4.291236,4.356457,4.3388743,4.0066547,4.1939306,4.543795,4.561062,4.4983544,4.5417957,3.5141935,3.4506168,4.113894,3.7635207,3.6041234,3.4722946,3.4060628,3.3715043,3.9912274,3.673198,3.8401153,4.0005283,2.0806012,2.0855765,0.7167763,0.0,3.0007648,3.0219548,3.1315484,3.1794064,5.4659457,5.417066,4.295583,4.1572285,3.613114,3.3046625,3.6818693,3.7582626,3.8830292,4.114299,4.1061864,4.0924506,4.5101237,3.7801685,4.299275,4.0630436,3.4093926,3.8699946,3.132361,2.8967905,5.121943,5.760926,4.4419284,5.4555254,4.2262025,4.211453,3.8719194,3.7155223,3.8200421,3.75888,3.2472296,3.817056,4.9034505,4.732788,5.3162675,5.6665144,5.379692,5.869492,4.4421387,5.3797317,5.257463,5.3585143,5.0864773,5.5754547,4.9731107,4.81983,4.9140778,5.3551903,4.505216,4.8319836,4.8398285,4.647667,5.0189953,5.076722,4.73412,4.754172,4.2970123,4.2634983,4.8430486,5.9272785,4.893257,4.7827396,4.7100844,4.7576756,3.8190334,3.83714,4.2559195,4.2388806,4.5244994,4.5188947,3.8511696,3.9000854,3.6782887,3.263571,3.1457853,3.115398,3.508022,3.1385837,3.2295945,3.4646244,4.4436755,4.6408753,4.5851216,4.5869417,3.3437166,4.590966,3.9324567,5.1794,3.4431338,3.4042037,3.844407,3.7531416,4.857181,4.9140744,5.13962,5.424739
28,3.2645643,3.198894,2.9914818,2.9396832,3.0963976,3.1732988,2.6741762,3.1348903,3.332918,3.3586514,3.3511615,3.3890128,3.215366,3.039339,2.7916732,2.4933197,2.5311804,2.5324001,2.1304083,2.0691154,3.4872108,2.4823477,3.112405,3.241598,2.4371507,2.3751578,2.9403067,3.0007648,0.0,0.76982933,1.1448493,1.3653625,4.981647,4.890589,3.1985369,3.3272333,2.4149005,1.9683077,2.6306303,2.5739405,3.195752,3.504989,3.4385698,3.3738236,3.8697946,3.0678542,3.709984,3.2963243,2.2984862,2.8124456,2.0654862,1.6146225,4.2505517,4.2476373,3.7640646,4.070984,3.2583249,3.2362597,2.8246524,2.6563761,2.7168813,2.7387195,1.7553197,2.5901263,3.6485655,3.5697432,4.331068,4.645239,4.39629,4.9937086,3.4264538,4.389357,4.2474914,4.3204794,3.9638033,4.566701,3.967225,3.9643679,4.164416,4.3412933,3.2824895,3.7432632,3.6884105,3.3248127,3.7033958,3.8007898,3.6828713,3.7485027,3.4156566,3.3894424,3.7341754,5.0712166,3.9247248,4.0958457,3.76859,3.856143,2.0584612,2.0801418,2.707162,2.6823077,3.5783107,3.5644119,2.346519,2.3539975,2.515822,1.9574276,2.1545591,1.9672304,2.5883055,2.0959027,2.2272613,2.5790913,3.8371828,3.7897308,3.725512,3.7332792,2.0307937,3.5603838,2.6997082,2.9044244,2.1813877,2.14452,2.5744352,2.8753755,3.1815815,3.2367918,3.3709455,3.8802996
29,3.5401201,3.4601762,3.1264868,3.094971,3.3206463,3.2870002,2.9228404,3.19592,3.5435958,3.543457,3.4394689,3.4752212,3.2230847,2.9928656,3.0277746,2.6850438,2.4397514,2.4334319,1.8559939,1.8360316,3.6068852,2.571407,3.020824,3.2551854,2.168576,2.10948,2.904956,3.0219548,0.76982933,0.0,1.0297694,1.1781982,5.056788,4.990861,3.3327925,3.3853579,2.477582,2.0528316,2.6926007,2.8539727,3.3464835,3.6655815,3.6020627,3.5636191,4.026749,3.225545,3.8691363,3.476379,2.4319053,2.9424412,2.1147416,1.6918505,4.3125854,4.3471107,3.8989186,4.2744,3.522931,3.5040944,3.1293507,2.9352481,3.0848083,2.9225602,2.015626,2.8015745,3.6920128,3.6471605,4.4375544,4.7653956,4.5015635,5.137152,3.5919697,4.5103474,4.467858,4.541021,4.090102,4.6968822,4.0949955,4.17632,4.3266406,4.469017,3.384055,3.861987,3.8243032,3.4338124,3.8085833,3.965188,3.8722951,3.9057543,3.4760876,3.456514,3.8780801,5.1662006,3.950618,4.187063,3.7866473,3.9555566,1.9536405,1.9309142,2.6634831,2.6406646,3.5874162,3.583642,2.4460576,2.456063,2.5287957,2.0190551,2.118642,1.9287107,2.74883,2.253742,2.251177,2.4232202,3.9972193,3.9684885,3.9103737,3.924037,2.1191132,3.7122774,2.9259741,3.0938668,2.3685243,2.4036524,2.6867628,2.9297636,3.359449,3.4165008,3.5144012,4.0166006
30,3.7505562,3.6851459,3.2151136,3.0768836,3.3469708,3.3670735,2.9423013,3.2472937,3.6028063,3.5868046,3.540058,3.5581503,3.469139,3.271892,3.2776568,2.9464645,2.580105,2.579563,2.134998,2.0826359,4.013801,2.6914437,3.427047,3.6580837,2.4023573,2.3685315,3.0830595,3.1315484,1.1448493,1.0297694,0.0,0.89636284,4.7866597,4.722156,3.2937565,3.37178,2.3603747,1.8682218,2.782468,2.886489,3.0596538,3.3857932,3.352558,3.3240697,3.8188238,2.9746065,3.690104,3.302548,2.5479622,3.058238,2.2402592,1.7922475,4.324128,4.294073,3.6469142,4.111174,3.4904618,3.4738255,3.035171,2.9546697,3.013487,2.85964,1.9428204,2.760337,3.8997047,3.8643992,4.4413495,4.8140893,4.480254,5.1279807,3.611369,4.4781184,4.485422,4.5566816,3.9835348,4.748665,4.0438366,4.2946844,4.332677,4.4178047,3.282546,3.7400088,3.7311423,3.302934,3.7504723,3.8848789,3.7692676,3.8117852,3.5192616,3.474671,3.9020371,5.121634,4.0135202,4.2595572,3.8508284,3.9881384,2.1261473,2.1062407,2.7866445,2.7653503,3.6236374,3.6141286,2.5109544,2.508993,2.3691373,2.1320486,2.2716434,2.2727976,2.816635,2.3198102,2.413924,2.5820665,3.9527733,3.9025414,3.8794096,3.867006,2.0738647,3.7552252,2.9757328,3.094376,2.243043,2.3338737,2.7601798,3.0296664,3.131411,3.2084618,3.7501128,4.122379
31,3.7216709,3.646544,3.1904292,3.2038155,3.411312,3.4557984,3.0150375,3.0636652,3.554445,3.5305202,3.482249,3.5100327,3.427456,3.2004,3.251114,2.9261105,2.6002915,2.6261387,2.1020105,2.0513122,4.0452104,2.7211037,3.51565,3.7028127,2.4909444,2.4445684,3.130314,3.1794064,1.3653625,1.1781982,0.89636284,0.0,4.8131123,4.760824,3.314534,3.4114566,2.483371,2.0147264,2.8543775,2.984695,3.3155456,3.6148381,3.5805142,3.548743,3.98542,3.1897748,3.8968916,3.4859533,2.6902373,3.1975935,2.457575,1.9844233,4.398247,4.4145494,3.9972272,4.3277383,3.6045165,3.5956633,3.2329783,3.09192,3.1559982,3.0058866,2.3325346,2.9555311,3.9643161,3.915334,4.4285045,4.790325,4.4881263,5.149416,3.7073941,4.51143,4.4424677,4.5095034,4.0144143,4.798805,4.0496216,4.307176,4.32165,4.390675,3.406757,3.8816936,3.816146,3.4121923,3.8870027,4.0243483,3.8983757,3.9159815,3.4530513,3.4080799,4.0289645,5.194408,4.118145,4.293845,3.8263552,3.9395227,2.3013794,2.2778654,2.8855515,2.8652499,3.6078758,3.6047578,2.58856,2.601558,2.7359467,2.2381694,2.38853,2.4171786,2.9523451,2.4862652,2.5136716,2.6473618,4.070835,4.0239577,3.9952223,3.984524,2.2934933,3.8422127,3.3951414,3.2233303,2.5100138,2.5106034,2.8781035,2.5395894,3.354789,3.5186162,3.8701122,4.188133
