,0,1,2,3,4,5,6,7,8,9,10,11,12,13,14,15,16,17,18,19,20,21,22,23,24,25,26,27,28,29,30,31,32,33,34,35,36,37,38,39,40,41,42,43,44,45,46,47,48,49,50,51,52,53,54,55,56,57,58,59,60,61,62,63,64,65,66,67,68,69,70,71,72,73,74,75,76,77,78,79,80,81,82,83,84,85,86,87,88,89,90,91,92,93,94,95,96,97,98,99,100,101,102,103,104,105,106,107,108,109,110,111,112,113,114,115,116,117,118,119,120,121,122,123,124,125,126,127
0,0.0,0.6138584,0.7607214,0.7417576,1.2389092,1.1978735,1.5686018,1.6414812,1.7653091,1.9710909,1.6065466,1.5957392,1.1538455,1.1450075,1.0971997,1.0419647,1.8801098,3.2637808,3.8252938,3.5427845,1.2276902,1.1889415,1.0876895,1.0876895,0.896943,0.8756122,1.5228897,0.7545528,1.7654533,1.9305038,1.8470377,2.338537,2.5374007,2.8845346,2.7521644,2.8895442,3.032625,2.254148,3.3482513,3.481307,2.8722982,3.0213897,2.2416575,2.2524238,3.248814,3.1489124,2.887751,3.176315,2.5963635,2.8786917,2.767884,3.1352777,2.2125576,2.279868,2.593671,2.0426457,3.2747595,3.0792663,2.1169448,2.0479455,2.9960344,3.0168598,3.2709732,3.2059643,3.1381125,2.997508,3.415052,2.842459,2.9422157,3.1381233,3.526101,2.909434,3.494011,4.115303,3.629415,3.338375,3.314351,3.535895,3.2480915,3.7764027,3.357871,3.4889336,1.9636613,1.8001726,2.716968,2.986765,2.3043895,3.3061614,4.140032,4.069718,3.8206248,3.693611,2.2685847,1.9403462,2.9278,3.912656,2.1246738,2.1226473,1.6279807,1.6863147,1.5113921,1.8124156,1.8210564,1.7118553,2.129976,2.6144404,2.8605337,2.4561133,3.1509407,2.234884,3.1237032,2.5009322,3.458418,2.6351671,2.5929718,3.280182,2.2168357,1.614456,1.9086821,1.7150587,1.7647728,2.3392038,2.1295063,2.0391412,2.2742085,2.0758216,1.9710573,2.260896
1,0.6138584,0.0,0.45925006,0.48953542,1.4561447,1.430158,1.689821,1.7648293,2.0747752,2.2254117,1.8915509,1.8946813,1.3405161,1.1596308,1.2572429,1.2312461,1.9236348,3.2122061,3.7490268,3.5370865,1.0573153,1.0139241,0.84473854,0.84473854,0.8082211,0.8202314,1.0730232,0.86176664,1.7945974,1.8593678,1.9876193,2.4804673,2.4152298,2.7208838,2.5924428,2.7577162,2.8493817,2.054115,3.1789663,3.3236165,2.7460616,2.8715868,2.5246606,2.5366216,3.2154624,3.0399039,2.7636704,3.0568805,2.4879653,2.7008088,2.5410454,2.8809376,2.1024249,2.1672094,2.4572434,1.9992632,3.283901,3.0637321,2.0619822,1.9751512,2.947992,2.9244568,3.1744182,3.0837994,3.13833,2.9561284,3.2553644,2.8388004,2.9485307,3.1477835,3.2766838,2.8680434,3.5476305,4.166856,3.617387,3.3364851,3.3466592,3.4387724,3.2345853,3.7475083,3.4102738,3.363665,2.1021552,1.9185364,2.7445905,3.1405547,2.1116612,3.1765544,4.0681524,4.009046,3.7625315,3.6529267,2.012565,1.9740942,2.7973015,3.8215218,2.1727514,2.1758807,1.6630956,1.6584246,1.553662,1.748159,1.7373586,1.5876417,2.1796336,2.4742134,2.8580253,2.4888077,3.1957943,2.113888,3.203134,2.5280468,3.4165645,2.6447155,2.6509402,3.2611866,2.1571252,1.4692593,1.8259044,1.5493469,1.7398354,2.3493018,2.1560926,2.0673592,2.2234976,2.12551,1.9120109,2.4019287
2,0.7607214,0.45925006,0.0,0.13425855,1.4156953,1.3714277,1.6380754,1.7421175,2.032916,2.2146437,1.8620906,1.8623693,1.3112967,1.1090765,1.2082057,1.1800125,1.8135655,3.1463962,3.515416,3.2805376,1.250622,1.21209,1.0427313,1.0427313,0.6596366,1.06977,1.3006146,1.1026351,1.6790364,1.7507162,1.8680062,2.6962395,2.328629,2.6473584,2.5151415,2.691829,2.7859402,2.045302,3.0880387,3.2406244,2.9740517,3.090848,2.7528498,2.7608778,3.397463,3.250669,2.9663868,3.2713096,2.5114377,2.7000723,2.5488634,2.8419588,2.0829275,2.1401906,2.4653785,1.9978448,3.1985755,2.9687123,1.9881247,1.9035445,2.8256109,2.7956204,3.0536737,2.9754267,3.048261,2.894555,3.2109742,2.9260855,2.8789518,3.0506659,3.227503,2.8390913,3.5056546,4.1157355,3.5806658,3.2907133,3.2993045,3.429341,3.2098196,3.774564,3.261289,3.2385862,2.198974,1.9718252,2.7765722,3.0614407,2.1248763,3.2150333,4.014365,3.947731,3.7137022,3.59326,1.9290992,1.8328878,2.8210876,3.8570876,2.128492,2.1577945,1.580116,1.6022966,1.4790045,1.7115599,1.7061278,1.5133008,2.1069272,2.4319966,2.8286462,2.6013365,3.1793973,2.0528824,3.0942285,2.4841774,3.3324015,2.5232878,2.5215693,3.0550427,2.0882792,1.3865453,1.7745361,1.47519,1.7042247,2.2935548,2.137996,2.0454853,2.2111578,2.1213062,1.8807983,2.3566692
3,0.7417576,0.48953542,0.13425855,0.0,1.4309087,1.391246,1.6282946,1.7461852,2.0032654,2.193284,1.8584952,1.8529099,1.3103385,1.1265625,1.2230729,1.1862241,1.7834994,3.1266117,3.5252643,3.299264,1.2593113,1.2205824,1.0361519,1.0361519,0.63508505,1.0340794,1.3202899,1.0768652,1.6489446,1.7196549,1.8257585,2.6503286,2.3204389,2.6534455,2.5099726,2.6815267,2.8033109,2.066654,3.1021245,3.253957,2.942706,3.0585444,2.7071693,2.7158725,3.4015784,3.2505383,2.956779,3.2741659,2.4837415,2.6826763,2.5298676,2.812836,2.0604725,2.1142056,2.4785516,1.9748288,3.1613786,2.9424808,1.9692558,1.8922404,2.7841413,2.7789724,3.0337322,2.9646454,3.047783,2.8959262,3.2238753,2.93544,2.8776948,3.0399268,3.2481613,2.8574057,3.5125237,4.1207476,3.5913694,3.305421,3.303986,3.4568052,3.2304456,3.8173754,3.272707,3.2673316,2.2018628,1.9721675,2.7280955,3.0635438,2.1716342,3.24401,4.003927,3.9336457,3.687271,3.5630078,1.9345785,1.7559382,2.838703,3.881327,2.1525228,2.1718264,1.6078504,1.6191083,1.4716254,1.7239968,1.6987123,1.5172688,2.119879,2.4493525,2.8110545,2.5978646,3.1827996,2.0988224,3.0823436,2.477977,3.3182,2.5192122,2.509969,3.045237,2.0604403,1.3576636,1.7419163,1.4400305,1.7117803,2.290367,2.1466072,2.053947,2.2279594,2.1326444,1.8691595,2.3305538
4,1.2389092,1.4561447,1.4156953,1.4309087,0.0,0.26407567,2.1342926,2.1456926,2.0668921,2.326737,1.8590134,1.858142,0.6635844,1.0702373,0.7807532,0.8074215,1.6941637,3.0611522,3.4687161,3.1200855,1.8498652,1.836435,1.8310711,1.8310711,1.4748112,1.6848259,2.1505418,1.526515,2.1384568,2.3583078,2.1130197,2.833657,2.898245,3.1414979,3.0617023,3.4394987,3.1889489,2.48745,3.5878677,3.6800156,3.2951026,3.4219205,2.690987,2.7000458,3.6008427,3.5463738,3.2756155,3.5648074,2.984496,3.1518178,3.044195,3.4565444,2.557604,2.6136,2.8611894,2.521623,3.599074,3.3438723,2.2632005,2.324736,3.2746332,3.3460023,3.4742613,3.4404943,3.3431659,3.2030208,3.6712103,3.1384645,3.1757107,3.3817964,3.7344208,3.0293531,4.212792,4.751587,4.3674626,3.9003985,3.8955958,4.0628524,3.8043761,4.1648073,3.279775,3.4740467,2.2812245,2.1488113,3.0622087,3.227267,2.557807,3.4028404,3.9235556,3.8674436,3.912241,3.8002653,2.6152697,2.353706,3.0554552,3.9204566,2.434864,2.598793,1.9668258,2.0667884,2.0032618,2.1927097,2.220137,2.1957343,1.7969961,2.4003222,2.6619627,2.340375,2.8222847,1.8858408,2.9293225,2.2434654,3.7078073,2.9612942,2.9416869,3.490239,2.5053973,2.1003892,2.3025634,2.2160304,2.1479137,2.6935308,2.4997497,2.4256697,2.6533742,2.4111335,2.371095,2.6635451
5,1.1978735,1.430158,1.3714277,1.391246,0.26407567,0.0,2.097945,2.1229181,2.0173454,2.3151464,1.8207461,1.8161025,0.72870106,1.0952554,0.848936,0.8695973,1.6843671,3.142071,3.5159287,3.143397,1.8083556,1.7953812,1.8008239,1.8008239,1.5055474,1.717251,2.1736538,1.5582762,2.1690984,2.364655,2.1271503,2.877323,2.911244,3.150081,3.0672002,3.426285,3.2192996,2.4975705,3.5356696,3.6375942,3.3620076,3.5116875,2.6979494,2.7061472,3.614692,3.5712032,3.3017488,3.5901775,3.0033205,3.1903954,3.0831006,3.4794626,2.6127522,2.6722734,2.9055011,2.5270493,3.564212,3.3237352,2.1913524,2.249199,3.2332919,3.3095546,3.4817448,3.429057,3.3075516,3.1765983,3.660605,3.1087284,3.1319613,3.3303638,3.7106218,3.0003974,4.138505,4.6750994,4.3104706,3.847456,3.8081381,3.9989483,3.7334542,4.110375,3.3348796,3.5205848,2.2464788,2.1052828,3.107036,3.152216,2.5204446,3.451504,4.0614753,4.006643,4.0305796,3.9218938,2.6227505,2.3808484,3.0945332,4.0113707,2.338228,2.5192027,1.9440258,2.0337975,1.9687141,2.1836452,2.2221954,2.152739,1.834579,2.4021173,2.726358,2.3676007,2.9314187,1.8851709,2.9304345,2.2585654,3.7159045,2.9137135,2.883582,3.4629006,2.5444894,2.0932086,2.3167202,2.2123988,2.1281044,2.7326915,2.446058,2.3713696,2.5935552,2.3602757,2.3421786,2.6177824
6,1.5686018,1.689821,1.6380754,1.6282946,2.1342926,2.097945,0.0,0.29210746,2.5590422,2.4469504,2.3285837,2.3341732,1.6687586,1.4461519,1.4886615,1.4230126,2.9693124,3.9470677,4.055156,3.927753,2.3052235,2.2725322,2.1598208,2.1598208,1.5764359,1.8528755,2.2827108,1.7854097,2.1689699,2.3162963,2.278451,3.0167336,2.7259576,3.0087836,2.8878207,2.6052036,3.1203628,2.3627622,3.571834,3.7253861,3.5427973,3.6190197,2.8978672,2.899976,3.8410492,3.6694043,3.3442583,3.6413813,2.750991,3.0531597,3.0346608,3.4123569,2.537802,2.5738075,2.8145652,2.306151,3.5198224,3.3783216,2.549958,2.629095,3.1671293,3.0618424,3.4873903,3.4210682,3.2698805,3.2529361,3.6139777,3.143399,3.1236389,3.2820013,3.8185167,3.2058547,3.6356738,4.2169757,3.7755442,3.8358507,3.8594568,4.0331354,3.8038142,4.2763147,3.3175566,3.5018222,2.5177286,2.2752466,3.0808358,3.3417203,2.8215094,3.6383574,4.6389728,4.5630493,3.9565325,3.8067129,2.6644716,2.280385,3.193586,4.0368085,2.5509102,2.4086032,2.097871,2.122218,1.8895702,2.1227446,2.2100182,2.193623,3.1409695,3.619528,3.7931225,3.622968,3.9187965,3.316888,3.8466504,3.456219,3.539885,2.8200085,2.7815287,3.2808485,2.57923,2.134301,2.3963032,2.2243745,2.1822035,2.6776578,2.4190779,2.3189998,2.5205805,2.3888402,2.289222,2.4877071
7,1.6414812,1.7648293,1.7421175,1.7461852,2.1456926,2.1229181,0.29210746,0.0,2.6382418,2.4565067,2.3667088,2.381482,1.6747216,1.4842771,1.4720554,1.4162922,3.0788906,4.02246,4.1512327,4.0172224,2.3940766,2.364754,2.269363,2.269363,1.678525,1.9376907,2.3519857,1.8642372,2.2473476,2.4304748,2.3778768,3.082202,2.8144119,3.0776837,2.9765143,2.6972213,3.1552706,2.3857172,3.6211686,3.7683585,3.606314,3.6797147,2.97538,2.9772553,3.86723,3.706385,3.4018881,3.6695387,2.8554406,3.1497178,3.143756,3.556621,2.622312,2.6649837,2.8457599,2.4034786,3.6308115,3.4687378,2.6871703,2.765985,3.2865515,3.1959126,3.6016128,3.5304294,3.4026237,3.3787622,3.7191126,3.2407649,3.2546687,3.4336374,3.9335399,3.297948,3.7568698,4.3484015,3.8886027,3.9516287,4.0025215,4.1455975,3.9181902,4.329312,3.3609643,3.5502799,2.570643,2.3469877,3.1947572,3.4580913,2.8701096,3.680747,4.6983027,4.622997,4.0355577,3.884488,2.7617753,2.4384158,3.2090576,4.0448346,2.59118,2.4509525,2.118887,2.1584585,1.9633701,2.1700513,2.3037999,2.292467,3.1723897,3.687009,3.8037186,3.6470249,3.9544837,3.3297603,3.9256027,3.5286787,3.6253407,2.901952,2.87816,3.36864,2.6936407,2.2535145,2.523833,2.354957,2.2402203,2.689572,2.485918,2.3855817,2.5695908,2.4295747,2.399917,2.5976543
8,1.7653091,2.0747752,2.032916,2.0032654,2.0668921,2.0173454,2.5590422,2.6382418,0.0,1.2992938,0.51789415,0.43995747,2.244086,2.2294912,2.223279,2.153386,2.05034,3.2420642,4.39548,3.66105,2.0899603,2.0590136,1.9905015,1.9905015,2.1301675,2.3448906,2.6373396,2.0696833,2.9274006,3.068022,2.94663,3.4493537,3.1888967,3.6097596,3.4272897,3.5495582,3.8814406,3.2841954,4.0462136,4.19453,3.6788538,3.7783513,2.91035,2.9338958,3.5629792,3.99103,3.7704315,4.0357475,3.512448,3.667433,3.6237638,3.8634865,2.7229285,2.7514791,3.016605,2.4776359,4.020554,3.929698,2.4455686,2.382653,3.013956,3.1457644,3.3111987,3.3191507,4.2677917,4.073347,4.466705,3.8712957,4.022002,4.196332,4.619099,4.064181,4.0118613,4.417281,4.1202836,3.79731,3.698941,4.050657,3.743896,4.2359204,3.5701945,3.7754512,2.4896388,2.4340332,3.7278008,2.860718,2.8639646,3.6296484,4.2918944,4.300719,3.9885497,4.0174,2.6131914,2.4562824,3.4111803,4.2843747,2.9847472,3.0543485,2.1573029,2.5382445,2.2420576,2.5360682,2.4198546,2.5106752,2.815349,2.7918506,3.3133683,3.1121416,3.5098398,2.9847763,3.7005458,2.9032562,3.7002213,3.3788524,3.311857,3.7533088,2.8543453,2.5435908,2.6933148,2.5704503,2.6612968,3.087058,2.5782528,2.5787046,2.6828423,2.548789,2.4034126,2.5887408
9,1.9710909,2.2254117,2.2146437,2.193284,2.326737,2.3151464,2.4469504,2.4565067,1.2992938,0.0,1.1817893,1.2067931,2.3699706,2.3363583,2.3053746,2.2260716,2.5171995,3.6531687,4.6172647,3.976733,2.5947452,2.5665905,2.448399,2.448399,2.2434494,2.5322628,2.7975888,2.3150463,2.9991,3.2255094,3.135471,3.6774092,3.3128138,3.6686018,3.5169346,3.5101001,3.931017,3.30517,4.1181026,4.2258234,4.036972,4.142366,3.195095,3.2102358,3.778631,4.141939,3.9191232,4.167221,3.584246,3.8880277,3.8142715,4.16876,2.9101083,2.9775872,3.1432545,2.5872772,4.1904063,4.101062,2.8671553,2.8133168,3.2582295,3.5465996,3.6874905,3.6837764,4.7951393,4.7048006,5.046963,4.4963365,4.6277976,4.7748394,5.0814576,4.61975,4.5277047,4.8968906,4.6679187,4.480776,4.438884,4.7013893,4.4263544,4.7549577,3.5742643,3.7751403,2.7330425,2.667541,3.949948,3.6355765,3.043947,3.821878,4.6767426,4.6875305,4.262961,4.2638793,2.8607004,2.7353535,3.489772,4.462828,2.9785216,2.9740405,2.240018,2.6416464,2.3127084,2.5854957,2.5605204,2.6982794,3.1343398,3.2364256,3.1264677,3.3486276,3.838647,3.2365866,3.9718127,3.316436,3.8188415,3.3549247,3.3657637,3.7846968,3.0100377,2.6479216,2.8772204,2.7085414,2.7370038,3.2806919,2.803287,2.7751968,2.753125,2.615333,2.598766,2.7021267
10,1.6065466,1.8915509,1.8620906,1.8584952,1.8590134,1.8207461,2.3285837,2.3667088,0.51789415,1.1817893,0.0,0.17097543,2.0389702,1.9719508,1.9564515,1.8929278,2.1175468,3.3098953,4.258801,3.5385852,1.9918487,1.9585625,1.9054229,1.9054229,1.9619468,2.227093,2.483668,1.9455175,2.810701,2.979478,2.8743942,3.4274325,3.134609,3.5257268,3.3725204,3.4760423,3.7533607,3.0929446,4.0136113,4.1566696,3.6729987,3.776519,2.9569464,2.9783068,3.5422199,3.9419086,3.7299335,3.9724343,3.469653,3.616422,3.5816019,3.844624,2.673158,2.710615,2.8847184,2.4071243,4.0347643,3.8979712,2.4386227,2.3837168,3.0982337,3.1615002,3.338149,3.3281422,4.2093477,4.006722,4.3781004,3.800102,3.9696481,4.1749463,4.5467367,3.9753351,3.9886858,4.4368205,4.0780606,3.7794569,3.7501223,4.0248547,3.734191,4.1804776,3.3916178,3.574829,2.4193628,2.3529468,3.6979353,2.840486,2.6956754,3.4446092,4.2419686,4.2532415,3.9401422,3.960676,2.5166316,2.5127828,3.3294697,4.13274,2.8186283,2.8872597,1.9524606,2.3804636,2.1114614,2.3694983,2.313703,2.4047954,2.7195992,2.756825,3.2819812,3.087926,3.3867798,2.845087,3.7173135,2.902089,3.724918,3.321343,3.2776325,3.7371757,2.7673695,2.46271,2.6290393,2.5109541,2.5242524,2.9635267,2.4851975,2.4757354,2.559859,2.4276478,2.3247862,2.557983
11,1.5957392,1.8946813,1.8623693,1.8529099,1.858142,1.8161025,2.3341732,2.381482,0.43995747,1.2067931,0.17097543,0.0,2.0309205,1.9908321,1.9676516,1.9019438,2.0997746,3.2970123,4.2599096,3.5408368,1.9993075,1.9650863,1.902401,1.902401,1.9553131,2.2129693,2.4819326,1.9383746,2.784783,2.9446943,2.838625,3.3894193,3.0648596,3.4654996,3.3076777,3.418343,3.7026935,3.0334516,3.9577134,4.1042743,3.6140256,3.7225003,2.8710468,2.8936281,3.4806464,3.886204,3.6740828,3.9227426,3.4022388,3.5629807,3.520605,3.804697,2.609984,2.6466386,2.831214,2.336108,3.931431,3.8127894,2.3529556,2.2937992,3.0203717,3.09662,3.2698994,3.2679634,4.164115,3.9494634,4.3167953,3.7613516,3.91078,4.114936,4.4988084,3.9238148,3.9249306,4.388914,4.0207653,3.7146401,3.6781547,3.9704187,3.6623428,4.1159477,3.356232,3.5438747,2.3478222,2.2781858,3.636742,2.7749991,2.651606,3.4254584,4.255423,4.2576747,3.9517252,3.9623144,2.550415,2.4786844,3.305264,4.1302667,2.7582352,2.8292894,1.9115212,2.3164952,2.0623271,2.3104992,2.2522964,2.3294096,2.6924934,2.7450233,3.2593067,3.0491116,3.40886,2.8752024,3.6639392,2.8436687,3.707721,3.2834482,3.2369113,3.6894083,2.7062187,2.4022198,2.559848,2.446178,2.458942,2.905968,2.4248316,2.4138892,2.514735,2.3763855,2.2638383,2.504178
12,1.1538455,1.3405161,1.3112967,1.3103385,0.6635844,0.72870106,1.6687586,1.6747216,2.244086,2.3699706,2.0389702,2.0309205,0.0,0.80949837,0.4238954,0.4489195,1.9498577,3.1171746,3.570547,3.3664873,1.8997204,1.8869739,1.8387269,1.8387269,1.3309118,1.5576633,2.0636153,1.4205139,2.025634,2.2480724,2.0272992,2.768437,2.7347286,2.9848795,2.891687,3.1592789,3.0190895,2.2638164,3.4108865,3.5225315,3.1688995,3.2648175,2.620958,2.631896,3.6272585,3.46575,3.1514843,3.462551,2.6700168,2.88276,2.7898037,3.2999094,2.3537228,2.4097915,2.6962137,2.3485234,3.495245,3.2670417,2.2081819,2.312914,3.0793254,3.1859694,3.3674703,3.326026,3.2215674,3.1011534,3.5414996,2.9983242,3.034376,3.2494128,3.6313672,2.8948073,4.1588016,4.715066,4.318307,3.9709363,3.944619,4.080595,3.8610997,4.182844,3.2873948,3.481625,2.2276168,2.0623083,2.9058437,3.3969631,2.5798383,3.4790938,4.0597897,3.991879,3.8721306,3.7441146,2.5694048,2.188828,2.8529422,3.8492546,2.4460995,2.5450976,1.9735703,1.9480335,1.8782165,2.0676236,2.0993245,2.103378,2.0800576,2.6693819,2.7969494,2.5623364,3.1232913,2.1838171,3.0967865,2.4601786,3.5575821,2.8802898,2.8631575,3.3597322,2.4847357,1.9947171,2.2559109,2.1125333,2.0481634,2.5735726,2.3850546,2.3018808,2.5133,2.275669,2.2584598,2.5962453
13,1.1450075,1.1596308,1.1090765,1.1265625,1.0702373,1.0952554,1.4461519,1.4842771,2.2294912,2.3363583,1.9719508,1.9908321,0.80949837,0.0,0.67134213,0.6797737,1.9445602,3.1339407,3.3676856,3.2052093,1.7076008,1.6656941,1.5509684,1.5509684,1.1569988,1.4759029,1.8449578,1.3197843,2.1962545,2.3377085,2.3064916,3.0006087,2.670504,2.9647045,2.8701174,3.0523884,3.018512,2.26787,3.4849768,3.6089983,3.1228905,3.2219255,2.8173733,2.8266535,3.7142637,3.5225642,3.1780334,3.5210476,2.506489,2.671909,2.5792978,2.9109058,2.1950717,2.2422986,2.5080488,2.0952659,3.7166207,3.5111425,2.027165,2.13408,3.0149753,3.0435653,3.212839,3.1365507,3.1192892,3.001735,3.4034696,2.8465624,2.9782069,3.1849022,3.5198672,2.9422657,3.9907322,4.423785,4.089358,3.814674,3.8237462,3.8449109,3.7519717,4.179121,3.0228007,3.1275837,2.1423662,1.9464351,2.8063557,3.177217,2.293049,3.1331563,3.9995968,3.9948375,3.691261,3.6503298,2.1224263,2.1395931,2.912209,3.7949533,2.4040365,2.4676948,1.9590414,1.9576324,1.8052026,2.0038905,1.8299248,1.97046,2.3878167,2.5914915,3.0840194,2.8759022,3.2339172,2.416558,3.3078842,2.6257575,3.418566,2.829938,2.82214,3.3437073,2.3924954,1.9371992,2.1754575,2.0246015,2.0394402,2.5878923,2.2417026,2.1864786,2.2994804,2.1325808,1.9904513,2.3914254
14,1.0971997,1.2572429,1.2082057,1.2230729,0.7807532,0.848936,1.4886615,1.4720554,2.223279,2.3053746,1.9564515,1.9676516,0.4238954,0.67134213,0.0,0.12679824,2.0598452,3.1816545,3.5359204,3.33786,1.8268846,1.8114332,1.7815157,1.7815157,1.2188836,1.5104476,2.0215197,1.3942915,1.9419961,2.1931531,1.9870709,2.7813282,2.6843777,2.9477854,2.8668811,3.083138,2.963619,2.1928074,3.4301927,3.5427632,3.2282493,3.3085809,2.702235,2.7111638,3.6253676,3.4792593,3.1809587,3.4676528,2.7702568,2.899104,2.8444002,3.2283857,2.3403933,2.3894198,2.625749,2.3027377,3.5058453,3.2553668,2.251378,2.3449397,3.1437488,3.1756055,3.3670151,3.3086293,3.2154913,3.095658,3.5095916,3.027332,3.0287468,3.2513435,3.6941462,2.9638076,4.044203,4.6376634,4.1720004,3.8640835,3.9013827,4.0322013,3.807371,4.2256274,3.1806762,3.3832002,2.237302,2.0503867,2.8848538,3.2430336,2.499597,3.3710842,3.956181,3.8909109,3.721969,3.5914817,2.402821,2.1126323,2.9907944,3.883717,2.3820276,2.4510143,1.8047143,1.8268543,1.7723275,1.9343988,2.0453131,2.0191813,2.0629354,2.6919715,2.8408768,2.6233628,3.088083,2.1910057,3.1559243,2.5305102,3.5389836,2.8314674,2.810545,3.305079,2.4022512,1.9269668,2.1973655,2.0527406,1.9553382,2.4492102,2.3289244,2.2353373,2.4417145,2.2138429,2.1862376,2.5095387
15,1.0419647,1.2312461,1.1800125,1.1862241,0.8074215,0.8695973,1.4230126,1.4162922,2.153386,2.2260716,1.8929278,1.9019438,0.4489195,0.6797737,0.12679824,0.0,2.0556676,3.1988785,3.5431957,3.332053,1.8121474,1.7952987,1.7572536,1.7572536,1.1686416,1.4698277,2.0027368,1.3491856,1.8973329,2.1502924,1.9365282,2.734751,2.6674817,2.9380348,2.8483853,3.0430903,2.972352,2.189167,3.4546046,3.5697136,3.2191126,3.3043678,2.6493316,2.6584582,3.6018975,3.4698033,3.1679277,3.4602628,2.7586894,2.9059014,2.85202,3.2341852,2.3233027,2.3709571,2.6246088,2.2615232,3.4640472,3.2212374,2.2294354,2.3216112,3.11004,3.139104,3.3429515,3.2935946,3.2299008,3.1118567,3.532558,3.0474222,3.0443594,3.259327,3.7144234,2.9914103,4.0133557,4.6112504,4.143493,3.848399,3.8799915,4.033,3.79345,4.2281213,3.1569214,3.3693812,2.2241845,2.0342832,2.8585193,3.2110777,2.5074902,3.357209,3.9581692,3.8889437,3.69558,3.5600994,2.4044058,2.0685797,3.0028956,3.8763778,2.360835,2.4182487,1.7716768,1.8174123,1.7250835,1.9062114,2.0167744,1.9967662,2.083916,2.715171,2.846024,2.6376173,3.0668175,2.238843,3.1595778,2.541229,3.5308554,2.8111567,2.7866578,3.2932706,2.3442295,1.8834841,2.145659,2.0065444,1.9352168,2.4472086,2.3090627,2.2131512,2.429352,2.2034378,2.154637,2.4678404
16,1.8801098,1.9236348,1.8135655,1.7834994,1.6941637,1.6843671,2.9693124,3.0788906,2.05034,2.5171995,2.1175468,2.0997746,1.9498577,1.9445602,2.0598452,2.0556676,0.0,2.2883937,3.4426098,3.0220158,1.7840042,1.7851808,1.770169,1.770169,1.8995556,2.15861,2.4026484,1.9164858,2.9487946,3.069738,2.910807,3.5306077,2.8835773,3.1828957,3.0540872,3.5798793,3.3617814,3.0444894,3.4826286,3.5830848,3.1206548,3.2337391,3.0646718,3.0670354,3.7346795,3.6780841,3.4132051,3.7202792,2.862571,2.9254053,2.7905247,2.9976773,2.3184216,2.3714635,2.7827518,2.3563852,4.154867,4.0229445,2.0159464,1.987234,2.9274936,3.1533678,3.1287498,3.0748384,3.5469823,3.5278249,3.9318974,3.3117228,3.4618354,3.523197,3.8227408,3.473434,4.3434143,4.4122643,4.452643,3.8956652,3.721287,3.763228,3.792488,4.2024775,3.4747276,3.587487,2.3179872,2.2590113,3.0837457,3.3693728,2.4618587,3.2948663,3.7663832,3.8549623,3.7816286,3.9017758,2.1485462,2.262004,3.11965,4.132232,2.945124,3.1289072,2.427756,2.477785,2.3107045,2.5543413,2.1027894,2.400657,1.9438046,1.4115218,2.2970276,2.2151265,3.0416954,1.9358613,2.6121125,1.6909,3.1246846,2.9739695,2.9118288,3.324782,2.6748812,2.240627,2.42678,2.2742615,2.4858305,2.9810812,2.4272726,2.4525676,2.541945,2.3530798,2.17687,2.4707642
17,3.2637808,3.2122061,3.1463962,3.1266117,3.0611522,3.142071,3.9470677,4.02246,3.2420642,3.6531687,3.3098953,3.2970123,3.1171746,3.1339407,3.1816545,3.1988785,2.2883937,0.0,4.033092,3.7700272,3.0945497,3.1007938,3.0843742,3.0843742,3.0595024,3.3433554,3.419955,3.068895,3.9191742,4.0542145,3.911166,4.3747544,3.1366358,3.4346707,3.32275,3.9410632,3.546752,3.8415878,3.7960322,4.0033827,3.8333936,3.5494316,3.773106,3.786684,4.0124035,4.014356,3.7520442,4.0040374,3.533511,2.791817,2.9320943,3.079196,2.494912,2.4650037,2.805595,3.1454825,4.9751515,4.8744974,3.1462965,3.1228664,3.3565066,3.2198496,2.8857071,2.8299475,4.232004,4.2638474,4.4851575,3.9436905,4.0883827,4.1895843,4.514498,4.086068,5.1094427,5.114533,5.132136,4.608366,4.309542,4.3219523,4.461699,4.7773004,3.8232727,3.9769301,3.055961,3.0966337,3.7279,4.141836,3.3102484,3.7289646,2.6528494,2.8624039,2.8194892,3.1513727,2.4642305,2.5611827,3.3899972,4.1941237,4.4574795,4.662926,3.3141959,3.3949356,3.243803,3.2200913,3.00992,3.3610756,2.8540678,2.4016166,3.1127384,3.1237662,3.604974,2.9932723,3.4138641,2.647992,2.6489303,3.8553796,3.8200908,3.5438921,3.5947425,3.3288996,3.4580164,3.2920637,3.4788685,3.8639355,3.120299,3.1681738,3.2128744,3.1002083,3.0941496,3.6074915
18,3.8252938,3.7490268,3.515416,3.5252643,3.4687161,3.5159287,4.055156,4.1512327,4.39548,4.6172647,4.258801,4.2599096,3.570547,3.3676856,3.5359204,3.5431957,3.4426098,4.033092,0.0,1.3271368,4.036731,4.0119934,3.9474652,3.9474652,3.2604454,3.8986437,4.001923,3.7524788,3.7933187,3.8399022,3.6939085,4.87492,4.0581727,4.172259,4.173697,4.570727,4.224934,3.9085763,5.2800927,5.3533444,4.8222313,4.883291,4.7156906,4.715581,5.637933,5.310341,5.0333176,5.3546395,3.583105,3.5940735,3.5058105,3.7563767,3.6169963,3.6273606,3.857032,3.69537,4.9218025,4.711271,3.7030854,3.62497,4.5593104,3.9799023,3.8887026,4.034925,3.5098038,3.5056012,3.8699281,3.9136112,3.5605688,3.6905565,3.8570695,3.447905,4.7416053,4.97641,4.8317347,4.383269,4.322867,4.196965,4.301396,4.6351004,2.6922133,2.87022,4.10734,3.947678,3.5195472,4.3880105,3.8328154,3.3494506,3.9232275,3.955276,3.9718878,3.9610496,3.9726853,3.949618,4.4342437,3.956995,4.1482844,4.298345,3.9940374,4.005812,3.8590832,3.8014786,3.4932246,3.7939935,3.5963218,3.702325,4.4307003,4.5334473,3.1460588,3.8712387,4.027765,3.5094693,4.737697,4.4497232,4.4292192,4.5529876,3.273129,3.6394806,3.453592,3.6575236,3.8778834,4.427059,3.9828298,3.9635522,4.105896,3.972124,3.6595008,4.0595703
19,3.5427845,3.5370865,3.2805376,3.299264,3.1200855,3.143397,3.927753,4.0172224,3.66105,3.976733,3.5385852,3.5408368,3.3664873,3.2052093,3.33786,3.332053,3.0220158,3.7700272,1.3271368,0.0,3.7527335,3.7264729,3.6709344,3.6709344,3.0593803,3.7633584,3.8091993,3.5394993,3.699087,3.7659454,3.6094172,4.830956,3.8812332,4.0168343,3.9933956,4.404111,4.1497517,3.8506207,5.109443,5.1984353,4.8084936,4.8961067,4.5314784,4.53059,5.2113376,5.165928,4.926463,5.22112,3.7580786,3.824991,3.7311559,4.067718,3.483604,3.4994986,3.683364,3.4866905,4.826214,4.6181064,3.4104617,3.2985988,4.2774954,3.6941996,3.6441958,3.8181944,3.7969828,3.7573707,4.1388316,4.063618,3.8162498,3.938277,4.0252447,3.6605132,4.5640693,4.7345243,4.6590767,4.1438966,4.082888,4.060149,4.0438933,4.285437,2.4427052,2.6188629,3.8222315,3.691876,3.8505156,3.8983567,3.5420191,3.1105533,3.845512,3.8954191,3.9495978,3.9799976,3.760865,3.8133516,4.139385,3.6885436,3.89027,4.0839067,3.5577662,3.7811248,3.565415,3.5670328,3.2644732,3.5740092,3.302844,3.294779,4.204055,4.2839446,2.7945695,3.5682135,3.7757943,3.2145326,4.497923,4.208387,4.1942577,4.3261347,3.0691857,3.456879,3.2718718,3.4750416,3.6639316,4.243721,3.6906402,3.6889355,3.8578978,3.737222,3.4245832,3.8007445
20,1.2276902,1.0573153,1.250622,1.2593113,1.8498652,1.8083556,2.3052235,2.3940766,2.0899603,2.5947452,1.9918487,1.9993075,1.8997204,1.7076008,1.8268846,1.8121474,1.7840042,3.0945497,4.036731,3.7527335,0.0,0.112250574,0.52388036,0.52388036,1.5023348,1.2643607,1.3823514,1.154583,2.5001717,2.528007,2.553543,2.694939,2.6648886,2.9482763,2.8144736,3.0695457,3.0827987,2.4614463,3.3523693,3.4939132,2.421515,2.557569,2.5536299,2.5622964,3.0674748,2.9408147,2.7242725,2.9450014,2.8290696,2.848359,2.7528617,2.832102,2.2612152,2.2971241,2.5700681,2.1429887,3.7567017,3.5748544,2.0177867,1.953658,3.0999014,3.0166519,3.2722442,3.1378639,3.191254,3.003084,3.2828548,2.637525,2.9825141,3.1447241,3.3896832,3.0364165,3.5419078,3.9600065,3.5387394,3.1745932,3.1721478,3.1801238,3.120366,3.7447946,3.782447,3.721347,2.1215544,2.0247095,2.8688405,2.8936622,2.1177642,3.0671024,3.9653704,3.9779272,3.7103972,3.7340064,1.8733822,2.1911407,3.1160245,3.9812503,2.5643446,2.588774,1.9843771,2.001184,1.9355339,2.097656,1.9194179,1.9398422,2.165933,2.0430515,2.965976,2.2633166,3.164247,2.1097264,3.1414142,2.2847707,3.3576846,2.8977134,2.8312552,3.4920332,2.3793821,1.8178389,2.0575664,1.8502538,2.0479584,2.495976,2.1583498,2.129601,2.306662,2.224518,1.9299707,2.369807
21,1.1889415,1.0139241,1.21209,1.2205824,1.836435,1.7953812,2.2725322,2.364754,2.0590136,2.5665905,1.9585625,1.9650863,1.8869739,1.6656941,1.8114332,1.7952987,1.7851808,3.1007938,4.0119934,3.7264729,0.112250574,0.0,0.43025377,0.43025377,1.4617114,1.2182955,1.3357775,1.1110327,2.4734106,2.4926379,2.5407925,2.6807654,2.6434577,2.9404747,2.8046453,3.050433,3.0794833,2.4515445,3.3609939,3.5043192,2.419123,2.5577629,2.5367634,2.5459728,3.0636942,2.9413228,2.7173178,2.9514918,2.7942913,2.8255196,2.722523,2.801721,2.23645,2.271845,2.5507092,2.109298,3.7343688,3.5555613,1.9940778,1.9251993,3.083893,2.9972985,3.2458153,3.1146505,3.1673918,2.9716728,3.2542555,2.616201,2.962259,3.1270952,3.362541,3.0176003,3.5060956,3.9259417,3.50084,3.1411314,3.1445346,3.15445,3.0893028,3.72455,3.7327292,3.6666884,2.0929992,1.9910142,2.8465781,2.8514607,2.0882676,3.037737,3.9646485,3.976683,3.7012353,3.7228918,1.8527404,2.1730804,3.1007676,3.9626613,2.5344205,2.5560095,1.9664378,1.9888601,1.9105746,2.0799682,1.8816295,1.9031005,2.202713,2.0714998,3.0060117,2.31344,3.17515,2.1580024,3.161374,2.3176353,3.3563957,2.880531,2.8183413,3.4848323,2.354669,1.7994363,2.0316288,1.8275871,2.0325673,2.484911,2.1475663,2.1190536,2.295199,2.2166388,1.9076157,2.352405
22,1.0876895,0.84473854,1.0427313,1.0361519,1.8310711,1.8008239,2.1598208,2.269363,1.9905015,2.448399,1.9054229,1.902401,1.8387269,1.5509684,1.7815157,1.7572536,1.770169,3.0843742,3.9474652,3.6709344,0.52388036,0.43025377,0.0,0.0,1.2806389,1.0485514,1.1038352,0.9897595,2.3414955,2.323939,2.4765322,2.6531706,2.518759,2.8593795,2.704389,2.9179213,3.022179,2.3838134,3.3098779,3.4628694,2.3801408,2.5209537,2.5326385,2.543909,3.0656748,2.9423947,2.6805096,2.971911,2.5979388,2.7061656,2.5551023,2.6954818,2.0944295,2.1306856,2.473384,1.9714035,3.6095605,3.4452484,1.9164959,1.8325026,2.9312923,2.8906746,3.1108267,3.003723,3.1503174,2.9363835,3.2055345,2.6534042,2.9684439,3.1267064,3.2524118,2.9978604,3.4778984,3.8961806,3.4672382,3.1402757,3.1472473,3.1612923,3.079024,3.699689,3.5993657,3.495352,2.0645149,1.9377419,2.7843761,2.8857906,2.0411606,3.018516,3.9983718,3.9998636,3.6934977,3.698882,1.7988892,2.0658274,2.9508047,3.8833668,2.466109,2.4723814,1.9317074,1.9556715,1.8171979,2.026654,1.7399801,1.7724524,2.3506625,2.1859624,3.0614088,2.4863694,3.2601023,2.313361,3.2229307,2.4430006,3.3069053,2.793802,2.7606728,3.4077299,2.2593606,1.6842585,1.9226828,1.691079,1.9866011,2.4374394,2.144608,2.114893,2.2730806,2.2220836,1.8509378,2.344792
23,1.0876895,0.84473854,1.0427313,1.0361519,1.8310711,1.8008239,2.1598208,2.269363,1.9905015,2.448399,1.9054229,1.902401,1.8387269,1.5509684,1.7815157,1.7572536,1.770169,3.0843742,3.9474652,3.6709344,0.52388036,0.43025377,0.0,0.0,1.2806389,1.0485514,1.1038352,0.9897595,2.3414955,2.323939,2.4765322,2.6531706,2.518759,2.8593795,2.704389,2.9179213,3.022179,2.3838134,3.3098779,3.4628694,2.3801408,2.5209537,2.5326385,2.543909,3.0656748,2.9423947,2.6805096,2.971911,2.5979388,2.7061656,2.5551023,2.6954818,2.0944295,2.1306856,2.473384,1.9714035,3.6095605,3.4452484,1.9164959,1.8325026,2.9312923,2.8906746,3.1108267,3.003723,3.1503174,2.9363835,3.2055345,2.6534042,2.9684439,3.1267064,3.2524118,2.9978604,3.4778984,3.8961806,3.4672382,3.1402757,3.1472473,3.1612923,3.079024,3.699689,3.5993657,3.495352,2.0645149,1.9377419,2.7843761,2.8857906,2.0411606,3.018516,3.9983718,3.9998636,3.6934977,3.698882,1.7988892,2.0658274,2.9508047,3.8833668,2.466109,2.4723814,1.9317074,1.9556715,1.8171979,2.026654,1.7399801,1.7724524,2.3506625,2.1859624,3.0614088,2.4863694,3.2601023,2.313361,3.2229307,2.4430006,3.3069053,2.793802,2.7606728,3.4077299,2.2593606,1.6842585,1.9226828,1.691079,1.9866011,2.4374394,2.144608,2.114893,2.2730806,2.2220836,1.8509378,2.344792
24,0.896943,0.8082211,0.6596366,0.63508505,1.4748112,1.5055474,1.5764359,1.678525,2.1301675,2.2434494,1.9619468,1.9553131,1.3309118,1.1569988,1.2188836,1.1686416,1.8995556,3.0595024,3.2604454,3.0593803,1.5023348,1.4617114,1.2806389,1.2806389,0.0,0.93389416,1.3216579,0.8990488,1.4793633,1.6244317,1.6563785,2.515591,2.094163,2.4143856,2.2856426,2.4564662,2.5562034,1.9657923,3.192345,3.3360605,2.837833,2.9248674,2.5465262,2.5443492,3.2695491,3.080251,2.7928553,3.1082625,2.3202832,2.5487907,2.410085,2.8305128,1.851136,1.9033184,2.3127658,1.8392388,3.1421947,2.9123495,2.077711,1.9857553,2.8891447,2.7022188,2.925239,2.9202878,2.8478522,2.7828827,3.1212678,2.8307934,2.7694213,2.8980608,3.1058898,2.723981,3.4017887,3.9457493,3.4715827,3.203547,3.253235,3.3883114,3.1447816,3.6739469,2.8705387,2.9306264,2.1118467,1.8914242,2.4905748,3.047653,2.1658998,2.9384732,3.7362645,3.6526794,3.36575,3.2150483,2.0609162,1.713108,2.7216585,3.4930365,2.200957,2.1807415,1.5179038,1.65553,1.3853894,1.6224319,1.5436559,1.5489316,2.0615728,2.5407524,2.8307588,2.6428463,2.8643556,2.2609854,2.8868885,2.4251103,3.1260133,2.3570812,2.359831,2.8782754,1.7142675,1.2474701,1.4949405,1.3212903,1.6083715,2.1736147,2.0871456,1.986259,2.29218,2.1512344,1.8508896,2.275784
25,0.8756122,0.8202314,1.06977,1.0340794,1.6848259,1.717251,1.8528755,1.9376907,2.3448906,2.5322628,2.227093,2.2129693,1.5576633,1.4759029,1.5104476,1.4698277,2.15861,3.3433554,3.8986437,3.7633584,1.2643607,1.2182955,1.0485514,1.0485514,0.93389416,0.0,1.0526065,0.5695093,1.6091797,1.6790706,1.7770696,1.8614446,2.3487995,2.6507428,2.5145557,2.6767318,2.7622936,2.1465874,3.2968552,3.4273148,2.3763716,2.5128534,2.112196,2.1089237,2.9440022,2.651176,2.3757355,2.6896274,2.5097935,2.7649868,2.6040177,2.9470656,2.1794775,2.22527,2.6414692,2.1359353,3.1273363,2.910753,2.3042212,2.242384,3.1833282,3.0950181,3.328329,3.2850626,2.8944645,2.7872915,3.128518,2.6749237,2.81383,2.9291465,3.1254504,2.7832425,3.4723213,4.0594974,3.5224307,3.251744,3.3286788,3.4894757,3.2020094,3.7991047,3.4836116,3.5026083,2.131571,1.9709243,2.4564283,3.141718,2.3723738,3.201162,3.977969,3.8733673,3.6416144,3.465968,2.3286023,1.9321275,2.956961,3.7850378,2.297968,2.219749,1.833261,1.8733525,1.6706239,1.9299369,1.876037,1.7807733,2.2387853,2.741695,2.979373,2.4380865,3.068765,2.4122913,3.0081034,2.6122103,3.375748,2.493476,2.4846869,3.228947,1.999926,1.4798766,1.6861166,1.5265049,1.795739,2.243663,2.3313584,2.2254748,2.5778208,2.4392974,2.1526885,2.474997
26,1.5228897,1.0730232,1.3006146,1.3202899,2.1505418,2.1736538,2.2827108,2.3519857,2.6373396,2.7975888,2.483668,2.4819326,2.0636153,1.8449578,2.0215197,2.0027368,2.4026484,3.419955,4.001923,3.8091993,1.3823514,1.3357775,1.1038352,1.1038352,1.3216579,1.0526065,0.0,1.2452908,2.0892625,1.9805604,2.3851743,2.4849982,2.3439271,2.5335767,2.3985028,2.5816483,2.6556196,2.0781517,3.2263217,3.3774903,2.3588643,2.463759,2.713229,2.7152128,2.811713,2.5826309,2.3198373,2.6101677,2.5847669,2.8000357,2.541814,2.9766018,2.2050319,2.245838,2.5526452,2.21912,3.3587182,3.132699,2.3466198,2.2443435,3.1982646,3.0040042,3.2516446,3.203549,3.2492428,3.0530748,3.1607533,2.9320123,3.1739652,3.2974513,2.8750482,2.9855003,3.6563373,4.1698775,3.6043289,3.3519318,3.4756422,3.418415,3.2432919,3.6419654,3.6175892,3.307292,2.4507504,2.3048785,2.952115,3.4210675,2.1863325,2.997144,4.067168,3.9972188,3.7666929,3.654987,2.2526865,2.388276,2.6884937,3.5013137,2.545091,2.498015,2.0228302,2.11999,1.9736031,2.071974,1.9391673,1.8726673,2.5889502,2.6624193,3.2353952,2.7437546,3.241728,2.5174842,3.3353527,2.8311563,3.4404538,2.7301743,2.816737,3.3945553,2.0907123,1.6111983,1.8162166,1.5948244,2.0247402,2.5258002,2.4989784,2.4215734,2.6570437,2.678864,2.2457721,2.850414
27,0.7545528,0.86176664,1.1026351,1.0768652,1.526515,1.5582762,1.7854097,1.8642372,2.0696833,2.3150463,1.9455175,1.9383746,1.4205139,1.3197843,1.3942915,1.3491856,1.9164858,3.068895,3.7524788,3.5394993,1.154583,1.1110327,0.9897595,0.9897595,0.8990488,0.5695093,1.2452908,0.0,1.9194156,2.042041,1.9954,2.140772,2.3850183,2.6994967,2.5631495,2.7400098,2.8429186,2.289039,3.4050636,3.544135,2.4230464,2.533742,2.012964,2.0116127,2.9720275,2.7561326,2.4780817,2.781721,2.3962057,2.6383498,2.5267098,2.964711,1.9993266,2.0542722,2.4566197,1.9578943,3.4586537,3.2715926,2.178909,2.1117759,3.0895398,2.9418933,3.1678317,3.1297197,2.9102178,2.8492908,3.2460823,2.5247731,2.818988,2.9606926,3.2381756,2.756709,3.4727137,3.9101193,3.554738,3.264701,3.2455492,3.3654654,3.1680348,3.6387956,3.2730675,3.3638098,1.8784766,1.7718487,2.4757595,3.063383,2.2780275,2.9843001,3.838013,3.7892692,3.474282,3.3878992,2.2123034,1.9313482,2.7627137,3.519498,2.4257371,2.3943207,1.820632,1.9351007,1.639288,1.9167225,1.7264867,1.8676502,2.2000203,2.548808,2.9692645,2.4344544,2.9022388,2.3788729,2.982889,2.4428499,3.16535,2.5752158,2.5412896,3.2443423,2.0462968,1.6270138,1.7833009,1.6737636,1.8569741,2.3845956,2.1198294,2.0509593,2.3852592,2.2027082,1.980714,2.3131735
28,1.7654533,1.7945974,1.6790364,1.6489446,2.1384568,2.1690984,2.1689699,2.2473476,2.9274006,2.9991,2.810701,2.784783,2.025634,2.1962545,1.9419961,1.8973329,2.9487946,3.9191742,3.7933187,3.699087,2.5001717,2.4734106,2.3414955,2.3414955,1.4793633,1.6091797,2.0892625,1.9194156,0.0,0.55632293,0.6342319,1.987129,2.5823069,2.8171573,2.7070682,2.8041217,2.888148,2.3444333,3.5166125,3.62276,3.5586753,3.6137137,2.8381093,2.833285,3.5548742,3.3696287,3.138838,3.4197671,3.251616,3.4629915,3.3105533,3.6328137,2.8932629,2.9151587,3.3149223,2.954073,2.3272917,1.9158269,3.081416,2.9945617,3.6737304,3.4384174,3.7169144,3.7609718,3.0779972,2.985243,3.3288133,3.5111275,3.0036144,3.0957818,3.3798769,2.950469,3.5551589,4.5878696,3.673185,3.4269657,3.6245024,4.0863056,3.449022,4.1698675,3.5796568,3.6973596,3.0797288,2.8235161,2.9716077,3.4675424,3.1824882,3.9420576,4.07292,3.7852273,3.8269892,3.3513958,3.108328,2.1094158,3.4795322,4.1481113,2.551274,2.455636,2.0716827,2.1913385,2.1082032,2.2569876,2.6844332,2.1735468,2.410185,3.6081653,3.3111312,3.0753143,3.1783526,2.7278254,3.1953554,3.2102091,3.9756167,2.6909773,2.7061887,3.1863947,2.1549258,1.8127071,1.9961492,1.9003428,2.1422944,2.513992,3.0945163,2.9142783,3.3550994,3.2122977,2.9417412,3.1631541
29,1.9305038,1.8593678,1.7507162,1.7196549,2.3583078,2.364655,2.3162963,2.4304748,3.068022,3.2255094,2.979478,2.9446943,2.2480724,2.3377085,2.1931531,2.1502924,3.069738,4.0542145,3.8399022,3.7659454,2.528007,2.4926379,2.323939,2.323939,1.6244317,1.6790706,1.9805604,2.042041,0.55632293,0.0,0.92054236,2.016238,2.5985441,2.816371,2.686024,2.7647653,2.9175322,2.3408844,3.5332637,3.6508784,3.5208714,3.5847502,2.9195523,2.9183593,3.5372381,3.3335905,3.0779586,3.397351,3.2380886,3.467067,3.2604144,3.5572178,2.9612296,2.9715106,3.3914552,3.0061533,2.1444492,1.7439853,3.0416682,2.9501526,3.673122,3.386121,3.7006695,3.7477126,3.0135107,2.8526826,3.1470485,3.4601114,2.9299982,3.0101185,3.1248243,2.8642251,3.461583,4.5370226,3.5572543,3.322135,3.526123,3.9856567,3.3304334,4.0996923,3.6962209,3.687625,3.1915317,2.9184413,3.0326545,3.4438078,3.185379,3.9525561,4.190566,3.8991747,3.9361184,3.4604611,3.1547148,2.2285254,3.5057416,4.160285,2.6010025,2.5000167,2.2445602,2.31972,2.2447882,2.3618817,2.7351198,2.1637475,2.6553183,3.6900167,3.5863411,3.261446,3.3435493,2.919423,3.3523953,3.3487356,4.0900736,2.785203,2.816378,3.2972348,2.1454751,1.821024,1.9654862,1.868808,2.2400715,2.6725602,3.1943133,3.017594,3.4506536,3.363055,2.983438,3.2802026
30,1.8470377,1.9876193,1.8680062,1.8257585,2.1130197,2.1271503,2.278451,2.3778768,2.94663,3.135471,2.8743942,2.838625,2.0272992,2.3064916,1.9870709,1.9365282,2.910807,3.911166,3.6939085,3.6094172,2.553543,2.5407925,2.4765322,2.4765322,1.6563785,1.7770696,2.3851743,1.9954,0.6342319,0.92054236,0.0,1.8911283,2.751422,2.963595,2.8505895,2.9919844,3.0534546,2.5082638,3.7021568,3.7956572,3.6273825,3.6870818,2.675223,2.6699355,3.668791,3.468032,3.2366507,3.514108,3.3258834,3.5289164,3.4071343,3.7228494,3.002306,3.0189757,3.446088,3.0473678,2.3633895,1.9878263,3.0903552,3.021408,3.7631476,3.4734373,3.7878191,3.8450694,2.9353173,2.8790839,3.3322735,3.3952527,2.828493,2.9139862,3.4509501,2.8142118,3.523738,4.5696125,3.7088976,3.4094672,3.5327866,4.0790014,3.419462,4.168417,3.6372478,3.8658867,3.0997922,2.8545165,2.8875139,3.4057727,3.341113,4.0044045,4.0184803,3.7216415,3.7979028,3.312112,3.2845552,2.134343,3.63233,4.1830215,2.6773667,2.6059215,2.2413075,2.3266037,2.2392669,2.3826888,2.804106,2.3443668,2.2885747,3.6149065,3.3288903,2.9988675,3.0015397,2.7292762,3.063505,3.0687938,4.0502434,2.8394415,2.7901988,3.2988226,2.182093,1.943481,2.0507488,2.0387778,2.2481797,2.6935093,3.128487,2.9498453,3.441327,3.2460651,2.9855864,3.1339257
