,0,1,2,3,4,5,6,7,8,9,10,11,12,13,14,15,16,17,18,19,20,21,22,23,24,25,26,27,28,29,30,31,32,33,34,35,36,37,38,39,40,41,42,43,44,45,46,47,48,49,50,51,52,53,54,55,56,57,58,59,60,61,62,63,64,65,66,67,68,69,70,71,72,73,74,75,76,77,78,79,80,81,82,83,84,85,86,87,88,89,90,91,92,93,94,95,96,97,98,99,100,101,102,103,104,105,106,107,108,109,110,111,112,113,114,115,116,117,118,119,120,121,122,123,124,125,126,127
0,0.0,1.2824905,1.453394,1.3833026,2.1971076,2.2884219,2.4215074,1.8265839,3.2670782,2.93463,2.7266123,2.6266077,2.6876009,2.4617028,2.043553,2.0635378,1.7406797,1.7679809,2.2143342,1.8269668,1.0174785,2.4410434,1.5745213,1.4799215,2.4926827,2.234814,2.669665,2.7531862,2.0632207,1.7701236,3.3117368,1.8629271,2.8220575,3.0317218,2.6286669,2.6177511,2.9317913,2.6875343,2.4363515,2.7153587,2.4730284,2.6702445,2.5677602,2.9414907,2.4110432,2.641933,3.147106,2.7381818,1.8159579,2.2449746,1.9256777,2.0075448,1.7912042,1.6026275,1.7955033,2.3660522,1.6190807,1.6897725,1.7136445,1.9567696,2.4819233,2.391206,2.5494664,2.2696812,1.9325037,2.4016938,3.1847336,3.1158464,2.430185,2.5945923,2.4252708,2.554931,2.4419801,2.0812852,1.9623116,2.197673,2.2806861,2.486758,1.8962913,1.8962913,3.0998585,2.9630156,2.7829604,2.9174922,2.5322194,2.758408,2.5124502,2.502889,2.934731,3.4965935,3.3779554,3.4561336,2.2157133,3.1601214,3.5749977,3.5704176,2.7752013,1.9227908,1.8974003,1.5931463,2.6354105,2.901787,2.2024906,2.9722714,1.6918323,1.7282224,2.1257074,2.0536585,1.756708,2.214274,2.2666314,2.7394257,3.233295,3.3256266,3.1828966,3.2329748,2.7183409,2.3955867,2.9047298,2.68074,1.8812604,1.8959005,2.359643,2.0899785,1.8817261,2.1375403,2.0423088,2.0423088
1,1.2824905,0.0,1.1959412,1.4234694,2.6811483,2.1969647,2.4146678,1.3755374,3.1482968,3.0623176,2.8522592,2.6922812,2.6034696,2.444468,2.1305585,2.1350691,2.24278,2.1723397,2.254852,2.1519432,1.6586891,2.3342931,1.8465866,1.4870642,2.6022108,2.4157417,2.9234602,2.9266605,2.3136723,2.1882095,3.2789538,2.0302155,2.8708322,3.0784392,2.6083717,2.6096778,2.9032283,2.576689,2.370462,2.7491627,2.4622304,2.4957702,2.5886228,2.4693978,1.8730751,2.561536,3.068336,2.69337,1.8681479,2.1641908,2.017284,2.2980604,1.828949,1.908915,1.6927962,2.291948,1.8447814,1.7651756,2.1586034,2.391604,2.3936346,2.4328134,2.6582804,2.1372223,2.27791,2.4986036,2.9300728,2.8787644,2.483148,2.6873922,2.7811143,2.5755355,2.8143008,2.490064,1.7395793,2.5845163,2.5376253,2.608753,2.2195284,2.2195284,3.107384,2.9872823,2.8210812,3.01791,2.8769963,3.0999038,2.6571732,2.857937,3.0930567,3.3624182,3.312753,3.3560588,2.2602677,3.3103228,3.5269477,3.697747,2.7937124,1.8326806,2.0681512,1.6186961,2.8101707,2.9956002,2.4121265,3.0835505,1.5960605,1.7627099,2.1568162,2.0661874,1.8154128,2.04359,2.1279817,2.448225,2.9660878,3.0263062,2.8421745,2.9465048,2.6938136,2.2877982,2.8679779,2.6697767,1.6554778,1.6797628,2.2276313,1.89317,1.6977539,2.127981,2.0078666,2.0078666
2,1.453394,1.1959412,0.0,0.9152879,2.5492718,2.3684502,2.132286,1.6728489,2.7527099,2.7599084,2.5899167,2.3856997,2.4072628,2.1398232,1.8357136,1.8562267,2.4790976,2.4270983,2.0389476,2.3290563,1.6323684,2.3083303,1.7311809,1.160645,2.3136723,2.0497198,2.9011528,2.917224,2.4839346,2.1293924,3.0904326,1.7248694,2.8924656,3.1065657,2.7371726,2.756986,2.8472407,2.6202223,2.5641847,2.8302166,2.590109,2.672917,2.828403,2.6153166,2.0788026,2.8031318,3.1662142,2.7557175,1.7074577,1.6542789,1.5246775,1.6982396,1.6047301,1.6786402,1.5479207,2.0768602,1.790098,1.7841525,1.959077,2.171386,2.3948712,2.2581794,2.6847465,2.28499,2.130937,2.649836,3.3391776,3.274991,2.5636854,2.876822,2.602362,2.8261886,2.6027935,2.3997855,2.119276,2.6589415,2.5249171,2.5723717,2.0712283,2.0712283,2.8081305,2.6728897,2.6636436,2.8016348,2.901733,3.004969,2.6977909,2.7142434,2.7333002,2.973507,2.9263124,2.9893718,2.258555,3.2666235,3.3840287,3.4084353,2.7064342,2.3059642,2.091011,1.4099113,2.836989,2.855227,2.4676359,3.2182841,1.6086996,1.7076269,2.0234122,1.8593152,1.8406423,1.8851866,1.9681034,2.4494662,3.0813446,3.3168113,2.9851027,3.059164,2.6125765,2.3208482,2.834715,2.4898274,1.5488104,1.5384921,2.2373538,1.8773633,1.6236075,2.3210108,2.1881855,2.1881855
3,1.3833026,1.4234694,0.9152879,0.0,2.5548024,2.6075926,1.3677632,1.7242517,3.124643,2.7809591,2.6204355,2.4124956,2.565214,2.3495417,1.9855206,2.0020752,2.3728185,2.3990772,2.076329,2.3057737,1.5137748,2.2454631,1.7022098,1.4050974,2.4804509,2.208257,2.816708,2.792218,2.4676793,2.0327444,3.423492,1.762172,3.274624,3.4710152,3.1043003,3.1178215,3.2659242,3.0597777,2.938734,3.189137,2.5523062,2.9653351,3.1579463,3.0895705,2.6708505,3.131208,3.4752853,3.1261044,1.7814546,1.8432008,1.6047797,1.8153921,1.7585329,1.7481784,1.6431987,2.223357,1.863774,1.8546121,1.905113,2.1292746,2.4668689,2.3567603,2.6479259,2.3013704,2.550559,2.9834301,3.5587716,3.4976199,2.9546993,3.2687223,2.3968918,3.2139382,2.9364111,2.7662177,2.344457,3.001203,2.875594,2.9265666,2.0310805,2.0310805,3.1328068,3.027492,3.0459085,3.183569,3.2063339,3.3122103,3.0483966,3.0565777,3.0917184,3.4233315,3.3449275,3.4010115,2.7368715,3.512116,3.302642,3.3463926,3.0677128,2.313948,2.2212818,1.6326455,3.0263834,3.252628,2.546388,3.2516348,1.6973187,2.2024364,2.5517812,2.2212136,1.8848507,2.0663686,2.1573634,2.6100774,3.2131176,3.4322095,3.1323106,3.198896,2.529313,2.4627445,3.3913386,2.7224915,1.7446045,1.7406691,2.31958,1.9623101,1.8154463,2.4013753,2.2882574,2.2882574
4,2.1971076,2.6811483,2.5492718,2.5548024,0.0,2.9167519,3.3952537,3.1092494,3.1418633,3.427871,3.2028327,3.1900177,3.3314,2.9004676,2.802552,2.8450675,2.8131506,2.8773723,2.6352844,2.9477777,2.7983398,3.3114302,2.1793718,2.6872602,3.0936072,2.7666404,3.4255676,3.369068,2.720228,1.8970222,2.5086257,2.3572912,3.0628111,3.6509774,3.3870604,3.3820672,3.329527,3.107344,2.7869995,2.9804695,3.0005677,3.124389,2.6578774,3.2869792,3.3445976,2.9243143,3.3421443,2.9428074,2.331332,2.3342342,2.4246142,2.5480795,2.5656335,2.8258858,2.8790019,2.9746304,3.2055407,2.632352,2.8314805,2.9426382,3.6184583,3.5343826,3.630502,3.7267463,2.4373655,3.135407,3.6500638,3.478675,2.7390153,2.9508502,3.0736182,3.0211182,3.0265698,2.865837,2.9404664,2.886376,2.6767569,2.9658813,2.7193856,2.7193856,3.022683,3.020636,2.8552024,3.3577569,3.1792042,3.2957518,3.039096,3.036317,3.1656656,3.402168,3.2695794,3.3833008,2.781434,3.8975427,3.7293527,3.9078314,3.0292614,2.712565,2.7873764,2.3384044,3.1453607,3.3354132,3.0241356,3.9115684,2.5513954,2.3222303,2.981977,2.447838,3.42961,2.8193402,2.7138324,3.116792,3.5693092,3.7635026,3.5760496,3.5348883,3.155507,3.0396838,3.5690508,3.4174564,3.1231723,3.1916044,3.335135,2.9551551,3.132325,3.4040298,3.2935157,3.2935157
5,2.2884219,2.1969647,2.3684502,2.6075926,2.9167519,0.0,3.3162937,2.6960928,3.5944605,3.4376328,3.0557857,3.2002885,3.5314016,3.1791143,3.039736,3.0721178,1.7463931,1.6133289,2.3941662,1.6373395,2.4625304,2.6257977,2.087627,2.0850317,2.7016232,2.2884457,3.2194695,3.1249833,1.6758939,2.6178403,3.5478415,2.390694,2.796433,3.1350582,2.6447203,2.5943654,2.8748825,2.5103562,2.63181,2.8131988,2.5349224,2.8329422,2.075554,2.5080783,2.704968,2.9149144,3.3520308,3.0128415,2.5976083,2.4700727,2.2743447,2.4511693,2.546814,2.9416103,2.4545865,2.5486891,2.8371165,2.6167262,2.6480536,2.6894178,3.1039987,3.0589826,2.9627833,3.2477503,2.3683786,3.1791823,3.568466,3.5199678,2.7254548,2.0676322,2.1096935,2.0819962,3.0459642,3.0079348,3.0749154,2.4799962,2.526193,2.5907638,2.6320698,2.6320698,3.5215156,3.529695,3.088557,3.6455529,3.399846,3.5473216,2.850719,2.8235745,3.255838,3.41611,3.3673446,3.4416797,2.5405319,3.7094145,3.7572641,3.8462973,2.4047906,1.7255422,2.1862562,2.044292,2.746334,2.859879,2.5917785,3.1410127,1.8774706,1.9259869,2.8835196,2.228653,2.6353745,2.7512903,2.7275712,2.903484,2.5744944,2.9331374,2.5214636,2.6319473,2.065594,1.5966518,2.2423415,2.5108125,2.346371,2.4520006,2.5715005,2.0051425,2.4300013,2.090274,1.9795902,1.9795902
6,2.4215074,2.4146678,2.132286,1.3677632,3.3952537,3.3162937,0.0,2.3303468,3.9943247,3.4104104,3.2806144,3.116163,3.1583943,3.098985,2.8201478,2.820527,3.0026166,3.0331454,2.7556658,2.9427543,2.4056256,2.8737972,2.4293008,2.3759308,2.9821203,2.7408512,3.401213,3.2392788,3.0772557,2.8085463,4.230411,2.6031854,4.302778,4.4631996,3.9969532,3.9978404,4.1824074,3.9837875,3.8455806,4.171089,3.1214848,3.7770083,3.9848583,3.8866875,3.742781,3.9660084,4.1383405,4.059041,2.7905104,2.6472676,2.4890163,2.6477664,2.5915759,2.6814318,2.3622704,2.8401992,2.661782,2.575221,2.6606266,2.8049562,3.1499898,3.0442657,3.084332,3.0444674,3.6974385,4.012137,4.517751,4.4750586,4.0414605,4.2903256,2.6438036,4.1815715,4.0514703,3.9235792,3.3512454,4.1202345,3.9489696,3.9323165,2.8061743,2.8061743,4.1492863,4.0928836,4.2046103,4.3197317,4.252641,4.4355965,4.108409,4.09176,4.1175737,4.3867874,4.320139,4.3791304,3.8306155,4.4412255,3.6991851,3.8109417,4.001732,3.053111,3.0379066,2.6062946,3.852881,4.3797235,3.172169,3.5914266,2.429193,3.3195183,3.681222,3.2980857,2.6420054,2.7366881,2.883543,3.151815,3.6835418,4.003728,3.6072636,3.6765003,2.7871366,3.0518034,4.342556,3.3613126,2.5455196,2.558337,2.9170325,2.5823214,2.630201,3.037257,2.93442,2.93442
7,1.8265839,1.3755374,1.6728489,1.7242517,3.1092494,2.6960928,2.3303468,0.0,3.0748637,2.9686232,2.7788546,2.5642955,2.1737032,2.5524273,2.2930958,2.2751493,2.7281811,2.7357383,2.7688792,2.6106257,1.992929,2.4112513,2.0771422,1.7885252,2.4616055,2.2271369,3.0810504,2.884538,2.9280045,2.7751539,3.729607,2.7760806,3.1850643,3.4063873,2.986726,2.9564388,3.2471094,2.9218726,2.8030612,3.0562396,2.7081246,2.7271936,2.8018224,2.816985,2.2566895,2.6952467,3.2691443,3.0206847,1.8994662,2.1765637,2.125927,2.2299817,2.134995,2.238183,1.8039641,2.4713569,1.9837419,1.7906944,2.4217875,2.6655173,2.7417123,2.6638458,2.7562368,2.4458444,2.9171011,3.0220573,3.8400376,3.7709796,3.1426835,3.2442443,3.009618,3.1908548,3.3558052,3.1098125,1.9191836,3.1199486,3.1360106,3.1272686,2.709397,2.709397,3.4965835,3.390865,3.308041,3.4658024,3.608592,3.7511876,3.3212001,3.4896543,3.378188,3.6732242,3.6287422,3.6472104,2.8520515,3.7817304,3.6356823,3.9021327,2.9497147,2.3743162,2.4516883,2.0236616,3.0529718,3.269365,2.4811273,3.1359158,2.1497183,2.339127,2.7283182,2.6753488,1.9643605,2.1805358,2.2497816,2.4240115,3.4827952,3.3972075,3.3254132,3.4593408,2.8583703,2.5180948,3.3004503,2.986963,1.8588558,1.9053513,2.3331013,2.0159097,1.873953,2.2466812,2.146085,2.146085
8,3.2670782,3.1482968,2.7527099,3.124643,3.1418633,3.5944605,3.9943247,3.0748637,0.0,2.0446343,1.8883746,1.7498937,2.3887277,1.9880599,2.0552897,2.0871086,3.616168,3.6571057,2.8679957,3.440265,3.2346635,2.6357954,2.5480263,2.5428696,2.924969,2.6961036,3.624735,3.4210217,3.3235748,3.0197814,2.7731407,2.8895583,2.6152732,2.9363866,3.062361,3.1524096,2.9209666,2.7145746,2.7333126,2.427724,3.1232307,2.3628068,3.0898106,2.582548,2.7037528,2.352904,3.0574577,2.0558767,2.3471014,1.8891994,2.205913,2.0833275,2.8180814,3.0967674,2.907919,2.933947,2.8053849,2.3084795,3.0432816,3.215727,3.5965755,3.5195448,3.908515,3.7095904,2.5934708,2.501348,3.535374,3.3696146,2.7477715,2.8652105,3.660737,2.9620366,3.012289,3.1885056,3.178822,3.3142912,2.851312,2.8379672,2.9262486,2.9262486,2.4768033,2.501894,2.3513505,3.2472813,3.4929237,3.1895707,3.3097777,3.4064546,2.199458,2.3257558,2.2064135,2.309735,2.7542217,3.7025988,3.571519,3.7709177,2.4240909,3.132566,3.0354517,2.6004064,2.6423676,2.479421,2.814529,3.8485057,3.377087,2.7604294,3.123326,2.5400624,3.2297935,2.9474509,2.7682412,2.868062,3.6646383,3.6915724,3.6486564,3.6753922,3.3710737,2.9919736,3.1638484,3.4783595,3.057553,3.1341424,3.1054103,2.8318677,2.9945557,3.4760547,3.4131007,3.4131007
9,2.93463,3.0623176,2.7599084,2.7809591,3.427871,3.4376328,3.4104104,2.9686232,2.0446343,0.0,0.95923066,0.99594086,2.34179,1.942736,1.9455234,1.9955387,3.0675888,3.2037868,2.703902,2.96303,2.504706,2.1362693,2.1773465,2.378269,2.4851918,2.6218696,3.5795987,3.345659,2.8154113,3.0263488,3.8312628,2.7569768,2.6416633,2.5601642,2.7699223,2.8774958,2.8470998,2.7187026,2.8216984,2.4706843,2.4088724,2.5376754,3.2368026,3.0958178,3.2497637,2.6462917,3.3754551,2.4145021,2.184535,2.246848,1.9469457,1.8191501,2.1921823,2.5685098,2.2979565,2.3070207,2.3112812,2.04593,2.3011417,2.4650128,2.652505,2.565166,2.9935353,2.8989618,2.8608282,2.482058,3.766675,3.6674147,3.020696,2.9251602,2.8341281,3.0602763,3.243172,3.4118555,3.2950556,3.3833678,3.1318517,3.2116218,2.1384425,2.1384425,3.0086062,3.0698555,2.6835072,3.566108,3.3429124,2.9960048,3.6931095,3.732496,2.6020741,3.3069048,3.193602,3.2876658,3.1878095,4.2534027,3.6941543,3.8541923,2.3615055,2.7009177,2.1557624,2.4012973,2.2410977,2.4953034,2.2663112,3.2070162,3.3700554,3.110555,2.9838834,2.3196113,2.4379356,2.8324776,2.640425,2.632701,3.5044343,3.327785,3.4957511,3.5570974,2.9151185,2.6688323,3.2882023,3.330346,2.925382,3.0169742,2.4667559,2.6896613,2.8713846,3.0947633,3.0540953,3.0540953
10,2.7266123,2.8522592,2.5899167,2.6204355,3.2028327,3.0557857,3.2806144,2.7788546,1.8883746,0.95923066,0.0,0.5357831,2.2569835,1.7638493,1.7483289,1.7930373,2.7630062,2.8990996,2.579961,2.6836262,2.292001,1.9175915,1.9327759,2.1764557,2.6645708,2.4659212,3.532656,3.3207204,2.522111,2.8835824,3.7504263,2.5828755,2.6275017,2.619383,2.7011948,2.8103025,2.9782999,2.714175,2.7985866,2.4516697,2.4381998,2.3606615,2.8866467,2.8911033,3.092358,2.404072,3.1833913,2.1740174,1.9593006,2.1148968,1.7456018,1.6618844,2.4124708,2.7815337,2.5259883,2.5709538,2.0904548,1.8179592,2.5140955,2.6686006,2.9421318,2.8696098,3.1959693,3.1660376,2.6754887,2.4932752,3.5934718,3.5017383,2.8436477,2.6413918,2.6678116,2.8292594,3.0831888,3.294783,3.1457183,3.126557,2.9876237,3.0909228,2.294394,2.294394,2.953631,3.0103734,2.4827034,3.428043,3.4837065,3.173768,3.2317731,3.30249,2.414427,2.9701443,2.8935661,2.950682,2.9895139,4.088913,3.6917524,3.8646104,2.1291704,2.3618991,2.2675753,2.1453226,1.9083563,2.1984923,1.9792569,2.9253097,3.191378,2.729086,3.1393404,2.2147224,2.5738575,3.0436213,2.8570983,2.927469,3.3085155,3.4733093,3.299425,3.3796296,2.7558932,2.4564471,3.0721712,3.16785,2.7150135,2.8085427,2.6881745,2.476125,2.6658301,2.7766564,2.7589622,2.7589622
11,2.6266077,2.6922812,2.3856997,2.4124956,3.1900177,3.2002885,3.116163,2.5642955,1.7498937,0.99594086,0.5357831,0.0,2.1533282,1.708955,1.596604,1.631447,2.8402865,2.9896507,2.5527904,2.7593956,2.2021816,1.840618,2.006199,2.070465,2.6367502,2.4689846,3.4228733,3.2502007,2.6751313,2.7948818,3.680821,2.5088017,2.7148402,2.7248685,2.8067808,2.9096084,3.0538874,2.8025305,2.873075,2.5555186,2.5363817,2.4156752,3.0680847,2.9506528,2.9205136,2.4776309,3.2560453,2.2813337,1.7325999,2.010633,1.6952955,1.6092929,2.365682,2.6114042,2.4382842,2.599795,1.9451723,1.738384,2.4935856,2.7051206,2.868766,2.7816424,3.1882336,2.9979606,2.6760209,2.4759283,3.6002886,3.5046828,2.859778,2.7979927,2.8274665,2.97746,2.9629517,3.1591492,2.861417,3.1070383,2.9559193,3.043111,2.238448,2.238448,2.8102684,2.8183098,2.4074447,3.218371,3.488692,3.1753333,3.1829844,3.3051546,2.375603,2.9234824,2.8488567,2.8908126,2.9209254,3.9449441,3.585914,3.7728667,2.296055,2.5006413,2.3579168,2.1317923,2.0894666,2.274736,2.105646,3.068175,3.0938787,2.7014174,3.0265198,2.2387543,2.4339752,2.9101746,2.7720702,2.8752227,3.474261,3.5264802,3.438354,3.5218773,2.8871148,2.5701144,3.2178743,3.193274,2.570848,2.6346555,2.6525028,2.4525087,2.5206208,2.8019214,2.761264,2.761264
12,2.6876009,2.6034696,2.4072628,2.565214,3.3314,3.5314016,3.1583943,2.1737032,2.3887277,2.34179,2.2569835,2.1533282,0.0,1.2853988,1.4489927,1.4207411,3.6346962,3.606674,2.909867,3.5157452,2.5282166,3.1708086,2.0034096,2.1530433,2.6266048,2.4057744,3.5059001,3.1512249,3.434533,3.4683056,3.8972228,3.1060188,2.68746,2.7581882,2.862509,2.919375,3.0043375,2.7898915,2.5864432,2.5109537,2.675709,2.2803295,2.8205914,2.7045805,3.013493,2.3074114,3.112873,2.1512952,2.5095148,2.550479,2.371914,2.3136454,2.3443367,2.965623,2.3757546,2.4420292,2.1728153,1.7349545,2.6750953,2.7483711,2.9118025,2.843566,3.2239702,3.0114975,3.1144185,2.9970446,4.029335,3.9311962,3.277378,3.378843,3.3971634,3.4744937,3.8865304,3.7797613,3.2099671,3.8179421,3.4422412,3.440212,2.941855,2.941855,3.4655547,3.5604408,3.4066148,4.1879516,3.6531522,3.5388823,3.6409867,3.6864479,3.5147722,3.8312216,3.7457445,3.81584,3.3022184,4.314221,4.1774397,4.4159164,2.8859262,2.821147,2.6800163,2.2259834,2.3767464,2.978718,2.3500373,3.2711103,3.0896869,2.8105552,3.215721,2.3734283,2.7557976,3.061365,2.8385103,2.8542333,3.7001495,3.7895837,3.6232283,3.7162466,3.1982317,2.9447546,3.4228203,3.6280234,2.923108,3.027351,2.80384,2.5777025,2.9114742,3.3532853,3.2865987,3.2865987
13,2.4617028,2.444468,2.1398232,2.3495417,2.9004676,3.1791143,3.098985,2.5524273,1.9880599,1.942736,1.7638493,1.708955,1.2853988,0.0,0.6586618,0.7015444,3.1563842,3.1004467,2.178011,3.0380042,2.279524,2.935832,1.5997488,1.86583,2.3122947,2.128918,3.2674515,3.0410407,2.7196414,2.8425767,3.269778,2.247641,2.3605897,2.4348934,2.532402,2.6476986,2.6859038,2.4307432,2.250293,2.1689646,2.4062045,1.9737576,2.6933575,2.419595,2.8687248,2.0118084,2.8081722,1.592973,2.2508855,2.2810707,2.0643091,1.9984529,2.0933082,2.7468889,2.2968843,2.2138214,1.9108992,1.3573483,2.489809,2.592851,2.7565913,2.6780586,3.1452963,3.0632524,2.5368025,2.4371493,3.5664291,3.4607122,2.6596415,2.8081102,2.9014235,2.9673936,3.3452213,3.3184175,3.0836868,3.3811965,2.8183413,2.8645685,2.2787406,2.2787406,2.931559,3.0486727,2.8916745,3.8398614,3.2098372,3.0815454,3.091422,3.1504152,3.0089037,3.3224034,3.2231667,3.3161032,2.77031,3.9224598,3.778421,4.0256743,2.5389855,2.51075,2.2943537,1.8020927,1.832146,2.597939,2.010764,3.034049,2.7764764,2.39818,2.892262,1.6874876,2.668526,2.922289,2.6663241,2.726618,3.435297,3.5718036,3.4127405,3.472354,2.8694293,2.5788481,3.1098325,3.3719912,2.7687485,2.8706257,2.640133,2.3358219,2.7508135,3.2110848,3.1471562,3.1471562
14,2.043553,2.1305585,1.8357136,1.9855206,2.802552,3.039736,2.8201478,2.2930958,2.0552897,1.9455234,1.7483289,1.596604,1.4489927,0.6586618,0.0,0.120007046,2.7801967,2.7496731,2.0204716,2.6804755,1.8457891,2.6196222,1.4870168,1.4886458,2.2766745,2.0534513,2.8608966,2.7352133,2.5147922,2.4884837,3.2126405,1.9690989,2.4285924,2.5043173,2.534362,2.6332178,2.72111,2.4836788,2.304202,2.2508135,2.377936,1.9979483,2.7633545,2.5020163,2.5868497,2.102122,2.8689334,1.7662942,2.0076158,2.137777,1.8966101,1.8075397,1.9909507,2.3827739,2.1094663,2.2293546,1.4290447,1.100548,2.200886,2.3729146,2.604255,2.5155592,2.9868267,2.7358446,2.2780788,2.2340825,3.3774633,3.277269,2.5446208,2.7053246,2.7531438,2.8279865,2.9219797,2.8935106,2.709042,3.0361583,2.527755,2.5707529,1.9650873,1.9650873,2.807893,2.8426294,2.744472,3.497701,2.9958308,2.8902247,2.8232298,2.8848376,2.855383,3.2451382,3.1174183,3.2132533,2.5194845,3.4635868,3.5611317,3.7195034,2.587884,2.3517518,2.188713,1.6722536,1.8088174,2.5389643,1.8668283,2.954056,2.437289,2.18208,2.6521244,1.6749628,2.286198,2.6961572,2.547674,2.7213671,3.377677,3.4411218,3.3463223,3.405188,2.7626462,2.4429202,3.0274038,3.1385918,2.4584022,2.5179825,2.5023346,2.1653352,2.4373443,2.946129,2.8632576,2.8632576
15,2.0635378,2.1350691,1.8562267,2.0020752,2.8450675,3.0721178,2.820527,2.2751493,2.0871086,1.9955387,1.7930373,1.631447,1.4207411,0.7015444,0.120007046,0.0,2.8066247,2.7748625,2.0991511,2.7105308,1.8618516,2.64288,1.5456582,1.4954206,2.3251197,2.1009784,2.850716,2.7321415,2.571566,2.5320315,3.262793,2.0349119,2.4863179,2.5549448,2.5909333,2.6872067,2.7972853,2.5547454,2.3620834,2.3058195,2.4451337,2.0502548,2.807891,2.5383375,2.6038413,2.142634,2.91242,1.8188889,2.0398061,2.183451,1.9512323,1.8661402,2.0383768,2.4111269,2.1473436,2.2956285,1.4237889,1.1275127,2.2565045,2.4295404,2.6532612,2.5663915,3.0348945,2.7536652,2.34197,2.2925122,3.4210732,3.3212893,2.6300159,2.7650392,2.8120887,2.8885431,2.9601896,2.9364922,2.7154381,3.0790193,2.585741,2.6208615,2.0299678,2.0299678,2.8766549,2.9047089,2.8099756,3.5329852,3.0693355,2.9646442,2.8680632,2.9375222,2.9289489,3.3121066,3.1853814,3.2793496,2.5840802,3.4760985,3.6025565,3.7605233,2.6593306,2.3925023,2.2582178,1.7421561,1.8262576,2.5860038,1.8896611,2.9801805,2.4528522,2.219158,2.6898267,1.7417742,2.316685,2.7255132,2.6042788,2.7776496,3.4104347,3.472618,3.3720527,3.4341156,2.79032,2.4737008,3.0727758,3.1610932,2.497266,2.5479786,2.566874,2.2204716,2.4796984,2.9862537,2.8972127,2.8972127
16,1.7406797,2.24278,2.4790976,2.3728185,2.8131506,1.7463931,3.0026166,2.7281811,3.616168,3.0675888,2.7630062,2.8402865,3.6346962,3.1563842,2.7801967,2.8066247,0.0,0.52236605,2.382533,0.5897786,1.8521944,2.1853302,2.0641549,1.9930747,2.682121,2.4414995,2.799158,2.9001038,1.1796438,1.793817,3.550931,2.0822775,3.1472735,3.3654335,2.954165,2.9362197,3.2730699,2.9860837,2.9392717,3.051743,2.6584663,3.031034,2.7992227,3.2150512,2.9265268,3.0560203,3.5439267,3.184575,2.442846,2.5929356,2.3562677,2.366415,2.5455205,2.3721983,2.426736,2.8135724,2.2830296,2.2999547,2.2434487,2.4484076,3.0905852,3.0059962,2.9143586,3.026575,2.264797,2.7638874,3.5120375,3.4481146,2.7947016,2.255865,1.8584857,2.248144,2.4728897,2.4382198,2.706965,2.0936239,2.3376887,2.5027235,1.9930371,1.9930371,3.563392,3.4527228,3.0838983,3.3186648,3.1108005,3.2703671,2.85366,2.839214,3.129712,3.6673071,3.5372221,3.645165,2.5297177,3.3114982,3.5670307,3.544326,2.8633258,1.9071031,2.1438868,2.2956305,2.6325521,3.0649192,2.3019536,2.994224,1.9984822,2.306085,2.822435,2.5503469,2.1983156,2.6177752,2.7648735,3.0559402,2.9798,3.0353928,2.973134,3.0230014,2.2118351,1.8831391,2.774032,2.4760513,2.3214138,2.3396342,2.6067896,2.292679,2.3274775,1.9770911,1.8625448,1.8625448
17,1.7679809,2.1723397,2.4270983,2.3990772,2.8773723,1.6133289,3.0331454,2.7357383,3.6571057,3.2037868,2.8990996,2.9896507,3.606674,3.1004467,2.7496731,2.7748625,0.52236605,0.0,2.3725467,0.4761017,1.9824363,2.3968828,2.0759678,1.934903,2.6227689,2.4015281,2.7265055,2.850602,1.173736,1.8321159,3.425509,2.0614223,3.163501,3.3823519,2.9577863,2.9496658,3.2487214,2.948283,2.8791907,3.05893,2.7354312,3.0339026,2.7803202,3.1216383,2.8683813,3.0418425,3.485199,3.1497927,2.62929,2.6378748,2.4709165,2.4829519,2.513946,2.3812416,2.389433,2.7588544,2.3029683,2.2899747,2.3102515,2.5000896,3.169512,3.0856817,2.9941084,3.1229835,2.2708774,2.7227468,3.4869442,3.424306,2.7727509,2.2653718,1.8541586,2.213172,2.5881004,2.503909,2.7832596,2.1552503,2.3316183,2.4404209,2.0708523,2.0708523,3.698395,3.5942047,3.2687936,3.5015647,3.0828707,3.3039515,2.9345214,2.9001393,3.2584493,3.6980288,3.5665565,3.678456,2.5130143,3.2083616,3.5381804,3.5203798,2.926766,1.9277123,2.130889,2.2790067,2.599946,3.114495,2.2627904,2.9793477,1.9371036,2.2397096,2.764422,2.51163,2.290618,2.5563881,2.6846356,2.9925985,2.911237,2.9809282,2.903502,2.9501033,2.111633,1.7792127,2.68165,2.3794873,2.360817,2.3825612,2.626418,2.290391,2.3626308,1.9888633,1.9147877,1.9147877
18,2.2143342,2.254852,2.0389476,2.076329,2.6352844,2.3941662,2.7556658,2.7688792,2.8679957,2.703902,2.579961,2.5527904,2.909867,2.178011,2.0204716,2.0991511,2.382533,2.3725467,0.0,2.2929847,2.2284832,2.721512,1.4410051,1.9567039,1.9184963,1.6031562,2.8385315,2.6015723,1.6644753,2.0677073,2.8250563,1.0312288,2.499458,2.8453362,2.3297267,2.348088,2.1418445,1.9791788,2.1192813,2.4630907,1.6683407,1.9787344,2.52432,2.2270937,2.6314678,2.3982701,2.7443485,2.3394086,2.20112,2.0307236,1.8188988,1.831885,2.0658722,2.65718,2.044862,1.7355616,2.3025744,1.8124913,2.0067134,2.1092687,2.2597153,2.1877923,2.3128245,2.745809,1.9618598,2.5666463,3.2978888,3.2291033,1.9745864,2.3530247,1.9542363,2.3140974,2.7862394,2.7269523,2.9376824,2.8685029,1.8770611,1.9015799,1.4415299,1.4415299,2.2840009,2.424389,2.6352575,3.5442858,2.7129154,2.8984702,2.4574156,2.44409,2.7482772,2.999323,2.8560488,2.980604,1.9147649,3.3640277,2.865063,3.084683,2.339463,2.0348222,1.8838458,1.369636,2.6959329,3.061422,2.4064407,2.9892716,1.6484838,2.0180001,2.7275,1.7039608,2.2329834,2.5206518,2.223567,2.2596416,3.107121,3.0409148,3.147509,3.1779377,2.4004695,2.1254835,2.8943853,3.176676,2.16939,2.335721,1.7664214,1.2719626,2.2084615,2.7180169,2.5990715,2.5990715
19,1.8269668,2.1519432,2.3290563,2.3057737,2.9477777,1.6373395,2.9427543,2.6106257,3.440265,2.96303,2.6836262,2.7593956,3.5157452,3.0380042,2.6804755,2.7105308,0.5897786,0.4761017,2.2929847,0.0,1.9785838,2.0582917,2.034076,1.7963048,2.5016327,2.2829952,2.7484093,2.8289673,1.2137338,1.774755,3.362349,2.0568314,3.1023872,3.3378353,2.957293,2.9522367,3.1432078,2.8712823,2.8936532,3.0117323,2.6057832,2.9392474,2.793386,3.0713937,2.703004,3.0259118,3.4892352,3.1263266,2.5050344,2.3982446,2.2918525,2.2804997,2.4446604,2.2527013,2.2325842,2.6173303,2.2330725,2.2197156,2.1624281,2.3901002,3.0635567,2.9680092,2.9118059,2.9989355,2.247275,2.642662,3.4617922,3.3927243,2.706124,2.1937714,1.7009314,2.122329,2.457435,2.4050128,2.665492,2.0468826,2.3012807,2.3802621,1.9554497,1.9554497,3.572221,3.4533873,3.1047082,3.3205388,3.0399935,3.2007,2.9512758,2.9275067,3.050477,3.4573693,3.3310778,3.4476337,2.4130933,3.1444836,3.380119,3.3507292,2.7854173,1.8981194,2.0190153,2.2012882,2.548347,2.9595404,2.1865542,2.9689615,1.9354408,2.2644064,2.7044594,2.4844415,2.0728543,2.3424692,2.4613698,2.7691658,2.7360291,2.7526324,2.7221386,2.7741303,1.9049052,1.549658,2.5361593,2.1137886,2.0930808,2.114085,2.3916972,2.0978792,2.0827067,1.6927701,1.619227,1.619227
20,1.0174785,1.6586891,1.6323684,1.5137748,2.7983398,2.4625304,2.4056256,1.992929,3.2346635,2.504706,2.292001,2.2021816,2.5282166,2.279524,1.8457891,1.8618516,1.8521944,1.9824363,2.2284832,1.9785838,0.0,2.2288184,1.5897379,1.5379944,2.4980516,2.2704284,2.851322,2.8887103,2.0928016,2.3291566,3.90649,1.9610194,2.8456216,2.810953,2.3807375,2.3971326,2.8868542,2.6552134,2.5677402,2.740196,2.3116686,2.57016,2.7084072,2.9694705,2.5973573,2.6333363,3.143546,2.6688242,1.731922,2.417898,1.7728481,1.8041145,1.8251518,1.8466092,1.8805474,2.3345394,1.0897033,1.5619,1.7030597,1.9010714,2.0769544,1.9668584,2.2294993,1.9688382,2.126201,2.4564316,3.363143,3.3441284,2.617805,2.6725836,2.3631968,2.6859994,2.5243304,2.3902342,2.3014464,2.4736693,2.4799337,2.679259,1.7281597,1.7281597,3.0426342,2.945101,2.7220416,2.9916592,2.758788,2.860732,2.5024652,2.4883015,2.8639655,3.575771,3.4798021,3.5419323,2.4539096,3.461907,3.737275,3.6988535,2.6116388,1.9218491,1.794049,1.5792663,2.4498155,2.792505,1.965708,2.5572565,2.011074,1.947616,2.2764776,2.0281813,1.4794792,2.6068044,2.6581883,2.995433,3.3600888,3.4937208,3.3113263,3.399388,2.8367383,2.4786043,2.9363945,2.9006584,1.9762908,1.9888932,2.3298843,2.1117854,2.0013497,2.248887,2.1306727,2.1306727
21,2.4410434,2.3342931,2.3083303,2.2454631,3.3114302,2.6257977,2.8737972,2.4112513,2.6357954,2.1362693,1.9175915,1.840618,3.1708086,2.935832,2.6196222,2.64288,2.1853302,2.3968828,2.721512,2.0582917,2.2288184,0.0,2.309994,2.0616364,3.0020678,2.7910821,3.203066,3.1277363,2.420086,2.4538763,3.6991632,2.5616336,3.2332633,3.3589675,3.030046,3.0621884,3.2238665,2.9978518,3.1096087,3.0710828,2.6251023,2.8170173,3.1706998,3.007827,2.531735,3.0225112,3.4716573,3.0648437,1.9274629,1.7842948,1.6676166,1.85364,2.426318,2.2591095,2.2355244,2.702402,2.221716,2.2706735,2.2442856,2.495791,2.8806908,2.8952334,3.0083852,2.6316707,2.6028924,2.620802,3.1243925,3.0643647,2.936552,2.7879562,2.6884637,2.6356611,2.5647647,2.7555377,2.6276114,2.7172248,2.8783011,2.9068542,2.2984834,2.2984834,3.0403037,2.896798,2.5002046,2.730421,3.3453093,3.2359653,3.2049403,3.2957904,2.3435626,2.8158228,2.7325768,2.790222,2.8006625,3.4693646,3.227998,3.2004604,2.5278065,2.1340826,2.3755376,2.340247,2.907806,2.7849224,2.4773598,3.1790915,2.6474802,2.6488671,2.8360171,2.7608306,2.0405445,2.3357701,2.4861453,2.748133,2.8270578,2.9365373,2.7705712,2.8586576,2.5742912,2.305911,2.996465,2.5553408,2.0698316,2.083349,2.4555066,2.2849228,2.0449183,2.091902,2.017686,2.017686
22,1.5745213,1.8465866,1.7311809,1.7022098,2.1793718,2.087627,2.4293008,2.0771422,2.5480263,2.1773465,1.9327759,2.006199,2.0034096,1.5997488,1.4870168,1.5456582,2.0641549,2.0759678,1.4410051,2.034076,1.5897379,2.309994,0.0,1.3917396,1.8331741,1.3826784,2.7959867,2.4801466,1.646849,2.0442104,3.0299473,1.5918244,2.1611485,2.448231,2.0597298,2.0752392,2.2630622,1.9689977,1.7490804,1.9714032,1.5803282,1.7990369,1.9243577,2.092898,2.6389372,1.91103,2.537755,1.8789284,1.7871305,1.6815711,1.2897125,1.344934,1.503366,2.2129183,1.5687064,1.5648093,1.7884115,1.1329874,1.5295342,1.5810028,2.2686696,2.202144,2.2879705,2.5664024,1.8968983,2.3620925,3.2123804,3.1193233,2.2209375,2.2519522,1.8681401,2.258789,2.9324546,2.8083699,2.784537,2.7860413,2.2763088,2.3814137,1.6873331,1.6873331,2.723628,2.8264809,2.6339157,3.524219,2.7116802,2.8053029,2.6628501,2.5872662,2.6870852,3.177177,3.0458293,3.1649914,2.2605042,3.6275148,3.3205094,3.489511,2.063426,1.5045693,1.5429091,1.0542077,2.1024337,2.6520517,1.7973394,2.619121,1.8165417,1.8172863,2.592488,1.5034662,1.9830806,2.283609,2.0492444,2.1784813,2.7520423,3.0413077,2.7660463,2.8186853,2.0830889,1.8516742,2.6399434,2.8201902,2.057927,2.236006,1.8330634,1.3656787,2.0748355,2.3316343,2.2361374,2.2361374
23,1.4799215,1.4870642,1.160645,1.4050974,2.6872602,2.0850317,2.3759308,1.7885252,2.5428696,2.378269,2.1764557,2.070465,2.1530433,1.86583,1.4886458,1.4954206,1.9930747,1.934903,1.9567039,1.7963048,1.5379944,2.0616364,1.3917396,0.0,2.1045501,1.7817296,2.6336498,2.5894992,2.0521863,2.0079365,3.1238556,1.8088727,2.4142492,2.6416397,2.6478193,2.6642842,2.760123,2.5303528,2.4165192,2.3518968,2.3591232,2.4055223,2.624705,2.5050154,2.195286,2.6323516,3.323865,2.4549353,1.947221,1.7217737,1.6129351,1.6275225,1.7877462,1.8014828,1.5232377,2.0337353,1.635962,1.5844791,1.6892015,1.8982761,2.513449,2.390982,2.8019474,2.3961496,2.0258613,2.5273468,3.3485842,3.2486517,2.61637,2.3871965,2.1726515,2.471059,2.6060612,2.4560144,2.3914144,2.4612415,2.3955548,2.4070845,1.9245957,1.9245957,3.0715096,2.9995842,2.7142243,3.1397088,2.8844063,2.801562,2.7948387,2.767274,2.8375618,3.1906974,3.0880973,3.2063324,2.289373,3.1907969,3.5583775,3.5577068,2.6222143,2.0283444,1.959087,1.5783937,2.104588,2.415099,2.146735,3.2170217,1.6360406,1.9237679,2.3687832,1.6442719,1.6117698,1.9840256,2.0544527,2.3906667,2.6472073,2.8802493,2.5707293,2.6499796,1.938543,1.5860724,2.3913004,2.086511,1.5820702,1.602121,2.024904,1.6495342,1.6259226,2.032582,1.873433,1.873433
24,2.4926827,2.6022108,2.3136723,2.4804509,3.0936072,2.7016232,2.9821203,2.4616055,2.924969,2.4851918,2.6645708,2.6367502,2.6266048,2.3122947,2.2766745,2.3251197,2.682121,2.6227689,1.9184963,2.5016327,2.4980516,3.0020678,1.8331741,2.1045501,0.0,1.0751346,3.0013163,2.674399,2.2806437,2.5703971,3.110186,2.178057,2.677633,2.92331,2.5303898,2.513508,2.4027412,2.2130306,2.287193,2.569063,2.2991228,2.5625205,2.8064988,2.6223795,2.967379,2.5373893,2.9734192,2.7427344,2.438617,2.1880898,2.173104,1.8928397,1.7502925,2.3577647,1.576059,1.5189714,2.4590778,1.8727326,2.0376754,2.1766455,2.5081413,2.201924,2.2561672,2.928998,2.5754008,2.8151627,4.3217053,4.2246594,2.849734,2.8581004,2.1996207,2.8882444,3.348458,3.217631,3.0661108,3.279713,2.6165967,2.574925,1.8970258,1.8970258,3.1777256,3.228979,3.393978,4.0190864,3.2300117,3.4181225,3.5953,3.5382895,3.2008777,3.7227826,3.5921283,3.7256498,2.643927,3.984482,3.291401,3.5943084,2.5924547,2.764094,1.8835422,2.0591097,2.8827333,3.3625035,2.4449098,3.0885239,2.2659442,2.6253984,2.6176178,2.2554178,2.161868,2.0537884,1.8746958,1.6797986,3.6600237,3.260438,3.6334043,3.689096,2.4784508,2.190528,3.0710297,3.2007763,2.5459065,2.6927452,1.6889515,1.9190825,2.5494251,2.875032,2.7566755,2.7566755
25,2.234814,2.4157417,2.0497198,2.208257,2.7666404,2.2884457,2.7408512,2.2271369,2.6961036,2.6218696,2.4659212,2.4689846,2.4057744,2.128918,2.0534513,2.1009784,2.4414995,2.4015281,1.6031562,2.2829952,2.2704284,2.7910821,1.3826784,1.7817296,1.0751346,0.0,2.9141347,2.53979,2.0569494,2.4067626,2.985854,1.9676634,2.5742621,2.9517033,2.465975,2.430266,2.3990355,2.1385434,2.227926,2.4886727,2.1582775,2.2424493,2.3168619,2.3159895,2.7448852,2.305277,2.748409,2.4940665,2.2281315,1.8458723,1.8126804,1.5074428,2.0232003,2.5959935,1.8369272,1.7577747,2.254613,1.6325887,2.0618782,2.1574302,2.7135813,2.4472919,2.4281223,3.0819588,2.2784772,2.882224,4.128101,4.0334435,2.6151173,2.5848713,1.9476556,2.6189518,3.1288126,3.0259528,2.9817088,3.0139928,2.3966906,2.36399,2.0640635,2.0640635,2.9449797,3.0128863,3.122105,3.8216088,3.254609,3.4251022,3.0394762,2.929673,2.9376376,3.2826183,3.16608,3.2924159,2.3219955,3.7282019,3.2445934,3.47648,2.32753,2.4215078,2.0388045,1.6453358,2.6760004,3.11208,2.2312934,2.881313,1.8974102,2.1436512,2.841197,2.1297312,2.2272766,2.2939181,2.0853722,2.064132,3.3315804,3.3444178,3.3196158,3.3805084,2.2286112,1.9306223,2.7538507,2.9721966,2.1586173,2.3323925,1.846433,1.3718457,2.1841135,2.5132303,2.3862944,2.3862944
26,2.669665,2.9234602,2.9011528,2.816708,3.4255676,3.2194695,3.401213,3.0810504,3.624735,3.5795987,3.532656,3.4228733,3.5059001,3.2674515,2.8608966,2.850716,2.799158,2.7265055,2.8385315,2.7484093,2.851322,3.203066,2.7959867,2.6336498,3.0013163,2.9141347,0.0,0.8693258,3.0379658,2.8134797,3.6108432,2.6607277,3.5811784,3.7889483,3.4275136,3.4221838,3.5363889,3.3671849,3.2626586,3.4820843,3.3460338,3.3604183,3.7273762,3.392484,3.144177,3.3905783,3.6800172,3.455955,2.8293707,2.8702765,2.8069491,2.7724817,2.8167834,2.8015018,2.7660377,3.0921862,2.697122,2.687313,2.81656,2.9889219,3.4991553,3.4456694,3.3192983,3.1973798,2.8558218,3.1228104,3.856459,3.7792063,3.4356358,3.6103077,3.428495,3.5034914,3.0798924,3.25887,3.2669067,3.4454043,2.5562096,2.2513351,2.5924015,2.5924015,3.5191903,3.4748588,3.938386,4.1883316,3.6924825,3.8624485,3.7105937,3.6713514,3.7591276,4.213309,3.9167874,3.973274,3.2505941,2.3296137,2.4876392,2.452957,3.4947171,2.97361,3.0591722,2.89714,3.4228,3.8152647,3.0509064,3.8243957,2.3682737,2.7781644,3.0700524,3.0621915,3.0261908,2.9536824,3.0761342,3.3641315,4.437502,3.7541556,4.395767,4.439079,3.3796165,3.1619997,4.1321607,4.026818,3.5429757,3.5489264,3.2509296,2.9724448,3.544449,3.769054,3.706879,3.706879
27,2.7531862,2.9266605,2.917224,2.792218,3.369068,3.1249833,3.2392788,2.884538,3.4210217,3.345659,3.3207204,3.2502007,3.1512249,3.0410407,2.7352133,2.7321415,2.9001038,2.850602,2.6015723,2.8289673,2.8887103,3.1277363,2.4801466,2.5894992,2.674399,2.53979,0.8693258,0.0,2.951708,2.9188871,3.5703008,2.6764746,3.3398886,3.598782,3.1906307,3.1688585,3.2402718,3.0663908,2.9674993,3.2152245,2.933277,2.998127,3.4048533,3.041458,3.1693392,3.0730963,3.3882911,3.200209,2.7388632,2.6359472,2.5815842,2.5418065,2.6481087,2.9287846,2.542925,2.7223046,2.715754,2.4614365,2.6415763,2.7580233,3.30095,3.2629118,3.0252426,3.1394057,2.9012754,3.1611314,3.912524,3.8271768,3.3715756,3.5363667,3.2206662,3.4161737,3.3936226,3.5329266,3.4049926,3.658812,2.6484435,2.323729,2.5600424,2.5600424,3.4099832,3.4623675,3.9201274,4.418945,3.7356963,3.9062238,3.7837224,3.7347307,3.7251964,4.1627316,3.8712807,3.9376667,3.256778,2.8177733,2.3769512,2.525379,3.2285864,2.7618713,2.889519,2.699422,3.3289917,3.7986722,2.9010499,3.6256871,2.3225653,2.799423,3.2392895,2.9618092,2.945061,2.8601136,2.8624282,2.9891965,4.2444263,3.582689,4.212102,4.2642684,3.1323674,2.9656868,4.050995,4.059285,3.4482844,3.5177567,2.9061983,2.6077495,3.4541633,3.6819584,3.6175573,3.6175573
28,2.0632207,2.3136723,2.4839346,2.4676793,2.720228,1.6758939,3.0772557,2.9280045,3.3235748,2.8154113,2.522111,2.6751313,3.434533,2.7196414,2.5147922,2.571566,1.1796438,1.173736,1.6644753,1.2137338,2.0928016,2.420086,1.646849,2.0521863,2.2806437,2.0569494,3.0379658,2.951708,0.0,1.8597387,3.1791518,1.5575411,2.6898375,2.9219038,2.434429,2.4453115,2.7333598,2.4052868,2.3560548,2.555197,2.1515121,2.4970603,2.4396362,2.617488,2.96616,2.570012,3.0536077,2.6211214,2.451569,2.4473586,2.171755,2.2091727,2.3302674,2.6279051,2.3108463,2.3562515,2.3905005,2.0634131,2.1793954,2.2926292,2.822784,2.776008,2.7009454,3.1276479,2.03468,2.5318062,3.2767797,3.211754,2.3215656,1.8993826,1.5729336,1.9161928,2.771374,2.7192028,3.0421827,2.4766202,2.135659,2.2942753,1.7370305,1.7370305,3.1641715,3.191139,2.8745904,3.6122901,2.901881,3.0839605,2.680529,2.6621819,2.9129174,3.4140353,3.2950017,3.4194045,2.2713118,3.5956838,3.4388874,3.5784261,2.454323,1.6859847,1.8630993,1.9432658,2.4572024,2.9743972,2.243659,2.8157241,2.0159616,2.2072313,2.8888974,2.0967565,2.32582,2.6878006,2.6054502,2.6939058,2.8032126,2.9851987,2.8602235,2.898591,2.0834517,1.7389109,2.6116948,2.7757752,2.379354,2.5095775,2.237164,1.8788533,2.3871813,2.2243018,2.1384974,2.1384974
29,1.7701236,2.1882095,2.1293924,2.0327444,1.8970222,2.6178403,2.8085463,2.7751539,3.0197814,3.0263488,2.8835824,2.7948818,3.4683056,2.8425767,2.4884837,2.5320315,1.793817,1.8321159,2.0677073,1.774755,2.3291566,2.4538763,2.0442104,2.0079365,2.5703971,2.4067626,2.8134797,2.9188871,1.8597387,0.0,2.1961176,1.5580567,3.1700318,3.616724,3.3274956,3.339306,3.2695382,3.0674846,2.8373666,3.0298576,2.8476703,3.0324378,3.1328144,3.221318,2.8235836,3.0431519,3.4478908,3.068466,2.2925708,2.006613,2.2490675,2.2647915,2.3408408,1.989333,2.301661,2.7058861,2.5716298,2.229174,2.1904309,2.4797528,3.2900746,3.1861875,3.3055472,3.2298453,2.0792089,2.5442905,3.2955441,3.1404777,2.5196161,2.6419275,2.3643441,2.576213,2.3187442,2.1008108,2.441492,2.3289287,2.1947722,2.3598583,1.8923702,1.8923702,3.0393639,2.88095,2.8205264,2.9772341,2.7683408,2.943453,2.9380062,2.9502616,2.8215852,3.1805346,3.0111194,3.1679688,2.2583675,3.0586698,3.1205328,3.1744733,3.13472,2.5002728,2.43263,2.2638175,2.991868,3.2825882,2.7262459,3.6623874,1.9855149,2.360558,2.6394484,2.47478,2.5254238,2.0054882,2.1240861,2.5863779,3.1329114,3.1309643,3.1518426,3.107636,2.4734504,2.3466563,3.1913466,2.5735314,2.3133564,2.3240016,2.6350005,2.3934014,2.2787774,2.5639153,2.4535277,2.4535277
30,3.3117368,3.2789538,3.0904326,3.423492,2.5086257,3.5478415,4.230411,3.729607,2.7731407,3.8312628,3.7504263,3.680821,3.8972228,3.269778,3.2126405,3.262793,3.550931,3.425509,2.8250563,3.362349,3.90649,3.6991632,3.0299473,3.1238556,3.110186,2.985854,3.6108432,3.5703008,3.1791518,2.1961176,0.0,2.633788,3.3812554,4.0198407,3.7688725,3.7940488,3.3605807,3.1907396,2.9301066,3.206525,3.7147143,3.272258,3.4731154,3.0715086,3.1331873,3.1506603,3.3750644,3.1184576,3.2989423,2.4705398,3.1423764,3.1116686,3.1757574,3.2194684,3.2300007,3.2954886,3.7788925,3.1133797,3.3647785,3.5396714,4.296137,4.211164,4.3406215,4.4071574,2.6000743,2.9428396,3.6231568,3.4106586,2.7365656,3.1684852,3.7397573,3.0348065,3.1873631,2.993114,3.431511,3.3329172,2.6521955,2.635354,3.1832957,3.1832957,3.099963,3.0363374,3.288309,3.7211668,3.2522538,3.4531753,3.5994968,3.6022494,3.090223,2.9792821,2.794778,2.9837763,2.6021013,3.404762,3.37033,3.5836241,3.4763925,3.5845745,3.4616373,3.1124454,3.793087,3.8262289,3.7002969,4.597887,3.0697846,2.9452915,3.238393,3.1238415,3.8494768,2.666403,2.5466056,2.8155968,3.8355799,3.781684,3.8826592,3.7965927,3.500784,3.2938912,3.584936,3.5771928,3.428261,3.5066438,3.4423492,3.1904507,3.3710592,3.8151312,3.752656,3.752656
