,0,1,2,3,4,5,6,7,8,9,10,11,12,13,14,15,16,17,18,19,20,21,22,23,24,25,26,27,28,29,30,31,32,33,34,35,36,37,38,39,40,41,42,43,44,45,46,47,48,49,50,51,52,53,54,55,56,57,58,59,60,61,62,63,64,65,66,67,68,69,70,71,72,73,74,75,76,77,78,79,80,81,82,83,84,85,86,87,88,89,90,91,92,93,94,95,96,97,98,99,100,101,102,103,104,105,106,107,108,109,110,111,112,113,114,115,116,117,118,119,120,121,122,123,124,125,126,127
0,0.0,1.4289979,3.7110808,2.3099155,1.3211061,1.217392,2.1267257,2.3849502,3.2378998,3.2852852,3.3362968,3.5603716,2.6864307,2.7084403,2.9585023,2.8980558,1.6061877,1.6422893,1.1960446,2.272919,2.5919483,3.168536,2.764072,2.707001,2.483965,1.4933717,1.8885925,1.9004486,1.8429264,2.261752,2.0630393,2.365116,1.8646399,1.9102552,2.3890352,2.4375033,2.2541733,2.4771307,2.429511,1.8823042,2.2886245,1.8851819,3.052891,1.4637704,3.21857,1.395717,2.161029,1.4155104,2.0537934,2.0352397,1.9792619,2.155683,2.2349956,1.848054,2.6721761,2.9138274,1.9158393,1.9709296,2.3251336,3.0160813,2.350371,2.5274422,2.5305293,2.669891,4.679854,4.1107793,4.5912766,4.4995613,4.339707,4.339707,4.383315,4.4376235,3.6160536,3.5766118,3.6481872,4.107757,3.0023935,3.015117,3.6855915,3.544633,3.2386072,3.2339876,3.3523767,3.321699,4.336044,4.3206763,4.111885,3.7987673,3.054829,3.368931,3.470996,3.4208503,3.5147667,3.159205,3.1402335,3.2779653,2.268433,2.7815073,3.2783074,2.987207,2.7160258,3.447563,3.7477715,3.1622577,2.4670966,2.476354,3.0422058,4.0220056,1.6869818,1.7167826,1.7784108,1.7672095,3.4914691,2.6895556,2.920704,2.912909,2.7178257,2.3633113,2.5352929,2.6615152,1.8991469,1.8298136,1.763256,1.5203174,1.9150667,1.9707626,2.324993,2.4037004
1,1.4289979,0.0,3.768937,2.8386655,1.8669022,1.7281249,2.6941044,2.8159933,2.9533021,3.0476105,3.5804977,3.7632604,3.1313152,3.1459002,3.2728689,3.207419,2.196861,2.2620475,1.7808902,2.2788706,2.6350045,2.6385007,2.7294035,2.6257582,3.0070863,2.25498,2.5363858,2.5017433,2.5458322,2.9484284,2.7675207,2.9203596,2.8729353,2.879946,3.226357,3.3149507,3.1357255,3.3407927,3.291738,2.85145,2.8388789,2.394637,3.7929552,2.0420277,3.6023185,2.0386734,2.7658548,2.0298452,2.3655508,2.2713606,2.4406147,2.0494373,2.2280183,2.2831678,2.8849685,2.7072797,2.6030922,2.6366923,2.689423,3.0170631,2.8703723,2.6863265,2.4108853,2.9115014,4.8704753,4.5971656,4.898884,4.5800576,4.8361998,4.8361998,4.825511,4.891933,3.7988582,3.6180267,3.8888915,4.435727,3.095379,3.107364,3.9289691,3.5536356,3.3815796,3.4667516,3.5677834,3.5114167,4.296591,4.2996655,4.1256065,3.759368,3.7088284,3.842402,3.8808455,4.024566,3.992658,3.941731,3.5175521,3.6682243,2.4212806,2.9900477,3.334874,3.0403354,2.9157321,3.6104157,3.8038833,3.3171463,2.5203602,2.4280553,3.1196766,4.2407174,1.8528223,1.904931,1.9845405,1.9557589,3.369949,2.692089,3.0164952,3.0080457,3.0420775,2.8347561,2.56705,2.6634111,1.9834831,1.7594011,1.9025055,2.2788901,1.7714022,1.8741533,2.4764874,2.402459
2,3.7110808,3.768937,0.0,3.3743997,3.2274418,3.2717288,3.3302329,3.4233944,4.5373383,4.6464047,5.0074,5.05224,4.70845,4.721647,4.7579885,4.77202,4.3072205,4.224802,4.0083494,4.327431,4.1926727,4.4474244,4.370655,4.8179107,4.3837733,4.1913085,3.4920182,3.4511118,4.237322,4.439164,4.469329,4.6156116,3.4348507,3.3592424,3.456168,3.600218,3.2443535,3.413226,3.5842702,3.398377,4.3098125,4.1044984,4.820666,3.6936462,4.522087,3.647772,3.9035807,3.7105963,4.1230087,4.1088996,4.1234617,4.174267,4.1938405,4.2501426,4.3140383,4.480007,4.4149337,4.419313,4.884977,3.0500822,4.8882084,4.851517,4.494301,4.9325137,4.42328,4.037497,4.164742,3.7789822,3.936797,3.936797,3.9077072,3.9768667,4.599947,4.299989,4.1809106,4.729705,3.9033103,3.9103553,4.6218395,4.478195,3.827059,3.6672652,3.6160653,3.6194503,4.523584,4.5009246,4.482653,4.1908607,4.169272,3.9558735,4.353986,4.2487507,4.965278,4.4741707,4.40476,4.414244,4.0373573,3.8476157,3.7803838,4.269144,4.2779655,5.3802547,5.0753345,4.4249516,3.7995968,3.4329658,4.046153,4.610727,4.250532,4.2420077,4.2717185,4.3337765,4.2494035,4.478709,4.5992537,4.3511953,4.389592,4.5335927,4.2842855,4.2877173,3.9661849,3.661449,3.9926066,3.8962238,3.6000931,3.6592078,4.5220456,3.839593
3,2.3099155,2.8386655,3.3743997,0.0,2.2661703,2.4753952,0.5548295,0.9940003,3.9163504,3.935848,4.145467,4.4167156,3.607457,3.6223512,3.652864,3.6335719,2.883004,2.5773861,2.710261,3.1702468,3.2105281,3.368203,3.4638581,3.4370887,3.3444343,2.8715975,2.8480158,2.8991678,3.2657838,3.41163,3.3208838,3.6570864,2.2099702,2.2719836,2.7866917,2.8493195,2.3059466,1.9686264,1.8996918,2.2242675,3.2411833,2.9310179,3.6688337,2.0142024,2.9104855,1.9367118,1.8807961,1.9707849,2.2703867,2.2914011,2.2198346,2.50469,2.5244975,2.5971842,2.6246965,2.889764,2.308589,2.2947736,2.5656493,3.1058755,2.9758387,3.0986004,3.1920338,3.1441333,4.8096986,4.145975,4.0480723,4.685455,3.7740686,3.7740686,3.6734185,3.7509513,3.7645915,3.7973902,4.0455656,4.3427267,3.328339,3.3310819,3.8707402,4.333391,3.6302984,3.359723,3.2632165,3.2407594,4.6038456,4.581522,4.4210353,4.1865835,2.9069703,3.3216343,2.770296,2.724356,4.1567793,3.3016653,3.2861257,3.2882667,3.1257598,2.5528612,3.6851208,3.222931,3.1755447,4.1062016,4.151349,3.4033728,3.0359228,2.9590025,3.6916363,4.667762,2.908446,2.8587282,2.838565,2.9341433,3.9678702,3.6501887,3.5897026,3.5096207,3.437587,3.3001828,3.2780104,3.4178758,2.3229043,2.3789158,2.3007972,2.035069,2.490917,2.6166394,3.0202198,2.9212403
4,1.3211061,1.8669022,3.2274418,2.2661703,0.0,0.47727376,2.1386366,2.431613,3.430208,3.4725647,3.495834,3.709545,3.0908463,3.0996928,3.248007,3.205104,1.6005652,1.747586,1.4297054,2.086333,2.1034186,2.7822466,2.2701952,2.6448433,2.355581,1.5977083,2.030516,2.0266702,1.9493107,2.2078397,2.3149326,2.4412446,1.9855531,1.9506389,1.9996833,2.0943944,2.6079364,2.6524315,2.6367762,2.0105999,2.2346451,1.7024995,3.535472,1.4039791,3.268135,1.407126,1.9775156,1.4069666,2.0620258,2.0535934,2.0605457,2.2088065,2.2209854,2.0636113,2.5003095,2.6466577,2.2775033,2.3023586,2.5107346,2.841573,2.6339872,2.691233,2.7388484,3.0167527,4.3675923,3.790928,4.300675,4.2209177,4.0492797,4.0492797,4.132719,4.1654477,3.4899867,3.4378042,3.4736485,3.8282664,2.963417,2.9647288,3.5746992,3.6551976,3.0446022,2.9800835,3.0224786,2.9760854,3.6243165,3.6060545,3.4257212,3.156451,2.8940003,2.9279535,3.3036995,3.2517467,3.2920377,3.205428,2.9965327,3.066378,2.2555664,2.7913797,3.1775057,3.352065,2.3050597,3.100847,3.6867254,3.1313524,1.9275261,1.9381853,2.98872,4.0681567,1.8739537,1.9037501,1.9594434,1.9662265,2.6354141,2.5570145,2.6641436,2.7106853,2.4713538,2.180671,2.2239354,2.3749914,1.8492198,1.7225531,1.8595129,1.6254913,1.7472857,1.8751203,2.0592637,2.0485373
5,1.217392,1.7281249,3.2717288,2.4753952,0.47727376,0.0,2.329793,2.6068573,3.317592,3.3654401,3.3639982,3.5576077,3.0032218,3.0095117,3.1624358,3.1256359,1.4333191,1.616418,1.254824,1.9064155,1.9499627,2.6899645,2.1145825,2.5056512,2.3208938,1.4887629,1.8736914,1.8609536,1.8241674,2.1008465,2.1983907,2.3164237,2.030351,1.996778,2.1243973,2.2124736,2.6583803,2.6960611,2.6608312,2.0430982,2.3493152,1.8027126,3.608134,1.5178815,3.3927994,1.5271363,2.2215161,1.5260845,2.0554473,2.0459843,2.0474548,2.2011921,2.2134092,1.9374343,2.4709044,2.6284676,2.3532314,2.373199,2.5860193,2.7789636,2.6203136,2.6833763,2.728541,3.0304122,4.446044,3.865206,4.4258113,4.290614,4.1783338,4.1783338,4.2529488,4.292533,3.5287442,3.4714775,3.4916973,3.8854203,3.0085218,3.0120182,3.6285815,3.58522,2.9548306,2.9397075,3.0592327,3.0080972,3.6326146,3.616075,3.4347227,3.1529584,2.9259496,2.979035,3.4266891,3.374264,3.3086932,3.2383463,2.9419103,3.0467463,2.3401418,2.882457,3.1878307,3.320335,2.426191,3.2401063,3.7316854,3.1445024,1.8989868,1.9473827,2.9697504,4.117777,1.6745433,1.69698,1.7622757,1.7704715,2.6742675,2.4920485,2.6768656,2.6865568,2.4153657,2.2223222,2.2253578,2.3614795,1.8881807,1.8067235,1.9087472,1.677806,1.7590612,1.9615438,2.236532,2.148016
6,2.1267257,2.6941044,3.3302329,0.5548295,2.1386366,2.329793,0.0,0.79351014,3.7492309,3.7730174,3.9862099,4.1264596,3.4000359,3.4158127,3.4554224,3.4453738,2.7573953,2.4554343,2.575964,3.1480672,3.2078557,3.342232,3.417013,3.4109254,3.2715228,2.736939,2.7438602,2.795349,2.938589,3.1516817,2.999966,3.345117,2.0869968,2.1662662,2.7031488,2.7668638,2.2215502,1.931151,1.8251898,2.1066473,3.1042268,2.8257382,3.4560294,1.9047072,2.8647366,1.821613,1.8108559,1.8556224,2.1328619,2.1489592,2.0804772,2.3528357,2.4013712,2.472112,2.6079125,2.8614376,2.2428718,2.2375627,2.497019,3.0345435,2.8173354,2.9378746,3.0355425,2.9622366,4.806122,4.1379833,4.0543246,4.658879,3.7887852,3.7887852,3.7007904,3.7757106,3.7308023,3.7647688,3.8929489,4.195874,3.205639,3.2067544,3.8186595,4.25716,3.5476537,3.2892761,3.1973734,3.1898413,4.5976405,4.577746,4.4165483,4.180657,2.8589458,3.2586985,2.779172,2.7203164,4.104025,3.2093318,3.232452,3.232144,2.9112902,2.3523219,3.4809604,3.0770261,3.0762892,4.0352077,4.0350137,3.3410158,2.8899212,2.7949107,3.4616535,4.414803,2.7206142,2.6693814,2.6519585,2.7542684,3.701737,3.3168862,3.2713487,3.204046,3.177273,2.9783301,2.9717717,3.091491,2.1635852,2.2159321,2.1687524,1.9083375,2.3510425,2.4491646,2.8678496,2.8010445
7,2.3849502,2.8159933,3.4233944,0.9940003,2.431613,2.6068573,0.79351014,0.0,3.9161487,3.9293666,4.18993,4.2764688,3.5964115,3.6154437,3.6014802,3.5992289,2.997804,2.7037797,2.8244696,3.3380086,3.4168003,3.6083694,3.5853488,3.5625935,3.3870401,2.909789,2.833422,2.8931584,3.1129615,3.5548823,3.1832905,3.4979773,2.428422,2.4869883,2.9947414,3.017211,2.4676807,2.1735687,2.0232258,2.3395875,3.3820117,3.11688,3.7244713,2.2836287,3.1154935,2.1943533,2.1489532,2.2197955,2.4707863,2.4933712,2.4485164,2.6995106,2.720485,2.7790198,2.9082098,3.1166444,2.4283779,2.387331,2.6900916,3.1830854,3.0734081,3.1954129,3.2996721,3.205988,5.2162247,4.5743165,4.4864173,5.0634594,4.2256217,4.2256217,4.1146126,4.2081075,4.266968,4.2665896,4.3906517,4.701666,3.4213924,3.425932,4.3148413,4.736927,4.1012874,3.8600104,3.76093,3.7509615,5.0452075,5.0230546,4.8747244,4.6037,3.4408767,3.769831,3.3094845,3.2750468,4.5518217,3.7344906,3.8050573,3.819897,3.197736,2.6281605,3.6870065,3.2911668,3.569151,4.496101,4.155256,3.518719,3.0648582,2.9796183,3.6198254,4.5637894,2.999723,2.9474967,2.932484,3.0205379,3.8947127,3.5546045,3.5206723,3.437135,3.408681,3.2269068,3.2666364,3.383531,2.3584085,2.5330122,2.4474177,2.2134871,2.6909604,2.7676501,3.0621493,2.9817219
8,3.2378998,2.9533021,4.5373383,3.9163504,3.430208,3.317592,3.7492309,3.9161487,0.0,0.41079292,2.3390715,2.5821838,1.9174997,1.915825,1.7425737,1.7497429,3.113911,3.106301,3.0788548,3.5033867,4.408516,4.0089345,3.601625,3.6659784,5.2563777,3.5361187,3.4864395,3.407796,3.8716862,4.3335514,3.8202093,3.2901735,3.932941,3.9605658,4.765809,4.851723,4.2501006,4.5054197,4.275916,3.9509645,4.0356097,3.723362,4.404409,3.4514184,4.5493846,3.4832368,3.8740044,3.46204,3.5570052,3.4840698,3.6481314,3.407759,3.93667,4.0608606,4.2584066,4.1964493,3.792094,3.787973,3.6020627,3.64311,4.022547,3.8269675,3.8386955,4.001592,5.795451,5.0309896,5.232065,5.290955,5.2343826,5.2343826,5.1735606,5.2552776,4.694977,4.6949983,4.9410086,5.1140337,3.901167,3.8898861,4.801124,4.641846,4.0737295,4.1230474,4.3187666,4.286723,4.9879813,5.012401,4.8498206,4.6413364,4.387806,4.6455364,4.7045784,4.7721496,4.7937193,4.6547956,4.287392,4.328098,3.403298,3.5931797,3.4737453,3.439719,3.5621576,4.274888,2.6725032,3.691072,3.4586816,3.380593,3.8418038,4.8301373,2.84688,2.8605845,2.8945384,2.8889544,3.8640623,3.3342147,3.481215,3.38301,3.9090388,3.9372885,3.5630171,3.434987,3.2727475,3.092679,3.0482621,3.343951,2.8110054,3.122119,3.6831446,4.1617837
9,3.2852852,3.0476105,4.6464047,3.935848,3.4725647,3.3654401,3.7730174,3.9293666,0.41079292,0.0,2.4814281,2.680422,1.9791615,1.9812454,1.7578129,1.7123706,3.0480635,3.0257514,3.044188,3.4636214,4.4524097,4.000922,3.6300368,3.6899037,5.321116,3.5518968,3.4628522,3.3968868,3.878829,4.331032,3.7843564,3.2790585,3.904447,3.9285696,4.738557,4.814085,4.2390666,4.4509025,4.2206635,3.9083743,4.038367,3.706871,4.370751,3.4285598,4.430637,3.4535365,3.8169491,3.4263706,3.6505423,3.5781167,3.7260165,3.4847636,4.0232162,4.13284,4.3279552,4.260441,3.7530124,3.7469475,3.486041,3.6144063,4.0017953,3.8016524,3.893414,3.9675987,5.7796445,4.9898005,5.1917067,5.3519726,5.189753,5.189753,5.129609,5.213024,4.6206145,4.6685395,4.913505,5.04556,3.8285606,3.815111,4.736019,4.6374125,4.0486984,4.093029,4.2996206,4.261328,5.0034266,5.0283613,4.850255,4.6536818,4.2865896,4.5571265,4.601534,4.6701837,4.7157025,4.5585837,4.2076735,4.249903,3.4233005,3.6054137,3.5079727,3.4534063,3.55258,4.280329,2.5597906,3.601146,3.4413087,3.4121273,3.897943,4.9435077,2.889006,2.900683,2.9272597,2.8944733,3.9260948,3.346772,3.458332,3.3405952,3.934003,3.9909935,3.5936465,3.478316,3.267387,3.1582053,3.035462,3.3360348,2.908178,3.229734,3.6964195,4.1902113
10,3.3362968,3.5804977,5.0074,4.145467,3.495834,3.3639982,3.9862099,4.18993,2.3390715,2.4814281,0.0,1.4102492,1.8864574,1.8550041,2.0303383,2.118275,3.1431508,3.1537743,3.2771845,3.7422123,4.249364,4.5129094,3.3785937,3.567505,5.030813,3.1930058,3.4556062,3.4173732,3.570475,4.1162524,3.558003,2.90924,3.8115218,3.8986974,4.5620875,4.610221,4.276558,4.484636,4.145784,3.8994327,4.000177,3.8395452,4.734852,3.56881,5.519908,3.6712575,4.0749435,3.6960828,3.500697,3.4887261,3.5130515,3.7485025,4.120486,3.903376,4.0381684,4.279787,3.91284,3.888622,3.97878,4.3188477,3.8991947,3.9597855,4.132592,4.1670957,6.390277,5.394181,5.8091207,5.83371,5.63563,5.63563,5.590207,5.66465,5.671629,5.6979575,5.737155,5.87053,4.9020395,4.8912234,5.6443357,5.557799,4.7622337,4.7311373,4.946394,4.9414563,5.401909,5.3997846,5.24997,5.060074,4.7536654,4.9456778,5.2473173,5.1741986,5.157512,5.0003357,4.657569,4.731466,4.437834,3.8338432,3.9367352,4.1400905,3.6514943,4.186723,2.730389,3.967191,3.3471215,3.3732195,3.9963818,4.7201734,2.7353425,2.743076,2.7563777,2.7599804,3.9498906,3.480825,3.6368375,3.6782622,3.7898421,3.4639564,3.6571724,3.5615182,3.3681724,3.318263,3.2091353,3.0438735,3.0034735,3.345973,3.4612978,4.269639
11,3.5603716,3.7632604,5.05224,4.4167156,3.709545,3.5576077,4.1264596,4.2764688,2.5821838,2.680422,1.4102492,0.0,2.3029432,2.282404,2.4273624,2.4954047,3.3996525,3.4050894,3.491132,3.8571286,4.4455004,4.62161,3.6247983,3.7766461,5.1834893,3.4343376,3.5342157,3.523426,3.2885125,3.9009843,3.2175982,2.497897,3.9610248,4.0497084,4.7151146,4.755646,4.372119,4.5714717,4.274126,4.0418034,4.2052174,3.9939113,4.832137,3.71825,5.6148252,3.817951,4.192552,3.8398561,3.8054905,3.7925355,3.8097086,3.985492,4.3623834,4.169799,4.277764,4.5017424,4.0433755,4.0202146,4.1151047,4.408125,4.156882,4.201146,4.3485656,4.4129486,6.4261165,5.4493203,5.844002,5.8531218,5.671809,5.671809,5.630343,5.7022395,5.7710376,5.794241,5.7227244,5.8598413,5.0300207,5.0178804,5.7834544,5.708838,4.900444,4.8481436,5.0769534,5.064058,5.5396876,5.536226,5.3942556,5.202223,4.8910847,5.091329,5.356719,5.2767363,5.2757287,5.1243157,4.8328724,4.908678,4.5840006,3.9919593,4.0436506,4.218882,3.8595078,4.408397,2.9117997,4.0239077,3.5563269,3.5791857,4.083526,4.9464674,2.9815009,2.986328,3.004875,2.997551,3.6878316,3.1172516,3.295751,3.3097756,3.3929625,3.1528707,3.2997065,3.200754,3.557578,3.5133996,3.4174616,3.2918365,3.2054546,3.5673416,3.7018566,4.4290514
12,2.6864307,3.1313152,4.70845,3.607457,3.0908463,3.0032218,3.4000359,3.5964115,1.9174997,1.9791615,1.8864574,2.3029432,0.0,0.064548366,0.8846337,1.0695053,2.7372444,2.6511772,2.7787864,3.51305,4.4256277,4.533049,3.7797158,3.864641,4.7958555,2.977643,3.2645392,3.2345896,3.2859735,3.8619957,3.249962,2.7325184,3.422772,3.4975822,4.199084,4.2480636,3.6799762,4.0077376,3.7028165,3.4420657,3.8477354,3.5564725,3.696097,3.2574866,4.4014864,3.2722266,3.6819687,3.2803135,3.2966032,3.2838254,3.262889,3.4516702,3.9104617,3.7000098,4.1264534,4.4067097,3.486987,3.4776154,3.584314,4.1822686,3.6233137,3.7615137,3.9234214,3.896311,6.1570725,5.2125287,5.556528,5.705047,5.360955,5.360955,5.3616633,5.4253974,5.0319057,5.1051555,5.1431313,5.3593926,4.2748775,4.271137,5.137622,5.059417,4.446608,4.388618,4.648674,4.629735,5.5767694,5.580595,5.3801613,5.1718154,4.294106,4.5674014,4.78437,4.6814156,4.8489857,4.378122,4.4231997,4.4765806,3.2678168,3.4027834,3.8519146,3.826293,3.6261091,4.208256,2.8507907,4.037163,3.4785821,3.4735677,3.5292578,4.6258907,2.7301705,2.7178137,2.740505,2.791626,4.027182,3.490291,3.640323,3.6948519,3.609933,3.4167695,3.6273866,3.5790431,3.340109,3.2654622,3.0843391,2.9517324,2.9274273,3.2464898,3.315788,4.2095933
13,2.7084403,3.1459002,4.721647,3.6223512,3.0996928,3.0095117,3.4158127,3.6154437,1.915825,1.9812454,1.8550041,2.282404,0.064548366,0.0,0.87810856,1.0755825,2.7395818,2.6515307,2.791359,3.5114584,4.420218,4.5223684,3.7680433,3.860271,4.8028884,2.9847195,3.2825217,3.252019,3.296354,3.8644383,3.2605548,2.7365355,3.4455695,3.520517,4.214591,4.265078,3.7093766,4.027109,3.719034,3.465891,3.8724732,3.5763571,3.7218094,3.2726166,4.427143,3.2912965,3.703864,3.2993782,3.293783,3.2813618,3.2616,3.4516084,3.9107227,3.7003093,4.12393,4.4023423,3.5111132,3.5006776,3.6020472,4.1988482,3.633517,3.768741,3.9329486,3.9130785,6.1763372,5.2314444,5.5713205,5.72224,5.377668,5.377668,5.377754,5.4407396,5.049283,5.123072,5.162226,5.3782196,4.3066645,4.30251,5.159866,5.0806184,4.449962,4.390178,4.656102,4.6365356,5.577134,5.5812373,5.382136,5.1767282,4.3049827,4.5737514,4.7981296,4.696033,4.8661838,4.3954287,4.426568,4.4794993,3.2864537,3.4004524,3.8606243,3.8404236,3.62356,4.203464,2.8542457,4.0484447,3.4729953,3.4692833,3.5227518,4.6383395,2.7235131,2.7095952,2.7316437,2.7857275,4.0106587,3.4897382,3.640909,3.7006016,3.6055963,3.4181397,3.6270623,3.5778747,3.3477697,3.2729502,3.0952713,2.9629774,2.9232497,3.252256,3.3177867,4.2161174
14,2.9585023,3.2728689,4.7579885,3.652864,3.248007,3.1624358,3.4554224,3.6014802,1.7425737,1.7578129,2.0303383,2.4273624,0.8846337,0.87810856,0.0,0.4230538,2.8427944,2.741911,2.854892,3.4853065,4.4128404,4.4541216,3.591921,3.7176058,4.986765,3.0632997,3.3649268,3.332613,3.4075174,4.0549965,3.3583133,2.7732515,3.5729604,3.6235726,4.3622475,4.4148393,3.8217235,4.1204066,3.7388542,3.5440218,3.9766624,3.6908333,4.1177015,3.377106,4.2190104,3.3807483,3.7463303,3.3509207,3.331323,3.3290977,3.3166802,3.5361662,4.0014367,3.8009295,4.063109,4.34341,3.5286765,3.5029387,3.6575656,4.1485934,3.604172,3.7321396,3.863757,3.855215,6.357636,5.4117274,5.7352266,5.9171686,5.537945,5.537945,5.513077,5.586326,5.0517073,5.0985003,5.151551,5.3528237,4.1725593,4.161163,5.137214,5.0938396,4.5433965,4.51236,4.7382674,4.718172,5.5521684,5.5590796,5.3759823,5.164793,4.4030433,4.698228,4.870646,4.786362,5.0303884,4.620728,4.5270677,4.5630326,3.379507,3.5591493,3.9700766,3.9685545,3.7768142,4.382698,2.6944087,3.9872396,3.5466506,3.4995322,3.7808046,4.842286,2.894519,2.8756795,2.8936603,2.9067242,4.046549,3.6368055,3.7554479,3.7959533,3.8341522,3.6951895,3.7982376,3.7516913,3.4617007,3.4279723,3.2873461,3.1410642,3.127433,3.431342,3.601034,4.399284
15,2.8980558,3.207419,4.77202,3.6335719,3.205104,3.1256359,3.4453738,3.5992289,1.7497429,1.7123706,2.118275,2.4954047,1.0695053,1.0755825,0.4230538,0.0,2.7450426,2.6611779,2.7061343,3.37699,4.359574,4.3733745,3.5105412,3.5947642,4.979377,2.96793,3.2704804,3.2476559,3.306489,3.9582236,3.225226,2.6750574,3.4520679,3.4993036,4.2467628,4.296228,3.6752775,4.026918,3.6501422,3.4200118,3.79409,3.5223155,4.0679684,3.2318597,4.0564456,3.2277288,3.5914946,3.1906884,3.3655684,3.3550153,3.3323858,3.5334268,4.0099874,3.80337,4.0517187,4.3278875,3.3642106,3.3409264,3.512924,4.048867,3.4717815,3.594498,3.7138321,3.678061,6.2153172,5.2869215,5.642062,5.796156,5.440666,5.440666,5.419455,5.495488,4.9003253,4.9421363,4.9947333,5.199044,3.996819,3.9825587,4.964347,4.918227,4.4604464,4.4468017,4.6476054,4.6256423,5.442945,5.4496484,5.2555804,5.0317235,4.2973194,4.605119,4.751181,4.6748714,4.880723,4.51966,4.421125,4.46242,3.3583736,3.549977,3.976116,3.9147668,3.639788,4.2232184,2.4441094,3.7794857,3.4776516,3.4194555,3.8098767,4.813097,2.88807,2.8761995,2.8965614,2.8532572,4.04707,3.5495057,3.6557736,3.6908054,3.8207228,3.6403892,3.722762,3.6898124,3.3799648,3.353148,3.202828,3.0676594,3.084759,3.36118,3.5283852,4.3260217
16,1.6061877,2.196861,4.3072205,2.883004,1.6005652,1.4333191,2.7573953,2.997804,3.113911,3.0480635,3.1431508,3.3996525,2.7372444,2.7395818,2.8427944,2.7450426,0.0,0.71912783,0.77915585,1.7415437,2.3500915,2.7976425,2.1183908,2.232946,2.7806506,1.1996745,1.7860931,1.8013638,1.8965726,2.0942082,1.9021443,2.002594,2.2377753,2.2365012,2.6487036,2.6722736,2.9619071,2.862712,2.763668,2.2071552,2.4948938,1.8740481,3.344531,1.6113673,3.4557533,1.6690755,2.3358295,1.6269499,2.4189436,2.4069157,2.3749971,2.5376484,2.659996,2.2838778,3.020318,3.1262534,2.0703232,2.0746193,1.9792113,3.0905101,2.4635208,2.5350718,2.911971,2.9494352,4.756537,4.0503654,4.6109104,4.767912,4.3778315,4.3778315,4.453179,4.491494,3.6720896,3.7886896,3.909935,4.159884,3.3435972,3.3344052,3.829366,3.8794,3.1311016,3.1113906,3.3688838,3.3059351,4.0388694,4.030182,3.8031275,3.6035972,2.9035058,3.2501223,3.5122876,3.46277,3.2523685,3.0992656,2.8828528,3.0006013,2.5813642,2.8608139,3.3431213,3.074221,2.3239572,2.998973,3.320359,2.6772273,2.0206182,2.2692277,3.0748026,4.429539,1.4510994,1.4543316,1.5055662,1.3204447,2.9971526,2.336209,2.4655952,2.5171604,2.4771278,2.3855305,2.3766558,2.4892159,1.9070059,2.095063,1.9050127,1.6409243,1.9784099,2.271369,2.2886136,2.4318202
17,1.6422893,2.2620475,4.224802,2.5773861,1.747586,1.616418,2.4554343,2.7037797,3.106301,3.0257514,3.1537743,3.4050894,2.6511772,2.6515307,2.741911,2.6611779,0.71912783,0.0,1.0845597,1.8811849,2.491234,2.6678023,2.3255675,2.416572,2.967877,1.5419747,1.9366989,1.9934113,2.057373,2.2160006,1.9726795,2.21198,2.2602868,2.294557,2.6672325,2.7045295,2.7792346,2.523092,2.3957434,2.2090554,2.8734267,2.3249123,3.3102877,1.6765445,3.2348785,1.7245116,2.3884292,1.693546,2.4550674,2.4489272,2.3828814,2.570096,2.7271457,2.3406441,3.0067682,3.1478536,2.187868,2.1892219,2.06642,3.22366,2.6087124,2.683998,3.0799913,2.9999793,4.889611,4.1612015,4.5138836,4.891383,4.278723,4.278723,4.3025436,4.348413,3.7780302,3.9395154,3.9836736,4.3086433,3.4932337,3.4840543,3.9761784,4.0365677,3.1617608,3.0514853,3.3945131,3.3337169,4.4007874,4.3938355,4.166141,3.9764771,2.8248196,3.1643252,3.366001,3.3147264,3.6537836,3.0998743,2.8197315,2.9529967,2.6941803,2.51394,3.4691708,3.1351862,2.4747767,3.27994,3.375802,2.8498774,2.0866284,2.324825,3.0162053,4.5277114,1.4214643,1.3660085,1.3696096,1.2637477,3.1978319,2.5854294,2.700335,2.7512991,2.6565387,2.5736957,2.579443,2.7133362,1.9164215,2.1934226,1.9060005,1.6426297,1.9458221,2.423121,2.3306272,2.5948389
18,1.1960446,1.7808902,4.0083494,2.710261,1.4297054,1.254824,2.575964,2.8244696,3.0788548,3.044188,3.2771845,3.491132,2.7787864,2.791359,2.854892,2.7061343,0.77915585,1.0845597,0.0,1.6450429,2.2866533,2.7791214,2.1302984,2.0869706,2.6797242,1.0419207,1.5993152,1.6163102,1.6531781,1.9666915,1.7131616,1.9352078,1.9943031,1.9799904,2.477041,2.5230138,2.5108113,2.6717286,2.6081696,1.9564344,2.1868298,1.5706061,3.2937412,1.3156434,3.1106527,1.3099735,2.125793,1.2412387,2.369984,2.349535,2.3026147,2.454301,2.5808573,2.1893654,2.8927343,3.0615973,1.7235111,1.7517366,2.029155,2.912598,2.3351111,2.44284,2.540806,2.7344465,4.5256143,3.919979,4.5204425,4.439603,4.270853,4.270853,4.3430347,4.390048,3.4237418,3.4133334,3.5391068,3.943676,2.9888625,2.9825041,3.545449,3.4354014,3.0486264,3.078808,3.259625,3.1992512,3.9511304,3.9397547,3.7165177,3.4330637,2.9211755,3.3063965,3.4630053,3.424943,3.2112346,3.119713,2.931243,3.0612962,2.3810804,2.9063144,3.3864627,2.9786727,2.3369212,2.9948277,3.3040185,2.5619135,2.2173758,2.2709563,3.1399124,4.310572,1.6185381,1.6409893,1.7143273,1.4974749,3.1317337,2.3570514,2.54823,2.56375,2.5306933,2.350365,2.3312793,2.4773784,1.929553,1.9465412,1.9028167,1.6570699,1.8800899,2.0644739,2.397101,2.4090579
19,2.272919,2.2788706,4.327431,3.1702468,2.086333,1.9064155,3.1480672,3.3380086,3.5033867,3.4636214,3.7422123,3.8571286,3.51305,3.5114584,3.4853065,3.37699,1.7415437,1.8811849,1.6450429,0.0,2.0769658,2.4786766,1.9894817,1.9677838,3.077522,1.9278393,2.2970614,2.3323145,2.4611683,2.50225,2.4653287,2.4815147,2.8743124,2.8159773,3.150971,3.2065272,3.3648891,3.280558,3.1948776,2.800529,3.3722675,2.353254,4.388633,2.0585337,3.5961797,2.1558187,2.761895,2.0984745,2.635096,2.6386604,2.6017888,2.7065947,2.8410215,2.5077372,2.6825914,2.8429258,2.4380717,2.393279,2.6230137,3.3115306,2.991683,3.048143,3.0804906,3.682857,5.189684,4.6400867,5.19137,5.0577145,4.9615474,4.9615474,5.0072765,5.046657,3.7917717,3.7299786,4.308186,4.679934,3.8530083,3.8489196,4.2551823,4.153466,3.4916308,3.4562144,3.7918437,3.6190798,3.9442172,3.9294734,3.7442467,3.4654775,3.4729621,3.78347,3.8608248,3.8897226,3.7127104,3.9410317,3.4532413,3.6069264,3.2206447,3.613293,4.0854645,3.6551015,2.8548048,3.3244007,3.689374,2.969587,2.7279587,2.8905802,3.6718113,5.6600957,2.3310556,2.349613,2.4068787,2.278925,3.314838,3.0088282,3.1893551,3.1763973,2.3636642,2.9340646,2.6717079,2.9704666,2.6869621,2.6684642,2.5300248,2.4075255,2.398246,2.8382213,3.084645,3.0806477
20,2.5919483,2.6350045,4.1926727,3.2105281,2.1034186,1.9499627,3.2078557,3.4168003,4.408516,4.4524097,4.249364,4.4455004,4.4256277,4.420218,4.4128404,4.359574,2.3500915,2.491234,2.2866533,2.0769658,0.0,2.098994,1.4288557,1.7587676,2.163808,2.260209,2.6245582,2.6385233,2.6368067,2.5895495,2.9603248,3.1748805,3.1401432,3.1006758,3.1403341,3.2023244,3.7079413,3.4378574,3.4426482,3.1560502,3.1477358,2.7338476,5.0808115,2.43853,4.0868964,2.4945557,3.0585864,2.4208252,2.680774,2.710746,2.7494915,2.9406438,2.6346161,2.291878,2.2719138,2.2924483,2.8788583,2.8894064,3.0626044,3.5327976,3.3036892,3.3255842,3.3550417,3.702284,4.796184,4.4022083,4.9287825,4.823801,4.7092943,4.7092943,4.723587,4.7616987,4.0484767,3.9635139,4.0590463,4.468278,3.8944352,3.893456,4.0941916,4.039411,3.557581,3.6058843,3.7065203,3.6439316,3.6083567,3.583934,3.4721396,3.239942,3.6071012,3.8059762,4.007321,4.0483065,3.9407449,4.1837845,3.3062608,3.4550486,3.7388725,3.9371917,4.2727623,4.1191173,3.2318776,3.8014789,4.7798734,3.61648,2.7285745,2.8654978,4.300062,5.2211986,2.2770178,2.2782812,2.3131652,2.2953255,3.2719135,3.276839,3.4303222,3.43462,3.1860924,3.0598476,2.9138515,3.1216984,2.5657346,2.679485,2.8166714,2.5886424,2.6557398,2.9486518,3.2716935,2.7640603
21,3.168536,2.6385007,4.4474244,3.368203,2.7822466,2.6899645,3.342232,3.6083694,4.0089345,4.000922,4.5129094,4.62161,4.533049,4.5223684,4.4541216,4.3733745,2.7976425,2.6678023,2.7791214,2.4786766,2.098994,0.0,2.3828764,2.5208013,3.5921457,3.2876441,3.5124903,3.530592,3.4280026,3.156802,3.5162675,3.805519,3.8069363,3.8029776,3.8166656,3.9399295,4.1749816,3.7923393,3.7998474,3.83075,3.8554356,3.408402,5.1001244,2.7568028,3.8470392,2.8374982,3.349194,2.7727864,3.1354396,3.0634363,3.2345047,2.8286803,2.8316422,3.0330229,3.0185125,2.4992547,3.5107167,3.5295532,3.0981107,3.6257105,3.717728,3.3517635,3.4011314,3.6757917,4.7454333,4.602761,4.560436,4.814622,4.613951,4.613951,4.5395327,4.579546,3.7140245,3.7261248,3.8891077,4.340925,3.895327,3.8814213,3.9630501,3.9030972,3.1491396,3.1496463,3.3463876,3.259701,3.8183112,3.8359878,3.6902936,3.5320375,3.5082734,3.5403752,3.5481548,3.8199208,4.2991467,4.198192,2.924784,3.0615783,3.6479614,3.3811178,4.2471437,3.9380143,2.9748232,3.704656,4.558759,3.6454604,2.6979496,2.7826352,4.0683064,5.36933,2.4480517,2.4087512,2.4021604,2.386102,3.1626816,3.1438735,3.2524364,3.2955995,3.5318074,3.5223582,2.8519633,3.0153408,2.5348008,2.6329663,2.7383215,3.112686,2.3999367,2.9336042,3.207883,2.8769271
22,2.764072,2.7294035,4.370655,3.4638581,2.2701952,2.1145825,3.417013,3.5853488,3.601625,3.6300368,3.3785937,3.6247983,3.7797158,3.7680433,3.591921,3.5105412,2.1183908,2.3255675,2.1302984,1.9894817,1.4288557,2.3828764,0.0,1.1931602,3.1087942,2.055412,2.5219097,2.5078876,2.576349,2.8702366,2.8053322,2.6010208,3.2720287,3.2336931,3.517136,3.5781875,3.870575,3.7793121,3.6244552,3.2629144,3.0944068,2.718302,5.161415,2.531242,4.2370315,2.6186578,3.147793,2.514729,2.8088229,2.832934,2.8990839,3.1191378,3.0671442,2.768855,2.61555,2.6758811,2.8771646,2.8616464,3.051367,3.527759,3.2768478,3.2745032,3.3216197,3.659863,5.190301,4.5827417,5.1601787,5.037257,4.953207,4.953207,4.9528146,5.004913,4.384512,4.2997146,4.3862224,4.6857233,3.9070523,3.8916185,4.370178,4.3119802,3.8155637,3.8853188,4.004504,3.9516265,3.7307482,3.7176871,3.609158,3.3853986,3.9138188,4.134872,4.385574,4.4120193,4.1646223,4.509844,3.6413176,3.7501132,3.7813418,3.906741,4.0860515,4.0719395,3.0632486,3.5790133,3.848688,3.242619,2.555918,2.638077,4.238159,5.1069775,2.102614,2.120711,2.1656408,2.041485,2.95645,3.021215,3.1519806,3.1909902,3.2032454,3.022884,2.8687503,2.996929,2.5848129,2.6728814,2.8111906,2.5790324,2.53796,2.8835492,3.200543,3.0923338
23,2.707001,2.6257582,4.8179107,3.4370887,2.6448433,2.5056512,3.4109254,3.5625935,3.6659784,3.6899037,3.567505,3.7766461,3.864641,3.860271,3.7176058,3.5947642,2.232946,2.416572,2.0869706,1.9677838,1.7587676,2.5208013,1.1931602,0.0,3.150859,2.0541623,2.5228224,2.5290344,2.6278539,2.8739939,2.7080352,2.6285677,3.3508604,3.3410146,3.8680794,3.9141598,3.777311,3.7912796,3.6906004,3.355514,3.0778117,2.671271,5.0474725,2.455019,4.1605897,2.5331569,3.0728662,2.413057,2.9325771,2.9485314,3.0037587,3.1874132,3.1436303,2.8445368,2.804777,2.8798618,2.362526,2.3547382,2.678053,3.7552803,3.25826,3.2914948,3.238619,3.6149974,5.188798,4.649671,5.1849756,5.0251694,4.991,4.991,4.9731026,5.030944,4.365841,4.255933,4.5185184,4.8892155,4.05111,4.0389733,4.389065,4.26888,4.049981,4.118483,4.227808,4.163641,4.1135707,4.0988965,3.9649782,3.7033486,4.072672,4.5713916,4.436492,4.499276,4.2202454,4.567408,3.812927,3.942415,3.8810039,4.0221233,4.390939,3.7968895,3.1889265,3.5102973,3.9106169,3.0142417,3.1075735,3.142289,4.513954,5.378662,2.2302163,2.248265,2.3033166,2.1227338,3.4975054,3.0614238,3.212205,3.2445736,3.2272766,3.0378077,2.8973682,3.0752716,2.6477947,2.6928375,2.804054,2.6096623,2.5567768,2.8751898,3.3679175,3.2470145
24,2.483965,3.0070863,4.3837733,3.3444343,2.355581,2.3208938,3.2715228,3.3870401,5.2563777,5.321116,5.030813,5.1834893,4.7958555,4.8028884,4.986765,4.979377,2.7806506,2.967877,2.6797242,3.077522,2.163808,3.5921457,3.1087942,3.150859,0.0,2.3111498,2.765262,2.7729354,2.6221383,2.5961092,2.999434,3.492564,2.9994905,2.9624097,2.826032,2.8351464,3.525839,3.316904,3.4664447,2.9707358,3.1560874,2.8008232,4.263101,2.727442,4.2920823,2.7330523,3.2205365,2.724169,2.9209814,2.9774964,2.9207988,3.255706,2.7591949,2.2577472,3.1247842,3.2987294,2.914488,2.9507847,3.3865435,3.9577553,3.3793867,3.5920534,3.5842927,3.9480174,4.91648,4.6565833,5.2344146,4.9999757,4.929011,4.929011,5.0423455,5.0485477,4.3910236,4.2774982,4.3291383,4.794016,4.250702,4.2623343,4.4609737,4.409764,4.036294,4.0076065,4.0685873,4.0386286,4.4734898,4.435325,4.332442,4.096375,3.9117405,4.186424,4.3458414,4.271816,4.0543313,4.003736,3.937149,4.048704,3.4930909,3.958545,4.259689,4.035823,3.7266335,4.1965785,5.5572004,4.0653596,3.3496056,3.4165003,4.0247903,4.833222,2.9396107,2.9612944,3.01586,3.0269508,3.9057984,3.6182785,3.8095741,3.8649116,3.297264,3.108673,3.3558605,3.5375109,3.0272837,3.0412555,3.2361548,2.8183572,3.2273653,3.1417332,3.4406784,2.63239
25,1.4933717,2.25498,4.1913085,2.8715975,1.5977083,1.4887629,2.736939,2.909789,3.5361187,3.5518968,3.1930058,3.4343376,2.977643,2.9847195,3.0632997,2.96793,1.1996745,1.5419747,1.0419207,1.9278393,2.260209,3.2876441,2.055412,2.0541623,2.3111498,0.0,1.543003,1.5569888,1.4665881,2.005381,1.6103309,1.7041925,2.0220902,2.009745,2.4674256,2.4808013,2.6661785,2.8153746,2.6860816,1.9652467,2.2529244,1.660102,3.4912233,1.5930709,3.7198863,1.6574875,2.317126,1.6227928,2.2925036,2.3295245,2.215511,2.6799288,2.6706986,2.0829618,2.815865,3.1586974,1.7432115,1.7364866,2.3955774,3.2448611,2.3162632,2.6114116,2.6830373,3.018146,4.980999,4.3011203,4.9933963,4.7980275,4.6643386,4.6643386,4.7518487,4.7900863,4.0847187,4.014195,4.1603475,4.5106006,3.597133,3.590325,4.1644254,4.1061835,3.6324918,3.609074,3.7617788,3.7114046,4.209724,4.1827216,4.0104814,3.7299268,3.4174907,3.806559,3.9904273,3.8819227,3.5733752,3.5684597,3.5204654,3.6270633,2.8927317,3.1325445,3.4849133,3.2176914,2.596192,3.0886545,3.4712424,2.6728613,2.3812873,2.4147997,3.210214,4.33307,1.8594182,1.903042,1.9811939,1.7852508,3.195995,2.5450401,2.738978,2.8216827,2.438203,2.1925695,2.5117633,2.6657252,2.1863701,2.1737742,2.2173722,1.6160583,2.1781518,2.2188797,2.5002475,2.4901865
26,1.8885925,2.5363858,3.4920182,2.8480158,2.030516,1.8736914,2.7438602,2.833422,3.4864395,3.4628522,3.4556062,3.5342157,3.2645392,3.2825217,3.3649268,3.2704804,1.7860931,1.9366989,1.5993152,2.2970614,2.6245582,3.5124903,2.5219097,2.5228224,2.765262,1.543003,0.0,0.21839452,2.069551,2.4924548,2.042382,2.2395713,1.7879729,1.7356203,2.5756118,2.5734818,2.260162,2.3195994,2.402034,1.6820763,2.5702822,2.095399,3.5389414,1.855674,3.8387005,1.8558831,2.4534094,1.8686954,2.9382057,2.9605072,2.8736882,3.2126613,3.2116342,2.7350817,3.2956555,3.6111114,1.984465,1.984337,2.5957723,2.5377505,3.0870874,3.2749722,3.3360827,3.5239701,4.374602,3.5583074,4.296746,4.1745124,3.9242938,3.9242938,3.9736245,4.042728,3.998906,3.9436278,4.056146,4.4159646,3.3952825,3.39543,4.0283747,3.9450595,3.352872,3.300592,3.4914517,3.4446118,4.161587,4.1280937,3.96904,3.672808,3.2006447,3.6845884,3.8076549,3.657142,3.5161982,3.3327682,3.3835208,3.5146856,3.293965,3.2499518,3.1781616,2.838655,3.0150282,3.8657598,3.6636415,2.382702,2.6394393,2.6749892,3.4964619,4.446226,2.2618365,2.2887893,2.3464963,2.1840384,3.6594994,2.8464456,3.021577,2.7771766,2.7767878,2.8837965,2.8959439,2.9872396,2.3791473,2.4166863,2.3652172,1.8282245,2.4557588,2.5784144,3.203259,2.7023935
27,1.9004486,2.5017433,3.4511118,2.8991678,2.0266702,1.8609536,2.795349,2.8931584,3.407796,3.3968868,3.4173732,3.523426,3.2345896,3.252019,3.332613,3.2476559,1.8013638,1.9934113,1.6163102,2.3323145,2.6385233,3.530592,2.5078876,2.5290344,2.7729354,1.5569888,0.21839452,0.0,2.1396823,2.5567026,2.1404026,2.2764668,1.8502907,1.7898992,2.6481526,2.6549273,2.3602011,2.449544,2.5250971,1.7547953,2.5516896,2.0833752,3.5370684,1.906931,3.8943892,1.910468,2.5106587,1.9215006,2.9095457,2.9288719,2.8619647,3.180079,3.1787238,2.7264142,3.3121064,3.6051702,2.0479536,2.0509124,2.6411805,2.471984,3.1033049,3.271754,3.3073967,3.5374844,4.3504596,3.5443861,4.300106,4.12486,3.9444687,3.9444687,3.9995017,4.066746,3.9772868,3.9045424,4.041326,4.3935804,3.3594198,3.3596966,4.001621,3.8925056,3.3039598,3.2719712,3.455363,3.411787,4.084374,4.052381,3.9015005,3.6052406,3.230983,3.7129557,3.852618,3.7093668,3.4845462,3.3514888,3.3964245,3.5196662,3.230516,3.2654607,3.070991,2.7648785,3.0034373,3.8565123,3.6682692,2.3851676,2.6390548,2.6552298,3.4657094,4.3777165,2.2449956,2.278547,2.343027,2.186445,3.6285336,2.8280542,3.0150065,2.763901,2.8031993,2.925189,2.9053228,2.9733262,2.3908916,2.3841789,2.377177,1.8735871,2.433901,2.5233037,3.2293196,2.684457
28,1.8429264,2.5458322,4.237322,3.2657838,1.9493107,1.8241674,2.938589,3.1129615,3.8716862,3.878829,3.570475,3.2885125,3.2859735,3.296354,3.4075174,3.306489,1.8965726,2.057373,1.6531781,2.4611683,2.6368067,3.4280026,2.576349,2.6278539,2.6221383,1.4665881,2.069551,2.1396823,0.0,1.3578845,0.7204815,1.2347311,2.311902,2.3366647,2.5465775,2.566429,2.7165148,2.9246736,2.8561845,2.3046546,2.4803305,2.1326904,3.6282609,1.9796543,3.7364085,1.9967157,2.6096923,1.9626188,2.8149366,2.83554,2.7144532,3.0569842,3.066978,2.5494268,3.1685398,3.4895058,2.273149,2.3053021,2.844872,3.595916,2.7253137,2.9760103,2.9960518,3.1848264,4.944698,4.3445735,4.981008,4.770366,4.6534557,4.6534557,4.7480683,4.779441,4.1836486,4.1260157,3.8569896,4.293364,3.6860108,3.6780343,4.213168,4.110839,3.7638042,3.7392404,3.8786006,3.853874,4.466657,4.442299,4.266836,3.996163,3.5445094,3.8179467,4.092244,3.967262,3.8181028,3.6823356,3.6280544,3.7427044,3.0626087,3.29986,3.7930999,3.6406195,2.8892167,3.3928971,3.8057144,3.1566777,2.6701002,2.6605802,3.372357,4.3019657,2.194506,2.2168343,2.2799098,2.1260195,2.9408324,2.1949234,2.442353,2.5754771,2.2166557,1.6372752,2.10327,2.2876055,2.5111456,2.5167575,2.6022515,2.1547706,2.4983764,2.5892992,2.7116044,2.79148
29,2.261752,2.9484284,4.439164,3.41163,2.2078397,2.1008465,3.1516817,3.5548823,4.3335514,4.331032,4.1162524,3.9009843,3.8619957,3.8644383,4.0549965,3.9582236,2.0942082,2.2160006,1.9666915,2.50225,2.5895495,3.156802,2.8702366,2.8739939,2.5961092,2.005381,2.4924548,2.5567026,1.3578845,0.0,1.373114,2.0602832,2.4373264,2.4614084,2.5136228,2.5908535,2.91328,2.9141665,3.0185127,2.5475254,2.762513,2.2524617,3.5463233,2.002765,3.7305462,2.0737474,2.6779604,2.0614145,2.9517958,2.9579484,2.8242757,3.0695324,3.0235775,2.5717404,3.258512,3.5157728,2.525597,2.5919256,2.908289,3.713152,2.950315,3.1145139,3.1598158,3.4444532,4.3754683,3.8955204,4.4885626,4.3468013,4.184072,4.184072,4.3325973,4.318673,3.5666044,3.5805662,3.396217,3.8465245,3.9160357,3.904422,3.798122,3.711108,3.107964,3.0322144,3.2840207,3.2288888,3.9833498,3.9603498,3.7729554,3.6014404,2.949649,3.3232882,3.5701718,3.4394028,3.315442,3.0956106,2.9695702,3.0826778,3.1482937,3.2727144,3.930999,3.5843472,2.4825554,2.940953,4.30559,3.1766086,2.8847377,2.9169114,3.4590776,4.669896,2.412484,2.422318,2.4719667,2.3425462,3.029976,2.2740428,2.4667616,2.6113474,2.0845249,1.8811936,2.020199,2.264563,2.7439566,2.6305773,2.7531173,2.3947415,2.5292704,2.691179,2.9578218,2.7622275
30,2.0630393,2.7675207,4.469329,3.3208838,2.3149326,2.1983907,2.999966,3.1832905,3.8202093,3.7843564,3.558003,3.2175982,3.249962,3.2605548,3.3583133,3.225226,1.9021443,1.9726795,1.7131616,2.4653287,2.9603248,3.5162675,2.8053322,2.7080352,2.999434,1.6103309,2.042382,2.1404026,0.7204815,1.373114,0.0,1.151353,2.2884645,2.3322022,2.69881,2.7116473,2.6280775,2.786066,2.7187378,2.2677038,2.7041385,2.2561378,3.4153988,1.9693393,3.7284849,2.0135133,2.596596,1.991617,3.001714,3.0149827,2.8662126,3.1939592,3.2801507,2.7698843,3.41638,3.7397437,2.165469,2.1884801,2.7112715,3.6153939,2.7524796,2.9968321,3.077146,3.2303755,4.9911594,4.3418064,4.916297,4.823979,4.585787,4.585787,4.6694455,4.7011347,4.18467,4.1736903,4.0052094,4.4160347,3.8602924,3.8471537,4.3002577,4.2259493,3.751436,3.6761305,3.8910606,3.8490183,4.6488795,4.625687,4.4367027,4.184709,3.4600434,3.8538594,3.9969778,3.8633587,3.8454206,3.5577404,3.588941,3.7081308,3.245295,3.1545706,3.8020332,3.4269202,2.816577,3.3294725,3.5837617,2.8363786,2.79225,2.8013585,3.328182,4.5120106,2.310284,2.3226664,2.373583,2.1614668,3.1809554,2.161456,2.382511,2.488073,2.1521916,1.8189759,2.1686766,2.3636286,2.5890145,2.619386,2.606923,2.1627429,2.5481377,2.6947699,2.8404553,2.9384818
31,2.365116,2.9203596,4.6156116,3.6570864,2.4412446,2.3164237,3.345117,3.4979773,3.2901735,3.2790585,2.90924,2.497897,2.7325184,2.7365355,2.7732515,2.6750574,2.002594,2.21198,1.9352078,2.4815147,3.1748805,3.805519,2.6010208,2.6285677,3.492564,1.7041925,2.2395713,2.2764668,1.2347311,2.0602832,1.151353,0.0,2.7683868,2.7883503,3.300397,3.3189485,3.231087,3.4950063,3.325426,2.7567632,2.9246085,2.4378629,3.863096,2.3975804,4.15078,2.4674048,2.961632,2.4226127,3.0794344,3.1049798,3.0126917,3.362586,3.5454383,3.1036355,3.5347483,3.8753016,2.5031862,2.4983807,2.98964,3.8206382,3.058748,3.2924964,3.3619535,3.6271358,5.4424257,4.6449146,5.3141694,5.1267467,5.0033274,5.0033274,5.090423,5.1243668,4.584881,4.5522065,4.4815474,4.7686334,4.090138,4.0752587,4.6910033,4.621138,4.131462,4.0919805,4.30695,4.2575636,4.685911,4.667408,4.4990644,4.262805,3.950318,4.317066,4.53656,4.405507,4.093928,4.112044,4.0712256,4.156886,3.3391783,3.5527794,3.8383608,3.6884396,2.9981608,3.3711538,3.1448812,3.049697,2.9535306,2.9660516,3.5410922,4.721872,2.3666682,2.4009027,2.4690204,2.2947075,2.9495535,2.2359862,2.4440536,2.5778737,2.1502304,1.9179158,2.2845569,2.4096525,2.8811152,2.82715,2.8396971,2.4187834,2.6545486,2.8527682,2.9992623,3.3815331
