,0,1,2,3,4,5,6,7,8,9,10,11,12,13,14,15,16,17,18,19,20,21,22,23,24,25,26,27,28,29,30,31,32,33,34,35,36,37,38,39,40,41,42,43,44,45,46,47,48,49,50,51,52,53,54,55,56,57,58,59,60,61,62,63,64,65,66,67,68,69,70,71,72,73,74,75,76,77,78,79,80,81,82,83,84,85,86,87,88,89,90,91,92,93,94,95,96,97,98,99,100,101,102,103,104,105,106,107,108,109,110,111,112,113,114,115,116,117,118,119,120,121,122,123,124,125,126,127
0,0.0,0.2686309,0.59594107,1.2127131,1.8897773,2.5017364,1.8159292,3.6595209,3.0858767,2.246988,2.221613,2.5845876,2.8705108,2.2253828,2.6775153,2.9974573,3.753405,3.8613276,2.2203195,2.548279,4.422895,4.451008,3.7623317,3.707425,3.1661549,2.7965572,3.514063,2.9321573,3.0301316,3.1962485,2.8233702,2.676683,3.0635302,3.0110557,2.9389122,2.973501,3.0177298,3.0177298,3.0746202,3.0076475,3.2543092,3.2404323,3.2176945,2.6693597,2.6948617,2.7167978,3.2643576,3.3934495,3.4396691,3.4903202,3.2631261,3.3066049,2.5749261,3.8773987,4.080897,4.166721,2.8099992,2.8099992,2.785216,2.8068213,2.7306044,2.6279368,3.3828917,3.598953,4.426895,4.6366606,4.255978,4.5328717,4.0797296,3.9465191,4.4659004,4.210272,4.32567,4.251045,4.463386,4.4897676,3.2122674,3.290352,3.4166508,3.5231128,3.018159,3.4539003,3.6428945,3.798868,3.5425038,3.5807033,3.3621423,3.7882836,3.7535484,3.7320645,4.2737284,3.8854399,4.004767,3.695042,3.729102,3.7704775,3.7755573,3.806272,4.950765,3.8567717,3.3217683,3.167009,3.390607,3.507734,3.8161027,3.7506266,4.2247314,3.7306173,3.7995954,3.539053,3.9969604,4.970901,3.6333678,3.612004,3.6937451,3.7775786,3.7093213,4.1903615,3.5901978,3.5876913,4.460311,3.9541183,3.933113,3.9385104,4.4401426,3.9565527,4.182638,4.2602425
1,0.2686309,0.0,0.6616599,1.1896615,1.8969266,2.4926329,1.8205107,3.6738815,3.068062,2.1978486,2.1740763,2.6278791,2.8324378,2.247688,2.7177303,3.0024288,3.7068317,3.8202078,2.2461329,2.453861,4.391369,4.408421,3.7203112,3.6684356,3.0613687,2.8315704,3.561678,3.0098717,3.067719,3.2010024,2.85386,2.7289228,3.0888863,3.0019646,2.924821,2.9566014,2.9883797,2.9883797,3.0537443,2.9713275,3.2376485,3.2369406,3.2255878,2.6943085,2.6200218,2.6455042,3.1920137,3.3313358,3.4195712,3.4742968,3.238186,3.282448,2.5830286,3.8848553,4.044878,4.1422606,2.7827337,2.7827337,2.7737236,2.7825046,2.7056055,2.6085563,3.3528435,3.5667207,4.372196,4.585598,4.1596107,4.4678674,4.0285892,3.8861065,4.4224815,4.1610084,4.253325,4.177294,4.406351,4.439717,3.198952,3.290176,3.3730347,3.4402435,2.9610107,3.40251,3.6029894,3.7478862,3.4634833,3.5044248,3.2902822,3.7622569,3.8088214,3.7884102,4.312572,3.9239013,4.087292,3.7454386,3.7855284,3.8176017,3.7172475,3.6991599,4.9087114,3.817183,3.2634923,3.084426,3.341702,3.4696891,3.7498887,3.6724625,4.1660576,3.6630104,3.7567868,3.4835503,3.9225461,4.8778167,3.6090682,3.584571,3.619547,3.7186248,3.6707697,4.15452,3.5852642,3.5800688,4.4301577,3.9251168,3.9320292,3.9393032,4.448401,3.956154,4.164693,4.2390966
2,0.59594107,0.6616599,0.0,1.2276362,1.9180555,2.461737,1.848567,3.6258826,3.1729665,2.38384,2.3367407,2.6373067,2.7873018,2.139685,2.638558,3.0045846,3.5183117,3.6278257,2.0125213,2.4716697,4.1302047,4.123052,3.5046678,3.4409323,3.214533,2.7797632,3.2377415,2.896614,2.9930868,3.1386704,2.7380016,2.5825891,2.9453042,2.8975515,2.7880375,2.8149586,2.8609443,2.8609443,2.888511,2.8010414,3.2410264,3.2324383,3.1511884,2.6476855,2.6759899,2.681696,3.2201552,3.3920574,3.5641296,3.5963478,3.2381847,3.2916183,2.5133147,3.8117218,3.959085,4.075996,2.8024397,2.8024397,2.7082963,2.7769105,2.6289468,2.5592358,3.3522863,3.568478,4.123877,4.3462396,4.0457296,4.253611,3.761213,3.732507,4.1440988,3.883192,4.0813937,3.986649,4.117691,4.244426,3.0219045,3.111775,3.163471,3.2904463,2.7067344,3.1683059,3.3609364,3.483787,3.3373117,3.3764193,3.1661844,3.6315374,3.403395,3.376145,3.978703,3.5424075,3.6796124,3.3451529,3.3826427,3.4173787,3.635621,3.704076,4.759431,3.6544297,2.9806895,2.9418755,3.1843054,3.2832851,3.6530254,3.6244755,4.100891,3.576698,3.6057677,3.3517137,3.661567,4.615861,3.4504972,3.4340382,3.5253754,3.5925367,3.4812121,3.9575317,3.3352537,3.352419,4.1439085,3.7921178,3.6836689,3.6958494,4.258143,3.6781101,3.9516003,4.070826
3,1.2127131,1.1896615,1.2276362,0.0,2.3042486,2.818733,2.250407,3.8314726,3.3116837,2.511696,2.540386,2.9082532,3.1073315,2.5636246,3.020176,3.4140263,3.8258226,3.931562,2.3818724,2.764605,4.396725,4.3765864,3.7784617,3.7340324,3.2907577,2.9379015,3.4425502,3.0560725,3.131255,3.2998018,2.921923,2.803586,3.3522198,3.3198993,3.2220998,3.2520773,3.274313,3.274313,3.5371213,3.4330094,3.5051231,3.498626,3.4579616,2.9422312,3.0388672,3.05949,3.4580362,3.6114535,3.7876258,3.8402808,3.5201404,3.5484276,2.848293,4.0787,4.268535,4.3658257,3.076057,3.076057,3.0341327,3.0322666,2.963871,2.8980384,3.6498883,3.849556,4.7365985,4.922602,3.8169773,4.8474245,4.4540095,4.4280944,4.962718,4.5683656,4.678425,4.579394,4.6955667,4.814354,3.7587147,3.8043122,3.7570288,3.86489,3.0191345,3.630424,3.637966,4.174832,3.7868211,3.8158872,3.2905762,4.28746,3.864966,3.81998,4.2997203,3.9424934,4.497425,3.765788,3.815091,3.8517044,4.0535164,4.0563264,5.126425,4.108578,3.5383875,3.3890395,3.6180985,3.7244987,4.101679,4.041375,4.4946675,4.0112157,4.1921234,3.946092,4.261304,5.173084,4.14728,4.105857,3.3656404,3.4451735,3.8276665,4.224679,3.7991083,3.8018224,4.847876,4.512022,4.435549,4.4523263,4.9654007,4.504101,4.7626166,4.8675566
4,1.8897773,1.8969266,1.9180555,2.3042486,0.0,0.9533437,0.54767877,3.1829174,2.9548306,2.6098068,2.2821672,2.6139781,2.417625,1.5167135,2.3097034,2.4836314,3.061478,3.2482634,1.888894,2.4790204,3.9063323,3.9384618,3.3040643,3.2656085,2.7004251,1.884645,3.0766904,2.2344575,2.161761,1.8601853,1.8589809,2.1540515,3.03195,2.3918297,2.3101976,2.2993972,2.4324794,2.4324794,2.3537273,2.3996623,2.618259,2.5445545,2.8356996,2.2812908,2.6080887,2.7294455,3.0983179,3.0900667,2.6210928,2.7037537,2.4802449,2.535172,2.0190847,3.0076816,3.4794164,3.6452994,2.2668498,2.2668498,2.2414281,2.2417824,3.1811023,3.1016095,3.0165002,3.1789117,3.9385152,4.1193705,3.7436538,4.035417,3.5252507,3.1573708,4.0606947,3.7068696,3.5428503,3.5322924,3.97614,3.9062393,2.742753,2.8659024,3.2246256,3.2943015,3.095121,3.081357,3.2977676,3.4305043,3.1000059,3.1495988,3.295229,3.6472518,3.5601811,3.5553098,3.912379,3.4790902,3.8367016,3.4567027,3.5210688,3.5522828,3.8005323,3.9290016,4.9726853,3.8922515,3.0300303,2.7117798,2.8305583,2.9443805,3.4804409,3.5070608,4.1424046,3.4118257,3.447881,3.4579928,4.0907183,5.0843067,3.5072238,3.4813325,3.600143,3.6481202,4.098647,4.5796523,3.5308826,3.553357,4.4963813,3.8533428,3.8618376,3.8347118,4.5622153,3.9092965,3.564904,3.649365
5,2.5017364,2.4926329,2.461737,2.818733,0.9533437,0.0,1.0617976,3.028088,3.218803,2.5444636,2.1623478,2.5438817,2.3680413,1.6118202,2.4463747,2.5233278,2.965648,3.179932,1.7165136,2.264172,3.6077857,3.6215742,3.1560316,3.1094177,2.6897404,1.9423813,3.110976,2.2765896,2.2414088,1.9534918,1.862067,2.0872374,2.881495,2.1579776,2.076212,2.043937,2.1985161,2.1985161,2.050102,2.2058897,2.3348422,2.2689152,2.750486,2.1678495,2.5230389,2.6323893,2.9429617,2.8270752,2.6057415,2.7410243,2.5022151,2.5248582,1.9010059,2.5707748,3.306306,3.539771,2.0557446,2.0557446,1.9933051,2.0349152,3.525392,3.4867365,2.9136708,3.0467675,3.9156802,4.0767746,3.7531476,4.017748,3.3493664,2.8932784,3.8849475,3.5472121,3.3542538,3.362857,3.8703434,3.7438617,2.6087,2.7012792,3.0292733,3.1402617,3.2823334,2.9939733,3.1832232,3.1916392,2.9727118,3.0154285,3.195816,3.6867914,3.4486933,3.4430645,3.8074043,3.330975,3.7563083,3.309151,3.409917,3.4179618,4.0128627,4.086784,5.040218,3.9851968,2.8407154,2.487079,2.5801883,2.6987157,3.4478405,3.502206,4.362993,3.4321654,3.161122,3.2608166,3.9119234,4.905535,3.3398154,3.3054538,3.4379184,3.47785,3.9532838,4.588444,3.3484404,3.37349,4.3406596,3.680745,3.4380074,3.3994677,4.7254577,3.7506309,3.434688,3.5476794
6,1.8159292,1.8205107,1.848567,2.250407,0.54767877,1.0617976,0.0,3.0614145,2.8667815,2.445119,2.1793664,2.5546908,2.2880397,1.4078528,2.2355707,2.3540256,3.367783,3.5463479,1.7421544,2.3688636,4.1580706,4.1675906,3.5856247,3.5293386,3.0012958,2.31763,3.3707867,2.6330945,2.5334065,2.269757,2.163234,2.415565,2.8529358,2.2800198,2.205664,2.202506,2.3415017,2.3415017,2.274128,2.330041,2.5893695,2.5113454,2.7778385,2.2126884,2.5340104,2.6458547,3.0265274,3.0380578,2.564771,2.65409,2.4233513,2.47497,1.9320343,2.9576993,3.423123,3.6054618,2.2038143,2.2038143,2.1760342,2.1796122,3.1493912,3.0766554,3.0004416,3.1659403,3.8977468,4.0755796,3.7069943,4.032781,3.4695508,3.0841777,3.992595,3.6533122,3.7343946,3.7268646,4.157783,4.085683,2.6084619,2.7295713,3.1141043,3.1630025,3.0073454,2.952903,3.1998193,3.401829,2.9856992,3.0329404,3.2114408,3.5778193,3.5025053,3.4972215,3.8878098,3.4622555,3.7816243,3.3957748,3.4710517,3.4933903,3.7096748,3.8010406,4.8788824,3.7919278,2.9453945,2.586955,2.7119029,2.8258092,3.4702747,3.4938376,4.1136155,3.399672,3.3851588,3.414811,4.068991,5.0670333,3.4558468,3.4132626,3.5623682,3.5741868,3.9376092,4.4481134,3.3187537,3.3337297,4.3810053,3.7013657,3.6880918,3.6682534,4.4634523,3.841331,3.463225,3.537775
7,3.6595209,3.6738815,3.6258826,3.8314726,3.1829174,3.028088,3.0614145,0.0,3.833421,3.4292905,3.283429,3.4425466,3.7579868,3.347378,3.253139,3.8293636,4.1369343,4.2862787,2.7768366,3.3201401,4.690962,4.6425967,4.4739275,4.40636,4.155451,3.6290393,4.3136663,3.6763248,3.801748,4.013452,3.7910132,3.5715733,3.1431718,2.628239,2.6783757,2.696098,2.8177752,2.8177752,2.8727958,2.985462,2.7846835,2.6526024,2.5506034,2.5055435,3.1184325,3.2444236,3.306637,3.199556,3.1482015,3.251255,3.2765021,3.2240798,2.6613915,2.8902602,2.0878797,2.1143115,2.7444592,2.7444592,2.7276216,2.7071981,4.224649,4.116038,3.5730197,3.5866034,4.487183,4.1207633,4.320852,4.245572,4.282513,3.7617261,4.7986107,4.4283247,4.8882546,4.900501,5.259776,5.1459146,3.8120182,3.8703225,3.9919515,4.2366776,4.016864,3.9092436,3.8895822,4.03123,4.02518,4.048099,3.8693748,4.2279124,3.74039,3.777183,3.5053678,3.720557,4.0808525,3.6619425,3.7012005,3.7846396,3.1028032,3.1857984,3.0692554,2.8641107,3.7097864,3.391795,3.5433176,3.3079965,4.2299833,4.1960974,3.8904414,4.2566776,3.758665,3.8982081,4.310956,5.291385,4.064628,4.0530887,4.0968404,4.13187,3.891456,4.410778,3.6965468,3.7194967,4.2938833,3.6035044,4.061295,3.9874606,3.7803655,3.9121807,4.3916025,3.9980764
8,3.0858767,3.068062,3.1729665,3.3116837,2.9548306,3.218803,2.8667815,3.833421,0.0,2.6750288,2.4441254,3.05501,3.1173968,2.4588509,2.7348638,3.1818304,3.643379,3.7883332,2.591778,2.9531531,4.358442,4.4394407,4.2035437,4.2000213,3.373435,3.2135785,3.9126253,3.4053433,3.3787103,3.5887864,3.472814,3.260061,3.3093963,2.7029943,2.7462926,2.712148,2.784429,2.784429,3.0673966,3.087809,2.3219075,2.2702482,2.9501884,2.333293,2.5355647,2.7067516,3.0272768,2.741141,2.3178282,2.2095432,2.0715494,1.9930854,2.3857539,2.8100414,3.7322204,3.7358003,2.34449,2.34449,2.52491,2.326093,3.6039777,3.6029608,2.9658387,2.97983,3.4752944,3.6731238,3.437116,3.6535296,3.698816,3.5461962,4.2990084,3.8010144,4.3754764,4.4280314,4.6571865,4.5763245,3.2175336,3.2520988,3.4901595,3.731835,3.456959,3.2754881,3.4717908,3.693962,3.507575,3.5440774,3.1296682,2.88498,3.6894252,3.7442653,4.009799,3.6118221,4.011967,3.6188486,3.630889,3.6752956,4.234056,4.2669196,5.3207827,4.1777015,3.2200022,2.9408247,3.0048616,3.1736317,3.47714,3.4092884,3.978686,3.456534,3.8293579,3.5575073,3.8565753,4.918221,3.8018334,3.8474464,3.709275,3.8046358,3.6134505,3.367764,3.624244,3.58501,4.3923316,3.8871326,4.8437963,4.8276906,4.5177646,4.0479817,4.2197776,4.2599916
9,2.246988,2.1978486,2.38384,2.511696,2.6098068,2.5444636,2.445119,3.4292905,2.6750288,0.0,0.64098376,1.8696927,2.6781402,2.2702885,2.6830611,2.971333,3.8406487,3.9513485,1.8219898,1.5344225,4.006521,4.0085874,3.9065514,3.8336964,2.7149212,2.9233146,3.627718,3.1562014,3.1806316,3.3904204,2.8396354,2.5290406,2.2244,2.4958625,2.5252411,2.5449367,2.5484161,2.5484161,2.7389882,2.849977,2.2143838,2.3177102,2.7132103,1.8882499,1.7306478,1.6578437,2.191046,1.9414535,2.915016,3.0507667,2.7805562,2.7324548,2.2008228,2.8732538,3.8031867,3.8915637,1.9577203,1.9577203,2.0180464,2.0311067,3.361077,3.3923135,2.7940466,2.907831,4.288211,4.4710746,4.222341,4.407083,3.9209983,3.7488537,4.264862,4.033676,4.3743925,4.3502803,4.595205,4.4106693,2.9433208,2.8554194,3.0266535,3.1876228,3.5545225,3.3505752,3.4007473,3.5977864,3.2964523,3.3178806,2.9582765,3.5530279,3.6349454,3.6203542,4.274177,3.861834,3.9955993,3.5249128,3.5961921,3.6011927,4.231826,4.0136166,5.194575,4.142578,3.1324499,2.8020914,3.0106637,3.1827095,3.6606169,3.5768695,4.515781,3.6816363,3.1069221,2.8273916,3.5882168,4.745101,3.1875536,3.1952696,3.0858629,3.255326,2.9743817,3.5667663,3.1126866,3.052169,3.842455,3.3196435,3.3364747,3.333683,4.6601324,3.4577029,3.9689875,4.03619
10,2.221613,2.1740763,2.3367407,2.540386,2.2821672,2.1623478,2.1793664,3.283429,2.4441254,0.64098376,0.0,1.7697155,2.5090103,1.9571155,2.4484918,2.725665,3.4913654,3.6367698,1.5904369,1.5080211,3.728196,3.7604747,3.6420722,3.5970752,2.4300616,2.5518937,3.3281398,2.8020172,2.8334239,3.0690222,2.6278892,2.3145611,2.3958375,2.2747917,2.284083,2.2817883,2.317934,2.317934,2.5005016,2.6119761,1.8986744,1.9626312,2.597315,1.7381041,1.625487,1.6456256,2.2049167,1.8774807,2.7246141,2.8650262,2.5813146,2.5369906,1.9542488,2.5761988,3.6044517,3.68837,1.682432,1.682432,1.8224269,1.7636527,3.3291018,3.3458128,2.5649345,2.6771705,4.01787,4.2055864,4.073446,4.1286707,3.6227856,3.454478,4.0466914,3.741724,4.017781,4.0211973,4.340461,4.1861105,2.8036935,2.7503915,2.9602997,3.167576,3.4971087,3.2119598,3.3575015,3.3994296,3.2187877,3.2483175,2.906762,3.4324825,3.4981492,3.46994,4.029828,3.5840125,3.82516,3.3829813,3.4514906,3.462146,4.184254,4.03298,5.1541634,4.090145,2.9591818,2.6456475,2.8367429,3.0260367,3.436092,3.3727415,4.3791876,3.4728124,3.1010084,2.8518658,3.4290876,4.6249127,3.155882,3.1896324,3.1407156,3.311514,3.1416836,3.6827486,3.2136247,3.1677392,3.87372,3.3733854,3.3932288,3.3795893,4.699768,3.430281,3.8851168,3.9566972
11,2.5845876,2.6278791,2.6373067,2.9082532,2.6139781,2.5438817,2.5546908,3.4425466,3.05501,1.8696927,1.7697155,0.0,3.72754,2.3877382,2.7293417,3.132419,3.5680683,3.683181,2.1542933,2.4089153,3.8325312,3.9046822,3.7290096,3.6491451,3.026537,2.708826,3.408875,2.8375952,2.3059185,3.1561942,2.7239947,2.4944904,2.4381485,2.4988291,2.48479,2.4913492,2.5635233,2.5635233,2.77579,2.8677375,2.4441442,2.5151455,2.9157906,2.1737232,2.3846936,2.3518636,2.7020917,2.5318382,3.0378988,3.1462908,2.9226475,2.927367,2.280005,2.8597865,3.9530363,3.7561066,2.225677,2.225677,2.1752381,2.2630372,3.533678,3.496935,2.8459537,2.9709315,4.2501454,4.401898,4.348469,4.357637,3.7984226,3.8323383,4.6383924,3.920734,4.6166444,4.4617567,4.7652073,4.7010264,2.893483,2.8155816,3.1042972,3.3774621,3.5843394,3.28714,3.408701,3.5846195,4.012374,4.0451827,3.1075542,3.5893195,3.6185677,3.5938287,3.900794,3.472702,3.659679,3.6002126,3.6344044,3.6009517,4.2641335,4.298141,5.1776013,4.1642604,3.1624858,2.935502,3.1639743,3.2758408,3.848834,3.77493,4.563432,3.8282063,3.2314134,3.1116397,3.8211136,4.8967185,3.2609203,3.2995682,3.3574119,3.4351945,3.361723,3.9358368,3.2251697,3.1948662,4.0124016,3.5128338,3.4295797,3.4071627,4.593424,3.431458,3.8627462,3.9317584
12,2.8705108,2.8324378,2.7873018,3.1073315,2.417625,2.3680413,2.2880397,3.7579868,3.1173968,2.6781402,2.5090103,3.72754,0.0,1.8321359,2.6912715,2.4378953,3.5921724,3.664757,2.1038191,2.7158003,3.9425526,4.0233626,3.6830208,3.6215863,3.5863276,3.1506684,3.6699247,3.3577461,3.8552225,3.1986332,3.0198476,3.008914,3.0422602,2.8059766,2.7420118,2.723696,2.7618372,2.7618372,2.904986,2.9281743,2.9008315,2.9735165,3.2823367,2.736572,2.998239,3.025184,3.1925702,3.2125113,3.2268429,3.2856286,2.9140913,3.0036588,2.7110784,3.2901905,3.5170014,3.9721339,2.708598,2.708598,2.6283555,2.6697266,3.6601853,3.6663563,3.151709,3.2674477,3.7378273,3.9285288,3.7718296,3.9213488,3.3549664,2.9199433,3.1144636,3.4908242,3.2409568,3.4095576,3.596043,3.3329973,2.7703843,2.800398,2.938306,3.0604413,3.1291935,2.9060133,3.0092402,3.230224,1.8643475,1.8698908,2.9683108,3.3670034,2.8922286,2.929747,3.8734689,3.329223,3.556236,2.7169068,2.8195972,2.8513846,4.137437,4.26279,5.202532,4.1109858,2.8905995,2.6999314,2.9345667,3.0981073,2.9408753,3.0773332,4.040056,2.987896,3.1691282,3.2289257,3.8057926,4.6676126,3.26657,3.2879877,3.363211,3.4160228,3.614385,4.009038,3.1239252,3.113653,4.0563803,3.5907285,3.6046445,3.5880826,4.616996,3.6412005,3.4907994,3.63576
13,2.2253828,2.247688,2.139685,2.5636246,1.5167135,1.6118202,1.4078528,3.347378,2.4588509,2.2702885,1.9571155,2.3877382,1.8321359,0.0,1.6985623,1.8657079,2.9810154,3.0696392,1.5002104,2.559624,3.489848,3.6476843,3.2243774,3.179781,3.1822572,2.3782425,2.985348,2.6021657,2.573882,2.3849533,2.2967777,2.3359048,2.6824563,2.170471,2.1017234,2.072355,2.1792684,2.1792684,2.4432418,2.5072603,2.2929683,2.317945,2.768813,2.1268525,2.6198795,2.700748,2.9587379,2.8922212,2.621282,2.6920054,2.2239034,2.3335376,1.8665328,2.584211,3.3177037,3.4290082,2.0357814,2.0357814,1.9800656,1.9929479,3.2227275,3.1514866,2.5666318,2.7037106,3.1617093,3.3949053,3.4034557,3.4157045,2.705707,2.5700512,3.303134,2.8528824,3.441471,3.4461377,3.6442094,3.5925083,2.206931,2.2792947,2.5954826,2.8327427,2.5593102,2.2142339,2.5101082,2.8399134,2.4526212,2.4965162,2.5077481,2.9034357,2.530495,2.598307,3.1961734,2.522066,2.921735,2.4569447,2.494062,2.5213532,3.6678145,3.9365077,4.896913,3.67394,2.4172637,2.2453904,2.4251745,2.5888262,2.753961,2.8497674,3.7611125,2.7248685,2.891733,2.9624836,3.5374362,4.4947915,2.9610605,3.0333233,3.0821183,3.119664,3.4590425,3.8524077,2.828559,2.812239,3.909579,3.4706135,3.4902084,3.4567852,4.3248825,3.299748,3.034322,3.1774428
14,2.6775153,2.7177303,2.638558,3.020176,2.3097034,2.4463747,2.2355707,3.253139,2.7348638,2.6830611,2.4484918,2.7293417,2.6912715,1.6985623,0.0,2.4265907,3.540989,3.6078224,2.2286148,3.1074815,4.025324,4.18479,3.8287375,3.7987728,3.6394484,2.8924139,3.407581,3.0155373,3.0162532,3.052669,2.9409606,2.8269994,3.1342833,2.6186235,2.6024072,2.5770957,2.7079263,2.7079263,2.902749,2.9817336,2.6306708,2.5920491,2.0441012,2.4305782,2.9665596,3.0662248,3.3301241,3.2065465,2.6501508,2.7753034,2.4222426,2.4941561,2.3806229,2.5878181,3.402952,3.3939676,2.4250984,2.4250984,2.4551556,2.4128613,3.5488734,3.4889538,2.901911,2.8233967,3.3609226,3.5313973,3.8920956,3.8225758,3.2890546,2.8951192,3.9715896,3.3974488,4.4621954,4.461812,4.6469574,4.612962,3.3135161,3.4173312,3.6276016,3.8663263,3.2074637,3.0064695,3.241855,3.376284,3.3487039,3.3963492,3.2331567,3.4652967,2.8677447,2.9546337,3.9616165,2.9533336,3.2587886,2.9790294,2.8507762,3.0488455,3.1659307,3.4940512,4.6561427,3.176993,3.069195,2.933861,3.070503,2.8050249,3.110039,3.1222937,3.865915,3.0661376,3.0879202,3.217272,3.7118275,4.7564907,3.2791367,3.4071963,3.4979222,3.6639388,3.5447056,3.9482715,3.2597609,3.2268264,4.30503,3.9151506,3.962782,3.920032,4.2785883,3.5078845,3.3716366,3.4493537
15,2.9974573,3.0024288,3.0045846,3.4140263,2.4836314,2.5233278,2.3540256,3.8293636,3.1818304,2.971333,2.725665,3.132419,2.4378953,1.8657079,2.4265907,0.0,3.6452427,3.7252529,2.5377452,3.188129,4.169747,4.337169,3.9069104,3.8458335,3.9300814,3.3165061,3.8000672,3.4803193,3.4999628,3.366802,3.2300775,3.2494195,3.2168624,2.8408072,2.8424711,2.8059242,2.8424442,2.8424442,2.932948,2.984532,3.1518245,3.179044,3.3513148,2.9199138,3.1979358,3.1973577,3.5156906,3.5953987,3.233545,3.2706494,2.9453864,3.0388925,2.7453425,3.3908186,3.7913828,3.9499364,2.836372,2.836372,2.7510839,2.795368,4.2707653,4.220681,3.1881223,3.2916944,3.4982486,3.6776538,3.9479806,3.719534,3.1163425,2.973798,3.4888568,3.2444463,3.7859004,3.8023744,4.2518187,3.9513688,2.6841855,2.7883573,3.000755,3.1737483,3.2024064,2.8087726,3.1443052,3.1414611,2.9161398,2.9424043,3.130294,3.240474,3.0561895,3.0879118,3.735817,3.076445,3.241208,3.028995,3.0665627,3.0398295,4.0509844,4.305128,5.1860633,4.068202,2.9508674,2.727369,3.0022955,3.0692146,3.129518,3.1902986,4.050432,3.1249344,3.1759534,3.307823,3.7996156,4.6653695,2.756961,2.8210225,3.270096,3.2361748,3.850962,4.2234,3.2191231,3.2068639,4.1047025,3.6539896,3.6936002,3.6886785,4.4908395,3.5792482,3.2903385,3.4412575
16,3.753405,3.7068317,3.5183117,3.8258226,3.061478,2.965648,3.367783,4.1369343,3.643379,3.8406487,3.4913654,3.5680683,3.5921724,2.9810154,3.540989,3.6452427,0.0,0.46963266,3.037425,3.3548787,1.6551838,1.8918374,1.2024053,1.2311603,2.7873685,2.3283312,2.6986082,2.4452536,2.447081,2.6318905,2.7353964,2.5847094,3.7000124,3.0730705,2.9387603,2.8643873,2.8794477,2.8794477,2.9853437,2.9100378,3.1662166,3.287224,3.603351,3.2087448,3.3507454,3.3925786,3.4493802,3.446927,3.5826278,3.529983,3.1839101,3.247631,3.0553284,3.456045,3.5606139,3.6563075,3.1099675,3.1099675,2.8890262,3.0131807,4.0122194,3.9797451,3.341141,3.4081082,3.2157495,3.3269618,3.0698168,3.082735,3.0063474,2.9996123,3.7049637,3.151935,2.4845393,2.2833655,2.473447,2.5612946,3.095945,3.2082796,2.8417325,3.112613,2.7993238,2.724548,2.6891706,2.4632993,3.106869,3.1448152,2.641096,2.9979515,3.080766,3.1568677,3.2811766,2.7711303,3.4826484,3.0143728,3.063704,3.0108147,4.023691,4.3065176,4.87774,3.879553,2.420099,2.5003674,2.87718,2.9705865,3.0050943,3.0484426,3.7497241,3.0156832,2.9859438,2.903753,3.0684342,3.5583365,3.0502522,3.121161,2.9235258,3.0844185,3.6210506,3.8009675,3.4629433,3.5155106,3.9745877,3.7541335,4.1904173,4.1438446,4.3092985,3.4334276,3.6850908,3.8381922
17,3.8613276,3.8202078,3.6278257,3.931562,3.2482634,3.179932,3.5463479,4.2862787,3.7883332,3.9513485,3.6367698,3.683181,3.664757,3.0696392,3.6078224,3.7252529,0.46963266,0.0,3.2230778,3.579569,1.5649728,1.8938498,1.0465802,1.0815877,3.0163093,2.5033298,2.8012965,2.5975347,2.612271,2.754641,2.852069,2.7116532,3.811404,3.331333,3.2024977,3.1318958,3.1465728,3.1465728,3.2623885,3.2055433,3.4057503,3.534615,3.789947,3.4023335,3.592979,3.6101418,3.6656487,3.6599512,3.775515,3.7233565,3.393567,3.453606,3.2835402,3.665791,3.7399857,3.8047397,3.355095,3.355095,3.1145258,3.2595236,4.2033343,4.1502004,3.5601838,3.622125,3.2740273,3.3776126,3.1807353,3.141313,3.0820787,3.1026955,3.7406812,3.2142441,2.5633612,2.3410637,2.446944,2.5037313,3.204209,3.2946708,2.8887548,3.1705904,2.735548,2.6912706,2.5983574,2.5111277,3.0900514,3.1223066,2.6515028,2.9922554,3.015403,3.088326,3.2943344,2.7926848,3.4299378,2.9569778,2.989164,2.9531403,4.020933,4.3449545,4.9078355,3.9036481,2.5551329,2.648107,2.9665349,3.0461485,3.0683491,3.117862,3.7788665,3.0724564,2.9408467,2.8696477,3.1686778,3.533019,3.026687,3.113308,2.8853965,3.061109,3.6197314,3.762257,3.4501019,3.4925334,3.9932938,3.7881093,4.244929,4.1919727,4.2672286,3.4158106,3.6628683,3.8087225
18,2.2203195,2.2461329,2.0125213,2.3818724,1.888894,1.7165136,1.7421544,2.7768366,2.591778,1.8219898,1.5904369,2.1542933,2.1038191,1.5002104,2.2286148,2.5377452,3.037425,3.2230778,0.0,1.6179984,3.3593097,3.3104994,3.2560775,3.1652353,2.9144337,2.33807,2.7416034,2.4581556,2.6584826,2.7440307,2.2572708,1.998659,1.88693,1.5934163,1.4877216,1.4748219,1.5947363,1.5947363,1.7665002,1.8300691,1.8190746,1.8323733,2.2337809,1.3884957,1.8477793,1.8729349,2.2112446,2.1747258,2.7105064,2.765765,2.2470026,2.2732196,1.4611197,2.270148,2.9835353,3.2174332,1.5692171,1.5692171,1.3645749,1.5047253,2.9770734,3.0293162,2.4352221,2.5782833,3.4759893,3.6139936,3.4395816,3.622333,3.060132,2.9580102,3.4673045,3.1985774,3.5699606,3.5573194,3.7584145,3.7427523,2.2568235,2.2330408,2.442384,2.763536,2.8603196,2.6086504,2.680093,2.8245547,2.7123177,2.7360823,2.526825,3.1154985,2.485347,2.4683795,3.1033046,2.5927627,2.991628,2.337312,2.4481657,2.4374015,3.8055942,3.8815985,4.616902,3.5751183,2.1999557,2.091803,2.3680418,2.4687684,3.0875287,3.147744,3.9514477,3.124947,2.823007,2.7614865,3.1159625,4.30991,2.907062,2.9086306,2.8866217,2.9027722,2.8398502,3.355937,2.5214722,2.5528007,3.3879013,3.047146,2.9539063,2.9493637,4.142553,2.9888222,3.3889732,3.5197701
19,2.548279,2.453861,2.4716697,2.764605,2.4790204,2.264172,2.3688636,3.3201401,2.9531531,1.5344225,1.5080211,2.4089153,2.7158003,2.559624,3.1074815,3.188129,3.3548787,3.579569,1.6179984,0.0,3.6496334,3.4479651,3.5246313,3.4216392,2.2895846,2.788109,3.3969936,3.0980923,3.1015203,3.1742413,2.5922248,2.3844557,1.998304,2.024605,1.9910367,1.9904519,1.9724985,1.9724985,1.7945801,1.8747594,2.0970845,2.201268,2.5105944,1.7737527,1.0488455,0.91316694,1.6320001,1.5849167,2.8700073,2.9376564,2.520373,2.4651616,2.0030744,2.7682955,3.4476137,3.7329483,1.7946638,1.7946638,1.6843733,1.8211874,3.1851835,3.3263412,2.754903,2.8742058,3.920107,4.114267,3.7993643,3.9812932,3.5685503,3.3607454,3.8178966,3.7110977,3.6951396,3.654955,3.9844546,3.8669643,2.549545,2.5349555,2.5959036,2.6242518,3.4012542,3.1744735,3.2157977,3.0622022,2.9864492,3.0155756,2.897037,3.384826,3.6372814,3.618075,4.196636,3.7919798,3.9703014,3.4899232,3.6212037,3.5609047,4.1586285,3.8275836,4.9395523,3.967583,2.5344188,2.2197723,2.583075,2.7540178,3.5366416,3.482829,4.3896465,3.573644,2.8183331,2.5125456,3.0322156,4.2410665,2.9076488,2.8312259,2.9679756,3.0901544,2.7950299,3.4156537,2.8791482,2.8936098,3.3170295,2.8671129,2.931441,2.9590325,4.373428,3.1340718,3.6303792,3.7752976
20,4.422895,4.391369,4.1302047,4.396725,3.9063323,3.6077857,4.1580706,4.690962,4.358442,4.006521,3.728196,3.8325312,3.9425526,3.489848,4.025324,4.169747,1.6551838,1.5649728,3.3593097,3.6496334,0.0,0.73386043,1.6182033,1.6547097,3.2357614,2.919551,2.4583974,2.9914486,3.0466375,3.1954923,3.0480192,2.7649183,3.9122224,3.6845076,3.59148,3.5235834,3.5089705,3.5089705,3.5836637,3.6555772,3.5665414,3.6981454,4.0704517,3.6128335,3.7486591,3.7100255,3.8207805,3.6786153,4.4787946,4.477777,3.9152966,3.9133103,3.6023235,3.7106652,4.2196217,4.314159,3.6059566,3.6059566,3.3637912,3.5363004,4.7499466,4.772749,3.894946,3.9388347,3.5588017,3.6961617,3.854073,3.482021,3.2395267,3.6084976,3.7107222,3.2848132,2.908364,2.750322,2.467863,2.644376,3.5482678,3.5380542,3.1224234,3.473068,3.4633372,3.1485376,2.9727385,2.7950149,3.476522,3.49591,3.0797215,3.6168418,3.0496292,3.1069295,3.4466205,2.9683998,3.4977767,2.933508,2.9835296,2.945269,4.786248,4.9561,5.4110355,4.5229383,2.882729,3.152711,3.2695963,3.3862326,3.6727808,3.7822347,4.67805,3.7633705,3.1156719,2.9719758,2.989142,3.450636,3.2632728,3.389853,3.0311735,3.2468774,3.7102904,3.9179745,3.6949298,3.7335758,3.7679572,4.048106,4.0880203,4.0425277,4.9400253,3.384719,3.9663646,4.180759
21,4.451008,4.408421,4.123052,4.3765864,3.9384618,3.6215742,4.1675906,4.6425967,4.4394407,4.0085874,3.7604747,3.9046822,4.0233626,3.6476843,4.18479,4.337169,1.8918374,1.8938498,3.3104994,3.4479651,0.73386043,0.0,1.8505703,1.8642374,3.1575298,3.0183592,2.3943841,3.1528952,3.1393704,3.2375653,2.9921167,2.7606218,3.850738,3.687924,3.593057,3.5241258,3.509746,3.509746,3.4428751,3.543823,3.6054592,3.700367,4.022778,3.576369,3.6009448,3.5450892,3.73761,3.5972552,4.578933,4.570054,3.9377153,3.8906152,3.5966964,3.7415357,4.2658067,4.412859,3.6314356,3.6314356,3.371363,3.561548,4.8030825,4.866553,4.07689,4.121648,3.5797226,3.722703,3.8337312,3.4890041,3.3151112,3.7358952,3.7230487,3.3504353,2.9414651,2.7825758,2.502105,2.7691395,3.5826628,3.5689216,3.1519318,3.4329455,3.5427635,3.2464786,3.0460408,2.8407757,3.5322921,3.5522807,3.2591643,3.7860432,3.240424,3.251567,3.5932207,3.2078297,3.683607,3.0808487,3.1595526,3.1199272,4.8456206,4.8862777,5.36215,4.5492435,2.8756807,3.1466203,3.172138,3.2794163,3.9578173,4.063664,4.8816423,4.0477004,3.1717625,2.9550064,2.861664,3.3968885,3.3465102,3.4270344,3.053963,3.258392,3.6746817,3.8553057,3.697277,3.7528558,3.5696545,3.988013,4.015421,3.9867134,4.9466834,3.3708315,3.9886677,4.215694
22,3.7623317,3.7203112,3.5046678,3.7784617,3.3040643,3.1560316,3.5856247,4.4739275,4.2035437,3.9065514,3.6420722,3.7290096,3.6830208,3.2243774,3.8287375,3.9069104,1.2024053,1.0465802,3.2560775,3.5246313,1.6182033,1.8505703,0.0,0.308409,3.1560159,2.64291,2.9683504,2.6837728,2.8366673,2.972586,2.8609753,2.6572664,3.9315968,3.6513493,3.508614,3.4446557,3.4746406,3.4746406,3.4346287,3.4406278,3.7560678,3.8410645,4.056513,3.6187384,3.7690544,3.7424593,3.952708,3.915359,4.19056,4.176393,3.8813345,3.880964,3.4786015,3.971855,4.1975336,4.3421826,3.6404705,3.6404705,3.3604438,3.5512266,4.441888,4.3921084,4.020639,4.1170273,3.8088045,3.9853404,3.4974267,3.754464,3.4274235,3.4066746,3.9478173,3.566895,2.659748,2.412642,2.5325005,2.5973394,3.408065,3.4707756,2.9451447,3.2280736,2.7588494,2.850123,2.7119231,2.605433,3.146715,3.166072,2.825751,3.4137287,3.2089667,3.2108688,3.6365404,3.1225154,3.662806,3.0794737,3.1531992,3.1392636,4.322991,4.531676,5.2179785,4.161648,2.701394,2.7938485,2.9155478,3.0208879,3.5531516,3.5970466,4.407336,3.5576913,3.0231,2.8629546,3.228651,3.4640276,3.0966344,3.1147437,2.8112638,2.9809701,3.5648887,3.930647,3.4485977,3.490712,4.191794,3.9530444,4.0103235,3.9637976,4.6143146,3.6129496,3.9076395,4.132951
23,3.707425,3.6684356,3.4409323,3.7340324,3.2656085,3.1094177,3.5293386,4.40636,4.2000213,3.8336964,3.5970752,3.6491451,3.6215863,3.179781,3.7987728,3.8458335,1.2311603,1.0815877,3.1652353,3.4216392,1.6547097,1.8642374,0.308409,0.0,3.158039,2.6399071,2.9888117,2.675398,2.8323722,2.9551196,2.804155,2.6176238,3.7333658,3.532261,3.3797355,3.3195841,3.343805,3.343805,3.3202007,3.302355,3.7026448,3.8160548,3.977866,3.5364628,3.6917534,3.6437948,3.804114,3.8203456,4.1127825,4.094652,3.8037083,3.8256748,3.4262383,3.9406261,4.1116934,4.268321,3.5710514,3.5710514,3.2515218,3.4773185,4.3229017,4.282711,3.9113781,4.0127664,3.8031483,3.9723954,3.455895,3.7532065,3.4040291,3.3525405,3.8927367,3.5531387,2.651371,2.3741457,2.5138237,2.5269394,3.2614653,3.312286,2.7766387,3.05395,2.6754699,2.7601159,2.5745885,2.5151827,3.0381367,3.0538692,2.6940396,3.3118007,3.0950286,3.0982015,3.5948546,3.0566041,3.5584679,2.9772627,3.0592086,3.0213625,4.254707,4.48037,5.145595,4.0892434,2.57893,2.6657808,2.887712,2.9816532,3.4363601,3.480745,4.2977405,3.4377778,2.8441367,2.7258227,3.2055044,3.453598,2.929521,2.9373298,2.6801736,2.8303869,3.4034472,3.8068461,3.246131,3.294254,4.042612,3.765883,3.8153982,3.7719133,4.456545,3.4523563,3.7607229,3.997974
24,3.1661549,3.0613687,3.214533,3.2907577,2.7004251,2.6897404,3.0012958,4.155451,3.373435,2.7149212,2.4300616,3.026537,3.5863276,3.1822572,3.6394484,3.9300814,2.7873685,3.0163093,2.9144337,2.2895846,3.2357614,3.1575298,3.1560159,3.158039,0.0,1.9214019,2.9022632,2.4417655,2.2737226,2.3396845,2.2440934,2.230267,3.4865165,3.0828178,3.0523338,3.0330372,3.0062475,3.0062475,3.0194428,3.0251267,2.6913135,2.803607,3.2905612,2.7158084,2.2561164,2.322385,2.611964,2.4209487,3.2500951,3.319066,3.015236,2.995122,2.881918,3.4116335,4.077502,4.17964,2.5776865,2.5776865,2.664914,2.624701,3.6420405,3.7094574,3.169253,3.248836,4.4457717,4.6327596,4.209003,4.3483944,4.240717,4.0981216,4.672671,4.359216,3.6190114,3.5787175,3.931134,3.8304782,3.6208773,3.64306,3.7436554,3.75152,4.1536913,4.0650845,4.073233,3.9345973,3.913908,3.9603577,3.6930094,4.12407,4.5293565,4.524903,4.8052793,4.4628797,4.858984,4.419192,4.4835854,4.465839,4.7359486,4.5228133,5.628762,4.742566,3.6192143,3.3543973,3.6260808,3.8141427,3.9553127,3.8787105,4.7232294,3.9668565,3.752141,3.447223,3.9134567,4.9864354,3.8779233,3.8999922,3.670918,3.9510968,4.246123,4.5550776,4.364505,4.3738537,4.515321,4.17585,4.504693,4.488211,5.2485375,4.1582346,4.4616566,4.5515366
25,2.7965572,2.8315704,2.7797632,2.9379015,1.884645,1.9423813,2.31763,3.6290393,3.2135785,2.9233146,2.5518937,2.708826,3.1506684,2.3782425,2.8924139,3.3165061,2.3283312,2.5033298,2.33807,2.788109,2.919551,3.0183592,2.64291,2.6399071,1.9214019,0.0,2.0613453,0.7087636,1.1842623,1.3293796,1.2463424,1.2142696,3.2475154,2.7801516,2.7288568,2.704836,2.793801,2.793801,2.8317082,2.9072602,2.5669463,2.5590856,2.981243,2.3307521,2.789172,2.8673894,3.1153924,2.9462724,2.9830532,3.0311334,2.7912743,2.7973113,2.4270267,2.9876733,3.7866147,3.8682814,2.4709184,2.4709184,2.393551,2.440904,3.6240344,3.6009653,3.1076055,3.2109442,4.298472,4.4454536,4.008877,4.289899,4.0165796,3.8257797,4.520802,4.155647,3.500851,3.4667773,3.7653668,3.6336281,3.338213,3.3374326,3.5853744,3.8331962,3.709796,3.6719687,3.6156273,3.7118192,3.698246,3.7317848,3.5027866,3.9059718,3.6185925,3.6129959,3.9600432,3.5505834,3.9943311,3.509772,3.5474935,3.596373,4.4951816,4.6633024,5.449011,4.4501963,3.4194093,3.252186,3.3371387,3.4387567,3.7825572,3.8088133,4.543419,3.7743342,3.6125174,3.5133798,4.1265464,5.175152,3.6916206,3.7231398,3.531218,3.6901653,4.2258234,4.5618258,3.9671524,3.997614,4.6312714,4.1914444,4.322706,4.2810774,4.936847,4.0053377,4.160507,4.2760434
26,3.514063,3.561678,3.2377415,3.4425502,3.0766904,3.110976,3.3707867,4.3136663,3.9126253,3.627718,3.3281398,3.408875,3.6699247,2.985348,3.407581,3.8000672,2.6986082,2.8012965,2.7416034,3.3969936,2.4583974,2.3943841,2.9683504,2.9888117,2.9022632,2.0613453,0.0,2.1455216,2.2565844,2.348509,2.1079504,1.9640224,3.6982977,3.4658449,3.404836,3.3728578,3.4038231,3.4038231,3.4275143,3.5142221,3.3237371,3.2992158,3.5545874,3.0492737,3.3675585,3.3815331,3.7188897,3.6194348,4.3124104,4.3160596,3.5723581,3.5626764,3.1375027,3.5897357,4.310738,4.3722253,3.2734175,3.2734175,3.14298,3.2256188,4.158372,4.214282,3.763527,3.8562386,3.9469585,4.111072,4.3188057,3.9696171,3.7780077,4.2608433,4.1768227,3.783535,3.6961472,3.6557603,3.4248884,3.6932383,3.744339,3.7216134,3.8401499,4.1455803,3.9004743,3.8254013,3.7655838,3.8059993,4.0775666,4.110043,3.884637,4.2874002,3.2599955,3.236867,3.6186037,3.2481203,3.6460419,3.1555524,3.1511228,3.2150242,4.8782907,5.05617,5.525014,4.7096596,3.5375853,3.7760184,3.7447927,3.8201108,4.210383,4.3391867,4.9483495,4.2567263,4.007237,3.819578,3.734853,4.814378,3.9744585,4.0866017,3.7869327,3.9417489,4.416931,4.49721,4.260448,4.317307,4.1732936,4.5843606,4.5286894,4.5150023,5.2016287,3.8706522,4.3444514,4.526132
27,2.9321573,3.0098717,2.896614,3.0560725,2.2344575,2.2765896,2.6330945,3.6763248,3.4053433,3.1562014,2.8020172,2.8375952,3.3577461,2.6021657,3.0155373,3.4803193,2.4452536,2.5975347,2.4581556,3.0980923,2.9914486,3.1528952,2.6837728,2.675398,2.4417655,0.7087636,2.1455216,0.0,1.4819586,1.9000826,1.7033571,1.3584974,3.351005,2.9299805,2.87389,2.8558626,2.9571452,2.9571452,3.0455647,3.1005182,2.7655692,2.7498262,3.10195,2.481274,3.0983176,3.1622183,3.3742056,3.2275183,3.2139962,3.247554,3.0925562,3.1081614,2.6034055,3.1342683,3.8811162,3.9537597,2.696127,2.696127,2.5741925,2.6479983,3.727735,3.6906257,3.237622,3.3438194,4.54551,4.6641808,4.206705,4.545388,4.2485685,4.0453715,4.7269864,4.388051,3.742013,3.7016456,3.959084,3.8157966,3.5598516,3.5405622,3.7410321,4.097327,3.8396294,3.8698397,3.7741692,3.8423274,3.9427793,3.9664972,3.6073372,4.021051,3.513512,3.5088131,3.8839862,3.4539034,3.905958,3.420258,3.446368,3.5103412,4.6432085,4.91048,5.5293016,4.5268407,3.560135,3.4670117,3.5688643,3.631206,3.9057903,3.9362016,4.6375103,3.9072335,3.7943249,3.7054555,4.246271,5.2743125,3.8031557,3.8384168,3.6580615,3.7873287,4.2377925,4.5980916,4.0294013,4.0666213,4.8016047,4.344037,4.402072,4.3569865,4.978437,4.111417,4.441532,4.5626354
28,3.0301316,3.067719,2.9930868,3.131255,2.161761,2.2414088,2.5334065,3.801748,3.3787103,3.1806316,2.8334239,2.3059185,3.8552225,2.573882,3.0162532,3.4999628,2.447081,2.612271,2.6584826,3.1015203,3.0466375,3.1393704,2.8366673,2.8323722,2.2737226,1.1842623,2.2565844,1.4819586,0.0,1.5174631,1.5855597,1.741658,3.4158835,2.9249868,2.867183,2.8385375,2.9307466,2.9307466,3.023681,3.090281,2.8007581,2.7943795,3.195857,2.6226988,3.0237992,3.1007512,3.3278215,3.1767523,3.1547065,3.1989741,2.9028406,2.9175458,2.5851505,3.1004272,4.022887,3.9040554,2.678367,2.678367,2.6037865,2.6493971,3.7849379,3.737466,3.2437665,3.3410487,4.2300673,4.3813334,3.9916365,4.2383595,3.9478378,3.9611638,4.8123145,4.0758195,3.9513726,3.809316,4.0942154,4.1070604,3.4043486,3.4197655,3.677219,3.8974452,3.7023258,3.6044865,3.6079206,3.7969625,4.140067,4.184168,3.5533624,3.9926183,3.8323858,3.8293805,3.9303935,3.530225,4.0593534,3.777468,3.7950451,3.8085198,4.4917397,4.6813526,5.452586,4.480609,3.4800084,3.3264709,3.4159684,3.5063155,3.9973361,4.0000362,4.645051,3.952283,3.7344213,3.6680014,4.235835,5.224196,3.8307054,3.8737867,3.6070518,3.7369566,4.3750024,4.6816955,4.0529,4.0802484,4.7029757,4.347368,4.4769773,4.4370923,5.007771,4.0931005,4.139646,4.2492294
29,3.1962485,3.2010024,3.1386704,3.2998018,1.8601853,1.9534918,2.269757,4.013452,3.5887864,3.3904204,3.0690222,3.1561942,3.1986332,2.3849533,3.052669,3.366802,2.6318905,2.754641,2.7440307,3.1742413,3.1954923,3.2375653,2.972586,2.9551196,2.3396845,1.3293796,2.348509,1.9000826,1.5174631,0.0,1.0877401,1.9007903,3.5406144,3.1035936,3.0367727,3.005549,3.0875607,3.0875607,3.086983,3.1732132,3.0296032,3.0456114,3.3791287,2.8556774,3.2370045,3.3084,3.455665,3.3686988,3.185254,3.2365956,2.8295608,2.884691,2.8204951,3.2974179,4.0407453,4.1278996,2.89592,2.89592,2.7987072,2.8636696,3.9085615,3.8887239,3.4495752,3.5408487,4.156677,4.344502,3.9375043,4.195454,3.8845348,3.7544034,4.429135,4.016569,3.469481,3.4207249,3.6815207,3.603784,3.318643,3.3460474,3.7083914,3.7660668,3.7127466,3.5558367,3.51934,3.858746,3.5784688,3.6225016,3.712389,4.1050286,3.8474855,3.853713,4.197048,3.7796512,4.21253,3.7455013,3.783819,3.8101842,4.5488863,4.719282,5.617898,4.648432,3.5813634,3.370067,3.4149115,3.5326123,3.887275,3.9702694,4.6660733,3.840954,3.6726692,3.7299857,4.5102053,5.442231,3.9108539,3.9398892,3.7206068,3.848436,4.6837087,4.9592857,4.108352,4.139149,4.7431054,4.388293,4.5119348,4.4728084,5.123943,4.193541,3.778118,3.9208658
30,2.8233702,2.85386,2.7380016,2.921923,1.8589809,1.862067,2.163234,3.7910132,3.472814,2.8396354,2.6278892,2.7239947,3.0198476,2.2967777,2.9409606,3.2300775,2.7353964,2.852069,2.2572708,2.5922248,3.0480192,2.9921167,2.8609753,2.804155,2.2440934,1.2463424,2.1079504,1.7033571,1.5855597,1.0877401,0.0,1.0689944,2.9208946,2.8342483,2.8188682,2.8045013,2.8727245,2.8727245,2.7013628,2.9151466,2.7823248,2.7663708,2.9902613,2.3130548,2.7416625,2.740484,3.0931494,2.9516973,3.1385145,3.1881151,2.7226973,2.6752105,2.4061208,3.0414276,4.0142236,4.1659145,2.5922408,2.5922408,2.390421,2.5576,3.8147178,3.839551,3.430134,3.5389025,4.203912,4.418048,3.9803865,4.278246,3.9000552,3.8006182,4.30889,4.026115,3.6034253,3.5421345,3.684294,3.548664,3.062651,3.0374455,3.3551078,3.474966,3.5337324,3.4306881,3.285505,3.5988781,3.3965776,3.4285433,3.5098155,3.9204774,3.5679703,3.5852957,4.115889,3.7091513,3.9316053,3.4206529,3.4861104,3.5263348,4.5171084,4.558633,5.511897,4.4834576,3.3117266,3.1259434,3.0223887,3.139743,4.0476155,4.111289,4.857933,4.020047,3.2998526,3.2190354,4.109018,5.138115,3.4609113,3.444527,3.2934444,3.4161785,4.103636,4.48676,3.6147482,3.648282,4.291895,3.9661193,3.9522488,3.9260654,4.857853,3.787289,3.6551454,3.8502715
