,0,1,2,3,4,5,6,7,8,9,10,11,12,13,14,15,16,17,18,19,20,21,22,23,24,25,26,27,28,29,30,31,32,33,34,35,36,37,38,39,40,41,42,43,44,45,46,47,48,49,50,51,52,53,54,55,56,57,58,59,60,61,62,63,64,65,66,67,68,69,70,71,72,73,74,75,76,77,78,79,80,81,82,83,84,85,86,87,88,89,90,91,92,93,94,95,96,97,98,99,100,101,102,103,104,105,106,107,108,109,110,111,112,113,114,115,116,117,118,119,120,121,122,123,124,125,126,127
0,0.0,1.3191003,0.9129419,0.5888827,1.6219356,2.299426,2.5988922,1.9307538,2.567465,2.3488746,2.2000442,2.2486334,2.0908113,2.051994,2.0105522,2.107035,2.744054,3.00898,2.7705903,3.3636565,2.736533,2.7267966,2.7651772,2.766589,3.4734118,2.6689065,2.2031195,2.0457296,3.169225,3.1248465,3.0819051,2.7717226,3.5888617,2.419957,3.3873897,3.1388593,4.853976,3.3217483,3.4200234,3.3847363,3.6548727,3.2459114,2.9991508,3.897681,2.6039097,3.3591986,3.4772112,4.367715,3.6557577,3.6238582,3.6537223,3.6480289,3.897501,3.9511745,4.6592607,4.6968236,3.9084811,3.3884668,3.712572,4.053696,3.1293404,3.332183,3.6609385,3.6727235,3.8818765,3.9794734,4.1954365,4.323848,3.9612029,3.9394011,3.5679004,3.5417771,4.4262724,4.0775414,4.396755,4.3255577,3.861013,3.9523985,4.259326,4.235789,4.328179,4.26815,4.4069257,4.417803,4.1631885,3.8429809,4.179312,4.191365,4.491325,4.490539,4.532821,4.484614,4.446792,4.0590773,4.1532087,3.997828,3.782416,3.7799733,3.661066,3.5404773,4.0758295,4.098398,3.6017036,3.747598,3.171747,3.9923677,3.6444368,4.0703473,3.240763,3.2486613,4.6478925,4.2844844,3.9504128,4.328604,3.565386,3.5676718,3.667212,3.4586709,3.4175327,3.4457848,4.5152707,4.4574246,4.046116,4.1001134,3.8515708,3.7014346,3.6149976,4.3481555
1,1.3191003,0.0,1.475789,1.3418872,1.9159893,2.5196786,2.7064664,2.178382,2.6434133,2.8636308,2.3635976,2.2140393,1.8696808,1.8284733,1.8898071,1.8335844,2.9987345,3.1757846,3.022204,3.4140785,3.024852,2.998276,3.0035663,3.012033,3.5492113,2.7607121,2.429971,2.3355427,3.1014805,3.0691733,3.2328331,2.8154902,2.8718982,1.4692923,2.7860363,2.4436042,4.3376617,2.7129517,2.853589,2.8067453,3.2106435,2.7456317,2.3237207,3.3085108,1.8539922,2.7847943,2.8944223,3.8910236,3.0949187,3.134465,3.180871,3.1956992,3.4535048,3.492634,4.2867804,4.2112446,3.512926,2.9068232,3.3372161,3.6240702,2.566085,2.8680584,3.1610553,3.0465035,3.8180606,4.064036,4.180005,4.3246913,3.9062445,3.7785664,3.5732598,3.534883,4.2078714,3.8361502,4.1853547,4.2496905,3.671337,3.7665546,4.4970284,4.1466546,4.2569804,4.1914682,4.3391886,4.353855,4.0574265,3.699684,4.0542316,4.0781918,4.413353,4.410725,4.4301434,4.403956,4.419697,4.1490736,4.0754347,3.9737477,3.9433763,3.9380403,3.8567674,3.7667458,4.407638,4.4332147,3.7279005,3.9373686,3.368982,4.082041,3.6223137,4.0011215,3.3993082,3.400566,4.6752725,4.295801,3.9000604,4.331403,3.5567942,3.546047,3.577306,3.4482598,3.3987474,3.4251773,4.370739,4.418331,3.9410474,4.0035896,4.2333503,3.9966538,3.5423596,4.3818974
2,0.9129419,1.475789,0.0,0.5418905,1.6442611,2.3285065,2.6202736,1.9832664,2.4979975,2.4238873,2.196485,2.0556374,1.6376016,1.6314925,1.7332319,1.8668269,2.819874,2.9457293,2.85265,3.2500196,2.8450553,2.8290765,2.7997372,2.7932422,3.7584367,2.6141531,2.1072514,2.0435383,3.0385113,2.9364774,2.9892821,2.647302,3.5536678,2.4960005,3.449226,3.2237241,4.693851,3.3930373,3.4422836,3.4050133,3.7415102,3.3410096,3.0486727,3.845925,2.7024586,3.4784746,3.5974686,4.347348,3.69479,3.653314,3.7418816,3.7653084,3.918689,3.9491224,4.704345,4.591442,3.944613,3.5125833,3.7656832,4.0163746,3.2334297,3.4487062,3.7404575,3.630858,3.7321973,3.8732977,4.2112565,4.3719144,3.8493009,3.8400826,3.4567719,3.4204867,4.2675533,3.8849716,4.210487,4.1181493,3.8306153,3.9567351,4.1144366,4.152627,4.2259555,4.1692123,4.2904515,4.3057218,4.0545244,3.727898,4.0398893,4.0289674,4.3429046,4.322464,4.3072734,4.2939525,4.292226,4.114252,3.8914766,3.9476006,3.7969677,3.7861235,3.9735074,3.971623,4.1073728,4.1354194,3.6093495,3.814805,3.0759435,3.849076,3.4244845,3.8079226,3.2288246,3.263185,4.6810565,4.303172,3.71319,4.0265565,3.4499989,3.4291964,3.5591826,3.392723,3.3074758,3.3396838,4.338079,4.2801766,3.8968723,3.929002,3.9081957,3.6745272,3.114886,3.9765017
3,0.5888827,1.3418872,0.5418905,0.0,1.5543503,2.2702281,2.5623527,1.8934414,2.534994,2.3945045,2.1235504,2.1330757,1.8437914,1.806809,1.8883702,2.0014079,2.782766,2.9247441,2.8290274,3.202349,2.7908318,2.7769933,2.7985647,2.7958772,3.5122175,2.4880702,1.9726709,1.885493,2.9953043,2.943799,3.06108,2.7528982,3.4839284,2.4001625,3.3895736,3.1596534,4.6471357,3.2939394,3.4081206,3.3695192,3.6479678,3.2216985,3.0238564,3.793597,2.609761,3.4157104,3.5174365,4.287355,3.6426353,3.624019,3.7031584,3.711357,3.880961,3.9151273,4.6435103,4.5400085,3.8962,3.4408312,3.7862062,4.01552,3.1748912,3.4019463,3.6855483,3.5781116,3.6884499,3.838898,4.131311,4.2872453,3.7978299,3.799643,3.3936675,3.356749,4.227349,3.8368104,4.194113,4.1059027,3.6861413,3.788062,3.9698408,4.026115,4.1148257,4.0453157,4.1724763,4.184185,3.972605,3.6409876,3.9348352,3.910472,4.2823277,4.277259,4.273514,4.252388,4.23797,4.031694,3.938851,3.8669872,3.7706306,3.760968,3.759668,3.7697861,4.0405293,4.069402,3.5406573,3.7407386,3.0084674,3.829199,3.4326074,3.8490565,3.185628,3.219567,4.675901,4.2927837,3.7719939,4.138549,3.420777,3.4121377,3.529624,3.3254642,3.2840295,3.3210835,4.3413234,4.28066,3.8730044,3.9226305,3.8359213,3.5861065,3.3419147,4.1427107
4,1.6219356,1.9159893,1.6442611,1.5543503,0.0,1.1207405,2.0175338,1.1803497,1.6263272,1.7648308,1.6577992,1.8026282,1.9108206,1.8302262,1.0182303,1.1869041,2.025636,2.2360303,2.1788917,2.7066536,2.061846,2.0612323,2.0708091,2.0831394,3.130795,2.0903535,1.8602239,1.7584751,2.879673,2.8147197,2.3666484,2.5257754,3.234571,2.146389,3.2724802,2.8567097,4.595391,3.1657765,3.306801,3.2804117,3.1348138,2.6706593,3.0644727,3.6612926,2.3453062,3.0650637,3.2240827,3.7197409,3.2264912,3.250629,3.3867106,3.3883483,3.3641489,3.428891,4.44252,4.1939054,3.3713088,3.014187,3.2336283,3.5026073,2.9339733,2.831837,3.4786062,3.296953,3.2734458,3.4592283,4.0606256,3.8572488,3.375668,3.3432777,3.0116363,2.9402554,4.143947,3.7943778,4.125394,4.0710406,3.6167138,3.6254756,4.034388,3.9994783,4.0813017,3.997471,4.125672,4.1461635,3.9048207,3.5459847,3.9178278,3.9253716,4.2011633,4.1926923,4.217001,3.9082372,4.219953,3.9643772,3.9074242,3.8166208,3.6739924,3.6699438,3.679855,3.6884212,3.5708382,3.5976884,3.4838488,3.66572,3.1309142,3.8285484,4.046995,4.31484,3.2178988,3.2388697,4.0061364,4.097569,3.7019742,4.1327147,3.3574655,3.3411534,3.4507706,3.2732859,3.2153199,3.2370076,4.275982,3.9433813,3.823897,3.8705268,3.8573022,3.6278589,3.294032,4.161699
5,2.299426,2.5196786,2.3285065,2.2702281,1.1207405,0.0,1.5928786,1.0145206,1.9918523,2.1770537,2.0761225,2.1793222,2.3334286,2.2470827,1.4560543,1.5425912,1.4188797,1.6302679,1.6464559,2.2276573,1.4526216,1.4706138,1.4667953,1.4899204,2.8431919,2.440097,2.1213813,2.1251752,2.375739,2.2824605,1.5843816,2.019313,2.8416095,2.2623808,2.8441944,2.460414,4.238357,2.8016095,2.919497,2.923554,2.662303,2.483484,2.9554384,3.280486,2.5895188,2.7056923,2.8920293,3.164158,2.944583,2.7393959,3.0024848,3.013349,2.7990332,2.8506021,4.1238317,3.7488775,2.7781937,2.6073344,2.6955795,2.964591,2.63391,2.442532,3.00716,2.831017,3.0416918,3.0018435,3.6499777,3.3163276,2.9303703,2.8635113,2.6254961,2.5504034,3.7197258,3.5309727,3.6999643,3.6519017,3.3130233,3.3647892,3.694955,3.700454,3.682334,3.5908024,3.7230682,3.7468257,3.5922205,3.2107577,3.6172166,3.7520256,3.758803,3.747709,3.7901266,3.3440373,3.8012524,3.5486324,3.622635,3.4181235,3.388065,3.4054072,3.6034918,3.6283677,3.2224221,3.2482965,3.344604,3.3939013,3.2860928,3.5374744,4.0038047,4.1872144,3.06043,3.0954452,3.430122,3.7094412,3.378819,3.8345923,2.9993453,2.983581,3.1152322,2.892311,2.829083,2.851741,4.000157,3.6564188,3.6680677,3.683071,3.7888994,3.5204742,3.0844219,3.9937985
6,2.5988922,2.7064664,2.6202736,2.5623527,2.0175338,1.5928786,0.0,0.9874105,2.718458,2.6690602,2.573312,2.9947,2.7627618,2.6915286,2.2428758,2.2869887,1.6840023,1.6817559,1.7332804,2.1666095,1.8491889,1.8450673,1.7381877,1.7516801,2.4087257,2.3984313,2.1887097,2.2346017,1.8949894,1.8652585,1.971585,2.1361308,2.7599437,2.3874516,2.8643346,2.3720474,4.034319,2.7931325,2.8923538,2.8983166,2.6669579,2.6653438,2.715335,3.0874112,2.8829796,2.6099598,2.77102,3.347687,2.9079988,3.084117,2.951644,2.986215,3.3739629,3.3701198,4.267442,3.9807398,3.292823,3.2887416,3.3659441,3.499185,3.2649963,3.2895265,3.510396,2.6487305,3.3992066,3.1623287,3.900386,3.802504,2.966213,2.873228,2.9031057,2.8189862,3.519379,3.452037,3.4770231,3.417558,3.0578961,3.1231253,3.6303785,3.5400543,3.541513,3.4514978,3.5405622,3.584304,3.7276163,3.2816546,3.4567535,3.73725,3.592033,3.5945911,3.5581317,3.2027388,3.5265493,3.6970754,3.494521,2.995468,3.6651888,3.6819143,3.89661,4.024127,3.7565813,3.779989,3.7353637,3.699452,3.9121075,3.9663062,3.6047132,3.8705313,3.4807625,3.5462742,3.7858427,3.8246033,3.2627726,3.7612023,2.7894804,2.7698777,2.614085,2.6170943,2.5879045,2.573751,3.8709958,3.7234898,3.6984797,3.6681073,3.8597958,3.6597626,3.0641863,4.1994705
7,1.9307538,2.178382,1.9832664,1.8934414,1.1803497,1.0145206,0.9874105,0.0,2.0773768,2.0261314,1.954294,2.2185504,2.302722,2.2266777,1.6144936,1.7243114,1.5673704,1.6582998,1.7080305,2.222855,1.6507369,1.6684861,1.6267043,1.6518066,2.439636,1.9350598,1.6676832,1.673954,2.0749598,2.021317,1.9313664,2.113939,2.8581953,2.1092753,2.8973703,2.410017,4.1123896,2.8016102,2.918022,2.916107,2.5699117,2.3559513,2.6537752,3.1469603,2.4231267,2.5711112,2.7475832,3.352277,2.80144,2.9776328,2.8943412,2.910792,3.0773885,3.1048634,4.08342,3.8160498,2.9861538,2.8761597,3.001483,3.1867745,2.8680444,2.840258,3.2831757,2.724988,3.1462584,3.0356128,3.6102152,3.4866405,2.907521,2.86127,2.6790688,2.6096196,3.5625198,3.363999,3.5341387,3.467539,3.0470307,3.0632315,3.5474186,3.4846928,3.5129814,3.4271524,3.5502923,3.5758216,3.6308277,3.2137856,3.4234838,3.5709763,3.625637,3.6279802,3.605222,3.2975636,3.5809748,3.4736097,3.5319247,3.1280634,3.295888,3.3064778,3.4509828,3.5673532,3.337552,3.3597515,3.2151606,3.2616243,3.2273946,3.5637012,3.5375717,3.8579514,2.9540884,3.0310895,3.565041,3.6015496,3.2707264,3.7390838,2.7748656,2.760603,2.8603663,2.6269217,2.6056004,2.6028907,3.8725002,3.6632576,3.5280538,3.5442195,3.6103048,3.3788826,2.9812167,3.9700484
8,2.567465,2.6434133,2.4979975,2.534994,1.6263272,1.9918523,2.718458,2.0773768,0.0,1.5669534,1.1187869,1.286542,2.3538554,2.3039517,1.5418291,1.6574613,3.0303333,3.2716079,3.251979,3.943832,3.0364318,3.0579205,3.0915515,3.103574,4.049477,2.976582,2.7397418,2.7036083,3.6821904,3.5713754,2.9797227,3.4054494,4.0199165,2.71179,3.7325773,3.547626,5.0235176,3.6001258,3.5920475,3.6161714,3.5177147,3.1225178,3.7538903,4.2331867,2.7539554,3.6938617,3.8893957,4.124587,3.9493327,3.6539373,3.8194988,3.8058677,3.91666,3.9445026,5.083555,4.84986,3.6609156,3.5901067,3.349628,3.9215813,3.618066,3.3586984,4.1017323,4.006103,4.076011,3.9809277,4.6113634,4.3166986,3.9562883,3.879247,3.6118853,3.5466692,4.689657,4.3423934,4.6560063,4.637621,4.1498785,4.2672253,4.692838,4.5614386,4.662041,4.617913,4.7460723,4.7638264,4.7358932,4.4429483,4.5056405,4.48433,4.824071,4.8180833,4.819305,4.4485297,4.5207324,4.499959,4.720305,4.451074,4.4519606,4.4511876,4.4055295,4.3110595,4.384808,4.403248,3.6748765,3.9144506,3.654304,4.5210056,4.8405323,5.2427206,3.7336159,3.8944132,4.3128347,4.5710444,4.5120726,4.8361907,4.2008123,4.185547,4.2493596,3.8484678,3.8434112,3.8648028,4.931704,4.578122,4.2472305,4.325718,4.37685,4.1915054,3.7036996,4.512032
9,2.3488746,2.8636308,2.4238873,2.3945045,1.7648308,2.1770537,2.6690602,2.0261314,1.5669534,0.0,1.8746439,1.9793453,2.9216738,2.9180815,2.0685792,2.2061374,2.9948099,3.2260773,3.162024,3.925267,3.03324,3.069958,3.0346274,3.0435023,3.530959,2.6121578,2.311128,2.2541306,3.5328455,3.4647837,2.8629997,3.250878,4.4911075,3.1611404,4.0417147,3.9001665,5.333307,3.9694045,3.904523,3.9257464,3.817606,3.4478838,3.7765672,4.3483524,2.8929143,3.7559452,3.9365919,4.3135953,4.145974,3.8701541,3.9756603,3.970044,4.340547,4.367175,5.3837366,5.1980085,4.047072,3.9820209,3.895236,4.4043612,3.995343,3.8123455,4.628789,4.3345323,4.037219,3.8511057,4.5153017,4.3166933,3.8540895,3.90227,3.5057,3.453777,4.837967,4.501643,4.7722588,4.6864977,4.4591293,4.5277214,4.677851,4.766662,4.7826276,4.6915245,4.8428254,4.8668528,4.871073,4.5853586,4.626269,4.6129103,4.842039,4.8089685,4.8857884,4.519266,4.595048,4.584951,4.7316127,4.512579,4.3498363,4.3496566,4.0466647,3.9680033,4.175613,4.1910105,3.558161,3.7443216,3.5497136,4.462211,4.6730227,5.0902452,3.6573997,3.8327978,4.43276,4.5958495,4.6669655,4.7070622,4.252287,4.2446575,4.3216853,3.9002721,3.8251734,3.7976236,5.102411,4.76726,4.418174,4.500799,4.1097183,3.883592,3.8028326,4.6197824
10,2.2000442,2.3635976,2.196485,2.1235504,1.6577992,2.0761225,2.573312,1.954294,1.1187869,1.8746439,0.0,1.4866664,2.3699138,2.2789128,1.8460524,1.9400207,2.9498377,3.255468,3.2245567,3.8164594,2.8957808,2.916918,3.0746968,3.0763617,3.8899171,2.7920313,2.464111,2.4745913,3.5337498,3.4526994,3.222033,3.4523427,3.908095,2.6299555,3.6649473,3.4719656,5.015038,3.413584,3.5003467,3.5237482,3.5778677,3.2157118,3.6065834,4.152894,2.6712837,3.6287246,3.7936044,4.2463374,3.8682399,3.6733482,3.6846378,3.6631584,4.005057,4.0164113,5.1940975,4.9018908,3.792999,3.640612,3.4901106,4.0550594,3.5575154,3.447151,4.0102944,3.9352193,4.0564256,3.9408782,4.50758,4.339223,3.9078243,3.938585,3.5425768,3.4838064,4.5181713,4.1568513,4.5267262,4.47513,3.783741,3.8853145,4.183708,4.1641483,4.3595786,4.3120866,4.428064,4.4407134,4.46049,4.147237,4.172335,4.1451306,4.6366515,4.668501,4.612836,4.396701,4.3026223,4.4959617,4.8070745,4.348751,4.4057775,4.4045296,4.357668,4.2314267,4.300321,4.3220067,3.5093346,3.74264,3.525563,4.3811207,4.469309,4.9956684,3.6812754,3.8706732,4.4955635,4.5150976,4.482023,4.943437,4.0332556,4.024298,4.099407,3.6913643,3.7984507,3.8347023,4.781563,4.548845,4.1054697,4.1933627,4.2757044,3.9452164,3.786265,4.573131
11,2.2486334,2.2140393,2.0556374,2.1330757,1.8026282,2.1793222,2.9947,2.2185504,1.286542,1.9793453,1.4866664,0.0,2.0260258,2.0190215,1.6526277,1.7466052,3.1617656,3.3035774,3.356383,3.869384,3.1396096,3.1598756,3.1754253,3.1904964,4.0285816,2.976225,2.6180692,2.651592,3.388185,3.2581375,2.9484823,3.131613,3.734522,2.4767966,3.4198465,3.2897272,4.6371036,3.345573,3.3129132,3.345883,3.2356536,2.849636,3.4158936,3.9260728,2.477245,3.4874964,3.6639621,4.0131006,3.6783748,3.393902,3.543255,3.5549502,3.4403646,3.452318,4.6837482,4.353411,3.1430492,3.0540886,2.8969038,3.436684,3.0311031,2.935157,3.5354605,3.66882,3.8840816,3.7973387,4.0224323,3.9193072,3.784808,3.7519696,3.359864,3.3232298,4.3054304,3.9313476,4.2584624,4.259144,3.9240859,4.025046,4.372292,4.263664,4.292239,4.2364483,4.403086,4.4022117,4.3979483,4.117027,4.14531,4.0782943,4.425921,4.40909,4.4216623,4.204119,4.1561317,4.0561137,4.4312935,4.2479277,4.0152974,4.01694,4.0356884,4.009799,4.1221194,4.141592,3.0483282,3.352418,3.0358603,3.9264884,4.317794,4.747258,3.1684375,3.3900466,4.204815,4.2100477,4.1693935,4.441212,3.92289,3.903932,4.189524,3.6017609,3.5460417,3.5775037,4.667924,4.498138,3.94395,4.044617,4.286839,3.935932,3.3549273,4.076994
12,2.0908113,1.8696808,1.6376016,1.8437914,1.9108206,2.3334286,2.7627618,2.302722,2.3538554,2.9216738,2.3699138,2.0260258,0.0,0.20740753,1.561137,1.6529355,3.009024,3.1156437,3.0125222,3.3879848,3.1081917,3.0528836,2.9623811,2.9609482,4.252229,3.2631717,2.7907593,2.913719,3.2268558,3.1094272,2.8596127,2.6912162,3.1894085,2.2330244,3.178422,2.9541538,4.5147805,3.1597934,3.1878047,3.160306,3.7596931,3.4203246,3.1391168,3.798333,2.904718,3.5986316,3.5613992,4.200047,3.790573,3.5754497,3.8550565,3.904152,3.7243898,3.7617726,4.8001556,4.4681206,3.7659411,3.3231747,3.5008292,3.8256874,3.1039047,3.2426252,3.3370185,3.447507,3.9916024,4.162236,4.618401,4.6225247,4.072512,3.9351678,3.7585058,3.703022,4.446023,4.1081,4.3761497,4.3602157,4.106239,4.24521,4.567144,4.4879193,4.5035796,4.4559093,4.5700502,4.5834537,4.303603,3.9419436,4.3015337,4.3164697,4.686611,4.6609964,4.541246,4.3399467,4.488366,4.4386077,3.9499426,4.1194115,4.2903666,4.2945247,4.693938,4.5030193,4.643878,4.6738214,4.1526456,4.3746305,3.591385,4.139376,3.9237614,4.183476,3.6653094,3.7210886,4.7222085,4.593739,3.5993087,4.1250405,3.6459396,3.597709,3.6847394,3.4712045,3.4129798,3.4602575,4.5187554,4.406709,4.1459737,4.14439,4.62229,4.359027,3.1371355,4.1545305
13,2.051994,1.8284733,1.6314925,1.806809,1.8302262,2.2470827,2.6915286,2.2266777,2.3039517,2.9180815,2.2789128,2.0190215,0.20740753,0.0,1.5073944,1.5990576,2.9250593,3.0476995,2.9407341,3.3128254,3.0142636,2.9587195,2.8899875,2.8888907,4.198272,3.2093475,2.7347262,2.855916,3.1951942,3.0823622,2.8482683,2.6936154,3.1159916,2.1654134,3.130229,2.8884935,4.483366,3.0872808,3.1402276,3.1084175,3.7129712,3.3717191,3.0992455,3.7480586,2.8552356,3.5392132,3.4999795,4.141268,3.7279248,3.5216427,3.7967925,3.8391867,3.6623783,3.7032762,4.74785,4.418831,3.7221594,3.264172,3.4475746,3.7662914,3.0454028,3.1726964,3.276559,3.3843963,3.9048567,4.086679,4.5610743,4.547945,3.999898,3.8575635,3.6829674,3.6259055,4.371313,4.031993,4.313016,4.2963796,3.9831088,4.1247272,4.4646125,4.374849,4.4102955,4.3691926,4.4773607,4.4907455,4.2002387,3.8415852,4.216198,4.2322445,4.628528,4.6105742,4.4754457,4.275177,4.4286447,4.374436,3.9149532,4.040772,4.2176833,4.2210174,4.6309175,4.432896,4.565159,4.595698,4.1069317,4.3260636,3.5250955,4.071938,3.873459,4.1376796,3.5991418,3.6471493,4.6381636,4.515495,3.5643437,4.115781,3.5740871,3.5279682,3.609863,3.4056277,3.3714073,3.4269907,4.422523,4.2987866,4.0537806,4.05248,4.5308247,4.276958,3.126038,4.1140037
14,2.0105522,1.8898071,1.7332319,1.8883702,1.0182303,1.4560543,2.2428758,1.6144936,1.5418291,2.0685792,1.8460524,1.6526277,1.561137,1.5073944,0.0,0.33542195,2.3158867,2.473029,2.4400947,2.9530764,2.378105,2.367785,2.2922769,2.2982206,3.6394203,2.5125632,2.186593,2.1347637,2.9653466,2.8299348,2.318219,2.4072628,3.0803773,1.9723344,3.0210385,2.7055714,4.4216714,2.9804971,3.0100734,2.9834566,3.1802914,2.7711778,2.8373609,3.4172153,2.186704,2.9126506,3.1004622,3.491928,3.179681,2.935343,3.2761204,3.2948148,3.246337,3.2922451,4.37453,4.120029,3.2892823,2.9378555,3.0112693,3.3212104,2.804536,2.6830165,3.3854973,3.1622934,3.3394904,3.5552244,4.1894755,3.9879856,3.4655588,3.3149621,3.1240907,3.05407,4.154149,3.8080258,4.102149,4.10632,3.7713723,3.906267,4.3846045,4.1881285,4.245829,4.1875067,4.309543,4.3395076,4.018215,3.6693177,4.083713,4.1181073,4.3342814,4.299721,4.291311,3.992216,4.3245997,4.120018,3.8103824,3.9299788,3.8195567,3.8135886,4.098556,4.0576696,3.9438138,3.9718616,3.6941051,3.9001405,3.2841,3.9017687,4.057226,4.2650065,3.3036356,3.3067954,4.028326,4.129457,3.7025797,4.0232334,3.4446924,3.4130027,3.439168,3.3457012,3.2553458,3.2722661,4.253825,3.9506245,3.828599,3.8530374,4.0465617,3.861797,2.9540582,3.9454389
15,2.107035,1.8335844,1.8668269,2.0014079,1.1869041,1.5425912,2.2869887,1.7243114,1.6574613,2.2061374,1.9400207,1.7466052,1.6529355,1.5990576,0.33542195,0.0,2.3313286,2.4916382,2.4547756,2.9636705,2.3939989,2.3785183,2.3108776,2.3134902,3.6039445,2.5409217,2.25964,2.196156,2.9459383,2.8237026,2.3367689,2.3769248,2.9344091,1.811889,2.9149346,2.5695567,4.3917913,2.8920674,2.9241796,2.9009168,3.1166077,2.7100358,2.685663,3.308871,2.0310588,2.7716324,2.9782634,3.391214,3.0252333,2.7987232,3.1333492,3.1482797,3.1762397,3.2104933,4.3223567,4.0722055,3.231401,2.8624232,2.9436183,3.264608,2.6880584,2.573025,3.3048334,3.0610554,3.3409755,3.5785997,4.1910367,3.9879992,3.46119,3.28651,3.1175146,3.045394,4.126127,3.7800317,4.073595,4.110607,3.759557,3.888393,4.4542418,4.199064,4.2544675,4.1848493,4.3127613,4.346864,3.9906344,3.6445842,4.0855083,4.1380305,4.3366218,4.2982407,4.3015676,4.002223,4.336284,4.152674,3.7971916,3.9429264,3.9076066,3.9005728,4.151248,4.098063,4.012872,4.0445127,3.7448862,3.9539669,3.3831532,3.979483,4.1154914,4.3020177,3.3732088,3.366131,4.0346775,4.1218824,3.7526243,4.0700774,3.500178,3.4714575,3.4282966,3.3749082,3.282668,3.2998059,4.2557364,3.9756906,3.825834,3.8526638,4.108304,3.9171457,3.000141,3.992078
16,2.744054,2.9987345,2.819874,2.782766,2.025636,1.4188797,1.6840023,1.5673704,3.0303333,2.9948099,2.9498377,3.1617656,3.009024,2.9250593,2.3158867,2.3313286,0.0,0.9658012,0.4952503,1.651341,0.34182757,0.29227623,0.32602912,0.32334617,2.437229,2.456079,2.451341,2.4317636,2.2710824,2.2291336,1.6387383,1.7219195,2.8466444,2.654291,3.2429035,2.4638553,4.712324,3.2689185,3.3934724,3.3918598,2.9285967,2.8875036,2.7819684,3.5096624,2.985404,2.6149538,2.8079076,3.6018097,2.538638,3.1158473,2.5759063,2.5808108,2.9926975,3.0283604,4.171122,3.9487007,3.1150856,2.8701146,2.9463427,3.1701503,2.7571378,2.6444376,3.0909631,2.8425627,2.9851024,2.9145427,3.5373797,3.2745218,2.8256798,3.083583,2.6776593,2.6529686,3.542543,3.4732664,3.528417,3.4642951,3.3612697,3.213716,3.746064,3.571555,3.5820842,3.47837,3.599302,3.6348567,3.3342447,2.9430401,3.5300436,3.7971764,3.662508,3.6640022,3.6530747,3.3179548,3.7636633,3.6746066,3.5228539,3.3286054,3.3733497,3.3840516,3.7881591,3.6974368,2.8473887,2.8793762,3.584699,3.4834337,3.7491355,3.7235184,3.97696,4.062884,3.3688755,3.323248,3.2546725,3.3289938,3.0796678,3.7129734,2.8050203,2.807567,2.8424308,2.851133,2.7955568,2.8149443,3.7458622,3.5115654,3.631738,3.5880194,3.704997,3.4673235,3.4013493,3.9961298
17,3.00898,3.1757846,2.9457293,2.9247441,2.2360303,1.6302679,1.6817559,1.6582998,3.2716079,3.2260773,3.255468,3.3035774,3.1156437,3.0476995,2.473029,2.4916382,0.9658012,0.0,1.0167865,1.0516055,1.1336634,1.134109,0.95865995,0.9718445,2.1931787,2.2390327,2.2954562,2.2734244,1.7359669,1.7323935,1.645429,1.7798971,2.5750108,2.769693,3.2482946,2.5123107,4.1411734,3.3069491,3.4538226,3.451115,2.6664052,2.644025,2.858915,3.2224505,3.148004,2.6723008,2.9137697,3.32972,2.4363534,3.1324263,2.718014,2.7335677,2.8497658,2.8324819,3.6490328,3.3730745,2.9398365,2.9486446,3.1480682,2.9490402,2.9029229,2.8479495,3.1935778,2.514729,2.7139041,2.7019222,3.2969432,3.0997176,2.532679,2.787246,2.4338057,2.3964868,3.0868568,3.0331347,3.0457404,2.9778032,3.0250587,2.9050019,3.4160671,3.2373297,3.1484454,3.0061576,3.1188395,3.1616209,3.097118,2.6597128,3.125535,3.394206,3.1412098,3.1170416,3.0864491,2.7295358,3.3602622,3.2975223,2.8684726,2.8126907,3.2792423,3.2789912,3.7427375,4.0427914,2.8063192,2.8492036,3.5653362,3.4866443,3.7063408,3.5823078,3.8046722,3.7860394,3.2768886,3.2151065,3.2559264,3.3032348,2.7029393,3.3235166,2.4635868,2.4692621,2.4448893,2.5124688,2.417867,2.4314923,3.522577,3.2755582,3.4650543,3.402791,3.6598577,3.428231,3.1585248,3.8110006
18,2.7705903,3.022204,2.85265,2.8290274,2.1788917,1.6464559,1.7332804,1.7080305,3.251979,3.162024,3.2245567,3.356383,3.0125222,2.9407341,2.4400947,2.4547756,0.4952503,1.0167865,0.0,1.5987844,0.7619974,0.67551935,0.35872662,0.36156195,2.4494228,2.5995727,2.6175015,2.5885031,2.2447193,2.2099133,1.6151146,1.5701317,2.820956,2.6868157,3.2653694,2.4348483,4.7295513,3.3458633,3.449293,3.43801,3.0066292,2.9719152,2.7588072,3.5605426,3.1181285,2.6856527,2.829797,3.7124057,2.5756934,3.2412453,2.6836984,2.697678,3.0711358,3.1156023,4.1510835,3.992719,3.2344725,2.9405568,3.077372,3.2632515,2.8211102,2.7640312,3.1030412,2.832141,3.0653393,3.0184922,3.6109807,3.4027247,2.9182405,3.0792236,2.801795,2.7798445,3.5825148,3.5383914,3.5468931,3.4856765,3.4924536,3.3256688,3.909218,3.7110028,3.679596,3.5792506,3.696756,3.734031,3.416727,3.043268,3.6633635,3.9540222,3.7150648,3.7032123,3.707958,3.3669176,3.8339157,3.6770992,3.3793352,3.280741,3.3451893,3.356064,3.767053,3.658614,3.0184445,3.0509498,3.7904613,3.6786315,3.8370116,3.772637,3.9089534,3.9328718,3.411256,3.337219,3.2899451,3.314146,2.8905005,3.5263517,2.7353282,2.7345123,2.7284162,2.821582,2.6952052,2.7126527,3.6875598,3.4784324,3.63686,3.5751522,3.695295,3.572179,3.3380728,3.9482098
19,3.3636565,3.4140785,3.2500196,3.202349,2.7066536,2.2276573,2.1666095,2.222855,3.943832,3.925267,3.8164594,3.869384,3.3879848,3.3128254,2.9530764,2.9636705,1.651341,1.0516055,1.5987844,0.0,1.7792015,1.7431067,1.6017991,1.6110901,2.4473183,2.5051744,2.5831478,2.6319287,1.8384852,1.8735833,2.2873838,2.1524591,2.3927708,2.9656749,3.3612099,2.5736983,3.9869516,3.3649526,3.61075,3.5784252,2.916864,2.8907914,2.98995,3.175395,3.4072127,2.8323846,2.9503796,3.3690891,2.473429,3.3233848,3.0249388,3.0674012,2.8999147,2.8943,3.6786435,3.1360471,3.2094338,3.0772376,3.5271103,3.0728674,2.9983108,3.0816343,3.1957824,2.363459,2.6915565,2.9614978,3.479128,3.3772,2.6882014,2.814723,2.657226,2.6148784,3.085481,3.0500035,3.0828001,3.017349,3.0832727,2.8647208,3.302146,3.2079654,3.1195395,2.9615319,3.0365796,3.075145,3.010492,2.5396872,3.1544304,3.4105544,3.0807538,3.068354,2.9904375,2.7530622,3.5699956,3.5905693,2.8875303,2.9857645,3.2630224,3.2585516,3.8534439,4.2501225,3.0743308,3.1197789,4.0369787,3.9829257,3.8232987,3.466979,3.5803952,3.421258,3.5080836,3.4032464,3.579641,3.5078628,2.471966,3.234646,2.236959,2.2185044,2.3001797,2.613901,2.518562,2.5257206,3.3510602,3.1688282,3.5430577,3.4622612,3.9546864,3.6883304,3.217193,3.9507558
20,2.736533,3.024852,2.8450553,2.7908318,2.061846,1.4526216,1.8491889,1.6507369,3.0364318,3.03324,2.8957808,3.1396096,3.1081917,3.0142636,2.378105,2.3939989,0.34182757,1.1336634,0.7619974,1.7792015,0.0,0.15041666,0.57173115,0.5701842,2.522949,2.5137298,2.4810612,2.4453485,2.392313,2.344908,1.8092033,1.8814476,2.9200652,2.7232487,3.2801619,2.5349848,4.772009,3.2811768,3.4212055,3.4221323,2.9518292,2.915909,2.843081,3.5530977,2.987798,2.6318681,2.8503742,3.6278062,2.5564911,3.0951843,2.5476727,2.5363379,2.9448836,2.9829137,4.1563563,3.9545133,3.0766618,2.816933,2.8655288,3.1174088,2.697228,2.5662742,3.0512316,2.904967,2.9903383,2.9086275,3.4619277,3.1826184,2.8559415,3.136308,2.6728451,2.6581724,3.5488899,3.4767718,3.5543873,3.4866896,3.309167,3.1668792,3.6735978,3.5033195,3.5435553,3.4492435,3.571135,3.6022286,3.2920427,2.9169571,3.5129366,3.768314,3.6643443,3.6779826,3.6668696,3.3743656,3.774097,3.6330986,3.6454203,3.3877058,3.3070889,3.3180442,3.7319834,3.6285152,2.7265923,2.7575777,3.485179,3.3717666,3.673519,3.6588943,4.001228,4.1155095,3.3005748,3.252535,3.2037046,3.258703,3.1897316,3.831517,2.8407893,2.8511226,2.9335692,2.8985748,2.884532,2.9116735,3.756792,3.5274272,3.6190488,3.586059,3.653994,3.4069383,3.4964955,4.011569
21,2.7267966,2.998276,2.8290765,2.7769933,2.0612323,1.4706138,1.8450673,1.6684861,3.0579205,3.069958,2.916918,3.1598756,3.0528836,2.9587195,2.367785,2.3785183,0.29227623,1.134109,0.67551935,1.7431067,0.15041666,0.0,0.51118743,0.5007886,2.5454142,2.5337873,2.5087764,2.4844227,2.3857584,2.341834,1.7987185,1.8369949,2.877898,2.6843112,3.2702906,2.49787,4.788093,3.2746413,3.416706,3.4157126,2.9850965,2.9425416,2.8179166,3.5640938,2.9900725,2.6464002,2.8374178,3.6562095,2.5444493,3.116784,2.555367,2.5468707,2.9624488,3.0014942,4.19252,3.978123,3.112801,2.8216412,2.8853817,3.1462815,2.685906,2.570456,3.0210803,2.891306,3.0085697,2.9477403,3.5132048,3.2437959,2.8831365,3.1391447,2.7030454,2.6870782,3.567436,3.4925365,3.5704536,3.5058708,3.3435485,3.1858928,3.7059207,3.535858,3.5733106,3.47681,3.5972042,3.6289573,3.3039324,2.9293435,3.5440845,3.8028016,3.6968596,3.7091138,3.690817,3.3946276,3.797295,3.6842084,3.6331506,3.4045684,3.342961,3.3534677,3.7724519,3.6393886,2.8065972,2.8394601,3.561393,3.4567835,3.695952,3.6800456,3.9898305,4.0931726,3.3350735,3.2853265,3.2315698,3.2726305,3.1363366,3.8061864,2.8282135,2.835678,2.8992527,2.8868723,2.8667853,2.8956695,3.7408454,3.5159833,3.6128051,3.5756316,3.6837704,3.4498386,3.4747946,4.0052743
22,2.7651772,3.0035663,2.7997372,2.7985647,2.0708091,1.4667953,1.7381877,1.6267043,3.0915515,3.0346274,3.0746968,3.1754253,2.9623811,2.8899875,2.2922769,2.3108776,0.32602912,0.95865995,0.35872662,1.6017991,0.57173115,0.51118743,0.0,0.081633374,2.5127294,2.5309577,2.5167856,2.5067053,2.2103734,2.1409807,1.477514,1.5109544,2.81676,2.6414514,3.1946895,2.4058874,4.6679153,3.2590125,3.3497226,3.3439212,2.9053016,2.8760016,2.7321517,3.477354,2.9901001,2.5858698,2.7621577,3.567998,2.5088634,3.0776577,2.5671196,2.5875432,2.9170434,2.9598863,4.133838,3.8916433,3.0683105,2.8024814,2.8826838,3.0995154,2.6962242,2.596151,3.0246446,2.7793436,2.9279683,2.867773,3.483324,3.2364066,2.7786405,2.9750395,2.6399472,2.6187356,3.5036051,3.4467564,3.4721677,3.4107873,3.4345164,3.284859,3.806704,3.6257045,3.5987988,3.4994848,3.6226664,3.6582816,3.3432972,2.968029,3.5787563,3.8534842,3.6216798,3.6090403,3.6185498,3.2744527,3.7566173,3.6440384,3.41612,3.3193626,3.243389,3.2546089,3.7157207,3.6221128,2.864873,2.896186,3.6127088,3.5118465,3.6924884,3.620302,3.880801,3.9217052,3.2967687,3.2451284,3.1663811,3.2342048,2.904291,3.4908974,2.7012608,2.695238,2.7712317,2.8027382,2.6762204,2.691285,3.6381366,3.4103937,3.5572994,3.5050342,3.6584635,3.4641192,3.2135708,3.8307774
23,2.766589,3.012033,2.7932422,2.7958772,2.0831394,1.4899204,1.7516801,1.6518066,3.103574,3.0435023,3.0763617,3.1904964,2.9609482,2.8888907,2.2982206,2.3134902,0.32334617,0.9718445,0.36156195,1.6110901,0.5701842,0.5007886,0.081633374,0.0,2.5386524,2.5397396,2.5249372,2.514432,2.2236876,2.1548536,1.4920565,1.5070231,2.8369954,2.6631024,3.221767,2.4380229,4.7032585,3.286023,3.3752205,3.3700523,2.955685,2.9247494,2.7480097,3.5054557,3.0115314,2.620133,2.7962072,3.603591,2.53429,3.1026511,2.5880747,2.6075897,2.9674232,3.0062313,4.178304,3.9378023,3.1198037,2.8514633,2.9255393,3.149739,2.7295194,2.6360867,3.0575063,2.8168707,2.9490945,2.8898091,3.5201154,3.2790318,2.802756,3.0047615,2.658807,2.6368477,3.524916,3.464661,3.4920557,3.427785,3.4567087,3.3083513,3.8129036,3.6444411,3.620076,3.5183687,3.640177,3.6771219,3.3504293,2.9772444,3.5939028,3.8702047,3.6434083,3.6298215,3.6377985,3.2985802,3.7714694,3.6822746,3.4248018,3.3435085,3.2927475,3.303017,3.7655022,3.6649635,2.894381,2.9271953,3.6425853,3.5447812,3.7201517,3.654414,3.8960516,3.9357538,3.3330436,3.2814054,3.209079,3.2645483,2.924685,3.5111785,2.7321792,2.7262115,2.779462,2.826038,2.7017884,2.7180645,3.6562634,3.4298437,3.573016,3.5191836,3.6729894,3.475239,3.2202342,3.840846
24,3.4734118,3.5492113,3.7584367,3.5122175,3.130795,2.8431919,2.4087257,2.439636,4.049477,3.530959,3.8899171,4.0285816,4.252229,4.198272,3.6394203,3.6039445,2.437229,2.1931787,2.4494228,2.4473183,2.522949,2.5454142,2.5127294,2.5386524,0.0,2.197812,2.5401986,2.5123706,2.1958692,2.446098,2.925688,2.9537592,3.2465913,3.132538,3.7085886,2.9854784,4.4537783,3.7115793,3.898746,3.912861,2.7671456,2.7195704,2.9532216,3.3898792,3.167049,2.736108,2.9045556,3.6573777,2.5603707,3.64312,2.8311205,2.8137593,3.513482,3.4723406,4.0166597,3.8105657,3.3594391,3.4738178,3.8724525,3.6807914,3.4957726,3.5481858,3.9579875,2.9597006,3.3275287,3.1860702,3.3461955,3.3424718,2.8718603,3.174272,2.85842,2.841164,3.433097,3.3813946,3.4257529,3.4411747,3.30159,2.9516244,3.7790344,3.5176744,3.4032738,3.1759717,3.3454862,3.3789876,3.7048988,3.3339665,3.3810074,3.6173766,3.4311578,3.4306293,3.4846945,3.2204795,3.5739632,3.6622746,3.707963,3.1646438,3.7562964,3.7560675,3.3417058,3.765711,3.3169522,3.3500292,3.6022007,3.5015907,4.058482,4.110144,4.0902505,4.2468095,3.6448362,3.6803112,3.757381,3.6105921,3.7386026,4.086128,3.206394,3.2463033,3.195076,2.9957507,2.972315,2.923471,4.13663,4.0886846,3.9010284,3.9278045,3.9523163,3.6363764,4.216286,4.74488
25,2.6689065,2.7607121,2.6141531,2.4880702,2.0903535,2.440097,2.3984313,1.9350598,2.976582,2.6121578,2.7920313,2.976225,3.2631717,3.2093475,2.5125632,2.5409217,2.456079,2.2390327,2.5995727,2.5051744,2.5137298,2.5337873,2.5309577,2.5397396,2.197812,0.0,1.3305733,1.2620932,2.5978858,2.686713,3.0986161,3.0949352,3.5002363,2.760194,3.9987137,3.305755,4.6377516,3.849068,4.0298195,4.0115137,3.240711,2.7644444,2.975615,3.5938635,2.4940417,3.0289848,3.21838,3.895934,2.7315626,3.78471,3.1405668,3.127233,3.747727,3.7223687,4.3441935,4.038772,3.7010942,3.6331882,3.9414556,3.7817163,3.5413506,3.5330026,4.25595,3.3071873,2.9965951,3.263636,3.7663727,3.7491863,2.9977589,3.3176577,2.7946544,2.7595422,3.707315,3.3192785,3.7005475,3.6498382,3.3792136,3.0932448,3.7315633,3.5243006,3.6342955,3.467634,3.5909562,3.6245685,3.7722535,3.3934488,3.4637096,3.4390097,3.7854004,3.7816622,3.6658285,3.5631127,3.8635857,4.1341496,3.7864692,3.6354234,3.768233,3.7303338,3.6863344,4.0887203,3.3513906,3.3924947,3.4492676,3.6242547,3.2823908,3.9099135,3.84237,4.1099534,3.4091606,3.4555583,4.0142355,3.8145845,3.7124991,4.078287,3.2074006,3.213069,3.2457995,3.1168594,3.159697,3.1213357,4.071638,3.8534431,3.6374884,3.6877694,3.768577,3.4275897,3.6394534,4.253431
26,2.2031195,2.429971,2.1072514,1.9726709,1.8602239,2.1213813,2.1887097,1.6676832,2.7397418,2.311128,2.464111,2.6180692,2.7907593,2.7347262,2.186593,2.25964,2.451341,2.2954562,2.6175015,2.5831478,2.4810612,2.5087764,2.5167856,2.5249372,2.5401986,1.3305733,0.0,0.6564917,2.267504,2.3112519,2.7425025,2.73755,3.332513,2.5721636,3.332591,3.088099,4.101753,3.1607473,3.2870479,3.2643945,3.2927067,2.948543,2.6613104,2.9695406,2.3032622,2.7884953,2.8929312,3.3555913,3.1087337,3.141687,3.1343064,3.1260576,3.5509205,3.5243382,4.246147,3.907448,3.4910653,3.373385,3.7120717,3.6009114,3.2694538,3.3100069,3.9581726,3.1148865,2.7834055,2.944566,3.50765,3.5297647,2.7852118,3.0914974,2.5187967,2.5047033,3.5436094,3.1604025,3.5279408,3.4405847,3.1857631,3.2871544,3.3686967,3.3250246,3.3700757,3.2460096,3.3692293,3.3994756,3.563702,3.1493027,3.2453732,3.1977642,3.6736736,3.6670992,3.475713,3.379642,3.633086,3.9074664,3.5490448,3.3743796,3.4874156,3.4647892,3.6093733,3.8725593,3.4635422,3.4980702,3.2465634,3.3932726,2.7591662,3.3566208,3.2334282,3.593298,2.9190643,2.9786246,4.0284524,3.7834058,3.5525875,3.7792683,2.834249,2.8411446,2.9048662,2.6024058,2.769755,2.733855,3.9455044,3.7542372,3.5101492,3.5445056,3.46419,3.0376592,3.2809901,3.973537
27,2.0457296,2.3355427,2.0435383,1.885493,1.7584751,2.1251752,2.2346017,1.673954,2.7036083,2.2541306,2.4745913,2.651592,2.913719,2.855916,2.1347637,2.196156,2.4317636,2.2734244,2.5885031,2.6319287,2.4453485,2.4844227,2.5067053,2.514432,2.5123706,1.2620932,0.6564917,0.0,2.4428663,2.482887,2.830174,2.8130903,3.3712494,2.5970743,3.4357798,3.159568,4.1882615,3.2979605,3.4438677,3.414782,3.2394328,2.8228848,2.7917013,3.1506827,2.3252394,2.8479686,3.0909853,3.4641747,3.1177092,3.225512,3.1978297,3.1695325,3.6204264,3.5988941,4.0809135,3.9599876,3.576548,3.4440503,3.8018992,3.663271,3.3219113,3.3465407,4.050899,3.2163212,2.8683844,3.0826793,3.5984197,3.609376,2.9428718,3.233092,2.6560993,2.6381464,3.6467862,3.2523186,3.6314468,3.555126,3.2119057,3.3357916,3.5663033,3.4168684,3.4972985,3.377629,3.5005689,3.5360293,3.617107,3.217763,3.3580167,3.3170254,3.7041357,3.693712,3.619445,3.5354455,3.778648,3.8312366,3.5398593,3.4006588,3.5550535,3.5248752,3.50425,3.9011602,3.4543877,3.4887743,3.315189,3.4527245,2.9548626,3.643567,3.5093014,3.8240097,3.065373,3.0538695,4.1525865,3.907717,3.6856418,3.9239771,2.9815505,3.005434,2.9577038,2.8104603,2.908226,2.8819058,4.052654,3.8278139,3.607338,3.6480482,3.3823144,3.0920665,3.4607482,4.0940747
28,3.169225,3.1014805,3.0385113,2.9953043,2.879673,2.375739,1.8949894,2.0749598,3.6821904,3.5328455,3.5337498,3.388185,3.2268558,3.1951942,2.9653466,2.9459383,2.2710824,1.7359669,2.2447193,1.8384852,2.392313,2.3857584,2.2103734,2.2236876,2.1958692,2.5978858,2.267504,2.4428663,0.0,0.37497553,1.9727325,1.832409,2.2359328,2.5973523,2.5580764,2.2173705,3.091666,2.6403236,2.6996224,2.727477,2.3074641,2.501012,2.4205706,2.3393981,2.9824648,2.3945916,2.51983,2.7919157,2.5053973,2.6976573,2.5371208,2.5987742,2.756521,2.6392138,3.52428,2.9334269,2.6504369,2.8970003,3.1850402,2.8588998,2.8588629,3.0776165,3.0612824,1.8856361,2.7962236,2.5225365,2.8251405,2.995215,2.2142372,2.2698135,2.1922002,2.1777956,2.4014194,2.4203157,2.302025,2.2926397,2.6726913,2.7401686,2.9730725,2.8287826,2.5231287,2.3259284,2.4791524,2.5215468,3.0772614,2.63378,2.6502624,2.9694793,2.4382606,2.3845453,2.3292348,2.1165338,2.5384552,3.1134925,2.6042545,2.3875244,3.1949387,3.2013395,3.5371027,4.008593,3.5499444,3.5905006,3.4191387,3.3587952,3.4842935,3.1784804,2.9131224,2.989941,3.00895,3.102769,3.5343213,3.2120457,2.3643215,2.7147784,1.9516336,1.9471148,1.9368038,1.6916051,1.5245545,1.4932649,3.1983223,3.283783,3.0849442,3.037774,3.6372309,3.2866094,2.6188352,3.5133753
29,3.1248465,3.0691733,2.9364774,2.943799,2.8147197,2.2824605,1.8652585,2.021317,3.5713754,3.4647837,3.4526994,3.2581375,3.1094272,3.0823622,2.8299348,2.8237026,2.2291336,1.7323935,2.2099133,1.8735833,2.344908,2.341834,2.1409807,2.1548536,2.446098,2.686713,2.3112519,2.482887,0.37497553,0.0,1.8126519,1.6711154,2.2660663,2.5794785,2.4727957,2.1841507,3.0805364,2.5680838,2.581925,2.6099236,2.2730777,2.4886734,2.4386072,2.3566213,2.9627776,2.379532,2.5328763,2.755764,2.553759,2.5971348,2.5227523,2.5992658,2.6734834,2.5647943,3.5579052,2.937893,2.5793705,2.8218892,3.0401886,2.7642128,2.7886753,2.9954367,2.9792962,1.8824192,2.759696,2.4535353,2.7992575,2.9557405,2.1819093,2.2053244,2.152209,2.1380553,2.3944128,2.4217865,2.284249,2.2599783,2.7122598,2.8250062,2.987097,2.8546531,2.5579214,2.3933487,2.53956,2.5798256,3.077873,2.6440067,2.6917593,3.0112126,2.4060872,2.3453028,2.3230352,2.1137867,2.5364506,3.0978556,2.6229753,2.460326,3.0726354,3.081423,3.5229557,3.9762561,3.516389,3.553118,3.3574083,3.2963555,3.4146216,3.071081,2.84238,2.9179513,2.9366329,3.0402799,3.4702938,3.168555,2.2637305,2.5666099,1.8754236,1.8558695,1.9468063,1.7133873,1.4648544,1.4375389,3.1173508,3.1990917,3.0215042,2.9686224,3.590662,3.243075,2.3604312,3.325925
30,3.0819051,3.2328331,2.9892821,3.06108,2.3666484,1.5843816,1.971585,1.9313664,2.9797227,2.8629997,3.222033,2.9484823,2.8596127,2.8482683,2.318219,2.3367689,1.6387383,1.645429,1.6151146,2.2873838,1.8092033,1.7987185,1.477514,1.4920565,2.925688,3.0986161,2.7425025,2.830174,1.9727325,1.8126519,0.0,1.1013712,2.8952434,2.724927,2.7301388,2.4564168,4.167548,2.9514306,2.841707,2.876124,2.7486145,2.869464,2.899341,3.2138085,3.1030886,2.7077422,2.8679152,3.0987594,3.0512147,2.6558218,2.7926002,2.8584585,2.8436446,2.8409996,4.2016554,3.7759342,2.7474744,2.7678058,2.7292368,3.0141804,2.7871108,2.671684,3.0015345,2.7622898,3.0336537,2.7040954,3.3836224,3.1255903,2.634964,2.753783,2.511467,2.4894686,3.4409955,3.4242625,3.3269348,3.2905643,3.7084134,3.8034954,3.9618344,3.8766944,3.6422617,3.5283053,3.6861436,3.7224922,3.6170297,3.259661,3.6444144,3.9160519,3.4785347,3.4052322,3.5274646,2.9852855,3.494843,3.5892167,3.2499475,3.31974,3.4592128,3.4849944,3.8328657,3.821841,3.4168768,3.4427168,3.5727482,3.4874296,3.7394314,3.5854213,3.962515,3.9769804,3.306755,3.3613074,3.3456883,3.5455928,2.8707175,3.0781686,2.818376,2.7973616,2.8796344,2.65998,2.3491378,2.3444657,3.827869,3.6085532,3.638857,3.590258,3.8425744,3.5575292,2.8087168,3.6260397
