,0,1,2,3,4,5,6,7,8,9,10,11,12,13,14,15,16,17,18,19,20,21,22,23,24,25,26,27,28,29,30,31,32,33,34,35,36,37,38,39,40,41,42,43,44,45,46,47,48,49,50,51,52,53,54,55,56,57,58,59,60,61,62,63,64,65,66,67,68,69,70,71,72,73,74,75,76,77,78,79,80,81,82,83,84,85,86,87,88,89,90,91,92,93,94,95,96,97,98,99,100,101,102,103,104,105,106,107,108,109,110,111,112,113,114,115,116,117,118,119,120,121,122,123,124,125,126,127
0,0.0,1.2978563,1.4382738,1.8610682,2.356367,1.943916,2.730275,1.548493,2.1416996,2.4011335,2.4233558,2.189838,2.1761405,2.2232668,2.7005625,1.8750428,2.465435,3.350193,2.687005,2.5530643,2.3276742,2.2874699,2.3688564,2.0927014,3.2758296,3.1972554,3.4124935,3.4032266,2.9545095,2.4639058,2.3824124,2.2911708,2.2361898,2.6613967,3.0265207,2.9342644,2.424422,2.9852543,2.3673692,2.9137704,2.2304585,2.2570012,2.7543175,2.7648675,2.7832506,2.403628,2.162994,2.1424878,2.0853252,2.6815774,1.7094902,2.0045695,2.118435,2.6606233,2.1195006,3.3112917,3.492627,3.5119653,3.8861072,3.9119017,2.4643764,2.8364308,2.9583273,3.0833075,2.7988913,2.9138186,2.4585369,2.9246216,3.2313316,3.2378762,3.7121837,3.2396235,2.748621,2.4628677,2.4529011,2.4583592,3.6360192,2.6528177,2.6269429,2.5740077,2.5190964,2.1213753,2.6262648,2.5501277,2.6719556,2.7914286,2.2633326,2.2528605,3.247154,3.2716722,1.7624596,2.110249,2.2211754,2.4683914,3.145647,2.4386318,3.8032272,3.5508502,3.7326152,3.0431764,3.1269553,3.2386017,3.1420503,3.1256185,3.1769297,3.2299244,3.091344,3.0158956,3.3402524,3.029065,3.1773136,2.9826467,2.7699826,2.4342082,2.3484697,2.8821,3.1497426,2.7167802,2.499041,2.8014297,2.2431078,2.212002,2.507921,2.5270858,2.7198637,2.7055337,2.79346,2.7840044
1,1.2978563,0.0,2.128516,1.7512903,2.1582544,1.7045602,2.3529153,0.92951083,2.0477984,2.4117267,2.4510486,1.7208973,1.9803462,2.0313973,2.7136772,1.6636697,2.4594235,3.3059027,2.7154431,2.6612265,2.338166,2.2935898,2.0187402,1.8027095,2.8134751,2.6906092,3.2120419,3.3112433,2.76525,2.049265,2.1177733,1.9095035,1.4495357,2.1083677,2.3661735,2.3743484,1.4731344,2.1590402,1.7928154,2.184705,1.6449947,1.6665045,2.137201,2.092539,2.0359893,2.0150795,2.2722814,2.2760227,1.6816623,2.3531446,1.240989,1.6248477,1.726582,1.7967912,1.7886679,3.263827,3.2810469,3.2702596,3.4754672,3.435522,1.7619886,2.266661,2.0733352,2.3621955,2.1030028,2.373934,2.0749776,2.4047103,2.8252466,2.8352869,3.3145828,2.6917133,2.3204405,1.9410152,2.158393,2.172249,3.2677627,2.3204205,2.2297006,2.2040615,2.0020611,1.7118535,2.8898933,2.660812,2.624222,2.547305,1.5841445,1.6643354,2.916964,2.9309905,1.4781626,2.0704,1.7591046,2.1987395,2.8327854,2.2376003,3.5120916,3.2020428,3.4036827,2.7069278,2.8032644,2.8860323,2.8512125,2.7955754,2.8070002,2.8524008,2.6616266,2.709058,2.9596257,2.7639885,2.9141536,2.635615,2.7204878,2.4958029,2.1610293,2.6370115,3.0311103,2.5494254,2.239028,2.4551687,2.0496175,1.8748807,2.1725495,2.208326,2.7912924,2.5297494,2.720519,2.6392634
2,1.4382738,2.128516,0.0,1.3715444,2.150744,2.3269508,3.2599359,2.3827922,1.6945734,2.0715158,2.0453982,2.7195017,2.7645438,2.7930703,2.5225792,2.4180799,2.164157,3.0797408,2.3250678,2.181578,2.0020142,1.9486953,2.802004,2.624876,3.6927724,3.5835752,3.2522686,3.227506,2.709283,3.055151,2.4455805,2.57081,2.706049,2.952854,3.3529692,3.1956007,2.809655,3.2514777,2.6891074,3.188259,2.6305082,2.6168244,3.0939517,3.1014159,3.2527008,2.7951713,1.4117585,1.3832564,2.5680978,3.055048,2.2840545,2.5278368,2.6850967,3.1982756,2.1595616,3.3652782,3.478666,3.6044238,3.8657162,4.0942917,2.929417,3.3091009,3.3456352,2.9949095,3.2837737,3.5507874,3.170585,3.5366137,3.759751,3.7644634,4.158797,3.7499578,3.014999,2.9874156,2.9859812,2.7199872,4.110323,3.375592,3.3244355,3.270678,3.164262,2.8581998,3.1204908,3.0337365,2.0763662,2.2289135,2.969488,2.9327743,3.8628438,3.8936784,2.6951485,2.9748075,3.023872,3.2104278,3.711402,2.7937346,4.225598,3.9580812,4.014054,3.3698993,3.6104574,3.714416,3.6573539,3.665383,3.7259808,3.780878,3.6153798,3.5234697,3.6103978,3.4169474,3.4575608,3.3169641,2.8043993,2.3861215,2.6363337,3.2045836,3.141809,2.7179832,2.706671,2.8067815,2.6339254,2.609115,3.1271484,3.097481,2.5877192,2.560599,2.6076827,2.5970795
3,1.8610682,1.7512903,1.3715444,0.0,1.7336855,1.9407873,2.8106449,2.0126295,1.1506002,1.635433,1.6260941,2.3930717,2.402522,2.427605,2.1167927,2.114553,1.6634719,2.7950735,1.9300674,1.809848,1.5561216,1.5408236,2.5017114,2.3203824,3.4399447,3.3131194,2.8835018,2.920048,2.3314526,2.6984391,2.0446374,2.1970372,2.252263,2.5973408,2.9737492,2.9099803,2.2719393,2.79684,2.3727078,2.8181026,2.1699815,2.1334512,2.6155558,2.6194677,2.4459321,2.4463873,0.75004274,0.74080235,2.3446245,2.8431528,1.9082824,2.2943091,2.486714,2.5544024,1.8847226,3.267614,3.11808,3.2442932,3.461156,3.6869466,2.5795515,2.9800434,2.9054804,2.4836948,2.7980802,3.1771264,2.7830553,3.1466382,3.4370377,3.444592,3.873212,3.333543,2.629457,2.5926893,2.7170613,2.3354259,3.9216812,3.1251945,3.033356,3.00455,2.7450979,2.4236312,3.4584599,3.3342094,1.4562209,1.6073539,2.4868867,2.4440978,3.7341828,3.757759,2.481819,2.8374658,2.6466062,2.8966675,3.4676232,2.433096,3.953032,3.657198,3.6574938,2.9749331,3.3378773,3.3534162,3.3119774,3.2995403,3.3863692,3.4354172,3.216002,3.260281,3.2686102,3.1230786,3.094224,2.90849,2.5910523,2.1967058,2.4127529,2.9195457,2.8025718,2.325924,2.370506,2.3684154,2.274181,2.1658275,2.8298383,2.8105862,2.3117194,2.17035,2.0988333,2.0569367
4,2.356367,2.1582544,2.150744,1.7336855,0.0,1.0523068,2.536345,2.5194533,1.9607041,1.6760703,1.5894246,1.5304223,2.8548338,3.0110245,2.122413,2.5858462,1.7529203,2.503877,2.0275164,1.9282068,1.3712412,1.2147033,1.662236,1.6045254,2.5372355,2.4804702,1.6359155,2.0120516,1.889752,2.301935,1.629559,1.4789122,2.43871,2.94411,3.1068106,2.9666176,2.1488721,2.595298,2.2732863,2.5170054,2.4015155,2.3735943,1.7969546,1.7626555,2.2186515,1.542979,2.0578644,2.0427794,2.1179729,2.1450658,2.022889,2.203019,2.5564284,2.4252083,1.7745354,1.8651259,2.223183,2.3965852,2.4586647,2.6998057,2.1911523,2.0384142,2.4229798,2.0367916,2.0969088,2.2474782,2.2507565,2.3555183,2.8783371,2.8812168,3.3226771,2.8339968,1.9376087,1.9396402,2.290927,2.083326,3.2578232,2.3609333,2.4051936,2.2231433,2.3050346,2.3866353,3.1352208,2.8779192,2.0350437,1.7427416,2.3086162,2.6183908,2.8280962,2.86059,2.5408912,2.5231142,2.2581093,2.5080893,2.8346589,1.9164171,2.8997076,2.5533483,2.6165788,1.8052014,2.352588,2.5170696,2.3265343,2.3809752,2.3051012,2.364479,2.0766878,2.0308459,2.1933699,2.387225,2.1500113,1.8147806,1.7513942,1.836166,2.1261961,2.241301,1.8138341,1.6131282,1.6057733,2.2685869,1.6203133,1.751628,2.2741191,2.0540197,1.3223928,1.3945646,2.1539605,1.8596345
5,1.943916,1.7045602,2.3269508,1.9407873,1.0523068,0.0,1.9302379,1.8757585,1.9976577,1.6376741,1.7737461,1.1850723,2.3605716,2.5442057,2.2605023,2.1801853,1.8863866,2.7038236,2.1699548,2.071157,1.5623653,1.3798016,1.3627056,1.0280613,2.2217822,2.1312218,2.0146544,2.1038327,1.96067,1.7305182,1.4678743,1.0448805,2.040066,2.5495212,2.7035666,2.5773847,2.01399,2.5069878,2.1893227,2.4395561,2.0031667,2.006883,1.7256424,1.6406268,1.7323499,1.4762287,2.3351865,2.3228164,1.8893799,1.906299,1.8609881,1.9488326,1.9881332,2.1604087,1.8520111,1.9248909,2.3122854,2.378376,2.5342538,2.5897007,1.9734962,1.7606846,2.2389183,2.26921,1.7692294,1.8335571,1.6484355,1.9436198,2.4977577,2.5042505,2.92794,2.4575512,1.8640728,1.539585,1.7181553,1.7084706,3.0242956,1.9375106,1.9089382,1.8223715,1.8692766,1.7047123,2.7737458,2.499136,2.3916364,2.3615775,1.8739637,2.0970838,2.4779239,2.5220478,1.9288522,1.8711202,1.698423,2.08897,2.5884776,1.862871,2.697794,2.3564951,2.5094652,1.5415752,1.9181451,2.1306508,1.9962403,1.9920254,1.9818462,2.0278335,1.7134701,1.7150049,1.9268572,1.8138343,1.8147902,1.5207028,1.8960344,1.7994668,2.1051745,2.129091,1.9609766,1.8448704,1.6100085,2.4436817,1.4447954,1.3470552,1.8601493,1.6704773,1.5566521,1.7633079,2.199745,1.969396
6,2.730275,2.3529153,3.2599359,2.8106449,2.536345,1.9302379,0.0,2.2174184,2.5339677,2.2008216,2.4822009,1.9677504,2.298544,2.3698444,3.126915,2.3894231,2.410306,3.4634721,2.9133875,2.8087444,2.6677282,2.549316,2.208507,1.847454,2.9706445,2.8083906,3.0035079,3.1793413,3.1263587,2.489906,2.2581136,2.0005372,2.0756648,2.4104726,2.8562765,2.8702955,2.4045498,2.6830013,2.6915536,2.8773806,2.2135403,2.2589707,2.3680375,2.2869835,1.7554256,2.2257745,2.9640794,2.9554102,2.6484408,2.743947,2.471664,2.6530335,2.2969105,2.5847933,2.7159326,3.4645364,2.240049,2.2116654,2.322822,2.249581,2.4872072,2.411166,2.7209408,2.9172382,2.0296266,2.2180762,2.1107109,2.0962443,2.6237228,2.6218653,2.9500203,2.4523325,2.437566,1.9767009,2.1662905,2.2385247,3.4229589,2.4971478,2.2257462,2.4555373,2.0694785,1.539171,3.006388,2.7100954,2.9024358,3.0845516,2.051454,1.936182,3.5528564,3.6023946,2.9169886,3.0018227,1.8953493,2.371753,2.9070575,2.5240781,3.353896,2.9630184,3.2138283,2.323237,2.4800005,2.6133165,2.7223234,2.597199,2.971276,2.970107,2.3337445,2.8363178,2.7510226,2.4752238,2.5088382,2.5288672,2.6808424,2.377983,2.7977257,2.598811,2.8508224,2.7110925,2.535902,3.1567862,2.266441,1.9850043,2.248166,2.189348,2.5546668,2.7382329,2.7573876,2.6878495
7,1.548493,0.92951083,2.3827922,2.0126295,2.5194533,1.8757585,2.2174184,0.0,1.9353127,2.2656083,2.5042639,2.1789205,1.8448019,1.8990189,3.1303864,1.8712331,2.4657257,3.4116526,2.684494,2.6448824,2.525645,2.4477544,2.404902,2.114413,3.0112467,2.8629186,3.5102146,3.4190784,2.8705084,2.1633182,2.2967272,2.0852535,1.6268986,1.8356166,2.3650064,2.3474052,1.896725,2.3244555,2.1655655,2.4613564,1.692518,1.722927,2.5670319,2.449658,2.1228025,2.4550872,2.4778876,2.486054,2.027582,2.581405,1.8288524,1.9787192,1.7948627,2.137703,2.1300864,3.4606063,3.4647574,3.450719,3.6042483,3.5735831,2.1073184,2.546556,2.3233662,2.6483645,2.3614218,2.6496909,2.309929,2.5471988,2.8787608,2.8876355,3.287113,2.7201512,2.5340004,2.0778887,2.3162856,2.3098345,3.3339708,2.6294322,2.312721,2.5223548,2.0961344,1.5797334,2.9285192,2.6893406,2.8377938,2.9278924,1.9793183,1.6590829,3.1515057,3.1727896,1.6452385,2.206507,2.0196803,2.5099113,3.1713758,2.679296,3.766027,3.4864233,3.6494555,2.9175456,2.9858341,3.0824296,3.0822537,2.9966793,3.043099,3.062836,2.9217877,2.9917793,2.8396602,2.5042012,3.0321105,2.811948,2.8958566,2.5241148,2.518531,2.9170086,3.3062336,2.9558618,2.635456,2.9054465,2.3840368,2.0370007,2.402651,2.4772172,3.0130002,2.8448138,2.8216293,2.8010354
8,2.1416996,2.0477984,1.6945734,1.1506002,1.9607041,1.9976577,2.5339677,1.9353127,0.0,1.1932814,1.2710586,2.5306196,2.2098076,2.3486753,2.4751534,2.1922042,1.5745217,2.4577093,1.7188063,1.5799145,1.5569056,1.4638513,2.6237264,2.3569841,3.5095122,3.3443933,3.005458,2.8494947,2.2539465,2.666103,1.9436026,2.105245,2.2175796,2.2074292,2.8093848,2.7446747,2.4045308,2.7549767,2.6444666,2.8923721,2.0253232,1.9890842,2.7218401,2.6380231,2.4366002,2.7214253,1.2525995,1.260734,2.6806679,2.9731221,2.371968,2.612226,2.439778,2.8832166,2.147564,3.325074,3.059272,3.197028,3.2575681,3.4957428,2.8053029,3.0603755,2.9902751,2.5943108,2.8548775,3.2811017,2.8926253,3.1230385,3.3827994,3.3912122,3.796012,3.2713504,2.754386,2.5538964,2.5586727,2.1165981,3.6359196,3.2634935,2.9839523,3.1118543,2.7793195,2.335809,3.357437,3.199881,1.8538582,2.0386405,2.5659623,2.2279184,3.9012003,3.9509425,2.7849905,3.0705845,2.8404229,3.1434307,3.4942098,2.805252,3.9889398,3.6157901,3.618937,3.0585024,3.3681054,3.4164383,3.420357,3.3754103,3.4859157,3.5102077,3.2692301,3.3600228,2.9592884,2.7270002,3.0263286,2.895939,2.4468408,1.9720215,2.6461272,3.1000595,2.8051658,2.487514,2.6023407,2.6446288,2.5078778,2.272974,2.9647174,2.883975,2.375711,2.315334,2.2730947,2.0609937
9,2.4011335,2.4117267,2.0715158,1.635433,1.6760703,1.6376741,2.2008216,2.2656083,1.1932814,0.0,1.1636937,2.4746785,2.4852626,2.5212858,2.4341478,2.5008368,1.2036933,2.7087295,1.7234106,1.5407571,1.5011842,1.3806485,2.4902928,2.2216613,3.3069403,3.1524255,2.522994,2.3677168,2.1475606,2.6011193,1.7837031,1.8874004,2.4200754,2.4270518,3.0196207,2.868786,2.6235716,2.9079514,2.804553,2.9984136,2.2205215,2.1984053,2.5955873,2.5292387,2.2669778,2.5942152,1.6844112,1.674336,2.8188286,2.9712734,2.6573455,2.8427424,2.6052327,3.0760725,2.376653,2.861784,2.7560573,2.9274673,2.89772,3.224608,2.9026883,2.9779584,3.0676212,2.652999,2.7167788,3.016171,2.7593172,2.8804243,3.1898868,3.1939712,3.504911,3.118933,2.57231,2.3742757,2.4435866,2.0841732,3.8983176,3.1460726,2.8788433,2.9785194,2.7538989,2.2676268,3.2834353,3.1181016,1.7109681,2.1635184,2.6608698,2.4627535,3.7415433,3.7758842,2.8543925,2.9394875,2.808101,3.0568664,3.3998752,2.6230824,3.8425047,3.4658895,3.5112116,2.633679,2.9816294,3.0810306,3.06819,3.04355,3.154486,3.180723,2.8791223,2.9726305,2.5168653,2.2566652,2.5453677,2.461398,2.3313227,1.8816458,2.8797605,2.9765363,2.352539,2.305301,2.4509344,2.865264,2.3891234,1.9550107,2.751223,2.7099771,1.8696415,2.1870263,1.8931308,1.9458731
10,2.4233558,2.4510486,2.0453982,1.6260941,1.5894246,1.7737461,2.4822009,2.5042639,1.2710586,1.1636937,0.0,2.299186,2.4135892,2.6118991,2.1962175,2.3361561,1.0550867,1.856249,1.5012156,0.9863527,1.099013,1.2162752,2.2568026,2.1183388,3.3072112,3.2601867,2.2354436,2.2020385,2.0218496,2.4324193,1.5527185,1.8934639,2.5065622,2.543365,3.2974386,3.2021668,2.6130314,2.9244714,2.886568,3.0743902,2.2583234,2.2226777,2.2228832,2.27807,2.3126662,2.4391003,1.6465508,1.6037308,3.0258684,3.1735718,2.5069613,3.0354962,2.8779652,3.2507844,2.6103163,2.9796703,2.8430645,3.0260859,3.0739176,3.2994115,3.1021247,3.0358632,3.276087,2.8642206,2.6681478,2.8550441,2.5844643,2.6135452,3.030219,3.0349925,3.6184134,3.0250697,2.2740805,2.1339056,2.2425036,1.8124175,3.3130562,2.7874546,2.5764055,2.6001909,2.5884905,2.2174153,3.1343734,3.1027544,1.63024,1.826526,2.5540283,2.3732188,3.7235458,3.7851992,2.7689455,2.7501915,2.7314482,2.8038204,3.1344545,2.302579,3.3682942,2.9701598,3.0680344,2.601141,2.9115229,2.9215407,2.7518418,2.8024766,3.0272014,3.0726612,2.6481886,2.7308407,2.585725,2.3782437,2.3864436,2.364918,1.8340825,1.2367679,2.4441862,2.5754845,2.132448,1.8862431,2.2278068,2.4940555,1.8958894,1.8564156,2.5101748,2.3574948,1.4183596,1.6591047,1.7897476,1.3828678
11,2.189838,1.7208973,2.7195017,2.3930717,1.5304223,1.1850723,1.9677504,2.1789205,2.5306196,2.4746785,2.299186,0.0,2.4446542,2.7054346,2.4870708,2.1848445,2.3704488,2.766579,2.5577354,2.5291712,2.0530803,1.9802922,1.0623964,0.94105434,2.2726877,2.1411352,2.2043872,2.651173,2.4581866,1.7936144,1.7336129,1.3314695,1.9562624,2.6850636,2.8446655,2.827857,1.7099746,2.2832212,2.0301878,2.2564082,2.0988126,2.1158593,1.4348049,1.3065794,1.8523556,0.9838536,2.7361898,2.735548,1.9063888,1.7898006,1.5444316,1.9080476,2.2050462,2.034553,2.0567584,2.4086447,2.272562,2.2690735,2.4844847,2.3303702,1.8531528,1.5548325,2.1374445,2.384649,1.2515019,1.579462,1.3109128,1.7051839,2.2971618,2.3127263,2.9461858,2.1101196,1.678809,1.451755,1.7986981,1.8397279,2.6530342,1.6170329,1.7276525,1.5584521,1.4054518,1.6480213,2.53921,2.1913717,2.7744014,2.445474,1.4715194,1.9299601,2.6114364,2.674171,2.0702562,2.203167,1.1711782,1.7748777,2.3930774,1.6993908,2.2064278,1.8721639,2.113672,1.4747673,1.7479839,1.9316411,1.878496,1.8053131,1.8655481,1.9260701,1.5165294,1.6712325,2.2805998,2.306523,2.1050217,1.7411251,2.0596225,2.1529691,2.0759766,1.9060866,2.0743322,1.7867281,1.4760629,2.2709813,1.4206154,1.657282,1.8077934,1.5025438,2.0060294,1.9348433,2.7702372,2.3629677
12,2.1761405,1.9803462,2.7645438,2.402522,2.8548338,2.3605716,2.298544,1.8448019,2.2098076,2.4852626,2.4135892,2.4446542,0.0,0.6500731,2.502436,1.1734953,2.5585566,3.1299627,2.6953073,2.6378748,2.6176906,2.6854823,2.540236,2.3398445,3.5361526,3.3599176,3.5243604,3.524897,3.1232684,2.391,2.352166,2.4306967,2.373959,2.3303704,3.055034,3.1204758,2.3470533,3.3805857,3.4108129,3.607321,2.0187683,2.0266726,2.7562463,2.644025,2.5203538,2.8500335,2.6330185,2.6385355,2.9398975,3.1485763,2.0848725,2.7222764,2.6398766,3.0195622,2.782342,3.8080425,3.4765232,3.4951613,3.6680942,3.6203022,2.989552,3.168789,3.1458702,3.3138425,2.6379519,3.1802413,2.5892668,2.9247167,3.2278862,3.2656047,3.8146834,3.0662818,2.9922922,2.477053,2.5791755,2.4247346,3.461912,2.90704,2.7371206,2.7551491,2.4214215,1.9467013,3.1194193,2.9224377,2.899478,3.0262249,2.2115216,1.7968225,3.943635,3.9774046,2.4045272,2.883591,2.2459142,2.7656603,3.256247,2.8269596,3.6979477,3.3732967,3.4287312,2.987651,3.0060296,2.9574082,3.0501573,2.9422004,3.1801224,3.1860101,3.0086763,3.1675916,3.0158083,2.6919768,3.060967,2.8716698,2.7416909,2.5584571,2.812567,3.023467,3.1211872,2.8782983,2.8209758,2.508468,2.5509405,2.2813766,2.6132135,2.681551,2.9169016,2.8142352,2.8940468,2.7431087
13,2.2232668,2.0313973,2.7930703,2.427605,3.0110245,2.5442057,2.3698444,1.8990189,2.3486753,2.5212858,2.6118991,2.7054346,0.6500731,0.0,2.6440265,1.3471761,2.6568794,3.5933259,2.9650133,2.8894653,2.879471,2.9386086,2.82012,2.6249042,3.7057447,3.5400863,3.7040112,3.7403288,3.3687658,2.6756911,2.5825222,2.6531732,2.4158325,2.3802404,3.0860856,3.1483414,2.3871555,3.4543388,3.477955,3.676909,2.1154249,2.1278512,2.9147115,2.8489342,2.6513994,3.0479715,2.66598,2.6675444,3.0079036,3.3893752,2.1996841,2.7969387,2.7281842,3.0729175,2.8104372,4.026319,3.6437404,3.6635706,3.793147,3.803605,3.0186663,3.3498588,3.165737,3.2998648,2.851036,3.3219185,2.883132,3.0944378,3.3641307,3.3972855,3.8597515,3.2381897,3.1440117,2.6509776,2.818188,2.7174914,3.8957806,3.13214,2.9647698,2.9599957,2.6746368,2.150854,3.3266995,3.141202,2.858085,3.0926735,2.329119,1.959676,4.081354,4.0900016,2.5556684,3.0554776,2.465418,2.9075265,3.428815,2.9202461,4.1038256,3.7806568,3.8724484,3.2265897,3.2495737,3.207751,3.3056076,3.2184856,3.429221,3.439114,3.2370186,3.4092557,3.2590363,2.949726,3.2888002,3.1232054,2.993489,2.8168623,2.9781444,3.2116263,3.3219063,3.0572784,3.0235043,2.6643243,2.7725623,2.3637304,2.7082698,2.8942611,3.1242049,3.0104392,2.8574073,2.9400017
14,2.7005625,2.7136772,2.5225792,2.1167927,2.122413,2.2605023,3.126915,3.1303864,2.4751534,2.4341478,2.1962175,2.4870708,2.502436,2.6440265,0.0,1.9482956,2.5559964,2.831938,2.6032534,2.5421507,1.7391063,1.8688741,2.3640394,2.2014403,3.4098387,3.2382216,2.4516234,2.5103624,2.2400236,2.4457338,1.8497014,2.1660907,2.8524907,3.3960094,3.5593991,3.4933004,2.7900286,3.8146198,3.5580049,3.7288072,2.4773912,2.4372547,2.5859392,2.5588834,2.612461,2.7530825,2.16467,2.1590793,3.2755442,3.2187784,2.574114,3.1775858,3.1584072,3.4643548,2.9232154,3.2080834,3.1988828,3.3487515,3.4174988,3.5445554,3.3703501,3.3490288,3.4985757,3.2158914,2.840523,3.3587942,2.7672117,3.453171,3.832646,3.863296,4.3765926,3.7318082,3.1490853,2.9632547,2.5674298,2.1570761,4.2234206,3.1289675,3.3744705,3.0413113,3.2695374,2.942977,3.8241563,3.663628,2.1717303,2.3410475,2.7949286,3.0487747,4.07774,4.1211805,2.951073,3.1201656,2.8123093,3.1678126,3.4507594,2.711945,3.4244325,3.0809906,2.9449608,2.5690935,2.8812697,2.840869,2.8393633,2.798327,2.9860682,3.0203757,2.8576574,2.8916638,3.4253242,3.2064636,2.6573758,2.4243908,2.826767,2.636652,2.9651408,2.9156463,2.4212472,2.292064,2.449404,2.2365694,2.499608,2.287005,2.8690279,2.7593672,2.1113331,2.1458087,2.291677,1.9802754
15,1.8750428,1.6636697,2.4180799,2.114553,2.5858462,2.1801853,2.3894231,1.8712331,2.1922042,2.5008368,2.3361561,2.1848445,1.1734953,1.3471761,1.9482956,0.0,2.5827785,3.0360227,2.7323158,2.635803,2.2334888,2.3223393,2.1367455,1.8957438,3.023591,2.8576818,3.1084948,3.086245,2.643541,1.8904885,1.8400686,2.0021718,1.8479489,2.2446551,2.8225126,2.8078425,2.0172591,3.088906,3.0357285,3.212115,1.5008205,1.50342,2.3112752,2.2401097,2.1721606,2.5729718,2.3499918,2.3429308,2.7172437,2.97347,1.8716192,2.6205285,2.37109,2.8785138,2.674968,3.7071056,3.4422164,3.4847064,3.551259,3.4971068,2.8190734,3.0067112,2.9169436,3.0525634,2.3083432,2.8487496,2.2064369,2.7615983,3.1489851,3.1805453,3.7624345,2.9793894,2.7621305,2.2522101,2.0868168,1.9366273,3.4530952,2.5356774,2.53905,2.436517,2.447583,1.9328817,3.0169003,2.8925576,2.5136003,2.6875033,2.1837294,2.095992,3.7708924,3.8136613,2.0416625,2.5231223,2.0114663,2.4639955,2.924866,2.503381,3.3985233,3.0329623,3.1143851,2.695948,2.7317133,2.7140212,2.7156847,2.6173768,2.9501755,2.9607382,2.7063682,2.8670044,3.159867,2.7817135,2.7243998,2.5434206,2.9034915,2.4344847,2.5399911,2.698388,2.9765022,2.636307,2.3670375,2.0809262,2.205862,1.8560799,2.201512,2.2566183,2.6174316,2.4013722,2.4562173,2.2421544
16,2.465435,2.4594235,2.164157,1.6634719,1.7529203,1.8863866,2.410306,2.4657257,1.5745217,1.2036933,1.0550867,2.3704488,2.5585566,2.6568794,2.5559964,2.5827785,0.0,2.2470968,1.0951816,0.81712055,1.4233682,1.6274304,2.2956543,2.3169212,3.6034522,3.4813826,2.53139,2.6401844,2.4689157,2.6647363,1.892969,2.211821,2.632545,2.5531087,3.531622,3.4267864,2.666299,2.7770412,2.6361187,2.9917476,2.462862,2.440356,2.5009682,2.463433,2.354275,2.2763188,1.5733359,1.566809,2.9870574,3.0998638,2.3693419,3.0517168,3.0633552,3.2200646,2.7288823,3.1234488,2.9514036,3.1294177,3.3101103,3.5541987,3.1426327,3.161144,3.430051,3.0757751,2.538814,2.9813898,2.5461826,2.6717803,3.1601055,3.1649382,3.7276134,2.959007,2.252283,2.220025,2.6937046,2.1909943,3.7597008,2.9859648,2.7200246,2.8316388,2.3658996,2.0686893,2.9921098,2.9140716,1.4199675,1.6872718,2.598551,2.4212637,3.9441228,3.980216,2.7080991,2.908027,2.6161988,2.8344512,3.2861412,2.321077,3.5956604,3.2559223,3.3279543,2.679072,2.9298117,2.9060218,2.8497322,2.8242288,3.0617657,3.1131287,2.7757266,2.8704388,2.602386,2.4807377,2.6066806,2.4814403,2.1528573,1.6735945,2.8621612,2.810927,2.2700605,2.1140964,2.328379,2.823741,2.0847504,2.0075905,2.7135465,2.6176784,1.712663,2.0801919,2.0999916,1.9817678
17,3.350193,3.3059027,3.0797408,2.7950735,2.503877,2.7038236,3.4634721,3.4116526,2.4577093,2.7087295,1.856249,2.766579,3.1299627,3.5933259,2.831938,3.0360227,2.2470968,0.0,1.7181374,1.5960021,1.7885004,2.0069778,2.5921009,2.6024852,3.7934866,3.6700687,2.8522198,2.8086824,2.5450537,2.8067496,2.280774,2.652748,3.4017494,3.3968232,4.1712604,4.0954437,3.4360766,3.6163468,3.6242619,3.8246403,3.154048,3.109713,2.9081771,2.8090699,3.1026988,2.9314675,2.746793,2.751434,3.7583048,3.3915458,3.1595695,3.8007104,3.7097795,3.9737415,3.595758,3.2984676,3.4611766,3.6152253,3.8074458,3.8433216,3.901468,3.5154848,4.0739946,3.8245916,3.0294864,3.5557737,2.8728094,3.2530813,3.7541747,3.7774534,4.5245996,3.535359,2.9825377,2.8922825,2.8851776,2.309984,3.0515325,3.3024225,3.166621,3.1894767,2.986698,2.892409,3.544319,3.4416432,2.903674,2.704622,3.3597891,3.1883745,4.196567,4.305901,3.255911,3.3230324,3.2544305,3.5387535,3.575157,3.1983836,3.0175834,2.6041884,2.5668442,3.0403945,3.2565444,3.2279012,3.0520575,3.0161076,3.219466,3.2645438,3.0801878,3.0527017,2.9108248,2.7915056,2.9356134,2.7314212,2.4968894,2.0062363,3.2068613,3.1777859,2.7948482,2.7156184,2.8027763,3.0464814,2.5788176,2.944858,3.3989265,2.988117,2.2178257,2.4670866,3.234632,2.2982702
18,2.687005,2.7154431,2.3250678,1.9300674,2.0275164,2.1699548,2.9133875,2.684494,1.7188063,1.7234106,1.5012156,2.5577354,2.6953073,2.9650133,2.6032534,2.7323158,1.0951816,1.7181374,0.0,0.7135615,1.3481501,1.6082641,2.399421,2.4558027,3.8312259,3.6087403,2.8261392,2.7855806,2.4109812,2.706501,2.047816,2.4136207,2.9831843,2.8403902,3.7970672,3.6795628,2.9736025,3.1077907,2.9277487,3.2971087,2.709027,2.6741886,2.9349747,2.7297156,2.7065222,2.4928637,1.7710377,1.8138536,3.1970077,2.9589748,2.56197,3.2407916,3.3072584,3.4937918,2.995439,3.1030433,3.2236829,3.4055471,3.6481025,3.8371587,3.4494421,3.364288,3.7315302,3.4342864,2.6747732,3.4631324,2.6722443,3.1725612,3.64917,3.668435,4.267534,3.2947865,2.7059205,2.672583,2.9853916,2.2908237,3.7903998,3.333129,3.1032875,3.2329965,2.5678983,2.3844953,3.1354816,2.946508,1.9617987,1.9857116,2.9708307,2.7605622,4.19748,4.2554994,2.808134,3.1648006,2.8116925,3.2939928,3.6175385,2.8806765,3.5223777,3.214061,3.0960968,2.818416,3.053679,3.0227926,3.0443368,2.926002,3.098218,3.1362162,3.0734208,3.0576901,2.6534495,2.5471191,2.8554807,2.5569618,2.4312882,1.9985037,3.2356517,3.1714888,2.527952,2.5116909,2.5784056,3.0181844,2.493605,2.5199394,3.2281058,3.0007167,2.0674474,2.4017565,2.7432904,2.3048155
19,2.5530643,2.6612265,2.181578,1.809848,1.9282068,2.071157,2.8087444,2.6448824,1.5799145,1.5407571,0.9863527,2.5291712,2.6378748,2.8894653,2.5421507,2.635803,0.81712055,1.5960021,0.7135615,0.0,1.19451,1.4686117,2.379233,2.377985,3.7011514,3.5817022,2.63818,2.5808148,2.3228586,2.6442676,1.9230278,2.31708,2.8908098,2.766529,3.7353067,3.6212566,2.9743536,3.095494,2.9394224,3.2922537,2.6358695,2.6032162,2.7149608,2.6501453,2.619219,2.5071433,1.6801062,1.6758784,3.203036,3.1646879,2.5773973,3.254641,3.2223785,3.4930704,2.9701855,3.1267376,3.1817424,3.3606637,3.5964096,3.7854416,3.4394784,3.3414783,3.7241805,3.3909721,2.7670684,3.241614,2.6134708,2.9202833,3.3793268,3.390277,4.023928,3.1824265,2.4954796,2.451759,2.7285028,2.1379805,3.55671,3.097349,2.8512435,2.9665308,2.5502255,2.2718182,3.056128,3.0198328,1.7824587,1.9305756,2.8908122,2.6515856,4.0436683,4.106605,2.7392657,2.9004645,2.815352,3.0459764,3.4201672,2.5952613,3.4567568,3.129615,3.132566,2.8188715,3.0617886,3.0272217,2.9201581,2.8930311,3.1333287,3.182285,2.9394422,2.9491704,2.6826367,2.496658,2.6900349,2.5512884,2.191555,1.5634282,2.920864,2.9352207,2.4093263,2.2759778,2.446143,2.8731415,2.1774085,2.2799876,2.9478378,2.744687,1.7383168,2.1289551,2.3625984,1.923389
20,2.3276742,2.338166,2.0020142,1.5561216,1.3712412,1.5623653,2.6677282,2.525645,1.5569056,1.5011842,1.099013,2.0530803,2.6176906,2.879471,1.7391063,2.2334888,1.4233682,1.7885004,1.3481501,1.19451,0.0,0.56881875,1.9080894,1.7440685,3.0748882,2.9333544,1.9889714,1.8600471,1.4904603,2.0003865,1.153596,1.5542232,2.392059,2.7351754,3.3009021,3.159041,2.5285099,2.8736181,2.6452453,2.8597972,2.0948875,2.0526161,2.1888907,2.097421,2.0874472,2.1540077,1.5659019,1.5600069,2.8702307,2.761143,2.3678217,2.9205854,2.8188863,3.1465998,2.6176558,2.7118292,2.8770921,3.0622241,3.1262317,3.2948318,3.0508723,2.9238505,3.2199857,2.8925488,2.3444498,2.8224027,2.1985168,2.7629876,3.2123485,3.2248673,3.8374631,3.0449886,2.3154123,2.2234251,2.0941286,1.4496753,3.4955895,2.688289,2.642265,2.6052423,2.5411975,2.2257843,3.1238613,3.0286283,1.6002792,1.7246345,2.5616856,2.5985272,3.6726189,3.7434745,2.472265,2.5669487,2.4680033,2.7673535,3.136418,2.3198001,3.0014546,2.6519651,2.5797887,2.2049084,2.5877986,2.6128635,2.466719,2.4281483,2.617663,2.6581743,2.453854,2.4540067,2.6348763,2.3861196,2.1866844,1.9393493,2.226055,1.6437148,2.6138532,2.5363662,1.9901041,1.8519584,1.9358467,2.4333398,1.8863224,1.7886045,2.5311148,2.2781746,1.3599671,1.5889552,1.90566,1.2940754
21,2.2874699,2.2935898,1.9486953,1.5408236,1.2147033,1.3798016,2.549316,2.4477544,1.4638513,1.3806485,1.2162752,1.9802922,2.6854823,2.9386086,1.8688741,2.3223393,1.6274304,2.0069778,1.6082641,1.4686117,0.56881875,0.0,1.9687288,1.6164192,2.8389971,2.6812007,1.9905958,1.8231157,1.4092994,2.102325,1.2824231,1.4007379,2.3342357,2.759635,3.0704727,2.9124358,2.5450974,2.8918905,2.6082287,2.8393333,2.1547246,2.1184647,2.2474895,2.165878,2.129287,2.1791208,1.6481155,1.6383613,2.595806,2.4872482,2.429096,2.6468625,2.5153975,2.9033518,2.311928,2.4428039,2.5904608,2.7555938,2.8318415,3.0164466,2.7864473,2.6435575,2.979248,2.622642,2.4016552,2.7616506,2.2431915,2.7842357,3.1178427,3.1284556,3.6153865,3.0117843,2.356278,2.2716377,2.0099974,1.5404221,3.415179,2.7317493,2.6711023,2.6497924,2.5887508,2.2692022,3.1866179,3.0371652,1.8351398,1.9670836,2.6040232,2.6347718,3.4225664,3.5007231,2.544108,2.55691,2.4960673,2.791275,3.1730633,2.368022,3.0454845,2.6988134,2.6489344,2.1409147,2.623779,2.7428799,2.6232972,2.5942736,2.7010312,2.7399354,2.5071592,2.5176663,2.5844553,2.3232605,2.2390535,2.0360286,2.2637444,1.685841,2.5058563,2.5586143,2.085812,1.9405919,1.8992077,2.4379525,1.9462416,1.857482,2.577839,2.319812,1.4366232,1.6850125,1.9876014,1.4222876
22,2.3688564,2.0187402,2.802004,2.5017114,1.662236,1.3627056,2.208507,2.404902,2.6237264,2.4902928,2.2568026,1.0623964,2.540236,2.82012,2.3640394,2.1367455,2.2956543,2.5921009,2.399421,2.379233,1.9080894,1.9687288,0.0,1.0749869,2.227148,2.139295,2.0995338,2.3351526,2.2576494,1.7093499,1.6285845,1.5152303,2.2485967,2.5782454,2.9089684,2.8063884,1.9927409,2.4875615,2.28176,2.51534,2.1679451,2.1817083,1.5713956,1.3625525,1.939977,1.1609865,2.7550507,2.7479093,2.3007479,2.0765522,1.7093141,2.4139585,2.347476,2.531191,2.4895957,2.5019894,2.6253695,2.6991327,2.847594,2.756464,2.459931,2.0946329,2.6696577,2.830126,1.2637814,1.7546263,1.2063047,1.7745105,2.6767995,2.6892214,3.1788018,2.4348714,1.9021277,1.4989127,1.954811,1.820954,2.8046825,1.6031789,1.7800745,1.6047796,1.6545589,1.9136587,2.3792913,2.1295333,2.688969,2.3888595,1.9914261,2.377718,2.9662757,3.021361,2.0769467,2.220757,1.3920652,1.8864,2.1327147,1.7973471,2.1978896,1.7874998,1.9543368,1.521038,1.3515189,1.427321,1.5568695,1.4692274,1.991693,2.015941,1.4046017,1.5307654,2.1894991,2.2780976,1.5069913,1.413657,2.1210933,2.0941133,2.3210893,2.1127536,2.0350358,1.9145737,1.4513286,2.3179462,1.3553213,1.6342121,1.8359678,1.5232588,1.7942322,1.8162346,2.6895792,2.2317204
23,2.0927014,1.8027095,2.624876,2.3203824,1.6045254,1.0280613,1.847454,2.114413,2.3569841,2.2216613,2.1183388,0.94105434,2.3398445,2.6249042,2.2014403,1.8957438,2.3169212,2.6024852,2.4558027,2.377985,1.7440685,1.6164192,1.0749869,0.0,2.056906,1.8990926,2.1864543,2.3405201,2.189087,1.5279981,1.4533235,1.0645324,1.8907583,2.6593363,2.8064392,2.7120214,2.0598743,2.6049693,2.3187454,2.5782578,1.9358981,1.9482937,1.6175921,1.5135803,1.6461562,1.4644804,2.6041257,2.595938,2.008139,1.8082846,1.882559,2.1097863,1.9744079,2.237983,2.243217,2.3594446,2.3459733,2.3602517,2.5653794,2.4454281,2.1496797,1.7683054,2.408882,2.6012545,1.4954276,1.7508886,1.1415503,1.9031361,2.516393,2.5322988,3.0935824,2.3695621,2.0729485,1.5960442,1.3667808,1.4546772,2.7746084,1.7433579,1.8426728,1.6921827,1.8150316,1.6295758,2.7033322,2.473347,2.6924276,2.644542,1.9102632,2.1841736,2.6848307,2.7628062,1.9705874,1.967236,1.4413123,1.912922,2.2088444,1.8980172,2.354715,1.8533614,2.1074655,1.5158625,1.8356622,2.0591588,1.8770604,1.7860903,1.9370359,1.9750482,1.5617336,1.7358437,2.270843,2.0456524,1.8813419,1.5253901,2.3190632,2.0001452,2.2257478,2.1634314,2.1665502,1.9918277,1.4355994,2.2866943,1.4486153,1.528371,1.8296385,1.4801363,1.7528847,1.9422331,2.5440674,2.0490189
24,3.2758296,2.8134751,3.6927724,3.4399447,2.5372355,2.2217822,2.9706445,3.0112467,3.5095122,3.3069403,3.3072112,2.2726877,3.5361526,3.7057447,3.4098387,3.023591,3.6034522,3.7934866,3.8312259,3.7011514,3.0748882,2.8389971,2.227148,2.056906,0.0,0.7213823,2.3864117,2.4305515,2.5109034,2.305083,2.490702,1.9524164,2.6044736,3.1804585,2.889727,2.643789,2.6597805,3.0729837,3.1637466,3.0478315,2.7926009,2.8009956,2.1305125,2.1125531,2.6662512,2.570028,3.9142768,3.8841717,2.5229902,2.50671,3.064796,2.7994523,2.5371044,2.7262168,2.873662,2.6323469,3.1101918,3.0980444,2.7378936,2.5653348,2.450434,1.9699755,2.1811182,2.483246,2.2641656,1.8255553,2.3583589,2.2106862,2.5463617,2.548073,2.6241736,2.6093192,2.3823197,2.123525,2.2749681,2.7433782,2.8270214,2.1386836,2.2338383,2.130044,2.7115998,2.8347557,3.4125624,3.1668797,3.7152858,3.6060486,3.2415457,3.5200968,2.3028903,2.3704996,2.6895435,2.4062982,2.5136158,2.624677,2.9859135,2.7220943,2.551268,2.3440938,2.6298318,1.9592499,2.1791136,2.5796673,2.3460724,2.4355743,2.5791526,2.5812876,2.051209,2.0953815,2.5023787,2.4912941,2.1954637,2.2442937,3.299509,2.9116368,2.6142006,2.458693,3.211764,3.0963,2.2176332,2.8286629,2.2990239,2.2218313,2.1027534,2.028889,2.7206135,2.502019,3.040765,2.7603304
25,3.1972554,2.6906092,3.5835752,3.3131194,2.4804702,2.1312218,2.8083906,2.8629186,3.3443933,3.1524255,3.2601867,2.1411352,3.3599176,3.5400863,3.2382216,2.8576818,3.4813826,3.6700687,3.6087403,3.5817022,2.9333544,2.6812007,2.139295,1.8990926,0.7213823,0.0,2.4601195,2.4664512,2.3618748,2.1598964,2.3160396,1.7541325,2.398606,2.974934,2.6620052,2.406512,2.5410967,2.9960628,3.0914984,2.986699,2.614638,2.6223528,2.2307804,2.0748549,2.5353866,2.5393405,3.7523897,3.7424893,2.4463232,2.2049298,2.9944706,2.7003212,2.338219,2.6530519,2.7934353,2.5551171,3.0042267,2.9815729,2.6257968,2.4419153,2.3497999,1.9028832,2.0715814,2.3831441,2.0384798,2.1023645,2.2480714,2.422726,2.6649709,2.6835847,2.7378836,2.532847,2.4607804,2.2257428,2.2010627,2.5473683,3.058211,2.428439,2.465686,2.4117827,2.6351638,2.674521,3.3509607,2.9648616,3.6006358,3.535917,3.1431406,3.3795857,2.506301,2.582631,2.5984962,2.541464,2.4250631,2.8102956,3.1701462,2.8681176,2.58399,2.3506248,2.5425503,1.8490638,2.056088,2.4890091,2.4725723,2.4394534,2.5418048,2.5455978,2.1606007,2.2068782,2.4226153,2.3036084,2.2352715,2.1753273,3.3999512,2.9624937,2.8751912,2.6173637,3.1653802,3.1217752,2.2208962,2.8033106,2.482634,2.2456965,2.343363,2.2377808,2.7838206,2.6395192,3.1172364,2.80054
26,3.4124935,3.2120419,3.2522686,2.8835018,1.6359155,2.0146544,3.0035079,3.5102146,3.005458,2.522994,2.2354436,2.2043872,3.5243604,3.7040112,2.4516234,3.1084948,2.53139,2.8522198,2.8261392,2.63818,1.9889714,1.9905958,2.0995338,2.1864543,2.3864117,2.4601195,0.0,1.1810498,1.777295,2.3273602,1.7233791,1.7570871,2.9284966,3.4100423,3.7260325,3.5415518,2.7269661,3.115359,3.2157702,3.0480049,2.7547965,2.7256851,1.7583574,1.7819393,2.4706001,2.2087126,3.0877502,3.0524254,3.3024838,3.1321979,3.0443554,3.431327,3.5166101,3.5009742,3.116291,2.4993134,2.726827,2.9347897,2.4548886,2.626615,3.2146142,2.8045583,3.0689466,2.7350988,2.2581463,2.2291942,2.4879272,2.3543334,2.761722,2.763163,3.3144267,2.7554362,1.8717014,2.0749605,2.422202,2.2790732,3.4126801,2.3225274,2.4551697,2.2667923,2.7274065,2.8599303,3.391698,3.2803628,2.4619467,2.2926555,3.0527318,3.3947506,3.44305,3.4995432,3.1618052,2.9128153,2.6606467,2.7046533,3.2184238,2.1985307,2.2779927,2.1331847,2.107311,1.4323155,2.0482128,2.1898339,1.8204837,1.9779892,2.22522,2.2527094,1.7422737,1.793611,2.4136038,2.531958,1.6966985,1.6231086,2.4078617,2.2285283,2.7125602,1.9717082,1.7774575,1.8680458,1.8586514,2.5439873,1.9028864,1.7963204,2.1208692,1.947423,1.3472309,1.2097975,1.9847381,1.637435
27,3.4032266,3.3112433,3.227506,2.920048,2.0120516,2.1038327,3.1793413,3.4190784,2.8494947,2.3677168,2.2020385,2.651173,3.524897,3.7403288,2.5103624,3.086245,2.6401844,2.8086824,2.7855806,2.5808148,1.8600471,1.8231157,2.3351526,2.3405201,2.4305515,2.4664512,1.1810498,0.0,1.1120449,2.1597703,1.6214852,1.7357119,2.9712238,3.1891305,3.473539,3.2185655,3.057344,3.3783183,3.4988723,3.289001,2.6529558,2.6240835,2.2654135,2.2124116,2.544449,2.7829857,3.1090438,3.0728283,3.5797603,3.3793654,3.415005,3.7043738,3.3705044,3.8314047,3.382071,2.645216,3.2313166,3.4249165,2.9452398,3.094052,3.5857966,3.202309,3.3863757,3.0884063,2.6434796,2.660611,2.6310742,2.7465065,3.0357182,3.039851,3.4003386,3.0538046,2.3517125,2.3617187,2.2820477,2.0752392,3.5970156,2.6724572,2.6923168,2.637826,3.0841558,2.9586987,3.450503,3.3965552,2.6012428,2.7085352,3.366527,3.5328484,3.6506412,3.7267652,3.095108,2.7903337,2.996373,3.0598288,3.5209646,2.7074435,2.6189866,2.4955103,2.3775027,1.8601432,2.1800869,2.315552,2.1462038,2.2548006,2.6177254,2.6184134,2.191197,2.1350915,2.4975903,2.2952824,1.4738084,1.7567807,2.7677696,2.2757378,3.0406208,2.4562047,2.1271749,2.3321579,2.2495286,2.873944,2.284694,1.9093654,2.4194992,2.2841175,1.6515657,1.6652395,1.8977852,1.5165083
28,2.9545095,2.76525,2.709283,2.3314526,1.889752,1.96067,3.1263587,2.8705084,2.2539465,2.1475606,2.0218496,2.4581866,3.1232684,3.3687658,2.2400236,2.643541,2.4689157,2.5450537,2.4109812,2.3228586,1.4904603,1.4092994,2.2576494,2.189087,2.5109034,2.3618748,1.777295,1.1120449,0.0,1.875204,1.3048683,1.4556412,2.4587476,2.65425,2.8672779,2.634491,2.6365497,3.0241349,3.1199806,2.9299622,2.1482015,2.1078916,2.3001976,2.1457586,2.35546,2.7306392,2.575205,2.5635784,3.2325485,3.0658875,3.0469682,3.2927842,2.8789527,3.457718,2.9654083,2.7542498,3.3124003,3.4706247,3.0920634,3.2015524,3.2422676,3.0611553,3.0339098,2.7275558,2.494012,2.8675704,2.5250633,2.936704,3.0772,3.0942912,3.4406748,2.964591,2.3513403,2.3895118,2.111939,1.7038724,3.5519955,2.8441892,2.7940855,2.8006537,2.9182122,2.693237,3.3404276,3.1830456,2.332255,2.4151235,3.0511901,3.1188276,3.6292627,3.7151375,2.6858199,2.6808584,2.8304234,3.1100442,3.682512,2.7887788,2.8161268,2.698839,2.4997888,2.0818722,2.3386538,2.4503865,2.522087,2.5160813,2.7779112,2.789351,2.5371666,2.4504614,2.6357257,2.2968051,1.8915138,2.0038092,2.849328,2.2654734,2.9242542,2.5660605,2.334748,2.354334,2.2343752,2.604371,2.380007,1.9042761,2.5871396,2.4600916,2.0392644,1.8187454,1.9804686,1.4972525
29,2.4639058,2.049265,3.055151,2.6984391,2.301935,1.7305182,2.489906,2.1633182,2.666103,2.6011193,2.4324193,1.7936144,2.391,2.6756911,2.4457338,1.8904885,2.6647363,2.8067496,2.706501,2.6442676,2.0003865,2.102325,1.7093499,1.5279981,2.305083,2.1598964,2.3273602,2.1597703,1.875204,0.0,1.156687,1.1593945,1.7496659,2.3341057,2.9068813,2.7919147,2.0225735,2.550521,2.726266,2.5293252,1.4166384,1.4222683,1.6600813,1.4368564,1.526259,2.2009633,3.0283065,3.026736,2.9768424,2.8430536,2.4377303,3.0363147,2.6621149,3.0772743,3.1054087,3.0747104,3.456513,3.5117748,3.2903664,3.1287,2.85678,2.6526158,2.6648128,2.964058,1.588931,2.0485914,1.5266252,2.0647292,2.5872715,2.6114159,3.353864,2.3423522,2.0212035,1.5712278,1.3203104,1.1646261,3.0375626,1.8441249,1.8307915,1.8178785,2.0832336,1.6545277,2.8597171,2.6639361,2.802222,2.8467402,2.1247747,2.262549,3.1676168,3.2440155,1.6383493,1.8078725,1.7898602,2.326594,2.940113,2.4611223,2.2458768,1.9969305,2.0985224,1.7543374,1.7433269,1.8253593,1.6220671,1.4909688,1.7586219,1.7662159,1.6609197,1.6624453,2.383788,1.852049,1.7745415,1.4098467,2.7993429,2.292994,2.711314,2.123728,2.4963388,2.4316995,2.1201067,2.6624494,1.9294287,1.2918077,1.674189,1.5338817,2.291117,2.1033394,2.3591614,1.9407051
30,2.3824124,2.1177733,2.4455805,2.0446374,1.629559,1.4678743,2.2581136,2.2967272,1.9436026,1.7837031,1.5527185,1.7336129,2.352166,2.5825222,1.8497014,1.8400686,1.892969,2.280774,2.047816,1.9230278,1.153596,1.2824231,1.6285845,1.4533235,2.490702,2.3160396,1.7233791,1.6214852,1.3048683,1.156687,0.0,0.8256415,1.7060351,2.1926,2.839775,2.6929057,1.9578091,2.447283,2.5813444,2.4626038,1.3590813,1.3283265,1.5230676,1.3586249,1.5040208,2.0437813,2.233725,2.2267232,2.8966625,2.8051302,2.350613,2.9562373,2.6060379,3.0719397,2.7393148,2.85547,2.9070888,3.0492985,2.767384,2.8145862,2.7908373,2.6486697,2.6806176,2.5598276,1.7019252,2.24465,1.8428798,2.2094812,2.6936703,2.7111773,3.3658268,2.485214,1.8548582,1.618937,1.4081944,0.8176267,3.2387562,2.1829658,2.12178,2.0938237,2.2353642,1.7858502,2.882609,2.678146,1.8930625,2.0304155,2.1668854,2.2638512,3.4177113,3.4921532,2.1723135,2.2967296,2.0558658,2.4818165,2.9780674,2.2346923,2.5453293,2.1880093,2.2244077,1.6993294,1.9365978,2.0150979,1.9153739,1.8428512,2.1547031,2.1786652,1.8445014,1.9452857,2.3433137,1.93433,1.6498216,1.4347194,2.3474653,1.7146193,2.5202012,2.0262358,1.9979901,1.9096153,1.8511946,2.32684,1.7464255,1.0847244,1.8440462,1.6721476,1.5929481,1.4787021,1.6795386,1.1646185
