,0,1,2,3,4,5,6,7,8,9,10,11,12,13,14,15,16,17,18,19,20,21,22,23,24,25,26,27,28,29,30,31,32,33,34,35,36,37,38,39,40,41,42,43,44,45,46,47,48,49,50,51,52,53,54,55,56,57,58,59,60,61,62,63,64,65,66,67,68,69,70,71,72,73,74,75,76,77,78,79,80,81,82,83,84,85,86,87,88,89,90,91,92,93,94,95,96,97,98,99,100,101,102,103,104,105,106,107,108,109,110,111,112,113,114,115,116,117,118,119,120,121,122,123,124,125,126,127
0,0.0,0.20462586,0.19664972,0.14817022,0.07169129,0.74330646,0.77972937,0.13661069,1.2104622,0.4907208,1.5518556,1.145778,0.64714706,0.5466637,0.9958893,1.1556696,1.4178238,0.53800863,0.44989675,0.96438366,0.48711178,0.50178206,0.49168527,0.4414315,1.1289344,1.1238544,0.44720662,0.46921656,1.592331,0.51072264,1.3904823,2.3303127,2.6602654,2.549072,2.9460092,3.1731417,2.5465446,2.7030284,2.616964,2.1759455,3.5950835,3.119217,2.6019225,2.3091571,2.373688,2.5652902,3.1321368,3.4708552,3.1243482,3.455262,3.3523252,3.0493493,2.9366672,3.303449,3.542713,3.1337342,3.2355301,2.9143682,2.3459556,2.5365443,2.3729565,2.4144268,2.7706637,2.329679,2.9930491,2.8455505,2.9852252,2.9153795,3.1524994,3.1441095,3.1986454,2.604779,2.9515932,3.0629582,3.5604386,3.2844172,2.820642,2.954896,2.8495793,3.3271706,3.8809006,3.5882819,3.792047,3.5385377,4.307123,4.669395,3.997075,4.079087,3.9560106,3.8850424,3.758611,3.750678,3.971914,3.8664575,4.100045,3.9948332,2.5311477,2.9826822,3.0125887,2.952474,2.9896157,3.000029,2.477885,2.5117683,2.590781,2.41734,2.740824,3.5526721,2.5782926,2.6157105,2.9377487,2.9234774,2.8092966,2.7924109,2.7984653,3.0554485,2.390631,2.7721758,3.0975392,2.9710724,2.4597511,2.8653333,2.8375723,3.0654948,3.4375608,3.2818377,2.7218795,3.0996513
1,0.20462586,0.0,0.24933158,0.23350097,0.20037292,0.7577515,0.7559271,0.24175371,1.2426889,0.5744972,1.6099342,1.2228186,0.69357777,0.60891455,1.0481008,1.2323616,1.3630611,0.60079837,0.491219,0.9337055,0.542518,0.55619174,0.5366751,0.49137884,1.2065604,1.2016288,0.541666,0.5773659,1.5741847,0.5568383,1.4298224,2.3821766,2.6212373,2.5109434,2.9966156,3.1818287,2.604793,2.6906867,2.6189873,2.1934426,3.615308,3.117951,2.6132984,2.3436964,2.3908021,2.572323,3.1272233,3.4549181,3.1254752,3.4926395,3.3686185,3.039426,2.9188955,3.289241,3.5510786,3.0965602,3.170652,2.9012043,2.3365304,2.5169728,2.3429132,2.439403,2.7527113,2.2977645,2.9658158,2.8168514,2.9659493,2.9027102,3.1123965,3.118956,3.2307,2.5822356,2.9734664,3.0615294,3.5324671,3.2913432,2.8613648,2.9883664,2.854822,3.342287,3.8967223,3.593108,3.816288,3.5284817,4.343846,4.7011094,4.0149603,4.082697,3.9425595,3.8712342,3.7644024,3.7573466,3.9382873,3.8386533,4.064172,3.9629147,2.5305958,2.9994025,2.9822183,2.9464595,3.0423703,3.001602,2.4197898,2.5306497,2.607163,2.4537508,2.761954,3.531552,2.606466,2.6447916,2.9628913,2.948527,2.7966616,2.7885153,2.7320304,2.978245,2.3784075,2.7800987,3.129224,3.0071173,2.467068,2.8956015,2.8556426,3.080505,3.4459915,3.2917924,2.7155595,3.096897
2,0.19664972,0.24933158,0.0,0.079959504,0.15463725,0.71130633,0.6648713,0.15595873,1.224503,0.40658844,1.5032481,1.0473223,0.5893139,0.42634913,0.9058342,1.0656382,1.3794796,0.49111512,0.40788516,0.8512783,0.48386875,0.5036882,0.457153,0.44775966,1.0295573,1.0226979,0.4155154,0.40994424,1.5361166,0.464912,1.2948068,2.2377243,2.6285024,2.516774,2.9323106,3.11238,2.5144532,2.6694427,2.5438216,2.0672727,3.6047988,3.068966,2.5111878,2.2277906,2.3636014,2.5651596,3.0802402,3.4609628,3.0468984,3.41154,3.2934072,2.9687226,2.871084,3.23335,3.4972749,3.1213772,3.1687822,2.869487,2.2464154,2.4319284,2.282175,2.3959115,2.6905982,2.2416623,2.9243202,2.760044,2.910213,2.8571823,3.0794954,3.0767028,3.1320193,2.5369964,2.8745074,3.0122006,3.5132048,3.2729077,2.8507855,2.9755375,2.8075902,3.279568,3.860763,3.59514,3.746546,3.5435903,4.261166,4.615054,3.9436963,4.0504274,3.8908057,3.8315723,3.707262,3.6998062,3.9412696,3.7967322,4.06387,3.9611943,2.4712894,2.9383914,3.0076447,2.9182785,2.91469,2.8997416,2.3962889,2.4502182,2.5529258,2.445358,2.7417052,3.5497046,2.5407298,2.577749,2.9249606,2.9046896,2.75249,2.7267466,2.772332,3.067068,2.3856285,2.7140753,3.0480907,2.9097617,2.4150748,2.8244867,2.787103,3.0440211,3.4501097,3.2478466,2.665659,3.0711486
3,0.14817022,0.23350097,0.079959504,0.0,0.12511756,0.70503205,0.68038017,0.1420223,1.2202274,0.42498627,1.5132138,1.0709283,0.58660376,0.45648885,0.91718894,1.0856309,1.4164672,0.5237995,0.4274822,0.8812537,0.50263834,0.5205425,0.48341438,0.46401426,1.0500649,1.0443176,0.41693148,0.41900235,1.5792775,0.49299628,1.3178109,2.2583447,2.6460598,2.534745,2.9437597,3.148291,2.5301354,2.6817753,2.5745742,2.1085434,3.5977254,3.0762486,2.5439801,2.2467494,2.3551521,2.570874,3.1031048,3.4720604,3.0830898,3.429341,3.3207643,3.0048676,2.9041562,3.266405,3.5234952,3.1403878,3.2091742,2.8959866,2.292574,2.4817362,2.3297138,2.4276397,2.7303133,2.2843435,2.927527,2.775426,2.9215834,2.8703291,3.095862,3.0931497,3.1403062,2.5493565,2.9035254,3.0281806,3.531314,3.2875965,2.8373933,2.9637496,2.8145108,3.2944179,3.8697755,3.5958211,3.7597122,3.5397677,4.2802687,4.628696,3.976402,4.0719895,3.9095116,3.8478796,3.7215548,3.713722,3.9433627,3.811452,4.0720434,3.9677753,2.4769313,2.9453578,3.0154035,2.9218135,2.9298787,2.9380448,2.416316,2.459553,2.5537739,2.4330413,2.7356515,3.5568812,2.5388591,2.57625,2.9167128,2.8986576,2.7690983,2.745179,2.7878745,3.0665448,2.3838248,2.742346,3.0730693,2.9381943,2.4244416,2.8359232,2.7993472,3.0491002,3.447887,3.2557852,2.6763704,3.077574
4,0.07169129,0.20037292,0.15463725,0.12511756,0.0,0.7245992,0.7511734,0.10343445,1.1967968,0.4632712,1.5267189,1.118328,0.6285102,0.51148427,0.9685866,1.1318756,1.3907949,0.5220612,0.44518864,0.9422248,0.489088,0.50447786,0.48110923,0.4420698,1.1049786,1.0990927,0.4475144,0.4649819,1.5624374,0.4813127,1.380823,2.3216822,2.672815,2.5617623,2.956209,3.1688485,2.5557485,2.7065012,2.6147273,2.156346,3.6024075,3.1141613,2.583332,2.303123,2.3682463,2.5554461,3.1105373,3.461063,3.1166623,3.4476247,3.332533,3.0316947,2.9221556,3.2815595,3.5251508,3.1219916,3.2165399,2.906759,2.3225803,2.5086799,2.3521,2.4052062,2.7572708,2.302971,2.9875255,2.8315744,2.9781206,2.9132237,3.1452603,3.1365573,3.1970413,2.6013165,2.9368582,3.0545578,3.5603423,3.2788615,2.8428497,2.9736774,2.8474822,3.3271737,3.8782616,3.5901203,3.7872906,3.5377383,4.3048596,4.667695,3.9816241,4.07197,3.9482267,3.8797786,3.752495,3.7448118,3.9704273,3.8530965,4.100899,3.996635,2.530561,2.9864776,3.027114,2.9609694,2.9829931,2.973425,2.4663785,2.5155857,2.6029863,2.433972,2.7494137,3.5540388,2.5855334,2.623095,2.9579568,2.9321835,2.8022182,2.7893846,2.8077385,3.0711694,2.416095,2.7671454,3.1017666,2.9698892,2.4630167,2.8630073,2.8431523,3.071716,3.461444,3.283834,2.7182484,3.1124172
5,0.74330646,0.7577515,0.71130633,0.70503205,0.7245992,0.0,0.9986252,0.72095126,1.421843,0.84674996,1.7179123,1.3607678,0.43905252,0.89122367,0.60911226,1.3730688,1.5822159,0.9313819,0.81660557,1.157159,0.9082373,0.91685134,0.88125414,0.8894773,1.3208771,1.316978,0.8783097,0.8802896,1.720916,0.8863194,1.543006,2.4540694,2.6884,2.6100328,3.0094361,3.2033103,2.8539543,2.7092788,2.6214273,2.114806,3.4712026,2.9451206,2.3565547,2.0504553,2.1250198,2.3287785,2.9402373,3.3153825,3.2008429,3.5337374,3.4013455,3.0789695,3.1587365,3.3634703,3.7464924,3.3579862,3.43853,3.1486294,2.4332187,2.6261861,2.4549637,2.5226598,2.8587122,2.186407,2.921126,2.7714121,2.9306684,3.2297542,3.0677667,3.085614,3.1245337,2.4892843,2.870797,3.0012422,3.518361,3.2473292,2.8067305,2.936737,2.7864535,3.2653534,3.8535569,3.72264,3.7907965,3.5193284,4.344891,4.662274,4.0876427,4.176519,3.9227955,3.8738472,3.7391229,3.732019,3.9850707,3.8594382,4.074175,3.9849231,2.3924742,3.0155473,3.1270056,3.0750058,2.9572756,2.9630136,2.3732708,2.6647377,2.7221613,2.58832,2.809644,3.6652408,2.6875958,2.7425208,3.0818522,3.0644488,2.9436269,2.746852,2.9338005,3.3534923,2.5775182,2.9058456,3.1775374,2.987991,2.6077683,3.0169752,2.8391995,3.1939745,3.5798619,3.359325,2.7446544,3.1819696
6,0.77972937,0.7559271,0.6648713,0.68038017,0.7511734,0.9986252,0.0,0.68655026,1.3330314,0.87797666,1.6627934,1.3221889,0.9654208,0.8124516,1.1753521,1.3675536,1.5614163,0.7793011,0.7871668,0.4714236,0.86317307,0.87034357,0.80945265,0.86086315,1.2643895,1.258751,0.8845425,0.8520865,1.7460829,0.8398325,1.1159574,2.158585,2.776989,2.6736279,3.2864184,3.2454038,2.6570995,2.7950184,2.7141802,2.2535727,3.950397,3.1747975,2.682976,2.3895993,2.4504974,2.6182845,3.1705806,3.766514,3.0258582,3.3403852,3.2573256,2.9478128,2.8578987,3.2015893,3.45714,3.0571444,3.372035,3.0464375,2.4764175,2.6405303,2.4737313,2.8117385,2.868533,2.4438558,2.9133348,2.7475636,2.897346,2.880742,3.066938,3.0433073,3.0906823,2.4443781,2.9726694,3.0870876,3.6179783,3.5683744,3.2063355,3.2996197,2.9288547,3.3650224,3.8440123,3.576818,3.7572303,3.4843023,4.2983294,4.6184773,3.9555387,4.0592327,3.9307451,3.873744,3.7268746,3.7210476,4.018182,3.795508,4.1312237,4.026765,2.5867946,2.992879,3.1299183,3.0456436,3.029921,3.0489886,2.3738897,2.5841355,2.6911888,2.8470333,3.0800183,3.84858,2.7226107,2.7579856,3.0666828,2.9663575,2.9091213,2.8791883,2.9280887,3.2250023,2.5294356,2.8879735,3.1688607,3.0334384,2.5963986,2.940431,2.936348,3.1749008,3.769806,3.344284,2.7962697,3.1832986
7,0.13661069,0.24175371,0.15595873,0.1420223,0.10343445,0.72095126,0.68655026,0.0,1.1625413,0.49975318,1.524972,1.1431347,0.6395493,0.52151173,0.9698357,1.1544732,1.3859847,0.47533926,0.4244517,0.87399054,0.44891807,0.46178058,0.44561452,0.4170233,1.1267285,1.1200713,0.4869754,0.4859944,1.571133,0.4971304,1.344545,2.2958915,2.6716514,2.5623667,2.964435,3.161565,2.5486412,2.714015,2.6147676,2.1519527,3.615679,3.0987432,2.5713456,2.2930944,2.368824,2.520889,3.0892003,3.4763618,3.0953207,3.406004,3.3020425,3.0073187,2.9003978,3.2487516,3.4908965,3.09083,3.2358866,2.9159505,2.3310897,2.5103154,2.3620026,2.4378757,2.762419,2.3196175,2.9730725,2.8123956,2.956259,2.899901,3.1257405,3.1089375,3.1569352,2.5760264,2.9058297,3.02905,3.5455546,3.276427,2.8619215,2.9820697,2.8332858,3.3049304,3.8540738,3.5704029,3.7569108,3.5142322,4.279236,4.6286783,3.943321,4.0414367,3.9332592,3.86259,3.7283478,3.7211027,3.9714587,3.8434334,4.0948973,3.9909177,2.5131931,2.9600992,3.0108418,2.9591591,2.955512,2.9522214,2.4356272,2.500585,2.5946944,2.4647205,2.7631164,3.5789688,2.5815375,2.6183255,2.9509058,2.9265409,2.7959135,2.772576,2.7970533,3.0789611,2.3961735,2.7506459,3.0787978,2.9438446,2.4526513,2.8402197,2.8255992,3.053865,3.4765189,3.259132,2.7008123,3.0964284
8,1.2104622,1.2426889,1.224503,1.2202274,1.1967968,1.421843,1.3330314,1.1625413,0.0,1.3159221,1.0107484,1.639096,1.4198251,1.2635309,1.6205212,1.5757911,1.762819,1.2675142,1.2473304,1.4429634,1.2668829,1.2665875,1.1940533,1.21564,1.5771015,1.5720285,1.4814962,1.4719034,1.9799411,1.299019,1.7395968,2.4877408,2.960883,2.856136,3.139667,3.388282,2.756081,2.9727504,2.9644678,2.509568,3.1685808,2.511144,2.81441,2.5817475,2.1335793,1.8742539,2.498964,2.967951,3.2395327,2.8157904,2.650819,2.8351674,2.7390916,2.6302378,2.887653,2.4724252,3.3973968,3.1300983,2.5544708,2.7054055,2.617063,2.7130454,2.989786,2.619445,2.7871146,2.5726476,2.7233598,2.6117053,2.9291523,2.9048789,2.9782755,2.3792834,2.5965004,2.8243184,3.4040873,2.747228,2.7488613,2.851296,2.656205,3.129879,3.6776621,3.387268,3.511507,3.3519735,4.099381,4.393833,3.7029538,3.8448331,3.6963408,3.610207,3.4700394,3.464199,3.789211,3.6201832,3.9295335,3.8098264,2.2456806,2.7440584,2.832464,2.713516,2.6449113,2.6651478,2.183994,2.2494924,2.2201014,2.1601145,2.4958985,3.350606,2.3237388,2.3554714,2.7054956,2.6643972,2.4867902,2.5023549,2.6100738,2.90143,2.1585715,2.478862,2.8580573,2.712041,2.1504567,2.621696,2.556891,2.436797,3.3162715,3.0247102,2.3847053,2.8646028
9,0.4907208,0.5744972,0.40658844,0.42498627,0.4632712,0.84674996,0.87797666,0.49975318,1.3159221,0.0,1.3250475,0.7002096,0.62080187,0.2659659,0.8127931,0.7232957,1.4620327,0.65953374,0.5764815,1.0365247,0.7037571,0.7256511,0.6461124,0.654597,0.6868968,0.67968446,0.4137944,0.37691435,1.5023397,0.47911757,1.2296286,2.0499873,2.618969,2.505235,2.7765486,2.9885619,2.3776214,2.5280833,2.4063501,1.8943151,3.516147,3.0011487,2.3891416,2.0843852,2.241206,2.629483,3.012266,3.3724208,2.9455404,3.3439584,3.216522,2.8794394,2.8092828,3.183806,3.4408028,3.1887026,3.1097875,2.8128574,2.0826938,2.2861154,2.1347673,2.2118106,2.5648592,2.1061795,2.8235888,2.656476,2.8016472,2.7528374,2.989596,2.9803305,3.0809355,2.4775999,2.7583957,2.8971422,3.4550402,3.1832063,2.7041278,2.8469374,2.6928139,3.2082934,3.7790527,3.5126636,3.6194592,3.4873123,4.136406,4.5497413,3.8888192,3.9838452,3.754878,3.7128372,3.5781963,3.5694416,3.8076913,3.6619117,3.9477847,3.8456845,2.3969169,2.8681664,3.056737,2.8389273,2.8661292,2.8375368,2.4302938,2.3453543,2.4644659,2.3015184,2.6043136,3.4439378,2.3965075,2.4363909,2.8184762,2.7390652,2.6489167,2.632822,2.823902,3.0826263,2.4223905,2.6066847,2.972968,2.8222861,2.2927773,2.670795,2.6845577,2.9653206,3.350795,3.1983116,2.5969338,3.0031507
10,1.5518556,1.6099342,1.5032481,1.5132138,1.5267189,1.7179123,1.6627934,1.524972,1.0107484,1.3250475,0.0,1.1684369,1.6101276,1.2903414,1.618575,1.1223794,2.0084386,1.5703794,1.5468156,1.7697682,1.6194724,1.6281954,1.5185928,1.5608257,1.1501911,1.1443619,1.6322881,1.5948242,2.131577,1.5153286,1.719371,2.2409751,3.044683,2.934125,2.9720037,3.2612307,2.6002586,2.8225799,2.7669156,2.273494,3.0311084,2.339018,2.6169724,2.3440423,1.9854839,2.2510238,2.3689365,2.8002343,3.1330812,2.7849243,2.5679908,2.7187953,2.6885314,2.5822575,2.847212,2.8108563,3.2124968,2.990822,2.298709,2.4574802,2.3828988,2.5132563,2.7725518,2.416436,2.5623643,2.3789496,2.509286,2.3767223,2.7878995,2.772655,2.9035373,2.2533393,2.4633086,2.7488933,3.3417659,2.6584218,2.5807145,2.7185645,2.5302901,3.04835,3.7185915,3.5024009,3.4236722,3.523988,3.9820962,4.370429,3.821478,3.9815252,3.5060043,3.4943964,3.3491192,3.341683,3.6493547,3.3985174,3.8535767,3.7416935,2.0436182,2.6051545,3.0886126,2.526134,2.4222236,2.446406,2.3189578,1.9243815,1.9722186,1.8615905,2.1789029,3.1073415,1.9251338,1.9606252,2.4653852,2.3675597,2.1995583,2.2492108,2.7611215,3.0269806,2.329845,2.2767735,2.6911938,2.5023263,1.8527266,2.435066,2.301368,2.262405,3.1516056,2.8790183,2.1602542,2.7219338
11,1.145778,1.2228186,1.0473223,1.0709283,1.118328,1.3607678,1.3221889,1.1431347,1.639096,0.7002096,1.1684369,0.0,1.147035,0.7343848,1.0849617,0.3689353,1.7770663,1.1546669,1.1434032,1.438915,1.2286404,1.2457901,1.1658177,1.1969184,0.36310524,0.34312034,0.98501164,0.9187519,1.821887,1.0594642,1.3494956,1.9884343,2.8415108,2.7265399,2.7899654,3.0311086,2.3589036,2.5905685,2.402325,1.8624083,3.546279,2.9965427,2.3648968,2.0443923,2.3054585,2.8923383,3.0153124,3.3953586,2.981975,3.3737984,3.2334993,2.9083307,2.864678,3.2143433,3.4532762,3.4216938,3.059951,2.778211,2.0451155,2.2271435,2.110815,2.231044,2.537032,2.1275835,2.7970245,2.6532683,2.7705812,2.6793394,3.0213287,3.0013437,3.0886147,2.4922335,2.7740774,2.9711676,3.5192637,3.2372582,2.7558632,2.895399,2.7415545,3.2471538,3.9131124,3.7072103,3.6571677,3.7143962,4.1428366,4.575037,4.0354505,4.1735816,3.7472336,3.7546349,3.6068408,3.5981588,3.8644066,3.6365786,4.044559,3.949732,2.3716009,2.8432858,3.3205645,2.8217425,2.737243,2.7411435,2.6150415,2.209898,2.3976152,2.2611322,2.5113282,3.3976898,2.2208042,2.2575548,2.7475283,2.6500483,2.5544548,2.5572546,3.0055354,3.2710524,2.6137834,2.5602627,2.9240432,2.7446384,2.2025065,2.6452231,2.6022813,2.9289863,3.351645,3.1331334,2.5184224,2.9854863
12,0.64714706,0.69357777,0.5893139,0.58660376,0.6285102,0.43905252,0.9654208,0.6395493,1.4198251,0.62080187,1.6101276,1.147035,0.0,0.62218994,0.43937606,1.0811715,1.4656397,0.81177527,0.6748801,1.0974368,0.8273772,0.84475297,0.77652067,0.80137026,1.0764351,1.0738536,0.6321802,0.6280587,1.6488887,0.72303855,1.4295785,2.1575255,2.6154544,2.5235093,2.8441427,3.0815487,2.6690586,2.578325,2.4446993,1.8827859,3.4295783,2.9095957,2.2474136,1.9109132,2.1743522,2.4804308,2.910354,3.2654705,3.0580587,3.4784966,3.3055427,2.9621973,2.9964263,3.2602081,3.6329687,3.3613298,3.355159,3.1157231,2.226008,2.4190006,2.3484466,2.4231255,2.7311022,2.1994758,2.8159776,2.6461341,2.813465,3.0004926,2.9821868,3.0083938,3.098133,2.5773609,2.7276506,2.8679545,3.4597838,3.1736972,2.6603951,2.7944696,2.6598988,3.172463,3.721826,3.5284574,3.6023924,3.4884865,4.1828456,4.5165215,3.9323595,4.0255575,3.7593727,3.704933,3.565167,3.5560987,3.8301826,3.7055335,3.9129744,3.8109453,2.3451464,2.9521484,3.0559537,2.956804,2.8979914,2.8892891,2.371907,2.5065672,2.5828488,2.4436677,2.720801,3.5269682,2.543233,2.591785,2.95755,2.9624476,2.7852225,2.6402922,2.8260624,3.1847692,2.470819,2.777683,3.1006122,2.9174378,2.4494839,2.793094,2.7489526,3.0879488,3.458625,3.2942576,2.6614118,3.116546
13,0.5466637,0.60891455,0.42634913,0.45648885,0.51148427,0.89122367,0.8124516,0.52151173,1.2635309,0.2659659,1.2903414,0.7343848,0.62218994,0.0,0.79624116,0.6778796,1.311333,0.58499724,0.5399529,0.9392475,0.67460614,0.69614834,0.5909029,0.63228464,0.67994994,0.67245376,0.44615832,0.39390838,1.553268,0.5100068,1.1897472,1.9910625,2.6795247,2.5632756,2.8114848,3.0340261,2.4452062,2.5702865,2.4286444,1.86364,3.5321286,2.9591312,2.3744912,2.0724924,2.270501,2.6248267,2.91775,3.3415296,2.9520051,3.340469,3.157897,2.8617494,2.776948,3.100307,3.3883798,3.1806126,3.0694559,2.8451877,2.0819323,2.265966,2.1876476,2.3149598,2.6092868,2.2020147,2.7775352,2.5813656,2.7375934,2.6561277,2.9509716,2.945462,3.096443,2.494022,2.6868284,2.8545382,3.4491885,3.1700227,2.7162397,2.8262897,2.6493762,3.177201,3.7835443,3.49888,3.5816398,3.5159993,4.137876,4.4884534,3.8700416,3.9817665,3.7433488,3.690399,3.5512176,3.5429735,3.8273988,3.6607957,3.9454415,3.8377838,2.3570015,2.84335,3.0448027,2.8282316,2.836098,2.7830548,2.3832052,2.2826192,2.4073017,2.339165,2.6245055,3.415001,2.3337412,2.3700023,2.8042808,2.7672594,2.5756347,2.5610487,2.738151,2.996427,2.3813114,2.5725427,2.9809325,2.8215792,2.2361012,2.6164985,2.6594148,2.9151773,3.371961,3.162157,2.5359354,2.989821
14,0.9958893,1.0481008,0.9058342,0.91718894,0.9685866,0.60911226,1.1753521,0.9698357,1.6205212,0.8127931,1.618575,1.0849617,0.43937606,0.79624116,0.0,1.0218911,1.5879036,1.0392892,0.9628736,1.275587,1.0877762,1.1014885,1.0346338,1.0780929,1.0351137,1.030997,0.9112304,0.87066936,1.7832333,0.9874121,1.4668452,2.1200557,2.7010937,2.6213346,2.7934127,3.0574439,2.7501698,2.5582676,2.3977726,1.759706,3.4047248,2.8538008,2.0614004,1.7052363,2.089526,2.5226786,2.807422,3.224475,3.0520961,3.50507,3.3139832,2.9461548,3.0755432,3.2803257,3.6921885,3.5492537,3.371119,3.151951,2.2018075,2.3838053,2.344885,2.4377625,2.7286532,2.1379428,2.7344804,2.5664756,2.7261732,3.0543013,2.9202833,2.935801,3.0409408,2.5270324,2.6334448,2.7979784,3.4392083,3.1636314,2.636058,2.747675,2.5882394,3.1283145,3.759404,3.6336777,3.5759888,3.549708,4.1774545,4.4828887,3.999531,4.1051097,3.7371101,3.7048864,3.542671,3.5344539,3.8535707,3.6958897,3.9280653,3.8388453,2.2529047,2.928096,3.2059698,3.004222,2.8453624,2.818841,2.3960354,2.4835064,2.613852,2.5135052,2.7020767,3.5512152,2.481171,2.5357635,2.9711607,2.980479,2.7697597,2.5520458,2.9390442,3.3495693,2.605468,2.7720175,3.1026947,2.8746748,2.4329784,2.7740552,2.6933165,3.11164,3.5103557,3.2553127,2.613256,3.1184893
15,1.1556696,1.2323616,1.0656382,1.0856309,1.1318756,1.3730688,1.3675536,1.1544732,1.5757911,0.7232957,1.1223794,0.3689353,1.0811715,0.6778796,1.0218911,0.0,1.6572287,1.139596,1.124064,1.4537251,1.2273109,1.2449212,1.1542419,1.1932539,0.39711413,0.3855197,0.97786486,0.914802,1.8389732,1.0582904,1.3713537,1.8278012,2.7882044,2.672318,2.631736,2.985272,2.372575,2.51637,2.3363984,1.7316161,3.3922799,2.8585958,2.2776594,1.9342376,2.2574284,2.8441024,2.8447807,3.2179737,2.9261572,3.3124287,3.102638,2.8093824,2.7797315,3.0789056,3.3522384,3.395774,3.0375051,2.8519258,1.9592246,2.1383615,2.1428692,2.2459505,2.536795,2.2176826,2.6448474,2.4764214,2.6041985,2.4924104,2.8830283,2.8741639,3.0568023,2.5278275,2.5662975,2.7700114,3.416042,3.062534,2.5445762,2.6679695,2.548448,3.1218438,3.791255,3.5287237,3.465601,3.6289349,4.0231404,4.4085507,3.9101367,4.032729,3.5990725,3.5833583,3.429579,3.4200735,3.7106156,3.5164382,3.8616972,3.758987,2.24492,2.7802842,3.2098207,2.7283876,2.7141767,2.671335,2.5216172,2.0702586,2.2641904,2.1319892,2.4045327,3.242893,2.064145,2.0993998,2.6389952,2.6076317,2.3815854,2.3938515,2.8353114,3.0602627,2.4579308,2.4442487,2.8811584,2.6903281,2.0267906,2.4239573,2.4951324,2.776854,3.2339432,3.0478318,2.3998594,2.903152
16,1.4178238,1.3630611,1.3794796,1.4164672,1.3907949,1.5822159,1.5614163,1.3859847,1.762819,1.4620327,2.0084386,1.7770663,1.4656397,1.311333,1.5879036,1.6572287,0.0,1.1789899,1.2498956,1.4560746,1.3044763,1.3074542,1.2396684,1.2789928,1.667854,1.6635258,1.3789445,1.3939708,2.0039356,1.3313161,1.7205089,2.4952357,3.0151043,2.9165437,3.3107395,3.34173,3.268899,2.9934433,2.861181,2.3878188,3.9805028,3.3559444,2.8149302,2.5787675,2.6829097,2.7789764,2.7473826,3.2894628,3.2770758,3.8541777,3.4060445,3.2024326,3.1195276,3.2497709,3.6601634,3.3925683,3.081363,3.3378916,2.6297357,2.7613707,2.657077,2.7295196,3.1032884,2.6971428,3.3726923,3.0856206,3.251684,3.1380484,3.3617573,3.3675618,3.9657884,2.8835437,2.9639254,3.1908705,3.735042,3.4152148,3.0766847,3.1716342,3.1055725,3.47725,3.8788743,3.5663385,3.8071823,3.6687324,4.3482347,4.721843,4.0542,4.145266,4.045452,3.9047322,3.8011656,3.7980185,4.2313843,4.09645,4.1942644,4.0711617,2.896337,3.2739847,3.3098931,3.327593,3.5835793,3.2691028,2.8735428,2.9391341,2.8839617,2.9310281,3.1687126,3.3756826,2.9178698,2.955607,3.3614907,3.3335395,2.9178817,2.857268,2.6524925,2.8885412,2.7135317,2.990883,3.2688413,3.120948,2.7589362,3.0505488,3.1244397,3.306174,3.7478154,3.6213555,3.0316627,3.3635247
17,0.53800863,0.60079837,0.49111512,0.5237995,0.5220612,0.9313819,0.7793011,0.47533926,1.2675142,0.65953374,1.5703794,1.1546669,0.81177527,0.58499724,1.0392892,1.139596,1.1789899,0.0,0.35085204,0.74864006,0.30065122,0.30832055,0.27831978,0.3087402,1.0871723,1.08094,0.5469141,0.5057404,1.6181239,0.54156095,1.1402199,2.1467454,2.735359,2.628666,2.9666524,3.0939145,2.5177927,2.684572,2.540444,2.031153,3.7526374,3.1263752,2.5091577,2.2256799,2.4193783,2.5489235,3.0076199,3.51752,2.9740918,3.3718414,3.2044373,2.9462903,2.8937876,3.160099,3.477233,3.164235,3.2431269,2.9871397,2.3220456,2.4757118,2.3596888,2.4552803,2.7992976,2.3890588,3.0823402,2.833367,2.943306,2.8766556,3.1406553,3.1005921,3.2413225,2.5624263,2.8228292,3.0325282,3.5953007,3.3302376,2.8848562,2.986773,2.8667407,3.3046,3.8130188,3.5216463,3.6825912,3.5317042,4.2305527,4.5569224,3.8896573,4.0195317,3.917443,3.8362458,3.683091,3.6771631,4.092716,3.9307406,4.1087136,4.008091,2.5535314,3.0153644,3.0577843,3.045885,2.9677944,2.9832618,2.5126307,2.5083725,2.5404174,2.5853033,2.897228,3.6393409,2.5311248,2.5675333,2.9592447,2.9331555,2.8297057,2.7123241,2.751305,3.0857563,2.3795602,2.6888227,3.0013945,2.8412557,2.4344883,2.8022404,2.7832606,3.0240605,3.4927807,3.2691898,2.7109835,3.0730631
18,0.44989675,0.491219,0.40788516,0.4274822,0.44518864,0.81660557,0.7871668,0.4244517,1.2473304,0.5764815,1.5468156,1.1434032,0.6748801,0.5399529,0.9628736,1.124064,1.2498956,0.35085204,0.0,0.7451241,0.2993386,0.3239756,0.1998659,0.2425351,1.0465637,1.0437411,0.4673387,0.45715895,1.5661145,0.5000218,1.1567755,2.1148946,2.6292894,2.5202703,2.9775784,3.0393186,2.4372697,2.5604987,2.4313803,1.9487847,3.6397395,2.988134,2.415667,2.1193852,2.2725942,2.4684386,2.9633813,3.413448,2.9545617,3.332046,3.208309,2.9525044,2.8539886,3.1039975,3.4811192,3.1277037,3.2646635,2.99883,2.238597,2.4090397,2.2540348,2.3725023,2.7073078,2.2707345,2.978492,2.7281592,2.8401468,2.8350995,3.013546,3.000527,3.170768,2.4723165,2.7888653,2.9610138,3.4961557,3.2452383,2.7498026,2.8745887,2.7633781,3.226498,3.7235045,3.4426844,3.6315558,3.4645507,4.2000957,4.5652575,3.883115,3.9800537,3.8043685,3.7325234,3.6030335,3.595919,3.9575815,3.831015,3.9723566,3.8650172,2.4633033,2.891199,2.9222853,2.937355,2.916489,2.9731383,2.3974059,2.4559674,2.4271922,2.4641256,2.7643359,3.5836413,2.47034,2.510268,2.8502357,2.8195343,2.8179653,2.6482935,2.6753867,3.007707,2.3056564,2.647585,2.9731026,2.8331008,2.378311,2.7845633,2.699215,2.9582794,3.3691494,3.2746487,2.655398,2.9878316
19,0.96438366,0.9337055,0.8512783,0.8812537,0.9422248,1.157159,0.4714236,0.87399054,1.4429634,1.0365247,1.7697682,1.438915,1.0974368,0.9392475,1.275587,1.4537251,1.4560746,0.74864006,0.7451241,0.0,0.8136664,0.81900764,0.74732983,0.8264817,1.3400526,1.335925,0.9889005,0.94831836,1.7562057,0.93157864,0.9466203,2.0060036,2.7186549,2.617231,3.316306,3.1052797,2.5503798,2.656939,2.550306,2.0733097,4.0336394,3.1166084,2.5499456,2.270669,2.4349036,2.579042,3.0757866,3.750859,2.8523607,3.23058,3.1398287,2.8561823,2.7757058,3.0205326,3.411074,3.0546494,3.415933,3.1430542,2.3942199,2.5331933,2.3879588,2.794742,2.8217597,2.4437046,2.9443285,2.6773438,2.7811668,2.8141763,2.9532838,2.917271,3.0989177,2.3975248,2.8659062,3.020144,3.5789285,3.5490758,3.1441019,3.2413275,2.8791394,3.3180618,3.7367392,3.4430826,3.6620355,3.4707303,4.260322,4.59915,3.889894,3.9917638,3.8442578,3.78224,3.6359127,3.6316612,4.0496883,3.8365622,4.038868,3.9381626,2.5929134,2.9666526,3.0363147,3.086564,3.0480402,3.100806,2.337332,2.5774412,2.6071012,2.9182959,3.1333303,3.9142804,2.6777904,2.7143643,3.0266054,2.9537585,2.9740105,2.7997952,2.8177357,3.1627526,2.4434469,2.802141,3.077998,2.9330907,2.5571167,2.911426,2.8568907,3.1058743,3.7196822,3.3672688,2.7947576,3.1086202
20,0.48711178,0.542518,0.48386875,0.50263834,0.489088,0.9082373,0.86317307,0.44891807,1.2668829,0.7037571,1.6194724,1.2286404,0.8273772,0.67460614,1.0877762,1.2273109,1.3044763,0.30065122,0.2993386,0.8136664,0.0,0.037922595,0.1826106,0.12649679,1.1971359,1.1906086,0.6077897,0.57779115,1.6369835,0.63806033,1.2792262,2.2568624,2.681813,2.5737872,2.9742804,3.0962167,2.4432006,2.6539555,2.5079756,2.029595,3.6845977,3.0813527,2.4725537,2.2112434,2.4102087,2.517016,3.0531998,3.4928212,3.0220428,3.3642428,3.2674296,3.0069304,2.9028852,3.164331,3.503969,3.1482832,3.2768304,2.9728413,2.299656,2.4426007,2.328106,2.4151523,2.761085,2.3677661,3.0650651,2.8263526,2.9160233,2.8764558,3.1099837,3.0730953,3.1795397,2.5836518,2.8623557,3.038168,3.5587854,3.2751393,2.8108027,2.9197118,2.8399236,3.3046749,3.8534515,3.5564349,3.743259,3.5857959,4.306811,4.635126,3.9526286,4.068937,3.93749,3.8643959,3.7254124,3.7198086,4.088126,3.9649084,4.1066785,4.0103087,2.5262067,2.9568748,2.967364,3.0187783,2.9159493,2.9835901,2.4640903,2.475408,2.507626,2.505294,2.785012,3.6533172,2.5003004,2.5360734,2.901745,2.9326122,2.8627777,2.702243,2.7146075,3.0594566,2.31708,2.6707356,3.0003107,2.8517492,2.4048474,2.8396964,2.7448297,2.9888146,3.4059923,3.243767,2.6755784,3.0262318
21,0.50178206,0.55619174,0.5036882,0.5205425,0.50447786,0.91685134,0.87034357,0.46178058,1.2665875,0.7256511,1.6281954,1.2457901,0.84475297,0.69614834,1.1014885,1.2449212,1.3074542,0.30832055,0.3239756,0.81900764,0.037922595,0.0,0.20627756,0.14830479,1.2170486,1.2103385,0.63389266,0.6020199,1.6622888,0.66332865,1.2907263,2.2692041,2.6973958,2.5907614,2.9859269,3.116541,2.459166,2.6687307,2.5267777,2.050754,3.6918793,3.0890832,2.4855616,2.2240143,2.4166555,2.5173688,3.0579343,3.501105,3.0406182,3.3737955,3.2803202,3.0237505,2.9203377,3.1762292,3.5140219,3.1557634,3.2952714,2.9900765,2.325172,2.462681,2.3513412,2.4361985,2.7837062,2.3904312,3.0752187,2.8381255,2.9239776,2.8875785,3.1210701,3.08066,3.1880908,2.5881143,2.8725934,3.0449705,3.569545,3.2838988,2.8203382,2.9243827,2.851063,3.3167365,3.854583,3.5543234,3.743237,3.577987,4.312196,4.633718,3.9583352,4.074272,3.9423866,3.867873,3.7265117,3.7211113,4.0923576,3.9704785,4.110644,4.0150046,2.531825,2.9626207,2.9791439,3.0309944,2.9223437,2.9947546,2.4751792,2.4843707,2.5137324,2.5136154,2.7864726,3.661249,2.502049,2.537836,2.906013,2.9320073,2.8706748,2.7078896,2.7195911,3.0639784,2.3193944,2.6821592,3.008728,2.8584924,2.4096334,2.841044,2.7505965,2.992887,3.4139147,3.2426019,2.677165,3.029733
22,0.49168527,0.5366751,0.457153,0.48341438,0.48110923,0.88125414,0.80945265,0.44561452,1.1940533,0.6461124,1.5185928,1.1658177,0.77652067,0.5909029,1.0346338,1.1542419,1.2396684,0.27831978,0.1998659,0.74732983,0.1826106,0.20627756,0.0,0.126045,1.1009647,1.0961645,0.56789285,0.54770213,1.5745373,0.54622257,1.2008133,2.1911073,2.6804197,2.5697129,2.9992352,3.0585542,2.4312007,2.5953264,2.466449,1.9734393,3.6573622,3.0020585,2.4261165,2.1642563,2.306398,2.4426935,2.9493215,3.4173055,2.9623096,3.294896,3.1641123,2.9340577,2.831028,3.0581024,3.4260414,3.0822427,3.2367444,2.9606795,2.2441716,2.3977034,2.267874,2.3822114,2.7187798,2.3032892,3.0059597,2.7472622,2.8515675,2.8195086,3.037748,3.0105844,3.1631734,2.5181715,2.805227,2.9890559,3.5200226,3.2299469,2.777015,2.8952792,2.7805202,3.248372,3.7984812,3.5065174,3.7019746,3.5528264,4.274926,4.625157,3.9235198,4.0321746,3.888018,3.8160944,3.6798792,3.6738074,4.0516977,3.9175572,4.063331,3.9617157,2.4817882,2.9182136,2.9326012,2.9684803,2.8969269,2.9486809,2.4083521,2.4443777,2.4514852,2.479834,2.783968,3.6094494,2.466876,2.504892,2.8697333,2.8871813,2.820995,2.6543498,2.683429,3.022656,2.3206372,2.6257284,2.9779513,2.831232,2.3726404,2.817115,2.707583,2.9350507,3.391098,3.238649,2.6434667,2.997151
23,0.4414315,0.49137884,0.44775966,0.46401426,0.4420698,0.8894773,0.86086315,0.4170233,1.21564,0.654597,1.5608257,1.1969184,0.80137026,0.63228464,1.0780929,1.1932539,1.2789928,0.3087402,0.2425351,0.8264817,0.12649679,0.14830479,0.126045,0.0,1.1493397,1.1445329,0.56351817,0.5527142,1.5912508,0.56099087,1.2715542,2.2606022,2.6851163,2.5747468,2.9839873,3.091485,2.4396589,2.619933,2.5041401,2.029939,3.6537583,3.0493352,2.4778683,2.2184224,2.345169,2.479258,3.015934,3.443487,3.0124958,3.3441072,3.227122,2.987118,2.879122,3.1283493,3.4755542,3.1064334,3.2463295,2.9540713,2.2819865,2.4350424,2.2988162,2.3755336,2.7468174,2.3305497,3.0454888,2.8005593,2.898876,2.852835,3.085592,3.0565753,3.1943758,2.556979,2.8596432,3.0274131,3.547062,3.2458441,2.7777653,2.895792,2.816824,3.2929738,3.8401842,3.5339706,3.7431352,3.5626676,4.3113546,4.6568956,3.9595149,4.060179,3.9264407,3.852431,3.7193866,3.7132807,4.06446,3.94937,4.0854435,3.9865763,2.514923,2.9551437,2.946407,2.989828,2.9302835,2.986738,2.4481773,2.4712303,2.4804144,2.4629738,2.77301,3.615213,2.482984,2.5206196,2.882603,2.8995423,2.8453019,2.693563,2.6995661,3.020434,2.3206913,2.6543827,3.0091896,2.8668435,2.391334,2.8399944,2.7379818,2.9608033,3.3796656,3.2506065,2.6670477,3.013991
24,1.1289344,1.2065604,1.0295573,1.0500649,1.1049786,1.3208771,1.2643895,1.1267285,1.5771015,0.6868968,1.1501911,0.36310524,1.0764351,0.67994994,1.0351137,0.39711413,1.667854,1.0871723,1.0465637,1.3400526,1.1971359,1.2170486,1.1009647,1.1493397,0.0,0.028801983,0.90201193,0.8485343,1.7773095,0.96124935,1.1623675,1.8264421,2.841707,2.727317,2.8178327,3.0032542,2.37358,2.5243707,2.374464,1.8125124,3.5470588,2.909946,2.3610384,1.9965497,2.1733978,2.7898154,2.9011748,3.3540874,2.9077249,3.306662,3.1181743,2.8656297,2.8482692,3.117215,3.4295604,3.3825786,3.1159306,2.8767169,2.0736005,2.2822814,2.1320074,2.2593133,2.5936842,2.1502724,2.7825296,2.5729914,2.698752,2.6384773,2.9453137,2.9375086,3.1171067,2.3692784,2.6711369,2.8998208,3.4966416,3.2295902,2.6932232,2.8287158,2.6741087,3.177494,3.7796912,3.5634503,3.5241673,3.56453,4.0450654,4.464701,3.9444869,4.064007,3.6456656,3.634269,3.4854472,3.4753337,3.814193,3.5931852,3.9277623,3.8199275,2.3372304,2.8200614,3.2462738,2.7927208,2.7683783,2.8004868,2.5547864,2.2229993,2.2776887,2.29055,2.5929995,3.4023802,2.1762147,2.2172096,2.6968777,2.5385807,2.5659451,2.504036,2.9271705,3.1878264,2.5452673,2.5283797,2.9040947,2.7314422,2.1874313,2.587283,2.5593925,2.8667169,3.3193932,3.1893716,2.522901,2.9392853
25,1.1238544,1.2016288,1.0226979,1.0443176,1.0990927,1.316978,1.258751,1.1200713,1.5720285,0.67968446,1.1443619,0.34312034,1.0738536,0.67245376,1.030997,0.3855197,1.6635258,1.08094,1.0437411,1.335925,1.1906086,1.2103385,1.0961645,1.1445329,0.028801983,0.0,0.9015938,0.8456209,1.7763264,0.96152025,1.1631606,1.8265826,2.8379536,2.723552,2.813852,3.0025756,2.3750875,2.534452,2.3763614,1.8112386,3.546517,2.9112265,2.3600318,1.9974089,2.1852283,2.790522,2.9012353,3.352998,2.9103599,3.3062556,3.119305,2.8642244,2.8467386,3.1174164,3.42698,3.3804255,3.1126037,2.8741925,2.0685294,2.2754695,2.1296732,2.2593303,2.5896842,2.1483347,2.7845309,2.5765355,2.7023096,2.639825,2.9498649,2.9411724,3.114099,2.3721256,2.668033,2.901263,3.4967713,3.226324,2.7001534,2.836277,2.6795156,3.1801,3.781105,3.5673964,3.52406,3.5688112,4.041303,4.461509,3.9383848,4.063961,3.6439242,3.633642,3.4846604,3.474703,3.8140047,3.5888104,3.9310179,3.82363,2.3367748,2.8183215,3.2497952,2.7946105,2.7604482,2.7889404,2.5537622,2.2199385,2.2819722,2.2896605,2.5853753,3.4002361,2.1791706,2.2196853,2.7022316,2.5443769,2.5611975,2.5031848,2.9272509,3.192924,2.5426128,2.5276017,2.8959115,2.7210224,2.1857924,2.5851517,2.559297,2.868635,3.3240752,3.186305,2.520869,2.9419067
26,0.44720662,0.541666,0.4155154,0.41693148,0.4475144,0.8783097,0.8845425,0.4869754,1.4814962,0.4137944,1.6322881,0.98501164,0.6321802,0.44615832,0.9112304,0.97786486,1.3789445,0.5469141,0.4673387,0.9889005,0.6077897,0.63389266,0.56789285,0.56351817,0.90201193,0.9015938,0.0,0.13225463,1.5401173,0.4222796,1.2361202,2.1314874,2.6912143,2.575046,2.8948448,3.0700943,2.4652016,2.6098483,2.4818618,1.9876025,3.7268412,3.2161071,2.5179744,2.1938136,2.4156377,2.7646554,3.1924336,3.570255,3.0103683,3.5310667,3.3789346,3.0379145,2.9514184,3.3524475,3.6343205,3.3377388,3.208654,2.923337,2.2422912,2.457233,2.2992082,2.3314881,2.721678,2.2875,3.054428,2.8587914,2.9998214,2.9178827,3.178743,3.1766665,3.2854927,2.6616855,2.9339974,3.0870543,3.621193,3.4054227,2.8181036,2.9615161,2.8623166,3.3341506,3.8831267,3.5967233,3.7705536,3.609014,4.276473,4.6622763,4.008724,4.093941,3.9539216,3.888542,3.7557876,3.7460904,4.0343876,3.911578,4.11023,4.00029,2.613258,3.0547695,3.109115,3.0150027,3.0571783,3.073032,2.601455,2.5540044,2.6085691,2.5169632,2.8772337,3.610566,2.5865989,2.6242278,2.9767752,2.943628,2.8743994,2.8200855,2.8841124,3.1319554,2.508199,2.787637,3.1279464,2.9982104,2.5132809,2.8678396,2.873172,3.159825,3.4697466,3.3898308,2.815517,3.159921
27,0.46921656,0.5773659,0.40994424,0.41900235,0.4649819,0.8802896,0.8520865,0.4859944,1.4719034,0.37691435,1.5948242,0.9187519,0.6280587,0.39390838,0.87066936,0.914802,1.3939708,0.5057404,0.45715895,0.94831836,0.57779115,0.6020199,0.54770213,0.5527142,0.8485343,0.8456209,0.13225463,0.0,1.5750184,0.46518746,1.1800133,2.0628767,2.6860228,2.5716403,2.8612413,3.054654,2.433739,2.6128054,2.4585414,1.9449306,3.7178698,3.187969,2.478215,2.1445622,2.4192336,2.7649474,3.172683,3.5749054,2.9909654,3.4961615,3.360319,3.015661,2.9397035,3.3332882,3.6133163,3.3488085,3.2233458,2.9262376,2.2218714,2.426582,2.2918751,2.3469396,2.7087133,2.291833,3.0209246,2.8264215,2.9575572,2.8849077,3.1536615,3.1417873,3.2285674,2.6280973,2.883874,3.0517702,3.6034694,3.3917773,2.8144999,2.9483259,2.8402226,3.311905,3.8586323,3.5816908,3.7182775,3.5926576,4.2289157,4.6008477,3.9708743,4.0744934,3.9092062,3.8490322,3.7068238,3.6975589,4.00993,3.8695328,4.0875487,3.9797711,2.5690448,3.0107126,3.1206114,2.999317,2.9915671,3.023168,2.5805197,2.4989955,2.5719876,2.5068412,2.8349636,3.6129534,2.5340955,2.570659,2.9423895,2.9037328,2.8380206,2.7742,2.880891,3.1517954,2.477435,2.753631,3.0772877,2.9357076,2.4641995,2.8091397,2.824937,3.1280708,3.4632328,3.3423772,2.7682505,3.1273706
28,1.592331,1.5741847,1.5361166,1.5792775,1.5624374,1.720916,1.7460829,1.571133,1.9799411,1.5023397,2.131577,1.821887,1.6488887,1.553268,1.7832333,1.8389732,2.0039356,1.6181239,1.5661145,1.7562057,1.6369835,1.6622888,1.5745373,1.5912508,1.7773095,1.7763264,1.5401173,1.5750184,0.0,1.2416494,1.9409841,2.6159465,2.6297321,2.5108662,2.8028498,2.4826262,2.2888215,2.460462,2.3919036,1.8309197,3.8055182,3.3408527,2.440566,2.5725684,2.6199284,2.7131698,3.2465055,3.6311955,2.5205312,3.0777152,2.8858826,2.4937193,2.424095,2.8530514,3.1361706,2.787589,2.6797273,2.3797674,1.6019366,1.8878849,1.6095484,1.6617826,2.164071,1.5974469,3.0872142,2.6755009,2.945165,2.9040816,2.9064229,2.8994095,3.0844564,2.8226357,2.6865928,2.8207562,3.3455794,3.1064987,3.0799217,3.196179,2.6545458,3.226902,4.1242414,3.8343022,3.974001,3.8008466,4.397239,4.893781,3.6367292,3.6863668,4.062426,4.0133452,3.946365,3.939542,4.1345,4.044644,4.140463,4.074833,2.927393,3.2594936,2.8441796,3.1936278,3.3419282,2.8594472,2.3041244,2.8541996,3.1174104,2.9860191,3.327172,3.9440901,3.096555,3.1297452,3.4099925,3.404595,3.0751686,3.060015,3.1055255,3.351047,2.9603565,2.5020423,3.321528,3.2315342,2.7964902,3.0513134,3.124054,3.2892566,3.6424017,3.607663,3.1056278,3.3617716
29,0.51072264,0.5568383,0.464912,0.49299628,0.4813127,0.8863194,0.8398325,0.4971304,1.299019,0.47911757,1.5153286,1.0594642,0.72303855,0.5100068,0.9874121,1.0582904,1.3313161,0.54156095,0.5000218,0.93157864,0.63806033,0.66332865,0.54622257,0.56099087,0.96124935,0.96152025,0.4222796,0.46518746,1.2416494,0.0,1.2318715,2.1726613,2.6747746,2.5605001,2.8924608,2.9519248,2.3954573,2.4985135,2.4490674,1.9413097,3.6723244,3.1183007,2.451239,2.2324343,2.2583787,2.529928,3.0293753,3.4704452,2.8535862,3.300658,3.1193285,2.8242412,2.7475603,3.099796,3.379334,3.0379863,3.0782886,2.7868626,2.1220522,2.3291862,2.1303701,2.1775353,2.6069112,2.104426,2.9720483,2.7185225,2.889249,2.826784,3.0249655,3.0066974,3.1778758,2.544352,2.8008382,2.927062,3.4996402,3.2483253,2.8205583,2.9392083,2.7272732,3.232286,3.80645,3.4962173,3.7030373,3.4657238,4.235343,4.638396,3.8438854,3.902989,3.8968062,3.8225255,3.6897433,3.6813285,3.9742181,3.8541756,4.03282,3.931403,2.5698147,3.018276,2.9727895,2.9690611,3.0523486,2.9602752,2.4270306,2.544321,2.6128387,2.5367756,2.9210622,3.6067207,2.5962825,2.6368248,2.976193,2.9020565,2.8173258,2.7708673,2.8322413,3.0713403,2.5256503,2.6327045,3.1104298,2.984498,2.4679074,2.800328,2.8328357,3.0471823,3.4566808,3.3199136,2.7541544,3.0988226
30,1.3904823,1.4298224,1.2948068,1.3178109,1.380823,1.543006,1.1159574,1.344545,1.7395968,1.2296286,1.719371,1.3494956,1.4295785,1.1897472,1.4668452,1.3713537,1.7205089,1.1402199,1.1567755,0.9466203,1.2792262,1.2907263,1.2008133,1.2715542,1.1623675,1.1631606,1.2361202,1.1800133,1.9409841,1.2318715,0.0,1.5490881,2.6841555,2.580622,3.0934343,2.864945,2.5033314,2.605903,2.4990783,1.9947832,4.0714087,3.0994112,2.6702793,2.2074099,2.3554227,2.7482834,3.0266554,3.762802,2.6354675,3.0492547,2.9331193,2.7125747,2.8493066,3.0198698,3.4447622,3.2855508,3.4715335,3.2162404,2.3887055,2.662153,2.3892512,2.7519526,2.8448825,2.4588187,2.9631507,2.6616478,2.7031064,2.7589948,2.9266944,2.8754077,3.139491,2.0891411,2.6630392,3.0015204,3.6157804,3.5736153,2.9768653,3.1905644,2.8719158,3.297102,3.688813,3.433044,3.529774,3.4626033,4.0156255,4.5058317,3.897791,4.0098214,3.722205,3.6817527,3.5172355,3.5103521,4.050414,3.8091087,3.984938,3.8757544,2.6066349,2.9665666,3.241957,3.099176,3.1468494,3.2526052,2.5364995,2.5285673,2.4846253,2.9072614,3.1249576,3.9098704,2.5572665,2.6005867,2.949091,2.754369,2.9845078,2.7602568,3.0008938,3.3271384,2.407344,2.760322,2.7912378,2.6101425,2.5053957,2.8319016,2.7639477,3.0531025,3.6811614,3.5185783,2.935948,3.061708
