,0,1,2,3,4,5,6,7,8,9,10,11,12,13,14,15,16,17,18,19,20,21,22,23,24,25,26,27,28,29,30,31,32,33,34,35,36,37,38,39,40,41,42,43,44,45,46,47,48,49,50,51,52,53,54,55,56,57,58,59,60,61,62,63,64,65,66,67,68,69,70,71,72,73,74,75,76,77,78,79,80,81,82,83,84,85,86,87,88,89,90,91,92,93,94,95,96,97,98,99,100,101,102,103,104,105,106,107,108,109,110,111,112,113,114,115,116,117,118,119,120,121,122,123,124,125,126,127
0,0.0,2.3986006,1.7332555,2.5887647,2.2863803,2.3945773,2.1850078,2.192474,2.9677675,2.4311402,2.548647,2.4884942,2.6511893,2.5227962,2.882305,2.9861267,2.6757567,2.5408235,2.7379143,3.0142744,2.766522,2.9294815,3.1187828,3.7078254,2.765051,2.6810484,2.8732388,2.7520947,3.88241,3.2984586,3.2750056,3.0103316,2.3815064,2.3596137,2.5648808,3.0811646,1.9493837,2.5306442,3.205879,3.037637,1.9438214,1.9430609,2.202173,2.0448117,3.3359463,2.899883,2.5196059,3.2711086,3.0860686,2.9380012,2.0935657,2.9530838,3.2601764,2.9150884,3.6379066,3.4084177,3.9709175,3.768939,3.8259706,3.7990408,3.4525287,3.6738172,3.7633514,3.7183025,3.6109834,3.5397563,3.3159134,3.235499,3.399851,2.9689481,3.3800416,3.3963294,3.4556637,3.4556637,4.1348114,4.03972,3.2389252,3.2621627,3.4028878,3.044983,2.6065586,2.6094642,2.8334045,2.813129,2.688399,2.8486352,3.2171893,2.878928,3.2347372,3.4659965,3.1141014,3.6345525,2.434882,2.7329013,2.334374,2.6767163,2.8509865,3.125321,2.795156,2.8448682,3.1109903,3.7655287,2.6060727,2.5395904,2.3131702,2.3304312,2.4027302,2.4424431,2.4472315,2.658196,2.8963397,3.04443,2.4110587,2.4692192,2.4028053,2.0101302,2.3417752,2.5555806,3.3829622,2.839051,3.3531897,2.6712978,3.852786,3.6266026,2.3061543,2.3488986,1.9613345,2.7534904
1,2.3986006,0.0,1.7603905,2.8012657,2.3209376,2.157961,2.1041174,2.0688407,2.9580164,2.4926822,2.5300145,2.5525184,2.6516545,2.476201,2.8940914,2.3306022,2.9750915,2.879015,2.616312,2.430685,3.462455,3.3146813,3.1774523,3.5175927,3.2366624,3.1226313,3.256145,3.0897868,3.9472585,3.4391747,3.4267023,2.9310374,2.9537387,2.8522217,3.3406322,3.4984047,2.7979941,3.1897812,3.4505985,3.3127606,1.7979074,1.7911175,1.6290866,1.8837491,3.2085507,2.7449968,2.4954636,3.2147841,3.0047824,3.0818145,2.0165586,2.7604663,2.5559638,2.230702,2.8086104,2.8390722,3.4977522,3.8006928,4.102243,3.7817605,3.5105715,3.654206,3.2494688,3.7550213,3.2453039,3.1311939,3.078614,2.8378043,3.0819616,2.6807857,3.0281959,3.275453,3.4561772,3.4561772,3.7769406,3.2916222,3.2126572,3.229298,3.081264,2.831154,2.5811117,2.6030834,2.7816327,2.6406786,2.6913323,2.81246,3.018415,2.3769336,2.7163796,2.99643,2.776051,3.0050614,2.3109372,2.4864137,2.1676295,2.4729805,3.6581686,3.619415,3.5676787,3.6782548,3.254834,3.897605,2.5561116,2.6626194,2.4077642,2.4281223,2.2282004,2.3073707,2.677801,2.9153223,3.101373,3.1764772,2.2873795,2.3547952,2.3179677,1.9523212,2.4052253,2.6024213,3.698612,2.867095,3.1674347,2.5021966,3.5873253,3.4155934,2.657431,2.7021716,2.3089957,3.1987495
2,1.7332555,1.7603905,0.0,1.9478236,1.9582233,1.8036348,1.7549506,1.696203,2.5725012,1.9236099,2.0030818,2.0323284,2.252224,2.1561782,2.5987396,2.278099,2.6722448,2.4204717,2.829939,2.7445183,3.1715508,3.0561213,3.0930839,3.351762,2.7241228,2.6123896,2.6962917,2.5777698,3.6796687,3.3749819,2.757792,2.7606323,2.4894974,2.4328597,2.88588,3.1834748,2.4243643,3.009969,3.2067113,2.9225318,1.5274041,1.5400932,1.9156208,1.560197,3.2310376,2.812818,2.4164026,3.1696799,2.818267,2.910555,1.876253,2.5570207,2.8335257,2.4615705,3.0087724,3.1781013,3.749689,3.6612134,3.841273,3.6438508,3.4290473,3.5735955,3.4987059,3.5775497,3.0033782,2.9026666,3.161722,2.8097663,2.9906275,2.5869694,2.9437418,3.0044572,3.1296365,3.1296365,3.4126253,3.4260008,2.7540984,2.789061,2.9837234,2.7475374,2.6450088,2.617516,2.6985328,2.604505,2.485739,2.6977654,2.8892987,2.3951185,2.4350593,2.7463486,2.3321924,2.7235162,2.3394396,2.4831133,1.8003805,2.1832783,3.2399788,3.5453036,3.2207837,3.3260207,3.091677,3.6477447,2.6094697,2.4890025,2.1000123,2.0918462,2.1926677,2.241356,2.5108776,2.6795075,2.966373,3.0137975,1.8420572,1.9738753,1.8360296,1.4429103,2.019632,2.171526,2.9602313,2.783435,2.7925174,2.3489537,3.1718252,3.174896,2.4029317,2.4509747,2.1334658,3.0087645
3,2.5887647,2.8012657,1.9478236,0.0,2.731252,2.8890615,2.7526777,2.8116074,3.6424017,3.1775708,3.2254899,3.1411626,3.4585595,3.3867617,3.7044141,3.5164404,3.415362,3.2477942,3.539151,3.5034785,3.425803,3.25153,3.1527407,3.2961547,3.3459895,3.422259,3.4327784,3.4336607,4.6784196,4.3218684,2.9755423,3.0575047,3.731689,3.710889,4.416947,4.739747,3.3084092,3.8762705,4.279421,4.1193843,2.6096306,2.6653605,2.4894872,2.555978,3.306713,3.6009905,3.173806,4.349734,3.377236,3.3762412,2.7202945,3.4628053,3.487159,3.2654943,3.9728663,3.8066876,4.39657,4.195868,4.4330397,4.240827,3.8489974,3.9916704,3.915661,4.3574643,3.0267699,2.9579782,4.2834177,3.5940955,3.660359,3.4348512,4.040587,4.10569,4.2065926,4.2065926,4.3782187,4.441901,3.5353055,3.5639472,3.8278484,3.6248202,3.2967827,3.255831,3.2246644,3.2604973,3.1365006,3.1131299,3.7873278,3.4084961,2.8875659,3.351373,3.0828917,3.2088702,3.2955256,3.4096932,2.9139001,3.5638206,4.2473927,4.529874,4.177212,4.2828016,3.903788,4.3740697,3.6336696,3.5382254,2.956877,2.7666955,2.9848237,3.0094612,3.1501386,3.2931373,3.5119028,3.5475698,3.0245185,3.2092605,2.9408517,2.6327171,2.891575,2.0390275,3.3201354,3.556163,3.7695796,3.2063446,4.2172675,4.0243196,3.5766158,3.6640651,3.4030464,3.8114135
4,2.2863803,2.3209376,1.9582233,2.731252,0.0,0.99337846,1.0108373,1.1591733,3.1047506,2.249312,2.1467288,2.1910226,2.0182545,1.8815852,2.3521047,2.771631,2.6969981,3.0699599,3.0038848,2.8040335,3.7671185,3.6149857,3.5450196,3.6668246,2.8168797,2.7285497,3.2421992,3.1340046,3.7693422,3.029681,3.5909686,3.0637584,3.0569978,3.0090039,3.434418,3.657483,2.4450197,3.1493695,3.7024872,3.4369056,2.0064301,2.2874846,2.1528485,2.000819,3.2739208,2.9767408,2.8904157,3.58922,3.0034187,2.8745246,1.7248266,3.2782369,2.9760416,2.4488971,3.84837,3.2557774,3.7524087,3.6791513,4.3923054,3.7389104,3.2089868,3.2471747,3.8724332,3.9348376,3.1851482,3.0992289,2.9731123,2.7156274,2.883306,2.6211061,2.9750595,3.2268608,3.474128,3.474128,4.083848,4.004651,3.2701304,3.2466767,3.702632,3.5303006,3.1175952,3.1058018,3.2888937,3.169785,2.938511,3.1811497,3.2578597,2.5478427,3.0049248,2.756649,2.609338,3.0800805,2.8273852,2.834939,2.0167894,2.3745048,3.5816064,3.433975,3.631185,3.7249255,2.386581,2.7603965,2.666323,2.6602123,2.3365898,2.4395134,2.3181362,2.3556592,2.9181337,3.0578918,2.72881,2.5723007,2.2628043,2.418558,2.419694,2.046267,2.263247,2.5432081,3.1996927,2.2669733,3.4327862,2.8442993,3.6342075,3.1371934,3.1054816,3.1311514,2.7650847,3.6702628
5,2.3945773,2.157961,1.8036348,2.8890615,0.99337846,0.0,0.655559,0.9744868,3.0516288,2.2417543,2.2002184,2.20813,2.0062742,1.8877918,2.348983,2.795303,2.4451382,2.8168972,2.8404088,2.5607817,3.773075,3.6115952,3.6003547,3.673683,2.5466504,2.5074823,2.984492,2.85631,3.7011876,3.0649414,3.4735808,2.9352608,2.8927183,2.858006,3.2129438,3.2925735,2.5846531,3.2117357,3.3328896,3.1072848,1.9029914,2.2198856,2.3015072,1.8093109,3.4474132,2.9794714,3.0451372,3.677748,2.8213303,2.8529644,1.7796894,2.9665885,2.7876248,2.4350252,3.4059536,3.076789,3.8321555,3.7250202,4.3834944,3.7355874,3.4275246,3.4666796,4.03734,4.0347185,3.1512575,3.0408888,3.0294244,2.7489307,2.9326148,2.5143352,2.8214438,3.07099,3.375563,3.375563,3.9089704,3.801178,3.2646146,3.2277424,3.7103121,3.511946,3.012678,2.9937615,3.1260288,3.0016255,2.87601,3.1379645,3.3748896,2.268511,2.9417658,2.7089427,2.5492659,3.1501198,2.7295442,2.8102658,1.9765763,2.237112,3.788138,3.665714,3.8151047,3.9065456,2.852363,3.2113218,2.9752612,2.959069,2.6506333,2.7421064,2.6100638,2.6362455,3.0616791,3.1882443,2.881505,2.9139385,2.3205104,2.5012517,2.3647628,2.021426,2.5400136,2.773768,3.4283876,2.6129851,3.3268228,2.867278,3.5733945,3.111893,3.1481454,3.1736822,2.8159316,3.6576447
6,2.1850078,2.1041174,1.7549506,2.7526777,1.0108373,0.655559,0.0,0.6618176,3.0291462,2.201411,2.0918996,2.1551807,2.0558617,1.9072645,2.3557174,2.8235755,2.35537,2.757027,2.7823067,2.5280178,3.3282695,3.1877685,3.21733,3.3962092,2.4818132,2.3714623,2.9623578,2.851691,3.5673234,2.8692694,3.4476829,2.9062364,2.7390685,2.6950383,2.9981365,3.0861368,2.3798602,3.0277643,3.2085302,2.913006,1.8011678,2.1076338,2.1798,1.6714597,2.973956,2.8481534,2.844552,3.4274566,2.7985187,2.8453271,1.7107465,2.9218721,2.817193,2.3353243,3.3823295,3.079949,3.7928228,3.7111137,4.334766,3.7047143,3.4078455,3.4703116,4.021377,4.1847024,3.1814167,3.0556047,2.8625376,2.6590805,2.89937,2.4645734,3.0095317,3.2451162,3.2267165,3.2267165,3.9932878,3.9006834,3.1642833,3.1303697,3.5936909,3.4102244,2.897997,2.906791,3.0264158,2.944026,2.8487225,3.0106437,3.2822669,2.1023927,2.872931,2.618937,2.5749815,3.091166,2.555894,2.5839322,1.9381366,2.454614,3.6782746,3.5462744,3.7025058,3.7867746,2.7715135,3.1912851,2.791815,2.7913697,2.5418599,2.6130092,2.4921193,2.524715,3.039469,3.1340244,2.8324418,2.8783355,2.2406049,2.3693426,2.262505,2.025124,2.448965,2.780231,3.302456,2.451209,3.343541,2.7871134,3.6381607,3.1217093,2.9691174,2.9825068,2.5866857,3.530666
7,2.192474,2.0688407,1.696203,2.8116074,1.1591733,0.9744868,0.6618176,0.0,2.65995,2.2564476,2.1063151,2.2007287,2.103407,1.9414648,2.3734746,2.8532848,2.4670115,2.8461454,2.9448552,2.6150672,3.3852577,3.2624655,3.1121566,3.2972832,2.617525,2.4534328,3.109793,2.9534774,3.5999284,2.9181845,3.4659557,3.0156567,2.7479813,2.678523,2.9894733,3.0307405,2.3768642,2.6394987,3.1833396,2.8800683,1.8027202,2.0710618,2.1951842,1.7229675,2.9592345,2.8074582,2.7735076,3.0776572,2.523429,2.5911431,1.3722436,2.6322927,2.5522497,1.9740689,3.151975,2.8468134,3.3789358,3.333543,3.9948192,3.3095243,2.9885092,3.049605,3.639769,3.7975667,3.0067794,2.9068947,2.4319863,2.2533984,2.6384363,2.1736948,2.7217948,2.9347293,2.8627508,2.8627508,3.7649508,3.590878,2.7827516,2.7582996,3.3077462,3.1161911,2.7219145,2.7541552,2.9027429,2.778975,2.9184089,2.9223967,3.2181304,1.8733394,2.681846,2.4218554,2.3729267,2.9477203,2.543483,2.5259402,2.0004766,2.4535677,3.5170608,3.498869,3.661669,3.7386856,2.9282022,3.3526492,2.5217466,2.5183141,2.247053,2.3285964,2.5648725,2.634778,2.8666582,2.9787025,2.667149,2.6915286,2.2610245,2.1902351,1.9334526,1.8176228,2.2716942,2.8599992,3.0269108,2.1983607,3.182314,2.6239462,3.4516652,2.999149,2.7476273,2.7623894,2.5472732,3.4668922
8,2.9677675,2.9580164,2.5725012,3.6424017,3.1047506,3.0516288,3.0291462,2.65995,0.0,2.3024876,2.5689573,2.4643917,2.6170719,2.608066,3.1465397,2.6521537,3.2400446,3.1194851,3.2500358,3.3266983,3.805499,3.7823493,3.2461717,3.397926,3.2074983,3.0729787,3.2033591,3.0316508,4.02657,3.6597593,3.7108493,3.5539918,2.9608877,2.9265332,3.5136306,3.6466475,3.0633209,2.2286026,3.7468793,3.432211,2.4181437,2.3819833,2.6408663,2.3457396,3.857812,3.271935,3.0906155,2.6036677,2.1999402,2.2886221,2.0636783,2.038999,2.336359,1.7845143,2.4934301,2.8960655,2.4601877,2.2791383,2.4508574,2.2381926,2.383433,2.5387423,2.443586,2.3433096,2.6868896,2.7267945,2.0242996,1.7732486,2.1636655,1.6206042,2.0845356,2.0176957,2.543684,2.543684,3.3926365,3.028803,2.491602,2.5758688,2.8795793,2.3667717,2.259309,2.2136998,2.3155453,2.1457524,2.6241996,2.2315698,2.4697769,1.9933441,1.8260181,2.1055412,1.7549006,2.4055126,2.6979089,2.910029,2.337997,2.5070622,3.2258384,3.9219131,3.6465466,3.7236452,3.9271748,4.41255,2.0893557,2.0553792,1.6323566,1.6396776,2.899476,3.0175483,2.3049624,2.3663871,2.6629457,2.8917727,2.3755138,1.7343554,1.5753598,1.9715697,1.7811376,2.9866097,3.16226,2.426171,2.5014193,2.0582924,2.94926,3.1563218,1.918837,1.969254,2.691665,2.8956492
9,2.4311402,2.4926822,1.9236099,3.1775708,2.249312,2.2417543,2.201411,2.2564476,2.3024876,0.0,1.0238123,0.9032565,1.0653187,1.0985484,1.857385,1.1984442,2.3603904,2.266256,2.4178402,2.4134548,3.127394,3.0092297,3.1759706,3.4310193,2.4150293,2.244461,2.3139107,2.278213,3.0935435,2.749972,2.9668972,2.7165904,1.9263803,1.9218838,2.636275,2.9482386,1.9888976,3.0755045,3.0366614,2.5657442,1.5120245,1.5577433,1.8233746,1.4673119,3.3463278,2.7001183,2.5569546,3.0507448,2.9181323,2.9883754,2.267525,2.7927814,2.9409142,2.435028,3.166893,3.27486,3.5540154,3.4625068,3.857829,3.4448895,3.4827802,3.5920713,3.6567724,3.6509943,3.2369432,3.1193655,2.8115385,2.7723608,2.774773,2.3509128,2.6062055,2.6841776,2.741646,2.741646,3.4671607,3.3995216,2.8369057,2.8536646,3.141659,2.804026,2.6559317,2.5966482,2.7179797,2.6137717,2.003306,2.557516,1.6189123,2.1466548,2.4365635,2.3313215,1.9809335,2.395177,2.395781,2.5493972,0.8545779,1.3679274,2.7274997,2.8915355,2.7918727,2.9054556,2.408158,2.8262079,2.1005292,1.9899681,1.8585831,1.9334705,1.5573173,1.5613377,2.2942252,2.384501,2.612664,2.7934625,0.8414022,1.155206,2.0978122,1.7466077,1.4694626,2.176483,3.0239365,2.1436589,2.3315327,1.924029,2.6698282,2.6293817,1.8314916,1.820521,1.5183204,2.5392032
10,2.548647,2.5300145,2.0030818,3.2254899,2.1467288,2.2002184,2.0918996,2.1063151,2.5689573,1.0238123,0.0,1.572579,1.1126978,1.1085448,2.0508893,1.6812025,2.4854445,2.5346208,2.7660165,2.568561,3.1880567,3.103565,3.1770072,3.4974916,2.6567028,2.3105395,2.8335667,2.7212234,3.3335311,2.7936752,3.1632533,2.8715081,2.011925,1.9247965,2.6970444,2.9139633,1.8661884,3.0431178,2.8523526,2.4485528,1.4581951,1.5700947,2.1705384,1.5045968,3.3417046,2.4187963,2.7946093,3.2282078,2.8622842,2.9335265,2.1585782,2.8079052,2.868306,2.3523076,3.195445,3.251912,3.5287135,3.398534,3.8914394,3.3690882,3.4513185,3.5212579,3.7660272,3.806979,3.2658494,3.1263223,2.918447,2.7179348,2.6710556,2.2691348,2.528183,2.8530676,2.8163052,2.8163052,3.062867,3.4573479,3.0726833,3.0692086,3.2683296,3.1440272,2.944403,2.9005609,3.0048528,2.8784807,2.2247145,2.7031598,1.9796858,2.1923733,2.8202143,2.5587173,2.3524818,2.8167253,2.6605673,2.813957,1.3651315,1.8306223,2.6687164,2.6695585,2.7101247,2.8116243,2.4822814,2.9737496,2.3181264,2.2859433,1.9385191,2.0072293,2.0100863,2.0253086,2.584866,2.712313,2.799359,2.9077477,1.3060623,1.5331694,2.3307111,1.9846224,1.6848651,2.3619933,3.0681586,2.181564,2.3904264,2.5706573,2.7392368,2.5568802,2.2396872,2.2140088,1.859294,2.741038
11,2.4884942,2.5525184,2.0323284,3.1411626,2.1910226,2.20813,2.1551807,2.2007287,2.4643917,0.9032565,1.572579,0.0,1.1191416,1.0754524,1.8698103,1.588945,2.4077883,2.4032552,2.5669115,2.474646,3.2644858,3.1337762,3.1885862,3.3399632,2.4388566,2.3629243,2.4641135,2.4580958,3.352754,2.9050646,3.177444,2.91022,2.2491467,2.2405918,2.7195547,2.9642324,1.9878829,3.1096854,3.1202834,2.6221244,1.5730168,1.6419669,1.6111566,1.5224029,3.0593052,2.5177062,2.331705,2.9143066,3.0428324,3.1345785,2.2640405,2.9305701,2.9804077,2.4713461,3.330981,3.2564073,3.6439476,3.591581,3.9613822,3.5646074,3.4757402,3.5588524,3.7339582,3.782089,3.2485828,3.1178734,2.5970519,2.7410538,2.6255543,2.279133,2.5600119,2.479372,2.6521306,2.6521306,3.7973351,3.4299486,2.6252887,2.632687,3.279862,2.7001882,2.5916088,2.5729465,2.694937,2.5938087,1.8777874,2.4281368,1.6805259,2.0607462,2.3725774,2.1679945,1.8235452,2.2511294,2.2362556,2.3865254,0.6670143,1.3422096,3.01113,3.144834,3.0112443,3.1302376,2.0247214,2.5865357,1.9463688,1.8371063,1.938584,2.0336237,1.3466979,1.3524449,2.219492,2.320164,2.4294717,2.4744275,0.83190686,1.2051569,2.1159766,1.7667103,1.5948641,2.2358968,2.8187296,1.8654828,2.6029983,1.5760345,2.9930487,2.8331306,2.0304148,2.0121405,1.6287358,2.544178
12,2.6511893,2.6516545,2.252224,3.4585595,2.0182545,2.0062742,2.0558617,2.103407,2.6170719,1.0653187,1.1126978,1.1191416,0.0,0.39500415,1.7907966,1.7064687,2.4128373,2.6693258,2.8318963,2.4342752,3.5799732,3.5065799,3.4976895,3.7454677,2.5587316,2.37871,2.8710327,2.786892,3.6112232,2.9011962,3.3754885,3.0235844,2.156901,2.1252143,2.722841,2.8635051,1.8021891,3.0318098,2.872332,2.4551315,1.5056193,1.7667763,1.9630587,1.4679687,3.443217,2.267425,2.784653,3.3089066,2.8615296,2.9064465,2.103733,2.9483008,2.775387,2.3211849,3.3541837,3.1376114,3.4821727,3.377264,4.003526,3.359427,3.3873203,3.4266973,3.8921216,3.8021934,3.2049818,3.0682368,2.7058618,2.6769478,2.487275,2.163228,2.1524987,2.2983098,2.6970072,2.6970072,3.4376132,3.2621481,2.948345,2.915971,3.6247706,3.2343266,2.9033222,2.8621016,3.015691,2.880608,2.0549877,2.674451,2.0571363,2.0981534,2.9080675,2.4653525,2.2053766,2.8266015,2.6112244,2.8733706,1.0626823,1.2619246,2.8943737,2.7044086,2.9171875,3.0127294,2.0714061,2.6305623,2.3121476,2.2948651,2.1308997,2.2288659,1.9165442,1.9212868,2.4694,2.6442318,2.4914458,2.5501866,1.3866248,1.6785388,2.4379425,1.9936177,1.8735831,2.4414287,2.932733,1.8974034,2.6292138,2.3288872,3.0379145,2.6210063,2.2683604,2.2526474,1.9252726,2.606986
13,2.5227962,2.476201,2.1561782,3.3867617,1.8815852,1.8877918,1.9072645,1.9414648,2.608066,1.0985484,1.1085448,1.0754524,0.39500415,0.0,1.5726107,1.7712176,2.2359145,2.5091724,2.6452491,2.2702076,3.4628017,3.3761694,3.392184,3.6307883,2.424761,2.2381938,2.7677004,2.650251,3.4756393,2.750391,3.2821417,2.852909,2.0651512,2.0054836,2.6532993,2.7749107,1.6144693,2.8605952,2.7093058,2.3296924,1.3164103,1.5657423,1.8359742,1.3660133,3.268345,2.1936126,2.5772793,3.1457663,2.7682784,2.832911,1.9323968,2.8066711,2.6638737,2.2200727,3.2477715,2.9782937,3.3735807,3.310241,3.9205232,3.2826505,3.270895,3.3079872,3.7821555,3.7016656,3.1694508,3.0225315,2.5724454,2.5639641,2.4932978,2.108835,2.1546261,2.3522854,2.6601298,2.6601298,3.386086,3.2300594,2.7956192,2.7626967,3.3806827,3.0216131,2.7634861,2.7335994,2.913052,2.7432122,2.131699,2.6983,1.9397309,1.9402198,2.8169823,2.434125,2.1458228,2.786287,2.4141815,2.6125607,0.9307713,1.1664342,2.8575804,2.6796298,2.8603606,2.9569452,1.9693593,2.5655215,2.1779108,2.165128,1.9881275,2.11478,1.7916625,1.805798,2.372206,2.5674374,2.405202,2.4474292,1.268939,1.5785758,2.3879118,1.927172,1.7916956,2.3681462,2.9084895,1.7719038,2.612821,2.207064,2.9725282,2.542167,2.270435,2.2579644,1.8312069,2.7208545
14,2.882305,2.8940914,2.5987396,3.7044141,2.3521047,2.348983,2.3557174,2.3734746,3.1465397,1.857385,2.0508893,1.8698103,1.7907966,1.5726107,0.0,2.444747,2.4134035,2.6876564,2.7927592,2.5210743,3.8484633,3.7078443,3.9199953,4.0510936,2.5570931,2.4748957,2.8495734,2.689739,3.265693,2.7085896,3.3740177,2.949256,2.4195452,2.3840215,2.8758433,2.9842274,2.2699764,3.186384,2.599317,2.5757341,2.1900582,2.3333945,2.4032528,2.231281,3.5921276,3.3982213,3.043424,3.4829245,2.8119028,2.8821893,2.5334308,2.7843032,2.8357987,2.9718163,3.329461,2.7629163,3.2375214,3.2955506,3.9565933,3.2762654,3.2403889,3.2788968,3.7995644,3.6958401,3.8089592,3.677427,3.1385682,3.2283368,3.284539,2.9414964,3.1362865,3.2225347,3.0447967,3.0447967,3.8773732,3.6580899,2.3373992,2.2809346,2.7474382,2.677319,2.6523805,2.6230912,2.835171,2.6439712,3.2525349,3.6470063,2.3661964,2.3977296,3.0093634,2.7287433,2.4777207,3.3229003,2.6940339,2.5801427,1.6424823,1.8141493,2.72291,2.5432541,2.784753,2.853795,2.504139,2.8548865,2.6819496,2.5720398,2.4844882,2.6464784,2.2756152,2.293446,2.457278,2.5179315,2.2324374,2.3782341,1.9265461,2.1205497,2.8049574,2.422508,2.3639548,2.8702366,3.2650297,2.2464283,2.552383,2.517141,2.5389433,1.941038,2.7577648,2.7542455,2.361492,3.7177703
15,2.9861267,2.3306022,2.278099,3.5164404,2.771631,2.795303,2.8235755,2.8532848,2.6521537,1.1984442,1.6812025,1.588945,1.7064687,1.7712176,2.444747,0.0,3.1499386,2.9258235,2.9023507,2.7564077,3.7144284,3.5710428,3.6246338,3.9159617,3.2716937,3.084652,2.98152,2.947698,3.5673707,3.2445726,3.4102829,3.2772264,2.576802,2.5471704,3.0489283,3.380566,2.7384045,3.6551726,3.6537192,3.2073367,2.0308046,1.9991275,1.8929954,2.012284,3.694354,2.9133615,2.6953068,3.1859124,3.4700449,3.5121124,2.7753844,3.2802489,3.2076418,2.7121525,3.3676841,3.593096,3.7364864,3.920714,4.2074404,3.9167893,3.9237247,4.0358634,3.6944535,3.8569102,3.5834467,3.4756548,3.1350577,3.148122,3.0826786,2.8356564,2.9062421,2.940971,3.1478927,3.1478927,3.6444178,3.27258,3.2288973,3.260861,3.4146461,3.0707467,3.0692358,3.012358,3.1353064,3.0310678,2.2819612,2.8839054,1.8888901,2.6803586,2.7354703,2.7551847,2.4425712,2.5377433,2.6037095,2.818613,1.4807264,1.638063,3.106231,3.12309,3.0449996,3.1722598,2.5737314,3.1365294,2.2744853,2.251034,2.263641,2.3325586,1.6155382,1.6315536,2.6225283,2.7269309,3.097519,3.1508894,1.377994,1.610734,2.4998372,2.162557,1.9088432,2.5428185,3.3859189,2.6384866,2.6424496,2.2364917,2.981843,3.0697927,2.0645652,2.0527558,1.785004,2.695217
16,2.6757567,2.9750915,2.6722448,3.415362,2.6969981,2.4451382,2.35537,2.4670115,3.2400446,2.3603904,2.4854445,2.4077883,2.4128373,2.2359145,2.4134035,3.1499386,0.0,1.1295793,1.6138549,1.2401617,2.5865915,2.395591,2.5645254,2.6938105,0.63042444,0.6776691,1.5014187,1.3485851,2.7789018,2.0011384,2.1708713,1.5043588,2.6873353,2.6544673,3.2511876,3.3558502,2.219117,2.9291964,3.0146575,2.886131,2.0099125,2.1796544,2.470819,2.0567617,3.2592404,3.0407262,2.8145993,3.5588932,2.8092332,2.9572458,2.2423408,2.8799348,3.0269618,2.734146,3.4527004,3.1275918,3.8640428,3.6253,4.121326,3.610397,3.6288097,3.6865373,4.1708865,4.1040163,3.3589072,3.2342844,3.1811614,3.0587702,3.7919023,2.7574375,3.1049397,3.3047428,2.6865027,2.6865027,3.354706,3.353785,3.1573844,3.0972648,3.53738,3.3488095,2.9830883,2.985461,3.1439033,2.9667547,3.077818,3.3369367,2.865283,2.4533975,3.023983,2.9352336,2.7490807,3.3809595,2.6521566,2.6119556,2.13925,2.4223008,3.7198691,3.7212834,3.7054942,3.7594833,3.489526,3.8441553,3.0692358,2.95806,2.6856227,2.7265766,2.6344967,2.6268804,2.9669125,3.0486226,2.9214623,3.6545973,2.4654508,2.6231284,3.069304,2.8154004,2.6045814,2.7424512,3.0946326,2.646139,3.413967,2.8283916,3.5949972,3.2269037,3.115487,3.1452546,2.7241447,3.658036
17,2.5408235,2.879015,2.4204717,3.2477942,3.0699599,2.8168972,2.757027,2.8461454,3.1194851,2.266256,2.5346208,2.4032552,2.6693258,2.5091724,2.6876564,2.9258235,1.1295793,0.0,1.3880042,1.6705458,2.5101483,2.3127377,2.5592883,2.6539633,1.1734302,1.1445659,0.9541073,0.7490833,2.6490746,2.315062,1.8395375,1.5092554,2.6926458,2.652618,3.1848714,3.4492443,2.4726403,3.1774,3.2013476,3.0936756,2.0675166,2.0045977,2.4960485,2.2013347,3.5101342,3.197931,2.6742952,3.446686,3.0805674,3.2301803,2.558904,2.8323328,3.259669,3.0375972,3.3354583,3.3593607,4.1056495,3.8619924,3.9640265,3.8506994,3.8620346,3.970411,4.004822,3.8971858,3.5751925,3.4657216,3.4626656,3.3504567,3.9778306,2.950298,3.2722566,3.405308,2.8641887,2.8641887,3.1544666,3.3673258,3.1983454,3.186264,3.2253604,3.01059,2.8866315,2.874738,2.9957747,2.8191464,2.8928921,3.207544,2.6409905,2.7557635,2.8300498,3.0771427,2.7345629,3.2651997,2.5281916,2.5219395,2.1540685,2.3921094,3.5434036,3.8584323,3.4571443,3.5310733,3.6717803,4.095367,2.9791982,2.804749,2.5670466,2.6091328,2.4522626,2.438078,2.773553,2.8316526,3.136272,3.8540986,2.246833,2.435468,2.9417176,2.680782,2.428897,2.577469,3.262911,2.9775488,3.1521864,2.6662147,3.3353255,3.3899024,2.9710412,2.999028,2.5581777,3.4933658
18,2.7379143,2.616312,2.829939,3.539151,3.0038848,2.8404088,2.7823067,2.9448552,3.2500358,2.4178402,2.7660165,2.5669115,2.8318963,2.6452491,2.7927592,2.9023507,1.6138549,1.3880042,0.0,1.6102223,2.7070215,2.4828503,2.6992795,2.7987368,1.7571886,1.8758923,1.5409324,1.4448265,2.792552,2.4230917,2.654107,1.5782367,2.8816013,2.855565,3.6024094,3.8782723,2.6631737,3.3631363,3.5744078,3.5003524,2.2962537,2.2378716,2.320859,2.400395,3.5560784,3.3993285,2.8553176,3.635297,3.2342184,3.2799451,2.6549456,3.0924504,3.2594416,2.9889393,3.4531028,3.30765,4.022701,3.925272,4.1874313,3.9499924,3.805741,3.9393725,3.8226783,3.9454083,3.6342952,3.5423007,3.4924428,3.3761802,3.93336,3.0262902,3.4255714,3.6973157,3.4123557,3.4123557,3.8592572,3.7771366,3.6285398,3.6255987,3.2863896,3.060292,2.74024,2.731719,2.9309368,2.7671504,2.8865728,3.1579921,2.6305764,2.7839887,2.8715274,3.1045883,2.8440814,3.2161288,2.7163203,2.6827838,2.2875884,2.590528,3.6769428,3.8727183,3.640339,3.733595,3.6752896,3.991936,2.8722358,2.822132,2.6191041,2.6594906,2.3251505,2.3206036,2.7422955,2.8290253,3.084458,3.7947915,2.3590403,2.5350986,2.973879,2.6771388,2.439049,2.538616,3.9899926,2.9386992,3.271244,2.552482,3.4546974,3.4073853,3.0154145,3.0541697,2.6310823,3.5866096
19,3.0142744,2.430685,2.7445183,3.5034785,2.8040335,2.5607817,2.5280178,2.6150672,3.3266983,2.4134548,2.568561,2.474646,2.4342752,2.2702076,2.5210743,2.7564077,1.2401617,1.6705458,1.6102223,0.0,2.888187,2.6116438,2.5966272,2.7826009,1.6547041,1.6328738,2.0207644,1.9005692,2.9668338,2.1706996,2.2982247,1.5844736,2.9539213,2.898265,3.5394742,3.6121588,2.5410395,3.2306223,3.3019838,3.1705596,2.0145788,2.1792312,2.0537004,2.0625043,3.2555413,2.9403524,2.7486649,3.563254,2.948721,3.1009345,2.2955155,3.0263097,2.824064,2.5017722,3.3089795,2.9612198,3.6667778,3.7336838,4.3426166,3.7220314,3.7111683,3.7702808,3.9373884,4.142744,3.3300486,3.1991415,3.1630948,3.0551298,3.789542,2.816999,3.0426428,3.2711902,2.6970725,2.6970725,3.3487144,2.8534749,3.230814,3.1697454,3.573965,3.3571515,3.013894,3.0315404,3.2234907,3.029184,3.0485914,3.3460143,2.8141785,2.477368,3.003208,2.9215918,2.7993703,3.2315698,2.6754239,2.6679256,2.122774,2.3401375,3.8998177,3.6863427,3.8511753,3.9232788,3.4682524,3.8571143,2.9723976,2.9438977,2.7363822,2.7579188,2.4079802,2.413549,2.9550614,3.090375,2.988254,3.700879,2.4832418,2.6447108,3.127913,2.8135886,2.6345398,2.727775,3.1873524,2.6431453,3.4437053,2.7484217,3.644607,3.2635803,3.0552151,3.0921416,2.655249,3.590058
20,2.766522,3.462455,3.1715508,3.425803,3.7671185,3.773075,3.3282695,3.3852577,3.805499,3.127394,3.1880567,3.2644858,3.5799732,3.4628017,3.8484633,3.7144284,2.5865915,2.5101483,2.7070215,2.888187,0.0,0.67041683,1.7874134,2.7377958,2.6853254,2.556013,2.7259593,2.787922,3.586205,3.2170317,2.953344,2.7030554,2.8312414,2.817344,3.4552064,3.7256703,2.6709623,3.3704424,3.7248402,3.2516878,2.7962682,2.7553983,2.9901264,2.77226,2.7036946,3.4185758,2.9045181,3.5826597,3.918271,4.055385,3.2636452,3.7682116,4.193005,3.4365005,4.1846604,4.383699,4.7396116,4.6061277,4.7251706,4.5431805,4.5976176,4.785336,4.7484097,5.1490383,3.9607468,3.8378155,3.8406322,3.7505693,4.4282904,3.6995592,4.411241,4.526324,3.5064375,3.5064375,4.473965,4.4765124,4.025633,4.038047,4.0340953,3.8513837,3.6179237,3.660574,3.7403922,3.7618465,3.484754,3.4668415,3.3939786,3.2613513,3.6511638,3.833595,3.7571344,3.7209203,3.2269468,3.1785488,3.1650205,3.866149,4.1123977,4.278149,4.0864844,4.125935,4.2580137,4.6796117,3.4632554,3.4046786,3.2776704,3.1444552,3.1729407,3.177548,3.737123,3.8127913,4.063535,4.5987983,3.1518931,3.1809998,3.4851248,3.433994,3.227264,3.2673337,3.827427,3.5639098,4.207117,3.2815466,4.612903,4.397805,2.9918396,3.0146146,2.6400971,3.4597688
21,2.9294815,3.3146813,3.0561213,3.25153,3.6149857,3.6115952,3.1877685,3.2624655,3.7823493,3.0092297,3.103565,3.1337762,3.5065799,3.3761694,3.7078443,3.5710428,2.395591,2.3127377,2.4828503,2.6116438,0.67041683,0.0,1.6365187,2.4008574,2.5021577,2.393022,2.4815543,2.570866,3.219996,3.0187287,2.604909,2.3454764,2.987171,2.9649267,3.6843534,3.9256642,2.7919846,3.5232782,3.8328876,3.3717902,2.7293043,2.6834059,2.8492126,2.7179506,2.6550126,3.526196,2.883051,3.6175582,3.8626482,4.036456,3.1970582,3.7281146,4.103586,3.3422184,4.099593,4.2809772,4.6978073,4.60421,4.8364396,4.5429964,4.558902,4.726022,4.6415157,5.1063013,3.8645763,3.7371633,3.8077116,3.6915026,4.4427295,3.6542995,4.3818855,4.521485,3.4289742,3.4289742,4.3807726,4.388106,3.9174502,3.928011,3.8992457,3.7638674,3.5957046,3.6392097,3.7087314,3.7034736,3.489215,3.4952188,3.2869077,3.1914318,3.4164534,3.6284382,3.575701,3.4525018,3.2176135,3.0574121,3.0254128,3.7578516,4.2493305,4.4010186,4.2512293,4.3093457,4.1881485,4.4786153,3.421352,3.3389227,3.2037406,3.0820222,3.01393,3.0136533,3.7198665,3.7804725,4.017101,4.564086,3.0187235,3.078464,3.4252121,3.363627,3.1160734,3.1177049,3.680963,3.4806926,4.1487694,3.1747074,4.4511995,4.2997947,3.1076372,3.1316571,2.717037,3.6441216
22,3.1187828,3.1774523,3.0930839,3.1527407,3.5450196,3.6003547,3.21733,3.1121566,3.2461717,3.1759706,3.1770072,3.1885862,3.4976895,3.392184,3.9199953,3.6246338,2.5645254,2.5592883,2.6992795,2.5966272,1.7874134,1.6365187,0.0,1.2564776,2.6388059,2.4562192,2.8610141,2.86313,3.7557147,3.0181308,2.958241,2.7079268,3.5699039,3.5057182,4.0065556,4.2084994,3.1002798,3.2386544,4.2332425,3.8706348,2.7593703,2.7591538,2.6435413,2.6888793,2.4092805,3.1272674,2.7986887,3.1791086,3.379707,3.478042,2.727522,3.4181747,3.4974227,2.689699,3.8100176,3.7951262,4.001005,3.9087481,4.0733027,3.8990042,3.7845535,3.9130378,3.8619998,4.525173,3.2780225,3.209731,3.1906357,2.9847841,3.7566268,2.88672,3.737958,3.8706925,2.7879941,2.7879941,3.810262,3.6514537,3.5408108,3.548574,3.8277822,3.5243607,3.2439418,3.3209946,3.364266,3.3407702,3.1833296,2.8615494,3.2474513,2.8714428,2.847981,2.9055085,3.0483012,3.0461264,3.0755942,3.0279944,3.0242105,3.7772136,4.172586,4.446612,4.2176604,4.283788,4.2616057,4.8503084,2.8971307,2.8860254,2.692515,2.5209808,2.9413903,2.9969409,3.2800355,3.2738092,3.4614353,4.1286774,3.0297532,2.8415198,2.952041,3.1147516,2.6852303,3.021832,3.1509905,2.8776677,3.823474,2.974908,4.2556057,4.0588846,3.0804222,3.108556,3.0537345,3.523019
23,3.7078254,3.5175927,3.351762,3.2961547,3.6668246,3.673683,3.3962092,3.2972832,3.397926,3.4310193,3.4974916,3.3399632,3.7454677,3.6307883,4.0510936,3.9159617,2.6938105,2.6539633,2.7987368,2.7826009,2.7377958,2.4008574,1.2564776,0.0,2.6395185,2.5549428,2.8393426,2.8559618,3.7642233,3.1522713,3.067134,2.7812927,4.163917,4.0993795,4.5887895,4.74723,3.68665,3.7780426,4.6905193,4.3982277,3.1582718,3.155921,2.9982817,3.0863514,2.82209,3.6136951,3.1922114,3.4992135,3.509696,3.641104,2.992783,3.573053,3.607147,2.9678614,3.9584098,3.8731742,4.1578627,4.00252,4.1762476,4.0179696,3.7972667,3.8522613,3.8739095,4.511442,3.3137665,3.2692635,3.3836408,3.1097302,3.8568556,2.938967,3.7962132,3.9449005,2.9676843,2.9676843,3.814197,3.7871919,3.5782251,3.5838413,3.8705385,3.5762105,3.4187613,3.4897537,3.474287,3.4037414,3.433057,3.0973434,3.4129434,3.0550952,2.5766428,2.5935524,2.810697,2.8259628,3.3855948,3.2004514,3.1987653,3.9239454,4.592931,4.993862,4.661582,4.752274,4.4958324,4.996362,3.1423032,3.079065,2.875022,2.7491887,3.1565685,3.2077858,3.441515,3.3442042,3.4975233,4.2044387,3.1772418,3.0017776,3.051764,3.2889225,2.8071935,3.1499598,3.289507,2.9893584,3.8327634,3.0885892,4.104538,4.0417647,3.7060695,3.7320886,3.7039552,4.177775
24,2.765051,3.2366624,2.7241228,3.3459895,2.8168797,2.5466504,2.4818132,2.617525,3.2074983,2.4150293,2.6567028,2.4388566,2.5587316,2.424761,2.5570931,3.2716937,0.63042444,1.1734302,1.7571886,1.6547041,2.6853254,2.5021577,2.6388059,2.6395185,0.0,0.7147824,1.2298622,1.1534466,2.9657476,2.2261112,2.2139606,1.6843307,2.812477,2.8153665,3.3626688,3.5071123,2.4902108,3.1072738,3.247226,3.078052,2.2295191,2.404341,2.6285584,2.1741915,3.3030887,3.255258,2.8935473,3.6450071,2.861758,2.9983757,2.420428,2.9504402,3.176127,2.912392,3.57346,3.3242304,3.992406,3.6595247,4.038979,3.6638868,3.6863883,3.743257,4.272979,4.144423,3.2607284,3.1531694,3.318794,3.1145263,3.805456,2.820005,3.2307746,3.353151,2.8313537,2.8313537,3.489082,3.5169048,3.1737664,3.122408,3.6183558,3.396124,3.0232048,2.9999397,3.1020553,2.9597301,3.1050062,3.3333237,2.9404964,2.5326202,2.8770938,2.8154397,2.6032166,3.2655764,2.694398,2.6560109,2.2074854,2.5347424,3.8468616,3.985787,3.8215854,3.8791764,3.6489244,4.052299,3.2156544,3.0696177,2.7757628,2.7880414,2.7492256,2.735933,3.0193346,3.0295248,2.9416065,3.7042022,2.519251,2.6735048,3.0360491,2.8627396,2.6501982,2.7140856,3.1559446,2.7929368,3.3992374,2.807384,3.5950954,3.2449787,3.218441,3.2584717,2.9361248,3.7943256
25,2.6810484,3.1226313,2.6123896,3.422259,2.7285497,2.5074823,2.3714623,2.4534328,3.0729787,2.244461,2.3105395,2.3629243,2.37871,2.2381938,2.4748957,3.084652,0.6776691,1.1445659,1.8758923,1.6328738,2.556013,2.393022,2.4562192,2.5549428,0.7147824,0.0,1.4646205,1.3141869,2.6895359,1.767526,2.2744825,1.8925899,2.732112,2.6938403,3.057096,3.2121055,2.3568444,2.9506166,3.1368306,2.9427826,2.0835683,2.236745,2.6120622,2.07172,3.1970952,3.0387766,2.7961416,3.3501852,2.815544,2.941312,2.2908256,2.8601649,3.0893202,2.758575,3.460404,3.2540221,3.8708725,3.574481,3.9239943,3.571905,3.6236553,3.671975,4.1750517,4.089949,3.4104705,3.2952354,3.0810165,2.9930341,3.7060874,2.6494243,3.1038792,3.2744348,2.4886503,2.4886503,3.1080515,3.3390343,3.0951476,3.042749,3.51054,3.355252,3.029316,3.0257967,3.1298308,2.9763489,3.0479171,3.2717507,2.7987518,2.4459455,2.8945377,2.7508004,2.6367033,3.3070955,2.5378551,2.4982295,2.1082308,2.4743721,3.5862014,3.6927884,3.549533,3.5998218,3.4605603,3.9383693,2.9489837,2.8121235,2.5689821,2.6260204,2.616663,2.611474,2.9875162,2.9674673,2.9037726,3.643787,2.354382,2.4465926,2.939541,2.821741,2.4572814,2.849282,2.9182835,2.5866058,3.2634697,2.8948226,3.4496396,3.1470995,3.069931,3.0807326,2.7323687,3.6602948
26,2.8732388,3.256145,2.6962917,3.4327784,3.2421992,2.984492,2.9623578,3.109793,3.2033591,2.3139107,2.8335667,2.4641135,2.8710327,2.7677004,2.8495734,2.98152,1.5014187,0.9541073,1.5409324,2.0207644,2.7259593,2.4815543,2.8610141,2.8393426,1.2298622,1.4646205,0.0,0.4391721,2.6116264,2.4742835,2.0096257,1.7577249,2.8870351,2.9133604,3.4393015,3.7460399,2.9224856,3.5587215,3.6965034,3.4434745,2.5079143,2.4943902,2.7306006,2.4994051,3.687991,3.7016041,2.8764808,3.6274529,3.4014683,3.5329092,2.9433975,3.2208433,3.6556466,3.328234,3.6951978,3.8063064,4.390423,4.142536,4.249163,4.1493125,4.1604753,4.2726655,4.31525,4.1581464,3.6389043,3.5535789,3.6542325,3.538782,4.2191553,3.2800033,3.6297638,3.664129,3.1697993,3.1697993,3.684406,3.7101154,3.4237485,3.4243476,3.5003002,3.274143,3.1727054,3.1281903,3.2158778,3.0869029,3.1516347,3.4744232,2.797493,2.9772747,2.7978094,3.0814712,2.7206259,3.1025813,2.7578485,2.6657338,2.309992,2.5421312,3.9140325,4.2688384,3.871094,3.9493058,3.8635004,4.177066,3.247679,3.0368922,2.8698058,2.8931508,2.6121461,2.5827324,3.1070776,3.080211,3.38433,4.0992393,2.4109704,2.5987518,3.0612423,2.8988986,2.6454043,2.7412515,3.5249202,3.2587547,3.3933077,2.6724286,3.488809,3.5735748,3.1098857,3.1501281,2.824658,3.8035135
27,2.7520947,3.0897868,2.5777698,3.4336607,3.1340046,2.85631,2.851691,2.9534774,3.0316508,2.278213,2.7212234,2.4580958,2.786892,2.650251,2.689739,2.947698,1.3485851,0.7490833,1.4448265,1.9005692,2.787922,2.570866,2.86313,2.8559618,1.1534466,1.3141869,0.4391721,0.0,2.5892825,2.36732,2.0038629,1.6822413,2.7758646,2.776936,3.3141685,3.5895338,2.795304,3.2981157,3.4803848,3.29946,2.344423,2.3207388,2.6787834,2.38439,3.6826398,3.5753868,2.785124,3.4695172,3.1550515,3.2952359,2.7176647,2.935518,3.4005947,3.1404371,3.444055,3.540675,4.1334953,3.8915274,3.9833894,3.8933473,3.9198768,4.026388,4.094497,3.8744254,3.5374465,3.4526649,3.4764094,3.3436785,4.072428,3.0908945,3.4120197,3.492325,3.038186,3.038186,3.408889,3.5024748,3.2379868,3.2369227,3.2388225,3.061619,2.991206,2.9467523,3.05814,2.8835595,3.134825,3.420521,2.7098393,2.7979753,2.7083192,3.0156415,2.6244645,3.1283877,2.5851057,2.4920878,2.2330117,2.387462,3.7487636,4.1201863,3.7147405,3.7884123,3.8266735,4.1916184,3.115704,2.9159489,2.687423,2.7365606,2.600452,2.5882218,2.9505854,2.9455268,3.2377758,3.9525092,2.3468337,2.4880633,2.9441204,2.7792332,2.528436,2.7171798,3.4571254,3.1379228,3.2297425,2.6280622,3.3101363,3.3983874,3.0337622,3.075419,2.7621217,3.7835433
28,3.88241,3.9472585,3.6796687,4.6784196,3.7693422,3.7011876,3.5673234,3.5999284,4.02657,3.0935435,3.3335311,3.352754,3.6112232,3.4756393,3.265693,3.5673707,2.7789018,2.6490746,2.792552,2.9668338,3.586205,3.219996,3.7557147,3.7642233,2.9657476,2.6895359,2.6116264,2.5892825,0.0,2.1578717,3.1022327,2.9735563,3.8770235,3.8411217,4.045695,4.2931833,3.7725272,4.2250915,4.4326797,4.2149944,3.5841575,3.4818485,3.7714505,3.730371,4.62736,4.877699,4.0936685,4.082361,4.2810993,4.394285,3.8295019,4.0876985,4.47326,4.09046,4.385815,4.355983,4.9006257,4.8778424,5.392619,4.85126,4.7802815,4.8732076,4.7542434,4.813364,5.2257304,5.1437426,4.0120153,4.445533,5.2171416,4.2238564,4.620049,4.7372727,3.5001855,3.5001855,4.4928427,4.661503,4.066454,4.064186,3.8788517,3.971561,4.0683875,4.110844,4.278644,4.123683,4.417432,4.67009,3.6185954,3.954311,3.9083934,3.9857798,3.9567704,4.175889,3.901965,3.523513,3.329952,3.5516026,4.246212,4.388152,4.4947734,4.551693,4.222289,3.7848644,3.5924459,3.3758383,3.5943208,3.786072,3.3619132,3.3502817,4.1016655,4.029494,4.1810265,4.729829,3.304153,3.275633,3.9244754,3.8420327,3.413948,4.256793,4.011092,3.7359948,4.2342033,3.827851,3.867314,4.247312,3.8123279,3.7606611,3.399685,4.6769567
29,3.2984586,3.4391747,3.3749819,4.3218684,3.029681,3.0649414,2.8692694,2.9181845,3.6597593,2.749972,2.7936752,2.9050646,2.9011962,2.750391,2.7085896,3.2445726,2.0011384,2.315062,2.4230917,2.1706996,3.2170317,3.0187287,3.0181308,3.1522713,2.2261112,1.767526,2.4742835,2.36732,2.1578717,0.0,3.2647514,2.8929942,3.555298,3.491737,3.2781286,3.5499885,3.1298158,3.5681102,4.0554066,3.8481116,2.9875047,3.0835328,3.0572941,3.011716,3.5474138,3.7521067,3.207855,3.2849925,3.6620293,3.6085708,2.9820187,3.7492082,3.728539,3.3252602,4.208533,3.7286408,4.1316285,4.149092,4.562221,4.201949,4.026213,4.0582623,4.4231753,4.5214195,4.4980903,4.4093213,3.1642847,3.5967453,4.359024,3.387632,3.8457325,3.9910274,2.7079754,2.7079754,3.750665,3.7322443,3.5601199,3.5057292,3.8395283,3.808213,3.6098342,3.6588814,3.8447015,3.698101,3.8645523,4.0964084,3.248942,3.2237816,3.551857,3.2196743,3.3733695,3.875693,2.9620457,2.7119308,2.7210724,3.0298193,3.6974485,3.5392156,3.6624043,3.695526,3.350331,3.785356,2.849237,2.7540457,2.9647202,3.1537066,2.689033,2.692454,3.4923406,3.3377087,3.1999443,3.897146,2.8368742,2.791942,3.4612134,3.4559705,2.8320115,3.7838173,3.2945251,2.6727245,3.8054068,3.4780912,3.744956,3.4692805,3.4568608,3.4110312,3.034193,4.292744
30,3.2750056,3.4267023,2.757792,2.9755423,3.5909686,3.4735808,3.4476829,3.4659557,3.7108493,2.9668972,3.1632533,3.177444,3.3754885,3.2821417,3.3740177,3.4102829,2.1708713,1.8395375,2.654107,2.2982247,2.953344,2.604909,2.958241,3.067134,2.2139606,2.2744825,2.0096257,2.0038629,3.1022327,3.2647514,0.0,1.5109076,3.418244,3.3955777,4.2980433,4.5297847,3.1787264,3.7559028,3.9275093,3.772391,2.7098358,2.683658,2.9854677,2.852314,4.039037,3.9771035,3.3264766,4.2921944,3.492802,3.6951468,3.0923088,3.4319708,3.7513056,3.4632862,3.8964396,3.922091,4.4730043,4.274354,4.6827326,4.250686,4.3037586,4.4094443,4.3184023,4.302982,3.616716,3.5317614,4.249037,3.8688042,4.689826,3.7654662,3.9732985,4.047427,3.3824484,3.3824484,3.4375749,3.6080272,3.5099282,3.5041754,3.7251058,3.707812,3.7343898,3.7012153,3.7942934,3.6368692,3.7319875,3.9798944,3.401246,3.5669425,3.3055806,3.7365448,3.3532944,3.55697,3.5236485,3.416668,2.9530857,3.1438398,4.3204165,4.542735,4.3773627,4.444723,4.395315,4.458754,3.864521,3.6389732,3.1966681,3.1229403,3.2014217,3.1897173,3.51452,3.6624522,3.9237883,4.5248456,3.1186574,3.2893195,3.6617095,3.3363113,3.132384,2.7368026,3.0203168,3.7430682,3.9075882,3.3763149,3.9337409,4.05641,3.5640113,3.6348464,3.3076377,4.09983
