,0,1,2,3,4,5,6,7,8,9,10,11,12,13,14,15,16,17,18,19,20,21,22,23,24,25,26,27,28,29,30,31,32,33,34,35,36,37,38,39,40,41,42,43,44,45,46,47,48,49,50,51,52,53,54,55,56,57,58,59,60,61,62,63,64,65,66,67,68,69,70,71,72,73,74,75,76,77,78,79,80,81,82,83,84,85,86,87,88,89,90,91,92,93,94,95,96,97,98,99,100,101,102,103,104,105,106,107,108,109,110,111,112,113,114,115,116,117,118,119,120,121,122,123,124,125,126,127
0,0.0,1.7206678,1.6265308,1.7384387,1.8099947,1.5309442,1.5928187,2.2258768,2.128915,1.9917725,1.496049,1.8811057,2.0817342,1.5207907,2.8968892,2.6305225,1.9469999,3.207506,1.9907655,2.0630999,3.9810123,2.9419672,3.5284638,3.8554854,3.362216,3.2102582,2.5951025,2.8234043,1.6969651,1.7038302,2.2678962,2.3208885,3.5295687,3.340763,2.6020863,2.4365346,2.3548276,2.3170297,3.4852135,2.4017928,2.6602726,3.1832764,3.0140483,2.4986358,2.7194858,2.7699113,3.018492,3.3113313,3.0001152,3.850443,2.3421214,2.2266085,2.6344018,2.7571597,3.690203,3.7347844,2.3468113,2.3678374,1.8684933,1.8380324,2.4518547,1.7507343,2.259613,2.274899,3.0990205,3.0789373,3.4093764,3.3713114,3.020542,3.0471249,3.007663,3.9089863,3.5827143,2.544983,2.108479,2.0586832,2.2810576,2.2398202,2.4571812,2.4491796,3.009168,2.8225646,3.282287,2.8475277,2.8603914,2.8603914,2.905193,2.9644892,2.9951231,3.0586948,3.1687648,3.3524916,2.819888,3.4685044,3.6240878,3.6578093,3.7828987,3.1646464,2.4899337,2.4796004,2.333402,2.3298833,1.9287493,2.4344442,3.6976793,3.5256822,4.566889,4.450009,3.6512685,3.3771017,4.5638037,4.369805,3.6357262,3.6579232,3.1314108,3.6347377,3.6886606,3.587559,3.6640105,3.645924,3.6108747,3.5199797,3.8684642,3.3593068,3.5681095,2.781395,3.1760416,3.4953244
1,1.7206678,0.0,1.2409196,1.5063866,1.3746325,1.7106054,1.2740616,2.0084293,2.5064213,2.481528,1.6988732,1.9032036,1.7920831,1.8419024,2.943309,2.7955546,2.1858563,3.085445,1.7218157,1.7398046,3.7520146,3.044901,3.634339,3.789155,3.0849168,3.2055662,2.8113067,2.7231169,2.008881,2.0323472,2.3739827,2.6370363,2.7240841,2.6836936,2.2811048,1.995735,2.7016723,2.6721804,3.1345427,2.6256359,2.1601684,2.445679,2.7092006,1.8146513,2.6413229,2.6239648,2.7709022,2.7732563,3.4030917,3.7187912,2.6846905,2.5897663,3.174146,3.3015077,3.7253857,3.9369187,2.1172235,2.1421604,1.6422707,1.5095879,2.0943632,1.5528221,1.9023858,1.8998067,2.9542692,2.9421887,3.0222597,3.0010684,2.733268,2.7326574,2.7159693,3.9013946,3.192443,2.0059328,1.7193947,1.7322965,2.1556752,1.7441416,1.9991456,1.9928551,2.4870503,2.3382432,2.7796645,2.4753027,2.042287,2.042287,2.1102946,2.118859,2.6665754,2.693908,3.1231933,3.2372825,2.4777267,2.8369792,3.193084,3.231726,3.7012365,3.10369,2.5585546,2.5736926,2.4554396,2.4569764,1.8870325,2.5001678,3.6488237,3.4801614,4.1264415,3.9397278,3.5358934,3.1611996,4.692931,4.1222744,2.9932487,2.9945064,2.413082,2.9740672,2.9676404,2.8727117,2.9922912,2.9830315,3.3211312,3.1998212,3.7621553,2.7376695,3.0947027,2.4467013,2.6405566,2.6867373
2,1.6265308,1.2409196,0.0,0.624202,1.1595318,1.8021879,0.801292,1.8242903,2.443129,2.4413803,1.66624,1.7353284,1.4645209,1.7084984,2.9833002,2.5455432,2.2230005,3.1768441,1.9534241,0.9372322,3.884785,3.1043737,3.8568182,3.9394252,2.9611497,3.0664456,2.7600791,2.6390996,1.9410461,1.9821732,2.3618174,2.5321846,2.8389819,2.7874713,2.0769913,1.5942469,2.2123985,2.1769845,2.7879205,2.194048,2.263531,3.2070076,2.3986297,1.4964157,2.5256634,2.4999099,2.7726328,2.802245,3.376897,3.7172918,2.6840663,2.5527773,2.8417082,3.2572694,3.793987,3.9596438,2.3671796,2.3916185,1.889632,1.8369169,2.3222194,1.624979,1.9827878,1.9785771,2.965481,2.8576615,2.568535,2.589765,2.6539388,2.6540017,2.597427,3.5617714,3.1807253,2.0141058,1.5875037,1.5888447,1.9172832,1.6598668,1.9381396,1.9248643,2.4395719,2.220366,2.7120316,2.388303,2.3561776,2.3561776,2.4698756,2.4937408,2.6109715,2.6935427,2.8157241,2.9714744,2.2378285,2.7352767,3.1661499,3.203206,3.5896661,2.9588327,2.2161632,2.2303097,2.3043642,2.3090632,1.7778012,2.385783,3.5526516,3.3826926,4.386095,4.234294,3.407325,2.995945,4.7233486,4.2352915,2.9865913,2.927499,2.3052354,2.9038105,2.9455876,2.8924088,2.9275615,2.9312758,3.2506962,3.138534,3.8836613,2.8073535,2.8647397,2.0601518,2.4141426,2.7303803
3,1.7384387,1.5063866,0.624202,0.0,1.4209574,1.8947845,1.134484,2.1570556,2.2411673,2.250146,1.6334149,1.7679343,1.6376971,1.7094212,3.050806,2.7151408,2.1729455,3.0728097,1.9043729,0.8983939,3.9362435,3.1862767,4.1112647,4.1795206,3.0182242,3.1947672,2.7268364,2.459782,2.0925822,2.1424022,2.3475254,2.5412583,2.6604397,2.5942829,2.0774038,1.5981073,2.0091386,1.9816353,2.815242,2.0711133,2.0301044,3.1930995,2.4843223,1.3656437,2.3982196,2.3954113,2.5298903,2.6590493,3.4725301,3.8110418,2.7580397,2.6310716,2.6365514,3.1596336,3.940718,4.063654,2.4925132,2.5164163,2.0796554,2.1446881,2.5796359,1.9325012,2.2873864,2.2786942,3.064759,2.983954,2.5653934,2.5480917,2.689732,2.6804163,2.619697,3.6826572,3.1496727,2.040973,1.6068829,1.5889609,2.0394564,1.7060183,1.9830766,1.961932,2.467653,2.3022413,2.6993353,2.4605603,2.4506972,2.4506972,2.5529168,2.6413624,2.7461188,2.8238275,2.9440255,3.0966625,2.2768614,2.735297,3.2808707,3.3279114,3.7343624,3.1289234,2.298088,2.3223484,2.5427887,2.5580626,1.9999317,2.637479,3.8283672,3.660123,4.637419,4.467005,3.665531,3.1718216,4.9220653,4.4823127,2.9448848,2.9591105,2.2764835,2.9346206,3.0249336,2.9609296,2.9425914,2.94964,3.4125042,3.3118482,4.1787133,3.0464332,3.1429112,2.1879218,2.6890433,2.9148335
4,1.8099947,1.3746325,1.1595318,1.4209574,0.0,1.2759725,1.255556,1.3598177,2.212116,2.3232574,1.6697807,1.658812,1.3390449,1.6059844,3.2354977,2.8871768,2.5702016,3.5014358,2.3646832,1.6983411,3.1367562,2.7082894,3.4603322,3.7222297,2.6245441,2.968313,3.0122142,2.908011,1.7319756,1.7571232,2.5069427,2.7758453,2.9899828,2.9285867,1.4157507,1.1529411,2.1679213,2.1215076,2.268031,2.0325797,2.3567595,2.8806286,2.386599,1.6129711,2.2002592,2.1554422,2.747516,2.5974436,2.9420154,3.269959,2.5026903,2.4108827,2.7756743,3.0492318,3.1097221,3.3730333,1.9191934,1.9475461,1.7549146,1.589633,1.7610644,1.6979988,1.2298462,1.2401367,2.2860708,2.4087653,2.1873813,2.220598,2.0570788,2.0548244,2.041171,3.6195228,3.2563481,1.6174506,1.1860248,1.2049782,1.4073637,1.0898913,1.2830875,1.2538373,1.7760234,1.768713,2.0644076,1.7079961,2.1136432,2.1136432,2.1185255,2.1466153,2.1556213,2.2027013,2.3172035,2.4271195,1.9556699,2.7785115,2.4909081,2.5022068,2.7613199,2.3023388,1.916661,1.910401,1.813137,1.8663938,1.6656656,1.8504212,2.9415922,2.8696055,4.070753,3.8869808,2.8357255,2.9944046,4.359726,3.7837546,2.6452727,2.6353776,2.414448,2.6707752,2.688575,2.6439893,2.680345,2.6796045,2.991092,2.6953328,3.3638194,2.2916923,2.8151796,1.8244953,1.8075383,2.6372976
5,1.5309442,1.7106054,1.8021879,1.8947845,1.2759725,0.0,1.8052144,1.6845759,2.1869273,2.248537,1.9124032,2.280362,1.9861168,1.390639,3.1810496,3.005823,2.3500128,3.330817,2.1458986,2.244334,3.143173,2.4425328,3.170643,3.656118,2.880407,3.1874814,2.8399122,2.8672042,1.6004366,1.600996,2.428347,2.684747,3.3325782,3.2029045,2.049598,1.8270185,2.1527817,2.0930555,2.6995234,1.9461591,2.489394,2.9467504,2.6759956,2.1039011,2.3978252,2.4700968,2.5617137,2.6704428,3.1172738,3.3382332,2.7799613,2.6769385,3.135321,3.374601,3.3135207,3.5815704,2.0383124,2.0644093,1.9576098,1.8358306,1.9503223,2.1192968,1.8933738,1.9031402,2.5045674,2.6219156,2.5054584,2.3843646,2.253515,2.2579165,2.256255,3.8178568,3.3276572,1.7724668,1.5912116,1.624882,1.7795589,1.5018458,1.6660511,1.6592498,1.9921806,2.0281246,2.3312693,2.0111809,2.283743,2.283743,2.2946036,2.291168,2.2988656,2.3153903,2.455978,2.552145,2.1725276,2.8642454,2.5730817,2.5654154,2.7752738,2.2883894,2.0909219,2.0831144,1.9861398,2.022704,1.9106023,1.9465907,2.8695533,2.775401,3.9944634,3.8010895,2.7770185,3.0656765,4.2825513,3.6600723,2.8727221,2.8227382,2.67109,2.8484566,2.9020026,2.7664354,2.8788843,2.875088,3.0842023,2.807275,3.4225976,2.3903275,3.3178248,2.130169,2.5581324,3.2046301
6,1.5928187,1.2740616,0.801292,1.134484,1.255556,1.8052144,0.0,1.7858615,2.6522171,2.6302543,1.8780439,1.9769835,1.6272873,1.78612,2.7215455,2.3859398,2.2501493,3.2221553,2.1015608,1.3557049,3.8592527,3.1227186,3.9586813,4.077352,3.18311,3.197407,2.8184338,2.6922588,1.8256218,1.8763037,2.382319,2.410493,2.940971,2.8947165,2.12939,1.7357378,2.082024,2.0510814,2.8494546,2.1039853,2.2670844,2.9835227,2.1359186,1.6285025,2.511852,2.5084605,2.8152132,2.7972627,3.264055,4.0064874,2.5405111,2.458612,3.1812844,3.3425655,3.8772185,4.060896,2.1186454,2.1476038,1.5711553,1.7023991,2.1504002,1.4321405,1.8197587,1.8107184,2.983274,2.9507294,2.8335779,2.8379884,2.7118661,2.701028,2.6605642,3.6552455,3.560095,2.0839179,1.6773903,1.6675347,1.8739407,1.7383643,1.9502728,1.9404405,2.5046089,2.414123,2.8152452,2.5085776,2.5507886,2.5507886,2.6847057,2.6444397,2.8691437,2.9189968,3.0495832,3.1860576,2.54703,3.058375,3.2450662,3.2919636,3.6818106,3.1371815,2.4063518,2.3809211,2.2827873,2.301182,1.4549202,2.3658245,3.4191785,3.2754395,4.285598,4.1537266,3.3571842,2.8896685,4.657626,4.143169,3.1178312,2.9811478,2.5258894,2.9569957,2.9649875,2.9553797,2.9453542,2.9484854,3.3338451,3.1841753,3.750215,2.7581866,3.0816119,2.1650245,2.4551494,2.8566895
7,2.2258768,2.0084293,1.8242903,2.1570556,1.3598177,1.6845759,1.7858615,0.0,3.0576158,3.1464944,2.5005193,2.5599003,2.284001,2.3695185,3.2101133,2.8621228,2.924037,3.619961,2.7386112,2.3429189,3.8679216,3.311606,3.7946203,4.0104256,3.3603425,3.3209705,3.3418632,3.371333,2.3961234,2.4293673,3.0055974,3.0548086,4.0112104,3.9216933,2.1875865,1.5077318,2.7887442,2.7512426,3.1240396,2.675963,2.9470797,3.4467912,2.8837955,2.3478594,2.9852629,2.9816709,3.1809845,3.1596816,2.9950984,3.3535058,3.0206237,2.9293354,3.6338263,3.8345037,3.8073387,4.0314,2.6516702,2.675658,2.3145242,2.2834773,2.4384825,2.341836,1.5947812,1.6013802,2.8359506,3.1172082,2.4703956,2.4792023,2.4788995,2.4948735,2.5141926,3.7468333,3.5291948,2.3122785,2.0764503,2.0875008,1.4463143,1.600066,1.7809377,1.7856262,2.440485,2.6484962,2.8175843,2.5006034,2.538977,2.538977,2.5797582,2.48726,2.835535,2.8761532,2.9797685,3.1373465,2.6492124,3.1691554,3.1443408,3.058369,2.8687246,2.1593416,1.2959434,1.2707187,1.037547,1.0820863,1.8580698,1.2966982,2.4957442,2.3165882,3.588405,3.423937,2.5958476,3.6385555,4.065494,3.3675044,3.4003828,3.269684,2.9237168,3.293189,3.2064593,3.215726,3.3076112,3.3201826,3.4445174,3.3066201,3.5069652,2.5319474,3.3181925,2.5333936,2.534636,3.219274
8,2.128915,2.5064213,2.443129,2.2411673,2.212116,2.1869273,2.6522171,3.0576158,0.0,0.52269804,1.198404,1.4086603,2.18487,1.8216279,3.7450867,3.6733558,2.80018,3.6278932,2.838328,2.6625953,3.726418,3.49268,4.2651653,4.5069537,3.053554,3.5168035,3.234439,2.9446664,2.2507906,2.2593436,2.4792984,2.849799,3.0394897,2.867008,2.2601805,2.4262729,2.364536,2.3571584,3.2463925,2.420512,2.6744955,3.2729106,3.4258587,2.5974405,2.3150644,2.3576627,3.1170094,3.1553764,3.5585544,4.0812826,3.0418065,2.8768637,1.9046711,2.3329847,3.639283,3.6674786,2.526175,2.513149,2.7714088,2.6189244,3.1044598,2.7581117,2.8284543,2.8580341,2.681679,2.8433583,3.4133258,3.4207573,3.1157932,3.1261806,3.1055884,4.582129,3.9197788,2.6384363,2.1932423,2.1772447,2.9183235,2.5015764,2.6362538,2.5836825,3.0099325,2.9819162,3.1778026,2.901932,3.3694663,3.3694663,3.2292006,3.4548786,3.295769,3.3876731,3.4484508,3.4847317,2.8153527,3.6578684,3.548674,3.6006517,3.5486057,3.502026,3.0517325,3.0902925,3.1979809,3.277657,2.8907492,3.103344,4.497492,4.5245156,5.475221,5.3150005,4.342501,4.1324954,5.258285,5.0732064,3.378342,3.7247958,3.3567939,3.810569,3.7676485,3.6768358,3.825606,3.7901702,4.343293,4.0019445,4.5224004,3.89345,3.996685,3.1958196,3.3083715,3.8385844
9,1.9917725,2.481528,2.4413803,2.250146,2.3232574,2.248537,2.6302543,3.1464944,0.52269804,0.0,1.1432419,1.3831602,2.1493204,1.7035173,3.7439597,3.6404824,2.6396883,3.5672948,2.8199027,2.6959503,3.9367297,3.6758616,4.30368,4.505357,3.2251601,3.6207206,3.0571663,2.970276,2.224462,2.2345324,2.2711554,2.6596158,3.1590257,2.9803336,2.4999332,2.63206,2.3939724,2.3922255,3.5108063,2.490716,2.7557158,3.3854446,3.5881348,2.7558146,2.4064791,2.459604,3.15083,3.2330806,3.5901597,4.292265,2.9670496,2.8139055,2.0045476,2.3138125,3.8462026,3.8311443,2.4652047,2.449554,2.7002175,2.6406205,3.2057335,2.7132154,2.912519,2.937324,3.031722,3.1297822,3.6624846,3.657522,3.279009,3.293859,3.2632446,4.685364,3.958365,2.713891,2.2982957,2.2791505,3.0008726,2.6048746,2.7312562,2.6859255,3.2436178,3.1039677,3.3827717,3.0776417,3.5379467,3.5379467,3.4360275,3.6458724,3.4536192,3.5186288,3.5681186,3.6067576,2.833137,3.6509252,3.7207615,3.7834368,3.7680264,3.7208352,3.147498,3.1798875,3.2543018,3.34555,2.8688424,3.1545932,4.6106224,4.6402235,5.5982885,5.4336534,4.4687743,4.1883664,5.3768034,5.22853,3.6979332,4.006705,3.5203147,4.076692,4.051322,3.9467611,4.094433,4.0616546,4.505917,4.173078,4.720403,4.0146456,3.9657466,3.3020043,3.4745386,3.981048
10,1.496049,1.6988732,1.66624,1.6334149,1.6697807,1.9124032,1.8780439,2.5005193,1.198404,1.1432419,0.0,0.73127526,1.8332763,1.6870618,3.1889188,2.9239461,2.2899861,3.3204732,2.521871,2.1419387,3.818655,3.3351054,3.9636228,4.112263,3.004391,3.2056572,2.7887266,2.7389717,2.0791636,2.0962162,2.1976998,2.48258,3.0091517,2.9113595,2.1719742,2.1175733,2.2746365,2.266754,3.1677318,2.335809,2.5329254,3.1004698,3.124778,2.1748476,2.292665,2.296196,3.0762951,3.1388981,3.387938,4.064262,2.668749,2.490776,2.1147218,2.298814,3.597595,3.6896813,2.0554023,2.060374,1.9311053,1.8172165,2.4957664,1.8524581,2.1294887,2.1505594,2.676108,2.74239,3.3258388,3.3462086,2.9397073,2.9553647,2.923805,4.269482,3.442728,2.3479369,1.8452915,1.8361828,2.506218,2.1167946,2.3597543,2.3123217,2.8466897,2.673302,3.1229894,2.717962,2.9426107,2.9426107,2.8292744,3.012337,2.9863932,3.0311778,3.1623342,3.2629118,2.5986,3.160117,3.370066,3.4190757,3.7492106,3.3645518,2.7349143,2.7624967,2.7656033,2.8049467,2.3565485,2.8188958,4.283139,4.200866,5.1774955,5.046701,4.1729984,3.8231707,5.193537,4.8720922,3.1555724,3.4299967,2.8502388,3.4812021,3.4746363,3.3934488,3.520351,3.484513,3.876895,3.6852973,4.147937,3.3719647,3.4655006,2.8806717,2.9285204,3.5419672
11,1.8811057,1.9032036,1.7353284,1.7679343,1.658812,2.280362,1.9769835,2.5599003,1.4086603,1.3831602,0.73127526,0.0,1.625038,1.8807893,3.4674103,3.1297204,2.6564481,3.6141484,2.8193443,2.1619473,3.8456774,3.5561056,4.1132364,4.201011,2.9805074,3.2006385,3.0858157,3.0230253,2.2106023,2.2310433,2.397053,2.691897,3.0438356,2.9504414,2.0358984,2.1107354,2.4928067,2.4843638,3.1311252,2.561714,2.7026002,3.2400048,3.2281165,2.3188815,2.3907967,2.3321905,3.3404396,3.259771,3.2634284,4.0237184,2.5638745,2.405985,1.9061502,2.1099117,3.5074553,3.5495667,2.1968808,2.195547,2.1581216,2.01278,2.6480906,1.9739518,2.0988212,2.1239643,2.7840414,2.8712478,3.3279552,3.4148788,2.9665644,2.9862456,2.9487638,4.280326,3.6407602,2.47172,1.9105914,1.8846917,2.5219316,2.1918757,2.3698602,2.3199244,2.9447968,2.7385721,3.1301003,2.7269578,3.0936134,3.0936134,2.98674,3.1782753,3.0672445,3.1346905,3.2123551,3.3010683,2.6177304,3.3792155,3.4445245,3.4987469,3.6613486,3.4026325,2.764339,2.7990007,2.7764318,2.8420923,2.4073749,2.8000982,4.2928147,4.26144,5.2396846,5.1082706,4.1787896,3.8906167,5.198208,4.977779,3.3510115,3.6266806,3.0963273,3.6847365,3.6544144,3.6062548,3.7136278,3.6824574,4.0237117,3.7687447,4.2710996,3.5335772,3.3241105,2.9159467,2.7429214,3.3816786
12,2.0817342,1.7920831,1.4645209,1.6376971,1.3390449,1.9861168,1.6272873,2.284001,2.18487,2.1493204,1.8332763,1.625038,0.0,1.1432178,3.4670908,3.1582515,2.5367103,3.3977163,2.4827619,1.6088973,3.3024457,3.278876,3.808735,3.9268048,2.6075008,2.93891,2.9464166,2.846961,1.5325857,1.5757464,2.0139098,2.4701455,2.5917377,2.4816406,1.6861618,1.8608001,2.2073421,2.1611118,2.5312457,2.102721,2.3404353,3.060721,2.7605026,1.9944291,2.5095518,2.461966,3.0139046,2.7152636,2.9977245,3.546085,2.2566593,2.1326413,2.6413567,2.9753456,3.315055,3.3700757,1.8949177,1.8929061,2.0648644,1.923167,2.418698,2.0233593,2.0906663,2.1076143,2.9386551,2.972833,2.7086747,2.808708,2.4450324,2.4531724,2.3898714,4.0691147,3.4075634,1.6475235,1.2920232,1.2949107,1.9480219,1.6503611,1.6986777,1.6785185,2.4263766,2.1304386,2.4781258,2.2181807,2.7994318,2.7994318,2.8784544,2.9008718,2.689143,2.736121,2.7450984,2.7585063,1.8750443,3.0154607,2.9569297,3.0409164,3.098358,3.0541646,2.6964674,2.720173,2.652916,2.7645118,2.1269147,2.4766326,3.4912376,3.5554402,4.6295724,4.446029,3.2658005,2.8756769,4.5282187,4.2555547,3.4127076,3.3656638,2.92897,3.4055297,3.4073596,3.3016617,3.4313045,3.4302766,3.739161,3.301593,4.020431,3.0695662,2.7770889,2.241465,2.226388,2.779788
13,1.5207907,1.8419024,1.7084984,1.7094212,1.6059844,1.390639,1.78612,2.3695185,1.8216279,1.7035173,1.6870618,1.8807893,1.1432178,0.0,3.2391784,3.0845003,2.0614893,3.056984,2.0890083,1.8796858,3.2976544,3.0064185,3.589156,3.852971,2.7706466,3.0383494,2.5859852,2.5908613,1.182598,1.2157915,1.6567242,2.1119516,2.7988968,2.6038396,2.0215755,2.1168478,1.9086423,1.8534211,2.8440685,1.813266,2.2142272,2.978383,2.889646,2.1853511,2.4481168,2.5027244,2.6823406,2.6579351,3.0001209,3.5836465,2.2998767,2.1676774,2.6637514,2.9761295,3.438403,3.4688337,1.8361793,1.8361,2.0115561,1.9647101,2.4667096,2.1448278,2.362144,2.3780262,2.9796064,3.024053,2.891438,2.8703518,2.4997911,2.5119805,2.4569278,4.13425,3.3794873,1.6872122,1.4229546,1.4177462,2.0321212,1.7376777,1.8223549,1.8100978,2.4975731,2.258995,2.6117268,2.339739,2.8383956,2.8383956,2.9163542,2.9477777,2.763302,2.7917387,2.8265908,2.8570666,2.010423,3.0376475,3.049018,3.1239939,3.13768,3.0261505,2.6502469,2.667587,2.6226661,2.7261136,2.1136734,2.4383385,3.4689646,3.5022583,4.5996113,4.4105144,3.2695885,2.9348776,4.452,4.1958265,3.4985452,3.462043,3.0186224,3.4904835,3.5324547,3.3712306,3.5193574,3.5139177,3.7658513,3.3672452,4.0441155,3.1421647,3.1997833,2.3803372,2.7660415,3.2159688
14,2.8968892,2.943309,2.9833002,3.050806,3.2354977,3.1810496,2.7215455,3.2101133,3.7450867,3.7439597,3.1889188,3.4674103,3.4670908,3.2391784,0.0,1.2989249,3.3578854,2.5761902,3.158248,3.136449,4.401752,4.085507,4.6203904,4.814123,4.5206027,3.5841346,4.0573583,3.9315138,3.347273,3.3720412,3.5264356,2.898478,3.72719,3.617601,3.6255093,3.4682014,3.5124454,3.4885213,4.3508854,3.5880506,3.3450673,3.6698484,3.497317,3.4364936,4.14294,4.246165,3.9917538,3.9437506,4.240525,4.4388447,3.698429,3.5573967,4.38782,4.574871,4.5093746,4.6130652,3.246785,3.2701912,2.8558712,3.0137453,3.4713984,3.2297275,3.4448593,3.4416847,4.1792083,4.482665,3.9633236,3.9598475,3.822939,3.8352106,3.8067148,5.1539397,4.252733,3.411788,3.093499,3.0664146,3.140072,3.1747558,3.4044995,3.378273,3.87577,3.809349,4.368428,3.8036292,3.644797,3.644797,3.6999357,3.6203842,4.2531414,4.2416644,4.578081,4.644762,4.108148,4.3412037,4.4078,4.4547944,4.649035,4.150314,3.6639373,3.7014532,3.6069367,3.6436894,3.2572773,3.7845428,4.3131876,4.161542,4.419249,4.57062,4.3201694,3.929874,5.0050025,4.557339,4.31153,4.1990523,3.7846825,4.2048697,4.2859125,4.2143106,4.240801,4.226299,4.4706616,4.414597,4.4313993,3.657722,4.365707,3.70364,3.954441,3.9985502
15,2.6305225,2.7955546,2.5455432,2.7151408,2.8871768,3.005823,2.3859398,2.8621228,3.6733558,3.6404824,2.9239461,3.1297204,3.1582515,3.0845003,1.2989249,0.0,3.248084,2.836879,3.2478566,2.830794,4.3672066,3.9496832,4.3553658,4.495954,4.2285824,3.2775545,3.6370373,3.92939,3.199494,3.2222793,3.4074636,2.7997186,3.844212,3.7669785,3.4171045,3.216292,3.3300674,3.299931,4.044711,3.3595915,3.5001483,4.040567,3.3426101,3.2341955,3.7692168,3.8450973,3.8461792,3.7706022,4.1053004,4.3358946,3.526628,3.3528266,4.135645,4.3641562,4.320175,4.452188,3.093905,3.1213586,2.616644,2.75327,3.1543503,2.8813384,3.0695555,3.064387,4.076709,4.2408805,3.6910334,3.7253551,3.6403463,3.662169,3.6159058,4.7957377,4.0002728,3.2422194,2.881196,2.8714223,2.8961911,2.9949267,3.23444,3.2140872,3.7083538,3.4914916,4.2989283,3.5656936,3.5539722,3.5539722,3.6002052,3.520021,3.7005532,3.6920035,3.907706,4.003534,3.5763836,3.7795987,3.9123518,3.9476526,4.445662,3.8540158,3.3763797,3.4203205,3.3067324,3.3275397,2.991489,3.5275414,4.123852,3.9420352,4.507955,4.681103,4.1074686,3.7061696,5.0859437,4.6146774,4.114201,3.9980347,3.5690074,3.9906902,4.095047,4.0280066,4.0625777,4.0513525,4.128659,4.1090198,4.29693,3.363541,3.8547037,3.3655756,3.5300908,3.8567243
16,1.9469999,2.1858563,2.2230005,2.1729455,2.5702016,2.3500128,2.2501493,2.924037,2.80018,2.6396883,2.2899861,2.6564481,2.5367103,2.0614893,3.3578854,3.248084,0.0,2.558026,2.230492,2.3821344,4.269517,3.3241718,4.058964,3.608226,2.8941264,2.8557644,1.5335627,1.6077228,2.8315172,2.8850656,1.2960488,1.6230298,3.5367863,3.3796012,2.8847983,2.767151,2.5914404,2.569956,3.8396425,2.6460726,1.9362334,3.2262225,3.972763,2.6832848,3.154256,3.205104,3.0573566,3.4560149,3.4742815,4.266146,2.810196,2.6638005,3.3170803,3.375913,4.491773,4.2653594,2.7252197,2.7512121,2.2344139,2.3526359,2.8440096,2.188858,2.9187498,2.9258623,3.4611447,3.3719065,3.6362495,3.5905247,2.711194,2.7216,2.6823103,3.7755494,2.9908328,2.7120266,2.4109755,2.3729792,2.5602987,2.4423711,2.7188408,2.7197404,3.0073972,3.0341763,3.3593159,3.1103342,3.0476286,3.0476286,3.1409116,3.1398902,3.3415213,3.3167138,3.518343,3.6823816,3.0361147,2.9574087,3.9260178,3.9666746,4.250426,3.62038,3.020063,3.0340292,2.9706392,2.9490085,2.5095112,3.0171387,4.0820026,3.8864913,4.8022876,4.630928,3.9535422,3.5012038,4.7320366,4.4849925,3.8473794,3.8032548,3.1912043,3.745692,3.7532053,3.5938382,3.7518497,3.7393982,3.8658469,3.8351128,4.133482,3.6829453,3.5366368,3.1523268,3.5967307,3.8106062
17,3.207506,3.085445,3.1768441,3.0728097,3.5014358,3.330817,3.2221553,3.619961,3.6278932,3.5672948,3.3204732,3.6141484,3.3977163,3.056984,2.5761902,2.836879,2.558026,0.0,2.614948,2.9213212,4.29332,4.126982,4.4945726,4.21508,3.9728413,3.0507107,2.971522,3.2181323,3.8072817,3.8472333,2.8212254,2.6240342,3.415604,3.1970725,3.6490583,3.5374641,3.829494,3.807197,4.726554,3.8783696,2.527912,3.631387,4.33389,3.4817376,4.068478,4.1564236,3.190589,3.3976467,4.2578964,4.092922,3.7843518,3.610928,4.20459,4.6192718,5.139725,4.9170732,3.7222059,3.748663,3.4319928,3.5387106,3.9333694,3.8277738,4.0368147,4.044157,4.2059975,4.50983,3.6608016,3.6508417,3.3993907,3.42949,3.4014342,5.269308,3.7338936,3.447672,3.2247427,3.1801984,3.2335017,3.2079175,3.524437,3.5098135,3.6354978,3.594769,4.172265,3.6247718,3.2717452,3.2717452,3.3920255,3.3376446,4.1059623,3.959893,4.466427,4.540468,3.6883845,3.5904891,4.441579,4.482316,4.6540585,4.038686,3.5884898,3.6454828,3.820459,3.8580496,3.4164867,3.9991438,4.5477495,4.3524675,4.5217104,4.4886875,4.366311,3.960475,4.3601384,4.1376886,4.5678616,4.5319486,4.1227922,4.504734,4.4632525,4.2962837,4.5482135,4.542896,4.6412387,4.6435485,4.6136293,4.0913286,4.1639347,3.8981736,4.3759294,3.9936254
18,1.9907655,1.7218157,1.9534241,1.9043729,2.3646832,2.1458986,2.1015608,2.7386112,2.838328,2.8199027,2.521871,2.8193443,2.4827619,2.0890083,3.158248,3.2478566,2.230492,2.614948,0.0,1.7545928,4.1094813,3.032751,3.744778,3.9516087,3.4830687,3.3595061,2.9194458,2.764122,2.4130554,2.4278767,2.7052848,2.8871841,2.8218231,2.588358,2.9641223,2.6858532,3.180224,3.137765,3.8362596,3.145753,2.0554693,2.818424,3.0774589,2.443082,3.204175,3.2445233,2.4862976,2.8560379,3.674959,3.4990542,3.131043,3.0394332,3.3315282,3.8348472,4.356827,4.379789,3.2944942,3.3156376,2.8754473,2.7285032,3.1528149,2.7838888,3.22842,3.2357705,3.5093446,3.4673781,3.0801487,3.001152,3.168113,3.1795447,3.1492093,3.992824,3.6448433,2.7882996,2.520161,2.4775698,2.7274873,2.533933,2.784024,2.794179,2.9588385,2.870963,3.215913,2.9473073,2.1734972,2.1734972,2.4053357,2.4074423,3.145918,3.2195187,3.6986172,3.8458352,3.0036404,3.4516294,3.9226558,3.9577396,3.9858317,3.269677,2.7539282,2.7837746,2.9284072,2.9088435,2.3417218,2.9498281,3.8229444,3.595291,3.8909779,3.6716883,3.616957,3.1282735,4.1558003,3.9003193,3.6457722,3.5826504,3.1762235,3.5051315,3.4722495,3.3351314,3.507084,3.5129447,3.6590495,3.6278572,4.138595,3.5946589,3.7208066,2.8495226,3.5685515,2.7583835
19,2.0630999,1.7398046,0.9372322,0.8983939,1.6983411,2.244334,1.3557049,2.3429189,2.6625953,2.6959503,2.1419387,2.1619473,1.6088973,1.8796858,3.136449,2.830794,2.3821344,2.9213212,1.7545928,0.0,3.8540301,3.1926434,4.032701,4.107306,3.0589952,3.0163789,2.883465,2.6211276,2.2141373,2.2604842,2.5599358,2.7921884,2.4890013,2.375915,2.21078,1.8523775,2.4760776,2.4357986,2.932596,2.4806454,2.0312912,3.2031748,2.4232948,1.5521524,2.7845397,2.7506921,2.6174781,2.6812718,3.4182334,3.5502574,2.7264693,2.5951226,2.8129606,3.4397502,4.012267,4.07178,2.838587,2.863906,2.4278672,2.348465,2.7765982,2.2902784,2.6062562,2.6088862,3.1376934,3.1001415,2.4294045,2.48382,2.7513304,2.7531214,2.6850803,3.8515465,3.285601,2.2177713,1.8340905,1.7934431,2.1371841,1.9711776,2.2516015,2.2403765,2.525402,2.329776,2.7501345,2.4965832,2.3030627,2.3030627,2.4961023,2.5179822,2.8202162,2.8707194,3.0642557,3.216353,2.3905058,2.962135,3.4508915,3.5058346,3.8015013,3.1339827,2.503969,2.5227597,2.7623582,2.767521,2.1186714,2.870171,3.77563,3.5814059,4.444843,4.2690134,3.5410426,2.845583,4.4336286,4.113279,3.2065337,3.1185083,2.5920873,3.075734,3.1041572,3.0313845,3.097742,3.1107411,3.426815,3.3554277,4.0135546,3.2086742,3.1247094,2.2988467,2.7867525,2.6290576
20,3.9810123,3.7520146,3.884785,3.9362435,3.1367562,3.143173,3.8592527,3.8679216,3.726418,3.9367297,3.818655,3.8456774,3.3024457,3.2976544,4.401752,4.3672066,4.269517,4.29332,4.1094813,3.8540301,0.0,2.5127554,3.018039,3.6015503,3.0091808,3.196198,4.5916557,4.4763956,3.5879378,3.5623324,4.08464,4.3588195,3.5592902,3.4611757,2.880183,3.5692527,3.9438047,3.8694317,2.8286166,3.6698542,3.6723926,3.6500168,3.9198916,3.7289035,3.9006143,3.885521,4.083451,3.6790097,4.0139165,3.3203723,3.7644358,3.7134557,4.1210546,4.3855233,2.8286333,3.0262842,3.2687252,3.3081102,3.6192358,3.2581365,2.65676,3.960543,3.407916,3.4282207,2.9326577,3.3655722,2.8317838,2.8930314,2.4056878,2.4145274,2.4179199,5.1667395,4.473728,3.0690587,2.9633527,2.9683342,3.2497246,3.137239,3.1629899,3.124028,2.1713355,2.1440022,2.3424954,1.9072815,2.987951,2.987951,2.9048536,2.8871272,2.8692698,2.6051662,2.8702402,2.7176208,3.391124,4.163982,2.365296,2.4863527,2.8739316,2.9541116,4.120067,4.1320252,4.025212,4.07986,3.70182,4.029471,3.5130744,3.610814,4.5015464,4.4087663,3.20021,2.937625,4.1907773,3.7231627,3.2659287,3.2272894,4.2752247,3.3099203,3.4481385,3.259415,3.3681552,3.3515604,3.1431675,2.591803,3.0352051,2.8067021,3.6563385,2.9363184,2.7380874,3.4431288
21,2.9419672,3.044901,3.1043737,3.1862767,2.7082894,2.4425328,3.1227186,3.311606,3.49268,3.6758616,3.3351054,3.5561056,3.278876,3.0064185,4.085507,3.9496832,3.3241718,4.126982,3.032751,3.1926434,2.5127554,0.0,2.2038205,2.7165825,2.607184,2.8209617,3.90319,3.6660721,3.2003531,3.1637387,3.7277253,3.877888,3.7684848,3.6261673,2.9692247,3.2904723,3.6246138,3.5368001,2.934029,3.3686097,3.2546759,3.573244,3.5680666,3.3161259,3.7058911,3.7017944,3.8242261,3.9107683,3.8948648,3.244778,3.6059039,3.5398812,3.7292836,4.0578594,3.1228209,3.2751362,3.526108,3.574378,3.2739718,2.7243762,2.0993497,3.0769327,3.1358802,3.1548889,2.6919065,2.5320992,2.7373302,2.6910641,2.3748229,2.3883817,2.3666663,3.4069884,4.140105,3.2630877,2.92892,2.9147885,3.0771909,3.0393684,3.201919,3.188069,2.033283,2.071247,2.3535695,1.9296415,2.2074304,2.2074304,2.2053137,2.1900532,2.2867742,2.291737,2.5761461,2.702955,3.5044231,3.98211,2.7708743,2.8230875,3.105473,2.3473277,3.4346123,3.443858,3.2932975,3.2005367,2.8904116,3.331994,3.0691073,2.8703415,3.7888224,3.7028654,2.7961473,2.2838693,4.025914,3.591901,2.64525,2.5025618,3.6672623,2.4250896,2.592462,2.4072433,2.4612546,2.4376485,1.6220491,1.4672152,2.3643332,2.68753,3.33338,2.2266245,2.6169941,2.8133843
22,3.5284638,3.634339,3.8568182,4.1112647,3.4603322,3.170643,3.9586813,3.7946203,4.2651653,4.30368,3.9636228,4.1132364,3.808735,3.589156,4.6203904,4.3553658,4.058964,4.4945726,3.744778,4.032701,3.018039,2.2038205,0.0,1.8503629,3.5899885,3.386217,4.5586596,4.9583597,3.896349,3.8261552,4.314105,4.506427,4.807337,4.6478105,4.0932846,4.324704,4.8724866,4.7896223,4.2923183,4.6103907,4.5016146,4.647367,4.660974,4.537148,4.838999,4.8242626,4.8065753,4.835649,4.5178413,3.5125334,4.2729597,4.2134104,4.5579066,4.852947,3.7457473,3.873997,4.149354,4.19412,3.9809654,3.3929565,2.9776304,3.9011133,3.805418,3.8274179,3.7403827,3.692081,3.5587387,3.5508244,3.322181,3.3918478,3.358831,4.575551,4.7862515,4.1021132,3.8863432,3.8901541,3.8564227,3.8881876,4.06657,4.0567904,3.2175233,2.6674068,3.3588967,2.6730964,2.910985,2.910985,2.939154,2.8758478,3.1516387,2.949173,3.2753139,3.332225,4.0606027,4.511853,3.4636216,3.496548,3.4406228,2.7488887,3.9106262,3.9166615,3.688157,3.6348116,3.4959326,3.761946,3.301464,3.1524537,3.8767207,3.8072116,3.0630875,3.0885975,3.9250026,3.535716,4.1350574,4.0308785,4.88024,3.9983518,4.059569,3.8546364,4.108629,4.0840526,2.5342703,2.4426734,2.7195802,2.990946,3.0426288,3.0556965,3.301539,3.4626658
23,3.8554854,3.789155,3.9394252,4.1795206,3.7222297,3.656118,4.077352,4.0104256,4.5069537,4.505357,4.112263,4.201011,3.9268048,3.852971,4.814123,4.495954,3.608226,4.21508,3.9516087,4.107306,3.6015503,2.7165825,1.8503629,0.0,2.9966633,2.7642365,4.114232,4.5109444,4.4642572,4.430639,3.8814266,4.0346236,4.9550014,4.8151345,4.1741304,4.4186845,4.998538,4.92568,4.5791903,4.778861,4.262807,4.891247,5.3121557,4.693663,5.0357265,5.0054803,5.052809,5.1028376,4.7485747,3.9475732,4.4832706,4.3881826,4.7417803,4.9947033,4.3986135,4.211619,4.3958893,4.439299,4.135706,3.6025765,3.2398226,3.8898625,4.02311,4.0444016,3.9580207,3.7732978,3.731141,3.780692,3.049282,3.1227503,3.0802665,3.9746938,4.573836,4.362982,4.0606833,4.0614195,3.963167,4.0117846,4.230396,4.221374,3.3126848,2.9243143,3.5666854,2.896981,3.2087543,3.2087543,3.2533019,3.1716528,3.4316835,3.2577324,3.5572813,3.6331851,4.2438164,4.2883544,3.7994916,3.8287032,3.6960135,3.0385785,4.004919,4.037061,3.790278,3.723655,3.583928,3.8194036,3.5216749,3.3884137,4.0047197,3.9566698,3.2654142,3.2688603,4.15429,3.8253765,4.3514085,4.2358103,5.0116773,4.177219,4.140345,3.949339,4.255887,4.2298307,2.7939808,2.7440047,2.9789066,3.3456566,2.4454362,3.190073,3.3214903,3.4736273
24,3.362216,3.0849168,2.9611497,3.0182242,2.6245441,2.880407,3.18311,3.3603425,3.053554,3.2251601,3.004391,2.9805074,2.6075008,2.7706466,4.5206027,4.2285824,2.8941264,3.9728413,3.4830687,3.0589952,3.0091808,2.607184,3.5899885,2.9966633,0.0,2.0251617,3.2076347,2.6956701,3.3264582,3.344281,2.663408,3.0732749,3.3671336,3.289482,2.2164638,2.797215,3.215986,3.1492558,2.5086086,2.9216018,2.6982021,3.6920867,4.1464863,3.0195801,3.2796528,3.2232368,3.9101164,3.7119029,3.8565803,3.575868,3.5471537,3.3590384,3.3668969,3.7047992,3.3924644,3.2024307,3.187135,3.2006233,3.272173,2.7311997,2.5234752,2.9193563,3.0372157,3.0693285,2.6378136,2.3755672,2.7759423,2.9097471,1.7954522,1.7965028,1.7546161,3.143149,3.4737973,2.81274,2.4479966,2.4803507,2.9531927,2.7060409,2.8081148,2.7863858,2.0690343,2.300258,2.4594269,2.2070417,2.984224,2.984224,2.896692,2.9201791,2.3537953,2.4929142,2.5010393,2.4976058,2.8209941,3.1897845,2.6145756,2.662931,2.8096988,2.7620437,3.4940836,3.5746553,3.448025,3.4369183,3.173079,3.201804,3.5968819,3.6474555,4.6235676,4.51581,3.2244425,2.9239419,4.69494,4.355222,2.8264933,2.8141084,3.3930545,2.8369758,2.745425,2.5666456,2.8701668,2.8446202,3.1287324,2.647337,3.4805121,3.2798865,2.832001,2.5274632,2.231532,2.9666805
25,3.2102582,3.2055662,3.0664456,3.1947672,2.968313,3.1874814,3.197407,3.3209705,3.5168035,3.6207206,3.2056572,3.2006385,2.93891,3.0383494,3.5841346,3.2775545,2.8557644,3.0507107,3.3595061,3.0163789,3.196198,2.8209617,3.386217,2.7642365,2.0251617,0.0,3.23251,3.1322846,3.61625,3.637089,2.9331508,2.874034,3.675963,3.4778817,2.642126,3.1830592,3.7475789,3.673651,3.4476352,3.5638716,2.8347785,3.7071571,4.352049,3.472537,3.9227304,3.8943467,4.1449018,4.036743,3.3536716,3.1205347,3.1462383,2.9064023,3.4857006,3.7801354,3.6125762,3.1768844,3.4988382,3.525789,3.263256,2.7780445,2.7545896,3.126913,3.2261474,3.2615597,3.277712,3.402269,3.0353534,3.2284653,2.0733798,2.1453507,2.0825965,3.7163951,3.5712698,3.2563004,2.7622077,2.7198036,2.8609135,3.0013292,3.2086053,3.189526,2.7459652,2.8091905,3.3286436,2.6701667,2.931552,2.931552,2.8869658,2.8519244,2.8493674,2.8677788,3.1346016,3.2367136,3.3824165,3.7067266,3.3014112,3.3291595,3.3122292,2.7647555,3.3975832,3.5136697,3.3444583,3.3114622,3.0738597,3.3636107,3.5551333,3.4273214,4.0622706,4.1420074,3.2631352,2.917954,3.9111724,3.9519167,3.6648319,3.5971484,3.9845867,3.5734572,3.5032585,3.3383915,3.6627848,3.6407971,3.355585,3.201712,3.3439817,3.5525997,3.114919,3.121832,2.8710983,3.0089839
26,2.5951025,2.8113067,2.7600791,2.7268364,3.0122142,2.8399122,2.8184338,3.3418632,3.234439,3.0571663,2.7887266,3.0858157,2.9464166,2.5859852,4.0573583,3.6370373,1.5335627,2.971522,2.9194458,2.883465,4.5916557,3.90319,4.5586596,4.114232,3.2076347,3.23251,0.0,2.150049,3.2554703,3.3153322,1.8755109,2.226799,3.8687572,3.738669,3.1925507,3.1024113,2.913844,2.9064271,4.0984373,2.914434,2.5034056,3.689593,4.2819285,2.9867344,2.771676,2.8205736,2.6965098,3.1080723,3.7405715,4.6041374,3.1637602,3.0020916,3.6464179,3.6795921,4.860594,4.6380076,3.0728056,3.0917678,2.7421415,2.9501631,3.3041818,2.8403685,3.296205,3.3046508,3.8263,3.7078137,3.9723818,3.9438372,3.1536984,3.1600661,3.140588,4.309966,3.1892061,2.9891598,2.8131251,2.7966144,2.9495199,2.8756514,3.0828922,3.0997849,3.407931,3.459605,3.9760103,3.5690913,3.5751336,3.5751336,3.6363175,3.614641,3.223174,3.1669157,3.3197496,3.4817111,2.7099555,2.4847672,3.8144593,3.835018,4.588903,4.026157,3.4845235,3.4950953,3.4587646,3.4498343,3.0790715,3.5128632,4.5384502,4.358167,5.326262,5.179086,4.3794904,3.963626,5.0894375,4.8553977,4.203667,4.193481,3.5120182,4.1342516,4.113493,3.9541714,4.156676,4.1517477,4.4013033,4.3648477,4.623359,4.1513557,4.031375,3.715351,4.0367594,4.3645806
27,2.8234043,2.7231169,2.6390996,2.459782,2.908011,2.8672042,2.6922588,3.371333,2.9446664,2.970276,2.7389717,3.0230253,2.846961,2.5908613,3.9315138,3.92939,1.6077228,3.2181323,2.764122,2.6211276,4.4763956,3.6660721,4.9583597,4.5109444,2.6956701,3.1322846,2.150049,0.0,3.1254091,3.2052512,1.889783,2.3232892,3.2362916,3.1431274,2.641428,2.6123714,2.3703098,2.3592534,3.405605,2.3753455,1.5767444,3.0567927,3.8842602,2.3270195,3.0142257,3.0462115,3.1394331,3.412315,3.7223525,4.535444,3.1925862,3.0062008,3.431058,3.5223155,4.6312394,4.433001,3.0342243,3.0424554,2.7434757,2.755397,3.1762655,2.594798,3.232408,3.2449732,3.3365023,3.2322452,3.7151532,3.6993122,2.8445761,2.8118134,2.7928088,3.7602053,3.0338566,2.692527,2.4462593,2.429006,2.9059696,2.6375606,2.839479,2.8360393,3.0247588,3.4295778,3.397972,3.476251,3.3979497,3.3979497,3.4220657,3.44223,3.5114195,3.6159143,3.7449043,3.8790064,3.2251427,3.1407013,4.016177,4.048077,4.440567,3.9768188,3.5284781,3.5685534,3.597145,3.5651085,3.1332445,3.5216994,4.56505,4.4114456,5.301122,5.115888,4.3754063,3.7875216,5.2328258,4.951512,3.4711578,3.4421067,2.7832396,3.4069383,3.3483102,3.2246392,3.3818848,3.3727632,4.251704,4.149615,4.533568,4.1544714,4.2673063,3.5302534,3.7872422,4.0329022
28,1.6969651,2.008881,1.9410461,2.0925822,1.7319756,1.6004366,1.8256218,2.3961234,2.2507906,2.224462,2.0791636,2.2106023,1.5325857,1.182598,3.347273,3.199494,2.8315172,3.8072817,2.4130554,2.2141373,3.5879378,3.2003531,3.896349,4.4642572,3.3264582,3.61625,3.2554703,3.1254091,0.0,0.124653555,2.5064964,2.7670758,3.0108247,2.8624039,2.2449038,2.2968993,2.0416498,1.9883223,2.7439206,1.8900043,2.7904756,2.9655268,2.3535612,2.273168,2.4770143,2.5233207,2.9925568,2.8379521,3.060829,3.7703795,2.4167824,2.3273566,2.9835088,3.1708474,3.204012,3.4706504,1.9238992,1.9078201,2.1199205,1.9970489,2.549116,2.1363363,2.3170424,2.3357809,3.081313,3.0827339,3.2748225,3.26421,3.1029418,3.1005359,3.067332,4.278543,3.8278832,1.8730699,1.6953703,1.7075723,2.3010566,2.0687826,2.0303273,2.033162,2.894523,2.7547193,2.9973757,2.805977,3.1640754,3.1640754,3.231562,3.22077,2.9027467,3.0555036,3.0262806,3.0537858,2.332373,3.5750878,3.2178335,3.2831562,3.3333206,3.3189352,2.9983668,2.992006,2.8106267,2.8998594,2.3778427,2.5573325,3.5391161,3.6016312,4.6628904,4.5086327,3.4011834,3.0755737,4.664359,4.3759212,3.579902,3.4790049,2.9639144,3.5161119,3.5693543,3.4593778,3.532211,3.5280676,3.9721756,3.53547,4.132631,3.3407872,3.7533126,2.6571145,2.8754344,3.3381236
29,1.7038302,2.0323472,1.9821732,2.1424022,1.7571232,1.600996,1.8763037,2.4293673,2.2593436,2.2345324,2.0962162,2.2310433,1.5757464,1.2157915,3.3720412,3.2222793,2.8850656,3.8472333,2.4278767,2.2604842,3.5623324,3.1637387,3.8261552,4.430639,3.344281,3.637089,3.3153322,3.2052512,0.124653555,0.0,2.5683494,2.827098,3.0388334,2.8894227,2.3030612,2.3637936,2.1251385,2.070621,2.7686348,1.9656312,2.8644726,3.0106778,2.3671446,2.34174,2.5265038,2.572042,3.0422995,2.8872402,3.113288,3.7643328,2.4733758,2.3862817,3.0004284,3.1985798,3.1739886,3.4588966,1.967944,1.9527807,2.1698127,2.0136185,2.5496745,2.1728323,2.351729,2.3712564,3.078457,3.069158,3.285761,3.2736547,3.1363926,3.1359243,3.1022656,4.295827,3.880792,1.9374672,1.7598591,1.7743592,2.3629172,2.1298692,2.0959039,2.097515,2.9092655,2.742214,3.004031,2.7965124,3.1623876,3.1623876,3.2275515,3.218395,2.897955,3.0496926,3.0226293,3.0459979,2.367666,3.617739,3.21067,3.2777746,3.3163056,3.3078558,3.028121,3.0207534,2.8352027,2.9225972,2.3991237,2.579879,3.5347562,3.6011348,4.655063,4.5030737,3.393328,3.0613642,4.6599054,4.3682275,3.5833158,3.4857922,3.0147116,3.523892,3.578213,3.4656405,3.5430372,3.5373795,3.9450595,3.5018556,4.104186,3.325824,3.7370057,2.6434894,2.8695333,3.3280416
30,2.2678962,2.3739827,2.3618174,2.3475254,2.5069427,2.428347,2.382319,3.0055974,2.4792984,2.2711554,2.1976998,2.397053,2.0139098,1.6567242,3.5264356,3.4074636,1.2960488,2.8212254,2.7052848,2.5599358,4.08464,3.7277253,4.314105,3.8814266,2.663408,2.9331508,1.8755109,1.889783,2.5064964,2.5683494,0.0,1.1378024,3.301242,3.158356,2.62467,2.707091,2.3089323,2.2956967,3.591871,2.3262036,2.1154761,3.3352137,3.9865491,2.767075,2.95019,3.0075693,3.2214863,3.281703,3.505561,4.361493,2.8082411,2.638327,3.2753766,3.3382695,4.2720933,4.040533,2.2668028,2.2606568,2.3080144,2.417671,3.0015163,2.333203,2.905629,2.919961,3.4658225,3.4107096,3.6710875,3.677405,2.716937,2.7215645,2.6770797,4.0997844,3.2116644,2.3920283,2.1487238,2.147824,2.573463,2.327034,2.4637353,2.4573538,3.0775483,3.0441997,3.340909,3.1028922,3.5276484,3.5276484,3.5880246,3.5823028,3.4388318,3.452557,3.5029798,3.5417094,2.6680188,2.9688468,3.7284641,3.7939715,3.8749568,3.769726,3.242357,3.271141,3.147175,3.2257211,2.7160826,2.9437153,4.0842404,4.111231,5.080696,4.9194064,3.9180186,3.5622518,4.9461455,4.7066307,4.048889,4.0109224,3.3493605,4.0206685,3.984178,3.824368,4.0242643,4.010161,4.3698616,4.0443087,4.466771,3.771252,3.37427,3.1296356,3.3580852,3.85307
