,0,1,2,3,4,5,6,7,8,9,10,11,12,13,14,15,16,17,18,19,20,21,22,23,24,25,26,27,28,29,30,31,32,33,34,35,36,37,38,39,40,41,42,43,44,45,46,47,48,49,50,51,52,53,54,55,56,57,58,59,60,61,62,63,64,65,66,67,68,69,70,71,72,73,74,75,76,77,78,79,80,81,82,83,84,85,86,87,88,89,90,91,92,93,94,95,96,97,98,99,100,101,102,103,104,105,106,107,108,109,110,111,112,113,114,115,116,117,118,119,120,121,122,123,124,125,126,127
0,0.0,0.6408522,0.73214936,2.139609,2.4607368,2.185838,1.967244,1.9422224,1.9063067,1.8692447,2.268363,2.4073896,1.9998751,1.8913354,1.6787281,1.8435191,1.5198443,1.4939739,2.4886727,1.6378734,2.212607,1.628438,2.0677536,2.0386753,2.7648225,2.6805444,2.7781992,2.4940982,1.809647,1.4890682,1.5028023,1.5335343,2.5084512,2.0461092,1.9685473,2.0911465,2.1965063,2.1220386,2.2870884,2.2547765,3.2338102,2.6389928,2.229304,3.207303,2.9889185,2.7747557,2.1582227,2.3419077,2.0025601,1.986809,2.1532183,2.5084193,2.5245018,2.5362735,1.9867854,2.4779048,2.6366136,2.7163782,2.9846687,3.1114984,2.4812326,2.0810661,2.4663343,2.74611,2.9061108,3.0602398,2.6041698,2.8354475,2.7589412,2.7622542,2.6357703,2.7348979,3.0020986,2.7890651,1.52721,2.036043,1.5551078,2.4282196,1.9848335,1.6647928,2.4876544,2.4808652,2.4955354,2.5927057,1.537126,2.1908417,1.7480967,1.8625245,3.466862,3.3593373,2.4813242,2.4919033,2.5622618,2.9795368,2.6620018,2.567129,3.0711188,3.0709288,3.0775118,2.9980006,2.4895718,2.4785376,2.682318,2.5106637,1.9810398,2.8317719,1.7490762,1.8853688,2.2216444,2.6102169,1.9665998,2.2337892,2.6137207,2.9989152,2.3083043,2.842992,2.4148712,1.928716,2.0499175,1.4280082,2.558068,2.478868,2.3801236,2.2249548,2.1711376,2.5969532,2.1972077,2.4621837
1,0.6408522,0.0,1.0042855,2.1696224,2.1747098,1.873345,1.8151652,1.8000618,1.8448805,1.7960492,1.8794237,2.0917766,1.9959116,1.9005934,1.5907354,1.8695861,1.5340331,1.5138731,2.3984547,1.7169209,2.2025354,1.5552695,2.0190952,2.001858,2.583414,2.5366147,2.662461,2.5086808,1.926658,1.590788,1.6145585,1.6291677,2.4299786,1.8882377,1.9634662,2.2349484,2.1660426,2.1217244,2.313534,2.275753,2.9846497,2.8920197,2.0718656,3.0825727,2.7786627,2.5637105,2.1434932,2.175363,1.8909123,1.6981665,2.1852639,2.580585,2.3508375,2.4120197,1.8558882,2.206509,2.4878252,2.570076,2.8064222,2.9089963,2.3408616,1.9893922,2.2089946,2.4819639,2.8488894,3.0162458,2.588386,2.9685042,2.9359705,2.9702477,2.6345787,2.68481,3.0749824,2.7871666,1.7003685,2.0630345,1.8155688,2.635472,2.2377462,1.8916888,2.5042624,2.505745,2.3407416,2.4345262,1.5912032,2.3922548,1.6059376,1.6617067,3.3264523,3.257913,2.4540765,2.3891397,2.6032302,2.8134055,2.596933,2.6944163,2.9662764,2.9584496,2.9967554,2.9145129,2.530502,2.4997153,2.6483965,2.4711542,1.9327843,2.6871676,1.7612503,1.7679892,2.2633553,2.434758,1.9308689,2.0661535,2.4510133,2.9041004,2.2592943,2.9241772,2.4744768,2.1432986,2.0096703,1.5260496,2.4567595,2.3017917,2.2817109,2.2545404,2.289617,2.3951745,2.1030333,2.3010643
2,0.73214936,1.0042855,0.0,1.9786942,2.6928852,2.4012542,2.0370104,1.9746248,1.9489274,1.7930733,2.6095824,2.753888,1.886549,1.7653346,1.5056089,1.7435509,1.4407154,1.4153807,2.5011828,1.5898703,2.3139212,1.7483792,2.1716776,2.1460426,2.7988913,3.1155832,2.7637668,2.611183,2.0181084,1.738117,1.7679633,1.7818936,2.45344,1.9477925,1.9871188,1.9809065,2.0749698,2.0374494,2.0965064,2.0562212,3.5557277,2.5421906,2.7769983,3.616507,3.3191214,3.1404955,2.7450225,2.886915,2.0957737,2.1779878,2.4023256,2.3351557,2.6688035,2.5629046,2.0617008,2.775468,2.6195278,2.7434306,3.04648,3.1938422,2.6221004,2.278381,2.7624037,3.0209818,3.154806,3.3103921,2.5344431,2.9057145,2.7751179,2.8860059,2.761246,2.9302452,2.9601297,2.7463574,1.7856439,2.0130458,1.6815451,2.5489028,2.1083577,1.8241351,2.9110298,2.8873725,2.7143006,2.8190928,2.0696683,2.2833438,2.1523392,2.146068,3.4805028,3.3888285,2.6083698,2.750359,2.8026052,3.2136357,3.0131876,2.6682296,3.1707728,3.1928072,3.2691505,3.182074,2.754158,2.774556,2.884681,2.709209,2.288393,3.224463,2.0100935,2.1172097,2.422941,2.8272016,2.160863,2.2882423,2.680746,3.0392196,2.4485922,2.7194164,2.3783772,2.0444417,1.9432876,1.5234238,2.6064553,2.516831,2.4902267,2.514747,2.1199193,3.007304,2.3264825,2.6482859
3,2.139609,2.1696224,1.9786942,0.0,3.2591677,2.9290626,2.861002,2.8055246,2.8053627,2.6366727,3.085188,3.2197802,2.5776083,2.4864311,2.4835367,2.6618872,1.8957947,1.8944507,2.7282224,1.9894823,3.2539587,2.096704,2.4179127,2.3923028,3.0741673,3.3186443,2.9637032,2.8301897,2.4303463,2.272433,2.166201,2.1870828,3.1683736,2.7496057,2.8534293,2.8558316,2.7162325,2.6879513,2.7751873,2.7881312,3.0573804,2.0445452,3.161765,3.167867,3.8131025,3.595787,3.3054461,3.4154382,2.5143843,2.8196585,3.4139442,3.4024222,3.072292,2.985595,2.942351,3.3142889,2.9433131,3.0160346,3.2632306,3.4081244,3.1315732,3.0487404,3.033646,3.3014822,3.5479436,3.711995,3.061633,3.4185631,3.3874724,3.500035,3.142241,3.264617,3.4188392,3.2275913,2.490169,2.7038524,2.4330616,3.144827,3.4129944,2.5401256,2.5473633,2.5148814,2.2619107,2.4032104,2.772577,1.8151308,2.629151,2.7900171,3.1042252,3.00682,2.9768069,3.251031,2.4031134,2.8132157,2.7363439,2.2821252,3.3930907,3.6572506,3.5107563,3.3705533,3.0287507,3.0379515,3.0924525,2.9822638,2.694591,3.4452503,2.4864264,2.5543003,2.8253977,3.0410774,2.531349,2.6289155,3.1442862,3.4200864,3.0191386,3.7842107,3.023829,2.9071958,2.768364,2.4532094,3.5498624,3.1194475,3.141364,3.1996963,3.357274,3.4696507,3.090673,3.2994769
4,2.4607368,2.1747098,2.6928852,3.2591677,0.0,1.3625633,1.5095531,1.5472238,2.14473,1.8511246,1.8435001,1.7455864,2.1863112,2.0654907,2.058024,2.1345859,2.5739014,2.5653229,3.4684336,3.1471157,3.5114973,2.7757142,3.3397806,3.319927,3.26064,2.8250947,3.0963688,3.1890965,2.9035466,2.1475112,2.1779077,2.1569555,3.1497123,3.0861032,2.6339788,3.2123652,3.0824342,3.147494,3.211358,3.1299284,2.832372,3.7739384,2.5225422,3.4685335,2.8075013,2.728813,2.6748083,2.4990609,2.9820702,2.42929,2.832785,3.1688728,2.7447853,2.7048988,2.4278736,2.4581869,2.9292567,3.0238822,3.108605,2.9984841,2.6316528,2.6251485,2.599674,2.485697,3.0618892,3.2553365,3.2064571,3.5000224,2.8055425,3.1074963,3.051487,2.996371,2.8261995,2.6273959,2.146978,2.3258233,2.4803567,3.132321,2.665089,2.4441047,2.7741168,2.783249,2.412386,2.407898,2.1505976,3.0178123,1.8972001,1.8130673,3.2961252,3.3267856,2.3303013,2.090537,2.7365808,2.4720495,2.973831,2.9486115,2.5665278,2.374394,2.642704,2.590796,2.4051862,2.685302,2.1536374,2.0603354,2.1860237,2.3607647,2.0693386,2.2704532,3.2397804,2.6085231,2.209728,2.0651016,2.4079883,2.9192538,2.2089903,3.0579944,3.0293958,2.8235872,2.461141,2.2800496,2.5425434,2.4526715,2.1059105,2.2985754,2.6522617,2.1036453,1.9361119,1.8611286
5,2.185838,1.873345,2.4012542,2.9290626,1.3625633,0.0,1.1907417,1.2305629,1.9021178,1.4831206,1.7018368,1.5606084,2.002408,1.7126452,1.7277293,1.7682173,2.2727242,2.2976363,3.1148145,2.8032563,3.2700167,2.3834088,3.0275183,3.0487728,2.8936045,2.5405352,2.8603005,2.9707637,2.5998716,1.9893938,1.9925947,1.9615675,2.889691,2.8715606,2.2859225,2.8531985,2.758968,2.8251376,2.9385679,2.835482,2.6058362,3.4588127,2.3496141,3.2350333,2.5129645,2.433326,2.3901095,2.3190923,2.6974037,2.0969923,2.5418718,2.8057888,2.3638475,2.3656573,2.0468576,2.0079467,2.7347567,2.8357236,3.0227318,2.7840652,2.3375735,2.3793008,2.3480961,2.1791253,3.5241392,3.601653,3.0859435,3.810863,3.0564525,3.05879,3.462398,3.4841347,2.8630307,2.6456323,2.2889538,2.4515915,2.3087182,2.924614,2.830025,2.4525232,2.5219035,2.5499778,2.0121071,2.054208,1.8306866,2.6404233,1.5371647,1.4660237,2.8161561,3.0134766,2.0397546,1.8640906,2.6343443,2.4178488,2.5940979,2.8601096,2.9149213,2.777164,2.7423189,2.6460712,2.6330354,2.4688087,2.366246,2.2026024,1.9283009,2.1451623,1.86028,1.9123603,2.4644618,2.5343032,1.8967971,1.7102544,2.161439,2.8604434,2.0415356,2.9416099,2.914249,2.8857355,2.1156805,1.905916,2.3912199,2.1550858,1.7444122,2.11929,2.3235981,1.632228,1.5867982,1.4995927
6,1.967244,1.8151652,2.0370104,2.861002,1.5095531,1.1907417,0.0,0.14700735,1.3643337,0.840919,1.979215,1.8344444,1.3575445,1.1298667,1.1171324,1.2866709,2.0318146,2.0351746,3.2146873,2.785582,3.1579585,2.06768,3.0268378,3.0254445,2.965315,2.9630587,2.8239307,2.9241734,2.5015895,1.6078012,1.6979542,1.6531337,2.7095203,2.7303078,2.1150815,2.6258154,2.5859907,2.6848664,2.6565404,2.5929961,2.9980962,3.3051538,2.6592493,3.6370232,2.8875864,2.7763216,2.7508388,2.637469,2.7526083,2.3614936,2.6443822,2.688391,2.56239,2.415194,2.0819457,2.4786844,2.641254,2.7575438,2.9971752,2.8705215,2.442819,2.4693117,2.5566804,2.5522773,3.3881578,3.5495267,3.1649096,3.504834,2.701646,2.5952764,3.2104194,3.2210693,2.9054918,2.6875322,2.11991,2.2154229,1.8199013,2.6013136,2.270532,2.0006936,2.7336907,2.7334363,2.3396008,2.3432844,1.8815621,2.5755365,1.7591947,1.5887356,3.1782043,3.144238,1.8135087,1.8366442,2.9057658,2.8976278,2.9333234,2.909277,2.8677893,2.736027,2.8079026,2.7533693,2.5835624,2.4727178,2.3597045,2.2444737,1.8413358,2.446066,1.6246979,1.8345873,2.335121,2.5292995,1.6991774,1.5263296,2.0900712,2.6601276,1.7741647,2.4017425,2.5683005,2.2672677,1.8773777,1.6881678,2.1518521,2.1189203,1.6380473,1.9704002,1.9516993,2.298773,1.469433,1.5757648
7,1.9422224,1.8000618,1.9746248,2.8055246,1.5472238,1.2305629,0.14700735,0.0,1.3552886,0.78542787,2.0147343,1.8809845,1.2965604,1.0678831,1.0549434,1.2385234,1.9916066,1.9998854,3.2261882,2.754074,3.1618757,2.0687337,3.021921,3.014456,2.9684057,3.0130622,2.7999818,2.9046164,2.5193572,1.636517,1.7187366,1.6770726,2.6919014,2.7029634,2.1105351,2.5999904,2.548862,2.6499562,2.614411,2.5436983,3.0269992,3.251011,2.7189198,3.6618435,2.9374273,2.828269,2.8047032,2.7021067,2.7491958,2.368535,2.6380432,2.6408653,2.576993,2.4058418,2.06445,2.5180972,2.61942,2.7414584,2.9810936,2.89041,2.4609256,2.4726498,2.588963,2.5972507,3.4140894,3.5916517,3.1447465,3.5007584,2.7039251,2.6189585,3.2290413,3.25414,2.8733766,2.6533747,2.097436,2.189318,1.7868294,2.6255696,2.257041,1.9750732,2.7456746,2.7396696,2.3517418,2.3498378,1.9219058,2.5438187,1.798082,1.6158106,3.1517441,3.12498,1.8268341,1.8786975,2.9186254,2.9267948,2.9638884,2.9009123,2.855729,2.7211075,2.853716,2.7940083,2.5933201,2.4930146,2.3710766,2.2520292,1.8664942,2.511378,1.6334335,1.848285,2.342103,2.5255682,1.7031412,1.5187001,2.0763311,2.6125712,1.7603296,2.3426335,2.5618641,2.2585986,1.8478978,1.6559944,2.1517715,2.1043112,1.6565975,2.000872,1.9228733,2.3588119,1.4799324,1.6028725
8,1.9063067,1.8448805,1.9489274,2.8053627,2.14473,1.9021178,1.3643337,1.3552886,0.0,1.2708083,1.741789,1.5731187,0.9861991,1.4834259,1.5029502,1.3886065,2.3914564,2.359663,3.2881413,2.8052468,3.055569,2.1255887,2.9128513,2.924508,2.9535089,3.119573,2.869119,3.065757,2.3308816,1.6726362,1.8409452,1.7778276,2.5628,2.5246866,1.9455391,2.1868935,2.3428373,2.2669117,2.3713126,2.3745341,3.006086,3.073011,2.8242722,3.6159582,2.950029,2.6261132,2.7279677,2.8797991,2.7824333,2.5800116,2.4835012,2.611236,2.8371923,2.8568256,1.8682954,2.7091978,2.5013938,2.603068,2.9050102,3.2596684,2.8494964,2.1235158,2.5489798,3.0668857,3.050965,3.2437873,3.1192765,3.4761174,2.2721703,2.027958,2.884295,2.9385972,3.1964734,3.049436,2.044752,1.838816,1.5543334,2.4997067,2.2606983,1.9376935,2.7677782,2.791097,2.2322896,2.3132436,1.8466343,2.5043287,1.6258545,1.4051102,3.3066237,2.9711537,1.3776892,1.4584258,2.8918767,2.8452666,2.608131,2.844135,3.569614,3.5114815,3.443836,3.4164784,3.054192,2.9501297,3.2220328,3.0783443,2.0160515,3.1397026,1.8419728,2.3220327,2.3339207,2.6957397,1.9585462,1.7044282,2.8038356,3.2507942,2.506713,2.8846684,2.8447855,2.3238096,2.504611,2.3612108,2.742828,2.7128177,2.3644495,2.7027109,2.5989501,2.956455,2.243541,2.401021
9,1.8692447,1.7960492,1.7930733,2.6366727,1.8511246,1.4831206,0.840919,0.78542787,1.2708083,0.0,2.1528754,2.0244713,0.9538824,0.57501906,0.90708506,0.69249094,1.9141426,1.9031354,3.0077019,2.5352247,2.9735222,2.0263522,2.8303964,2.8129644,2.648326,2.9044917,2.4919147,2.700524,2.2665648,1.5554223,1.8213445,1.776353,2.3300483,2.4321132,1.6588356,2.1099062,2.1293833,2.2399616,2.2284982,2.0708432,3.0208616,2.9195795,2.7491248,3.617182,2.8177981,2.7489874,2.846311,2.7669308,2.5508842,2.187495,2.49224,2.250354,2.3873541,2.1279864,1.7220576,2.3038695,2.2601652,2.3804736,2.67268,2.6905086,2.2487924,2.246516,2.493504,2.5207307,3.2434711,3.4393253,3.131899,3.2027466,2.368058,2.2935312,2.9980962,3.1235754,2.7956624,2.594272,2.1697078,1.9654057,1.8891114,2.8323936,2.337981,2.0491421,2.8827734,2.8943923,2.295504,2.3987012,1.9662092,2.5030658,1.7690963,1.5630522,2.965772,2.8193197,1.738017,1.870368,2.867333,2.8737936,2.9464605,2.7979968,2.8375313,2.7442136,2.7924864,2.7311745,2.6615083,2.5490434,2.4238946,2.2931385,1.8272053,2.5808039,1.7290614,1.8325634,2.1668959,2.481048,1.6815867,1.3986744,1.979994,2.4988651,1.6256442,2.0771265,2.0832832,2.0069544,1.5442947,1.6100743,1.9357699,1.9286889,1.452943,1.9439552,1.7362229,2.3747036,1.3348529,1.5975277
10,2.268363,1.8794237,2.6095824,3.085188,1.8435001,1.7018368,1.979215,2.0147343,1.741789,2.1528754,0.0,0.5796582,2.0894966,2.3755863,2.18109,2.3862925,2.5960789,2.5849614,3.3916643,3.0802069,3.301516,2.2696435,3.0679953,3.0428603,3.290314,2.6919775,3.1336029,3.2517972,2.8385253,2.1827888,2.3348458,2.3085985,3.1033201,2.9024982,2.6327982,3.118443,2.9759376,2.884885,3.2057157,3.1186717,2.2391462,3.6543608,2.3986518,3.0303106,2.5969772,2.2302492,2.5036829,2.1256764,2.9195158,2.4213247,2.7725885,3.449986,2.983034,3.1582127,2.2703474,2.4632292,2.8552444,2.845717,3.0162172,3.3850195,3.054681,2.4439812,2.302793,2.8026745,2.7195656,2.9851968,3.1910918,3.58932,3.1934953,3.0483196,2.9095006,2.8824832,3.5177734,3.3970244,2.491185,2.5255303,2.402349,3.218951,2.9495888,2.5373163,2.4869184,2.5257344,2.061251,2.1139646,1.8039842,2.9270384,1.4676688,1.405338,3.26917,3.074599,2.0260384,1.6816053,2.8676126,2.4820867,2.2386603,3.1218717,3.4276433,3.3327515,3.336048,3.2857761,2.994802,2.8519464,3.1052196,2.9698741,2.017391,2.6372764,2.1921654,2.5201437,2.646686,2.3603835,2.1240673,1.9381143,2.8148413,3.242215,2.6261766,3.5426247,3.2493834,2.8795316,2.844873,2.614,3.009532,2.8184288,2.5679252,2.7721531,3.2355425,2.3740697,2.44381,2.3689046
11,2.4073896,2.0917766,2.753888,3.2197802,1.7455864,1.5606084,1.8344444,1.8809845,1.5731187,2.0244713,0.5796582,0.0,1.9891853,2.2873774,2.2512543,2.2644086,2.7406754,2.731493,3.5214865,3.2051363,3.423292,2.4336498,3.1963933,3.1798134,3.2171183,2.6164358,3.088982,3.2234933,2.7775571,2.096306,2.259972,2.2252588,3.0514162,3.0396922,2.5353804,3.0288842,2.9262283,2.8364723,3.1431718,3.062624,2.1842976,3.6119332,2.3723793,3.0130544,2.511368,2.1292048,2.431009,2.2165558,3.0151486,2.5444942,2.7225857,3.3862906,2.91811,3.0972497,2.2009327,2.4134789,2.7908754,2.784916,2.9653518,3.3253407,2.991292,2.3638375,2.244576,2.7496917,2.9055157,3.1455553,3.3271716,3.7280085,2.9927864,2.8108366,3.0883214,3.0616603,3.4234056,3.298065,2.4076872,2.4342585,2.2868202,3.1297667,2.8641543,2.4456115,2.399357,2.4542358,1.9580002,2.0061734,1.6933242,2.8586004,1.3244073,1.2436961,3.1043646,2.8955874,1.6980939,1.3006076,2.8134873,2.4138284,2.1660054,3.060858,3.4043887,3.309764,3.2860415,3.2399528,2.9365716,2.7790453,3.049523,2.919557,1.9050386,2.552715,2.0987144,2.4512405,2.5530422,2.3335807,2.0193548,1.8090554,2.7559314,3.2060592,2.5504167,3.4570959,3.3071313,2.92986,2.900487,2.670229,2.9343438,2.7622783,2.4563837,2.6867247,3.1483426,2.2956479,2.3292286,2.238217
12,1.9998751,1.9959116,1.886549,2.5776083,2.1863112,2.002408,1.3575445,1.2965604,0.9861991,0.9538824,2.0894966,1.9891853,0.0,1.0675443,1.231796,1.1477255,2.0327275,2.0126514,3.2466915,2.6846254,3.0847547,1.9482565,2.8725126,2.8471982,2.922156,3.2039268,2.7462835,2.9275475,2.4514673,1.7034619,1.9812934,1.9365877,2.580139,2.6280444,1.9528811,2.2653332,2.3391478,2.4117503,2.4157274,2.267792,3.0971777,2.7925673,3.0700178,3.7279105,3.0591013,2.9408886,3.0702462,2.9349802,2.9942713,2.621237,2.5801435,2.5236516,3.0293586,2.7877328,1.8651093,2.8488498,2.5389593,2.64171,2.9398649,3.2616823,2.855658,2.5384235,2.8164294,3.1426084,3.1611145,3.380108,3.2115133,3.3663487,2.3851256,2.2979913,2.9262342,3.0915976,3.1983283,3.0826416,2.2922027,2.0193648,1.7670783,2.76548,2.4504128,2.0771902,2.9655807,2.981571,2.4257452,2.5118263,2.1965048,2.5179071,2.0165696,1.8591926,3.2842245,2.9252937,1.62902,1.8739728,2.9108608,2.9551988,2.7779891,2.7668858,3.3236682,3.2326155,3.313289,3.2693148,3.0974426,3.0273302,2.9649923,2.8383558,1.8672364,3.086661,1.7732852,2.206243,2.2193956,2.5514097,1.7077111,1.4331383,2.6119814,2.996695,2.2454143,2.5816917,2.5024593,1.9417385,2.1700037,2.0291045,2.6376119,2.5984898,2.1965282,2.5622337,2.3890314,2.9830372,2.070729,2.3012168
13,1.8913354,1.9005934,1.7653346,2.4864311,2.0654907,1.7126452,1.1298667,1.0678831,1.4834259,0.57501906,2.3755863,2.2873774,1.0675443,0.0,0.90789646,0.889062,1.9333901,1.9301986,3.2252083,2.6492205,3.248054,2.1441774,3.031018,3.0233674,2.8926344,3.2012737,2.7897937,2.9791682,2.4648192,1.6770319,1.9109986,1.8686413,2.5993555,2.6030533,1.8427043,2.1874256,2.3751483,2.4520571,2.4500582,2.2845333,3.0629113,2.7549996,2.984618,3.71504,3.0659351,2.9726815,3.0233274,2.9207077,2.609361,2.3546658,2.6844213,2.2674406,2.543375,2.289706,2.0399413,2.5664847,2.5121047,2.627608,2.9482236,2.8891325,2.4418163,2.4255223,2.7956967,2.7512434,3.2647026,3.42471,3.1746264,3.0930517,2.3884003,2.2884014,2.9778564,3.1450572,2.7538533,2.5492692,2.2697124,2.043363,1.943884,2.789304,2.4921193,2.1153715,2.8283834,2.8462014,2.2300014,2.3165185,2.0560744,2.3217769,1.8681357,1.7079847,3.0148034,2.8728318,1.8049645,2.0176327,2.72886,2.793452,2.971862,2.599703,2.973679,2.8788571,2.915524,2.8404055,2.6302886,2.512561,2.440475,2.3128076,2.0883129,2.695669,1.9286091,1.9653137,2.3772285,2.7849634,1.9474989,1.7098203,2.1608155,2.6954231,1.7069904,2.0755463,1.8925486,1.8815081,1.3606203,1.5617721,2.1512628,2.1416447,1.4903197,1.9841012,1.8043675,2.4941137,1.4198291,1.7024598
14,1.6787281,1.5907354,1.5056089,2.4835367,2.058024,1.7277293,1.1171324,1.0549434,1.5029502,0.90708506,2.18109,2.2512543,1.231796,0.90789646,0.0,1.0248208,1.7565527,1.7531867,2.951313,2.4455688,2.9281662,1.910366,2.7837303,2.7646437,3.0526044,3.2105484,2.6667368,2.8572085,2.4572148,1.8257071,1.9692364,1.9304919,2.6586585,2.3914673,2.0067904,2.3825228,2.4499085,2.5384288,2.5139828,2.4171398,3.2413335,3.0953486,2.9609635,3.822106,3.0203965,2.9405196,2.95771,2.8028731,2.4958663,2.146646,2.6534264,2.3845491,2.5989187,2.3465207,2.0132754,2.5913906,2.5178084,2.6450956,2.9133008,2.9158547,2.4935331,2.4492135,2.741217,2.7607517,3.1071758,3.3296776,2.908007,3.0808585,2.7034538,2.5845046,2.8313937,2.9418838,2.8745136,2.766043,2.293221,2.148343,2.0134451,2.8683982,2.431353,2.1807349,3.0141764,2.9824417,2.4942796,2.568007,2.1850815,2.5771358,2.0671723,1.8667119,3.4078276,3.3311245,2.249626,2.3629622,3.0618517,3.096824,3.1824157,2.9894996,3.1720414,3.056338,3.0336244,2.9758823,2.8490212,2.757261,2.6627011,2.532354,2.1753378,2.8714163,1.9605601,2.225231,2.4543383,2.8692229,2.0131037,1.7803433,2.3341367,2.7560005,1.9041224,2.2376876,2.1181037,2.0672433,1.5199585,1.5853893,2.342405,2.3252609,1.7771964,2.2219763,1.9600494,2.6378968,1.6903493,1.8980051
15,1.8435191,1.8695861,1.7435509,2.6618872,2.1345859,1.7682173,1.2866709,1.2385234,1.3886065,0.69249094,2.3862925,2.2644086,1.1477255,0.889062,1.0248208,0.0,2.0794725,2.0680647,2.916494,2.3444138,2.742109,2.2241192,2.612816,2.604092,2.5765781,2.8265638,2.2126918,2.4896786,2.0154588,1.7437992,1.9603969,1.9144999,2.1814766,2.2619815,1.3862919,1.761152,1.9405043,2.0601263,1.9951055,1.8895603,3.1979644,2.872418,2.7244024,3.6275911,2.6280575,2.6116712,2.6476827,2.824978,2.3549528,1.9865993,2.257278,1.8620777,2.1894796,1.871258,1.4448035,2.1881075,2.0029562,2.1515052,2.438726,2.4938726,2.018868,1.9493549,2.386707,2.4482343,3.1449018,3.3528483,3.0358095,3.1163309,2.1393318,2.0378335,2.87791,3.0169199,2.6936426,2.5826564,2.1166875,1.8226602,2.0197592,2.9469175,2.3639045,2.1514497,2.984214,2.9745958,2.4297535,2.5423536,2.130226,2.5836039,1.9675932,1.7645721,3.1755981,3.0179336,2.0626566,2.1867597,3.0115178,3.0353498,3.1291566,2.9535706,3.170153,3.0802572,3.066431,3.0063138,2.8818438,2.8301702,2.6960983,2.5699146,2.0534751,2.892714,1.9012004,2.1656523,2.231137,2.806473,1.915128,1.651429,2.2486482,2.6872468,1.8609517,2.0227275,2.069619,2.161359,1.7300938,1.8165805,2.144068,2.1954017,1.6813781,2.1753638,1.7446562,2.5661097,1.5848695,1.8258818
16,1.5198443,1.5340331,1.4407154,1.8957947,2.5739014,2.2727242,2.0318146,1.9916066,2.3914564,1.9141426,2.5960789,2.7406754,2.0327275,1.9333901,1.7565527,2.0794725,0.0,0.16143969,2.3369732,1.5355883,2.4301958,1.2288955,2.1987007,2.1541352,2.7771106,2.7720706,2.704512,2.47475,2.2018986,1.4913864,1.6333452,1.6574992,2.8544939,2.6560857,2.3377647,2.5829086,2.4966273,2.5609677,2.6575258,2.4790244,3.3192563,2.6701145,2.789887,3.5257044,3.1955407,3.1104395,2.9814007,2.5600343,2.3929343,2.4262393,3.0447514,3.133032,2.8311965,2.6143937,2.394635,2.8646266,2.6843605,2.7544305,3.0808158,3.057641,2.6484132,2.883589,2.6640632,2.7843142,3.2234972,3.3227046,2.5512393,3.0038998,3.120626,3.3300607,2.841332,3.0609043,3.008205,2.896389,2.245303,2.4160218,2.02028,2.6938922,2.367558,2.0002668,2.9238465,2.919967,2.7219155,2.8173838,2.1853042,2.4346437,2.2475579,2.3126523,3.275293,3.2634814,2.588865,2.7391517,2.6939197,3.0479422,2.7863798,2.5938337,2.6364172,2.8566532,2.7130275,2.5638473,2.4808617,2.3832695,2.1987393,2.040211,1.6499833,2.508066,1.7482122,1.7613764,2.0707269,2.3119378,1.4100573,1.6691501,2.438458,2.8998258,2.2532527,2.8297467,2.410991,2.1714885,1.8286783,1.2606553,2.6251004,2.4773412,2.3022738,2.31866,2.1438289,2.6850152,2.1387286,2.4062614
17,1.4939739,1.5138731,1.4153807,1.8944507,2.5653229,2.2976363,2.0351746,1.9998854,2.359663,1.9031354,2.5849614,2.731493,2.0126514,1.9301986,1.7531867,2.0680647,0.16143969,0.0,2.2562718,1.5075724,2.373927,1.1719145,2.1502185,2.1078901,2.7547975,2.7440486,2.7039888,2.473715,2.1363018,1.417806,1.5864507,1.6095709,2.7974389,2.5935116,2.2983418,2.5424426,2.4510038,2.51224,2.6039605,2.4318945,3.3197033,2.657498,2.7524004,3.5142107,3.1988144,3.1090703,2.970627,2.5554512,2.369454,2.4108374,3.023713,3.1223397,2.8245285,2.6169307,2.3760073,2.8423734,2.6736798,2.7426527,3.0733438,3.0445802,2.634155,2.8567579,2.6468837,2.7803319,3.1502454,3.2382557,2.5299182,2.9326277,3.0469034,3.26684,2.743868,2.9631503,3.0193477,2.917284,2.2313337,2.3872278,2.0079458,2.6516109,2.3463724,1.9904196,2.9367054,2.935966,2.7146285,2.8274028,2.1638577,2.4333506,2.223853,2.2985246,3.286189,3.2389057,2.5666776,2.7151225,2.6580188,3.0194175,2.7585876,2.5573483,2.6104543,2.8394556,2.6671834,2.5243127,2.4767394,2.398077,2.2103827,2.0561635,1.6379473,2.5137818,1.7328342,1.7637665,2.0779204,2.2788906,1.4104576,1.6781813,2.43464,2.9158373,2.2717347,2.869351,2.3639565,2.1057618,1.8344369,1.2881621,2.593764,2.4584498,2.3129995,2.3131325,2.1657166,2.697648,2.1569867,2.436543
18,2.4886727,2.3984547,2.5011828,2.7282224,3.4684336,3.1148145,3.2146873,3.2261882,3.2881413,3.0077019,3.3916643,3.5214865,3.2466915,3.2252083,2.951313,2.916494,2.3369732,2.2562718,0.0,1.6294496,1.8564705,2.3003163,1.6289685,1.6238058,2.4945831,2.4084873,2.4152892,2.1496305,1.7811096,2.4881465,2.5922425,2.6030035,2.8190885,2.6043777,2.680272,2.8567429,2.5478907,2.65715,2.708588,2.724821,3.9654891,3.4713047,2.7064888,3.5992947,3.245287,3.2963047,2.9362566,3.0577652,2.564047,2.5271077,3.2211564,3.5181022,2.913577,2.8093655,2.684501,2.7170405,2.8671584,2.9346242,3.0854404,3.0386465,2.7396283,3.0814774,2.7118073,2.8285394,3.6920447,3.7455528,3.1775284,3.6711583,3.643774,3.8372684,3.2713022,3.3303576,3.8976543,3.8045948,3.0184774,3.1140676,3.2213328,3.694733,3.424994,3.1922605,3.8546073,3.8402348,3.4815524,3.7992015,3.091297,3.4524043,3.1001186,3.226192,3.9329731,3.882576,3.725169,3.7465537,3.474778,3.729613,3.4836638,3.5825756,3.500155,3.784019,2.8559763,2.8151915,3.592225,3.6024442,3.3564396,3.2342944,2.6344738,3.3185642,2.7393382,2.757262,2.7804048,3.0967517,2.628782,2.8301864,3.3300757,3.689263,3.3341458,4.0960073,3.2587473,3.418237,3.1359913,2.8212075,3.323074,3.1073694,3.2679687,3.2488286,3.2595134,3.2639198,3.2359874,3.470667
19,1.6378734,1.7169209,1.5898703,1.9894823,3.1471157,2.8032563,2.785582,2.754074,2.8052468,2.5352247,3.0802069,3.2051363,2.6846254,2.6492205,2.4455688,2.3444138,1.5355883,1.5075724,1.6294496,0.0,1.5446805,1.9201007,1.1319624,1.1200665,2.2343502,2.3336964,2.1793716,1.8694417,1.4605937,2.0298955,2.0676606,2.0954995,2.3494728,2.073749,2.0534866,2.0789866,1.9122473,1.9773867,2.0359051,2.0171876,3.5934026,2.6162872,2.4503992,3.2354348,2.939492,2.9170294,2.5423853,2.7703545,1.8330433,2.0075502,2.6323483,2.7838004,2.4131138,2.266397,2.0596504,2.5292041,2.2907653,2.3813686,2.655252,2.674359,2.2279868,2.3673844,2.2726438,2.5557692,3.2674572,3.3374412,2.4362612,3.1124928,3.0736725,3.3739626,2.8451471,3.019786,3.1464741,3.027403,2.2019432,2.381897,2.5014977,3.0878074,2.7241232,2.4175732,3.1533926,3.1314085,2.98927,3.1492238,2.5843587,2.7379787,2.615387,2.7208295,3.4796379,3.443944,3.2360532,3.3377306,2.9492164,3.3261774,3.0665903,2.954883,3.1783223,3.4215593,3.2549229,3.117841,3.0325894,3.0941927,2.9411428,2.7943227,2.280542,3.219772,2.2780728,2.3282695,2.3193488,2.7692478,2.1366389,2.3696535,2.8670096,3.269474,2.883967,3.3139694,2.7786813,2.827626,2.551488,2.0929458,2.9438117,2.7643278,2.9232657,2.9013505,2.5655634,3.082097,2.7796938,3.0306423
20,2.212607,2.2025354,2.3139212,3.2539587,3.5114973,3.2700167,3.1579585,3.1618757,3.055569,2.9735222,3.301516,3.423292,3.0847547,3.248054,2.9281662,2.742109,2.4301958,2.373927,1.8564705,1.5446805,0.0,2.2758448,1.1743374,1.2145734,2.2831528,2.3437,2.4420896,2.2122924,1.78583,2.5697858,2.6537101,2.6623561,2.462702,2.1548436,2.3242073,2.4643273,2.2869473,2.4184573,2.3731892,2.412373,4.274518,3.7786732,2.5125253,3.863414,2.9017656,3.024194,2.602003,2.8930779,2.4284768,2.230157,2.6533458,3.0954413,2.7740245,2.6473236,2.1232297,2.5523252,2.5085132,2.6121774,2.7457957,2.8158195,2.406579,2.611735,2.387368,2.7494452,3.4952905,3.5521033,3.271483,3.6572673,3.4688718,3.6230536,3.1165056,3.1753125,4.102485,3.9768636,2.9175305,3.0094192,3.172252,3.6451728,3.0384467,3.1540475,4.0132046,4.012103,3.8649616,4.02123,3.0530317,3.88772,3.1238303,3.1636982,4.486282,4.2785463,3.769307,3.6927109,3.9386559,4.1639953,3.7439582,4.032833,3.813328,3.9772985,3.7367308,3.6890328,3.875058,3.8630795,3.7012215,3.572128,2.5875654,3.641446,2.5843127,2.7344074,2.5319335,3.058434,2.586549,2.7934372,3.435514,3.8088007,3.4524128,3.695238,3.2465942,3.061895,3.2331858,2.826048,3.2240233,3.2873785,3.4604928,3.4208143,3.0137079,3.5283475,3.3106503,3.5341177
21,1.628438,1.5552695,1.7483792,2.096704,2.7757142,2.3834088,2.06768,2.0687337,2.1255887,2.0263522,2.2696435,2.4336498,1.9482565,2.1441774,1.910366,2.2241192,1.2288955,1.1719145,2.3003163,1.9201007,2.2758448,0.0,1.9720807,1.9459492,2.752496,2.622426,2.8330922,2.5949244,2.0795732,1.4581832,1.5973929,1.6076778,2.7892492,2.48901,2.4328294,2.750567,2.5528216,2.6135266,2.6947896,2.613114,3.1456692,2.953855,2.5137615,3.3587527,3.1898422,3.069443,2.8214118,2.447974,2.633155,2.4783251,2.9435804,3.3796935,3.008683,2.89066,2.3717434,2.776549,2.780113,2.8247814,3.0929232,3.1819515,2.8092425,2.915048,2.5507357,2.8771262,3.2238517,3.3346217,3.1658788,3.3630123,3.3211672,3.1828682,2.8817024,2.9552815,3.8217716,3.687276,2.5758283,2.8068135,2.1212606,2.7609499,2.7600095,2.327208,2.8665702,2.8860917,2.6947513,2.8260322,2.1071885,2.622232,2.1580234,2.297552,3.608275,3.332013,2.5170393,2.5768719,2.9079142,3.1906607,2.5539718,2.9140017,3.1350968,3.3066723,3.0298285,2.9593053,3.0463712,2.7657254,2.8486767,2.7301507,1.5157641,2.6473048,1.5306618,1.7628053,1.6027367,2.0890708,1.4277362,1.7429632,2.7080402,3.1472147,2.5548618,3.3668768,2.6710093,1.9814285,2.4060934,1.8425906,2.8663266,2.7110522,2.657372,2.589974,2.7752852,2.890856,2.541124,2.7657604
22,2.0677536,2.0190952,2.1716776,2.4179127,3.3397806,3.0275183,3.0268378,3.021921,2.9128513,2.8303964,3.0679953,3.1963933,2.8725126,3.031018,2.7837303,2.612816,2.1987007,2.1502185,1.6289685,1.1319624,1.1743374,1.9720807,0.0,0.32050544,2.045231,2.0823119,2.174012,1.9080886,1.405065,2.3594193,2.3882415,2.4040868,2.277204,1.92366,2.199898,2.3763056,2.0369382,2.2042794,2.1500013,2.240642,3.5868688,3.0914688,2.1709566,3.0910618,2.767112,2.8613648,2.3628514,2.7229269,2.201318,1.9390502,2.484076,2.9894629,2.579244,2.4470477,1.9916202,2.3806546,2.3593154,2.4398172,2.5781934,2.6205819,2.246403,2.444476,2.136432,2.5349824,3.342306,3.4102066,3.1072135,3.5662756,3.3714588,3.488712,2.9734626,2.9989731,3.938077,3.775165,2.6660764,2.8407412,2.9581733,3.4591084,3.2913523,2.9709241,3.3525167,3.344881,3.203769,3.3689475,2.8943677,3.237328,2.8634582,3.0032368,3.9549525,3.7218118,3.5276885,3.5439532,3.3223448,3.572879,3.1700015,3.4468644,3.6600778,3.8330655,3.6603658,3.5778816,3.6842074,3.7027786,3.5078506,3.398303,2.443456,3.5183227,2.3874235,2.5405235,2.3194144,2.8320208,2.3894544,2.6047926,3.2084322,3.604599,3.2764883,3.848604,3.1334116,2.9719198,3.1390858,2.671851,3.2803752,3.1058774,3.3491032,3.2997105,3.1942155,3.3592525,3.2257721,3.4200087
23,2.0386753,2.001858,2.1460426,2.3923028,3.319927,3.0487728,3.0254445,3.014456,2.924508,2.8129644,3.0428603,3.1798134,2.8471982,3.0233674,2.7646437,2.604092,2.1541352,2.1078901,1.6238058,1.1200665,1.2145734,1.9459492,0.32050544,0.0,2.1180542,2.059171,2.0522287,1.704919,1.4312965,2.3482456,2.4047315,2.428763,2.28468,1.9590415,2.2424765,2.428528,2.0159879,2.1815567,2.159589,2.2200992,3.5561662,3.0480728,2.1741786,3.0432231,2.7982523,2.889929,2.3979948,2.7006702,2.2380989,1.9727169,2.502283,3.04776,2.6235728,2.4550347,2.009057,2.4113731,2.3222106,2.380331,2.486682,2.6735153,2.304306,2.4897904,2.139619,2.5627387,3.2963955,3.4517186,3.1539235,3.485332,3.4008763,3.5049708,2.9673853,2.9963443,3.9215968,3.769877,2.6199892,2.8356645,2.9171042,3.5702069,3.2309575,2.9022024,3.325022,3.3046005,3.2233346,3.3944027,2.8677583,3.2174387,2.8682685,3.005722,3.9254742,3.687695,3.5392656,3.5559044,3.369716,3.6362605,3.2098875,3.482125,3.5496168,3.7211015,3.582051,3.503832,3.613596,3.646347,3.430021,3.3273268,2.3791769,3.4685996,2.3682985,2.53791,2.2961822,2.7154787,2.3303087,2.57526,3.138837,3.4189243,3.16258,3.7703414,3.1070325,2.9271462,3.125215,2.6301098,3.230052,3.0414555,3.3107216,3.2236311,3.1720603,3.3367393,3.1865554,3.3863335
24,2.7648225,2.583414,2.7988913,3.0741673,3.26064,2.8936045,2.965315,2.9684057,2.9535089,2.648326,3.290314,3.2171183,2.922156,2.8926344,3.0526044,2.5765781,2.7771106,2.7547975,2.4945831,2.2343502,2.2831528,2.752496,2.045231,2.1180542,0.0,2.324659,2.0404155,2.281117,1.9378186,2.589153,2.8351786,2.8143313,2.135476,2.4962544,1.8622103,2.0937839,1.8890847,2.120697,2.163543,2.1063128,3.5079167,3.303947,2.5718162,3.3348005,2.4687295,2.5884807,2.8258758,3.0390484,2.4147696,2.2468026,2.8964107,2.866942,2.2304251,2.1338084,1.9807299,2.1724136,1.9599191,2.0381353,2.2583797,2.2114973,1.9903458,2.3930235,2.0456202,2.259615,3.8637283,3.9227803,3.7676542,3.9433844,3.3581645,3.5501082,3.5735612,3.660824,3.9338367,3.3950443,2.9910886,2.6533322,3.2977865,3.884494,3.4881284,3.1875682,3.7196777,3.789575,3.1963065,3.3757021,3.1083982,3.6367695,2.8562145,2.8390405,3.4602375,3.2522874,3.2321556,3.276928,3.531967,3.5012603,3.4296157,3.6024451,3.5403612,3.7487125,3.4618268,3.383039,3.612481,3.5917563,3.3779101,3.2605782,2.5694373,3.3401804,2.7914674,2.171646,2.53614,3.0273683,2.5678325,2.4605103,3.0021462,3.5249119,3.056213,3.4319277,3.0158293,3.3182025,2.9842954,2.9588661,2.9073055,2.7733703,2.888449,3.145861,2.9112287,3.1457849,2.817012,3.006179
25,2.6805444,2.5366147,3.1155832,3.3186443,2.8250947,2.5405352,2.9630587,3.0130622,3.119573,2.9044917,2.6919775,2.6164358,3.2039268,3.2012737,3.2105484,2.8265638,2.7720706,2.7440486,2.4084873,2.3336964,2.3437,2.622426,2.0823119,2.059171,2.324659,0.0,2.3375602,2.0446908,1.81661,2.324352,2.4862123,2.5029469,2.661404,2.894387,2.3932111,2.8838677,2.5653403,2.636177,2.85743,2.7910707,2.847376,3.5832067,1.2476848,2.4129992,1.9695041,2.0924933,1.737065,1.9551604,2.511361,2.0754194,2.6629846,3.5087633,2.2546203,2.3410778,2.1854126,1.600821,2.4419599,2.3799658,2.4447696,2.344666,2.010661,2.3965807,1.4998772,1.6521083,3.2583258,3.3516128,3.5155334,3.6534975,3.3191147,3.3594983,3.253515,3.2309754,3.6733203,3.579966,2.750356,3.0204284,3.1933422,3.7774882,3.355851,3.0621426,2.9011664,2.9460826,2.849199,3.0335126,2.364318,3.384257,2.325962,2.5618632,3.396941,3.282202,3.1978545,2.9656227,3.1008692,3.0762486,2.776175,3.4700794,3.0955288,3.2645974,2.9314365,2.8367748,3.0916731,3.0240731,2.8286405,2.756966,2.0054111,2.3509872,2.400994,2.4128458,2.3056545,2.3482306,2.1670988,2.4303625,2.7492268,3.206507,2.8123095,3.8179548,3.2660165,3.3247402,3.2219346,2.8150063,2.8924232,2.7397964,2.8392127,2.6687236,3.1468446,2.1722116,2.7347496,2.7438977
26,2.7781992,2.662461,2.7637668,2.9637032,3.0963688,2.8603005,2.8239307,2.7999818,2.869119,2.4919147,3.1336029,3.088982,2.7462835,2.7897937,2.6667368,2.2126918,2.704512,2.7039888,2.4152892,2.1793716,2.4420896,2.8330922,2.174012,2.0522287,2.0404155,2.3375602,0.0,1.1176448,1.9181035,2.6509807,2.8754623,2.8616672,2.4634862,2.7302291,2.1284134,2.3866634,2.0473554,2.2210782,2.31427,2.2870445,3.428113,3.3588197,2.7886052,3.366527,2.3709867,2.4696383,2.8250442,3.0714285,2.3535907,2.24874,3.0826535,3.0608912,2.1974807,1.8601974,2.0331006,2.3513181,1.3317988,1.3332736,1.3133609,2.1511433,2.1200345,2.41376,1.8917574,2.2472572,3.4601295,3.924095,3.5533724,3.563367,3.2423823,3.279352,3.3375652,3.3900697,3.4068682,3.2136714,2.7476256,2.449581,3.1213257,4.284059,3.1894128,2.9067378,3.6097257,3.5558436,3.183454,3.374996,3.1116192,3.4971597,2.971083,2.8445349,3.4937584,3.4155595,3.3708696,3.427641,3.9002874,3.825142,3.8069623,3.9463675,3.4924426,3.6800275,3.239649,3.182482,3.4137113,3.4721854,3.1688554,3.097686,2.5070333,3.295155,2.7875347,2.820842,2.6569757,3.08054,2.4383626,2.2555153,2.9021902,2.7782414,2.564479,2.9328792,3.047418,3.5266364,2.997563,2.980688,2.9974256,2.8284385,2.6657114,3.0073485,2.8502302,3.1490147,2.648985,2.7554607
27,2.4940982,2.5086808,2.611183,2.8301897,3.1890965,2.9707637,2.9241734,2.9046164,3.065757,2.700524,3.2517972,3.2234933,2.9275475,2.9791682,2.8572085,2.4896786,2.47475,2.473715,2.1496305,1.8694417,2.2122924,2.5949244,1.9080886,1.704919,2.281117,2.0446908,1.1176448,0.0,1.667436,2.4448593,2.6126864,2.6392844,2.6191413,2.8506367,2.386229,2.6180604,2.2083168,2.3662758,2.4703152,2.4391298,3.5062373,3.1271753,2.4572701,3.0814257,2.6504455,2.7470448,2.5270689,2.8169706,2.5272663,2.4269073,2.9187646,3.295111,2.531789,2.2286196,2.2708921,2.5357475,2.044681,2.014987,1.9964273,2.6244047,2.3609827,2.6779332,2.1252725,2.4457233,3.5958738,4.0385466,3.5649662,3.5551338,3.4366667,3.462288,3.4814,3.5126894,3.525581,3.359526,2.4694564,2.6933217,2.8548853,4.061129,2.9471052,2.6255302,3.3288956,3.2619104,3.2980974,3.4873571,2.8632135,3.245069,2.957332,3.0010245,3.611246,3.555923,3.4891274,3.5363486,3.7026544,3.913431,3.6215837,3.7611911,3.2316751,3.4275084,3.0179675,2.9609985,3.1771822,3.2594438,2.928949,2.866885,2.244362,3.0926619,2.5254166,2.5990002,2.4075663,2.7962153,2.2118132,2.4279583,2.8927119,2.6507077,2.5187619,3.1679835,3.1934514,3.3273163,3.1155467,2.7047148,3.0339694,2.8231556,2.831287,2.7654424,2.830389,3.0487182,2.7515764,2.9121835
28,1.809647,1.926658,2.0181084,2.4303463,2.9035466,2.5998716,2.5015895,2.5193572,2.3308816,2.2665648,2.8385253,2.7775571,2.4514673,2.4648192,2.4572148,2.0154588,2.2018986,2.1363018,1.7811096,1.4605937,1.78583,2.0795732,1.405065,1.4312965,1.9378186,1.81661,1.9181035,1.667436,0.0,1.5880578,1.7672529,1.7652689,2.0346198,2.155539,1.5715134,1.6964682,1.7060783,1.736683,1.8183135,1.9363103,3.1867092,2.6250653,1.8460976,2.8139498,2.435036,2.340106,1.8686479,2.4887903,1.8984866,1.9929885,2.3170755,2.672656,2.0912683,2.0935783,1.7919548,2.0916834,2.027531,2.0683353,2.3404362,2.3985655,1.9334185,1.8729836,1.8091748,2.2339513,3.0009496,3.097821,2.9401019,3.0745003,2.4414527,2.4482315,2.6695983,2.699582,3.2063968,3.0550928,1.9522862,2.0789423,2.2534854,2.8897114,2.5585043,2.1952717,2.8066049,2.8140664,2.6023426,2.8445837,2.1340365,2.5815136,2.1720881,2.3291116,3.3781319,3.1297112,2.7388055,2.7986128,2.768733,3.0594926,2.7594113,2.8503566,3.3072155,3.499866,2.956697,2.8941538,2.9096425,2.9534657,2.9391508,2.8360791,2.0097065,2.954886,2.0609984,2.202828,2.0613592,2.7470095,2.0132728,2.241949,2.813763,3.2405634,2.6564481,3.3011765,2.6673307,2.667986,2.727526,2.373311,2.7626846,2.66338,2.622849,2.5604432,2.5950913,2.7990737,2.549155,2.7777689
29,1.4890682,1.590788,1.738117,2.272433,2.1475112,1.9893938,1.6078012,1.636517,1.6726362,1.5554223,2.1827888,2.096306,1.7034619,1.6770319,1.8257071,1.7437992,1.4913864,1.417806,2.4881465,2.0298955,2.5697858,1.4581832,2.3594193,2.3482456,2.589153,2.324352,2.6509807,2.4448593,1.5880578,0.0,0.8250545,0.8131677,2.5249333,2.603884,1.8858769,2.1703982,2.2464433,2.1950722,2.3609529,2.296662,2.8234596,2.561241,2.1653464,3.078117,2.8375516,2.5716588,2.3634963,2.2789247,2.2843685,2.4183185,2.7147326,3.0135124,2.4986866,2.5082335,2.1506135,2.4798584,2.452224,2.4841535,2.8395126,2.8593247,2.4120784,2.3092482,2.197405,2.5080888,2.781935,2.8678455,2.7860582,2.7945936,2.2181575,2.2408144,2.4646153,2.5595229,2.850372,2.724174,1.6692971,1.8897408,1.380953,2.125755,1.8764945,1.4049258,2.3394232,2.3845844,2.1241395,2.295237,1.2806554,2.034167,1.3841962,1.5637963,3.0002522,2.7491443,1.6674511,1.7620902,2.18422,2.5074282,2.1918104,2.1580706,2.584002,2.7959032,2.34157,2.258206,2.024216,1.9480541,2.0958004,1.9736742,1.1860644,2.1201968,1.3185279,1.5139037,1.8668537,2.0975556,1.1591958,1.4888345,2.3149137,2.8798528,2.0257719,2.8616483,2.3167055,1.8794308,2.0651822,1.6311681,2.3302126,2.2829843,1.9799764,1.8754646,2.1549606,2.3338413,1.8592387,2.1217222
30,1.5028023,1.6145585,1.7679633,2.166201,2.1779077,1.9925947,1.6979542,1.7187366,1.8409452,1.8213445,2.3348458,2.259972,1.9812934,1.9109986,1.9692364,1.9603969,1.6333452,1.5864507,2.5922425,2.0676606,2.6537101,1.5973929,2.3882415,2.4047315,2.8351786,2.4862123,2.8754623,2.6126864,1.7672529,0.8250545,0.0,0.11370383,2.8841405,2.6761866,2.3298028,2.5349355,2.5858061,2.5169744,2.583014,2.6331673,3.1069927,2.8633258,2.2468455,3.3090057,3.1965957,2.923938,2.325015,2.6262648,2.3200066,2.5536828,2.8378234,3.189645,2.5361564,2.5903082,2.415441,2.629295,2.6431715,2.7591622,3.0001085,2.9421036,2.508033,2.45803,2.3554325,2.6005692,3.1787517,3.2456055,2.934696,3.2678254,2.4952457,2.5465229,2.797492,2.7933686,3.004746,2.9023643,1.6006687,2.2023597,1.4059554,2.0388074,2.0791447,1.6449442,2.2841208,2.3015125,2.2318273,2.3331573,1.4350283,2.016971,1.5393524,1.7445145,3.272794,3.1479805,1.9967597,1.9866374,2.242797,2.634817,2.381232,2.2921124,2.7496128,3.017959,2.5994434,2.520543,2.1891842,2.1010387,2.292013,2.1567156,1.489894,2.31245,0.99512744,1.5566223,2.152835,2.3135238,1.4779352,1.822876,2.6519256,3.1485589,2.4206576,3.1970184,2.8102844,2.2092125,2.42458,1.8547583,2.7396796,2.631115,2.4126513,2.3016348,2.4778156,2.5809803,2.2743187,2.4759202
