,0,1,2,3,4,5,6,7,8,9,10,11,12,13,14,15,16,17,18,19,20,21,22,23,24,25,26,27,28,29,30,31,32,33,34,35,36,37,38,39,40,41,42,43,44,45,46,47,48,49,50,51,52,53,54,55,56,57,58,59,60,61,62,63,64,65,66,67,68,69,70,71,72,73,74,75,76,77,78,79,80,81,82,83,84,85,86,87,88,89,90,91,92,93,94,95,96,97,98,99,100,101,102,103,104,105,106,107,108,109,110,111,112,113,114,115,116,117,118,119,120,121,122,123,124,125,126,127
0,0.0,2.4697518,2.2586188,2.2880847,1.6123917,0.88987416,1.1458797,1.0597012,2.9994044,3.0934436,3.383283,3.1882904,2.7697046,2.7866073,2.3217895,2.7802467,2.7079027,2.5909514,2.5598378,1.91237,2.5046372,2.810623,2.4765773,2.4941008,3.125821,3.1546543,2.9388237,3.0409021,3.1385102,3.20194,3.1411016,3.1307166,2.0924883,2.162113,1.9090785,1.9417669,2.1392658,2.0710802,3.061141,3.3846507,2.285655,2.0966966,2.2744834,2.3597069,2.2412362,2.347604,2.2121685,2.2004158,2.106804,2.4828608,2.2282178,2.625617,2.0553153,2.1381435,2.0430646,2.2947645,2.6006272,2.654867,2.5252244,2.6534677,2.7930992,2.997879,3.1154497,2.8204057,2.4316907,2.542083,2.4805686,2.4129093,2.6837797,2.7074223,2.7986588,2.765329,2.5421238,2.579307,1.9698116,2.0820017,2.5692494,1.8128194,1.8247187,2.0754538,2.8003807,3.2046707,3.0239334,3.0342214,3.244314,2.6284697,3.5878391,3.2521813,2.32822,2.507693,2.1506765,2.135801,2.5937502,2.5813482,2.226328,2.676395,2.7782,2.705994,1.9640108,1.9180682,2.115608,2.5386856,2.4970996,2.3851287,2.636927,2.199686,2.0951254,2.0551085,2.2489274,2.7607,1.9669428,1.771972,2.7767785,2.7623448,2.3525417,2.0210273,2.3185687,2.3436697,2.060338,2.3137453,2.5083714,2.7091959,2.2663512,2.2635539,2.3284395,2.2999077,2.2957802,2.5847483
1,2.4697518,0.0,1.5981194,1.71508,2.8032365,2.3850048,2.4880853,2.5047414,1.9288416,2.0010486,2.6251094,2.1917818,1.8273414,1.9833403,3.1114807,1.4063792,2.5793178,2.5519373,2.4864159,2.2866862,2.5429006,2.3702276,2.4962392,2.4934497,2.5366135,2.5169628,2.4796236,2.5705245,2.4358757,2.4446013,2.5307202,2.519838,2.2749188,2.1422813,2.0835557,2.1520078,2.218034,2.2074468,3.040605,3.2753344,2.5040512,2.405112,2.405012,2.5392864,2.8379676,2.9444854,2.430643,2.3480172,2.5176785,2.7539902,2.4647114,2.1973517,3.1614468,3.2338753,2.531245,2.6048381,2.7631116,2.8296323,2.7087996,2.7584355,3.5046415,3.1728055,2.8334315,2.5978253,2.1659403,2.6390674,2.5546103,2.5775738,2.7455103,2.2171025,2.4016714,2.4625585,2.1466706,2.1499922,1.7819687,2.033378,2.6273544,2.216777,1.965227,2.2713392,2.3469825,2.752106,2.1980846,2.3783717,2.67363,1.6169738,2.5239873,2.6540766,2.9264917,2.5540512,2.2933998,2.261844,2.7371707,1.7315015,2.9776685,3.226291,2.6030128,2.1507306,2.3381882,2.2378626,2.2492464,2.0395038,2.0845518,2.4356124,2.6144507,2.359225,2.4018784,2.3622072,2.2966335,2.610266,3.086563,2.940496,2.8871374,2.920897,2.2494287,2.372183,2.6380467,2.7001553,2.2467382,2.4728484,2.69343,2.4581482,2.672154,2.652876,2.5048478,2.523924,2.6268098,2.3901448
2,2.2586188,1.5981194,0.0,1.0079831,2.754062,2.3137064,2.4597452,2.4568193,2.5534728,2.5944936,3.0769668,2.36518,1.9638357,2.001805,3.1406026,2.2289908,2.186434,2.0886614,2.0872805,2.1443594,2.0678077,2.3861494,2.0731688,2.0409422,2.006265,2.0142314,2.1561394,2.0852077,2.7068896,2.7109613,2.711572,2.6957283,1.743679,1.6461824,1.7247852,1.6220987,1.6559755,1.5673652,2.8091085,3.1372826,1.8739096,2.2372692,1.7827905,1.9311843,2.322018,2.4732099,1.7414165,1.7205416,1.9324234,2.249375,1.76601,1.4942046,2.6431634,2.708589,1.9117607,2.0951538,2.2707958,2.4193168,2.1955411,2.0749745,2.6905906,2.842471,2.3998868,2.0289881,2.2749825,2.176731,2.0611477,2.1058547,2.2179182,2.2714567,2.430877,2.5463579,2.2026737,2.2109168,1.5734416,1.9520813,2.553648,1.960395,1.8827556,2.1726072,2.4007332,2.3163583,1.9755489,2.0209603,2.9838643,2.4036765,3.1848614,2.9192605,1.8366264,2.07961,1.7737858,1.7326955,1.7976366,1.8108902,1.9525231,2.322244,2.193748,2.127047,2.4530785,1.9206787,1.6588633,1.5218171,2.1799805,1.9603512,1.8024513,2.099437,2.3602803,2.32349,1.3890285,2.0133069,2.8759968,2.6985466,2.4158459,2.4595215,2.1999092,2.3011281,2.5656626,2.5992959,1.7751445,2.1542633,2.1585166,2.388207,2.5876172,2.57319,2.2855587,2.4777565,2.0133572,2.7114756
3,2.2880847,1.71508,1.0079831,0.0,2.6506734,2.31085,2.4325826,2.414411,2.3699796,2.4415462,2.5617204,2.2722003,1.6583107,1.8181727,2.933821,2.105097,2.1238456,1.961502,2.0113077,1.9122294,1.88741,2.2652986,1.9160713,1.8787444,1.9638005,1.9731722,2.04973,1.9976772,2.7008743,2.7196388,2.739504,2.7271078,1.55765,1.3332565,1.4469943,1.3754818,1.3065066,1.2590752,2.3823576,2.7131124,1.5488508,1.851053,1.551355,1.6483047,1.9483671,2.0192392,1.5128818,1.4819821,1.6774162,2.0519168,1.5849422,1.254104,2.4091837,2.4849765,2.022523,2.2974286,2.0920599,2.1990397,2.0675921,2.5305984,2.57316,2.8233283,2.3979871,2.052847,1.9765418,1.8073468,1.738741,1.7475501,1.9782434,2.1383345,2.3115673,2.4972107,2.089334,2.110772,1.7577597,1.737544,2.3053946,1.9294118,1.7259325,1.9478369,2.01917,2.2122762,1.7483732,1.5403683,2.790217,2.2736552,2.919549,2.7050588,1.5748078,1.9173164,1.6859834,1.676787,1.5838234,1.6838646,1.774667,2.0494585,2.493976,2.1693733,2.384455,1.9728862,1.5474914,1.3712353,2.2063656,1.9918898,2.3589017,2.3762963,2.2384522,2.216074,1.8548229,2.5334926,3.1081634,2.9230795,2.2929573,2.3086095,2.100805,2.1626642,2.294536,2.3331125,1.6743942,1.8584766,1.8890902,2.1662009,2.2308285,2.2226958,2.2647526,2.4647598,1.9208782,2.61903
4,1.6123917,2.8032365,2.754062,2.6506734,0.0,1.182177,1.3579437,1.3760602,3.0541074,3.1451309,3.3218448,3.330435,2.7114584,3.1343172,2.1430871,2.5831637,2.9352505,2.8665388,3.100782,2.1388514,2.8720503,3.1064217,2.7390988,2.8318088,3.4473584,3.4843628,3.1504612,3.3246338,3.19952,3.2108727,3.28273,3.2633562,2.5689206,2.72075,2.3523989,2.343368,2.682665,2.6154075,3.4262972,3.6337323,2.5858529,2.3928738,2.643173,2.7815742,2.5461483,2.7122555,2.5531802,2.5433562,2.6468055,2.9540248,2.7148001,3.059116,2.4688106,2.6137478,2.463709,2.5640645,3.333553,3.3845441,3.2703755,3.165919,3.492079,3.5955186,3.8557954,3.4926047,2.6021647,2.8359156,2.727874,2.7108402,2.9349918,2.8078797,2.9578364,2.8613086,2.7442894,2.6997626,1.9859657,1.9926865,2.4278588,1.8667482,2.1052024,2.2622533,2.7865825,3.927985,3.117516,3.325962,2.9830363,3.0886385,3.1861134,3.064126,2.8260849,2.7877398,2.6940684,2.6764731,2.8223555,2.7441266,2.7538433,2.534556,3.1794496,3.1405098,2.2583015,2.4048991,2.4496214,2.7307606,2.443669,2.511837,3.4693053,2.8206742,2.7566302,2.5336723,2.6962583,2.9275603,2.0124714,1.7625539,2.5188174,2.6868982,2.4713175,2.1556234,2.4640458,2.5014703,2.353714,2.6476715,2.785792,2.8693252,2.4327328,2.4251082,2.4748948,2.5015326,2.6748118,2.636123
5,0.88987416,2.3850048,2.3137064,2.31085,1.182177,0.0,0.5864554,0.73679066,2.7562866,2.8898942,3.104103,3.0958784,2.5984325,2.682085,2.3958764,2.4685378,2.5664449,2.4843574,2.5585685,1.5982333,2.5157297,2.782006,2.4609392,2.5175493,3.1528888,3.18971,2.8474655,3.0229461,3.060935,3.0964763,3.0763757,3.0647929,2.0082505,2.1851633,1.7062613,1.7346051,2.1964555,2.1350412,2.980737,3.256057,2.245122,1.956739,2.2074125,2.3493893,2.091043,2.2939775,2.1615663,2.1307645,2.1335402,2.4359615,2.1986089,2.5468538,2.1211312,2.2202241,1.97257,2.1426814,2.5628855,2.626851,2.4860687,2.5103931,2.7723331,2.9383233,3.0797327,2.794082,2.2964134,2.4976656,2.4255137,2.382824,2.685263,2.5886228,2.7502458,2.6538312,2.4111352,2.365374,1.6576798,1.6692961,2.3780024,1.6322757,1.7259444,1.9697871,2.589478,3.2434547,2.8986228,3.0720358,2.8841405,2.630281,3.1407504,2.9431787,2.4159162,2.390575,2.2868707,2.2569911,2.4393225,2.35453,2.3637214,2.5776782,2.7203095,2.6744633,1.7219378,1.84867,2.169088,2.526563,2.3092978,2.3877382,2.712281,2.0229077,1.8572317,1.6905622,2.3746238,2.684882,1.8145874,1.5920986,2.463804,2.491355,2.1065419,1.7960867,2.1659465,2.2145662,2.0533488,2.3471467,2.5036123,2.6505969,2.1543677,2.1498976,2.1627116,2.126705,2.322378,2.3572378
6,1.1458797,2.4880853,2.4597452,2.4325826,1.3579437,0.5864554,0.0,0.58244544,2.836174,2.936095,3.143537,3.1165042,2.7054372,2.7236362,2.4170032,2.5001101,2.5194147,2.4060028,2.504723,1.7795315,2.4059958,2.6297565,2.3968096,2.4535742,3.074357,3.1157331,2.8355467,3.0021605,2.8849432,2.9036636,2.9012978,2.8902798,2.0356257,2.1609335,1.748019,1.7925997,2.1861982,2.167557,3.0005503,3.2220743,2.2424374,1.9527783,2.1736903,2.309609,2.1477911,2.3557901,2.1615138,2.1109216,2.1541066,2.4021616,2.2197926,2.6071541,2.0599618,2.1271775,2.0616848,2.2615337,2.580684,2.672135,2.51576,2.6169302,2.9127083,2.9993403,3.1070552,2.8733056,2.1360202,2.4250414,2.324727,2.3349333,2.6987054,2.4984264,2.68759,2.6563826,2.320213,2.2630432,1.683281,1.7288172,2.3140879,1.5658371,1.7405986,1.9233915,2.6438844,3.2074666,2.9064603,3.156074,2.822635,2.7675176,3.074096,2.8425984,2.4426887,2.4309728,2.398373,2.3611245,2.6629896,2.460231,2.5373223,2.7874453,2.8917162,2.6944773,1.7347604,1.8732308,2.091595,2.5540414,2.2861323,2.4006066,2.6585677,1.9007642,1.7809011,1.6209369,2.3141716,2.6598244,1.6419642,1.4091287,2.342134,2.3740926,2.1408033,1.8002704,2.081693,2.133713,2.0510073,2.2658226,2.408951,2.5120895,2.0533109,2.0417504,2.200053,2.1816518,2.290202,2.321029
7,1.0597012,2.5047414,2.4568193,2.414411,1.3760602,0.73679066,0.58244544,0.0,2.7123704,2.8305395,3.0643797,2.9902356,2.5354779,2.5439384,2.1062577,2.545722,2.593906,2.4976244,2.6441128,1.8544877,2.4069288,2.5817447,2.3830585,2.464166,3.0449166,3.0916073,2.7771318,2.9114487,2.8966575,2.839655,2.8784142,2.8652039,1.8567269,2.055411,1.6542755,1.8013736,2.090289,2.18553,3.056599,3.2216628,2.1721911,1.8781193,2.2515595,2.2116725,2.3005016,2.3068295,2.2275252,2.1723452,2.0320215,2.307247,2.1361182,2.531737,1.9730817,2.0546713,1.8442947,2.02455,2.5965621,2.689238,2.5153143,2.7952268,2.821519,2.9601514,3.0921714,2.8047178,2.1118762,2.3954444,2.3683867,2.2847347,2.7119093,2.5060704,2.6812296,2.591167,2.288125,2.2675974,1.6887876,1.7006794,2.2691743,1.468952,1.6593148,1.9265738,2.63565,3.2796257,2.8771334,3.1671016,2.9162762,2.733047,3.1370018,2.9848745,2.4057994,2.6751773,2.2701542,2.2403595,2.6542478,2.4206805,2.4398549,2.7503803,2.8861063,2.5231159,1.6339163,1.8326318,2.0531669,2.4805498,2.1345987,2.3023276,2.7102215,1.8518846,1.8873621,1.7054088,2.2567904,2.817731,1.633884,1.3748271,2.3754566,2.38851,2.1141346,1.6456676,1.977742,1.9436132,1.8977861,2.1297715,2.3055034,2.351954,1.9354312,1.9165058,2.1264026,2.0666547,2.1057162,2.2617083
8,2.9994044,1.9288416,2.5534728,2.3699796,3.0541074,2.7562866,2.836174,2.7123704,0.0,0.57932633,1.2944841,1.1933694,1.6715581,1.6244814,3.015966,1.8587091,2.757073,2.5141141,3.052085,2.277001,2.7640789,2.428155,2.76274,2.7084787,2.7331922,2.7370589,2.624217,2.707202,2.755793,2.5860453,2.8737917,2.8668551,2.1078658,2.236016,2.167585,2.3815053,2.218507,2.4361906,2.9982073,3.386457,2.649805,2.4469395,2.8384912,2.6311245,3.190873,2.9651136,2.854631,2.7810583,2.614459,2.7708902,2.6342652,2.3868532,3.2929034,3.372156,2.3894753,2.7762563,2.850183,2.9208562,2.8272958,3.414638,3.4389286,3.2601962,3.0526676,2.8356793,1.7649487,2.256408,2.3886783,2.1901565,2.5592852,1.8627988,2.5630312,2.747002,1.6117487,1.6792359,2.5535414,2.285092,2.3367164,2.3934338,1.7856814,2.0458043,2.2043047,2.7861414,2.3490467,2.4175875,2.3973286,1.7826722,2.2621822,2.3044925,3.0842872,3.2574582,2.351839,2.3291817,2.5976079,1.9338686,3.538082,3.2609937,2.919626,2.181556,2.1627653,2.2365687,2.4022334,2.626466,2.1679265,3.0075061,3.3902183,2.7862263,2.4034183,2.5384414,2.7517266,3.6578634,3.4592605,3.3369606,2.639809,2.5759811,2.3366323,2.2617216,2.5053067,2.446764,2.21104,2.362062,2.5428798,2.1286447,2.4156723,2.408599,2.825921,2.7592232,2.3675992,1.4292125
9,3.0934436,2.0010486,2.5944936,2.4415462,3.1451309,2.8898942,2.936095,2.8305395,0.57932633,0.0,1.4068464,1.0573381,1.8262087,1.7619865,3.1787863,1.7253727,2.8105886,2.588062,3.0914524,2.3334045,2.7780664,2.4768646,2.8057919,2.743531,2.6167216,2.6174643,2.4741652,2.5620656,2.6688566,2.525145,2.770323,2.7631094,2.225073,2.3267925,2.4032183,2.595745,2.314063,2.5154166,3.077547,3.452906,2.868653,2.677021,3.0337548,2.8573122,3.3476226,3.153534,3.0486524,2.978256,2.8342288,2.9958506,2.8411324,2.5909548,3.490178,3.5611386,2.5334346,2.8778467,3.088623,3.1855156,3.0861273,3.6222463,3.6545086,3.5235572,3.275869,3.0675914,1.8108057,2.2372987,2.396445,2.2501678,2.5089517,1.862247,2.5652294,2.7412767,1.6214081,1.8023024,2.6274827,2.370243,2.116253,2.4496055,1.8585635,1.9985266,2.237841,2.7467036,2.359712,2.4394145,2.4901943,1.9015768,2.3290226,2.3738782,3.161523,3.3980308,2.4385462,2.4104044,2.7673552,2.2012935,3.7006493,3.4213765,2.8326304,2.1084967,2.0584426,2.1486294,2.303328,2.5247679,2.1189888,2.921265,3.4287536,2.8408537,2.4688866,2.580989,2.6586692,3.56368,3.3856225,3.2660694,2.538637,2.4877687,2.2570326,2.2212384,2.393361,2.3480754,2.1368332,2.312524,2.4580686,2.05963,2.294225,2.2869637,2.69599,2.6384647,2.2914157,1.2049413
10,3.383283,2.6251094,3.0769668,2.5617204,3.3218448,3.104103,3.143537,3.0643797,1.2944841,1.4068464,0.0,1.6871719,2.009024,1.961217,3.1781912,2.2292125,2.8066995,2.5982065,3.1194458,2.3694706,2.8003504,2.6082969,2.8286757,2.8027482,2.9062753,2.9141576,2.801499,2.8826704,2.9617147,2.8425117,3.0755033,3.0750666,2.2482438,2.3057199,2.313535,2.4559615,2.2991524,2.4645295,2.4983687,2.9535303,2.6795392,2.4922965,2.8609135,2.6876466,3.0995417,2.882017,2.891208,2.8233287,2.7318313,2.8620472,2.7767556,2.542446,3.3192348,3.3735547,2.8798277,3.2008572,2.92577,2.980007,2.972561,3.8515952,3.454991,3.356136,3.2799323,3.0381742,1.9501702,2.238115,2.4333458,2.2456312,2.5486214,2.0622482,2.7339494,2.8709714,1.8488197,1.9441344,2.9910665,2.321759,2.3098536,2.8528414,2.2115836,2.14813,2.403709,2.8852742,2.5178132,2.5358477,2.5981421,2.239938,2.4059584,2.4124668,3.0539763,3.2072494,2.5160847,2.514039,2.6552022,2.1851027,3.5906458,3.2633305,3.172549,2.6066716,2.4823184,2.534434,2.5624192,2.7450452,2.4505267,3.1692803,3.8259115,3.3091586,2.501578,2.5949981,3.2898703,4.041651,3.8687935,3.7404366,2.7117965,2.6686966,2.5423536,2.483961,2.6429687,2.6156087,2.39205,2.5281599,2.65515,2.36076,2.495365,2.4971561,2.9187763,2.9039905,2.545776,1.8042202
11,3.1882904,2.1917818,2.36518,2.2722003,3.330435,3.0958784,3.1165042,2.9902356,1.1933694,1.0573381,1.6871719,0.0,1.608289,1.4637401,2.955998,2.0634942,2.615205,2.3441625,2.9090855,2.5136309,2.5072515,2.187138,2.5575562,2.494475,2.3088834,2.3086543,2.4702494,2.3837433,2.4281483,2.2293499,2.5573456,2.5489683,1.9496173,2.069869,2.3330948,2.3946667,2.0140576,2.1946344,2.8111608,3.1900346,2.5724108,2.8147705,2.7475934,2.5546198,3.4463508,3.2725358,2.7650952,2.7013419,2.511123,2.6849544,2.5143044,2.2761023,3.2172842,3.2707007,2.2795358,2.6864798,2.8890626,3.0081248,2.8694875,3.4680657,3.416837,3.2637472,3.0970886,2.7913518,1.5475278,1.7952868,1.9566994,1.8010442,2.1366477,1.339295,2.2038329,2.4744487,1.1544349,1.3823543,2.710956,2.4675536,2.2786002,2.5604033,2.0433733,2.114934,2.666997,2.5487235,2.162067,2.2793539,2.3453403,2.1937454,2.55146,2.1494844,2.8036761,3.1147606,2.1002333,2.0651228,2.53701,1.9014069,3.4629097,3.1887937,2.7752779,1.9174534,2.4776366,2.0364742,1.9897236,2.2745082,1.8380735,2.721183,3.0624804,2.9903564,2.6961284,2.816038,2.2803888,3.3206654,3.5094275,3.3684013,2.284204,2.270239,2.5813143,2.548082,2.7332041,2.6805942,1.8154175,1.9743221,2.0804226,1.6182514,2.484857,2.483543,2.7510822,2.822672,1.9630698,1.6044167
12,2.7697046,1.8273414,1.9638357,1.6583107,2.7114584,2.5984325,2.7054372,2.5354779,1.6715581,1.8262087,2.009024,1.608289,0.0,1.0369716,2.3879247,1.7711115,2.464119,2.3510725,2.5176303,2.1336627,2.1587007,1.9532598,2.0810483,2.1141207,2.2189908,2.2244053,2.214372,2.1446776,2.268858,2.136946,2.363131,2.3496535,1.6007334,1.7649275,1.7630104,1.837189,1.765232,1.9595633,2.578208,2.804701,2.0708241,2.3620775,2.3769646,2.1666787,3.0107517,2.801094,2.3677201,2.3016086,1.9662389,2.0879176,1.9606403,1.7194924,2.6873598,2.8041708,1.8821849,2.1296809,2.5687094,2.6245837,2.513814,3.1496859,3.021199,2.925338,2.6609945,2.4750242,1.8262798,2.034374,2.139872,1.9557726,2.5158052,1.8943813,2.3339987,2.4009135,1.7552184,1.7574929,2.1423807,1.8532152,2.4377387,2.1371877,2.0771391,2.3672445,2.5734239,3.025625,2.0838127,2.245974,1.9521751,2.4087138,2.3915281,2.2053804,2.4601834,2.7230773,2.1562762,2.1470742,2.2234752,1.2029234,2.655755,2.6219122,2.586432,1.6687267,2.4375248,2.0900946,1.9093661,1.6352166,1.5267674,2.2991679,3.0627337,2.8585348,2.6854732,2.6329532,2.287997,3.1613464,3.2410717,3.141762,2.072744,2.0968027,2.419813,2.3138602,2.6033006,2.5394726,1.6423472,1.8252962,1.9999285,1.6469011,2.3169792,2.3253608,2.4279108,2.554349,1.9109873,2.3258018
13,2.7866073,1.9833403,2.001805,1.8181727,3.1343172,2.682085,2.7236362,2.5439384,1.6244814,1.7619865,1.961217,1.4637401,1.0369716,0.0,2.7467098,2.1141746,2.55187,2.343521,2.4416957,2.0729153,2.1335366,1.8812214,2.1818264,2.1388226,2.1385083,2.1496763,2.2721167,2.145916,2.435765,2.2848885,2.4466517,2.441969,1.1756612,1.3993164,1.5143168,1.6710773,1.4208306,1.7480631,2.3262172,2.7208135,1.9954039,2.2666771,2.3168259,1.9586092,2.9872963,2.6918461,2.3490708,2.2756877,1.7483534,1.9111413,1.7242786,1.4542773,2.594259,2.6480405,1.5852358,2.0641193,2.0239346,2.1266165,1.9886657,2.925134,2.5480013,2.488051,2.2189734,1.9627526,1.7454847,1.8729777,2.0933883,1.8465908,2.3001392,1.7646483,2.1496553,2.3401086,1.5497466,1.604302,2.367997,2.053405,2.558511,2.1641924,2.1109626,2.3664224,2.7343554,2.5374758,2.230531,2.363352,2.0827093,2.455848,2.647332,2.2643383,2.2793524,2.811922,2.1270876,2.0960834,2.2276163,1.2619725,2.694782,2.9694026,2.2892914,1.1163661,2.2201989,1.7833756,1.7951545,1.8065276,1.7079604,2.5115101,2.6937568,2.5011911,2.2145345,2.3226535,2.1598744,3.3100517,3.3278635,3.209622,2.0643504,1.9226139,2.3843117,2.258272,2.5146708,2.4125516,1.537946,1.7102704,1.8422884,1.4981132,2.2515402,2.2560256,2.4720483,2.5323954,1.5526284,2.2167962
14,2.3217895,3.1114807,3.1406026,2.933821,2.1430871,2.3958764,2.4170032,2.1062577,3.015966,3.1787863,3.1781912,2.955998,2.3879247,2.7467098,0.0,3.092353,2.9993103,2.9259875,3.2169013,2.9326494,2.7153003,2.5499978,2.6095235,2.7217133,3.4019897,3.4273858,3.3997812,3.345925,2.766646,2.6041284,2.8799014,2.8648934,2.4306133,2.5413253,2.481737,2.5399945,2.517067,2.6470704,3.2959661,3.4188538,2.464155,2.7378387,2.7743905,2.5707083,3.4299748,3.1986334,2.7300205,2.6856747,2.3394878,2.5449102,2.5202417,2.9452996,2.1316328,2.2639077,2.5222857,2.6180007,3.3013449,3.3240907,3.2314117,3.6745036,3.6508071,3.4892108,3.6984346,3.498358,2.4490695,2.8063002,2.7810566,2.6108525,3.1424544,2.535845,2.84715,2.761524,2.4366248,2.415388,2.766577,2.5783477,2.9984372,2.624605,2.5806298,2.768629,3.485684,4.1018257,3.1192439,3.4146652,2.9660075,3.1848135,3.6056325,3.000137,2.9952672,3.1721714,2.4276233,2.4494479,3.2005475,2.4813235,2.907888,2.8493125,3.5696175,3.0060046,3.0469944,2.7854304,2.55331,2.7946239,2.1345835,2.656615,3.6231277,3.4246087,3.3682897,3.232165,2.8890476,3.5869753,2.860635,2.7341175,2.8977377,3.001724,3.297263,2.861832,3.1354408,3.0513904,2.2864654,2.499604,2.8137403,2.4770064,2.9613488,2.9547288,2.9801357,3.050895,2.6115735,2.9083514
15,2.7802467,1.4063792,2.2289908,2.105097,2.5831637,2.4685378,2.5001101,2.545722,1.8587091,1.7253727,2.2292125,2.0634942,1.7711115,2.1141746,3.092353,0.0,2.7551029,2.6868436,2.7988582,1.9436107,2.663492,2.534776,2.6526728,2.6546814,2.5029027,2.5043929,2.147318,2.3658717,2.310405,2.3029194,2.4891999,2.475464,2.3666663,2.4557858,2.4040194,2.4268706,2.4584188,2.4004624,3.0272915,3.275936,2.9023836,2.7382727,2.7697508,2.9617968,3.0576515,3.250795,2.7943347,2.7100751,2.9764078,3.1275399,2.9319088,2.6972134,3.5153747,3.5985618,2.674205,2.817286,3.329734,3.4330425,3.3129761,3.4301538,3.8878655,3.740165,3.495209,3.2820756,2.0862281,2.5500236,2.5215712,2.5713515,2.7584884,2.1853693,2.465108,2.51487,2.029108,2.1367738,2.0364285,1.8316714,2.1776733,2.3000703,2.0967634,2.0656695,2.287944,3.040196,2.3833506,2.6129184,2.4057364,1.940819,2.3273082,2.567382,3.1179826,2.7320468,2.6741152,2.6460848,2.963947,2.055051,3.3886209,3.404673,2.4922187,2.054639,1.9520655,1.991658,2.153825,1.9639173,1.6991096,2.4614086,3.2356062,2.8125858,2.4183042,2.354429,2.5338416,2.7095368,2.9669452,2.7999065,2.3387318,2.4942791,1.7708564,1.9947815,2.198284,2.326631,1.988856,2.2146618,2.3982835,2.1262627,2.171695,2.1488266,2.2364707,2.3118515,2.448602,1.892694
16,2.7079027,2.5793178,2.186434,2.1238456,2.9352505,2.5664449,2.5194147,2.593906,2.757073,2.8105886,2.8066995,2.615205,2.464119,2.55187,2.9993103,2.7551029,0.0,1.0539534,1.2891221,2.6672275,1.2172503,1.7120981,1.152414,1.434881,2.0850754,2.0934901,2.132069,2.1044757,1.9834899,2.0833302,1.8617022,1.8590924,2.1365304,1.9540052,2.0618336,1.9629894,2.16052,2.1714458,2.5807865,2.6142328,2.0969465,2.398927,2.0852242,2.1943424,2.551438,2.6337044,2.1054106,2.053026,2.0607681,1.6910853,2.0090904,2.0454657,2.4655154,2.5139103,2.762976,2.5153797,2.5633433,2.6715055,2.5347266,2.833027,3.0591762,3.015551,2.176291,2.6000426,2.1857784,2.1521976,2.0163052,2.1349194,2.946183,2.454019,3.3277073,3.1062198,2.1427429,2.090584,1.8619337,1.7939638,2.1150432,2.5624423,1.9719572,2.115878,2.6717987,2.7123754,2.0375729,2.4406686,3.0634654,2.8031318,2.9858398,2.7312946,2.2589586,2.3243232,1.7101815,1.7177908,2.112638,2.2110214,2.4697967,2.254335,3.1341085,3.0855932,2.9393322,2.6056986,2.0847116,2.0324898,2.3197393,1.9270477,2.387036,2.5450404,2.6012373,2.287543,2.3355076,2.4863079,2.5467997,2.7249248,2.629409,2.6925209,2.8001802,2.6722407,2.9623103,2.9934769,2.2485578,2.6718163,2.6467688,2.7408738,2.8217049,2.8457453,2.222392,2.4720304,2.551514,2.62231
17,2.5909514,2.5519373,2.0886614,1.961502,2.8665388,2.4843574,2.4060028,2.4976244,2.5141141,2.588062,2.5982065,2.3441625,2.3510725,2.343521,2.9259875,2.6868436,1.0539534,0.0,1.3339139,2.3234177,1.0432512,1.4646024,1.1783549,1.0449948,1.6655735,1.6830884,2.1005764,2.063467,2.0237067,2.1041844,2.1563148,2.1525176,1.9383837,1.7803141,1.893739,1.7701968,1.7163297,1.6636057,2.4780054,3.0029726,1.7863474,2.0675418,1.6624011,1.8017501,2.206394,2.3179955,1.6816053,1.6546793,1.9114196,1.5866323,1.8714112,1.9266844,2.3468602,2.3847325,2.3951273,2.823879,2.2881553,2.4213667,2.27723,2.5989337,2.9400716,2.9551272,2.1949358,2.526921,1.7408268,1.7697648,1.5287224,1.6323147,2.5632572,2.068133,3.0249987,3.2757044,1.7157835,1.654933,2.1395664,2.0619323,2.2409446,2.1862853,1.5911995,1.687288,2.391125,2.3424742,2.1914077,2.0475547,2.7311366,2.6151328,3.0496776,2.4203837,1.8709657,2.0539627,1.8557553,1.8590153,2.000395,2.1695282,2.5329816,2.3197663,2.963491,2.871813,2.7408454,2.2979548,1.6578017,2.202906,2.4510102,2.4561138,2.54006,2.6442056,2.2618897,2.4165373,2.0355797,2.7978666,2.7577577,2.86532,2.2603667,2.2812166,2.5319815,2.4341097,2.640155,2.6945589,2.0170121,2.2622857,2.212936,2.3587196,2.4721632,2.4927254,2.692578,2.9174614,2.162507,2.327918
18,2.5598378,2.4864159,2.0872805,2.0113077,3.100782,2.5585685,2.504723,2.6441128,3.052085,3.0914524,3.1194458,2.9090855,2.5176303,2.4416957,3.2169013,2.7988582,1.2891221,1.3339139,0.0,2.467179,0.95273286,1.5116127,1.0180875,1.0560287,1.8501023,1.8350664,2.125561,2.0607052,1.9416379,2.2536902,1.8758587,1.883142,2.1512272,1.8793697,2.0430613,1.8854134,1.9819444,1.8873992,2.3900323,2.7800474,2.1000323,2.3857744,2.0175247,2.183308,2.4270856,2.5597873,2.051474,2.0231283,1.9701618,1.566498,1.9042877,2.0035493,2.3654156,2.3885324,2.659897,2.777558,2.1980379,2.278117,2.204266,2.5552475,2.850345,2.8197255,1.7949063,2.382567,2.3498816,2.2953925,2.170838,2.2814085,3.0012746,2.5768015,3.2409692,3.2819061,2.319777,2.2919734,2.1796868,2.1428888,2.573839,2.4548144,2.2554789,2.3990486,2.9283626,2.565693,2.4423974,2.4167395,2.8233552,3.004066,3.2179263,2.6884065,2.0919406,2.1207662,2.247431,2.2450943,2.3915977,2.233282,2.3874266,2.728701,2.7768402,2.7922153,2.921787,2.4771152,1.9129084,1.9682666,2.5778942,2.3062937,2.3731077,2.6509645,2.3804097,2.355461,2.2530463,2.6999242,2.731373,2.9443219,2.5557632,2.5146842,2.8499944,2.7669697,2.941066,3.0094216,2.278624,2.5770774,2.5376062,2.707398,2.737082,2.777139,2.4953022,2.738079,2.439836,2.953123
19,1.91237,2.2866862,2.1443594,1.9122294,2.1388514,1.5982333,1.7795315,1.8544877,2.277001,2.3334045,2.3694706,2.5136309,2.1336627,2.0729153,2.9326494,1.9436107,2.6672275,2.3234177,2.467179,0.0,2.4118912,2.689818,2.490143,2.3786376,2.5875938,2.6257324,2.2031498,2.4044085,3.0285585,3.0826135,3.143138,3.1360614,1.6273503,1.9884938,1.6581045,1.5863268,1.8028634,1.6074045,2.4732254,3.147102,2.318449,2.1170552,2.1562116,2.3523557,2.073091,2.3400753,2.1383386,2.111871,2.2816558,2.513958,2.265853,2.2750733,2.701303,2.776241,1.7758429,2.4926202,2.4141097,2.5207334,2.4041011,2.7123992,2.5986538,3.073919,2.9488614,2.6746798,2.078791,2.055709,2.0957975,1.9962338,2.2470095,2.3021197,2.521103,2.7644596,2.022239,2.0995831,2.1972468,1.7100482,2.303833,1.8918086,1.7893099,1.7307333,2.2181947,2.5406864,2.68193,2.4540586,2.5133748,2.3339517,3.0839705,2.740932,2.1283016,2.1456304,2.399809,2.3776233,2.088233,2.072334,2.5520985,2.764373,1.9779435,2.0001817,1.3672203,1.1994778,1.7953616,2.2048016,2.1896205,2.6838193,2.9302568,2.515841,1.3680522,1.7112446,2.3794868,2.9699905,2.744717,2.5519927,1.9144757,1.8979095,1.463239,1.503748,1.676937,1.8255535,1.590471,1.7938753,1.8607073,2.145488,1.6200377,1.6236142,2.239967,2.3127036,1.7675879,1.9499547
20,2.5046372,2.5429006,2.0678077,1.88741,2.8720503,2.5157297,2.4059958,2.4069288,2.7640789,2.7780664,2.8003504,2.5072515,2.1587007,2.1335366,2.7153003,2.663492,1.2172503,1.0432512,0.95273286,2.4118912,0.0,1.0183028,0.43483612,0.4491402,1.3368738,1.3480887,1.8973494,1.7589312,1.6103036,1.7648778,1.5930017,1.5911393,1.7799711,1.5263519,1.8428656,1.7893898,1.5834047,1.6623068,2.288996,2.6876101,1.7442248,2.089194,1.8595998,1.7981205,2.3872793,2.3136795,1.8769448,1.8426194,1.7198225,1.3018162,1.7056197,1.8345615,2.1218379,2.1544535,2.3227887,2.5788925,2.2684574,2.392677,2.2731993,2.8227186,2.8735719,2.832445,2.0552177,2.4556754,1.922798,1.899917,1.80889,1.8622348,2.7303073,2.253195,3.002051,3.1242611,1.9424381,1.9659323,2.054701,1.951322,2.1873617,2.074984,1.8859026,2.0089395,2.7296093,2.664991,2.3175457,2.3320758,2.6948106,2.9236326,3.1129358,2.5650268,1.7604454,2.3065426,1.9720101,1.9784151,2.2871313,2.1684785,2.2551422,2.4644437,2.7602696,2.5325382,2.680628,2.2483025,1.3995551,1.6617781,2.2065187,2.033215,2.5238674,2.582775,2.3760507,2.3892922,1.8760232,2.7686217,2.5275316,2.7023368,2.1218803,2.1146758,2.5606108,2.3609352,2.5961573,2.5942924,1.7887433,2.0995963,2.0597284,2.1827798,2.3091688,2.3387568,2.3552427,2.6048546,1.9049126,2.6056874
21,2.810623,2.3702276,2.3861494,2.2652986,3.1064217,2.782006,2.6297565,2.5817447,2.428155,2.4768646,2.6082969,2.187138,1.9532598,1.8812214,2.5499978,2.534776,1.7120981,1.4646024,1.5116127,2.689818,1.0183028,0.0,1.0937818,1.0294943,1.6084878,1.5943825,2.223846,2.0738842,1.1036476,1.1596674,1.2430232,1.2455566,1.9846438,1.7534761,2.0495558,2.093009,1.7925671,1.9808204,2.556223,2.9710202,2.0153186,2.3063216,2.1990166,2.0108492,2.9607513,2.7713525,2.2520306,2.1843503,1.9464761,1.536853,1.9523044,2.047482,2.368918,2.4019377,2.4341486,2.7741535,2.437588,2.5333369,2.4349778,3.0108235,3.2978396,2.9266129,2.1995552,2.620284,1.7738864,2.1678576,2.0995512,2.0875192,2.936504,1.9850473,2.840373,3.0740092,1.6778038,1.6571813,2.3571582,2.287406,2.5085835,2.2443242,2.076729,2.276007,2.9321897,2.8803122,2.410555,2.5236187,2.3026617,2.8123555,2.8883755,2.1942778,2.4208987,2.6947522,2.2697337,2.2678769,2.7979002,1.9898182,2.892804,3.0446677,2.924841,2.3793972,2.8317602,2.4387803,1.7198666,2.015438,2.074019,2.4507918,2.8161335,2.78851,2.5952847,2.698594,2.1190567,3.1610062,2.8420796,3.0021698,2.3025901,2.2703843,2.8357968,2.6154041,2.8249013,2.7926567,2.0033274,2.2273703,2.3161883,2.006053,2.5719008,2.5918908,2.7463078,2.9148033,2.11808,2.4917438
22,2.4765773,2.4962392,2.0731688,1.9160713,2.7390988,2.4609392,2.3968096,2.3830585,2.76274,2.8057919,2.8286757,2.5575562,2.0810483,2.1818264,2.6095235,2.6526728,1.152414,1.1783549,1.0180875,2.490143,0.43483612,1.0937818,0.0,0.54996985,1.547498,1.5515906,2.0347912,1.9222181,1.588422,1.7562021,1.5390155,1.5342126,1.8746392,1.6420351,1.8741791,1.8125583,1.7448715,1.8200885,2.3283937,2.6314423,1.7427111,2.0954423,1.9318168,1.8642427,2.4291577,2.3410406,1.9269019,1.8991423,1.7121494,1.2841146,1.7233009,1.8756299,2.0873551,2.1424844,2.366977,2.4848082,2.3664486,2.4589868,2.3501225,2.8443236,2.893132,2.7468593,2.1120698,2.4382145,2.002468,2.0146415,1.9295686,1.9650091,2.8311439,2.3140886,3.0626361,3.0814173,2.041567,2.0357988,1.9181403,1.8490285,2.154443,2.0491154,1.9076053,2.0932758,2.8043833,2.9176884,2.3524113,2.4557283,2.6647248,2.9492838,2.9537203,2.548479,1.8758769,2.350176,1.9614012,1.9676727,2.2708435,2.110264,2.2157145,2.3421564,2.8343582,2.6240866,2.7539024,2.366797,1.5542418,1.6587832,2.1674006,1.9210199,2.6036031,2.6242938,2.5362236,2.4521334,1.9632792,2.739322,2.459614,2.6623557,2.2100394,2.233207,2.6509213,2.4282403,2.7550907,2.7380807,1.8936636,2.249206,2.2239783,2.3037791,2.4202952,2.4555604,2.3044226,2.5439074,2.058559,2.6844063
23,2.4941008,2.4934497,2.0409422,1.8787444,2.8318088,2.5175493,2.4535742,2.464166,2.7084787,2.743531,2.8027482,2.494475,2.1141207,2.1388226,2.7217133,2.6546814,1.434881,1.0449948,1.0560287,2.3786376,0.4491402,1.0294943,0.54996985,0.0,1.2856609,1.2839984,2.053136,1.9329059,1.6741936,1.85912,1.7691596,1.7663164,1.8705707,1.6110791,1.891323,1.8357786,1.5718155,1.6093665,2.3011112,2.887478,1.7153215,2.026044,1.8443999,1.7878096,2.3295243,2.2456107,1.8402997,1.8292612,1.7601342,1.3756428,1.7573192,1.8744553,2.1713421,2.217558,2.2822466,2.7316148,2.267961,2.3715475,2.274638,2.741829,2.9290206,2.7985828,2.1124477,2.4904704,1.9375452,1.975265,1.854787,1.8859365,2.7307367,2.2421355,2.997863,3.2525213,1.9572005,1.9660051,2.145053,2.0895474,2.3294494,1.976712,1.842103,2.0031288,2.7332036,2.7722747,2.4869576,2.3055282,2.5821843,2.8771486,3.1197073,2.4819517,1.7665001,2.2966163,2.088328,2.095961,2.283421,2.171582,2.304327,2.453802,2.7103555,2.5499415,2.714196,2.2764163,1.3905798,1.7922028,2.3372805,2.2573261,2.7031412,2.7257552,2.4230053,2.5699797,1.8649898,2.9170995,2.6553342,2.833212,2.1299253,2.1112514,2.5574815,2.3734763,2.6665099,2.6676476,1.8571721,2.141689,2.1220603,2.2384946,2.3464067,2.379256,2.5884664,2.8124437,1.9345006,2.6233974
24,3.125821,2.5366135,2.006265,1.9638005,3.4473584,3.1528888,3.074357,3.0449166,2.7331922,2.6167216,2.9062753,2.3088834,2.2189908,2.1385083,3.4019897,2.5029027,2.0850754,1.6655735,1.8501023,2.5875938,1.3368738,1.6084878,1.547498,1.2856609,0.0,0.10432692,1.6748284,1.4945287,1.9252431,1.9724796,2.0572383,2.048605,2.1092854,1.9602772,2.382274,2.362716,1.8484155,1.8987939,2.7171109,3.3033402,2.3212578,2.558479,2.303642,2.2709138,2.7887065,2.7658145,2.3232114,2.2967296,2.4807832,2.2457118,2.3973672,2.1649227,3.1135533,3.1378212,2.4921348,3.0680954,2.8294895,3.0086071,2.8452058,3.2124276,3.3981595,3.4004946,2.6229389,2.8481712,2.1835997,2.1540785,2.0850985,2.1493485,2.8066983,2.4522946,3.0942168,3.4868865,2.1361067,2.2776165,2.4586213,2.4393616,2.462034,2.2671301,2.1308115,2.1271415,2.7208245,2.606224,2.584521,2.3282864,2.9777691,2.912634,3.385192,2.9722526,2.070196,2.724063,2.49015,2.4860563,2.6424968,2.5521357,2.8140404,3.0551293,2.57144,2.319244,2.7342896,2.2689095,1.4219515,1.7150618,2.4341054,2.500373,2.8445754,2.9119728,2.611739,2.8761094,1.748869,2.935261,3.115592,3.1970763,2.1579278,2.1825554,2.2983534,2.3386443,2.5561085,2.5694866,1.8541565,2.073052,1.9558717,2.115391,2.2968652,2.3026474,2.762451,3.0126138,1.857231,2.6399772
25,3.1546543,2.5169628,2.0142314,1.9731722,3.4843628,3.18971,3.1157331,3.0916073,2.7370589,2.6174643,2.9141576,2.3086543,2.2244053,2.1496763,3.4273858,2.5043929,2.0934901,1.6830884,1.8350664,2.6257324,1.3480887,1.5943825,1.5515906,1.2839984,0.10432692,0.0,1.7113206,1.5276383,1.8993398,1.9646956,2.0368633,2.029032,2.1547396,1.9834644,2.417897,2.396776,1.8771764,1.9217906,2.7182815,3.3114288,2.3496456,2.590167,2.3343642,2.3054795,2.8247268,2.799788,2.3544843,2.328636,2.5041313,2.2678828,2.4213984,2.1823313,3.1411037,3.1655698,2.541499,3.105906,2.8429587,3.0163884,2.8612332,3.224595,3.4364307,3.4092698,2.6204412,2.8618588,2.205344,2.1873,2.1163955,2.1847312,2.8296282,2.457831,3.1044476,3.4996734,2.1524026,2.2939312,2.489142,2.4774065,2.49333,2.3092964,2.1646857,2.1671336,2.7495286,2.619117,2.5932817,2.3219888,2.9716692,2.9079015,3.381465,2.9577532,2.1181953,2.7387083,2.5075653,2.504058,2.6724806,2.5548563,2.8480961,3.0844297,2.5852706,2.3385196,2.7788768,2.3106472,1.4594476,1.7264391,2.4594738,2.5212696,2.8661826,2.9515414,2.6514733,2.9155223,1.7813933,2.9555476,3.1574395,3.2456775,2.2071493,2.2273166,2.3505776,2.39662,2.6134045,2.629254,1.9009712,2.1186168,2.0121806,2.1527486,2.351335,2.3589492,2.7939012,3.0424125,1.9130961,2.667364
26,2.9388237,2.4796236,2.1561394,2.04973,3.1504612,2.8474655,2.8355467,2.7771318,2.624217,2.4741652,2.801499,2.4702494,2.214372,2.2721167,3.3997812,2.147318,2.132069,2.1005764,2.125561,2.2031498,1.8973494,2.223846,2.0347912,2.053136,1.6748284,1.7113206,0.0,0.50107855,2.325627,2.3545403,2.2539883,2.2422574,2.1742725,2.3117237,2.4386787,2.451443,2.3063314,2.351896,3.2878938,3.4904068,2.8343694,2.8480434,2.7708967,2.8158362,3.0052888,3.0624852,2.7815444,2.720062,2.8008807,2.597178,2.6797776,2.4601886,3.3834746,3.457459,2.6057367,2.7329283,3.1892643,3.3566263,3.1774004,3.468538,3.4380388,3.9716425,2.8460608,3.102543,2.5096605,2.397463,2.434908,2.4406135,3.0841112,2.7973955,3.3970096,3.383082,2.3793993,2.5440881,2.2566552,2.061746,2.0813413,2.4817784,2.1590548,2.1937425,2.1376467,2.4364536,2.0326853,2.1351542,3.2052848,2.828307,3.3319263,3.3254433,2.5798154,2.9521542,2.5461507,2.5498571,2.6437514,2.5888,2.982097,3.1400936,2.5425682,2.3252835,2.3359382,2.18607,1.9503813,1.732393,2.1949484,2.2848165,2.9310722,2.7394485,2.5003884,2.4244096,2.2723312,2.7723486,2.764198,2.8364704,2.312226,2.366449,2.0877361,2.136748,1.91082,1.989244,1.9270889,2.234085,2.09846,2.267535,2.0700638,2.0739145,2.0935652,2.358492,2.0951786,2.3491645
27,3.0409021,2.5705245,2.0852077,1.9976772,3.3246338,3.0229461,3.0021605,2.9114487,2.707202,2.5620656,2.8826704,2.3837433,2.1446776,2.145916,3.345925,2.3658717,2.1044757,2.063467,2.0607052,2.4044085,1.7589312,2.0738842,1.9222181,1.9329059,1.4945287,1.5276383,0.50107855,0.0,2.2524648,2.2592113,2.1523545,2.140934,2.0825663,2.1764343,2.4249556,2.429128,2.1758535,2.2668958,3.2242713,3.4256139,2.7187216,2.8966339,2.7264318,2.694152,3.1193953,3.0934412,2.7364197,2.6794267,2.6538446,2.443558,2.519145,2.294888,3.2657216,3.3327157,2.535561,2.6658366,3.0763803,3.24972,3.0664957,3.4316475,3.346097,3.874441,2.699956,2.9765334,2.5047402,2.316796,2.3726897,2.364007,3.0069602,2.7189398,3.320833,3.3319025,2.3334804,2.5007837,2.3773603,2.2205493,2.225745,2.554988,2.283492,2.3508103,2.3706105,2.385472,1.9543223,2.0666485,3.1909,2.9858575,3.4461474,3.281139,2.447752,2.9826205,2.4526608,2.4573042,2.5931518,2.526112,2.8811824,3.0753744,2.5469062,2.2432775,2.5579748,2.243133,1.8559053,1.6030557,2.175917,2.2251456,2.8162203,2.803875,2.6664119,2.600138,2.1285875,2.807329,2.9083009,2.976293,2.282654,2.3139431,2.3488135,2.352051,2.1484213,2.1774762,1.8630344,2.1788821,2.0222816,2.1773992,2.2420661,2.2481327,2.195635,2.4884138,1.9737362,2.518897
28,3.1385102,2.4358757,2.7068896,2.7008743,3.19952,3.060935,2.8849432,2.8966575,2.755793,2.6688566,2.9617147,2.4281483,2.268858,2.435765,2.766646,2.310405,1.9834899,2.0237067,1.9416379,3.0285585,1.6103036,1.1036476,1.588422,1.6741936,1.9252431,1.8993398,2.325627,2.2524648,0.0,0.60048574,0.6608483,0.6564233,2.5991845,2.441552,2.7289438,2.7018847,2.5257158,2.5768743,2.9905648,3.181125,2.7679815,3.0103993,2.7861798,2.8176956,3.5210795,3.5202477,2.8390806,2.7616832,2.7389512,2.409336,2.7353113,2.781224,3.057646,3.0994573,3.016321,3.0705426,3.3042634,3.4046948,3.293234,3.5471148,4.067995,3.5965414,3.0198894,3.352557,2.151801,2.6324422,2.5217571,2.6293485,3.3510697,2.272548,3.0816453,3.1278088,2.0166616,2.0667624,2.4572742,2.4376664,2.5285685,2.6721804,2.5134497,2.553279,3.2930439,3.3949277,2.6690652,3.0096445,2.5057595,2.9660292,2.8929758,2.4429996,3.080383,2.9576657,2.6756163,2.6676917,3.3888052,2.3933008,3.445366,3.513842,3.119248,2.6630304,3.0531433,2.6937757,2.083502,2.0905979,1.9316849,2.38221,3.1101186,3.1757538,3.0791416,3.0133111,2.388062,2.888079,2.7557228,2.9556253,2.5231287,2.6409469,2.9974406,2.874383,3.1130962,3.1406436,2.2739077,2.5570927,2.671115,2.265894,2.8423674,2.858719,2.691818,2.9013977,2.596831,2.6190643
29,3.20194,2.4446013,2.7109613,2.7196388,3.2108727,3.0964763,2.9036636,2.839655,2.5860453,2.525145,2.8425117,2.2293499,2.136946,2.2848885,2.6041284,2.3029194,2.0833302,2.1041844,2.2536902,3.0826135,1.7648778,1.1596674,1.7562021,1.85912,1.9724796,1.9646956,2.3545403,2.2592113,0.60048574,0.0,0.8827589,0.8669538,2.4733138,2.3748698,2.6454492,2.6697776,2.4668093,2.6008189,3.083138,3.2019236,2.6874754,2.9473548,2.7525375,2.694343,3.5816705,3.5148177,2.8114626,2.7194,2.6900775,2.4011116,2.6838112,2.6991453,3.0485773,3.089114,2.8886416,2.9264338,3.314193,3.435517,3.2878017,3.589026,4.052422,3.5830047,3.0764377,3.3064737,2.0398028,2.5923138,2.5025063,2.5665135,3.293855,2.1641464,2.9660661,2.9995716,1.8838296,1.9228488,2.4077806,2.3909206,2.521232,2.625634,2.4465122,2.509487,3.2340384,3.4061193,2.576258,3.0535967,2.5733838,2.9081314,2.8718774,2.5089798,3.0830922,3.0737488,2.5834541,2.5729935,3.3729918,2.3093138,3.4490073,3.499705,3.1767118,2.5620341,3.0048091,2.669912,2.0935795,2.116234,1.731681,2.3616798,3.0752559,3.068078,3.0893025,3.0038607,2.3364015,2.9335585,2.7977474,2.9224913,2.5006757,2.63685,2.9330213,2.7786727,3.0413866,3.028531,2.1770291,2.464788,2.5992534,2.0823803,2.8216546,2.8211405,2.698806,2.8865209,2.4958644,2.5097396
30,3.1411016,2.5307202,2.711572,2.739504,3.28273,3.0763757,2.9012978,2.8784142,2.8737917,2.770323,3.0755033,2.5573456,2.363131,2.4466517,2.8799014,2.4891999,1.8617022,2.1563148,1.8758587,3.143138,1.5930017,1.2430232,1.5390155,1.7691596,2.0572383,2.0368633,2.2539883,2.1523545,0.6608483,0.8827589,0.0,0.037543546,2.5594802,2.386078,2.7019165,2.7170446,2.5875773,2.7172074,3.0415342,3.0210516,2.8111794,3.0545628,2.9312196,2.8726056,3.5962381,3.5187309,2.9804227,2.8995266,2.6808543,2.3363671,2.6625247,2.723382,3.0009365,3.037624,3.0489576,2.8177276,3.2576065,3.3618495,3.245018,3.5764258,3.9271653,3.524148,2.855349,3.22165,2.3558052,2.700778,2.6677096,2.7541285,3.4329212,2.4724472,3.2236652,3.0349052,2.2202106,2.2818232,2.3500757,2.3530755,2.4036148,2.734258,2.6062298,2.70658,3.36282,3.3955305,2.566891,3.117625,2.7433238,3.1673074,2.9150789,2.6559508,3.095822,3.1685705,2.6081853,2.595414,3.3610294,2.4643152,3.356123,3.4911983,3.1238968,2.6619906,3.0456884,2.7567172,2.186713,1.969198,1.9211029,2.1019397,2.9392822,2.9577298,3.1042027,2.8555176,2.4114027,2.8163152,2.578648,2.8216207,2.6215281,2.7003617,3.0978043,2.917847,3.1410315,3.1295605,2.3266945,2.701349,2.7700396,2.4211254,2.90489,2.9251335,2.3923688,2.5908973,2.6170344,2.7344246
