,0,1,2,3,4,5,6,7,8,9,10,11,12,13,14,15,16,17,18,19,20,21,22,23,24,25,26,27,28,29,30,31,32,33,34,35,36,37,38,39,40,41,42,43,44,45,46,47,48,49,50,51,52,53,54,55,56,57,58,59,60,61,62,63,64,65,66,67,68,69,70,71,72,73,74,75,76,77,78,79,80,81,82,83,84,85,86,87,88,89,90,91,92,93,94,95,96,97,98,99,100,101,102,103,104,105,106,107,108,109,110,111,112,113,114,115,116,117,118,119,120,121,122,123,124,125,126,127
0,0.0,0.14107263,2.6548262,2.2457824,1.5497633,1.3726953,2.2464294,2.0401835,2.7440753,2.7941465,2.7681706,2.5244958,2.1333396,2.6797998,2.2208068,1.4552062,2.0581849,1.9750016,2.8117268,2.0333855,2.025497,2.420613,1.8805121,1.9752771,1.8948144,2.063088,1.9880062,2.3157778,2.1091154,1.9641201,2.694336,1.9893245,1.9177969,1.9048468,2.4076,2.4166234,1.9227762,1.9798007,1.4989307,1.6428105,3.1742442,2.3808577,2.0895169,2.2035985,2.0907586,1.7825491,1.7013866,2.0504932,2.0379992,2.162966,2.0255861,2.0298104,1.7776891,1.8853136,1.6077589,1.8921174,1.4284514,2.6514742,1.8224438,1.867423,1.720951,1.7089571,1.6448919,1.7006189,2.2544973,2.089634,2.2295437,1.80353,2.6371896,2.5673602,2.4676628,2.7582138,2.1941724,2.349419,2.1314538,2.8119667,2.737862,2.0670986,2.7630272,2.3489213,2.5906482,2.481931,2.8650663,2.3049316,2.2664154,2.3917584,2.8238604,2.4683602,2.4982004,2.5999305,3.0100858,3.0600917,2.6071239,2.6204782,2.6399837,2.595655,2.5127723,2.667444,2.5526466,1.9871176,2.1677372,2.088568,2.170775,2.4758146,2.3954709,2.3454783,2.5451677,2.5716002,2.3056767,2.5573413,2.6357248,2.6500323,2.1987987,1.8089349,2.1912837,2.2587833,1.9348785,1.917545,1.9093599,2.307495,2.791779,2.7428398,3.0979514,2.436339,2.731559,2.7914188,3.2140508,2.9197803
1,0.14107263,0.0,2.723642,2.3194795,1.6042851,1.3963097,2.221351,2.0144746,2.737549,2.7843125,2.7754922,2.5129747,2.121845,2.6635938,2.2135417,1.4483837,2.0384376,1.9698534,2.8079643,2.0084174,2.0202703,2.4279306,1.8690808,1.9593682,1.8776629,2.0230439,1.962092,2.300371,2.0872655,1.9748968,2.6786065,1.9918599,1.9493833,1.8891935,2.4184892,2.4249568,1.9355378,1.9910369,1.5325607,1.6676549,3.1849034,2.4191418,2.1002736,2.1980777,2.1049962,1.7889844,1.7018942,2.0574303,2.0954237,2.2236733,2.0477614,2.058624,1.7996273,1.9082904,1.6200744,1.9369023,1.4828771,2.721929,1.8679549,1.9078106,1.8025674,1.7901722,1.7164882,1.7798148,2.293617,2.1139793,2.2643316,1.8588794,2.6238,2.557256,2.4672527,2.7944977,2.245115,2.3959854,2.186016,2.8556318,2.8200574,2.1204488,2.773844,2.3963652,2.5804079,2.4798243,2.8801374,2.3592036,2.3001885,2.4042659,2.845418,2.5024614,2.5292444,2.6137798,3.0317442,3.0853927,2.639034,2.6551533,2.668714,2.6210907,2.5566618,2.7076888,2.5781188,2.030851,2.2217605,2.1473033,2.206884,2.5132494,2.417107,2.3611882,2.5652742,2.593849,2.3254917,2.574437,2.636574,2.6475725,2.2225027,1.8458027,2.2295673,2.2963817,1.977975,1.924585,1.934777,2.3541577,2.7979634,2.7379272,3.1105747,2.4603133,2.7723267,2.818602,3.2745333,2.984988
2,2.6548262,2.723642,0.0,1.6516974,2.2600543,2.6205382,2.6303532,2.5051925,3.758274,3.8003182,3.731282,3.9164016,3.6175072,3.544711,3.923369,3.4842455,2.5403244,2.4911149,3.6344872,2.8982196,2.050506,2.9615421,2.3693907,2.5082574,3.30192,3.2776005,3.6824143,3.4494739,2.6108353,2.4974477,3.0939445,2.5497723,2.9115798,2.9003968,3.5229654,3.6250665,3.215307,3.24564,2.876745,3.014768,4.232225,3.6275344,3.3774085,3.6916,3.6520834,3.4208336,3.4655247,3.363907,2.6179807,2.7744708,2.7708492,2.743865,2.2880678,2.2922435,2.3641858,2.0675905,2.5535386,2.28695,2.406752,2.451826,2.2762325,2.2709146,2.2534904,2.2963536,2.1581469,2.3239229,2.2119286,2.147223,3.3379552,3.0159512,2.8429742,2.191107,1.5571781,1.7984239,2.1901684,2.2371333,2.7118871,2.1003563,2.7415068,2.650011,2.9748654,2.8496218,2.9813242,2.5147626,2.905626,2.732454,3.2159593,2.8975644,2.6723855,2.7125359,2.4144871,2.409671,2.9970894,2.778882,3.0387938,2.8368597,1.9380211,2.4032412,2.6953976,1.9745588,2.3263438,2.2274573,2.6796715,2.7367172,2.388535,2.7915208,2.798488,2.5917723,1.9101641,2.7492683,2.8680747,3.227157,2.6783533,2.3730025,2.432064,2.6513314,2.512268,2.526657,1.9151485,2.5714564,2.8338554,3.3392274,3.5209277,2.7383015,3.143502,3.297606,3.254908,2.779557
3,2.2457824,2.3194795,1.6516974,0.0,1.391892,1.9188538,2.7138534,1.9458575,2.9166205,2.9462352,2.810081,2.9956942,2.716718,2.70578,2.764154,2.4251425,1.9823089,1.8765404,2.7837253,2.5725565,2.1079443,2.0663054,1.9860146,1.9601483,2.6975281,2.7568169,3.1540625,2.8880124,2.0413692,1.8058903,2.6113493,1.8781773,2.1943886,2.3024886,2.5914757,2.6754718,2.8365335,2.8727455,2.1100204,2.3155942,3.773667,3.0685873,2.7464268,3.0372856,2.9972887,2.7049124,2.7918844,2.6972387,2.1863089,2.142245,2.2168214,2.1610844,2.1416488,2.173075,2.141316,1.8024604,1.7942944,1.4944217,1.616863,1.6439874,1.4035854,1.3974291,1.3798604,1.4099053,1.6232302,1.9379998,1.7739115,1.7399164,2.6556365,2.563268,2.4389179,2.3302255,1.6992269,1.6545604,1.6565104,2.244924,2.1873064,1.3798132,2.1925578,1.6232945,2.322411,2.116073,2.2997203,1.8701919,2.1215744,2.3717763,2.4381735,2.0429096,2.2022154,2.3093941,1.9802208,1.9818844,2.0375192,2.050117,2.07575,2.09434,1.7245262,1.7599642,1.733488,1.4036971,1.7454988,1.7204913,2.481954,2.549876,2.0269446,2.3124247,2.24049,2.0422757,1.6984828,2.269142,2.5975478,2.9856024,2.2406285,1.8545547,1.7483003,1.9045209,1.7258115,1.9131082,1.803706,1.871971,2.8662229,2.7168157,2.8433895,1.951524,2.2360866,2.4706888,2.4796703,2.5834167
4,1.5497633,1.6042851,2.2600543,1.391892,0.0,0.9968051,2.1124325,1.4901547,2.327918,2.35279,2.1031733,2.2974014,2.0037796,1.9572088,2.0938113,1.696776,1.6204115,1.4821095,2.5173798,2.4115794,1.7716804,1.6497315,1.6276532,1.539644,1.9568183,2.1561198,2.6027694,2.2706778,1.555731,1.3605605,2.1882331,1.3248509,1.3553128,1.5245944,1.7604656,1.8319345,1.9422601,1.9684522,1.1962298,1.3945863,3.0707946,2.2427483,1.9412456,2.2687063,2.2287354,1.9868346,1.8787545,1.6901538,1.6471531,1.5557557,1.6270576,1.5593148,1.7207268,1.7852684,1.6612955,1.1511484,0.8072794,1.6786121,1.0148748,1.0493172,0.6847156,0.67539483,0.5793514,0.6466273,1.6887589,1.5332361,1.9084421,1.4622308,2.339756,2.2223837,2.0912185,2.261778,1.7428895,1.6601347,1.6524893,2.1919348,2.21659,1.3589661,2.273364,1.6791124,1.9627956,1.6739626,1.9773141,1.538954,1.8155528,1.935542,1.9743505,1.5560613,1.8838934,1.8942388,2.1509902,2.0721912,1.4862726,1.5331303,1.5237782,1.5444452,1.9941778,1.8906962,1.8640296,1.6878915,1.9073533,1.893054,2.0905166,2.1549833,1.5983087,1.9298202,2.204531,1.5889157,1.9832734,1.8423218,2.1519527,2.3968766,1.7436092,1.2642729,1.2305253,1.3531411,1.1816711,1.5011989,1.4206289,1.3645852,2.7376342,2.525521,2.5157068,1.7536459,2.3572233,2.3228097,2.781063,2.663223
5,1.3726953,1.3963097,2.6205382,1.9188538,0.9968051,0.0,1.8332095,1.5677917,1.84915,1.9179988,1.8899201,2.125639,1.8479213,1.6004814,1.9174677,1.5116066,1.6281408,1.6474321,2.5742543,2.343149,1.7454711,1.8275673,1.6141171,1.4823246,1.4841408,1.5211453,2.3185358,1.9849478,1.6453546,1.5710788,2.306134,1.6333365,1.360713,1.0199375,1.7411193,1.7957548,1.9499509,1.9529953,1.0972891,1.2952774,2.9829037,2.0929122,1.7051308,2.1744936,2.159616,1.9022833,1.846342,1.6683781,1.9091358,1.8484168,1.5203156,1.4938627,1.6893748,1.7308673,1.6014134,1.3974468,0.98807824,2.3890364,1.506584,1.5248244,1.2899485,1.2873688,1.2148432,1.2319322,1.7472752,1.5891834,1.8264524,1.5712147,2.3617227,2.2874305,2.1458185,2.236327,1.9262251,1.8626183,1.9142041,2.4303412,2.383771,1.6960385,2.5402973,1.9664748,1.9873241,1.824564,1.9081788,1.8888277,1.9461176,1.9076084,2.2097027,1.772326,1.981059,1.9294723,2.5118196,2.4601433,1.8375347,1.891526,1.8370552,1.7832329,1.9744307,2.0522573,1.8737758,1.6585006,1.957806,1.9452748,1.8714495,1.9172157,1.6743996,2.0074458,2.1919906,1.6337677,2.0148675,1.9220299,2.1698658,2.2561245,2.0209687,1.6244128,1.5243113,1.599816,1.3468652,1.3206702,1.5218763,1.7531362,2.5244908,2.2602525,2.7342987,1.8318121,2.1734312,2.1660926,2.6437361,2.5265274
6,2.2464294,2.221351,2.6303532,2.7138534,2.1124325,1.8332095,0.0,1.4943501,2.5191565,2.5364714,2.566676,2.7895353,2.4046228,2.0296447,3.0002937,2.7192314,1.9694217,2.0065458,2.9900491,2.67606,1.5319558,2.2684815,1.9752884,1.8484123,1.9311218,1.9062817,2.7465057,2.3344424,2.0674481,2.0912495,2.6992266,2.101542,2.1439824,1.8605896,2.426778,2.5023313,2.6806185,2.6566005,2.1056776,2.2303944,3.3799446,2.7665303,2.2444944,2.8528063,2.9211886,2.710558,2.6050406,2.32683,2.558984,2.6190815,2.3835022,2.484401,2.1980793,2.1916041,2.1932545,1.930039,2.083361,3.2434142,2.3416042,2.3315387,2.4101741,2.4030159,2.299688,2.3995533,2.5793025,2.4519045,2.5726466,2.3718286,3.2656684,2.9585989,2.885342,2.4690769,2.1916945,2.0655754,2.6049647,2.551249,3.5529306,2.5301373,3.0281057,3.0778837,2.1459305,2.0253127,2.417719,2.4511042,3.032077,2.5803096,2.9077256,2.539635,2.3162854,2.1553118,2.7514396,2.808647,2.6804388,2.4801507,2.6346943,2.389794,2.394382,2.4992945,2.6780615,2.5100732,2.4949124,2.541138,2.000853,1.9987206,1.9387741,2.4100657,2.6213346,2.074649,2.2012877,2.343328,2.4711895,2.5991743,2.6155517,2.3596587,2.1798563,2.38344,2.3750603,2.3508258,1.9767752,2.4556758,2.3717315,2.6943645,3.3999374,2.6429102,2.8909917,2.9152257,3.2687097,2.9886289
7,2.0401835,2.0144746,2.5051925,1.9458575,1.4901547,1.5677917,1.4943501,0.0,2.4458797,2.445792,2.4160948,2.6355937,2.2676227,1.8699647,2.4965174,2.1361773,1.2355953,1.287135,2.6221793,2.2143528,1.3951883,1.7205143,1.2651254,1.139469,1.9288234,1.8507555,2.755168,2.3212204,1.1788553,1.3200256,2.1484065,1.2761652,1.9107217,1.6043388,2.2597122,2.3555267,2.489542,2.4830253,1.9564681,2.0599346,3.3006358,2.7222815,2.2353404,2.7759912,2.8145351,2.5908017,2.4456038,2.1522632,2.0782616,2.1474311,1.8974658,1.9817556,2.173765,2.1796305,2.1342378,1.8438901,1.7384052,2.4608855,1.7100264,1.6567702,1.8944243,1.8835509,1.7126458,1.8754241,2.077145,1.9077495,2.1495671,1.9888046,2.499406,2.4205246,2.356716,2.2538548,2.0594683,1.9726614,2.0623357,2.6002417,3.183893,1.9081709,2.4728255,2.241615,1.5640212,1.4255806,2.1597476,2.229533,2.2754023,2.120145,2.4434078,2.041507,2.2678657,2.0730915,2.2134876,2.2940438,2.1551275,2.1718476,2.124478,2.0875368,2.1888902,2.313981,2.169098,1.9984037,2.346441,2.3846126,2.5145679,2.513601,1.9280761,2.3494892,2.4573946,1.8591323,1.7253671,2.1322756,2.321821,2.6099527,2.3343847,2.0084105,1.8795892,2.0609107,1.8443034,1.7942212,1.7463843,2.1743667,2.6495047,2.4403439,2.949471,2.071255,2.6716194,2.631429,3.0880086,2.9971201
8,2.7440753,2.737549,3.758274,2.9166205,2.327918,1.84915,2.5191565,2.4458797,0.0,0.24222463,1.146014,1.5660385,1.91627,1.4655558,1.8936812,2.185768,2.1623693,2.2061133,2.228696,2.9658303,2.5281432,1.6552875,2.4326458,2.0526974,1.76485,1.7030959,2.7980018,2.4496195,2.2603352,2.1245003,3.1505756,2.2589724,1.9218371,1.6091746,1.475776,1.5132494,2.8074052,2.7811954,2.0653987,1.8497967,2.9145968,2.4452507,1.9135971,2.437986,2.5700135,2.2793822,2.2615979,2.0398917,2.8057177,2.5217102,2.2031813,2.211599,2.3579564,2.331463,2.2936013,2.1488369,2.008225,3.0439157,2.2213435,2.1708941,2.407021,2.4021919,2.314768,2.3541894,2.5876908,2.5284374,2.5933666,2.424401,2.9260895,2.905765,2.8308063,3.019935,2.8819742,2.457679,2.7772722,3.2781675,3.1797676,2.6705582,2.9536226,2.7734008,1.902633,1.9773034,1.3690317,2.0198448,2.625853,2.7626271,2.246489,1.6781875,1.8954712,2.0067694,2.6732888,2.6410642,1.8054284,1.8990774,1.7262359,1.7266811,2.6217844,2.2153394,2.0825226,2.7927895,2.6842175,2.7857053,2.5837135,2.5924315,1.9034978,2.1190128,2.367871,1.7632848,2.7918177,2.1084187,2.6149876,2.4623582,2.6331534,2.3668315,1.84953,1.9536328,1.9438424,2.1358554,2.4409359,2.0594664,2.5598109,1.9366333,2.7838137,2.159018,2.0114346,1.7167314,2.416092,2.6747549
9,2.7941465,2.7843125,3.8003182,2.9462352,2.35279,1.9179988,2.5364714,2.445792,0.24222463,0.0,1.0786592,1.5059144,1.894713,1.4421043,1.8620093,2.2031522,2.1676588,2.2020855,2.1789327,3.0141253,2.5681202,1.611266,2.471416,2.073419,1.8298304,1.7755939,2.7983837,2.4578283,2.2706249,2.1463513,3.1153512,2.2614017,1.9418268,1.6474743,1.406912,1.4387355,2.8770044,2.8483632,2.1093338,1.8751204,2.9130268,2.4777403,1.9468988,2.4433632,2.57718,2.3150716,2.285926,2.067815,2.8414817,2.5520175,2.2490656,2.2586179,2.4133153,2.3877351,2.3339615,2.1781204,2.0398839,3.0769687,2.2398152,2.173612,2.465338,2.4589865,2.3531682,2.407304,2.6474624,2.5949295,2.6583617,2.499093,2.9728785,2.9529414,2.8930218,3.0976043,2.9266176,2.48856,2.824333,3.2523482,3.248213,2.7053034,2.965872,2.8159053,1.914139,1.957018,1.3600525,2.0302973,2.693103,2.8235552,2.2458794,1.7001064,1.8668653,1.961283,2.6432993,2.608651,1.7647915,1.8585979,1.6819755,1.6978304,2.6478364,2.1834216,2.0745866,2.8483562,2.7409878,2.8512764,2.6172872,2.6246967,1.939768,2.123184,2.366609,1.7962668,2.8427472,2.1244261,2.6310527,2.4977238,2.639176,2.3792884,1.8375413,1.9650759,2.0277586,2.21781,2.500769,2.0710597,2.59448,1.9402136,2.7425528,2.180901,2.044485,1.7402471,2.4398658,2.7635617
10,2.7681706,2.7754922,3.731282,2.810081,2.1031733,1.8899201,2.566676,2.4160948,1.146014,1.0786592,0.0,1.1070341,1.661499,1.5371246,1.6177723,2.079051,2.2716317,2.2346456,2.0718558,3.0880218,2.6501985,1.5569779,2.5820303,2.1761234,1.9755212,2.1592398,2.6005678,2.3125966,2.2687345,2.112391,2.7752995,2.11174,1.7124202,1.7727463,1.0434309,1.1572505,2.7801483,2.7420022,1.9963273,1.7053235,2.7835877,2.3021598,1.837185,2.6062984,2.2109756,2.0103238,2.0144978,1.8573184,2.7170005,2.389748,2.2897856,2.259676,2.3478,2.2844124,2.3143709,2.1251266,1.9357941,2.9293113,2.1310036,2.0787888,2.3240497,2.3203049,2.2385156,2.2748604,2.7183685,2.7084649,2.8907878,2.6430588,3.2908237,3.2636456,3.1727953,3.080121,2.9569802,2.5022178,2.816,2.955406,3.3232186,2.6969833,2.9559038,2.804864,2.2029169,1.8670996,1.6239233,2.0144255,2.8152711,2.8653896,2.2146091,1.8679118,2.012466,2.0264482,2.6096275,2.6306636,1.6350509,1.7366269,1.5786968,1.6653103,2.4760213,2.0160372,1.9630599,2.8412251,2.4675221,2.601717,2.5381339,2.5206695,1.9141237,1.9497823,2.1065898,1.6291904,2.8439305,1.9138075,2.5741885,2.3957098,2.3715477,2.1024857,1.6397854,1.6625766,1.9838313,2.3515675,2.5628562,1.8212187,2.9722276,2.4173434,2.425292,2.1915293,2.3880548,2.0943775,2.491884,2.8657916
11,2.5244958,2.5129747,3.9164016,2.9956942,2.2974014,2.125639,2.7895353,2.6355937,1.5660385,1.5059144,1.1070341,0.0,1.1082242,2.0371134,1.1169846,1.7197036,2.4909894,2.4387457,1.7234774,2.890786,2.8858464,1.8050948,2.8138216,2.4328992,2.2123363,2.4105735,2.203223,2.5333598,2.5123281,2.3768647,2.9750278,2.3564882,2.0911567,2.1876147,1.3389745,1.321192,2.9512358,2.950163,2.1347134,1.876981,2.9124124,2.4803457,2.067526,2.4899988,1.9276817,1.6676441,1.6532555,2.059206,2.948316,2.616569,2.4692686,2.4503562,2.164741,2.1690962,2.0710833,2.3879664,2.1477015,3.0844958,2.328787,2.2959442,2.5076168,2.5003643,2.44073,2.476376,3.045431,3.0348039,3.1906602,2.8504207,3.4369495,3.3774076,3.3442688,3.5667102,3.2687109,2.8539698,3.122853,3.2605221,3.579021,2.9752607,3.1817617,3.0622666,2.5635786,2.2984293,2.171915,2.1875594,3.1055813,3.1826427,2.5316226,2.2798278,2.2171664,2.3160007,2.7186592,2.839961,2.092448,2.175853,2.031936,2.0873585,2.8539753,2.2789924,2.1995811,3.044225,2.315465,2.4559643,2.6496384,2.871737,2.13751,1.6389142,1.9364095,2.0878015,3.0886905,2.0935698,2.7207546,2.5657063,2.2877216,2.036195,1.9017618,1.8767418,2.2000084,2.4489255,2.7336228,1.975178,3.03503,2.5237281,2.5766623,2.4400458,2.5383532,2.3420372,2.7927146,3.1810987
12,2.1333396,2.121845,3.6175072,2.716718,2.0037796,1.8479213,2.4046228,2.2676227,1.91627,1.894713,1.661499,1.1082242,0.0,1.770912,1.0544437,1.3792564,2.3667822,2.2963305,1.7335129,2.6704376,2.6801279,1.8392984,2.6581616,2.311667,2.0838284,2.3064153,2.0850396,2.4529808,2.4565687,2.3002615,2.901931,2.3096857,2.150405,2.262717,1.5549875,1.5025632,2.9816318,2.9885232,1.8442591,1.996675,3.3645875,2.5602744,2.26414,2.4942198,2.164171,1.8498764,1.8055012,2.2211123,2.83972,2.5723698,2.4808137,2.485744,2.1821864,2.2335517,2.0787475,2.3747318,1.9712896,3.03571,2.3052058,2.2798843,2.2196422,2.214931,2.1889224,2.225678,3.0476317,3.0295637,3.1398675,2.7547038,3.4259555,3.313974,3.3167531,3.5731947,3.1803102,2.8470533,3.099379,3.1913972,3.6464586,2.8698335,3.3419318,3.0426388,2.5024462,2.2621603,2.422591,2.253196,3.1301286,3.180235,2.658009,2.4058475,2.3486063,2.4237673,2.7260485,2.8751128,2.312214,2.3375745,2.2566924,2.257122,2.9229438,2.4174445,2.3355463,2.853239,1.9986981,2.1528504,2.385051,2.6561537,2.1621125,1.7087015,2.1239674,2.1965923,2.9611254,2.3113058,2.8008997,2.9809935,2.3195863,2.0859609,2.0111437,1.9937775,2.2249832,2.4231875,2.6727135,2.0486364,3.0384803,2.657235,3.0113764,2.5052464,2.3388658,2.4277344,2.8188899,3.2364967
13,2.6797998,2.6635938,3.544711,2.70578,1.9572088,1.6004814,2.0296447,1.8699647,1.4655558,1.4421043,1.5371246,2.0371134,1.770912,0.0,2.0665712,2.2021265,1.9740971,2.0317547,2.480218,3.054609,2.2832427,1.6058458,2.2600098,1.8592983,1.7752103,1.7410339,2.8721457,2.2050653,2.019241,2.039514,2.5761979,2.0670726,1.9588768,1.623292,1.5772423,1.5539141,2.9064739,2.879224,1.8886887,2.0370202,3.369749,2.590761,2.2413394,2.5218127,2.8611479,2.6494863,2.6030402,2.2151499,2.733396,2.5103798,2.265258,2.2824101,2.6061058,2.6413693,2.5428116,2.15581,1.915098,3.051591,2.2283702,2.1774776,2.2145448,2.2141464,2.1489525,2.1810305,2.5520313,2.4791918,2.6334572,2.5608032,2.8774436,2.7718077,2.7717662,3.0195076,2.7861109,2.429518,2.7807333,2.8840435,3.3909357,2.4996386,3.007869,2.6926317,1.801867,1.6089419,1.6852865,2.2474806,2.7550445,2.6495264,2.3255606,1.9335876,2.1575577,2.0014353,2.6439025,2.5773768,1.8605022,1.9040552,1.7859299,1.7238717,2.7195592,2.305625,2.182166,2.6661472,2.6296623,2.747861,2.3969073,2.2917862,1.8887894,2.3257506,2.6044037,1.708579,2.673719,2.2400825,2.6056561,2.798026,2.6813443,2.443617,1.9374114,2.0070298,2.140559,2.181638,2.4348333,2.1328807,2.9713054,2.4921908,2.9811573,2.205455,2.2893996,2.2021265,2.8640409,3.1576383
14,2.2208068,2.2135417,3.923369,2.764154,2.0938113,1.9174677,3.0002937,2.4965174,1.8936812,1.8620093,1.6177723,1.1169846,1.0544437,2.0665712,0.0,0.9394388,2.415225,2.353048,1.894012,2.7567482,2.992626,2.0037873,2.7089524,2.3952827,2.2041426,2.3964345,2.2053735,2.5978096,2.4793255,2.3207304,2.959072,2.3397813,2.1070015,2.2159312,1.5790781,1.5669292,2.9250996,2.928392,1.9653785,1.9326493,3.1742766,2.4821723,2.20765,2.5108314,2.0053697,1.79007,1.7222154,2.1702101,2.788507,2.5156639,2.387458,2.3610268,2.4370794,2.4571536,2.3015924,2.595872,2.0085297,2.9953196,2.2785602,2.2275183,2.299964,2.2939901,2.2228284,2.2684906,3.0130272,2.988753,3.1130645,2.7659297,3.2183914,3.3069682,3.2877986,3.7009468,3.3619826,3.0872319,3.0484824,3.4654574,3.4824255,2.8499932,3.3140361,2.8173146,2.6467202,2.4502969,2.5223815,2.4499178,2.8551514,3.1156569,2.5497944,2.3967953,2.6293721,2.7126524,2.944916,3.0502577,2.2639172,2.4719663,2.2317214,2.4049158,2.951561,2.5517092,2.215347,2.7960582,2.3181653,2.420485,2.7882645,3.0014472,2.5512743,2.1183193,2.2707503,2.4246855,3.06713,2.4639862,2.8805985,3.0022771,2.3655088,2.1604648,2.1499193,2.0654795,2.1641366,2.3858604,2.845385,2.2126577,3.2789855,2.5651474,2.848578,2.5493119,2.3869731,2.3706348,2.8608716,3.3670862
15,1.4552062,1.4483837,3.4842455,2.4251425,1.696776,1.5116066,2.7192314,2.1361773,2.185768,2.2031522,2.079051,1.7197036,1.3792564,2.2021265,0.9394388,0.0,2.0663273,1.9765799,2.2201452,2.3119411,2.5735538,2.0483167,2.2021854,2.0420544,1.8235282,2.0605223,1.9320022,2.308222,2.1520455,1.9511874,2.7265084,1.9924968,1.7992954,1.9284499,1.7822683,1.7809563,2.3583567,2.3835611,1.535097,1.5870432,3.029849,2.228183,1.9385531,2.154523,1.8300468,1.5697529,1.4467736,1.8915021,2.2758186,2.1541648,2.0611365,2.0519059,2.2192929,2.2808902,2.0623686,2.3085182,1.5591422,2.7200098,1.8878887,1.8686991,1.8748885,1.866818,1.7909149,1.842936,2.5952613,2.5174007,2.6401458,2.2449515,2.7275856,2.8472404,2.814399,3.3612888,2.9017744,2.7990084,2.5313654,3.2287736,3.1024017,2.3734317,2.9777403,2.3656082,2.4765105,2.316171,2.6479008,2.3306792,2.3299906,2.6693692,2.4587162,2.2927089,2.632307,2.74785,2.9971294,3.0774949,2.2969139,2.493011,2.299036,2.4401798,2.7547283,2.5918093,2.2209587,2.308564,2.1815422,2.203655,2.5149028,2.753667,2.518666,2.2680945,2.3853283,2.4622242,2.647234,2.4888015,2.6944678,2.8380334,2.1736562,1.9259937,2.1170614,2.0320442,1.8681124,2.0517287,2.448736,2.175424,3.0752652,2.4879975,2.8504522,2.4613292,2.364469,2.3948405,3.0058231,3.2114346
16,2.0581849,2.0384376,2.5403244,1.9823089,1.6204115,1.6281408,1.9694217,1.2355953,2.1623693,2.1676588,2.2716317,2.4909894,2.3667822,1.9740971,2.415225,2.0663273,0.0,0.4143921,2.392827,1.8647416,1.0552764,1.4006292,0.6805595,0.40820393,1.5901434,1.4269156,2.5388403,2.0504575,0.69227314,0.71096283,1.9731729,0.8501582,1.592226,1.2815225,2.048098,2.1733484,2.181566,2.1761475,1.8849277,1.6975452,3.0075073,2.5238056,2.0350099,2.3724065,2.608364,2.3138683,2.2209086,1.9600853,1.8237734,1.9122869,1.645635,1.6589497,1.9171075,1.9243488,1.866299,1.5340495,1.5609741,2.1260726,1.3172553,1.2498504,1.8323629,1.820969,1.6463648,1.7891968,1.6509936,1.4765704,1.661253,1.4787875,1.9488273,1.924506,1.8424687,2.367782,1.8336143,1.7503353,1.7446061,2.4252312,2.9299831,1.6250399,1.9099957,1.869492,1.30505,1.1547023,1.7575561,1.8513103,1.6809468,1.8074894,1.7093048,1.7000961,2.150698,2.1788764,2.0580416,2.045025,1.793058,1.811056,1.8247118,1.7557074,1.8480612,1.9861004,1.7062858,1.6795464,2.2808163,2.273046,2.3995779,2.387038,1.7322248,2.1776712,2.2806656,1.5852617,1.3220519,1.9340062,1.8746397,2.2716613,1.781464,1.6253742,1.5785719,1.6026638,1.4267737,1.5015996,1.4735931,1.7606088,2.2460825,1.9648782,2.281041,2.0392933,2.2864132,1.9664251,3.0565999,2.8011076
17,1.9750016,1.9698534,2.4911149,1.8765404,1.4821095,1.6474321,2.0065458,1.287135,2.2061133,2.2020855,2.2346456,2.4387457,2.2963305,2.0317547,2.353048,1.9765799,0.4143921,0.0,2.3308873,1.9099953,1.1363413,1.2827226,0.7776208,0.6039489,1.5303016,1.5603532,2.4896827,2.0116558,0.8511398,0.51890314,2.0561223,0.68804884,1.388053,1.3746676,1.8846833,2.013104,2.0376952,2.0373442,1.7158234,1.5168015,2.8958397,2.377361,1.8899376,2.2128878,2.4800198,2.1772175,2.0664923,1.7923969,1.6277708,1.7155159,1.6813318,1.692104,1.9545923,1.970113,1.8975234,1.4203002,1.3455385,1.9578282,1.0561098,0.9778758,1.6398901,1.6261568,1.4412018,1.6005479,1.6686559,1.5227075,1.6852586,1.3615273,2.0025747,1.9752371,1.8980374,2.436723,1.7585707,1.6639565,1.5804734,2.3551788,2.8448534,1.4980496,1.8315024,1.7772163,1.2883235,1.080469,1.8095157,1.6363761,1.5865234,1.8698227,1.5775778,1.5486401,2.0662773,2.1844764,2.0978851,2.0789518,1.6423188,1.654597,1.6920182,1.6645148,1.8937552,1.9264933,1.7378587,1.7131826,2.2535331,2.249223,2.30771,2.3107512,1.7560594,2.1802852,2.3128035,1.6453229,1.3966222,1.9700959,1.9327168,2.3165867,1.6954516,1.5166365,1.4721273,1.5107024,1.34934,1.657802,1.5019727,1.6129273,2.2829099,2.0169833,2.2155201,2.060575,2.2254243,1.932048,3.0098438,2.7697802
18,2.8117268,2.8079643,3.6344872,2.7837253,2.5173798,2.5742543,2.9900491,2.6221793,2.228696,2.1789327,2.0718558,1.7234774,1.7335129,2.480218,1.894012,2.2201452,2.392827,2.3308873,0.0,2.1078854,2.731297,1.6359885,2.713406,2.3753362,2.6175132,2.7037978,2.540795,2.9038804,2.455468,2.3160203,3.0140784,2.3568227,2.5790968,2.6497455,2.131603,2.2081482,3.468533,3.480486,2.6704483,2.5251913,3.4874218,3.0209723,2.815486,3.128486,3.1638122,2.500357,2.4288704,2.774648,3.0182247,2.7804124,2.6516213,2.6344259,2.301411,2.2824981,2.2506812,2.5554512,2.506386,2.845479,2.4634886,2.3903072,2.6096547,2.6036959,2.534599,2.6400921,3.0693374,3.1112173,3.1663647,2.8964856,3.5321915,3.4921224,3.3911703,3.4596827,3.251204,2.8754864,3.1591024,3.328398,3.828087,3.0315058,3.2784708,3.1512141,2.4620366,2.318821,2.3531861,2.3332422,3.176733,3.7878275,2.6833622,2.436827,2.335117,2.502302,2.3005307,2.6169202,2.328694,2.2836614,2.3135486,2.2978346,2.8491335,2.41163,2.3733106,3.0916722,2.3883412,2.556316,3.0835881,3.3229074,2.262477,1.7868018,2.5641725,2.3873827,3.0223725,2.8375938,3.3880692,3.5205185,2.4138799,2.1663325,2.0169141,2.140581,2.507323,2.6452992,2.758196,2.080149,3.0699408,2.6753016,2.4433212,2.1708794,2.4196072,2.285299,2.658033,3.0041308
19,2.0333855,2.0084174,2.8982196,2.5725565,2.4115794,2.343149,2.67606,2.2143528,2.9658303,3.0141253,3.0880218,2.890786,2.6704376,3.054609,2.7567482,2.3119411,1.8647416,1.9099953,2.1078854,0.0,1.8584247,2.2470028,1.7506932,1.813175,2.317636,2.2172484,2.347665,2.673469,1.8941337,1.8990726,2.6730595,1.9838473,2.5891774,2.38582,2.9889233,3.0922456,2.8149645,2.8514593,2.6501563,2.5060265,3.5060294,3.0429268,2.83596,3.1389158,3.3143623,2.6187365,2.5296702,2.8098104,2.470148,2.6249118,2.2986908,2.3149545,2.0211592,2.0236092,1.9880388,2.4021487,2.4019022,2.7256649,2.2860038,2.2709255,2.4914467,2.4842365,2.4024024,2.5267792,2.4725251,2.3587093,2.4400728,2.2447338,2.835936,2.8648405,2.6669745,2.6832957,2.5744996,2.6278844,2.5191352,3.2023737,3.5395358,2.5649862,2.8485112,2.729685,2.4113562,2.3957512,2.8807135,2.6903942,2.5200942,3.198343,2.9603846,2.7334712,2.8046827,2.9079955,2.6776593,2.9606886,2.9077816,2.8608682,2.9510336,2.8498802,2.5579605,2.907717,2.6827083,2.4242773,2.4909554,2.48469,3.0743973,3.305369,2.52373,2.4520738,2.9646304,2.7039275,2.2174227,3.084822,3.2620938,3.3349853,2.4254782,2.1425314,2.446428,2.528235,2.3695297,2.1754875,2.1674342,2.550147,2.8568032,2.793098,2.7154531,2.254106,2.8910599,2.7188513,3.2739184,2.8266838
20,2.025497,2.0202703,2.050506,2.1079443,1.7716804,1.7454711,1.5319558,1.3951883,2.5281432,2.5681202,2.6501985,2.8858464,2.6801279,2.2832427,2.992626,2.5735538,1.0552764,1.1363413,2.731297,1.8584247,0.0,1.7437234,0.8032397,0.87362814,1.7678547,1.6186761,2.6525123,2.1784546,1.1004555,1.1383276,2.1403866,1.2095959,1.9176705,1.596984,2.5111225,2.6020932,2.2552829,2.2601192,2.1193774,1.9725566,3.1297257,2.5904984,2.2991407,2.6566904,2.924816,2.627956,2.53587,2.2709305,1.8129165,2.003222,1.7592404,1.79994,1.7386446,1.762774,1.7645513,1.3713838,1.7477369,2.2842238,1.6036216,1.5984757,1.930682,1.9220996,1.8140918,1.9256479,1.7063649,1.4628916,1.6954665,1.5010586,2.3617249,2.1286936,1.9739068,1.8114461,1.4422598,1.4648246,1.7697991,2.215356,2.976619,1.7457075,2.1572583,2.2206588,1.5435565,1.4139698,1.9979731,1.9276994,2.081285,1.9843807,2.3520026,1.967585,2.023538,2.003805,2.1176093,2.1555207,2.1890895,2.0253391,2.216435,1.9797146,1.8996724,2.2223032,2.2436414,1.90838,2.3318608,2.3121345,2.3178895,2.3141007,1.6062701,2.2153094,2.4862869,1.6992337,1.3089582,2.096055,2.1986427,2.3088584,2.1361442,1.8052754,1.7862378,1.9500301,1.7542944,1.6811473,1.2793871,1.9868305,2.2321568,2.441131,2.6507506,2.0062907,2.6626327,2.396165,3.094161,2.4814465
21,2.420613,2.4279306,2.9615421,2.0663054,1.6497315,1.8275673,2.2684815,1.7205143,1.6552875,1.611266,1.5569779,1.8050948,1.8392984,1.6058458,2.0037873,2.0483167,1.4006292,1.2827226,1.6359885,2.2470028,1.7437234,0.0,1.6656861,1.2758042,1.7648804,1.880174,2.557781,2.1837554,1.3847632,1.1428432,2.2955801,1.1712538,1.6410397,1.7019622,1.4757181,1.5125086,2.611488,2.61972,1.9407023,1.6808671,2.8230436,2.2970026,2.057398,2.321186,2.6473727,2.2901337,2.1988635,1.988829,2.0280848,1.7888304,1.8116328,1.8108137,2.0149746,2.057308,1.9790871,1.563464,1.5584261,2.015125,1.3530717,1.2666516,1.7502955,1.7410079,1.6410444,1.7425164,2.0362089,2.0114455,2.1601143,1.9324973,2.501009,2.423611,2.3587782,2.577707,2.2034492,1.76538,2.050875,2.491983,2.9909558,1.8960205,2.2187455,2.075709,1.1750412,0.83864784,1.285244,1.2995187,2.1554723,2.5512815,1.8342525,1.1559772,1.4324242,1.5823073,1.7573202,1.8344622,1.1386949,1.1421391,1.1226904,1.1165286,2.2579103,1.7539268,1.7601513,2.380339,2.2535305,2.3713055,2.5017307,2.5491083,1.4163486,1.733089,2.1946154,1.3895636,2.0982978,1.9277735,2.489625,2.5222566,2.0820532,1.6736109,1.2128993,1.4247072,1.5947984,1.8817155,1.9212449,1.3693734,2.6236968,2.1973479,2.0453131,1.4716547,2.0810351,1.7244688,2.4566615,2.5434647
22,1.8805121,1.8690808,2.3693907,1.9860146,1.6276532,1.6141171,1.9752884,1.2651254,2.4326458,2.471416,2.5820303,2.8138216,2.6581616,2.2600098,2.7089524,2.2021854,0.6805595,0.7776208,2.713406,1.7506932,0.8032397,1.6656861,0.0,0.5149833,1.5928984,1.4383384,2.5928555,2.0951254,0.730598,0.7362198,2.0546196,0.87045604,1.7107264,1.3743047,2.3916845,2.4891062,2.0009494,2.010175,1.9732189,1.7691376,2.96035,2.4529605,2.1132042,2.4615495,2.7510955,2.47667,2.3566945,2.0573788,1.5627749,1.7961124,1.5417643,1.5780087,1.95092,1.9780934,1.9187607,1.5359001,1.5566325,2.1073318,1.3239223,1.294644,1.785457,1.7743807,1.6183656,1.7533268,1.5148803,1.1943414,1.4774512,1.2896441,1.8479239,1.8538591,1.6998451,1.9735174,1.5989157,1.6884824,1.4925629,2.4719932,2.794449,1.4915026,1.9378545,1.7682574,1.3947802,1.3207138,2.0263805,1.9721355,1.5062895,1.7122566,2.117662,1.7854546,2.20417,2.2198064,2.2734332,2.279192,2.030935,2.0454,2.074598,1.9982694,1.9734794,2.3142834,2.089768,1.6978854,2.4586549,2.420262,2.5341544,2.521231,1.9063079,2.4293933,2.5675292,1.8456018,1.2632036,2.1686642,2.179495,2.309384,2.1064565,1.7934372,1.8291559,1.9219536,1.5230747,1.4863911,1.39023,2.026495,2.4070752,2.2510602,2.5016372,1.9544997,2.5581148,2.2464507,3.114791,2.622631
23,1.9752771,1.9593682,2.5082574,1.9601483,1.539644,1.4823246,1.8484123,1.139469,2.0526974,2.073419,2.1761234,2.4328992,2.311667,1.8592983,2.3952827,2.0420544,0.40820393,0.6039489,2.3753362,1.813175,0.87362814,1.2758042,0.5149833,0.0,1.4680641,1.2855927,2.4718246,1.972679,0.55155367,0.60681844,1.9312552,0.7443853,1.5835347,1.1981363,2.0540633,2.1517448,2.1532595,2.151204,1.8707308,1.6522281,2.8978853,2.3718078,1.9971825,2.3776643,2.6101108,2.3386307,2.231699,1.9478525,1.6934487,1.775497,1.4651049,1.4947542,1.8241297,1.8430518,1.7899674,1.4439554,1.4859364,2.1014938,1.2780845,1.2192163,1.752615,1.7422348,1.5845336,1.7169352,1.5833325,1.3535658,1.6014231,1.4288497,1.9652467,1.9329256,1.8224518,2.10376,1.7476367,1.6456703,1.6762985,2.3945975,2.8720932,1.57482,1.9696307,1.8320161,1.1600139,0.9870267,1.655092,1.7811674,1.6736051,1.7798793,1.9027014,1.5842358,1.968882,1.9583864,2.0048835,2.0244036,1.7529117,1.7682254,1.7738421,1.687714,1.8756958,2.0338714,1.7970475,1.7485801,2.264879,2.2706778,2.4073906,2.3923965,1.6125668,2.1102262,2.2717009,1.4876218,1.3220334,1.8821764,2.0114625,2.1934202,1.947448,1.6474864,1.5499336,1.6372528,1.3971063,1.3854235,1.4120121,1.7708,2.3010702,2.037694,2.3180933,1.7859533,2.316052,1.9725369,2.8953757,2.581251
24,1.8948144,1.8776629,3.30192,2.6975281,1.9568183,1.4841408,1.9311218,1.9288234,1.76485,1.8298304,1.9755212,2.2123363,2.0838284,1.7752103,2.2041426,1.8235282,1.5901434,1.5303016,2.6175132,2.317636,1.7678547,1.7648804,1.5928984,1.4680641,0.0,0.78480786,2.0201936,1.3549209,1.8092496,1.4957737,2.5628684,1.6570348,1.2833253,1.251502,1.6896186,1.7409676,1.781369,1.764506,1.3863716,1.2222778,2.6900544,2.0137599,1.3253734,1.8334581,2.2716734,1.8710978,1.8441254,1.4859934,2.0654693,2.091949,2.0399313,2.09327,2.3391743,2.3706102,2.2615218,1.8901138,1.4213003,2.9151676,1.7480716,1.7590737,2.0233753,2.0163484,1.9316393,1.9819007,2.165742,2.0373204,2.0564198,1.8034403,2.441513,2.4620793,2.3811922,2.7349234,2.2843256,2.1802077,2.066694,2.7945678,3.0962977,2.1110523,2.4193878,2.3179126,1.7810996,1.5842026,2.1388123,2.0451229,1.9917511,2.270881,2.2075615,1.9023925,2.293724,2.4879444,3.0968564,3.0945969,2.108791,2.1471303,2.1253183,2.084658,2.5001264,2.505296,2.3252878,2.286758,2.5898817,2.6098783,2.0880783,2.0781085,2.174452,2.5691407,2.731939,2.1184402,2.18216,2.4430377,2.503084,2.385214,2.425372,2.1932747,2.0471075,2.0298347,1.8367786,2.098758,2.1088207,2.1686504,2.5019143,2.18935,2.6769426,2.3769224,2.2274938,2.0073092,2.9629588,2.706271
25,2.063088,2.0230439,3.2776005,2.7568169,2.1561198,1.5211453,1.9062817,1.8507555,1.7030959,1.7755939,2.1592398,2.4105735,2.3064153,1.7410339,2.3964345,2.0605223,1.4269156,1.5603532,2.7037978,2.2172484,1.6186761,1.880174,1.4383384,1.2855927,0.78480786,0.0,2.1895165,1.5450944,1.6700991,1.5869353,2.4680607,1.7783998,1.7437907,1.1527128,2.0846698,2.137197,2.1407115,2.1192427,1.8150178,1.6831632,2.9804115,2.4140694,1.7917212,2.2014616,2.6249936,2.2688851,2.2475953,1.9423498,2.3220496,2.3742154,1.9843229,2.0454893,2.289014,2.312994,2.205019,2.0102944,1.781701,3.0386708,2.0004728,1.9889956,2.2910507,2.2837434,2.1723561,2.2397187,2.1131296,1.931302,1.9298973,1.8721539,2.2999446,2.334395,2.2534306,2.5846696,2.329062,2.2498007,2.2494702,2.882061,3.1843355,2.2223256,2.4793637,2.4107203,1.7431675,1.6568912,1.993413,2.282073,2.0693338,2.1868832,2.3895566,2.0565283,2.3198814,2.4031649,2.941919,2.9399588,2.286039,2.3220012,2.2838814,2.1875446,2.433758,2.5729735,2.2951648,2.2345138,2.6921556,2.7057471,2.3612416,2.3319917,2.1502972,2.5767071,2.7170181,2.0714293,2.0787346,2.4200358,2.4577813,2.3862734,2.580893,2.3556578,2.1682158,2.1933365,1.9683555,1.8914471,2.0502279,2.379324,2.325755,1.9759808,2.7844539,2.2849424,2.2289746,1.9516996,2.9463446,2.6575031
26,1.9880062,1.962092,3.6824143,3.1540625,2.6027694,2.3185358,2.7465057,2.755168,2.7980018,2.7983837,2.6005678,2.203223,2.0850396,2.8721457,2.2053735,1.9320022,2.5388403,2.4896827,2.540795,2.347665,2.6525123,2.557781,2.5928555,2.4718246,2.0201936,2.1895165,0.0,1.6014824,2.747738,2.5081592,2.392583,2.585518,2.422091,2.4908342,2.4855144,2.4902735,2.7185237,2.7389362,2.3538065,2.1809607,3.2407765,2.7595897,2.3276713,2.6261346,2.2824476,1.9604216,1.9251583,2.423053,2.8328013,2.8255634,2.6787596,2.697923,2.3697104,2.4553092,2.2470233,2.6645164,2.3884254,3.3942053,2.5740795,2.599718,2.769321,2.759342,2.6999419,2.741399,3.0702116,3.013952,2.9878447,2.6796677,3.4446843,3.4448957,3.3891284,3.5409565,3.1616287,3.1021204,3.0762482,2.886664,3.7630117,2.9762883,3.1811984,3.1348817,3.2170792,2.637671,3.0538828,2.739178,3.0358636,3.2672887,3.221962,3.1056364,2.8249888,3.0449016,3.3365889,3.5249841,3.0013816,3.00185,3.010677,2.9679058,3.0275514,3.0231314,2.86798,2.951704,2.5904372,2.6273658,2.7916296,3.0437944,2.8531108,2.5079567,2.726998,2.906447,3.0018687,2.9488792,3.1435776,2.986959,2.668766,2.454064,2.6080332,2.5397708,2.8127284,2.7634335,2.8340082,2.7155766,2.8777838,2.66778,2.6654675,2.852974,2.7305765,2.582909,3.1431496,2.994341
27,2.3157778,2.300371,3.4494739,2.8880124,2.2706778,1.9849478,2.3344424,2.3212204,2.4496195,2.4578283,2.3125966,2.5333598,2.4529808,2.2050653,2.5978096,2.308222,2.0504575,2.0116558,2.9038804,2.673469,2.1784546,2.1837554,2.0951254,1.972679,1.3549209,1.5450944,1.6014824,0.0,2.3019185,2.02958,1.9073118,2.1356902,1.8503593,1.8468592,2.1126347,2.1609566,2.1560612,2.1416438,1.9003391,1.8202062,3.2092938,2.7094467,1.9315124,2.335045,2.5620048,2.1772099,2.2329204,1.9639599,2.5934691,2.6247048,2.5644963,2.577186,2.6417081,2.702547,2.5560844,2.242401,1.9883438,3.1344676,2.1720328,2.214714,2.4357607,2.4277287,2.3553424,2.381637,2.4649248,2.3951864,2.3606603,2.2452197,2.8485065,2.866936,2.8021758,2.9922116,2.5978642,2.5406673,2.5005767,2.337606,3.355809,2.403879,2.4307659,2.5898612,2.6163313,1.8625356,2.459352,2.4040778,2.4157603,2.6432643,2.658356,2.5441954,2.545548,2.7409382,3.2322724,3.2467306,2.4033656,2.411101,2.4350846,2.3824363,2.7080028,2.7297883,2.5865402,2.6134415,2.8425784,2.8723779,2.5182636,2.4753637,2.524686,2.805299,2.9567003,2.4393768,2.5969796,2.7337792,2.8013668,2.6801147,2.7096107,2.5104234,2.3208382,2.2635515,2.4981382,2.566521,2.496078,2.471529,2.7302947,2.4446564,2.375488,2.560062,2.4627512,2.1971,3.0612266,2.8072758
28,2.1091154,2.0872655,2.6108353,2.0413692,1.555731,1.6453546,2.0674481,1.1788553,2.2603352,2.2706249,2.2687345,2.5123281,2.4565687,2.019241,2.4793255,2.1520455,0.69227314,0.8511398,2.455468,1.8941337,1.1004555,1.3847632,0.730598,0.55155367,1.8092496,1.6700991,2.747738,2.3019185,0.0,0.7726669,1.956911,0.6309444,1.7309383,1.3394758,2.1818795,2.2788234,2.222733,2.2256625,2.0529153,1.7901468,2.9158902,2.468635,2.18883,2.5409963,2.705684,2.4458232,2.3246553,2.0498612,1.7677186,1.8445109,1.5168933,1.5222971,1.8978406,1.9064581,1.8729304,1.5709295,1.6401243,2.0822177,1.3626742,1.2963824,1.8499091,1.8404926,1.6852762,1.8197033,1.6564125,1.3771845,1.8255185,1.6898125,1.9548833,1.9388323,1.8141541,2.1084352,1.8644706,1.7693285,1.7470675,2.5571861,2.9485903,1.6659794,2.0022178,1.8570267,1.1933357,1.1275437,1.8294928,1.9741117,1.770487,1.8330472,1.9711316,1.670707,2.146368,2.0129104,2.0098681,2.024676,1.7838457,1.8360593,1.8130544,1.7584478,1.9871724,2.1434052,1.8902725,1.876059,2.4056313,2.4065645,2.6272593,2.6179368,1.6962435,2.178906,2.3502069,1.5604063,1.4456097,1.916975,2.0894153,2.2138627,1.9511201,1.621151,1.6451557,1.7315743,1.439673,1.3887831,1.4788018,1.8431168,2.6819954,2.4001036,2.3329575,1.7883483,2.7293,2.3625035,3.190487,2.891102
29,1.9641201,1.9748968,2.4974477,1.8058903,1.3605605,1.5710788,2.0912495,1.3200256,2.1245003,2.1463513,2.112391,2.3768647,2.3002615,2.039514,2.3207304,1.9511874,0.71096283,0.51890314,2.3160203,1.8990726,1.1383276,1.1428432,0.7362198,0.60681844,1.4957737,1.5869353,2.5081592,2.02958,0.7726669,0.0,2.092877,0.42504522,1.3282318,1.3760041,1.8832383,2.004529,1.922763,1.9267684,1.7229184,1.4382024,2.7258902,2.1907957,1.8266693,2.2766082,2.4396126,2.151898,2.0170197,1.7040079,1.3934906,1.4545574,1.4934218,1.4981989,1.8801289,1.8884953,1.8628377,1.3274844,1.239618,1.7367904,0.8589495,0.79741615,1.4620582,1.4500027,1.2898395,1.4353809,1.6001981,1.3745719,1.671123,1.2530624,2.0095427,2.0223029,1.8877794,2.1598349,1.719884,1.5931811,1.4418584,2.418282,2.7180083,1.423304,1.8449802,1.6471822,1.1811469,0.93564165,1.7127042,1.4942361,1.4292874,1.8180364,1.6806142,1.3136135,1.9245305,2.049678,2.039786,2.0515397,1.5095687,1.564451,1.5618103,1.5744194,1.9299586,2.0027997,1.8280212,1.8149215,2.250789,2.25352,2.4418087,2.4359565,1.6702229,2.1296995,2.3166344,1.5272809,1.4425229,1.8826889,2.0734668,2.2194464,1.8186408,1.4806107,1.4051424,1.4737754,1.1614503,1.5564306,1.4645176,1.5420303,2.4229023,2.1294932,2.172159,1.7986562,2.2966714,1.9302272,2.8370008,2.5081182
30,2.694336,2.6786065,3.0939445,2.6113493,2.1882331,2.306134,2.6992266,2.1484065,3.1505756,3.1153512,2.7752995,2.9750278,2.901931,2.5761979,2.959072,2.7265084,1.9731729,2.0561223,3.0140784,2.6730595,2.1403866,2.2955801,2.0546196,1.9312552,2.5628684,2.4680607,2.392583,1.9073118,1.956911,2.092877,0.0,2.0063286,2.4548876,2.234158,2.7368486,2.790388,2.891576,2.9006643,2.699743,2.5085356,3.470773,3.0916827,2.8277242,3.0740511,3.0815315,2.9642422,2.854542,2.6814363,2.5384502,2.576273,2.2962286,2.257387,2.515129,2.6100683,2.475456,2.3124943,2.4435775,2.7229912,2.2617526,2.2628396,2.5466757,2.5408509,2.451536,2.4988418,2.3541446,2.2262514,2.5008128,2.5188198,2.7644415,2.732431,2.6658895,2.849597,2.5965285,2.5835972,2.6378584,1.8989804,3.4018831,2.3140156,2.5552058,2.4537942,2.8181713,1.9687557,2.5584085,2.6923947,2.6178703,2.5819514,2.7627993,2.8236,2.7417336,2.6009562,2.5329168,2.5697856,2.458573,2.4722955,2.4852123,2.4109645,2.552792,2.655717,2.4498801,2.5294237,2.8244646,2.838894,3.1057973,3.0631635,2.4273195,2.6540225,2.8117452,2.270728,2.4507546,2.5698345,2.6712713,2.7915068,2.466051,2.2622447,2.2480457,2.1919987,2.6174648,2.2901638,2.3232682,2.4354527,3.1430202,2.888053,2.0402641,2.3537989,3.133217,2.7666686,3.5327342,3.277721
