,0,1,2,3,4,5,6,7,8,9,10,11,12,13,14,15,16,17,18,19,20,21,22,23,24,25,26,27,28,29,30,31,32,33,34,35,36,37,38,39,40,41,42,43,44,45,46,47,48,49,50,51,52,53,54,55,56,57,58,59,60,61,62,63,64,65,66,67,68,69,70,71,72,73,74,75,76,77,78,79,80,81,82,83,84,85,86,87,88,89,90,91,92,93,94,95,96,97,98,99,100,101,102,103,104,105,106,107,108,109,110,111,112,113,114,115,116,117,118,119,120,121,122,123,124,125,126,127
0,0.0,0.6313381,0.5524136,1.0412711,1.1077105,1.1032034,1.4816045,1.476718,2.889878,3.0140924,3.0596244,3.0741847,1.8835461,1.2564325,1.5107675,1.4287862,2.8608425,2.8519228,2.7563787,3.5305736,2.8871667,2.8126183,2.0422788,1.9868779,3.2216268,3.1823347,3.404832,3.1696863,3.0982802,3.6203668,2.6459672,2.4811444,2.5246983,2.5262468,3.3026767,3.1300306,2.5073838,3.3147407,2.3404899,2.2145135,2.2387464,2.4656801,1.7782775,2.5233274,2.2761006,2.012889,2.0156012,2.0723448,2.8936436,2.3465588,2.5553772,2.7209344,1.5473201,2.4803548,2.0589762,1.9623288,2.237983,1.8767447,2.0266378,2.8018024,1.9665769,2.2005782,1.8992536,1.7575297,2.7904954,2.6339996,2.674395,3.0680153,3.2243192,3.1799085,3.609079,3.1944056,3.2070706,3.4483292,2.5018806,2.2277274,3.5925355,3.8419986,3.875688,3.545824,2.0645704,2.4514155,2.132589,2.6924183,1.9562056,2.0449142,2.612002,2.2812715,2.7252262,2.706454,3.1245239,3.5328636,2.732017,2.792816,2.7005684,2.7823455,3.2430937,3.4786415,3.3954737,3.3590143,3.8192496,3.313894,3.6008446,3.624265,2.976651,2.2763846,2.624405,2.7376707,2.4182842,2.2472148,2.6240368,2.6506705,3.5602098,3.579812,2.2894912,2.3229816,2.7686281,2.8225038,2.4495294,2.4553993,2.4940526,2.3781753,2.2575433,2.307801,2.3485398,2.3198776,2.750002,2.6088612
1,0.6313381,0.0,0.84984845,1.2238932,1.4890459,1.4799827,1.760863,1.7597094,2.941958,3.0861073,3.1037738,3.0974789,1.8455791,1.2961903,1.7075841,1.4941136,3.1624591,3.1530116,2.887574,3.8650744,3.2929683,3.1301117,2.4326873,2.3165004,3.4099364,3.3913958,3.6426504,3.3468354,3.3073308,3.6733744,2.8164268,2.7283897,2.5953972,2.5998664,3.5043325,3.4316878,2.7954142,3.5592825,2.4759138,2.3951833,2.50724,2.580055,1.853462,2.5428452,2.4476657,2.164118,2.1619227,2.2551343,3.002138,2.5124362,2.4590094,2.656818,1.692251,2.6565928,2.232074,2.1189985,2.4576352,2.033696,2.3235059,2.9377747,2.2049866,2.3779798,2.1350493,1.928142,2.9631963,2.8237565,2.8638844,3.1531096,3.3269057,3.2851958,3.7036233,3.272287,3.498636,3.6003819,2.493865,2.218452,3.64586,3.8206549,3.8079512,3.5448952,2.227928,2.6240542,2.3176754,2.8847516,2.1835663,2.3006978,2.8320694,2.5829806,2.8839521,2.8129277,3.0093226,3.6205251,2.8898609,2.9561746,2.8634908,2.9229712,3.412602,3.6386976,3.5945265,3.5399554,4.0066423,3.5152092,3.6638303,3.7843251,2.944966,2.2389402,2.7137065,2.8063872,2.5351455,2.1956034,2.5528846,2.618976,3.5208824,3.5420425,2.2411757,2.2822213,2.7725058,2.825746,2.2415578,2.386996,2.6445749,2.533798,2.4877563,2.423786,2.3279908,2.3004115,2.8285472,2.693156
2,0.5524136,0.84984845,0.0,0.97865385,1.0233102,1.0301038,1.6494904,1.6475658,2.9739234,3.0675871,2.9733682,2.9817803,1.8163323,1.4054124,1.5891043,1.5629935,2.8824759,2.8738685,2.7521193,3.5472922,2.827386,2.728024,1.9968587,2.0153456,3.223358,3.1665251,3.3706033,3.1761167,3.1934273,3.7453635,2.7653348,2.586105,2.3570046,2.3480244,3.2977173,2.9774446,2.3736124,3.2097597,2.2402718,2.0138533,2.0567873,2.1619942,1.6378055,2.4113715,2.0648873,1.8112866,1.8308446,1.8829108,2.9536848,2.1724198,2.43601,2.5881767,1.4660664,2.39879,1.9824507,1.8794931,2.1235688,1.852412,1.8930998,2.767612,1.7359444,2.011788,1.6587571,1.692693,2.6928782,2.5400884,2.5949538,3.1417136,3.1683755,3.1513135,3.4336133,3.036439,3.1287887,3.3430796,2.3526235,2.052223,3.8098197,4.1298304,3.8983345,3.4193857,1.9690968,2.4311545,2.0199432,2.5732925,1.9245206,2.095238,2.3534017,2.170727,2.5039732,2.603157,3.007611,3.4210744,2.6206892,2.701078,2.6198733,2.708606,3.1612275,3.4109957,3.2833648,3.280331,3.7597704,3.2563915,3.4176455,3.383155,2.8836062,2.2880335,2.5058482,2.667801,2.4590783,2.2408066,2.5925539,2.6029325,3.4699237,3.49875,2.238562,2.2833083,2.87776,2.9278872,2.4476483,2.4580963,2.536775,2.42942,2.151112,2.185207,2.3407583,2.3152256,2.6849515,2.4469874
3,1.0412711,1.2238932,0.97865385,0.0,0.89822924,0.89987236,1.7354019,1.7331592,3.1273017,3.0658565,3.2182987,3.0867984,1.7791685,1.7327393,1.5804354,1.4346677,2.8103209,2.8007362,2.6206274,3.4627497,3.0951066,2.7111328,2.3249538,2.235672,3.2488828,3.1770391,3.3899288,3.1798418,2.7880704,3.4223135,2.7304978,2.5291154,2.3300488,2.320245,3.1265507,2.9570513,2.3729324,3.2229989,1.8664165,1.7435061,2.3650837,2.390402,1.5950457,2.371395,2.2447836,1.9838893,2.155742,1.9044696,2.9392786,2.3354833,2.249279,2.4431405,1.6809677,2.3698733,2.0483794,1.9363308,2.099306,1.7874315,1.8946475,2.7504432,2.0961487,2.3573492,2.0348625,1.8679119,2.653041,2.4830072,2.5330322,2.9253898,2.9314039,2.9190426,3.3719106,2.9415329,3.0863101,3.2634878,2.3410757,2.0625136,3.7650106,4.0143113,3.7385979,3.4116447,1.9107478,1.9496945,1.8393406,2.4570932,2.2121544,1.8929479,2.366868,2.0134397,2.6265755,2.6025426,2.8822086,3.307444,2.5033405,2.5831432,2.5250063,2.6121495,3.6119418,3.8760786,3.7955792,3.7494705,4.2297196,3.7555034,3.8540473,3.830533,3.507531,2.9160163,3.0904436,3.42749,3.0860932,2.8985677,3.1694937,3.1844668,3.9896882,4.033688,2.8566186,2.9208832,3.4545126,3.524262,3.075767,3.096933,3.191637,3.048653,2.0303254,2.7782817,2.94858,2.920827,3.358142,3.2503624
4,1.1077105,1.4890459,1.0233102,0.89822924,0.0,0.08152313,1.2228822,1.2213532,2.5976403,2.583953,2.6642585,2.5870812,1.8061649,1.6290295,1.6951296,1.5384709,2.4751112,2.4659438,2.2700422,3.0887208,2.5599,2.2984712,2.2202997,2.15437,3.2755322,3.1490529,3.1752374,3.0887213,2.8235729,3.840086,2.567563,2.3493087,2.0077496,1.9865352,2.9430907,2.706153,2.0556047,2.9876559,1.6778519,1.5344658,2.0367477,2.220947,1.5737532,2.3578644,1.8066981,1.6240239,1.7440283,1.5400739,2.599566,1.98798,2.277692,2.453844,1.5632113,2.1738443,1.7612865,1.6593181,1.8619287,1.7321081,1.4554279,2.7165806,1.7479488,2.0220294,1.7101989,1.4925759,2.562855,2.380828,2.4009504,2.826871,2.9122183,2.8912,3.3854544,2.952769,2.919307,3.1144428,2.1661816,1.8889182,3.5580428,3.8554277,3.6135576,3.2676733,1.6274589,1.871674,1.5928599,2.009112,2.0858655,1.8966887,2.2017539,1.8461788,2.3978238,2.3305736,2.8489857,3.2596817,2.3732648,2.4466803,2.33835,2.4473882,2.8793423,3.1439226,3.0531983,3.008431,3.5925596,3.0116854,3.365452,3.1817725,3.2341604,2.6609912,2.6201963,3.108813,2.5986357,2.622995,2.888745,2.8077974,3.5904226,3.6329043,2.5654674,2.6253982,3.1511304,3.2135856,3.1356294,2.8271537,2.651893,2.5072005,1.5075297,2.2954445,2.6264064,2.5986276,2.8686547,2.9687827
5,1.1032034,1.4799827,1.0301038,0.89987236,0.08152313,0.0,1.233467,1.2316234,2.5917823,2.5737765,2.6657484,2.5909002,1.8193784,1.6395222,1.7173457,1.5660146,2.4452388,2.4358084,2.251485,3.0950625,2.5338778,2.2594714,2.2076714,2.1394978,3.271044,3.142135,3.1543996,3.069039,2.7975147,3.8350775,2.5359273,2.3150494,2.012859,1.9958196,2.9161117,2.69389,2.0433247,2.9721131,1.673277,1.5349069,2.0449626,2.2206943,1.5622321,2.3435402,1.8181885,1.6279942,1.7479421,1.5415491,2.606167,2.0053437,2.254423,2.43691,1.5598632,2.1631517,1.7585205,1.655447,1.880917,1.7445228,1.4747359,2.7410152,1.7592385,2.0203552,1.7252527,1.4900959,2.559647,2.3791876,2.4088533,2.8250444,2.911218,2.8879101,3.388163,2.9505754,2.9117055,3.1278706,2.1626697,1.8814244,3.5615613,3.8549302,3.6230385,3.2844925,1.6328465,1.8754104,1.6029272,1.9886225,2.113902,1.9273738,2.2126899,1.8212285,2.403367,2.3406756,2.8423707,3.2528832,2.3708704,2.4436908,2.340788,2.4480731,2.8715131,3.1366122,3.0480306,3.0001495,3.588007,3.0029683,3.3557146,3.1756654,3.2148457,2.6505373,2.624405,3.1095657,2.5987227,2.6150641,2.8665543,2.788182,3.6143909,3.656073,2.5587652,2.6195686,3.1369514,3.200414,3.134831,2.8113816,2.6582634,2.511804,1.489427,2.294376,2.6224244,2.5944996,2.876356,2.987282
6,1.4816045,1.760863,1.6494904,1.7354019,1.2228822,1.233467,0.0,0.046763062,2.251846,2.374444,2.350405,2.336139,1.9441085,1.7009463,1.650255,1.3733231,2.6202025,2.6166263,2.2150836,2.9927905,2.6246855,2.5661027,2.69046,2.5727944,3.3894517,3.2630656,3.2838407,3.1153424,2.9493814,3.7480948,2.529485,2.592076,2.2984347,2.2634475,3.24895,3.171465,2.32339,3.2044706,2.156297,2.0571318,2.0900056,2.541439,1.9788306,2.680467,2.1124816,2.0039947,1.9910065,1.9291341,2.3922315,2.578976,2.4902017,2.6689367,1.536363,2.2687802,1.9284477,1.8469867,2.2156034,2.0765977,1.7982975,2.9133599,1.8163514,2.0692935,1.7847611,1.3369681,2.801652,2.6135747,2.648588,2.8803742,3.0855625,3.0246181,3.5645096,3.241401,3.2225828,3.1257117,2.3147936,2.1624396,3.1616044,3.4882696,3.551611,3.3930833,1.586671,1.9933879,1.8047026,2.2092953,2.1986392,2.0505905,2.5949452,2.3300679,2.3085117,2.0241914,2.9958951,3.342972,2.8958385,2.9415882,2.4604833,2.4829743,2.6869102,2.7377634,2.715696,2.6316812,3.271888,2.6832998,3.2982047,3.170844,3.1864383,2.4207394,2.340308,2.819519,2.0708187,2.4532673,2.653902,2.5850275,3.3654332,3.3849359,2.5053718,2.4919672,2.896458,2.9545586,3.0943294,2.6436832,2.1745303,2.0182428,1.6730305,2.154504,2.277824,2.2547178,2.4871707,2.8525386
7,1.476718,1.7597094,1.6475658,1.7331592,1.2213532,1.2316234,0.046763062,0.0,2.2749674,2.3956027,2.3692555,2.3572006,1.9467896,1.7038218,1.6525544,1.3797907,2.6034138,2.6003435,2.197054,2.9800687,2.6143384,2.5582929,2.6754425,2.5571415,3.3809242,3.2548556,3.2719042,3.1144505,2.941492,3.7400005,2.5244298,2.583742,2.3013792,2.2660952,3.2415721,3.1657796,2.317568,3.1986358,2.154462,2.059362,2.0934534,2.5457883,1.9785069,2.6798177,2.1052346,2.0059612,1.992487,1.9321964,2.38451,2.581853,2.4883726,2.6787212,1.537515,2.2654984,1.9257776,1.8493278,2.2188785,2.0842419,1.8081156,2.9171717,1.8295887,2.0787692,1.7976102,1.3497878,2.8093593,2.625905,2.6569374,2.8855386,3.0877173,3.0277882,3.5729156,3.2530775,3.2232065,3.123191,2.3078961,2.1558447,3.1731122,3.4931266,3.5552185,3.3986244,1.5918965,1.9928447,1.803331,2.2072427,2.1899621,2.0433009,2.5896072,2.3134077,2.3183792,2.026855,2.9900558,3.3323572,2.8963814,2.9404047,2.457808,2.481475,2.695445,2.741211,2.7230175,2.6369543,3.2832198,2.689005,3.3053007,3.176862,3.189368,2.4263825,2.3420627,2.8252554,2.0772905,2.4622939,2.6605246,2.5916593,3.3746226,3.3938663,2.509737,2.4967182,2.8973162,2.9556026,3.0997977,2.6542523,2.1736176,2.018918,1.6842407,2.158251,2.2817643,2.2588573,2.487999,2.854795
8,2.889878,2.941958,2.9739234,3.1273017,2.5976403,2.5917823,2.251846,2.2749674,0.0,0.92765045,1.4132946,1.3234149,2.902446,2.4455981,2.9485204,2.633775,3.9315805,3.9224384,3.3461082,4.0488915,3.694957,3.7056715,4.250293,4.1948824,4.95621,4.8034673,4.605174,4.2107177,4.1693583,5.493639,3.5564945,3.655256,2.9505248,2.9314756,4.3226357,4.25321,3.644057,4.279572,3.1930847,3.1075053,3.0804443,3.355422,2.8238778,3.2615538,3.0319889,2.8782763,2.8743286,2.8624604,3.5066872,3.068063,3.2513018,3.2282693,2.7201495,3.3480356,3.0152824,2.930361,3.1341064,2.749921,2.8182771,3.8535264,2.8402486,3.0087812,2.8784273,2.6056259,3.7010083,3.540134,3.5611544,3.7922,3.8247683,3.7572713,4.1983414,3.8259025,4.519617,4.176043,3.3223066,3.162028,3.4842618,3.841764,4.090943,3.9108934,2.8349028,3.219469,2.9924076,2.822812,3.493216,3.4247944,3.5298185,3.8232806,3.2986014,3.1656408,3.6040733,4.2434263,3.4191244,3.5036225,3.327081,3.369296,2.1898954,2.565709,2.5702298,2.50236,3.0395522,2.4590335,2.974932,3.1438591,3.3014524,2.6982121,3.079757,2.9611325,2.7544563,2.6358154,2.8976593,2.807116,3.1596682,3.1904006,2.696451,2.7217982,2.996206,3.033292,3.8015652,2.806803,2.7564259,2.6271515,2.4199486,2.8867476,2.6272056,2.6144922,3.0657296,3.6250355
9,3.0140924,3.0861073,3.0675871,3.0658565,2.583953,2.5737765,2.374444,2.3956027,0.92765045,0.0,1.5109622,1.3197753,2.8201635,2.478072,2.9016387,2.646197,3.8592854,3.8517294,3.1926506,3.9578617,3.614561,3.56049,4.2694445,4.207131,4.7325935,4.5833273,4.3775244,3.9240706,3.7814662,5.236865,3.3063626,3.4353876,2.702908,2.6929603,4.251455,4.0732594,3.5437527,3.9602785,2.9904556,2.8532722,2.9350975,3.267137,2.6934514,2.950167,2.9579208,2.789239,2.8420784,2.6712933,3.7789433,3.2637494,2.9400795,2.9348505,2.8335335,3.2054486,3.1482131,3.1194265,3.0720444,2.6637235,2.7109053,3.6865637,2.8743935,2.9514952,2.948999,2.6273332,3.4559326,3.318559,3.3353758,3.6752465,3.5512714,3.4859004,3.9348664,3.5780392,4.4297,4.076188,3.3874686,3.1907146,3.5662327,3.9916108,4.158453,3.9046803,2.6192238,2.8164575,2.699917,2.4895682,3.448487,3.2432103,3.214375,3.583369,3.0153508,2.934899,3.2744038,3.9717338,3.224734,3.2980492,3.1390226,3.185046,2.3728418,2.7474127,2.737935,2.6646712,3.2049112,2.6794884,3.2703698,3.242818,3.437182,2.9147806,3.3053064,3.1699302,2.981804,2.8850138,3.0674233,2.9601824,3.4583297,3.4997137,2.924312,2.9647915,3.0833082,3.1430805,4.0230875,3.0657184,3.068108,2.9064646,2.194575,3.0843844,2.8791962,2.8706627,3.3666644,3.8459
10,3.0596244,3.1037738,2.9733682,3.2182987,2.6642585,2.6657484,2.350405,2.3692555,1.4132946,1.5109622,0.0,0.5964896,2.7773085,2.678794,3.054234,2.7723885,3.9693334,3.963176,3.2989583,4.068033,3.5660121,3.5052598,4.332446,4.2967224,4.71194,4.5037265,4.1763725,3.8266904,4.07328,5.375653,3.4203677,3.6139996,2.8004234,2.7589133,4.2583947,4.079301,3.4233203,4.016319,3.1540291,2.9963686,3.0024211,3.234242,2.6720662,3.0793788,2.8037515,2.7473862,2.7144544,2.7484398,3.4147985,3.2361903,2.9732325,3.0637786,2.5038733,3.2007716,3.0421658,2.979978,3.1266317,2.794594,2.789274,3.5633373,2.7540624,2.8819623,2.7951815,2.568999,3.6732137,3.5239034,3.5523887,3.878629,3.8620808,3.841988,4.1189504,3.8792112,4.440697,4.013578,3.2332087,3.054651,4.281639,4.661601,4.273212,4.0268574,2.646177,3.2364702,2.868552,2.5711625,3.5624702,3.5952241,3.2901776,3.628679,2.849153,2.7141924,3.3764288,4.038668,3.4838662,3.5669515,3.2084255,3.2301493,1.930623,1.9755676,1.9393643,1.9062266,2.7056823,2.0707257,2.1008806,2.258007,3.0306427,2.4522343,2.7338521,2.7139955,2.6766636,2.4747007,2.60324,2.5417752,3.0660117,3.112514,2.5186057,2.5252335,3.051291,3.094453,3.7130854,2.6432378,2.7097423,2.602843,2.23519,2.5374408,2.2785175,2.2783508,2.742474,3.4275396
11,3.0741847,3.0974789,2.9817803,3.0867984,2.5870812,2.5909002,2.336139,2.3572006,1.3234149,1.3197753,0.5964896,0.0,2.6961205,2.7182918,2.950157,2.6310594,3.934061,3.9278586,3.1778944,4.0595164,3.640428,3.5090363,4.3725657,4.3395247,4.7829285,4.5810146,4.296518,3.9214983,3.98536,5.3069844,3.4831653,3.6705396,2.7021244,2.6475368,4.2760973,4.0982656,3.418412,4.056607,3.008801,2.834968,2.9879134,3.1182349,2.6143095,3.0451078,2.792763,2.7247486,2.7701724,2.682889,3.4659455,3.1667757,2.8612761,2.963915,2.5091064,3.1978252,3.010462,2.9271507,3.0801919,2.7345145,2.7449546,3.605973,2.7291853,2.9036505,2.7660866,2.562526,3.633563,3.477651,3.5147092,3.8525436,3.7330322,3.716805,3.9769793,3.7108092,4.4015226,3.907769,3.0898108,2.9406006,4.0961494,4.512975,4.111084,3.8338733,2.6102011,3.0425231,2.7841883,2.517636,3.5997527,3.5114436,3.21698,3.6210544,2.8190095,2.7004142,3.2179444,3.9774446,3.464482,3.558994,3.1989007,3.2170975,2.2627683,2.399392,2.3616748,2.3287196,3.0517745,2.4744205,2.4526975,2.61006,3.3135521,2.7795796,2.9935484,3.0153918,2.965143,2.7797918,2.8938353,2.8454823,3.290026,3.3444488,2.7944546,2.8132422,3.3538694,3.4018357,3.9315794,2.9640985,3.0191214,2.8955956,2.1711423,2.816719,2.6118135,2.6079948,3.07767,3.6705134
12,1.8835461,1.8455791,1.8163323,1.7791685,1.8061649,1.8193784,1.9441085,1.9467896,2.902446,2.8201635,2.7773085,2.6961205,0.0,1.5889792,1.895754,1.4886596,3.3227453,3.3116734,2.9919436,3.5029278,3.4873579,3.0642655,3.0475094,2.981616,3.715871,3.7406526,3.5443423,3.479115,3.2542331,3.7225287,2.9918137,3.127514,2.269518,2.240635,3.5928862,3.2919607,2.2853804,3.043715,2.176819,2.0296226,2.525133,2.5730317,1.7181051,2.159047,2.3717544,2.1164758,2.2343576,2.1597905,2.9085882,2.9971123,2.3445885,2.2700398,1.781803,2.81952,2.2706804,2.3752024,2.3140783,1.7798786,1.8576546,2.6428704,2.3886492,2.450826,2.3152044,2.0338187,3.459848,3.3309126,3.331256,3.606955,3.7329767,3.7239714,4.0558267,3.7581115,3.4977167,3.4118776,2.5093427,2.3553274,3.8423562,4.178502,3.6333938,3.330457,1.931067,2.1715946,1.9321455,2.6693144,2.5715876,2.3663263,2.6644309,2.6849833,2.4028769,2.2119534,3.1823876,3.6190987,2.9156196,2.9850712,2.6390724,2.6497412,3.3850746,3.4221065,3.544713,3.4129884,4.34607,3.5236301,3.6045637,3.5504615,3.2416317,2.6136854,2.6070707,3.0660727,2.8332708,2.5780132,2.7956185,2.835653,3.5528924,3.5989373,2.5581968,2.5882614,3.0489056,3.1134484,2.8153431,2.7814224,3.0071194,2.8790681,2.205003,2.58307,2.5632699,2.539878,3.0547488,3.1115367
13,1.2564325,1.2961903,1.4054124,1.7327393,1.6290295,1.6395222,1.7009463,1.7038218,2.4455981,2.478072,2.678794,2.7182918,1.5889792,0.0,1.7407668,1.4729997,3.2689545,3.2622776,2.8952296,3.398543,3.3001397,3.2487273,2.7780201,2.6033194,3.6343796,3.6472242,3.85975,3.4117029,3.4218392,4.0122323,2.8334067,2.808178,2.215491,2.2173862,3.5757504,3.2846246,2.7815735,3.2240312,2.3712332,2.2739334,2.1885433,2.5928724,1.658658,2.0617845,2.180763,1.8970124,1.8574008,1.9765613,3.0475976,2.5453727,2.5637422,2.5365584,1.8722718,2.6115055,2.2793705,2.3305724,2.2580545,1.6268841,1.9007045,2.7447596,2.171763,2.1926339,2.1551352,1.8189926,2.837634,2.7256536,2.6310883,3.0114956,3.2930794,3.2471995,3.717843,3.3525639,3.5625951,3.4560003,2.7228782,2.4446406,3.4089844,3.663853,3.713342,3.3961098,1.9278376,2.3661025,1.950798,2.6849136,1.8830558,2.015117,2.6375632,2.7217038,2.6708791,2.5450032,3.1536698,3.5441093,2.587216,2.635834,2.5713103,2.65353,2.8679445,3.2052195,3.1981747,3.1249633,3.565973,3.0448282,3.5269463,3.489529,2.6344616,1.8545928,2.404307,2.3659835,2.1209123,1.7805393,2.2610915,2.2388668,2.9058213,2.9298909,1.8053458,1.8552715,2.0522223,2.113797,2.1804743,2.1032095,2.171692,2.050488,2.2260132,2.147661,1.9541036,1.9317931,2.4774628,2.4330864
14,1.5107675,1.7075841,1.5891043,1.5804354,1.6951296,1.7173457,1.650255,1.6525544,2.9485204,2.9016387,3.054234,2.950157,1.895754,1.7407668,0.0,1.101844,3.2613418,3.2552085,3.0384753,3.6046126,3.164912,3.3300612,2.7361627,2.9001067,3.5062916,3.480998,3.74456,3.401756,3.116822,3.3578746,2.9529626,3.0269458,2.8892357,2.844792,4.16489,3.6900256,2.9171839,3.6025887,2.8765945,2.499722,2.1273859,2.608166,2.2343354,2.8919458,2.8042982,2.592231,2.689621,2.5079114,3.6507347,3.1382127,2.7523031,2.893522,1.9355369,2.7862642,2.7617397,2.710024,2.5900233,2.2073448,2.2246938,2.7906034,2.077647,2.2456336,2.0245485,2.227894,3.0314648,2.8785558,2.96294,3.6564417,3.2070189,3.165846,3.3513556,3.105524,3.7193654,3.7827063,3.0680852,2.9170086,3.577377,4.1445484,4.387014,3.7651925,2.2465131,2.2572722,2.2829924,2.9090147,2.468372,2.2484045,2.3973248,2.7107675,2.3501086,2.4802713,3.2726207,3.7965713,3.2143457,3.283793,2.8686717,2.896477,3.7761326,3.8956518,3.7450554,3.7718506,4.252591,3.8386488,4.09639,4.1379776,3.3156774,2.9287317,3.29386,2.8901396,2.9649255,2.9593923,3.0775828,3.1900797,3.9995644,4.0228357,3.0896974,3.081573,3.3919368,3.4548774,3.279523,3.257702,3.1012897,2.9615512,2.5763628,3.0972402,2.9353662,2.9209092,3.4024584,3.0763352
15,1.4287862,1.4941136,1.5629935,1.4346677,1.5384709,1.5660146,1.3733231,1.3797907,2.633775,2.646197,2.7723885,2.6310594,1.4886596,1.4729997,1.101844,0.0,3.0232368,3.0141912,2.7263498,3.2926707,3.2327905,3.0834749,2.885477,2.78235,3.400454,3.3815925,3.6555352,3.1986828,2.9083161,3.3103771,2.6181908,2.7674615,2.409254,2.3716347,3.588637,3.351348,2.5566468,3.3108964,2.3005102,2.1267626,2.3384736,2.588498,1.8029708,2.4473696,2.414245,2.1586494,2.2985463,2.1624339,2.9392872,2.7572558,2.3575406,2.4800742,1.6097635,2.48799,2.2284682,2.2064135,2.0853343,1.5292999,1.8953524,2.5084,2.14512,2.4265823,2.1040876,1.8737128,2.924295,2.7704308,2.7840774,3.1388218,3.0957046,3.0563653,3.4569304,3.1355052,3.5569136,3.4891732,2.5087383,2.4319696,3.1826074,3.5630877,3.4639883,3.1555364,1.9624102,2.0528,1.9962255,2.622606,2.2861412,1.9929466,2.6047626,2.600113,2.450739,2.2170115,3.106175,3.5457854,2.9633827,3.0155673,2.579266,2.6058593,3.503629,3.6370075,3.5944862,3.541706,4.060018,3.5737875,3.7497714,3.856814,3.4638417,2.6679873,2.9625437,2.9663486,2.7699609,2.6371837,2.9832578,3.0445483,3.7240195,3.7574968,2.704065,2.7053254,3.1218848,3.1838381,2.976856,2.9174705,2.8906155,2.7516036,2.2352834,2.7617981,2.5602071,2.5364096,3.1034286,3.1183987
16,2.8608425,3.1624591,2.8824759,2.8103209,2.4751112,2.4452388,2.6202025,2.6034138,3.9315805,3.8592854,3.9693334,3.934061,3.3227453,3.2689545,3.2613418,3.0232368,0.0,0.049811266,1.7508646,2.216537,1.8366019,1.5991652,2.4129457,2.0123842,3.1823874,3.0856223,3.364253,3.2139814,2.8546252,3.838479,2.431633,2.3953404,2.592649,2.6101143,2.3535008,2.0440662,1.8860809,2.1588366,2.3587947,2.3238883,2.745482,2.8161643,2.700992,2.901854,2.3755226,2.3528757,2.4886043,2.3296318,3.1108863,3.1365397,2.7404296,3.0260615,2.9414346,2.2482533,2.435183,2.5579112,2.498998,2.8471723,2.3136377,3.819367,2.834807,2.8448372,2.9172456,2.4593318,2.8068202,2.8329701,2.8860016,3.096111,3.1850953,3.1522148,3.6338258,3.3162558,3.0731375,3.857173,2.4833899,2.6211402,3.6473756,3.9051754,3.4415324,3.1691208,2.6571283,2.6403775,2.540426,2.3292804,3.1032224,3.1092227,2.9934394,1.6914437,3.0342042,2.7625928,3.767898,3.5118146,3.348337,3.2990925,2.8948395,2.940646,3.613407,3.7384243,3.6293538,3.5710535,3.9175234,3.5276358,4.152564,3.6823108,4.052749,3.7628996,3.367135,3.9996915,3.3336332,3.6948252,3.635309,3.4911904,4.847561,4.8654394,3.5884066,3.6062078,3.792604,3.8426466,4.185286,3.809553,3.3791378,3.2795796,2.4421692,3.0771456,3.5399408,3.5177262,3.5193515,3.9079235
17,2.8519228,3.1530116,2.8738685,2.8007362,2.4659438,2.4358084,2.6166263,2.6003435,3.9224384,3.8517294,3.963176,3.9278586,3.3116734,3.2622776,3.2552085,3.0141912,0.049811266,0.0,1.7731797,2.226662,1.8448459,1.5970988,2.41315,2.0107372,3.1836166,3.0877147,3.3641772,3.2140121,2.8564785,3.8389096,2.4259815,2.391433,2.594704,2.613108,2.349987,2.0432465,1.8765869,2.156052,2.3563004,2.3230414,2.7530684,2.8229513,2.6999547,2.9027479,2.3848777,2.352781,2.4894729,2.331527,3.1063387,3.1343095,2.7368622,3.014635,2.9399054,2.248618,2.433929,2.555138,2.480965,2.8303998,2.2966514,3.8076181,2.8350816,2.8462536,2.9172227,2.457391,2.8071454,2.8300765,2.8854086,3.0918126,3.1868029,3.153089,3.6378791,3.3145094,3.0741913,3.8769474,2.4925282,2.6296396,3.6454234,3.9027069,3.4374175,3.1695082,2.6575203,2.641391,2.542102,2.327629,3.1097143,3.11243,2.9988108,1.6909069,3.0337815,2.7585783,3.7757814,3.533769,3.3422701,3.2936378,2.8918445,2.9379258,3.6131504,3.7388968,3.6294692,3.5708783,3.9191184,3.5279717,4.147949,3.6798081,4.0531793,3.7600465,3.3684013,4.000922,3.333419,3.6889772,3.6328974,3.489477,4.848649,4.8668857,3.5852273,3.6037457,3.7918842,3.8419888,4.177732,3.802363,3.3808677,3.2804337,2.4357967,3.0730784,3.5369911,3.5142446,3.5199656,3.9086514
18,2.7563787,2.887574,2.7521193,2.6206274,2.2700422,2.251485,2.2150836,2.197054,3.3461082,3.1926506,3.2989583,3.1778944,2.9919436,2.8952296,3.0384753,2.7263498,1.7508646,1.7731797,0.0,2.765775,2.4222958,2.1931198,3.000815,2.6011355,3.574625,3.4462194,3.6783493,3.431332,3.046236,4.069543,2.7506433,2.7854948,1.9812253,1.9434333,2.9030592,2.7935975,2.4702303,2.682311,2.0118315,2.0162654,2.4841397,2.4891732,2.4153385,2.557471,1.8871213,2.0660264,2.1722708,1.9263349,3.0254555,2.976517,2.2105143,2.789191,2.7433043,2.293546,2.4570463,2.5082042,2.6911635,2.8783085,2.4579124,3.9348419,2.6394608,2.6331453,2.7150416,2.1192997,2.6215284,2.655129,2.5932662,2.7577827,2.8664777,2.85021,3.396834,3.067488,3.1883287,3.06763,1.8900888,1.909337,3.465091,3.6772943,3.1631215,2.9896724,2.1366763,2.112234,2.0346873,2.0079405,2.7712839,2.7368782,2.7092242,2.0196416,2.7133727,2.3281744,2.5050523,2.9507706,3.279188,3.26181,2.8228922,2.853009,3.1528106,3.33521,3.3016431,3.2040057,3.5814574,3.215664,3.9258869,3.4283679,3.8286135,3.4594502,3.048455,3.7880301,3.0161166,3.453415,3.3615644,3.1804025,4.2032228,4.2288013,3.2910554,3.3208137,3.5315948,3.588353,4.046735,3.6076565,3.0458329,2.9352725,2.0732324,2.82519,3.2274783,3.2151756,3.1833024,3.6910622
19,3.5305736,3.8650744,3.5472922,3.4627497,3.0887208,3.0950625,2.9927905,2.9800687,4.0488915,3.9578617,4.068033,4.0595164,3.5029278,3.398543,3.6046126,3.2926707,2.216537,2.226662,2.765775,0.0,3.0873168,2.914812,3.4678302,3.1113842,3.7456367,3.6808877,4.0442333,3.7568552,3.5258083,4.316759,3.1685328,3.2074902,2.6764946,2.682198,2.7206564,2.1871958,2.4105036,2.5080128,2.581026,2.5937293,2.8842654,3.2869065,2.8697844,2.9578383,2.512396,2.57914,2.661624,2.5282407,2.9930484,3.3336484,3.2953713,3.1579847,3.269888,2.2621408,2.4838831,2.7864106,2.5306044,2.944165,2.2830675,3.7335162,3.0739625,3.0206964,3.16352,2.6967137,3.027673,3.0869362,2.9764493,3.1432908,3.2103646,3.2106006,3.7259195,3.6965835,3.9378357,3.9363043,3.0217867,3.1664112,3.6764994,3.8927553,3.3380127,3.0832393,2.6476378,2.6752584,2.4853246,2.6208441,3.0872843,3.0191033,3.0537944,2.6018767,3.1867988,2.787212,4.543816,3.3072436,2.9921322,2.9069746,2.3802485,2.4150171,3.6189675,3.75596,3.70705,3.6408775,3.8744547,3.5610142,4.285615,3.8081906,4.1579437,3.835314,3.3398447,4.056582,3.402982,3.7799854,3.8137093,3.5976799,4.303755,4.3269973,3.6097107,3.6187005,3.8076181,3.8566008,4.28854,3.9848585,3.3546557,3.2664285,2.7031703,3.2488356,3.5676508,3.5560813,3.4959562,3.9128566
20,2.8871667,3.2929683,2.827386,3.0951066,2.5599,2.5338778,2.6246855,2.6143384,3.694957,3.614561,3.5660121,3.640428,3.4873579,3.3001397,3.164912,3.2327905,1.8366019,1.8448459,2.4222958,3.0873168,0.0,1.4847871,2.1134448,2.2871912,3.1439214,3.0029914,2.9316692,2.841114,2.920283,4.203425,2.4417765,2.3628821,2.8978386,2.8957167,3.2158084,2.5058315,2.141037,2.4850245,3.0202131,2.663039,2.3042285,2.5533745,2.9102862,3.198025,2.5177443,2.5077872,2.5577571,2.4999971,3.7768416,3.2457829,3.2746568,3.5458555,2.7968824,2.8403196,2.846852,2.8867888,3.1036572,3.202309,2.6427555,3.7574084,2.4610953,2.5102477,2.5463858,2.5583062,3.1578019,3.1084745,3.259787,3.940757,3.8129508,3.7684238,3.8250492,3.5636723,2.8263054,3.683311,2.9776356,2.9738872,3.9709585,4.5772734,4.4299664,3.738276,2.8788626,3.146278,2.8921294,2.646947,3.174409,3.4057846,2.9622478,2.2644215,2.7894905,3.0843952,3.8970506,3.767778,3.8185863,3.8127468,3.470631,3.5243926,3.1454914,3.1961505,2.9352946,3.0026982,3.4874225,2.9749691,3.7644672,3.2145166,3.5951355,3.4829354,3.1528738,3.2743182,3.006404,3.4473956,3.3508897,3.2427776,4.7290587,4.731556,3.4541252,3.4206395,3.5444942,3.5766184,4.2161517,3.5520842,3.1351552,3.0577185,2.5897863,2.9645941,3.3768842,3.368001,3.3367455,3.537091
21,2.8126183,3.1301117,2.728024,2.7111328,2.2984712,2.2594714,2.5661027,2.5582929,3.7056715,3.56049,3.5052598,3.5090363,3.0642655,3.2487273,3.3300612,3.0834749,1.5991652,1.5970988,2.1931198,2.914812,1.4847871,0.0,2.376636,2.2224078,3.0777607,2.9099476,2.5975893,2.5656202,2.412045,3.9069877,2.1646202,2.0793035,2.486605,2.5119097,2.1160116,1.8484181,1.3477588,1.9712993,2.1641946,2.041009,2.67219,2.5636694,2.3701305,2.6315243,2.273213,2.167383,2.3243616,2.139864,3.048231,3.0441089,2.744331,2.96161,2.444513,2.5226526,2.2839177,2.3402727,2.755644,2.7658024,2.346216,3.5636303,2.608141,2.7254808,2.6646633,2.260098,3.0786006,2.9880803,3.1478505,3.4248452,3.70738,3.6806202,3.9561744,3.6289613,2.3096857,3.2029333,2.4073215,2.3975284,4.125936,4.499178,3.7643337,3.48299,2.494927,2.7235503,2.5024118,2.236303,3.2210987,3.202345,3.050608,1.8076237,2.7873046,2.854432,3.679026,3.3616154,3.3983848,3.3977852,3.1095085,3.1446688,3.2136266,3.2689073,3.197477,3.1207378,3.766289,3.120086,3.508126,3.0295835,3.861419,3.4393265,3.020964,3.76538,3.2304258,3.4139988,3.3939352,3.2962418,4.78934,4.813489,3.335029,3.3378675,3.6717005,3.7250168,4.056645,3.427206,3.4175506,3.308095,1.9981585,2.8151867,3.3261788,3.3061607,3.4501143,3.903484
22,2.0422788,2.4326873,1.9968587,2.3249538,2.2202997,2.2076714,2.69046,2.6754425,4.250293,4.2694445,4.332446,4.3725657,3.0475094,2.7780201,2.7361627,2.885477,2.4129457,2.41315,3.000815,3.4678302,2.1134448,2.376636,0.0,1.0076754,2.706701,2.7697372,3.038054,3.1891544,3.1398046,3.6244812,2.8616679,2.508899,2.9931943,3.0090704,3.2404168,2.59026,2.235015,2.8950462,2.8834724,2.592342,2.36475,2.4582055,2.7363553,3.1892972,2.5677385,2.4324005,2.462747,2.5089574,3.6576962,2.825262,3.371512,3.5216963,2.6487792,2.9615748,2.5696385,2.6014738,2.9250984,3.024396,2.5956771,3.4097402,2.3738692,2.4735584,2.341707,2.529968,3.2221096,3.1622171,3.2564118,3.9041831,3.8804276,3.8473938,3.9564722,3.614474,2.750876,3.6372323,2.8687696,2.760563,3.9204829,4.354662,4.355646,3.6338415,2.8820508,3.1130402,2.8040295,3.244435,2.4376264,2.77617,2.8886156,2.207216,3.1447315,3.4549825,3.9683883,3.7609246,3.4561758,3.4612849,3.4082444,3.4976542,3.922619,4.089785,3.9340951,3.9563196,4.4591947,3.8876574,4.4965763,4.112432,3.6346772,3.4544072,3.1693814,3.4469693,3.113939,3.3638847,3.5075994,3.430934,4.577128,4.5789194,3.3379183,3.337546,3.5689113,3.5971136,3.4458213,3.4928775,3.241599,3.1759112,3.059824,3.0494378,3.4983647,3.4798574,3.4629657,3.0813591
23,1.9868779,2.3165004,2.0153456,2.235672,2.15437,2.1394978,2.5727944,2.5571415,4.1948824,4.207131,4.2967224,4.3395247,2.981616,2.6033194,2.9001067,2.78235,2.0123842,2.0107372,2.6011355,3.1113842,2.2871912,2.2224078,1.0076754,0.0,2.6377277,2.707043,3.2085238,3.1149225,3.0715322,3.5057747,2.6529906,2.3302348,2.6799536,2.7145724,2.62989,2.2323282,2.0985801,2.4964573,2.469628,2.3953753,2.5196457,2.6132174,2.5221217,2.8200045,2.3250015,2.1605697,2.171149,2.2589533,3.2107365,2.743404,3.0945537,3.2483673,2.6583362,2.6465135,2.3500252,2.419536,2.5873888,2.6982334,2.3666675,3.4132802,2.5436234,2.6146698,2.5433934,2.2949266,2.8187976,2.7789125,2.7877288,3.156869,3.5792718,3.540358,3.8991363,3.4986682,2.5277617,3.4539,2.6129432,2.5101712,3.7673776,3.9907513,3.770421,3.3833108,2.6231515,2.8738074,2.535552,3.0305333,2.2034278,2.5300713,3.0074012,1.9150468,3.1825786,3.2029476,3.777263,3.5847785,3.2170582,3.191846,3.150946,3.2416596,3.7840016,4.016994,3.911439,3.8742018,4.199546,3.7553513,4.418986,3.987004,3.7190175,3.2792215,2.9830093,3.5796342,2.9262426,3.174976,3.3998387,3.276422,4.4223228,4.4276676,3.1019828,3.1201212,3.2962961,3.3303032,3.1710231,3.2793152,3.0215888,2.9547186,2.805546,2.7367525,3.2643383,3.2388978,3.2006562,3.0836337
24,3.2216268,3.4099364,3.223358,3.2488828,3.2755322,3.271044,3.3894517,3.3809242,4.95621,4.7325935,4.71194,4.7829285,3.715871,3.6343796,3.5062916,3.400454,3.1823874,3.1836166,3.574625,3.7456367,3.1439214,3.0777607,2.706701,2.6377277,0.0,0.508122,2.0438387,1.8363507,2.3258498,2.4972506,2.0667014,2.043572,3.2120574,3.2625592,3.3123853,2.82513,2.820567,3.0107734,3.235329,3.0586832,3.2226932,3.4983156,3.3265069,3.5138943,3.1473072,3.0191503,3.0442076,3.0095575,4.0064282,3.7865815,3.2266285,3.4548335,3.4071598,2.9163024,3.3078616,3.3907826,3.3491237,3.571686,3.2622576,2.6229007,3.262746,3.1989102,3.3190584,3.1450725,3.247654,3.2422843,3.316141,3.7760673,3.6659892,3.6356018,3.8463812,3.6968336,3.8613021,4.3288913,3.5743248,3.5396762,4.2638507,4.499527,4.2939177,3.8608034,3.14459,3.2557468,3.0862863,3.3627594,3.101669,3.2338896,3.291947,2.5867124,3.336496,3.3873978,4.171382,3.57384,3.7592273,3.679466,3.4156308,3.4630084,4.590376,4.4907846,4.3486967,4.3537097,4.7757483,4.4308534,4.9820123,4.5699806,4.3452353,3.9992504,3.887824,4.2093215,3.702354,3.940426,4.0765195,3.9563782,5.0910196,5.1047134,3.9689574,3.944828,4.108333,4.162679,3.980959,4.0540767,4.0063815,3.901212,3.5561671,3.7633066,3.9548156,3.948865,4.0771055,3.9664328
25,3.1823347,3.3913958,3.1665251,3.1770391,3.1490529,3.142135,3.2630656,3.2548556,4.8034673,4.5833273,4.5037265,4.5810146,3.7406526,3.6472242,3.480998,3.3815925,3.0856223,3.0877147,3.4462194,3.6808877,3.0029914,2.9099476,2.7697372,2.707043,0.508122,0.0,1.856658,1.622282,2.195107,2.6648984,1.9356276,1.8769461,3.151209,3.1978214,3.1723218,2.754893,2.7693567,3.0517223,3.1368864,2.9695156,3.180144,3.4573746,3.23613,3.4944463,3.049102,2.9503522,2.9756737,2.9165618,3.8621478,3.6583703,3.1232576,3.4042559,3.2773063,2.7611246,3.2049718,3.2514262,3.3015337,3.5410037,3.212111,2.6037936,3.1629212,3.1243334,3.225911,3.0438619,3.1235385,3.1013691,3.1957395,3.6451492,3.512122,3.4868066,3.7220514,3.5819921,3.8188684,4.2456326,3.4864473,3.4346254,4.3375463,4.5593157,4.3037553,3.9077723,3.0472064,3.1949842,3.017709,3.163834,3.1479828,3.253462,3.2126431,2.4638712,3.2581744,3.3027077,4.0677376,3.4564373,3.6627026,3.5893073,3.3120341,3.3626153,4.409308,4.2964168,4.1276555,4.1439924,4.541104,4.234047,4.724102,4.3348565,4.2617545,3.9183593,3.8252473,4.167807,3.652129,3.882391,3.9884655,3.868108,5.034214,5.051439,3.9059756,3.8846283,4.1259165,4.183695,4.040988,3.990135,3.940029,3.8303032,3.3701532,3.6625154,3.8640938,3.8589907,3.9981813,3.9795363
26,3.404832,3.6426504,3.3706033,3.3899288,3.1752374,3.1543996,3.2838407,3.2719042,4.605174,4.3775244,4.1763725,4.296518,3.5443423,3.85975,3.74456,3.6555352,3.364253,3.3641772,3.6783493,4.0442333,2.9316692,2.5975893,3.038054,3.2085238,2.0438387,1.856658,0.0,1.9673165,2.2410474,3.4512696,2.1939867,2.1385705,3.423749,3.4620452,3.311657,3.0848114,2.5474777,3.241216,3.2491162,3.1225166,3.5344305,3.7064807,3.3634696,3.71866,3.2711518,3.2355127,3.26664,3.2064672,3.7191896,3.90398,3.3493218,3.6409283,3.1816182,3.2908444,3.2605283,3.3311617,3.6578047,3.7779872,3.4147887,2.8519099,3.4274335,3.418679,3.443666,3.2732902,4.097925,4.0232196,4.1489263,4.4492574,4.3840966,4.3644047,4.6504865,4.486121,3.8628194,4.270048,3.5989385,3.505881,4.8741264,5.1116347,4.746868,4.4656615,3.2439196,3.4532259,3.2582524,3.143565,3.7003899,3.6731472,3.499957,2.7047486,3.4362593,3.4998977,4.2035823,3.7371035,3.908369,3.868502,3.5972865,3.6373699,4.152463,3.7908976,3.8122284,3.7382345,4.765326,3.9494162,4.3169045,3.9479191,4.312373,3.9777822,3.717948,4.29119,3.8134449,4.002782,4.045762,3.9474878,5.174598,5.1972127,4.0077868,3.9885304,4.2862444,4.3469734,4.4170127,4.031167,4.0974703,3.986086,3.2925138,3.7148268,3.945185,3.9389935,4.1303153,4.352636
27,3.1696863,3.3468354,3.1761167,3.1798418,3.0887213,3.069039,3.1153424,3.1144505,4.2107177,3.9240706,3.8266904,3.9214983,3.479115,3.4117029,3.401756,3.1986828,3.2139814,3.2140121,3.431332,3.7568552,2.841114,2.5656202,3.1891544,3.1149225,1.8363507,1.622282,1.9673165,0.0,1.6050174,2.9219522,1.237802,1.4370288,3.0519533,3.096625,3.0509257,2.7637203,2.677202,2.8628333,3.055253,2.9001536,3.203452,3.433153,2.7721035,2.9549036,3.0436656,2.8435433,2.937446,2.8379073,3.8116684,3.7099342,3.0526383,3.2965395,2.8195734,2.9493563,3.1802177,3.2013896,3.483784,3.1675985,3.1698368,2.4207778,3.1810439,3.1220233,3.255816,2.9376879,3.2764633,3.1794546,3.3187685,3.6800158,3.8523865,3.8121698,4.0146217,3.8456106,3.4619231,3.9027908,3.5029671,3.4214227,4.422226,4.714036,4.3565993,4.0692744,3.0044158,3.241552,3.0633833,3.0661273,3.5281067,3.5421095,3.4944258,2.7740088,3.1875226,3.3079333,4.14882,3.6046672,3.826358,3.7848644,3.5057952,3.534415,3.9934337,3.9020138,3.7559054,3.750598,4.160547,3.8150966,3.9934127,3.872723,3.8316398,3.4034128,3.7057495,3.7418473,3.5634446,3.4173954,3.4462879,3.4704256,5.0082374,5.028868,3.5071747,3.4638438,3.6833966,3.751299,3.922524,3.495802,3.899727,3.7810717,2.9998038,3.5114658,3.4326322,3.430718,3.9450681,4.1840615
28,3.0982802,3.3073308,3.1934273,2.7880704,2.8235729,2.7975147,2.9493814,2.941492,4.1693583,3.7814662,4.07328,3.98536,3.2542331,3.4218392,3.116822,2.9083161,2.8546252,2.8564785,3.046236,3.5258083,2.920283,2.412045,3.1398046,3.0715322,2.3258498,2.195107,2.2410474,1.6050174,0.0,2.5195622,1.478792,1.5347482,3.053345,3.0830634,2.984787,2.8628473,2.56319,2.9208875,2.693305,2.6140478,3.3096745,3.4645884,2.7221756,2.9692392,3.1541872,2.9808295,3.2171614,2.8495035,3.7797506,3.755897,2.909654,3.2500706,2.869261,2.994873,3.1236985,3.159717,3.401002,3.0623085,3.0920842,2.733895,3.3521109,3.3609686,3.4025898,3.0273945,3.427575,3.3356738,3.4556508,3.689419,3.696165,3.650299,4.05654,3.8232164,3.3421888,3.7612307,3.3350437,3.2971866,4.081033,4.3499217,4.1883206,3.994517,2.9547236,2.661525,2.860348,2.9213881,3.5977972,3.1997836,3.3835747,2.5169134,3.3168883,3.3186278,3.9147298,3.5065558,3.7393475,3.7020574,3.4282548,3.4600685,4.426945,4.408341,4.3617606,4.288397,4.8578753,4.3620086,4.6080446,4.5072074,4.4569926,4.017378,4.203616,4.394358,4.0942426,4.0496297,4.0656266,4.0957108,5.484941,5.5156183,4.072411,4.064664,4.2284837,4.3120465,4.5241094,4.1680055,4.3739557,4.2205334,2.884559,4.0352964,4.0256395,4.014133,4.5509276,4.7766495
29,3.6203668,3.6733744,3.7453635,3.4223135,3.840086,3.8350775,3.7480948,3.7400005,5.493639,5.236865,5.375653,5.3069844,3.7225287,4.0122323,3.3578746,3.3103771,3.838479,3.8389096,4.069543,4.316759,4.203425,3.9069877,3.6244812,3.5057747,2.4972506,2.6648984,3.4512696,2.9219522,2.5195622,0.0,2.9711518,3.25168,4.1378393,4.1545496,4.177439,3.9789581,3.5565646,3.7306824,3.8445055,3.6919992,3.941842,4.149592,3.6946473,3.882026,4.227369,4.002634,4.142309,3.9116197,4.5996623,4.934332,3.6651838,3.8686054,3.6521153,3.7235005,4.033148,4.0855484,4.1016293,3.8880415,3.937734,3.4643285,4.013303,3.9841778,4.0113215,3.7617862,3.9944658,3.933758,4.0785403,4.3123384,4.2425823,4.196851,4.3955054,4.3196626,4.1558022,4.546886,4.1576977,4.1821365,4.632739,4.920778,4.838496,4.6186543,3.6529727,3.377514,3.6527858,4.257601,3.9292536,3.6182094,4.049908,3.3894753,3.7434485,3.7156935,4.620048,4.2309337,4.6502314,4.612449,4.0948977,4.038475,5.80767,5.698766,5.638273,5.5875287,5.999706,5.6924586,5.892177,5.809486,5.124462,4.671411,4.8336687,4.9422436,4.654852,4.728219,4.7009826,4.820851,6.102859,6.1162105,4.835118,4.789762,4.9148273,4.989896,4.506013,4.8456907,5.007897,4.8754616,4.1655755,4.745186,4.664372,4.653643,5.113641,4.9490213
30,2.6459672,2.8164268,2.7653348,2.7304978,2.567563,2.5359273,2.529485,2.5244298,3.5564945,3.3063626,3.4203677,3.4831653,2.9918137,2.8334067,2.9529626,2.6181908,2.431633,2.4259815,2.7506433,3.1685328,2.4417765,2.1646202,2.8616679,2.6529906,2.0667014,1.9356276,2.1939867,1.237802,1.478792,2.9711518,0.0,0.85467696,2.5929015,2.650728,2.670729,2.508371,2.2666373,2.4860387,2.5679088,2.5108924,2.9091978,3.179321,2.3768713,2.5477128,2.6382186,2.4108593,2.5208156,2.426426,3.325315,3.3273275,2.475632,2.7783375,2.5360546,2.4266555,2.696281,2.772858,2.833276,2.5603337,2.6115632,2.4146097,2.9271388,2.8597498,3.0186458,2.5050542,2.9643817,2.9084082,3.0010407,3.217653,3.3769789,3.3117297,3.7813725,3.502744,3.4714634,3.9795377,3.0318651,3.0001915,3.6928074,3.9034133,3.7373385,3.5726712,2.608135,2.7419105,2.6090333,2.464766,3.1418452,3.1007843,3.167569,2.2639163,2.9798636,2.8276877,3.7264712,3.4529243,3.352652,3.2934616,2.9763083,3.017956,3.5497508,3.5122304,3.4378364,3.3702402,3.8599527,3.4049013,3.798896,3.677179,3.5804768,3.0677476,3.3874614,3.4729614,3.128797,3.0369167,3.110363,3.087869,4.6603756,4.6799393,3.099607,3.0809479,3.164594,3.2382205,3.6438844,3.1466377,3.393511,3.2588556,2.5285978,3.121892,3.012607,3.0011907,3.5410202,3.9189289
