,0,1,2,3,4,5,6,7,8,9,10,11,12,13,14,15,16,17,18,19,20,21,22,23,24,25,26,27,28,29,30,31,32,33,34,35,36,37,38,39,40,41,42,43,44,45,46,47,48,49,50,51,52,53,54,55,56,57,58,59,60,61,62,63,64,65,66,67,68,69,70,71,72,73,74,75,76,77,78,79,80,81,82,83,84,85,86,87,88,89,90,91,92,93,94,95,96,97,98,99,100,101,102,103,104,105,106,107,108,109,110,111,112,113,114,115,116,117,118,119,120,121,122,123,124,125,126,127
0,0.0,0.36345163,2.0143564,2.3434827,1.1027907,0.76145124,2.3555896,1.3687141,1.5583234,1.7245823,1.4043131,0.7606812,2.3546004,1.2802178,1.5085284,1.3226904,1.1055448,1.1868734,2.1773503,1.7638351,2.093207,1.8716987,1.7368361,1.0188104,1.1791372,1.8517164,2.206302,2.0846257,2.1642473,2.176154,2.3708274,2.0741773,2.467347,2.4219248,1.9681187,2.2253814,1.7213888,1.8935996,1.7437888,1.3176289,2.1317987,2.1454651,2.191424,2.3956285,2.239735,2.2939696,2.117754,2.7483861,2.220575,2.2523134,2.587122,2.594969,2.280406,1.9712427,1.7089019,1.5462587,0.7241569,1.4007772,2.2410378,1.3015767,0.86200917,1.2461392,1.2596104,1.502457,1.8503714,1.7448058,1.4495937,1.9587394,1.6998364,1.8549664,1.2843455,1.8470731,2.269753,2.1196475,1.5165555,1.5910501,2.1652894,1.9825445,2.3311062,2.086175,2.4206946,2.337639,2.2810216,2.2762816,2.9551787,3.1142213,3.6135154,2.6927524,1.9922462,2.0067604,2.2093298,2.5314627,1.920908,1.9213225,2.2630296,1.964148,2.4628315,2.236072,2.672208,2.7309403,0.86016643,0.86713356,1.5601306,2.2128284,1.1245028,0.98664135,1.5350186,1.4909264,1.3190656,1.0534177,1.0291885,1.9687604,1.6361461,1.6585296,1.4789704,1.6851178,2.2669945,2.1776953,2.032675,1.0408067,1.191334,1.4024879,1.7258878,1.5206968,2.1477485,1.9523234,2.230814,1.8428782
1,0.36345163,0.0,1.9589212,2.2942133,1.1146164,0.873809,2.2971866,1.3673493,1.6178458,1.806758,1.454888,0.71492624,2.3825583,1.2998636,1.4837441,1.3274239,1.1371058,1.2881626,2.1826303,1.7895205,2.0988276,1.8902093,1.811797,1.0825946,1.208341,1.8251702,2.2690842,2.067545,2.1540494,2.1723576,2.2859728,2.011085,2.5344381,2.4900208,2.0283663,2.2269456,1.7501911,1.916167,1.828141,1.4139439,2.1512537,2.1612675,2.277846,2.49573,2.3384833,2.3758726,2.1874967,2.8286784,2.2082214,2.2270362,2.5957725,2.6035573,2.2943373,1.9852154,1.8093314,1.6865884,0.9036967,1.5193647,2.3074176,1.3380104,1.1144618,1.3910481,1.4323575,1.6219431,1.9598063,1.8819242,1.5642861,2.0155427,1.785369,1.9333053,1.3970386,1.9194648,2.2831178,2.1637797,1.6202377,1.6917189,2.1564355,2.0393047,2.3498213,2.123966,2.4531431,2.3924289,2.3201542,2.310488,2.921025,3.109376,3.6192214,2.6968153,1.9724997,1.9892113,2.2955132,2.5770578,1.9727446,1.9738778,2.3116918,2.0295467,2.5634124,2.2889528,2.7417202,2.811423,0.9226636,0.9087937,1.5872151,2.1964424,1.1768721,1.0621976,1.5918763,1.5587139,1.3848798,1.1565588,1.0316309,2.0111613,1.6869202,1.7271801,1.4865412,1.7272884,2.271241,2.1574688,2.0549731,1.2063423,1.188167,1.4234633,1.6444645,1.4674809,2.2146306,1.9304501,2.2593694,1.8256912
2,2.0143564,1.9589212,0.0,1.3934077,1.8230596,2.0677516,2.372547,2.5029235,1.3135427,1.729329,2.397674,1.9868517,1.5846707,2.063313,2.1431496,2.1903622,1.9281719,2.2811046,1.9204504,2.4329796,2.5004876,2.3186631,2.4689744,2.0422964,2.5180993,1.9070774,1.2237829,1.0059005,2.2534215,2.1193285,2.359453,2.1653612,3.47226,1.8043628,2.2051966,1.5491736,1.4950954,1.4882392,1.65188,2.1447794,1.7415802,1.7204235,1.7969171,2.025962,1.6325586,1.6597241,2.325427,2.8828435,1.9447298,1.9439218,1.8375995,1.8143405,2.1514518,2.0731344,1.6812322,1.758564,2.2792132,2.2337255,2.499141,1.763326,1.9208255,1.8288558,1.7162235,1.9392618,2.0360634,2.013219,2.1936514,2.0571556,2.0016656,1.9825683,2.3484068,2.0014348,1.8448615,1.8861209,2.3691366,2.276989,2.9099948,3.078222,2.9696848,3.1196082,2.4559088,2.39678,2.3900955,2.3576217,2.0988302,2.3761177,2.9747946,2.1632047,1.9789068,1.9702477,1.9681337,1.7799451,1.7296915,1.6766291,1.8367231,1.7890236,2.9176433,2.606518,2.6211267,2.8698888,2.0546582,2.091479,1.8528135,1.9120265,1.8512471,1.9017578,1.846706,1.9426367,1.7445074,1.5296123,1.6788617,2.09235,1.6740714,1.5503376,1.748157,1.6668965,1.397954,1.6482028,1.5990088,2.0590484,1.9893593,2.1541348,2.2675416,2.1212742,1.8212401,1.9209127,2.1394281,1.2573038
3,2.3434827,2.2942133,1.3934077,0.0,2.1996682,2.4302604,2.6542594,2.7227514,1.8804661,2.204265,2.5481029,2.2530458,2.1512265,2.2997296,2.3317795,2.3461041,1.9958868,2.2745354,1.7552189,3.0294466,3.1127605,2.9526083,2.9425848,2.2623866,2.5636127,2.1428452,1.9124105,1.8068286,2.588666,2.4953415,2.6938736,2.2907794,3.6012619,2.0472558,2.6899793,2.2288642,2.0373156,2.02174,2.2795596,2.473448,2.3331032,2.33126,2.254769,2.427844,2.1441412,2.2233572,2.6532063,3.1322634,2.1726413,2.1781313,2.2695754,2.2696235,2.4899178,1.9364038,2.2268465,2.1969411,2.5465722,2.5468342,2.6819963,2.2881017,2.3297467,2.1995769,2.1545193,2.3393757,2.3668892,2.3099606,2.3284328,2.3150973,2.27783,2.1402905,2.548617,2.302758,2.0947335,2.2900271,2.5901,2.6567693,2.8426373,3.0847461,3.0244648,3.1620884,1.8586918,1.8414627,1.8270311,1.7986425,1.6253312,1.8428614,2.2976642,2.1755428,2.058887,2.0611248,1.9891863,1.837955,1.7407928,1.675356,1.912587,1.7775438,3.1477144,3.0441666,3.0452957,3.250315,2.4832587,2.5171049,2.2883105,2.4432867,2.1598518,2.164438,2.3194926,2.4010284,2.2194812,2.0126033,2.1870227,2.6499467,2.083274,2.0152097,2.1277676,2.0979757,2.0079448,2.12228,1.9676276,2.3292396,2.0965478,2.2286286,2.4600027,2.3328185,2.1486592,2.1622286,2.9296632,1.7050003
4,1.1027907,1.1146164,1.8230596,2.1996682,0.0,0.67619944,1.6969411,1.5065695,1.4586878,1.472509,1.4717351,0.89930874,1.9726372,1.3576522,1.3533541,1.368221,1.2136883,1.632378,1.9935004,1.6326128,1.8536167,1.6594384,1.7526056,1.0577424,1.351763,1.0861255,2.0790424,1.9171383,1.5943493,1.5621743,1.52419,1.3182307,2.544304,2.014458,1.5183164,1.9746358,1.475901,1.5581794,1.4927181,1.1900035,1.9197552,1.9298553,1.9540973,1.8627375,1.8288329,1.827372,1.8121587,2.5080917,1.7928584,1.8440545,1.938453,1.9538723,1.871057,1.764273,1.8554021,1.7524282,1.4245491,1.8458318,2.614622,1.4209691,1.5013105,1.7280084,1.7699054,1.8985729,1.7871695,1.7118151,1.403981,1.8470545,1.6174804,1.7548285,1.2329721,1.7668598,1.7197901,1.6462619,1.4542211,1.511127,2.091865,1.9863125,1.9432828,2.0890603,2.3738744,2.2861454,2.2861183,2.2618177,2.50081,2.8123693,3.2572253,2.1341138,2.117994,2.1259358,2.010306,1.985822,1.8305231,1.8287287,2.1749747,1.9063025,2.5942464,2.4134438,2.7524366,2.7880132,0.9880571,1.0195576,1.7897269,1.8057858,1.5320776,1.4356678,1.6130075,1.5786637,1.5816826,1.4167095,1.295534,2.0101895,1.789069,1.7432773,1.6894671,1.8137995,1.6250985,1.7904923,1.7084672,1.417718,1.0951362,1.3434216,1.4967971,1.365637,1.8449191,2.1291885,2.202462,1.4591964
5,0.76145124,0.873809,2.0677516,2.4302604,0.67619944,0.0,2.1776655,1.2813605,1.621098,1.6216797,1.4009302,0.87262356,2.347123,1.4313675,1.5583606,1.4146514,1.3285393,1.4271472,2.1378498,1.8422513,2.1196811,1.9270825,1.7832357,1.1858091,1.1119405,1.6935949,2.3226175,2.1785016,2.1341956,2.0973136,2.1151333,1.8909312,2.405351,2.2079315,1.6300331,2.180837,1.630638,1.8013383,1.6221203,1.2565705,2.1281202,2.1372843,2.1780105,2.116431,2.1029487,2.0916185,2.0218678,2.684841,2.2110858,2.257479,2.372095,2.3833907,2.0962021,2.0541651,1.793922,1.6557169,1.1257113,1.6451433,2.472699,1.2130047,1.1715072,1.4925994,1.5153521,1.6677405,1.7450736,1.6433027,1.3260995,1.840383,1.5876576,1.7739004,1.1007766,1.7386224,2.0187685,1.9511037,1.3009855,1.382873,2.0234556,1.8662544,2.1371233,1.9796171,2.3705683,2.2685199,2.2563932,2.234031,2.8297644,3.0490038,3.4991639,2.5056157,2.056147,2.070576,1.9778172,2.2743647,1.7960964,1.821289,2.16759,1.8804942,2.536793,2.3751287,2.716181,2.7541263,0.7241614,0.72766227,1.6550468,2.188684,1.382159,1.2527558,1.4773505,1.4262954,1.4190451,1.2697607,1.1224334,1.9106985,1.7989246,1.7683249,1.6627624,1.8274119,2.0950668,2.1913996,2.113733,1.2403165,0.9717531,1.2451972,1.483107,1.3187454,1.8461937,1.9962153,2.1438406,1.7158436
6,2.3555896,2.2971866,2.372547,2.6542594,1.6969411,2.1776655,0.0,1.9213442,2.1586347,2.2225957,2.244794,1.9213389,2.0589886,1.9601458,1.7424449,1.9868824,2.0680494,2.6744068,2.7490718,1.9688905,1.9679965,1.9525423,2.7259843,2.0902016,2.4523716,1.4255083,2.5898159,2.4661427,1.5111741,1.6057196,1.7542702,1.727735,3.1814935,2.481853,2.2703056,2.3375027,2.1352103,2.0570288,2.1636086,2.0143278,2.3118274,2.31495,2.3481476,2.257166,2.1909225,2.216997,2.2070198,2.8166428,1.4043131,1.4559277,1.5009391,1.5345999,1.7292291,1.7254039,2.5650897,2.5129886,2.488917,2.7733562,3.3880904,2.475531,2.7291424,2.7540338,2.810205,2.533736,2.8641343,2.585443,2.3971062,2.5908709,2.3833272,2.4667983,2.404858,2.6883943,2.2420013,2.0342355,2.4520974,2.4640033,2.4424536,2.3604164,1.8115187,2.4378743,3.239942,3.1737525,3.1687362,3.1418326,2.8337972,3.1418548,3.3355029,2.3389537,3.0150077,3.0125222,3.101562,2.7009966,2.7802234,2.7700193,3.0527277,2.87024,3.0048974,3.2570777,3.4995213,3.5410433,2.3096185,2.3473403,2.5565486,1.7328453,2.4287813,2.4458475,2.4708254,2.4320848,2.6187751,2.549676,2.475756,3.1537497,2.614723,2.6400821,2.5559857,2.6129956,1.8816388,1.4538977,1.92948,2.8046794,2.2206964,2.3666139,2.4156277,2.3277357,2.7635186,2.8348591,2.951439,2.109205
7,1.3687141,1.3673493,2.5029235,2.7227514,1.5065695,1.2813605,1.9213442,0.0,2.0696657,2.067107,1.7788737,1.344008,2.7961144,1.7662536,1.8240355,1.6954584,1.7567836,1.8199921,2.518132,2.185426,2.4669104,2.3385317,2.5413451,1.7741692,1.428102,2.202738,2.7805817,2.621223,2.560475,2.631129,2.711232,2.456194,2.4831433,2.6924648,2.1403024,2.5930588,2.1521263,2.296264,2.1502817,1.8402878,2.5243936,2.5295718,2.6486676,2.5606797,2.5509233,2.5611713,2.5132816,3.100834,2.2613,2.3043869,2.4401078,2.4493814,2.0913334,1.9703468,2.0777357,1.9540582,1.5538038,1.9306264,2.6691804,1.5850153,1.8322717,2.0228746,2.009135,1.693122,2.3481908,2.010922,1.722904,2.090412,1.8892335,2.0595233,1.6505581,2.1170254,2.4650917,2.3144207,1.675798,1.7626961,1.6372511,1.5010946,1.9091649,1.6151328,2.7009199,2.61911,2.5786967,2.5591202,3.1544354,3.3255627,3.694996,2.867235,2.3725812,2.38779,2.6299899,2.9240136,2.2437496,2.2816412,2.6654797,2.3577166,2.551473,2.8147433,3.1268086,3.1656392,1.4723142,1.4677329,1.9203001,2.4558506,1.7595468,1.6899617,1.8736323,1.8215469,1.9992864,1.9118912,1.8040681,2.6429393,2.2935925,2.322036,2.109627,2.266664,2.5901923,2.232465,2.5687637,2.1725268,1.5158213,1.7161072,1.9087688,1.7679093,2.4358926,2.1973462,2.5455794,2.1625683
8,1.5583234,1.6178458,1.3135427,1.8804661,1.4586878,1.621098,2.1586347,2.0696657,0.0,0.72216815,1.6885498,1.3916715,1.4312114,1.6335949,1.6404649,1.6502154,1.5567333,1.9520184,1.66179,1.8762863,2.1207092,1.905265,2.125455,1.5703695,1.8593278,1.6384914,1.0873146,0.91089183,1.9002446,1.9835469,2.0896502,1.901349,2.657863,1.9233656,1.4685376,1.1769012,1.1088897,1.1088718,1.0830678,1.5527385,1.4934498,1.5083011,1.3938183,1.5845978,1.3081154,1.4494102,2.1018856,2.6828883,2.0404937,2.0895212,1.794902,1.7847347,2.2785583,1.6252136,1.8341198,1.7831092,1.6475794,1.7659299,2.4255586,1.3833573,1.4797329,1.65604,1.278773,1.5694276,1.3392541,1.1867045,1.4597011,1.4640883,1.2690843,1.3258157,1.71687,1.4129713,1.5075219,1.2100414,1.6161994,1.5060995,2.537379,2.5548766,2.5447016,2.6843488,2.214855,2.1080801,2.1107323,2.0957448,2.1611667,2.4987411,2.9295707,1.7966065,1.855907,1.8462529,1.9036764,1.8468084,1.5910417,1.555084,1.9779942,1.5945542,2.602363,2.4889374,2.434242,2.5565746,1.7904689,1.8163759,1.6188273,1.5661108,1.5139989,1.6497694,1.5066267,1.5437279,1.4690008,1.302822,1.4122659,2.2600217,1.4722692,1.2994784,1.521625,1.3442436,1.3337721,1.5819142,1.5787271,1.7435731,1.7899656,1.8966426,2.2050622,2.0431836,1.8030245,2.1547027,2.1197546,1.2501036
9,1.7245823,1.806758,1.729329,2.204265,1.472509,1.6216797,2.2225957,2.067107,0.72216815,0.0,1.8102605,1.5516399,1.6945523,1.7838714,1.7727274,1.7715989,1.7601689,2.0890923,1.8080105,2.014515,2.3032172,2.0858119,2.2432191,1.6884679,1.6538162,1.7324444,1.3819473,1.2678481,2.091192,2.1815748,2.1440628,1.9169841,2.6078923,2.0530758,1.0664526,1.506698,1.4015871,1.4291518,1.2476186,1.6823189,1.5061231,1.537466,1.5837272,1.5102575,1.4041443,1.5503813,2.2503257,2.78829,2.2299023,2.28227,1.8428009,1.8243681,2.3425865,1.8242593,1.9976691,1.9434285,1.819618,1.8971274,2.5986586,1.4556811,1.7218872,1.8765563,1.5174187,1.7618496,1.339294,1.1683757,1.3486435,1.3560705,1.3071096,1.3153839,1.6303637,1.3888645,1.2207106,0.7972961,1.2236403,1.0681373,2.3060153,2.3292687,2.3307555,2.461966,2.2937553,2.1775787,2.1910715,2.1814957,2.3193994,2.8249278,3.1915803,1.9109381,1.9587415,1.950133,2.0524812,2.035278,1.6540078,1.6474416,2.1095264,1.6835445,2.6805012,2.5819163,2.5033216,2.5083072,1.7479323,1.776411,1.6777987,1.627262,1.6744785,1.839085,1.6242068,1.640241,1.6867951,1.5757545,1.5597326,2.4348483,1.6865585,1.4950604,1.6691978,1.4825933,1.480459,1.8501563,1.847085,1.8801208,1.7880844,1.88114,2.2131078,2.0677645,1.8762308,2.529667,2.1039686,1.2349155
10,1.4043131,1.454888,2.397674,2.5481029,1.4717351,1.4009302,2.244794,1.7788737,1.6885498,1.8102605,0.0,1.0383494,2.283785,1.5258688,1.4550613,1.4034709,1.522824,1.7863065,2.3853528,1.8065133,1.8462205,1.902416,2.043632,1.5523647,1.5939093,1.8747903,2.4258356,2.290673,1.9583191,2.0511754,2.1147072,1.9525014,2.360677,2.395776,1.8985053,2.1709611,1.7744578,1.8376375,1.8274477,1.4988891,2.1170435,2.1267288,2.2005856,2.3426378,2.2334118,2.249878,2.087491,2.7230651,2.372173,2.4134972,2.622444,2.6501896,2.4457273,2.0704644,2.3097138,2.2124054,1.3742344,1.9246846,2.7063537,1.866181,1.8208259,1.9542443,1.8985336,2.025514,2.0785468,1.9276782,1.6320552,2.0844693,1.6977266,1.7957435,1.5960453,2.0917864,2.2847815,2.0942597,1.7453167,1.8584245,2.4735353,2.2736638,2.4065444,2.4147673,2.5760584,2.4799175,2.4970508,2.4569669,2.9468353,3.1012478,3.0855122,2.1077554,2.347204,2.3523457,2.55343,2.6626754,2.305426,2.2933939,2.6416066,2.3291273,2.790223,3.0564046,2.985166,3.0383365,1.6546497,1.6752924,2.0605495,2.1909509,1.7667781,1.6879523,1.967244,1.8542838,1.7906733,1.7713883,1.6578139,2.9729393,1.9773523,2.0451744,1.8850242,1.9960085,2.2364824,2.2635722,2.135046,1.8118064,1.6245699,1.7346127,2.0118253,1.8475025,2.442536,2.4371748,2.6438036,2.092567
11,0.7606812,0.71492624,1.9868517,2.2530458,0.89930874,0.87262356,1.9213389,1.344008,1.3916715,1.5516399,1.0383494,0.0,2.0298352,0.9704975,0.97075933,0.8925044,0.99607074,1.3653789,2.1238668,1.459411,1.7569238,1.5969214,1.7220327,1.0304799,1.0792012,1.5008546,2.1889813,1.9976075,1.7651755,1.8757299,1.8629916,1.6414647,2.1945093,2.2000952,1.6693974,1.8931983,1.3904477,1.514792,1.495628,1.0178086,1.9054501,1.9190145,1.9544796,2.1076372,1.9961412,2.0291286,1.8445445,2.556408,2.0588577,2.0942647,2.3044188,2.3275208,2.1311762,1.81639,2.0459678,1.9177827,0.8412406,1.5638058,2.419095,1.2966114,1.3576657,1.5701082,1.5342746,1.6242099,1.7796764,1.6306927,1.3288381,1.7951006,1.4468108,1.638239,1.2397044,1.8043976,2.051302,1.8097169,1.414735,1.4936644,2.0854344,1.9222345,2.084813,2.0453334,2.4577422,2.3879576,2.3440042,2.3244774,2.7768836,2.9644399,3.3099208,2.3253877,2.0929413,2.1029553,2.3069203,2.4334037,1.9674073,1.9727004,2.3959923,2.04537,2.6171634,2.4646668,2.7900581,2.858627,1.1296046,1.1321838,1.546742,1.7678807,1.1997235,1.2100346,1.4855417,1.4327523,1.4438078,1.3503618,1.2037605,2.2859702,1.7158984,1.7710404,1.5546445,1.7431576,2.015545,2.0057566,1.8482697,1.358169,1.1006259,1.3203892,1.6017526,1.4188797,2.1170614,1.9347836,2.2731833,1.656103
12,2.3546004,2.3825583,1.5846707,2.1512265,1.9726372,2.347123,2.0589886,2.7961144,1.4312114,1.6945523,2.283785,2.0298352,0.0,1.6329402,1.6582869,1.8511686,2.1079562,2.6577396,2.484989,2.1180768,2.082901,1.9534954,2.3470745,2.1200304,2.6324134,1.6715032,1.6387798,1.6436048,1.7633862,1.5908977,1.948384,1.9646394,3.4757502,1.7103082,1.8958166,1.2449175,1.2696946,1.1207247,1.3015839,1.7244529,1.4441955,1.4559301,1.3099018,1.7109435,1.2796811,1.4309957,1.8653835,2.4842737,1.7903403,1.8166677,1.490886,1.5078837,1.9839991,2.2255633,2.2294781,2.2077692,2.3870294,2.5175252,3.0566874,2.314117,2.2475014,2.0218365,1.9820503,2.0264897,2.3824995,2.200337,2.3321702,2.2912443,2.0616412,2.0928032,2.553363,2.4644558,1.6738081,1.4542885,2.3304632,2.2266717,3.0716786,3.0335343,2.7117505,3.1233702,3.0729702,2.991265,2.9926796,2.9695053,2.613293,2.8885927,3.0683436,2.1892295,2.6345494,2.6183233,2.6057005,2.1499205,2.2241375,2.2007911,2.3291304,2.2954786,3.0527139,2.8673172,2.893923,3.0262983,2.3458498,2.390719,1.8678067,0.98952425,1.8608584,2.1021,1.9401077,1.9680759,2.0359921,1.9853855,1.9861394,2.6192427,1.9161129,1.9154968,2.018942,1.929313,1.2900715,1.5857208,1.1551155,2.2528899,2.212623,2.3079495,2.557078,2.371955,2.2272177,2.4820526,2.3248098,1.4617511
13,1.2802178,1.2998636,2.063313,2.2997296,1.3576522,1.4313675,1.9601458,1.7662536,1.6335949,1.7838714,1.5258688,0.9704975,1.6329402,0.0,0.776188,0.75470364,1.3245083,1.7194257,2.3661273,1.8152584,1.9926857,1.8184178,1.9735208,1.3415611,1.4665406,1.6057634,2.2779937,2.1954381,1.9086142,1.8437306,2.0676792,1.9230815,2.737326,2.0635893,1.7911515,1.8632886,1.3533349,1.4630368,1.424829,0.8745827,1.7348787,1.7567495,1.7609947,2.0838532,1.8885144,1.9843701,1.6399349,2.4018378,1.8033385,1.8284703,2.102026,2.134768,1.7928706,2.1348653,1.9653,1.8224137,1.2405853,1.8103774,2.65541,1.7606539,1.5188854,1.3402213,1.4894804,1.413409,2.2335324,1.9823904,1.66561,2.0095801,1.6833375,1.811656,1.7220694,2.204709,1.9300252,1.7360631,1.5525498,1.6164057,2.1520176,1.9596177,2.0468838,2.0812001,2.8204913,2.7647986,2.6956892,2.6836452,3.0465765,3.1994114,3.4454043,2.6027658,2.2490697,2.2524211,2.5102143,2.5314958,1.9711848,1.9926016,2.2623568,2.082378,2.6512473,2.4576783,2.8874989,2.9434428,1.3456213,1.38043,1.2333395,1.4048368,0.8138006,1.1136249,1.4036757,1.3515025,1.5172457,1.4725909,1.3090367,2.3355796,1.6462206,1.8056216,1.5216858,1.7312546,2.0351183,1.9291373,1.5298457,1.4331461,1.1711394,1.3660083,1.7562777,1.4680401,2.2113564,1.9480326,2.0701988,1.5674367
14,1.5085284,1.4837441,2.1431496,2.3317795,1.3533541,1.5583606,1.7424449,1.8240355,1.6404649,1.7727274,1.4550613,0.97075933,1.6582869,0.776188,0.0,0.38091302,1.4211497,1.9674745,2.4596922,1.590216,1.759879,1.4953414,1.8314048,1.2463897,1.5697942,1.5014014,2.317689,2.1995373,1.6371967,1.6971375,1.8124446,1.657134,2.4844522,2.0523424,1.7599249,1.7884843,1.3658019,1.4179378,1.3728335,1.2178708,1.829896,1.8495651,1.8027045,2.0516298,1.9233613,1.9824104,1.6789439,2.0888128,1.7845289,1.8099593,2.0038826,2.0489154,1.9207916,1.9322855,2.19803,2.1004317,1.4173778,1.9644465,2.7229555,1.8389264,1.873181,1.7943897,1.8591435,1.7564452,2.1139526,1.8886286,1.6078441,1.9219131,1.5921788,1.7281157,1.6674262,2.1295764,2.0252638,1.7372822,1.7254664,1.773603,2.3012927,2.126751,1.9412509,2.138255,2.7529643,2.708866,2.8260336,2.8073103,2.90906,3.0230029,3.2407823,2.3858147,2.4897444,2.4945922,2.677848,2.5877514,2.225309,2.2368214,2.5934618,2.3439186,2.4949012,2.384404,2.672526,2.7391963,1.6416234,1.6748384,1.500952,1.2148103,1.3410957,1.5622042,1.648079,1.5947354,1.6163284,1.6524209,1.7052683,2.6471684,1.7444041,1.889451,1.6025764,1.799735,2.0010881,1.9054656,1.5821557,1.7047642,1.3923839,1.3014306,1.5816805,1.4423312,2.2893317,2.1363597,2.3206706,1.5316436
15,1.3226904,1.3274239,2.1903622,2.3461041,1.368221,1.4146514,1.9868824,1.6954584,1.6502154,1.7715989,1.4034709,0.8925044,1.8511686,0.75470364,0.38091302,0.0,1.4068297,1.8360631,2.429525,1.7316713,1.9501816,1.6451812,1.7892354,1.1648971,1.3909501,1.7027689,2.3821113,2.2641,1.9193661,1.9435365,2.069396,1.8723774,2.4132116,2.0946522,1.7701443,1.8844934,1.4110948,1.5233068,1.3772635,1.2375141,1.9226607,1.9434714,1.8991771,2.1423724,2.0241303,2.0859506,1.7993115,2.1303833,1.9464979,1.9745101,2.1606314,2.2005363,1.9837806,1.9860791,2.0792468,1.9657478,1.2286581,1.8047084,2.585681,1.7178655,1.6607802,1.5858376,1.6537507,1.557985,2.0166707,1.7756879,1.4685748,1.8300313,1.4973526,1.6495327,1.5315212,2.0294847,2.0746927,1.8323562,1.5885661,1.6585153,2.2066042,2.0185122,1.9853021,2.015546,2.6153293,2.5701556,2.716676,2.7006621,2.9632118,3.0345895,3.2912178,2.515328,2.3639016,2.3724988,2.5710278,2.6226435,2.099169,2.1208587,2.4773378,2.222383,2.3331301,2.224046,2.5192816,2.5856645,1.4927498,1.5170535,1.3097615,1.4679646,1.1460195,1.3787512,1.5145545,1.4581248,1.4341896,1.4722428,1.5717311,2.5353615,1.6432954,1.7968651,1.4709954,1.7009263,2.1566932,2.0435424,1.7351173,1.5204972,1.2576377,1.0914372,1.4488924,1.3003795,2.2261307,2.015853,2.246215,1.5493903
16,1.1055448,1.1371058,1.9281719,1.9958868,1.2136883,1.3285393,2.0680494,1.7567836,1.5567333,1.7601689,1.522824,0.99607074,2.1079562,1.3245083,1.4211497,1.4068297,0.0,0.81800425,2.0631084,1.7226388,2.0272582,1.7874055,1.94856,1.0599537,1.4785999,1.4509673,2.0783157,1.981052,1.7761174,1.9066732,2.0396857,1.7294639,2.453072,1.9330772,2.0326285,2.1646523,1.7491219,1.8024774,1.7796925,1.3910198,1.7910688,1.8047706,1.7782042,1.9915156,1.7745141,1.875782,1.6770384,2.3370974,1.9931014,2.0427945,2.3480961,2.3670828,2.0106628,1.7552916,2.1077547,1.9490399,1.1717973,1.7223625,2.1597483,1.6189852,1.5005827,1.7781819,1.7103528,1.9700654,1.8777567,1.772994,1.4523771,1.9526737,1.6968424,1.7851282,1.3331654,1.867941,2.1825228,1.8908149,1.6878827,1.8131367,2.0288637,1.8808646,1.9440581,1.9679898,2.4791982,2.4308298,2.3816187,2.3835778,2.7999222,2.9514444,3.3939555,2.3713708,2.1265833,2.128118,2.3357038,2.383008,2.071954,2.0313964,2.4339807,2.0700974,2.5762928,2.389121,2.811327,2.8641818,1.3628613,1.3932184,1.8937498,1.9370282,1.4754937,1.4306171,1.8141015,1.7761272,1.6519367,1.4272166,1.5686331,2.4023929,1.6852446,1.7449028,1.6334947,1.7846357,2.0312853,1.9655981,1.6447046,1.3232878,1.4814763,1.6317176,1.9320207,1.7088809,2.3180447,2.1493833,2.4072459,1.7489163
17,1.1868734,1.2881626,2.2811046,2.2745354,1.632378,1.4271472,2.6744068,1.8199921,1.9520184,2.0890923,1.7863065,1.3653789,2.6577396,1.7194257,1.9674745,1.8360631,0.81800425,0.0,2.3122451,2.1956537,2.5360394,2.3567984,2.270441,1.5904034,1.4894873,2.1643674,2.4705653,2.3977559,2.4854813,2.5792096,2.7063727,2.3733175,2.471983,2.166271,2.273243,2.547871,2.081992,2.2084908,2.1396253,1.6709584,2.1103919,2.1202242,2.1453686,2.321183,2.1485415,2.2055318,1.9863465,2.7230985,2.5828843,2.6264503,2.906797,2.91817,2.3598957,2.250182,2.2946112,2.1014514,1.2022983,1.7369815,2.0319784,1.6172553,1.4888791,1.8222058,1.703828,2.0049431,2.0299506,1.9208717,1.6569746,2.1607473,1.9409652,2.0515368,1.5095727,2.0535884,2.5612342,2.319749,1.7368512,1.8911314,1.9881474,1.8383571,2.2633526,1.9791745,2.622192,2.5538871,2.4112668,2.416075,3.1958418,3.3241098,3.7672608,2.8807614,2.2574556,2.263929,2.373495,2.7038963,2.174159,2.1566446,2.5614126,2.1767185,2.8435817,2.6388965,3.0698159,3.1163704,1.4727918,1.4827564,2.027174,2.5260675,1.6274323,1.5329309,1.9570292,1.9219643,1.8256524,1.6181514,1.6564314,2.386121,1.9993228,2.0428412,1.9344708,2.0954485,2.616175,2.5804617,2.3073363,1.4487783,1.6020161,1.8550107,2.1945052,1.9466641,2.387204,2.1946597,2.541143,2.1633463
18,2.1773503,2.1826303,1.9204504,1.7552189,1.9935004,2.1378498,2.7490718,2.518132,1.66179,1.8080105,2.3853528,2.1238668,2.484989,2.3661273,2.4596922,2.429525,2.0631084,2.3122451,0.0,3.1097937,3.3542082,3.1440914,3.235626,2.1265464,2.1278977,2.0715244,1.7821556,1.6135337,2.6742482,2.7869122,2.6332603,2.4533339,2.9065516,2.5508075,2.309458,2.2497299,2.0162601,2.0064545,2.0999632,2.3025405,2.4478076,2.448056,2.263424,2.1570382,2.1142857,2.168772,2.7501678,3.2627285,2.3527155,2.4066782,2.2774029,2.269556,2.8459692,2.210495,2.2676637,2.2598705,2.2618232,2.2041957,2.8180497,1.9228864,2.1563487,2.3706212,2.0966628,2.38881,1.720703,1.7516431,1.599406,1.5394921,1.6535431,1.4818445,1.8533603,1.361029,1.7520583,2.010269,2.0350196,2.1026833,2.5440242,2.8299212,2.9497468,3.0092666,1.732848,1.7576406,1.7106996,1.6986407,1.920744,2.1589563,2.7090878,1.6784508,1.5315305,1.531061,1.2229285,1.2777232,1.1727632,1.0688015,1.7066681,1.0231723,2.9918797,2.914727,2.9839604,3.102845,2.2696397,2.3148568,2.4325075,2.552527,2.1637292,2.107177,2.2306347,2.291555,2.2115002,1.9938393,2.1229649,2.7011013,2.0369375,1.8569033,2.0769868,1.9519917,1.9603626,2.1872087,2.2419634,2.1927762,1.9983103,2.1178563,2.3328006,2.180179,1.9224417,2.3342004,2.4474006,1.7669854
19,1.7638351,1.7895205,2.4329796,3.0294466,1.6326128,1.8422513,1.9688905,2.185426,1.8762863,2.014515,1.8065133,1.459411,2.1180768,1.8152584,1.590216,1.7316713,1.7226388,2.1956537,3.1097937,0.0,0.68921506,0.6896023,1.4484352,1.6800274,2.2345357,1.7942135,2.403682,2.3461897,1.4066753,1.6809263,1.8419056,1.6940609,2.5998924,2.5915875,2.1549814,2.2235126,1.9602258,1.9627361,1.9637952,1.7056109,2.208934,2.2230713,2.252802,2.4320676,2.225719,2.273111,2.1033578,2.6964414,2.4478323,2.4819388,2.6092818,2.6276112,2.5841103,2.154328,2.7111974,2.6121988,1.7491415,2.2270074,2.8455405,2.0836122,2.1552913,2.4094477,2.3568237,2.436355,2.3516896,2.262042,2.2800527,2.6276505,2.273207,2.4892945,2.142927,2.5947063,2.7636,2.210401,2.360769,2.2947726,3.052196,2.7332947,2.545908,2.7817225,3.416269,3.3119566,3.3039782,3.2910626,3.3355892,3.552052,3.8910713,2.779791,3.1346543,3.1321793,3.290814,3.1444483,3.0744126,3.0542815,3.4089005,3.1356134,3.1348705,2.9072933,3.196715,3.2608662,2.0424967,2.0564451,2.3700492,1.8415293,2.2299623,2.2210007,2.3340418,2.287025,2.292083,2.1921659,2.1612039,2.8630776,2.4797873,2.4992938,2.4173665,2.5053892,2.2335782,2.3094823,2.1062512,2.1724608,2.3000677,2.4182591,2.607887,2.4997935,2.9148705,2.8112328,2.9487813,2.3561316
20,2.093207,2.0988276,2.5004876,3.1127605,1.8536167,2.1196811,1.9679965,2.4669104,2.1207092,2.3032172,1.8462205,1.7569238,2.082901,1.9926857,1.759879,1.9501816,2.0272582,2.5360394,3.3542082,0.68921506,0.0,0.76212204,1.5725281,1.9704746,2.6194928,1.8610471,2.5575583,2.5169258,1.3534249,1.4736979,1.8003019,1.7251652,3.0578299,2.6406817,2.4086964,2.333705,2.128825,2.0959382,2.1702218,1.938194,2.3321743,2.338518,2.4107833,2.613153,2.380677,2.4101598,2.2014596,2.7970927,2.4313967,2.4523556,2.647653,2.6714537,2.574002,2.3288815,2.7936416,2.7245262,2.1388245,2.591943,3.1607878,2.4574804,2.4492035,2.5671768,2.6104774,2.6619868,2.7318418,2.6445403,2.6355474,2.9523544,2.5752025,2.749346,2.510723,2.940975,2.8949578,2.426992,2.7072086,2.6509266,3.3694518,3.0613952,2.775687,3.0955145,3.6115,3.5028453,3.5041692,3.4781165,3.4001524,3.6003258,3.7852554,2.7681425,3.3259373,3.32182,3.5018911,3.2613134,3.2901456,3.2669663,3.5182335,3.3547685,3.3280346,3.2415166,3.3880112,3.4777505,2.27555,2.2981184,2.5951912,1.9634103,2.4649599,2.4465992,2.5385134,2.4744754,2.4678671,2.4039066,2.3547392,3.1324444,2.6179883,2.6673636,2.5822387,2.67081,2.2199004,2.311571,2.0872846,2.4299898,2.4929852,2.6167805,2.7629712,2.6580176,3.0993645,2.9673116,3.1408155,2.5154848
21,1.8716987,1.8902093,2.3186631,2.9526083,1.6594384,1.9270825,1.9525423,2.3385317,1.905265,2.0858119,1.902416,1.5969214,1.9534954,1.8184178,1.4953414,1.6451812,1.7874055,2.3567984,3.1440914,0.6896023,0.76212204,0.0,1.2132233,1.5291513,2.4216573,1.6725401,2.3795745,2.324725,1.3789636,1.4648013,1.7598553,1.6618248,2.909342,2.409078,2.2509468,2.1989257,2.0003438,1.9868634,1.8852185,1.8878276,2.1844723,2.1965137,2.1958213,2.398437,2.1688545,2.2404432,2.1006472,2.340992,2.2532523,2.286346,2.3955653,2.4193227,2.3541203,2.1261754,2.5166028,2.450831,1.9471532,2.3760598,2.8853028,2.2593198,2.1635337,2.3271916,2.3553693,2.4523253,2.3981123,2.3248503,2.3037353,2.6294413,2.2891846,2.4715164,2.177065,2.5962505,2.6990492,2.2146385,2.486979,2.4262145,3.154101,2.8510127,2.5007236,2.791116,3.3333347,3.2490892,3.387139,3.3739989,3.2645588,3.3958313,3.763875,2.722962,3.0708518,3.0673366,3.2792687,3.0737398,3.0416882,3.016185,3.2677088,3.098515,2.769616,2.5635371,2.7870216,2.8691683,2.026558,2.0446558,2.294308,1.7353284,2.2063444,2.2366753,2.278043,2.226868,2.1076841,2.0268338,2.2030966,2.86234,2.2373533,2.2908874,2.1995218,2.299304,2.0493789,2.0841446,1.7989643,2.072088,2.332492,2.274639,2.4069664,2.3406227,2.92825,2.786273,2.8405347,2.1918125
22,1.7368361,1.811797,2.4689744,2.9425848,1.7526056,1.7832357,2.7259843,2.5413451,2.125455,2.2432191,2.043632,1.7220327,2.3470745,1.9735208,1.8314048,1.7892354,1.94856,2.270441,3.235626,1.4484352,1.5725281,1.2132233,0.0,1.5154939,2.349692,2.051991,2.6605427,2.61554,2.1428282,1.9911953,2.174106,1.8931555,3.174498,2.5352178,2.4358594,2.5945847,2.241186,2.3239224,2.1537418,2.0721247,2.5947223,2.6162488,2.6208866,2.7581203,2.5415971,2.6394024,2.557595,2.7258713,2.8203437,2.8521557,2.9157004,2.932278,2.7175462,2.4639378,2.5118718,2.407607,1.9629968,2.3345964,2.7725153,2.2850657,1.8457602,2.0040417,2.1365244,2.4430676,2.3477178,2.3851376,2.3715615,2.7903206,2.455947,2.6296515,2.2132418,2.6998448,2.8301847,2.511197,2.4792194,2.461058,3.344837,3.02689,2.9350038,2.9535122,3.0054255,2.910507,3.0695498,3.063108,3.2389822,3.3337896,3.7857816,3.0979397,2.8989806,2.9031541,3.121942,3.139418,2.9032884,2.8898063,3.038792,2.9701176,2.8870692,2.4119046,2.6597922,2.7466428,1.8445233,1.8222938,2.1738458,2.3439717,2.1175978,2.0827816,2.22732,2.2063854,2.016168,1.8641485,2.0403392,2.5271618,2.2901888,2.3183343,2.2275069,2.3682477,2.3760407,2.6664598,2.1319036,1.63181,2.2449546,2.165752,2.3945384,2.3420455,2.9421527,2.7088532,3.0016549,2.3208032
23,1.0188104,1.0825946,2.0422964,2.2623866,1.0577424,1.1858091,2.0902016,1.7741692,1.5703695,1.6884679,1.5523647,1.0304799,2.1200304,1.3415611,1.2463897,1.1648971,1.0599537,1.5904034,2.1265464,1.6800274,1.9704746,1.5291513,1.5154939,0.0,1.4917083,1.332751,2.110018,2.013701,1.751851,1.7720816,1.9149219,1.6100034,2.5696998,2.2620296,2.0047247,2.2986846,1.8374249,1.9057342,1.6804769,1.5865352,2.1229875,2.1447406,2.1218746,2.2561765,2.0665293,2.1838102,2.0842617,2.2474217,1.8943233,1.9505335,2.2218738,2.2397175,2.1375704,1.7133846,1.8085471,1.7075485,1.2671759,1.6118996,2.2893121,1.7409508,1.3628504,1.6394116,1.6903704,1.9466261,1.7857517,1.7308924,1.3164073,1.869719,1.649674,1.7270998,1.1613656,1.7619859,2.0898995,1.9076176,1.6936283,1.7887981,2.3106103,2.1116061,2.0520873,2.0680199,2.2601855,2.2281175,2.4359019,2.439299,2.711607,2.810948,3.340014,2.3420293,2.0555415,2.062398,2.3343744,2.3740861,2.0370822,1.9914191,2.3176546,2.0446732,2.0388465,1.8195252,2.241565,2.267921,1.1609315,1.1945156,1.75627,1.908342,1.4516659,1.3110707,1.8403084,1.8036696,1.515116,1.2092613,1.5603691,2.352671,1.5552709,1.5978719,1.4413964,1.622096,1.9211031,1.8581557,1.5260129,1.0518447,1.5003082,1.302352,1.5785831,1.464663,2.3886406,2.2849147,2.3371217,1.6164708
24,1.1791372,1.208341,2.5180993,2.5636127,1.351763,1.1119405,2.4523716,1.428102,1.8593278,1.6538162,1.5939093,1.0792012,2.6324134,1.4665406,1.5697942,1.3909501,1.4785999,1.4894873,2.1278977,2.2345357,2.6194928,2.4216573,2.349692,1.4917083,0.0,2.058356,2.568746,2.4157507,2.492436,2.6175544,2.4739106,2.170801,2.0768645,2.559775,1.6195043,2.4047775,1.9005096,2.0675137,1.9101015,1.4900787,2.188761,2.2149863,2.3248484,2.295403,2.351617,2.3861454,2.265036,2.8867936,2.5144668,2.549245,2.6732929,2.6858866,2.4832058,2.2599046,2.296377,2.1514413,1.1752284,1.7102492,2.5892138,1.41756,1.680538,1.8712461,1.7666059,1.847131,1.8424094,1.6822398,1.159237,1.6629719,1.5592513,1.6566027,1.1197393,1.7566001,2.020019,1.8684595,0.8454184,1.0649239,1.5532947,1.4822955,1.9787924,1.6656274,2.43444,2.377628,2.311662,2.307704,3.053394,3.3658855,3.7118702,2.690994,2.1231675,2.140551,2.320453,2.661771,1.889622,1.9352934,2.4695036,1.9841287,2.7662334,2.5956795,2.967641,2.9140158,1.2362343,1.2456732,1.6954792,2.2333598,1.4303277,1.5026463,1.7279837,1.6783907,1.7780759,1.7291299,1.5150323,2.4910789,2.010858,2.0224247,1.7810954,1.9512253,2.53862,2.5800297,2.4543762,1.603351,1.0671177,1.2797644,1.651439,1.4756738,2.1611257,2.3569376,2.2999544,1.839387
25,1.8517164,1.8251702,1.9070774,2.1428452,1.0861255,1.6935949,1.4255083,2.202738,1.6384914,1.7324444,1.8747903,1.5008546,1.6715032,1.6057634,1.5014014,1.7027689,1.4509673,2.1643674,2.0715244,1.7942135,1.8610471,1.6725401,2.051991,1.332751,2.058356,0.0,2.0080006,1.9018488,1.1292598,1.0840907,0.98823726,0.84700316,3.0558653,2.1222713,2.008958,2.0983477,1.8328307,1.7544023,1.8423439,1.6399513,2.041162,2.0568316,1.9563396,1.8703669,1.7797678,1.9053816,2.0046482,2.5616748,1.5205389,1.5845816,1.6355679,1.6628568,1.9277391,1.6829418,2.2510345,2.1754699,2.0719166,2.4208617,3.0628347,2.1696656,2.1093235,2.2318525,2.2949722,2.4557796,2.2077858,2.1632426,1.8668989,2.205256,1.9850672,2.0044749,1.8170278,2.1521416,1.7287024,1.605348,2.0635583,2.116986,2.5615573,2.4771366,2.0882397,2.5489707,2.5510974,2.5122259,2.5116398,2.5007043,2.277251,2.600595,2.9809663,1.8187094,2.282993,2.2788222,2.437107,1.9921855,2.1772091,2.132616,2.3814733,2.1902413,2.8346334,2.6966977,3.00451,3.043612,1.7413489,1.7825035,2.2818835,1.6221863,1.9832008,1.9870617,2.059254,2.0389345,2.0809855,1.9101537,1.9621202,2.6391377,1.9666525,1.9489495,1.9640099,2.0031624,1.1538683,1.426441,1.1460749,1.87514,1.7889413,1.9028894,2.0575745,1.9285945,2.4413743,2.549786,2.6082895,1.6065979
26,2.206302,2.2690842,1.2237829,1.9124105,2.0790424,2.3226175,2.5898159,2.7805817,1.0873146,1.3819473,2.4258356,2.1889813,1.6387798,2.2779937,2.317689,2.3821113,2.0783157,2.4705653,1.7821556,2.403682,2.5575583,2.3795745,2.6605427,2.110018,2.568746,2.0080006,0.0,0.6393269,2.1727319,2.2580452,2.5286183,2.2926004,3.2102244,2.2018561,2.1459146,1.5981749,1.685622,1.6055043,1.6768417,2.2420566,1.7676492,1.7663869,1.6207566,1.8341672,1.4767572,1.620053,2.4507153,2.9311388,2.137359,2.1637254,1.9901233,1.9611409,2.6662219,2.1042695,1.9412488,1.9807417,2.27299,2.2034106,2.6634426,1.930492,2.0491076,2.1470308,1.8222358,2.1865144,1.7427608,1.7606673,2.0274081,1.852997,1.854163,1.7416582,2.2691853,1.754777,1.8519646,1.6399269,2.2988832,2.1656084,3.1218739,3.2190688,3.1025555,3.3118646,2.5595381,2.482163,2.4909806,2.4824662,2.2429261,2.5664785,3.085569,1.8796573,2.1561553,2.1381497,2.123147,1.8595978,1.9357243,1.8558435,2.2118618,1.8920083,2.9662626,2.754464,2.6612053,2.8327107,2.3502212,2.4224064,2.2241814,1.919093,2.1321528,2.2179592,2.1282215,2.1898208,2.0147715,1.7946298,2.0820138,2.631793,1.7544687,1.5359778,1.906585,1.649531,1.418983,1.8076295,1.6813717,2.1860812,2.3456566,2.4369109,2.7170656,2.53908,2.0786319,2.5211573,2.2859745,1.5380365
27,2.0846257,2.067545,1.0059005,1.8068286,1.9171383,2.1785016,2.4661427,2.621223,0.91089183,1.2678481,2.290673,1.9976075,1.6436048,2.1954381,2.1995373,2.2641,1.981052,2.3977559,1.6135337,2.3461897,2.5169258,2.324725,2.61554,2.013701,2.4157507,1.9018488,0.6393269,0.0,2.1324704,2.2261949,2.3058155,2.1567078,3.1138582,2.1780825,1.9636168,1.4524893,1.5347521,1.4639236,1.5669684,2.174093,1.6542501,1.6481136,1.6849298,1.9060395,1.5431666,1.6246538,2.44298,2.949667,2.1369689,2.160286,1.9267493,1.8956646,2.5989943,2.0149417,1.9835397,2.055102,2.2199519,2.1007452,2.5465977,1.7588248,2.032058,2.1403167,1.8072652,2.13995,1.6638526,1.6999665,1.9416823,1.7302945,1.7556816,1.6868888,2.1708286,1.6233492,1.6835166,1.5532109,2.179328,2.0478292,2.9424675,3.0993924,2.9938626,3.1895103,2.4461203,2.3878481,2.3982809,2.3790028,2.1048467,2.5109494,3.0508904,1.7666398,1.9727048,1.9565581,2.0171366,1.7758993,1.8102791,1.7279785,2.107849,1.7755433,2.9258418,2.6828482,2.5757387,2.747163,2.2258182,2.270883,2.0845199,1.8349627,2.0324244,2.0813105,2.0620122,2.1304526,1.9253434,1.707365,1.8517399,2.4948406,1.7328702,1.52314,1.8146976,1.6009594,1.3483831,1.6939298,1.7210544,2.1660662,2.2345407,2.333475,2.50233,2.365231,1.9970114,2.4242184,2.1788888,1.376406
28,2.1642473,2.1540494,2.2534215,2.588666,1.5943493,2.1341956,1.5111741,2.560475,1.9002446,2.091192,1.9583191,1.7651755,1.7633862,1.9086142,1.6371967,1.9193661,1.7761174,2.4854813,2.6742482,1.4066753,1.3534249,1.3789636,2.1428282,1.751851,2.492436,1.1292598,2.1727319,2.1324704,0.0,0.7591639,1.2176147,1.1985042,3.0185282,2.4556582,2.2345762,2.1183596,1.9313167,1.800216,1.9893079,1.7614669,2.1108377,2.1230004,2.007572,2.2364573,2.0513089,2.0840366,1.8253055,2.478292,1.6871698,1.7244046,2.0904996,2.1220422,2.373853,1.8220272,2.6666973,2.5954,2.2228217,2.6195252,3.2523715,2.525737,2.523246,2.6613424,2.6839342,2.7662945,2.58134,2.5191734,2.3720338,2.680851,2.4153767,2.4858327,2.3010118,2.6491933,2.3581448,2.0654542,2.5627005,2.5659983,3.0683236,2.8952622,2.4082358,2.9959197,3.2218587,3.1398482,3.1579146,3.1381075,2.7935395,3.105779,3.3192554,2.1001918,3.128816,3.1241221,3.0115893,2.5030065,2.9092543,2.859379,3.167147,2.922963,3.1499534,3.1116455,3.3335674,3.3688712,2.325212,2.3800516,2.7169213,1.6586608,2.4439394,2.403496,2.6109407,2.5580244,2.4683018,2.3496583,2.3474705,2.9982636,2.4173834,2.4139318,2.4258623,2.4663868,1.7591102,1.7541767,1.6189916,2.384179,2.3294544,2.4409623,2.5496147,2.4638126,2.7238815,3.0279663,3.0609121,2.1779768
29,2.176154,2.1723576,2.1193285,2.4953415,1.5621743,2.0973136,1.6057196,2.631129,1.9835469,2.1815748,2.0511754,1.8757299,1.5908977,1.8437306,1.6971375,1.9435365,1.9066732,2.5792096,2.7869122,1.6809263,1.4736979,1.4648013,1.9911953,1.7720816,2.6175544,1.0840907,2.2580452,2.2261949,0.7591639,0.0,1.2675933,1.2583122,3.508103,2.3139782,2.296464,2.157425,1.97336,1.8760153,2.0072963,1.7876467,2.1223805,2.1358685,2.0595448,2.3073475,2.0981853,2.1558914,1.888575,2.5050058,1.5258602,1.5514047,1.9549928,1.986095,2.069625,1.9055386,2.398486,2.326781,2.3914104,2.7837381,3.3821378,2.6678083,2.4132142,2.4056597,2.5757232,2.659628,2.788701,2.7141984,2.5443096,2.8617125,2.5913289,2.644058,2.4763472,2.8379555,2.2275782,2.1138961,2.6275537,2.6359634,3.1355908,2.9574974,2.464149,3.0278735,3.1730084,3.0807858,3.1075943,3.0845695,2.7333152,3.0598345,3.260473,2.2775183,3.039465,3.0358136,2.9458451,2.4307873,2.8017983,2.7638607,2.8744986,2.8282762,3.058446,3.029238,3.2316833,3.265917,2.1874835,2.2361047,2.5810924,1.739822,2.315714,2.2996933,2.473938,2.416804,2.309972,2.1925163,2.1762228,2.757661,2.267093,2.28183,2.293214,2.351977,1.5979054,1.5960115,1.3714072,2.2592978,2.2441332,2.357183,2.454389,2.3653896,2.6645021,2.963925,2.991545,2.080364
30,2.3708274,2.2859728,2.359453,2.6938736,1.52419,2.1151333,1.7542702,2.711232,2.0896502,2.1440628,2.1147072,1.8629916,1.948384,2.0676792,1.8124446,2.069396,2.0396857,2.7063727,2.6332603,1.8419056,1.8003019,1.7598553,2.174106,1.9149219,2.4739106,0.98823726,2.5286183,2.3058155,1.2176147,1.2675933,0.0,0.8160034,3.182924,2.4654832,2.1430087,2.2972577,2.0641394,1.9545012,2.1441784,1.9710183,2.3446412,2.3549893,2.372878,2.2780921,2.2084618,2.2258596,2.2586741,2.8404841,2.1950274,2.237788,2.1429033,2.1740081,2.4862428,2.2840831,2.9661934,2.932638,2.5319312,2.8352976,3.4514816,2.548695,2.7123718,2.8262446,2.868163,3.0152168,2.5571976,2.5923839,2.3922312,2.6581275,2.4176257,2.5042014,2.3024957,2.63793,2.1367588,1.9922123,2.5004764,2.5175323,3.08793,2.9980943,2.5495663,3.0730877,3.087223,3.0464911,3.050259,3.0209918,2.6242123,3.0092714,3.2341342,2.0392113,2.891775,2.887493,2.9205709,2.4013407,2.772046,2.7349167,2.991947,2.811739,3.4455688,3.2057862,3.416341,3.455651,2.2706578,2.2806137,2.7239537,1.8342415,2.5479448,2.5148225,2.578171,2.5579429,2.6106772,2.5204782,2.3635218,3.009472,2.6097474,2.5944562,2.572476,2.62963,1.6046506,2.080224,1.8193107,2.423631,2.2833123,2.4074478,2.4010718,2.3620431,2.7973878,3.00445,3.0213397,2.0988243
