,0,1,2,3,4,5,6,7,8,9,10,11,12,13,14,15,16,17,18,19,20,21,22,23,24,25,26,27,28,29,30,31,32,33,34,35,36,37,38,39,40,41,42,43,44,45,46,47,48,49,50,51,52,53,54,55,56,57,58,59,60,61,62,63,64,65,66,67,68,69,70,71,72,73,74,75,76,77,78,79,80,81,82,83,84,85,86,87,88,89,90,91,92,93,94,95,96,97,98,99,100,101,102,103,104,105,106,107,108,109,110,111,112,113,114,115,116,117,118,119,120,121,122,123,124,125,126,127
0,0.0,1.827182,2.0677512,1.5341471,2.42807,2.3492243,2.2653062,2.7075899,2.339352,2.4099455,2.6110427,2.5964897,2.6121888,2.5494812,2.8408625,2.5437844,2.797983,3.2957878,1.9072545,2.4154012,2.3598373,2.356258,2.3577108,1.6301957,3.0135865,3.2182083,2.3391998,2.3664358,3.14275,3.5589442,2.394757,2.4011438,2.3213162,2.7545443,2.415204,2.3825963,2.371633,2.3971334,2.1205578,2.4303927,2.7434769,3.0738513,2.9720612,3.2233574,2.9317632,2.8414507,2.6049023,2.8355613,2.803573,2.445419,2.4116588,2.5306258,2.6822236,2.6308503,3.02062,2.3486867,1.8221645,2.0010495,2.31466,2.3024235,2.9463463,2.8629036,2.747321,2.6409183,3.073809,3.3213477,3.493147,3.5559828,2.9755929,3.400435,2.9795766,2.9152277,4.061739,3.7027586,4.2146864,3.7302854,3.02928,3.002012,3.1241024,3.1414945,2.423473,3.0004625,2.9256208,2.9983819,2.7881749,2.3562825,2.3993406,2.549713,2.2687852,2.3380673,2.1148396,2.5500665,2.3189745,2.4421127,2.8812876,2.8351138,3.2142675,3.3965108,3.4218366,3.1601865,3.3728213,3.438275,3.5593843,3.7132096,1.9323612,2.1489503,2.8643546,2.5335956,3.2612808,3.2260125,3.1052387,3.2916584,1.9103638,1.8239115,3.0354874,3.5187478,2.974224,2.9599035,3.1475701,3.0255685,2.6169074,2.6486082,2.5995767,2.692265,3.3291066,3.1225698,3.0112982,2.9808009
1,1.827182,0.0,1.7832637,1.024305,2.1136143,1.9952439,2.4677596,2.8374443,2.664893,2.6070027,2.8650107,2.8659801,1.5149448,2.3107555,1.8930727,1.9087362,2.3309803,2.9476132,2.5466743,2.0614772,1.9106057,1.9131486,1.9104067,0.9464076,3.172267,3.1207356,3.0299935,3.1477542,3.2138505,3.54884,2.7695408,2.732917,2.0892081,2.704938,2.523139,2.3056033,2.2226212,2.2242975,2.3785737,2.3245609,2.8662188,3.3668127,3.109055,3.394848,2.8961272,2.8720405,2.6254177,3.0272465,2.880036,2.5691082,2.534947,2.6842167,2.4985044,2.3959088,2.791148,2.4608278,2.1190357,2.2085545,1.1187932,1.7536587,2.756233,2.6781824,1.9846797,2.351434,2.8381195,3.0830345,3.3412373,3.319559,2.7630596,3.209407,2.7171385,2.6010222,3.8409314,3.4209664,3.9968705,3.4909284,2.7016835,2.6848054,2.8600628,2.8636494,2.737372,2.7524269,2.7411551,3.1232076,3.184597,2.9750586,2.8319616,2.9806685,2.4339154,2.4205072,2.2464113,2.6682718,1.9485269,2.5317357,2.8576133,2.858717,2.8635194,2.6637723,2.90735,2.5574768,2.9050412,2.8014052,3.2961113,3.412495,1.7334,2.1786335,3.022926,2.6516426,2.5023456,2.4359865,2.6877735,2.5389864,1.7899872,1.7367396,2.1751106,2.803568,2.149223,2.1734202,2.372517,2.2109864,2.2579136,2.2520807,2.2906063,2.3030329,2.5180619,2.2687051,2.374203,2.5312269
2,2.0677512,1.7832637,0.0,1.5142341,2.3065424,2.2105763,2.5450432,2.6892896,2.6671767,2.639969,2.7940753,2.7947965,2.2438686,2.3117533,2.5611563,2.2888808,2.6258004,2.4473715,2.8118453,2.3950202,2.1793206,2.1975534,2.356068,1.7117742,3.0594816,3.0830674,2.8967888,3.0349588,3.009747,3.2686036,2.4942923,2.4025888,2.311856,2.7349293,2.7999804,2.5895846,2.3844085,2.3607898,2.547107,2.46669,2.7470832,3.2336872,3.0180607,2.6475403,2.9493024,2.8557825,2.6634147,2.862062,2.619048,2.5073974,2.2506628,2.4716194,2.659324,2.6198933,2.1772394,2.3499053,2.130086,2.1065168,2.1412172,2.4454017,2.8465116,2.801821,2.6649787,2.5106134,3.1192896,3.3616242,3.633016,3.664759,3.0389352,3.561963,2.9938319,2.9451752,3.6304107,3.3066788,4.1722264,3.7064009,3.1127796,3.0630867,3.2254364,3.231602,2.8211677,2.8854003,2.8890944,3.2017238,3.2607372,2.935359,3.0105953,3.0910196,2.2607167,2.249946,2.0735092,2.5288076,2.1988938,2.3457832,2.8597043,2.8518884,2.8001828,2.7628875,3.1349874,2.8144789,2.92189,2.9088986,3.2506177,3.3590052,1.7745038,1.3739076,2.6766994,2.6416934,2.4809527,2.4228868,2.6445808,2.5571675,1.9486228,1.955473,2.374017,2.9967232,2.4266567,2.4274085,2.5882454,2.4600677,2.5307827,2.5076745,2.589623,2.5693164,2.6572428,2.4738843,2.4800334,2.6651833
3,1.5341471,1.024305,1.5142341,0.0,1.9090265,1.8464922,2.2961755,2.5001032,2.3442192,2.36561,2.5542367,2.5466278,1.7996911,1.8054861,2.1940382,1.7134227,2.2824388,2.8340352,2.436763,2.0349321,1.8557233,1.9256682,1.8471669,0.6430782,2.7086165,2.7793922,2.6026008,2.727258,2.8231196,3.142143,2.1877997,2.1073534,1.9570256,2.5656683,2.3783932,2.1178653,2.0865996,2.0986514,2.223848,2.169831,2.6037927,3.0878997,2.8892617,3.1714265,2.776565,2.7425578,2.5463786,2.7205005,2.5104563,2.1954565,1.9691883,2.296136,2.3523138,2.3265707,2.7088215,2.0158024,1.6890697,1.7609147,1.5839466,1.9953035,2.6783638,2.6129851,2.3607557,2.3207192,2.5125916,2.808179,2.9723377,3.0386217,2.3743122,2.9661753,2.3135583,2.2625804,3.558637,3.1194792,3.7543385,3.202162,2.2873075,2.2931077,2.4264255,2.4262638,2.494725,2.505229,2.5552719,2.8614028,2.9399366,2.5831828,2.6381543,2.7667885,1.8377875,1.8121592,1.6179551,2.2534263,1.9361429,2.0540786,2.5869064,2.5723598,2.5514526,2.5772521,2.8277564,2.5346847,2.7263732,2.6372135,3.0851238,3.1922824,1.3807328,1.937316,2.5306063,2.4589443,2.3804145,2.30181,2.5814588,2.4549828,1.6501824,1.6027864,2.105023,2.8118203,2.1218126,2.1456666,2.3655033,2.1941893,2.136045,2.1480951,2.1792257,2.1824722,2.3444238,2.1552193,2.3149323,2.4955044
4,2.42807,2.1136143,2.3065424,1.9090265,0.0,0.64360774,1.3876965,1.9299533,1.4163426,1.5397348,1.9699833,1.9669181,2.0229557,2.0449562,1.3959882,2.0296469,1.6011677,2.4513185,1.7764766,1.1655504,0.99861866,1.0915372,0.86954427,2.0864768,2.107975,2.3484633,2.1035657,2.2609203,2.2126498,2.695452,2.7849786,2.5041318,0.695982,1.9081315,1.496431,1.0577728,1.1633004,1.0413023,1.2087244,1.5387254,1.8437078,2.623718,2.3964248,2.6660573,2.176885,2.1733646,1.8839098,2.257664,1.924099,1.7509787,2.2401369,1.7744876,1.6599796,1.6736329,2.0982456,0.8958975,2.52382,2.5836458,1.7743394,2.381334,2.0575948,1.952761,1.3718847,1.3039042,2.1078272,2.0987673,3.0076427,3.093646,2.2496016,2.8657098,2.2028573,2.1669607,3.143968,2.5460122,3.871343,3.9229198,2.1906059,2.156133,2.319233,2.3272746,2.6442518,2.656162,3.0032747,3.2471335,3.7298102,3.1383598,2.7708907,3.0615644,1.9634441,2.1568804,2.232116,1.8194667,2.3173623,2.226996,1.2813193,1.2623733,3.0743062,2.2219203,3.190486,2.1111822,2.3657541,2.3339345,2.7434914,2.8639867,1.9699291,2.4128554,3.174771,3.0701885,2.618945,2.8950462,2.9550848,2.9158468,2.3893318,2.3397365,2.6079316,2.0754385,2.7011747,2.723934,2.364192,2.5780473,2.9420025,2.9405513,2.9963539,2.9858017,3.1707094,3.0037584,2.7861404,2.9419737
5,2.3492243,1.9952439,2.2105763,1.8464922,0.64360774,0.0,1.2824252,1.6449525,1.3192313,1.4036673,1.5551952,1.5570297,1.6834955,1.6989009,1.1928,1.5951697,1.3634275,2.2155433,1.6335657,0.8277177,0.71080714,0.7987122,0.5877331,1.9484029,2.0987198,2.075864,1.8400089,2.021042,1.9138092,2.4902713,2.5406628,2.233985,0.35365614,1.6620657,1.3432895,0.87126625,0.75436676,0.7151543,1.1598852,0.9979448,1.5933516,2.2361307,1.9260557,2.2689083,1.7284572,1.6986064,1.4505408,1.8006439,1.7986062,1.2956614,1.9337666,1.3546432,1.2230881,1.1182601,1.7606484,0.87467813,2.1577833,2.2241588,1.5497009,2.236839,1.8015755,1.7033434,1.2271122,1.143777,1.9316702,1.9104446,2.8837478,2.9571161,2.1025748,2.7323577,2.052333,2.062638,2.7824707,2.1569269,3.5378256,3.5947292,2.06393,2.0080528,2.2102194,2.218117,2.6251183,2.6185915,2.8526113,3.080766,3.5635812,3.0983634,2.7403815,2.8293502,1.860781,2.0619445,2.099824,1.6334554,2.0724137,2.1153648,1.2284522,1.2239625,2.9300237,2.0800326,3.1102452,1.9596355,2.1991944,2.168108,2.6013007,2.8003354,1.8528178,2.2922063,3.004397,2.9505212,2.404124,2.6915202,2.7516956,2.7596102,2.1775227,2.1192133,2.3985322,1.899943,2.461056,2.485224,2.1038792,2.3321638,2.7718067,2.7760775,2.784244,2.8352554,3.006299,2.8198867,2.5400267,2.7030542
6,2.2653062,2.4677596,2.5450432,2.2961755,1.3876965,1.2824252,0.0,1.8700851,1.174627,1.0374324,1.5247977,1.536849,2.5921092,2.4858963,2.1907651,2.3888605,1.9240928,2.4548917,1.844945,1.3105484,1.1514506,1.1302987,1.1468079,2.2461529,2.2439535,2.3518755,1.9558759,1.9727333,2.0084877,2.5597134,2.9143574,2.3551004,1.245684,1.7591804,0.8976913,1.0625144,1.2410868,1.2146842,0.94571024,1.6320689,1.6974659,2.6546931,2.0421321,2.3995123,1.9173213,1.8762461,1.6861765,1.9378741,1.6339562,1.6857196,2.178289,1.6960192,1.7566593,1.692974,2.2123082,1.3385383,2.0750573,2.1003368,2.4225416,2.7527392,2.2825468,2.207357,1.8160074,1.2672596,2.4651327,2.4469216,3.4260085,3.505956,2.6086895,3.20523,2.596048,2.6061957,3.3183074,2.7410696,4.004203,4.069029,2.7304254,2.6552465,2.8043063,2.813074,2.5426378,3.02845,3.0318708,3.1967304,3.7261193,3.2211542,2.9005265,3.0063057,2.2059722,2.4643383,2.4317205,1.932481,2.3467813,2.2482207,1.5334241,1.5147758,2.9321818,2.5196586,3.3483398,2.2406166,2.353235,2.7573185,2.538689,2.6085865,1.8961675,2.1671164,3.0236819,2.667999,2.615906,2.9152458,2.5069191,2.967812,2.556386,2.4940355,2.8362179,2.3475876,2.8852587,2.8885984,2.5622795,2.769342,3.2971146,3.3135977,3.3061905,3.3616529,3.340155,3.2170131,2.6478467,2.5882406
7,2.7075899,2.8374443,2.6892896,2.5001032,1.9299533,1.6449525,1.8700851,0.0,1.7929766,1.7030168,2.1013181,2.1134706,2.7853878,2.3899329,2.3995836,2.2221105,1.4276183,2.9548237,2.1001198,1.3866256,1.7377081,1.784217,1.7547596,2.5140824,2.3501515,2.4215672,2.2399423,2.414948,2.2949796,2.7325728,2.81021,2.612464,1.6692709,1.0009681,1.9941472,1.7919242,1.3835435,1.5143911,1.7325883,1.8209503,1.1209595,1.9646597,1.5348564,2.0132177,1.7182058,1.5096416,1.2576723,1.4520067,1.8083664,1.8485664,2.4266574,1.9177607,2.1536217,2.0735013,2.6115813,1.6796327,2.279769,2.3379903,2.4739144,2.4966047,1.180024,1.2127445,2.3002293,1.5947315,1.3425112,1.371284,2.208479,2.2986312,1.5903264,2.281105,1.5815228,1.9634676,2.0212476,1.7458069,2.727866,2.7958944,1.7569906,1.649089,1.9874245,2.0022979,2.925696,2.9863613,2.9857688,3.2306683,3.7831116,3.1406116,3.0312016,3.0220437,1.5037591,1.7160338,1.691681,0.9625375,1.9230678,1.5066413,1.2618345,1.2550633,2.7308116,1.9655603,3.0010614,1.9725666,1.9867691,2.029444,2.265905,2.786418,2.0279286,2.2685483,2.4189649,2.5790052,2.0490742,2.4031003,2.4061167,2.5094252,2.1074162,2.0637364,2.3499522,1.9485674,2.343247,2.3576334,2.0118697,2.2366457,2.6207001,2.6364236,2.4754636,2.7212741,3.0303433,2.7570026,2.2819097,2.4441395
8,2.339352,2.664893,2.6671767,2.3442192,1.4163426,1.3192313,1.174627,1.7929766,0.0,0.6264326,1.2208201,1.2287719,2.7396922,2.4384065,2.3938928,2.4286385,1.9525199,2.8415906,1.8328643,1.4136317,1.4296293,1.3903254,1.3407586,2.318592,2.5463233,2.739041,1.8677801,1.9178923,2.215279,3.0957189,2.9144785,2.2998278,1.2199156,2.0422556,1.1704732,1.228825,1.4460603,1.3481025,0.9963058,1.6213055,1.7463232,2.6557992,2.1906362,2.5691452,2.1927757,2.086659,1.8439999,2.0332394,1.904917,1.6133937,2.2680862,1.7780488,1.6505167,1.5685601,2.3952384,1.2023108,2.1668766,2.2862678,2.543298,2.8809335,2.1547284,2.0932052,2.0890145,1.7027568,2.3543098,2.3410993,3.2471552,3.2851439,2.5512602,3.0582047,2.4941897,2.5321512,3.3017635,2.7670562,3.9445887,3.9787416,2.5445201,2.5029883,2.726845,2.732592,2.846054,3.0384665,3.5031157,3.6688697,3.8021114,3.1797383,2.7683752,3.15991,2.0500007,2.2843733,2.2683642,1.7604148,2.5749373,2.2809,1.3899221,1.380344,2.9392583,2.514271,3.581576,2.2028534,2.1525335,2.3771865,2.3553426,2.6127207,2.2935383,2.5751615,3.4579985,3.3002384,2.9111993,3.1646543,2.8665156,3.1873019,2.625704,2.570186,2.9169228,2.4570677,2.9162865,2.914575,2.6166282,2.8128026,3.287593,3.3086553,3.2101054,3.3648233,3.436381,3.2726452,2.85639,2.8320956
9,2.4099455,2.6070027,2.639969,2.36561,1.5397348,1.4036673,1.0374324,1.7030168,0.6264326,0.0,1.3931963,1.4104257,2.7525468,2.5497174,2.3971667,2.381519,1.8895843,2.745428,2.0232582,1.3974471,1.4251397,1.35722,1.3928372,2.300205,2.6063542,2.7639275,2.168671,2.22995,2.1798158,3.0656662,2.9470358,2.4402454,1.2980909,1.8073902,1.2634864,1.3348583,1.3365138,1.2408085,1.1604234,1.750993,1.6353743,2.6831446,2.0956206,2.5404367,2.1413465,2.0199058,1.7542626,2.0057907,1.618555,1.7108207,2.3041701,1.8697355,1.703498,1.6322078,2.475615,1.3655413,2.0484185,2.1650088,2.5042846,2.894883,2.1867564,2.140729,2.0092664,1.4003028,2.197116,2.2014053,3.2141721,3.200256,2.3914075,2.9596949,2.345188,2.3428085,3.2344112,2.6881945,3.8886194,3.854147,2.5124173,2.4570422,2.6888041,2.6961875,2.6525228,2.9658132,3.3931825,3.6145,3.8646255,3.2482166,2.7915955,3.1592178,2.1184375,2.337049,2.273427,1.754708,2.4300852,2.1519473,1.3974526,1.407033,2.866625,2.3976488,3.5370817,2.1078546,1.979488,2.2818513,2.190902,2.3533986,2.0706205,2.3764286,3.297494,3.0487392,2.6077905,2.891658,2.5737922,2.8774753,2.59204,2.5363739,2.7924273,2.350613,2.7791388,2.7706888,2.482731,2.6762853,3.2025206,3.220607,3.142828,3.278485,3.2848625,3.1364148,2.6010177,2.5887449
10,2.6110427,2.8650107,2.7940753,2.5542367,1.9699833,1.5551952,1.5247977,2.1013181,1.2208201,1.3931963,0.0,0.060853172,2.5110836,1.9887928,2.521042,2.0567174,2.2251344,2.3825552,2.121582,1.7559683,1.6607219,1.6404647,1.6210992,2.514907,2.6323526,2.3022873,1.5375805,1.5698904,1.7374723,2.6735501,2.6031435,1.880265,1.5449607,2.328536,1.4467777,1.4630238,1.6041733,1.6249835,1.6927831,1.231448,2.0776582,2.4104514,1.8947352,2.2383366,1.945056,1.8698405,1.9221293,1.723771,2.150746,0.989228,1.7658337,1.1530563,1.1693629,1.0014784,1.9123243,1.5252752,1.8387702,1.9077529,2.7034504,3.1421158,2.5601857,2.5088842,2.4216242,2.0758986,2.6735861,2.622539,3.502836,3.553134,2.8150115,3.3138049,2.769087,2.7896988,3.0678222,2.4485495,3.7794774,3.8765109,2.8117726,2.7713447,2.9198244,2.9226162,2.9739077,3.166498,3.3568544,3.3907797,3.655055,3.364115,3.018547,2.900426,2.3724756,2.577912,2.5572927,2.1356833,2.7634537,2.6291926,1.9713327,1.962781,3.1297998,2.7923086,3.769367,2.566046,2.502167,2.7594705,2.6800985,2.8653936,2.4791362,2.7313886,3.4087608,3.4362931,3.0514383,3.2961557,3.016727,3.3523576,2.8220828,2.771278,3.057912,2.707555,3.0803037,3.086766,2.7799659,2.9715848,3.4741728,3.503462,3.4392793,3.55121,3.5303621,3.4058611,2.9846504,2.9712076
11,2.5964897,2.8659801,2.7947965,2.5466278,1.9669181,1.5570297,1.536849,2.1134706,1.2287719,1.4104257,0.060853172,0.0,2.5023553,1.9640585,2.5214856,2.0510445,2.2425144,2.3837814,2.1028397,1.7781496,1.6804546,1.6641462,1.6344821,2.5175533,2.6335378,2.3042443,1.5057852,1.5376592,1.7308874,2.671288,2.571754,1.8710155,1.5481653,2.3375738,1.4668435,1.4705375,1.6107883,1.6299152,1.7056087,1.227534,2.0881052,2.392567,1.9022045,2.2463489,1.9450109,1.8750807,1.933571,1.7257367,2.1558902,0.974433,1.7532789,1.1382469,1.1584328,1.0004356,1.9141328,1.5168942,1.8377854,1.9103428,2.703636,3.1424122,2.5826218,2.529503,2.436157,2.0865424,2.677349,2.627442,3.5034747,3.5563116,2.8129098,3.307152,2.7684581,2.784744,3.0755439,2.4506338,3.77834,3.876922,2.8125212,2.774959,2.9176664,2.9210544,2.9509735,3.1587515,3.3549368,3.3775742,3.6338823,3.3447127,2.996885,2.8774824,2.3730447,2.5772178,2.559093,2.143532,2.767601,2.6305187,1.987207,1.9761565,3.1529381,2.8150067,3.7879624,2.6019182,2.5335147,2.7858143,2.7078528,2.8893378,2.4723837,2.7341766,3.4062607,3.443747,3.0741553,3.316793,3.0466492,3.369542,2.8268921,2.7763386,3.082233,2.7403584,3.1062381,3.1129816,2.810658,2.998904,3.4757612,3.5052245,3.4453845,3.5520692,3.553292,3.42723,3.012859,3.0042396
12,2.6121888,1.5149448,2.2438686,1.7996911,2.0229557,1.6834955,2.5921092,2.7853878,2.7396922,2.7525468,2.5110836,2.5023553,0.0,1.5756216,1.2080101,1.292564,2.2071242,2.3814392,2.4247975,2.0431426,1.8630552,1.9210724,1.8456643,1.9384141,3.0205188,2.668416,2.6369631,2.8200932,2.6056607,3.021916,2.388979,2.5761392,1.8609377,2.612118,2.6599638,2.2516468,1.962813,1.992459,2.6008248,1.7801557,2.8074956,2.7605164,2.7185817,2.9760447,2.4263504,2.4691439,2.382611,2.6555982,2.7949975,2.078969,2.1808796,2.140279,1.8762672,1.707761,2.1242628,2.3033628,2.389877,2.4782162,1.0033159,2.0332694,2.7816217,2.6928706,1.8268262,2.2554553,2.7082958,2.8063557,3.3202925,3.3350766,2.6871877,3.2180147,2.6422744,2.5454223,3.2234015,2.6882484,3.7280033,3.468652,2.6508791,2.6361158,2.7360895,2.743886,2.8332784,2.6911333,2.804803,2.991916,3.250427,3.2858183,2.9320972,2.7374592,2.669279,2.7025375,2.6720288,2.719986,2.214716,2.818311,2.7805107,2.779842,3.4168427,2.7768471,3.4802766,2.8271987,3.1067646,2.8860445,3.571974,3.6273339,2.148296,2.6486368,3.2717395,3.2754161,2.7629619,2.863266,3.2715235,2.9474013,2.2910163,2.253033,2.5910718,2.7615802,2.641618,2.6846805,2.5734534,2.5974913,2.6924329,2.6825402,2.7940972,2.7312016,2.9819756,2.8414137,2.8815756,3.158202
13,2.5494812,2.3107555,2.3117533,1.8054861,2.0449562,1.6989009,2.4858963,2.3899329,2.4384065,2.5497174,1.9887928,1.9640585,1.5756216,0.0,2.0866702,1.0226133,2.3891435,2.2953014,2.390842,2.195678,2.0396588,2.1647563,1.9997665,2.1233425,2.3963773,1.9733782,1.9695283,2.1930618,1.9428363,2.3171835,1.5749146,1.7704728,1.83406,2.5538208,2.519886,2.0564358,1.8575671,1.9459308,2.5215816,1.5017661,2.4559615,2.1707644,2.269469,2.5743585,2.2167158,2.230307,2.289748,2.0632787,2.3924103,1.301668,1.3133007,1.3258102,1.6355333,1.6311876,2.0606117,1.7440922,1.9269474,1.9598578,2.0101695,2.747563,2.7964034,2.7312367,2.5753613,2.3599658,2.3410993,2.4533138,2.9707358,3.1307971,2.2759883,2.9402308,2.2269511,2.229531,2.7708426,2.1274593,3.3543026,3.1790218,2.2012897,2.2071989,2.2211227,2.2241738,2.7408285,2.685546,2.684752,2.7081494,3.1873825,3.022621,2.9770138,2.5399299,2.1312718,2.1932805,2.1940188,2.2779913,2.490852,2.4779484,2.4719107,2.4506226,3.3096542,2.8676634,3.4735427,2.9692266,3.033465,2.847859,3.394623,3.5020711,2.0810363,2.6489606,2.7298472,3.2038784,2.817736,2.919706,3.3009157,3.0796597,2.386803,2.340368,2.7279313,2.9032505,2.7917364,2.8217688,2.7125986,2.750608,2.694093,2.7147467,2.790291,2.7451577,3.0457823,2.9394426,2.9543312,3.2328188
14,2.8408625,1.8930727,2.5611563,2.1940382,1.3959882,1.1928,2.1907651,2.3995836,2.3938928,2.3971667,2.521042,2.5214856,1.2080101,2.0866702,0.0,1.8054051,1.7717457,2.5399344,2.0466702,1.512269,1.4450139,1.5031258,1.3870103,2.3145652,2.6628351,2.586289,2.5964582,2.7999995,2.563199,2.9524791,2.9213336,2.9661436,1.3125075,2.1508317,2.273496,1.8162361,1.4691364,1.4517142,2.058927,1.6588764,2.3118193,2.605564,2.513161,2.8383083,2.1833825,2.2144637,1.9486965,2.5032904,2.4823143,2.1471434,2.5890145,2.1708193,1.8751044,1.7032679,2.1623428,1.9286093,2.8504226,2.937188,1.0053643,2.08762,2.2276223,2.11657,0.9295615,1.6185424,2.340651,2.3144076,3.1862519,3.2268066,2.485707,3.051939,2.4465475,2.3982387,3.0982385,2.5489473,3.819693,3.8214142,2.4611418,2.4015143,2.5698524,2.5819993,2.9579234,2.805843,3.033436,3.3001914,3.7681577,3.5022984,3.0571008,3.104132,2.6129744,2.741425,2.7718163,2.4304526,2.272878,2.7420719,2.0800726,2.0881855,3.5242898,2.509087,3.4259937,2.4659224,2.871883,2.6245968,3.3645232,3.4764462,2.3133578,2.800803,3.4650805,3.335101,2.7290208,2.98981,3.3025577,3.0625794,2.4637282,2.4047337,2.6834738,2.2405105,2.7334332,2.7699056,2.4219744,2.6173332,2.906548,2.8890803,2.9615307,2.956195,3.245986,3.0800729,2.9509535,3.2061121
15,2.5437844,1.9087362,2.2888808,1.7134227,2.0296469,1.5951697,2.3888605,2.2221105,2.4286385,2.381519,2.0567174,2.0510445,1.292564,1.0226133,1.8054051,0.0,1.9634678,2.2269142,2.4478595,1.8670025,1.7975084,1.859907,1.7592733,1.8507872,2.4892516,1.8898587,2.3112578,2.525635,2.090338,2.4650571,2.017669,2.117832,1.7098887,2.31351,2.3665626,1.925573,1.6221452,1.7414384,2.4398828,1.47496,2.3199625,2.2933252,2.1048598,2.5705218,2.1310248,2.0960197,2.096641,2.0590644,2.4267547,1.4330117,1.619328,1.5131942,1.5671644,1.5092063,2.1177225,1.8610958,1.731578,1.7874116,1.6002797,2.438075,2.5077107,2.4522896,2.1792896,2.077121,2.0762656,2.2018538,2.7748837,2.715698,2.026733,2.669876,1.9867164,1.7782592,2.666369,2.0402727,3.076569,2.7490487,1.97379,1.9686646,2.1324284,2.1340017,2.7168481,2.6107268,2.4421573,2.6704285,3.3231506,3.1857843,3.0479107,2.5745156,2.154969,2.163345,2.1098669,2.2025506,2.175664,2.3380954,2.3442707,2.3473248,3.0727313,2.46889,3.0598474,2.511145,2.7061405,2.448363,3.0994008,3.2499237,1.9146565,2.5145006,2.6106136,2.9193733,2.3449967,2.4597697,2.8701236,2.461228,2.1187983,2.0627575,2.241505,2.4734824,2.2690544,2.2949848,2.1968513,2.2255347,2.3663898,2.3955204,2.4234781,2.4257042,2.654298,2.4661973,2.4365754,2.7387986
16,2.797983,2.3309803,2.6258004,2.2824388,1.6011677,1.3634275,1.9240928,1.4276183,1.9525199,1.8895843,2.2251344,2.2425144,2.2071242,2.3891435,1.7717457,1.9634678,0.0,2.484716,2.2085307,0.8780002,1.2078915,1.1977206,1.2801468,2.2284892,2.5112755,2.414098,2.4839475,2.645104,2.461001,2.8921897,3.0840712,2.7890875,1.4361862,1.2964088,1.8913999,1.6498148,1.4649282,1.566666,1.7948025,1.8476801,2.0770004,2.7710488,2.3235338,2.7022474,2.315961,2.2029595,1.921775,2.3296053,2.302987,1.9586487,2.4808388,2.045974,1.9887025,1.8667003,2.4113488,1.7626362,2.4846826,2.56854,1.9081775,1.8645655,1.4867928,1.4893483,1.6037425,1.5606711,1.6030211,1.5909489,2.0740297,2.023407,1.7179458,2.424999,1.6957976,1.9566208,2.1373868,1.8808582,2.967312,2.951545,1.7363807,1.6300396,1.8973094,1.906539,2.7601216,2.3793344,2.4651353,2.8475125,3.4547443,3.012503,2.673608,2.732995,1.6834124,1.7953068,1.8404675,1.4187813,1.752165,1.7663965,1.4360745,1.4380149,2.5796292,1.5089045,2.6830633,1.2840551,1.77921,1.7201873,2.2871473,2.4120035,2.1102853,2.3592076,2.752487,2.6823237,1.9116647,2.3041456,2.3940363,2.2415736,1.9189065,1.9066834,1.8632358,1.3357737,1.9714922,2.0113509,1.5289205,1.8121711,2.5191505,2.521096,2.572318,2.5746205,2.6003265,2.3375115,2.0933597,2.2754517
17,3.2957878,2.9476132,2.4473715,2.8340352,2.4513185,2.2155433,2.4548917,2.9548237,2.8415906,2.745428,2.3825552,2.3837814,2.3814392,2.2953014,2.5399344,2.2269142,2.484716,0.0,3.0278883,2.4478977,2.2027678,2.1740458,2.389497,2.9714284,2.959462,2.30916,2.6978285,2.829802,2.3124268,2.5289679,2.9058566,2.7952926,2.2584593,2.6470354,2.6654747,2.4102542,2.3154407,2.361883,2.8315432,2.2740977,3.1394908,3.2596505,2.9599419,2.6673403,2.9646044,2.9266028,2.9333906,2.922214,2.7130873,2.0097587,2.192338,1.823143,2.0974486,2.1015823,1.4145781,2.2681096,2.649269,2.6001875,2.7418604,3.2895124,3.3898206,3.3552604,2.5974567,2.3374317,3.1835928,3.1643367,3.7636619,3.794451,3.112914,3.6694052,3.1237047,3.050737,3.0040119,2.4972827,4.1187077,4.185421,3.3395338,3.2466104,3.2201686,3.2313552,2.5939395,2.6542203,2.3798933,2.4929852,3.3890781,3.3291154,3.1022997,2.5749822,2.8401017,2.9220667,2.9776046,2.7802513,2.814648,2.9037328,2.7414315,2.72379,3.5568655,2.924679,3.616203,2.9590194,3.0493243,3.1927302,3.353229,2.9204302,2.5511029,2.4107788,3.0714438,3.2553253,2.8699691,3.1110935,3.2200387,3.034226,2.8968701,2.9094722,2.9709244,2.8008199,3.1549227,3.1526089,2.8568628,3.0143864,3.4068286,3.4045832,3.7433636,3.4097896,3.3692818,3.258169,3.0064292,3.194962
18,1.9072545,2.5466743,2.8118453,2.436763,1.7764766,1.6335657,1.844945,2.1001198,1.8328643,2.0232582,2.121582,2.1028397,2.4247975,2.390842,2.0466702,2.4478595,2.2085307,3.0278883,0.0,1.7985855,1.918211,1.9306375,1.8551636,2.6029038,2.4592144,2.7367854,1.5265919,1.6637516,2.4911506,3.0650573,2.5481582,2.663441,1.5189747,2.0730016,2.003377,1.7966106,1.5457772,1.5763263,1.5106452,1.6922287,2.0492496,2.0855455,2.2418282,2.6301663,2.165081,2.0753639,1.745653,2.2030985,2.3984625,1.9293277,2.4959667,1.9480896,2.0555434,1.9087847,2.5027854,1.7207431,2.5642369,2.7578936,2.1498728,2.3616078,2.2706056,2.1452746,1.9511014,1.9286343,2.513532,2.512418,3.2119172,3.3083997,2.6303937,3.1453571,2.655186,2.6512985,3.3426585,2.9242742,3.980031,3.947481,2.7265158,2.6556592,2.7947152,2.8252368,2.5722528,3.0181484,3.1692228,3.1380618,3.3047676,2.8133278,2.4261925,2.5092883,2.374386,2.5923936,2.5765784,2.1750689,2.4723964,2.5689795,1.985881,1.9195973,3.8285832,3.2772634,3.8506734,3.006504,3.318256,3.2465181,3.5927854,3.7765796,2.4596763,2.7844048,3.3451965,3.2102964,3.4809139,3.7086267,3.6509964,3.7244797,2.3998861,2.2994823,3.4119437,3.0620446,3.3856502,3.3824112,3.1499162,3.300946,3.0833056,3.104136,3.0681286,3.169523,3.9294775,3.7550015,3.471266,3.5304766
19,2.4154012,2.0614772,2.3950202,2.0349321,1.1655504,0.8277177,1.3105484,1.3866256,1.4136317,1.3974471,1.7559683,1.7781496,2.0431426,2.195678,1.512269,1.8670025,0.8780002,2.4478977,1.7985855,0.0,0.5900851,0.55434805,0.63654554,1.9440272,2.2569337,2.232793,2.1450598,2.2894852,2.2350917,2.7318797,2.9468646,2.47943,0.8408834,1.3795397,1.2240828,1.020021,0.96086764,1.0415285,1.0697721,1.3344958,1.6351895,2.5273936,1.9866124,2.410043,1.9176152,1.8024658,1.447727,1.9420623,1.969146,1.5989282,2.247692,1.7076262,1.6527542,1.4447397,2.1138384,1.3306375,2.188469,2.254498,1.691411,2.0443013,1.3561496,1.2996544,1.1714348,1.1863873,1.7993615,1.7862195,2.606337,2.660562,2.013824,2.6511722,1.9679822,2.150646,2.5991836,2.166637,3.3459184,3.3887424,1.9580088,1.8466063,2.1279588,2.1329086,2.7933586,2.687025,2.712676,3.0551639,3.5654728,3.052258,2.7794318,2.877995,1.7297488,1.9371698,1.919114,1.4116193,1.8279768,1.9102545,1.0985652,1.1144265,2.615699,1.7435633,2.7533762,1.3466055,1.8210678,1.8763515,2.2653377,2.529173,1.9659779,2.263715,2.899605,2.707559,2.0980134,2.4346154,2.345601,2.530324,1.9503711,1.8885382,2.030215,1.4360158,2.059697,2.0841067,1.6439713,1.9188813,2.6147125,2.6208565,2.5809298,2.6932619,2.736182,2.5002408,2.136679,2.2213213
20,2.3598373,1.9106057,2.1793206,1.8557233,0.99861866,0.71080714,1.1514506,1.7377081,1.4296293,1.4251397,1.6607219,1.6804546,1.8630552,2.0396588,1.4450139,1.7975084,1.2078915,2.2027678,1.918211,0.5900851,0.0,0.27035064,0.46797517,1.8046136,2.1128392,2.1509097,2.1218102,2.2459188,1.9974548,2.496569,2.7752545,2.1844227,0.8285173,1.6930273,1.2176428,1.03273,1.0242968,1.0451348,1.1554794,1.3322513,1.8277909,2.6823945,2.1407654,2.4403954,2.0054913,1.9431838,1.6471207,2.0618098,1.8336695,1.5477666,1.9462167,1.6059312,1.5793442,1.382544,1.8901258,1.266658,2.111799,2.142185,1.6698229,2.1071682,1.7701446,1.6957319,1.1870425,1.2520158,2.1091633,2.1261585,2.919947,2.985766,2.2700334,3.019282,2.211697,2.3089056,2.8486245,2.3542538,3.6971264,3.6210876,2.1894953,2.109326,2.3129392,2.3127618,2.7426639,2.6904132,2.702345,3.0180807,3.556746,3.1145043,2.8239896,2.9128242,1.8917845,2.0873249,2.0513823,1.719939,1.9769474,2.063807,1.3790653,1.3905605,2.6589293,1.9495789,2.9193103,1.5481747,2.0123873,2.1266925,2.4761455,2.5762887,1.8583914,2.147392,2.9429662,2.7208073,2.1670704,2.4796777,2.3608923,2.5806882,2.093816,2.0364501,2.1250875,1.6624699,2.2024474,2.2367485,1.8489525,2.0785823,2.7776227,2.7772813,2.78298,2.8380985,2.64927,2.563203,2.245102,2.316523
21,2.356258,1.9131486,2.1975534,1.9256682,1.0915372,0.7987122,1.1302987,1.784217,1.3903254,1.35722,1.6404647,1.6641462,1.9210724,2.1647563,1.5031258,1.859907,1.1977206,2.1740458,1.9306375,0.55434805,0.27035064,0.0,0.5199635,1.826674,2.2661762,2.2324648,2.1583815,2.272395,2.121112,2.6499193,2.8954656,2.3124633,0.8500359,1.701585,1.1445855,1.0155281,1.0679,1.0776774,1.1165013,1.3668442,1.8774099,2.7547858,2.1712573,2.4592109,2.0633616,1.9831136,1.6834422,2.1182153,1.9381961,1.5902869,2.0746768,1.6588513,1.5755086,1.3599837,1.8842994,1.3321359,2.0989761,2.1421964,1.69648,2.1545153,1.8070464,1.7394897,1.1320333,1.2357312,2.1815443,2.1882725,2.9904745,3.0204844,2.34085,3.0052526,2.2878897,2.351018,2.9153912,2.4247103,3.7148657,3.6739583,2.301141,2.2085745,2.4302082,2.4316683,2.7284062,2.6755695,2.719136,3.0536194,3.5379853,3.1122127,2.7968075,2.90067,1.9501998,2.1403813,2.1068068,1.7436872,1.9721348,2.1034737,1.3917112,1.4072077,2.625886,1.9307609,2.8930504,1.5012053,1.946294,2.086132,2.388298,2.4796362,1.9171801,2.1524322,3.0176277,2.75391,2.189295,2.4922824,2.3340528,2.5626924,2.0890577,2.0345173,2.1199493,1.6421702,2.1819322,2.2040584,1.8161927,2.0497458,2.8027935,2.8061106,2.8150752,2.86559,2.6991436,2.555329,2.1996887,2.2463038
22,2.3577108,1.9104067,2.356068,1.8471669,0.86954427,0.5877331,1.1468079,1.7547596,1.3407586,1.3928372,1.6210992,1.6344821,1.8456643,1.9997665,1.3870103,1.7592733,1.2801468,2.389497,1.8551636,0.63654554,0.46797517,0.5199635,0.0,1.7826756,2.195834,2.130428,2.0316722,2.1479564,2.107387,2.6059854,2.8381524,2.314352,0.7180967,1.7460066,1.054085,0.77317995,0.9928282,0.98852575,1.0736173,1.2228565,1.7532101,2.5927408,2.07263,2.5184145,1.8732303,1.8524141,1.6248546,1.9760966,1.9811666,1.5266986,2.0988715,1.6133649,1.47102,1.318376,2.0387611,1.1779928,2.111219,2.1553578,1.6562318,2.1938484,1.8101803,1.7257594,1.2149527,1.2693495,2.0639877,2.0529883,2.934816,2.985998,2.2285717,2.8126607,2.1715145,2.2026367,2.9605432,2.3750436,3.5611491,3.615952,2.1351335,2.0735486,2.3042834,2.3046222,2.7632394,2.7345865,2.8251526,3.1154022,3.5971558,3.172672,2.8747044,2.9789352,1.9275929,2.1220348,2.1238925,1.7391698,2.0411801,2.1225767,1.3360022,1.3455694,2.6529372,1.9342186,2.8979077,1.6842606,2.0361104,2.146538,2.4189332,2.631074,1.881119,2.332228,3.027391,2.839068,2.2825727,2.5764496,2.4873168,2.654169,2.2047343,2.1451752,2.2408206,1.7533756,2.305582,2.3373017,1.9586726,2.1832583,2.859004,2.8689106,2.845743,2.923634,2.8692474,2.6677358,2.3539393,2.4328854
23,1.6301957,0.9464076,1.7117742,0.6430782,2.0864768,1.9484029,2.2461529,2.5140824,2.318592,2.300205,2.514907,2.5175533,1.9384141,2.1233425,2.3145652,1.8507872,2.2284892,2.9714284,2.6029038,1.9440272,1.8046136,1.826674,1.7826756,0.0,2.9516723,2.908745,2.7582855,2.8434765,2.9848626,3.3448017,2.5724413,2.2490065,2.057583,2.5740678,2.2395084,2.1083875,2.162322,2.18354,2.190828,2.2195308,2.6408176,3.2786078,2.8854947,3.2371893,2.7746582,2.729191,2.548306,2.7422175,2.647431,2.305368,2.1937773,2.4483454,2.4274604,2.331434,2.8382194,2.2235062,1.5506313,1.6111854,1.6817367,1.9925439,2.6149724,2.5670004,2.3453066,2.3657603,2.6179914,2.899532,3.0717285,3.095647,2.5194926,3.0009222,2.448794,2.4386592,3.6395175,3.2220337,3.692465,3.1731334,2.4202528,2.4079273,2.6060674,2.600747,2.7094662,2.7038198,2.6695247,3.0411932,3.0220106,2.7384663,2.8029156,2.9515212,1.959035,1.9390463,1.6957538,2.304245,1.8423904,2.0783865,2.64473,2.644794,2.1966944,2.408808,2.6608734,2.3053572,2.4982917,2.5309644,2.8241515,3.0068693,1.4776188,1.9690166,2.650259,2.42365,2.2130978,2.1185632,2.2390516,2.3094487,1.6806841,1.6354297,1.9023281,2.691054,1.8780111,1.9049461,2.1769004,1.9746221,2.2465713,2.2635956,2.2104146,2.3085434,2.2201047,1.944048,2.0312424,2.1238215
24,3.0135865,3.172267,3.0594816,2.7086165,2.107975,2.0987198,2.2439535,2.3501515,2.5463233,2.6063542,2.6323526,2.6335378,3.0205188,2.3963773,2.6628351,2.4892516,2.5112755,2.959462,2.4592144,2.2569337,2.1128392,2.2661762,2.195834,2.9516723,0.0,1.6373878,2.2425525,2.4150276,1.7881408,1.4625385,2.6258247,2.2334855,2.1199353,2.6232584,2.4582508,2.190842,1.9431123,2.0357463,2.3027434,2.3717568,2.2048974,2.634955,2.4027941,2.7457137,2.6407022,2.5716271,2.3600466,2.4270182,2.1106231,2.2738328,2.0432038,2.0412662,2.7318287,2.6699045,2.7794724,1.8377646,2.8699248,2.8573637,2.9164505,3.251955,2.6413224,2.557392,2.6654148,2.2783132,2.5062962,2.5153298,3.2677922,3.3575516,2.6257854,3.7714798,2.6023936,2.4858305,3.239801,2.7926376,4.305414,3.974974,2.5475304,2.4695833,2.5809882,2.5792785,3.3554764,3.4007494,3.013849,3.1518037,4.213467,3.7529528,3.8032522,3.437064,2.5149045,2.704773,2.7334154,2.479875,3.1305501,2.711683,2.0483158,2.0206254,3.7596133,3.3751187,3.6651711,2.971628,3.4504232,3.2520585,3.8473043,3.831658,2.766169,3.1259115,2.9056592,3.1659703,3.2054603,3.4477139,3.491458,3.4852068,2.9975152,2.9010086,3.2677796,2.8549094,3.3372588,3.3460248,3.0516896,3.2383823,3.4937122,3.5306587,3.4711404,3.5481844,3.3521602,3.5729465,3.3817205,3.4930224
25,3.2182083,3.1207356,3.0830674,2.7793922,2.3484633,2.075864,2.3518755,2.4215672,2.739041,2.7639275,2.3022873,2.3042443,2.668416,1.9733782,2.586289,1.8898587,2.414098,2.30916,2.7367854,2.232793,2.1509097,2.2324648,2.130428,2.908745,1.6373878,0.0,2.1561966,2.3232517,1.9309381,1.3971913,2.802092,2.4623797,2.1123357,2.6165452,2.265614,1.9294648,1.9324821,2.1096919,2.5012715,1.8812367,2.372495,2.4433415,2.0718477,2.4052896,2.279204,2.2562008,2.3698556,2.0800898,2.668454,1.7329228,2.0476797,1.4525915,2.1783884,2.2290773,2.2351687,1.9013867,2.5094845,2.4056149,2.8541586,3.3978713,2.780423,2.7272341,2.729216,2.3846395,2.619044,2.5513277,3.3206534,3.3621457,2.6596065,3.3034732,2.6714988,2.490647,2.8499203,2.219816,3.5092077,3.6422327,2.6024156,2.530419,2.6355395,2.6335185,3.346601,3.3304482,2.5474334,2.6648066,4.0379558,3.8245785,3.9234617,3.1464312,2.5913162,2.72732,2.7829187,2.5297546,3.0670922,2.8517094,2.247192,2.2297962,3.5248337,2.9833186,3.1283455,2.876708,3.2517424,3.197265,3.4883928,3.615488,2.7305868,3.0821168,2.6359432,3.0726364,2.9605737,3.2141666,3.2949004,3.2138257,2.9770792,2.9084885,2.9907098,2.6423435,3.099749,3.110968,2.7773268,2.9776387,3.3889117,3.433696,3.458193,3.4419215,3.4483557,3.3193245,3.0896513,3.2333379
26,2.3391998,3.0299935,2.8967888,2.6026008,2.1035657,1.8400089,1.9558759,2.2399423,1.8677801,2.168671,1.5375805,1.5057852,2.6369631,1.9695283,2.5964582,2.3112578,2.4839475,2.6978285,1.5265919,2.1450598,2.1218102,2.1583815,2.0316722,2.7582855,2.2425525,2.1561966,0.0,0.33654863,1.9336594,2.4712052,2.224482,2.0178185,1.8391267,2.451832,2.0335264,1.8584615,1.7925164,1.851898,1.9336505,1.5346161,2.2121124,1.9719727,1.9584016,2.2659674,2.0399919,1.9962357,2.0483205,1.8574699,2.490696,1.4975625,1.9523002,1.3347642,1.8418622,1.7600251,2.2026699,1.651101,2.2074385,2.3418875,2.7845438,3.0066092,2.7305748,2.6476045,2.698777,2.3664699,2.8047135,2.7640467,3.4646473,3.5618796,2.85556,3.3623116,2.8524292,2.800073,3.205119,2.6585398,3.8170843,3.907704,2.961061,2.893989,3.0063937,3.0240726,2.8172305,3.0006652,3.18992,3.0265281,3.1899984,3.0942376,2.8862467,2.576026,2.4443572,2.660607,2.6762185,2.3488276,2.88662,2.6957304,2.2160385,2.1535304,3.5206294,3.3926713,3.9917228,3.2513137,3.3682413,3.4103167,3.5633643,3.6747077,2.6504867,2.936293,3.2224736,3.3959148,3.5629964,3.7943354,3.7076678,3.8318338,2.8398898,2.772111,3.556961,3.2905858,3.5956583,3.596833,3.3499107,3.5028515,3.6418726,3.6823351,3.6371317,3.7245207,4.0202336,3.8715878,3.6018631,3.6447492
27,2.3664358,3.1477542,3.0349588,2.727258,2.2609203,2.021042,1.9727333,2.414948,1.9178923,2.22995,1.5698904,1.5376592,2.8200932,2.1930618,2.7999995,2.525635,2.645104,2.829802,1.6637516,2.2894852,2.2459188,2.272395,2.1479564,2.8434765,2.4150276,2.3232517,0.33654863,0.0,2.0701892,2.608105,2.393313,2.083176,2.022944,2.6061096,2.0444252,1.9631643,1.9900341,2.0393987,2.0026162,1.7149253,2.382865,2.2070682,2.1211817,2.423854,2.1701493,2.1432164,2.2245648,2.0106392,2.6321754,1.6689736,2.0834904,1.5273731,1.9781367,1.9081908,2.3563664,1.8360234,2.2556663,2.3855324,2.98189,3.124711,2.9081228,2.8271658,2.8600569,2.5322225,3.0259454,2.985546,3.6539483,3.7503276,3.06781,3.530949,3.0665245,3.0173182,3.4161408,2.879314,3.9605644,4.0687876,3.1717625,3.1109288,3.213608,3.2301617,2.892696,3.1346397,3.313406,3.1198878,3.2172241,3.169295,2.9498265,2.6661172,2.5985706,2.817166,2.822554,2.5199788,3.0213544,2.8318207,2.395166,2.3321054,3.5470042,3.525949,4.1032434,3.3697295,3.4701524,3.5931222,3.622623,3.721309,2.7566323,3.0186565,3.3462424,3.4532924,3.7050886,3.9336743,3.7632987,3.9666617,2.9936209,2.9296649,3.7054954,3.452585,3.748652,3.750939,3.51383,3.6599395,3.8360984,3.8777509,3.8286574,3.9171987,4.1609535,4.014071,3.7198768,3.717897
28,3.14275,3.2138505,3.009747,2.8231196,2.2126498,1.9138092,2.0084877,2.2949796,2.215279,2.1798158,1.7374723,1.7308874,2.6056607,1.9428363,2.563199,2.090338,2.461001,2.3124268,2.4911506,2.2350917,1.9974548,2.121112,2.107387,2.9848626,1.7881408,1.9309381,1.9336594,2.0701892,0.0,1.4099494,2.0440145,1.6807226,2.0178297,2.4098876,2.4110448,2.202285,1.752747,1.8064463,2.4654834,1.9493264,2.202146,2.2628326,1.9347899,2.2661989,2.1218348,2.0933561,2.1122425,1.9527167,1.6036885,1.6581984,1.327258,1.4669997,2.0141869,1.8207375,2.1921847,1.8826678,2.3845017,2.408643,2.8955348,3.295217,2.8950799,2.8285322,2.6590645,2.079486,2.5603065,2.5128345,3.4801693,3.507273,2.6709085,3.7833428,2.6332707,2.5418284,2.8438058,2.2311347,4.110874,3.7973354,2.7903318,2.7452335,2.8066547,2.8096917,2.956982,3.279586,3.205802,3.1805644,3.9112406,3.6942682,3.4324596,3.0292764,2.702016,2.8798378,2.8927197,2.4953132,2.9206169,2.662647,2.2768378,2.26367,3.7383168,3.3074796,4.2425036,3.0758398,3.1811645,3.1816783,3.5647151,3.4140115,2.5285792,2.8877168,3.1304412,3.4392495,3.0713398,3.3665144,3.335214,3.3499808,3.1479785,3.08722,3.3790166,2.9799607,3.456095,3.4742367,3.1351945,3.3407822,3.689644,3.7171993,3.7051148,3.7422335,3.4360802,3.7034106,3.3294191,3.458068
29,3.5589442,3.54884,3.2686036,3.142143,2.695452,2.4902713,2.5597134,2.7325728,3.0957189,3.0656662,2.6735501,2.671288,3.021916,2.3171835,2.9524791,2.4650571,2.8921897,2.5289679,3.0650573,2.7318797,2.496569,2.6499193,2.6059854,3.3448017,1.4625385,1.3971913,2.4712052,2.608105,1.4099494,0.0,2.558945,2.2579114,2.6102824,2.8420868,2.8704154,2.619038,2.3185012,2.4458761,2.974232,2.4973648,2.6203935,2.6296246,2.3424296,2.4984841,2.5037723,2.5180748,2.6118352,2.3601618,2.3223786,2.288425,1.8950075,1.9600171,2.7390234,2.6895902,2.533167,2.3820245,2.8944254,2.787057,3.2951684,3.639922,3.2192047,3.15801,3.1335385,2.6078188,2.9776511,2.940619,3.7309494,3.8235977,3.0222535,4.075088,3.020627,2.9208164,3.0532506,2.524263,4.198584,3.9896426,3.0808566,3.0212727,3.036485,3.0350413,3.4544692,3.681073,2.9850607,2.9684966,4.282548,4.110235,4.151616,3.4250145,3.0040336,3.16126,3.2043698,2.9322016,3.3019345,3.0402296,2.7298226,2.7094278,3.974594,3.5763674,3.9960208,3.4267256,3.7188127,3.713324,4.051602,3.963411,2.859249,3.1432512,2.7960758,3.2674944,3.2158725,3.4841182,3.5285566,3.5191739,3.408512,3.3482358,3.5203578,3.1777432,3.652303,3.6762047,3.3492486,3.5402293,3.8828628,3.9132254,3.9400048,3.9212701,3.593465,3.8295062,3.5285332,3.6732943
30,2.394757,2.7695408,2.4942923,2.1877997,2.7849786,2.5406628,2.9143574,2.81021,2.9144785,2.9470358,2.6031435,2.571754,2.388979,1.5749146,2.9213336,2.017669,3.0840712,2.9058566,2.5481582,2.9468646,2.7752545,2.8954656,2.8381524,2.5724413,2.6258247,2.802092,2.224482,2.393313,2.0440145,2.558945,0.0,1.6523467,2.650241,2.9317555,3.2867424,2.970665,2.4671347,2.5209126,3.1108522,2.4797072,2.8569977,2.373855,2.6486044,2.8704505,2.759331,2.722266,2.7048337,2.555859,2.3730679,2.2057416,1.4018648,2.140341,2.6180413,2.4981844,2.8015525,2.495113,2.0931687,2.2320359,2.6794822,2.9648957,3.4080048,3.336562,3.278882,2.8384042,2.8495252,3.0591264,3.391718,3.4643986,2.7066157,3.673233,2.6840816,2.575874,3.3362129,2.9033623,4.058472,3.286797,2.8854551,2.8869789,2.8805447,2.895825,2.5318744,3.0130374,3.0512655,2.8948755,2.9722173,2.9155095,2.8928902,2.4780133,2.6263416,2.6583931,2.5578685,2.8125987,2.7117705,2.5944707,3.179722,3.1407962,3.8811269,3.8233397,4.3642344,3.7930439,3.8153768,3.6308095,4.1819615,4.0960627,2.2329705,2.6756275,2.7762876,3.2910273,3.374187,3.4137576,3.7171504,3.4588,2.6866503,2.6320813,3.4917264,3.8523173,3.505871,3.51602,3.5585663,3.5137665,3.076638,3.1062722,3.1306546,3.1270638,3.4042242,3.586574,3.5365775,3.763465
