,0,1,2,3,4,5,6,7,8,9,10,11,12,13,14,15,16,17,18,19,20,21,22,23,24,25,26,27,28,29,30,31,32,33,34,35,36,37,38,39,40,41,42,43,44,45,46,47,48,49,50,51,52,53,54,55,56,57,58,59,60,61,62,63,64,65,66,67,68,69,70,71,72,73,74,75,76,77,78,79,80,81,82,83,84,85,86,87,88,89,90,91,92,93,94,95,96,97,98,99,100,101,102,103,104,105,106,107,108,109,110,111,112,113,114,115,116,117,118,119,120,121,122,123,124,125,126,127
0,0.0,1.2855612,2.7558088,2.931151,3.1316848,3.4131508,2.8628175,2.8697,3.389528,3.580572,3.599129,3.584175,3.5863676,3.2083328,3.141834,3.2018545,3.8765981,3.9683208,3.384304,3.3409016,5.330369,4.0193586,3.772423,3.9097316,3.2662485,3.1904802,3.1029785,2.9128628,4.170253,4.1546183,3.4832458,2.6728134,2.9329615,3.614246,2.836476,3.414868,4.0415683,4.2210555,3.4702775,3.5170755,4.290264,3.8380105,4.043904,3.906872,3.932432,3.9394317,4.002413,4.065267,3.7871594,3.581208,2.895138,3.1127152,3.3756819,2.888078,4.192291,3.25225,2.9836228,2.9812648,4.5390573,3.9914136,4.50347,4.4578032,2.9569235,3.0478246,2.963394,2.64804,4.0887465,2.965236,2.349271,2.8915005,2.4378061,2.3664098,2.96678,2.495923,2.7169883,2.7331703,3.8812125,3.3003964,3.802583,3.306566,2.919434,2.5200756,2.3831449,2.555963,2.6935031,2.761515,3.7611303,3.110557,3.670033,4.8329954,3.0999217,3.0895073,3.6813974,3.6659148,3.4973974,3.420602,3.3700013,3.3017492,2.7061946,2.7124815,3.3610983,3.6596475,3.6174076,2.9792523,2.4877284,3.3017178,3.6156752,3.6822472,2.911026,3.0976343,2.7375255,3.0458777,3.2407544,3.2807486,3.280199,3.2668715,3.312524,3.1556063,3.1668568,3.091589,3.08742,3.3257577,3.0749805,3.5906053,3.760313,3.7726085,4.1955695,4.130692
1,1.2855612,0.0,2.2705488,2.3738902,2.554912,2.7539437,2.335669,2.37422,2.8687322,3.1319587,3.0825984,3.0414467,3.1136553,2.801196,2.688272,2.7191138,3.4645612,3.4091249,2.6872656,2.6605074,5.1358576,3.5547738,3.3090377,3.4662745,2.7552626,2.43457,2.6348007,2.407187,3.7905777,3.784729,3.0718555,2.1156006,2.7017503,3.4069605,2.5391872,3.0193036,3.7178652,3.648859,2.9995039,3.0209253,3.7400243,4.0576286,4.120259,4.026992,3.6225731,3.4515858,3.5094047,3.5592475,3.5454798,3.5820408,2.776459,2.9327617,3.2116518,2.8366392,3.9882314,3.1151369,2.426954,2.6386158,4.004591,3.7701206,4.3642664,4.3396826,2.6497345,2.553047,2.6792564,2.3039865,3.6636117,2.6003053,2.3796427,2.8949018,2.4961476,2.3838944,2.654323,2.1437347,2.3629587,2.3160853,3.8726652,2.83753,3.3108687,2.8753843,2.7047052,2.1312306,2.3477573,2.7818732,2.2969263,2.3678105,3.1019206,2.6757615,3.4154372,4.745374,2.868948,2.7897744,3.4916914,3.4335394,3.1838565,3.2130547,2.9375124,2.8556914,2.4183795,2.4208214,3.1490252,3.1541321,3.6257317,2.9374878,2.560964,3.0163958,3.6103795,3.6025052,2.5015905,3.059294,2.4459777,2.6783254,2.995396,2.9841194,3.0152955,2.9934149,3.1294508,2.965911,2.996018,2.9077759,2.7004066,2.9024591,2.9133039,3.0562158,3.6426766,3.7106745,3.9387987,3.9408138
2,2.7558088,2.2705488,0.0,0.5758052,1.8555893,2.1253521,1.1879882,1.2524862,1.4894727,1.7182692,1.450904,1.4581056,2.1628854,1.495921,1.4023628,1.4730835,2.6291752,2.302562,1.7918994,1.6827872,3.6645176,2.2972646,2.7555413,2.6811948,2.0391252,1.8110759,1.5422691,1.2908622,2.6081958,2.5972457,2.2841694,1.809396,1.5985199,1.9558437,1.4009819,1.8653553,2.0459244,1.9696853,2.185924,2.0016534,2.2272763,3.196658,2.7940948,2.7960484,1.9923669,1.7688537,1.8216996,1.9540731,2.6199477,2.7965953,1.9402087,2.3992925,2.336747,1.9546101,3.287619,2.0931063,1.1587405,1.4834969,2.3420918,2.425455,3.7125754,3.6907077,1.5629634,1.2367573,1.7504095,1.9663391,2.249684,1.5673813,2.155985,2.016362,2.0870214,2.1607003,1.4233195,2.1033475,1.7726398,1.3256181,3.209362,1.8777868,2.3036933,1.8301827,2.6535802,1.9935079,2.1523407,2.4756355,1.8059726,1.8893377,2.4311714,1.9220545,2.4067998,3.9476676,2.287036,2.2819223,2.260355,2.2047896,2.0393844,2.0550964,1.7104132,1.6981454,1.9221666,1.9227759,2.1121187,2.1142383,2.6027527,1.8963395,2.1953487,1.6908382,2.753756,2.5122578,1.9984747,2.1731308,1.7918293,1.5890547,1.9795623,1.9810339,2.0331316,2.0045357,2.2750354,2.0068567,2.0391934,1.9884623,1.3127081,1.7718499,1.7907856,2.0799687,3.1814435,3.280782,2.9492307,2.9253232
3,2.931151,2.3738902,0.5758052,0.0,1.9173831,2.093192,1.1698686,1.2733732,1.5982828,1.8748091,1.5606759,1.520267,2.3494658,1.6846315,1.5501438,1.6246818,2.5273576,2.2374318,1.8408858,1.7524264,3.6375194,2.2546444,2.621859,2.538221,2.111092,1.8464894,1.6660658,1.5053436,2.6890125,2.6707563,2.1927369,1.836821,1.4836259,1.8664201,1.3059072,1.777897,1.9260336,1.8477192,2.1933908,1.9938308,2.066817,3.125559,2.6455448,2.6995387,1.9469403,1.7428918,1.6861526,1.8375263,2.522012,2.7555454,1.8738363,2.3244147,2.150918,1.7840803,3.2746253,2.0667038,1.0357709,1.3677897,2.1755204,2.2398107,3.7328978,3.6663845,1.337614,1.0333371,1.8215883,1.9766138,2.2007577,1.6080996,2.1525831,1.9358681,2.1485386,2.153073,1.5448681,2.2737472,1.9295478,1.4786518,3.2283988,1.9424703,2.213029,1.9523851,2.6174805,2.00142,2.2602117,2.7629313,1.8027488,1.8539613,2.2882223,1.9031422,2.6013436,4.055429,2.4703372,2.490977,2.3954065,2.3425086,2.1535974,2.2467854,1.7914158,1.7819737,2.0829976,2.0872643,2.28857,2.1416276,2.755021,1.9858857,2.3041818,1.7044128,2.7795956,2.477997,2.0253415,2.148616,1.9438621,1.5044285,2.0857446,2.0646143,2.14145,2.0998118,2.3959174,2.1096253,2.1739476,2.1120594,1.4996729,1.954687,1.8486385,1.8716458,3.4539263,3.5930276,3.0939486,3.1385372
4,3.1316848,2.554912,1.8555893,1.9173831,0.0,1.1372844,1.9317722,1.9606609,2.3241596,2.236788,2.3391554,2.1859207,1.798289,2.2115903,2.060597,2.314509,2.265323,1.9396925,2.059959,2.059294,3.6338592,2.5883076,2.5764322,2.5309846,1.71317,1.67377,2.2064416,1.8661445,2.6565917,2.6617537,2.2063923,1.8628898,2.4824517,2.7966537,2.3733268,2.8584805,2.4532416,2.2882595,2.0486195,1.7266034,3.052053,3.9231727,3.3796594,3.417302,3.122075,2.872673,2.9941056,3.1326966,2.6405787,2.850743,2.3715658,2.5327091,2.9222162,2.6350214,3.7645535,2.977005,1.8256034,1.9440161,2.6984603,2.8483322,3.227716,3.2460337,1.8496282,1.7991356,1.7431612,1.5011305,2.1385148,1.5870779,2.072206,2.4966333,2.5375288,2.5271058,1.7733972,1.4184859,1.3314811,1.451378,3.43759,1.7664199,2.2632017,1.7696047,3.051733,2.5585425,1.9960355,2.6703749,2.3901563,2.3069472,2.9195907,2.5793195,2.15973,4.2906294,2.2719357,2.2699096,2.614818,2.6016724,2.3778617,2.417037,2.4605322,2.416281,2.5377665,2.536532,2.732221,2.873701,3.102022,2.9726453,2.8563566,2.5774372,3.0804243,2.9544687,2.3898172,2.78377,2.3050704,2.7470658,2.605151,2.5703766,2.586468,2.613186,3.005293,2.646379,2.7673092,2.7322092,2.15197,2.009573,2.4153595,2.3845792,3.7124257,3.9045138,3.706271,3.7480643
5,3.4131508,2.7539437,2.1253521,2.093192,1.1372844,0.0,1.9818993,2.0186126,2.7970667,2.6555994,2.7540438,2.6193454,2.3766932,2.7126882,2.5825753,2.8121977,2.7484016,2.1527116,2.6705792,2.6514971,3.608625,2.6944578,2.5190725,2.4775498,2.4415336,2.1410918,2.8182395,2.4072201,3.27026,3.2758892,1.8218762,2.1085527,2.2088344,2.5482922,2.1564481,2.7212973,2.9743013,2.3953583,2.3424091,2.1636343,3.1972506,4.1727977,3.6662486,3.6860003,3.135513,2.837022,2.9091337,3.0592966,2.7017093,3.0818632,2.8426306,2.9773173,2.9985113,2.8906186,3.9271076,3.3474884,1.7995852,1.7895594,2.9171238,2.9855368,3.5845337,3.4571218,1.8240464,1.8717127,2.0377662,1.8197639,2.5079758,1.9947371,2.0439453,2.4434564,2.4772303,2.3857117,2.128536,1.8650453,1.793064,1.8834763,3.2729201,1.8189133,2.2722476,1.8228395,2.850747,2.8376803,2.1649756,2.7692966,2.6737285,2.5741684,2.936618,2.8013709,2.57012,4.526462,2.5960686,2.6802573,2.8851793,2.8981926,2.6162157,2.7179003,2.6557164,2.630709,2.8811953,2.8825836,3.035884,2.9757857,3.2319398,3.0010214,2.846178,2.822443,3.1699312,3.0526774,2.5249538,2.854912,2.5798085,2.8791225,2.3742201,2.3123834,2.3547645,2.361457,2.779713,2.3998048,2.5364072,2.4895246,2.293196,2.0286057,2.3663964,2.4780054,3.7825382,3.9284208,3.727823,3.7957516
6,2.8628175,2.335669,1.1879882,1.1698686,1.9317722,1.9818993,0.0,0.18353768,1.6172422,1.9138066,1.6423266,1.5831549,2.3867495,1.6577244,1.555064,1.6178718,2.433721,2.0330448,1.9786811,1.947081,3.3479202,2.3621373,2.6221554,2.5048203,2.1491947,1.6242298,2.0489995,1.8088819,2.5258405,2.5059917,1.9921317,1.7513002,1.8553163,2.0353682,1.7350787,2.1525846,2.38555,2.1633904,2.287618,1.9801793,2.8686876,3.6471543,3.2253616,3.280174,2.2461684,2.2139866,2.1324098,2.2707276,2.8657515,3.0088546,2.3690875,2.7791514,2.419447,2.1576557,3.505785,2.376193,1.4355254,1.6982017,2.6105738,2.6543741,3.9144208,3.6616943,1.7028886,1.4294565,2.111882,2.0694313,2.6250405,2.082615,2.331399,2.3563325,2.296227,2.364024,1.868779,2.2390301,2.0623975,1.7649621,3.4913483,2.1952348,2.6924243,2.1494548,2.5523007,2.0123336,2.2916176,2.5064073,1.9724411,1.8446653,2.6259897,2.294429,2.654686,4.239794,2.3702652,2.3557162,2.5019162,2.4884882,2.3496993,2.2935712,2.0733159,2.0469105,2.196301,2.2019944,2.3106294,2.6367688,2.7779112,2.3537548,2.3361797,1.9940956,2.7702408,2.7045546,1.9668577,2.3608034,1.8806942,1.9778932,2.3353093,2.3205714,2.3370335,2.313754,2.7380066,2.369164,2.4385917,2.3684618,1.917525,2.101511,2.2223933,2.5208828,3.6828659,3.7463276,3.6216197,3.6038158
7,2.8697,2.37422,1.2524862,1.2733732,1.9606609,2.0186126,0.18353768,0.0,1.6321869,1.916521,1.6531019,1.5963378,2.3982596,1.6750683,1.5937586,1.6489794,2.4409456,2.0365505,2.003058,1.964296,3.3089108,2.3713827,2.613228,2.4869082,2.1638777,1.6405118,2.049041,1.8182817,2.4766314,2.4569135,2.0034156,1.7502222,1.9081669,2.0632083,1.8017523,2.2447407,2.385616,2.160783,2.2712932,1.9566754,2.9739754,3.729126,3.3081527,3.3630123,2.2681477,2.2580223,2.1877947,2.327546,2.8805203,3.0141127,2.382391,2.7951105,2.4131935,2.1735585,3.482325,2.3506424,1.5012168,1.7452586,2.6757061,2.7203124,3.9279082,3.646956,1.7505392,1.4789602,2.1604772,2.1136146,2.6531494,2.1725106,2.359068,2.409291,2.324718,2.3923914,1.9243098,2.2529967,2.0930073,1.8226157,3.551279,2.2611945,2.8147361,2.2020564,2.5708065,2.025868,2.2873502,2.4592319,2.0171337,1.8924444,2.7041864,2.342718,2.631454,4.260348,2.3092759,2.2945006,2.4721143,2.4613602,2.3258722,2.2475224,2.1203966,2.0891376,2.212416,2.217378,2.2782753,2.675902,2.731744,2.3799524,2.3376412,2.0344472,2.7455728,2.7311988,1.9787645,2.3792791,1.8765988,2.0437474,2.3630376,2.3505177,2.3604012,2.3394103,2.7593272,2.4056602,2.4668508,2.401819,1.9507957,2.1288292,2.255353,2.6013412,3.6388695,3.6953702,3.6179512,3.5816212
8,3.389528,2.8687322,1.4894727,1.5982828,2.3241596,2.7970667,1.6172422,1.6321869,0.0,0.91204715,0.72708154,0.7504667,2.1092618,0.7410082,0.7154959,0.46125475,2.55268,2.2172594,1.5007979,1.3926152,3.7337139,2.4618518,3.0886178,3.0352843,2.0720658,1.6296052,1.7992039,1.5736067,2.2998333,2.2896295,2.7305276,2.4769325,2.7260253,2.8870163,2.533093,2.8862548,1.9415405,2.0213783,2.2360556,1.9853808,2.374049,3.7402654,3.3306842,3.3654146,2.210173,2.287112,2.3723588,2.5713031,2.7949152,2.911877,2.297394,2.5949912,2.6406713,2.5197477,3.037819,2.2078326,1.8979312,2.4034333,2.5526454,3.0538936,3.6595466,3.5189912,2.3442338,1.8919634,2.1641238,2.3729239,2.3780763,2.1031365,3.0888343,2.8896792,3.0861394,3.1813216,1.7772468,2.47447,2.154063,1.8014842,3.687407,2.2333176,2.7392597,2.1898122,3.0197694,1.9888395,2.725361,2.9348176,1.7842332,1.8405291,2.6372442,1.9955074,2.491027,3.8319623,2.323856,2.1700244,2.245746,2.1469896,2.2333903,2.0230985,1.9453491,1.9278764,1.9961048,1.9958327,2.1016514,2.45296,2.878461,2.8220334,2.895088,1.7440686,2.8772066,2.7157068,2.2111034,2.5685408,1.9318134,2.145141,2.9167638,2.9243793,2.9801393,2.9577315,3.176669,2.9553366,2.9924986,2.9565032,2.1718056,2.6888134,2.8153815,2.7612112,3.726138,3.829524,3.5465987,3.4919813
9,3.580572,3.1319587,1.7182692,1.8748091,2.236788,2.6555994,1.9138066,1.916521,0.91204715,0.0,1.2073858,1.1608839,1.9504594,1.0761955,1.0549502,1.0787852,2.540236,2.1079366,1.984637,1.893849,3.5249002,2.3176196,3.032152,2.9584892,2.1239815,1.8301612,1.9829243,1.6275369,2.4448314,2.4461827,2.749758,2.6295815,2.734819,2.8651214,2.568202,3.1831176,2.157641,2.155348,2.407085,2.13611,2.4886622,3.9414816,3.5215175,3.544874,2.2149658,2.3370943,2.6017797,2.8747993,2.8982384,3.0134242,2.4666166,2.7723992,2.8067315,2.8354278,2.7926233,2.6052988,2.0689704,2.497926,2.7555661,3.223058,3.770477,3.5925438,2.4641,2.1711447,2.033842,2.3007972,2.3709424,2.0974498,3.0304732,2.860977,3.1040337,3.1680841,1.7532226,2.421017,2.0713148,1.8942158,3.6178427,2.074838,2.6427817,2.0087144,3.1966717,2.355182,2.7484806,2.9515777,2.0949874,2.1158776,2.840949,2.2632813,2.223235,3.7855573,2.2847476,2.170602,2.1298945,2.0597653,2.1007621,1.9306561,2.1189954,2.1223054,2.2953277,2.2968938,2.2275023,2.6103961,2.90094,2.895507,2.9661913,1.9016174,2.9326835,2.7919998,2.4031057,2.6671007,2.1209977,2.3208957,2.7975793,2.8202252,2.873646,2.8580666,3.059306,2.8268597,2.8789053,2.8409283,2.0520573,2.464478,2.730473,2.6868248,3.676502,3.7809145,3.457372,3.4011114
10,3.599129,3.0825984,1.450904,1.5606759,2.3391554,2.7540438,1.6423266,1.6531019,0.72708154,1.2073858,0.0,0.36714262,2.0876532,0.9831511,0.99954236,0.8906676,2.3637764,2.0140765,1.6599033,1.5285052,3.557716,2.2391672,2.9825115,2.9135017,1.9989973,1.7448119,1.7184191,1.5912201,2.2366283,2.2319999,2.7667184,2.5863535,2.646854,2.788358,2.4615645,2.6582675,1.7666817,1.7128288,2.3728495,2.1609209,2.140418,3.645337,3.1604722,3.1957703,2.1702347,2.0506392,2.0691338,2.2325206,2.775789,3.0252936,2.273104,2.4791586,2.4694285,2.4035268,3.3336596,2.1744988,1.6744292,2.228504,2.3391464,2.8493567,3.5708559,3.4028597,2.2636607,1.736665,2.1807983,2.476282,2.2817945,2.114278,3.196732,2.9148598,3.20056,3.3128664,1.8808199,2.6707177,2.303829,1.9355086,3.7380872,2.332765,2.7971883,2.2808168,3.3224235,2.3430085,2.8912008,3.0116289,2.1343126,2.1825163,2.6300583,2.2524824,2.510808,3.8605843,2.5143461,2.3847313,2.272641,2.1674855,2.3625162,2.064342,1.928656,1.9316523,2.2939615,2.2964487,2.2789567,2.400202,2.9532547,2.96428,3.1014855,1.8946208,2.9452608,2.7568674,2.3283901,2.688347,2.14399,2.294498,3.06003,3.0691185,3.1245122,3.0995777,3.309294,3.0681345,3.121939,3.09474,2.3357487,2.6504905,2.9107556,2.9537284,3.7980425,3.8941407,3.5791543,3.4988272
11,3.584175,3.0414467,1.4581056,1.520267,2.1859207,2.6193454,1.5831549,1.5963378,0.7504667,1.1608839,0.36714262,0.0,1.9321389,0.89796406,0.87278205,0.9006409,2.1081219,1.7365007,1.5681386,1.4350737,3.4675283,1.9802212,2.7393916,2.67138,1.8039103,1.5877707,1.5870031,1.4304706,2.1856508,2.1840205,2.6594393,2.4682271,2.6042018,2.794393,2.4175045,2.5879242,1.6899551,1.6340419,2.2429147,1.9788983,2.20675,3.6621585,3.1426091,3.1907263,2.149111,2.0883691,2.0812306,2.2515678,2.717653,2.9540453,2.211929,2.423841,2.3954043,2.406597,3.4199998,2.1646233,1.6294556,2.201285,2.38464,2.9076157,3.5891256,3.3603678,2.203491,1.6929858,1.9867873,2.2666695,2.1342144,1.9950998,3.0725899,2.8185942,3.1189296,3.2038436,1.780252,2.5264883,2.1499984,1.8627106,3.6721206,2.1759696,2.7276301,2.1425724,3.298029,2.3153772,2.7996938,3.0235603,2.076625,2.0974004,2.6246321,2.2079,2.276335,3.7613842,2.3313773,2.195031,2.0971887,2.0003583,2.171255,1.8996786,1.9859688,1.9810039,2.278762,2.281995,2.216265,2.4503775,2.8977273,2.9582782,3.0634227,1.8695415,2.871556,2.7224312,2.272087,2.6421015,2.1215267,2.2299972,2.999489,3.0088906,3.0755866,3.0563738,3.2581818,2.9964774,3.0701358,3.0510762,2.2604892,2.5421603,2.8389125,2.7628617,3.783797,3.9222782,3.555884,3.502413
12,3.5863676,3.1136553,2.1628854,2.3494658,1.798289,2.3766932,2.3867495,2.3982596,2.1092618,1.9504594,2.0876532,1.9321389,0.0,1.7154031,1.7100525,1.9105077,2.036326,1.6462121,2.517641,2.4582653,3.6311595,1.9411038,2.5326025,2.492775,1.9578229,2.101849,2.3158104,2.08514,2.9750206,2.9919999,3.076657,2.746333,3.0947394,3.3783886,2.9515,3.1543136,2.5659976,2.7073705,2.601479,2.44613,2.912819,3.8715913,3.5182648,3.5042846,2.758734,2.9232502,2.8096664,3.0103285,3.022669,3.0105376,2.5349348,2.7813842,2.9179041,3.3976655,4.030244,3.1319869,2.3981788,2.798745,3.1108906,3.5448933,4.0189023,3.878795,2.699782,2.4540064,1.8797356,2.023434,2.2269464,1.7186743,2.9088752,3.0682418,3.3139875,3.2816432,2.0285594,2.0287442,1.7626501,1.8677813,3.9178505,1.8925554,2.4310372,1.8497298,3.8998864,3.1318302,2.836337,2.9685152,2.9091983,2.9790244,3.5302546,2.9464517,2.0615094,4.3122535,2.6618247,2.5273747,2.633236,2.6400955,2.695892,2.4273472,3.0630069,3.0501487,3.031534,3.032055,3.1055095,3.3259254,3.601103,3.5655565,3.5693955,2.8855698,3.654131,3.512321,3.2493482,3.3896465,2.9029856,3.166593,3.049389,3.0195184,3.0483112,3.043122,3.1800315,2.9585183,3.0940645,3.0384521,2.3583992,2.523283,2.9171093,2.9542742,3.7022593,3.8113935,3.6515057,3.5920663
13,3.2083328,2.801196,1.495921,1.6846315,2.2115903,2.7126882,1.6577244,1.6750683,0.7410082,1.0761955,0.9831511,0.89796406,1.7154031,0.0,0.30011356,0.49120328,2.3296187,2.035377,1.7690293,1.6655413,3.6526191,2.1879423,2.86088,2.83831,1.937604,1.6879202,1.8415813,1.5071745,2.4827735,2.47996,2.6723528,2.4367774,2.6945395,2.9658577,2.4942458,2.717928,2.0008864,2.1746273,2.1573083,1.9716725,2.4497447,3.473047,3.0777564,3.0858889,2.180748,2.3996832,2.385359,2.5832677,2.6754527,2.6691716,2.1528234,2.4630382,2.4946284,2.5941515,3.4121156,2.2426078,1.9194473,2.3875725,2.7404184,3.1468382,3.6871505,3.5159307,2.3411858,1.9806256,1.7563679,2.0272152,2.1905138,1.7642,2.829428,2.6714933,2.8598084,2.9574087,1.4789473,2.1320865,1.7627453,1.503246,3.4537325,1.9101619,2.5005343,1.8635437,3.0357664,2.0680468,2.4597554,2.5547678,1.7887123,1.871258,2.7394333,1.9405142,2.1541438,3.7028503,2.15976,2.0068536,2.0640473,2.0151684,2.16656,1.8263658,2.051471,2.0272558,1.9319469,1.9367324,2.1079025,2.5497785,2.7878377,2.7437992,2.725379,1.7308037,2.7840443,2.6015022,2.2568088,2.463376,1.8500612,2.157163,2.7568057,2.7897928,2.8482258,2.8353877,2.9516602,2.6978598,2.7758079,2.7513177,2.037899,2.5455844,2.6388578,2.7248962,3.6177993,3.712316,3.5353851,3.4601045
14,3.141834,2.688272,1.4023628,1.5501438,2.060597,2.5825753,1.555064,1.5937586,0.7154959,1.0549502,0.99954236,0.87278205,1.7100525,0.30011356,0.0,0.4866694,2.2455878,1.9592309,1.6162941,1.528653,3.625576,2.1656463,2.842352,2.8163753,1.7997787,1.5440699,1.7629915,1.40032,2.421621,2.417119,2.5873067,2.338568,2.5972197,2.8726249,2.3866827,2.616758,2.0137782,2.1677976,2.1704807,1.9233549,2.3703218,3.4056878,3.0208771,3.0361536,2.1809733,2.3400464,2.3539953,2.5449836,2.6692104,2.6771762,2.1183445,2.4331841,2.5170743,2.5149665,3.3990877,2.2456398,1.7980585,2.2774472,2.66112,3.0353572,3.6134868,3.4613307,2.2271132,1.8675016,1.6537567,1.9036088,2.196,1.6294056,2.737919,2.5828393,2.7989788,2.8847966,1.3776369,2.0539498,1.686012,1.4240866,3.375598,1.8037437,2.381835,1.775558,2.9743598,2.0048552,2.4216797,2.6425886,1.6895256,1.7410243,2.6292279,1.8898885,2.1070108,3.6469235,2.1325772,1.9856199,2.0437047,1.9895182,2.0985203,1.8342198,1.9671562,1.9494442,1.8911167,1.8962328,2.073087,2.4966106,2.7860396,2.7067206,2.7037597,1.6656665,2.7540007,2.5609658,2.1639006,2.4115016,1.8224868,2.056341,2.7246852,2.7547698,2.8152044,2.805129,2.9546318,2.6765022,2.7616594,2.7315536,1.9998908,2.4680424,2.595128,2.5732214,3.6858318,3.8075254,3.5525908,3.517393
15,3.2018545,2.7191138,1.4730835,1.6246818,2.314509,2.8121977,1.6178718,1.6489794,0.46125475,1.0787852,0.8906676,0.9006409,1.9105077,0.49120328,0.4866694,0.0,2.5128174,2.208238,1.6697413,1.5752176,3.811366,2.4215727,3.0607638,3.0328841,2.0759954,1.6999996,1.8830683,1.6375327,2.500358,2.4913673,2.8048203,2.5089662,2.7401853,2.9660375,2.5374317,2.8014085,2.0968828,2.2720537,2.317424,2.1266081,2.3919551,3.5533786,3.2091315,3.2166588,2.2409015,2.4012907,2.3896532,2.58186,2.8361835,2.8624012,2.2758155,2.5875194,2.638115,2.6032221,3.2691042,2.3036966,1.939445,2.4515932,2.676165,3.1085393,3.7438579,3.6237032,2.385938,1.9586012,2.0453227,2.244342,2.4070346,1.9172763,3.0052361,2.8368402,3.0150015,3.1143718,1.6867436,2.339745,2.0223944,1.6680793,3.633346,2.1219232,2.5829196,2.0846815,3.046213,2.0103526,2.6638403,2.790412,1.7944064,1.8662025,2.739477,2.0182953,2.4921148,3.8644662,2.4034905,2.2390313,2.3310401,2.2556908,2.374673,2.104579,2.0640569,2.0484502,1.992722,1.9944631,2.2337744,2.5759244,2.9876056,2.8370078,2.8723106,1.8093127,2.9712753,2.7676747,2.311454,2.6061976,1.9656078,2.187457,2.890156,2.8992283,2.9534988,2.9282105,3.117977,2.8765619,2.9305863,2.883358,2.1491919,2.681137,2.7835162,2.805249,3.7001326,3.7794113,3.569548,3.5077705
16,3.8765981,3.4645612,2.6291752,2.5273576,2.265323,2.7484016,2.433721,2.4409456,2.55268,2.540236,2.3637764,2.1081219,2.036326,2.3296187,2.2455878,2.5128174,0.0,1.241855,2.6727252,2.6879823,3.3715303,1.6870303,2.0031366,1.8882047,1.5090222,2.050591,2.1319058,2.229152,2.6074157,2.6142159,3.1070547,2.6095197,3.1176713,3.3843334,3.0092914,3.169733,2.437391,2.6361516,2.9095135,2.580973,3.2064679,4.0033603,3.482294,3.5968277,2.997551,3.0623288,2.9488044,3.0955908,3.2342696,3.40789,2.3700175,2.5266538,2.428028,3.0209668,4.298879,2.9331236,2.5003812,2.835511,3.1439683,3.3537269,4.21899,3.7860174,2.6893013,2.5773857,2.3695688,2.3427665,2.5389068,2.5076516,3.1133983,3.2475657,3.5620813,3.469134,2.7168844,2.7223501,2.5199244,2.6522179,4.265075,2.8223135,3.30799,2.8646913,4.2879405,3.431406,3.2576334,3.6242623,3.2469666,3.1981306,3.3880222,3.331278,2.5083253,4.3253746,2.956287,2.8578725,2.926183,2.9270563,2.9129653,2.7945452,3.3735864,3.335299,3.5521727,3.5652127,3.4695113,3.624485,3.8833036,3.9224243,3.8247554,3.2155788,3.7461433,3.722093,3.3165147,3.5813634,3.2183688,3.2983809,3.7424314,3.7469976,3.7618766,3.7678816,3.9208407,3.6542947,3.8340313,3.789495,3.0692706,2.9562273,3.3928063,3.1503313,4.690496,4.8900023,4.59494,4.6003118
17,3.9683208,3.4091249,2.302562,2.2374318,1.9396925,2.1527116,2.0330448,2.0365505,2.2172594,2.1079366,2.0140765,1.7365007,1.6462121,2.035377,1.9592309,2.208238,1.241855,0.0,2.5615652,2.4982572,3.0274808,1.2496362,1.8034254,1.6354976,1.9077706,2.0106564,2.2247388,2.1303308,2.6920452,2.7041197,2.7433245,2.6835935,2.7823951,2.9861407,2.6885042,2.8551672,2.374298,2.2198553,2.634578,2.3036916,3.0183306,4.135168,3.553949,3.612931,2.7168956,2.8147874,2.6197584,2.8177266,3.0320938,3.3055172,2.7125254,2.8982105,2.589374,3.106305,4.1714334,3.0904393,2.1246457,2.5522485,2.866343,3.290736,4.0829954,3.6052532,2.454744,2.1841514,2.0697832,2.0496962,2.2765715,2.191537,2.9790812,3.0413008,3.3474019,3.2817132,2.4066525,2.5092127,2.2521565,2.3728483,3.8929846,2.2599933,2.8615515,2.2717617,3.8869152,3.2239382,3.0770938,3.4161508,3.0074592,2.9003465,3.4426365,3.1593688,2.1843376,4.0937266,2.6484246,2.5718682,2.5490327,2.5614324,2.5196936,2.4106042,3.144134,3.1338549,3.3462498,3.35213,3.1901827,3.4943526,3.6183152,3.7158349,3.6342604,2.9560614,3.5187373,3.49888,3.0747616,3.3876195,3.050746,3.1280181,3.2883937,3.255118,3.317596,3.3054311,3.5659566,3.2226458,3.3875353,3.3532407,2.7018964,2.5351262,3.1065898,2.9002383,4.0937557,4.2887263,3.9282913,3.939413
18,3.384304,2.6872656,1.7918994,1.8408858,2.059959,2.6705792,1.9786811,2.003058,1.5007979,1.984637,1.6599033,1.5681386,2.517641,1.7690293,1.6162941,1.6697413,2.6727252,2.5615652,0.0,0.36002526,4.170071,2.882589,3.2816875,3.2639446,1.6191823,1.1849147,1.6690594,1.4409947,2.186994,2.1838622,2.554518,2.0155,2.900784,3.1528146,2.675949,2.8258548,2.2687266,2.1117418,2.1321483,1.7380197,2.7327256,3.9972477,3.6284184,3.6864347,2.7666645,2.414955,2.6744955,2.7076714,2.8395994,3.0551758,2.331202,2.5044544,3.0091963,2.505103,3.4925861,2.1484008,2.0107858,2.38927,2.7621896,3.1899736,3.34298,3.3584807,2.3640645,1.9450318,2.3400757,2.5187595,2.5396256,2.325686,3.0585036,3.0148652,3.1629956,3.223629,2.0483534,2.430341,2.2343888,1.9954174,3.7430844,2.4115448,3.1147752,2.404901,3.1247516,2.185054,2.7319643,3.3121667,1.9568559,2.047701,2.3145251,2.0693424,2.4131217,3.7917435,2.1488085,1.9744288,2.3361886,2.1911135,2.133449,2.1508796,1.9791172,1.9268351,2.0098925,2.0031374,2.0176935,2.3004136,2.798702,2.9675524,3.0701942,2.1522436,2.8970003,2.8973742,2.1837134,2.717937,2.0753477,2.31989,3.1014762,3.1132126,3.1337042,3.1587148,3.368464,3.232344,3.2559159,3.2520998,2.458242,2.7967484,2.9722245,2.6299357,4.1350846,4.343447,3.9935396,4.0097136
19,3.3409016,2.6605074,1.6827872,1.7524264,2.059294,2.6514971,1.947081,1.964296,1.3926152,1.893849,1.5285052,1.4350737,2.4582653,1.6655413,1.528653,1.5752176,2.6879823,2.4982572,0.36002526,0.0,4.0872116,2.7859662,3.2181816,3.1970806,1.7174057,1.333931,1.5682741,1.3282198,2.1484811,2.1467812,2.5965862,2.1096401,2.8247042,3.0742335,2.6035826,2.7436972,2.1531498,2.0013864,2.0882177,1.7020222,2.6587229,3.9183679,3.5568314,3.60197,2.7057757,2.3870633,2.602005,2.6458135,2.7333925,2.9645638,2.267299,2.4398742,2.8931632,2.4030566,3.4506648,2.0328498,1.8744707,2.2984438,2.687936,3.1198483,3.2815475,3.2651193,2.2984622,1.8138373,2.2340734,2.4054246,2.493473,2.2401514,3.0116403,2.9408205,3.107488,3.1529703,1.9468777,2.3605487,2.1465209,1.9030467,3.6668124,2.326763,3.0551338,2.3097587,3.0183625,2.0370274,2.6378078,3.2323778,1.8081695,1.9221387,2.3833709,1.9396995,2.3166866,3.695407,1.9939611,1.826264,2.1905901,2.0384507,1.9663905,1.9871695,1.9118025,1.8596752,1.8899157,1.8809394,1.8917938,2.2102318,2.7003176,2.8930013,2.9753764,2.0206146,2.78787,2.7943966,2.0644662,2.6081746,1.9824566,2.2358677,3.059111,3.0692055,3.1165922,3.1319072,3.3105555,3.17201,3.1907394,3.1960688,2.4055607,2.777143,2.9421341,2.6013687,3.8617136,4.087828,3.7065656,3.7263865
20,5.330369,5.1358576,3.6645176,3.6375194,3.6338592,3.608625,3.3479202,3.3089108,3.7337139,3.5249002,3.557716,3.4675283,3.6311595,3.6526191,3.625576,3.811366,3.3715303,3.0274808,4.170071,4.0872116,0.0,3.3279963,4.115578,3.679507,3.8429189,3.876471,4.030761,3.8606603,2.9393117,2.9297373,3.8266385,4.23056,3.8035097,3.0017407,3.82609,4.0356393,3.642094,3.6128013,4.3999076,3.8076317,4.1138315,4.401205,4.1688523,4.3603926,3.295063,3.5951834,3.4947577,3.697209,3.8967779,3.962971,3.80955,4.298191,3.5739799,4.020235,4.592464,3.791864,3.48627,3.4661064,3.3158648,3.2287636,4.749936,4.2291327,3.5888765,3.5254009,3.7376466,3.8596702,4.158003,3.859481,4.1744556,4.104589,4.547016,4.4042077,3.6587844,3.996988,3.781437,3.7380416,4.6871324,3.7798972,4.0595903,3.6237628,4.6033134,4.3759894,4.1646385,4.305241,4.174739,4.150946,4.5261526,4.156775,3.536008,4.9882283,3.8036618,3.94078,3.642397,3.7482574,3.5396001,3.6410716,4.079974,4.1057425,4.4566193,4.4644966,3.953041,4.20296,4.1068993,4.3765006,4.3841233,3.7596908,4.0019894,4.0464187,4.164793,4.0088944,4.041507,4.245665,4.316334,4.3397603,4.3451095,4.3446827,4.432092,4.263522,4.3740993,4.3446894,4.0354834,4.171289,4.238579,4.360519,4.963053,5.0912247,4.6285377,4.7385073
21,4.0193586,3.5547738,2.2972646,2.2546444,2.5883076,2.6944578,2.3621373,2.3713827,2.4618518,2.3176196,2.2391672,1.9802212,1.9411038,2.1879423,2.1656463,2.4215727,1.6870303,1.2496362,2.882589,2.7859662,3.3279963,0.0,1.6773925,1.5495396,2.2126546,2.4428506,2.1438644,2.077735,3.2000587,3.2137012,2.9475768,2.8275776,2.586379,2.9554129,2.4829047,2.5408785,2.5505881,2.4269545,2.9067793,2.7084885,2.8934705,3.928883,3.4737902,3.501808,2.203565,2.4603703,2.2070725,2.4064589,3.1820376,3.379059,2.642885,2.9424062,2.3929682,3.229108,4.2693973,2.9495313,2.2705035,2.6813586,3.2843673,3.616639,4.6510487,4.152835,2.6466076,2.4345613,2.0328605,2.3490658,2.4044454,2.3339622,2.988127,2.8417895,3.2569177,3.1278272,2.4814203,2.87756,2.5141678,2.623455,3.8293765,2.3223863,3.0529823,2.3382747,4.0839915,3.472804,3.2841437,3.5633075,3.1961572,3.2175229,3.48522,3.179134,2.0927072,3.954796,2.7207336,2.6705263,2.3407233,2.3660252,2.3582497,2.2641096,3.2658105,3.2706017,3.4631066,3.4712648,3.1666157,3.419843,3.50744,3.475742,3.594839,2.9568717,3.556718,3.5542452,3.3302765,3.359453,3.2389414,2.888653,3.0302699,3.0288506,3.113266,3.0920436,3.1081138,2.8986464,3.0587285,3.0397868,2.4569993,2.4505975,2.8557904,2.6630504,3.9429262,4.137231,3.6213067,3.6069102
22,3.772423,3.3090377,2.7555413,2.621859,2.5764322,2.5190725,2.6221554,2.613228,3.0886178,3.032152,2.9825115,2.7393916,2.5326025,2.86088,2.842352,3.0607638,2.0031366,1.8034254,3.2816875,3.2181816,4.115578,1.6773925,0.0,0.5618343,2.601764,2.6939635,2.5527189,2.5998187,3.7562058,3.7639031,2.833803,2.5444005,2.661088,3.3192403,2.6457734,3.0080678,2.794986,2.6392622,2.4733613,2.5440195,3.658961,4.5192084,3.8655303,3.8803875,3.1370964,3.3254614,3.060871,3.2404826,3.0931778,3.4327252,2.7828825,2.926487,2.3904037,3.2319396,4.4052563,3.3231244,2.6345289,2.8711596,3.6572518,3.9145658,4.7578053,4.237025,2.6264918,2.619128,2.4658315,2.2781186,2.3386583,2.718616,2.6045172,2.9126363,2.9531317,2.7582197,3.007826,2.7431493,2.587864,2.8223596,3.9752235,2.7634444,3.406958,2.850838,3.892541,3.488142,3.0127463,3.3970413,3.379868,3.337917,3.769053,3.437016,2.781878,4.4930606,2.918931,2.9044523,3.0543654,3.0806613,2.8578446,2.8625612,3.7788234,3.720119,3.7078483,3.7152183,3.7362037,3.9414935,3.893326,3.666626,3.463239,3.5548027,3.875626,3.906638,3.4716763,3.6167324,3.4269915,3.3259413,3.07483,3.0178885,3.0971918,3.0709696,3.2241497,2.9808605,3.1486712,3.126503,2.7107635,2.592375,2.8326316,2.7695367,3.935105,4.1245003,3.9664276,3.914194
23,3.9097316,3.4662745,2.6811948,2.538221,2.5309846,2.4775498,2.5048203,2.4869082,3.0352843,2.9584892,2.9135017,2.67138,2.492775,2.83831,2.8163753,3.0328841,1.8882047,1.6354976,3.2639446,3.1970806,3.679507,1.5495396,0.5618343,0.0,2.5965228,2.6943645,2.5046868,2.5926123,3.4847262,3.4905815,2.8397498,2.544135,2.5871007,3.0441792,2.5948405,2.9683082,2.6702263,2.556842,2.564204,2.4865634,3.6240528,4.4667196,3.8058264,3.8569057,2.97106,3.208856,2.9230626,3.1186383,3.0927098,3.4311345,2.7579076,3.0289,2.3460865,3.205925,4.311202,3.247173,2.6072278,2.81825,3.4040792,3.676481,4.778522,4.246475,2.5822525,2.561816,2.5444267,2.3688486,2.3732834,2.7591937,2.6524377,2.9566243,3.0155964,2.8079357,3.0189972,2.794595,2.6276522,2.8201756,4.0350137,2.8126898,3.4099982,2.8643525,3.9251714,3.5270195,3.077697,3.452746,3.417705,3.3706768,3.8197396,3.461601,2.7521663,4.489229,2.9135926,2.92266,3.0348375,3.0760617,2.7646883,2.8552756,3.7857478,3.7315948,3.7696502,3.7762105,3.7111635,3.9366682,3.874812,3.6291907,3.4746728,3.5273147,3.8855982,3.9214494,3.5126703,3.629351,3.4469008,3.3368514,3.0613935,2.9990242,3.063213,3.0379822,3.224071,2.9929314,3.154364,3.126467,2.6549852,2.5713742,2.8120306,2.7542949,3.8919663,4.084485,3.8659492,3.836216
24,3.2662485,2.7552626,2.0391252,2.111092,1.71317,2.4415336,2.1491947,2.1638777,2.0720658,2.1239815,1.9989973,1.8039103,1.9578229,1.937604,1.7997787,2.0759954,1.5090222,1.9077706,1.6191823,1.7174057,3.8429189,2.2126546,2.601764,2.5965228,0.0,1.1053398,1.4574914,1.3060703,2.2227762,2.2385836,2.6735957,1.8265887,2.8707447,3.243199,2.670396,2.9067783,2.4145498,2.406811,2.4499586,2.0936863,2.9187803,3.9059036,3.5274968,3.591145,2.8620603,2.5630846,2.8210905,2.8922544,3.033422,3.2066257,2.0460415,2.1727707,2.6989803,2.6851716,3.8559413,2.4771879,2.110863,2.433498,3.067956,3.269646,3.675838,3.5323396,2.4246442,2.266921,1.9971565,2.148095,2.4249349,2.151099,2.7799268,2.9378278,3.1199281,3.110461,2.1293933,2.1681387,1.9951671,2.0748682,3.873017,2.3952844,3.107302,2.410996,3.7696905,2.8442988,2.7317262,3.1926796,2.6160436,2.6510773,2.5869045,2.671817,2.0136938,3.9263372,2.3139894,2.152329,2.450418,2.377588,2.3499079,2.2642212,2.5186007,2.4643393,2.6969686,2.705698,2.6488857,2.7762308,3.192556,3.2894104,3.274293,2.6464117,3.2354066,3.2498662,2.6233077,3.0614057,2.4625697,2.6963441,3.241501,3.2826726,3.2642748,3.3039696,3.4298284,3.243107,3.3614876,3.3357706,2.5240889,2.4661252,2.9501612,2.7306392,4.3953805,4.591475,4.3632183,4.350648
25,3.1904802,2.43457,1.8110759,1.8464894,1.67377,2.1410918,1.6242298,1.6405118,1.6296052,1.8301612,1.7448119,1.5877707,2.101849,1.6879202,1.5440699,1.6999996,2.050591,2.0106564,1.1849147,1.333931,3.876471,2.4428506,2.6939635,2.6943645,1.1053398,0.0,1.7429998,1.4055188,2.2440245,2.2534542,2.224314,1.5196422,2.7515242,3.0767431,2.5387847,2.875543,2.5011706,2.187972,2.1012528,1.7495488,2.8617606,4.1611123,3.804584,3.8720167,2.6829119,2.3931377,2.6530585,2.7512147,2.9024725,3.1415071,2.2659287,2.4331796,2.7444303,2.695833,3.47546,2.4434478,1.9071776,2.294906,2.923312,3.2865412,3.7091537,3.5551338,2.2919416,2.0325768,2.1438334,2.191842,2.49455,2.2409027,2.7827866,2.9549594,3.0019932,2.9989645,2.0245748,2.0599833,1.9449258,1.8729867,3.8203723,2.2339745,2.9454863,2.2351847,3.1729753,2.3213792,2.5578144,2.998959,2.1616004,2.1909292,2.156846,2.2553008,2.2978978,4.0991855,2.1839125,2.004965,2.498286,2.411067,2.301641,2.2593691,2.1667242,2.0913484,2.2781856,2.283805,2.3787527,2.4645402,3.0384054,3.051051,2.975416,2.354393,3.0623264,3.073898,2.204681,2.83767,2.0337176,2.4188724,2.9400077,2.953388,2.9403956,2.967504,3.1791196,3.0062997,3.0944016,3.05063,2.306426,2.4432976,2.8148706,2.6080987,4.2517695,4.3967624,4.250967,4.2455087
26,3.1029785,2.6348007,1.5422691,1.6660658,2.2064416,2.8182395,2.0489995,2.049041,1.7992039,1.9829243,1.7184191,1.5870031,2.3158104,1.8415813,1.7629915,1.8830683,2.1319058,2.2247388,1.6690594,1.5682741,4.030761,2.1438644,2.5527189,2.5046868,1.4574914,1.7429998,0.0,0.8292227,2.2347262,2.2432947,3.035251,1.9134,2.4964325,2.880695,2.3096557,2.6163318,2.0405607,2.1879718,2.3792098,2.0863209,2.8068178,3.9008598,3.4518287,3.4799929,2.6458135,2.4073954,2.5822787,2.6562157,3.1263015,3.381913,2.0258992,2.3575048,2.5450816,2.3628175,3.5831618,2.1636517,1.9929785,2.4193347,2.8304362,3.1213171,4.054018,3.9229531,2.4121654,2.0824444,2.2039475,2.3013487,2.405714,2.303079,2.794409,2.844813,2.8422172,2.852117,2.2505007,2.4577327,2.238294,2.1396828,3.9170742,2.6548133,3.3018348,2.6520367,3.5776434,2.529536,2.7734575,3.226505,2.4012406,2.4701426,2.8515131,2.505923,2.30029,3.7640097,2.243889,2.0973067,2.3889735,2.2772186,2.0110977,2.1456769,2.4850993,2.4183273,2.5308573,2.5313442,2.50541,2.6964452,3.1013494,2.8168077,2.9291816,2.4669266,3.3012078,3.2929447,2.5011554,2.9748359,2.3840766,2.270714,2.988207,3.0075076,3.0449777,3.0497983,3.182849,3.031817,3.0762868,3.0716472,2.087431,2.2375448,2.66928,2.4447277,3.511124,3.7386062,3.4236424,3.378897
27,2.9128628,2.407187,1.2908622,1.5053436,1.8661445,2.4072201,1.8088819,1.8182817,1.5736067,1.6275369,1.5912201,1.4304706,2.08514,1.5071745,1.40032,1.6375327,2.229152,2.1303308,1.4409947,1.3282198,3.8606603,2.077735,2.5998187,2.5926123,1.3060703,1.4055188,0.8292227,0.0,2.2811005,2.2946646,2.5652268,1.7254306,2.3088422,2.751896,2.081744,2.4406483,2.1680152,2.0721364,2.1455145,1.8334928,2.6447723,3.7333558,3.3662763,3.3774247,2.4266353,2.1654644,2.4651134,2.564823,2.8414912,3.0385664,1.9620816,2.2560441,2.5264072,2.3266463,3.4457672,2.0987885,1.662897,2.078461,2.8887134,3.123069,3.7539458,3.6257358,2.176158,1.8874629,1.6443583,1.8708085,2.3005555,1.9057714,2.4542525,2.464091,2.514553,2.5235798,1.6401197,1.971457,1.7016027,1.664415,3.4488504,2.0422513,2.8688157,2.0224671,3.1018302,2.1607573,2.295781,2.8077695,1.9171989,2.0139086,2.4381268,2.0099044,1.7680372,3.5346751,1.7103324,1.5764616,1.8826624,1.7741138,1.5443556,1.6289301,1.9437283,1.8820673,1.9706995,1.9729006,1.9298304,2.2162538,2.5754752,2.4408674,2.5040088,1.9411927,2.762197,2.766514,1.9782777,2.4544685,1.8291854,1.8569754,2.5618498,2.6180081,2.672156,2.6911197,2.7497816,2.5758076,2.6319368,2.6423469,1.7589178,1.9614459,2.357986,2.1636899,3.3868668,3.6093433,3.2965574,3.2777936
28,4.170253,3.7905777,2.6081958,2.6890125,2.6565917,3.27026,2.5258405,2.4766314,2.2998333,2.4448314,2.2366283,2.1856508,2.9750206,2.4827735,2.421621,2.500358,2.6074157,2.6920452,2.186994,2.1484811,2.9393117,3.2000587,3.7562058,3.4847262,2.2227762,2.2440245,2.2347262,2.2811005,0.0,0.08088915,3.5047321,2.8286335,3.5738149,3.1932075,3.446551,3.7084289,2.5193586,2.6597006,3.1683638,2.473224,3.4793203,4.417319,4.056378,4.225327,3.2752395,3.105576,3.3293488,3.4257128,3.464588,3.691143,2.7601528,3.1359603,3.19678,2.9857087,3.6767535,2.5787199,2.7618573,3.0156496,2.5227375,2.8714175,3.8432004,3.688571,3.1049638,2.7816887,3.220438,3.1917315,3.34664,3.2660956,3.7789443,3.9065752,3.9795423,3.9707184,2.9514644,3.0286655,2.9315517,2.7727697,4.640904,3.460888,3.8998315,3.3511167,3.9586875,2.9883308,3.3732388,3.7189367,2.9259014,2.947553,3.2860022,2.9983068,2.9611557,4.338176,2.7569807,2.681369,3.0907917,3.035086,2.714382,2.8917685,2.8911943,2.8199246,3.0865076,3.0875304,2.8771071,3.0658388,3.5072927,3.6899276,3.614869,2.900248,3.542442,3.5999455,2.9022913,3.4629488,2.7315824,3.3007803,4.039937,4.0689483,4.0549273,4.0798182,4.253105,4.1194468,4.168257,4.155857,3.2917192,3.5001905,3.8240821,3.6679962,4.36607,4.5593486,4.3335824,4.372167
29,4.1546183,3.784729,2.5972457,2.6707563,2.6617537,3.2758892,2.5059917,2.4569135,2.2896295,2.4461827,2.2319999,2.1840205,2.9919999,2.47996,2.417119,2.4913673,2.6142159,2.7041197,2.1838622,2.1467812,2.9297373,3.2137012,3.7639031,3.4905815,2.2385836,2.2534542,2.2432947,2.2946646,0.08088915,0.0,3.4910288,2.8258026,3.555047,3.166676,3.4309025,3.6988072,2.4965353,2.657718,3.1648688,2.468198,3.4745226,4.385172,4.0224514,4.194794,3.25943,3.0998013,3.3173351,3.4145753,3.4508753,3.6665347,2.740601,3.1245103,3.1787107,2.946019,3.6541412,2.5502439,2.7528796,2.9972718,2.5080662,2.8355844,3.826749,3.6718428,3.0776267,2.7595096,3.2212622,3.1922646,3.346208,3.260459,3.764075,3.8843775,3.9633005,3.95614,2.9432693,3.0379043,2.938228,2.7699993,4.6317387,3.4638612,3.8953269,3.3550708,3.9354038,2.9676774,3.3630383,3.7117863,2.9091916,2.9274423,3.2853398,2.9898372,2.9788578,4.347223,2.763808,2.6932476,3.0886643,3.034199,2.7201958,2.893535,2.880159,2.8103929,3.0739784,3.075097,2.8639612,3.0656295,3.4899256,3.6684496,3.5992653,2.879437,3.5187554,3.5746448,2.8917077,3.4363265,2.721912,3.2826908,4.030625,4.0591855,4.044403,4.068497,4.2487116,4.11196,4.159825,4.1461935,3.2886088,3.5071883,3.8099208,3.6602926,4.376034,4.567947,4.335976,4.3752627
30,3.4832458,3.0718555,2.2841694,2.1927369,2.2063923,1.8218762,1.9921317,2.0034156,2.7305276,2.749758,2.7667184,2.6594393,3.076657,2.6723528,2.5873067,2.8048203,3.1070547,2.7433245,2.554518,2.5965862,3.8266385,2.9475768,2.833803,2.8397498,2.6735957,2.224314,3.035251,2.5652268,3.5047321,3.4910288,0.0,2.0830615,2.000125,2.4661152,1.9489217,2.540287,2.8952303,2.2714455,2.0827215,2.0452476,3.2290769,3.8785937,3.4009628,3.4350164,2.5640213,2.432793,2.6047785,2.73385,2.2039177,2.4441628,2.6196535,2.779946,2.6903849,2.5091739,3.628675,2.7075949,1.9902515,1.6873181,3.3367603,3.2355185,3.4106863,3.0900426,1.6061611,1.8906037,2.146676,2.4065607,2.5426068,2.405772,2.0019486,1.9324234,2.2389436,2.2204487,2.1059768,2.4690385,2.2454357,2.2130766,2.6537435,1.9934086,2.8505893,1.9973642,2.3711343,2.7382884,2.1346087,2.6005394,2.4533868,2.4340189,2.5176585,2.4662292,2.5460248,4.063404,2.3250885,2.4807186,2.3343668,2.3652844,2.3496134,2.2568114,2.3684373,2.367485,2.5425994,2.55019,2.3983839,2.7202697,2.270254,2.527945,2.46906,2.4320188,2.2422247,2.3315132,2.3926384,2.1197019,2.3370678,2.5122263,2.045506,2.082556,2.0735183,2.1089215,2.3627887,2.1315818,2.217362,2.2156298,2.3673809,2.5234377,2.100745,2.5395653,4.373815,4.479539,4.264907,4.252419
