,0,1,2,3,4,5,6,7,8,9,10,11,12,13,14,15,16,17,18,19,20,21,22,23,24,25,26,27,28,29,30,31,32,33,34,35,36,37,38,39,40,41,42,43,44,45,46,47,48,49,50,51,52,53,54,55,56,57,58,59,60,61,62,63,64,65,66,67,68,69,70,71,72,73,74,75,76,77,78,79,80,81,82,83,84,85,86,87,88,89,90,91,92,93,94,95,96,97,98,99,100,101,102,103,104,105,106,107,108,109,110,111,112,113,114,115,116,117,118,119,120,121,122,123,124,125,126,127
0,0.0,2.4793837,0.3801888,0.9826003,1.3518538,0.584697,1.1100498,1.1285287,1.2658536,1.3720198,1.4362009,1.3874487,2.5383391,2.2352848,2.6555333,2.6397424,1.0567404,1.5164875,1.0419255,1.8719238,0.6176973,0.5334378,0.6150436,0.7725088,0.5266667,0.7118097,0.6079318,0.54003507,1.4091138,2.3103309,1.8264141,0.5241992,2.872777,3.517231,2.9194565,2.9366124,1.7936269,2.8426433,1.719215,1.6945156,2.9972136,3.1977634,2.6749184,2.7398868,2.6383166,2.7543392,2.6346035,2.7859077,2.6493914,2.869166,2.8339353,2.757353,3.9927053,3.145419,2.9435515,2.7227347,3.2920709,3.3902724,3.3193655,3.2929807,2.4458058,2.3735905,2.528046,2.41471,3.7680998,3.7969785,3.7119997,3.6589344,3.6215644,3.0498593,3.7215288,3.619324,3.9726427,4.1369357,3.736865,3.6994824,3.6932802,3.8683147,3.8196151,3.8783422,3.2448251,3.644806,3.2238326,3.6136467,3.8093278,3.5162225,3.5270505,3.2588189,4.031059,3.392343,3.7691407,3.617073,3.2642694,3.4617257,3.036246,3.6032104,4.236967,4.3495793,4.0765905,4.0584993,4.0850816,4.5568304,3.8636005,3.9115598,4.2469172,4.3490324,4.4983664,4.40776,4.0959616,4.6688933,4.095703,4.560304,3.367788,3.5003831,3.5428865,3.5294247,4.085465,4.1076245,3.7016528,3.9300828,3.8427804,3.8904498,3.5672383,4.0204215,4.7793765,4.9522448,4.2478204,3.7319522
1,2.4793837,0.0,2.4931307,2.478753,2.8324668,2.483443,2.6530943,2.635944,2.6331873,2.6908221,2.6751306,2.6985664,3.4380286,3.2859883,4.4147916,4.3800855,2.6575398,2.8059142,2.3774562,2.8900473,2.443204,2.4231703,2.4404821,2.4193795,2.4761863,2.5568838,2.4839895,2.4524271,2.7229483,0.7721355,3.0355577,2.4473214,3.6547112,4.140496,3.6659875,3.707081,2.7153563,3.5012922,2.7159197,2.6806407,3.7983255,3.9925928,3.5685332,3.631728,3.4040804,3.625727,3.4839115,3.591298,3.4659057,3.511812,3.489245,3.5605385,5.0997524,4.3921475,3.7017832,3.509503,3.9455993,4.0047116,3.9823449,3.9566698,3.3430183,3.271465,3.3607168,3.3402014,4.0819483,4.0716023,4.161609,4.1627555,3.9390647,3.4600852,4.024839,4.1719294,5.066732,5.172777,4.9147334,4.8910756,4.106885,4.4743857,4.1858273,4.2599683,3.7386227,4.7040644,4.4145107,4.756168,4.8528476,4.6137757,4.6099725,4.382823,4.9318285,4.45315,4.2503924,4.0122604,3.8172145,3.9868538,3.6755986,4.1705294,4.707955,4.780711,4.5507,4.5426526,4.521303,4.947796,4.2842402,4.357969,4.8235583,4.9302697,5.0936174,4.958411,4.745051,5.2504463,4.7351875,5.053531,4.0771666,4.2102265,4.220364,4.1961102,4.6975594,4.647753,4.2850027,4.598109,4.5438704,4.587616,4.252092,4.655525,5.2549644,5.381319,4.9219503,4.410682
2,0.3801888,2.4931307,0.0,1.0048411,1.2352955,0.41433027,0.97737616,1.0054396,1.2391827,1.3713835,1.400052,1.3723384,2.5840387,2.1931229,2.6266823,2.6168275,0.88995993,1.4193337,0.9837622,1.8509165,0.49048296,0.39731437,0.53298867,0.76558524,0.41170853,0.6706789,0.5510181,0.5302611,1.3260076,2.2724183,1.7837635,0.30863106,2.9027488,3.5415382,2.9663606,2.9875066,1.7935976,2.8132284,1.7363734,1.7021706,3.0719578,3.2076511,2.6425893,2.6581476,2.6134567,2.7212029,2.611241,2.844084,2.4230957,2.665878,2.7516701,2.5357363,3.8908412,3.0194259,2.7631912,2.5172837,3.1463647,3.226164,3.1720526,3.144773,2.2348008,2.1376991,2.3122728,2.1954691,3.7343817,3.7389088,3.5305688,3.4780674,3.5664225,3.0083716,3.6706266,3.562484,3.9393756,4.0954723,3.7061386,3.6647027,3.6523683,3.8787732,3.7673037,3.825717,3.3088305,3.6999347,3.2725883,3.6853905,3.9161308,3.6110497,3.6288087,3.3254123,4.143602,3.451257,3.8500838,3.627624,3.3320394,3.5264926,3.0325215,3.6256611,4.26211,4.351997,4.082309,4.0513167,3.9662194,4.463573,3.725703,3.7906933,4.0769024,4.185471,4.3450065,4.2495904,3.903205,4.485227,3.9038908,4.3802133,3.3850484,3.4920256,3.5232809,3.5093796,4.0771265,4.0955334,3.7203143,3.9141004,3.716607,3.762911,3.4898818,3.9221468,4.8088813,4.9880614,4.272084,3.7676926
3,0.9826003,2.478753,1.0048411,0.0,2.0404918,0.97110504,1.3618627,1.3677233,1.4998077,1.5682403,1.5658985,1.5784081,2.361263,2.248483,2.726422,2.708056,1.5406746,1.7522506,1.3757116,2.3095558,1.098557,1.0071878,1.0037042,1.061792,0.99080586,1.1588417,1.0586838,1.0308104,1.5174322,2.2679012,2.0814219,0.9888894,2.752165,3.3525844,2.8109927,2.8323026,1.7883495,2.674109,1.7046363,1.6429297,3.2509587,3.4111218,2.8012245,2.8833241,2.5893562,2.7070081,2.544675,2.7442467,2.6345901,2.807445,2.6592486,2.7555437,4.067416,3.284689,2.9921036,2.7158437,3.1859498,3.2909799,3.2207098,3.193567,2.609267,2.4769886,2.5779424,2.4816194,3.3493693,3.4779844,3.408232,3.3604033,3.3467994,2.8326347,3.4411411,3.3801503,3.6226437,3.8022695,3.5062249,3.4856923,3.397484,3.7208,3.486697,3.5614872,2.9417772,3.5595922,3.1608844,3.5321066,3.697666,3.385657,3.379748,3.2530744,3.6869428,3.0025795,3.2822068,3.058428,3.103304,3.1747384,2.816927,3.3892112,4.0536714,4.1429195,3.85627,3.8124573,3.9704313,4.476,3.7973015,3.835462,4.072932,4.1549044,4.321167,4.2488995,3.8880749,4.614023,3.8760514,4.3491573,3.444503,3.5425751,3.6471937,3.6239984,3.978494,3.9781697,3.6770618,3.9256625,3.690732,3.734503,3.3934646,4.0471835,4.473507,4.6354322,4.3028564,3.747147
4,1.3518538,2.8324668,1.2352955,2.0404918,0.0,1.164695,1.5395933,1.5685966,1.7913748,1.8610739,1.8759117,1.8591303,3.1187003,2.4261613,2.8465276,2.8232346,1.3742783,1.8076894,1.4653624,1.9787301,1.2025428,1.2996442,1.3004531,1.437127,1.2726808,1.3580465,1.4969457,1.4322026,1.7490473,2.6065102,2.0055351,1.2948481,3.087854,3.6718423,3.1951587,3.215404,2.1941075,3.0660286,2.1523638,2.0934765,2.956721,3.077512,2.5434384,2.58335,2.8262093,2.8363614,2.8410408,3.0837593,2.63756,2.908141,2.8559344,2.7043595,4.1682796,3.5718205,2.950439,2.791595,3.2912078,3.3745513,3.3111246,3.285738,2.5708277,2.379754,2.5346582,2.4313798,4.0404277,4.0188155,3.8544867,3.7700183,3.8313453,3.3779547,3.9568787,3.8251264,4.3777375,4.532888,3.9860337,3.9501095,3.9570212,4.159677,4.0999503,4.1312275,3.8116734,4.2848234,3.7383726,4.2385025,4.450271,4.1726847,4.1916738,3.721287,4.6728935,4.0039206,4.3544984,4.140979,3.6936631,4.03576,3.5425448,3.788689,4.4609876,4.558463,4.328111,4.292059,4.212873,4.684029,3.987762,4.0731516,4.089639,4.189639,4.3151364,4.2149057,3.9754848,4.506566,3.9850283,4.367974,3.4856977,3.636354,3.6470778,3.6372135,4.2420526,4.310756,3.8747857,4.0613604,3.751349,3.800018,3.5712967,3.9063628,5.158858,5.3582435,4.496718,4.090581
5,0.584697,2.483443,0.41433027,0.97110504,1.164695,0.0,0.9403264,0.9753846,1.3055227,1.4099787,1.4014125,1.4081357,2.5238311,2.0842783,2.564075,2.5458353,1.1380159,1.4677972,1.0783353,1.9554199,0.48595142,0.5643775,0.4905316,0.7409559,0.44532824,0.70896965,0.8268806,0.7241802,1.2277756,2.2225163,1.752086,0.47629717,2.7706234,3.403677,2.864385,2.8897443,1.7250009,2.6880004,1.6621454,1.5827839,2.9837017,3.1256485,2.538911,2.6145291,2.491895,2.551865,2.504357,2.7456317,2.4127262,2.644053,2.626031,2.516042,3.947394,3.177515,2.6754577,2.54305,3.18478,3.2709527,3.212045,3.1842835,2.3246796,2.1742523,2.315919,2.204164,3.607636,3.6547,3.4921725,3.4182363,3.4732654,2.9701142,3.5875733,3.471599,3.8563638,4.0159802,3.6146395,3.576103,3.5298324,3.8082056,3.6692846,3.7250128,3.2147188,3.751088,3.2499604,3.696815,3.8972962,3.597261,3.614486,3.307266,4.064594,3.3522377,3.7781043,3.5592072,3.2578754,3.4524317,2.967859,3.4800904,4.1258173,4.216097,3.9478083,3.9076746,3.8887234,4.3881364,3.6381173,3.7085857,3.925257,4.0250154,4.1767282,4.086682,3.7510314,4.3953004,3.7501647,4.214966,3.2532613,3.3579018,3.4116573,3.3941088,3.9201658,3.9510248,3.5697377,3.785805,3.5217984,3.5692265,3.2592824,3.7816935,4.619702,4.8155885,4.2006583,3.6690083
6,1.1100498,2.6530943,0.97737616,1.3618627,1.5395933,0.9403264,0.0,0.13655198,1.585827,1.6462861,1.5704184,1.5639224,2.6396294,2.2473035,2.4050949,2.3608608,1.4667038,0.78771454,1.3927749,2.2634225,1.0819193,1.0980917,1.0837022,1.2439326,1.0422282,1.5407437,1.2201891,1.1613097,0.82961017,2.4343462,2.0443616,1.0203807,3.1878154,3.8113966,3.2302866,3.2611063,2.0501413,2.4403577,2.0083463,1.947959,3.3633919,3.471733,2.9409387,2.973763,2.9206107,2.9922304,2.9365597,3.148401,2.5025494,2.734377,2.85306,2.6004753,4.175687,3.2204015,2.8728993,2.7157643,3.2922318,3.361953,3.3154204,3.2885008,2.4227526,2.3291602,2.4614203,2.359054,3.599039,3.6515265,3.4062686,3.357415,3.4555876,3.1676264,3.5472252,3.4636931,3.800081,3.8266711,3.550546,3.5314853,3.500623,4.0036693,3.6137102,3.6784492,3.1662827,3.6356356,3.2102365,3.604313,3.8104854,3.4927986,3.5127409,3.2251596,3.9676392,3.2402246,3.6885612,3.5821264,3.2704585,3.4143472,2.9027228,3.5272527,4.267916,4.1604223,3.8041122,3.7768366,3.763038,4.6712003,3.503288,3.568543,3.8462198,3.9446816,4.157457,4.1025624,3.6481273,4.327111,3.627517,4.1675982,3.0939677,3.2196822,3.2528522,3.2355778,3.7571847,3.8338993,3.5037153,3.6530678,3.4287453,3.4876943,3.1468227,3.6988962,4.5646186,4.763332,3.9629102,3.408168
7,1.1285287,2.635944,1.0054396,1.3677233,1.5685966,0.9753846,0.13655198,0.0,1.5702193,1.6238958,1.539971,1.539953,2.6547468,2.263214,2.397985,2.3565235,1.4851812,0.7362688,1.3522954,2.2558653,1.0871414,1.0885962,1.0656968,1.2001476,1.0536858,1.5626601,1.2302763,1.1648586,0.7448008,2.398655,2.0100842,1.0405673,3.161493,3.7818673,3.204821,3.236367,1.9922054,2.3759456,1.9481533,1.8874888,3.3838825,3.486128,2.950929,2.9904845,2.916356,3.0066912,2.942199,3.159473,2.5017548,2.7225358,2.8640645,2.5969927,4.15896,3.1782947,2.846041,2.681783,3.2602534,3.3321044,3.284949,3.2585845,2.4087431,2.3063974,2.4312804,2.332907,3.536495,3.5844536,3.3558867,3.3062978,3.3832016,3.0939262,3.475731,3.3911955,3.7420332,3.7651143,3.4939325,3.4735744,3.4376733,3.9569278,3.5501304,3.6101599,3.1386614,3.6325483,3.220707,3.6050699,3.7886145,3.4646082,3.484151,3.1968913,3.9607952,3.2228332,3.6729538,3.5612574,3.2298229,3.37687,2.8796244,3.5031424,4.2131095,4.095003,3.7248454,3.6985638,3.7461348,4.6729465,3.4859757,3.5526652,3.8209622,3.923951,4.135458,4.07777,3.6232498,4.290157,3.6038253,4.1495934,3.0566263,3.2173598,3.2420046,3.2236538,3.7653437,3.8314385,3.4707468,3.6739745,3.4195826,3.477441,3.1383162,3.6855326,4.56356,4.7593164,3.9456859,3.3929803
8,1.2658536,2.6331873,1.2391827,1.4998077,1.7913748,1.3055227,1.585827,1.5702193,0.0,0.25208184,0.3826775,0.2997354,3.0023553,2.5667424,2.8572047,2.845068,1.3528037,1.8491328,1.5404847,2.2425375,1.2543848,1.19346,1.1763846,1.2129596,1.1568258,1.3029481,1.2126966,1.1663918,1.5830429,2.363083,2.1843176,1.1832979,2.9418416,3.5816944,2.871655,2.906398,1.4928957,2.8540428,1.6902368,1.7069927,3.1986089,3.3654022,2.7549589,2.8362393,2.6630607,2.8430645,2.6993806,2.8660715,2.8616724,3.2274163,3.069243,2.9936774,4.2243686,3.26747,3.1202528,2.850198,3.295717,3.3678935,3.3324792,3.306009,2.745799,2.517008,2.6298578,2.5738819,3.8418272,3.8512514,3.632224,3.6062224,3.672028,3.1474423,3.774548,3.7015095,4.0930667,4.223479,3.8836205,3.848445,3.8199792,4.4140463,3.8921041,3.9589894,3.5353396,4.049695,3.7205343,4.09504,4.151929,3.8731296,3.8935313,3.5993156,4.280918,3.682851,4.0313997,3.8177056,3.5323868,3.7311811,3.3740602,3.813789,4.4012823,4.50582,4.252617,4.1986203,4.276949,4.775065,4.0251617,4.1295996,4.3947997,4.519188,4.6436973,4.5648956,4.2318826,4.7266884,4.234151,4.511359,3.7570922,4.013255,4.0264006,4.0083175,4.55134,4.6689153,4.109327,4.409014,4.112066,4.1477175,3.8457696,4.2661505,5.146957,5.3142858,4.647667,4.1203523
9,1.3720198,2.6908221,1.3713835,1.5682403,1.8610739,1.4099787,1.6462861,1.6238958,0.25208184,0.0,0.35789305,0.15139402,3.0683155,2.6419897,2.879698,2.8670058,1.4586893,1.8520858,1.6464194,2.3389237,1.3374721,1.2990991,1.2653446,1.2917008,1.2938262,1.4617829,1.3474063,1.2907174,1.6013604,2.4241455,2.284992,1.3147588,2.9855857,3.6075096,2.9141395,2.9460952,1.510011,2.856458,1.7194257,1.7394193,3.2720609,3.4426792,2.8309872,2.9442794,2.7425413,2.9160917,2.7831323,2.936978,2.9739969,3.3359258,3.1274319,3.0976157,4.3355184,3.3729873,3.17903,2.9373436,3.3519938,3.4331996,3.3889196,3.363947,2.8669736,2.6164534,2.7080345,2.657252,3.8210242,3.8639734,3.6863275,3.6505141,3.6796443,3.1718373,3.7754176,3.7075863,4.0857873,4.2165484,3.8714883,3.8457909,3.8057866,4.4588265,3.8751476,3.9420938,3.5707858,4.1260824,3.8005705,4.1576905,4.1998463,3.913795,3.9246533,3.643209,4.2976017,3.7117686,4.0542855,3.8598764,3.5562036,3.75164,3.4500935,3.817401,4.4215918,4.5164013,4.246367,4.1889176,4.3491254,4.8791113,4.104204,4.2068853,4.4260178,4.546063,4.670382,4.6035795,4.2728953,4.76402,4.2761583,4.5518417,3.7591064,4.0474577,4.0591445,4.041483,4.582357,4.7021356,4.1277475,4.424691,4.118685,4.1545177,3.8455534,4.279504,5.158375,5.321015,4.6558733,4.137153
10,1.4362009,2.6751306,1.400052,1.5658985,1.8759117,1.4014125,1.5704184,1.539971,0.3826775,0.35789305,0.0,0.30389342,3.0762088,2.611176,2.8081858,2.7843235,1.5767775,1.789291,1.5628699,2.3597195,1.4024464,1.3138647,1.2514867,1.2464894,1.2470794,1.478235,1.3510994,1.2745377,1.4225293,2.3498905,2.2861423,1.3089135,2.9107711,3.5253773,2.836554,2.8812892,1.3020574,2.6389208,1.5295006,1.5409389,3.2661633,3.4245071,2.7926512,2.8969433,2.6881347,2.8875523,2.7366564,2.9080212,2.9075587,3.279946,3.0199823,3.0430095,4.3215475,3.3335886,3.1137478,2.857376,3.2872748,3.3613105,3.3297265,3.3031497,2.8309016,2.5612342,2.6507235,2.6021867,3.6911106,3.7094643,3.5215466,3.499612,3.5261412,3.0498664,3.6332207,3.5814638,3.9628263,4.061444,3.7474022,3.7142413,3.6802123,4.342471,3.7259998,3.8002727,3.448818,4.0956354,3.7649791,4.1462092,4.1261373,3.8531413,3.868925,3.581257,4.2033815,3.6059248,3.9648783,3.7601018,3.4822333,3.6774745,3.3629146,3.7220378,4.3222237,4.3759303,4.096756,4.038888,4.295313,4.8854513,4.0337873,4.149379,4.351367,4.4737873,4.600597,4.526373,4.1722593,4.692797,4.167519,4.4401965,3.7352712,4.0438833,4.061727,4.040054,4.538117,4.677945,4.0823903,4.415847,4.0849442,4.118641,3.788569,4.2548795,5.1019573,5.2789755,4.64274,4.10714
11,1.3874487,2.6985664,1.3723384,1.5784081,1.8591303,1.4081357,1.5639224,1.539953,0.2997354,0.15139402,0.30389342,0.0,3.063981,2.6320941,2.832985,2.8154137,1.467589,1.7605981,1.6444026,2.3566873,1.351845,1.3104126,1.279156,1.3081889,1.291172,1.5090358,1.3481191,1.2921128,1.5153965,2.4305022,2.2929041,1.3120664,3.0265493,3.6370616,2.9505248,2.9855294,1.5258118,2.794577,1.7356554,1.754775,3.3059301,3.4729528,2.8592243,2.963566,2.7781472,2.949556,2.8178246,2.9699354,2.9596274,3.3276885,3.1013546,3.0849075,4.3635564,3.3768613,3.185206,2.9401104,3.350457,3.4288836,3.387201,3.3617828,2.8610868,2.6110575,2.7067282,2.6551104,3.7920337,3.8336456,3.6597214,3.6286123,3.646055,3.170954,3.740777,3.6788208,4.0529933,4.1623807,3.8349562,3.8109598,3.7750857,4.457428,3.8390768,3.90857,3.5331306,4.088141,3.767147,4.125049,4.1675158,3.8807514,3.8928626,3.6083398,4.2639303,3.6750948,4.025468,3.842711,3.5307522,3.721319,3.4128299,3.785397,4.4328203,4.497664,4.2168374,4.1601562,4.324085,4.9127746,4.07555,4.1814556,4.3907914,4.5115995,4.640148,4.577228,4.2321267,4.727184,4.232246,4.513568,3.7275977,4.014589,4.02536,4.0076547,4.5420294,4.6691127,4.101238,4.3865957,4.080249,4.116677,3.7985542,4.235936,5.1198163,5.285206,4.612793,4.092476
12,2.5383391,3.4380286,2.5840387,2.361263,3.1187003,2.5238311,2.6396294,2.6547468,3.0023553,3.0683155,3.0762088,3.063981,0.0,1.2773461,2.1571767,2.1613848,2.7734537,2.9048612,2.6590986,3.1732945,2.5916412,2.6213498,2.6314244,2.626868,2.541694,2.6325872,2.6284153,2.600645,2.6697004,3.3323598,2.95235,2.6234639,2.2053585,2.9532483,2.2431836,2.2329867,3.5454957,2.5670288,3.4115648,3.176507,2.7177174,3.15741,2.1844368,2.3822916,1.963077,1.9798194,1.8773472,1.7177448,3.1646721,3.309907,2.8808038,3.233697,3.96296,4.545047,4.3218026,4.223962,4.6733437,4.7488904,4.698834,4.6728616,4.019808,4.0001225,4.10033,4.0141363,3.5003436,3.5438335,3.5082207,3.4615345,3.4437623,3.8641264,3.5060375,3.3470123,3.7608767,3.877195,3.633217,3.601791,3.5152225,3.5605066,3.7145436,3.7528677,2.5011954,2.8413792,2.3659785,2.751033,2.9477003,2.7586105,2.7637384,2.570987,3.097196,2.4686553,3.0249057,3.002029,2.4953732,2.5437927,1.9194118,2.87775,4.1651554,4.2206793,3.9640472,3.9027016,3.5953693,3.7790716,3.4307363,3.408634,4.2037973,4.2348933,4.405004,4.3897614,4.2226324,4.7833147,4.2050023,4.66746,2.873048,2.947772,2.9628875,2.9439862,3.6096716,3.4121218,3.3071754,3.5431232,3.564124,3.6037872,2.9797723,3.667364,3.8617127,3.9858418,3.7339878,3.1350536
13,2.2352848,3.2859883,2.1931229,2.248483,2.4261613,2.0842783,2.2473035,2.263214,2.5667424,2.6419897,2.611176,2.6320941,1.2773461,0.0,1.7648159,1.7734927,2.4554133,2.5978818,2.3193734,2.8967838,2.2171397,2.2519412,2.2101545,2.2663555,2.1350057,2.216935,2.2997184,2.2288966,2.229798,3.0440319,2.6686084,2.1629775,1.750277,2.4568415,1.7774706,1.7748866,3.1042864,2.1318688,3.0098891,2.7365663,1.9769008,2.2338285,1.3235987,1.5044006,1.2677132,1.2149236,1.218076,1.6276094,2.2771943,2.59161,2.4229207,2.348262,3.2454593,3.948733,3.6182516,3.4971406,3.9602184,4.012493,3.9818141,3.956846,3.3010733,3.257087,3.3441968,3.265193,3.1262572,3.1143587,3.2770612,3.208893,2.9772296,3.37972,3.0618622,2.8890398,3.4010663,3.5600467,3.1481955,3.1084569,3.1010287,3.445213,3.2458339,3.2896006,2.6790452,3.1676087,2.6426537,3.0892856,3.3138592,2.956229,2.9762623,2.624659,3.6644983,2.7707226,3.270139,3.1995454,2.648639,2.8437498,2.1934862,2.904893,3.7681065,3.8518236,3.5902247,3.4947917,3.4533715,3.6616802,3.2659187,3.322485,3.4340334,3.47091,3.6333737,3.6096206,3.4444711,4.0368,3.4283068,3.8778377,2.4938533,2.6343997,2.661202,2.6355836,3.2950106,3.2251632,2.923431,3.1048112,2.929383,2.9584444,2.5160005,3.146871,3.9676173,4.147269,3.5452905,3.0848548
14,2.6555333,4.4147916,2.6266823,2.726422,2.8465276,2.564075,2.4050949,2.397985,2.8572047,2.879698,2.8081858,2.832985,2.1571767,1.7648159,0.0,0.19454843,2.8474822,2.5247505,2.680818,3.2669964,2.6713226,2.643273,2.598795,2.6139917,2.5350978,2.786153,2.678391,2.6118233,2.2178771,4.08922,3.0711443,2.6337667,2.492312,3.1801054,2.5030923,2.50325,3.2936196,2.0719388,3.1923916,2.9805343,2.9936955,3.1903675,2.3734646,2.518575,2.4097736,2.437119,2.3758185,2.5343134,3.0171742,3.3474405,3.109757,3.0790575,3.66718,3.9767818,4.0156684,3.895459,4.3183804,4.3834004,4.342796,4.3217754,3.8008544,3.697831,3.7691321,3.6744545,3.508983,3.5063787,3.2791271,3.2103717,3.343943,3.81619,3.4115374,3.1416366,3.116305,3.1261644,2.8128796,2.7714214,3.4158583,3.726766,3.5333853,3.5664577,3.0242374,3.2097535,2.7520957,3.1311588,3.1421494,2.8518448,2.8666565,2.535557,3.4305613,2.5912747,3.5681262,3.5973318,2.9941115,3.1418562,2.643541,3.1596382,4.0932508,3.9695375,3.6202242,3.5396533,3.818174,4.4541993,3.6298425,3.6670916,3.8957803,3.937372,4.119728,4.144055,3.8208544,4.3454533,3.7969792,4.295892,2.837605,3.2100868,3.173956,3.158218,3.820026,3.83558,3.4331334,3.6668468,3.4258366,3.4588237,3.0086079,3.579382,4.390195,4.5846553,3.8363395,3.365437
15,2.6397424,4.3800855,2.6168275,2.708056,2.8232346,2.5458353,2.3608608,2.3565235,2.845068,2.8670058,2.7843235,2.8154137,2.1613848,1.7734927,0.19454843,0.0,2.8554535,2.4902275,2.6642406,3.2723956,2.6746945,2.6425617,2.595167,2.6076465,2.5139449,2.7804384,2.6643453,2.5948339,2.1757326,4.0647445,3.075669,2.6211615,2.5113668,3.1892328,2.509564,2.5155003,3.2660644,2.015284,3.1654096,2.9557316,2.9753456,3.1973412,2.3768063,2.5256195,2.441129,2.4596875,2.3949358,2.5143867,3.0611262,3.3982375,3.0681863,3.1303968,3.7702382,4.0432873,4.0635633,3.9335678,4.324563,4.391989,4.35033,4.3282094,3.8340538,3.7315006,3.804864,3.7099333,3.5052621,3.5105243,3.3143914,3.2547457,3.3533263,3.8290215,3.4265587,3.174126,3.1547408,3.1442816,2.8380997,2.8007572,3.4338448,3.7451198,3.5422554,3.5825934,2.9661827,3.1839554,2.7146497,3.1117704,3.0948246,2.8280835,2.8438528,2.514316,3.3329165,2.5240796,3.4803162,3.5372767,2.9664252,3.119372,2.629042,3.119896,4.101191,3.9616954,3.6117115,3.5361342,3.8382914,4.51608,3.6554682,3.6935945,3.935909,3.9729264,4.153869,4.179161,3.8523066,4.4141793,3.8226235,4.307854,2.8623497,3.2164557,3.2041779,3.1866667,3.7777014,3.8268673,3.436346,3.6587949,3.4604073,3.495286,3.0072274,3.622657,4.357559,4.5572276,3.8233585,3.342549
16,1.0567404,2.6575398,0.88995993,1.5406746,1.3742783,1.1380159,1.4667038,1.4851812,1.3528037,1.4586893,1.5767775,1.467589,2.7734537,2.4554133,2.8474822,2.8554535,0.0,1.5979446,1.2264447,1.8254373,0.9192984,0.89677036,1.1451002,1.2478094,1.0885608,1.185519,0.9432412,1.0761851,1.7772739,2.4918542,1.9900993,1.0097677,3.1630967,3.7981179,3.221073,3.2348924,2.1982658,3.1729941,2.19277,2.192591,3.4078174,3.5803554,2.765166,2.7328153,2.8625557,2.9812222,2.8317552,2.9858723,2.7235951,2.9973934,2.9679413,2.8276021,4.140906,3.3664818,3.200742,2.879469,3.4141726,3.4826841,3.4368794,3.4106913,2.6131375,2.4760373,2.6734533,2.5752695,4.0445194,4.011529,3.5607367,3.518654,3.864774,3.3454738,3.9620998,3.836421,4.3320737,4.4870996,4.075311,4.0404787,3.9969893,4.1931906,4.1161456,4.1639276,3.6683874,3.8785186,3.5215287,3.9210818,4.1939726,3.9449515,3.9560688,3.569144,4.388684,3.8029501,4.1788926,3.8461947,3.5476058,3.7851012,3.2911007,3.8190823,4.7066345,4.796457,4.5464883,4.503975,4.095383,4.541935,3.8555722,3.9295287,4.413215,4.5290217,4.680522,4.593742,4.2686057,4.7312565,4.2831583,4.7068896,3.7491894,3.8639917,3.84482,3.8383346,4.4932213,4.4759836,4.1558957,4.304184,4.048037,4.092781,3.8366623,4.155409,5.2204437,5.3575397,4.5494237,4.116744
17,1.5164875,2.8059142,1.4193337,1.7522506,1.8076894,1.4677972,0.78771454,0.7362688,1.8491328,1.8520858,1.789291,1.7605981,2.9048612,2.5978818,2.5247505,2.4902275,1.5979446,0.0,1.4897003,2.2870595,1.4333227,1.3661966,1.4313728,1.5137625,1.4744729,1.9960814,1.4812119,1.4621516,0.921406,2.5920107,2.4556494,1.4629657,3.4473972,4.1040535,3.4939384,3.5192795,2.2251115,2.4405334,2.1642199,2.1397948,3.7526054,3.8560572,3.2481313,3.2719636,3.2641683,3.420283,3.2907789,3.4839725,2.8033485,3.00568,3.1256523,2.8859615,4.478718,3.4322402,3.128397,2.910977,3.461597,3.5351586,3.4881191,3.465646,2.7378104,2.588683,2.7061155,2.6105292,3.6970484,3.7289894,3.2649348,3.2258646,3.5339022,3.3178096,3.5932739,3.5558608,3.919452,3.9011931,3.6548128,3.6487467,3.5792184,4.0685024,3.6659126,3.7360735,3.372316,3.891521,3.5462213,3.8971798,4.0540776,3.741017,3.7273035,3.4294696,4.1511874,3.4872408,3.9168024,3.7898228,3.4244494,3.572243,3.1494658,3.6367378,4.520396,4.3266034,3.93235,3.9103036,3.9866917,5.01099,3.7260594,3.7797313,4.1393332,4.241181,4.496624,4.4514794,3.970542,4.5235357,3.9510438,4.510135,3.2792459,3.573901,3.5123634,3.5025253,4.190174,4.20485,3.8411677,3.960898,3.7401395,3.8019898,3.496427,3.9107106,4.9533043,5.1288576,4.258474,3.7374547
18,1.0419255,2.3774562,0.9837622,1.3757116,1.4653624,1.0783353,1.3927749,1.3522954,1.5404847,1.6464194,1.5628699,1.6444026,2.6590986,2.3193734,2.680818,2.6642406,1.2264447,1.4897003,0.0,1.6426842,1.0721046,0.7466692,0.86390245,0.7014556,0.8117046,1.0709412,0.83206844,0.8079675,1.2620646,2.0430984,1.8863521,0.97368646,2.6289847,3.282204,2.7229097,2.760792,1.4962511,2.4187884,1.3268114,1.2783241,3.1523323,3.3408735,2.5505674,2.574957,2.5475845,2.824846,2.566544,2.740734,2.636743,2.8273616,2.6468267,2.7592905,4.015217,3.2311325,2.9549408,2.6269264,3.2774482,3.36433,3.3216908,3.2949057,2.5733004,2.3995414,2.5508604,2.4564013,3.4669802,3.3594995,3.1074562,3.0919936,3.2147954,2.688196,3.3410513,3.2664146,3.827778,3.9501822,3.5602381,3.4994717,3.4022908,3.384469,3.527244,3.5803328,3.089112,3.734054,3.359086,3.8025215,3.8030455,3.571591,3.574807,3.2088764,3.9765594,3.3627892,3.7670538,3.4594042,3.0569663,3.326799,2.9068937,3.3502545,4.114678,4.1448016,3.8703206,3.85326,4.051716,4.5500007,3.7774262,3.8521235,4.3148494,4.4359746,4.5845838,4.4608445,4.1453733,4.662112,4.1419945,4.5827255,3.4777853,3.7769434,3.7650988,3.745085,4.346795,4.3229437,3.8293536,4.258178,4.0262623,4.066648,3.7303782,4.139676,4.9991307,5.166963,4.494283,4.0086374
19,1.8719238,2.8900473,1.8509165,2.3095558,1.9787301,1.9554199,2.2634225,2.2558653,2.2425375,2.3389237,2.3597195,2.3566873,3.1732945,2.8967838,3.2669964,3.2723956,1.8254373,2.2870595,1.6426842,0.0,1.7994654,1.7306641,1.8395152,1.8101177,1.8095957,1.8460786,1.721094,1.7222017,2.2641826,2.6665707,2.5005295,1.8925732,3.2844503,3.8679032,3.3747885,3.397299,2.4733973,3.3391263,2.380849,2.3739421,3.593592,3.8052433,3.09002,3.1132915,3.1112044,3.3356931,3.1637921,3.267238,3.224272,3.3529992,3.2441347,3.3050976,4.4118285,3.7110534,3.5357602,3.2607372,3.76799,3.8381565,3.801637,3.778046,3.1188269,2.9966664,3.1678972,3.0722485,4.094899,3.9979706,3.6385016,3.631135,3.8121693,3.2858374,3.8832953,3.806901,4.4040236,4.5349536,4.1457653,4.0835886,4.007577,3.9568887,4.5913124,4.6464605,3.3053749,3.7591467,3.3592668,3.804935,4.0090947,3.7529187,3.7355094,3.2774987,4.317715,3.741578,4.128936,3.80458,3.1334667,3.4353507,3.0520513,3.4156663,4.0791783,4.198483,4.323848,4.358304,4.025926,4.386515,3.81053,3.8671753,4.732292,4.8786435,4.989514,4.8625684,4.615543,4.8812346,4.632845,4.678675,3.480388,3.7823894,3.65593,3.6576922,4.5936203,4.4931884,3.9325917,4.266007,4.2902575,4.355952,4.144296,4.1887107,5.2237835,5.3686647,5.25621,4.857209
20,0.6176973,2.443204,0.49048296,1.098557,1.2025428,0.48595142,1.0819193,1.0871414,1.2543848,1.3374721,1.4024464,1.351845,2.5916412,2.2171397,2.6713226,2.6746945,0.9192984,1.4333227,1.0721046,1.7994654,0.0,0.44248047,0.44158757,0.66877234,0.64775145,0.8328372,0.869958,0.7953602,1.32283,2.1799965,1.7287408,0.619985,2.8627417,3.5353074,2.9699981,2.9865272,1.8058335,2.8444993,1.7529144,1.697714,3.1763697,3.3217363,2.6689842,2.7712524,2.594291,2.6818526,2.6443524,2.8603425,2.5437517,2.7382908,2.87615,2.6230078,3.9924214,3.1624365,2.7535744,2.6113865,3.2042036,3.2912834,3.2304888,3.2049203,2.374131,2.222613,2.3616288,2.2546058,3.737693,3.7848725,3.476256,3.3836896,3.577161,3.0383635,3.6799502,3.553066,3.9934037,4.161569,3.7650263,3.7240286,3.6591825,3.9164238,3.8054335,3.8495421,3.355378,3.8380163,3.3673694,3.7734187,3.9949958,3.6936738,3.7033923,3.3817065,4.228525,3.5308208,3.9264054,3.6488032,3.3157504,3.5225656,3.0551784,3.6007235,4.1355968,4.239822,3.9681222,3.9312077,3.8046625,4.312045,3.5681758,3.6361356,3.991088,4.100689,4.2655187,4.1675763,3.837972,4.37466,3.8507717,4.322514,3.228008,3.3971972,3.385161,3.3726919,4.0878196,4.0494323,3.6299684,3.8806527,3.6001408,3.650055,3.3653708,3.784445,4.762257,4.9356537,4.2449193,3.7189586
21,0.5334378,2.4231703,0.39731437,1.0071878,1.2996442,0.5643775,1.0980917,1.0885962,1.19346,1.2990991,1.3138647,1.3104126,2.6213498,2.2519412,2.643273,2.6425617,0.89677036,1.3661966,0.7466692,1.7306641,0.44248047,0.0,0.32812637,0.4918264,0.44107932,0.7241718,0.5271871,0.4651812,1.2205408,2.132448,1.8506144,0.4387749,2.789007,3.4542189,2.873412,2.8958752,1.5823252,2.6943557,1.500226,1.4663954,3.1559248,3.2955163,2.6405666,2.6936734,2.5656369,2.7414927,2.596253,2.831636,2.4975908,2.7201085,2.781033,2.6052637,3.9257302,3.0254257,2.7394006,2.4909565,3.1403918,3.2250292,3.173413,3.147651,2.3193839,2.1652462,2.3181887,2.207937,3.636705,3.6317961,3.3453908,3.2862172,3.44907,2.8665261,3.5506146,3.4569228,3.8744862,4.0343647,3.648869,3.6018467,3.5507019,3.7320447,3.6530173,3.713374,3.2752414,3.7925227,3.3839462,3.785523,3.9404755,3.6419578,3.644585,3.3382697,4.1598177,3.4782825,3.8807917,3.6028397,3.2768788,3.481799,3.0444727,3.5701861,4.1650434,4.249399,3.9669607,3.9343348,3.9722145,4.4651265,3.719464,3.7911146,4.129712,4.2434554,4.410962,4.3063016,3.9591737,4.48443,3.9636147,4.442576,3.380442,3.5981429,3.5873618,3.5729995,4.2303524,4.2069125,3.760979,4.0180793,3.7928607,3.8366287,3.5583274,3.9564114,4.892126,5.0648785,4.36466,3.8561816
22,0.6150436,2.4404821,0.53298867,1.0037042,1.3004531,0.4905316,1.0837022,1.0656968,1.1763846,1.2653446,1.2514867,1.279156,2.6314244,2.2101545,2.598795,2.595167,1.1451002,1.4313728,0.86390245,1.8395152,0.44158757,0.32812637,0.0,0.36040804,0.4744049,0.7439779,0.7626532,0.61372983,1.1313345,2.1005485,1.8125144,0.5232469,2.675024,3.3590076,2.772548,2.7969685,1.4484141,2.5957165,1.3681259,1.2995664,3.0887895,3.2209313,2.5915706,2.7022924,2.4715223,2.6255403,2.5321956,2.782636,2.4914582,2.7085733,2.8192499,2.591561,3.8821244,2.9968643,2.6293795,2.4660509,3.1186564,3.2054946,3.153399,3.1278377,2.3135452,2.150844,2.267206,2.1640823,3.5715482,3.5961194,3.3300378,3.251054,3.3964925,2.8175147,3.5071044,3.3991253,3.8026042,3.9679341,3.5787745,3.5288339,3.4820368,3.7163534,3.5902424,3.647778,3.2341304,3.8372102,3.3930762,3.7956772,3.9056993,3.6039882,3.610634,3.3166466,4.1273813,3.417319,3.8395088,3.5731263,3.2546482,3.4591506,3.036134,3.5562103,3.9717062,4.0655785,3.773676,3.7380326,3.8718488,4.375186,3.6130247,3.6899414,4.0123267,4.121362,4.287472,4.1819706,3.8305662,4.4010143,3.835249,4.316269,3.2462876,3.4863317,3.4900851,3.4713838,4.1088567,4.1063585,3.6153846,3.926117,3.6769388,3.7211316,3.425595,3.8908045,4.7860303,4.9711175,4.263704,3.7289295
23,0.7725088,2.4193795,0.76558524,1.061792,1.437127,0.7409559,1.2439326,1.2001476,1.2129596,1.2917008,1.2464894,1.3081889,2.626868,2.2663555,2.6139917,2.6076465,1.2478094,1.5137625,0.7014556,1.8101177,0.66877234,0.4918264,0.36040804,0.0,0.58003545,0.8258342,0.83925265,0.69356316,1.1189108,2.0451055,1.7239444,0.7411974,2.5740688,3.2279184,2.6743383,2.7071137,1.2820778,2.4961145,1.1688722,1.1012143,3.1325634,3.307516,2.5946813,2.729707,2.4565306,2.6596797,2.5267444,2.714436,2.6492267,2.842156,2.7659638,2.7510715,3.970976,3.0942473,2.7709706,2.575003,3.1741734,3.2718112,3.2157843,3.1896572,2.487173,2.2985332,2.412617,2.3180616,3.4583292,3.4614031,3.2816532,3.211671,3.2584207,2.6666095,3.3823495,3.2738504,3.725434,3.8799596,3.5010042,3.4422731,3.3977516,3.55577,3.5039766,3.5518985,3.0977716,3.7658968,3.3379903,3.7452202,3.7716677,3.5027523,3.510127,3.2064002,3.996685,3.3261642,3.7469926,3.4573216,3.087113,3.3145616,2.9361975,3.412086,3.8880801,3.9736154,3.6716912,3.6430814,3.9068916,4.4173408,3.6546326,3.736193,4.093425,4.210454,4.3511863,4.2344894,3.9154913,4.448388,3.9206548,4.3790803,3.2665062,3.561635,3.5607245,3.5396729,4.1772356,4.153218,3.6083226,4.052647,3.7766457,3.816036,3.4667695,3.9331284,4.753289,4.930721,4.286312,3.7527673
24,0.5266667,2.4761863,0.41170853,0.99080586,1.2726808,0.44532824,1.0422282,1.0536858,1.1568258,1.2938262,1.2470794,1.291172,2.541694,2.1350057,2.5350978,2.5139449,1.0885608,1.4744729,0.8117046,1.8095957,0.64775145,0.44107932,0.4744049,0.58003545,0.0,0.55938643,0.52451396,0.39589444,1.158423,2.19011,1.7916687,0.38448137,2.7045295,3.32831,2.7591686,2.7949564,1.5196743,2.5928082,1.4523748,1.401472,2.9667976,3.1470575,2.515398,2.564008,2.4556687,2.6094267,2.4692588,2.66511,2.5027242,2.7649,2.5684516,2.6289437,3.9618027,3.12895,2.8226254,2.5804076,3.190485,3.2748904,3.2255638,3.196506,2.4031615,2.2464228,2.4156094,2.3028085,3.5879958,3.570527,3.4395182,3.3990664,3.3899546,2.8606992,3.5068984,3.4177637,3.8070931,3.9425576,3.5683177,3.515333,3.5176466,3.7005615,3.6194308,3.6853285,3.1075351,3.6490965,3.2023466,3.6530144,3.7772937,3.5032163,3.5206678,3.2046833,3.9814095,3.3166335,3.741924,3.5154624,3.1604075,3.3714378,2.907997,3.415282,4.1414375,4.222924,3.9602296,3.930054,4.0168233,4.510241,3.7630796,3.844345,4.1098733,4.222979,4.3615417,4.256237,3.9320197,4.4896173,3.9268742,4.3564224,3.3791265,3.5521998,3.5787683,3.561794,4.1203628,4.1468368,3.694523,3.9628103,3.763713,3.8040996,3.4650803,3.906932,4.724713,4.917242,4.3275886,3.798574
25,0.7118097,2.5568838,0.6706789,1.1588417,1.3580465,0.70896965,1.5407437,1.5626601,1.3029481,1.4617829,1.478235,1.5090358,2.6325872,2.216935,2.786153,2.7804384,1.185519,1.9960814,1.0709412,1.8460786,0.8328372,0.7241718,0.7439779,0.8258342,0.55938643,0.0,0.77024364,0.7038039,1.6773714,2.2829463,1.7978565,0.6511235,2.6397371,3.2287514,2.7131145,2.7425876,1.6512934,2.9455492,1.5897167,1.5411052,2.8577843,3.0504334,2.4339592,2.48781,2.3660424,2.4940534,2.3707402,2.5744045,2.5763576,2.8342311,2.6339667,2.7006657,3.8514268,3.1492286,2.856571,2.6304982,3.249396,3.333518,3.2826097,3.2537653,2.4376774,2.3056338,2.4802601,2.3689752,3.7605596,3.7337263,3.672376,3.6218176,3.5679061,2.914088,3.6947796,3.5780225,3.9786077,4.184587,3.752332,3.688399,3.6992576,3.744464,3.8150897,3.8729937,3.290132,3.7614403,3.3004985,3.752973,3.902649,3.642647,3.6661065,3.3492727,4.158754,3.5121627,3.91403,3.6394417,3.3027074,3.5341141,3.0795846,3.5752263,4.169789,4.3704276,4.1634483,4.129728,4.143485,4.3866453,3.9015224,3.9849584,4.235554,4.3476114,4.4466386,4.3240275,4.0672865,4.599772,4.0736494,4.462029,3.5680263,3.6832385,3.7308078,3.7141984,4.2415943,4.2542424,3.8059025,4.08718,3.9057524,3.9390895,3.6335933,4.0465956,4.827776,5.0126815,4.4705696,3.9780557
26,0.6079318,2.4839895,0.5510181,1.0586838,1.4969457,0.8268806,1.2201891,1.2302763,1.2126966,1.3474063,1.3510994,1.3481191,2.6284153,2.2997184,2.678391,2.6643453,0.9432412,1.4812119,0.83206844,1.721094,0.869958,0.5271871,0.7626532,0.83925265,0.52451396,0.77024364,0.0,0.24854355,1.3719957,2.2557547,2.0735977,0.48616868,2.884306,3.45567,2.9039216,2.9336565,1.670878,2.7503579,1.6078604,1.6096091,3.130864,3.3106525,2.6760013,2.6620045,2.6371975,2.844946,2.6173973,2.8045418,2.5898657,2.8747423,2.6442275,2.7311592,3.9939957,3.0883694,2.9855082,2.6379735,3.2485578,3.327535,3.2827876,3.255108,2.437544,2.3276381,2.5198116,2.4051428,3.6550102,3.615627,3.5135074,3.5023825,3.4614832,2.872501,3.5532572,3.5014424,3.8698952,4.0090513,3.646267,3.6004841,3.5812225,3.7177343,3.6831696,3.7698553,3.158481,3.588469,3.2503989,3.6449428,3.8105943,3.5211067,3.5199797,3.2310712,4.0368934,3.4150653,3.8032322,3.577169,3.2127354,3.4051385,3.000935,3.513493,4.3347254,4.4129944,4.1662555,4.143255,4.205248,4.6769075,3.9562445,4.0338864,4.352687,4.467668,4.6123667,4.515439,4.1770678,4.6726975,4.171744,4.59313,3.5678167,3.7404916,3.7532163,3.741046,4.2963376,4.3079414,3.8901708,4.053585,3.9928677,4.0317764,3.7309062,4.088026,4.910403,5.0770187,4.4685664,4.0054183
27,0.54003507,2.4524271,0.5302611,1.0308104,1.4322026,0.7241802,1.1613097,1.1648586,1.1663918,1.2907174,1.2745377,1.2921128,2.600645,2.2288966,2.6118233,2.5948339,1.0761851,1.4621516,0.8079675,1.7222017,0.7953602,0.4651812,0.61372983,0.69356316,0.39589444,0.7038039,0.24854355,0.0,1.2400937,2.1890879,2.0497806,0.41535625,2.7772632,3.360329,2.801119,2.8333166,1.5488747,2.639611,1.4772804,1.4577076,3.033206,3.219121,2.6094944,2.6416903,2.5401356,2.7464035,2.5482554,2.7396905,2.5798361,2.8629792,2.6300762,2.7148516,3.971887,3.0820851,2.9259386,2.6246297,3.2218928,3.3047638,3.258158,3.230501,2.4379706,2.3180344,2.4933145,2.378518,3.5918055,3.5675483,3.5060685,3.481848,3.3905487,2.8153958,3.4852965,3.4361086,3.8032074,3.9404457,3.5745616,3.5251453,3.5118139,3.662764,3.6054697,3.693573,3.0865011,3.604875,3.2340386,3.6338139,3.7650506,3.4688816,3.466851,3.1817372,4.014011,3.372711,3.7623365,3.5544162,3.155861,3.3553498,2.966059,3.4579628,4.1849804,4.267017,4.0116253,3.9895744,4.149057,4.6359777,3.9010115,3.983071,4.266244,4.379038,4.524686,4.4245453,4.0930614,4.587948,4.086919,4.5107107,3.4340248,3.6421297,3.6496198,3.636059,4.2200994,4.2335324,3.7665458,3.9551144,3.9063094,3.9450543,3.624284,3.9940484,4.817463,4.995109,4.388636,3.9053588
28,1.4091138,2.7229483,1.3260076,1.5174322,1.7490473,1.2277756,0.82961017,0.7448008,1.5830429,1.6013604,1.4225293,1.5153965,2.6697004,2.229798,2.2178771,2.1757326,1.7772739,0.921406,1.2620646,2.2641826,1.32283,1.2205408,1.1313345,1.1189108,1.158423,1.6773714,1.3719957,1.2400937,0.0,2.3410754,2.2041657,1.2608532,2.8519824,3.4500325,2.8939166,2.9411564,1.6582316,1.8819709,1.5912042,1.4859079,3.3286953,3.453413,2.8173025,2.9243512,2.7036521,2.8959696,2.7847195,3.0020397,2.6202476,2.8650324,2.7081897,2.720512,4.1997848,3.2860255,2.9020617,2.7418578,3.3038118,3.3815484,3.3434918,3.3177521,2.676114,2.4664068,2.5644515,2.4734964,3.2240348,3.239867,3.090008,3.04203,2.9993918,2.8135626,3.095498,3.052451,3.4230266,3.4098394,3.1704998,3.1317248,3.119482,3.6141663,3.1646447,3.238454,2.8936932,3.685317,3.275659,3.6760316,3.6738145,3.3614757,3.3627634,3.064144,3.8610852,3.1230857,3.6245885,3.4797838,3.0059066,3.1739774,2.7791836,3.2154415,3.96784,3.8108182,3.4032955,3.3685336,3.8434918,4.7635207,3.565854,3.6634333,3.8199248,3.931163,4.129062,4.057207,3.6311553,4.1796174,3.6078305,4.1221147,2.9842274,3.3634305,3.325139,3.3040285,3.960126,3.9829078,3.4411058,3.7653983,3.4735954,3.5173512,3.1136189,3.603765,4.522636,4.731881,4.053234,3.487311
29,2.3103309,0.7721355,2.2724183,2.2679012,2.6065102,2.2225163,2.4343462,2.398655,2.363083,2.4241455,2.3498905,2.4305022,3.3323598,3.0440319,4.08922,4.0647445,2.4918542,2.5920107,2.0430984,2.6665707,2.1799965,2.132448,2.1005485,2.0451055,2.19011,2.2829463,2.2557547,2.1890879,2.3410754,0.0,2.8165781,2.1750906,3.260068,3.7283616,3.3064706,3.3586192,2.2326653,3.0897498,2.2288742,2.1624675,3.6827772,3.825577,3.2874877,3.3858325,3.0372293,3.3059418,3.173467,3.370139,3.155388,3.2329805,3.2502189,3.253152,4.739649,3.9987311,3.2866693,3.1223705,3.6396213,3.6872191,3.6849205,3.658952,3.0421731,2.9158878,2.989432,2.9710734,3.7099547,3.6715708,3.7055547,3.689241,3.5019555,2.982507,3.6052802,3.7355757,4.6335506,4.7402525,4.491581,4.446811,3.7101803,4.067167,3.754576,3.833373,3.498039,4.580285,4.2687697,4.624257,4.6394877,4.38574,4.383079,4.128985,4.8134785,4.2420464,4.172668,3.8261302,3.584701,3.7710826,3.4605224,3.9369867,4.25511,4.3188825,4.066997,4.0445986,4.2191596,4.664806,3.9422026,4.0592737,4.45869,4.5771937,4.7344537,4.5799065,4.333821,4.802599,4.328452,4.6706133,3.7958698,4.031708,4.0114055,3.9824665,4.5605955,4.4902973,4.006318,4.4093003,4.247566,4.2815213,3.9550893,4.348859,5.074974,5.2217584,4.7392173,4.23138
30,1.8264141,3.0355577,1.7837635,2.0814219,2.0055351,1.752086,2.0443616,2.0100842,2.1843176,2.284992,2.2861423,2.2929041,2.95235,2.6686084,3.0711443,3.075669,1.9900993,2.4556494,1.8863521,2.5005295,1.7287408,1.8506144,1.8125144,1.7239444,1.7916687,1.7978565,2.0735977,2.0497806,2.2041657,2.8165781,0.0,1.9198292,3.1230717,3.587133,3.2524111,3.2786899,2.4281979,3.210269,2.3827307,2.321993,3.4036837,3.5149388,3.0025742,3.037337,2.9946535,3.0179172,3.0173764,3.1737678,2.857782,2.8423135,3.0222275,2.8942552,4.061139,3.4234288,3.0379782,2.8947449,3.4304948,3.5381725,3.4483628,3.4236605,2.6880765,2.537978,2.663936,2.609663,3.7062247,3.6559093,3.855117,3.7813878,3.4893982,3.0202844,3.6687446,3.3608456,3.9753149,4.144096,3.7278204,3.6699202,3.697278,4.0020328,4.0515623,3.9582112,3.4856036,3.7199366,3.2311027,3.6860533,3.8826032,3.623165,3.7248297,3.310624,4.1999216,3.4557576,3.9334247,3.6907341,3.1847734,3.4630935,2.879104,3.516346,4.1545224,4.260383,4.0305824,4.011963,3.862207,4.3046975,3.6802475,3.7174377,3.8413408,4.0026965,3.9905305,3.8590178,3.7322798,4.3214397,3.76346,4.105094,3.3813345,3.4085386,3.504019,3.4785628,3.9599702,3.9065933,3.4687345,4.4242325,3.568465,3.6086907,3.3406146,3.8491411,4.596759,4.7490387,4.2770467,3.8105915
