,0,1,2,3,4,5,6,7,8,9,10,11,12,13,14,15,16,17,18,19,20,21,22,23,24,25,26,27,28,29,30,31,32,33,34,35,36,37,38,39,40,41,42,43,44,45,46,47,48,49,50,51,52,53,54,55,56,57,58,59,60,61,62,63,64,65,66,67,68,69,70,71,72,73,74,75,76,77,78,79,80,81,82,83,84,85,86,87,88,89,90,91,92,93,94,95,96,97,98,99,100,101,102,103,104,105,106,107,108,109,110,111,112,113,114,115,116,117,118,119,120,121,122,123,124,125,126,127
0,0.0,2.1943755,2.0789087,0.6525296,2.367601,2.1439617,2.6834636,2.795091,3.9069216,3.9565723,3.7392385,3.9259214,2.8307004,2.8502016,4.617949,4.311616,3.0949914,1.47891,2.5499907,2.1932983,1.9204559,2.706076,3.4275,1.9000409,3.22744,3.237108,4.6546793,4.11758,2.9187317,3.0015066,3.1463058,3.174709,2.4099407,2.3658154,2.5803626,2.419117,3.0771632,2.7475975,2.4534025,2.7894537,2.411431,2.590924,1.964667,2.200924,2.1838415,2.1975727,2.0960975,1.8462585,2.2782407,2.5453753,1.3916078,2.3599954,2.5325286,2.113422,2.2486846,2.6456673,2.617786,2.8071432,2.4654455,2.7913616,2.5360563,1.7407445,2.1696856,2.1155725,3.8324392,3.3151293,2.434857,2.648553,3.422827,3.5674925,3.9991267,3.3887222,3.3041582,3.1277251,3.586495,3.5603075,4.334531,4.4065933,4.406907,4.319419,3.420769,3.6102555,3.8932593,3.984102,4.19015,4.2913017,4.2972674,4.0076923,3.5808034,3.1539814,3.226979,3.184358,3.4103372,3.4154449,2.957576,2.8565845,2.5225203,3.008959,3.0399442,3.5861404,3.5918531,3.4711905,4.0521183,4.529058,3.217531,3.217531,2.9156365,3.492195,2.821312,3.1436322,3.460299,3.1175842,4.83879,4.4249096,4.838286,4.7012177,3.478486,3.6974452,4.580695,4.550585,3.3973932,3.367114,3.6079428,3.7796142,3.822115,4.2040367,3.7402241,4.2435
1,2.1943755,0.0,0.22814193,2.1065161,2.9336517,2.69206,1.4929351,1.6532483,4.0401635,4.0921664,2.8343227,3.0205438,3.3190958,3.3934274,4.086503,3.9419653,2.1398265,2.3540556,2.0026584,2.8863513,2.6869783,1.6428521,4.0604634,2.6724055,3.452089,3.5037184,3.8586593,4.2101693,3.2988958,3.3628163,2.8621938,2.810158,3.4039142,2.872798,3.5639524,3.4852817,2.7737267,3.5838287,3.4235845,2.5783637,3.4773233,3.6054368,3.1537418,3.3687959,1.856364,1.8741177,2.5247424,3.0517833,2.066541,2.2314374,1.7510597,2.246317,2.415274,1.9569646,1.9723511,2.2390475,2.8178172,2.620242,2.2542815,2.6276438,2.5800805,1.8904939,2.1138818,2.0706313,3.7566936,3.3765032,2.5625267,2.6191373,3.6177638,3.8433473,3.9654868,3.504334,3.0614398,2.9998906,3.3574157,3.3250804,4.063349,4.229757,4.114643,4.018502,3.176605,3.3981183,3.6443515,3.7280352,3.813007,3.9047265,3.868588,3.650554,3.3087697,2.9508576,2.913514,2.8693933,3.1220384,3.078724,2.8388891,2.8087435,2.3204188,2.7557318,2.70472,3.316857,3.212921,3.0916364,3.5566063,4.1859183,2.7688491,2.7688491,2.5332098,2.9665737,2.4424639,2.6658232,3.20222,2.7511485,4.288006,3.923956,3.8703072,3.730373,3.0995104,3.3373325,4.149621,4.10126,3.0378244,3.0219347,3.0582936,3.2913542,3.2693553,3.6718519,3.253045,3.6858995
2,2.0789087,0.22814193,0.0,1.9674096,2.8677258,2.6090908,1.5167025,1.6838635,4.00704,4.0432215,2.8303392,2.989008,3.212734,3.308571,4.085741,3.9193199,2.1292372,2.2547586,1.9544761,2.7881956,2.5777376,1.615844,3.9865603,2.55746,3.3906999,3.4230578,3.8168075,4.1219115,3.232084,3.2996826,2.8384392,2.7921646,3.2703166,2.7395725,3.4531212,3.380501,2.7148275,3.4802828,3.2996688,2.4800277,3.3582263,3.5002592,3.0354836,3.2458746,1.7571203,1.7806262,2.4120252,2.9182334,1.9673162,2.1749427,1.6509713,2.1926649,2.3306952,1.8561403,1.9159349,2.1793869,2.7311513,2.543347,2.1809673,2.5585773,2.530971,1.7696697,2.0319257,1.9919906,3.7135572,3.3346782,2.4846487,2.5598068,3.5951688,3.814161,3.940034,3.492434,3.036826,2.9658725,3.3349614,3.302593,4.0177445,4.182308,4.086441,3.9952462,3.1364355,3.3681633,3.608567,3.701355,3.812339,3.8750894,3.8721435,3.6440532,3.2170675,2.9352763,2.8797007,2.8350298,3.0479429,3.0126011,2.7667994,2.7424417,2.2602046,2.7045767,2.6702313,3.258518,3.1195073,2.9949894,3.4903865,4.1072636,2.7093332,2.7093332,2.4835021,2.9237423,2.3798087,2.6087382,3.169575,2.6851926,4.2799234,3.9098513,3.8836505,3.7532184,3.0893753,3.3173616,4.137761,4.0890923,3.01583,2.987092,3.0653074,3.3060286,3.2391636,3.5928211,3.2258053,3.6365428
3,0.6525296,2.1065161,1.9674096,0.0,2.379018,1.9760649,2.6129706,2.7268755,3.606711,3.6176867,3.4835238,3.5413735,2.644077,2.8575344,4.4330654,4.1971498,2.8959525,1.2141593,2.2614763,1.8731388,1.6258148,2.4625607,3.548505,1.5924515,2.9605117,2.9248004,4.3551817,3.8065894,2.7041063,2.7953048,3.014583,3.0413992,2.057758,1.9944016,2.219955,2.1411116,2.8078463,2.4946914,2.1541986,2.5281546,2.2999644,2.623498,1.8029642,2.162033,2.0891225,2.107547,1.9568964,1.7218395,2.1360505,2.4709995,1.3708485,2.1596518,2.443249,2.0280318,2.1739597,2.5236273,2.430204,2.5990958,2.3574994,2.6450815,2.356151,1.5217454,1.94841,1.9122499,3.668381,3.252326,2.4714394,2.5325966,3.4683805,3.5948014,3.893403,3.4296415,3.1911862,3.12183,3.4789023,3.4481106,4.206935,4.2923203,4.215916,4.123041,3.179342,3.386371,3.599184,3.693072,3.9231489,3.8708503,3.9595485,3.6757474,3.1887014,2.9408002,2.820104,2.7868588,2.9861562,3.005732,2.5864635,2.5881705,2.2122583,2.6531298,2.772873,3.2106953,3.1883736,3.0514286,3.620249,4.1580224,2.8489857,2.8489857,2.69368,3.0766916,2.5258334,2.7389147,3.276197,2.6972268,4.4022803,3.9884696,4.453421,4.3160696,3.1462958,3.3498762,4.2358255,4.2061567,3.1243913,3.0495832,3.3585467,3.587536,3.501685,3.8118064,3.412378,3.820232
4,2.367601,2.9336517,2.8677258,2.379018,0.0,1.2875419,2.727983,2.7821403,2.7217505,2.9941134,3.372146,3.8216248,3.0808372,2.810511,4.6082253,4.4304657,2.57232,1.884157,2.5725791,2.3925934,1.6357595,2.212675,2.979876,1.690705,2.139603,2.1996849,3.556999,3.0250418,1.6679094,1.7020998,1.4765356,1.5394866,2.986086,2.9593713,3.3518496,3.0902774,3.338718,3.1024487,3.1532977,3.385669,2.8253179,2.7560236,2.9982252,3.0513558,2.9720626,3.0028002,2.9205086,2.906273,3.0724354,3.0962915,2.7472475,2.387315,3.1898913,3.2413714,2.7271283,3.038216,3.3343241,3.37427,2.4507003,3.0598383,2.8268232,2.856394,3.1774983,3.1298363,4.4198956,3.583866,3.227479,3.2430317,4.068297,4.2092075,4.34917,3.9520113,2.8625607,2.6720924,3.0978043,3.0865295,4.103289,4.0702157,3.7014048,3.593664,3.119065,3.2808964,3.7439024,3.7158675,3.269947,3.6455436,3.4402666,3.308583,3.6498082,3.1562843,3.4134243,3.4526913,2.9503732,2.8001773,3.0565026,2.9051564,3.0969977,3.307302,3.0761557,3.2242188,3.542278,3.5315933,3.7077622,4.064717,3.1433926,3.1433926,2.8850062,2.6844049,2.9954488,3.1470518,3.522787,3.0903482,3.9916792,3.901119,4.0993447,3.9900532,3.4877703,3.420124,4.046293,4.0340533,3.389459,3.3598185,3.6340232,3.2623057,3.687019,4.151569,3.621529,4.113188
5,2.1439617,2.69206,2.6090908,1.9760649,1.2875419,0.0,2.3223112,2.365783,2.6116188,2.9752254,3.087341,3.665911,2.6821613,2.9908946,4.3152714,4.4214344,2.2788823,1.2896519,2.2130134,1.9520936,1.1943269,1.9766635,3.4583864,1.3259465,1.7663255,1.8168367,3.3481376,2.6971176,1.0388836,1.0785452,1.6877493,1.7472237,2.5887372,2.5990305,2.672137,2.6230671,3.191947,2.861172,2.7182062,3.2238503,2.7734303,2.6520958,2.1576662,2.5303588,2.6042469,2.621431,2.452229,2.4469733,2.6302147,2.702591,2.3346226,2.0887666,2.762757,2.8797882,2.2883575,2.7183912,2.9432733,3.0106075,2.424031,2.9553568,2.294674,2.4707544,2.8118196,2.7538939,4.1770296,3.5131881,3.1914556,2.8055434,3.922287,4.034863,4.104582,3.9695528,2.8658416,2.6726248,3.1641295,3.156501,3.9711635,3.999095,3.6593747,3.533913,2.932708,3.0462031,3.5907338,3.533854,3.4432988,3.5049293,3.3134396,3.159526,3.447311,3.4033086,3.151738,3.2081182,2.856051,2.7066674,2.8137622,2.981977,2.8005486,3.0080392,2.7641394,2.851632,3.1636133,3.151943,3.3015308,3.6538084,2.9044929,2.9044929,2.6536212,2.5637631,2.6888611,2.888894,3.2872796,2.8447561,3.8307214,3.7647479,3.9964392,3.8741848,3.2098293,3.1941807,3.9404888,3.9367175,3.1650999,3.1448321,3.444281,3.3113112,3.4960434,3.7272406,3.394516,3.9077702
6,2.6834636,1.4929351,1.5167025,2.6129706,2.727983,2.3223112,0.0,0.27513662,4.0448604,4.2790737,2.3555658,3.0444372,3.1669087,3.290982,3.7472253,3.9772534,1.6247259,2.383512,1.8656839,2.8188574,2.8457196,1.7561873,3.8502507,2.8634963,3.024641,3.0289598,3.2449412,3.676624,2.866953,2.902952,2.3984523,2.3583167,3.301831,2.823161,3.4435432,3.363758,2.643668,3.370929,3.2965264,2.6799324,3.2703433,3.1694767,2.9335148,3.1277297,1.6893202,1.6956915,2.3934166,3.02511,1.9175929,2.0081427,1.959899,2.291541,2.0952318,2.1823752,1.410841,2.0492463,2.7265043,2.4707048,2.1623254,2.403273,1.8878194,2.0638733,2.2830002,2.2453704,3.9858034,3.2836528,2.6507366,2.2357242,3.7058334,3.8983169,3.9612648,3.685195,2.8869066,2.793847,3.1560643,3.1385913,3.8383882,4.0073714,3.963461,3.846772,3.0152276,3.0820382,3.5934262,3.5461407,3.7259767,3.7669773,3.6488667,3.539402,3.3934088,3.2887354,3.1469543,3.1901975,3.4346683,3.283342,2.9771137,3.0357835,2.6011605,3.0303884,2.8713672,3.0487974,3.2641313,3.2497237,3.284344,3.6929164,2.834179,2.834179,2.5789537,2.945082,2.5569546,2.8175561,3.2896264,2.865122,4.1417584,4.0831685,3.832753,3.7122355,3.1133606,3.2460372,4.290873,4.2671127,3.1479418,3.1205711,3.272756,3.1289585,3.3444736,3.647614,3.3381293,3.7548275
7,2.795091,1.6532483,1.6838635,2.7268755,2.7821403,2.365783,0.27513662,0.0,4.0896173,4.3042536,2.3063884,3.019995,3.1462655,3.2843702,3.7671566,4.0106587,1.5511318,2.4256878,1.8710778,2.8244526,2.9131472,1.8385174,3.859427,2.9325006,2.9906769,2.9998543,3.1728656,3.6209369,2.8483813,2.8807547,2.3612504,2.3228717,3.332312,2.8547058,3.4615042,3.3828976,2.6301787,3.3831003,3.313529,2.6910818,3.2970915,3.173661,2.956091,3.1773005,1.7186376,1.7103617,2.4277723,3.0632226,2.0190017,1.9884787,2.0140393,2.290252,2.178026,2.2718585,1.3536083,2.0147433,2.7403064,2.4767888,2.2022247,2.4014075,1.956629,2.1331277,2.3379247,2.3017795,3.981027,3.2864492,2.6568937,2.229567,3.6774173,3.892588,3.8658915,3.656291,2.8739924,2.8188953,3.1188345,3.106786,3.781302,3.9430945,3.9125166,3.8042293,3.0252144,3.087901,3.579137,3.529509,3.7405999,3.791019,3.6301684,3.5614367,3.3993442,3.2971058,3.140126,3.1876078,3.477663,3.3425426,2.986051,3.0617156,2.59713,3.0156903,2.8119378,3.0096254,3.232503,3.2449324,3.2487712,3.6325827,2.7840285,2.7840285,2.5380235,2.9374056,2.5232072,2.7829823,3.227096,2.8372314,4.098425,4.112586,3.8211317,3.69701,3.0902507,3.190513,4.2873707,4.262909,3.070108,3.0527315,3.2061644,3.0446775,3.275254,3.5925717,3.2642171,3.6950386
8,3.9069216,4.0401635,4.00704,3.606711,2.7217505,2.6116188,4.0448604,4.0896173,0.0,1.2141193,3.4995897,3.8797672,4.1928377,4.4135103,5.8305902,5.9639997,3.5011954,3.015539,3.5062053,3.2739158,2.4653394,2.9291523,4.435478,2.4665582,2.6714756,2.723992,3.9372735,3.3932362,2.4136403,2.4321723,2.671739,2.6835794,3.916821,3.9917524,3.92075,3.9071841,4.272393,4.1301107,4.079787,4.420825,4.311469,4.3530765,3.994587,4.272034,4.198931,4.233529,4.0790396,4.039288,4.3528557,4.4440637,4.1963525,3.5011692,4.4625654,4.3632026,4.1732297,4.254182,4.3696847,4.365459,3.7777116,4.253648,3.9322445,4.1139884,4.2255545,4.18224,5.334948,4.8340335,4.8381853,4.460862,5.5231037,5.5287375,5.2667737,5.4456015,3.765385,3.7312725,3.9903543,3.9635198,5.245429,5.195725,4.4086704,4.310996,3.9776456,4.147951,4.5373282,4.480682,3.5481207,3.6688876,3.6679351,3.5652518,4.5374947,4.181462,3.9195354,3.9732983,3.358471,3.2363186,3.9935722,4.150493,3.936088,3.938916,3.781185,3.8874652,4.173204,4.1202445,4.1593785,4.602688,3.845734,3.845734,3.8388486,2.8730044,3.823324,3.7207077,4.2280364,3.6791995,3.3446803,3.277284,3.666412,3.5468457,3.6705577,3.5988255,3.6579707,3.6687613,3.779534,3.7405477,3.9626522,3.8302078,3.9937205,4.4138455,3.8887587,4.271437
9,3.9565723,4.0921664,4.0432215,3.6176867,2.9941134,2.9752254,4.2790737,4.3042536,1.2141193,0.0,3.5908287,3.5334632,4.0487633,4.251842,5.8543773,5.805211,3.4052966,3.038079,3.5031803,3.2232654,2.4624636,2.9527755,4.291114,2.3916025,2.806622,2.8258255,3.8821526,3.334055,2.6091821,2.6748137,2.7797046,2.789657,3.810609,3.846112,3.8831365,3.8703525,4.0170603,3.9843,3.9843872,4.130423,4.2572207,4.3303022,4.0899553,4.317746,4.1139607,4.141214,4.0511246,4.011719,4.3912344,4.4325676,4.1628857,3.3647993,4.568021,4.3433456,4.1931114,4.175402,4.0920362,4.0897403,3.5475597,4.010657,4.247751,3.9887478,4.056479,4.0232706,5.296887,4.8652782,4.7779865,4.607743,5.5264497,5.4987745,5.180821,5.44877,4.042745,4.0708947,4.180583,4.1555996,5.029008,4.9630156,4.1616635,4.1106296,4.1187797,4.3986793,4.6090636,4.6708107,3.8798,3.8980203,3.9203565,3.9243617,4.424815,3.9667184,3.7518387,3.7659223,3.2220144,3.2642984,3.8893878,3.981559,3.7956648,3.8256226,3.6389396,3.9851358,4.0343385,4.0167656,4.2091727,4.512799,3.597531,3.597531,3.7072384,2.7595038,3.6322978,3.434329,4.0460396,3.3998072,3.3315191,3.4470134,3.7836087,3.6407135,3.668841,3.458368,3.6451733,3.6225162,3.5950434,3.5137384,3.8482943,3.8371432,3.7604213,4.26451,3.6798406,3.9889123
10,3.7392385,2.8343227,2.8303392,3.4835238,3.372146,3.087341,2.3555658,2.3063884,3.4995897,3.5908287,0.0,1.993518,3.7380004,3.8493366,5.0552464,5.243641,2.3443954,3.105776,2.666741,3.2867432,3.3147483,2.4599578,3.7444472,3.2702355,3.3981433,3.27787,3.2577815,3.6908557,3.3034098,3.33637,2.7765408,2.7184618,3.4044526,2.9724205,3.5898023,3.5221052,2.5613968,3.4080925,3.4280362,2.7557514,3.5794604,3.5603013,3.5274618,3.6906044,2.538116,2.5428677,2.6280913,3.1869862,2.8834908,2.44664,2.970037,3.1587038,2.9943585,2.8553746,2.4476664,2.105588,3.205573,2.8317175,2.7617514,2.6980865,2.7446659,2.8907769,3.0530117,3.0509398,4.4130073,3.5171168,3.5209768,3.1562905,4.6870456,4.808035,4.3281703,4.6121836,2.871066,2.837678,3.03829,3.0230505,4.3892407,4.412213,4.285543,4.247637,3.293344,3.375879,3.885782,3.8480165,3.6180828,3.7116566,3.7386138,3.743345,3.5906138,3.4218006,3.224238,3.2988338,3.6102803,3.5644627,3.3817067,3.4831057,3.0824628,3.140614,3.0431595,3.1205943,3.2880433,3.312696,3.1629975,3.5191455,2.704779,2.704779,2.8719125,2.7020175,2.8318539,2.7246902,3.4717665,2.7748249,3.2645528,3.4450147,2.8344646,3.0335681,2.6896212,2.6940742,3.8317924,3.8043516,2.6825354,2.5612996,3.0362546,2.7427595,2.7967134,3.1921394,2.7890387,2.9992132
11,3.9259214,3.0205438,2.989008,3.5413735,3.8216248,3.665911,3.0444372,3.019995,3.8797672,3.5334632,1.993518,0.0,3.9835567,4.0634756,4.8970294,4.8878927,2.4609835,3.2291439,2.7172005,3.3180332,3.4690392,2.6468184,4.341931,3.3749056,3.7390394,3.51671,3.4172459,3.878675,3.7339518,3.8095162,3.1809533,3.1280906,3.097697,2.524132,3.41342,3.3378916,1.7619588,3.0573967,3.1673174,1.9530243,3.4023626,3.9185493,3.8956108,4.0831947,2.700365,2.7024162,3.2317297,3.6793327,3.14886,3.1739795,3.121612,2.9326227,3.4378462,3.058841,2.767277,2.8259203,3.0005722,2.6235294,2.7920263,2.4520245,3.1776943,2.712903,2.535873,2.5887456,4.441528,4.097029,3.680956,3.5998805,4.619397,4.796929,4.154001,4.436618,3.474502,3.63143,3.598635,3.5710695,4.500755,4.569819,4.419928,4.3814397,3.3632963,3.6012244,3.7874482,3.885752,3.7576156,3.4359975,3.7811608,3.8923695,3.1517797,2.9387617,2.7506955,2.8071535,3.202451,3.3095374,3.0439188,3.0273054,2.857807,2.9218204,3.0994706,3.1110356,3.0457442,3.064304,2.9967103,3.5438523,2.3274567,2.3274567,3.053678,2.472441,2.8284667,2.2346854,3.529517,2.2277083,2.9297924,3.1871364,3.0677538,2.9134448,2.6823347,2.540937,3.7749782,3.7183383,2.6796455,2.4029806,2.9518864,2.9056027,2.6068997,3.075076,2.6152866,2.140747
12,2.8307004,3.3190958,3.212734,2.644077,3.0808372,2.6821613,3.1669087,3.1462655,4.1928377,4.0487633,3.7380004,3.9835567,0.0,1.4031341,3.9452949,3.7128882,3.1651351,2.548157,2.4100776,2.129342,2.8113616,3.2671545,3.8601496,2.739947,2.3466506,2.3503637,3.2473447,2.4188678,2.8350754,2.8771517,3.0296662,3.0947156,2.988406,2.9030232,3.113443,3.0984774,3.4602716,3.2195594,3.0432062,3.2986705,3.0189404,2.5053155,2.6924012,2.4192355,2.835203,2.7974908,2.2427344,2.5224714,2.6107621,3.0750577,2.8061075,2.8757317,2.5491161,2.7451787,2.7470703,2.9072661,2.727685,2.842673,2.6655025,2.8042336,3.2993455,2.8823686,3.2409754,3.237736,3.8925939,2.664644,2.5249171,2.4677765,3.766703,3.302698,4.032532,3.9650407,3.4536452,4.0552793,3.3667665,3.3508976,2.7535965,2.7479198,2.78508,2.8435776,4.331822,4.481839,4.0444474,4.0858884,4.208939,4.26332,4.1926336,4.0885086,2.932627,3.1737971,2.8109868,2.8270788,3.1065748,3.1618202,2.6412385,2.8133688,2.182143,2.6083012,2.5037923,2.994813,2.893576,2.9251182,3.379539,2.9174674,2.5367517,2.5367517,2.5156548,2.966296,2.172433,2.5019934,3.1947157,2.5573885,4.1951585,4.2042327,4.347245,4.286796,3.1568837,3.1546474,4.2025824,4.173782,3.0066636,2.9359875,3.228,3.2766001,3.2033114,3.3815331,3.1535215,3.7047021
13,2.8502016,3.3934274,3.308571,2.8575344,2.810511,2.9908946,3.290982,3.2843702,4.4135103,4.251842,3.8493366,4.0634756,1.4031341,0.0,4.0977364,3.5741477,3.361467,2.8593593,2.7010694,2.5358546,3.1060572,3.4380932,3.2161105,3.0113008,2.7834623,2.7723632,3.5646448,2.9536629,3.2195947,3.2654543,2.965066,3.0262191,3.1852007,3.0633576,3.5646064,3.310172,3.3784738,3.220272,3.2451587,3.2501504,2.7978907,2.2712665,3.256378,2.6861906,2.9419715,2.9182298,2.455038,2.748199,2.7788167,3.2131705,2.9437456,3.1065724,2.6814396,2.8465617,2.8893797,3.0012126,2.9002752,2.9770052,2.505205,2.6163325,3.4460828,3.0280108,3.3646026,3.3684506,4.120556,2.5001054,2.330151,2.744428,3.787014,3.3198636,4.290774,3.8691213,3.4147153,3.9863856,3.249443,3.2296002,2.960218,2.8884692,3.0158105,3.0781934,4.4505205,4.603702,4.2111416,4.2609816,4.1550584,4.445972,4.4116626,4.3126664,3.2138526,2.8345926,3.1107695,3.119834,3.393636,3.422635,2.9350455,2.712651,2.4684253,2.9541554,2.91978,3.3740146,3.4218616,3.438656,3.832504,3.4392889,2.8283863,2.8283863,2.7981794,3.193059,2.5667417,2.8265061,3.4427202,2.8590126,4.437286,4.3980684,4.501597,4.464962,3.3844287,3.3851287,4.42064,4.3863454,3.254042,3.170032,3.4427412,3.1778533,3.4538202,3.9492762,3.4426618,3.9491873
14,4.617949,4.086503,4.085741,4.4330654,4.6082253,4.3152714,3.7472253,3.7671566,5.8305902,5.8543773,5.0552464,4.8970294,3.9452949,4.0977364,0.0,1.6024418,4.0770435,4.44882,3.94404,4.4911985,4.6310177,4.0903254,5.4506335,4.685412,4.354311,4.302063,4.288233,4.5529165,4.365652,4.3883295,4.210404,4.212505,4.5476456,4.236521,4.5604134,4.52438,4.028117,4.4570284,4.497653,4.226562,4.559092,4.695304,4.853545,4.6964087,4.2774262,4.2673783,4.307836,4.887933,3.8047256,4.2464933,4.331144,4.368704,3.895603,4.4576416,4.0756955,4.337773,3.9787474,3.8649914,3.9127088,3.9368706,4.011968,4.188524,4.1559095,4.183723,5.60618,4.71594,4.6987658,4.43301,5.171535,4.885319,6.122388,5.5361996,5.4773664,5.7682652,5.416653,5.4087057,4.643451,4.8670354,4.649585,4.5095525,5.0253925,5.030266,4.948272,4.8898177,5.400907,4.6096697,4.894678,4.9635406,4.3719783,4.4529734,4.2122884,4.291213,4.447334,4.3235135,4.142797,4.1869206,4.1098604,4.4748383,4.687165,4.249547,4.704144,4.68248,4.4797487,4.3562427,4.191061,4.191061,4.6813135,4.186547,4.417315,4.1137595,4.8518596,4.1476207,5.1310363,5.1384163,5.199918,5.136182,4.9479427,4.953088,5.6911387,5.673072,5.2001963,5.066821,5.1782556,5.058234,5.2279167,5.4475837,5.1781626,5.0282326
15,4.311616,3.9419653,3.9193199,4.1971498,4.4304657,4.4214344,3.9772534,4.0106587,5.9639997,5.805211,5.243641,4.8878927,3.7128882,3.5741477,1.6024418,0.0,4.1714163,4.399747,4.0038967,4.4656963,4.5077524,4.089766,5.11473,4.540304,4.5090284,4.493453,4.5258317,4.696508,4.4993434,4.5349917,4.192527,4.1944156,4.5159664,4.15932,4.714198,4.580062,3.961884,4.441369,4.499576,4.0298634,4.4048796,4.574926,4.9677567,4.697907,4.2621493,4.2497964,4.2214675,4.7459326,3.7903535,4.132592,4.157846,4.243259,3.9553561,4.320595,4.099667,4.1954117,3.8863096,3.804764,3.6839721,3.7937994,4.402141,4.0593734,4.106174,4.131905,5.379541,4.4424005,4.3499517,4.5410824,4.9816732,4.689563,5.933133,5.1808066,5.3808975,5.671609,5.330759,5.3208942,4.242884,4.414479,4.3185344,4.23507,5.0960503,5.212287,4.926455,4.974402,5.3565187,4.8148623,4.997554,5.0510054,4.044303,3.9150631,3.9824917,4.003037,4.1088943,4.094574,3.8332438,3.6731436,3.9340186,4.2611094,4.44454,4.322217,4.5298085,4.5046163,4.6065993,4.480083,3.9451978,3.9451978,4.442138,4.1343493,4.2003765,3.8953733,4.735172,3.9612114,5.3127227,5.240965,5.320962,5.286267,4.9930353,4.965452,5.6968784,5.6549263,5.0146127,4.8847084,5.009591,4.953813,5.05444,5.368685,5.0210195,4.9004316
16,3.0949914,2.1398265,2.1292372,2.8959525,2.57232,2.2788823,1.6247259,1.5511318,3.5011954,3.4052966,2.3443954,2.4609835,3.1651351,3.361467,4.0770435,4.1714163,0.0,2.1926978,1.7177246,2.562589,2.4463031,1.2873737,3.8039296,2.4186869,2.4971204,2.515347,2.5203087,3.0002873,2.3165426,2.3945262,1.7461616,1.6972977,3.2545078,2.8031394,3.4798546,3.4339664,2.457187,3.2634966,3.3578362,2.6084983,3.3924422,3.2627046,3.151083,3.4184551,2.0218806,2.0189023,2.8069355,3.3079858,2.527008,2.4704695,2.3695304,1.615901,2.8073754,2.7552729,1.7718986,2.3148265,2.5700135,2.3224652,1.8228685,2.2717385,2.5654275,2.211401,2.3152232,2.27971,4.026145,3.6395404,3.0406837,2.7967768,3.9075003,4.1218433,3.7057562,3.8084219,3.0087163,2.9552062,3.2273526,3.2170494,3.4503608,3.5818,3.2975397,3.1955433,2.7884042,3.032122,3.460026,3.535402,3.5891657,3.619904,3.3127987,3.418144,3.271831,3.0965037,2.9070363,2.9268985,2.9510543,2.9248767,2.7624831,2.8318498,2.617296,2.91974,2.5324993,2.90803,2.9097278,3.0092432,3.052846,3.3184435,2.4358497,2.4358497,2.2186778,2.3305266,2.2454827,2.3705325,3.0232532,2.388235,3.5784645,3.923245,3.6051266,3.3420527,2.9620044,2.7417068,3.822515,3.7776577,2.7563648,2.6982856,3.0278175,2.8981485,2.8360276,3.2523274,2.8741121,3.2913744
17,1.47891,2.3540556,2.2547586,1.2141593,1.884157,1.2896519,2.383512,2.4256878,3.015539,3.038079,3.105776,3.2291439,2.548157,2.8593593,4.44882,4.399747,2.1926978,0.0,1.8224108,1.2847472,1.0297052,2.0554368,3.5030205,0.9952409,2.1614652,2.1545887,3.6845562,3.045005,1.8421997,1.955786,2.2794743,2.318029,1.9477887,1.9486173,2.1084197,2.0608103,2.6429465,2.2811208,2.1596994,2.5898201,2.2702775,2.3204737,1.5929352,2.0934963,2.073796,2.0743535,2.0782995,1.9382825,2.2250638,2.5091546,1.5413219,1.4317783,2.487874,2.273578,1.8275956,2.4704542,2.240605,2.421172,2.0379355,2.4141212,2.0752654,1.575973,1.9169905,1.8621134,3.5995002,3.2292278,2.6142292,2.3877316,3.299449,3.457542,3.4518056,3.3045716,2.788235,2.7131112,3.0800173,3.059107,3.8131595,3.8846211,3.693374,3.572343,2.7363267,2.9441247,3.3371944,3.4038708,3.5549378,3.6356523,3.4573798,3.3008094,3.1215644,2.8886647,2.6520915,2.6555715,2.7584848,2.758377,2.39376,2.4896476,2.1971822,2.5099914,2.3987966,2.8048203,2.8952281,2.8574083,3.216329,3.6455548,2.5484462,2.5484462,2.2545838,2.5759242,2.2077634,2.4530718,2.9285452,2.3671424,3.8589964,3.7694397,4.1322875,3.8755763,2.752214,2.7690694,3.8174903,3.7942467,2.707425,2.6423717,3.0368347,3.1055362,3.0676558,3.4488027,2.9890132,3.5336008
18,2.5499907,2.0026584,1.9544761,2.2614763,2.5725791,2.2130134,1.8656839,1.8710778,3.5062053,3.5031803,2.666741,2.7172005,2.4100776,2.7010694,3.94404,4.0038967,1.7177246,1.8224108,0.0,1.4361678,2.318755,1.902533,3.9394226,2.2338073,1.9782435,1.9717182,2.696525,2.7238152,2.6193895,2.700141,2.3320923,2.3408105,2.8339655,2.4730253,3.1350446,3.0885189,2.6647933,3.0415769,3.0335288,2.6158428,2.9764407,2.9692826,2.7189484,2.9853966,2.0023358,1.9984537,2.4650111,2.817703,2.2813542,2.6582558,2.1334064,1.6633188,2.4536002,2.3478947,1.8836807,2.4397433,2.6642196,2.5921035,2.1769493,2.4118319,2.239643,1.9795877,2.2669353,2.280193,3.0895998,2.7477174,1.9478532,1.5279654,2.9951758,3.187346,3.0369546,2.9017863,2.3393712,3.0758533,2.375509,2.3316286,3.2614412,3.417605,3.0998333,2.9954662,2.7803888,2.968002,2.6874416,2.722239,2.8935857,3.1057858,2.9007943,2.77733,2.4367523,2.404637,2.0974383,2.1169162,2.4520688,2.3908184,2.0402842,2.1748338,1.3517618,1.8721795,1.8235089,2.251618,2.1964214,2.1740825,2.4114964,2.9545984,1.9062345,1.9062345,1.5274987,1.9149212,1.2538575,1.6979852,2.4123251,1.6219074,3.2459857,3.243199,3.222688,2.9058094,1.9869709,2.0094392,3.2148933,3.1865363,2.1795368,2.0514789,2.3087068,2.2621136,2.2436285,2.6633835,2.261043,2.8814864
19,2.1932983,2.8863513,2.7881956,1.8731388,2.3925934,1.9520936,2.8188574,2.8244526,3.2739158,3.2232654,3.2867432,3.3180332,2.129342,2.5358546,4.4911985,4.4656963,2.562589,1.2847472,1.4361678,0.0,1.8178071,2.6506667,3.7273207,1.6991313,1.7137222,1.648011,3.3807378,2.5556629,2.341398,2.443318,2.6572094,2.7186482,2.1690958,2.2193148,2.484975,2.4522126,2.967125,2.5290387,2.4796543,2.894292,2.4465337,2.4245806,2.0280943,2.382101,2.455034,2.4486723,2.3620439,2.197698,2.6201272,2.9949667,2.226795,1.8839688,2.7505078,2.6439009,2.3043008,2.8150086,2.6359308,2.8164437,2.4810596,2.6793334,2.4052296,2.104872,2.4766145,2.483451,3.1872315,2.825502,2.1990619,1.847626,3.053321,3.154653,3.091577,3.0274422,2.615283,3.250145,2.6541116,2.617706,3.519071,3.590659,3.3144846,3.220171,2.9884884,3.162262,2.9190986,2.9693794,3.195208,3.3951952,3.1965268,3.038228,2.6863523,2.6513324,2.329164,2.3447218,2.634344,2.6424148,2.169707,2.3188095,1.7168355,2.100209,2.118933,2.480971,2.4837704,2.4630456,2.7894928,3.1708758,2.289716,2.289716,1.9350169,2.3254714,1.7146893,2.115804,2.6371791,1.9476242,3.5312757,3.5186524,3.853903,3.5746274,2.271633,2.239439,3.434322,3.4208891,2.4212854,2.277863,2.7344928,2.7091837,2.637652,3.0012312,2.5921822,3.2327974
20,1.9204559,2.6869783,2.5777376,1.6258148,1.6357595,1.1943269,2.8457196,2.9131472,2.4653394,2.4624636,3.3147483,3.4690392,2.8113616,3.1060572,4.6310177,4.5077524,2.4463031,1.0297052,2.318755,1.8178071,0.0,1.9305189,3.50646,0.27795312,2.134103,2.1707907,3.6661677,2.9673104,1.5015328,1.6264963,2.1006157,2.1351416,2.3771784,2.4212768,2.567987,2.5444348,3.0772638,2.7691238,2.6449037,3.0646915,2.8146193,2.8127499,2.2894654,2.6063912,2.7185662,2.7418976,2.492356,2.3368475,2.6977673,2.856282,2.2619512,1.9146343,2.9578314,2.821222,2.5433109,2.7966,2.680929,2.8323622,2.2252011,2.8500304,2.6807673,2.2374253,2.581656,2.5248075,3.9993167,3.5643754,3.2750053,3.1295774,3.9169357,3.9954274,4.0839877,3.9688857,3.0833066,2.8445868,3.3738494,3.3581426,3.9871027,4.025432,3.637497,3.5123498,2.8624916,3.1221607,3.5896883,3.6692584,3.5965137,3.6715739,3.476385,3.3206644,3.3611484,3.1676846,2.9522328,2.9444325,2.5539687,2.553907,2.6521525,2.7522492,2.7216358,2.849219,2.6850555,3.0150306,3.0680964,3.013325,3.3967998,3.766838,2.789746,2.789746,2.5516372,2.4525948,2.5878122,2.7013605,3.1163366,2.6309378,3.8115804,3.691605,4.035961,3.8728545,3.1795676,3.1100817,3.789318,3.7649293,3.0483809,2.9846292,3.3866024,3.4450328,3.3428988,3.6643405,3.2725654,3.7554383
21,2.706076,1.6428521,1.615844,2.4625607,2.212675,1.9766635,1.7561873,1.8385174,2.9291523,2.9527755,2.4599578,2.6468184,3.2671545,3.4380932,4.0903254,4.089766,1.2873737,2.0554368,1.902533,2.6506667,1.9305189,0.0,3.84555,1.9466718,2.5954683,2.6457043,2.8848813,3.245347,2.1945887,2.269148,1.689754,1.6140655,3.2509048,2.819171,3.4520986,3.4082348,2.6983793,3.4323535,3.3869214,2.7585714,3.5101218,3.522797,3.2412057,3.4526265,2.2961771,2.3273933,2.759366,3.2266502,2.4423742,2.539205,2.3582516,1.8772018,2.750958,2.6110535,2.1880527,2.4208786,2.78479,2.5820515,1.8948013,2.5545378,2.625695,2.258957,2.4270244,2.3762946,4.0969763,3.662478,3.2589695,3.08634,4.052703,4.206956,4.1586094,4.051723,2.9559855,2.7297277,3.2399535,3.2220762,3.83268,3.9565156,3.536409,3.4098318,2.7407649,3.017894,3.5363111,3.6008852,3.4197092,3.4540582,3.2993903,3.231252,3.2902565,3.068817,2.8953457,2.8965573,2.5595703,2.4850373,2.745053,2.8103495,2.643621,2.836699,2.5998793,2.9396267,2.9505377,2.91181,3.1335094,3.606188,2.5279925,2.5279925,2.3839605,2.1070387,2.4259548,2.4374697,3.0029647,2.4757025,3.4976158,3.4513068,3.3105464,3.1364734,3.0401223,2.9885864,3.6497128,3.6067576,2.91075,2.8619633,3.072764,3.0899303,3.0378146,3.4125795,3.0349226,3.4012904
22,3.4275,4.0604634,3.9865603,3.548505,2.979876,3.4583864,3.8502507,3.859427,4.435478,4.291114,3.7444472,4.341931,3.8601496,3.2161105,5.4506335,5.11473,3.8039296,3.5030205,3.9394226,3.7273207,3.50646,3.84555,0.0,3.4275856,3.9374955,3.8342023,4.864371,4.510898,3.6842158,3.7540276,3.436096,3.473243,3.6561966,3.6538427,4.1162024,3.7726831,3.6314425,3.4466302,3.6213503,3.6111095,3.2182934,2.985631,3.8284383,3.6145084,3.2815404,3.3227603,3.071917,2.93289,3.9018805,3.173817,3.5408099,4.0561886,3.9951234,3.966544,3.5958617,3.074289,3.6758316,3.6106112,3.062836,3.3508284,3.8759425,3.5538514,3.927215,3.9242737,5.4173374,4.1001177,3.7556913,4.1314893,5.4198904,5.4808283,5.6951838,5.3066335,4.4681106,4.2420087,4.4402046,4.434291,5.122166,5.0365825,4.930701,4.937419,4.382606,4.522146,4.923965,5.009039,5.0119967,5.0534716,5.1836977,5.15662,4.9476175,4.145697,4.717701,4.7192063,4.8167925,4.815458,4.569846,4.2371225,4.1649184,4.672562,4.5222745,4.7922792,4.9648666,5.0058894,5.1799583,5.1961827,4.322712,4.322712,4.1820784,4.32002,4.1379633,4.301801,4.6059914,4.2614,5.4392047,5.5168576,5.2749486,5.5273776,4.6987166,4.579706,5.4503875,5.4184527,4.517884,4.4133244,4.979033,4.5269413,4.7900176,5.3682504,4.7906947,5.1161757
23,1.9000409,2.6724055,2.55746,1.5924515,1.690705,1.3259465,2.8634963,2.9325006,2.4665582,2.3916025,3.2702355,3.3749056,2.739947,3.0113008,4.685412,4.540304,2.4186869,0.9952409,2.2338073,1.6991313,0.27795312,1.9466718,3.4275856,0.0,2.111251,2.129223,3.6202626,2.9235253,1.6255804,1.7596678,2.1455293,2.1815107,2.325308,2.3672616,2.5592046,2.5256665,3.016337,2.7074752,2.6094997,2.9841719,2.7490556,2.7214837,2.267357,2.5333414,2.6250196,2.651015,2.4346318,2.274256,2.6534102,2.879882,2.2319326,1.8516078,2.9113367,2.739153,2.5227008,2.783712,2.5883756,2.7455378,2.127542,2.7453504,2.6780477,2.158345,2.5022619,2.451109,3.927023,3.4956305,3.1670096,3.047736,3.8982177,3.9499197,4.0314136,3.9272027,3.0527368,2.8726416,3.3256354,3.3052356,3.9237518,3.9620385,3.5792902,3.4632401,2.888419,3.1629672,3.5676615,3.6666293,3.5811725,3.6733227,3.5110967,3.3505707,3.321739,3.0905054,2.902166,2.8868039,2.547775,2.5628226,2.6262639,2.701639,2.6225119,2.7991245,2.657016,3.0238137,3.040837,2.9855626,3.3906145,3.7282157,2.7564228,2.7564228,2.4930527,2.4347146,2.5022237,2.6450896,3.1019394,2.5647607,3.7887506,3.6795661,4.0205975,3.8420675,3.0903218,3.0164921,3.7147682,3.6879041,2.9808285,2.906217,3.3314753,3.3854065,3.2550354,3.6079655,3.203492,3.7003264
24,3.22744,3.452089,3.3906999,2.9605117,2.139603,1.7663255,3.024641,2.9906769,2.6714756,2.806622,3.3981433,3.7390394,2.3466506,2.7834623,4.354311,4.5090284,2.4971204,2.1614652,1.9782435,1.7137222,2.134103,2.5954683,3.9374955,2.111251,0.0,0.5578772,2.4992018,1.5558137,1.5861603,1.6197934,1.8935466,1.9874222,3.2182047,3.2302146,3.3783135,3.3597865,3.6683676,3.42547,3.4131117,3.7444975,3.3943183,3.1443748,3.025696,3.2717414,3.232735,3.2339103,3.1875048,3.256374,3.3953285,3.5814104,3.3074942,2.4255285,3.4260767,3.6124518,3.020483,3.4005587,3.4675431,3.521655,2.926463,3.3521457,3.0884619,3.2509136,3.5215914,3.506845,4.0817194,3.4974976,3.244976,2.7677836,4.026697,4.024974,3.9093177,4.0112963,2.966364,3.594337,2.950177,2.9329107,3.5108945,3.5140913,2.8100154,2.7264357,3.4379132,3.571507,3.3630066,3.2946868,3.0528657,3.2149696,2.9088333,2.8968074,3.2273283,3.2906213,2.9191973,2.9909923,2.658154,2.5324373,2.7643359,3.0103598,2.5717797,2.8116946,2.5172026,2.626111,2.869776,2.941161,2.9561534,3.0895956,2.7044582,2.7044582,2.4654949,2.1053448,2.3514402,2.5933645,3.0928478,2.5150657,3.2062476,3.4680297,3.5990958,3.3690462,2.8808796,2.6673107,3.3598537,3.3647912,2.923511,2.870051,3.133407,2.8686798,3.0584736,3.3456562,2.9935012,3.6098177
25,3.237108,3.5037184,3.4230578,2.9248004,2.1996849,1.8168367,3.0289598,2.9998543,2.723992,2.8258255,3.27787,3.51671,2.3503637,2.7723632,4.302063,4.493453,2.515347,2.1545887,1.9717182,1.648011,2.1707907,2.6457043,3.8342023,2.129223,0.5578772,0.0,2.4442668,1.440193,1.6738926,1.7199925,1.9733651,2.0702946,2.9033241,2.9297595,3.111937,3.0883548,3.4139972,3.123069,3.099365,3.481133,3.0974836,2.987644,2.915829,3.1427073,3.0920756,3.100122,3.0811694,3.1285706,3.3014688,3.5553303,3.2656777,2.493423,3.3264327,3.5229862,2.9453552,3.3566198,3.3414645,3.3782277,2.8772848,3.176229,2.9138403,3.1290035,3.3641748,3.3660355,4.158607,3.558035,3.2222059,2.7231972,4.062031,4.0720778,3.9695003,4.091692,3.0205343,3.6285505,2.9713824,2.9538455,3.683383,3.6955888,3.0971642,3.0220194,3.3845968,3.5078094,3.3467178,3.2731814,3.115011,3.0720744,3.0117855,3.0020714,3.1376374,3.3057597,2.9279957,3.0213327,2.7087073,2.5875885,2.7748868,3.002394,2.536404,2.8176942,2.660569,2.5371602,2.814234,2.883009,2.8147154,2.9612684,2.6401017,2.6401017,2.5908852,2.0662827,2.4119315,2.5320883,3.1101692,2.4168205,3.1049073,3.371205,3.5774841,3.3608189,2.854161,2.6359217,3.424966,3.4315147,2.963952,2.8517568,3.204457,2.901139,3.0641153,3.2775075,2.999353,3.4307306
26,4.6546793,3.8586593,3.8168075,4.3551817,3.556999,3.3481376,3.2449412,3.1728656,3.9372735,3.8821526,3.2577815,3.4172459,3.2473447,3.5646448,4.288233,4.5258317,2.5203087,3.6845562,2.696525,3.3807378,3.6661677,2.8848813,4.864371,3.6202626,2.4992018,2.4442668,0.0,1.9049644,3.0566926,3.073414,2.4804425,2.4825652,4.2848535,3.9281206,4.5424213,4.536392,3.8145986,4.360023,4.454923,3.9572895,4.41117,4.0865164,4.4165306,4.340435,3.7037075,3.69428,3.8968136,4.4911375,3.6867368,4.0457196,4.1589465,3.1672044,3.6671398,3.9836922,3.464057,3.728799,3.8987846,3.6826591,3.2435625,3.4638283,3.860319,3.97627,4.092871,4.108111,4.4386215,3.9288328,4.0021033,3.589752,4.671493,4.5625653,4.432423,4.7849965,3.4116833,4.006664,3.299263,3.303508,3.1960888,3.2641735,2.7867122,2.7788348,3.9046717,4.04264,3.8499324,3.8316157,3.6688237,3.6990669,3.568395,3.70723,3.372906,3.8384156,3.43,3.5207632,3.1296315,3.0399213,3.3283947,3.6176615,3.248714,3.280409,3.0818224,2.7257633,2.879281,3.03236,2.6986258,2.2875023,2.9078217,2.9078217,3.0093858,2.3809257,2.9529471,2.9052646,3.6275373,2.9152813,2.976289,3.6146555,3.1326802,2.9073088,3.2692778,2.9346886,3.3740354,3.3542671,3.2355983,3.196892,3.337544,2.982643,2.9557526,3.0094948,3.0532527,3.2823632
27,4.11758,4.2101693,4.1219115,3.8065894,3.0250418,2.6971176,3.676624,3.6209369,3.3932362,3.334055,3.6908557,3.878675,2.4188678,2.9536629,4.5529165,4.696508,3.0002873,3.045005,2.7238152,2.5556629,2.9673104,3.245347,4.510898,2.9235253,1.5558137,1.440193,1.9049644,0.0,2.302885,2.3169646,2.4572086,2.53277,3.524125,3.4830832,3.7369597,3.7609954,3.9027843,3.7059338,3.7564034,3.9957445,3.723718,3.3032582,3.5900033,3.5117848,3.7638614,3.750543,3.5104814,3.765751,3.6405022,4.080712,3.9429743,3.0807323,3.5772889,3.913135,3.471924,3.804564,3.6425908,3.6609688,3.2433286,3.4758334,3.6995223,3.8118825,4.024696,4.0245485,4.530636,3.718664,3.8158398,3.3847754,4.4009724,4.1313505,4.274949,4.65128,3.4060361,4.025264,3.2615874,3.261346,3.2007515,3.1594012,2.679297,2.673624,4.1386294,4.267215,4.0487633,4.004522,3.7630496,3.876781,3.664809,3.7353487,3.2982996,3.8055985,3.3170068,3.4154425,2.9864385,2.937164,3.1146734,3.4010882,3.148933,3.1514056,2.9139178,2.7628284,2.8595273,3.0015638,2.9107668,2.2869947,2.7969928,2.7969928,2.8688977,2.3882244,2.7648463,2.8006353,3.388739,2.742015,3.226106,3.720481,3.7694957,3.5619473,3.223658,2.882211,3.677565,3.6735418,3.208174,3.0995374,3.4544697,3.1555164,3.1459312,3.1421652,3.1306467,3.5276358
28,2.9187317,3.2988958,3.232084,2.7041063,1.6679094,1.0388836,2.866953,2.8483813,2.4136403,2.6091821,3.3034098,3.7339518,2.8350754,3.2195947,4.365652,4.4993434,2.3165426,1.8421997,2.6193895,2.341398,1.5015328,2.1945887,3.6842158,1.6255804,1.5861603,1.6738926,3.0566926,2.302885,0.0,0.17700572,1.4333429,1.5125098,2.9411607,2.9775376,2.9492638,2.942466,3.3871534,3.121444,3.0510457,3.527167,3.2139196,3.0319982,2.723486,3.0418782,3.1168306,3.1200404,2.9734316,3.0238888,3.1927068,3.161358,2.9842439,2.3119636,3.3220024,3.49105,2.770453,3.116861,3.1490116,3.2012968,2.6369073,3.1800458,2.9361777,3.02634,3.2440012,3.188894,4.607804,3.9776933,3.8174713,3.4493268,4.4051027,4.444517,4.4068656,4.4927278,3.352326,3.1886513,3.5682046,3.5735693,3.9422991,3.9303916,3.4289157,3.3209789,3.2574847,3.4065087,3.900356,3.8667243,3.7026699,3.6252658,3.38147,3.405792,3.718203,3.6762908,3.3437245,3.409392,2.9188457,2.8301187,3.0725641,3.291284,3.1775794,3.3036907,2.9485497,3.0030055,3.3311026,3.3948867,3.4364722,3.5681002,3.0129657,3.0129657,2.9404671,2.5111513,2.9727795,3.0043626,3.452865,2.9777324,3.6369557,3.857803,4.038928,3.8961391,3.496674,3.301193,3.95765,3.9497194,3.3184884,3.3054802,3.626369,3.4742968,3.6038969,3.8607152,3.4951935,3.9307597
29,3.0015066,3.3628163,3.2996826,2.7953048,1.7020998,1.0785452,2.902952,2.8807547,2.4321723,2.6748137,3.33637,3.8095162,2.8771517,3.2654543,4.3883295,4.5349917,2.3945262,1.955786,2.700141,2.443318,1.6264963,2.269148,3.7540276,1.7596678,1.6197934,1.7199925,3.073414,2.3169646,0.17700572,0.0,1.4438144,1.5238795,3.035229,3.0688212,3.0237765,3.0167093,3.475569,3.2098718,3.1281037,3.6157475,3.287969,3.108715,2.7942889,3.120156,3.204927,3.206395,3.0472407,3.1070855,3.2696536,3.2140172,3.0707798,2.4130569,3.3860729,3.568988,2.839397,3.1781309,3.267705,3.3106468,2.7536595,3.283578,3.002918,3.1388605,3.3553321,3.2991912,4.679579,4.029351,3.8856375,3.5081654,4.4646163,4.5063767,4.4512186,4.543625,3.370035,3.2105026,3.5913327,3.5981784,3.9830506,3.9613578,3.4596786,3.3561437,3.3352962,3.4708579,3.955879,3.905607,3.706255,3.6366751,3.384655,3.4111667,3.7575386,3.7374055,3.3955147,3.4673624,2.9561403,2.8558264,3.1241267,3.354212,3.2468002,3.3536506,2.9842434,3.0240793,3.3707478,3.4375608,3.4653056,3.601591,3.0579178,3.0579178,3.0026863,2.555302,3.0379586,3.0634408,3.5188026,3.0462224,3.6504636,3.8683794,4.047857,3.9166014,3.547011,3.35965,3.9981928,3.9923425,3.3612459,3.3572109,3.655281,3.4958322,3.655403,3.8943388,3.5363615,3.9712124
30,3.1463058,2.8621938,2.8384392,3.014583,1.4765356,1.6877493,2.3984523,2.3612504,2.671739,2.7797046,2.7765408,3.1809533,3.0296662,2.965066,4.210404,4.192527,1.7461616,2.2794743,2.3320923,2.6572094,2.1006157,1.689754,3.436096,2.1455293,1.8935466,1.9733651,2.4804425,2.4572086,1.4333429,1.4438144,0.0,0.14174722,3.3238208,3.0865452,3.5628653,3.3928766,3.0323234,3.3444903,3.419026,3.2114413,3.310198,3.1761136,3.4057581,3.4966865,2.898989,2.9040313,3.0742428,3.4183288,3.0931077,3.018774,2.9878042,2.2074726,3.2092664,3.3193228,2.5552757,2.857125,3.2222395,3.097912,2.2741132,2.8157558,2.9868815,3.0152724,3.176128,3.1345413,4.4933386,3.7196515,3.4904585,3.3551445,4.218444,4.3210893,4.2324486,4.1903195,2.8837202,2.8348596,3.027393,3.0326464,3.6832223,3.6610022,3.1715527,3.0898256,3.1231587,3.3104434,3.7123437,3.6878734,3.237808,3.4326177,3.184722,3.2650042,3.4981596,3.1436749,3.1651797,3.230895,2.7507582,2.6426988,2.9608414,2.9681668,2.9608688,3.1026275,2.7228372,2.8505008,3.1789515,3.2563145,3.2505188,3.4550743,2.6645765,2.6645765,2.6480973,2.092902,2.7323275,2.6933365,3.2215247,2.7088,3.2795196,3.5446022,3.4549327,3.3029137,3.2122068,2.9929423,3.6686857,3.643532,2.971749,2.9647596,3.1781316,2.7925742,3.1749895,3.6628737,3.11504,3.5228057
