,0,1,2,3,4,5,6,7,8,9,10,11,12,13,14,15,16,17,18,19,20,21,22,23,24,25,26,27,28,29,30,31,32,33,34,35,36,37,38,39,40,41,42,43,44,45,46,47,48,49,50,51,52,53,54,55,56,57,58,59,60,61,62,63,64,65,66,67,68,69,70,71,72,73,74,75,76,77,78,79,80,81,82,83,84,85,86,87,88,89,90,91,92,93,94,95,96,97,98,99,100,101,102,103,104,105,106,107,108,109,110,111,112,113,114,115,116,117,118,119,120,121,122,123,124,125,126,127
0,0.0,1.381778,1.3866439,1.6118196,3.033198,1.3956138,1.7610296,1.3424604,3.5680296,3.8471057,4.0509424,3.596469,2.657693,2.1462214,2.2788615,2.1390498,3.3021467,3.2562032,3.782641,3.3124177,3.5207896,3.4872656,3.4357703,3.4853954,3.6211722,3.7014022,3.7928276,3.8478503,3.0647762,3.429867,3.0063565,3.0584717,3.0762522,3.5462968,2.8017426,3.238256,2.2996337,2.3421428,2.6362257,3.4916756,3.1361425,2.6658375,2.8319736,2.455515,2.2027097,2.3573065,3.1412182,2.341898,3.2104714,3.0257385,3.4659424,3.3547113,3.6392114,3.5572343,3.1570513,3.3840919,3.4948447,3.1341777,3.0242794,3.2136333,2.2691162,2.8268092,2.9060278,2.8564901,3.3532684,3.1041403,2.852791,3.7790296,4.2258143,4.212003,3.8905008,3.8490722,3.2494957,2.9366605,2.6431408,3.0997124,2.759867,2.537668,2.4222975,2.3758404,3.2384784,3.929929,3.6140888,3.372587,3.9660182,3.919159,3.7848232,3.8989494,2.8897226,2.8266337,2.572791,2.5625865,3.0761352,3.9678698,2.852016,3.0319507,2.4773715,2.8509548,2.4545841,2.6152437,2.5895514,3.1290019,2.3217983,2.6250758,3.3885984,2.8139472,1.8461853,3.2071052,2.5479105,2.5124915,2.4185314,2.0702324,2.4669466,2.333903,3.276096,2.1319573,3.142001,3.757327,1.9814343,2.284304,3.1480837,3.505515,3.3021872,3.2528162,1.9951568,2.495266,1.7389933,2.2720935
1,1.381778,0.0,1.6204442,1.3131756,2.3457706,1.0033998,1.6416844,0.17881034,3.2333784,3.5298185,3.7489307,3.2441797,2.4728081,1.5953968,1.8563353,1.6190923,3.2414455,3.1957932,3.765977,3.454081,3.4031703,3.3929012,3.3929446,3.4176075,3.7516437,3.8292358,3.8060312,3.8550432,3.0369947,3.4821818,2.918985,3.2801895,3.1567488,3.5961845,2.761191,3.185597,2.608128,2.6392756,2.5664976,3.4537377,3.099417,2.6846788,2.8014796,2.4678013,2.441955,2.427482,2.5385303,2.5656207,2.9219654,2.7673392,3.1525202,3.1415608,3.5844858,3.557964,2.9717648,3.0776763,2.8207998,3.037188,2.849562,3.0365903,2.1119447,2.9262252,2.8577642,2.8225312,2.9891398,2.7762969,2.718389,3.669711,3.9412653,3.9469519,3.8493478,3.7730176,3.6172621,2.990496,2.4973955,2.485347,2.7515547,2.509039,2.3828585,2.3421578,3.114796,3.7439363,3.238599,3.3607783,3.6504524,3.660698,3.4434242,3.5534766,2.4507973,2.2228732,2.0177903,1.9827342,3.0950031,3.9713738,2.7240925,2.976297,2.599467,2.5751526,2.6474283,2.7181778,2.53921,2.795557,2.4284494,2.4223945,2.7404344,2.5868518,1.9862435,2.4859521,2.4599497,2.512631,2.468995,2.158612,2.3339314,2.3416252,3.164701,2.2705858,3.035215,3.0126748,1.8609142,2.2276554,3.0506597,3.1552315,3.2748928,3.285141,2.068373,2.5614831,1.5842097,2.1907508
2,1.3866439,1.6204442,0.0,1.9954642,3.2058463,2.046532,2.203803,1.6119074,3.4058216,3.6992624,4.0960345,3.6187985,2.7528188,2.0592403,2.3016124,2.1289845,3.8161814,3.7587247,4.238751,3.8706744,4.1382847,4.1201625,4.0352845,4.1369934,4.301466,4.403754,4.466444,4.366334,3.7148387,4.0771356,3.6328218,3.6419442,3.2797573,3.7722423,2.6597881,3.2174923,2.5117362,2.5191007,2.7005,3.4656656,3.0976725,2.5403626,2.8053124,2.5506594,2.3450074,2.4961069,3.4409635,2.574957,2.709225,2.907079,3.293952,3.309177,3.4701793,3.376218,2.967025,3.2141223,3.2810376,3.1611338,3.1927214,3.429969,2.1822405,2.9061,2.8435729,3.1598828,3.2410064,2.987815,2.7134242,3.628265,4.305319,4.002881,3.8276045,3.6723402,3.5129976,3.2527125,2.770434,2.929767,2.9645853,2.542578,2.6624882,2.6143718,3.2579093,4.100626,3.509002,3.5083508,3.8462822,3.9014914,3.4725025,3.5041163,2.673946,2.7330158,2.542623,2.5774271,3.3758793,3.8611438,2.9316769,2.980723,2.5758526,2.9341767,2.8191175,2.7152526,2.4092798,2.7896328,2.5367057,2.8090127,3.3412108,2.8930385,2.2202692,3.1592603,2.7500465,2.7218373,2.725525,2.4670372,2.804742,2.7116637,3.2273831,2.4997582,3.2477815,3.7198925,2.0911753,2.4491527,3.280396,3.5472233,3.3415048,3.3309498,2.2565346,2.6715019,1.9426881,2.3871107
3,1.6118196,1.3131756,1.9954642,0.0,2.7362304,1.8021606,2.1343713,1.3083236,4.135246,4.4060197,4.610257,4.242727,2.8703504,2.0903783,2.2105236,2.0256236,3.4607658,3.412918,3.888097,3.582852,3.705155,3.688476,3.4948366,3.563673,3.5853975,3.6611912,3.6617894,3.6168787,3.2820487,3.6201613,2.7443554,3.33774,3.2682228,3.798224,2.9087055,3.284682,2.7283223,2.7588367,2.6460116,4.1926317,3.3105533,2.8032715,2.9257019,2.6214552,2.624702,2.6013763,2.657514,2.6601632,3.2129767,3.0245013,3.4272976,3.3909614,3.8853176,3.8801281,3.3055317,3.2803283,3.060265,3.1798842,3.131838,3.3209102,2.4161687,2.945377,3.084817,2.9944263,3.6193676,3.2445877,3.0227416,3.85117,4.096005,4.145168,4.046253,4.0404644,3.9594104,3.0456374,2.908136,2.8877401,2.9566054,2.634701,2.7383566,2.6607215,3.328109,3.9354312,3.4225993,3.561042,3.787944,3.7715962,3.6456537,3.7549775,2.5848787,2.579266,2.3516693,2.3648188,3.1740928,4.019639,3.0570889,3.3048124,2.8592358,2.6920435,2.870986,2.9279344,2.7675326,2.9852228,1.9687,1.8075308,2.7921891,2.5138779,2.332619,2.7851958,2.6592696,2.7181354,2.5600388,2.2030385,2.8500018,2.5940018,3.4089823,2.7199752,3.3699179,3.3133888,2.3132288,2.3878253,3.205828,3.2813132,3.4793308,3.3910782,2.4709506,2.9102955,2.0177023,2.5395632
4,3.033198,2.3457706,3.2058463,2.7362304,0.0,2.4427614,2.9194498,2.4006035,3.2564285,2.9845302,3.4296894,2.7326057,1.7736208,1.7630731,1.7658707,1.662353,2.3731277,2.339738,2.429434,2.4669049,2.5221636,2.4658706,2.5544753,2.526348,2.7708879,2.8478153,2.7075238,2.8242054,2.0044053,2.6010294,2.307619,2.632329,3.913594,4.296125,3.6659882,3.8568652,3.5660937,3.5695417,3.3944159,4.121881,3.8122633,3.5380151,3.7289705,3.333906,3.3211658,3.1985629,2.632538,3.3709157,2.7486136,2.6269653,2.3983366,2.4119005,2.8537455,2.977986,2.3535376,2.3118577,2.00348,2.694189,2.9553823,2.910062,1.9142278,2.1998055,1.9720966,2.0632517,2.8600886,2.6599815,2.5576108,2.9146214,2.8846517,3.2285855,3.153192,3.129888,3.3281054,2.3736508,2.0378735,1.4487242,2.1325824,2.0199258,2.0436192,1.9938519,2.053791,2.6295786,1.9149436,2.324595,2.318498,2.2589428,2.6274104,2.6089315,2.5347126,2.575685,1.9570036,1.7473223,2.6470208,3.2060688,2.586804,2.3946836,2.4439847,2.1515577,2.1960664,2.504298,1.9503276,1.95616,2.6218176,2.408349,1.9152293,2.1393654,2.2262888,1.5576935,2.0861251,2.1966527,2.2974856,2.3660297,2.1954415,2.341153,2.4818685,2.3123472,2.2640226,1.7418269,2.1274261,1.8655236,2.284064,2.0723212,2.6953955,2.7893908,2.1051457,2.636124,1.8878601,2.0994046
5,1.3956138,1.0033998,2.046532,1.8021606,2.4427614,0.0,1.7465177,0.99452823,3.1320086,3.500152,3.4090147,3.1511972,2.6162217,1.9743402,2.1656277,1.9511298,2.7861335,2.7525282,3.325266,2.905875,2.8685641,2.873132,2.891271,2.906724,3.358892,3.4152422,3.4187834,3.4973264,2.489045,2.9527535,2.5057013,2.7435374,3.2539015,3.7875154,3.2114124,3.4801006,2.5766551,2.6269863,2.7063394,3.3047926,3.3638422,3.0186522,3.1274414,2.7058058,2.4884214,2.525262,2.4693878,2.517294,3.2842999,3.2213259,3.567917,3.536309,3.8503833,3.824796,3.3319988,3.504706,3.2367437,3.4153883,3.0237782,3.063951,2.251059,3.0177941,2.9045446,2.9243698,3.1313684,2.9708467,2.9162807,3.8651764,4.0534954,4.212961,3.860528,3.7666714,3.544728,2.7830431,2.640274,2.6978886,2.8142743,2.587801,2.4556918,2.4280887,3.2549717,3.91557,3.496592,3.3846045,3.80249,3.8044028,3.724691,3.8416705,2.7742732,2.6139572,2.4735029,2.3752735,2.7271132,4.1273947,2.9267309,3.1557355,2.8904288,2.9942281,2.667211,2.9898548,2.7962053,3.2198727,2.580584,2.695126,3.2435298,2.9796104,2.1225376,2.8534439,2.6732955,2.6854868,2.5499864,2.3090298,2.4269414,2.5527866,3.2571847,2.3254232,3.246802,3.452043,2.0874443,2.4752421,3.2098315,3.4305387,3.42059,3.451532,2.1118145,2.796275,1.8334297,2.359269
6,1.7610296,1.6416844,2.203803,2.1343713,2.9194498,1.7465177,0.0,1.5784209,3.4728432,3.8217225,3.892842,3.413862,2.9354656,2.2912238,2.554865,2.3662798,3.715511,3.6870058,3.9136431,3.6008198,3.7110322,3.581341,3.6141667,3.633962,3.990174,4.057268,4.063912,4.1155434,3.3149824,3.717135,3.4164479,3.6499903,3.2975802,3.025641,2.8216567,3.2130609,2.9169283,2.9086988,3.4405859,4.03649,3.2220895,2.8423603,3.061266,2.6717641,2.7969878,2.768323,3.0742843,2.894488,3.1722138,3.055328,3.4493768,3.4586205,3.7548866,3.7970219,3.2463918,3.446371,3.2827587,3.3023582,3.0229828,3.65107,2.529565,2.9866285,3.1234925,3.0753381,3.8087404,3.638094,3.58897,4.3758144,3.9739676,4.0967846,3.964454,3.885078,3.2569916,3.3270645,2.9645658,3.0849876,3.008243,2.818059,2.7253118,2.73632,3.504954,3.375011,3.7060277,3.4775057,3.8403447,3.9165084,3.5964553,3.7835045,3.0265841,2.7529764,2.6447392,2.623502,3.7401984,4.616472,3.582372,3.3181887,3.0299978,3.1364174,2.9857078,3.1152632,2.9880452,3.3350346,2.8850965,2.9666743,3.3231115,3.090894,2.5380497,3.1103437,2.94619,2.9685388,2.8529353,2.5446637,2.8183222,2.8331068,3.490769,2.6575434,3.5240424,3.5986443,2.348025,2.7565746,3.8579376,4.015586,3.797618,3.777681,2.6179116,2.999471,2.2134051,3.049547
7,1.3424604,0.17881034,1.6119074,1.3083236,2.4006035,0.99452823,1.5784209,0.0,3.3061783,3.614598,3.7785811,3.2421248,2.4903517,1.6322283,1.9366354,1.67643,3.251529,3.2068768,3.7870896,3.4678674,3.437381,3.4198022,3.4148238,3.4422028,3.7530756,3.8292193,3.8100014,3.8519776,3.064667,3.5120742,2.9538474,3.3042905,3.174575,3.58586,2.78326,3.2175465,2.5822222,2.6110342,2.6127255,3.4725132,3.1037016,2.7115874,2.8128002,2.463202,2.4589143,2.4541717,2.533188,2.5294213,2.9264805,2.820532,3.2145877,3.1698463,3.6099365,3.5774057,3.0038764,3.1480892,2.8691938,3.0660229,2.8670309,3.0844064,2.150563,2.9361525,2.8774233,2.8636892,3.0674424,2.8539007,2.787977,3.7352047,3.9768825,4.0058656,3.9040046,3.8250127,3.6,2.9914355,2.5395427,2.5317144,2.7787404,2.531056,2.4102888,2.3731658,3.147035,3.7295702,3.2888753,3.3896942,3.689014,3.7325811,3.4750392,3.5912998,2.547301,2.2856956,2.0540955,2.024543,3.129671,4.0514264,2.8048315,3.015388,2.6688886,2.6426134,2.7138894,2.7834346,2.5988255,2.855537,2.4629846,2.4660885,2.7943316,2.6276958,2.0342581,2.5991778,2.550305,2.6006422,2.5156002,2.2125478,2.4075875,2.4301534,3.2072213,2.3354282,3.095013,3.0890899,1.9002863,2.2721238,3.1255813,3.2408807,3.3599434,3.362484,2.0891209,2.6135626,1.6172714,2.253994
8,3.5680296,3.2333784,3.4058216,4.135246,3.2564285,3.1320086,3.4728432,3.3061783,0.0,1.5085984,1.6700209,2.556535,2.9248705,2.6093218,2.7377849,2.6893294,4.0945063,4.063745,4.0240645,3.9565375,3.824223,3.8597817,4.0768347,4.0894423,4.75761,4.824239,4.807097,4.937866,3.614605,3.939968,4.3152103,4.0527797,3.862475,4.309517,3.652257,3.8814545,3.5805597,3.6481152,3.6352134,3.2691164,4.1448555,3.4283323,3.7202742,3.3728592,3.1794298,3.107367,3.7072093,3.6637135,3.770754,3.5518148,3.358415,3.3516629,3.5938487,3.6147454,3.4197466,3.4813776,3.471574,3.7545426,3.252996,3.2557213,3.375824,3.5289686,3.3317165,3.356304,3.3296356,3.4544947,3.3030264,3.960182,3.9796357,3.984697,3.0455914,2.8153903,3.7405164,3.905388,2.9713972,3.1240814,3.174811,3.3042705,3.0191998,3.0527155,3.4634092,4.080312,3.4178183,3.443786,3.7785287,3.6231794,3.376199,3.4754238,3.6526015,3.6407578,3.5374055,3.429959,3.5210364,4.2246165,3.4074724,3.5108693,3.1456304,3.5429533,3.1984851,3.3417876,3.216693,3.349859,3.7266126,3.8743591,3.9863276,3.9136763,3.3585956,3.5034459,3.2696471,3.246347,3.515247,3.5069985,2.6820507,3.072693,3.0100546,2.681348,3.7741208,3.8743286,2.8349018,3.384493,3.8872387,4.013957,3.3165212,3.4803987,3.1380408,3.4609451,2.852118,3.2565904
9,3.8471057,3.5298185,3.6992624,4.4060197,2.9845302,3.500152,3.8217225,3.614598,1.5085984,0.0,2.2994835,2.2782197,2.6019795,2.9296224,2.9622173,3.0060248,3.9013739,3.8707635,3.804389,3.7617636,3.6000583,3.6132212,3.9005375,3.9012027,4.6711016,4.7417283,4.716642,4.8651686,3.4766119,3.8596573,4.2283216,3.9436576,4.42388,4.7763615,4.1565404,4.3504696,4.199538,4.2511716,4.1807737,3.8675134,4.547628,3.9457645,4.247039,3.9216654,3.8542407,3.7935855,4.277835,4.2187166,3.5008597,3.260294,2.9752393,3.0828977,3.2522378,3.3149278,3.0219429,3.112333,3.2486248,3.5211556,3.705818,3.5708473,3.0803754,3.3435812,2.995721,3.0488172,2.9755394,3.1492558,3.0214052,3.3710737,3.6699698,3.6816492,2.660458,2.547008,3.5305796,3.678981,2.6312072,2.8772416,2.9591348,3.1102293,2.79314,2.8325934,3.2681959,3.830765,3.1114337,3.1953993,3.4000614,3.227986,3.3386579,3.3804588,3.5403843,3.669282,3.2738101,3.1547034,3.4381788,3.3777976,3.1218722,3.1048899,2.7988544,3.2380345,2.885211,3.0169246,2.759228,2.950644,4.056824,4.1885633,3.6057994,3.5682938,3.0360641,3.1039612,2.9568937,2.9562705,3.2756758,3.357429,2.5825837,3.0429645,3.1600573,2.611013,2.9531753,3.2379305,2.9360719,3.0304692,3.1874094,3.268854,2.6241057,2.8617845,2.9387968,3.1378434,2.9341106,3.0454993
10,4.0509424,3.7489307,4.0960345,4.610257,3.4296894,3.4090147,3.892842,3.7785811,1.6700209,2.2994835,0.0,2.4945366,3.3098571,3.0599017,3.4520574,3.221638,3.8341348,3.8190567,3.758534,3.6692,3.523662,3.5555258,3.8147578,3.8081377,4.414143,4.4548306,4.437249,4.5834336,3.356179,3.6983678,4.3427033,4.032891,4.145811,4.5717754,4.2043557,4.3395586,3.5827017,3.61988,4.002792,3.2207289,4.562808,3.9897933,4.1769257,3.536282,3.477927,3.4988182,3.3954315,3.4600515,4.0354424,4.157453,3.9871418,3.974796,3.8744495,3.876959,3.7128415,4.087815,3.7838542,4.0919585,3.3923652,3.262022,3.901884,3.7511084,3.3937116,3.4339097,3.6366324,3.7501035,3.9523187,4.540575,4.1537366,4.309745,3.442527,3.216807,3.8048382,3.821282,3.2963438,3.422009,3.437406,3.5756931,3.3306298,3.3640265,3.6536431,4.284971,3.734965,3.6056857,4.03894,4.2147884,3.8174965,3.8991807,4.2273526,3.9172232,3.8575094,3.7269387,3.4229357,4.7914157,3.9952798,3.9333725,3.7798483,4.1429415,3.6605284,3.9608274,3.800119,3.875191,4.1612086,4.2806344,4.489889,4.458902,3.808196,4.115454,4.01936,4.000994,3.8570461,4.074494,2.9987245,3.669521,3.2866693,3.1261623,4.118583,4.2537627,3.1734855,3.7125225,4.2508903,4.4069643,3.8190603,3.976074,3.349307,3.7810752,3.278564,3.709855
11,3.596469,3.2441797,3.6187985,4.242727,2.7326057,3.1511972,3.413862,3.2421248,2.556535,2.2782197,2.4945366,0.0,2.2963572,2.725816,3.1161497,2.9122593,3.741387,3.7173505,3.723118,3.619425,3.5173852,3.489806,3.8540592,3.803025,4.2416987,4.321341,4.281644,4.500773,3.2550616,3.7552564,4.1783023,3.9166024,4.4291058,4.8380623,4.17655,4.3937187,3.9963548,4.0102305,4.326943,3.6821291,4.2660036,4.0934973,4.372498,3.7684715,3.9211917,3.940152,3.8587866,3.8636112,3.4040465,3.5263588,3.3578262,3.0043104,3.2660813,3.3340092,2.9363878,3.5015576,3.1559217,3.377069,3.4206414,3.4163387,2.9723184,3.3659358,2.9671836,3.115928,3.4899356,3.58985,3.5609162,4.009189,3.6562066,4.00935,3.5650384,3.4415114,3.4198394,3.6085472,2.7700112,2.8272963,3.0606623,3.1975033,2.8215299,2.8548234,3.1107593,3.254366,3.2454743,3.0883107,3.485192,3.6758142,3.341838,3.3745372,4.1718283,3.780914,3.1473327,3.0074894,3.7028992,4.2958755,3.4905345,3.3561087,3.1733766,3.4295702,3.0916271,3.2782083,3.0578368,3.2419443,4.1650033,4.27704,3.5768847,3.5984752,3.1200752,3.46502,3.4383562,3.4687846,3.3994205,3.5519893,2.7916622,3.4377792,3.2854848,2.8882017,3.2510054,3.4979165,2.9616826,3.181837,3.5266485,3.6219943,3.6924667,3.8509533,2.8836975,3.323005,2.8584464,3.0917246
12,2.657693,2.4728081,2.7528188,2.8703504,1.7736208,2.6162217,2.9354656,2.4903517,2.9248705,2.6019795,3.3098571,2.2963572,0.0,1.7222681,1.8644377,1.7523853,3.0465126,3.0037596,3.0205734,2.9210012,3.0344234,3.0060248,3.1213088,3.0557797,3.3705654,3.4613938,3.4486778,3.5358653,2.675913,3.287771,2.9305496,2.7487428,3.7927158,4.3976965,3.4282231,3.7324297,3.2645047,3.316164,3.3733754,4.1095843,3.6555989,3.2010903,3.5011003,3.0249941,3.132473,3.1261766,3.2552407,3.1580896,2.6561174,2.4869838,2.2718728,1.7046517,2.517671,2.6005473,2.1285906,2.3287182,2.256538,2.3750894,2.8535924,2.794053,1.8591714,1.9773216,1.8776404,1.9124813,3.0534585,2.8787653,2.4168317,2.815221,3.053338,3.461322,2.5226948,2.5384495,2.952856,2.5036252,1.8028116,1.8812778,1.8659022,1.9508824,1.775608,1.7630669,2.0798154,2.509867,2.0618715,2.152724,2.482264,2.4150856,2.3645642,2.4347544,2.9801188,3.0301356,2.0284417,1.9439974,2.5227582,2.8182933,2.3953204,2.3251858,1.8883239,2.0107942,1.853784,2.040396,1.6009184,1.8328215,2.4389825,2.592644,2.2156,1.957814,1.9335476,2.4019802,2.00769,2.0628,2.422033,2.4185767,2.2543228,2.4423857,2.5341403,2.106308,2.1864862,2.5243502,2.2117195,1.6959654,2.130987,2.1856031,2.5596201,2.6242983,1.7919754,2.4332757,1.6107486,1.8555247
13,2.1462214,1.5953968,2.0592403,2.0903783,1.7630731,1.9743402,2.2912238,1.6322283,2.6093218,2.9296224,3.0599017,2.725816,1.7222681,0.0,1.0023557,0.49668786,3.129987,3.0773168,3.23954,3.1539283,3.232308,3.2207117,3.2167578,3.234602,3.3983548,3.4879334,3.4561,3.5229738,2.7674885,3.2408326,3.0321631,3.093213,2.988615,3.4886973,2.391767,2.8013062,2.4248958,2.4236703,2.3351324,3.20956,2.794858,2.2681696,2.5084054,2.0280209,2.045354,1.9940307,2.2702596,2.249763,2.4370294,2.2931068,2.1712422,2.0970109,2.443548,2.4580336,2.0072749,2.1296139,2.1268253,2.2641108,1.9073473,2.1610782,1.9697067,2.0296364,1.963896,1.9712958,2.6543343,2.4107542,2.247863,3.0154397,3.040011,3.040786,3.0014203,2.8791625,3.0497134,2.6500409,1.8833888,1.8424996,1.9899726,1.9422376,1.8263675,1.7807374,1.9653302,2.831573,2.053035,2.2849429,2.6257286,2.669228,2.2340403,2.3157306,2.3852453,2.2158744,1.8948475,1.835103,2.776573,3.52906,2.246117,2.3312643,1.9582511,1.9624834,2.0781996,2.0885885,1.8642519,1.8683618,1.8879701,1.8469921,2.266799,2.135205,2.0130694,2.171044,2.022939,2.0643353,2.1382906,2.0876768,1.7756864,1.8304712,1.9433416,1.7461878,2.6318665,2.5395374,1.2159171,1.7044852,2.627911,2.6926217,2.8283176,2.842382,1.7192774,2.2744272,0.97045684,1.7331474
14,2.2788615,1.8563353,2.3016124,2.2105236,1.7658707,2.1656277,2.554865,1.9366354,2.7377849,2.9622173,3.4520574,3.1161497,1.8644377,1.0023557,0.0,0.60519505,3.0549495,3.0035105,3.2202342,3.1409264,3.2144392,3.2037096,3.2011757,3.204114,3.3965874,3.485176,3.4468107,3.5297897,2.7447307,3.1952302,2.7650316,2.8430176,3.0415936,3.499419,2.496378,2.8755589,2.7775679,2.806135,2.242999,3.4473536,2.8272614,2.349608,2.550469,2.4996288,2.1262748,1.9535081,2.6353207,2.76103,2.7117283,2.1649315,2.0155525,1.9551538,2.6739135,2.6966796,2.3220642,1.9357511,2.5197287,2.5383852,2.3200488,2.4907658,2.0753317,1.9738927,2.1659923,2.1722524,2.7468915,2.538808,1.9731218,2.7539527,3.2977223,3.3405733,3.2028868,3.1025295,3.2913744,2.7923858,2.0865295,1.993096,2.1877491,2.113246,2.0205142,1.9727567,2.164826,3.0162039,2.2038443,2.4955757,2.7644114,2.3830917,2.5494664,2.5928717,2.1040998,2.4453254,2.1203241,2.0270998,2.8532472,3.2579808,1.9878075,2.067396,1.9172139,1.8932899,1.955572,2.0502539,1.7424351,1.7849027,1.7815031,1.788569,2.2804236,2.0607352,1.9347019,1.9747934,1.4698308,1.5094438,2.2583053,2.0560977,1.9999795,1.5746629,2.213719,1.7864516,2.5692394,2.4929464,1.542277,1.8175198,2.512058,2.5507827,2.739174,2.7617848,1.9657786,2.371504,1.1807237,1.649672
15,2.1390498,1.6190923,2.1289845,2.0256236,1.662353,1.9511298,2.3662798,1.67643,2.6893294,3.0060248,3.221638,2.9122593,1.7523853,0.49668786,0.60519505,0.0,2.989194,2.9374318,3.1645489,3.0652122,3.1598558,3.1484425,3.145221,3.14978,3.2914991,3.3839626,3.346055,3.4144318,2.660746,3.1345243,2.7884274,2.8872564,2.9746408,3.4819772,2.437098,2.839557,2.480616,2.4982948,2.2012074,3.292523,2.8161917,2.2914577,2.5090935,2.2027125,1.9909276,1.8911543,2.2533808,2.3776913,2.5985875,2.2991018,2.2007577,2.0869663,2.6236322,2.635057,2.2184258,2.1233478,2.2876983,2.4285107,2.0710456,2.2597253,1.9999166,2.0130823,2.066605,2.0668478,2.740496,2.4949803,2.1783154,2.9721189,3.2222614,3.2685366,3.1537063,3.0414293,3.1974676,2.678278,2.0085926,1.8708713,2.0885117,1.9943417,1.9346399,1.8768889,2.0379074,2.9459696,2.1348124,2.4083395,2.7383215,2.5856168,2.4190776,2.4675014,2.24299,2.2594414,1.9444643,1.8558761,2.7264125,3.453667,2.1888678,2.2629569,1.9823236,1.9621631,2.022592,2.1150758,1.8406684,1.8494773,1.6818388,1.6572591,2.288579,2.1307025,1.9841046,2.0855622,1.8425295,1.8828244,2.2272463,2.107481,1.8799484,1.7284051,2.0482092,1.7633852,2.6666112,2.5522943,1.3757712,1.757639,2.6082022,2.6479766,2.818936,2.8437843,1.8165987,2.3405626,1.0135463,1.6768224
16,3.3021467,3.2414455,3.8161814,3.4607658,2.3731277,2.7861335,3.715511,3.251529,4.0945063,3.9013739,3.8341348,3.741387,3.0465126,3.129987,3.0549495,2.989194,0.0,0.091646075,1.7981262,1.517359,2.292246,2.2010586,2.1574767,2.299605,2.29736,2.295958,2.293787,2.2959762,1.5187483,1.91176,2.1551213,2.0336926,4.5256367,4.773253,4.7895393,5.0153112,3.8275309,3.8551402,3.9077365,4.3216915,4.9863753,4.6252666,4.5898776,4.30165,3.7775118,3.7777576,3.2820504,3.6770585,3.9690754,4.101862,4.054994,3.9478185,4.039069,3.9328644,3.8157847,3.9468548,3.8408325,4.11667,4.202159,3.9624293,2.91359,3.0128453,2.853041,3.1757507,3.3764293,3.2313259,3.0478795,3.3506117,4.25309,4.5603495,4.0532694,4.0258837,3.427197,2.0912883,2.8808959,2.888674,2.8309584,2.6146228,2.7951267,2.7546294,2.992455,3.9936905,3.2364051,3.3446317,3.6758757,3.6448665,4.2530007,4.225274,3.5116765,3.7743628,3.3454354,3.1443932,2.31647,3.714167,3.3994286,3.0539174,3.5605593,3.7193103,3.1724272,3.7258704,3.1158466,3.45134,3.4195626,3.4404504,3.8705184,3.6327713,2.9556065,3.406623,3.2555177,3.2369802,3.085676,3.1283872,3.1087346,3.2111936,3.2744372,3.0552833,3.1423714,3.473185,2.9313538,2.7782505,3.110281,3.2921076,3.1117375,3.1673481,2.684604,3.1789086,2.885884,2.9916077
17,3.2562032,3.1957932,3.7587247,3.412918,2.339738,2.7525282,3.6870058,3.2068768,4.063745,3.8707635,3.8190567,3.7173505,3.0037596,3.0773168,3.0035105,2.9374318,0.091646075,0.0,1.7856945,1.5034806,2.266988,2.1787937,2.1274393,2.2768605,2.3007667,2.30365,2.3035505,2.2976425,1.5131572,1.9104557,2.1422107,2.0176282,4.494721,4.7335324,4.7351837,4.9566145,3.7989604,3.825334,3.8538582,4.2822595,4.936785,4.570761,4.5391593,4.260052,3.733977,3.7372682,3.258122,3.6366174,3.9252865,4.0628233,4.011674,3.902175,3.9869053,3.8801458,3.769593,3.9016995,3.8089883,4.083058,4.1558175,3.9128075,2.858667,2.9658763,2.805935,3.1373065,3.3198614,3.169213,2.9789948,3.285707,4.206989,4.515254,4.013581,3.984854,3.4111953,2.06679,2.8469677,2.8587012,2.7993689,2.5770612,2.7647195,2.7221467,2.9451191,3.9677048,3.1887462,3.3031945,3.6350815,3.605779,4.20922,4.1788106,3.4611535,3.7312453,3.2955866,3.0951169,2.2617726,3.654355,3.330368,2.9905248,3.5148492,3.6813936,3.1340213,3.6835203,3.063388,3.4,3.3760343,3.3953862,3.8347957,3.5930367,2.91483,3.3683805,3.2124171,3.1943672,3.042972,3.0861466,3.0714037,3.1679456,3.228124,3.0139694,3.0987089,3.4377215,2.8806818,2.7284713,3.0595183,3.2449942,3.0701754,3.1247933,2.6458511,3.1179147,2.8392665,2.9303977
18,3.782641,3.765977,4.238751,3.888097,2.429434,3.325266,3.9136431,3.7870896,4.0240645,3.804389,3.758534,3.723118,3.0205734,3.23954,3.2202342,3.1645489,1.7981262,1.7856945,0.0,0.8732616,2.0979512,2.002447,1.8231978,1.9960606,2.0467517,2.038014,2.0386658,2.0543928,1.3298167,1.6616955,2.4471493,2.038164,4.7036524,5.0748644,4.8971405,4.9021144,4.309833,4.3052144,4.446073,4.8655753,5.0505214,4.7261753,4.952533,4.47429,4.162957,4.160957,3.6891558,4.0478625,4.109652,4.291853,3.918956,3.8461468,3.696427,3.7792168,3.67625,3.8391032,3.6479619,3.9878867,4.0151176,3.8054879,2.722856,2.7655003,2.6210184,2.9837613,3.7812798,3.5953689,3.3760877,3.3492167,3.1841412,3.779167,3.1977875,3.185032,3.2073677,2.0719826,2.9340928,2.9515595,2.5707881,2.546847,2.8047013,2.780252,2.564288,3.2178988,2.7283587,2.4566855,2.7329023,2.7866106,3.4968717,3.476758,3.8865008,4.2072244,3.7691348,3.5721068,2.337729,3.6867712,3.5521088,3.2328453,3.5847917,3.759386,2.9990752,3.6448853,3.048459,3.496675,3.4309778,3.3886762,3.8430736,3.6061385,3.3753126,3.3393962,3.2646499,3.244264,2.941768,3.083037,3.230509,3.400845,2.7736628,3.241331,3.3025732,3.6212192,3.167306,2.969435,3.2081792,3.3916824,3.3302615,3.3542726,3.059405,3.401178,3.182282,3.262493
19,3.3124177,3.454081,3.8706744,3.582852,2.4669049,2.905875,3.6008198,3.4678674,3.9565375,3.7617636,3.6692,3.619425,2.9210012,3.1539283,3.1409264,3.0652122,1.517359,1.5034806,0.8732616,0.0,1.8083222,1.7150832,1.5355833,1.7438993,1.7773247,1.79306,1.8667865,1.8658985,0.9146707,1.3311449,1.9909399,1.6624805,4.385439,4.8342543,4.6387134,4.6487155,3.8850281,3.889806,4.109313,4.4977484,4.7674675,4.4364905,4.6638007,4.1532745,3.7973924,3.841406,3.453113,3.6364145,3.8799798,4.0824947,3.9351995,3.8713856,3.7805767,3.8375282,3.6078084,3.8347356,3.6908824,3.8931143,3.9205847,3.66814,2.5856287,2.645999,2.493957,2.858738,3.7095425,3.5030031,3.292655,3.4923406,3.5088768,4.0250874,3.362892,3.343683,3.2039187,1.9582636,2.8698106,2.9597967,2.626838,2.445017,2.7133338,2.6697118,2.8001695,3.5327744,3.089058,2.705919,3.114431,3.1602643,3.7699575,3.7473555,3.6615455,3.9486291,3.513981,3.3149567,2.0475767,3.6025186,3.438156,3.1321962,3.4110625,3.679932,2.7773232,3.4871364,2.9092915,3.4369059,3.2439766,3.292741,3.8506453,3.5117283,2.98775,3.3647664,3.1382117,3.1107612,2.7386124,2.901194,3.0491743,3.2268062,3.0182037,2.968809,3.1708791,3.7022462,2.9700933,2.7972023,3.0668197,3.3324866,3.2069235,3.2361927,2.770051,3.1736252,2.9683647,3.0344348
20,3.5207896,3.4031703,4.1382847,3.705155,2.5221636,2.8685641,3.7110322,3.437381,3.824223,3.6000583,3.523662,3.5173852,3.0344234,3.232308,3.2144392,3.1598558,2.292246,2.266988,2.0979512,1.8083222,0.0,0.3574866,0.76222545,0.65661305,2.8615355,2.8755643,2.8682415,3.0518956,1.6100473,2.0790286,2.2559767,2.2305772,4.8521276,4.679455,4.609472,4.250246,4.2760687,4.297821,3.7681007,4.1364784,4.378744,4.12234,4.2459445,4.0685806,3.8696995,3.8859694,3.3419704,3.7455466,4.0652766,4.032043,3.918997,3.9309924,3.7140653,3.822251,3.719472,3.8673136,4.054635,4.267763,3.51769,3.1001377,2.9911275,3.141631,2.9109042,2.895465,3.2360563,3.121781,3.1610057,3.5311174,3.32396,4.2848434,3.618026,3.6506715,4.1039624,3.1075637,3.4526677,3.5007622,3.424796,3.38978,3.3637388,3.330542,3.3602252,3.9711907,3.540582,3.203489,3.62389,3.5477195,4.1023192,4.1420264,3.4121997,3.471266,3.090248,2.8932667,1.8827672,3.45583,2.9538512,3.0179935,3.5306535,3.6731086,2.929286,3.5992439,3.2840545,3.6901793,3.5577009,3.5912168,3.833521,3.615884,3.1066196,3.3837864,3.2504413,3.2761571,3.0471451,3.2659059,3.0470598,3.2918496,3.5250106,2.9832675,3.2752724,3.636223,3.1916673,3.0210073,3.0730562,3.2856722,3.3900294,3.4872782,3.0091345,3.4109788,3.1088924,2.7536368
21,3.4872656,3.3929012,4.1201625,3.688476,2.4658706,2.873132,3.581341,3.4198022,3.8597817,3.6132212,3.5555258,3.489806,3.0060248,3.2207117,3.2037096,3.1484425,2.2010586,2.1787937,2.002447,1.7150832,0.3574866,0.0,0.7246014,0.62129074,2.820367,2.834284,2.8281853,3.0050035,1.5668044,2.0558894,2.27553,2.2361693,4.8499517,4.523844,4.579477,4.2533817,4.2743835,4.2894363,3.8502686,4.221622,4.388232,4.123979,4.2379403,4.0737715,3.8755205,3.8859937,3.3576863,3.748644,4.017734,3.991344,3.879511,3.8837163,3.6523876,3.757026,3.671612,3.831906,4.034628,4.2352076,3.5199327,3.2115784,2.9465525,3.047875,2.8575552,2.8494277,3.2721918,3.1559577,3.1994243,3.5384107,3.2968428,4.2638884,3.6244998,3.661285,3.9472814,3.0486815,3.4180675,3.4759767,3.362787,3.323526,3.3153512,3.2874808,3.3033288,3.8094344,3.4987688,3.1512027,3.5811121,3.514112,4.0759563,4.1195984,3.3881838,3.439823,3.0414188,2.843092,1.9987032,3.484939,3.0238466,2.9277294,3.5096884,3.6657028,2.920202,3.589756,3.2463775,3.6536725,3.5518422,3.5885127,3.8187833,3.5990396,3.08105,3.3686457,3.2361014,3.2599847,3.0413144,3.2439115,3.042316,3.2706068,3.4937048,2.962273,3.2235699,3.5810256,3.153942,2.9668732,3.1200995,3.3260298,3.3636892,3.4562964,2.980366,3.3498912,3.0804133,2.7938378
22,3.4357703,3.3929446,4.0352845,3.4948366,2.5544753,2.891271,3.6141667,3.4148238,4.0768347,3.9005375,3.8147578,3.8540592,3.1213088,3.2167578,3.2011757,3.145221,2.1574767,2.1274393,1.8231978,1.5355833,0.76222545,0.7246014,0.0,0.65428114,2.5960834,2.6026506,2.6148057,2.6700134,1.5623884,1.912288,2.0481546,2.1406622,4.776574,4.570825,4.548941,4.20495,4.2104306,4.219711,3.765409,4.326167,4.3705425,4.0806427,4.206662,4.041088,3.8222592,3.8224304,3.299072,3.6751885,3.9192047,4.002446,3.892244,3.936347,3.6899927,3.8012047,3.695661,3.8204973,4.0096917,4.2295823,3.5836844,3.2902818,2.8653736,2.8884876,2.7487423,2.900948,3.396946,3.1997206,3.1059291,3.42493,3.2053065,4.155552,3.547633,3.5713935,3.9868276,2.8412733,3.426726,3.4407096,3.3108609,3.1743543,3.2996805,3.2596467,3.289889,3.8500264,3.4484167,3.1176913,3.436853,3.4354,4.0032682,4.043119,3.3078804,3.5145054,3.1332996,2.950478,1.8009621,3.4032905,3.0456169,2.9461462,3.5694137,3.6694958,2.9824145,3.621922,3.1917374,3.6068292,3.3784335,3.3545067,3.7681017,3.4974859,3.1139789,3.3849266,3.224462,3.247371,2.8724546,3.087025,3.1672666,3.3039818,3.4371583,3.0635502,3.3001983,3.6344569,3.1206512,2.940799,3.1037903,3.3249345,3.3550634,3.3914242,3.0062726,3.417394,3.096534,2.8372903
23,3.4853954,3.4176075,4.1369934,3.563673,2.526348,2.906724,3.633962,3.4422028,4.0894423,3.9012027,3.8081377,3.803025,3.0557797,3.234602,3.204114,3.14978,2.299605,2.2768605,1.9960606,1.7438993,0.65661305,0.62129074,0.65428114,0.0,2.7146099,2.7138605,2.7159843,2.8507962,1.6666954,2.2348065,2.075402,1.9710593,4.830647,4.61762,4.5737085,4.231466,4.227203,4.23614,3.7837343,4.431584,4.2963486,4.0859156,4.198857,4.023075,3.8539944,3.885942,3.3249621,3.6739004,4.0425043,4.023684,3.8964891,3.9668646,3.6696134,3.7865355,3.702901,3.824239,4.047229,4.2086053,3.4732053,3.1458669,2.9493086,2.996919,2.8226902,2.7802577,3.3372412,3.163185,3.2552352,3.5672445,3.2826254,4.216334,3.6038082,3.6451607,3.992161,2.9492934,3.4708903,3.5069313,3.3456824,3.3113286,3.3373191,3.3102243,3.264736,3.811524,3.471084,3.0804386,3.4933355,3.4399545,3.982781,4.041183,3.3022025,3.4104831,3.0844476,2.9200518,1.9024119,3.504422,3.0229805,3.0019195,3.5223076,3.6168172,2.8936067,3.5672157,3.24942,3.6714263,3.3218155,3.387195,3.7623584,3.496303,3.0939724,3.335094,3.1907978,3.2091088,3.053191,3.2373111,3.1757214,3.3289165,3.5061517,3.0796266,3.2616732,3.6313617,3.2171655,2.915526,3.063593,3.2862148,3.51446,3.5798755,2.961816,3.4166574,3.0540786,2.7632296
24,3.6211722,3.7516437,4.301466,3.5853975,2.7708879,3.358892,3.990174,3.7530756,4.75761,4.6711016,4.414143,4.2416987,3.3705654,3.3983548,3.3965874,3.2914991,2.29736,2.3007667,2.0467517,1.7773247,2.8615355,2.820367,2.5960834,2.7146099,0.0,0.18476248,0.38520136,0.88231945,1.621167,1.7289046,2.0419192,2.353871,3.9575236,5.128096,4.6057873,4.7511563,3.6651235,3.650321,4.176102,4.7975063,4.757844,4.6041064,4.829356,4.0343885,3.8215363,3.8281019,3.2261016,3.563817,4.0161695,4.0571036,4.0372844,3.9690697,4.1954365,4.275815,3.6998868,3.8691318,3.5855467,3.5283644,4.0200515,3.7766855,3.2633266,2.8285234,2.8394215,2.9416964,4.4730844,4.1713796,3.9633248,4.2312226,3.9713368,4.245013,4.131391,4.1570134,3.630489,2.2106993,3.0405834,3.0872371,2.8349888,2.674036,2.8749857,2.786489,3.0725222,3.738883,3.3931108,3.057607,3.4348936,3.541103,4.0667124,4.030724,4.1138434,4.2461085,3.8679953,3.6947489,3.0770698,4.375939,3.976678,3.808617,3.6152883,3.6303227,2.9898202,3.5991445,3.2792675,3.5839176,3.203282,3.0644374,3.7312298,3.4460616,3.1874793,3.574342,3.3548405,3.3611972,2.798892,3.0394006,3.242952,3.2953708,3.403507,3.2629902,3.5113556,3.828012,3.1736643,3.0710952,3.319204,3.4705021,3.7881668,3.7268202,3.0699701,3.5371695,3.1988895,3.470156
25,3.7014022,3.8292358,4.403754,3.6611912,2.8478153,3.4152422,4.057268,3.8292193,4.824239,4.7417283,4.4548306,4.321341,3.4613938,3.4879334,3.485176,3.3839626,2.295958,2.30365,2.038014,1.79306,2.8755643,2.834284,2.6026506,2.7138605,0.18476248,0.0,0.3307902,0.8808263,1.651463,1.7605428,2.080429,2.362092,4.0337877,5.1894755,4.708188,4.850458,3.740162,3.7261539,4.2548046,4.8733006,4.8461647,4.7017727,4.9076424,4.1208305,3.9058619,3.910502,3.2831235,3.6384492,4.118597,4.1557536,4.1255636,4.0692425,4.275111,4.350536,3.7995117,3.9625204,3.6813166,3.624325,4.096869,3.8534563,3.3571818,2.9160876,2.9251838,3.0146878,4.5188684,4.2249517,4.0315957,4.285417,4.0243554,4.305857,4.1821656,4.2104897,3.658525,2.223971,3.1061687,3.1683636,2.8885636,2.7538128,2.9353878,2.8545878,3.1429427,3.7918353,3.4574566,3.117339,3.4898326,3.6030033,4.140471,4.116478,4.188198,4.3262043,3.9639218,3.7928555,3.1168962,4.4524097,4.0471325,3.884685,3.7111106,3.7159307,3.0824723,3.694722,3.384325,3.6940422,3.2863383,3.1509142,3.81452,3.5294578,3.2719471,3.651972,3.432209,3.435959,2.8790374,3.1104448,3.3232324,3.3783104,3.4712722,3.3513045,3.580524,3.8933866,3.2556605,3.1467948,3.3912945,3.5494683,3.8618453,3.797349,3.1367404,3.619025,3.2768846,3.5558484
26,3.7928276,3.8060312,4.466444,3.6617894,2.7075238,3.4187834,4.063912,3.8100014,4.807097,4.716642,4.437249,4.281644,3.4486778,3.4561,3.4468107,3.346055,2.293787,2.3035505,2.0386658,1.8667865,2.8682415,2.8281853,2.6148057,2.7159843,0.38520136,0.3307902,0.0,0.8261686,1.6530232,1.7917591,2.040719,2.4387984,4.0505075,5.20747,4.7223673,4.8660436,3.8252628,3.8114657,4.287688,4.9225297,4.8670163,4.737214,4.9389486,4.163143,3.9753654,3.9499428,3.1898386,3.7234135,4.101385,4.1286297,4.083586,4.0322213,4.305023,4.3955326,3.7995303,3.9216795,3.5675285,3.6250665,4.10844,3.8705325,3.3663645,2.947732,2.9497328,3.0376637,4.5189896,4.2334576,4.0515003,4.298763,3.9856565,4.2905927,4.210124,4.2342505,3.7594075,2.2648025,3.1060388,3.0611026,2.9110568,2.7744186,2.9534242,2.874631,3.147936,3.7396061,3.3980055,3.1423614,3.4289806,3.5447445,4.101928,4.0748057,4.1572695,4.291271,3.9238064,3.7446048,3.170407,4.4817533,4.0640883,3.8971367,3.761612,3.6938176,3.144278,3.7427905,3.4011304,3.6526437,3.3301327,3.1330736,3.7055256,3.5069172,3.3166187,3.5378203,3.4277775,3.448437,2.9254591,3.1517546,3.3419604,3.4044363,3.4926543,3.408822,3.5827649,3.7533562,3.2818246,3.17324,3.4024584,3.4958844,3.8923473,3.837937,3.1930957,3.6552362,3.2939274,3.5866947
27,3.8478503,3.8550432,4.366334,3.6168787,2.8242054,3.4973264,4.1155434,3.8519776,4.937866,4.8651686,4.5834336,4.500773,3.5358653,3.5229738,3.5297897,3.4144318,2.2959762,2.2976425,2.0543928,1.8658985,3.0518956,3.0050035,2.6700134,2.8507962,0.88231945,0.8808263,0.8261686,0.0,1.9365689,2.0804238,1.9776148,2.426945,4.072509,5.2402005,4.7377706,4.904448,3.8447273,3.823429,4.331971,5.0966415,4.9413075,4.7639074,4.982226,4.25473,4.030969,4.0127635,3.214991,3.7346895,3.9444687,4.212754,4.1947794,4.161972,4.431543,4.5197525,3.9129956,4.0219555,3.5861285,3.819382,4.3340216,4.129088,3.318618,2.8533728,2.8787172,3.2524188,4.63441,4.3157415,4.064216,4.294517,4.1248426,4.3874655,4.2074547,4.1787076,3.891427,2.1049974,3.2433693,3.0056798,3.0192587,2.671522,3.094255,3.0154839,3.2776911,3.8767128,3.4525445,3.2995858,3.3875504,3.6109073,4.0958166,4.0345783,4.0607166,4.3502026,3.9654894,3.7968087,3.0611594,4.418382,4.1982355,3.885581,3.9682121,3.9025285,3.406931,3.9667082,3.3872302,3.5978239,3.3061948,3.0914538,3.7899237,3.6001942,3.4543695,3.6273503,3.5731828,3.5953398,3.0947216,3.3112664,3.6737096,3.6943684,3.6254153,3.6825175,3.7113245,3.8432796,3.4089065,3.2545166,3.5241797,3.5948474,3.9811528,3.918081,3.323582,3.7301054,3.4076993,3.7199366
28,3.0647762,3.0369947,3.7148387,3.2820487,2.0044053,2.489045,3.3149824,3.064667,3.614605,3.4766119,3.356179,3.2550616,2.675913,2.7674885,2.7447307,2.660746,1.5187483,1.5131572,1.3298167,0.9146707,1.6100473,1.5668044,1.5623884,1.6666954,1.621167,1.651463,1.6530232,1.9365689,0.0,0.96638656,1.7461311,1.7756257,4.063782,4.642635,4.338986,4.3624554,3.5663013,3.5846143,3.7143655,4.044533,4.4109044,4.122258,4.3184233,3.752577,3.4511197,3.4444084,2.9611413,3.3635461,3.6963968,3.6770675,3.59142,3.558461,3.6228693,3.689057,3.3133233,3.4909773,3.3268657,3.5067437,3.4945927,3.208764,2.516822,2.6213927,2.429917,2.5334818,3.4505653,3.2660143,3.1236088,3.495237,3.3935776,3.8760207,3.414909,3.4175227,3.2433617,2.0918913,2.5750217,2.6520638,2.4719672,2.3840356,2.4310012,2.3735874,2.6729364,3.4412193,2.9569306,2.6396623,3.111514,3.0607212,3.652361,3.6572661,3.4222014,3.5302157,3.149422,2.9298007,2.164301,3.6629097,3.170436,3.0702374,3.0666165,3.2137601,2.4072204,3.116726,2.7549603,3.211008,3.024337,3.011084,3.4227643,3.1644661,2.625133,2.9558306,2.7925484,2.7900434,2.3923554,2.5686986,2.493201,2.7286956,2.848546,2.4987233,2.9589994,3.317979,2.5945795,2.5563526,2.8319244,3.037482,3.017956,3.0673206,2.4489086,3.046056,2.591206,2.7037618
29,3.429867,3.4821818,4.0771356,3.6201613,2.6010294,2.9527535,3.717135,3.5120742,3.939968,3.8596573,3.6983678,3.7552564,3.287771,3.2408326,3.1952302,3.1345243,1.91176,1.9104557,1.6616955,1.3311449,2.0790286,2.0558894,1.912288,2.2348065,1.7289046,1.7605428,1.7917591,2.0804238,0.96638656,0.0,2.193551,2.4910126,4.31272,4.896498,4.673217,4.645968,3.8916261,3.9176073,4.008148,4.1513143,4.8338785,4.4583426,4.6608014,4.111057,3.737735,3.6773114,3.2799153,3.7423058,4.0888786,4.0558753,3.9921484,3.924855,4.042007,4.1051493,3.7486408,3.8894255,3.7274458,3.8989367,3.9051316,3.6313496,3.0016983,3.0419958,2.9433377,3.1003256,3.9540756,3.758223,3.4304738,3.7865183,3.6450663,4.1474414,3.7574337,3.7766325,3.6518526,2.5933897,3.025014,3.1380484,2.924972,2.7793677,2.895907,2.8148565,3.162199,3.8984172,3.4020092,3.1225657,3.5384853,3.4527097,4.12346,4.1115246,3.894078,4.0389314,3.6840625,3.4516008,2.6092882,3.9823925,3.6194284,3.5376213,3.4951444,3.6372385,2.8846428,3.5300772,3.21794,3.6396232,3.4641838,3.328691,3.8557591,3.5964577,3.1333437,3.4621484,3.2596247,3.2573206,2.5517852,2.7616394,2.7972393,2.983534,3.112649,2.8162577,3.4996426,3.7832842,2.9355614,3.1140337,3.3428657,3.5334625,3.172082,3.1770728,3.02592,3.5447104,3.1512809,3.2505758
30,3.0063565,2.918985,3.6328218,2.7443554,2.307619,2.5057013,3.4164479,2.9538474,4.3152103,4.2283216,4.3427033,4.1783023,2.9305496,3.0321631,2.7650316,2.7884274,2.1551213,2.1422107,2.4471493,1.9909399,2.2559767,2.27553,2.0481546,2.075402,2.0419192,2.080429,2.040719,1.9776148,1.7461311,2.193551,0.0,1.6323024,3.9234517,4.7653074,4.222943,4.2548604,3.58143,3.6292238,3.430413,4.599724,4.1996145,3.9645767,4.133929,3.7876813,3.467167,3.4088066,2.8873184,3.4698298,3.6350226,3.529764,3.7367482,3.7530844,4.2552986,4.348642,3.735493,3.57332,3.50628,3.7743437,3.9086413,3.6136043,2.7461293,2.73976,2.7957625,2.9488394,3.9271433,3.6452029,3.2837298,3.8089743,4.109573,4.550334,3.9746976,3.974018,4.167203,2.4528773,3.1214035,2.8257473,3.0949342,2.7189975,2.961743,2.8874664,3.4391046,4.0761895,3.5477734,3.461256,3.5982015,3.412174,4.076231,4.0777435,2.9617035,3.440518,3.033997,2.8653808,2.3079538,3.5978675,3.2995605,3.2730217,3.367982,3.2456987,2.7675872,3.3835697,2.8724055,3.2006164,2.6456914,2.5969214,3.2137666,2.9552321,2.600047,2.8945262,2.7015178,2.7503736,2.8033102,2.8121758,3.2404273,3.096649,3.7617834,3.0812764,3.2247663,3.3811908,3.0820558,2.7485363,2.8831196,2.9484074,3.4449785,3.4538045,2.7924328,3.3781528,2.765321,2.8201125
