,0,1,2,3,4,5,6,7,8,9,10,11,12,13,14,15,16,17,18,19,20,21,22,23,24,25,26,27,28,29,30,31,32,33,34,35,36,37,38,39,40,41,42,43,44,45,46,47,48,49,50,51,52,53,54,55,56,57,58,59,60,61,62,63,64,65,66,67,68,69,70,71,72,73,74,75,76,77,78,79,80,81,82,83,84,85,86,87,88,89,90,91,92,93,94,95,96,97,98,99,100,101,102,103,104,105,106,107,108,109,110,111,112,113,114,115,116,117,118,119,120,121,122,123,124,125,126,127
0,0.0,1.310691,1.5771556,1.5457785,2.4944503,3.4263783,2.6153922,2.3170655,1.4366748,1.1952356,1.8008512,1.7192972,2.0098093,2.113936,1.9995061,1.5070485,2.2548773,2.3666072,1.5213615,1.9304266,2.6861176,2.1199746,2.501389,2.507899,2.8350801,2.4337807,2.0810893,1.0881002,3.0337393,2.7541757,2.9511373,2.8104682,2.722309,2.8513522,3.2779355,3.561236,2.8531048,2.5077634,2.855926,3.1601884,2.9977589,3.0486426,2.7322783,2.2636724,2.7696972,2.8103151,2.9493787,2.8847244,3.5946326,3.3529036,3.0907156,3.3418934,3.340983,3.4283714,3.0573676,3.2447207,3.0652747,3.0492105,3.1669455,2.9541109,3.0796154,3.3756828,3.5847225,3.20008,2.7466474,2.7161403,2.5163922,2.8785203,3.7721057,3.781971,3.7277324,3.281149,2.2439404,2.2363107,2.5142355,2.7758613,2.1304305,2.3918595,2.1211169,2.113446,3.4955003,3.6379757,3.2354603,3.4272094,3.5232751,3.4741066,3.8311448,3.3280613,2.0156345,2.0285072,3.090247,2.489873,1.9834783,2.1330268,2.2556102,2.2556102,3.1123152,3.1452262,3.1401732,2.9167392,2.7741752,2.8662298,3.1854346,3.167056,2.9507596,2.9402406,2.8024974,2.7174735,2.7382033,2.821945,3.116826,3.5304923,2.5788083,2.5418522,2.0662887,2.1852374,2.1457207,3.9478347,2.3508213,2.8149557,2.7611926,2.4887419,2.4923105,2.676411,2.9097583,2.8854322,2.2276678,2.1764686
1,1.310691,0.0,1.1384975,1.0982702,2.5278819,3.6517913,2.7612975,2.479585,1.8104489,1.6164743,1.6634825,1.7536681,2.2563035,2.1511211,2.1925476,1.7871877,2.612521,2.619701,2.0593064,1.9249483,2.924417,2.2705612,3.0621326,3.07137,2.8705065,2.8106637,2.2308369,1.9229003,3.185036,2.9037375,3.2656157,3.154214,3.1729655,3.2516797,3.502087,3.5903966,3.2625804,2.7400746,3.387991,3.5308428,3.2531335,2.9634666,3.014776,2.387294,3.1437154,3.1100578,3.2047365,3.4470854,3.3710423,3.139139,2.6179047,2.863145,3.1057758,3.152832,2.8188255,2.9994185,2.964071,2.9924843,3.2981088,3.0715516,2.8746748,3.2067952,3.7418513,3.5641656,2.5314116,2.4925325,2.4380205,2.8394876,3.1955595,3.1660244,3.1461155,2.9453115,2.3539727,2.1752198,2.5011022,2.791656,2.479967,2.7410674,2.4733288,2.4613574,3.554758,3.7389421,3.4456122,3.575376,2.9750764,2.9277625,3.5164883,3.0100436,2.1415737,2.133019,2.7947638,2.5429316,2.2614317,2.3667667,2.3366947,2.3366947,3.0642083,3.217248,3.0084517,2.908883,3.019002,2.9511466,3.1354551,3.1023045,2.8230004,2.7799535,2.9924064,2.9216073,2.916632,2.811106,3.3558974,3.6726668,2.2770572,2.2058346,2.3206537,2.417007,2.1346736,3.728753,2.5249314,2.880561,2.7187753,2.3940542,2.4021099,2.7892892,2.9951434,2.965109,2.3871782,2.2687209
2,1.5771556,1.1384975,0.0,0.5270853,2.2476578,2.8714602,2.6148832,2.2726822,1.643793,1.5135164,1.1818376,1.5266742,1.8104092,1.6935465,1.95084,1.4470426,2.2853353,2.1831224,1.6428479,2.1142123,2.2303376,1.9404027,2.7526898,2.7553802,2.8193052,2.686375,2.1758244,1.7763036,2.9301217,2.5651176,3.0524344,2.8890617,3.1282454,3.2002046,3.351141,3.497274,3.172612,2.5620563,3.2261934,3.5252433,3.0339403,2.7786431,2.791846,2.1566992,3.0546365,2.982124,3.2761846,3.3515325,3.1147115,2.8685145,2.2009149,2.4487333,2.874641,2.912754,2.5929136,2.8480823,2.5757174,2.664465,2.7831132,2.5191548,2.545501,2.8994944,3.4131432,3.1704829,2.4605541,2.415467,2.2380393,2.6955798,3.0970998,3.167291,3.0591023,2.790231,1.7990016,1.8056589,2.2666829,2.3202584,2.010146,2.3923602,2.0279295,1.9990025,3.367626,3.5895917,3.3641927,3.4415245,2.9314792,2.8597717,3.2584,2.8204536,1.8232968,1.8077779,2.6817317,2.395019,1.9060737,1.9447222,1.9462309,1.9462309,3.0355484,3.0479047,2.8985872,2.9006443,2.8659098,2.8699143,2.870559,2.8575406,2.7120855,2.6414435,2.839122,2.7827263,2.8002188,2.728238,3.1110702,3.4464633,2.105397,2.0180824,2.0295403,2.1438727,1.9978325,3.7366843,2.4108346,2.698519,2.462156,2.105582,2.1099656,2.4361901,2.5133955,2.485011,1.9961684,1.969824
3,1.5457785,1.0982702,0.5270853,0.0,2.196396,2.854698,2.5556424,2.2191114,1.5013273,1.268273,1.108638,1.3565449,1.8804948,1.8075025,1.9109179,1.5332711,2.2086139,2.191199,1.554578,1.9742982,2.1809824,1.861725,2.768366,2.7742572,2.6044283,2.4887843,1.963606,1.5729132,2.9636698,2.6062605,3.0020375,2.9100544,3.0439255,3.0836189,3.3715253,3.460372,3.0788584,2.412645,3.241267,3.4227982,3.0765014,2.8057692,2.839474,2.101134,3.027052,2.9290245,3.2656996,3.2954574,3.0316806,2.846236,2.1256804,2.329506,2.7401078,2.779479,2.4341218,2.6610978,2.517564,2.554952,2.788942,2.4961424,2.447685,2.834036,3.3678002,3.1352093,2.4058008,2.359045,2.1611366,2.6634886,3.1146705,3.0913956,3.0641837,2.750608,1.8040496,1.8220013,2.1714525,2.4159203,2.0399694,2.3207393,1.991215,1.9984351,3.304677,3.534034,3.2571046,3.350423,2.8594694,2.7963412,3.166007,2.7777712,1.7763126,1.7795855,2.6506522,2.3618293,1.8315524,1.9012182,1.8771656,1.8771656,3.1619704,3.1725845,3.0801933,2.9946315,2.994341,2.9364219,3.1008258,3.0772598,2.853946,2.789526,2.987336,2.9331877,2.888546,2.8441043,3.2275503,3.542844,2.1761084,2.1581657,2.027083,2.220296,2.0484316,3.7402525,2.3711734,2.689085,2.4588368,2.1009574,2.1766841,2.5196514,2.6359851,2.5942357,2.0457556,1.9590249
4,2.4944503,2.5278819,2.2476578,2.196396,0.0,2.4793026,2.8903973,2.9673223,2.4488227,2.416085,2.0207176,2.306827,2.1985517,2.1648407,2.6619067,1.7172182,3.124682,3.1201613,2.7976203,3.0248992,3.011149,2.840804,3.6268663,3.5932744,3.1467707,3.143845,2.650947,2.5338278,4.119006,3.846411,3.829828,3.8376312,3.1899579,3.200029,3.476371,3.6405861,3.1732664,2.8955615,3.7141328,3.5957618,3.1519873,3.288874,2.5333483,2.613967,3.1246462,3.0963185,3.6881053,3.1537294,2.6838727,3.099945,3.0612206,3.099153,3.1790075,3.2246616,2.9977996,3.3500369,3.2135286,3.2452743,2.937139,3.0126987,3.6165168,3.348442,3.3592951,3.1909397,3.5783832,3.5096004,3.276625,3.6009262,4.208897,4.353979,4.1600847,3.4200697,2.5719833,2.784242,3.2221515,2.8783412,2.7975516,3.0499625,2.8173854,2.818743,3.4191544,3.245641,3.3903563,3.5136364,3.5734885,3.5633655,3.050655,3.306165,2.797584,2.9247673,3.150278,2.8609385,2.7358572,2.7281535,2.9117572,2.9117572,4.458847,4.196915,4.2993255,4.367433,4.013086,3.5682204,4.2580867,4.250434,4.155217,4.095993,4.011557,3.97266,4.0227804,4.1373267,4.3123817,4.636325,3.8172584,3.8578231,3.335764,3.5270076,3.7088678,4.387847,4.0044966,3.880096,3.250581,3.3934271,3.6466515,3.9564602,3.227412,3.1992214,3.4628074,3.4001675
5,3.4263783,3.6517913,2.8714602,2.854698,2.4793026,0.0,3.1482363,3.2089825,3.078484,3.0802734,2.586438,2.812843,2.7963724,2.7224133,2.973684,2.6634126,3.8355415,3.804647,3.074102,3.7974265,2.6585112,3.195944,3.4640348,3.4375367,3.4486768,3.4564157,3.0278432,2.9316583,3.9715483,3.59773,3.452911,3.4542217,3.083044,3.1153145,3.3000352,3.4431021,3.012557,2.809304,3.4802442,4.105188,3.1348128,3.2609975,3.054647,3.1222575,3.062798,2.9828398,3.662845,3.169011,3.0877738,3.2163181,2.836006,2.8616989,3.0457458,3.1053903,2.8845298,3.1776993,2.8999465,2.9825776,2.967988,2.7503796,3.304025,3.4059458,3.3346536,3.1512747,3.3677905,3.3251894,2.9726439,3.37084,4.080414,4.281442,4.0429335,3.407742,2.4829443,2.8424835,2.9154892,2.881753,2.8738353,3.125571,2.9217846,2.8816648,3.670711,3.8213248,3.6368637,3.7801394,3.6184874,3.5850675,3.0146632,3.3505101,2.8086064,2.9393017,3.5303814,3.2812524,2.8261018,2.6881645,3.1130202,3.1130202,4.4965057,4.250467,4.3778353,4.3951745,4.1234617,3.6935833,4.215665,4.216181,4.221892,4.1706657,4.1117125,4.13511,4.1120424,4.228725,4.4635983,4.6565127,3.8778067,3.8967257,3.451951,3.6546009,3.9084792,4.580415,4.0777698,3.9957695,3.9160798,3.8526738,4.0154934,4.327723,3.8585746,3.7930248,3.500859,3.606948
6,2.6153922,2.7612975,2.6148832,2.5556424,2.8903973,3.1482363,0.0,1.3921528,2.067858,2.3068202,2.3786993,2.0194445,2.76242,2.4158251,1.8989675,2.389771,3.278259,3.4557219,2.741466,2.9208884,2.5357618,2.4302542,3.4139915,3.405981,2.9172597,3.119588,2.430824,2.524382,2.8731687,2.7095618,2.6733663,2.94829,3.0739894,3.1703465,3.8011186,4.0824356,3.1790028,2.594514,3.1966567,3.258293,3.2234738,3.2950377,3.3315308,3.3551905,3.2309484,3.246921,3.049814,3.1647727,3.3840463,3.8811338,3.3403409,3.4048529,3.2408307,3.3268356,3.1295567,3.21532,3.5332832,3.5544076,3.657378,3.283258,3.5409708,3.8160684,3.522452,3.4944656,2.2783003,2.1936677,1.761399,2.1078258,3.611168,4.1831694,3.545606,2.7215436,2.0923104,2.2958581,2.0605483,2.953701,2.594896,2.656821,2.6040516,2.581099,2.676303,2.9072833,2.488317,2.7044282,2.4226294,2.4392507,2.9930131,2.3628066,1.6187034,1.9340146,2.635623,2.5023751,1.6388144,1.5847374,2.8643024,2.8643024,3.331192,3.2906227,3.5377307,3.1912615,2.9627922,2.8069544,3.596249,3.551218,3.384949,3.4272199,3.0688307,3.1115758,2.8846016,3.070837,3.5541792,3.848413,2.6410928,2.7715235,2.092802,2.1598232,2.7843304,3.2368665,3.246015,2.6920433,2.5134737,2.3635666,2.6477833,3.150227,3.2718818,3.1991203,2.6227422,2.2877553
7,2.3170655,2.479585,2.2726822,2.2191114,2.9673223,3.2089825,1.3921528,0.0,1.6119584,1.9569527,2.176053,1.9329348,2.5923324,2.4906733,1.7446367,2.2901845,2.6936338,2.8227768,2.2390468,2.697722,2.5184796,2.3243515,3.2990515,3.302482,2.7169826,2.6238337,2.235149,2.1352234,2.6339188,2.6179636,2.899117,2.9168062,3.151026,3.2829294,3.843154,4.2443867,3.2835162,2.6006136,3.3140132,3.1039116,3.0619957,3.0384507,3.210681,3.3009431,3.3475852,3.321126,2.97268,3.3170946,3.7691348,4.123124,3.2937684,3.3240323,3.4040954,3.45514,3.3623896,3.2736814,3.2919488,3.3210683,3.6747134,3.0684164,3.1825626,3.9306755,3.8590097,3.6497881,2.4500732,2.3573027,2.0095596,2.4195805,3.6508236,4.2960844,3.5872562,2.990488,1.9434005,1.9004917,2.1999047,2.7399874,2.2919092,2.6072805,2.2989235,2.27655,3.1409943,3.4020307,2.910004,3.10848,2.8416855,2.7920544,3.137719,2.6826844,1.5019559,1.6689876,3.1826127,2.7884524,1.5063292,1.4560434,2.5742328,2.5742328,3.3227825,3.3583856,3.4806144,3.1688957,3.0109084,2.879682,3.4896953,3.4458466,3.2929933,3.3153694,3.1336434,3.1325154,2.9040504,3.0288026,3.4442909,3.593644,2.5666444,2.579521,2.0873308,2.226118,2.3832173,3.2917988,3.0518813,2.4010484,2.684813,2.1377907,2.3466568,2.4780867,3.114166,3.0646825,2.3502038,2.087229
8,1.4366748,1.8104489,1.643793,1.5013273,2.4488227,3.078484,2.067858,1.6119584,0.0,0.7429998,1.651361,1.6779168,1.9126257,2.0620067,2.152571,1.7621577,2.2653491,2.3791244,1.6291108,2.3612795,2.5448925,2.1932855,2.7979233,2.7933981,2.6040006,2.1561894,2.0614915,1.3528738,2.9163218,2.6176722,2.8475027,2.854283,2.9456916,2.9703076,3.4529784,3.9415088,3.0021913,2.432398,2.9700239,3.0846388,3.0925615,3.0714006,2.8885138,2.750703,3.0026076,2.9450803,3.1573915,2.9986641,3.3707738,3.7240605,2.9581714,3.03073,3.2128005,3.2754803,3.0017512,3.1702447,3.0540316,3.0633922,3.042676,2.8369067,3.0588763,3.3429122,3.575343,3.2090728,2.5021217,2.4379866,2.1832705,2.624865,3.5973752,4.0288982,3.5339684,3.0387657,1.7343059,1.9306047,2.231474,2.5343251,1.6539274,1.8120015,1.5591011,1.598659,3.2993143,3.568278,3.1629477,3.323556,3.2675974,3.2335336,3.5370154,3.0896847,1.5412633,1.5666913,2.8024883,1.9263251,1.4284931,1.5529044,1.8036655,1.8036655,3.290573,3.2379692,3.3127327,3.1038065,2.9267726,2.87729,3.3891582,3.3547025,3.0892408,3.0583403,2.9868906,2.9358127,2.8919556,3.0195467,3.3569252,3.5983915,2.3139274,2.36584,1.6423169,1.8673893,1.84256,3.4803872,2.776166,2.3518257,2.311429,1.9928535,2.00879,2.2344697,2.8217301,2.8002,1.9486829,1.7737714
9,1.1952356,1.6164743,1.5135164,1.268273,2.416085,3.0802734,2.3068202,1.9569527,0.7429998,0.0,1.5207565,1.505681,1.8507023,1.9979212,2.0243466,1.6042347,2.1954222,2.3330417,1.5712774,2.2770324,2.5182974,2.1439743,2.667467,2.6692123,2.484756,2.017108,1.885014,1.0304776,2.9397447,2.6312556,2.7792027,2.8230762,2.8593874,2.9041443,3.4206617,3.6725597,2.920134,2.3159857,2.98122,3.0567646,3.0817797,3.0804186,2.8859308,2.3381112,2.9249854,2.895022,3.174292,2.9541514,3.333263,3.3907936,2.9152067,3.000901,3.0713563,3.1436403,2.8238611,3.012147,3.0516996,3.029956,3.0429091,2.8163867,2.9926186,3.3192358,3.5469005,3.1729863,2.6680846,2.6196458,2.34358,2.8024745,3.73319,3.771796,3.6660578,3.1636508,1.9529544,2.1413,2.4043565,2.6809278,1.8716812,1.9613094,1.7484412,1.8048795,3.3579934,3.647535,3.2259064,3.3972385,3.3753219,3.3410354,3.6305244,3.1831415,1.7974876,1.8286238,2.943774,2.1139212,1.6774505,1.8164272,1.9725653,1.9725653,3.328425,3.258406,3.3452947,3.110064,2.9718428,2.8654778,3.4505758,3.4142232,3.1272423,3.0945482,3.0288787,2.976889,2.9159489,3.0439637,3.4836338,3.7236605,2.478321,2.5412805,1.8025641,2.0421152,1.9880275,3.5579443,2.3726294,2.510527,2.4456015,2.1580253,2.1694639,2.3802912,2.972852,2.9380753,2.0810435,1.8862332
10,1.8008512,1.6634825,1.1818376,1.108638,2.0207176,2.586438,2.3786993,2.176053,1.651361,1.5207565,0.0,0.93474114,1.7385595,1.443815,1.8502614,1.4450842,2.3524673,2.2889082,1.8457208,1.9055384,2.2250648,1.6897701,2.6007028,2.5991719,2.3533542,2.591933,1.6689494,1.7030582,3.22491,2.9112728,3.1216218,3.0857933,3.0046804,3.0144234,3.14701,3.1833682,3.0010808,2.455591,3.1675503,3.2608042,2.865888,2.895533,2.7196147,2.168902,2.9685311,2.841788,3.2211819,3.0020382,2.7043552,2.5625885,2.4708567,2.6824636,2.401091,2.4173594,2.0100029,2.2801468,2.7968836,2.8246138,2.7502337,2.4577231,2.8422737,3.1655245,3.0500402,3.0178912,2.7639418,2.7194688,2.18173,2.6596665,3.4129794,3.5063753,3.3576972,2.5251436,1.561719,1.804569,2.3046565,1.9846345,2.1698833,2.4936893,2.1137772,2.1404257,2.4507024,2.8355393,2.5162706,2.5840728,2.5544717,2.4945798,2.5185807,2.193879,1.8622556,2.1171308,2.4200482,2.5172436,1.7675196,1.8380169,2.0612009,2.0612009,3.3590474,3.0885305,3.189256,3.2044802,2.9742212,2.809196,3.212027,3.1973999,3.0078022,2.925391,2.9796357,2.9093544,2.8820384,3.0337703,3.302929,3.6023614,2.6473174,2.665372,1.9945325,2.236861,2.3722184,3.4846542,2.4555311,2.6619647,2.16063,2.2515545,2.2710576,2.592716,2.759404,2.6583405,2.0014958,2.014057
11,1.7192972,1.7536681,1.5266742,1.3565449,2.306827,2.812843,2.0194445,1.9329348,1.6779168,1.505681,0.93474114,0.0,2.3497436,2.0154078,1.7318836,1.5616585,2.2964072,2.4436464,1.6948655,1.6166279,2.070978,1.3098359,2.521113,2.5047176,2.2457244,2.6083722,1.4278022,1.5661087,2.900533,2.5651054,2.8691142,2.7587686,2.9659846,3.0652049,3.5236812,3.459608,3.036718,2.4066663,3.2310362,3.229784,3.1807673,3.2138338,3.0040727,2.4710627,3.0875878,3.013807,3.2638273,3.1200216,2.8967693,2.6991885,2.8170865,3.0175052,2.609036,2.6679206,2.3005083,2.5446832,3.022311,2.9970186,3.026602,2.731629,2.8307738,3.235435,2.98256,3.0160496,2.657913,2.608159,2.0007787,2.5222986,3.6191466,3.6469512,3.5609434,2.7076232,1.900711,1.9705778,2.1930363,2.6345346,2.5539782,2.7952583,2.4893112,2.508812,2.406629,2.7290287,2.2596228,2.4231024,2.411028,2.3585176,2.5774515,2.1425545,1.8697984,2.159592,2.31594,2.5834823,1.7962759,1.8866844,2.4274673,2.4274673,3.2828274,3.2916396,3.3428392,3.103151,2.9104493,2.8993814,3.3206096,3.299248,3.1045737,3.093865,2.9717343,2.9213989,2.8692603,3.0048969,3.2891557,3.6277773,2.653363,2.6488822,2.0214283,2.239444,2.5421584,3.6334357,2.3542552,2.7387807,2.199293,2.3002183,2.3705103,2.7076333,2.9587195,2.859009,2.2574356,2.103805
12,2.0098093,2.2563035,1.8104092,1.8804948,2.1985517,2.7963724,2.76242,2.5923324,1.9126257,1.8507023,1.7385595,2.3497436,0.0,0.86540014,2.0504363,1.933286,2.6470873,2.4407003,2.343172,2.9614494,2.6437984,2.7733788,3.0493028,3.0694098,3.1745589,2.7495148,2.6540334,1.9773109,3.6533306,3.4502707,3.2718008,3.5281472,3.0038369,2.9622924,2.8423045,3.2521634,2.9748452,2.6764514,2.9304075,3.1186,2.4825585,2.6522038,2.584595,2.251979,2.8120694,2.7576032,3.085542,2.8105173,3.3498883,3.2464437,2.7165806,2.928631,3.0850859,3.1115203,2.741604,2.9258466,2.9380429,3.0193696,2.8503263,2.5959237,3.5469933,3.5345232,3.6868289,3.2724874,3.036974,3.0028508,2.7658553,3.0900755,3.652456,3.8163025,3.6035955,3.050172,1.5320148,2.0181026,2.7058957,1.5819485,1.298966,1.7878418,1.3133955,1.3260201,3.2493045,3.5830321,3.3357759,3.3942833,3.5835245,3.5382414,3.530836,3.1899247,1.959099,2.0078528,3.2337036,2.4393423,1.8032994,1.8472582,1.9674113,1.9674113,3.607381,2.8885725,3.2869382,3.4534018,3.1071746,2.7946362,3.3583736,3.3482072,3.2241976,3.103367,3.0864303,3.0339947,2.9219217,3.1498337,3.411745,3.7809854,2.8142073,2.958344,2.065838,2.269131,2.282898,3.6338298,2.8314273,2.782876,2.5871127,2.357105,2.4816046,2.6379771,2.8050237,2.7552755,1.9771463,2.1634653
13,2.113936,2.1511211,1.6935465,1.8075025,2.1648407,2.7224133,2.4158251,2.4906733,2.0620067,1.9979212,1.443815,2.0154078,0.86540014,0.0,1.8543094,1.7813445,2.7510302,2.568803,2.482101,2.808505,2.5284638,2.554317,3.1018798,3.1165993,3.1708238,3.1032665,2.5621452,2.120456,3.4303305,3.2334542,3.077483,3.337191,3.158759,3.1410863,3.027037,3.2270415,3.1324155,2.8283756,3.1059046,3.2107947,2.6255445,2.747108,2.764884,2.188359,2.9806514,2.927836,3.1670685,3.0160623,3.2225335,2.9890327,2.6879542,3.007646,2.959144,2.9816546,2.471661,2.6904764,3.1127129,3.205976,3.0889173,2.8235457,3.6097622,3.63649,3.6279619,3.4356246,2.842505,2.812627,2.5001326,2.8420064,3.436904,3.5921729,3.3851302,2.692609,1.4962646,2.0076718,2.553726,1.5690875,1.756604,2.1120555,1.767366,1.7779399,2.6694722,3.0562098,2.831881,2.8912637,3.012343,2.9742887,3.0621352,2.6285136,1.8825668,2.058042,2.8345087,2.4546003,1.7425656,1.7899855,2.0570076,2.0570076,3.4197547,2.762045,3.1177697,3.2826793,2.9711854,2.6223094,3.2105057,3.1989617,3.0669904,2.9547594,2.9288678,2.893028,2.784721,2.9895854,3.327905,3.8584206,2.6639261,2.7982497,1.963751,2.1400697,2.360531,3.514771,2.7138078,2.8757577,2.28051,2.2005076,2.3203027,2.7200756,2.8071709,2.7182248,1.9690596,2.0838559
14,1.9995061,2.1925476,1.95084,1.9109179,2.6619067,2.973684,1.8989675,1.7446367,2.152571,2.0243466,1.8502614,1.7318836,2.0504363,1.8543094,0.0,1.9351768,2.5995977,2.6600769,2.0637684,2.3585222,1.8656062,1.8620758,2.8481026,2.8799973,2.7666976,2.729915,2.1076152,1.871776,2.8009372,2.7151692,2.897456,3.0614922,2.8262565,2.8246446,3.223339,3.455443,2.949242,2.277257,3.0835664,3.1731951,2.6675372,2.755563,2.9099295,2.3405318,2.9496317,2.9533818,2.5561423,2.8438153,3.4776032,3.1910882,2.6584327,3.008241,2.9242704,2.983864,2.726412,2.6491053,2.9499004,2.9499073,3.3295438,2.6047752,2.994945,3.655418,3.4969037,3.2717361,2.390425,2.348766,2.0572317,2.1721854,3.3240724,3.3781846,3.27408,2.4971995,1.8530381,1.8956709,2.0093653,2.2265458,2.2212157,2.5976267,2.237901,2.2083254,2.853156,3.091234,2.6732204,2.6965308,2.8490195,2.7907147,3.1361642,2.6397524,1.6082941,1.8253282,3.250176,3.0272279,1.6014966,1.5838002,2.3760958,2.3760958,2.824881,2.5355573,2.8643675,2.648698,2.3932014,2.2341776,2.862242,2.8311663,2.7298803,2.734765,2.4772754,2.471136,2.1506577,2.3661149,2.781728,3.1921327,2.6970026,2.7657127,2.0929952,2.2282295,2.487349,3.3992777,2.1333797,2.5098512,2.7895045,2.3432305,2.6485972,2.7482738,2.8541586,2.7569907,2.2003946,2.0119705
15,1.5070485,1.7871877,1.4470426,1.5332711,1.7172182,2.6634126,2.389771,2.2901845,1.7621577,1.6042347,1.4450842,1.5616585,1.933286,1.7813445,1.9351768,0.0,2.6478162,2.6496053,2.0922036,2.5017228,2.5787504,2.1867208,3.0328896,3.0265796,2.618448,2.54113,1.929309,1.6204561,2.911858,2.6474261,2.788884,2.654711,2.7480106,2.8442042,3.2170138,3.386858,2.7869084,2.4890935,3.0661356,3.2586136,2.6993673,2.8167663,2.160973,1.8120412,2.7085626,2.7430315,2.999151,2.8026128,2.9782073,3.0775044,3.0084887,3.1522322,2.9913828,3.0601568,2.7802713,3.038332,3.0191274,3.0674598,3.072775,2.8439968,3.0714746,3.4173236,3.414603,3.2091348,2.9586482,2.9132762,2.6240222,2.9412105,3.7705278,3.807804,3.7216794,3.0280426,2.290958,2.448429,2.734003,2.6950197,2.4714503,2.700952,2.497437,2.4780805,3.18373,3.0741029,3.0782037,3.2537296,3.2553587,3.2194178,3.37101,3.0505106,2.2689707,2.3883154,3.0335948,2.671436,2.2329783,2.2765102,2.4000952,2.4000952,3.401461,3.33825,3.3179815,3.2854795,3.0519574,2.8462033,3.3532803,3.330426,3.1854672,3.1521895,3.062582,3.025118,3.0687087,3.1535885,3.5326574,3.8907783,2.9509203,2.9115632,2.4819224,2.598955,2.7322626,3.6995926,2.7838645,3.0329318,2.7071378,2.6241686,2.7215352,3.0913916,2.5751688,2.5339763,2.6300144,2.4575942
16,2.2548773,2.612521,2.2853353,2.2086139,3.124682,3.8355415,3.278259,2.6936338,2.2653491,2.1954222,2.3524673,2.2964072,2.6470873,2.7510302,2.5995977,2.6478162,0.0,0.59833217,1.5709468,2.2904105,2.3700202,2.1198602,3.0906827,3.0765564,3.3112266,2.9336257,2.7562702,2.055284,3.2187653,3.2278445,3.7564452,3.4595423,3.926267,3.9822428,4.323132,4.576571,3.9953117,3.5199876,3.7909312,3.032654,3.7347372,3.7387338,3.5887642,3.1520083,4.011141,3.930359,4.212327,4.0515623,4.42693,4.1858997,3.804895,3.9372613,4.2089286,4.2351007,4.002323,4.1010528,3.5521712,3.510717,3.5923145,3.3098195,3.5551476,3.9024196,4.063737,3.683313,3.7649813,3.6950526,3.3985019,3.7538142,4.4964166,4.590412,4.470445,4.072165,2.5901053,2.7441747,3.3031971,3.1987185,2.6294143,2.8745303,2.5358813,2.6021407,3.7951984,4.0329595,3.6011293,3.6503065,4.019541,3.9312727,3.946577,3.6080806,2.5827334,2.5798578,3.6398728,3.462694,2.3089845,2.479334,2.74534,2.74534,3.9886427,3.9086382,4.0014796,3.8246417,3.5148,3.9623327,3.8470097,3.8633516,3.7834685,3.7498739,3.6280363,3.5133493,3.4435172,3.5295074,3.194161,3.591817,3.211347,3.23107,2.5954924,2.8246825,2.9277437,4.9292316,2.9533725,3.2846472,2.6055768,2.2497957,2.31972,2.2835917,3.0465493,3.0467694,2.523679,2.7408013
17,2.3666072,2.619701,2.1831224,2.191199,3.1201613,3.804647,3.4557219,2.8227768,2.3791244,2.3330417,2.2889082,2.4436464,2.4407003,2.568803,2.6600769,2.6496053,0.59833217,0.0,1.7484659,2.445083,2.4853196,2.3031476,3.1622736,3.1581123,3.431684,3.0511217,2.8967376,2.2243543,3.3794527,3.3980725,3.8966415,3.6143053,4.018643,4.068977,4.2335835,4.49793,4.062679,3.6233866,3.820346,3.1379845,3.6161494,3.6113396,3.5140204,3.0648038,4.0317082,3.9331272,4.233802,4.1020384,4.4350204,4.155002,3.7268653,3.8665586,4.1829367,4.191296,3.9560063,4.0405183,3.4931874,3.4901302,3.5480304,3.2317286,3.588531,3.9546683,4.150112,3.766991,3.8530204,3.7877672,3.4876149,3.8530931,4.4370294,4.564589,4.416251,4.048718,2.50843,2.700569,3.4027863,2.9516463,2.5214658,2.8463805,2.4505804,2.5112379,3.8112645,4.073751,3.7045896,3.727594,4.060015,3.9620643,3.9310474,3.598925,2.6347032,2.621462,3.7294807,3.5493999,2.3685071,2.5190272,2.678883,2.678883,4.02616,3.824257,3.9270558,3.8793397,3.563522,3.9723196,3.7762227,3.7992659,3.7473972,3.6813705,3.647221,3.523206,3.4631076,3.5462155,3.1843638,3.5808141,3.2047534,3.214251,2.6183405,2.8337615,2.859052,4.8990583,2.9851341,3.286646,2.6134155,2.2291558,2.2511573,2.1727688,2.9131842,2.9148393,2.398667,2.7119823
18,1.5213615,2.0593064,1.6428479,1.554578,2.7976203,3.074102,2.741466,2.2390468,1.6291108,1.5712774,1.8457208,1.6948655,2.343172,2.482101,2.0637684,2.0922036,1.5709468,1.7484659,0.0,1.6725847,1.711995,1.4301487,1.979488,1.9772421,2.8153932,2.4121702,2.1443472,1.3386865,3.0005772,2.6572769,3.2131484,2.9080114,2.9919016,3.0880246,3.5443583,3.875304,3.0981724,2.4740736,2.9636195,3.3402464,3.2779725,3.2663703,3.0751445,2.6877038,3.11749,3.0382676,3.3929164,3.212322,3.6293097,3.4192722,2.8266997,3.0145612,3.3059049,3.3788753,3.1173024,3.2843518,2.6586716,2.6153452,2.6919997,2.3511956,2.469816,2.9271674,3.1502233,2.682114,2.769931,2.7213776,2.3514402,2.7948658,3.7782393,3.9339695,3.7552724,3.323707,1.9172832,1.9827453,2.2088528,2.715546,1.9808702,2.3149288,1.9391147,1.9383986,3.5090547,3.7465663,3.2507784,3.3364444,3.4945602,3.407631,3.6136997,3.190128,1.7894474,1.7914457,3.0713303,2.7833905,1.7027545,1.8075213,2.1689258,2.1689258,3.2585018,3.3073626,3.3431287,3.06603,2.8317213,3.3098946,3.1492963,3.161174,3.0711708,3.0634563,2.9179218,2.820408,2.7994382,2.8895931,2.6615505,2.991162,2.5304196,2.483806,1.9508748,2.128581,2.2579455,4.390584,2.408926,2.690879,2.7028506,2.3465633,2.3921628,2.3591235,2.6512663,2.6353734,1.9411478,2.0746195
19,1.9304266,1.9249483,2.1142123,1.9742982,3.0248992,3.7974265,2.9208884,2.697722,2.3612795,2.2770324,1.9055384,1.6166279,2.9614494,2.808505,2.3585222,2.5017228,2.2904105,2.445083,1.6725847,0.0,2.463824,1.3476776,2.2997057,2.313035,2.7105618,3.0233963,2.035445,2.1446357,3.6575706,3.388267,3.8012288,3.546861,3.252966,3.3522508,3.728702,3.73137,3.355606,2.8075602,3.3522236,3.5881014,3.5551648,3.5480945,3.3858821,2.9075236,3.3834608,3.2584631,3.5394073,3.4676027,3.4381344,3.2042534,3.0728872,3.264422,3.0398788,3.090266,2.7855847,2.8886893,3.0225031,2.9289927,3.1209686,2.767445,2.68724,3.1529746,2.9817429,2.9893997,3.0271327,2.9862099,2.4078064,2.8896835,3.8199143,3.9140568,3.7968686,3.1032145,2.420099,2.3660452,2.4477642,2.975061,2.9056087,3.1256993,2.8549552,2.8727183,2.931023,3.1674798,2.6257775,2.7045405,2.8344207,2.7512193,3.0451994,2.5198536,2.2826688,2.5093734,2.7682002,3.340769,2.252032,2.3904297,2.8438308,2.8438308,3.4941175,3.5279963,3.5631635,3.318229,3.1675622,3.6181731,3.495151,3.5019088,3.3152356,3.3051312,3.232993,3.0993297,3.046967,3.1623704,2.8635566,3.184529,2.9132895,2.885742,2.4159207,2.563509,2.7983587,4.4293165,2.6440222,3.0289311,2.7401955,2.7541506,2.8149734,3.022753,3.0102534,2.9334843,2.366778,2.464616
20,2.6861176,2.924417,2.2303376,2.1809824,3.011149,2.6585112,2.5357618,2.5184796,2.5448925,2.5182974,2.2250648,2.070978,2.6437984,2.5284638,1.8656062,2.5787504,2.3700202,2.4853196,1.711995,2.463824,0.0,1.4815605,2.5916214,2.586842,3.0413494,2.9972427,2.501619,2.2929347,2.970358,2.6050992,3.108239,3.0571647,3.1734965,3.1132724,3.527515,3.8361447,3.2251706,2.5221589,3.1536562,3.572203,3.3376784,3.3200145,3.306663,3.0265794,3.2819543,3.1759956,3.4316828,3.2799578,3.3839898,3.193308,2.5388238,2.8376336,3.0870342,3.1476638,2.9698157,3.1816945,2.625002,2.6071887,2.6577082,2.234937,2.6774158,2.8817005,2.880431,2.618541,2.6369936,2.589864,2.2165353,2.3721528,3.4555786,3.610873,3.4416037,2.8436024,1.888919,2.0824113,1.9478717,2.6638193,2.378366,2.6958997,2.3673139,2.3343196,3.2198026,3.4635148,3.0780315,2.9804587,3.1148129,3.0377707,3.3266902,2.8996704,1.888742,2.0173578,2.924572,3.033608,1.8540094,1.8247066,2.4865034,2.4865034,3.1539013,3.0183947,3.2586946,3.008729,2.6604114,3.1590521,2.9508388,2.964771,3.01257,3.0193841,2.7659602,2.7524655,2.5675132,2.7031748,2.459475,2.8394208,2.705361,2.7824802,2.194046,2.3533208,2.8339138,4.2705374,2.616909,2.7439458,2.6899884,2.4495528,2.734668,2.8685684,2.6950302,2.6317136,2.2692914,2.3321013
21,2.1199746,2.2705612,1.9404027,1.861725,2.840804,3.195944,2.4302542,2.3243515,2.1932855,2.1439743,1.6897701,1.3098359,2.7733788,2.554317,1.8620758,2.1867208,2.1198602,2.3031476,1.4301487,1.3476776,1.4815605,0.0,2.1640427,2.1530664,2.5901146,2.8513215,1.9462286,2.0613663,3.0098948,2.673867,3.395135,3.1432712,3.2186763,3.1671517,3.5784755,3.8179886,3.3026268,2.5840714,3.2439218,3.5269775,3.4404917,3.4909413,3.2519557,2.8081198,3.3432028,3.2419314,3.4254415,3.2313116,3.1984913,3.0782275,2.8205352,3.1100967,2.9426115,2.9989984,2.7829976,2.9806266,2.981226,2.9200394,2.8636277,2.499741,2.5847833,3.05515,2.726415,2.6941192,2.75852,2.7049828,2.1726038,2.3283145,3.541762,3.6879704,3.5212224,2.671298,2.1169288,2.2204697,2.0927854,2.7216241,2.684654,2.9092176,2.6456687,2.646913,2.7561464,3.019533,2.578544,2.4606464,2.7676005,2.6941013,3.022952,2.5134568,1.9973192,2.258435,2.6270907,3.0882626,1.9250549,1.998104,2.5064805,2.5064805,2.949733,2.9970715,3.0628548,2.8065522,2.4577596,3.0183911,2.875224,2.8857467,2.804896,2.8219752,2.571176,2.4770086,2.457315,2.6180627,2.4085433,2.718021,2.7877693,2.765791,2.1412666,2.272224,2.755174,4.0538664,2.3510256,2.6406133,2.442864,2.475123,2.565502,2.7441456,2.7374916,2.6558368,2.2369618,2.224085
22,2.501389,3.0621326,2.7526898,2.768366,3.6268663,3.4640348,3.4139915,3.2990515,2.7979233,2.667467,2.6007028,2.521113,3.0493028,3.1018798,2.8481026,3.0328896,3.0906827,3.1622736,1.979488,2.2997057,2.5916214,2.1640427,0.0,0.15931441,3.5487556,3.3967693,2.981242,2.6030512,4.2617335,3.7891426,4.2092195,3.9927526,3.3854856,3.5120912,3.6666794,3.821721,3.5074434,2.8649766,3.1378083,4.359713,3.8553207,4.152367,3.8800385,3.2498465,3.452086,3.4184315,3.8971272,3.3183963,3.794029,3.2308807,3.3054085,3.5259776,3.3431528,3.4518473,3.1284726,3.367809,3.4555025,3.404925,2.7939327,2.5610914,3.042157,3.3420985,2.7743294,2.384228,3.475272,3.4607608,2.813184,3.2037024,4.476981,4.469706,4.4690685,3.735591,2.5881023,2.865249,2.7753034,3.0137577,2.7117925,2.9274852,2.7267044,2.706673,3.562815,4.1059346,3.4500082,3.4560878,3.98637,3.9147432,3.9195905,3.4667456,2.6438665,2.8287654,3.5276308,3.4776983,2.5756512,2.5872052,3.201178,3.201178,3.67163,3.4669235,3.6728773,3.4879625,3.0608578,3.5862055,3.4515932,3.4967723,3.50838,3.504098,3.1149898,2.993591,3.1305563,3.4221601,3.1278448,3.2616432,3.4798663,3.4180558,2.606629,2.6054277,3.1274612,4.744949,2.7493565,3.33241,3.6170156,3.658763,3.5159762,3.3556,3.6882405,3.631332,2.5730479,2.8120782
23,2.507899,3.07137,2.7553802,2.7742572,3.5932744,3.4375367,3.405981,3.302482,2.7933981,2.6692123,2.5991719,2.5047176,3.0694098,3.1165993,2.8799973,3.0265796,3.0765564,3.1581123,1.9772421,2.313035,2.586842,2.1530664,0.15931441,0.0,3.5473237,3.4007235,2.981248,2.6162753,4.2550077,3.7717865,4.211331,3.9776382,3.3941543,3.523589,3.6834352,3.841926,3.518762,2.877486,3.1534145,4.344465,3.883413,4.180991,3.8854604,3.3052773,3.4623213,3.433391,3.933715,3.3292797,3.769779,3.210202,3.333179,3.5470703,3.368116,3.4780579,3.1705556,3.4393415,3.4754493,3.4259062,2.764106,2.5896986,3.0716257,3.310376,2.7320092,2.3457615,3.4994884,3.4809356,2.8407114,3.225051,4.5046916,4.503062,4.496723,3.7676175,2.5990038,2.8680687,2.798719,3.053074,2.734985,2.95872,2.7532933,2.7308526,3.581604,4.127622,3.4703267,3.477473,3.991139,3.9213407,3.9054036,3.4762552,2.661959,2.8454092,3.4769719,3.4339318,2.593929,2.6031754,3.2328467,3.2328467,3.6943605,3.517,3.703416,3.5155993,3.0735006,3.5978525,3.4641314,3.5106266,3.5343919,3.533598,3.1309545,3.012089,3.1684477,3.4511304,3.176086,3.2904937,3.5022056,3.4345958,2.638159,2.6387498,3.1735296,4.763195,2.8115044,3.361099,3.6044464,3.6737366,3.5255907,3.3730266,3.7334337,3.6800308,2.6314805,2.8714066
24,2.8350801,2.8705065,2.8193052,2.6044283,3.1467707,3.4486768,2.9172597,2.7169826,2.6040006,2.484756,2.3533542,2.2457244,3.1745589,3.1708238,2.7666976,2.618448,3.3112266,3.431684,2.8153932,2.7105618,3.0413494,2.5901146,3.5487556,3.5473237,0.0,1.4918214,0.9490175,2.5286825,3.5151405,3.3483615,3.1187398,3.1539557,2.1979206,2.2610636,2.9523761,2.8066792,2.1752048,1.8024318,2.6345158,2.565264,2.508022,2.609203,2.3264663,3.148575,2.3717465,2.2241354,2.6543548,2.4306455,2.5879526,3.473697,3.4788418,2.9819663,2.1497023,2.1747463,2.7644098,2.8689153,2.605914,2.4871054,2.9626007,2.5423677,2.5847573,3.1344333,2.860009,2.9563675,3.439792,3.3610368,2.7331505,3.1430418,4.1179786,4.102765,4.057551,3.293937,2.7787664,2.7567682,2.9802203,3.449123,3.2826972,3.3844416,3.236905,3.228777,3.574048,3.7232366,3.3696854,3.5620024,2.9802272,2.9535449,3.2442627,2.866902,2.742886,2.963583,3.1051674,3.3556342,2.7707887,2.7928133,3.4997609,3.4997609,4.0677524,3.9674752,4.108562,3.8991554,3.7664292,3.76857,4.195737,4.144905,3.9160705,3.8970125,3.914013,3.8791983,3.621127,3.7913558,4.241035,3.5895317,3.4187322,3.5266006,2.9843225,3.2257895,3.2966297,3.1708934,3.1453073,2.4041224,2.9516401,3.010456,3.1670332,3.5897033,3.5511396,3.4900305,3.0657444,3.0432172
25,2.4337807,2.8106637,2.686375,2.4887843,3.143845,3.4564157,3.119588,2.6238337,2.1561894,2.017108,2.591933,2.6083722,2.7495148,3.1032665,2.729915,2.54113,2.9336257,3.0511217,2.4121702,3.0233963,2.9972427,2.8513215,3.3967693,3.4007235,1.4918214,0.0,1.6515735,2.073774,3.384557,3.2271984,3.051497,3.0941482,2.0959635,2.1390185,2.8869953,3.1889422,2.1211824,1.7143135,2.3750176,2.4262333,2.4100142,2.5184193,2.1932962,3.041079,2.2498322,2.1875703,2.5866854,2.2896569,3.2334306,3.9150217,3.4836614,3.0200448,2.8713546,2.9251838,3.3401484,3.431495,2.5252612,2.4213042,2.8310838,2.4354146,2.6606386,3.1554546,3.3444724,2.9179964,3.4391792,3.362051,2.9985368,3.336105,4.252608,4.2538075,4.1965976,3.732613,2.6917167,2.6936862,3.0513194,3.38138,2.6640236,2.7934976,2.622511,2.6076868,4.276149,4.4279857,4.048786,4.224161,3.9057372,3.8653738,4.111439,3.7481966,2.6019487,2.6153977,3.6656027,3.0858488,2.5966427,2.6257255,3.142593,3.142593,3.9795356,3.850773,4.010723,3.7878537,3.6213033,3.6573157,4.0703893,4.0227222,3.8201847,3.7982209,3.776895,3.738508,3.5033016,3.662025,4.1066527,3.458311,3.2900484,3.3972518,2.8191953,3.0555272,2.9084258,3.4259548,3.0423796,2.2410922,3.1899142,2.8968585,3.034604,3.1910641,3.4173958,3.4169369,2.8787253,2.8870707
26,2.0810893,2.2308369,2.1758244,1.963606,2.650947,3.0278432,2.430824,2.235149,2.0614915,1.885014,1.6689494,1.4278022,2.6540334,2.5621452,2.1076152,1.929309,2.7562702,2.8967376,2.1443472,2.035445,2.501619,1.9462286,2.981242,2.981248,0.9490175,1.6515735,0.0,1.7612268,3.0656052,2.8491445,2.6904533,2.6603212,2.059353,2.1999795,2.886601,2.7422228,2.0959384,1.692905,2.5275865,2.5443397,2.417031,2.5238595,2.2226825,2.5892591,2.2555823,2.1457613,2.504658,2.355976,2.609715,3.0128062,3.0960007,2.8800988,2.1295166,2.1850336,2.366444,2.5023108,2.4718013,2.376128,2.839816,2.3961835,2.4523592,3.0243444,2.7582295,2.7983782,2.9532533,2.8890727,2.2290795,2.731078,3.8086295,3.7748764,3.7484882,2.934272,2.2631092,2.2311656,2.4688075,2.9857879,2.8211353,3.0016296,2.7742972,2.7690828,3.0172443,3.1633234,2.7389588,2.9820051,2.6336741,2.5894282,2.8824854,2.4482539,2.1982193,2.4500246,2.7222302,2.9557474,2.2039003,2.2638261,2.9429395,2.9429395,3.6176786,3.5592043,3.679687,3.4302053,3.2916954,3.2978997,3.7318537,3.6898227,3.463482,3.45058,3.410958,3.368532,3.152564,3.319002,3.6984284,3.4524384,2.9653258,3.0346863,2.4441063,2.6986368,2.8201993,3.3004074,2.5994701,2.3790424,2.572163,2.593271,2.751713,3.1673384,3.126905,3.0458827,2.5605862,2.5173666
27,1.0881002,1.9229003,1.7763036,1.5729132,2.5338278,2.9316583,2.524382,2.1352234,1.3528738,1.0304776,1.7030582,1.5661087,1.9773109,2.120456,1.871776,1.6204561,2.055284,2.2243543,1.3386865,2.1446357,2.2929347,2.0613663,2.6030512,2.6162753,2.5286825,2.073774,1.7612268,0.0,2.7872849,2.5434105,2.5038297,2.4654458,2.5496545,2.645319,3.2469566,3.4728737,2.6245914,2.3078625,2.781173,2.8882906,2.8436801,2.915652,2.678177,2.1987753,2.6920228,2.6651638,2.9080184,2.7625124,3.5749435,3.3782098,3.0361652,3.2368362,3.1711192,3.2491794,2.8570294,2.9761152,2.8467689,2.7957807,3.1364596,2.778413,2.9611387,3.409676,3.5626047,3.1696799,2.7360477,2.708944,2.3941622,2.8480816,3.8346786,3.8082778,3.7777476,3.2451475,2.0305877,2.1312642,2.374857,2.7189536,2.0303385,2.2471027,1.9313695,1.966957,3.3184493,3.4785378,2.9988117,3.2334485,3.4708493,3.4148421,3.633087,3.228762,1.8905537,1.93465,3.1777427,2.5788412,1.75733,1.9226801,2.0608587,2.0608587,3.3709748,3.3041131,3.433013,3.1404443,3.0009282,3.008459,3.4614143,3.4347897,3.1938148,3.1741886,3.0610702,3.0063217,2.8833652,3.029109,3.244758,3.662906,2.667061,2.7139916,1.9778339,2.261825,2.2176354,3.9797838,2.27607,2.7514067,2.6953602,2.346762,2.458513,2.6402733,2.9086878,2.8540568,2.1307054,2.088031
28,3.0337393,3.185036,2.9301217,2.9636698,4.119006,3.9715483,2.8731687,2.6339188,2.9163218,2.9397447,3.22491,2.900533,3.6533306,3.4303305,2.8009372,2.911858,3.2187653,3.3794527,3.0005772,3.6575706,2.970358,3.0098948,4.2617335,4.2550077,3.5151405,3.384557,3.0656052,2.7872849,0.0,0.9991925,2.0721667,1.6301439,3.7971985,3.7502487,4.2839947,4.7362146,3.8803577,3.6479018,3.7446861,3.488627,3.7313924,3.4098334,3.7480757,3.6259756,3.9086468,3.9447713,3.4735177,4.0771494,4.8139954,4.8180323,4.010382,4.2622304,4.490928,4.543545,4.3954473,4.4530096,3.8886938,3.9298985,4.676995,4.252963,3.7264407,4.500924,4.904908,4.7239122,2.823298,2.7746115,3.0088189,2.872977,3.5208194,3.7563236,3.4836652,3.5390863,3.3482342,3.279016,3.0366318,3.9601564,3.5122938,3.5753257,3.513133,3.4790378,4.3961215,4.5067406,4.1284275,4.2299323,3.6337814,3.594411,4.5491047,3.9262638,2.8365207,2.7632992,3.809936,3.5322454,2.9076934,2.9692705,3.108651,3.108651,2.7295077,3.4578855,3.0922868,2.6502244,2.908896,3.175229,3.1190326,3.060273,2.9060109,2.9919887,2.99765,3.065727,2.9001663,2.6338906,3.49422,3.7518883,2.7179828,2.6379755,2.955056,3.026535,3.010368,4.0498886,3.0092952,3.1587195,3.3036466,2.5877569,2.5973606,3.2654133,3.797441,3.776667,3.229716,3.0995977
29,2.7541757,2.9037375,2.5651176,2.6062605,3.846411,3.59773,2.7095618,2.6179636,2.6176722,2.6312556,2.9112728,2.5651054,3.4502707,3.2334542,2.7151692,2.6474261,3.2278445,3.3980725,2.6572769,3.388267,2.6050992,2.673867,3.7891426,3.7717865,3.3483615,3.2271984,2.8491445,2.5434105,0.9991925,0.0,1.8802807,1.4534041,3.527951,3.484062,4.0339084,4.4765863,3.6097736,3.2637408,3.500507,3.7474508,3.7770085,3.4658048,3.6316965,3.5190501,3.6239505,3.6473088,3.4003553,3.818309,4.2668324,4.233092,3.5168095,3.8314557,4.0364,4.107132,3.9275093,4.1421022,3.5558774,3.6044261,4.101528,3.8562953,3.3717213,3.8814788,4.35021,4.176473,2.4135306,2.383463,2.5957754,2.4869783,3.248452,3.460718,3.211153,3.2317934,3.0332758,2.923449,2.5918088,3.765876,3.241116,3.3634176,3.245846,3.192562,4.1942453,4.336285,3.9767134,4.055092,3.4269304,3.3921976,4.403066,3.7532551,2.5923812,2.51971,3.2500596,2.9374046,2.7230275,2.7691064,2.8217957,2.8217957,2.416727,3.2152445,2.8154202,2.3179102,2.571708,2.929575,2.7555594,2.6986806,2.5598438,2.6561363,2.635226,2.7195716,2.6591938,2.393961,3.2676682,3.550188,2.3182921,2.2041159,2.6003382,2.643819,2.6771607,3.8543477,2.7644093,2.9074936,3.0555084,2.5392601,2.5109415,3.1071577,3.533358,3.511129,2.9705954,2.7750387
30,2.9511373,3.2656157,3.0524344,3.0020375,3.829828,3.452911,2.6733663,2.899117,2.8475027,2.7792027,3.1216218,2.8691142,3.2718008,3.077483,2.897456,2.788884,3.7564452,3.8966415,3.2131484,3.8012288,3.108239,3.395135,4.2092195,4.211331,3.1187398,3.051497,2.6904533,2.5038297,2.0721667,1.8802807,0.0,1.2060175,2.8083122,2.9498653,3.653853,3.7506108,2.8232193,2.9528716,2.9031537,3.1469338,3.1531136,2.9593718,3.1922512,3.4102225,2.9067838,2.958796,2.9032497,3.3096004,4.0759244,4.184813,3.8174834,3.8833742,3.7061195,3.7900507,3.6001298,3.7890904,3.38501,3.420531,4.134087,3.873578,3.7505708,3.9982228,4.3428307,4.2074313,2.690081,2.6809533,2.6162205,2.9284832,3.7493093,3.7884212,3.6844547,3.5216217,3.018952,3.025959,2.8367062,3.858015,3.2438202,3.269838,3.2301445,3.1874926,4.028511,4.0972433,3.7307186,4.0554028,3.396844,3.388656,4.3216834,3.6182587,2.6938226,2.6905165,3.30564,2.8923104,2.791142,2.8517983,3.2379882,3.2379882,3.4513812,3.6810277,3.7009425,3.2756517,3.4604063,3.4481192,3.8179827,3.7493668,3.5214937,3.5559042,3.5162044,3.6065512,3.3104815,3.2697873,4.0612254,4.3044205,2.5915112,2.7304032,2.669276,2.816248,2.871913,3.7229197,3.0862753,3.0864131,3.0856662,2.6779675,2.8506753,3.6388373,3.7152414,3.6639836,3.068454,2.922872
