,0,1,2,3,4,5,6,7,8,9,10,11,12,13,14,15,16,17,18,19,20,21,22,23,24,25,26,27,28,29,30,31,32,33,34,35,36,37,38,39,40,41,42,43,44,45,46,47,48,49,50,51,52,53,54,55,56,57,58,59,60,61,62,63,64,65,66,67,68,69,70,71,72,73,74,75,76,77,78,79,80,81,82,83,84,85,86,87,88,89,90,91,92,93,94,95,96,97,98,99,100,101,102,103,104,105,106,107,108,109,110,111,112,113,114,115,116,117,118,119,120,121,122,123,124,125,126,127
0,0.0,1.9348494,0.91608334,2.342458,2.2799714,2.1498334,0.96680146,0.8547772,2.351012,1.389735,1.1874659,1.5581088,2.2714186,1.1603948,1.8728207,1.2061667,2.93988,3.2321424,3.1775484,3.4153926,2.3587093,2.3327086,1.5949061,2.4061732,3.4376073,3.4695191,2.369424,2.4488757,2.5567386,2.5427678,2.4977605,2.4881334,1.8901399,1.9120408,1.9193134,1.9279734,3.015192,2.9642265,2.346567,2.3547258,2.2888575,2.9345946,3.8224366,3.7743018,2.4888961,3.0405416,2.084558,2.4990795,2.9403265,2.7849333,3.0188067,3.0025537,2.5382411,2.5727603,2.221629,2.3772154,2.2028399,2.1508403,2.2499094,2.2200315,2.313861,2.2574172,2.9345465,2.2699194,3.9382572,2.2356975,2.202852,2.202852,2.256568,2.1480145,2.5498343,2.6337025,3.392798,3.406542,2.2908554,2.2956727,2.9474382,2.6688967,2.6877766,2.7278132,3.0830574,2.7859247,3.4537392,2.537244,3.171371,2.3361337,2.693005,2.7772443,2.2536628,3.0338123,2.5308244,2.3323786,2.5464592,3.110213,2.4665582,2.618392,3.4130864,2.6884947,3.0947936,2.778097,3.5083032,3.4432998,3.9164615,4.294697,1.6172692,1.6172692,1.9881856,2.000617,1.4742022,1.4833801,1.8063797,1.5234424,1.0955976,2.5297053,1.1655849,1.2690955,1.0827075,1.0534865,1.6477355,0.9990907,0.972657,1.1507192,1.5274731,2.557477,1.5692841,1.6192498,1.5569985,1.4136617
1,1.9348494,0.0,2.7897744,1.7953396,2.7161782,2.5711079,1.8359485,1.8419667,3.117662,2.378069,2.1961007,2.3412802,3.1571436,2.3491704,1.2459531,2.3370204,3.3493252,2.7463448,2.8052154,2.9740229,1.5639687,1.5325068,2.1278682,1.5713241,2.9845471,3.0009015,1.8525885,1.8570896,1.9558661,1.9789487,1.8993559,1.8996387,1.0675914,1.0828074,1.1532885,1.1468182,2.2024422,2.3481064,1.3331171,1.3918269,1.9490156,2.557175,3.6268606,3.5079792,1.5237634,2.4511025,1.5060574,2.0227365,2.3320873,2.1931636,2.4564974,2.481659,2.020307,2.061728,1.4996629,1.8180766,1.4718863,1.4242266,1.539933,1.4757266,1.5907322,1.5565746,2.0629258,1.5618986,4.14524,2.7012973,2.81387,2.81387,2.8606393,2.7700698,2.9143968,3.0131443,4.297523,4.2681193,2.841553,2.9001548,3.4156692,3.092098,3.0393655,3.145131,3.0145288,2.760233,3.5918844,2.5898585,3.195894,2.4436796,2.6958764,2.7904673,2.6082988,2.937724,2.7270398,2.5655236,2.6508467,2.8818066,2.5753584,2.8065424,3.3452985,2.34138,2.8298855,2.4452136,3.6275563,3.5207384,4.133884,4.0670867,2.5076935,2.5076935,2.8648956,2.8849301,2.206903,1.880796,2.0956185,1.9857267,2.2838614,3.289339,2.2186613,2.353795,2.4875495,2.4431632,2.8369813,2.4101467,2.3543925,2.4751675,2.0537105,2.836596,2.9509473,3.0055609,2.941316,2.8621407
2,0.91608334,2.7897744,0.0,2.9280446,2.5675204,2.4604294,1.5254917,1.420423,2.5303705,1.6573495,1.5697801,1.9609838,2.4505718,1.4254256,2.637936,1.4831569,3.2945883,3.8774772,3.827889,4.0440283,3.1538756,3.1274467,2.174038,3.2030404,3.9866335,4.037701,3.0191295,3.0902739,3.1823552,3.1346297,3.142168,3.1314664,2.6956255,2.7229304,2.6915772,2.7049086,3.5436327,3.524946,3.0629294,3.0541286,2.9293153,3.5463903,4.2717237,4.252718,3.2077968,3.7098658,2.6987135,2.9886346,3.37361,3.1979606,3.4070747,3.3754435,3.094423,3.1160164,2.9015727,2.9623554,2.8611517,2.8143559,2.8923686,2.8780322,2.9737878,2.9123554,3.5868502,2.9812114,4.2181187,2.6506348,2.530609,2.530609,2.4758093,2.4275901,2.9607928,3.039353,3.4899442,3.540721,2.6030576,2.658457,3.1599653,2.8479106,3.015243,3.010903,3.4983313,3.187444,3.9184146,2.970482,3.5327523,2.7957294,3.1298804,3.1838472,2.6206396,3.5071778,2.9482253,2.5947042,2.9659677,3.6453772,2.8640351,2.9957335,3.9281747,3.3760655,3.739002,3.478589,3.8942719,3.8514378,4.2224402,4.7585206,1.8211529,1.8211529,2.1920595,2.183163,1.8042266,2.009804,2.2971983,2.028642,1.2725987,2.6512644,1.5460232,1.605463,1.2563599,1.1692898,1.8363451,1.1081882,1.1353737,1.3031439,1.9766809,2.9165266,1.4419807,1.4874786,1.5087397,1.311013
3,2.342458,1.7953396,2.9280446,0.0,2.933176,2.8415449,2.1684155,2.1210642,3.5063758,2.967767,2.785565,2.891561,3.4816132,2.8978798,2.1598573,2.8853252,3.296226,3.058278,3.102774,3.2875404,2.609295,2.6104088,3.029657,2.6404324,3.7106159,3.7106218,2.3257916,2.3588607,2.3978503,2.3915985,2.3700128,2.3709269,1.7161151,1.7278086,1.6163394,1.6272235,2.6867237,2.951991,2.1161468,2.1663413,2.5121493,2.9998896,4.4355154,4.3573885,2.3050663,3.0142858,1.9995224,2.364492,2.8121824,2.6898193,2.8864486,2.9258206,2.304723,2.3853512,2.0374427,2.2382307,2.1346996,2.0858126,2.186742,2.1056952,2.232627,2.17681,2.9985142,2.2472112,4.5851555,3.0205057,3.144284,3.144284,2.9146693,2.8548963,3.0911343,3.3869593,4.478214,4.5455184,2.6243198,2.6530535,2.646387,3.2018147,3.041409,3.0758283,2.868466,2.6510177,3.3475845,2.3326395,3.004548,2.1544166,2.419702,2.5330515,2.5525408,3.6524334,2.7177968,3.1930554,2.58958,3.2913039,2.5118325,2.643631,4.0126595,2.6668477,3.1685367,2.7546825,3.7672875,3.6324914,4.3704486,4.2437325,2.295932,2.295932,2.806422,2.7334666,1.9722661,1.9701324,1.8496029,2.0078237,2.6516492,3.4454892,2.6875157,2.5611022,2.7321088,2.6821022,3.199218,2.6763608,2.7006216,2.8680148,1.6825047,2.7128837,2.5128207,2.8075309,3.0260668,2.9198687
4,2.2799714,2.7161782,2.5675204,2.933176,0.0,0.33056885,1.8300283,2.0662963,3.3363116,2.7125912,2.6320882,2.8277419,2.8960845,2.492548,2.6378276,2.444338,2.9315844,2.9962516,3.0648274,3.276316,2.3379412,2.3423378,1.9841334,2.4250197,3.468655,3.463852,2.385992,2.3944461,2.2035465,2.2362642,2.2412593,2.2281747,2.7988517,2.7965317,2.8528543,2.8507407,3.3564413,2.996218,3.0001674,3.0631402,2.8272183,3.5657237,2.516353,2.453842,2.9060493,3.6774514,2.780564,3.12193,3.0067084,2.883983,3.0942123,3.08439,2.7467673,2.7188494,2.558208,2.7121677,2.2557664,2.1848462,2.2401824,2.1858203,2.3156905,2.2790518,3.2274854,2.296367,4.2349153,2.7771142,2.7585561,2.7585561,2.7424781,2.713772,3.1051764,3.173899,4.208764,4.1854863,2.668369,2.854806,3.409527,3.1813304,1.8164159,1.897319,3.5587282,3.2083488,3.776708,2.783408,2.4758523,2.9454277,2.8278296,2.7571216,2.5512073,2.5695746,3.0291767,3.0632472,3.2329733,3.7230523,3.025417,3.7084363,4.0120735,3.0601768,3.3649266,3.0658891,4.0414796,4.0124183,4.3574724,4.422297,1.6226642,1.6226642,1.5648216,1.5972619,1.7351463,2.3704379,1.7158781,1.4927413,2.336403,2.9238172,2.2954395,2.3654604,2.3964264,2.450538,2.9884324,2.3935993,1.8667248,2.043325,2.1890469,3.1054983,2.7515028,2.8087587,2.783919,2.7169464
5,2.1498334,2.5711079,2.4604294,2.8415449,0.33056885,0.0,1.7303509,1.9747353,3.1960926,2.5591896,2.5118067,2.725381,2.8642328,2.3592105,2.5140424,2.3039863,2.9212637,2.967315,3.0261319,3.2423801,2.2455301,2.2379212,1.8105516,2.3234634,3.4591124,3.4593892,2.2584531,2.2605007,2.122528,2.1328845,2.146119,2.133937,2.678126,2.6772676,2.7417614,2.7385995,3.2612116,2.9592416,2.8563347,2.9199257,2.6840441,3.4527042,2.5189729,2.4782293,2.741862,3.507192,2.639277,3.0016282,2.9328606,2.7912683,3.0283122,3.014857,2.6798172,2.6600802,2.4463592,2.6308393,2.1018796,2.042491,2.0861063,2.037583,2.1717315,2.1438885,2.9937553,2.1754396,4.205355,2.8093994,2.7879806,2.7879806,2.741034,2.724859,3.1183631,3.2046568,4.1686378,4.1367006,2.6607795,2.8105116,3.4168918,3.1875389,1.894613,1.966989,3.501948,3.1260107,3.7286994,2.7604587,2.4825768,2.8945284,2.8095114,2.7382522,2.4543536,2.535214,2.9529786,2.9569168,3.1323843,3.62509,2.9170268,3.6015894,3.935205,2.9913378,3.26447,3.0127063,3.9285145,3.8966694,4.2785277,4.3475995,1.5296068,1.5296068,1.5241975,1.5481262,1.6161203,2.227777,1.6311094,1.3779577,2.1824381,2.8268297,2.156516,2.2538762,2.2976377,2.3342297,2.8563957,2.2668629,1.7038565,1.8575627,2.1071365,2.9658856,2.6267827,2.6600206,2.6330364,2.5657141
6,0.96680146,1.8359485,1.5254917,2.1684155,1.8300283,1.7303509,0.0,0.7043913,2.629989,1.6172476,1.4230986,1.663725,2.1333518,1.3603836,1.7829639,1.313457,2.743192,2.943394,2.9777267,3.1607018,1.9484545,1.9513489,1.4365138,2.0058377,3.3525746,3.2737968,2.0924506,2.1478255,2.1549132,2.1864479,2.1143506,2.1072342,1.8739576,1.8653308,1.9789189,1.9759909,2.8996868,2.683598,2.329549,2.3827229,1.9520756,2.7481368,3.419612,3.3593643,2.2573197,3.0387552,2.102883,2.527596,2.6601162,2.5015957,2.7690907,2.7637134,2.476115,2.5256379,2.0282593,2.2908309,2.0198884,1.9503347,2.0745313,2.0163991,2.1021693,1.9052144,2.8251154,2.0104468,3.8267505,2.0560174,2.127722,2.127722,2.2219496,2.1077058,2.449507,2.5740094,3.6343372,3.6130717,2.1211932,2.3323112,2.7904983,2.439398,2.2725215,2.3437688,3.2094932,2.9462051,3.6476607,2.558926,3.063922,2.4060774,2.719074,2.8191314,2.515054,3.0930312,2.7109659,2.6365063,2.8696642,3.3824694,2.7321012,2.9790502,3.4907963,2.6239061,2.8824623,2.5990698,3.4134364,3.342501,3.9628758,4.2054286,1.3030304,1.3030304,1.6157959,1.6740655,1.183251,1.2848825,1.3307133,1.1278805,1.3442129,2.7830274,1.2037822,1.1925726,1.2201825,1.1722528,1.9353062,1.1127658,1.230758,1.4377804,1.3133328,2.465048,1.7131418,1.8139448,1.8083706,1.6986861
7,0.8547772,1.8419667,1.420423,2.1210642,2.0662963,1.9747353,0.7043913,0.0,2.7542298,1.8662572,1.6745317,1.9851805,1.977897,1.4716257,1.8416847,1.47177,2.6328263,2.8196273,2.8410702,3.0819035,2.090889,2.0729191,1.6251034,2.1375766,3.2282538,3.2237165,2.0162332,2.112034,2.1432228,2.1281095,2.1479406,2.1364863,1.9587905,1.9773884,2.0254774,2.027536,2.89638,2.561985,2.3526425,2.3839202,2.1542892,2.981211,3.7259629,3.6859858,2.3464556,3.088913,2.1838574,2.580792,2.9029875,2.6994357,2.9362464,2.9286516,2.626102,2.659559,2.3176143,2.4533732,2.2252116,2.1710334,2.2802708,2.229898,2.3528562,2.220765,3.038113,2.2792668,3.5805056,1.7304361,1.7477483,1.7477483,1.7155519,1.6210011,2.284012,2.4033163,3.4198465,3.3928902,1.8185246,2.132819,2.505102,2.1983883,2.255268,2.3111987,3.274346,2.9375117,3.4933372,2.4308634,3.1184137,2.242905,2.6357422,2.7232778,2.3007655,3.0858483,2.6801975,2.417768,2.468557,3.112172,2.370684,2.5083678,3.564169,2.7330458,3.1277437,2.7725608,3.3019984,3.1983268,3.814528,4.138288,1.5025755,1.5025755,1.9488567,1.9804997,1.3170784,1.3641775,1.6566044,1.3639657,1.2530934,2.8011851,1.3340563,1.306996,1.205663,1.1275378,1.928342,1.0534462,1.3530803,1.5514501,1.2939332,2.471691,1.5806147,1.7180288,1.7269951,1.5607111
8,2.351012,3.117662,2.5303705,3.5063758,3.3363116,3.1960926,2.629989,2.7542298,0.0,1.6309215,1.8580083,2.3556366,3.3111725,1.9369156,2.6466045,1.8861622,4.4910355,4.4785604,4.4108577,4.750291,3.3174613,3.3104837,2.6882188,3.380087,4.485323,4.388689,3.1429534,3.1775103,3.1696591,3.1386676,3.2358766,3.2436535,2.9652739,2.9618382,3.0457883,3.054825,3.4221206,3.6277294,2.9037213,2.905449,2.8821747,3.7523704,4.259093,4.243154,3.3108246,3.8030405,2.8976579,3.272056,4.252173,4.004859,4.230282,4.2208967,3.3822148,3.3202271,2.956388,3.2710843,3.0133119,3.0021632,3.0597446,3.060649,3.076343,3.075651,3.6024535,3.1426775,4.8292313,4.0327477,4.0856323,4.0856323,3.8976705,4.04505,4.4670124,4.478496,4.9167857,4.9094005,4.142422,2.91715,4.729968,4.6715865,4.3830004,4.4128456,4.485089,4.2419114,4.2530994,4.2757406,4.633095,4.0306873,4.397775,4.454471,3.8477824,4.258993,4.0731344,4.145839,4.100222,4.5054297,3.9486463,4.165473,4.5685053,4.0043364,3.9562495,4.0360107,4.850258,4.7608495,5.366185,5.725402,3.031026,3.031026,2.919893,2.913859,2.8935444,3.200072,2.9897852,2.831633,2.8495286,2.0536573,2.7386088,2.760782,2.5490189,2.8818457,3.2434192,2.8841975,2.614624,2.2327397,3.316759,3.929367,3.016606,2.8270159,2.6509767,2.6755173
9,1.389735,2.378069,1.6573495,2.967767,2.7125912,2.5591896,1.6172476,1.8662572,1.6309215,0.0,0.75927496,1.2102277,2.7220144,0.78581274,1.8941909,0.7546,3.8332622,3.9863806,3.9252741,4.243543,2.698133,2.6777089,1.9264165,2.7529018,3.9974291,3.9360018,2.5888731,2.6265225,2.6912696,2.7011712,2.6014137,2.6012988,2.2731667,2.2754781,2.350756,2.355953,3.2332141,3.4314754,2.664908,2.682676,2.0989122,3.1153855,3.8577847,3.8049874,2.7319343,3.3181107,2.202941,2.6471834,3.1522558,3.037659,3.3482199,3.3292947,2.8531265,2.860733,2.2793481,2.6729944,2.313292,2.2930915,2.3604095,2.3693693,2.3569908,2.29777,3.054774,2.3958666,4.5860066,3.1814039,3.2188396,3.2188396,3.3328629,3.267535,3.6349165,3.6774225,4.2366033,4.235475,3.418844,3.0628736,4.02694,3.6550736,3.5752437,3.60836,3.748966,3.3993702,4.0678377,3.4398735,3.8958373,3.256725,3.584173,3.6602635,3.2022018,3.6693158,3.4750168,3.1366708,3.5744739,3.968726,3.4163,3.645863,4.0416145,3.440114,3.3748236,3.4553015,4.326561,4.2626266,4.767056,5.093137,2.335874,2.335874,2.4057708,2.4357362,2.2326543,2.4280195,2.3935165,2.2239394,1.851701,2.714717,1.7687578,1.9435502,1.618374,1.8451805,2.2767437,1.8047631,1.757801,1.4572723,2.4749703,3.3033006,2.2702444,2.075932,1.8910052,1.9093703
10,1.1874659,2.1961007,1.5697801,2.785565,2.6320882,2.5118067,1.4230986,1.6745317,1.8580083,0.75927496,0.0,0.8193436,2.873586,1.1750628,1.8448118,1.1699824,3.6823118,3.823038,3.7643056,4.095513,2.5184288,2.5093052,1.8479958,2.5636466,3.5026991,3.4400094,2.529179,2.5729597,2.592907,2.656922,2.5189025,2.5204663,1.9754268,1.9713331,2.065608,2.0685894,3.0678668,3.3056688,2.4435492,2.4693663,2.3343918,3.2362125,3.7967572,3.7010736,2.4869113,3.105001,1.994886,2.4274402,2.9043076,2.7895434,3.0040505,2.990095,2.42188,2.4375882,1.9869697,2.222356,2.122856,2.0791516,2.1797028,2.176471,2.165167,2.1376085,2.8982162,2.0923886,4.426946,2.9583151,3.031622,3.031622,3.178566,3.1061368,3.4262302,3.4803553,4.1017485,4.0954623,3.2342198,2.887978,3.8439229,3.4869828,3.3987691,3.4370914,3.405377,3.0763814,3.7879097,3.1394596,3.643479,2.9334643,3.2870882,3.383607,2.955511,3.401704,3.216483,2.913258,3.355336,3.7679589,3.1908252,3.437042,3.8622658,3.2045128,3.4279933,3.2040076,4.1398897,4.092355,4.5518947,4.869406,2.1242635,2.1242635,2.168906,2.1976266,2.0175695,2.1765587,2.1452856,1.9791967,1.7078396,2.638022,1.5242107,1.681811,1.4487975,1.6854584,2.1592424,1.6462569,1.627251,1.6108121,2.257603,3.1215196,2.2792892,2.26936,2.1018772,2.0596733
11,1.5581088,2.3412802,1.9609838,2.891561,2.8277419,2.725381,1.663725,1.9851805,2.3556366,1.2102277,0.8193436,0.0,3.1259668,1.5836419,2.0240545,1.5858815,3.6170216,3.8992803,3.765529,4.141296,2.57492,2.569952,2.0808673,2.6257906,3.4870944,3.4117126,2.6904993,2.6860845,2.8221486,2.933674,2.5843017,2.5828907,1.9473205,1.923846,2.046253,2.0405464,3.4156282,3.6975484,2.8532774,2.8975098,2.422616,3.2227874,3.864709,3.7735336,2.5096805,3.1141584,2.1237817,2.5328841,2.8669958,2.9772458,3.1644492,3.1569734,2.4482577,2.57757,2.0704823,2.3339202,2.20841,2.177704,2.2672937,2.2707026,2.1844852,2.1667414,2.859056,2.049414,4.5537205,2.982052,3.0879257,3.0879257,3.5696366,3.2904124,3.3693392,3.4751527,4.173018,4.1589894,3.3195765,3.1181357,3.8592508,3.6538126,3.3909194,3.4398992,3.2541795,2.9565854,3.6495697,3.0943482,3.5757937,2.9796507,3.189228,3.3164172,3.020959,3.3978968,3.265269,3.1038852,3.5186262,3.8804872,3.3823204,3.6102626,3.729953,3.0571961,3.2842252,3.0338976,4.1579423,4.1058426,4.5467615,4.7494903,2.3826504,2.3826504,2.4006922,2.4235053,2.316468,2.42564,2.3284066,2.2540946,1.9317769,3.0053065,1.6263757,1.796805,1.6043366,1.8604901,2.3224335,1.8338699,1.9182686,1.9405513,2.2396002,3.0984645,2.437898,2.481709,2.327259,2.3387556
12,2.2714186,3.1571436,2.4505718,3.4816132,2.8960845,2.8642328,2.1333518,1.977897,3.3111725,2.7220144,2.873586,3.1259668,0.0,1.9722947,2.7559679,2.0072033,2.8362253,3.1383693,3.1550524,3.4044337,2.9368162,2.9187386,2.3602304,2.9847846,4.32843,4.2237,2.8773623,2.9949539,3.1660326,3.09736,3.1714308,3.155027,3.3666494,3.3689957,3.4435763,3.4537508,4.2602754,3.2347643,3.7538154,3.7722383,2.3869953,3.336034,4.050645,4.0702357,3.9290237,4.293699,3.6336465,3.888607,4.2670193,4.1512837,4.4350634,4.426027,4.102178,4.0932336,3.6508498,3.9504921,3.6693308,3.6445415,3.705723,3.6597555,3.716013,3.610935,4.185335,3.6504772,3.9611142,1.9991574,1.9762144,1.9762144,2.2120478,2.0157595,2.7498405,2.731538,3.2987218,3.3337564,2.2291195,2.5503879,3.0398533,2.6356907,2.7171686,2.7859232,4.7654366,4.4500065,4.410344,3.665562,4.240069,3.5325093,3.9063272,3.9740844,3.5508838,4.088193,3.9463456,3.692242,3.6133106,4.014988,3.5785453,3.5948462,4.1827765,3.583068,3.372142,3.5234916,4.3013353,4.1702943,4.8831463,5.2345843,2.7467744,2.7467744,2.8868203,2.9955504,2.6870139,2.7222347,2.9272015,2.6291847,2.5933988,3.4736514,2.6001084,2.5181794,2.230064,2.2080538,2.5832324,2.2112057,2.5084493,2.352156,2.5537617,3.3862226,2.4035869,2.2184765,2.1303325,2.1350296
13,1.1603948,2.3491704,1.4254256,2.8978798,2.492548,2.3592105,1.3603836,1.4716257,1.9369156,0.78581274,1.1750628,1.5836419,1.9722947,0.0,1.8087785,0.21381867,3.3929288,3.5976954,3.5525687,3.8811827,2.553952,2.524582,1.7168602,2.61085,3.9271767,3.8724432,2.3763695,2.4491105,2.5672293,2.538749,2.4973516,2.4898493,2.375235,2.3853853,2.4446905,2.453992,3.3775597,3.2016573,2.8046916,2.8193064,1.8532848,3.0054884,3.7678976,3.7334182,2.9168851,3.4420912,2.3917058,2.7827713,3.2612567,3.1433694,3.4700632,3.4514036,3.0496109,3.0455565,2.499952,2.870894,2.4915922,2.4716747,2.533492,2.5271108,2.5458891,2.4828155,3.2377172,2.563894,4.2648273,2.6355186,2.6420617,2.6420617,2.7850618,2.6798508,3.2134743,3.2418456,3.7810833,3.7953498,2.8928113,2.7348888,3.579727,3.1446056,3.134397,3.170661,3.8784003,3.4880695,4.0123177,3.260447,3.7848709,3.0919616,3.4494045,3.5160015,3.035157,3.586172,3.4201634,2.9836833,3.3315558,3.7728672,3.2042983,3.3859198,3.9687078,3.3334908,3.2245073,3.3423734,4.1927066,4.1073656,4.6572013,5.0096636,2.1705112,2.1705112,2.3092458,2.3667743,2.0662615,2.2595193,2.318753,2.0631897,1.6807407,2.7321272,1.688139,1.8156705,1.3692532,1.5394095,2.0234854,1.495504,1.5903804,1.257699,2.2138717,3.1495347,1.9543962,1.7060602,1.5148968,1.5268632
14,1.8728207,1.2459531,2.637936,2.1598573,2.6378276,2.5140424,1.7829639,1.8416847,2.6466045,1.8941909,1.8448118,2.0240545,2.7559679,1.8087785,0.0,1.804615,3.5180175,2.8990479,2.914066,3.2923534,1.5278872,1.4808784,1.9796147,1.5476105,3.0086987,2.9346728,1.4448965,1.5109065,1.6564906,1.7025812,1.5726362,1.5724527,1.2486417,1.2731476,1.3514951,1.3546044,2.7957819,2.58726,1.9885992,2.0421033,1.2660726,2.6111941,3.3565738,3.233747,2.0639966,2.6826417,1.364517,1.9315616,2.5228937,2.468549,2.763045,2.779298,2.165726,2.1450841,1.515776,1.9615736,1.4623368,1.4721323,1.5188639,1.4957132,1.4750643,1.5572532,2.549493,1.5064448,4.280004,2.7140815,2.8660362,2.8660362,3.0247903,2.888782,3.262651,3.3195436,4.242151,4.2291603,3.0516028,2.9292665,3.7180445,3.3441136,3.1621087,3.2599523,3.5396006,3.1262949,3.6944785,2.9329057,3.4820325,2.7957852,3.0950313,3.1652596,2.9072258,3.3733668,3.2950742,2.9013045,3.022997,3.5452015,2.9171612,3.1864207,4.0838757,2.749779,2.885161,2.7448814,4.1204834,4.00205,4.6510396,4.6220126,2.6356807,2.6356807,2.6857767,2.729895,2.3751109,2.3415422,2.2877665,2.1135411,2.490146,3.304402,2.420348,2.5419858,2.3278055,2.4349544,2.7209332,2.3948543,2.383058,2.3200948,2.241907,3.1108713,2.7680228,2.7184129,2.5441334,2.5352528
15,1.2061667,2.3370204,1.4831569,2.8853252,2.444338,2.3039863,1.313457,1.47177,1.8861622,0.7546,1.1699824,1.5858815,2.0072033,0.21381867,1.804615,0.0,3.4537532,3.6362917,3.5998383,3.9103599,2.5170062,2.4904585,1.6803354,2.5754457,3.936837,3.8567436,2.3569343,2.4249144,2.5224795,2.5017948,2.4702249,2.4638805,2.3616502,2.370815,2.4455466,2.4527006,3.3356757,3.1722054,2.7621636,2.7808,1.8157675,2.9750235,3.6949148,3.670982,2.832094,3.3790386,2.3495674,2.754527,3.2400987,3.1093476,3.436551,3.4166615,3.028133,3.026823,2.4796731,2.8508503,2.4345193,2.4189293,2.4776819,2.4725804,2.4879158,2.392856,3.1865406,2.5372658,4.2547984,2.7045467,2.7175403,2.7175403,2.8335996,2.7469952,3.262651,3.2905216,3.8483448,3.8478389,2.942878,2.7507968,3.6239412,3.2013218,3.1541314,3.1971025,3.9344578,3.5572684,4.068145,3.342998,3.8335514,3.173622,3.5223815,3.5882864,3.1113868,3.6399257,3.4623525,3.0792172,3.4206138,3.8523068,3.2891338,3.4790535,3.9698908,3.3245044,3.2176602,3.3309712,4.1332374,4.0486608,4.6502013,4.9945617,2.1448295,2.1448295,2.273797,2.3316565,2.0470693,2.2514207,2.281655,2.0339592,1.6869519,2.7241287,1.6837857,1.8117301,1.3974012,1.5660337,2.049276,1.5187743,1.588795,1.2630991,2.2132359,3.1341875,1.9630041,1.7194393,1.5319481,1.5406985
16,2.93988,3.3493252,3.2945883,3.296226,2.9315844,2.9212637,2.743192,2.6328263,4.4910355,3.8332622,3.6823118,3.6170216,2.8362253,3.3929288,3.5180175,3.4537532,0.0,1.896065,1.6989225,2.0753355,2.9922411,2.9814796,2.7706327,3.017587,3.987185,4.109633,3.0986314,3.144555,3.409708,3.3840747,3.181112,3.1614182,3.4752657,3.4404364,3.5365705,3.5262394,4.5734677,3.8961704,4.0654173,4.1337433,3.4072752,3.7723622,4.4069552,4.361178,3.8346844,4.174717,4.1264696,4.3950987,4.3572674,4.3916316,4.6045136,4.623016,4.131969,4.239289,3.7894814,4.070972,3.8167467,3.7581983,3.8497307,3.7758987,3.8625119,3.8955612,3.9842966,3.4418337,3.6759732,1.8719237,1.9681731,1.9681731,2.5419075,2.052998,1.9964973,2.3778532,3.2407608,3.21651,1.4171647,2.412747,2.019129,2.6387084,1.5748718,1.5310596,3.3468335,3.1437845,2.9581578,2.1658323,2.5672286,2.2465997,2.287065,2.375278,2.2814732,2.8820624,2.8152165,3.2644777,2.4490833,2.8521128,2.525498,2.6317255,3.645466,3.0035934,2.9861379,2.871584,3.6505024,3.546022,3.7004087,3.7110329,2.6228385,2.6228385,2.822546,2.8620682,2.582731,2.5789301,2.6267223,2.5445154,3.027768,3.7677214,2.8134813,2.62231,2.84035,2.7937157,3.1053562,2.7904634,2.94712,3.0375714,2.427736,2.9864497,2.8995352,3.0434778,3.155342,3.1464381
17,3.2321424,2.7463448,3.8774772,3.058278,2.9962516,2.967315,2.943394,2.8196273,4.4785604,3.9863806,3.823038,3.8992803,3.1383693,3.5976954,2.8990479,3.6362917,1.896065,0.0,0.60167223,1.0675073,2.0826168,2.0694978,2.7046504,2.0622559,3.3466902,3.4624135,2.4475682,2.505861,2.6749983,2.6284428,2.5690427,2.5571249,3.020828,2.9893727,3.1145077,3.100109,3.9443204,2.955274,3.3672793,3.450763,2.9526474,3.3976388,3.8236275,3.7092202,3.3674314,3.8111985,3.67342,3.9874277,4.0365796,3.951132,4.1723933,4.209666,3.7387717,3.758653,3.276466,3.6160142,3.296729,3.2420373,3.3291516,3.2378023,3.3520494,3.428227,3.5901763,2.918157,3.6590748,2.2767167,2.4924047,2.4924047,2.6495628,2.4863443,2.5391974,2.7284837,4.015012,3.9370875,2.2322066,2.7065108,2.9974782,3.0239742,2.204998,2.2942426,3.5700004,3.3778095,3.2364016,2.5012147,2.8713584,2.4946766,2.6415682,2.6970193,2.6209493,2.9148617,3.0200799,3.2554367,2.4212723,2.967825,2.4552495,2.724446,4.1103697,2.8235004,2.8182845,2.6562772,3.8316066,3.6952033,3.99524,3.7397,3.1140976,3.1140976,3.0902653,3.1549447,2.9234805,2.726406,2.7546098,2.6266057,3.579416,4.0387664,3.367384,3.2599063,3.407477,3.3878198,3.6352365,3.3731482,3.3809178,3.4291048,2.8550112,3.2887478,3.5810328,3.6312804,3.5901067,3.5762234
18,3.1775484,2.8052154,3.827889,3.102774,3.0648274,3.0261319,2.9777267,2.8410702,4.4108577,3.9252741,3.7643056,3.765529,3.1550524,3.5525687,2.914066,3.5998383,1.6989225,0.60167223,0.0,1.2091182,2.161345,2.1417716,2.6589725,2.1515849,3.3517528,3.4822047,2.478652,2.5391746,2.7878802,2.7694101,2.5993793,2.5849397,2.969513,2.9356334,3.0586162,3.0427964,4.124195,3.2476645,3.4945893,3.5762386,2.971265,3.3985758,3.8810935,3.7923899,3.378601,3.7105763,3.6802807,4.0170608,4.176826,4.1674047,4.3809,4.4141765,3.7436411,3.7984347,3.311935,3.6588426,3.3220732,3.2801275,3.3559709,3.274121,3.358579,3.4719665,3.548724,2.910094,3.745084,2.2583525,2.4690676,2.4690676,2.8248687,2.5339978,2.4831853,2.7030778,3.842622,3.7614334,2.2240477,2.612004,2.9619215,3.2348797,2.2115421,2.292927,3.4547362,3.2417395,2.8008745,2.4104326,2.781674,2.438296,2.5179825,2.5822623,2.443871,2.786976,2.934603,3.320847,2.31568,2.8151057,2.3887773,2.631532,3.922798,2.6576402,2.649201,2.495688,3.7718263,3.629255,3.9127007,3.641891,3.1339662,3.1339662,3.096781,3.1480975,2.9635656,2.7931604,2.7974951,2.671904,3.5179365,3.97479,3.271975,3.171657,3.307405,3.3351903,3.518117,3.325874,3.3263671,3.3436575,2.788306,3.192902,3.4874284,3.5400724,3.486272,3.5019162
19,3.4153926,2.9740229,4.0440283,3.2875404,3.276316,3.2423801,3.1607018,3.0819035,4.750291,4.243543,4.095513,4.141296,3.4044337,3.8811827,3.2923534,3.9103599,2.0753355,1.0675073,1.2091182,0.0,2.3154793,2.3311353,2.887659,2.31437,3.908494,4.0259476,3.1624506,3.1980612,3.3446608,3.2955558,3.2177153,3.2056563,3.199372,3.1619794,3.2773457,3.2577202,4.071472,3.1190557,3.5184681,3.5934947,3.2756443,2.9842312,4.064813,3.9759874,3.5440767,3.9904764,3.9695394,4.2781467,4.3300314,4.237204,4.474404,4.5100145,4.072861,4.1247663,3.571512,3.964428,3.6043518,3.52799,3.641851,3.5384946,3.6786716,3.6333497,3.854302,3.2975821,3.7714086,2.6134148,2.757721,2.757721,2.9074764,2.7532337,2.1606467,2.313925,4.1365476,4.028949,2.4414272,2.954956,3.1525445,3.2056875,2.5104976,2.6503832,3.4343178,3.6037292,3.4926426,2.7976065,3.1374428,2.7829852,2.8091018,2.9131634,2.8873813,3.1588268,2.633153,3.468772,2.6475546,3.160309,2.7771432,2.8998961,3.8068833,2.4298077,2.4215853,2.2782018,3.401317,3.2827363,3.5041387,3.2192721,3.3563485,3.3563485,3.3078187,3.3691335,3.2130764,2.7568893,2.963429,2.8963232,3.81852,4.32459,3.5575001,3.4303088,3.6407075,3.551063,3.766879,3.5696108,3.5020983,3.558845,3.0257955,3.4053574,3.7113993,3.7232716,3.6753209,3.6692853
20,2.3587093,1.5639687,3.1538756,2.609295,2.3379412,2.2455301,1.9484545,2.090889,3.3174613,2.698133,2.5184288,2.57492,2.9368162,2.553952,1.5278872,2.5170062,2.9922411,2.0826168,2.161345,2.3154793,0.0,0.14910617,1.669192,0.17062986,2.6788692,2.6017787,1.7442868,1.7190758,1.7820944,1.853698,1.6566986,1.6551018,1.673335,1.6359965,1.8895428,1.8609308,2.849192,2.2118127,2.2250247,2.327839,1.8694092,2.4761322,2.7150784,2.593256,1.9253347,2.8437552,2.1984892,2.6638327,2.865353,2.7867835,3.0256317,3.0505326,2.4981334,2.5414717,1.9165525,2.3411446,1.7925382,1.7449913,1.8502437,1.7675045,1.8296405,1.7461215,2.4532273,1.561823,3.7493339,2.505825,2.7083566,2.7083566,2.9781265,2.8433952,2.7682383,2.809086,4.3647346,4.2358217,2.8519382,2.8531258,3.698215,3.2996573,2.6483824,2.8250654,3.4152534,3.2701194,3.5646026,2.9163694,3.22943,2.8717957,2.9904141,3.0769253,2.8717215,2.8844714,2.9584277,3.030767,3.0030553,3.5041373,2.9036527,3.2845953,3.7305503,2.223901,2.4470181,2.1128912,3.5252352,3.4103434,4.007867,3.8373728,2.6753666,2.6753666,2.4878998,2.5702825,2.4932618,2.2483473,2.1954882,2.0354762,2.8240016,3.5069067,2.5356712,2.5991218,2.634259,2.6911345,3.0809383,2.6642506,2.5495245,2.5906885,2.3628452,2.9706101,3.1462228,3.1228263,2.9061713,2.9014363
21,2.3327086,1.5325068,3.1274467,2.6104088,2.3423378,2.2379212,1.9513489,2.0729191,3.3104837,2.6777089,2.5093052,2.569952,2.9187386,2.524582,1.4808784,2.4904585,2.9814796,2.0694978,2.1417716,2.3311353,0.14910617,0.0,1.6430424,0.16711737,2.6294124,2.565538,1.6612675,1.6342143,1.7430766,1.8035079,1.6055045,1.6027135,1.6640066,1.6332598,1.8805282,1.8525052,2.877361,2.2486155,2.2348537,2.3352919,1.8408872,2.518164,2.7173781,2.6020284,1.9068259,2.797357,2.16128,2.6315286,2.8300738,2.7572992,2.999777,3.0226645,2.4923663,2.536672,1.9289967,2.3357103,1.7553095,1.7192749,1.8099775,1.7348582,1.7939018,1.7407352,2.3945668,1.5385731,3.71323,2.490229,2.68464,2.68464,2.9623497,2.8169916,2.7897382,2.8357873,4.31997,4.189999,2.8375745,2.8591824,3.6932127,3.2753572,2.64008,2.8109896,3.427265,3.241431,3.5603867,2.8947408,3.2127674,2.8529992,2.9759502,3.0533922,2.8278866,2.860211,2.9773765,2.9622366,2.9520216,3.465279,2.8567185,3.23879,3.7529106,2.2604008,2.487013,2.165875,3.528793,3.4121108,4.006656,3.8377082,2.6802394,2.6802394,2.5174348,2.597564,2.490295,2.2553046,2.2267227,2.0462835,2.7903554,3.4936852,2.5276198,2.6077912,2.625843,2.6760106,3.0435517,2.640988,2.5300808,2.570126,2.3578403,2.9444745,3.1262093,3.0982058,2.8796368,2.8723235
22,1.5949061,2.1278682,2.174038,3.029657,1.9841334,1.8105516,1.4365138,1.6251034,2.6882188,1.9264165,1.8479958,2.0808673,2.3602304,1.7168602,1.9796147,1.6803354,2.7706327,2.7046504,2.6589725,2.887659,1.669192,1.6430424,0.0,1.6872921,3.3040955,3.2520108,2.1616027,2.2463284,2.3192737,2.3604918,2.2713072,2.2633407,2.2793977,2.2592702,2.4497063,2.433276,3.40225,2.949816,2.5547476,2.6187882,2.1336358,2.8202083,2.9625664,2.8950982,2.4114544,2.7806091,2.5797412,2.962633,3.2894545,3.1327293,3.4120636,3.3986137,2.9570844,2.9554439,2.3937016,2.754421,2.2526717,2.2178786,2.2916465,2.2579777,2.3004377,2.2567136,2.6610575,2.0970402,3.7867663,2.4255333,2.48845,2.48845,2.6448913,2.578125,2.751065,2.7650273,3.4507244,3.3161652,2.5905476,2.572105,3.547074,3.1282582,2.4843907,2.576627,3.4776065,3.1908438,3.4898114,2.9243484,3.1709306,2.7858078,3.0503023,3.100418,2.5717137,2.7306762,2.8120573,2.7986705,2.9568872,3.2110703,2.8566396,3.202316,3.3489106,2.574624,2.5944476,2.4900446,3.3041763,3.2744138,3.750732,3.981148,1.9222342,1.9222342,1.7795265,1.8994377,1.895824,1.8463285,1.9090648,1.5740997,1.9397271,2.896031,1.6130278,1.7570082,1.7404642,1.8026779,1.8887861,1.7604511,1.5320375,1.4786485,2.2267349,2.9067717,2.441379,2.3180065,2.0746014,2.0740905
23,2.4061732,1.5713241,3.2030404,2.6404324,2.4250197,2.3234634,2.0058377,2.1375766,3.380087,2.7529018,2.5636466,2.6257906,2.9847846,2.61085,1.5476105,2.5754457,3.017587,2.0622559,2.1515849,2.31437,0.17062986,0.16711737,1.6872921,0.0,2.6368864,2.5570407,1.7341957,1.7157328,1.8007463,1.8704468,1.6833472,1.682688,1.703382,1.6671553,1.9261138,1.89692,2.899802,2.2565906,2.2354248,2.339691,1.8957639,2.530848,2.7600493,2.633453,1.9279097,2.7958853,2.219254,2.6731052,2.8628948,2.7760382,3.0117016,3.0365522,2.5244484,2.5634644,1.9415828,2.350635,1.8198173,1.7799304,1.8766162,1.7977868,1.8533646,1.7915641,2.4125574,1.5690322,3.754354,2.5380785,2.747062,2.747062,3.0014086,2.8747022,2.820788,2.8687081,4.351253,4.217807,2.877391,2.9067454,3.7289722,3.304294,2.6948597,2.8660538,3.4451773,3.278336,3.5938296,2.9342532,3.2598855,2.8735397,3.0197299,3.1048071,2.8905923,2.9202688,3.001457,3.018029,3.0006266,3.497502,2.9017906,3.2751298,3.7770085,2.2728865,2.4948962,2.1529207,3.5230837,3.4109461,4.0139484,3.8350773,2.7194993,2.7194993,2.5381258,2.6226137,2.5304582,2.2581742,2.244867,2.0784712,2.8619156,3.574949,2.5784883,2.6458304,2.6856656,2.7273297,3.077075,2.695691,2.6013012,2.6546764,2.415447,2.9791756,3.188226,3.1699326,2.9541793,2.9452455
24,3.4376073,2.9845471,3.9866335,3.7106159,3.468655,3.4591124,3.3525746,3.2282538,4.485323,3.9974291,3.5026991,3.4870944,4.32843,3.9271767,3.0086987,3.936837,3.987185,3.3466902,3.3517528,3.908494,2.6788692,2.6294124,3.3040955,2.6368864,0.0,0.7015607,2.6740162,2.6270518,2.7346797,2.8623123,2.6867974,2.6824925,2.883077,2.9022462,2.9966145,2.9853086,3.8627644,3.5327702,3.478124,3.5391302,3.9009647,4.86255,3.6857507,3.5267346,2.935758,3.5721097,2.9530196,3.1038568,3.2009063,3.2641997,3.0717056,3.0866528,2.5847147,2.6264858,3.073417,2.5848427,2.7913637,2.8056214,2.8042166,2.8045866,2.804359,3.0865338,3.251482,2.5681846,4.03477,3.2088184,3.3590744,3.3590744,3.7675705,3.5518262,3.992133,4.058144,4.8558435,4.740319,3.720448,3.8005314,4.4273834,4.01334,3.4613905,3.5550451,4.129118,3.5877752,3.9053798,3.3906152,3.6686678,3.4701977,3.5156307,3.5036466,3.303465,3.1563036,4.1391954,3.2895124,3.4640653,4.0462413,3.3478217,3.8011038,4.859829,3.7439528,4.7354507,3.7650938,4.650925,4.565147,4.8867116,4.7433195,3.7312956,3.7312956,3.6874425,3.7164083,3.574819,3.650784,3.577784,3.3234155,3.611117,4.145021,3.5583491,3.7035043,3.6324563,3.7138994,4.0783687,3.6329722,3.6344633,3.99124,3.4083638,3.831045,4.2729464,4.5118785,4.3326097,4.2203617
25,3.4695191,3.0009015,4.037701,3.7106218,3.463852,3.4593892,3.2737968,3.2237165,4.388689,3.9360018,3.4400094,3.4117126,4.2237,3.8724432,2.9346728,3.8567436,4.109633,3.4624135,3.4822047,4.0259476,2.6017787,2.565538,3.2520108,2.5570407,0.7015607,0.0,2.6416242,2.6081877,2.6877868,2.8635104,2.686587,2.6856089,2.8640132,2.8740678,3.0150769,3.0026848,3.9405897,3.5361805,3.4757257,3.5460162,3.748996,4.778183,3.511164,3.3564954,2.8976643,3.4474678,2.9182813,3.0726202,3.2179344,3.286836,3.0876095,3.102757,2.5681155,2.6066165,3.0252442,2.5506358,2.7761755,2.802245,2.794602,2.7937317,2.7470036,2.9794078,3.2160091,2.5511422,4.125684,3.2723365,3.463807,3.463807,3.8798177,3.6683044,4.0936112,4.1518717,4.8608127,4.7434154,3.7898252,3.78686,4.4940257,4.1037717,3.5287297,3.638515,4.4076715,3.8969646,4.100087,3.6690595,3.9303346,3.7006848,3.8054662,3.8163416,3.627253,3.4938884,4.3680778,3.679544,3.8353608,4.32265,3.7138531,4.126316,4.870315,3.7313433,4.673283,3.701367,4.66191,4.578203,5.0864806,4.9314494,3.7124887,3.7124887,3.6185758,3.6640484,3.5689988,3.6552446,3.5194592,3.2850897,3.6565273,4.1699853,3.5546584,3.6792343,3.6204927,3.7164085,4.0267506,3.6405551,3.6665065,4.0224705,3.4007285,3.826343,4.273294,4.5192847,4.3373504,4.2353663
26,2.369424,1.8525885,3.0191295,2.3257916,2.385992,2.2584531,2.0924506,2.0162332,3.1429534,2.5888731,2.529179,2.6904993,2.8773623,2.3763695,1.4448965,2.3569343,3.0986314,2.4475682,2.478652,3.1624506,1.7442868,1.6612675,2.1616027,1.7341957,2.6740162,2.6416242,0.0,0.37179133,0.787712,0.80362284,0.73853534,0.7327124,2.0539546,2.069486,2.1860504,2.179234,3.1546342,2.7741146,2.5277386,2.6111863,1.8359662,3.511532,3.292634,3.2176738,2.183906,2.8243253,2.060467,2.5295818,2.8435357,2.7633326,3.0097308,3.0256674,2.534078,2.5276492,2.1709814,2.4006953,1.7958729,1.8501686,1.8246552,1.8157489,1.8272759,2.048681,2.5893629,1.714067,3.8861341,2.584089,2.7631242,2.7631242,2.843392,2.7180002,3.501354,3.66328,4.2422333,4.183866,2.7918472,2.7720041,3.4335961,3.2787526,2.6830623,2.7179694,3.8094747,3.1006467,3.4335275,2.742014,3.114091,2.6889565,2.9643562,2.9517772,2.6490903,3.1367433,3.6176035,2.9866607,2.7874157,3.3853467,2.6243365,3.0444074,4.4669137,3.2767375,3.3932123,3.2380886,4.1525507,4.007124,4.655545,4.5477443,2.5388656,2.5388656,2.6679451,2.692573,2.2653742,2.5827758,2.311113,2.091404,2.6150336,3.278135,2.6255116,2.7036173,2.5871217,2.720886,3.0583377,2.6238956,2.6773837,2.6494718,2.3506782,3.0259209,2.9090044,2.9551504,2.8897347,2.8546703
27,2.4488757,1.8570896,3.0902739,2.3588607,2.3944461,2.2605007,2.1478255,2.112034,3.1775103,2.6265225,2.5729597,2.6860845,2.9949539,2.4491105,1.5109065,2.4249144,3.144555,2.505861,2.5391746,3.1980612,1.7190758,1.6342143,2.2463284,1.7157328,2.6270518,2.6081877,0.37179133,0.0,0.84854394,0.81188583,0.62622225,0.6209433,2.045077,2.0555723,2.1811934,2.1727638,3.0660622,2.7440045,2.5735178,2.6606019,1.8811256,3.5244873,3.2614875,3.1945782,2.1077256,2.9413378,2.0305157,2.4492314,2.7564237,2.7126858,2.9550583,2.9727592,2.4699266,2.4960072,2.1368122,2.3711338,1.7288901,1.7857217,1.7581848,1.7510276,1.7650084,1.9854486,2.4676542,1.6663239,3.8760927,2.6720312,2.845299,2.845299,2.9883704,2.8346345,3.5411606,3.7181926,4.4573226,4.39254,2.8821619,2.8374138,3.5262215,3.3651783,2.71762,2.7635074,3.7956154,3.1112998,3.488305,2.7892292,3.1255264,2.7861252,2.986791,2.97546,2.6919694,3.1040988,3.641912,3.003423,2.8590577,3.4998987,2.6686335,3.1317427,4.484563,3.2863915,3.42484,3.2665508,4.2061677,4.050006,4.6977963,4.555236,2.6136096,2.6136096,2.7328591,2.750683,2.3441155,2.6531537,2.3658907,2.1640038,2.6501162,3.2622235,2.653286,2.7435296,2.6242766,2.7572823,3.2394614,2.6634212,2.7123454,2.6817744,2.3583274,3.0388253,2.9746985,3.0184953,2.947726,2.9148517
28,2.5567386,1.9558661,3.1823552,2.3978503,2.2035465,2.122528,2.1549132,2.1432228,3.1696591,2.6912696,2.592907,2.8221486,3.1660326,2.5672293,1.6564906,2.5224795,3.409708,2.6749983,2.7878802,3.3446608,1.7820944,1.7430766,2.3192737,1.8007463,2.7346797,2.6877868,0.787712,0.84854394,0.0,0.3958101,0.6555733,0.6685175,2.1831856,2.1929965,2.3090575,2.3001528,2.799283,2.5158699,2.357223,2.4495752,2.1305702,3.6573367,3.1621966,3.0539181,2.1002052,3.0454679,2.086917,2.5678473,2.793309,2.6010873,2.8364637,2.8574996,2.4487283,2.3894444,2.0854807,2.3013818,1.7165532,1.7281581,1.7479932,1.7199945,1.7869025,1.9153829,2.79194,1.6961244,4.028813,2.8371418,3.0154004,3.0154004,2.921136,2.9425194,3.6958482,3.8164022,4.67691,4.6045065,3.0718737,2.9724388,3.6791484,3.4497747,2.8124664,2.8607264,3.8489797,3.2213824,3.6512384,2.9119842,3.1700666,2.8738906,3.10525,3.089262,2.8694909,3.1610374,3.6846356,3.1422427,3.0487087,3.6207511,2.8265865,3.3382714,4.622541,3.461362,3.6239786,3.4163127,4.273355,4.1433277,4.738619,4.6437435,2.5388181,2.5388181,2.6016703,2.6230412,2.2930868,2.6929784,2.2593877,2.0895922,2.7701447,3.3248127,2.7505965,2.8130682,2.7477262,2.9116755,3.3901694,2.8254688,2.8030937,2.7909794,2.5583065,3.309486,3.1662498,3.2209044,3.1532354,3.102185
29,2.5427678,1.9789487,3.1346297,2.3915985,2.2362642,2.1328845,2.1864479,2.1281095,3.1386676,2.7011712,2.656922,2.933674,3.09736,2.538749,1.7025812,2.5017948,3.3840747,2.6284428,2.7694101,3.2955558,1.853698,1.8035079,2.3604918,1.8704468,2.8623123,2.8635104,0.80362284,0.81188583,0.3958101,0.0,0.76461774,0.7739972,2.2640834,2.2789237,2.3751314,2.369513,2.7073567,2.3768673,2.3594742,2.4428413,2.1158445,3.6466734,3.2634604,3.1775506,2.2015665,3.2164392,2.1444013,2.5946734,2.8611827,2.620986,2.885625,2.9046576,2.5624313,2.4998116,2.178354,2.415429,1.8099155,1.8194773,1.838474,1.8081207,1.9175311,2.0373468,2.8199644,1.8573045,3.965015,2.8501627,3.0019546,3.0019546,2.8175418,2.8872726,3.691241,3.8188987,4.7353134,4.668133,3.0323362,2.9210413,3.6564531,3.3895748,2.8356874,2.8778594,3.8881688,3.2688699,3.7266283,2.928364,3.2173297,2.8871906,3.131026,3.1058624,2.8291016,3.1930146,3.664172,3.0467825,2.9375021,3.6198902,2.6961246,3.2199523,4.7034297,3.5357347,3.6629198,3.5182478,4.3049483,4.160432,4.749183,4.682189,2.5604234,2.5604234,2.654073,2.6681132,2.290879,2.670529,2.3156784,2.1194384,2.755339,3.2565958,2.78679,2.8433828,2.7544339,2.8909416,3.45418,2.802792,2.7797034,2.731098,2.5628064,3.2875645,3.0984259,3.1204264,3.060027,3.0009778
30,2.4977605,1.8993559,3.142168,2.3700128,2.2412593,2.146119,2.1143506,2.1479406,3.2358766,2.6014137,2.5189025,2.5843017,3.1714308,2.4973516,1.5726362,2.4702249,3.181112,2.5690427,2.5993793,3.2177153,1.6566986,1.6055045,2.2713072,1.6833472,2.6867974,2.686587,0.73853534,0.62622225,0.6555733,0.76461774,0.0,0.03710408,2.0097744,2.0086849,2.1403503,2.1261978,2.938284,2.738607,2.5640736,2.6614969,1.9692394,3.4928668,3.171992,3.0776062,2.0320535,3.0560122,2.0316894,2.525647,2.6669734,2.641047,2.898668,2.9217405,2.4006705,2.4340346,1.9925584,2.303949,1.6228229,1.643705,1.6588994,1.6368589,1.6600723,1.827241,2.613217,1.47989,4.0217066,2.716381,2.9070616,2.9070616,3.085857,2.9334111,3.5228822,3.6904194,4.6551123,4.5807114,2.99682,3.004817,3.59439,3.4365416,2.6852803,2.737923,3.5941958,2.9567397,3.4277859,2.69418,2.9676883,2.7343447,2.857987,2.859643,2.6871984,2.9879317,3.5415869,3.0110056,2.9308927,3.5653226,2.7122226,3.2338505,4.492972,3.2757192,3.3780403,3.229531,4.229848,4.0863786,4.6288776,4.4652677,2.5747406,2.5747406,2.618534,2.6330876,2.3405747,2.6844282,2.27254,2.139608,2.6993184,3.3931324,2.6333709,2.7166753,2.6271777,2.8044777,3.3526115,2.7183316,2.742301,2.7018068,2.393409,3.1406913,3.0513053,3.0957732,3.017104,3.0002966
