,0,1,2,3,4,5,6,7,8,9,10,11,12,13,14,15,16,17,18,19,20,21,22,23,24,25,26,27,28,29,30,31,32,33,34,35,36,37,38,39,40,41,42,43,44,45,46,47,48,49,50,51,52,53,54,55,56,57,58,59,60,61,62,63,64,65,66,67,68,69,70,71,72,73,74,75,76,77,78,79,80,81,82,83,84,85,86,87,88,89,90,91,92,93,94,95,96,97,98,99,100,101,102,103,104,105,106,107,108,109,110,111,112,113,114,115,116,117,118,119,120,121,122,123,124,125,126,127
0,0.0,2.4138849,3.6758358,2.5220623,3.260259,3.98409,3.114859,3.0213451,3.1751564,2.5831888,2.6342952,2.5096805,2.6371078,2.7067204,3.2228982,3.2203636,3.276993,3.2397342,4.1935496,3.7541943,3.249955,3.6261816,3.8655305,3.7661736,3.1529262,3.2945073,2.9195442,2.9301093,3.1014633,3.1684237,3.6463902,3.6114788,3.4883065,3.6830924,3.8289084,3.8474944,3.0813673,3.3145723,2.920738,2.997047,2.8666186,2.6018722,2.9484012,2.9488647,2.8379462,2.9409978,1.9213282,2.2752554,3.2301276,3.3257418,3.4926465,3.2146363,3.8890834,3.3288214,3.5324697,3.661353,4.1574173,3.5005233,3.5406866,3.3201437,3.90154,3.71662,3.6820095,3.828127,2.9959695,3.0700445,2.9364367,3.0686638,3.8783643,3.0723162,3.57425,2.781964,3.3260643,3.892994,3.658258,3.600526,3.0198648,3.984401,2.9106016,2.95269,3.7330594,3.398064,4.0599713,3.4998674,3.3394969,3.3654587,3.7288244,3.7586493,4.0728574,4.1568127,4.153431,4.1486974,2.9185174,3.7668903,4.1385493,4.056487,3.3510432,3.2812464,3.2617927,3.3063796,3.7972689,3.7076728,3.7425241,4.159196,3.2402346,3.7577996,3.0512044,3.3242404,3.236338,3.3340983,3.2262988,3.2837484,2.8218324,2.7757826,2.7537012,2.7197363,3.4419453,2.9259684,3.576005,3.0777283,3.5263436,3.6374087,4.1168985,3.5664468,2.9261565,2.9396732,3.3665676,3.8645046
1,2.4138849,0.0,3.274938,1.8413281,2.8754902,2.6537821,2.0114179,2.0471096,2.0655165,2.0960705,1.6647379,2.4688027,2.2243936,2.2852328,2.8635986,2.74126,2.4231505,2.3809025,3.601019,3.6685796,3.2605183,3.4334798,3.300155,3.2173967,2.4046633,2.708383,2.1381068,2.3024576,2.6427875,2.7353573,2.209793,2.2487974,1.6554773,2.2021277,2.2107978,2.2206125,1.2937509,2.0644853,1.2039286,1.9069339,1.7656052,1.3115332,1.4017302,1.3337175,1.3645473,1.4396125,1.5467094,1.93378,1.9692616,1.9881474,2.1081636,1.4136741,2.3525262,1.9297212,2.4265473,2.5384398,2.2900646,1.9388993,2.202273,1.5399202,2.7087884,2.8400297,2.2487135,2.5351148,1.9599773,2.106937,2.021887,2.0301034,2.9928203,2.467886,2.57527,2.257145,3.0393658,2.789417,2.6594882,2.5703557,2.4324918,2.8480937,2.282038,2.3413768,3.1397285,2.8046265,3.074353,2.800214,2.3450515,2.3867145,2.895238,2.9364564,2.6567845,2.8378127,2.8438168,2.8565314,2.2922661,2.6514027,2.9359376,2.8666003,2.8961112,2.8737464,2.8610902,2.8592849,2.804755,2.81747,2.8110757,3.6188073,1.8473449,2.0992267,1.951351,2.0196483,1.9971596,2.2288842,1.7668988,2.1837397,1.6576709,1.6884712,1.9784284,1.9408468,2.03657,1.6352662,2.1318157,1.8295567,2.3794806,2.8582375,2.7937484,2.753009,2.2898343,2.2870746,2.3196895,2.4981318
2,3.6758358,3.274938,0.0,2.7091644,4.297687,3.8162875,2.7992601,2.8362532,2.6362183,2.4132762,2.8238297,2.8376844,2.7038093,2.7269073,2.9381158,2.8110383,3.1246865,3.1158998,4.6212955,4.2323112,3.290803,3.7021365,3.091583,3.0120893,2.44278,2.5514257,2.2489123,2.258277,2.6730556,3.220969,3.2177165,3.0390916,3.6764445,3.052684,4.1470456,4.396294,2.888973,2.8137121,2.9675121,3.1974137,3.5500016,3.6662464,3.719173,3.7445917,3.3411908,3.1683297,3.0661137,3.235778,3.3501415,3.2925267,3.3843544,3.1507041,3.2454972,2.5467358,3.3543477,3.5764768,3.6068695,2.7086015,2.6776495,2.7468674,3.3840168,3.539179,3.0959592,3.8517408,3.2805204,3.3506713,3.2968829,3.3084867,3.8159778,3.5940614,4.248565,3.6134956,3.848434,3.7484202,3.7057605,3.701821,3.6825323,3.046379,3.5956423,3.6244364,3.5036974,3.2473052,3.7895882,3.200845,2.9781468,2.9781206,3.1536589,3.173128,3.708278,3.8270073,3.8872957,3.878925,3.363734,3.7141976,3.849065,3.8555882,3.7026486,3.6694863,3.6480515,3.652553,3.647361,3.620396,3.6502795,3.4408813,2.9097488,3.3094256,3.113441,3.0040636,3.0949075,3.1886532,3.2232335,3.1848702,3.5258768,3.578326,3.5796058,3.5593524,3.4833765,3.2484546,3.5942676,3.404233,3.2479157,4.00833,3.5301123,3.2242804,3.4873934,3.4473994,3.6526608,3.7338178
3,2.5220623,1.8413281,2.7091644,0.0,3.2660398,2.7504044,1.8973035,1.9013569,2.0051515,1.601266,2.4539385,2.8606677,1.8990512,1.9545727,2.167703,2.0524552,3.0313666,2.986336,4.2155933,3.7502007,3.3120189,3.625092,3.1058414,3.0262244,2.4649982,2.5350888,2.2200534,2.2355466,2.5344565,2.67692,2.1160772,2.3328378,2.7293754,2.882655,3.1104069,3.0098274,1.5513448,2.3429184,1.6601273,2.2413278,2.5515282,2.0096793,2.1354856,2.191849,2.2785258,2.1426806,1.692842,2.006293,2.1247323,2.1329992,2.4464567,2.0081215,3.0637574,2.3093767,2.8717124,3.0328684,3.236369,2.3279026,2.3427713,1.8881454,2.855614,3.0414991,2.4935815,2.685736,2.7635412,2.8765552,2.8681898,2.901442,3.1522071,2.9230895,3.5904999,2.8475475,3.2269158,3.0941734,3.0034196,2.9924986,2.9226809,3.0367863,2.872364,2.8550663,3.539241,3.3185194,3.87726,3.270277,3.0540547,3.0968146,3.28488,3.3048928,3.4018228,3.4850874,3.3910773,3.3716805,2.9444757,3.4663439,3.649609,3.6620169,3.200331,3.171395,3.1488683,3.1626794,3.1300623,3.1491911,3.158359,4.012322,2.0645962,2.7819219,2.3655517,2.203812,2.2853153,2.4091554,2.4282591,2.3822205,1.8532604,1.8456926,2.4099488,2.386162,2.1581259,1.8981818,2.4423716,1.8066813,2.5472896,2.9471571,2.9097533,2.5660372,2.7340255,2.7304542,2.7188284,2.6045856
4,3.260259,2.8754902,4.297687,3.2660398,0.0,2.5217834,2.7763524,2.6178222,3.4296043,3.1950529,3.0253556,3.6729536,3.4285688,3.44536,3.5573835,3.4570332,3.423648,3.4226718,3.9723723,4.287871,4.506292,4.7813535,4.5685806,4.5310035,3.8564177,4.1262155,3.8286355,3.6286383,4.0465126,4.1053834,4.1554623,4.438523,3.7570467,3.9860551,4.1793175,4.0837426,3.2538064,3.4441633,3.4252672,3.2750847,3.7117388,2.957778,3.0494096,3.0553079,3.1629574,3.4424784,2.6166658,2.8497672,3.8756344,3.8050768,3.6578822,3.4967265,3.4091165,3.113983,3.7809312,3.8995914,3.2105868,3.458761,3.3916633,3.587486,3.5493634,3.6089022,3.4160755,3.6710634,3.0242307,3.0663145,3.0847924,3.143741,3.4055336,2.71883,2.7442837,3.1990495,3.4858553,3.4119627,3.0983057,3.088087,2.7650888,3.8761637,2.7699423,2.7203305,4.035515,3.7777843,4.4161806,3.7042809,3.7694526,3.811616,3.808872,3.860642,3.6903276,3.7377598,3.696068,3.673653,2.9178843,3.737663,4.0040946,3.869784,3.9645455,3.9220302,3.920632,3.9286377,4.095324,4.0972366,4.1067758,5.163974,2.6490781,2.527866,2.6187406,2.8673267,2.3762004,2.6591105,2.551764,2.468526,2.9692292,2.802225,2.6530676,2.697096,3.1525855,2.907714,3.268277,2.4298043,2.546734,2.5195541,3.0353427,3.01212,2.4114392,2.4679298,2.8350806,2.9321616
5,3.98409,2.6537821,3.8162875,2.7504044,2.5217834,0.0,2.3981025,2.3275886,2.3296213,2.638008,2.8217063,3.4363708,2.858303,2.8537483,2.9969327,2.8401453,3.3553886,3.348167,3.985158,3.9766066,4.1898565,4.3467746,3.680213,3.646368,2.969265,3.2278242,2.9549446,2.915529,3.342365,3.456434,2.8506534,3.4223976,2.7877634,3.1053715,3.310905,3.1571887,2.5430675,2.8006496,2.704488,3.1245735,3.5863504,2.8593743,2.5421703,2.5728061,2.8492997,2.9991643,3.0232813,3.2169945,3.296107,3.1978045,2.8825808,2.7960804,2.7752082,2.3300433,3.3426683,3.439218,2.8449554,2.4283688,2.6525202,2.70811,2.5827851,2.9783778,2.381051,2.6997485,2.6933568,2.7819154,2.9528499,2.8590465,2.74325,2.3673081,3.2152643,3.0345058,2.8253796,2.5033822,2.2711773,2.356808,2.5556457,3.010518,2.6673722,2.513319,3.8880749,3.6808467,3.8275492,3.4981427,3.408421,3.467835,3.4438293,3.4767244,2.5537415,2.6450453,2.5393534,2.5271845,2.8922272,2.9901037,3.091362,3.0496984,4.0162616,4.006854,4.0122037,4.010371,3.6673484,3.756871,3.78343,5.133046,1.7206923,2.1442742,1.9331291,1.752173,1.7936105,2.1906872,2.1885154,1.9898548,2.6015804,2.5856557,2.4816976,2.4998484,2.4641619,2.4053094,2.5064547,1.9294097,2.1151392,2.1934073,2.632597,2.6483963,2.7377994,2.7120986,3.057946,2.499621
6,3.114859,2.0114179,2.7992601,1.8973035,2.7763524,2.3981025,0.0,0.47605988,1.7573599,1.5481244,2.035181,3.0154328,1.744841,1.7844027,2.6634498,2.5476494,2.793424,2.7882097,3.5499654,3.6629493,3.2210994,3.6265943,3.0966213,3.0231335,2.3774984,2.4068768,2.321769,2.192853,2.9202256,2.990732,2.7027054,2.8224468,2.835185,3.0327928,3.1423967,3.0522637,1.8402706,1.3426594,2.0282557,2.5560265,2.4792721,2.0663452,2.4239461,2.442195,2.5228975,2.244812,2.1382923,2.3403642,2.6834888,2.6448753,2.4064286,1.9121076,2.3897011,1.683351,2.246895,2.3405597,2.2980766,1.8961948,1.9695841,2.008618,2.1354768,2.373867,1.5770621,2.0002315,2.2044423,2.3539138,2.3442004,2.3546932,3.0615175,2.7584126,2.8019638,2.4880815,3.4006736,2.6993883,2.838414,2.7929344,2.6905527,2.858899,2.4773407,2.6385884,3.5399735,3.0711877,3.636987,3.0793836,2.7519407,2.805685,3.07576,3.128153,2.9366028,3.1394851,3.224717,3.2234507,2.6877706,3.2744482,3.2130637,3.2760587,2.3528216,2.3256912,2.3076203,2.295088,2.2505457,2.326171,2.310958,3.4176705,1.686468,1.994516,2.0501819,1.9401435,1.8346363,2.1450384,1.6829439,2.107909,1.9301654,2.0053015,2.0849552,2.0856645,2.4555745,2.5351043,3.0604599,2.1877403,1.890777,2.5330117,2.424162,2.3613691,2.2444065,2.3162394,2.7020779,2.5019977
7,3.0213451,2.0471096,2.8362532,1.9013569,2.6178222,2.3275886,0.47605988,0.0,1.7203068,1.5017632,2.093074,3.0715466,1.7491966,1.8047782,2.693975,2.5806367,2.769298,2.7657857,3.5427155,3.666416,3.2657926,3.7291162,3.138884,3.0740721,2.358379,2.4320188,2.3313882,2.2042708,2.848959,2.9131765,2.8706028,3.0235853,2.8209274,3.0268307,3.1241875,2.9630098,1.968345,1.6240352,2.05858,2.7092948,2.7418416,2.1932554,2.4667253,2.4849083,2.658363,2.2324183,2.0742536,2.3139987,2.6224983,2.5960863,2.3184905,1.9111913,2.3343627,1.5906305,2.322177,2.406524,2.3325522,1.956407,1.9844136,2.080153,2.15728,2.2233808,1.6467298,2.0531263,2.27149,2.4053035,2.3815498,2.4259336,2.9734685,2.6492884,2.806066,2.5510154,3.3157763,2.572434,2.683117,2.6417668,2.631978,2.8577025,2.438847,2.5812197,3.5363214,3.0794218,3.6640646,3.0592988,2.819096,2.8703954,3.0518193,3.102036,2.9826574,3.1759372,3.2235606,3.2145846,2.628507,3.227251,3.1661463,3.2412472,2.528397,2.5057404,2.4878755,2.4776173,2.5648217,2.6534908,2.6325586,3.578216,1.6547198,1.9606818,2.0117314,1.8815022,1.6123408,1.9767306,1.5428547,1.894182,2.0030913,1.8886503,1.9484051,1.9754695,2.4215002,2.560211,3.0963883,2.2477434,1.9436828,2.5875802,2.501153,2.2748227,2.2143707,2.2998397,2.763731,2.4843886
8,3.1751564,2.0655165,2.6362183,2.0051515,3.4296043,2.3296213,1.7573599,1.7203068,0.0,0.9990601,1.6500677,2.2900355,1.8322232,1.8942281,2.4140685,2.1619916,2.569681,2.5381207,3.551298,3.3024004,2.9511306,3.3383029,2.59187,2.5208232,1.9245173,1.9249501,1.4146168,1.472641,2.0173032,2.2589998,2.2480376,2.41188,2.0316212,2.3990014,2.8943238,2.3576741,1.6585634,1.7073599,1.499816,2.4829466,2.5695796,2.347171,2.3691049,2.3775938,2.2450354,1.9619229,2.1868694,2.4600947,2.2070653,2.1603293,2.1415107,1.7859371,2.310647,1.481846,2.2802124,2.5399766,2.592281,1.5033007,2.0662282,1.7884988,2.7340822,2.8487866,1.8508582,2.1635725,2.3606093,2.5949907,2.5922105,2.5118349,3.1091504,3.010957,3.6216996,2.9895208,3.3477368,3.023917,3.0292692,2.9819338,3.0991628,3.0075233,2.9724317,3.0230222,3.5228763,3.3540535,3.5281682,3.3068757,2.7845874,2.8316245,3.2884326,3.325673,2.9532113,3.1757565,3.2346404,3.2489896,2.9749637,3.0857959,3.2261062,3.2110493,3.018845,2.9963236,2.93838,2.9089222,2.7869287,2.8043454,2.8277113,3.6042871,1.4469486,2.2299666,1.7547032,1.4823512,1.801348,1.8617115,1.912238,2.009562,2.3407643,2.268962,1.9630806,1.9040619,2.439499,2.33217,2.741034,2.4450383,2.1578026,2.7457438,2.7015455,2.3047507,2.648826,2.6518934,3.0421453,2.774648
9,2.5831888,2.0960705,2.4132762,1.601266,3.1950529,2.638008,1.5481244,1.5017632,0.9990601,0.0,1.7567253,2.2351894,1.4807655,1.5736967,2.2158644,1.992759,2.666608,2.6258404,3.696936,3.3315315,2.8595421,3.2425618,2.714588,2.6508152,2.055672,2.0500782,1.6008192,1.5872202,2.1612246,2.3733714,2.390627,2.5031571,2.6533704,2.845291,3.2713935,2.948518,1.8031497,1.7661331,1.8150227,2.5086288,2.5266175,2.2642188,2.4465802,2.467306,2.335183,2.0580893,1.689648,2.049305,2.3696656,2.369755,2.307878,1.9622942,2.6095808,1.7319164,2.3984704,2.6155016,2.8741214,1.7892842,2.0869958,1.9746795,2.8566296,2.9488103,2.0759444,2.3795779,2.4202962,2.643639,2.6130931,2.5870497,3.2278857,2.9793143,3.654728,2.9170802,3.3467684,3.2021642,3.1318605,3.0722864,3.0844688,3.137344,2.9234831,3.0084367,3.5591712,3.3253567,3.824705,3.3162458,2.8500648,2.8979192,3.3818614,3.422667,3.365062,3.5577967,3.609166,3.6160553,2.9133728,3.416874,3.583062,3.5725503,2.7743402,2.7302327,2.6595085,2.643137,2.7414517,2.723594,2.7512593,3.5314753,1.5703679,2.4194224,1.7783561,1.6683648,1.9403707,1.9843009,2.0716214,2.094585,2.2286947,2.2037475,1.9228119,1.9128411,2.4827936,2.367841,2.8457625,2.3295953,2.3143191,2.797905,2.8812606,2.433005,2.5680327,2.6093464,3.0207906,2.8759713
10,2.6342952,1.6647379,2.8238297,2.4539385,3.0253556,2.8217063,2.035181,2.093074,1.6500677,1.7567253,0.0,1.6995813,2.2045937,2.2621264,2.753474,2.6165867,2.2280767,2.2042112,3.4783704,3.5768194,2.6285563,2.855623,2.8515275,2.758694,2.3433566,2.3769987,1.9117092,2.093881,2.4373116,2.8113017,2.7435935,2.739674,1.971036,2.1234071,2.8352065,2.7688468,1.8933084,1.6553173,1.6732365,2.1857572,1.7356714,1.9941617,2.3152175,2.2675798,1.7718794,1.8674444,1.9699165,2.2353027,2.4866257,2.442604,2.5336452,2.1052558,2.380947,1.7861174,2.2080927,2.517976,2.5317318,2.0302272,2.4743783,2.093838,2.9944599,3.0934722,2.2344468,2.7476647,2.3226554,2.5511918,2.4610102,2.404459,3.4436693,2.999592,2.9771616,2.6067755,3.5324147,3.330726,3.3111749,3.2385874,2.9111345,3.3457437,2.767405,2.8131752,3.3101063,3.0040548,3.2108965,3.077206,2.7920432,2.8243756,3.1810198,3.2214882,2.9197285,3.0925653,3.2088497,3.2290502,2.675133,2.9173443,3.315727,3.1201622,2.5508611,2.5071387,2.4480085,2.4243667,2.4682238,2.3449717,2.4094727,3.212159,1.9626694,2.2594419,2.026181,2.1532576,2.2702,2.357179,1.8092401,2.3370252,2.3474972,2.4172163,2.0662718,1.9203149,2.5374408,2.2168715,2.9128704,2.463727,2.3849397,2.8550262,2.9848351,2.7981536,2.5151694,2.5381262,2.868675,3.1364636
11,2.5096805,2.4688027,2.8376844,2.8606677,3.6729536,3.4363708,3.0154328,3.0715466,2.2900355,2.2351894,1.6995813,0.0,2.650353,2.6796665,2.9285655,2.7759461,2.9167912,2.8940907,3.9394052,3.2768729,2.832514,3.0285597,3.0484877,2.8735826,2.3231974,2.394609,1.9359889,2.0059352,2.4869955,2.8861156,2.8460252,2.7281651,2.6836176,2.7605765,3.4013474,3.5107958,2.509511,2.7533135,2.4204593,2.3467054,2.3552604,2.7834918,2.814347,2.8156307,1.9389079,2.5588548,2.320859,2.434366,3.1413624,3.0965414,3.2653124,2.961702,3.3047805,2.780071,3.20004,3.5149078,3.5801876,2.6724086,3.1073585,2.8245146,3.6734126,3.8063927,3.0949445,3.4588046,2.415242,2.6270514,2.5570445,2.480966,3.803377,3.1180372,3.7731848,3.0160565,3.1857038,3.8656213,3.678761,3.6387508,3.2124524,3.5092623,3.161274,3.126747,3.5110197,3.2611082,3.4442296,3.297679,2.7696505,2.7905984,3.416375,3.4519885,3.289565,3.446917,3.605298,3.6294222,2.9694927,3.2412944,3.6958733,3.4776719,3.61102,3.5465508,3.4988735,3.502185,3.5211818,3.369119,3.46519,3.8077846,2.6896286,3.247054,2.4697378,2.7106993,3.0046535,3.063032,3.004557,3.103162,2.942256,3.1238995,2.5576353,2.4730349,3.478421,2.6062214,3.1814182,2.9160717,2.954299,3.294413,3.5573432,3.2590065,2.9912634,2.9238963,3.2723427,3.7479823
12,2.6371078,2.2243936,2.7038093,1.8990512,3.4285688,2.858303,1.744841,1.7491966,1.8322232,1.4807655,2.2045937,2.650353,0.0,0.15824974,1.9451975,1.9801228,3.1137164,3.09532,3.754287,3.250282,3.220145,3.3637736,3.2063115,3.1336162,1.9998225,2.1808302,1.8212901,2.0354943,2.4760668,2.4938903,2.7913108,2.7284946,3.0169523,3.2114134,3.5411136,3.1971827,2.2627428,1.6846011,2.2304697,3.1339455,2.607057,2.3509188,2.7562158,2.733039,2.8010938,2.1125052,2.3074756,2.4788897,2.5443313,2.614327,2.636631,2.0706153,2.5990498,1.725716,2.050373,2.1353817,2.9025786,1.7678462,1.6957148,1.8784975,2.2516856,2.2828584,2.0467203,2.3748932,2.231622,2.3139684,2.332169,2.3803291,2.8263116,2.5475907,3.154578,2.143196,2.8580365,2.6196065,2.6302707,2.5625641,2.5251248,2.791467,2.3516364,2.4622211,3.1246927,2.7899966,3.3975697,2.8074965,2.6108243,2.6536245,2.8779068,2.894267,3.0384355,3.1912487,3.2041726,3.1892695,2.56989,3.0965514,3.086787,3.221933,2.3339121,2.3090606,2.3118143,2.3484542,2.459781,2.532675,2.5464349,3.3545125,1.9623396,2.7555428,2.2970836,2.169301,2.160012,2.3351672,2.0445971,2.3845243,2.3993878,2.3290298,2.381861,2.3331542,2.8457983,2.7136588,3.130327,2.7284093,2.8932292,3.3691115,3.4205694,2.991819,2.8912103,2.8676143,3.4087615,3.263866
13,2.7067204,2.2852328,2.7269073,1.9545727,3.44536,2.8537483,1.7844027,1.8047782,1.8942281,1.5736967,2.2621264,2.6796665,0.15824974,0.0,1.887195,1.9378752,3.1502254,3.133755,3.742785,3.210286,3.2629952,3.3958094,3.2386332,3.1647134,2.01775,2.2033055,1.8550422,2.0524397,2.509573,2.5149271,2.821969,2.7555575,3.0735736,3.268282,3.6104333,3.257139,2.3071954,1.7051544,2.2914789,3.158917,2.637147,2.3777773,2.7955587,2.7745774,2.839056,2.1900775,2.393401,2.5468,2.6048868,2.6662216,2.7208269,2.154438,2.6458557,1.7774642,2.070814,2.1663306,2.936994,1.8045155,1.7092701,1.9218241,2.2275286,2.28753,2.0830956,2.397353,2.2298217,2.297504,2.3299737,2.3774815,2.804654,2.5374153,3.144015,2.1081812,2.8232846,2.6100807,2.6248498,2.5650117,2.4943943,2.776912,2.3247268,2.4336944,3.1132376,2.789309,3.3934624,2.80553,2.610347,2.6527598,2.8649943,2.8792922,3.0108206,3.1602144,3.177601,3.1596992,2.587361,3.103795,3.0760539,3.2218285,2.3600078,2.3338735,2.3437881,2.3844788,2.4619393,2.5347698,2.5515573,3.3813753,2.0042422,2.8003228,2.3524213,2.222858,2.2014055,2.3740802,2.0962899,2.44349,2.4326777,2.3781638,2.4473593,2.389183,2.8944228,2.7393143,3.1406476,2.7464688,2.9030635,3.3694987,3.421851,3.0029747,2.9175377,2.8801322,3.4256356,3.292355
14,3.2228982,2.8635986,2.9381158,2.167703,3.5573835,2.9969327,2.6634498,2.693975,2.4140685,2.2158644,2.753474,2.9285655,1.9451975,1.887195,0.0,0.45764393,3.3083715,3.2591317,4.062557,3.3627906,3.4934301,3.4985898,3.2451017,3.1954963,2.9653907,2.5651429,2.3463273,2.451956,2.6689606,2.8078196,3.091809,3.0284157,3.360944,3.4965713,4.4525986,3.654064,2.4691608,2.561004,2.5836415,3.1446123,3.139886,2.6850777,2.891121,2.9152982,3.0477188,2.8848543,2.6261468,2.769375,2.89523,2.8549244,3.5732088,2.9667118,3.39613,2.5101252,2.986949,3.2894847,3.5540826,2.545978,2.3812935,2.41374,2.8642724,3.1134615,2.7815506,2.9488087,2.9853895,3.0293102,3.0934942,3.103407,2.7115352,3.1516201,3.8024065,3.0060396,3.2328508,3.337215,3.2338912,3.1927063,3.0320802,3.2711568,2.9379346,2.9532788,3.1472256,3.5465462,4.075165,3.4797063,3.2872345,3.3167741,3.4661639,3.4630065,3.5023983,3.5709746,3.6025853,3.562423,3.3052578,3.707762,3.8144386,3.848226,3.427534,3.385701,3.384645,3.4216492,3.3254466,3.2941844,3.3372009,4.161047,2.3317597,3.1427643,2.7609963,2.6072419,2.5424526,2.268423,2.6451674,2.7699816,3.036991,3.0189705,3.1556063,3.0698304,2.8164585,2.5619059,3.0933826,2.640042,3.1150057,3.437991,3.474226,3.083056,3.3916545,3.2893813,3.6439772,3.6470022
15,3.2203636,2.74126,2.8110383,2.0524552,3.4570332,2.8401453,2.5476494,2.5806367,2.1619916,1.992759,2.6165867,2.7759461,1.9801228,1.9378752,0.45764393,0.0,3.138089,3.0833533,3.9442878,3.2612233,3.461647,3.527536,3.1481202,3.1028445,2.8583195,2.4977648,2.1756186,2.2124968,2.508402,2.659991,2.8942337,2.8467453,3.1961198,3.3676543,4.3329782,3.505638,2.2487428,2.4625957,2.4088812,2.90691,3.0428615,2.5966177,2.7506936,2.7797,2.8369262,2.77411,2.442882,2.6243007,2.778057,2.7183447,3.4071023,2.8191051,3.255307,2.3895297,2.9289882,3.2483425,3.3795419,2.3548038,2.2764893,2.2870727,2.9345307,3.2090786,2.7004797,2.8610075,2.8527932,2.9298124,2.991898,2.9772065,2.7011778,3.1439705,3.835122,3.0835605,3.254164,3.3670356,3.2331688,3.1839423,3.0825326,3.2038226,2.980838,3.001441,3.1469703,3.5494478,4.0535684,3.4718308,3.1544275,3.1864357,3.4584239,3.4652746,3.47311,3.5634625,3.5993571,3.5697668,3.2656975,3.6609848,3.8025014,3.8144433,3.4500039,3.4067748,3.3909016,3.414581,3.2901864,3.2570739,3.2956414,4.103701,2.086876,2.9261847,2.5131176,2.3483944,2.3569553,2.041409,2.5701084,2.5882647,2.9316554,2.9233627,2.9882245,2.9133365,2.708456,2.4022026,2.8647847,2.4807966,2.8563654,3.2129593,3.2002685,2.8355193,3.2006207,3.1015759,3.424081,3.4054165
16,3.276993,2.4231505,3.1246865,3.0313666,3.423648,3.3553886,2.793424,2.769298,2.569681,2.666608,2.2280767,2.9167912,3.1137164,3.1502254,3.3083715,3.138089,0.0,0.32456514,2.2770224,3.0214396,2.425361,2.8859968,2.8080983,2.786545,2.5146883,2.766404,2.108956,2.1916192,2.5956602,2.6066875,3.1539006,2.9896858,2.6815379,3.1715467,3.477124,3.1160963,2.8004181,2.65811,2.7215915,2.9942446,3.17724,2.2448967,2.4077282,2.3763366,2.855637,3.1543767,2.775474,3.1172895,3.4424913,3.3718462,3.3973918,3.1307635,3.3654683,2.7001138,3.3425574,3.541785,3.00248,2.6748285,2.804264,2.717384,3.403024,3.5326242,3.0599859,3.1700137,2.9574146,3.0102794,2.8650517,2.896231,3.5558088,3.1509979,3.2468004,3.0713832,3.7452939,3.3345983,3.3334177,3.297288,2.9887016,2.9468155,2.845126,2.9003208,3.073463,2.866867,3.0608613,2.8813186,2.8326654,2.8249385,2.95178,2.987281,2.8755352,3.003388,3.2607665,3.2672741,2.6538656,2.8793933,3.1524742,2.984199,3.359993,3.3296418,3.3177373,3.3196073,3.2495217,3.2167332,3.223573,3.167809,2.4148042,2.6267333,2.428149,2.5289981,2.5191061,2.6096172,2.5810714,2.6080701,2.550892,2.638611,2.5396655,2.4286473,2.2869205,2.70942,3.015641,2.911499,2.7218866,3.3551025,3.277136,3.1473174,2.669864,2.6067574,2.9113388,3.4072607
17,3.2397342,2.3809025,3.1158998,2.986336,3.4226718,3.348167,2.7882097,2.7657857,2.5381207,2.6258404,2.2042112,2.8940907,3.09532,3.133755,3.2591317,3.0833533,0.32456514,0.0,2.3133552,3.0427213,2.357026,2.8077424,2.6487381,2.6592882,2.538199,2.7040257,2.0747695,2.1615496,2.4110684,2.438289,3.1452527,2.97175,2.654198,3.1442227,3.4784222,3.0931273,2.7585442,2.6280174,2.6787117,2.9767435,3.1377273,2.2128074,2.3606796,2.3282907,2.8370972,3.1257837,2.7209463,3.1628168,3.3040442,3.2299771,3.2566316,3.0783322,3.2580092,2.6621003,3.2228549,3.4267068,2.9821513,2.640312,2.7744055,2.673935,3.3559966,3.492394,2.9915721,3.103259,2.939171,2.9950874,2.859377,2.8785672,3.515167,3.1462488,3.23684,3.0546312,3.7366605,3.4179118,3.3270252,3.2891736,2.9794466,2.9369094,2.8273587,2.8917956,3.0443616,2.8726976,3.0723805,2.8934503,2.8137257,2.8066797,2.9706252,3.0064063,2.957387,3.0917175,3.2789588,3.288088,2.657252,2.8850062,3.2374547,3.0730963,3.3415744,3.3093588,3.2953339,3.2961879,3.2252052,3.1919591,3.204271,3.1699245,2.3865027,2.6148953,2.401426,2.50289,2.4934285,2.5711691,2.5552845,2.5872097,2.5189881,2.6382172,2.5318418,2.4288917,2.253536,2.555283,2.908496,2.888101,2.7210186,3.3438363,3.1628695,3.0382764,2.672019,2.6239471,3.0188553,3.4893649
18,4.1935496,3.601019,4.6212955,4.2155933,3.9723723,3.985158,3.5499654,3.5427155,3.551298,3.696936,3.4783704,3.9394052,3.754287,3.742785,4.062557,3.9442878,2.2770224,2.3133552,0.0,2.053697,3.3211546,3.7428825,3.703124,3.679083,3.2943263,3.466723,3.1438599,3.012136,3.5256822,2.9977593,4.3207526,4.059575,3.8543093,4.832924,4.559135,3.664588,4.0001154,3.3780735,3.9740021,4.2021575,4.0493145,2.9524531,3.3670595,3.3267674,4.005357,4.2806487,3.977945,4.208969,4.595641,4.5269313,4.4151864,4.199947,4.2631907,3.817493,3.8865113,4.0081167,3.666872,3.506589,3.5749805,3.8605099,3.8518977,3.9656549,3.714331,3.2285006,3.3298662,3.307568,3.2179377,3.254759,3.9590704,3.6003878,3.4098973,3.3408751,4.082656,3.776413,3.8372188,3.7989428,3.3103187,3.4583104,3.1725872,3.2679608,3.5427475,3.292332,3.4112253,3.3631558,3.426041,3.4169548,3.4144294,3.451847,3.3387444,3.4372396,3.7205439,3.7332075,3.1874135,3.391876,3.492448,3.3951879,3.7601776,3.7371862,3.7574449,3.7743552,3.651815,3.6973877,3.6943612,3.6242113,3.313435,3.5403326,3.275451,3.4029593,3.2978036,3.4555357,3.472826,3.4520152,3.2083187,3.3402257,3.01705,2.9041443,3.7270947,3.8812313,4.1125717,4.0295653,3.3404815,3.8440235,3.8679922,3.7990382,3.1895423,3.0974183,3.8362975,4.2906437
19,3.7541943,3.6685796,4.2323112,3.7502007,4.287871,3.9766066,3.6629493,3.666416,3.3024004,3.3315315,3.5768194,3.2768729,3.250282,3.210286,3.3627906,3.2612233,3.0214396,3.0427213,2.053697,0.0,3.3728197,3.7113118,3.5864732,3.4757757,2.7364223,2.961347,2.6516979,2.4735668,3.0848415,2.4841552,3.8767097,3.567098,3.9577394,4.8860135,4.6412416,3.7774382,3.7985194,3.5308678,3.8012865,3.983832,3.9363835,3.0752084,3.3921356,3.3931992,3.757823,4.074675,3.746114,3.8320103,4.3821034,4.3228784,4.417268,4.154953,4.501934,3.9034076,3.9782767,4.182892,4.190899,3.3871717,3.4582896,3.7216291,3.9252183,4.067166,3.8118565,3.2424288,3.1239524,3.1100993,3.0780437,3.1110718,3.8563533,3.4154499,4.0056405,3.2966945,3.403126,3.807813,3.7730613,3.7701151,3.2831798,3.2949662,3.266381,3.2425501,3.501618,3.310304,3.5378313,3.3273375,3.266602,3.2594886,3.3520155,3.3678594,3.4733427,3.5340161,3.7586768,3.7555184,3.271203,3.5212715,3.6465955,3.5865452,4.110017,4.070463,4.080717,4.1164813,3.9937785,4.006577,4.0448303,3.969807,3.3172936,3.9960253,3.2698398,3.3499036,3.410541,3.537557,3.793977,3.5853386,3.1384163,3.2656898,2.9117374,2.7965171,4.042344,3.7041695,3.9244933,3.885485,3.4838054,3.921441,4.0522256,3.7414827,3.4291248,3.2604527,3.9142056,4.3434606
20,3.249955,3.2605183,3.290803,3.3120189,4.506292,4.1898565,3.2210994,3.2657926,2.9511306,2.8595421,2.6285563,2.832514,3.220145,3.2629952,3.4934301,3.461647,2.425361,2.357026,3.3211546,3.3728197,0.0,1.5143294,1.5932035,1.4825388,2.864236,1.996147,2.3815203,2.5681806,2.6222064,2.7984326,3.557933,3.3201978,3.3295276,3.6256256,3.950476,3.7408419,3.43467,2.914402,3.2402802,3.5992436,3.3455896,2.939546,3.1332204,3.1537752,3.5435336,3.7554078,3.3532238,3.6863813,3.881238,3.8536222,3.8747897,3.7715843,4.130106,3.4596055,3.6865447,3.8768964,4.261029,3.4614904,3.6732657,3.4737382,3.5015142,3.6061947,3.1344962,3.1896122,3.5641184,3.6584632,3.5321338,3.5337636,4.158191,3.8106098,4.018167,3.3263633,4.0806274,4.0917554,4.1411963,4.1257114,3.5444636,3.6358151,3.4165394,3.4763324,3.6407874,3.40041,3.5393045,3.5320714,3.6025577,3.604219,3.6060174,3.6243308,3.5751038,3.676716,3.8810625,3.8993008,3.3774962,3.570731,3.8939009,3.7163157,3.3835716,3.3387747,3.3234005,3.3484163,3.3355696,3.226642,3.3120186,3.261999,3.3810127,3.8757036,3.267784,3.376333,3.5746808,3.6132882,3.4217155,3.589958,3.1051435,3.4663484,3.187429,3.090572,3.2678902,3.320092,4.250625,3.7019968,3.5639155,3.993151,4.132815,3.7877498,3.5585833,3.5715585,4.263392,4.717457
21,3.6261816,3.4334798,3.7021365,3.625092,4.7813535,4.3467746,3.6265943,3.7291162,3.3383029,3.2425618,2.855623,3.0285597,3.3637736,3.3958094,3.4985898,3.527536,2.8859968,2.8077424,3.7428825,3.7113118,1.5143294,0.0,2.0456724,1.989623,3.1435394,2.4173672,2.684069,3.2056253,3.133059,3.3111846,3.4640813,3.1518137,3.5284116,3.8729625,4.1035433,3.9743865,3.5848136,3.1561272,3.5051055,4.075267,3.4268584,3.0188954,3.0927079,3.072681,3.6065433,3.7103763,3.569016,3.8458438,4.070971,4.0485888,4.0802283,3.8780518,4.2821116,3.6174934,3.8700633,4.0417337,4.2977877,3.4542646,3.6010437,3.389168,3.5947146,3.888796,3.2222683,3.263672,3.8400548,3.9460785,3.850738,3.8149688,4.3919435,3.9976168,4.2388086,3.6182044,4.2447553,4.2830095,4.2483983,4.2140436,3.8211975,3.791235,3.711691,3.732812,3.8639073,3.6753528,3.8057225,3.7707572,3.924256,3.922921,3.9115841,3.9120874,3.7020502,3.8027866,4.0530314,4.0638247,3.6636975,3.8124814,4.15786,3.9438546,3.71426,3.6775246,3.657918,3.684785,3.5327315,3.4019625,3.5154018,3.6685326,3.4832172,4.0177164,3.432246,3.542122,3.8516178,3.8721263,3.4905972,3.8685024,3.260851,3.6967287,3.3839364,3.3085892,3.1936915,3.3611476,4.2242565,3.722565,4.227101,4.6233616,4.716818,4.583279,4.302934,4.304837,4.804683,5.211552
22,3.8655305,3.300155,3.091583,3.1058414,4.5685806,3.680213,3.0966213,3.138884,2.59187,2.714588,2.8515275,3.0484877,3.2063115,3.2386332,3.2451017,3.1481202,2.8080983,2.6487381,3.703124,3.5864732,1.5932035,2.0456724,0.0,0.38048285,2.7277312,1.5616748,2.2190104,2.4146585,2.1100426,2.4247565,3.1391733,3.014042,3.1265824,3.3824365,3.767525,3.509828,3.1041226,2.893972,3.008185,3.584914,3.5957565,3.1372993,2.9776008,3.0250924,3.4986126,3.5982673,3.4143016,3.9017265,3.398452,3.3122523,3.2719784,3.4537833,3.6387653,3.130718,3.4651766,3.672726,3.9855118,3.0675905,3.317519,3.1124637,3.0595489,3.3394616,2.5920186,2.6925101,3.4983473,3.6071482,3.5751681,3.503766,3.8446033,3.7244725,4.214149,3.5968297,3.9065332,4.0015926,3.8401277,3.8581607,3.6055415,3.2514772,3.5217586,3.5463486,3.762738,3.6495683,3.6902277,3.6583548,3.5571752,3.5675595,3.6278784,3.6427934,3.49597,3.6415877,3.6682239,3.6841395,3.5572104,3.5500746,3.9104252,3.7973602,3.8839388,3.8528473,3.8335998,3.839912,3.5920057,3.5553381,3.6422176,3.8406649,3.032353,3.5980566,3.0545354,2.9877398,3.2472613,3.304088,3.2465756,3.3392997,3.0427675,3.422747,3.1591885,3.1275685,3.0340948,2.8335032,3.7537882,3.4190924,3.3699625,3.8772166,3.5596323,3.3198526,3.730565,3.7486537,4.470088,4.6160707
23,3.7661736,3.2173967,3.0120893,3.0262244,4.5310035,3.646368,3.0231335,3.0740721,2.5208232,2.6508152,2.758694,2.8735826,3.1336162,3.1647134,3.1954963,3.1028445,2.786545,2.6592882,3.679083,3.4757757,1.4825388,1.989623,0.38048285,0.0,2.5914836,1.3487673,2.1087306,2.2977786,2.1750798,2.4770348,3.0168571,2.8707178,3.0200076,3.2927318,3.6467028,3.4210734,2.9959116,2.8431966,2.898975,3.4391365,3.476144,3.0581641,2.8845875,2.9385443,3.3537087,3.4999883,3.3267915,3.7299762,3.4125204,3.3270264,3.31905,3.3930142,3.6731746,3.1104498,3.5076935,3.7223322,3.9585972,3.0195172,3.2884016,3.0544996,3.0156956,3.2956097,2.5429718,2.6330426,3.3739045,3.4889035,3.4457388,3.3793595,3.8045063,3.6419706,4.1530538,3.5142653,3.7924943,3.8870976,3.7932003,3.8096468,3.5306623,3.1715298,3.455949,3.4699352,3.6993995,3.5604057,3.5900433,3.5660827,3.451603,3.4618506,3.5264647,3.542053,3.3475082,3.4926496,3.57764,3.5935676,3.4722779,3.4656155,3.7798471,3.6542823,3.8617601,3.829564,3.8110597,3.8190022,3.5704918,3.5267987,3.6138332,3.7827873,2.9965982,3.5646007,2.995612,2.941647,3.212401,3.2794032,3.2111583,3.3073723,2.9610732,3.3438938,3.0638301,3.0314746,3.0438015,2.8345287,3.778142,3.3412144,3.2821763,3.811606,3.5735066,3.328902,3.648432,3.655906,4.3285427,4.50829
24,3.1529262,2.4046633,2.44278,2.4649982,3.8564177,2.969265,2.3774984,2.358379,1.9245173,2.055672,2.3433566,2.3231974,1.9998225,2.01775,2.9653907,2.8583195,2.5146883,2.538199,3.2943263,2.7364223,2.864236,3.1435394,2.7277312,2.5914836,0.0,1.8470979,1.2257094,1.5259699,2.134434,2.1690087,2.3543313,2.2615366,2.6995676,3.0364513,2.7524734,3.0298445,2.4675016,2.419645,2.3843813,3.079814,3.0588803,2.624361,2.6209192,2.6182148,2.6562426,2.420631,2.7774513,2.9187157,2.9242907,2.8896878,2.595557,2.480152,2.8997762,2.179035,2.8580673,3.01008,3.0459788,1.8961393,2.0835497,2.1077006,2.7012544,2.8344505,2.437653,2.6503842,2.3173769,2.381418,2.342241,2.3592434,3.436847,2.4944353,3.4396431,2.637515,2.6736116,2.6557603,2.6067924,2.6612375,2.6535985,2.1589031,2.6527472,2.5953796,3.316304,2.5350266,2.7446566,2.4659407,2.322909,2.3303897,2.439778,2.4534018,2.4464316,2.6327806,2.758113,2.7474523,2.4795496,2.5787292,2.637656,2.6805117,3.4341643,3.4129772,3.412622,3.4286423,3.2942522,3.3422284,3.3846588,3.4333525,2.2478423,2.9373522,2.3614342,2.260978,2.4175425,2.871511,2.5540307,2.6368973,2.1837845,2.2166123,2.0733988,2.0168333,2.9241588,2.6703966,2.8710015,2.8423204,2.8816319,3.5888171,3.391376,3.0792503,3.036672,2.9436603,3.3073547,3.3737862
25,3.2945073,2.708383,2.5514257,2.5350888,4.1262155,3.2278242,2.4068768,2.4320188,1.9249501,2.0500782,2.3769987,2.394609,2.1808302,2.2033055,2.5651429,2.4977648,2.766404,2.7040257,3.466723,2.961347,1.996147,2.4173672,1.5616748,1.3487673,1.8470979,0.0,1.3549833,1.5792739,1.9427532,2.1142864,2.7180517,2.436128,2.6659126,2.98887,3.3873658,2.9627755,2.4598398,2.2503693,2.367875,3.1218057,3.0459979,2.7325594,2.6249115,2.656006,2.9227371,2.777799,2.816957,3.0455298,2.9776745,2.9369602,2.9602413,2.6801562,3.0571885,2.381907,2.9171302,3.0910707,3.3085802,2.208459,2.4360247,2.3618317,2.2902017,2.4611523,1.8795907,2.0672147,2.4546356,2.5609415,2.5137517,2.482111,3.0010602,2.8955271,3.5579088,2.7949464,2.9998963,3.0150812,3.0316298,3.0001254,2.8696516,2.433263,2.759025,2.8095856,2.9942646,2.8474298,3.0153222,2.817122,2.5721772,2.5874662,2.757266,2.7769103,2.728898,2.9127717,3.0559893,3.0683956,2.7723153,2.860197,2.9641569,2.9399405,3.3407593,3.3163157,3.3111308,3.3274786,3.165525,3.187314,3.240204,3.3303413,2.3852525,3.0185134,2.4381943,2.3404517,2.5126944,2.6208873,2.5773041,2.694816,2.6745226,2.8846786,2.5767784,2.580602,3.0034966,2.7066555,3.5444846,3.0659385,2.866727,3.561067,3.346694,2.9990313,3.1277595,3.105282,3.8260765,3.8968127
26,2.9195442,2.1381068,2.2489123,2.2200534,3.8286355,2.9549446,2.321769,2.3313882,1.4146168,1.6008192,1.9117092,1.9359889,1.8212901,1.8550422,2.3463273,2.1756186,2.108956,2.0747695,3.1438599,2.6516979,2.3815203,2.684069,2.2190104,2.1087306,1.2257094,1.3549833,0.0,0.89920425,1.5559486,1.7097598,2.210534,1.9416761,2.2554767,2.6284618,3.0841744,2.695982,2.0528948,2.0316782,1.9393957,2.7177472,2.6977296,2.3356311,2.3067145,2.2987614,2.3717334,2.256836,2.374872,2.6439059,2.5764403,2.5546215,2.6141427,2.2382617,2.70709,1.8992646,2.596371,2.807372,2.8848782,1.5817178,1.9172556,1.785521,2.6506622,2.7973347,2.1832466,2.4286478,2.132873,2.2560878,2.1959445,2.1628351,2.9530277,2.647724,3.479401,2.618706,2.8256474,2.850349,2.7776587,2.73186,2.7169368,2.2958798,2.5913873,2.6348448,2.8083806,2.6158,2.7950072,2.570715,2.0803568,2.0941982,2.5838344,2.6075282,2.557677,2.7691193,2.923752,2.9362943,2.4728007,2.5768094,2.746205,2.7363472,3.1505027,3.1223145,3.1029422,3.111496,2.9710667,2.9815428,3.0163052,3.0997012,1.8519722,2.6394708,1.9500687,1.851124,2.1369088,2.2418754,2.3196251,2.3523788,2.3872752,2.4754317,2.2240994,2.1711607,2.5930634,2.3609624,2.7427676,2.717508,2.6547244,3.3487382,3.1786816,2.813461,2.804722,2.7228127,3.2159371,3.3211539
27,2.9301093,2.3024576,2.258277,2.2355466,3.6286383,2.915529,2.192853,2.2042708,1.472641,1.5872202,2.093881,2.0059352,2.0354943,2.0524397,2.451956,2.2124968,2.1916192,2.1615496,3.012136,2.4735668,2.5681806,3.2056253,2.4146585,2.2977786,1.5259699,1.5792739,0.89920425,0.0,1.6352602,1.7025869,2.4855275,2.3031538,2.5408545,2.8849378,3.3667817,2.9321368,2.1302,2.1024225,2.1001923,2.408038,2.7753093,2.454685,2.5202017,2.5501893,2.4267323,2.6237292,2.3800888,2.663343,2.778793,2.7248275,2.7892156,2.4928868,2.8471987,2.1558483,2.7165773,2.950784,3.005924,1.9106691,2.2419937,2.223865,2.8245747,2.9587212,2.3888116,2.5716248,1.9653393,2.0837605,2.040448,2.009036,2.9294832,2.6779492,3.4679208,2.6233573,2.842434,3.0132048,2.9389706,2.9086547,2.7038243,2.419808,2.5634756,2.6432025,2.8890362,2.7188501,2.9776351,2.691409,1.9735082,1.997722,2.6601727,2.7056987,2.728362,2.9360328,3.0655577,3.0848455,2.510977,2.7626712,2.909496,2.9190938,3.1828392,3.1410863,3.1231058,3.1285408,3.013533,3.023203,3.0460854,3.1735048,1.9549521,2.666273,1.973131,1.9299448,2.1339507,2.226041,2.566145,2.3916445,2.4623413,2.5765433,2.3037019,2.2526789,2.9239447,2.4775538,2.828413,2.7430093,2.1226625,2.8395848,2.675798,2.230346,2.2981026,2.192423,2.8375392,3.0056298
28,3.1014633,2.6427875,2.6730556,2.5344565,4.0465126,3.342365,2.9202256,2.848959,2.0173032,2.1612246,2.4373116,2.4869955,2.4760668,2.509573,2.6689606,2.508402,2.5956602,2.4110684,3.5256822,3.0848415,2.6222064,3.133059,2.1100426,2.1750798,2.134434,1.9427532,1.5559486,1.6352602,0.0,0.9508237,3.1002805,2.9511712,2.695132,2.9573536,3.547812,3.0489013,2.662619,2.6568208,2.3855672,3.1002967,3.1795292,2.8739636,2.9291503,2.926183,3.014179,2.8498743,2.7912724,3.4292314,2.2942922,2.2479026,2.4290571,2.7604918,2.7575598,2.427128,2.4990678,2.77136,3.4460504,2.4172845,2.650676,2.5032907,3.1233366,3.0993402,2.7284818,2.9369283,2.863879,2.936825,2.9185865,2.8897233,3.2491477,3.1151187,3.783804,3.0075665,3.2656884,3.6356814,3.2319121,3.2299993,3.0617633,2.9074974,3.0163982,3.003306,3.0574896,2.9841805,3.131749,2.981955,2.8015223,2.807313,2.9726322,2.984237,3.4243457,3.5372968,3.287042,3.2949727,2.9269314,2.9297333,3.5207908,3.4790344,3.5111055,3.4834328,3.4650416,3.4733253,3.4512873,3.4682508,3.5167472,3.541663,2.534495,3.2069972,2.6450346,2.5385377,2.5868516,2.6741347,2.8148663,2.6793642,2.8342228,2.851253,2.7395697,2.6579583,3.0690963,2.248969,2.8290288,3.2409074,2.987272,3.560621,2.9982712,2.3774178,3.0665114,3.0313692,3.8253226,3.899176
29,3.1684237,2.7353573,3.220969,2.67692,4.1053834,3.456434,2.990732,2.9131765,2.2589998,2.3733714,2.8113017,2.8861156,2.4938903,2.5149271,2.8078196,2.659991,2.6066875,2.438289,2.9977593,2.4841552,2.7984326,3.3111846,2.4247565,2.4770348,2.1690087,2.1142864,1.7097598,1.7025869,0.9508237,0.0,3.2332053,3.0057445,2.915131,3.5507548,3.702615,2.8980577,2.8681276,2.7744243,2.64141,3.3686893,3.3457057,2.7234373,2.879256,2.867476,3.2329717,3.0628142,2.9526186,3.5483437,2.6000602,2.579041,2.6797338,2.9082568,3.0594945,2.7248898,2.6285605,2.8230665,3.4823658,2.4981363,2.6524165,2.6380043,3.1439767,3.1043313,2.85632,2.7057517,2.8078928,2.8395798,2.817271,2.8190567,3.1875017,3.0575578,3.7014575,2.9033718,3.196358,3.521627,3.1515887,3.1372797,2.9619863,2.7877824,2.898405,2.9143257,2.9993725,2.8977077,3.0777876,2.9049332,2.742941,2.7455516,2.9034793,2.9160614,3.407842,3.5177188,3.297936,3.3053946,2.8568473,2.918934,3.4083521,3.419115,3.4970174,3.4751253,3.4702013,3.4871507,3.455186,3.5213423,3.546776,3.4966733,2.607888,3.319727,2.710312,2.6059878,2.6096096,2.733922,2.9426975,2.7429514,2.6885495,2.693065,2.6234412,2.5468395,3.182452,2.5120163,2.939376,3.3855524,3.0631175,3.6423426,3.1201224,2.5379667,3.027671,2.9718788,3.8342273,3.918138
30,3.6463902,2.209793,3.2177165,2.1160772,4.1554623,2.8506534,2.7027054,2.8706028,2.2480376,2.390627,2.7435935,2.8460252,2.7913108,2.821969,3.091809,2.8942337,3.1539006,3.1452527,4.3207526,3.8767097,3.557933,3.4640813,3.1391733,3.0168571,2.3543313,2.7180517,2.210534,2.4855275,3.1002805,3.2332053,0.0,1.0699368,2.4431174,2.82101,2.5623424,2.966247,1.7072923,2.7564366,2.0382178,2.4857607,2.7596023,2.3840213,1.9034151,1.9588041,1.9653817,2.4025948,2.631444,2.7087197,2.8853688,2.8345819,2.809105,2.3169441,3.42715,2.757972,3.5603802,3.7017798,3.3052235,2.246937,2.6360068,1.9577942,3.250302,3.7871685,2.7007313,2.8203287,2.8620906,3.0409532,3.0701122,2.9581678,3.7909625,3.3039887,4.1927195,3.4742372,3.428261,3.3793914,3.3278584,3.3346357,3.4973962,3.0259376,3.4481196,3.4200497,4.1313024,3.81944,3.9064133,3.7162833,3.0563483,3.0983844,3.72011,3.744682,2.9904597,3.2066877,3.3962498,3.408597,3.4388313,3.5358224,3.5766,3.5499244,4.0552907,4.031337,4.000755,3.9933436,3.526136,3.5146043,3.5546937,4.4098873,2.2922947,3.0051045,2.4312723,2.2781856,2.8951979,3.0619445,3.001491,3.1076338,2.1616292,2.5573525,2.6945217,2.6956623,2.3237567,2.2875187,2.2512202,1.9788187,3.0265806,3.4189687,3.4197514,3.5472114,3.513502,3.4478073,3.1194036,3.0518644
