,0,1,2,3,4,5,6,7,8,9,10,11,12,13,14,15,16,17,18,19,20,21,22,23,24,25,26,27,28,29,30,31,32,33,34,35,36,37,38,39,40,41,42,43,44,45,46,47,48,49,50,51,52,53,54,55,56,57,58,59,60,61,62,63,64,65,66,67,68,69,70,71,72,73,74,75,76,77,78,79,80,81,82,83,84,85,86,87,88,89,90,91,92,93,94,95,96,97,98,99,100,101,102,103,104,105,106,107,108,109,110,111,112,113,114,115,116,117,118,119,120,121,122,123,124,125,126,127
0,0.0,0.995636,1.7313071,1.0403047,1.0546697,2.0693767,2.0399735,1.9104106,2.447742,2.5560553,2.4773445,2.4023373,1.8710424,1.8743925,2.256941,2.2254896,2.294448,2.3775966,2.1958818,2.2196069,2.0896244,2.052021,2.1691282,2.0626755,2.9809752,2.9809752,2.570291,2.619943,1.5557697,1.8470664,1.3479477,1.5317305,2.7612567,3.1846955,3.4386246,3.2672203,2.37794,2.6344926,2.334436,2.2038445,2.3613012,2.1897223,2.3095946,2.255027,2.3071177,2.4246604,2.8440294,3.384134,3.16753,3.0047796,4.2789145,3.9690692,2.4888332,2.44584,2.419274,2.3635771,3.1448593,3.1006243,3.646984,3.6280124,2.9436953,2.4150512,2.4922645,2.252572,2.62884,2.6410599,2.7113216,2.593775,2.7074814,2.4995427,3.93598,2.5186555,2.207564,1.8785158,2.4825459,2.386435,2.92529,2.743478,2.481522,2.3298447,2.7695866,2.5936055,2.3925219,2.4158528,2.4542625,2.3264136,1.9329345,2.2567194,3.278724,3.3046405,3.167469,3.1479623,2.612077,2.792698,3.0081854,2.8393579,4.055355,2.9750752,2.4511714,2.877955,3.5380373,3.5319948,3.1444185,3.4241824,2.5388846,2.444864,2.5497527,3.2224457,2.6183019,3.1239638,2.6087773,2.8447695,3.8797355,3.8797355,4.092324,4.039811,4.484742,3.9540486,4.137934,4.0365424,3.7166252,3.978106,4.080519,4.0488424,4.835321,4.916371,5.294514,5.3052588
1,0.995636,0.0,1.5949712,0.77904326,0.78384477,2.101827,1.8299742,1.6322123,2.372623,2.4937954,2.4045458,1.9444826,2.2106416,2.1841102,2.6549585,2.651073,1.9951763,2.1232967,1.9389259,1.9628263,1.811447,1.7740331,1.8861759,1.8034542,2.3100936,2.3100936,2.3172505,2.367437,1.3021699,1.6317639,1.0150868,1.1827358,2.6146603,3.1433694,3.378254,3.200847,2.2518349,2.2145793,2.1766164,2.0122368,2.138699,2.0192928,2.0938036,2.1088128,2.1912766,2.2959654,2.7738059,2.7536583,2.8112957,2.6869004,4.0039477,3.6833315,2.0883248,2.058334,2.1031926,2.0598345,2.5665143,2.4514153,3.0797648,3.0672495,3.1329958,2.655378,2.7003775,2.353887,2.4704602,2.4325202,2.4970102,2.3682861,2.5298457,2.232807,3.4709973,2.4274487,2.0630243,1.7145947,2.241364,2.2354877,2.7702527,2.5351803,2.3922124,2.1673734,2.720725,2.5143526,2.2439322,2.2483063,2.3177793,2.1853914,1.6004593,2.0228453,3.2127423,3.2201653,3.0743608,3.0636785,2.5180979,2.6386526,2.877222,2.6929898,4.032969,2.8781397,2.3045685,2.719261,3.4761128,3.4686034,3.0245879,3.1531463,2.297356,2.2005463,2.3159575,2.9065464,2.4431763,2.9791565,2.42093,2.7440848,3.7442472,3.7442472,3.9423583,3.8427305,4.2158413,3.8633134,4.01898,3.9154136,3.666123,3.9203582,3.9963655,3.965422,4.7541738,4.7999177,5.1855655,5.210251
2,1.7313071,1.5949712,0.0,1.502973,1.3966627,2.1714249,2.8206074,2.6757565,2.679084,2.5213253,2.5998166,2.6595373,2.833842,2.8842738,2.9696648,3.174373,2.509101,2.9335935,2.5327258,2.5484862,2.394672,2.325407,2.1806839,2.3931792,2.7895098,2.7895098,2.6923199,2.7227385,1.5781672,1.6430287,1.7447832,1.6310236,2.8808827,3.1665242,3.4178948,3.184723,2.552386,2.5410624,2.0990448,2.5177839,2.4514258,2.5076606,2.3746989,2.6121254,2.6940827,2.758544,3.1016529,3.0702608,3.2959547,3.134768,4.184589,4.085401,2.5654137,2.578388,2.5066962,2.4346137,3.147717,2.7928894,3.299409,3.3314662,3.4369547,2.6062799,2.7175899,3.0002882,2.562934,2.381256,2.4966884,2.4042673,2.7096124,2.6623933,3.2997208,2.381836,1.8132968,1.8792688,2.6854632,2.1048503,2.3570726,2.4649222,2.2438817,2.0260105,2.7486925,2.931699,2.4725852,2.4376063,3.0192854,2.4633863,2.2982376,2.547676,2.8538005,2.9804049,2.7141407,2.6817696,2.9497287,2.9532685,3.1923018,3.0081196,3.9295044,3.1585376,2.0146952,2.6098826,2.987832,3.0398097,2.3191335,3.0752952,2.4719255,2.3568554,2.4686792,3.5200005,2.6692898,3.2400804,2.6112542,3.1508825,4.144762,4.144762,4.5361295,4.395054,4.505019,4.1594477,4.367438,4.2795978,4.2260184,4.280573,4.3184743,4.2961535,4.915437,5.0137434,5.663717,5.6667533
3,1.0403047,0.77904326,1.502973,0.0,0.2199161,1.5539448,1.7220547,1.6189471,2.4000592,2.5471401,2.4651015,2.060124,2.3587775,2.3292217,2.7409415,2.6525424,2.1278787,2.144032,2.008808,2.0340843,1.9008253,1.8558804,1.9520938,1.8321472,2.4452133,2.4452133,2.427064,2.4741704,0.9733653,1.4180675,0.54484063,1.0717233,2.614429,3.1354456,3.3797388,3.2090638,2.2371547,2.2344632,2.3031473,2.1535256,2.1932464,2.1265175,2.1952198,2.2300687,2.3233712,2.4177725,2.7320569,2.8627255,2.917028,2.7837236,4.1101093,3.7625117,2.205829,2.180401,2.230297,2.1799293,2.7131941,2.5587678,3.1593347,3.1534748,3.2586923,2.6991973,2.722407,2.80877,2.5951798,2.5409825,2.6169274,2.4807725,2.51827,2.4164367,3.5888753,2.402599,2.0526826,1.7197051,2.422652,2.1617498,2.7848544,2.5472753,2.4168208,2.1681762,2.784445,2.5863013,2.2952433,2.3319001,2.3115995,2.248045,1.9276435,2.2621036,3.209276,3.3021312,3.1040392,3.086495,2.5773523,2.6837263,3.039943,2.739425,4.104442,3.0090413,2.3233032,2.8594613,3.5810072,3.583014,3.170861,3.44254,2.3941045,2.2894638,2.423881,3.3960047,2.6002197,3.1036785,2.5805144,2.9176438,3.972061,3.972061,4.1322894,4.0757008,4.470349,4.0929995,4.2289987,4.1270967,3.8246453,4.033807,4.1535687,4.1219616,4.912685,4.969403,5.2711225,5.268719
4,1.0546697,0.78384477,1.3966627,0.2199161,0.0,1.56957,1.8063251,1.7244085,2.4615846,2.5930855,2.5253584,2.1022289,2.3621137,2.3436182,2.7454178,2.7044873,2.1239069,2.1931956,2.0040965,2.027133,1.8989276,1.8474622,1.9302647,1.834486,2.4187162,2.4187162,2.400517,2.4459882,0.9117492,1.3155634,0.60361844,1.0153582,2.6262784,3.1366765,3.432861,3.2089357,2.255531,2.253049,2.295345,2.190563,2.234565,2.1724732,2.2347639,2.2662988,2.3702452,2.460725,2.7567394,2.9025803,2.876601,2.7403672,4.053568,3.7372084,2.222235,2.199227,2.2372775,2.1870604,2.7355816,2.5795193,3.2413564,3.2455914,3.2972934,2.71556,2.7460892,2.8303533,2.576176,2.5303025,2.5961435,2.4641054,2.5006828,2.3940449,3.5842357,2.4091184,2.006699,1.6706434,2.3958418,2.0831714,2.7535772,2.5210364,2.3781233,2.049453,2.7653015,2.593684,2.2896664,2.3232567,2.394883,2.2444763,1.9598408,2.292191,3.1568234,3.257842,3.062536,3.0308177,2.5278785,2.6281366,3.0130444,2.6786633,4.13833,3.038584,2.3248234,2.8662763,3.5705733,3.5794399,3.1261194,3.4364223,2.420802,2.301194,2.442864,3.415422,2.628177,3.1436248,2.6049566,2.949145,3.982938,3.982938,4.172178,4.122405,4.4741783,4.096314,4.2433653,4.142952,3.8619251,4.0602303,4.176434,4.147147,4.922624,4.989214,5.327079,5.325865
5,2.0693767,2.101827,2.1714249,1.5539448,1.56957,0.0,2.250273,2.4812958,2.9064374,3.128271,2.9488275,2.7453148,3.0844438,3.0756876,3.283555,3.24035,3.0184743,2.9134734,2.7892258,2.8096545,2.7348332,2.690777,2.7577147,2.634149,3.240963,3.240963,3.1724443,3.2074702,1.9371973,2.1609812,1.6671447,2.1437569,3.4575472,3.7695367,4.014211,3.831523,3.0635822,3.1348782,3.121606,3.065122,3.0566056,3.0647435,3.117932,3.1537988,2.7277646,2.8046484,3.7968063,3.2195652,3.6411617,3.505549,4.693561,4.422937,3.0197265,3.0396898,3.065589,3.0303094,3.4709733,3.3174179,3.8559532,3.8290386,3.8065708,3.225667,3.323867,3.8404634,3.2206576,3.1661859,3.254804,3.150261,3.327158,3.426321,4.449457,3.4683707,2.76173,2.5212235,2.501107,2.7858808,3.314462,3.1940494,2.9882414,2.7575948,3.3924003,2.9476857,2.9920716,3.075644,2.7403572,2.679809,2.7338958,2.8937285,3.6851287,3.8658254,3.6484818,3.6137705,3.0207148,3.320316,3.8349905,3.362305,4.042155,3.0712774,2.8000968,3.002108,3.7325926,3.6177692,3.6186335,4.093546,3.0732298,2.975268,3.1237864,3.8468611,3.0831952,3.6661859,3.2409015,3.288038,3.7807002,3.7807002,3.9404948,3.8680081,4.3546124,3.9475062,4.0958076,3.999887,3.6698246,3.8642077,3.8855107,3.8644578,4.753194,4.861216,5.2012496,5.0445085
6,2.0399735,1.8299742,2.8206074,1.7220547,1.8063251,2.250273,0.0,0.583676,2.8709786,3.4694428,3.1150455,2.583801,2.845776,2.8422167,3.6206677,3.257028,2.6561706,2.6157537,2.549585,2.5762036,2.4717417,2.4616354,2.6247606,2.3824668,2.7073138,2.7073138,2.72355,2.7666724,1.6398946,1.8767419,1.542838,1.6216065,3.1571822,3.6021454,3.7846131,3.6994019,2.7644136,2.6981807,2.8180385,2.6604285,2.7056615,2.6453192,2.70838,2.7296937,2.644618,2.726403,3.2897136,3.1585305,3.4020998,3.2261567,4.338234,4.017775,2.6006396,2.5849369,2.684678,2.6771758,3.0527961,2.9583163,3.4798634,3.5308943,3.4730692,3.6824775,3.1152606,3.1358986,3.0929344,3.072294,3.1357718,3.0299826,3.2012556,3.0770636,4.173105,3.1262677,2.9021091,2.4876828,2.7516792,3.3517647,3.3798442,3.1864564,3.0210173,2.8648682,3.722259,2.947196,2.8705418,2.9524808,2.708413,2.7436972,2.4184384,2.599936,4.266062,4.308392,4.177087,4.1811757,3.0448246,3.244511,3.5123503,3.3144438,4.674102,3.721471,3.282821,3.618972,4.511199,4.459143,4.2303495,4.470851,2.8993282,2.8533113,2.989936,3.4890704,3.021176,3.4562254,3.0708053,3.2035453,4.005979,4.005979,4.1451774,3.9579184,4.492784,4.147516,4.2774277,4.1699295,3.7214036,4.028819,4.129525,4.097802,4.9472513,5.0256124,5.3550677,5.308301
7,1.9104106,1.6322123,2.6757565,1.6189471,1.7244085,2.4812958,0.583676,0.0,2.7177126,3.2534416,2.9434423,2.4447114,2.7709334,2.763062,3.5331547,3.1643472,2.4959235,2.5144281,2.4621747,2.4911566,2.3688307,2.3594804,2.499542,2.2921324,2.589071,2.589071,2.6458116,2.692217,1.5674952,1.8597013,1.456069,1.5022719,2.9468315,3.450143,3.5851996,3.5484369,2.5830753,2.4751,2.5921118,2.4483635,2.4754696,2.3995292,2.454176,2.505121,2.593863,2.6736708,2.9717398,3.0348954,3.271761,3.1015165,4.1872296,3.8452866,2.4345155,2.4096818,2.4960942,2.4789565,2.8767176,2.7551794,3.225651,3.277538,3.3887568,3.5445457,2.9803166,2.8793905,2.977378,2.9254127,3.0063848,2.8889694,3.001727,2.8477798,3.84514,2.782779,2.7595537,2.3776646,2.8859851,3.2531948,3.2560987,3.0299773,2.9223757,2.830443,3.5541198,2.9135127,2.7116976,2.771131,2.6460588,2.6822417,2.2589486,2.4641151,4.120032,4.12806,4.001607,4.0293975,3.0905507,3.216526,3.3197722,3.2911952,4.665445,3.7474601,3.1595223,3.6022623,4.4271016,4.4052763,4.0665874,4.2809963,2.7380104,2.7242239,2.8247428,3.4415216,2.9279058,3.2784076,2.911852,3.157742,4.178224,4.178224,4.298099,4.108743,4.619208,4.285929,4.424463,4.316729,3.876168,4.170518,4.326599,4.2895575,5.0746965,5.1362157,5.455796,5.4535246
8,2.447742,2.372623,2.679084,2.4000592,2.4615846,2.9064374,2.8709786,2.7177126,0.0,1.0241839,0.6100021,1.707605,2.7031128,2.6530924,3.0328605,2.935724,1.8928264,1.8427399,1.8551363,1.8798115,1.7322533,1.7177657,1.778816,1.6996927,2.3930619,2.3930619,2.0434098,2.0917387,2.5848958,2.8817968,2.5107262,2.628086,2.4373765,2.733082,3.0026324,2.7979991,1.6535493,1.9270788,1.9463124,1.5986516,1.6887474,1.5832907,1.7177305,1.7117952,1.5953504,1.730035,2.5120573,2.4816191,2.9504933,2.8186088,4.2514606,3.8316529,1.683777,1.7223648,1.7387507,1.6909654,2.6433275,2.5532103,2.9729683,2.9872847,2.4829254,1.8530035,2.3743258,2.3993979,2.2723987,2.215221,2.568663,2.4301128,2.441658,2.395963,3.4272623,1.9678813,1.6193771,1.7084582,2.7129803,2.789971,2.1291745,2.7012572,1.8105729,2.221956,2.4861732,2.13055,2.0446243,1.9502411,1.8109739,1.9518229,1.827421,1.7169611,3.1261036,3.1923034,3.0309105,3.0568702,3.2920969,3.4306016,3.085691,3.4980009,2.8938255,2.6914356,3.2854323,2.832567,2.8964412,2.877971,3.057379,2.9545662,2.20636,2.230976,2.3759542,3.0672393,2.1532452,2.7213216,2.197305,2.4391015,3.6581023,3.6581023,3.8690267,3.7466774,3.676981,3.2974386,3.5304337,3.4606981,2.8632853,3.2085319,3.699862,3.6481407,4.3925853,4.476078,4.794071,4.7911377
9,2.5560553,2.4937954,2.5213253,2.5471401,2.5930855,3.128271,3.4694428,3.2534416,1.0241839,0.0,0.60140145,1.9536618,2.802191,2.747729,2.8410456,2.9651256,2.208495,2.1964252,2.189704,2.211496,2.0617769,2.0344303,2.024797,2.0689242,2.7597177,2.7597177,2.473592,2.5205681,2.8800373,3.1875048,2.781167,2.9378517,2.4091692,2.7132366,2.897027,2.7133427,1.7731433,2.0878658,2.0205855,1.6889513,1.7868359,1.6617863,1.8108007,1.7914066,1.874704,2.015585,2.6438003,2.6313975,2.9373853,2.8632169,4.276003,3.8519025,1.8988513,1.9127401,1.8761337,1.8040558,2.7070208,2.6333544,2.9824238,2.9573467,2.5427258,1.4721014,2.5412352,2.4935079,2.1762288,2.107923,2.444934,2.308697,2.4546576,2.4380863,3.1427786,1.938097,1.7176673,1.9141446,2.9747574,2.734003,2.2408223,2.6967661,1.9606192,2.4295027,2.1481729,2.2712867,2.0496461,1.892487,1.9869406,2.0625389,1.9825705,1.8982476,2.70327,2.7450118,2.5375388,2.589902,3.3597572,3.4196672,2.9471536,3.489149,2.6888835,2.4323027,2.9496667,2.5492578,2.3637247,2.407556,2.4450061,2.3799903,2.1240656,2.1503212,2.199321,3.1593773,2.0553563,2.5546582,2.0243838,2.3960536,3.7815948,3.7815948,4.0272646,3.9868221,3.811344,3.4904604,3.6489072,3.587778,3.3131847,3.5495288,3.8639479,3.8106434,4.433264,4.48372,4.7892175,4.8261056
10,2.4773445,2.4045458,2.5998166,2.4651015,2.5253584,2.9488275,3.1150455,2.9434423,0.6100021,0.60140145,0.0,1.7965102,2.699773,2.6515882,2.8948762,2.9226155,2.1302087,2.0796862,2.0826657,2.1087894,1.9446988,1.9238529,1.9522585,1.9364283,2.6281242,2.6281242,2.3215675,2.3728042,2.7584672,3.0642345,2.665697,2.8124871,2.4305727,2.6830478,2.8805308,2.6959808,1.6866095,2.0228937,1.9367561,1.5719415,1.6849211,1.5495687,1.7307123,1.693642,1.5652966,1.7391337,2.7148337,2.462833,2.9053972,2.804189,4.2387314,3.8148935,1.7251087,1.7537327,1.742949,1.680478,2.611457,2.5581393,2.9461777,2.9360905,2.3447597,1.639,2.434428,2.399702,2.0596569,2.0107167,2.3613808,2.2325685,2.5236144,2.4948828,3.255113,2.0577257,1.7238729,1.8319763,2.7382286,2.8763478,2.195477,2.6971924,1.85921,2.35507,2.3121533,2.0675247,1.9891609,1.8551147,1.7794665,1.8946007,1.8030188,1.6506283,2.9338892,2.9723206,2.7782712,2.83121,3.263883,3.3963199,2.9426415,3.4723651,2.5799973,2.3306181,2.9794774,2.4794877,2.4709697,2.4515638,2.6363218,2.6287751,2.0281205,2.0661,2.1095073,2.90946,1.8476613,2.4425347,1.891776,2.1448922,3.4684954,3.4684954,3.7439878,3.6500096,3.4986556,3.1703036,3.3378363,3.2710483,2.9074223,3.2252355,3.524557,3.4684367,4.1741037,4.244496,4.591062,4.5914783
11,2.4023373,1.9444826,2.6595373,2.060124,2.1022289,2.7453148,2.583801,2.4447114,1.707605,1.9536618,1.7965102,0.0,2.255145,2.1789405,2.6629,2.5806706,1.4961554,1.324985,1.3437136,1.3744524,1.164799,1.1738058,1.2897837,1.155309,1.5430355,1.5430355,1.74055,1.7991397,2.3919556,2.7042751,2.2223382,2.4217975,2.2756996,2.8505907,3.1107566,2.9221473,1.5898777,1.6077218,1.93303,1.3860425,1.5737915,1.3569134,1.5779201,1.4847785,1.4168167,1.5079708,2.3265235,1.8050346,1.979478,1.8702037,3.5759072,3.1468809,1.1400816,1.1911376,1.2762504,1.255922,1.5254636,1.5275629,2.4738314,2.4620314,2.917714,2.3249357,2.742127,2.519753,2.4415972,2.4372416,2.5237505,2.3763835,2.2172012,2.0197916,3.3118343,2.2510495,2.0755079,1.6131319,2.0856159,2.2031884,2.871041,2.3513472,2.5743845,2.4233513,2.2749627,1.9096298,1.8998978,1.8191698,1.7046252,1.8032801,1.5250611,1.7624265,3.0719914,3.1222138,2.9826481,3.0023577,2.5468645,2.665512,2.6123302,2.6875072,3.94064,2.7689066,3.369383,2.8071797,3.603109,3.5573142,3.2110329,2.9557648,2.0778494,2.074669,2.409779,3.0666547,2.434438,2.7192454,2.463852,2.6259184,3.7703102,3.7703102,3.9449997,3.7868114,3.734146,3.4580793,3.7174609,3.6388452,2.8508563,3.2631135,3.7797837,3.7388,4.517584,4.4765944,4.864599,4.8784056
12,1.8710424,2.2106416,2.833842,2.3587775,2.3621137,3.0844438,2.845776,2.7709334,2.7031128,2.802191,2.699773,2.255145,0.0,0.28442934,1.0847404,1.178192,2.159092,2.1778452,2.0138662,2.0358088,1.879904,1.8858676,1.9382017,1.9121917,3.063157,3.063157,2.1919377,2.238419,2.7486076,2.9373097,2.7016783,2.754406,2.7049682,3.150205,3.390742,3.2178717,2.1849034,2.6581209,2.1272674,1.920265,2.12544,1.9657828,2.056013,2.0194721,2.0203211,2.2128415,2.8645809,3.407657,2.748049,2.55482,3.9198189,3.625875,2.2834878,2.242925,2.1957173,2.1380963,2.9996836,2.9347425,3.6508868,3.628943,2.4856343,2.2514148,2.0772007,1.8187734,2.7506924,2.7617667,2.673707,2.5967271,2.783302,2.5609334,4.1128387,2.7755556,2.5353613,1.9695989,2.1426115,2.4496925,3.238779,2.5914955,3.055154,2.7209208,2.8102186,2.4937751,2.437912,2.3574839,2.487058,2.3728237,2.1130872,2.4040163,3.312063,3.3219497,3.2087758,3.1728537,2.1323063,2.2522576,2.530896,2.2671583,4.4688287,2.9681602,3.409227,2.8453503,3.9158742,3.880152,3.270848,3.2591147,2.440832,2.3051128,2.5849924,3.269157,2.7068958,3.0692594,2.7210119,2.913214,3.7936041,3.7936041,4.0880704,4.013454,4.0983033,3.549327,3.797943,3.7193012,3.248333,3.4861858,3.7693644,3.7416787,4.550228,4.5366774,5.0894475,5.1174536
13,1.8743925,2.1841102,2.8842738,2.3292217,2.3436182,3.0756876,2.8422167,2.763062,2.6530924,2.747729,2.6515882,2.1789405,0.28442934,0.0,1.084976,1.1416984,2.1248963,2.0456128,1.9597172,1.9823396,1.8175982,1.8293914,1.9070941,1.8499097,3.0279155,3.0279155,2.193144,2.2406309,2.7664049,2.9911375,2.6682854,2.7745,2.7628367,3.2022593,3.430079,3.2659516,2.1708531,2.64209,2.2135072,1.8987108,2.0978038,1.9399871,2.0614007,2.0050411,2.033207,2.2226028,2.8663845,3.3866465,2.7380629,2.5677376,3.9921334,3.6361892,2.2584448,2.20925,2.2043195,2.1462185,2.9719558,2.9179876,3.6280417,3.594553,2.4757836,2.2317288,2.1533732,1.8691262,2.7431037,2.7599058,2.675233,2.593801,2.7859917,2.556123,4.092065,2.78473,2.5394003,1.9680054,2.1537163,2.4557698,3.246747,2.624284,3.0626426,2.7443373,2.8232415,2.5194607,2.4682007,2.383692,2.4047813,2.4059637,2.112889,2.4177752,3.396326,3.4082255,3.2894635,3.2518375,2.2397192,2.3487177,2.62263,2.370922,4.4103146,2.8752127,3.3891535,2.8108444,3.8907285,3.8560715,3.3034635,3.1814673,2.4258692,2.2966328,2.5549455,3.2451909,2.6713917,3.0583384,2.6852777,2.8815782,3.81648,3.81648,4.086925,3.9958909,4.116908,3.5929687,3.8032892,3.7255056,3.2264333,3.5178227,3.7961845,3.76656,4.577376,4.544571,5.013907,5.0506287
14,2.256941,2.6549585,2.9696648,2.7409415,2.7454178,3.283555,3.6206677,3.5331547,3.0328605,2.8410456,2.8948762,2.6629,1.0847404,1.084976,0.0,1.0864141,2.640034,2.6231265,2.51331,2.5296068,2.400622,2.3989825,2.3762093,2.4458122,3.6281986,3.6281986,2.776034,2.811661,3.2888339,3.4902194,3.156304,3.3218372,3.126846,3.5086303,3.659991,3.5546315,2.67962,3.1417785,2.5563629,2.4272163,2.55668,2.4720929,2.4991043,2.5374694,2.4364016,2.6681466,3.283938,3.717287,3.1811512,3.0375364,4.3547535,4.0664725,2.8222535,2.8029497,2.7412992,2.67108,3.470293,3.3301427,3.9058828,3.828052,2.8965857,2.117509,2.3490236,2.3148253,3.1747591,3.1177084,3.0119221,2.9638789,3.1270435,2.9661825,4.4012456,3.1502154,2.8461537,2.4387062,2.448298,2.432612,3.5172453,2.8267121,3.4603245,3.162536,2.9637387,2.9020069,2.8346536,2.7380357,2.8015752,2.7467732,2.535399,2.8335001,3.216982,3.2574377,3.083751,3.072482,2.5297759,2.6197615,2.942766,2.6157267,4.4643645,2.8908362,3.5000079,2.7707577,3.7878728,3.7312493,3.112909,3.0477931,2.8084798,2.6855016,2.8574638,3.6211145,3.0298707,3.3632674,3.0554972,3.2773123,3.986923,3.986923,4.2471576,4.2157445,4.2917805,3.783095,4.0070415,3.9380324,3.5341525,3.6817389,3.9385617,3.9127495,4.694636,4.6634254,5.173573,5.191689
15,2.2254896,2.651073,3.174373,2.6525424,2.7044873,3.24035,3.257028,3.1643472,2.935724,2.9651256,2.9226155,2.5806706,1.178192,1.1416984,1.0864141,0.0,2.638761,2.506626,2.5102055,2.5345273,2.3447642,2.3639395,2.3941467,2.3634567,3.54447,3.54447,2.7581093,2.8047009,3.1661792,3.4342265,3.004435,3.2085223,3.1599736,3.4146352,3.5108786,3.5265524,2.6059265,3.140743,2.6630886,2.372212,2.5496347,2.324616,2.442204,2.3876207,2.381337,2.6480148,2.866494,3.7618983,3.4318895,3.2557714,4.6688776,4.2960486,2.7364893,2.7309518,2.6960335,2.6316898,3.3566482,3.340251,3.7949536,3.7170842,2.984308,2.289872,2.4254777,2.4026353,3.408368,3.4439657,3.348927,3.3191025,3.3142757,3.148838,4.656208,3.0868993,2.9363108,2.4488015,2.666004,2.5460415,3.6667695,3.1711907,3.4700766,3.3156745,3.2725112,3.005448,3.0399008,2.9696217,2.8642404,2.9846134,2.5333724,2.9407306,3.6874814,3.756093,3.5298343,3.5616689,2.590336,2.7590399,3.3040564,2.7491834,4.6958137,3.2816148,3.724525,3.1562624,4.218451,4.1547246,3.7155564,3.6073809,3.08774,2.9542925,3.0530229,3.9961977,3.278372,3.6804636,3.2730887,3.4014595,4.2774363,4.2774363,4.522791,4.4829483,4.5913453,4.0973535,4.3089066,4.2313895,3.4828875,3.7566993,4.0958166,4.067867,4.980136,4.950892,5.3412495,5.365531
16,2.294448,1.9951763,2.509101,2.1278787,2.1239069,3.0184743,2.6561706,2.4959235,1.8928264,2.208495,2.1302087,1.4961554,2.159092,2.1248963,2.640034,2.638761,0.0,0.98059666,0.5696533,0.5710138,0.73598516,0.7480631,0.8749801,0.79330605,1.5489227,1.5489227,0.80892324,0.84202623,2.1785533,2.3403206,2.1845806,2.1785321,2.2032762,3.2834358,3.5336218,3.350515,1.8111817,1.5996788,1.6152097,1.6340532,1.6787075,1.7634522,1.5984802,1.8709673,2.0245502,2.1312585,2.3642821,2.5772705,2.4890153,2.3252876,3.8407583,3.619779,1.5798527,1.6089195,1.6145124,1.5840039,2.410491,1.9666944,2.6580927,2.6820009,2.7583754,2.2981594,2.1149924,2.2520823,2.6862686,2.4530098,2.6486561,2.44779,1.9063612,1.5969263,3.2881062,1.8607371,1.5250446,1.259718,2.3037624,2.0409684,2.313895,2.1553442,2.4065363,2.0820277,2.675428,2.448779,2.027332,1.9535328,2.226867,2.0918145,1.9417343,2.1075575,3.10181,3.2110217,3.0688694,3.009012,2.728242,2.6482694,2.7833166,2.6601877,4.1003885,3.099507,3.509034,3.0528128,3.6606207,3.691089,3.1768148,2.7978148,2.08478,1.9959314,2.4484954,3.239823,2.599331,3.0220451,2.568899,3.0806491,4.0905056,4.0905056,3.9795265,3.797831,4.0613694,3.7252173,4.0313807,3.9557486,3.568513,3.7111807,4.0872087,4.0581694,5.0747,5.079539,5.5558634,5.5727925
17,2.3775966,2.1232967,2.9335935,2.144032,2.1931956,2.9134734,2.6157537,2.5144281,1.8427399,2.1964252,2.0796862,1.324985,2.1778452,2.0456128,2.6231265,2.506626,0.98059666,0.0,0.7763815,0.79204684,0.8664909,0.91723496,1.2488112,0.83388394,1.8081273,1.8081273,1.3534374,1.3960464,2.4099588,2.715276,2.2115755,2.4509006,2.3341396,3.306091,3.526106,3.3718424,1.801305,1.7426592,2.1821449,1.635942,1.7614355,1.7526015,1.8057961,1.8475631,1.9720803,2.0877771,2.4661086,2.6128094,2.496796,2.407729,4.082242,3.62822,1.6203105,1.6011323,1.75942,1.7418847,2.355886,2.1457603,2.7895927,2.7625115,2.754367,2.3519623,2.4559338,2.5056598,2.747977,2.6376114,2.801845,2.6052394,2.1373093,1.9179128,3.5745702,2.2422564,1.9439133,1.5696951,2.381838,2.3063478,2.7003448,2.5131402,2.606709,2.403388,2.739482,2.418915,2.1954973,2.1447387,1.8177058,2.2025526,2.0151205,2.1953173,3.344826,3.4471195,3.313949,3.2547672,2.7698936,2.7573407,2.9547734,2.7870445,3.9852107,2.8650963,3.5885975,3.0845563,3.7628949,3.7716396,3.5271773,2.9390042,2.2147782,2.1192782,2.52877,3.3077407,2.5977705,3.0525763,2.6074066,2.9594395,3.9956203,3.9956203,3.8368385,3.7488234,4.040631,3.714068,3.896341,3.8226242,3.3415582,3.5968993,3.9913833,3.9556682,4.9676266,4.9295983,5.1092587,5.1298175
18,2.1958818,1.9389259,2.5327258,2.008808,2.0040965,2.7892258,2.549585,2.4621747,1.8551363,2.189704,2.0826657,1.3437136,2.0138662,1.9597172,2.51331,2.5102055,0.5696533,0.7763815,0.0,0.044905264,0.45629287,0.45931986,0.8478012,0.4448114,1.5178351,1.5178351,0.87178385,0.92114204,2.0934289,2.2769895,2.07015,2.121613,2.153361,3.1728585,3.4266193,3.2320204,1.6444339,1.6167861,1.7789174,1.4971179,1.7458363,1.6665465,1.6492841,1.7021074,1.7663695,1.8882606,2.3918705,2.5391881,2.386382,2.2329319,3.767262,3.5030098,1.4395599,1.4549521,1.4680341,1.4738481,2.22854,2.0362546,2.736947,2.7561338,2.6500936,2.1975126,2.2800062,2.3045413,2.48775,2.4063482,2.5645642,2.369885,1.7490046,1.5019039,3.3831925,1.9986293,1.5604272,1.1316701,2.1023953,1.9892424,2.4475996,2.267385,2.2768445,2.0427797,2.4439285,2.1046462,1.8381892,1.8024725,1.9277252,1.8390433,1.750853,1.9247262,3.081978,3.1809828,3.061185,2.9890182,2.5101342,2.5049076,2.734825,2.520879,3.9790473,2.8843298,3.4284487,2.9341362,3.5651536,3.5878575,3.1849284,2.8080106,2.0358694,1.9210312,2.4169025,3.1802413,2.467385,2.959747,2.4823363,2.825742,3.8879027,3.8879027,3.8635633,3.684811,3.9218175,3.5414279,3.8165727,3.7439897,3.3134055,3.560328,3.883717,3.8564918,4.838772,4.8447227,5.272581,5.278874
19,2.2196069,1.9628263,2.5484862,2.0340843,2.027133,2.8096545,2.5762036,2.4911566,1.8798115,2.211496,2.1087894,1.3744524,2.0358088,1.9823396,2.5296068,2.5345273,0.5710138,0.79204684,0.044905264,0.0,0.4840039,0.48591235,0.8660025,0.47665346,1.5220637,1.5220637,0.86735785,0.91392094,2.1099951,2.286271,2.0903716,2.136349,2.1673555,3.1956975,3.4500873,3.254221,1.6705436,1.63366,1.7991902,1.5270526,1.7751137,1.7019343,1.6768864,1.7333095,1.7939676,1.9144294,2.412607,2.5593002,2.3991418,2.2467487,3.77466,3.5164542,1.4690399,1.4846722,1.497117,1.5049988,2.2521563,2.0554664,2.7514493,2.7715342,2.6677303,2.2123017,2.293762,2.318989,2.5070484,2.4228337,2.5812929,2.3863065,1.7443473,1.4924912,3.3961651,2.014879,1.5720223,1.1550846,2.1138988,1.9923166,2.4551044,2.2737622,2.2919645,2.0520117,2.4548886,2.1206727,1.8497407,1.8164011,1.9455816,1.8511331,1.7731754,1.94283,3.0853221,3.1858156,3.0686095,2.9940124,2.5268564,2.5174193,2.7501404,2.5321624,3.9918005,2.899934,3.4517624,2.95359,3.5762696,3.6002526,3.1956596,2.8089352,2.0539384,1.9394916,2.4405124,3.19012,2.4894223,2.9783015,2.5054157,2.8504202,3.8997657,3.8997657,3.8701265,3.6899965,3.930566,3.5505395,3.8275383,3.7555656,3.3297932,3.5722504,3.896948,3.8701684,4.851496,4.857999,5.2867203,5.2929525
20,2.0896244,1.811447,2.394672,1.9008253,1.8989276,2.7348332,2.4717417,2.3688307,1.7322533,2.0617769,1.9446988,1.164799,1.879904,1.8175982,2.400622,2.3447642,0.73598516,0.8664909,0.45629287,0.4840039,0.0,0.09944312,0.5542448,0.21111579,1.4113843,1.4113843,0.83189553,0.8969288,2.0098784,2.2307682,2.0093763,2.0267673,2.124507,2.871868,3.1434965,2.9351397,1.4080305,1.4749753,1.6122954,1.2471677,1.4807295,1.3914803,1.3777887,1.4502873,1.5816585,1.7078124,2.2232957,2.4039252,2.334532,2.168001,3.792321,3.470456,1.1795322,1.1910924,1.2807798,1.2653005,2.064119,1.8653657,2.6056743,2.633727,2.5467196,2.0539541,2.1739068,2.1613827,2.3124502,2.2632356,2.3833494,2.2228553,1.8976024,1.6278814,3.3352664,1.9271895,1.44149,0.95620114,1.9614404,1.8567604,2.3127408,2.1858075,2.137573,1.9142603,2.3849437,2.0822468,1.8343823,1.7614299,1.8979743,1.8289521,1.557469,1.840113,3.0354447,3.142916,2.9825711,2.9162645,2.3813677,2.3824162,2.6906576,2.4142778,3.8883388,2.785047,3.2565606,2.7354617,3.4530337,3.470566,3.0720782,2.726221,1.9270355,1.7786592,2.265312,3.0882614,2.3395848,2.9070027,2.3387117,2.7058294,3.798381,3.798381,3.9584644,3.7857325,3.8270652,3.467572,3.7142172,3.64027,3.1336143,3.3980765,3.7711976,3.7426112,4.6398087,4.6304126,5.0730186,5.1020575
21,2.052021,1.7740331,2.325407,1.8558804,1.8474622,2.690777,2.4616354,2.3594804,1.7177657,2.0344303,1.9238529,1.1738058,1.8858676,1.8293914,2.3989825,2.3639395,0.7480631,0.91723496,0.45931986,0.48591235,0.09944312,0.0,0.5243547,0.19710852,1.4023095,1.4023095,0.84289247,0.90676075,1.9515958,2.1665704,1.9648917,1.972993,2.1065714,2.8495858,3.1366863,2.9115658,1.3797967,1.4500055,1.5796669,1.2395135,1.4740515,1.3852241,1.3713353,1.4416667,1.5783409,1.71266,2.2182117,2.394672,2.3029573,2.1347408,3.7442603,3.431725,1.1669438,1.1813571,1.2593676,1.2438945,2.0632396,1.8647281,2.6220853,2.6554341,2.553997,2.0400257,2.170376,2.1656399,2.2601068,2.2120204,2.3317685,2.172694,1.8379203,1.5815525,3.2939117,1.8832424,1.382018,0.8907463,1.954557,1.8199999,2.2725575,2.1424415,2.0825741,1.845296,2.3440514,2.0402813,1.772566,1.7010189,1.8817394,1.769882,1.5276678,1.7977601,2.985883,3.094622,2.9323878,2.8675013,2.3743389,2.3739705,2.6579816,2.4070513,3.8693447,2.7753086,3.212852,2.718351,3.412599,3.4338813,3.018725,2.7150106,1.902017,1.7578919,2.2298133,3.082951,2.3091722,2.8742223,2.3058941,2.681412,3.7903128,3.7903128,3.9674363,3.7934508,3.8284163,3.4708872,3.716725,3.6427069,3.1469765,3.411299,3.7774367,3.7485714,4.6230497,4.62338,5.0730014,5.101381
22,2.1691282,1.8861759,2.1806839,1.9520938,1.9302647,2.7577147,2.6247606,2.499542,1.778816,2.024797,1.9522585,1.2897837,1.9382017,1.9070941,2.3762093,2.3941467,0.8749801,1.2488112,0.8478012,0.8660025,0.5542448,0.5243547,0.0,0.61298907,1.4517342,1.4517342,0.80683434,0.8499712,2.0297153,2.2075713,2.1044483,2.0496562,2.1837542,2.7647984,3.0788107,2.8259802,1.421318,1.3827925,1.3165017,1.3227952,1.2772081,1.4381827,1.1972325,1.5658863,1.7047741,1.8330952,2.2318282,2.2527506,2.327853,2.140288,3.6472018,3.3667047,1.2240351,1.2633528,1.3492857,1.2906535,2.1937556,1.694143,2.519859,2.5702033,2.6999037,2.0927422,1.9430693,2.2072344,2.3062606,2.1143708,2.2164812,2.084801,1.9334456,1.7543942,3.1448984,1.8229405,1.2203217,0.8495192,1.9062495,1.61605,2.008687,1.8518573,2.1269844,1.7108263,2.4629874,2.2696877,1.8733898,1.748995,2.1063583,1.8818645,1.6489468,1.9278902,2.8554094,2.9881957,2.7904084,2.7251034,2.4224007,2.3455174,2.6263318,2.3883357,3.9391594,2.889364,3.2050052,2.6362858,3.3731902,3.3915806,2.8522625,2.6334703,1.8700291,1.7164106,2.179909,3.1473215,2.363046,2.9130585,2.3398435,2.8753855,3.8652089,3.8652089,4.130604,3.9427197,3.8274863,3.5112293,3.7825973,3.7103825,3.2195852,3.3631628,3.8586738,3.8309236,4.600542,4.6015034,5.133786,5.16883
23,2.0626755,1.8034542,2.3931792,1.8321472,1.834486,2.634149,2.3824668,2.2921324,1.6996927,2.0689242,1.9364283,1.155309,1.9121917,1.8499097,2.4458122,2.3634567,0.79330605,0.83388394,0.4448114,0.47665346,0.21111579,0.19710852,0.61298907,0.0,1.4215801,1.4215801,0.89166313,0.95447826,1.9319004,2.164577,1.9222534,1.9691755,2.1054444,2.8686287,3.1578305,2.9395995,1.3776536,1.4500381,1.6548171,1.269934,1.4967302,1.4003118,1.4105946,1.4566166,1.5840602,1.7187133,2.1859176,2.3799934,2.3149555,2.1482759,3.722696,3.3886738,1.1854122,1.199096,1.2805301,1.2698473,2.0673265,1.8896194,2.6428497,2.6753268,2.6096106,2.1218522,2.2026463,2.2485743,2.3111916,2.2725816,2.3962753,2.2341704,1.8158803,1.6194414,3.3261006,1.8964396,1.4324539,0.9176252,1.9961916,1.8596898,2.3235204,2.1863286,2.1085556,1.874882,2.3869317,2.0311897,1.784842,1.7279699,1.8331056,1.7787282,1.5696231,1.820739,3.0403724,3.147257,2.9949067,2.933615,2.3886719,2.4004834,2.6819334,2.4346795,3.915956,2.8383062,3.274534,2.8084018,3.4986906,3.5163372,3.1371584,2.845185,1.959797,1.8237793,2.282851,3.166956,2.360849,2.9087262,2.362895,2.7117558,3.8284645,3.8284645,3.9761987,3.811892,3.8799314,3.5123568,3.757158,3.6824796,3.145611,3.4206295,3.8200524,3.7904396,4.6655674,4.670811,5.079412,5.1012974
24,2.9809752,2.3100936,2.7895098,2.4452133,2.4187162,3.240963,2.7073138,2.589071,2.3930619,2.7597177,2.6281242,1.5430355,3.063157,3.0279155,3.6281986,3.54447,1.5489227,1.8081273,1.5178351,1.5220637,1.4113843,1.4023095,1.4517342,1.4215801,0.0,0.0,1.4794091,1.5075446,2.2383716,2.3581152,2.3698483,2.2069793,2.5011747,3.1445992,3.4350271,3.1924965,1.9798219,1.5425622,2.1447535,1.9457641,2.07696,2.036966,1.9736599,2.0658739,2.2850494,2.3254812,2.5420103,2.086537,2.4106061,2.2920535,3.6743412,3.4364095,1.4274741,1.491349,1.6378605,1.6788969,1.7231475,1.4880586,2.3569367,2.4819908,3.4258394,3.113015,3.1296124,3.0169356,2.6640441,2.6332057,2.7258635,2.5997868,2.2383301,1.9836031,3.127456,2.3241549,2.0398989,1.7595707,2.5451555,2.4204814,2.6769376,2.5664477,2.499098,2.26289,2.8757222,2.5543551,2.262793,2.2143502,2.5482523,2.3192744,2.0517793,2.2764258,3.4531345,3.546525,3.4004655,3.3595006,2.9182339,2.8469303,3.0775735,2.8790715,4.410441,3.523198,3.66722,3.3532882,3.9681008,4.0065956,3.543945,3.275223,2.4193554,2.3295522,2.740888,3.4401436,2.8643222,3.3032982,2.8237767,3.1948116,4.2394557,4.2394557,4.4849496,4.252839,4.078551,3.9656901,4.186005,4.1172223,3.636725,3.8870091,4.2615075,4.2364798,4.9459662,4.9363017,5.4206605,5.4697647
25,2.9809752,2.3100936,2.7895098,2.4452133,2.4187162,3.240963,2.7073138,2.589071,2.3930619,2.7597177,2.6281242,1.5430355,3.063157,3.0279155,3.6281986,3.54447,1.5489227,1.8081273,1.5178351,1.5220637,1.4113843,1.4023095,1.4517342,1.4215801,0.0,0.0,1.4794091,1.5075446,2.2383716,2.3581152,2.3698483,2.2069793,2.5011747,3.1445992,3.4350271,3.1924965,1.9798219,1.5425622,2.1447535,1.9457641,2.07696,2.036966,1.9736599,2.0658739,2.2850494,2.3254812,2.5420103,2.086537,2.4106061,2.2920535,3.6743412,3.4364095,1.4274741,1.491349,1.6378605,1.6788969,1.7231475,1.4880586,2.3569367,2.4819908,3.4258394,3.113015,3.1296124,3.0169356,2.6640441,2.6332057,2.7258635,2.5997868,2.2383301,1.9836031,3.127456,2.3241549,2.0398989,1.7595707,2.5451555,2.4204814,2.6769376,2.5664477,2.499098,2.26289,2.8757222,2.5543551,2.262793,2.2143502,2.5482523,2.3192744,2.0517793,2.2764258,3.4531345,3.546525,3.4004655,3.3595006,2.9182339,2.8469303,3.0775735,2.8790715,4.410441,3.523198,3.66722,3.3532882,3.9681008,4.0065956,3.543945,3.275223,2.4193554,2.3295522,2.740888,3.4401436,2.8643222,3.3032982,2.8237767,3.1948116,4.2394557,4.2394557,4.4849496,4.252839,4.078551,3.9656901,4.186005,4.1172223,3.636725,3.8870091,4.2615075,4.2364798,4.9459662,4.9363017,5.4206605,5.4697647
26,2.570291,2.3172505,2.6923199,2.427064,2.400517,3.1724443,2.72355,2.6458116,2.0434098,2.473592,2.3215675,1.74055,2.1919377,2.193144,2.776034,2.7581093,0.80892324,1.3534374,0.87178385,0.86735785,0.83189553,0.84289247,0.80683434,0.89166313,1.4794091,1.4794091,0.0,0.086879194,2.3051372,2.3752348,2.4748263,2.289882,2.2441237,3.032775,3.3430893,3.095079,1.7213393,1.564212,1.531576,1.6271083,1.6514611,1.8277853,1.5323629,1.8876303,1.9656775,2.0778856,2.483004,2.5723443,2.569263,2.3650599,3.7898967,3.6004448,1.510299,1.5481085,1.6127545,1.5992643,2.4807837,1.9827144,2.7021616,2.788122,2.7167656,2.4604685,1.9725531,2.258183,2.5950627,2.3873694,2.5304186,2.3846407,2.0722888,1.8233176,3.4323106,2.0823474,1.5139916,1.2588563,2.1254086,2.1188707,2.1183717,2.1226456,2.320115,1.9130592,2.8326445,2.4762132,2.0988874,2.0120103,2.3621368,2.1114523,1.9785776,2.1399164,3.127748,3.260515,3.117769,3.0231118,2.5770829,2.4744797,2.7848437,2.5069175,4.156179,3.2295144,3.6907675,3.0584981,3.7259734,3.75039,3.2733445,2.9658418,2.1173518,1.9490567,2.5156047,3.225017,2.6253076,3.1600013,2.6251078,3.129217,3.909854,3.909854,4.0591526,3.882373,3.7962394,3.470193,3.782414,3.7158875,3.3284001,3.3776436,3.8676648,3.8452358,4.7262177,4.744192,5.324475,5.3467317
27,2.619943,2.367437,2.7227385,2.4741704,2.4459882,3.2074702,2.7666724,2.692217,2.0917387,2.5205681,2.3728042,1.7991397,2.238419,2.2406309,2.811661,2.8047009,0.84202623,1.3960464,0.92114204,0.91392094,0.8969288,0.90676075,0.8499712,0.95447826,1.5075446,1.5075446,0.086879194,0.0,2.3415384,2.399835,2.5156598,2.3238888,2.2873802,3.0786245,3.3877237,3.1401353,1.7816563,1.5957791,1.562105,1.6947558,1.6922455,1.9003559,1.5787781,1.9617822,2.027583,2.136693,2.534322,2.5970604,2.604121,2.4002934,3.8028672,3.6230485,1.5789993,1.6172187,1.6855649,1.6720995,2.5442965,2.009114,2.7200916,2.808643,2.7638588,2.5078802,1.9725761,2.2965374,2.6443505,2.41438,2.5575042,2.4125392,2.0903902,1.8455037,3.4526162,2.1206858,1.5443268,1.3171543,2.145024,2.1323082,2.1159148,2.1097274,2.368904,1.9366711,2.8818448,2.5323071,2.1384928,2.0532582,2.4038246,2.1494186,2.0345953,2.1875584,3.1414647,3.278896,3.1382194,3.0401952,2.6240382,2.5089765,2.819249,2.5413475,4.190853,3.2710626,3.7375162,3.0942037,3.7578492,3.7822332,3.2976496,2.980965,2.148389,1.9838178,2.5578537,3.2473195,2.6714292,3.1951635,2.673666,3.1938732,3.9372385,3.9372385,4.0801435,3.897774,3.8134472,3.4921336,3.8083014,3.7426314,3.361073,3.3897007,3.8983104,3.8764656,4.74702,4.7653384,5.3496904,5.3711743
28,1.5557697,1.3021699,1.5781672,0.9733653,0.9117492,1.9371973,1.6398946,1.5674952,2.5848958,2.8800373,2.7584672,2.3919556,2.7486076,2.7664049,3.2888339,3.1661792,2.1785533,2.4099588,2.0934289,2.1099951,2.0098784,1.9515958,2.0297153,1.9319004,2.2383716,2.2383716,2.3051372,2.3415384,0.0,0.5523122,0.73974526,0.4020925,2.594124,3.1094708,3.3987799,3.1880598,2.2393165,2.1485662,2.2559023,2.2946155,2.3586152,2.3085966,2.2880032,2.357535,2.5662243,2.6455657,2.7085679,3.071783,3.0248065,2.8462946,4.0499325,3.8348637,2.2530367,2.2406757,2.271956,2.253072,2.8080819,2.6365404,3.2046688,3.2908108,3.3466508,3.0058002,2.825157,2.970892,2.5645533,2.5278084,2.615494,2.4949718,2.3909159,2.30156,3.544518,2.2519715,2.0071292,1.7690537,2.7301352,2.4042327,2.6668253,2.5608866,2.2646377,2.0361035,2.9428608,2.6544158,2.2365139,2.316477,2.5999274,2.2769198,2.1197531,2.3371317,3.3439708,3.471743,3.273246,3.246953,2.8203986,2.8464484,3.1542428,2.9060555,4.357579,3.501123,2.6352904,3.2709944,3.8212938,3.8748507,3.3551168,3.7795591,2.4845054,2.3976786,2.59742,3.6193943,2.7763338,3.2276,2.7202933,3.1216931,4.244118,4.244118,4.514741,4.384342,4.6740055,4.322392,4.4764037,4.3800917,4.091413,4.2726703,4.389461,4.3608046,5.0413938,5.1439805,5.560246,5.5711193
29,1.8470664,1.6317639,1.6430287,1.4180675,1.3155634,2.1609812,1.8767419,1.8597013,2.8817968,3.1875048,3.0642345,2.7042751,2.9373097,2.9911375,3.4902194,3.4342265,2.3403206,2.715276,2.2769895,2.286271,2.2307682,2.1665704,2.2075713,2.164577,2.3581152,2.3581152,2.3752348,2.399835,0.5523122,0.0,1.1989715,0.61547905,2.7697923,3.307616,3.6132622,3.3782568,2.5005326,2.36507,2.3426251,2.567647,2.635096,2.623628,2.5249064,2.6458807,2.7871354,2.8622065,2.981829,3.2640157,3.1956317,2.9954102,4.0248857,3.9472187,2.503296,2.5051944,2.4932802,2.487541,3.0538166,2.8292913,3.3931215,3.5061727,3.527362,3.2417872,2.9241338,3.1125038,2.7180068,2.653239,2.7273548,2.6197681,2.4645205,2.3799937,3.6575754,2.4514904,2.1371946,1.95238,2.8025925,2.522403,2.726277,2.614893,2.395012,2.084336,3.1150906,2.8019643,2.3583398,2.4548397,2.9003298,2.3844357,2.3315604,2.5013413,3.4120126,3.5440114,3.367549,3.3257926,2.923743,2.9306285,3.260742,2.9815443,4.564572,3.7464,2.8502307,3.4472995,3.9601543,4.017916,3.4169436,3.9381647,2.6581805,2.569325,2.8145254,3.7160847,2.9784641,3.4096966,2.937996,3.3449721,4.3269076,4.3269076,4.633105,4.4604077,4.739649,4.3825817,4.578351,4.485241,4.2585783,4.3884583,4.4819193,4.459809,5.105287,5.237213,5.78109,5.7792172
30,1.3479477,1.0150868,1.7447832,0.54484063,0.60361844,1.6671447,1.542838,1.456069,2.5107262,2.781167,2.665697,2.2223382,2.7016783,2.6682854,3.156304,3.004435,2.1845806,2.2115755,2.07015,2.0903716,2.0093763,1.9648917,2.1044483,1.9222534,2.3698483,2.3698483,2.4748263,2.5156598,0.73974526,1.1989715,0.0,0.8262812,2.7648082,3.3501706,3.5791397,3.434582,2.404946,2.3034072,2.509485,2.365638,2.4235554,2.3590236,2.4052973,2.4365973,2.5397756,2.6183662,2.8104606,2.9816787,3.0921652,2.9568164,4.216269,3.8916392,2.3573616,2.3383148,2.4039516,2.3784776,2.827126,2.683901,3.21199,3.2305634,3.4597173,2.9930458,2.9497955,3.0195446,2.7735019,2.7227254,2.8251002,2.682878,2.5159953,2.4102497,3.6826196,2.4689994,2.1910565,1.9058087,2.654486,2.3868947,2.8912184,2.7102153,2.4970016,2.2967591,2.9929318,2.7105944,2.3987153,2.4787633,2.4206858,2.3698192,2.0923588,2.374848,3.4780812,3.5762258,3.3997629,3.3849788,2.8924427,2.9835386,3.301817,3.0371766,4.2763696,3.3098516,2.607177,3.2112525,3.834049,3.8482447,3.4869678,3.7091217,2.5890446,2.5229566,2.6747046,3.5474508,2.818886,3.2776542,2.8006837,3.1237097,4.1902103,4.1902103,4.299699,4.1812873,4.6785526,4.3173285,4.456068,4.3545218,3.990157,4.2381673,4.376448,4.345254,5.121876,5.193382,5.4560046,5.4516277
