,0,1,2,3,4,5,6,7,8,9,10,11,12,13,14,15,16,17,18,19,20,21,22,23,24,25,26,27,28,29,30,31,32,33,34,35,36,37,38,39,40,41,42,43,44,45,46,47,48,49,50,51,52,53,54,55,56,57,58,59,60,61,62,63,64,65,66,67,68,69,70,71,72,73,74,75,76,77,78,79,80,81,82,83,84,85,86,87,88,89,90,91,92,93,94,95,96,97,98,99,100,101,102,103,104,105,106,107,108,109,110,111,112,113,114,115,116,117,118,119,120,121,122,123,124,125,126,127
0,0.0,2.9944525,3.4341216,3.179602,3.5119631,3.540161,3.8050523,3.7322707,2.896076,2.918496,2.9073093,3.0168009,2.8233378,2.7204132,3.4456208,2.9264534,2.952343,2.970726,2.5899172,2.776404,2.5094123,2.6610677,3.266525,2.8521607,3.1472561,3.1472561,3.044339,3.047694,2.6370928,2.5344515,3.1432106,2.9868498,2.9221177,2.9464965,2.4847603,2.7176824,3.2705505,2.7790632,2.7033064,2.7063692,3.57469,3.284454,3.1637235,3.3859584,3.036657,2.3122926,2.4901469,2.474644,3.190665,2.5266707,3.004233,2.4122803,3.2366548,3.2224846,2.7336094,3.7858431,3.3581684,2.6613314,2.2584126,2.3999188,2.6159644,3.7822707,2.8257263,2.9215496,2.5142841,2.6818123,2.6127043,2.6127043,2.6162798,2.6562772,3.5092697,2.9972389,3.563631,3.9946425,4.0121675,4.0416985,2.9247575,2.845299,2.8780494,3.0099535,2.5104158,2.5031474,2.3296413,3.0714722,3.2031763,3.2206717,3.2689893,4.1062617,2.9958515,2.7062788,3.1768613,3.2889419,3.5476367,2.4662092,3.3930116,3.6921573,2.866127,2.8278801,2.7824402,2.8230407,2.8452044,2.8394961,2.8401194,2.8472667,3.543192,3.3355694,3.554187,3.9548771,3.1385574,2.8471084,2.6950958,2.6958468,2.450987,2.5950508,2.674853,2.5477118,2.4776092,2.9324636,2.6798885,2.9132924,2.5964172,2.6179454,2.7436905,2.682317,2.621695,2.7535515,3.028544,2.8992786
1,2.9944525,0.0,1.6050224,1.6694517,2.234954,2.3009682,2.757523,2.4062765,3.9565725,4.3253546,3.9882028,3.9101925,3.9900498,4.008598,4.4285603,4.131839,2.773439,2.7869885,2.4429944,2.4582562,2.9050229,2.7808373,3.5802302,4.276311,4.5478687,4.5478687,4.3154116,4.379357,3.3343084,4.2219043,4.8366895,4.718975,4.343082,4.28167,3.392537,3.5041413,4.2183223,3.9767926,3.8670588,3.9237916,4.613143,4.4556055,4.1196938,4.0296164,4.153039,3.730481,3.9998074,4.052544,4.579569,4.3154507,4.457218,3.967195,4.4249473,4.3968887,3.9788888,4.7938113,4.3199306,4.3431745,3.8496852,3.9480221,4.035151,4.821958,4.4903173,4.641105,3.7850716,3.9193804,3.9661412,3.9661412,4.0795074,4.084774,4.986899,4.37391,4.82402,5.1884975,5.2633004,5.4641695,4.2145176,4.1160517,4.1106267,4.164411,3.813668,3.7215085,3.4493473,3.98087,4.3704996,4.3476605,4.576265,5.357986,4.247789,3.994446,4.0189443,4.1869,5.0244517,3.8888054,4.5681577,4.789838,4.386489,4.3549013,4.097173,4.379856,4.3613667,4.365287,4.3826413,4.3588314,3.931135,4.7567387,4.7352595,5.18573,4.4839606,4.3466306,4.3334966,4.3215103,3.247644,3.8745863,3.9474132,4.034489,3.9277573,4.208951,4.0984964,3.7880924,4.2763467,4.198467,4.348682,4.2765155,4.0471845,4.238539,4.50186,4.447634
2,3.4341216,1.6050224,0.0,1.1168106,2.7748559,2.8425534,2.3783545,1.9762065,3.57786,4.087126,3.6243582,3.478225,3.727027,3.7812715,4.1900077,3.9453712,2.8231044,2.8556094,2.2740173,2.338458,2.7006285,2.5855796,3.4095762,4.0181947,4.2012706,4.2012706,3.929348,4.0262556,2.9949632,4.5025754,4.499469,4.3677797,3.9123588,3.8132985,2.9473293,3.0198452,3.772111,3.5424547,3.3635433,3.502354,4.2247715,4.1211934,3.8529766,3.681723,3.9076166,3.5592456,3.6791182,3.7552495,4.1540933,3.8796315,4.022854,3.6813748,3.8094049,3.7929862,3.5411396,4.409099,3.907089,3.9942832,3.6043136,3.649855,3.6729326,4.4830613,4.078879,4.2560043,3.507357,3.6517055,3.663334,3.663334,3.7667117,3.824671,4.762571,4.128358,4.6156645,4.963576,4.9692726,5.2260017,4.0683827,3.8845456,3.8403237,3.9091594,3.807653,3.5947294,3.1168401,3.7405233,4.1143603,4.0975776,4.258273,5.063068,3.8945305,3.6264858,3.6574416,3.9569242,4.8142805,3.6123726,4.3256364,4.480654,4.0952697,4.0434604,3.848,4.174163,4.082248,4.0808854,4.105116,4.07449,3.5941865,4.41653,4.271561,4.783323,4.2374997,4.0651975,4.051865,4.049252,3.1838033,3.8168595,3.9016116,3.9750397,3.7777326,4.009762,4.0328946,3.69214,4.092624,4.026563,4.223411,4.169404,3.8779812,4.086603,4.2206993,4.2766385
3,3.179602,1.6694517,1.1168106,0.0,2.422125,2.4806895,2.0677538,1.5698097,3.5719528,4.004173,3.5574331,3.430433,3.5878172,3.5583606,4.144477,3.7981977,2.4476323,2.417032,1.9136697,1.9002316,2.2812274,2.175119,3.1309156,3.9562461,3.9436395,3.9436395,3.8923228,3.9939787,2.854636,4.1411476,4.585828,4.4524474,3.822626,3.8471894,2.8662634,2.9283795,3.6945913,3.4480233,3.4389317,3.3963406,3.9594817,3.9337382,3.6087255,3.485858,3.7928438,3.2805545,3.4521341,3.5051546,4.166859,3.8664076,3.8694835,3.5499341,3.7124584,3.6945317,3.2538676,4.201472,3.8183696,3.9006016,3.5140982,3.5699584,3.556673,4.378287,3.973797,4.147335,3.4444535,3.466798,3.6133358,3.6133358,3.6959732,3.742363,4.706379,4.070143,4.5636225,4.9173694,4.9040914,5.154269,3.984415,3.801639,3.758313,3.8505435,3.4906292,3.5425186,3.0596962,3.663909,3.96743,3.9193718,4.1259384,4.898842,3.7786257,3.5188026,3.5994158,3.8794658,4.737265,3.510428,4.102803,4.415614,4.126347,4.072762,3.8898654,4.2150936,4.120392,4.120291,4.138933,4.11222,3.5413876,4.3490295,4.212311,4.7329707,4.188245,4.0250254,3.9868045,3.9870336,3.018957,3.4283044,3.5807865,3.56406,3.6887496,3.9339507,3.859055,3.6173785,3.9946387,3.93982,4.134447,4.0838566,3.8778138,4.0173078,4.131158,4.1983824
4,3.5119631,2.234954,2.7748559,2.422125,0.0,0.39985958,1.9106034,1.7305472,3.759794,4.38815,3.709586,3.5798416,3.5966368,3.5207374,4.1876545,4.036053,2.5389438,2.4624195,2.1644106,2.502182,2.7680602,2.2313213,2.99595,3.7490742,4.016184,4.016184,3.9793797,4.051304,2.8676298,3.6575203,4.730718,4.684597,3.902899,3.9489872,4.028769,3.6286657,4.3096385,3.91551,3.9969187,3.9491422,3.8650656,3.7917454,3.3497972,3.347775,3.5490391,3.577717,3.8008418,3.8712137,4.2160487,4.506435,4.094257,3.8734047,4.3471494,4.32498,3.603698,3.826249,4.274515,4.168392,3.9372962,3.9159966,4.333055,4.242041,4.3161664,4.4328656,4.068486,3.9588122,4.1970134,4.1970134,4.236804,4.2658525,4.8269234,4.540589,4.390641,4.75219,4.6779485,4.6993017,4.0262036,4.0332446,3.943284,4.0045943,3.8866467,3.997745,3.6311133,3.6988294,4.1512156,4.0930486,4.9358425,4.8511662,3.698897,3.533241,3.6818001,3.924831,4.299894,3.6301007,4.0770082,4.495039,4.852899,4.844095,4.6133704,4.849728,4.8076444,4.8115816,4.836817,4.781678,3.4924436,4.454965,4.4410195,4.6176333,4.7080445,4.4574533,4.5353837,4.5333877,3.9697123,4.254016,4.332742,4.373157,4.4562273,4.7259493,4.619935,4.463792,4.79229,4.709524,4.851122,4.794469,4.664282,4.825927,5.050336,4.9669
5,3.540161,2.3009682,2.8425534,2.4806895,0.39985958,0.0,1.9653072,1.8008418,3.7946162,4.2849855,3.7984428,3.6392236,3.5941026,3.5281024,4.209191,4.057139,2.4025187,2.3121848,2.2119358,2.5401862,2.7011774,2.1968482,3.0208876,3.7722504,3.9315767,3.9315767,3.936375,4.0173306,2.8470502,3.6051795,4.7028856,4.641736,3.9254923,3.984772,4.109915,3.715278,4.3452783,3.9320753,4.0401564,3.977379,3.925712,3.8747327,3.416597,3.437255,3.6291802,3.663018,3.876413,3.9505994,4.3281584,4.5765595,4.1491656,3.943428,4.427601,4.403385,3.6813211,3.8920012,4.3645673,4.1415496,3.9821594,3.9618711,4.412693,4.3362794,4.3817196,4.501788,4.06604,3.9312384,4.177913,4.177913,4.2979565,4.233136,4.753477,4.4632607,4.3868194,4.7698636,4.680954,4.677643,4.112832,4.013266,3.8935134,3.9936187,3.7725208,3.8972576,3.6321912,3.5818284,4.0966535,4.033953,4.8571153,4.75949,3.770875,3.5952144,3.795066,4.0279098,4.3157396,3.6740103,4.1672626,4.5494947,4.9319987,4.9225025,4.7420726,4.8447547,4.8907833,4.8947153,4.9248133,4.8704963,3.6584535,4.5713854,4.550634,4.7341785,4.7422833,4.5225015,4.606606,4.6050453,3.9226375,4.278304,4.3838406,4.4167376,4.5128765,4.789103,4.635596,4.513333,4.8422976,4.7367797,4.8788934,4.824495,4.730476,4.8629074,5.0721703,4.998788
6,3.8050523,2.757523,2.3783545,2.0677538,1.9106034,1.9653072,0.0,1.5094818,3.5828972,4.1366587,3.5239244,3.3263464,3.5876024,3.513107,4.1697836,3.9787734,2.4903002,2.4489596,2.0073879,2.4372911,2.5367434,2.06667,2.4166193,3.6539252,3.8380055,3.8380055,3.8306525,3.9519668,2.8205936,4.2117233,4.6159654,4.516621,3.566277,3.6084547,3.901774,3.3736174,4.0699973,3.729354,3.7286062,3.7316937,3.745258,3.6559956,3.318918,3.2378676,3.516261,3.4398093,3.5934515,3.6721299,3.6523046,4.086639,3.7527184,3.6257796,3.8140154,3.7970078,3.2110858,3.616879,3.92052,3.8544245,3.7125092,3.6176176,3.899544,4.034874,3.9708636,4.073707,3.8879204,3.8143287,3.9778144,3.9778144,4.044695,4.082893,4.576756,4.323153,4.254817,4.56563,4.2051663,4.559484,4.0164924,3.8741539,3.805582,3.8978696,3.8495362,3.8418639,3.365559,3.5647252,4.0114408,3.9637568,4.629402,4.6460886,3.1095533,3.3765419,3.5614738,4.1238313,4.2604384,3.5595005,4.0052805,4.3861775,4.5453057,4.525851,4.345183,4.569446,4.4989767,4.4974246,4.5339026,4.4734035,3.2415514,4.2019906,4.094248,4.3706656,4.4449377,4.221023,4.280514,4.282317,3.8130696,4.072721,4.1556945,4.187118,4.236625,4.2454305,4.4219427,4.2944407,4.573207,4.4890556,4.684397,4.6234503,4.4828944,4.6625047,4.7422867,4.773834
7,3.7322707,2.4062765,1.9762065,1.5698097,1.7305472,1.8008418,1.5094818,0.0,3.3633635,4.063135,3.3321161,3.1278872,3.3574338,3.285329,4.009701,3.8437905,2.396304,2.3270175,1.874833,1.8605512,2.4355612,1.9080672,2.909509,3.7575526,3.8187382,3.8187382,3.813438,3.9232156,2.6418853,4.0440125,4.563505,4.505059,3.7226868,3.7604678,3.33406,2.8963907,3.6746356,3.3373325,3.3492434,3.2917516,3.4212327,3.4754462,3.08442,3.0036309,3.3241155,3.3262565,3.471711,3.5228846,3.902639,4.1049747,3.8121831,3.519254,3.7130225,3.702415,3.0967772,3.4621701,3.8800478,3.8679752,3.5944376,3.6419156,3.935695,3.9360244,3.9424608,4.084725,3.6808147,3.7166016,3.8256435,3.8256435,3.8561351,3.9215803,4.8750973,4.25179,4.473084,4.809311,4.443516,4.757764,3.7848642,3.674781,3.6183624,3.7088916,3.666598,3.769461,3.33712,3.4734986,3.9146402,3.8534658,4.6189246,4.8366904,3.5180435,3.270196,3.4415781,3.7784863,4.5841365,3.340083,3.9405162,4.312021,4.5703826,4.5203414,4.385269,4.6598463,4.549223,4.5478687,4.569302,4.51781,3.2207298,4.1829844,4.1118917,4.3420167,4.4417787,4.200895,4.2438073,4.253811,3.687468,4.0081697,4.159104,4.1280456,4.246896,4.477755,4.45256,4.2854147,4.5312533,4.4807987,4.672817,4.61246,4.4451585,4.60147,4.7269983,4.731027
8,2.896076,3.9565725,3.57786,3.5719528,3.759794,3.7946162,3.5828972,3.3633635,0.0,2.6736367,1.0601548,1.2222286,0.821546,0.99844164,1.643963,1.6307937,3.6458602,3.6242027,3.1455343,3.310789,2.9178727,3.041014,3.23985,2.571579,2.7313514,2.7313514,2.4836056,2.5757885,2.3509884,3.207078,2.426913,2.4506073,2.6881313,2.6235068,2.3582,1.707411,2.7371569,2.3684096,2.1058989,2.2865338,2.9199278,2.6264853,2.5812943,2.236023,2.3963628,2.4728181,2.5168886,2.519196,2.3598464,2.624035,2.6973267,2.4357097,2.1815948,2.1825855,2.5540247,2.738423,2.6739955,2.603621,2.094534,2.3549654,2.3310032,2.1949382,2.6388178,2.8439207,2.2589953,2.7080963,2.3878872,2.3878872,2.3185248,2.5512557,3.5363607,2.864015,3.5565689,3.9987195,3.340602,3.6288776,2.40493,2.047755,2.0791092,2.693962,2.7632818,2.6415362,2.1329951,2.3346946,2.7019792,2.7508125,3.5938058,3.7572918,2.776846,2.5419548,2.662758,3.051184,3.5224113,2.1888978,2.9580054,2.8165967,3.0784645,3.0088272,2.83196,3.2052855,3.0590246,3.0378346,3.0730927,3.0304928,3.2838,2.6338968,2.9049993,2.8818114,3.0859241,2.7051532,2.7766306,2.7947617,3.7508385,3.4765809,3.5532134,3.464194,3.2396905,3.3926995,3.557255,3.207838,3.178262,3.2454147,3.2271035,3.3297255,3.16609,3.205027,3.5059922,3.3978083
9,2.918496,4.3253546,4.087126,4.004173,4.38815,4.2849855,4.1366587,4.063135,2.6736367,0.0,2.771945,2.7629697,2.6026459,2.7106686,3.1554163,2.8856692,3.5210297,3.5172403,3.5734885,3.6846075,3.2226388,3.2380934,3.8483188,2.861277,2.458572,2.458572,2.6258287,2.7072117,2.7094512,3.6127293,2.4469438,2.2920566,2.832276,2.879662,3.1949039,2.9088285,3.0005126,2.5809567,2.4572556,2.545273,3.5253682,3.2601426,3.1808724,3.4681842,2.9713063,2.9542048,2.9581423,2.9723349,3.1002643,3.1128633,3.423918,2.9416602,3.4327767,3.4401186,3.2162764,3.5892692,3.9134338,2.6026835,1.6910759,1.8248113,2.780859,3.0457933,3.083006,3.2719996,2.5070825,2.7485785,2.3737888,2.3737888,2.8159785,2.5089366,3.2531724,2.5820847,3.2516756,3.7738073,3.1765034,3.4056845,3.4426124,2.3887906,2.329883,2.4677389,2.7462616,2.572683,2.933814,2.7802327,2.5932837,2.595115,2.985111,3.3710923,3.3450625,3.0930257,3.2678103,3.6239269,3.8022006,2.6641061,3.390446,3.6750188,3.406516,3.3515253,3.7134316,3.0536494,3.400685,3.3814127,3.4006288,3.3828757,3.9631565,3.3238826,3.4401362,3.5447948,2.5192585,3.0591106,3.0308714,3.0686774,3.4076154,3.5514078,3.6892278,3.580428,3.298628,3.5083985,3.0374253,3.6709585,3.2399747,3.227358,3.3886561,3.3011556,3.49802,3.3814332,2.9787066,3.4842563
10,2.9073093,3.9882028,3.6243582,3.5574331,3.709586,3.7984428,3.5239244,3.3321161,1.0601548,2.771945,0.0,0.9473796,1.2861857,1.3911393,2.2056155,2.0564554,3.8329911,3.8108225,3.1954546,3.406508,3.2414727,3.0779011,3.4739685,2.3968866,2.774021,2.774021,2.6029124,2.6841855,2.4635837,3.2709062,2.4993877,2.6231494,2.5397031,2.513895,2.2895904,1.531716,2.657785,2.3654501,2.155026,2.2779877,2.7301817,2.3809626,2.2973807,1.8348706,2.1468136,2.1964848,2.283169,2.2803788,1.9035888,2.394745,2.4906597,2.1806533,1.8331665,1.8374709,2.2626002,2.3907263,2.246597,2.450647,1.9103242,2.0690782,1.996371,1.7390724,2.2374096,2.4970088,2.4611475,2.8665133,2.6052616,2.6052616,2.359441,2.8332405,3.7561564,3.230075,3.3284574,3.754023,3.4936185,3.7319005,2.4818819,2.3881361,2.5614934,2.5923076,3.0093138,2.9195962,2.2605634,2.6557086,3.006339,3.0285044,3.8972108,3.9487553,2.6285207,2.3963394,2.591638,2.9883323,3.3116155,2.002037,2.8600857,3.2716758,3.1786745,3.1226366,2.757474,3.446217,3.158939,3.1325665,3.1676373,3.1180995,3.1846426,2.512526,2.7553148,2.7224581,3.089629,2.8189087,2.8279533,2.8501432,3.9017992,3.5276034,3.5762274,3.4732926,3.3377342,3.4768715,3.601664,3.2608492,3.254961,3.3898904,3.4674497,3.4472878,3.266464,3.2939131,3.5308862,3.487096
11,3.0168009,3.9101925,3.478225,3.430433,3.5798416,3.6392236,3.3263464,3.1278872,1.2222286,2.7629697,0.9473796,0.0,1.4111891,1.4759547,2.4023342,2.2583988,3.5851214,3.5530927,3.0694058,3.2378392,3.186118,2.9491756,3.3815808,2.5787253,2.617803,2.617803,2.4804597,2.6504672,2.3599486,3.2534258,2.5565925,2.66908,2.6798575,2.642475,2.3610156,1.6086799,3.001639,2.6224537,2.3093507,2.5628483,3.1073782,2.855404,2.740462,2.3903387,2.6145196,2.74566,2.774997,2.7791154,2.044873,2.537902,2.5768168,2.3464243,1.9789332,1.9840274,2.3075652,2.36083,2.4074955,2.3803203,2.0783134,2.2313492,2.3650305,2.080727,2.38402,2.5915794,2.5001388,2.8779364,2.6753998,2.6753998,2.4586906,2.6996639,3.6678588,3.0686243,3.4133286,3.8402932,3.3964603,3.7258997,2.7572687,2.3427076,2.5439036,2.6062698,2.7947936,2.6375415,1.8232859,2.290354,2.7831695,2.7871435,3.7384212,3.803862,2.6184244,2.4400804,2.751805,3.386107,3.4779282,2.1910431,2.769324,3.4413939,3.3890128,3.3320415,3.0483892,3.4966276,3.328343,3.299181,3.3520021,3.3027227,3.3083012,2.706649,3.0250514,2.8837414,3.1164956,2.7179062,3.0232043,3.0496156,4.0773196,3.8966033,3.9738123,3.8737822,3.709419,3.8294585,3.992884,3.6923966,3.669421,3.7286136,3.8868408,3.8659256,3.6899476,3.7667665,3.9950879,3.9246328
12,2.8233378,3.9900498,3.727027,3.5878172,3.5966368,3.5941026,3.5876024,3.3574338,0.821546,2.6026459,1.2861857,1.4111891,0.0,0.621252,1.561124,1.5569295,3.6187155,3.5621889,3.1376057,3.40546,2.7624662,2.9192731,3.2477143,2.3770044,2.3932817,2.3932817,2.3217676,2.4073205,2.2698703,2.8557978,2.4724293,2.5072803,2.5175788,2.5568917,2.6575437,2.1267717,2.9106054,2.5369496,2.4440427,2.4999363,2.8235567,2.6472182,2.5034676,2.2678936,2.4697554,2.52432,2.5377753,2.556117,2.6449687,2.77941,2.709009,2.5525448,2.3995645,2.394715,2.519677,2.6834397,2.8596733,2.5971394,2.2838001,2.4516292,2.5691845,2.4146698,2.681655,2.9274473,2.3001425,2.620977,2.4680598,2.4680598,2.437867,2.606429,3.3704994,2.9188886,3.44897,3.9652908,3.5507338,3.524515,2.6146133,2.214779,2.144348,2.7901359,2.7727175,2.7870533,2.2261791,2.3999586,2.7572672,2.7751014,3.5826764,3.5292268,2.877886,2.5354319,2.6925142,3.046812,3.2628496,2.2578583,2.8076007,2.7661016,3.3147092,3.2806056,3.1161914,3.3825328,3.2921154,3.273281,3.3188305,3.2783232,3.4528694,2.798084,3.0584123,3.0755174,3.1705909,2.8530693,2.935249,2.947265,3.7838068,3.4487343,3.54152,3.4355543,3.383148,3.6094222,3.5803595,3.354939,3.3326018,3.405358,3.3006828,3.435255,3.3865201,3.314486,3.5977223,3.5149205
13,2.7204132,4.008598,3.7812715,3.5583606,3.5207374,3.5281024,3.513107,3.285329,0.99844164,2.7106686,1.3911393,1.4759547,0.621252,0.0,1.8173671,1.6876597,3.4018152,3.3476195,2.899156,3.143864,2.6319103,2.7234821,3.102296,2.3236978,2.398307,2.398307,2.3928971,2.4989867,2.1727397,2.6774027,2.4972167,2.550269,2.4756906,2.5573452,2.5959725,2.0419624,3.0891805,2.446117,2.4160492,2.4018571,2.6551888,2.5166204,2.3596044,2.148375,2.360316,2.3738408,2.3931792,2.397477,2.576464,2.7208257,2.5794082,2.4137454,2.3123944,2.3132772,2.343209,2.5392277,2.704448,2.522343,2.2277877,2.4223826,2.517514,2.3738198,2.5875857,2.7108083,2.442441,2.720565,2.6036725,2.6036725,2.352127,2.5341783,3.3587248,2.8745368,3.4349728,3.9452028,3.4699638,3.4809499,2.468623,2.1436636,2.0733304,2.7394876,2.648735,2.7501328,2.1859212,2.368514,2.7167852,2.7249618,3.5554225,3.5085218,2.6317124,2.2767508,2.6301258,2.9811857,3.2142677,2.1467988,2.7146804,2.7193658,3.2858732,3.247814,3.1022997,3.3820987,3.2733595,3.2549992,3.2973838,3.257903,3.275061,2.7301002,3.0002897,3.0276008,3.1881282,2.827373,2.8817654,2.895134,3.7374146,3.3136625,3.4245465,3.2888465,3.3627844,3.6964986,3.5258193,3.3292928,3.273027,3.3544538,3.279213,3.3914847,3.3345177,3.3848429,3.6287296,3.4531662
14,3.4456208,4.4285603,4.1900077,4.144477,4.1876545,4.209191,4.1697836,4.009701,1.643963,3.1554163,2.2056155,2.4023342,1.561124,1.8173671,0.0,0.8132796,4.2770767,4.218422,3.8014278,4.086333,3.2577107,3.6327627,3.2888942,2.8608298,2.9684024,2.9684024,2.8606863,2.8611465,2.8591683,3.538609,2.9716482,2.9297411,3.2148657,3.219397,3.419979,3.0430582,3.4813476,3.3062062,3.1361594,3.253557,3.6310215,3.358983,3.3578773,3.1996877,3.219595,3.2903018,3.271789,3.2923548,3.2930715,3.807786,3.854405,3.7407587,3.608946,3.6135373,3.7108266,3.9092488,4.0629554,3.8350778,2.8754117,3.064938,3.3384151,3.0175967,3.8928556,4.111134,2.3949237,2.7812998,2.4612846,2.4612846,2.3419356,2.5764165,3.2665005,2.9049623,3.5668757,4.1175203,3.5538642,3.510483,2.6064515,2.186097,2.0683384,2.992526,3.7397988,3.674281,3.2613697,3.3902774,2.6622825,2.7151752,3.433357,3.3308122,3.7667096,3.540882,2.4833858,2.9190135,4.128478,3.3478365,2.6360536,2.0737257,3.1025522,3.1174304,3.1008615,3.2641115,3.0935283,3.0894785,3.1235921,3.0875921,3.5907276,2.8129141,3.0011566,3.027021,3.1684759,2.8203204,2.9052405,2.9013166,4.327939,3.5120878,3.4674757,3.5293126,3.2314973,3.376972,3.4778368,3.2181919,3.2166557,3.2921557,3.0192912,3.2608657,3.227082,3.0947924,3.472152,3.352309
15,2.9264534,4.131839,3.9453712,3.7981977,4.036053,4.057139,3.9787734,3.8437905,1.6307937,2.8856692,2.0564554,2.2583988,1.5569295,1.6876597,0.8132796,0.0,3.8703737,3.8111937,3.4445622,3.71341,2.9256496,3.294728,3.026132,2.6322167,2.6869838,2.6869838,2.6700137,2.6855552,2.6031919,3.1940298,2.7802727,2.6886213,2.9995542,3.0508966,2.986374,2.726419,3.3030033,3.0480638,2.9201,2.9741447,3.5320702,3.2341568,3.2189395,3.0580134,3.1047044,2.9221168,2.9388957,2.943866,3.0993326,3.5032265,3.637573,3.4791448,3.370287,3.372119,3.4534326,3.8753579,3.7665348,3.5286796,2.5131903,2.7172353,2.9293718,2.953916,3.6425648,3.8371103,1.9856224,2.3989272,2.0363014,2.0363014,1.8646634,2.053307,2.8902788,2.429447,3.20575,3.8005207,3.433401,3.4217622,2.2966492,1.780507,1.7609526,2.561905,3.2634988,3.248585,2.9078486,3.113376,2.243202,2.288432,2.8728137,3.0339065,3.5619092,3.3373733,2.2969139,2.7199562,4.024191,3.1365957,2.4380994,2.2231154,2.6665416,2.6759849,2.6762028,2.781645,2.6797168,2.6764817,2.7133577,2.6851175,3.4196002,2.6501856,2.8005135,2.9897618,2.868595,2.4774044,2.5066345,2.5030625,3.875338,2.9058704,2.8851037,2.9271483,2.7093089,2.9220655,2.9386785,2.6501167,2.660902,2.7224016,2.5453832,2.7247565,2.693058,2.5714808,2.993158,2.802988
16,2.952343,2.773439,2.8231044,2.4476323,2.5389438,2.4025187,2.4903002,2.396304,3.6458602,3.5210297,3.8329911,3.5851214,3.6187155,3.4018152,4.2770767,3.8703737,0.0,0.23845448,1.3829615,1.5754423,1.8434559,1.4297878,2.6117022,3.3837543,3.4453843,3.4453843,3.411026,3.5171895,2.4709983,3.3921354,4.1411495,3.9022696,3.350494,3.419711,3.359602,3.2031448,3.9429705,3.1879702,3.2329652,3.1395414,3.6458924,3.5874825,3.3054965,3.521625,3.4133143,3.1628618,3.2952986,3.317907,3.965275,3.8618224,3.7767045,3.3937273,3.9780374,3.962976,3.2254465,3.8793948,4.0584197,3.2780895,3.3373754,3.3295598,3.8720462,4.3011646,3.8583238,3.827793,3.352191,3.4686644,3.4236145,3.4236145,3.647765,3.1920767,3.7621696,3.2351723,3.7491586,4.22958,3.9261062,4.012524,3.5255759,3.0981286,3.0334618,3.1500773,2.545594,2.6539123,3.024594,2.6654925,3.1392746,3.0907612,3.5622609,3.9599228,3.3642302,3.1497965,3.6654444,3.8361864,4.2995353,3.3128438,4.133919,4.406371,4.1630244,4.1109486,4.3166947,3.7975073,4.1649084,4.1716394,4.189702,4.1563764,3.4753525,4.264584,4.2341876,4.5729876,4.2276587,3.909197,3.9033597,3.9185433,2.634891,3.2906184,3.5197756,3.4728754,3.5707045,4.007237,3.6667705,3.809253,3.8188572,3.5774853,3.9649003,3.8134682,3.7830963,4.068762,4.1515784,3.977355
17,2.970726,2.7869885,2.8556094,2.417032,2.4624195,2.3121848,2.4489596,2.3270175,3.6242027,3.5172403,3.8108225,3.5530927,3.5621889,3.3476195,4.218422,3.8111937,0.23845448,0.0,1.4184141,1.6001197,1.7870072,1.383255,2.5660841,3.3838327,3.3731778,3.3731778,3.416084,3.5247617,2.4461102,3.3209784,4.158498,3.9273784,3.3707013,3.4628918,3.394712,3.2230725,3.9330552,3.221078,3.2890975,3.1736262,3.6407933,3.6019793,3.3009121,3.5118313,3.4392638,3.192393,3.3231547,3.3451827,3.9986353,3.9228253,3.803088,3.4435678,4.0001454,3.984455,3.2343783,3.8666935,4.088505,3.3138714,3.3674474,3.3661673,3.910785,4.300724,3.895166,3.8816736,3.3457203,3.4109964,3.3938177,3.3938177,3.6363928,3.171074,3.7673004,3.2409854,3.7515488,4.219357,3.9386673,4.014117,3.5279677,3.078712,3.007704,3.1443386,2.5333455,2.693851,3.0369823,2.6631155,3.1026452,3.0450697,3.5439522,3.906578,3.4050617,3.1847222,3.6480799,3.829764,4.319883,3.3406503,4.0723915,4.377531,4.1802835,4.131871,4.3305554,3.8142538,4.1805873,4.1872687,4.208661,4.174463,3.4838908,4.248154,4.223023,4.555275,4.217799,3.892004,3.901913,3.9160855,2.7219658,3.2978523,3.535744,3.4805014,3.6147633,4.0388947,3.7119803,3.8469043,3.8688314,3.6329932,4.0032306,3.8622723,3.840825,4.08908,4.1910505,4.023712
18,2.5899172,2.4429944,2.2740173,1.9136697,2.1644106,2.2119358,2.0073879,1.874833,3.1455343,3.5734885,3.1954546,3.0694058,3.1376057,2.899156,3.8014278,3.4445622,1.3829615,1.4184141,0.0,1.1464266,1.4565403,0.8532205,2.178725,2.7934356,3.2506514,3.2506514,3.1127086,3.183061,2.000514,3.1842556,3.843109,3.6794288,2.7163773,2.765131,2.8639853,2.6860476,3.5305352,2.73774,2.740401,2.685863,2.9248111,2.87774,2.6081438,2.8399599,2.752435,2.4748898,2.546731,2.5935645,3.2914033,3.2035682,3.1129766,2.755599,3.3249292,3.3201065,2.4407601,3.278865,3.4736233,3.022553,2.918113,2.868611,3.3337264,3.8096757,3.2047,3.1826222,3.0625553,3.1774204,3.2078323,3.2078323,3.0833452,3.0670164,3.7448845,3.3640065,3.5343537,3.9891315,3.8110726,3.819863,2.9954727,3.002438,2.9115689,3.039777,2.986387,3.0209692,2.719628,2.9834,3.2537456,3.2211587,3.6906345,4.0069737,2.6452796,2.3496375,2.856057,3.091881,3.6906776,2.7141774,3.445741,3.7069323,3.6297114,3.5963354,3.6342328,3.6486118,3.6224318,3.6275258,3.6384058,3.599622,2.6107354,3.5671413,3.5192933,3.932939,3.854998,3.4385915,3.3524528,3.3606596,2.5754988,2.9229593,3.0450768,3.0252917,3.1257963,3.6253521,3.3539102,3.4515562,3.4021347,3.3069034,3.5615995,3.4662056,3.3258886,3.6869326,3.7919273,3.614987
19,2.776404,2.4582562,2.338458,1.9002316,2.502182,2.5401862,2.4372911,1.8605512,3.310789,3.6846075,3.406508,3.2378392,3.40546,3.143864,4.086333,3.71341,1.5754423,1.6001197,1.1464266,0.0,1.877359,1.4521358,2.6212754,3.5044599,3.570587,3.570587,3.4903138,3.5830128,2.3033998,3.3620224,4.0500336,3.923549,3.4832525,3.5186281,2.6841524,2.5345643,3.5029697,2.6339023,2.6787682,2.5630195,3.189231,3.2128408,2.9687655,3.1827917,3.0618815,2.777522,2.8910818,2.9034503,3.6143153,3.447048,3.3733888,2.9067936,3.4980319,3.4980526,2.703349,3.5181334,3.706932,3.3180907,3.0456688,3.2174842,3.5631797,4.059087,3.4860456,3.4489136,3.185736,3.3322458,3.3628721,3.3628721,3.212608,3.173292,4.397779,3.4595175,4.234517,4.6405478,3.9480374,4.437313,3.1482518,3.1271186,3.0557826,3.205769,2.9396796,3.0756855,2.9162526,3.1732202,3.4440575,3.4077551,3.8767636,4.5976257,2.9983783,2.6672628,3.2306383,3.4568841,4.3984656,2.7813776,3.7503033,4.0133514,3.9147542,3.8320231,3.9402568,3.9449737,3.9298186,3.9323082,3.929061,3.9026845,3.0707545,3.910967,3.8834653,4.211048,4.104454,3.7277381,3.6397197,3.6557891,2.6546738,3.1334014,3.3449533,3.2295163,3.4311268,3.8979793,3.6507792,3.746369,3.6333306,3.576409,3.8627775,3.7465036,3.6053271,3.9514263,4.056746,3.8654385
20,2.5094123,2.9050229,2.7006285,2.2812274,2.7680602,2.7011774,2.5367434,2.4355612,2.9178727,3.2226388,3.2414727,3.186118,2.7624662,2.6319103,3.2577107,2.9256496,1.8434559,1.7870072,1.4565403,1.877359,0.0,1.1950145,1.861134,2.7260623,2.7848697,2.7848697,2.8923278,2.9108992,1.9425234,2.8696659,3.6463814,3.3889759,2.64995,2.7711442,3.0589478,2.9520245,3.1375568,2.6188614,2.7166994,2.5629258,2.8822362,2.9146943,2.7035732,3.069654,2.8940253,2.5337126,2.4937074,2.5441363,3.515302,3.2641435,3.2083347,2.9596424,3.4894216,3.4818075,2.6195955,3.547604,3.8938522,3.0412235,3.0087345,3.0194094,3.501568,4.091234,3.3607852,3.470412,2.5896494,2.5410824,2.5894105,2.5894105,2.8502085,2.6520112,3.3789296,2.9475803,3.5755086,4.0273037,3.6544275,3.6089413,2.8571234,2.6867518,2.3893409,3.0198233,2.8433466,2.965899,2.825258,2.9400804,2.9820352,2.9636676,3.1708379,3.6034937,2.9134078,2.6369314,2.834739,3.0118198,3.741103,2.805772,3.348435,3.1483808,3.3497107,3.3253787,3.5780232,3.2478669,3.3639514,3.374754,3.3915143,3.3639946,2.9895508,3.4844837,3.4374156,3.9345438,3.714629,3.239325,3.0596168,3.0585642,2.2268112,2.4753537,2.668407,2.6003478,2.7375653,3.1434715,3.0325704,3.3164268,3.0723143,2.9615989,3.0154452,3.0698338,3.0791454,3.1578205,3.3729203,3.2480636
21,2.6610677,2.7808373,2.5855796,2.175119,2.2313213,2.1968482,2.06667,1.9080672,3.041014,3.2380934,3.0779011,2.9491756,2.9192731,2.7234821,3.6327627,3.294728,1.4297878,1.383255,0.8532205,1.4521358,1.1950145,0.0,1.9880908,2.4625752,2.7434826,2.7434826,2.8803668,2.9359813,1.6984419,2.823049,3.5868208,3.4225504,2.4869535,2.6140525,3.0584092,2.7619843,3.2105694,2.5026531,2.6023676,2.46297,2.6047244,2.6348393,2.317194,2.7162683,2.548742,2.4279494,2.4078076,2.4671052,3.1579478,3.2049775,3.0426078,2.7353635,3.3432217,3.3393643,2.328438,3.0440948,3.6161647,2.790179,2.8608327,2.7981677,3.4800098,3.7785056,3.095055,3.1398647,2.8675334,2.820033,2.8587344,2.8587344,2.918051,2.805883,3.55715,3.1552837,3.2355528,3.6782706,3.50415,3.478662,2.8216834,2.7486498,2.591659,2.6863456,2.8969302,2.9765906,2.8126829,2.826218,3.0339081,2.9872715,3.5095835,3.6671789,2.5680487,2.237727,2.7081425,2.9476755,3.5248365,2.5473394,3.2452245,3.590494,3.60395,3.5824838,3.7351484,3.5301037,3.6064715,3.6112442,3.6357346,3.5904727,2.6358445,3.3991206,3.3443036,3.731892,3.7715528,3.3404405,3.2246268,3.2335238,2.5850787,2.8968368,3.0645142,3.011544,3.1367638,3.595865,3.3702507,3.6266806,3.4262676,3.3344872,3.5743496,3.4604719,3.4116104,3.6090593,3.7386556,3.60198
22,3.266525,3.5802302,3.4095762,3.1309156,2.99595,3.0208876,2.4166193,2.909509,3.23985,3.8483188,3.4739685,3.3815808,3.2477143,3.102296,3.2888942,3.026132,2.6117022,2.5660841,2.178725,2.6212754,1.861134,1.9880908,0.0,2.8595634,3.0994613,3.0994613,3.2022798,3.2089996,2.3281093,3.2368839,3.889479,3.6729932,3.106021,3.188113,3.9493144,3.523806,3.7488422,3.2721527,3.2727113,3.260921,3.3893685,3.234152,3.1734493,3.50826,3.2210042,3.1595354,3.0991852,3.1588075,3.19796,3.8669963,3.6933506,3.6357834,4.068673,4.069797,3.2797744,3.8511689,4.475249,3.7388144,3.4340951,3.4177725,4.07635,4.2068915,3.9583914,4.0015907,2.9388478,2.834319,2.8528926,2.8528926,2.8450706,2.8042495,3.3785722,3.0995698,3.4247384,3.8435159,2.8598282,3.283588,2.6437066,2.7399943,2.5192838,3.0115397,3.7449307,3.721849,3.4708917,3.5513008,2.9763918,2.9794683,3.4704552,3.5099435,2.793123,3.1153593,2.5396397,3.181397,4.0519943,3.3721428,3.0002482,2.9933698,3.4098015,3.4314978,3.68766,3.405623,3.397579,3.4150515,3.4400535,3.3883677,2.7610462,3.2788947,3.2060502,3.5180268,3.9732018,3.2479274,3.1894493,3.1797535,3.3652468,3.0248597,3.0264502,3.1225512,3.0262876,3.068079,3.505202,3.7222893,3.4128382,3.3148558,3.4166586,3.4146347,3.3834906,3.5425186,3.885209,3.5853646
23,2.8521607,4.276311,4.0181947,3.9562461,3.7490742,3.7722504,3.6539252,3.7575526,2.571579,2.861277,2.3968866,2.5787253,2.3770044,2.3236978,2.8608298,2.6322167,3.3837543,3.3838327,2.7934356,3.5044599,2.7260623,2.4625752,2.8595634,0.0,2.198889,2.198889,2.1676433,2.0883036,2.087952,2.7466962,2.412678,2.3083117,1.1038357,1.2348384,3.3903592,3.0259726,3.1616013,2.565444,2.489345,2.5497,2.3774812,2.072552,2.0637264,2.4935958,2.010339,2.2617793,1.9792379,2.0548246,2.1653163,2.6900167,2.785947,2.6453125,3.0769646,3.0889823,2.4963331,2.817773,3.4485364,2.370703,2.4094105,2.0917346,3.0993621,3.002503,2.5174289,2.617578,2.5486856,2.7056963,2.4216337,2.4216337,2.2583618,2.4630527,2.4302702,2.8653631,1.645055,2.4036427,3.0186973,2.0798616,2.2211156,2.3235307,2.248739,2.0680962,3.481454,3.2940354,3.0187614,3.03547,2.7553167,2.7758207,3.3506138,2.6942844,2.4584858,2.0654767,2.051523,2.2553337,2.3614254,2.3877106,2.564467,2.9671838,2.9171584,2.9765925,3.1189969,2.9593809,2.9159474,2.9134805,2.9545417,2.8966389,2.688877,2.3641531,2.4234529,2.6933599,3.1933227,2.7029274,2.5037785,2.5130873,3.4597108,3.085051,3.0300455,3.0796626,2.7871373,3.2847443,3.0541844,3.396197,2.8714345,2.8940651,3.0085676,2.8975801,2.9075084,3.0071118,3.1616492,2.995044
24,3.1472561,4.5478687,4.2012706,3.9436395,4.016184,3.9315767,3.8380055,3.8187382,2.7313514,2.458572,2.774021,2.617803,2.3932817,2.398307,2.9684024,2.6869838,3.4453843,3.3731778,3.2506514,3.570587,2.7848697,2.7434826,3.0994613,2.198889,0.0,0.0,1.7760222,1.8728874,1.6504278,2.2531605,1.9658321,1.857212,2.4460695,2.642515,3.4478855,3.152281,3.1763535,2.524913,2.8387918,2.8213472,3.1081276,3.0175092,2.9426634,3.2751086,3.0110176,3.0676255,2.7295527,2.8469377,2.975699,3.176706,2.6836143,3.1502023,3.361837,3.3801239,2.8885128,3.2412357,3.9082882,2.5929668,2.663983,2.606589,3.4560215,3.5066411,3.0268621,3.2173476,2.5972745,1.6721864,2.2102053,2.2102053,2.4348125,2.2059884,2.7604132,2.4720774,2.718541,3.2085693,3.053782,2.8790898,3.1237414,2.5827272,2.164143,2.2519665,3.0542939,3.0451565,2.7635007,2.8099637,2.1701686,2.1281104,2.576738,2.3796172,2.8266766,2.467045,2.5116463,2.9789371,2.8310332,2.4555914,2.384161,3.0814195,3.3443902,3.3324223,3.6570408,3.1131086,3.3565874,3.3478203,3.398423,3.3596213,3.638022,2.9929442,2.788575,2.9895694,3.2161584,2.8359742,2.8998737,2.9261389,3.6980004,3.4606004,3.58747,3.478912,3.3880467,3.7309313,3.5822415,3.9841518,3.4281735,3.3973215,3.5974953,3.5581017,3.6281066,3.4928813,3.490554,3.595451
25,3.1472561,4.5478687,4.2012706,3.9436395,4.016184,3.9315767,3.8380055,3.8187382,2.7313514,2.458572,2.774021,2.617803,2.3932817,2.398307,2.9684024,2.6869838,3.4453843,3.3731778,3.2506514,3.570587,2.7848697,2.7434826,3.0994613,2.198889,0.0,0.0,1.7760222,1.8728874,1.6504278,2.2531605,1.9658321,1.857212,2.4460695,2.642515,3.4478855,3.152281,3.1763535,2.524913,2.8387918,2.8213472,3.1081276,3.0175092,2.9426634,3.2751086,3.0110176,3.0676255,2.7295527,2.8469377,2.975699,3.176706,2.6836143,3.1502023,3.361837,3.3801239,2.8885128,3.2412357,3.9082882,2.5929668,2.663983,2.606589,3.4560215,3.5066411,3.0268621,3.2173476,2.5972745,1.6721864,2.2102053,2.2102053,2.4348125,2.2059884,2.7604132,2.4720774,2.718541,3.2085693,3.053782,2.8790898,3.1237414,2.5827272,2.164143,2.2519665,3.0542939,3.0451565,2.7635007,2.8099637,2.1701686,2.1281104,2.576738,2.3796172,2.8266766,2.467045,2.5116463,2.9789371,2.8310332,2.4555914,2.384161,3.0814195,3.3443902,3.3324223,3.6570408,3.1131086,3.3565874,3.3478203,3.398423,3.3596213,3.638022,2.9929442,2.788575,2.9895694,3.2161584,2.8359742,2.8998737,2.9261389,3.6980004,3.4606004,3.58747,3.478912,3.3880467,3.7309313,3.5822415,3.9841518,3.4281735,3.3973215,3.5974953,3.5581017,3.6281066,3.4928813,3.490554,3.595451
26,3.044339,4.3154116,3.929348,3.8923228,3.9793797,3.936375,3.8306525,3.813438,2.4836056,2.6258287,2.6029124,2.4804597,2.3217676,2.3928971,2.8606863,2.6700137,3.411026,3.416084,3.1127086,3.4903138,2.8923278,2.8803668,3.2022798,2.1676433,1.7760222,1.7760222,0.0,0.3595155,1.8898242,2.7205846,2.0367587,1.834992,2.2434125,2.2359536,3.0687964,2.8006907,3.3809829,2.3884811,2.4650502,2.6593308,3.019177,2.85323,2.9251642,3.1749551,2.7879782,2.8664846,2.617046,2.7200286,2.728143,2.7555926,2.5046477,2.8294923,3.0711122,3.0862868,2.7457767,3.1244779,3.6907105,2.5088842,2.554261,2.4552026,3.2073312,3.2996182,2.838894,3.0306525,1.9484683,2.4923427,2.6217303,2.6217303,2.5314417,2.4637482,2.4109066,2.1248374,2.8195236,3.8790374,3.025916,2.8246167,2.931349,2.5720735,2.2970605,2.4418318,3.0429955,2.8339543,2.4800582,2.6327267,2.4059734,2.4380476,2.9607592,2.8978796,2.7611542,2.4254293,2.6141984,3.1045365,2.7300777,2.2856863,2.8279295,3.1169727,3.7095537,3.6799815,3.9030619,3.5556943,3.71968,3.7140572,3.7331667,3.702637,3.966106,3.4951336,3.3702798,3.4509673,3.760375,3.3566582,3.4258492,3.4572659,3.299736,3.294661,3.3439174,3.3025455,3.1684706,3.47528,3.2609165,3.5318036,3.0523438,3.02601,3.1604395,3.164319,3.3392565,3.3376439,3.3832817,3.2399912
27,3.047694,4.379357,4.0262556,3.9939787,4.051304,4.0173306,3.9519668,3.9232156,2.5757885,2.7072117,2.6841855,2.6504672,2.4073205,2.4989867,2.8611465,2.6855552,3.5171895,3.5247617,3.183061,3.5830128,2.9108992,2.9359813,3.2089996,2.0883036,1.8728874,1.8728874,0.3595155,0.0,1.9717523,2.7205155,2.1105707,1.8807839,2.188097,2.1758938,3.1553957,2.9117572,3.3021302,2.3688173,2.4512284,2.6289072,2.9277134,2.7478669,2.861806,3.189609,2.7079172,2.8045473,2.5307648,2.6331055,2.7549248,2.7852402,2.5833921,2.867989,3.189741,3.205575,2.7958648,3.1868153,3.83593,2.5966759,2.6101072,2.4912112,3.3007524,3.375225,2.881615,3.096073,1.8949416,2.4920747,2.5825713,2.5825713,2.5257623,2.5097284,2.4004858,2.1886945,2.7560165,3.840971,3.0023959,2.7004611,2.83555,2.5964108,2.3097582,2.4465501,3.1980338,2.999017,2.6961548,2.8169744,2.485268,2.52695,3.0236795,2.91947,2.844987,2.4789164,2.5572176,2.9655607,2.7107687,2.3207843,2.84935,3.049021,3.6742432,3.6506467,3.9100475,3.5515184,3.6912134,3.6890886,3.699362,3.6700604,3.951226,3.4652717,3.3310897,3.423005,3.814106,3.3846874,3.3901467,3.420872,3.2355046,3.2011263,3.2276993,3.1978855,3.0311005,3.3456821,3.1573353,3.5021985,2.929267,2.9125454,3.0177784,3.02712,3.233709,3.1961918,3.2687805,3.1164117
28,2.6370928,3.3343084,2.9949632,2.854636,2.8676298,2.8470502,2.8205936,2.6418853,2.3509884,2.7094512,2.4635837,2.3599486,2.2698703,2.1727397,2.8591683,2.6031919,2.4709983,2.4461102,2.000514,2.3033998,1.9425234,1.6984419,2.3281093,2.087952,1.6504278,1.6504278,1.8898242,1.9717523,0.0,2.250702,2.2495368,2.1359966,2.341146,2.3885877,2.765452,2.4223974,2.8248775,1.8520277,2.1455948,2.1767373,2.597981,2.4435294,2.289852,2.5863566,2.3133743,2.4077792,2.1635692,2.3155904,2.7138166,2.9263072,2.4022536,2.6541872,3.0680728,3.0834122,2.4501252,2.955322,3.473351,2.5809958,2.3247478,2.3519096,3.12577,3.2350924,2.8609476,2.9737,2.4347892,1.7540679,2.1909413,2.1909413,2.2001045,2.181318,3.1296563,2.5354612,2.8708496,3.3273757,2.964255,3.0581124,2.549508,2.3589327,1.9076701,2.0694861,2.860831,2.7745783,2.404583,2.5728097,2.2120552,2.192495,2.8429544,3.0152917,2.277106,1.7518711,1.8778665,2.2578719,2.8526626,1.8660654,2.413613,2.7563818,3.0552568,3.0120866,3.2291484,3.0115237,3.076471,3.076428,3.1017587,3.0515528,2.6735654,2.7921975,2.497998,2.8212843,3.1912248,2.7360659,2.6824536,2.703191,2.9694881,3.0080187,3.1137753,3.0829196,2.885431,3.3848195,3.2224467,3.4301605,3.0614398,3.0111427,3.2635138,3.1980345,3.0724232,3.2195,3.281625,3.2664127
29,2.5344515,4.2219043,4.5025754,4.1411476,3.6575203,3.6051795,4.2117233,4.0440125,3.207078,3.6127293,3.2709062,3.2534258,2.8557978,2.6774027,3.538609,3.1940298,3.3921354,3.3209784,3.1842556,3.3620224,2.8696659,2.823049,3.2368839,2.7466962,2.2531605,2.2531605,2.7205846,2.7205155,2.250702,0.0,2.790551,2.7717462,3.2469914,3.405544,3.6235113,3.4645004,3.71529,2.8973258,3.2926888,3.1301525,3.33566,3.2906063,3.1399343,3.4881628,3.2291176,3.1100469,2.9441159,3.0157158,3.5250223,3.4260042,2.9512222,3.211303,3.786789,3.7852044,3.1235294,3.5667024,4.0240965,2.9917762,3.3823905,3.4859881,4.0128574,4.2626586,3.3465836,3.4129946,3.0853245,2.476493,2.9484224,2.9484224,2.9044163,2.8004947,3.5801685,3.084761,3.5306993,3.9857042,3.8298626,3.7222807,2.9529696,3.1078956,2.804163,2.9364538,3.0716252,3.258968,3.067118,3.1777833,3.151754,3.136718,3.5411055,3.6697216,3.063506,2.6366224,3.1795063,3.2498057,3.1573076,2.5836735,3.1609344,3.6225936,3.8041937,3.792915,3.9207165,3.641328,3.8320088,3.8324828,3.8695917,3.8435683,3.9955378,3.6438575,3.659817,3.8494868,4.218885,3.5063987,3.43472,3.4369178,3.5714917,3.4155335,3.5673115,3.4128616,3.5938714,4.1038933,3.934103,4.123349,3.639852,3.6396902,3.7504692,3.7015758,3.72583,3.702948,4.157048,3.734951
30,3.1432106,4.8366895,4.499469,4.585828,4.730718,4.7028856,4.6159654,4.563505,2.426913,2.4469438,2.4993877,2.5565925,2.4724293,2.4972167,2.9716482,2.7802727,4.1411495,4.158498,3.843109,4.0500336,3.6463814,3.5868208,3.889479,2.412678,1.9658321,1.9658321,2.0367587,2.1105707,2.2495368,2.790551,0.0,0.56629086,2.793451,2.7418904,3.1918483,2.9183054,3.27325,2.3197262,2.4361951,2.6466634,3.4316134,3.1139708,3.1871996,3.3041003,2.9235852,3.0703568,2.7618277,2.8759758,2.60287,2.75627,2.6095722,2.9361682,3.1004522,3.1263,3.210042,3.487321,3.5260637,2.5038097,2.342948,2.459614,3.0432992,3.2211637,2.808899,2.8855221,2.723662,2.3392136,2.4001422,2.4001422,2.2782526,2.3056092,3.0907812,2.4923134,3.0153341,3.4856987,3.1779652,3.3071988,2.9646132,2.5969296,2.2854097,2.27783,3.2785718,2.9301548,2.7487674,2.9330194,2.61306,2.6732745,2.986096,3.2186682,2.7969587,2.418417,2.7417984,3.0580862,2.8839307,2.1695728,2.94983,3.1945302,3.043043,2.9970727,3.2387881,2.9018674,3.0887148,3.0683258,3.113543,3.0815704,3.8626797,2.937897,2.802003,2.9238641,3.1405025,2.869947,2.796919,2.823355,3.8995426,3.760158,3.811168,3.7552218,3.3307056,3.7572587,3.5467541,3.7297666,3.1469495,3.2086987,3.3935084,3.315894,3.2419841,3.3079655,3.3080337,3.275031
