,0,1,2,3,4,5,6,7,8,9,10,11,12,13,14,15,16,17,18,19,20,21,22,23,24,25,26,27,28,29,30,31,32,33,34,35,36,37,38,39,40,41,42,43,44,45,46,47,48,49,50,51,52,53,54,55,56,57,58,59,60,61,62,63,64,65,66,67,68,69,70,71,72,73,74,75,76,77,78,79,80,81,82,83,84,85,86,87,88,89,90,91,92,93,94,95,96,97,98,99,100,101,102,103,104,105,106,107,108,109,110,111,112,113,114,115,116,117,118,119,120,121,122,123,124,125,126,127
0,0.0,0.41171068,0.46783337,0.85925287,2.3363516,0.67529887,1.5453681,2.4339006,1.845898,0.9911411,2.5081923,1.623907,1.119818,1.1361594,1.8956252,1.958269,2.57841,4.369502,3.1694534,3.1040297,3.2805095,2.0565515,2.818222,4.6989455,3.165341,3.202431,2.677964,2.972592,3.1870573,2.9269657,3.30724,3.13834,2.9757142,3.551497,3.234444,2.9280753,4.358626,3.4570038,3.2062232,3.237924,4.1442323,4.175087,4.545461,3.9514432,4.456408,4.447306,4.196102,4.252722,3.077238,3.1561935,3.6091454,3.6933584,3.7142258,3.0279634,2.6715868,3.0704107,3.2370486,3.1074214,4.2022142,4.1642337,3.4515288,3.237044,2.5731082,2.622359,4.282335,4.3133545,3.897558,4.691872,4.2419014,4.3396554,4.3272347,4.169346,4.6342793,4.6342793,3.6052759,3.574088,4.5502687,4.663513,4.5163584,3.9532123,4.43021,4.4399395,4.6453967,4.3898354,4.1727524,4.0122266,4.412049,3.7604618,3.8012066,3.834902,3.2820296,3.2809808,4.1605887,4.1712923,5.0160456,4.673259,4.701188,4.629494,4.6098166,4.7891307,4.531173,4.508689,4.4900403,4.704771,4.1520357,4.5078135,4.2141523,4.2909536,5.0794806,4.9343963,4.8059497,4.9244237,4.4479356,4.4465933,4.16391,4.560451,4.4238825,4.4238825,4.4021435,4.41638,4.5495834,4.364021,4.399705,4.4254284,4.5421314,4.5132113,4.643204,4.6092577
1,0.41171068,0.0,0.72833306,0.9514377,2.4162555,0.7187286,1.6285903,2.4355094,2.014982,1.124901,2.6167898,1.750206,1.3125365,1.3486955,2.041783,2.0734107,2.6287863,4.4430842,3.2263465,3.1585488,3.4271328,2.2359917,2.7559319,4.6685348,3.3067136,3.3420482,2.8316584,3.0872521,3.2542086,3.0669062,3.4391942,3.2661548,3.0516193,3.633749,3.2018356,3.0319514,4.478443,3.5520742,3.3091888,3.2884593,4.1977496,4.23113,4.604836,4.0079937,4.5784063,4.571547,4.311955,4.361971,3.1322522,3.2140381,3.5665011,3.6822877,3.76789,3.0781825,2.7946863,3.2083058,3.268373,3.1677463,4.2710624,4.25648,3.4958227,3.0850596,2.4858756,2.5162625,4.319632,4.3509507,3.9473195,4.717358,4.299902,4.3948364,4.393448,4.2361627,4.6751375,4.6751375,3.6478324,3.6251798,4.6320376,4.7366505,4.5922103,4.03626,4.489257,4.4985766,4.6631823,4.445998,4.2274823,4.0589542,4.467001,3.7904873,3.8811498,3.9085226,3.3863246,3.3831825,4.206697,4.219007,4.8484654,4.7272253,4.6966877,4.6291375,4.6124268,4.8139267,4.5381103,4.5142,4.5013576,4.71877,4.193688,4.534655,4.267889,4.201144,5.0834646,4.9332647,4.867601,4.9791064,4.507407,4.5014367,4.222037,4.554812,4.466269,4.466269,4.463395,4.465096,4.5259905,4.251553,4.374582,4.3974943,4.559956,4.5232744,4.660884,4.6329036
2,0.46783337,0.72833306,0.0,0.94301176,2.327258,0.8223944,1.3786631,2.3276584,1.7886546,1.016784,2.5560067,1.412927,0.99507475,1.0118545,1.8358675,1.856317,2.6210423,4.334992,3.2273011,3.158822,3.192653,1.8920281,2.854979,4.7373686,3.1555448,3.1978548,2.6439087,2.906123,3.1425955,2.9056828,3.2899427,3.1165025,2.7628736,3.5010576,3.2500887,2.7307022,4.2315097,3.2835462,3.1458972,3.128471,4.112898,4.137256,4.5172615,3.9114316,4.4400163,4.4380054,4.1158357,4.2778854,3.2011578,3.2699819,3.6477091,3.7013974,3.5623071,2.915028,2.5659,2.9588394,3.2991521,3.114564,4.166892,4.1511955,3.4570274,3.3482935,2.7547727,2.8094554,4.2702003,4.277936,3.838314,4.6118507,4.221703,4.309947,4.2285366,4.0717034,4.5831604,4.5831604,3.5554738,3.528788,4.4887233,4.610709,4.4626846,3.8928785,4.3764443,4.381132,4.6198525,4.3661776,4.168164,3.9935472,4.367281,3.7329679,3.7870066,3.8124735,3.1453128,3.2397583,4.092624,4.106247,5.122023,4.564299,4.6256742,4.563988,4.525474,4.7176957,4.4579487,4.4360843,4.429562,4.649952,4.07794,4.4540467,4.1209016,4.3100576,5.023035,4.874624,4.768969,4.8777223,4.3789287,4.389168,4.052778,4.494538,4.3482075,4.3482075,4.298742,4.3275423,4.500655,4.3926206,4.357974,4.3761187,4.488278,4.467942,4.600766,4.5787296
3,0.85925287,0.9514377,0.94301176,0.0,2.272453,0.6546874,1.4076403,2.3579354,1.5345055,0.5116024,2.150898,1.2776518,0.6859365,0.7237576,1.2708671,1.3248873,2.5687845,4.265437,3.1461775,3.1010413,2.9824622,1.9840313,2.746531,4.6224365,3.1117363,3.1347897,2.6173499,2.9697526,3.21001,2.9129572,3.332934,3.1679451,2.7411149,3.3857718,3.1642272,2.7155194,4.2027874,3.3153021,2.980968,3.0014787,4.0634737,4.1027865,4.458768,3.8492124,4.3692613,4.3619914,4.1111965,4.1990294,2.8286154,2.9098175,3.4159973,3.4998932,3.5328732,2.8133628,2.3230064,2.796536,2.9782145,2.7931912,3.9528632,3.8894598,3.2720497,2.9754715,2.388125,2.4365249,4.02524,4.0532165,3.6492703,4.4891443,3.9726079,4.077757,4.1248436,3.9554102,4.4022536,4.4022536,3.3207984,3.2920344,4.4070296,4.5058537,4.412064,3.774915,4.0728583,4.090094,4.350701,4.044881,3.9412072,3.7530289,4.179807,3.550102,3.5877225,3.5908413,3.1036298,3.0680664,3.9273336,3.9305637,4.8387027,4.4677877,4.3267355,4.2579937,4.265866,4.5072765,4.174007,4.1484632,4.1247683,4.333678,3.9762633,4.2958364,4.029301,4.2049804,4.9268036,4.773108,4.610002,4.6834135,4.2469335,4.1323647,3.9725413,4.3494754,4.267618,4.267618,4.2469506,4.250841,4.2896757,4.114034,4.2298326,4.2103333,4.2347703,4.203956,4.339164,4.302274
4,2.3363516,2.4162555,2.327258,2.272453,0.0,2.314388,2.6807141,3.2803698,2.6799607,2.2602434,3.1649256,2.4786093,2.365517,2.4002674,2.5121539,2.6291022,3.333803,4.7359385,3.7122567,3.6835346,3.6295593,2.7890446,3.409974,5.06163,3.5941133,3.6605608,3.2822409,3.550442,3.8903987,3.7203126,4.043122,3.9171875,3.2963996,3.9407177,3.4671688,3.260595,3.3879294,3.943684,3.6680055,3.7522492,4.5024614,4.524344,4.801397,4.2917933,4.735951,4.7625737,4.617582,4.8025618,3.3492506,3.3722265,3.8151603,3.9299126,5.138748,2.9583495,3.1836927,3.3328686,3.4717505,3.3138776,4.2529736,4.2012568,3.6656907,3.598442,2.9546788,3.0450022,4.479378,4.496553,4.118104,4.9378996,4.3714294,4.4512234,4.4961643,4.3626814,4.7624583,4.7624583,3.8830376,3.8793783,4.8179874,4.8790054,4.8529835,4.2572584,4.6063514,4.586749,5.733117,4.538643,4.4914613,4.2879534,4.700727,4.082882,4.1379685,4.1521277,3.6021075,3.7156074,4.428593,4.4330745,5.171487,4.896347,4.8952484,4.8400264,4.837168,5.021567,4.818407,4.833778,4.7751117,4.966095,4.560186,4.8012357,4.4918027,4.684923,5.91747,5.801764,4.3331122,4.341563,4.6307836,4.5547495,4.497405,4.850357,4.6118517,4.6118517,4.66299,4.6531825,4.749045,4.671314,4.788797,4.6907153,4.861528,4.8359365,4.933696,4.870602
5,0.67529887,0.7187286,0.8223944,0.6546874,2.314388,0.0,1.6574477,2.5401723,1.9082553,0.91650975,2.4206777,1.6852772,0.9667617,0.99664783,1.50618,1.5079076,2.5983222,4.3284845,3.2433102,3.1702926,3.06595,2.0135164,2.760512,4.7753854,3.2376175,3.2749374,2.7012959,3.0917947,3.241884,2.9898703,3.350914,3.1875184,2.9586787,3.363997,3.0983992,2.796403,4.4164853,3.50752,3.1948235,3.216187,4.208717,4.23527,4.5993686,3.9977393,4.4893246,4.4900746,4.2037644,4.2527905,3.003131,3.0555885,3.5378628,3.6213188,3.6337273,2.9843166,2.6351664,3.0399542,3.290001,3.1348062,4.25375,4.18596,3.479202,3.1337528,2.504173,2.5696151,4.259258,4.294323,3.8810465,4.646021,4.258181,4.347431,4.3641443,4.207459,4.6208177,4.6208177,3.5817614,3.5569754,4.6327806,4.7341204,4.607888,4.028024,4.3585567,4.368113,4.527453,4.308505,4.198615,4.0593514,4.485184,3.8263648,3.844825,3.8594284,3.3829684,3.3227167,4.159904,4.169414,4.951134,4.702557,4.669947,4.621803,4.59343,4.8196354,4.516867,4.490327,4.483798,4.693652,4.1890545,4.543259,4.15101,4.217815,5.0837092,4.935713,4.855655,4.950503,4.453593,4.3631144,4.198078,4.5087824,4.438654,4.438654,4.436797,4.4411936,4.5411844,4.352583,4.3936343,4.4057117,4.549618,4.526647,4.6471796,4.6175957
6,1.5453681,1.6285903,1.3786631,1.4076403,2.6807141,1.6574477,0.0,1.9065242,1.7140658,1.2184446,2.3785107,1.3787909,1.2500801,1.328639,1.6114382,1.7219877,2.8673413,4.447989,3.4179997,3.385247,3.0632951,2.1840441,3.1858933,4.891122,3.3203084,3.3423078,2.8636777,2.6044104,3.3682966,3.0619783,3.4892898,3.3374994,2.6178637,3.543479,3.567801,2.9614012,4.3192606,3.3021822,3.3246377,3.051811,4.0990424,4.1489015,4.470785,3.8625355,4.532901,4.5205545,4.230983,4.327948,3.3520734,3.4900353,3.3118036,3.3345397,3.729091,3.1002464,2.623764,3.0631068,3.0947702,3.1913846,3.904269,4.107728,3.6097791,3.5623817,3.022894,3.0982828,4.0653887,4.0698485,3.645424,4.334197,4.001862,4.1030865,4.072871,3.9033577,4.402399,4.402399,3.3064847,3.2875965,4.318801,4.427028,4.322979,3.6534004,4.0477257,4.063226,4.361346,4.059229,3.930243,3.6915095,4.1281743,3.5231895,3.622829,3.6312234,2.996367,3.0695248,3.8835135,3.8789709,5.0944376,4.381491,4.379907,4.2902555,4.2780404,4.4718323,4.2341294,4.220283,4.1892557,4.40793,3.9262207,4.230574,3.9973311,4.382657,4.8498707,4.699731,4.562135,4.619995,4.1843395,4.0752378,3.847293,4.3353596,4.196867,4.196867,4.1295924,4.1514006,4.3431525,4.275169,4.2797265,4.269973,4.170499,4.1429057,4.282144,4.290855
7,2.4339006,2.4355094,2.3276584,2.3579354,3.2803698,2.5401723,1.9065242,0.0,3.0332966,2.2793863,3.1102736,2.3453164,2.3163404,2.388319,2.554281,2.6141486,3.416251,4.8193655,3.8466282,3.8344111,3.6353662,2.9001653,3.6017857,5.039625,3.8004484,3.8139703,3.4549077,3.2163353,4.1541743,3.7923458,4.549815,4.1703954,3.619767,4.5953636,4.5363336,4.083321,4.3595495,3.3786244,3.393218,3.1053517,5.072324,5.1184025,5.395909,4.892064,5.4607277,5.432142,5.261376,5.3626976,4.2323303,4.363958,3.73561,4.1380095,4.1565013,3.8815112,3.680965,4.0030813,4.0039887,4.03145,4.753744,4.919869,3.9978235,3.9358685,3.6772654,3.5598328,4.787951,4.7890954,4.379826,4.9958386,4.720026,4.8272653,4.781341,4.65127,5.096429,5.096429,4.1982327,4.1862545,4.8462315,4.967119,4.569845,4.2778683,4.731534,4.7645383,5.067221,4.7878547,4.5409646,4.206392,4.681207,4.211582,4.4658957,4.4819007,3.4178462,4.0573587,4.632948,4.6381526,5.5846395,5.03901,4.6324477,4.550388,4.5354567,4.6462455,4.489672,4.47157,4.4632196,4.7166505,4.2225065,4.51725,4.5764456,4.80453,5.2690287,5.0800276,5.1166277,5.181752,4.8714757,4.7821484,4.4843993,4.831135,4.7918143,4.7918143,4.718602,4.726761,4.689571,4.6887655,4.91281,4.9204164,4.765085,4.402424,4.945695,4.949553
8,1.845898,2.014982,1.7886546,1.5345055,2.6799607,1.9082553,1.7140658,3.0332966,0.0,1.2535568,2.19382,1.3491479,1.4311494,1.4178418,1.7619013,1.8878871,2.9625754,4.5322742,3.4740076,3.4443383,3.0860636,2.3569665,3.4802794,4.2527037,3.2890756,3.3022943,2.892319,3.0769136,3.3675544,3.1035142,3.2996945,3.2893875,2.7185292,3.4950733,3.6090174,2.7516987,4.354765,3.6160822,3.3682053,3.4829185,3.9412847,3.985435,4.2939377,3.6996012,4.244561,4.2437596,3.9650056,4.1299195,3.064728,3.1855214,3.7441392,3.615177,3.8863697,2.9811864,2.3496625,2.7840915,2.680134,2.516933,3.6986709,3.6916368,3.6944902,3.7305293,2.973224,2.9516985,3.6847823,3.68756,3.142971,4.354332,3.5971212,3.7164946,3.6418104,3.4540932,3.9954073,3.9954073,2.741449,2.7128081,3.9562209,4.1296434,4.2077746,3.3433623,3.610815,3.624466,4.074197,3.616772,3.7510488,3.5139565,3.7187247,3.0658314,3.1037776,3.12986,2.5932262,2.40989,3.3919177,3.4229026,4.8171005,3.9764872,3.9607775,3.8893294,3.9198453,4.1581354,3.8678825,3.8731437,3.78793,3.9898756,3.6987154,4.099666,4.2949677,4.653607,4.766047,4.6120667,4.3163686,4.341514,3.7962487,3.6718001,3.513736,3.9710152,3.84308,3.84308,3.7830095,3.8011043,4.294757,4.1241097,4.082486,4.0491414,3.8819447,4.045122,3.957228,3.9604838
9,0.9911411,1.124901,1.016784,0.5116024,2.2602434,0.91650975,1.2184446,2.2793863,1.2535568,0.0,2.1709547,1.1907812,0.50850207,0.551562,1.1552277,1.2573979,2.4615405,4.147442,3.115421,3.0775323,2.8029373,1.9584429,2.9932184,4.6196356,3.0458796,3.0657618,2.5667107,2.8141801,3.1767874,2.846738,3.2652903,3.114314,2.7251778,3.3847451,3.3282537,2.7200115,4.132882,3.2697186,2.951743,3.0598936,3.9745796,4.0153875,4.3558025,3.7504504,4.268853,4.2618885,4.018129,4.0894327,2.7819273,2.8879597,3.276779,3.34054,3.561051,2.7523644,2.2854583,2.7098024,2.825326,2.6888137,3.9140182,3.8958623,3.444727,3.2348313,2.4855738,2.5235558,3.9151723,3.9419453,3.4579492,4.3488507,3.8400028,3.9502575,3.9645176,3.7977679,4.2746096,4.2746096,3.121017,3.0886645,4.232219,4.3750153,4.304015,3.642332,3.9073944,3.9229124,4.25391,3.8790529,3.8675642,3.6696453,4.027888,3.401077,3.4212759,3.4207659,2.8756497,2.8610406,3.7640076,3.7716093,4.7580175,4.3401413,4.1685624,4.1026483,4.107527,4.3395123,4.0329747,4.0160847,3.969939,4.1930585,3.8488097,4.215482,4.001137,4.19965,4.9102674,4.7580843,4.5191092,4.58325,4.0566144,3.9400148,3.8092513,4.135385,4.092822,4.092822,4.065784,4.067805,4.30992,4.1286855,4.2035966,4.180019,4.0587955,4.046892,4.1626434,4.135406
10,2.5081923,2.6167898,2.5560067,2.150898,3.1649256,2.4206777,2.3785107,3.1102736,2.19382,2.1709547,0.0,2.4435217,2.2245781,2.1977243,2.1418493,2.3426578,3.422393,4.630295,3.830212,3.772078,3.2897286,2.847995,3.807103,4.5499916,3.6863313,3.722496,3.3392375,3.4921105,4.0320115,3.621653,3.9467638,3.8125162,2.8318584,3.7964664,3.2624865,3.470291,4.6205177,3.9595861,3.645069,3.6689932,4.5775194,4.624889,4.914681,4.385448,4.789707,4.771078,4.6414766,4.5497856,3.3274705,3.389524,3.8067672,3.791642,4.4165335,3.614558,3.048486,3.4154894,2.875154,3.2382903,2.964855,2.961137,3.6744802,4.049726,3.293734,3.21077,3.6906228,3.7642078,3.6146662,4.7099066,3.7543137,3.88326,4.3101687,4.135186,4.0986986,4.0986986,3.3249881,3.332805,4.4956193,4.2670565,4.180551,3.458003,4.0418134,4.068499,4.360998,3.967661,3.3561916,3.0211022,4.0013723,3.3439875,3.6037896,3.6897807,3.3156872,3.1403158,3.5321028,3.5077674,5.190719,4.229876,4.277751,4.1931267,4.225,4.4583044,4.1450953,4.150878,4.1390157,4.284659,3.6796093,3.6197174,4.2938747,5.015673,4.1618133,3.9657075,3.8980892,3.8903546,4.295885,4.056457,4.0660844,5.083185,4.256912,4.256912,4.2722974,4.25844,4.1823316,4.588794,4.5701365,4.5001364,4.4362745,4.406825,4.501577,4.503372
11,1.623907,1.750206,1.412927,1.2776518,2.4786093,1.6852772,1.3787909,2.3453164,1.3491479,1.1907812,2.4435217,0.0,1.289118,1.2837772,1.7004193,1.7302715,2.756536,4.305623,3.28434,3.2870357,3.0288036,2.1559608,3.0181787,4.426644,3.2482042,3.2527246,2.8587132,3.0367627,3.1867836,3.1016157,3.525786,3.3908772,2.5813718,3.8220553,3.389718,2.8127432,4.033982,3.1486566,3.1431007,3.0921192,3.9556904,3.9934192,4.3532457,3.7234895,4.490205,4.4770565,4.1056075,4.5451446,3.4709117,3.5731523,3.8870296,3.9231615,3.5394433,2.7142835,2.3850746,2.8481498,3.1114578,2.6901076,3.8514547,3.8402474,3.2863004,3.2504513,2.9117293,2.9086366,4.062377,4.0016303,3.5623455,4.4830174,3.8692803,3.974187,3.7345243,3.5628994,4.3079515,4.3079515,3.2475019,3.2144032,4.1193266,4.2770762,4.181552,3.5015352,3.8337672,3.8516483,4.3443584,3.965337,3.8855176,3.6551101,3.8960342,3.2551446,3.5317285,3.5457308,2.6218166,2.9659567,3.7795308,3.790315,4.8989763,4.082536,4.1641765,4.0835733,4.105669,4.337061,4.0188394,4.0030427,3.9676826,4.158571,3.835277,4.1651196,4.143372,4.3248806,4.8340716,4.6820874,4.460511,4.513505,4.144327,4.056144,3.70801,4.1384587,4.1674347,4.1674347,3.9962437,4.051876,4.1001782,4.026499,4.0364285,4.00788,4.1490936,4.1462636,4.27823,4.2520747
12,1.119818,1.3125365,0.99507475,0.6859365,2.365517,0.9667617,1.2500801,2.3163404,1.4311494,0.50850207,2.2245781,1.289118,0.0,0.22305346,1.0577302,1.0955878,2.5440016,4.120947,3.2289405,3.1739454,2.716109,1.8205408,3.106733,4.8764977,3.0666492,3.0940583,2.5370362,2.8283188,3.22155,2.837879,3.2537022,3.0938623,2.601045,3.2348561,3.3298335,2.4914088,4.112977,3.184445,2.876893,2.9912472,4.035307,4.0676517,4.4127383,3.8047488,4.255778,4.257664,3.9606035,4.048926,2.8093917,2.8849664,3.2652853,3.292945,3.3813453,2.750357,2.184956,2.5986161,2.982676,2.8306015,3.9440289,3.9176068,3.5403833,3.4375021,2.7003317,2.7731776,3.9441035,3.968018,3.4897387,4.294061,3.892043,3.9891465,4.0098915,3.8471787,4.2916,4.2916,3.1577663,3.12861,4.322606,4.447894,4.373619,3.7304685,3.9707859,3.9790628,4.2561564,3.9356275,3.9092572,3.7251482,4.1161385,3.5328088,3.5042415,3.4868312,2.951192,2.9414375,3.7778065,3.780779,4.982775,4.367714,4.19169,4.1444397,4.124653,4.397552,4.052885,4.02979,4.0079064,4.237742,3.8622088,4.2328415,3.856056,4.244897,4.893979,4.7402735,4.56555,4.6282306,4.061729,3.9544296,3.8276474,4.2335253,4.1068635,4.1068635,4.0816445,4.090917,4.38974,4.318042,4.317442,4.2816653,4.0854588,4.075591,4.1953864,4.1737323
13,1.1361594,1.3486955,1.0118545,0.7237576,2.4002674,0.99664783,1.328639,2.388319,1.4178418,0.551562,2.1977243,1.2837772,0.22305346,0.0,1.0800287,1.1034393,2.4982016,3.9930882,3.1944962,3.1416404,2.6798518,1.8028189,3.1154313,4.8466935,3.0380576,3.067902,2.511796,2.8378146,3.1692343,2.794582,3.1991012,3.0468333,2.5501614,3.3015523,3.3232105,2.5336106,4.09546,3.142183,2.8571784,3.004019,3.988677,4.0176725,4.380092,3.77556,4.1942787,4.1945457,3.902419,4.009911,2.7964737,2.8660579,3.3239405,3.337879,3.3287423,2.6753638,2.1630933,2.554289,2.9551418,2.7818456,3.8954709,3.851585,3.517805,3.4432623,2.696103,2.7741008,3.942769,3.9631758,3.4801197,4.3021655,3.880705,3.9768713,3.9975278,3.8380349,4.277045,4.277045,3.1815813,3.1493878,4.2626066,4.3799005,4.312233,3.6639602,3.9569802,3.9670002,4.2313457,3.931426,3.8903382,3.7059069,4.090519,3.514255,3.4803853,3.4670513,2.9328516,2.919554,3.7696886,3.7731402,4.969938,4.333536,4.192439,4.1444354,4.113978,4.346475,4.038341,4.017745,3.9974227,4.220838,3.8492625,4.2146897,3.857123,4.2395577,4.852639,4.702145,4.5550356,4.6187353,4.057685,3.957821,3.806149,4.225979,4.102112,4.102112,4.062941,4.0766025,4.342685,4.3202567,4.2653575,4.2359123,4.083682,4.083847,4.1911526,4.168618
14,1.8956252,2.041783,1.8358675,1.2708671,2.5121539,1.50618,1.6114382,2.554281,1.7619013,1.1552277,2.1418493,1.7004193,1.0577302,1.0800287,0.0,0.414625,2.7965999,4.2564063,3.431537,3.398108,2.3933427,2.075928,3.3208773,5.048712,3.254768,3.2770603,2.7469542,2.9907866,3.4669237,3.0714042,3.4788432,3.3361635,2.845307,3.267185,3.480024,2.8159418,4.2378354,3.4378557,3.1459098,3.2265809,4.236824,4.2717047,4.5738187,3.9968822,4.4324927,4.429817,4.1724043,4.2305546,3.0077555,3.0822675,3.427516,3.4613166,3.6867208,2.9618316,2.4822874,2.8441088,3.1546645,3.0715702,4.0142555,3.9925885,3.6822011,3.5960412,2.8991716,2.9924862,4.0954914,4.124053,3.6848946,4.4518948,4.03963,4.140076,4.2014346,4.0448303,4.446003,4.446003,3.3854072,3.3562455,4.450704,4.5566,4.4910364,3.8395257,3.9217489,3.9428358,4.2849083,3.9010506,4.0287304,3.8646963,4.288836,3.7342792,3.674031,3.6574519,3.1932526,3.140013,3.9762573,3.9708567,5.156354,4.5352597,4.3970227,4.3490934,4.3383336,4.552751,4.2700014,4.2544265,4.2131276,4.4107475,4.094728,4.407264,4.0397415,4.468548,5.067105,4.924185,4.661215,4.687479,4.250996,3.9590576,4.0400476,4.3514967,4.324899,4.324899,4.2867684,4.29239,4.55652,4.5216994,4.518714,4.480023,4.274388,4.2552795,4.3716817,4.3511343
15,1.958269,2.0734107,1.856317,1.3248873,2.6291022,1.5079076,1.7219877,2.6141486,1.8878871,1.2573979,2.3426578,1.7302715,1.0955878,1.1034393,0.414625,0.0,2.845688,4.244605,3.5182393,3.4766746,2.429196,2.0875335,3.300645,5.0858316,3.3542802,3.3818443,2.818001,3.1126966,3.4638598,3.1314535,3.5200741,3.3749268,2.7886584,3.2885273,3.5005655,2.7257762,4.2868466,3.388427,3.1654294,3.230935,4.2554145,4.282181,4.613213,4.023709,4.4700756,4.4753103,4.1522446,4.2825847,3.090326,3.1444874,3.525547,3.5504572,3.499083,2.882956,2.4646301,2.8245084,3.2747838,3.1177528,4.123806,4.0927925,3.7420335,3.562788,2.950263,3.0439715,4.206665,4.2209206,3.7579436,4.4985976,4.1640277,4.2530646,4.272721,4.1193104,4.5277343,4.5277343,3.476929,3.455154,4.5309396,4.645314,4.591254,3.9429002,4.0061097,4.0240536,4.2848463,4.003903,4.176974,4.0065427,4.3895645,3.8474638,3.7784429,3.7464967,3.2554705,3.2435343,4.0573764,4.058637,5.1690855,4.5906057,4.395104,4.364521,4.334381,4.5562816,4.2727914,4.255167,4.2294946,4.433255,4.1694026,4.5019403,4.0804315,4.4644623,5.1022706,4.953388,4.8234024,4.839736,4.3262978,4.040943,4.084234,4.3322716,4.387405,4.387405,4.344858,4.3511424,4.5840244,4.529953,4.5224695,4.4827967,4.3021607,4.296593,4.407697,4.398217
16,2.57841,2.6287863,2.6210423,2.5687845,3.333803,2.5983222,2.8673413,3.416251,2.9625754,2.4615405,3.422393,2.756536,2.5440016,2.4982016,2.7965999,2.845688,0.0,2.9297726,1.232977,1.2247847,1.8748968,1.9551759,2.8699136,4.7521033,1.6382102,1.631411,1.5337051,1.980296,1.5196121,1.5000513,2.0539596,1.7798523,2.965708,3.325114,3.0076437,3.0843565,3.428702,2.2596343,2.1956623,2.9757276,2.5409768,2.577024,2.7370517,2.5268378,2.9027038,2.8645275,2.773632,3.049697,2.710692,2.8040125,3.3035598,3.4100537,3.1379879,2.281889,2.3739781,2.2808378,2.6254334,2.3371384,3.764215,3.6724865,2.9435093,3.3380344,2.1617837,2.281653,3.5995004,3.5516632,3.346543,3.7070913,3.2549503,3.317048,3.1636488,3.0921206,3.6860414,3.6860414,3.3102632,3.242964,3.5332637,3.7083278,3.5598295,3.7653527,3.182788,3.1896021,3.5776153,3.2128189,3.1918998,3.4252744,3.188057,2.942493,2.675421,2.6905322,2.483819,2.6263049,3.5321803,3.5139108,3.8454764,3.607228,3.9812202,3.8802392,3.9159205,4.1564097,3.812589,3.765414,3.713052,3.726868,3.435369,3.7951205,3.346218,2.9777412,4.3954616,4.399855,4.199402,4.4328585,3.4642794,3.463778,3.3243911,3.4928787,3.550698,3.550698,3.368677,3.406556,3.961993,3.6205826,3.8432605,3.8105962,3.4554107,3.3744318,3.5572731,3.462578
17,4.369502,4.4430842,4.334992,4.265437,4.7359385,4.3284845,4.447989,4.8193655,4.5322742,4.147442,4.630295,4.305623,4.120947,3.9930882,4.2564063,4.244605,2.9297726,0.0,3.1953313,3.1884594,3.4246469,3.591496,4.4009933,5.6703978,3.3724086,3.3796709,3.376531,3.6161323,3.2684853,3.2110636,3.4648952,3.3297608,3.700868,4.760309,4.1414714,4.4087305,4.045667,3.2176197,3.56897,3.9686935,3.9651768,3.9771028,4.014327,4.0595636,3.7848823,3.7904866,3.8820958,4.0591044,3.6654844,3.6750407,4.1317344,4.1088123,3.9561894,3.1173158,3.6881669,3.3483045,3.5615914,3.375609,4.2729774,4.212182,4.123481,4.439805,3.6880133,3.7960835,4.4139204,4.3508267,4.2503905,4.361516,4.1913667,4.1525955,4.154987,4.1752243,4.305975,4.305975,4.441359,4.4002757,4.3192368,4.3313026,4.3207965,4.721924,4.096404,4.087258,4.431644,4.096149,4.056851,4.367084,4.095771,4.168568,3.7235074,3.7092488,3.821421,3.8769362,4.4826055,4.452794,4.5884833,4.2633224,4.7100353,4.6900835,4.5959625,4.754174,4.551107,4.5055156,4.5640864,4.421822,4.292265,4.562001,4.108908,3.941069,5.006692,5.093148,4.93469,5.094394,4.261839,4.340196,4.1922235,4.350426,4.2906423,4.2906423,4.1259236,4.177758,3.8992388,4.611328,3.8974967,3.8492868,4.4535966,4.3695903,4.4910917,4.4507527
18,3.1694534,3.2263465,3.2273011,3.1461775,3.7122567,3.2433102,3.4179997,3.8466282,3.4740076,3.115421,3.830212,3.28434,3.2289405,3.1944962,3.431537,3.5182393,1.232977,3.1953313,0.0,0.25786373,2.4406245,2.193125,2.542719,4.458941,0.9705416,0.9266046,1.2938037,1.7813572,1.263878,1.2216663,1.8443012,1.4812702,3.1645403,3.397938,3.2638354,3.435572,3.0922556,2.053523,2.0431218,2.672133,2.483427,2.5466688,2.4666188,2.598221,2.6732798,2.6219585,2.8359275,3.084613,2.8438303,2.9532614,3.4654791,3.5945415,3.4595494,2.5981972,2.6112692,2.4741151,2.6837003,2.3821418,3.7790127,3.6717205,2.3586934,3.067873,2.1100698,2.2045019,3.4375553,3.3739316,3.3910658,3.5994482,3.0532148,3.0903938,2.9396498,2.9000232,3.4700124,3.4700124,3.47936,3.4078155,3.2375083,3.41767,3.2392504,3.828576,2.9259334,2.9439611,3.5085778,2.9582045,2.9667814,3.340938,2.842519,2.9015243,2.3724682,2.418935,2.5648787,2.6241305,3.5970414,3.580371,3.8133993,3.3855839,3.9702656,3.8224652,3.892273,4.079099,3.7767713,3.715616,3.6628046,3.5527742,3.3161952,3.672825,3.3074207,2.9513612,4.2982817,4.3747396,4.037896,4.3386273,3.3062098,3.3515549,3.1394649,3.3779783,3.369218,3.369218,3.169126,3.2228713,3.581607,3.1521852,3.5107446,3.4890814,3.3075604,3.1529543,3.394311,3.2751355
19,3.1040297,3.1585488,3.158822,3.1010413,3.6835346,3.1702926,3.385247,3.8344111,3.4443383,3.0775323,3.772078,3.2870357,3.1739454,3.1416404,3.398108,3.4766746,1.2247847,3.1884594,0.25786373,0.0,2.4222379,2.0655892,2.5122325,4.4359784,0.90366477,0.88922656,1.1725761,1.7248124,1.2117267,1.1299856,1.7274518,1.3324314,3.0604644,3.2265112,3.1538858,3.3069365,3.0962706,2.0180986,2.0062768,2.6318564,2.5395598,2.5987353,2.5166767,2.6499736,2.670365,2.631493,2.8245308,3.031087,2.736044,2.835479,3.3679788,3.482238,3.3854687,2.5520165,2.5414493,2.3958578,2.624744,2.3697898,3.7181683,3.6146088,2.3897023,3.061799,2.0415618,2.1317105,3.3741486,3.3175368,3.3389661,3.5448859,3.0390434,3.0664926,2.9463775,2.9076986,3.4030714,3.4030714,3.4299612,3.3655407,3.2586088,3.4188375,3.2450073,3.8436694,2.936044,2.9478965,3.4579828,2.9380956,2.9380996,3.3207946,2.8498769,2.906944,2.3271897,2.3731444,2.5662806,2.5776606,3.5363944,3.523695,3.8134809,3.358316,3.9388442,3.803711,3.8576622,4.069008,3.7522528,3.6897674,3.6495578,3.5420337,3.2515423,3.622361,3.247823,2.94966,4.2187815,4.295132,4.015245,4.3159285,3.2478936,3.3055632,3.096646,3.3748899,3.2874804,3.2874804,3.116014,3.1637137,3.5714035,3.1648638,3.4994087,3.4756322,3.286449,3.1432352,3.3695238,3.2650003
20,3.2805095,3.4271328,3.192653,2.9824622,3.6295593,3.06595,3.0632951,3.6353662,3.0860636,2.8029373,3.2897286,3.0288036,2.716109,2.6798518,2.3933427,2.429196,1.8748968,3.4246469,2.4406245,2.4222379,0.0,2.104169,3.636189,5.19074,2.2351477,2.2473657,1.9988766,2.3043933,2.4527311,2.1471322,2.5843315,2.3777754,3.0474997,3.1136851,3.5207572,3.0600924,3.5880995,2.5863147,2.5931501,3.2918375,3.128934,3.1436374,3.2474174,3.0100627,3.2322032,3.215019,2.9958405,3.2789283,3.204702,3.2592175,3.6601248,3.661989,3.3725026,2.7638612,2.6211267,2.4656932,3.1002865,2.932919,3.8682811,3.8044658,3.5421376,4.2443438,3.18758,3.285721,3.7743528,3.7267518,3.4613352,3.8717823,3.497986,3.5582452,3.4352012,3.3583598,3.842257,3.842257,3.4181461,3.3659947,3.7973843,3.941434,3.8298132,3.8859284,3.090389,3.101599,3.5592687,3.146247,3.4486637,3.6162112,3.5069728,3.3263412,2.9695964,2.9662132,2.6181364,2.7866652,3.6008167,3.5805256,4.7386317,3.7762027,4.086798,4.026807,4.036723,4.2822647,3.976864,3.948759,3.887924,3.9138455,3.631469,3.9708512,3.5570035,3.9040866,4.5587635,4.5366173,4.331514,4.469782,3.6103055,3.3103404,3.5075624,3.7552025,3.738672,3.738672,3.5432148,3.590549,4.4422774,4.391272,4.4221826,4.360382,3.6786726,3.6353865,3.7847838,3.7391453
21,2.0565515,2.2359917,1.8920281,1.9840313,2.7890446,2.0135164,2.1840441,2.9001653,2.3569665,1.9584429,2.847995,2.1559608,1.8205408,1.8028189,2.075928,2.0875335,1.9551759,3.591496,2.193125,2.0655892,2.104169,0.0,2.6138108,4.5760746,1.8207163,1.894738,1.2693146,1.8496058,2.0333467,1.6959318,2.131132,1.8185371,2.033389,2.4034295,2.8569531,2.0665848,3.1818526,2.0312815,2.1711106,2.4370475,3.4932318,3.5233238,3.6590855,3.407593,3.542712,3.559566,3.3505168,3.6077745,2.5554605,2.603031,3.1694446,3.1665118,2.8277638,2.116056,1.7559712,1.8577465,2.6903875,2.452354,3.5151997,3.462928,2.8820546,3.1801267,2.2840145,2.3795357,3.6090653,3.5677292,3.3206537,3.7958176,3.5034673,3.5297835,3.3896792,3.2965505,3.716281,3.716281,3.260942,3.2328951,3.7253342,3.8607662,3.7108881,3.7854636,3.3749843,3.371113,3.7664363,3.368944,3.434415,3.5431364,3.502401,3.299232,2.8361673,2.840239,2.5075827,2.5960298,3.5572135,3.5711362,4.779479,3.6937528,4.035378,3.9827118,3.9295151,4.176769,3.8753917,3.8299458,3.8364692,3.8902888,3.3812544,3.8285265,3.3402464,3.7837203,4.399307,4.365851,4.2292395,4.4028487,3.504577,3.474158,3.2383127,3.7273839,3.4804316,3.4804316,3.3784046,3.4322128,3.945454,3.9099436,3.8773386,3.8479996,3.6743367,3.6205122,3.781613,3.77125
22,2.818222,2.7559319,2.854979,2.746531,3.409974,2.760512,3.1858933,3.6017857,3.4802794,2.9932184,3.807103,3.0181787,3.106733,3.1154313,3.3208773,3.300645,2.8699136,4.4009933,2.542719,2.5122325,3.636189,2.6138108,0.0,3.8543162,2.704278,2.7209907,2.4739547,2.8070796,2.5816245,2.5964503,3.0095615,2.7721248,3.2925735,3.67551,3.3705862,3.4451926,3.8348043,2.907936,3.0074165,2.2774606,3.4836233,3.5241323,3.6897867,3.3927035,3.8208697,3.816859,3.710372,3.9862964,3.619109,3.680405,4.134595,4.2537794,3.9183877,3.3116403,3.1501303,3.3935099,3.5868452,3.1982934,4.544496,4.4960976,1.6024394,1.8883444,2.4362392,2.4499335,4.1068926,4.065227,3.995012,4.4575877,4.046328,4.0816774,3.9368799,3.8047795,4.3537602,4.3537602,3.8887796,3.8653026,4.2881217,4.4099264,4.262847,4.225094,3.9503832,3.9691927,4.277755,3.9699423,3.9787655,4.0309124,4.0208025,3.6799405,3.4461873,3.4982615,3.3059502,3.3094482,4.3135695,4.3248925,4.5051165,4.294475,4.5980077,4.476655,4.5129004,4.7472944,4.444994,4.38805,4.4170246,4.415277,4.0835876,4.4657164,4.0916896,3.779282,4.9285865,4.8927746,4.792507,4.9794636,4.307379,4.257901,3.8851397,4.065891,4.2099643,4.2099643,4.1381707,4.1823006,3.4436538,2.9966247,3.242152,3.3087626,4.3424234,4.2299347,4.445305,4.388568
23,4.6989455,4.6685348,4.7373686,4.6224365,5.06163,4.7753854,4.891122,5.039625,4.2527037,4.6196356,4.5499916,4.426644,4.8764977,4.8466935,5.048712,5.0858316,4.7521033,5.6703978,4.458941,4.4359784,5.19074,4.5760746,3.8543162,0.0,4.4851503,4.492503,4.4721756,4.616809,4.535489,4.578871,4.783805,4.640463,4.724516,5.5040317,5.211526,5.22229,5.158998,4.6497817,4.7905574,4.3733916,5.0551267,5.0939198,5.1323066,4.975162,5.315766,5.316184,5.2985744,5.5466666,5.25605,5.3529406,5.7909913,5.8412337,5.6657834,5.0005426,4.9372263,5.088119,4.2598214,4.0177603,5.1207404,5.100309,3.76566,4.2990613,4.4384384,3.9896789,4.548836,4.4851346,4.2808027,5.6881742,4.6255946,4.679651,4.41923,4.3066053,4.614263,4.614263,4.2684684,4.297415,4.5599,4.6920524,4.612349,4.534052,4.3917055,4.424768,4.816866,4.466733,4.640791,4.4625673,4.1503334,3.8272436,3.8878756,4.0784845,3.4246616,3.685538,4.4331884,4.535461,4.8978972,4.379029,4.566266,4.4797807,4.5593414,4.7200007,4.613547,4.626379,4.605228,4.5345545,4.1990833,4.6706486,6.112396,5.8598204,5.0504346,4.9461718,5.1796184,5.243627,4.7615438,4.7167296,4.2531953,4.433703,4.4191556,4.4191556,4.3594203,4.385328,3.8299253,3.680076,3.6167266,3.7343745,5.0569415,5.0235405,5.1354704,5.1973867
24,3.165341,3.3067136,3.1555448,3.1117363,3.5941133,3.2376175,3.3203084,3.8004484,3.2890756,3.0458796,3.6863313,3.2482042,3.0666492,3.0380576,3.254768,3.3542802,1.6382102,3.3724086,0.9705416,0.90366477,2.2351477,1.8207163,2.704278,4.4851503,0.0,0.17349774,0.66663986,1.4158337,1.5037087,0.86756706,1.5816792,1.1401404,2.9222946,2.9721677,3.4725568,3.0786002,2.7313716,1.7959226,1.6882689,2.374453,2.626553,2.67917,2.564204,2.697962,2.4290707,2.4027362,2.6552255,2.817121,2.659421,2.7519495,3.3323283,3.3852112,3.4285517,2.6195376,2.346049,2.133382,2.6296947,2.3852286,3.6903553,3.5845816,2.417951,3.4253185,2.4201267,2.5088172,3.207774,3.1632173,3.1285875,3.4046614,2.8887262,2.9183612,2.8239458,2.7752857,3.2555246,3.2555246,3.2318423,3.1640906,3.1073842,3.3040984,3.164805,3.7106245,2.7734215,2.7812917,3.4681737,2.740139,2.8919396,3.2252452,2.7444043,2.9093242,2.093556,2.1307335,2.3290193,2.3063405,3.3781645,3.3705435,4.287816,3.2731214,3.7701824,3.6346667,3.6786108,3.8817704,3.5916293,3.5358524,3.483021,3.3939846,3.1035736,3.5503836,3.1249304,3.372777,4.275017,4.3388724,3.87135,4.157472,3.0110712,3.0576732,2.8891017,3.3270853,3.080121,3.080121,2.925158,2.984541,3.6412618,3.4002116,3.6009672,3.5603068,3.1101594,2.9784343,3.200921,3.1027348
25,3.202431,3.3420482,3.1978548,3.1347897,3.6605608,3.2749374,3.3423078,3.8139703,3.3022943,3.0657618,3.722496,3.2527246,3.0940583,3.067902,3.2770603,3.3818443,1.631411,3.3796709,0.9266046,0.88922656,2.2473657,1.894738,2.7209907,4.492503,0.17349774,0.0,0.7495711,1.4476091,1.5185293,0.8916033,1.6250241,1.200045,3.0048559,3.027089,3.5208957,3.1347811,2.8032737,1.8346363,1.6921027,2.3809521,2.6182792,2.6757605,2.5410464,2.6819777,2.4441068,2.4107246,2.671458,2.8361537,2.7033887,2.8050492,3.3579333,3.418508,3.4201877,2.6868522,2.3764837,2.1844335,2.6575768,2.3843446,3.7422233,3.632915,2.4190402,3.424409,2.444825,2.5285327,3.2065578,3.1587393,3.1316779,3.3954484,2.8654351,2.8986347,2.78018,2.7318318,3.2582371,3.2582371,3.2225978,3.149134,3.0958347,3.3135347,3.167656,3.7241263,2.7240653,2.7357154,3.4107041,2.7020297,2.8744695,3.2262657,2.7063107,2.8838842,2.079166,2.1148226,2.31997,2.3047163,3.3837006,3.3737547,4.2650347,3.2614272,3.7623286,3.621922,3.6798406,3.9004345,3.5841985,3.5240088,3.4671757,3.3704062,3.1067078,3.561023,3.1340027,3.3432724,4.282082,4.3489404,3.8998663,4.1912036,3.0036156,3.0448036,2.885519,3.2907007,3.090452,3.090452,2.9194965,2.9829443,3.6360419,3.367791,3.584396,3.5460556,3.0929377,2.9512024,3.185521,3.0793386
26,2.677964,2.8316584,2.6439087,2.6173499,3.2822409,2.7012959,2.8636777,3.4549077,2.892319,2.5667107,3.3392375,2.8587132,2.5370362,2.511796,2.7469542,2.818001,1.5337051,3.376531,1.2938037,1.1725761,1.9988766,1.2693146,2.4739547,4.4721756,0.66663986,0.7495711,0.0,1.3039981,1.5010209,0.71709865,1.4648808,1.0002701,2.5948448,2.585586,3.2371395,2.6292963,2.902612,1.7602259,1.654721,2.2002976,2.755606,2.7977524,2.8043103,2.752786,2.5830157,2.5764236,2.6477869,2.7706835,2.4304926,2.5089247,3.1529016,3.1722763,3.1025934,2.4204838,2.013318,1.8916687,2.5627482,2.3354213,3.6588213,3.5696182,2.44858,3.2604246,2.2461245,2.3599064,3.2485147,3.2228835,3.0804417,3.4387567,3.037364,3.0703523,2.9969614,2.9182494,3.364367,3.364367,3.1068413,3.0492337,3.2949831,3.4817584,3.357939,3.674989,2.9236224,2.9278908,3.4217064,2.8659432,3.0371664,3.2835248,2.9937034,2.9947903,2.2208207,2.2397666,2.3150196,2.2280426,3.3636227,3.363416,4.4105124,3.4230335,3.7958028,3.688303,3.6963923,3.9261312,3.6229959,3.5685256,3.5365608,3.5142553,3.151779,3.6349974,3.0894806,3.4343371,4.2875476,4.310731,4.011408,4.2578826,3.1000378,3.1034775,2.941972,3.3689444,3.1457672,3.1457672,3.0364444,3.086872,3.7112374,3.504077,3.6136298,3.5861268,3.207624,3.1204796,3.3051202,3.2381797
27,2.972592,3.0872521,2.906123,2.9697526,3.550442,3.0917947,2.6044104,3.2163353,3.0769136,2.8141801,3.4921105,3.0367627,2.8283188,2.8378146,2.9907866,3.1126966,1.980296,3.6161323,1.7813572,1.7248124,2.3043933,1.8496058,2.8070796,4.616809,1.4158337,1.4476091,1.3039981,0.0,1.9366966,1.3031656,1.9088833,1.5791562,2.704004,2.8927953,3.632555,3.0877562,3.1597989,2.010386,2.3046138,2.2975233,2.8026078,2.8694646,2.8106005,2.7585564,2.8371632,2.8171928,2.9116602,2.885244,2.9190192,3.0718596,2.9620705,2.960128,3.5674157,2.88462,2.522156,2.460995,2.608299,2.7844095,3.6783762,3.873075,2.76131,3.6290112,2.7331176,2.8436835,3.2745578,3.2509782,3.106831,3.3203518,3.08167,3.1207645,3.0493288,2.9628859,3.4061136,3.4061136,3.0933845,3.048298,3.287593,3.4724472,3.3458068,3.6220624,2.9491572,2.9557745,3.4992518,2.8908355,3.0239456,3.2107232,2.9719276,2.9652228,2.2649367,2.3054314,2.304243,2.2538347,3.3743105,3.362293,4.499624,3.4487014,3.8831987,3.741352,3.7541587,3.944515,3.7363777,3.6964445,3.647658,3.635192,3.1644444,3.6127768,3.1803198,3.6038058,4.294065,4.3200026,3.9723134,4.2026362,3.0943878,3.0819368,2.9088,3.3828318,3.118141,3.118141,3.003532,3.052796,3.7061498,3.5398366,3.601726,3.5902042,3.1799116,3.0696566,3.27426,3.2541168
28,3.1870573,3.2542086,3.1425955,3.21001,3.8903987,3.241884,3.3682966,4.1541743,3.3675544,3.1767874,4.0320115,3.1867836,3.22155,3.1692343,3.4669237,3.4638598,1.5196121,3.2684853,1.263878,1.2117267,2.4527311,2.0333467,2.5816245,4.535489,1.5037087,1.5185293,1.5010209,1.9366966,0.0,1.1458412,1.2627931,1.1102475,2.773104,3.106083,3.0430288,2.9379125,3.4319344,2.0476177,2.5937576,2.9963923,2.1270034,2.162136,2.1706307,2.2485676,2.511297,2.4952345,2.3193932,2.946136,3.0541441,3.128927,3.9181979,3.8338206,2.9504032,2.2704701,2.3404887,2.1923466,2.821445,2.36028,3.7795413,3.714018,2.6046283,3.1978703,2.399962,2.571856,3.7517786,3.6370184,3.5699732,3.7847211,3.414468,3.415587,3.0184364,2.9683676,3.6768217,3.6768217,3.6123319,3.5563095,3.447634,3.6647997,3.6341202,4.0282,3.125394,3.123444,3.4330332,3.2248778,3.4042158,3.7661605,3.1412137,3.1486356,2.5049531,2.5351682,2.6282663,2.6185846,3.7414954,3.7435944,4.11793,3.4173424,4.2432837,4.1302986,4.149706,4.3519893,4.0740623,4.0173893,3.9896133,3.8771477,3.6523747,4.071409,3.5644748,3.2645464,4.409905,4.4912395,4.461432,4.7220206,3.4913154,3.558999,3.202169,3.3788505,3.5338402,3.5338402,3.270905,3.3659132,3.8143246,3.4006262,3.476283,3.4798985,3.4994895,3.5746834,3.5750334,3.5149877
29,2.9269657,3.0669062,2.9056828,2.9129572,3.7203126,2.9898703,3.0619783,3.7923458,3.1035142,2.846738,3.621653,3.1016157,2.837879,2.794582,3.0714042,3.1314535,1.5000513,3.2110636,1.2216663,1.1299856,2.1471322,1.6959318,2.5964503,4.578871,0.86756706,0.8916033,0.71709865,1.3031656,1.1458412,0.0,1.0180618,0.5676649,2.7463634,2.7440093,3.3209167,2.8181272,3.271713,1.8908123,2.0769646,2.505446,2.3733335,2.422197,2.398305,2.4085765,2.2310274,2.205943,2.2773767,2.4144757,2.5760229,2.671853,3.4385529,3.3674235,2.9812307,2.5516155,2.1336176,1.9863162,2.5893219,2.3709674,3.718145,3.6661205,2.511287,3.3856921,2.4136403,2.573267,3.4197567,3.3821774,3.2739828,3.5533755,3.1679358,3.1944427,3.0660534,2.9888632,3.502126,3.502126,3.279282,3.2135305,3.3856258,3.5885835,3.5257168,3.8452163,3.0069911,3.0140102,3.2846897,2.9668417,3.1457977,3.4653502,3.044599,3.0901222,2.1929436,2.2250617,2.4651425,2.2601244,3.526765,3.518688,4.429701,3.4945168,4.020396,3.896187,3.9199042,4.138339,3.8461058,3.7869332,3.7521124,3.6833239,3.3931386,3.8629525,3.2818177,3.4883156,4.344042,4.3965836,4.2799816,4.5401955,3.242485,3.2760282,3.0735047,3.4290133,3.3186533,3.3186533,3.159422,3.2289004,3.7860258,3.5630763,3.5603166,3.562187,3.2906816,3.2835817,3.3701596,3.3035674
30,3.30724,3.4391942,3.2899427,3.332934,4.043122,3.350914,3.4892898,4.549815,3.2996945,3.2652903,3.9467638,3.525786,3.2537022,3.1991012,3.4788432,3.5200741,2.0539596,3.4648952,1.8443012,1.7274518,2.5843315,2.131132,3.0095615,4.783805,1.5816792,1.6250241,1.4648808,1.9088833,1.2627931,1.0180618,0.0,0.61080676,2.823589,2.5705862,3.2706316,2.784694,3.7504003,2.5946012,2.7839801,3.1637566,2.282229,2.3192415,2.24443,2.3674288,2.0166438,2.0317447,2.0432844,2.1700826,2.6372871,2.6997685,3.7352722,3.4573076,3.2635422,2.6881483,2.290362,2.092033,2.6758807,2.5227602,3.7355292,3.6808398,2.99197,3.717238,2.6646743,2.896625,3.4712076,3.4312596,3.3629613,3.6033738,3.2754896,3.2670689,3.1351225,3.070106,3.4826183,3.4826183,3.3754566,3.3178833,3.493261,3.6734726,3.8017278,4.037369,3.1136217,3.1003265,3.2829509,3.028546,3.3392637,3.7421274,3.2134469,3.2714586,2.204138,2.2327948,2.9081142,2.3023,3.5759392,3.5759456,4.4535747,3.5093088,4.298068,4.1960454,4.193206,4.411584,4.1420274,4.091383,4.0574446,3.9505186,3.6702795,4.1306305,3.4855502,3.6905239,4.4340906,4.5270486,4.4119415,4.667115,3.2574632,3.322719,3.1617594,3.522229,3.3485665,3.3485665,3.2210743,3.290946,4.0303674,3.760579,3.6052823,3.6064079,3.4156482,3.6344,3.428273,3.3865502
31,3.13834,3.2661548,3.1165025,3.1679451,3.9171875,3.1875184,3.3374994,4.1703954,3.2893875,3.114314,3.8125162,3.3908772,3.0938623,3.0468333,3.3361635,3.3749268,1.7798523,3.3297608,1.4812702,1.3324314,2.3777754,1.8185371,2.7721248,4.640463,1.1401404,1.200045,1.0002701,1.5791562,1.1102475,0.5676649,0.61080676,0.0,2.7449098,2.5610611,3.257498,2.77064,3.454739,2.14227,2.3738966,2.7978783,2.4402113,2.4793916,2.4089196,2.5238676,2.1969507,2.199319,2.2518153,2.3669393,2.579616,2.6478305,3.5467136,3.3912532,3.0408258,2.5949066,2.2254066,2.0217707,2.6422865,2.4800756,3.7163494,3.6595278,2.7575848,3.5304558,2.4930606,2.6691062,3.4515254,3.4127054,3.3433354,3.5750353,3.2590647,3.2576141,3.1356068,3.0758228,3.4735498,3.4735498,3.3861978,3.3321192,3.4528627,3.6315799,3.633463,4.005756,3.0945399,3.0891402,3.2724125,3.021794,3.2504354,3.625057,3.1377416,3.2296374,2.212771,2.2449234,2.7060502,2.3373892,3.5653865,3.5670524,4.442374,3.4966505,4.1440163,4.0400224,4.0366178,4.256538,3.9810746,3.9236665,3.900943,3.8044531,3.4821177,3.9578729,3.3683262,3.5755773,4.323645,4.401851,4.3608565,4.6258297,3.2416322,3.308006,3.107658,3.4759595,3.28983,3.28983,3.1614425,3.2269306,3.9012153,3.656629,3.6032085,3.6059237,3.3559787,3.4356613,3.406769,3.3642092
