,0,1,2,3,4,5,6,7,8,9,10,11,12,13,14,15,16,17,18,19,20,21,22,23,24,25,26,27,28,29,30,31,32,33,34,35,36,37,38,39,40,41,42,43,44,45,46,47,48,49,50,51,52,53,54,55,56,57,58,59,60,61,62,63,64,65,66,67,68,69,70,71,72,73,74,75,76,77,78,79,80,81,82,83,84,85,86,87,88,89,90,91,92,93,94,95,96,97,98,99,100,101,102,103,104,105,106,107,108,109,110,111,112,113,114,115,116,117,118,119,120,121,122,123,124,125,126,127
0,0.0,2.039574,1.4323534,2.3357375,3.077738,2.4011261,2.622949,2.8242857,2.7184858,2.6854532,3.0681167,2.4327133,2.3105476,2.3293421,3.555003,2.670829,3.2864974,3.1159616,3.0947697,3.4697924,2.6149147,1.8786541,1.8843715,0.87772053,3.9499152,3.7183998,3.4346116,3.741138,2.8468199,3.2767313,3.2064352,3.1524599,3.0850875,3.3295712,3.1844425,3.2174873,2.8009777,2.8276534,3.1521962,2.9446483,3.0763588,3.2132285,3.0486884,2.646232,2.9475064,3.0676477,3.2083898,3.3691554,2.4613407,2.9126256,3.485253,2.9351623,3.2643893,3.4798641,3.242542,3.244156,2.4551036,2.036803,3.6431248,3.0525389,2.9929967,2.7413323,3.0778916,3.5278127,3.6297903,3.4947236,3.762353,3.998033,3.562982,3.7678406,3.45071,3.8385756,3.441594,3.9327905,2.6554537,3.4865763,3.4902668,3.62815,3.7023482,3.602814,3.1552296,3.297187,3.382703,3.2653763,3.3715558,3.3128018,3.2916954,3.372196,3.4038544,3.623938,3.682035,3.479508,3.124044,3.29557,3.2624524,3.2565541,4.117655,4.078359,4.516797,4.6221066,3.9704065,3.9007893,4.104478,3.9969392,3.1001117,2.9470847,3.1834893,3.213978,2.6691508,2.7533631,2.6739554,2.7130644,2.4555874,2.3495042,2.686657,2.7696395,3.0471554,2.5587616,2.9046926,2.8069568,2.7776866,2.6874044,3.0381336,3.2316732,3.4763772,2.4376054,2.312062,2.2657754
1,2.039574,0.0,1.5216501,2.0757797,2.9082196,2.5233648,2.6500301,2.532238,2.4700923,2.4613574,2.5089216,2.288579,2.449268,2.3170888,3.7047043,2.847338,3.2412925,3.0620928,3.0981548,2.9385383,2.1508193,2.1589189,1.6256528,2.0507932,3.7618892,3.328095,3.2044458,3.6462543,2.8605385,2.4759297,3.353727,3.2265508,2.632852,2.6637535,2.6023166,2.6125104,2.5831394,2.241338,2.6393516,2.4900575,2.259105,2.5445578,2.3579779,1.8660274,2.363654,2.2493126,3.0945208,3.3840718,2.3396544,1.9995047,2.8194172,2.3592072,2.5355852,2.4424376,2.8348565,2.596006,1.9185398,1.7130187,2.949884,2.443523,2.3464196,2.188104,2.4103212,2.5479898,3.016089,2.8524323,2.9749353,3.1417048,2.8136415,3.0373797,2.673915,3.2057142,2.6820145,3.1198323,2.2026834,2.6736455,2.7244084,2.9093547,2.9607491,2.8337343,2.1330323,2.4448783,2.548522,2.5026588,2.4666448,2.4171624,2.243502,2.614,2.670733,2.857467,2.9197247,2.7450628,2.3246922,2.3923361,2.6041791,2.5637867,2.9001374,3.009101,3.133292,3.2771776,2.7347817,2.5897238,2.9488814,2.8195126,2.239267,2.769354,2.655807,2.2744527,2.734566,2.93176,2.78928,2.8372447,2.1959136,2.440609,2.75741,2.6783893,2.2057178,2.505938,2.9594295,2.7876852,2.6153474,2.486535,2.9079897,3.1525009,2.481939,2.2188258,2.216773,2.5246027
2,1.4323534,1.5216501,0.0,1.7988895,2.861673,2.1392987,2.2404463,2.6048841,2.1642983,2.1530473,2.7089083,1.9698063,2.1012056,2.0002885,3.4304438,2.5048788,2.8479238,2.7332034,2.754374,3.0465727,2.054102,1.2940478,1.2929876,1.2845618,3.761983,3.5131154,3.2090492,3.502043,2.493254,2.8098009,2.8843815,2.7954993,2.5617933,2.8403451,2.7474804,2.775545,2.459243,2.5666952,2.8438368,2.702179,2.7315366,3.019443,2.8448255,2.381635,2.8519027,2.8254924,2.982471,3.220349,2.5528257,2.437208,3.277042,2.6764822,2.869186,3.099833,2.9689524,2.826703,1.9611797,1.3556223,3.313487,2.5244012,2.6211483,2.2777398,2.518205,3.0741935,3.1703336,3.1205988,3.4084218,3.6276574,3.1383202,3.3699076,3.044801,3.4891765,3.1026473,3.5327911,2.4468977,3.128773,3.2102704,3.315233,3.3756366,3.2761567,2.756403,2.9182074,2.871698,2.901848,2.9009664,2.8904674,2.7599432,2.9366806,3.0423727,3.2528665,3.304164,3.12982,2.8097975,2.9240222,3.1121483,3.0674891,3.4835303,3.5196981,3.9601076,4.063039,3.3237238,3.272166,3.4977455,3.2665052,2.72815,3.072976,2.931982,2.8016746,2.96333,3.0970998,2.9978385,3.0365748,2.4695747,2.4359386,2.8432403,2.880948,2.4009826,2.627906,3.0165403,2.9057715,2.8430452,2.8254232,3.1811798,3.3404877,2.6807585,2.5403152,2.3308988,2.5493717
3,2.3357375,2.0757797,1.7988895,0.0,2.9525685,2.1370308,2.2541063,2.2218761,2.6974545,2.5456946,3.1956272,2.4548647,2.3238328,2.2627063,2.5831356,2.4133716,3.1849642,2.5205677,2.5196314,2.5120935,2.7625158,1.2447956,1.8148263,2.2488472,3.715431,3.5775325,3.746015,3.8739264,3.1724236,2.4322486,3.5912895,3.517289,2.6192055,2.7516994,2.8259947,2.8372724,2.8528278,2.917232,3.1404626,3.209941,2.2886689,2.6518576,3.0463657,2.6251285,3.2763357,3.2515059,3.556839,3.9931285,3.0581684,2.7748678,3.4795127,3.1694133,3.131232,3.090996,3.6311417,3.4679704,1.6679862,2.609001,2.992742,2.3074613,2.260507,2.0405867,2.246407,2.853083,2.7516465,2.6368206,3.2268949,3.3129492,2.762364,3.036873,2.47176,2.9297748,3.1505861,3.526835,2.7868476,3.3337655,3.254567,2.9247603,2.9982517,2.7763143,2.8850727,2.5344722,2.6171288,2.4994414,3.2309618,3.2490954,2.9548957,2.5541189,2.7679346,3.2250485,3.0071554,2.6629183,2.628661,2.8513389,2.6520054,2.591502,2.916522,2.9327693,3.5830607,3.72137,3.0428414,2.9455502,3.122735,2.8730187,3.2138946,3.504887,2.9607534,2.5275936,2.7702067,2.8581622,2.6881337,2.7143426,2.9918976,3.1303847,2.6106036,2.5586522,2.4434907,2.6580038,2.93211,2.9021392,2.6126297,3.3209307,2.7607374,2.9869,2.2870674,2.9402761,2.755319,3.0495005
4,3.077738,2.9082196,2.861673,2.9525685,0.0,1.6633307,1.9817855,1.2858217,1.4878105,1.462441,2.6620212,1.5765154,1.560047,1.5703235,3.0578897,1.9402896,2.3988476,2.3182037,2.2955139,1.9376657,1.4338286,2.8969994,2.149581,2.558787,2.756552,2.4181097,3.2093508,2.830722,1.7998407,2.194421,2.1891608,2.108122,2.12353,2.4743788,2.4792502,2.4536808,2.201295,2.3815622,2.5493855,2.6640213,2.380558,2.7517,2.7864573,2.7658176,2.643352,2.715855,2.7684262,3.2160347,2.2858973,2.2524967,2.7925684,2.6421134,2.5179482,2.4038785,3.0248566,2.8212159,2.955103,3.0876992,2.8759625,2.344184,2.4195795,2.3730638,2.323691,2.3869314,2.8282552,2.7945027,3.1307209,3.2580655,2.8126059,2.8301353,2.5387354,2.9084635,2.3146677,2.8447845,3.0562704,2.3721392,3.0171807,3.041282,3.0524702,2.483959,2.1915967,2.3531451,2.414072,2.5983675,2.4682736,2.46242,2.3868895,2.688373,2.6750107,2.5513136,2.8843806,2.577238,2.2760785,2.3924143,2.7357583,2.7668211,2.8978658,3.269279,3.6132812,3.785639,3.1119618,2.9701934,3.601834,3.0961587,2.655299,2.786831,2.7810636,2.5044303,2.9955134,3.1160393,2.9228473,2.9326587,2.3452845,2.4740217,2.7094426,2.4969156,2.370668,2.470044,2.6921673,2.7320712,2.4964328,2.358435,2.61538,2.8498175,2.7784913,2.2019792,2.5878577,3.0241
5,2.4011261,2.5233648,2.1392987,2.1370308,1.6633307,0.0,1.0011839,1.4414428,1.5752062,1.447851,2.4904828,0.9175978,0.55727607,0.60619587,2.0920665,1.0568929,1.9653246,1.3964609,1.3751,2.1625144,1.639951,1.8872119,2.0932865,1.8545048,3.135187,2.882614,3.1696618,3.0754504,1.9105657,2.0973368,1.9777373,1.9709231,1.8710359,2.2223713,2.136137,2.177455,1.9992944,2.2046542,2.349488,2.5180302,1.7786295,2.4562998,2.6581955,2.4923217,2.6269572,2.7176242,2.6019034,3.136217,2.125136,2.1284666,3.0710347,2.5437307,2.279018,2.603941,2.7513309,2.4330552,2.4597466,2.4573805,2.9497933,1.692518,2.1973228,1.6346039,1.6372608,2.32327,2.6088486,2.5534751,3.0783434,3.1935365,2.7223635,2.7990057,2.3508973,2.7787876,2.6162624,3.0558124,3.0950077,2.7721417,3.194022,3.0156395,3.0483465,2.5015984,2.546619,2.4169374,2.5136456,2.597758,2.786274,2.7997644,2.6820416,2.5950441,2.687526,2.7541246,2.8977964,2.5148647,2.356531,2.5455174,2.6499026,2.6569896,2.8147247,3.1445885,3.4617898,3.6429353,3.081824,3.0020852,3.5107434,3.0122814,2.6153035,2.7149217,2.529056,2.1257858,2.5633388,2.6707265,2.4126742,2.4300294,2.1871312,1.9010695,2.236833,2.2899766,1.922958,1.9754862,2.1882868,2.3053875,2.3096433,2.571183,2.4678922,2.6881557,2.2070107,2.104371,2.1634092,2.3772418
6,2.622949,2.6500301,2.2404463,2.2541063,1.9817855,1.0011839,0.0,1.7786311,1.4030442,1.2129725,2.2574308,1.4530066,0.89702296,0.8947119,1.8851724,1.202151,2.0109875,1.6156571,1.4095359,1.9869041,1.7568017,1.7591544,2.094719,1.9485905,3.0722113,2.696962,2.9252422,2.7554855,2.3207648,2.0990598,2.386386,2.3452342,1.8365371,2.164299,2.1174862,2.1516716,1.6417087,2.0217807,2.5605512,2.2723227,2.0658877,2.1468318,2.513886,2.3277755,2.5269973,2.578845,2.695871,2.827663,2.3259296,2.2684643,2.9137926,2.3280628,2.5040338,2.8065,2.618881,2.7147129,2.472602,2.6766424,2.4845395,1.603136,1.8888903,1.6415285,1.6300089,2.0362713,2.7239206,2.8399389,2.9421132,3.370011,2.9927914,3.0570414,2.6465497,3.0323992,2.808731,3.190654,3.364147,3.0236843,3.036655,3.0013897,3.0785785,2.7011116,2.7123334,2.4191303,2.4792702,2.3605351,2.875002,2.914992,2.7814813,2.5294774,2.8533628,2.9770648,2.956209,2.6816273,2.5265384,2.8022292,2.5794744,2.5800254,2.9599164,3.0469084,3.610435,3.7843509,3.0837188,2.8155956,3.3445995,2.7538102,2.581056,2.7347167,2.166771,2.3416977,2.5484378,2.6473129,2.362394,2.376161,2.0600471,2.1135626,2.2902994,2.3553877,2.0256186,2.1143813,2.4483905,2.4446142,2.4115698,2.922689,2.6343677,2.7532513,2.2199779,2.4021723,2.3995664,2.7846103
7,2.8242857,2.532238,2.6048841,2.2218761,1.2858217,1.4414428,1.7786311,0.0,1.8186284,1.662731,2.7635922,1.6004735,1.5973701,1.594517,2.4669409,1.864882,2.5776517,1.9832221,2.0313535,1.5822767,1.8901315,2.3837893,1.9703013,2.4321196,3.2404041,2.8688452,3.3324652,3.1441274,2.0594904,1.4467111,2.5179005,2.4368608,1.866712,2.0500832,2.09646,2.0751345,2.3624856,2.4789522,2.3789477,2.8442519,1.6538938,2.5802124,2.9007168,2.7871106,2.9423351,2.9870808,2.4934986,3.4232178,2.1483638,2.1156118,2.909297,2.7574716,2.36766,2.238141,3.3373566,2.778613,2.1189957,2.8641832,2.696333,1.6783341,1.9314798,1.6204875,1.6604502,1.8840863,2.1188462,2.0663412,2.861156,2.787263,2.1840036,2.2648375,1.8044299,2.2859402,2.3268309,2.8540828,2.8955483,2.504815,2.927271,2.4622304,2.4649174,1.8955988,1.9978143,1.7417604,1.8931549,2.190163,2.5349078,2.555228,2.1558068,2.2113032,2.372953,2.5438077,2.5487618,1.9731369,1.8962475,2.067087,2.4263978,2.4487276,2.6242044,3.0923166,3.2895927,3.4705234,3.0920627,2.883522,3.4049697,2.956602,2.9114642,3.0277956,2.6393065,1.9681414,2.7080822,2.8401868,2.6201642,2.6398253,2.3957524,2.314438,2.1737738,1.9336611,2.0471969,2.0600321,2.3568203,2.311134,2.0083354,2.498023,2.1488657,2.3884559,2.3194194,2.1689165,2.3979216,2.8835971
8,2.7184858,2.4700923,2.1642983,2.6974545,1.4878105,1.5752062,1.4030442,1.8186284,0.0,0.30082506,1.8595358,1.3666918,1.3989025,1.3324145,3.0324404,1.8564755,1.8905027,2.1618013,2.1413867,1.9150821,1.0516592,2.3396595,1.7110635,1.9790657,2.8596675,2.5072904,2.7852976,2.6047194,1.9166458,2.053381,2.233557,2.15891,1.5936697,1.9807323,1.9160409,1.9143642,1.636536,1.9982723,2.2892473,2.0842788,2.2342334,2.480083,2.4837031,2.2821584,2.267738,2.3195744,2.350994,2.5397635,2.0435774,1.9107748,2.6415732,2.211058,2.1939602,2.3235626,2.4357307,2.3637745,2.442392,2.2640483,2.5138695,1.7888184,2.0084484,1.8955935,1.8498368,2.091867,2.5300972,2.7390387,2.9342875,3.2987587,2.7962437,2.8657575,2.5645697,2.9652941,2.2221944,2.6377945,2.7948937,2.3422291,2.8538742,3.025129,3.06485,2.6388483,2.2195106,2.334372,2.270892,2.3891802,2.1137905,2.156449,2.1336498,2.351298,2.5481508,2.44512,2.7995133,2.5739052,2.1991138,2.3590982,2.6847951,2.6980453,2.8984206,3.199834,3.4656467,3.641914,2.919516,2.8128471,3.3802493,2.6419516,2.3772442,2.6509569,2.2918727,2.338582,2.9524374,3.079049,2.8375084,2.854489,1.7624024,1.8904729,2.3795292,2.3268647,1.8534364,2.0968943,2.4730353,2.3942094,2.2979167,2.3073409,2.6556587,2.7375467,2.3950305,2.0052114,2.0947907,2.7837033
9,2.6854532,2.4613574,2.1530473,2.5456946,1.462441,1.447851,1.2129725,1.662731,0.30082506,0.0,1.8689692,1.316181,1.3033473,1.2345139,2.8046472,1.7206683,1.9143529,2.0744805,2.040936,1.7927667,1.1248161,2.2013314,1.673975,1.9449431,2.8820236,2.5258718,2.7915661,2.5938673,1.9271019,1.9096369,2.2656305,2.168237,1.4569494,1.8612881,1.8152826,1.8149168,1.5954126,2.006363,2.2368398,2.115141,2.1487222,2.3961825,2.4635634,2.275862,2.3363726,2.3653042,2.3131604,2.5746617,2.0163617,1.900925,2.5964255,2.195665,2.2308474,2.3510606,2.5044837,2.444841,2.31708,2.3175046,2.3949912,1.6409048,1.872169,1.7547451,1.7068257,1.9419386,2.456523,2.6657906,2.8361003,3.2142413,2.7780054,2.8528,2.4610767,2.8524706,2.2441838,2.680832,2.8356547,2.4068744,2.7954967,2.9070535,2.9522252,2.5155637,2.206952,2.2102098,2.1695242,2.2618022,2.158575,2.2039042,2.1215038,2.238998,2.495978,2.4486477,2.775157,2.4754732,2.1607125,2.3433998,2.5849583,2.5927975,2.82304,3.1105957,3.4345036,3.6290526,2.8973453,2.760102,3.3279958,2.5986547,2.433081,2.6277285,2.2130923,2.2684824,2.8137333,2.9522479,2.7168555,2.7350452,1.7598963,1.894922,2.2752726,2.211166,1.8174484,1.9999255,2.4030797,2.3141303,2.1952615,2.3762448,2.530727,2.621411,2.3199394,2.0312226,2.0801911,2.7604165
10,3.0681167,2.5089216,2.7089083,3.1956272,2.6620212,2.4904828,2.2574308,2.7635922,1.8595358,1.8689692,0.0,2.4216282,2.3126278,2.207648,3.5790377,2.6722736,2.9465187,3.1351113,3.0688066,2.884656,2.0478,2.9818208,2.3820753,2.5235143,2.9445887,2.559529,2.259056,2.4574664,2.6906054,2.3419974,3.0250597,2.8980346,2.2574558,2.2538564,2.205948,2.2069008,1.5183128,1.6611948,2.5018475,1.4844701,2.5515628,2.0897253,1.9086572,1.7733499,1.8219985,1.771652,2.5020041,2.0075865,2.1267962,2.1489952,2.2423294,1.7220011,2.583436,2.6925151,2.2461004,2.7543597,2.7283568,2.594959,2.0683863,2.2038305,2.0115635,2.2915041,2.249567,2.0470023,2.9605494,3.115871,2.7909293,3.4436822,3.1990085,3.235575,2.9058678,3.3099954,2.4527447,2.895868,3.0388966,2.5479016,3.0841637,3.5908434,3.682642,2.5749438,2.3997736,2.5245752,2.7027795,2.2967587,2.200331,2.2401416,2.3732498,2.4581006,2.2193449,2.0733943,2.9836657,2.899021,2.440751,2.6646352,2.4201944,2.4349499,2.984927,2.637212,3.1594288,3.3636255,2.3083735,2.4439242,3.5973675,2.4678936,2.0152836,2.2662697,1.8114198,2.478677,2.6511018,2.823935,2.6419828,2.6655798,1.3823218,2.1145253,2.5111778,2.4594655,2.1123226,2.2105713,2.1068528,2.598226,2.4110835,2.4288158,2.777994,2.813555,2.59351,2.0969052,2.1479065,2.7443576
11,2.4327133,2.288579,1.9698063,2.4548647,1.5765154,0.9175978,1.4530066,1.6004735,1.3666918,1.316181,2.4216282,0.0,0.9440324,0.8244161,2.7871454,1.5665684,2.015888,1.7847048,1.8724923,2.3971918,1.062654,2.1070526,1.9588215,1.8853997,3.249471,2.9527025,3.0286524,3.0079577,1.3953521,2.0895247,1.5769644,1.4748294,1.7675178,2.1645176,2.030448,2.0740001,1.9977112,2.1868558,2.109152,2.4612782,1.9579557,2.7502575,2.6348765,2.4868188,2.5886297,2.5852106,2.2433443,2.976985,1.8960925,1.7934551,2.9362416,2.3716612,2.0503178,2.4136314,2.5633008,2.0256972,2.4540622,2.0208244,3.0776293,1.7646646,2.362371,1.7351828,1.7125771,2.2816727,2.6866226,2.6042368,3.0274553,3.0903018,2.7436125,2.8133748,2.4072654,2.86809,2.4789836,2.944226,2.9402168,2.5403004,2.9796646,2.918445,2.9201314,2.6072607,2.2517185,2.4067588,2.432801,2.6923382,2.424313,2.4167051,2.3178892,2.6062768,2.7657144,2.7278526,2.9119716,2.5365772,2.2901602,2.3515682,2.800399,2.789221,2.7877855,3.3400385,3.3611217,3.5392888,3.065505,2.9796023,3.4082139,3.049515,2.3914788,2.636682,2.6080508,2.1214693,2.8080812,2.9961512,2.8111522,2.8401527,2.0587642,1.6896746,2.5108716,2.5116916,1.7742214,2.0476434,2.5017588,2.369504,2.4708917,2.3550932,2.699954,2.9288318,2.2387235,1.9388398,2.016614,2.2658541
12,2.3105476,2.449268,2.1012056,2.3238328,1.560047,0.55727607,0.89702296,1.5973701,1.3989025,1.3033473,2.3126278,0.9440324,0.0,0.25027043,2.2582128,1.0375443,1.9394593,1.5539275,1.4345465,2.1934938,1.4061043,1.9339507,1.9883679,1.7085536,2.919935,2.5539958,2.8982556,2.7346058,1.8235282,2.2385318,1.8756728,1.8631804,1.9876482,2.3651667,2.2517145,2.2911057,1.6801909,1.9149475,2.4196546,2.220483,1.9981896,2.2661955,2.411977,2.2356832,2.2959793,2.4140906,2.6187031,2.8361177,2.0793567,2.14011,2.894007,2.2885718,2.2869527,2.6148314,2.3919837,2.4086456,2.6119993,2.4779499,2.7771404,1.8736991,2.1611953,1.8284304,1.8425415,2.26773,2.76934,2.6947544,3.0771768,3.3494778,2.849899,2.911671,2.5513682,2.9829602,2.570961,3.007231,3.0674152,2.6963048,3.0179212,3.0656528,3.1165538,2.6854217,2.549062,2.5161865,2.617658,2.5580678,2.6923523,2.673743,2.7214334,2.6318698,2.7513943,2.7653103,2.8799767,2.6271522,2.3390868,2.5815659,2.5024095,2.5160637,2.875635,3.1422997,3.519195,3.6825552,2.9840298,2.8808136,3.372756,2.904115,2.310058,2.4383602,2.3124957,2.2419302,2.4763103,2.583566,2.30475,2.3170066,1.9203562,1.8782463,2.2475739,2.2811525,1.9195962,1.9441609,2.2495513,2.270395,2.2939208,2.3940432,2.4823604,2.6879396,2.264084,1.9358884,2.0569074,2.2897441
13,2.3293421,2.3170888,2.0002885,2.2627063,1.5703235,0.60619587,0.8947119,1.594517,1.3324145,1.2345139,2.207648,0.8244161,0.25027043,0.0,2.330743,1.1319306,1.9813924,1.6110967,1.5116229,2.203634,1.2642812,1.881674,1.9046342,1.7358632,2.932219,2.5543318,2.8155322,2.6982296,1.74779,2.1476028,1.8377972,1.7882028,1.9161049,2.2884314,2.1784916,2.2179513,1.590946,1.8203902,2.2973776,2.1250908,1.9481769,2.2208786,2.3062787,2.1396184,2.2414932,2.3150756,2.543827,2.7722087,2.031641,1.9992061,2.8013856,2.1635816,2.2398329,2.5624616,2.3344119,2.3468332,2.5245078,2.3617933,2.6984313,1.7827048,2.0894022,1.7485491,1.7374451,2.1507542,2.730387,2.6547205,2.9665012,3.2467937,2.808479,2.8763103,2.4907207,2.9124177,2.5126944,2.971514,3.0179327,2.627342,2.938171,3.0115037,3.0614424,2.625006,2.4284527,2.4197903,2.5118682,2.462694,2.5675936,2.5539727,2.5895061,2.535725,2.6616874,2.6873517,2.8230696,2.551546,2.2615974,2.4852793,2.444102,2.446729,2.7536101,3.0313516,3.3956845,3.5739763,2.8330867,2.73048,3.2462444,2.7705371,2.1811569,2.377593,2.2475085,2.1605608,2.470054,2.6019714,2.3606532,2.3770669,1.8785889,1.8775069,2.2842524,2.305093,1.7827544,1.9418106,2.2730331,2.28056,2.2953017,2.3796785,2.5093296,2.7272897,2.1183562,1.9243046,2.022483,2.2613702
14,3.555003,3.7047043,3.4304438,2.5831356,3.0578897,2.0920665,1.8851724,2.4669409,3.0324404,2.8046472,3.5790377,2.7871454,2.2582128,2.330743,0.0,1.6492945,2.8101928,2.240337,2.027935,2.623175,3.2986748,2.4812658,3.245589,3.1130865,3.6629527,3.386682,3.9285808,3.6847694,3.4911492,2.8126585,3.526542,3.555415,2.5511768,2.7457478,2.7803226,2.8132658,2.9773626,3.2648773,3.7209318,3.5877323,2.70457,2.844314,3.5538032,3.4243536,3.764053,3.806204,3.7466228,4.072674,3.4645565,3.4602547,3.6387506,3.5650632,3.5526397,3.7467804,3.895875,3.9061038,3.1604006,3.9709702,3.2025614,2.513688,2.6907108,2.4889195,2.5260122,2.8671772,3.286132,3.2976754,3.5832913,3.8247879,3.4604616,3.507408,2.8865151,3.480589,3.507312,3.8582203,4.0786996,3.8098855,3.5905266,3.1266744,3.2113106,2.8627203,3.713318,3.073005,3.2277305,3.0147681,4.020175,4.056511,3.84592,3.187711,3.5660727,3.6694617,3.4779804,3.1919005,3.3494074,3.6531503,3.1002483,3.0983312,3.2226558,3.2579587,3.982833,4.0866656,3.843362,3.568676,3.881515,3.4875424,3.7904735,3.878863,3.1520731,3.1247275,2.7115378,2.7049584,2.3817575,2.3745298,3.3412507,3.3408594,2.8411715,2.8913498,3.0073857,2.9138348,3.0840445,3.1582882,3.0320966,3.9968715,2.7708724,2.9447396,2.8537571,3.4712546,3.4412115,3.6580222
15,2.670829,2.847338,2.5048788,2.4133716,1.9402896,1.0568929,1.202151,1.864882,1.8564755,1.7206683,2.6722736,1.5665684,1.0375443,1.1319306,1.6492945,0.0,1.6459085,1.6778497,1.5169228,2.2557733,1.9756693,2.0764701,2.308277,2.0821865,2.86021,2.530576,3.1580276,2.9445686,2.2683485,2.4329674,2.3083942,2.362119,1.7413812,2.164433,2.060666,2.0998623,2.057886,2.3236141,2.8441606,2.6281397,2.2194054,2.433837,2.7353816,2.555007,2.6902158,2.7788877,2.9469366,3.1514754,2.5004647,2.530976,2.826968,2.6815763,2.6179473,2.8986905,2.7964876,2.8338256,2.7936313,2.8968031,2.8974948,2.0874233,2.3111825,2.0458808,2.091037,2.512766,2.8729937,2.8329337,3.2820947,3.5333743,2.9932117,3.0501168,2.442251,3.1045322,2.4706976,2.9313731,3.0345829,2.6690302,2.899199,2.8314037,2.8923664,2.4881904,2.9005427,2.7143059,2.7951167,2.7049954,3.0443904,3.0479865,3.0507126,2.7872293,2.9728837,2.7517061,3.0245667,2.7899349,2.6079366,2.8751829,2.6617663,2.673536,2.7264562,2.9635448,3.4740753,3.6120763,3.2024565,3.07672,3.4851408,3.028297,2.730828,2.8513641,2.5619698,2.503323,2.2719266,2.3178566,1.9561846,1.9569731,2.3409688,2.3123055,2.3694658,2.4050725,2.1890404,2.1910746,2.4612508,2.4925122,2.444667,2.7740283,2.262938,2.4664838,2.4024365,2.3493392,2.421907,2.665301
16,3.2864974,3.2412925,2.8479238,3.1849642,2.3988476,1.9653246,2.0109875,2.5776517,1.8905027,1.9143529,2.9465187,2.015888,1.9394593,1.9813924,2.8101928,1.6459085,0.0,1.6528524,1.6910102,2.3136055,2.1500788,2.7456782,2.6246638,2.5623412,3.3238037,2.989527,3.8241558,3.4095378,2.4605513,2.8320055,2.378769,2.5517552,1.9673811,2.3655648,2.2908242,2.3118417,2.6172316,2.9156895,3.2625291,3.2239165,2.6717837,3.2047114,3.5744233,3.1097975,3.1281292,3.2053814,3.19106,3.5043156,3.1627717,3.0303862,3.4753811,3.396398,2.1164162,2.5875833,2.5791228,2.2266843,3.1912744,2.84487,3.4864788,2.4549067,2.848,2.4838603,2.4866452,3.0121968,3.1149058,3.2597702,3.7049625,3.8866339,3.3488643,3.3985496,2.8741446,3.4160655,2.584751,2.3934639,3.1249454,2.755589,3.3225124,3.2886393,3.3059492,3.008095,3.1353614,3.1747653,3.042415,3.2684712,3.1248171,3.1777751,3.0903952,3.2095263,3.3459525,2.9423592,3.4356015,3.2423472,3.0260003,3.1308937,3.4996808,3.5113735,3.2010198,3.5526068,3.768239,3.9297254,3.7066867,3.608823,4.0002146,3.463159,3.1434908,3.3423953,3.1731713,2.9689589,3.5086334,3.579601,2.962553,2.9647598,2.8165019,2.5346282,3.0214288,3.0821283,2.5976474,2.8842316,3.1225004,3.0640025,3.1250303,3.0936172,3.033748,3.168262,2.9171379,2.8153121,2.8878686,3.5127573
17,3.1159616,3.0620928,2.7332034,2.5205677,2.3182037,1.3964609,1.6156571,1.9832221,2.1618013,2.0744805,3.1351113,1.7847048,1.5539275,1.6110967,2.240337,1.6778497,1.6528524,0.0,0.45616558,1.9277257,2.3231869,2.2831733,2.5815086,2.540861,3.5464916,3.2213078,3.912931,3.47468,2.4358873,2.3641975,2.3272939,2.4763775,2.3997483,2.642136,2.6502707,2.6817186,2.5882738,2.844906,3.155041,3.310718,2.0422971,2.8730924,3.547775,3.0709994,3.2472558,3.3493545,3.1643353,3.7626927,3.1420465,3.0145347,3.8691678,3.438831,1.9296771,2.4371774,2.7286143,2.2041101,2.7983348,2.94999,3.3128648,1.9924523,2.5146415,1.9529005,1.9317706,2.6407552,2.7620091,2.752475,3.3816776,3.4272926,2.8860216,2.9485884,2.5771666,2.9176905,2.9966142,2.7892497,3.5094132,3.2067935,3.5821576,3.2452416,3.263727,2.9088433,2.9671226,2.7453256,2.733503,2.922773,3.2074149,3.2485006,3.0370681,2.8875306,3.0634508,3.2044609,3.066086,2.7405276,2.7184162,2.865988,3.093936,3.0985332,3.1039696,3.5007503,3.699346,3.8728995,3.5112772,3.3702521,3.7238066,3.3052998,3.147233,3.3419921,3.0349681,2.5769536,3.4744675,3.562218,2.9230928,2.9256442,2.8854132,2.5690255,2.6733575,2.7399685,2.3667028,2.630602,2.8164256,2.7823935,2.862193,3.197708,2.9502327,3.1940365,2.4405112,2.7545586,2.8247814,3.3556197
18,3.0947697,3.0981548,2.754374,2.5196314,2.2955139,1.3751,1.4095359,2.0313535,2.1413867,2.040936,3.0688066,1.8724923,1.4345465,1.5116229,2.027935,1.5169228,1.6910102,0.45616558,0.0,1.9068316,2.3209538,2.2099388,2.568634,2.5032444,3.3871472,3.0188556,3.7806945,3.3004096,2.524626,2.4490361,2.3971848,2.5342011,2.456084,2.7152631,2.7280798,2.7564404,2.421645,2.6988437,3.2342098,3.1705396,2.175923,2.6788192,3.402681,2.9443576,3.115602,3.2250726,3.2804286,3.6500049,3.1709034,3.0568104,3.7586086,3.3118,2.1480594,2.6071343,2.6555014,2.4379625,2.9056962,3.1008258,3.158245,2.0828788,2.4416668,2.0443,2.03404,2.615853,2.9133844,2.9123294,3.382111,3.561768,3.0352383,3.0890975,2.7359488,3.0772457,3.068808,2.9265857,3.6024392,3.2830925,3.5251334,3.2890515,3.33245,2.9739678,3.0561452,2.7991428,2.8105252,2.8615713,3.307399,3.344623,3.1729543,2.9524877,3.1355476,3.2696786,3.115564,2.8651078,2.804434,3.0129192,3.0112708,3.0180779,3.1532247,3.3790462,3.7932098,3.955985,3.4647949,3.263315,3.669232,3.2331557,3.0482297,3.2405994,2.8868866,2.6592853,3.3321428,3.4014902,2.7598834,2.7577236,2.8276575,2.6658292,2.7054489,2.7679095,2.450872,2.6851547,2.8535938,2.8616526,2.8995807,3.2704518,2.9678097,3.190417,2.4762318,2.8143752,2.9090075,3.3959677
19,3.4697924,2.9385383,3.0465727,2.5120935,1.9376657,2.1625144,1.9869041,1.5822767,1.9150821,1.7927667,2.884656,2.3971918,2.1934938,2.203634,2.623175,2.2557733,2.3136055,1.9277257,1.9068316,0.0,2.3487322,2.6769702,2.2333262,2.9002476,3.1723938,2.7541056,3.8248198,3.3249667,2.9415483,1.8115877,3.2945085,3.2831776,2.1240923,2.231288,2.431267,2.3880618,2.6076496,2.7938478,3.177655,3.1885478,2.0608048,2.480642,3.2831547,2.862562,3.064708,3.1006503,3.3334115,3.8121996,3.0847318,2.8043406,3.2931614,3.2551231,2.2550364,1.9539354,3.152113,2.866848,2.4739542,3.3427303,2.4816236,1.9764867,1.9092833,2.016021,2.0074372,2.0500412,2.3953464,2.5927722,2.9658432,3.1720257,2.6244714,2.7115731,2.302752,2.7253394,2.5779123,2.463287,3.2165284,2.854121,3.0542128,2.7377443,2.7769141,2.353278,2.4542205,2.0817325,2.0978878,2.2245617,2.795384,2.854657,2.4439902,2.3413591,2.6449673,2.813825,2.7130244,2.4046588,2.3449714,2.542336,2.6755722,2.6920283,2.773542,2.9915307,3.4557703,3.628119,3.1519375,2.8175874,3.357596,2.727127,3.181853,3.4350884,2.7274208,2.4151266,3.360897,3.45825,2.8843796,2.888282,2.7179449,2.9286528,2.5810244,2.365695,2.480535,2.6814375,2.9356866,2.8622205,2.5292761,3.1361406,2.6289499,2.783293,2.5790904,2.797161,2.9834917,3.8302374
20,2.6149147,2.1508193,2.054102,2.7625158,1.4338286,1.639951,1.7568017,1.8901315,1.0516592,1.1248161,2.0478,1.062654,1.4061043,1.2642812,3.2986748,1.9756693,2.1500788,2.3231869,2.3209538,2.3487322,0.0,2.3728325,1.663998,2.0446453,2.8028643,2.4527667,2.615111,2.595993,1.4828103,2.1016068,1.8511409,1.6960169,1.8393673,2.1697855,2.0929997,2.0957437,1.5894893,1.7060167,2.1050053,1.9602255,2.2736716,2.4984403,2.2091663,2.0366752,2.0423627,1.954596,2.316229,2.54476,1.8773582,1.5860908,2.3740296,1.8658144,2.0409155,2.2033954,2.233875,2.1375122,2.554941,2.046127,2.646735,1.9948308,2.1398234,1.9854026,1.9764636,2.1798105,2.8309233,2.8298397,2.933369,3.2388163,2.899801,2.962334,2.6215112,3.0430226,2.212319,2.7056832,2.7132642,2.203602,2.5111675,2.8590221,2.8908617,2.6654336,1.9373679,2.336733,2.30702,2.4525828,2.0831187,2.0971239,2.027574,2.596531,2.7423766,2.546944,2.8954673,2.6813757,2.203293,2.2999995,2.6533208,2.6373467,2.761721,3.0739477,3.2766497,3.4668343,2.7589066,2.5163386,3.1333508,2.7311363,1.814482,2.2719078,2.2459607,2.1879592,2.8114016,3.0151627,2.8367622,2.866651,1.7462722,1.963237,2.7499154,2.6536353,1.8712507,2.324126,2.822283,2.6389368,2.6078765,2.2190518,2.857733,3.023319,2.3589506,1.9279578,2.1689813,2.5950477
21,1.8786541,2.1589189,1.2940478,1.2447956,2.8969994,1.8872119,1.7591544,2.3837893,2.3396595,2.2013314,2.9818208,2.1070526,1.9339507,1.881674,2.4812658,2.0764701,2.7456782,2.2831733,2.2099388,2.6769702,2.3728325,0.0,1.590347,1.6114339,3.5830035,3.4049077,3.2862074,3.4087899,2.7603252,2.548704,3.0470848,2.9913416,2.4423268,2.6858816,2.679566,2.7095592,2.350127,2.596584,3.050358,2.8626063,2.5681016,2.6843746,2.938797,2.4783738,3.0772314,3.0474133,3.142054,3.370544,2.8155448,2.7029598,3.311669,2.8128521,2.993317,3.2421095,3.1801267,3.1971014,1.8224964,2.1890771,2.9573894,2.2101772,2.2157106,1.9403249,2.208156,2.8687496,3.0188138,3.0071175,3.2853029,3.592556,3.1289296,3.3426065,2.8700407,3.3019478,3.2585745,3.6233432,2.922025,3.4244545,3.0507665,2.9367445,3.0348008,3.1168787,2.978506,2.730021,2.7125988,2.5955966,3.2690022,3.3036733,3.0331848,2.802783,3.176225,3.4880712,3.2346756,2.9896672,2.8489017,3.092122,2.8695185,2.8101408,3.3478193,3.2814057,3.959087,4.078934,3.4071624,3.127206,3.2698188,3.1267366,2.9556777,3.2111127,2.7036176,2.7408795,2.654346,2.758365,2.563079,2.5949082,2.6583319,2.7405396,2.6526082,2.711825,2.4565117,2.6084569,3.0719738,2.8688788,2.7857003,3.307569,2.975441,3.1335728,2.45874,2.8541927,2.6559792,2.9069955
22,1.8843715,1.6256528,1.2929876,1.8148263,2.149581,2.0932865,2.094719,1.9703013,1.7110635,1.673975,2.3820753,1.9588215,1.9883679,1.9046342,3.245589,2.308277,2.6246638,2.5815086,2.568634,2.2333262,1.663998,1.590347,0.0,1.5434284,3.0798533,2.7661843,2.892331,2.8873453,2.1730893,2.1616857,2.7927313,2.6895785,2.1434681,2.3849115,2.4053364,2.3852088,1.9924606,2.1945603,2.6760576,2.4225996,2.491048,2.543448,2.587896,2.0831032,2.5159361,2.4818528,2.7151573,2.9050372,2.374827,2.2669585,2.6537592,2.4124656,2.5385473,2.498756,2.786842,2.8173003,1.6299217,1.8976144,2.5179172,2.2268836,1.912906,2.0142472,2.2469893,2.493924,2.701921,2.704045,2.9353633,3.255449,2.7096074,2.9243605,2.5118494,2.9606032,2.420413,2.8387203,1.9705116,2.493724,2.5467994,2.7318647,2.8116705,2.6280274,2.0784311,2.2187376,2.1638508,2.128877,2.3265169,2.3417993,2.1203568,2.3326352,2.4613626,2.6350386,2.7800894,2.5659814,2.1740487,2.3585262,2.4930866,2.458213,3.0374098,2.9945838,3.6120353,3.7545462,2.903103,2.730186,3.1191897,2.7820055,2.4261541,2.727335,2.4738352,2.5301673,2.675385,2.8199096,2.5979307,2.6288695,2.1131585,2.487413,2.4705296,2.3088336,2.1767764,2.3797967,2.787052,2.6330228,2.3303351,2.4165156,2.5934265,2.7890425,2.4853623,2.2179332,2.2260768,2.8175867
23,0.87772053,2.0507932,1.2845618,2.2488472,2.558787,1.8545048,1.9485905,2.4321196,1.9790657,1.9449431,2.5235143,1.8853997,1.7085536,1.7358632,3.1130865,2.0821865,2.5623412,2.540861,2.5032444,2.9002476,2.0446453,1.6114339,1.5434284,0.0,3.488858,3.220919,3.0946648,3.2111697,2.3850694,2.8497074,2.701707,2.664759,2.4767954,2.7974985,2.6534553,2.689435,2.2230015,2.4347804,2.8502743,2.5454628,2.7314193,2.8419354,2.7837553,2.3422036,2.5925603,2.717618,2.79465,2.9015553,2.184563,2.592861,3.159141,2.602526,2.7640839,3.0590773,2.6859922,2.7643409,2.274336,1.8271506,3.1948621,2.5361009,2.5542655,2.3036695,2.5859287,3.0424185,3.2571878,3.2268999,3.3983164,3.7371995,3.3083153,3.4793189,3.123318,3.5459354,3.017934,3.427623,2.5688353,3.1097496,3.1900325,3.3658822,3.4424908,3.2518904,2.8512018,2.951478,2.9978719,2.8930297,2.9467404,2.9086232,2.915697,2.9637976,3.0678253,3.2120311,3.3462906,3.148908,2.7974286,2.9859774,2.9812584,2.9802618,3.7479393,3.7563329,4.2159996,4.3373504,3.644324,3.5695143,3.8568456,3.5718613,2.7704778,2.6606326,2.756244,2.911287,2.541883,2.6418564,2.4153018,2.4480736,1.9667579,1.8652552,2.3282075,2.4277883,2.5935707,2.157482,2.5385869,2.445133,2.4494421,2.4295979,2.7295706,2.907156,3.0849876,2.0941544,1.9633794,2.2115228
24,3.9499152,3.7618892,3.761983,3.715431,2.756552,3.135187,3.0722113,3.2404041,2.8596675,2.8820236,2.9445887,3.249471,2.919935,2.932219,3.6629527,2.86021,3.3238037,3.5464916,3.3871472,3.1723938,2.8028643,3.5830035,3.0798533,3.488858,0.0,1.2538787,2.499238,2.2416954,3.3579028,3.1789482,3.599393,3.6520116,3.1047642,3.1735888,3.2618742,3.244816,2.299643,2.4066224,4.074927,2.5489407,3.402378,2.3812573,2.5127926,2.475253,2.4211636,2.4899805,3.8106668,3.044372,3.2826035,3.2214587,2.5536053,2.6979089,3.4849737,3.3677895,3.1891365,3.97128,3.771738,3.9988139,2.5055077,3.3138998,2.6823747,3.2924628,3.3258793,3.309298,3.691551,3.631935,3.5596812,4.1296372,3.3053849,3.2605135,3.3394628,4.2380624,2.759875,3.206894,3.4519417,2.7647007,2.77568,3.4213798,3.5469553,3.1614127,3.1961932,3.2571936,3.427707,2.8512447,3.168442,3.1780937,3.4704652,3.2867372,3.3762174,3.041487,2.881841,3.4971595,3.0485356,3.383826,2.5696282,2.5803032,3.109095,2.8195703,3.6008024,3.423558,2.8710437,2.6568117,3.287008,2.785249,2.4422333,3.4538288,2.6280751,3.3765702,2.882987,2.8648698,2.6232414,2.6032145,2.6235926,3.6070871,3.2976513,3.1578898,3.0063775,3.2511194,3.418631,3.5144644,3.2850688,3.2549524,3.1567626,3.3023772,3.104298,2.9049659,3.3376226,3.7139883
25,3.7183998,3.328095,3.5131154,3.5775325,2.4181097,2.882614,2.696962,2.8688452,2.5072904,2.5258718,2.559529,2.9527025,2.5539958,2.5543318,3.386682,2.530576,2.989527,3.2213078,3.0188556,2.7541056,2.4527667,3.4049077,2.7661843,3.220919,1.2538787,0.0,2.2914364,1.7168574,3.0042615,2.914993,3.2601287,3.2976675,2.8485434,2.966971,3.0097513,2.9908311,1.9267782,2.0455463,3.8674622,2.2702415,3.1601317,2.0784123,2.322307,2.213892,2.120788,2.1942172,3.5490754,2.7485178,3.1030607,3.0516837,2.300935,2.4321098,3.141382,3.032381,2.6549892,3.548135,3.5953314,3.8315325,2.203613,3.0908568,2.4454002,3.0928545,3.1162653,2.714816,3.4989583,3.4081762,3.281588,3.9118118,3.1054022,3.0482829,3.115996,4.028642,2.4701016,2.8563433,3.2742424,2.466369,2.5301132,3.2325788,3.3550038,2.8882594,2.8928921,2.985422,3.175898,2.565411,2.861665,2.814957,3.1910157,3.0169241,3.0784588,2.7288296,2.6241002,3.2277176,2.745768,3.1004255,2.2482145,2.2828646,2.8684723,2.6023924,3.4153965,3.2636113,2.608106,2.4020092,3.0983374,2.5279486,2.0937243,3.1166012,2.3344183,3.1710346,2.7408507,2.7573082,2.395827,2.3723507,2.2756405,3.313329,3.0640147,2.8630254,2.695584,2.96903,3.1440074,3.2303326,2.9679697,2.8943682,2.8589242,3.026198,2.8442311,2.5803757,3.05257,3.5295362
26,3.4346116,3.2044458,3.2090492,3.746015,3.2093508,3.1696618,2.9252422,3.3324652,2.7852976,2.7915661,2.259056,3.0286524,2.8982556,2.8155322,3.9285808,3.1580276,3.8241558,3.912931,3.7806945,3.8248198,2.615111,3.2862074,2.892331,3.0946648,2.499238,2.2914364,0.0,1.5937102,2.9197962,2.9693313,3.2058353,3.1316428,3.028901,3.0300775,2.9363801,2.9500253,1.6565852,1.8335801,3.3914971,1.5757989,3.4035454,2.538996,1.9715127,2.2912886,2.3380332,2.298503,2.5826757,1.3708657,2.4318333,2.6508057,2.0669024,1.5658373,3.6514196,3.79738,3.1259751,3.835663,3.2761915,3.2706795,2.3460348,2.9636002,2.5093431,2.9583519,3.0221515,2.7675748,3.5438497,3.5157986,3.2321827,3.8981857,3.267346,3.2226841,3.3851686,4.143333,2.9607594,3.8073325,3.4455829,2.9035618,2.6946213,3.4042947,3.5324314,3.2585757,2.9328055,3.0491984,3.2232575,2.6439657,2.802847,2.806118,3.1359332,3.0299418,3.2500663,3.1249566,2.8920517,3.3319695,2.8543143,3.178023,2.4750812,2.471739,3.4317021,3.267004,3.6082344,3.481866,2.9408715,2.7501867,3.30557,2.8535662,2.0458386,3.0600448,2.1727092,3.2766905,2.499914,2.581729,2.821604,2.835324,2.0030177,2.9734473,3.014182,2.9602914,2.5438511,2.748527,3.107907,3.0422287,2.9729164,2.9566584,3.203249,3.2727437,2.8388965,2.5548663,2.781272,2.9167953
27,3.741138,3.6462543,3.502043,3.8739264,2.830722,3.0754504,2.7554855,3.1441274,2.6047194,2.5938673,2.4574664,3.0079577,2.7346058,2.6982296,3.6847694,2.9445686,3.4095378,3.47468,3.3004096,3.3249667,2.595993,3.4087899,2.8873453,3.2111697,2.2416954,1.7168574,1.5937102,0.0,2.630634,3.0216072,2.8699198,2.8520944,3.0755413,3.233599,3.2139661,3.2134776,1.6093434,2.2817917,3.8370912,2.284203,3.617528,2.7133965,2.728615,2.7188206,2.7309449,2.7586508,2.878777,1.826208,3.099991,3.3236177,2.6854823,2.4343212,3.4782374,3.6631439,2.760166,3.7370665,3.578111,3.760508,2.3268874,3.1274512,2.6313758,3.1834326,3.1824138,2.7313097,3.6016214,3.5677056,3.3625746,4.0837297,3.4091318,3.3323472,3.462132,4.1484976,3.0354748,3.4658215,3.718385,3.0440688,3.0152044,3.6703954,3.791303,3.3115509,3.1494076,3.1809974,3.3218362,2.7260401,2.930423,2.896582,3.3228817,3.067159,3.2101374,3.1005774,2.9334853,3.3738751,2.9773812,3.3273027,2.5514908,2.5654347,3.5393717,3.3560853,3.9997442,3.9065228,3.0594835,2.9974337,3.589913,2.9797134,2.4509993,3.1900315,2.407615,3.583161,3.0689335,3.1504996,2.9816768,2.9695272,2.3292942,3.2739828,3.1116364,2.9532077,2.755884,2.9299197,3.1259408,3.1542788,3.0421984,3.0806644,3.1928813,3.292932,3.0081708,2.7527542,3.0159347,3.4761524
28,2.8468199,2.8605385,2.493254,3.1724236,1.7998407,1.9105657,2.3207648,2.0594904,1.9166458,1.9271019,2.6906054,1.3953521,1.8235282,1.74779,3.4911492,2.2683485,2.4605513,2.4358873,2.524626,2.9415483,1.4828103,2.7603252,2.1730893,2.3850694,3.3579028,3.0042615,2.9197962,2.630634,0.0,2.4662108,0.90205324,0.7656946,2.3131883,2.6813104,2.5559523,2.5682743,2.1306295,2.5429003,2.5043592,2.7739825,2.797987,3.3623772,3.170233,3.0323489,3.05369,3.0532906,1.9373794,2.7054608,2.3562427,2.5147927,3.0795634,2.7411094,2.4543366,2.8542557,2.7805402,2.4399257,2.866563,2.4431295,3.339993,2.4677892,2.7876532,2.4447587,2.4358664,2.6966238,2.9719014,2.844115,3.4063766,3.4610286,3.000174,3.0251687,2.7045386,3.0398917,2.5558043,2.9983876,2.9609041,2.5155427,3.2179394,3.3085935,3.308533,2.8195615,2.4247594,2.7579613,2.7211165,2.9856198,2.5034294,2.494411,2.5170426,2.9297328,2.8607779,2.6845987,3.1707413,2.816121,2.5015857,2.5506403,3.0870047,3.0834184,3.2529018,3.6935372,3.7769349,3.9489925,3.3544924,3.4119632,3.9107623,3.5156157,2.6509745,2.7671115,2.9855938,2.8148751,3.2418168,3.427241,3.2602072,3.279987,2.4816082,2.3037224,2.9259846,2.81054,2.239157,2.5188127,2.7791734,2.7242632,2.7670062,2.3443773,2.947429,3.1632795,2.7361336,2.2245011,2.38252,2.6956885
29,3.2767313,2.4759297,2.8098009,2.4322486,2.194421,2.0973368,2.0990598,1.4467111,2.053381,1.9096369,2.3419974,2.0895247,2.2385318,2.1476028,2.8126585,2.4329674,2.8320055,2.3641975,2.4490361,1.8115877,2.1016068,2.548704,2.1616857,2.8497074,3.1789482,2.914993,2.9693313,3.0216072,2.4662108,0.0,2.934741,2.8372824,1.6616534,1.3811729,1.5873828,1.5490348,2.1557288,2.2053974,2.2635195,2.5633054,1.359466,2.246821,2.6721127,2.4813988,2.8010786,2.70159,2.1044047,3.0811336,2.115599,1.8248763,2.5279708,2.4294872,2.0356438,1.8890843,3.202122,2.629539,1.6321548,2.6819942,2.0267649,0.9364259,1.1634936,0.9644232,0.9567325,1.2017831,1.748483,1.9149787,2.313447,2.3696523,1.9716014,2.026973,1.4590313,2.0743845,2.129918,2.5346713,2.8951101,2.3726707,2.5022707,2.0342247,2.0680423,1.4508207,1.5539721,1.0229676,1.2301362,1.5333449,2.1655643,2.3022497,1.544751,1.6954081,2.115676,2.319072,2.2289448,1.6615192,1.6270301,1.7875228,2.1503434,2.1341932,2.2481549,2.621792,2.5618489,2.7863517,2.6789238,2.2650225,2.9969974,2.4195902,2.6272523,3.0304787,2.145138,1.5866714,2.6962554,2.8964703,2.6176047,2.6511528,2.1707542,2.324413,2.1573122,1.9499823,1.7054068,2.0713995,2.476921,2.3314247,2.0732749,2.7562418,2.2688627,2.45412,1.8728082,2.2798035,2.4490788,3.144011
30,3.2064352,3.353727,2.8843815,3.5912895,2.1891608,1.9777373,2.386386,2.5179005,2.233557,2.2656305,3.0250597,1.5769644,1.8756728,1.8377972,3.526542,2.3083942,2.378769,2.3272939,2.3971848,3.2945085,1.8511409,3.0470848,2.7927313,2.701707,3.599393,3.2601287,3.2058353,2.8699198,0.90205324,2.934741,0.0,0.4721397,2.703896,3.0795996,2.9159791,2.9493027,2.3647723,2.763039,2.8209734,3.0138426,3.0467076,3.6162758,3.479964,3.358809,3.277218,3.324769,2.312524,2.8963783,2.7453558,2.8954377,3.547735,3.0526195,2.6056492,3.2119832,2.7807803,2.455077,3.4384308,2.7976916,3.7630358,2.739395,3.203798,2.7535653,2.6922014,3.074612,3.3671467,3.2508447,3.7907743,3.8535583,3.4053624,3.3856108,3.1574378,3.4221838,3.0080805,3.3159206,3.5537834,2.9755883,3.6682034,3.7532637,3.7506578,3.324052,2.985665,3.2664657,3.2166712,3.4662511,3.0170326,3.0186315,3.1038349,3.419261,3.3692207,3.1615798,3.5431874,3.254972,2.978566,3.0363638,3.5019348,3.5067427,3.5932102,4.0588365,4.075971,4.2423725,3.7231548,3.765456,4.230166,3.853802,2.8692107,2.9867506,3.2717197,3.1334426,3.601684,3.7519112,3.5314329,3.5440474,2.827708,2.4863698,3.2701297,3.2660472,2.5466063,2.8648963,3.0696087,3.0400705,3.2309692,2.7812269,3.3925955,3.5906992,2.973016,2.602243,2.761772,2.9297297
