,0,1,2,3,4,5,6,7,8,9,10,11,12,13,14,15,16,17,18,19,20,21,22,23,24,25,26,27,28,29,30,31,32,33,34,35,36,37,38,39,40,41,42,43,44,45,46,47,48,49,50,51,52,53,54,55,56,57,58,59,60,61,62,63,64,65,66,67,68,69,70,71,72,73,74,75,76,77,78,79,80,81,82,83,84,85,86,87,88,89,90,91,92,93,94,95,96,97,98,99,100,101,102,103,104,105,106,107,108,109,110,111,112,113,114,115,116,117,118,119,120,121,122,123,124,125,126,127
0,0.0,0.3000492,0.7662206,1.3838522,2.8873148,2.4898431,2.8979297,2.2160301,2.6854844,2.7317226,2.9970229,2.6304996,2.8800967,2.7325344,2.7973766,2.693969,2.3765237,2.6961524,2.4717727,2.5912888,2.8466887,2.3307621,2.333167,2.2831132,2.992917,2.3329852,3.073814,3.1906118,2.9645524,3.2153406,2.8937533,2.9565217,3.7773302,2.6746926,2.4838111,3.1411827,2.3932872,2.0973048,2.6402557,3.1184223,1.9579952,2.1513371,2.039031,2.5215945,2.3090746,2.3983338,2.3654194,2.2867594,2.6892736,2.1982949,2.5831966,2.2620158,2.6347065,2.5772834,2.7041092,2.8324325,2.5924878,2.7016757,3.2401931,2.8081899,2.2155828,2.4635956,2.4303699,2.5914557,3.7425914,3.4199345,3.7082167,3.677728,2.7415035,2.643876,2.6655931,2.6518273,2.8386378,3.1684523,2.4681647,2.233281,2.6859524,2.7135835,2.8371632,2.8428507,2.5910404,2.2113633,2.2082276,2.6971233,2.4196112,2.2995625,2.8197486,2.5657468,2.767106,2.9110284,2.7457333,2.6576946,2.6100702,3.5886834,2.9844134,3.2244387,3.0537512,3.1914454,2.9616838,2.98262,2.868256,2.9490645,2.9166844,3.0138366,2.8012247,2.690641,2.7666686,2.9384606,3.6058457,3.5877347,3.4812152,3.2865057,3.4435492,3.446417,3.4195673,3.4420044,3.7370465,3.5882618,3.7603762,3.7070825,3.54143,3.5512726,3.2597177,3.5989864,4.1429486,4.0383673,3.9666781,4.1038337
1,0.3000492,0.0,0.75504297,1.4372678,2.9815567,2.6015313,3.0120964,2.3729382,2.77625,2.8221636,3.1469886,2.6921034,2.9692068,2.8253644,2.8873372,2.576582,2.3029408,2.6248708,2.4825666,2.5223734,2.788282,2.2671483,2.2977676,2.2423923,3.0276003,2.2826982,3.0710897,3.195241,2.9846535,3.2318494,2.8869627,2.9678457,3.8500564,2.7355385,2.6025293,3.2718403,2.4083421,2.1240945,2.7111256,3.0511456,2.0703778,2.1454878,2.1433222,2.5257056,2.3521192,2.422023,2.3787,2.3075378,2.7837093,2.3332565,2.6811163,2.234362,2.7300577,2.6735694,2.786252,2.9075649,2.580304,2.6987102,3.3062375,2.8101623,2.2299073,2.4574714,2.5380125,2.4959173,3.663067,3.3412337,3.62603,3.6094892,2.8292842,2.6058657,2.7516623,2.7479236,2.9299192,3.2680902,2.5843287,2.3604693,2.7994225,2.8283293,2.9471958,2.9413238,2.5204196,2.1101723,2.1962006,2.7016847,2.350292,2.424998,2.7453594,2.5854778,2.8034492,2.8926082,2.7967763,2.662214,2.6579316,3.611048,3.0013382,3.2563682,3.085181,3.2118425,2.9989693,3.0194159,2.834824,2.914326,2.9980524,2.8856158,2.8235576,2.7632735,2.7950501,2.953624,3.745928,3.726242,3.4990745,3.3738089,3.5257843,3.545222,3.5143778,3.5273142,3.7361438,3.6763828,3.8695467,3.7899804,3.6245847,3.6354802,3.3645537,3.6893203,4.207681,4.1035657,4.071515,4.170756
2,0.7662206,0.75504297,0.0,1.3532424,3.1321332,2.5633543,2.9479094,2.3571787,2.9318511,2.9806507,3.2890308,2.8416948,3.0653443,2.936964,3.016839,2.6419737,2.5233932,2.7597075,2.7102273,2.6528897,2.973232,2.3556125,2.216922,2.1298435,3.1016521,2.383012,3.1781745,3.276043,3.16173,3.3549075,2.9972756,3.0741243,3.9974473,2.9516888,2.8468895,3.4332755,2.552413,2.2943895,2.90777,3.1682298,2.1835058,2.1984584,2.4138947,2.762074,2.6210642,2.7243676,2.6262288,2.5712588,2.9913204,2.493829,2.8826098,2.4162776,3.0438533,2.964696,3.1063545,3.2266428,2.8404183,2.9434927,3.4603887,3.0549972,2.465656,2.7159057,2.7650309,2.7648294,3.7961047,3.4999545,3.7286284,3.6701264,3.0285015,2.7714024,2.9290144,2.8965719,3.156416,3.553149,2.8170192,2.6682196,3.0425856,3.0389872,3.181122,3.167899,2.6866462,2.2825155,2.3955388,2.8058257,2.5458786,2.6052325,2.907396,2.7702334,2.9245927,2.9841719,2.8269005,2.699604,2.8417122,3.7954693,3.1171536,3.3812835,3.1275833,3.2559774,3.194364,3.2077906,2.9833047,3.0586069,3.099313,2.9916914,3.0037825,2.9861877,2.8930757,3.0516112,3.4742696,3.4329336,3.145567,3.0393472,3.6372511,3.6331,3.6150718,3.649623,3.727549,3.8032658,4.0558987,3.9804323,3.738478,3.7501817,3.5063088,3.7700539,4.25327,4.16369,4.231196,4.2890725
3,1.3838522,1.4372678,1.3532424,0.0,3.0953655,2.7503994,2.5959752,2.3768673,2.755023,2.8041735,3.1916337,3.0337307,3.1936944,3.0798805,3.1420257,3.091367,2.5193353,2.760793,2.5409715,2.7732315,3.1355612,2.9216459,2.8265262,2.7379391,2.9861712,2.4191768,3.1491578,3.1845753,3.0030391,3.219388,3.0460863,3.0379295,3.6044543,2.6666725,2.8778946,3.4259253,2.4468138,2.1454453,2.5900822,3.027582,2.4800024,2.624868,2.603854,2.981804,2.8974118,2.6024945,2.8734894,2.828958,2.981683,2.71781,3.039382,2.3625863,3.1087942,3.0875793,3.1890223,3.099019,2.8782985,3.1727667,3.5747905,2.925382,2.7710154,2.9979427,2.9474058,3.1301494,4.0797625,3.4879673,3.8545134,3.7858117,2.7539012,2.7445455,2.7783296,2.7365859,2.8906567,3.2522645,2.616076,2.5021071,2.9018793,2.9364576,3.2835562,3.1257412,2.9503224,2.5994194,2.6040015,3.0067334,2.6419876,2.3944924,2.957777,2.6049943,2.8737736,3.007219,3.0872045,2.6104426,2.7285416,3.8150122,3.1482615,3.3818195,3.2079477,3.1545928,3.017289,3.0269616,3.333365,3.3881314,3.3230906,3.541871,2.6576107,2.7561264,2.905642,2.7571132,3.4807549,3.4398887,3.4195306,3.1959567,3.5347557,3.526821,3.5871775,3.643859,3.7342932,3.6791885,3.8303154,3.7338681,3.379652,3.3644192,3.32322,3.676307,4.1630044,4.053596,3.9980478,4.15571
4,2.8873148,2.9815567,3.1321332,3.0953655,0.0,1.7119162,2.0887792,1.1482975,2.7687888,2.787076,2.5796618,2.680478,2.4389606,2.601673,2.5578105,2.9885,2.8229644,2.6993353,2.1275,2.5001156,3.1538136,2.4113252,2.3339574,2.4904416,2.862952,2.3336723,2.831811,2.8011134,2.7120776,2.675902,2.5133789,2.773,2.9079545,1.90072,1.294987,2.3626492,2.2668839,2.435202,2.0976086,3.2409773,2.181462,2.0640612,2.1472409,1.7586483,2.7255628,2.676618,2.0080888,1.9192412,2.1568184,2.0387108,1.8778063,2.6514618,1.5610005,1.9209167,1.7352126,1.7354046,2.294835,2.44393,2.2039557,2.174968,2.327534,2.0359993,1.8128358,2.3950057,3.3533318,3.096424,3.4118695,3.2869828,2.4067864,2.746512,2.4307332,2.3221896,2.8963356,2.8590255,2.2674675,1.9117383,2.4446733,2.61801,2.5828435,2.5822997,2.921636,2.7865024,2.6923769,2.792286,3.154446,2.398197,3.2799888,2.9007547,2.517606,2.8962536,2.47215,3.1145778,2.5646458,2.6286514,2.9080122,2.620114,2.5858989,2.7267385,1.8714969,1.9020095,2.691204,2.776136,2.3753114,3.3005888,2.149031,1.747039,2.4221506,2.602524,2.7550106,2.7317595,3.016835,2.5694838,2.9589448,2.9214768,2.481374,2.564599,3.528801,3.0928707,2.8894103,2.801596,3.0472708,3.0840323,2.9981308,3.0539222,3.858892,3.7564647,3.2758102,3.453986
5,2.4898431,2.6015313,2.5633543,2.7503994,1.7119162,0.0,1.5616411,1.3601433,2.4022524,2.4191988,2.188322,2.282148,1.8480413,2.0328379,2.0230172,2.4405801,2.395229,2.2322717,1.5351743,2.0320284,2.8211749,1.8503177,1.7371581,1.9275291,2.4960954,1.8086483,2.6014721,2.5923076,2.6636279,2.564458,2.2940311,2.4009886,2.859801,1.7634931,1.6450825,2.3240187,1.5180125,1.7303721,1.6108235,2.8102252,1.5887445,1.4536675,1.7142006,1.6893197,2.0951548,2.2180696,1.3558483,1.2848084,1.4619209,1.4496329,1.2663916,2.1653504,1.5349938,1.423796,1.6568934,1.8901453,1.794257,1.9537859,2.2647004,2.0808659,1.8176829,1.4727894,1.2199678,2.2319653,3.011066,2.7583487,2.945689,2.8039036,1.9811767,2.334535,1.925748,1.7510035,2.5175297,2.9529984,1.8430324,1.7737153,2.4107366,2.3050823,2.3400226,2.3078609,2.5155501,2.3708541,2.247313,2.3211792,2.7084153,1.8933184,2.8529174,2.4426699,2.0312536,2.4422312,1.8835557,2.6625824,2.0511873,2.1205726,2.2929566,2.2004743,1.8390192,2.0245392,1.8665975,1.8735862,2.0645168,2.1726012,1.7945989,2.7651494,2.009493,1.7087035,1.83273,2.0948498,2.1171443,2.089976,2.387291,1.8952901,2.5888057,2.5366757,2.4016778,2.4856794,3.2053366,2.759173,2.9132736,2.8885376,2.6853342,2.7278898,2.6365778,2.630207,3.4039068,3.3222365,3.2089803,3.351751
6,2.8979297,3.0120964,2.9479094,2.5959752,2.0887792,1.5616411,0.0,1.7789196,2.257713,2.2741168,2.6761913,2.7355862,2.351964,2.5437114,2.5564368,3.0121806,2.2943563,2.1476471,1.7707816,2.0641441,2.6554532,2.4706633,2.3047287,2.4446797,2.3249,1.7857308,2.4434886,2.3968153,2.4834137,2.3572493,2.7502244,2.231008,2.523147,1.4726073,2.2821286,2.7445238,1.471836,1.6685228,1.585839,2.7933435,2.3570676,2.292198,2.4488566,2.417551,2.7252436,2.1466954,2.2053928,2.2087781,2.3418896,2.2786658,2.2240832,2.0627098,2.3395443,2.3456097,2.4853554,2.5629275,2.6517005,2.622873,2.6267958,2.0369835,2.5734897,2.389014,2.1650152,2.9288769,3.6583211,2.7166667,3.1736352,3.0146787,2.4812927,2.916779,2.5711918,2.3210292,2.3900528,2.6204493,1.8318955,1.8932836,2.369333,2.3591938,2.4866939,2.4731646,2.8261974,2.7059083,2.5435622,2.6582367,2.6624885,1.7187523,3.3384986,2.8097222,2.1518059,2.498416,2.694308,2.5946112,2.1918752,2.5305865,2.6598206,2.459663,2.2994244,2.4556892,1.6379098,1.6511025,2.8020787,2.9019237,2.6140525,3.3186803,2.1476934,2.2102742,2.6320422,2.2655272,2.2603252,2.2509003,2.792,2.3140843,2.50062,2.4559793,2.6403766,2.756604,3.0367785,2.6591668,2.6811917,2.5897596,2.5624037,2.550595,2.4392014,2.6372223,3.436243,3.328238,2.9709415,3.3194613
7,2.2160301,2.3729382,2.3571787,2.3768673,1.1482975,1.3601433,1.7789196,0.0,2.510824,2.5453517,2.3529627,2.4925373,2.2269685,2.3607688,2.2686212,2.850684,2.7642868,2.634434,2.0912611,2.457049,3.0949888,2.2503452,2.031619,2.220531,2.6983273,2.1953998,2.7439682,2.7207282,2.6912036,2.674132,2.4707685,2.648873,2.9564114,1.9564589,1.495411,2.3304424,2.1056767,2.2327263,2.0528543,3.1609843,1.9072698,1.85525,1.8103435,1.9119031,2.563388,2.5980077,1.9894731,1.9341199,2.070145,1.6717128,1.7781583,2.542561,1.7637432,1.9489667,1.9247669,2.0549293,2.3235612,2.4706976,2.3500395,2.2888703,2.1894467,2.103865,1.7298579,2.5222588,3.5658262,3.3356009,3.5621424,3.4212265,2.1898243,2.575157,2.1376853,2.0467122,2.715392,2.952353,2.0817983,1.8081177,2.3099837,2.4993577,2.5314035,2.5401633,2.7762983,2.6600866,2.4901783,2.5928075,2.979564,2.132434,3.105876,2.537459,2.3274508,2.7099981,2.1811242,2.8831534,2.2636209,2.8567164,2.7423816,2.54387,2.4505274,2.6190875,2.1211135,2.14111,2.6363778,2.7215304,2.2352767,3.2585235,2.1437771,1.7924352,2.2347379,2.4473767,2.2074506,2.170156,2.594053,2.0375755,2.825451,2.7517054,2.389493,2.4973617,3.4051654,2.987364,2.9575832,2.8899279,2.9364831,2.963177,2.8358455,2.8730001,3.662077,3.5701644,3.2539062,3.4002857
8,2.6854844,2.77625,2.9318511,2.755023,2.7687888,2.4022524,2.257713,2.510824,0.0,0.114623144,1.6183084,1.0824018,1.2620608,1.1240811,1.3684874,2.4799068,1.9503773,2.1187656,1.9946766,2.1170275,2.572191,2.3728046,2.481596,2.369984,0.8181427,2.0259922,1.3368624,1.3416946,0.96905816,1.2847478,1.8598008,1.1920704,1.5398307,2.407681,2.1423593,1.8779031,2.265864,1.9568094,2.4352565,3.1606147,2.215865,2.349777,2.3247514,2.4821227,2.4156666,1.8854903,2.26221,2.1876705,2.4365973,2.5316982,2.7156792,1.9072409,2.4995008,2.4718196,2.8428562,2.80303,2.6087973,2.6966126,1.7528228,2.3307276,2.2593124,2.6011736,2.6361852,2.630076,3.1739388,2.4160826,2.8388958,2.7999558,2.3120365,2.4173622,2.4537842,2.1309748,2.287151,2.6324894,1.7510079,1.6734556,2.4033067,2.208975,2.3538303,2.3816948,2.2531347,1.9764514,1.8707801,2.3832047,2.0345328,1.5779061,2.6570077,2.4586773,2.1055353,2.3215897,2.5717208,2.153007,2.2756944,2.7319899,2.4011376,2.5236862,2.5138485,2.6774054,2.1121738,2.1494691,2.4783754,2.5754035,2.551352,2.813281,2.3757567,2.3684855,2.6098094,2.4383862,3.4310503,3.4477596,3.4826224,3.276755,1.3357772,1.2998737,1.7257385,1.7325737,1.8722332,1.3624355,1.7133464,1.5068233,1.5315864,1.5135964,0.70134896,1.5286506,2.6915088,2.570721,2.358803,2.5624058
9,2.7317226,2.8221636,2.9806507,2.8041735,2.787076,2.4191988,2.2741168,2.5453517,0.114623144,0.0,1.6267885,1.1018561,1.2666613,1.1460141,1.3744342,2.5009236,1.9692719,2.1503255,1.9970078,2.122975,2.582869,2.3943677,2.5092902,2.4096196,0.82190406,2.0363047,1.325753,1.338157,0.97184837,1.2738677,1.8723011,1.1727148,1.5359304,2.412828,2.1595066,1.8843155,2.2723582,1.9756438,2.4346802,3.1708,2.2313938,2.3680813,2.3393283,2.5077753,2.445229,1.8971177,2.2869935,2.195266,2.4344962,2.534333,2.728542,1.925139,2.5070345,2.4769514,2.8536186,2.801116,2.618104,2.708081,1.757888,2.3323462,2.2723377,2.6182127,2.6451504,2.6375291,3.1699047,2.398756,2.8328586,2.795971,2.3061864,2.4175878,2.4619155,2.1335585,2.2783885,2.6253617,1.733724,1.6635482,2.4168582,2.20047,2.3374882,2.3661234,2.2566218,1.9816558,1.872012,2.350026,2.0419607,1.5827752,2.6614642,2.473087,2.090421,2.3147206,2.552404,2.121826,2.29918,2.732006,2.3816278,2.5008302,2.5084932,2.6725476,2.1064863,2.143573,2.4914498,2.587749,2.5298665,2.8244126,2.3828163,2.378347,2.6179187,2.4391863,3.4596307,3.4751792,3.514524,3.3069851,1.3418564,1.2664726,1.7251322,1.7321965,1.8805618,1.3625927,1.6955203,1.5170183,1.5019698,1.4835507,0.64209247,1.5003426,2.6603637,2.5419447,2.340301,2.550123
10,2.9970229,3.1469886,3.2890308,3.1916337,2.5796618,2.188322,2.6761913,2.3529627,1.6183084,1.6267885,0.0,1.5072564,1.4688811,1.2380959,1.5160533,3.0350997,2.9484782,2.917353,2.2565224,2.8949053,3.726521,2.8604589,2.934751,2.8164907,2.0220642,2.7776096,2.4851184,2.4330895,2.1106524,2.3507662,2.155031,2.3736484,2.1782017,2.7661648,1.763962,1.565481,2.780143,2.5032623,2.603612,3.6043558,2.1300163,2.6017547,2.3497875,2.6017618,2.4499624,2.466231,2.2920465,2.245105,1.9311204,2.3681653,2.2903318,2.6722546,2.1879966,2.167803,2.507193,2.409576,2.328385,2.7529798,1.9845752,2.6174865,2.4032915,2.6018674,2.3649437,2.8650527,3.1286662,3.1875026,3.195318,3.118597,1.7317303,2.3138907,1.8418099,1.5931188,2.6614566,3.3725216,2.1888309,2.0098126,2.9706936,2.7981899,2.9733748,2.9054565,3.0435462,2.8035111,2.5719001,2.896081,2.9773452,2.0508516,2.7139516,2.3415906,2.360315,2.8047729,2.2758036,2.9103146,2.4976358,2.6219828,2.5397906,2.6896584,2.426326,2.4446523,2.5977912,2.6247995,2.4690344,2.521255,2.1379414,3.4186323,2.188236,1.8116567,2.0760388,2.3342135,3.0783896,3.0994732,3.4533522,3.0358887,1.8832686,1.8629924,1.4994644,1.513428,2.90368,2.0175278,2.268171,2.1993804,1.9173256,1.9540756,1.7253761,1.7050991,2.8192654,2.695743,2.691369,2.6174674
11,2.6304996,2.6921034,2.8416948,3.0337307,2.680478,2.282148,2.7355862,2.4925373,1.0824018,1.1018561,1.5072564,0.0,0.92125833,0.5799877,1.0513273,2.0323565,2.0991013,2.2763698,2.125932,2.2171962,2.6987135,2.048178,2.17982,2.0227613,1.159753,2.1714797,1.5137191,1.5594329,1.2306447,1.5200379,1.3724551,1.4607499,1.9738374,2.7945244,1.9848852,1.5924397,2.5288105,2.2339952,2.7568505,3.238539,2.0406795,2.0634365,2.2571826,2.20681,2.1615689,2.190486,1.9863418,1.9401373,2.3034244,2.4880588,2.6052039,2.139411,2.3745706,2.3358567,2.720668,2.68934,2.3634176,2.4451985,1.3749095,2.5880682,2.025622,2.3348725,2.5389972,2.2762535,2.7439187,2.4585888,2.7445536,2.717878,2.3958418,2.2194674,2.4424777,2.1554933,2.6469438,3.0036895,2.1912167,1.9926697,2.6231985,2.4351492,2.4618614,2.5175796,2.09839,1.7473091,1.8115107,2.3016171,2.1874027,2.0440223,2.4452212,2.501929,2.3539917,2.499562,2.3668327,2.3629913,2.5053647,2.6788301,2.5197542,2.7123785,2.5141733,2.6792235,2.3867626,2.4198434,2.1973693,2.3055506,2.4264393,2.439147,2.5258136,2.3312874,2.403146,2.6138086,3.5156066,3.53001,3.3159275,3.1979938,1.69348,1.6983505,1.6297158,1.6133791,1.9813269,1.7305686,2.164413,1.9325987,1.8631194,1.9116853,1.3437339,1.8085384,2.8569102,2.740611,2.6495383,2.6854234
12,2.8800967,2.9692068,3.0653443,3.1936944,2.4389606,1.8480413,2.351964,2.2269685,1.2620608,1.2666613,1.4688811,0.92125833,0.0,0.6480354,0.49483523,2.0549934,2.2516584,2.1900802,1.8677024,2.1027484,2.6862605,1.969031,2.0642564,2.152208,1.3030717,2.0464113,1.5106434,1.463806,1.5301406,1.4312189,1.3759226,1.3951437,1.7150667,2.509652,1.9554847,1.5784104,2.2373836,2.2368934,2.4035232,3.2406728,2.1192372,1.880228,1.9739934,1.9577773,2.276855,2.289622,1.7545035,1.7188079,2.0101442,2.2369242,2.262631,2.3129196,2.0885653,2.019977,2.4385662,2.4906812,2.19498,2.3734562,1.2393733,2.4237306,1.9779484,2.1138983,2.2294538,2.2833276,2.8628151,2.5658982,2.8077862,2.7480583,2.1339762,2.179064,2.1836066,1.8924965,2.6444798,2.978742,1.9869769,1.8798518,2.4569795,2.3315704,2.2954473,2.3498616,2.1215189,2.0244236,1.9750401,2.2033865,2.4620447,2.0610645,2.6118894,2.394858,2.1419966,2.3782918,2.1347773,2.5439193,2.1987212,2.3571525,2.3322358,2.25542,2.2388442,2.423854,2.1479466,2.1733088,2.0796049,2.193644,2.1804235,2.5149217,2.3507955,2.1198444,2.1929665,2.3944304,3.102227,3.1190479,3.0600402,2.8535137,1.4835559,1.3394991,1.3442111,1.3707824,2.03829,1.5134189,1.9665885,1.741405,1.6355014,1.6889144,1.3306679,1.5165098,2.7884798,2.694241,2.5871081,2.6535878
13,2.7325344,2.8253644,2.936964,3.0798805,2.601673,2.0328379,2.5437114,2.3607688,1.1240811,1.1460141,1.2380959,0.5799877,0.6480354,0.0,0.84262884,2.1851773,2.2272785,2.3632348,2.0484054,2.2787633,2.8478162,2.1135876,2.237647,2.072066,1.2648993,2.2278354,1.6840255,1.6867297,1.4770098,1.6707897,1.5704608,1.586164,1.9348999,2.7056656,1.9118135,1.503393,2.4395275,2.172751,2.598715,3.3475792,1.9492211,2.0318997,2.1676748,2.1548836,2.12572,2.1884353,1.9025173,1.8974565,2.1451762,2.3424094,2.383888,2.1936457,2.2445555,2.1690354,2.578601,2.6474133,2.3136897,2.4726148,1.4922733,2.5682273,2.0577958,2.2678514,2.3887823,2.4146397,2.7544627,2.5568435,2.762371,2.707883,2.194134,2.2272518,2.257208,1.9854188,2.6274962,3.0345294,2.0732193,1.9119564,2.6162686,2.422431,2.4660761,2.5325878,2.2787008,2.0101933,1.9913646,2.334093,2.3907714,1.9525144,2.5658834,2.471597,2.2837818,2.515757,2.2189445,2.3905401,2.3035543,2.4578705,2.4367058,2.5615704,2.3322031,2.502779,2.317748,2.3431737,2.142558,2.2432282,2.2889555,2.5931473,2.434839,2.205358,2.271862,2.491389,3.2136533,3.2301574,3.1738849,2.9603355,1.6826276,1.558841,1.474055,1.4789205,2.2116683,1.7239661,2.189129,1.9566278,1.8280015,1.8766568,1.3181925,1.6573402,2.8407276,2.7250745,2.6906154,2.705159
14,2.7973766,2.8873372,3.016839,3.1420257,2.5578105,2.0230172,2.5564368,2.2686212,1.3684874,1.3744342,1.5160533,1.0513273,0.49483523,0.84262884,0.0,2.0699868,2.4227722,2.2984743,1.9332774,2.207913,2.824882,2.0291224,2.162571,2.3165386,1.4741682,2.1571827,1.6153024,1.5650532,1.6520426,1.5431706,1.4242488,1.532595,1.8645164,2.6220334,2.0619545,1.6381612,2.3416986,2.3806329,2.5187414,3.2680423,2.2792964,2.008732,1.9191946,2.0733035,2.4157825,2.4572945,1.8520818,1.7879541,2.049726,2.2504754,2.307592,2.494742,2.120167,2.0578482,2.4565287,2.5430079,2.2060118,2.3923159,1.4960203,2.5062456,2.0111215,2.1874,2.3045154,2.290978,2.9094663,2.7680423,2.9954422,2.9576535,2.0089223,2.035047,2.1215014,1.8981295,2.6398122,3.118594,2.0632179,1.9171872,2.5744305,2.48427,2.376705,2.4624221,2.1646833,2.0607972,2.0821218,2.2830675,2.606845,2.2343202,2.5739648,2.3040183,2.1858668,2.4298508,2.0829656,2.6598256,2.191183,2.55659,2.2810223,2.26677,2.322739,2.4886923,2.3772225,2.4022577,2.1550355,2.2423153,2.192392,2.6077847,2.379689,2.1462734,2.2067025,2.4430354,3.254039,3.259185,3.190689,2.9683123,1.6440891,1.5435346,1.3659438,1.3666586,2.214589,1.690225,2.1147385,1.8721511,1.8003173,1.8453767,1.5074683,1.6077249,2.7338312,2.6135974,2.669486,2.650877
15,2.693969,2.576582,2.6419737,3.091367,2.9885,2.4405801,3.0121806,2.850684,2.4799068,2.5009236,3.0350997,2.0323565,2.0549934,2.1851773,2.0699868,0.0,1.8199826,1.558645,1.9857975,1.4350939,2.3260193,1.1183302,1.3651557,1.5681818,2.093684,1.5273389,1.8571465,1.8850707,2.1755319,2.0291555,1.5955353,1.880846,2.9696538,2.8488078,2.8130927,2.9427736,2.1975198,2.333393,2.8034275,2.754826,2.6146114,1.6039069,2.470101,1.933061,2.5572324,2.582365,1.8372669,1.8597263,2.6989877,2.8366625,2.753138,2.1679668,2.754946,2.6799645,2.9060953,3.0191886,2.102028,2.323412,2.373911,2.4564419,2.0445876,1.9625034,2.768823,1.4110991,2.2050238,2.0592823,2.2203062,2.248521,2.7969804,1.8814998,2.7910612,2.675532,3.3198466,3.7511077,2.8610938,2.7784386,3.2557533,3.1985245,3.1026564,3.1142147,1.585764,1.2023352,1.9941747,2.2693956,2.1372929,2.9084058,2.1437685,2.5508974,2.421152,2.2306268,2.3884964,2.6455197,2.5059247,2.6963305,2.4472954,2.4987814,2.4304452,2.5595946,2.5881643,2.6033614,1.7898539,1.8930793,2.7192438,1.2562891,2.541787,2.6774397,2.368185,2.5271606,3.7456782,3.7253559,2.7983775,3.0684063,2.7356722,2.793444,2.6879864,2.6506765,2.3887546,2.8989298,3.3700047,3.038362,2.9344335,2.9782498,2.8586807,2.8450658,3.5583215,3.4651508,3.7799764,3.5365005
16,2.3765237,2.3029408,2.5233932,2.5193353,2.8229644,2.395229,2.2943563,2.7642868,1.9503773,1.9692719,2.9484782,2.0991013,2.2516584,2.2272785,2.4227722,1.8199826,0.0,1.3618746,1.6525551,1.3232781,1.482174,1.761572,1.9850852,1.8678533,1.8385453,1.21529,1.830736,1.9428939,1.8405931,1.976462,2.1643994,1.6913784,2.653125,2.1178458,2.5686967,2.8955088,1.5777526,1.3157358,2.0497494,2.6759396,2.1764605,1.8274105,2.363627,1.9619398,2.1674492,1.5339531,1.8509831,1.8967674,2.6541123,2.7105658,2.7085416,1.0554428,2.6110718,2.5313807,2.784201,2.7883296,2.339844,2.482012,2.47397,2.1044192,2.06223,2.0820189,2.5631266,2.08103,2.9010236,1.5945691,2.3565698,2.3687825,2.858339,2.51808,2.9024677,2.675387,2.7635274,2.5719597,2.166084,2.0974436,2.4425838,2.341139,2.4278076,2.4183345,1.8710723,1.3567345,1.7438463,2.233111,1.4397162,1.9323221,2.6489086,2.7568624,2.3773046,2.35176,2.8852417,1.9773858,2.3536477,2.6104164,2.6062758,2.6435885,2.5367975,2.6697547,1.8595695,1.8871522,2.328804,2.451736,2.9965193,2.027963,2.417999,2.5907447,2.7481658,2.4993498,3.8175092,3.822115,3.420756,3.454052,2.621815,2.560555,2.9840434,2.9866018,2.5618463,2.7080467,2.9863596,2.745213,2.6281736,2.6304471,2.3667164,2.9012377,3.799671,3.689486,3.4759529,3.7041922
17,2.6961524,2.6248708,2.7597075,2.760793,2.6993353,2.2322717,2.1476471,2.634434,2.1187656,2.1503255,2.917353,2.2763698,2.1900802,2.3632348,2.2984743,1.558645,1.3618746,0.0,1.3818269,0.84176826,2.021063,1.4816343,1.6446582,1.8793572,1.8966428,0.8594788,1.7572409,1.711923,1.9424264,1.7727957,2.0067105,1.6591494,2.4795182,1.8837663,2.573975,2.9578228,1.4005178,1.6465594,2.0394392,2.219291,2.5740716,1.868844,2.370824,1.958045,2.502013,1.9205371,1.6861404,1.7266324,2.4597871,2.6782434,2.482743,1.5616887,2.4635923,2.4211507,2.6076949,2.7003446,2.0341046,2.1518543,2.370746,1.5786538,1.9851458,1.8502471,2.4348903,1.6904062,2.6424303,1.7525029,2.0979693,2.094738,2.5833974,2.160197,2.5976055,2.4036298,2.7383137,3.1998043,2.2838624,2.315756,2.8426533,2.8323398,2.8374326,2.7772589,1.8805141,1.5770378,1.9813644,2.5715027,1.829272,2.2626393,2.4052362,2.4024582,1.960224,1.9091702,2.675527,2.6741936,2.1241984,2.361796,2.163009,2.182737,2.1614714,2.3049598,1.8842806,1.9172851,1.8299735,1.9346676,2.6447847,1.861227,2.0170045,2.3448038,2.377363,2.0632734,3.4390702,3.4308429,2.920108,3.0151172,2.1791234,2.4940197,2.6616664,2.6341217,2.1914222,2.412307,2.7563853,2.440926,2.602143,2.6013567,2.5190697,2.5652208,3.327643,3.2186778,3.2771106,3.2281954
18,2.4717727,2.4825666,2.7102273,2.5409715,2.1275,1.5351743,1.7707816,2.0912611,1.9946766,1.9970078,2.2565224,2.125932,1.8677024,2.0484054,1.9332774,1.9857975,1.6525551,1.3818269,0.0,1.2702452,2.386633,1.7167599,1.9358383,2.1749732,2.0144482,1.0678517,2.0053265,2.0102403,2.0240037,1.9472588,1.8800678,1.8112338,2.3348606,1.3291513,1.9022588,2.414231,0.8839917,1.2170615,1.2091718,2.054758,2.0412574,1.6775835,1.7988763,1.6547506,2.0045216,1.5499213,1.1301359,1.0616506,1.4053162,1.8994702,1.5886284,1.5548202,1.6011951,1.5213405,1.7205518,1.706615,1.1953316,1.601187,2.231672,1.2826115,1.6748524,1.2609992,1.6015947,1.6524953,2.573636,1.9491731,2.309217,2.2796159,1.5406814,1.6048864,1.6841564,1.530258,2.0949821,2.7855752,1.5871751,1.5517545,2.4302092,2.3373811,2.4319203,2.292784,1.9779861,1.7803073,1.8348033,2.0729434,2.0246124,1.7206408,2.125967,1.8115968,1.53194,1.8405162,1.9984698,2.3331113,1.6159369,1.7913249,1.8512205,1.8424304,1.7072631,1.6914123,1.4512545,1.4701803,1.7574612,1.858287,1.9592313,2.3821132,1.2443734,1.3481646,1.6088072,1.4073724,3.026032,3.0298798,2.971624,2.7669728,2.263541,2.346265,2.3018653,2.324841,2.8155894,2.4659925,2.6477215,2.4779978,2.2126977,2.2336361,2.2947571,2.3477087,3.0640478,2.939421,2.9224172,2.9786906
19,2.5912888,2.5223734,2.6528897,2.7732315,2.5001156,2.0320284,2.0641441,2.457049,2.1170275,2.122975,2.8949053,2.2171962,2.1027484,2.2787633,2.207913,1.4350939,1.3232781,0.84176826,1.2702452,0.0,1.8711032,1.076361,1.3356922,1.5809007,1.8560848,0.47371334,1.5764244,1.6544147,1.8968114,1.7434183,2.0284219,1.4651766,2.6323555,1.7867051,2.4104156,2.916199,1.2376157,1.528418,1.9971601,2.1434019,2.3633525,1.6024228,2.2889676,1.8790289,2.4062333,1.794591,1.597336,1.5376171,2.3813658,2.371739,2.29105,1.4162624,2.325998,2.2965488,2.4549968,2.640127,1.9932678,1.9628961,2.3566813,1.424845,1.8866847,1.6821024,2.2876346,1.4180685,2.3782563,1.4930342,1.8690352,1.8596712,2.4304264,1.9619234,2.4903853,2.330756,2.5149317,3.0979402,2.0300205,2.0495734,2.7549102,2.6823225,2.6454353,2.6636357,1.5747955,1.2514064,1.7076079,1.9652843,1.6144698,2.097723,2.2550511,2.3238497,1.6379483,1.5919307,2.1721218,2.1505783,1.9286736,2.17241,1.954833,1.9285455,1.8956952,2.149616,1.5912015,1.6174572,1.6292477,1.7538276,2.3017466,1.6070718,1.9235905,2.261192,2.2365246,1.948425,3.2718039,3.258039,2.7551084,2.8277903,2.37467,2.4512002,2.513998,2.501891,2.3851748,2.5948775,2.8769941,2.6220493,2.6791303,2.6892781,2.476382,2.483598,3.1457412,3.049997,3.1940002,3.0948231
20,2.8466887,2.788282,2.973232,3.1355612,3.1538136,2.8211749,2.6554532,3.0949888,2.572191,2.582869,3.726521,2.6987135,2.6862605,2.8478162,2.824882,2.3260193,1.482174,2.021063,2.386633,1.8711032,0.0,2.0617707,2.220705,2.404656,2.458226,1.8160747,2.1391327,2.3286285,2.4413507,2.3236427,2.6541715,2.0019753,3.0464985,2.5398812,3.1223361,3.421855,2.0786517,2.2172105,2.7012022,2.8442006,2.9079425,2.3177836,2.7312808,2.4526856,2.7999668,2.3711445,2.3554764,2.3310225,3.244737,3.0069876,3.253989,2.1326997,3.013809,2.9571686,3.182517,3.277105,3.1044705,2.6795204,2.748744,2.8375533,2.5347881,2.540628,2.9519973,2.635846,3.7852263,2.3834178,3.3071158,3.3200374,3.656023,3.3434691,3.6516643,3.4250212,2.9001186,2.2824738,2.4996185,2.4634566,2.1349957,2.1700869,2.022327,2.1936133,1.9615223,1.8734567,2.1134183,2.4008458,2.088789,2.5552642,3.5049171,3.4735484,3.025902,2.9494267,3.4812112,2.5736184,2.9554024,3.3007927,3.28062,3.2467456,3.2662814,3.5252743,2.2706313,2.2943017,3.0651245,3.2078402,3.5794625,2.3734682,3.350955,3.398009,3.5808382,3.4182987,4.2720504,4.2796926,3.9244606,3.9650657,3.0900888,3.0605865,3.5063734,3.5347958,2.822573,3.045749,3.1841578,3.0084298,3.124041,3.1287556,2.8103757,3.4805427,4.100252,4.0187564,3.4647496,4.008612
21,2.3307621,2.2671483,2.3556125,2.9216459,2.4113252,1.8503177,2.4706633,2.2503452,2.3728046,2.3943677,2.8604589,2.048178,1.969031,2.1135876,2.0291224,1.1183302,1.761572,1.4816343,1.7167599,1.076361,2.0617707,0.0,0.62400144,1.0680295,2.1666827,1.1985123,1.9059279,2.0152638,2.2249577,2.1216605,1.9728684,1.8444788,3.0352485,2.2748194,2.2947328,2.7733603,1.7350472,1.9379125,2.4254284,2.509568,2.1941946,1.2957464,2.1088812,1.652374,2.2584355,2.2234719,1.3378301,1.3695956,2.3696048,2.1960204,2.1339176,1.8794119,2.2173705,2.1713164,2.3377755,2.6950715,2.0237327,1.8075768,2.2390683,1.9601258,1.6584548,1.4678137,2.131404,1.2388351,2.3235433,2.1224816,2.2634053,2.2424822,2.6145968,2.075213,2.548936,2.4366477,2.8154724,3.3682873,2.3560612,2.250904,2.812532,2.8153327,2.6033814,2.7438533,1.6560369,1.3049856,1.8326104,2.0231392,2.019627,2.39428,2.4256124,2.5098455,2.0573568,2.0491824,1.9989603,2.4678714,2.1689897,2.4016159,2.1876972,2.2568474,1.9915748,2.3574436,2.0581908,2.082166,1.4766225,1.6071917,2.2367306,1.3187835,2.323655,2.3779478,2.234817,2.390026,3.2159817,3.1929276,2.575043,2.6618292,2.6372197,2.6907957,2.4970584,2.4816587,2.6626413,2.8481746,3.1966026,2.9400663,3.0390806,3.0768285,2.7498732,2.7063966,3.3421655,3.2481806,3.4191866,3.2685418
22,2.333167,2.2977676,2.216922,2.8265262,2.3339574,1.7371581,2.3047287,2.031619,2.481596,2.5092902,2.934751,2.17982,2.0642564,2.237647,2.162571,1.3651557,1.9850852,1.6446582,1.9358383,1.3356922,2.220705,0.62400144,0.0,0.94838476,2.2582376,1.3214608,2.039305,2.1034212,2.3631043,2.2216184,2.050948,1.9825673,3.106814,2.3430452,2.3559382,2.8093963,1.850975,2.0773597,2.5073142,2.6179163,2.218387,1.3102369,2.2024105,1.7869501,2.445926,2.4507966,1.5917968,1.6350276,2.483744,2.2385192,2.2409086,2.0418925,2.3775287,2.3523138,2.5089378,2.807964,2.2441282,2.0492494,2.2591717,2.126752,1.8243434,1.726695,2.209537,1.5846875,2.6397913,2.4079661,2.5158644,2.4364388,2.7751968,2.2992346,2.6555638,2.507861,2.979435,3.469391,2.4961307,2.4169464,2.845438,2.8863328,2.7015026,2.8163872,1.8693924,1.5848826,1.9888538,2.1551669,2.2043672,2.4672582,2.6235862,2.634399,2.167977,2.1656568,2.080671,2.5812995,2.3430195,2.6364775,2.3624024,2.379154,2.0818603,2.44467,2.1687214,2.1896827,1.7492684,1.8720121,2.3185382,1.626921,2.4335685,2.470068,2.3154602,2.480708,2.9070656,2.8687518,2.210454,2.3072634,2.678556,2.731096,2.5500658,2.5694215,2.6315603,2.9048896,3.2473576,3.0222747,3.0910316,3.1283276,2.8498716,2.7763073,3.4271684,3.3538632,3.4741337,3.3506408
23,2.2831132,2.2423923,2.1298435,2.7379391,2.4904416,1.9275291,2.4446797,2.220531,2.369984,2.4096196,2.8164907,2.0227613,2.152208,2.072066,2.3165386,1.5681818,1.8678533,1.8793572,2.1749732,1.5809007,2.404656,1.0680295,0.94838476,0.0,2.1285143,1.6014212,2.1197956,2.2096376,2.2599244,2.347917,2.207021,2.0795195,3.1989987,2.5998864,2.3141115,2.7972324,2.1386697,1.9499403,2.728059,2.8579693,1.9803406,1.4979957,2.5266674,2.0305095,2.3110938,2.314591,1.8566499,1.9209777,2.7172909,2.4514055,2.4668849,1.7977128,2.6182702,2.592309,2.7570379,3.0587492,2.4641373,2.3108761,2.4261882,2.3587158,2.0430794,2.0175068,2.4995735,1.8831943,2.3870363,2.2037334,2.2965138,2.197558,2.886626,2.4075782,2.821124,2.671259,3.0141146,3.48573,2.5829942,2.458632,3.0362267,2.9602711,2.9104233,3.0371096,2.0794115,1.5319445,2.018024,2.3050733,2.0839036,2.3498023,2.6168134,2.82973,2.3536031,2.3375757,2.2196426,2.267301,2.4641795,2.652551,2.533321,2.722022,2.2036417,2.5400343,2.2841685,2.3030014,1.854482,1.9649487,2.5017896,1.7302679,2.5513048,2.6168692,2.4644592,2.602691,2.960394,2.9215639,2.2524047,2.3409238,2.8134737,2.8196604,2.6207745,2.6304054,2.706723,3.0199177,3.3931599,3.1317573,3.19977,3.235658,2.8046446,2.859541,3.5310183,3.4339273,3.6126816,3.4459472
24,2.992917,3.0276003,3.1016521,2.9861712,2.862952,2.4960954,2.3249,2.6983273,0.8181427,0.82190406,2.0220642,1.159753,1.3030717,1.2648993,1.4741682,2.093684,1.8385453,1.8966428,2.0144482,1.8560848,2.458226,2.1666827,2.2582376,2.1285143,0.0,1.8398806,0.797943,0.75674033,0.61206174,0.79782367,1.5745454,0.75493187,1.4809495,2.6010756,2.4338589,2.076732,2.3103096,2.085125,2.6657927,2.9943197,2.5159194,2.3280632,2.6850073,2.513222,2.60136,2.0935583,2.3134897,2.291272,2.6779008,2.8525245,2.9373295,1.9127612,2.7737586,2.7622986,3.091443,3.0527349,2.6670952,2.683992,1.7140859,2.3786597,2.4268754,2.6364481,2.9245224,2.4899766,2.8234777,1.9975524,2.4615726,2.4176915,2.5368621,2.3135767,2.6982408,2.3866537,2.5396833,2.963184,2.1502516,2.1049385,2.7502475,2.5698328,2.655598,2.6954806,2.04875,1.7383308,1.909071,2.2914462,1.9682306,1.9993974,2.5319622,2.5803163,2.1549563,2.1949453,2.5800035,2.079222,2.3849614,2.6372676,2.4585552,2.5638597,2.473438,2.6172256,2.1181052,2.1478033,2.3867512,2.4878764,2.702302,2.5059605,2.4027166,2.5253756,2.6407995,2.429188,3.4479468,3.4577053,3.2124045,3.1509848,1.4758973,1.468107,1.6791912,1.6908375,1.4295213,1.5417584,2.0037503,1.5987211,1.6183362,1.6211993,1.0377492,1.5682414,2.6299698,2.496692,2.4833934,2.4951937
25,2.3329852,2.2826982,2.383012,2.4191768,2.3336723,1.8086483,1.7857308,2.1953998,2.0259922,2.0363047,2.7776096,2.1714797,2.0464113,2.2278354,2.1571827,1.5273389,1.21529,0.8594788,1.0678517,0.47371334,1.8160747,1.1985123,1.3214608,1.6014212,1.8398806,0.0,1.6457042,1.6995517,1.8854132,1.750278,1.9311843,1.4948069,2.5509803,1.5657547,2.2661057,2.785545,0.9553404,1.2839142,1.7113317,2.043398,2.1531656,1.4415033,2.0675972,1.7589928,2.255974,1.6654822,1.5100272,1.4305198,2.1754289,2.1782267,2.1515071,1.27924,2.1859753,2.1471982,2.3190284,2.4073696,1.8477911,1.9221612,2.2995088,1.41264,1.7816209,1.6000843,2.0930932,1.512821,2.609628,1.6552507,2.107309,2.0669153,2.287878,1.916296,2.3286192,2.1464696,2.3957224,2.8780327,1.8514992,1.8734245,2.5085201,2.4412034,2.4844847,2.4342256,1.5460421,1.2597456,1.5707963,1.8765378,1.5546945,1.8894103,2.2091656,2.166705,1.5871855,1.5999717,2.154678,2.0575736,1.8407388,2.2188013,1.9873713,1.930058,1.9131706,2.093389,1.5028145,1.5257528,1.7794316,1.909998,2.2607641,1.8342456,1.7911416,2.0830784,2.1093662,1.8216422,3.0908654,3.0778582,2.662619,2.674554,2.3456323,2.4071288,2.5317736,2.5496871,2.4086034,2.5520525,2.797545,2.5968058,2.521486,2.5306978,2.4098537,2.510206,3.2075858,3.1187165,3.139676,3.1566732
26,3.073814,3.0710897,3.1781745,3.1491578,2.831811,2.6014721,2.4434886,2.7439682,1.3368624,1.325753,2.4851184,1.5137191,1.5106434,1.6840255,1.6153024,1.8571465,1.830736,1.7572409,2.0053265,1.5764244,2.1391327,1.9059279,2.039305,2.1197956,0.797943,1.6457042,0.0,0.42868704,0.85197884,0.60695374,1.4956061,0.35391182,1.6991206,2.6019318,2.6163707,2.4675279,2.2826931,2.3044143,2.7499044,2.814768,2.8053885,2.2811282,2.7215083,2.4523866,2.8071532,2.2716467,2.2674892,2.2448215,2.8378382,2.916589,3.029976,2.1033168,2.8315554,2.8587983,3.1332593,3.1096334,2.695535,2.5885444,1.7356858,2.3075175,2.4338624,2.5868046,2.989826,2.2628038,2.8700125,1.9855059,2.4888413,2.4786258,2.6920478,2.2827432,2.8251867,2.5545666,2.6154609,3.0313148,2.2774882,2.2175653,2.712299,2.6668694,2.6392841,2.7244303,1.7641321,1.5745434,1.870538,2.0548325,1.926917,2.2990468,2.5408168,2.5871027,2.1684465,2.098524,2.5516698,2.174507,2.4361932,2.7365499,2.5191975,2.4990106,2.5324829,2.72344,2.0335896,2.0676076,2.3394322,2.4509442,2.7915907,2.2310636,2.4399314,2.608896,2.7159045,2.5060046,3.6405094,3.651625,3.271073,3.3019958,1.7443339,1.7057549,1.7878617,1.7892222,1.4311965,1.8125972,2.202087,1.7459887,1.8605351,1.8694319,1.4794717,1.7873676,2.6900315,2.563437,2.5029926,2.4912317
27,3.1906118,3.195241,3.276043,3.1845753,2.8011134,2.5923076,2.3968153,2.7207282,1.3416946,1.338157,2.4330895,1.5594329,1.463806,1.6867297,1.5650532,1.8850707,1.9428939,1.711923,2.0102403,1.6544147,2.3286285,2.0152638,2.1034212,2.2096376,0.75674033,1.6995517,0.42868704,0.0,0.8766399,0.40344763,1.4407897,0.5994578,1.4771672,2.5725737,2.6086814,2.3643024,2.295565,2.3570054,2.7075944,2.9110966,2.847194,2.2946565,2.7053933,2.4146454,2.930527,2.4041016,2.3129046,2.2928638,2.8037486,2.9608495,3.0223114,2.1755488,2.8132505,2.8503861,3.125074,3.0847824,2.6698027,2.6913495,1.6727247,2.290069,2.4401302,2.6126056,2.9983451,2.304046,2.8626645,2.0482583,2.492419,2.4632728,2.6546333,2.2806296,2.7873683,2.5043485,2.759809,3.1318545,2.3306794,2.300537,2.794315,2.7531419,2.7303011,2.7645707,1.9216877,1.7465479,2.0449643,2.2839077,2.139606,2.3733253,2.5999327,2.6163454,2.1700964,2.1398242,2.5918312,2.3527517,2.4427788,2.7298963,2.4362874,2.3928993,2.4850574,2.6402435,2.072118,2.103398,2.3518791,2.4442391,2.7791715,2.322738,2.3955457,2.577113,2.6790466,2.4432468,3.559134,3.5551414,3.155002,3.1863801,1.575506,1.5870999,1.720651,1.719832,1.2649721,1.6584612,2.0743916,1.592516,1.7570546,1.7602531,1.487766,1.6871045,2.6862066,2.5757878,2.5718358,2.5114598
28,2.9645524,2.9846535,3.16173,3.0030391,2.7120776,2.6636279,2.4834137,2.6912036,0.96905816,0.97184837,2.1106524,1.2306447,1.5301406,1.4770098,1.6520426,2.1755319,1.8405931,1.9424264,2.0240037,1.8968114,2.4413507,2.2249577,2.3631043,2.2599244,0.61206174,1.8854132,0.85197884,0.8766399,0.0,0.749564,1.5495381,0.90774703,1.4673226,2.5479813,2.2930374,2.0017598,2.3851502,2.147537,2.7109227,2.9200242,2.5718176,2.4052608,2.6947756,2.45597,2.5572906,2.0202136,2.3233702,2.2870145,2.6895459,2.8712592,2.9475672,1.9061102,2.6739492,2.7391183,2.9913228,2.8955421,2.625924,2.599915,1.5983557,2.2765257,2.4351833,2.6015713,2.921119,2.3594193,2.8500054,1.9886938,2.5126646,2.4968207,2.570282,2.3155231,2.7222426,2.4376895,2.4818838,2.839341,2.1563637,2.0277345,2.6677809,2.5502052,2.6480389,2.6693301,1.9761968,1.7086861,1.8252642,2.2884235,1.8875449,2.025594,2.4591203,2.5416024,2.1783695,2.1945174,2.6845362,2.16518,2.412613,2.6544666,2.5953918,2.6593986,2.640114,2.7674117,2.0332136,2.0702412,2.4564567,2.5674496,2.7601078,2.5651171,2.3522298,2.4479985,2.6845095,2.4803014,3.6477509,3.6715188,3.425974,3.3747604,1.5992984,1.6834729,1.7018301,1.707075,1.5871007,1.6533968,1.9303994,1.498959,1.7144237,1.7218332,1.1908773,1.7554264,2.7260506,2.5954697,2.3679523,2.4152012
29,3.2153406,3.2318494,3.3549075,3.219388,2.675902,2.564458,2.3572493,2.674132,1.2847478,1.2738677,2.3507662,1.5200379,1.4312189,1.6707897,1.5431706,2.0291555,1.976462,1.7727957,1.9472588,1.7434183,2.3236427,2.1216605,2.2216184,2.347917,0.79782367,1.750278,0.60695374,0.40344763,0.749564,0.0,1.4074509,0.6783846,1.2859507,2.471122,2.4701073,2.166,2.257925,2.3117883,2.6294944,2.861359,2.8025768,2.3378572,2.6488204,2.381402,2.8254325,2.3157315,2.2891085,2.221803,2.6811705,2.8935816,2.948383,2.1711593,2.6637025,2.722034,2.9852211,2.8938804,2.6122863,2.5833137,1.5186172,2.265421,2.4465008,2.5525112,2.8985012,2.3155556,2.923374,2.0243332,2.5950973,2.5672176,2.6036267,2.3205576,2.774247,2.4795916,2.6103907,2.9115067,2.215927,2.153649,2.6681643,2.5882194,2.5699365,2.598788,1.9056286,1.7840356,1.9781826,2.296033,2.1549535,2.2962341,2.6170788,2.6170669,2.1580453,2.1614933,2.6691935,2.4233751,2.4366667,2.6454833,2.5069437,2.4302847,2.585756,2.7218378,2.004834,2.0391326,2.4562442,2.5641928,2.7427053,2.495862,2.392021,2.5084963,2.7043245,2.4843216,3.584817,3.5941978,3.2941606,3.264555,1.4918443,1.5976641,1.6963415,1.7115244,1.3252088,1.530238,1.8138275,1.3479947,1.641671,1.6497096,1.3596386,1.7171441,2.6849213,2.5625918,2.391642,2.455947
30,2.8937533,2.8869627,2.9972756,3.0460863,2.5133789,2.2940311,2.7502244,2.4707685,1.8598008,1.8723011,2.155031,1.3724551,1.3759226,1.5704608,1.4242488,1.5955353,2.1643994,2.0067105,1.8800678,2.0284219,2.6541715,1.9728684,2.050948,2.207021,1.5745454,1.9311843,1.4956061,1.4407897,1.5495381,1.4074509,0.0,1.5361074,1.9377707,2.7661624,2.2951374,2.152123,2.4302208,2.493639,2.6616554,2.8036113,2.5726604,1.9728048,2.3706117,2.011474,2.6102998,2.6134984,1.8870245,1.8745227,2.291233,2.7504275,2.7396076,2.459012,2.4563332,2.484183,2.7638724,2.4571226,1.9972506,2.3302076,1.4684504,2.5450537,2.0956776,2.2223804,2.6562867,1.9748489,2.7126877,2.4195888,2.774302,2.752535,2.3275354,1.7860032,2.3838332,2.1359992,2.9283996,3.2580516,2.5703387,2.38622,2.7506073,2.743893,2.7845979,2.6694818,1.9513214,1.7057021,2.038301,2.3114085,2.4386625,2.6313057,2.2184129,2.3134024,2.4773943,2.5106018,2.419118,2.6826932,2.661068,2.7720606,2.604567,2.6676202,2.5481665,2.4907224,2.374885,2.4010804,2.2442968,2.3319972,2.6574788,2.3199754,2.2125943,2.0825338,2.1349103,2.3712838,3.6249018,3.617969,3.1230347,3.1415386,2.0821877,2.161622,1.8841918,1.8932114,1.9635736,2.1480403,2.5175185,2.158211,1.8035127,1.8721045,2.071599,2.2346637,3.0699472,2.9441988,2.876369,2.849558
