,0,1,2,3,4,5,6,7,8,9,10,11,12,13,14,15,16,17,18,19,20,21,22,23,24,25,26,27,28,29,30,31,32,33,34,35,36,37,38,39,40,41,42,43,44,45,46,47,48,49,50,51,52,53,54,55,56,57,58,59,60,61,62,63,64,65,66,67,68,69,70,71,72,73,74,75,76,77,78,79,80,81,82,83,84,85,86,87,88,89,90,91,92,93,94,95,96,97,98,99,100,101,102,103,104,105,106,107,108,109,110,111,112,113,114,115,116,117,118,119,120,121,122,123,124,125,126,127
0,0.0,1.537742,3.2288275,2.9980445,1.4718547,1.1121272,1.4536586,1.027127,3.5012922,2.3846269,2.389865,2.389865,2.6126978,2.780166,2.5392585,2.729232,2.4223318,2.422857,2.4736073,2.4781528,2.9131446,3.1482503,2.6057796,3.1078024,2.3638203,1.659655,2.6143284,1.560554,3.2353992,2.199806,2.681125,2.0901155,2.6545398,2.5917327,2.5939548,2.5285618,2.6736782,3.22361,2.8937807,3.0800774,2.6203365,2.6745768,2.4627936,2.7391174,3.3890538,3.2421734,2.5981567,2.728017,2.9785364,2.8005512,2.7458775,3.0065691,2.7645195,2.643584,2.6980746,2.9718966,2.4798787,2.6689951,2.579753,2.4419358,2.4639168,2.409891,2.7527008,2.3213336,3.354283,3.1105938,3.0679288,3.0448303,2.8610244,2.8860488,2.915439,2.9083426,2.789863,2.8807616,2.620843,2.6063952,2.8261058,2.6079159,2.647843,2.5674436,2.7448304,2.7342873,3.2309513,3.0751357,2.609761,2.7450507,2.5989742,2.6344323,2.6873338,2.6285517,2.6958675,2.7715898,3.0118952,3.0056741,2.3248909,3.0082371,1.7728249,1.388733,2.3703341,2.1720986,2.7299778,2.712532,3.411585,3.3572116,1.7549601,1.6077994,2.7383657,2.4368157,1.9776762,2.6429622,2.5115664,3.5400534,3.136382,2.8354466,3.2030928,2.9407933,2.6989748,3.195733,2.996096,3.0621474,2.8595061,2.9233913,1.5216655,2.3014789,2.367728,2.400771,2.6981802,2.4719596
1,1.537742,0.0,2.8965364,2.9801497,0.98101497,1.2949896,1.0956584,1.6033541,3.4658875,2.271852,2.2634315,2.2634315,1.8574685,2.0023725,1.9200208,2.0334654,2.450715,2.4518945,2.4335272,2.4966278,3.3048449,3.063197,2.525178,2.9290872,2.0766616,2.1905153,3.0455737,2.1395822,3.1046886,2.6288424,2.3287067,2.639247,2.3336837,2.12356,2.3549488,2.290728,2.441668,2.8354974,2.758381,2.657235,2.1590252,2.1972992,1.9306045,2.2430573,2.6018522,2.7798343,2.0133367,2.027042,2.3808515,2.27102,2.5206213,2.5306869,2.4072604,2.2348232,2.4087365,2.659142,2.2150378,1.8403654,2.179334,1.9933325,2.0622158,2.008964,2.458824,1.6484259,3.293758,2.8343909,2.767007,2.7436447,2.4343147,2.4439356,2.4588978,2.42289,2.4755518,2.51731,2.3184822,2.358889,2.5259695,2.3151536,2.3034358,2.2837765,2.4639032,2.387083,2.7692292,2.719109,2.063016,1.9077904,2.13773,2.2027009,2.8783085,2.7912292,2.9022093,2.9791863,2.63122,2.5781753,1.9066243,2.5639913,1.2569556,1.9718157,2.304442,2.1110475,3.1415718,3.109802,3.411324,3.2170854,2.2419343,1.9947782,2.2385194,2.922676,2.1269686,2.2237444,2.1717722,3.1983256,2.3553293,2.2131295,2.798119,2.1020286,1.9981045,2.5802083,2.531099,2.3246615,2.933634,2.9635737,1.7521206,1.8418419,2.303072,2.2494056,2.2559683,1.814193
2,3.2288275,2.8965364,0.0,0.9057887,2.8663135,2.9950843,2.9302835,3.0461628,5.473893,3.5198178,3.5490625,3.5490625,3.1883953,3.3242798,3.215769,3.1990352,3.675462,3.6687472,3.5380213,3.6607301,4.2640867,3.9262514,3.6914065,3.7436407,3.3281991,3.373886,3.876086,3.246164,4.692151,3.7575123,3.508704,3.9910142,3.3080077,3.5343428,3.3413184,3.2375395,3.4675124,3.3114207,3.6076062,3.5878708,3.3055434,3.2850497,3.2242033,3.2359653,3.8727086,4.0795617,3.0804315,3.0658367,3.1407092,3.4339812,3.37419,3.3442266,3.5491989,3.2994215,3.500665,3.5048187,3.1989005,3.3591218,3.1275282,3.0609868,3.3033223,3.3229163,3.4401789,3.2881873,4.8385134,3.8165545,3.6683881,3.7079144,3.2645428,3.2210126,3.2482173,3.314327,3.4000132,3.400235,3.3212137,3.5847511,3.5427687,3.6511211,3.5927718,3.5669887,3.3678339,3.253525,3.6499727,3.5266407,3.5744467,3.4759636,3.5806983,3.5874398,3.3026872,3.4500916,3.5201504,3.5679355,3.0437152,3.3164587,3.2841682,3.380123,2.6114156,2.9431953,3.1679935,3.0409408,3.885455,3.8949401,3.9251091,3.9054596,3.5833397,3.5109472,4.385271,3.209645,3.4020598,3.480643,3.7990148,4.123323,3.5114455,3.7510364,3.8120625,3.3197691,2.9183102,3.3723943,3.409164,3.217902,3.6762273,3.867781,3.2569127,3.2387786,3.1648166,4.384457,3.1660237,3.523395
3,2.9980445,2.9801497,0.9057887,0.0,2.849046,2.911456,2.884086,2.8562117,5.4231515,3.4015365,3.4297607,3.4297607,3.4842288,3.6262813,3.351436,3.4095345,3.5146956,3.5091069,3.383186,3.4967759,4.11519,3.9073524,3.581622,3.721555,3.2463925,3.207426,3.7154121,3.0965872,4.648197,3.6505883,3.5944667,3.7062936,3.25696,3.6064682,3.2575254,3.150561,3.591374,3.2344923,3.6896846,3.8681812,3.4369392,3.416601,3.3655012,3.3651228,3.8399396,3.9856384,3.1752849,3.27364,3.2968884,3.486849,3.3619323,3.4309711,3.5996628,3.362204,3.5012243,3.5339355,3.1984098,3.487969,3.2222552,3.154508,3.3257422,3.3404303,3.3611112,3.2327638,4.7372837,3.8567097,3.7027948,3.7442274,3.3232772,3.3125253,3.3516583,3.42448,3.4300075,3.4875946,3.3185353,3.5448344,3.5945084,3.682224,3.6191916,3.5931532,3.3948011,3.2880085,3.7404275,3.572761,3.6092083,3.6855292,3.6330256,3.6229649,3.270483,3.4250531,3.4748065,3.5156076,3.0939212,3.3807185,3.307413,3.4417284,2.5165799,2.6558585,2.9968293,2.8571367,3.8355165,3.865802,4.01797,4.0668163,3.4081972,3.3306444,4.5465484,2.976049,3.2037454,3.5868154,3.625499,4.2242985,3.706368,3.8702917,3.8096561,3.5734081,3.101339,3.5233347,3.467044,3.464117,3.6008892,3.7890027,3.1292932,3.342253,3.1242912,4.399183,3.188266,3.486907
4,1.4718547,0.98101497,2.8663135,2.849046,0.0,0.7691366,0.4102796,1.0940143,3.4023113,1.8481448,1.843669,1.843669,1.7045932,1.895528,1.6069026,1.7357377,2.3444037,2.341617,2.2567348,2.3892076,2.94103,2.740745,2.2631693,2.5010083,1.8864617,2.2039437,2.933077,2.0805366,3.4145648,2.355929,2.5967312,2.327276,1.7501706,1.7554408,1.8062419,1.7314669,1.9144655,2.5303395,2.4499583,2.5936704,1.8681166,1.892036,1.6612902,1.9162055,2.389206,2.4578366,1.5419759,1.7378795,2.0929573,2.1813877,2.3867815,2.0650752,2.008326,1.856138,2.2026138,2.2733595,2.0492373,1.5877315,1.8156323,1.7446461,1.7190608,1.5902385,2.3266737,1.9174588,3.1570013,2.680791,2.664814,2.6803186,2.4228451,2.3973746,2.419306,2.4114747,2.5732322,2.58445,2.3739805,2.4015265,2.480567,2.401717,2.3374133,2.3724754,2.3460066,2.3436203,2.6017685,2.6577122,2.2533977,2.3462777,2.3017151,2.2701912,2.7930803,2.717699,2.826664,2.856106,2.6086001,2.5803666,2.1423585,2.5842474,0.91961634,1.4705923,1.6482847,1.5303414,2.9509773,2.984907,3.4201462,3.1722429,2.0355082,1.8476226,2.5626533,2.6160686,1.7305604,1.8906766,2.0322645,3.0575502,2.4630492,2.2703617,2.7504332,2.3051572,2.2686918,2.8205767,2.5006936,2.5432901,2.4394388,2.7413075,1.2677723,2.0328028,1.8966316,1.9547884,2.0070553,1.6432222
5,1.1121272,1.2949896,2.9950843,2.911456,0.7691366,0.0,0.6126543,0.49260125,3.1555464,1.846579,1.8520219,1.8520219,1.9277135,2.081946,1.8774003,2.0898724,2.4774902,2.469796,2.442329,2.507358,2.8879797,2.7776947,2.4356089,2.6951735,1.9846597,1.9611439,2.7523706,1.794744,3.3863332,2.0299292,2.5494456,2.134631,2.0255625,1.9910097,1.9704436,1.8923764,2.02129,2.7390583,2.5264382,2.7302637,2.07509,2.0998747,1.891681,2.209973,2.8355837,2.7739475,1.977041,2.1477282,2.477359,2.5874,2.6939805,2.4142132,2.1381881,1.9738603,2.2556138,2.4724374,2.036585,1.9869208,1.8283077,1.8034666,1.7698132,1.6295438,2.7386825,2.2840984,3.1848495,2.8726828,2.8595517,2.863637,2.619613,2.5923896,2.5754793,2.5742395,2.5903628,2.6387506,2.4097307,2.4469633,2.5884569,2.412991,2.386301,2.3713243,2.4722242,2.5097582,2.941732,2.8954926,2.4024858,2.5527954,2.3902955,2.405639,2.6726627,2.5917332,2.6888573,2.6967926,2.7926,2.7933054,2.2062795,2.810234,1.2367773,1.0468554,1.9647512,1.7682517,2.7138717,2.6764755,3.3641822,3.0403981,1.6452485,1.4378027,2.5480769,2.341199,1.7687137,2.0030816,2.31778,3.2052057,2.813736,2.465018,2.9347696,2.602533,2.3347223,2.8072627,2.6668656,2.7175622,2.5491045,2.6576421,1.0195402,2.0511243,1.928206,1.9719765,2.3084922,1.9417391
6,1.4536586,1.0956584,2.9302835,2.884086,0.4102796,0.6126543,0.0,0.9650815,3.1457622,1.7776557,1.7734759,1.7734759,1.8099971,1.9738035,1.7974621,1.9566736,2.3232508,2.3150637,2.2708287,2.351228,2.9813564,2.7650554,2.3178844,2.5962362,1.9116893,2.2002642,2.9499307,2.056862,3.3433514,2.2742996,2.5453084,2.2590957,1.806585,1.7984462,1.76045,1.6748372,1.8787099,2.5767007,2.430994,2.6334708,1.9189881,1.9403217,1.7027383,2.045611,2.5016608,2.5692077,1.7140576,1.9372026,2.3235781,2.4153268,2.537941,2.2434404,1.983668,1.7990793,2.1242719,2.3467636,2.0117853,1.6162927,1.6859337,1.6551491,1.6339065,1.4850715,2.6071491,1.9541177,3.15478,2.7493074,2.7459004,2.7698267,2.5190055,2.4914775,2.4944487,2.4864702,2.5625665,2.6035628,2.3824394,2.4256802,2.5776584,2.4002943,2.3535426,2.366177,2.364237,2.4338396,2.7962306,2.8399332,2.2987595,2.4512343,2.327112,2.3017514,2.8751996,2.7971272,2.898028,2.9101756,2.7170236,2.7018845,2.1611283,2.716259,0.92215526,1.3466246,1.7323049,1.6062386,2.978721,2.977524,3.5424674,3.2012515,1.8882564,1.6944878,2.5002098,2.4928803,1.7587234,1.9761077,2.1618228,3.1207914,2.5711715,2.2277608,2.7201939,2.3524146,2.1161332,2.6408134,2.4355042,2.4905825,2.3894217,2.6432433,0.98861414,2.055126,1.8821021,1.944899,2.0575943,1.5988231
7,1.027127,1.6033541,3.0461628,2.8562117,1.0940143,0.49260125,0.9650815,0.0,3.2414522,1.8543702,1.868391,1.868391,2.2170398,2.405188,2.0724268,2.3318264,2.668198,2.6647975,2.6569693,2.7165833,2.965596,2.926171,2.6146426,2.8699892,2.1655247,2.0482368,2.8160503,1.9016107,3.5302896,2.0926065,2.7207708,2.1258812,2.1768596,2.232633,2.0669384,1.977085,2.1333306,2.8002794,2.5681362,2.8934553,2.2936149,2.2945752,2.1290557,2.3532906,3.0318224,2.911667,2.2161932,2.4383035,2.6775258,2.7376451,2.8414187,2.598279,2.3267155,2.1623979,2.3632262,2.5598123,2.1131053,2.294631,2.0509644,2.0175414,1.931482,1.8208288,2.8343885,2.4757366,3.1713083,2.9713392,2.939595,2.934913,2.6829906,2.6688883,2.6935678,2.7109323,2.6890714,2.7290492,2.4567895,2.4696448,2.6341395,2.4933782,2.455226,2.4578931,2.596029,2.6010082,3.0849748,2.9792118,2.5394752,2.8058524,2.530837,2.554092,2.6032012,2.5466187,2.632318,2.6381202,2.8664227,2.8847778,2.2971084,2.9161372,1.3794359,0.82103664,2.0391853,1.8148377,2.6890404,2.6506388,3.4100494,3.1120858,1.5301259,1.2709103,2.8382654,2.2207596,1.7627884,2.2255876,2.4687624,3.3415287,3.0853715,2.6936028,3.081439,2.9054284,2.6071444,2.9791994,2.8365786,2.9965415,2.7102687,2.7868454,1.145115,2.1401234,2.072708,2.2040825,2.5056722,2.164491
8,3.5012922,3.4658875,5.473893,5.4231515,3.4023113,3.1555464,3.1457622,3.2414522,0.0,2.686391,2.6725986,2.6725986,3.8155324,3.673175,3.8662205,4.1192055,4.118676,4.0990653,4.2611575,4.121847,4.2753334,4.0547757,4.25794,4.3601813,3.900808,4.254597,4.7811646,4.0637727,4.4002976,3.9887447,3.9426496,3.4458668,3.762306,3.2851386,3.3080654,3.3206072,3.2262297,4.34248,3.6154895,3.986072,3.34595,3.303781,3.3306677,3.7770932,4.1370425,4.1841106,3.7349045,3.9416087,4.2495975,4.166778,4.35221,4.1022296,3.4034724,3.423788,3.307164,4.056708,3.6110446,3.179858,3.7850537,3.7882261,3.5790436,3.4683526,5.174023,3.9293292,3.8518617,4.264344,4.3147445,4.261421,4.0973616,4.0812283,4.105763,4.096375,3.584087,3.764726,3.607924,3.4797912,3.966559,3.4189997,3.37678,3.4637034,3.8733342,4.1076736,4.6712484,4.7039795,4.070709,4.33571,4.0512815,4.1113763,4.489198,4.355411,4.4487433,4.395145,4.6094136,4.4125977,3.937102,4.4750257,3.582975,3.5769417,3.916703,3.7735162,4.5444546,4.3899097,5.339391,4.6628876,2.9294055,3.3303192,2.5568287,3.7074134,3.5569134,3.569899,4.0143533,4.5786614,3.8824565,3.1757221,3.7301183,3.6907337,3.708635,3.586255,3.2991357,3.3800316,3.815228,3.2436278,3.050504,3.7943158,3.8393712,3.3353906,3.8401206,3.117425
9,2.3846269,2.271852,3.5198178,3.4015365,1.8481448,1.846579,1.7776557,1.8543702,2.686391,0.0,0.0809336,0.0809336,2.7321553,2.612072,2.0616598,2.432539,3.097437,3.0793633,2.9992735,3.094453,3.1794426,2.7745261,3.1265945,2.8515806,2.6754348,3.2568336,3.8148243,2.9973211,4.2054157,3.2948513,3.2024248,2.3223674,1.9132205,1.9992734,1.620527,1.6593194,1.8108165,2.857864,2.339476,2.9307027,1.7754983,1.6626098,1.7624307,1.9608928,2.6380544,2.7628288,1.8006133,2.2120457,2.195473,2.28972,2.4848108,1.9501681,2.1089652,2.0337777,2.1691284,2.3409758,2.1980262,1.807143,2.6576462,2.6283638,2.4277308,2.3111355,3.2528145,2.8543613,2.8174727,2.7926023,2.7277322,2.674666,2.2984862,2.2545447,2.3005545,2.3764572,2.1255317,2.385812,2.143414,2.0817173,2.2627969,2.1681795,1.9936949,2.1901348,2.4992392,2.4523516,2.7945046,2.8159287,2.828174,3.209627,2.9088027,2.9313204,2.757503,2.6933944,2.8343058,2.7646415,2.6770756,2.5595412,2.8000336,2.695617,2.054389,2.170515,1.9040186,1.6362377,3.619568,3.6071925,4.0557904,3.728603,1.9828686,2.606348,2.8272123,2.5375133,1.7090316,1.8356148,2.6343591,3.4272883,2.2799118,2.1665146,2.5178127,2.482429,3.0175686,2.9081202,1.8284662,2.2962322,2.5311027,1.9638937,2.1999922,2.638341,2.1419728,2.668063,2.117411,1.8342949
10,2.389865,2.2634315,3.5490625,3.4297607,1.843669,1.8520219,1.7734759,1.868391,2.6725986,0.0809336,0.0,0.0,2.7371697,2.621415,2.0626945,2.4375021,3.0559852,3.0379837,2.95731,3.0534947,3.1658037,2.7512734,3.1099854,2.829545,2.6513948,3.249673,3.80778,2.987879,4.181873,3.2938347,3.192713,2.2856882,1.8999645,1.993771,1.61661,1.6607431,1.8331078,2.8725722,2.3440337,2.9408753,1.7802731,1.6700889,1.7528667,1.9607458,2.6060004,2.735397,1.790223,2.2055385,2.1973667,2.2856593,2.4853942,1.9508437,2.105491,2.0299726,2.1649253,2.33565,2.1963193,1.7766784,2.6586318,2.628933,2.4266393,2.3124704,3.245197,2.8477015,2.7991269,2.792297,2.7290525,2.6764445,2.2954621,2.2537246,2.2937915,2.3641474,2.1295805,2.3891873,2.1426346,2.0814683,2.259525,2.1590807,1.9906363,2.1817956,2.4994895,2.4525988,2.7840953,2.809246,2.8238409,3.20572,2.909476,2.9300845,2.7757564,2.7045913,2.8437555,2.7771327,2.6734166,2.5522325,2.801181,2.6869545,2.0546274,2.1812131,1.8806527,1.6093575,3.649582,3.6367912,4.076156,3.7510521,1.9977025,2.629144,2.814093,2.5641737,1.6949768,1.8321928,2.603568,3.4103394,2.2587962,2.1335049,2.4867208,2.459954,3.0126655,2.916702,1.817541,2.2885125,2.5119548,1.9449191,2.2037206,2.6475713,2.118539,2.6343868,2.0780702,1.8114637
11,2.389865,2.2634315,3.5490625,3.4297607,1.843669,1.8520219,1.7734759,1.868391,2.6725986,0.0809336,0.0,0.0,2.7371697,2.621415,2.0626945,2.4375021,3.0559852,3.0379837,2.95731,3.0534947,3.1658037,2.7512734,3.1099854,2.829545,2.6513948,3.249673,3.80778,2.987879,4.181873,3.2938347,3.192713,2.2856882,1.8999645,1.993771,1.61661,1.6607431,1.8331078,2.8725722,2.3440337,2.9408753,1.7802731,1.6700889,1.7528667,1.9607458,2.6060004,2.735397,1.790223,2.2055385,2.1973667,2.2856593,2.4853942,1.9508437,2.105491,2.0299726,2.1649253,2.33565,2.1963193,1.7766784,2.6586318,2.628933,2.4266393,2.3124704,3.245197,2.8477015,2.7991269,2.792297,2.7290525,2.6764445,2.2954621,2.2537246,2.2937915,2.3641474,2.1295805,2.3891873,2.1426346,2.0814683,2.259525,2.1590807,1.9906363,2.1817956,2.4994895,2.4525988,2.7840953,2.809246,2.8238409,3.20572,2.909476,2.9300845,2.7757564,2.7045913,2.8437555,2.7771327,2.6734166,2.5522325,2.801181,2.6869545,2.0546274,2.1812131,1.8806527,1.6093575,3.649582,3.6367912,4.076156,3.7510521,1.9977025,2.629144,2.814093,2.5641737,1.6949768,1.8321928,2.603568,3.4103394,2.2587962,2.1335049,2.4867208,2.459954,3.0126655,2.916702,1.817541,2.2885125,2.5119548,1.9449191,2.2037206,2.6475713,2.118539,2.6343868,2.0780702,1.8114637
12,2.6126978,1.8574685,3.1883953,3.4842288,1.7045932,1.9277135,1.8099971,2.2170398,3.8155324,2.7321553,2.7371697,2.7371697,0.0,0.9852413,1.7501239,1.4567922,3.2697177,3.27094,3.245072,3.3620267,3.5154493,3.1996503,3.0325391,2.9967296,2.4976137,3.1203709,3.5947094,2.9810169,4.1203747,2.9054894,3.1974585,3.420315,2.5395799,2.0432005,2.5764325,2.5075223,2.479339,2.6172976,2.559286,2.2592664,1.949064,1.8853414,1.8729378,1.8990403,2.7322679,2.5229185,1.8850917,1.7020625,2.2901146,2.3625479,3.3380988,2.549014,2.4354215,2.2827682,2.330047,2.431182,2.2013185,1.9021211,2.1812677,1.9818723,1.8226064,2.0802207,3.2750165,2.8138108,4.138543,3.4024432,3.4377623,3.4418006,3.2153738,3.1459088,3.1609335,3.1499023,3.3299737,3.1818311,3.0355442,3.1030846,3.1899457,3.1259189,3.0166252,3.108726,3.0319552,3.102224,3.3827353,3.440885,3.3070025,3.0609186,3.3076699,3.3084188,3.463202,3.4181867,3.5613685,3.6131985,3.4240663,3.4063148,3.0636933,3.3868592,1.895281,2.3996193,2.6304903,2.5868897,3.2023165,3.1696115,3.6456542,3.129437,2.716731,2.5396397,2.5563588,3.1455944,2.9403052,2.3274624,2.7041886,2.5199807,3.0803773,2.879323,3.5802033,2.7186458,2.6768022,3.5542367,3.3762538,2.9593194,3.0288458,3.4521065,2.197465,2.7700105,2.761858,2.8156757,2.8141232,2.6247196
13,2.780166,2.0023725,3.3242798,3.6262813,1.895528,2.081946,1.9738035,2.405188,3.673175,2.612072,2.621415,2.621415,0.9852413,0.0,1.4632467,1.1254361,3.5328329,3.5165956,3.4205923,3.5455754,3.6684167,3.339631,3.158327,3.1428354,2.622123,3.1977243,3.7205143,3.077804,4.1471825,3.0707858,3.2791166,3.522648,2.6715274,2.1479847,2.729972,2.6911376,2.562464,2.7272117,2.8212533,2.440158,1.8259575,1.7567097,1.8901914,2.0936487,2.8379006,2.6706207,1.9817544,1.7841115,2.0852206,2.1569178,3.151317,2.3291686,2.540043,2.416913,2.5213397,2.64022,2.3652945,2.084768,2.3546178,2.1368666,2.0051692,2.2312524,3.3630612,2.8890362,4.229096,3.502155,3.5436018,3.5406842,3.3662262,3.2899117,3.1953163,3.2165527,3.179296,3.28754,3.1522057,3.1961517,3.3280504,3.2319405,3.0968068,3.204331,3.1665728,3.240694,3.4355626,3.5588763,3.2813582,3.0050397,3.2852733,3.2965722,3.6291976,3.5780404,3.7444897,3.7424004,3.562882,3.5279124,3.212393,3.5215294,2.0841143,2.6020792,2.88917,2.8188517,3.2302008,3.2008379,3.5840597,3.1613429,2.9550102,2.7899423,2.5874095,3.4148812,3.075533,2.1050587,2.8505447,2.7126389,2.8472514,3.0119178,3.692948,2.800215,2.758555,3.3188992,3.204163,2.76026,3.242772,3.2412312,2.4642098,2.9536061,2.9817226,2.9625819,2.9646962,2.4198544
14,2.5392585,1.9200208,3.215769,3.351436,1.6069026,1.8774003,1.7974621,2.0724268,3.8662205,2.0616598,2.0626945,2.0626945,1.7501239,1.4632467,0.0,0.67379606,3.3712182,3.3544526,3.1548035,3.3860443,3.5152383,3.0978599,2.9898486,2.8480844,2.5167499,3.0232046,3.4987354,2.921514,4.175608,3.0770235,3.251663,3.0715973,2.1937513,2.2172637,2.4079175,2.3963532,2.2222254,2.9838502,2.5166879,2.5836418,1.8832757,1.7756656,1.888557,1.8379517,2.6885715,2.5386598,1.7822343,1.8667942,1.6589642,1.7304231,2.6355655,1.8281351,2.5738354,2.4896898,2.6771474,2.4208922,2.3103752,2.151635,2.4940417,2.2478652,2.1599348,2.3504243,2.6268575,2.9168737,3.5741305,3.176102,3.1390147,3.1165364,2.7661207,2.709868,2.5782235,2.6161563,2.795376,2.9709897,2.8247783,2.8644114,2.7315094,2.8543935,2.7275164,2.8363512,2.9717104,2.8154645,2.7139957,2.8330877,2.665761,2.6952078,2.7755854,2.7897367,3.116908,3.0303845,3.1794517,3.1580596,2.9304972,2.8931155,2.8589823,2.9022048,1.8684734,2.2742324,2.3279972,2.1431508,3.380298,3.408533,3.460292,3.3156862,2.8654606,2.7696655,3.1662645,3.403959,2.4060342,1.7350873,2.6964252,2.6353335,2.424813,2.7522159,3.1839213,2.7189858,2.9714067,3.1534402,2.8117297,2.8409395,3.1996224,2.9464061,2.523943,2.6486201,2.489181,2.5379682,2.4808388,2.0402932
15,2.729232,2.0334654,3.1990352,3.4095345,1.7357377,2.0898724,1.9566736,2.3318264,4.1192055,2.432539,2.4375021,2.4375021,1.4567922,1.1254361,0.67379606,0.0,3.48911,3.4739468,3.2733147,3.5089126,3.6381392,3.3083956,3.1106055,2.9831548,2.6889296,3.2216585,3.7151566,3.1188953,4.301204,3.2653906,3.4817607,3.402201,2.3380888,2.211814,2.5879292,2.5717814,2.4057343,2.8394659,2.6289473,2.4443035,1.822957,1.73906,1.8373944,1.7959996,2.6882088,2.4636989,1.7355223,1.700379,1.6294224,1.6019616,2.679593,1.8259407,2.598831,2.4893193,2.6563647,2.3731272,2.3518078,2.1803062,2.462072,2.1949391,2.0924191,2.3444757,2.6439877,2.878817,3.891906,3.2396886,3.2454646,3.2427204,3.0485997,2.9769773,2.8623378,2.9037604,3.091011,3.2239175,3.0925112,3.1278243,3.0343847,3.1490057,3.01881,3.1298382,3.1020741,3.0127888,2.8976774,3.0590825,2.9817312,2.8570702,3.0634348,3.051728,3.3697145,3.3124242,3.4712212,3.4637935,3.1741335,3.1466203,3.146882,3.1381128,2.0016618,2.5221941,2.4510539,2.3723085,3.3828561,3.4452045,3.4964793,3.357498,3.0485978,2.923201,3.173639,3.5566869,2.6788878,1.8436761,2.7054884,2.491552,2.5709283,2.9486613,3.500751,2.8100317,3.0637476,3.451878,3.0732539,2.939665,3.18495,3.169716,2.6107154,2.9034474,2.6980429,2.7903671,2.705506,2.2829726
16,2.4223318,2.450715,3.675462,3.5146956,2.3444037,2.4774902,2.3232508,2.668198,4.118676,3.097437,3.0559852,3.0559852,3.2697177,3.5328329,3.3712182,3.48911,0.0,0.09449084,0.5658144,0.3691159,2.6048007,2.6751835,2.2901464,2.5445516,2.094565,2.1869235,2.7496622,1.9013022,3.2992666,2.7177124,2.63002,1.7320744,2.793644,2.9673622,2.8556008,2.8577259,3.3653495,3.7836902,3.2600343,3.6910641,3.1169603,3.175112,2.8153408,3.1968555,3.2508044,3.2772117,2.7422562,2.8918638,3.3459513,3.3577259,3.2216628,3.4031796,3.1035202,2.9787393,3.0786881,3.3115168,3.1276522,2.5361753,3.1347506,3.0794735,3.1654077,3.1747127,3.4273932,2.9222562,3.8790689,3.4531393,3.473967,3.5264359,3.1204376,3.155995,3.1227102,3.0148728,3.226724,3.2327,2.9710977,3.0974352,3.2237008,2.9888256,3.1050825,2.9379556,2.8717597,3.052327,3.323929,3.392335,3.3905563,3.4620645,3.4383736,3.306733,3.5049183,3.405158,3.428595,3.5644748,3.1744282,3.2012672,2.9826963,3.2185788,2.473803,2.627287,2.1795495,2.1913161,3.9440062,3.9629593,4.2866435,4.1964946,3.140825,3.5028148,3.3056781,3.1738048,2.811066,3.448862,2.6965349,3.641618,3.248086,2.8642073,2.8433983,2.7931168,2.9545586,3.6968043,3.1142623,3.104044,2.3259,3.0910733,2.5460682,3.217357,2.460283,2.8645265,2.0629935,2.981119
17,2.422857,2.4518945,3.6687472,3.5091069,2.341617,2.469796,2.3150637,2.6647975,4.0990653,3.0793633,3.0379837,3.0379837,3.27094,3.5165956,3.3544526,3.4739468,0.09449084,0.0,0.5285299,0.30974877,2.605961,2.6815803,2.3007114,2.5516758,2.1118908,2.1843948,2.7376251,1.8940178,3.2997851,2.724553,2.6244743,1.729502,2.775941,2.957386,2.8410501,2.8458564,3.3486536,3.7990997,3.2423613,3.6876094,3.1039803,3.160476,2.8006005,3.1967688,3.2549722,3.2769153,2.728282,2.879446,3.3217497,3.3445358,3.2038016,3.3909771,3.1087015,2.9841504,3.0820012,3.3195877,3.1323168,2.5335982,3.1367092,3.0790172,3.1677506,3.181201,3.4390426,2.9354098,3.8799965,3.447636,3.4710996,3.525507,3.1096141,3.1444623,3.0979123,2.989914,3.1885297,3.210939,2.9562387,3.0898974,3.2109802,2.968834,3.0897334,2.9152951,2.850213,3.0390599,3.3054597,3.379657,3.3682976,3.4420633,3.4124205,3.2785847,3.491521,3.390128,3.415147,3.5467632,3.1565354,3.1846209,2.979033,3.2045379,2.4733446,2.6197214,2.1673265,2.181327,3.927991,3.9473276,4.266344,4.1806226,3.133573,3.50265,3.2999234,3.1748412,2.8022456,3.4297404,2.7056444,3.6200674,3.2179945,2.8430638,2.806583,2.7751548,2.939281,3.6597526,3.0782163,3.0691195,2.2925925,3.0448446,2.5370588,3.2120564,2.4446507,2.8574536,2.0654218,2.9722676
18,2.4736073,2.4335272,3.5380213,3.383186,2.2567348,2.442329,2.2708287,2.6569693,4.2611575,2.9992735,2.95731,2.95731,3.245072,3.4205923,3.1548035,3.2733147,0.5658144,0.5285299,0.0,0.42947984,2.543513,2.5688663,2.201199,2.3561037,2.0680566,2.187832,2.7444315,1.9016298,3.4694037,2.7949193,2.6702874,1.7609622,2.5712311,2.8613353,2.7444346,2.768282,3.3148198,3.6893783,3.266547,3.658581,2.9691947,3.039979,2.6994874,3.064068,3.0857844,3.1076632,2.5545988,2.7159576,3.0968442,3.1429949,2.931629,3.0900617,2.9906733,2.8672361,3.048404,3.1531928,3.0439208,2.4704742,3.0257297,2.9710462,3.0771124,3.079368,3.1417832,2.8768017,3.7636344,3.2655509,3.2842896,3.3476596,2.981246,3.0048935,2.899967,2.8026845,3.0731938,3.1548672,2.9138432,3.0519285,3.0990574,2.9339936,3.0382576,2.8703926,2.7541401,2.8974555,3.032741,3.1435568,3.2192216,3.2859805,3.2865677,3.1440506,3.3772116,3.2723064,3.3052459,3.413649,2.9481587,2.9942718,2.952909,3.0025852,2.4450886,2.6292322,2.0067186,2.02593,3.8957071,3.944659,4.1180906,4.110486,3.1937108,3.5647037,3.4371316,3.2435935,2.6944053,3.229685,2.5732765,3.5423582,3.0269065,2.8540642,2.8119442,2.7196803,3.0101197,3.6278424,2.992622,3.0235348,2.2602577,2.9416406,2.616586,3.1762578,2.3135278,2.8424118,1.9748405,2.8765023
19,2.4781528,2.4966278,3.6607301,3.4967759,2.3892076,2.507358,2.351228,2.7165833,4.121847,3.094453,3.0534947,3.0534947,3.3620267,3.5455754,3.3860443,3.5089126,0.3691159,0.30974877,0.42947984,0.0,2.5896492,2.6629286,2.2663045,2.5317445,2.128647,2.1608396,2.7394364,1.8724638,3.3506615,2.7555683,2.582144,1.7449613,2.7621071,2.962917,2.8463223,2.8598018,3.4168627,3.796429,3.3608594,3.7631905,3.1103883,3.181381,2.8418698,3.2584789,3.2598844,3.300631,2.7632525,2.9126976,3.3384676,3.3727171,3.1381605,3.3521936,3.0858057,2.9701009,3.105384,3.3507073,3.1532717,2.577389,3.1224353,3.0784204,3.1861708,3.1751091,3.4316337,2.9169703,3.86055,3.4011137,3.425177,3.485607,3.110032,3.141674,3.0584466,2.9553363,3.1223822,3.1958866,2.951937,3.0887246,3.2244496,2.969026,3.0881643,2.9048321,2.8068419,3.0078182,3.2682137,3.3531835,3.3194325,3.385381,3.3633409,3.2276425,3.4884262,3.386216,3.4089067,3.52283,3.1214795,3.1596336,2.9744906,3.1688023,2.5324273,2.68106,2.2361667,2.2471197,3.9158454,3.9380379,4.224639,4.1588244,3.18509,3.5585444,3.3447046,3.2040224,2.8464842,3.4255624,2.7181022,3.715096,3.1903088,2.906666,2.850439,2.7878923,2.9543831,3.5882173,3.0467527,3.0350683,2.33585,3.0033967,2.6043882,3.2181535,2.486817,2.941646,2.1392152,2.9752877
20,2.9131446,3.3048449,4.2640867,4.11519,2.94103,2.8879797,2.9813564,2.965596,4.2753334,3.1794426,3.1658037,3.1658037,3.5154493,3.6684167,3.5152383,3.6381392,2.6048007,2.605961,2.543513,2.5896492,0.0,1.4137387,1.7874813,1.4579172,2.6569848,2.7181969,2.4857461,2.4647448,5.2347274,2.6090503,3.2245982,2.2371097,3.0740592,2.9847155,3.069213,3.1068423,3.5754516,3.727886,3.5719461,3.9373584,2.8980684,2.9756887,3.4222496,3.1076853,3.6663766,3.3225505,2.9330075,3.0297487,3.4934437,3.5158641,3.482474,3.2710533,3.1282325,3.228147,3.2394278,3.227848,3.335132,3.0059915,3.7028203,3.6034236,3.5987024,3.5752892,3.8505268,3.8261166,4.0617757,3.628151,3.6179016,3.6026082,3.4016058,3.3980532,3.4314501,3.3906627,3.4350507,3.4455547,3.159421,3.143541,3.3469458,3.294253,3.1689885,3.231234,3.1481533,3.3052652,3.5531766,3.6071904,4.0939193,4.1675367,4.13365,4.0561905,3.264141,3.1934066,3.3427806,3.41237,3.555926,3.5368698,3.3056324,3.5302117,3.3623502,3.1248028,2.912604,2.8938913,3.5674856,3.6221874,4.062978,3.8545172,3.2111428,3.825394,3.6659045,2.44237,3.4164786,3.6660626,3.2529764,4.097304,3.8947694,3.8513868,3.8453171,3.650113,4.163237,4.5585628,3.8840003,3.8807642,2.9418948,3.4344926,3.269881,3.5776052,3.173907,3.6934774,3.1208959,3.7754314
21,3.1482503,3.063197,3.9262514,3.9073524,2.740745,2.7776947,2.7650554,2.926171,4.0547757,2.7745261,2.7512734,2.7512734,3.1996503,3.339631,3.0978599,3.3083956,2.6751835,2.6815803,2.5688663,2.6629286,1.4137387,0.0,1.7969153,0.8662033,2.3521802,2.970041,2.8380249,2.6850793,5.201469,2.7196162,3.0608847,2.3405025,2.7493289,2.6898782,2.720096,2.7603316,3.2417085,3.4706643,3.3531268,3.6475348,2.523589,2.5793467,3.1195405,2.6742587,3.2140427,3.121691,2.6174371,2.7236898,3.2349534,3.3609266,3.378929,2.8771763,2.6771462,2.7860303,2.9069161,2.8720975,2.9205182,2.4302785,3.272551,3.2133727,3.2592986,3.202417,3.7293215,3.6563287,3.8683944,3.5582259,3.4771442,3.441109,3.109723,3.075124,3.098347,3.0543368,3.2503126,3.2105966,2.9706867,3.0134976,3.1379292,3.1240087,2.955065,3.0689318,3.117249,3.1489468,3.3731947,3.4284575,3.8727584,3.9435856,3.9761186,3.9501402,3.3285995,3.2321692,3.3720214,3.409587,3.2924373,3.2790737,3.1552613,3.2674282,3.102191,3.11301,2.7851052,2.6397634,4.0722528,4.0536823,4.382373,3.9962454,3.212315,3.8441572,3.4749718,2.4493265,3.1965973,3.233168,3.1804554,3.9286604,3.3830922,3.3630407,3.4172854,3.1045027,3.6466527,4.078752,3.3884246,3.3676856,2.9868782,3.1326952,3.226938,3.4000413,2.7534294,3.4582531,2.4626737,3.2377787
22,2.6057796,2.525178,3.6914065,3.581622,2.2631693,2.4356089,2.3178844,2.6146426,4.25794,3.1265945,3.1099854,3.1099854,3.0325391,3.158327,2.9898486,3.1106055,2.2901464,2.3007114,2.201199,2.2663045,1.7874813,1.7969153,0.0,1.388245,1.8407661,2.1061363,2.076867,2.1194224,4.4963593,1.9640175,2.6132061,2.4040031,2.8846474,2.850992,2.9257352,2.8823488,3.3376374,3.322539,3.6095617,3.7834153,2.863095,2.944746,3.3212903,3.0663095,3.2269623,3.1634076,2.813427,2.9142947,3.3465128,3.3404057,3.2841141,3.1347818,2.951086,3.0146792,3.2126665,3.2422752,3.184975,2.698943,3.0944068,2.9691827,3.0897171,3.027694,3.2287335,2.9367158,4.0519624,3.6068625,3.567186,3.5824792,3.3328547,3.3513184,3.3790076,3.328216,3.4535596,3.503409,3.2012079,3.204494,3.4565513,3.3818517,3.234847,3.3089786,3.1350622,3.2459676,3.428348,3.5731373,3.4088671,3.4681537,3.5086792,3.410371,3.632175,3.5586054,3.6735659,3.7406046,3.502821,3.518282,2.621136,3.4542174,2.5054083,2.733967,2.8264172,2.7995741,3.541854,3.595117,3.950455,3.7185905,3.4114556,3.387234,3.5684633,2.78456,3.3252897,3.5516746,2.9669232,4.0888877,3.6430554,3.681,3.6710339,3.4110894,3.3265538,3.749971,3.66221,3.6546335,3.2948434,3.7220838,2.8201406,3.0824227,3.1362991,3.269699,2.7579231,2.9396203
23,3.1078024,2.9290872,3.7436407,3.721555,2.5010083,2.6951735,2.5962362,2.8699892,4.3601813,2.8515806,2.829545,2.829545,2.9967296,3.1428354,2.8480844,2.9831548,2.5445516,2.5516758,2.3561037,2.5317445,1.4579172,0.8662033,1.388245,0.0,2.0882192,2.8376,2.707299,2.6312037,5.086656,2.6169126,3.019557,2.420839,2.5469403,2.6088753,2.6515121,2.6764438,3.183548,3.218271,3.3672707,3.647619,2.50213,2.5522964,3.0303607,2.5930145,2.923147,2.824847,2.361382,2.4795477,2.9316273,3.121013,3.219143,2.6119502,2.66873,2.743939,2.9810286,2.7574553,2.984634,2.3587656,3.1625829,3.0984402,3.1222246,3.071531,3.3663387,3.465896,3.9069626,3.4127283,3.366382,3.3673818,3.0552235,3.026789,3.0456028,3.0057218,3.306025,3.2829614,3.0088825,3.0422323,3.1166606,3.2032957,3.0122771,3.1446748,3.006441,3.0567963,3.1051729,3.2711422,3.7186146,3.779403,3.8283257,3.740713,3.355872,3.2770748,3.4271033,3.472075,3.195883,3.2009442,3.0347123,3.1861749,2.848601,3.006073,2.5221465,2.4836814,3.8435366,3.8981109,4.0850506,3.793527,3.4115493,3.8170557,3.688325,2.731721,3.209887,3.205657,2.9487712,3.8146107,3.3916311,3.5018578,3.510855,3.2107725,3.7102623,4.1159344,3.5109146,3.5217898,2.9465919,3.3905826,3.1653943,3.3105688,2.8214262,3.395438,2.4556327,3.146167
24,2.3638203,2.0766616,3.3281991,3.2463925,1.8864617,1.9846597,1.9116893,2.1655247,3.900808,2.6754348,2.6513948,2.6513948,2.4976137,2.622123,2.5167499,2.6889296,2.094565,2.1118908,2.0680566,2.128647,2.6569848,2.3521802,1.8407661,2.0882192,0.0,1.847663,2.4421346,1.7964588,3.4332013,1.8198895,2.0989003,1.9612696,2.6268268,2.6182778,2.6434488,2.584503,3.255367,2.7067745,3.5376055,3.759439,2.8241425,2.8104904,2.7288764,2.9532418,2.5631404,2.6934125,2.435537,2.4994674,2.797701,3.0874271,3.5062015,2.8838305,2.6912344,2.604175,2.9245853,3.066226,2.7809343,2.2859879,2.7285006,2.7235878,2.5851352,2.5036407,3.3885977,2.8561778,3.952466,3.565051,3.5477693,3.563037,3.0792785,3.1064663,3.0976493,3.0459452,3.1146386,3.1562672,2.7317493,2.7599306,3.096758,2.9963536,2.8625584,2.9371953,2.881358,2.9636226,3.3430414,3.3895912,3.204198,3.2305262,3.255801,3.1697543,3.3876338,3.3176193,3.3937874,3.4687293,3.2635405,3.3023741,2.5546622,3.304164,1.7559264,2.0396369,2.5269997,2.392232,3.18149,3.1352317,3.5481746,3.2304788,3.1382954,2.964965,3.23592,3.042599,3.0577323,3.069268,2.3165872,3.7726753,3.4765725,3.4189973,3.47199,3.2006817,2.9913566,3.4605427,3.469357,3.3626957,3.2614694,3.5454266,2.5348668,2.7597835,2.9408488,2.9844005,2.4134707,2.5488837
25,1.659655,2.1905153,3.373886,3.207426,2.2039437,1.9611439,2.2002642,2.0482368,4.254597,3.2568336,3.249673,3.249673,3.1203709,3.1977243,3.0232046,3.2216585,2.1869235,2.1843948,2.187832,2.1608396,2.7181969,2.970041,2.1061363,2.8376,1.847663,0.0,1.591489,0.5597802,3.1819763,1.4133685,2.0565884,2.0363126,3.2363753,3.2750242,3.2959316,3.2312925,3.5056443,3.7630844,3.7377017,3.9074209,3.376077,3.434288,3.2877078,3.577007,3.8443255,3.757189,3.2358902,3.2592297,3.462583,3.5716712,3.461905,3.5745125,3.3882418,3.311336,3.5398993,3.7276223,3.272312,3.2671175,3.1133766,3.0261202,3.1605012,3.1011064,3.3488836,3.058123,4.0749426,3.7347772,3.7045228,3.7183847,3.336086,3.3787963,3.296192,3.2403398,3.2020512,3.3445928,3.0582213,3.1321776,3.3252563,3.1459324,3.1859417,3.0575786,3.1101735,3.1688607,3.557667,3.4975905,2.9832568,2.984089,2.954014,2.9060998,3.1612313,3.0874658,3.1177723,3.217532,3.385704,3.4628546,2.4055738,3.4394495,2.3193724,2.0050485,3.0452797,2.8887508,2.774751,2.7234602,3.1939063,3.2230265,3.078601,2.7764952,3.479399,3.0768423,3.1391988,3.4894235,3.0886235,4.1336107,3.7772088,3.708618,3.7109313,3.5282488,3.0629704,3.3813047,3.7043073,3.6501687,3.530407,3.6672359,2.5248413,2.6752036,3.0851831,2.9871218,3.0293152,3.125626
26,2.6143284,3.0455737,3.876086,3.7154121,2.933077,2.7523706,2.9499307,2.8160503,4.7811646,3.8148243,3.80778,3.80778,3.5947094,3.7205143,3.4987354,3.7151566,2.7496622,2.7376251,2.7444315,2.7394364,2.4857461,2.8380249,2.076867,2.707299,2.4421346,1.591489,0.0,1.7091278,4.3882594,1.6825359,2.8055844,2.6809478,3.7206285,3.7896836,3.7731388,3.7155867,3.9742582,4.41509,4.130873,4.607201,3.9247375,3.9364223,4.0906677,4.075862,4.255245,4.1057024,3.626591,3.6197348,3.8015096,4.157745,4.262347,4.207905,4.172915,4.1807714,4.3006787,4.3931627,4.089834,3.7423496,4.0368047,3.9119923,4.027931,4.016751,4.1102653,4.076077,4.928607,4.614045,4.560515,4.564952,3.8812602,3.9402466,3.866535,3.7725854,3.7499433,3.8305497,3.5968637,3.7462614,3.8318431,3.723085,3.711743,3.6108043,3.7269719,3.8013752,4.0758514,4.0439544,3.7424889,3.77077,3.702834,3.6405535,3.620989,3.5291219,3.6244555,3.7281187,3.9020505,3.9810107,2.9232442,3.9857016,3.0618043,2.6607099,3.531526,3.3980198,3.2824566,3.2420273,3.6795027,3.644422,3.667624,3.4803672,4.070764,3.2226071,3.7761843,4.1117496,3.6857953,4.4605484,4.3218107,4.2230716,3.8801312,4.070512,3.6776865,4.092974,4.3165565,4.2538686,3.8633828,4.1006975,3.2045405,3.399577,3.5369277,3.5340695,3.5374734,3.851081
27,1.560554,2.1395822,3.246164,3.0965872,2.0805366,1.794744,2.056862,1.9016107,4.0637727,2.9973211,2.987879,2.987879,2.9810169,3.077804,2.921514,3.1188953,1.9013022,1.8940178,1.9016298,1.8724638,2.4647448,2.6850793,2.1194224,2.6312037,1.7964588,0.5597802,1.7091278,0.0,3.2246466,1.4996457,2.0869806,1.7184607,2.9899583,3.02882,3.0357902,2.9893548,3.2716327,3.6551814,3.4532137,3.6633055,3.0966012,3.1586466,2.9802763,3.3080125,3.7060835,3.6023622,2.9692085,3.0000455,3.262693,3.3979757,3.2572005,3.3450775,3.1237102,3.0398886,3.2550657,3.4655046,3.013069,2.9940863,2.9312844,2.86771,3.0013587,2.9469998,3.3213072,3.038826,3.9292617,3.550905,3.5260556,3.5388107,3.1522975,3.176042,3.0838335,3.0279884,3.0043602,3.1280706,2.8651,2.9670494,3.126516,2.9336185,2.9956453,2.8465464,2.9125288,2.9895923,3.4071937,3.3382654,3.0215256,3.0221012,2.9862561,2.9430237,2.9514728,2.874192,2.9045243,3.0025985,3.1889002,3.2660048,2.4863849,3.2595043,2.264481,1.8744948,2.7495716,2.581486,2.8305435,2.772163,3.28628,3.2628295,2.7978003,2.7601418,3.2550387,2.7964642,2.8583176,3.2130272,2.9504118,3.8941753,3.5128214,3.396882,3.4369204,3.2202425,2.9087827,3.3435562,3.4086237,3.3402054,3.1078238,3.255698,2.334094,2.6754453,2.7023695,2.828007,2.697994,3.010496
28,3.2353992,3.1046886,4.692151,4.648197,3.4145648,3.3863332,3.3433514,3.5302896,4.4002976,4.2054157,4.181873,4.181873,4.1203747,4.1471825,4.175608,4.301204,3.2992666,3.2997851,3.4694037,3.3506615,5.2347274,5.201469,4.4963593,5.086656,3.4332013,3.1819763,4.3882594,3.2246466,0.0,3.8011754,3.4188864,3.5628798,4.39828,4.38163,4.3827753,4.3182487,4.312662,4.893922,4.623142,4.7029095,4.650883,4.660105,3.8422077,4.8040237,4.6371255,4.9107513,4.358341,4.4056926,4.482235,4.542714,4.539831,4.761185,4.452947,4.2656927,4.5434957,4.955374,4.414777,4.117115,4.011457,4.0494757,4.0678787,3.9708118,4.5592084,3.6252139,4.77542,4.7033176,4.7573276,4.7920446,4.45773,4.504028,4.444451,4.379276,4.29628,4.427078,4.249713,4.280596,4.462121,4.135767,4.3184977,4.138234,4.2708616,4.356609,4.6908517,4.707011,3.742028,3.7248392,3.6764128,3.6191232,4.819465,4.7297025,4.670159,4.7659025,4.6283607,4.596912,3.895708,4.627819,3.2298954,3.470566,4.0826197,3.9922278,4.4682045,4.385843,4.7898016,4.780387,4.2646966,3.795016,3.8966405,5.1195436,4.000857,4.3170958,4.0221124,4.9818187,4.328894,3.98617,4.235279,4.0884466,3.4548178,3.750459,4.1408615,4.089828,4.49878,4.552901,3.4364903,3.8257337,4.1817417,3.394159,3.830267,3.5426679
29,2.199806,2.6288424,3.7575123,3.6505883,2.355929,2.0299292,2.2742996,2.0926065,3.9887447,3.2948513,3.2938347,3.2938347,2.9054894,3.0707858,3.0770235,3.2653906,2.7177124,2.724553,2.7949193,2.7555683,2.6090503,2.7196162,1.9640175,2.6169126,1.8198895,1.4133685,1.6825359,1.4996457,3.8011754,0.0,2.460245,2.3392947,3.3710833,3.2815266,3.3009894,3.2007747,3.3316221,3.698696,3.7022667,3.9473143,3.3989828,3.4194243,3.4966052,3.6020885,3.9782026,3.825269,3.356837,3.4035504,3.7333772,3.9633844,4.0735593,3.7655835,3.3458846,3.3227801,3.5668097,3.7731032,3.3722346,3.2706573,3.04923,3.0281851,3.090916,3.0238853,3.955446,3.5397522,4.425632,4.1814194,4.1825724,4.198453,3.8086307,3.817884,3.8086648,3.7604837,3.7517211,3.7704117,3.4703736,3.5167615,3.7609344,3.5991375,3.5383053,3.529659,3.5276093,3.6805036,4.0948853,4.11339,3.5977342,3.6816993,3.5563068,3.4944804,3.6816783,3.6119034,3.6715467,3.733779,4.003694,4.060046,2.8069124,4.04572,2.4469397,2.0148835,3.2787418,3.1616108,2.9179819,2.8193035,3.6859603,3.2899654,3.2060182,2.779147,3.5808122,2.8886812,3.50194,3.679587,3.482185,4.256046,4.277071,4.004505,4.053044,3.9304569,3.2429447,3.6809397,4.088547,4.0453587,3.6957695,3.9774144,2.461475,3.0446713,3.3287072,3.0270965,3.237419,3.2342339
30,2.681125,2.3287067,3.508704,3.5944667,2.5967312,2.5494456,2.5453084,2.7207708,3.9426496,3.2024248,3.192713,3.192713,3.1974585,3.2791166,3.251663,3.4817607,2.63002,2.6244743,2.6702874,2.582144,3.2245982,3.0608847,2.6132061,3.019557,2.0989003,2.0565884,2.8055844,2.0869806,3.4188864,2.460245,0.0,2.536711,3.2034204,3.176879,3.1431832,3.0921993,3.4705098,3.745798,3.6147332,3.8042378,3.3578162,3.3586335,3.190142,3.5411346,3.668185,3.8174367,3.2643173,3.2929473,3.5154548,3.7227643,3.701785,3.5994275,3.2282143,3.121882,3.3508043,3.681956,3.2821765,3.0395846,3.244378,3.1792543,3.2598567,3.1938386,3.9517343,3.1544335,3.5463815,3.1517484,3.1137908,3.1306667,2.5129807,2.5694163,2.5450273,2.4675903,2.4079049,2.4329684,2.1265242,2.2412167,2.575232,2.2695372,2.2849495,2.2009475,2.300773,2.4491193,3.0635962,3.047536,2.5112166,2.5005474,2.4868212,2.4350786,2.840479,2.77362,2.7982922,2.9053335,2.7786863,2.81618,1.66414,2.8259556,2.575463,2.8076742,3.3140612,3.1786568,2.9266603,2.7899055,2.8863404,2.521959,3.4010437,3.2631662,3.357579,3.367543,3.6781847,3.8159423,3.4592726,4.2900767,3.6778743,3.5386868,3.4857254,3.2288778,3.15764,2.6194131,3.4380858,3.2827983,3.8654492,3.9799545,3.1303134,1.8159097,3.5795116,3.548816,3.196787,3.3832874
