,0,1,2,3,4,5,6,7,8,9,10,11,12,13,14,15,16,17,18,19,20,21,22,23,24,25,26,27,28,29,30,31,32,33,34,35,36,37,38,39,40,41,42,43,44,45,46,47,48,49,50,51,52,53,54,55,56,57,58,59,60,61,62,63,64,65,66,67,68,69,70,71,72,73,74,75,76,77,78,79,80,81,82,83,84,85,86,87,88,89,90,91,92,93,94,95,96,97,98,99,100,101,102,103,104,105,106,107,108,109,110,111,112,113,114,115,116,117,118,119,120,121,122,123,124,125,126,127
0,0.0,1.3434466,1.5175903,0.9361645,2.451778,2.389255,1.9329635,2.2310052,2.197063,3.195275,2.6529012,1.9809053,2.4510655,2.0367255,2.0040298,2.7394376,3.247407,3.625582,2.9702494,2.7523396,3.2284641,3.1171641,2.9524598,2.8912287,2.7864885,2.8567286,4.0589933,3.9114606,2.6529946,2.79481,2.6993704,2.8637764,2.9405322,2.9275107,3.1152127,2.4355657,3.7483795,3.4194121,3.4368844,2.5117226,2.9721735,2.8444593,3.025878,3.3092623,3.1614666,2.9891443,2.8503518,2.9102814,2.6071973,2.629586,4.0225487,3.2949889,2.42571,2.433661,2.3554628,2.3773825,3.4053037,3.2037282,3.3836946,3.3648646,4.204978,4.496868,3.251749,3.0893135,3.5670133,3.901849,3.6089544,3.739762,4.3898993,4.4781537,3.3792658,3.3658104,3.3079264,3.6897368,3.4888773,3.467735,3.6010845,4.370371,3.3137987,3.5534174,4.0245914,3.21182,2.8297381,3.3918707,3.9697995,4.0003877,3.1406674,3.0532649,3.3760562,2.8105836,3.5088227,3.4298525,3.7249963,3.4303608,3.3358974,3.2363596,3.9338303,3.4721613,3.8190165,4.548001,4.033408,4.010069,4.256345,4.1902094,5.0543876,5.1084685,5.783374,4.958541,4.189806,3.9934623,5.108742,4.585802,4.812399,4.1436353,4.402228,4.3954377,3.7776785,3.789868,3.8520336,3.9935257,4.857449,4.7909265,4.397958,4.3262334,4.2893167,4.3254757,5.244785,4.3353386
1,1.3434466,0.0,0.71676177,1.7727809,1.4599262,1.5589602,2.6782868,2.8638718,1.6497307,2.8132765,2.2213998,1.3236423,2.0015597,1.3888756,1.394087,2.1454809,2.6425214,3.1699073,2.3730187,2.354861,2.7269523,2.560346,2.309436,2.2530384,2.2179825,2.2647886,3.681124,3.5167854,1.9845796,2.150326,2.4114907,2.50484,2.6742244,2.635848,2.6867177,2.0137646,3.4796321,3.0526607,3.1217709,2.146399,2.6128016,2.4880126,2.6465113,2.9679003,2.9634519,2.890935,2.459074,2.531187,2.1521325,2.0534074,3.749034,2.9460251,2.0204923,2.0287454,1.9654697,1.9793311,3.0351849,2.8272216,3.0057287,2.961232,3.785113,4.1187696,2.6954656,2.6668353,3.1806462,3.3256998,3.1571872,3.398045,4.1078005,4.177616,2.9335063,2.9232414,2.8904374,3.1958714,3.038968,3.0299766,3.1964471,3.9170973,3.6593237,3.096128,3.7336676,2.7803035,2.3617382,2.89576,3.3626356,3.393727,2.8620732,2.8404067,3.0444446,2.6648176,3.204196,3.1328526,3.7077851,3.2419558,2.9090426,2.8047495,3.565122,3.1271665,3.353007,3.9301085,3.6195672,3.6155136,3.8271573,3.7627287,5.0680428,5.092981,5.5010157,5.0027103,3.8704565,3.639499,4.733653,4.1307125,4.586401,3.8614683,4.1588016,4.1522455,3.2725306,3.336584,3.46381,3.6008935,4.4163895,4.570535,3.884333,3.8164117,3.9014344,3.934571,4.8011,3.9094024
2,1.5175903,0.71676177,0.0,1.6918405,1.541983,1.5991502,2.6752715,3.070167,1.7373776,2.7996912,2.277415,1.5032488,2.0449362,1.3922743,1.0915335,2.0257852,2.4163382,3.048691,2.283289,2.1053402,2.5238905,2.3632908,2.1083033,2.0493488,2.1698785,2.2344356,3.554412,3.437861,1.8363447,2.0266974,2.2506573,2.39986,2.8013027,2.748988,2.4454854,2.1078386,3.8268042,3.4797387,3.3648307,2.623542,3.003368,2.823796,3.045473,3.4066808,3.2109673,3.112123,2.8396163,2.9103458,2.146266,2.0917969,3.8631003,2.939033,2.0766015,2.0926645,2.0470402,2.0554783,3.083801,2.831878,3.0613382,2.9785807,3.5731122,4.0327196,2.847325,2.8783796,2.971773,3.1196697,2.9702423,3.1154087,3.8751202,3.9566984,2.759078,2.7427409,2.6591337,2.9965107,2.8199887,2.8120866,2.988446,3.574783,3.4788518,2.9194305,3.5507164,2.6474686,2.2356932,2.7684062,3.2333133,3.272704,2.7458227,2.662201,2.7598732,2.3877034,3.0009103,2.924091,3.5514567,3.0294535,2.8448784,2.7713912,3.5719678,3.1773393,3.4098601,3.9590404,3.6217792,3.6505156,3.8185775,3.7125962,4.926929,4.918803,5.24491,4.852499,3.8268383,3.638131,4.6504035,4.1113048,4.4458027,3.6897223,4.1441364,4.1416106,3.3204958,3.3345842,3.4394195,3.5486484,4.3989644,4.513965,3.8989856,3.8679535,3.905461,3.9597206,4.686004,3.9206378
3,0.9361645,1.7727809,1.6918405,0.0,2.7995546,2.681817,1.5855882,2.2056487,2.4648483,3.288606,2.849971,2.2957535,2.6515348,2.2534711,2.1062288,2.7680945,3.2460303,3.7566524,3.0942726,2.776897,3.2927573,3.1399665,3.0788348,3.0122852,3.005644,3.0871816,4.1484375,4.0525503,2.850004,3.0010998,2.621691,2.8049707,3.1230226,3.0909185,3.0482478,2.646189,4.1286135,3.8580196,3.7333827,2.9713771,3.368367,3.2082825,3.4361987,3.6724114,3.381617,3.143879,3.2331028,3.2853777,2.777511,2.857512,4.201973,3.4172955,2.6054761,2.618242,2.541909,2.559818,3.6167314,3.3714242,3.6074157,3.5719275,4.225335,4.570402,3.4959917,3.3447378,3.606915,4.005428,3.6952834,3.714019,4.388919,4.495333,3.4802082,3.4648364,3.3739865,3.6954246,3.5731869,3.5479362,3.661232,4.3413043,3.0737355,3.6570811,4.1017637,3.384013,3.0325048,3.4160068,4.1911955,4.227176,3.2340071,3.1019042,3.4032335,2.8086793,3.5555081,3.4830449,3.574374,3.472193,3.5661266,3.480478,4.08108,3.649543,4.002632,4.4932623,4.24963,4.2469926,4.409794,4.300152,5.0194683,5.007627,5.779683,4.901528,4.3238306,4.1591506,5.101376,4.6061387,4.8681536,4.180381,4.570238,4.566071,3.8967667,3.8447073,4.069207,4.011005,5.0223136,4.81297,4.544621,4.51556,4.5003676,4.542257,5.305965,4.4672556
4,2.451778,1.4599262,1.541983,2.7995546,0.0,1.9014901,3.55647,3.7796419,2.2543283,3.1404133,2.8922749,2.0550344,2.7686806,2.1178744,2.049808,2.8229494,3.0496082,3.5545275,2.8180583,2.6999106,3.0394323,2.8582244,2.5584364,2.5355306,2.506699,2.5118866,3.5635056,3.5678356,2.3055563,2.4365547,3.0119913,3.088836,2.5559115,2.4841888,2.9635139,2.5413828,4.33375,3.920174,3.9524512,2.8011777,3.0414252,2.9853766,3.053497,2.948074,3.650903,3.6218443,2.8839679,2.9422667,2.6804461,2.321993,3.9054923,3.0458179,2.4654865,2.4676557,2.3591695,2.3460903,3.5374527,3.3238473,3.500051,3.4249396,3.871904,4.115765,2.9281986,2.778308,3.3834531,3.3963053,3.3480692,3.5553362,4.4157214,4.4459877,3.156066,3.159756,3.1472406,3.4272425,3.2554183,3.2530625,3.3960707,3.9949074,4.2911105,3.3069065,4.239218,3.297266,2.7402208,3.2764945,3.5123138,3.555025,3.3317363,3.1430223,3.2014618,3.2101827,3.3590841,3.2772574,4.069638,3.5082502,3.0147989,3.2465544,4.2863626,3.931862,4.0228724,4.5228543,3.9980454,4.026356,4.3589916,4.364083,5.6401477,5.6995916,5.793732,5.554363,4.4944763,4.2973266,5.1230116,4.6963086,5.088714,4.440694,4.686502,4.6789374,3.7037797,3.7826724,3.8284883,3.947212,4.9041314,5.2023287,4.4637113,4.407235,4.508792,4.525973,5.2306504,4.5117426
5,2.389255,1.5589602,1.5991502,2.681817,1.9014901,0.0,3.3408623,3.7777157,1.3671573,2.6836822,2.0801718,1.0567125,2.02009,0.9807301,1.047228,2.0779395,2.9592342,3.5935144,2.558993,2.929212,3.058583,2.795788,2.524278,2.464227,2.4873035,2.4986851,3.787525,3.5697854,2.2950494,2.4157088,2.5543764,2.6983597,2.7230556,2.7299163,2.358342,2.0061898,3.8112564,3.46876,2.934169,2.745349,3.1320164,3.0791557,3.164925,3.3056848,2.9292781,2.9769244,2.9519005,3.004074,1.997106,2.4898584,4.000441,3.1833081,2.563083,2.565401,2.52589,2.5216808,3.6070724,3.3668246,3.5740566,3.5228388,3.8829114,4.1540866,2.642472,2.7782655,2.9221768,2.949725,2.8684306,2.9741123,3.2508097,3.2869606,2.716198,2.7221458,2.6236863,2.6789274,2.7069962,2.710857,2.9245565,3.495524,3.7555537,2.8099778,2.9935563,2.7730849,2.4664562,2.8549628,3.2186027,3.2300851,2.8068402,3.009162,2.9250767,2.7150881,3.2346625,3.1963942,3.9598475,3.3778946,3.0194807,2.844026,3.2474906,3.2174573,3.2850099,3.81108,3.4674208,3.49639,3.7462335,3.666936,5.075152,5.105697,5.287247,4.9837403,3.6770957,3.3944576,4.480786,3.7535827,4.2721705,3.548428,4.020233,4.0147943,3.1340642,3.2169957,3.32187,3.4505317,4.391021,4.7074866,3.8117316,3.8741102,3.7497153,3.825725,4.5924163,3.786656
6,1.9329635,2.6782868,2.6752715,1.5855882,3.55647,3.3408623,0.0,1.953297,2.7161298,3.291766,2.7222502,2.7497015,3.135593,2.8042753,2.8012614,2.9147534,3.5068126,3.8827586,3.2725737,2.8842328,3.5193076,3.332624,3.3685622,3.3085725,3.155603,3.227527,4.1905813,4.1607447,3.1333141,3.2244742,2.703199,2.8251734,3.4361372,3.40261,3.134219,3.2062626,4.743206,4.4724402,3.896423,3.5790744,3.5605638,3.438466,3.64328,3.7479007,3.4294252,3.1484869,3.4362566,3.4919028,2.7666066,2.8777034,4.2797294,3.6579106,2.6185772,2.6208076,2.5960271,2.6049843,3.6665485,3.4584892,3.661035,3.637289,3.9037726,4.099003,3.410915,3.2580712,3.8959475,4.2736387,3.9400125,4.072851,4.5713015,4.6720076,3.834152,3.8281605,3.7176085,3.8667698,3.7875495,3.7607315,4.0243597,4.360602,3.0117373,3.9855363,4.229047,3.6231966,3.263893,3.593745,4.2562766,4.2774167,2.9877155,2.8861785,3.7457557,3.0743968,3.5025563,3.4591093,3.0994015,3.4051447,3.6977174,3.6159036,4.2153907,3.993727,4.2938495,4.728593,4.2850575,4.244681,4.262008,4.2146354,4.9880424,4.989517,5.743783,4.970552,4.283369,4.078874,5.2405014,4.464468,4.9759054,4.362942,4.7401557,4.731428,3.9692166,3.8497453,4.1091146,3.959373,4.846469,4.5089703,4.570267,4.49841,4.415097,4.432021,4.9698253,4.3466315
7,2.2310052,2.8638718,3.070167,2.2056487,3.7796419,3.7777157,1.953297,0.0,3.2738664,3.6416504,3.4308102,3.2608128,3.6431706,3.2358427,3.3678105,3.6252403,4.131502,3.9463542,3.7890182,3.5647488,3.8899581,3.6969616,3.779771,3.7307022,3.6211839,3.6813078,4.766594,4.786758,3.5454893,3.6643035,3.248269,3.2868564,3.804783,3.768352,3.6915202,3.4546657,4.634157,4.2964244,4.168251,3.5325036,3.6946464,3.628996,3.774244,3.8699427,3.9645562,3.7321765,3.6066334,3.6868393,3.3073795,3.1310143,3.5345805,3.758997,2.9114347,2.911245,2.9092367,2.9192076,3.249589,3.0859747,3.2532609,3.2485657,4.406195,4.4812794,3.4537146,3.2361379,4.280385,4.548037,4.256428,5.010618,5.218945,5.311637,4.257382,4.2357955,4.1836095,4.411863,4.2691503,4.2473936,4.431487,4.8942757,3.633505,4.3982,4.9016643,4.0925145,3.8221917,4.2830954,4.84409,4.869682,3.8817284,3.844477,4.6793213,3.8671021,4.299337,4.2694597,3.8446932,4.280501,4.3478923,4.2017417,4.7605333,4.331638,4.5488167,5.1538296,4.8048277,4.8137665,4.733761,4.6770453,5.4753304,5.4992123,6.2757063,5.463333,4.805345,4.639887,5.834714,5.100919,5.885075,5.3717704,5.5984197,5.589542,4.5662093,4.476819,4.6845174,4.612681,4.8841705,5.0185146,5.003491,4.6618466,4.903762,4.9094853,5.5968237,4.872839
8,2.197063,1.6497307,1.7373776,2.4648483,2.2543283,1.3671573,2.7161298,3.2738664,0.0,2.3543098,1.2351836,0.90657705,2.1273143,1.0419842,1.4647311,1.8405826,2.8501058,3.3948884,2.4986832,2.5966856,2.9178855,2.7256575,2.561134,2.5192616,2.2654881,2.275744,3.7399085,3.5601156,2.137089,2.2383337,2.3598938,2.4431505,2.867391,2.8206584,2.500998,2.268248,3.6155465,3.2753303,2.594281,2.6387935,2.65316,2.6154504,2.7071095,3.1279447,2.5268016,2.5507283,2.5087829,2.5416331,1.5478485,1.9206091,3.5391932,2.637006,1.9391094,1.940674,1.93645,1.9358726,3.1348906,2.9333928,3.0966096,3.0644915,3.453973,3.7365758,2.4569368,2.5361047,2.9847338,2.924938,2.7898757,2.9687505,3.5438118,3.5864615,2.833469,2.848833,2.6653113,2.7028725,2.6279263,2.6319683,2.9399478,3.4196627,3.4375947,2.7902281,3.2493756,2.7628736,2.4687254,2.8398535,3.0895963,3.09248,2.4095347,2.6725535,3.0381086,2.7052891,3.0415401,3.0108023,3.5950873,3.1731217,2.9299715,2.6359496,3.3805504,3.421047,3.4961417,4.0411644,3.5713193,3.5938277,3.6337874,3.5934095,5.1617794,5.181016,5.470855,5.146081,3.7601519,3.4613013,4.8140383,3.853941,4.2538238,3.631386,3.871834,3.8643394,3.244402,3.3206182,3.4466171,3.5429006,4.2816324,4.4117327,3.778074,3.8579314,3.713846,3.755066,4.455094,3.7248216
9,3.195275,2.8132765,2.7996912,3.288606,3.1404133,2.6836822,3.291766,3.6416504,2.3543098,0.0,2.2979076,2.4581275,3.099601,2.119622,2.6703131,2.5510173,3.5756514,3.2556288,3.239361,3.260375,2.73224,2.4894416,2.9843333,2.9567695,3.2032032,3.2198715,3.7691047,4.220867,3.0520158,3.143914,2.9611237,2.9547522,2.8338406,2.7748387,2.354421,2.3764522,3.836773,3.4118867,2.522636,2.7707987,2.4565492,2.4135458,2.5070326,2.8543737,2.4525206,2.3368301,2.3157852,2.334839,1.1262667,1.532237,3.3802636,2.4045198,1.4342365,1.4224657,1.4517139,1.4379177,2.4599495,2.2313912,2.4332232,2.4029055,3.0811791,3.2437649,1.9145238,2.0610397,2.982023,2.916954,2.782244,3.5289311,3.9932463,4.0366316,3.34989,3.3649356,3.2993426,3.2615452,3.1994393,3.2000334,3.5100415,3.7893124,3.923632,3.4270742,3.7338214,3.3080945,3.0653229,3.3737574,3.426554,3.4357443,2.8433177,3.1095858,3.46203,3.2470834,3.3414853,3.3206396,3.9372556,3.6543381,3.0862198,2.8453915,3.8803682,3.966448,3.4866712,4.503717,3.5698788,3.90963,3.5240676,3.5085557,5.4168706,5.4288764,5.7248483,5.460617,4.1172323,3.8967218,5.072748,4.217347,4.6457977,4.033418,4.3580904,4.3520985,3.6774764,3.572554,3.819341,3.5995762,4.3647733,4.4235334,3.897305,4.2887535,4.0379944,4.0818357,4.6448064,4.0855193
10,2.6529012,2.2213998,2.277415,2.849971,2.8922749,2.0801718,2.7222502,3.4308102,1.2351836,2.2979076,0.0,1.50922,2.5302982,1.6523888,2.0122445,1.6945685,2.898979,3.4581604,2.5350385,2.56237,3.00453,2.8203878,2.6731424,2.6428752,2.5240333,2.5374537,3.87942,3.69529,2.452406,2.4903812,2.6016157,2.682713,3.3408682,3.2744768,2.7538576,2.7254739,3.6928723,3.4028854,2.361985,3.0178828,2.680794,2.6172285,2.7464592,3.354003,2.5058177,2.4823883,2.5300746,2.5600324,1.4047734,1.8511152,3.5349271,2.642558,1.8736377,1.8767163,1.9271185,1.9323492,3.039114,2.8451512,3.0073924,2.9914532,3.2781842,3.5375333,2.3328729,2.5520144,2.9020429,2.8652492,2.782058,2.9663978,3.5254614,3.5950768,2.827893,2.8403044,2.7428865,2.654931,2.6041503,2.608303,2.9906778,3.3583615,3.4505956,2.8421178,3.2417133,2.7014027,2.4903042,2.8867521,2.9413385,2.9347515,2.1339464,2.5725596,3.1683097,2.7539887,2.8742254,2.8544302,3.5929487,3.2755022,2.9705822,2.5051062,3.2995114,3.5002677,3.569526,4.040677,3.453018,3.4381316,3.3421378,3.2687132,5.166631,5.167974,5.5141597,5.2503114,3.597732,3.2769742,4.850992,3.6792161,4.216861,3.468945,3.7905455,3.7825854,3.2732546,3.3338366,3.460328,3.5218296,4.0744934,4.0830693,3.6039436,3.719419,3.461213,3.509104,4.153806,3.4773326
11,1.9809053,1.3236423,1.5032488,2.2957535,2.0550344,1.0567125,2.7497015,3.2608128,0.90657705,2.4581275,1.50922,0.0,1.8542223,0.6324869,1.0958264,1.888978,2.4780588,3.1142688,2.0730453,2.3445392,2.6035612,2.4165485,2.1803539,2.12797,1.9891095,2.006029,3.677425,3.424829,1.8991089,1.9792807,2.0647275,2.1696506,2.7470038,2.7336774,2.288502,2.0469856,3.525712,3.1380641,2.7129097,2.435883,2.7254548,2.6773026,2.7545972,3.1250525,2.6563675,2.6554139,2.583111,2.6067793,1.6405195,2.0330794,3.617897,2.7153282,2.0392818,2.0390248,2.0261502,2.0254145,3.2137864,3.0077596,3.1753433,3.1607983,3.4831858,3.7832108,2.5098627,2.60992,2.9582286,3.0524197,2.881147,3.0182881,3.5031257,3.550732,2.721712,2.7290921,2.6633954,2.7512085,2.7148983,2.710922,3.0318942,3.4688795,3.5084887,2.8710408,3.2430081,2.7449915,2.4270437,2.7994,3.2084415,3.2128685,2.5545354,2.8034139,3.0137074,2.6594784,3.1699889,3.1355464,3.5677423,3.1299076,3.0135815,2.6952279,3.3901498,3.2961824,3.3811913,3.8920598,3.614448,3.5969322,3.7318203,3.7050679,5.13146,5.163943,5.391045,5.0693665,3.79386,3.4935122,4.754576,3.8743088,4.4143257,3.7068193,4.0734916,4.065098,3.2735043,3.341918,3.4677172,3.5986671,4.3419003,4.4984713,3.819084,3.8841615,3.780709,3.8160293,4.492384,3.783684
12,2.4510655,2.0015597,2.0449362,2.6515348,2.7686806,2.02009,3.135593,3.6431706,2.1273143,3.099601,2.5302982,1.8542223,0.0,1.788418,1.835392,1.5502216,2.9878807,3.5187488,2.5412085,2.9461102,3.089942,2.9011576,2.7541022,2.6908903,2.5050812,2.5606947,3.9854221,3.7809353,2.3976796,2.542677,2.392022,2.4265301,3.5063143,3.519975,2.7660563,2.5077147,3.9037473,3.5457213,3.3335128,3.0512855,3.470787,3.3796694,3.518302,3.7808099,3.3198597,3.2981637,3.3464944,3.4283354,2.5006592,2.8554196,4.5920925,3.4322572,2.854561,2.8559184,2.9009502,2.9000344,3.7770402,3.5295699,3.7424219,3.6856246,3.8983438,4.164445,2.913853,3.1678774,4.063814,4.156864,4.008785,4.0943127,4.489289,4.543104,3.89032,3.897871,3.8062012,3.9192111,3.8807032,3.8781784,4.1084595,4.3679886,4.448737,4.0030603,2.9658651,2.35271,2.0640357,2.5593505,3.1476855,3.1571279,2.413052,2.7905507,2.9400415,2.6316638,3.2247882,3.2030115,3.4530594,2.8799675,3.1662853,2.6584988,3.7127898,3.5436347,3.6591885,4.166333,4.1529403,4.179567,4.142057,3.9997127,5.226493,5.230953,5.4397016,5.218196,4.0524035,3.8146446,4.8834996,4.2519937,4.6228685,3.948013,4.2709894,4.2630067,3.7867968,3.7414613,3.9748175,4.057929,4.927297,4.788705,4.209025,4.277934,4.1259384,4.1763425,4.7276797,4.123059
13,2.0367255,1.3888756,1.3922743,2.2534711,2.1178744,0.9807301,2.8042753,3.2358427,1.0419842,2.119622,1.6523888,0.6324869,1.788418,0.0,0.85470665,1.7930156,2.5186028,2.977657,2.098425,2.4006197,2.4112308,2.173011,2.0730033,2.0159638,2.058081,2.0874574,3.557865,3.429149,1.8775367,2.0004833,1.9400289,2.0629072,2.7633142,2.746265,1.9917091,1.8749546,3.5203152,3.147685,2.6757612,2.5009687,2.8334575,2.7583077,2.8718846,3.2479858,2.7120109,2.6846638,2.6756525,2.7095118,1.4338566,1.9146576,3.5264118,2.611174,1.9187217,1.9209963,1.9305878,1.9279613,3.0315032,2.7841177,2.999247,2.9564614,3.30818,3.6432652,2.3123648,2.4685917,2.753057,2.836366,2.6708882,2.945643,3.3697104,3.4245038,2.643418,2.6473074,2.5449214,2.6535528,2.6082268,2.6050103,2.9102032,3.3029394,3.4217293,2.7826803,3.0821354,2.6330886,2.3695529,2.7616992,3.1627126,3.1725202,2.5396044,2.8012633,2.932421,2.5428526,3.1343763,3.102846,3.5704558,3.1058774,2.9671988,2.631992,3.322224,3.2366118,3.2142832,3.866091,3.5571158,3.6322947,3.6360488,3.561866,5.0241594,5.038981,5.240464,4.959147,3.7283704,3.461372,4.6387467,3.8540542,4.3255134,3.6118283,4.0444427,4.0388403,3.299303,3.3062642,3.4610312,3.517821,4.232859,4.419622,3.7425294,3.8655865,3.7407854,3.7971795,4.424107,3.7638612
14,2.0040298,1.394087,1.0915335,2.1062288,2.049808,1.047228,2.8012614,3.3678105,1.4647311,2.6703131,2.0122445,1.0958264,1.835392,0.85470665,0.0,1.8231173,2.2790904,2.996015,2.0183606,2.180345,2.4427822,2.2211447,1.928733,1.8570112,2.0104878,2.065574,3.5366783,3.329399,1.7429818,1.879997,1.8756313,2.0832477,2.9385378,2.9278955,1.9215102,2.1110053,4.0185933,3.7237697,3.2513616,3.0179603,3.3977282,3.256755,3.439868,3.7504566,3.203009,3.1523204,3.2286115,3.285496,1.8996762,2.3220816,3.9136064,3.0582163,2.3378391,2.349008,2.3514497,2.3482969,3.327279,3.0601943,3.3048036,3.225713,3.3816717,3.8363078,2.7755117,2.947461,2.8249018,2.9641693,2.8299508,2.9356563,3.2545748,3.3316398,2.625888,2.613317,2.4841082,2.6560228,2.6048062,2.6009681,2.8967762,3.166729,3.395961,2.799321,2.9891212,2.6319242,2.30884,2.7574928,3.2137449,3.2347193,2.6074245,2.7243335,2.7936485,2.3685052,3.0719612,3.0272279,3.4853175,3.0074577,3.039414,2.8512666,3.3698153,3.2170591,3.3764088,3.8773835,3.6138093,3.633152,3.763705,3.6427345,4.9019203,4.8896575,5.008855,4.8109417,3.6948202,3.4407473,4.5175214,3.8338509,4.339215,3.5539367,4.161183,4.1596146,3.2895133,3.2735646,3.3958824,3.5023599,4.257745,4.462497,3.851059,3.853889,3.7847147,3.8680105,4.3868346,3.8146653
15,2.7394376,2.1454809,2.0257852,2.7680945,2.8229494,2.0779395,2.9147534,3.6252403,1.8405826,2.5510173,1.6945685,1.888978,1.5502216,1.7930156,1.8231173,0.0,2.807029,3.3720665,2.6192276,2.6752074,2.97523,2.7611868,2.7005985,2.6389148,2.6890373,2.7408922,3.8789177,3.789621,2.4697416,2.5980947,2.5361774,2.5652015,3.267621,3.2223122,2.4235816,2.3756185,4.057056,3.7138665,2.7942631,3.1529517,3.0966146,2.9326,3.1737018,3.627692,2.8066816,2.7659943,2.9438953,3.0472684,1.7968849,2.268615,4.1416473,3.0048738,2.2625074,2.275291,2.3378577,2.3358662,3.1446953,2.8702447,3.120428,3.0533152,3.5291526,3.90323,2.6121352,2.9637063,3.4878898,3.4792,3.4285276,3.6098192,3.9556818,4.025858,3.4287887,3.4317899,3.328527,3.2351742,3.2902496,3.2948406,3.555028,3.8298979,4.0703855,3.4712243,2.6255612,2.0623672,1.7463049,2.209816,2.6130486,2.624678,1.762879,2.2709298,2.665662,2.320844,2.5366583,2.5219824,3.2320511,2.8675623,2.8355465,2.3085177,3.3757637,3.429596,3.5164592,3.839361,3.6126366,3.6658165,3.5264108,3.344594,5.0053196,4.9342456,5.29453,5.0947495,3.5263317,3.2533956,4.5088005,3.5809276,4.320467,3.5027866,4.054672,4.050859,3.289294,3.2598143,3.5554924,3.4970548,4.4331164,4.3607454,3.7558537,3.792723,3.6557455,3.7291336,4.306403,3.622067
16,3.247407,2.6425214,2.4163382,3.2460303,3.0496082,2.9592342,3.5068126,4.131502,2.8501058,3.5756514,2.898979,2.4780588,2.9878807,2.5186028,2.2790904,2.807029,0.0,1.8606789,1.2566112,1.1234164,1.4961544,1.6193728,1.2471498,1.2257324,1.5730879,1.6273043,3.503454,3.2109358,1.4062285,1.3278959,1.8232727,1.7829692,4.0513225,4.0202475,2.4199412,3.3539126,4.86783,4.495311,4.339439,3.9033217,4.161552,3.959851,4.155124,4.71231,4.267934,4.1982274,4.0636635,4.089636,2.8793454,2.7564712,4.556916,3.7936175,2.8431988,2.852777,2.9602773,2.956597,3.4867816,3.3878078,3.4767563,3.401674,2.6681962,3.4851549,3.677004,3.9314396,3.6513784,3.770707,3.6496656,3.7428815,4.3019686,4.3722034,3.3236694,3.2982209,3.2720494,3.439334,3.3511202,3.342014,3.8388793,3.3116593,4.227638,3.6420493,4.306908,3.5684247,3.311252,3.5124655,3.7993011,3.8079865,3.4220223,3.401793,3.7762167,3.4000158,3.912109,3.883253,3.6306493,3.334099,3.849993,3.6925695,4.153278,3.8216956,3.9253824,4.0791173,4.2799683,4.210073,4.09035,4.094775,5.326024,5.2644997,4.8411775,5.2887278,4.230924,3.9692767,4.9128823,4.1986427,5.0250297,4.268268,4.9507084,4.9491744,3.9477384,3.8809474,4.002269,4.133556,4.165334,4.3844943,4.061381,4.012166,4.183203,4.1926146,4.0041895,4.121711
17,3.625582,3.1699073,3.048691,3.7566524,3.5545275,3.5935144,3.8827586,3.9463542,3.3948884,3.2556288,3.4581604,3.1142688,3.5187488,2.977657,2.996015,3.3720665,1.8606789,0.0,2.23435,1.9942327,1.1371874,1.5017854,1.8257357,1.8194784,2.3065348,2.3554206,3.5772507,3.7187412,2.1000175,2.074005,2.4233522,2.2556505,4.059923,4.0396185,2.4218516,3.3870993,4.9296145,4.489417,4.3943663,3.8824878,4.100462,3.8984838,4.0872345,4.721048,4.3686986,4.29034,4.059482,4.101585,2.8759103,2.6140935,3.9729264,3.641367,2.654505,2.6605082,2.823699,2.8150027,2.48196,2.4945595,2.4791384,2.4077752,2.4937193,3.318732,3.626042,3.888511,3.8979015,3.9451215,3.820944,4.5939064,4.7609143,4.8101974,3.8252194,3.7942855,3.794618,3.983785,3.821977,3.8145375,4.2971964,3.7531745,4.64255,4.1140413,4.6523156,3.9401512,3.6966426,4.048193,4.1073074,4.1152315,3.8212478,3.8389947,4.3637733,3.8805847,4.2822776,4.2641153,3.8523328,3.7623978,4.110726,3.979069,4.704596,4.3146563,4.126674,4.8188763,4.53126,4.6275525,4.3010693,4.362521,5.662051,5.629196,5.165485,5.66326,4.6524777,4.4270205,5.3369102,4.7539515,5.7111645,5.0624266,5.623178,5.6230392,4.4665694,4.3469815,4.3744617,4.50108,4.1250787,4.663235,4.424501,4.269463,4.5776057,4.584285,4.4429226,4.62315
18,2.9702494,2.3730187,2.283289,3.0942726,2.8180583,2.558993,3.2725737,3.7890182,2.4986832,3.239361,2.5350385,2.0730453,2.5412085,2.098425,2.0183606,2.6192276,1.2566112,2.23435,0.0,1.3854954,1.6214758,1.4238423,0.8298259,0.8273694,0.78820926,0.825994,3.2820873,2.9366734,0.8883185,0.79370934,1.2730377,1.2948432,4.063083,4.041657,2.3951726,3.277755,4.5695333,4.201688,4.11947,3.7342267,4.005652,3.8933232,4.0062575,4.348432,4.186269,4.112949,3.869472,3.8937187,2.6121793,2.4594429,4.3553867,3.6304746,2.657637,2.6521616,2.7786422,2.771184,3.5960681,3.4461262,3.5782106,3.4895945,2.2867959,2.7695243,2.8385398,3.110061,3.4160144,3.5386608,3.3890574,3.5582714,4.1966176,4.263633,3.098631,3.0876076,3.0609941,3.285964,3.1253586,3.1146803,3.6513155,3.0918365,4.0164495,3.4422555,4.0753036,3.2031016,3.0007992,3.3227184,3.54668,3.5495,3.0970967,3.1657443,3.650369,3.2233496,3.756353,3.7380416,3.4956102,3.0707164,3.5581279,3.3066766,3.7933471,3.529902,3.5739813,3.939956,4.057671,3.9910865,3.7792575,3.7647998,5.1170797,5.135814,4.6484213,5.0983195,3.9920661,3.7399237,4.880351,4.1042514,4.717846,4.030287,4.558097,4.5496216,3.8181787,3.7131324,3.8154573,3.9668798,3.8590007,4.0445004,3.7804031,3.8216388,3.8139915,3.8147905,3.6151555,3.7731166
19,2.7523396,2.354861,2.1053402,2.776897,2.6999106,2.929212,2.8842328,3.5647488,2.5966856,3.260375,2.56237,2.3445392,2.9461102,2.4006197,2.180345,2.6752074,1.1234164,1.9942327,1.3854954,0.0,1.5353225,1.614315,1.2451916,1.2492247,1.3792492,1.4567807,3.1995122,3.0639133,1.2603083,1.2085627,1.7952434,1.8440522,3.7977288,3.7379823,2.4842126,3.3382323,4.7781477,4.471274,4.2986083,3.791512,3.851524,3.6629484,3.8640773,4.345822,4.1178293,3.9870474,3.7437649,3.773255,2.5745838,2.251884,4.078448,3.2761335,2.3323076,2.3413582,2.4292672,2.4219635,3.1763804,3.0321763,3.1605299,3.0690608,2.3157134,3.0524511,3.2947304,3.4362142,3.3770645,3.5345106,3.3910296,3.5555353,4.2986917,4.3805785,3.1277788,3.1078646,3.0705578,3.3510592,3.1148398,3.1018987,3.5882878,3.1814947,3.8133593,3.4238794,4.277072,3.3455229,2.9710598,3.3733196,3.5503833,3.572276,3.0115027,2.8641808,3.4846346,3.068265,3.4174998,3.3687308,3.1969805,2.9569306,3.4179308,3.3852105,4.275878,3.958642,4.1085324,4.477215,4.197193,4.1406207,4.076455,4.07728,5.340199,5.322153,5.0503235,5.3305273,4.351172,4.131874,5.1708975,4.499965,5.0387754,4.308067,4.807938,4.8049383,3.9654675,3.8808942,3.93552,4.063468,4.218201,4.2739897,4.199341,4.1221867,4.2197547,4.2291064,4.159374,4.202461
20,3.2284641,2.7269523,2.5238905,3.2927573,3.0394323,3.058583,3.5193076,3.8899581,2.9178855,2.73224,3.00453,2.6035612,3.089942,2.4112308,2.4427822,2.97523,1.4961544,1.1371874,1.6214758,1.5353225,0.0,0.6123781,1.1073288,1.1155795,1.7346804,1.7810978,3.1502132,3.2983909,1.5637594,1.5406498,1.8106608,1.7217603,3.7501433,3.7151442,2.0145195,3.0469184,4.666759,4.2197604,4.108522,3.5763297,3.7963376,3.6185963,3.7860732,4.319106,4.086595,3.9851155,3.7083673,3.7271717,2.430231,2.1557734,4.01467,3.2399347,2.2304308,2.2335312,2.3830013,2.3719218,2.795388,2.6947505,2.7868063,2.69366,1.996711,2.8030019,3.107094,3.3270552,3.460543,3.5606654,3.411934,3.8887084,4.4633226,4.5203533,3.4088233,3.389962,3.3666265,3.5959258,3.418416,3.4071262,3.9057949,3.379634,4.2683363,3.7377136,4.4413233,3.6523156,3.3902593,3.7417333,3.8675027,3.8802428,3.4899874,3.4978464,3.898495,3.5344534,3.9867551,3.9555564,3.7651074,3.4382908,3.7519164,3.6070664,4.382411,4.057915,3.8382118,4.5462117,4.2874255,4.406417,4.0661597,4.093873,5.482282,5.468555,5.023765,5.456444,4.432372,4.197022,5.1193705,4.5521383,5.2068257,4.50756,5.0791497,5.076876,4.2242126,4.082309,4.1748796,4.2279305,4.169609,4.45814,4.1763544,4.290149,4.354373,4.3659453,4.219494,4.375163
21,3.1171641,2.560346,2.3632908,3.1399665,2.8582244,2.795788,3.332624,3.6969616,2.7256575,2.4894416,2.8203878,2.4165485,2.9011576,2.173011,2.2211447,2.7611868,1.6193728,1.5017854,1.4238423,1.614315,0.6123781,0.0,0.93315566,0.9238227,1.5865496,1.6282251,3.0069141,3.1662178,1.4052478,1.4297082,1.5308203,1.4540275,3.619717,3.5839713,1.7545799,2.8914568,4.6246862,4.1833453,3.9896145,3.515499,3.7317955,3.5796478,3.732564,4.104376,3.982304,3.867703,3.6091821,3.6368551,2.2265344,1.9659863,3.9300911,3.2080815,2.0995758,2.0967114,2.2460938,2.2306733,2.8356402,2.6806118,2.828936,2.7171447,1.8413618,2.5113897,2.6656423,2.9034083,3.195567,3.303549,3.1487257,3.6771402,4.2357864,4.2941213,3.16401,3.1490824,3.1158755,3.3133657,3.168781,3.1564753,3.659512,3.1253948,4.0258822,3.499705,4.2127786,3.4138513,3.1686175,3.4890568,3.675466,3.6891935,3.2645898,3.2789354,3.7086194,3.324639,3.776082,3.7531135,3.5636177,3.2588959,3.53476,3.3944192,4.079073,3.7897646,3.5418115,4.2140393,4.0272417,4.1569643,3.7750466,3.7841594,5.2052617,5.195579,4.7744823,5.1815705,4.150022,3.930395,4.853152,4.2529836,4.9483957,4.2635474,4.8623657,4.8581233,3.9476552,3.775306,3.928215,3.8991125,3.902627,4.2079024,3.9026608,4.0327406,4.0775237,4.0893307,3.9371977,4.0655937
22,2.9524598,2.309436,2.1083033,3.0788348,2.5584364,2.524278,3.3685622,3.779771,2.561134,2.9843333,2.6731424,2.1803539,2.7541022,2.0730033,1.928733,2.7005985,1.2471498,1.8257357,0.8298259,1.2451916,1.1073288,0.93315566,0.0,0.1172751,1.0083184,1.0503402,3.0909355,2.9511487,0.82882506,0.77752364,1.4184464,1.4635864,3.7551525,3.722833,2.020985,3.0253124,4.715788,4.2996154,4.1414747,3.6519372,3.912484,3.7685854,3.9124994,4.265076,4.1910224,4.1130753,3.7745686,3.8089561,2.4531145,2.194954,4.0768547,3.3839836,2.3993876,2.399642,2.5246642,2.5118568,3.2255576,3.0664358,3.2133017,3.101304,2.0771472,2.6986544,2.8103108,3.0410128,3.2227762,3.317341,3.2051318,3.537137,4.1425395,4.2054386,3.0014741,2.9808109,2.9539149,3.2132545,3.0251951,3.0155365,3.5429304,2.975536,4.0466695,3.3637745,4.1545386,3.3043864,3.0353577,3.4733932,3.6045704,3.6184583,3.244342,3.2407956,3.6536055,3.2650874,3.7475724,3.7159626,3.6541035,3.2195346,3.5558958,3.4108207,4.002054,3.7014928,3.6556258,4.2061033,4.0519967,4.0658965,3.85867,3.8482745,5.207228,5.222093,4.699299,5.176227,4.0679445,3.8176458,4.881091,4.2244477,4.905855,4.1802845,4.797254,4.7920246,3.9217,3.8080277,3.850035,3.998849,3.9016695,4.2869,3.9401498,3.9576893,3.989708,4.0088577,3.873649,4.0009847
23,2.8912287,2.2530384,2.0493488,3.0122852,2.5355306,2.464227,3.3085725,3.7307022,2.5192616,2.9567695,2.6428752,2.12797,2.6908903,2.0159638,1.8570112,2.6389148,1.2257324,1.8194784,0.8273694,1.2492247,1.1155795,0.9238227,0.1172751,0.0,1.0258234,1.0740311,3.0821426,2.936787,0.8183721,0.78914416,1.3776642,1.4264164,3.6911294,3.6622345,1.9431632,2.9433978,4.6916504,4.271147,4.0887256,3.6016464,3.8786185,3.7298071,3.8800752,4.2281356,4.131179,4.0520406,3.7392313,3.7770767,2.4089625,2.1828194,4.0813723,3.3900023,2.3752377,2.375917,2.4989228,2.4868023,3.1992612,3.0370147,3.1876523,3.0769353,2.1331027,2.7517889,2.7982707,3.031114,3.1948307,3.3039198,3.184014,3.5150583,4.0899386,4.1531425,2.9700115,2.9485426,2.9203312,3.1716409,2.9991949,2.9888494,3.5105772,2.9750574,3.9981658,3.333941,4.082619,3.250395,2.9794948,3.4131498,3.573888,3.5877163,3.1968076,3.1957035,3.6019602,3.2008307,3.703594,3.6722786,3.608311,3.1803598,3.51826,3.3709917,3.9338846,3.6277423,3.5902982,4.138105,3.9938145,4.006819,3.809149,3.7971292,5.134425,5.146558,4.65326,5.100563,3.9921865,3.7397785,4.797788,4.1441927,4.856139,4.122801,4.762848,4.7577186,3.8546681,3.7404695,3.7875004,3.9308083,3.8723607,4.2617645,3.8930876,3.9013252,3.9371226,3.958147,3.8525748,3.9463468
24,2.7864885,2.2179825,2.1698785,3.005644,2.506699,2.4873035,3.155603,3.6211839,2.2654881,3.2032032,2.5240333,1.9891095,2.5050812,2.058081,2.0104878,2.6890373,1.5730879,2.3065348,0.78820926,1.3792492,1.7346804,1.5865496,1.0083184,1.0258234,0.0,0.12586738,3.173556,2.8915405,0.5636841,0.42318478,1.3269413,1.3350705,3.880996,3.8539965,2.458648,3.2530334,4.600345,4.218127,4.1932592,3.6370237,3.8669977,3.7820468,3.8691413,4.134129,4.157837,4.10089,3.7395728,3.7666867,2.5787504,2.3018138,4.201886,3.4679823,2.5147192,2.5071414,2.6201036,2.607993,3.530069,3.389367,3.505105,3.4080043,2.2089345,2.620891,2.7684193,2.934364,3.5818803,3.6315894,3.483161,3.6955495,4.4099197,4.4650645,3.2770631,3.272325,3.1870902,3.4652398,3.2288973,3.221114,3.7491133,3.243113,4.105494,3.5378587,4.2257476,3.315977,3.0093625,3.4460044,3.583778,3.5906062,3.1051507,3.0997312,3.6932502,3.3187647,3.7562163,3.727135,3.4927018,3.0472782,3.4961898,3.358971,4.0410385,3.7675483,3.8232195,4.3196006,4.1898775,4.137193,3.9868562,3.9993494,5.35477,5.4034886,4.909194,5.330656,4.229677,3.9562795,5.143064,4.3882914,4.885872,4.2694373,4.62348,4.6140423,3.9292254,3.840429,3.9046822,4.108385,4.0522738,4.2536387,4.0257835,4.0266547,4.03027,4.027055,3.888429,4.021104
25,2.8567286,2.2647886,2.2344356,3.0871816,2.5118866,2.4986851,3.227527,3.6813078,2.275744,3.2198715,2.5374537,2.006029,2.5606947,2.0874574,2.065574,2.7408922,1.6273043,2.3554206,0.825994,1.4567807,1.7810978,1.6282251,1.0503402,1.0740311,0.12586738,0.0,3.1960487,2.906688,0.63125473,0.4780028,1.384151,1.3828721,3.898578,3.870863,2.49683,3.284665,4.624062,4.2322927,4.2072225,3.6517625,3.8730338,3.7981975,3.872869,4.1242347,4.1814036,4.132302,3.7458088,3.7699137,2.6061957,2.3157897,4.2036204,3.477954,2.5431063,2.5343835,2.6471155,2.634024,3.5705326,3.434378,3.5447483,3.4498622,2.2115166,2.5950274,2.7593315,2.9205117,3.6035075,3.6375446,3.4954183,3.7070503,4.4345427,4.4858875,3.2940822,3.2909017,3.2077217,3.4756474,3.242733,3.2356472,3.7696483,3.2498033,4.155188,3.5532722,4.275594,3.3673663,3.0646458,3.4939287,3.6138387,3.6192408,3.1556811,3.1588447,3.747062,3.3908913,3.8076713,3.780025,3.5585394,3.1071966,3.5366614,3.39632,4.0683923,3.8079467,3.849228,4.338821,4.215579,4.161315,4.007818,4.0285654,5.400257,5.453755,4.9377584,5.3767214,4.256407,3.977781,5.175157,4.4040704,4.9113193,4.304208,4.648901,4.638878,3.957207,3.8746293,3.93527,4.142722,4.065674,4.289872,4.0438833,4.053347,4.0517044,4.0448246,3.8966827,4.0399904
26,4.0589933,3.681124,3.554412,4.1484375,3.5635056,3.787525,4.1905813,4.766594,3.7399085,3.7691047,3.87942,3.677425,3.9854221,3.557865,3.5366783,3.8789177,3.503454,3.5772507,3.2820873,3.1995122,3.1502132,3.0069141,3.0909355,3.0821426,3.173556,3.1960487,0.0,1.2653836,3.119517,3.1789093,3.7583473,3.7431312,4.4690957,4.4157104,3.5493836,4.1534805,5.279205,5.1578455,5.0299034,4.5670824,4.609713,4.5047646,4.6245656,4.7107916,4.896164,4.7641926,4.5075994,4.535768,3.5757842,3.321414,4.797195,4.150437,3.4063082,3.3981586,3.4659135,3.4567819,4.1504965,4.0224867,4.14196,4.0127997,3.35821,3.6356003,3.7137136,3.6834903,3.6706524,4.1629133,4.0642037,4.1433053,4.791527,4.787842,3.75096,3.7823215,3.6945038,3.9053104,3.816796,3.7757103,3.9004703,4.1919155,4.3750787,3.8707814,4.930069,4.1855974,3.8954084,4.245267,4.260488,4.2766867,3.9962358,3.838572,4.283647,4.0627184,4.0835633,4.04008,4.2830215,3.9201787,3.6350698,4.146498,4.934628,4.7439103,4.6465816,5.2438025,4.752209,4.846145,4.7009625,4.7413044,5.924234,5.959095,5.6105714,5.8968077,5.123534,4.994024,4.250841,5.307197,5.4245,4.743439,4.751371,4.754335,4.695821,4.584521,4.6417,4.252087,4.8133364,4.9766083,4.8565507,4.8461227,4.9298244,4.942264,4.9122925,4.950041
27,3.9114606,3.5167854,3.437861,4.0525503,3.5678356,3.5697854,4.1607447,4.786758,3.5601156,4.220867,3.69529,3.424829,3.7809353,3.429149,3.329399,3.789621,3.2109358,3.7187412,2.9366734,3.0639133,3.2983909,3.1662178,2.9511487,2.936787,2.8915405,2.906688,1.2653836,0.0,2.8937938,2.925534,3.599067,3.6151338,4.717252,4.676678,3.6969447,4.2081265,5.226945,5.1003113,5.0003376,4.605832,4.780148,4.6802936,4.7915063,4.9689536,5.0113134,4.92064,4.672888,4.6989985,3.7706707,3.5892613,5.004152,4.4025207,3.6988251,3.6929007,3.7726352,3.769775,4.514023,4.3945866,4.504307,4.3948255,3.650067,3.9513862,3.928974,3.9390175,3.748914,4.2766037,4.1732683,4.003415,4.656353,4.6530485,3.5979936,3.6262147,3.5422983,3.7521362,3.709791,3.6658757,3.8049972,4.1182723,4.2879705,3.7456799,4.845797,4.090057,3.8765776,4.222819,4.3241167,4.330016,4.041823,3.9710808,4.371005,4.059089,4.2472644,4.2101893,4.4129086,3.9802036,3.884587,4.20974,4.6914396,4.494523,4.587528,4.97188,4.8160276,4.771303,4.7140102,4.738108,5.774317,5.81552,5.4417405,5.7314754,4.892914,4.725949,4.023854,5.0684857,5.273727,4.54792,4.623464,4.6246295,4.6599693,4.6147537,4.6123023,4.3656855,4.7378736,4.983916,4.7666793,4.6658783,4.745458,4.752837,4.7452326,4.748382
28,2.6529946,1.9845796,1.8363447,2.850004,2.3055563,2.2950494,3.1333141,3.5454893,2.137089,3.0520158,2.452406,1.8991089,2.3976796,1.8775367,1.7429818,2.4697416,1.4062285,2.1000175,0.8883185,1.2603083,1.5637594,1.4052478,0.82882506,0.8183721,0.5636841,0.63125473,3.119517,2.8937938,0.0,0.28728485,1.3464075,1.3674054,3.699032,3.6657572,2.2262902,2.9920263,4.5100465,4.1272373,4.0382752,3.5011785,3.7535174,3.6279247,3.7611153,4.0951495,4.0209336,3.96277,3.6202633,3.6633883,2.4073527,2.1142464,4.0724435,3.3625646,2.3411105,2.3389907,2.453185,2.4428685,3.237214,3.0826626,3.2151673,3.1010416,2.2512693,2.7964823,2.7220755,2.9275918,3.294722,3.3147519,3.182695,3.489931,4.158917,4.2162538,2.9964418,2.9842947,2.8843412,3.182061,2.940311,2.9351,3.4376283,3.0020204,3.9174552,3.2378428,3.9651198,3.017578,2.7266507,3.1657052,3.30732,3.3202143,2.9302862,2.8975399,3.4088001,3.0088649,3.4922132,3.461635,3.3601596,2.869622,3.2557123,3.121821,3.79947,3.487948,3.5483985,4.075165,3.9157116,3.8940606,3.741027,3.7347953,5.063937,5.0887184,4.6504264,5.040689,3.9457636,3.7111535,4.865049,4.14661,4.6662874,4.0398984,4.4931006,4.4862685,3.6850948,3.600881,3.6317623,3.8402643,3.8273816,4.123497,3.7887542,3.7444997,3.804206,3.8123667,3.7877712,3.8056483
29,2.79481,2.150326,2.0266974,3.0010998,2.4365547,2.4157088,3.2244742,3.6643035,2.2383337,3.143914,2.4903812,1.9792807,2.542677,2.0004833,1.879997,2.5980947,1.3278959,2.074005,0.79370934,1.2085627,1.5406498,1.4297082,0.77752364,0.78914416,0.42318478,0.4780028,3.1789093,2.925534,0.28728485,0.0,1.3675011,1.3822846,3.8034172,3.772421,2.2975614,3.1341639,4.5972223,4.2118325,4.1213217,3.6112475,3.8398917,3.721004,3.8423429,4.189993,4.1057177,4.0553026,3.712328,3.7477927,2.485359,2.2119958,4.129502,3.4292536,2.4335718,2.431194,2.5489666,2.537927,3.328804,3.1914186,3.3066466,3.2003472,2.1801784,2.735057,2.8253033,3.0337353,3.4164622,3.4300442,3.3069277,3.581224,4.237221,4.295195,3.1108868,3.0982687,3.0099428,3.2892525,3.0502863,3.0456948,3.5795548,3.0543258,4.0459676,3.368227,4.1047783,3.213183,2.9152699,3.3540695,3.4549263,3.4643714,3.0616782,3.0429566,3.583447,3.1983068,3.6514626,3.6208136,3.4831126,3.0197172,3.4222105,3.2894335,3.9330778,3.6467574,3.7024364,4.206192,4.0402007,4.0013847,3.8538039,3.8582466,5.234228,5.2625003,4.760618,5.2134776,4.076994,3.8119645,5.0092816,4.2398205,4.802005,4.160867,4.6074276,4.6004634,3.8041368,3.7237444,3.7546375,3.9851754,3.892688,4.192358,3.8965015,3.860963,3.909637,3.9173722,3.8093235,3.915507
30,2.6993704,2.4114907,2.2506573,2.621691,3.0119913,2.5543764,2.703199,3.248269,2.3598938,2.9611237,2.6016157,2.0647275,2.392022,1.9400289,1.8756313,2.5361774,1.8232727,2.4233522,1.2730377,1.7952434,1.8106608,1.5308203,1.4184464,1.3776642,1.3269413,1.384151,3.7583473,3.599067,1.3464075,1.3675011,0.0,0.41379845,3.773176,3.7634423,1.916059,2.9938252,4.7675786,4.3486214,4.0574174,3.7004778,4.0144696,3.9063048,4.0385246,4.267085,4.0094104,3.9030669,3.8699656,3.903447,2.4467611,2.488673,4.257413,3.526266,2.5641532,2.560847,2.6748443,2.6616762,3.5499463,3.3476532,3.5383506,3.4507313,2.377301,2.7981348,2.8159802,3.024182,3.6319158,3.7167199,3.4952164,3.7665033,4.2425094,4.3225493,3.436821,3.421747,3.3074021,3.474578,3.3627906,3.354972,3.8945363,3.2424788,3.8290706,3.7265103,3.9625077,3.3373165,3.1094055,3.3973672,3.8504663,3.8583295,3.0827873,3.167292,3.6921265,3.1889024,3.8486676,3.8375704,3.2898562,3.1041043,3.8074772,3.4822123,3.929676,3.7052104,3.7067964,4.1387463,4.2435656,4.2535086,3.9731047,3.9215636,5.0591145,5.0557804,4.765911,5.00666,4.0654235,3.7968106,5.1732755,4.125895,4.8287787,4.2199197,4.852753,4.8438344,3.9450374,3.7677207,3.997618,4.0726724,4.1533914,4.247542,4.0556407,4.1430783,4.074538,4.0921288,3.921956,4.0100236
31,2.8637764,2.50484,2.39986,2.8049707,3.088836,2.6983597,2.8251734,3.2868564,2.4431505,2.9547522,2.682713,2.1696506,2.4265301,2.0629072,2.0832477,2.5652015,1.7829692,2.2556505,1.2948432,1.8440522,1.7217603,1.4540275,1.4635864,1.4264164,1.3350705,1.3828721,3.7431312,3.6151338,1.3674054,1.3822846,0.41379845,0.0,3.8038805,3.7931857,1.945496,3.0192041,4.757823,4.302105,4.0579243,3.656794,3.9612675,3.8570094,3.9799926,4.224654,3.9986212,3.9018018,3.8314762,3.8659513,2.4761057,2.4541895,4.248968,3.5465655,2.5330734,2.5276947,2.6592588,2.6452389,3.4399433,3.2645576,3.42821,3.3455427,2.3106804,2.7346067,2.8130195,3.0388334,3.7840202,3.8394465,3.6242976,3.9749405,4.43578,4.5067964,3.5977752,3.5849478,3.4788477,3.612448,3.5208786,3.513627,4.0537343,3.3968983,4.024952,3.8720837,4.0826263,3.41032,3.1830451,3.4275064,3.876233,3.8809314,3.142288,3.2444928,3.8219798,3.334444,3.9363544,3.9310658,3.2906818,3.161074,3.857453,3.5262105,4.0039697,3.7578251,3.7058384,4.10896,4.295845,4.3166556,3.9752822,3.9475594,5.145916,5.1342373,4.820181,5.109672,4.120896,3.8424525,5.1816454,4.129554,4.9394855,4.351684,4.9429927,4.9336195,3.9700465,3.7911544,4.061617,4.1046414,4.1300845,4.2507133,4.0428896,4.1167293,4.1151133,4.118257,3.90551,4.0282884
