,0,1,2,3,4,5,6,7,8,9,10,11,12,13,14,15,16,17,18,19,20,21,22,23,24,25,26,27,28,29,30,31,32,33,34,35,36,37,38,39,40,41,42,43,44,45,46,47,48,49,50,51,52,53,54,55,56,57,58,59,60,61,62,63,64,65,66,67,68,69,70,71,72,73,74,75,76,77,78,79,80,81,82,83,84,85,86,87,88,89,90,91,92,93,94,95,96,97,98,99,100,101,102,103,104,105,106,107,108,109,110,111,112,113,114,115,116,117,118,119,120,121,122,123,124,125,126,127
0,0.0,0.28458616,1.6467746,1.6599885,1.4967674,1.5114776,2.177089,1.5046811,4.383222,1.7318089,3.1568527,2.9270284,1.6827492,1.4943004,2.2284532,2.1534624,2.5221028,2.596786,1.9995797,2.1633267,2.196744,2.085691,2.2704139,3.0385683,2.225244,2.11868,3.4691722,2.705231,2.734923,2.4441595,3.2496123,3.146184,3.1883087,2.302088,3.5718415,3.1126328,1.7427946,2.2196138,2.6813588,2.5923543,3.3474286,2.3882592,2.6640825,2.8870878,2.1619344,2.3115892,2.9249468,2.7380319,2.3851619,2.4403737,2.749502,2.7152085,3.714035,3.0911474,3.0695095,2.8852172,2.7657638,2.9439073,3.2371893,2.6417432,2.8836987,2.766779,2.8662477,2.8301504,3.7192178,3.6945121,3.5721247,3.8050883,3.2601757,3.5339656,3.7040405,3.5966637,4.856236,3.86405,4.049695,4.433255,3.2028143,3.6149006,3.969582,3.8435967,3.3567085,3.4274418,3.433787,3.6453388,2.9017076,2.8927205,3.4879286,3.4378498,4.190934,4.1989436,4.0859103,4.010608,3.6645432,3.7436867,3.7504165,4.2120714,3.414385,3.078327,2.5155737,2.9227817,3.5094547,3.782225,3.8334107,3.968798,3.2642207,3.3001907,4.161872,3.8941393,4.246374,4.5208898,3.82074,3.8517852,3.9388762,3.6890934,4.634983,3.5338857,3.4111097,3.4703383,3.742701,3.6149602,3.3975189,3.5077956,3.597733,4.152578,4.0466166,3.7777321,4.1011486,3.7786164
1,0.28458616,0.0,1.6489413,1.6641153,1.4688778,1.4687297,2.0650842,1.4956245,4.322071,1.7480412,3.148864,2.9176674,1.6817786,1.4723904,2.2025175,2.033326,2.501617,2.576404,2.0064,2.1667519,2.2041385,2.0915337,2.2381346,3.0323975,2.238965,2.1281314,3.462963,2.690556,2.649976,2.33805,3.1599267,3.0515852,3.1072633,2.2118204,3.494789,3.0418184,1.7875748,2.2607782,2.601718,2.520822,3.2858925,2.3008628,2.631927,2.8070319,2.068471,2.2210875,2.847427,2.6562076,2.2787433,2.3334343,2.6888418,2.6301124,3.6372352,3.0017858,2.9765604,2.786551,2.6811738,2.8676875,3.168676,2.568592,2.8033998,2.6856265,2.8566267,2.8155575,3.691165,3.6127894,3.511233,3.751198,3.2546108,3.4974287,3.6380987,3.5266068,4.850029,3.8482306,4.0051074,4.386797,3.1232216,3.5476003,3.9060953,3.7713158,3.279075,3.346039,3.4122994,3.5940092,2.8746815,2.8651671,3.4760866,3.426089,4.180133,4.190455,4.0720844,3.9956353,3.5961115,3.653111,3.7500474,4.1942577,3.4013453,3.005452,2.4291885,2.7827814,3.4758708,3.724229,3.7439134,3.8848412,3.1918395,3.2488346,4.0988717,3.860265,4.20005,4.4753847,3.738667,3.7692416,3.9204473,3.6658494,4.555127,3.469458,3.3994343,3.45798,3.693437,3.5738604,3.404241,3.4366255,3.5935898,4.0707693,3.9783664,3.712237,4.034864,3.7145846
2,1.6467746,1.6489413,0.0,0.06977798,2.0646486,1.9198306,2.608293,2.0453136,4.1278324,1.3535552,2.6397107,2.422472,0.8104298,0.7617009,1.9478934,1.7906356,2.2292643,2.2816777,1.8387214,2.0231001,1.8472273,1.8238454,1.7441857,2.7399888,1.5452886,1.5722297,3.2288942,2.4147575,2.515001,2.6364245,3.3253462,2.8916066,3.0006695,1.7655052,3.454614,2.8279016,1.0336624,1.7621528,2.297163,2.3401954,3.2032194,1.8127694,2.1381185,2.4565153,2.060792,1.9118862,2.4230893,2.481467,2.5701337,2.4787292,2.8404095,2.5821228,3.7298946,3.0852814,3.0781782,2.8975413,2.4101758,2.579472,3.0238793,2.2806442,2.4941025,2.3190055,2.6025248,2.6232324,3.532005,3.792455,3.2728684,3.5433826,3.025978,3.3984838,3.5751088,3.4204528,4.699434,3.8972871,3.7723,4.24789,2.9402251,3.336066,3.6707437,3.6448228,3.3096066,3.3499646,3.381019,3.5661902,2.411313,2.4510167,3.3097923,3.2929287,3.8013082,3.801637,3.9701593,3.5915215,3.2968075,3.23565,3.2819452,3.8113558,3.3415806,3.0933921,1.6909549,2.6103776,3.2361488,3.5975664,3.3488266,3.5076694,2.958458,2.9643223,4.0680075,3.8516726,3.8551953,4.102384,3.9308805,4.0437007,3.8659139,3.8227122,4.196506,3.2707212,3.143195,3.2060437,3.6478941,3.4125116,3.174895,3.2730303,3.297758,3.517845,3.9308875,3.823983,3.7958722,3.5475643
3,1.6599885,1.6641153,0.06977798,0.0,2.101895,1.9583191,2.6434236,2.085879,4.1424956,1.3686174,2.6473022,2.4287314,0.83255935,0.7887848,1.983869,1.8253659,2.2590992,2.3112009,1.8408078,2.0213652,1.8391757,1.8307651,1.755752,2.7463825,1.5451361,1.5783932,3.2482147,2.4402616,2.5328355,2.6695592,3.35294,2.9168897,3.0229776,1.7788883,3.48123,2.8389678,1.0538648,1.7750391,2.312439,2.356548,3.2267084,1.8241011,2.1532948,2.4718103,2.0739686,1.9224081,2.437375,2.492188,2.5943253,2.5068412,2.8515897,2.5929377,3.75632,3.1088881,3.1028397,2.9261887,2.4276757,2.5948424,3.0334184,2.2837038,2.5077758,2.3331676,2.619179,2.6527863,3.5677216,3.8280644,3.3073308,3.5649173,3.0561461,3.4338741,3.6078343,3.4519331,4.7264123,3.9276907,3.788929,4.2717924,2.9750957,3.3649538,3.694539,3.676904,3.3479035,3.3864546,3.4158225,3.6036353,2.4455512,2.490324,3.3530462,3.337314,3.829118,3.8293622,4.0031824,3.6211765,3.3129835,3.2573044,3.3072026,3.840904,3.365449,3.125039,1.7075799,2.6306942,3.2739263,3.626807,3.373455,3.527963,2.9871123,2.989017,4.1013327,3.8805742,3.8630764,4.11096,3.9697757,4.0819545,3.9034405,3.8662784,4.223233,3.2924945,3.1713595,3.231557,3.6861556,3.439393,3.205199,3.301869,3.3270972,3.537058,3.9649193,3.8544052,3.831509,3.5721114
4,1.4967674,1.4688778,2.0646486,2.101895,0.0,0.46961695,1.1203159,0.24485911,4.119574,1.8995259,3.3292327,3.1463246,1.8296144,1.7286093,1.4828256,1.5228184,2.0611868,2.1203623,2.401467,2.33848,2.5869105,2.4106648,2.2267978,2.7045424,2.422899,2.2855392,3.1396096,2.1328201,2.3440409,1.8929422,2.3953893,2.2595341,2.667599,2.3152301,2.7597008,2.8793848,1.9664928,2.2782168,2.467623,2.3530085,2.6554844,2.3692067,2.6198618,2.5350041,2.324154,2.4241266,2.5963323,2.4410944,1.8516078,1.7705128,2.4591973,2.4699032,2.9350624,2.13887,2.1113317,1.9388684,2.352991,2.5784335,3.0026784,2.6954181,2.569303,2.4707398,2.5972712,2.3252351,3.3199959,3.225751,3.1356719,3.956936,3.4541874,3.3053102,3.58385,3.467937,4.48665,3.422321,3.727272,3.9746966,2.6037345,3.3130133,3.8812428,3.6109803,3.0161276,3.0683444,3.1242435,3.3147218,2.4041982,2.4037368,2.990149,2.9423692,3.9625394,3.972721,3.89194,3.7535012,3.7730393,3.712871,3.5717235,4.030262,3.315655,3.1100209,2.4635482,2.5735145,3.0743425,3.4055467,3.662814,3.79156,3.2090356,3.245802,3.597688,3.675332,3.9790783,4.255951,3.1460474,3.1557977,3.3397777,3.0497975,4.208747,3.5175653,3.3282592,3.371665,3.0588245,3.401959,3.1920784,3.290131,3.3601224,4.0453525,3.4755375,3.6392548,3.5532527,3.5841994
5,1.5114776,1.4687297,1.9198306,1.9583191,0.46961695,0.0,1.2496357,0.50796056,4.085738,1.8540446,3.2374504,3.048157,1.6613325,1.5520922,1.3843877,1.4323467,1.982431,2.0481222,2.289345,2.233893,2.4697351,2.289311,2.107532,2.6406302,2.314817,2.16619,3.1160908,2.087269,2.298959,1.821059,2.3750875,2.2365513,2.6462405,2.2207348,2.7603242,2.8251119,1.818144,2.1679792,2.389445,2.377987,2.762171,2.2881234,2.552915,2.477158,2.2291431,2.3187256,2.5361562,2.3751104,1.8384978,1.756955,2.5809364,2.410063,2.9511194,2.1466274,2.1138697,1.9398892,2.282948,2.511375,2.9617999,2.6088557,2.4806166,2.3943691,2.5099347,2.2681239,3.269565,3.1948292,3.12636,3.8794882,3.3899217,3.2709131,3.5292027,3.4073775,4.495189,3.4232917,3.7225504,3.9922395,2.5846922,3.2847097,3.8246782,3.57242,2.9927728,3.0447316,3.0867057,3.2612872,2.3473742,2.344777,3.0683713,3.014674,3.9238214,3.930389,3.8479748,3.7104962,3.7253406,3.6576889,3.5145566,3.9677846,3.2717526,3.0483825,2.4009671,2.5318272,3.0420396,3.3814096,3.4178166,3.561515,3.1455755,3.1802487,3.5916378,3.6315036,3.9707208,4.243279,3.1391108,3.2347212,3.314013,3.0221918,4.0202136,3.4504433,3.2477522,3.2899704,3.0334387,3.338218,3.1239707,3.237328,3.3144722,3.8045542,3.4552166,3.5866053,3.5293207,3.5331137
6,2.177089,2.0650842,2.608293,2.6434236,1.1203159,1.2496357,0.0,1.1852676,4.051203,2.5103967,3.6986115,3.5261142,2.442289,2.3089244,1.9294711,1.8718317,2.5870538,2.6762376,2.9131048,2.7006989,3.1144118,2.937349,2.616974,2.5752587,2.950777,2.8367338,3.5347197,2.7003002,2.5497518,2.077463,2.1582117,2.0446901,2.798249,2.4845023,2.502419,2.6831906,2.4609642,2.7606306,2.2734041,2.151024,2.4687052,2.552504,2.885097,2.305912,2.4826841,2.5256402,2.3505573,2.187439,2.0720873,1.9939075,2.0773869,2.094056,2.6613042,1.7938323,1.7594739,1.6734054,1.9443028,2.231667,2.7249835,2.381734,2.31305,2.1856616,2.6086304,2.6842227,3.2182143,2.9739764,3.0404537,3.749661,3.5955908,3.117612,3.3177981,3.2026167,4.289575,3.1789412,3.4041083,3.6604185,2.387918,3.105998,3.7317424,3.6493971,3.057565,3.1077325,3.3462074,3.4857397,2.7157862,2.678702,3.1608937,3.107384,3.8703988,3.8860013,3.7796047,3.6344788,3.5513012,3.4141223,3.5458877,4.026446,3.2114782,3.1088452,2.6127994,2.1528447,2.939031,3.204428,3.7219212,3.8365302,3.2464156,3.345695,3.3400984,3.4861186,3.7913437,4.0882406,2.8712656,2.8332124,3.2537458,2.9242592,4.011332,3.2715096,3.2039573,3.2554889,2.8263156,3.2024047,3.1323228,2.9875557,3.262376,3.808109,3.2453992,3.3801024,3.3479445,3.3255475
7,1.5046811,1.4956245,2.0453136,2.085879,0.24485911,0.50796056,1.1852676,0.0,4.163428,1.8898648,3.3518734,3.1689274,1.8194493,1.6975771,1.4128572,1.5244794,2.036399,2.1040597,2.3784702,2.3491092,2.5882945,2.3810549,2.230146,2.6973553,2.409898,2.272492,3.0830712,2.1053762,2.3400185,1.9263203,2.4050264,2.2845912,2.6461692,2.3240678,2.7368195,2.8742268,1.9270585,2.2485695,2.4823585,2.3756015,2.6445003,2.3898165,2.592685,2.5657368,2.3156664,2.4352443,2.615595,2.4738584,1.8718402,1.7964044,2.5135467,2.511356,2.9179323,2.180375,2.1532974,1.9731942,2.3784692,2.600881,3.0025034,2.707687,2.6036742,2.4950397,2.562113,2.259473,3.2513225,3.1639657,3.0581632,3.9198306,3.3837035,3.240113,3.5163465,3.4232817,4.3808947,3.3301427,3.667364,3.8920643,2.5565484,3.258839,3.8486753,3.568633,2.9394834,3.0045407,3.0363019,3.2551801,2.35319,2.3269057,2.8887813,2.8397508,3.900444,3.9085305,3.8354177,3.6877606,3.7312057,3.6834896,3.5030358,3.981197,3.2466934,3.0758917,2.47945,2.6187768,2.9897637,3.3525596,3.6164625,3.741703,3.165048,3.200992,3.5481045,3.6322548,3.9231741,4.2103353,3.1121962,3.1341615,3.25373,2.9658043,4.145554,3.4781497,3.2619896,3.3053176,2.9835813,3.3447275,3.1111646,3.2437625,3.2890582,3.9994698,3.4200768,3.6089349,3.4975984,3.5481873
8,4.383222,4.322071,4.1278324,4.1424956,4.119574,4.085738,4.051203,4.163428,0.0,3.8373127,2.3159077,2.3839293,4.0281816,4.046923,3.8274417,3.8223517,3.5854156,3.6144278,3.9517484,3.7498693,3.907377,3.864641,3.6754572,3.74432,4.1455154,4.131255,4.498253,4.038425,3.829414,3.762114,3.8845348,3.7690504,4.0039325,3.6705067,3.9209828,3.783976,3.7892697,3.7384365,3.494968,3.5576649,4.0009375,3.869359,3.758628,3.411028,3.707665,3.641736,3.5361872,3.57372,3.6440442,3.5990732,3.6684058,3.4413168,4.003658,3.5525353,3.5757425,3.5064664,3.4153757,3.4479249,3.6888566,3.6775062,3.5180857,3.4804165,3.813445,3.9996593,3.512903,3.3505745,3.6867046,3.695068,3.787268,3.5950174,3.631852,3.4335475,4.544922,3.8151803,3.6639903,4.0932794,2.9936247,3.284969,3.5150282,3.8728786,3.3862467,3.4523451,3.5315843,3.7354004,3.1528533,3.1593251,3.781692,3.7595685,2.8547955,2.9099097,3.0856388,2.8723516,3.6988473,3.3385491,3.2343247,3.1631274,3.2948308,3.2913353,2.868866,2.6869917,3.2205963,3.1361728,3.5361333,3.6242044,3.2251272,3.2454956,3.359823,3.3852928,4.6360073,3.8269622,3.6710997,3.7781327,3.4308183,3.582277,4.118594,3.350082,3.3615508,3.36857,3.3952732,3.1986904,3.32026,3.208235,3.2576907,3.577071,3.3194304,3.4452817,3.3431456,3.1860087
9,1.7318089,1.7480412,1.3535552,1.3686174,1.8995259,1.8540446,2.5103967,1.8898648,3.8373127,0.0,2.8750076,2.6804836,1.3156941,1.2502472,1.9592553,1.833159,1.3232458,1.4154721,0.9006535,1.1926856,1.1108923,0.95969975,0.7868305,2.2314909,0.7364833,0.66380787,2.694216,1.5747327,1.7977924,1.8794858,2.5675266,2.282465,2.3794093,1.0846694,2.8904223,2.3981833,1.0144186,0.826727,1.7748312,1.742289,2.620556,1.1962787,1.5736288,1.990799,1.3160115,1.2584643,2.0176435,1.9259465,1.8074435,1.6892891,2.3035817,2.1833634,3.2543592,2.4754024,2.4695723,2.2502983,2.1435344,2.144547,2.7109935,2.4257627,2.034857,1.97211,2.0888724,1.9190909,3.4908602,3.5823665,2.9617684,3.648437,3.0852344,3.3847895,3.5980022,3.451618,4.6092067,3.7732363,3.7534506,4.1610227,2.8623867,3.315036,3.4740176,3.5838625,3.0818617,3.1330054,3.123568,3.3753376,2.2956324,2.3456228,3.131599,3.1171956,3.5806873,3.5908756,3.7365913,3.6115956,3.2126207,3.3763003,3.0617046,3.615171,3.2324135,2.9883327,1.7925195,2.5117126,3.1170313,3.1315942,3.3725586,3.5198944,2.8811593,2.8657932,3.4714458,3.3686893,3.5313768,3.7815933,3.7052677,3.7583573,3.3461635,3.5441825,4.299548,3.2618244,3.1553042,3.1666765,3.4045455,3.0744312,3.0936294,3.2125876,2.9824023,3.725196,3.3773868,3.3886793,3.3839417,3.1592748
10,3.1568527,3.148864,2.6397107,2.6473022,3.3292327,3.2374504,3.6986115,3.3518734,2.3159077,2.8750076,0.0,0.29251388,2.6029873,2.6533644,3.0217571,2.972452,3.075078,3.103724,3.1766775,3.2052255,3.1156676,3.1063395,3.0482109,3.6704092,3.2229922,3.2166378,4.111716,3.5431209,3.6687527,3.5908923,4.076069,3.9057078,3.8865507,3.116755,4.2302885,3.7435782,2.5795977,2.9761589,3.3638299,3.4177866,4.1812162,3.3228614,3.2692468,3.4152,3.2890885,3.1280985,3.5295587,3.5404255,3.4886909,3.4067228,3.7078826,3.4436386,4.3531013,3.8472447,3.8588245,3.7058148,3.3602812,3.4946256,3.8963945,3.3575387,3.4916732,3.3982966,3.6024604,3.6662037,3.5119507,3.6426396,3.7293544,3.4920175,3.1293309,3.5226958,3.6203163,3.4201047,4.772991,4.071665,3.94661,4.4646363,3.140494,3.3840513,3.7160175,3.7225037,3.2437422,3.278164,3.2478688,3.4164126,2.6785045,2.6919353,3.4793358,3.4623287,3.2732303,3.3004067,3.4857395,3.0136821,3.6685717,3.2479208,3.2925189,3.3392274,3.2079167,2.8834198,2.1409602,2.7088442,3.207109,3.5483177,3.177597,3.2923117,2.7491705,2.7284098,4.0506864,3.8228374,4.6280327,4.131849,3.9504478,4.1085706,3.8357067,3.7382033,4.2467923,3.188213,3.1222894,3.110698,3.617875,3.3908348,3.0607998,3.18507,3.3322735,3.456806,3.9209116,3.7858994,3.8607938,3.5056524
11,2.9270284,2.9176674,2.422472,2.4287314,3.1463246,3.048157,3.5261142,3.1689274,2.3839293,2.6804836,0.29251388,0.0,2.430406,2.4532008,2.8743584,2.813536,2.9366837,2.96802,2.9760795,3.010703,2.923624,2.9155712,2.870072,3.5169818,3.0421023,3.0344226,3.9980514,3.3996177,3.4979281,3.4349089,3.942081,3.7624874,3.760491,2.938554,4.1101985,3.5970101,2.38367,2.8013318,3.1947253,3.2511737,4.0458603,3.1377034,3.1124156,3.2531855,3.0946543,2.9471097,3.3629053,3.3616633,3.3095949,3.2383597,3.5371747,3.2628787,4.232058,3.695369,3.7055905,3.5511506,3.1956086,3.3373032,3.7330005,3.162775,3.3361847,3.2276466,3.452648,3.5306318,3.5025742,3.6122952,3.675613,3.462904,3.1042798,3.4919107,3.5724673,3.3821628,4.7664013,4.009291,3.8874443,4.413294,3.0527003,3.3479745,3.6851826,3.7100635,3.2175243,3.264912,3.2382855,3.425232,2.5955524,2.6170526,3.4642959,3.444807,3.2999656,3.325477,3.4990723,3.044392,3.603709,3.2203393,3.2730272,3.3716967,3.1725867,2.8702204,1.9918392,2.5900958,3.1914804,3.527207,3.1703577,3.290755,2.7518961,2.7377958,4.03035,3.7962456,4.5346184,4.086204,3.9036262,4.0643373,3.8195379,3.72504,4.2231116,3.1631532,3.0922322,3.089237,3.598637,3.357846,3.0429037,3.1609147,3.3078537,3.4292324,3.8984246,3.7535484,3.8419998,3.4786382
12,1.6827492,1.6817786,0.8104298,0.83255935,1.8296144,1.6613325,2.442289,1.8194493,4.0281816,1.3156941,2.6029873,2.430406,0.0,0.5101278,1.6600884,1.495217,1.9616728,2.040478,1.8161997,1.9205167,1.8194598,1.7784635,1.6811432,2.690046,1.5473796,1.5236171,3.1132402,2.178288,2.4192061,2.4266117,3.0304463,2.726428,2.810439,1.7531348,3.2660825,2.7918925,1.0228151,1.7079636,2.295488,2.3603544,3.1584318,1.9260391,2.2288718,2.5098464,2.0224464,1.9009508,2.5040221,2.4796343,2.3745272,2.26498,2.852918,2.5785139,3.5714164,2.885785,2.877993,2.691868,2.3941581,2.5647256,3.1060944,2.4620366,2.4233136,2.3675158,2.53211,2.4445257,3.2891018,3.4555497,3.0732236,3.519296,2.878563,3.2052124,3.5249977,3.3314996,4.4057307,3.687941,3.6085055,4.067283,2.8247569,3.1378565,3.5563786,3.404834,2.9438593,2.948638,2.9679406,3.1571634,2.2911706,2.3000531,3.042206,3.0230043,3.648578,3.6536865,3.804264,3.438713,3.228201,3.1537285,3.1165183,3.664899,3.0659578,2.7532346,1.841081,2.5568721,2.9353704,3.2768745,2.9759107,3.1377504,2.6212885,2.5972013,3.74269,3.6073635,3.7776468,4.025505,3.6976411,3.7922978,3.4912717,3.417725,3.9950728,3.0338216,2.9542828,2.9438224,3.2691314,3.1461408,2.8930516,3.0152848,3.063303,3.3423843,3.5867212,3.5810108,3.5523574,3.2974532
13,1.4943004,1.4723904,0.7617009,0.7887848,1.7286093,1.5520922,2.3089244,1.6975771,4.046923,1.2502472,2.6533644,2.4532008,0.5101278,0.0,1.6113058,1.4174683,1.9490572,2.04904,1.6978278,1.8589418,1.819611,1.7181972,1.6362361,2.627588,1.5647777,1.5018165,3.071085,2.1834607,2.3686593,2.3867784,2.8614118,2.677941,2.7190874,1.6684569,3.177038,2.6729295,0.9150029,1.6541706,2.2034407,2.2628841,3.0959182,1.8562672,2.1602867,2.4504735,1.8610429,1.7637148,2.4734685,2.3538303,2.2326598,2.1363783,2.727216,2.4423892,3.4572797,2.7862759,2.7744284,2.587775,2.3108141,2.485686,3.0337994,2.382006,2.4037597,2.3145626,2.4413812,2.3874798,3.4037051,3.4319677,3.1125522,3.5520375,2.9922266,3.2927842,3.5009134,3.3590317,4.511661,3.743785,3.674122,4.0974708,2.8229306,3.210136,3.6151516,3.514089,2.9388077,2.9653397,3.0100505,3.1997814,2.3585746,2.356492,3.1431887,3.1243393,3.741772,3.7466257,3.893349,3.534149,3.273362,3.2113106,3.236476,3.7639327,3.0779243,2.8059144,1.8601245,2.4271963,3.0008724,3.29789,3.0138693,3.160361,2.6601515,2.6588447,3.7527628,3.6607203,3.6632414,3.933294,3.640829,3.7568643,3.5236857,3.4609842,4.0359335,3.034176,3.0091567,2.9612508,3.2737808,3.1418967,2.9233398,3.0046086,3.130583,3.3706834,3.5917976,3.5821483,3.6166217,3.2968247
14,2.2284532,2.2025175,1.9478934,1.983869,1.4828256,1.3843877,1.9294711,1.4128572,3.8274417,1.9592553,3.0217571,2.8743584,1.6600884,1.6113058,0.0,1.1895577,1.9858022,2.024776,2.3808355,2.3428555,2.457216,2.2973027,2.0958624,2.715402,2.297977,2.2105446,2.206775,1.8876437,2.1390026,2.2443027,2.4255621,2.154479,1.8727461,2.2219791,2.1314626,2.3637779,1.9108832,2.208921,2.460782,2.4859457,2.2213953,2.3429954,2.071945,2.5656314,2.3159435,2.394948,2.5389388,2.508745,1.9235586,1.8063279,2.8596554,2.6535163,2.2928312,2.205281,2.202177,2.0370615,2.3738792,2.583485,2.5911865,2.7249572,2.5631747,2.4682598,2.128264,1.5970309,2.857832,2.8820043,2.6928267,3.7308307,3.1058335,2.964003,3.4087737,3.2938917,4.019877,3.1718252,3.260907,3.2507966,2.1174169,2.842599,3.5353422,3.186383,2.5042572,2.551366,2.5717254,2.831389,1.7982455,1.7798803,2.5666003,2.5493388,3.4246576,3.4187605,3.5919724,3.182841,3.4601994,3.319887,3.0365853,3.606303,2.9575262,2.9301913,2.0452733,2.3931823,2.5906732,2.9917755,2.9453917,3.0879588,2.749048,2.7377892,3.2558656,3.5259364,3.213015,3.375469,2.5663745,2.6974764,2.9244108,2.8339272,3.43156,3.1463544,3.0276372,3.0000343,2.6049488,3.0509129,2.821332,2.951775,3.0040736,3.451729,3.0628717,3.581208,3.0955079,3.2706351
15,2.1534624,2.033326,1.7906356,1.8253659,1.5228184,1.4323467,1.8718317,1.5244794,3.8223517,1.833159,2.972452,2.813536,1.495217,1.4174683,1.1895577,0.0,1.7046711,1.7298504,2.2867074,2.350705,2.333473,2.2116466,1.9530146,2.904382,2.1723385,2.1007128,2.846909,1.7271243,1.826629,1.9393656,2.3686616,2.0073411,2.1794193,1.9056203,2.5906312,2.760509,1.9912759,2.284816,2.3952038,2.408959,2.6034756,2.0488207,2.3855066,2.4754488,2.0883393,2.1647325,2.4776256,2.4520335,1.5882722,1.4316986,2.8363094,2.6347334,2.9033272,2.1470478,2.1334848,1.921298,2.3840678,2.5896182,2.9774094,2.7289875,2.5263042,2.4314373,2.716209,2.1598418,3.2008038,2.9561398,2.693229,3.8896384,3.3695009,3.3053935,3.477168,3.367662,4.2057757,3.4020054,3.3404062,3.6042175,2.2196794,2.9065707,3.609889,3.1467576,2.4483728,2.4778752,2.7063777,2.9010758,1.8947382,1.8979954,2.6698313,2.6741283,3.7426124,3.760129,3.9221997,3.5155818,3.4460611,3.2761118,3.3384466,3.8205214,3.2201848,2.8931108,1.8641608,2.2741532,2.807549,3.0694342,2.8811426,3.04307,2.6769161,2.7135546,3.356156,3.7055347,3.686827,3.8771527,3.1852229,3.2530198,3.206199,3.1439328,3.6094804,3.2730322,3.2997465,3.2680407,2.8371696,3.233229,3.1715631,3.049111,3.2805958,3.5220683,3.139337,3.6759915,3.1639085,3.3544335
16,2.5221028,2.501617,2.2292643,2.2590992,2.0611868,1.982431,2.5870538,2.036399,3.5854156,1.3232458,3.075078,2.9366837,1.9616728,1.9490572,1.9858022,1.7046711,0.0,0.26755196,1.5432985,1.6878438,1.6507876,1.4286454,1.1755452,2.4237702,1.5325704,1.4200475,2.7487245,0.783198,1.3571936,1.4229982,2.071837,1.7691776,2.2219186,1.5402141,2.6409836,2.790448,1.8627107,1.3833189,2.085831,2.130975,2.6147423,1.6657885,2.069407,2.1345944,1.6673524,1.7988183,2.2163537,2.1628022,1.364077,1.1721889,2.7344112,2.537063,3.143879,2.0487823,2.0454528,1.7980114,2.3961966,2.3573513,3.0032387,2.9585524,2.2586493,2.2774098,2.4660916,1.805546,3.3114603,3.1591134,2.5828686,3.9925556,3.4475703,3.4910543,3.616267,3.5050492,4.3196135,3.5259354,3.6293244,4.003545,2.5443826,3.1608076,3.430887,3.3074343,2.6757853,2.7295573,2.7137847,2.988617,1.9584566,1.963494,2.764209,2.7613258,3.4534352,3.4732735,3.642446,3.5507092,3.4423583,3.5661294,3.0266612,3.454703,3.259683,3.037246,2.1320155,2.678664,2.897178,2.7990224,3.043599,3.1889105,2.8728905,2.8415995,2.9462092,3.2376194,3.78307,3.9040048,3.590293,3.6869428,2.7990723,3.1290576,3.8409483,3.4748404,3.2982895,3.2713702,2.9624293,3.0031838,3.123317,3.250027,2.9369233,3.6995242,2.811137,3.35318,2.882369,3.110534
17,2.596786,2.576404,2.2816777,2.3112009,2.1203623,2.0481222,2.6762376,2.1040597,3.6144278,1.4154721,3.103724,2.96802,2.040478,2.04904,2.024776,1.7298504,0.26755196,0.0,1.6627078,1.8173484,1.7084993,1.5229357,1.2829976,2.5998151,1.6087123,1.5103252,2.7428157,0.6891104,1.3544443,1.4804853,2.2056735,1.8193375,2.2514575,1.6633894,2.7067215,2.9103389,1.9930685,1.5161246,2.2309947,2.267516,2.6478534,1.7415967,2.131652,2.2374263,1.8135511,1.9552436,2.3069031,2.2974763,1.4077245,1.218988,2.8644536,2.6879826,3.2014596,2.1238294,2.1202838,1.8758612,2.5317848,2.4972343,3.0764322,3.0738025,2.3978608,2.3987021,2.5943062,1.8472697,3.3736835,3.2578926,2.6428063,4.1090255,3.5400343,3.5890543,3.7066505,3.596272,4.400802,3.6055853,3.703421,4.062172,2.5740354,3.2243264,3.5020845,3.311416,2.745601,2.802361,2.7693825,3.0358367,1.9017642,1.9435134,2.7752576,2.7795923,3.5329754,3.5531526,3.73073,3.6284397,3.5560246,3.6706095,3.1111825,3.5162852,3.393251,3.1613362,2.1547027,2.7910957,3.001243,2.9248292,3.1262593,3.3018525,2.979386,2.941089,3.054387,3.3668463,3.9246397,4.0266156,3.6599953,3.7602193,2.902776,3.2288194,3.887688,3.627718,3.4281704,3.4194195,3.0634692,3.1547794,3.264714,3.3968022,3.070604,3.8237932,2.9161007,3.5025945,2.942627,3.2614717
18,1.9995797,2.0064,1.8387214,1.8408078,2.401467,2.289345,2.9131048,2.3784702,3.9517484,0.9006535,3.1766775,2.9760795,1.8161997,1.6978278,2.3808355,2.2867074,1.5432985,1.6627078,0.0,0.7977715,0.6227796,0.36995777,0.86209476,2.2126307,0.9232293,0.8259915,2.7963147,1.816851,1.7286242,1.9783995,2.6183147,2.4435549,2.447885,1.1752816,2.9732015,2.390651,1.4135513,0.9052088,1.8093437,1.9069633,2.8257263,1.3226064,1.6446209,2.0780578,0.94648176,1.1967517,2.113938,1.9309175,1.834449,1.8683656,2.5111034,2.2361329,3.3635728,2.6334546,2.6285064,2.4324281,2.303812,2.2236707,2.6196535,2.453916,2.0704584,2.0882587,2.0823758,2.0272245,3.6099453,3.5547636,3.0223153,3.6841316,3.213909,3.5196397,3.6694326,3.53645,4.6429095,3.8544457,3.8185353,4.240611,3.0249872,3.378385,3.35328,3.608956,3.1260135,3.1871083,3.1460786,3.408959,2.6242354,2.6373591,3.419185,3.3957372,3.5981407,3.6036654,3.7463393,3.736807,3.109078,3.4640183,3.0632296,3.6044576,3.179408,3.049103,2.1592333,2.736584,3.2543805,3.0770772,3.2641804,3.3887565,2.9743056,2.9453516,3.407135,3.264,3.4783025,3.7343042,3.8754973,3.9776478,3.3352356,3.6578174,4.195066,3.272629,3.205285,3.1773317,3.512284,2.996473,3.1613214,3.2804852,2.99547,3.6323073,3.3187835,3.2867591,3.4027257,3.0773141
19,2.1633267,2.1667519,2.0231001,2.0213652,2.33848,2.233893,2.7006989,2.3491092,3.7498693,1.1926856,3.2052255,3.010703,1.9205167,1.8589418,2.3428555,2.350705,1.6878438,1.8173484,0.7977715,0.0,0.83136976,0.85301465,0.9818861,1.7718141,1.2680559,1.2004089,2.954412,1.9748727,1.7242274,2.0557725,2.3277767,2.1736343,2.4711807,1.292856,2.73031,2.1390193,1.4511241,0.97249305,1.4753263,1.6011251,2.6304073,1.4279532,1.7581152,1.7185045,1.0137612,1.2231908,1.7803595,1.5109208,1.7752522,1.8395013,2.0723007,1.7629105,3.1154902,2.231252,2.236268,2.1105108,1.8734243,1.797359,2.2517703,2.0615618,1.6028008,1.7172095,1.8043569,2.099158,3.5548544,3.4407344,3.0798628,3.6933072,3.35792,3.4525454,3.732081,3.5299346,4.5542145,3.757198,3.6527832,4.123014,2.875284,3.2687473,3.2395415,3.649918,3.18902,3.2359257,3.1904845,3.4348066,2.7133877,2.7538126,3.5261905,3.4963696,3.4676933,3.4733233,3.6628506,3.6029859,3.0336692,3.3785803,2.9387808,3.5141184,2.9768074,3.1249902,2.2077246,2.4934878,3.1477923,2.9429631,3.3218863,3.446969,3.0488153,2.9980628,3.2463837,3.1399572,3.3395665,3.5830142,3.757832,3.8286655,3.1990645,3.5511396,4.1261716,3.1235573,3.0746818,3.0013254,3.344253,2.8272078,3.0055056,3.1318471,2.850233,3.5192358,3.183717,3.198753,3.3104267,2.9124672
20,2.196744,2.2041385,1.8472273,1.8391757,2.5869105,2.4697351,3.1144118,2.5882945,3.907377,1.1108923,3.1156676,2.923624,1.8194598,1.819611,2.457216,2.333473,1.6507876,1.7084993,0.6227796,0.83136976,0.0,0.48704028,1.0094626,2.3876607,1.011159,1.0168401,2.896353,1.857338,1.6840427,2.1790833,2.86306,2.5123315,2.5664716,1.3580612,3.1092474,2.5656939,1.5929732,1.147108,1.9777616,2.0922575,2.9247801,1.4340775,1.7817267,2.154276,1.2133254,1.4697591,2.1573021,2.09387,1.9450026,2.012786,2.6886947,2.4119792,3.5094743,2.734948,2.7380881,2.5633872,2.4292095,2.3654084,2.633866,2.4650862,2.147632,2.1859548,2.2885613,2.198571,3.6503072,3.6458101,3.0952072,3.8154745,3.317855,3.6185577,3.8358784,3.6529498,4.6538444,3.9300954,3.7903607,4.26423,3.0120823,3.3468862,3.3202944,3.5254867,3.1933808,3.2417035,3.171064,3.4265258,2.582839,2.6448882,3.453751,3.4394584,3.6022334,3.6082575,3.8249862,3.736016,3.125669,3.4826076,3.0450976,3.5825922,3.237522,3.1887186,2.1061525,2.861105,3.324837,3.1772904,3.2752223,3.434662,3.0556884,2.991344,3.5248833,3.4067142,3.6563988,3.8586855,4.052813,4.1434207,3.453434,3.8069992,4.165526,3.3860097,3.3010902,3.2834334,3.6186473,3.1369731,3.283499,3.413417,3.1013494,3.6713953,3.4282691,3.498022,3.437258,3.2154193
21,2.085691,2.0915337,1.8238454,1.8307651,2.4106648,2.289311,2.937349,2.3810549,3.864641,0.95969975,3.1063395,2.9155712,1.7784635,1.7181972,2.2973027,2.2116466,1.4286454,1.5229357,0.36995777,0.85301465,0.48704028,0.0,0.8689246,2.2655952,0.96653694,0.8989781,2.7480085,1.7012603,1.5755917,1.9397374,2.6641,2.3804526,2.41203,1.2212931,2.9354734,2.4528258,1.4566932,0.9546209,1.8532959,1.9669963,2.7830775,1.3300197,1.6148989,2.0577576,0.995148,1.3197099,2.0790412,2.004732,1.7834233,1.8339309,2.6113157,2.3229225,3.3421085,2.6146822,2.609909,2.4028068,2.3241794,2.2567322,2.569003,2.438972,2.0754619,2.095544,2.1202192,1.9579577,3.4354484,3.4128797,2.8501103,3.6298478,3.1012337,3.3924122,3.581314,3.432094,4.4802766,3.7247267,3.6939912,4.1164117,2.8348937,3.188522,3.167499,3.3659697,2.9538848,3.0186968,2.9502919,3.211915,2.4189756,2.4324722,3.21224,3.1884153,3.4238207,3.4284222,3.599103,3.5654862,2.9946997,3.3534763,2.8801088,3.400649,3.0611145,2.9723678,2.049148,2.7468476,3.093341,2.9623852,3.1152482,3.2638683,2.866538,2.8289545,3.2825983,3.1702433,3.5069842,3.725162,3.8094475,3.9171607,3.1839411,3.5253277,4.010935,3.2218962,3.0987132,3.0936196,3.378658,2.9161181,3.0633366,3.2110765,2.8768501,3.5301485,3.1859095,3.244948,3.2116551,3.0144963
22,2.2704139,2.2381346,1.7441857,1.755752,2.2267978,2.107532,2.616974,2.230146,3.6754572,0.7868305,3.0482109,2.870072,1.6811432,1.6362361,2.0958624,1.9530146,1.1755452,1.2829976,0.86209476,0.9818861,1.0094626,0.8689246,0.0,1.8882626,0.7012554,0.6157122,2.6120553,1.4450995,1.456687,1.6543039,2.239991,1.8475766,2.1259491,0.6835165,2.559646,2.0796242,1.3128535,0.70122725,1.3595829,1.4829912,2.3963022,0.78471524,1.3259134,1.5457516,1.0106553,0.89314216,1.5822762,1.499676,1.6751176,1.5368558,2.2390566,1.9255621,3.034885,2.1824932,2.1800454,1.9821504,1.8452065,1.7449673,2.3819714,2.2840712,1.6038883,1.5997379,1.8096108,1.7364514,3.366627,3.424511,2.7225575,3.5432358,3.177181,3.3297787,3.4858825,3.3196688,4.5301704,3.712996,3.6213372,4.038474,2.7040997,3.1727157,3.1940637,3.4594767,3.031301,3.0630937,3.1111734,3.3121018,2.26252,2.31211,3.2029183,3.1895487,3.3789957,3.38627,3.583186,3.506754,3.0052028,3.220441,2.8505957,3.396129,3.1675336,2.9836583,1.7528825,2.322264,3.0176156,2.8456922,3.0993443,3.244044,2.8332458,2.8198078,3.1257691,3.0954256,3.264896,3.510017,3.5876162,3.6976442,3.1176484,3.467522,3.9240868,3.142411,3.0667505,3.0649908,3.2447898,2.8280222,3.0286033,3.0731683,2.7881937,3.3977535,3.0444617,3.1394055,3.050728,2.8638706
23,3.0385683,3.0323975,2.7399888,2.7463825,2.7045424,2.6406302,2.5752587,2.6973553,3.74432,2.2314909,3.6704092,3.5169818,2.690046,2.627588,2.715402,2.904382,2.4237702,2.5998151,2.2126307,1.7718141,2.3876607,2.2655952,1.8882626,0.0,2.2548628,2.2252743,3.4574282,2.7166672,2.4072688,2.4830482,2.2418146,1.9915221,2.887115,1.9436433,2.5203283,1.9986306,2.0872335,1.8323374,1.2974613,1.4018425,2.452804,1.9416761,2.1380606,1.2593291,1.9565278,1.800297,1.4201796,1.2722334,2.5223289,2.455626,1.7199749,1.3493645,2.9473405,2.0477948,2.0644908,2.0585682,1.29676,1.1742097,2.0278592,1.8139051,1.2415508,1.2714107,1.6590999,2.5198662,3.3058012,3.3634853,2.938363,3.3560462,3.4723842,3.162498,3.3935876,3.1946611,4.3423467,3.4969327,3.444247,3.9324102,2.7519171,3.165309,3.0958378,3.8698437,3.5110059,3.515263,3.571587,3.7529697,2.9830196,2.9699738,3.637095,3.5886416,3.1720757,3.1647716,3.3577073,3.2981982,2.9069552,3.1379194,2.7514877,3.2970111,2.8861988,3.3184834,2.4977224,2.2231092,2.9229107,2.7599416,3.5848446,3.500896,3.2570713,3.253767,2.9090803,2.770705,2.7537632,3.0542078,3.4987497,3.5769603,2.9702778,3.3210533,3.951527,2.9150305,2.760409,2.7574453,3.0569303,2.5209801,2.7193954,2.8001895,2.475701,3.2311437,2.9564586,2.8864243,3.0179312,2.5731204
24,2.225244,2.238965,1.5452886,1.5451361,2.422899,2.314817,2.950777,2.409898,4.1455154,0.7364833,3.2229922,3.0421023,1.5473796,1.5647777,2.297977,2.1723385,1.5325704,1.6087123,0.9232293,1.2680559,1.011159,0.96653694,0.7012554,2.2548628,0.0,0.28189176,2.723335,1.6634443,1.8592161,2.0793998,2.7965584,2.3722515,2.4650025,1.0334936,3.0188997,2.4295878,1.2912941,0.86478394,1.8194597,1.8978826,2.7655344,1.087546,1.5457684,2.0451262,1.4164771,1.2637771,2.0028377,1.9938772,2.1527624,2.0291579,2.6171792,2.3778846,3.4739416,2.7346935,2.733884,2.542721,2.2899647,2.2142973,2.7717628,2.5560424,2.0590866,2.019325,2.1321497,2.0108342,3.62301,3.8393304,3.0059574,3.7149684,3.217774,3.5519178,3.7314856,3.581935,4.692794,3.945674,3.835512,4.2713795,3.1181862,3.467698,3.517239,3.707234,3.350901,3.3796463,3.3716912,3.6143599,2.5050306,2.5600696,3.3808882,3.3761446,3.6864526,3.6895685,3.8878183,3.785398,3.202761,3.4540462,3.082005,3.7097304,3.4547262,3.2071602,1.9952325,2.8076906,3.318175,3.237596,3.3762743,3.5221598,3.0595143,3.022591,3.5842063,3.4358623,3.502508,3.8362682,4.00067,4.0954533,3.507769,3.8130503,4.2539625,3.409653,3.2978952,3.3245473,3.6392472,3.183889,3.2879074,3.4000025,3.0687556,3.671229,3.49771,3.4992788,3.4509802,3.2369912
25,2.11868,2.1281314,1.5722297,1.5783932,2.2855392,2.16619,2.8367338,2.272492,4.131255,0.66380787,3.2166378,3.0344226,1.5236171,1.5018165,2.2105446,2.1007128,1.4200475,1.5103252,0.8259915,1.2004089,1.0168401,0.8989781,0.6157122,2.2252743,0.28189176,0.0,2.660032,1.57798,1.824692,1.9347163,2.643864,2.3009295,2.3756888,1.0107741,2.93508,2.3831928,1.2351674,0.7628149,1.7883554,1.8672148,2.7286754,1.0804228,1.5161748,2.0281985,1.3287578,1.1997291,2.024949,1.9435884,2.0360014,1.9075665,2.5839047,2.3333318,3.38489,2.6502793,2.6453516,2.445731,2.2614799,2.186201,2.7660763,2.5810492,2.0369074,2.0205934,2.055845,1.8995097,3.5941536,3.7571297,2.9904552,3.715831,3.2217524,3.5345864,3.7107027,3.5636313,4.726182,3.9501908,3.8976653,4.300536,3.094581,3.477552,3.5110424,3.6826484,3.2836046,3.309182,3.3068364,3.5197096,2.4978395,2.5380278,3.3616056,3.3507717,3.696951,3.6989226,3.861627,3.7962344,3.2479658,3.4898293,3.111686,3.6941578,3.421793,3.1443977,2.0422215,2.7576919,3.293324,3.1994894,3.3221912,3.4675179,3.0247586,2.9961605,3.523849,3.3946211,3.4841506,3.8237576,3.8883467,3.9947183,3.4394076,3.7215173,4.2082705,3.385697,3.2786787,3.2864618,3.5677013,3.141363,3.2425592,3.3619149,3.053793,3.6660092,3.4349787,3.4271429,3.429477,3.202907
26,3.4691722,3.462963,3.2288942,3.2482147,3.1396096,3.1160908,3.5347197,3.0830712,4.498253,2.694216,4.111716,3.9980514,3.1132402,3.071085,2.206775,2.846909,2.7487245,2.7428157,2.7963147,2.954412,2.896353,2.7480085,2.6120553,3.4574282,2.723335,2.660032,0.0,2.3488321,2.6204607,2.8897326,3.1510603,2.8937652,1.2522275,2.790211,2.0952342,2.3418696,3.0810711,2.7834473,3.173639,3.1816084,2.0838373,2.8480377,1.8500443,3.3475163,2.8509915,2.9496024,3.2379928,3.23326,2.729227,2.6200385,3.719106,3.6007502,2.1791604,3.198059,3.2084856,3.0397274,3.4184546,3.388904,2.7974434,3.8751876,3.3406417,3.3040626,2.2504244,1.1710991,3.6254919,3.8563232,3.2307568,4.343358,3.6844213,3.720683,4.21135,4.146649,4.753052,4.0549574,4.1151996,3.640151,3.2620668,3.7999067,4.0821695,3.9311967,3.3891826,3.4333258,3.4481344,3.707664,2.813789,2.7938046,3.399116,3.4048612,3.8970141,3.8722203,4.074914,3.9966967,4.0553284,4.1684794,3.5594096,4.1747155,3.976446,3.7859147,2.9779317,3.4830182,3.6151576,3.543074,3.7701051,3.8810563,3.6207333,3.607873,3.6730225,3.9572496,2.862192,3.0095344,2.8528178,2.9597127,3.5326037,3.8411849,4.0034213,4.0236354,4.0002255,3.9961061,3.6649752,3.738767,3.850952,3.9516196,3.6646173,4.346712,3.539168,4.0647845,3.5733607,3.8341427
27,2.705231,2.690556,2.4147575,2.4402616,2.1328201,2.087269,2.7003002,2.1053762,4.038425,1.5747327,3.5431209,3.3996177,2.178288,2.1834607,1.8876437,1.7271243,0.783198,0.6891104,1.816851,1.9748727,1.857338,1.7012603,1.4450995,2.7166672,1.6634443,1.57798,2.3488321,0.0,1.239647,1.5698873,2.2080538,1.7265946,1.914368,1.8142931,2.457279,2.827916,2.225531,1.7411549,2.402797,2.417726,2.3833756,1.8458176,2.0743692,2.4280412,1.9698844,2.1478052,2.4242375,2.4224434,1.4073497,1.2148081,3.0082881,2.8781233,2.9651053,2.117969,2.1197474,1.8956383,2.6919165,2.6606958,3.0235896,3.2543223,2.5595117,2.547623,2.5405123,1.5418757,3.5101595,3.439761,2.717414,4.363056,3.7528093,3.7491727,3.9343965,3.848291,4.4553185,3.6718326,3.75901,3.965523,2.7095878,3.4017947,3.7578738,3.4829142,2.9275115,2.9777472,2.955366,3.2563922,2.0357757,2.087628,2.875027,2.8911269,3.800044,3.8113256,4.0063066,3.8888474,3.7689204,3.9214935,3.3266685,3.8521633,3.6486044,3.4520254,2.3910656,3.0368614,3.2124217,3.1297045,3.3570166,3.5124402,3.25689,3.2102203,3.2219167,3.621734,3.7623322,3.9784324,3.6289892,3.710572,3.0667746,3.4087014,3.9372644,3.8843007,3.7071187,3.7006717,3.2145095,3.4128592,3.5354946,3.657578,3.3222952,4.078022,3.071899,3.7841923,3.101951,3.5243552
28,2.734923,2.649976,2.515001,2.5328355,2.3440409,2.298959,2.5497518,2.3400185,3.829414,1.7977924,3.6687527,3.4979281,2.4192061,2.3686593,2.1390026,1.826629,1.3571936,1.3544443,1.7286242,1.7242274,1.6840427,1.5755917,1.456687,2.4072688,1.8592161,1.824692,2.6204607,1.239647,0.0,1.4709116,2.0949814,1.3483623,1.8541895,1.5476083,2.1879337,2.4720838,2.4012828,1.9539648,1.958937,2.0093806,2.0482304,1.5055819,1.9313087,1.8956084,1.4241573,1.8490517,1.8542254,1.9541665,0.97494453,1.0506202,2.5828073,2.3942385,2.7067513,1.7546319,1.753209,1.5437102,2.2415705,2.2106173,2.3075993,2.6100914,2.0704286,2.042138,2.3945737,1.7845062,3.3370473,3.0759687,2.4236577,4.032515,3.6484418,3.4858043,3.6144047,3.502066,4.206653,3.3978221,3.3176086,3.6050577,2.2404127,2.9329336,3.2042358,3.1281953,2.7262528,2.7953057,2.9204834,3.1861799,2.125361,2.1719255,2.9245927,2.9241817,3.5371087,3.5519848,3.7682633,3.6576731,3.1808798,3.450706,3.06889,3.5939636,3.3212254,3.3029666,2.1301181,2.6225977,3.0189118,2.8167381,3.2154424,3.346919,3.1146922,3.1175542,2.8930523,3.3085327,3.4211385,3.6497924,3.4826653,3.528925,2.9597151,3.3733556,3.6325328,3.5496628,3.4726756,3.503438,3.0595407,3.107919,3.4278955,3.3433328,3.1235344,3.7339318,2.7635343,3.462513,2.7368886,3.1561987
29,2.4441595,2.33805,2.6364245,2.6695592,1.8929422,1.821059,2.077463,1.9263203,3.762114,1.8794858,3.5908923,3.4349089,2.4266117,2.3867784,2.2443027,1.9393656,1.4229982,1.4804853,1.9783995,2.0557725,2.1790833,1.9397374,1.6543039,2.4830482,2.0793998,1.9347163,2.8897326,1.5698873,1.4709116,0.0,2.019829,1.5952438,2.1841123,1.6727473,2.4092872,2.629945,2.3882487,2.0349116,2.0049996,2.047042,2.3907602,1.7237577,2.2047455,2.048324,1.6535711,1.8514502,2.0770187,2.0386095,1.3199999,1.1889893,2.5830336,2.353889,2.8519385,1.9000866,1.8675478,1.5908127,2.250972,2.2313964,2.7240746,2.839576,2.109746,2.1130078,2.4672916,1.9440824,3.1363595,3.00089,2.5251372,3.7195804,3.3868005,3.2257893,3.3078594,3.1903126,4.3473353,3.2787778,3.5771265,3.8555224,2.5021923,3.1278737,3.3761468,3.2849138,2.8008738,2.8535671,3.0659454,3.240357,2.330493,2.269662,2.9664588,2.9162416,3.5927908,3.6120284,3.4618666,3.6919298,3.3475018,3.486788,3.2176576,3.635724,3.4170108,2.8660445,2.3475301,2.5570397,3.0057347,2.8362336,3.217373,3.344155,3.050363,3.1393902,2.8708012,2.9959395,3.8286405,4.032623,3.1585875,3.2302282,2.915565,2.9908938,3.6988804,3.4774904,3.33328,3.4533405,3.0223796,3.05661,3.3272247,3.2310035,3.054877,3.6950514,2.7779667,2.9885726,2.8227298,3.0831683
30,3.2496123,3.1599267,3.3253462,3.35294,2.3953893,2.3750875,2.1582117,2.4050264,3.8845348,2.5675266,4.076069,3.942081,3.0304463,2.8614118,2.4255621,2.3686616,2.071837,2.2056735,2.6183147,2.3277767,2.86306,2.6641,2.239991,2.2418146,2.7965584,2.643864,3.1510603,2.2080538,2.0949814,2.019829,0.0,1.3647608,2.1441474,2.2525349,1.7807618,2.289308,2.7562375,2.429578,1.985578,2.0086994,2.216504,2.4225388,2.666866,2.0990999,2.1501997,2.222927,2.2593045,1.7690231,1.6608549,1.5281764,2.1937535,2.036394,2.2536967,1.1087668,1.0969604,1.0994611,2.0172472,1.9708748,2.6795194,2.9461584,2.065607,2.1960592,2.2354617,2.2168643,3.646514,2.9880202,2.9732733,4.254015,4.1672873,3.7068143,3.8361402,3.7413352,4.4938293,3.697535,3.7181659,3.88246,2.7402034,3.4185116,3.6828103,3.8852496,3.0271392,3.0502322,3.2464194,3.3819256,2.9944067,2.9712167,3.5257435,3.5127833,3.8066463,3.824596,3.9764948,3.8984718,3.6867735,3.7722147,3.4955983,3.9442422,3.3146331,3.4534554,3.024781,2.3227742,3.1120734,2.7081041,3.459245,3.558419,3.312069,3.3329916,2.6281188,3.2845507,3.2349918,3.5006983,3.0879898,3.1377165,2.7494307,3.1043262,3.916308,3.3934853,3.5258734,3.3184514,2.7062025,2.8903236,3.253393,3.1078491,3.148669,3.7896957,2.54475,3.2271843,3.0114312,2.931384
