,0,1,2,3,4,5,6,7,8,9,10,11,12,13,14,15,16,17,18,19,20,21,22,23,24,25,26,27,28,29,30,31,32,33,34,35,36,37,38,39,40,41,42,43,44,45,46,47,48,49,50,51,52,53,54,55,56,57,58,59,60,61,62,63,64,65,66,67,68,69,70,71,72,73,74,75,76,77,78,79,80,81,82,83,84,85,86,87,88,89,90,91,92,93,94,95,96,97,98,99,100,101,102,103,104,105,106,107,108,109,110,111,112,113,114,115,116,117,118,119,120,121,122,123,124,125,126,127
0,0.0,2.7531662,3.2141707,2.5229325,2.530216,2.0343087,2.216974,2.3931103,4.181108,3.9110715,3.563581,3.9651117,3.8874445,3.4442346,4.0079045,4.1030583,3.7972457,4.4742246,3.707,3.679612,3.4953697,3.768853,3.75193,3.3091037,4.1689777,4.6602716,3.1849058,4.971095,4.178939,4.7647915,4.4492297,3.9919374,3.910465,3.90411,3.6131186,3.6095061,3.3347325,3.3347325,3.3750079,3.3163123,3.5665367,3.5665367,3.3952637,3.3952637,3.3628855,3.4052346,3.4052346,3.7084663,3.1920223,3.1477613,4.150724,3.3268344,4.4298944,4.2721467,3.2976663,3.168255,3.7009351,4.041522,3.8827546,4.9714484,3.9332895,4.0209694,3.8698168,4.525427,2.859664,3.814181,4.507937,4.573505,3.6080353,3.5176694,4.6882386,4.177935,3.7692316,3.872987,3.8217964,3.6895468,4.468328,3.0320396,3.962974,3.0713258,5.3838677,5.367075,5.465909,5.3818593,5.4217825,5.413891,5.3071575,5.32266,5.1545033,5.1133833,5.0833116,4.9065647,4.6917424,3.7185771,3.9398072,3.8742416,5.631065,6.2077584,5.8153715,5.6378574,5.7751055,5.8110876,5.7856402,6.0125837,4.7037024,4.9623637,5.017439,5.0288,5.197083,5.218758,5.376487,5.4000506,5.50442,5.6099014,4.3958383,4.2832603,4.4119034,4.3374424,4.22836,4.1404123,3.4644868,3.5072587,3.6586425,3.637079,4.380874,3.3255258,3.551147,5.299495
1,2.7531662,0.0,2.447496,0.6341657,0.6192388,1.0476464,1.9100671,1.8522861,3.5030406,3.1299999,3.302053,3.8056831,2.964587,2.578113,3.5499344,3.734893,2.6144853,3.619753,2.752331,2.7054753,3.2019868,3.2152345,3.328327,2.9839783,2.627424,3.0690267,0.83683187,3.4478273,2.7380648,3.4780726,3.0984447,2.508346,4.0090885,3.9919872,3.645745,3.641864,3.4576013,3.4576013,3.4404924,3.439203,3.5163388,3.5163388,3.530268,3.530268,3.464306,3.51438,3.51438,3.8193407,3.509952,3.5537765,3.9950588,3.228791,4.4219046,4.423959,3.0835366,3.004143,3.7637618,4.2715435,3.8703074,5.0047736,3.918885,4.0016375,3.8682694,4.5313916,3.2143936,3.0913217,3.0549526,3.1633797,3.2473307,3.156477,4.2613497,3.9163613,3.734642,3.394853,3.5609326,3.3537292,5.0913672,3.4879787,3.5472744,2.9207392,4.101707,4.197137,4.1942573,4.346782,4.2899346,4.2382927,4.2331853,4.245025,3.6759484,3.709034,3.619765,3.4877381,4.45357,3.461597,3.6271484,3.388092,4.329796,5.1577764,4.9910316,4.5677066,4.72733,4.7441034,4.7099295,4.9788103,2.8655574,3.2896643,3.4290345,3.3224144,3.5981493,3.828317,4.019016,4.0661077,5.314302,5.3628864,3.7895143,4.066458,3.8698125,3.8247766,4.318875,4.5867167,2.9928503,3.0558012,2.9602911,3.059868,2.890697,2.864797,3.0883348,3.75743
2,3.2141707,2.447496,0.0,2.3174312,2.3779347,2.3087683,2.8450484,2.8184931,2.4584506,1.8038372,2.3736167,2.9319792,1.8517264,1.231266,2.4082959,2.6810584,1.965704,2.9865541,2.1647334,2.2465684,2.7584991,2.8602538,2.9029589,2.5795274,2.2285058,2.2977216,2.4817185,3.075833,2.733318,2.8100529,2.446239,1.763641,3.3675714,3.349174,2.9960463,2.9820287,2.8488455,2.8488455,2.91188,2.826606,2.9502704,2.9502704,2.8830395,2.8830395,2.8416555,2.8858497,2.8858497,3.218841,2.8368232,2.9646301,3.6247768,2.5367253,4.0369306,4.121644,2.3404813,2.3529744,3.2646534,3.7998018,3.3132434,4.390347,3.3467515,3.4600477,3.2781649,4.104542,2.1067288,2.3149362,2.7905555,2.8923073,2.4075844,2.3430443,3.6205797,3.2698941,3.3097792,2.7193286,2.8455238,2.6712701,3.1183376,2.473035,2.8562167,2.0327508,3.7591429,3.8117654,3.855368,4.087319,3.8668451,3.8215063,3.7332833,3.8259652,3.2667837,3.368516,3.191424,3.0631804,3.863116,2.4569108,3.038629,2.7530177,4.1422396,4.2686296,4.809613,4.313161,4.702304,4.745869,4.743992,4.982695,2.9378276,3.067086,3.4266484,3.2670624,3.4338422,3.4051223,3.8272924,3.8415997,3.4985688,3.5712159,2.8863957,3.2977173,3.2161343,3.1310618,3.6987956,4.1046634,1.9824264,2.0273159,2.0009732,1.9472401,2.2483366,1.685284,2.0397005,3.3871484
3,2.5229325,0.6341657,2.3174312,0.0,0.3620116,0.7238215,1.7371813,1.6857867,3.366064,2.859315,3.159944,3.4986844,2.9468746,2.550268,3.416592,3.6208649,2.7038498,3.4902773,2.8169022,2.8194385,3.1511242,3.1981173,3.2987068,2.9174998,2.6066663,3.1139474,1.0106968,3.4984112,2.619932,3.3873277,3.0122921,2.5712612,4.017866,3.9971862,3.5720553,3.5653222,3.4149547,3.4149547,3.4008148,3.3907602,3.5086212,3.5086212,3.482852,3.482852,3.4349148,3.4730008,3.4730008,3.7949193,3.4129298,3.4731312,3.905798,3.1378522,4.504693,4.5058,3.0384605,2.9688413,3.793135,4.2888675,3.9080224,4.9827857,3.940998,4.0306716,3.8882675,4.6132503,3.113466,2.9928925,3.2201867,3.3135285,3.3371422,3.2029128,4.38461,4.0290556,3.7759345,3.505367,3.6635804,3.4577487,4.931304,3.35866,3.5937257,2.8186724,4.1616764,4.1867046,4.218355,4.3374376,4.2905583,4.2379727,4.2442393,4.249982,3.6854832,3.7472055,3.625755,3.5390286,4.2883406,3.2717087,3.4967723,3.2571995,4.5307307,5.300991,5.0218673,4.6448774,4.9003882,4.9337344,4.930487,5.175248,3.0819035,3.4331555,3.7189343,3.5231383,3.711508,3.899311,4.269464,4.304237,5.2822046,5.335865,3.6491263,3.8794856,3.8891802,3.8359752,4.2581525,4.4747157,3.0151572,3.0784984,3.0171103,3.0999694,3.0758352,2.8958268,3.1570222,3.9680126
4,2.530216,0.6192388,2.3779347,0.3620116,0.0,0.7886028,1.8555833,1.6748353,3.3617542,2.8522446,3.1843948,3.5445077,2.9218225,2.5045109,3.464738,3.6517549,2.7458167,3.525326,2.7729266,2.8188393,3.1732247,3.2402542,3.3217378,2.957953,2.633229,3.1458635,1.0600587,3.4400592,2.6697185,3.389359,3.0189612,2.562765,3.9976547,3.9760287,3.5436206,3.5378976,3.3651752,3.3651752,3.3658082,3.344317,3.457056,3.457056,3.437266,3.437266,3.3806808,3.4268816,3.4268816,3.7430665,3.419866,3.4603708,3.8433006,3.1409967,4.483549,4.490324,2.996785,2.9510522,3.7404807,4.232054,3.8538835,4.9830008,3.8905084,3.975245,3.8481126,4.679581,3.0521283,2.9663486,3.2339504,3.3286633,3.2954342,3.146814,4.3099627,3.9856598,3.7917829,3.4910471,3.626114,3.4496074,4.932807,3.3187249,3.6847003,2.811706,4.1142144,4.1602674,4.199573,4.337325,4.242697,4.2035136,4.210879,4.2123165,3.7174613,3.8068416,3.6573956,3.565368,4.25624,3.3058677,3.5071247,3.271898,4.527445,5.303009,4.970197,4.6274867,4.9347944,4.958883,4.955943,5.227458,3.0482836,3.4760158,3.6789699,3.5024045,3.6853912,3.8555698,4.2322493,4.2739835,5.296506,5.3663197,3.7548342,3.8797805,3.8118567,3.7648244,4.2796483,4.5170197,3.1159413,3.1792653,3.0773413,3.1645699,3.1497946,2.9819043,3.264068,4.0587783
5,2.0343087,1.0476464,2.3087683,0.7238215,0.7886028,0.0,1.5867566,1.5455707,3.3901527,2.8848274,3.173259,3.5147018,3.0285711,2.5998452,3.3503952,3.5323215,2.764828,3.478571,2.8568275,2.8837109,3.2142284,3.3489363,3.372973,2.9543798,3.0705848,3.4977593,1.5580131,3.932399,3.023676,3.7370694,3.3219774,2.897642,4.0320845,4.0179157,3.6668315,3.6634848,3.479771,3.479771,3.4858239,3.4544039,3.604477,3.604477,3.5463443,3.5463443,3.4979465,3.5407631,3.5407631,3.8416486,3.3910294,3.4196177,3.975955,3.1371953,4.434621,4.3825097,3.0236893,2.9356542,3.6886778,4.1204944,3.8205767,4.812,3.8638408,3.9616735,3.8039386,4.4826617,2.83605,3.112698,3.5576053,3.6371481,3.2492073,3.1247306,4.34544,3.9562433,3.754307,3.4935474,3.6224833,3.4040663,4.7435703,3.0597541,3.5117903,2.8430097,4.4302564,4.4139843,4.5001287,4.5807633,4.5153885,4.4685607,4.449772,4.457919,4.0703363,4.113338,4.0135326,3.89531,4.3202224,3.256175,3.5105643,3.2304194,4.8055444,5.5295954,5.266985,4.903085,5.115984,5.1459737,5.159708,5.337686,3.503086,3.79128,4.056954,3.8593636,4.074965,4.252047,4.56482,4.6102824,5.2654696,5.340056,3.728311,3.89122,3.8457754,3.785787,4.3655295,4.549361,2.9280143,2.9954162,3.004334,3.051885,3.295069,2.7491624,3.0400016,4.2591715
6,2.216974,1.9100671,2.8450484,1.7371813,1.8555833,1.5867566,0.0,2.2562551,3.9319758,3.6946032,3.45047,3.6593244,3.6744514,3.3870292,3.8421028,3.9968238,3.4306977,4.1706448,3.60568,3.5311143,3.44449,3.5586278,3.6999424,3.2141192,3.3340418,3.835823,2.247834,4.717451,3.2295952,3.9998276,3.6174417,3.2900188,3.6924794,3.702749,3.782112,3.7962105,3.5600328,3.5600328,3.5058987,3.5390222,3.6250024,3.6250024,3.587734,3.587734,3.546248,3.5811954,3.5811954,3.8820627,3.388861,3.3914907,4.724068,3.2880018,4.616464,4.50078,3.2670925,3.1479173,3.9272723,4.488235,4.163852,5.1921167,4.203402,4.2054987,4.1527243,4.801243,3.4693744,3.5782287,3.88337,3.9629104,3.8573864,3.7413316,4.7205424,4.30499,3.8602006,4.0196085,4.112486,3.908522,5.0344024,3.7106826,3.9003341,3.1743073,4.9063754,4.9744205,4.940404,4.810715,5.0078616,4.9646163,4.8870463,4.925258,4.3488913,4.3758135,4.280939,4.0873294,5.3012853,3.619557,3.6968591,3.644186,5.0904975,5.789819,5.256673,5.064129,5.3848343,5.4127254,5.3274555,5.5238857,3.8698208,4.1202154,4.2738886,4.2431912,4.344402,4.4381437,4.914971,4.9323444,5.8800154,5.953873,4.5925317,4.503386,4.6171117,4.5988765,4.746167,4.699908,3.52597,3.5010138,3.5469167,3.5867746,3.555884,3.0847325,3.2457645,4.370291
7,2.3931103,1.8522861,2.8184931,1.6857867,1.6748353,1.5455707,2.2562551,0.0,3.6384432,3.3398674,3.2932189,3.4884632,3.4585369,3.1083891,3.7020614,3.8570051,3.332216,3.9882896,3.327047,3.3214052,3.5876064,3.7033741,3.6604087,3.2905293,3.3903809,3.8157895,2.1749737,4.0818076,3.1797915,3.7861674,3.4681344,3.2082934,4.096469,4.0819783,3.700647,3.7023163,3.5015783,3.5015783,3.7351215,3.4795005,3.5996437,3.5996437,3.6938827,3.6938827,3.6562748,3.706085,3.706085,4.028147,3.4855485,3.4806612,4.0906734,3.4513147,4.474798,4.4333916,3.3388674,3.2434058,3.7317584,3.4085023,3.864879,4.913329,3.9091825,3.9833043,3.8596814,4.470257,3.1648064,3.4087975,3.8063204,4.067608,3.8280587,3.6387568,4.613968,4.1721706,3.8226702,3.7084575,3.85114,3.7526612,5.146807,3.7890623,3.9363515,3.4384577,3.823941,3.8279388,3.8860567,3.815391,3.9028385,3.8552268,3.830673,3.841737,4.237496,4.277955,4.1754284,4.076977,4.436204,3.5340548,4.265991,3.5184257,5.1339326,5.7781663,5.392203,5.124145,5.4421334,5.4623156,5.412379,5.6424637,3.7113795,4.1699047,4.188024,4.518929,4.124277,4.166947,4.746143,4.7952337,5.3080444,5.370122,3.843827,3.8051412,3.848194,3.836003,4.2885513,4.325638,3.2101111,3.2679183,3.247963,3.2977965,3.6035566,3.1530533,3.4171846,4.4774256
8,4.181108,3.5030406,2.4584506,3.366064,3.3617542,3.3901527,3.9319758,3.6384432,0.0,1.6933019,3.4022384,3.2075791,2.7080915,2.8370373,3.6988945,3.8630698,2.643911,2.943916,2.7403502,2.876736,3.2033012,3.3269424,3.3811378,3.6248887,3.4972484,3.1481977,3.5145333,3.3188868,2.9506307,2.9211133,2.6940794,3.1645746,4.4084334,4.407256,3.8682573,3.8611305,4.2455015,4.2455015,4.3609176,4.266433,4.3613014,4.3613014,4.29433,4.29433,4.208771,4.302321,4.302321,4.330129,4.26482,4.320775,4.515472,4.001209,5.3295403,5.404786,3.8517144,4.0070786,4.5470753,4.862476,4.5597835,5.4507704,4.637274,4.719323,4.6104226,5.3433256,3.4337938,4.161155,3.8834603,3.937689,4.0976615,3.586662,3.0411363,2.7877967,4.900855,4.405768,4.3931675,4.3847747,4.033557,3.605985,4.1183567,3.320183,4.3465266,4.382451,4.371536,4.7610703,4.5054045,4.476989,4.341568,4.543468,3.9640503,4.181869,3.9015062,3.984185,4.088607,3.2455864,3.836068,3.8255682,5.1016517,5.1780076,5.2714825,4.8712,5.6243987,5.616032,5.818592,6.031565,4.0341988,4.1251497,3.4796684,4.292592,3.1509345,3.3556793,4.3275332,4.2943134,4.165027,4.2251725,3.5087833,3.2789657,3.6412349,3.523692,4.4858527,4.93309,3.3838646,3.4387116,3.518094,3.4147134,3.5773458,3.261999,3.519666,4.2251377
9,3.9110715,3.1299999,1.8038372,2.859315,2.8522446,2.8848274,3.6946032,3.3398674,1.6933019,0.0,3.257651,2.9178994,2.4962265,2.142445,3.1831846,3.4054215,2.636843,2.7884264,2.6196625,2.872925,3.2916377,3.4110317,3.4357164,3.2919688,2.9922464,2.9623146,3.1515503,3.1518009,2.7330337,2.7351146,2.4250941,2.7608893,4.4028544,4.3763933,3.7469175,3.7251773,3.8441837,3.8441837,3.9095173,3.8315759,3.977787,3.977787,3.874223,3.874223,3.8318553,3.877932,3.877932,4.094984,3.8479266,3.9595253,3.9703326,3.4813688,4.9364285,5.05312,3.3448043,3.451517,4.1972704,4.62441,4.1889186,5.06431,4.221258,4.3476195,4.1750994,5.093516,2.804932,3.0786426,3.5351536,3.5690343,3.524932,3.0302556,3.7981117,3.6073205,4.542204,3.8900828,3.9596608,3.8644648,3.572354,2.9252121,3.743433,2.757793,3.9226801,3.8623118,3.9477475,4.414142,3.9950128,3.962732,3.951225,4.0569625,3.38433,3.6494808,3.348544,3.4173093,3.3908143,2.5312817,3.168775,2.9403791,4.774619,4.895422,4.9736705,4.5124216,5.2956705,5.351646,5.490244,5.708962,3.6646566,3.7746222,3.9647236,3.866322,3.3790448,3.4922721,4.294817,4.298991,3.9311433,4.0258274,3.1397896,2.8900297,3.2434263,3.1270123,4.2753944,4.787582,3.0116842,3.103601,3.0982172,3.0250423,3.3082569,2.9310265,3.2865603,4.2338943
10,3.563581,3.302053,2.3736167,3.159944,3.1843948,3.173259,3.45047,3.2932189,3.4022384,3.257651,0.0,2.6723413,2.3061051,2.64571,2.6626434,2.9236486,2.4941664,3.6385548,2.4888117,2.6322863,3.0708325,3.2106745,3.189567,3.5661283,2.8251257,2.6536546,3.1393626,3.1833668,3.6528769,3.6989665,3.402684,2.5888495,3.0207822,2.9595873,2.6310713,2.6303365,2.7523654,2.7523654,2.8721223,2.732579,2.8094199,2.8094199,2.753514,2.753514,2.7676764,2.7785885,2.7785885,2.7419736,2.8630457,2.977782,3.2928014,2.6215105,4.0954103,4.1765933,2.1863518,2.364619,3.1490018,3.7656744,3.2323706,4.329921,3.1989868,3.3200397,3.1687076,4.221714,3.1153736,3.3376408,3.7290485,3.778063,3.6111171,3.7251046,4.2967863,3.6847382,2.945376,3.436275,3.4856038,3.411163,3.9299383,3.3472118,3.8849328,3.0626776,4.62311,4.6677985,4.77411,4.320174,4.6885595,4.6453733,4.4748316,4.518853,4.3597074,4.469637,4.2724495,4.147467,4.4896464,3.755199,4.040019,3.972968,4.6626077,4.7995477,5.038593,5.0556855,5.2307343,5.123214,5.348854,5.5580773,3.5248034,3.571882,3.834723,3.9500816,3.9386985,3.6983945,4.5724707,4.5266166,3.8374403,3.8912494,3.412549,3.8765233,3.7416894,3.715507,3.946759,3.7159958,3.0127378,2.863923,2.9529111,2.93126,3.425529,3.03969,3.294313,4.006505
11,3.9651117,3.8056831,2.9319792,3.4986844,3.5445077,3.5147018,3.6593244,3.4884632,3.2075791,2.9178994,2.6723413,0.0,3.8257315,3.5555873,3.5112617,3.7356236,3.5948281,3.7768316,3.74471,3.7172012,3.4121692,3.5039012,3.5791454,3.2023306,3.4868896,3.6657674,3.838334,4.0538526,2.8190067,2.9384243,2.5553272,3.3461137,4.2376842,4.172107,3.655875,3.6515934,3.5445387,3.5445387,3.6641471,3.5231524,3.608966,3.608966,3.5408452,3.5408452,3.5674522,3.5582035,3.5582035,3.8993483,3.4768097,3.5830014,3.7642949,3.118271,4.697778,4.803465,3.0187836,3.1003892,3.9123776,4.3333683,4.0299726,5.0218644,3.998112,4.001516,3.9552038,4.408126,3.5348248,3.572962,3.7366056,3.7959538,4.6484146,3.8355708,5.194468,4.3680882,3.9990609,4.55074,4.5538793,4.5330186,4.1897492,3.845246,4.2326474,3.481019,4.457385,4.3667316,4.488161,4.0467443,4.4559546,4.4286113,4.3913813,4.5001135,4.094565,3.8214843,4.051483,3.9643636,4.151495,3.3366148,3.8071225,3.6895533,5.341384,5.4575815,4.9796133,5.063684,5.144983,5.2293963,5.153518,5.4263625,4.353209,4.7271323,4.7520885,4.9303603,3.9524665,3.5212474,5.145721,5.1307917,4.476182,4.5271916,3.8791487,3.4086757,3.933143,3.9116728,4.6177115,4.3665977,3.7799249,3.66771,3.7899818,3.7481287,4.164353,3.8200622,4.093215,4.9283853
12,3.8874445,2.964587,1.8517264,2.9468746,2.9218225,3.0285711,3.6744514,3.4585369,2.7080915,2.4962265,2.3061051,3.8257315,0.0,1.6571221,2.7445602,2.926048,1.4954555,2.741399,1.3592428,1.7632678,2.614573,2.7436907,2.6296816,3.4343235,2.4530072,1.830655,2.758047,2.4877832,3.353964,3.2524393,3.0492296,2.0186079,3.0807965,3.0734465,2.7833853,2.7742186,3.1735237,3.1735237,3.2466004,3.1758983,3.2765248,3.2765248,3.2195394,3.2195394,3.157318,3.2265613,3.2265613,2.971317,3.2781453,3.3656247,3.7267475,3.1275544,4.4174576,4.5358963,2.752767,2.900262,3.6151319,4.176742,3.6151025,4.529965,3.654766,3.754451,3.6288197,4.6646266,3.0029879,3.0371373,3.389164,3.430879,2.7786784,3.061096,3.3872902,3.2668376,3.840285,3.1367362,3.2211466,3.1645603,3.8889103,3.2405086,3.6521714,2.8358202,4.288426,4.395027,4.4612026,4.6905727,4.316184,4.318102,4.05171,4.0837445,3.99744,4.2392964,3.9107287,3.8105097,4.3725667,3.5605984,3.9682958,3.7698536,4.0703015,4.196856,4.9268274,4.4380198,5.093139,4.8998713,5.361056,5.5244265,2.7929916,2.7738733,3.0605707,2.7725554,3.3455129,3.5441597,3.7829392,3.731591,3.6380317,3.707504,3.1635423,3.6362104,3.219199,3.1707487,3.700341,4.2453,2.5764675,2.5739303,2.3686192,2.3747427,2.4937832,2.3649,2.6246538,3.0375097
13,3.4442346,2.578113,1.231266,2.550268,2.5045109,2.5998452,3.3870292,3.1083891,2.8370373,2.142445,2.64571,3.5555873,1.6571221,0.0,2.2384763,2.4120672,2.145318,3.0812182,2.119672,2.4025316,2.9898431,3.0848436,2.980083,2.7641342,2.119584,2.2866302,2.4672778,2.7214317,3.039877,2.992336,2.7506824,1.5657462,3.5279958,3.508912,2.9879115,2.9652357,2.741935,2.741935,2.8178115,2.7441382,2.8691897,2.8691897,2.802272,2.802272,2.7376657,2.8059566,2.8059566,3.1512012,2.7862458,2.9140804,3.2275448,2.5972838,4.107994,4.249035,2.368745,2.3588607,3.3706245,3.9541986,3.3537185,4.300692,3.3870618,3.5102823,3.3521507,4.3558226,2.23772,2.3404362,2.7769766,2.8340762,2.0165427,2.2931278,3.511135,3.344245,3.448876,2.5392926,2.6793165,2.5532234,3.3033516,2.541765,3.0067358,2.0256846,3.8593829,3.9329984,4.0192676,4.331506,3.919038,3.9136746,3.8390245,3.8887298,3.4987164,3.7128477,3.4054325,3.2927842,3.7596767,2.904667,3.4191163,3.1458082,4.030347,4.1629715,4.9210196,4.341569,4.912853,4.930679,4.923289,5.108868,2.655678,2.8598578,3.255164,2.9653945,3.4857929,3.4552398,3.4072526,3.4348114,3.4240692,3.525454,3.0414033,3.4235313,3.0811574,2.968979,3.598205,4.182447,2.3052192,2.385312,2.1062865,2.1594281,2.4231617,2.2123833,2.5286946,3.5240238
14,4.0079045,3.5499344,2.4082959,3.416592,3.464738,3.3503952,3.8421028,3.7020614,3.6988945,3.1831846,2.6626434,3.5112617,2.7445602,2.2384763,0.0,0.48272452,3.0917559,2.9083724,3.0461752,3.5270088,3.5118477,3.6159036,3.2061188,2.9923563,2.813,3.0044756,3.2721202,4.0181966,3.5959897,3.5235002,3.3344536,2.4084935,4.0431013,4.03021,3.6577098,3.6516328,3.3765252,3.3765252,3.4615345,3.3927777,3.494158,3.494158,3.4181664,3.4181664,3.4011757,3.4381611,3.4381611,3.7414536,2.6955338,2.863847,3.4398816,2.8018036,4.1835785,4.2641745,2.638869,2.502116,3.4883075,4.064187,3.5152223,3.1620235,3.510303,3.5977826,3.4827368,4.2959104,2.9952924,3.2716167,3.3540518,3.3094823,2.977412,3.2719142,4.257519,3.7817895,3.4214573,3.0651488,3.2501776,3.133413,3.719839,3.1908364,3.6796052,2.84084,4.694251,4.5077267,4.8263593,4.5603223,4.5025277,4.483478,4.417459,4.469652,4.4343624,4.5342813,4.3428493,4.1289907,4.3590016,3.626274,4.2631674,3.821354,4.464286,4.49268,5.226987,4.903136,5.309854,5.337851,5.3372087,4.940444,3.3814187,3.275813,3.971161,3.7823873,3.9779074,3.8204472,4.1640606,4.1873474,3.9178092,3.9860435,3.6934867,4.0167284,3.8152869,3.757229,4.5441914,4.7763424,3.19096,3.1547709,3.0276318,3.0803351,3.3918397,3.1565206,3.4225264,4.292731
15,4.1030583,3.734893,2.6810584,3.6208649,3.6517549,3.5323215,3.9968238,3.8570051,3.8630698,3.4054215,2.9236486,3.7356236,2.926048,2.4120672,0.48272452,0.0,3.303606,2.9350388,3.181239,3.6958976,3.6570835,3.7791572,3.2922742,3.1140223,3.0470746,3.2407572,3.471646,4.2505016,3.7564793,3.6502304,3.4949856,2.5911849,4.0509458,4.044444,3.6792107,3.677099,3.4174562,3.4174562,3.5138798,3.445887,3.5319788,3.5319788,3.4674804,3.4674804,3.4402397,3.4880779,3.4880779,3.7556398,2.6787653,2.8105268,3.4246519,2.8029726,4.135744,4.212036,2.7094476,2.550923,3.4857953,4.0585794,3.51251,2.9581542,3.5159235,3.571139,3.5032487,4.3276587,3.073001,3.4018915,3.4535677,3.3963952,2.990626,3.316303,4.219463,3.7687109,3.4854856,3.0968404,3.2697449,3.185453,3.8201652,3.2895412,3.7762997,2.9579272,4.78789,4.575186,4.9284935,4.6531363,4.5396357,4.5353537,4.4453163,4.4966545,4.5825496,4.6919146,4.482628,4.2695847,4.4446497,3.7179246,4.387679,3.91545,4.4693365,4.4894977,5.2289095,4.9000998,5.379719,5.3984184,5.4083323,4.9395323,3.4439037,3.3628001,3.998945,3.8247082,4.036267,3.8736382,4.1092215,4.140951,4.0236335,4.1089993,3.8566372,4.108901,3.884902,3.829021,4.6517396,4.9002094,3.3608687,3.3199232,3.1445396,3.213073,3.5120032,3.2901878,3.5460498,4.3967986
16,3.7972457,2.6144853,1.965704,2.7038498,2.7458167,2.764828,3.4306977,3.332216,2.643911,2.636843,2.4941664,3.5948281,1.4954555,2.145318,3.0917559,3.303606,0.0,2.7243593,1.3398837,1.0683328,2.5146832,2.553132,2.594198,3.2956572,2.810686,2.1422997,2.5410395,2.696572,3.1568987,3.346499,2.9472044,2.3379402,3.5070097,3.4838343,3.2372591,3.2273252,3.5310526,3.5310526,3.5218074,3.5219762,3.6007304,3.6007304,3.545481,3.545481,3.4874141,3.539034,3.539034,3.359904,3.581497,3.6820369,3.8649836,3.2457254,4.3871684,4.484114,2.9119487,2.9822798,3.7529917,4.404295,3.751196,4.738829,3.8016713,3.9103537,3.7355406,4.0722814,3.2419384,3.3252344,3.1960146,3.203886,3.1766164,3.0628004,3.7046278,3.2706337,3.890726,3.434076,3.556616,3.3865895,4.2895617,3.3376887,3.0745847,3.0681114,4.434525,4.5620074,4.5668435,4.7462564,4.590513,4.556271,4.326842,4.3756022,3.908734,3.8944035,3.8589263,3.7158537,4.3430376,3.599029,3.816855,3.718164,4.0431776,4.375088,5.0636463,4.4351397,4.6175838,4.4293985,4.8621216,5.0502553,2.9809072,2.9809124,3.1022403,2.8677585,3.2364347,3.5856,3.7707014,3.7268724,3.7775438,3.779387,2.9556746,3.4937859,2.993938,2.919316,3.8397448,4.287918,2.0543587,2.0188663,2.0595944,2.0405955,2.1989954,2.062473,2.2113287,2.655503
17,4.4742246,3.619753,2.9865541,3.4902773,3.525326,3.478571,4.1706448,3.9882896,2.943916,2.7884264,3.6385548,3.7768316,2.741399,3.0812182,2.9083724,2.9350388,2.7243593,0.0,2.6692603,3.1320283,2.817275,2.93833,2.541393,3.3321888,3.5427477,3.075396,3.483488,3.9951563,3.1290584,3.1491735,2.9220817,3.1700375,4.3634315,4.356495,3.9320936,3.93551,4.4172244,4.4172244,4.465698,4.4305563,4.535994,4.535994,4.4489985,4.4489985,4.390348,4.449356,4.449356,4.233448,3.9630964,4.0262866,4.141665,3.6320846,4.8831906,4.9271283,3.6560667,3.6079414,4.2801895,4.7731385,4.3342733,4.244887,4.39274,4.3886,4.352293,4.869852,3.68178,3.8682182,3.6224923,3.518434,3.744164,3.2736251,4.0477138,3.4833915,4.708836,4.1018896,4.1676464,4.12475,4.717552,3.8595192,4.5761194,3.718024,4.90085,4.6054153,4.985622,5.1373672,4.655511,4.649269,4.3807106,4.4659634,4.543248,4.3334155,4.4987683,4.3658805,4.4605446,3.718559,4.4085813,3.9867427,4.576905,4.827494,5.107661,4.7435503,4.8119397,4.6558566,5.325077,4.9658194,3.6131158,3.6253362,3.8467877,3.501863,3.4226537,3.7987313,4.17511,4.169677,4.829253,4.8774657,3.8875275,4.1052704,4.062115,4.015134,5.217391,5.6948457,3.7129288,3.7194612,3.622858,3.635317,3.6217573,3.4800184,3.755576,4.1154084
18,3.707,2.752331,2.1647334,2.8169022,2.7729266,2.8568275,3.60568,3.327047,2.7403502,2.6196625,2.4888117,3.74471,1.3592428,2.119672,3.0461752,3.181239,1.3398837,2.6692603,0.0,0.9700964,2.5688972,2.7076569,2.5560381,3.3550735,2.827834,2.3901877,2.7427197,2.68464,3.335183,3.369737,3.1088982,2.358997,3.0576162,3.025414,2.5721126,2.5619287,3.013425,3.013425,3.0223646,3.012518,3.0938292,3.0938292,3.0298011,3.0298011,2.9565105,3.021233,3.021233,2.6854544,3.1581964,3.187203,3.2259626,2.8194888,3.6359227,3.742533,2.417563,2.6054952,2.971003,3.7757573,2.9259753,4.020847,2.9893534,3.1323757,2.9494245,4.0030518,2.679902,2.940681,3.0824635,3.072754,2.7052455,2.7175682,3.0678623,2.7537217,3.383916,2.805279,2.8497167,2.7807438,3.9158638,2.7994204,3.3029368,2.5927625,4.0280027,4.092547,4.225544,4.3936586,4.091527,4.0862474,3.8366594,3.8616302,3.6207108,3.8164046,3.5590115,3.4217677,3.6904585,3.1156783,3.3461475,3.1798048,3.3691134,3.7414095,4.215146,3.7503424,4.291341,4.085947,4.6451263,4.80736,2.6478791,2.707223,2.8108747,2.504692,2.9090261,3.2253122,3.5000641,3.4732122,3.579061,3.6599472,2.8428178,3.150128,2.6136496,2.5715723,3.5125823,3.9971673,2.211737,2.1925251,2.125784,2.088241,2.3906386,2.1756916,2.4479995,2.9563756
19,3.679612,2.7054753,2.2465684,2.8194385,2.8188393,2.8837109,3.5311143,3.3214052,2.876736,2.872925,2.6322863,3.7172012,1.7632678,2.4025316,3.5270088,3.6958976,1.0683328,3.1320283,0.9700964,0.0,2.5074842,2.5883172,2.6048877,3.3351943,2.999059,2.541492,2.7933362,2.6881332,3.3068345,3.4414008,3.1224694,2.5179229,3.1129153,3.0754502,2.6971536,2.6842718,3.0804336,3.0804336,3.0646627,3.0698662,3.1438386,3.1438386,3.0914092,3.0914092,3.0255253,3.0785854,3.0785854,2.7869186,3.3575835,3.3914576,3.4694738,2.9952083,3.77507,3.8951514,2.607824,2.783305,3.1875927,3.9454932,3.1510508,4.5303593,3.21228,3.32977,3.1511948,3.6753733,2.9571486,3.061164,3.0756152,3.1110392,2.9897919,2.813212,3.5042107,3.0899477,3.48926,3.0850306,3.128819,3.0361023,4.126299,3.1072555,2.926856,2.8144143,4.1137314,4.2789545,4.2881303,4.48987,4.2698064,4.262111,4.0044885,4.029861,3.6366646,3.654929,3.5802999,3.4426768,3.9016502,3.299227,3.417717,3.3566267,3.5250409,3.9258802,4.468191,3.851663,4.151294,3.9394271,4.431112,4.7880816,2.8850214,3.0664213,3.020401,2.7551649,3.1228938,3.4200375,3.7065408,3.6678083,3.557362,3.5902805,2.6909685,3.115268,2.5630152,2.5145288,3.231461,3.6967084,1.8638135,1.8168149,1.8361874,1.7829101,2.1578882,1.9484305,2.113449,2.6386673
20,3.4953697,3.2019868,2.7584991,3.1511242,3.1732247,3.2142284,3.44449,3.5876064,3.2033012,3.2916377,3.0708325,3.4121692,2.614573,2.9898431,3.5118477,3.6570835,2.5146832,2.817275,2.5688972,2.5074842,0.0,0.5046327,0.8094969,2.1238382,2.9155097,2.7365382,3.178968,3.4547238,2.7004857,2.875539,2.7142043,2.7635224,3.1324139,3.1194658,2.8961127,2.890608,3.1987576,3.1987576,3.2185783,3.2046137,3.384865,3.384865,3.2138343,3.2138343,3.1638858,3.2147224,3.2147224,3.0382855,2.96611,3.0496798,3.9602199,3.2510834,4.4121046,4.451035,3.038273,3.010191,3.7281888,4.3379726,3.8611286,4.7728777,3.9204843,3.8843594,3.8538885,4.2109814,3.4258325,3.4489114,3.0600915,3.0548854,3.5250123,2.78042,4.233708,3.430653,4.02755,3.8483536,3.7368271,3.7922468,4.2320924,3.7289436,4.2008095,2.9668794,4.8440127,4.8919225,4.9828076,5.044868,4.8135457,4.8637824,4.5262766,4.5987644,4.4299583,3.919522,4.3834367,4.0416465,4.6201587,3.7568834,4.125751,4.0927477,4.3892035,4.652526,4.694503,4.452658,4.27732,4.0912704,4.575214,4.7508945,3.5192087,3.8878233,3.6697009,3.619647,3.528939,3.6864927,4.214154,4.1387916,4.598956,4.615999,4.057105,3.8369765,3.800042,3.795266,3.8053231,4.152085,3.2940958,3.2628736,3.2457714,3.228409,3.356119,3.1318247,3.28521,3.767614
21,3.768853,3.2152345,2.8602538,3.1981173,3.2402542,3.3489363,3.5586278,3.7033741,3.3269424,3.4110317,3.2106745,3.5039012,2.7436907,3.0848436,3.6159036,3.7791572,2.553132,2.93833,2.7076569,2.5883172,0.5046327,0.0,0.9099673,2.1404686,2.7546918,2.5661898,3.122335,3.323033,2.5327334,2.744969,2.6096935,2.699469,3.2949271,3.2776465,3.0493195,3.0398564,3.3160017,3.3160017,3.318711,3.3190737,3.4757528,3.4757528,3.334729,3.334729,3.2910101,3.3320274,3.3320274,3.209408,3.0876734,3.2092018,4.066652,3.3831167,4.5214443,4.5834064,3.1992934,3.1384695,3.9199295,4.5243425,4.039201,4.943898,4.0926228,4.061505,4.0199175,4.2740335,3.6908102,3.501051,2.8695483,2.872885,3.683405,2.9357057,4.402456,3.6002343,4.1254897,3.9403434,3.868525,3.9011157,4.4599543,3.9911518,4.246354,3.0841694,4.768138,4.842404,4.8901825,4.9660463,4.7796526,4.820358,4.4974213,4.5718355,4.2883105,3.7114666,4.251244,3.8913238,4.701973,3.858574,4.2275352,4.178748,4.2836337,4.566867,4.6598234,4.377825,4.125891,3.944652,4.4057627,4.597951,3.376837,3.7468832,3.5512438,3.5190146,3.3785305,3.570504,4.05423,3.9672515,4.678207,4.6663957,4.1052575,3.921258,3.9077919,3.9044237,3.8396187,4.204426,3.3535604,3.3250043,3.3027723,3.302399,3.2655456,3.252813,3.363267,3.5832188
22,3.75193,3.328327,2.9029589,3.2987068,3.3217378,3.372973,3.6999424,3.6604087,3.3811378,3.4357164,3.189567,3.5791454,2.6296816,2.980083,3.2061188,3.2922742,2.594198,2.541393,2.5560381,2.6048877,0.8094969,0.9099673,0.0,2.0257192,2.893983,2.7332244,3.230409,3.5061302,2.6971123,2.7610052,2.6792264,2.643748,3.234947,3.2269268,2.919905,2.9163415,3.2035954,3.2035954,3.2571697,3.2252102,3.385479,3.385479,3.2500167,3.2500167,3.195709,3.2541733,3.2541733,3.0661628,2.8171644,2.8903303,3.7351043,3.186385,4.247442,4.316332,2.9923441,2.9386334,3.6172645,4.1850286,3.721511,4.312825,3.7811897,3.7185442,3.7275221,3.9776845,3.4897113,3.4317436,2.8728697,2.8622007,3.4270265,2.7432072,4.2351832,3.437788,3.9641438,3.6935446,3.614102,3.7074716,4.3528514,3.8502655,4.1178913,3.0342348,4.73634,4.721946,4.891631,4.9105377,4.593823,4.6635346,4.310988,4.369452,4.4518986,3.9437532,4.3916173,4.0437346,4.5282493,3.8347363,4.333566,4.131254,4.1301436,4.374412,4.592555,4.2525516,4.1689496,3.9678311,4.4639654,4.444021,3.3139017,3.7118075,3.5528572,3.4570293,3.3736718,3.521304,4.0260196,3.9599838,4.4670215,4.477988,3.9277856,3.7392924,3.6218922,3.6298945,3.7669644,4.181951,3.2824223,3.2462084,3.128487,3.152291,3.2486148,3.1783898,3.3287916,3.6474133
23,3.3091037,2.9839783,2.5795274,2.9174998,2.957953,2.9543798,3.2141192,3.2905293,3.6248887,3.2919688,3.5661283,3.2023306,3.4343235,2.7641342,2.9923563,3.1140223,3.2956572,3.3321888,3.3550735,3.3351943,2.1238382,2.1404686,2.0257192,0.0,2.7499385,3.3249297,3.071372,3.9802089,2.348044,2.5627465,2.4084826,2.4718974,3.8980477,3.8819911,3.439366,3.427473,2.9660997,2.9660997,2.9952993,2.97923,3.1518154,3.1518154,3.0049074,3.0049074,2.9587963,3.0032845,3.0032845,3.5345824,2.4871514,2.5823476,3.6032526,2.862214,4.0295477,4.098809,2.7678874,2.6009908,3.4163172,4.0160465,3.5369625,4.2283926,3.5837393,3.5303993,3.5186374,3.6294816,2.9051173,2.8996496,2.260525,2.297678,3.040165,2.0789082,4.565198,3.7701862,3.5740445,3.3262584,3.2616398,3.313219,3.8631508,3.3499506,3.5348575,2.3663478,4.3818235,4.3429523,4.511391,4.5479164,4.2759132,4.335446,4.22922,4.316022,3.9957156,3.3547578,3.932367,3.5486164,4.119992,3.2421753,3.7451947,3.536534,4.259338,4.5145926,4.6568537,4.2578683,4.0353565,4.1735244,3.8923957,3.9456444,3.462268,4.05861,4.0041375,3.9370902,3.7553477,3.58252,4.165415,4.1875114,4.4881535,4.5221233,3.9464931,3.6933198,3.7127757,3.6853201,3.8409872,4.1982546,3.2005098,3.2195942,3.0987616,3.135501,3.3133874,3.1331902,3.3317955,4.2858005
24,4.1689777,2.627424,2.2285058,2.6066663,2.633229,3.0705848,3.3340418,3.3903809,3.4972484,2.9922464,2.8251257,3.4868896,2.4530072,2.119584,2.813,3.0470746,2.810686,3.5427477,2.827834,2.999059,2.9155097,2.7546918,2.893983,2.7499385,0.0,1.415486,2.1367283,2.4134512,2.162236,2.2375574,2.2038987,1.0849077,3.465212,3.433991,3.0191936,3.0006847,2.7968776,2.7968776,2.7904584,2.79244,2.810091,2.810091,2.8447764,2.8447764,2.8202384,2.8400352,2.8400352,3.2282336,2.8077605,3.0240886,3.633219,2.8667417,4.370305,4.553006,2.7038617,2.6628025,3.7637882,4.4609904,3.814361,4.7660313,3.8061445,3.8527088,3.7781236,4.806423,3.530908,2.5338173,2.1362085,2.2419384,3.226203,3.2341385,4.3354874,4.0404983,3.5679772,3.2069678,3.3898153,3.306547,4.405434,3.8704972,3.869273,2.5041091,3.601584,3.7634768,3.7014866,3.7612743,3.7197118,3.701516,3.6601055,3.6984649,2.8985877,3.0412552,2.811733,2.6058733,4.3944564,3.374464,3.7536008,3.5507796,3.5990276,3.900696,4.19809,3.8639026,4.4950294,4.5111833,4.4502425,4.685099,1.8416097,2.2164676,2.814182,2.619282,2.7664523,2.6562722,3.2018292,3.160921,4.4013777,4.4166484,3.740272,3.8777454,3.884313,3.8686543,3.811204,4.16913,3.2583616,3.2476146,2.9721558,3.0918314,2.4887583,3.198427,3.368047,3.1521814
25,4.6602716,3.0690267,2.2977216,3.1139474,3.1458635,3.4977593,3.835823,3.8157895,3.1481977,2.9623146,2.6536546,3.6657674,1.830655,2.2866302,3.0044756,3.2407572,2.1422997,3.075396,2.3901877,2.541492,2.7365382,2.5661898,2.7332244,3.3249297,1.415486,0.0,2.5831559,2.1118217,2.5643141,2.4585729,2.3390071,1.4924259,3.4049878,3.3803725,3.1551926,3.1453118,3.392007,3.392007,3.4245992,3.3891833,3.3847232,3.3847232,3.430811,3.430811,3.3932405,3.4282098,3.4282098,3.4023767,3.436815,3.626829,4.0631256,3.3122187,4.7213087,4.8962536,3.0936935,3.1141026,4.106491,4.7018056,4.1404576,5.022204,4.1526046,4.1956067,4.117284,4.9639287,3.8815992,3.1298084,2.6456714,2.7209454,3.5325782,3.5263696,4.123595,3.815915,4.026784,3.5863364,3.7573402,3.6745892,4.6083546,4.1931243,4.1286592,3.1875637,3.9279573,4.1039433,4.039352,4.166675,4.0711617,4.0365663,3.8322237,3.9007688,3.3644717,3.4383461,3.3011498,3.1346734,4.7981687,3.8002965,4.2267547,4.01288,3.7825754,3.931225,4.573831,4.1938176,4.632807,4.4865885,4.801842,4.9976697,2.072538,2.140654,2.5562882,2.4649017,2.620921,2.766818,3.2068353,3.1182218,4.216094,4.200687,3.7239225,4.091105,3.911242,3.898276,4.168144,4.5910516,3.2278938,3.1854224,2.9674275,3.0442793,2.34473,3.1045873,3.236376,2.5862596
26,3.1849058,0.83683187,2.4817185,1.0106968,1.0600587,1.5580131,2.247834,2.1749737,3.5145333,3.1515503,3.1393626,3.838334,2.758047,2.4672778,3.2721202,3.471646,2.5410395,3.483488,2.7427197,2.7933362,3.178968,3.122335,3.230409,3.071372,2.1367283,2.5831559,0.0,3.098073,2.5716178,3.286638,2.9722652,2.2053475,4.0106206,3.9936752,3.629996,3.6228917,3.49783,3.49783,3.4820478,3.4858131,3.548748,3.548748,3.5786228,3.5786228,3.522707,3.5675251,3.5675251,3.8421848,3.4686291,3.5735784,3.983983,3.2944257,4.635517,4.6760464,3.1629574,3.057579,3.9986918,4.5162864,4.0871377,5.022598,4.11916,4.206985,4.0751348,4.796886,3.5533388,3.1880813,2.9659615,3.0596294,3.4069085,3.4515073,4.327299,4.018189,3.8576465,3.504305,3.7250676,3.5117168,5.231176,3.7960734,3.7462955,3.0123267,4.1151,4.2114177,4.1880846,4.28241,4.2963142,4.2365675,4.2257166,4.2330203,3.62976,3.7434802,3.5675647,3.4448938,4.5930605,3.6799338,3.9202147,3.6628716,4.2636914,5.052618,5.0019317,4.5809536,4.877273,4.864254,4.8834834,5.055482,2.532338,2.8327732,3.1577382,3.0756087,3.3548388,3.6190882,3.7595503,3.778074,5.292675,5.3176694,3.8175187,4.139435,3.9981408,3.9525526,4.3378735,4.615609,3.1417656,3.1893768,3.0492842,3.18051,2.8176777,3.0831583,3.2717319,3.526372
27,4.971095,3.4478273,3.075833,3.4984112,3.4400592,3.932399,4.717451,4.0818076,3.3188868,3.1518009,3.1833668,4.0538526,2.4877832,2.7214317,4.0181966,4.2505016,2.696572,3.9951563,2.68464,2.6881332,3.4547238,3.323033,3.5061302,3.9802089,2.4134512,2.1118217,3.098073,0.0,3.2198162,3.0760415,3.039628,2.4453366,4.3394156,4.2823915,3.4789293,3.4436886,3.6909578,3.6909578,3.7581139,3.690943,3.7307115,3.7307115,3.746365,3.746365,3.7046287,3.744195,3.744195,3.7910867,4.175014,4.3255205,3.673812,3.9517593,5.1562276,5.4147277,3.6229348,3.8057232,4.5093184,5.020256,4.4203944,5.738517,4.423308,4.556285,4.407732,5.2759237,4.1627927,3.6036572,3.2413225,3.3358393,4.011533,3.905546,4.370908,4.181413,4.498571,4.02682,4.1142874,4.1185627,4.9353523,4.388957,4.350438,3.551948,3.9526823,4.2126265,4.0991673,4.4431233,4.231036,4.2213025,4.1533337,4.186334,3.5790431,3.7677283,3.5153344,3.5872257,4.103556,4.1985145,4.4591875,4.4262695,4.2126217,4.4087133,4.969444,4.525596,5.0037985,4.908665,5.1284394,5.6548886,2.86915,3.220657,3.1349907,3.279381,3.1563237,3.186495,3.716129,3.643966,4.0015535,3.9777582,3.3316193,3.8132253,3.6328645,3.5652573,3.7045062,4.2269363,3.5677803,3.5981784,3.3867745,3.4500492,3.266,3.874746,4.0584545,3.5680673
28,4.178939,2.7380648,2.733318,2.619932,2.6697185,3.023676,3.2295952,3.1797915,2.9506307,2.7330337,3.6528769,2.8190067,3.353964,3.039877,3.5959897,3.7564793,3.1568987,3.1290584,3.335183,3.3068345,2.7004857,2.5327334,2.6971123,2.348044,2.162236,2.5643141,2.5716178,3.2198162,0.0,1.1673055,1.0004902,2.2569232,4.121066,4.096822,3.599666,3.592703,3.576066,3.576066,3.62369,3.5831742,3.6191442,3.6191442,3.6451187,3.6451187,3.5995276,3.6388574,3.6388574,3.965753,3.442718,3.5630817,4.0723186,3.343052,4.8055406,4.9491243,3.3746953,3.3204308,4.2461853,4.7034035,4.342313,5.2174106,4.3708673,4.3153563,4.335204,4.752275,3.863525,3.1499493,2.268545,2.401318,4.1027584,3.2608514,4.6151147,4.0678334,4.3916855,4.1767254,4.2677813,4.256227,4.9181414,4.292525,4.0836935,3.1115968,3.5698414,3.5995297,3.565025,3.737781,3.5969026,3.6050174,3.5408566,3.6559706,2.9685376,2.5829518,2.9190452,2.773565,4.281095,3.1921642,3.783662,3.486886,4.210199,4.61946,4.2414203,3.8612223,4.3135033,4.380128,4.311076,4.541007,2.826113,3.4555125,3.315647,3.5003314,2.436226,2.4404044,3.6842635,3.6650488,4.992362,5.000202,3.9229312,3.4599426,3.8690352,3.8603103,4.308046,4.6447535,3.633369,3.6306384,3.4491544,3.5301063,3.0175645,3.5382066,3.71315,3.6441393
29,4.7647915,3.4780726,2.8100529,3.3873277,3.389359,3.7370694,3.9998276,3.7861674,2.9211133,2.7351146,3.6989665,2.9384243,3.2524393,2.992336,3.5235002,3.6502304,3.346499,3.1491735,3.369737,3.4414008,2.875539,2.744969,2.7610052,2.5627465,2.2375574,2.4585729,3.286638,3.0760415,1.1673055,0.0,0.6990771,2.122692,4.0589194,4.035492,3.4865255,3.4805462,3.5116248,3.5116248,3.6270845,3.5343263,3.5369349,3.5369349,3.5841115,3.5841115,3.531851,3.583982,3.583982,3.8653727,3.461399,3.5626128,3.973948,3.369477,4.768706,4.981222,3.3408744,3.3823142,4.16988,4.5909734,4.226026,5.06069,4.251572,4.1610837,4.241556,4.808074,3.8442502,3.1008408,2.220068,2.3758402,4.020038,3.1815798,4.462083,3.9890695,4.4313807,4.093803,4.138098,4.237281,4.5699267,4.3731403,4.242386,3.179836,3.3507009,3.3837488,3.4095695,3.651016,3.2573748,3.316777,3.2029374,3.3552532,2.9787817,2.6573467,2.9014833,2.7880254,4.2194023,3.2460847,3.9730062,3.62871,4.0595126,4.13723,4.068193,3.6850543,4.351271,4.403223,4.3481126,4.581452,2.8111236,3.5173175,3.2597985,3.5043168,2.3220685,2.0274992,3.6138985,3.5922108,4.4719167,4.4962034,3.8820896,3.4187472,3.7396605,3.7480485,4.2418528,4.6876965,3.7907314,3.7727919,3.4830604,3.55298,3.0495527,3.665256,3.8676589,3.6864784
30,4.4492297,3.0984447,2.446239,3.0122921,3.0189612,3.3219774,3.6174417,3.4681344,2.6940794,2.4250941,3.402684,2.5553272,3.0492296,2.7506824,3.3344536,3.4949856,2.9472044,2.9220817,3.1088982,3.1224694,2.7142043,2.6096935,2.6792264,2.4084826,2.2038987,2.3390071,2.9722652,3.039628,1.0004902,0.6990771,0.0,1.9874282,3.9814587,3.9521174,3.4803948,3.4761682,3.4585965,3.4585965,3.5490894,3.4683034,3.4785619,3.4785619,3.5118313,3.5118313,3.462687,3.5083117,3.5083117,3.7979822,3.409092,3.5136428,3.9042308,3.169447,4.644577,4.8317914,3.1037996,3.1307955,4.011873,4.4806237,4.084523,4.9898787,4.1098485,4.036448,4.0853095,4.553884,3.5905633,2.9202724,2.1753387,2.3076851,3.868814,2.9681792,4.431165,3.8856614,4.2602267,3.9842746,4.0473247,4.084284,4.462721,4.0798507,3.943203,3.0621397,3.4098518,3.448893,3.4755666,3.668285,3.3833182,3.4124777,3.3132021,3.4533968,2.9555933,2.5721157,2.8972557,2.75127,4.1620502,3.0839977,3.7258492,3.4016876,4.1045537,4.271869,4.1965957,3.8083088,4.2499886,4.2965074,4.2481217,4.5007052,2.7917404,3.4665205,3.29281,3.4087842,2.3902183,2.183616,3.654781,3.6474721,4.411691,4.440501,3.7388315,3.3313613,3.5352087,3.5364888,4.3043556,4.6945906,3.4786038,3.4491925,3.2127273,3.273412,2.8371222,3.330895,3.5505655,3.5613024
31,3.9919374,2.508346,1.763641,2.5712612,2.562765,2.897642,3.2900188,3.2082934,3.1645746,2.7608893,2.5888495,3.3461137,2.0186079,1.5657462,2.4084935,2.5911849,2.3379402,3.1700375,2.358997,2.5179229,2.7635224,2.699469,2.643748,2.4718974,1.0849077,1.4924259,2.2053475,2.4453366,2.2569232,2.122692,1.9874282,0.0,3.2282774,3.205873,2.786533,2.7784562,2.5542545,2.5542545,2.6158147,2.5698373,2.557043,2.557043,2.6160216,2.6160216,2.5510747,2.6122594,2.6122594,2.9602885,2.6185265,2.7475867,3.3003058,2.4742475,3.9585285,4.1550474,2.22068,2.2521932,3.2486854,3.9480813,3.2829442,4.2687125,3.299078,3.3054779,3.2879198,4.1923223,2.9832885,2.294519,1.8536103,1.9874415,2.5925553,2.6090846,3.850921,3.530028,3.2050643,2.6854851,2.842147,2.8218722,4.00503,3.4477746,3.2866337,2.3004212,3.4446256,3.5876935,3.6224153,3.7245576,3.4727318,3.4826393,3.38622,3.4505124,3.0066383,3.065027,2.8872561,2.6966677,4.1917734,3.169773,3.6201298,3.348625,3.3806698,3.5812945,4.240135,3.748516,4.284581,4.284875,4.198959,4.4031553,1.722667,2.3182223,2.5784247,2.4481864,2.7092297,2.5022638,3.0728314,3.0777822,3.8228207,3.867494,3.2978284,3.637579,3.3505363,3.3306425,3.6497703,4.098205,2.7474854,2.7199447,2.320104,2.4569342,1.9632996,2.6002455,2.8203578,2.9071085
