,0,1,2,3,4,5,6,7,8,9,10,11,12,13,14,15,16,17,18,19,20,21,22,23,24,25,26,27,28,29,30,31,32,33,34,35,36,37,38,39,40,41,42,43,44,45,46,47,48,49,50,51,52,53,54,55,56,57,58,59,60,61,62,63,64,65,66,67,68,69,70,71,72,73,74,75,76,77,78,79,80,81,82,83,84,85,86,87,88,89,90,91,92,93,94,95,96,97,98,99,100,101,102,103,104,105,106,107,108,109,110,111,112,113,114,115,116,117,118,119,120,121,122,123,124,125,126,127
0,0.0,0.7681359,1.6559004,1.6748235,1.9328009,1.9790167,1.5920796,1.8139538,2.4429805,1.9209034,2.0412648,2.435974,2.4660144,2.4941022,2.5237355,2.4940803,2.9441009,2.9441009,2.7867002,3.0551052,2.8928866,2.982613,3.301523,3.005362,3.7595875,3.8085248,2.8675454,2.8837993,3.0710943,3.0530512,2.5170443,2.327707,2.2969792,2.2757325,1.8696123,2.4346893,2.3906708,2.257057,2.0842922,2.1845179,2.9443398,2.9443398,3.686761,2.458262,2.213075,1.9708998,1.7539489,2.0893724,3.001933,3.2491195,3.489323,3.5120637,2.0170918,1.9594682,1.7637415,1.9316751,1.9899428,1.980804,2.9364538,2.9095078,3.3364377,2.439649,2.5140033,2.6059444,2.5963395,2.5760217,2.7119746,2.7119746,2.452035,2.8260577,2.650215,2.666302,3.1567757,3.2032557,2.8900645,3.1136942,2.3607304,2.9727495,2.4655027,2.9608862,2.2645845,2.3905613,2.6354976,2.7532578,2.6689844,2.7162929,2.518324,2.3981287,2.7954035,2.90059,3.4384546,2.9679043,2.7543757,2.5276918,2.5927718,2.6990595,2.224607,2.2567756,2.474413,2.447383,3.0210977,3.2195015,3.1254635,2.979527,2.5578258,2.861829,2.8270698,2.6996725,2.661192,2.5591304,3.0239847,3.0225708,2.4438024,2.340168,2.9274588,2.21538,2.8630664,3.5901928,2.5655365,2.9909198,2.7371964,2.777276,2.6188414,2.5139186,2.768234,2.6899388,2.7743511,2.7649543
1,0.7681359,0.0,1.4196255,1.4272122,2.2174127,2.2719831,1.872484,2.0699234,2.1182668,2.1593266,2.2463968,2.5916114,2.6510727,2.660272,2.7000797,2.680586,3.1931605,3.1931605,3.0529985,3.2673655,3.1126409,3.2226002,3.4979992,3.1951647,3.8431025,3.897168,3.0373564,3.0324152,3.2069569,3.1953928,2.7073088,2.500713,2.56152,2.5307384,2.133382,2.7580397,2.6696327,2.5035403,2.3498087,2.4404318,3.056467,3.056467,3.7269037,2.6352103,2.3992486,2.1645496,2.048288,2.3154674,3.1737187,3.3861187,3.6605725,3.6644173,2.3299193,2.1874378,2.071584,2.1797497,2.213152,2.2663789,3.068541,3.0556679,3.45761,2.57193,2.631503,2.6927798,2.231188,2.2021239,2.4459517,2.4459517,2.061151,2.4874725,2.3968873,2.3494182,2.8768027,2.927729,2.6349983,2.7377014,1.9880298,2.7678277,2.117058,2.6781695,1.9355943,2.0942576,2.2319143,2.370686,2.2963521,2.3432238,2.1415563,2.0245707,2.436844,2.5769265,3.0188947,2.654418,2.9430134,2.146479,2.2203074,2.3759205,2.4778025,2.4914548,2.6347127,2.605904,3.394198,3.5740979,3.490503,3.361212,2.7467031,3.0066485,3.0138462,2.8776405,2.8452766,2.754692,3.168875,3.160991,2.6454294,2.558422,3.0903451,2.4573536,3.0450287,3.7403605,2.7611036,3.1355498,2.8829684,2.9224107,2.817743,2.7081606,2.94723,2.8511314,2.948226,2.953119
2,1.6559004,1.4196255,0.0,0.068772756,2.3467193,2.3980782,1.8386889,2.047111,2.7951908,2.843108,2.7261922,2.6542666,3.3031836,3.2751088,3.3369164,3.3390112,3.9923077,3.9923077,3.397745,4.0543323,3.9378867,3.992062,4.20734,3.9362733,4.541187,4.607619,3.9051623,3.876513,3.9347498,3.9388797,3.210679,3.0967033,3.281821,3.2612283,2.63481,3.3802445,3.4775414,3.2961533,3.0437741,3.1175075,3.607324,3.607324,4.3199234,3.3171568,3.2101405,3.0148776,2.7837958,3.149671,3.6922686,3.89929,4.1395655,4.106213,3.179663,2.9744098,2.8143632,2.9643447,2.7176068,3.0571098,3.6747391,3.6829665,3.9924266,2.923183,2.95958,3.3783011,2.7011878,2.686789,3.0880516,3.0880516,2.3263032,2.3890002,2.765598,2.7159114,3.2828317,3.2781744,2.459085,2.646657,2.523947,3.2442164,2.7277963,3.1578646,2.608803,2.965231,2.7315078,2.7561882,3.0815558,3.088697,2.959368,2.6467214,2.973928,2.9676147,3.5770905,3.2441785,3.9533858,2.787596,2.6730635,2.9136631,2.980007,2.9900684,2.9438493,2.9241226,3.885315,4.0729666,3.8587923,3.8711543,3.1695333,3.5074437,3.5151896,3.3936756,3.3286812,3.2140493,3.6133282,3.6191838,3.1389525,3.0896492,3.632552,2.9655733,3.406486,4.0767894,3.1997173,3.5680044,3.4960763,3.5314467,3.3446906,3.1873434,3.2459803,3.3854253,3.5179663,3.5378292
3,1.6748235,1.4272122,0.068772756,0.0,2.3756144,2.424376,1.8561181,2.0583608,2.8080027,2.865728,2.7466073,2.671801,3.3324223,3.2881866,3.3489785,3.3521478,4.0115647,4.0115647,3.4228485,4.0792155,3.9667687,4.015391,4.2289786,3.9576514,4.5486455,4.616832,3.9265473,3.898822,3.9583201,3.9634402,3.2497435,3.1382577,3.3063953,3.285616,2.6562417,3.4001572,3.49757,3.3157544,3.0680895,3.1398265,3.6229498,3.6229498,4.331335,3.3455381,3.2256148,3.0389392,2.8123765,3.1729758,3.7099342,3.9155216,4.1750107,4.141834,3.2095034,2.991655,2.831731,2.9801257,2.7403839,3.0756392,3.6815922,3.6907878,3.9938028,2.9212022,2.9640868,3.3737361,2.697659,2.6835651,3.0921123,3.0921123,2.3229787,2.3857853,2.7828133,2.733449,3.2811115,3.2770863,2.4570951,2.6401277,2.5266798,3.2508602,2.738416,3.177664,2.6164355,2.972049,2.73998,2.770882,3.0893314,3.0904245,2.961612,2.6502783,2.9586868,2.9459379,3.5592766,3.2283037,3.9732938,2.7845685,2.6650705,2.9029293,2.9993098,3.005971,2.95486,2.9351196,3.8967545,4.0855174,3.8749058,3.887657,3.181482,3.5259633,3.534838,3.412002,3.3408155,3.2236283,3.62741,3.635727,3.1526005,3.1054916,3.6397164,2.9805965,3.4304225,4.1056414,3.2173095,3.5873375,3.5256965,3.5614922,3.3797078,3.221084,3.2644918,3.4022257,3.5367975,3.5612
4,1.9328009,2.2174127,2.3467193,2.3756144,0.0,0.16345304,1.6941425,1.3713486,3.5208104,2.9948673,2.805746,2.5368602,3.2152767,3.2486093,3.3243618,3.3084023,3.8523011,3.8523011,2.7425961,4.100504,3.552103,3.8063626,3.9972808,3.7994912,4.342585,4.351403,3.729549,3.7971346,3.9068272,3.8381417,2.769624,2.5827045,3.2330444,3.3169992,2.8908823,3.5851676,3.290574,3.202233,2.6365662,2.6894758,3.451706,3.451706,4.3067036,3.2554257,2.855329,2.7186117,2.5504735,2.8624554,3.7710268,4.0832686,3.6597369,3.6562035,2.796846,2.913235,2.5400949,2.7998924,2.3462741,2.7387347,3.5018332,3.484144,4.219057,3.2115993,3.6435943,3.8575032,3.705433,3.669616,3.965287,3.965287,3.2595644,3.029648,3.4242449,3.4186761,4.065288,3.996322,3.337615,3.3156643,3.4415777,3.9993143,3.3338854,3.4327571,3.512995,3.4117017,3.2310536,3.1303911,3.4953778,3.7476537,3.2891164,3.4033837,3.826677,3.8721206,4.640131,4.174113,3.8444035,3.3685033,3.582572,3.8140433,2.9997745,3.0208318,3.2472198,3.2351313,4.0738378,4.105244,3.7327075,3.3275628,3.230521,3.6447861,3.68818,3.4547837,3.4175658,3.3328133,3.6562543,3.579557,3.4401264,3.1883895,3.71444,3.1655655,3.1546144,4.1426325,3.2575617,3.571197,3.2364807,3.259197,2.9368994,2.8325088,2.980155,3.3968666,3.4306948,3.485943
5,1.9790167,2.2719831,2.3980782,2.424376,0.16345304,0.0,1.7214975,1.3734723,3.557876,3.011591,2.8343441,2.5704489,3.2496986,3.2477963,3.325403,3.3112974,3.863325,3.863325,2.7701337,4.1313977,3.5824814,3.81716,3.9952705,3.8222737,4.3348823,4.344455,3.7392883,3.8076162,3.9178126,3.8504908,2.8060837,2.6304543,3.259339,3.3518476,2.9185588,3.6013334,3.2930238,3.2152863,2.6490412,2.7025366,3.4174376,3.4174376,4.3205147,3.2844825,2.8602726,2.730661,2.5779297,2.8689852,3.7761788,4.0902095,3.6663427,3.6670303,2.830297,2.9197817,2.543299,2.8022995,2.3483398,2.7347527,3.4800136,3.4641075,4.2241077,3.2128644,3.67714,3.8533237,3.7293823,3.693465,4.0032864,4.0032864,3.2901556,3.0651255,3.4719517,3.4704719,4.0833554,4.0167723,3.3722937,3.341248,3.4733646,4.014312,3.3852618,3.4651628,3.5521872,3.4398642,3.2774649,3.1779046,3.5266685,3.7660627,3.3012686,3.4354746,3.846239,3.8816166,4.6601777,4.186665,3.8547504,3.426068,3.6059377,3.862346,3.0129175,3.0328085,3.2474582,3.2366512,4.0812325,4.1156163,3.7230742,3.2978723,3.2192943,3.654623,3.6954134,3.4573324,3.4128017,3.3254578,3.6477778,3.5716524,3.447052,3.2012467,3.70249,3.1706922,3.1822872,4.170359,3.258215,3.570299,3.265254,3.289086,2.9868972,2.8781905,2.9985285,3.4060214,3.4493623,3.501844
6,1.5920796,1.872484,1.8386889,1.8561181,1.6941425,1.7214975,0.0,1.109118,3.2008715,2.6410959,2.3988962,2.1941035,2.9810898,2.9930885,3.023687,3.0008192,3.539077,3.539077,2.713416,3.7197943,3.4948921,3.603115,4.2829046,3.5731602,4.3522806,4.401431,3.678875,3.7145774,3.722304,3.6628456,2.9870236,2.8845825,2.7602336,2.7422585,2.1902032,3.2888923,3.105581,2.9426894,2.4938009,2.5506704,3.1411676,3.1411676,4.264447,3.156905,2.9747798,2.761783,2.4774084,2.9177363,3.6141527,3.8711166,4.0706773,4.055779,2.8193536,2.83486,2.527899,2.7844706,2.4359887,2.6937578,3.5111797,3.4781706,3.7580736,2.5807123,2.502132,3.174571,3.3690162,3.3444557,3.4961588,3.4961588,2.8926377,2.7788734,3.157353,3.1674464,3.5871055,3.5609794,2.9883783,3.469156,3.0511906,4.149487,3.1759672,3.633026,3.1708949,3.343539,3.1052756,3.1150076,3.323299,3.5275779,3.325316,3.2268362,3.534567,3.5462134,4.2658076,3.810134,3.627711,3.3179667,3.177034,3.6341531,2.4553778,2.4263518,2.4538748,2.4400957,3.3719387,3.461405,3.243938,3.1898954,2.7708642,3.127008,3.2522488,3.0115526,2.9288182,2.8105817,3.2656162,3.2429886,2.8131082,2.5990567,3.3942072,2.5821638,2.8231854,3.6150134,2.6667433,3.0901704,3.0689864,3.118302,2.779266,2.6123495,2.5969024,2.9456441,2.927462,3.16434
7,1.8139538,2.0699234,2.047111,2.0583608,1.3713486,1.3734723,1.109118,0.0,3.5102866,3.0230198,2.6828558,2.3660717,3.4246979,3.4167433,3.4455602,3.426051,3.7500594,3.7500594,2.7202518,4.0050097,3.5812502,3.780715,4.2522125,3.8397346,4.49875,4.5611033,3.7504075,3.7834065,3.8235176,3.7554452,2.948797,2.8892531,3.205571,3.2422893,2.705836,3.5862467,3.162745,3.021337,2.5218747,2.5410407,3.2103283,3.2103283,4.298429,3.1330698,3.0713654,2.8311677,2.5369291,2.977842,3.5223088,3.8173273,4.0854354,4.0514383,2.8399637,2.8243032,2.4742203,2.7538567,2.4347394,2.75706,3.6466758,3.6181483,3.7564995,2.4801779,2.978055,3.2251325,3.724118,3.698277,3.7776613,3.7776613,3.208025,2.9581056,3.51756,3.487987,3.874509,3.8256097,3.2450976,3.4455936,3.3899121,4.213688,3.17067,3.9534438,3.5482035,3.4553125,3.293702,3.2726634,3.5479383,3.8382087,3.3816946,3.5218327,3.8063588,3.7809677,4.536879,4.1171575,3.9942124,3.50881,3.5495644,3.8910928,2.7763922,2.794577,2.8674083,2.8703067,3.6951878,3.7187,3.5320094,3.1849568,3.1159823,3.4880183,3.639356,3.3341265,3.2837536,3.1667166,3.5957613,3.56356,3.2507272,2.9756894,3.3714254,3.0008872,3.0967736,3.9883366,3.147871,3.5415826,3.3808312,3.4170337,3.0660486,2.940765,2.7999575,3.2360067,3.216055,3.5614152
8,2.4429805,2.1182668,2.7951908,2.8080027,3.5208104,3.557876,3.2008715,3.5102866,0.0,1.6733359,2.0951698,2.8388731,2.634393,2.4793591,2.5455103,2.5841742,2.7398639,2.7398639,3.088682,2.8817966,2.7958376,2.58019,3.6552677,2.6084657,3.908641,3.9241066,2.4940274,2.4497635,2.5029838,2.519983,2.6031413,2.4733453,2.6323705,2.558222,2.5587847,2.7557292,2.5940123,2.4857986,2.5621462,2.6895583,2.951687,2.951687,3.1844666,2.154853,2.4961364,1.9304651,2.5485673,2.006003,2.6199386,2.6512265,3.0913217,3.0636709,2.2572756,2.005382,2.199511,2.0810456,2.5717218,2.462988,3.2522774,3.2826302,3.1596987,2.9666183,2.8256147,2.7214246,2.5687163,2.5692453,2.8764703,2.8764703,2.7640476,3.4318447,2.9066567,2.9598985,3.117535,3.4642015,3.4067342,3.815865,2.6045396,3.3905885,2.7838614,2.987161,2.3482065,2.5739534,2.7511568,2.5039058,2.6273727,2.4529955,2.5338411,2.5318062,2.9434981,3.256889,3.30664,3.076084,2.674025,2.9472764,2.723599,2.9581137,2.9364045,3.0053737,3.017819,2.9937916,3.6853497,3.8051713,3.6448104,3.6852024,3.0005054,2.7557082,2.8132284,2.9015002,2.9218614,3.0350463,2.8626406,2.895561,2.8403592,3.0816894,3.5776331,2.9186773,3.12811,4.0302577,2.806775,2.7448163,2.780785,2.8078806,3.017611,2.8888009,3.112473,2.8562195,2.9958107,2.6346698
9,1.9209034,2.1593266,2.843108,2.865728,2.9948673,3.011591,2.6410959,3.0230198,1.6733359,0.0,1.434287,2.454853,2.1165457,1.847061,1.8587469,1.8914014,1.844509,1.844509,2.3825328,2.0960298,2.0111918,1.701476,3.0070622,1.8101516,3.5164645,3.5244699,1.7852244,1.8448923,1.9129251,1.9058837,2.409333,2.2828228,1.7400297,1.7066573,1.842804,1.8069009,1.7182276,1.710729,1.8113219,1.9787095,2.5409944,2.5409944,2.966334,1.6230457,1.8794178,1.2013166,1.8236159,1.1631633,2.1090264,2.2696853,2.5869315,2.6225386,1.384447,1.3197434,1.2970802,1.2244205,2.2140899,1.8962251,2.9280348,2.9432302,2.7666564,2.6220145,2.4692457,2.3857255,3.1762962,3.1745555,3.2881331,3.2881331,3.3563843,3.920126,3.3287764,3.467446,3.608049,3.887004,3.8500745,4.3285403,3.1411939,3.69044,3.381587,3.4422946,2.8872266,3.1001759,3.4132357,3.277456,3.2525747,3.146004,3.1601121,3.077133,3.5449278,3.7704575,4.0607033,3.6069663,2.0483627,3.4516244,3.3354933,3.452258,2.2513015,2.3598967,2.5570908,2.537084,2.859494,2.9886672,2.7952776,2.7937121,2.445999,2.3906872,2.353469,2.4509816,2.370962,2.4530551,2.4243565,2.4723046,2.3037133,2.5005596,3.1543305,2.3271127,2.5783312,3.6511414,2.253732,2.321566,2.375048,2.405687,2.453693,2.321677,2.6795464,2.4062324,2.4086695,2.1237285
10,2.0412648,2.2463968,2.7261922,2.7466073,2.805746,2.8343441,2.3988962,2.6828558,2.0951698,1.434287,0.0,1.3541409,2.8093247,2.604274,2.7465777,2.824243,2.3771555,2.3771555,2.4110913,2.7349067,2.7543643,2.4598494,3.5230777,2.6385462,4.042313,4.0645065,2.5464485,2.4611592,2.430386,2.424112,2.180553,2.1735902,2.2881274,2.385382,2.284238,2.2081153,2.5322802,2.1861036,2.1211176,2.2307072,3.1956646,3.1956646,3.7884924,1.902391,2.4661937,1.8936731,2.1860118,1.9299642,2.2807136,2.4140768,2.851293,2.8636096,1.8227575,1.8617363,1.571507,1.7283763,2.0981944,2.1906135,3.383527,3.388259,3.229473,2.3830829,2.2879007,2.567371,3.2370198,3.2857342,3.4467301,3.4467301,3.2857006,3.652878,3.7966106,3.7662096,3.3541753,3.5683649,3.5032537,4.2410064,3.1928096,4.0233016,3.5358467,3.8232856,3.2138615,3.3937752,3.5856345,3.4025593,3.5654151,3.4255967,3.4480286,3.5028424,3.6211162,3.6489189,4.1947036,3.7079773,2.9887865,3.5394614,3.494162,3.4509451,2.0597486,2.0831077,2.034941,2.021307,2.504386,2.8354049,2.4623065,2.446014,2.2261503,1.9799756,2.000685,2.0966125,2.188318,2.281538,2.218065,2.2798839,1.9505726,2.2342565,3.006668,2.018731,1.9174474,3.7002342,2.0403001,2.135638,1.9683468,1.9968777,1.9642308,1.7511693,2.1226687,1.9459556,1.9873179,1.7010537
11,2.435974,2.5916114,2.6542666,2.671801,2.5368602,2.5704489,2.1941035,2.3660717,2.8388731,2.454853,1.3541409,0.0,3.387256,3.2629056,3.405982,3.4914944,3.4005592,3.4005592,2.381362,3.6816149,3.6907196,3.4898386,4.320794,3.5474765,4.7712207,4.798305,3.60387,3.551199,3.5402439,3.5024602,2.4621046,2.5131621,3.0375068,3.104264,2.592458,3.0095024,3.2951317,2.976027,2.6547494,2.6799982,3.7847564,3.7847564,4.2719264,2.7601511,3.1665814,2.7630556,2.929017,2.8552427,3.001397,3.162015,3.5010746,3.4408813,2.6639764,2.6633077,2.3067703,2.5840673,2.3607078,2.8982694,3.9297338,3.9609025,3.7711413,2.54905,2.559407,3.3376095,3.7587824,3.8079433,3.967297,3.967297,3.4590745,3.3833022,4.0129933,3.9820597,3.8619535,3.9796464,3.223641,3.9856129,3.6799598,4.4854107,3.8659081,4.264196,3.7746704,3.9312572,3.7406714,3.4588146,4.0698833,4.007186,3.9628413,4.0061836,3.9204648,3.8670447,4.6179633,4.1868834,4.0155206,3.6890142,3.707006,3.6265574,2.7375436,2.7568126,2.4717293,2.4668381,3.2276092,3.4179816,2.8875651,3.1363008,2.8742027,2.6971974,2.8610861,2.8685553,2.9136348,2.9799368,2.8898184,2.944784,2.7607417,2.9535885,3.599921,2.7994962,2.3687441,4.07959,2.7416847,2.8218815,2.74476,2.7716787,2.6275263,2.4030323,2.244629,2.7054873,2.769055,2.611044
12,2.4660144,2.6510727,3.3031836,3.3324223,3.2152767,3.2496986,2.9810898,3.4246979,2.634393,2.1165457,2.8093247,3.387256,0.0,1.264838,1.3225633,1.3225108,2.4846134,2.4846134,2.6736286,2.7645085,2.6193502,2.568987,3.5770016,2.458809,2.6625018,2.6264124,2.6744852,2.8197014,3.185106,3.1549652,2.9243598,2.482108,2.280946,2.1411486,1.9792955,3.033043,2.3644085,2.131554,2.2294667,2.285132,2.8319623,2.8319623,3.4045386,3.071308,1.7220318,1.8759253,2.9935324,2.1520422,3.826463,3.9548812,4.0112305,4.064537,2.2844384,2.249208,2.2736878,2.3160262,2.1789558,2.025094,2.0368178,2.0701115,3.2706704,2.8119533,2.6750703,2.871472,3.424673,3.3221033,3.4522212,3.4522212,3.4106102,3.9154704,2.9230077,3.1407852,4.0013556,4.0958767,3.7597353,4.2829328,3.2766356,3.9156568,3.4194326,3.5359762,3.1000667,3.1597238,3.7894547,3.4294114,3.54108,3.3953984,3.42153,3.3780022,3.8469634,4.134975,4.32286,3.975684,2.5162003,3.681667,3.4368005,3.6720293,2.909507,3.0081155,2.8681264,2.8086805,3.2727907,3.4047608,3.3631952,3.269356,3.1752973,2.802037,2.8471518,2.927864,3.057757,3.2063868,2.990115,3.0562453,2.7986076,3.0692055,3.633645,2.8464901,3.111796,3.2095888,2.4830716,2.4265022,2.927543,2.9669526,3.1444323,3.0506191,3.2385175,3.0419908,3.055363,2.8173811
13,2.4941022,2.660272,3.2751088,3.2881866,3.2486093,3.2477963,2.9930885,3.4167433,2.4793591,1.847061,2.604274,3.2629056,1.264838,0.0,0.4561082,0.6600929,2.2568743,2.2568743,2.672929,2.798135,2.662281,2.5550568,3.5496867,2.268224,2.4646754,2.425099,2.516972,2.7802255,3.138143,3.10072,3.1939507,2.7966747,2.0885448,2.033386,2.1428459,2.8555808,2.2760465,2.050825,2.153543,2.2141795,2.6613061,2.6613061,3.1290426,3.1510563,1.339936,1.7572623,3.0868375,2.059542,3.6916063,3.8462443,4.013173,4.0627604,2.337052,2.058218,2.0041661,2.0058477,2.2021751,1.8342401,1.6487093,1.6829094,2.9723163,2.7392523,2.6759012,2.6226454,3.3079689,3.2210994,3.4360225,3.4360225,3.3754103,3.9220617,3.2991726,3.5427415,3.9010134,4.034982,3.848705,4.3174148,3.3072786,4.011771,3.706347,3.5771255,3.182946,3.3271537,3.8767698,3.4917457,3.5683622,3.3863873,3.3834946,3.2751408,3.6829298,3.9456792,4.1630754,3.7954865,2.3176672,3.6939485,3.4711683,3.6746268,2.7407804,2.7744238,2.82853,2.7675598,3.0527952,3.1516163,3.027632,2.9876091,2.7946234,2.6115332,2.623377,2.6731093,2.6384602,2.7851682,2.545164,2.6545403,2.585118,2.8792865,3.4129362,2.6496935,2.926244,3.7354898,2.2839286,2.185508,2.8445542,2.8791926,3.1530385,3.0277128,2.940699,2.7520115,2.838303,2.6059875
14,2.5237355,2.7000797,3.3369164,3.3489785,3.3243618,3.325403,3.023687,3.4455602,2.5455103,1.8587469,2.7465777,3.405982,1.3225633,0.4561082,0.0,0.26159814,2.2309005,2.2309005,2.6342423,2.768469,2.549748,2.453227,3.5294797,2.1497786,2.4124954,2.3892083,2.4261036,2.710088,3.0924232,3.0530608,3.3131552,2.9416244,2.1175644,1.9979037,2.0973108,2.8220546,2.194156,2.0959697,2.2081418,2.2675052,2.6350653,2.6350653,3.000325,3.1350033,1.3524129,1.7694927,3.0532227,2.0112195,3.6746786,3.8263974,4.082695,4.128264,2.3202202,2.085575,2.0306036,2.0091765,2.4213152,1.9758497,1.8947889,1.8995578,2.8619442,2.7620127,2.668198,2.5857983,3.5225265,3.4348686,3.6118903,3.6118903,3.5748143,4.110995,3.3680167,3.6379824,4.150442,4.3023815,4.056936,4.45782,3.493692,4.105661,3.7837403,3.721278,3.2866235,3.4243412,3.942178,3.5936043,3.6677523,3.541124,3.4966745,3.3259737,3.7743776,4.077826,4.2770944,3.8991952,2.2739031,3.7902775,3.5865617,3.8084981,2.9229646,2.9682636,3.055953,2.9985383,3.2315245,3.2864327,3.2722275,3.219392,3.0547645,2.916859,2.9052625,2.9378486,2.897034,3.0204768,2.8535419,2.9528491,2.8653061,3.090936,3.635489,2.9041371,3.151021,3.9240692,2.5876098,2.5257812,3.1050775,3.141632,3.3364122,3.2249553,3.144095,3.001574,3.0014594,2.9210458
15,2.4940803,2.680586,3.3390112,3.3521478,3.3084023,3.3112974,3.0008192,3.426051,2.5841742,1.8914014,2.824243,3.4914944,1.3225108,0.6600929,0.26159814,0.0,2.279374,2.279374,2.6826096,2.7897305,2.5112417,2.430044,3.5328448,2.1687586,2.3977463,2.383312,2.4164715,2.6846654,3.0739923,3.035891,3.296958,2.9340165,2.1448736,1.9892536,2.093217,2.8301277,2.1784813,2.1493022,2.2481432,2.3182747,2.605546,2.605546,3.0294833,3.1225443,1.3847222,1.7785189,2.993877,1.9868723,3.6926892,3.8407297,4.105191,4.15498,2.3127584,2.1200109,2.0747333,2.0496042,2.4608777,1.9632317,1.9549546,1.9270153,2.8977783,2.8028777,2.6887274,2.5844631,3.5414014,3.4523165,3.6372242,3.6372242,3.586557,4.136789,3.3238888,3.5935793,4.201695,4.3513584,4.096921,4.4762983,3.4866924,4.088091,3.7283669,3.6803484,3.23702,3.3684103,3.8903322,3.5653915,3.6198652,3.5227232,3.4527423,3.2489722,3.7410042,4.0646434,4.2604375,3.86489,2.1959004,3.7884252,3.56828,3.8429813,2.9935796,3.035612,3.1536098,3.0959718,3.3029153,3.3668976,3.3986173,3.3032362,3.1555197,3.0385747,2.9979465,3.016469,3.005784,3.1141503,2.999931,3.084607,2.9650877,3.151136,3.7200336,2.9747663,3.2601626,3.989285,2.6981091,2.6660202,3.1823783,3.2209382,3.3887534,3.2867568,3.242742,3.0886066,3.077301,3.0350373
16,2.9441009,3.1931605,3.9923077,4.0115647,3.8523011,3.863325,3.539077,3.7500594,2.7398639,1.844509,2.3771555,3.4005592,2.4846134,2.2568743,2.2309005,2.279374,0.0,2.9802322e-08,2.455195,1.9868435,1.7378168,1.3886847,3.0224738,1.1431301,3.1001527,3.0523157,1.2451514,1.7403958,2.038538,2.0351062,3.2882907,3.0412781,2.2875168,2.429716,2.7236514,2.2718568,2.1311626,1.84674,2.1982362,2.3457215,2.7010586,2.7010586,2.7951813,2.3385842,1.8044187,1.5924559,2.5252576,1.7712744,2.6840372,2.7910519,3.3899028,3.4079545,1.5757269,1.8336416,1.7783376,1.6222692,3.0792458,2.4342377,3.2286346,3.1746273,2.4398015,3.015753,3.0497587,2.5070453,4.1059885,4.0858736,3.8810272,3.8810272,4.397114,5.0062647,4.473046,4.670473,4.260403,4.5628705,4.7713504,5.362672,4.1474905,4.5826035,4.2246404,4.68394,3.9330907,3.9019313,4.698823,4.5197625,4.1950946,4.080693,4.0633507,4.2078977,4.5150585,4.785978,4.936529,4.5599957,2.6210375,4.6867642,4.4538293,4.5832877,2.5576835,2.7049124,2.7458377,2.7424407,2.790291,2.8282452,2.7645667,2.728362,2.9074464,2.6298687,2.4199984,2.7024462,2.6882582,2.8315783,2.673695,2.7793803,2.5625706,2.8642707,3.0761156,2.6482031,2.8051622,3.8956983,2.4505732,2.443966,2.7718248,2.7796638,2.745328,2.6781723,2.953527,2.7622235,2.4061282,2.518351
17,2.9441009,3.1931605,3.9923077,4.0115647,3.8523011,3.863325,3.539077,3.7500594,2.7398639,1.844509,2.3771555,3.4005592,2.4846134,2.2568743,2.2309005,2.279374,2.9802322e-08,0.0,2.455195,1.9868435,1.7378168,1.3886847,3.0224738,1.1431301,3.1001527,3.0523157,1.2451514,1.7403958,2.038538,2.0351062,3.2882907,3.0412781,2.2875168,2.429716,2.7236514,2.2718568,2.1311626,1.84674,2.1982362,2.3457215,2.7010586,2.7010586,2.7951813,2.3385842,1.8044187,1.5924559,2.5252576,1.7712744,2.6840372,2.7910519,3.3899028,3.4079545,1.5757269,1.8336416,1.7783376,1.6222692,3.0792458,2.4342377,3.2286346,3.1746273,2.4398015,3.015753,3.0497587,2.5070453,4.1059885,4.0858736,3.8810272,3.8810272,4.397114,5.0062647,4.473046,4.670473,4.260403,4.5628705,4.7713504,5.362672,4.1474905,4.5826035,4.2246404,4.68394,3.9330907,3.9019313,4.698823,4.5197625,4.1950946,4.080693,4.0633507,4.2078977,4.5150585,4.785978,4.936529,4.5599957,2.6210375,4.6867642,4.4538293,4.5832877,2.5576835,2.7049124,2.7458377,2.7424407,2.790291,2.8282452,2.7645667,2.728362,2.9074464,2.6298687,2.4199984,2.7024462,2.6882582,2.8315783,2.673695,2.7793803,2.5625706,2.8642707,3.0761156,2.6482031,2.8051622,3.8956983,2.4505732,2.443966,2.7718248,2.7796638,2.745328,2.6781723,2.953527,2.7622235,2.4061282,2.518351
18,2.7867002,3.0529985,3.397745,3.4228485,2.7425961,2.7701337,2.713416,2.7202518,3.088682,2.3825328,2.4110913,2.381362,2.6736286,2.672929,2.6342423,2.6826096,2.455195,2.455195,0.0,3.1229835,2.7316265,2.5365477,4.099901,2.249786,4.066038,4.037392,2.8138695,3.115532,3.248063,3.1955903,2.9157884,2.7202485,2.9811811,2.970155,2.4832613,3.0584288,2.6704621,2.5185475,2.253138,2.2984843,3.1929367,3.1929367,2.6932807,2.6365905,2.2284098,2.0881696,2.7328744,2.3088312,2.9690025,3.122785,3.5469692,3.4281514,1.9821273,2.2171369,1.9465036,2.099805,2.7409618,2.7844858,3.604567,3.6096601,2.7117898,2.7401612,3.0467129,3.3532658,4.5184846,4.493616,4.4077034,4.4077034,4.3323245,4.4072213,4.218614,4.504295,4.861125,5.089077,4.0995245,4.797739,4.518119,5.0259323,4.1112113,4.833758,4.2480946,4.143429,4.404516,4.0596533,4.4793043,4.5000734,4.3144526,4.458227,4.555768,4.8029885,5.2973423,4.9302044,3.8633432,4.4560137,4.311883,4.3884892,3.237102,3.3906364,3.1809907,3.1834404,3.7903328,3.6272414,3.2472186,3.5003355,3.603239,3.41327,3.4233587,3.6203852,3.5216396,3.6270509,3.4472895,3.5409508,3.4632065,3.6682894,3.8402197,3.482388,3.131494,4.253268,3.108996,3.1145587,3.5035737,3.5146012,3.231983,3.0779588,2.8134723,3.5642009,3.324402,3.3093104
19,3.0551052,3.2673655,4.0543323,4.0792155,4.100504,4.1313977,3.7197943,4.0050097,2.8817966,2.0960298,2.7349067,3.6816149,2.7645085,2.798135,2.768469,2.7897305,1.9868435,1.9868435,3.1229835,0.0,2.2044284,2.136097,3.3564367,2.2651267,3.7835703,3.7843158,2.171179,2.1785605,2.129693,2.0364468,3.5469663,3.217886,1.8387426,1.8648924,2.389155,2.8479123,1.5978796,1.527545,1.9438612,2.141483,2.613434,2.613434,3.2871466,2.532618,2.6019087,2.0821254,2.753266,2.314259,3.0838115,3.12801,3.258212,3.3142653,2.339349,2.6036828,2.4390235,2.4313295,3.3027759,2.90862,3.643968,3.6362956,3.6081674,3.4058995,3.2426336,2.8584383,4.265642,4.242905,3.5213394,3.5213394,4.565361,5.151561,4.4158945,4.448539,4.6346755,4.707197,4.95751,5.5263343,4.1306796,4.700001,4.20338,4.384123,3.908804,3.9685652,4.5048637,4.4154644,4.171454,4.061503,4.116762,4.2099996,4.675695,4.8815713,4.7225146,4.599617,2.6403341,4.59072,4.4383893,4.5257382,3.099112,3.2253406,3.2861967,3.2746842,3.4448664,3.664191,3.2511327,3.2820148,3.4558365,3.1247852,3.070739,3.2491195,3.3571892,3.4519773,3.3846948,3.4166946,3.1047902,3.2936432,3.0007749,3.1874008,3.334351,3.9821196,3.0484815,3.1074183,3.0832431,3.097308,3.0923028,3.0309381,3.7772005,3.205663,2.859326,2.8024707
20,2.8928866,3.1126409,3.9378867,3.9667687,3.552103,3.5824814,3.4948921,3.5812502,2.7958376,2.0111918,2.7543643,3.6907196,2.6193502,2.662281,2.549748,2.5112417,1.7378168,1.7378168,2.7316265,2.2044284,0.0,1.5316949,2.9332242,1.6038932,3.3166068,3.3021839,1.2374742,1.6148149,1.6495985,1.4958066,3.2076638,3.0019102,2.317878,2.3395474,3.031346,2.9376106,1.9579893,2.00878,2.1169887,2.202643,2.7022574,2.7022574,3.0415702,1.9284275,2.246833,1.6261092,2.1963956,1.5984775,2.6065452,2.8650026,2.999643,3.0445318,1.5683126,1.9987657,2.0141242,1.8259178,3.1615448,2.6034548,3.4588513,3.4468555,2.7736819,3.2484715,3.4126568,2.8272746,4.334194,4.2743287,4.16878,4.16878,4.4686155,4.91191,4.107329,4.221257,4.390257,4.631171,5.1808014,5.3077874,4.08979,4.624709,3.939078,4.2340918,3.9682653,3.8480172,4.238894,4.128393,3.8146577,4.1329365,3.7975528,3.9650352,4.827911,5.13652,5.27101,4.8948693,2.2688198,4.336667,4.629739,4.7402973,2.737608,2.8983994,3.50216,3.4981341,3.6070135,3.3801322,3.7367692,3.0251896,3.24102,3.24786,3.4087355,3.2175183,3.115965,3.1868463,3.2392986,3.188454,3.297925,3.0584552,3.6574821,3.2390628,2.9714463,3.7700834,3.112965,3.1615233,2.8549826,2.8579264,2.6331685,2.6894782,3.290929,3.0456703,2.657181,3.1108875
21,2.982613,3.2226002,3.992062,4.015391,3.8063626,3.81716,3.603115,3.780715,2.58019,1.701476,2.4598494,3.4898386,2.568987,2.5550568,2.453227,2.430044,1.3886847,1.3886847,2.5365477,2.136097,1.5316949,0.0,3.2762804,1.2316015,3.3780017,3.3710642,1.3105484,1.4141073,1.3804399,1.4960045,3.0618968,2.9649093,2.7614195,2.7240913,2.8680978,2.6113315,2.1191282,2.1825714,2.4904785,2.6686454,2.8698335,2.8698335,2.955818,1.7399408,2.103133,1.4990231,2.0793753,1.2883863,2.289882,2.246344,2.8082216,2.8730614,1.5821996,1.893925,1.9503971,1.7264926,3.1064281,2.523833,3.496757,3.4632685,2.7317846,3.1671224,3.2997594,2.6848145,4.185306,4.1666794,4.26755,4.26755,4.516822,5.1538925,4.327461,4.490905,4.5146623,4.868766,4.9059,5.567345,4.1897264,4.6726904,4.0111537,4.482927,3.806312,3.6913345,4.4771266,4.3838086,4.0962353,3.953932,3.895393,4.1063337,4.4711857,4.7551847,4.968049,4.488147,2.6438224,4.6253505,4.335449,4.5170546,3.1464136,3.2765477,3.2858047,3.2810864,3.5280483,3.6670697,3.6322281,3.2177825,3.480957,3.255082,3.0441744,3.3260612,3.352749,3.4514306,3.3651512,3.4252717,3.1600652,3.4125733,3.7474241,3.1910055,3.368671,4.172941,2.9575837,2.964103,3.2002208,3.2188234,3.1110415,3.022309,3.6120896,3.3127954,3.0416791,2.9227023
22,3.301523,3.4979992,4.20734,4.2289786,3.9972808,3.9952705,4.2829046,4.2522125,3.6552677,3.0070622,3.5230777,4.320794,3.5770016,3.5496867,3.5294797,3.5328448,3.0224738,3.0224738,4.099901,3.3564367,2.9332242,3.2762804,0.0,3.4282074,3.4280567,3.4305286,2.275805,2.2669053,2.9071152,2.8704364,3.771004,3.561515,3.0434449,3.3603604,3.511159,2.5017543,2.9522026,2.9917119,3.1101391,3.1833606,3.4361105,3.4361105,4.4258947,3.2262037,3.0539303,2.7751956,3.2226064,2.6703775,3.5352354,3.8506684,3.5079546,3.6474133,2.787546,2.9510062,2.7400765,2.684906,3.7528021,3.468602,4.0665703,4.062087,4.28588,3.9947748,4.289622,3.5907235,4.64301,4.6168094,4.5344415,4.5344415,4.8444386,5.3162327,4.7782803,4.7246003,4.7970576,4.8669963,5.5027375,4.890447,4.416451,3.3818324,4.824802,4.495598,4.455601,4.4552946,4.9327974,4.849693,4.597081,4.6354656,4.394717,4.3617463,5.1152396,5.2816205,5.428297,5.0511646,3.0235395,4.800445,5.096661,5.069741,3.3132284,3.5113983,3.8033605,3.7974455,3.9382102,4.064272,4.1026983,3.5322313,3.647072,3.8028905,3.6682823,3.4376805,3.6363647,3.6773725,3.7343001,3.6546497,3.713651,3.5698118,3.9754448,3.620346,3.6462126,4.4498243,3.9658656,4.037991,3.3747835,3.3833575,3.4197216,3.5020514,4.119455,3.5670938,3.2781155,3.8574655
23,3.005362,3.1951647,3.9362733,3.9576514,3.7994912,3.8222737,3.5731602,3.8397346,2.6084657,1.8101516,2.6385462,3.5474765,2.458809,2.268224,2.1497786,2.1687586,1.1431301,1.1431301,2.249786,2.2651267,1.6038932,1.2316015,3.4282074,0.0,3.4108694,3.3446689,1.5253066,2.0934515,2.2013392,2.2178237,3.4893346,3.2565851,2.6181622,2.6165528,2.871836,2.6067672,2.373057,2.3065104,2.5263822,2.6742797,3.016676,3.016676,2.2353702,2.3240402,1.8890373,1.6830893,2.3882499,1.775589,2.6929357,2.78246,3.2065284,3.183134,1.6904418,1.9802767,2.0582762,1.8185815,3.3549545,2.7580197,3.4722114,3.4515061,2.3501797,3.4266028,3.4042957,3.0681908,4.170106,4.1350346,4.1229305,4.1229305,4.4527054,5.021947,4.253595,4.571176,4.500475,4.8834357,4.817191,5.4097757,4.271898,4.768723,4.1454716,4.544584,3.8759227,3.8647711,4.5225906,4.3935094,4.09914,4.0411463,4.0222545,4.109808,4.4947844,4.8670993,5.027837,4.637402,2.7742145,4.52987,4.356851,4.454091,3.0078647,3.1513147,3.3196282,3.31608,3.5865192,3.4458125,3.4241116,3.4391801,3.3426044,3.2614803,3.102698,3.3991191,3.1703904,3.2656684,3.1921976,3.2764792,3.1440217,3.3543456,3.7248325,3.1810422,3.2758954,4.1529946,2.8736734,2.8934467,3.2564733,3.2605116,3.080175,2.9980052,3.30315,3.3762822,3.0652668,2.9778764
24,3.7595875,3.8431025,4.541187,4.5486455,4.342585,4.3348823,4.3522806,4.49875,3.908641,3.5164645,4.042313,4.7712207,2.6625018,2.4646754,2.4124954,2.3977463,3.1001527,3.1001527,4.066038,3.7835703,3.3166068,3.3780017,3.4280567,3.4108694,0.0,0.27672464,2.975494,3.0545022,3.6773422,3.6695569,4.410075,3.993296,3.4616988,3.5425298,3.6796556,3.9640636,3.4034226,3.181983,3.4122403,3.439081,3.5883086,3.5883086,4.619113,4.29332,2.3241105,2.9098237,4.184264,3.0341535,4.9558744,5.078411,5.1848702,5.3315806,3.485036,3.4472082,3.210438,3.1871176,3.566122,3.1140995,2.6394649,2.5550463,4.2059364,3.5968955,3.8819556,3.1613457,4.5802636,4.4734488,4.7668996,4.7668996,4.761292,5.345756,4.780656,4.760129,5.00257,4.977217,5.3480625,5.407947,4.4157443,4.6524553,4.8464117,4.6731744,4.477861,4.3762426,5.273102,4.9346433,4.7800198,4.6095605,4.413698,4.431919,4.900419,5.0913067,5.222259,4.830077,3.2531788,5.0332317,4.9438486,5.110201,3.956653,3.9562929,3.9133058,3.8455794,4.0251136,4.376442,4.5773296,3.6887152,4.174029,3.9310586,3.7637603,3.6644857,4.023754,4.1441936,3.9903543,4.0292645,3.853303,3.9876237,4.452783,3.8540587,3.9209626,4.757511,3.7240655,3.6293821,3.852349,3.8860788,4.1016126,4.0737944,4.427429,3.8048148,3.5548723,4.0386033
25,3.8085248,3.897168,4.607619,4.616832,4.351403,4.344455,4.401431,4.5611033,3.9241066,3.5244699,4.0645065,4.798305,2.6264124,2.425099,2.3892083,2.383312,3.0523157,3.0523157,4.037392,3.7843158,3.3021839,3.3710642,3.4305286,3.3446689,0.27672464,0.0,2.9629817,3.0897593,3.7139485,3.7044108,4.4272156,3.9904375,3.4652169,3.5621123,3.722042,3.9662611,3.4455163,3.2110786,3.4308186,3.4638903,3.6144779,3.6144779,4.554438,4.325198,2.278795,2.9050562,4.200746,3.0523043,4.984427,5.1116586,5.152848,5.2956553,3.4733427,3.4583266,3.2330537,3.2016857,3.5999773,3.1368635,2.6360278,2.552043,4.2156525,3.7205014,3.9854476,3.302701,4.5928555,4.4851513,4.7751,4.7751,4.78739,5.374494,4.8007913,4.808063,5.014571,5.0021844,5.3621526,5.436514,4.4583254,4.686709,4.8904424,4.6746306,4.5036273,4.4018292,5.3117795,4.964058,4.793527,4.6182656,4.440383,4.468239,4.936945,5.1468406,5.270948,4.884138,3.2583365,5.0704746,4.974887,5.13999,3.9512832,3.955854,3.9263382,3.8598602,4.0524917,4.3734994,4.53753,3.6983676,4.1554527,3.9157145,3.7322147,3.6646135,3.9997787,4.1276207,3.9506168,3.989176,3.8437726,3.99228,4.4521856,3.8468194,3.9080353,4.743212,3.6889992,3.579364,3.8240385,3.8539293,4.070995,4.044926,4.3983145,3.8163033,3.568205,3.998604
26,2.8675454,3.0373564,3.9051623,3.9265473,3.729549,3.7392883,3.678875,3.7504075,2.4940274,1.7852244,2.5464485,3.60387,2.6744852,2.516972,2.4261036,2.4164715,1.2451514,1.2451514,2.8138695,2.171179,1.2374742,1.3105484,2.275805,1.5253066,2.975494,2.9629817,0.0,0.82397705,1.3872738,1.3600754,3.0718777,2.8835044,2.3718655,2.504749,2.8994312,2.2344913,1.9158378,1.9450468,2.217937,2.359872,2.5534577,2.5534577,2.9716394,1.8978357,1.9229894,1.3679937,2.2520828,1.2622375,2.3629808,2.5415165,2.9093072,2.9729848,1.4224181,1.7164236,1.6864994,1.4276707,3.0898623,2.4609303,3.3644974,3.3214004,2.733583,3.1320295,3.350256,2.5082827,4.118448,4.0901217,4.0316844,4.0316844,4.3918524,4.9920435,4.305489,4.408643,4.309508,4.594108,5.01178,5.1553645,4.0249734,4.124798,4.051607,4.296571,3.8260884,3.7357326,4.3856125,4.2334657,3.9308496,3.9687848,3.7536318,3.8858893,4.502488,4.7989974,4.9175663,4.518675,2.236349,4.460513,4.4695415,4.605083,2.7921855,2.960154,3.2457564,3.2403984,3.3558445,3.368261,3.492823,2.98384,3.1673517,3.0545654,2.9354646,2.940673,3.01476,3.1245227,3.0447204,3.0479906,3.0600944,3.0964763,3.4765778,3.0530078,3.0449662,4.124488,3.0343182,3.0177696,2.8411922,2.849971,2.8230462,2.8277946,3.323648,2.9466336,2.6006417,2.9571517
27,2.8837993,3.0324152,3.876513,3.898822,3.7971346,3.8076162,3.7145774,3.7834065,2.4497635,1.8448923,2.4611592,3.551199,2.8197014,2.7802255,2.710088,2.6846654,1.7403958,1.7403958,3.115532,2.1785605,1.6148149,1.4141073,2.2669053,2.0934515,3.0545022,3.0897593,0.82397705,0.0,0.9573219,0.99855125,2.879992,2.7638378,2.497589,2.599447,2.8855226,2.3148222,1.9539491,2.029793,2.329758,2.4886696,2.632688,2.632688,3.5471084,1.7481911,2.244682,1.5224298,2.253322,1.2523692,2.3538072,2.4368603,2.7899795,2.916338,1.6796114,1.9548935,1.847744,1.6723897,3.020515,2.500158,3.5131178,3.4644597,3.22498,3.0530727,3.2702417,2.367711,4.090289,4.0769787,4.085717,4.085717,4.391844,5.029188,4.352119,4.3175373,4.3150306,4.544699,5.0099516,5.1948957,3.924127,4.0211906,4.0074058,4.196414,3.7568092,3.672511,4.3280234,4.1939325,3.9491234,3.9051728,3.7133346,3.8558931,4.4458804,4.6720285,4.7978377,4.370941,2.292251,4.4749403,4.4180603,4.58372,2.9778464,3.1148942,3.2487648,3.2370632,3.4098032,3.660876,3.7184467,3.020584,3.338017,3.102938,2.9391687,2.936684,3.225208,3.333959,3.245915,3.2321744,3.1180053,3.195991,3.5926259,3.118516,3.1323423,4.2067637,3.162749,3.1368096,2.828836,2.850132,2.877711,2.868672,3.5993457,2.950027,2.622852,2.970169
28,3.0710943,3.2069569,3.9347498,3.9583201,3.9068272,3.9178126,3.722304,3.8235176,2.5029838,1.9129251,2.430386,3.5402439,3.185106,3.138143,3.0924232,3.0739923,2.038538,2.038538,3.248063,2.129693,1.6495985,1.3804399,2.9071152,2.2013392,3.6773422,3.7139485,1.3872738,0.9573219,0.0,0.33421582,3.058939,3.0269682,2.6806405,2.7510548,3.133729,2.7688608,2.1609282,2.252136,2.4909282,2.6754196,2.7554107,2.7554107,3.7050567,1.5209283,2.724031,1.82763,2.1073673,1.5616503,2.1229725,2.1478953,2.4164488,2.5520248,1.9831837,2.2630856,2.195392,2.0222538,3.2612767,2.8138525,3.8983505,3.8727868,3.417283,3.2956035,3.454293,2.6464825,4.1733027,4.169365,4.1959434,4.1959434,4.5121465,5.1222425,4.4744706,4.412017,4.2892966,4.5483036,5.139347,5.494859,3.9988134,4.4720883,4.0398374,4.2343173,3.854272,3.7947814,4.3147736,4.2732077,3.9396727,3.9335,3.774332,4.0023694,4.63178,4.8191395,4.94609,4.531192,2.582177,4.595591,4.5103745,4.728076,3.0261626,3.141187,3.3362997,3.3387015,3.6527987,3.8771167,3.8530223,3.0860317,3.35905,3.2093964,3.1278102,3.1321924,3.2960598,3.367705,3.356858,3.3209445,3.2017467,3.229338,3.62839,3.196861,3.1724727,4.1808143,3.1611145,3.1807551,2.8794935,2.89743,2.8070192,2.7708058,3.7126358,3.0363512,2.6995707,2.9227567
29,3.0530512,3.1953928,3.9388797,3.9634402,3.8381417,3.8504908,3.6628456,3.7554452,2.519983,1.9058837,2.424112,3.5024602,3.1549652,3.10072,3.0530608,3.035891,2.0351062,2.0351062,3.1955903,2.0364468,1.4958066,1.4960045,2.8704364,2.2178237,3.6695569,3.7044108,1.3600754,0.99855125,0.33421582,0.0,3.0358481,2.9793205,2.500639,2.5830948,3.0743415,2.802422,2.0187483,2.1235402,2.3155835,2.4862819,2.622336,2.622336,3.6694326,1.533025,2.7147834,1.7956594,2.154972,1.5800873,2.1594477,2.2499857,2.4396498,2.56387,1.9479188,2.2461421,2.1506305,2.0009055,3.2127087,2.7799132,3.8564653,3.8357224,3.3988938,3.2474456,3.4013832,2.625211,4.228687,4.217698,4.1619167,4.1619167,4.507943,5.065767,4.441696,4.3705673,4.296094,4.5224667,5.1747875,5.4503264,4.001593,4.510627,4.0511827,4.2024326,3.9084275,3.8502986,4.264199,4.1964498,3.903087,3.9857225,3.7763886,3.9976077,4.702672,4.8942323,5.0039654,4.62152,2.478574,4.550948,4.560299,4.77744,2.9315655,3.0521786,3.3406954,3.3429508,3.626883,3.7839751,3.789207,3.0033424,3.286661,3.1477711,3.157263,3.0670314,3.2195313,3.2970517,3.2787442,3.2235637,3.2039561,3.149859,3.5667741,3.194243,3.0461805,4.0983734,3.150344,3.1566353,2.7699785,2.7863872,2.6948328,2.6797702,3.5966241,2.9335887,2.5669827,2.9037898
30,2.5170443,2.7073088,3.210679,3.2497435,2.769624,2.8060837,2.9870236,2.948797,2.6031413,2.409333,2.180553,2.4621046,2.9243598,3.1939507,3.3131552,3.296958,3.2882907,3.2882907,2.9157884,3.5469663,3.2076638,3.0618968,3.771004,3.4893346,4.410075,4.4272156,3.0718777,2.879992,3.058939,3.0358481,0.0,0.72981346,3.069106,3.0467923,2.7955446,2.8881881,2.8170576,2.7605255,2.5490427,2.6507587,3.2370093,3.2370093,4.1131325,2.1301663,2.8955567,2.260477,2.560521,2.240659,2.7445643,2.8561437,3.030114,3.021528,2.074486,2.1643004,2.1928759,2.3503926,1.6836501,1.9840536,3.3827424,3.328504,3.7938998,2.859889,3.094257,3.1730082,3.4551327,3.486247,3.6612604,3.6612604,3.253119,3.5611525,3.3892958,3.3294544,3.7928205,3.9484155,3.4595568,3.9166222,3.2590861,3.6206658,3.0179513,3.5413103,3.109957,2.9997814,3.2082887,2.796624,3.379514,3.4030633,3.146789,3.3007565,3.6036243,3.7440438,4.2628713,3.803647,3.1822307,3.6016781,3.457486,3.744318,3.0801554,3.1843858,3.1619966,3.1440141,3.392483,3.63783,3.3780472,3.1914678,3.24667,2.8154209,2.8053637,2.7812002,3.2242463,3.362563,3.1501186,3.1295202,3.0630126,3.2186306,3.66797,3.0159142,3.0915515,4.066099,3.08518,3.0440555,2.67829,2.7009609,2.8942425,2.8267624,2.8879352,2.8548372,3.1818326,2.7635398
