,0,1,2,3,4,5,6,7,8,9,10,11,12,13,14,15,16,17,18,19,20,21,22,23,24,25,26,27,28,29,30,31,32,33,34,35,36,37,38,39,40,41,42,43,44,45,46,47,48,49,50,51,52,53,54,55,56,57,58,59,60,61,62,63,64,65,66,67,68,69,70,71,72,73,74,75,76,77,78,79,80,81,82,83,84,85,86,87,88,89,90,91,92,93,94,95,96,97,98,99,100,101,102,103,104,105,106,107,108,109,110,111,112,113,114,115,116,117,118,119,120,121,122,123,124,125,126,127
0,0.0,3.4367757,2.677441,2.868584,2.386186,2.8226964,2.8425741,3.0338345,3.266626,3.275132,3.1540356,2.9703374,2.8951926,2.3675003,3.5227723,3.326733,3.8276057,3.6937766,3.6405234,3.6982212,4.1073694,3.1734731,3.7401247,3.7135146,3.065412,3.2582514,4.6201825,4.2282896,2.829943,2.8485942,3.1659856,3.0508811,4.1017733,3.8570497,3.8977091,3.8237624,3.5193155,3.7864428,3.6432905,3.6897657,3.300329,3.7178426,4.0072026,4.1137433,3.9260018,3.7124205,3.8217573,3.9518132,4.0786843,3.7788806,3.4737873,3.781026,3.6804788,3.6526642,3.6568224,3.6941245,3.820525,3.7060764,3.5734627,3.5918922,3.9900334,3.7608166,3.746275,3.2506967,4.333937,4.3596845,4.6170087,5.051644,4.949757,4.4715996,4.3046517,4.376193,4.1722717,3.9325314,4.098526,3.900326,4.1511335,4.3433795,4.2868266,3.9123504,3.6730716,3.451565,3.5657027,3.748382,3.7368996,4.476388,3.4822924,4.4354067,3.5954573,3.9259415,4.007166,3.7127922,3.1493118,3.6150925,3.8954175,3.1057148,3.387153,3.5210068,3.5659952,3.6056414,3.2881775,3.1546714,3.7702281,3.819342,3.447305,3.6374981,4.012258,3.4838405,3.815408,3.6282218,3.5993872,3.638615,3.6223502,3.6309125,4.1374335,3.2374058,2.849982,3.7583117,4.2179112,3.8630424,3.0628812,3.4404354,3.8378599,4.182065,3.2940056,3.1544158,3.0186434,3.0453339
1,3.4367757,0.0,3.9521232,3.9211345,3.90158,4.1577783,4.090991,4.219211,3.9579496,3.9568322,4.2149916,4.4427767,3.931631,4.0473375,4.318899,4.1651263,4.8043303,4.481376,4.6266885,4.688333,4.5833044,4.4895377,4.7715826,4.80089,4.207068,4.412516,3.5654705,4.556286,4.082212,4.0247145,4.426214,4.3513126,3.5538874,4.0913014,4.132422,4.086252,3.7861314,4.0207276,4.1649084,4.2365737,3.7047167,3.9722412,4.4043784,3.8931684,3.6961834,4.0038314,4.0983534,4.2461095,3.8048666,4.064988,3.8272405,4.086342,4.003063,3.9413505,3.9015272,3.9603055,4.0905504,4.0441575,3.9152267,4.1574664,3.8251946,3.8381877,4.2005424,3.9241185,4.521384,4.266993,4.6363134,4.984978,3.7183633,4.423403,4.4740996,4.1125426,3.9551756,4.1544766,4.631444,4.401966,4.163998,4.1335697,4.273652,3.9694989,4.083456,4.3276668,4.3898907,4.426284,4.5329676,4.6680174,4.266425,4.429632,4.4959497,4.041167,4.6493144,4.402135,4.243677,4.4588747,4.542539,4.0800824,4.2834477,4.3847933,4.2681212,4.4274507,4.3178153,4.203033,4.333582,4.406915,3.888744,4.4442716,4.801104,4.116666,4.6685033,4.186703,4.4879093,4.548001,3.9573047,3.923115,4.277163,4.182616,3.979457,3.93561,4.09861,3.7094526,3.941822,3.641008,4.482908,4.316455,3.989146,3.9875255,3.8491926,3.8730493
2,2.677441,3.9521232,0.0,1.1023179,1.5385185,1.8680767,1.7582618,1.4894513,2.1564825,2.21336,1.9699973,2.1039035,1.3549365,1.6862284,2.296753,2.006287,2.8112884,2.1765273,2.7499025,2.6435347,2.9963915,2.6109571,2.6434364,2.6736362,1.7498058,1.7569194,3.4371045,2.688441,1.8529824,1.7205762,1.9356956,1.8992306,2.9387496,2.5755668,2.5766232,2.2083683,2.3435473,2.649256,2.5780952,2.5613306,2.0947812,2.6275218,2.7596757,2.8670838,2.7395709,2.4965427,2.5315065,2.5655036,2.478218,2.1511326,1.5397917,2.129112,2.1991267,2.0616438,2.0486364,2.0416453,2.1554494,2.1303806,2.3441944,2.478035,2.7666872,2.3781946,2.3364797,1.8744174,3.1522458,3.1609325,3.6220074,3.9068985,4.0133176,3.379206,3.526103,3.7320783,3.1099393,2.8095064,3.2390027,3.1126509,3.2946231,3.2234936,3.6120179,3.270923,2.667346,2.8384275,2.9425864,2.969146,2.9888453,3.50724,2.5692606,3.4520404,3.388322,3.573652,3.7023795,3.4307666,3.0870035,3.449341,3.775175,3.1260793,1.8882997,2.1951754,2.2211373,2.2442522,2.1072524,2.1403368,2.5722604,2.8267324,2.733151,2.530955,3.007156,2.1593676,2.8453374,2.6653502,2.6278286,2.6813564,2.4583447,2.478391,2.929935,2.3028162,1.9292775,2.576817,3.0497599,2.5187504,1.922379,2.7103946,2.7183607,2.84611,1.8160483,1.9077576,1.6695445,1.674209
3,2.868584,3.9211345,1.1023179,0.0,1.2254484,1.4780351,1.4175721,1.5576395,1.5797602,1.5624394,1.8884677,2.1780694,1.6127197,2.0158727,2.255632,1.9583557,2.8415768,2.1969628,2.766311,2.973216,2.9081202,2.6534517,2.9733677,3.0148592,2.279396,2.3591049,3.2942016,2.445451,1.9829484,1.9795754,2.4303684,2.3972893,2.9003167,2.512133,2.499381,2.4256177,1.9754891,2.302342,2.1982956,2.1713502,1.8376968,2.25301,2.5575256,2.6721258,2.726336,2.372091,2.4825249,2.5622544,2.399903,2.188794,1.7339962,2.2954078,2.2353146,2.0320215,2.142516,2.102422,2.3701768,2.2654154,2.03585,2.243911,2.341376,1.8936882,2.3838792,2.0532432,3.2807941,3.2347653,3.6610432,4.080177,4.135651,3.4034894,3.52222,3.689437,3.3186977,3.0759883,3.5498443,3.3979237,3.654749,3.4807806,3.9274333,3.633084,2.839536,3.2101097,3.265398,3.3149273,3.3291335,3.3697186,3.0549178,3.3281648,3.6787684,3.9497602,3.9319057,3.7961586,3.3738427,3.7579217,4.0465956,3.4234521,2.5196645,2.7407203,2.7852435,2.7968855,2.648151,2.682612,2.7728682,2.9047887,3.1912463,2.9588304,3.3375592,2.615087,3.1859736,2.7831595,3.024429,3.0703259,2.4651387,2.5074594,2.9164515,2.7676547,2.4418325,2.4949694,2.9578073,2.4570196,2.5520434,3.1223216,3.2355723,2.9744155,2.6152387,2.6516619,2.4654362,2.4720547
4,2.386186,3.90158,1.5385185,1.2254484,0.0,1.0891131,1.2407157,1.473863,1.5343337,1.515159,1.5757695,1.7843046,1.613542,1.5485951,2.2244651,1.9318937,2.6876934,2.1996236,2.2592156,2.4248435,2.5084717,1.727639,2.506103,2.4673095,2.1819751,2.1674504,3.5044296,2.6087196,1.6435276,1.7721366,2.0578423,2.0059493,3.0867903,2.7149131,2.7090428,2.5109923,2.139177,2.5101523,2.3282535,2.335586,1.7528132,2.450547,2.6999543,2.927775,2.9186778,2.5334446,2.694165,2.729279,2.6158676,2.3497338,1.9427326,2.3490517,2.4087765,2.115758,2.238417,2.2267754,2.5445452,2.3879995,2.1448586,2.0670292,2.3630676,2.0853589,2.1470594,2.0410125,3.293307,3.3357584,3.4043052,3.9115865,4.174178,3.4450827,3.3619287,3.4742181,3.4179022,3.1456704,3.2321682,3.3969336,3.591354,3.4846509,3.6346464,3.6025927,3.012375,2.6771169,2.7895002,2.9651885,2.9559453,3.2165592,2.9109287,3.1907275,3.188442,3.6311984,3.7832272,3.4291165,2.7649596,3.3065927,3.8119767,2.8008037,2.4973795,2.6936946,2.8318813,2.743924,2.3738992,2.3388426,2.6138124,2.5929694,2.6915314,2.6149013,3.0230858,2.4000242,2.8911257,2.4998343,2.7045267,2.744768,2.4192004,2.455172,2.7453585,2.4018104,2.071086,2.5086272,2.9822314,2.7806566,2.2897332,2.8876185,2.954507,2.8222158,2.6331134,2.699512,2.3829343,2.404693
5,2.8226964,4.1577783,1.8680767,1.4780351,1.0891131,0.0,1.6166967,1.7714555,1.6628249,1.6795968,1.84007,2.203997,1.9133627,2.0203643,2.3262641,2.057852,2.5305562,1.8427261,3.052495,2.9781675,2.8157084,2.2640765,2.9487708,2.9045093,2.527652,2.5141752,3.595696,2.6419704,2.1256278,2.2889652,2.3913922,2.3791666,3.1214159,2.714734,2.7033122,2.497255,2.2514455,2.643846,2.314998,2.3175626,1.7599828,2.4582665,2.661436,2.8794923,2.927086,2.5231793,2.6748276,2.6738768,2.5114145,2.300468,1.9739916,2.3017664,2.3542614,2.0499961,2.16917,2.167747,2.5789165,2.3972075,2.056873,1.9902679,2.7222524,1.9878564,2.0754533,2.0752716,3.7538514,3.7912207,3.9082835,4.358332,4.6243944,3.958184,3.8840265,3.9676278,3.8724825,3.663198,3.8863294,3.9189177,4.0780196,4.001924,4.2503424,4.139669,3.5088587,3.4374168,3.4826617,3.6339736,3.6429055,3.6990056,3.5099692,3.6519167,3.8360286,4.2236958,4.313812,4.0407233,3.5692902,3.9388533,4.35605,3.5758984,2.284536,2.464011,3.4166574,2.508126,2.1416614,2.131822,2.3505669,2.2581081,2.610326,2.5368035,2.8970773,2.673625,2.7573268,2.341666,2.6186576,2.6565714,2.6038141,2.629636,2.889042,2.7316883,2.4360764,2.6151137,3.1733887,2.8424075,2.6596813,2.723947,3.1496735,3.0040116,2.8750277,2.9723947,2.7571502,2.7877893
6,2.8425741,4.090991,1.7582618,1.4175721,1.2407157,1.6166967,0.0,1.6062714,1.7051479,1.6787103,1.9611464,1.89699,1.7609388,1.9578195,2.61762,2.284718,3.0941923,2.258447,2.2965572,2.4856253,2.5847633,2.1292372,2.558252,2.5466135,2.2249177,2.518753,3.5022264,2.6692781,2.0175884,2.2073846,2.3235476,2.2969992,2.5515265,2.140918,2.1123028,2.8504262,1.6526849,1.7851555,1.7605116,1.7197421,2.314655,1.7722644,2.1079895,2.36841,2.389467,1.998743,2.1034985,2.220237,2.7064817,2.4097462,2.0134804,2.7464187,2.5226476,2.6009576,2.4308481,2.367974,2.5842774,2.3819313,2.223917,2.4534109,2.4497955,2.1906233,2.4818568,2.2167802,3.385762,3.3379996,3.3813848,3.8625326,4.1063027,3.419672,3.429047,3.6566904,3.4060748,3.1734776,3.3142924,3.0643961,3.6378632,3.4575396,3.6648226,3.680515,2.682493,2.9025867,2.9710035,3.1562607,3.1342843,3.3919399,3.3666482,3.3837402,3.6579342,4.026711,3.4243991,3.7589679,3.0762537,3.600892,4.0517654,3.1309843,2.5544329,2.7569456,2.9429636,2.8129838,2.4831138,2.5041482,2.9529912,2.9340045,2.8523726,2.6488812,3.019299,2.485536,2.944834,2.6418679,2.8010771,2.8399506,2.8197138,2.846871,3.0265844,2.7205527,2.4292524,2.838175,2.8739946,2.7457316,2.7392035,2.9641593,2.997862,2.9610527,2.7249384,2.7950332,2.4393518,2.4557014
7,3.0338345,4.219211,1.4894513,1.5576395,1.473863,1.7714555,1.6062714,0.0,1.644249,1.7240402,1.1007895,1.6586019,2.0248647,2.4931946,1.679549,1.8893394,2.8102312,2.0225484,2.4779162,2.2370143,2.362683,2.2192874,2.3470082,2.2700074,1.6360773,1.9169097,3.1671574,2.3575644,2.033707,2.0601485,2.0830045,2.067466,2.928051,2.5193782,2.5058627,2.255876,2.262204,2.5946052,2.5329547,2.5272334,2.1283169,2.5652428,2.5000358,2.7761219,2.7357025,2.4861782,2.5049844,2.53331,2.3325205,1.7359695,1.5267999,2.132554,1.8965207,2.03852,2.0348434,1.9959196,2.4295363,2.3139715,1.6287287,1.945191,2.375195,2.1261632,2.0767803,1.8844177,3.1372046,3.1027513,3.1652887,3.5520022,4.029551,3.3123667,3.141062,3.3914173,2.6907716,2.7988322,3.1121569,3.3160422,3.0460486,2.9259794,3.1142943,3.1016138,2.765782,2.6332803,2.7665384,2.9206512,2.9514937,3.1700711,2.8718727,3.143434,3.2654238,3.631089,3.6744962,3.294934,2.9482636,3.335992,3.8614144,3.0046391,2.1987557,2.453212,2.5143785,2.4606266,2.094688,2.120925,2.6162279,2.601574,2.5525854,2.3661675,2.4318922,2.0888703,2.7109177,2.3618495,2.5022774,2.5545058,2.4966936,2.524445,2.7299275,2.5350845,2.1708431,2.5360613,2.6578696,2.4447827,2.2713637,2.9846056,2.810224,2.6835349,2.221194,2.3392417,1.9667828,1.9639918
8,3.266626,3.9579496,2.1564825,1.5797602,1.5343337,1.6628249,1.7051479,1.644249,0.0,0.21686669,1.5367298,2.4247267,1.8580953,2.6965594,1.9651451,1.6956434,3.1667292,2.0382226,2.9207604,2.8145711,2.1704173,2.7039182,2.983311,2.8965762,2.6278486,2.626129,2.948749,1.7726401,2.458228,2.5885983,2.6792452,2.6537309,2.9849813,2.6083667,2.5886898,2.66172,2.183911,2.546918,2.4497423,2.4826186,2.1848335,2.4901361,2.3712728,2.6732683,2.8376062,2.5527844,2.643373,2.6970873,2.283875,2.318218,1.9108763,2.4710293,2.38618,2.2905982,2.2652946,2.2619545,2.6183307,2.4341216,2.1840582,2.4333818,1.9833292,1.8050152,2.2391245,2.3714573,3.2469175,3.1716087,3.2240098,3.7193174,4.0114837,3.282132,3.2364032,3.3550534,3.1291177,3.0847178,3.7198012,3.7962172,3.7753222,3.58835,3.8606532,3.843672,3.0683312,3.172081,3.2988706,3.5167408,3.533359,2.9842904,3.5183198,3.0120556,3.683071,4.1329584,4.078311,3.8075187,3.361744,3.795206,4.2935114,3.397959,2.9702797,3.2003398,3.2224815,3.217325,2.760318,2.734419,2.906924,2.6251514,3.031394,3.059711,3.4317825,2.8216474,3.3652453,2.5587633,3.177348,3.2297935,2.364672,2.406152,2.3780248,3.098451,2.768522,2.3482099,2.5401835,2.2764323,2.7346961,3.3070421,3.3617544,2.5706193,2.9658625,3.0257049,2.6549273,2.6637084
9,3.275132,3.9568322,2.21336,1.5624394,1.515159,1.6795968,1.6787103,1.7240402,0.21686669,0.0,1.6250607,2.4069064,1.9302859,2.6919944,2.0964022,1.8289199,3.1736364,2.135678,2.8812609,2.8656473,2.2437546,2.701399,3.042997,2.96353,2.7044196,2.701273,3.0092762,1.8711779,2.424124,2.5747666,2.7440178,2.7155015,3.0464082,2.6927457,2.6713047,2.774559,2.1911788,2.5469258,2.4701164,2.497486,2.209864,2.4977696,2.4558494,2.7423801,2.9148204,2.6238883,2.7250078,2.7936954,2.3951094,2.4332213,2.0313933,2.5895011,2.5048318,2.372495,2.3846529,2.3770058,2.7237747,2.5344322,2.2200685,2.4810328,1.9894992,1.8421124,2.3542304,2.4678516,3.3004904,3.2148228,3.2784958,3.7967112,4.0301642,3.299191,3.313643,3.4242017,3.2233622,3.170971,3.7796166,3.849393,3.8371768,3.629275,3.9226685,3.914356,3.1488624,3.245072,3.3689632,3.5888126,3.6049387,3.0693927,3.5995045,3.095456,3.760097,4.2085905,4.1480374,3.8910325,3.4153085,3.8713834,4.3489294,3.4551232,3.0992093,3.3251843,3.3195074,3.345562,2.8909128,2.863955,3.032936,2.7590334,3.1508346,3.1805387,3.548722,2.9354098,3.4853983,2.6899903,3.3024037,3.3535087,2.4724984,2.5162551,2.4814482,3.1796794,2.8594892,2.4574556,2.6414845,2.3914604,2.8277698,3.3949907,3.4821985,2.7041306,3.0996695,3.1614408,2.7847495,2.7938595
10,3.1540356,4.2149916,1.9699973,1.8884677,1.5757695,1.84007,1.9611464,1.1007895,1.5367298,1.6250607,0.0,1.9583633,2.2471716,2.7041771,1.0749546,1.3635424,3.1170106,2.146002,2.8650565,2.5477757,2.3432996,2.3357675,2.693732,2.5632644,2.019926,2.2231402,2.9852612,2.121365,2.3677201,2.4270535,2.0136397,1.9980637,3.0138557,2.6427147,2.6335247,2.4472654,2.4157956,2.7574322,2.6877174,2.708934,2.1042225,2.7286565,2.5356817,2.8328426,2.84089,2.6149197,2.661126,2.6552217,2.3614573,1.9675938,1.7768942,2.294578,2.0583472,2.2580113,2.1793814,2.1687636,2.6711493,2.5635488,1.8986611,1.7816019,2.393656,2.1942015,1.8343544,2.1423042,3.2048655,3.1784823,3.2581294,3.6664524,4.006482,3.3212135,3.144871,3.2054348,2.6546395,2.850552,3.1981802,3.3550394,3.208738,3.0939937,3.294577,3.1913893,2.8893259,2.5932748,2.7660832,3.0136015,3.0007677,2.9087708,2.9058604,2.9238522,3.2918825,3.750003,3.892032,3.538025,2.9787552,3.431686,3.8652482,2.9790637,2.5793111,2.817175,2.6713955,2.816399,2.33516,2.3509698,2.380847,2.1647782,2.7511308,2.8044548,2.8834345,2.48534,3.0705364,2.574702,2.8706186,2.9304123,1.9425795,1.9786139,2.1221726,2.3541183,2.1345885,2.196499,3.0057535,2.7378898,2.4771173,3.190843,3.1449096,2.6399364,2.5259898,2.5870843,2.2135022,2.2101247
11,2.9703374,4.4427767,2.1039035,2.1780694,1.7843046,2.203997,1.89699,1.6586019,2.4247267,2.4069064,1.9583633,0.0,2.5871463,2.3882189,2.7288125,2.788983,2.578421,2.3571703,2.2444863,2.289745,2.8288114,2.3483691,2.483511,2.3914657,1.6938735,1.7956852,3.5432973,2.8727243,1.2410564,1.5353767,1.8802601,1.8535851,3.5452461,3.3022826,3.2820427,3.1060293,2.776089,3.028717,3.083991,3.0508,2.7137408,3.068927,3.3276885,3.5522578,3.4427462,3.1752148,3.2775795,3.3279572,3.3179014,2.830223,2.619202,3.0524578,2.8949473,2.8688903,2.9612718,2.9436014,3.255762,3.0948079,2.383271,2.575328,3.2083857,2.9107845,2.883304,2.546089,3.7775738,3.7896025,3.8739383,4.3614216,4.2162914,3.5758588,3.8068702,4.0232773,3.4926794,3.47265,3.6313481,3.755406,3.5723698,3.3936932,3.537322,3.4246507,3.4846926,3.0937736,3.179055,3.4130352,3.4316494,4.045728,3.3587363,4.028769,3.9866834,4.343072,4.448082,4.0691204,3.149717,4.0758977,4.167023,3.3283417,2.9281304,3.1313312,3.1121778,3.1531975,2.6671288,2.5934181,3.470794,3.3874133,3.0121882,3.1681585,3.1807933,2.9752154,3.3597262,3.2220623,3.196607,3.2256718,3.340996,3.3570025,3.5935137,2.9209635,2.6070921,3.4733355,3.608162,3.4422653,2.6430528,3.2515578,3.4854372,3.6748114,3.0010717,3.03023,2.6445644,2.6645918
12,2.8951926,3.931631,1.3549365,1.6127197,1.613542,1.9133627,1.7609388,2.0248647,1.8580953,1.9302859,2.2471716,2.5871463,0.0,1.487002,2.5795162,1.8683131,2.9912872,2.073493,2.732914,2.4412246,2.557951,2.4996402,2.5310555,2.4736233,2.3174393,1.976218,3.4844499,2.4634128,2.1358032,2.1479168,2.0880158,2.053739,2.8102024,2.431667,2.4291732,2.263116,2.224045,2.5556214,2.532309,2.540175,2.1428761,2.5397096,2.4772809,2.6897998,2.6133325,2.4231343,2.41924,2.4810364,2.3220654,2.3986232,1.6082138,2.1807673,2.424406,2.1608567,2.02844,2.0372455,1.8117697,1.7065043,2.8011353,2.9452481,2.4971504,2.2255406,2.155696,1.9059893,3.018764,2.995116,3.195535,3.5192213,3.836364,3.2111335,3.2226353,3.422961,3.2756188,2.6694071,3.1453385,3.1430924,3.5721455,3.4994397,3.7206142,3.604687,2.6443565,2.6684775,2.763679,2.885748,2.9065287,3.1632054,2.742259,3.1164248,3.2276695,3.5289428,3.5507987,3.2700272,2.8882809,3.2680774,3.7643673,2.9109442,2.0902202,2.3489141,2.4532537,2.3774645,2.0350614,2.0516837,2.5383685,2.5712988,2.4869282,2.4204655,3.2428713,2.0896428,2.7568507,2.3836715,2.537192,2.5968027,2.3453972,2.3545234,2.5748193,2.310911,1.9462022,2.3733172,2.6622045,2.2898092,1.6785916,2.428011,2.3579786,2.2550576,1.9137071,2.0562396,1.6709886,1.6987904
13,2.3675003,4.0473375,1.6862284,2.0158727,1.5485951,2.0203643,1.9578195,2.4931946,2.6965594,2.6919944,2.7041771,2.3882189,1.487002,0.0,3.272894,2.7225468,2.982795,2.8048003,2.6496868,2.7310083,3.336685,2.1784468,2.8118758,2.7674186,2.5977259,2.268626,4.2678137,3.4975555,1.8356262,1.9383717,2.1694317,2.107884,3.4045308,3.1524494,3.1569903,2.8897479,2.700312,2.9983127,2.907857,2.9000714,2.3973804,2.9759786,3.2927165,3.434908,3.2688506,2.9958642,3.1098068,3.1441548,3.2356708,3.0973675,2.4941077,2.816304,3.1291034,2.6990302,2.751336,2.7606325,2.6787717,2.5681078,3.176241,3.078657,3.209112,2.9323123,2.7316408,2.4176865,3.538721,3.6228843,3.8404555,4.2351665,4.2944226,3.76068,3.9279966,4.046347,3.9835973,3.3658674,3.3851817,3.3756583,3.8341997,3.8001676,3.9884815,3.8707347,3.2908778,2.8707128,2.9654524,3.1071966,3.1014676,3.9597566,2.91886,3.896069,3.355715,3.6514735,3.8660269,3.5268955,2.9307406,3.4002416,3.850725,2.9403307,2.4954965,2.6795778,2.890268,2.7442799,2.3871117,2.3565063,2.9964602,3.1078475,2.7562277,2.8126602,3.5333395,2.5952828,3.1060896,3.0822084,2.9161713,2.9611714,3.0559232,3.065944,3.34307,2.307968,2.0349045,3.1660163,3.6585054,3.3556173,2.0168784,2.5545552,2.8657532,3.289699,2.5417366,2.678639,2.317706,2.3527951
14,3.5227723,4.318899,2.296753,2.255632,2.2244651,2.3262641,2.61762,1.679549,1.9651451,2.0964022,1.0749546,2.7288125,2.5795162,3.272894,0.0,1.0198855,3.4691997,2.3484564,3.4100235,2.9589763,2.5042708,2.859794,2.9740567,2.8885403,2.3206546,2.5852835,2.7208958,2.1372304,2.996171,2.9322882,2.4253566,2.4184673,3.110971,2.7306995,2.7425356,2.4160209,2.7464817,3.087544,2.9999287,3.0291219,2.2977357,3.0243893,2.6676917,2.868833,2.880839,2.7727761,2.736784,2.7412825,2.1981752,1.9066556,1.7635049,2.268326,1.7969928,2.3227794,2.1918347,2.1867905,2.668485,2.6449306,2.1555617,2.0664365,2.5677016,2.3406982,1.9445566,2.188527,3.5945458,3.5171056,3.607755,3.927177,4.3356953,3.7343364,2.984571,2.9877973,2.6711826,2.9655108,3.354839,3.5269992,3.5711453,3.4950993,3.5409484,3.2118883,2.861919,2.7727492,2.909659,3.0633433,3.064759,2.662921,2.8668313,2.661271,3.3737452,3.7196915,3.954756,3.601586,3.242794,3.5355344,3.9291584,3.1944115,2.6653028,2.9081042,2.5811203,2.8751307,2.5989587,2.6651578,2.2641628,2.1596968,2.9976923,2.9274538,3.0009296,2.6211507,3.026842,2.3912733,2.822458,2.889451,1.4559304,1.4982084,2.2732546,2.6198182,2.448915,1.9951229,2.9885828,2.6799312,2.7698624,3.4464157,3.204631,2.4395537,2.5277262,2.3742485,2.3781123,2.3622243
15,3.326733,4.1651263,2.006287,1.9583557,1.9318937,2.057852,2.284718,1.8893394,1.6956434,1.8289199,1.3635424,2.788983,1.8683131,2.7225468,1.0198855,0.0,3.3501341,2.0645332,3.2342103,2.7815185,2.278738,2.6824977,2.7725132,2.6942108,2.3311841,2.4011922,2.782139,1.8777081,2.7756712,2.7289612,2.1346738,2.1209435,2.818401,2.368095,2.3834414,2.2449143,2.4001899,2.7371016,2.6467643,2.679625,2.0731843,2.6775646,2.2976558,2.5382957,2.5585158,2.4142807,2.3737364,2.3999772,1.9788191,1.994109,1.4964037,2.1221564,1.8554953,2.2041028,1.9514738,1.9602286,2.2072108,2.185103,2.4450226,2.3461893,2.3614502,2.1098306,1.7082354,1.9692351,3.3602693,3.296965,3.4278345,3.748844,4.13831,3.488382,2.8523529,2.8658803,2.8513985,2.7501135,3.1880722,3.2118309,3.6891086,3.6077666,3.6964293,3.374936,2.5791156,2.6161325,2.7287576,2.9040282,2.8917391,2.4796922,2.7365298,2.472559,3.2980862,3.6649482,3.718519,3.5436447,3.0717947,3.4310338,3.775372,3.0213137,2.4575791,2.7165382,2.4182081,2.6881614,2.3911307,2.4715545,2.0300848,1.9301276,2.8466914,2.7722151,3.1976557,2.4359524,2.8865178,2.1939318,2.6739373,2.7502272,0.99131054,1.0372733,1.9537667,2.322017,2.142763,1.6333501,2.7995665,2.4331453,2.435745,3.1110425,2.859847,1.9999272,2.2507288,2.1092649,2.091186,2.085355
16,3.8276057,4.8043303,2.8112884,2.8415768,2.6876934,2.5305562,3.0941923,2.8102312,3.1667292,3.1736364,3.1170106,2.578421,2.9912872,2.982795,3.4691997,3.3501341,0.0,2.3336933,3.3431954,3.2027159,3.387577,3.1367362,3.1500702,3.1485121,2.7896192,2.4365983,3.960135,3.3364012,2.2218232,2.2797072,2.7836056,2.7701905,4.2012973,4.002077,3.9950323,2.8216326,3.5385716,3.8966253,3.8807554,3.8489733,2.8393586,3.8222265,4.106287,4.172238,4.0666633,3.9149404,3.9486108,4.048943,3.4515538,3.2768178,2.9844983,3.23036,3.327809,2.8994722,3.2655468,3.2676985,3.290982,3.2167833,3.0619867,3.3464897,3.8184285,3.161049,3.2517257,2.9660602,4.066087,3.9865267,4.1593604,4.557279,4.4730735,3.895355,4.1799135,4.350382,4.124307,3.9040003,4.022332,4.4598913,4.100888,4.0333614,4.1890607,4.116387,4.6235,4.2525597,4.2501607,4.3351336,4.4449964,4.810206,4.088186,4.504844,4.88459,5.029606,5.577433,4.841585,4.3521533,5.002127,4.0181456,4.4879265,3.0904546,3.2945814,4.1950665,3.2679398,2.980014,3.038638,3.5514998,3.6130512,3.3723726,3.2852066,3.5376637,3.4752743,3.5139964,3.2054267,3.338722,3.337238,3.7992642,3.7856174,4.072237,3.7350187,3.3632095,3.755878,4.0065446,3.7936044,3.154557,3.276339,3.7606132,3.8653026,3.487078,3.6024542,3.4321313,3.480686
17,3.6937766,4.481376,2.1765273,2.1969628,2.1996236,1.8427261,2.258447,2.0225484,2.0382226,2.135678,2.146002,2.3571703,2.073493,2.8048003,2.3484564,2.0645332,2.3336933,0.0,3.0882678,2.4758673,2.120453,2.9098425,2.3784761,2.3914948,1.9013996,1.8491548,2.839387,1.6399834,2.1836793,2.213687,1.8745722,1.9227372,3.0532355,2.658503,2.629241,2.4329507,2.5908875,2.8626232,2.829409,2.8187332,2.393556,2.7779064,2.6412225,2.8396983,2.839409,2.6731062,2.6194043,2.6723187,2.266327,2.2345023,1.7962098,2.3914354,2.2939808,2.31164,2.174583,2.2073638,2.343483,2.259785,2.4262826,2.7183676,3.004074,2.276275,2.2163672,2.212005,3.778251,3.7082393,3.7765963,4.0329056,4.2077475,3.569989,3.7673256,3.9432054,3.63447,3.5166368,3.8613896,3.9705935,4.087355,3.9702535,4.174769,4.111477,3.5070083,3.595536,3.6146572,3.7278645,3.7638001,3.669851,3.655631,3.6157718,4.432601,4.6698313,4.6824584,4.46367,3.8037815,4.525777,4.5431657,3.9039652,2.0701766,2.3527153,3.373038,2.3171377,2.086182,2.058695,2.4219413,2.377137,2.4918132,2.3983076,2.7472327,2.622666,2.65337,2.0753508,2.5052958,2.5298624,2.5826216,2.5722103,2.783265,2.972016,2.6662836,2.5929072,2.7977328,2.5559592,2.6566849,2.8152,2.8299248,2.5074844,2.4947877,2.6281283,2.4467962,2.4834921
18,3.6405234,4.6266885,2.7499025,2.766311,2.2592156,3.052495,2.2965572,2.4779162,2.9207604,2.8812609,2.8650565,2.2444863,2.732914,2.6496868,3.4100235,3.2342103,3.3431954,3.0882678,0.0,1.4096899,2.2389307,1.7754995,1.6246517,1.7337784,2.3661082,2.3840134,3.7900925,3.2585895,1.9414197,1.9536341,2.4404275,2.4129786,3.6415372,3.455591,3.4348862,3.3846846,2.9563656,3.1054137,3.309619,3.2781336,2.987802,3.2400947,3.5153863,3.66216,3.5617988,3.3918028,3.4235947,3.531462,3.4317372,3.1741233,2.8359883,3.3131478,3.2886858,3.143118,3.2217805,3.1866088,3.2080944,3.1410575,3.1199908,3.3374293,2.8093987,3.148446,3.2248392,2.9679801,3.6876366,3.6324406,3.1971726,3.6356945,4.016301,3.4003332,3.2895606,3.5408893,3.7444775,3.4809606,2.8139908,3.564386,3.7842653,3.496697,3.2179658,3.7535324,3.2998621,2.4538348,2.5565963,2.6499016,2.6675415,3.3650522,3.1858377,3.3438416,3.5081942,3.7387583,3.8612268,3.5373,2.5268118,3.5634964,4.1320467,2.7083998,3.4185925,3.5908267,2.99128,3.587451,3.432225,3.3911085,3.8198526,3.9449997,3.3080502,3.0491133,3.3623047,2.6813514,3.351663,3.1430101,3.1977332,3.214901,3.441576,3.4594915,3.7151437,3.1521568,2.9421897,3.5203078,3.0580235,3.4761488,2.9203558,3.780807,2.996015,3.0869107,3.136035,3.2465768,2.9326794,2.942304
19,3.6982212,4.688333,2.6435347,2.973216,2.4248435,2.9781675,2.4856253,2.2370143,2.8145711,2.8656473,2.5477757,2.289745,2.4412246,2.7310083,2.9589763,2.7815185,3.2027159,2.4758673,1.4096899,0.0,1.6186178,1.8499161,0.7564756,0.6654325,1.8374835,1.745318,3.4829316,2.8128316,2.097377,2.0777166,1.8376515,1.8404197,3.4353166,3.183612,3.1688337,2.9881947,3.0355113,3.2360063,3.4125903,3.4039164,2.9793139,3.3251362,3.2245574,3.4609535,3.291399,3.2380116,3.154233,3.233286,3.0256412,2.7937138,2.383852,2.9228916,2.8911793,2.9307437,2.8314226,2.8311212,2.7642014,2.7257056,3.0789108,3.3139093,2.923338,3.0957208,2.7480505,2.602588,3.5973487,3.539447,2.9908836,3.2686608,3.9265232,3.363465,3.0750763,3.3554676,3.404445,3.1918426,2.6671422,3.488553,3.5980856,3.4294274,3.0183635,3.5615904,3.1377861,2.1290724,2.2751064,2.4533803,2.4878845,3.1764686,2.9701517,3.1688282,3.3561966,3.610076,3.7647688,3.3060145,2.4087038,3.4122486,4.0519123,2.5526278,2.7514071,2.9759505,2.6742387,2.923259,2.6657624,2.613278,3.2596543,3.3069,2.4935536,2.3298893,2.7298412,2.1289418,2.7053547,2.465376,2.4981298,2.5288374,3.0354846,3.031334,3.2406785,2.7376893,2.5072017,3.1637611,2.7013602,3.1291432,2.3548963,3.249213,2.2289603,2.3791084,2.3970983,2.5571446,2.1954193,2.2098258
20,4.1073694,4.5833044,2.9963915,2.9081202,2.5084717,2.8157084,2.5847633,2.362683,2.1704173,2.2437546,2.3432996,2.8288114,2.557951,3.336685,2.5042708,2.278738,3.387577,2.120453,2.2389307,1.6186178,0.0,2.417999,1.6368,1.6090564,2.3528135,2.3783514,2.7677336,1.8178908,2.6649776,2.656228,2.3475678,2.3631856,3.1556804,2.8267305,2.8108165,2.7829452,2.7517588,2.9762459,3.037211,3.0661635,2.7589984,3.0100274,2.6940503,2.963832,2.9945984,2.8791144,2.8441641,2.8882465,2.4135766,2.4998899,2.207196,2.6782157,2.5643666,2.6888483,2.4753735,2.496062,2.6346228,2.5965161,2.8263395,3.057492,2.2752502,2.49619,2.391984,2.6318815,3.4553645,3.390569,2.7903304,3.1144557,3.8425841,3.1711998,2.734027,2.9069424,3.2603319,3.186743,3.0802147,3.7267532,3.8919623,3.6735342,3.4029386,3.8592744,3.1164978,2.688435,2.748264,2.9440606,2.9838936,2.5336223,3.4257567,2.5371947,3.7181194,4.0254636,4.010384,3.7500546,2.9484673,3.832718,4.305103,3.0590363,3.1004078,3.286218,3.113119,3.2162244,2.999342,2.9644885,3.0283966,2.913206,2.836625,2.6949756,3.032089,2.481405,2.9540095,2.1736174,2.7920127,2.83939,2.5116568,2.5111911,2.649098,3.1203792,2.8830168,2.4937751,2.0310695,2.5439515,2.882052,3.5513315,2.639478,1.7703567,2.817702,2.939501,2.6898463,2.6995828
21,3.1734731,4.4895377,2.6109571,2.6534517,1.727639,2.2640765,2.1292372,2.2192874,2.7039182,2.701399,2.3357675,2.3483691,2.4996402,2.1784468,2.859794,2.6824977,3.1367362,2.9098425,1.7754995,1.8499161,2.417999,0.0,1.9095857,1.8017898,2.5592797,2.5597363,3.987663,3.457645,2.2144048,2.3342576,2.30006,2.2727883,3.3640316,3.1291132,3.1318824,2.9068725,2.701896,2.9983888,2.9629345,2.9565601,2.3298054,2.9719207,3.157533,3.354958,3.2249546,3.0337896,3.0786963,3.1323886,3.037545,2.729343,2.443433,2.7919908,2.796984,2.6636786,2.74192,2.7124732,2.8720446,2.7693567,2.715903,2.6255643,2.6994684,2.7827258,2.4233541,2.4048884,3.7738988,3.7737606,3.3053975,3.78029,4.4350047,3.9094992,3.2610552,3.338333,3.7738109,3.507392,2.7433517,3.452545,3.7591364,3.6309094,3.2901871,3.7092552,3.3298829,2.1855521,2.2850282,2.5136383,2.52874,3.2897952,2.9815154,3.2047312,2.943275,3.306832,3.5750763,3.1480486,2.487022,2.9978857,3.8698962,2.4376383,2.8121603,2.9494948,2.9711075,2.9288585,2.6081994,2.6337535,2.9007192,2.9329681,2.5383258,2.35751,2.7400167,2.2550054,2.6130364,2.480219,2.4418838,2.4932265,2.87044,2.8854394,3.2566016,2.423551,2.3078496,3.0426419,3.196121,3.4581704,2.5711534,3.045408,2.6002684,2.7913675,2.8534331,2.9750888,2.720788,2.737947
22,3.7401247,4.7715826,2.6434364,2.9733677,2.506103,2.9487708,2.558252,2.3470082,2.983311,3.042997,2.693732,2.483511,2.5310555,2.8118758,2.9740567,2.7725132,3.1500702,2.3784761,1.6246517,0.7564756,1.6368,1.9095857,0.0,0.47928047,1.7239888,1.804909,3.5177126,2.8420572,2.1732163,2.0728211,1.7793801,1.7924315,3.3141868,2.9747932,2.9705687,2.801256,2.9198797,3.0999882,3.2107444,3.2019277,2.8562233,3.1578476,3.0694273,3.2932878,3.1176069,3.0194268,2.9264486,3.0086749,2.8691864,2.6144803,2.306852,2.767675,2.6831515,2.8008814,2.6354342,2.6412168,2.5738738,2.5977426,2.9897401,3.2253423,2.9270036,2.9976182,2.6541572,2.4634507,3.6316733,3.6065218,3.1243324,3.3394768,4.0673656,3.4254167,3.069346,3.3624756,3.524851,3.2532477,2.629486,3.3606124,3.693251,3.5627208,3.1708846,3.6281905,3.040023,2.3280637,2.3326418,2.4453113,2.4939668,3.172307,2.9527814,3.1266458,3.5023751,3.6988685,3.6976316,3.440045,2.5627983,3.549314,4.0408325,2.7023916,2.5928261,2.7598968,2.6811197,2.6827414,2.6379304,2.6208863,3.0407846,3.216399,2.5630617,2.1928718,2.5504324,1.9913265,2.4555876,2.3042495,2.2896285,2.335844,2.9480052,2.9364326,3.3211942,2.6646998,2.43241,2.9825387,2.5928466,2.9998035,2.4808168,3.2274418,2.0019782,2.2822988,2.2715576,2.4639566,2.2758305,2.2893956
23,3.7135146,4.80089,2.6736362,3.0148592,2.4673095,2.9045093,2.5466135,2.2700074,2.8965762,2.96353,2.5632644,2.3914657,2.4736233,2.7674186,2.8885403,2.6942108,3.1485121,2.3914948,1.7337784,0.6654325,1.6090564,1.8017898,0.47928047,0.0,1.8058717,1.7546085,3.575986,2.8472245,2.187393,2.1664877,1.7581757,1.7693743,3.3099244,2.9681163,2.9653392,2.740456,2.8943117,3.1165144,3.2294366,3.2249687,2.8169813,3.1715138,3.0114954,3.2972379,3.1176333,3.0288763,2.933572,3.0059521,2.8372648,2.5741737,2.2974823,2.7030182,2.63276,2.7550554,2.5945547,2.5977886,2.5297313,2.5158796,2.9466715,3.177341,2.8691974,2.9483826,2.5101151,2.3501682,3.5628376,3.5424902,3.0016093,3.2629938,4.0462275,3.4073582,2.9411933,3.2440557,3.4164166,3.1216,2.5875933,3.350504,3.5893672,3.4738138,3.0428703,3.5052917,3.0180714,2.1646252,2.1663117,2.3731418,2.4332597,3.1335375,2.8848717,3.0913882,3.3333335,3.6103268,3.6466062,3.267676,2.4281766,3.383407,3.9509044,2.564543,2.5946343,2.7418952,2.631344,2.6573315,2.461044,2.450162,3.0070243,3.0702267,2.41971,2.1963017,2.538285,1.9442863,2.4200542,2.3027987,2.2489169,2.3090816,2.9339795,2.921712,3.241876,2.540035,2.3036249,2.9598873,2.6057742,2.9891264,2.2839825,3.0820782,1.9616302,2.2679806,2.2470589,2.4460893,2.179362,2.1940093
24,3.065412,4.207068,1.7498058,2.279396,2.1819751,2.527652,2.2249177,1.6360773,2.6278486,2.7044196,2.019926,1.6938735,2.3174393,2.5977259,2.3206546,2.3311841,2.7896192,1.9013996,2.3661082,1.8374835,2.3528135,2.5592797,1.7239888,1.8058717,0.0,1.1859989,3.0045333,2.4446237,1.69712,1.5058126,1.2101212,1.1966676,3.052665,2.7304232,2.7312133,2.54655,2.7011514,2.8944309,2.9693048,2.961941,2.649284,2.931323,2.9239619,3.0632699,2.8529212,2.7296555,2.6844418,2.7561002,2.7091768,2.2509966,1.9440234,2.5569897,2.294773,2.585273,2.38083,2.4063916,2.5803366,2.5941575,2.420046,2.687694,3.0876238,2.8273437,2.5576684,2.1969185,3.4373176,3.4134364,3.5532255,3.771591,3.832477,3.2234855,3.3925486,3.6298127,2.9546914,2.9755623,3.0584886,3.1466804,3.2098925,3.1375422,3.1909006,3.0650086,2.8025186,2.7058055,2.7720268,2.8779082,2.9095974,3.5365348,2.8038216,3.4908547,3.7697709,3.9137425,3.9028022,3.7342346,2.9101057,3.8274038,3.8648932,3.0431142,2.1294646,2.4062438,2.3919144,2.3764946,2.2661016,2.2172902,2.8030157,3.0048528,2.5757859,2.468065,2.5856144,2.209906,2.7398643,2.5594778,2.5307415,2.580078,2.6669912,2.6565604,3.1225135,2.4593825,2.1139822,2.7985833,2.9584901,2.7696636,2.2823448,2.998222,2.5893455,2.8060024,1.8504975,1.9436847,1.7202348,1.7292923
25,3.2582514,4.412516,1.7569194,2.3591049,2.1674504,2.5141752,2.518753,1.9169097,2.626129,2.701273,2.2231402,1.7956852,1.976218,2.268626,2.5852835,2.4011922,2.4365983,1.8491548,2.3840134,1.745318,2.3783514,2.5597363,1.804909,1.7546085,1.1859989,0.0,3.2891471,2.4290462,1.4238728,1.278532,1.1354901,1.1326473,3.4654524,3.1712296,3.1638045,2.3644462,2.9753177,3.295848,3.370832,3.3622334,2.5262682,3.3408673,3.293917,3.4870868,3.2989378,3.1714237,3.1494725,3.1774986,2.747557,2.4843016,2.0494547,2.3695002,2.525369,2.3568134,2.383622,2.426154,2.4041886,2.400963,2.7476318,2.9371228,3.11625,2.8238237,2.446206,2.135949,3.317701,3.33942,3.4655561,3.708298,3.7889268,3.146448,3.4315748,3.6757176,3.198938,2.9053323,3.1340344,3.5378277,3.3425577,3.2642343,3.3575017,3.265878,3.1874328,2.7180061,2.7787888,2.8920858,2.9536982,3.6067195,2.6209366,3.5516806,3.6344514,3.8456457,4.3160267,3.609738,2.857137,3.7866447,3.865677,3.0376318,2.2019503,2.4451451,2.4549303,2.4100952,2.1323044,2.0549498,2.859921,2.9582465,2.4986417,2.5758035,2.9177945,2.2474668,2.8236003,2.6926541,2.6142466,2.6578984,2.7944455,2.7832644,3.0821533,2.3927433,2.0197265,2.8668733,3.0557456,2.83183,1.6401575,2.7833447,2.4959133,2.7492998,1.8965722,2.0873206,1.7217759,1.7500333
26,4.6201825,3.5654705,3.4371045,3.2942016,3.5044296,3.595696,3.5022264,3.1671574,2.948749,3.0092762,2.9852612,3.5432973,3.4844499,4.2678137,2.7208958,2.782139,3.960135,2.839387,3.7900925,3.4829316,2.7677336,3.987663,3.5177126,3.575986,3.0045333,3.2891471,0.0,2.2942762,3.5089886,3.4084203,3.301858,3.3170142,2.8713944,3.1946325,3.1893399,3.1684163,3.1717987,3.3475914,3.5611079,3.5824955,3.1880133,3.3588784,3.3492622,2.9537337,2.9266667,3.2127194,3.2073932,3.2532067,2.4951894,2.8116097,2.5903103,3.1267483,2.7103922,3.1054742,2.921497,2.9421844,3.2659547,3.2670453,2.9424262,3.216411,2.980285,2.8776019,3.087768,3.1081586,4.2340846,3.9852328,4.0550537,4.3349967,3.5581615,3.8104475,3.440841,3.2063162,3.1088595,3.6370318,4.09724,4.1737895,4.1440477,3.8167427,3.8557284,3.5920777,3.4908824,3.789894,3.8547995,3.8696516,3.9495785,3.3633182,3.9033854,3.2104383,4.6857677,4.463213,4.8266563,4.6942177,4.122004,4.767582,4.6925955,4.133157,3.5785747,3.8094692,3.4474032,3.7694204,3.7081425,3.6812463,3.484789,3.4905577,3.4743931,3.7175603,3.832163,3.4912543,3.800353,3.0152977,3.6479714,3.6858976,2.6582756,2.6313658,3.2591195,3.8460243,3.7139435,2.976593,3.0145137,2.901232,3.7034323,3.7745953,3.8486445,2.965537,3.3844614,3.2116783,3.2832687,3.2890778
27,4.2282896,4.556286,2.688441,2.445451,2.6087196,2.6419704,2.6692781,2.3575644,1.7726401,1.8711779,2.121365,2.8727243,2.4634128,3.4975555,2.1372304,1.8777081,3.3364012,1.6399834,3.2585895,2.8128316,1.8178908,3.457645,2.8420572,2.8472245,2.4446237,2.4290462,2.2942762,0.0,2.807021,2.7754164,2.443136,2.472728,3.1846278,2.805852,2.7714937,2.7616787,2.7513132,2.9723535,3.0025172,3.0230145,2.7472126,2.995252,2.6426399,2.8739192,3.0274777,2.8450515,2.8519356,2.8548963,2.2878468,2.4856303,2.1556547,2.649182,2.5327442,2.639337,2.4198725,2.4510975,2.6979406,2.6558957,2.7409694,2.932586,2.580669,2.3189926,2.4431677,2.7401195,3.441544,3.3731675,3.4562798,3.721792,3.8427334,3.0837145,3.360137,3.4851565,3.2023017,3.220241,3.8652751,3.9790514,4.063731,3.8354607,4.1031113,4.038894,3.2568493,3.5342758,3.59175,3.7213728,3.731917,2.9393826,3.6807442,2.994721,4.404389,4.705965,4.686645,4.5146675,3.7577567,4.561893,4.620364,3.8913138,3.127789,3.3553247,3.3118665,3.3274002,3.1179695,3.0819104,2.9539459,2.7912524,3.3726556,3.3522968,3.6170573,3.0883062,3.5533903,2.7635124,3.4121065,3.4486957,2.3045251,2.3155603,2.3308263,3.3410356,3.0853658,2.3056672,2.5895581,2.3831005,3.0947678,3.7331915,3.409539,2.3760846,2.9830093,3.0446303,2.8135138,2.8218007
28,2.829943,4.082212,1.8529824,1.9829484,1.6435276,2.1256278,2.0175884,2.033707,2.458228,2.424124,2.3677201,1.2410564,2.1358032,1.8356262,2.996171,2.7756712,2.2218232,2.1836793,1.9414197,2.097377,2.6649776,2.2144048,2.1732163,2.187393,1.69712,1.4238728,3.5089886,2.807021,0.0,0.5353433,1.6361222,1.5853618,3.5121558,3.307009,3.2967322,2.8415155,2.711097,3.0185778,3.094526,3.0706255,2.365521,3.0535507,3.4144719,3.5426707,3.4104648,3.1809044,3.2693353,3.3616347,3.093594,2.8551862,2.442488,2.8215384,2.9093845,2.5672834,2.7492778,2.7704215,2.8736827,2.7825115,2.6058109,2.8375316,3.003016,2.7321475,2.815814,2.4399934,3.5646517,3.5611227,3.7382708,4.168996,3.910782,3.287856,3.7922661,3.9616487,3.674849,3.3929527,3.4835024,3.714777,3.6471777,3.4693868,3.6814578,3.6273074,3.4892805,3.101257,3.1425962,3.2989624,3.352428,3.9898725,3.1582255,3.9167705,3.9483569,4.172327,4.4900618,3.9847794,3.0827906,4.07158,4.086757,3.2483034,2.7919412,2.9960635,3.0692818,3.004539,2.6883452,2.600978,3.3181198,3.3847382,2.9388647,3.0420723,3.367779,2.785465,3.298534,3.0845246,3.1194475,3.1604016,3.1741164,3.1807318,3.471226,2.767706,2.4272096,3.2183597,3.3880832,3.1786532,2.263905,3.0165722,3.1602418,3.3549328,2.7377315,2.8849845,2.5188177,2.5486553
29,2.8485942,4.0247145,1.7205762,1.9795754,1.7721366,2.2889652,2.2073846,2.0601485,2.5885983,2.5747666,2.4270535,1.5353767,2.1479168,1.9383717,2.9322882,2.7289612,2.2797072,2.213687,1.9536341,2.0777166,2.656228,2.3342576,2.0728211,2.1664877,1.5058126,1.278532,3.4084203,2.7754164,0.5353433,0.0,1.5653642,1.5097967,3.5330088,3.3220468,3.3180597,2.722596,2.821349,3.119352,3.1748412,3.1579022,2.3752494,3.1575878,3.4871306,3.5676947,3.415011,3.2012084,3.2803242,3.360797,3.0290492,2.790716,2.3493998,2.7215748,2.8375509,2.499647,2.6724615,2.7065542,2.800213,2.7750578,2.6624227,2.8632379,3.0217133,2.7928898,2.8340242,2.4453173,3.4827356,3.4932334,3.726774,4.089325,3.8468757,3.2223597,3.732343,3.8965495,3.5748067,3.309749,3.3569438,3.6326327,3.565676,3.4058852,3.6105201,3.5305517,3.399613,3.0379345,3.091387,3.1792178,3.2355702,3.8925068,2.968896,3.806605,3.8849528,4.032216,4.441081,3.908999,3.0398538,4.026511,3.992084,3.2026947,2.7011592,2.9267118,2.885581,2.9298217,2.7526588,2.6695364,3.2437558,3.4257052,2.9772968,2.982714,3.3274548,2.6775095,3.2620132,3.0314553,3.0669425,3.106452,3.043719,3.0481257,3.4349117,2.7323089,2.3812888,3.1072304,3.315497,3.090584,2.2302575,3.1047816,3.0514781,3.2350044,2.542025,2.6874928,2.3945072,2.4193146
30,3.1659856,4.426214,1.9356956,2.4303684,2.0578423,2.3913922,2.3235476,2.0830045,2.6792452,2.7440178,2.0136397,1.8802601,2.0880158,2.1694317,2.4253566,2.1346738,2.7836056,1.8745722,2.4404275,1.8376515,2.3475678,2.30006,1.7793801,1.7581757,1.2101212,1.1354901,3.301858,2.443136,1.6361222,1.5653642,0.0,0.14517243,3.186639,2.855781,2.8503888,2.5940206,2.75467,2.9815438,3.054537,3.0494475,2.472868,3.0250535,2.9822075,3.1927302,3.002047,2.849544,2.824376,2.8587985,2.7761884,2.5270708,2.1003263,2.5730822,2.5729022,2.6219673,2.428069,2.4698312,2.5103257,2.5172977,2.7991593,2.7489924,3.1489704,2.8587253,2.255004,2.253236,3.4151888,3.4403722,3.5581002,3.785819,3.8366067,3.1961336,3.5392237,3.6657853,3.312816,3.0518544,3.0005198,3.144289,3.462243,3.3920994,3.4976656,3.4171348,3.023255,2.5811548,2.6397207,2.8262324,2.8158743,3.473062,2.702372,3.4512408,3.71381,3.9692595,4.10129,3.8622508,2.8211808,3.8235765,3.8734336,2.9268858,2.2073913,2.444004,2.5237427,2.4115822,2.1498523,2.1044464,2.4757063,2.5869443,2.5341234,2.6008053,2.9412057,2.326524,2.8397543,2.7174118,2.6576629,2.7124162,2.390707,2.3749864,2.6981757,1.9298751,1.7394122,2.6069136,3.3033433,3.0947797,2.0479815,2.8355048,2.5375106,2.6846037,1.9831209,2.181923,1.8267457,1.8517861
