,0,1,2,3,4,5,6,7,8,9,10,11,12,13,14,15,16,17,18,19,20,21,22,23,24,25,26,27,28,29,30,31,32,33,34,35,36,37,38,39,40,41,42,43,44,45,46,47,48,49,50,51,52,53,54,55,56,57,58,59,60,61,62,63,64,65,66,67,68,69,70,71,72,73,74,75,76,77,78,79,80,81,82,83,84,85,86,87,88,89,90,91,92,93,94,95,96,97,98,99,100,101,102,103,104,105,106,107,108,109,110,111,112,113,114,115,116,117,118,119,120,121,122,123,124,125,126,127
0,0.0,2.1865823,1.3562237,1.3887028,1.5996941,1.6115124,2.166949,1.6466087,2.3368886,2.464099,2.485142,2.221662,2.3526654,2.750247,2.394922,2.3034284,1.8468163,1.8394129,2.0919871,2.6105125,2.385171,2.2608762,2.0606885,2.434057,2.1521652,1.9711646,2.1794245,2.1044955,2.7692988,2.1747267,1.6214415,1.6285486,1.9348568,2.0807514,2.3621407,2.2499075,1.6685538,1.7361957,1.9935333,1.7157859,1.7518861,1.9732901,1.8666927,1.873758,2.7443564,2.4141932,2.7515023,3.743633,2.686247,2.2912047,2.3076568,2.2624667,3.56397,3.3269453,3.6251168,2.4245443,2.3860283,2.4084475,2.0959406,2.465145,3.0822515,2.9308343,2.6498034,2.5556145,3.3354826,3.1724699,2.843549,3.0029404,3.53785,3.4779065,2.920505,2.8241289,3.5966048,3.2536082,2.9827101,3.3238907,2.0356174,2.9582858,3.3711774,2.9479988,2.7366164,2.5796168,2.4029856,2.1136985,2.3549252,2.1969275,2.363683,2.742341,3.2469492,2.755701,2.7282398,3.033429,2.5692358,2.8322713,3.1955013,2.8154204,2.5019298,2.9295042,2.9103718,2.9675617,3.7222066,3.5394526,2.9753785,3.1205225,2.3992145,2.376721,2.9975612,2.3760374,2.2641459,2.3514452,3.1833797,2.9974291,3.0371625,2.936104,2.6171696,3.2494092,3.0045304,2.8292081,2.7981527,2.0440934,2.264589,2.0032182,1.9590288,2.6585417,2.4091382,1.9631245,3.0866914,3.24259
1,2.1865823,0.0,2.3324382,1.94038,2.6393192,2.6963305,2.2802784,2.6105716,2.3658998,2.5621011,2.349595,2.1525364,2.064424,2.448178,2.363507,2.2684722,2.575411,2.5569751,2.0396068,2.409139,2.2707176,1.991741,2.0063758,2.5284142,2.1563456,2.0044274,2.1931002,2.4409626,2.6136081,2.1283484,1.5853382,1.5649285,1.8391026,2.002013,2.1867073,2.2544005,1.9696187,1.684289,1.9908606,1.6617675,2.0528505,2.1960363,1.9689571,1.7937368,2.7930543,2.4053214,2.8530338,3.757765,2.8370037,2.3231802,2.433825,2.345178,3.3100646,3.3332987,3.5158517,2.0950425,2.6893861,2.833757,2.410029,2.5019443,3.4050694,3.0349035,2.7761016,2.7167246,3.1436374,3.2065938,2.7093935,2.8364275,3.3173413,3.0311127,2.8447251,2.7919533,3.8182275,3.727251,3.0119483,3.206768,2.2454486,2.272074,3.1252503,2.861833,2.780417,2.5515409,2.5801773,2.3654594,2.336884,2.110014,2.550985,2.1030784,3.0006886,2.624336,2.705473,3.0919387,2.955999,3.1614811,3.2740293,2.807826,3.1287959,3.6450768,3.3320122,3.3760579,3.408103,3.2259398,3.2991052,3.2681518,2.061082,2.2099504,2.9909635,2.4126103,2.1854124,2.1790934,2.7056727,2.7649057,3.2311087,3.059495,2.6269746,3.0219197,2.9291964,3.2510035,2.7747853,2.225568,1.6970687,1.8639245,1.6552873,1.8495529,3.0399513,1.8163133,3.424107,3.2422254
2,1.3562237,2.3324382,0.0,0.7048798,2.3630621,2.3205507,2.4294305,0.952054,2.4842875,2.1909838,2.719813,2.332896,2.2523322,2.4469752,2.6332335,2.595392,2.2746673,2.272465,2.464239,3.086565,2.172108,2.072754,2.0142312,2.2429483,2.3956175,2.2456727,2.3636498,2.4864035,2.7928898,2.1033003,2.0572,2.0884092,2.3714342,2.4752274,2.5281794,2.0104866,2.121257,2.1541421,2.0947783,2.127672,1.493306,1.857144,1.669275,2.2486227,2.4713345,2.7105594,2.9053278,3.3844724,2.400603,2.2319887,2.6670678,2.5014641,3.2979126,3.340532,3.1758673,2.4536564,2.752459,2.8225923,2.478582,2.8235502,3.3669055,3.0076733,3.1501746,3.0859125,3.7060049,3.559856,3.1693063,3.2473288,3.420858,3.8337076,3.2093828,3.1454022,3.7858918,3.5871675,3.325509,3.540017,2.5778985,3.30277,3.6038985,3.4266677,2.6839247,2.478793,2.2978256,2.1468744,2.0382774,1.9248549,2.3370914,2.724035,3.4256835,2.6106913,3.0104887,3.3294306,2.7652054,3.0268772,3.1619384,2.8463304,2.6200233,3.123916,2.5485573,2.6046321,3.4521816,3.555538,2.9272265,2.8261967,2.4765031,2.4846354,3.192751,2.9461777,2.4917984,2.6708498,2.9783065,2.537304,2.9056704,2.6934977,2.6480396,2.7304633,2.7411938,2.9773002,2.9578226,2.3933065,2.27759,2.063314,1.9736955,2.687198,2.3832307,1.9507688,3.025196,2.8007622
3,1.3887028,1.94038,0.7048798,0.0,2.3880885,2.3710008,2.1624582,1.3113397,2.1833467,1.9112296,2.4200745,2.019773,1.8975034,2.1709194,2.2360642,2.1985137,1.8341988,1.8232541,1.9930668,2.600547,1.7151849,1.584367,1.5875294,1.9594641,2.0225172,1.8221425,1.9484515,2.2378283,2.3892848,1.7613796,1.6212803,1.6538217,1.9599315,2.044384,2.103297,1.5558213,1.6981175,1.6829907,1.6258645,1.6613462,1.0733165,1.487916,1.2451164,1.8732616,2.1550252,2.3179853,2.52872,3.110691,2.1811657,1.8162134,2.276928,2.1145039,3.0164797,3.0609212,2.959038,1.9674541,2.4883986,2.5861788,2.1820931,2.451582,3.024149,2.596041,2.7251904,2.656392,3.2676148,3.191727,2.719859,2.8143954,3.0063512,3.3122382,2.7780125,2.686101,3.3815877,3.2299645,2.9573398,3.1575499,2.2064908,3.0103712,3.1938992,3.007143,2.2528446,2.0592155,1.9377754,1.8131207,1.6789572,1.5868608,1.9909949,2.4352944,2.9862962,2.2924845,2.6316216,2.983124,2.5061576,2.7517273,2.8746657,2.4701097,2.539681,3.0651803,2.475783,2.52809,3.3407426,3.4255178,2.7659938,2.6242547,2.0733566,2.0745356,2.7934828,2.5653486,2.016857,2.2316623,2.539574,2.1248913,2.6934724,2.4650722,2.2579176,2.4970143,2.4145303,2.6015,2.599586,1.9807478,1.7635295,1.5971888,1.497998,2.0705872,1.9956648,1.4984261,2.8332117,2.6023676
4,1.5996941,2.6393192,2.3630621,2.3880885,0.0,0.24078593,2.344642,2.3484337,2.7169127,3.0241044,2.2370179,2.6192505,2.8116271,3.1849737,3.3620155,3.2640176,2.53164,2.5274415,2.7376602,3.1944225,2.9667988,2.8433335,2.4491389,2.8088298,2.6988676,2.6126401,2.6444314,2.4564981,3.5719197,2.6894755,2.3979106,2.3823473,2.3037841,2.2152483,2.8400395,3.0011363,2.8237813,2.3923256,2.67002,2.372885,2.7174065,2.878108,2.7268958,2.3858013,3.7126975,3.245952,3.6136072,4.2147694,3.08499,2.836052,2.684678,2.6497085,3.9902434,3.691358,4.125027,3.0455425,2.5870614,2.6440575,2.417278,2.699226,3.8670475,3.8313584,3.4441302,3.358184,3.8805673,3.7395246,3.477904,3.6011248,4.335602,4.030156,3.5431788,3.45259,4.0949264,3.8235755,3.5592213,3.9368021,2.4567378,3.3729577,3.8861897,3.5561502,3.2787993,3.044609,2.5731373,2.3278117,2.88412,2.7627795,2.82273,3.0981095,3.8373544,3.588727,3.4357746,3.796992,3.5427687,3.6736567,3.9633536,3.689077,3.0583923,3.6746752,3.584635,3.77924,4.1406207,3.8444133,3.3795667,3.5572343,2.9744072,2.9321308,3.5492246,2.725415,2.9805803,2.8808582,3.811384,3.8034632,3.4638293,3.390944,3.2825832,3.7884731,3.722383,3.408214,3.328613,2.5640097,2.7445896,2.7960622,2.6727989,3.1886764,3.0951667,2.6943018,3.678203,3.7983825
5,1.6115124,2.6963305,2.3205507,2.3710008,0.24078593,0.0,2.4554212,2.2880402,2.7126687,3.0074518,2.2217588,2.6276762,2.784755,3.1250753,3.383282,3.2821527,2.5670469,2.5616071,2.768498,3.228097,3.0111268,2.889726,2.4872181,2.8538015,2.7300591,2.6325803,2.7130597,2.5392087,3.6104705,2.7158954,2.4614823,2.4591012,2.3575928,2.2549958,2.8813198,3.0090625,2.8995993,2.482413,2.7378798,2.4624763,2.7373312,2.8593404,2.7630727,2.4669108,3.7688074,3.3334382,3.6904202,4.252471,3.076086,2.8941948,2.7091684,2.6544108,4.0089707,3.727626,4.1242895,3.030506,2.609802,2.6675136,2.4902658,2.7774832,3.9407356,3.8539343,3.4856644,3.4012673,3.9891908,3.827354,3.5382915,3.6586409,4.365116,4.0948315,3.5996757,3.5107112,4.1486707,3.8774447,3.62095,3.979538,2.5788677,3.407778,3.9369655,3.6180768,3.2788568,3.0514052,2.5715673,2.33034,2.9030557,2.7909389,2.8311675,3.134161,3.9183471,3.6059597,3.4783163,3.8188066,3.557881,3.6918776,3.973352,3.702225,3.0655293,3.6839387,3.5923138,3.7904117,4.1685433,3.8859737,3.3846173,3.5654666,3.001027,2.9742444,3.6049998,2.8097322,3.036208,2.9210012,3.8336895,3.7820823,3.502196,3.422901,3.3392303,3.7967608,3.709151,3.4273047,3.3672976,2.6425483,2.7779598,2.8028507,2.6946013,3.2270753,3.07886,2.7097323,3.70709,3.828023
6,2.166949,2.2802784,2.4294305,2.1624582,2.344642,2.4554212,0.0,2.278591,2.0806603,2.3318486,2.19675,1.7885072,2.1722643,2.5691328,2.440283,2.369058,2.3303852,2.3265717,2.4060502,3.2784169,2.3311183,2.289515,1.7428381,2.3919623,2.7403858,2.5778584,2.0667667,2.6064227,3.6431372,2.4020047,2.2745686,2.2568552,2.283306,2.672838,2.312981,2.7486708,2.2378306,1.9758947,2.1275895,1.96499,2.4094474,3.038813,2.3034952,2.1808515,2.873759,2.537374,2.8411937,3.7678955,2.7964866,2.3735504,2.2642,2.2795262,3.3261738,3.1773586,3.0525548,2.8085194,2.5259225,2.6235974,1.510336,1.6805797,3.6768787,3.8527462,3.6584423,3.605749,3.8427892,4.0044527,3.6705601,3.7239625,4.1304364,4.0174913,3.7096527,3.5854232,4.2869434,4.172023,3.9139898,4.1689444,2.086126,3.4808946,4.0569224,3.8395119,2.7829735,2.558,2.6725183,2.5914319,2.2747033,2.2337663,2.5738654,2.8140635,2.6575735,2.7930894,2.6882708,3.203982,2.9597225,3.0885744,3.2933004,2.8381321,3.3000317,3.662132,3.609272,3.6384509,4.233242,4.085969,3.6647766,3.6806622,2.8933272,2.6141999,3.4219701,2.678664,2.7712698,2.664093,3.286812,3.3364613,3.5959299,3.5048628,3.2259011,3.8047523,3.4132748,3.1903164,3.1097329,2.585638,2.6884491,2.7289634,2.68425,2.8015776,3.1356156,2.7437568,3.8325655,3.6494846
7,1.6466087,2.6105716,0.952054,1.3113397,2.3484337,2.2880402,2.278591,0.0,2.5123215,2.2601287,2.7128682,2.2638917,2.2831979,2.5152462,2.76328,2.7278934,2.601753,2.60095,2.7921286,3.402955,2.41966,2.3711252,1.9255836,2.4528615,2.7069004,2.5253198,2.559921,2.8318722,3.3845131,2.0753825,2.5243354,2.5576398,2.4793878,2.7893798,2.8675706,2.3498275,2.5296144,2.5248294,2.32168,2.495846,2.036166,2.3107023,2.0943475,2.5637898,2.8233235,3.0596998,3.148189,3.5837722,2.2964225,2.4659984,2.6143603,2.437019,3.3207412,3.3194878,3.2378643,2.7170837,2.7197149,2.7990448,2.3707633,2.734302,3.8626444,3.5679853,3.6917822,3.6467686,4.182113,4.0469694,3.717575,3.7709801,3.8850596,4.300517,3.7510152,3.6846914,4.2952023,4.1310234,3.8949997,4.135143,2.9252849,3.5933478,4.119567,3.9855795,2.604838,2.3722267,2.2944586,2.1522703,2.0333154,1.9888142,2.2455757,2.647013,3.3908796,2.5632062,2.9327343,3.3423529,2.7261472,2.9780126,3.124472,2.790641,2.8273692,3.236705,2.7433686,2.7914584,3.8609843,3.958083,3.4219694,3.3494086,2.881507,2.8404253,3.4758294,3.2667632,2.9366276,2.841427,3.2194932,2.6704636,3.1814108,3.0204525,2.9791842,3.0794942,3.1748,3.352141,3.3336618,2.7538846,2.7208424,2.539702,2.510061,3.104575,2.8427,2.5008771,3.3165286,3.129
8,2.3368886,2.3658998,2.4842875,2.1833467,2.7169127,2.7126687,2.0806603,2.5123215,0.0,1.1349463,1.5816941,1.1083074,1.5166384,2.0444095,1.5640844,1.4788023,2.2628305,2.2516665,1.8255429,3.0886915,2.332899,2.2913315,2.0089269,2.3962426,2.3790054,2.214355,2.2778492,2.7445545,3.5670257,2.707363,2.0789053,2.1636965,2.3838172,2.5872636,2.510251,2.4429333,2.2951844,2.0958035,2.333421,2.0922668,2.1723773,2.5126638,2.1241593,2.282797,2.8123631,2.5087755,2.9736557,3.8835998,2.4865348,2.4941459,2.314936,1.8859605,3.2413943,2.913175,2.486003,2.2238162,2.3801494,2.517,2.1012394,2.2663472,3.7393644,3.61566,3.4818609,3.414068,3.943527,3.9721572,3.6308126,3.6601791,4.1210465,3.7917922,3.580198,3.466024,4.0383782,3.8730407,3.4153636,3.462539,2.6269922,2.9161222,3.9733484,3.729283,2.7419784,2.6451972,2.5229287,2.699651,2.6831849,2.6846383,2.6531749,2.9157133,3.0085733,2.9725878,2.8064935,2.6043184,3.0275917,3.1457586,3.37807,2.9646304,3.3883162,3.5607316,3.6923885,3.7018852,4.1969886,4.0746284,3.5604918,3.6956265,2.3847866,2.4196043,3.1930938,2.7093933,2.6235511,2.518319,3.266529,3.2691748,3.4449444,3.3616905,3.074136,3.6431797,2.7324083,2.487734,2.402462,2.8446355,2.604317,2.723942,2.5534594,2.6838713,3.006428,2.6644228,4.058898,4.131897
9,2.464099,2.5621011,2.1909838,1.9112296,3.0241044,3.0074518,2.3318486,2.2601287,1.1349463,0.0,1.95128,1.3885425,1.8193436,2.308936,1.7564625,1.7482015,2.4800568,2.4729655,2.1025062,3.160042,2.0512166,2.025887,1.7353514,2.2958388,2.6017034,2.4791877,2.5559819,3.0295248,3.3302407,2.5109017,2.2822008,2.335337,2.677411,2.8061347,2.8058875,2.1992257,2.4192348,2.2911565,1.9892534,2.2879097,1.7611306,2.2089329,1.7444751,2.4761887,2.5239782,2.8088863,3.1203442,3.6586576,2.2818217,2.1304128,2.6379023,2.241335,3.4835207,3.2082894,2.0917385,2.3954349,2.800468,2.8979425,2.4234815,2.5803893,3.4788902,3.3419619,3.5723653,3.5097547,3.9772959,4.0027957,3.70083,3.755727,3.8083804,3.9011738,3.6781106,3.5750418,4.0337687,3.8845696,3.4359503,3.4632878,2.931989,3.227452,4.106421,3.9202433,2.536998,2.4490502,2.2523153,2.4857404,2.4428089,2.4262831,2.4610753,2.7512107,3.2375662,3.1250372,3.1415863,2.8980536,3.141206,3.3194137,3.5158455,3.0845144,3.4859295,3.6952164,3.422841,3.4506495,4.181847,4.3030825,3.7239923,3.8139572,2.5492659,2.6108189,3.1470664,3.1436145,2.65849,2.6114078,3.308476,3.0217888,3.2316308,3.134048,2.7860537,3.3778775,2.489542,2.5817533,2.5289977,2.970811,2.7745302,2.8151624,2.654194,2.8190668,3.06133,2.7508972,3.6793978,3.7288246
10,2.485142,2.349595,2.719813,2.4200745,2.2370179,2.2217588,2.19675,2.7128682,1.5816941,1.95128,0.0,1.2046708,1.6373788,2.0983982,2.542829,2.4292684,2.3348808,2.323742,1.7436774,3.140816,2.3229308,2.2456067,2.0086586,2.3622336,2.5121272,2.281206,2.4451025,2.954661,3.6984138,2.7651782,2.233196,2.297938,2.4778562,2.2225509,2.4764378,2.5840497,2.7210093,2.2142353,2.5476987,2.2124417,2.3580317,2.6928797,2.3169475,2.2801883,3.3642437,3.0617447,3.489616,3.9923096,2.5632422,2.535703,2.106576,2.0247338,3.6526647,3.3735645,2.6525557,2.398213,2.278015,2.4283383,1.8735986,1.9444273,3.5876336,3.5256152,3.3364317,3.2898545,3.948266,3.9732327,3.5801806,3.6253383,4.1105356,3.7403429,3.5298216,3.4325042,4.2676954,4.130867,3.6260524,3.658881,2.5376148,2.7257748,3.9289236,3.6704283,2.8365407,2.7366061,2.5511322,2.533408,2.7481043,2.7340214,2.6912458,2.8482835,3.5017607,3.5126536,3.3221188,3.1430144,3.6172256,3.7095563,3.9193864,3.5202048,3.39505,3.7973936,3.7541764,3.9016943,4.0309834,3.8945978,3.7292085,3.8572042,2.589047,2.4509127,3.3683584,2.756538,2.7550383,2.6541235,3.5907626,3.549056,3.5905757,3.5172482,3.3149316,3.8360326,2.9114747,2.734738,2.5590992,2.7688966,2.7535598,2.8218186,2.7730927,2.835038,3.2734096,2.8560905,3.7991834,3.8712077
11,2.221662,2.1525364,2.332896,2.019773,2.6192505,2.6276762,1.7885072,2.2638917,1.1083074,1.3885425,1.2046708,0.0,1.2391751,1.8542492,1.631392,1.5454067,2.153934,2.1436741,1.5055071,3.0088162,1.9987831,1.9452903,1.6072781,2.0091536,2.346018,2.0655408,2.1811397,2.728335,3.524854,2.4564435,2.0259552,2.0904136,2.2169757,2.4406211,2.3630488,2.2522986,2.157081,1.9938935,2.1669137,1.9893686,1.9312541,2.3969545,1.8592501,2.0766628,2.5692213,2.4165297,2.9320188,3.7187102,2.197334,2.1899083,1.8451864,1.7329279,3.1697352,2.86426,2.1330838,2.1381037,1.9807748,2.1353588,1.4897988,1.6616246,3.3369014,3.2999403,3.2357488,3.2011526,3.799465,3.8482351,3.4995637,3.5235457,3.9723918,3.6602273,3.4428136,3.3414352,4.207745,4.0660667,3.5401142,3.5703266,2.3916605,2.6044488,3.8805912,3.6374967,2.455563,2.3691401,2.4752996,2.4629538,2.3710654,2.3611848,2.3405488,2.4969513,2.774728,2.8521342,2.690088,2.4521623,2.9339406,3.0234175,3.2663853,2.8574238,3.216452,3.3865235,3.412544,3.439606,3.8549259,3.8077924,3.6624286,3.766802,2.329282,2.1666079,3.0613863,2.599021,2.4159667,2.2926738,3.2168612,3.0748682,3.3886542,3.3176641,3.0218813,3.6239777,2.6218202,2.5671666,2.3704665,2.6406689,2.6492488,2.649748,2.6163485,2.713045,3.1602776,2.7102966,3.5601745,3.6259341
12,2.3526654,2.064424,2.2523322,1.8975034,2.8116271,2.784755,2.1722643,2.2831979,1.5166384,1.8193436,1.6373788,1.2391751,0.0,1.4973661,1.8197745,1.778403,2.2040408,2.1792996,1.6387666,3.0196195,2.3651247,2.2865775,2.070252,2.407639,2.4372542,2.1512768,2.3581567,2.876643,3.5929856,2.7049623,2.169865,2.270358,2.2711742,2.4372766,2.6133263,2.4238365,2.3307395,2.195193,2.556376,2.1946979,2.1730416,2.4982834,2.19931,2.275601,2.8749452,2.567952,3.0066643,3.815592,2.4926457,2.5119355,2.0155368,1.8965582,2.7963595,3.024585,2.1624496,1.3496643,2.2241356,2.3644507,1.9148693,2.1021569,3.8403392,3.4252923,3.2609348,3.2032278,3.802727,3.830701,3.4990604,3.5359921,3.7995026,3.6842656,3.4864085,3.3672748,4.1105456,3.9956295,3.5206225,3.4290085,2.5872269,2.7646549,3.806309,3.6251454,2.6892715,2.546199,2.6582832,2.6389484,2.2547944,2.287299,2.5683951,2.817293,2.982288,2.4775527,2.7706325,2.443867,2.9374478,3.0653567,3.1002128,2.6523588,3.2682443,3.7158332,3.5349817,3.560137,4.1268935,4.033817,3.787602,3.629765,2.5456464,2.4367235,3.1351838,2.7622652,2.5811648,2.5118127,2.9910047,2.8031933,3.7170954,3.499543,3.0769796,3.3747272,2.9397578,2.7207153,2.6443362,2.761665,2.2497504,2.126276,2.1264575,2.225033,2.6180818,2.1671667,3.7403617,3.4751773
13,2.750247,2.448178,2.4469752,2.1709194,3.1849737,3.1250753,2.5691328,2.5152462,2.0444095,2.308936,2.0983982,1.8542492,1.4973661,0.0,2.3767262,2.3523414,2.7481537,2.7273083,2.3792572,3.1855888,2.8259583,2.7528484,2.5899618,2.916839,2.8693933,2.6182268,2.8215427,3.3248472,3.8672862,3.1318119,2.6376352,2.7391715,2.8950062,3.0126772,2.4628391,2.8735023,2.822453,2.7486029,3.0714128,2.741161,2.6483424,2.9669003,2.7141478,2.7414565,3.2919703,3.0897942,3.4080427,3.72811,2.995162,3.0155237,2.7276611,2.577923,2.9581096,3.188279,2.697253,2.302619,2.863567,3.1804976,2.605967,2.7422695,4.148493,3.770515,3.6423733,3.640524,4.3130546,4.3800974,3.7279546,3.6170871,4.287208,4.2406983,3.6819873,3.5797255,4.383654,4.5307074,4.114295,4.0274243,3.0306075,3.1962578,3.7133589,3.9567156,2.9861135,2.82066,3.0667677,2.978359,2.853019,2.8799307,3.147494,3.3798034,3.3375118,2.7852688,3.0186982,2.9728854,3.2156208,3.3307827,3.1897244,2.964855,3.1258717,3.5001094,3.4570687,3.4628208,3.9314125,3.8798125,3.5585463,3.4664502,2.787781,2.6726053,3.737827,3.010957,3.1116138,3.0719163,2.7588186,3.017559,3.9292114,3.7334912,3.7312138,3.70557,2.7113836,2.9813852,2.9308949,3.119617,2.5886114,2.5781128,2.5961416,2.7299695,2.9831903,2.630285,4.151257,3.775111
14,2.394922,2.363507,2.6332335,2.2360642,3.3620155,3.383282,2.440283,2.76328,1.5640844,1.7564625,2.542829,1.631392,1.8197745,2.3767262,0.0,0.39230096,2.334944,2.311524,1.8122075,2.533152,2.5414484,2.469162,2.190704,2.7540827,2.5078735,2.317379,2.6028762,2.9111662,3.312332,2.796907,2.0969975,2.1531286,2.373909,2.9009855,2.783617,2.5149314,1.7983186,2.1972718,2.22131,2.2052352,2.1512856,2.4058912,2.1391816,2.330604,2.3715272,2.1047456,2.5650485,3.8125796,2.801381,2.3864064,2.4487243,2.2472167,3.156172,2.9040394,2.6844516,1.9683747,2.6051004,2.7302358,2.3864908,2.5415769,3.3555098,3.1403224,3.0295393,2.9706085,3.4871898,3.563374,3.2737296,3.3278742,3.7820919,3.4447165,3.2905548,3.1507766,3.8048477,3.6689494,3.1451933,3.1330743,2.6434946,2.784255,3.6278193,3.4112515,2.5838747,2.5477924,2.7931309,2.782443,2.6366389,2.5956414,2.6171029,2.834951,2.4295683,2.443523,2.2906895,1.7461237,2.3772452,2.5371969,2.7967193,2.346393,3.376138,3.3870616,3.5264146,3.4117732,4.268194,4.19544,3.8749475,3.9319432,2.4934762,2.5290885,2.905834,2.676209,2.3826034,2.2678194,2.8821683,2.8498948,3.5231924,3.4274945,2.7857263,3.6075742,2.6878529,2.5308495,2.4469116,2.7853098,2.5976644,2.5391068,2.4529836,2.5358477,2.9563513,2.5553112,3.6918435,3.817333
15,2.3034284,2.2684722,2.595392,2.1985137,3.2640176,3.2821527,2.369058,2.7278934,1.4788023,1.7482015,2.4292684,1.5454067,1.778403,2.3523414,0.39230096,0.0,2.24223,2.2198005,1.6955147,2.602934,2.489371,2.3994122,2.1385956,2.714353,2.3924115,2.2194066,2.4941077,2.8691614,3.2526953,2.7134101,1.9757339,2.050934,2.3103828,2.8023698,2.5925732,2.4453971,1.7434558,2.0840158,2.1653662,2.0894437,2.0939229,2.3437407,2.0747907,2.214306,2.4389873,2.1258059,2.5858467,3.9612942,2.7388678,2.3546588,2.3118143,2.1227314,3.330117,3.0583544,2.7601876,1.9768032,2.5592906,2.6156833,2.2961588,2.436896,3.3290691,3.1222024,2.9777017,2.905102,3.5897267,3.6460006,3.2773707,3.3708863,3.727179,3.362107,3.2981021,3.1610882,3.8979325,3.6671903,3.1511164,3.1702452,2.5579684,2.7179608,3.7257397,3.3413591,2.6337016,2.6194305,2.8100863,2.7868717,2.5793257,2.5341134,2.5376072,2.7488005,2.519086,2.5157685,2.3202496,1.911366,2.458665,2.6263075,2.9597788,2.4176893,3.488344,3.4983952,3.6654286,3.5644047,4.218549,4.105701,3.7648773,3.86932,2.4407022,2.4667423,3.0589018,2.7234113,2.3188932,2.2120504,3.0445492,2.864732,3.5065143,3.4219165,2.877345,3.6321645,2.6634734,2.5781538,2.4886534,2.7640433,2.6135025,2.534487,2.4406166,2.525831,2.96664,2.5508676,3.6501212,3.8326354
16,1.8468163,2.575411,2.2746673,1.8341988,2.53164,2.5670469,2.3303852,2.601753,2.2628305,2.4800568,2.3348808,2.153934,2.2040408,2.7481537,2.334944,2.24223,0.0,0.07960998,1.3503038,2.4590273,1.7364248,1.7206023,2.0280554,2.0876195,1.5219157,1.2286491,1.3437847,2.104393,2.5145786,2.175858,1.3880872,1.455851,1.8544877,1.497418,1.8464937,1.6591938,1.4011755,1.2398444,1.9851675,1.25,1.6653672,1.8761379,1.6899838,1.5746729,2.5434775,2.0140493,2.302266,3.398992,2.25269,2.012047,1.5275797,1.5606745,3.2401316,2.9712334,3.3903403,2.0230188,2.045874,2.0980113,1.6160812,1.7148771,2.5849748,2.352918,2.029282,1.9531424,2.7514374,2.7260273,2.3703027,2.4902604,2.952444,2.5921736,2.2993906,2.1322217,2.7805576,2.5129476,2.5769002,2.8263612,1.8122175,3.043985,2.9441295,2.4448426,2.4927719,2.4796607,2.3305378,2.2876844,2.402744,2.4848695,2.2812135,3.0484724,2.8511102,2.7011552,2.5135546,2.7157593,2.8374794,2.98729,3.282617,2.785594,2.7320826,3.092603,2.9771497,3.0282223,3.7344947,3.5724974,2.7398438,2.8080902,2.0950887,1.8450875,2.5273292,2.1264355,1.787944,2.209039,2.9503713,2.8068423,2.7982397,2.7013662,2.4306307,3.0489392,2.871728,2.092524,2.4352314,1.7154664,1.993458,1.9335922,1.8698766,1.9913821,1.6918138,1.8798118,2.9305704,3.106086
17,1.8394129,2.5569751,2.272465,1.8232541,2.5274415,2.5616071,2.3265717,2.60095,2.2516665,2.4729655,2.323742,2.1436741,2.1792996,2.7273083,2.311524,2.2198005,0.07960998,0.0,1.3246495,2.437548,1.7590774,1.7325306,2.0270443,2.0877655,1.5385361,1.2384044,1.3525156,2.107911,2.524603,2.1789627,1.3962249,1.4657867,1.8315368,1.4860269,1.8556199,1.6648244,1.3919758,1.237487,1.9864036,1.2506305,1.6703354,1.8713849,1.7004604,1.5923777,2.5451446,2.0083542,2.2849271,3.385473,2.2712789,2.0306787,1.504863,1.5433068,3.2145479,2.9527705,3.3823795,1.9942291,2.0340195,2.0861993,1.6209077,1.7190787,2.6042523,2.3610013,2.0291028,1.9463211,2.7499714,2.725094,2.3628452,2.4872644,2.9513264,2.5867875,2.3023868,2.1302786,2.79047,2.5292995,2.5795023,2.8246136,1.8028637,3.0245912,2.9337146,2.443949,2.4693022,2.4467978,2.3213396,2.268393,2.3885791,2.4664795,2.2741563,3.0376492,2.8330617,2.6869657,2.5002413,2.697161,2.8002532,2.9512403,3.2420099,2.740811,2.7178645,3.0874996,2.9851172,3.035396,3.748866,3.5843644,2.7655256,2.8179586,2.104092,1.8661916,2.5117533,2.1010387,1.7947618,2.210817,2.9294195,2.7925,2.8241332,2.7234294,2.411923,3.0602067,2.8610299,2.089919,2.428961,1.7058105,1.9661657,1.8945012,1.8423696,1.9584318,1.6731161,1.8493493,2.942943,3.1132948
18,2.0919871,2.0396068,2.464239,1.9930668,2.7376602,2.768498,2.4060502,2.7921286,1.8255429,2.1025062,1.7436774,1.5055071,1.6387666,2.3792572,1.8122075,1.6955147,1.3503038,1.3246495,0.0,2.4266279,1.8316866,1.7026489,2.0208597,2.0875442,1.6696911,1.3818946,1.8195572,2.5006177,2.8013172,2.4612472,1.2849681,1.3979588,1.9926819,1.6754377,2.0574496,1.8225746,1.4362918,1.2821552,2.066472,1.3094558,1.6183347,1.8920888,1.6200967,1.571841,2.561096,2.0795722,2.3890786,3.4942367,2.344569,2.0749612,1.5281221,1.5892228,3.2790115,3.0175178,2.7558177,1.6991806,2.0552015,2.111364,1.6486924,1.7190566,2.6171713,2.3893344,2.078717,1.9756429,2.8387036,2.8508277,2.5033774,2.6297672,3.0282574,2.5352921,2.456087,2.3223221,3.324009,3.074507,2.5359726,2.5435476,1.8195366,2.0649471,3.0558398,2.533962,2.53572,2.5020704,2.5242298,2.4073567,2.440211,2.416007,2.370305,2.6490972,2.8920505,2.8503957,2.6615145,2.3000083,2.8974574,3.0700212,3.3567386,2.8180728,2.9594016,3.250679,3.238522,3.2797513,3.581771,3.4214036,3.3360076,3.331411,2.0306265,1.9087362,2.622091,2.1879025,1.8767645,2.2003653,3.0276248,2.9346807,3.0591097,2.9633107,2.435422,3.2202797,2.4370434,2.0021951,1.8979752,1.9517635,2.1151242,2.037265,1.9695162,2.0205886,2.5112536,2.0477338,3.0593588,3.2670832
19,2.6105125,2.409139,3.086565,2.600547,3.1944225,3.228097,3.2784169,3.402955,3.0886915,3.160042,3.140816,3.0088162,3.0196195,3.1855888,2.533152,2.602934,2.4590273,2.437548,2.4266279,0.0,2.7237885,2.6027448,2.530514,3.3655653,2.428222,2.2380817,2.86676,2.944486,2.2754114,2.612811,2.0544393,1.9944832,2.3130867,2.2934294,2.8241482,2.5687122,2.1386833,2.2735837,2.2036626,2.2756977,2.5228662,2.263146,2.5304475,2.3499663,3.199212,2.7916644,2.937207,3.4585733,3.3224854,2.4437459,2.930488,2.8575943,3.6605527,3.3949723,4.2763276,2.367376,3.1799364,3.473889,3.1097443,3.1420786,2.8420205,2.3010511,1.9520229,1.978679,2.2234602,2.3141398,1.8570988,1.9135095,3.0391316,2.6010144,2.045205,1.9077427,2.4986005,2.797907,2.4367383,2.6727102,2.7157588,2.9561307,1.9515522,2.2882528,2.4694195,2.4461336,2.4508066,2.211893,3.0233986,2.9422975,2.7893684,3.0082579,3.0423393,2.852356,2.547943,2.699657,2.8242702,3.0391436,3.1541207,2.8713627,2.779256,3.1684506,2.8866527,2.929898,4.0229955,3.9223976,3.5390818,3.617672,2.4379313,2.5901918,2.4595883,2.3629398,2.3023276,2.2094243,2.21887,2.7486918,3.0826373,3.0064993,2.2840734,3.201578,2.9976041,2.781941,2.7285373,2.1419704,2.0552473,2.1840408,2.1061845,2.1099644,2.6464903,2.1923418,3.227757,3.4067445
20,2.385171,2.2707176,2.172108,1.7151849,2.9667988,3.0111268,2.3311183,2.41966,2.332899,2.0512166,2.3229308,1.9987831,2.3651247,2.8259583,2.5414484,2.489371,1.7364248,1.7590774,1.8316866,2.7237885,0.0,0.45297197,1.2717044,1.5422858,1.8279353,1.4860932,1.5158553,2.3256028,2.149138,1.4766704,1.5942984,1.5710565,2.0460205,1.7765143,1.9138541,0.9262837,1.8299721,1.4728379,1.3320757,1.4425478,1.1117666,1.5574806,0.9288617,1.8102769,1.9718943,2.2381523,2.4720695,2.9809985,1.7587869,1.4803966,2.0113165,1.8723103,3.315942,3.0069883,2.9875352,2.3821826,2.3619847,2.4760072,1.8725786,1.9022801,2.3068557,2.1420689,2.481692,2.489852,2.8380058,2.8748827,2.506588,2.5778487,2.6834466,2.6589165,2.4131372,2.3807957,3.1610796,3.0338304,2.815975,3.0532413,2.1826744,2.9297812,3.146824,2.7783654,1.9693891,2.051023,1.8326414,2.0076175,1.9932361,2.0479004,1.8312494,2.2304199,2.796429,2.7603867,2.65771,3.0940123,3.0159101,3.144569,3.404016,2.9519413,2.945039,3.1973882,2.582582,2.6750388,3.0927744,3.2841682,2.8476846,2.861154,1.6691208,1.4875083,2.4470935,2.570325,1.6380111,1.9437261,2.802421,2.3755398,2.2387066,2.1795573,2.108207,2.5659456,2.4121556,2.3843207,2.3058317,1.808609,2.180347,2.3093576,2.2226212,2.224408,2.6431937,2.3095317,2.7835774,2.8534226
21,2.2608762,1.991741,2.072754,1.584367,2.8433335,2.889726,2.289515,2.3711252,2.2913315,2.025887,2.2456067,1.9452903,2.2865775,2.7528484,2.469162,2.3994122,1.7206023,1.7325306,1.7026489,2.6027448,0.45297197,0.0,1.2080164,1.4056122,1.6365168,1.3767178,1.3920304,2.1933126,2.014543,1.3316388,1.4429172,1.4191256,1.8436129,1.5814105,1.8257532,0.78545326,1.7069609,1.2902055,1.2126175,1.2651014,0.9748731,1.3580716,0.7249225,1.5857375,1.9186226,2.1540143,2.469468,3.023303,1.6755905,1.3710115,1.879009,1.7539722,3.2623768,2.9595044,3.0559144,2.2903495,2.2797968,2.3859844,1.8671284,1.8756025,2.3369825,2.1168158,2.4151442,2.3980873,2.810975,2.8429377,2.4325523,2.5300088,2.675529,2.5682037,2.3842833,2.3344743,3.1690266,3.0449057,2.7148058,2.9788444,2.1372454,2.7798805,3.0724976,2.7133014,2.0505092,2.0085354,1.802238,1.8760948,1.9541316,1.9509315,1.8032731,2.0661948,2.7852395,2.7594314,2.67392,3.089491,3.0062938,3.1434793,3.3751566,2.9092927,2.9314415,3.25493,2.6048958,2.6982255,3.0042973,3.166683,2.7568266,2.8045568,1.597665,1.5111347,2.398154,2.4567323,1.5504841,1.9127101,2.7621362,2.3667138,2.2120152,2.1323547,2.0045865,2.4997747,2.401627,2.5194602,2.3723826,1.7658967,1.9672992,2.1604934,2.0017538,2.0165203,2.6133418,2.1090105,2.5961392,2.6734366
22,2.0606885,2.0063758,2.0142312,1.5875294,2.4491389,2.4872181,1.7428381,1.9255836,2.0089269,1.7353514,2.0086586,1.6072781,2.070252,2.5899618,2.190704,2.1385956,2.0280554,2.0270443,2.0208597,2.530514,1.2717044,1.2080164,0.0,1.7948828,2.086145,1.8623525,1.8446052,2.3839827,2.623184,1.1962712,1.8376175,1.8096727,1.6930677,1.9835763,2.178045,1.5484244,1.9995676,1.7028593,0.99333024,1.6768012,1.485299,1.7975277,1.3008113,1.8457662,2.2265036,2.4139395,2.6402247,3.2276022,1.7649918,1.317455,1.9032799,1.7501297,3.2448997,2.9188564,2.9586287,2.2475808,2.2151651,2.3154192,1.7633449,1.8501319,2.9249728,2.7723489,2.9606457,2.930609,3.2706463,3.3084857,2.9319322,3.0374,3.210713,3.1479368,2.9745438,2.8848658,3.5980046,3.4636824,3.1462295,3.4329815,2.2502227,2.987941,3.515595,3.2158918,1.650515,1.5575168,1.3556308,1.4084432,1.5082335,1.5082297,1.2962008,1.6763201,2.4609804,2.484578,2.338692,2.844117,2.6498616,2.7705984,3.055054,2.5623925,3.0869563,3.3885014,2.8436356,2.9308488,3.5828364,3.6826138,3.2562537,3.2942336,2.0723262,2.0001907,2.6743062,2.6383915,1.9451905,1.7002852,2.7748687,2.2435868,2.538761,2.471242,2.208483,2.8288038,2.64216,2.738877,2.6266036,2.0400293,2.218082,2.3630905,2.2588444,2.313002,2.7973313,2.359048,2.8368015,2.9221265
23,2.434057,2.5284142,2.2429483,1.9594641,2.8088298,2.8538015,2.3919623,2.4528615,2.3962426,2.2958388,2.3622336,2.0091536,2.407639,2.916839,2.7540827,2.714353,2.0876195,2.0877655,2.0875442,3.3655653,1.5422858,1.4056122,1.7948828,0.0,2.1698885,1.9145668,1.6088216,1.7722799,2.9456818,2.0469987,2.1925485,2.178341,1.8440222,2.0318,2.3341708,1.573956,2.2870886,1.9841506,2.1237464,1.9713411,1.6581111,2.0246224,1.5276587,2.1385882,1.6573397,1.9100698,2.8005824,3.2733114,1.8521563,2.0959833,1.9486016,1.9027444,2.827717,2.4270854,3.0412343,2.6362412,1.606335,1.7074928,1.9137517,2.0361936,2.9617453,2.9078476,3.091934,3.0534108,3.3693728,3.326696,3.0833209,3.1090398,3.7888966,3.200316,2.9853325,2.9214928,3.7354162,3.5864847,3.244356,3.4809277,2.3818815,3.0204794,3.5845475,3.3308434,2.546047,2.3533757,2.279875,2.3366969,2.3596947,2.3584516,2.2159593,2.4888785,2.6965873,3.053993,2.9560645,3.2977738,3.1816864,3.079794,3.2634952,3.1167257,3.1008549,3.3595815,2.9451709,3.0213888,2.9873204,3.1256857,2.7919018,2.8335917,1.8538762,1.730707,2.4532642,2.294195,1.8548731,2.25906,3.1800394,2.9066837,2.6933103,2.6040044,2.56423,3.0584126,2.8542056,2.8893042,2.742076,2.2493212,2.328531,2.6018758,2.4778361,2.5772057,2.95761,2.5417793,2.9846406,3.0116189
24,2.1521652,2.1563456,2.3956175,2.0225172,2.6988676,2.7300591,2.7403858,2.7069004,2.3790054,2.6017034,2.5121272,2.346018,2.4372542,2.8693933,2.5078735,2.3924115,1.5219157,1.5385361,1.6696911,2.428222,1.8279353,1.6365168,2.086145,2.1698885,0.0,0.8904711,1.3899992,2.186535,2.2864535,1.9536891,1.2018522,1.3034136,1.767076,1.4127694,1.8678621,1.4739809,1.6165292,1.2766429,2.0113606,1.261694,1.8113185,1.6463814,1.6273437,0.93610084,2.6412652,2.1933987,2.3500175,3.368377,1.6815172,1.7655413,1.7871252,1.5317271,3.2365305,2.8666954,3.769583,2.174741,2.2802792,2.3881466,2.159424,2.1837776,2.9654045,2.5048308,2.270435,2.2008054,2.7837539,2.6913252,2.2850795,2.3380728,2.9314373,2.3762171,2.1939602,2.0902355,2.709688,2.5284493,2.1608744,2.5128238,2.1916554,2.5757997,2.8166142,2.355666,2.8046644,2.6593897,2.2043204,2.1468349,2.4720485,2.5178857,2.1815572,2.5328698,2.949395,2.6276457,2.470013,2.6787636,3.1704051,3.3360176,3.56418,3.090672,2.997532,3.3090184,2.8102448,2.853964,3.0586348,2.863533,2.416465,2.5263245,1.8181627,1.9035398,2.8218777,2.4989815,1.8841546,2.2481372,2.8081732,2.6829898,2.0053945,1.9122846,2.3022883,2.280999,2.7798977,2.5145845,2.4969451,1.8312452,1.8078234,2.3300738,1.7526639,1.9518052,2.3574035,1.9044231,2.53909,2.816377
25,1.9711646,2.0044274,2.2456727,1.8221425,2.6126401,2.6325803,2.5778584,2.5253198,2.214355,2.4791877,2.281206,2.0655408,2.1512768,2.6182268,2.317379,2.2194066,1.2286491,1.2384044,1.3818946,2.2380817,1.4860932,1.3767178,1.8623525,1.9145668,0.8904711,0.0,1.1475149,1.9246845,2.177455,1.7100794,1.0922999,1.1654388,1.4308488,1.0987269,1.7065675,1.16621,1.4343506,1.1597214,1.8968253,1.1330681,1.5890782,1.4168793,1.4815335,1.3225467,2.394971,1.8895532,2.268304,3.264922,1.8353114,1.9606413,1.4509112,1.2556995,2.9890401,2.6439364,3.5809298,1.9037232,1.826874,2.011197,1.7910243,1.8644521,2.7016766,2.2079942,1.924699,1.9082843,2.623586,2.519119,2.07991,2.1387727,2.8780892,2.2641351,1.9650241,1.8950552,2.816693,2.6720047,2.3911119,2.6834145,2.03184,2.427226,2.6298888,2.2044132,2.2929668,2.2645533,2.092696,2.0592484,2.3634253,2.4068367,2.0464098,2.4423811,2.7149088,2.4138303,2.182337,2.570616,2.7368746,2.870093,3.1329255,2.6974418,2.5692384,2.8478463,2.62536,2.6695774,3.062722,2.9043806,2.460281,2.5695295,1.3703293,1.3725257,2.3307333,2.0070028,1.5268195,1.8400198,2.5834599,2.456146,2.3407497,2.263052,2.202796,2.569287,2.6652336,2.3342452,2.2869468,1.536591,1.63621,1.8725394,1.6594366,1.8035271,2.2006133,1.7656106,2.8497226,3.0571399
26,2.1794245,2.1931002,2.3636498,1.9484515,2.6444314,2.7130597,2.0667667,2.559921,2.2778492,2.5559819,2.4451025,2.1811397,2.3581567,2.8215427,2.6028762,2.4941077,1.3437847,1.3525156,1.8195572,2.86676,1.5158553,1.3920304,1.8446052,1.6088216,1.3899992,1.1475149,0.0,1.7487208,2.5552797,1.6728951,1.5397445,1.5607622,1.4946696,1.4244359,1.6159059,1.448237,1.6313993,1.1337498,1.9454566,1.117492,1.8322172,2.0013332,1.6502532,1.515314,2.3216238,1.8141326,2.2667046,3.313315,1.9218627,2.1285849,1.4066384,1.2424387,2.8786168,2.554627,3.6342957,2.4173496,1.8627615,1.9908812,1.5265883,1.5203751,3.0529904,2.873624,2.6639478,2.6179278,3.0101917,3.0351682,2.6581638,2.712577,3.2776725,2.7690718,2.5865731,2.4867373,3.1997366,3.0867193,2.9730694,3.344776,2.0111938,3.0715077,3.1563294,2.8174894,2.5281663,2.3490536,2.2875526,2.3172352,2.3829,2.4398124,2.2568686,2.6788003,2.5842247,2.5921926,2.3843825,3.0934215,2.905175,2.9920998,3.1968913,2.744146,2.8287358,3.1701674,2.9693632,3.000085,3.3618093,3.2029634,2.460399,2.5612237,1.8343692,1.6881036,2.5420735,2.0548806,1.8818184,2.2544,2.849444,2.8139565,2.6317012,2.553682,2.4805326,2.9039207,3.1088307,2.771807,2.7793605,1.8102435,1.8027861,2.1264665,1.9163404,1.9210943,2.3447993,2.003431,3.1884832,3.2119865
27,2.1044955,2.4409626,2.4864035,2.2378283,2.4564981,2.5392087,2.6064227,2.8318722,2.7445545,3.0295248,2.954661,2.728335,2.876643,3.3248472,2.9111662,2.8691614,2.104393,2.107911,2.5006177,2.944486,2.3256028,2.1933126,2.3839827,1.7722799,2.186535,1.9246845,1.7487208,0.0,2.6200376,2.3116236,2.0227773,1.9393009,1.3869295,1.9156332,2.3370564,2.18027,2.2070084,2.0178788,2.3513272,1.9857086,2.2043238,2.2773106,2.1500719,2.1249635,2.0961092,1.4236014,2.9340715,3.8637254,2.783083,2.538406,2.4583085,2.3723915,2.9769258,2.622218,4.123767,2.6461225,1.7589802,1.9009823,2.419672,2.609268,3.1689763,3.0085163,2.736833,2.7090104,2.984113,2.8857658,2.6607897,2.7247982,4.028694,2.9869504,2.6207082,2.559412,3.257136,3.0356753,2.883924,3.3131387,2.269398,3.2365057,3.1190696,2.7755451,3.0083203,2.8659887,2.6323507,2.6459312,2.8540292,2.790254,2.6904397,2.988052,2.7028875,2.9510784,2.7373867,3.4434092,3.094705,2.9271529,3.1713705,3.172234,3.0265467,3.3538594,3.2361712,3.2801187,3.2873886,3.0766695,2.1942217,2.508504,1.5968076,1.6277034,2.294613,1.6182567,1.5363592,1.8997847,3.0657332,3.1311483,2.935279,2.8292727,2.7556248,3.2500238,3.4551134,3.1763272,3.0790942,2.117321,1.9242066,2.2942355,2.126953,2.3751845,2.6075668,2.1909251,3.4232175,3.4706104
28,2.7692988,2.6136081,2.7928898,2.3892848,3.5719197,3.6104705,3.6431372,3.3845131,3.5670257,3.3302407,3.6984138,3.524854,3.5929856,3.8672862,3.312332,3.2526953,2.5145786,2.524603,2.8013172,2.2754114,2.149138,2.014543,2.623184,2.9456818,2.2864535,2.177455,2.5552797,2.6200376,0.0,2.1445684,1.9652206,1.8736602,2.5414195,2.1889806,2.5372646,1.8349189,2.2372217,2.1747448,1.9263829,2.1478395,1.9435669,1.6226304,1.9578968,2.383538,2.692612,2.7870698,3.1196668,3.7543492,3.099233,2.2871609,3.216857,3.0930965,4.2482505,4.0188346,4.5838757,2.9412367,3.4991887,3.565043,3.419988,3.447127,2.2709439,1.5657331,1.8956941,1.9012887,2.4760218,2.3974276,1.8139682,2.1017454,2.2414935,2.1589732,1.936589,1.9510803,2.5627968,2.3551893,2.282415,2.737231,2.9087288,3.4555783,2.6152337,2.0546832,2.922399,3.0016913,2.6337469,2.620871,2.971722,2.8736641,2.7672846,2.9816914,3.661977,3.367885,3.2969654,3.9015965,3.501208,3.693169,3.952546,3.5500839,3.383917,3.7350585,3.0209575,3.0881565,3.3777509,3.4820228,2.6278913,2.8601568,2.051304,2.2797253,2.7137601,2.962425,1.8248565,2.3125558,3.0317297,2.673088,2.4986308,2.4174652,2.250581,2.6389894,3.0355697,3.2394185,3.1749167,2.2263448,2.2320821,2.3311055,2.152787,2.276349,2.6900244,2.2398386,2.803408,3.0404203
29,2.1747267,2.1283484,2.1033003,1.7613796,2.6894755,2.7158954,2.4020047,2.0753825,2.707363,2.5109017,2.7651782,2.4564435,2.7049623,3.1318119,2.796907,2.7134101,2.175858,2.1789627,2.4612472,2.612811,1.4766704,1.3316388,1.1962712,2.0469987,1.9536891,1.7100794,1.6728951,2.3116236,2.1445684,0.0,1.9550904,1.9127432,1.5908948,1.7942482,2.2537334,1.2900355,2.079364,1.787342,1.2895375,1.7502247,1.7142785,1.5476412,1.5187083,2.0059576,2.4252896,2.5803726,2.7282138,3.3617654,1.822204,1.8227688,1.9991246,1.8056456,3.412238,3.0989976,3.8903008,2.609676,2.4442976,2.5219858,2.1945846,2.2440548,3.0518913,2.6819627,2.8675072,2.8493507,3.243063,3.1825469,2.7743042,2.9265149,2.963863,2.986553,2.8484359,2.8009367,3.4955826,3.3640952,3.1880295,3.641319,2.6317978,3.2927463,3.4175162,3.0840695,1.8685551,1.7366158,1.5742352,1.5508446,1.8981116,1.8807012,1.5249126,1.8132482,2.805363,2.538413,2.4262314,3.3504877,2.6967504,2.8779507,3.1511285,2.6238506,2.9914577,3.3307188,2.6867955,2.7648318,3.4907455,3.583763,2.945136,3.0609949,2.0757327,2.148128,2.634556,2.7538812,2.0456407,1.950211,2.8379343,2.1775599,2.39603,2.3495455,2.1275318,2.6271694,3.1054995,3.280554,3.1746244,2.032811,2.1159575,2.2593424,2.1586695,2.2787821,2.765217,2.2515366,2.7858374,2.927163
30,1.6214415,1.5853382,2.0572,1.6212803,2.3979106,2.4614823,2.2745686,2.5243354,2.0789053,2.2822008,2.233196,2.0259552,2.169865,2.6376352,2.0969975,1.9757339,1.3880872,1.3962249,1.2849681,2.0544393,1.5942984,1.4429172,1.8376175,2.1925485,1.2018522,1.0922999,1.5397445,2.0227773,1.9652206,1.9550904,0.0,0.22344331,1.7452375,1.3998818,1.5866046,1.5613589,1.008218,0.68286383,1.5184268,0.64768857,1.3198951,1.5537552,1.275899,0.98311293,2.4320934,1.9278713,2.1979852,3.375048,2.3465683,1.702117,2.0195282,1.8888463,3.4259734,3.1542268,3.4004326,1.961543,2.403461,2.4860437,1.9669873,2.0957987,2.4308317,2.161502,1.8212008,1.7357742,2.4557207,2.4395711,1.9520574,2.1155002,2.6633308,2.3038948,1.9530278,1.866699,2.806966,2.5166256,2.049437,2.345988,1.5390195,2.2509377,2.6222796,1.9838536,2.559513,2.5219395,2.2283,2.133185,2.2656672,2.1790388,2.210408,2.4234536,2.9031045,2.6043117,2.4433086,2.6749597,2.8268788,3.0663424,3.3859093,2.8640566,2.7360933,3.0888104,2.8621695,2.9109747,3.1567314,2.9535964,2.610148,2.700815,1.5734967,1.5893683,2.629643,2.1059282,1.5126176,1.8887111,2.7043796,2.6740766,2.418088,2.3191524,2.138022,2.6382635,2.4158833,2.1773942,2.0066967,1.4532162,1.6680523,1.8022716,1.4739301,1.803354,2.2833464,1.6115372,2.8556757,3.028448
