,0,1,2,3,4,5,6,7,8,9,10,11,12,13,14,15,16,17,18,19,20,21,22,23,24,25,26,27,28,29,30,31,32,33,34,35,36,37,38,39,40,41,42,43,44,45,46,47,48,49,50,51,52,53,54,55,56,57,58,59,60,61,62,63,64,65,66,67,68,69,70,71,72,73,74,75,76,77,78,79,80,81,82,83,84,85,86,87,88,89,90,91,92,93,94,95,96,97,98,99,100,101,102,103,104,105,106,107,108,109,110,111,112,113,114,115,116,117,118,119,120,121,122,123,124,125,126,127
0,0.0,0.46625963,0.51102054,0.45046481,3.2133229,3.630972,3.3233764,3.383555,3.8665826,4.0403132,3.1615214,3.6246552,3.337099,3.3443253,3.2200384,3.0440269,3.2521605,3.1249633,3.724913,3.1127682,2.9695706,2.6832426,2.78352,3.16592,3.3694804,3.2263248,2.8888679,2.5174358,2.6525526,3.221649,2.8389788,2.7830095,2.739778,3.1428258,3.0327175,2.7638988,2.3285491,2.2845414,2.2817976,2.3045466,3.0134919,2.4356508,2.4735215,2.7774322,2.5660791,2.6742716,2.4559772,2.4745681,3.0391243,2.984398,2.9204319,3.0940423,3.1330535,2.623497,2.9930654,2.9763372,3.0384586,2.6722105,2.727709,2.6735392,2.690111,2.6568987,2.8857567,3.3978796,3.2681425,3.078757,3.4650624,3.148208,3.0827808,3.080687,3.1057792,3.166295,3.748546,3.213054,3.2415628,3.273007,3.2952087,3.2151167,3.349755,3.3389843,3.9222894,3.5912542,3.2853777,3.3916132,3.8810396,3.2156692,2.8399613,3.2076006,2.9427392,2.7656493,2.4570441,2.5220506,3.9279149,2.6719089,2.8684614,3.255629,3.5598433,2.7374,3.71706,3.6813922,3.504955,2.9079623,2.8420799,3.1056578,4.3175106,4.2442183,4.373746,4.3923492,3.151232,3.8274343,3.8720808,3.5139492,2.2677486,3.068267,2.3623257,2.6206007,2.6817043,2.8073967,2.728936,2.9150717,3.331587,3.2465765,3.0374494,2.9546273,2.5064483,3.4418755,2.9759097,2.8659906
1,0.46625963,0.0,0.55857664,0.5374339,3.2117026,3.682017,3.0344534,3.1023347,3.6294723,3.8142507,2.8513432,3.3694963,3.0553412,3.07034,2.9321473,2.7464726,3.0218964,2.89455,3.522274,2.876415,2.6576502,2.3655386,2.5035622,2.9201295,3.1980605,3.020415,2.6611464,2.2740552,2.3705082,3.008031,2.573625,2.5608385,2.6857474,3.056601,2.949789,2.705601,2.2180839,2.1675208,2.1530044,2.1872525,2.8247852,2.3935232,2.464803,2.759531,2.468279,2.5816324,2.3411276,2.329882,2.9874096,2.8822515,2.9772174,3.0145006,3.0920975,2.7370894,2.9530678,2.9323628,2.9742365,2.58176,2.6651788,2.6092162,2.5872614,2.5777514,2.8382618,3.3312702,3.2240741,3.032648,3.406211,3.096303,3.0250602,3.023866,3.0369651,3.1074457,3.6303825,3.0767162,3.1169,3.1491225,3.1844378,3.0861073,3.2551796,3.2511716,3.7439425,3.4182308,3.1098146,3.2491927,3.6057749,3.0879602,2.7030318,3.0686488,2.6600692,2.4672606,2.2594168,2.3364072,3.8664644,2.518409,2.7815254,3.132891,3.5730817,2.7165885,3.6607313,3.6032426,3.4757338,2.9707956,2.807451,3.0663943,4.394844,4.333874,4.4496403,4.455519,3.1281924,3.8078897,3.8500628,3.4772103,2.0990033,2.974367,2.2926786,2.5584328,2.5700526,2.7323055,2.6441221,2.8078902,3.34544,3.2434402,3.0334039,2.9324782,2.4469159,3.2727034,2.9652576,2.8241591
2,0.51102054,0.55857664,0.0,0.21609803,3.211485,3.669027,3.2931776,3.2554207,3.7444963,3.9020665,3.1011825,3.4987316,3.2381115,3.2208807,3.117176,2.944947,3.0302696,2.9530637,3.5018706,2.8938174,2.8453348,2.7231224,2.6907291,3.0937514,3.252105,3.2383654,2.7571352,2.3428764,2.5120661,3.0650973,2.6987853,2.7787273,2.7697797,3.0455508,3.0365233,2.79758,2.2671194,2.196993,2.1943629,2.210899,2.9427316,2.353079,2.425706,2.7087457,2.4836154,2.5864093,2.3548882,2.3834722,3.064454,2.853868,2.8946269,2.9682584,3.1848323,2.6746209,3.0209413,2.9919622,3.0514367,2.6663504,2.7419877,2.6982844,2.58672,2.6339812,2.863709,3.4115195,3.2914789,3.1516783,3.4307747,3.145212,3.065738,3.098753,3.0626953,3.1333787,3.5415752,3.0193958,2.9666486,2.9916508,3.0165367,2.9191163,3.2388484,3.2254307,3.7210395,3.4898548,3.1389968,3.263276,3.7405562,3.0271616,2.7130334,3.0474768,2.886397,2.675227,2.4405932,2.497306,3.869522,2.6196003,2.7951071,3.358309,3.542071,2.66845,3.6205478,3.5569565,3.5555215,2.9142017,2.7901614,2.9999926,4.4097333,4.3184676,4.4774523,4.3701115,3.182444,3.7796583,3.8160803,3.4297945,2.2143352,3.0334299,2.5158925,2.8122468,2.8188314,2.9740078,2.8850212,2.8507047,3.515884,3.4200654,3.2161844,3.120256,2.5577083,3.5518255,3.1572754,2.9581075
3,0.45046481,0.5374339,0.21609803,0.0,3.2009306,3.6171713,3.2524905,3.2120576,3.706555,3.8727474,3.094636,3.447687,3.1879296,3.179638,3.0624382,2.8932216,3.0314267,2.9652264,3.5021126,2.8834097,2.8939712,2.7695413,2.6511972,3.0636487,3.2383525,3.1637278,2.729722,2.3222964,2.4660878,3.0357916,2.7125177,2.7099068,2.6335254,2.9698143,2.9430022,2.6624663,2.22472,2.1256835,2.1285024,2.1444252,2.843402,2.2343261,2.2998383,2.6017063,2.3824503,2.4758494,2.2631211,2.30202,2.9931815,2.8349624,2.8169618,2.9163904,3.102879,2.5738144,2.9367802,2.9153593,2.987054,2.592302,2.6684465,2.6323783,2.5546234,2.5683165,2.781919,3.3227208,3.214457,3.0691803,3.3780713,3.0765035,2.9822276,3.015823,2.9873495,3.0579035,3.5055163,2.9736564,2.9432442,2.969672,3.0320346,2.9325652,3.22228,3.2122946,3.8097908,3.5264726,3.0672271,3.1958387,3.683896,2.9640193,2.6853101,3.0395231,2.8810375,2.6694257,2.410232,2.4729688,3.7904067,2.6311157,2.7752063,3.3057635,3.4578898,2.596535,3.565987,3.512004,3.5291748,2.898484,2.767414,3.0223615,4.3138027,4.2223973,4.3794394,4.333941,3.175149,3.7515433,3.7738118,3.4000995,2.2239301,2.9370902,2.4331667,2.7064335,2.7191675,2.8718135,2.7894838,2.788167,3.366252,3.2750435,3.059258,2.969483,2.5370743,3.427664,3.0033097,2.8131354
4,3.2133229,3.2117026,3.211485,3.2009306,0.0,1.3773377,3.0983236,3.02075,4.5374036,4.63266,3.9869308,4.277188,4.0123653,4.038283,3.963629,3.7861693,3.4210036,3.3310807,4.6566567,3.493445,3.4962094,3.349557,3.3801138,3.4598546,3.584187,3.5772562,3.3843236,3.0823483,3.0414808,4.2506933,3.6384768,3.5366743,3.2417357,3.1163366,3.4828005,3.2806954,3.0314112,2.9265833,2.8603415,2.9220645,4.417955,3.840572,4.0031953,4.580387,3.2662623,3.3054063,3.2214684,3.230456,3.6114457,2.9961126,3.1312876,3.084597,3.5009441,3.058562,3.3213186,3.3827705,3.3493702,3.000077,3.0146158,3.0237083,3.1139936,3.0027516,3.1837232,3.5483341,3.982053,3.9693303,4.4876323,3.8755026,3.6206582,3.6758413,3.9034443,3.8044724,4.021755,3.718079,3.6760669,3.678221,3.4786828,3.328638,3.68871,3.7795177,3.4026008,3.2708535,3.6055524,3.707271,4.0759416,3.5385847,3.5537062,3.5946622,3.7455926,3.473979,3.2010312,3.1464846,3.9446125,3.180116,3.4910321,3.6001315,4.1105404,2.9423144,3.8132474,3.731177,4.482965,3.8237224,3.694466,3.7934601,5.2154765,5.065712,5.377376,5.0658917,3.1852722,4.6437616,4.603113,4.370773,2.9603033,2.9168344,3.2837052,3.373568,3.761532,3.8018777,3.6180947,3.874101,4.2161894,4.14806,3.9168963,3.8315089,3.265216,4.3301377,3.9321413,3.7371957
5,3.630972,3.682017,3.669027,3.6171713,1.3773377,0.0,3.6131392,3.530206,4.732893,4.8601923,4.5616765,4.6103244,4.38477,4.4685526,4.352245,4.2284794,3.8830454,3.86708,5.042423,3.9303877,4.204056,4.0300674,3.7833595,3.891573,4.0183177,4.012052,3.9088771,3.635704,3.4969847,4.625858,4.2048745,3.9210439,3.3670564,3.2020571,3.600463,3.3789759,3.1389222,3.1909115,3.1598341,3.1938367,4.569486,3.8959646,4.0300193,4.6390243,3.3359935,3.3434672,3.3654814,3.4608676,3.7559626,3.1697512,3.1959205,3.199917,3.6045816,3.0030706,3.441206,3.5451214,3.468244,3.1644788,3.1646204,3.218924,3.418384,3.1755986,3.2554502,3.3808575,4.4495945,4.413976,4.932812,4.3545256,4.1084967,4.157011,4.4007144,4.284758,4.129942,4.167758,4.023221,4.030095,4.032517,3.9157617,4.1377726,4.230569,4.2693377,4.159891,4.0327177,4.092773,4.637878,4.0640574,4.14556,4.279022,4.4705887,4.211013,3.9308121,3.8889265,4.3502064,3.8897848,4.1685266,4.2400527,4.047397,2.8654597,3.6354973,3.5908635,4.614331,3.897196,3.771664,3.8869734,5.2003856,5.1620984,5.500124,5.213048,3.5296237,4.7977567,4.759579,4.550764,3.5939617,2.9063582,3.788687,3.645417,4.0146575,3.8953543,3.9021497,4.3299513,4.2546296,4.191294,3.9694335,3.916632,3.5296948,4.590944,4.0103917,3.8090374
6,3.3233764,3.0344534,3.2931776,3.2524905,3.0983236,3.6131392,0.0,1.1098077,3.234513,3.303629,2.6607456,2.9429293,2.442417,2.4076617,2.428635,2.229043,2.1286368,2.1658347,3.5382142,2.3443794,2.7528756,2.554538,2.0513992,2.3109329,2.5511854,2.0666752,2.1888142,2.0075681,1.5336026,3.0746605,2.7070038,2.0865898,3.2892256,3.3080528,3.5607436,3.3455942,3.308582,3.0871415,3.0517154,3.1056333,3.2426462,3.4929054,3.599487,4.0614276,3.2715762,3.2560232,3.1723666,3.089363,3.5272193,3.1325362,3.759553,3.4213161,3.4796853,4.0570817,3.2981625,3.356133,3.5133235,3.1287718,3.1849024,3.2105384,3.4317117,3.1770227,3.317662,3.781349,3.6599386,3.5901022,4.19942,3.6696796,3.2885768,3.328186,3.441393,3.5268946,3.9574761,3.5322983,3.5190613,3.5347273,3.4599786,3.2477949,3.4802644,3.5711796,3.8872738,3.741011,3.0255601,3.4788015,2.7764854,3.1637068,3.5350268,3.452478,3.052331,2.8073938,2.9218988,2.9406621,3.6179,3.2446182,3.2318661,2.9809935,4.0401716,3.1931162,4.0351944,4.002217,4.586546,4.490305,3.891631,4.005631,5.432071,5.2966413,5.5389524,5.3464537,3.5386353,4.3898735,4.403074,4.1245246,2.7429752,2.7476892,3.262369,3.4377472,3.5810516,3.7948976,3.5114617,3.6647155,3.8368022,3.7370777,3.5889757,3.515621,3.2555528,3.025883,3.5818336,3.4931252
7,3.383555,3.1023347,3.2554207,3.2120576,3.02075,3.530206,1.1098077,0.0,2.8902032,2.9103117,2.5656204,2.5595336,2.2927246,2.1093159,2.1271143,1.9888994,1.7402886,1.760305,3.2520096,1.9438064,2.526263,2.9410965,2.0139415,2.3249943,2.268476,1.9862965,1.8621601,1.8418915,1.3836099,2.943728,2.6575675,2.2275388,2.8921034,2.8542452,3.2492573,2.9753575,3.0295587,2.7314353,2.7171736,2.7780225,2.9726815,3.2156496,3.3605678,3.8379142,2.9082086,2.855983,2.8024805,2.749229,3.4396102,3.0935118,3.6255817,3.250472,3.3833206,3.8639991,3.245835,3.2945821,3.4135103,3.054122,3.155622,3.2096455,3.192009,3.093625,3.303717,3.7558372,3.388922,3.426986,3.9664927,3.4018888,3.0842714,3.2544806,3.2640789,3.3612962,3.7150085,3.0733833,3.1922507,3.2178164,3.221997,2.8826323,3.2671113,3.36762,3.5520675,3.364697,2.542689,2.976704,2.1575723,2.653841,3.1351335,3.0652003,3.0095587,2.7818725,2.8425186,2.9329722,3.1555238,3.157773,3.0318944,3.037159,3.8595076,2.8810754,3.7231412,3.6722934,4.3853874,4.317416,3.784044,3.9233768,5.295005,5.158429,5.301395,5.085686,3.523559,4.277036,4.2189274,3.9703481,2.8262208,2.6730826,3.207423,3.4797266,3.6119273,3.854979,3.5412555,3.324456,3.7694871,3.6880693,3.5177586,3.4148488,3.32149,2.982345,3.5145037,3.4126139
8,3.8665826,3.6294723,3.7444963,3.706555,4.5374036,4.732893,3.234513,2.8902032,0.0,0.49222517,1.8110512,0.93785167,2.222509,1.7699347,1.6743591,1.8906772,2.6938415,2.787763,2.736049,2.3153892,2.6911654,3.5662653,2.7902424,3.3476267,3.0361092,3.009217,3.4622455,2.8915968,2.655287,3.0070634,2.3332152,2.9394143,3.5627117,3.313314,3.4602928,3.5841796,3.3932877,3.382974,3.3550363,3.4316778,3.314356,3.6401632,3.6926334,3.7818244,3.474107,3.4454837,3.4089077,3.3192127,4.2393937,4.368519,4.4918776,4.4795804,4.310979,4.549578,4.2229853,4.249945,4.62738,4.2842712,4.0712533,4.1547995,4.314101,4.277714,4.512206,4.764944,4.233494,4.0748625,4.613808,4.4596553,4.0506177,4.1543684,4.133768,4.370885,4.587187,4.1135774,4.0582056,4.067501,4.147371,3.5444167,4.199342,4.247061,4.583862,4.600503,3.683366,4.066102,3.655155,3.746868,4.017555,3.9802663,4.038371,3.8845718,3.9107494,4.132175,3.4831295,3.6443167,3.9109387,4.2800293,3.7074232,3.2211256,3.5011957,3.430624,3.783943,4.382223,3.6748064,3.920747,5.7705383,5.7390337,5.7390738,5.689019,4.449195,4.3303843,4.587404,4.064831,3.816889,3.9105709,4.2755747,4.470153,4.555184,4.7537556,4.596147,4.2881665,4.0062175,3.9169977,4.137007,4.0368195,3.9775276,3.746223,4.150757,3.9875882
9,4.0403132,3.8142507,3.9020665,3.8727474,4.63266,4.8601923,3.303629,2.9103117,0.49222517,0.0,1.9583344,1.126606,2.294615,1.8808433,1.8854262,2.0833547,2.7119198,2.7565958,2.742488,2.3516765,2.7147913,3.7198431,2.8575978,3.4009454,3.0642638,3.09713,3.504481,2.960524,2.7515848,3.1135342,2.4535007,3.1103415,3.7550888,3.5334802,3.697272,3.8002918,3.6114569,3.5937152,3.590411,3.6466792,3.536897,3.8403814,3.8878803,3.9739025,3.6974647,3.6639655,3.6211696,3.5455923,4.4626045,4.547083,4.6966124,4.6535845,4.52399,4.743257,4.43756,4.4655395,4.799258,4.500812,4.2473307,4.3303766,4.5089064,4.481269,4.7217584,5.030687,4.3748446,4.2341127,4.7511415,4.59174,4.211141,4.330835,4.30534,4.5388927,4.7738523,4.2254033,4.250131,4.25901,4.3013434,3.662424,4.3311105,4.3798385,4.6623893,4.65574,3.852574,4.2204876,3.7379544,3.8699238,4.205524,4.1055837,4.2450805,4.100875,4.106055,4.328234,3.525948,3.8185802,4.0098267,4.4343257,3.7802987,3.2590773,3.5859034,3.5365636,3.9545472,4.5711565,3.8593638,4.082854,5.963289,5.898451,5.8961153,5.7861376,4.6551256,4.5086784,4.734241,4.2412267,3.9861495,4.111893,4.4468174,4.7084746,4.8277254,5.0409703,4.8362956,4.4462876,4.2533574,4.179515,4.3663063,4.2766004,4.214158,3.9408553,4.3967433,4.2435155
10,3.1615214,2.8513432,3.1011825,3.094636,3.9869308,4.5616765,2.6607456,2.5656204,1.8110512,1.9583344,0.0,1.5286932,1.7535819,1.5844065,1.4530181,1.474396,2.6094534,2.5270667,2.8828135,2.3080199,1.9314175,2.5606115,2.4485774,3.009034,2.9477036,2.6953347,3.1104848,2.2984111,2.2505908,2.8627074,1.8120865,2.5776737,3.3903136,3.4267385,3.5602589,3.4198494,3.1330059,3.0711598,3.018303,3.0879824,3.288477,3.5717802,3.6625502,3.7966745,3.3497205,3.3964043,3.2251453,3.152954,4.0320635,4.1000013,4.30125,4.295815,4.1194873,4.363075,3.999642,3.9904108,4.355682,3.9460008,3.7711585,3.7851658,3.9386327,3.9891846,4.2584896,4.605896,3.9826546,3.7455337,4.3911557,4.1704173,3.7762954,3.885266,3.8686297,4.0865364,4.5203643,3.9430356,4.0022597,4.000158,3.8828673,3.405972,4.060136,4.095617,3.8322303,3.6680486,3.4600155,3.8812902,3.3481724,3.48826,3.4914968,3.5820322,3.2100942,3.0367785,3.117219,3.3255336,3.7040803,2.8943024,3.3829858,3.65308,4.0169153,3.3993452,3.8352356,3.7509964,3.5152366,4.1194987,3.42765,3.700911,5.254108,5.142344,5.222813,5.246544,3.9809525,4.3404083,4.327309,3.9844084,3.165834,3.8056805,3.592687,3.8453445,4.002772,4.248981,4.036121,3.856846,3.8376446,3.763256,3.9449315,3.8345606,3.557505,3.495032,3.94376,3.766756
11,3.6246552,3.3694963,3.4987316,3.447687,4.277188,4.6103244,2.9429293,2.5595336,0.93785167,1.126606,1.5286932,0.0,1.816627,1.6498609,1.4722433,1.6494402,2.6341524,2.7192218,2.8234448,2.1807823,2.5708306,3.4529574,2.6265817,3.2253246,3.0001624,2.8512378,3.3333585,2.625878,2.3742785,3.0103607,2.2563012,2.8077881,3.2243073,3.1792717,3.2104468,3.2577245,3.3111494,3.092066,3.0835197,3.138222,3.1204767,3.3625507,3.4265628,3.6007638,3.1808994,3.1453784,3.1202767,3.0084026,4.078772,4.179225,4.267157,4.2415648,4.1490173,4.304076,4.032311,4.056868,4.396395,4.0654764,3.8677711,3.9447234,4.0917654,4.0698175,4.275982,4.557661,3.9161916,3.740153,4.3596125,4.1147404,3.6652942,3.7706277,3.7796447,4.000499,4.15072,3.6178346,3.6848013,3.687691,3.8310342,3.2224252,3.939919,3.9738567,4.397998,4.2362766,3.296953,3.7206893,3.224257,3.34679,3.6306548,3.6741276,3.7385743,3.5441167,3.5433042,3.777076,3.2032151,3.3336024,3.6089494,4.0268836,3.7970595,3.1948178,3.6644025,3.5587401,3.912083,4.461255,3.7803185,4.073321,5.5973787,5.531604,5.5717144,5.583338,4.2673097,4.3257737,4.517782,4.0236073,3.5902057,3.6531048,4.0116363,4.207938,4.3386617,4.547435,4.390196,4.079925,3.7811031,3.7084715,3.9082255,3.8196487,3.8814797,3.550924,3.9339273,3.7624543
12,3.337099,3.0553412,3.2381115,3.1879296,4.0123653,4.38477,2.442417,2.2927246,2.222509,2.294615,1.7535819,1.816627,0.0,1.8209202,1.7530963,1.7604394,2.817161,2.7210002,3.0492463,2.5638416,2.5254524,3.0854812,2.2644532,2.673028,3.0894208,2.6686273,3.0610933,2.313034,2.0285954,2.9736817,2.6328642,3.021672,3.165985,3.6292677,3.526726,3.19335,3.1527722,2.9904315,3.0840733,2.99639,3.2647233,3.224234,3.3153882,3.457616,3.075413,3.0785825,2.997078,3.0772138,3.6455824,3.6458387,3.841493,3.8725681,3.7286494,4.2539473,3.5089965,3.5205555,3.8150687,3.5564325,3.31918,3.3737242,3.6635232,3.62921,3.7398038,4.096646,4.185637,4.047143,4.609694,4.3875117,3.7729654,3.9648464,4.019914,4.273372,3.9133317,3.573279,3.9221833,3.919121,4.090353,3.6480765,4.2783976,4.306488,4.4277687,3.8334804,3.544172,4.088395,3.3206,3.5847824,3.7517943,3.9939423,3.7336884,3.4757543,3.6464822,3.7415087,3.809933,3.7367454,3.7663214,4.0992074,3.6506112,2.96297,3.49721,3.4504454,3.9842355,4.1713777,3.2422748,3.6181023,4.911543,4.768128,5.0273776,5.054207,4.0544505,4.203835,4.071935,3.8197687,3.348445,3.4579668,3.8207884,3.932182,4.071539,4.2046595,4.155442,4.023803,3.7466989,3.6658993,4.01257,3.9743223,3.9072819,3.658331,4.0484905,3.7767155
13,3.3443253,3.07034,3.2208807,3.179638,4.038283,4.4685526,2.4076617,2.1093159,1.7699347,1.8808433,1.5844065,1.6498609,1.8209202,0.0,0.49701795,0.64311415,1.9334812,2.0501196,2.2000818,1.5438286,2.3836522,3.112816,1.9625759,2.3598084,2.246951,2.1588068,2.4059799,2.3242674,1.9592506,2.3833504,2.0644674,2.2729301,3.309117,3.0273833,3.6209543,3.3482022,3.207883,3.0662425,2.98061,3.1138272,2.8121345,3.3310573,3.437281,3.5559666,3.242024,3.212749,3.1295335,3.1369717,3.467609,3.634396,3.878214,3.949322,3.5356305,4.3185463,3.4377124,3.4231818,4.0049944,3.5128586,3.3051503,3.3655415,3.6266217,3.5890625,3.8243606,4.220005,3.6974478,3.6713161,4.143457,3.952472,3.5334256,3.7735062,3.6016586,3.8971283,4.408755,3.7855942,3.6399765,3.6662169,3.6567678,3.0208032,3.6897316,3.7568748,3.9839387,4.1163793,3.1732986,3.6500134,3.0774891,3.207204,3.452019,3.509079,3.2328198,3.1030846,3.2550108,3.4020855,3.1464374,3.4123778,3.4367347,3.5234044,3.5324507,2.9979148,3.3513098,3.2960048,3.9071887,4.0673504,3.2803063,3.565446,4.901112,4.806095,4.819647,4.747682,3.824384,3.8951948,3.7817695,3.5425246,3.3710403,3.5324836,3.6863856,3.9693756,3.8835883,4.1974583,3.9395633,3.627925,3.7161877,3.6213734,3.8297195,3.6900177,3.5234451,3.2649884,3.7461333,3.6379247
14,3.2200384,2.9321473,3.117176,3.0624382,3.963629,4.352245,2.428635,2.1271143,1.6743591,1.8854262,1.4530181,1.4722433,1.7530963,0.49701795,0.0,0.5126376,2.106502,2.2200875,2.407478,1.6960119,2.3202517,3.039093,2.0016103,2.4442165,2.433918,2.2143729,2.444336,2.284892,1.9748306,2.4674273,1.993482,2.246441,3.0603542,2.8558264,3.3390012,3.0856447,3.006396,2.851751,2.7631476,2.9005494,2.652175,3.156569,3.265895,3.421736,3.0135255,2.992945,2.917858,2.8988254,3.376983,3.5923846,3.7747815,3.8306541,3.4427207,4.13031,3.349426,3.3411703,3.892109,3.385491,3.1965978,3.2534952,3.4873831,3.4705443,3.7081983,4.020857,3.6265721,3.582838,4.0850163,3.8658307,3.4477615,3.661822,3.514661,3.7942889,4.249798,3.681606,3.545165,3.5729728,3.6198444,3.0140014,3.6720002,3.7376447,3.957417,3.9991972,2.9943378,3.4613502,2.9650447,3.0975604,3.260685,3.369397,3.091006,2.9515986,3.0857837,3.2501132,3.1004357,3.2648315,3.3297458,3.446109,3.558298,2.980288,3.335651,3.2656412,3.7900121,3.9686444,3.2069292,3.5539377,4.82011,4.7693048,4.7696958,4.8059497,3.7568119,3.9233377,3.8387182,3.5595074,3.257478,3.388117,3.5111542,3.7119484,3.6267798,3.9137313,3.7084901,3.4579065,3.496339,3.394569,3.5941381,3.4516327,3.3756468,3.086062,3.5140283,3.3939824
15,3.0440269,2.7464726,2.944947,2.8932216,3.7861693,4.2284794,2.229043,1.9888994,1.8906772,2.0833547,1.474396,1.6494402,1.7604394,0.64311415,0.5126376,0.0,2.1076887,2.2278175,2.563276,1.6882113,2.2765744,2.818512,1.8198651,2.270238,2.4645715,2.1550286,2.3365648,2.1777027,1.8167645,2.5042615,1.9880332,2.125031,3.054888,2.9486568,3.3306072,3.0833535,2.9683216,2.8434687,2.7336977,2.8833234,2.7132516,3.1599736,3.2885115,3.5036988,3.045119,3.0232718,2.928515,2.8689742,3.2640338,3.4752033,3.6771774,3.75822,3.3335972,4.11141,3.2242625,3.207209,3.7808306,3.249272,3.1094792,3.1540549,3.3986247,3.3496132,3.5877848,3.9868138,3.6058555,3.5422719,4.078491,3.8131995,3.3959959,3.5739472,3.4777374,3.737118,4.281439,3.5730407,3.5192344,3.5440087,3.5743225,3.0337756,3.619167,3.682056,3.9875293,3.9589453,3.0491502,3.5196078,2.9688897,3.0838742,3.3062236,3.369591,2.963004,2.7967618,2.9625814,3.1129017,3.2064736,3.1884844,3.341378,3.384605,3.5574524,2.8952525,3.4181728,3.3333232,3.851931,3.9243877,3.224994,3.587625,4.883903,4.765831,4.7866654,4.8758283,3.6478653,3.9682524,3.8912094,3.6131525,3.1033273,3.3618257,3.349268,3.6392908,3.516674,3.8624797,3.6190994,3.3788476,3.5014834,3.3903234,3.584347,3.4287908,3.4074013,3.0445251,3.4922507,3.3465729
16,3.2521605,3.0218964,3.0302696,3.0314267,3.4210036,3.8830454,2.1286368,1.7402886,2.6938415,2.7119198,2.6094534,2.6341524,2.817161,1.9334812,2.106502,2.1076887,0.0,1.030648,2.107547,1.1624093,2.7116444,3.0981557,2.1942575,2.616338,1.4746574,2.159748,2.065412,1.9198544,1.485638,2.0507603,2.2877276,1.8121867,3.3565173,2.460145,3.6432045,3.4103503,3.047963,2.837389,2.734704,2.8818724,2.807122,3.1932411,3.3097339,3.4959383,3.0080936,2.9636443,2.8825834,2.9696872,3.6035845,3.0850718,3.7184205,3.3985305,3.627668,3.8236759,3.5014274,3.5196238,3.834228,3.3333242,3.4572663,3.5342455,3.3746603,3.3078878,3.5496562,4.01713,3.2350671,3.2502608,3.5518513,3.282205,3.054555,3.2877874,3.0201411,3.1816816,3.7068107,3.3186278,2.6579273,2.6725316,2.4468043,2.0051522,2.7346487,2.833338,3.0414975,3.7565641,2.5033476,2.8803642,2.6700082,2.511079,2.977414,2.9256258,2.944628,2.768481,2.8276956,2.922416,3.2006884,2.78962,2.850806,3.0858793,3.5932293,2.938365,3.3061664,3.2467227,3.8781168,3.9127069,3.3645258,3.2036562,5.0025964,4.9283547,5.0771317,4.428245,3.4578757,3.5697546,3.5074353,3.207644,2.8439088,2.717933,3.544206,3.837706,3.9002168,4.1415606,3.8108027,3.4632041,3.9625425,3.8809083,3.6905055,3.557721,2.8249505,3.2868197,3.6457026,3.4996374
17,3.1249633,2.89455,2.9530637,2.9652264,3.3310807,3.86708,2.1658347,1.760305,2.787763,2.7565958,2.5270667,2.7192218,2.7210002,2.0501196,2.2200875,2.2278175,1.030648,0.0,2.2043474,1.4656172,2.2377865,2.7767057,1.9741814,2.2872832,1.1973091,1.9920952,1.935838,2.2252293,1.6012889,2.2486017,2.5150044,2.1205294,3.3032293,2.66363,3.562322,3.3658328,2.9748917,2.777928,2.7431128,2.867492,2.9814985,3.3002555,3.4072669,3.5539944,3.026832,3.0153887,2.9032362,3.004751,3.396125,3.0975282,3.7484052,3.4852846,3.391388,3.7400043,3.3851264,3.4022274,3.507179,3.2131143,3.2952898,3.3559399,3.246829,3.1838007,3.5770805,4.0003552,2.9924004,3.013038,3.3386383,3.063232,3.0249949,3.291157,3.1209981,3.292942,3.7593062,3.0921915,2.9960833,3.0623612,2.980979,2.4520926,2.5453277,2.6359057,2.833929,3.308292,2.738831,2.9652328,2.6036036,2.8723123,2.8678818,3.0107453,2.849385,2.7979581,2.7884426,2.9309936,3.1746104,2.817319,2.8717403,2.9175632,3.5317667,2.6637604,3.1487155,3.1035912,3.6372037,3.7052653,3.2891867,3.1259816,4.8870606,4.906707,4.842643,4.1647453,3.2774386,3.3942425,3.354074,3.0798328,2.8022816,2.8573089,3.3186538,3.7107592,3.8360686,4.0306,3.694532,3.5008597,3.9243941,3.8537862,3.7040513,3.5639966,2.7508955,3.2841706,3.6395702,3.6697419
18,3.724913,3.522274,3.5018706,3.5021126,4.6566567,5.042423,3.5382142,3.2520096,2.736049,2.742488,2.8828135,2.8234448,3.0492463,2.2000818,2.407478,2.563276,2.107547,2.2043474,0.0,1.9259748,2.9928226,3.5823417,2.4321692,2.754825,2.2298007,2.754684,3.0387526,2.9759548,2.4538536,1.4709346,2.4992852,2.6690936,3.9917,3.180104,4.2567487,4.024418,3.6389205,3.485103,3.4261096,3.5410075,3.2277951,3.6432462,3.750788,3.3420248,3.5668752,3.5454566,3.4575598,3.6587584,4.076296,3.78286,4.279804,3.992313,4.177988,4.2348075,4.0859146,4.0813303,4.331295,3.934981,3.757938,3.8582222,3.9494617,3.8792632,4.1379223,4.5318646,3.7457762,3.7117498,3.5278401,3.8577964,3.6865697,3.9413555,3.5846708,3.8260407,4.330639,3.8769119,3.4263904,3.4452565,3.4258456,2.7391713,3.455202,3.5297062,3.9229934,4.475041,3.5065567,3.7239423,3.610291,3.4765937,3.6646798,3.8169925,3.5041087,3.4313712,3.6127627,3.7029264,3.5190752,3.5577662,3.7111943,3.945272,3.1109962,3.1238964,2.7296748,2.6903958,3.8531964,4.0128646,3.2173996,3.2212176,4.9336963,4.904854,4.9036207,4.302821,4.5459633,3.5170984,3.4036465,3.146096,3.716131,3.722922,4.232735,4.532524,4.4623675,4.732591,4.4461684,4.1017895,4.5390644,4.456469,4.3392887,4.229169,3.6852634,3.9593139,4.28167,4.091768
19,3.1127682,2.876415,2.8938174,2.8834097,3.493445,3.9303877,2.3443794,1.9438064,2.3153892,2.3516765,2.3080199,2.1807823,2.5638416,1.5438286,1.6960119,1.6882113,1.1624093,1.4656172,1.9259748,0.0,2.4583945,3.146976,1.7531717,2.2759686,1.7408106,2.3550856,2.29842,2.2014534,1.6735761,2.3280137,1.9882671,2.078749,3.332596,2.5351827,3.6166158,3.406213,3.0470166,2.8339014,2.7394042,2.896844,2.7006187,3.0917137,3.235135,3.4696226,2.9929364,2.9563787,2.8791277,2.9153059,3.5898724,3.121156,3.7322388,3.407554,3.6301146,3.7808077,3.5347176,3.5451648,3.781904,3.3292859,3.125908,3.1965125,3.3952444,3.3052487,3.5637987,4.001028,3.4523897,3.410237,3.7065022,3.4441948,3.3501873,3.551844,3.3328376,3.4467394,3.8601272,3.3745778,2.8999672,2.9249618,2.9088159,2.127829,2.970817,3.0510416,3.5118308,4.076529,2.9543717,3.20294,3.078711,2.9513366,3.28094,3.335355,3.2190511,3.0492523,3.0869076,3.2351494,2.9510438,3.0437746,3.3167846,3.4748783,3.3875358,2.5604692,3.1112592,2.9876194,4.164883,4.1806035,3.5268154,3.5632346,5.19287,5.1461115,5.2096105,4.6668897,3.7279947,3.8998804,3.8646238,3.5826447,3.2821724,3.1662161,3.7717772,4.09684,4.062755,4.333293,4.0507793,3.7352486,4.222259,4.136504,3.958536,3.8148584,3.2494085,3.6256375,3.8930593,3.7778747
20,2.9695706,2.6576502,2.8453348,2.8939712,3.4962094,4.204056,2.7528756,2.526263,2.6911654,2.7147913,1.9314175,2.5708306,2.5254524,2.3836522,2.3202517,2.2765744,2.7116444,2.2377865,2.9928226,2.4583945,0.0,1.9758817,2.0941534,2.309721,2.854149,2.7326674,2.4015758,2.4297585,2.3902032,2.9925928,1.8987569,2.9582589,3.317796,3.3623188,3.2571647,3.3735752,2.8634796,2.848326,2.8472514,2.9105,3.5476665,3.664326,3.8134513,3.9495037,3.2810202,3.3830736,3.1336958,2.9841104,3.7276201,3.6311169,4.056338,3.7091107,3.7794015,3.9484954,3.751321,3.744092,3.630992,3.4316838,3.1690407,3.1395762,3.2358103,3.3929148,3.8518553,4.2135453,3.7482774,3.7254884,3.9275167,3.7438939,3.6719732,3.7544463,3.7730486,3.9102345,4.4050975,3.5436904,3.933226,3.981059,3.8756018,3.289921,3.7019427,3.7715693,3.1401315,2.7963355,3.4137492,3.544063,3.1573422,3.5179398,3.1423404,3.1029396,2.8006737,2.7337139,2.8153677,2.9633362,3.41784,2.910809,3.071945,3.34612,3.7978897,2.9127116,3.4776702,3.3923233,3.8349187,3.8175137,3.3104324,3.5717778,5.5970764,5.561177,5.4480085,5.3002415,3.9449294,4.4100432,4.5677185,4.12977,2.745304,3.7837422,3.1309896,3.5460744,3.6169693,3.8826833,3.5726223,3.3591576,4.321898,4.2007685,4.071473,3.9329216,3.3833807,3.667304,4.0330124,3.9358652
21,2.6832426,2.3655386,2.7231224,2.7695413,3.349557,4.0300674,2.554538,2.9410965,3.5662653,3.7198431,2.5606115,3.4529574,3.0854812,3.112816,3.039093,2.818512,3.0981557,2.7767057,3.5823417,3.146976,1.9758817,0.0,2.3268414,2.5069034,3.1914878,2.7770243,2.866738,2.660872,2.3523726,2.9739034,2.4914246,2.5624294,3.63411,3.7007914,3.4852319,3.6185734,3.0034144,3.111107,3.0210083,3.1240053,3.834296,3.8884654,4.0225563,4.1144624,3.5187514,3.6288612,3.3772829,3.2358363,3.5549152,3.4222436,3.9567351,3.6993573,3.6161122,3.8851461,3.5376914,3.538835,3.496204,3.183139,3.3072748,3.2650719,3.3079681,3.182453,3.5864918,3.9721947,3.7391267,3.5219896,3.8377674,3.7017467,3.536953,3.4201078,3.629563,3.7166479,4.3948164,3.6562748,3.9156883,3.9489887,3.7994404,3.6620598,3.5489118,3.6080854,3.4812315,3.1722965,3.6766596,3.8635938,3.563165,3.7952304,3.4121258,3.4586177,2.3287227,2.2096467,2.459605,2.471205,4.306373,2.5919077,3.2589514,3.0204484,3.98296,3.3067658,3.825965,3.7407515,3.6511507,3.5006764,3.20323,3.3364902,5.4235554,5.356196,5.374971,5.335323,3.587698,4.137144,4.3784103,3.8941374,2.0729709,3.386702,2.6935594,3.0358996,3.1081243,3.3648455,3.0875187,3.5351207,4.0479383,3.894764,3.769133,3.633934,2.9685755,3.3825133,3.7055511,3.5535166
22,2.78352,2.5035622,2.6907291,2.6511972,3.3801138,3.7833595,2.0513992,2.0139415,2.7902424,2.8575978,2.4485774,2.6265817,2.2644532,1.9625759,2.0016103,1.8198651,2.1942575,1.9741814,2.4321692,1.7531717,2.0941534,2.3268414,0.0,0.95359993,2.4358754,2.2180462,2.0379722,2.3463805,1.5227379,2.3119748,2.254871,2.106357,3.266546,3.1613648,3.5318024,3.328047,3.0779922,2.9588697,2.932709,3.0340102,3.1151295,3.311029,3.4655788,3.5907242,3.130888,3.1289294,3.0271072,3.0668,3.292171,3.0693588,3.6900444,3.3137376,3.2989366,3.6722422,3.2368355,3.2602673,3.2341707,2.9150233,2.6043813,2.6475708,3.2045763,2.9426258,3.2690897,3.6973746,3.588256,3.505029,3.6833344,3.5130472,3.4671617,3.547022,3.5558028,3.6573074,4.0139437,3.1907175,3.43507,3.4918442,3.6512103,3.0696902,3.1882312,3.2727199,3.9772508,3.8238018,3.28326,3.4412425,3.1175976,3.386321,3.4714472,3.561514,2.8459458,2.7379136,2.8841927,2.9540448,3.4317176,3.2076354,3.4467428,3.4188745,3.1542406,1.9990126,2.7216125,2.6402667,4.1150084,3.8473597,3.20333,3.519018,4.988688,4.9459567,4.904376,4.740948,3.9631968,4.062442,3.9204295,3.668113,2.9596472,3.0517898,3.1362624,3.5058773,3.4128132,3.7084749,3.4238234,3.5128746,3.9971542,3.8895009,3.6606636,3.5373359,3.3864508,3.2473218,3.6004622,3.444071
23,3.16592,2.9201295,3.0937514,3.0636487,3.4598546,3.891573,2.3109329,2.3249943,3.3476267,3.4009454,3.009034,3.2253246,2.673028,2.3598084,2.4442165,2.270238,2.616338,2.2872832,2.754825,2.2759686,2.309721,2.5069034,0.95359993,0.0,2.535954,2.2704716,2.0129032,2.8326855,2.0552564,2.6615741,2.7498229,2.6564994,3.5007946,3.4194841,3.7200134,3.5485048,3.30873,3.2031095,3.1770756,3.2797918,3.4578779,3.633387,3.8028378,3.892846,3.4160364,3.424844,3.3162084,3.3441784,3.01615,2.9031875,3.5587864,3.2472107,3.002305,3.8564641,2.975388,2.9914942,2.9411657,2.7033472,2.301434,2.3379235,3.0403547,2.7440991,3.103039,3.5395887,3.6914318,3.7525313,3.7865136,3.6769395,3.5836487,3.708076,3.7304657,3.8697438,4.281506,3.4272313,3.768235,3.8438785,3.9972317,3.391652,3.3916945,3.4961488,4.079723,3.8931444,3.6269875,3.7834473,3.376638,3.7498853,3.6935163,3.7920337,3.0314972,2.970954,3.1973557,3.1871223,3.4491458,3.737121,3.7292538,3.435297,3.126008,2.203717,2.7934258,2.7421575,4.4991817,3.9208376,3.2676957,3.605074,5.069818,5.0364113,4.9355307,4.766401,3.9564066,4.0438385,3.978124,3.758827,3.1594892,3.3234499,3.2962146,3.66326,3.4571052,3.7637117,3.4683466,3.6368816,4.253611,4.1180916,3.9762588,3.8458164,3.5986974,3.5348573,3.862134,3.795765
24,3.3694804,3.1980605,3.252105,3.2383525,3.584187,4.0183177,2.5511854,2.268476,3.0361092,3.0642638,2.9477036,3.0001624,3.0894208,2.246951,2.433918,2.4645715,1.4746574,1.1973091,2.2298007,1.7408106,2.854149,3.1914878,2.4358754,2.535954,0.0,1.6374794,2.3415186,2.7083797,1.9752795,2.3306422,2.8731108,2.2846897,3.2167773,2.3650658,3.4917364,3.2529907,2.9241185,2.7016935,2.6234288,2.7896159,2.6579351,3.085278,3.1835403,3.266299,2.895014,2.8585873,2.7877424,2.8989105,2.960407,2.7682118,3.3340397,3.2562776,2.9527717,3.5759482,2.9608278,2.988695,3.2381756,2.9337783,3.0803485,3.176246,3.058956,2.8833044,3.2314808,3.6601393,2.5897844,2.662071,3.0156581,2.8307314,2.6699607,3.0272293,2.797456,3.008048,3.8433545,3.300896,3.0241082,3.0907955,3.058919,2.542748,2.5626788,2.6704721,3.2490623,3.835792,2.9789338,3.2431576,2.9618833,3.0793478,3.0705507,3.3956366,3.1868725,3.123113,3.122586,3.243487,2.8074572,3.244961,3.2660089,2.7139957,3.066359,2.8504884,3.1823971,3.163002,3.7556756,3.765895,3.3304858,3.1276848,4.754226,4.77529,4.706893,3.998356,2.9620612,2.8232882,3.0993152,2.8361564,3.116716,2.9271011,3.5770752,3.899308,3.9424946,4.1362276,3.8308437,3.7346227,3.857904,3.7731638,3.7323508,3.5908022,2.7487514,3.3715177,3.60334,3.8024077
25,3.2263248,3.020415,3.2383654,3.1637278,3.5772562,4.012052,2.0666752,1.9862965,3.009217,3.09713,2.6953347,2.8512378,2.6686273,2.1588068,2.2143729,2.1550286,2.159748,1.9920952,2.754684,2.3550856,2.7326674,2.7770243,2.2180462,2.2704716,1.6374794,0.0,2.0526605,2.312326,1.6697748,2.1976843,2.6787183,1.8580165,2.5281475,2.5065978,2.9560792,2.5697134,2.7347848,2.4846094,2.4258783,2.5500998,2.4260674,2.872586,2.9696858,3.0470524,2.6570504,2.6129975,2.5389595,2.5501263,2.7851617,2.9405844,3.149426,3.0656443,2.7268867,3.4040499,2.6409574,2.707007,2.974662,2.601844,2.7993522,2.8890297,2.8759115,2.6047692,2.8651166,3.3752046,2.4048183,2.4309442,2.9130456,2.6989276,2.2360969,2.4910903,2.424975,2.6527784,4.1139627,3.3026695,3.4401016,3.4806125,3.4466553,3.1482422,3.1536598,3.2809968,3.8328314,3.6011565,2.724782,3.1030784,2.4732969,2.797029,3.0317016,3.2125204,2.7784116,2.6685758,2.6967638,2.7849317,2.606592,3.178885,2.988213,2.0752432,2.7394216,2.8812735,3.2973597,3.367194,3.6642635,3.69206,3.1801293,3.3973014,4.6206703,4.4635086,4.460954,4.4719453,3.2793243,3.2743144,3.4960897,3.2535295,2.6941137,2.7039304,2.7652197,3.070339,3.1506295,3.4668427,3.0455542,3.0715034,3.1160235,3.0253904,2.9035926,2.807188,2.9217722,2.2850835,2.8177958,3.0168452
26,2.8888679,2.6611464,2.7571352,2.729722,3.3843236,3.9088771,2.1888142,1.8621601,3.4622455,3.504481,3.1104848,3.3333585,3.0610933,2.4059799,2.444336,2.3365648,2.065412,1.935838,3.0387526,2.29842,2.4015758,2.866738,2.0379722,2.0129032,2.3415186,2.0526605,0.0,2.0797896,2.031008,2.605729,2.603022,2.3019047,2.9007585,2.8339272,3.2477746,2.9829621,2.9055877,2.6997964,2.655616,2.7765424,2.802598,3.1142442,3.2435136,3.5110056,2.9740229,2.9769938,2.8329139,2.789844,3.0055413,2.9401538,3.3434026,3.004237,2.968889,3.6097317,2.9172883,2.923396,3.0469577,2.6198711,2.6992624,2.7036989,2.6123598,2.6377447,2.978703,3.5133142,3.0482018,3.332291,3.3783193,3.0251336,2.9453497,3.1482878,2.9356863,3.1155727,4.1382484,3.2692864,3.286335,3.3609445,3.2580974,2.900667,3.1311705,3.2525175,3.3578448,3.267747,2.4611833,2.6817691,2.3916192,2.5721354,2.6828756,2.4757192,2.4371195,2.3979099,2.4337714,2.4374292,2.989723,3.2390275,2.496203,2.5386643,3.5830765,2.8551257,3.52626,3.559796,4.279618,3.6770716,3.289183,3.5318427,4.8861485,4.7958307,4.7322755,4.6113987,3.5518663,4.019669,3.9558456,3.7102957,2.4960012,2.9543383,2.5373495,2.9531054,2.7631392,3.1470876,2.661813,2.2461822,3.692559,3.5737667,3.2111218,3.0669823,2.9042795,2.6977441,3.0965843,3.1070597
27,2.5174358,2.2740552,2.3428764,2.3222964,3.0823483,3.635704,2.0075681,1.8418915,2.8915968,2.960524,2.2984111,2.625878,2.313034,2.3242674,2.284892,2.1777027,1.9198544,2.2252293,2.9759548,2.2014534,2.4297585,2.660872,2.3463805,2.8326855,2.7083797,2.312326,2.0797896,0.0,1.3933141,2.3542826,1.7577155,1.9901664,2.5692103,2.7072895,3.0528228,2.6494427,2.4490376,2.2614353,2.2514706,2.2177958,2.7349207,2.623715,2.7433772,3.0505042,2.4819539,2.5057895,2.312948,2.3214114,3.6527712,3.0840602,3.3399656,2.9423497,3.6987102,3.3500905,3.3812737,3.4094994,3.6199098,3.0749764,3.1394281,3.164665,2.979466,3.049032,3.1177943,3.728691,3.4775503,3.4128516,3.7815518,3.4417505,2.9265985,3.0272288,2.908308,3.0116491,3.6729932,3.331742,3.01847,2.9636545,2.6195436,2.5461333,3.6296015,3.7056694,3.3825579,3.1349263,2.3355014,2.8461616,2.6619775,2.0965524,2.7983694,2.575654,2.7896924,2.3994143,2.39762,2.4139583,3.3346615,2.5017822,2.2914221,3.0052555,3.4740503,2.9518852,3.5804474,3.5875757,3.7504869,3.6765156,2.9857335,3.2139485,4.8955493,4.586654,5.0408335,4.916318,3.6823967,4.192063,4.105483,3.7882261,2.075595,2.6263797,2.782845,2.968482,3.203718,3.4726558,3.1540852,2.6660185,3.5347972,3.4539666,3.1474926,3.1093476,2.9161553,2.9383447,3.2380657,2.795276
28,2.6525526,2.3705082,2.5120661,2.4660878,3.0414808,3.4969847,1.5336026,1.3836099,2.655287,2.7515848,2.2505908,2.3742785,2.0285954,1.9592506,1.9748306,1.8167645,1.485638,1.6012889,2.4538536,1.6735761,2.3902032,2.3523726,1.5227379,2.0552564,1.9752795,1.6697748,2.031008,1.3933141,0.0,1.8793658,2.1392188,1.4979025,2.6382155,2.5095134,3.015077,2.681163,2.5077422,2.2653706,2.2309566,2.2891169,2.565334,2.6523786,2.8031793,2.994687,2.4001381,2.364783,2.2698364,2.3547778,3.1412468,2.6721425,3.2105935,2.8398793,3.163504,3.2445478,2.9512339,2.9949205,3.1305304,2.677262,2.8509483,2.9291203,2.879334,2.6786594,2.8688126,3.398509,3.0211494,2.8803594,3.2956238,3.0156527,2.618613,2.745396,2.7313216,2.8437424,3.2743936,2.7017982,2.6516373,2.649623,2.6815162,2.4525414,2.8749802,2.9585469,3.472911,3.3332808,2.4122803,2.8336062,2.3867192,2.406717,2.8577192,2.9798064,2.5653496,2.261807,2.3927035,2.455553,3.2404068,2.5439293,2.7963033,2.8680806,3.0679605,2.3788629,2.9952717,2.9397109,3.5792758,3.55438,2.9411774,3.0662155,4.6797194,4.5099163,4.7471805,4.513429,3.360546,3.536377,3.4876335,3.1704535,2.231941,2.1518438,2.8244267,3.0906167,3.225269,3.474628,3.1981924,3.118249,3.391985,3.298534,3.098616,3.0098226,2.8126454,2.7292175,3.108616,2.8366532
29,3.221649,3.008031,3.0650973,3.0357916,4.2506933,4.625858,3.0746605,2.943728,3.0070634,3.1135342,2.8627074,3.0103607,2.9736817,2.3833504,2.4674273,2.5042615,2.0507603,2.2486017,1.4709346,2.3280137,2.9925928,2.9739034,2.3119748,2.6615741,2.3306422,2.1976843,2.605729,2.3542826,1.8793658,0.0,2.3740199,1.8493935,3.3923547,2.8414762,3.707951,3.3957858,3.1473987,3.0044098,2.9149792,3.0324893,2.8940747,3.2293842,3.336606,2.8878121,3.0797632,3.0564296,2.9553514,3.1608672,3.6732545,3.4381788,3.8068526,3.499248,3.7558565,3.691991,3.5929017,3.6061432,3.8964353,3.3711443,3.5273747,3.6246018,3.4708714,3.338222,3.5501192,4.000539,3.2068589,3.1313012,2.9635904,3.3060627,2.9641898,3.1391728,2.8184226,3.0659997,4.009124,3.4735267,3.0427248,3.0416977,2.9354048,2.701121,3.1835845,3.279718,3.730264,3.9502215,2.7923534,3.0991912,2.994898,2.742217,3.0942242,3.182243,2.6458642,2.5173223,2.753515,2.7696655,3.5764875,2.892214,2.9945562,3.1652157,2.8936684,3.0722275,2.728656,2.7601311,3.2430067,3.3122249,2.633739,2.7360117,4.4029527,4.260532,4.3876624,4.146431,4.161961,3.19979,3.0554168,2.745682,2.7636478,2.879921,3.2501435,3.4982743,3.469734,3.7867608,3.4366302,3.2185056,3.6815703,3.5887797,3.3382561,3.2465065,3.0427153,2.9224138,3.3105097,2.9830792
30,2.8389788,2.573625,2.6987853,2.7125177,3.6384768,4.2048745,2.7070038,2.6575675,2.3332152,2.4535007,1.8120865,2.2563012,2.6328642,2.0644674,1.993482,1.9880332,2.2877276,2.5150044,2.4992852,1.9882671,1.8987569,2.4914246,2.254871,2.7498229,2.8731108,2.6787183,2.603022,1.7577155,2.1392188,2.3740199,0.0,2.1983755,3.246901,2.9199119,3.3438406,3.306091,2.8791523,2.8245013,2.719814,2.8186479,3.068222,3.2771118,3.3990037,3.5033345,3.1160169,3.1820245,2.9671323,2.831936,4.0515823,3.6382937,3.947099,3.5303836,4.1340694,3.7799382,3.9215074,3.9335787,4.1473126,3.6097195,3.2912297,3.299213,3.494515,3.5465853,3.7508574,4.21101,3.8531146,3.737922,3.9383621,3.8268821,3.529051,3.5360982,3.3943415,3.499481,4.416143,3.9933245,3.5516548,3.52209,3.165482,2.6493773,3.8558238,3.9404035,3.5672565,3.7489126,3.1034632,3.379964,3.408717,2.9925852,3.2852213,2.9856732,2.938566,2.6823244,2.7310302,2.8262992,3.1782365,2.5968897,2.8322904,3.335797,3.475609,3.1296628,3.4726994,3.4214897,3.9244232,4.022914,3.225745,3.5252883,5.532288,5.3534102,5.576154,5.444617,4.2238927,4.4862523,4.612275,4.158547,2.7469716,3.5338337,3.3551548,3.58189,3.636107,3.9729338,3.630872,3.2725384,4.1651955,4.0512114,3.7575526,3.6622567,3.2454655,3.4677043,3.77512,3.447328
