,0,1,2,3,4,5,6,7,8,9,10,11,12,13,14,15,16,17,18,19,20,21,22,23,24,25,26,27,28,29,30,31,32,33,34,35,36,37,38,39,40,41,42,43,44,45,46,47,48,49,50,51,52,53,54,55,56,57,58,59,60,61,62,63,64,65,66,67,68,69,70,71,72,73,74,75,76,77,78,79,80,81,82,83,84,85,86,87,88,89,90,91,92,93,94,95,96,97,98,99,100,101,102,103,104,105,106,107,108,109,110,111,112,113,114,115,116,117,118,119,120,121,122,123,124,125,126,127
0,0.0,1.7821546,2.9526913,3.2508693,2.6705232,3.150217,2.4351673,2.4134812,2.4148617,2.7646906,2.373923,2.3190432,2.880026,2.255905,3.4595847,3.0488977,2.8035755,2.8941145,2.890954,2.74489,2.4487622,2.473971,1.7638032,1.8150344,2.9869099,2.652685,3.1061995,3.3287551,2.6417668,2.6341968,2.6477585,2.6341968,3.7209916,3.7362614,2.9030335,3.0078397,3.1745155,3.1695237,3.163438,3.163438,2.197016,2.5110538,2.5451005,2.4615695,2.43967,2.466784,2.336799,2.3644056,2.3754163,2.6432729,3.242354,2.8596077,3.1258793,2.7988746,2.9191594,2.908859,2.2769926,2.242941,2.4930964,2.1416345,2.52077,3.0262804,2.2286,2.154712,2.400537,1.8824724,2.7757478,2.7370687,2.789535,2.4575214,2.6272922,2.3637033,2.131384,2.1208193,1.7492723,2.2050478,2.065219,2.310267,2.286073,2.540756,2.8965182,2.7520883,2.4951174,2.3816392,2.1338825,1.8569396,2.192477,2.2283878,2.5220678,2.7196,2.765854,2.392392,2.6644068,2.2091722,2.8027496,2.3122985,2.267581,2.4613035,2.2412813,2.2539,2.4610152,2.43168,2.3361673,2.3493352,2.6885571,2.63384,3.020615,2.544807,2.3754427,2.3304744,2.3871992,2.423673,3.9659383,3.8026338,2.356064,2.287548,3.178421,3.170823,2.2754736,1.9201492,2.923549,2.7414787,1.9014846,2.4381337,3.2698534,3.4724033,4.149404,4.274955
1,1.7821546,0.0,3.0120842,3.2769601,2.621645,2.6362128,2.731023,2.7422605,2.9672341,3.1870568,2.9527497,2.8593178,3.452102,2.8898041,3.0028625,2.5870059,2.1731362,2.5030503,2.384978,2.1639245,1.8497226,2.26789,1.6571236,1.6752832,2.547592,2.2275128,2.6592133,2.4474676,2.178194,2.1842341,2.1900492,2.1842341,2.9689202,2.9856362,2.128662,2.1557796,2.4027004,2.395866,2.3935704,2.3935704,1.8186079,2.149697,2.2225747,2.1309845,2.1201558,2.100479,2.2205813,2.135143,2.2948132,2.6517024,2.6947374,2.2700973,2.5360515,2.1099432,2.216707,2.270197,2.175512,2.0320547,2.3111174,2.049473,2.376298,2.9115198,2.0674753,1.9706972,2.439155,1.891923,2.436083,2.6806147,2.6061783,2.2792108,2.7393692,2.3485808,2.2779253,2.2448812,2.176807,2.3926983,2.229334,2.3646395,2.4735878,2.7686079,2.489328,2.4990993,2.2359786,2.6072662,1.7426727,1.6170585,2.0388436,1.750871,2.7554858,2.4372475,2.2912195,2.5281177,2.654903,2.2423944,1.9783009,1.8848847,2.0444376,2.0078433,2.0013227,2.0667856,2.1537056,2.1880274,2.3835716,2.3124278,2.4174933,2.338047,2.6504254,2.552928,2.2319279,2.1659052,2.1665804,2.2084367,3.7470245,3.7724583,2.3036096,2.359316,3.4029913,3.3446877,2.1207995,1.954092,2.376011,2.2564447,1.997475,2.373451,3.3096068,3.489597,3.7358088,3.7075644
2,2.9526913,3.0120842,0.0,1.7232981,3.6199777,3.9618852,3.102416,3.0698574,3.8157241,3.9821408,3.8716602,3.5429645,4.2217946,4.1466665,4.4012733,4.1489263,3.234007,4.23014,3.364415,3.1812985,3.8163233,3.9321342,3.4259725,3.43063,2.6418478,2.3534298,2.6980934,2.9226213,2.4083161,2.404358,2.4136477,2.404358,3.3031693,3.3106656,2.5152204,2.649797,3.0609782,3.053447,3.0364306,3.0364306,2.4973202,2.7429895,2.7587113,2.7764153,3.0731392,2.7905378,3.836099,3.211625,3.3809996,3.734727,3.973078,3.6424613,3.86704,3.6809855,3.7625654,3.7138176,3.8287048,3.3400066,3.539321,3.3317165,3.5987113,3.8576307,3.3471901,3.270935,3.8987825,3.9566991,4.020883,4.083576,3.5337174,3.2352114,4.4269376,3.6638494,2.429916,2.4039588,3.6253526,2.4451094,2.3384924,2.5802016,2.5023918,2.6755593,4.056258,2.542375,3.9030504,3.9721801,3.0522192,3.1767404,3.081353,3.0477564,4.2564425,3.387739,3.3139954,3.8398275,4.063764,3.8905613,3.1926131,2.8685288,3.4983225,3.8247075,3.463123,3.5544412,4.094452,4.0829496,4.037334,3.9417143,3.161609,3.1658921,2.7819176,4.0501056,3.66072,3.7646842,3.0213609,3.0560322,4.8742476,4.8019676,3.2942283,3.2319624,4.4334245,4.400959,3.0117435,3.764548,3.7752917,3.6914477,3.786004,3.2205431,4.3293858,4.3471165,4.977629,4.0900283
3,3.2508693,3.2769601,1.7232981,0.0,3.6744347,4.355493,3.5366771,3.5195804,3.5438802,3.4963095,3.600591,3.263695,3.8953602,3.6095412,4.1728864,4.013842,3.1960316,3.8421414,3.0568068,3.087994,3.6039467,3.731634,3.341855,3.3633616,2.6746676,2.0705397,2.5588639,2.8157015,2.0869312,2.0883265,2.0948873,2.0883265,3.2059205,3.2021248,2.4574828,2.5492482,2.790232,2.7935169,2.7865996,2.7865996,2.8962166,2.7257006,2.7223506,2.7603781,3.007625,2.7966015,3.7937975,3.179638,3.3084183,3.5734777,3.8997035,3.60207,3.6565363,3.5145338,3.5642407,3.5727017,3.5528524,3.0566509,3.2851279,3.0972755,3.424402,3.733328,3.0848587,3.0169895,3.7966998,3.8474448,3.9643538,4.052722,3.4644024,3.1162162,4.344321,3.5537138,2.4470208,2.412519,3.54221,2.4050379,2.5019069,2.5810714,2.5945904,2.7039115,3.970459,2.3323486,3.6876528,3.748473,2.9577873,3.1415997,3.1205308,3.0429196,4.571037,3.80665,3.83064,4.3496714,4.141936,3.71202,3.1054573,2.7115378,3.3953948,3.960357,3.3402994,3.4394808,3.7251961,3.696221,3.6263404,3.5494177,3.4403353,3.4778328,3.1503584,4.442026,3.4906867,3.6219635,2.9066522,2.9725547,4.736538,4.6672306,3.1658463,3.1997252,4.354073,4.3123846,2.980039,3.5880914,3.6798937,3.616555,3.6190238,2.8361616,4.515947,4.5279574,5.0681515,3.966147
4,2.6705232,2.621645,3.6199777,3.6744347,0.0,1.7752087,1.7453887,1.7477214,3.3001275,3.3039646,3.3110304,3.280363,3.453367,3.0543573,3.9641638,3.8378713,2.2737503,2.248735,2.2129745,2.237272,2.3792477,2.5900128,1.9663528,1.9612818,3.3480525,2.4460948,2.9026515,2.9271438,2.3710773,2.3659694,2.3775249,2.3659694,3.1708555,3.1749263,2.6601663,2.6693323,2.6592438,2.666075,2.6652942,2.6652942,2.5984514,2.417638,2.3680234,2.3718176,2.3500412,2.378036,2.4410353,2.3611736,2.42697,2.8950338,2.882022,2.4746995,2.6473753,2.2539449,2.3278992,2.3604417,2.0749164,1.8776435,2.587472,2.020736,2.6841283,2.1898804,2.0626078,2.0624003,2.6605687,2.2731678,2.9458265,2.9235485,3.4613214,2.410076,3.382447,2.4150536,2.2947068,2.3777184,2.1858423,2.3562539,2.4054465,2.3866727,2.4926078,2.6323218,2.9702954,2.951477,2.8235357,2.8754306,2.0925367,2.0288951,3.1567435,2.126682,2.8055086,2.8553674,2.7367907,2.688432,2.9662771,2.618691,2.4832854,2.283283,2.3011956,3.1320274,2.2325547,2.2350378,3.0266538,3.0054505,2.8376377,2.8318164,2.0741909,2.1020308,2.4683847,2.3088326,2.8307726,2.7776258,2.781642,3.0948427,4.070353,3.7435076,2.471715,2.5550532,2.6774173,2.6138523,2.493277,2.2459314,3.0647252,3.0097919,2.3419464,2.5711033,2.7919152,3.083096,2.695747,3.154568
5,3.150217,2.6362128,3.9618852,4.355493,1.7752087,0.0,2.3032892,2.1915457,4.17331,4.235803,4.0029306,3.9605186,4.188126,3.9387364,4.0689754,3.8542862,2.6495526,2.9904299,2.9319837,2.741841,2.6004362,3.009766,2.6704113,2.6494298,3.7910826,2.962689,3.402828,3.3700073,2.984218,2.9825375,2.9889326,2.9825375,3.3212416,3.334843,2.836395,2.7148163,2.9379478,2.9286754,2.9542413,2.9542413,2.6643524,2.9083216,2.956891,2.920272,2.8969176,2.879542,2.9402342,2.892042,3.139149,3.4526575,3.3268387,2.7372725,2.9482095,2.5571723,2.5847535,2.6885898,2.780945,2.6453683,3.0123014,2.6241806,3.273499,3.2521358,2.7351668,2.758385,3.2052321,2.7416625,3.4674873,3.3752384,3.8343267,2.9079633,3.7675173,3.0093842,2.766623,2.8182104,2.6218035,2.859062,2.700273,2.882682,2.9497976,3.2142193,3.502094,3.3962185,3.4441164,3.4442565,2.4539213,2.5843053,3.5981743,2.431361,3.215052,3.1990998,2.7981348,2.671689,3.200072,3.0164924,2.5395272,2.8575895,2.7446308,3.5655003,2.7193167,2.731128,3.4228985,3.4405713,3.3304574,3.2499971,2.6526618,2.6361542,2.9000723,2.8586793,3.3761303,3.0990193,3.220079,3.5138516,4.4484444,4.1321855,2.8844798,3.0171163,3.4332347,3.3485925,2.9901316,2.8848002,2.9437242,2.9305766,2.7912605,3.2294803,3.4979188,3.726728,2.8960748,3.1366687
6,2.4351673,2.731023,3.102416,3.5366771,1.7453887,2.3032892,0.0,0.4615006,3.8208885,3.994879,3.8839464,3.6652946,3.9007745,3.371756,4.843576,4.558481,2.9547923,3.4140458,3.169554,3.0377755,3.3117316,3.2082157,2.7623913,2.7456572,3.6263409,2.8673801,3.2219706,3.2793157,2.7742789,2.764723,2.7854812,2.764723,3.8401554,3.8534179,3.1756325,3.1354935,3.452958,3.4496107,3.4728186,3.4728186,3.021968,3.2126827,3.182267,3.137727,3.2234747,3.1418052,3.448382,3.279247,3.1713831,3.3952725,3.7210908,3.540691,3.7205067,3.3653061,3.402192,3.4740264,3.0806901,2.749634,3.2685127,2.8401976,3.248937,3.2163389,2.9323575,2.9087453,3.1420603,2.8468544,3.354053,3.415565,3.6784728,2.693262,3.8975756,2.7561157,2.5760977,2.6587658,2.7360952,2.6800306,2.5188274,2.6883783,2.6965325,2.8061821,3.4108279,2.9758077,3.3338747,3.33919,2.6016426,2.437653,3.398627,2.6179056,2.8663135,2.666943,2.6336887,2.6727517,3.666707,3.128509,3.1974783,2.7092435,2.5547433,3.7898855,2.53011,2.55469,3.3751566,3.3689966,3.2889717,3.2467103,2.1802726,2.2003703,2.3719733,2.917413,3.2743495,3.2383323,3.1512556,3.436496,4.271195,3.9828525,2.8950222,2.8062406,3.0348887,3.0391302,2.6984646,2.7849689,3.5920813,3.5072381,2.860456,2.9555764,3.322134,3.5592127,3.4299848,3.579484
7,2.4134812,2.7422605,3.0698574,3.5195804,1.7477214,2.1915457,0.4615006,0.0,3.8780417,3.9924812,3.8293662,3.6342857,3.8670788,3.427468,4.8354487,4.5594816,2.9890933,3.4453669,3.1893468,3.0557191,3.316798,3.2693276,2.783047,2.759937,3.621108,2.8539512,3.2350411,3.3217134,2.8396282,2.83031,2.8508036,2.83031,3.8327174,3.8464136,3.193158,3.1381123,3.481255,3.4768782,3.5012312,3.5012312,2.9570265,3.1619167,3.1709745,3.120403,3.2163537,3.126059,3.410671,3.2354367,3.1385128,3.405212,3.9005442,3.5695348,3.7301211,3.3788843,3.4238536,3.503081,3.0686975,2.7732422,3.228786,2.7983239,3.3662963,3.3046193,2.938651,2.9337356,3.2335236,2.8667781,3.3966775,3.441459,3.7325647,2.785519,3.8696623,2.8577285,2.5423834,2.6189504,2.69141,2.6475751,2.4654505,2.7429097,2.6477866,2.8686323,3.542337,3.0750554,3.3812902,3.3556557,2.53656,2.4111776,3.381574,2.5891764,3.016447,2.836317,2.6655805,2.6755059,3.6806474,3.1512191,3.2269962,2.846255,2.5097642,3.819837,2.4897094,2.5205572,3.3658588,3.358078,3.2649965,3.2188134,2.3144596,2.3362787,2.45936,3.0383062,3.3484979,3.1972663,3.1249804,3.4153745,4.3714104,4.0620623,2.9026928,2.7428837,3.158845,3.169896,2.7969553,2.8920498,3.5467243,3.4635487,2.8580437,2.9167154,3.3438718,3.5715225,3.4740999,3.5441194
8,2.4148617,2.9672341,3.8157241,3.5438802,3.3001275,4.17331,3.8208885,3.8780417,0.0,0.903167,1.1175604,1.1795696,1.69511,1.6747491,2.6104825,2.4983292,3.3077748,2.919966,3.0760565,3.138571,2.8012323,2.83401,2.434516,2.4422603,3.6156764,3.1535285,3.4711695,3.68233,3.097987,3.0976598,3.101443,3.0976598,4.091349,4.09372,3.4108942,3.5379872,3.4925911,3.5068955,3.4319642,3.4319642,2.70476,2.4880745,2.4105496,2.3718941,2.2069218,2.3391662,2.0916462,2.1728559,2.4562187,3.3201225,2.7663062,2.6810408,3.2028334,2.9258099,3.0475705,2.8804562,2.4266198,2.4395635,2.9010968,2.4893422,2.8643816,2.8023238,2.3786955,2.374153,2.9377565,2.655686,3.3481767,3.3117063,3.5212698,3.1325037,3.4303815,3.051949,3.0909672,3.0602138,2.7116241,3.1140912,3.1924412,3.1054564,3.2899182,3.2515619,3.225507,3.4076962,3.0884755,2.9930391,3.0296128,2.8905044,3.292583,3.1798832,3.756235,3.9933968,4.2102046,4.03375,2.8175519,2.8810432,3.319316,2.7778509,3.235484,2.6377468,3.1772304,3.1750426,2.8825588,2.8361762,2.6937668,2.7669418,3.7344716,3.7161174,4.0877643,2.9024174,2.8948836,3.117274,3.197888,3.2710965,4.3035793,4.1676483,3.2825403,3.361375,3.3976636,3.353899,2.8648245,2.4379115,3.7122579,3.612499,2.6920643,3.0344753,4.1518507,4.3191104,4.7109985,4.73492
9,2.7646906,3.1870568,3.9821408,3.4963095,3.3039646,4.235803,3.994879,3.9924812,0.903167,0.0,0.96699446,1.1284963,1.5585177,1.7474407,2.6782815,2.6745474,3.3612294,2.9052079,3.11805,3.2213068,2.9017017,2.8617036,2.641358,2.599313,3.6602554,3.1920366,3.4894104,3.6682444,3.1804876,3.1824179,3.1848755,3.1824179,4.0247865,4.024932,3.5103774,3.5717423,3.5421932,3.5583823,3.4848492,3.4848492,2.8723116,2.5007935,2.4765959,2.4432611,2.2675512,2.3984177,2.1356742,2.2031212,2.5885553,3.5601735,3.103298,2.7975278,3.217808,2.9786096,3.074695,2.9421275,2.355986,2.423162,2.9384935,2.4458263,3.148199,2.9415767,2.3789916,2.4244797,3.192994,2.793809,3.5447884,3.5405777,3.745272,3.285935,3.475505,3.2182517,3.2079334,3.1878521,2.810754,3.2289207,3.3432877,3.3036292,3.4274318,3.4726915,3.358096,3.66432,3.2590013,3.1927886,3.1446795,3.065039,3.5216446,3.3593109,4.1917753,4.3843365,4.486771,4.381766,3.1370854,3.1061132,3.4286857,3.001783,3.3363562,2.9230878,3.2685003,3.2767367,2.91072,2.8607862,2.7276764,2.8064163,3.969237,3.9712713,4.3075666,3.248315,3.2401175,3.273847,3.413257,3.5044777,4.507661,4.339908,3.3607092,3.5614636,3.701216,3.6568725,3.1638455,2.6774802,3.9040627,3.835829,2.7726977,3.0192995,4.267783,4.4492927,4.7512827,4.666564
10,2.373923,2.9527497,3.8716602,3.600591,3.3110304,4.0029306,3.8839464,3.8293662,1.1175604,0.96699446,0.0,0.7520848,1.4767737,1.8088529,2.5747352,2.4335656,3.491766,3.06242,3.301383,3.3615348,2.8263705,2.90155,2.5462453,2.590612,3.7961304,3.296311,3.6973565,3.9571283,3.2508233,3.2522614,3.2528303,3.2522614,4.1271853,4.130052,3.5007226,3.510624,3.553233,3.5641506,3.4956887,3.4956887,2.628609,2.4489677,2.4872656,2.4402628,2.2212799,2.393826,1.957228,2.1093774,2.4242926,3.2649083,3.2580247,2.732056,3.1661353,3.01487,3.0834658,2.9730363,2.2836032,2.445791,2.7443755,2.2891285,3.0018854,3.0937169,2.4090543,2.4385743,3.0745456,2.566658,3.4021194,3.3416107,3.5828218,3.2133727,3.1867821,3.1192286,3.1711943,3.1458724,2.5944808,3.1735265,3.2467594,3.3173902,3.367873,3.5109122,3.4961305,3.6159084,3.1137676,2.9841373,2.9381025,2.904442,3.3204987,3.2026253,3.9567585,4.2361627,4.233608,3.9904795,2.7561672,2.8475857,3.3872027,3.0497558,3.097513,2.6571522,3.0334792,3.023639,2.74589,2.6938443,2.5019736,2.6042962,3.8989532,3.8899198,4.2464843,3.0941,3.0937638,2.9830017,3.2475197,3.3231063,4.393048,4.187571,3.2199833,3.2730238,3.758743,3.714749,3.1154861,2.658155,3.7678807,3.6539147,2.580746,2.947221,4.239892,4.401636,4.759193,4.708375
11,2.3190432,2.8593178,3.5429645,3.263695,3.280363,3.9605186,3.6652946,3.6342857,1.1795696,1.1284963,0.7520848,0.0,1.4477416,1.6806068,2.586892,2.4502914,3.3191645,3.0488093,3.192007,3.2430086,2.8368342,2.823471,2.6117146,2.6428611,3.6257384,3.1299846,3.507991,3.7773411,2.981023,2.9815738,2.9867513,2.9815738,4.0426016,4.0464463,3.3623364,3.2733576,3.4802823,3.493084,3.426355,3.426355,2.5531082,2.3999913,2.4068944,2.3356266,2.2040045,2.3028548,2.1697,2.1831062,2.3830714,3.2702742,3.1412592,2.770107,3.2671735,3.0512176,3.0826359,3.0224733,2.4272714,2.3793068,2.7055726,2.2458966,2.8916917,3.0606928,2.427507,2.4422665,3.117469,2.594454,3.4567273,3.4033284,3.424318,3.0476384,3.2543938,2.9871116,3.0337503,3.01034,2.5775805,3.042931,3.1085408,3.1375513,3.2197893,3.3151705,3.455344,3.3762872,3.172881,3.0441825,2.9125462,2.8847158,3.2516196,3.1597483,3.95819,4.1094275,4.183381,4.0378647,2.8946989,2.9223337,3.3534613,2.9231117,2.950165,2.7841737,2.8947144,2.9051094,2.6425886,2.5946567,2.4249334,2.4930055,3.6522353,3.6422627,3.9434557,3.0110877,3.0486479,2.9156537,3.1740704,3.24736,4.306976,4.1015625,3.2035725,3.2543354,3.8778145,3.8408635,2.9771645,2.680483,3.7285905,3.6183667,2.5673177,2.7677498,4.2743654,4.409179,4.6894155,4.498813
12,2.880026,3.452102,4.2217946,3.8953602,3.453367,4.188126,3.9007745,3.8670788,1.69511,1.5585177,1.4767737,1.4477416,0.0,1.654903,3.275763,3.216565,3.754355,3.3248272,3.56308,3.6407402,3.2941654,3.282023,2.9994428,3.023845,4.386194,3.6958022,4.0369244,4.277684,3.6468415,3.650269,3.6570344,3.650269,4.5926037,4.5930314,4.0288153,3.9948447,4.065792,4.0809126,4.01771,4.01771,3.3518257,3.1544766,3.10785,3.1199255,2.9030588,3.0508723,2.7565184,2.9130175,2.9621727,3.6867552,3.5841255,3.305076,3.6975727,3.5388825,3.5756378,3.4939284,2.8548741,2.9031188,3.2045302,2.754871,3.3784707,3.4118428,2.869349,2.9324017,3.3162801,2.958337,3.7429159,3.4425797,4.0497932,3.4641547,3.815924,3.39451,3.5604625,3.5600514,3.0020103,3.5915673,3.648141,3.6941025,3.5279493,3.5890577,3.4587224,3.937924,3.2437537,3.0072837,3.3725195,3.2857707,3.9731035,3.602065,4.2670593,4.565778,4.654987,4.434993,3.175143,3.2861612,3.8613937,3.4131765,3.3482924,3.4202461,3.3070168,3.2918437,3.0592158,3.019791,2.8394017,2.9186592,4.141338,4.1715875,4.5088396,3.44678,3.5005264,3.4475627,3.7248764,3.9010198,4.5436273,4.2690926,3.5709987,3.5924337,3.6564727,3.6370306,3.4983916,3.082869,4.19774,4.0572963,3.0600352,3.3060498,4.648727,4.812741,4.903847,4.82984
13,2.255905,2.8898041,4.1466665,3.6095412,3.0543573,3.9387364,3.371756,3.427468,1.6747491,1.7474407,1.8088529,1.6806068,1.654903,0.0,3.2521951,3.0728588,3.2335923,2.6535544,3.0971265,3.1858253,2.6757944,2.59944,2.365544,2.374193,3.8699224,3.2610059,3.602858,3.8076756,3.0873709,3.0883389,3.0987277,3.0883389,4.258552,4.261923,3.657456,3.6183505,3.6548917,3.6681662,3.6413062,3.6413062,3.245577,3.0584857,2.9868803,2.9486067,2.748751,2.9239337,2.5639622,2.7847066,2.6442356,3.1034596,3.1566403,3.106193,3.3837967,3.0909305,3.123251,3.148881,2.3011563,2.332661,2.763991,2.347817,2.7433317,3.0220945,2.3931203,2.3918924,2.6921186,2.149825,3.1622655,3.0291986,3.433201,2.8651502,3.1605964,2.6545174,3.0704937,3.070859,2.285667,3.1066697,3.1747942,3.1160715,3.1799786,3.172639,2.8985968,3.3853903,2.7532532,2.57419,2.883633,2.6864755,3.3516674,3.086486,3.5509646,3.9307573,4.1742334,3.9062412,3.1002178,2.6258657,3.3872426,2.7460897,2.7312348,3.1328728,2.6829193,2.6718483,2.186941,2.1319237,1.9711972,2.0856876,3.4889593,3.499937,3.9400647,3.1044543,2.7149105,2.7518039,3.1457045,3.2929325,3.9884558,3.768365,3.084172,3.0975919,3.1654158,3.1460698,2.7984881,2.1336398,3.588039,3.457582,2.224052,2.6363351,4.0291467,4.2272754,4.3794312,4.4599175
14,3.4595847,3.0028625,4.4012733,4.1728864,3.9641638,4.0689754,4.843576,4.8354487,2.6104825,2.6782815,2.5747352,2.586892,3.275763,3.2521951,0.0,0.74432796,2.9860451,2.6723366,2.8583677,2.882854,2.1793752,2.8982704,2.7370453,2.7705271,3.4380605,3.2410233,3.686699,3.7424486,3.1498504,3.1556797,3.150403,3.1556797,3.5306954,3.5326176,3.0116313,2.976727,2.9139843,2.9258337,2.849392,2.849392,2.6049116,2.4298844,2.4426408,2.384932,2.261318,2.36283,2.1930182,2.2449744,2.717162,3.476747,2.407341,1.992564,2.5659754,2.2710242,2.339404,2.239449,2.707503,2.697924,2.9108205,2.6038659,2.9110887,3.1917243,2.5574667,2.553688,3.3553095,2.9732535,3.7576666,3.5989337,3.4691556,3.4105906,3.2992864,3.447642,3.2592094,3.2323127,2.963764,3.3072457,3.4148397,3.242735,3.5260665,3.6305716,3.5981326,3.6178849,3.4691024,3.4348316,3.1882682,3.3244064,3.2416167,3.2296093,4.28932,4.36983,4.421271,4.3295436,2.7646084,3.1336408,2.7844467,3.0467088,3.5475407,2.5621858,3.5108235,3.536264,3.1271791,3.1126058,3.015747,2.9864247,3.9974425,3.936154,4.237188,3.285968,3.2186582,3.1570625,3.3313985,3.2467005,4.621846,4.488896,3.4531016,3.7074926,4.590121,4.485724,3.2925153,2.9986656,2.9858503,2.954998,2.9377987,3.296936,4.525372,4.6518135,4.696981,4.5151267
15,3.0488977,2.5870059,4.1489263,4.013842,3.8378713,3.8542862,4.558481,4.5594816,2.4983292,2.6745474,2.4335656,2.4502914,3.216565,3.0728588,0.74432796,0.0,3.0020585,2.7016957,2.9035068,2.9070406,2.0165408,2.6528113,2.508595,2.6191542,3.364418,3.0750155,3.6051052,3.6880217,2.9815958,2.9854116,2.9783952,2.9854116,3.5658972,3.571294,2.788381,2.7630172,2.7965362,2.8006752,2.7388062,2.7388062,2.2974954,2.3006651,2.3402457,2.2634478,2.105865,2.2162814,2.0092494,2.0899415,2.686813,3.3642156,2.3818545,1.9438102,2.5167105,2.198105,2.268906,2.1939654,2.5299993,2.5544176,2.7392704,2.4777062,2.7639368,3.2601047,2.437811,2.3971665,3.10062,2.6716483,3.561615,3.4278123,3.189385,3.1671212,3.0612762,3.212955,3.081379,3.0294516,2.696854,3.1022062,3.1546447,3.0335324,3.3514287,3.4542136,3.477287,3.3014858,3.133076,3.1158898,2.8597798,2.989702,2.8797925,2.913072,3.8761277,3.9637735,4.009327,3.8747113,2.443518,2.7350836,2.6004632,2.8069942,3.291147,2.235202,3.2510617,3.265943,2.9387407,2.929912,2.836665,2.8177602,3.8122544,3.72692,4.070041,3.0893373,2.9491649,2.9053867,3.1094491,3.0123947,4.4656906,4.3546247,3.1432393,3.4977167,4.4381337,4.330467,3.0785728,2.7283678,2.8564854,2.7990084,2.6865737,3.2329872,4.508835,4.633014,4.7493978,4.605844
16,2.8035755,2.1731362,3.234007,3.1960316,2.2737503,2.6495526,2.9547923,2.9890933,3.3077748,3.3612294,3.491766,3.3191645,3.754355,3.2335923,2.9860451,3.0020585,0.0,1.7764938,1.281039,0.7052868,1.6600142,2.3639207,1.8664829,1.5535971,1.8108938,1.842037,1.9066631,1.7738062,1.6467881,1.6551601,1.6693466,1.6551601,1.853537,1.8598534,1.9787002,2.0161848,1.9183799,1.9274817,1.9259869,1.9259869,2.2660573,2.0889568,1.9658328,2.002397,2.0835078,2.0212185,2.505912,2.253784,2.2312062,2.7392712,2.1876292,1.9949943,2.2616198,1.5777785,1.7501665,1.8242128,2.3236387,1.9082333,2.4698935,2.0704677,2.3325486,2.2476563,1.8992289,1.8254312,2.758959,2.4680164,3.0384517,2.8974142,2.9704175,2.4276416,3.1771278,2.5416,1.6434691,1.6938217,2.1261568,1.8102589,1.8996096,1.6414715,1.8232226,1.969356,2.2451599,2.7783954,3.0533264,3.163702,2.3809166,2.4073524,2.6943283,2.2277737,3.5074692,3.2232745,3.2977161,3.4591696,3.3490107,3.0470934,1.6809223,1.7532508,2.6832383,3.0160863,2.6401532,2.7300584,2.800384,2.7951524,2.7725537,2.658954,2.0128224,2.016601,2.176357,2.6816015,2.5239217,2.5527668,2.3073516,2.3857803,4.089784,3.953458,2.6490333,2.7189424,3.4656289,3.377484,2.1335952,2.2740774,2.1762044,2.1675408,2.3340607,2.1217554,2.6804736,2.886144,2.8246937,2.6531131
17,2.8941145,2.5030503,4.23014,3.8421414,2.248735,2.9904299,3.4140458,3.4453669,2.919966,2.9052079,3.06242,3.0488093,3.3248272,2.6535544,2.6723366,2.7016957,1.7764938,0.0,1.2582599,1.5653018,1.1195679,1.9475912,1.3785979,1.4269437,2.889165,2.3535905,2.8126385,2.8267553,2.2185862,2.2174883,2.2266889,2.2174883,3.049424,3.0479836,2.5206277,2.528679,2.3298333,2.3489347,2.337068,2.337068,2.678553,2.2332373,2.137047,2.1252217,2.0396001,2.1720984,1.9174557,2.0568404,2.1432061,2.7436895,2.1617537,1.9195397,2.1530428,1.3640809,1.5578297,1.6861117,1.7418882,1.6559741,2.157909,1.8551596,2.282374,2.0622869,1.772016,1.6784544,2.5001574,1.8962234,2.9504235,2.7499523,2.9205792,2.5347574,2.7340987,2.4191349,2.3661747,2.3368747,1.7894604,2.3670342,2.5692568,2.2629411,2.469009,2.5687447,2.59123,2.9750412,2.3459415,2.4190512,2.1245396,2.0260847,2.5256195,2.0589063,3.0354693,3.222835,3.3812907,3.274337,2.716134,2.3414867,2.2083793,2.2141325,2.3846068,2.5442233,2.3323019,2.3588068,2.506698,2.4777381,2.3455875,2.3382185,2.5140471,2.4563477,2.9366522,2.388779,2.2062118,2.1859589,2.402317,2.4922755,4.03999,3.8799589,2.5128121,2.783116,3.397061,3.314044,2.5945349,1.9644628,2.3370047,2.2764676,2.0183165,2.4019368,3.1220753,3.302501,3.2463953,3.6327918
18,2.890954,2.384978,3.364415,3.0568068,2.2129745,2.9319837,3.169554,3.1893468,3.0760565,3.11805,3.301383,3.192007,3.56308,3.0971265,2.8583677,2.9035068,1.281039,1.2582599,0.0,0.74912745,1.478439,2.370713,1.4998244,1.4970919,2.1929693,1.5002149,2.1200085,2.0818691,1.5650567,1.5642725,1.5804662,1.5642725,2.4453907,2.441578,1.7570833,1.9565865,1.718137,1.7402924,1.7189025,1.7189025,2.2470837,1.7826061,1.6710231,1.6968545,1.8768088,1.7971554,2.2590253,1.9487771,2.0410354,2.6126368,2.1717265,1.8938022,2.1042647,1.3416022,1.6234214,1.6437861,2.1777031,1.768614,2.2131555,1.9405934,2.2890513,1.9898313,1.7702152,1.6798702,2.6602201,2.4483938,2.957843,2.826699,2.8364623,2.415918,3.2160053,2.591247,1.7488605,1.7220366,2.1859057,1.7990677,2.0053825,1.7183541,1.8441592,2.0185795,2.733947,2.3691049,2.523361,2.629817,1.873815,1.8894022,2.2628505,1.6848152,3.22517,2.928806,3.0381563,3.2557998,2.8534372,2.5815206,1.8015286,1.8826318,2.4182036,2.6766646,2.3769393,2.4565635,2.8414521,2.820582,2.7309911,2.6437786,2.2349281,2.1975164,2.3337243,2.732407,2.2599463,2.4095187,1.9909694,2.1090236,4.114294,3.9920428,2.3961587,2.4583492,3.3173397,3.2439406,2.280072,2.27891,1.9831332,1.9327556,2.4205863,2.221662,3.0758028,3.1984081,3.3344731,3.1990101
19,2.74489,2.1639245,3.1812985,3.087994,2.237272,2.741841,3.0377755,3.0557191,3.138571,3.2213068,3.3615348,3.2430086,3.6407402,3.1858253,2.882854,2.9070406,0.7052868,1.5653018,0.74912745,0.0,1.4979839,2.3610919,1.5789192,1.3355662,1.8233486,1.5562981,1.7810608,1.7369213,1.5937002,1.5981381,1.6139388,1.5981381,2.0007498,2.003095,1.760555,1.9648887,1.7480886,1.7618552,1.7470999,1.7470999,2.1177864,1.8460606,1.726043,1.7690878,1.9134638,1.8281008,2.327584,2.0205162,2.0748825,2.604348,2.1402984,1.8569138,2.1243227,1.3733083,1.652698,1.6664051,2.2355556,1.8340418,2.2279415,1.9955887,2.2987542,2.1149387,1.799086,1.6995553,2.6536357,2.4482114,2.9197185,2.781815,2.8156772,2.4099333,3.191935,2.563773,1.5902681,1.5507294,2.1240764,1.6864403,1.8012184,1.5725024,1.6796378,1.8871148,2.3889246,2.5670707,2.790654,2.8961854,2.096345,2.1017861,2.439229,1.8935441,3.3468044,3.0348897,3.1062331,3.2932944,3.0761495,2.8252964,1.6074095,1.7328645,2.5551765,2.7839868,2.5164833,2.6083639,2.8158114,2.8071744,2.7668068,2.6509345,2.111512,2.1034596,2.230015,2.6928685,2.2559798,2.3796287,1.9417924,2.051055,4.044476,3.9753294,2.4871747,2.4978764,3.2632341,3.183588,2.105349,2.2200544,1.9313315,1.8982226,2.3570201,2.1387403,2.741882,2.866934,3.0269306,2.8523192
20,2.4487622,1.8497226,3.8163233,3.6039467,2.3792477,2.6004362,3.3117316,3.316798,2.8012323,2.9017017,2.8263705,2.8368342,3.2941654,2.6757944,2.1793752,2.0165408,1.6600142,1.1195679,1.478439,1.4979839,0.0,1.6591524,1.0947455,1.1776797,2.668529,2.1160042,2.674689,2.728544,1.9914883,1.9940509,1.9962953,1.9940509,2.7197423,2.7239158,1.985582,2.0399756,1.9177668,1.9236144,1.9196594,1.9196594,2.0119288,1.8481661,1.8235761,1.7888651,1.6703873,1.8076744,1.5906352,1.6793038,2.111249,2.463289,2.0175364,1.4968494,1.8288436,1.007574,1.2717539,1.3896011,1.6468991,1.5964147,1.8756748,1.6405051,1.9621161,2.4269624,1.6010185,1.478539,2.3324473,1.7073575,2.8480892,2.6579647,2.6715398,2.347075,2.5859494,2.3401923,2.02372,1.9632887,1.4977847,2.0165966,2.1272423,1.9367403,2.2185736,2.3995733,2.5319927,2.6599145,2.2634802,2.310115,1.7435591,1.7860074,2.2049067,1.6682063,2.907769,3.0090146,3.040391,2.874019,2.3125308,2.0245802,1.6210098,1.8723634,2.3140638,2.2363925,2.2612927,2.2944183,2.3519487,2.340401,2.226133,2.1813068,2.548,2.4626017,2.9048064,2.4115732,1.9730954,1.9219344,2.0772185,2.1418917,3.9793432,3.8622634,2.1316931,2.5320377,3.3875911,3.2798924,2.316968,1.7393515,1.8378674,1.7297999,1.775253,2.3453302,3.2360847,3.3925035,3.391328,3.5241237
21,2.473971,2.26789,3.9321342,3.731634,2.5900128,3.009766,3.2082157,3.2693276,2.83401,2.8617036,2.90155,2.823471,3.282023,2.59944,2.8982704,2.6528113,2.3639207,1.9475912,2.370713,2.3610919,1.6591524,0.0,1.8063772,1.7932745,3.1502686,2.7143602,3.0889492,3.154243,2.4401205,2.4348829,2.4455438,2.4348829,3.264214,3.2750738,2.5199318,2.4858332,2.716299,2.7187924,2.714803,2.714803,2.5262644,2.4477482,2.4245846,2.3320076,2.27825,2.3462248,2.1350496,2.2541263,3.1260707,3.301564,2.5952787,2.3641798,2.6467693,2.1666589,2.2465465,2.3476136,2.087934,1.9972243,2.2569773,2.0605128,2.3004801,3.1982367,2.1736877,2.05815,2.7556155,2.0821545,3.6036844,3.5198267,2.88584,2.5524962,2.7817087,2.4590955,2.536299,2.4761271,1.8571526,2.4540293,2.5677178,2.3042295,2.7485805,2.7729385,2.67216,3.060468,2.6621623,2.679313,2.5412743,2.375884,2.8135011,2.4977887,3.0631056,3.200621,3.3740842,3.195243,2.8286664,2.5185978,2.4951887,2.3533692,2.9045444,2.8271055,2.856448,2.8832996,2.924396,2.923151,2.8947499,2.857391,3.0392816,2.9518735,3.487479,2.5748055,2.7936103,2.6950498,2.9457612,3.0021048,4.363539,4.3481493,1.8986564,3.3973038,3.9070644,3.8195982,3.0841603,1.9844141,3.1239386,3.0111587,2.0853105,2.9892285,3.649786,3.8029776,3.8675556,4.089127
22,1.7638032,1.6571236,3.4259725,3.341855,1.9663528,2.6704113,2.7623913,2.783047,2.434516,2.641358,2.5462453,2.6117146,2.9994428,2.365544,2.7370453,2.508595,1.8664829,1.3785979,1.4998244,1.5789192,1.0947455,1.8063772,0.0,0.64604896,2.6221812,1.9912847,2.6411679,2.7123075,1.9637114,1.9607008,1.9693094,1.9607008,2.9740617,2.9791057,2.0909216,2.3102489,2.123935,2.1303747,2.1146612,2.1146612,1.937014,1.7826504,1.7457274,1.7239969,1.6533328,1.7701018,1.52812,1.5894331,1.8086896,2.1229062,2.2297766,1.7726216,2.0073347,1.4366279,1.6966306,1.6693637,1.4781641,1.4514921,1.8589504,1.4880093,1.8040417,2.0882354,1.4204465,1.2811463,1.9545598,1.4592463,2.424848,2.2917612,2.538892,2.1102626,2.4451187,2.0708992,1.7779937,1.7571522,1.3797882,1.80512,1.9107813,1.8035632,1.9277877,2.14656,2.384298,2.398154,1.7424852,1.8244181,1.4097917,1.1737069,1.8125709,1.348781,2.3020208,2.4562836,2.5278563,2.329895,2.044538,1.678562,1.8629326,1.6853503,1.980842,1.8807479,1.9217178,1.937134,2.3036356,2.2749946,2.1536384,2.1555007,2.252338,2.1779356,2.6573875,2.0934186,1.7507696,1.8953526,1.8428802,1.9404812,3.7943847,3.6570704,1.8254329,2.0218918,2.8290834,2.7575502,2.0456069,1.4099004,2.0981011,1.9137591,1.6221995,2.160764,2.846273,3.058434,3.4494662,3.7442806
23,1.8150344,1.6752832,3.43063,3.3633616,1.9612818,2.6494298,2.7456572,2.759937,2.4422603,2.599313,2.590612,2.6428611,3.023845,2.374193,2.7705271,2.6191542,1.5535971,1.4269437,1.4970919,1.3355662,1.1776797,1.7932745,0.64604896,0.0,2.378816,2.0311491,2.373104,2.4109297,2.046392,2.0468738,2.0588658,2.0468738,2.6837375,2.6923707,2.215819,2.4302387,2.2224283,2.2293499,2.2137687,2.2137687,2.0279741,1.8944091,1.847514,1.823643,1.7716665,1.8608723,1.6687407,1.710949,1.8514808,2.224166,2.2498043,1.8213634,2.0653136,1.4725844,1.7364892,1.7096213,1.5227027,1.4686339,1.8894045,1.5384836,1.9406568,2.092505,1.4053274,1.2997725,2.061741,1.5713814,2.445213,2.374738,2.641047,2.1935947,2.5107021,2.111217,1.7566843,1.7344261,1.4411447,1.8405358,1.9012381,1.827477,1.9462916,2.1881716,2.091968,2.6929975,2.2050521,2.2747784,1.8057637,1.5780393,2.1937368,1.7384005,2.6877484,2.801334,2.854956,2.7063732,2.493547,2.123619,1.8424509,1.6765418,2.1841009,2.1886933,2.1334567,2.1778212,2.2395716,2.2194655,2.1713471,2.1334748,2.2974782,2.2695074,2.7134755,2.2235632,1.8852146,1.9725088,1.9073776,2.0234776,3.7633953,3.6841276,2.053331,2.1820111,2.7474124,2.683127,1.9815745,1.3568128,2.1125836,1.9817823,1.5838405,2.0251791,2.51082,2.7441547,3.1416745,3.4181151
24,2.9869099,2.547592,2.6418478,2.6746676,3.3480525,3.7910826,3.6263409,3.621108,3.6156764,3.6602554,3.7961304,3.6257384,4.386194,3.8699224,3.4380605,3.364418,1.8108938,2.889165,2.1929693,1.8233486,2.668529,3.1502686,2.6221812,2.378816,0.0,1.7677813,1.4961988,1.5814412,1.9421473,1.9416054,1.949108,1.9416054,1.9943182,2.005408,2.1201713,2.3141823,2.2872586,2.283764,2.2876592,2.2876592,2.3966165,2.3133774,2.281725,2.2997963,2.519961,2.3238854,3.0893664,2.6306245,2.6816506,3.3980823,3.0624084,2.7518542,2.9156432,2.405088,2.578955,2.595725,2.934328,2.5579212,2.9003007,2.7890658,3.217368,2.9751267,2.5319717,2.3999395,3.3354957,3.1881745,3.4120646,3.4943583,2.886703,2.937208,3.402231,3.1345599,1.9052926,1.7840326,2.812618,1.9542704,1.9533948,1.9354337,2.113482,2.3447711,3.02323,2.8602166,3.5827937,3.7554007,2.835653,2.872935,2.4689205,2.7155852,4.0463514,3.482948,3.5239246,3.8795362,4.0045424,3.5682154,2.2686005,2.2438624,3.217004,3.2031832,3.1723077,3.285914,3.3430953,3.3309572,3.3516352,3.2371333,2.6567142,2.6509821,2.5357294,3.5081992,2.8689268,2.9329314,2.3140225,2.1505089,4.440366,4.487206,3.145372,3.119246,4.2406936,4.1770678,2.452464,2.9404042,2.7024293,2.7589653,2.9482343,2.4845772,3.1546228,3.1953068,3.973827,3.4639647
25,2.652685,2.2275128,2.3534298,2.0705397,2.4460948,2.962689,2.8673801,2.8539512,3.1535285,3.1920366,3.296311,3.1299846,3.6958022,3.2610059,3.2410233,3.0750155,1.842037,2.3535905,1.5002149,1.5562981,2.1160042,2.7143602,1.9912847,2.0311491,1.7677813,0.0,1.5269287,1.704256,1.1395801,1.1287045,1.1390966,1.1287045,2.3145225,2.316529,1.1309053,1.4465894,1.5046568,1.5028193,1.5198295,1.5198295,1.8121884,1.6111342,1.6045731,1.6256346,1.8915145,1.6444043,2.5708253,2.0067606,2.3048363,3.0092347,2.6488242,2.2235203,2.3616014,1.7817056,1.9679254,1.9936666,2.337396,1.849631,2.3082507,2.114547,2.7909472,2.5358186,1.8463793,1.7443738,2.740808,2.6690335,3.0063972,3.0117223,2.6774695,2.2255535,3.4016786,2.638325,1.2985008,1.1436554,2.3341832,1.2830099,1.2790711,1.3565792,1.5418888,1.7812318,3.0739589,1.6406912,2.692072,2.7762146,1.5891768,1.8011962,2.0568612,1.4915966,3.3216646,2.6946492,2.6734672,3.096244,3.048526,2.5312686,1.6418319,1.6247678,2.3781385,2.8449209,2.3260381,2.4224432,2.9708118,2.9548886,2.8449764,2.7345743,2.3247316,2.3057473,2.1832826,3.2011034,2.3867984,2.5334504,1.8008988,1.9349343,4.1228485,4.0134296,2.2884088,2.3659103,3.410456,3.33514,1.9577916,2.424241,2.143195,2.1739328,2.5357134,2.2206063,3.5230865,3.5893025,3.8971262,3.280686
26,3.1061995,2.6592133,2.6980934,2.5588639,2.9026515,3.402828,3.2219706,3.2350411,3.4711695,3.4894104,3.6973565,3.507991,4.0369244,3.602858,3.686699,3.6051052,1.9066631,2.8126385,2.1200085,1.7810608,2.674689,3.0889492,2.6411679,2.373104,1.4961988,1.5269287,0.0,1.1946304,1.7951922,1.7964491,1.8032893,1.7964491,1.958721,1.9630505,2.0564888,2.2082539,2.2226894,2.2236185,2.2312088,2.2312088,2.451701,2.2978668,2.1938527,2.273781,2.406441,2.2487903,3.068403,2.5929627,2.7019656,3.47835,2.9184093,2.6710231,2.915689,2.3668509,2.51051,2.5681016,2.7873042,2.3650827,2.5063417,2.73847,3.3024442,2.8969662,2.5054176,2.3339272,3.222265,3.1286721,3.3305762,3.3822684,2.8577907,2.771008,3.7503998,2.989322,2.122051,1.8301718,2.7863843,1.9746467,1.9231356,1.9432423,2.0998585,2.1942441,2.8173194,2.7753823,3.518901,3.6731908,2.6934423,2.7643354,3.0001261,2.5979264,4.057348,3.4978652,3.5458245,3.910147,4.002659,3.5316536,2.1854374,2.041314,3.0421333,3.4563267,2.9819434,3.0944982,3.2612143,3.2602923,3.2445743,3.1186318,2.520689,2.5877256,2.466429,3.4765487,2.4888775,2.6300635,1.9658515,2.0999541,4.1041436,4.2861013,3.1275175,3.083081,3.6452599,3.5680034,2.2684577,2.8266852,2.857367,2.929257,2.9452224,2.4672544,3.2086415,3.077891,3.5515718,2.9110918
27,3.3287551,2.4474676,2.9226213,2.8157015,2.9271438,3.3700073,3.2793157,3.3217134,3.68233,3.6682444,3.9571283,3.7773411,4.277684,3.8076756,3.7424486,3.6880217,1.7738062,2.8267553,2.0818691,1.7369213,2.728544,3.154243,2.7123075,2.4109297,1.5814412,1.704256,1.1946304,0.0,2.0197299,2.028492,2.0381036,2.028492,1.984998,1.9944872,2.1065245,2.296302,2.28527,2.2887275,2.2900805,2.2900805,2.6123016,2.4610906,2.4126267,2.42699,2.6186244,2.411013,3.2113223,2.7562778,2.860714,3.614325,2.9282877,2.7707465,2.9312887,2.3752174,2.5337787,2.557394,2.943389,2.5050333,2.9634726,2.863186,3.3822966,2.9095821,2.5394185,2.462604,3.3458753,3.2504857,3.228754,3.5131323,3.256473,2.8892965,3.9304006,3.15032,2.3793585,2.2774546,3.1729047,2.4752738,2.3886423,2.3852303,2.5516572,2.7083087,2.76314,2.888132,3.5213168,3.8471498,2.7655115,2.7738578,3.0934083,2.6464338,4.1384606,3.4419556,3.431721,4.0392528,4.1055984,3.621661,2.1808884,2.1418908,3.1117673,3.4148703,3.0635357,3.1887999,3.2208781,3.241766,3.399731,3.2548664,2.6928992,2.7343314,2.5944588,3.604353,2.9623778,3.1166055,2.520374,2.6342766,4.2414513,4.38555,3.2366862,3.216676,3.67955,3.617167,2.4143438,2.8834221,2.8350146,2.9386368,3.0947297,2.627042,3.3068268,3.3681924,3.5664425,2.9382086
28,2.6417668,2.178194,2.4083161,2.0869312,2.3710773,2.984218,2.7742789,2.8396282,3.097987,3.1804876,3.2508233,2.981023,3.6468415,3.0873709,3.1498504,2.9815958,1.6467881,2.2185862,1.5650567,1.5937002,1.9914883,2.4401205,1.9637114,2.046392,1.9421473,1.1395801,1.7951922,2.0197299,0.0,0.036294755,0.042756144,0.036294755,2.2467964,2.2419765,1.1850779,1.171239,1.4213142,1.4284356,1.4327965,1.4327965,1.8748693,1.5962267,1.4562846,1.5280236,1.6853157,1.5645751,2.5005393,1.9860162,2.2358637,2.6756287,2.3367312,2.1259284,2.3894928,1.8759558,1.97488,2.068787,2.3517368,1.8031532,2.248894,2.0419734,2.1977289,2.4533367,2.0018816,1.810653,2.7940578,2.5925496,3.1336632,3.0936942,2.585602,2.1601489,3.3177674,2.468226,1.5009067,1.411453,2.2281654,1.3495474,1.5821172,1.2319863,1.6889881,1.6660104,2.8914073,1.7260845,2.6995735,2.8726254,1.8138847,2.0257137,2.1410131,1.7566034,3.2997627,2.7131085,2.8413436,3.1842723,3.0927682,2.6829197,1.7321541,1.4378488,2.4287546,2.8391285,2.3421395,2.4225912,2.928847,2.9049501,2.776586,2.7181165,1.8861263,1.833573,1.815134,2.8412087,2.2072449,2.3832011,1.8951944,1.9745164,4.072072,3.9728265,2.2959914,2.536354,3.6545742,3.5523098,2.02557,2.4239633,2.5456908,2.4825845,2.509085,2.1465423,3.4031734,3.4538686,3.660295,3.173567
29,2.6341968,2.1842341,2.404358,2.0883265,2.3659694,2.9825375,2.764723,2.83031,3.0976598,3.1824179,3.2522614,2.9815738,3.650269,3.0883389,3.1556797,2.9854116,1.6551601,2.2174883,1.5642725,1.5981381,1.9940509,2.4348829,1.9607008,2.0468738,1.9416054,1.1287045,1.7964491,2.028492,0.036294755,0.0,0.04334972,0.0,2.2615123,2.2569878,1.1833941,1.1703317,1.4280812,1.4349418,1.4400558,1.4400558,1.872349,1.5965371,1.4574276,1.5259583,1.6886442,1.5641639,2.5001955,1.9853474,2.2391644,2.6849835,2.339205,2.1294684,2.393852,1.8763129,1.9753567,2.0698109,2.3496497,1.7986009,2.246059,2.0403798,2.2046053,2.4515874,1.9994632,1.8075606,2.7899072,2.588183,3.1376224,3.0959332,2.5756714,2.1529608,3.311191,2.4613366,1.488547,1.3965881,2.2181191,1.3334405,1.5663003,1.2131863,1.6791894,1.6545627,2.9023921,1.7114033,2.6976678,2.86467,1.8073552,2.0166485,2.1278389,1.7475276,3.2826238,2.6966314,2.829103,3.1687148,3.0858173,2.6722038,1.7381653,1.4410712,2.4225726,2.8372953,2.3367531,2.4168575,2.9347572,2.910496,2.7786708,2.7198575,1.8781557,1.823762,1.8068309,2.832771,2.2066383,2.3814158,1.892661,1.9708405,4.0734844,3.972081,2.2863479,2.5348537,3.6556726,3.5541422,2.0250669,2.4194903,2.5431764,2.481015,2.503853,2.1503377,3.4040444,3.4541106,3.6657777,3.18525
30,2.6477585,2.1900492,2.4136477,2.0948873,2.3775249,2.9889326,2.7854812,2.8508036,3.101443,3.1848755,3.2528303,2.9867513,3.6570344,3.0987277,3.150403,2.9783952,1.6693466,2.2266889,1.5804662,1.6139388,1.9962953,2.4455438,1.9693094,2.0588658,1.949108,1.1390966,1.8032893,2.0381036,0.042756144,0.04334972,0.0,0.04334972,2.2557855,2.250799,1.1761492,1.1662828,1.4146063,1.4211638,1.4260334,1.4260334,1.8675528,1.5881343,1.4476435,1.5218544,1.6754812,1.5562763,2.4942684,1.9780719,2.242467,2.6891105,2.3372884,2.1225188,2.3880148,1.8728272,1.9728835,2.065846,2.350222,1.8068302,2.2534416,2.0505426,2.2099836,2.4584622,2.0067341,1.8128505,2.7975888,2.5967314,3.1436222,3.1007435,2.585858,2.1666586,3.3180788,2.4752293,1.5038354,1.4098334,2.2263389,1.3425621,1.5779712,1.2249687,1.6931012,1.6644893,2.9086838,1.7215484,2.7008739,2.872551,1.8103187,2.0278554,2.1333482,1.7538128,3.2939863,2.7096725,2.8376462,3.1755936,3.0872202,2.6775565,1.7332119,1.4424564,2.4386673,2.8350315,2.3509853,2.429582,2.9456723,2.9212222,2.7872536,2.7310765,1.89301,1.8376671,1.8232771,2.8393533,2.2066836,2.3857539,1.897668,1.9740798,4.082117,3.981222,2.2973788,2.5464928,3.6647367,3.5610652,2.032749,2.43012,2.5544927,2.492698,2.515722,2.1658914,3.416384,3.4656742,3.6761677,3.196442
