,0,1,2,3,4,5,6,7,8,9,10,11,12,13,14,15,16,17,18,19,20,21,22,23,24,25,26,27,28,29,30,31,32,33,34,35,36,37,38,39,40,41,42,43,44,45,46,47,48,49,50,51,52,53,54,55,56,57,58,59,60,61,62,63,64,65,66,67,68,69,70,71,72,73,74,75,76,77,78,79,80,81,82,83,84,85,86,87,88,89,90,91,92,93,94,95,96,97,98,99,100,101,102,103,104,105,106,107,108,109,110,111,112,113,114,115,116,117,118,119,120,121,122,123,124,125,126,127
0,0.0,3.0156245,1.0353076,1.0470976,3.621103,3.6325471,4.8046107,3.8672116,3.4361029,3.5100696,3.418302,3.418302,3.3379138,4.009792,3.893724,3.5029628,3.3259435,3.2757337,3.679615,3.501672,4.2977114,3.2299771,3.2171252,3.2690396,3.5141761,3.5141761,5.8205166,5.551648,3.6300514,3.6621456,3.5295486,3.550328,3.7277606,3.799812,3.8485746,3.930163,3.5836163,3.6558247,4.17905,3.6555493,3.9347289,3.9347289,4.3307476,4.5769973,4.1645565,4.247129,3.8783474,3.868168,5.348745,5.4048195,4.5280914,4.5142894,4.612181,4.4900284,4.2791123,4.452137,4.7812753,5.1349483,4.8176928,4.6658974,5.6213098,5.5562167,5.387316,5.210629,4.9820285,4.9820285,4.448532,4.949492,4.3477993,3.3544483,4.501634,4.415821,4.805551,5.0263453,5.010563,5.0641127,5.2306633,5.1305666,6.063485,5.1403823,4.782517,4.4868574,3.8780792,3.9152565,4.535583,4.501739,4.5663934,4.544464,4.915432,4.93218,4.8837013,4.913572,4.496964,4.334732,5.1305485,4.287636,4.75676,4.758745,4.912154,4.56792,4.743828,4.673521,4.6677375,4.5845356,4.8684797,4.6995378,4.8742795,4.7902946,4.2365675,4.139141,5.3664613,4.725109,4.812477,4.8190536,4.6106534,5.0269427,4.726052,4.7650642,4.4079633,4.8817525,5.730001,5.4540286,5.0314426,4.949166,5.6803503,5.6863294,5.9536047,5.931023
1,3.0156245,0.0,2.7926118,2.7486777,2.9994962,3.0191245,4.1828537,3.126044,2.7147903,2.8066616,2.595944,2.595944,2.573974,2.885233,3.2119386,2.8084214,2.6509995,2.6429522,3.0994835,2.9558074,3.9837046,2.974804,2.872024,2.9990427,2.8331594,2.8331594,5.621008,5.0466857,2.9977136,3.0136325,3.1024494,3.150657,3.346374,3.373026,3.3331015,3.5026271,3.2029228,3.3744464,3.8365264,3.2739828,3.41999,3.41999,3.3044772,3.3408713,3.4039083,3.6092815,3.2998202,3.2885263,4.7349153,4.7053347,3.6612248,3.8053331,3.723611,3.6349707,3.5327122,3.6945438,4.0490355,4.4230795,4.0699825,3.8359644,4.9460545,4.880196,4.5885797,4.4619336,3.702554,3.702554,3.2125225,3.6258256,3.0002034,2.8139274,3.536714,3.0925794,3.4047093,3.7248964,3.6831398,3.8043768,4.101655,3.948571,5.367857,4.409386,3.8869872,3.8737867,2.6140654,2.6096418,3.749965,3.728884,3.843275,3.7939725,3.8420396,3.8538468,3.93833,3.9466891,3.8176005,3.6325781,4.317406,3.5825543,3.8856544,4.0514064,4.33106,3.8752685,3.8571432,3.709649,3.7965724,3.6844716,4.1259785,3.9729705,4.077578,3.9787328,3.8239598,3.874962,4.9487004,3.8937175,4.1263213,4.1755767,4.2153425,4.194227,3.878613,3.8883944,4.073501,3.869028,5.0504074,4.9042907,4.2879505,4.402439,4.9989705,5.030621,5.1573853,5.1308994
2,1.0353076,2.7926118,0.0,0.11458832,3.4287336,3.4421582,4.6160316,3.7013838,3.2394543,3.3176925,3.220824,3.220824,3.1677604,3.823794,3.8715808,3.338735,3.216606,3.1871433,3.4786496,3.2830584,4.14583,3.0224793,3.006465,3.0928516,3.3529208,3.3529208,5.628508,5.2873607,3.4184313,3.4727845,3.4030528,3.4081855,3.5501413,3.616062,3.633267,3.7392712,3.3238156,3.3909535,3.950881,3.4127178,3.6832652,3.6832652,4.0113826,4.221991,3.9204686,4.044604,3.6445282,3.635262,5.1463428,5.191563,4.368746,4.30419,4.38478,4.2631736,4.059843,4.2370343,4.653515,5.1619473,4.6884656,4.56753,5.368998,5.3099427,5.129746,4.929207,4.6858835,4.6858835,4.2561975,4.627463,4.028231,2.9424782,4.4706264,4.1068387,4.466048,4.700741,4.668408,4.7364445,4.9260044,4.827978,6.0747533,5.1635275,4.504136,4.256086,3.6361215,3.6725426,4.301422,4.282792,4.3265157,4.296698,4.552606,4.5611815,4.45407,4.4741726,4.3514204,4.173675,4.8409123,4.12866,4.552316,4.494748,4.702095,4.40758,4.569093,4.494949,4.5017147,4.4124355,4.7133784,4.5163283,4.6148753,4.5318494,3.9270406,3.8234487,5.2453747,4.456875,4.619105,4.6168528,4.350812,4.794899,4.557217,4.5874095,4.171747,4.7426043,5.57542,5.4285154,4.9638095,4.779614,5.522711,5.5321302,5.8241787,5.802808
3,1.0470976,2.7486777,0.11458832,0.0,3.4384618,3.4523869,4.6280828,3.7161818,3.2573476,3.3354754,3.2357104,3.2357104,3.1838093,3.8350375,3.8858054,3.3561811,3.216922,3.1884532,3.4870188,3.2953362,4.17667,3.0373068,3.0221252,3.1074917,3.3710406,3.3710406,5.6378155,5.2929955,3.428708,3.4830039,3.4141974,3.4178245,3.5532713,3.6173913,3.6369114,3.7465758,3.3340771,3.405774,3.9542637,3.423461,3.6929862,3.6929862,4.0123687,4.2203727,3.9441633,4.0738444,3.654362,3.6469388,5.1660757,5.2038207,4.379235,4.3171167,4.3893533,4.2712827,4.07061,4.2416325,4.6542816,5.158028,4.6968884,4.5745792,5.380216,5.320812,5.1352663,4.9376593,4.696783,4.696783,4.2616935,4.638478,4.036312,2.942793,4.464741,4.114269,4.471687,4.707926,4.6774287,4.7476087,4.9389668,4.8406878,6.0855546,5.175079,4.532793,4.2826133,3.654734,3.690531,4.3189588,4.3003054,4.351576,4.3195705,4.564344,4.572019,4.4700413,4.488004,4.3673525,4.1900544,4.8558154,4.1451163,4.550355,4.5066056,4.7113023,4.4085116,4.568981,4.4937406,4.504526,4.416526,4.7235336,4.522998,4.626201,4.5416317,3.9363625,3.831985,5.2627554,4.4667,4.6280127,4.624021,4.3587956,4.8027806,4.5549746,4.5829906,4.178703,4.7374773,5.5896835,5.442888,4.960867,4.8054934,5.53625,5.5466104,5.8241005,5.8032384
4,3.621103,2.9994962,3.4287336,3.4384618,0.0,0.10808,2.0215538,1.8964168,1.0111809,0.98502433,1.096434,1.096434,0.93001485,1.1272408,2.4348612,0.87407345,1.9157876,1.9403609,1.3499368,1.0542563,1.9653382,1.109923,1.2697028,1.2697234,1.3020406,1.3020406,4.063311,3.8198438,0.9566505,1.0301905,1.3435764,1.3755754,2.0422823,2.0758576,2.0168028,2.1038525,1.798807,1.9353523,2.6509156,1.9704204,2.7862866,2.7862866,2.2277012,2.6596794,2.0493493,2.1409483,1.886187,1.8211977,2.9851315,3.1104875,2.4755208,2.5501423,2.5988991,2.5379357,2.0415096,2.61918,3.1114287,3.4202178,3.048702,2.8088248,4.3819895,4.4085784,4.008018,4.0428476,2.795661,2.795661,1.8767891,2.637043,3.3871062,3.1705222,3.8687334,3.5223308,2.3747492,2.7167623,2.468202,2.7286844,2.9114637,2.7639048,3.768519,3.6727083,2.6997406,1.86208,2.4796414,2.4920676,2.2621648,2.2424896,2.0751257,2.0916798,2.029754,2.0364263,2.5149207,2.5801144,2.0420268,1.9177395,3.3256884,1.8712064,2.3764377,2.3600376,2.604721,2.4386437,2.5259385,2.4120872,2.3575165,2.4109628,3.102235,2.3911216,2.4850223,2.3390563,2.3989007,2.4838364,3.1985476,2.3717837,3.149085,3.203449,3.399025,3.2265139,2.4692886,2.471771,2.4716702,3.1908228,4.137311,3.8493254,3.8160467,2.993772,4.0107303,3.968502,4.231991,4.22392
5,3.6325471,3.0191245,3.4421582,3.4523869,0.10808,0.0,2.0267751,1.9236019,1.0694497,1.045462,1.1528567,1.1528567,0.9770332,1.1669215,2.4975793,0.9249316,1.9402908,1.9630933,1.4063323,1.1247191,2.0105321,1.1717552,1.3368117,1.3252414,1.3536845,1.3536845,4.0630426,3.811966,1.0199623,1.0859207,1.371326,1.4060698,2.0622835,2.1001978,2.0367432,2.123316,1.7970964,1.9332508,2.6059623,1.9650348,2.814475,2.814475,2.2397218,2.6688251,2.0594327,2.1259189,1.8861569,1.8209369,2.9645784,3.0931213,2.451957,2.5168836,2.5786242,2.514947,2.0487456,2.5986886,3.0846136,3.401978,3.0106153,2.7870772,4.375636,4.400377,3.999415,4.0364676,2.81059,2.81059,1.9359268,2.6611927,3.3975108,3.1906981,3.8913343,3.529248,2.406906,2.7371597,2.495635,2.7497373,2.9169323,2.7698581,3.7870438,3.6839352,2.7141182,1.8997544,2.4982262,2.5100346,2.2928119,2.2770908,2.1008332,2.1219933,2.0740783,2.079776,2.538262,2.6099095,2.0748935,1.9537091,3.3607104,1.9086792,2.4118178,2.3960674,2.632994,2.478728,2.5583081,2.4496999,2.402087,2.4541616,3.1559725,2.430524,2.5127192,2.371017,2.440147,2.525075,3.2169178,2.4045851,3.205496,3.2590022,3.4531505,3.2815976,2.5063295,2.5096416,2.51233,3.243063,4.141697,3.878294,3.8539352,3.0358162,4.017059,3.970876,4.237797,4.2309566
6,4.8046107,4.1828537,4.6160316,4.6280828,2.0215538,2.0267751,0.0,2.1666017,1.9618787,1.883764,2.0398874,2.0398874,2.0907822,1.8510532,2.5492718,1.879098,2.9498012,2.9820638,2.0082257,1.7669531,2.500284,1.8583567,1.9381709,1.9559668,1.9753897,1.9753897,3.241715,2.8380332,1.5806929,1.6837227,1.9491631,1.8964103,1.9588301,1.9586321,1.8742009,1.8610812,1.9896601,1.7896677,2.6225328,2.1374462,2.4292016,2.4292016,2.2766724,2.5189826,1.9971033,1.9633,1.8998048,1.8392636,1.8815931,2.085964,2.3517857,2.3180504,2.2213655,2.147037,1.9294779,2.197635,2.970915,3.3381379,2.8110347,2.6878228,4.1902065,4.29574,3.8443437,3.9829297,3.114872,3.114872,2.0183704,2.8918343,4.3929644,4.178785,4.924531,4.512366,2.8537672,2.8966038,2.6193833,2.9138587,3.1000452,2.9734454,3.206102,3.8863907,2.627346,1.7466016,3.5397696,3.5292885,1.899529,1.9236419,1.9660723,1.9936721,1.7992202,1.8194294,2.2120512,2.225455,1.8042121,1.8465691,3.210921,1.8332177,2.0376585,2.0499246,2.19875,2.1681316,2.3528283,2.2406132,2.2198484,2.3238125,2.5082877,2.1583412,2.2966642,2.1924367,2.2672007,2.34584,3.0552382,2.2094,2.7472289,2.6970098,2.902876,2.7349076,2.2915773,2.2627954,2.1889231,2.678723,2.9365044,3.3939326,3.5731823,2.455454,2.7787278,2.7541304,3.0020862,2.9980419
7,3.8672116,3.126044,3.7013838,3.7161818,1.8964168,1.9236019,2.1666017,0.0,1.6069685,1.5950737,1.6160839,1.6160839,1.5041807,1.5756322,1.9683579,1.469597,2.4689941,2.4554074,2.452072,1.6599646,2.5859368,1.6119281,1.6345882,1.6801101,1.7252111,1.7252111,4.3489537,4.155995,1.6185434,1.9765646,1.7915126,1.8095707,2.6777673,2.666379,2.702181,2.728597,2.425257,2.379202,3.4492624,2.6580057,2.7469819,2.7469819,3.0488784,3.188823,2.4539196,2.3868237,2.3182807,2.2862437,3.154333,3.3004224,2.848826,2.9283369,3.1457589,2.6542544,2.8083727,3.0899026,3.3659794,3.601949,3.294749,3.0374537,4.6258054,4.601559,4.1282625,4.146404,2.942086,2.942086,2.2201595,2.7951632,3.6060443,3.3567257,4.002945,3.7062736,2.620969,2.8594422,2.6883707,2.8742428,3.167518,3.050781,3.757057,3.7131126,3.0188143,2.6717205,3.189601,3.1873765,2.716357,2.7114189,2.7093892,2.7511504,2.4813337,2.493239,2.8726802,2.908849,2.5871243,2.5268953,3.5824988,2.451119,2.5864465,2.6697593,2.791024,2.5721202,2.8105006,2.6436205,2.6182632,2.356922,2.83267,2.716334,2.423999,2.651875,2.7134004,2.7890391,3.6193051,2.6701856,3.3539302,3.4191766,3.6050327,3.4492173,2.77851,2.752756,2.7962446,2.9328494,3.7906518,4.062041,3.6927395,2.910854,3.677574,3.7121613,4.263327,4.225677
8,3.4361029,2.7147903,3.2394543,3.2573476,1.0111809,1.0694497,1.9618787,1.6069685,0.0,0.11391798,0.26171294,0.26171294,0.48370013,0.9369263,1.7370063,0.44751197,1.6964966,1.7211038,1.1075714,0.6621145,1.9036561,0.82505476,0.79949504,0.86998093,0.8824398,0.8824398,4.084358,3.7819939,0.65637076,0.7079473,1.1099101,1.1537594,1.7950463,1.8467695,1.731973,1.7883208,1.6408365,1.6364195,2.7670083,1.8021619,2.22938,2.22938,2.0798633,2.4180093,1.6350863,1.8292049,1.705821,1.670774,2.8525646,3.034136,2.367394,2.4739094,2.4433036,2.3546743,1.7545524,2.452181,3.0464797,3.4789112,2.9616792,2.6479933,4.173579,4.2085667,3.924931,3.8978243,2.6790857,2.6790857,1.5339414,2.454294,3.218547,3.0068152,3.8379462,3.3826435,2.2674387,2.5948107,2.370098,2.6067488,2.8266375,2.667306,3.7932081,3.6193378,2.4096122,1.5927727,2.251298,2.2564983,1.9692637,1.9440043,1.8769265,1.8777301,1.8661686,1.9105814,2.2447248,2.2675223,1.8052145,1.6446695,3.1444654,1.5683616,2.3836374,2.2872436,2.5942755,2.3371017,2.4879735,2.323105,2.228091,2.2307236,2.6357005,2.3142657,2.4709456,2.3017344,2.2210236,2.3095064,3.1015427,2.2663836,2.686873,2.7582777,2.928815,2.7668645,2.4408872,2.4574392,2.3975124,2.765184,3.8007774,3.4494784,3.481179,2.6303651,3.6754591,3.6809394,3.9667497,3.947414
9,3.5100696,2.8066616,3.3176925,3.3354754,0.98502433,1.045462,1.883764,1.5950737,0.11391798,0.0,0.3146475,0.3146475,0.515222,0.9153914,1.7201267,0.4208727,1.7379347,1.7638263,1.0868813,0.62765825,1.8710384,0.80276215,0.7996325,0.84823793,0.90101403,0.90101403,4.044852,3.7572482,0.6101023,0.66562766,1.0824673,1.1230134,1.7752795,1.8259476,1.7158036,1.7679198,1.6318831,1.6262375,2.7657638,1.7958425,2.2327023,2.2327023,2.0839505,2.4298847,1.6298038,1.8175259,1.683571,1.6479646,2.7966955,2.9841864,2.352269,2.46082,2.4310653,2.3444884,1.7334236,2.4431283,3.0450678,3.4545784,2.9503882,2.6288211,4.1772676,4.2168283,3.926015,3.908095,2.6960416,2.6960416,1.52689,2.4662158,3.292416,3.0809925,3.8745,3.4554892,2.2753575,2.6044981,2.3706062,2.6147695,2.8272557,2.6707792,3.7523103,3.6374924,2.407487,1.5483946,2.320481,2.3256378,1.9564673,1.9323282,1.8473898,1.8524108,1.8213476,1.8662145,2.235955,2.257062,1.7734193,1.622501,3.14316,1.5463114,2.350296,2.2537963,2.5498605,2.297341,2.4663272,2.3012233,2.2008681,2.2120037,2.6144297,2.2840114,2.4384239,2.2688866,2.2040021,2.2937555,3.0606937,2.2408855,2.6718016,2.7439156,2.9250178,2.7513685,2.4143248,2.42842,2.3689468,2.7521002,3.785408,3.427306,3.4881046,2.6038363,3.656015,3.6611936,3.9436603,3.9255848
10,3.418302,2.595944,3.220824,3.2357104,1.096434,1.1528567,2.0398874,1.6160839,0.26171294,0.3146475,0.0,4.2146848e-08,0.5014638,0.88306063,1.6937335,0.5339356,1.7028898,1.7356077,1.1734847,0.7605602,2.0479114,0.91209954,0.88016146,0.97610116,0.8333352,0.8333352,4.1673365,3.8001237,0.7214811,0.7536528,1.1496496,1.1973091,1.7555931,1.8019521,1.7046378,1.7379509,1.6067667,1.6137928,2.7554626,1.7717693,2.1866746,2.1866746,2.087375,2.335902,1.6996673,1.8640136,1.6786517,1.7221056,2.8658416,3.0419157,2.325757,2.457185,2.426855,2.3285284,1.7272936,2.4165196,3.0344298,3.4685824,2.9403737,2.6136239,4.149931,4.1819134,3.880684,3.851881,2.661113,2.661113,1.527551,2.414565,3.184951,2.9749677,3.767929,3.3843238,2.2350862,2.5601296,2.400232,2.5969243,2.818956,2.6578,3.8731408,3.7056966,2.3520195,1.6413085,2.2358556,2.2394383,1.9951049,1.9689752,1.9330149,1.9218334,1.9123203,1.9566091,2.2807477,2.2885444,1.8764421,1.7131768,3.1559322,1.6491886,2.4979775,2.4245439,2.7445276,2.4570417,2.6128316,2.4419153,2.3732214,2.3674998,2.7551692,2.4549534,2.6202915,2.4615786,2.3696458,2.452466,3.233239,2.4177334,2.8029497,2.8672976,3.0205443,2.87075,2.5701795,2.5811486,2.5381613,2.860482,3.8947372,3.561741,3.5671706,2.7769306,3.7764893,3.7854939,4.0673018,4.048404
11,3.418302,2.595944,3.220824,3.2357104,1.096434,1.1528567,2.0398874,1.6160839,0.26171294,0.3146475,4.2146848e-08,0.0,0.5014638,0.88306063,1.6937335,0.5339356,1.7028898,1.7356077,1.1734847,0.7605602,2.0479114,0.91209954,0.88016146,0.97610116,0.8333352,0.8333352,4.1673365,3.8001237,0.7214811,0.7536528,1.1496496,1.1973091,1.7555931,1.8019521,1.7046378,1.7379509,1.6067667,1.6137928,2.7554626,1.7717693,2.1866746,2.1866746,2.087375,2.335902,1.6996673,1.8640136,1.6786517,1.7221056,2.8658416,3.0419157,2.325757,2.457185,2.426855,2.3285284,1.7272936,2.4165196,3.0344298,3.4685824,2.9403737,2.6136239,4.149931,4.1819134,3.880684,3.851881,2.661113,2.661113,1.527551,2.414565,3.184951,2.9749677,3.767929,3.3843238,2.2350862,2.5601296,2.400232,2.5969243,2.818956,2.6578,3.8731408,3.7056966,2.3520195,1.6413085,2.2358556,2.2394383,1.9951049,1.9689752,1.9330149,1.9218334,1.9123203,1.9566091,2.2807477,2.2885444,1.8764421,1.7131768,3.1559322,1.6491886,2.4979775,2.4245439,2.7445276,2.4570417,2.6128316,2.4419153,2.3732214,2.3674998,2.7551692,2.4549534,2.6202915,2.4615786,2.3696458,2.452466,3.233239,2.4177334,2.8029497,2.8672976,3.0205443,2.87075,2.5701795,2.5811486,2.5381613,2.860482,3.8947372,3.561741,3.5671706,2.7769306,3.7764893,3.7854939,4.0673018,4.048404
12,3.3379138,2.573974,3.1677604,3.1838093,0.93001485,0.9770332,2.0907822,1.5041807,0.48370013,0.515222,0.5014638,0.5014638,0.0,0.83007556,1.7064515,0.27787837,1.7476468,1.736628,1.2400615,0.84916884,1.9921622,0.86048627,0.891939,0.9769447,0.89520437,0.89520437,4.2049804,3.8582728,0.8634763,0.88874054,1.1783715,1.2474157,1.9165976,1.9653766,1.8947597,1.9719799,1.6956453,1.7947311,2.8106568,1.8428868,2.306367,2.306367,2.224601,2.5543766,1.7345381,1.8603399,1.7132664,1.6891066,2.9867942,3.1308417,2.414646,2.5131037,2.535553,2.4431965,1.9432446,2.5229743,3.1229117,3.4733844,2.993863,2.705352,4.3084183,4.3223085,3.900882,3.8918986,2.6829157,2.6829157,1.7355107,2.514927,3.1439238,2.9276197,3.6597664,3.2846663,2.262328,2.6228375,2.4231372,2.637094,2.8970652,2.7443535,3.8652627,3.6155403,2.5147707,1.8509338,2.2240129,2.2349935,2.1726096,2.1493344,2.0396137,2.0573604,2.0736551,2.093673,2.4498496,2.4861224,2.0423539,1.8825058,3.2459,1.8225046,2.4716954,2.4731715,2.7178295,2.4272525,2.5807865,2.4390438,2.3942387,2.3902671,2.8025186,2.4755704,2.5883741,2.4468858,2.4427874,2.52894,3.3712745,2.444816,2.8641872,2.9364665,3.1229212,2.9638977,2.5730004,2.5811512,2.589904,2.8967905,3.9341195,3.6063886,3.5639021,2.778192,3.818846,3.8188436,4.1116037,4.094196
13,4.009792,2.885233,3.823794,3.8350375,1.1272408,1.1669215,1.8510532,1.5756322,0.9369263,0.9153914,0.88306063,0.88306063,0.83007556,0.0,1.8948245,0.8101208,1.9247142,1.959183,1.4054031,1.0813527,2.0920434,1.2817906,1.3022441,1.3773224,1.0102477,1.0102477,4.233041,3.7679505,0.9401216,1.0115982,1.3668742,1.40862,2.0356925,2.033933,1.9596567,1.9539516,1.9427943,1.9277649,2.9262166,2.0970366,2.5102057,2.5102057,2.1321738,2.2958286,1.6456914,1.7537744,1.8657185,1.8869703,2.8461916,2.9894283,2.3547242,2.5035145,2.4995937,2.4109352,1.9222806,2.5102804,3.1439025,3.4434154,2.9409225,2.6580627,4.3798146,4.423387,3.8611917,3.9184573,2.6326792,2.6326792,1.3736719,2.3804097,3.3541615,3.3491597,3.8804686,3.5191526,2.1621888,2.4747097,2.2764034,2.5202863,2.8445244,2.6799183,3.6294003,3.6432114,2.2108767,1.6513951,2.345232,2.3376782,1.9915053,1.979038,1.8955415,1.8910494,1.7826464,1.7985547,2.3397384,2.3413599,1.9678093,1.8290125,3.1941338,1.785527,2.2670665,2.29598,2.5833018,2.310059,2.4343069,2.276056,2.2648132,2.2866478,2.7144845,2.307774,2.4420884,2.315972,2.5072412,2.636856,3.2090464,2.3268077,2.8602824,2.9171147,3.1827207,2.8697793,2.4266279,2.4135928,2.5646014,2.8321977,3.7905018,3.5277472,3.665073,2.658625,3.6781476,3.670297,3.9959843,3.9770653
14,3.893724,3.2119386,3.8715808,3.8858054,2.4348612,2.4975793,2.5492718,1.9683579,1.7370063,1.7201267,1.6937335,1.6937335,1.7064515,1.8948245,0.0,1.6916112,2.5298908,2.481958,2.02725,1.7776573,2.565628,1.7815745,1.6719929,1.7339967,1.8081753,1.8081753,4.4302382,4.167965,1.9218073,1.9146811,2.0188463,2.064191,2.3068097,2.3197687,2.4029777,2.4049478,2.5083597,2.5392208,3.6420813,2.5705063,2.2665691,2.2665691,3.0088117,3.2278717,2.2831962,2.4785063,2.311248,2.310802,3.299028,3.446992,2.8561168,3.1181936,3.0622258,2.9588625,2.651604,3.0269535,3.6197977,3.5250132,3.4457884,2.951402,4.638728,4.6679926,4.200427,4.200962,3.4153805,3.4153805,2.3550937,3.1707163,3.936417,3.663445,3.6902485,4.064629,2.9279993,3.3533442,3.129002,3.3296556,3.6589131,3.5174975,4.184395,4.2265735,3.0552003,2.49809,3.167016,3.1674802,2.8434317,2.7836213,2.797615,2.8019571,2.6727479,2.699264,3.253711,3.2067685,2.7719772,2.6769435,3.773658,2.6330736,3.0673032,3.103105,3.2918642,2.803701,3.191159,3.0206745,2.9323802,2.9170449,2.7520063,3.0668495,3.2240028,3.121332,3.0870197,3.1502154,3.817761,3.1259425,2.8250897,2.9156482,3.123641,2.9526243,3.1765695,3.1706152,3.1729662,2.8768773,3.9293978,3.5642734,3.6482818,2.9233108,3.8101864,3.8865068,4.1469584,4.1219025
15,3.5029628,2.8084214,3.338735,3.3561811,0.87407345,0.9249316,1.879098,1.469597,0.44751197,0.4208727,0.5339356,0.5339356,0.27787837,0.8101208,1.6916112,0.0,1.851144,1.8470325,1.2025408,0.7796843,1.9234891,0.79845935,0.8514664,0.9166215,0.87209535,0.87209535,4.0926714,3.7770896,0.7576984,0.7931598,1.1009207,1.1626589,1.8798369,1.9302645,1.8558568,1.926762,1.6622531,1.7473946,2.8029132,1.8226904,2.297369,2.297369,2.2248662,2.5722363,1.7241817,1.835425,1.6770136,1.6435839,2.8437045,3.0054781,2.401402,2.4921288,2.5050108,2.4141736,1.8821104,2.4979882,3.1125424,3.4550521,2.9789057,2.6880178,4.2991686,4.3254285,3.9168055,3.9256253,2.6722744,2.6722744,1.6791711,2.4984727,3.2920659,3.0744715,3.7964888,3.4337392,2.2632256,2.6039362,2.3755507,2.609184,2.8593087,2.7069743,3.7353358,3.6103344,2.4807448,1.7139415,2.358069,2.3693013,2.0745265,2.0485618,1.9065799,1.9342899,1.9197567,1.9435828,2.332573,2.372774,1.8818742,1.745219,3.1873786,1.6785475,2.3702393,2.3663707,2.603443,2.3403602,2.5088296,2.360693,2.3037844,2.3138156,2.724063,2.3844488,2.491889,2.349473,2.358643,2.4468873,3.257371,2.3540797,2.7962766,2.8688042,3.0662885,2.90408,2.490298,2.4985154,2.4951813,2.8331068,3.8633475,3.5298069,3.537107,2.6876082,3.7379937,3.7365205,4.017879,4.0013485
16,3.3259435,2.6509995,3.216606,3.216922,1.9157876,1.9402908,2.9498012,2.4689941,1.6964966,1.7379347,1.7028898,1.7028898,1.7476468,1.9247142,2.5298908,1.851144,0.0,0.22512905,1.8769327,1.7336211,2.7948275,1.8401473,1.7865343,1.4770637,1.965366,1.965366,5.0216346,4.829397,1.8022584,1.8108518,1.4286897,1.4596769,2.7089128,2.747056,2.6536126,2.4904103,2.83349,2.4729362,3.4730065,2.9307566,3.332678,3.332678,2.990129,3.2169986,2.1500344,2.4260938,2.890766,2.8456721,3.9785402,4.188044,3.2012017,3.3389683,3.2804408,3.22181,2.827622,3.3025577,3.4399009,3.7740576,3.3443701,3.0800915,5.215639,5.253154,4.8305297,4.8264866,3.6569552,3.6569552,2.486255,3.415718,3.6253715,3.3854787,4.0864534,3.7013307,3.2225907,3.5731792,3.3686607,3.5914407,3.8133893,3.6233642,4.7139053,4.3319163,3.3179283,2.6916597,2.8968618,2.8841422,3.1465385,3.0988548,3.156157,3.113,2.7966454,2.8096776,3.1989815,3.1643882,2.9907894,2.8377094,4.583528,2.7322183,3.1795774,3.1243534,3.4306927,3.0945582,3.2582903,3.1021721,2.989341,3.0071738,3.3930476,3.0740812,3.3101094,3.134009,3.0198083,3.0770316,2.776872,3.1103961,3.3370051,3.4304159,3.5478039,3.4066157,3.1766431,3.1734483,3.1301954,3.5123248,4.414607,3.4060664,4.14375,3.4228032,4.3036375,4.311045,4.584602,4.5636315
17,3.2757337,2.6429522,3.1871433,3.1884532,1.9403609,1.9630933,2.9820638,2.4554074,1.7211038,1.7638263,1.7356077,1.7356077,1.736628,1.959183,2.481958,1.8470325,0.22512905,0.0,1.9056647,1.7658229,2.7790842,1.8486912,1.7983633,1.4804896,1.9925907,1.9925907,5.0209064,4.858364,1.84877,1.8480635,1.4602215,1.5014963,2.7491207,2.7907035,2.702694,2.5518353,2.868256,2.5328162,3.5015547,2.954555,3.3406699,3.3406699,3.0556037,3.3218448,2.1728375,2.4423597,2.906041,2.852864,4.0192966,4.228974,3.2250817,3.3599927,3.3113227,3.2517602,2.8717518,3.331463,3.4608355,3.7716932,3.3791203,3.1196837,5.26642,5.293718,4.862974,4.8548474,3.6395855,3.6395855,2.5595984,3.421622,3.562669,3.319321,3.9975252,3.620306,3.2099702,3.5745728,3.3687882,3.5843792,3.7996466,3.612973,4.73385,4.306102,3.413158,2.7686577,2.908203,2.8972352,3.2031229,3.154724,3.2201493,3.1866992,2.865136,2.8732624,3.2554133,3.2291107,3.0409617,2.8864527,4.6349583,2.7857697,3.2317827,3.1892457,3.4780118,3.1414526,3.2919755,3.1572568,3.042976,3.0590358,3.4153275,3.1280339,3.353028,3.181105,3.0829916,3.1404738,2.866163,3.1662607,3.3655188,3.453253,3.5837018,3.4340136,3.2266293,3.2241929,3.1898222,3.532013,4.4178557,3.4144454,4.117002,3.4441628,4.309559,4.3160386,4.5929203,4.5719633
18,3.679615,3.0994835,3.4786496,3.4870188,1.3499368,1.4063323,2.0082257,2.452072,1.1075714,1.0868813,1.1734847,1.1734847,1.2400615,1.4054031,2.02725,1.2025408,1.8769327,1.9056647,0.0,0.9280938,1.8316954,1.0995954,1.1305231,1.1857471,1.3594451,1.3594451,3.8575861,3.4870448,1.0333321,0.72328436,1.503464,1.4945501,1.5014303,1.5465103,1.3869672,1.4301673,1.6709954,1.6421626,2.60412,1.6989808,2.1502538,2.1502538,1.7349212,2.2521784,1.4317248,1.8522768,1.7023237,1.6355348,2.8780155,2.986869,2.4049852,2.4750688,2.2292001,2.5048823,1.5900847,2.2669914,3.0428674,3.4349604,2.94834,2.665223,4.165507,4.254949,3.8289404,3.8545094,3.095252,3.095252,1.7246581,2.8389788,3.632318,3.3364937,4.1190042,3.760206,2.5885603,2.9297519,2.65503,2.9413297,3.2078147,3.0539327,3.9419167,3.893214,2.5328534,1.406763,2.494512,2.4975066,2.0677245,2.03796,2.007869,1.9560013,2.0008295,2.0219228,2.458345,2.4286697,2.0466022,1.8696623,3.2595906,1.843927,2.3643522,2.2718396,2.5508559,2.2609358,2.4877818,2.3343008,2.2103531,2.4517665,2.6096876,2.2382452,2.7173316,2.3174493,2.2020357,2.267899,3.0982094,2.3177273,2.2800586,2.3444717,2.5235047,2.3669305,2.4069996,2.3995352,2.2717614,2.788555,3.7616684,3.1960087,3.5023253,2.5590942,3.6198456,3.6170206,3.6998832,3.702486
19,3.501672,2.9558074,3.2830584,3.2953362,1.0542563,1.1247191,1.7669531,1.6599646,0.6621145,0.62765825,0.7605602,0.7605602,0.84916884,1.0813527,1.7776573,0.7796843,1.7336211,1.7658229,0.9280938,0.0,1.6461596,0.47751862,0.5578229,0.68319607,1.0258443,1.0258443,3.7249305,3.533654,0.4894304,0.7437073,1.211069,1.1905512,1.5694741,1.5666445,1.5236099,1.5501145,1.5957284,1.5144877,2.6498227,1.7636515,2.1296937,2.1296937,1.9562768,2.3829384,1.5330237,1.7780131,1.6040488,1.5546844,2.7720258,2.900972,2.3032744,2.396328,2.3727462,2.2705545,1.7917724,2.36407,2.9975457,3.3751888,2.8880095,2.5814345,4.134535,4.1910853,3.7520795,3.7549958,2.953866,2.953866,1.5231041,2.693045,3.5149324,3.1797495,3.9793174,3.662896,2.455971,2.7929668,2.5293353,2.8117473,3.074535,2.925222,3.8313906,3.7963035,2.5728393,1.5948681,2.483319,2.4835227,2.0184758,1.9880453,1.9404367,1.9199566,1.8607411,1.8902316,2.3715572,2.348003,1.9628183,1.8162974,3.1613119,1.7589552,2.20638,2.1065972,2.3887148,2.0814445,2.3610032,2.2041972,2.0551224,2.0906436,2.4716809,2.1017,2.3225436,2.1616795,2.020849,2.0868678,3.031312,2.1574414,2.5398295,2.592898,2.749089,2.6120586,2.2710617,2.2665138,2.096676,2.6693034,3.620942,3.4892583,3.5443804,2.4817312,3.4823346,3.4859595,3.806814,3.7879922
20,4.2977114,3.9837046,4.14583,4.17667,1.9653382,2.0105321,2.500284,2.5859368,1.9036561,1.8710384,2.0479114,2.0479114,1.9921622,2.0920434,2.565628,1.9234891,2.7948275,2.7790842,1.8316954,1.6461596,0.0,1.8653634,1.9627649,2.07585,2.2094197,2.2094197,3.3184416,3.7514017,1.8997221,2.0000546,2.6080034,2.6120768,2.4951353,2.4511619,2.3902874,2.4692104,2.4963918,2.5794976,3.2102594,2.529714,2.7844126,2.7844126,2.4361005,3.2229614,2.0887835,2.2757642,2.2964575,2.1898334,3.096709,3.1752622,2.6899586,2.7395227,2.836207,2.7722297,2.357912,2.9297097,3.4310179,3.8289766,3.3616571,3.1275547,4.1164174,4.159857,3.7650132,3.7319555,3.3243613,3.3243613,2.121963,3.1543148,3.7633479,3.7599144,4.3798337,3.8682537,2.835165,3.1879382,2.8967001,3.1556683,3.28544,3.2057092,4.023027,3.9026167,3.4267335,2.207481,2.7179596,2.7142127,2.6310978,2.6169522,2.4409416,2.4806051,2.6692882,2.698963,3.119318,3.1261203,2.6355941,2.5005586,3.2640417,2.504779,2.813437,2.5525284,2.6706262,2.5856001,2.747677,2.7385015,2.3687124,2.4559119,2.748806,2.3880913,2.6268227,2.468159,2.6517086,2.773696,3.601586,2.5495348,2.875311,2.9687426,3.3421395,2.8715434,2.6796076,2.6905413,2.5857766,3.154279,3.8142543,4.0481644,3.9337635,2.5559227,3.6697264,3.6405113,4.078311,4.06092
21,3.2299771,2.974804,3.0224793,3.0373068,1.109923,1.1717552,1.8583567,1.6119281,0.82505476,0.80276215,0.91209954,0.91209954,0.86048627,1.2817906,1.7815745,0.79845935,1.8401473,1.8486912,1.0995954,0.47751862,1.8653634,0.0,0.3740496,0.5532384,1.0341719,1.0341719,3.8359091,3.5964642,0.69078636,0.8908925,1.1408175,1.1181068,1.619686,1.6398277,1.6427724,1.6771612,1.5589331,1.5172163,2.694382,1.7482666,2.1327026,2.1327026,2.200301,2.583722,1.7457352,1.9203173,1.6416061,1.60233,2.9022396,3.0260267,2.498348,2.540681,2.5535283,2.4432065,1.9935683,2.4915063,3.1446786,3.4928126,3.0301888,2.7583637,4.2950635,4.3403444,3.8579764,3.8637033,3.0653841,3.0653841,1.8605391,2.8499782,3.6080906,3.104101,3.9918535,3.7427895,2.6169968,2.9309886,2.693233,2.9445448,3.2282298,3.0881011,3.924754,3.866291,2.6648674,1.7904866,2.6512492,2.6638641,2.169886,2.1360357,2.0695193,2.0608575,2.051065,2.0660748,2.4704857,2.4615667,2.0863092,1.9524688,3.2541611,1.8936764,2.3199387,2.2741125,2.5052445,2.2000828,2.51393,2.368226,2.2748773,2.2964926,2.6278691,2.298514,2.4739957,2.3405547,2.097353,2.116977,3.2177231,2.343974,2.673641,2.712006,2.7860568,2.8061886,2.445257,2.4416947,2.1839428,2.8095064,3.7641053,3.5910048,3.5990171,2.6209695,3.6315503,3.6354983,3.9524093,3.9345677
22,3.2171252,2.872024,3.006465,3.0221252,1.2697028,1.3368117,1.9381709,1.6345882,0.79949504,0.7996325,0.88016146,0.88016146,0.891939,1.3022441,1.6719929,0.8514664,1.7865343,1.7983633,1.1305231,0.5578229,1.9627649,0.3740496,0.0,0.5811903,0.8582246,0.8582246,3.9391487,3.6409433,0.7530003,0.93950397,1.162651,1.1457267,1.700225,1.7158376,1.7173744,1.751477,1.7097204,1.6458515,2.8374543,1.8946187,2.1470695,2.1470695,2.2266889,2.5642622,1.7639618,2.0133574,1.813469,1.7312773,3.0271344,3.15052,2.6026025,2.6884546,2.6455474,2.5441089,2.1012723,2.5889425,3.2219949,3.5508273,3.1461053,2.8504546,4.3469963,4.396489,3.9430826,3.9410675,2.9934573,2.9934573,1.7367612,2.7599764,3.509694,3.01418,3.905592,3.6427574,2.5618005,2.8854465,2.5967722,2.8752775,3.2386622,3.0719233,3.8965697,3.7930381,2.554238,1.7334546,2.5421612,2.5536113,2.0778801,2.014343,2.0111866,1.9806995,1.9190251,1.9383802,2.3629172,2.3496354,2.0045393,1.866315,3.1917157,1.7936468,2.2836745,2.225889,2.5559692,2.220651,2.484292,2.3066847,2.2239077,2.2328756,2.529657,2.2767124,2.465534,2.326835,2.0411842,2.0662115,3.1733623,2.3028512,2.5399244,2.578172,2.6190767,2.6865644,2.4197907,2.428991,2.170239,2.6933692,3.7096972,3.4908557,3.4865494,2.5457783,3.5812175,3.5918257,3.9008222,3.8744333
23,3.2690396,2.9990427,3.0928516,3.1074917,1.2697234,1.3252414,1.9559668,1.6801101,0.86998093,0.84823793,0.97610116,0.97610116,0.9769447,1.3773224,1.7339967,0.9166215,1.4770637,1.4804896,1.1857471,0.68319607,2.07585,0.5532384,0.5811903,0.0,1.2037356,1.2037356,4.128747,3.9373724,0.8456568,0.9664132,0.78721756,0.7711916,1.8558862,1.901726,1.8700368,1.8228378,1.9013075,1.6891001,2.9384117,2.0652046,2.4160757,2.4160757,2.4618988,2.8085952,1.7279465,1.9543805,1.9707487,1.8929188,3.101612,3.2945914,2.6985838,2.7738345,2.754526,2.6525388,2.182085,2.7205071,3.2600396,3.5441093,3.1106253,2.804112,4.6195784,4.671724,4.2322826,4.23883,3.242458,3.242458,2.0216937,3.0119483,3.726016,3.2536016,4.054518,3.8316722,2.7979424,3.1363804,2.8606782,3.1313682,3.3846996,3.2293892,4.0602207,4.006543,2.7919912,1.9167808,2.8051157,2.8135316,2.3733096,2.3327625,2.272741,2.2667155,2.082961,2.100467,2.5496998,2.5294914,2.1949775,2.0742784,3.6661,1.9809189,2.4545214,2.388715,2.6316438,2.3057935,2.6282737,2.4806507,2.3740294,2.3938422,2.6764185,2.417315,2.5815485,2.4381335,2.2043748,2.2284513,2.8595908,2.4360442,2.7052236,2.757325,2.8357031,2.831048,2.5583684,2.5601027,2.3239694,2.8605564,3.8281324,3.298006,3.662233,2.685323,3.6933436,3.7064753,4.0077214,3.9881465
24,3.5141761,2.8331594,3.3529208,3.3710406,1.3020406,1.3536845,1.9753897,1.7252111,0.8824398,0.90101403,0.8333352,0.8333352,0.89520437,1.0102477,1.8081753,0.87209535,1.965366,1.9925907,1.3594451,1.0258443,2.2094197,1.0341719,0.8582246,1.2037356,0.0,2.9802322e-08,4.1751833,3.656006,0.9279203,0.99967045,1.3338562,1.362329,1.8881593,1.8968236,1.8722669,1.854107,1.8149576,1.8118577,2.8997562,1.9988592,2.3131702,2.3131702,2.2533004,2.3914642,1.9274241,2.0798013,1.9476839,1.9843831,3.0067863,3.1438546,2.5680919,2.7096028,2.6407712,2.562831,2.0418537,2.5724893,3.1901639,3.5819223,3.1680205,2.903893,4.334581,4.379927,3.930064,3.9547966,2.5459752,2.5459752,1.406707,2.2967074,3.2294416,2.9462118,3.7848663,3.4430878,2.206609,2.4546204,2.2578368,2.4598806,2.9102554,2.7028193,3.6886199,3.594652,2.1208901,1.5170566,2.3078628,2.3167317,1.7955773,1.6915563,1.7917676,1.7374289,1.7072129,1.732208,2.099669,2.1138842,1.7323748,1.5948914,2.9698572,1.5427403,2.4194884,2.401116,2.8484674,2.5735679,2.6452065,2.441424,2.4332504,2.4485269,2.8015792,2.4885585,2.7021759,2.562107,2.4220865,2.4882843,3.3742626,2.5123053,2.7907984,2.822023,2.8945642,2.9107049,2.614505,2.6315753,2.5294738,2.9085777,3.8722732,3.641782,3.5481036,2.7600462,3.7633226,3.755081,4.049057,4.0189223
25,3.5141761,2.8331594,3.3529208,3.3710406,1.3020406,1.3536845,1.9753897,1.7252111,0.8824398,0.90101403,0.8333352,0.8333352,0.89520437,1.0102477,1.8081753,0.87209535,1.965366,1.9925907,1.3594451,1.0258443,2.2094197,1.0341719,0.8582246,1.2037356,2.9802322e-08,0.0,4.1751833,3.656006,0.9279203,0.99967045,1.3338562,1.362329,1.8881593,1.8968236,1.8722669,1.854107,1.8149576,1.8118577,2.8997562,1.9988592,2.3131702,2.3131702,2.2533004,2.3914642,1.9274241,2.0798013,1.9476839,1.9843831,3.0067863,3.1438546,2.5680919,2.7096028,2.6407712,2.562831,2.0418537,2.5724893,3.1901639,3.5819223,3.1680205,2.903893,4.334581,4.379927,3.930064,3.9547966,2.5459752,2.5459752,1.406707,2.2967074,3.2294416,2.9462118,3.7848663,3.4430878,2.206609,2.4546204,2.2578368,2.4598806,2.9102554,2.7028193,3.6886199,3.594652,2.1208901,1.5170566,2.3078628,2.3167317,1.7955773,1.6915563,1.7917676,1.7374289,1.7072129,1.732208,2.099669,2.1138842,1.7323748,1.5948914,2.9698572,1.5427403,2.4194884,2.401116,2.8484674,2.5735679,2.6452065,2.441424,2.4332504,2.4485269,2.8015792,2.4885585,2.7021759,2.562107,2.4220865,2.4882843,3.3742626,2.5123053,2.7907984,2.822023,2.8945642,2.9107049,2.614505,2.6315753,2.5294738,2.9085777,3.8722732,3.641782,3.5481036,2.7600462,3.7633226,3.755081,4.049057,4.0189223
26,5.8205166,5.621008,5.628508,5.6378155,4.063311,4.0630426,3.241715,4.3489537,4.084358,4.044852,4.1673365,4.1673365,4.2049804,4.233041,4.4302382,4.0926714,5.0216346,5.0209064,3.8575861,3.7249305,3.3184416,3.8359091,3.9391487,4.128747,4.1751833,4.1751833,0.0,2.1865702,3.8491888,3.973925,4.58389,4.537678,3.1856668,3.0985014,3.1348605,3.352879,3.3159292,3.505191,2.9743743,3.2698748,3.2760355,3.2760355,3.2112114,3.9208357,3.8039353,3.7313035,3.121969,3.0971463,2.8314838,2.5697963,3.09515,2.9592392,2.9978034,2.8855588,3.3501434,2.985736,3.8813963,4.3706193,3.747754,3.8012726,3.4704587,3.5702062,3.3289459,3.3208456,4.765469,4.765469,3.9019272,4.657609,5.5190873,5.3330984,6.0096283,5.6511564,4.5300064,4.5725565,4.391565,4.6034575,4.535816,4.50873,4.985981,5.304142,4.9049263,3.9142852,4.555032,4.535993,3.692592,3.7224433,3.697746,3.7408972,4.1481895,4.176471,4.262962,4.254504,3.933063,3.9315734,3.7251215,4.008244,4.0010533,3.8848896,3.8852196,3.834522,3.928322,4.0409937,3.8298552,3.8982131,4.0032377,3.764376,3.9566877,3.9195352,3.8586822,3.8905792,5.374568,3.9313204,4.261956,4.1410966,4.304422,4.1293206,3.899295,3.9136462,3.6943238,4.163624,3.478505,5.681029,5.025368,4.071631,3.3788726,3.2955103,3.5271654,3.530285
27,5.551648,5.0466857,5.2873607,5.2929955,3.8198438,3.811966,2.8380332,4.155995,3.7819939,3.7572482,3.8001237,3.8001237,3.8582728,3.7679505,4.167965,3.7770896,4.829397,4.858364,3.4870448,3.533654,3.7514017,3.5964642,3.6409433,3.9373724,3.656006,3.656006,2.1865702,0.0,3.5015998,3.527624,4.2091804,4.160841,2.5455227,2.4828832,2.4939961,2.774928,2.667405,2.9116619,2.2936645,2.6116078,2.5991106,2.5991106,2.4027865,2.652077,3.3568072,3.3172936,2.6017752,2.5618658,2.3332915,1.9700123,2.682177,2.5246222,2.3136415,2.515037,2.8248737,2.187939,3.5916677,4.041053,3.428763,3.513519,3.10441,3.252876,2.8639555,2.9392154,4.2492204,4.2492204,3.4901357,4.092352,5.180184,4.9231358,5.6827216,5.321913,4.1039677,4.029601,3.8706684,4.0793176,4.232318,4.1639147,4.407582,4.807019,3.6471722,3.2398732,4.155272,4.1385183,2.889775,2.9499164,3.086013,3.0657375,3.6325316,3.650265,3.667538,3.6702874,3.4138348,3.389438,2.9217756,3.4982293,3.4086518,3.3635063,3.5117993,3.4446094,3.4825335,3.5057714,3.5621145,3.7064366,3.6747952,3.4155507,3.7012138,3.5438278,3.4005437,3.4168208,5.2487717,3.4941509,3.722597,3.5285738,3.5226018,3.5889525,3.5057788,3.513062,3.2979248,3.7381613,2.9774005,5.1466455,4.4426756,3.6615314,2.9370353,2.853017,2.8977444,2.918504
28,3.6300514,2.9977136,3.4184313,3.428708,0.9566505,1.0199623,1.5806929,1.6185434,0.65637076,0.6101023,0.7214811,0.7214811,0.8634763,0.9401216,1.9218073,0.7576984,1.8022584,1.84877,1.0333321,0.4894304,1.8997221,0.69078636,0.7530003,0.8456568,0.9279203,0.9279203,3.8491888,3.5015998,0.0,0.50591457,1.0562873,1.0266676,1.5980006,1.6086907,1.5339167,1.5506568,1.5820036,1.4840802,2.6254792,1.7834682,2.237898,2.237898,1.9357567,2.251725,1.6495359,1.8628404,1.6518961,1.6115025,2.7060666,2.8672867,2.3334064,2.4204047,2.3667862,2.2851708,1.6870538,2.3475266,2.9613376,3.3432052,2.9600253,2.6750784,4.1984367,4.2493863,3.8966753,3.9148934,2.69897,2.69897,1.3942418,2.4319112,3.4364169,3.1217785,3.9720254,3.5943909,2.2637827,2.5275555,2.2922795,2.5598013,2.8121593,2.6624813,3.5091977,3.5546582,2.3378901,1.4160627,2.5768807,2.5781155,1.7697364,1.7544143,1.8570154,1.8286344,1.6874812,1.7164522,2.1797724,2.1837494,1.6714661,1.5292338,3.071743,1.4835613,2.0328646,1.9511155,2.2747042,2.0628436,2.226647,2.0747435,2.0041394,2.050164,2.471065,2.0038292,2.2221074,2.0565917,1.9427582,2.0147617,2.9106069,2.0356407,2.5796793,2.5852182,2.743668,2.6087077,2.1407785,2.130327,2.0023427,2.627421,3.580457,3.3837442,3.3631923,2.4592142,3.4506028,3.4428864,3.7425525,3.7260902
29,3.6621456,3.0136325,3.4727845,3.4830039,1.0301905,1.0859207,1.6837227,1.9765646,0.7079473,0.66562766,0.7536528,0.7536528,0.88874054,1.0115982,1.9146811,0.7931598,1.8108518,1.8480635,0.72328436,0.7437073,2.0000546,0.8908925,0.93950397,0.9664132,0.99967045,0.99967045,3.973925,3.527624,0.50591457,0.0,1.0549442,1.0515903,1.5255923,1.5813713,1.4402568,1.4584229,1.543268,1.4868778,2.591808,1.6766686,2.2047675,2.2047675,1.8703431,2.2061086,1.5738361,1.8424655,1.6325611,1.6081835,2.7193706,2.897,2.349463,2.4316447,2.2763088,2.3812835,1.4994599,2.2746105,2.9773486,3.361012,2.9639227,2.6758919,4.2300797,4.291904,3.9685125,3.991618,2.712625,2.712625,1.5196348,2.45603,3.4490652,3.160517,3.9808927,3.6052635,2.2823663,2.5576098,2.3375714,2.5861018,2.8122962,2.660401,3.5733202,3.6046875,2.2700958,1.2678405,2.549239,2.5544274,1.7771063,1.7632496,1.8507109,1.8186901,1.7387809,1.7662867,2.182326,2.1900587,1.6494403,1.4879721,3.1461723,1.4564629,2.1832037,2.1118307,2.420465,2.2083862,2.3476238,2.2036924,2.1550343,2.299663,2.5827725,2.1542256,2.4882336,2.197469,2.1026607,2.1742022,2.9451857,2.1772122,2.5002885,2.5116086,2.6824443,2.5391083,2.2832925,2.2763996,2.1838672,2.719341,3.699288,3.200887,3.3439527,2.5414875,3.569698,3.5612135,3.734538,3.7296653
30,3.5295486,3.1024494,3.4030528,3.4141974,1.3435764,1.371326,1.9491631,1.7915126,1.1099101,1.0824673,1.1496496,1.1496496,1.1783715,1.3668742,2.0188463,1.1009207,1.4286897,1.4602215,1.503464,1.211069,2.6080034,1.1408175,1.162651,0.78721756,1.3338562,1.3338562,4.58389,4.2091804,1.0562873,1.0549442,0.0,0.15467547,2.1403582,2.215982,2.1454763,2.0232453,2.1325824,1.8344843,3.091736,2.3082125,2.7974463,2.7974463,2.7221973,2.8761578,1.9560671,2.0954022,2.2490342,2.211649,3.177428,3.4398465,2.8666034,2.9507272,2.9052913,2.838088,2.2967634,2.8713727,3.2904809,3.5346694,3.1637967,2.8767862,4.9188046,4.972815,4.580394,4.6266804,3.2141569,3.2141569,2.1708562,2.9819562,3.8509126,3.4503884,4.186009,3.9620514,2.8529708,3.1207101,2.8952694,3.1284306,3.3521912,3.183988,3.933938,3.9986613,2.6377249,1.9629526,3.0863833,3.093134,2.4587324,2.4265807,2.4201057,2.4112983,2.083527,2.0980403,2.53632,2.5408783,2.1596313,2.0733554,3.9504974,1.9639194,2.5566273,2.5481234,2.7996297,2.54837,2.7948203,2.6176746,2.6040676,2.6399715,2.9712849,2.6335814,2.773709,2.6230476,2.4764206,2.5098054,2.6226602,2.6123235,2.9870465,3.0360065,3.1201358,3.10687,2.726025,2.7189777,2.591409,3.0924835,4.035201,3.1281726,3.7407846,2.942461,3.9072504,3.9136734,4.157009,4.1440187
