,0,1,2,3,4,5,6,7,8,9,10,11,12,13,14,15,16,17,18,19,20,21,22,23,24,25,26,27,28,29,30,31,32,33,34,35,36,37,38,39,40,41,42,43,44,45,46,47,48,49,50,51,52,53,54,55,56,57,58,59,60,61,62,63,64,65,66,67,68,69,70,71,72,73,74,75,76,77,78,79,80,81,82,83,84,85,86,87,88,89,90,91,92,93,94,95,96,97,98,99,100,101,102,103,104,105,106,107,108,109,110,111,112,113,114,115,116,117,118,119,120,121,122,123,124,125,126,127
0,0.0,0.45664376,2.2282193,0.5317778,1.3942633,1.4677656,1.5972908,1.9866644,2.117911,2.1322632,1.8677075,1.7609295,3.0239096,3.1532938,2.0599804,2.209117,3.0958076,2.9006732,3.560911,3.0574386,2.6623464,2.6541104,1.970402,2.3528168,1.9829245,1.989978,2.0297241,2.0786297,1.6274021,1.9489769,2.690769,2.765294,2.7811816,2.7800765,2.8238003,2.8612032,2.930115,3.846999,3.020857,2.982155,4.0511,4.1243653,3.1990361,2.8981824,3.615238,3.1300902,2.8399968,3.0615284,2.6291587,2.7181542,2.4661317,3.0177183,3.6693628,3.267718,3.486402,3.3613193,3.740222,3.7372031,3.9584115,3.633347,2.7910154,2.7959163,3.6325336,3.4010706,2.4730623,3.115683,2.6133916,2.6281853,3.0323358,2.5754817,2.7627141,2.4648535,2.2972794,2.5599349,2.886796,2.8488917,2.3422592,2.259344,2.5485127,2.524709,2.0771153,2.0277276,2.3320959,2.178409,2.2171097,2.5330462,2.558991,2.3076868,1.9869962,2.2318752,2.4476418,2.6222887,2.0298748,1.8766822,1.9247152,2.9685998,3.2649,4.002723,3.8152752,3.277881,3.3099024,3.1608624,3.2484462,3.0272915,3.156247,2.9560437,2.7033672,3.0513766,3.3409305,4.0445175,3.57446,3.9351737,4.8107,4.9318967,4.8628182,4.979849,3.553239,3.16628,3.427029,3.1957562,2.7419057,2.6684809,3.480595,3.2465045,3.5999637,3.754931,2.323457,3.0754013
1,0.45664376,0.0,2.1739283,0.34490037,1.1336963,1.3605467,1.4671069,1.9119568,2.2769659,2.2716768,1.9150636,1.6824704,3.0460827,3.127945,2.044713,2.129492,3.062854,2.8849525,3.5667012,3.0604613,2.7004404,2.689353,2.018307,2.292707,1.8103578,1.82008,1.8562762,1.9133977,1.4301462,1.7698673,2.3107202,2.3870425,2.6932034,2.6896493,2.7577665,2.786824,2.8748507,3.8340065,2.9604805,2.9304628,4.1220236,4.195622,3.334232,3.0076032,3.585781,3.081334,3.0458608,3.2837658,2.5504375,2.6408234,2.2974374,2.884365,3.5706205,3.1844816,3.4027069,3.2830377,3.6545632,3.6580782,3.9035075,3.5428798,2.6657844,2.6843393,3.5357647,3.332184,2.4367504,3.1120336,2.5989988,2.6243696,3.0773354,2.612028,2.8007596,2.4735515,2.294639,2.5335777,3.0057461,2.9635634,2.3315687,2.2448273,2.5120487,2.504263,1.945522,1.92907,2.1972082,2.013464,2.114614,2.4986792,2.4739025,2.2062075,1.9705969,2.1849024,2.4134657,2.7188032,1.9367636,1.9485611,1.9459563,2.9383638,3.0643122,3.8426745,3.6839833,3.221195,3.12193,2.9990435,3.0696697,2.8363602,2.9947786,2.760617,2.521661,2.8721778,3.1488411,3.7875671,3.3708742,3.7354577,4.486496,4.6021266,4.5454206,4.660858,3.4005022,2.9581819,3.2376416,2.990071,2.5320115,2.4452775,3.3298714,3.1338415,3.4371507,3.6238112,2.2433512,2.895116
2,2.2282193,2.1739283,0.0,2.0612342,2.2116826,2.3745751,2.362939,2.822538,3.042527,3.0423558,2.9564579,2.8917186,3.608084,3.654265,2.806855,2.7644618,3.5763087,3.3270886,3.980351,3.6022398,3.1142845,3.05642,2.5147138,2.8056378,2.7259047,2.730738,2.798801,2.846625,2.5389872,2.8120732,3.0708456,3.1108997,3.291201,3.2807803,3.3212152,3.3284173,3.6536067,4.5241446,3.7402601,3.7076807,4.435851,4.5911613,3.9048858,3.5863137,2.980195,3.5608969,3.7001543,3.9072695,3.2767937,3.2845821,3.096021,3.5670195,4.0825233,3.712187,3.9202702,3.8332834,4.216965,4.212351,4.464238,4.0430937,3.2969203,3.299633,4.1068,3.8971846,3.9747055,4.33976,2.8956475,2.9375863,3.4320412,2.9512546,3.1671479,2.9248736,2.6897886,3.1497502,3.3153033,3.287093,2.7289507,2.7626853,3.1133306,3.077478,2.748746,2.639709,2.9566154,2.7857742,3.6720307,3.8501623,3.934421,3.6589725,3.0784175,3.2101688,3.2260444,3.3111732,2.8577986,3.0982814,3.0865402,3.7639072,3.7688293,4.405404,4.363044,4.1126127,3.9038439,3.8325653,3.8672614,3.6583312,3.6627178,3.4227545,3.3974113,3.4247363,3.8463027,4.274892,3.8941462,4.2114973,4.9302435,5.0267315,4.95385,5.0787926,4.021871,3.742768,4.0113397,3.806264,3.567762,3.1788068,3.9436324,3.8893225,4.0491986,4.251594,3.0608945,3.51711
3,0.5317778,0.34490037,2.0612342,0.0,1.1372249,1.3112562,1.424178,1.8471525,2.1721747,2.1536658,1.8836623,1.746472,2.8534741,2.9649594,1.8877567,1.9829106,2.9821377,2.7198434,3.4585867,2.9536674,2.6719985,2.656847,1.9200456,2.2176607,1.8661598,1.8778967,1.899092,1.934655,1.4974031,1.8327562,2.3199613,2.4014993,2.637569,2.644327,2.7099302,2.7342782,2.8501914,3.8253624,2.940898,2.90912,4.0495744,4.1309676,3.2623289,2.9794896,3.4632332,3.0280154,3.0176704,3.2657256,2.4269648,2.520884,2.2483954,2.8939586,3.5264711,3.0796523,3.34047,3.1790137,3.5112042,3.519939,3.7718484,3.386247,2.5207415,2.5397534,3.4413168,3.255797,2.583362,3.1452377,2.6022031,2.6221693,3.0376658,2.6161032,2.8059745,2.4936855,2.3281765,2.522534,2.9705217,2.9262412,2.3350222,2.28445,2.5889316,2.5737252,2.0543897,2.0037024,2.2788658,2.1573613,2.3013713,2.5296593,2.6554446,2.3933337,2.1007445,2.3219464,2.584921,2.7828524,2.076057,2.096053,2.0945606,3.0159526,3.0998485,3.7623575,3.7344193,3.2438269,3.184247,3.0548556,3.121275,2.8503842,2.893325,2.719379,2.5034196,2.8201745,3.1003885,3.8475258,3.4078634,3.6831155,4.450408,4.571111,4.5149627,4.629047,3.4029658,2.9287534,3.2612302,2.9982133,2.6092405,2.5172951,3.4475567,3.208029,3.4266782,3.617774,2.2695374,2.912512
4,1.3942633,1.1336963,2.2116826,1.1372249,0.0,1.7758607,1.881163,2.285276,2.5877094,2.5234084,2.5489728,2.4297292,3.3755584,3.4275885,2.5031154,2.535002,3.1745245,3.0257726,3.6920915,3.1988885,2.9914277,2.9813504,2.3460555,2.3329113,1.8116477,1.8195946,1.9142748,1.9260323,1.6188198,1.9109149,2.0409126,2.1113324,2.4979196,2.4947593,2.519163,2.5219557,2.6765387,4.498739,2.7465377,2.711839,4.2082396,4.295202,3.4065232,2.9330895,3.321818,2.8813338,3.070775,3.3820703,2.3601704,2.4646423,2.2940204,2.9704287,3.243999,2.8762925,3.0516882,2.9553494,3.5778837,3.6374273,4.4158216,3.4772387,2.3080018,2.3467336,3.3984594,3.292524,2.9181654,3.3271136,2.954169,3.1147723,3.2456267,3.0230339,3.2659895,2.9390333,2.9362514,3.0316575,3.6584363,3.6192384,2.944802,2.9191215,3.2082376,3.2249334,2.2567294,2.2672436,2.3314874,2.30474,2.5156724,2.8860943,2.8983104,2.6581082,2.5369532,2.773057,2.8953485,3.2651463,2.5182936,2.6037138,2.5639112,3.7393832,2.9669483,3.6170037,4.093778,3.8266408,3.103258,3.0147808,3.0262363,2.7905765,3.0930042,2.8144553,2.5993614,2.8054013,3.0620885,3.5489774,3.3725436,3.6989415,4.331491,4.3846526,4.374384,4.2166486,3.5275984,2.9841208,3.2055988,2.856999,2.8822033,2.6407008,3.5898583,3.6602685,3.5149488,3.757634,2.608672,3.0219164
5,1.4677656,1.3605467,2.3745751,1.3112562,1.7758607,0.0,0.8977983,1.121776,1.9188193,1.9236991,1.9867661,1.749102,2.6660008,2.743506,2.2867424,2.1021006,3.7305338,3.414129,4.1817822,3.7030342,3.4661434,3.4680247,2.343404,2.1999803,2.2211678,2.2287407,2.5089583,2.0389934,2.1879563,1.937721,2.378639,2.4276693,3.1954377,3.2050714,3.2805462,3.3011491,3.2563267,3.4910715,3.3428247,3.292594,4.8391104,4.8909235,3.7321916,3.5956373,3.860788,3.650741,3.6244135,3.9028215,2.8979907,3.003435,2.7366662,3.720958,3.5719478,3.0085979,3.3879359,3.0928142,3.7913322,3.7695813,3.6180117,3.6628096,2.8905513,2.91312,3.8137639,3.715086,3.1491146,3.6228485,3.162808,3.096378,3.4717703,3.2459834,3.3815029,3.0947812,2.7451296,2.786201,3.0557027,3.010485,2.6755128,2.5574045,2.8687289,2.863831,2.4522176,2.4408212,2.6698058,2.65586,2.694106,3.0332537,2.864274,2.8590152,2.4378421,2.6318376,2.8265145,2.9045503,2.2742872,2.4985356,2.4756777,2.7704973,3.0020587,3.5616932,3.4875367,2.7822037,3.2973351,3.1144588,3.167344,2.9769576,2.6132874,2.7461605,2.6552932,2.9593945,3.0751064,3.6963077,3.3221328,3.9981027,4.48172,4.5895987,4.555453,4.7992787,3.0934515,2.9475195,3.1484396,2.9031508,2.8295863,2.7247808,3.5699337,3.163541,3.4390252,3.5994353,2.6718767,2.9898012
6,1.5972908,1.4671069,2.362939,1.424178,1.881163,0.8977983,0.0,1.1910719,2.323358,2.2868004,2.1120074,1.7792007,2.8331032,2.8799138,2.420806,2.1599166,3.4680338,3.1153605,3.9224038,3.4373145,3.3937736,3.3843038,1.8035051,2.479835,2.297458,2.3076892,2.539774,2.0690122,2.2815936,1.9983181,2.337326,2.3944187,3.0973866,3.1132224,3.1934795,3.2163856,3.1940944,3.5271244,3.316675,3.2718148,4.9107575,4.988945,3.5066776,3.7512496,3.672488,3.4893928,3.798606,3.938774,2.9788306,2.8952584,2.4565506,3.5005212,3.666808,3.100575,3.3118377,3.0034714,3.8124099,3.7780383,3.7535558,3.679644,2.9215684,2.91169,3.7955117,3.6222055,2.9828806,3.5534668,2.9020154,2.8550363,3.2794383,3.024237,2.8877761,2.8261354,2.5343552,2.5933306,2.9452019,2.8927145,2.4541,2.3492706,2.7072232,2.6352243,2.234151,2.2083921,2.4605215,2.4517813,2.5687294,2.8913443,2.6114695,2.6729953,2.2323756,2.4529364,2.7198126,2.7909262,2.018062,2.3257499,2.2800245,2.624748,2.8261626,3.570174,3.3609965,2.840875,3.1521516,2.9749951,3.0030203,2.806637,2.4927409,2.5920982,2.4179769,2.820376,3.291302,3.8366678,3.4142113,4.142571,4.378739,4.5145,4.341586,4.5537086,2.9892387,3.1044934,3.3254826,3.060812,2.7119184,2.5758028,3.2403307,2.7977333,3.3308897,3.410532,2.4151542,2.8297756
7,1.9866644,1.9119568,2.822538,1.8471525,2.285276,1.121776,1.1910719,0.0,2.1333058,2.0392864,2.0779698,1.8488231,2.9003751,3.0288162,2.515617,2.276238,4.261888,3.845863,4.62893,4.235953,3.788803,3.7821493,2.5907245,2.4882529,2.6955411,2.7133837,2.948782,2.2729497,2.7509205,2.425051,2.6470327,2.7271152,3.560764,3.59513,3.6735218,3.6776648,3.474314,3.640091,3.5665178,3.50528,5.109507,5.1526065,4.0765133,4.0131063,4.200396,3.9991977,3.9958737,4.2221556,3.274141,3.4154506,3.0403874,4.2045393,3.8059323,3.174039,3.610838,3.2628508,4.216645,4.1828938,3.9979494,4.0640507,3.2624378,3.3211918,4.2945724,4.09062,3.15452,3.605019,3.1508164,3.0584702,3.598946,3.3064926,3.311585,3.024365,2.8414414,2.8737924,3.160788,3.0985718,2.7300797,2.5680976,3.0052469,3.011609,2.5034304,2.4541206,2.735296,2.6987789,2.7671516,3.0199614,2.701659,2.754187,2.5842805,2.7123272,2.9769747,2.9893231,2.284185,2.636294,2.5997083,2.6773436,3.4530075,3.9396772,3.8622296,3.172602,3.801277,3.6644468,3.6777418,3.4128907,2.922869,3.095784,2.9339929,3.3638458,3.2753768,3.8894107,3.4398968,4.3492603,4.572029,4.7282815,4.729681,4.922725,3.5656013,3.4209359,3.7044852,3.4747841,3.0914884,2.9467406,3.6921668,3.3078449,3.8207197,3.9512758,2.8141186,3.3703573
8,2.117911,2.2769659,3.042527,2.1721747,2.5877094,1.9188193,2.323358,2.1333058,0.0,0.3080019,2.9912972,3.0895665,3.0970535,3.466942,2.732896,3.32967,4.2217903,3.9345958,4.5656605,4.1661925,3.8492117,3.8496084,2.9951208,2.9269106,3.0244544,3.0326128,3.1800337,2.9112816,2.9268522,3.3145258,3.504053,3.5860865,3.071201,3.0843432,3.1438398,3.1679265,3.123999,4.121249,3.185744,3.1260056,4.3985023,4.3904767,3.2121177,2.8561783,3.649715,3.373495,2.733725,3.0386362,2.7459385,2.9505603,3.8760264,4.5863547,3.5289328,2.9380276,3.3611686,3.0932972,4.002801,3.9421017,3.844946,3.9409475,2.7926934,2.8257546,3.8433857,3.6693103,3.5891674,3.0986714,3.6228645,3.5616307,3.8288903,3.597718,3.702319,3.4403048,3.2801497,3.1547697,3.4020185,3.3710158,3.1692712,3.0973217,3.398675,3.3832679,3.0507793,2.9941335,3.27309,3.2705832,3.1908047,3.4818907,3.4025853,3.3310351,3.1200757,3.2583551,3.4091103,3.2926369,3.11335,3.0058084,3.062218,3.4494264,3.821697,3.4916465,4.199127,3.4850085,3.962671,3.815349,3.8984742,3.6713898,3.4983582,3.5865157,3.3931773,3.7668116,3.7793396,4.461551,4.0227294,4.5607486,5.361221,5.46063,5.4417624,5.6559453,3.8673992,3.723551,3.9069235,3.6028805,3.6304176,3.5331297,4.198576,3.906811,3.7433655,4.3245053,3.1517084,3.7492638
9,2.1322632,2.2716768,3.0423558,2.1536658,2.5234084,1.9236991,2.2868004,2.0392864,0.3080019,0.0,3.0033615,3.0658185,3.0728536,3.444672,2.765546,3.300987,4.2189765,3.8964164,4.5564733,4.167561,3.8477836,3.845604,2.9448457,2.8508143,3.0258915,3.0360436,3.154137,2.8901262,2.8859923,3.287592,3.419798,3.5076563,3.0261211,3.0449364,3.1051822,3.1236846,3.0967443,4.161583,3.1673427,3.1031232,4.3751473,4.3699794,3.1966193,2.8874555,3.597668,3.342885,2.764406,3.0815876,2.7182748,2.9279366,3.8251724,4.5372257,3.5573502,2.921289,3.3656938,3.0601552,3.9687216,3.9142923,3.8883739,3.9011085,2.6905732,2.7381566,3.840426,3.666949,3.5744262,3.0867963,3.5964053,3.5486581,3.8312163,3.59419,3.6612968,3.4022627,3.3169987,3.1765153,3.4190903,3.3848658,3.1789057,3.0979044,3.444347,3.4341533,3.0099802,2.9496129,3.2368774,3.233864,3.1721768,3.471909,3.3853977,3.2938154,3.1371753,3.2593772,3.4288745,3.3284433,3.097852,3.0320053,3.0785842,3.517337,3.828324,3.445173,4.259644,3.5493896,3.9732952,3.8458126,3.9148674,3.668419,3.4454737,3.5818117,3.369053,3.7661917,3.742418,4.4114466,3.9955983,4.527895,5.314357,5.42092,5.404825,5.583957,3.9140542,3.7807887,3.9765246,3.6351693,3.6560473,3.5317545,4.2064233,3.9563296,3.754435,4.35946,3.1765344,3.7762258
10,1.8677075,1.9150636,2.9564579,1.8836623,2.5489728,1.9867661,2.1120074,2.0779698,2.9912972,3.0033615,0.0,1.890055,3.736014,3.814949,2.5512805,2.4676242,4.074449,3.7462897,4.330793,3.9040396,3.9053838,3.8869863,2.4182472,2.8912787,2.340243,2.3558104,2.581186,2.0840356,2.6658106,2.092022,3.1283834,3.1846604,4.0346437,4.064933,4.134963,4.156185,4.0658216,3.8193476,4.1531634,4.075291,5.199582,5.2563696,4.4763427,4.2751822,4.843644,4.3768487,4.1507673,4.3628187,3.887781,3.9868834,3.1273668,4.0251412,4.4190054,4.126177,4.360916,4.2696457,4.5095873,4.52987,4.3074484,4.3435087,3.9741833,3.997668,4.708709,4.5695553,3.487495,4.405726,3.5059803,3.4187791,3.8140574,3.6327367,3.640557,3.4072292,3.2117825,3.408839,3.8682554,3.820783,3.3509688,3.2240896,3.5271273,3.5012634,3.2227075,3.1789,3.2397928,3.237588,3.3378062,3.574084,3.1235106,3.1118474,2.9565394,3.093257,3.4165273,3.4885948,2.863348,2.918534,2.9378448,3.2598715,4.110579,5.0270233,4.3873653,3.8881721,4.293477,4.125877,4.21468,4.0191827,3.792993,3.4665992,3.4181213,3.613219,3.760892,4.511718,4.1584744,4.6861305,4.8364525,5.0103292,4.9901342,5.198241,3.9645536,3.1722636,3.8147793,3.8451219,3.2262633,3.3191876,4.423386,4.0494494,4.603373,4.4165864,3.12194,3.856355
11,1.7609295,1.6824704,2.8917186,1.746472,2.4297292,1.749102,1.7792007,1.8488231,3.0895665,3.0658185,1.890055,0.0,3.0029426,3.0088577,2.3001757,1.6370012,3.6617355,3.2883396,3.9675627,3.5822465,2.9415438,2.94123,2.5800126,2.3372953,2.5333877,2.5416362,2.5361476,2.5028489,2.1432457,1.8443528,2.7632492,2.81039,4.1089177,4.131465,4.2146335,4.2356043,4.2198772,3.5193315,4.3130946,4.28764,5.123765,5.1928267,4.6141047,4.497996,4.8616657,4.5374565,4.4562087,4.652321,3.821544,3.9395356,2.818501,3.337263,4.7928395,4.3129325,4.560141,4.360206,4.6942706,4.664101,4.2192316,4.549571,3.9019668,3.9525313,4.750993,4.5876737,2.8276505,4.0101967,2.9586926,2.7913609,3.6239681,3.2423935,3.3074799,2.9661927,2.5078964,2.8614242,2.929979,2.8872168,2.4810555,2.2967951,2.727526,2.7669501,2.503238,2.460059,2.7791488,2.6380284,2.6560302,2.8474216,2.8832994,2.628947,2.2519343,2.3920753,2.8074174,2.868851,1.9362427,2.286198,2.2624366,2.4610596,3.6106071,4.6896496,3.5948534,2.910034,3.7781503,3.6099122,3.6658494,3.4683561,3.2148051,3.2279518,2.9812162,3.5117064,3.349088,4.038075,3.4570818,3.8876085,4.7134676,4.908851,4.8872104,5.2240357,3.708473,3.7092962,3.9257994,3.6046267,3.1951568,3.1226914,3.7278898,3.4488022,4.1717825,4.0736227,3.0399082,3.4505663
12,3.0239096,3.0460827,3.608084,2.8534741,3.3755584,2.6660008,2.8331032,2.9003751,3.0970535,3.0728536,3.736014,3.0029426,0.0,0.8609091,2.7970505,2.1059146,3.8442295,3.1653826,4.1740746,3.8230548,3.2221212,3.257233,3.6858444,3.4820583,4.2769494,4.281623,4.273667,4.247799,3.6419342,3.7535233,4.0318937,4.0807886,4.3831935,4.398417,4.4156466,4.4374156,4.4378405,4.411647,4.4918385,4.5181575,4.9074397,4.973456,4.384588,4.6267548,4.582701,4.745783,4.643054,4.8566904,3.3425744,3.472492,3.427466,4.0725684,4.731152,3.8150563,4.5518556,3.8814123,4.192172,4.1739163,3.943918,4.058933,3.6684034,3.6624882,4.4277997,4.3293037,4.01091,4.254629,3.9549632,3.8573744,4.292392,3.9560359,4.350643,4.1130133,3.5810246,3.6279864,2.722704,2.684178,3.2789283,3.3433695,3.6838462,3.6477702,3.748292,3.6134439,4.0847673,4.033976,3.923479,3.21344,4.4699535,4.2880125,3.7377448,3.8888657,4.1691947,3.862174,3.7701492,3.8295767,3.840557,3.9671452,4.4126863,4.3776293,4.701208,3.6025598,4.6203375,4.463763,4.48616,4.1760907,3.1191165,4.120243,3.9600325,4.184274,4.22262,5.372817,4.5719676,4.423324,5.6401687,5.7480536,5.7380614,5.965685,4.558025,4.4249554,4.5514293,4.358426,4.2312007,4.232521,4.7113028,3.8748333,3.9211552,4.113961,3.9286916,4.2222657
13,3.1532938,3.127945,3.654265,2.9649594,3.4275885,2.743506,2.8799138,3.0288162,3.466942,3.444672,3.814949,3.0088577,0.8609091,0.0,2.979116,2.0512102,3.7220414,3.2864668,4.498239,3.950624,3.4047468,3.4340556,3.7661068,3.5393715,4.358557,4.361333,4.3729043,4.3449464,3.768119,3.7918231,4.0538497,4.0840507,4.546731,4.5547104,4.574268,4.5943217,4.6489515,4.504018,4.7051835,4.7265587,5.138848,5.216638,4.6307197,4.8738494,4.7446423,4.925297,4.92388,5.116113,3.606902,3.7125318,3.4594064,4.0841513,4.7044325,4.052637,4.7521524,4.1186466,4.3454204,4.356201,4.1302643,4.19137,3.8976614,3.8876193,4.60913,4.5393643,4.1799893,4.5779386,4.244179,4.156916,4.4295845,4.115376,4.531366,4.2970705,3.7104979,3.8180056,2.9579372,2.9055498,3.4786124,3.5142946,3.623749,3.604148,3.8787127,3.7682054,4.1590614,4.1064806,4.0471687,3.3620405,4.5647235,4.3791647,3.8098466,3.9657197,3.9855187,3.7240102,3.833111,3.9417138,3.9371212,4.0755043,4.4212823,4.518065,4.762902,3.7283869,4.6813807,4.526146,4.5394177,4.247538,3.4025347,4.353948,4.2062593,4.418849,4.494324,5.5595036,4.825447,4.6796184,5.798087,5.8966327,5.8772707,6.1014915,4.5605516,4.4195743,4.3185005,4.352726,4.252572,4.242319,4.7442393,3.8982344,4.036225,4.137986,4.04585,4.2272296
14,2.0599804,2.044713,2.806855,1.8877567,2.5031154,2.2867424,2.420806,2.515617,2.732896,2.765546,2.5512805,2.3001757,2.7970505,2.979116,0.0,1.7958807,2.9192657,2.671595,3.3224847,2.8385475,2.5503037,2.5518112,2.8375447,2.8969674,2.6079128,2.6138437,2.679806,2.6576352,2.7493544,2.9155817,3.1915596,3.2502458,3.5992298,3.6306946,3.7199657,3.7300823,3.6397302,4.025925,3.6561148,3.6783853,4.2342224,4.30459,4.1727653,3.758229,4.295122,3.7823508,3.8783786,3.9601128,3.176063,3.3049839,3.292035,3.9175172,3.9434092,3.7111952,3.7592907,3.776205,4.5118613,4.505816,4.193533,4.3836737,3.4846563,3.5151355,4.32708,4.164153,3.1345594,3.384956,3.0427096,2.8915021,3.295215,3.0624561,3.393622,3.0889187,2.4456482,2.6564617,3.4039135,3.3675196,2.585377,2.7466652,2.8873212,2.8896291,3.085773,2.957325,3.0781834,3.1009724,3.2850866,2.6379035,3.444032,3.2044997,2.80991,3.008185,3.4102619,3.2861552,2.832908,2.9021263,2.9054148,2.9671705,3.4924886,4.196177,3.6744375,3.434331,3.665858,3.5031466,3.5615811,3.1982474,3.5848217,3.108306,2.8775058,3.2087662,3.2672284,4.52695,3.719621,3.5877953,4.5012918,4.6245914,4.6217523,4.9680405,3.5118785,3.2091713,3.4560428,3.2108967,3.1946115,3.1858342,3.8778343,3.7186747,4.0547433,4.2546916,2.8206844,3.240691
15,2.209117,2.129492,2.7644618,1.9829106,2.535002,2.1021006,2.1599166,2.276238,3.32967,3.300987,2.4676242,1.6370012,2.1059146,2.0512102,1.7958807,0.0,3.264785,2.752954,3.676728,3.2405353,2.610215,2.6168616,2.8631876,2.5432558,3.0787544,3.0856988,3.1079664,3.0272875,2.7794929,2.5142963,3.1263924,3.1703577,4.177394,4.2036805,4.2469974,4.255863,4.227837,4.018227,4.2949796,4.298144,4.822701,4.9321837,4.662051,4.564233,4.659984,4.5507827,4.6013937,4.78434,3.5125391,3.6447363,2.5830998,3.3864698,4.505276,3.9610078,4.321669,4.024118,4.4057508,4.421152,4.23504,4.222033,3.731322,3.7627583,4.532138,4.4239974,3.2805853,4.212004,3.0804636,2.9707766,3.5692194,3.2155726,3.5991733,3.257443,2.6705883,3.0521605,2.8810356,2.8325663,2.6176448,2.669496,3.0045016,3.0247874,3.0421906,2.9057002,3.2227893,3.1521366,3.3552954,2.7265017,3.648566,3.408829,2.8589396,3.037488,3.3755248,3.24052,2.7904718,2.9973724,2.9776053,3.1972826,3.7245064,4.62675,4.044786,3.3876123,3.9771185,3.8184626,3.8370435,3.5158582,3.1301823,3.3365383,3.1781256,3.4162667,3.3599465,4.516285,3.7274947,3.7006004,4.7850947,4.93709,4.959232,5.1722565,3.9372838,3.7244222,3.9031792,3.6800606,3.4494638,3.3528798,4.0453906,3.6669745,4.084683,3.9981902,3.2254195,3.514541
16,3.0958076,3.062854,3.5763087,2.9821377,3.1745245,3.7305338,3.4680338,4.261888,4.2217903,4.2189765,4.074449,3.6617355,3.8442295,3.7220414,2.9192657,3.264785,0.0,1.5099484,2.6831553,1.4103074,2.8146307,2.7949834,2.7735116,3.8740816,3.4297535,3.421133,3.2038665,3.8404696,3.1771667,3.684223,3.930494,3.9449327,3.7779858,3.7830172,3.834308,3.8632236,4.33238,5.138764,4.4204555,4.4509954,4.4921494,4.6344805,3.903791,4.239357,4.2366595,3.7619607,4.390897,4.2581263,3.761122,3.474262,3.55099,3.1376758,4.6985903,4.8268876,4.54879,4.571521,4.6759458,4.7214794,4.9858747,4.606949,3.8029237,3.734909,4.3926663,4.3713074,4.029044,4.323472,4.132838,4.1543603,3.920411,3.9667432,3.8861542,4.0578923,3.6356118,3.7332826,4.306024,4.278823,3.7540147,3.9126217,3.7328048,3.648399,3.9525597,3.8851552,3.8192544,3.9564545,4.0911756,3.6783962,4.457622,4.1178503,3.635479,3.8930924,3.900702,3.8594127,3.8304975,3.7445712,3.7407656,4.5379186,3.8284583,4.4824862,4.3118854,4.421571,3.8436236,3.6901898,3.7446022,3.5361378,4.3860216,4.0669074,3.7113879,4.056963,4.8162456,5.697685,5.157658,4.478593,5.494689,5.5908656,5.264777,5.430203,3.9563746,4.180482,3.9254665,3.8215058,4.1617856,4.111046,4.4803357,4.466917,4.392092,4.566582,3.7813418,3.8408718
17,2.9006732,2.8849525,3.3270886,2.7198434,3.0257726,3.414129,3.1153605,3.845863,3.9345958,3.8964164,3.7462897,3.2883396,3.1653826,3.2864668,2.671595,2.752954,1.5099484,0.0,1.6921942,0.95385104,2.4175878,2.4032283,2.4645712,3.5924783,3.3553474,3.3532877,3.0950916,3.6737263,2.8710575,3.2854428,3.6156254,3.6481354,3.743211,3.7756996,3.8156586,3.840343,4.227434,4.785085,4.3366957,4.3675084,4.495469,4.6456976,3.7778811,4.3070097,4.067458,3.8328497,4.4006386,4.3692846,3.4589171,3.180601,3.0295458,2.7256708,4.9944334,4.5473437,4.4769154,4.2838144,4.282638,4.303039,4.546953,4.200696,3.5020456,3.4415503,4.204488,4.1601143,3.8803823,4.231421,3.6135294,3.6226637,3.6688907,3.7559042,3.617643,3.7876012,3.4692857,3.4353666,3.7923074,3.7752643,3.4001281,3.5879767,3.8855915,3.7788854,3.6870096,3.5722742,3.6690974,3.8588,3.94308,3.4473162,4.409385,4.088263,3.5216036,3.79031,4.2805777,4.1079655,3.6394389,3.6374583,3.6284096,4.341356,3.900405,4.431387,4.3029327,4.136043,3.922658,3.752337,3.7930934,3.5288281,3.593794,3.5870383,3.2504315,3.5854628,4.2981935,5.31344,4.710474,3.9948242,4.9912863,5.1239295,4.812568,4.9722567,3.971152,4.1408763,4.3859386,3.9224846,4.2022133,4.162269,4.573985,4.3455544,4.295621,4.3636127,3.7205844,3.915483
18,3.560911,3.5667012,3.980351,3.4585867,3.6920915,4.1817822,3.9224038,4.62893,4.5656605,4.5564733,4.330793,3.9675627,4.1740746,4.498239,3.3224847,3.676728,2.6831553,1.6921942,0.0,1.3465024,2.8339186,2.8430438,3.2475076,4.2962804,3.7132318,3.7078195,3.457232,4.091915,3.3085463,3.7299578,4.1614304,4.195083,4.1728516,4.195994,4.2314186,4.266174,4.534018,5.2176127,4.61557,4.6692886,4.7260647,4.8685784,4.1821656,4.6047597,4.544279,4.143115,4.7002897,4.6659956,4.0726237,3.7748823,3.6244147,3.1748075,5.7669916,5.087016,4.8042345,4.7705517,4.8606143,4.848134,5.1305757,4.8393655,4.086872,4.0228863,4.6284604,4.5784616,4.167966,4.5453672,3.7013428,3.7287033,4.0795426,4.1082053,3.919774,4.1370716,3.9370377,3.9265363,4.409316,4.4272294,3.8690894,4.1019936,4.657806,4.5390716,4.2053895,4.102096,4.242177,4.369535,4.412954,4.0276494,4.8451934,4.5782404,4.0779395,4.30206,5.186101,5.0941935,4.192246,4.133834,4.1383686,4.795861,4.1873546,4.9178214,4.4613647,4.5115204,4.020546,3.8861723,3.9369547,3.7675376,3.8874729,3.5347674,3.2389348,3.4446633,4.278613,5.2504945,4.66136,3.8311684,4.9366746,5.0450277,4.693456,4.8592772,4.3627367,4.6717257,5.2217975,4.362986,4.5791926,4.5771985,4.820139,4.8266997,4.7948337,4.901759,4.15951,4.2979746
19,3.0574386,3.0604613,3.6022398,2.9536674,3.1988885,3.7030342,3.4373145,4.235953,4.1661925,4.167561,3.9040396,3.5822465,3.8230548,3.950624,2.8385475,3.2405353,1.4103074,0.95385104,1.3465024,0.0,2.6631231,2.6613188,2.6533427,3.8620403,3.2574959,3.2487986,3.0296676,3.6737037,2.9834728,3.4021785,3.8456159,3.8672752,3.7872255,3.8085568,3.849642,3.885076,4.2556853,4.968562,4.3470573,4.383308,4.554994,4.6976724,3.8161929,4.242621,4.270085,3.7659514,4.3483243,4.264698,3.7466059,3.4279268,3.3689399,2.9705606,5.0928545,4.7931004,4.4779277,4.4824076,4.5841413,4.6043644,4.8602943,4.5410595,3.7574663,3.6816294,4.3402705,4.328918,3.961516,4.314787,3.8086054,3.8273475,3.7859724,3.9312065,3.7663355,3.9847062,3.6555588,3.6506104,4.252606,4.248168,3.692503,3.89376,4.115469,4.0046973,3.9514399,3.8653595,3.868326,4.066392,4.1012745,3.706015,4.493578,4.217008,3.6652317,3.9548173,4.4666295,4.352138,3.844341,3.746745,3.7528265,4.490776,3.7729547,4.5218782,4.1586113,4.2424746,3.7230816,3.5298078,3.5960903,3.4145768,3.926346,3.545276,3.2127085,3.5055192,4.358144,5.3349123,4.7900553,4.040242,5.0628686,5.166112,4.805499,4.9876776,3.8656876,4.1587696,4.3704915,3.8307912,4.2068,4.2041216,4.5610223,4.5229135,4.4867206,4.5546,3.7796676,3.8667285
20,2.6623464,2.7004404,3.1142845,2.6719985,2.9914277,3.4661434,3.3937736,3.788803,3.8492117,3.8477836,3.9053838,2.9415438,3.2221212,3.4047468,2.5503037,2.610215,2.8146307,2.4175878,2.8339186,2.6631231,0.0,0.13854636,3.381612,3.5288284,3.517602,3.5146682,3.2543406,3.8661373,2.8375716,3.4011967,3.8495038,3.8920786,4.0474634,4.0538654,4.06102,4.081545,4.20745,4.823846,4.265943,4.3253117,4.0506067,4.1911025,4.304255,4.077801,4.350117,4.2256055,4.147167,4.146091,3.412741,3.473963,3.1967316,2.849555,5.0366473,4.5506425,4.6991405,4.5673313,4.898298,4.874382,5.0828547,4.811497,3.98474,3.9842603,4.646138,4.325649,3.0056615,3.581714,2.6421297,2.6488616,3.176321,2.8172417,3.274073,2.9732993,2.4689496,2.8175178,2.8581815,2.8564985,2.412429,2.6235363,3.0355375,3.025891,2.851366,2.698311,3.0338507,2.9625041,3.171942,2.5208173,3.9091847,3.3634863,2.7769775,3.0044782,3.5063071,3.4604192,2.9091275,2.8264136,2.8477502,3.7734866,4.3284965,5.1631794,4.5628176,4.186776,4.237644,4.1330137,4.174012,3.8891714,4.1048293,4.037327,3.6006126,4.022076,4.198028,5.087674,4.175021,3.773564,5.336019,5.4570417,5.4091983,5.5372186,4.5585365,4.5281677,4.660235,4.2063003,4.331962,4.1639895,4.2810197,4.1718173,4.546126,4.6931133,3.6741898,4.217795
21,2.6541104,2.689353,3.05642,2.656847,2.9813504,3.4680247,3.3843038,3.7821493,3.8496084,3.845604,3.8869863,2.94123,3.257233,3.4340556,2.5518112,2.6168616,2.7949834,2.4032283,2.8430438,2.6613188,0.13854636,0.0,3.3351784,3.5022695,3.4896843,3.4875395,3.2124517,3.838413,2.8101196,3.3897579,3.8194823,3.863539,4.0237093,4.0320225,4.042117,4.060603,4.2077074,4.81522,4.27168,4.3280725,4.044368,4.188775,4.3002353,4.0730643,4.3125987,4.2062373,4.143544,4.1387906,3.3955638,3.4549897,3.174574,2.809172,5.022341,4.5510764,4.6992073,4.5723643,4.8725033,4.847359,5.0545545,4.781788,3.9632385,3.9644215,4.6217413,4.298044,3.0179265,3.583647,2.6039667,2.6101484,3.1425555,2.787122,3.2255247,2.9238079,2.427906,2.779983,2.8548517,2.8507438,2.3759763,2.5870836,2.9958947,2.9872108,2.810922,2.6543505,2.98597,2.9197066,3.1676865,2.541354,3.8993,3.3398955,2.7506034,2.9778132,3.4695616,3.4224484,2.8754966,2.8019187,2.8205104,3.759571,4.338922,5.167336,4.5667224,4.2035465,4.249123,4.1457877,4.1877356,3.8971872,4.1165457,4.0356545,3.5998287,4.0278587,4.2057776,5.0815372,4.1738553,3.773322,5.312258,5.439732,5.3896685,5.519929,4.5547237,4.5149894,4.653488,4.2076263,4.3341584,4.155976,4.287014,4.1819496,4.545584,4.691423,3.6610494,4.2186
22,1.970402,2.018307,2.5147138,1.9200456,2.3460555,2.343404,1.8035051,2.5907245,2.9951208,2.9448457,2.4182472,2.5800126,3.6858444,3.7661068,2.8375447,2.8631876,2.7735116,2.4645712,3.2475076,2.6533427,3.381612,3.3351784,0.0,2.7726908,2.3058584,2.3140883,2.2893076,2.2895646,2.3697436,2.3379982,2.9614193,3.018804,3.0979047,3.1317127,3.194601,3.2209892,3.5222251,3.9731379,3.7149851,3.6441078,4.7086153,4.8353004,3.1670964,3.751986,3.5695615,3.3150313,3.6813824,3.6519346,3.2871597,3.0013235,2.588816,3.0906181,4.1735973,3.8535821,3.7079344,3.5993218,3.867015,3.8518217,4.0940356,3.7468781,3.0759633,3.0225792,3.820106,3.6887426,3.3638632,3.933686,3.0242422,3.0390196,3.157408,3.1501138,2.5682032,2.867116,2.8503194,2.8851616,3.4597733,3.420683,2.8784442,2.8533933,3.1723118,3.047014,2.7629988,2.6904984,2.7441354,2.8985894,3.1738412,3.451894,3.1352403,3.0487647,2.570765,2.8077104,3.1334307,3.0825443,2.5712693,2.565462,2.5672133,3.421991,3.3144107,4.08589,3.8157682,3.6394062,3.4459848,3.2784946,3.3468738,3.1637638,3.2702518,3.0048018,2.7330894,3.1365469,3.9555788,4.542867,4.1459537,4.4437914,4.825845,5.0137258,4.6742406,4.797644,3.3106108,3.596421,3.8566236,3.5153577,3.421382,3.2555559,3.8626885,3.7431598,3.942157,4.013278,2.8981056,3.3979833
23,2.3528168,2.292707,2.8056378,2.2176607,2.3329113,2.1999803,2.479835,2.4882529,2.9269106,2.8508143,2.8912787,2.3372953,3.4820583,3.5393715,2.8969674,2.5432558,3.8740816,3.5924783,4.2962804,3.8620403,3.5288284,3.5022695,2.7726908,0.0,2.3765438,2.385156,2.2829044,2.3399155,2.1567602,2.116374,2.6871772,2.745014,3.6979444,3.744512,3.795056,3.7767003,4.047204,4.0601244,4.196949,4.1238313,4.9951515,5.0889378,4.5202765,4.0758295,4.432198,4.2570086,4.0078535,4.3613873,3.3874364,3.6276307,2.9342318,3.4107785,4.3195205,3.8649182,3.9894166,3.8939824,4.014208,3.9944267,3.9605618,3.8889804,2.9822876,3.0983298,3.960176,4.098294,3.5939236,4.176814,3.3202367,3.2732553,3.6129684,3.6257374,3.7342796,3.2656524,3.1683402,3.2647784,3.578372,3.5485282,3.0765574,2.9814432,3.3511598,3.4920275,2.8579237,2.8086436,2.954559,3.0963533,3.2997713,3.6258106,3.6749668,3.3470592,2.7906625,3.0276804,3.2239864,3.1076772,2.6871836,2.8124762,2.7895737,3.5053139,3.2119179,3.863719,3.6094768,3.0873306,3.438284,3.2346911,3.2848997,3.0533514,3.0922513,3.0233424,2.8510234,3.3103302,2.6293476,3.281562,2.9803174,3.1834106,4.7956233,4.9806314,5.0384703,5.2018576,3.5357153,4.0079846,3.8961875,3.0372634,3.923672,3.5127702,4.2364793,4.523887,4.140902,4.3366513,3.6301563,3.4871724
24,1.9829245,1.8103578,2.7259047,1.8661598,1.8116477,2.2211678,2.297458,2.6955411,3.0244544,3.0258915,2.340243,2.5333877,4.2769494,4.358557,2.6079128,3.0787544,3.4297535,3.3553474,3.7132318,3.2574959,3.517602,3.4896843,2.3058584,2.3765438,0.0,0.04203276,0.7738758,0.8207087,1.7483,1.4714015,1.8843971,1.8934109,2.9849563,3.0179493,3.129358,3.12613,3.248028,3.765262,3.369709,3.299812,4.795714,4.867901,4.003584,3.4765174,4.0749025,3.3551378,3.5892768,3.7619176,3.1447315,3.1946409,2.8977768,3.3720925,3.7459202,3.7057672,3.488486,3.7185051,4.0554214,4.068295,4.212291,3.9786747,3.0880895,3.1240745,3.8594053,3.832481,3.2002792,3.7140682,3.1774216,3.1924918,3.0116215,3.3974624,3.3436196,3.0635278,3.0053287,2.7492816,4.232332,4.20463,3.1674445,3.1400268,3.362855,3.399316,2.6064196,2.670917,2.2249475,2.6291704,2.804514,3.4384966,2.8644683,2.6999269,2.4093516,2.671874,3.1518116,3.4821174,2.3931315,2.5411677,2.4711995,3.300819,2.966015,4.0192747,3.481433,3.5647767,3.030689,2.8804996,2.965976,2.8097653,3.4899166,2.5782905,2.3695066,2.7521038,2.936787,3.291517,3.212511,3.6270096,3.6615832,3.7791417,3.725456,3.9161365,2.6044283,2.4237673,2.795727,2.1651843,3.3795364,3.2254193,4.0683126,4.2770033,4.337287,4.482949,3.2070167,3.3737667
25,1.989978,1.82008,2.730738,1.8778967,1.8195946,2.2287407,2.3076892,2.7133837,3.0326128,3.0360436,2.3558104,2.5416362,4.281623,4.361333,2.6138437,3.0856988,3.421133,3.3532877,3.7078195,3.2487986,3.5146682,3.4875395,2.3140883,2.385156,0.04203276,0.0,0.78587765,0.84595066,1.75711,1.4732097,1.90383,1.9097391,2.9948556,3.026428,3.1369305,3.1345978,3.2560172,3.7630746,3.377076,3.307595,4.7944164,4.8666897,4.0047445,3.4776018,4.0796046,3.360966,3.5904179,3.7610219,3.156446,3.2039385,2.9103682,3.3763623,3.7532883,3.7186441,3.4957922,3.7284658,4.0689893,4.0824456,4.2252913,3.9934554,3.1027365,3.1369832,3.8709054,3.8455667,3.2085986,3.7272086,3.189137,3.204402,3.0128865,3.4042914,3.3540788,3.0765944,3.0122006,2.7564044,4.236555,4.2095766,3.1763444,3.150243,3.3694785,3.405379,2.6221435,2.6871753,2.2379844,2.6421013,2.8168633,3.4485002,2.8773074,2.7144458,2.4158912,2.676791,3.1556866,3.4883833,2.4042037,2.5480359,2.479107,3.3101697,2.9632504,4.024752,3.4780626,3.5646927,3.0240722,2.8747473,2.9610226,2.8096857,3.5002065,2.588319,2.3788958,2.7563548,2.9494073,3.3028734,3.2219956,3.6322153,3.676181,3.7909331,3.7352476,3.9274852,2.591028,2.4259777,2.7853026,2.1524403,3.3925273,3.2387867,4.074238,4.287188,4.347366,4.497212,3.2246392,3.3825324
26,2.0297241,1.8562762,2.798801,1.899092,1.9142748,2.5089583,2.539774,2.948782,3.1800337,3.154137,2.581186,2.5361476,4.273667,4.3729043,2.679806,3.1079664,3.2038665,3.0950916,3.457232,3.0296676,3.2543406,3.2124517,2.2893076,2.2829044,0.7738758,0.78587765,0.0,1.3759826,1.3391536,1.6065812,1.8910924,1.9249285,3.0096169,3.0505865,3.174945,3.1674523,3.4701667,3.9039044,3.6080308,3.5515602,4.6594386,4.737958,4.0453153,3.5526416,4.1149387,3.4065733,3.6494744,3.833853,3.118342,3.181226,2.857392,2.9215958,4.1048203,3.99266,3.828929,4.0023146,4.0133395,4.0150423,4.136815,3.941715,3.0043979,3.06252,3.8105876,3.7997577,3.149314,3.6547022,3.1071744,3.1162045,3.112766,3.4155784,3.293375,2.9971955,2.992131,2.7585304,4.1684136,4.1412725,3.1006415,3.0630934,3.32785,3.3800933,2.5290987,2.584708,2.2222354,2.5827034,2.7562459,3.417247,3.0192826,2.6521468,2.4167213,2.655557,3.1776571,3.4912114,2.3780937,2.525038,2.4520905,3.4188726,3.1905482,4.093425,3.5647376,3.6116767,3.1533859,3.0215905,3.1129131,2.9211998,3.5393465,2.7412302,2.447232,2.9693198,3.025128,3.3832536,3.272224,3.3769398,3.7487888,3.9131882,3.8505216,4.0629873,2.9442508,2.8336387,3.1936471,2.4765508,3.5414083,3.369768,4.1682653,4.4077024,4.323625,4.5139327,3.3111112,3.5012715
27,2.0786297,1.9133977,2.846625,1.934655,1.9260323,2.0389934,2.0690122,2.2729497,2.9112816,2.8901262,2.0840356,2.5028489,4.247799,4.3449464,2.6576352,3.0272875,3.8404696,3.6737263,4.091915,3.6737037,3.8661373,3.838413,2.2895646,2.3399155,0.8207087,0.84595066,1.3759826,0.0,2.1765554,1.5847545,1.9141582,1.9540033,3.0729537,3.1174982,3.222385,3.2103653,3.1573286,3.696749,3.2895894,3.1975596,4.987132,5.0530925,4.0817633,3.6320772,4.1745586,3.473237,3.7076936,3.8797834,3.1642632,3.232431,2.8159783,3.7226207,3.5059438,3.3914266,3.2062447,3.4093103,3.986087,3.9930754,4.1593394,3.887053,3.0718203,3.1177855,3.8472261,3.8017704,3.1507142,3.6889732,3.1172976,3.1267586,3.039282,3.361004,3.26522,2.9876914,3.000386,2.758547,4.2061224,4.168749,3.1466496,3.0965502,3.3672073,3.4015923,2.585025,2.6326735,2.235231,2.6102467,2.7925017,3.3829496,2.5980067,2.6025298,2.4113927,2.649941,3.1529152,3.446515,2.3685238,2.5429158,2.467902,3.1404376,2.9204879,3.9708078,3.526482,3.5475264,3.1064265,2.9612808,3.0222507,2.8254666,3.335828,2.4416108,2.2879329,2.6384244,2.7703073,3.172828,3.057154,3.7946022,3.5976298,3.7386837,3.7120788,3.8375964,2.6476011,2.4395134,2.8844347,2.308984,3.230497,3.059549,3.9671671,4.146421,4.2602406,4.379396,3.0715122,3.3163867
28,1.6274021,1.4301462,2.5389872,1.4974031,1.6188198,2.1879563,2.2815936,2.7509205,2.9268522,2.8859923,2.6658106,2.1432457,3.6419342,3.768119,2.7493544,2.7794929,3.1771667,2.8710575,3.3085463,2.9834728,2.8375716,2.8101196,2.3697436,2.1567602,1.7483,1.75711,1.3391536,2.1765554,0.0,1.643998,1.9874065,2.057121,2.946992,2.971222,3.0656798,3.0759401,3.5073571,4.140701,3.622294,3.59689,4.583517,4.662842,3.8200214,3.4724529,3.8787658,3.4255056,3.5375574,3.860043,2.935302,3.023232,2.5995495,2.3555903,4.4127784,3.932224,4.049787,3.9696043,3.8140318,3.79551,3.9555137,3.744212,2.736425,2.8022258,3.66572,3.6313756,3.0493128,3.5720954,3.00072,3.0215971,3.4904883,3.364637,3.3381026,3.0079944,2.956677,2.9612176,3.6128337,3.5889916,2.8831792,2.7844994,3.212861,3.2547061,2.2456856,2.2892485,2.4432518,2.4965572,2.5049903,3.236208,3.2002308,2.736698,2.4522164,2.7220798,3.1223314,3.3492193,2.2822912,2.4638827,2.4172506,3.44541,3.2536845,3.9045465,3.6506462,3.3162494,3.2272005,3.0530252,3.1346557,2.9682755,3.0546525,2.7989147,2.5308716,3.0777717,3.0393853,3.3697383,3.2810128,3.2604768,4.226381,4.375227,4.31394,4.5037355,3.5337522,3.3887792,3.7471125,3.0629523,3.2789223,3.1108336,3.879472,3.8912544,3.8012967,3.9030786,2.983704,3.234096
29,1.9489769,1.7698673,2.8120732,1.8327562,1.9109149,1.937721,1.9983181,2.425051,3.3145258,3.287592,2.092022,1.8443528,3.7535233,3.7918231,2.9155817,2.5142963,3.684223,3.2854428,3.7299578,3.4021785,3.4011967,3.3897579,2.3379982,2.116374,1.4714015,1.4732097,1.6065812,1.5847545,1.643998,0.0,1.8843341,1.877056,3.563409,3.5947235,3.6567793,3.6642327,3.7563317,3.5521882,3.898484,3.834327,5.209201,5.298356,4.327449,4.1345506,4.4677644,4.0694213,4.145697,4.401318,3.3983517,3.462286,2.2752433,2.8492312,4.401241,3.9348993,4.044751,3.9457252,3.9758399,3.991303,4.1066356,3.8684187,3.3555632,3.384458,4.0857058,4.0756755,3.178658,4.215242,3.1342475,3.1446414,3.2141337,3.4948351,3.4979644,3.1924593,3.1120274,2.951353,3.7575867,3.731742,3.1076348,3.0083883,3.4725213,3.503941,2.5468984,2.60073,2.427084,2.7429216,2.7371037,3.3506837,3.0100453,2.8622332,2.3744407,2.6580281,3.2665076,3.5071113,2.2822254,2.521566,2.448482,3.2929778,3.2356594,4.405102,3.6933541,3.303383,3.3523195,3.1668708,3.229321,3.1091225,2.9361486,2.6848817,2.5295122,2.866713,2.9168239,3.289428,3.1764762,3.645648,3.902085,4.0490875,4.019029,4.1596975,3.0265005,2.9197981,3.3550673,2.7336571,3.5552113,3.4268956,4.220636,4.1357727,4.37569,4.2441325,3.4520776,3.5990617
30,2.690769,2.3107202,3.0708456,2.3199613,2.0409126,2.378639,2.337326,2.6470327,3.504053,3.419798,3.1283834,2.7632492,4.0318937,4.0538497,3.1915596,3.1263924,3.930494,3.6156254,4.1614304,3.8456159,3.8495038,3.8194823,2.9614193,2.6871772,1.8843971,1.90383,1.8910924,1.9141582,1.9874065,1.8843341,0.0,0.19072376,3.054366,3.1032164,3.2454715,3.2111719,3.407966,3.9813857,3.5294895,3.4965556,5.3151937,5.3875165,4.404157,4.1217146,4.0504413,3.6296206,4.3967986,4.657201,2.9749167,3.0554452,2.6152613,3.1747668,3.9216704,3.5188525,3.6792789,3.573385,3.6741507,3.6780343,3.9176664,3.5802999,2.8000891,2.8840306,3.6483393,3.6477168,3.4710233,3.8236468,3.4163377,3.4533842,3.5030284,3.7734082,3.7242658,3.3853962,3.4090297,2.964127,4.301377,4.2563653,3.3255484,3.2663498,3.5903854,3.649651,2.4497232,2.5714302,2.2653918,2.6571693,2.7533646,3.4600735,3.1456869,2.9434652,2.8068895,3.0354636,3.5192223,3.914539,2.542254,3.101481,2.9356475,3.523806,3.0445275,3.6642768,3.675146,3.5861433,3.2293212,3.1336882,3.122887,2.8810897,2.8373544,2.5463417,2.4020529,2.8648765,2.7905197,2.8042767,2.9914913,3.4244294,2.7455184,2.8763826,2.911169,3.0730407,2.9138842,2.5824056,3.0945494,2.4294434,3.4567683,3.2827313,4.0945673,4.027516,4.005842,4.099853,3.4079702,3.3955894
