,0,1,2,3,4,5,6,7,8,9,10,11,12,13,14,15,16,17,18,19,20,21,22,23,24,25,26,27,28,29,30,31,32,33,34,35,36,37,38,39,40,41,42,43,44,45,46,47,48,49,50,51,52,53,54,55,56,57,58,59,60,61,62,63,64,65,66,67,68,69,70,71,72,73,74,75,76,77,78,79,80,81,82,83,84,85,86,87,88,89,90,91,92,93,94,95,96,97,98,99,100,101,102,103,104,105,106,107,108,109,110,111,112,113,114,115,116,117,118,119,120,121,122,123,124,125,126,127
0,0.0,1.2235235,1.8423059,1.6606114,1.8681285,1.8440161,2.225843,2.0683565,1.6668464,2.98503,3.6058567,3.389001,2.231486,2.588778,2.100645,2.5742805,2.1371045,3.25155,2.5519474,2.6407416,2.6752937,2.4176958,2.2927148,2.4942844,2.3886151,2.3995042,2.276684,2.6225722,2.4999526,2.5299692,2.5558121,2.0699828,2.2306273,2.259101,2.9524837,2.5213535,2.44827,2.2293394,2.1582315,2.6603408,2.5306594,2.7247608,2.220428,2.0106266,3.7857225,3.7284532,3.126409,2.8596265,2.2961478,2.8856914,2.9856722,3.2242556,3.0100698,2.2349033,3.4666502,3.389671,2.9034793,3.3321412,3.472543,3.210425,2.3346298,2.477465,2.0087485,2.228765,3.2136126,3.0399694,2.3690567,2.8091288,3.0821939,2.6849034,2.9100273,2.8443048,3.1177936,3.5453882,2.8461645,2.8627865,2.860166,2.9907365,2.7573678,2.613649,3.0588393,2.5792875,3.1086168,3.1522365,3.2421293,3.285787,3.415098,4.1258307,3.387847,3.7370822,3.587801,3.4396536,3.2786145,3.0142965,2.7837877,2.8852503,2.8659601,2.7162712,2.5568123,2.3622348,2.5861645,2.5854797,2.7897482,2.6374114,2.827195,3.1038785,2.8364465,2.8514147,2.8750558,2.5842621,2.7901995,3.0862026,2.7593312,2.4473882,3.699984,3.4039276,2.426931,2.4964316,2.3270707,2.7487273,2.8553905,2.2796426,2.9026453,2.7328336,2.2174475,2.5409818,3.034189,3.0806613
1,1.2235235,0.0,2.4022844,2.340454,2.1888504,2.331094,2.285089,2.4943616,1.8431854,3.0821507,3.3328986,3.073278,2.1962798,2.516843,2.1070619,2.5880775,2.2357957,2.9770074,2.2915359,2.1684973,2.7064393,2.3905425,2.3379858,2.5557954,2.4597762,2.4815538,2.162661,2.6097462,2.5230048,2.4446063,2.4641776,2.0372446,2.202504,2.1919372,2.8155746,2.4500885,2.5497596,2.3831182,2.3645167,2.3389668,2.5249655,2.4843638,2.3993387,2.2819188,3.8641946,3.8741581,3.2690408,3.060253,1.9896243,3.1701486,2.9412112,3.2077317,3.2925735,2.1542082,3.0553005,2.9379222,2.9938347,3.1481993,3.0155811,3.2656534,2.4690197,2.5796785,2.4139013,2.36462,2.8286872,2.8522136,2.402108,2.4351645,3.0830994,2.749133,2.5802543,2.5515924,2.8330104,3.2833524,2.4820454,2.4936874,2.781027,2.9248269,2.3983114,2.484257,2.9712918,2.668887,3.1129181,3.0562365,3.1788013,3.2179449,3.303144,4.001984,3.6798594,3.5791972,3.4551444,3.3809273,3.0555933,3.0290713,2.9714196,3.0073626,2.2638133,2.9750483,2.920257,2.6960537,3.230225,3.2380476,3.179409,2.9787283,2.6600838,2.9760695,2.738739,2.773269,3.3537884,2.823353,3.4200373,3.3146787,3.0382335,2.8077688,4.053899,3.593418,3.037439,2.8661363,2.9808247,2.5401008,3.3246117,2.6297965,2.7802,3.3587644,2.7720747,2.0769873,3.5647886,3.6535742
2,1.8423059,2.4022844,0.0,1.0572982,1.8569092,1.8674713,2.421987,2.25778,2.3265748,2.9277284,3.8882656,3.9575474,2.7084956,2.6719341,2.59546,2.9475317,2.2553635,3.5871882,2.9076777,2.9330106,2.6305938,2.561542,2.3742218,2.4136753,2.5087025,2.5019846,2.0349681,2.223633,2.534469,2.5813992,2.522364,2.261786,2.2032788,2.24048,2.7209396,2.151458,2.3689177,2.2763326,2.4806454,2.7652955,3.1246173,3.0594823,1.9934362,1.9058127,3.9852047,3.893221,3.5164356,3.5042052,2.652142,2.988732,2.8279393,2.9729111,2.679016,2.4605863,3.5210373,3.4801533,3.2525535,3.5610595,3.720698,3.254232,2.6411238,2.8096285,2.439161,2.6513975,3.0768807,3.0799346,2.0533636,2.8922262,2.947065,2.3595593,2.8659105,2.8818042,2.9403975,3.1629963,2.908807,2.924926,2.736244,2.8540652,2.7551646,2.4103732,3.4208512,2.9250216,3.444084,3.5020957,3.6234412,3.6525195,3.5620835,4.2269197,3.2743323,3.9222407,3.7574136,3.4819372,3.7073865,3.30726,3.0385032,2.5746737,3.274773,2.495154,2.3498936,2.3053489,2.307687,2.3257053,2.3281536,2.2447665,3.4168673,2.7905402,2.7104993,2.5698223,2.1516252,1.934477,2.1098058,2.2896554,2.6476214,2.2946913,3.1627526,2.8579752,2.4175642,2.1815503,2.070066,2.7113304,2.3449912,1.9645591,2.9988294,2.7331696,2.177105,2.9241688,2.8949604,2.7556784
3,1.6606114,2.340454,1.0572982,0.0,1.6521951,1.6436374,2.394107,2.0756614,2.1637428,2.8097703,3.8473597,3.9149437,2.5891473,2.5918202,2.5661707,2.8576775,2.231068,3.491339,2.8665576,2.9098532,2.5023031,2.5263526,2.219662,2.2685082,2.3691323,2.3485916,2.4181254,2.570984,2.4340527,2.5045133,2.5121799,2.2154174,2.1681242,2.1979616,2.7377472,2.5471852,2.3365777,2.1111946,2.407717,2.7366905,3.0435994,2.9519076,1.8420773,1.7549752,3.3065321,3.239566,2.8440773,2.7885602,2.66909,2.8605232,2.7400057,2.931212,2.4357212,2.3417907,3.4683952,3.4364371,3.1850934,3.508156,3.7853956,3.4448626,2.4285595,2.6357417,2.1861918,2.4785745,3.0309815,2.9543931,2.0715394,2.8817916,2.7954023,2.2464714,2.84977,2.8591607,2.903734,3.095275,2.905716,2.920736,2.5898867,2.7358017,2.6843603,2.3434093,3.360155,2.8755784,3.3780115,3.4771893,3.5614696,3.6003308,3.7868123,4.1638985,3.0980644,3.7934833,3.6629605,3.3850641,3.6445851,3.2558224,2.9536784,2.452533,3.22398,2.4309688,2.2210572,2.2691457,2.1074607,2.131867,2.1145737,2.1993487,2.9546442,2.758371,2.6615303,2.669227,2.0702274,2.0921354,1.9964931,2.528512,2.509599,2.0886059,2.914108,2.6712723,2.2622678,2.054097,1.7729264,2.657409,2.2969236,1.8154176,2.979389,2.5162861,1.98378,2.882293,2.811588,2.6411068
4,1.8681285,2.1888504,1.8569092,1.6521951,0.0,0.58539855,1.8580954,1.8320644,2.1197062,3.0589693,3.8064778,3.7788222,2.6133535,2.9126165,2.4640827,2.8143458,2.450459,3.5753336,3.1426659,3.064565,2.61113,2.4642987,2.406728,2.4829164,2.6432085,2.6535969,2.496042,2.615996,2.2669826,2.5677526,2.5598323,2.5590475,2.4299405,2.4274838,2.8705614,2.7547967,2.4138253,2.4188764,2.676458,2.5776603,3.1926794,3.343956,2.388598,2.2765455,3.721112,3.594321,3.1564329,3.2324972,2.8619254,3.2186956,2.9983761,3.1216526,2.8685534,2.5198915,3.627582,3.5635011,3.4829993,3.6806898,3.6904323,3.6569946,2.7890222,2.926738,2.6431875,2.7910783,2.8213298,2.8332195,2.0436,2.610136,2.9463599,2.3033383,2.658151,2.6908014,2.8403895,3.057703,2.6909916,2.708768,2.671002,2.796034,2.5562236,2.2161596,3.633921,3.2719734,3.871274,3.901861,3.4924839,3.750781,3.9865906,4.3172626,3.4491465,4.0550137,3.8981242,3.6537883,3.8791606,3.5745118,3.1594896,2.6131709,3.301369,2.5542543,2.446495,2.1701252,2.8286424,2.845351,2.833815,2.5912511,3.3660107,3.0532672,3.0239053,3.0541341,2.5384815,2.3809114,2.735456,2.7911596,2.748024,2.6787226,3.4358757,3.070794,2.678498,2.67396,2.5808752,2.6158748,2.855916,2.411266,3.4180899,3.0019877,2.0597692,3.1056006,2.9034357,3.0534508
5,1.8440161,2.331094,1.8674713,1.6436374,0.58539855,0.0,2.1147907,1.7558553,2.1749675,3.1787987,3.8154569,3.8113809,2.7864242,3.1004436,2.5494626,2.9162629,2.6937022,3.6589751,3.115927,3.155227,2.9074893,2.7734735,2.5533772,2.615803,2.8290112,2.8325632,2.6852503,2.7570117,2.3524332,2.7041676,2.7233572,2.751136,2.6441956,2.6438913,3.0986516,2.9202068,2.652799,2.6628735,2.8857946,2.7389436,3.3633568,3.3176675,2.5906246,2.4444046,3.7704194,3.646413,3.180207,3.2624743,3.0310962,3.251292,3.1934056,3.3152685,2.8937323,2.74277,3.76536,3.736176,3.4228997,3.66572,3.9588492,3.584055,2.6920335,2.8374302,2.528188,2.6861835,3.0250192,2.812081,2.2790172,2.785036,2.8537834,2.5824466,2.8299754,2.84161,3.0278273,3.2532353,2.852474,2.8705988,2.6640997,2.7915657,2.7544086,2.41903,3.6858623,3.346823,3.8976734,3.989606,3.4620528,3.7485988,4.0107894,4.357918,3.4584725,4.061655,3.9230497,3.6840155,3.8726873,3.594382,3.146118,2.7809079,3.4634705,2.8035107,2.615061,2.3785827,2.8061125,2.8164384,3.0203893,2.825542,3.4170604,3.0506032,3.0007029,3.0183372,2.5369558,2.6523619,2.6923108,3.0441427,2.9679441,2.9178443,3.463984,3.2610788,2.6568563,2.8958144,2.6355422,2.8020484,2.9867992,2.6415808,3.6065247,3.0685337,2.103175,3.2811315,2.9646413,3.074504
6,2.225843,2.285089,2.421987,2.394107,1.8580954,2.1147907,0.0,1.2817363,2.1123252,3.2896163,4.056015,3.8182418,2.9801826,3.151195,2.5611672,3.2284434,2.5513792,3.4974692,3.1824443,2.9694576,2.1843219,2.0771399,2.208804,2.3980956,2.5878177,2.601982,2.4102142,2.258598,2.8444061,2.4142158,2.3143456,2.4904346,2.218896,2.2300227,2.7834406,2.588686,2.2531407,2.4873445,2.7397861,2.8494134,2.825474,3.5602005,2.6154292,2.443177,3.946405,3.968198,3.3742006,3.4662526,2.7383869,3.3298674,2.9335496,2.8634562,3.0929577,2.3955889,3.5819607,3.4883072,3.687853,3.8869274,3.3865511,3.8453915,2.9619951,3.038338,2.7698908,2.8903704,3.3238487,3.3912847,2.1181192,3.0093973,3.611278,2.5557325,3.0811343,3.0689652,3.279877,3.463996,3.1103845,3.125346,3.2588272,3.3723834,3.1127014,2.6795783,3.1362834,2.8706353,3.3160365,3.2276437,3.3320794,3.0045116,3.5268376,3.5353115,3.2183998,3.7605724,3.5236964,3.321694,3.5666292,3.1577373,2.6919549,2.470268,3.2655067,2.4559965,2.4009151,2.0227904,2.8983815,2.8925986,2.92277,2.447764,3.554959,3.2524374,3.0415745,3.0905793,2.757127,2.3125885,2.9141514,2.562977,2.476168,2.3500242,3.4487166,2.9216855,2.632454,2.3577273,2.6520476,2.7231,2.8687003,2.330754,3.164593,3.0136998,2.1754274,3.1144154,3.0587687,3.444166
7,2.0683565,2.4943616,2.25778,2.0756614,1.8320644,1.7558553,1.2817363,0.0,1.9769365,3.2760613,3.9748304,3.718113,3.0968847,3.3494823,2.588892,3.1871634,2.8456125,3.495902,2.9671109,3.0094275,2.61534,2.5662365,2.2134042,2.3049152,2.746041,2.7317357,2.6624339,2.3881602,2.853032,2.4881177,2.4908872,2.7155592,2.4865775,2.490393,2.9733987,2.829134,2.5884612,2.7666554,3.0162072,3.0881639,2.9954772,3.329582,2.697563,2.4929502,3.673421,3.7377276,3.0966465,3.1977549,3.0075994,3.2175996,3.1488576,3.0696063,2.8319619,2.6788492,3.662644,3.6602645,3.3750272,3.6985614,3.8976927,3.5231538,2.5094361,2.611662,2.2889602,2.445385,3.5431247,3.1856074,2.4496555,3.264548,3.2388217,2.8299613,3.2943888,3.2947369,3.4774876,3.6379623,3.3379216,3.355881,3.0575929,3.174263,3.3303561,2.9193132,3.085847,2.8633583,3.1674545,3.2726746,3.1750097,2.8331645,3.485111,3.4357352,2.970384,3.5742147,3.3732207,3.1764026,3.4306314,3.0233018,2.4562924,2.566838,3.4548788,2.6942122,2.4412491,2.193938,2.4637303,2.4599767,2.9634206,2.6723258,3.4002647,2.9489646,2.7339044,2.8030157,2.4298372,2.685465,2.5239918,2.9276257,2.6808188,2.6009436,3.091053,2.989897,2.382547,2.5822425,2.369854,2.9533205,2.8301847,2.4777794,3.3838882,2.746673,1.8386624,3.3199346,2.8767364,3.2306123
8,1.6668464,1.8431854,2.3265748,2.1637428,2.1197062,2.1749675,2.1123252,1.9769365,0.0,1.9292376,2.5803776,2.2458525,1.9023818,2.2765505,1.6605421,2.1699088,1.8873918,2.0385156,1.7545615,1.7629969,2.0084598,1.920657,1.2575879,1.4071484,1.5759311,1.5619205,1.6664186,1.8899101,1.7904928,1.690398,1.6248002,1.3927145,1.5038987,1.4542742,2.3293583,1.7838252,1.7971128,1.7911798,2.1420386,1.8743213,1.8647982,2.0401547,1.6967621,1.4989427,3.0489833,3.0957086,2.4367023,2.374918,1.6180109,2.1197984,2.0488384,2.0207288,2.1613429,1.4441777,2.5098166,2.4450765,2.0838084,2.3335297,2.4704928,2.275048,1.3904763,1.6166915,1.0895656,1.3236158,2.581855,2.3261154,1.8725353,2.202619,2.4388523,2.2010288,2.2350404,2.1659634,2.5112839,2.7625415,2.22748,2.2573643,2.1278424,2.240535,2.2320564,1.9429002,2.1635509,2.0092037,2.3157446,2.3744707,2.3823814,2.3449378,2.6566463,3.0857728,2.5816362,2.7465367,2.5175583,2.3902268,2.4691586,2.2147522,1.9842092,1.8602033,2.1098862,2.0547562,1.8766158,1.6647269,2.1959674,2.1934931,2.3304653,2.2305887,2.3983812,2.5722742,2.1702406,2.2499197,2.565518,2.5401344,2.6577945,2.8081536,2.363598,2.0343175,2.929914,2.6166441,2.2058277,2.0482433,2.004386,2.09528,2.650214,1.941184,2.492309,2.5209768,1.577726,1.9180721,2.6056228,2.8890831
9,2.98503,3.0821507,2.9277284,2.8097703,3.0589693,3.1787987,3.2896163,3.2760613,1.9292376,0.0,2.1908362,2.2294614,2.508448,2.4435723,2.4208019,2.7380843,1.9562454,1.5300809,2.166034,2.0925171,2.1860049,2.2336862,1.6204503,1.6110169,1.3533763,1.3524518,1.8999861,2.1099944,1.5364457,1.5135739,1.4787687,1.6169199,1.6132888,1.5606512,1.9397871,1.8459762,1.7041975,1.5735209,2.0422273,1.6232682,2.587208,2.005607,1.5475507,1.5756675,2.8100932,2.7125404,2.0507975,2.2631097,1.6403912,2.4092515,2.0614395,2.0315275,2.3689291,1.7855543,2.5549376,2.4055398,1.555379,1.7650276,1.9414939,1.9194212,1.7936902,2.0617166,1.8245373,1.8357335,2.3761585,2.3694696,1.6937003,2.1601546,2.256024,1.7834798,2.1001806,2.1655016,2.2488418,2.4387312,2.1048477,2.1384141,1.9842606,2.0098748,2.048613,1.6504855,2.6371186,2.5468278,2.7265403,2.772593,2.879975,2.8967102,3.0664625,3.395903,2.957791,3.0977695,2.8372152,2.6449864,2.8384392,2.6142573,2.552533,1.8807408,2.0973666,1.7897161,1.7109678,1.8601711,2.172527,2.1555235,1.8209693,1.9408345,2.2442393,2.3570378,2.3533757,2.395672,2.4202182,2.4112127,2.614326,2.6810808,2.510495,2.1175551,2.9096875,2.5365503,2.5308828,2.0723062,2.1470382,2.1550417,2.5264738,1.8276086,2.5079927,2.7273622,2.071623,1.9181069,2.7382634,2.7909775
10,3.6058567,3.3328986,3.8882656,3.8473597,3.8064778,3.8154569,4.056015,3.9748304,2.5803776,2.1908362,0.0,1.3371369,2.7093801,2.7234697,2.6018455,2.8366733,3.0253203,1.515896,2.0963485,2.084999,2.9434056,3.2405636,2.5089867,2.5312712,2.561647,2.5606256,2.6306636,2.8051932,1.9921817,2.3308187,2.4350479,2.4561179,2.5578713,2.5095923,2.812044,2.6003215,2.9451876,2.8217695,3.1488674,1.8767277,2.9455988,1.7464035,2.7633028,2.7671363,3.3110638,3.3809886,2.8989193,2.9400012,2.082648,3.045731,2.8373823,2.7781563,3.1681483,2.5849457,2.4345787,2.3689055,1.8079555,1.7488737,2.2987785,2.0259664,2.1402495,2.2371092,2.4028466,2.126814,2.431964,2.3632634,2.9713373,2.290281,2.3007526,3.3385615,2.2907264,2.3188272,2.4689777,2.689609,2.243378,2.271632,2.2257733,2.2200768,2.3217251,2.4961023,2.7230048,2.6503565,2.9593098,3.0236068,2.536007,2.8660862,3.35772,3.6350658,3.287904,2.5265455,2.9592354,2.9786165,2.6690989,3.0436456,2.936037,3.0003865,2.103231,3.2549016,3.1677227,3.2377346,3.5424118,3.5441206,3.5134716,3.597143,3.0906622,3.0354416,2.8399422,2.9135106,3.884823,3.7907298,4.021387,4.153199,3.892249,3.602777,3.9430068,3.6750736,3.5923693,3.5670815,3.5631282,2.4882424,3.8926513,3.3970592,3.086403,3.9611132,3.3595524,2.0711772,3.7234468,3.6457198
11,3.389001,3.073278,3.9575474,3.9149437,3.7788222,3.8113809,3.8182418,3.718113,2.2458525,2.2294614,1.3371369,0.0,2.4746902,2.7893536,2.2499382,2.538635,3.0094252,1.4656287,1.9872907,2.0488436,2.9658494,3.174913,2.448895,2.4850492,2.5273688,2.535599,2.5692203,2.783152,2.3852286,2.3355918,2.4336016,2.531383,2.5976567,2.5531545,2.8444452,2.6793938,2.921325,2.9184124,3.2244842,2.2513936,2.7761526,1.8603547,2.877763,2.8226523,3.386727,3.3879306,2.9104328,2.9306152,2.1081774,3.008509,2.8399527,2.7736628,3.2043834,2.6235628,2.3589184,2.2909312,1.8166478,1.634225,2.2469683,1.8858067,2.045601,2.136224,2.288547,1.9658214,2.6810436,2.5300019,3.050517,2.5533879,2.640848,3.3115823,2.602431,2.6283891,2.8322911,3.0353045,2.5223036,2.555589,2.558729,2.5547936,2.6621766,2.7843256,2.6698194,2.6857677,2.7820709,2.8554385,2.7303708,2.7543085,3.2676444,3.5618951,3.2859063,2.4953558,2.8786595,2.9370162,2.5763125,2.9849365,2.8769534,2.9490743,2.1105945,3.2445202,3.1541197,3.0397625,3.3753476,3.3693268,3.5232463,3.4561937,2.881658,3.1763194,3.0068722,3.0901282,4.0302076,3.9523776,4.171436,4.301757,3.675729,3.5175889,3.8525484,3.5589466,3.6418488,3.4855385,3.4261305,2.5082245,3.7714088,3.3150241,2.9632816,3.671373,3.125535,2.1657774,3.6035979,3.8538678
12,2.231486,2.1962798,2.7084956,2.5891473,2.6133535,2.7864242,2.9801826,3.0968847,1.9023818,2.508448,2.7093801,2.4746902,0.0,1.0212053,1.1047446,1.2773166,2.3182328,2.7890613,2.4169853,2.3527575,1.9941127,2.3346395,2.127386,2.2553117,2.106565,2.1333065,2.1562011,2.8122487,2.371665,2.6600964,2.6473885,1.8915968,1.8947929,1.8815162,2.288463,2.2459989,2.2107396,2.0851305,2.4064515,2.2245162,2.2020392,2.538543,2.0326855,1.9880642,3.4105842,3.340953,2.9589808,2.770686,2.0449991,2.199671,2.5179965,2.5376515,2.9092937,2.219765,2.846509,2.7449265,2.7428997,2.91032,2.597324,2.9949784,2.322106,2.4860175,2.3388848,2.3093925,2.6278832,2.9241672,2.4987535,2.3615582,2.9075012,2.6154344,2.4449494,2.4745798,2.592888,2.8677154,2.3590274,2.3937528,2.6764119,2.7399774,2.5275092,2.2992315,2.6395545,2.1187608,2.7690766,2.7383306,2.9273484,3.2299356,3.5092561,4.189502,2.585691,2.701131,3.2264433,3.1056604,2.9184988,3.0402915,2.7273016,2.2854578,2.5966551,2.472475,2.4550288,2.2740831,2.7350843,2.7625735,2.5146425,2.5838237,3.211351,3.3920245,3.226117,3.2595935,3.5503623,3.1018853,3.5383723,3.4778643,2.8028986,2.32775,3.4392571,2.728653,2.7718275,2.3281422,2.3276558,1.8733206,2.92063,2.355619,2.4242196,2.7985866,2.3893716,2.3118324,2.9455948,3.1925516
13,2.588778,2.516843,2.6719341,2.5918202,2.9126165,3.1004436,3.151195,3.3494823,2.2765505,2.4435723,2.7234697,2.7893536,1.0212053,0.0,1.414345,1.5091372,2.3382056,2.7583065,2.3414662,2.2074354,1.8390632,2.188164,1.998893,2.133726,1.9176332,1.9445778,2.0894716,2.8067217,2.354273,2.635058,2.574248,1.754534,1.6858346,1.6660986,1.9801184,2.0413084,1.9423546,1.9177709,2.281214,2.0562742,2.4571543,2.5082822,1.8882226,1.9099518,3.3983457,3.3886545,2.9107766,2.8120954,1.9502217,1.9771316,2.48007,2.439384,2.9812288,2.254672,2.8846025,2.7733386,2.7469034,2.8747044,2.4107451,3.067307,2.348675,2.48624,2.4894085,2.3795366,2.5338385,2.8735776,2.3849943,2.2258298,2.8073335,2.451972,2.2777774,2.3275309,2.3668842,2.6526191,2.185539,2.2123013,2.5686429,2.6240976,2.4731905,2.1608086,2.4689932,2.0137763,2.5759091,2.497844,2.8220274,3.1175027,3.3903449,4.114465,2.4328668,2.552465,3.1034067,2.949324,2.8360636,2.8982606,2.587757,2.1152844,2.505185,2.278923,2.2943115,2.3087687,2.6339638,2.6669035,2.2955747,2.367872,3.2143996,3.1732433,3.0299315,3.0503821,3.3636773,2.8648076,3.3227718,3.1568391,2.594602,2.1169043,3.2687755,2.5069675,2.644093,2.0850763,2.2931755,1.6522671,2.7946756,2.237997,2.2384772,2.966838,2.529994,2.2767878,3.0510952,3.139251
14,2.100645,2.1070619,2.59546,2.5661707,2.4640827,2.5494626,2.5611672,2.588892,1.6605421,2.4208019,2.6018455,2.2499382,1.1047446,1.414345,0.0,1.3808345,2.2375364,2.4873757,1.9882065,2.0303965,2.0090237,2.2338848,1.7985353,1.9838489,1.8147923,1.8543888,1.8303986,2.4070034,2.1369739,2.3032372,2.28662,1.8494936,1.7168409,1.7353708,2.107747,2.0620005,1.8182174,2.0415857,2.400109,2.058963,2.3326,2.3279417,2.1123717,1.9574616,3.3814754,3.286618,2.8126981,2.726376,1.8728853,2.0556564,2.4498107,2.4130776,2.8268445,2.290114,2.7768862,2.6956854,2.4299212,2.5612407,2.4737415,2.5731885,1.8998328,2.1117444,1.9873699,1.8149124,2.6575246,2.7090995,2.2935417,2.349171,2.7884722,2.4618104,2.4794955,2.4997292,2.6853883,2.9546275,2.3386059,2.3736548,2.6148365,2.6795654,2.6644804,2.272171,2.2974448,1.9078399,2.4032536,2.4064708,2.4134696,2.608872,3.099238,3.716707,2.245347,2.3669236,2.8348842,2.7032819,2.4967527,2.6295252,2.094702,2.014168,2.4244285,2.265688,2.1557972,1.8717843,2.3168883,2.3221414,2.658406,2.308635,3.0457375,3.077061,2.9448824,2.956318,3.2618346,2.9363134,3.2471118,3.317411,2.3893545,2.3391552,3.1934733,2.5448723,2.5352767,2.2716022,2.2205648,1.6821388,2.6208072,2.284175,2.3132057,2.6429565,1.9688102,2.3166962,2.608634,2.9718735
15,2.5742805,2.5880775,2.9475317,2.8576775,2.8143458,2.9162629,3.2284434,3.1871634,2.1699088,2.7380843,2.8366733,2.538635,1.2773166,1.5091372,1.3808345,0.0,2.7272766,2.8860393,2.446941,2.5143719,2.3736424,2.5686002,2.16848,2.2249591,2.3098238,2.3359065,2.4018283,3.0075183,2.4831538,2.8213406,2.8462574,2.3419561,2.3265984,2.315574,2.5225863,2.5731285,2.367864,2.4953604,2.8052783,2.5024981,2.7558339,2.687198,2.4158561,2.3472836,3.543594,3.4694715,3.110487,2.994622,2.4681172,2.1051373,2.8682785,2.7786198,3.056821,2.6646492,3.0183969,2.9925783,2.7618363,2.8586214,2.9286282,2.9391048,2.287971,2.1182895,2.4591324,2.323363,2.4668791,2.4736733,2.8665712,2.3010728,2.5447254,2.9371135,2.3602026,2.4013216,2.478706,2.7363918,2.2881591,2.3073285,2.484362,2.459311,2.6284513,2.7186384,2.8428552,2.556953,2.9201615,2.9531603,2.9335182,3.2552292,3.5987608,4.2836776,2.6998415,2.7813451,3.2789469,3.1645603,3.3115985,3.1679518,2.7787395,2.5650933,2.8594394,2.6844323,2.6288726,2.4592535,2.6956851,2.7293537,2.9350991,2.74802,3.3075404,3.316191,3.1740997,3.242624,3.6052551,3.386597,3.5502768,3.668703,2.832755,2.7739098,3.071657,2.8673327,2.9961329,2.7506518,2.6068864,2.1569762,3.0415883,2.730179,2.7564173,2.9757934,2.4622297,2.7118268,2.9378145,3.270025
16,2.1371045,2.2357957,2.2553635,2.231068,2.450459,2.6937022,2.5513792,2.8456125,1.8873918,1.9562454,3.0253203,3.0094252,2.3182328,2.3382056,2.2375364,2.7272766,0.0,2.3757927,2.5779598,2.3908482,2.0476484,1.8870214,1.7743386,1.9658927,1.4612856,1.5004816,1.5744216,1.9285364,1.7478869,1.625856,1.6888278,1.1735805,1.6755811,1.6334271,2.360858,1.9091376,1.4716836,0.87206537,1.453921,2.0825448,2.090959,2.3893461,1.0569185,0.9702363,3.1038473,3.1555068,2.911483,2.4963937,1.4101837,3.008438,1.7875413,2.3103502,2.26621,1.2565413,2.7357361,2.555684,2.5324514,2.9526994,2.3718758,2.7348838,2.4330842,2.6298647,2.0963573,2.3709626,2.5014465,3.0482621,1.8351556,2.5884063,3.1323113,2.004593,2.6296086,2.626616,2.8111703,3.0317318,2.6121542,2.6319778,2.8255355,2.8989067,2.2255027,2.167981,2.9326506,2.2001667,3.0713158,2.9805896,3.16062,3.139038,3.3328886,3.78844,3.0637977,3.4907312,3.3051932,3.0977845,3.2936525,2.9980018,2.6965876,2.3372257,2.0310442,1.7172565,1.7487442,1.6996895,2.3798335,2.3793132,2.2337823,1.8988396,2.5201902,2.997902,2.8922513,2.9124007,2.6547947,1.5957096,2.7982209,2.4761686,2.0540586,1.9183651,3.1293473,2.4807394,2.711465,1.8832654,2.3276742,2.2173655,2.5406005,1.2898926,2.662895,2.8833165,2.0912533,1.6063018,2.8861756,2.6449928
17,3.25155,2.9770074,3.5871882,3.491339,3.5753336,3.6589751,3.4974692,3.495902,2.0385156,1.5300809,1.515896,1.4656287,2.7890613,2.7583065,2.4873757,2.8860393,2.3757927,0.0,1.571374,1.433597,2.6125984,2.6416063,1.7788677,1.8193984,1.7179513,1.7013385,2.0675137,2.196581,1.7700598,1.5634953,1.6025443,1.8705099,2.0187478,1.9716903,2.3926146,2.1844654,2.2307653,2.2470152,2.6474977,1.6869437,2.6136997,1.443182,2.2371771,2.2267113,2.9031045,2.9978774,2.4163358,2.4617183,1.5055106,2.7406723,2.2499776,2.2145474,2.7581408,2.0348995,2.0579617,1.9339863,1.4290391,1.2127544,1.6772645,1.644628,1.67441,1.8986484,1.9003502,1.6517973,2.4190164,2.268746,2.4725144,2.3072762,2.436958,2.626334,2.2970862,2.3133674,2.4721859,2.6560073,2.2510583,2.2754567,2.2263415,2.264905,2.2514207,2.2594688,2.2989233,2.4286356,2.4285896,2.449669,2.3892708,2.295033,2.7486985,2.8957856,3.134379,2.5592225,2.3874521,2.3915856,2.2866085,2.3859525,2.4084527,2.4634507,1.3199288,2.5738246,2.4947088,2.5858371,2.892588,2.8876095,3.014672,2.830101,2.1549413,2.4780462,2.269277,2.3971496,3.260553,3.165225,3.4255683,3.473788,2.9968576,2.9637585,3.4095912,3.1122513,3.2510462,2.938646,3.064736,2.3253462,3.250011,2.715434,2.5572195,3.4359257,2.7645402,1.5072963,3.2829099,3.305941
18,2.5519474,2.2915359,2.9076777,2.8665576,3.1426659,3.115927,3.1824443,2.9671109,1.7545615,2.166034,2.0963485,1.9872907,2.4169853,2.3414662,1.9882065,2.446941,2.5779598,1.571374,0.0,0.7120084,2.7659588,2.6642954,1.6849492,1.7474266,1.8308251,1.8066735,1.8648901,2.2825649,2.06378,2.0564182,2.0238342,1.8048882,1.8647041,1.8213967,2.234623,1.9327844,2.264682,2.4247653,2.7460597,1.7597047,2.6108434,1.0701064,2.2442238,2.1798816,3.1809704,3.299576,2.6128228,2.6529486,1.6395938,2.1857564,2.475363,2.4190495,2.7769523,2.2994618,2.190572,2.185112,1.654254,1.4395419,2.3495543,1.726484,0.9802609,1.3818151,1.5639426,0.9757755,2.6218648,2.0498326,2.4714684,2.2281647,2.1173446,2.6670816,2.2604723,2.2808554,2.468038,2.7279534,2.138187,2.1600287,1.9874101,2.1081586,2.4114795,2.2378035,1.7969412,2.18626,1.8484426,1.9934485,1.9302926,2.0060043,2.1313918,2.8242068,2.792392,2.1513276,1.9241818,1.9340576,1.590492,1.794996,1.9455132,2.2757552,1.5001446,2.7406516,2.5453207,2.594567,2.615839,2.6190038,2.9838455,2.8503625,2.1463253,1.9397796,1.63405,1.6510233,3.0002296,3.159198,3.035127,3.3300157,2.9057806,2.856445,3.2628317,3.0843537,2.867626,2.814368,2.7298322,2.273411,3.110305,2.719236,2.3565772,3.25803,2.5202317,1.732036,3.2400482,3.3284209
19,2.6407416,2.1684973,2.9330106,2.9098532,3.064565,3.155227,2.9694576,3.0094275,1.7629969,2.0925171,2.084999,2.0488436,2.3527575,2.2074354,2.0303965,2.5143719,2.3908482,1.433597,0.7120084,0.0,2.4588478,2.334023,1.5162174,1.6028304,1.6580676,1.6343554,1.6394535,2.077031,1.9475021,1.8504499,1.7473332,1.5767763,1.5981357,1.540221,2.0019088,1.7098558,2.0525231,2.2279415,2.5715861,1.4443319,2.4933689,1.3250139,2.0963106,2.090557,3.213052,3.3456557,2.6393173,2.7298365,1.3767142,2.2925308,2.2887805,2.2006254,2.8303225,2.0169299,2.0314915,1.9515499,1.9279765,1.6131699,1.8977734,2.0436165,1.4037472,1.7326045,1.8663633,1.413426,2.3816187,2.089562,2.229553,1.9821318,2.2900815,2.3958478,2.007048,2.0451562,2.2027643,2.472897,1.9065101,1.9276557,2.0005984,2.1344693,2.1366448,1.941465,1.8069197,2.1627648,1.9686581,1.96167,2.0285568,2.0605323,2.189231,2.779654,2.9036338,2.254253,2.0106277,2.0152967,1.679158,1.8824728,2.0571434,2.1443827,1.0984081,2.541269,2.4468653,2.4975436,2.802271,2.8165476,2.8799307,2.7077532,2.1961052,1.96526,1.6506332,1.70792,3.0147603,2.932482,3.1285653,3.0839694,2.7663224,2.6907637,3.3836763,2.9792488,2.9317524,2.6690469,2.8175979,2.0158942,3.0796964,2.592001,2.1556146,3.3362556,2.5999312,1.425946,3.2830539,3.372288
20,2.6752937,2.7064393,2.6305938,2.5023031,2.61113,2.9074893,2.1843219,2.61534,2.0084598,2.1860049,2.9434056,2.9658494,1.9941127,1.8390632,2.0090237,2.3736424,2.0476484,2.6125984,2.7659588,2.4588478,0.0,1.4799769,1.4959247,1.6432555,1.6295198,1.6353576,1.9062716,1.9820725,2.1378024,1.8906156,1.8054453,1.6336464,1.2087808,1.2983578,1.7337036,1.9031068,1.5594594,1.545207,1.9815705,2.0871572,2.1579418,2.9031236,1.6831753,1.669816,3.2057896,3.168771,2.6130393,2.692786,1.9541167,2.3938036,2.2549365,1.9358757,2.723257,1.744233,2.8881686,2.7357407,2.8513918,3.0964634,2.2843533,3.1987097,2.4862561,2.5459824,2.397659,2.4956377,2.5919735,2.9695866,1.7862548,2.3295934,2.9852843,2.0678189,2.3168995,2.359958,2.297214,2.5030112,2.3844883,2.4081125,2.6231823,2.6701503,2.4195817,2.0154,2.4829462,1.9610305,2.6073413,2.466077,2.9191353,2.7214737,3.3744164,3.4376125,2.4606988,2.901434,3.1123364,2.9176269,3.1235373,2.7700596,2.3582535,1.8010639,2.695615,1.6121072,1.7042942,1.690324,2.3540928,2.3762016,1.8640655,1.7306322,3.2781959,3.0618534,2.851294,2.9547312,2.7924874,2.125843,2.7873836,2.4178529,2.228281,1.495943,3.0028415,2.256776,2.297498,1.530705,1.9437155,1.8987969,2.2039473,1.6654145,2.0418863,2.3547392,2.0921924,2.3375664,2.4147863,2.6334407
21,2.4176958,2.3905425,2.561542,2.5263526,2.4642987,2.7734735,2.0771399,2.5662365,1.920657,2.2336862,3.2405636,3.174913,2.3346395,2.188164,2.2338848,2.5686002,1.8870214,2.6416063,2.6642954,2.334023,1.4799769,0.0,1.3314161,1.5283843,1.6606158,1.6693605,1.8269405,2.0801098,2.17182,1.8852121,1.6957461,1.5754764,1.5091825,1.3837069,1.9022704,1.7775931,1.2871602,1.5025781,1.3368669,2.0963395,2.3363914,2.9903774,1.7173364,1.7092314,3.7429614,3.882233,2.786485,2.8895605,1.9644947,2.5388274,2.7414827,2.6217556,3.1314201,1.6226823,3.4640617,3.293162,2.7013214,3.154101,2.3096666,3.1781418,2.53706,2.5964627,2.4473433,2.4857578,2.8671603,2.9289427,1.7135813,2.3503063,3.0652916,1.6773823,2.364927,2.4031682,2.5746882,3.041988,2.3848035,2.4012887,2.6818523,2.735253,2.465696,1.9978056,2.5291107,2.2103305,2.743257,2.5934243,2.8755412,2.7463293,3.1044865,3.7234962,3.0224588,3.451102,3.3059597,3.1531568,3.1231177,2.7273276,2.2683864,2.1568675,2.4270177,1.1725069,1.3871855,1.4711971,2.4153657,2.4543147,1.9451743,1.7004739,3.044673,2.7197857,2.4863703,2.6126897,2.329435,1.7303146,2.597338,1.8577918,1.7154833,1.4648898,3.3386528,2.7076764,1.8768435,1.5766683,2.2302182,1.8940977,2.626436,1.6324983,2.670218,2.8359394,1.92821,2.34334,2.8915157,3.0856533
22,2.2927148,2.3379858,2.3742218,2.219662,2.406728,2.5533772,2.208804,2.2134042,1.2575879,1.6204503,2.5089867,2.448895,2.127386,1.998893,1.7985353,2.16848,1.7743386,1.7788677,1.6849492,1.5162174,1.4959247,1.3314161,0.0,0.38793385,0.97672176,0.9323833,1.4333197,1.6015373,1.5696341,1.3012,1.1911225,1.1485971,1.0510806,0.95680225,1.5955409,1.4895972,1.1102512,1.3889306,1.8270972,1.645383,2.0837665,2.0335276,1.3001864,1.2381055,2.8468626,3.0081856,2.1423204,2.2312174,1.5239483,1.9118041,2.0262115,1.8172092,2.2513735,1.4409778,2.5413334,2.4592268,1.9295489,2.2268097,2.1374526,2.2639108,1.3872461,1.5417526,1.4387534,1.4086704,2.3908057,2.1765606,1.6525748,2.0662053,2.2518206,1.7390301,2.0332823,2.0751657,2.1917884,2.447638,2.0592132,2.0812175,1.9604924,2.0337353,2.1558752,1.7671814,1.8464309,1.750172,1.9936545,2.0074472,2.1169248,1.9553576,2.5117493,2.842577,2.2564955,2.4996707,2.3034487,2.1370463,2.3840327,1.9514278,1.5197835,1.4867529,1.8793032,1.3159577,1.1716253,1.3364866,1.7697772,1.8012235,1.9226888,1.6662667,2.3708992,2.0281603,1.723893,1.8839394,2.0630102,2.0200157,2.2034006,2.1976943,1.7208096,1.6211581,2.489162,2.1575549,1.9276072,1.617805,1.8056706,1.7282239,2.2590091,1.5427741,2.208372,2.4524014,1.4328225,1.8346674,2.40539,2.5693715
23,2.4942844,2.5557954,2.4136753,2.2685082,2.4829164,2.615803,2.3980956,2.3049152,1.4071484,1.6110169,2.5312712,2.4850492,2.2553117,2.133726,1.9838489,2.2249591,1.9658927,1.8193984,1.7474266,1.6028304,1.6432555,1.5283843,0.38793385,0.0,1.1686432,1.1031387,1.5347893,1.6159549,1.6321886,1.3946989,1.2893606,1.3863621,1.2600132,1.1752578,1.6410762,1.5846624,1.3443376,1.6131196,2.0517263,1.7821531,2.27801,2.0890486,1.3876467,1.3850385,2.849489,3.014404,2.1832817,2.344466,1.7652422,1.9488324,2.1104705,1.8348099,2.2240481,1.6174839,2.5528276,2.4983342,1.952116,2.1991763,2.301388,2.2120557,1.4072381,1.561366,1.5216122,1.4804828,2.3999,2.1046062,1.786819,2.1505892,2.1477904,1.7732301,2.0675795,2.1394637,2.1733873,2.3740783,2.134451,2.15659,1.8862165,1.950611,2.1981812,1.8327134,1.9933952,1.9556227,2.1130137,2.1717806,2.2352302,2.0886812,2.5904276,2.8757997,2.3110003,2.542762,2.3462982,2.181288,2.4956837,2.0591571,1.6726887,1.5336775,2.0041041,1.4107575,1.2623453,1.4911609,1.7570076,1.8056793,1.9394847,1.7495658,2.457019,1.9188073,1.640123,1.8159941,2.0037673,2.1418445,2.174604,2.240195,1.8313113,1.7785206,2.3847005,2.1500332,2.044157,1.7596124,1.8399154,1.8286,2.2568154,1.6636705,2.2979786,2.454577,1.4756268,1.9857258,2.3877816,2.553704
24,2.3886151,2.4597762,2.5087025,2.3691323,2.6432085,2.8290112,2.5878177,2.746041,1.5759311,1.3533763,2.561647,2.5273688,2.106565,1.9176332,1.8147923,2.3098238,1.4612856,1.7179513,1.8308251,1.6580676,1.6295198,1.6606158,0.97672176,1.1686432,0.0,0.12605749,1.3212813,1.7786655,1.4736869,1.4794916,1.3761642,0.9687073,0.90336466,0.9822852,1.5170834,1.5345916,0.8585801,1.0406079,1.649922,1.5286243,2.1261048,2.014006,1.2139738,1.1462775,2.8290622,2.7652812,2.2271707,2.1730947,1.2670604,1.8763471,1.7979044,1.7071408,2.3811965,1.6244705,2.4315395,2.2804937,1.9270699,2.1085353,1.7725031,2.2039442,1.6351651,1.9223185,1.6618488,1.652733,2.435358,2.496277,1.6208614,2.148343,2.5679767,1.6135672,2.172357,2.205639,2.2445896,2.4791465,2.1045477,2.1299,2.261153,2.33267,2.206222,1.7344052,2.0364041,1.8945688,2.1270878,2.0664182,2.3006926,2.3084831,2.5755951,2.9748368,2.450765,2.7169116,2.3854516,2.1876159,2.4338162,1.9769673,1.8273637,1.5040277,1.8284366,1.2861854,1.2175921,1.3206815,1.7644032,1.7622504,1.9025946,1.4151314,2.2590075,2.3638823,2.2295816,2.2894723,2.34514,1.9518311,2.3039925,2.2600806,1.7021146,1.6123663,2.745689,2.2293625,2.2488108,1.5983132,1.7956786,1.9755739,1.9585778,1.452521,1.8006147,2.2813847,1.6553562,1.6603423,2.1752346,2.2596025
25,2.3995042,2.4815538,2.5019846,2.3485916,2.6535969,2.8325632,2.601982,2.7317357,1.5619205,1.3524518,2.5606256,2.535599,2.1333065,1.9445778,1.8543888,2.3359065,1.5004816,1.7013385,1.8066735,1.6343554,1.6353576,1.6693605,0.9323833,1.1031387,0.12605749,0.0,1.3360953,1.7562702,1.4781729,1.4707031,1.3600267,0.9868045,0.9192032,0.9999328,1.5377325,1.5458629,0.92004645,1.0926057,1.6803168,1.5609972,2.1430357,2.0037076,1.2107196,1.1562786,2.811386,2.7589684,2.2031162,2.1619756,1.3131754,1.8535076,1.8132819,1.6974211,2.3658109,1.6263713,2.4333885,2.2903109,1.9103318,2.0909247,1.8245788,2.1871607,1.5997969,1.9070129,1.6241168,1.6266348,2.4644766,2.486447,1.6526661,2.1845605,2.5529509,1.6087757,2.1937935,2.2264256,2.2498636,2.4798748,2.1391616,2.1645038,2.2468271,2.323033,2.2242732,1.7427715,2.0222747,1.8897644,2.102431,2.0544524,2.2927628,2.2864323,2.5660307,2.946592,2.4427483,2.70183,2.3682306,2.1755927,2.410676,1.952174,1.8054674,1.5066822,1.8314941,1.2890592,1.2097598,1.357602,1.7313564,1.7359648,1.8915035,1.4259701,2.2546573,2.3297205,2.175612,2.2468402,2.3119633,1.971916,2.267887,2.256582,1.6982776,1.6141968,2.7334194,2.2298203,2.2340312,1.6031454,1.7734336,1.9864367,1.9340552,1.4656671,1.7865689,2.2534833,1.6469088,1.6726334,2.1512265,2.2215166
26,2.276684,2.162661,2.0349681,2.4181254,2.496042,2.6852503,2.4102142,2.6624339,1.6664186,1.8999861,2.6306636,2.5692203,2.1562011,2.0894716,1.8303986,2.4018283,1.5744216,2.0675137,1.8648901,1.6394535,1.9062716,1.8269405,1.4333197,1.5347893,1.3212813,1.3360953,0.0,1.0616202,1.6721976,1.5967177,1.4270332,1.2256618,1.1749066,1.2380853,1.7189091,0.83938557,1.4177707,1.607876,1.9541408,1.6257894,2.2621875,2.122855,1.5344074,1.4829321,3.6724792,3.599377,3.1627202,3.1598427,1.318924,2.3651824,2.0039937,1.9421644,2.6037188,1.7239112,2.4057884,2.2649255,2.2237632,2.3154578,1.9548521,2.0251567,1.9728086,2.1916502,2.0002706,1.9305593,2.3618174,2.5389032,1.6268743,2.100586,2.665874,1.8954784,2.123212,2.1688828,2.233335,2.5080104,2.0770779,2.1041934,2.3430858,2.416988,2.1268141,1.7924759,2.3376489,2.0809221,2.4569182,2.3663163,2.5659595,2.553313,2.424184,3.1947348,2.8567665,2.9611561,2.7057402,2.5396593,2.6093059,2.310382,2.2074666,1.9226885,1.8832004,1.7947909,1.8073928,1.6816093,2.2800825,2.289351,2.3443456,1.8450453,2.8797402,2.3716047,2.2258475,2.1098804,2.5364597,1.9155821,2.5928311,2.2066176,2.206936,2.1133597,3.1786215,2.609123,2.573794,2.0147827,2.2693877,1.9889646,2.2259421,1.8126484,1.9574978,2.661992,2.0299823,1.6665738,2.4967096,2.5845516
27,2.6225722,2.6097462,2.223633,2.570984,2.615996,2.7570117,2.258598,2.3881602,1.8899101,2.1099944,2.8051932,2.783152,2.8122487,2.8067217,2.4070034,3.0075183,1.9285364,2.196581,2.2825649,2.077031,1.9820725,2.0801098,1.6015373,1.6159549,1.7786655,1.7562702,1.0616202,0.0,1.8387797,1.3198575,1.1956521,1.7728089,1.5936574,1.679986,2.1049502,1.4219779,1.8626709,2.0056214,2.31825,2.069559,2.5818315,2.4472866,1.8920695,1.8327067,3.6998396,3.641064,3.1938202,3.3030577,1.8407813,2.9022822,2.2647188,2.0998769,2.6030345,1.8883207,2.615975,2.5111337,2.4021897,2.5541,2.458909,2.1798728,2.1859891,2.3674004,2.0906522,2.134423,2.6324756,2.6886122,1.7703856,2.5195396,2.8021672,2.140976,2.4769273,2.5169513,2.5141525,2.700321,2.5397458,2.563413,2.5090656,2.5781894,2.3989265,2.1129198,2.6686919,2.3533673,2.7443302,2.711041,2.854063,2.5220861,2.7571585,2.9956894,3.0561392,3.2067747,2.9630697,2.7991138,2.942291,2.5892813,2.3540218,2.2151828,2.3120322,2.017155,1.9781984,1.9226946,2.3546503,2.3645613,2.5481663,2.0380635,3.1222095,2.4083762,2.2273607,2.1717858,2.3988519,1.9673628,2.5184684,2.2839484,2.4615784,2.382637,3.2030313,2.7688503,2.6939619,2.2792926,2.4422886,2.3231223,2.234018,2.007394,2.2939804,2.6736891,2.147287,2.0869172,2.4765017,2.5186443
28,2.4999526,2.5230048,2.534469,2.4340527,2.2669826,2.3524332,2.8444061,2.853032,1.7904928,1.5364457,1.9921817,2.3852286,2.371665,2.354273,2.1369739,2.4831538,1.7478869,1.7700598,2.06378,1.9475021,2.1378024,2.17182,1.5696341,1.6321886,1.4736869,1.4781729,1.6721976,1.8387797,0.0,1.3194828,1.387754,1.6003563,1.6598636,1.677277,2.1517923,1.9398142,1.681095,1.5838838,1.9937682,1.1599493,2.6938884,1.9619957,1.6447144,1.6073228,2.9620333,2.8373246,2.3436964,2.4086337,1.5936017,2.568639,2.176882,2.2590222,2.4366922,1.7556533,2.565651,2.4439852,1.8703538,2.0302987,2.257934,2.1346476,1.7931387,1.9747132,1.7995945,1.8101462,1.8295425,1.8617791,1.6588204,1.6927097,1.9644729,1.928654,1.6905168,1.7217056,1.827523,2.1467552,1.6865381,1.7116938,1.689486,1.7516831,1.5157762,1.410786,2.801805,2.5027635,3.048285,3.0718136,2.532514,2.88242,3.2261288,3.5452635,3.043732,3.1529813,3.0414724,2.8626084,2.9804788,2.7770813,2.4932609,2.2043443,1.9590734,1.9843587,1.9001559,1.962609,2.4530408,2.4604068,2.538168,2.2470605,2.499584,2.3649857,2.2821684,2.3578732,2.4916298,2.2425308,2.6452422,2.7493916,2.5774817,2.5533555,3.1862435,2.8614552,2.641234,2.5188189,2.5399163,1.9423883,2.5997732,2.1622775,2.5900552,2.9475546,2.1349137,1.7825774,2.5594108,2.3549168
29,2.5299692,2.4446063,2.5813992,2.5045133,2.5677526,2.7041676,2.4142158,2.4881177,1.690398,1.5135739,2.3308187,2.3355918,2.6600964,2.635058,2.3032372,2.8213406,1.625856,1.5634953,2.0564182,1.8504499,1.8906156,1.8852121,1.3012,1.3946989,1.4794916,1.4707031,1.5967177,1.3198575,1.3194828,0.0,0.4782198,1.5557933,1.5381619,1.5244716,2.102473,1.8530517,1.6296023,1.5612469,1.9352826,1.6194968,2.5635493,1.9743307,1.6046474,1.548742,2.8892798,2.8924797,2.2002976,2.3480356,1.4142194,2.9240685,2.0858333,2.181972,2.3646107,1.3839272,2.454891,2.3080437,1.8921713,2.0903127,2.169393,2.2031393,1.8231996,1.9586627,1.7304723,1.7683822,2.1062543,2.159777,1.4751304,2.0800073,2.3223166,1.8268646,2.0496647,2.0798326,2.2089312,2.4681668,2.1124504,2.1327548,2.0189385,2.0871973,1.8182161,1.7551982,2.697694,2.3660488,2.8022795,2.8019876,2.849279,2.539885,3.1514118,3.1795213,3.0881047,3.1208913,2.9881742,2.8246646,2.9165192,2.7194133,2.395315,2.1856148,1.7917515,1.8929856,1.8185481,1.8684126,2.3047395,2.302948,2.3206503,1.9707447,2.187628,2.1931105,2.074318,2.203801,2.3469675,2.0268095,2.6216776,2.587135,2.3179033,2.2489266,3.013848,2.6158204,2.5914712,2.2019143,2.4257572,1.8594195,2.4805799,1.7868612,2.46506,2.8601353,2.0963905,1.6410819,2.8022368,2.7550955
30,2.5558121,2.4641776,2.522364,2.5121799,2.5598323,2.7233572,2.3143456,2.4908872,1.6248002,1.4787687,2.4350479,2.4336016,2.6473885,2.574248,2.28662,2.8462574,1.6888278,1.6025443,2.0238342,1.7473332,1.8054453,1.6957461,1.1911225,1.2893606,1.3761642,1.3600267,1.4270332,1.1956521,1.387754,0.4782198,0.0,1.485205,1.3837641,1.3707998,2.0330272,1.622521,1.4594294,1.5665547,1.9084364,1.5254872,2.5965917,2.1256373,1.6268643,1.5772196,3.1171117,3.098669,2.3210933,2.573931,1.4086686,2.7356644,2.0608187,2.0403414,2.4497733,1.3566402,2.5313406,2.3715696,1.9936651,2.0884135,2.0058756,2.2390866,1.8607886,2.0485609,1.7851923,1.8166022,2.1963027,2.2039573,1.2908831,2.0229533,2.4134023,1.5876051,1.9816124,1.98719,2.1535964,2.4301307,2.0437386,2.0664446,2.0338886,2.117352,1.8651931,1.5590118,2.6086986,2.3852952,2.7272022,2.6931574,2.801588,2.502939,2.9944894,3.1258166,3.0727224,3.132236,2.9246702,2.7545006,2.8182638,2.6068652,2.3183627,1.9988226,1.8164563,1.7296164,1.6972127,1.7450801,2.2878041,2.2894073,2.2058277,1.7988019,2.3367198,2.1874902,2.0029986,2.1054063,2.2548554,1.9503105,2.5479841,2.341581,2.1558166,2.0928392,3.063459,2.5497313,2.4702134,2.0369387,2.3695104,1.7487394,2.3880389,1.7605324,2.3637793,2.84139,2.042169,1.7337244,2.7561862,2.789723
