,0,1,2,3,4,5,6,7,8,9,10,11,12,13,14,15,16,17,18,19,20,21,22,23,24,25,26,27,28,29,30,31,32,33,34,35,36,37,38,39,40,41,42,43,44,45,46,47,48,49,50,51,52,53,54,55,56,57,58,59,60,61,62,63,64,65,66,67,68,69,70,71,72,73,74,75,76,77,78,79,80,81,82,83,84,85,86,87,88,89,90,91,92,93,94,95,96,97,98,99,100,101,102,103,104,105,106,107,108,109,110,111,112,113,114,115,116,117,118,119,120,121,122,123,124,125,126,127
0,0.0,1.3372214,2.4637377,1.5594835,2.176338,2.136121,2.4389966,2.0200534,2.0006769,1.9353253,2.689646,0.70634705,2.560402,2.032974,2.1796038,0.8707519,2.3862875,2.6393273,2.1140456,2.1270423,2.004883,2.5133107,2.540009,2.828316,2.3855832,2.2373452,2.7231915,2.4996135,2.4073088,2.342863,2.2734046,2.3067346,3.5240195,3.3225937,3.327407,3.547897,2.9364436,2.2100015,3.3137743,2.9075773,2.9670663,2.7937224,2.8191085,3.0613046,2.182669,3.6345072,2.7746277,3.0182095,2.858878,3.3397777,3.0511522,3.2575366,3.06942,3.2025375,3.2636259,3.0383198,3.261153,2.9422858,3.4035835,3.105286,3.196655,3.1934347,2.9825518,3.5454402,3.443508,3.458526,3.3531225,4.103969,3.614733,3.4063008,4.198036,3.5850623,4.401756,3.8771727,3.9257972,3.392089,2.9209101,3.4071386,3.691017,3.4698563,3.3661168,3.225287,3.9908383,3.812414,3.7074037,3.5456603,4.1523004,3.4177372,2.888428,3.4183059,3.695748,3.3666043,3.1519523,3.7116854,3.4686203,3.5585785,3.4147236,4.147764,3.1590934,3.161017,2.9572926,3.6121638,3.0194154,3.4756353,2.9312708,3.5184386,2.910396,2.9456518,2.7510576,2.6056445,3.087495,2.8668556,2.7994635,2.8527708,3.6464615,3.6190188,3.633757,3.47503,3.7120686,3.9811792,3.7973237,3.653197,3.316851,3.209509,4.002619,3.8970563,3.8845532,3.6007984
1,1.3372214,0.0,2.2845538,1.2677847,2.6028647,2.5566733,2.2996159,2.4332418,2.233351,2.1566598,2.8013234,1.2211368,2.253759,2.273996,2.4914608,1.4476722,2.6670876,2.779117,2.4261255,2.4265442,2.3137429,2.5964522,2.851209,3.187939,2.3708498,2.5318997,2.5932257,2.3882697,2.4244428,2.5221598,2.390732,2.3061123,3.377489,3.0952005,3.1080217,3.4057362,2.783511,2.1107397,3.3041837,2.767163,2.8251734,2.6515203,2.8066225,2.9074395,2.0814009,3.5261266,3.2113042,3.4597719,3.121731,3.146029,2.9861994,3.0599291,2.9055371,3.078057,3.057762,2.851728,3.448221,2.8019419,3.2694247,3.3548057,2.9749217,2.970537,2.804658,3.386705,3.3263574,3.3468425,3.3204322,3.8552914,3.6539981,3.4602318,4.1034646,3.5711737,4.228031,3.6386886,3.7748234,3.2390442,3.2788632,3.7411757,3.9373584,3.7628858,3.502084,3.1383855,4.028005,3.668405,3.4119382,3.4146047,3.846435,3.2869806,2.669088,3.3045964,3.4668894,3.2265117,3.363074,3.4111938,3.3059807,3.4974635,3.1995385,4.4308352,2.8950307,2.998277,2.832004,3.704073,2.7958364,3.1859381,3.187254,3.7185235,3.0588174,2.861428,2.926663,2.6471028,3.1453278,2.9927437,3.159657,3.2231488,3.9263704,3.8740342,3.9004145,3.728006,3.979571,3.8043447,3.8523064,3.7374735,3.907041,3.8171,4.1068234,4.0067763,3.9913523,3.7298973
2,2.4637377,2.2845538,0.0,1.8388594,1.2511762,1.1935883,0.50926393,1.1984338,1.4004335,1.4511615,1.7750983,1.9693649,1.0209332,1.1437901,1.3958567,1.8169845,1.4711217,1.9101902,1.7699906,1.477325,1.5276964,1.5067174,2.060916,2.5495381,0.7201666,1.5905505,2.4451632,2.1677547,0.7934861,1.0755161,0.83052886,0.6788061,2.208088,2.1913962,2.2899625,2.3720956,2.656645,2.0723784,3.2695184,2.98093,2.6485293,2.4831018,2.7263901,2.762525,2.4302278,2.7286305,3.0898669,3.381156,2.1356332,2.1566577,2.0593433,2.1499538,1.8170763,2.1305451,2.111833,1.7681772,2.4688892,1.2421857,2.1413863,2.3686986,1.8994699,1.8962752,1.6476505,2.4275494,2.4987621,2.467798,2.6437263,3.3332508,2.842081,2.6578624,2.984587,2.418696,3.3319268,3.2605424,3.302204,2.7202468,3.364415,3.07279,3.5180383,3.2712984,3.4510117,2.9666073,3.1170301,3.0943742,2.5928912,2.6160417,3.0863602,2.4466598,3.2952857,3.191257,2.7077968,2.5223,2.2538939,2.925919,2.664691,2.7188888,2.4284348,3.4997568,2.3446906,2.0947623,1.9094846,2.9243596,1.9257034,2.475861,2.385869,3.137125,2.3470826,2.1206346,2.3027406,1.8837152,2.5570388,2.4312267,2.4597716,2.488222,3.1276631,3.193312,3.1387298,2.9814258,3.2941272,3.0886776,2.920583,2.8529618,3.5160353,3.4946172,3.3394766,3.211656,3.3000207,2.8308067
3,1.5594835,1.2677847,1.8388594,0.0,2.3064127,2.198759,1.9231634,2.1366372,2.1056764,2.0961514,2.348746,1.3201067,2.1282487,2.129405,2.3053436,1.4702992,2.159512,2.5621395,2.3162327,2.3149152,2.1194935,2.041459,2.534963,2.922393,1.8750244,2.425312,2.8724203,2.6473331,1.9769235,2.1207595,1.9579791,1.8921796,2.9175346,2.6359742,2.656765,2.9122894,2.2520447,1.3755552,2.7552583,2.276253,2.4018245,2.204555,2.3745165,2.515387,1.6028368,3.104546,2.8394372,3.104263,2.506134,2.6255999,2.4691553,2.5255415,2.302559,2.496373,2.4827566,2.3056157,2.9103215,2.1280606,2.7298968,2.9238393,2.3754168,2.3777795,2.222842,2.856925,3.282324,3.2746875,3.335419,3.9297504,3.571303,3.390934,3.874877,3.4715834,3.82467,3.546063,3.778481,3.2406979,3.32177,3.7047458,3.9443636,3.7297902,3.0051272,3.0715187,3.6148674,3.5389624,3.1432545,3.3751528,3.596187,3.000507,2.9074082,3.1055791,3.4017494,3.0465329,2.649876,3.3492706,3.097021,3.2635558,2.9040372,3.8909237,2.8712,2.707305,2.4940407,3.5185885,2.448804,3.0742555,2.9168246,3.5376074,2.7471926,2.58082,2.6778238,2.3195376,3.244887,3.107865,2.8821936,2.9578364,3.6633441,3.634643,3.6771586,3.5198226,3.7106795,3.5540993,3.4834406,3.316801,3.5552816,3.475623,3.7714353,3.6407235,3.9699817,3.3089263
4,2.176338,2.6028647,1.2511762,2.3064127,0.0,0.22871809,1.2591709,0.32035786,1.1137006,1.1591818,1.703906,1.8238113,1.6436573,0.6939533,0.986294,1.5662922,1.4035743,1.8810848,1.3692856,1.0221096,1.1579435,1.7344259,1.860076,2.1919293,1.3385274,1.0555751,2.29976,2.0316975,1.2681605,1.1142936,1.0954858,1.2053052,2.5044625,2.5662894,2.6424131,2.7124252,3.0296996,2.524498,3.5266135,3.3197136,2.9554272,2.7999554,2.9207838,3.0298817,2.7674499,3.0071282,2.8057368,3.1168172,2.0038385,2.6064405,2.2755427,2.604495,2.2568243,2.483044,2.5614772,2.2291555,2.368678,1.8571435,2.5140185,2.1188588,2.4081917,2.404668,2.1660523,2.7979927,2.6113386,2.5870895,2.5700028,3.4776025,2.808217,2.5370612,3.1175232,2.3970978,3.647238,3.4791114,3.3545494,2.8352735,2.9924397,2.5882075,3.1620579,2.8980248,3.5738435,3.0975344,3.2963815,3.2442784,3.0329888,2.7707703,3.4800792,2.708073,3.479569,3.4280438,2.9263577,2.7547827,2.3916078,3.213698,2.9263573,2.8338432,2.7614703,3.500171,2.655149,2.4393053,2.2393637,3.0778806,2.3919222,2.9213376,2.2058027,3.0295246,2.296645,2.3402047,2.2894025,2.013486,2.4483192,2.306752,2.1435912,2.1520605,2.8047416,2.8683012,2.7595017,2.6092048,2.9932156,3.3165135,3.0962577,3.0097215,3.165992,3.0995755,3.415231,3.3070214,3.2790782,2.9397445
5,2.136121,2.5566733,1.1935883,2.198759,0.22871809,0.0,1.2110149,0.20878781,1.1048193,1.1512519,1.7090809,1.7782711,1.6434958,0.70710087,0.9466664,1.521219,1.3244855,1.8360143,1.4222525,1.0875027,1.1933041,1.7159988,1.800703,2.2101164,1.2759056,1.1576601,2.3449187,2.0501533,1.1960558,1.0387708,1.0198191,1.1398609,2.4208808,2.5049174,2.591723,2.6301174,2.931798,2.4217825,3.4342682,3.2219532,2.8768942,2.7187448,2.8491223,2.9719892,2.680046,2.9552345,2.7294176,3.04023,1.866142,2.5056863,2.2123935,2.4987388,2.1644938,2.4183686,2.4598086,2.133312,2.2650828,1.7446833,2.4315052,2.0671093,2.3039894,2.300768,2.0573666,2.7063599,2.5938492,2.5700257,2.5627317,3.4317458,2.7745423,2.5231633,3.0626085,2.3839324,3.5609252,3.3931298,3.3576922,2.823363,2.9579985,2.5857427,3.1423197,2.8548536,3.5210369,3.0902257,3.2971065,3.2326376,3.0076525,2.7964952,3.451166,2.6857603,3.422996,3.3536584,2.86223,2.6941023,2.3406909,3.1662834,2.852988,2.8257864,2.7212574,3.480714,2.6123078,2.372591,2.1586404,3.060518,2.3386319,2.9218318,2.1559613,2.9712727,2.2850807,2.3307514,2.210501,1.953367,2.4824624,2.3450599,2.0485363,2.0621831,2.766831,2.839588,2.7626576,2.6012945,2.9489686,3.272966,3.088968,2.982285,3.1006727,3.067857,3.4085257,3.2974644,3.3184803,2.9137535
6,2.4389966,2.2996159,0.50926393,1.9231634,1.2591709,1.2110149,0.0,1.2092856,1.2505978,1.3140963,1.819678,1.9033238,0.6898587,0.9627351,1.2273391,1.7442719,1.6541265,1.9246112,1.6544315,1.2786323,1.3655844,1.6849798,1.9079325,2.4335876,0.7973168,1.4434912,2.4984438,2.2396863,0.9689719,1.2075641,1.0049318,0.8551008,2.161846,2.1531632,2.2400064,2.2971168,2.604637,2.0537002,3.2275283,2.941923,2.6267989,2.473319,2.7313461,2.7518244,2.4334757,2.6723,3.093279,3.4361916,2.1750863,2.1816435,2.099729,2.1828885,1.821716,2.1237867,2.0924337,1.7248026,2.4719417,1.279938,2.1612718,2.3584166,1.9271307,1.9216574,1.6527292,2.4457214,2.3253317,2.3043292,2.542142,3.2499983,2.7078133,2.5212736,2.7949324,2.2307234,3.3284461,3.129102,3.1971607,2.5683954,3.271865,2.9620914,3.4239728,3.1922822,3.3757424,3.060797,3.0402029,3.1114647,2.5886147,2.610747,3.0643063,2.4687152,3.20683,3.2305174,2.8102171,2.542475,2.021125,2.9367774,2.6645346,2.6932642,2.4293833,3.3320065,2.146051,2.069312,1.8826839,2.8205645,1.9446038,2.5287204,2.3335962,3.0485234,2.4434233,2.1864102,2.283875,1.9427713,2.5436819,2.4097147,2.530516,2.5613077,3.2023292,3.26723,3.167195,3.001813,3.3313181,3.0989118,2.7761776,2.7608547,3.4572792,3.439761,3.2018948,3.0819016,3.1517122,2.7026958
7,2.0200534,2.4332418,1.1984338,2.1366372,0.32035786,0.20878781,1.2092856,0.0,1.0589218,1.0797045,1.7166289,1.6605605,1.6296796,0.6474089,0.8809669,1.3919057,1.3461548,1.735344,1.3986467,1.0465181,1.1893258,1.7385519,1.7765465,2.247886,1.2779388,1.1714475,2.2626798,1.9729668,1.2000244,1.0291607,1.0071611,1.1281176,2.4353619,2.4953141,2.5944052,2.6152556,2.8776338,2.363161,3.418944,3.1544898,2.8088152,2.6480746,2.7775545,2.9033923,2.5908837,2.9321644,2.6508658,2.9599895,1.8771679,2.4959166,2.2452826,2.4879012,2.192479,2.4472997,2.477374,2.1407545,2.2940006,1.7973428,2.4310553,2.0388062,2.326743,2.322178,2.076946,2.7192712,2.5603197,2.5463564,2.528996,3.363019,2.7321634,2.4989896,3.0535817,2.3386152,3.5560606,3.3491607,3.3438978,2.7938426,2.8847704,2.5545526,3.103096,2.8149648,3.5277581,3.0647628,3.3471692,3.2059667,3.02269,2.7923243,3.4586189,2.703785,3.3053513,3.330451,2.8276083,2.6721978,2.3976526,3.1294634,2.827609,2.7884152,2.7185314,3.5197384,2.5972042,2.3749182,2.1479287,3.0366547,2.334747,2.905315,2.137168,2.9391403,2.2869372,2.3324904,2.1642544,1.9367994,2.435254,2.2905183,2.0511758,2.0651848,2.7725706,2.8485632,2.8026075,2.6345665,2.9618576,3.284384,3.0717468,2.9807162,3.0481682,3.0174391,3.3868809,3.2785075,3.2641914,2.904211
8,2.0006769,2.233351,1.4004335,2.1056764,1.1137006,1.1048193,1.2505978,1.0589218,0.0,0.22603399,1.6796792,1.4386553,1.2613498,0.64413047,0.9688717,1.5319029,1.5939808,1.8370763,0.93605125,0.91204447,0.9666974,1.6570734,1.527333,1.8860229,1.3832887,1.1247457,2.1608782,1.8498374,1.4447631,1.3991506,1.3867139,1.4132726,2.333409,2.4057934,2.5054262,2.526999,2.845802,2.3049464,3.4867847,3.144758,2.8949227,2.7199667,2.7479806,3.0183694,2.5133803,2.8145792,2.9100847,3.1494722,2.1259575,2.51744,2.350171,2.4509377,2.1146898,2.3660994,2.4094303,2.0072248,2.4402294,1.9356439,2.4724958,2.295211,2.3041646,2.2972202,2.0012205,2.6042745,2.6285753,2.6430936,2.7106116,3.4795256,2.9483213,2.7140722,3.127856,2.463833,3.7621272,3.1978648,3.1921847,2.582954,3.0407846,2.838297,3.1787019,2.9233122,3.6078365,3.3320124,3.348227,3.2316475,3.0071628,2.9161694,3.4497902,2.747702,3.2451818,3.7242215,3.2455003,2.7840118,2.3492231,3.1711245,2.8463743,2.8913763,2.6959062,3.475925,2.3995845,2.4114163,2.0873554,2.9753857,2.2323961,2.8338623,2.2917404,3.0348473,2.4069753,2.3510885,2.2923238,2.0259733,2.58918,2.3279073,2.1902838,2.205087,3.1316705,3.0187464,3.07246,2.8744786,3.1288643,3.2287836,2.9416807,2.917758,3.4144552,3.2763097,3.2877998,3.1695213,3.243443,2.8047097
9,1.9353253,2.1566598,1.4511615,2.0961514,1.1591818,1.1512519,1.3140963,1.0797045,0.22603399,0.0,1.7226882,1.3791473,1.3160976,0.6843387,0.98317355,1.487312,1.6615726,1.7499202,1.010859,0.9595806,1.0226281,1.7389724,1.5592663,1.9716574,1.4489247,1.2052617,2.1669254,1.8616079,1.486575,1.429546,1.4310808,1.4571576,2.401556,2.4730256,2.5518718,2.5859108,2.8860574,2.3133912,3.560114,3.1727958,2.8904161,2.7061868,2.7343068,3.0171335,2.4612892,2.7915258,2.8860884,3.1561866,2.2036557,2.634519,2.4316103,2.5659473,2.2127995,2.4350507,2.4907894,2.0944233,2.5230076,2.0324266,2.5285468,2.3181145,2.400436,2.3921955,2.1015844,2.7015793,2.6564987,2.6808987,2.7386541,3.480598,2.9670234,2.7458394,3.164622,2.478074,3.775775,3.1901064,3.2272031,2.6186528,3.0365725,2.858138,3.2281551,2.9741557,3.6484523,3.3302422,3.4204395,3.217265,3.0384521,2.9291265,3.4929552,2.7618718,3.1809123,3.7552264,3.241196,2.8068712,2.4633648,3.164747,2.8846915,2.9347155,2.7697651,3.595149,2.44908,2.4639773,2.1488576,3.0467603,2.286597,2.889992,2.3275213,3.0665212,2.3871558,2.3437707,2.3132393,2.0535614,2.6108675,2.3028028,2.176498,2.1921566,3.1548781,3.0585911,3.06607,2.861674,3.1722612,3.2811396,2.9970846,2.9654713,3.4174294,3.2893457,3.3205895,3.2035098,3.2724733,2.8658905
10,2.689646,2.8013234,1.7750983,2.348746,1.703906,1.7090809,1.819678,1.7166289,1.6796792,1.7226882,0.0,2.242072,2.038583,1.6893513,1.9300499,2.2886608,2.1013114,2.3405051,1.4862274,1.5286185,1.3816183,1.4429315,2.1429176,2.1483886,1.9887732,1.5517774,2.0366733,2.124587,1.9262124,1.8747659,1.8773301,1.9079332,2.4502532,2.1254716,2.2306223,2.3464844,2.7753584,2.2129457,3.4432786,3.1004071,3.045745,2.8836188,2.9278815,2.9175885,2.7542257,2.9571574,3.0768018,3.357374,2.1630123,2.5942087,2.3505993,2.5458932,2.183163,2.4159348,2.4442604,2.1182234,2.4874325,1.9828149,2.0682156,2.009982,2.2728727,2.2708538,1.9987575,2.636425,2.9012969,2.8967152,2.9286885,3.6792183,3.2020125,2.9165473,3.2090054,2.7101567,3.8433487,3.5367343,3.4109073,2.8481774,3.304497,3.0814812,3.4103513,3.380484,3.5732398,3.3890393,3.3785834,3.2317548,2.964309,3.0984988,3.4077978,2.6953948,3.6759465,3.8416393,3.3661616,2.9362466,2.3642442,3.3388958,3.0833654,2.5113552,2.6488504,3.5707126,3.0769923,2.7687225,2.457917,3.408219,2.1800916,2.967727,2.230443,2.9855154,2.5024877,2.415375,2.3555079,2.0105963,2.9304926,2.6822355,2.8363671,2.8721137,3.4364147,3.1240885,3.0471559,2.9002087,3.3567634,3.4576337,3.0704985,3.0085404,3.8175118,3.3818815,3.3865476,3.2538016,3.6610353,2.8891876
11,0.70634705,1.2211368,1.9693649,1.3201067,1.8238113,1.7782711,1.9033238,1.6605605,1.4386553,1.3791473,2.242072,0.0,1.9758185,1.5445575,1.7356144,0.64077723,1.990829,2.28669,1.5840275,1.6239665,1.5752647,2.058557,2.0582194,2.403374,1.8823316,1.7980667,2.4231565,2.184388,1.96557,1.9317535,1.8529264,1.8646336,3.0251584,2.83349,2.8566308,3.0580978,2.6018565,1.8824581,3.0984888,2.671107,2.7018754,2.5208933,2.5362048,2.8028665,1.9536551,3.1766486,2.6682997,2.9138274,2.488586,2.8991873,2.6637046,2.815408,2.5922534,2.7717214,2.7969892,2.5167,2.8997557,2.4652896,2.9394317,2.7531757,2.7322097,2.726764,2.500376,3.0488586,3.0069911,3.0355976,3.0169785,3.7565355,3.2760153,3.0482264,3.741309,3.1313431,4.0340605,3.4918325,3.5239923,2.944696,2.7870727,3.1435962,3.4555278,3.2117436,3.2188215,3.104125,3.6496677,3.5029984,3.3064656,3.20684,3.7532785,3.0477352,2.7646344,3.3350384,3.4608388,3.055063,2.7358048,3.3973458,3.0906084,3.2040355,2.9870923,3.7744768,2.7515864,2.7745647,2.4808557,3.2818549,2.5550659,3.095599,2.6284208,3.2844176,2.5819805,2.5668838,2.4802177,2.2354095,2.8066592,2.5703564,2.5273428,2.5838337,3.4171152,3.3624568,3.44237,3.2621584,3.4475548,3.5791929,3.3793592,3.2592247,3.230487,3.1021266,3.6063228,3.4957519,3.53333,3.1856503
12,2.560402,2.253759,1.0209332,2.1282487,1.6436573,1.6434958,0.6898587,1.6296796,1.2613498,1.3160976,2.038583,1.9758185,0.0,1.1390764,1.4591713,1.9235197,1.9781027,2.2072062,1.6333004,1.3938324,1.4785006,1.8896693,1.9345331,2.346743,1.2525625,1.5064794,2.4834023,2.2454967,1.4591265,1.6930387,1.5333995,1.3633296,2.389442,2.369203,2.4271603,2.53239,2.8476171,2.285954,3.4860983,3.1773295,2.900177,2.7402182,2.9220185,3.0132754,2.6284227,2.8132849,3.4617848,3.744065,2.5810049,2.4760237,2.3915377,2.4637003,2.096029,2.3558424,2.3552885,1.9861568,2.8313994,1.6616508,2.4812899,2.7267578,2.2092998,2.2033412,1.9243563,2.6278243,2.4221594,2.4068382,2.6758034,3.3646934,2.90668,2.702571,2.9285324,2.3977106,3.5965514,3.184679,3.2048144,2.5737627,3.47958,3.1886797,3.616128,3.3935223,3.596828,3.2966022,3.2132154,3.2828116,2.7259827,2.7572994,3.2167237,2.6603088,3.322838,3.558285,3.1376264,2.8166275,2.331917,3.1303933,2.8846338,2.9680834,2.6198564,3.5492265,2.1687362,2.3473408,2.1307523,3.0273635,2.1185238,2.6510012,2.6543996,3.3010721,2.6807323,2.3495586,2.595488,2.2198894,2.722338,2.5196652,2.8044057,2.832858,3.521242,3.524537,3.4444187,3.2692282,3.6032012,3.2282977,2.9745083,2.9889684,3.8504248,3.7921827,3.388741,3.2742662,3.27213,2.916466
13,2.032974,2.273996,1.1437901,2.129405,0.6939533,0.70710087,0.9627351,0.6474089,0.64413047,0.6843387,1.6893513,1.5445575,1.1390764,0.0,0.6776677,1.3707968,1.5585718,1.8053257,1.1265473,0.7339175,0.93973094,1.757532,1.5667899,2.0527463,1.267744,0.93678004,2.1073194,1.8303435,1.299911,1.2438195,1.1853054,1.2072663,2.4191704,2.4578016,2.562279,2.5633187,2.8680055,2.297679,3.4615576,3.1660368,2.86251,2.693914,2.8099,2.9602945,2.5707242,2.8989778,2.8958461,3.1726184,2.1329,2.5001788,2.3423626,2.4841406,2.1938562,2.4319634,2.483959,2.0970988,2.488883,1.818691,2.49733,2.2526329,2.350821,2.3446264,2.0578275,2.7304265,2.4457421,2.4426603,2.5152144,3.3238142,2.720559,2.5003471,2.9462006,2.2428708,3.6237848,3.2172232,3.2304726,2.6302786,2.9887218,2.6638427,3.1436946,2.884731,3.5660365,3.1849782,3.3145056,3.2280638,2.9557252,2.7710457,3.424767,2.6905005,3.2654321,3.4987292,3.007755,2.7431602,2.340254,3.146856,2.8724184,2.8201268,2.7101078,3.5115492,2.3959653,2.3937201,2.145975,3.02003,2.2687206,2.8552625,2.2431576,2.997127,2.3780782,2.3053706,2.2561135,1.9878519,2.476091,2.2724288,2.2374747,2.2530558,3.0298371,3.051406,3.0095046,2.8225005,3.1598806,3.2867467,3.015997,2.9931076,3.3242176,3.2512946,3.3510613,3.2405474,3.2048368,2.8773339
14,2.1796038,2.4914608,1.3958567,2.3053436,0.986294,0.9466664,1.2273391,0.8809669,0.9688717,0.98317355,1.9300499,1.7356144,1.4591713,0.6776677,0.0,1.5221617,1.8645467,1.9753587,1.5071801,1.1179581,1.1503509,2.0183527,1.4044346,2.3567164,1.5661807,1.4327217,2.365472,2.0969725,1.5770924,1.5249732,1.3999519,1.4626583,2.563626,2.6275043,2.7709317,2.4202597,2.734621,2.170348,3.3255088,3.0510297,3.0201058,2.863307,2.9963894,3.132006,2.7465694,3.0428977,2.9702494,3.2612329,2.2298608,2.643599,2.7651699,2.6179917,2.462455,2.6755164,2.7027216,2.3161058,2.6007493,2.136994,2.622682,2.4727159,2.571862,2.567066,2.3677819,2.9268599,2.5243266,2.5218678,2.7079225,3.1994426,2.5259042,2.603499,2.7878745,2.0623374,3.4771757,3.0837169,3.3468885,2.8024278,3.041065,2.7274382,3.1610558,2.9274087,3.6981084,3.3150742,3.4305184,3.3641927,3.0830812,2.8926685,3.5192778,2.8110847,3.3702898,3.5700035,3.0932143,2.8241935,2.482104,3.2185488,2.9611669,2.700708,2.8405137,3.5353732,2.5403965,2.5509107,2.2858644,3.112054,2.4306903,2.9837935,2.3636465,3.0839026,2.4382412,2.4214623,2.3361104,2.063557,2.562015,2.4069269,2.1927266,2.201849,3.0427897,3.0913732,3.0919437,2.8637035,3.1662505,3.3667786,3.1461241,3.1605725,3.3409433,3.2986033,3.4255996,3.3117957,3.2578828,2.9603386
15,0.8707519,1.4476722,1.8169845,1.4702992,1.5662922,1.521219,1.7442719,1.3919057,1.5319029,1.487312,2.2886608,0.64077723,1.9235197,1.3707968,1.5221617,0.0,1.9045063,2.2431622,1.685085,1.5213093,1.5747447,2.1409996,2.0047092,2.501344,1.7946119,1.6929954,2.407534,2.1788838,1.8641744,1.8092422,1.6971804,1.7200633,3.0996146,2.9213035,2.9717968,3.0933692,2.6660714,1.9262457,3.1079338,2.745329,2.7177355,2.544336,2.6239672,2.8082616,2.0899494,3.2745395,2.6510677,2.887678,2.4659345,2.8737388,2.7021337,2.8346353,2.683164,2.8618083,2.8949895,2.6108334,2.9314272,2.395703,2.9931943,2.7228017,2.8005006,2.7958956,2.5655947,3.1561847,2.870488,2.8830183,2.8686514,3.6256487,3.064002,2.8764715,3.5839055,2.9470005,3.9203484,3.5212624,3.595695,3.0199468,2.7475173,2.9752536,3.4048622,3.1300354,3.2449498,3.0287023,3.654743,3.5534825,3.3273113,3.1282449,3.7909248,3.0567646,2.8631346,3.1544907,3.2834895,3.0546107,2.745009,3.4298282,3.1350582,3.1761634,3.0409102,3.7862303,2.7835228,2.7938104,2.543659,3.302887,2.6286356,3.1543615,2.59195,3.2484553,2.5825627,2.576968,2.4468982,2.2266746,2.7207003,2.5344217,2.5218496,2.5723891,3.3004556,3.379081,3.4289417,3.2550879,3.459045,3.6522608,3.448137,3.3398907,3.0970137,3.0579402,3.6701832,3.5647547,3.4858117,3.2447197
16,2.3862875,2.6670876,1.4711217,2.159512,1.4035743,1.3244855,1.6541265,1.3461548,1.5939808,1.6615726,2.1013114,1.990829,1.9781027,1.5585718,1.8645467,1.9045063,0.0,2.1429703,1.6053923,1.7372334,1.9544915,1.2743063,1.9175026,2.025984,1.2542871,1.709454,2.7748199,2.4526753,1.3106393,1.2657313,1.2958099,1.3584034,2.6091042,2.6892476,2.7412956,3.0022128,3.1622837,2.6491024,3.6294572,3.411637,2.9418056,2.7684166,2.621995,3.0691142,2.5782137,2.837237,2.8884056,2.8570323,1.8769187,2.5407488,2.112044,2.5191286,2.1708696,2.449042,2.4521046,2.192529,2.45536,1.73154,2.5447423,2.3488636,2.3037553,2.303401,1.9332863,2.3854284,2.9145823,2.885255,2.8363743,3.8124,3.2823336,2.8809268,3.5458577,3.0271473,3.8170767,3.730776,3.655464,3.0313842,3.2347229,3.0077014,3.6264706,3.1347406,3.6779273,3.3579366,3.5826223,3.5873911,3.3067715,3.2034972,3.7354922,3.041633,3.651099,3.4852102,3.165342,2.977044,2.7281942,3.460274,2.8673766,3.409709,2.8163154,3.5474463,3.0245614,2.6513755,2.1937685,3.0378408,2.3407886,2.9652977,2.4225476,3.1096196,2.475012,2.534679,2.336487,2.1351485,2.8055036,2.466311,2.268713,2.2859585,2.9665835,3.047535,3.3619883,3.23839,3.169248,3.354877,3.278097,2.9870493,3.1614525,3.1763673,3.5367584,3.4054937,3.5272877,3.0118113
17,2.6393273,2.779117,1.9101902,2.5621395,1.8810848,1.8360143,1.9246112,1.735344,1.8370763,1.7499202,2.3405051,2.28669,2.2072062,1.8053257,1.9753587,2.2431622,2.1429703,0.0,2.38631,2.131148,2.2662556,2.4475417,2.5928192,3.013274,1.8187026,2.4238493,3.001727,2.803001,1.8514178,1.7952923,1.8143927,1.8594538,2.63509,2.7695625,2.9214294,2.9402537,3.2997253,2.7846742,4.2993317,3.4959784,2.5715044,2.3725944,2.4748514,2.779227,2.306387,2.654346,2.6685777,3.0007722,2.5523438,2.8631527,2.6860945,2.8438337,2.517262,2.7526076,2.7724116,2.447767,2.881107,2.314823,2.5663292,2.0017524,2.7220228,2.7109723,2.491366,3.0619655,3.0996263,3.1290183,3.1174617,3.7891335,3.3625925,3.1788738,3.4947846,2.7821915,3.8026755,3.6430662,3.7264495,3.1974244,3.5133784,3.2857444,3.7121105,3.436479,3.8430493,3.4971797,3.6298816,2.941151,3.2865796,3.2228692,3.6811025,3.0316381,3.0085454,4.151036,3.273707,3.0062246,2.7846925,3.369146,3.1911578,3.3509903,3.2483673,3.9222417,3.0132554,2.7397363,2.604292,3.3210175,2.7929504,3.2860622,2.804539,3.492608,2.777216,2.7599726,2.7326024,2.6389477,3.121048,2.899249,2.620764,2.60541,3.323566,3.4086308,3.329641,3.2115128,3.546387,3.6127846,2.6528525,2.772555,3.0225353,3.0713737,3.1810427,3.0746765,3.1924257,2.7633061
18,2.1140456,2.4261255,1.7699906,2.3162327,1.3692856,1.4222525,1.6544315,1.3986467,0.93605125,1.010859,1.4862274,1.5840275,1.6333004,1.1265473,1.5071801,1.685085,1.6053923,2.38631,0.0,0.80767256,1.0398048,1.4153924,1.5796676,1.4326603,1.7101494,0.75809574,2.0384731,1.902008,1.7652969,1.6705265,1.707407,1.7382344,2.6125798,2.478678,2.5023081,2.7519822,2.9736047,2.4964845,3.4555335,3.264035,3.1311736,2.97995,2.8771324,3.121913,2.7421525,2.946149,3.0298338,3.1914093,2.2044237,2.7481105,2.366155,2.6996095,2.3243172,2.5220768,2.578496,2.224282,2.5669806,2.1662843,2.5650861,2.3644395,2.4912267,2.4851377,2.1424363,2.6193135,2.6141298,2.6315668,2.629011,3.5908265,3.0386698,2.6251976,3.2783248,2.652232,4.0080748,3.4580672,3.192367,2.5273306,2.8750002,2.700896,3.1830423,2.9473639,3.6065173,3.385392,3.4364395,3.4736886,3.16594,3.0094104,3.5851512,2.8976,3.4834938,3.6966286,3.4328227,2.9746864,2.4929872,3.3646019,2.9287548,2.9067194,2.6627443,3.3734777,2.7351463,2.6982424,2.2437427,2.9846835,2.2322383,2.8575757,2.1729333,2.8808968,2.4473817,2.4323397,2.2676022,2.0286593,2.5200524,2.1403518,2.520331,2.549937,3.233346,3.0361824,3.1737862,3.009156,3.1844933,3.3577182,3.121156,2.9859405,3.508507,3.2046456,3.3223288,3.209053,3.276088,2.8799896
19,2.1270423,2.4265442,1.477325,2.3149152,1.0221096,1.0875027,1.2786323,1.0465181,0.91204447,0.9595806,1.5286185,1.6239665,1.3938324,0.7339175,1.1179581,1.5213093,1.7372334,2.131148,0.80767256,0.0,0.85087234,1.7401822,1.7496146,1.964228,1.4468719,0.58446753,1.9810272,1.8145891,1.4356849,1.3025465,1.3292383,1.3671044,2.6151128,2.524843,2.5877671,2.7243946,2.9878433,2.3986907,3.460161,3.293434,3.083386,2.9399486,3.0385146,3.1158502,2.7205136,3.0703893,3.0274634,3.3152812,2.2902637,2.6391973,2.3912432,2.6295526,2.3479493,2.5677044,2.6015332,2.209353,2.61578,1.9837286,2.5454252,2.3341243,2.5027335,2.4916837,2.119528,2.8498023,2.4080546,2.4425864,2.5076354,3.472224,2.787786,2.4389129,3.0500178,2.3678653,3.8545868,3.4032354,3.2247994,2.523972,2.8738933,2.567179,3.0411694,2.8541465,3.5144434,3.2062774,3.2556798,3.3302376,2.9607627,2.7282298,3.4581609,2.6612694,3.3362277,3.4751236,3.1486049,2.7823017,2.2473943,3.2350698,2.9145195,2.7594655,2.698624,3.377874,2.5029528,2.4735644,2.2036371,2.849744,2.201528,2.8162491,1.9920594,2.7481906,2.385909,2.3359947,2.102703,1.9157705,2.3792715,2.0534966,2.4424083,2.4686453,3.2213607,3.1672428,3.0909057,2.919279,3.2710576,3.4271052,2.9988174,2.9550688,3.3949568,3.1975927,3.2789948,3.1680179,3.1380231,2.8426192
20,2.004883,2.3137429,1.5276964,2.1194935,1.1579435,1.1933041,1.3655844,1.1893258,0.9666974,1.0226281,1.3816183,1.5752647,1.4785006,0.93973094,1.1503509,1.5747447,1.9544915,2.2662556,1.0398048,0.85087234,0.0,1.6117545,1.7428708,1.9148952,1.6405114,0.95442855,2.144236,2.0014853,1.5820576,1.5716101,1.4845334,1.4987828,2.5978577,2.453531,2.473922,2.5346515,2.7472208,2.1007707,3.2540727,3.0457032,3.0863512,2.9357169,3.0573196,3.101634,2.713607,3.098607,3.1126604,3.497093,2.3047733,2.7649505,2.4962106,2.7085245,2.2893271,2.5046844,2.5282526,2.2089496,2.563346,2.0536187,2.3840215,2.396833,2.4230592,2.4194927,2.129742,2.8625178,2.4956448,2.4767935,2.5687933,3.4262831,2.720709,2.5233512,3.0024376,2.3986194,3.7601845,3.2348948,3.1256042,2.479441,2.8730366,2.684749,3.0738444,2.9996927,3.2709453,3.0019574,3.0316744,3.1363933,2.7580235,2.6611555,3.2782736,2.465925,3.2157009,3.3983293,3.1187859,2.6005826,2.1379166,3.0973299,2.8264368,2.5617087,2.557024,3.2866416,2.3943384,2.3782752,2.1715367,2.8678803,2.014478,2.6323824,1.9449093,2.7003083,2.2919986,2.1732464,2.0055125,1.7188088,2.3532336,2.0489643,2.3629096,2.3929849,3.2244394,3.012103,2.760594,2.575251,3.1524837,3.2793074,2.954167,2.8557541,3.4663703,3.168935,3.2707996,3.139514,3.2235065,2.7332036
21,2.5133107,2.5964522,1.5067174,2.041459,1.7344259,1.7159988,1.6849798,1.7385519,1.6570734,1.7389724,1.4429315,2.058557,1.8896693,1.757532,2.0183527,2.1409996,1.2743063,2.4475417,1.4153924,1.7401822,1.6117545,0.0,1.8965645,1.868254,1.5075434,1.6767561,2.603109,2.478742,1.5495473,1.663461,1.5763577,1.5599611,2.5796657,2.362913,2.3569942,2.6080654,2.7831695,2.1949658,3.3357573,3.076917,3.0249622,2.8530202,2.704646,3.001181,2.6100304,2.7772129,3.1900125,3.2871056,2.1050782,2.6560361,2.2787855,2.5889146,2.1167157,2.356892,2.3843575,2.1247206,2.5583506,1.8480831,2.1898215,2.401253,2.1805718,2.1850543,1.845101,2.3092127,2.9468176,2.8974023,2.9598043,3.7881072,3.280063,2.9990633,3.4881802,2.98692,3.880638,3.6779525,3.5242712,2.8825755,3.3734643,3.2482164,3.7547421,3.5041163,3.5510745,3.2896612,3.3634014,3.4621716,3.0608146,3.1309776,3.5050337,2.8551774,3.6736896,3.5963259,3.3644133,2.9160907,2.538399,3.385033,2.862112,2.900655,2.5330017,3.3600829,3.0624735,2.7006123,2.215153,2.9543033,1.9626133,2.5872943,2.3304546,2.999211,2.449041,2.3543034,2.2494962,1.9229481,2.7531419,2.3177872,2.7122734,2.7409983,3.3579164,3.1312184,3.2983284,3.1713283,3.3344214,3.3128016,3.0879462,2.8298187,3.6219623,3.3081686,3.381825,3.2231467,3.494588,2.8038738
22,2.540009,2.851209,2.060916,2.534963,1.860076,1.800703,1.9079325,1.7765465,1.527333,1.5592663,2.1429176,2.0582194,1.9345331,1.5667899,1.4044346,2.0047092,1.9175026,2.5928192,1.5796676,1.7496146,1.7428708,1.8965645,0.0,1.751018,2.169455,1.9006937,2.8994021,2.7439842,2.2923102,2.2938817,2.2139335,2.238435,2.9356372,2.923515,2.9951022,2.644719,2.8877804,2.267042,3.4899056,3.1874282,3.3196602,3.1324973,2.9020927,3.3724005,2.8465075,2.914882,3.2561707,3.2853374,2.4139826,3.1195004,3.163794,3.0700142,2.8327963,2.937897,3.010279,2.6872778,2.9766395,2.5473576,2.9113302,2.8447983,2.930903,2.9330003,2.671414,2.9114747,2.864355,2.84052,3.071531,3.5001333,2.9036276,2.9755583,2.9768748,2.5429866,3.720774,3.1996932,3.7048392,3.0974634,3.3200696,3.1127682,3.748172,3.3774695,3.9633627,3.9385524,3.9202542,3.960657,3.627992,3.6040633,4.0457354,3.3861325,3.8595603,4.0783606,3.7895958,3.4577901,2.946596,3.7799242,3.3118474,3.2992148,3.1866293,3.6572485,3.2350054,3.2794592,2.7088525,3.56088,2.6971684,3.4743679,2.761381,3.2938359,2.7522275,2.756009,2.6608481,2.4199913,3.193473,2.7412539,2.618135,2.640126,3.4321547,3.4194136,3.6893167,3.4600317,3.5230842,3.6789005,3.592096,3.4347644,3.643652,3.5217078,3.6572716,3.5199046,3.7157118,3.1931183
23,2.828316,3.187939,2.5495381,2.922393,2.1919293,2.2101164,2.4335876,2.247886,1.8860229,1.9716574,2.1483886,2.403374,2.346743,2.0527463,2.3567164,2.501344,2.025984,3.013274,1.4326603,1.964228,1.9148952,1.868254,1.751018,0.0,2.531677,1.809204,2.9113913,2.8505974,2.6392307,2.6154795,2.5975296,2.6144543,3.1773815,3.0751612,3.0836787,3.3250518,3.554372,3.0642455,4.044948,3.7925262,3.6342838,3.4760928,3.1371548,3.6119466,3.2304835,3.2363577,3.5837066,3.522755,2.6870425,3.3600087,2.910577,3.3136475,2.824213,2.984858,3.0097144,2.819389,3.1176202,2.7110977,2.952735,2.8656242,3.0511065,3.0552719,2.745997,2.9389915,2.8496068,2.7982516,2.7785985,3.9060452,3.2882278,2.8270347,3.3653502,3.1072707,4.1308155,3.6253169,3.3332512,2.7446616,3.1366916,2.8998122,3.5484266,3.190052,3.5537856,3.6734233,3.471091,3.6601505,3.3983276,3.3851647,3.8546026,3.1451025,3.8904023,4.136794,3.9034452,3.4036992,2.9675047,3.8605754,3.2351143,3.7408948,3.0349498,3.3689194,3.2335901,3.2637384,2.7382362,3.5361762,2.5228574,3.3085675,2.6544454,3.2356486,2.6521192,2.63471,2.7409337,2.3861074,3.087053,2.6583123,2.697588,2.719012,3.3557816,3.1085773,3.386809,3.2619553,3.3151634,3.4491699,3.456234,3.0908296,3.65044,3.313547,3.5170157,3.3841188,3.6208587,2.963527
24,2.3855832,2.3708498,0.7201666,1.8750244,1.3385274,1.2759056,0.7973168,1.2779388,1.3832887,1.4489247,1.9887732,1.8823316,1.2525625,1.267744,1.5661807,1.7946119,1.2542871,1.8187026,1.7101494,1.4468719,1.6405114,1.5075434,2.169455,2.531677,0.0,1.6131661,2.7243655,2.400304,0.51448613,0.7931026,0.6379444,0.5211881,2.2104354,2.2562068,2.3101752,2.5498376,2.743243,2.2227747,3.2926707,3.0437396,2.5900748,2.4437807,2.6464329,2.772901,2.3302608,2.6538153,2.9438787,3.2458925,2.0511165,2.1534286,1.8903755,2.1410384,1.7468227,2.097143,2.0439548,1.6922637,2.370635,1.2234622,2.170302,2.2935836,1.8732148,1.8641529,1.5289724,2.3336205,2.5867338,2.5855277,2.7303612,3.579196,3.0185509,2.7159226,3.227641,2.6328368,3.5346434,3.4635117,3.3589308,2.7091734,3.288119,3.0630836,3.5088816,3.206799,3.3549657,3.042947,3.044947,3.1656597,2.7149053,2.691589,3.1680248,2.5513535,3.2101164,3.193319,2.8798447,2.5412414,2.00221,3.0188105,2.6143918,2.8755052,2.4638474,3.2361655,2.3257647,2.0042531,1.7890898,2.5501347,1.9664428,2.4612546,2.285166,3.0314653,2.4213183,2.2756424,2.2199697,1.9702407,2.5343006,2.3495898,2.4421659,2.4692006,3.1592789,3.238279,3.2285733,3.0973432,3.2817283,3.1309583,2.6608396,2.5878482,3.2122002,3.237839,3.130406,3.00436,3.0869668,2.6253736
25,2.2373452,2.5318997,1.5905505,2.425312,1.0555751,1.1576601,1.4434912,1.1714475,1.1247457,1.2052617,1.5517774,1.7980667,1.5064794,0.93678004,1.4327217,1.6929954,1.709454,2.4238493,0.75809574,0.58446753,0.95442855,1.6767561,1.9006937,1.809204,1.6131661,0.0,1.9864564,1.8315191,1.5957932,1.4880292,1.5413045,1.5533695,2.6519685,2.5536542,2.5579553,2.877241,3.1573713,2.6615899,3.5432937,3.46248,3.209335,3.0701032,3.1299217,3.2001085,2.9329147,3.1491244,3.1557102,3.426677,2.2901897,2.7442403,2.2646334,2.7390418,2.3501775,2.5562105,2.6278012,2.283276,2.58482,1.9906287,2.6412435,2.3787088,2.488717,2.481813,2.1124616,2.805289,2.553313,2.5530846,2.5253818,3.6057017,2.9936004,2.5165625,3.2402844,2.5904522,4.039157,3.5926266,3.2837045,2.6247241,2.980905,2.6372063,3.1776369,2.986967,3.6406918,3.3018408,3.3880112,3.502728,3.1136684,2.876427,3.5703785,2.8424945,3.5918605,3.5221612,3.2259066,2.928352,2.3966267,3.3483336,3.020498,2.892907,2.7348576,3.4922976,2.6379232,2.6056054,2.3307943,3.0108962,2.331698,2.904632,2.1321037,2.8482132,2.5644388,2.4970977,2.2798927,2.0986595,2.4665003,2.1622188,2.640136,2.6680667,3.265823,3.1702814,3.0714905,2.928565,3.3005636,3.4794087,3.2168038,3.1155086,3.5945528,3.3666332,3.4893513,3.3878675,3.3538692,3.0517368
26,2.7231915,2.5932257,2.4451632,2.8724203,2.29976,2.3449187,2.4984438,2.2626798,2.1608782,2.1669254,2.0366733,2.4231565,2.4834023,2.1073194,2.365472,2.407534,2.7748199,3.001727,2.0384731,1.9810272,2.144236,2.603109,2.8994021,2.9113913,2.7243655,1.9864564,0.0,0.6759138,2.6047251,2.4798093,2.4730835,2.5019727,3.3065717,3.0379496,3.3363988,3.341145,3.5322769,3.063769,4.0114565,3.7412398,3.6418486,3.5137236,3.6362,3.5407522,3.3450608,4.088024,3.6017175,3.5525105,3.0956624,2.813746,3.0633233,2.8021083,3.0456073,3.2791264,3.2864506,2.9459784,3.3754554,2.9186752,3.234944,3.0855181,3.163288,3.156533,2.8832765,3.5188837,3.1280742,3.1610951,2.987657,3.647484,3.434879,3.1304376,3.6828089,3.127386,4.384753,3.7645428,3.6225016,3.102765,3.350403,3.198737,3.0813794,3.075086,4.274913,3.5303795,4.1442394,3.6862,3.481191,3.2987769,3.9088497,3.2521951,3.739729,3.9125876,3.3437188,3.2481704,3.577948,3.523693,3.4588733,3.1095135,3.168574,4.5343657,3.2100818,3.190455,3.0219424,3.8700569,2.8425055,3.2959716,2.7735324,3.3550632,3.0642247,2.9583488,2.7930295,2.5331466,2.9468074,2.967983,3.1745293,3.1924832,3.700608,3.4932773,3.774628,3.6061559,3.7560136,3.9012988,3.9942102,4.0172825,4.418904,4.098094,4.22954,4.139725,4.054889,3.8517826
27,2.4996135,2.3882697,2.1677547,2.6473331,2.0316975,2.0501533,2.2396863,1.9729668,1.8498374,1.8616079,2.124587,2.184388,2.2454967,1.8303435,2.0969725,2.1788838,2.4526753,2.803001,1.902008,1.8145891,2.0014853,2.478742,2.7439842,2.8505974,2.400304,1.8315191,0.6759138,0.0,2.2579153,2.1249526,2.140102,2.1756651,3.0685766,2.9498527,3.233691,3.253999,3.4574804,2.9912515,3.8879569,3.683264,3.5091665,3.375519,3.5314286,3.504568,3.2003355,3.9481153,3.4583728,3.4303377,2.8496504,2.5835016,2.8148854,2.556862,2.7945223,3.0630102,3.053636,2.7039654,3.1167006,2.6423583,3.150367,3.0170484,2.9185174,2.9108436,2.6183553,3.3123264,3.062225,3.0956638,2.9277086,3.6106043,3.3811448,3.0649378,3.6487668,3.080965,4.2598114,3.6275594,3.5664918,3.025225,3.2904906,3.132556,3.0085506,2.8995478,4.220153,3.4515142,4.0596657,3.6437168,3.3905602,3.2022305,3.8244321,3.1509516,3.6362278,3.7294939,3.1423159,3.0560334,3.4247704,3.3531618,3.258624,3.146236,3.062037,4.455512,2.9282422,2.9013567,2.7566822,3.6652026,2.7229867,3.1760035,2.6542573,3.2655199,2.9445927,2.8600976,2.636493,2.4025607,2.8313115,2.854454,2.8278947,2.8441136,3.5011976,3.355768,3.6438837,3.4601443,3.5665324,3.729504,3.9252243,3.9195378,4.2594743,4.0557384,4.193303,4.101023,4.013322,3.7953167
28,2.4073088,2.4244428,0.7934861,1.9769235,1.2681605,1.1960558,0.9689719,1.2000244,1.4447631,1.486575,1.9262124,1.96557,1.4591265,1.299911,1.5770924,1.8641744,1.3106393,1.8514178,1.7652969,1.4356849,1.5820576,1.5495473,2.2923102,2.6392307,0.51448613,1.5957932,2.6047251,2.2579153,0.0,0.45133927,0.3738791,0.2946074,2.313258,2.3845127,2.4264011,2.6598513,2.9207633,2.3314843,3.421579,3.2298737,2.7882094,2.641215,2.887602,2.958642,2.4811187,2.8487792,3.0228758,3.3621483,2.0969453,2.2807007,1.9696919,2.2628174,1.8799428,2.21641,2.1480684,1.8247844,2.3969836,1.2999208,2.1876593,2.3310196,1.9807435,1.9701496,1.5579728,2.519817,2.6070182,2.607284,2.6962488,3.5770888,2.989726,2.6840198,3.2412286,2.6572573,3.5888376,3.4709878,3.4304874,2.7287247,3.2598104,2.9894114,3.4193797,3.1471822,3.4499826,2.959364,3.0955262,3.1421487,2.6821952,2.6176069,3.1975737,2.448887,3.228719,3.0913048,2.6551666,2.3765628,2.1617172,2.917435,2.578686,2.8532248,2.504477,3.4240527,2.3580952,1.940948,1.8171294,2.5175767,1.9056157,2.4374661,2.031324,2.7762103,2.3544188,2.230347,1.9497523,1.7979962,2.4370663,2.1585233,2.303636,2.3273284,3.1432922,3.2019947,3.075602,2.9371424,3.2652006,3.214414,2.8348153,2.6952465,3.2925093,3.3044062,3.276212,3.142884,3.2309637,2.764614
29,2.342863,2.5221598,1.0755161,2.1207595,1.1142936,1.0387708,1.2075641,1.0291607,1.3991506,1.429546,1.8747659,1.9317535,1.6930387,1.2438195,1.5249732,1.8092422,1.2657313,1.7952923,1.6705265,1.3025465,1.5716101,1.663461,2.2938817,2.6154795,0.7931026,1.4880292,2.4798093,2.1249526,0.45133927,0.0,0.43562198,0.5752447,2.360525,2.4562612,2.519497,2.7472148,3.0280256,2.4743435,3.496424,3.3296678,2.8581471,2.7166944,2.9395614,3.0161421,2.5585563,2.9439602,2.8736947,3.2054102,1.9842067,2.3146691,1.9747959,2.3038437,1.9870318,2.324614,2.253957,1.9149406,2.3111222,1.4496571,2.2689815,2.1883442,2.0985043,2.0852427,1.6643647,2.594755,2.6481125,2.6694782,2.683698,3.6155372,3.0099502,2.6510289,3.2929041,2.6677415,3.6842234,3.5430624,3.4686537,2.7725585,3.124665,2.8315442,3.259588,2.972909,3.5308816,3.0330317,3.2232733,3.1998463,2.8404746,2.6934276,3.3309536,2.5422554,3.2774959,3.1539245,2.6805716,2.4411309,2.235059,2.9952564,2.6435502,2.8736138,2.6091707,3.4813163,2.4883683,2.043313,1.9011455,2.5891407,2.0654883,2.6254318,1.919101,2.698541,2.3546057,2.3365963,1.9011779,1.8325076,2.4300382,2.1582975,2.1890054,2.2101452,3.0485835,3.113495,3.0191824,2.8784668,3.1759474,3.3049533,2.914646,2.7805564,3.175356,3.1867113,3.3199124,3.1971946,3.2651744,2.8357165
30,2.2734046,2.390732,0.83052886,1.9579791,1.0954858,1.0198191,1.0049318,1.0071611,1.3867139,1.4310808,1.8773301,1.8529264,1.5333995,1.1853054,1.3999519,1.6971804,1.2958099,1.8143927,1.707407,1.3292383,1.4845334,1.5763577,2.2139335,2.5975296,0.6379444,1.5413045,2.4730835,2.140102,0.3738791,0.43562198,0.0,0.26444805,2.392001,2.4197648,2.5162299,2.6333447,2.830216,2.2316017,3.3189762,3.1220174,2.7907386,2.651143,2.8926845,2.9436932,2.4956439,2.9714546,2.9313662,3.2367125,2.0419195,2.238306,2.0747328,2.2273943,1.961995,2.3246515,2.2254055,1.8974005,2.3835847,1.4298338,2.189951,2.2814772,2.0653465,2.0555964,1.712684,2.5858326,2.5041318,2.5043151,2.5872753,3.4572492,2.8069866,2.5536013,3.1399486,2.5281267,3.4919245,3.418083,3.3338034,2.6722145,3.0689492,2.8080282,3.212545,2.9451926,3.3221717,2.789243,2.99983,3.0379174,2.6169105,2.483102,3.1394455,2.347581,3.1342974,2.9848285,2.5810363,2.3074698,2.1645472,2.9057796,2.5326488,2.739958,2.4551582,3.331442,2.3425455,1.9295348,1.8005675,2.5235622,1.8792474,2.393912,1.9564627,2.7612562,2.207291,2.1360936,1.8892037,1.652487,2.2811406,2.0996194,2.1231341,2.1446629,2.9714444,3.0346694,2.9738574,2.8271728,3.1081393,3.1445715,2.8050513,2.6783357,3.1161816,3.1170151,3.2310898,3.0997467,3.1078758,2.6908493
