,0,1,2,3,4,5,6,7,8,9,10,11,12,13,14,15,16,17,18,19,20,21,22,23,24,25,26,27,28,29,30,31,32,33,34,35,36,37,38,39,40,41,42,43,44,45,46,47,48,49,50,51,52,53,54,55,56,57,58,59,60,61,62,63,64,65,66,67,68,69,70,71,72,73,74,75,76,77,78,79,80,81,82,83,84,85,86,87,88,89,90,91,92,93,94,95,96,97,98,99,100,101,102,103,104,105,106,107,108,109,110,111,112,113,114,115,116,117,118,119,120,121,122,123,124,125,126,127
0,0.0,1.0972265,2.630209,2.721485,2.7021513,2.5899723,2.5004404,2.492758,2.5641456,2.441043,3.5095336,3.4440258,2.8745408,3.2104516,3.2931087,2.8519993,2.2484155,3.6244116,2.1826382,2.0422215,3.2528324,3.2012694,3.5352018,3.2548165,2.3973067,2.7046065,2.7906935,2.7536545,2.5409617,2.353941,2.93032,3.114927,3.2528505,2.8206942,3.3261983,3.021718,3.1569107,2.6875484,3.1845472,4.543785,2.9839008,2.507141,2.3622575,2.3898923,3.126674,2.1844141,2.4558113,2.3760872,2.455423,3.0451455,2.880322,2.4914227,2.2273343,1.7877804,1.6724236,2.0192547,2.3720586,2.7242072,2.8102221,2.6909096,3.149515,3.105398,3.1441052,3.1304138,3.0040057,2.9718034,3.0125694,3.2766793,2.978607,3.303897,3.487333,3.5723226,4.294073,4.3264794,3.6864405,3.6864405,3.879612,3.5133102,3.7600074,4.2013903,2.838603,2.905697,2.7572904,2.8297734,2.9657412,3.032486,2.9081495,2.9081495,2.8332052,2.7975805,3.1769216,3.1000803,5.474148,3.405081,4.2105985,4.8649316,4.229857,4.088032,3.6056228,3.55039,4.394189,4.6176343,4.372352,3.756501,3.678162,3.700414,3.4769385,3.6578772,4.0356812,4.1021385,4.0161853,4.01553,4.460023,3.9216897,4.1442256,3.6592515,4.682684,4.7456665,5.1794252,5.226736,3.3824856,3.2370226,3.226611,3.544373,3.2978647,3.244563,4.757678,3.3432865
1,1.0972265,0.0,2.5562873,2.6429214,2.8556654,2.7426748,2.7793815,2.7620773,2.7698793,2.6573882,3.671626,3.609466,2.8225377,3.2391098,3.394239,2.816808,2.239714,3.550707,2.1540232,2.452657,3.5238037,3.4805136,3.862757,3.5154777,2.307759,2.5245726,2.8112848,2.7683182,2.4812853,2.3832688,3.0026624,3.0404828,3.5462906,3.1142373,3.6927536,3.3680906,3.5960531,3.0389597,3.6665003,5.1185017,2.9804804,2.4825814,2.4164028,2.5953531,3.1210613,2.3934798,2.4778671,2.555455,2.66329,3.2103336,3.02391,2.8014789,2.5854096,2.1885867,2.0995743,2.769574,2.5041087,2.9075,2.979738,2.8315537,3.3435225,3.2429304,3.3045814,3.3576581,3.2228646,3.193452,3.3537445,3.6317146,3.1982107,3.5169764,4.085155,4.183269,4.1402884,4.5204716,3.8323483,3.8323483,3.9147134,3.4437976,3.7574656,4.191348,2.9765627,3.0418417,3.0525384,3.1161141,3.0414872,3.1080492,2.9894185,2.9894185,3.1066709,2.6849568,3.2198217,3.1157699,5.5328274,3.4834504,4.2853494,4.7413616,4.268976,4.1514745,3.6311853,3.522123,4.56865,4.721711,4.533667,3.887607,3.5641866,3.5810256,3.384753,3.5734503,3.9659526,3.7892597,3.9418814,3.95855,4.6926427,4.0565214,4.3044243,3.9136987,4.8910713,4.936436,5.2792625,5.2682366,3.4748323,3.2597432,3.358218,3.6136794,3.2626085,3.378459,4.8104,3.226777
2,2.630209,2.5562873,0.0,1.0376235,1.5394821,1.1957073,1.6221936,1.616496,1.1437747,1.0952443,1.751979,1.8192662,1.2645609,2.0651724,2.5661747,1.3380407,1.5108684,3.199455,1.380177,1.5849185,3.1242757,3.1218252,3.3908534,3.1973395,1.6769927,2.0894775,2.324955,2.3038826,1.9231113,1.6687738,1.5516101,1.2923088,3.1572895,3.0875819,3.1139998,2.7868967,2.9487581,2.1763089,2.8676972,3.965426,2.24595,1.7382069,1.5647202,1.9533114,2.7303526,1.6306726,1.8991812,1.8747157,1.5840269,2.4855783,2.4566364,2.101266,1.7364657,1.9371915,1.8801593,2.5241616,2.2790792,1.9920888,2.0694003,1.8141764,2.4231482,2.478576,2.3960557,2.4349442,2.8758247,2.8323948,3.0466344,3.0224574,2.8719885,2.830423,4.456543,4.5387206,3.9177775,3.7403982,3.493003,3.493003,3.524408,3.456075,3.4097738,3.4026198,3.0646589,3.239472,3.0815403,3.158843,3.0748677,3.1360996,3.0389657,3.0389657,2.8433921,2.388379,2.9021194,3.23476,4.310241,2.8625534,3.3746414,3.913632,3.9059494,3.8915038,3.5531058,3.6021307,4.0398693,3.8925006,3.4493363,3.1886828,3.2999141,3.540564,3.2357762,3.4084947,3.4994884,3.3449204,3.4289498,3.4165628,4.6539216,3.5007067,4.7238264,4.217872,3.6747212,3.7252886,4.195269,4.186492,3.6274352,3.3475616,3.3854527,3.6402636,3.4600966,3.539522,3.521065,2.581336
3,2.721485,2.6429214,1.0376235,0.0,1.2303233,1.5663432,1.72695,1.6875505,1.6552712,1.5085174,1.9069988,1.8738656,1.5508149,2.7632143,2.1134,1.3165435,1.9184924,3.22968,1.8049527,1.9875529,3.4193156,3.3815727,3.5282598,3.4714549,1.3503046,1.8953822,2.1934912,2.1863694,1.7685187,1.5514622,1.2879137,0.90911674,3.1419764,3.0359807,3.1674583,2.7219267,2.9943824,2.1235633,2.9980943,3.9791174,2.0409746,1.7251595,1.5200506,1.9128661,2.7260644,1.5994128,1.5694851,1.54322,1.4862229,2.3894782,2.3456967,1.9637341,1.6165173,1.7056043,1.8209916,2.510132,2.081516,2.0357924,2.1087763,1.8560131,2.2312543,2.1898487,2.3741524,2.2887714,3.4932072,3.4457796,3.6107695,3.595825,3.5060973,3.4670074,4.9059596,4.9878073,4.3115354,4.159089,3.960222,3.960222,4.0444703,3.9193442,3.8809254,3.8929331,3.4527774,3.671762,3.5515764,3.6502182,3.4854133,3.5440292,3.4506419,3.4506419,3.408423,2.9791908,3.408173,3.7451334,4.7011733,3.4241252,3.9764943,4.457961,3.829564,3.8019974,3.4731038,3.4257395,3.9200983,3.8411772,3.3495934,3.2157993,3.2815814,3.4821866,3.1243935,3.3300607,3.5214927,3.346355,3.4693003,3.4123359,4.7672915,3.5578377,4.5916114,4.272709,3.5562265,3.5961437,4.052848,3.9960005,3.3538015,3.0819879,3.1806624,3.4484031,3.023034,3.1635742,3.5183306,2.3350174
4,2.7021513,2.8556654,1.5394821,1.2303233,0.0,1.0095198,0.97111726,1.0084689,1.2091235,1.2323,1.3665563,1.3481603,1.9510946,2.7828276,2.0440722,1.9273092,1.7489022,3.0679002,1.6866347,1.9020969,3.288534,3.2386384,3.2119763,3.3349698,1.5114514,2.1112537,1.8786135,1.8787403,1.7414737,1.4560953,1.1040847,1.5520254,2.2907124,2.1946955,2.4392092,1.9032707,2.0657566,2.08535,2.100582,3.366857,2.5162597,1.9741398,1.8042977,2.1672566,2.8330324,1.8578134,1.7733262,1.8934369,1.2717324,2.2839775,2.2742372,2.0202196,1.4241953,1.4861012,1.6089994,2.391805,2.441745,2.1441553,2.2440922,1.8764435,2.448819,2.5762682,2.4089243,2.3916867,3.342633,3.2940602,3.1712198,3.136604,3.3736193,3.2900994,4.371188,4.4640284,4.473022,4.3516655,4.0184875,4.0184875,3.949362,4.1076384,3.8615012,3.960051,3.4500787,3.68006,3.2902305,3.4032695,3.666393,3.705526,3.610751,3.610751,3.1390133,3.1165724,3.50337,3.8315086,4.779849,3.5867019,4.0228343,4.435715,3.7134187,3.5512733,3.344593,3.491482,3.650553,3.6078823,3.1970456,2.999005,3.5768952,3.7802272,3.4515939,3.6403394,3.8487751,3.6391356,3.8044872,3.7510712,4.7489777,3.3928645,4.4301257,4.1079144,3.3181205,3.441199,3.9207196,4.2799563,3.3184702,2.9069092,2.6681545,2.9584892,3.1568494,2.8551793,3.7074816,2.278981
5,2.5899723,2.7426748,1.1957073,1.5663432,1.0095198,0.0,0.7391513,0.71569484,0.7256267,0.62082136,1.0981245,1.105141,1.6249481,2.0116177,2.3128183,1.8187915,1.2153435,3.065637,1.1730335,1.3623654,3.0322654,3.0029047,3.1282117,3.0869741,1.7644475,2.2448585,2.0285444,2.014339,1.8555593,1.550812,1.438375,1.7156267,2.321183,2.2554443,2.5301015,2.135904,2.1650095,2.1681716,2.1639798,3.3689663,2.643536,1.9072026,1.7358763,2.0649786,2.7593105,1.7377111,1.9580368,2.0102055,1.3198321,2.3351238,2.3382657,2.1000006,1.4575061,1.6628296,1.5671067,2.2889707,2.6733918,2.0547378,2.170219,1.8022254,2.5889769,2.723451,2.432055,2.5196552,2.672176,2.6184094,2.4822953,2.4464936,2.7109585,2.5812988,3.92548,4.0306797,4.0638685,3.8822598,3.5468512,3.5468512,3.4864352,3.6815915,3.3891459,3.45505,2.884469,3.12515,2.6961722,2.8199449,3.1160035,3.1518705,3.0509377,3.0509377,2.4614046,2.4659157,2.8845737,3.2413063,4.2711115,2.938297,3.3656738,3.8622193,3.9339838,3.7854187,3.3722153,3.5121095,3.7860906,3.6685932,3.2717247,2.986181,3.5462983,3.7748978,3.4428837,3.640971,3.8133612,3.617379,3.7667022,3.7099488,4.69804,3.4692042,4.5800767,4.0803876,3.4561808,3.571141,4.0605125,4.4042625,3.5353694,3.146742,2.9357216,3.2137353,3.3967772,3.1278856,3.6157131,2.5120578
6,2.5004404,2.7793815,1.6221936,1.72695,0.97111726,0.7391513,0.0,0.70975894,1.0948615,0.95958257,1.281308,1.2637385,1.9530362,2.380916,2.1672773,2.0408692,1.5525153,3.074868,1.5384429,1.5544794,2.930459,2.8773303,3.057868,3.0055761,1.8993112,2.3299081,1.938041,1.9276396,1.9328965,1.6105719,1.3363824,1.8931258,2.1902325,2.0562356,2.2801127,1.9447432,2.0428708,2.1157086,2.1041403,3.309908,2.6663802,1.9760163,1.8072579,2.1585443,2.7702997,1.7786435,2.039529,2.0653079,1.3590685,2.5514605,2.5454628,2.2407048,1.3810779,1.6162738,1.5684432,2.1963742,2.6842172,2.1201253,2.2296321,1.9188415,2.5924451,2.74673,2.6545265,2.5181499,2.7725093,2.7279632,2.5550382,2.4706733,2.8604593,2.7304878,3.751513,3.8484972,4.369355,4.1882753,3.8541315,3.8541315,3.8253927,4.0121913,3.7441998,3.8756952,2.9449878,3.1799128,2.6444683,2.7618117,3.2297482,3.226373,3.165193,3.165193,2.534642,2.6630836,2.9499867,3.3109632,4.389447,3.0929003,3.4765985,3.9152973,4.037365,3.8762481,3.2568624,3.4136622,3.728997,3.6785424,3.3013382,3.0905375,3.6543925,3.8456905,3.5611749,3.747687,3.936065,3.7551517,3.896536,3.8323882,4.8248982,3.6781826,4.6660476,4.2028503,3.4597917,3.5819223,4.172897,4.5364323,3.4191782,3.075223,2.8156319,3.091071,3.1641507,2.8186038,3.7195365,2.566327
7,2.492758,2.7620773,1.616496,1.6875505,1.0084689,0.71569484,0.70975894,0.0,1.200629,0.9781404,1.2892137,1.1548641,1.7803991,2.238916,2.0232935,1.8755994,1.5387989,3.2102594,1.4711492,1.4593786,2.9771514,2.9084125,3.0255437,3.0060909,1.7957445,2.4189792,2.0068803,1.9958607,1.9828317,1.6639116,1.6060001,1.9399835,2.2088988,2.0690742,2.3669043,1.9909642,2.040639,2.0270963,2.134449,3.1403694,2.580998,2.1009219,1.8660362,1.9757879,2.9330666,1.7645231,1.9577867,1.9498235,1.381376,2.3444064,2.3397403,2.0314326,1.2798184,1.4350438,1.3659035,2.0224059,2.69934,2.1593046,2.3048542,1.9262141,2.5463862,2.642616,2.490206,2.471156,2.9078832,2.846111,2.6326334,2.616961,2.9438436,2.8347585,3.9662795,4.080953,4.252908,4.0470314,3.7268858,3.7268858,3.620915,3.7932675,3.4892287,3.6061358,2.9942784,3.2688973,2.6647987,2.837831,3.2182508,3.258918,3.166088,3.166088,2.497584,2.6174173,3.1501322,3.5084355,4.426868,3.2054577,3.6788354,4.2083216,3.8723907,3.726144,3.29171,3.4369242,3.5729327,3.5283594,3.2734835,3.0260625,3.54442,3.7503154,3.3404796,3.5652106,3.8461728,3.7743979,3.8186047,3.6931927,4.726055,3.544019,4.475444,4.005912,3.603663,3.7274501,4.2309127,4.5961795,3.505696,3.1502988,2.8727958,3.2284563,3.1678836,2.9366755,3.6211493,2.7286823
8,2.5641456,2.7698793,1.1437747,1.6552712,1.2091235,0.7256267,1.0948615,1.200629,0.0,0.64554286,1.442752,1.5713276,1.844929,2.2368932,2.7258775,2.0344598,1.3652467,3.1282167,1.2934357,1.3937826,2.942119,2.945159,3.0827513,3.0246775,1.8705,2.2403238,2.364156,2.351581,1.9050589,1.5438466,1.4945648,1.850375,2.4897509,2.4499907,2.543666,2.2417521,2.1676865,2.1619613,2.0019197,3.3962688,2.7439601,2.03785,1.8584257,2.1452954,2.9047463,1.8405092,2.1428592,2.175488,1.4352134,2.477789,2.473626,2.214856,1.6624544,1.8421134,1.7757332,2.383628,2.5898383,2.0945666,2.1437004,1.8647892,2.65651,2.8262703,2.4488437,2.5674727,2.6145093,2.5724177,2.5059285,2.446636,2.6267557,2.5554047,3.8806005,3.9681308,4.1753964,3.9676032,3.5780425,3.5780425,3.4975388,3.6917474,3.464294,3.5548296,2.9492395,3.1373782,2.7567706,2.838044,3.2038786,3.2283673,3.1406026,3.1406026,2.4826818,2.502379,2.9642131,3.2195528,4.341296,2.966683,3.346636,3.8860874,3.8194008,3.6779447,3.4635568,3.7143166,3.8217137,3.7100947,3.3322673,3.0474215,3.5955262,3.8379068,3.546034,3.697568,3.7873058,3.6903968,3.7101874,3.700145,4.651553,3.310608,4.6279664,4.175445,3.4792123,3.5875044,3.961607,4.264445,3.4904642,3.1196232,2.8966682,3.1998372,3.6617253,3.4109435,3.7143736,2.640761
9,2.441043,2.6573882,1.0952443,1.5085174,1.2323,0.62082136,0.95958257,0.9781404,0.64554286,0.0,1.3387012,1.3274257,1.603699,2.0470939,2.3762016,1.7807099,1.1779563,3.151495,1.1228195,1.0968847,2.9502676,2.9306152,3.161032,3.0277643,1.7414706,2.092153,2.3520784,2.33916,1.7651632,1.368458,1.3964752,1.6578974,2.441456,2.3835545,2.6853414,2.3566022,2.2883463,2.0794353,2.262675,3.3768895,2.6122632,1.8462785,1.6249862,1.8905306,2.7552571,1.547077,1.9476341,1.8755585,1.2293093,2.316401,2.3106623,1.9974974,1.4554362,1.6865466,1.5685037,2.1548903,2.5746422,1.9332987,1.985984,1.7458903,2.542769,2.6086755,2.4077806,2.487522,2.505185,2.4527764,2.4352808,2.3840678,2.5382237,2.4444277,3.8844984,3.9775052,4.0731087,3.787989,3.450554,3.450554,3.5071645,3.627279,3.3915136,3.4559448,2.6608734,2.9205782,2.5505266,2.65945,2.9015646,2.9327042,2.8290927,2.8290927,2.3905573,2.3493412,2.794207,3.0837457,4.219301,2.7858367,3.2653022,3.8687851,4.0048943,3.8650916,3.2972794,3.4566727,3.813619,3.7016506,3.2480326,3.0192811,3.503507,3.7092936,3.3647857,3.5643508,3.7206225,3.6147587,3.6634488,3.5905278,4.6514654,3.4035046,4.5828686,4.146344,3.4488733,3.5389082,3.8804693,4.1133575,3.388171,3.0687056,2.9192705,3.22353,3.3682792,3.1666663,3.5950906,2.588627
10,3.5095336,3.671626,1.751979,1.9069988,1.3665563,1.0981245,1.281308,1.2892137,1.442752,1.3387012,0.0,0.4219259,2.0369077,2.4234905,2.3861995,2.1738272,1.8742311,3.284386,1.8567079,1.9959186,3.271624,3.252167,3.2438512,3.324464,2.0929954,2.5052278,2.191774,2.2013254,2.120339,1.9080886,1.7556856,1.9859067,2.4294686,2.6050975,2.606101,2.2740536,2.2595708,2.369034,2.29665,3.0148833,2.8504426,2.182779,2.0303714,2.3892214,3.0099761,2.1147702,2.2249742,2.2826478,1.5218602,2.4875484,2.5830426,2.374263,2.1407673,2.2608154,2.2161412,2.779095,3.1748037,2.247107,2.3460608,2.03388,2.744922,2.926136,2.7011847,2.6863117,3.240545,3.1902308,3.0700142,3.0156393,3.3007946,3.00075,4.5426683,4.639584,4.5101266,4.1624384,4.049548,4.049548,3.9641254,4.311134,3.8832066,3.7339454,3.457252,3.6782348,3.262219,3.3738792,3.7225547,3.7442884,3.6598175,3.6598175,3.080893,3.098695,3.4488485,3.922674,4.093148,3.5226464,3.4968479,3.9287114,4.221126,4.081549,3.656177,3.8198698,4.0306506,3.7775724,3.4827201,3.1510973,3.9085011,4.151847,3.8470857,4.0323853,4.0236187,3.7693496,3.9742115,3.8729684,5.022745,3.8794096,4.8539968,4.3778877,3.1052916,3.2488384,3.7773876,4.193502,3.8784034,3.5277312,3.246273,3.4927254,3.6138868,3.3451602,3.3585472,2.616712
11,3.4440258,3.609466,1.8192662,1.8738656,1.3481603,1.105141,1.2637385,1.1548641,1.5713276,1.3274257,0.4219259,0.0,1.92737,2.3610888,2.0963228,2.05482,1.8735876,3.3751743,1.8543189,1.9726151,3.3779123,3.3391352,3.351602,3.4201322,2.0754097,2.523812,2.243802,2.2519224,2.1317828,1.908591,1.7372346,1.9468395,2.3969464,2.5331883,2.6842306,2.306073,2.2859726,2.3426547,2.407893,3.0409234,2.8181067,2.244121,2.0664682,2.3383527,3.0647154,2.1086187,2.2027164,2.2207267,1.5481906,2.4681325,2.5537844,2.3223555,2.0308557,2.190683,2.1412568,2.7107456,3.2027876,2.3238912,2.4309878,2.1116312,2.7324734,2.842711,2.6850054,2.6826384,3.2768207,3.2194202,3.0741138,3.0157661,3.3390799,3.0541754,4.5572124,4.6601157,4.49315,4.1464252,4.0181274,4.0181274,3.962606,4.2796774,3.8383336,3.7109587,3.4232152,3.694129,3.2045262,3.3386426,3.6324937,3.6640131,3.5741925,3.5741925,3.0814126,3.1013927,3.4657156,3.9377067,4.1992955,3.5158477,3.6320999,4.093546,4.299451,4.171297,3.5962567,3.745394,4.011855,3.7881877,3.4302416,3.1905768,3.9194283,4.1412225,3.7863078,4.0052624,4.0865364,3.8509395,4.05219,3.9045875,5.0280566,3.8767626,4.8264837,4.3832345,3.1909716,3.3259878,3.8003602,4.223342,3.8914397,3.5391648,3.278051,3.541589,3.488806,3.2088869,3.4236202,2.6673634
12,2.8745408,2.8225377,1.2645609,1.5508149,1.9510946,1.6249481,1.9530362,1.7803991,1.844929,1.603699,2.0369077,1.92737,0.0,1.4269208,1.8566656,0.5375996,1.8231425,3.4145422,1.7008702,1.825538,3.3717842,3.3529289,3.5876343,3.4147446,2.0518625,2.474389,2.6564476,2.6355712,2.282861,2.09623,2.1259508,1.9346596,3.2153115,3.147425,3.0258784,2.7206535,3.133068,1.9900672,3.1839497,4.087246,1.7840463,2.2582815,2.1008265,2.2902672,3.0365176,2.0564828,2.2227213,2.1859512,2.0470762,3.0667775,3.0385926,2.4030328,2.1337218,2.2583303,2.1893644,2.7484958,2.5491734,2.5071876,2.5894132,2.323267,2.1275375,2.0662973,2.0950634,2.139098,3.1048834,3.0439448,3.134961,3.1496603,3.121742,3.0461042,4.3771873,4.4722257,3.8849075,3.6972947,3.588193,3.588193,3.5731277,3.541252,3.3849874,3.3740165,3.6131008,3.8610067,3.0704312,3.1780522,3.0737982,3.1494682,3.1399248,3.1399248,2.9510078,2.575341,3.1435719,3.5144227,4.5066986,3.0181224,3.686937,4.1669555,4.051718,4.2644787,3.4356687,3.7391477,4.2841477,4.163493,3.7091167,3.4802456,3.6538758,3.866605,3.4695868,3.7126164,3.9070098,3.7342935,3.8680737,3.7789283,4.405678,3.826462,4.888968,4.4303374,3.882693,3.93204,4.3198977,4.4189897,4.346588,4.056073,4.074787,4.2958493,3.3458023,3.5100331,3.568688,2.8302221
13,3.2104516,3.2391098,2.0651724,2.7632143,2.7828276,2.0116177,2.380916,2.238916,2.2368932,2.0470939,2.4234905,2.3610888,1.4269208,0.0,2.732204,1.8950384,2.043728,3.7886202,1.9782262,2.061494,3.4360356,3.4432464,3.7681134,3.475262,2.9156873,3.2118187,3.1503797,3.1203332,2.9576864,2.7807019,2.9861712,2.9856164,3.3318768,3.316062,3.1903186,3.0363793,3.2879007,2.5941446,3.3445346,4.20146,2.6976259,2.879553,2.7768877,2.896488,3.4948928,2.7207108,3.0425427,3.0278652,2.7006745,3.5776782,3.5718193,3.0327368,2.8274522,2.9465175,2.7241971,3.1575277,3.3621657,3.0122793,3.106707,2.8626301,2.9096606,2.9531558,2.7019348,2.8556669,2.6754842,2.6175964,2.6031065,2.6678958,2.6936924,2.5762854,3.8257637,3.9309416,3.7398417,3.531711,3.3583305,3.3583305,3.2388427,3.4072766,3.118897,3.1108382,3.5339959,3.731438,2.6300042,2.7175226,2.8941956,2.9694965,2.9750118,2.9750118,2.505689,2.3623562,2.967726,3.317146,4.333295,2.829893,3.344243,3.847462,4.528117,4.7182355,3.7328253,4.156302,4.6876736,4.5166316,4.221956,3.7798336,4.143776,4.33977,4.0203643,4.23403,4.359028,4.1844454,4.326932,4.2435713,4.508879,4.2257876,5.205734,4.5455637,4.3291554,4.409611,4.799712,5.074632,4.977518,4.684496,4.573788,4.7731547,4.0316515,4.0370135,3.9712172,3.5299869
14,3.2931087,3.394239,2.5661747,2.1134,2.0440722,2.3128183,2.1672773,2.0232935,2.7258775,2.3762016,2.3861995,2.0963228,1.8566656,2.732204,0.0,1.7322928,2.6661913,3.787995,2.5923312,2.6964877,3.939429,3.8520198,3.9800656,3.9703457,2.4155934,2.88033,2.7659848,2.7603939,2.6291602,2.4539142,2.2633402,2.4567242,2.9108434,2.7998745,2.9460816,2.534511,3.0031912,2.261663,3.3275151,3.9579995,2.2322035,2.835147,2.6901639,2.8294106,3.484521,2.6573002,2.554965,2.5278597,2.3995569,3.31262,3.2951367,2.674466,2.3666923,2.4529178,2.4937444,3.033698,3.0069282,3.0154634,3.104742,2.851925,2.431303,2.2621994,2.645727,2.4398263,4.0326705,3.9729369,3.8880062,3.8643432,4.0935984,4.002288,4.735316,4.8248453,4.7290897,4.5907516,4.442619,4.442619,4.4327545,4.5051236,4.2342587,4.322737,4.313937,4.6114516,3.6548517,3.7836792,3.8769927,3.9409668,3.929926,3.929926,3.7861187,3.6822886,4.135182,4.5140243,5.3121295,4.1044273,4.777079,5.133127,4.385328,4.5331726,3.296563,3.652437,4.2249045,4.215844,3.794267,3.7526257,4.2085757,4.2921863,3.8797717,4.154897,4.515108,4.250829,4.52272,4.323287,4.8490105,4.2672253,4.939927,4.679606,4.0159435,4.106715,4.435302,4.7623897,4.477284,4.201116,4.0485296,4.2520137,2.917256,2.8822262,4.053088,3.0630229
15,2.8519993,2.816808,1.3380407,1.3165435,1.9273092,1.8187915,2.0408692,1.8755994,2.0344598,1.7807099,2.1738272,2.05482,0.5375996,1.8950384,1.7322928,0.0,2.0537531,3.4958065,1.9299458,1.9471784,3.4452374,3.4149146,3.6264782,3.481822,1.9606242,2.445121,2.583616,2.5667424,2.2858467,2.1179805,2.0927632,1.7902962,3.361393,3.2707021,3.132722,2.7850478,3.2538147,1.880745,3.302296,4.1196036,1.5199302,2.196512,2.003209,2.155627,3.0164902,1.9435784,2.0678718,1.9746947,2.0275593,3.047029,3.0109212,2.3117542,2.0421462,2.1265335,2.1200871,2.622086,2.318618,2.434752,2.5279136,2.2786715,1.9229738,1.8088704,2.0859206,1.981022,3.3551815,3.2959406,3.4290535,3.4460073,3.375066,3.3128443,4.621184,4.7095685,4.072981,3.8237913,3.7691891,3.7691891,3.830134,3.7041748,3.6299255,3.6104298,3.7264988,3.9698975,3.298424,3.4085994,3.2007372,3.2760448,3.2650936,3.2650936,3.1989524,2.7857575,3.2687538,3.6605854,4.6160975,3.182698,3.8525388,4.3830028,4.007118,4.2381034,3.4594755,3.6564763,4.2580123,4.1747437,3.6913376,3.4961839,3.5456755,3.7478075,3.3422272,3.590878,3.801591,3.7022705,3.7679548,3.6661239,4.4436407,3.889596,4.855716,4.421253,3.8555825,3.8870077,4.3686557,4.3550487,4.234674,3.9895482,4.0790844,4.3205132,3.160143,3.4224002,3.5163975,2.802274
16,2.2484155,2.239714,1.5108684,1.9184924,1.7489022,1.2153435,1.5525153,1.5387989,1.3652467,1.1779563,1.8742311,1.8735876,1.8231425,2.043728,2.6661913,2.0537531,0.0,2.6368124,0.35471174,1.1284101,2.993206,3.0097387,3.1223485,3.0082371,1.4579947,1.5609771,2.0780487,2.0626116,1.25386,1.1393397,2.1245737,2.2142336,2.3251169,2.2546935,2.727734,2.294561,2.5007572,2.3455272,2.5106828,3.7322247,2.4960861,1.4133476,1.3675338,1.9848803,2.1989524,1.4225687,1.6031288,1.7883911,1.2174559,2.3905547,2.348324,2.1040792,2.1417096,1.7381567,1.5658422,2.3717885,2.6538196,1.9822049,2.0232694,1.7923198,2.619374,2.6932912,2.2986271,2.5824585,2.4800835,2.428266,2.3610432,2.6596975,2.5298665,2.4606965,3.696443,3.8127916,3.8600552,3.8112366,3.5086,3.5086,3.5817378,3.646106,3.423515,3.5035403,2.5818105,2.7587125,2.5713658,2.6648967,2.7872117,2.80389,2.7175725,2.7175725,2.3831728,2.2044528,2.6266901,2.8278937,4.1590843,2.9102101,3.1490633,3.611816,4.040695,3.8882346,3.3477342,3.4552715,4.2532105,4.134621,3.989045,3.2162035,3.6453173,3.8270092,3.5194283,3.734748,3.837797,3.4084253,3.7766726,3.7912993,4.40949,3.7779384,4.282586,3.8518171,3.600521,3.6937978,3.935804,4.183981,3.3817422,3.0033734,2.8715324,3.0528991,3.1699998,3.0922897,3.565816,2.1006234
17,3.6244116,3.550707,3.199455,3.22968,3.0679002,3.065637,3.074868,3.2102594,3.1282167,3.151495,3.284386,3.3751743,3.4145422,3.7886202,3.787995,3.4958065,2.6368124,0.0,2.6763818,2.973831,2.9152548,2.9387608,2.880021,2.9618938,2.8038597,2.6981516,3.2038417,3.1933196,2.681323,2.7999623,3.3518097,3.4230025,3.6299474,3.569715,2.9781346,3.365284,4.0756774,3.995266,4.0274076,5.2328844,3.521094,2.4824955,2.8404953,3.952383,1.8208302,2.8937902,2.8136494,3.1281457,2.7130144,3.4120448,3.3689134,3.2502055,3.6377757,3.2307224,3.2667363,3.8095257,3.8190513,3.389023,3.3719459,3.2285278,3.6603518,3.8842735,3.456885,3.643003,3.9345427,3.90104,3.81165,4.0557647,3.9737518,3.9254444,4.1278443,4.247394,3.8648665,4.340985,4.576577,4.576577,4.455467,4.5117393,4.2333775,4.3071775,4.2437873,4.2675757,4.308929,4.381414,4.7794604,4.7621183,4.736171,4.736171,3.890957,3.7724626,4.2365146,4.377175,5.0755396,4.2351665,4.4488397,3.7329977,4.6681094,4.472414,4.2929683,4.333992,5.0643234,4.9768786,4.868038,4.282364,4.6186886,4.9037642,4.70818,4.840178,4.764638,3.7763023,4.7078037,5.0550303,4.6671414,4.757543,4.7482615,4.6056957,4.2431335,4.345241,4.496768,4.713369,3.9271162,3.585115,3.43743,3.0101912,3.620863,3.7803497,4.0580187,2.073503
18,2.1826382,2.1540232,1.380177,1.8049527,1.6866347,1.1730335,1.5384429,1.4711492,1.2934357,1.1228195,1.8567079,1.8543189,1.7008702,1.9782262,2.5923312,1.9299458,0.35471174,2.6763818,0.0,1.1190629,2.8140953,2.8298316,2.9514182,2.8229184,1.3314414,1.5738575,2.055959,2.0374868,1.2466538,1.1061574,2.0790038,2.1582787,2.3896556,2.3132174,2.620621,2.2993617,2.439656,2.2025747,2.4615877,3.7550752,2.402154,1.4889327,1.3881902,1.8789907,2.3708472,1.434755,1.6141615,1.7793192,1.2057699,2.3206882,2.2742076,2.0085802,2.0967941,1.698035,1.5313365,2.3648944,2.5864658,1.9944062,2.0462174,1.788959,2.5959544,2.646159,2.267843,2.55545,2.5187573,2.4670684,2.447476,2.7322252,2.545092,2.5086162,3.801994,3.9192982,3.7714567,3.7865222,3.4399734,3.4399734,3.4099007,3.4554172,3.2595854,3.3466597,2.6533744,2.7921498,2.612794,2.7027438,2.8653169,2.9014065,2.80603,2.80603,2.38339,2.1535196,2.7581532,2.9577897,4.2289333,2.9300678,3.2272575,3.6864974,3.9782333,3.850261,3.3307207,3.451228,4.2398577,4.1256795,3.9770124,3.2153773,3.6279457,3.8090038,3.5033026,3.722188,3.8128397,3.453809,3.75462,3.7362032,4.3941736,3.701736,4.215593,3.7547278,3.608225,3.7061038,3.934447,4.1765447,3.3969882,3.0272334,2.8580313,3.095297,3.1686702,3.0843308,3.5965254,2.181201
19,2.0422215,2.452657,1.5849185,1.9875529,1.9020969,1.3623654,1.5544794,1.4593786,1.3937826,1.0968847,1.9959186,1.9726151,1.825538,2.061494,2.6964877,1.9471784,1.1284101,2.973831,1.1190629,0.0,2.6589575,2.667302,2.8262718,2.6869965,1.8097345,2.1062646,2.4149783,2.4019186,1.7985278,1.5628297,2.2528062,2.2702062,2.6284788,2.547684,2.7115595,2.4634888,2.5962148,2.0521207,2.507342,3.4365458,2.4377198,1.6708989,1.4436361,1.6936831,2.41442,1.1305641,1.7612774,1.586108,1.2880788,2.409443,2.379731,1.8558656,1.7948366,1.4829779,1.2822015,1.5558805,2.4742687,1.8341872,1.8990198,1.7371491,2.373934,2.4432726,2.1924818,2.3366024,2.332167,2.2713306,2.2274296,2.4551733,2.3639936,2.3171256,3.4736972,3.5778801,3.8985076,3.4456432,3.3134136,3.3134136,3.5371811,3.5074072,3.361531,3.4183092,2.4536626,2.6320238,2.4467158,2.566562,2.6716044,2.6984153,2.615524,2.615524,2.14644,2.201091,2.5374088,2.7828877,4.0469165,2.6167161,3.043887,3.7982807,4.054522,3.9533205,3.429475,3.4507086,4.1287346,4.0846515,3.7879899,3.1923687,3.5663192,3.7694967,3.4070668,3.626225,3.7367942,3.7136726,3.6860116,3.6704462,4.263272,3.755706,4.3205624,3.7871375,3.5906231,3.6600492,4.071798,4.1594934,3.3806632,3.1593854,3.1079059,3.3858294,3.2428205,3.2185185,3.474715,2.5905156
20,3.2528324,3.5238037,3.1242757,3.4193156,3.288534,3.0322654,2.930459,2.9771514,2.942119,2.9502676,3.271624,3.3779123,3.3717842,3.4360356,3.939429,3.4452374,2.993206,2.9152548,2.8140953,2.6589575,0.0,0.26945606,1.2552999,0.3264668,3.0767846,3.3793414,3.417765,3.4007003,3.1572804,3.042135,3.5701327,3.766127,3.7698894,3.70486,2.4144948,3.532274,3.6383414,3.2509058,3.555723,4.7713213,3.5210373,3.0936074,3.0304458,3.277982,3.4935267,2.8758,3.2857563,3.2870793,2.8573794,3.5548844,3.5367966,3.2145848,3.4472706,3.171079,3.1011093,3.2384639,3.6727488,3.1910696,3.2176657,3.122726,3.622626,3.796161,3.7080321,3.5486932,3.453638,3.4260328,3.48272,3.6710348,3.4421573,3.4470592,4.1122117,4.231142,4.1608734,4.3603563,4.2966514,4.2966514,3.8105228,3.8160505,3.7182503,3.7652311,3.8320618,3.703459,3.5771232,3.6443563,4.550133,4.539565,4.5079412,4.5079412,3.2000787,3.2343464,4.114761,4.2725034,4.8495646,3.884462,3.8244095,3.6653447,4.697435,4.61217,4.129256,4.27877,4.9751506,4.921286,4.7918305,4.1497617,4.318586,4.587737,4.4793015,4.6070743,4.3227744,4.281232,4.27056,4.333406,4.9798365,4.755816,4.8840203,4.341621,4.3051715,4.417974,4.8172317,4.928581,4.1884203,4.071074,3.7797277,3.9809628,4.0692506,4.0578012,4.37818,3.604222
21,3.2012694,3.4805136,3.1218252,3.3815727,3.2386384,3.0029047,2.8773303,2.9084125,2.945159,2.9306152,3.252167,3.3391352,3.3529289,3.4432464,3.8520198,3.4149146,3.0097387,2.9387608,2.8298316,2.667302,0.26945606,0.0,1.3283198,0.43250263,3.0674129,3.4109416,3.383925,3.3650246,3.180367,3.048394,3.509527,3.7192717,3.7551656,3.6623783,2.414104,3.5289176,3.6265287,3.2546768,3.5720332,4.782677,3.532488,3.101258,3.0342805,3.2707822,3.500661,2.8722813,3.2716117,3.2617157,2.8506074,3.4905791,3.4691632,3.1605859,3.3520677,3.1179256,3.049383,3.1857586,3.658247,3.196499,3.236665,3.1288526,3.6329603,3.7950096,3.755378,3.5618565,3.5036201,3.4725716,3.5170383,3.6778858,3.4853177,3.5021124,4.1276965,4.248997,4.1585565,4.3719945,4.281349,4.281349,3.7890596,3.7820933,3.6809855,3.7466044,3.8296304,3.7305086,3.5479987,3.6309986,4.5649633,4.5618315,4.517513,4.517513,3.236228,3.2763798,4.1651487,4.330858,4.973632,3.9354906,3.9328043,3.7717125,4.7210875,4.621198,4.1111026,4.25091,4.915289,4.879055,4.707215,4.128248,4.248886,4.516933,4.4001727,4.5333676,4.2851405,4.249903,4.2402015,4.2917047,5.0148525,4.707547,4.8676953,4.3257346,4.345591,4.461309,4.882467,5.0019894,4.177548,4.059824,3.7661376,3.969843,4.03246,4.011967,4.4458656,3.6317158
22,3.5352018,3.862757,3.3908534,3.5282598,3.2119763,3.1282117,3.057868,3.0255437,3.0827513,3.161032,3.2438512,3.351602,3.5876343,3.7681134,3.9800656,3.6264782,3.1223485,2.880021,2.9514182,2.8262718,1.2552999,1.3283198,0.0,1.0778593,2.9749658,3.3808966,3.2556088,3.2543545,3.0891073,3.0760384,3.7928305,3.9658296,3.57582,3.5970147,2.0952723,3.2251964,3.3589485,3.194558,3.2389927,4.4930577,3.5683527,3.212586,3.1270123,3.311516,3.599153,2.980713,3.1665134,3.2505376,2.8081415,3.4609563,3.4647186,3.161099,3.633792,3.073107,3.091032,3.2482648,3.7632592,3.2976005,3.3471682,3.1673028,3.5702486,3.790473,3.488982,3.4719167,3.8146446,3.7766678,3.6547382,3.964018,3.7985976,3.7415016,4.406275,4.5419436,4.372863,4.510355,4.495061,4.495061,3.9799745,4.118544,3.900723,3.8717742,4.2182846,4.095318,3.9985313,4.0784297,4.9228797,4.927251,4.8820944,4.8820944,3.5061915,3.686508,4.439358,4.6367784,4.982837,4.2731586,4.086198,4.0252757,4.494057,4.387471,4.2867813,4.411195,5.093469,5.0573053,4.938412,4.073545,4.5272694,4.8175187,4.6886854,4.840565,4.517876,4.524908,4.4769735,4.5318074,4.757035,4.714209,4.4541087,3.996617,3.8355916,3.9782903,4.4232683,4.698584,4.133756,3.934857,3.5923877,3.8336542,4.077473,3.883254,4.2786903,3.341224
23,3.2548165,3.5154777,3.1973395,3.4714549,3.3349698,3.0869741,3.0055761,3.0060909,3.0246775,3.0277643,3.324464,3.4201322,3.4147446,3.475262,3.9703457,3.481822,3.0082371,2.9618938,2.8229184,2.6869965,0.3264668,0.43250263,1.0778593,0.0,3.0381937,3.3714747,3.370417,3.3547542,3.138598,3.054557,3.6966648,3.8626053,3.7604544,3.7007308,2.4113767,3.5130105,3.6197898,3.2278042,3.5456593,4.757303,3.505473,3.113289,3.0350118,3.2259517,3.5379965,2.8773813,3.2425933,3.260264,2.8665872,3.533357,3.5131826,3.1969888,3.5206418,3.1423972,3.0770402,3.2201416,3.6863918,3.2087922,3.2477117,3.1359847,3.6247067,3.7905424,3.6843464,3.5505443,3.4966936,3.4652004,3.500867,3.751314,3.4771383,3.4798408,4.2064395,4.3350015,4.1586156,4.3731775,4.2970414,4.2970414,3.788307,3.789767,3.6873784,3.7181656,3.8487573,3.7129714,3.5905828,3.6657555,4.56337,4.5596046,4.521379,4.521379,3.2112114,3.2464597,4.148105,4.306067,4.862012,3.9525948,3.8322728,3.7210197,4.65515,4.5706973,4.144106,4.27348,5.024968,4.9763694,4.8862185,4.1336565,4.294833,4.562708,4.4525547,4.5912337,4.294396,4.291925,4.248042,4.2941017,4.9108133,4.7649956,4.734229,4.1930947,4.262398,4.3770847,4.7903757,4.913125,4.1754575,4.051879,3.76883,4.0015383,4.0318623,4.0179114,4.3551364,3.5922666
24,2.3973067,2.307759,1.6769927,1.3503046,1.5114514,1.7644475,1.8993112,1.7957445,1.8705,1.7414706,2.0929954,2.0754097,2.0518625,2.9156873,2.4155934,1.9606242,1.4579947,2.8038597,1.3314414,1.8097345,3.0767846,3.0674129,2.9749658,3.0381937,0.0,1.0306869,1.6712,1.6732999,0.7642294,0.83246076,2.0824056,2.0244474,2.5792782,2.5225713,2.7271533,2.2526565,2.5230603,1.9632933,2.5861657,3.7597933,2.0029855,1.2737306,1.0750384,1.5788788,2.4043145,1.2606978,0.8074972,1.1523793,0.951975,2.0246494,1.9615093,1.650668,2.212655,1.3846958,1.4794612,2.3602304,2.142568,1.8371074,1.9005903,1.6641711,2.3034775,2.2933125,2.2196121,2.3262928,3.3354533,3.286496,3.369755,3.6607723,3.3380349,3.3114238,4.674456,4.781579,4.21434,4.2119875,3.9133277,3.9133277,3.9272494,3.8695667,3.7705662,3.7879767,3.228506,3.344681,3.3188405,3.4057033,3.4446383,3.5026822,3.3846116,3.3846116,3.2288566,2.8836493,3.4326303,3.668898,4.6475153,3.6774938,3.812496,4.2958097,3.6756914,3.5409768,3.3005583,3.2756684,4.188376,4.1182604,4.0113564,3.099266,3.3548949,3.5018513,3.223401,3.447485,3.480889,3.2067983,3.4317048,3.3811514,4.35739,3.6353567,3.7549784,3.499963,3.2304275,3.315124,3.6365893,3.7345538,2.9566383,2.6350515,2.5942745,2.9162333,2.6468773,2.6973374,3.4219358,1.7579317
25,2.7046065,2.5245726,2.0894775,1.8953822,2.1112537,2.2448585,2.3299081,2.4189792,2.2403238,2.092153,2.5052278,2.523812,2.474389,3.2118187,2.88033,2.445121,1.5609771,2.6981516,1.5738575,2.1062646,3.3793414,3.4109416,3.3808966,3.3714747,1.0306869,0.0,2.2278771,2.235114,0.5713418,0.88417554,2.414398,2.402285,2.797832,2.7992845,3.1127455,2.6248348,2.9632087,2.479159,3.0006576,4.1179266,2.3275483,1.2567621,1.2720582,2.084197,2.1700814,1.5195162,1.2420286,1.5745646,1.3345311,2.5633178,2.5010934,2.2568352,2.8297226,2.0813828,2.12973,2.8854742,2.5655313,2.1274397,2.0585217,2.0402455,2.6427298,2.6200624,2.5384724,2.6832774,3.2770429,3.242086,3.3987212,3.7367983,3.3333051,3.2722206,4.6563754,4.752305,4.4043307,4.421252,4.180186,4.180186,4.3602448,4.3086467,4.197195,4.2028728,3.1647744,3.275418,3.3783212,3.4128916,3.3609092,3.3578684,3.293003,3.293003,3.3693216,2.951493,3.285462,3.4264681,4.4881353,3.6785555,3.6146162,3.9905214,4.0589995,3.914242,3.398643,3.4217658,4.593768,4.476606,4.4100637,3.450911,3.700013,3.8141623,3.611607,3.808975,3.7516723,3.2447946,3.6786563,3.7135992,4.454271,3.9799697,4.0217743,3.9650414,3.2298887,3.277405,3.3467884,3.3565474,2.8792713,2.5815244,2.6776102,2.8333213,2.6548874,2.7873063,3.4105303,1.4995283
26,2.7906935,2.8112848,2.324955,2.1934912,1.8786135,2.0285444,1.938041,2.0068803,2.364156,2.3520784,2.191774,2.243802,2.6564476,3.1503797,2.7659848,2.583616,2.0780487,3.2038417,2.055959,2.4149783,3.417765,3.383925,3.2556088,3.370417,1.6712,2.2278771,0.0,0.075396985,1.8842008,1.9844666,2.5162644,2.6336398,2.614856,2.5404112,2.7162147,2.049165,2.4342456,2.329559,2.549687,3.6782024,2.4890096,1.7470571,1.6767436,2.1659796,2.6618178,1.9648386,1.6032344,1.9401156,1.6948789,2.486461,2.4731467,2.2607143,2.4396875,1.7279129,1.7467333,2.5503485,2.5769181,2.1920803,2.4105673,2.0665417,2.7298057,2.9352183,2.924425,2.731656,3.6827216,3.6466362,3.5901778,3.867719,3.727773,3.632297,4.6152806,4.713478,4.7083874,4.657297,4.344988,4.344988,4.322839,4.393812,4.274981,4.296467,3.6103072,3.6473773,3.5238361,3.6027308,3.837709,3.8816311,3.7659457,3.7659457,3.520565,3.3805916,3.5566952,3.9558773,4.8575144,4.100155,3.926794,4.40633,4.0834017,3.9113257,3.7824366,3.6491387,4.4909606,4.439455,4.440944,3.3658452,3.714589,3.8386085,3.726161,3.8941321,3.8819215,3.531964,3.8563328,3.823949,4.8046017,4.281223,4.1411896,3.4589996,3.5508776,3.6914318,4.606304,4.8687325,3.6134017,3.3137732,3.118385,3.3774672,3.0889783,2.912909,3.8745985,2.3378568
27,2.7536545,2.7683182,2.3038826,2.1863694,1.8787403,2.014339,1.9276396,1.9958607,2.351581,2.33916,2.2013254,2.2519224,2.6355712,3.1203332,2.7603939,2.5667424,2.0626116,3.1933196,2.0374868,2.4019186,3.4007003,3.3650246,3.2543545,3.3547542,1.6732999,2.235114,0.075396985,0.0,1.8962514,1.9882073,2.507379,2.625819,2.6271234,2.5429547,2.714961,2.0569391,2.4436834,2.3315382,2.562698,3.7060113,2.4849842,1.7398478,1.6768783,2.1747186,2.651291,1.9641633,1.6116017,1.9438622,1.7025607,2.4695923,2.452222,2.2390072,2.4203005,1.7194233,1.7311262,2.542393,2.5607812,2.1937037,2.4151132,2.0692587,2.7366707,2.9401333,2.928546,2.738693,3.6507988,3.61492,3.5656357,3.841169,3.6921368,3.6057389,4.5838494,4.682086,4.6576734,4.6187277,4.29566,4.29566,4.271154,4.3379254,4.2246265,4.254521,3.5897455,3.6250927,3.491793,3.569642,3.809751,3.8580222,3.7383256,3.7383256,3.4931576,3.3486884,3.54064,3.9363186,4.870725,4.074529,3.9257739,4.3982825,4.0730047,3.9013276,3.7669969,3.6346796,4.474663,4.426439,4.4234953,3.3525102,3.690339,3.812046,3.7032819,3.869542,3.8653767,3.5138416,3.841636,3.814259,4.7754407,4.2479067,4.1199937,3.4281087,3.5721025,3.7123914,4.6273932,4.889072,3.6118076,3.314081,3.1202867,3.3739462,3.0793993,2.9054105,3.8841333,2.3464603
28,2.5409617,2.4812853,1.9231113,1.7685187,1.7414737,1.8555593,1.9328965,1.9828317,1.9050589,1.7651632,2.120339,2.1317828,2.282861,2.9576864,2.6291602,2.2858467,1.25386,2.681323,1.2466538,1.7985278,3.1572804,3.180367,3.0891073,3.138598,0.7642294,0.5713418,1.8842008,1.8962514,0.0,0.5288206,2.2095015,2.299197,2.3549037,2.3655615,2.7187243,2.207088,2.4786391,2.1611817,2.527975,3.7112606,2.2396848,1.2251718,1.1197542,1.8008655,2.2515554,1.3362168,1.0723848,1.4366541,0.9471144,2.3741913,2.3326507,2.0672698,2.5237517,1.7327002,1.7637709,2.5788195,2.474634,1.9166293,1.8916725,1.7723901,2.4615881,2.4843562,2.3194683,2.46435,3.1753685,3.1341023,3.1697836,3.508489,3.2348704,3.1464005,4.4417086,4.5452037,4.428921,4.3997655,4.126114,4.126114,4.2124696,4.2354956,4.068844,4.082899,3.0855083,3.204155,3.193177,3.2532804,3.3377624,3.336047,3.2688222,3.2688222,3.1418924,2.8618603,3.2249496,3.4158378,4.4055986,3.616266,3.536479,3.9871309,3.932269,3.774171,3.2982821,3.3692644,4.411088,4.3017874,4.255902,3.2779691,3.6814468,3.8149812,3.5734878,3.7864587,3.7546563,3.3299553,3.6850617,3.6616793,4.4810343,3.927738,3.9955063,3.8153043,3.1514363,3.236343,3.395101,3.5623426,2.9603326,2.6124713,2.5337322,2.7850301,2.722815,2.6999912,3.4170659,1.5791026
29,2.353941,2.3832688,1.6687738,1.5514622,1.4560953,1.550812,1.6105719,1.6639116,1.5438466,1.368458,1.9080886,1.908591,2.09623,2.7807019,2.4539142,2.1179805,1.1393397,2.7999623,1.1061574,1.5628297,3.042135,3.048394,3.0760384,3.054557,0.83246076,0.88417554,1.9844666,1.9882073,0.5288206,0.0,1.8639901,2.0657256,2.1821284,2.159143,2.6091409,2.112877,2.272899,1.9843012,2.3225417,3.5254323,2.2506862,1.2945069,1.1114422,1.6788301,2.372121,1.2417984,1.19106,1.4081862,0.7625786,2.2395794,2.1962073,1.8979809,2.1694288,1.5474206,1.5562301,2.3625257,2.298685,1.7284207,1.69734,1.5750962,2.3549178,2.3709285,2.2399318,2.3381193,2.9596477,2.916848,2.9632778,3.2126987,3.0054414,2.9438732,4.2625737,4.3602133,4.3527656,4.2675467,3.9283834,3.9283834,4.0097556,4.051198,3.8811765,3.938868,2.9107866,3.071954,2.9303436,2.9978447,3.1620367,3.1710978,3.089411,3.089411,2.9090335,2.6848369,3.1374364,3.319742,4.3995595,3.4286563,3.5106015,4.016402,3.7699177,3.59818,3.0536175,3.1982272,4.0549455,3.958088,3.860264,3.033881,3.4739556,3.6031337,3.3324327,3.537458,3.573932,3.2563758,3.5050464,3.457816,4.45779,3.6441104,4.03547,3.8416133,3.1778038,3.2666092,3.412229,3.60279,2.8867788,2.5561166,2.4283404,2.7303853,2.7402236,2.671815,3.4289515,1.8344916
30,2.93032,3.0026624,1.5516101,1.2879137,1.1040847,1.438375,1.3363824,1.6060001,1.4945648,1.3964752,1.7556856,1.7372346,2.1259508,2.9861712,2.2633402,2.0927632,2.1245737,3.3518097,2.0790038,2.2528062,3.5701327,3.509527,3.7928305,3.6966648,2.0824056,2.414398,2.5162644,2.507379,2.2095015,1.8639901,0.0,1.0730487,2.936339,2.7951589,3.1185508,2.7521925,2.7774723,2.6455946,2.827106,3.9279675,2.9276302,2.230564,2.1212637,2.5825946,3.0095155,2.1992118,2.336501,2.3136857,1.813772,2.6359975,2.6210518,2.45832,1.4568652,2.1433642,2.1903584,2.8399646,2.7627065,2.47583,2.5177608,2.2967045,2.9296772,2.9715238,3.0422282,2.918598,3.519144,3.4849544,3.526807,3.2909265,3.5729902,3.5201163,4.5722175,4.63397,4.6609397,4.551861,4.2206182,4.2206182,4.260249,4.311522,4.1588936,4.2805924,3.4650118,3.72235,3.5306113,3.616762,3.7466002,3.7658741,3.6737,3.6737,3.4699452,3.2922463,3.5810359,3.887806,4.9654837,3.5672228,4.212608,4.5328717,4.3520036,4.1823177,3.6586287,3.7247179,3.8916416,3.824277,3.1608055,3.498688,3.8560047,4.0278497,3.7263956,3.8894613,4.143211,3.8244567,4.088433,4.0398307,5.328483,3.694196,5.111679,4.7710605,3.839887,3.924368,4.29351,4.476148,3.512796,3.1885855,3.032589,3.2201586,3.5008724,3.2902195,4.1184626,2.7431192
