,0,1,2,3,4,5,6,7,8,9,10,11,12,13,14,15,16,17,18,19,20,21,22,23,24,25,26,27,28,29,30,31,32,33,34,35,36,37,38,39,40,41,42,43,44,45,46,47,48,49,50,51,52,53,54,55,56,57,58,59,60,61,62,63,64,65,66,67,68,69,70,71,72,73,74,75,76,77,78,79,80,81,82,83,84,85,86,87,88,89,90,91,92,93,94,95,96,97,98,99,100,101,102,103,104,105,106,107,108,109,110,111,112,113,114,115,116,117,118,119,120,121,122,123,124,125,126,127
0,0.0,0.510105,0.16584168,0.1385507,3.0792022,2.8007922,1.8817849,2.8117464,2.2640505,2.5601652,1.6517884,2.2324336,1.7512133,1.7494551,1.8489962,2.3667583,2.4930596,2.4295554,2.3556502,2.3679783,1.9066845,2.371377,1.9498996,1.8895607,2.7267199,2.199698,2.58089,2.9578164,2.5137172,2.3334792,2.4218173,1.9068652,2.0407054,2.51456,2.313518,2.3601673,2.5066087,1.8237917,2.124018,2.1923897,2.6606338,2.6968234,1.9922571,1.8660392,2.14924,2.6273463,2.5190372,2.5728385,3.1727734,2.9096656,2.3713655,3.2421904,2.2309659,2.7855842,2.7299297,2.6427376,3.309324,3.6783352,3.5205107,2.9801104,2.9727623,3.2427902,3.3774145,3.341556,2.077676,1.9081701,1.8144729,1.7742816,3.0017824,3.1744504,2.943622,2.6634772,2.2082508,2.2007556,1.9027405,2.2778804,2.3360212,3.0538056,2.7466218,2.8184383,2.0799446,2.5035315,2.65991,2.6377704,2.6058583,1.8736854,2.096448,2.6383948,2.6025388,2.7775009,2.4308991,2.0509737,2.477285,1.8757927,1.0221868,0.9878743,1.8834715,2.3796282,3.1699858,3.3463547,2.3998466,2.3598912,2.0730755,1.1888869,3.0209687,2.9416053,2.8926404,2.3728628,2.9833672,3.0583358,2.1643646,2.7206795,2.9362676,2.8577387,3.4254339,3.261793,3.0772657,2.7387183,2.5404737,2.243216,1.8497752,2.4774153,2.2803092,2.186686,2.8014398,2.5758233,2.5974135,2.2959452
1,0.510105,0.0,0.49410674,0.48442632,3.151082,2.8005493,1.9136544,2.8248117,2.2225504,2.560121,1.5631223,2.234542,1.6654241,1.6409307,1.7257146,2.326098,2.5373936,2.499331,2.350135,2.4784632,1.9543822,2.4036744,1.9450643,1.8900042,2.7774608,2.2804103,2.6297545,3.0233984,2.5433953,2.3152866,2.4109628,1.8876815,2.1693301,2.633743,2.4187655,2.4780266,2.4889135,1.7895302,2.2148705,2.2862465,2.757643,2.7975621,2.100168,1.9423107,2.0385354,2.6179552,2.4748108,2.6570327,2.9639542,2.691133,2.168904,3.0726867,2.3245091,2.7333329,2.6800227,2.7600183,3.2560294,3.6991262,3.6250494,3.0537612,3.0716136,3.3142664,3.464567,3.4305172,1.9856954,1.8081818,1.7173947,1.6761733,3.133579,3.2920933,3.0549328,2.7900116,2.226511,2.1852834,2.0387115,2.3907874,2.2591925,3.1282492,2.79658,2.8925886,2.098373,2.5949805,2.782901,2.734513,2.709037,1.8475121,2.244252,2.694212,2.6438859,2.796632,2.4968984,2.0456827,2.5392098,2.0147,1.018914,0.83934337,1.8316405,2.3523817,3.2020528,3.3680918,2.4448233,2.3916144,2.0033157,1.1041566,2.9610012,3.0517318,2.8929949,2.4940963,2.9541948,3.0407307,2.2055387,2.819332,2.854176,2.769756,3.373525,3.217774,3.0142941,2.6615272,2.448365,2.1327338,1.8625158,2.5029964,2.2839668,2.1715577,2.7916434,2.579178,2.6882658,2.2009225
2,0.16584168,0.49410674,0.0,0.1139691,3.0811827,2.7756112,1.872342,2.811935,2.2503717,2.5489802,1.6253273,2.240183,1.7664132,1.7566359,1.8050439,2.3575406,2.5165775,2.4587698,2.377409,2.402589,1.9093336,2.3673122,1.9368901,1.8924601,2.7386456,2.216387,2.5956368,2.9659808,2.50901,2.309745,2.4188838,1.9046849,2.0528622,2.527802,2.3239174,2.3599465,2.4492843,1.7851751,2.1283224,2.1912456,2.6516747,2.6930058,1.9885503,1.8271649,2.0906086,2.6059976,2.446207,2.5519445,3.1218328,2.8454382,2.3493412,3.190367,2.247616,2.7199018,2.6708457,2.6016731,3.3563924,3.7145684,3.5563128,3.0032542,3.0198758,3.2808166,3.4169133,3.3835309,2.0572147,1.8819957,1.8164399,1.7761765,2.9797642,3.126123,2.9206393,2.6385343,2.2319798,2.199837,1.9006076,2.2883358,2.343826,3.069699,2.7532547,2.832065,2.0769095,2.5297596,2.6814897,2.6556656,2.6073637,1.7941552,2.0917332,2.6252983,2.5581863,2.7224092,2.4787462,2.0528195,2.4750779,1.8540151,0.93764406,0.968043,1.8783418,2.3625207,3.1744642,3.339315,2.4618793,2.4083033,2.057414,1.1472626,3.0412514,2.9632406,2.920167,2.417617,2.9973264,3.0601304,2.155391,2.7322958,2.9100738,2.8349829,3.404975,3.2552664,3.066644,2.7307591,2.525039,2.2330139,1.8644121,2.476886,2.2594936,2.187281,2.7872772,2.5598629,2.5818298,2.2726219
3,0.1385507,0.48442632,0.1139691,0.0,3.052184,2.7445426,1.8393285,2.780432,2.2438037,2.5037813,1.6174204,2.1988223,1.7371832,1.7394599,1.8157873,2.3317087,2.481232,2.412316,2.334242,2.3563957,1.8833239,2.3576589,1.9203999,1.8709283,2.718193,2.1901417,2.5536103,2.9316487,2.4626818,2.3080118,2.3809206,1.8675877,2.0264137,2.5047088,2.285152,2.3280184,2.4559808,1.7841668,2.1082907,2.1720579,2.6169827,2.6603453,1.9713005,1.8226924,2.0922337,2.575233,2.4523964,2.5214107,3.122332,2.8487968,2.3267596,3.188871,2.2151208,2.723382,2.674397,2.6109583,3.3266606,3.7102468,3.5291998,2.9931085,3.0022018,3.2596092,3.391332,3.3543167,2.0608282,1.8851848,1.8142883,1.7738612,2.9359396,3.0886114,2.888795,2.6109173,2.1851974,2.1833806,1.8854737,2.261087,2.3030736,3.0404077,2.723486,2.8027427,2.092515,2.4988756,2.649481,2.6246593,2.5713928,1.8192954,2.0571518,2.5898738,2.5315585,2.7128959,2.444636,2.0472603,2.463592,1.8544482,0.9853433,1.0207372,1.8766301,2.361735,3.1305628,3.2946775,2.423577,2.383384,2.052114,1.1824579,3.016607,2.9410527,2.892357,2.3909562,2.9757445,3.0381997,2.1695342,2.7100427,2.8748977,2.8030014,3.3770027,3.2298124,3.041383,2.6998305,2.5019886,2.1917903,1.8262079,2.438282,2.2208943,2.1808383,2.75175,2.5211313,2.5513444,2.2349594
4,3.0792022,3.151082,3.0811827,3.052184,0.0,3.1954076,2.4827745,3.2235668,3.8156958,3.449536,3.4175212,3.3798048,3.3903067,3.5648396,3.5821187,3.1293445,3.1214674,3.7173693,2.8865576,2.9223197,3.0201411,3.6060674,3.0391293,2.9978402,3.7652633,3.3781495,3.0159867,2.891884,3.3281934,3.5316997,3.1700218,2.929355,2.570466,3.0856712,2.8060758,2.8871737,3.224641,2.8998227,3.0388641,3.2057948,3.759588,3.799757,2.7384233,3.676149,4.186565,3.801944,4.149994,3.642273,3.5364654,3.2495031,3.463015,3.742411,3.319816,3.6231031,3.6020916,3.1266334,3.8156462,4.4050136,3.8949766,3.4850433,3.104045,3.3961449,3.2587872,3.3301685,3.2228303,3.3103294,2.8120658,2.8255754,2.9479609,4.230345,2.8131912,3.3695664,2.6225646,2.91957,2.2935023,2.5875583,2.9490423,3.8485167,3.288702,3.7354538,3.4545424,2.7192729,2.9325423,2.9302225,3.6330192,3.380547,2.7867131,2.9909685,3.1940212,3.8394456,3.168849,2.9260328,3.0675426,2.8853674,3.3441305,3.4892073,3.1291971,3.6881368,3.1383908,3.2905858,2.9526486,3.2725413,3.196658,3.3985713,3.5246882,4.156602,3.731533,3.339194,4.105474,4.2120037,4.0764303,3.5837235,3.4411368,3.365527,4.17915,4.0493093,3.5700998,3.2888513,3.1480465,2.9705358,2.681402,3.484504,2.9827294,2.8089383,3.400609,3.1854074,3.187,2.9548082
5,2.8007922,2.8005493,2.7756112,2.7445426,3.1954076,0.0,2.0831764,2.0197685,3.0681283,2.2973957,2.3454335,2.5627987,2.2699986,2.5039113,2.575523,2.0807354,2.8081968,2.6323833,1.8311002,1.8266115,2.2235086,2.9895492,2.1605887,2.2100422,2.8838968,2.9300632,2.754859,3.0446825,3.183621,2.9044306,2.1551304,2.2272048,2.1483142,2.587969,1.9662213,2.0253205,2.4607081,2.639351,2.3747745,2.3603573,1.7036499,1.7071381,1.8913743,2.2057905,2.304196,1.6104733,2.3841593,1.529982,2.5936327,2.8072155,2.6516275,2.5893419,1.7675031,1.9368908,1.928084,1.9698268,2.894959,3.9688587,3.4333644,2.8943214,2.878126,2.5218728,2.6874533,2.6627655,3.0427012,2.8746183,3.3739538,3.340442,3.3634138,3.0888758,2.6775792,2.3335354,2.218476,2.342154,2.3207388,2.067763,2.0721598,3.0860066,2.2551973,2.5502553,3.0379028,2.3754451,2.4914145,2.4554858,2.1148849,3.009581,2.5762935,2.245597,1.7928838,2.3486865,2.4004464,2.3418937,2.117245,2.3963394,3.1209009,3.2634153,2.9475152,3.0617545,2.5739725,2.4391024,2.5132542,2.2675831,2.4510357,2.7227776,2.6682544,3.184666,2.8958473,3.1219776,2.9627678,3.1265364,2.9312513,2.2505484,1.7705266,1.6833533,3.0579326,3.2454524,2.5719092,2.0909662,2.269587,2.0203803,2.0550811,2.77279,1.8554801,2.2545552,1.6878184,1.3235351,1.3326608,1.7801137
6,1.8817849,1.9136544,1.872342,1.8393285,2.4827745,2.0831764,0.0,2.0760689,2.6470442,2.3725638,2.2317963,1.9104725,2.3164144,2.5352888,2.5653977,2.0260313,2.0690303,2.096341,1.9352376,2.119471,1.2308033,1.8135229,1.0747694,1.1848748,2.5182173,1.873024,2.3042557,2.6921833,2.2003891,2.5904038,2.0791988,1.4387115,1.8125447,2.3795187,2.064043,2.1031377,2.3423676,1.7887758,2.3588986,2.301787,2.4453108,2.5002034,2.2647874,2.449685,2.7369745,2.3002005,2.9069366,2.2945156,2.5775306,2.3305454,2.61684,2.6317434,1.9268336,2.1028333,2.0279627,2.1717985,2.953856,3.9894526,3.0375905,2.9781034,2.2957392,2.661178,2.8201745,2.8193576,2.914764,2.803647,2.7716277,2.7470021,2.7050974,2.9234514,2.5554576,2.258768,1.9564723,2.0604072,1.5088123,2.018786,2.1282258,2.9987705,2.7054873,2.7575135,2.999353,2.2721941,2.485896,2.431924,2.3374104,2.4408863,1.8496201,2.2952757,2.1080573,2.9285176,2.169865,1.6924376,1.7986885,1.5911618,2.1766574,2.451308,2.706931,2.9764574,2.7708519,3.0088215,1.7670375,2.274274,2.070671,2.2947319,2.6076972,2.7966425,2.9379163,2.559158,3.0054815,3.106752,3.1216433,2.4882698,2.410014,2.3111794,2.9808288,2.7805512,2.6277676,2.1651137,1.9446177,1.6041467,1.0552918,2.0378792,1.6614251,1.3653822,2.3637974,2.0854273,2.1960332,1.584144
7,2.8117464,2.8248117,2.811935,2.780432,3.2235668,2.0197685,2.0760689,0.0,2.4385605,2.4030693,2.28456,2.1554399,2.2211802,2.4336593,2.9840686,2.5446978,2.1996274,2.1968484,1.8493414,1.7563168,2.0508091,2.5111158,2.328212,2.1129768,2.4242728,2.413315,2.2870703,2.4957414,2.671117,2.4405508,1.9665471,2.1207852,2.1113944,2.336042,1.9821357,1.9711798,2.0977104,2.3000605,1.9452219,2.0855389,2.4863393,2.4897296,2.3167982,3.130887,3.016027,2.466442,3.046292,2.418512,2.3634238,2.5715437,2.3034909,2.3451762,1.7343583,2.2465475,2.0989172,2.346583,2.9679656,3.2778115,3.043455,2.9439745,2.859059,2.5561445,2.736652,2.7147682,2.6454086,2.5885396,3.3042936,3.2692332,3.0190685,3.4531274,2.627862,2.3948507,1.5284592,1.7768712,2.3840878,2.0234032,2.0992343,2.5892022,2.5288036,2.5749445,2.666262,2.1689253,2.3353531,2.305443,2.2679946,3.1341307,2.6185799,2.2968662,2.8022838,3.2533517,2.6517906,2.368902,1.7904707,2.495173,3.170388,3.40138,2.458672,2.600491,2.0337696,2.3471665,2.421185,2.2076242,2.092213,2.8117743,2.718099,2.8039246,2.716899,3.1792636,2.995614,3.0177643,2.9967916,2.4067042,2.0266812,1.9103842,2.6300466,2.4050093,2.9736478,1.718902,2.4982965,1.9750482,2.001618,2.6622918,2.4131713,2.2537606,1.9439954,2.0741735,2.1253772,2.4165587
8,2.2640505,2.2225504,2.2503717,2.2438037,3.8156958,3.0681283,2.6470442,2.4385605,0.0,2.2830794,1.2392817,1.3358159,1.6926926,1.7543973,1.7936143,2.145963,1.5104411,1.5779971,2.5585775,2.6563075,2.222453,1.9642429,2.3982246,2.2726598,1.6067654,1.9074746,1.5296266,2.0026536,2.1145067,1.1081901,1.9643517,2.2686253,2.2536192,1.9483207,2.0915654,2.1246908,1.8523679,1.9333847,1.6480706,1.6379071,2.502259,2.5767992,2.3378992,2.9979491,2.3389494,2.4550405,2.4652658,2.581993,2.4801378,2.562316,1.6539906,2.5369406,2.002703,2.4848416,2.421297,2.7081037,3.0326126,3.1928513,2.8083048,3.0176265,3.4467614,3.2076283,3.3336062,3.2849379,1.6170236,1.5842208,2.3251593,2.2967753,3.112877,3.3692336,2.5524635,2.39429,1.9572216,1.7585747,2.4180405,2.018667,2.0210602,1.6604133,2.3313365,2.044557,2.2739596,2.625928,2.7732854,2.719136,2.4187002,2.7133236,2.62537,2.370327,3.0630069,2.7867398,2.8015947,2.4144964,2.2259243,2.489849,2.5579152,2.4649935,2.680824,2.881852,3.045101,3.2467148,2.5904188,2.0276392,1.6723348,1.7589566,2.5081618,2.0434568,2.3980274,2.812085,2.5457907,2.4815438,2.4480283,2.6368108,2.3624792,2.2976148,2.0137982,1.7058339,2.5410655,2.1114213,2.3161938,2.3184938,2.2340095,2.0373852,2.5410578,2.5215707,2.1944158,2.2539048,2.3986351,2.499274
9,2.5601652,2.560121,2.5489802,2.5037813,3.449536,2.2973957,2.3725638,2.4030693,2.2830794,0.0,2.0092018,1.7242146,2.0989804,2.3473837,2.2376642,1.6167989,2.3184125,1.9526205,1.6620392,1.8225074,2.0782804,2.771041,2.2967405,2.1823645,2.1523733,2.3559432,2.070323,2.5035,1.9444394,2.4373171,1.4331499,1.8194498,1.8797402,1.9615843,1.6357843,1.6871419,2.220238,2.2931702,1.8889556,1.9429615,2.0923579,2.1277544,1.7767514,2.782784,2.6668434,1.968215,2.5643635,2.152131,2.5217245,2.7023509,2.0101278,2.433755,1.7312828,2.0249398,2.098728,2.219048,2.696005,3.7473273,3.1542046,2.9926183,3.244955,2.9697762,3.0315177,2.918146,2.6730201,2.5655134,3.1648986,3.1488683,2.3766975,2.6610935,2.2929986,1.9769095,1.8511622,2.0375338,2.288551,2.0056903,1.694385,2.5518157,1.9652867,2.131593,2.6138897,1.7587519,1.8305718,1.747098,1.8630162,3.2132714,2.2806592,1.8968401,2.784455,2.8172143,2.9808457,2.652692,1.8517226,2.2705915,3.0189695,3.1704037,3.0177336,3.2388978,2.4235704,2.676125,2.29295,2.0562727,2.00307,2.4118333,2.22209,2.395953,1.9625721,2.3231266,1.9932581,2.1060975,2.9245486,2.0068243,2.030503,1.9551024,2.8989418,2.6554582,2.1745126,1.6971148,2.0791304,2.0493045,1.733894,2.653858,2.2245874,2.5544841,1.9170015,1.7473797,1.9981579,2.1457698
10,1.6517884,1.5631223,1.6253273,1.6174204,3.4175212,2.3454335,2.2317963,2.28456,1.2392817,2.0092018,0.0,1.5282133,0.94669574,1.0063908,1.0149144,1.6789066,1.9507343,1.798983,2.1234438,2.1940494,2.0491683,2.2858996,2.0510528,2.0337846,1.9533439,2.0841937,1.7536387,2.1972368,2.3928175,1.2830353,1.7082058,1.9410648,1.8569624,1.8786201,1.7177386,1.7728192,1.8473526,1.9182835,1.6015103,1.6632658,2.1262689,2.2102659,1.6303791,2.31085,1.7028588,2.0007584,1.8830965,2.1140678,2.4104035,2.5029652,1.5870332,2.4927428,1.5549281,2.0637996,2.0023057,2.204942,2.835176,3.4751298,3.0317721,2.6785958,3.1683862,2.8759532,3.0579531,3.020546,1.4229156,1.2245485,1.9728419,1.9320265,3.1386976,3.2547767,2.437557,2.1828992,1.8393527,1.7059972,2.0533354,1.6635064,1.51382,1.9386894,1.7294927,1.7070215,1.7727474,2.1120744,2.2959359,2.2454731,2.0934596,2.231054,2.3884015,2.0910456,2.6729543,2.4806106,2.5566232,2.105956,1.8682922,2.0789318,2.0616107,1.9058298,2.1781797,2.4834738,2.8429425,3.015097,2.5154326,1.8472102,1.7372142,1.1058785,2.4704459,2.298757,2.3729904,2.6266005,2.485624,2.5641937,1.8092562,2.2516198,2.2301483,2.1592185,2.5686939,2.3862333,2.4550247,2.016116,2.2240498,2.1518056,1.8734229,2.2227354,2.2269113,2.139615,2.0944107,1.837023,1.9613479,2.1402571
11,2.2324336,2.234542,2.240183,2.1988223,3.3798048,2.5627987,1.9104725,2.1554399,1.3358159,1.7242146,1.5282133,0.0,1.9339563,2.1686823,2.1470902,1.6411537,1.1723924,0.83387357,2.1761103,2.3159862,1.7138318,1.5916721,1.7873207,1.7633998,1.255395,1.2290391,0.9711741,1.6764027,1.4009552,1.5045818,1.4434485,1.5980436,1.7074672,1.4908928,1.623743,1.6704369,2.0552747,1.9498718,1.8776002,1.8437895,2.040114,2.1513433,2.2206557,2.889932,2.4928455,1.9402039,2.4478698,2.0788198,2.3497007,2.4394195,2.0726485,2.3689861,1.4848245,1.9984953,1.9191853,2.2237458,2.5990546,3.6915894,2.4005253,2.9681475,2.9104455,2.7645197,2.9025753,2.8404222,2.3951554,2.3331172,2.7061982,2.6838126,2.709746,2.8652232,2.1933794,1.9174012,1.6922238,1.7048674,1.8988096,1.6416892,1.553769,1.5085099,1.9792756,1.6298554,2.847949,2.2252262,2.407174,2.3478773,2.0064373,2.9623082,2.162567,2.0264897,2.5671484,2.7274582,2.5243065,2.083762,1.7877082,1.8960785,2.7273645,2.6898692,2.9884708,3.2215178,2.7524717,2.9768891,2.0064974,1.9161582,1.8665034,2.1577647,2.2290168,1.5330949,2.1744769,2.3145516,2.2832334,2.263705,2.8333657,2.17461,2.0669584,2.0014648,1.9100757,1.5871423,2.2696478,1.8133702,1.9590827,1.8317542,1.4157621,1.3008657,1.8734226,1.9361535,1.8530612,1.6610997,1.8670596,1.8224798
12,1.7512133,1.6654241,1.7664132,1.7371832,3.3903067,2.2699986,2.3164144,2.2211802,1.6926926,2.0989804,0.94669574,1.9339563,0.0,0.36478606,1.4069897,1.9810315,2.0526464,1.9298669,1.7887864,1.8400179,2.2011611,2.6196008,2.2053955,2.1888769,2.2432783,2.3405545,2.1000285,2.495885,2.615245,1.7160182,1.7619976,1.999471,1.9774047,2.1453035,1.8061526,1.903227,2.2882395,2.1919522,1.706342,1.7458931,2.2336295,2.2726314,1.5477827,2.2517881,1.8638537,2.15767,2.4676592,2.2700386,2.7683973,2.8663247,1.607292,2.8668578,1.6333637,2.5752323,2.4901245,2.6761074,2.8287797,3.3978379,3.2535837,2.6744685,3.1749573,2.9346926,3.0500512,3.0012574,1.5660499,1.4253914,1.8883698,1.8460217,3.1239898,3.3378131,2.5451543,2.3313563,1.773398,1.7204189,2.1481025,1.7761954,1.740928,2.3893068,1.9735332,2.0953364,1.676452,2.075286,2.238984,2.1847897,2.1215522,2.2719648,2.4251006,2.1351433,2.7296426,2.5836713,2.198713,2.2674224,1.9796628,2.5266314,2.129941,2.0744846,1.9026644,2.2016509,2.6450393,2.8152215,2.3764682,1.6713462,1.8098768,1.2500354,2.3650336,2.6578364,2.4057338,2.649696,2.5064583,2.7253718,1.8234564,2.337337,2.3184795,2.2166967,2.879381,2.725659,2.6524658,2.081481,2.363654,2.198544,1.961313,2.5476866,2.305529,2.2621157,2.1774182,1.9619049,2.1455066,2.2111824
13,1.7494551,1.6409307,1.7566359,1.7394599,3.5648396,2.5039113,2.5352888,2.4336593,1.7543973,2.3473837,1.0063908,2.1686823,0.36478606,0.0,1.4091349,2.2508621,2.301711,2.182622,2.0897076,2.1240335,2.435668,2.8053865,2.4359677,2.4175744,2.4618745,2.5477798,2.3379855,2.7067866,2.8060062,1.7981025,2.0535452,2.2468138,2.233978,2.3817527,2.0961654,2.1775534,2.420356,2.3236217,1.8871512,1.9387621,2.478558,2.5167654,1.7535182,2.3117225,1.8558004,2.401133,2.5208519,2.5019774,2.9335601,3.010333,1.7033886,3.0432775,1.9329088,2.7696657,2.6868453,2.874972,3.019566,3.4262457,3.4122698,2.7351,3.342972,3.1182153,3.2328286,3.1867132,1.4763244,1.322794,1.8176455,1.771009,3.3394482,3.5293067,2.8024688,2.6008427,2.0388978,1.9468026,2.3801281,2.0517652,2.0143785,2.5781987,2.2111075,2.323276,1.6087602,2.3366568,2.4898229,2.439842,2.3708909,2.19516,2.6290545,2.377242,2.9061892,2.6919234,2.429986,2.4777164,2.240885,2.7177134,2.0326426,1.9671649,1.8178678,2.1379123,2.864937,3.016856,2.6306167,1.8882791,1.978911,1.1507215,2.6265519,2.8534336,2.6438677,2.8642714,2.7343445,2.9352095,1.7315795,2.5784073,2.5674288,2.472551,3.0659387,2.9262075,2.901423,2.3573437,2.6150692,2.4421074,2.239158,2.742632,2.546968,2.5043497,2.4380434,2.2486126,2.4033453,2.458672
14,1.8489962,1.7257146,1.8050439,1.8157873,3.5821187,2.575523,2.5653977,2.9840686,1.7936143,2.2376642,1.0149144,2.1470902,1.4069897,1.4091349,0.0,1.5964639,2.4389021,2.3955204,2.336446,2.5015955,2.2630568,2.6321743,2.2392116,2.2306707,2.4585633,2.6749806,2.357258,2.791125,2.9168568,1.964411,2.1945114,2.3660617,2.2787569,2.3860168,2.129753,2.2297335,2.0278687,2.057818,1.8754526,1.836427,2.382463,2.4383368,1.7395152,2.2441592,1.7405328,2.21452,1.9937735,2.393738,2.608902,2.6385612,1.7474548,2.6957965,2.075484,2.2947717,2.3419862,2.4422183,3.0684988,3.6138067,3.4539027,2.8491359,3.4369264,3.1780636,3.3482134,3.3153007,1.6941633,1.4394722,2.0759323,2.045288,3.4038248,3.4428566,2.7312644,2.4911397,2.3528888,2.1854804,2.3605435,2.1005607,1.9102975,2.5714622,2.068715,2.1998234,1.8307309,2.3755136,2.5337565,2.47643,2.3903503,2.2453086,2.6300395,2.368516,2.8714085,2.5142097,2.7529583,2.3095841,2.2033873,2.3412755,2.0975168,1.8705121,2.6279197,2.8874643,3.3335593,3.465678,2.7227163,2.0452392,1.8432807,1.0842543,2.5018075,2.8122826,2.5898569,2.815112,2.6180007,2.7466917,2.028606,2.5474403,2.4885142,2.4220693,3.0468593,2.906042,2.1879869,2.3061748,2.1501484,2.438991,2.245899,2.7591016,2.5302525,2.4625778,2.4334717,2.1820242,2.3262522,2.3772957
15,2.3667583,2.326098,2.3575406,2.3317087,3.1293445,2.0807354,2.0260313,2.5446978,2.145963,1.6167989,1.6789066,1.6411537,1.9810315,2.2508621,1.5964639,0.0,1.9243922,1.9297045,1.6430361,1.9248734,1.5975351,2.1721814,1.6328598,1.583277,1.9374502,2.2158337,1.8374026,2.3205798,2.5109162,2.230208,1.5393013,1.7805952,1.6116546,1.7969753,1.452594,1.5962528,1.8952177,1.9437039,1.7226092,1.6911484,1.8669381,1.9131497,1.6008047,2.5666833,2.4242177,1.6608838,2.274921,1.8942877,2.0901484,2.258513,2.0085862,2.1219985,1.401088,1.6577297,1.7287782,1.764528,2.63372,3.7796705,3.1455846,3.045714,3.0388105,2.7424152,2.9419901,2.9096577,2.5112638,2.3582957,2.8190567,2.8026063,2.832693,3.0152876,2.0449247,1.7367566,1.8058916,1.8010378,1.8076993,1.5004996,1.1741434,2.2218316,1.568289,1.716105,2.5253665,1.6555588,1.8843161,1.8134377,1.8808148,3.0304449,2.240543,1.8946253,2.5814939,2.6407576,2.3753881,1.7370338,1.4953096,1.7323798,2.9075959,2.738861,3.1928775,3.4287624,2.8607516,3.0779727,2.058162,1.8305684,1.6716475,2.1406438,1.7255361,2.3164096,1.8717332,2.2079034,1.9834098,2.1162908,2.7909641,1.8858709,1.8344462,1.7355305,2.6481116,2.4058979,1.2186681,1.4814687,1.2492371,1.7758344,1.4345446,2.3531866,1.9684695,1.740851,1.7738944,1.4481493,1.6973859,1.7637563
16,2.4930596,2.5373936,2.5165775,2.481232,3.1214674,2.8081968,2.0690303,2.1996274,1.5104411,2.3184125,1.9507343,1.1723924,2.0526464,2.301711,2.4389021,1.9243922,0.0,1.1428726,2.1042273,2.2364578,1.7761446,1.4972074,1.9275963,1.8504379,1.3666108,1.4260098,1.1001258,1.5703026,1.8560479,1.6461204,1.721849,1.8641208,1.8665222,1.7304105,1.7562844,1.8527985,2.1824808,1.9666753,1.7663434,1.6969056,2.3169541,2.3845346,2.3201537,3.1026363,2.8953173,2.3616908,3.0754795,2.4139507,2.5913062,2.607979,2.1876047,2.7127075,1.7504791,2.6213536,2.5335886,2.6545382,2.8984308,3.484689,2.6245847,3.192223,3.0178723,2.960434,3.0196378,2.9948337,2.3724287,2.3957422,2.5224035,2.5092335,2.6026433,3.0909014,1.9558412,1.9626244,1.5354818,1.4420667,1.7319337,1.4897277,1.9060258,1.7456541,2.3378067,2.0947692,2.8589709,2.337209,2.520861,2.4760232,2.1753423,3.0100138,2.1162999,2.0278177,2.696585,2.8845077,2.014513,1.952223,1.9540439,2.2975502,2.9476442,2.8770554,3.0506685,3.2192476,2.696961,2.9243512,1.9048531,1.8996174,1.76139,2.4126365,2.1174018,2.0354955,2.2892985,2.4545748,2.5312994,2.5338528,3.1366818,2.5265152,2.1553755,2.0648391,1.8774198,1.5644059,2.2515662,1.8911724,1.8774232,1.8969405,1.6583853,1.5278708,2.018753,1.8854414,1.8991356,1.9233766,2.1058276,2.023545
17,2.4295554,2.499331,2.4587698,2.412316,3.7173693,2.6323833,2.096341,2.1968484,1.5779971,1.9526205,1.798983,0.83387357,1.9298669,2.182622,2.3955204,1.9297045,1.1428726,0.0,2.1840086,2.2311978,1.8628128,1.7064098,1.9608859,1.9657835,1.3216938,1.373832,1.3718714,2.0072014,1.7200872,1.7681725,1.6283838,1.8314177,1.9779453,1.7667828,1.7913083,1.8540092,2.4463968,2.3209145,2.0490456,1.9176226,1.9920025,2.0864818,2.399819,2.9425058,2.601658,2.0081,2.80483,2.1034122,2.8726175,2.978475,2.379197,2.8398118,1.455947,2.406935,2.3149116,2.5916862,2.7984884,3.7843616,2.4782996,3.1039739,3.0365052,2.8761024,3.0093472,2.9313004,2.7197173,2.6332943,2.9816685,2.955128,2.84668,2.8272476,2.3367171,1.9155215,1.9187533,1.9012268,2.0986154,1.8047597,1.9861101,1.6997148,2.2319794,1.7861092,2.993849,2.3857737,2.500502,2.462921,1.8987999,3.1152065,2.2896802,2.1556804,2.7096148,2.8778179,2.349572,2.3215642,1.8707111,2.3175204,2.9190192,2.9353912,3.2124443,3.324948,2.8772106,3.1095257,2.0566626,1.9239106,2.1037025,2.375884,2.2997935,1.5431759,2.3416436,2.4918988,2.408409,2.425755,2.9033697,2.2408752,2.2719748,2.2189548,2.0376444,1.7277194,2.457063,2.019746,2.2081823,2.1147459,1.6615239,1.5045469,2.0512114,2.1427486,1.9688007,1.825179,1.9986562,2.10982
18,2.3556502,2.350135,2.377409,2.334242,2.8865576,1.8311002,1.9352376,1.8493414,2.5585775,1.6620392,2.1234438,2.1761103,1.7887864,2.0897076,2.336446,1.6430361,2.1042273,2.1840086,0.0,0.7006603,1.5501286,2.5385642,1.8193293,1.593757,2.3730013,2.3736825,2.358042,2.6647995,2.599805,2.5955448,1.4651757,1.521896,1.6517638,2.1993706,1.4854386,1.6145061,2.1735318,1.9813622,1.5692642,1.6508702,2.0560672,1.9922262,1.3971659,2.4183047,2.6705174,1.982339,2.9047954,2.0924366,2.4251044,2.510131,1.9084907,2.4518688,1.4396772,2.3100595,2.2847168,2.2930346,2.6394756,3.3084564,3.4696298,3.0112853,2.8613555,2.7195342,2.8283608,2.775783,2.5339637,2.4391105,2.8342612,2.8144445,2.494802,2.9668968,2.2019782,1.9332025,1.1986437,1.388063,1.752474,1.6157465,1.5797449,2.8826761,2.142604,2.466144,2.2327025,1.3949354,1.5693063,1.4889748,1.7456946,2.948082,1.9789249,1.7783091,2.5625293,2.823871,1.8881882,1.8328104,1.6028684,2.181693,2.9000397,2.9328198,2.4842274,2.6537206,1.9273852,2.2362242,1.7441676,1.6787058,1.5400239,2.3700776,1.8881205,2.9159186,1.903313,2.231153,2.0753605,2.3338094,2.8570142,2.0217693,1.7534997,1.585489,2.997835,2.7821362,2.0490887,1.2858291,1.6179831,1.4837406,1.3614494,2.7855709,1.9584147,1.8178172,1.6957222,1.6818659,1.9180105,1.8639956
19,2.3679783,2.4784632,2.402589,2.3563957,2.9223197,1.8266115,2.119471,1.7563168,2.6563075,1.8225074,2.1940494,2.3159862,1.8400179,2.1240335,2.5015955,1.9248734,2.2364578,2.2311978,0.7006603,0.0,1.7910447,2.7439225,2.1286843,1.8911829,2.4497406,2.5002205,2.3941891,2.648292,2.7563615,2.6706207,1.6566263,1.8095795,1.5848883,2.1105564,1.4158506,1.5250432,2.3038552,2.219808,1.4705615,1.6315074,1.9925822,1.92264,1.2897557,2.4241827,2.7787876,2.1091175,2.9541981,2.032637,2.8138466,2.9338098,2.2073288,2.7860484,1.3504903,2.509401,2.4656596,2.2528055,2.8603895,3.2827005,3.4458106,2.9505002,2.906679,2.6859648,2.783458,2.72531,2.5687804,2.465426,2.9472587,2.9216,2.4855623,3.001163,2.1754491,1.907278,1.2655015,1.5921522,1.8652427,1.5716913,1.7812253,2.8053663,2.084146,2.3987186,2.1393352,1.3249353,1.4293218,1.4290388,1.759467,3.0618775,2.0982265,1.8973123,2.6213598,2.886444,1.9750026,2.0578704,1.680931,2.2438865,2.972596,3.0559602,2.4284065,2.6428037,1.9407763,2.2301717,1.9889554,1.7795773,1.8292135,2.4685974,2.1711004,2.85681,2.0004225,2.2857523,2.2955332,2.4805834,2.686562,1.905151,1.9794743,1.84951,3.146592,2.9568882,2.3982553,1.6226511,2.0653486,1.8505741,1.6464556,2.8968098,2.1546843,2.0982108,1.7872659,1.7694889,1.8291601,2.1976821
20,1.9066845,1.9543822,1.9093336,1.8833239,3.0201411,2.2235086,1.2308033,2.0508091,2.222453,2.0782804,2.0491683,1.7138318,2.2011611,2.435668,2.2630568,1.5975351,1.7761446,1.8628128,1.5501286,1.7910447,0.0,1.2661041,0.82381076,0.3108756,2.1178796,1.6866782,2.194868,2.6502197,2.224863,2.4087887,1.7816083,1.2661637,1.7637264,2.256511,1.7929001,1.8521479,1.7871487,1.2010293,1.7203335,1.6095935,2.0407152,2.0292997,2.0141854,2.2567093,2.4843726,1.922719,2.554872,2.01709,2.2551866,2.038639,2.133841,2.2308493,1.5683082,1.8935277,1.8729185,2.0126946,2.7972589,3.3905072,3.142459,3.1263795,2.5885265,2.7557802,2.9769607,2.944933,2.6717055,2.524193,2.859266,2.8339674,2.593609,2.6508677,2.376351,1.8753765,1.5532012,1.550589,1.4988126,1.8196169,1.831489,2.706756,2.5199597,2.5045722,2.628503,2.0696523,2.2303307,2.1692426,1.8125644,2.555271,1.5968312,1.9875977,2.302719,2.716289,1.9422575,1.1734989,1.6635853,1.3461329,2.4091184,2.4472203,2.7645953,2.8357942,2.536086,2.8197653,1.5750823,1.9451171,1.3278897,2.1997914,2.2454746,2.5851376,2.3280056,2.2439787,2.3612895,2.4165568,3.0074534,2.261627,1.9242799,1.8167076,2.5652196,2.299971,1.9255072,1.5432131,1.21978,1.1554738,0.9971847,2.0712547,1.6493952,1.3193079,1.8952255,1.8866494,2.0169227,1.6086202
21,2.371377,2.4036744,2.3673122,2.3576589,3.6060674,2.9895492,1.8135229,2.5111158,1.9642429,2.771041,2.2858996,1.5916721,2.6196008,2.8053865,2.6321743,2.1721814,1.4972074,1.7064098,2.5385642,2.7439225,1.2661041,0.0,1.3492733,1.2880603,1.9152496,1.4148223,2.0882418,2.5847516,2.2254755,2.220184,2.242924,1.8590873,2.2897048,2.4249456,2.3553658,2.3684003,2.1596534,1.6699184,2.2710018,2.085851,2.4538238,2.5030951,2.8121154,2.890894,2.7622588,2.3604054,2.8425412,2.463947,2.531249,2.319263,2.5717466,2.554418,2.064758,2.313529,2.228076,2.568988,3.2235506,3.763618,3.068819,3.60856,3.0568929,3.250449,3.470225,3.456297,2.9361036,2.845422,3.0482996,3.0243351,3.0312498,2.9169078,2.6373343,2.200771,2.150198,1.9503076,1.9689742,2.2233155,2.3474457,2.4529178,2.947878,2.625726,3.2512884,2.890714,3.0498614,2.9924777,2.377105,2.8734512,2.1388404,2.5181825,2.657375,2.9547544,2.2687669,1.5858914,2.2229521,1.8579626,2.737606,2.6855514,3.3058848,3.320691,3.1798441,3.4061186,2.1196244,2.449603,1.8385795,2.5286877,2.6249478,2.3713245,2.775565,2.6719363,2.767003,2.7087421,3.3633294,2.7987235,2.4048975,2.3305748,2.101908,1.8201555,2.3975828,2.1641705,1.7923318,1.7956765,1.7083192,1.5868583,2.0335498,1.6694506,2.3210366,2.3456645,2.4641025,2.0155873
22,1.9498996,1.9450643,1.9368901,1.9203999,3.0391293,2.1605887,1.0747694,2.328212,2.3982246,2.2967405,2.0510528,1.7873207,2.2053955,2.4359677,2.2392116,1.6328598,1.9275963,1.9608859,1.8193293,2.1286843,0.82381076,1.3492733,0.0,0.6581271,2.259149,1.6514806,2.2728434,2.7311208,2.3395474,2.3654947,1.7952083,1.2029823,1.8326621,2.3475869,1.8955803,1.9186193,2.089359,1.5566128,2.2018893,2.0145473,2.0525818,2.0836344,2.1088593,2.1849606,2.3432891,1.8215578,2.5051875,1.998179,2.3538942,2.0940828,2.3715405,2.370689,1.6399211,1.8024718,1.7344296,2.0381725,2.7911031,3.9173303,3.2353263,3.218847,2.6044717,2.8396919,3.063649,3.0569654,2.8626726,2.731387,2.8019466,2.7787743,2.8399973,2.669458,2.4056578,1.8931621,1.9127507,1.7836249,1.3938831,1.8550217,1.8396435,2.775608,2.4546504,2.438794,2.9229403,2.2594566,2.4266512,2.3418083,1.9171197,2.4443946,1.6248097,2.0346475,2.1760528,2.58651,1.8921044,1.1390947,1.7111477,1.346039,2.3725114,2.3864906,2.8765953,2.9048147,2.7082524,2.9377158,1.7446257,2.1269808,1.7424833,2.1700156,2.3763745,2.7003074,2.6251156,2.3407233,2.479979,2.6700265,3.0642118,2.3674617,2.1394763,2.0398972,2.6780963,2.4796731,2.135732,1.8472561,1.4616805,1.420425,0.99271274,1.993761,1.4963999,0.9451374,2.1567085,1.8765532,2.0425317,1.3541051
23,1.8895607,1.8900042,1.8924601,1.8709283,2.9978402,2.2100422,1.1848748,2.1129768,2.2726598,2.1823645,2.0337846,1.7633998,2.1888769,2.4175744,2.2306707,1.583277,1.8504379,1.9657835,1.593757,1.8911829,0.3108756,1.2880603,0.6581271,0.0,2.184917,1.7091653,2.2465172,2.6980896,2.3187628,2.412809,1.8088804,1.2345417,1.7672168,2.2901661,1.847527,1.9069768,1.8410622,1.2198378,1.8413525,1.7355644,2.1021996,2.090039,2.034421,2.2428901,2.4438787,1.9203436,2.5338976,2.059182,2.1639953,1.932577,2.1348367,2.1673398,1.6096654,1.8562441,1.8150314,2.0083623,2.70413,3.4413347,3.174523,3.1183302,2.52213,2.718767,2.957866,2.9377995,2.6731176,2.5320024,2.8005252,2.7755919,2.7606235,2.8064895,2.4741116,1.9959958,1.6153339,1.5731733,1.4897661,1.8510467,1.7737387,2.7554283,2.511982,2.5192213,2.6632931,2.109218,2.3000407,2.2265508,1.9336429,2.5485322,1.6849891,2.071697,2.3010032,2.7138875,1.8998644,1.0117949,1.685215,1.3007962,2.3853793,2.3608646,2.7307863,2.83074,2.6018982,2.8735943,1.5350468,1.9363383,1.3542036,2.1542487,2.215408,2.6464813,2.3527277,2.2347941,2.351586,2.4581523,2.9955313,2.283094,1.9582494,1.834977,2.616189,2.3608336,1.9515402,1.5763032,1.1982875,1.1278213,0.9501519,2.0871868,1.6288801,1.1322668,1.9688954,1.9056681,2.0577374,1.5133523
24,2.7267199,2.7774608,2.7386456,2.718193,3.7652633,2.8838968,2.5182173,2.4242728,1.6067654,2.1523733,1.9533439,1.255395,2.2432783,2.4618745,2.4585633,1.9374502,1.3666108,1.3216938,2.3730013,2.4497406,2.1178796,1.9152496,2.259149,2.184917,0.0,1.9699354,1.436715,2.1682928,2.3133001,2.008133,2.0671418,2.298479,2.0133922,1.7286203,2.1311445,2.1633682,2.5132446,2.5424678,1.97255,2.181977,2.4359393,2.4943252,2.408978,3.3546083,2.9922981,2.4501457,2.9537847,2.5360239,2.394878,3.0464282,2.596553,2.8674972,1.6739968,2.3667388,2.2710671,2.4145272,3.1224508,3.864187,2.9803143,3.5072198,3.48295,3.2611594,3.4048796,3.3540118,2.6616411,2.6387682,3.0561936,3.036856,2.9763288,3.098244,2.2405903,1.9694533,1.9086748,1.7419965,2.1372788,1.740487,1.9427037,1.6155851,2.1771932,1.7956904,2.9693809,2.4241986,2.7680857,2.725673,2.1140153,3.331191,2.4413452,2.203339,2.9482791,3.1917067,2.6024892,2.300632,2.0213788,2.2931302,3.2614791,3.1207697,3.3042517,3.3999672,2.872279,3.0982194,2.3612587,2.1344724,2.0589225,2.5544758,2.3295524,1.8126385,2.2390099,2.5590098,2.5612044,2.5550747,3.2366283,2.6017327,2.4793127,2.2208068,2.4134817,2.1396492,2.582387,2.22965,2.2196918,2.2645006,1.9735174,1.9016423,2.531128,2.224654,2.024005,1.9766184,2.098021,2.3303688
25,2.199698,2.2804103,2.216387,2.1901417,3.3781495,2.9300632,1.873024,2.413315,1.9074746,2.3559432,2.0841937,1.2290391,2.3405545,2.5477798,2.6749806,2.2158337,1.4260098,1.373832,2.3736825,2.5002205,1.6866782,1.4148223,1.6514806,1.7091653,1.9699354,0.0,1.6573973,1.8959423,1.3819886,1.6519889,1.5632899,1.2337307,1.8340739,1.8763794,1.7855296,1.7616189,2.2988765,1.8559679,2.2599857,2.0584068,2.1967566,2.266864,2.4754977,2.7647302,2.6639943,2.150355,2.7237236,2.2127476,2.925214,2.5096006,2.4707074,2.6847975,1.8163255,2.4442642,2.319176,2.4813297,2.7312818,3.7794428,2.6578481,3.219586,2.7261121,2.9002802,3.021388,2.987742,2.761224,2.740601,2.7725632,2.756582,2.7679188,2.9055653,2.4390469,2.1276236,1.9505618,1.7699298,1.6368716,1.8721796,2.0775902,2.1442547,2.5259037,2.2309794,3.1115513,2.5035868,2.525132,2.46661,2.2441826,3.008532,1.982515,2.3040957,2.661175,2.746872,2.3338404,1.889654,2.1145432,1.8174454,2.725555,2.6434796,3.008256,3.1918046,2.8540783,3.09709,1.9962966,2.2634385,2.1324415,2.412812,2.6348798,1.9719739,2.4570704,2.14209,2.3478675,2.385265,3.021997,2.3453722,2.4071631,2.4350703,2.096921,1.7758186,2.6954134,2.1256545,2.252566,1.9870828,1.3839144,1.4149145,1.6972886,1.6601791,2.286782,2.130059,2.2317994,1.9582953
26,2.58089,2.6297545,2.5956368,2.5536103,3.0159867,2.754859,2.3042557,2.2870703,1.5296266,2.070323,1.7536387,0.9711741,2.1000285,2.3379855,2.357258,1.8374026,1.1001258,1.3718714,2.358042,2.3941891,2.194868,2.0882418,2.2728434,2.2465172,1.436715,1.6573973,0.0,0.91101027,1.7714779,1.4456433,1.5989014,2.03053,1.6774292,1.2700685,1.4974608,1.5648553,2.153785,2.2421515,1.8283241,1.8922541,2.2890801,2.4103172,2.158685,3.2585127,2.929071,2.3401432,2.7805429,2.35664,2.5666807,2.6917508,2.2427394,2.6630921,1.7058198,2.4128675,2.3325012,2.3398163,2.807766,3.745903,2.4314356,3.0178647,3.1094203,2.8430064,2.8845842,2.8564312,2.2446094,2.2868857,2.5505304,2.5385003,2.6287465,3.2172315,1.7793335,1.9619172,1.6176379,1.7402265,1.9098425,1.3241895,1.528226,1.0706998,1.7126007,1.4753244,2.8513668,2.125898,2.3183808,2.2900753,2.2466583,3.1952412,2.32304,1.9634438,2.8067362,2.8875537,2.627194,2.2976909,1.9574888,2.1909819,3.106746,3.025088,3.057084,3.35719,2.6636012,2.8728354,2.320458,2.0815053,2.151382,2.4504452,2.3679261,1.8182501,2.2743795,2.4903746,2.5801547,2.561734,2.9986224,2.3577342,2.2441432,2.194757,2.0327153,1.7511274,2.42982,2.0276961,2.264689,2.2150004,1.8411518,1.6516535,2.1844707,2.188311,1.9941479,1.7878217,1.9071907,2.172798
27,2.9578164,3.0233984,2.9659808,2.9316487,2.891884,3.0446825,2.6921833,2.4957414,2.0026536,2.5035,2.1972368,1.6764027,2.495885,2.7067866,2.791125,2.3205798,1.5703026,2.0072014,2.6647995,2.648292,2.6502197,2.5847516,2.7311208,2.6980896,2.1682928,1.8959423,0.91101027,0.0,1.9946371,1.5253068,1.7683856,2.2685108,1.9137812,1.5131252,1.5827774,1.6203814,2.2692063,2.456834,2.1003819,2.106749,2.5641,2.6736782,2.3585613,3.5176492,3.262469,2.6683872,3.0332634,2.6074045,2.960947,2.7961173,2.4689345,2.8307827,2.1474442,2.8065789,2.7294414,2.5678027,2.955018,3.766495,2.5384474,3.0812047,3.1946394,2.8922994,2.8568287,2.8584092,2.3648548,2.4806352,2.6685224,2.666327,2.7753198,3.6178594,1.9149516,2.33679,1.8884213,1.9735361,2.1032805,1.5338715,1.907038,1.4533087,1.9680218,1.8881487,3.0217385,2.3074548,2.35027,2.3381836,2.6546085,3.5030222,2.6289194,2.2342825,3.0973315,3.021621,2.9298053,2.6077232,2.3183858,2.5253801,3.4553463,3.360181,3.1919851,3.559524,2.7692115,2.9501398,2.6946657,2.4447196,2.5401018,2.8385487,2.7420208,2.2555788,2.5281258,2.7378736,2.8228588,2.783893,3.173595,2.535671,2.4482727,2.5102825,2.1628804,1.9299402,2.7639287,2.2739267,2.6930869,2.6044335,2.2370985,2.1067712,2.3928218,2.483733,2.2899637,2.139952,2.1785703,2.5665445
28,2.5137172,2.5433953,2.50901,2.4626818,3.3281934,3.183621,2.2003891,2.671117,2.1145067,1.9444394,2.3928175,1.4009552,2.615245,2.8060062,2.9168568,2.5109162,1.8560479,1.7200872,2.599805,2.7563615,2.224863,2.2254755,2.3395474,2.3187628,2.3133001,1.3819886,1.7714779,1.9946371,0.0,2.0621936,1.818317,1.6839095,2.206032,2.1363792,2.1239283,2.1232562,2.5210674,2.1460733,2.4819179,2.3647249,2.6510866,2.7484577,2.731237,3.1648276,3.0375624,2.5875673,3.054598,2.6587205,3.0681093,2.6724255,2.4517791,2.8489027,2.414384,2.7391398,2.7074447,2.9022248,2.9746385,3.9385724,2.6958878,3.2493007,3.077821,3.2349885,3.207709,3.1270723,2.8506832,2.8631446,2.9246647,2.9180405,2.3433938,2.816561,2.571315,2.4961658,2.1753414,2.237862,2.210078,2.3608935,2.391512,2.5360584,2.846092,2.6898234,3.3265574,2.7180984,2.719077,2.6510024,2.6100755,3.1856322,2.2391732,2.4372978,2.8350718,2.9753828,3.0542364,2.748105,2.521756,2.4048688,2.8384652,3.0269568,3.160584,3.4562154,2.8966432,3.1082914,2.333052,2.593336,2.4082139,2.6674316,2.8636603,2.2761192,2.6946716,2.473998,2.6604755,2.6030753,3.3693302,2.7087107,2.5715249,2.6204057,2.3849697,2.1238234,2.911113,2.372409,2.554838,2.230437,1.8237398,1.7963085,2.051882,2.5474188,2.4873378,2.3945572,2.587848,2.2333412
29,2.3334792,2.3152866,2.309745,2.3080118,3.5316997,2.9044306,2.5904038,2.4405508,1.1081901,2.4373171,1.2830353,1.5045818,1.7160182,1.7981025,1.964411,2.230208,1.6461204,1.7681725,2.5955448,2.6706207,2.4087887,2.220184,2.3654947,2.412809,2.008133,1.6519889,1.4456433,1.5253068,2.0621936,0.0,1.6380224,2.0223293,2.1150088,1.8576351,1.7632855,1.7500271,1.9011997,2.0671782,1.9464134,1.8158492,2.331971,2.432543,2.1678963,2.868039,2.2465584,2.2897446,2.3062897,2.3783724,2.7348366,2.5221574,1.8750955,2.6149883,1.9448115,2.4545927,2.3559747,2.5314772,2.840107,3.5085135,2.7238388,2.8578913,3.2277796,2.9713423,3.0563023,3.0420084,1.7051258,1.7453344,2.1641285,2.1443198,3.1822162,3.4377477,2.3668132,2.3343804,2.0207276,1.6992623,2.1001856,1.6992501,1.9122351,1.6131896,2.032565,1.8270248,2.421074,2.5129395,2.5507078,2.4922657,2.3395379,2.6472065,2.4775507,2.1493497,2.9448817,2.5362449,2.7622447,2.3748899,2.1880102,2.4094405,2.6706936,2.5208712,2.6116874,2.7899508,2.85531,3.0158617,2.7065082,2.1544683,2.1058917,1.9037936,2.7807493,2.2566805,2.6116843,2.8332648,2.617686,2.6715481,2.4317844,2.5540845,2.3758123,2.4119527,2.0205498,1.8182204,2.7505126,2.190382,2.5733979,2.4816248,2.156515,2.0231698,2.2690187,2.2888646,2.264092,2.1057575,2.1926293,2.3966165
30,2.4218173,2.4109628,2.4188838,2.3809206,3.1700218,2.1551304,2.0791988,1.9665471,1.9643517,1.4331499,1.7082058,1.4434485,1.7619976,2.0535452,2.1945114,1.5393013,1.721849,1.6283838,1.4651757,1.6566263,1.7816083,2.242924,1.7952083,1.8088804,2.0671418,1.5632899,1.5989014,1.7683856,1.818317,1.6380224,0.0,1.1040794,1.4573702,1.5922362,0.8343505,0.8286024,1.8289434,1.8888581,1.7159464,1.5383393,1.657834,1.7128352,1.5791073,2.5470996,2.36209,1.5219504,2.3440228,1.7301059,2.4435208,2.218513,1.7157075,2.0983503,1.191481,1.9263545,1.8610349,2.07429,2.4126995,3.6109912,2.9594364,2.9502306,2.9430633,2.6809242,2.7849534,2.7349782,2.3823173,2.3365166,2.751094,2.7346542,2.4297357,2.765391,1.8239218,1.564942,1.3806388,1.3763503,1.6959124,1.3368202,1.1716511,2.0182145,1.5633478,1.6673888,2.5071812,1.5791609,1.5019557,1.3927858,1.6469927,3.0281727,1.9995165,1.593297,2.6071148,2.422532,2.3280668,1.9547361,1.5152506,1.9708898,2.9672155,2.9588673,2.7086375,2.876428,2.073558,2.3552835,2.0998504,1.8765624,1.7963771,2.2800643,2.0726259,2.2272258,1.808831,2.1190796,1.662319,1.883096,2.6399112,1.6893642,1.622547,1.6873937,2.1961112,1.9154029,2.0584457,1.1671132,1.8878121,1.7468857,1.3287117,2.2026525,1.645652,1.7675153,1.6697118,1.4111205,1.6718444,1.7686862
