,0,1,2,3,4,5,6,7,8,9,10,11,12,13,14,15,16,17,18,19,20,21,22,23,24,25,26,27,28,29,30,31,32,33,34,35,36,37,38,39,40,41,42,43,44,45,46,47,48,49,50,51,52,53,54,55,56,57,58,59,60,61,62,63,64,65,66,67,68,69,70,71,72,73,74,75,76,77,78,79,80,81,82,83,84,85,86,87,88,89,90,91,92,93,94,95,96,97,98,99,100,101,102,103,104,105,106,107,108,109,110,111,112,113,114,115,116,117,118,119,120,121,122,123,124,125,126,127
0,0.0,3.8619063,4.126731,3.983576,4.0856004,4.032117,3.8902686,4.0310116,3.511388,3.6314247,3.601754,3.7513318,4.143462,4.2396564,3.5947022,3.6132197,3.1951509,3.372824,2.8406487,3.0425153,2.31511,2.2428823,2.5343764,2.7598627,3.5077837,3.273615,3.5404365,3.530114,3.9780583,4.1527314,2.2954016,2.625209,1.9932789,2.9596665,2.1255906,3.267471,2.7301068,2.9229074,2.6545784,2.5463204,2.422491,2.581796,2.2352598,2.2310417,3.084879,3.0383255,2.9878154,2.8241386,3.6041799,3.7252176,2.2786233,2.4315777,2.5499349,2.36541,3.1492305,3.0457497,3.4009678,3.4170892,2.581021,2.4190063,2.274734,3.0811768,3.7579799,3.7240272,4.5801306,4.584343,4.512084,4.508571,4.137274,4.1751337,4.0702767,4.414669,3.5738893,3.5086296,3.1458962,3.6209855,4.7373915,3.9801753,4.058969,4.0721126,3.2743714,2.871447,3.1513717,3.1416101,3.0231214,3.0107837,2.9554458,3.0394385,3.2043068,3.6936142,2.955291,2.9715006,3.0263999,3.5735264,3.4357533,3.07456,3.262543,3.179664,3.833579,3.0447972,2.6846147,3.4072845,2.8752677,3.612694,3.0615141,2.9785924,3.6500862,2.9639952,3.25557,3.7135963,3.263835,3.1659963,3.7095363,3.7095363,3.662657,3.6896214,3.4635584,3.8298616,3.6249483,3.5647428,3.6021419,3.762637,4.057748,3.8699942,3.8762686,3.7474115,3.6363704,3.9705045
1,3.8619063,0.0,1.582368,1.1842123,2.3874645,2.3016663,1.8467793,1.9314349,5.062499,5.0838213,5.1881485,5.026215,4.92625,4.939737,4.671384,4.624873,4.352688,4.550853,4.2090807,4.365305,3.953686,3.702247,5.0314384,5.2578783,4.715281,4.2641854,4.484412,4.4875035,4.984168,5.4239655,3.7814665,3.5924459,3.835468,4.3641453,3.8385067,4.543722,4.2102585,4.4825087,4.19772,4.073441,2.8521554,3.9414625,3.7334058,3.7450936,4.3416805,4.3549447,3.6301591,4.317607,4.70464,4.7271056,3.6693943,3.6128607,3.0348613,3.1181865,3.7962716,3.7552416,4.2816443,4.2849874,4.7124743,4.417116,3.0413237,5.599388,4.280602,4.3255916,4.6869316,4.6481338,4.470081,4.459,4.7614307,4.253003,4.269995,4.4855676,4.2001214,4.7913547,4.715134,5.0873914,5.7290726,5.344446,5.3749924,5.3842845,4.596094,4.2944827,4.4664025,4.4559703,4.4424114,4.444036,4.5668426,4.5183477,5.027544,5.2219386,5.059509,5.012455,4.7232814,5.116613,5.0872116,4.7239256,4.814678,4.74405,5.342347,4.749673,4.424167,3.70027,4.489783,3.9789848,4.8461695,4.8074737,5.0346236,4.914553,4.748251,4.9174175,4.7271395,4.6358285,5.410478,5.410478,5.3809376,5.3518157,5.226603,5.6285315,5.3452454,5.223335,5.4616203,5.500024,5.619815,5.5539784,5.6373405,5.4662533,5.426484,5.5534987
2,4.126731,1.582368,0.0,1.2578393,2.4686146,2.3887198,1.8548173,2.1427908,4.833657,4.718528,4.863598,4.625357,4.758717,4.785314,4.406047,4.2855043,3.5464573,3.7952805,3.5627441,3.6292229,3.5405846,3.3501847,4.683729,5.1243877,4.318389,3.9553628,4.2052298,4.187848,4.4197044,4.973262,3.473969,3.1944387,3.661462,4.2632527,3.6236787,4.232885,3.9148974,4.035523,3.8653493,3.8045015,2.5781112,3.8729255,3.4896994,3.5066972,3.9036753,4.0396385,3.3094006,4.0512514,4.3917103,4.33373,3.3938508,3.325351,2.8252354,2.9997265,3.1911972,3.1354582,3.917563,3.9004748,4.505935,4.217236,2.8729582,5.299243,4.0823607,4.1334915,3.9941933,3.9706013,3.7564225,3.77028,4.5735354,3.9931405,4.000375,4.021532,3.7709432,4.389125,4.4539676,4.778103,5.0793233,4.7359576,4.7892456,4.7981706,4.4590173,4.1910844,4.2546496,4.246733,4.1213427,4.131166,4.283034,4.196707,4.992106,4.9985933,4.766136,4.764283,4.365432,4.638646,4.671462,4.388278,4.70013,4.6960073,5.0549307,4.5333242,4.4021015,3.5977585,4.2569656,3.7453327,4.563434,4.580757,4.6793866,4.6407733,4.467927,4.707752,4.492984,4.3190875,4.919253,4.919253,4.8821335,4.872018,4.7930446,5.1091948,4.9349456,4.793528,5.1650286,5.2086806,5.315572,5.185771,5.3732357,5.1097827,5.075177,5.278402
3,3.983576,1.1842123,1.2578393,0.0,2.2428362,2.158138,1.4687984,1.643529,4.801646,4.861962,4.959901,4.791644,4.6451745,4.6819735,4.4037395,4.3728395,4.0966144,4.332725,4.0203114,4.1030426,3.7915435,3.4979746,4.819104,4.971915,4.440243,4.0689297,4.242871,4.231207,4.4986506,4.9343166,3.5135708,3.359091,3.6276917,4.1430187,3.5514135,4.2386484,4.0753546,4.4077907,3.9657092,3.903341,2.5714188,3.7626255,3.455982,3.4659822,4.1033597,4.101719,3.4593852,4.094658,4.3340187,4.369715,3.2896473,3.2589045,2.8945875,2.9661694,3.2651203,3.195637,3.8082433,3.823646,4.453581,4.161872,2.8260696,5.2723556,4.0294285,4.0653553,4.341651,4.31618,4.1156354,4.1016755,4.6039076,4.0094066,4.006765,4.0399556,3.898951,4.544483,4.4719534,4.861152,5.32324,4.852286,4.884453,4.8921647,4.3290067,4.1419296,4.3526945,4.3455596,4.1492367,4.1549654,4.2643976,4.2128544,4.658415,5.0358496,4.841099,4.858338,4.4090414,4.761451,4.7282443,4.449264,4.667223,4.59688,5.0123334,4.4968915,4.396376,3.6928642,4.2310386,3.6712527,4.555409,4.4653277,4.7818446,4.6301312,4.4356256,4.6017823,4.373684,4.3019495,5.0035324,5.0035324,4.976373,4.9558764,4.829352,5.1431413,4.920528,4.795239,5.148689,5.1335945,5.3372107,5.249608,5.335978,5.1499224,5.0877213,5.25455
4,4.0856004,2.3874645,2.4686146,2.2428362,0.0,0.23215273,1.712354,2.12147,4.8226504,4.96249,5.0706544,4.9540715,4.9199495,4.9893765,4.6253433,4.46318,4.198493,4.0189524,3.9923203,4.073225,3.7392972,3.6392374,4.6591625,4.878932,4.6373816,4.3875623,4.753415,4.7364974,4.7679796,4.978749,3.313967,3.363067,3.8368692,4.4656115,3.8581157,4.4477177,4.412441,4.7076864,3.9395654,3.8684525,2.9029648,4.153619,3.8305562,3.8449287,4.4409313,4.3557873,3.8956854,4.302141,4.7188473,4.875179,3.7677817,3.8753679,3.1865597,2.967835,3.6018317,3.3872113,4.2002926,4.1586766,4.687723,4.394644,2.8075328,5.531343,4.646854,4.679178,5.321153,5.2802672,5.1521235,5.1586714,5.1249,4.776984,4.721642,4.8157063,4.70224,5.132534,5.0040836,5.2242846,6.1069846,5.3384123,5.2956147,5.3026357,4.881185,4.613364,4.8227487,4.81608,4.6616416,4.6533866,4.7826037,4.625636,4.9672704,5.2614374,5.0012054,5.1248126,4.817827,5.2541275,5.2540636,4.8600745,5.1815987,5.142606,5.5287166,4.930367,4.732078,4.367707,4.6337633,4.3783035,4.8942084,4.802833,5.2187614,5.0116076,4.747634,5.0237265,4.7859573,4.745274,5.4784026,5.4784026,5.402987,5.4202056,5.138434,5.5017166,5.338107,5.174464,5.335424,5.3143167,5.584221,5.435045,5.7424026,5.3507123,5.294578,5.4828777
5,4.032117,2.3016663,2.3887198,2.158138,0.23215273,0.0,1.7097933,2.1033354,4.748549,4.8892593,4.9920235,4.875315,4.827512,4.900828,4.5598264,4.3988523,4.165439,3.9848185,3.9525425,4.0353646,3.7003748,3.6050935,4.6357565,4.8530416,4.584194,4.2901287,4.706685,4.6883006,4.7837114,4.9530673,3.2669725,3.313886,3.780221,4.4569697,3.8036845,4.3761106,4.375792,4.647387,3.8750489,3.8051746,2.8357725,4.0832634,3.7594268,3.775154,4.3753557,4.2817416,3.8180614,4.226621,4.6249466,4.784086,3.7131577,3.822862,3.1427424,2.9298909,3.5632968,3.3495307,4.132329,4.0951824,4.621421,4.313771,2.7672226,5.473918,4.654967,4.686392,5.203983,5.159463,5.041282,5.046574,5.080556,4.7287073,4.6725774,4.7730923,4.6947556,5.1322384,5.006748,5.1981173,6.0635505,5.32796,5.288836,5.29569,4.8721647,4.611872,4.8176103,4.8112774,4.657341,4.650215,4.7778816,4.6252513,4.977597,5.291913,4.9858932,5.10853,4.8152704,5.2520356,5.244515,4.855991,5.164396,5.1327477,5.5091367,4.9257298,4.7381873,4.377229,4.624061,4.360641,4.8908057,4.792432,5.1956997,5.0031533,4.759641,5.03098,4.7891374,4.753039,5.474545,5.474545,5.3984203,5.419071,5.141495,5.4964275,5.3340907,5.155865,5.3381076,5.3367,5.608546,5.4567785,5.7579513,5.3764486,5.325609,5.507993
6,3.8902686,1.8467793,1.8548173,1.4687984,1.712354,1.7097933,0.0,1.1015265,4.675399,4.8150735,4.953025,4.790381,4.7379246,4.812284,4.490316,4.3062034,3.939558,4.1875463,3.6962457,3.782195,3.5168626,3.3953555,4.5492435,4.7665462,4.45818,4.1860375,4.538918,4.5211,4.2699857,4.961888,3.3305285,3.37652,3.5392287,4.1488423,3.5493119,4.1465535,4.1501474,4.485581,4.0703087,4.033864,2.3942432,3.7986627,3.5144773,3.5277066,4.1638794,4.0711827,3.5648232,3.988457,4.40575,4.5808306,3.3600707,3.4798965,2.7576737,2.532506,3.190886,2.9866998,3.8358157,3.7958276,4.439956,4.158895,2.382497,5.3194003,3.5385277,3.5846572,4.679605,4.6553593,4.5148335,4.5113,4.491358,4.100377,4.068871,4.125107,3.8991134,4.4613204,4.2827306,4.571129,5.516589,4.6922016,4.607924,4.6150255,4.1920557,3.9001048,4.2366576,4.2312927,3.9533143,3.9559286,4.1408978,3.9750712,4.4559484,4.751876,4.4765086,4.569641,4.200261,4.6726875,4.621015,4.2029343,4.534195,4.464204,4.8953424,4.266385,4.135452,3.6299646,4.023216,3.5633755,4.3100734,4.2551246,4.500861,4.351736,4.136013,4.353756,4.091513,4.0293245,4.8956814,4.8956814,4.8617163,4.8575664,4.459206,4.902279,4.633057,4.491822,4.843058,4.772623,4.958595,4.8564525,5.160375,4.766433,4.6864104,4.879939
7,4.0310116,1.9314349,2.1427908,1.643529,2.12147,2.1033354,1.1015265,0.0,4.7776823,4.8848367,5.093996,4.940842,4.5822663,4.612125,4.571688,4.3887534,4.079906,4.331529,3.8363972,3.9269657,3.6669824,3.5390594,4.9427037,5.1241794,4.4575286,4.1782103,4.4451866,4.4267645,4.4085293,5.15436,3.5112212,3.5208695,3.5729966,4.213944,3.6288376,4.4104257,4.119619,4.4662423,4.143504,4.1434126,2.6366172,3.525452,3.5951362,3.5897257,4.3735204,4.203169,3.8047552,4.2521133,4.6658697,4.811173,3.4825284,3.5700266,2.8591015,2.7144065,3.2800648,3.1961138,4.111225,4.130227,4.6724973,4.3934984,2.5787632,5.4730067,3.6940837,3.7452648,4.7123046,4.6698008,4.527256,4.5161757,4.518138,4.069556,4.0492187,4.079172,3.974569,4.543276,4.388747,4.690846,5.7526603,4.8715224,4.7899733,4.7906394,4.3717175,4.0115423,4.31459,4.3109097,4.0202317,4.015227,4.196374,4.035807,4.559403,4.6448336,4.589523,4.6280766,4.275176,4.7596655,4.7115874,4.321205,4.433278,4.32216,4.7638855,4.335827,4.269438,3.7547982,4.0575585,3.5412698,4.2738113,4.223253,4.603978,4.3500476,4.1116414,4.596127,4.175258,4.1362805,4.9855604,4.9855604,4.9571385,4.951518,4.5549946,4.974335,4.70022,4.609584,4.688827,4.721612,4.7860603,4.8010464,4.973366,4.7248287,4.71996,4.7126575
8,3.511388,5.062499,4.833657,4.801646,4.8226504,4.748549,4.675399,4.7776823,0.0,0.8749095,0.85183024,0.9795406,2.0055695,1.9660401,1.8566054,1.6804874,3.4139879,3.6087108,3.2765455,3.363263,3.2557127,2.8209405,3.261906,3.4048257,3.8257136,3.4863632,3.4959586,3.484152,3.3104455,3.56595,2.8900514,2.9754555,2.9983158,4.6768417,3.06827,3.194922,3.6287005,3.848665,2.7921267,2.7512074,3.3584578,3.1081486,3.0321898,3.0309603,2.8090763,3.3133142,3.0490856,2.896796,3.406284,3.3446853,3.588379,3.6708965,3.3446903,3.237046,3.4744322,3.4218984,3.7232676,3.6846955,3.013903,2.960957,3.3405762,3.612338,4.0390697,3.9846754,5.129812,5.148416,5.0840106,5.0776143,4.9144764,4.669614,4.5409274,4.7518516,3.8147786,3.475956,3.5329168,2.6281579,4.082368,3.492309,3.6065793,3.599212,3.5052688,3.6740112,3.4226577,3.4336102,3.429546,3.4374092,3.4139545,3.3096786,3.5778737,4.5982866,3.3234758,3.3337796,3.364003,3.7411103,3.6655686,3.297184,3.634746,3.7363148,3.91171,3.5057838,3.515899,4.05213,3.235088,3.51855,3.008928,2.8440757,3.0871737,3.181062,3.5066638,4.153573,3.3173687,3.4018576,3.5977674,3.5977674,3.555498,3.5894246,3.5591023,3.8256688,3.6382616,3.4310348,4.0870867,4.4450436,4.6871214,4.4943247,4.7394223,4.457628,4.3964534,4.596882
9,3.6314247,5.0838213,4.718528,4.861962,4.96249,4.8892593,4.8150735,4.8848367,0.8749095,0.0,0.5774736,0.5551037,2.1780226,2.0372248,2.009906,1.7862339,3.0551362,3.2774484,3.1175056,3.2038403,3.20999,2.6904895,3.3681374,3.6768878,3.64114,3.334162,3.1126215,3.0997856,3.2313952,3.6896336,2.9774916,2.8206024,3.07732,4.726844,3.1536856,3.3359911,3.4267595,3.528505,2.6260796,2.606492,3.4513507,3.159007,3.1254244,3.1196783,2.6288059,3.330071,2.9200375,3.0354493,3.5526283,3.2831986,3.6260424,3.6321013,3.235453,3.3174546,3.3674152,3.4099796,3.8580096,3.824436,3.1456594,3.0860717,3.4240096,3.701442,4.110408,4.066708,4.9755363,4.9964604,4.901477,4.9056134,4.8492928,4.6163363,4.5085154,4.714402,3.6117277,3.2356129,3.5386384,2.6595187,3.8301587,3.4347703,3.63298,3.6256986,3.6019855,3.7191968,3.2379675,3.2497964,3.3977873,3.407266,3.396049,3.2894132,3.789562,4.5252438,3.267932,3.2024972,3.3362632,3.5897899,3.6338727,3.2694132,3.6221492,3.7517593,3.9237785,3.5659308,3.5723393,3.8808243,3.2930408,3.5311105,2.9853466,2.9015412,3.0681257,3.1657374,3.5139048,4.287888,3.423884,3.4512076,3.362297,3.362297,3.3151188,3.3521922,3.5416803,3.8137817,3.6573136,3.463072,4.079584,4.45615,4.6220574,4.4344964,4.6769166,4.4085007,4.368523,4.557846
10,3.601754,5.1881485,4.863598,4.959901,5.0706544,4.9920235,4.953025,5.093996,0.85183024,0.5774736,0.0,0.53112775,2.312069,2.2508976,2.082208,1.932206,3.243787,3.4219134,3.3213975,3.3904343,3.3130355,2.7640634,3.2341366,3.4633904,3.7686822,3.4524992,3.1974852,3.1866183,3.2830641,3.6060545,3.006782,2.8740788,3.1564214,4.7674603,3.220095,3.291375,3.5213692,3.7030504,2.6757617,2.619031,3.5273826,3.341872,3.1605065,3.1588047,2.655334,3.3697474,2.955436,3.009213,3.5785484,3.3163118,3.7369435,3.754109,3.3536768,3.4265547,3.4568632,3.4768398,3.830969,3.7797506,3.0607636,3.0037131,3.5299208,3.6893437,4.2398686,4.184063,5.135034,5.163018,5.083555,5.0846424,4.9383354,4.712411,4.6078224,4.800659,3.7280943,3.363174,3.638717,2.7960362,3.6945193,3.4541416,3.668193,3.6656606,3.6294298,3.7959528,3.3563428,3.3673637,3.4998434,3.5123706,3.4975662,3.408934,3.737172,4.69578,3.3294737,3.2899501,3.450989,3.708206,3.7560236,3.3504145,3.7462664,3.8786902,4.0894914,3.6205647,3.6287937,3.992732,3.369724,3.7253902,3.1186352,2.9896402,3.1491656,3.2822068,3.6530914,4.2252827,3.4866834,3.5349667,3.4410539,3.4410539,3.377816,3.4294314,3.6111429,3.9285738,3.751138,3.5106206,4.238761,4.564438,4.817843,4.58772,4.8510475,4.565599,4.4886484,4.738099
11,3.7513318,5.026215,4.625357,4.791644,4.9540715,4.875315,4.790381,4.940842,0.9795406,0.5551037,0.53112775,0.0,2.2235928,2.1232255,1.9538915,1.7497529,3.0885139,3.3191807,3.1714368,3.2446072,3.2450056,2.7202978,3.3066263,3.6300602,3.714496,3.3794823,3.226227,3.2198026,3.2371638,3.6093423,2.9898982,2.8162708,3.1470125,4.763988,3.1942534,3.202812,3.5124452,3.6772964,2.7000456,2.6422849,3.434307,3.3062356,3.121034,3.1244283,2.5214849,3.2818534,2.7999616,2.9124966,3.5418763,3.2815688,3.7555254,3.7568097,3.3185189,3.3933084,3.438797,3.457153,3.795613,3.7388375,3.1367824,3.0791693,3.5047257,3.7951548,4.1675715,4.1233277,4.9861727,5.012233,4.9149213,4.9188013,4.9738245,4.654396,4.551301,4.7417574,3.6473048,3.3000648,3.5820029,2.6945503,3.675319,3.3888829,3.590508,3.586357,3.5955296,3.7702684,3.3235953,3.3339205,3.465166,3.4801142,3.4833233,3.378494,3.8789556,4.732003,3.445861,3.3863647,3.4394364,3.6941206,3.7325504,3.3302574,3.7345233,3.8890984,4.097125,3.6339955,3.6328454,3.910515,3.380364,3.6008286,3.1470206,3.0671883,3.05899,3.3417988,3.6649113,4.238046,3.4969118,3.5182722,3.5398176,3.5398176,3.489408,3.521869,3.6873968,4.000629,3.796854,3.556938,4.3649197,4.689181,4.8765655,4.6588,4.928968,4.63365,4.5589976,4.812714
12,4.143462,4.92625,4.758717,4.6451745,4.9199495,4.827512,4.7379246,4.5822663,2.0055695,2.1780226,2.312069,2.2235928,0.0,0.7437509,1.955607,1.8343005,3.8402495,4.071294,3.6205955,3.8048668,3.7209437,3.3453703,4.095886,4.204089,4.088678,3.691204,3.6997395,3.6636648,3.7390337,3.8414185,3.1662037,3.2281191,3.4528694,4.89997,3.4588358,3.5123458,4.166348,4.54025,3.3448248,3.4797392,3.6521487,3.2386882,3.3666117,3.3353198,3.2950397,3.56537,3.4080584,3.4799216,3.9977446,3.93219,4.139581,4.211434,4.054045,4.0149155,4.168788,4.1880264,4.256153,4.3159266,3.7337105,3.609491,3.996838,4.2179456,4.755274,4.717647,5.191017,5.1874404,5.080389,5.071009,5.658599,4.968091,4.871124,5.05048,4.1560445,4.043191,4.1010785,3.3977323,4.8255033,4.1314197,4.242154,4.2367716,3.817091,4.143817,3.855655,3.8698719,3.835612,3.8420527,3.807944,3.707554,4.1045575,5.0430484,4.185291,4.1690664,3.8445842,4.2091184,4.177409,3.8524783,3.8966095,4.0129986,4.187144,4.0677814,4.057589,4.3870406,3.6911924,3.9246888,3.4668746,3.2566957,3.5554242,3.8669398,3.9657886,4.392418,3.8952074,3.998897,4.5238566,4.5238566,4.489206,4.5359755,4.521945,4.724928,4.487757,4.315412,4.875951,5.270217,5.4656253,5.3898544,5.4238286,5.3453736,5.323399,5.377475
13,4.2396564,4.939737,4.785314,4.6819735,4.9893765,4.900828,4.812284,4.612125,1.9660401,2.0372248,2.2508976,2.1232255,0.7437509,0.0,2.149155,1.9945598,3.8679357,4.080105,3.7318618,3.905855,3.7921169,3.329611,4.294518,4.375195,4.0144997,3.6008902,3.4946718,3.486078,3.814365,4.007719,3.3131762,3.2284198,3.4639025,4.932224,3.5224612,3.540466,4.0856276,4.469458,3.2688,3.3499897,3.7193677,3.1100335,3.4255142,3.3967698,3.1829658,3.532225,3.308445,3.4469805,3.9684212,3.8266861,4.127581,4.1316924,3.9349296,3.963863,4.1292167,4.2065096,4.303715,4.3505096,3.8113105,3.7270663,4.004578,4.186828,4.7535677,4.7237782,5.1783805,5.1729054,5.0512676,5.0362864,5.679427,5.0439315,4.952977,5.148021,4.162917,3.9724529,4.1044774,3.3692982,4.830137,4.1468062,4.2650967,4.25492,3.864641,4.2212095,3.8696265,3.8808138,3.924047,3.926005,3.9044735,3.7955065,4.185425,5.101012,4.2769976,4.187915,3.8909142,4.1621165,4.154857,3.929563,3.8863382,4.004252,4.1214533,4.1372876,4.1463227,4.3783154,3.802638,3.9439876,3.5364666,3.3629272,3.5900831,3.9019997,4.03902,4.5519195,3.9361475,4.041273,4.494259,4.494259,4.4721193,4.494418,4.528476,4.658319,4.4353056,4.317303,4.9209776,5.3031206,5.4110775,5.379843,5.412136,5.3386583,5.2873354,5.329242
14,3.5947022,4.671384,4.406047,4.4037395,4.6253433,4.5598264,4.490316,4.571688,1.8566054,2.009906,2.082208,1.9538915,1.955607,2.149155,0.0,1.0235155,3.4795406,3.745715,3.26317,3.4028535,3.3521912,2.9944577,3.3144124,3.5630112,3.9824333,3.6363926,3.7972772,3.7551594,3.5737724,3.5818741,2.941778,3.111237,3.0930023,4.639511,2.8977666,3.670838,3.6480758,3.9312737,2.999084,3.0130699,3.2859545,3.265794,2.929348,2.9344966,3.2190433,3.6548955,3.4074726,3.365766,3.786448,3.7699473,3.600331,3.659159,3.8009772,3.7148933,3.8697102,3.7891502,4.063454,4.114321,3.4555078,3.380166,3.7065778,3.9933863,4.409981,4.370448,5.048762,5.078005,4.8791704,4.8849387,5.2179766,4.5562263,4.4336643,4.6661544,3.8468478,3.6196015,3.5318108,3.0204217,4.5684443,3.8994489,4.073525,4.0728593,3.6246295,3.6751654,3.4404252,3.4507592,3.4469943,3.4580724,3.2854784,3.3456898,3.8157582,4.3601565,3.9185934,3.9309044,3.4546492,3.9041076,3.7391517,3.432705,3.8888345,3.8988597,4.2056904,3.6745927,3.5426905,4.031546,3.3479145,3.456213,3.1459372,3.0159178,3.5657485,3.5228877,3.5384321,4.318107,3.5753071,3.61621,4.079456,4.079456,4.0774775,4.0467377,4.2338076,4.4195232,4.3357983,4.2307367,4.296435,4.703283,4.9678497,4.7716117,4.721087,4.6547127,4.730404,4.886335
15,3.6132197,4.624873,4.2855043,4.3728395,4.46318,4.3988523,4.3062034,4.3887534,1.6804874,1.7862339,1.932206,1.7497529,1.8343005,1.9945598,1.0235155,0.0,3.2376816,3.4821002,2.9530637,3.1051428,3.0980318,2.7544303,3.1025076,3.4346545,3.8202944,3.4359226,3.6779382,3.635753,3.4359937,3.8747678,2.7469535,2.9246738,2.911474,4.527862,2.9265728,3.5738041,3.3805845,3.7248766,2.840012,2.8409557,3.0569122,3.0882568,2.7467394,2.7538714,3.0749664,3.5121427,3.2699022,3.208576,4.0309095,4.0161953,3.6879418,3.754274,3.497599,3.4061668,3.7194192,3.6270356,4.2890673,4.281762,3.6798635,3.5780885,3.4102886,4.0630054,4.172292,4.135983,4.812412,4.840686,4.676956,4.686702,5.11184,4.441944,4.320208,4.558647,3.7042575,3.4763215,3.5281806,2.8810291,4.414571,3.7839303,3.8593261,3.8577762,3.5402613,3.5490406,3.3186643,3.329704,3.3033473,3.3136456,3.366121,3.204614,3.6950724,4.0990105,3.74572,3.7723532,3.2849743,3.6402555,3.572854,3.273317,3.7635715,3.7770288,3.9036145,3.5059755,3.411721,3.859368,3.1737974,3.5587718,3.0162904,2.925103,3.3415494,3.448359,3.32483,4.1887226,3.3804078,3.3960671,4.161997,4.161997,4.124815,4.153838,4.0461044,4.233031,4.2390137,4.146777,4.1687484,4.5041704,4.7495856,4.546563,4.8095307,4.5019665,4.5056887,4.6756616
16,3.1951509,4.352688,3.5464573,4.0966144,4.198493,4.165439,3.939558,4.079906,3.4139879,3.0551362,3.243787,3.0885139,3.8402495,3.8679357,3.4795406,3.2376816,0.0,1.0912544,1.1629363,1.094474,1.4792628,1.5629033,2.594669,3.473742,2.468217,2.7872481,2.8651233,2.8340995,2.720724,3.3666484,1.9430507,1.7236801,2.1833835,3.1319988,2.2118604,2.6826787,2.3590333,2.363098,2.1403568,2.3122988,2.5467427,2.6786745,2.3185883,2.3043637,2.0118165,2.345165,2.2482073,2.491358,3.7501984,3.5783553,2.916727,2.9812837,2.5265553,2.6376858,2.271149,2.3267374,3.1111317,3.0835452,2.8186758,2.7060273,2.521002,3.472134,3.7368522,3.7398849,4.0561194,4.0628743,3.9203198,3.9614847,4.3664985,4.031326,3.9281664,3.907323,2.88062,2.7481825,2.9127758,3.1637483,3.6856456,2.6640918,2.8318183,2.8368282,3.3228858,3.0270813,2.861624,2.8610737,2.5829582,2.5863047,2.6877851,2.553059,3.7604506,3.763909,2.8149705,2.8115535,2.6472669,3.0056686,3.1781964,2.6134822,3.1287556,3.3062193,3.6919453,2.9949272,3.2018383,3.328202,2.8087587,3.2979789,2.6735044,2.834827,2.8121085,2.7813716,2.9806094,3.687469,3.1238601,2.905837,3.079335,3.079335,2.9881508,3.070265,2.9824347,3.5062518,3.1889122,2.9551091,3.754711,3.885061,3.8844783,3.6743796,3.9302192,3.6157444,3.4945025,3.8923867
17,3.372824,4.550853,3.7952805,4.332725,4.0189524,3.9848185,4.1875463,4.331529,3.6087108,3.2774484,3.4219134,3.3191807,4.071294,4.080105,3.745715,3.4821002,1.0912544,0.0,1.661916,1.526293,1.6821789,1.8262945,2.703692,3.5509632,2.6530263,2.915048,3.0735123,3.0521972,3.2192187,3.4515476,1.9228142,1.6845467,2.4128792,3.3577955,2.5316648,2.9203618,2.538461,2.5906138,1.982669,2.0818856,2.8020127,2.891244,2.5560348,2.5481236,2.3434613,2.572284,2.580694,2.7246296,4.044386,3.8951504,3.2475507,3.3051658,2.7464368,2.8326073,2.4929423,2.5272586,3.3758595,3.3282118,3.0986712,2.9701388,2.7213724,3.6775188,4.437339,4.4379888,4.479611,4.4716444,4.3656774,4.4068575,4.779133,4.4960036,4.3913374,4.346844,3.610878,3.457803,3.6051898,3.7997627,4.171504,3.2900403,3.42414,3.428991,3.9515069,3.6642375,3.5145159,3.5107865,3.2882864,3.2806308,3.38446,3.2344131,4.17015,4.193002,3.3517134,3.380822,3.2795267,3.5752454,3.7751608,3.293396,3.718797,3.8864174,4.1909895,3.5829923,3.7632186,3.9463148,3.3766212,3.981363,3.2837431,3.390524,3.506943,3.4169166,3.5446258,4.1679816,3.7059696,3.5281928,3.6877522,3.6877522,3.5576026,3.6584225,3.5312014,3.9668965,3.7635534,3.5259962,4.116087,4.255975,4.307545,4.0805006,4.3946157,4.0491314,3.928107,4.2926345
18,2.8406487,4.2090807,3.5627441,4.0203114,3.9923203,3.9525425,3.6962457,3.8363972,3.2765455,3.1175056,3.3213975,3.1714368,3.6205955,3.7318618,3.26317,2.9530637,1.1629363,1.661916,0.0,0.55012745,1.1081723,1.7844098,2.3750205,3.367853,2.8433456,3.0371192,3.545388,3.5135534,2.9516318,3.4085474,1.661143,2.0275447,1.8873053,3.0065017,2.0505612,2.5463583,2.587749,2.501201,2.4129815,2.5532382,2.2269661,2.4127681,2.0331812,2.020725,2.2676342,2.285284,2.4410436,2.2718086,3.5236902,3.631206,2.708028,2.886429,2.6380475,2.4125571,2.6870346,2.5515554,3.1562853,3.122491,2.7089047,2.6083286,2.2802777,3.2011256,3.5022368,3.5086076,3.805506,3.8018422,3.72897,3.7668583,4.2979174,3.9305937,3.7950108,3.888144,3.0456827,2.948988,2.7447097,2.9216516,4.0828786,2.8688107,2.8531048,2.8572598,3.1178346,2.777147,2.908548,2.905099,2.4673064,2.464671,2.6007092,2.424597,3.6897483,3.6165185,2.725355,2.8036008,2.4507537,2.9695907,2.9220884,2.4862084,2.8904383,3.0642118,3.3504648,2.7586248,2.8081336,3.3520713,2.4986138,3.181694,2.5812044,2.7602093,2.6747205,2.6987062,2.8261454,3.494566,2.968606,2.688444,3.4896681,3.4896681,3.4179056,3.4976995,3.0233138,3.3917375,3.1510782,2.9959497,3.6034102,3.856773,3.8479097,3.6484225,3.9440463,3.5963016,3.5089023,3.860789
19,3.0425153,4.365305,3.6292229,4.1030426,4.073225,4.0353646,3.782195,3.9269657,3.363263,3.2038403,3.3904343,3.2446072,3.8048668,3.905855,3.4028535,3.1051428,1.094474,1.526293,0.55012745,0.0,1.1344155,1.8526423,2.4030938,3.4011188,2.9327192,3.1048243,3.630381,3.6001318,2.9032242,3.3583827,1.7867764,2.121372,1.9639553,3.1245048,2.139795,2.642621,2.5669923,2.5224879,2.4841473,2.5775213,2.2834105,2.459987,2.0930839,2.0887496,2.3998017,2.393062,2.6265962,2.3500938,3.6228185,3.743009,2.7970128,2.97493,2.660571,2.4297519,2.4700098,2.3221974,3.0896544,3.039634,2.785746,2.696524,2.3194547,3.311982,3.5528047,3.5567343,3.8886297,3.8916051,3.8370488,3.8742323,4.2929926,3.9707742,3.8406515,3.8017447,3.1629975,3.0570662,2.8379774,3.0313532,3.968502,2.7499201,2.7180974,2.72129,3.3583484,2.963904,3.1460042,3.142083,2.5909202,2.5891852,2.7345357,2.5717413,3.7854881,3.668248,2.803629,2.8975956,2.5772533,3.0866258,3.040694,2.5973165,3.0484676,3.205385,3.4549336,2.832514,3.0321658,3.5857353,2.6030602,3.292314,2.6597111,2.854617,2.7681112,2.72594,2.9004548,3.5589259,3.0367343,2.7489748,3.4379702,3.4379702,3.3554463,3.437032,2.8866496,3.2977676,3.069181,2.886316,3.473725,3.7442043,3.7097976,3.4915533,3.8221617,3.4549353,3.382753,3.7276912
20,2.31511,3.953686,3.5405846,3.7915435,3.7392972,3.7003748,3.5168626,3.6669824,3.2557127,3.20999,3.3130355,3.2450056,3.7209437,3.7921169,3.3521912,3.0980318,1.4792628,1.6821789,1.1081723,1.1344155,0.0,1.2503184,2.0386827,2.7147067,2.4473212,2.852715,3.2236664,3.2163117,2.851001,3.209144,1.1470773,1.5560346,1.1337231,2.5317755,1.5131354,2.209944,2.0089076,2.461592,1.9254054,2.0141335,1.6936331,1.8858044,1.4152051,1.4090987,1.981222,1.7703047,2.1483884,1.8043482,3.5071197,3.6305003,2.4790335,2.689284,2.2339811,1.9739751,2.3485944,2.243079,2.9328296,2.8769429,2.447894,2.3590105,1.8777837,3.101358,3.422567,3.4208982,3.9483578,3.9535284,3.883338,3.900318,4.043661,3.702169,3.59039,3.6564186,2.967792,2.8174343,2.5118418,2.8792033,4.061529,2.7248309,2.7029393,2.713556,2.9116013,2.50559,2.787289,2.7766848,2.3160162,2.3041534,2.456796,2.3036456,3.1879306,3.429671,2.5811725,2.6183956,2.301722,2.898959,2.8698044,2.3127759,2.681268,2.7836933,3.2684948,2.4629037,2.7162268,3.274585,2.371809,3.30775,2.3904705,2.5101027,2.6060402,2.451416,2.6241007,3.1223013,2.656072,2.5690784,3.4436264,3.4436264,3.354121,3.4252837,2.8633785,3.367171,3.064038,2.899094,3.4511855,3.5344656,3.5888052,3.395212,3.6988757,3.3337634,3.15705,3.5569217
21,2.2428823,3.702247,3.3501847,3.4979746,3.6392374,3.6050935,3.3953555,3.5390594,2.8209405,2.6904895,2.7640634,2.7202978,3.3453703,3.329611,2.9944577,2.7544303,1.5629033,1.8262945,1.7844098,1.8526423,1.2503184,0.0,2.0758293,2.5254698,2.3015676,2.314669,2.187331,2.18966,2.5869002,3.3114855,1.242226,0.93634856,1.317097,2.5878975,1.5000566,2.3288097,1.700877,2.4254928,1.438209,1.3889724,1.8036213,1.9437383,1.4912254,1.4780777,1.6798979,2.0097797,1.7468731,1.9517467,3.5888407,3.454164,2.4721107,2.5075977,1.694503,1.8257973,1.9031104,1.9727639,2.927234,2.8779595,2.4950817,2.3562944,1.7504094,3.1980097,3.3598425,3.3384538,4.2738767,4.288329,4.1283846,4.1382008,4.2111998,3.84022,3.744631,3.8314474,2.6599882,2.5059023,2.5893528,2.9272022,3.649983,2.6875734,2.8187284,2.8277254,2.761685,2.5214632,2.4870071,2.4825566,2.258744,2.2538736,2.4201412,2.2383537,2.8211944,3.407296,2.6503572,2.6025329,2.3506682,2.7810216,2.9503262,2.3231049,2.782087,2.8238118,3.3842604,2.5412326,2.6404219,2.8512652,2.367766,3.0869417,2.2879238,2.2763703,2.6659818,2.4620774,2.577488,3.187413,2.5548809,2.4675856,3.0458195,3.0458195,2.9488518,3.0137186,2.7877345,3.3793216,3.040201,2.8624785,3.523949,3.5149157,3.6887867,3.4997132,3.7975338,3.4341705,3.180911,3.6154876
22,2.5343764,5.0314384,4.683729,4.819104,4.6591625,4.6357565,4.5492435,4.9427037,3.261906,3.3681374,3.2341366,3.3066263,4.095886,4.294518,3.3144124,3.1025076,2.594669,2.703692,2.3750205,2.4030938,2.0386827,2.0758293,0.0,1.5250736,3.3145218,3.3612988,3.7582061,3.7280254,3.3126636,3.5606303,1.9999475,2.543287,2.2033024,3.0459242,2.2434204,2.880967,2.6991243,3.1706104,2.5224714,2.470978,2.8606913,3.192829,2.178048,2.199067,2.7392025,2.8807976,3.078085,2.488968,4.18299,4.298387,3.3289034,3.513703,3.258097,3.0187323,3.2559795,3.0420496,3.675603,3.589256,2.8237522,2.7925985,2.8957708,3.1873324,4.1110544,4.053745,4.9717603,5.013481,4.920881,4.9422746,4.9500985,4.6283164,4.4739227,4.596174,3.691396,3.3685048,3.1045895,3.4122877,4.036318,3.15405,3.1815956,3.2007203,3.2549067,3.0171173,3.2897675,3.2882817,2.8753462,2.8792489,2.9978986,2.853611,3.0667727,3.7067091,3.051885,3.2280502,2.8455632,3.3110743,3.3045013,2.7699478,3.5405278,3.5724976,3.9443312,2.8998256,2.9081945,3.8976388,2.81003,4.041237,2.911501,2.8744621,3.2509208,3.0909147,3.1146984,3.4912198,3.064757,2.9203463,3.7897658,3.7897658,3.6839585,3.791659,3.3057559,3.7777379,3.6445088,3.465285,3.9135487,3.8601785,4.2777057,3.896584,4.3405776,3.8410585,3.5617936,4.203337
23,2.7598627,5.2578783,5.1243877,4.971915,4.878932,4.8530416,4.7665462,5.1241794,3.4048257,3.6768878,3.4633904,3.6300602,4.204089,4.375195,3.5630112,3.4346545,3.473742,3.5509632,3.367853,3.4011188,2.7147067,2.5254698,1.5250736,0.0,3.2033377,3.5381906,3.6980073,3.6731102,3.5781934,3.7557385,2.4626725,2.890714,2.4038377,3.2714777,2.4057744,3.092604,2.9086332,3.7935002,2.6372156,2.701534,3.0499594,3.3258383,2.3852684,2.4070854,3.0117025,2.9752777,3.3359234,2.748146,4.36303,4.456816,3.518762,3.755468,3.571405,3.3747537,3.5488358,3.395199,3.9616404,3.9075122,3.1360538,3.1062894,3.262905,3.4710667,4.373483,4.3066,5.2682085,5.3202267,5.206755,5.2051067,4.98374,4.6562037,4.5229726,4.6626534,3.9278936,3.5685072,3.3247185,3.5881014,4.500393,3.4380774,3.4860125,3.5062327,3.254917,3.1850142,3.4640431,3.463921,3.1489255,3.1508653,3.2090788,3.1019409,2.5354483,3.841075,3.3113582,3.4749672,3.087123,3.5153453,3.5198596,3.0240688,3.7823863,3.7202334,4.090264,3.0988612,3.4462779,4.2269535,3.2264538,4.4329753,3.06611,2.8420238,3.549259,3.2197073,3.2287536,3.5201423,3.0426214,3.2967849,4.0120163,4.0120163,3.9255457,4.017762,3.6454453,4.076741,3.9791775,3.8229418,4.152681,3.828597,4.4162025,4.0769343,4.461096,3.98527,3.6407697,4.2767653
24,3.5077837,4.715281,4.318389,4.440243,4.6373816,4.584194,4.45818,4.4575286,3.8257136,3.64114,3.7686822,3.714496,4.088678,4.0144997,3.9824333,3.8202944,2.468217,2.6530263,2.8433456,2.9327192,2.4473212,2.3015676,3.3145218,3.2033377,0.0,2.547043,2.4508526,2.4278212,3.5600667,3.8420408,2.5526104,2.3308022,2.1835775,2.8851008,2.0502737,2.8368733,2.2759209,2.7319107,1.7621822,2.3654485,3.0640411,2.5927007,2.3431704,2.3268597,2.1360953,1.9757522,2.3332129,2.6554034,4.102728,3.8901253,3.2539485,3.3972962,3.1091583,3.2776465,3.023638,3.1986568,3.7051902,3.774721,3.251182,3.1292028,3.1290493,3.7941155,4.3691416,4.3713055,4.124514,4.108403,3.910391,3.915234,4.3439503,3.8764622,3.7427962,3.946819,3.3178606,3.085771,3.3012037,3.5715666,4.6254597,3.3131297,3.4999986,3.4969609,3.2986176,3.1298234,2.977514,2.9817245,2.9577084,2.9528756,2.975541,2.866346,3.4073563,3.9037473,3.2887058,3.2383113,3.0313387,3.3696582,3.5245912,3.008107,3.3666823,3.4366035,3.8672128,3.3112245,3.9758224,3.8548195,3.466084,3.8117962,3.0326438,2.9448872,3.373269,3.1854553,3.1847787,4.308885,3.2375693,3.5975728,3.7438743,3.7438743,3.688819,3.759838,3.878821,4.29385,4.0099545,3.7922108,4.3718586,4.084501,4.21546,4.1095004,4.2124395,4.0007725,3.7965147,4.1565027
25,3.273615,4.2641854,3.9553628,4.0689297,4.3875623,4.2901287,4.1860375,4.1782103,3.4863632,3.334162,3.4524992,3.3794823,3.691204,3.6008902,3.6363926,3.4359226,2.7872481,2.915048,3.0371192,3.1048243,2.852715,2.314669,3.3612988,3.5381906,2.547043,0.0,2.5518827,2.512001,4.48966,4.79925,2.8128707,2.5078275,2.5894115,3.7211683,2.4638443,3.1892953,2.868539,3.0351598,2.3473153,2.3604634,3.0224862,2.7066498,2.6329353,2.6603916,2.7266982,2.826517,2.6600204,2.8100238,4.126038,3.946013,3.404198,3.4147036,2.9427104,3.1491206,2.9140804,3.0404174,3.6575043,3.737704,3.529211,3.2066517,3.0021396,3.9762785,4.894543,4.883038,4.516922,4.479109,4.3139524,4.3180714,5.4166117,5.112961,4.985386,5.1265664,4.344003,4.218859,4.3473797,4.376203,5.047387,4.3265257,4.4581013,4.4539504,4.3763227,4.2231402,4.1338882,4.1417627,4.009668,4.015542,4.0700755,3.9705648,4.406352,4.78989,4.305353,4.2742157,4.13724,4.4423666,4.5381327,4.1270356,4.4620132,4.4949203,4.8386936,4.3602505,4.4850154,4.549489,4.1968894,4.2389627,3.9906914,3.8569593,4.290728,4.1131444,4.285961,5.129603,4.313295,4.3131585,4.412769,4.412769,4.372448,4.414235,4.448561,4.8242545,4.573676,4.2917857,4.8619976,4.926049,5.050911,4.924754,5.0624857,4.8525405,4.6996455,4.9945726
26,3.5404365,4.484412,4.2052298,4.242871,4.753415,4.706685,4.538918,4.4451866,3.4959586,3.1126215,3.1974852,3.226227,3.6997395,3.4946718,3.7972772,3.6779382,2.8651233,3.0735123,3.545388,3.630381,3.2236664,2.187331,3.7582061,3.6980073,2.4508526,2.5518827,0.0,0.18664949,3.3819394,4.232008,3.0097015,2.190312,2.922977,3.6118593,2.884086,3.5239687,2.5415487,3.1593635,2.113076,2.2743394,3.4114296,3.0079503,3.0191727,2.9840212,2.5132213,3.0973387,2.5353708,3.3930957,4.4301643,3.8513622,3.482852,3.3287668,2.6971009,3.3338842,2.7355626,3.1459193,3.9324214,3.977149,3.5848265,3.430703,3.272397,4.0875096,4.418874,4.3925414,4.9177966,4.9266815,4.6799703,4.6785502,4.8331594,4.4846406,4.4370728,4.5367527,3.1605806,3.0319095,3.727892,3.9460552,3.9881911,3.598565,3.9439898,3.9449282,3.60134,3.6356952,3.0431166,3.051061,3.3013432,3.3012073,3.3597527,3.2578628,3.4434295,4.203474,3.5836966,3.3917015,3.4274924,3.4647727,3.8918285,3.4198887,3.6674209,3.6778762,4.1470504,3.7056177,3.9449189,3.4348085,3.6006627,3.8507578,3.2111058,3.047798,3.6944146,3.4105034,3.5269086,4.3426127,3.5432599,3.6591616,3.2556748,3.2556748,3.179025,3.2443528,3.7793295,4.249071,3.9552815,3.7989984,4.4157267,4.2746634,4.476768,4.4055758,4.480858,4.340898,4.102184,4.382379
27,3.530114,4.4875035,4.187848,4.231207,4.7364974,4.6883006,4.5211,4.4267645,3.484152,3.0997856,3.1866183,3.2198026,3.6636648,3.486078,3.7551594,3.635753,2.8340995,3.0521972,3.5135534,3.6001318,3.2163117,2.18966,3.7280254,3.6731102,2.4278212,2.512001,0.18664949,0.0,3.3774405,4.2316146,2.9888585,2.192038,2.9235787,3.6256244,2.862136,3.5542064,2.5462844,3.1345437,2.1047337,2.298994,3.4014013,3.031007,3.0090795,2.9735281,2.5567403,3.1252198,2.579507,3.430217,4.439108,3.8646908,3.468315,3.3297215,2.7212055,3.3496888,2.7178962,3.1201684,3.9419696,3.9953668,3.5943305,3.4226618,3.26719,4.103759,4.428057,4.4005284,4.8898463,4.898422,4.649291,4.650023,4.813433,4.4574637,4.4070253,4.5037484,3.1558316,3.0497518,3.747719,3.9595234,4.004977,3.6145668,3.9623659,3.9636664,3.6180563,3.6339545,3.0364943,3.0463245,3.2857945,3.287066,3.341178,3.2390757,3.4360461,4.1604743,3.5601678,3.3887398,3.4218068,3.4721234,3.8982909,3.4123132,3.695467,3.700124,4.16133,3.7095416,3.9546602,3.4473834,3.5921311,3.8365502,3.1921182,3.0162842,3.7124686,3.40191,3.5017464,4.358189,3.5460217,3.6649058,3.237809,3.237809,3.1592734,3.2328815,3.7808814,4.255817,3.9783704,3.8112013,4.377652,4.240261,4.4670453,4.385548,4.460035,4.31909,4.098271,4.371463
28,3.9780583,4.984168,4.4197044,4.4986506,4.7679796,4.7837114,4.2699857,4.4085293,3.3104455,3.2313952,3.2830641,3.2371638,3.7390337,3.814365,3.5737724,3.4359937,2.720724,3.2192187,2.9516318,2.9032242,2.851001,2.5869002,3.3126636,3.5781934,3.5600667,4.48966,3.3819394,3.3774405,0.0,2.5220544,2.7341363,2.7033885,3.0294516,3.6576347,3.0849671,3.1756845,3.2771735,3.9218888,3.170795,3.3609457,3.2195926,3.408304,3.0938654,3.041133,2.7979188,3.1876657,3.0569708,3.2780848,4.115767,3.9592035,3.516898,3.6096647,3.180991,3.2016566,2.8498611,2.8978565,3.4972672,3.4065177,3.172907,3.2842994,3.2026308,3.9396834,2.8658347,2.8195224,5.0335464,5.0932417,4.954539,4.962311,4.118426,3.6169162,3.5686066,3.3610685,1.9830081,1.9068781,2.147083,2.3905475,2.8280213,1.4229535,1.6671284,1.6825448,2.309679,2.453621,2.2905529,2.2924497,1.8472123,1.8536037,1.9955578,1.7809056,2.4521773,3.5546896,2.243484,2.2700613,1.9056966,2.304539,2.5461285,1.7690891,2.367705,2.4981647,2.9415407,2.0856647,2.6710773,2.7533238,2.0061703,2.8865023,1.7525876,1.8192378,1.8276573,1.9874661,2.064267,2.2124927,1.8289437,1.8787224,2.3170438,2.3170438,2.206399,2.3100436,2.0727599,2.8320534,2.3070815,2.21517,3.395251,3.282268,3.5062933,3.3334146,3.6260188,3.282496,3.0391877,3.4287755
29,4.1527314,5.4239655,4.973262,4.9343166,4.978749,4.9530673,4.961888,5.15436,3.56595,3.6896336,3.6060545,3.6093423,3.8414185,4.007719,3.5818741,3.8747678,3.3666484,3.4515476,3.4085474,3.3583827,3.209144,3.3114855,3.5606303,3.7557385,3.8420408,4.79925,4.232008,4.2316146,2.5220544,0.0,2.76473,3.0423205,3.323774,3.889124,3.1222117,2.759253,4.129052,4.501669,3.2903893,3.524142,3.753221,3.7236974,3.3301926,3.2862926,2.9487448,3.011856,3.2684717,3.11114,3.3970807,3.4846492,3.6501522,3.8287277,4.1988034,4.0083213,3.67832,3.6079767,2.795683,2.802538,2.3948953,2.6219316,3.9566267,3.4408948,4.46834,4.429626,5.384487,5.410236,5.328074,5.3295054,4.99823,4.489598,4.3759217,4.2335954,3.6522198,3.535944,3.1555092,3.353401,3.9507267,2.6190941,2.8765452,2.8852985,3.205473,3.5599835,3.6288629,3.624806,3.2054615,3.201946,2.8706398,3.0962036,3.5853508,4.9867396,3.4007316,3.507691,3.1499412,3.6972454,3.564445,3.1163034,3.3185701,3.5838695,4.0421557,3.302395,3.7148407,4.2644825,3.1757648,3.6803513,3.1315117,3.0417686,3.0688164,3.2388008,3.566735,3.251117,3.2848277,3.3729432,3.512326,3.512326,3.4421194,3.467416,3.5756028,3.9217544,3.3748903,3.1202686,4.5409107,4.6819444,4.9493766,4.754619,4.5307255,4.6124845,4.499291,4.8632402
30,2.2954016,3.7814665,3.473969,3.5135708,3.313967,3.2669725,3.3305285,3.5112212,2.8900514,2.9774916,3.006782,2.9898982,3.1662037,3.3131762,2.941778,2.7469535,1.9430507,1.9228142,1.661143,1.7867764,1.1470773,1.242226,1.9999475,2.4626725,2.5526104,2.8128707,3.0097015,2.9888585,2.7341363,2.76473,0.0,1.1361971,1.3393053,2.5009787,1.4752296,2.0094097,2.3886352,2.9062555,1.6498644,1.7906194,1.7796642,2.0761254,1.4243746,1.3931069,1.9600965,1.8481919,2.0035083,1.847771,3.3413324,3.4503376,2.4732249,2.678009,2.3270063,2.080891,2.4010446,2.2646093,2.7340767,2.7038012,2.2483442,2.0891438,1.8891455,2.9976768,3.6861513,3.6634974,4.267142,4.2633457,4.170677,4.1808496,4.3810134,3.9043522,3.7726173,3.8638673,3.093922,3.0681763,2.8385487,3.122273,4.0927954,2.9121237,2.9484692,2.9592724,2.7980409,2.6828299,2.8838463,2.8793557,2.4754357,2.4646513,2.5544794,2.3980036,2.9432254,3.7408884,2.8021555,2.9179564,2.4960334,3.0695107,3.0806942,2.5323532,2.8881378,2.9941432,3.4400694,2.681713,2.7808702,3.2944188,2.4178581,3.2731605,2.5311632,2.4399612,2.8343697,2.7528143,2.7712977,3.0956275,2.7290952,2.6801991,3.5632122,3.5632122,3.453154,3.5487494,3.1441164,3.5880866,3.2811947,3.0636163,3.771272,3.8335288,4.113381,3.9021223,4.142252,3.828165,3.627405,4.0247903
31,2.625209,3.5924459,3.1944387,3.359091,3.363067,3.313886,3.37652,3.5208695,2.9754555,2.8206024,2.8740788,2.8162708,3.2281191,3.2284198,3.111237,2.9246738,1.7236801,1.6845467,2.0275447,2.121372,1.5560346,0.93634856,2.543287,2.890714,2.3308022,2.5078275,2.190312,2.192038,2.7033885,3.0423205,1.1361971,0.0,1.7709838,2.871592,1.8856844,2.1944275,2.257231,2.8949952,1.4037036,1.5092652,1.9186754,2.2597194,1.8735394,1.8490058,1.5990363,1.9038969,1.5614966,2.0708663,3.4567425,3.252246,2.6335702,2.6733065,2.0264168,2.2044842,2.150651,2.239672,2.8297443,2.7933648,2.5287745,2.3482087,2.0939567,3.3286622,3.8526351,3.8407414,4.32066,4.322644,4.1686077,4.179549,4.458854,4.019403,3.9486265,4.009715,2.933187,2.9016082,3.0552776,3.278203,3.9032195,2.9844124,3.1599977,3.171978,3.0097008,2.9947677,2.8182716,2.8129542,2.7180226,2.7120798,2.797954,2.661333,3.2116818,3.997381,3.022464,2.9937887,2.7670803,3.112233,3.330218,2.778417,3.1170883,3.241109,3.7306113,3.04412,3.1527898,3.1246107,2.8383825,3.4393954,2.745534,2.677846,2.9717128,2.9362772,3.063034,3.2912574,3.0081735,2.9998806,3.3839169,3.3839169,3.2736044,3.348007,3.2988024,3.787101,3.447303,3.2216632,4.075013,4.076524,4.290928,4.115555,4.334705,4.042468,3.8143227,4.2070365
