,0,1,2,3,4,5,6,7,8,9,10,11,12,13,14,15,16,17,18,19,20,21,22,23,24,25,26,27,28,29,30,31,32,33,34,35,36,37,38,39,40,41,42,43,44,45,46,47,48,49,50,51,52,53,54,55,56,57,58,59,60,61,62,63,64,65,66,67,68,69,70,71,72,73,74,75,76,77,78,79,80,81,82,83,84,85,86,87,88,89,90,91,92,93,94,95,96,97,98,99,100,101,102,103,104,105,106,107,108,109,110,111,112,113,114,115,116,117,118,119,120,121,122,123,124,125,126,127
0,0.0,0.95713973,1.4483159,2.0707524,1.3902539,1.3954298,0.78761643,0.47099662,1.7608868,2.1847982,1.3897668,2.4841564,1.7890006,1.3616451,1.7903266,1.3439012,2.970158,2.2544193,1.7344685,1.9648367,2.6291964,1.8563398,1.9985485,2.042212,2.7064672,2.8932736,1.9298588,3.0276828,2.5782788,2.2129383,2.7281892,2.8903217,1.2925268,1.3131198,1.6376673,1.674743,1.7578832,1.7031634,1.6685258,1.6987818,1.2028928,1.3814358,1.1222222,1.1441894,1.2101485,1.2512724,1.6996703,1.5812253,2.583215,0.95058435,1.5358849,1.6053613,1.9029334,1.0433942,1.9526464,1.6969954,2.6822937,1.964711,1.9246346,1.7625806,1.6778878,2.2058325,2.135063,2.1642442,2.5689454,2.4910164,1.9433578,1.9023404,2.8214388,2.368245,2.9255676,2.9493656,2.0256386,1.8738827,1.9464726,2.0500138,2.0390532,1.9700204,2.2404811,1.9267473,1.7567239,2.75206,1.7652619,2.120113,2.4917629,2.5579963,2.8589761,2.533887,2.2079377,2.08456,2.3024607,2.1124756,2.3155591,1.9895478,2.0475562,2.309685,2.0881026,2.8378847,2.8004534,1.8297796,2.6226869,2.2955914,3.1780603,2.9079947,2.1933613,2.3022306,1.9012182,1.8845505,1.5915161,1.7362037,2.3011596,1.994218,1.7232331,1.0981693,1.7965294,1.4153664,1.8824764,1.3567195,2.3461847,1.5059342,2.677005,2.379536,2.5908813,2.425998,1.9071534,2.5651708,1.6469222,1.671508
1,0.95713973,0.0,1.4245782,1.7099229,1.4635923,1.4230361,0.61692107,0.71276826,1.3385198,1.776584,1.3388845,2.2579112,1.9492662,1.400636,0.96352243,1.4076489,2.7219129,1.8551201,1.6278493,1.8798143,2.368614,1.9093096,2.0014074,2.0338798,2.1251807,2.3323905,1.1514205,2.6007965,2.5569496,2.392206,2.5503676,2.9629505,1.153112,1.1447743,1.5996149,1.510915,1.5684587,1.6357212,1.4844084,1.6427788,0.9231247,1.2960565,1.0918361,0.91985184,0.9661924,0.9525096,1.4082958,1.2798859,1.836739,0.54082114,1.3742357,1.2763176,1.8248991,0.7306771,1.8614337,1.6159642,2.060602,1.7212647,1.9367626,1.5643741,1.8483223,2.0124216,1.9739505,1.9687006,2.643533,2.5659194,2.0002234,1.9554852,2.9457378,2.6319935,2.9997187,3.0831683,2.0907235,1.9385164,2.1073613,2.2042143,2.07219,2.0359013,2.2499497,1.9778805,1.5484918,2.0978777,1.7426648,2.0319064,2.044111,2.1649456,2.4148357,2.5883856,2.201184,1.6329737,1.804712,1.6605612,1.9066585,1.519394,1.493218,1.829097,1.7405207,2.1470113,2.6854858,1.4563731,2.656169,1.9523479,2.6991801,2.36288,2.1450756,2.2901423,1.6551515,1.6280726,1.1390059,1.3673792,2.0483162,1.6993649,1.889597,1.3311443,1.6268964,1.3499265,2.2376912,1.6933755,2.5393887,1.9317459,3.0434058,2.6815727,2.77279,2.6266806,1.8238287,2.4857514,1.9675109,1.9522461
2,1.4483159,1.4245782,0.0,2.2027817,1.8607985,1.8779032,1.3813264,1.3056382,2.091279,2.3536227,1.8024694,2.693831,2.2642188,1.908955,2.0548208,1.5102066,2.9030335,2.2952523,1.9717708,1.9113023,2.6284406,2.030177,2.0677094,2.0354056,2.4063113,2.668341,1.9744498,2.8387678,2.4879835,2.6124327,2.4323645,2.7830846,1.748546,1.7765313,2.121694,2.0873272,1.793238,1.8517876,1.733745,1.874627,1.6286668,1.8103527,1.7067451,1.6042055,1.6539093,1.6525134,1.675895,1.6268424,2.4397879,1.5094984,1.9421113,1.6637906,2.308937,1.5689633,2.175704,2.195509,2.2741315,1.472701,1.6680111,1.3256125,1.5046875,1.8214252,1.7419095,1.7883381,3.2596397,3.1202683,1.9074757,1.7969359,3.037873,2.7715967,2.8498428,3.1148586,1.9027256,1.8219801,2.0004969,2.0842905,1.7779069,1.8286908,2.1831048,1.8045228,2.1086788,2.5892692,1.9736779,1.933169,2.7323902,2.8615077,2.6918826,2.52467,2.077507,2.3366032,2.045607,2.279333,2.1054237,2.0827587,2.0936558,2.3162482,2.303379,2.8589354,2.9329424,1.8328457,2.1544008,1.7117903,2.5234206,2.3349166,2.1036713,2.2285676,1.8244295,1.7580596,1.8375583,2.031024,3.0907197,2.8173769,2.1342418,1.6829661,1.8014224,1.8303789,2.2870812,2.1066248,2.812006,2.023831,2.8694499,2.402631,1.8502344,1.5816436,2.2545397,2.481489,2.0926619,2.2846668
3,2.0707524,1.7099229,2.2027817,0.0,2.2280679,2.2181153,1.9106387,1.8256667,1.9322844,2.1757455,2.150627,2.6303084,2.4493155,1.9135377,1.5925535,1.7231545,2.4928715,1.6731799,1.7083176,1.8144611,1.6242063,1.7692187,1.8917601,1.846723,2.115001,2.3333235,1.3656149,2.540033,2.8679714,3.1669965,2.5222895,3.1970527,1.849606,1.8526785,2.0088532,2.203608,1.794918,1.5450807,1.7511249,1.5733837,1.9524264,2.180936,1.7579806,1.9662869,1.9259899,1.9390473,1.8998817,1.863659,1.6674361,1.7338624,2.060578,1.5403858,2.327545,1.5681928,2.2698078,2.2136974,1.8586556,2.0998533,2.0043657,1.9950981,2.1576273,2.2746189,2.2644331,2.283004,3.1630359,3.0935113,2.6011348,2.5655396,3.6907423,3.1816678,3.418174,3.6345682,2.6373093,2.5560722,2.4365458,2.2760265,2.7146616,2.6373448,2.8661044,2.5880525,2.5848944,2.1840177,2.6290803,2.5414822,2.5534377,2.7982032,2.8025777,3.3888237,1.7821822,1.8661668,1.7619215,2.1098812,1.9275017,1.983833,1.9453067,2.1801503,2.288375,2.2181196,2.4017293,1.8610222,3.0613718,2.5135934,2.7276225,2.5156813,3.1083932,2.6268132,2.1872256,2.1171346,1.5369048,1.2651981,2.3339224,2.0580106,2.741105,2.4040797,2.1850526,2.3307774,2.532982,2.4496505,3.3195598,2.3651152,3.421946,3.2861457,3.2736087,3.0975614,2.3853538,2.7782745,2.060344,2.1144278
4,1.3902539,1.4635923,1.8607985,2.2280679,0.0,0.8273341,1.4480313,1.5226883,2.085795,2.2154207,1.6868323,2.976746,1.9660639,2.074741,1.8965204,2.014269,2.5050523,2.5759614,2.0623062,2.311332,2.9216485,2.4153852,2.6168437,2.6224968,2.9050205,3.0301015,2.2170968,3.4290133,2.5200872,2.2827928,3.1156163,3.034776,1.4201332,1.4568521,1.1519583,1.0480917,1.8571503,1.9267466,1.7727907,1.8816097,1.5638143,1.8968421,1.5894508,1.5165089,1.5239369,1.3888316,1.9317513,1.8244026,2.7946773,1.5904056,1.1253076,1.7913997,1.922151,1.46069,1.2804785,1.755892,2.4591267,1.4152399,1.6492987,1.3482023,1.3693055,1.8254434,1.8529532,1.8819607,2.3268468,2.2459087,1.540553,1.5505707,2.179528,1.8212318,2.420352,2.4041772,1.6628393,1.5193019,1.6125875,1.5774013,1.6375811,1.5222732,1.7748598,1.5288355,1.6947912,2.6747909,1.0639354,1.6365446,1.8721611,2.1064153,2.7542725,2.4073553,2.1993463,1.3259829,1.94019,1.8443362,2.0804057,1.6972477,1.6349223,1.9335501,1.5528593,2.4122326,2.5430584,1.5055352,2.5988467,2.50989,3.3068128,3.0269213,2.2795978,2.1452854,1.5148567,1.4613482,1.6091042,1.5508939,2.1361167,2.0294497,1.5686293,0.8954655,1.389605,0.9348045,1.7875403,1.022907,1.6559665,1.6628431,2.9866078,2.6724224,2.8704069,2.3893552,1.5148358,1.8812437,1.6639364,1.617732
5,1.3954298,1.4230361,1.8779032,2.2181153,0.8273341,0.0,1.3613325,1.4885069,1.9420071,2.2489886,1.6233574,2.9895322,2.303759,2.0370193,1.9523569,2.031273,2.5268326,2.6378815,2.2076545,2.4673057,2.7982266,2.2813885,2.5211773,2.5574358,2.856987,3.039468,2.0634015,3.1197107,2.8764875,2.4421904,2.9800587,3.1871524,1.3885707,1.4325703,1.449315,1.3110383,1.8634124,1.9686099,1.7907002,1.9463749,1.511076,1.6540228,1.5951747,1.4572552,1.4810166,1.5417025,2.0177498,1.913471,2.7158315,1.4530438,0.7963695,1.7958134,2.0904691,1.3252797,1.3991282,1.878558,2.2981515,1.5526164,1.7130309,1.3325655,1.5719777,1.9600732,1.9742184,1.9994264,2.521637,2.4449253,1.9392557,1.9308224,2.7920995,2.4216957,2.9172509,2.910511,2.0004733,1.8534725,2.0000389,2.0135076,2.0140755,1.868575,2.1587782,1.8817074,2.1141272,2.8997505,1.633617,2.0843523,2.2338805,2.3917675,2.9899747,2.787769,2.2559948,1.4801954,2.0256412,1.7662467,2.0586574,1.561541,1.623851,1.9800545,1.8910381,2.5740278,2.8636427,1.7216196,2.808967,2.6030734,3.2531605,3.045807,2.4287896,2.1179757,1.7194668,1.64982,1.3750584,1.3357435,2.0814373,1.7729185,1.7331887,1.0939898,1.6534266,1.2721546,1.6931643,1.4688933,2.1514132,1.9249717,3.0608075,2.7003255,2.9642973,2.4778764,1.7662205,1.7977113,1.8686513,1.808431
6,0.78761643,0.61692107,1.3813264,1.9106387,1.4480313,1.3613325,0.0,0.5816185,1.4894922,2.0119534,1.1471598,2.3820412,1.8786999,1.5336211,1.4411879,1.2488661,2.929218,2.1589313,1.7884662,1.897022,2.533982,1.9160664,1.892894,1.9145441,2.4082658,2.627842,1.4406793,2.8079069,2.3956254,2.3236282,2.4413722,2.756149,1.1199417,1.0900147,1.8074701,1.7232516,1.3360054,1.4283748,1.2603686,1.4480535,0.91375273,1.1399844,1.0823053,0.86691296,0.99489707,1.0849512,1.2190596,1.1128626,2.041838,0.60513186,1.5530715,1.1683851,1.8250606,0.8026976,1.8375742,1.4873711,2.4015977,1.9454709,1.9976,1.7179321,1.9579633,2.1932285,2.2029161,2.21579,2.4331095,2.362867,1.8184588,1.8020353,2.8283138,2.5718699,2.8468912,3.0919752,1.9307897,1.7944798,1.9874115,2.088995,1.9344115,1.8821826,2.0759416,1.8155787,1.6681343,2.2349124,1.8220884,1.9370571,2.3741212,2.4549983,2.5683732,2.4932432,2.0687978,1.9779296,1.8720734,1.7822713,1.8671683,1.6612364,1.7922244,2.1169353,1.8775676,2.4697454,2.914917,1.65209,2.6247852,2.1561615,2.8835332,2.6391149,1.916602,1.9881083,1.5510112,1.5517557,1.3959888,1.6300844,2.1246357,1.8159064,1.8781537,1.2059317,1.5389819,1.4221461,2.0587451,1.5681744,2.3974183,1.9236683,2.8809154,2.4778664,2.4876356,2.3654559,1.7452844,2.436013,1.7800573,1.8782513
7,0.47099662,0.71276826,1.3056382,1.8256667,1.5226883,1.4885069,0.5816185,0.0,1.552031,2.0164847,1.1807709,2.2343824,1.8097045,1.3439054,1.5691273,1.1153678,2.933026,2.116495,1.7194966,1.871408,2.4329422,1.7718215,1.8576775,1.8809116,2.451148,2.678841,1.5870074,2.8018186,2.469099,2.328103,2.5124166,2.785155,1.2268233,1.225312,1.7268599,1.748086,1.5205092,1.4796729,1.4531969,1.4807266,1.0465567,1.2216561,1.0051479,1.025215,1.094558,1.1807749,1.4227588,1.3132057,2.191733,0.7046044,1.5449309,1.3534927,1.7984775,0.8692007,1.920473,1.6497657,2.4556677,1.9305543,1.8992093,1.7296387,1.8009391,2.2095249,2.0701149,2.083292,2.6064804,2.5172353,1.9548256,1.9149834,2.959006,2.551419,2.9615083,3.029523,2.0381718,1.8881271,1.9760536,2.0897233,2.030309,1.9762783,2.2617323,1.9439,1.8109049,2.4966025,1.8932822,2.0787172,2.4224596,2.5497,2.6191633,2.4931781,2.0190003,2.0445628,2.0425684,1.9606727,2.0552783,1.8672724,1.8999928,2.1643324,2.0373733,2.6399574,2.7373652,1.6777442,2.6840096,2.097149,2.9573028,2.6428032,2.059636,2.2438304,1.7507278,1.7334775,1.4003415,1.6009719,2.199388,1.8740569,1.7624344,1.2807229,1.732468,1.5482329,2.0443096,1.5618925,2.4689193,1.6130635,2.6950853,2.3816419,2.5804496,2.438955,1.9272048,2.5375469,1.6720963,1.7404671
8,1.7608868,1.3385198,2.091279,1.9322844,2.085795,1.9420071,1.4894922,1.552031,0.0,1.1054302,1.7062391,1.7496785,2.4155345,1.9407021,1.3965144,1.8462157,3.0902152,2.3929346,2.2803955,2.4317346,2.0548139,1.8903068,2.3702073,2.3687112,1.8976369,2.062247,1.612573,2.1517448,2.7272258,2.7521245,2.1690242,2.7235165,1.8343523,1.7703023,2.3160827,2.2613482,2.0194879,2.0856895,1.9752891,2.1356995,1.6446002,1.8369178,1.8694297,1.6508764,1.7977657,1.8362211,1.8655412,1.7948786,2.0276916,1.5003903,2.0405092,1.732338,2.4064002,1.6098124,2.2975843,2.0680645,2.4079938,2.345268,2.5675893,2.2233903,2.5598288,2.5355806,2.742117,2.713,2.851271,2.884729,2.4798546,2.4727657,3.6914358,3.0955372,3.2310927,3.591227,2.5526204,2.4536922,2.5860763,2.59022,2.5109143,2.4631104,3.0322666,2.416734,2.6305528,2.6784914,2.3710003,2.427599,2.406736,2.4144766,2.5911205,2.9572067,2.4141836,2.1153867,2.025418,2.5115628,2.0415258,1.8728151,2.0160463,2.3130152,2.7073863,2.8289735,2.4820354,1.930081,3.2137177,2.4177618,2.9328623,2.6576679,2.5261886,2.6492856,2.106588,1.9934834,1.648324,1.7888224,2.1911085,1.8763633,2.620115,2.0250027,2.146265,1.9987693,2.6488552,2.245675,2.8971136,2.4934375,2.7982254,2.534258,3.228324,3.077561,2.1551569,2.8381789,2.3517232,2.3110566
9,2.1847982,1.776584,2.3536227,2.1757455,2.2154207,2.2489886,2.0119534,2.0164847,1.1054302,0.0,2.3068607,1.746388,2.0873692,2.2741678,1.714253,2.3225043,3.0674503,2.428198,2.4427407,2.6193657,1.9197081,2.0679355,2.5931993,2.600859,1.8415356,1.9745454,1.8832054,2.118679,2.3980362,2.249127,2.456025,2.4551048,2.143169,2.1159613,2.4344199,2.3802009,2.41715,2.4621177,2.3513033,2.4972785,2.0155513,2.2345371,2.1956058,2.023067,2.0954592,2.0968916,2.2644446,2.1887212,2.2271528,1.9006109,2.24571,2.1345892,2.1324503,1.9847796,2.0380538,2.0842988,2.3859096,2.406102,2.6876144,2.339239,2.6330814,2.607678,2.7084162,2.6793387,3.1593864,3.1551566,2.6679063,2.6499527,3.4455838,2.7181892,2.9403727,3.1874666,2.7163105,2.7069767,2.765472,2.7481537,2.699314,2.6576166,3.2441084,2.6154292,2.757664,2.8165495,2.2313187,2.4052787,2.140174,2.2702098,2.571213,2.9997542,2.6234775,2.0145168,2.126189,2.5992105,2.0044768,1.9768093,1.9604532,2.0625303,2.7856138,2.7872143,2.0843458,2.0796993,3.134095,2.2762318,2.653267,2.3729956,2.6994112,2.7097878,2.0914648,1.975178,1.8894937,2.0120795,2.1342592,2.2316406,2.862356,2.4173691,2.484806,2.3093596,2.7361393,2.3099086,2.6606665,2.5798512,2.9368947,2.6913378,3.3120492,3.1428168,2.2396388,3.0150433,2.47273,2.371047
10,1.3897668,1.3388845,1.8024694,2.150627,1.6868323,1.6233574,1.1471598,1.1807709,1.7062391,2.3068607,0.0,2.2925441,2.281711,1.7001266,1.8423568,1.4090989,3.194659,2.7558284,2.5265796,2.5036795,3.0199478,2.5411513,2.543449,2.5068886,2.9135492,3.1041598,1.9651036,3.0684967,2.562858,3.0204463,2.6953123,2.8726091,1.9152944,1.8745795,2.2968075,2.2492578,1.7587562,1.8310835,1.7471927,1.841382,1.7924151,1.9141583,1.8672681,1.7890762,1.8737478,1.9027787,1.6890289,1.6613413,2.2957263,1.4270755,1.7808483,1.4533703,2.1822093,1.4407948,2.0055623,1.9394404,2.685312,2.1445994,2.402592,2.0119658,2.3202353,2.4739788,2.45738,2.4324172,2.2876585,2.2625136,1.84388,1.8301836,3.183923,2.8552392,2.8661625,3.11281,1.9853895,1.762944,1.9047765,2.0131197,1.8081677,1.7751765,2.0460896,1.7933967,2.1770353,2.459994,2.1421115,1.9701006,2.4039154,2.6121063,2.3638022,2.195129,1.9817842,2.2937727,1.8447579,2.1170614,1.9423145,2.0521996,2.1422646,2.4572668,2.1401014,2.7231207,3.1932406,1.7483312,3.3296962,2.6133382,3.5527859,3.1130564,1.8829858,2.4810364,1.6489958,1.6052915,1.7172436,1.8736401,2.2492795,1.9398639,1.8725947,1.5430804,1.5916806,1.7931676,2.532763,1.8736912,2.6022747,2.0670514,2.8222513,2.5461705,3.02364,2.6953602,1.9266121,2.2684255,1.9125975,2.056819
11,2.4841564,2.2579112,2.693831,2.6303084,2.976746,2.9895322,2.3820412,2.2343824,1.7496785,1.746388,2.2925441,0.0,2.4084253,2.4315372,2.3363276,2.2730887,3.6240423,2.9698026,3.0644605,3.0986698,2.7527175,2.6206367,2.9416966,2.955041,2.681065,2.888299,2.3794172,2.761709,2.7365775,3.1377654,2.9193046,2.7010646,2.8472118,2.8271985,3.1555648,3.2150056,2.86749,2.799153,2.8107467,2.8265874,2.5674188,2.656071,2.5836751,2.5602136,2.6227543,2.6939397,2.6092014,2.5836308,2.5717435,2.4406333,2.9790163,2.6967335,2.871357,2.5973642,2.841958,2.755367,3.0290365,3.2055404,3.2338624,3.0661333,3.3249996,3.413854,3.4543562,3.4531856,3.4254572,3.4309502,3.0993285,3.0607758,3.975305,3.305002,3.427083,3.7886603,3.193649,3.0764298,3.051278,3.2483206,3.035148,3.001581,3.5542984,2.9879231,3.274053,3.0732899,2.9323854,2.8477848,2.5946,2.6234639,2.0567572,2.6394122,2.586458,3.0650764,2.5090022,3.0327892,2.2798908,2.5145335,2.523298,2.6215088,3.3758893,3.3817647,2.694215,2.6346185,4.179386,2.745209,3.4926686,3.0026302,2.4763622,3.37848,2.5220127,2.4045746,2.2836301,2.6475706,2.466153,2.5324805,3.3642118,2.964933,2.8662796,2.9662566,3.565149,2.7339156,3.2341678,2.7727168,2.6033936,2.5164506,3.8414762,3.5770543,2.7930415,3.4026823,2.643715,2.6736233
12,1.7890006,1.9492662,2.2642188,2.4493155,1.9660639,2.303759,1.8786999,1.8097045,2.4155345,2.0873692,2.281711,2.4084253,0.0,2.0112555,2.3018556,2.098366,3.2253814,2.5041425,2.2843165,2.4026713,2.801253,2.4295492,2.4204233,2.4505887,3.081934,3.2340302,2.3355603,3.335068,1.7536824,1.5045825,3.1440547,2.2824752,2.1306243,2.1516378,2.3296983,2.4028702,2.3988645,2.2989366,2.2825978,2.3056133,2.0978928,2.2635093,2.0103843,2.0414689,2.0565634,2.071967,2.309243,2.2390375,2.8401823,1.9239693,2.3631234,2.2444737,1.575008,1.9555452,1.6222863,1.7235787,2.9227,2.549916,2.5020602,2.3646438,2.37439,2.6576645,2.7338624,2.7783456,2.8960438,2.845451,2.313492,2.2735124,2.1187086,1.5760787,2.134021,2.415368,2.4220557,2.4340827,2.3248322,2.361372,2.4139392,2.3847914,2.4765644,2.2870393,2.0041912,2.6237059,1.7640795,2.0162673,2.1791022,2.3043911,2.6534758,2.4459708,2.3405647,2.3404644,2.4146206,2.244504,2.0751438,2.238766,2.2356827,2.1583478,2.2771714,2.8132992,2.693457,2.3635278,2.8274412,2.376867,3.1111202,2.8036277,2.29813,2.353266,1.7977723,1.7995924,2.1721265,2.3230953,2.1255698,2.558644,2.7003715,2.1992922,2.3976374,2.2792413,2.3647645,1.4810147,1.9466677,1.9770334,2.9591815,2.7396636,2.7551246,2.5980642,1.8275808,2.961043,1.6703902,1.6976974
13,1.3616451,1.400636,1.908955,1.9135377,2.074741,2.0370193,1.5336211,1.3439054,1.9407021,2.2741678,1.7001266,2.4315372,2.0112555,0.0,1.6864183,1.5320853,2.8866405,1.8142885,1.8399576,2.044192,2.569815,2.0699596,2.0861464,2.122552,2.684623,2.8139913,1.9352213,2.4978554,2.8334053,2.7453332,2.8767626,3.1978312,2.2457662,2.26125,2.3311353,2.439627,2.5162077,2.3827424,2.4154246,2.4282117,2.1587088,2.3559997,2.0713966,2.1150339,2.1415195,2.1124816,2.3745956,2.3056173,2.4860947,1.5415282,1.9701798,1.8861711,2.3605394,1.5590461,2.3102372,2.096449,2.6081078,2.1758769,2.5637941,2.0548713,2.0976276,2.370316,2.465408,2.4743588,2.8712962,2.8479762,2.3535767,2.243534,3.3876266,2.775895,3.1256301,3.3005362,2.363418,2.2572627,2.2192833,2.2872126,2.3433628,2.3550372,2.4807,2.2418497,1.9721563,2.500494,2.1260953,2.342999,2.5087266,2.5235786,2.7830534,2.8065689,2.3196502,2.2370374,2.3330529,2.2614024,2.3831668,2.1495242,2.1675622,2.4232874,2.2173536,2.6835754,3.1067395,1.939809,2.9564958,2.5021331,3.1891286,2.9037523,2.6159415,2.7349248,2.1821167,2.152821,1.7611804,1.8632746,2.4737325,2.1853201,2.412564,1.8859974,2.1624086,1.920002,2.3522022,1.9673005,3.0888855,1.9613041,3.0074732,2.8380456,2.9845452,2.8489335,2.2184722,2.756441,1.981392,1.9548568
14,1.7903266,0.96352243,2.0548208,1.5925535,1.8965204,1.9523569,1.4411879,1.5691273,1.3965144,1.714253,1.8423568,2.3363276,2.3018556,1.6864183,0.0,1.8628995,2.7383718,1.7873468,1.8616611,2.1891568,2.3820004,2.29382,2.439493,2.448593,2.0313387,2.1805985,1.0561537,2.5670714,2.8808515,2.8723032,2.8596463,3.351012,1.7012194,1.6629268,1.9043218,1.8323458,2.0500562,2.1070302,1.9786236,2.1178112,1.5538008,1.9625598,1.7268972,1.5754074,1.6188331,1.5095508,1.8923577,1.793707,1.6956967,1.3277419,1.7906561,1.6556815,2.256,1.3422159,2.2110767,1.9440315,1.859533,1.9431037,2.3442304,1.8861988,2.3003187,2.2074323,2.35098,2.3216288,2.9569592,2.9491158,2.43917,2.4011676,3.276353,2.9805663,3.2755759,3.461361,2.5407681,2.4081984,2.5365717,2.5288875,2.4799004,2.4904094,2.6250596,2.3952737,1.7644149,1.7749285,2.0587656,2.3258355,1.7740972,1.8421725,2.3910122,2.98383,2.5066135,1.4762537,1.8486338,1.8140713,2.0284622,1.5533838,1.466405,1.8361739,1.8522717,1.7826806,2.6777642,1.5908376,2.9484482,2.0582244,2.6514602,2.2221603,2.6576655,2.7594883,2.0243645,1.9660442,1.3917559,1.4542054,2.1350138,1.8478291,2.5053062,1.9328089,1.976253,1.7115486,2.7856953,2.1631923,2.9207213,2.4673882,3.5262687,3.2424347,3.3062463,3.1817055,2.0775082,2.7852626,2.402944,2.2973433
15,1.3439012,1.4076489,1.5102066,1.7231545,2.014269,2.031273,1.2488661,1.1153678,1.8462157,2.3225043,1.4090989,2.2730887,2.098366,1.5320853,1.8628995,0.0,3.0219343,2.1866813,1.9116088,1.8395288,2.44792,1.84848,1.8554355,1.8126029,2.4804971,2.8071077,1.876047,2.8211496,2.4303656,2.8577063,2.3851967,2.7084947,1.8634462,1.8459461,2.2836926,2.384185,1.7271352,1.5932446,1.6868508,1.5990254,1.7450815,1.9011242,1.6448076,1.7155449,1.793762,1.8167216,1.622391,1.6019806,2.2767828,1.5094804,2.2018616,1.5273013,2.3711214,1.5492927,2.3509452,2.106506,2.7075312,2.2917423,2.2646084,2.1209216,2.1821945,2.5098643,2.5325902,2.5529845,2.6469412,2.6252253,1.9843976,1.9296088,3.2948515,2.8354952,2.9532862,3.3631148,2.061883,1.9298034,1.9354705,1.9886215,2.0603456,2.0453844,2.3642516,1.9687854,2.2809033,2.4057913,2.2555256,2.0525641,2.7289767,2.7865534,2.5814576,2.4900222,1.7371805,2.4532464,1.9479371,2.3480518,2.0078955,2.160244,2.2135615,2.4758668,2.3559651,2.8494008,2.8118591,1.8232876,2.9306273,2.3862221,3.1401882,2.8924909,2.1445224,2.3444998,1.8940004,1.8431592,1.8210654,1.9933783,2.5725517,2.2663434,2.3428583,1.7935617,1.7986671,1.9630948,2.3834689,1.9256244,2.8687801,1.8623387,2.5769765,2.3194814,2.6215632,2.4769306,2.1613011,2.657357,1.7287936,1.9543276
16,2.970158,2.7219129,2.9030335,2.4928715,2.5050523,2.5268326,2.929218,2.933026,3.0902152,3.0674503,3.194659,3.6240423,3.2253814,2.8866405,2.7383718,3.0219343,0.0,2.1101632,2.083303,2.2989097,2.801561,2.5345917,2.5642586,2.595918,2.8286743,2.8768976,2.72549,3.3642523,3.6378982,3.4711533,3.4840565,4.0779424,2.9409745,3.00779,2.2139165,2.4308283,3.1000926,2.9526675,3.0371456,2.9299095,2.902057,3.1844893,2.720808,2.881125,2.807749,2.6964045,3.0006285,2.951681,3.0130084,2.9309137,2.3247197,2.9449456,3.3988185,2.927244,2.533377,3.3067436,2.5810876,2.3017745,2.3724265,2.3712568,2.2966177,2.5609007,2.5886366,2.652345,3.3674493,3.1855268,2.719605,2.693244,3.4860482,3.036123,3.4418223,3.52591,2.5380282,2.582383,2.4211972,2.637202,2.6983614,2.6263313,2.7848022,2.6440802,2.9646063,3.0110035,2.4399726,2.647149,2.8256366,3.0333045,2.993008,3.4496875,2.2633882,2.1202748,2.1223338,2.307875,2.4053578,2.2068667,1.8996677,2.1918957,2.200288,2.229021,2.5213702,1.9917463,3.4090114,3.434388,3.27741,3.410111,3.107234,2.5600111,2.4093742,2.4377892,2.0262628,2.1667116,2.7975743,2.5308797,2.8593192,2.552353,2.379234,2.3242445,2.4080324,2.5670238,3.29966,2.5766902,3.2851148,3.1461568,3.7128623,3.1731095,2.7285903,1.8307691,2.3555462,2.2979665
17,2.2544193,1.8551201,2.2952523,1.6731799,2.5759614,2.6378815,2.1589313,2.116495,2.3929346,2.428198,2.7558284,2.9698026,2.5041425,1.8142885,1.7873468,2.1866813,2.1101632,0.0,0.98586464,1.2282361,1.9227614,1.737137,1.5358953,1.5849848,1.83101,1.8967962,1.737666,2.367342,2.9908416,2.90198,2.719496,3.495062,2.385221,2.4211245,2.2713356,2.4349103,2.5606937,2.373723,2.4701037,2.4139693,2.2815454,2.6272018,2.1375692,2.2733052,2.206742,2.0751116,2.3173773,2.2581778,1.9876335,1.9841536,2.41793,2.0837963,2.6553035,2.0720985,2.631941,2.6001513,2.3811686,2.340183,2.5514019,2.344237,2.2958217,2.4393487,2.4204743,2.4499507,3.267394,3.136689,2.638028,2.5612514,3.5365071,3.0465217,3.3840578,3.5578744,2.541209,2.578543,2.5064645,2.5955887,2.745539,2.7374985,2.8212762,2.6294796,2.2185102,2.1265287,2.416677,2.5442195,2.7897704,2.909991,2.850394,3.4011595,2.389936,2.1619937,2.1245472,2.261915,2.3739848,2.2524493,2.0237565,2.2008793,2.0999427,2.0471835,2.6165028,1.8747833,2.7410355,2.6762311,2.4851272,2.610919,3.0173337,2.5413556,2.3226135,2.3703487,1.8970417,2.0391922,2.6955416,2.4296393,2.8432734,2.4726908,2.3462293,2.2444022,2.4927194,2.5328436,3.489406,2.4304588,3.4312844,3.2242198,3.0984437,3.1029994,2.6108563,2.9643536,2.3915327,2.3892646
18,1.7344685,1.6278493,1.9717708,1.7083176,2.0623062,2.2076545,1.7884662,1.7194966,2.2803955,2.4427407,2.5265796,3.0644605,2.2843165,1.8399576,1.8616611,1.9116088,2.083303,0.98586464,0.0,0.81373525,2.0058815,1.390557,1.3159912,1.3584191,2.0626493,2.1430054,1.9052141,2.8286006,2.8390582,2.5698473,2.63243,3.3197408,1.8538865,1.8909904,1.6821102,1.9018049,2.136957,1.9265617,2.0485246,1.9413487,1.7994817,2.1783195,1.5886242,1.7763436,1.7438501,1.5753398,1.9472541,1.8606229,2.3390532,1.7235368,2.1255233,1.8855243,2.4863496,1.804559,2.413374,2.369356,2.5826108,2.1023986,2.0595877,2.0779889,1.7965608,2.213745,2.217084,2.2708695,2.9257903,2.7930088,2.2096694,2.170041,3.0839097,2.620738,3.126073,3.2987542,2.1248357,2.1613607,2.0889962,2.1490517,2.37851,2.3439622,2.4847107,2.2441278,1.9421059,2.39526,2.0477357,2.2754269,2.8043988,2.8830287,3.0161555,3.1940684,2.1773584,2.0175147,2.1609936,2.24392,2.4111848,2.1863513,2.0238163,2.2388248,1.9314297,2.3187685,2.3403456,1.7025006,2.288875,2.6138663,2.6613882,2.8000867,2.779962,2.1610403,2.155731,2.209982,1.824799,1.9176254,2.6523414,2.3271968,2.3783424,1.8642162,1.9884208,1.7227598,1.8915746,1.978806,2.9748328,1.9091042,3.034451,2.8146472,2.6825702,2.6808681,2.3093164,2.7156482,1.9236113,1.9414626
19,1.9648367,1.8798143,1.9113023,1.8144611,2.311332,2.4673057,1.897022,1.871408,2.4317346,2.6193657,2.5036795,3.0986698,2.4026713,2.044192,2.1891568,1.8395288,2.2989097,1.2282361,0.81373525,0.0,2.0609634,1.4360064,1.0354615,0.981081,1.9937471,2.0647216,2.0898147,2.8064146,2.4853187,2.7775657,2.2533126,3.011108,2.11057,2.1351116,2.1507368,2.32754,1.974899,1.7448326,1.9035268,1.8026783,2.0524,2.4046338,1.8675216,2.0293365,1.9972029,1.8236375,1.6976911,1.6795385,2.1977916,1.9087547,2.49657,1.666971,2.576413,2.0090642,2.5452728,2.5300593,2.8299336,2.2880244,2.2868016,2.2889686,2.0279274,2.3958242,2.347403,2.4045777,2.7677898,2.604619,1.938739,1.8982071,3.1819441,2.7301729,2.903942,3.315406,1.822924,1.919339,1.838348,1.9114753,2.1420808,2.105281,2.3007061,2.005865,2.2037787,2.2773166,2.2428477,2.0278192,3.1276772,3.2666671,2.881192,3.0062294,1.9267359,2.4590333,1.9590287,2.5124009,2.3011026,2.4926734,2.3264096,2.4736927,2.1282372,2.5456154,2.5181563,1.7326914,2.3895168,2.8256898,2.7765834,2.997016,2.5911345,1.9457675,1.9830908,2.0608256,2.132895,2.2718265,2.9155219,2.6384227,2.5107515,2.1071243,1.8190929,1.9816533,2.0647833,2.2179387,3.122027,2.0214272,2.9052916,2.651695,2.4091816,2.4533288,2.44195,2.7480438,1.9904956,2.2181156
20,2.6291964,2.368614,2.6284406,1.6242063,2.9216485,2.7982266,2.533982,2.4329422,2.0548139,1.9197081,3.0199478,2.7527175,2.801253,2.569815,2.3820004,2.44792,2.801561,1.9227614,2.0058815,2.0609634,0.0,1.2058918,1.7550523,1.745088,1.5589696,1.7708316,2.0168173,1.8337709,3.027448,2.9041977,2.1180778,3.0168786,2.4123476,2.4146025,2.6957088,2.847756,2.4619098,2.2705553,2.429045,2.3342175,2.4206154,2.5267653,2.3308957,2.4376402,2.440596,2.5148277,2.4499273,2.412112,2.1719806,2.297143,2.7145545,2.2537673,2.6925495,2.3178437,2.7137816,2.7539747,2.5006237,2.772325,2.651892,2.6808717,2.7211885,2.888137,2.8178215,2.8285725,3.7156951,3.6365263,3.1858501,3.160413,4.248012,3.4954002,3.7400365,3.9869845,3.1106799,3.1810117,3.089088,2.9792209,3.3160899,3.233695,3.7377434,3.184702,3.4131296,3.1474738,3.1288068,3.0836985,3.348127,3.5127878,3.4597607,4.005438,2.4416223,2.5466983,2.43867,2.9668639,2.4229078,2.5897663,2.537568,2.605811,3.2089674,3.0815291,2.2100675,2.4762735,3.055893,2.8217916,2.3744295,2.6156318,3.526938,2.674091,2.7252874,2.6728272,2.2147727,2.1499553,2.8084545,2.6281586,3.322801,3.0141563,2.9540749,2.9597683,2.5526092,3.008257,3.6645312,2.8095865,3.271417,3.1369612,3.2822547,3.2951462,3.013559,3.359215,2.627522,2.6336284
21,1.8563398,1.9093096,2.030177,1.7692187,2.4153852,2.2813885,1.9160664,1.7718215,1.8903068,2.0679355,2.5411513,2.6206367,2.4295492,2.0699596,2.29382,1.84848,2.5345917,1.737137,1.390557,1.4360064,1.2058918,0.0,1.0386527,1.0902499,1.8074949,2.0187213,2.0491898,2.1946173,2.7798684,2.5110478,1.9715225,2.8191233,1.9864129,2.0080948,2.2510307,2.4406452,2.1100006,1.8755382,2.0499048,1.9342625,1.9227806,2.0312736,1.7535894,1.8942213,1.9278913,1.9954001,2.0142844,1.9611083,2.4060304,1.8550061,2.357497,1.9696308,2.5871944,1.9636626,2.5026522,2.489918,2.7358751,2.5031238,2.2590716,2.3585653,2.1878295,2.6393898,2.5993333,2.6478329,3.1454184,3.0474591,2.555106,2.5282087,3.7344236,2.9884756,3.359364,3.6667666,2.4579492,2.5135012,2.4334018,2.4622016,2.7024164,2.6046913,3.1294208,2.547315,2.9136784,3.084493,2.5971658,2.6074693,3.2738373,3.3304722,3.2458308,3.4142237,2.03787,2.5091665,2.3089359,2.7365618,2.3206697,2.3518648,2.3470206,2.5111337,2.8524983,3.1257749,2.2121458,2.116457,2.6911538,2.7318141,2.637846,2.882284,2.8740141,2.127733,2.3391697,2.3181777,1.925636,2.043563,2.6848843,2.3593545,2.7451787,2.2618985,2.38285,2.3053646,1.8543806,2.3170216,3.1707158,2.084237,2.486582,2.294784,2.6764312,2.6539953,2.6119962,2.8916008,1.9884671,2.0756094
22,1.9985485,2.0014074,2.0677094,1.8917601,2.6168437,2.5211773,1.892894,1.8576775,2.3702073,2.5931993,2.543449,2.9416966,2.4204233,2.0861464,2.439493,1.8554355,2.5642586,1.5358953,1.3159912,1.0354615,1.7550523,1.0386527,0.0,0.24107835,2.1150281,2.2972472,2.000482,2.4765944,2.6731105,2.6636229,2.0546055,2.9194338,2.1821544,2.2005045,2.525353,2.695877,2.040618,1.7845529,1.9919913,1.860787,2.0701687,2.1654408,1.8742211,2.0434124,2.0487216,2.1147256,1.8666627,1.854385,2.1917808,1.8779807,2.565222,1.8421116,2.5639217,2.0351794,2.5648694,2.4900372,2.8837721,2.6837006,2.4549685,2.5293276,2.4142597,2.790612,2.6957843,2.7516594,3.0374053,2.8817153,2.4507194,2.4256074,3.5781345,3.0722432,3.269877,3.6696813,2.3268867,2.4323008,2.3538358,2.470747,2.624864,2.559425,2.7945745,2.4801726,2.7060866,2.6832287,2.7065525,2.520545,3.4689562,3.5778496,3.1703632,3.3534591,1.8867476,2.760388,2.2008588,2.5201504,2.2069201,2.469714,2.468334,2.624662,2.5855207,2.8909438,2.81919,2.1682146,2.6638846,2.8763094,2.6355898,2.9588385,2.6545222,1.764124,2.178831,2.26028,2.074032,2.2895436,2.769581,2.4873261,2.7603705,2.3733854,2.308655,2.4560845,1.9244927,2.4339926,3.314829,2.2551723,2.7940662,2.5427,2.4082587,2.5190945,2.6349502,2.8632545,1.9564675,2.1833165
23,2.042212,2.0338798,2.0354056,1.846723,2.6224968,2.5574358,1.9145441,1.8809116,2.3687112,2.600859,2.5068886,2.955041,2.4505887,2.122552,2.448593,1.8126029,2.595918,1.5849848,1.3584191,0.981081,1.745088,1.0902499,0.24107835,0.0,2.0982556,2.2747788,2.0197048,2.493891,2.6123552,2.744304,1.96889,2.8700254,2.2133224,2.2202442,2.563494,2.7345004,1.9833733,1.7242506,1.9496619,1.8058592,2.109043,2.2177672,1.9271625,2.0911546,2.1100254,2.1574945,1.8054142,1.8074697,2.1557307,1.9186658,2.6092136,1.7728523,2.580385,2.0621824,2.5760927,2.5131147,2.8945034,2.658525,2.4545376,2.524408,2.418374,2.7778983,2.6876714,2.7373934,3.0208292,2.8709023,2.3857284,2.3656025,3.586597,3.092059,3.2125783,3.66438,2.2578356,2.3775294,2.294078,2.379884,2.549627,2.4995737,2.7440085,2.42084,2.7254276,2.6321912,2.7247617,2.4564872,3.4899566,3.6161242,3.1512806,3.3308895,1.7974073,2.7791197,2.13572,2.5680668,2.174075,2.5219984,2.5133839,2.6644318,2.5853915,2.8927448,2.8043466,2.1245792,2.615261,2.8601823,2.624398,2.941422,2.6361845,1.7344648,2.1471179,2.228471,2.130626,2.3190117,2.8401852,2.5609581,2.7549715,2.383907,2.2642863,2.469031,1.9529015,2.4635077,3.3195648,2.2579482,2.7777836,2.5355883,2.3290954,2.4576187,2.6388113,2.8459213,1.939955,2.1956434
24,2.7064672,2.1251807,2.4063113,2.115001,2.9050205,2.856987,2.4082658,2.451148,1.8976369,1.8415356,2.9135492,2.681065,3.081934,2.684623,2.0313387,2.4804971,2.8286743,1.83101,2.0626493,1.9937471,1.5589696,1.8074949,2.1150281,2.0982556,0.0,0.59298575,1.9320613,1.754656,2.879432,3.112144,2.0322528,3.1073313,2.4823756,2.4773197,2.7633903,2.739029,2.436954,2.445131,2.3995218,2.507573,2.3349767,2.6522658,2.4500623,2.3641906,2.3485768,2.244888,2.145638,2.1193368,1.7536534,2.2284863,2.8131638,2.0943902,2.8710127,2.372851,2.936197,2.8986259,2.5361097,2.6329844,2.923773,2.6809464,2.8302667,2.822862,2.6982605,2.6790583,3.4628062,3.3642986,2.8244536,2.7870743,4.1400404,3.5553467,3.6063988,3.90019,2.762079,2.802206,2.9104283,2.9381351,2.9422376,2.897628,3.4488308,2.84781,3.0902297,2.6803796,2.853236,2.72035,3.1235514,3.2832747,2.893572,3.550619,2.7830105,2.550738,2.121767,2.989931,2.4440725,2.5709708,2.3398147,2.464166,2.9728546,2.7710571,2.3846107,2.0857348,3.1013367,2.740578,2.3775735,2.5800357,3.1233177,2.7747142,2.4919705,2.4518893,2.3007858,2.4656317,3.0393972,2.766144,3.165329,2.8862424,2.5434484,2.6332343,3.0425813,3.114934,3.6730022,2.982645,3.3802795,3.055892,3.298678,3.3198504,3.0375986,3.3490438,3.0921302,3.1523018
25,2.8932736,2.3323905,2.668341,2.3333235,3.0301015,3.039468,2.627842,2.678841,2.062247,1.9745454,3.1041598,2.888299,3.2340302,2.8139913,2.1805985,2.8071077,2.8768976,1.8967962,2.1430054,2.0647216,1.7708316,2.0187213,2.2972472,2.2747788,0.59298575,0.0,2.2029877,1.9153999,2.9800565,3.2459378,2.2062533,3.275611,2.7138507,2.704843,2.8838367,2.8621817,2.6746907,2.675855,2.6310918,2.751111,2.5830245,2.9485009,2.6971233,2.6101868,2.593905,2.4277768,2.344206,2.3190467,1.9500101,2.447804,2.9869556,2.2464828,3.0372815,2.5913033,3.0926476,3.0546846,2.7776153,2.7582648,3.1466262,2.866149,2.9596336,2.9395494,2.8392584,2.8157558,3.4658375,3.3677857,2.8763862,2.8487236,4.204553,3.5939522,3.6349547,3.947545,2.7994285,2.8656585,2.9654534,2.9813337,2.994088,2.9564493,3.497886,2.9018016,3.1443563,2.766423,2.9176018,2.7814014,3.23282,3.3975,3.0019505,3.6583393,2.9864352,2.6664472,2.2858415,3.203131,2.6832037,2.792539,2.536581,2.6523244,3.0486946,2.8515613,2.4528234,2.1672075,3.1802194,3.0084438,2.5927804,2.8244226,3.2921348,2.9229312,2.6344304,2.6122034,2.540957,2.6730335,3.1906545,2.9339244,3.2700775,3.0082972,2.6257524,2.690723,3.1568742,3.2332444,3.7654183,3.1130476,3.5052867,3.220395,3.4529543,3.4946156,3.1652594,3.4768388,3.2528322,3.2991068
26,1.9298588,1.1514205,1.9744498,1.3656149,2.2170968,2.0634015,1.4406793,1.5870074,1.612573,1.8832054,1.9651036,2.3794172,2.3355603,1.9352213,1.0561537,1.876047,2.72549,1.737666,1.9052141,2.0898147,2.0168173,2.0491898,2.000482,2.0197048,1.9320613,2.2029877,0.0,2.3233988,2.855769,2.823419,2.5212653,3.1839168,1.5854138,1.5603836,2.1343315,2.0924199,1.7229187,1.7624688,1.6793063,1.7928457,1.412572,1.588132,1.5415841,1.455634,1.4634912,1.6019859,1.661653,1.5891868,1.1160151,1.1806078,1.8376923,1.5124689,2.0686111,1.239174,2.1085668,1.9514203,1.5111303,2.1093657,2.168159,1.9122418,2.4328864,2.3123338,2.3184233,2.3081467,3.250028,3.1662228,2.687935,2.6517608,3.4899826,3.2724094,3.4563477,3.6460245,2.7406974,2.6609945,2.7600965,2.7882082,2.7473383,2.7198856,2.8180075,2.6571646,2.188072,1.8032153,2.494323,2.565999,2.288804,2.4688654,2.5251296,3.263195,2.227977,1.793181,1.7255267,1.5110615,1.6569114,1.5076212,1.5280948,1.7858502,2.0516763,1.8015192,2.8649273,1.886872,2.961166,1.9774793,2.1948595,1.891401,2.6510773,2.4362738,1.9655992,1.9432956,1.1806021,1.3324918,2.073369,1.8131953,2.6623952,2.2622669,2.2182693,2.2257636,2.6821806,2.4580932,3.1720572,2.6426196,3.606341,3.2756321,3.0933557,3.015622,2.228762,2.770784,2.3577058,2.3451743
27,3.0276828,2.6007965,2.8387678,2.540033,3.4290133,3.1197107,2.8079069,2.8018186,2.1517448,2.118679,3.0684967,2.761709,3.335068,2.4978554,2.5670714,2.8211496,3.3642523,2.367342,2.8286006,2.8064146,1.8337709,2.1946173,2.4765944,2.493891,1.754656,1.9153999,2.3233988,0.0,3.3994448,3.3787315,2.3112888,3.338763,3.1893165,3.1856508,3.5663676,3.5592935,3.2131186,3.1944237,3.1672215,3.2905943,3.0615582,3.1354208,3.173242,3.0671306,3.094386,3.1593368,3.0483592,3.0281632,2.3306584,2.6029544,3.0470412,2.616768,3.1868377,2.7075348,3.1600862,3.168187,2.7831671,3.0928621,3.541253,3.0300148,3.3245926,3.261417,3.2432444,3.2094972,3.9703612,3.9248667,3.5027535,3.4218795,4.8328176,4.0896707,4.061007,4.3685265,3.3997056,3.4492142,3.5132666,3.5239358,3.511187,3.48933,3.9851892,3.421209,3.6928797,3.3306081,3.4474974,3.3592863,3.6088269,3.7017288,3.485234,4.0766463,3.144849,3.0709164,2.7458382,3.307103,2.7449503,2.8928223,2.8601904,2.9698002,3.5891,3.4006891,3.3657744,2.795237,3.594902,3.086317,2.7003741,2.869704,3.58372,3.1846242,3.0013585,2.9396758,2.5992928,2.7255023,3.25038,2.991649,3.67603,3.3904061,3.2786546,3.3001168,3.22617,3.5787666,4.257249,3.4313753,3.6393049,3.386182,3.6031804,3.616736,3.4249008,3.601702,3.3978121,3.4014304
28,2.5782788,2.5569496,2.4879835,2.8679714,2.5200872,2.8764875,2.3956254,2.469099,2.7272258,2.3980362,2.562858,2.7365775,1.7536824,2.8334053,2.8808515,2.4303656,3.6378982,2.9908416,2.8390582,2.4853187,3.027448,2.7798684,2.6731105,2.6123552,2.879432,2.9800565,2.855769,3.3994448,0.0,2.3105338,2.6869862,1.522675,2.681705,2.6827953,3.0559309,3.0291154,2.307511,2.3143182,2.22722,2.3757217,2.6754715,2.9297507,2.7017488,2.6356006,2.6271205,2.5172129,2.086103,2.1244504,2.7561278,2.5083559,3.1334016,2.099769,2.088262,2.5603595,2.195077,2.382661,3.4516466,2.9225485,3.0921223,2.881999,2.9012523,3.0680373,3.0228221,3.0545862,2.6245737,2.5462477,1.9052464,1.8923355,2.5623875,2.0639744,1.6062549,2.517933,2.0408978,2.1384108,2.1232827,2.105999,2.1127367,2.0468202,2.4253578,1.9769423,2.7182252,2.6464214,2.223879,1.5505595,2.8867087,3.148167,2.482704,2.1436183,2.4335926,3.0369384,2.1811445,3.0548124,2.1489515,2.958538,2.8289402,2.6866524,2.7980812,3.2781377,2.894868,2.4686654,3.1763964,3.0299013,3.4648066,3.3482509,2.2190351,2.332966,1.6405121,1.636862,2.9062636,3.0717244,2.8990793,3.268427,3.072317,2.7783828,2.215675,2.7041967,2.9667742,2.3399236,2.3864121,2.5435603,3.0231283,2.690315,2.7064672,2.5701337,2.3937159,3.2292292,2.4355993,2.7557511
29,2.2129383,2.392206,2.6124327,3.1669965,2.2827928,2.4421904,2.3236282,2.328103,2.7521245,2.249127,3.0204463,3.1377654,1.5045825,2.7453332,2.8723032,2.8577063,3.4711533,2.90198,2.5698473,2.7775657,2.9041977,2.5110478,2.6636229,2.744304,3.112144,3.2459378,2.823419,3.3787315,2.3105338,0.0,3.2667084,2.5518875,2.310623,2.350389,2.5675151,2.509467,2.82131,2.8372407,2.71948,2.8401802,2.2854877,2.362507,2.3363595,2.236482,2.2486799,2.3087,2.7539053,2.6515281,3.3594675,2.256163,2.550704,2.7644835,1.7955606,2.3710313,1.9154495,2.1421928,3.3334787,2.8657768,2.8222792,2.697872,2.6230242,2.941348,2.8932467,2.9272063,3.3276482,3.2295887,2.7878814,2.7712502,2.392765,1.8579786,2.6009445,2.5200236,2.7985835,2.9056945,2.9290843,2.9852285,2.9511516,2.8871534,3.129083,2.8221295,2.5491025,3.4862483,2.0675921,2.614498,2.8767414,2.97962,3.5370634,3.205108,3.156868,2.6122437,3.0460591,2.7429626,2.7304833,2.6548796,2.6391864,2.5242546,2.801149,3.3484406,2.9272783,2.8392248,2.6032507,2.7284737,3.0539153,3.0617862,2.812807,2.344995,2.3577545,2.396378,2.6334708,2.8014746,2.5807283,2.9401228,2.8421376,2.462666,2.9522414,2.5750256,2.1772077,2.0111434,2.0710084,2.4800937,3.2556808,2.9039593,2.783239,2.7755897,2.3720005,3.3190138,2.436975,2.3563354
30,2.7281892,2.5503676,2.4323645,2.5222895,3.1156163,2.9800587,2.4413722,2.5124166,2.1690242,2.456025,2.6953123,2.9193046,3.1440547,2.8767626,2.8596463,2.3851967,3.4840565,2.719496,2.63243,2.2533126,2.1180778,1.9715225,2.0546055,1.96889,2.0322528,2.2062533,2.5212653,2.3112888,2.6869862,3.2667084,0.0,2.1334226,2.6917672,2.6646006,3.281023,3.2830343,2.2666092,2.26625,2.2610767,2.3791988,2.593764,2.6778057,2.686347,2.5987444,2.6623318,2.6994097,2.0841262,2.1288664,2.3296185,2.4116335,3.1135864,2.043934,2.9734616,2.5353003,3.017733,3.0198388,3.2344878,3.0529184,3.1224716,2.9720726,3.1080651,2.8228257,3.1597931,3.1501946,3.294134,3.2160227,2.7518528,2.720449,4.282448,3.729574,3.2070928,3.8308425,2.6715682,2.7385807,2.8278198,2.812884,2.8694594,2.8006685,3.4042747,2.7877197,3.5065358,3.1629815,3.2324538,2.7469873,3.8093696,3.9532497,3.2753255,3.4931445,2.5234475,3.2712224,2.3827276,3.3629797,2.5126932,3.073895,3.227661,3.2925735,3.4319441,3.603218,3.086927,2.808518,3.304323,3.3931007,3.2593489,3.455522,2.9501555,2.4781826,2.5090659,2.4827926,2.7362027,2.8775973,3.3207695,3.069328,3.2470388,2.9721327,2.6696086,3.0129836,2.8803935,3.2067876,3.8827593,3.2134354,3.0315955,2.6982603,2.8614686,2.93228,2.702151,3.341118,2.909482,3.1565437
