,0,1,2,3,4,5,6,7,8,9,10,11,12,13,14,15,16,17,18,19,20,21,22,23,24,25,26,27,28,29,30,31,32,33,34,35,36,37,38,39,40,41,42,43,44,45,46,47,48,49,50,51,52,53,54,55,56,57,58,59,60,61,62,63,64,65,66,67,68,69,70,71,72,73,74,75,76,77,78,79,80,81,82,83,84,85,86,87,88,89,90,91,92,93,94,95,96,97,98,99,100,101,102,103,104,105,106,107,108,109,110,111,112,113,114,115,116,117,118,119,120,121,122,123,124,125,126,127
0,0.0,0.740253,2.5826776,1.7096852,2.6960464,2.5048323,3.0794294,2.7782204,3.1477902,3.6666071,2.94853,2.302352,2.9850163,4.1651583,4.396097,3.7219312,3.4960365,3.7827501,3.3780136,3.6480343,3.9532359,4.1715093,4.106027,3.8809474,3.0717804,2.8515198,2.667566,2.8549922,3.6529834,3.3785229,3.7975998,3.7591684,4.2857695,4.399737,4.318209,4.3524446,3.4819045,3.4950442,4.0688043,3.4630737,3.4922347,3.700612,2.9560242,3.0719075,3.6516697,3.7619214,3.5689554,3.7732427,3.986051,4.014035,3.3016055,3.5040474,3.323134,3.5433578,5.1587048,4.433651,3.4242053,3.4629447,3.7295475,3.028027,3.5599642,3.6476982,3.7487242,3.2328596,3.0321746,3.1141005,3.0167449,3.178172,3.9592445,3.5339522,3.5952466,2.8558547,3.7999465,3.654742,3.5034955,3.4858053,3.665553,3.6039739,4.0396366,3.8548644,3.4566922,3.409849,2.9715674,3.318577,3.7210047,3.8045604,3.839736,4.235692,3.1514432,3.543868,3.4220498,3.4995675,3.7395213,3.7297914,3.7832012,3.8201733,3.3047686,3.1387534,3.5969229,3.7070272,3.5002627,3.4127138,3.9762862,3.4465368,2.9862201,2.9634502,2.8199463,4.2659388,3.8890913,3.0827038,3.9904883,3.976548,3.6271682,4.1339383,3.007046,3.2000437,3.4928854,3.537636,3.2185118,3.9113166,3.7880912,3.5373273,3.629666,4.161521,3.6134152,3.8098168,3.7267907,3.278831
1,0.740253,0.0,2.7466943,1.9571781,2.8344374,2.654608,3.2441187,2.9491346,3.2423923,3.766423,3.0993013,2.4787195,2.9598014,4.1481833,4.4616714,3.7217586,3.5227792,3.8494031,3.4549005,3.763601,4.0273724,4.2308254,4.254685,4.0313044,2.8932257,2.8776698,2.6339934,2.8229718,3.637736,3.4437022,3.9255466,3.8967423,4.240564,4.4128904,4.2346134,4.269903,3.6112373,3.570853,4.13969,3.5265963,3.5595808,3.649525,2.9069784,3.0030837,3.6824334,3.8697467,3.672227,3.850774,4.139531,4.172158,3.314285,3.412751,3.3943381,3.6166294,5.2452497,4.484283,3.487398,3.5872264,3.8029006,3.1189516,3.694518,3.7427666,3.8845081,3.3826547,3.1143775,3.253714,3.0920668,3.317552,4.0946417,3.6745281,3.8306186,3.0324755,3.8724902,3.757563,3.5785408,3.5627556,3.7490351,3.6751306,4.1202497,3.9578178,3.625569,3.5625722,3.1379397,3.476415,3.833105,3.9590611,3.9102726,4.283085,3.1935346,3.5875425,3.4671478,3.5413127,3.7289977,3.877684,3.7648456,3.788732,3.4005556,3.210469,3.6985462,3.7403545,3.5148218,3.508868,3.9768765,3.4667652,3.0567284,2.966828,2.798409,4.2427845,4.021422,3.1412277,3.9327848,3.9189098,3.6812906,4.1400313,3.115894,3.195064,3.4967237,3.5453224,3.263683,3.978582,3.6624947,3.526972,3.728478,4.066504,3.61269,3.7252758,3.7761881,3.380409
2,2.5826776,2.7466943,0.0,1.2104857,0.41934294,0.46727455,1.4080191,0.43581823,3.0457416,3.2973208,2.7207627,2.3559494,2.8479085,2.810437,4.112321,3.458755,3.1205525,3.4799962,3.075596,3.4540348,2.7314785,3.3336158,3.5293314,3.4710276,2.9398606,2.5018206,2.3105295,2.5206342,3.2984471,3.253068,3.6328843,3.5554447,4.4495387,4.6286917,4.5658255,4.5734386,3.5587153,3.3322463,3.9328167,3.2640731,3.3946488,3.5389743,2.9276946,3.0902946,3.311193,3.6462884,3.366145,3.641154,4.0202837,3.9640732,3.4836974,3.675547,3.5987475,3.766093,4.049603,4.217918,3.5463157,3.6634805,3.5825748,2.7393124,3.5112429,3.4810698,3.738185,3.1677618,2.8898966,3.012837,3.2005582,3.2985747,3.685176,3.353249,3.703482,3.0295112,4.7966185,4.690118,4.4860954,4.4585376,4.716398,4.6541867,4.9422398,4.9032617,3.4543402,3.4649289,2.992863,3.337757,2.5084357,2.6330223,2.5424435,3.123189,2.8143387,3.3764555,3.1749892,3.1924922,3.8349996,3.6704218,3.7519605,3.818181,3.238766,2.8702445,3.6944032,3.4962633,3.2938516,3.4323463,3.7403266,3.274074,2.7331715,2.710563,2.5501926,4.14882,3.1636434,2.5824196,3.8065503,3.793593,3.4536357,3.0385697,2.9887006,3.0941198,3.5384789,3.6245098,3.2917924,3.9696074,3.5705702,3.3926733,3.8106053,4.1332603,3.2744987,3.5159454,3.4275348,3.0305116
3,1.7096852,1.9571781,1.2104857,0.0,1.3304375,1.1480573,1.8895924,1.4198194,2.8556843,3.256951,2.4740016,2.1001136,2.708229,3.1213548,4.130946,3.401875,3.0644958,3.3529782,2.9269567,3.2442505,3.0623744,3.5683937,3.609961,3.4872615,2.7567239,2.2551844,2.0590618,2.313259,3.1694345,3.141471,3.5445545,3.5068893,4.150566,4.2533803,4.288557,4.282451,3.2904406,3.0632224,3.708847,3.0292687,3.098366,3.3545299,2.697041,2.8870296,3.186456,3.466638,3.2137475,3.512882,3.8193674,3.7927577,3.2054052,3.5737703,3.2488034,3.462534,4.3470473,4.117964,3.1901686,3.394482,3.3763237,2.5240963,3.3060937,3.2814195,3.4373894,2.8471074,2.745408,2.8434162,2.9481623,3.0295348,3.624232,3.2338989,3.478429,2.8000793,4.2382283,4.084813,3.8627763,3.8118412,4.2239175,4.1480618,4.387646,4.366336,3.2171447,3.2310822,2.6085298,2.9645145,2.732555,2.830175,2.704736,3.2525458,2.7023687,3.2489913,3.0239449,3.0829926,3.615307,3.4747095,3.5481555,3.5980248,3.0991569,2.8101046,3.5563145,3.3785083,3.2333324,3.3230827,3.7442634,3.1414535,2.4999151,2.5082443,2.3008807,3.962598,3.1639574,2.5479841,3.7437296,3.7228835,3.467953,3.3574862,2.7611127,3.0398517,3.4594855,3.4662468,3.1388652,3.8902667,3.4714303,3.2016096,3.670203,4.156023,3.3525329,3.65049,3.4733562,2.966163
4,2.6960464,2.8344374,0.41934294,1.3304375,0.0,0.24802843,1.4836591,0.3566587,3.161308,3.3936446,2.6507201,2.3202615,2.9233317,2.822431,4.2103143,3.5020413,3.20129,3.5171804,3.1442056,3.483134,2.809126,3.390629,3.6177793,3.539104,2.9656641,2.535347,2.3111696,2.5543237,3.4610078,3.4731543,3.8191001,3.7608097,4.597285,4.7707295,4.6995296,4.7132654,3.646089,3.395363,3.9961221,3.3566368,3.3554618,3.5656526,3.0324976,3.194794,3.4422975,3.7674246,3.5251427,3.7829967,4.155317,4.0951953,3.6053996,3.838757,3.6770568,3.8421905,4.1401634,4.347748,3.6421344,3.754716,3.4915726,2.6366646,3.5668015,3.5386052,3.8121872,3.2513502,3.0425978,3.16767,3.2899117,3.397046,3.7825613,3.4631062,3.7518888,3.1877403,4.9295106,4.82442,4.604787,4.569371,4.797454,4.73106,4.920383,5.0355706,3.5969608,3.6035721,3.0791333,3.4671621,2.547144,2.695727,2.556425,3.1976306,2.9563453,3.4892595,3.2879393,3.2975252,3.8811152,3.7867658,3.8212283,3.89071,3.3253798,2.9616976,3.7562144,3.5444152,3.3573873,3.523687,3.8072066,3.3173742,2.786073,2.7691844,2.5963562,4.2008305,3.1436374,2.6276817,3.9754474,3.9650428,3.4912395,3.058815,3.0635762,3.1385853,3.6964624,3.7719374,3.406496,4.120716,3.6440387,3.4613094,3.9411457,4.1934037,3.3356452,3.6142857,3.4788206,2.995035
5,2.5048323,2.654608,0.46727455,1.1480573,0.24802843,0.0,1.5007815,0.41620883,3.117009,3.3665435,2.5938265,2.24408,2.865241,2.861604,4.1798077,3.4818773,3.1702683,3.4747474,3.0965893,3.4166043,2.8534539,3.432003,3.6133995,3.532477,2.912185,2.4837406,2.2496123,2.5087578,3.3947167,3.416339,3.7684727,3.715478,4.5556865,4.7203956,4.658418,4.6702433,3.5820265,3.3378325,3.9544413,3.306496,3.2988193,3.5177314,2.9816427,3.1526327,3.4436467,3.7609897,3.5216582,3.7847464,4.149937,4.0944357,3.5652976,3.836792,3.6253762,3.8008778,4.2108088,4.344703,3.5929825,3.7131565,3.4157975,2.5527759,3.516925,3.494107,3.7568893,3.181743,3.0099661,3.134421,3.219081,3.3332698,3.7621932,3.4317899,3.7203665,3.1304743,4.8438683,4.7257247,4.5107694,4.465742,4.708425,4.6393905,4.7873154,4.951398,3.5246592,3.5203907,2.9960334,3.395853,2.5686178,2.7243779,2.5679889,3.213138,2.9265497,3.4743567,3.2439628,3.2582252,3.8267171,3.7484212,3.7741702,3.8418655,3.3018703,2.9372253,3.7122815,3.5057595,3.3308277,3.4958215,3.7687492,3.26068,2.7286446,2.7229254,2.5311,4.170541,3.1338835,2.5970523,3.9325743,3.9206014,3.447082,3.1034966,3.0088885,3.1059806,3.6546738,3.725779,3.3433316,4.089647,3.6177568,3.4113362,3.9146142,4.1880918,3.3309913,3.6243849,3.4758914,2.9844434
6,3.0794294,3.2441187,1.4080191,1.8895924,1.4836591,1.5007815,0.0,1.5174878,3.432236,3.5714142,2.8885212,2.8601906,3.1969688,3.1104436,4.922876,4.336766,3.401662,3.7273018,3.3815324,3.6617558,3.038836,3.577599,3.8765008,3.791274,3.2288644,2.6946287,2.5598588,2.7912657,3.5159612,3.5356274,3.8821025,3.7823055,4.4384646,4.6729674,4.6173773,4.5998187,3.8476434,3.6162295,4.1738186,3.581376,3.3345704,3.7953186,3.3617678,3.5036297,3.7130182,4.075588,3.8138514,4.0382075,4.301788,4.24066,3.9895613,4.136767,3.8009853,3.9458866,3.8343546,4.1022315,3.7681813,3.8432727,3.4502854,2.6247036,3.6733203,3.6444354,3.9251995,3.3885555,3.4052815,3.3354025,3.6144967,3.7176259,4.036696,3.5779283,3.9951494,3.3057187,4.8453007,4.7399306,4.515147,4.466856,4.905016,4.8561826,4.803881,4.994024,3.6690583,3.7673776,3.1764774,3.5357566,2.8536243,2.7923083,2.8868692,3.477893,3.2684968,3.5235353,3.5340471,3.5330396,3.9112098,3.8254023,3.8773773,3.9272523,3.6674387,3.3501701,3.8530235,3.6275342,3.6587534,3.837997,4.0839334,3.6402178,2.9066067,3.0496974,2.8960967,4.3667145,3.3882356,2.8734055,4.0962973,4.0902224,3.7388873,3.258888,3.1796832,3.474567,3.8791716,3.9447193,3.5989308,4.272485,3.824218,3.647757,3.9223769,4.481309,3.6361587,3.8061996,3.5648646,3.2123559
7,2.7782204,2.9491346,0.43581823,1.4198194,0.3566587,0.41620883,1.5174878,0.0,3.139662,3.350772,2.7508984,2.4086323,2.9310634,2.7740874,4.100926,3.5130818,3.2072175,3.5087433,3.139826,3.4719772,2.749578,3.3929138,3.560947,3.5221074,3.0373368,2.632489,2.4444847,2.6590734,3.3954394,3.408841,3.749412,3.685338,4.644763,4.811995,4.750469,4.7610807,3.624834,3.395647,3.9957228,3.3393068,3.4185658,3.5757723,3.0692554,3.2364795,3.4637566,3.7757971,3.5290766,3.7983375,4.1814294,4.117929,3.622107,3.908312,3.738579,3.9011421,4.110892,4.351181,3.6933959,3.7928026,3.569105,2.7555685,3.5898426,3.5672317,3.8174825,3.244552,3.0213199,3.1604466,3.2798991,3.372235,3.762545,3.451572,3.7712564,3.1954305,5.0034204,4.891486,4.697063,4.6562047,4.881092,4.816035,5.011502,5.1060677,3.5256407,3.5094564,3.0969768,3.4607294,2.4931457,2.6643035,2.5140197,3.125163,2.934481,3.5461633,3.250078,3.2538722,3.9119866,3.777111,3.8365612,3.906773,3.3537984,2.9687161,3.7618983,3.548866,3.3549175,3.520932,3.7239966,3.301128,2.827256,2.8010714,2.6296418,4.2328887,3.1029181,2.6341238,3.9046302,3.8925705,3.4580977,3.044996,3.1075904,3.1711218,3.6930954,3.7857618,3.4238982,4.115337,3.6573365,3.4680076,3.9739661,4.2689924,3.3229308,3.643072,3.499708,3.0841947
8,3.1477902,3.2423923,3.0457416,2.8556843,3.161308,3.117009,3.432236,3.139662,0.0,1.3481479,2.490403,2.4510608,1.4766124,2.2783608,2.4586105,2.2549903,1.482207,1.7294888,1.3291749,1.8677933,2.1336656,2.592266,2.4210575,2.0322616,2.510662,1.9116269,2.3831549,2.1042888,2.5219688,2.5623517,2.8097873,2.7989185,3.5997043,3.836443,3.6312785,3.6397417,2.2549963,2.1171048,3.064249,1.9616145,3.1023266,2.2108629,2.2016585,2.2093396,1.8098854,2.3283591,2.1740768,2.315626,2.6884472,2.6871567,2.2380993,2.7699647,2.0291545,2.3355517,3.1425667,2.4236958,2.0559008,2.1125014,3.9110706,3.3693027,2.2010658,2.167094,2.6866086,1.8441584,1.7428356,1.8427076,2.3733974,2.1119318,2.41476,2.0052605,2.4219713,1.70809,3.277973,3.2642534,2.9389355,2.9451838,3.169131,3.124728,4.626158,3.4348893,2.1243086,2.2550876,2.3475206,2.1577568,2.7525895,2.7943199,2.9097064,2.6391003,1.8664784,1.9366132,2.0474994,2.028159,3.2407217,2.435652,2.2746582,2.3299189,1.8721603,1.6198262,2.528859,2.3612127,2.1007724,2.1218722,2.542523,1.8289104,2.47791,2.3359635,2.223743,3.8294032,2.8308897,2.3247824,2.8147295,2.823402,2.1679738,2.3619792,1.3888717,1.6547312,2.5614102,2.6310072,2.6703086,2.9945126,2.4798515,2.2744188,2.4178922,3.2726548,2.1733592,2.6920552,2.4258134,2.8068132
9,3.6666071,3.766423,3.2973208,3.256951,3.3936446,3.3665435,3.5714142,3.350772,1.3481479,0.0,2.1652384,2.4704401,1.6007541,2.113763,2.5080564,2.3096502,1.2030697,1.0389426,1.1274981,1.5280664,1.8877735,2.2626212,1.8009402,1.6734766,2.1210225,1.7113326,2.2146578,1.8607434,2.0618958,2.4082797,2.3752098,2.4757872,3.2240736,3.4288657,3.177084,3.1770003,2.059395,1.8764708,2.8853967,1.7810447,2.9508166,1.989128,2.9231477,2.934295,2.1938617,2.7119403,2.515341,2.672674,2.4643185,2.428083,2.2969513,3.0455518,2.2779927,2.5331557,2.8850315,2.132173,2.3740294,2.1915247,3.6143723,3.4573848,1.6394079,1.580352,2.4442701,1.549755,1.9329748,1.9990181,2.2360392,2.0651526,1.8162074,1.6930356,2.4080355,2.104743,3.5531068,3.4830616,3.2126644,3.2132173,3.5945039,3.5672615,4.4246016,3.6681721,1.7375025,1.9476001,2.0399566,1.8451687,2.3331711,2.3276868,2.5722368,2.3094332,2.0457814,2.3550699,1.6531188,1.6295491,3.1417527,2.0084434,1.9501795,2.0378108,1.8658633,1.5134203,2.2528448,1.9868914,1.9508274,1.8032205,2.4656541,1.4710988,2.4646158,2.3796976,2.4520736,3.8974016,2.5896373,2.0300107,2.5372148,2.546425,2.459748,2.3362033,1.6835442,1.9720986,2.4785087,2.4645646,2.3958921,2.8079402,2.1796443,1.8073086,1.9641478,2.8340993,2.3854413,2.7309122,2.6709616,3.0372086
10,2.94853,3.0993013,2.7207627,2.4740016,2.6507201,2.5938265,2.8885212,2.7508984,2.490403,2.1652384,0.0,1.516273,2.3804839,2.8258736,3.8466914,3.0564294,2.377011,2.2470758,2.2261734,2.3713768,2.810284,3.0038044,2.770867,2.6151078,1.9322548,1.4360079,1.4943793,1.5775071,3.1886747,3.4697108,3.4850464,3.614048,3.4217288,3.5452743,3.3879795,3.4079726,2.7481198,2.4649403,3.232935,2.5219548,2.1891005,2.579825,3.2647374,3.3508413,2.9172466,3.3000169,3.1509817,3.315965,2.8889322,2.8427083,2.830682,3.426925,2.7092466,2.9296472,3.7667413,3.218234,2.7958462,2.692668,2.6426702,2.467624,2.235213,2.2271714,2.6999967,2.021132,2.5708203,2.4846816,2.5444357,2.619454,2.5664399,2.3488555,2.289938,2.671837,3.6302388,3.524781,3.2497232,3.2563863,3.713106,3.674507,3.482724,3.718363,2.4869187,2.6911833,1.8954817,2.330495,2.4341586,2.3036044,2.5710487,3.0364509,2.7079113,2.9452615,2.446849,2.4590611,3.0158303,2.51789,2.5229828,2.6012297,2.4991233,2.2781796,2.814963,2.5832999,2.6005409,2.559421,3.1460805,2.3431108,2.2163467,2.2889884,2.3698847,3.8872283,2.597383,1.9912342,3.7254128,3.7273295,3.0761878,2.9709206,2.203751,2.5663543,3.1425087,3.0508578,2.698257,3.434721,2.756666,2.4541168,2.5607395,3.109991,3.0029058,3.2622921,3.121248,2.473858
11,2.302352,2.4787195,2.3559494,2.1001136,2.3202615,2.24408,2.8601906,2.4086323,2.4510608,2.4704401,1.516273,0.0,2.0609047,3.0003247,3.6093514,2.8411934,2.4498155,2.5581453,2.318768,2.619526,2.612275,2.913367,2.849992,2.7573442,2.0366294,1.8015941,1.6869212,1.715925,3.2078972,3.237103,3.4042413,3.465788,3.8214483,3.887384,3.80629,3.8283284,2.5192597,2.4913135,3.2651567,2.4931304,2.3435514,2.6642551,2.8323724,2.9204357,2.9364026,3.1444633,2.9050305,3.1382163,3.227356,3.2077343,2.5495718,2.9828053,2.5468938,2.780361,3.909362,3.419053,2.8660998,2.6048594,3.049756,2.7095656,2.2657077,2.4260924,2.9008398,2.2121718,2.288181,2.6087346,2.1154792,2.3800385,3.0274866,2.6996346,2.4691868,2.6232862,4.0685296,3.9452677,3.6266851,3.610872,3.8332136,3.7609916,4.175096,4.1202984,2.702992,2.682407,2.3004665,2.6081412,2.4739223,2.6776874,2.7471237,3.0855246,2.3154626,3.039568,2.3496888,2.4000869,3.1323535,2.9396803,2.8803158,2.964886,2.3518178,2.0140789,2.4699981,2.6087883,2.4901488,2.1382945,3.1883,2.2988963,2.4004228,2.2681372,2.257803,3.8535025,2.999624,2.1518688,3.742413,3.736174,2.9868026,3.0728846,2.2567477,2.3767457,2.9362504,2.8728206,2.5933626,3.3854444,2.7573066,2.4028072,2.8404562,3.297999,2.7778404,3.0275867,2.9998548,2.3385108
12,2.9850163,2.9598014,2.8479085,2.708229,2.9233317,2.865241,3.1969688,2.9310634,1.4766124,1.6007541,2.3804839,2.0609047,0.0,1.9029956,2.6315145,2.0516384,1.0229503,1.4393673,0.98670024,1.6941302,1.6336007,2.2834466,1.8848692,1.7358966,2.0119114,1.8180625,2.1050947,1.8773493,1.9710013,2.0443702,2.3184054,2.3390305,3.3678424,3.5647752,3.3710124,3.352267,1.8257085,1.624357,2.7409234,1.5088263,2.7032585,1.7582926,2.0985098,2.1100686,2.4528313,2.9647732,2.6171262,2.8857524,2.993084,2.9887943,2.3086338,2.696404,1.8436933,2.1264184,2.9510674,2.4604774,2.1068826,1.9982179,3.1761365,2.748495,1.75223,1.6689028,2.421396,1.4916378,1.7082566,2.1745934,2.1565654,2.0308208,2.5725682,2.1858761,2.6593456,2.120031,3.8074515,3.6902857,3.3605292,3.2093616,3.5513873,3.47915,4.3073688,3.9457467,2.0950432,2.0314596,2.0879333,1.9829274,2.3111145,2.5907235,2.4583187,2.2902052,1.411683,2.2901058,1.508575,1.5040393,2.9750898,2.2237022,2.2963505,2.338384,1.9611112,1.3746104,1.8137467,1.5851378,1.4897926,1.8134559,2.2403634,0.96696395,2.178903,2.1357617,2.110522,3.7024755,2.9656444,1.9928021,2.5539956,2.5542912,1.9110352,1.9045674,1.307497,1.1507742,1.9734864,1.9515195,1.9508674,2.4319394,1.7437867,1.4235879,2.3506024,3.1743891,1.8511763,2.0798979,2.147141,2.6396072
13,4.1651583,4.1481833,2.810437,3.1213548,2.822431,2.861604,3.1104436,2.7740874,2.2783608,2.113763,2.8258736,3.0003247,1.9029956,0.0,2.9339163,2.5652108,1.7904019,1.9965373,1.801574,2.3495197,1.2919848,2.4169662,2.1789365,2.250247,2.5867982,2.3799999,2.6246223,2.4610949,2.4527543,2.8989027,3.1381965,3.1482923,3.7942107,4.017018,3.893689,3.841997,2.8865905,2.3503065,3.1802533,2.2470472,3.1793733,2.3612695,2.747504,2.8154075,2.7390893,3.4448783,3.1329696,3.4055548,3.5629423,3.4914467,3.1285188,3.5359216,3.0334935,3.2059057,2.5619934,2.97282,2.8520746,3.0833015,3.5664783,3.1132615,2.6523013,2.3418603,2.9533494,2.2235525,2.4691176,2.7572482,3.168965,2.9839232,2.9829476,2.77839,3.3537207,3.0386155,4.7250876,4.6259203,4.32485,4.1966352,4.7429333,4.6770167,5.0761514,4.8944364,2.755587,2.7864227,2.7771838,2.7051635,2.0703807,2.317267,1.8907787,1.6623354,2.0506873,2.892199,2.1701674,2.0955667,3.7160852,2.787205,2.8414085,2.881281,2.7572086,2.1682267,3.0505695,2.2978392,2.2428737,2.9357653,2.741963,2.0039704,2.6667833,2.6441705,2.6106317,4.023365,2.8654094,2.3715122,3.0667384,3.060968,2.6404595,1.4862595,2.312986,2.2142527,2.9873152,2.9885042,2.9711075,3.3437707,2.4539876,2.2818494,3.3622985,3.8549507,2.364727,2.6936839,2.7632308,3.138294
14,4.396097,4.4616714,4.112321,4.130946,4.2103143,4.1798077,4.922876,4.100926,2.4586105,2.5080564,3.8466914,3.6093514,2.6315145,2.9339163,0.0,1.6235844,2.4050992,2.5268693,2.37346,2.8965197,2.8056176,3.2206237,2.8216205,2.8698604,3.5154977,3.4243083,3.7085135,3.4594393,3.180773,3.3354044,3.4271636,3.512327,4.300469,4.421059,4.2555804,4.2763424,3.025739,2.998231,3.7152581,2.789416,4.489202,3.0559118,3.274381,3.3121254,3.4301746,3.7281609,3.4600215,3.7135882,3.9149742,3.906763,3.2824988,3.7403014,3.2115092,3.4328547,4.0839014,3.8425767,3.221788,3.231934,4.7395706,4.4741282,3.1483788,3.1510124,3.4783578,2.8834472,2.7666826,3.1295378,3.1834686,3.0980568,3.011403,3.1861095,3.5313528,3.249011,4.5984893,4.4934673,4.381592,4.2695565,4.5168586,4.464241,5.476804,4.692373,2.7644799,2.714304,3.3865044,3.0850604,3.3775072,3.5607061,3.531351,3.064824,2.7215917,3.2341332,2.7683208,2.7375422,3.9336948,3.318425,3.2144346,3.2573302,3.207932,2.8503556,3.4419544,3.329199,2.84508,3.0066867,2.7077148,2.5533767,3.5757813,3.5034971,3.4491496,4.5705485,3.9474998,3.57659,3.5148294,3.5016356,2.7873569,3.0239725,2.944072,2.773762,3.1056218,3.1827977,3.3734145,3.555041,3.179954,3.1195817,3.5860574,3.64019,3.0274947,3.3909664,3.665138,4.2114983
15,3.7219312,3.7217586,3.458755,3.401875,3.5020413,3.4818773,4.336766,3.5130818,2.2549903,2.3096502,3.0564294,2.8411934,2.0516384,2.5652108,1.6235844,0.0,1.8956954,2.0925038,1.8830895,2.4815228,2.412101,2.630086,2.4372687,2.2923446,2.781829,2.6499245,2.8847458,2.6925347,2.8324487,2.8969421,2.9998333,3.1211662,3.8436756,3.991193,3.7681794,3.7998393,2.6680892,2.496283,3.3677313,2.3576663,3.9088407,2.6316936,2.8423786,2.857437,3.08648,3.4661736,3.1763394,3.4522583,3.3905954,3.3868413,2.8914297,3.2555542,2.587542,2.8470545,3.8853948,3.6174338,2.7417264,2.7404368,4.0165343,3.6425717,2.6290088,2.5839334,3.1080248,2.4522672,2.4104617,2.7604492,2.8529189,2.7155154,2.6719449,2.8307548,3.1077793,2.9048314,4.256299,4.1553526,3.9340954,3.8204675,4.1314735,4.0751114,4.8703723,4.3566976,2.8053813,2.8348854,2.8071547,2.6551054,2.8803437,3.0566738,3.0239587,2.8187695,2.3278782,2.8388178,2.422771,2.4317787,3.512399,2.8592098,2.9661841,3.0140789,2.6855836,2.2694235,2.9719381,2.8369942,2.3452477,2.5472314,2.78611,1.9800382,2.980332,2.9509063,2.9452717,4.2359443,3.508368,2.9451342,3.294869,3.2845085,2.7172842,2.6056893,2.364902,2.1902409,2.7379923,2.7048728,2.7950675,3.0569532,2.6589465,2.5753376,3.054714,3.1167781,2.6935887,2.920897,3.2352772,3.5988352
16,3.4960365,3.5227792,3.1205525,3.0644958,3.20129,3.1702683,3.401662,3.2072175,1.482207,1.2030697,2.377011,2.4498155,1.0229503,1.7904019,2.4050992,1.8956954,0.0,0.83663905,0.45377594,1.4671304,1.5408661,1.9296106,1.8572582,1.6317573,2.0946672,1.6878525,2.1174011,1.8276963,1.9464557,2.2254982,2.4035227,2.4539335,3.0101147,3.2669616,3.0509052,3.0365512,2.0121138,1.7348428,2.8021765,1.6561288,3.0408123,1.8594637,2.3631928,2.379395,2.5561373,3.0920897,2.768867,3.010051,2.976766,2.9574153,2.5627053,2.945614,1.8462211,2.163548,2.6847045,2.2926965,1.9848928,1.9317127,3.2656262,2.8979685,1.4315687,1.3178387,2.3475406,1.3902571,1.9779265,2.1198947,2.3684626,2.2858796,2.2442389,2.0633209,2.6969872,2.115523,3.5830867,3.4494116,3.107514,2.9552374,3.6318123,3.584282,4.1972804,3.7479057,1.934444,2.133244,2.0359247,1.8144428,2.3519368,2.3757186,2.5194523,2.2495475,1.6860485,1.9226735,1.6901842,1.6698053,2.9986436,2.0680983,1.9855653,2.0393384,2.0887098,1.5702457,2.0949013,1.756923,1.6992041,2.0232284,2.4961026,1.2459896,2.2490656,2.3899047,2.3577247,3.8025775,2.9967468,2.2534883,2.7210674,2.7209883,2.0652773,1.8254572,1.1381931,1.4755797,2.2241414,2.179317,2.2025228,2.7018507,2.0821846,1.692232,2.2098317,2.8233812,2.0996535,2.2993667,2.4114926,2.9677427
17,3.7827501,3.8494031,3.4799962,3.3529782,3.5171804,3.4747474,3.7273018,3.5087433,1.7294888,1.0389426,2.2470758,2.5581453,1.4393673,1.9965373,2.5268693,2.0925038,0.83663905,0.0,0.708785,1.3072627,1.8191068,2.0256896,1.8142151,1.576711,2.119673,1.8065317,2.2617154,1.9728938,1.9983902,2.418,2.4061918,2.5395324,3.0553792,3.2369063,3.0469658,3.0383182,1.9484226,1.6675047,2.7679505,1.6502312,2.9450707,1.8074123,2.8404741,2.8540356,2.7920108,3.1996856,2.9938035,3.2143164,2.9112635,2.8875997,2.6547797,3.4266517,1.9875656,2.2884562,2.8233016,2.303089,2.2064064,2.0357742,3.1885884,3.0304675,1.2994604,1.2281069,2.2784815,1.3201486,2.261043,2.3457487,2.4172847,2.274928,2.168151,2.1028643,2.6646106,2.4583812,3.690823,3.541696,3.2280138,3.080432,3.8010073,3.7577627,4.0965686,3.845788,1.9238472,2.1425316,1.9816746,1.7776848,2.3557878,2.3636184,2.542901,2.2960687,2.052033,2.351898,1.7165548,1.7064824,3.0164826,1.9891002,1.9797947,2.0382998,2.2109118,1.7940041,2.0643458,1.7194768,1.8143798,2.0006948,2.5440714,1.2157273,2.373616,2.5041504,2.5463724,3.9089952,2.679604,2.2551455,2.7492855,2.7505474,2.3909636,2.1650243,1.5330547,1.8879591,2.6805756,2.5714438,2.5112321,2.9791749,2.1397655,1.6637069,2.261689,3.0183349,2.3922944,2.7918143,2.69186,3.1452892
18,3.3780136,3.4549005,3.075596,2.9269567,3.1442056,3.0965893,3.3815324,3.139826,1.3291749,1.1274981,2.2261734,2.318768,0.98670024,1.801574,2.37346,1.8830895,0.45377594,0.708785,0.0,1.1751318,1.562829,2.035216,1.810629,1.5726562,2.144675,1.6163552,2.101281,1.8336878,1.9324132,2.2403123,2.3607357,2.4421673,3.1531017,3.328734,3.2049837,3.1893568,1.7931838,1.5009719,2.6591754,1.4477563,2.8530343,1.7238452,2.3318374,2.3670444,2.4663599,2.9552178,2.6644032,2.923065,2.8791614,2.857342,2.4681005,3.0349736,1.7332946,2.0597396,2.7457755,2.2988572,1.8824414,1.8334061,3.1785412,2.8281004,1.3522476,1.2632984,2.2014182,1.1718032,1.8788773,2.0257585,2.238044,2.0548937,2.1442478,1.9292485,2.488948,2.033304,3.554107,3.409156,3.0691993,2.9044204,3.55982,3.505307,4.126449,3.7215605,1.8114076,1.9884418,1.8544191,1.6214383,2.2408915,2.2985663,2.3951025,2.1391196,1.6407615,1.9854687,1.5753367,1.5537765,2.9366603,1.9767265,1.9587672,2.015848,1.9977529,1.5080109,2.0210295,1.6919088,1.6640648,1.9383111,2.4069455,1.0989457,2.1385925,2.2688715,2.216484,3.7276292,2.8053234,2.1326022,2.7044423,2.7015283,2.0375705,1.8816884,1.0551356,1.4861219,2.2707245,2.1974208,2.1778197,2.6917043,2.0914004,1.5969255,2.230606,2.9880905,2.1099732,2.4573016,2.3860407,2.86669
19,3.6480343,3.763601,3.4540348,3.2442505,3.483134,3.4166043,3.6617558,3.4719772,1.8677933,1.5280664,2.3713768,2.619526,1.6941302,2.3495197,2.8965197,2.4815228,1.4671304,1.3072627,1.1751318,0.0,2.0706842,2.4645212,2.324775,2.1253178,2.5811455,1.8452029,2.4976435,2.2980227,2.089806,2.6373143,2.5223558,2.7174475,3.8491185,3.919803,3.8778057,3.8751853,1.7968608,1.6180747,2.7650824,1.7472521,2.8633993,1.7771195,2.8455145,2.869215,2.7268274,3.1567461,2.9740212,3.1480274,3.122504,3.0759873,2.834831,3.5115726,2.1013901,2.341338,3.1135786,2.585685,2.2952063,2.1535397,3.335181,3.1994555,1.5991668,1.641387,2.4950316,1.7177306,2.3155408,2.241672,2.31321,1.8779436,1.9827892,1.8134247,2.4215772,2.1757557,3.7952251,3.6696532,3.3147388,3.153373,3.7341785,3.6822393,4.163246,3.9738266,2.1999724,2.3651872,2.0293095,1.8186133,2.468098,2.53345,2.6452484,2.3940039,2.3252082,2.480768,1.9876693,1.9018975,3.0881567,2.2843118,2.076575,2.1462233,2.265352,1.882076,2.3171208,2.085964,2.2154472,2.2225041,2.7471337,1.4501194,2.4175346,2.5238874,2.341913,3.885015,2.9281752,2.2513745,2.8604653,2.8556993,2.4984715,2.4050019,1.5428559,2.1018004,2.5386844,2.438279,2.2233362,2.8432093,2.6448374,1.9055322,2.3999817,3.1648948,2.6248648,2.9901228,2.7212992,3.14398
20,3.9532359,4.0273724,2.7314785,3.0623744,2.809126,2.8534539,3.038836,2.749578,2.1336656,1.8877735,2.810284,2.612275,1.6336007,1.2919848,2.8056176,2.412101,1.5408661,1.8191068,1.562829,2.0706842,0.0,1.5605464,1.9923627,2.0169234,2.4955246,2.2265089,2.581713,2.3600347,2.1529024,2.3764856,2.574629,2.5991237,3.7054446,3.893679,3.804449,3.7724013,2.303716,2.092638,3.0136251,1.9342101,3.112891,2.2298179,2.6243353,2.6423461,2.78487,3.243636,2.8799515,3.184867,3.3598251,3.295894,2.9138687,3.2918048,2.479543,2.6663547,2.1339476,2.6090486,2.6746836,2.5284185,3.612788,3.2329757,2.1272004,2.086582,2.8435357,2.0792599,2.1975737,2.5018435,2.639808,2.468158,2.7333608,2.5275154,3.0076823,2.7483757,4.668747,4.566016,4.2347374,4.109462,4.7287874,4.669492,5.178706,4.831436,2.5930882,2.6545405,2.6109414,2.4246373,1.7914444,2.0469053,2.0699024,1.6777452,1.7348677,2.6538165,1.8820518,1.8198144,3.3447516,2.5983818,2.6845913,2.73734,2.519268,1.8529587,2.419071,2.1253552,2.0481994,2.2527778,2.73885,1.7617737,2.5694423,2.5558107,2.5050225,3.952557,2.846647,2.2775567,2.9101026,2.8972626,2.6936004,1.654807,2.0727,2.1516771,2.7334747,2.6965325,2.7226064,3.083319,2.3643413,2.0552325,2.9138238,3.5559793,2.2403896,2.5511546,2.627506,3.1094093
21,4.1715093,4.2308254,3.3336158,3.5683937,3.390629,3.432003,3.577599,3.3929138,2.592266,2.2626212,3.0038044,2.913367,2.2834466,2.4169662,3.2206237,2.630086,1.9296106,2.0256896,2.035216,2.4645212,1.5605464,0.0,2.7243178,2.3374643,2.47439,2.4943273,2.8870342,2.685067,2.5473423,2.5549972,2.8021288,2.8684876,3.3273423,3.6791143,3.3719811,3.4104493,2.674417,2.6797183,3.4361973,2.5249178,3.5725458,2.613005,2.9694688,2.8796046,3.4770906,3.6587627,3.4498346,3.6494417,3.4957888,3.4531403,3.3291547,3.6815946,2.3800147,2.6024384,2.5061378,2.779032,2.8680084,2.451935,3.776689,3.4137666,2.1452901,2.3449621,3.1990921,2.5435197,2.7840352,2.6761663,2.884114,2.778978,2.914708,2.861473,3.1482148,3.0344603,4.4409366,4.3686576,4.026811,3.9347122,5.0017867,4.9776263,5.009939,4.617967,3.0729368,3.336938,2.9035528,2.7596736,2.4905715,2.3502712,3.0075173,2.7053812,2.3701816,2.683054,2.4872239,2.4506085,3.233652,2.7017763,2.7086153,2.7386997,2.9323032,2.341836,2.58516,2.585134,2.4073453,2.3923066,3.342784,2.3031414,2.860836,2.983728,2.9627004,4.2378783,2.9150393,2.706047,3.2336905,3.2205617,3.3467245,2.4500105,2.3128192,2.6410942,3.4310458,3.3719804,3.3637326,3.6631236,2.9194224,2.6651425,2.8031654,3.3394413,2.5914192,2.9648488,3.0927992,3.5817997
22,4.106027,4.254685,3.5293314,3.609961,3.6177793,3.6133995,3.8765008,3.560947,2.4210575,1.8009402,2.770867,2.849992,1.8848692,2.1789365,2.8216205,2.4372687,1.8572582,1.8142151,1.810629,2.324775,1.9923627,2.7243178,0.0,1.0033298,2.9596083,2.7806175,3.0579383,2.8041975,2.5498369,2.4485006,2.2562287,2.2909617,3.6795914,3.7539914,3.6410322,3.5970895,2.4545798,2.1942189,3.097519,2.1250827,3.2700605,2.6316576,3.4198847,3.4286287,2.96281,3.4990427,3.1376305,3.4313054,2.7117567,2.6757994,2.880446,3.3750231,2.9177597,3.0508006,3.005671,2.7724211,2.9853604,2.7643964,3.5605226,3.4402099,2.1948335,1.911321,2.6181324,1.8502934,2.3203595,2.7485073,3.072831,2.6989343,2.548732,2.4596882,2.8416536,2.917756,4.5007305,4.3638015,4.173349,4.0625243,4.188478,4.1663156,4.7606764,4.506653,2.332545,2.233264,2.5243225,2.383186,2.4933732,2.721593,2.6040366,2.4496489,2.2120268,3.307155,1.9094905,1.9107718,3.8995137,2.010136,3.1162322,3.1811259,2.3528929,1.8684617,2.2856545,1.8744992,1.9224892,2.2833576,2.606838,1.5380347,2.9603257,2.9803646,3.28741,4.420888,3.1804478,2.3841145,2.9141765,2.9272478,2.5833244,2.2634153,2.31388,2.0569937,2.3735375,2.3146274,2.3048453,2.1746452,2.2981513,1.8926518,2.5346487,3.7828753,2.4665518,2.5747795,2.687978,3.1915712
23,3.8809474,4.0313044,3.4710276,3.4872615,3.539104,3.532477,3.791274,3.5221074,2.0322616,1.6734766,2.6151078,2.7573442,1.7358966,2.250247,2.8698604,2.2923446,1.6317573,1.576711,1.5726562,2.1253178,2.0169234,2.3374643,1.0033298,0.0,2.87599,2.6149626,2.9825337,2.733407,2.6066904,2.3054774,2.2470891,2.2326465,3.5676858,3.767581,3.5292912,3.5257435,2.472095,2.2569368,3.184626,2.200823,3.2984362,2.5908828,3.1243289,3.0747766,2.8609664,3.3184242,3.0885582,3.3019416,2.5457008,2.527271,2.8784194,3.3587623,2.5630212,2.7406697,2.9673133,2.6211352,2.7161593,2.45126,3.5371196,3.176833,2.027387,1.8061742,2.6496952,1.8210014,2.31464,2.490891,3.0921605,2.6125863,2.5332193,2.363003,2.6368396,2.5986738,4.0729733,3.9769063,3.7346213,3.6472237,3.8890553,3.889762,4.5385714,4.0869374,2.5083854,2.5576339,2.5104303,2.4074056,2.716666,2.787339,2.9092965,2.7587767,2.2015305,2.9327757,2.1111567,2.103685,3.826629,1.8707532,2.9954903,3.055306,2.153555,1.668374,2.1880221,1.8578235,1.8029755,2.2115846,2.7857807,1.4873447,2.8578093,2.9355736,3.1966097,4.4243083,2.922759,2.3199184,2.900162,2.9222822,2.480031,2.2065504,1.8509389,1.7084982,2.6362464,2.617935,2.5550528,2.4062557,2.51884,2.0974433,2.316491,3.718734,2.1989756,2.526907,2.4164848,3.0224886
24,3.0717804,2.8932257,2.9398606,2.7567239,2.9656641,2.912185,3.2288644,3.0373368,2.510662,2.1210225,1.9322548,2.0366294,2.0119114,2.5867982,3.5154977,2.781829,2.0946672,2.119673,2.144675,2.5811455,2.4955246,2.47439,2.9596083,2.87599,0.0,1.4992015,1.4184401,1.3218976,2.3461769,2.810943,3.1076949,3.2451184,2.660289,2.9848223,2.5479968,2.555805,2.638377,2.4012215,3.173432,2.2880495,2.6226928,2.1749983,2.890617,2.921437,2.9848502,3.3764303,3.1473207,3.3416698,3.2156389,3.199322,2.53685,3.0962262,2.5587642,2.829283,3.6166992,2.9641883,2.774788,2.698718,3.1149328,2.9932113,2.243009,2.2499504,2.8720262,2.1825721,2.4357872,2.570347,2.2145479,2.5845435,2.8183365,2.6653283,3.0746603,2.9187677,3.8069158,3.707755,3.4044137,3.389603,4.264221,4.1998534,4.0446253,3.9882288,2.5430808,2.6858897,2.2095325,2.38856,2.3852253,2.422934,2.5896494,2.729767,2.2810183,2.8736675,2.0277014,2.079704,2.691904,2.6887329,2.1482837,2.1705773,2.6514351,2.2094414,2.698648,2.43322,2.3517308,2.3055975,2.9756913,2.1361136,2.2890234,2.141387,2.1527438,3.677896,2.7452524,2.057892,2.9773936,2.9584863,3.2958424,2.938095,2.421851,2.5979433,3.0372217,2.9321854,2.7921486,3.5427148,2.0603664,2.0712662,2.638315,2.7406104,2.8092878,2.9508822,3.2864594,3.1179988
25,2.8515198,2.8776698,2.5018206,2.2551844,2.535347,2.4837406,2.6946287,2.632489,1.9116269,1.7113326,1.4360079,1.8015941,1.8180625,2.3799999,3.4243083,2.6499245,1.6878525,1.8065317,1.6163552,1.8452029,2.2265089,2.4943273,2.7806175,2.6149626,1.4992015,0.0,0.7988547,0.6818737,2.2919111,2.7893,2.9240172,3.0421038,3.1669583,3.33906,3.1999023,3.2008607,2.2716215,1.9682059,2.9164214,1.9882063,2.4328737,2.066082,2.6338449,2.7278805,2.3579774,2.834178,2.6078439,2.8013515,2.9199834,2.8833632,2.4209313,2.9980404,2.1233819,2.422186,3.2824652,2.6979444,2.2543757,2.2781327,3.0220988,2.7212954,1.8717535,1.8946534,2.578174,1.8317835,2.1697493,2.1308525,2.0172377,2.2041347,2.2869554,2.034137,2.6142132,2.1550033,3.425824,3.3272672,2.941443,2.9272385,3.5562527,3.4876087,3.9226468,3.6343071,2.2426004,2.5070367,1.7082641,1.8661612,2.12931,2.0547204,2.2715194,2.4805114,2.2176917,2.166078,2.050585,2.0779505,2.646244,2.5420384,1.9545777,2.032126,2.1847355,1.9431351,2.584844,2.3800237,2.4050448,2.211927,3.0201275,2.0538464,1.9184986,1.9129691,1.728245,3.5007288,2.6282873,1.9070567,3.0511913,3.0433238,2.874889,2.5998383,1.7424899,2.31218,2.7294047,2.6232946,2.3900993,3.2819483,2.3514102,2.0383897,2.3355634,2.6036053,2.816264,3.0086393,2.9218237,2.7132921
26,2.667566,2.6339934,2.3105295,2.0590618,2.3111696,2.2496123,2.5598588,2.4444847,2.3831549,2.2146578,1.4943793,1.6869212,2.1050947,2.6246223,3.7085135,2.8847458,2.1174011,2.2617154,2.101281,2.4976435,2.581713,2.8870342,3.0579383,2.9825337,1.4184401,0.7988547,0.0,0.48416778,2.6215472,3.0595806,3.2566202,3.3369658,3.205102,3.3658633,3.2217548,3.2206993,2.6719544,2.353184,3.16366,2.3686574,2.5064666,2.4549499,2.8267896,2.9607372,2.710102,3.1307132,2.885609,3.107137,3.2529383,3.2262585,2.5791154,3.1233363,2.542036,2.8165836,3.6780787,3.1614544,2.635221,2.7023077,2.9245942,2.6067991,2.27686,2.2716053,2.821178,2.1574926,2.4562166,2.5814106,2.2322133,2.6524527,2.8040104,2.5688884,3.0656168,2.5919292,3.69524,3.567647,3.234075,3.2261055,3.7213793,3.63866,3.9141607,3.8701239,2.5204787,2.6980374,1.968376,2.2820938,2.2740266,2.2825494,2.3320327,2.7601922,2.446502,2.5664487,2.3362668,2.4060118,2.8077571,2.9306,2.3873305,2.460238,2.4988992,2.2999914,2.835051,2.6402106,2.6596851,2.5097697,3.244311,2.432051,2.0713007,2.0322402,1.9192245,3.5715373,2.8165338,2.116982,3.3381755,3.329792,3.096734,2.8855453,2.2230115,2.5870092,2.9949608,2.897525,2.6340249,3.601201,2.4594085,2.293245,2.7500293,2.7782023,3.0798395,3.2088735,3.2011173,2.7636764
27,2.8549922,2.8229718,2.5206342,2.313259,2.5543237,2.5087578,2.7912657,2.6590734,2.1042888,1.8607434,1.5775071,1.715925,1.8773493,2.4610949,3.4594393,2.6925347,1.8276963,1.9728938,1.8336878,2.2980227,2.3600347,2.685067,2.8041975,2.733407,1.3218976,0.6818737,0.48416778,0.0,2.4426043,2.88903,3.0738904,3.1508727,3.0780149,3.245153,3.0820034,3.075478,2.4704785,2.1577392,3.025879,2.1559136,2.508676,2.2583039,2.7394986,2.8487995,2.4242196,2.8909967,2.6341712,2.847785,3.018149,2.9945397,2.3151665,2.8953452,2.358944,2.6459918,3.4463005,2.829061,2.467037,2.4999301,3.107698,2.839894,2.0160856,1.9974159,2.6716294,1.9545021,2.2385128,2.4232593,2.0816638,2.473923,2.6041508,2.3721397,2.919716,2.4324,3.603733,3.4911666,3.126415,3.1385436,3.608643,3.5286894,4.0835047,3.7718027,2.3338394,2.517639,1.9379971,2.1254015,2.227447,2.2644782,2.3226364,2.582793,2.2333975,2.3953102,2.0892317,2.164092,2.835225,2.7545002,2.1817658,2.2631497,2.2203941,2.0145638,2.6211913,2.4231553,2.4477088,2.2201936,3.1134226,2.2034993,2.102374,1.9901065,1.9214139,3.543843,2.7776883,2.0391366,3.1373684,3.1316159,2.9681287,2.7434576,2.0374873,2.3910394,2.8128812,2.709254,2.5177624,3.42736,2.2502508,2.047114,2.5230994,2.631545,2.8939967,3.020831,3.0453405,2.7376559
28,3.6529834,3.637736,3.2984471,3.1694345,3.4610078,3.3947167,3.5159612,3.3954394,2.5219688,2.0618958,3.1886747,3.2078972,1.9710013,2.4527543,3.180773,2.8324487,1.9464557,1.9983902,1.9324132,2.089806,2.1529024,2.5473423,2.5498369,2.6066904,2.3461769,2.2919111,2.6215472,2.4426043,0.0,1.343561,1.492608,1.6608635,3.401359,3.5679147,3.4214172,3.3738716,2.2762146,2.1098862,3.09204,2.002369,3.4705484,2.3194287,3.0844328,3.1147966,3.1620786,3.562444,3.26489,3.5482597,3.43867,3.414706,2.9618394,3.716416,2.7330437,2.9569058,3.3062716,2.8644257,2.9275358,2.8563292,3.709573,3.5572906,2.3681207,2.3078036,2.9752865,2.274101,2.573448,2.7261052,2.5801775,2.427738,2.6803865,2.5837655,3.6435142,2.829439,4.3110685,4.1478796,3.9239886,3.778186,4.51634,4.4580293,4.706721,4.511254,2.482206,2.5265784,2.3654146,2.1376657,2.405682,2.5805702,2.55158,2.3134515,2.364871,3.0639193,1.9971108,2.0300171,3.254197,2.6331728,2.6588953,2.6786795,2.845032,2.3816,2.663397,2.3890297,2.5129957,2.5224504,2.9731658,1.9438955,2.686885,2.6856508,2.6282678,4.0331173,3.0020723,2.4000964,1.8139368,1.7748734,3.2443688,2.814597,2.5167143,2.7824032,2.783595,2.689163,2.566595,3.0541773,2.363767,1.9995763,2.7909548,3.530052,3.0521793,3.253222,3.3129148,3.9155993
29,3.3785229,3.4437022,3.253068,3.141471,3.4731543,3.416339,3.5356274,3.408841,2.5623517,2.4082797,3.4697108,3.237103,2.0443702,2.8989027,3.3354044,2.8969421,2.2254982,2.418,2.2403123,2.6373143,2.3764856,2.5549972,2.4485006,2.3054774,2.810943,2.7893,3.0595806,2.88903,1.343561,0.0,0.9709007,0.81811666,3.4971776,3.707341,3.5042865,3.4909923,2.4676394,2.4893665,3.3356895,2.326259,3.755006,2.8228886,2.9968796,2.961321,3.2996433,3.5429733,3.2488403,3.5317707,3.2161722,3.224513,2.9965146,3.5622408,2.7274976,2.913949,3.4269018,2.9727008,3.0212698,2.790521,3.9034798,3.5340576,2.59345,2.5749164,3.1358438,2.4785736,2.526744,2.6979008,2.8586094,2.556617,3.005498,2.7922306,3.639694,2.7213354,4.24785,4.10765,3.938879,3.8216667,4.373318,4.3457985,4.8494363,4.364136,2.7676795,2.760862,2.6376085,2.4643495,2.7949104,2.9329655,3.0648668,2.8943555,2.3262079,3.148595,2.2697527,2.3360002,3.5864863,2.5484505,3.201214,3.222147,2.773765,2.337245,2.4894948,2.463092,2.4335654,2.4521813,3.1505573,2.1828976,2.891098,2.9133968,3.0143313,4.2752166,3.1485138,2.52807,1.8437817,1.8261584,3.226553,2.955897,2.5214942,2.623151,2.7917306,2.7752864,2.6898909,2.7812164,2.6523268,2.3405366,2.6711643,3.8864841,2.8496873,3.0642345,3.0739362,3.8273108
30,3.7975998,3.9255466,3.6328843,3.5445545,3.8191001,3.7684727,3.8821025,3.749412,2.8097873,2.3752098,3.4850464,3.4042413,2.3184054,3.1381965,3.4271636,2.9998333,2.4035227,2.4061918,2.3607357,2.5223558,2.574629,2.8021288,2.2562287,2.2470891,3.1076949,2.9240172,3.2566202,3.0738904,1.492608,0.9709007,0.0,0.49567148,3.8513384,3.967592,3.798944,3.7817457,2.3906953,2.4731624,3.4044116,2.364186,3.8489177,2.932352,3.598353,3.5760367,3.4991112,3.7388597,3.4612296,3.7368379,3.161326,3.1610887,3.2020447,3.918251,2.8957205,3.0583024,3.5516415,3.0798852,3.2935293,2.9191346,3.9696617,3.81551,2.63168,2.645754,3.2252169,2.5991268,2.7940066,2.9678655,2.9647639,2.5719724,2.8067918,2.7306523,3.6252081,2.9682968,4.5046153,4.3659425,4.227481,4.1077924,4.4204116,4.399106,4.918241,4.6003513,2.799344,2.7815664,2.653479,2.453363,2.8330698,2.9847891,3.1316276,2.9978392,2.765622,3.472279,2.4026763,2.4567542,3.6441858,2.5703015,3.3530333,3.3894854,2.912119,2.5750542,2.48278,2.5812032,2.6628795,2.4591963,3.1524487,2.1598747,3.1237552,3.1595829,3.3087957,4.522566,3.2354727,2.6715279,1.9961574,1.9910281,3.3808804,3.1571667,2.784612,2.8968136,2.823801,2.7525678,2.6179037,2.615123,2.6813042,2.3607264,2.5801287,3.901862,3.2400622,3.4136245,3.3198674,4.056786
