,0,1,2,3,4,5,6,7,8,9,10,11,12,13,14,15,16,17,18,19,20,21,22,23,24,25,26,27,28,29,30,31,32,33,34,35,36,37,38,39,40,41,42,43,44,45,46,47,48,49,50,51,52,53,54,55,56,57,58,59,60,61,62,63,64,65,66,67,68,69,70,71,72,73,74,75,76,77,78,79,80,81,82,83,84,85,86,87,88,89,90,91,92,93,94,95,96,97,98,99,100,101,102,103,104,105,106,107,108,109,110,111,112,113,114,115,116,117,118,119,120,121,122,123,124,125,126,127
0,0.0,0.137231,1.5316722,1.5626018,2.0244477,2.7430665,2.2118318,1.6602769,1.8519782,1.9174021,1.6001277,1.6668017,2.1374557,1.9427569,2.426087,2.6441612,1.981282,2.3440492,2.3015099,2.1960886,2.3057225,2.6591043,2.6679316,3.0265558,1.8105594,1.7954996,1.9607825,1.898137,2.6355176,2.6892,2.7506425,2.731409,2.4554608,2.5882807,2.8156664,2.3468416,2.5811195,2.0818717,2.7581754,3.1261902,2.6134813,2.7407603,2.191412,2.2151973,2.2380602,2.3302093,2.3168206,2.213369,3.1502461,3.693471,3.1797056,2.7791693,2.921158,2.9583404,3.066129,2.6967463,2.51694,2.2593145,2.705557,2.72924,2.6812322,2.8535774,2.2804894,2.2657592,2.412788,2.8292491,3.106464,2.7764845,2.7334442,2.8562064,2.9529781,2.9574046,2.8861868,2.872671,2.83189,3.0122485,2.5919273,3.2801883,2.7038352,2.9899616,2.11566,2.5519016,2.7660177,2.715927,1.6336048,2.443868,2.2142084,2.2333875,2.189366,2.4662755,2.2833412,1.5544802,2.570928,2.7841907,2.062477,2.376583,2.459313,2.687365,2.2739828,2.3359895,2.172697,1.9494065,1.6560415,1.879547,1.9986287,2.0376048,2.2530303,2.081742,2.6966884,2.6594274,2.6931717,2.8292513,2.4481022,1.6911937,2.3953474,2.2750611,2.0631762,2.2583687,2.2943585,2.5655484,2.1621697,1.4796509,1.7088811,1.0938944,2.455338,2.4368923,1.5211586,1.3216689
1,0.137231,0.0,1.5311558,1.550819,2.0040488,2.7067945,2.177328,1.6364423,1.8516032,1.9234982,1.5892488,1.6632872,2.0800414,1.8792598,2.3856997,2.5627232,1.8991022,2.2893722,2.2326477,2.120361,2.2815685,2.643724,2.5928986,2.9550533,1.7678664,1.7429062,1.8855913,1.8588048,2.5962198,2.6501417,2.7080076,2.6851885,2.4772344,2.6032233,2.8396864,2.311211,2.5383499,2.031774,2.737891,3.1030886,2.617243,2.692631,2.2052093,2.2130356,2.2229917,2.323771,2.2766316,2.1419122,3.1159282,3.644657,3.1394439,2.7336042,2.884879,2.9037244,3.0239196,2.6860492,2.4682038,2.2216303,2.6584537,2.688465,2.6716483,2.8350368,2.2377985,2.244859,2.3854163,2.8059058,3.060051,2.7556288,2.695227,2.828474,2.9034069,2.9230394,2.8609385,2.8525667,2.8025305,2.97641,2.5799537,3.2066886,2.6707318,2.9398878,2.1042926,2.5165246,2.7432618,2.6848972,1.6236582,2.4276423,2.208933,2.226749,2.1881678,2.4518921,2.2897198,1.557631,2.5366747,2.736158,2.0317717,2.3648384,2.384788,2.6011007,2.202378,2.2667272,2.0971398,1.8796501,1.5666033,1.8020884,1.8829271,1.9281309,2.1978748,2.0132532,2.661537,2.6249726,2.6456058,2.7796025,2.4296722,1.6902868,2.3449144,2.2399514,2.056877,2.224137,2.231893,2.5120437,2.1293101,1.4335103,1.6763209,1.0336595,2.4000194,2.3806658,1.4668881,1.3014936
2,1.5316722,1.5311558,0.0,0.28357267,1.8422672,2.6008956,2.1120217,2.0115383,1.0073059,1.2093774,1.1578449,1.247195,1.3635516,1.3459293,1.8026367,2.0563822,2.1523662,1.7891756,2.3712592,2.2953737,2.0392122,2.5280502,2.4036987,2.5855923,1.8127471,1.6598101,1.6870519,1.8299872,1.6713403,1.7602457,1.8725787,1.8325795,2.006621,2.322882,2.4378166,1.7921442,1.8542539,2.454675,3.101804,3.4698644,2.1437953,2.1594725,1.5323288,1.6133766,1.855482,1.8979776,1.6788039,2.0414596,2.6846578,3.3665543,2.7403963,2.2105632,2.353893,2.4152377,2.5616622,2.0912366,1.8593005,1.5033374,2.1507552,2.1089554,2.1063838,2.325124,1.4612765,1.5958428,1.4767818,2.0757825,2.5889006,2.1349242,1.9545044,2.217258,2.1918957,2.3403668,2.201868,2.1698458,2.1011662,2.3934488,1.7229823,2.544705,2.4291904,2.2728028,1.5115439,1.7921357,2.016393,2.0323925,1.1153806,2.0586934,1.1062983,1.1611882,1.0982785,1.6461078,1.4092993,1.3763952,1.6476837,2.01847,1.5344809,1.465999,1.8848559,2.14262,1.6917564,1.7096659,1.9839364,1.8098035,2.1528962,1.7489916,2.3986213,2.4305322,1.8403112,1.628669,1.7556937,1.7299407,1.7091814,1.9533033,1.9781038,1.6303334,1.921806,1.7086382,1.347854,1.6214572,1.6950971,2.081663,1.7614868,0.79927427,0.8138668,1.514602,2.0361934,2.02371,0.9669424,0.754714
3,1.5626018,1.550819,0.28357267,0.0,1.7722691,2.5392237,2.035179,1.9375563,1.0286047,1.2701672,1.1928092,1.2592423,1.273301,1.2525873,1.6721464,1.9173652,2.0555491,1.6428938,2.2919245,2.1935847,1.9243134,2.4159272,2.330851,2.4736094,1.758373,1.5863628,1.578534,1.7483315,1.5643666,1.651985,1.7854415,1.7140145,2.0835273,2.3684313,2.4247513,1.6941705,1.809562,2.4632113,3.092137,3.4653127,2.10519,2.1122139,1.5536835,1.6641365,1.7968127,1.8359807,1.6994823,2.0158894,2.6702921,3.339728,2.683405,2.1691177,2.3690736,2.3649971,2.545655,2.0442965,1.7290387,1.4733775,2.09553,2.039612,2.0977101,2.3206728,1.4182612,1.5402362,1.4245999,2.0399609,2.496554,2.0532298,1.8423086,2.1682792,2.117764,2.28004,2.1493688,2.1351836,2.0440598,2.3253682,1.6535282,2.4864478,2.3638988,2.2020853,1.412118,1.6971644,1.8767428,1.9209249,1.0331514,2.032893,1.0768028,1.0829751,1.0263656,1.5477931,1.3539072,1.2921128,1.5516216,1.9059374,1.3840446,1.3032459,1.7832296,2.0221455,1.6263667,1.6326072,1.88241,1.7521961,2.0786483,1.657824,2.3651326,2.3707194,1.7587938,1.5853465,1.7024549,1.6741971,1.6126584,1.8515121,1.8961489,1.6169585,1.8506541,1.6632199,1.3210357,1.5887818,1.6199505,2.0360878,1.6552457,0.659628,0.6387137,1.4119145,1.9658662,1.9551513,0.87839895,0.6783694
4,2.0244477,2.0040488,1.8422672,1.7722691,0.0,1.7058858,0.9534192,1.4555224,1.9462351,1.8692076,1.9981979,1.7565826,2.2069805,2.1211922,2.4433084,2.2586038,1.9822892,1.9293598,2.0728974,2.0039806,2.192984,2.4881475,2.5138395,2.517315,2.0810297,1.8855437,2.0085218,2.1530879,2.2348652,2.2798698,2.2790613,2.2759151,2.7844088,2.8257854,2.7933896,2.2152073,2.0135832,2.1375167,2.8574128,3.0832467,2.4654498,2.2055779,2.0853727,2.1678767,1.1678764,1.2265528,2.0565827,2.10118,3.0005312,3.3307238,2.914429,2.608893,3.0194094,2.7437196,2.7821662,2.6189854,2.2734072,2.2481475,2.3251882,2.7250643,2.5138042,2.5891232,2.201731,2.3015735,1.5513458,2.4600174,2.1231964,1.8771188,1.6753806,1.9447836,1.6184443,2.0471017,1.9220666,2.2688344,1.8837688,2.0663261,1.6342545,2.537168,2.235653,1.9046382,1.8430246,1.7238814,2.442138,2.219329,1.858493,2.1954901,2.0771856,1.8741077,1.9820693,2.2515316,1.9436945,1.6781468,2.105219,2.0857072,1.7445966,2.0985646,2.170211,2.1756842,2.0228212,1.9097236,1.8319384,1.745964,1.9643382,1.6444006,2.443695,2.4889977,1.9762397,1.8314847,2.3810146,2.2739868,2.4017706,2.294796,2.2861044,2.0025582,2.1786442,2.204917,2.1157994,2.1069536,2.1337032,2.510827,2.2715044,1.8235449,1.6309097,1.6615283,1.8707452,1.8720064,1.7583078,1.5854594
5,2.7430665,2.7067945,2.6008956,2.5392237,1.7058858,0.0,1.4535455,1.6795796,2.589871,2.6375837,2.4113827,2.450825,2.6677818,2.5972328,3.0014455,2.8243804,2.1931818,2.2732677,2.3390243,2.3082213,2.7584832,2.9964867,2.4606156,1.9677061,2.1292462,1.9576979,2.1087482,2.2481935,2.1446822,2.1515043,2.0894756,2.186225,2.8890529,2.7804465,3.291051,2.480502,2.0779712,2.122134,2.3651848,2.6172166,2.571339,2.3490999,2.533109,2.4934697,1.6593443,1.7845803,1.9045355,1.8190216,2.7694244,3.0745995,2.4253483,2.5034027,3.038259,3.0473347,2.65257,2.9490397,2.6038425,2.7618551,2.25538,2.6081986,2.4142027,2.5438433,2.2464745,2.4636633,2.1460092,2.6545339,2.4993563,2.0441883,2.0762172,2.0825553,1.8796952,2.1092215,2.0182908,2.5693393,2.107409,2.2065792,2.0166852,2.5212429,2.007513,1.8791358,2.7899516,2.683256,2.9374893,2.7298381,2.8096726,1.9710871,2.75455,2.6228976,2.6896386,2.8509312,2.8439686,2.6395867,2.5570202,2.667299,2.4503503,2.7252395,2.3902652,2.2421665,2.2341206,2.099063,2.0323348,1.8762649,2.1304955,1.857285,2.7294471,2.6206796,2.3973937,2.0738783,2.692319,2.5937479,2.649002,2.4934194,2.4784184,2.5658772,2.5780752,2.5080369,2.7648602,2.5983536,2.7234194,2.764613,2.509376,2.3899095,2.2919364,2.5178983,2.5311584,2.5768213,2.4080136,2.3957343
6,2.2118318,2.177328,2.1120217,2.035179,0.9534192,1.4535455,0.0,1.35937,2.0102766,1.8679281,1.928478,1.6869899,2.1645086,2.075632,2.4050455,2.1380334,1.7283989,1.9818921,1.9013422,1.804824,2.4107194,2.646641,2.3936346,2.466839,1.8455162,1.6452042,1.9738387,2.0510457,2.0986784,2.106705,2.0550063,2.082583,2.6536672,2.6297169,3.1686106,2.3739347,1.8287311,1.786282,2.8326101,2.9177854,2.4242449,1.9300951,2.3775878,2.413192,1.2983425,1.4383583,1.8259484,1.7343742,2.5958326,2.7459843,2.6663668,2.334073,2.9118352,2.4864256,2.2613685,2.605259,2.0370784,2.1397946,1.878402,2.5392535,2.1679978,2.181846,2.048938,2.4374275,1.8113704,2.376839,1.8865427,1.6882479,1.7840382,1.6208879,1.4080738,1.6699017,1.5682952,2.2471774,1.5895985,1.8075242,1.7238945,2.223224,1.7564718,1.6128283,2.1473594,1.9112419,2.5327508,2.0957851,2.210619,2.4711485,2.1805387,2.0310426,2.1501284,2.2672467,2.237494,1.9093062,2.1143765,2.0347145,1.8028426,2.313128,2.1765084,2.0504892,2.0149283,1.8895926,1.8929528,1.6012119,1.8373075,1.5545307,2.5143313,2.3622563,2.1229122,1.8483229,2.6094756,2.489824,2.574196,2.5193362,2.1157973,2.0714073,2.1293452,1.9447685,2.2920845,2.0419748,2.136966,2.2179558,2.1142755,1.990896,1.8459634,1.8026054,1.6265168,1.6859223,1.9798361,1.8471327
7,1.6602769,1.6364423,2.0115383,1.9375563,1.4555224,1.6795796,1.35937,0.0,1.9700302,2.0821793,1.7359104,1.8033742,2.1078753,1.9647518,2.3341138,2.4867454,1.9020158,2.1536956,2.285559,2.1628807,2.1763203,2.4750621,2.1739693,2.5467024,1.5662335,1.4497797,1.87781,1.9335314,2.185234,2.2216704,2.223666,2.2299807,2.502535,2.3951406,2.9674363,2.160168,2.2924144,1.927267,2.449233,2.8728929,2.2404306,2.4205673,2.058023,2.1360037,1.557796,1.6894467,1.9756151,1.9934963,2.950559,3.4711747,2.7133646,2.484624,2.7221234,2.951402,2.8703597,2.5739663,2.2056863,2.4465344,2.4754639,2.492774,2.4209208,2.6381657,2.1159284,2.2852442,2.1332467,2.7701976,2.669319,2.2259576,2.1094136,2.3030193,2.2768042,2.3531878,2.34883,2.6490524,2.3931549,2.578656,1.839453,2.7968204,2.1863158,2.3230994,2.167233,2.38723,2.4820356,2.4700437,2.043797,2.1715398,2.2096734,2.0878296,2.181451,2.4251955,2.2562053,1.6863188,2.391373,2.5461469,1.8768885,2.1625834,2.227055,2.3303294,2.1098473,2.0209599,1.7849773,1.6033115,1.4781947,1.484756,2.264166,2.1085436,2.0640194,1.9261672,2.4534197,2.3657942,2.5072074,2.3410099,1.8957517,1.3528389,2.2200384,2.0571396,2.1702967,2.2971985,2.4139419,2.2112668,1.8478882,1.708419,1.601982,1.5523112,2.362748,2.3949149,1.6760974,1.4731926
8,1.8519782,1.8516032,1.0073059,1.0286047,1.9462351,2.589871,2.0102766,1.9700302,0.0,0.7776807,0.7677698,1.1354383,1.2921145,1.2751338,1.8738315,2.156463,2.3192341,1.8584372,2.4467304,2.341894,2.2395453,2.6903155,2.2549782,2.6391487,1.7877749,1.5996556,1.6610596,1.8158761,1.544866,1.5750316,1.5940261,1.605647,2.0908833,2.3518474,2.444721,1.6982504,1.801124,2.3927288,3.3376768,3.6667962,2.11707,1.9944191,1.6588632,1.5244747,2.0726423,2.096844,1.496503,2.014493,2.553686,3.258834,2.8295894,2.0856357,2.448743,2.493955,2.4334555,2.2048442,1.4213158,1.7520789,2.120378,2.0496657,2.039758,2.2400885,1.417066,2.0865104,1.7826598,2.3657172,2.679088,1.8850825,1.8475056,2.0764236,2.076425,2.197374,1.9678047,2.1295187,2.0068667,2.1136932,1.49595,2.4761446,2.3136203,2.0136335,1.5273757,1.6293645,1.5868868,1.5392611,1.5728598,2.533391,0.9049937,0.9166084,0.92384154,1.4849236,1.3108932,1.4355445,1.3957952,1.8555089,1.4538429,1.4309863,1.7971954,2.165231,1.6490637,1.606214,1.8922901,1.6713476,2.1062667,1.6464387,2.8196294,2.4981914,1.9016804,1.5458199,1.8203213,1.7423055,1.7947079,1.8873101,1.2541703,1.4629242,1.6961888,1.1302744,1.7302959,1.8068058,1.760309,1.9062525,1.2769637,1.2087368,1.1418108,1.8583072,2.2177942,2.254466,1.2505373,1.2276404
9,1.9174021,1.9234982,1.2093774,1.2701672,1.8692076,2.6375837,1.8679281,2.0821793,0.7776807,0.0,1.0709002,0.73858505,1.6029555,1.5749718,1.9456508,2.0175216,2.1075523,1.8149493,2.1816347,2.1045175,2.0874965,2.5099683,2.3715985,2.7582848,1.9630432,1.7760065,1.8837649,2.0193965,1.7642548,1.7736082,1.7264638,1.7774302,2.1289253,2.3782847,2.652916,1.9515636,1.7493441,2.2991672,3.2797782,3.4916697,2.279153,1.8960845,1.7333965,1.8027884,2.0866106,2.151773,1.6843268,2.022517,2.5399313,3.051704,2.8159573,2.173852,2.6273222,2.4692223,2.282679,2.1541266,1.6124101,1.8628448,2.0064266,2.2604804,2.0881636,2.2075799,1.6056287,2.3742623,1.9425634,2.4436607,2.447515,1.8962848,1.9997516,1.9306303,2.0154696,2.0625236,2.059902,2.1095622,2.0719388,2.2326148,1.7013143,2.5768836,2.4246466,2.155855,1.5057986,1.6604861,1.8706561,1.4871318,1.722361,2.6381252,1.0121084,1.1164205,1.0513358,1.451754,1.1477101,1.347713,1.5962417,1.8873786,1.5014743,1.7222824,1.917464,2.1826613,1.7472094,1.7065171,2.02697,1.7409433,2.1786659,1.7517823,2.8839073,2.5316389,1.8599471,1.5895935,1.926497,1.8321489,2.0602908,2.2148943,1.5862759,1.5738459,1.7703372,1.2230333,1.9345233,1.923319,1.7853891,1.9479429,1.622344,1.6264256,1.4062729,1.9427086,1.9146324,1.9770677,1.6651833,1.3933166
10,1.6001277,1.5892488,1.1578449,1.1928092,1.9981979,2.4113827,1.928478,1.7359104,0.7677698,1.0709002,0.0,0.95341194,1.27432,1.1864523,1.9155153,2.1398122,2.1392748,2.002564,2.316316,2.2847722,2.3270042,2.773695,2.2681859,2.6793609,1.5142962,1.3494211,1.5757577,1.742423,1.5685501,1.6028168,1.6390808,1.7120607,2.0897005,2.3454864,2.7779815,1.9710042,2.0155935,2.258849,3.1486561,3.4919636,2.3384104,2.198972,1.8251541,1.7062478,2.0871294,2.1438165,1.4925635,1.8770986,2.5405614,3.2307222,2.9015143,2.2270236,2.53991,2.666878,2.4534874,2.4473248,1.718133,1.7566249,2.0921333,2.1736238,2.0672164,2.3287394,1.4711152,2.0305078,2.0621636,2.5234835,2.8010032,2.1346788,2.1391203,2.2825499,2.2400277,2.3808696,2.1792095,2.3738627,2.2136233,2.3870718,1.8375778,2.5256903,2.1776881,2.219331,1.7939903,2.1027727,2.0349925,1.9587686,1.815972,2.6005883,1.4515455,1.4839215,1.418185,1.8447092,1.7276989,1.6306845,1.7318947,2.2205167,1.728737,1.8022656,1.9758835,2.2328827,1.790367,1.7321318,1.952603,1.659404,1.9255196,1.6308604,2.5940807,2.2678523,2.038717,1.6130235,2.1177232,2.040016,2.0738304,2.1513062,1.4959755,1.5584263,1.7693919,1.4043466,1.8279368,1.8835411,1.9345654,2.0061367,1.4532579,1.2172488,1.2361543,1.8244045,2.2684019,2.3061583,1.2765005,1.227533
11,1.6668017,1.6632872,1.247195,1.2592423,1.7565826,2.450825,1.6869899,1.8033742,1.1354383,0.73858505,0.95341194,0.0,1.5933027,1.5166595,1.8578959,1.8295897,1.8005574,1.7548823,1.9013426,1.9078045,1.9100107,2.3571105,2.3355267,2.7159703,1.7974075,1.6119637,1.7841045,1.9552431,1.744033,1.7654046,1.7632685,1.8298488,2.151976,2.3302119,2.9172623,2.0977602,1.92384,2.2746706,3.1385832,3.3668497,2.454391,2.1116395,1.84267,2.0351148,1.9541484,2.0656002,1.8039582,1.9651533,2.5795758,3.0538,2.8078256,2.2807214,2.683837,2.5465093,2.3335142,2.2241046,1.8489225,1.8858918,2.0309684,2.3318136,2.2082095,2.3912,1.7221823,2.2653782,2.0615983,2.5140378,2.4201024,2.0353487,2.1734686,2.0268917,2.1046245,2.1350765,2.2540774,2.3341837,2.2283385,2.467314,1.901899,2.6405158,2.3131013,2.3329315,1.4909208,1.9273441,2.1061776,1.774054,1.7676306,2.5970645,1.3918436,1.4478874,1.3171748,1.6545818,1.3688956,1.3358722,1.7628556,2.075295,1.5295767,1.8206059,2.0405579,2.1620824,1.8561804,1.8123357,1.9936332,1.7172579,2.0144846,1.706231,2.6552815,2.3469203,1.9125812,1.6607791,2.0777729,1.9801168,2.1787865,2.3413987,1.8146346,1.5909816,1.9034716,1.5467986,1.8211235,1.85405,1.939173,2.0084174,1.7682433,1.5378821,1.3000723,1.7690831,1.805129,1.8678323,1.6153389,1.2314125
12,2.1374557,2.0800414,1.3635516,1.273301,2.2069805,2.6677818,2.1645086,2.1078753,1.2921145,1.6029555,1.27432,1.5933027,0.0,0.25946745,1.3863832,1.5525202,1.9815667,1.7093211,2.3415236,2.228235,2.220185,2.7267256,2.1544907,2.3627305,1.5484561,1.3556708,1.2950832,1.6990001,1.1586127,1.2222064,1.3314874,1.2204013,2.3008552,2.623121,3.11232,1.765557,1.8583351,2.4845161,3.2793033,3.6555512,2.2685654,2.0340621,1.7784472,1.6574259,2.157705,2.1800363,1.7096335,2.0474563,2.770151,3.4185543,2.8249679,2.1834044,2.6162546,2.5738196,2.630876,2.414897,1.2781037,1.7636192,2.1335292,2.0475183,2.2028847,2.311719,1.264892,1.9807308,2.003754,2.434887,2.7802007,2.4463265,1.797148,2.3927715,1.9810373,2.448605,2.163246,2.1847389,2.16674,2.3321128,1.6840569,1.8386958,2.313259,2.0617828,1.8337193,1.9525623,1.774479,1.8645726,1.784468,2.6131265,1.3449295,1.345462,1.3465629,1.7943833,1.898584,1.6915241,1.5337567,1.9594623,1.6195666,1.5433093,1.6908276,1.9057235,1.5320996,1.5096297,1.8567493,1.8102311,2.0811508,1.6318524,2.357552,2.0241857,1.7920406,1.5382401,1.8707384,1.8411965,1.7036372,1.7839482,1.5315554,1.8988605,1.7760473,1.3577597,1.7838255,1.8497189,1.7243266,1.9658313,1.2342569,1.1550801,1.0675488,1.7937492,2.2558482,2.2870378,1.2522974,1.3397381
13,1.9427569,1.8792598,1.3459293,1.2525873,2.1211922,2.5972328,2.075632,1.9647518,1.2751338,1.5749718,1.1864523,1.5166595,0.25946745,0.0,1.4330544,1.5593776,1.827687,1.6539418,2.1916995,2.0785122,2.1402717,2.663939,2.0884225,2.324899,1.4200653,1.2318066,1.1568207,1.5611925,1.2641306,1.3177694,1.4093934,1.3096611,2.3000627,2.603488,3.0571585,1.7135643,1.870198,2.334587,3.157312,3.5339625,2.2853851,2.0509183,1.7719424,1.6401572,2.113263,2.1460302,1.701468,1.9560531,2.7467406,3.3835309,2.817574,2.184842,2.632803,2.577444,2.6217542,2.422927,1.2959093,1.7615145,2.114191,2.060879,2.1966155,2.3066778,1.27778,1.9778118,2.0442016,2.4704483,2.7883468,2.449749,1.8404408,2.4107032,2.0248823,2.4665892,2.194392,2.213824,2.1999,2.334452,1.7503847,1.9283265,2.2750137,2.1023912,1.785142,1.9509684,1.7915967,1.8570712,1.7440934,2.5767953,1.4156724,1.4094927,1.4033253,1.8386544,1.9062667,1.5882082,1.6011112,1.9986634,1.5881237,1.6025025,1.6635578,1.8892759,1.5073577,1.4885957,1.7681886,1.7042483,1.8922045,1.5123577,2.2081335,1.85039,1.7371619,1.4702595,1.9327791,1.8988763,1.7779552,1.8482974,1.5116268,1.8088472,1.7226995,1.3364561,1.8009754,1.8599279,1.6936685,1.9602227,1.1785933,1.0855975,1.0492978,1.6242782,2.2199967,2.2500849,1.1646279,1.2615277
14,2.426087,2.3856997,1.8026367,1.6721464,2.4433084,3.0014455,2.4050455,2.3341138,1.8738315,1.9456508,1.9155153,1.8578959,1.3863832,1.4330544,0.0,1.7038887,2.0758774,1.8122526,2.7451024,2.334188,2.0808895,1.9108806,2.5174463,2.712466,2.0026598,1.8526394,1.810932,2.0460289,1.6862165,1.7329301,1.8380145,1.7449421,2.5682502,2.7786593,3.3955004,2.1039603,2.4946773,3.1072934,3.5212219,3.8789196,1.9211402,1.8950162,2.3348498,2.4924421,2.5290987,2.579241,2.3672712,2.5682747,2.9852757,3.567478,2.938979,2.4613497,2.807486,2.7650464,2.8187017,2.3574877,1.8439708,2.143268,2.4612648,2.3324873,2.551995,2.6232567,1.8074365,2.2523975,2.3163114,2.668693,2.5047855,2.7360306,2.2151654,2.5353947,2.488339,2.5672312,2.5557618,2.5637147,2.5200307,2.7324364,2.0628698,2.4034863,2.6963172,2.577033,1.895194,2.1926947,2.013057,2.0705185,1.5238743,2.7765641,1.6353878,1.6337869,1.7421362,1.2924017,2.02827,1.729905,2.0029144,2.2994714,1.8505677,1.7685826,2.2017453,2.3318667,2.0783849,2.1098537,2.3226213,2.2557645,2.4832015,2.1276815,2.7037005,2.3604603,2.1867225,2.171099,2.2175586,2.1817205,2.202227,2.2869086,2.0310743,2.0975766,2.1948235,1.979651,2.077243,2.2799122,2.1275518,2.3415546,1.8279011,1.70531,1.4275044,2.003639,2.3696742,2.4026506,1.7839911,1.6011784
15,2.6441612,2.5627232,2.0563822,1.9173652,2.2586038,2.8243804,2.1380334,2.4867454,2.156463,2.0175216,2.1398122,1.8295897,1.5525202,1.5593776,1.7038887,0.0,1.7733208,1.7728907,2.104281,1.9644516,2.206253,2.6015308,2.4588711,2.5473943,2.4299614,2.159862,1.9140615,2.5341656,1.8108574,1.8489013,1.8718562,1.7700527,2.8576653,3.0534785,3.5933027,2.4294496,2.0179698,2.6846087,3.4580657,3.644281,2.9998457,2.0641963,2.5284798,2.6636405,2.5564063,2.6730797,2.400604,2.2688706,2.8747625,3.1099007,2.856915,2.4521108,3.0068324,2.468182,2.5398493,2.5558956,1.7655143,2.028889,2.027953,2.4277496,2.8483021,2.8606143,1.8850983,2.7957387,2.2623818,2.8871636,2.2988174,2.4807186,2.1195195,2.324671,1.962555,2.3236468,2.6158776,2.6313403,2.529431,2.742783,2.2759027,2.124817,2.8673434,2.287917,2.086648,2.0554993,2.3314078,2.041696,2.1577682,2.9240348,1.9230254,1.9551078,1.950979,2.0013356,2.0013247,1.9865897,2.0211558,1.9904621,1.8761703,2.1228938,1.532203,1.360887,1.521687,1.4856321,1.8913695,1.8165611,2.099671,1.6651859,2.2756944,1.9710842,1.6839573,1.5886945,1.9570807,1.9100443,1.8663229,2.0385711,2.334274,2.4744494,2.1884665,1.9774817,2.2975636,2.1327076,1.9096373,2.203249,2.0785599,1.9543601,1.7249937,2.1040964,1.8042101,1.8514056,2.0610452,1.9428909
16,1.981282,1.8991022,2.1523662,2.0555491,1.9822892,2.1931818,1.7283989,1.9020158,2.3192341,2.1075523,2.1392748,1.8005574,1.9815667,1.827687,2.0758774,1.7733208,0.0,1.4025337,1.08565,0.74001586,1.8005915,2.0990005,2.0475261,1.9343082,1.6483922,1.5189732,1.4177318,1.5890796,2.0903172,2.083027,2.0329099,1.9975588,2.7396162,2.7653658,3.404752,2.0800776,1.9317299,1.820613,2.4364226,2.5735972,2.4949307,1.9670858,2.3678308,2.500702,2.0452182,2.221599,2.1296802,1.6083784,2.7356641,2.8739524,2.4193273,2.3109233,2.9736185,2.5517392,2.4302518,2.4846475,2.04335,2.385397,2.0259054,2.4261067,2.3937275,2.3392308,1.9625717,2.4088094,2.4410112,2.558206,2.2973852,2.5282297,2.2955208,2.2814152,2.178768,2.293411,2.449443,2.410658,2.401895,2.484617,2.421111,2.3888814,2.262928,2.434313,2.1476398,2.3232374,2.5563493,2.149638,2.1736004,2.3318925,2.2922983,2.294322,2.264107,2.2353842,2.4269855,1.8070642,2.310988,2.2989352,1.853106,2.4369073,2.011842,1.8763734,1.8563238,1.8935477,1.8054159,1.705879,1.5824897,1.5680081,1.8895144,1.5277317,1.8191726,1.7308413,2.517817,2.4620206,2.5323312,2.671455,2.3687584,2.1911428,2.1305573,1.9842111,2.483393,2.3132894,1.9984916,2.2773068,2.0596247,1.9752121,1.8744149,1.5625724,1.7650617,1.8262216,2.0237734,1.8622828
17,2.3440492,2.2893722,1.7891756,1.6428938,1.9293598,2.2732677,1.9818921,2.1536956,1.8584372,1.8149493,2.002564,1.7548823,1.7093211,1.6539418,1.8122526,1.7728907,1.4025337,0.0,1.4615825,1.215993,1.1665808,1.7189882,1.7670017,1.4647923,1.9580559,1.7499077,1.0663173,1.4228607,1.5128322,1.5083007,1.4613376,1.3920445,2.5200636,2.6080425,2.701561,1.0589417,1.7635039,2.5473819,2.9226286,3.1890914,2.2159727,1.8578739,1.9432651,2.1122851,1.9658868,2.076926,1.9887027,1.9587247,2.4572635,2.9561193,2.2647965,2.018124,2.65306,2.5089755,2.4059815,2.0365856,1.7451458,2.2130044,2.0547962,2.0592277,2.2109535,2.2567897,1.5224465,2.1237113,2.0613368,2.4021153,2.384582,2.253642,1.8588855,2.0916715,1.9935583,2.124301,2.247575,2.1744168,2.2062004,2.0703251,1.8430855,2.3383446,2.4506621,2.18181,1.2636744,1.5300499,1.4715289,1.2806368,1.8779669,2.047356,1.6526611,1.5724721,1.5846363,1.6869655,1.7302085,1.5622818,1.799511,1.9792913,1.6244897,1.8338734,1.715642,1.8139,1.6815953,1.6605444,1.7956102,1.7754854,2.1023016,1.6632099,2.5435991,2.2399032,1.6741719,1.6324825,1.851834,1.793795,1.8761001,1.9689217,1.9497068,2.024856,1.9800389,1.7655591,2.1327438,2.181186,1.9552135,2.204405,1.7675157,1.7219045,1.4300171,1.9038304,2.0506291,2.1062703,1.6973624,1.6613959
18,2.3015099,2.2326477,2.3712592,2.2919245,2.0728974,2.3390243,1.9013422,2.285559,2.4467304,2.1816347,2.316316,1.9013426,2.3415236,2.1916995,2.7451024,2.104281,1.08565,1.4615825,0.0,0.7918258,1.8851825,2.5553014,2.1091082,2.0188282,2.136734,1.9909693,1.6987003,1.8661841,2.358473,2.3357368,2.2421815,2.24453,3.0065236,3.0497563,3.2844896,2.1378593,2.0024376,2.0359714,2.8099315,2.8211234,3.1212611,2.4687388,2.5224357,2.6371238,2.1415727,2.3074431,2.2952127,1.8170221,2.754593,2.8079956,2.7234373,2.553445,3.209897,2.7462127,2.5312226,2.7522585,2.3378115,2.5760825,2.1739755,2.751584,2.5385602,2.5215566,2.2409673,2.6878366,2.6547105,2.7620487,2.6233346,2.5555232,2.502955,2.4434438,2.2528043,2.4653897,2.6073766,2.5510185,2.5447698,2.4605153,2.646444,2.6996093,2.460292,2.58106,2.0780373,2.2493725,2.582172,2.057246,2.667214,2.6536694,2.5271652,2.4997983,2.4009836,2.6445603,2.4590087,2.1243346,2.445138,2.4226806,2.1310706,2.720063,2.2498975,2.1186788,2.1758347,2.1409101,2.1018069,2.0081968,2.0088954,1.9140781,2.4430077,2.1939244,2.0871165,1.9584513,2.7135592,2.642524,2.7266202,2.8695738,2.61453,2.484325,2.3068364,2.1986187,2.7102861,2.485907,2.2591336,2.4626782,2.412757,2.3110325,2.2032304,2.061737,1.9087725,1.9734886,2.28527,2.2143998
19,2.1960886,2.120361,2.2953737,2.1935847,2.0039806,2.3082213,1.804824,2.1628807,2.341894,2.1045175,2.2847722,1.9078045,2.228235,2.0785122,2.334188,1.9644516,0.74001586,1.215993,0.7918258,0.0,1.7715046,2.0721753,1.9713429,1.870582,2.0090866,1.8558887,1.4730132,1.6185787,2.2696729,2.2475119,2.1509995,2.1287224,2.900752,2.9410462,3.1623175,1.9358563,1.975811,2.006009,2.704471,2.7311144,2.6744187,1.964239,2.556773,2.6354518,2.191845,2.3517764,2.224132,1.6948072,2.6308942,2.6948786,2.5719297,2.374452,3.0698404,2.5761619,2.3860729,2.589486,2.1277707,2.4534383,2.0298076,2.5763075,2.4255457,2.3387163,2.0673695,2.6018624,2.514637,2.6347575,2.2987921,2.4532251,2.3317003,2.298315,2.2282846,2.3081849,2.441632,2.4087281,2.3893008,2.2577708,2.5099363,2.5558798,2.3835154,2.4244957,1.9720498,2.0506651,2.3941762,1.8387944,2.304673,2.512219,2.360933,2.3336394,2.3138757,2.2261503,2.3889706,1.915748,2.324939,2.2607212,1.9635849,2.5840588,2.0528834,1.9583626,1.9693792,1.9854096,1.9223418,1.802365,1.7755699,1.6979578,2.2546265,1.9002265,1.924035,1.828627,2.6128702,2.5424073,2.6131856,2.7508857,2.437466,2.3227189,2.1797392,2.0259254,2.6329093,2.4031458,2.0882668,2.3382742,2.2117913,2.1750834,2.0789092,1.8261064,1.7977022,1.8601696,2.1413782,2.0955586
20,2.3057225,2.2815685,2.0392122,1.9243134,2.192984,2.7584832,2.4107194,2.1763203,2.2395453,2.0874965,2.3270042,1.9100107,2.220185,2.1402717,2.0808895,2.206253,1.8005915,1.1665808,1.8851825,1.7715046,0.0,1.372764,2.246285,2.2900136,2.3375278,2.2005467,1.7970134,2.0079572,2.1747022,2.1853783,2.1736991,2.116158,2.6725016,2.6838892,2.779717,1.4838679,2.5000277,2.9687495,2.9716651,3.3486545,2.5614505,2.6367798,1.9170443,2.3988261,2.2722368,2.3948815,2.6729517,2.687382,2.9438891,3.5566163,2.6008677,2.5439837,2.9105537,3.0788243,3.0197136,2.0268,2.3659356,2.6875887,2.7188857,2.4947903,2.7309163,2.8840616,2.109491,2.5447967,2.606946,3.071579,2.9595463,2.8575444,2.5104094,2.6539385,2.7332258,2.6988351,3.0650086,2.8375363,3.017235,3.0017357,2.2916563,3.2299826,3.1676083,3.0528862,1.2804438,2.1010838,1.8210753,1.9147208,2.04041,2.2087498,1.9460472,1.9005481,1.8987868,2.1454926,1.6463875,1.3821554,2.5310485,2.7133908,2.0249097,2.0982482,2.270419,2.4862325,2.306013,2.263875,2.3133428,2.2583466,2.3987896,2.159497,2.8113687,2.5808809,1.9832644,2.1921337,2.072055,2.0369241,2.3665588,2.3729084,2.3224149,1.8892834,2.3912268,2.328951,2.4092083,2.7770824,2.4865203,2.627001,2.1649942,2.112107,1.6807666,2.0464163,2.560047,2.6100605,2.0652034,1.7106402
21,2.6591043,2.643724,2.5280502,2.4159272,2.4881475,2.9964867,2.646641,2.4750621,2.6903155,2.5099683,2.773695,2.3571105,2.7267256,2.663939,1.9108806,2.6015308,2.0990005,1.7189882,2.5553014,2.0721753,1.372764,0.0,2.6648185,2.6686778,2.70538,2.5935206,2.2628636,2.3272014,2.606783,2.6219847,2.6166985,2.5872333,2.9989724,3.0235863,3.1369834,2.112876,3.0080886,3.3954024,3.166064,3.479322,2.280789,2.435128,2.6132905,3.001885,2.7283938,2.8174722,3.0651004,3.0115337,3.319936,3.8065476,3.0197606,2.995741,3.3216379,3.434842,3.322322,2.544967,2.8192196,3.0644276,3.0201519,2.9895275,3.0472934,3.1245775,2.5826945,2.8484137,2.8940306,3.2652493,2.7854013,3.1137652,2.7726498,2.919769,3.119561,2.956076,3.2421017,3.0203066,3.2036612,3.185434,2.6301005,3.4866455,3.3330567,3.3015184,1.869619,2.4963868,2.3659701,2.3325129,2.0515082,2.5479536,2.4168086,2.3661814,2.4255407,1.9345604,2.243405,1.8693162,2.8552957,3.0148556,2.4084291,2.5328355,2.7605956,2.8930266,2.722897,2.741081,2.6971376,2.6586926,2.732115,2.5636368,3.122719,2.8395257,2.4367445,2.6874685,2.6341438,2.5830102,2.87278,2.8864098,2.7387807,2.3153055,2.8467307,2.7749014,2.750216,3.0612946,2.9226089,3.024638,2.6509619,2.573757,2.1963289,2.4086895,2.8129964,2.8521466,2.532376,2.203737
22,2.6679316,2.5928986,2.4036987,2.330851,2.5138395,2.4606156,2.3936346,2.1739693,2.2549782,2.3715985,2.2681859,2.3355267,2.1544907,2.0884225,2.5174463,2.4588711,2.0475261,1.7670017,2.1091082,1.9713429,2.246285,2.6648185,0.0,1.692589,2.077795,1.9051474,1.7869421,2.0517597,2.1330009,2.1483374,1.9829037,1.9880354,3.0975876,3.006632,3.1492574,1.7368864,2.066421,2.497367,3.1227605,3.401021,2.52649,2.1650019,2.4923851,2.3865645,2.2552955,2.4309435,1.6919981,1.6866461,2.9554727,3.298736,2.6075268,2.273447,2.2879903,2.7204907,2.7875686,2.7470098,2.1270814,2.7539191,2.5859401,2.507997,2.487687,2.6109693,2.1467576,2.3326626,2.3535237,2.5040429,2.620429,2.3677812,2.141138,2.4850194,2.3105178,2.4595354,2.5142817,2.4134703,2.4715397,2.3755016,2.1980138,2.3537662,2.3573058,2.2712111,2.2925842,2.2257648,2.281198,2.1053674,2.592957,2.5026293,2.319856,2.2831876,2.3112683,2.369158,2.5674884,2.50561,2.0776334,2.1713035,2.0646088,2.3890991,2.0194316,2.0152423,1.9935822,1.969547,1.8213234,1.9958028,2.1984205,1.8775158,2.6131692,2.4225144,2.0949297,1.960931,2.2102752,2.1557274,2.2487466,2.1755145,2.1740243,1.8244689,2.0885081,1.9176682,2.5434844,2.3764014,2.2411115,1.4413383,2.1637647,2.097953,1.9929116,2.4812715,2.3212197,2.3601127,1.8861097,2.1148548
23,3.0265558,2.9550533,2.5855923,2.4736094,2.517315,1.9677061,2.466839,2.5467024,2.6391487,2.7582848,2.6793609,2.7159703,2.3627305,2.324899,2.712466,2.5473943,1.9343082,1.4647923,2.0188282,1.870582,2.2900136,2.6686778,1.692589,0.0,2.2420497,2.0622463,1.5366528,1.8785739,1.8426099,1.8292787,1.7273316,1.7061865,3.1259403,3.0769958,3.2415674,1.6983061,1.8410426,2.594359,2.719263,3.0336866,2.4934628,2.1547182,2.4704425,2.3972156,2.2744234,2.3966634,1.9741603,1.8028078,2.890427,3.244843,2.120217,2.2361898,2.8502414,2.8623924,2.7772224,2.720591,2.2650971,2.9404538,2.4555664,2.3009837,2.5615795,2.5900855,2.055158,2.3105304,2.3450444,2.4777682,2.700173,2.4485464,2.0443935,2.409963,2.148069,2.4029377,2.3933237,2.3486936,2.4022741,2.2290187,2.2295034,2.2518177,2.4203951,2.135711,2.549696,2.4570858,2.3796735,2.2712846,2.740768,1.8880666,2.5367198,2.464159,2.4542174,2.545055,2.7987235,2.6736677,2.1790743,2.3180437,2.2483478,2.451635,1.9854523,1.8764023,1.9069493,1.9112201,1.8220966,2.0660112,2.3635273,1.9555687,2.6785483,2.4397953,2.08878,1.9142636,2.2192147,2.1863067,2.1239877,2.1253242,2.4491367,2.6842275,2.4362936,2.296722,2.784753,2.622275,2.4287572,2.5430214,2.3076289,2.301484,2.2036333,2.629791,2.6206007,2.664404,2.3035016,2.4764814
24,1.8105594,1.7678664,1.8127471,1.758373,2.0810297,2.1292462,1.8455162,1.5662335,1.7877749,1.9630432,1.5142962,1.7974075,1.5484561,1.4200653,2.0026598,2.4299614,1.6483922,1.9580559,2.136734,2.0090866,2.3375278,2.70538,2.077795,2.2420497,0.0,0.33741432,1.4539921,1.1889715,1.7764314,1.765917,1.7804266,1.7676712,2.6597576,2.6791608,3.2698224,1.9714249,2.0406992,1.9330012,2.695551,3.07109,1.9009076,2.1996665,2.0280917,1.9557478,1.6923935,1.7818135,1.4851892,1.6060083,2.7674198,3.263362,2.5317607,2.14761,2.596293,2.618348,2.5549219,2.4840164,1.7659158,2.2100322,2.2313433,2.1437273,1.8319929,1.9759527,1.7366679,1.6137764,2.2355828,2.1452198,2.6582873,2.3932076,2.1520166,2.3246582,2.1854982,2.3671305,2.0258448,2.2574878,2.0612543,2.2957485,2.0328648,2.2683468,1.5921963,2.2510648,2.3525727,2.513712,2.4216268,2.3460224,2.1028464,2.3440433,2.0661073,2.0153735,2.046417,2.2662663,2.4927561,1.9452024,2.0754604,2.330217,1.767216,2.0348315,2.310529,2.3927326,2.1261728,2.084498,2.0357602,1.9508666,1.9552729,1.8344249,2.366898,2.0979326,2.277493,1.9987124,2.6313393,2.58141,2.6052918,2.5967345,1.8065096,1.8186431,1.6079006,1.6719171,2.3787284,2.3463948,1.7797232,2.1083221,1.5946814,1.5105567,1.5458525,1.6186363,2.232119,2.2739322,1.5386549,1.5080692
25,1.7954996,1.7429062,1.6598101,1.5863628,1.8855437,1.9576979,1.6452042,1.4497797,1.5996556,1.7760065,1.3494211,1.6119637,1.3556708,1.2318066,1.8526394,2.159862,1.5189732,1.7499077,1.9909693,1.8558887,2.2005467,2.5935206,1.9051474,2.0622463,0.33741432,0.0,1.2662096,1.1925733,1.540936,1.5328124,1.5355422,1.5246246,2.5731857,2.585534,3.165802,1.8247275,1.8188038,1.8572893,2.6872191,3.0560627,1.8775601,1.9926873,1.9308803,1.858023,1.5796632,1.6919798,1.2981397,1.4267653,2.6125207,3.1064706,2.3820965,1.9595476,2.460544,2.4360397,2.3749886,2.3341074,1.5436964,2.0474837,2.039167,1.9630718,1.8041751,1.9501586,1.5393553,1.5971876,2.0151443,2.0739734,2.4469197,2.1494699,1.9266186,2.090689,1.927213,2.1307268,1.8637626,2.1456833,1.8956611,2.1315002,1.8197246,2.0763626,1.5475281,2.0001028,2.1702733,2.280341,2.2287424,2.126974,1.9609077,2.2303457,1.8620881,1.8026803,1.8458173,2.0699534,2.2733247,1.8043989,1.8409276,2.0862865,1.5557029,1.8416781,2.0240395,2.093016,1.8440615,1.7876809,1.7685039,1.680524,1.7751175,1.5637858,2.246718,1.950909,2.0494745,1.7205279,2.374076,2.3155124,2.3383315,2.3210013,1.6268874,1.7045012,1.4347192,1.4753344,2.228807,2.1610968,1.5884414,1.930916,1.4256777,1.3352784,1.3314816,1.5341525,2.0314927,2.0786154,1.3686718,1.353255
26,1.9607825,1.8855913,1.6870519,1.578534,2.0085218,2.1087482,1.9738387,1.87781,1.6610596,1.8837649,1.5757577,1.7841045,1.2950832,1.1568207,1.810932,1.9140615,1.4177318,1.0663173,1.6987003,1.4730132,1.7970134,2.2628636,1.7869421,1.5366528,1.4539921,1.2662096,0.0,0.96039486,1.4051253,1.41395,1.4064583,1.3743079,2.3509173,2.468991,2.8500307,1.1743938,1.8744485,2.2120557,2.7696962,3.1479232,2.1800823,1.9389365,1.9731605,1.8338141,2.055639,2.1565466,1.7170854,1.6990204,2.3934922,3.0531359,2.3671227,1.9283419,2.5782866,2.5626981,2.4261746,2.2884943,1.6562907,2.0839446,2.0813532,1.87225,2.1894493,2.250445,1.2848536,1.9852666,2.1450074,2.5180748,2.755797,2.4391327,1.9791024,2.2922456,2.1197762,2.3298533,2.2101045,2.3479683,2.2396064,2.0955043,1.9155777,2.1358354,2.2456014,2.0942934,1.6807925,1.8819265,1.694383,1.7121304,1.8646009,2.0968926,1.7909778,1.7268277,1.7732977,1.9783306,2.1261904,1.6747849,1.8512301,2.185296,1.7837249,1.9533162,1.6409622,1.8416635,1.4958252,1.5145466,1.5764967,1.4598087,1.6482095,1.3516449,2.068264,1.6628091,1.77987,1.4051257,2.0443285,1.9964149,1.9071393,1.9308509,1.7122446,1.9753109,1.9026823,1.6388668,2.078929,2.1013355,1.9329829,2.2622743,1.4110938,1.361726,1.365885,1.6417335,2.3479865,2.3869638,1.3428632,1.5517255
27,1.898137,1.8588048,1.8299872,1.7483315,2.1530879,2.2481935,2.0510457,1.9335314,1.8158761,2.0193965,1.742423,1.9552431,1.6990001,1.5611925,2.0460289,2.5341656,1.5890796,1.4228607,1.8661841,1.6185787,2.0079572,2.3272014,2.0517597,1.8785739,1.1889715,1.1925733,0.96039486,0.0,1.7898105,1.7774165,1.7933662,1.7572464,2.4012368,2.5726204,2.7414954,1.3517312,2.0798292,2.2021923,2.6928947,3.0010045,1.8967384,2.102578,2.0542612,1.9363642,1.9512391,1.9825953,1.7874048,1.8060687,2.5381832,3.1402712,2.6019213,2.217139,2.7874386,2.7745411,2.5748477,2.5018783,1.8926142,2.194766,2.1813502,2.2165036,1.7727743,1.8309237,1.5702902,1.7469436,2.3450904,2.2707112,2.8681762,2.557441,2.1737113,2.5002449,2.4039087,2.5528786,2.1016517,2.1899478,2.13877,1.9811918,2.098182,2.4417887,1.9253454,2.3406656,1.9128959,2.1528971,1.9693451,1.9065063,2.000271,2.2270803,2.0426753,1.9660318,1.986649,2.1118357,2.4251714,1.8175067,2.111129,2.4370375,1.9531173,2.1763349,2.29379,2.471112,2.1423042,2.148003,2.1565762,2.0184603,2.0406756,1.8963398,2.5167093,2.2047935,2.2330654,2.0326898,2.6298683,2.584045,2.5191631,2.5888586,1.8884794,2.0340786,2.0138054,1.7747686,2.2663286,2.2968764,2.1172028,2.394523,1.6311461,1.5929202,1.664305,1.6828493,2.4667397,2.5017667,1.5692779,1.7150466
28,2.6355176,2.5962198,1.6713403,1.5643666,2.2348652,2.1446822,2.0986784,2.185234,1.544866,1.7642548,1.5685501,1.744033,1.1586127,1.2641306,1.6862165,1.8108574,2.0903172,1.5128322,2.358473,2.2696729,2.1747022,2.606783,2.1330009,1.8426099,1.7764314,1.540936,1.4051253,1.7898105,0.0,0.17147496,0.44995308,0.42266494,2.2197876,2.4635675,3.0530212,1.6883688,1.5496936,2.6358635,3.062131,3.43619,2.0763004,1.8546721,1.7106305,1.728254,2.0518942,2.075954,1.5457926,1.9550669,2.5507133,3.205298,2.3610537,2.0092938,2.6318254,2.6698942,2.433254,2.2954412,1.3931519,2.0650342,1.9147453,1.847783,1.9986439,2.1805456,1.1483278,1.9586724,1.9156548,2.3009057,2.5844722,2.0587008,1.5694097,2.054512,1.7244972,2.1074524,1.9102569,1.9953187,1.9774435,2.1294618,1.364681,1.8443412,2.139981,1.778513,1.9827775,2.0934856,1.7088248,1.746122,2.138144,2.2323592,1.4290965,1.4042394,1.3356113,1.693525,1.8877379,1.9883236,1.4083129,1.9428608,1.6916082,1.5011915,1.6814191,1.7680054,1.5346808,1.4478395,1.8576775,1.840466,2.327664,1.7171558,2.8428805,2.4372113,1.8001809,1.5616256,1.6224474,1.565362,1.4840093,1.5607468,1.4721042,2.1411183,1.9684572,1.4684408,1.9696629,1.9811916,2.0487626,2.12228,1.3905286,1.5739776,1.301195,2.316645,2.3608415,2.4260976,1.7507628,1.7278609
29,2.6892,2.6501417,1.7602457,1.651985,2.2798698,2.1515043,2.106705,2.2216704,1.5750316,1.7736082,1.6028168,1.7654046,1.2222064,1.3177694,1.7329301,1.8489013,2.083027,1.5083007,2.3357368,2.2475119,2.1853783,2.6219847,2.1483374,1.8292787,1.765917,1.5328124,1.41395,1.7774165,0.17147496,0.0,0.34519735,0.33628064,2.2833006,2.5012467,3.0924983,1.6936704,1.5538514,2.6330223,3.082499,3.4433281,2.0920136,1.8601341,1.7643647,1.7820164,2.095673,2.1235652,1.5637658,1.9566442,2.5166235,3.1577096,2.3271024,1.9787345,2.6707606,2.6708279,2.3920023,2.2884202,1.3478426,2.1235492,1.9012426,1.8235722,1.9821348,2.1537883,1.171818,2.0292046,2.0049284,2.3386617,2.5968819,2.0549517,1.6198596,2.036407,1.7335637,2.0849602,1.9037446,2.0176506,1.9889107,2.1156769,1.4195042,1.8761897,2.1305053,1.7914398,2.022919,2.1244683,1.6891719,1.697788,2.218813,2.2946126,1.468856,1.4436624,1.3792099,1.7170615,1.9166977,2.0173628,1.4393548,1.9556506,1.7058724,1.5439631,1.710193,1.798398,1.5801917,1.4846628,1.8890668,1.8623377,2.3512232,1.7501801,2.9166944,2.4633486,1.8486106,1.5969362,1.6954073,1.6347109,1.5795507,1.6434872,1.4266453,2.1838143,1.9340943,1.4351727,2.0945504,2.0799654,2.0469553,2.1531572,1.3639205,1.6654555,1.3927215,2.36447,2.3824866,2.4562104,1.8368685,1.8086503
30,2.7506425,2.7080076,1.8725787,1.7854415,2.2790613,2.0894756,2.0550063,2.223666,1.5940261,1.7264638,1.6390808,1.7632685,1.3314874,1.4093934,1.8380145,1.8718562,2.0329099,1.4613376,2.2421815,2.1509995,2.1736991,2.6166985,1.9829037,1.7273316,1.7804266,1.5355422,1.4064583,1.7933662,0.44995308,0.34519735,0.0,0.31831565,2.3364782,2.4990847,3.114315,1.6457121,1.4769522,2.5472097,3.0666707,3.3942316,2.1062682,1.7453529,1.8224546,1.8062232,2.1064513,2.1643476,1.4546663,1.8445157,2.4103458,3.0110052,2.229516,1.8639367,2.596135,2.613924,2.2633483,2.2623444,1.3222321,2.1939552,1.852479,1.8000331,1.9488858,2.086009,1.1692357,2.152269,2.0499578,2.372289,2.534539,1.9985093,1.6281068,1.9271704,1.6462395,1.9646777,1.8590684,2.0050962,1.9627595,2.0301218,1.4248334,1.8168571,2.1206515,1.7072104,2.0416343,2.0729878,1.680486,1.583163,2.3233128,2.3246126,1.4985338,1.4845673,1.4568529,1.7454357,1.9314598,2.0650718,1.4661994,1.924268,1.7424717,1.6821856,1.6567689,1.7437733,1.5327499,1.4221277,1.8414624,1.7844844,2.320678,1.7041763,2.932311,2.4379065,1.8316518,1.528587,1.6918097,1.6179514,1.64815,1.6650426,1.3747815,2.1457715,1.8553349,1.3311284,2.230432,2.1534328,2.0186713,2.0514235,1.3837247,1.7977909,1.5111793,2.4406462,2.3353517,2.4212275,1.9077156,1.8949633
