,0,1,2,3,4,5,6,7,8,9,10,11,12,13,14,15,16,17,18,19,20,21,22,23,24,25,26,27,28,29,30,31,32,33,34,35,36,37,38,39,40,41,42,43,44,45,46,47,48,49,50,51,52,53,54,55,56,57,58,59,60,61,62,63,64,65,66,67,68,69,70,71,72,73,74,75,76,77,78,79,80,81,82,83,84,85,86,87,88,89,90,91,92,93,94,95,96,97,98,99,100,101,102,103,104,105,106,107,108,109,110,111,112,113,114,115,116,117,118,119,120,121,122,123,124,125,126,127
0,0.0,2.419696,0.7702658,1.303592,1.5240958,1.5240958,2.0094564,1.5153036,1.8483474,2.6817827,1.8060523,1.9839162,2.3256874,2.0521512,3.2271698,2.7697434,2.380224,1.8020239,2.6726913,1.8728389,2.721811,1.7921685,2.3419611,2.7198975,2.888041,2.370676,3.0350196,2.71921,3.2323992,3.1164806,2.9655652,2.8028226,2.6430342,2.6787157,1.8005759,2.321377,2.3497605,2.2123854,3.0070937,2.6477668,3.189537,3.263201,3.1290953,3.6960747,3.4248927,3.3661358,3.8144822,4.242351,2.730337,2.913955,3.006816,3.3727396,2.8331144,2.826051,2.8494487,2.749242,2.75144,2.7956722,2.9981265,2.9542446,3.3006952,2.861329,3.065996,3.2986648,3.8963437,3.980654,3.169097,3.5677588,3.2029033,3.1166217,3.1247394,3.4439461,2.977632,2.934996,3.679755,2.8358822,3.2502408,3.3670058,2.7092419,3.5824828,3.6309023,3.531634,4.221533,3.5365336,3.5058484,3.44346,3.7969203,3.6215312,3.6522157,3.124504,3.2849567,3.3076756,4.366467,4.3598824,3.6888733,3.818564,3.9185526,3.860264,3.2386854,3.8232527,3.3877177,2.8278418,3.4294202,3.4325826,3.732895,2.98794,3.3060215,3.0059028,3.8583968,4.5300174,3.4101,3.412165,3.3693597,3.5943568,3.4573772,3.5594976,3.2536762,3.359376,3.3113158,3.3251345,4.505126,4.40539,4.3453546,4.3950224,4.601805,4.4605985,4.880837,4.8061237
1,2.419696,0.0,2.5963726,2.491933,2.2777555,2.2777555,2.637598,2.2640188,2.4157355,3.0605316,2.6173522,2.8163671,3.0717905,2.851506,4.8450074,4.38464,3.8988814,3.843434,3.6496477,3.0932965,3.9494088,3.46648,3.3847303,3.95648,4.712631,4.032552,4.9742093,4.641017,5.1192846,5.0283766,5.1978054,4.92257,3.62105,3.6810977,2.9226208,3.0517085,3.3815854,3.252092,3.708176,3.4679065,3.7204094,3.7106419,3.8223748,4.1451015,4.200539,4.175472,4.5234776,4.8633585,3.889107,3.9365714,4.037366,3.9505842,3.8230417,3.8072662,3.9836354,3.5563254,4.033812,4.10155,3.3443618,3.147531,3.9265223,3.697626,3.81914,4.020915,4.9235535,5.1751137,4.4516153,4.626303,3.947618,3.985013,3.6473942,3.9378002,4.1284947,4.0841494,4.6627774,4.0138807,3.9903579,4.1177945,3.576834,4.34074,4.4331155,4.474479,4.9743276,4.4927516,4.5390167,4.636925,5.0989485,4.8808966,4.447183,4.177778,4.290413,4.306067,5.0778146,5.055607,4.6560354,4.6141043,4.63827,4.537652,4.089224,4.5774946,4.132536,3.7416935,4.5062127,4.512254,4.435432,3.8123825,4.0187755,3.7854023,4.4250655,5.132376,4.6047406,4.6189666,4.101511,4.1671557,4.1068463,5.1621284,3.8848426,3.8624375,3.8626115,3.9376261,4.9449325,4.962497,4.7760177,4.890194,4.8504286,4.655486,5.039688,5.0660677
2,0.7702658,2.5963726,0.0,1.49067,1.6624452,1.6624452,2.097508,1.6366868,2.0128539,2.4660003,1.8278469,2.0763056,2.4014063,2.136007,3.2497659,2.8575535,2.340982,1.818514,2.6522095,1.8486115,2.6611183,1.6877484,2.3693318,2.6726348,2.7833977,2.4117434,2.9616868,2.637692,3.2537162,3.028262,3.0009959,2.8146956,2.7525692,2.8089192,1.9341727,2.3814542,2.3979657,2.2828217,2.979599,2.6483319,3.2803617,3.3788009,3.2887738,3.8116786,3.5143492,3.469357,3.8529153,4.280545,2.7959235,3.0104187,3.0981007,3.368355,2.8271637,2.821354,2.9380074,2.8661768,2.686427,2.6887026,2.9136527,2.864045,3.228239,2.8270786,2.9934485,3.1993668,3.6459284,3.7525132,3.1568885,3.7681684,3.1630042,3.1891751,3.186644,3.318221,3.159783,3.1254497,3.7619324,2.9836078,3.2819624,3.2863195,2.4640095,3.4950008,3.457384,3.3874128,3.9189095,3.387195,3.423542,3.338318,3.8072193,3.6381912,3.5880985,3.1086903,3.4000273,3.4344242,4.0316277,4.0293965,3.5103507,3.4457297,4.023542,3.9754496,3.365175,3.915504,3.2610261,3.0320473,3.4408505,3.4454005,3.647967,3.0272274,3.3299263,3.0407314,3.7801504,4.6493645,3.6297374,3.6275706,3.534926,3.6586752,3.645325,3.5938828,3.2883673,3.4811103,3.392274,3.4373724,4.2603555,4.1181455,4.0589294,4.11141,4.323461,4.1929364,4.6213064,4.538625
3,1.303592,2.491933,1.49067,0.0,1.4134119,1.4134119,1.8503393,1.3755184,1.7413472,2.6527517,2.0476086,1.7926577,2.0938377,1.7314712,3.6960318,3.178256,3.175828,2.4201994,3.3226476,2.8501322,3.4819756,2.631355,2.8871315,3.390737,3.3422985,2.622098,3.265283,3.0766659,3.3557787,3.354586,3.6392934,3.3816571,2.8843205,2.8730214,2.1761227,2.3563423,2.357807,2.173306,2.8832827,2.481168,3.4135296,3.5106993,3.2561913,3.9269698,3.545116,3.4848313,4.1649175,4.3721275,2.9995375,3.1919007,3.2759118,3.179548,3.0906234,3.0633326,3.0117373,2.9972112,3.1208878,3.1400974,3.426402,3.130397,3.229154,2.7510865,3.4899063,3.7267852,4.438211,4.346356,3.758994,3.9393537,3.463989,3.4275188,3.431248,3.7175896,3.1606627,3.1386876,3.930642,3.0568235,3.3868885,3.6673038,3.0586426,3.7744927,3.8282118,3.8635056,4.494552,3.8829083,3.8278263,3.6782966,4.3912497,4.223961,3.9812617,3.3554523,3.7023542,3.7031593,4.675775,4.6527734,3.9020267,3.8765721,4.079395,4.0572877,3.487442,4.0201387,3.6465034,3.0200725,3.9965067,3.985537,3.930242,3.267288,3.543627,3.272844,4.055617,4.7644258,4.038061,4.050486,3.7118325,3.9376605,3.8315096,3.7051165,3.6138237,3.7291965,3.7068007,3.7120702,4.668299,4.5782504,4.56305,4.6335883,4.97025,4.831527,5.222502,5.1733613
4,1.5240958,2.2777555,1.6624452,1.4134119,0.0,0.0,1.7659833,0.12579007,1.7722847,2.1479099,1.3345925,1.4280349,1.476956,0.91690767,3.27709,2.6432102,2.7587125,2.560389,3.0084584,2.3184216,2.8305397,2.300135,2.5357592,3.0483496,3.0934541,2.6355422,3.2620397,2.911713,3.6004853,3.1922207,3.551003,3.2453618,2.7762651,2.882862,2.0513337,2.1023736,2.1120336,2.1129608,2.6420944,2.7135072,3.3660138,3.451933,3.39713,3.8668053,3.253428,3.205893,3.8027651,4.0482135,2.716738,2.9052575,3.0178823,2.9775252,2.7830918,2.751665,2.83199,2.7178931,3.4676127,3.5141969,3.5531836,3.1903276,3.6399863,3.3016768,3.6366434,3.8610425,4.4080353,4.533838,3.833555,4.0059266,3.2507799,3.1950834,2.9956357,3.337417,3.0995705,3.082175,3.3605301,3.1312735,3.0916321,3.3585038,2.959723,3.8600457,3.7456157,3.7858043,4.4108562,3.783486,3.8449078,3.6931498,4.105298,4.1095753,3.91572,3.4878278,3.6139574,3.6256812,4.407395,4.3881383,4.2547264,4.2460084,3.9684029,3.944423,3.3341696,3.912921,3.3347485,3.2050035,3.7792132,3.7665174,4.0287037,3.3964179,3.6706114,3.3918185,3.9085815,4.6776314,3.9414744,3.9430046,3.481633,3.65347,3.4181697,3.6737423,3.4174933,3.465537,3.4508758,3.4274313,5.0301223,4.5010405,4.4643016,4.528148,4.6246977,4.4821086,4.8888235,4.88019
5,1.5240958,2.2777555,1.6624452,1.4134119,0.0,0.0,1.7659833,0.12579007,1.7722847,2.1479099,1.3345925,1.4280349,1.476956,0.91690767,3.27709,2.6432102,2.7587125,2.560389,3.0084584,2.3184216,2.8305397,2.300135,2.5357592,3.0483496,3.0934541,2.6355422,3.2620397,2.911713,3.6004853,3.1922207,3.551003,3.2453618,2.7762651,2.882862,2.0513337,2.1023736,2.1120336,2.1129608,2.6420944,2.7135072,3.3660138,3.451933,3.39713,3.8668053,3.253428,3.205893,3.8027651,4.0482135,2.716738,2.9052575,3.0178823,2.9775252,2.7830918,2.751665,2.83199,2.7178931,3.4676127,3.5141969,3.5531836,3.1903276,3.6399863,3.3016768,3.6366434,3.8610425,4.4080353,4.533838,3.833555,4.0059266,3.2507799,3.1950834,2.9956357,3.337417,3.0995705,3.082175,3.3605301,3.1312735,3.0916321,3.3585038,2.959723,3.8600457,3.7456157,3.7858043,4.4108562,3.783486,3.8449078,3.6931498,4.105298,4.1095753,3.91572,3.4878278,3.6139574,3.6256812,4.407395,4.3881383,4.2547264,4.2460084,3.9684029,3.944423,3.3341696,3.912921,3.3347485,3.2050035,3.7792132,3.7665174,4.0287037,3.3964179,3.6706114,3.3918185,3.9085815,4.6776314,3.9414744,3.9430046,3.481633,3.65347,3.4181697,3.6737423,3.4174933,3.465537,3.4508758,3.4274313,5.0301223,4.5010405,4.4643016,4.528148,4.6246977,4.4821086,4.8888235,4.88019
6,2.0094564,2.637598,2.097508,1.8503393,1.7659833,1.7659833,0.0,1.7535322,2.1899142,2.69414,2.0901303,2.123071,2.4629595,2.115562,3.8726594,3.3178346,3.303156,2.9199326,3.5930882,2.9208202,3.4679236,2.9369142,3.0418859,3.5110626,3.6258295,2.5066795,3.831355,3.4167283,3.9937248,3.7978754,4.041889,3.7994611,3.2482874,3.2782967,2.506981,2.710473,2.7678804,2.689298,3.2083719,3.0435183,3.3921912,3.7517152,3.6085992,4.1001444,3.6789124,3.6370745,4.1396527,4.4310455,2.9245842,3.128897,3.2644806,3.0721073,3.1105926,3.0869887,3.0238588,2.9624696,3.522298,3.5723667,3.6721597,3.416423,3.6743371,3.3638105,3.6699324,3.952269,4.422677,4.485425,4.165404,4.286995,3.6771717,3.6385334,3.5794764,3.850259,3.3796794,3.3812656,3.8668907,3.380928,3.563034,3.8263934,3.6556036,3.0291245,4.234722,4.289797,4.195715,4.2921734,4.128676,4.050129,4.5429187,4.4616556,3.950865,3.4852545,4.023216,4.043585,4.90203,4.8820558,4.6009116,4.454304,3.3270547,3.265709,4.2570887,3.2623122,3.9810033,3.4306166,3.960879,3.9537017,4.2953134,3.6792085,3.9577305,3.6691928,4.306361,4.9853425,4.3320403,4.340838,4.0030766,4.1525846,3.9993367,4.1630087,3.834822,3.9187107,3.8732438,3.8913276,5.079126,4.7882056,4.7562795,4.8387985,4.960803,4.8052573,5.178269,5.138765
7,1.5153036,2.2640188,1.6366868,1.3755184,0.12579007,0.12579007,1.7535322,0.0,1.7531546,2.1467016,1.3221158,1.4197327,1.5115863,0.91536164,3.2953413,2.6826487,2.7583473,2.5479126,3.0076585,2.3228183,2.8354502,2.2992601,2.538257,3.052559,3.082602,2.6116247,3.2527587,2.9028776,3.5749748,3.181645,3.5543149,3.2457674,2.7908947,2.8917882,2.020905,2.0668066,2.0978189,2.0926187,2.6367154,2.7016513,3.3309946,3.4197278,3.3520985,3.8375118,3.2260327,3.1763465,3.7832227,4.038676,2.7106547,2.9013627,3.0213885,2.9376972,2.764961,2.7338352,2.8272781,2.7133868,3.4432552,3.4858391,3.5368276,3.1685839,3.5938492,3.2713468,3.6213622,3.8500283,4.391656,4.514215,3.8235009,4.0008545,3.2464745,3.1950765,3.0059412,3.336114,3.116406,3.0947428,3.3794777,3.132198,3.0881314,3.3583193,2.9669108,3.8588572,3.7515638,3.7989688,4.417093,3.792827,3.8602037,3.7138917,4.111659,4.116622,3.9184644,3.492889,3.6315143,3.6453347,4.404512,4.3869324,4.240789,4.219902,3.9757376,3.9486334,3.326614,3.9151015,3.3225615,3.1884909,3.7736921,3.762551,4.0178924,3.3903584,3.670449,3.3868887,3.915412,4.6717124,3.9637406,3.9690058,3.510672,3.6824,3.447356,3.6878645,3.4380553,3.4942496,3.459803,3.452812,5.0201735,4.499456,4.4652705,4.5274453,4.627651,4.485378,4.8926687,4.8768654
8,1.8483474,2.4157355,2.0128539,1.7413472,1.7722847,1.7722847,2.1899142,1.7531546,0.0,1.958257,2.0644739,2.1189115,2.8705137,2.2938898,4.3526006,3.4537368,3.1271276,2.7774937,3.4002588,2.8291132,2.910172,2.7577224,2.1021886,2.7147558,3.340779,2.576699,3.4210064,3.2671664,3.852263,3.6698158,3.941909,3.695512,3.432831,3.6314209,2.5814366,2.519191,2.931132,2.7969298,3.1754684,2.9718711,3.0439382,3.1633692,3.1214414,3.06627,3.2079432,3.1841831,3.914701,4.1267776,3.266786,3.4280813,3.6258357,3.4664392,3.2700846,3.2487133,3.360723,3.187427,3.5123503,3.582441,3.6720202,3.6611125,3.4268312,3.4090304,3.7550979,3.970248,5.0283413,5.119622,4.24616,4.4167542,3.9437616,3.881683,3.7499526,4.0549626,3.70437,3.6620529,4.4460573,3.672814,3.9096982,4.104349,3.5434296,4.2964725,4.354033,4.416883,5.0468125,4.517452,4.4291286,4.240168,4.8172116,4.680227,4.5938535,4.0732417,4.310415,4.328291,5.123633,5.110443,4.6063046,4.6092496,4.537574,4.608966,4.07047,4.5948567,4.224728,3.647813,4.4757066,4.494564,4.571819,3.9961948,3.9504695,3.992788,4.20652,4.89069,4.6032605,4.623419,4.259281,4.5171566,4.381467,4.469464,3.966931,4.054124,4.0548024,4.079387,4.82879,4.698345,4.6540346,4.7219796,4.8578377,4.725332,5.0815105,5.058873
9,2.6817827,3.0605316,2.4660003,2.6527517,2.1479099,2.1479099,2.69414,2.1467016,1.958257,0.0,1.9038013,1.9541711,2.9844937,2.4359064,4.045181,3.1510377,3.684266,3.5305815,3.7194557,3.169255,3.0079517,3.014304,2.5155096,3.0112026,3.6895542,3.2809918,3.7806158,3.625354,4.616402,3.8853805,4.302891,4.069568,3.7539294,3.9516985,3.0829167,2.9223933,3.1711679,3.1765647,2.8955848,3.0930545,3.6003323,3.7176635,3.8325083,3.7218053,3.56375,3.5801437,3.6939876,3.7966337,3.1445568,3.3049161,3.5107162,3.3225715,3.0246549,3.0092068,3.221083,3.104978,3.9078164,3.9010167,3.7932508,3.9447155,3.5904908,3.6838968,3.9669087,4.11931,5.1273456,5.190874,4.691108,5.101905,4.0559716,4.11227,4.0630975,4.1408086,4.197139,4.162337,4.442885,4.1504374,4.173823,4.2013693,3.611548,4.5451694,4.387946,4.4964666,4.878192,4.610147,4.3259306,4.2821465,5.1206493,5.1243877,4.837384,4.389703,4.757569,4.81581,4.792966,4.7836413,4.858922,4.6525836,4.9888487,5.0646205,4.513766,5.0277,4.28377,4.4096146,4.830071,4.8581004,4.9154735,4.5237517,4.441187,4.5063534,4.315022,5.299868,5.1178102,5.1008654,4.3725767,4.463612,4.465765,4.5724325,3.9487891,4.086942,4.0800996,4.110421,5.093854,4.5701923,4.485831,4.558172,4.7021937,4.5734425,4.9090676,4.900783
10,1.8060523,2.6173522,1.8278469,2.0476086,1.3345925,1.3345925,2.0901303,1.3221158,2.0644739,1.9038013,0.0,0.9258811,2.1723695,1.867017,3.1288009,2.4990206,2.6906672,2.5419326,2.9115658,2.1394315,2.3166869,2.0272233,2.1456435,2.599253,2.8919222,2.5612152,3.0919368,2.7751312,3.5485268,3.0737453,3.4215193,3.1242657,2.9321942,3.0311787,2.1903968,2.340368,2.46634,2.4588363,2.9501433,2.9741094,3.562582,3.670782,3.5569181,3.9800994,3.6018784,3.5749671,3.325244,3.7089307,2.407562,2.5303187,2.6614609,2.5667245,2.1748145,2.150734,2.486546,2.4399223,3.2435591,3.262206,3.20767,3.1937485,3.4654648,3.1775806,3.2528393,3.4807281,4.2491965,4.369176,3.7469108,3.9594023,3.3610008,3.2363,3.1851373,3.5040064,3.401883,3.3502681,3.5495539,3.3372977,3.3070192,3.5386162,3.106932,3.9602518,3.925815,4.0295744,4.5317864,3.990345,3.9260626,3.9843922,4.1552887,4.1743813,4.064998,3.7888024,3.9022872,3.9455702,4.5697293,4.583021,4.4455857,4.426857,4.1313562,4.0424542,3.4420505,4.0123267,3.390662,3.371212,3.6064992,3.6310835,4.0567956,3.4369743,3.7174792,3.4415874,3.9716933,4.6094446,4.142672,4.1022615,3.277383,3.4316497,3.276525,3.6183748,3.155225,3.2015371,3.185912,3.1517496,4.9692416,4.486463,4.3952284,4.4341545,4.563791,4.4172416,4.8313136,4.761725
11,1.9839162,2.8163671,2.0763056,1.7926577,1.4280349,1.4280349,2.123071,1.4197327,2.1189115,1.9541711,0.9258811,0.0,2.1044898,1.6992428,3.1676378,2.4663806,3.340711,2.862637,3.3584054,2.7684639,2.981511,2.5201213,2.5499494,3.0646088,3.3290715,2.8688571,3.2484608,3.1120226,3.6342244,3.255609,3.67686,3.4040759,3.0070696,3.0305374,2.388319,2.4427006,2.3796496,2.3568733,2.8243957,2.8762968,3.617104,3.7097707,3.4584947,4.0352764,3.5784674,3.550015,3.3699067,3.5815897,2.4341547,2.5430958,2.6838152,2.5617077,2.31327,2.282555,2.3512502,2.409881,3.3634741,3.3566418,3.3863378,3.4246166,3.2648673,2.9784455,3.5254173,3.7355149,4.6345797,4.533669,4.0494876,4.202865,3.4961274,3.3904757,3.4711096,3.786261,3.4976912,3.4584033,3.7014956,3.4331598,3.478983,3.7272072,3.3271265,4.1012096,4.0147395,4.1257815,4.670141,4.1108074,3.9821067,4.0498204,4.5210853,4.5249276,4.268412,3.7757175,4.029238,4.0569563,4.7386622,4.739564,4.451588,4.4591756,4.2135825,4.16147,3.5565038,4.13626,3.5592823,3.4577541,3.9373693,3.9492092,4.244673,3.5892687,3.8094802,3.5839703,4.0428066,4.739599,4.2713227,4.222862,3.371889,3.5464861,3.4474013,3.6728923,3.3074563,3.341335,3.3688307,3.3131003,5.1275434,4.65864,4.5965676,4.6446295,4.974624,4.830483,5.176264,5.12617
12,2.3256874,3.0717905,2.4014063,2.0938377,1.476956,1.476956,2.4629595,1.5115863,2.8705137,2.9844937,2.1723695,2.1044898,0.0,1.1896663,3.558299,3.1204672,3.2827837,2.9802399,3.3689594,2.9021432,3.3577094,2.875884,3.1593735,3.5696385,3.5192034,3.383459,3.4972188,3.2594156,3.9157858,3.33984,3.8641982,3.5397575,2.5811503,2.6142523,2.7244835,2.6828585,2.3843434,2.4615936,2.8360474,3.1173959,4.5191145,4.581592,4.4727416,5.003081,4.2778635,4.1935654,4.7956834,5.0633545,3.1937368,3.3409956,3.235672,3.315458,3.1754932,3.1471772,3.11903,3.1348011,4.013149,4.02602,4.2218776,3.2632208,4.5901833,3.83403,4.268605,4.4943657,4.1632895,4.1502566,3.6320436,3.7451968,2.8593442,2.83507,2.6596467,3.0283,2.7251847,2.7317388,2.654131,2.7805948,2.6120481,2.9397404,2.7446823,3.6707466,3.4231844,3.4713626,4.1565514,3.4715238,3.5226915,3.2569633,3.791545,3.887368,3.701972,3.1554308,3.384269,3.3917587,4.093704,4.067452,4.0940685,4.0196586,3.65984,3.6575685,2.991736,3.611027,2.910622,3.0518038,3.448162,3.418755,3.8040414,3.2360501,3.521809,3.23601,3.681472,4.5623817,3.743239,3.7473216,3.323439,3.4690728,3.2096398,3.3967204,3.395356,3.437192,3.376045,3.3109903,5.0584073,4.2645674,4.2569046,4.331312,4.5549836,4.402358,4.8664365,4.8866067
13,2.0521512,2.851506,2.136007,1.7314712,0.91690767,0.91690767,2.115562,0.91536164,2.2938898,2.4359064,1.867017,1.6992428,1.1896663,0.0,3.3358974,2.789516,3.2459574,2.8863442,3.2602327,2.7684886,3.2115276,2.6713562,2.9453633,3.4044297,3.3656685,3.1081853,3.3449442,3.1146908,3.7382085,3.1769483,3.6918375,3.3858461,2.995966,3.021741,2.472787,2.4017718,2.132921,2.223158,2.5911248,2.9160035,3.6894052,3.764364,3.6600242,4.183655,3.3568702,3.292378,4.0949445,4.335194,2.9873888,3.185145,3.2843966,3.2048209,3.091475,3.0631056,2.9899619,3.0015173,3.9593742,3.9707968,4.1482983,3.604885,4.017317,3.694869,4.2316866,4.4435444,4.627698,4.587969,4.053419,4.208253,3.3556957,3.3434837,3.2379985,3.5495195,3.2013545,3.1899903,3.198896,3.2337408,3.1640456,3.4462411,3.2399082,4.054482,3.9011257,3.9256625,4.5575128,3.9315126,3.9621062,3.7322578,4.2629404,4.370249,4.1067786,3.5680609,3.8240745,3.8371167,4.463957,4.4376335,4.431908,4.3843446,4.0696063,4.085134,3.4733787,4.044175,3.4122286,3.458373,3.9434538,3.9232235,4.259714,3.7364237,3.968378,3.735376,4.0671163,4.872219,4.1099267,4.127612,3.819795,3.9804344,3.7296286,3.8523932,3.8319428,3.8798053,3.8107152,3.7834446,5.4343257,4.6993604,4.7018456,4.7641544,4.984482,4.846341,5.24747,5.251594
14,3.2271698,4.8450074,3.2497659,3.6960318,3.27709,3.27709,3.8726594,3.2953413,4.3526006,4.045181,3.1288009,3.1676378,3.558299,3.3358974,0.0,1.7916507,3.5649724,3.4369226,4.068526,3.3496873,3.9933357,3.031292,4.447617,4.5450993,3.534639,3.6314197,3.788848,3.3052433,3.7863324,3.360076,2.8672664,2.9535544,3.8763084,3.9727774,3.448944,3.7307649,3.4715974,3.58407,4.0084667,4.2471976,4.396863,4.4745107,4.3089185,5.267274,4.119284,4.092367,3.6543045,3.8640673,3.0160089,3.1904671,3.2920249,3.9635513,3.3382204,3.3337984,3.174398,3.3575075,4.0043063,3.9657474,4.3105083,4.6992755,4.338881,4.135682,4.2229075,4.351167,5.0563655,5.11812,4.5495877,4.972312,4.4527903,4.295448,4.506551,4.70501,4.179956,4.222368,4.0317283,4.3239317,4.4387774,4.5158477,4.216603,4.9967074,4.5795274,4.4212737,5.04762,4.411952,4.4998817,4.685707,4.386089,4.5793934,4.7077847,4.289709,4.315907,4.3367143,4.9836774,4.990259,5.008399,5.23281,4.8777466,4.9347453,4.322804,4.8388295,4.2367654,4.503155,4.403286,4.375455,4.9892845,4.4012747,4.6057353,4.4255614,4.733698,5.6473813,4.2135797,4.1125097,3.944277,4.0230665,3.7950304,3.4021344,4.225063,4.2909737,4.25697,4.2157426,6.551384,5.941111,5.9447117,5.9339643,6.0721507,5.9754395,6.2928233,6.170599
15,2.7697434,4.38464,2.8575535,3.178256,2.6432102,2.6432102,3.3178346,2.6826487,3.4537368,3.1510377,2.4990206,2.4663806,3.1204672,2.789516,1.7916507,0.0,3.4164321,3.2746544,3.9624724,3.2977874,3.3321068,2.9647539,3.4016926,3.690976,3.292676,2.9155262,3.4499037,3.1188724,3.819376,3.313179,2.8615048,2.978246,3.5729566,3.6902907,3.0404806,3.3986955,3.1495454,3.2552495,3.732313,3.9203923,4.028638,4.1273565,3.9040012,4.505446,3.6435246,3.6190958,3.5025342,3.530189,2.5000129,2.7069597,2.8591876,3.687933,2.9530792,2.9521365,2.6910582,2.805387,3.6578803,3.6760647,4.1102886,4.521099,4.0481606,3.8322563,3.995052,4.1365886,5.016805,5.0768924,4.5319285,4.9814076,4.033451,3.8704956,4.103047,4.3168488,3.7519636,3.7457118,3.7479436,3.8931212,4.1336627,4.1306195,3.7741418,4.611599,4.3580976,4.207104,4.7628946,4.1771865,4.2010546,4.1806893,4.3880696,4.5469565,4.454399,4.05579,4.120083,4.1455083,4.7198834,4.718151,4.7846766,4.9979954,4.6276684,4.618839,3.993158,4.550062,3.933352,4.091138,4.372059,4.368487,4.6982327,4.1451244,4.396061,4.148385,4.4744177,5.1682587,3.9315832,3.8288577,3.7417161,3.9428165,3.658156,3.2150245,3.7297108,3.8272722,3.8826604,3.8099926,5.826704,5.1302233,5.1494875,5.1451006,5.3052526,5.214643,5.535587,5.4606752
16,2.380224,3.8988814,2.340982,3.175828,2.7587125,2.7587125,3.303156,2.7583473,3.1271276,3.684266,2.6906672,3.340711,3.2827837,3.2459574,3.5649724,3.4164321,0.0,1.4579222,2.4811163,1.4952892,1.800317,1.5036111,2.6332119,2.4176428,1.4577944,2.3458905,2.349945,1.6609206,2.692946,2.3130863,2.2156615,1.883723,3.394809,3.6421525,2.8334742,3.0839102,3.3053443,3.2823713,3.8792787,3.7399387,4.1055555,4.2101965,4.3115067,4.486526,4.2133694,4.1698756,4.414666,4.972871,3.6266382,3.8146713,3.8470478,4.042013,3.4988852,3.4811656,3.9165933,3.8884401,3.5529263,3.627578,4.027601,3.7679398,4.6663065,4.2883134,3.8054583,4.0133095,3.804168,4.336258,3.1933508,3.4466357,3.8713264,3.6753917,3.3908286,3.7134285,3.6405814,3.623119,3.8985403,3.6041837,3.6646547,3.835087,3.431019,4.3541408,4.170942,4.152012,4.8181663,4.1083226,4.3305874,4.039671,3.3512058,3.3154278,4.350317,4.1505275,3.8288608,3.8436673,4.800654,4.8336687,4.6302013,4.694064,4.4768605,4.4324355,3.7661128,4.351799,3.872388,3.7060652,3.3229206,3.3212404,4.1970716,3.6836574,4.03068,3.7401001,4.4809823,5.0061607,4.072733,4.084093,3.8861701,4.077638,3.8429208,3.6411552,3.9017725,3.996842,3.8678167,3.8757887,5.1755276,4.870136,4.840785,4.833654,4.645043,4.578468,5.074135,4.9593787
17,1.8020239,3.843434,1.818514,2.4201994,2.560389,2.560389,2.9199326,2.5479126,2.7774937,3.5305815,2.5419326,2.862637,2.9802399,2.8863442,3.4369226,3.2746544,1.4579222,0.0,2.4671485,1.73728,2.226596,1.2672192,2.4863591,2.3291876,1.5426087,2.2170913,1.6682559,1.382658,1.9392524,1.7936821,1.8410083,1.4713806,3.0871427,3.1661122,2.5425553,2.8633401,2.8381875,2.742953,3.4970014,3.1765246,3.8829744,3.9924579,3.8783062,4.2804236,4.010832,3.9531064,4.270352,4.8220153,3.3663204,3.5657947,3.6012652,3.7850485,3.2675614,3.2498574,3.4881606,3.6376407,3.134119,3.1622398,3.8267257,3.58895,4.1049047,3.653973,3.6330094,3.844785,3.685668,3.7872674,2.8541825,3.083263,3.6814873,3.4991343,3.4729893,3.8121762,3.3409457,3.3173497,3.8517964,3.1820204,3.5223246,3.7485042,3.294973,4.047188,3.9826877,3.957264,4.6655507,3.9238434,3.9696004,3.690203,3.4496777,3.3217802,4.1754074,3.6993768,3.6354058,3.6435099,4.795902,4.820408,4.1654506,4.269849,4.241641,4.2025347,3.5782514,4.121344,3.786544,3.3231223,3.1817884,3.1780403,4.0281115,3.4105618,3.7616541,3.4725764,4.3515286,4.84516,3.8574216,3.8729818,3.7649927,4.0114617,3.8895946,3.419842,3.827813,3.9403253,3.8369136,3.7958736,4.917706,4.7662325,4.7671156,4.7667503,4.9753146,4.897425,5.33765,5.2151604
18,2.6726913,3.6496477,2.6522095,3.3226476,3.0084584,3.0084584,3.5930882,3.0076585,3.4002588,3.7194557,2.9115658,3.3584054,3.3689594,3.2602327,4.068526,3.9624724,2.4811163,2.4671485,0.0,2.0461895,2.5302258,1.9175766,2.8762224,2.7403264,2.8629782,3.8254378,3.0998855,2.8270426,3.4405499,3.0389931,3.149719,2.8356485,3.5913644,3.6847734,3.166299,3.305516,3.3189514,3.312796,3.765197,3.6643727,3.8592792,3.826454,4.124107,4.1863804,4.3324375,4.3106017,4.3352094,5.0221615,4.00924,4.116528,4.1755004,4.3491483,3.946329,3.9360487,4.135298,4.052431,4.189415,4.207979,4.2092943,3.9997296,4.7890067,4.544627,4.2491593,4.407164,4.1813703,4.3967633,3.5455534,3.7834487,4.188398,4.103106,3.9825106,4.2663794,3.9714143,3.931305,3.9995067,3.73419,4.2526717,4.3239417,4.1148615,4.784427,4.6654053,4.6438785,5.295377,4.605903,4.6465907,4.1146703,4.2731237,4.2127433,4.883269,4.637807,4.5313473,4.5453076,5.351102,5.3877454,5.1824675,4.87188,4.917425,4.8065147,4.0375867,4.7799473,4.1225753,4.1353865,3.6543546,3.6769288,3.5100844,3.9269426,4.2670717,4.019434,4.680495,5.164854,4.408722,4.415507,3.9296224,4.023987,4.0268216,4.4481473,4.0403833,4.053865,3.9097679,3.8600962,5.3765535,5.135903,4.926326,4.9687824,5.090831,4.9838815,5.8918376,5.8238635
19,1.8728389,3.0932965,1.8486115,2.8501322,2.3184216,2.3184216,2.9208202,2.3228183,2.8291132,3.169255,2.1394315,2.7684639,2.9021432,2.7684886,3.3496873,3.2977874,1.4952892,1.73728,2.0461895,0.0,1.8250512,0.8763949,2.400326,2.273104,2.4138875,3.0031497,2.8604696,2.4345984,3.2448692,2.7661421,2.7648485,2.442588,3.0562396,3.1906257,2.421979,2.7103837,2.7711186,2.7723007,3.3558772,3.3090389,3.6457357,3.6826537,3.8249338,4.1200013,3.8245966,3.793358,3.7936573,4.5078187,3.2710123,3.4004564,3.4802701,3.7647867,3.081742,3.071867,3.4527717,3.3822312,3.4203267,3.46063,3.4155426,3.2974064,4.138284,3.8732536,3.4850216,3.6580129,3.6390302,3.9951437,2.9768872,3.3378937,3.5251746,3.4104733,3.1605263,3.4975264,3.5746112,3.5498357,3.7141495,3.4596817,3.4365425,3.5350971,3.1480606,4.135777,3.8931599,3.844343,4.5309787,3.8163393,3.941634,3.9159026,3.4431674,3.3904595,4.053031,3.7870271,3.5792673,3.6102822,4.5041413,4.5303907,4.3368726,4.4582157,4.278325,4.2256064,3.5671034,4.1797347,3.5766737,3.5573368,3.0474153,3.0510669,4.162608,3.4880927,3.7636304,3.5232596,4.142888,4.809324,3.7940786,3.7971275,3.5539935,3.6452713,3.5508728,4.017768,3.5956974,3.6147022,3.531835,3.48774,5.111346,4.7611027,4.6582575,4.675524,4.651446,4.538931,4.9561086,4.8794713
20,2.721811,3.9494088,2.6611183,3.4819756,2.8305397,2.8305397,3.4679236,2.8354502,2.910172,3.0079517,2.3166869,2.981511,3.3577094,3.2115276,3.9933357,3.3321068,1.800317,2.226596,2.5302258,1.8250512,0.0,1.7793367,1.451306,1.0796958,1.9942018,2.803452,2.410473,2.2285838,3.4018753,2.585147,2.7545426,2.4782085,3.5808158,3.7729826,3.0330307,3.2112083,3.351254,3.3934019,3.7595782,3.8287797,4.178489,4.2478685,4.343514,4.1262064,4.1673427,4.137807,4.1104803,4.719128,3.5075216,3.6357198,3.7207174,3.9343603,3.220309,3.215277,3.6906362,3.6781418,3.8472729,3.9015882,4.1695704,4.0395103,4.7062645,4.478713,4.069918,4.248214,4.0545216,4.404657,3.4985468,3.8038723,3.81616,3.6388993,3.4863536,3.7902808,3.900672,3.818704,3.8540719,3.7523704,3.792849,3.8428202,3.5904427,4.577701,4.388641,4.415998,5.007971,4.362569,4.3712125,4.0900583,3.7891343,3.8682287,4.6529007,4.4620147,4.243347,4.294247,4.848366,4.8950067,4.930018,4.9566994,4.7577195,4.6648564,3.8705473,4.615204,3.896001,3.9853873,3.487316,3.5356898,4.459003,4.0662084,4.3356547,4.1048446,4.5445137,4.8648562,4.354289,4.3549194,3.9851973,4.1881514,4.0059905,4.104357,3.815165,3.880864,3.7662969,3.7425525,5.094773,4.510896,4.4377894,4.422521,4.365762,4.296056,4.78939,4.706138
21,1.7921685,3.46648,1.6877484,2.631355,2.300135,2.300135,2.9369142,2.2992601,2.7577224,3.014304,2.0272233,2.5201213,2.875884,2.6713562,3.031292,2.9647539,1.5036111,1.2672192,1.9175766,0.8763949,1.7793367,0.0,2.311461,2.1287138,1.8916,2.758526,2.1726024,1.8234828,2.6411335,2.0983374,2.189317,1.8218529,2.9992542,3.1088989,2.3465068,2.6131496,2.5761197,2.5651982,3.1714625,3.0557184,3.5332615,3.5744545,3.6363485,3.9915893,3.6569028,3.6313365,3.551195,4.2148266,3.046569,3.2082255,3.3038201,3.5518148,2.877767,2.8638313,3.1987143,3.2723367,3.1875732,3.1990411,3.4195495,3.4203384,3.8571842,3.6109643,3.374734,3.5320683,3.6890254,3.8758368,2.9558315,3.3360176,3.595877,3.470773,3.3777547,3.6676097,3.5031774,3.4820297,3.705273,3.3700807,3.521482,3.6519828,3.2148466,4.2175846,3.8803344,3.8578498,4.5820003,3.8290336,3.884365,3.7701712,3.5035136,3.4597466,4.1382813,3.8130915,3.684928,3.7125685,4.56902,4.5990376,4.2913194,4.354653,4.3952165,4.359424,3.5562756,4.2940416,3.6104498,3.582559,3.1456165,3.152079,4.03686,3.4885223,3.7640822,3.5381734,4.155247,4.7932,3.8703556,3.859662,3.5103617,3.6344268,3.597092,3.6588132,3.5732217,3.6354146,3.579819,3.4884,5.0694337,4.7369685,4.6589704,4.663713,4.8064013,4.7136464,5.175213,5.0754247
22,2.3419611,3.3847303,2.3693318,2.8871315,2.5357592,2.5357592,3.0418859,2.538257,2.1021886,2.5155096,2.1456435,2.5499494,3.1593735,2.9453633,4.447617,3.4016926,2.6332119,2.4863591,2.8762224,2.400326,1.451306,2.311461,0.0,0.87507474,2.7723837,2.7598755,2.8012495,2.8577683,3.7350783,3.201357,3.3686805,3.1592677,3.3840003,3.491929,2.789419,3.0365393,3.1505108,3.1132348,3.5692394,3.4494753,3.9115493,3.9721422,3.93882,3.6149464,3.9877803,3.9509785,4.170037,4.6468825,3.3516176,3.462732,3.562243,3.7978165,3.142099,3.140931,3.4375105,3.369129,3.5436776,3.610449,3.861264,3.7656937,4.228805,3.9607131,3.8666928,4.053974,4.188097,4.3317075,3.5962687,3.9233303,3.563865,3.4409297,3.402729,3.6968274,3.677296,3.559712,3.9769397,3.4393559,3.6951814,3.6975732,3.329734,4.2443185,4.240213,4.2701764,4.820579,4.228148,4.117555,3.80029,4.1663666,4.107289,4.4635763,4.155088,4.134508,4.182844,4.77558,4.8044243,4.5562186,4.573253,4.591834,4.461442,3.7066765,4.4439225,3.8007748,3.5872908,3.6997502,3.7573667,4.244847,3.8089862,4.0756874,3.8260546,4.358786,4.567078,4.2115397,4.2190676,3.9265487,4.1900496,4.070351,4.2274218,3.55996,3.6501713,3.6008897,3.5780458,4.40096,3.9970386,3.9133933,3.9302077,4.1015887,4.007347,4.474983,4.4309645
23,2.7198975,3.95648,2.6726348,3.390737,3.0483496,3.0483496,3.5110626,3.052559,2.7147558,3.0112026,2.599253,3.0646088,3.5696385,3.4044297,4.5450993,3.690976,2.4176428,2.3291876,2.7403264,2.273104,1.0796958,2.1287138,0.87507474,0.0,2.4744353,3.0132127,2.491638,2.6305196,3.5609462,2.9149995,3.0899734,2.857839,3.6483066,3.7576706,3.1356585,3.3667967,3.422547,3.405918,3.813192,3.7122414,4.188484,4.243609,4.272747,3.9049304,4.2701406,4.241079,4.332478,4.9114347,3.7042973,3.8171089,3.9026895,4.159007,3.431929,3.4307885,3.798819,3.8115191,3.7683191,3.8215823,4.1438894,4.063235,4.5770135,4.3396454,4.1119084,4.271637,4.092567,4.2551184,3.4980183,3.8395834,3.8502357,3.7162058,3.6630025,3.9379323,3.9802473,3.876446,4.166778,3.7208936,3.9479706,3.932193,3.617017,4.519104,4.432464,4.4549937,5.0088086,4.4061594,4.305871,3.9595602,4.0850496,4.0394917,4.7236185,4.426294,4.3168316,4.3643785,4.948211,4.990295,4.771154,4.7966776,4.849156,4.7290344,3.9864423,4.697128,4.062759,3.9496675,3.6494253,3.7067535,4.479714,4.083107,4.3461957,4.1149817,4.6297727,4.8271456,4.406456,4.416732,4.151303,4.382942,4.316162,4.385392,3.8690524,3.9522448,3.8853683,3.8346667,4.662931,4.2565994,4.177051,4.1714826,4.33673,4.272647,4.729603,4.6679206
24,2.888041,4.712631,2.7833977,3.3422985,3.0934541,3.0934541,3.6258295,3.082602,3.340779,3.6895542,2.8919222,3.3290715,3.5192034,3.3656685,3.534639,3.292676,1.4577944,1.5426087,2.8629782,2.4138875,1.9942018,1.8916,2.7723837,2.4744353,0.0,2.2247312,1.209359,0.52437854,1.9783609,1.221728,1.6371752,1.1868846,3.8152947,4.022988,3.2775018,3.3811665,3.4886541,3.4861102,3.9372222,3.8591998,4.3540916,4.4903245,4.4744473,4.6161327,4.2821794,4.244914,4.4376674,4.8896337,3.7337222,3.9570708,4.0204105,4.016649,3.5928082,3.5691223,3.950839,4.13382,3.845075,3.8731043,4.6242824,4.4335256,4.7645526,4.481312,4.2846937,4.4802027,4.3298345,4.586357,3.684566,3.8465612,4.3303266,4.1169,4.042128,4.3161716,3.9676225,3.946923,4.1355767,3.9169502,4.1048336,4.3437138,3.998931,4.8241014,4.6135693,4.660081,5.303731,4.62337,4.7025595,4.2774987,3.858556,3.927965,4.9337287,4.6231437,4.4589953,4.476261,5.258621,5.297581,5.068386,5.0402102,4.9282904,4.9207964,4.1797,4.817215,4.3085976,4.1923547,3.851566,3.858372,4.5551543,4.2498183,4.541108,4.317542,4.891281,5.3445086,4.680683,4.683306,4.325448,4.567553,4.3597293,3.525862,4.3620257,4.496105,4.3611817,4.3398557,5.583514,5.1729717,5.2014303,5.174276,5.2071533,5.169823,5.6780634,5.540408
25,2.370676,4.032552,2.4117434,2.622098,2.6355422,2.6355422,2.5066795,2.6116247,2.576699,3.2809918,2.5612152,2.8688571,3.383459,3.1081853,3.6314197,2.9155262,2.3458905,2.2170913,3.8254378,3.0031497,2.803452,2.758526,2.7598755,3.0132127,2.2247312,0.0,2.7373388,2.2008574,2.9401295,2.888318,2.7470694,2.6656325,3.7331617,3.9184194,2.8862927,3.227494,3.5071218,3.417346,4.0377755,3.7675068,3.9343472,4.2437844,3.997462,4.295511,3.9900782,3.9366858,4.3830457,4.6202226,3.1726248,3.4398987,3.5585048,3.5682461,3.2851243,3.2699907,3.4569168,3.507362,3.2752712,3.3530116,4.1435776,4.1285853,4.1039157,3.7920535,3.76614,4.0529566,4.5390134,4.804157,4.1192985,4.3383646,4.1240573,3.9169927,3.9465744,4.2046723,3.6701024,3.6325767,4.288439,3.688621,3.9823647,4.2095246,3.7636786,3.9506457,4.5616093,4.5745354,4.8282037,4.54516,4.5361614,4.3140516,4.2479076,4.208951,4.444643,4.1032925,4.2637124,4.2907376,5.147744,5.158975,4.7421246,4.7821918,4.2295485,4.183602,4.252667,4.10276,4.2708845,3.6540642,4.154867,4.1683083,4.5744596,3.9659262,4.2911105,3.9899375,4.7340794,5.157553,4.459853,4.45752,4.3431945,4.655515,4.3320527,3.4972215,4.121683,4.3172503,4.194157,4.289148,5.1231194,4.918754,4.9911895,4.993537,4.9547734,4.8737283,5.2232294,5.0756807
26,3.0350196,4.9742093,2.9616868,3.265283,3.2620397,3.2620397,3.831355,3.2527587,3.4210064,3.7806158,3.0919368,3.2484608,3.4972188,3.3449442,3.788848,3.4499037,2.349945,1.6682559,3.0998855,2.8604696,2.410473,2.1726024,2.8012495,2.491638,1.209359,2.7373388,0.0,1.0282676,1.7070937,0.82095504,1.7910701,1.3328251,3.831273,3.9290254,3.4548693,3.505849,3.3766372,3.3656592,3.8231938,3.7383091,4.5583525,4.6437507,4.501102,4.687234,4.3882694,4.3451586,4.572502,4.9843025,3.8695405,4.0697885,4.117827,4.1174364,3.6982946,3.6721435,3.9248974,4.243517,3.9622946,3.9574704,4.829281,4.6033425,4.7282753,4.407046,4.5686455,4.7370796,4.496428,4.430448,3.7010157,3.7943015,4.3590655,4.1591086,4.2182207,4.5070987,4.030557,4.0017357,4.209112,3.9000177,4.1684666,4.4192295,4.109723,4.9967885,4.6327763,4.6960063,5.4479966,4.659654,4.6544952,4.1823072,4.090364,4.1378264,5.109755,4.6157036,4.532468,4.539511,5.3718257,5.4078717,4.9843473,4.997483,5.0830703,5.0799174,4.1525373,4.9811406,4.3791523,4.228682,3.951158,3.9550502,4.68514,4.3432446,4.6132708,4.409025,4.969765,5.35885,4.7524834,4.7553077,4.393486,4.662097,4.5459204,3.6096585,4.4805064,4.598924,4.5044775,4.4202724,5.5866084,5.165611,5.2195673,5.1902547,5.5153575,5.483948,5.9323235,5.8153195
27,2.71921,4.641017,2.637692,3.0766659,2.911713,2.911713,3.4167283,2.9028776,3.2671664,3.625354,2.7751312,3.1120226,3.2594156,3.1146908,3.3052433,3.1188724,1.6609206,1.382658,2.8270426,2.4345984,2.2285838,1.8234828,2.8577683,2.6305196,0.52437854,2.2008574,1.0282676,0.0,1.7365204,0.90852785,1.5201913,1.0001215,3.627048,3.7960806,3.1388743,3.2432172,3.2579668,3.2538805,3.7431998,3.64903,4.278519,4.423512,4.3573704,4.6282835,4.176309,4.1336584,4.3576965,4.79283,3.5519404,3.785762,3.8389692,3.826718,3.4533005,3.4270902,3.7251158,3.971235,3.7470965,3.7639954,4.5582967,4.3238406,4.6143794,4.2803316,4.1953006,4.39373,4.283775,4.43364,3.5966177,3.7200313,4.216679,4.004615,3.9778364,4.270824,3.7435906,3.7358606,3.9485736,3.7129896,3.9574187,4.250143,3.9209743,4.6541667,4.486666,4.531399,5.1791453,4.499337,4.5376,4.1193914,3.8033042,3.8747416,4.766057,4.417559,4.32484,4.3378706,5.201687,5.2335997,4.941874,4.9144135,4.732578,4.7380767,4.0650864,4.6328397,4.202452,4.038413,3.7602649,3.7600284,4.4294524,4.1071463,4.399544,4.176413,4.768065,5.245903,4.5437217,4.5434446,4.185017,4.432483,4.2321568,3.312047,4.2793975,4.4071584,4.29979,4.238075,5.581086,5.16359,5.199368,5.1788316,5.304466,5.2560973,5.7670302,5.634311
28,3.2323992,5.1192846,3.2537162,3.3557787,3.6004853,3.6004853,3.9937248,3.5749748,3.852263,4.616402,3.5485268,3.6342244,3.9157858,3.7382085,3.7863324,3.819376,2.692946,1.9392524,3.4405499,3.2448692,3.4018753,2.6411335,3.7350783,3.5609462,1.9783609,2.9401295,1.7070937,1.7365204,0.0,1.6897079,2.1366863,1.7764065,4.15879,4.2395372,3.6926901,3.7831538,3.682241,3.6119044,4.5495176,4.327421,4.5591044,4.6620755,4.339049,4.9626236,4.5472426,4.5041885,4.6652894,5.0735517,4.1804028,4.362687,4.425492,4.352759,4.130224,4.0986876,4.240239,4.5362105,4.0550704,4.056234,4.918749,4.8151407,4.7034197,4.4215107,4.6362586,4.8099365,4.880231,4.8209352,4.057263,4.023053,4.8350487,4.609937,4.6556616,4.9771323,4.3457003,4.3535357,4.7064195,4.2998524,4.5756903,4.9039116,4.5808506,5.241647,4.994893,5.045579,5.78772,4.97335,5.2835813,4.909146,4.466157,4.429826,5.2806587,4.8235655,4.747391,4.710927,5.887278,5.921653,5.243461,5.2971487,5.0829787,5.083219,4.3306594,4.98916,4.6279435,4.2779136,4.125855,4.1040516,4.680345,4.3075647,4.618456,4.3847766,5.178281,5.620434,4.8602324,4.842375,4.61891,4.8724,4.7533154,3.8441274,4.880659,4.975279,4.891868,4.8136997,6.047446,5.870928,5.924928,5.899311,6.2058706,6.160091,6.605624,6.4644413
29,3.1164806,5.0283766,3.028262,3.354586,3.1922207,3.1922207,3.7978754,3.181645,3.6698158,3.8853805,3.0737453,3.255609,3.33984,3.1769483,3.360076,3.313179,2.3130863,1.7936821,3.0389931,2.7661421,2.585147,2.0983374,3.201357,2.9149995,1.221728,2.888318,0.82095504,0.90852785,1.6897079,0.0,1.6689965,1.1082339,3.8363664,3.9343882,3.4624567,3.4689384,3.2828004,3.32679,3.751535,3.814451,4.5568976,4.6572504,4.544143,4.887044,4.3089504,4.263998,4.464327,4.913537,3.8038297,4.0176587,4.070936,4.0235724,3.666518,3.6383018,3.8730679,4.2183514,4.1449747,4.1269827,4.939687,4.651461,4.833734,4.541327,4.6646276,4.837123,4.509673,4.470589,3.7677326,3.8376598,4.3856864,4.1909976,4.225738,4.5160594,4.015609,4.0109224,3.9906917,3.9525256,4.1133213,4.4137945,4.210206,5.0113525,4.6497335,4.704456,5.4305105,4.666163,4.706998,4.2901373,3.991762,4.137235,5.0640745,4.6087193,4.533668,4.541466,5.342031,5.3761234,5.1223793,5.116773,4.9871473,5.010517,4.1863713,4.901748,4.327793,4.3275228,3.885837,3.8763616,4.7352705,4.4119105,4.6797056,4.4807544,4.9678574,5.4593,4.7542486,4.7564044,4.3955426,4.6193004,4.459162,3.5541637,4.5909204,4.6905823,4.5701613,4.482784,5.981877,5.4259157,5.4804153,5.452408,5.720242,5.6788144,6.1405,6.020177
30,2.9655652,5.1978054,3.0009959,3.6392934,3.551003,3.551003,4.041889,3.5543149,3.941909,4.302891,3.4215193,3.67686,3.8641982,3.6918375,2.8672664,2.8615048,2.2156615,1.8410083,3.149719,2.7648485,2.7545426,2.189317,3.3686805,3.0899734,1.6371752,2.7470694,1.7910701,1.5201913,2.1366863,1.6689965,0.0,0.6772677,3.9023714,4.0039444,3.4276092,3.78233,3.6160119,3.6370962,4.2172008,4.1413436,4.428527,4.5186553,4.390576,4.791913,4.297803,4.24561,4.399792,4.876636,3.6942692,3.913056,3.9793522,4.499598,3.8087878,3.804763,3.8710625,4.1246867,3.8425999,3.8504539,4.7533746,4.8190246,4.82897,4.5344276,4.4391217,4.603614,4.459885,4.537015,3.6940207,4.026563,4.4638433,4.2196274,4.3981614,4.684855,3.975392,3.957306,4.1365657,3.9145484,4.3930683,4.504464,4.2226233,4.9663897,4.739354,4.597675,5.3458357,4.554161,4.588426,4.2411556,3.8070867,3.9032326,4.919981,4.476276,4.315677,4.3309164,5.315274,5.3500886,4.9663157,5.147673,4.9999743,4.989008,4.214155,4.88251,4.431042,4.2441483,3.9012039,3.8998983,4.6789913,4.32166,4.645179,4.3964763,5.0461516,5.4410586,4.1750703,4.157166,4.3183775,4.595798,4.3588805,3.3941796,4.4831815,4.602838,4.47635,4.4360967,5.9355907,5.541365,5.5832014,5.5408587,5.732128,5.6907716,6.1632085,6.009758
31,2.8028226,4.92257,2.8146956,3.3816571,3.2453618,3.2453618,3.7994611,3.2457674,3.695512,4.069568,3.1242657,3.4040759,3.5397575,3.3858461,2.9535544,2.978246,1.883723,1.4713806,2.8356485,2.442588,2.4782085,1.8218529,3.1592677,2.857839,1.1868846,2.6656325,1.3328251,1.0001215,1.7764065,1.1082339,0.6772677,0.0,3.7028887,3.811664,3.2413037,3.4884608,3.3380415,3.3578157,3.927054,3.8653316,4.3267374,4.413289,4.321323,4.7108855,4.201545,4.1529417,4.303781,4.805228,3.628287,3.8410587,3.8997204,4.2169166,3.6334674,3.6183958,3.7845438,4.0473614,3.807373,3.8156528,4.6336527,4.560766,4.723122,4.4115467,4.3402343,4.512164,4.315631,4.3990483,3.5171223,3.7218423,4.3106,4.0708914,4.1523213,4.471749,3.8530211,3.8422785,3.9736443,3.7902164,4.1436186,4.344702,4.0824513,4.868482,4.582574,4.515985,5.2873554,4.46991,4.524048,4.1619663,3.6988318,3.7893097,4.842092,4.413096,4.225859,4.234726,5.2523828,5.2873697,4.924091,5.0510387,4.86948,4.86067,4.0535464,4.7570424,4.2746673,4.118674,3.7028358,3.6956587,4.553631,4.1749425,4.502817,4.2505884,4.9086523,5.3329244,4.248188,4.239519,4.156809,4.4141617,4.202651,3.3579516,4.3636417,4.459397,4.344464,4.2766476,5.849415,5.432997,5.4642725,5.430181,5.6182275,5.5728607,6.053654,5.914373
