,0,1,2,3,4,5,6,7,8,9,10,11,12,13,14,15,16,17,18,19,20,21,22,23,24,25,26,27,28,29,30,31,32,33,34,35,36,37,38,39,40,41,42,43,44,45,46,47,48,49,50,51,52,53,54,55,56,57,58,59,60,61,62,63,64,65,66,67,68,69,70,71,72,73,74,75,76,77,78,79,80,81,82,83,84,85,86,87,88,89,90,91,92,93,94,95,96,97,98,99,100,101,102,103,104,105,106,107,108,109,110,111,112,113,114,115,116,117,118,119,120,121,122,123,124,125,126,127
0,0.0,0.72202885,0.84091043,0.8231203,1.4073033,1.3392079,1.4262263,1.6632823,2.4387543,1.853512,1.7279714,1.9342701,1.91727,1.6027684,1.9607934,1.6967381,1.2641934,1.8516293,1.6493825,1.8632991,2.6802506,2.6969905,2.082433,2.1393015,1.4705479,1.6531432,1.3051512,1.5976822,1.2653117,1.8375058,1.8170264,2.5823565,1.8433331,1.6753867,1.700599,2.1898031,1.6258751,1.656516,2.0336294,2.0336294,2.3382742,2.3924353,1.3604306,1.6327915,1.8582118,1.8046975,1.363208,1.5925411,2.3764484,2.4686182,1.5430084,1.7191225,2.6287706,2.420614,2.261066,2.3353984,2.0181727,2.5556445,2.4436338,2.4359126,2.1475854,2.2560697,2.692079,2.692079,2.8609052,2.487912,2.0881658,2.0463448,2.0907018,1.5315566,1.1771533,1.3819075,1.9155073,1.7946185,2.047742,1.888119,1.4545465,1.8653241,2.2531238,2.3032846,1.4346044,1.2725585,1.7672479,1.5001162,1.2914909,1.4575864,1.4085317,1.2962751,2.3457644,2.5053978,1.8729409,2.177549,2.5601006,2.6545618,2.4609463,2.1767774,2.4449766,3.2425277,2.8977444,2.1327858,2.2987363,2.280698,2.010672,2.3364,2.1806376,2.559094,2.0509856,2.0087209,2.5090754,2.5873597,2.7744544,2.779196,2.4660234,2.508369,2.094873,2.129417,2.6366591,2.4807827,2.7201803,2.7331936,2.1711593,2.622914,3.0373757,2.5330546,2.2904367,2.4151003,2.3869596,2.232242
1,0.72202885,0.0,1.2526699,1.0390618,1.7311288,1.6288797,1.7228539,1.9429364,2.6078272,2.1343846,2.053001,2.1883812,2.268899,1.8680263,2.3551233,2.0502186,1.3171014,1.8233777,2.0317235,2.3097413,2.8350925,2.8780403,2.2761905,2.317625,1.8506967,1.9814694,1.6709574,1.9586706,1.6995622,2.1444626,2.1158257,2.782597,1.8448414,1.9069221,1.7988635,2.2078025,1.5983388,1.6402702,1.9520326,1.9520326,2.698108,2.765548,1.6295179,1.849266,2.035728,1.7536843,1.5915667,1.7640246,2.3695416,2.4570208,1.4127971,1.3605067,2.9543555,2.775783,2.6394324,2.700098,2.2018015,2.8964756,2.5313985,2.6168497,2.0730379,2.1557739,2.8361847,2.8361847,3.0683842,2.7295108,2.3253684,2.2632744,2.3184896,1.592066,1.4468285,1.389502,1.9834363,1.8237807,2.3597322,1.9273783,1.564863,1.9837017,2.5653625,2.5736806,1.7305826,1.3534836,2.113219,1.5539749,1.3233172,1.7667512,1.6701756,1.5895168,2.3486624,2.573104,1.8880018,2.184839,2.5225813,2.611816,2.411371,2.1339993,2.6388772,3.4402077,3.0889218,2.3164546,2.6630678,2.6582317,2.0192387,2.3389268,2.2911093,2.8382215,1.9409735,1.9920294,2.7779918,2.8534007,3.0598228,3.0633929,2.6553996,2.6453934,2.0614731,2.3017282,2.7267015,2.559244,2.6832738,2.6918638,2.0959384,2.5880008,3.0963473,2.5123074,2.538943,2.6681204,2.3925798,2.2508652
2,0.84091043,1.2526699,0.0,1.0530418,1.061795,0.89764255,1.0534041,2.037268,2.3074667,1.6424072,1.5715832,1.7241446,1.7762432,1.310384,1.9567872,1.5615803,1.3316127,1.7810227,1.596853,1.9104404,2.9056487,2.9580612,2.3642058,2.3925264,1.3031396,1.5150541,1.1096753,1.4941581,1.0656523,2.223058,1.6041876,2.4906988,1.7727742,1.294216,1.7093062,2.1921797,1.607064,1.6296595,1.9417696,1.9417696,2.4578822,2.516826,0.9163354,1.3238852,1.5477552,1.777762,0.9106937,1.1976079,2.8757515,2.9481013,1.4340565,1.8523833,2.6937459,2.5101225,2.3569932,2.4243765,1.7407422,2.6427457,2.1353428,2.725277,2.0594754,2.1602652,2.8895528,2.8895528,3.155671,2.6914964,2.4319577,2.3784442,2.4377372,1.5704921,1.5634283,1.4749514,1.9827543,1.8467534,2.458649,1.8840146,1.6715537,1.9549124,2.644958,2.6333978,1.099866,1.3846825,1.6314502,1.6119789,1.3351681,1.8325717,1.7730491,1.684701,2.3520539,2.593769,1.9003803,2.2207694,2.4798355,2.6163323,2.3273711,2.0993848,2.7214026,3.5038896,3.1446664,2.4179177,2.4095209,2.4024255,2.009527,2.3222187,1.8251423,2.4166749,1.9941356,1.8970362,2.4796767,2.5533772,2.7528186,2.7187483,2.6979275,2.6944664,2.0398934,2.3304513,2.7202652,2.5657902,2.6203632,2.62695,2.0913837,2.546903,3.1124558,2.494028,2.6531298,2.7844937,2.391196,2.2597048
3,0.8231203,1.0390618,1.0530418,0.0,1.2777585,1.4678472,1.3027498,2.1508574,2.5798051,1.8210579,1.7716135,1.9433012,1.9783515,1.5279231,2.1668332,1.7817062,1.4182836,1.8641762,2.005077,2.2393827,2.8117554,3.0184278,2.4648967,2.521921,1.2870187,1.4576799,1.5288019,1.791156,1.3199497,2.4038658,2.0127916,2.4930952,1.8833573,1.7790871,1.7985439,2.2933679,1.7272668,1.639541,2.1659024,2.1659024,2.743929,2.7757952,1.4573758,1.7313839,1.920509,1.914296,1.4424717,1.6568248,2.7488675,2.7414143,1.5797822,1.7449812,2.8685465,2.7067711,2.6679873,2.7262537,2.1056538,2.924495,2.5828812,2.834946,2.3037643,2.4110146,3.0937638,3.0937638,3.1310208,2.7308612,2.2939305,2.2700982,2.4834316,1.6664283,1.6683803,1.5235552,1.5357283,1.4103222,2.467932,1.9036318,1.4182013,1.7636595,2.61105,2.6394866,1.2337878,1.037482,1.5692472,1.2525611,1.4381394,1.909856,1.8498572,1.7677475,2.3428862,2.5613809,1.9236898,2.1238284,2.4419298,2.6349423,2.3725288,2.1158962,2.5065968,3.1907501,2.7747383,2.4880223,2.672058,2.6409454,1.8960682,2.4011462,2.3036327,2.719851,2.0465276,1.97578,2.7592938,2.7593544,2.9143507,2.9004443,2.7560203,2.7319777,2.1385577,2.3444521,2.779375,2.628307,2.7142239,2.7165112,2.2122,2.5273893,3.0824947,2.4899986,2.6550095,2.7679284,2.407756,2.2841766
4,1.4073033,1.7311288,1.061795,1.2777585,0.0,0.5203004,0.1604936,2.0185921,2.383552,1.7536685,1.6995757,1.8577071,1.9761065,1.4631022,2.024885,1.6863844,1.5441985,1.739109,1.9599153,2.2602313,2.794294,2.8403838,2.2823777,2.3299942,1.4249928,1.4416308,1.400621,1.2679185,1.2398651,2.5401337,1.9302766,2.285374,1.7275859,1.0108361,1.7998987,2.1230097,1.4577452,1.4346476,1.9136055,1.9136055,2.410272,2.4526153,0.7804598,0.89764154,1.1848391,1.6168394,1.1368569,0.8186093,2.9404461,2.9004402,1.3896724,1.8487905,2.5683587,2.6811125,2.3526125,2.4095297,1.6254869,2.5703263,2.0922713,2.7417219,2.0876539,2.134578,2.9258869,2.9258869,3.1497064,2.7718835,2.2909164,2.2798276,2.4358096,1.5392019,1.6622037,1.4053829,1.5108125,1.3860103,2.5012581,1.8957311,1.4021394,1.806581,2.7966852,2.6075253,0.3787418,0.99897426,1.0599821,1.1937921,1.2860734,1.8491334,1.7472686,1.6907768,2.2329903,2.4640825,1.6932405,1.9453605,2.2878325,2.4673038,2.2122748,2.0038757,2.4940689,3.2325153,2.8147087,2.4196131,2.4352021,2.3440173,1.7057407,2.2744346,1.7282223,2.3057349,1.8500384,1.6458632,2.3396125,2.330582,2.5892546,2.5765736,2.6137512,2.603444,1.8971235,2.21329,2.6843877,2.4467952,2.4979105,2.4752035,2.0872705,2.3920355,2.5230644,2.331746,2.562034,2.6814535,2.2390862,2.076222
5,1.3392079,1.6288797,0.89764255,1.4678472,0.5203004,0.0,0.50493604,1.9284027,2.2918735,1.7817984,1.7177036,1.8582152,2.0071244,1.4897071,2.0310638,1.6926287,1.4467967,1.6782368,1.8401326,2.183457,2.843164,2.7890778,2.1932185,2.229395,1.5860783,1.6291033,1.2794657,1.2116119,1.2853199,2.4065106,1.8328542,2.3867395,1.666027,0.8766953,1.7531188,2.0693934,1.3545078,1.433399,1.7582829,1.7582829,2.3169236,2.3773804,0.5738757,0.74284536,1.0745857,1.4958658,0.9976554,0.6371982,2.880271,2.8931124,1.2618715,1.7571148,2.5701032,2.6552875,2.266932,2.3276796,1.5107782,2.480922,1.9073267,2.647442,1.9136502,1.9540106,2.7908914,2.7908914,3.1504602,2.7559247,2.342541,2.3122537,2.3632066,1.4432526,1.5581852,1.313327,1.7954435,1.6558343,2.4670405,1.8654412,1.4992368,1.9041756,2.7898097,2.5966623,0.72010034,1.2108152,1.3395811,1.4008677,1.1786659,1.7749962,1.670779,1.6094351,2.2441292,2.4843552,1.6777087,2.0007386,2.3200088,2.4451418,2.1997948,1.9935398,2.6235695,3.4140732,3.048317,2.3542078,2.3624067,2.2865129,1.7716895,2.2127357,1.5280024,2.272627,1.7940255,1.6213958,2.251057,2.3005457,2.5911574,2.5876613,2.572942,2.569165,1.8199811,2.2068903,2.6546562,2.4103222,2.438499,2.417527,1.9987985,2.4000654,2.571074,2.3248107,2.5191836,2.64962,2.189887,2.0239954
6,1.4262263,1.7228539,1.0534041,1.3027498,0.1604936,0.50493604,0.0,2.0011897,2.3808875,1.7730298,1.7112213,1.8513415,1.9438217,1.4198794,2.0183372,1.6430585,1.5597976,1.7444897,1.9315529,2.2605572,2.7535694,2.8511329,2.2552958,2.291231,1.3849295,1.4005828,1.3951406,1.3055384,1.2244699,2.529113,1.9039145,2.2518988,1.682838,0.9724218,1.7679033,2.1276672,1.4060991,1.3780595,1.8214707,1.8214707,2.3873591,2.4384158,0.7470542,0.8770688,1.1452708,1.5715606,1.1061289,0.7755276,2.9230142,2.8722482,1.3634547,1.8298222,2.5225484,2.6378036,2.3254302,2.3822923,1.5749596,2.5275202,1.9958,2.698103,2.0071836,2.0446866,2.8575566,2.8575566,3.2108238,2.7839222,2.36377,2.3400123,2.452515,1.5461885,1.6443813,1.4187579,1.5150903,1.3737433,2.5073442,1.8850803,1.4448085,1.8062992,2.7958944,2.599136,0.3239301,0.9947072,1.1259334,1.2253187,1.2602838,1.8379934,1.7333125,1.6807648,2.1769412,2.4277132,1.6134918,1.908352,2.2376273,2.4172478,2.159314,1.9437059,2.4636533,3.2605264,2.7959013,2.3962698,2.4134562,2.3313377,1.6862373,2.2630024,1.6451719,2.2398744,1.7692364,1.5704083,2.3109868,2.3011734,2.5535805,2.5421307,2.566555,2.5537498,1.8405653,2.1883702,2.6273606,2.3770826,2.4416876,2.4207675,2.0523698,2.342888,2.4881763,2.2825239,2.5762424,2.7004654,2.2465088,2.0809681
7,1.6632823,1.9429364,2.037268,2.1508574,2.0185921,1.9284027,2.0011897,0.0,2.9122562,2.7181945,2.4129243,2.6736097,2.3549643,2.3850024,1.8322176,2.0855553,2.0796428,2.5072877,1.8313224,1.8753488,2.1885905,2.1020563,1.2927322,1.2885773,2.1712718,2.2011173,1.9095787,1.7919137,1.9019749,1.1319884,2.2694106,2.7528584,2.330583,2.0576904,2.1838481,2.4849412,2.0638936,2.1136358,2.3096178,2.3096178,1.3375324,1.4646034,1.9558648,1.9815484,2.0996609,2.0979106,2.196847,2.0689287,1.5703737,1.578509,2.2567158,2.3918993,1.7985004,1.8779403,1.2720256,1.3810586,2.4310145,1.6807536,2.6519449,1.5618051,2.4420793,2.4604924,1.773473,1.773473,2.7729528,2.3198504,2.1791747,2.104011,1.567539,2.1507573,0.84772223,2.0708253,2.575191,2.4486208,1.3401749,2.5532384,2.0801308,2.3728929,1.8649806,1.636816,2.0534391,1.9832531,2.3695323,2.2290535,1.9975663,1.0654598,0.64780706,0.51983327,2.70992,2.6609738,1.8730699,2.5158021,2.7733006,2.8667037,2.6994486,2.5052702,1.8980501,2.942501,2.4959738,1.6219758,1.7731365,1.7300866,2.4972448,2.7948365,2.5029647,2.24349,2.4205914,2.3839083,2.15565,2.241483,2.4637372,2.5676255,1.4670513,1.7064407,2.3990207,1.6831083,2.3092883,2.0283263,2.7657604,2.793198,2.6028702,2.9395835,2.5037284,2.7372866,1.7523112,1.8629657,2.809096,2.5374997
8,2.4387543,2.6078272,2.3074667,2.5798051,2.383552,2.2918735,2.3808875,2.9122562,0.0,1.301669,1.4164718,1.320172,2.3551836,1.870456,2.5424266,1.8379539,2.8161037,3.1821148,2.9294744,3.2608972,2.7223194,3.530121,2.8121562,2.8738666,2.4815874,2.1218848,1.8612196,2.7158687,1.8321649,2.686462,2.7355647,2.2473688,2.4247124,2.1469362,2.886458,3.0977025,2.2526958,2.3099754,2.4224088,2.4224088,3.3430526,3.4398997,2.344673,1.9164543,2.2388153,2.3814962,1.8885223,2.0469637,3.502099,3.5096517,2.1432502,2.4489856,3.2369797,3.0518668,2.8471518,2.8976,2.8365517,3.0562017,2.6988792,3.1814063,3.1024969,2.7844281,3.3572178,3.3572178,3.7548625,3.859381,3.3726456,3.2869987,3.4116726,2.9444253,2.837936,2.839552,2.6429205,2.537423,3.091056,2.6371534,2.4323132,2.6980298,3.1829872,3.1786635,2.5078416,2.6867168,2.9432724,2.790007,2.4814231,2.759621,2.8858383,2.7823637,2.7614405,2.7132864,2.4710965,2.3912637,3.1567862,2.9728723,3.4356523,3.2497122,3.3879566,4.020838,3.795858,3.1434355,3.1995716,3.1833444,2.7378595,3.0441082,2.630748,3.2182348,2.6521482,2.6257973,3.1207604,3.1892128,3.6632323,3.6543233,3.4175553,3.3581393,2.63461,2.9484284,3.2245395,3.0275037,3.0754611,3.0261693,3.0745459,3.3993397,3.8443413,3.3175983,2.8867512,3.0160902,3.1977704,3.1209965
9,1.853512,2.1343846,1.6424072,1.8210579,1.7536685,1.7817984,1.7730298,2.7181945,1.301669,0.0,0.4811315,0.39212784,1.866575,1.4410949,2.5310013,1.7183454,2.2548213,2.5209477,2.4549127,2.6677516,3.017059,3.5571012,2.8191276,2.8893394,1.7315156,1.6658233,1.7814114,2.2301643,1.5190032,2.7559915,2.4574652,2.475779,2.080666,1.8010566,2.394293,2.8789911,1.9556805,1.9084028,2.2577763,2.2577763,3.0934055,3.1491628,1.8618197,1.7879813,2.076382,2.2479455,1.5256411,1.7743698,3.3293712,3.4030747,1.8398991,2.2182217,3.038758,2.864811,2.730575,2.7728927,2.317656,3.009943,2.4933789,3.1548045,2.758741,2.6697128,3.3895159,3.3895159,3.3673394,3.5398357,3.0223067,2.9685028,3.1725707,2.5098302,2.4576957,2.358049,2.2609558,2.1332488,2.9321966,2.3965714,2.201315,2.3674195,2.962632,2.925706,1.804367,2.0641866,2.2288885,2.110448,1.9399122,2.3766065,2.56301,2.4349537,2.486696,2.4161162,2.2946076,2.0574348,2.7355397,2.74052,2.858571,2.655393,3.0789795,3.7137258,3.4244394,2.94125,2.938704,2.9377398,2.4152207,2.6939185,2.4983993,2.84535,2.4092607,2.3124945,3.0528736,3.0744953,3.494339,3.3500664,3.3715253,3.3368685,2.382486,2.6532512,2.9683769,2.8898275,2.8729722,2.8582425,2.6004357,3.005722,3.495134,2.8826044,2.6724558,2.7849767,2.892677,2.8308532
10,1.7279714,2.053001,1.5715832,1.7716135,1.6995757,1.7177036,1.7112213,2.4129243,1.4164718,0.4811315,0.0,0.4525227,1.7253404,1.4045285,2.3218954,1.5947479,2.11437,2.4261498,2.1842973,2.355133,2.8105397,3.347395,2.5464232,2.607226,1.5700203,1.5518681,1.6734089,2.1009574,1.413936,2.4598258,2.342347,2.4234447,2.083555,1.724939,2.3257766,2.7954752,1.897886,1.8441696,2.2475998,2.2475998,2.7363992,2.799904,1.7702876,1.7455295,1.9830117,2.157439,1.4861892,1.7198728,3.018368,3.0992653,1.8031079,2.1822257,2.6862094,2.4985938,2.3677576,2.4154227,2.2176113,2.7051232,2.4519148,2.8392816,2.6990979,2.6323485,3.1368399,3.1368399,3.1980047,3.4080215,2.847152,2.7692556,2.873958,2.4448133,2.2082927,2.2736878,2.311485,2.1557703,2.6687288,2.4802625,2.2344322,2.3801568,2.7372756,2.6812022,1.7407391,2.035861,2.1820433,2.0511594,1.9039534,2.1360543,2.3117805,2.1604416,2.559425,2.4506896,2.1923323,2.086221,2.6979492,2.6953506,2.763137,2.5958138,2.836867,3.462662,3.2106144,2.7094748,2.6859174,2.7049372,2.3893416,2.6471803,2.5092285,2.646883,2.3922644,2.3098915,2.917851,2.9446638,3.375487,3.229932,3.071016,3.0459616,2.358994,2.3844252,2.7673507,2.670409,2.768217,2.7690532,2.4698887,2.9516127,3.354214,2.7826345,2.4096634,2.525427,2.8326614,2.7258792
11,1.9342701,2.1883812,1.7241446,1.9433012,1.8577071,1.8582152,1.8513415,2.6736097,1.320172,0.39212784,0.4525227,0.0,1.8271067,1.427993,2.566991,1.65812,2.2807844,2.5706148,2.4094603,2.6197052,2.9651928,3.609565,2.7768688,2.8303087,1.6877637,1.655843,1.8550537,2.262012,1.5922734,2.7242763,2.5205839,2.5050833,2.1122675,1.8559504,2.4457498,2.9988904,1.9495006,1.8989722,2.1561027,2.1561027,2.9970074,3.0675876,1.9150202,1.8647087,2.1213868,2.26643,1.6063777,1.8401577,3.300989,3.363577,1.9305131,2.3025277,2.9525528,2.774062,2.665334,2.7142203,2.284129,2.89501,2.3771262,3.0373652,2.6930866,2.5962873,3.251563,3.251563,3.44322,3.627541,3.1341693,3.0554538,3.1296625,2.5588453,2.4449894,2.4387498,2.371063,2.2323027,2.93169,2.5124073,2.35367,2.4891262,2.9286542,2.871597,1.8646717,2.1309633,2.3462167,2.2087586,1.9483805,2.3158915,2.5301847,2.4068627,2.511047,2.409875,2.242084,2.0201972,2.729129,2.7444549,2.8369107,2.6364985,3.0414612,3.7571268,3.394712,2.9203289,2.898859,2.9028332,2.5022483,2.7888982,2.4678516,2.770975,2.3937564,2.288654,2.9865294,3.0064616,3.4503727,3.3104713,3.315991,3.2940996,2.360935,2.6173468,2.8939996,2.7975364,2.8521605,2.8415756,2.634317,3.024316,3.4627843,2.8730762,2.6071286,2.7226055,3.0026252,2.9215326
12,1.91727,2.268899,1.7762432,1.9783515,1.9761065,2.0071244,1.9438217,2.3549643,2.3551836,1.866575,1.7253404,1.8271067,0.0,1.2029456,2.541993,1.5787728,2.3337495,2.3088615,2.2739863,1.951994,2.4900413,3.4662807,2.4793262,2.4761488,1.3717295,1.1614813,1.9229138,2.224846,1.3749847,2.2840605,1.3140112,2.1914487,1.7745237,1.6210163,2.0713995,2.8795424,1.7568848,1.528145,2.2482753,2.2482753,2.5233696,2.5472002,2.183751,2.1021855,1.8791195,2.2466173,1.46393,1.8989006,2.95651,2.8141563,2.074922,2.4358244,2.4444964,2.1731753,2.1208568,2.182325,2.2157373,2.3469923,2.3219008,2.506556,2.8379872,2.7128246,2.940194,2.940194,3.6280763,3.2598648,2.853434,2.7909756,2.8300912,2.458013,2.123881,2.4099724,2.294828,2.1768935,2.1837583,2.2996056,2.2293708,2.2637444,1.7855186,1.8560506,1.9725807,2.1387093,2.3078384,2.3549237,2.0637279,2.0671883,2.2269413,2.1711159,2.7080054,2.8733454,2.2685733,2.6238465,2.4401116,3.0666,2.6198463,2.433907,2.2546325,3.0413103,2.565501,2.1191127,2.092217,2.146993,2.5642123,2.6373057,2.6406624,2.1903565,2.4931896,2.3830338,2.739787,2.7772038,2.8728986,2.3910668,2.5657065,2.5964887,2.519771,1.9349644,2.4173088,2.7195716,2.955029,3.0632305,2.3755512,3.1533935,3.3950627,2.9836614,3.1288643,3.2511897,3.3334064,3.2317538
13,1.6027684,1.8680263,1.310384,1.5279231,1.4631022,1.4897071,1.4198794,2.3850024,1.870456,1.4410949,1.4045285,1.427993,1.2029456,0.0,2.3767626,0.835189,1.9833527,2.2548637,2.1481357,2.4201417,2.5688143,3.5121176,2.47364,2.496161,0.9006656,0.6502944,1.2483217,1.9721226,1.0608416,2.419643,1.7248602,1.9877511,1.6239767,1.4695144,2.1134853,2.878927,1.3016877,1.2311748,1.7617207,1.7617207,2.7409875,2.800933,1.492965,1.415922,1.5032359,1.8454338,1.0249527,1.374264,3.145843,3.0432322,1.6007478,2.003003,2.7556713,2.5678637,2.4777482,2.5545554,1.81052,2.5174956,2.0277987,2.6377466,2.4769905,2.343483,3.0350661,3.0350661,3.8107154,3.4798367,2.652775,2.5693262,2.7916288,2.0997257,2.1160066,1.991783,1.8400291,1.7236143,2.6338568,2.112944,1.7769787,2.1169176,2.4353924,2.4808083,1.4929997,1.714796,1.9047159,1.8812174,1.4902856,1.9748025,2.1921015,2.1349208,2.468021,2.7316144,2.0161495,2.3259182,2.5466855,2.7843258,2.653765,2.4434536,2.7004035,3.418978,3.0270774,2.5870025,2.637444,2.6110168,2.199767,2.6188662,2.115563,2.6155927,2.1608996,2.027574,2.6835647,2.7176025,2.9336152,2.8341866,2.70653,2.6460376,2.1913323,2.3716383,2.7802513,2.643816,2.7144945,2.7251947,2.363782,2.8339632,3.3022501,2.7063737,2.9278967,3.076791,2.7526445,2.6677144
14,1.9607934,2.3551233,1.9567872,2.1668332,2.024885,2.0310638,2.0183372,1.8322176,2.5424266,2.5310013,2.3218954,2.566991,2.541993,2.3767626,0.0,2.035171,2.4226475,3.0190809,2.0401804,2.2974195,2.1278942,1.9669139,2.085635,2.0929697,2.3407223,2.1655457,1.5164503,2.1559615,1.424948,1.6866113,2.1599405,2.1841986,2.8717723,2.0565944,2.5916939,2.114085,2.7241886,2.7169192,2.8739927,2.8739927,2.2142582,2.344823,2.0140915,1.9533372,2.1477482,2.4002357,1.9759951,2.0158887,2.7957265,2.7230496,2.4737692,2.7913501,2.2330158,2.0233438,1.927104,2.0248053,2.8662817,2.437764,2.9503403,2.5717006,2.8477561,2.7554262,2.5015676,2.5015676,2.8457053,2.3351552,2.7492907,2.6547174,2.375111,2.48274,1.8716713,2.4696102,2.5120554,2.4379551,2.2011294,2.6606097,2.2421875,2.5107172,2.810758,2.8182633,2.106453,2.336513,2.4816191,2.60332,2.7256472,2.4098122,1.9267465,1.8721136,2.828886,2.8878238,2.1455746,2.690454,3.1235094,3.100741,3.129584,3.0022845,2.5057728,3.3097067,2.8685076,2.434759,2.341117,2.3008502,2.6312528,3.083269,2.406008,2.5187464,2.6317756,2.5775368,2.2987487,2.3412938,2.578985,2.8257902,2.3459525,2.4253829,2.6702363,2.4475594,2.8559892,2.5323646,3.050145,3.0286627,3.0526931,3.1679893,3.3675468,3.1674976,2.5399404,2.647607,3.0977013,2.826723
15,1.6967381,2.0502186,1.5615803,1.7817062,1.6863844,1.6926287,1.6430585,2.0855553,1.8379539,1.7183454,1.5947479,1.65812,1.5787728,0.835189,2.035171,0.0,2.21012,2.740915,2.1046777,2.4869545,2.2938073,3.3195872,2.2171998,2.2364097,1.1146262,0.8831155,1.0747253,1.9515675,1.0886683,2.0481892,2.0179043,1.9785221,1.9979887,1.8198234,2.37319,3.085917,1.6628114,1.6889665,1.861618,1.861618,2.5317235,2.6256084,1.591092,1.4774328,1.7607197,2.0583925,1.4681096,1.6595749,3.0025842,2.9142187,1.9876873,2.3468096,2.5470855,2.342048,2.2233732,2.32041,2.0681775,2.2188265,2.1863215,2.385816,2.5788364,2.4265482,2.7122462,2.7122462,3.8243062,3.41568,2.6457014,2.545012,2.6070926,2.2672522,2.020267,2.2400749,2.095093,2.0019927,2.4994469,2.3586547,1.9021748,2.2837365,2.3607047,2.4453313,1.7199886,1.9471548,2.121775,2.1575625,1.7151905,1.7668982,2.0193284,1.9499979,2.52877,2.7105222,2.0190299,2.436117,2.8927338,2.8428073,3.0095215,2.7697923,2.6978247,3.4650383,3.0419512,2.611491,2.5942852,2.536918,2.3934488,2.909768,2.1336944,2.6632938,2.33081,2.2145646,2.454663,2.5000443,2.7279184,2.864674,2.4326346,2.4102588,2.330915,2.4688342,2.8414977,2.4666338,2.8042965,2.776649,2.7575603,2.946303,3.3031754,2.8234541,2.608991,2.7651818,2.7881365,2.663133
16,1.2641934,1.3171014,1.3316127,1.4182836,1.5441985,1.4467967,1.5597976,2.0796428,2.8161037,2.2548213,2.11437,2.2807844,2.3337495,1.9833527,2.4226475,2.21012,0.0,1.1563579,1.7628766,1.8393346,3.0709562,2.949357,2.4098568,2.43568,1.9098634,2.1066504,1.801354,1.5875651,1.8521785,2.4715774,2.1712825,2.8741796,1.9600399,1.7256775,1.8873885,2.2642407,1.7762,1.807215,2.1869392,2.1869392,2.2624357,2.2809699,1.502714,1.7764351,1.8259908,1.887283,1.6202302,1.6217998,2.705191,2.742242,1.6273284,1.7977889,2.8929367,2.8333561,2.606262,2.6686578,2.0379002,2.8420565,2.4791515,2.73988,2.17765,2.3234913,2.977604,2.977604,3.1511717,2.793019,2.4636765,2.4115653,1.8614522,1.4395058,1.6098104,1.5752279,2.156558,2.0073295,2.4699328,2.0766168,1.8936448,2.1186793,2.8073277,2.6874928,1.4970293,1.4430362,1.9279885,1.5891211,1.4251697,1.8334655,1.7623199,1.6620355,3.071892,3.2252755,2.0034,2.2382274,2.4979818,2.6922462,2.2755616,2.1218293,2.717962,3.3091726,3.0603456,2.4596179,2.51732,2.4907749,1.979465,2.327783,2.2040505,2.7013967,2.1581278,2.0677748,2.4960515,2.563741,2.7728014,2.774258,2.7512274,2.755272,2.1874356,2.3420181,2.803314,2.677637,2.7558792,2.7748597,2.018851,2.5795865,2.9938488,2.574099,2.621635,2.703447,2.4748228,2.2851737
17,1.8516293,1.8233777,1.7810227,1.8641762,1.739109,1.6782368,1.7444897,2.5072877,3.1821148,2.5209477,2.4261498,2.5706148,2.3088615,2.2548637,3.0190809,2.740915,1.1563579,0.0,2.185773,2.0612116,3.3235922,3.2013276,2.6818614,2.6961699,2.2411754,2.3625531,2.3892953,2.0519009,2.246176,2.984892,2.1280615,3.0072346,1.7685127,1.6195471,1.7006353,2.150623,1.7028015,1.6510023,2.3504283,2.3504283,2.5227106,2.4856064,1.9037368,2.0630076,1.7801285,1.8554031,1.7768099,1.7268726,2.901254,2.8392777,1.6342037,1.790663,3.01098,3.088143,2.8373644,2.8647003,1.9765434,3.0315378,2.4356666,2.9602525,2.2630708,2.3915162,3.253075,3.253075,3.356579,2.922391,2.7939942,2.783565,2.4372268,1.7331127,1.9625964,1.7005322,2.204934,2.0372937,2.6049924,2.0252686,2.1190221,2.0948923,2.9107645,2.6623254,1.6945746,1.623753,2.0548155,1.7251173,1.6831347,2.259276,2.1599774,2.1039739,3.1249008,3.3098953,2.1452553,2.3265197,2.0460942,2.7548013,1.8104634,1.7347118,2.6070707,3.2608464,2.980746,2.3456767,2.4844048,2.5146143,1.9586042,2.0450776,2.430843,2.5512424,2.1566837,2.0584013,2.878715,2.925445,3.0705175,2.7275534,2.9514875,2.9469628,2.2233126,2.1572342,2.6466978,2.8789792,2.7279842,2.817514,1.6042036,2.6024604,2.8165987,2.5567365,3.0999496,3.1704519,2.6942627,2.5643554
18,1.6493825,2.0317235,1.596853,2.005077,1.9599153,1.8401326,1.9315529,1.8313224,2.9294744,2.4549127,2.1842973,2.4094603,2.2739863,2.1481357,2.0401804,2.1046777,1.7628766,2.185773,0.0,1.4317198,2.9183009,2.861438,2.3202655,2.3004835,1.8408781,2.1097062,1.7610161,2.3181605,1.8172363,1.995144,2.1861532,2.8954885,2.4376686,1.9809943,2.2430453,2.6007159,2.2636375,2.2773457,2.4841356,2.4841356,1.7083663,1.7783445,1.7190917,2.0584872,2.1705842,2.3350244,1.9030178,2.0108173,2.6712248,2.7362437,2.3082843,2.6126325,2.400115,2.2299552,2.0366092,2.1301796,2.254378,2.3455787,2.581752,2.426025,2.4734774,2.6151195,2.5722497,2.5722497,3.1203668,2.6975057,2.6641974,2.5727751,2.172101,2.4684587,1.6442608,2.200358,2.714269,2.6117334,2.2919626,2.6259117,2.461789,2.613015,2.5874493,2.5436616,1.887668,2.078566,2.2361367,2.284342,2.0793464,1.7934796,1.6942066,1.6132033,3.2507823,3.2755935,2.2118397,2.617417,2.9342365,3.0840564,2.7059884,2.5450923,2.6170993,3.7690167,3.2680643,2.400161,2.2107017,2.333829,2.6080894,2.9129698,2.4084754,2.4992087,2.5966232,2.5194983,2.808895,2.896875,3.0405102,3.091914,2.535423,2.6720698,2.6368067,2.4012628,2.797501,2.688462,3.0702543,3.103527,2.682448,3.030779,3.2410128,2.9476006,2.4632628,2.5368135,2.9855402,2.7733781
19,1.8632991,2.3097413,1.9104404,2.2393827,2.2602313,2.183457,2.2605572,1.8753488,3.2608972,2.6677516,2.355133,2.6197052,1.951994,2.4201417,2.2974195,2.4869545,1.8393346,2.0612116,1.4317198,0.0,2.9662185,2.8589468,2.3748713,2.3522694,2.104492,2.3328407,2.2949731,2.107234,2.0330508,2.0096002,1.9012843,3.099021,2.5681725,2.0916052,2.234143,2.622851,2.5442917,2.4548688,2.9151301,2.9151301,1.4988337,1.4882765,2.3012202,2.551955,2.3963485,2.6533124,2.1388564,2.3498313,2.5735753,2.6125152,2.606821,2.903003,2.2199557,1.9772913,1.814559,1.8961889,2.5381756,2.311874,2.8757088,2.4053738,2.871718,3.011022,2.687705,2.687705,2.8828862,2.528793,2.7277503,2.6626728,1.9268355,2.4241564,1.6626016,2.4643493,2.9792948,2.8686776,1.8646852,2.7743018,2.738298,2.7130466,2.0998282,2.045028,2.2048402,2.3712933,2.4918842,2.5769527,2.431435,1.9101266,1.7811543,1.6883404,3.4944735,3.4891212,2.5474312,2.9349597,2.8896031,3.3663576,2.6889637,2.586013,2.307934,3.1059172,2.744914,2.0170903,1.6719028,1.7979131,2.869315,2.8712342,2.8916874,2.1923006,2.922335,2.812542,2.6043808,2.6914475,2.7568305,2.4439924,2.4821033,2.6693516,2.902637,2.017847,2.589298,2.835227,3.3032484,3.412962,2.5783591,3.3177998,3.3561733,3.1936731,2.7200081,2.7711656,3.4446392,3.2290657
20,2.6802506,2.8350925,2.9056487,2.8117554,2.794294,2.843164,2.7535694,2.1885905,2.7223194,3.017059,2.8105397,2.9651928,2.4900413,2.5688143,2.1278942,2.2938073,3.0709562,3.3235922,2.9183009,2.9662185,0.0,2.2110436,1.5015106,1.4920069,2.727718,2.262289,2.3429937,2.9344025,2.1382768,1.9701958,2.5102086,1.388841,2.8248744,2.5666971,2.6280494,2.693932,2.5188637,2.5787868,2.9181933,2.9181933,2.391721,2.4696863,2.9147694,2.558654,2.2782905,2.1250162,2.5629296,2.6022606,2.673374,2.0533838,2.7846262,2.8964484,1.9449986,1.9304256,2.2212431,2.290168,2.8464365,1.8186544,2.739936,1.6739118,2.925383,2.582288,2.0236475,2.0236475,3.8645387,3.052798,3.3599997,3.258754,2.6207223,2.7505097,2.1917458,2.8469937,2.367843,2.2894309,1.80695,2.687144,2.4616525,2.3585348,2.370066,2.3906333,2.8367407,2.7604668,3.1513147,3.0260806,3.0073986,2.5789688,2.3628538,2.3457186,2.8575828,2.9148092,2.0431316,2.6381629,2.8815033,3.102006,3.2054653,3.0436597,1.6828914,2.657422,2.05979,1.8219512,2.070238,2.0284188,2.4961174,2.947268,2.7685704,2.471808,2.5313716,2.4916863,2.4019146,2.442778,2.5922887,2.638744,1.7367727,1.8235813,2.5816123,1.8368679,2.3773665,2.269568,2.9515414,2.992498,2.9694169,3.252539,3.1476934,3.1517665,2.6021302,2.719428,3.3543367,3.1410508
21,2.6969905,2.8780403,2.9580612,3.0184278,2.8403838,2.7890778,2.8511329,2.1020563,3.530121,3.5571012,3.347395,3.609565,3.4662807,3.5121176,1.9669139,3.3195872,2.949357,3.2013276,2.861438,2.8589468,2.2110436,0.0,1.7512468,1.7963121,3.484127,3.305721,2.7398171,2.8087425,2.69735,2.2446706,2.9147499,2.7059445,3.413998,2.7586179,2.7159708,1.7999306,3.1638741,3.3010151,3.556187,3.556187,2.2649918,2.3181396,2.9256809,2.792832,2.6320431,2.4346747,2.9525084,2.7920198,2.6568441,2.350089,3.0350611,3.1396177,2.2675974,2.4595938,2.4436872,2.4893243,3.132456,2.4565275,3.2869217,2.3455691,2.8917372,2.8271458,2.2851086,2.2851086,2.9316695,2.0220404,3.2394705,3.2034228,2.3567774,2.5699599,1.9813317,2.6536775,2.8863733,2.8234267,1.923408,2.918336,2.6962273,2.6528864,3.1469898,3.0125148,2.9433463,2.893809,3.1445932,3.0986204,3.3148625,2.8727834,2.267146,2.2449398,3.1573405,3.1326735,2.442442,2.9127917,3.2180245,3.3130715,3.2256825,3.1164167,2.2281654,3.0137653,2.711793,1.9693128,2.1098099,2.033822,2.6454728,2.9287665,2.8759668,2.6340625,2.8218513,2.7836916,2.44939,2.5402982,2.7282283,2.8787043,2.2440987,2.431709,2.8281202,2.2036388,2.79807,2.6717181,3.2361023,3.2554896,3.0526416,3.3119671,2.9662569,3.283016,2.4113085,2.4650912,3.1943696,2.9048126
22,2.082433,2.2761905,2.3642058,2.4648967,2.2823777,2.1932185,2.2552958,1.2927322,2.8121562,2.8191276,2.5464232,2.7768688,2.4793262,2.47364,2.085635,2.2171998,2.4098568,2.6818614,2.3202655,2.3748713,1.5015106,1.7512468,0.0,0.21041633,2.475231,2.3121855,2.0689092,2.2290206,2.084681,1.5794102,2.3755147,2.1355243,2.4826012,2.2143939,2.0970538,2.3959289,2.032984,2.2547534,2.5038803,2.5038803,1.572396,1.6370502,2.2810516,2.1243205,1.9145764,1.6410717,2.327509,2.2029781,1.8847241,1.4857572,2.3084006,2.4285986,1.3564329,1.6139021,1.6164641,1.6662084,2.1088626,1.1670308,2.2749271,0.9372234,2.207085,2.0798383,1.4433995,1.4433995,3.4533756,2.6205127,2.8427498,2.7687938,1.7879951,2.032196,1.2075366,2.1050375,2.4063673,2.23216,1.2726488,2.476337,2.2322266,2.112191,2.2145417,2.0663567,2.3455896,2.3463807,2.6396983,2.4564488,2.303428,1.7130747,1.5939732,1.4582689,2.5992785,2.6162755,1.7268524,2.3711882,2.6587465,2.5385747,2.7335863,2.5313935,1.6105263,2.5546985,2.251103,1.2491231,1.4930254,1.4505596,1.9935493,2.2900934,2.3285193,2.0049627,2.1067817,2.1053398,1.9883459,2.1114256,2.3157296,2.423441,1.0452397,1.2220888,2.1003926,1.2969077,1.987599,1.6525344,2.423353,2.4640636,2.2650034,2.6133728,2.337974,2.418067,1.6772369,1.8192775,2.4485211,2.2025127
23,2.1393015,2.317625,2.3925264,2.521921,2.3299942,2.229395,2.291231,1.2885773,2.8738666,2.8893394,2.607226,2.8303087,2.4761488,2.496161,2.0929697,2.2364097,2.43568,2.6961699,2.3004835,2.3522694,1.4920069,1.7963121,0.21041633,0.0,2.491123,2.3346188,2.107515,2.2730858,2.1135092,1.5753455,2.3533788,2.1637676,2.4769626,2.2242823,2.0916064,2.417602,2.0596902,2.266813,2.491204,2.491204,1.5160669,1.5930761,2.3048835,2.163332,1.9309354,1.6749072,2.345777,2.2262087,1.8584553,1.4421234,2.336897,2.46153,1.274552,1.537293,1.5613474,1.6080632,2.1338902,1.12314,2.252546,0.89328426,2.2003834,2.0656617,1.3547645,1.3547645,3.527789,2.615665,2.9303946,2.8458676,1.827877,2.0913558,1.2322558,2.1835442,2.484761,2.3000388,1.3143661,2.5033276,2.325747,2.1556568,2.2331715,2.0696485,2.3751643,2.394127,2.7198389,2.5319989,2.3452375,1.7475681,1.6065364,1.4761164,2.6403615,2.6721773,1.7138718,2.4195824,2.6442986,2.5385315,2.7069225,2.5144372,1.5994073,2.5903194,2.249279,1.245661,1.4608572,1.4509729,2.042009,2.3165329,2.3242443,1.9415209,2.1083312,2.1244178,1.9914654,2.116757,2.2931697,2.390134,0.93410766,1.120881,2.128728,1.2945335,1.9365727,1.6016093,2.407682,2.4573698,2.2547512,2.6145499,2.358528,2.427525,1.7913089,1.9312743,2.5165203,2.268001
24,1.4705479,1.8506967,1.3031396,1.2870187,1.4249928,1.5860783,1.3849295,2.1712718,2.4815874,1.7315156,1.5700203,1.6877637,1.3717295,0.9006656,2.3407223,1.1146262,1.9098634,2.2411754,1.8408781,2.104492,2.727718,3.484127,2.475231,2.491123,0.0,0.74646527,1.5273885,1.8937083,1.2686214,2.3967795,1.9602803,2.3798802,1.8997943,1.7682245,2.1117718,2.9917238,1.6300551,1.4989983,1.9890318,1.9890318,2.4878018,2.533524,1.5001589,1.7481478,1.8602172,2.120673,1.4761286,1.7155229,2.982313,2.9104457,1.9556571,2.3009665,2.5735393,2.4049318,2.3764172,2.4582589,1.8300408,2.445053,2.2526665,2.5611522,2.4712234,2.5212445,2.9438074,2.9438074,3.6375332,3.2864187,2.5232956,2.4478085,2.6042457,2.1356244,1.906196,2.0066557,1.9358912,1.8313696,2.5448244,2.3585737,1.9581705,2.2176988,2.3433776,2.3688989,1.3276864,1.5477961,1.6843858,1.7372869,1.518253,1.7253978,1.9464383,1.8869562,2.564243,2.7366612,2.0682185,2.387318,2.5994098,2.874068,2.554039,2.3364673,2.4967341,3.3121378,2.7844796,2.563016,2.5494983,2.5307555,2.3292952,2.8007314,2.3132236,2.5177908,2.3175082,2.151837,2.7094827,2.7011392,2.8543906,2.7927957,2.594336,2.596012,2.3333051,2.3303945,2.7439249,2.5767126,2.805124,2.8246162,2.4823422,2.804304,3.1357536,2.6404836,2.7231452,2.8509908,2.801589,2.6814566
25,1.6531432,1.9814694,1.5150541,1.4576799,1.4416308,1.6291033,1.4005828,2.2011173,2.1218848,1.6658233,1.5518681,1.655843,1.1614813,0.6502944,2.1655457,0.8831155,2.1066504,2.3625531,2.1097062,2.3328407,2.262289,3.305721,2.3121855,2.3346188,0.74646527,0.0,1.3700503,2.0102453,0.9770447,2.2922435,1.7373662,1.7898607,1.8028635,1.5594106,2.1452687,2.8135593,1.4937657,1.3293992,1.9369155,1.9369155,2.5622015,2.6166775,1.6503298,1.5549725,1.5872138,1.927694,1.2790102,1.5229865,2.9731407,2.7898479,1.7991308,2.1572003,2.4727015,2.3207839,2.2789743,2.3607225,1.9610523,2.348485,2.1899056,2.466834,2.5595877,2.4366834,2.872044,2.872044,3.6599238,3.313288,2.5352116,2.460676,2.6568363,2.1878896,1.993177,2.0355418,1.6374702,1.5320547,2.3958647,2.2081857,1.7113115,2.0530431,2.2243698,2.2690682,1.4340322,1.6169794,1.7487999,1.7894825,1.6884382,1.8948616,2.0409327,1.9909266,2.4235659,2.6559138,1.9084084,2.2835572,2.4907672,2.7894616,2.635506,2.422198,2.3021834,3.110931,2.5672748,2.399697,2.4674017,2.4293969,2.1695843,2.6800978,2.252101,2.4427767,2.173112,2.0276637,2.6024697,2.5880616,2.7548883,2.6677341,2.4454186,2.4172714,2.2206686,2.1646519,2.6144817,2.484273,2.7157412,2.7358894,2.4595268,2.806618,3.110922,2.6710265,2.8129573,2.9520783,2.8240826,2.699952
26,1.3051512,1.6709574,1.1096753,1.5288019,1.400621,1.2794657,1.3951406,1.9095787,1.8612196,1.7814114,1.6734089,1.8550537,1.9229138,1.2483217,1.5164503,1.0747253,1.801354,2.3892953,1.7610161,2.2949731,2.3429937,2.7398171,2.0689092,2.107515,1.5273885,1.3700503,0.0,1.7583848,0.820702,1.8049924,1.7323802,1.9444213,2.0137799,1.4862953,2.1383522,2.367876,1.6963416,1.8067524,2.0137165,2.0137165,2.386813,2.4761794,1.1415881,1.0520686,1.3983785,1.7071744,1.0591631,1.2400951,2.8545103,2.8106434,1.6245275,2.0025234,2.5800114,2.375001,2.177379,2.273127,2.030016,2.3518975,2.2467594,2.4597142,2.357304,2.2442064,2.6812756,2.6812756,3.3283765,2.8796725,2.3794844,2.2927113,2.3571372,1.92051,1.7280923,1.7835344,1.9922216,1.8977008,2.3309538,2.0539503,1.5250801,2.053133,2.5520482,2.603463,1.558185,1.7682788,1.9387782,1.9686904,1.7239274,1.9011304,1.7934747,1.7279046,2.5379426,2.7301676,1.8613265,2.3690016,2.7231398,2.7485065,2.7383273,2.574459,2.706762,3.472715,3.1701615,2.448488,2.4927878,2.4454503,2.1489406,2.6449492,1.8573421,2.6432636,2.1728685,2.0801225,2.3559883,2.4486544,2.7208574,2.9041672,2.3987744,2.3669486,2.1388125,2.3697877,2.8048966,2.4788504,2.6107006,2.5712523,2.5208323,2.7783642,3.2379112,2.7154863,2.5075703,2.653842,2.4479759,2.2762866
27,1.5976822,1.9586706,1.4941581,1.791156,1.2679185,1.2116119,1.3055384,1.7919137,2.7158687,2.2301643,2.1009574,2.262012,2.224846,1.9721226,2.1559615,1.9515675,1.5875651,2.0519009,2.3181605,2.107234,2.9344025,2.8087425,2.2290206,2.2730858,1.8937083,2.0102453,1.7583848,0.0,1.7019558,2.3574913,2.1722689,2.7694185,2.0832546,1.6248275,2.0413072,2.512128,1.9121255,1.965242,2.2500799,2.2500799,2.1797688,2.2209585,1.3716019,1.5176653,1.6926103,2.0392864,1.745211,1.5478158,2.9046493,2.902402,2.0459733,2.385207,2.647703,2.7340198,2.3048143,2.3834627,1.9791192,2.4316278,2.4042957,2.6160173,2.3619287,2.4529572,2.8013027,2.8013027,3.0982926,2.6479301,2.326423,2.3080454,2.0421164,1.3546906,1.5854908,1.8453004,2.2036276,2.1437762,2.3411953,2.1797268,1.8122531,2.1462164,2.607708,2.3913507,1.3646756,1.568372,1.8108797,1.9274752,1.61143,1.6890811,1.5350713,1.5266491,2.647096,2.7423506,2.0729737,2.3963528,2.6317356,2.923544,2.49366,2.3355596,2.6378486,3.0792577,2.825617,2.4050987,2.3143206,2.1083493,2.3056943,2.700663,2.0404866,2.4546614,2.3935242,2.133611,1.8166077,1.8598669,2.1799831,2.2145367,2.5433915,2.6059525,2.26269,2.2830715,2.8492477,2.6039853,2.8375556,2.824476,2.465413,2.866777,2.7100875,2.759918,2.4185889,2.5206351,2.6904874,2.4937286
28,1.2653117,1.6995622,1.0656523,1.3199497,1.2398651,1.2853199,1.2244699,1.9019749,1.8321649,1.5190032,1.413936,1.5922734,1.3749847,1.0608416,1.424948,1.0886683,1.8521785,2.246176,1.8172363,2.0330508,2.1382768,2.69735,2.084681,2.1135092,1.2686214,0.9770447,0.820702,1.7019558,0.0,1.8433361,1.3653736,1.7013085,1.8023449,1.1968955,1.8806877,2.1601598,1.6667345,1.5938647,2.0144908,2.0144908,2.3409557,2.4169345,1.3549461,1.2327663,1.3796206,1.757002,0.8512655,1.1991047,2.788218,2.6933725,1.6046693,2.023133,2.3452616,2.1148982,1.9937718,2.0780623,2.0647764,2.3107953,2.2050595,2.4581764,2.3912916,2.2616036,2.6488736,2.6488736,3.1250646,2.6592286,2.4571257,2.3881588,2.4579782,1.9432085,1.6602352,1.8686424,1.7240713,1.6212361,2.1031768,1.8630428,1.488953,1.8090861,2.2568083,2.2957296,1.3248836,1.56162,1.7985233,1.8659034,1.7679505,1.8952363,1.7606574,1.698073,2.2651865,2.4523995,1.6986226,2.129095,2.4107652,2.660501,2.5220304,2.3179858,2.290568,3.1457806,2.6672404,2.1662326,2.1730955,2.147326,2.0435967,2.4710178,1.9439218,2.2361336,2.03334,1.9223857,2.2804596,2.319759,2.5375388,2.4971495,2.3751945,2.3810725,2.073413,2.0522354,2.4953732,2.385312,2.6116571,2.6229286,2.3630064,2.7319705,3.1307771,2.6780112,2.5991523,2.7338035,2.7027895,2.5411062
29,1.8375058,2.1444626,2.223058,2.4038658,2.5401337,2.4065106,2.529113,1.1319884,2.686462,2.7559915,2.4598258,2.7242763,2.2840605,2.419643,1.6866113,2.0481892,2.4715774,2.984892,1.995144,2.0096002,1.9701958,2.2446706,1.5794102,1.5753455,2.3967795,2.2922435,1.8049924,2.3574913,1.8433361,0.0,2.1191328,2.6179833,2.6326764,2.3588972,2.5206645,2.6707475,2.4336965,2.4811144,2.6942449,2.6942449,1.7999486,1.9264002,2.3942382,2.3207507,2.395808,2.4035313,2.2513232,2.403119,1.8772418,1.8646313,2.5286763,2.6587381,2.077713,1.7391981,1.4079877,1.5363204,2.887061,1.8786204,2.9881203,1.7176108,2.9370434,2.8348322,2.0182738,2.0182738,2.9323914,2.5356183,2.4492333,2.337722,1.975982,2.6102989,1.4719112,2.5132773,2.9129508,2.813134,1.361804,2.741769,2.3405886,2.6402674,1.6950214,1.8131198,2.6226022,2.5550218,2.9066,2.797917,2.5278091,1.7010715,1.4325528,1.362212,3.031745,2.9916031,2.3054714,2.954157,3.1596045,3.2788005,3.1934772,3.0320446,2.2377303,3.1508365,2.8519747,1.8181989,1.9587786,1.9922992,2.918467,3.1025133,2.8649015,2.6226308,2.8324206,2.84321,2.5035043,2.6436267,2.8364725,2.9055376,1.7480187,1.9378517,2.7986927,1.9876133,2.5795884,2.4487615,3.1189795,3.16032,2.9775069,3.427405,3.382075,3.2565506,2.1968977,2.3126798,3.2493024,3.012329
30,1.8170264,2.1158257,1.6041876,2.0127916,1.9302766,1.8328542,1.9039145,2.2694106,2.7355647,2.4574652,2.342347,2.5205839,1.3140112,1.7248602,2.1599405,2.0179043,2.1712825,2.1280615,2.1861532,1.9012843,2.5102086,2.9147499,2.3755147,2.3533788,1.9602803,1.7373662,1.7323802,2.1722689,1.3653736,2.1191328,0.0,2.1830606,1.9614065,1.4006945,1.9320503,2.1487648,1.9650558,1.8455569,2.4658334,2.4658334,2.474702,2.5048702,2.058842,1.9772208,1.6363338,2.0788736,1.2671078,1.6834956,2.8783138,2.7352684,1.9045266,2.2680547,2.4795666,2.210037,2.1035023,2.1602736,2.335493,2.508964,2.4375834,2.608929,2.7144647,2.5926347,2.8921542,2.8921542,3.4468777,2.717951,2.7306468,2.6819882,2.6629312,2.1826606,1.9394149,2.1223996,2.3474147,2.218322,2.0709114,2.0953512,2.0632827,2.169287,2.130248,2.203051,2.0168772,2.1886582,2.3208256,2.405573,2.2636256,2.3487346,2.1588762,2.1236205,2.783804,3.1339626,2.258435,2.8855724,2.4690912,3.074059,2.5474067,2.4180794,2.3376188,3.074441,2.7290673,1.9365734,1.977492,2.0436585,2.419739,2.388603,2.4278154,2.1512184,2.394425,2.3632877,2.594041,2.6879516,2.656854,2.235995,2.3689249,2.3775892,2.4880633,1.9687434,2.4687917,2.7562683,2.894764,3.0076458,2.1757886,3.036436,3.4171274,2.9772537,3.3883815,3.5181687,3.133124,2.9964573
