,0,1,2,3,4,5,6,7,8,9,10,11,12,13,14,15,16,17,18,19,20,21,22,23,24,25,26,27,28,29,30,31,32,33,34,35,36,37,38,39,40,41,42,43,44,45,46,47,48,49,50,51,52,53,54,55,56,57,58,59,60,61,62,63,64,65,66,67,68,69,70,71,72,73,74,75,76,77,78,79,80,81,82,83,84,85,86,87,88,89,90,91,92,93,94,95,96,97,98,99,100,101,102,103,104,105,106,107,108,109,110,111,112,113,114,115,116,117,118,119,120,121,122,123,124,125,126,127
0,0.0,2.011186,2.6468382,2.8260293,1.0557663,1.0624985,1.0004469,1.0472645,1.8495067,2.4723065,2.7521827,2.2787757,2.691979,2.814831,3.2979028,2.0484073,3.4332964,3.635171,3.3129988,3.8071625,4.0762634,4.0762634,3.3960395,4.0453916,1.1966101,1.5773412,1.3803811,1.7224957,1.4555384,2.268485,1.3260596,1.4289931,3.1523695,2.6909807,3.0806928,3.9104831,4.9343047,4.4538927,2.321851,3.1747117,2.8611147,2.3780518,2.3470292,2.4516633,2.8812227,2.828161,2.4664865,1.9764733,2.6078718,2.6078718,2.9533033,2.9630008,2.996434,2.8235185,3.8506885,3.8927107,2.6189473,2.4376543,3.2965274,2.5281432,2.5663843,2.5663843,2.5725625,2.7192686,1.9133534,2.1189811,2.1034987,1.791245,3.0877242,3.0376983,2.590799,2.393557,1.979125,1.979125,2.347289,1.8468363,2.9110231,2.7971673,2.877153,2.949031,2.9801981,3.033634,2.5356762,2.6051056,2.6399682,2.851401,3.08735,2.7295048,2.7825146,2.827607,2.9153144,2.8176992,2.5036182,2.4826288,2.5946953,3.0529544,3.8866043,3.7210965,3.8278437,3.7210965,3.994072,3.994072,3.951165,3.948312,3.785677,3.8153229,3.173009,3.4827726,3.040261,3.0670464,2.783585,3.1201031,2.9235466,2.9758656,2.964394,2.8285766,2.9000685,3.072836,2.8486712,2.8342257,3.3727734,3.202406,2.9570308,3.0042984,3.2448368,3.2927995,2.9731555,2.939617
1,2.011186,0.0,2.94745,3.2391553,1.9534922,1.9933494,1.674086,2.0288525,1.5405295,2.7322803,2.7402706,2.6029046,2.9928465,3.0760493,2.5442033,2.0080419,3.1964815,3.6958547,3.301002,3.6744597,4.306158,4.306158,3.5944636,4.23003,2.254722,2.5268433,2.3249984,2.3611367,2.3335712,3.0189412,2.3544555,2.4424534,3.094936,2.833423,2.2598367,3.3117406,4.3871946,4.4671965,1.6244503,2.678895,3.3096716,3.1672251,1.899996,1.4026613,1.9674665,1.9621718,1.4293673,2.075865,2.7606933,2.7606933,3.2070153,2.8955905,2.4297287,3.2196035,3.8528295,3.8815732,2.691785,2.5332105,3.0062208,2.5570977,2.7892697,2.7892697,2.6786745,3.010843,2.0163455,1.9693251,1.8816351,1.8021309,3.174214,3.2394257,2.651425,2.5374854,2.2741723,2.2741723,2.3951283,2.124986,3.2703314,3.1012998,3.1703198,3.208435,2.0695922,2.0936432,2.0336592,2.204306,2.339218,2.5067656,2.5888107,2.4408972,2.5736663,2.5603628,2.7388291,2.7040603,2.148635,2.290441,2.3106906,2.4397995,3.7560833,3.5689363,3.6521227,3.5689363,3.754415,3.754415,3.6994524,3.7075682,3.6190176,3.6529229,2.8928564,3.2199316,3.2181199,3.2244976,2.9390357,3.317537,2.6034439,2.5956163,2.66668,2.5859487,2.5334556,2.478683,2.5799165,2.5671053,3.1583552,3.1324139,2.7031438,2.7563343,2.9429786,2.9531212,2.6710148,2.7223735
2,2.6468382,2.94745,0.0,1.8434074,2.41197,2.3471956,2.8504038,2.4638839,2.9563825,2.6337543,4.2591305,3.6189713,3.654502,3.9156709,3.772579,3.241431,4.283242,4.495538,4.3261223,4.231212,5.2502584,5.2502584,4.794538,5.3296065,3.1113772,3.145844,3.025958,3.2911112,3.132473,3.677487,3.1813934,3.2297258,4.391912,4.068865,3.9391959,4.7427974,5.929193,5.56829,3.7123208,4.2494693,4.243797,3.9412816,3.6339045,3.520753,3.944735,3.9337955,3.549619,3.4601803,2.6612272,2.6612272,3.003888,2.9832633,3.7088368,2.833229,3.767538,3.730757,4.2207203,4.1295466,4.3792706,4.06824,4.2480454,4.2480454,4.171701,4.3653646,3.3233361,3.3396413,3.4127905,3.1755295,4.039244,4.061277,3.7353108,3.608491,3.319941,3.319941,3.5278277,3.2832778,3.5808344,3.4915519,3.6669223,3.7113256,3.7153993,3.7742538,3.6468663,3.687257,3.7714715,3.9012666,3.9254956,3.7264402,3.9039657,3.908711,4.0094748,3.9545171,3.4973583,3.5411432,3.6828384,4.10286,4.7980604,4.5908303,4.689222,4.5908303,4.804332,4.804332,4.8662677,4.860293,4.865354,4.96454,4.2444634,5.2110295,3.932902,4.247104,3.870226,4.014017,3.8307567,3.8358781,3.905113,3.7873344,3.8173273,3.911388,3.7920225,3.7701805,4.410022,4.2806497,3.9338078,3.999743,4.696224,4.712654,3.930605,3.9323535
3,2.8260293,3.2391553,1.8434074,0.0,2.797141,2.8336518,2.9669716,2.9500675,3.304795,2.57452,3.7771533,3.1489763,3.5716622,3.6272485,3.6495743,3.3544803,4.246022,4.065415,3.9669602,4.34152,4.9359355,4.9359355,4.593952,4.826944,3.2666466,3.50428,3.2443018,3.1154022,3.4723034,4.0449734,3.54539,3.6203399,3.767095,3.6545405,3.877292,4.6831927,5.5564404,5.015385,3.6488838,3.8017986,3.6757028,3.4441438,3.511599,3.4109428,3.4317732,3.454327,3.2198632,3.0778072,2.3563726,2.3563726,2.664333,2.7043145,3.9109929,2.9219396,3.5249581,3.5136843,4.204569,4.0622334,4.6323366,4.0078416,4.2693315,4.2693315,4.2942038,4.333304,3.355554,3.2643719,3.226969,2.976546,4.4403377,4.3828487,3.8729758,3.7831502,3.218263,3.218263,3.3530228,3.1840289,3.3529284,3.2927215,3.4993403,3.5412087,3.8677623,3.9012108,3.8224833,3.814766,3.8222468,3.6934478,3.9704518,3.597787,3.8812943,3.9112077,4.110649,3.985801,3.659361,3.5229414,3.6545677,3.9330335,4.6258974,4.421606,4.4027076,4.421606,4.244039,4.244039,4.4344144,4.4236536,3.9748561,3.9860744,3.817625,4.835158,3.8228922,4.118418,3.8113587,3.7499404,3.2656906,3.2749436,3.3189287,3.182576,3.2764134,3.440486,3.2043436,3.190893,3.8570979,4.278985,3.248973,3.3126934,4.2946777,4.3330016,3.3562562,3.3171015
4,1.0557663,1.9534922,2.41197,2.797141,0.0,0.43810126,1.45713,0.8671351,1.400408,2.6993988,3.2100573,2.4354072,3.0991569,3.2668471,3.6029716,2.2026148,3.1893876,3.5941877,3.2592793,3.5845413,4.0860806,4.0860806,3.397299,4.157069,1.7789015,1.8514787,1.5840049,2.0402231,1.8409292,2.518064,1.8721441,1.9331096,2.984581,2.6744835,2.9522007,3.8220975,4.6668963,4.2570786,2.17951,2.966727,3.2160237,2.7240553,2.1669137,2.3910236,2.9238267,2.970688,2.4222162,1.9097147,2.5419557,2.5419557,2.7828743,3.0045204,2.892243,2.5465615,3.6149516,3.595735,2.3619545,2.1707265,2.8150876,2.2818346,2.3340533,2.3340533,2.2842083,2.5873787,1.947487,2.0064647,2.0734131,1.7788563,3.0257657,3.0391104,2.5779357,2.411662,1.8070118,1.8070118,2.0918305,1.7964116,3.1043825,2.9266162,3.0853934,3.1039479,2.928469,3.0062854,2.5309002,2.6273515,2.6267219,2.8242116,2.9755685,2.7292638,2.8398373,2.8686962,2.874906,2.8156004,2.5085986,2.5009353,2.6184227,3.0121582,3.8734694,3.6541653,3.7599196,3.6541653,3.8077667,3.8077667,3.787764,3.7875826,3.8598003,3.9102132,3.1733708,3.5029547,2.7102194,2.8635354,2.372133,2.8735735,2.8716457,2.9035869,2.9282143,2.800022,2.8310819,2.9446099,2.823021,2.8086708,3.4202511,3.2905943,2.92716,2.9813755,3.1923265,3.2372928,2.9408727,2.9340053
5,1.0624985,1.9933494,2.3471956,2.8336518,0.43810126,0.0,1.4339943,0.7876433,1.6031605,2.7833395,3.2480834,2.4631405,3.1070683,3.305037,3.654314,2.2171266,3.1940024,3.6013703,3.344485,3.5672135,4.095254,4.095254,3.4558234,4.164743,1.7104594,1.8448627,1.6722034,2.0132434,1.7733698,2.551646,1.7642101,1.8150958,3.2428765,2.866892,3.1971617,4.08911,4.86775,4.4137006,2.4049375,3.2033677,3.4532592,2.8750389,2.285684,2.5176072,3.0023077,3.0478666,2.5410442,2.083097,2.7598393,2.7598393,3.005661,3.2165685,3.0279765,2.827622,3.8068528,3.8039048,2.603239,2.4419653,2.9430876,2.4828494,2.54782,2.54782,2.491681,2.765158,2.2283728,2.282779,2.3589017,2.0767999,3.2171752,3.2475326,2.8430867,2.6403885,2.100307,2.100307,2.3707676,2.084165,3.2933695,3.1341753,3.253755,3.30022,3.1544867,3.226537,2.770383,2.8560915,2.8569334,3.1038783,3.18982,2.9722147,3.0679753,3.0915208,3.0955687,3.0337248,2.7132812,2.7575347,2.8579543,3.219948,4.0168605,3.8010495,3.9082353,3.8010495,4.045668,4.045668,4.0180535,4.0188966,4.0735483,4.1348786,3.390067,3.7015114,2.9856706,3.0915813,2.6441376,3.0927432,3.1011057,3.1300385,3.1651523,3.0322127,3.0569808,3.1669707,3.0557845,3.0352042,3.6442316,3.5119665,3.1704214,3.2252872,3.4330335,3.4782379,3.1790247,3.1747334
6,1.0004469,1.674086,2.8504038,2.9669716,1.45713,1.4339943,0.0,1.3469722,1.6749345,2.4310997,2.2422447,1.9653814,2.403874,2.5244915,2.9153478,1.7064763,3.267742,3.3185983,3.1491466,3.501127,3.797267,3.797267,3.1264663,3.7998617,1.3208673,1.690446,1.5783987,1.5221791,1.6409372,2.546285,1.2686157,1.4001478,3.4240973,3.0439205,2.98627,3.9462247,4.6326976,4.3015113,2.1415172,2.80297,3.0119104,2.5392094,2.0478396,2.0639162,2.2895076,2.224876,1.9748379,1.889728,2.639929,2.639929,3.027619,2.9342344,2.782642,2.9171262,4.120442,4.1427226,2.646759,2.4743788,3.4323747,2.5383384,2.5884604,2.5884604,2.5875266,2.6906955,1.9736629,2.275091,2.09125,1.8778827,3.5310197,3.4714675,2.936269,2.775632,2.1394575,2.1394575,2.551393,1.9916017,2.8360631,2.7457097,2.8040564,2.8652585,2.7801223,2.817601,2.377286,2.4073136,2.541251,2.6995864,2.8518193,2.509787,2.6814725,2.7090423,2.8308268,2.7477446,2.3491004,2.3844435,2.4840784,2.9055786,3.793586,3.5563648,3.5787196,3.5563648,3.895279,3.895279,3.7747185,3.7767262,3.7942178,3.8534434,2.795694,3.1450734,3.0949302,2.9273784,2.8699298,3.148646,2.65742,2.7143257,2.7139285,2.5935667,2.6376445,2.7766645,2.601806,2.5752852,3.2819207,3.5391016,2.7617614,2.8053658,2.9979007,3.0459652,2.6994078,2.6830719
7,1.0472645,2.0288525,2.4638839,2.9500675,0.8671351,0.7876433,1.3469722,0.0,1.5008245,2.936889,3.337606,2.565337,2.6872523,2.9884875,3.4645727,1.9704174,3.525626,3.9270704,3.548148,3.6196885,4.4404955,4.4404955,3.691902,4.5258484,1.8227813,1.9607484,1.7638801,2.2680132,2.020437,2.6039605,1.7052711,1.8202206,3.436536,2.9698362,3.3533573,4.204855,5.069893,4.701955,2.5719585,3.3294842,3.393575,2.770036,2.2232528,2.5458453,3.0405653,3.0645428,2.5950348,2.1183648,2.710905,2.710905,2.9865255,3.1475544,2.978213,2.6437893,3.819277,3.6853037,2.5950835,2.4007125,3.3219109,2.535847,2.561605,2.561605,2.5177171,2.6814675,2.1631129,2.4264555,2.2722943,2.0680556,3.2952096,3.2222075,2.778896,2.5976849,1.9548056,1.9548056,2.5628574,1.9625376,3.1845903,3.0262842,3.1566088,3.218147,2.9031472,3.0064747,2.534525,2.5564244,2.5593581,2.9107628,2.9572258,2.7449129,2.7955172,2.815809,2.793934,2.7499,2.3158255,2.4277148,2.5427914,3.1282184,3.8282194,3.6425693,3.7520437,3.6425693,4.0711794,4.0711794,4.0646367,4.057737,4.1253834,4.1165824,3.425956,3.6831722,2.9543946,3.0874286,2.5428278,3.0972571,3.0179904,3.0616121,3.0598342,2.9608712,2.9862878,3.0867352,2.9631963,2.948129,3.520206,3.3547904,3.1147778,3.1560206,3.2463915,3.2766445,3.0708487,3.0649524
8,1.8495067,1.5405295,2.9563825,3.304795,1.400408,1.6031605,1.6749345,1.5008245,0.0,2.8353865,3.2757437,2.7159317,2.9461274,3.1156359,3.276333,1.751112,3.3045418,3.8964791,3.3145528,3.6516652,4.3055162,4.3055162,3.4568982,4.3892145,2.3775935,2.3548968,2.07532,2.6410263,2.5302138,3.0038774,2.4212918,2.5301204,3.0399318,2.9557292,2.8259246,3.7961445,4.4376984,4.4350677,1.817826,2.6289809,3.475669,3.1116343,1.4959116,1.8394442,2.5684092,2.6145134,1.973063,1.836993,2.5602643,2.5602643,2.858648,3.0174015,2.2041576,2.3960388,3.4689147,3.3874276,2.1689663,1.9921981,3.016681,2.1157727,2.3047051,2.3047051,2.2037845,2.520336,1.8745942,2.0709257,1.7357229,1.7209904,3.0434573,2.9860392,2.404794,2.3335555,1.6563113,1.6563113,2.143518,1.6691457,2.8664122,2.6521285,2.8583415,2.8186798,2.1452985,2.2415514,1.8555278,1.9375741,1.9834615,2.2236342,2.1631699,2.1257734,2.281144,2.2714932,2.2106862,2.239937,1.8873384,1.9351286,2.0300405,2.510279,3.6922624,3.4106727,3.5141437,3.4106727,3.5313458,3.5313458,3.4763277,3.47957,3.6468978,3.6704314,2.8103216,3.1522243,2.4942505,2.524069,2.0393786,2.677951,2.5708816,2.5903456,2.6220193,2.570528,2.5207508,2.4525015,2.536487,2.5384824,3.2459056,3.115426,2.6655862,2.7032547,2.8100686,2.8074193,2.5880415,2.6352615
9,2.4723065,2.7322803,2.6337543,2.57452,2.6993988,2.7833395,2.4310997,2.936889,2.8353865,0.0,2.9548395,2.9780638,3.1969557,3.1863666,3.2266474,2.946496,4.055535,4.0142555,3.7796633,4.438229,4.230086,4.230086,3.8538747,4.264674,2.534584,2.4704938,2.4389668,2.7505283,2.758019,3.1866698,2.9096677,2.9442484,3.837334,3.7216887,3.3253706,4.285602,5.195207,4.9959064,3.0946136,3.6579692,3.2779374,3.2891705,3.139628,2.7793593,3.3227265,3.1707382,2.9028745,2.9021077,2.7044685,2.7044685,3.187277,2.9025576,3.402111,2.8129141,3.6089108,3.9912667,3.6227407,3.8011494,4.4217596,3.5071335,3.6307602,3.6307602,3.6612544,3.7688756,2.7915754,2.899983,2.9412332,2.6836045,4.052779,4.0252547,3.1652834,3.0019772,3.114222,3.114222,3.2291744,3.0342214,2.9178796,2.950189,3.1340158,3.0703015,3.4869452,3.368107,3.285781,3.342732,3.4033482,3.326344,3.6547978,3.290019,3.2296154,3.276448,3.4724767,3.4041462,3.468931,3.2736855,3.3736763,3.750136,4.70232,4.4945245,4.567037,4.4945245,4.329167,4.329167,4.2453246,4.256782,4.010216,4.22597,3.3683653,4.2630634,3.7838745,3.664812,3.8690274,3.4221451,3.4676754,3.5542262,3.4868388,3.3907766,3.4590707,3.5788639,3.3913739,3.3817463,4.064821,4.0279026,3.4529288,3.5012,4.236771,4.260393,3.4842417,3.4563017
10,2.7521827,2.7402706,4.2591305,3.7771533,3.2100573,3.2480834,2.2422447,3.337606,3.2757437,2.9548395,0.0,1.518082,3.3889725,3.128003,3.2785842,2.908711,4.054115,3.5837543,3.7633474,4.486105,4.093881,4.093881,3.7554376,3.7928147,2.4285414,3.0035572,2.9145288,1.8598933,2.6888251,3.5412548,2.6595073,2.7019544,3.7735558,3.6247559,3.3162036,4.029215,4.745274,4.381837,2.7769833,2.7581778,3.274594,3.2406712,2.981551,2.715292,2.1963758,2.0322258,2.450144,2.8053439,3.547129,3.547129,3.8713782,3.6137688,3.6094587,4.290486,5.0947876,5.2120814,3.2350886,3.4181373,4.1959414,3.4797015,3.2105558,3.2105558,3.2584436,3.260341,2.9524095,3.0084352,2.9086406,2.7469382,4.3941126,4.3850226,3.8017087,3.692611,3.243592,3.243592,3.4184222,3.0708587,3.5022526,3.482453,3.4325771,3.4767225,3.526082,3.3660076,3.287423,3.3348627,3.255298,3.3645036,3.6374729,3.2767189,3.1556113,3.1925414,3.468017,3.3233666,3.4103012,3.31632,3.349793,3.3764334,4.6227584,4.4717736,4.338835,4.4717736,4.4135814,4.4135814,4.25793,4.27428,3.519037,3.7228706,2.636661,2.8733275,3.7910686,3.4190533,3.9373016,3.7798634,2.9870985,3.1258917,2.9923816,2.8955848,2.9668992,3.1597092,2.931135,2.8972619,3.541151,4.437616,2.9831579,3.0143511,3.2905536,3.363957,2.9728162,2.9357927
11,2.2787757,2.6029046,3.6189713,3.1489763,2.4354072,2.4631405,1.9653814,2.565337,2.7159317,2.9780638,1.518082,0.0,3.2874086,3.1431487,3.5704408,2.5378132,3.812169,3.5235875,3.5847838,4.150677,4.2517867,4.2517867,3.8427386,3.9886503,2.2628086,2.8582869,2.6975887,1.704152,2.5455306,3.443953,2.4889586,2.5522928,3.4056115,3.3086255,3.4579446,4.1410713,4.8272343,4.2168903,2.6435702,2.4685776,3.3152385,2.9771023,2.427459,2.5965257,2.1368282,2.1337178,2.354077,2.25041,3.0433152,3.0433152,3.2413566,3.3921256,3.3041713,3.742213,4.6589985,4.677106,2.5610425,2.7987373,3.6855774,2.865429,2.543685,2.543685,2.5737293,2.5772805,2.6160302,2.6633556,2.5022826,2.3376987,4.083012,4.0610547,3.4531662,3.3419433,2.5168402,2.5168402,2.9097013,2.4712243,3.2848537,3.2016206,3.2197325,3.274381,3.284668,3.1791677,3.0085616,3.0335011,2.802506,3.0023277,3.2247868,2.949918,2.7615292,2.7942588,2.9421585,2.794037,2.9858525,2.88139,2.9238293,3.027058,4.3198404,4.136942,4.0057077,4.136942,4.06412,4.06412,4.000615,4.0097485,3.4081683,3.5637927,2.4506428,2.7339177,2.9340408,2.7458255,3.060078,2.934523,2.4881933,2.6512544,2.5002801,2.3878076,2.4540193,2.678676,2.4274163,2.3846347,3.206297,4.1233087,2.5113432,2.5445476,2.8235722,2.8999355,2.4816062,2.445659
12,2.691979,2.9928465,3.654502,3.5716622,3.0991569,3.1070683,2.403874,2.6872523,2.9461274,3.1969557,3.3889725,3.2874086,0.0,0.88198555,2.5077157,1.8884649,4.569402,4.6906652,4.2910895,4.7816343,5.2732778,5.2732778,4.33577,5.3038764,2.5081227,2.6455777,2.7134519,3.207012,2.950314,3.3938653,2.3553226,2.4709914,4.2417755,3.8350067,3.930924,4.7267313,5.726893,5.5486984,3.5325649,4.2464337,3.585929,3.2900295,2.9115374,3.141021,3.4906287,3.4278924,3.2201116,3.1182032,3.0597627,3.0597627,3.2638793,3.0534604,3.486282,3.0603406,4.5729127,4.154115,3.6667378,3.6031823,5.396034,3.7113035,3.6535168,3.6535168,3.775285,3.2968202,3.0744054,3.7657595,2.9721715,2.9936001,4.7353034,4.329794,3.4525383,3.2841825,3.045281,3.045281,3.9960463,2.9896336,3.0259113,2.9592416,3.0499504,3.081628,3.398422,3.4328606,3.2049825,2.8824694,2.9677694,3.5338168,3.2352512,2.8157294,2.9751282,3.019437,3.2121596,3.1197138,2.785352,2.7601166,2.8258922,3.7229078,4.528289,4.337067,4.4131627,4.337067,4.586242,4.586242,4.6062856,4.6015167,4.4889016,4.4134684,3.9847572,4.3032002,4.300105,4.217932,3.9140463,4.298088,3.6845427,3.7504745,3.729965,3.6556127,3.712098,3.8017213,3.6082966,3.599437,4.209239,4.0570216,3.766797,3.7771037,3.8297107,3.852323,3.6422691,3.6152499
13,2.814831,3.0760493,3.9156709,3.6272485,3.2668471,3.305037,2.5244915,2.9884875,3.1156359,3.1863666,3.128003,3.1431487,0.88198555,0.0,2.2830474,1.8388978,4.755132,4.7743864,4.418326,5.1744947,5.405733,5.405733,4.527997,5.340133,2.4264781,2.6391163,2.7233496,3.087163,2.8692102,3.3677676,2.490262,2.5828147,4.1314826,3.9120147,3.8405197,4.6253414,5.8073025,5.6399055,3.5290558,4.2014203,3.623644,3.5008316,3.0127912,3.2260466,3.4456959,3.3697753,3.2430604,3.2244258,3.2039769,3.2039769,3.3831372,3.1938386,3.570623,3.333997,4.7295732,4.363743,3.70504,3.681814,5.47791,3.7056828,3.7253523,3.7253523,3.8509684,3.320646,3.1756551,3.8132575,2.9693065,3.0271456,4.789294,4.3754296,3.5312293,3.3832622,3.1535697,3.1535697,4.0880666,3.0594313,3.1131625,3.0339646,3.115554,3.119083,3.4557576,3.473923,3.3201983,2.999229,3.0355504,3.5946136,3.2721965,2.8447218,3.023994,3.074907,3.308295,3.1978443,2.9774718,2.853063,2.895764,3.7477045,4.8758626,4.7109065,4.7564225,4.7109065,4.7103424,4.7103424,4.7331853,4.7333484,4.41715,4.3211336,3.95935,4.2012925,4.4094872,4.304004,4.067808,4.3573613,3.6788306,3.7370057,3.73172,3.6388705,3.7025254,3.8083906,3.5912313,3.5810556,4.1611166,4.0694594,3.743457,3.7506342,3.7571197,3.7899368,3.6028757,3.574693
14,3.2979028,2.5442033,3.772579,3.6495743,3.6029716,3.654314,2.9153478,3.4645727,3.276333,3.2266474,3.2785842,3.5704408,2.5077157,2.2830474,0.0,2.5147407,4.489564,4.5990033,4.307511,4.7258453,5.55058,5.55058,4.7988276,5.4465046,3.1317604,3.3713543,3.3304985,3.5035982,3.3406448,3.9012556,3.1777256,3.2719896,4.395948,4.164952,3.100308,3.9545784,5.299849,5.667958,3.32155,4.0156636,3.893288,4.129056,3.280089,2.7853909,3.0473146,2.8759136,2.770299,3.6096141,3.3883555,3.3883555,3.8130386,3.1084023,3.4001591,3.623627,4.5418363,4.2414646,4.0034547,3.97196,5.23295,3.8978689,4.1218786,4.1218786,4.1014934,3.9098918,3.3312004,3.7530215,3.052176,3.1779578,4.4296055,4.169787,3.7393744,3.6244376,3.6664116,3.6664116,4.162692,3.477672,3.9556236,3.832297,3.9341772,3.9309835,2.88679,2.8246627,3.1866138,2.9967535,3.1152747,3.6721418,3.2296748,2.9380865,3.2074988,3.2120523,3.5951262,3.510746,2.991218,3.022267,3.0185714,3.5609882,4.8337693,4.6500645,4.6835966,4.6500645,4.628861,4.628861,4.670665,4.675723,4.50155,4.501055,4.00094,4.240519,4.7608137,4.8398266,4.5332685,4.742512,3.6392653,3.6563373,3.7172136,3.633402,3.6187716,3.6039796,3.5774095,3.5706177,4.154686,4.203725,3.7085996,3.7227435,3.783788,3.791916,3.5827835,3.60961
15,2.0484073,2.0080419,3.241431,3.3544803,2.2026148,2.2171266,1.7064763,1.9704174,1.751112,2.946496,2.908711,2.5378132,1.8884649,1.8388978,2.5147407,0.0,3.8852668,4.2884965,3.8445172,4.3775687,4.8899155,4.8899155,4.023235,4.809838,2.00898,2.2939916,2.3013265,2.6340036,2.3650975,3.0374713,2.0506954,2.167088,3.580352,3.4267569,3.3497717,4.2072215,5.2482867,5.125978,2.5215843,3.2928908,3.852698,3.5400357,1.8475957,2.3981657,2.7597883,2.7299135,2.4551117,2.5278125,2.7696056,2.7696056,2.9586022,3.0699697,2.27529,2.9288146,4.054196,3.7855012,2.8187473,2.7828453,4.3247995,2.7460098,2.9367766,2.9367766,2.914007,2.6862986,2.5122297,3.03903,2.197614,2.3276775,3.7479517,3.451274,2.917257,2.778222,2.2935252,2.2935252,3.1911316,2.220535,2.7307856,2.5500007,2.6328073,2.6458576,2.5409086,2.5961711,2.3696055,2.1397018,2.1101205,2.9201279,2.313704,2.2411249,2.3576066,2.3497558,2.4127376,2.360021,2.1046588,2.1360624,2.1704092,2.8886592,4.3219995,4.102601,4.1731668,4.102601,4.1821938,4.1821938,4.177351,4.184918,3.944264,3.9126472,3.300701,3.6158428,3.4200215,3.335108,3.0507324,3.4670205,3.0244775,3.054769,3.1200378,3.024098,2.9937115,2.9834666,2.9601705,2.9468763,3.6525335,3.5227554,3.1254785,3.1450167,3.182688,3.188021,2.9652503,3.0023274
16,3.4332964,3.1964815,4.283242,4.246022,3.1893876,3.1940024,3.267742,3.525626,3.3045418,4.055535,4.054115,3.812169,4.569402,4.755132,4.489564,3.8852668,0.0,1.7410859,1.4225522,2.2525096,2.7080917,2.7080917,1.9351155,2.5640159,3.9140708,4.129032,4.008736,3.8953524,3.920753,4.3407373,3.8132555,3.8616257,3.6402678,3.385845,3.4078588,4.189427,2.8322396,2.4915507,2.635792,3.2028215,4.009146,3.613099,2.73069,2.5185301,2.938629,2.9797316,2.599672,2.765739,3.5263925,3.5263925,3.7521112,3.7747495,3.2304747,3.975888,4.6334615,4.7256923,3.2997048,3.070316,3.5042136,3.153416,3.254887,3.254887,3.2368994,3.5077217,3.3093805,3.3843656,3.3241858,3.2653008,4.067669,4.1004314,3.8535771,3.711821,3.53517,3.53517,2.9115436,3.4565628,4.1892805,4.093036,4.1241493,4.1362495,4.067189,4.0133805,3.710398,3.7761438,3.9511144,3.9125793,4.176203,3.929317,4.055266,4.064088,4.2169595,4.1070023,4.017706,3.9242215,3.895018,3.36753,3.1672676,2.883601,3.0004022,2.883601,2.7676852,2.7676852,2.6269677,2.6572556,4.4196143,4.4869494,3.725683,3.994933,3.908679,3.812232,3.6915865,3.9259622,3.5555263,3.558108,3.7165995,3.572603,3.5107198,3.447585,3.5743222,3.5642142,4.1025567,4.4041586,3.5318997,3.567517,3.922939,3.9582226,3.6810832,3.7034283
17,3.635171,3.6958547,4.495538,4.065415,3.5941877,3.6013703,3.3185983,3.9270704,3.8964791,4.0142555,3.5837543,3.5235875,4.6906652,4.7743864,4.5990033,4.2884965,1.7410859,0.0,1.5003893,2.492022,2.363904,2.363904,2.0060422,2.1511717,3.960621,4.235193,4.079891,3.5613413,3.9795938,4.509812,3.9140575,3.9561121,4.104187,3.9536943,3.7735147,4.6298823,3.0449173,2.3241098,3.2420797,3.2710416,3.8144085,3.433313,3.3694963,2.9831004,2.8691223,2.8651404,2.814048,2.974824,3.728536,3.728536,4.0201244,3.9523842,4.0768294,4.324145,5.34372,5.4375596,3.8147242,3.647334,4.011756,3.826879,3.7062905,3.7062905,3.7590857,3.917749,3.6960661,3.7010164,3.7549183,3.6042004,4.739172,4.778562,4.5270543,4.4042864,3.996092,3.996092,3.385597,3.8602386,4.389601,4.3560467,4.3842106,4.398519,4.6285887,4.539723,4.271986,4.324678,4.4893017,4.215622,4.702828,4.2816763,4.4873896,4.5216856,4.763489,4.6086063,4.5350103,4.363956,4.37839,3.9035354,3.6873884,3.425108,3.3378367,3.425108,3.2111247,3.2111247,2.9861882,3.007331,4.6153803,4.7260256,3.622927,3.9770198,4.2160096,4.009826,4.170769,4.264936,3.6077995,3.6553776,3.7461054,3.5850134,3.6058326,3.6828115,3.6168196,3.592431,4.183315,5.0598245,3.5990622,3.6381156,4.1016197,4.1766987,3.743186,3.7133367
18,3.3129988,3.301002,4.3261223,3.9669602,3.2592793,3.344485,3.1491466,3.548148,3.3145528,3.7796633,3.7633474,3.5847838,4.2910895,4.418326,4.307511,3.8445172,1.4225522,1.5003893,0.0,2.6308227,2.9245539,2.9245539,1.9326109,2.6383245,3.8269296,4.09059,3.8742065,3.7594578,3.8792782,4.2771916,3.8028536,3.8848479,3.4371002,3.377397,3.4313903,4.243941,2.9747915,2.3862128,2.6588376,3.0762794,3.2498758,2.8943467,2.6096249,2.300738,2.6985495,2.6676497,2.4125626,2.2674932,3.075197,3.075197,3.4039292,3.4094422,3.304978,3.6657073,4.777729,4.8109365,3.0759442,2.8842494,3.686744,3.1805434,3.0500498,3.0500498,3.1131096,3.2601063,2.9970067,3.1133423,2.9874609,2.9521801,3.8961344,3.844069,3.5150173,3.4274364,3.2358613,3.2358613,2.6060445,3.103299,3.738792,3.6699886,3.7267685,3.7239087,3.8808162,3.7933686,3.492567,3.5381987,3.699582,3.387196,3.9585447,3.552071,3.6701808,3.708568,3.9358075,3.785215,3.827527,3.568138,3.5452018,3.0055661,2.8881953,2.6068106,2.7080557,2.6068106,2.18907,2.18907,1.9614671,1.9792445,4.1643953,4.1961684,3.2342503,3.600634,3.4916043,3.3848295,3.3191245,3.5912042,3.0927646,3.145003,3.2373292,3.096439,3.095964,3.090395,3.0866442,3.0852706,3.668976,4.0523157,3.0580788,3.0844896,3.5303366,3.5713,3.2120662,3.1909733
19,3.8071625,3.6744597,4.231212,4.34152,3.5845413,3.5672135,3.501127,3.6196885,3.6516652,4.438229,4.486105,4.150677,4.7816343,5.1744947,4.7258453,4.3775687,2.2525096,2.492022,2.6308227,0.0,3.2494514,3.2494514,2.8627727,3.5074964,4.517573,4.638334,4.4449825,4.319912,4.6118193,4.8936944,4.18721,4.280478,4.781035,4.2479906,4.093787,4.8708124,3.2730672,3.3517764,3.5751245,3.5509727,4.468696,3.9463382,3.4706948,3.175597,3.3349805,3.3425777,3.0972345,3.4576795,3.9409251,3.9409251,4.2793417,4.1281576,3.9159527,3.9725163,4.7609415,4.7546964,3.9719741,3.7370272,4.1484656,3.8932436,3.909195,3.909195,3.84446,4.179507,3.8523116,4.0052915,3.9754927,3.8794992,4.7496967,4.808067,4.7063384,4.5924816,4.072708,4.072708,3.7294745,4.0518875,4.7774105,4.7179713,4.8160744,4.8482013,4.2829795,4.2447457,4.040172,4.095373,4.285955,4.249669,4.5202026,4.3167224,4.4287066,4.4178205,4.527283,4.4672394,4.1279645,4.229515,4.27124,4.0547514,3.0491724,2.7493103,2.660919,2.7493103,3.4576943,3.4576943,3.3605082,3.3628895,4.973347,5.055189,4.0964265,4.40819,4.2387357,4.2370276,4.1376467,4.299996,3.8032222,3.8461523,3.8966317,3.8313696,3.770371,3.7241364,3.8332963,3.8212302,4.361136,5.1909313,3.8413062,3.8660796,4.1971517,4.2179995,3.92936,3.9489222
20,4.0762634,4.306158,5.2502584,4.9359355,4.0860806,4.095254,3.797267,4.4404955,4.3055162,4.230086,4.093881,4.2517867,5.2732778,5.405733,5.55058,4.8899155,2.7080917,2.363904,2.9245539,3.2494514,0.0,0.0,1.5493678,1.1282233,4.377378,4.392308,4.324789,4.018,4.5105133,4.7123795,4.400784,4.410061,4.4271617,4.179209,4.3426805,5.2078505,3.269279,2.790572,3.750281,3.7978923,4.3938637,3.9540284,4.0281467,3.789916,3.7808368,3.811099,3.6126907,3.6425917,4.71981,4.71981,4.972968,4.921294,4.760288,4.9018316,5.2158055,5.7204533,4.4902444,4.270158,4.35221,4.1174912,4.324272,4.324272,4.4152436,4.6973257,4.2881308,4.2072105,4.5025296,4.2361264,5.591433,5.7065105,5.138052,4.994326,4.588916,4.588916,3.9675372,4.5518208,4.83461,4.878646,4.9168067,4.9036293,5.392873,5.3518305,4.913916,5.0386953,5.2591925,4.8228974,5.475459,5.1108613,5.256212,5.289828,5.3937564,5.3134766,5.2624106,5.148223,5.1911135,4.8715377,4.25543,4.0659814,3.9839675,4.0659814,4.06329,4.06329,3.8193662,3.8455768,4.783917,4.8735085,4.286616,4.5359416,4.877333,4.3956995,4.830479,4.52835,4.441054,4.460834,4.4974566,4.3938694,4.419636,4.491867,4.449416,4.4369974,4.7887936,5.5870714,4.3604326,4.397662,4.8824973,4.948131,4.5553155,4.526621
21,4.0762634,4.306158,5.2502584,4.9359355,4.0860806,4.095254,3.797267,4.4404955,4.3055162,4.230086,4.093881,4.2517867,5.2732778,5.405733,5.55058,4.8899155,2.7080917,2.363904,2.9245539,3.2494514,0.0,0.0,1.5493678,1.1282233,4.377378,4.392308,4.324789,4.018,4.5105133,4.7123795,4.400784,4.410061,4.4271617,4.179209,4.3426805,5.2078505,3.269279,2.790572,3.750281,3.7978923,4.3938637,3.9540284,4.0281467,3.789916,3.7808368,3.811099,3.6126907,3.6425917,4.71981,4.71981,4.972968,4.921294,4.760288,4.9018316,5.2158055,5.7204533,4.4902444,4.270158,4.35221,4.1174912,4.324272,4.324272,4.4152436,4.6973257,4.2881308,4.2072105,4.5025296,4.2361264,5.591433,5.7065105,5.138052,4.994326,4.588916,4.588916,3.9675372,4.5518208,4.83461,4.878646,4.9168067,4.9036293,5.392873,5.3518305,4.913916,5.0386953,5.2591925,4.8228974,5.475459,5.1108613,5.256212,5.289828,5.3937564,5.3134766,5.2624106,5.148223,5.1911135,4.8715377,4.25543,4.0659814,3.9839675,4.0659814,4.06329,4.06329,3.8193662,3.8455768,4.783917,4.8735085,4.286616,4.5359416,4.877333,4.3956995,4.830479,4.52835,4.441054,4.460834,4.4974566,4.3938694,4.419636,4.491867,4.449416,4.4369974,4.7887936,5.5870714,4.3604326,4.397662,4.8824973,4.948131,4.5553155,4.526621
22,3.3960395,3.5944636,4.794538,4.593952,3.397299,3.4558234,3.1264663,3.691902,3.4568982,3.8538747,3.7554376,3.8427386,4.33577,4.527997,4.7988276,4.023235,1.9351155,2.0060422,1.9326109,2.8627727,1.5493678,1.5493678,0.0,1.8323238,3.731992,3.7568636,3.6511865,3.64814,3.8482969,4.0672383,3.6505542,3.687825,3.746009,3.4799335,3.6807785,4.5677648,2.883573,2.4467082,2.9256043,3.3495317,3.6269934,3.1486819,3.057056,2.90347,3.2397773,3.249187,2.908784,2.760043,3.8616416,3.8616416,4.1077385,4.0764074,3.840698,4.0213223,4.8621287,5.0779877,3.5226128,3.2806745,3.9538558,3.4216337,3.3752444,3.3752444,3.492198,3.6662767,3.3870091,3.5203643,3.5682826,3.3879259,4.656553,4.642322,4.0804033,3.9406896,3.6767201,3.6767201,3.1719248,3.608316,3.9737387,3.9657793,4.012873,3.9861448,4.5090346,4.463786,3.974473,4.0336,4.261307,3.9743078,4.5182714,4.1165285,4.258374,4.2993474,4.425445,4.330024,4.302743,4.1483655,4.178918,3.9173658,3.4328945,3.1868594,3.2292912,3.1868594,3.175546,3.175546,2.8862529,2.9113607,4.350487,4.4094577,3.6725638,3.877197,4.110204,3.6850698,3.9024613,4.028201,3.80463,3.8438675,3.8898394,3.781171,3.8000991,3.83361,3.8036273,3.7997649,4.2393646,4.676469,3.7513363,3.7819705,4.1140313,4.170242,3.9068599,3.880035
23,4.0453916,4.23003,5.3296065,4.826944,4.157069,4.164743,3.7998617,4.5258484,4.3892145,4.264674,3.7928147,3.9886503,5.3038764,5.340133,5.4465046,4.809838,2.5640159,2.1511717,2.6383245,3.5074964,1.1282233,1.1282233,1.8323238,0.0,4.3425126,4.571306,4.4928727,3.9564855,4.4861045,4.8134856,4.4416866,4.461655,4.113627,3.958404,4.2685595,5.0076714,3.3222458,2.5030553,3.5340073,3.5476506,4.1965904,3.8254504,3.8544807,3.627269,3.443958,3.4614275,3.4272883,3.4536593,4.5408254,4.5408254,4.7817965,4.760816,4.528437,5.0800853,5.3006444,5.8213325,4.3456597,4.123022,4.248388,3.955696,4.215677,4.215677,4.3085957,4.5552874,4.1456256,4.023225,4.277251,4.053644,5.393271,5.505205,4.9557576,4.8339014,4.430742,4.430742,3.7383971,4.3587484,4.635977,4.6843953,4.657888,4.678018,5.22656,5.173503,4.758621,4.8919067,5.085909,4.6130247,5.322993,4.9584074,5.0662785,5.0993714,5.2398124,5.1271925,5.1537814,4.9890676,4.9957366,4.4838905,4.0830755,3.92787,3.8416386,3.92787,3.7531126,3.7531126,3.5323656,3.5613544,4.4315743,4.486135,3.9981208,4.279264,4.6825213,4.207019,4.697207,4.3166857,4.1124325,4.126124,4.1875925,4.063491,4.0879645,4.1694026,4.1190677,4.1050158,4.437675,5.2881393,4.002794,4.0374594,4.604178,4.6694098,4.2271714,4.196879
24,1.1966101,2.254722,3.1113772,3.2666466,1.7789015,1.7104594,1.3208673,1.8227813,2.3775935,2.534584,2.4285414,2.2628086,2.5081227,2.4264781,3.1317604,2.00898,3.9140708,3.960621,3.8269296,4.517573,4.377378,4.377378,3.731992,4.3425126,0.0,0.97394973,1.131326,1.341027,0.664312,2.1817417,0.87994665,0.8591096,3.5618691,3.2187443,3.312687,4.180603,5.375214,4.9287686,2.7280242,3.6333506,3.2309701,2.8943446,2.7699556,2.8180323,3.1540225,3.082801,2.8270907,2.5359967,3.188085,3.188085,3.466687,3.398907,3.4459424,3.4430192,4.5195365,4.5230203,3.0097234,3.0072021,3.8183286,3.032875,2.9160986,2.9160986,2.9588494,2.922565,2.480196,2.6954637,2.6135774,2.3499382,3.6367207,3.5548134,3.0282202,2.7865493,2.634004,2.634004,3.0630314,2.4713066,3.2553294,3.1536899,3.180711,3.2338152,3.4571102,3.4585962,3.0736372,3.0814173,3.0741098,3.4341328,3.4243534,3.051262,3.137995,3.1930034,3.3356137,3.225938,3.0246105,2.9907954,3.0728831,3.5692399,4.744856,4.5491548,4.635053,4.5491548,4.679784,4.679784,4.584466,4.5907,4.150054,4.267213,3.4960895,3.6581492,3.736212,3.6165595,3.4855368,3.7885444,3.514681,3.5756874,3.5594683,3.4161012,3.4953218,3.6778047,3.438818,3.414576,4.008078,3.796626,3.5625863,3.6081958,3.7013187,3.7662346,3.5322804,3.497052
25,1.5773412,2.5268433,3.145844,3.50428,1.8514787,1.8448627,1.690446,1.9607484,2.3548968,2.4704938,3.0035572,2.8582869,2.6455777,2.6391163,3.3713543,2.2939916,4.129032,4.235193,4.09059,4.638334,4.392308,4.392308,3.7568636,4.571306,0.97394973,0.0,0.6974605,1.8174195,1.1080694,1.962423,1.3344486,1.2756187,3.7916722,3.4992342,3.3749936,4.3578095,5.4323373,5.1662984,3.0158508,3.946954,3.4996321,3.1987953,3.0634084,3.094931,3.6241508,3.5731242,3.1516557,2.8550427,3.4456477,3.4456477,3.716962,3.6499085,3.741432,3.246345,4.431248,4.4537935,3.2488086,3.2554774,3.99706,3.2173824,3.1393917,3.1393917,3.1853535,3.193066,2.7423878,2.9705384,2.9498878,2.6696174,3.8921857,3.8109233,3.2152486,2.973739,2.9108,2.9108,3.336379,2.808658,3.4918504,3.3922405,3.5078104,3.4890373,3.7205775,3.7378182,3.3437648,3.3478875,3.3894482,3.690997,3.6922371,3.3339427,3.445165,3.5020971,3.588504,3.5298579,3.317256,3.2753751,3.3888602,4.018987,5.001211,4.8150263,4.9186707,4.8150263,4.9212666,4.9212666,4.804204,4.811825,4.541363,4.6491694,3.8824384,4.0347543,3.992519,3.8503811,3.6899552,3.9869623,3.9205787,3.97272,3.9525094,3.8299212,3.9043944,4.0590534,3.8492758,3.8313756,4.3553224,4.029244,3.976035,4.020992,4.0664983,4.127098,3.9333165,3.9023547
26,1.3803811,2.3249984,3.025958,3.2443018,1.5840049,1.6722034,1.5783987,1.7638801,2.07532,2.4389668,2.9145288,2.6975887,2.7134519,2.7233496,3.3304985,2.3013265,4.008736,4.079891,3.8742065,4.4449825,4.324789,4.324789,3.6511865,4.4928727,1.131326,0.6974605,0.0,1.6362388,1.2474486,1.9815353,1.5215963,1.5233102,3.4071069,3.1619902,3.1214967,4.1558843,5.17233,4.9278893,2.7746882,3.636453,3.1894884,2.8865805,2.869221,2.8541944,3.3774104,3.3439999,2.8632274,2.5099082,3.2146444,3.2146444,3.5254269,3.4598908,3.6581433,3.009385,4.164962,4.1344447,3.0193248,2.9862154,3.6802244,3.1160862,2.9591491,2.9591491,3.0020835,3.0925815,2.5092678,2.5972552,2.659486,2.3361049,3.5562587,3.5040567,2.9880755,2.777336,2.6143425,2.6143425,2.9614766,2.5025065,3.3832498,3.2520275,3.4129176,3.3882294,3.4787111,3.495142,3.1286147,3.1708925,3.16306,3.3823905,3.4993508,3.1127284,3.2451081,3.3053575,3.4076195,3.34155,3.0891497,3.03319,3.1722298,3.775921,4.7483854,4.5722785,4.6603236,4.5722785,4.6307616,4.6307616,4.546875,4.5499334,4.157361,4.250004,3.6150687,3.777191,3.6566153,3.5902796,3.334672,3.7753866,3.6153913,3.6725807,3.6280167,3.515758,3.6020687,3.7536547,3.540735,3.5306263,4.0306807,3.7952573,3.6463087,3.6957018,3.7943392,3.8572137,3.6405506,3.603815
27,1.7224957,2.3611367,3.2911112,3.1154022,2.0402231,2.0132434,1.5221791,2.2680132,2.6410263,2.7505283,1.8598933,1.704152,3.207012,3.087163,3.5035982,2.6340036,3.8953524,3.5613413,3.7594578,4.319912,4.018,4.018,3.64814,3.9564855,1.341027,1.8174195,1.6362388,0.0,1.4512503,2.6436758,1.7439102,1.7355207,3.4793572,3.2619412,3.2388039,4.1595416,5.034299,4.509103,2.7330139,3.1143222,3.2342412,2.8970854,2.9775372,2.858699,2.7079916,2.6998096,2.5952816,2.4740694,3.3589497,3.3589497,3.6574767,3.586975,3.8309515,3.8262508,4.756656,4.828092,3.195448,3.1590774,3.4793384,3.2952023,3.1053197,3.1053197,3.137819,3.2750928,2.7307734,2.5793316,2.8164234,2.458049,3.9877179,4.0569406,3.5935934,3.431597,2.8670278,2.8670278,3.0050316,2.710792,3.560808,3.472619,3.5059388,3.558987,3.6847422,3.6687224,3.359826,3.4591153,3.4299948,3.4714835,3.7479846,3.3576639,3.496722,3.5445907,3.7133021,3.5944114,3.3622682,3.3291728,3.435831,3.6764638,4.752038,4.5778694,4.528438,4.5778694,4.6408525,4.6408525,4.530914,4.5369983,3.8868313,4.0273943,3.1500576,3.3763895,3.6267323,3.4468217,3.5336103,3.7591536,3.2361193,3.3043778,3.2528563,3.1139464,3.2177267,3.4472132,3.1798756,3.14542,3.7218947,4.2073927,3.2807174,3.3408833,3.5712087,3.662529,3.2968142,3.2493956
28,1.4555384,2.3335712,3.132473,3.4723034,1.8409292,1.7733698,1.6409372,2.020437,2.5302138,2.758019,2.6888251,2.5455306,2.950314,2.8692102,3.3406448,2.3650975,3.920753,3.9795938,3.8792782,4.6118193,4.5105133,4.5105133,3.8482969,4.4861045,0.664312,1.1080694,1.2474486,1.4512503,0.0,2.1084132,1.0912145,1.0048611,3.6908977,3.3921592,3.2666276,4.115745,5.4262223,4.983188,2.8007257,3.785622,3.3945563,3.130857,3.029209,2.973334,3.3727882,3.3029022,3.0173898,2.756002,3.342608,3.342608,3.6228426,3.5397122,3.6034303,3.6362906,4.817767,4.8007226,3.1163065,3.120385,3.636222,3.2372937,3.0139594,3.0139594,3.0174754,3.0760787,2.6008668,2.7220829,2.7847574,2.514022,3.4571602,3.4400814,3.090664,2.8613765,2.8389983,2.8389983,3.1060064,2.636864,3.513888,3.3902194,3.4064925,3.4496593,3.5971456,3.5936904,3.2228253,3.2752593,3.2871275,3.6289356,3.6267047,3.2706769,3.3662066,3.4189222,3.5716605,3.4632926,3.2429926,3.207155,3.2887301,3.6929936,4.9216104,4.739712,4.847743,4.739712,4.8434186,4.8434186,4.7111645,4.7193604,4.4724026,4.615106,3.6753194,3.8301318,3.8420322,3.7649994,3.6060607,4.0345864,3.7382195,3.7902787,3.7995634,3.6449268,3.7177334,3.8941352,3.6729522,3.645762,4.1987667,3.875919,3.8114326,3.863684,3.9095745,3.978194,3.7761075,3.7460918
29,2.268485,3.0189412,3.677487,4.0449734,2.518064,2.551646,2.546285,2.6039605,3.0038774,3.1866698,3.5412548,3.443953,3.3938653,3.3677676,3.9012556,3.0374713,4.3407373,4.509812,4.2771916,4.8936944,4.7123795,4.7123795,4.0672383,4.8134856,2.1817417,1.962423,1.9815353,2.6436758,2.1084132,0.0,2.474555,2.4371188,3.6589334,3.3884094,3.1223722,4.032439,5.523399,5.303542,3.3737519,4.2927566,3.78628,3.6482701,3.5369523,3.5535975,4.0343056,3.9990978,3.6045294,3.34688,3.7912316,3.7912316,4.054262,3.9919994,4.120826,3.771457,4.9309473,4.922521,3.5963492,3.6195378,4.270454,3.6712453,3.5368645,3.5368645,3.5443172,3.6079595,3.1771266,3.349392,3.3608983,3.117331,3.9863963,3.8991807,3.4765792,3.307035,3.3443027,3.3443027,3.7083018,3.2457519,3.920924,3.8267753,3.8976817,3.8555577,4.0636535,4.0743494,3.7374408,3.7532456,3.789726,4.075797,4.52499,4.1795244,3.8267503,3.8791544,3.963343,3.9071758,3.8361478,3.6922612,3.789807,4.2772555,4.725858,5.0481386,5.156029,5.0481386,5.076708,5.076708,4.9740925,4.985445,5.194893,4.976983,4.639487,4.767897,4.305079,4.1475844,4.0890446,4.346313,4.2436757,4.289972,4.2911963,4.160786,4.225211,4.367109,4.1739063,4.1563425,3.9215014,3.512316,4.322685,4.363205,4.2941585,4.353153,4.276872,4.249738
30,1.3260596,2.3544555,3.1813934,3.54539,1.8721441,1.7642101,1.2686157,1.7052711,2.4212918,2.9096677,2.6595073,2.4889586,2.3553226,2.490262,3.1777256,2.0506954,3.8132555,3.9140575,3.8028536,4.18721,4.400784,4.400784,3.6505542,4.4416866,0.87994665,1.3344486,1.5215963,1.7439102,1.0912145,2.474555,0.0,0.20838135,3.9589987,3.4191625,3.4851735,4.255009,5.308702,4.8861017,2.817818,3.7036777,3.3382087,2.9034119,2.8139436,2.8815114,3.2455401,3.1595092,2.9333956,2.6937735,3.2124827,3.2124827,3.4769547,3.3500721,3.3638513,3.3945143,4.7136397,4.601533,3.0189242,2.9575243,3.9373684,3.1297166,2.8768458,2.8768458,2.9042318,2.8405223,2.4766202,2.8918662,2.7088797,2.4919052,3.684672,3.5628142,3.142237,2.90514,2.7001383,2.7001383,3.2021725,2.5360184,3.2955956,3.1974454,3.1955464,3.277786,3.41032,3.425263,2.9717782,2.93704,2.9976,3.4943855,3.3316846,2.9709814,3.1060843,3.1504638,3.281851,3.1780972,2.8358047,2.9172697,3.0071554,3.559322,4.530372,4.268274,4.3634143,4.268274,4.6644216,4.6644216,4.5382257,4.541273,4.387944,4.5404687,3.5323596,3.670317,3.778643,3.675424,3.5086238,3.9673452,3.582774,3.6531467,3.6388857,3.508156,3.5706713,3.742261,3.5222585,3.495259,4.1694655,3.9973507,3.6691809,3.7088754,3.7033715,3.7617972,3.6067986,3.5771854
31,1.4289931,2.4424534,3.2297258,3.6203399,1.9331096,1.8150958,1.4001478,1.8202206,2.5301204,2.9442484,2.7019544,2.5522928,2.4709914,2.5828147,3.2719896,2.167088,3.8616257,3.9561121,3.8848479,4.280478,4.410061,4.410061,3.687825,4.461655,0.8591096,1.2756187,1.5233102,1.7355207,1.0048611,2.4371188,0.20838135,0.0,4.0128207,3.4790337,3.520946,4.2865515,5.365876,4.9324026,2.897035,3.7948115,3.426153,3.0092993,2.935794,2.9931567,3.3554094,3.2745972,3.044195,2.8081534,3.3249838,3.3249838,3.5732179,3.451482,3.4770644,3.5024483,4.79951,4.7038636,3.1053832,3.060787,3.9655325,3.2101965,2.950649,2.950649,2.9786782,2.9210303,2.584941,2.9721808,2.8316302,2.6010447,3.7607112,3.6533523,3.230942,2.9872124,2.821487,2.821487,3.2916849,2.661059,3.3982913,3.3027875,3.2960837,3.372918,3.5488558,3.5601594,3.1100152,3.0825105,3.1410182,3.6329896,3.4731064,3.1156964,3.2414286,3.286903,3.4156778,3.3131506,2.9948802,3.0682573,3.1564357,3.6895518,4.661457,4.4087305,4.504912,4.4087305,4.7805877,4.7805877,4.647522,4.652278,4.487594,4.648426,3.6414928,3.7683027,3.8897607,3.7743895,3.6287436,4.0677,3.7144656,3.782465,3.77212,3.6370854,3.7007198,3.8765287,3.65554,3.627085,4.282029,4.0924673,3.7994366,3.8408506,3.8302925,3.892134,3.740713,3.7108185
