,0,1,2,3,4,5,6,7,8,9,10,11,12,13,14,15,16,17,18,19,20,21,22,23,24,25,26,27,28,29,30,31,32,33,34,35,36,37,38,39,40,41,42,43,44,45,46,47,48,49,50,51,52,53,54,55,56,57,58,59,60,61,62,63,64,65,66,67,68,69,70,71,72,73,74,75,76,77,78,79,80,81,82,83,84,85,86,87,88,89,90,91,92,93,94,95,96,97,98,99,100,101,102,103,104,105,106,107,108,109,110,111,112,113,114,115,116,117,118,119,120,121,122,123,124,125,126,127
0,0.0,1.0476807,2.3945634,1.6061229,1.6569831,2.8009121,2.3063138,2.3689752,1.7907845,2.417467,2.57598,2.8239088,2.1758888,2.2163894,2.5347128,2.610224,2.9332244,2.7244787,2.7840366,1.9401932,2.6859791,2.6830797,2.2138534,2.8351676,2.952798,2.6759565,2.583843,2.8342803,2.090741,2.325899,2.2856026,2.521911,3.0522997,2.435266,2.949558,2.3676822,3.6352737,3.4420474,2.7317715,2.6970744,3.019904,2.9238005,2.6542702,3.0219023,2.4255567,2.4586813,2.770656,2.5607035,2.5115447,2.8366234,2.0280852,2.9248302,3.0765986,2.9345486,3.1686935,2.6159418,3.4257867,2.6869712,3.018607,2.572585,2.6229053,2.5003564,2.6827526,2.8631954,3.7990258,4.3527923,4.0360527,4.0751677,4.023855,4.0922904,4.0425863,4.02593,3.223917,3.8180406,3.8527608,3.8423526,4.473191,4.329561,4.8474636,4.415393,3.4849648,4.030623,3.2696836,3.2293823,3.9177804,3.9778883,4.1659184,3.6846862,3.6908991,3.3463504,3.8393905,2.4493282,3.8148847,3.8028169,3.814934,3.7628589,2.7612739,3.4203415,3.844299,3.2340767,3.7721372,3.6622045,3.4319944,4.009226,3.5945547,3.8353567,4.4638314,3.937085,3.106381,3.8696647,3.438758,3.7983923,4.3996615,4.3461003,4.5635357,4.5862904,3.9642901,3.5145235,4.397585,4.3514867,3.0741303,2.989369,3.2095323,3.8548107,2.7258353,2.5350792,3.4255333,3.1461244
1,1.0476807,0.0,2.2634387,1.5653623,1.771328,2.6340404,2.1243427,2.4381278,1.8685642,2.1992815,2.3137565,2.7270496,1.8748975,1.9389154,2.1380966,2.1664135,2.6663837,2.1802056,2.5358162,1.5568453,2.48484,2.4750826,1.9782728,2.6607783,2.886672,2.4783638,2.0675268,2.2743704,2.0058677,2.0707767,2.1193044,2.347984,2.9855292,2.2549295,2.8083622,2.3939016,3.5858629,3.4661367,2.5287735,2.4880326,2.582091,2.5665488,2.1018703,2.5577888,2.2868438,2.2679577,2.4859726,2.3077385,2.5274065,2.8808365,2.086989,2.9080484,2.91278,2.8118858,3.0016215,2.3741586,3.3160045,2.5733452,2.8238,2.7023687,2.6613195,2.5320578,2.5127966,2.8280075,3.7483978,4.2146616,3.7113366,3.8193352,3.7503362,3.8174906,3.943348,3.935895,3.2611127,3.5797918,3.8377416,3.8109481,4.328018,4.150016,4.540082,4.096909,3.4896955,3.6301932,3.1351113,3.0741343,3.8946743,3.9953842,4.11785,3.6535647,3.455641,3.3436599,3.542692,2.5896585,3.514857,3.648756,3.6469064,3.6034887,2.6547709,3.3479936,3.4274793,2.6922913,3.396075,3.2558448,2.9915087,3.8624117,3.2788122,3.507474,4.298631,3.6649241,2.8826115,3.7351763,3.3988664,3.5725427,4.160192,4.1332316,4.368808,4.377895,3.7382634,3.4371355,4.2759748,4.073127,2.7312734,2.7081165,2.858461,3.6067672,2.7624242,2.6809785,3.104805,3.0792856
2,2.3945634,2.2634387,0.0,1.5209061,2.7105286,2.8844573,3.3188994,3.125596,2.7305102,2.9889774,3.087255,3.206457,2.726348,2.6465735,2.7174714,2.8336868,3.3622346,3.0298238,3.1725688,2.996909,3.3715086,3.392012,3.1854172,2.7570634,3.3656547,3.3705273,3.0758123,3.1808114,3.3128126,3.500806,3.223267,2.9996963,3.5829532,2.8698454,3.4588022,3.2308557,4.24315,4.057891,3.3134258,3.3017566,3.1151807,2.9355888,3.0765913,3.390414,3.120566,2.9593837,3.1870449,3.1606631,3.1324644,3.478095,2.9820518,3.589399,3.984985,3.925311,3.971696,3.793904,4.453922,4.0828333,3.8596463,3.9067914,3.1795754,3.072833,3.3451464,3.368172,4.2176776,4.6836457,4.23913,4.2856493,4.197608,4.2549796,4.3932486,4.449571,3.6275015,3.623982,4.4763837,3.8824801,4.195921,4.0482078,4.638769,4.1424184,3.6459258,3.7468991,3.561107,3.5741255,4.205883,4.342437,4.3516855,3.9660125,3.9011402,3.8606966,3.8914242,2.9170563,4.381587,4.298252,4.3232527,4.2576685,2.9980538,3.5668375,3.609252,3.4288025,3.1532738,3.163351,3.1247308,3.5509121,3.235694,3.8576527,3.9620373,3.302005,2.711962,3.8686624,3.4390378,3.4857144,4.0710063,4.0069075,4.5369563,4.523342,3.5324092,3.3866417,4.2398977,4.02006,2.7333684,2.9089313,3.0408232,3.572657,3.1098218,3.0736086,3.2354174,3.199188
3,1.6061229,1.5653623,1.5209061,0.0,2.3017793,2.8241494,2.8290212,2.9103534,2.1590385,2.5061994,2.6066015,2.7294292,2.3647902,2.4018357,2.4483225,2.544534,3.1100945,2.728772,2.9275124,2.4187407,2.9580264,2.965034,2.6774552,2.9439888,3.0752199,2.8873668,2.691394,2.8417568,2.7651558,2.9697416,2.6686163,2.6013877,3.205859,2.2807195,2.9824328,2.7793782,4.150707,3.937385,3.0082128,2.9436636,2.9232028,2.5197818,2.593346,3.0243745,2.7856596,2.7760777,2.8644714,2.79722,2.8887076,3.0846376,2.632337,3.17559,3.3257546,3.2250078,3.3975317,3.0238614,3.666873,3.2202048,3.2251885,3.1101317,2.8303769,2.7371082,2.9968214,3.2104242,4.028846,4.5123506,4.0899935,4.142181,4.0517893,4.111449,4.192336,4.2514396,3.6079493,3.8761601,4.2662764,3.9516912,4.294617,4.1635303,4.69385,4.2212787,3.715537,3.9454396,3.6209292,3.5789304,4.2388086,4.3245807,4.3994813,4.0480285,3.670882,3.578051,3.4539416,2.693672,4.097891,4.0335474,4.06182,3.9878,2.7432985,3.4390233,3.9642699,3.2778986,3.5863729,3.4772124,3.4292526,3.8552277,3.61957,3.7002907,4.361644,3.8312356,3.1498017,4.152666,3.726919,3.8549764,4.3470716,4.2934575,4.802773,4.813877,3.9366038,3.6303203,4.466474,4.370024,3.1463418,3.1549685,3.37162,3.9723766,3.2548752,3.1186604,3.553578,3.5372317
4,1.6569831,1.771328,2.7105286,2.3017793,0.0,1.9955456,1.7240762,1.847963,0.78620297,1.8344085,2.053344,2.278221,1.4155223,1.217742,1.795154,1.7923813,3.0382767,2.839283,2.7811894,1.9962962,2.1770315,2.1992407,1.6003146,2.3191626,2.355052,2.185369,1.7918241,2.1021633,1.4893053,2.5311105,2.054266,2.170987,2.7636988,2.7455575,2.4364913,2.0368974,3.1249366,2.8672702,2.0730307,2.086252,2.3473125,2.4822342,2.643024,2.4732852,1.9070867,1.9416462,2.1293435,1.7621719,2.2233896,2.3599732,1.1689333,2.554253,2.699593,2.503198,2.6951146,1.9660908,3.149311,2.2580793,2.4520237,2.1650455,2.0574381,1.8986552,2.1304195,2.21432,3.590095,3.979107,3.6360292,3.6777341,3.5965843,3.6672444,3.743679,3.7375805,2.868659,3.1475854,3.3965375,3.6225994,3.9723783,3.780821,4.1445394,3.9409494,3.0506885,3.488665,3.0165088,2.8469524,3.5628812,3.678794,3.81856,3.2719467,3.1936908,2.9791079,3.8464224,1.8598619,3.4162138,3.43732,3.4169185,3.3546965,2.1934168,2.4335663,3.1935072,2.4361382,3.1506817,3.070699,2.7384763,3.149144,2.5427399,2.9283266,3.5117702,2.8316214,2.5133023,3.241779,2.4712074,2.7583363,3.5799494,3.5240636,3.6797385,3.709833,3.4598248,3.0815666,3.7983978,3.6163597,2.1923053,2.1406605,2.2569988,3.2086897,1.9743603,1.9080824,2.6073074,2.3413088
5,2.8009121,2.6340404,2.8844573,2.8241494,1.9955456,0.0,2.8247151,2.7168207,1.9384366,2.5235431,2.7369132,2.7908518,1.9918368,1.8195002,1.9284368,1.9172161,3.4638836,3.287507,2.6399267,2.92089,3.0213706,3.0374036,2.6595056,2.9648235,3.1996226,3.0301163,2.1672409,2.29456,2.7686381,3.264704,2.9667513,2.5413928,3.1732693,3.3431382,2.8274024,2.7515109,3.4017708,3.2856555,2.4842405,2.6222844,2.345514,2.8447208,2.9481602,2.700149,2.3617005,2.2790205,2.5469797,2.2565641,2.05557,2.2964604,2.2640097,2.6763651,3.366416,2.973457,3.3786643,2.7921214,3.7552078,3.142579,2.9135208,3.1521175,2.8248436,2.7136948,3.0364974,3.1723356,3.89826,4.199146,3.7289913,3.7320848,3.6674986,3.7304022,4.1307096,4.1366043,3.7838619,3.258028,3.7376575,3.6683745,3.9189382,3.7288878,4.173033,3.9172213,3.620973,3.3326814,3.6686847,3.593519,3.9456282,4.033149,4.1620193,3.6528862,3.3733068,3.5972953,4.283842,2.4807663,4.0767813,4.0227413,4.043119,3.986701,2.679992,2.7349606,3.1951208,2.5460513,3.0312138,2.8812368,2.6987872,3.1519887,2.446948,2.8785036,3.470308,2.8158786,2.4085233,3.6209702,2.7676756,2.560106,3.3340383,3.2431698,3.5909607,3.5358167,3.3048303,3.159297,3.588203,3.4140143,1.9928018,2.1735318,2.3522682,3.109055,2.7355707,2.8085723,2.5196939,3.0116856
6,2.3063138,2.1243427,3.3188994,2.8290212,1.7240762,2.8247151,0.0,2.764068,1.8430358,2.2418003,2.1992536,2.6688893,1.7955158,1.8061163,2.1424937,2.078836,2.4661274,2.2374396,2.4694936,1.3333365,1.5953281,1.5867766,0.90585893,2.3247008,2.1030955,1.6131113,1.5290128,1.724192,0.9426729,1.757861,1.4154289,2.4648168,2.5141308,2.4705606,2.1527755,1.5556698,2.5438101,2.46662,1.7972139,1.6851866,2.1880076,2.1215713,2.3282564,2.0866098,1.4931458,1.5523535,1.7809546,1.5293267,2.185918,2.362835,1.254151,2.4708676,2.0336185,2.1201272,2.4357984,1.4880466,2.7522454,1.7145394,1.9988385,1.8491184,2.1254935,2.0717728,1.9615501,2.1626792,3.010099,3.4406762,3.0452273,3.1243367,3.0897746,3.0887074,3.21446,3.119934,2.147661,2.5914016,2.2429178,2.941876,3.3743193,3.1833649,3.4387302,3.1902173,2.5445793,3.2016554,2.1743128,2.004075,2.7566307,2.9043493,3.0767286,2.5734668,2.5145118,2.2801616,3.16736,2.2648635,2.1067853,2.4303641,2.3946917,2.3600507,2.155497,2.4928331,2.9618554,2.3263714,2.8276546,2.7144842,2.2879875,2.9330602,2.529595,2.9052274,3.3027902,2.9620924,2.6179664,3.0207934,2.6898134,3.001333,3.5352142,3.55031,3.7429602,3.7552695,3.4046302,3.0046809,3.809948,3.479567,2.5301285,2.1843307,2.4848244,3.3889773,2.0993857,1.885561,2.7375753,2.5731785
7,2.3689752,2.4381278,3.125596,2.9103534,1.847963,2.7168207,2.764068,0.0,1.9397048,2.5167594,2.6393929,2.826698,2.218561,2.1665556,2.5628936,2.6101162,3.688767,3.5375073,3.4728026,2.8454108,2.873875,2.8852968,2.5754125,2.798553,2.9484954,2.8776395,2.6662984,2.9036906,2.3553648,3.186766,2.730248,2.784856,3.2587967,3.3459895,3.166698,2.6849835,3.4521382,3.2043421,2.726245,2.7776582,2.9464371,3.0707784,3.257862,3.0954921,2.5868003,2.6255515,2.7192013,2.5333512,2.8935857,3.0362635,2.1122737,3.1788511,3.4273076,3.2941306,3.360844,2.8511438,3.695098,2.9921124,2.9754205,2.754952,2.6717765,2.5544887,2.5957277,2.5136352,3.4054055,3.817576,3.4955533,3.5210967,3.4413507,3.536483,3.5827172,3.5751045,3.4410088,4.0678587,4.5162673,4.722486,5.0228205,4.817328,5.1597443,4.960323,3.5417836,3.539846,3.5462074,3.4031863,3.978477,4.0551457,4.2131343,3.762019,3.8153367,3.5224805,4.4498296,2.499484,4.0676165,4.0215983,4.012329,3.9864893,2.8274844,2.9259493,3.6270385,3.0962276,3.535918,3.567992,3.198144,4.347716,3.0309763,3.4312723,4.7946873,3.217476,2.8450847,3.487602,2.6656861,3.0272524,4.0628495,4.0082803,4.168619,4.162112,3.904259,3.5119274,4.1440387,4.0201917,2.6771119,2.6873243,2.552441,3.2930393,2.5724308,2.432413,3.055008,2.7837079
8,1.7907845,1.8685642,2.7305102,2.1590385,0.78620297,1.9384366,1.8430358,1.9397048,0.0,1.266906,1.5426736,1.8027207,1.2571701,1.109327,1.4465497,1.4896791,2.9612832,2.7516935,2.6560102,1.9883583,1.8398248,1.8747126,1.5358413,2.2221262,2.076219,1.8448195,1.657376,1.943388,1.6470556,2.5780017,1.8350865,1.7292135,2.2741876,2.4575143,1.9309736,1.9207895,3.107104,2.7434857,1.9218009,1.9356983,2.0230923,2.116067,2.409356,2.144762,1.7416475,1.8516648,1.797646,1.5846528,2.1054335,2.0037158,1.4506615,2.2099502,2.3452468,2.102403,2.357597,1.9356023,2.6511855,2.0541852,2.1924186,1.9519277,1.8014822,1.6894753,2.0220137,2.3075216,3.3529432,3.7440472,3.3681273,3.3906107,3.3104374,3.396402,3.518161,3.5222812,2.974298,3.3187618,3.4811835,3.6802995,3.8079536,3.6377323,4.043918,3.7861857,3.11941,3.471347,3.1207392,2.979284,3.5286074,3.6170795,3.6670601,3.3131351,3.040477,2.8919334,3.6051452,1.8066994,3.293863,3.2950242,3.3155713,3.223835,1.7451308,2.0142615,3.2343206,2.4034545,3.1034563,2.993374,2.7062345,3.1506166,2.5644507,2.5163002,3.5854988,2.868983,2.4743721,3.3308818,2.538127,2.7354581,3.6368778,3.5853212,3.8139505,3.8312504,3.443969,3.0650015,3.7539878,3.5842674,2.3293598,2.269082,2.4146771,3.2649307,2.2490008,2.2189264,2.6253395,2.6441927
9,2.417467,2.1992815,2.9889774,2.5061994,1.8344085,2.5235431,2.2418003,2.5167594,1.266906,0.0,0.78313637,1.6716576,1.3753809,1.2703665,1.3706172,1.4528131,3.2598176,2.8369205,2.7068384,2.0796127,1.4077437,1.449724,1.6326314,1.872527,2.0463257,1.4539264,1.7271084,1.9825209,2.0645852,2.826532,1.7144318,1.7546288,1.7798866,2.1684065,1.4793645,2.2329316,3.3999934,2.8864357,2.0306764,2.0606976,1.8034747,1.7954144,2.216756,1.8781492,2.0357864,2.1112566,1.5783577,1.7491279,2.3959653,2.0403533,2.2525036,1.896958,2.1089802,1.8542508,2.106635,2.2849128,2.134157,2.2160304,2.5904121,2.3954625,1.8794023,1.8370646,1.8223284,2.6576855,3.3178637,3.6508124,3.13169,3.2637796,3.1905503,3.3063958,3.3921587,3.4168398,3.1802337,3.6629426,3.857445,4.0113235,3.7619503,3.6080642,3.8361332,3.530596,3.2726803,3.6191168,3.1329303,2.981007,3.622143,3.7008119,3.5858803,3.5304754,3.1618526,3.0243096,3.4751272,2.3541973,3.070459,3.3051326,3.3453846,3.2162623,1.5875828,1.921243,3.2405531,2.47394,3.1569264,3.0214217,2.705347,3.3449743,2.7144303,2.147582,3.804652,3.0545135,2.7159324,3.3689106,2.7821603,2.9407964,3.9270866,3.9040024,4.1369267,4.1335406,3.667791,3.3207896,3.9333773,3.6592946,2.6856852,2.7279718,2.6875231,3.5083616,2.5507307,2.6922784,2.8129704,2.9327877
10,2.57598,2.3137565,3.087255,2.6066015,2.053344,2.7369132,2.1992536,2.6393929,1.5426736,0.78313637,0.0,1.3991158,1.2618297,1.5208124,1.2481914,1.3223848,3.057272,2.5768971,2.8025427,2.131867,1.2829689,1.3235205,1.7214727,1.9246172,1.8647676,1.2310599,1.8206439,1.8455591,2.1649203,2.9188244,1.6187005,1.501547,1.903449,2.209727,1.6216544,2.08232,3.5510118,3.0275307,2.1569784,2.1411066,1.6498208,1.6915944,2.24328,1.952434,2.169619,2.2158785,1.6980959,1.8754928,2.574918,2.2067285,2.3730497,2.0669367,1.7103678,2.0095558,2.365438,2.359825,2.172928,2.2926464,2.3476226,2.466474,1.8867658,1.9243218,1.849393,2.471436,3.1896927,3.5571876,3.0098915,3.1911325,3.018218,3.1313782,3.1760828,3.2101731,3.2157302,3.7879577,3.8288965,3.976265,3.748605,3.6021116,3.8028433,3.4936712,3.253017,3.575788,3.1521332,2.9892194,3.5290034,3.6305153,3.4541664,3.54625,3.0779438,2.94714,3.3489676,2.3989356,3.075238,3.2859123,3.3272026,3.193786,1.3746446,1.7786143,3.557996,2.7926726,2.935078,2.8061807,2.7918158,3.4705184,2.8138065,2.2016847,3.8985114,3.015385,2.7180448,3.3080847,3.046624,3.2067373,3.9230163,3.9779825,4.2110314,4.1607656,3.73755,3.3985264,4.02495,3.724125,2.8238626,2.8550057,2.815379,3.6258097,2.7140112,2.8210866,2.9567783,3.2384017
11,2.8239088,2.7270496,3.206457,2.7294292,2.278221,2.7908518,2.6688893,2.826698,1.8027207,1.6716576,1.3991158,0.0,1.8946422,2.0509565,1.7695289,1.8112642,3.1575289,2.9342375,3.1953597,2.6159847,1.9851604,2.0185895,2.276815,2.4324276,2.177198,1.9592539,2.292214,2.2822194,2.679316,3.312749,2.2324967,1.6585398,2.2774422,2.6191792,2.0477345,2.403347,3.9543958,3.246012,2.0670972,2.0143263,2.0704942,2.1567519,2.6338255,2.342863,2.4485385,2.4694993,2.20229,2.250805,2.8835282,2.4455466,2.591341,2.5413249,2.1967764,2.4668255,2.7687974,2.7509074,2.6634407,2.759514,2.3321009,2.5423265,2.1832387,2.2214754,2.4408872,2.7162259,3.3858216,3.6991422,3.255843,3.3276706,3.1766758,3.2964573,2.9556887,2.9888608,3.4641576,3.9354131,3.968507,4.08976,3.907742,3.7649872,4.115652,3.8605602,3.1057928,3.3252294,3.616278,3.4158354,3.3160477,3.4237683,3.223277,3.3382077,2.81078,2.770053,3.140915,1.8823849,3.5258343,3.1253562,3.171038,3.0437367,1.6840537,1.9725429,3.800748,3.1006298,2.7502685,2.6341803,3.1465406,3.5533452,2.9712713,2.3422723,3.9351306,3.1015263,3.0208294,3.731317,3.1875885,3.2964687,3.8958416,3.9408593,4.2202177,4.1704884,3.7405806,3.4676375,3.9612036,3.814938,2.967438,2.98672,3.0444272,3.6905272,3.0813475,3.111434,3.1109529,3.5329711
12,2.1758888,1.8748975,2.726348,2.3647902,1.4155223,1.9918368,1.7955158,2.218561,1.2571701,1.3753809,1.2618297,1.8946422,0.0,0.728944,0.7772266,0.84087116,3.0675726,2.6233115,2.7677283,1.9696821,1.7959921,1.8062165,1.624452,2.0140345,2.4206583,1.6979494,1.4050425,1.4301518,1.7541406,2.6108608,1.7355896,1.6773342,2.4641361,2.5239666,2.0652387,1.8464364,3.1706414,2.8746645,1.992332,2.0394669,1.6208097,1.9007993,2.2897856,2.0264628,1.8798803,1.8402042,1.7787328,1.6059202,2.2363853,2.3125935,1.8105887,2.3119178,2.1889162,2.3454978,2.8724627,2.054686,2.8934412,2.319735,2.311371,2.5285945,2.0382578,2.0155792,1.98023,2.4613905,3.388175,3.7604325,3.2242744,3.3813884,3.220057,3.304859,3.4931383,3.5020664,2.9754076,3.394921,3.4888058,3.5016031,3.708438,3.5533845,3.7609308,3.4942956,3.13279,3.3048916,2.9666908,2.8041306,3.4645247,3.5247016,3.6221764,3.3730314,3.0333986,2.9913645,3.5841727,2.178137,3.1947815,3.4057674,3.4012537,3.3177865,1.8619808,2.1219625,3.3124506,2.584212,2.6716821,2.4772813,2.4437208,3.185963,2.3742638,2.5498884,3.5950813,2.7351415,2.225031,2.9626472,2.661823,2.786081,3.4389615,3.4854212,3.750968,3.6882741,3.4222944,3.1469705,3.549692,3.4171872,2.081714,2.2188318,2.1502488,3.1526623,2.1225138,2.2252383,2.4847012,2.8798182
13,2.2163894,1.9389154,2.6465735,2.4018357,1.217742,1.8195002,1.8061163,2.1665556,1.109327,1.2703665,1.5208124,2.0509565,0.728944,0.0,1.0518675,1.0735116,3.250373,2.8570592,2.7225242,1.9762032,1.821312,1.8376244,1.5005459,1.8242409,2.4490566,1.8047938,1.2515379,1.5447686,1.6485273,2.6115143,1.8062961,1.9730613,2.3559494,2.5388708,1.9355897,1.9786316,2.9874313,2.6677234,1.7691975,1.8526676,1.7033619,1.909245,2.3128622,1.9155718,1.7027268,1.6552609,1.6085356,1.4051247,2.088238,2.1944413,1.6420343,2.2066433,2.4911978,2.2678196,2.659283,2.0076578,2.9103875,2.3249795,2.5350382,2.4931622,1.9890504,1.8970299,1.8914615,2.5306346,3.4141972,3.7416523,3.22482,3.3473816,3.2714665,3.356912,3.5357683,3.5415602,2.8111904,3.0898378,3.4230974,3.4552846,3.5894384,3.4113586,3.6408331,3.3889153,2.9492643,3.1660652,2.8036766,2.6345274,3.3822825,3.449438,3.5709434,3.1830668,2.9517353,2.9092407,3.5952706,2.0411708,3.0686817,3.2728233,3.2592216,3.182548,1.9576105,2.1001627,2.8603318,2.1683977,2.6959794,2.522276,2.1987848,2.899225,2.0431368,2.3670695,3.2952912,2.5286002,2.1739476,2.9352605,2.1991608,2.3288333,3.317236,3.2867093,3.5657418,3.5530813,3.2295218,2.9637508,3.3515632,3.1877441,1.7975146,1.9570255,1.888277,2.943022,1.8638182,1.9979451,2.256134,2.427896
14,2.5347128,2.1380966,2.7174714,2.4483225,1.795154,1.9284368,2.1424937,2.5628936,1.4465497,1.3706172,1.2481914,1.7695289,0.7772266,1.0518675,0.0,0.42735448,2.97236,2.49109,2.8192801,2.2223983,1.9498134,1.9829016,1.9487752,2.2236605,2.4579203,1.852343,1.4321611,1.3003275,2.200551,2.8288677,2.0088406,1.4534116,2.4647326,2.6517518,2.019775,2.1447191,3.316027,3.0407913,2.1003509,2.1387022,1.3819904,1.9044298,2.2226007,1.9219095,2.0142286,1.9755746,1.7845331,1.7495217,2.4505873,2.458568,2.2330916,2.5444174,2.3086185,2.4854405,2.9349782,2.3588717,2.9683878,2.597002,2.2910657,2.7933788,2.1975386,2.1987126,2.3357222,2.7401454,3.4926887,3.8172424,3.2084448,3.329546,3.155216,3.2343194,3.5843358,3.6136286,3.2383075,3.4001873,3.6252353,3.4838254,3.5019841,3.3676476,3.6370485,3.3061466,3.3577769,3.2154036,3.2449224,3.1232796,3.6023703,3.6710103,3.657298,3.4998753,2.9481282,3.1543226,3.4911342,2.3275077,3.2940934,3.4255848,3.4594934,3.363412,1.7371329,2.0117276,3.24638,2.5235734,2.4292228,2.2111351,2.2975829,3.0111575,2.3074567,2.3455305,3.446916,2.613376,2.0730324,3.1515799,2.83787,2.6948237,3.3516407,3.4053986,3.6859493,3.6118343,3.2581277,3.1416187,3.5156348,3.3059373,2.0102031,2.176197,2.1801102,3.081897,2.5349975,2.6950653,2.3847723,3.1480896
15,2.610224,2.1664135,2.8336868,2.544534,1.7923813,1.9172161,2.078836,2.6101162,1.4896791,1.4528131,1.3223848,1.8112642,0.84087116,1.0735116,0.42735448,0.0,2.9621644,2.4653823,2.827764,2.1947668,1.9380641,1.9657146,1.8779536,2.2414856,2.4091907,1.8129436,1.2472059,1.0839235,2.1802843,2.874903,1.9904145,1.5265971,2.3873088,2.6027231,1.940675,2.0445886,3.2747095,3.0080006,2.0092866,2.0402632,1.1080679,1.7416412,2.0564659,1.6753178,1.8808227,1.8374393,1.641884,1.522569,2.4957762,2.4672222,2.1654825,2.552151,2.1601193,2.3441482,2.7936168,2.1391633,2.8466792,2.431656,2.0916116,2.6564078,2.056747,2.051374,2.1758742,2.5867848,3.3922343,3.625706,3.0602121,3.201908,3.0074215,3.0950496,3.503373,3.5424368,3.1670446,3.2505584,3.5186837,3.418628,3.423716,3.2616067,3.5215456,3.2104843,3.271149,3.0624208,3.1474667,3.0849142,3.5584013,3.64572,3.6255038,3.4390166,2.7854261,3.043215,3.375557,2.2350502,3.175661,3.3361342,3.361347,3.2751849,1.667436,1.9143374,3.1707337,2.3121533,2.4222646,2.1900747,2.2170608,2.9462984,2.1650167,2.127017,3.339193,2.4696844,2.082701,3.0245245,2.7666671,2.6083736,3.1215677,3.189121,3.4626656,3.3959858,3.0537696,2.9485304,3.3222744,3.0657346,1.9034666,2.062459,2.1031399,2.9218957,2.534287,2.7363129,2.366605,3.100154
16,2.9332244,2.6663837,3.3622346,3.1100945,3.0382767,3.4638836,2.4661274,3.688767,2.9612832,3.2598176,3.057272,3.1575289,3.0675726,3.250373,2.97236,2.9621644,0.0,1.3250375,2.6461565,2.3172107,2.6416109,2.6493807,2.6458251,3.2957819,2.618132,2.8998537,2.8090138,2.674155,3.05613,2.2613933,2.798164,2.3668237,3.2029836,3.0273652,3.2671885,2.8873417,3.350305,3.348769,2.9923942,2.8798141,2.928705,3.1395469,2.7238784,2.8139975,2.63565,2.6286473,3.0522707,2.980326,3.0120926,3.111415,2.6451528,3.5143433,2.8933206,3.299261,3.3122432,3.284314,3.6803474,3.2633994,2.3705359,2.9894168,3.3107378,3.2791164,3.4703486,3.0761702,3.5334995,4.00069,3.524815,3.4023051,3.36781,3.3780587,3.7705615,3.5622191,3.4207728,3.2781858,3.0413258,3.5194464,3.9355912,3.7290392,4.344953,3.9367385,3.6475549,3.5137296,3.487232,3.5076113,3.2167308,3.465024,3.2153814,3.1311016,3.2121415,3.3891506,3.3835738,3.158238,3.1184802,2.9621587,3.0074885,2.9577591,2.6595957,3.279816,3.3383389,3.2284532,3.0313709,3.0189743,3.0365195,3.6377435,3.3419251,3.515219,3.8363006,3.584921,2.8674057,4.028089,3.8704531,3.813069,4.212601,4.2741327,4.469497,4.4309154,3.5812054,3.5105443,4.545851,4.065667,3.2707627,2.9142444,3.3763661,3.9126146,3.6508229,3.4315128,3.0386403,3.7690773
17,2.7244787,2.1802056,3.0298238,2.728772,2.839283,3.287507,2.2374396,3.5375073,2.7516935,2.8369205,2.5768971,2.9342375,2.6233115,2.8570592,2.49109,2.4653823,1.3250375,0.0,2.3583684,1.9796258,2.3826854,2.3959575,2.2896893,2.961415,2.3399825,2.4138827,2.3195922,2.1381881,2.635582,2.3976061,2.287266,2.3464017,3.0634303,2.638436,2.9038794,2.5773046,3.6786792,3.6529884,2.871489,2.7220747,2.4367707,2.6313593,2.214254,2.5607202,2.5489116,2.5086348,2.6237774,2.6409855,2.9175632,3.0900776,2.70127,3.2849636,2.5969613,3.0583143,3.0643108,2.872777,3.3830674,2.9739225,2.4355586,3.0657275,2.94944,2.921443,2.9877539,2.7586946,3.379001,3.8898785,3.254197,3.3347907,3.1825643,3.1772997,3.5870936,3.5580213,3.370928,3.1727226,3.3240118,3.421157,3.6660368,3.468916,3.974823,3.4061608,3.4764628,3.3306184,3.0837078,3.0680325,3.5474582,3.8042352,3.5759046,3.410944,2.967234,3.1797779,3.103358,3.0980642,3.0454865,3.1745958,3.2313073,3.1780672,2.3894286,3.1186082,3.4381604,2.8390636,2.7867205,2.7459083,2.7344205,3.5681534,3.2580047,3.3087509,3.8715398,3.3530624,2.8389294,3.918461,3.8602118,3.797183,4.123835,4.2059345,4.3824396,4.3364964,3.5804832,3.4602146,4.6012,3.975403,3.1133337,2.850878,3.268266,3.8979096,3.5322134,3.3716755,3.2899547,3.657049
18,2.7840366,2.5358162,3.1725688,2.9275124,2.7811894,2.6399267,2.4694936,3.4728026,2.6560102,2.7068384,2.8025427,3.1953597,2.7677283,2.7225242,2.8192801,2.827764,2.6461565,2.3583684,0.0,2.0633473,2.4551466,2.4592044,2.1995144,2.7916803,2.453272,2.5392187,2.5425372,2.7535536,2.5724926,2.404641,2.50757,3.1026168,2.7037668,2.2174807,2.525555,2.6831126,3.5186143,3.3978665,2.407308,2.402131,2.6451263,2.620146,2.3688345,2.709187,2.4417393,2.377417,2.3492255,2.4637697,1.9435694,1.8847653,2.545805,1.9598907,2.7749465,2.3183956,2.4381063,2.732562,2.9615424,2.6991932,3.0137446,2.8333585,2.7006447,2.6015477,2.6073945,2.7668505,3.2520397,3.680852,3.201195,3.296663,3.3288364,3.319423,3.4510274,3.416687,3.4000561,2.9862573,3.1688387,3.686154,3.6586757,3.4646544,3.7749171,3.4169679,3.130654,3.5729823,2.85333,2.7823186,3.4123578,3.6363883,3.5345423,3.189319,3.1203816,2.9511294,3.5785444,2.8766892,3.1448267,3.3077435,3.381118,3.2998607,2.493169,3.149588,3.0588124,2.5376937,3.222611,3.2123632,2.6850471,3.3338373,3.2673473,3.2682333,3.9031942,3.5528522,3.0743487,3.6355982,3.4941483,3.6489272,4.010534,3.9309635,4.2173414,4.1837826,3.7547953,3.2739007,4.657526,4.0346937,3.1353245,2.8883717,3.1610029,3.814688,2.880938,2.9250615,3.213726,2.8367386
19,1.9401932,1.5568453,2.996909,2.4187407,1.9962962,2.92089,1.3333365,2.8454108,1.9883583,2.0796127,2.131867,2.6159847,1.9696821,1.9762032,2.2223983,2.1947668,2.3172107,1.9796258,2.0633473,0.0,1.6427473,1.6148236,1.1092494,2.1828537,2.263325,1.6643801,1.5822856,1.8543757,1.5227815,1.2351816,1.5539697,2.442526,2.4216704,1.6808429,2.100417,2.1667824,3.2269366,3.067842,1.924223,1.8029318,2.2147825,2.1009884,1.5143896,1.9288918,1.8598334,1.8505671,1.8394006,1.7877805,2.4171236,2.3559144,1.7578951,2.394442,2.2106059,2.0964797,2.346144,1.89482,2.5878253,1.9680276,2.3534176,2.1349597,2.1720488,2.092506,1.9493058,2.478464,3.0639994,3.426727,2.886104,2.983992,3.001277,3.02617,3.1471906,3.0645013,2.3022778,2.8140025,2.7984092,3.2733116,3.4694495,3.2848814,3.4462457,3.2334602,2.7063823,3.120582,2.4265208,2.2276573,2.9121222,3.020085,3.1070375,2.731046,2.6069376,2.4458578,2.678048,2.4118664,2.2137678,2.4987721,2.4828956,2.4078145,2.1552413,2.9410605,2.9057176,2.2639563,2.998878,2.854592,2.3942325,3.1554074,2.9020374,2.980891,3.813944,3.3961375,2.6324832,3.161058,3.0539932,3.2782533,3.6882098,3.673762,3.848055,3.8709097,3.5735676,3.231737,4.094957,3.8494706,2.6987815,2.3522239,2.5685174,3.4853904,2.3190587,2.1676505,2.7753928,2.7199986
20,2.6859791,2.48484,3.3715086,2.9580264,2.1770315,3.0213706,1.5953281,2.873875,1.8398248,1.4077437,1.2829689,1.9851604,1.7959921,1.821312,1.9498134,1.9380641,2.6416109,2.3826854,2.4551466,1.6427473,0.0,0.102339685,1.0356425,1.5342395,1.4151062,0.7234548,1.650679,1.83047,1.7464505,2.3587687,1.0691103,1.9222833,1.5000541,2.0380168,1.3435175,1.8285012,2.9559727,2.4361675,1.8552032,1.7803408,1.8379735,1.6963475,2.16765,1.6866766,1.7016511,1.765946,1.4441775,1.6115668,2.2008576,1.780748,1.9088196,1.7388386,1.5571008,1.6751553,1.929893,2.1577566,1.9213381,2.003713,2.2190418,2.0514562,1.7922709,1.808622,1.6025329,2.271752,2.5701017,3.036526,2.4861572,2.601148,2.5712547,2.6537478,2.6709979,2.5784388,2.4266965,3.099956,2.9551892,3.4714015,3.272469,3.0685396,3.334024,3.0378582,2.5647361,3.2110002,2.3697371,2.1666787,2.6462815,2.7998307,2.5996776,2.6727512,2.5729568,2.2885845,2.9579065,2.354955,2.008841,2.378209,2.3947778,2.2610357,1.3972317,1.7502129,3.0039208,2.479632,2.850324,2.7550392,2.4331574,3.1256888,2.517335,2.0393665,3.4928992,2.8793085,2.6335092,3.134954,2.5978265,2.9259262,3.8483882,3.8755996,4.073545,4.062034,3.5633726,3.1645072,3.9010615,3.529684,2.843672,2.6169677,2.7696548,3.6236513,2.4672103,2.3011203,2.8194032,2.8431122
21,2.6830797,2.4750826,3.392012,2.965034,2.1992407,3.0374036,1.5867766,2.8852968,1.8747126,1.449724,1.3235205,2.0185895,1.8062165,1.8376244,1.9829016,1.9657146,2.6493807,2.3959575,2.4592044,1.6148236,0.102339685,0.0,1.0228108,1.5398606,1.4764028,0.74314106,1.6463218,1.829989,1.7415962,2.3284736,1.0510077,1.9475938,1.5180781,2.028333,1.3720716,1.83291,2.9566407,2.4396646,1.8634278,1.7890841,1.8628585,1.705591,2.1593313,1.6821599,1.7044119,1.7664975,1.4713222,1.6208074,2.1931105,1.7769598,1.8997073,1.7289449,1.5610803,1.6739702,1.955297,2.1478984,1.9227389,1.9952013,2.227878,2.0494146,1.8248308,1.840314,1.6034349,2.299379,2.5612576,3.0301425,2.4721012,2.590415,2.5667257,2.6507714,2.6620314,2.5608125,2.4167001,3.1099079,2.9427078,3.473118,3.2963104,3.089217,3.3453937,3.055258,2.559083,3.2039647,2.358598,2.1494498,2.6242678,2.772829,2.5879579,2.659837,2.575852,2.285855,2.9445913,2.3773692,1.9814948,2.367288,2.376415,2.2451508,1.4578476,1.8095348,3.0149295,2.4920914,2.8800864,2.776586,2.4577162,3.1651223,2.5381155,2.0603857,3.5278373,2.9209838,2.6591232,3.1485639,2.6083155,2.9469101,3.8672233,3.895458,4.0973988,4.085654,3.590713,3.1909297,3.9038656,3.5511003,2.865438,2.6363218,2.7873583,3.6483948,2.4772613,2.2905667,2.8372746,2.8661802
22,2.2138534,1.9782728,3.1854172,2.6774552,1.6003146,2.6595056,0.90585893,2.5754125,1.5358413,1.6326314,1.7214727,2.276815,1.624452,1.5005459,1.9487752,1.8779536,2.6458251,2.2896893,2.1995144,1.1092494,1.0356425,1.0228108,0.0,1.7735131,1.7001412,1.0922161,1.200248,1.5991898,0.90350664,1.9249545,0.98124635,2.2665617,1.9850141,2.0308077,1.5868783,1.6218027,2.8254592,2.5107362,1.5735637,1.4696172,1.9076388,1.7725258,1.9770172,1.7161353,1.4042798,1.4663053,1.3489739,1.2182597,1.9664731,1.8609682,1.2910647,1.8787296,1.8640747,1.6452063,1.8778903,1.4440154,2.210379,1.5584469,2.131397,1.7511063,1.724813,1.6342136,1.4183991,2.043967,2.7490354,3.1798728,2.679811,2.8063161,2.7947996,2.8369455,2.8841221,2.8387444,2.1924622,2.649176,2.6614537,3.2271574,3.3055243,3.0812685,3.3184001,3.0584078,2.3669388,3.0328963,2.0859723,1.8302182,2.7592509,2.9195042,2.9609013,2.5702517,2.4051104,2.117049,2.9641683,2.0889401,2.0422106,2.4035401,2.3801332,2.304085,1.7809963,2.1726625,2.794067,1.9630328,2.8780477,2.765553,2.2398577,2.9569285,2.4165988,2.3747373,3.3833537,2.8442588,2.6124165,3.0735347,2.4384706,2.7955973,3.6077418,3.5887208,3.762928,3.790795,3.4374428,3.0012162,3.832007,3.4647472,2.525204,2.230467,2.4646056,3.4171658,2.084765,1.8584421,2.7418168,2.3928642
23,2.8351676,2.6607783,2.7570634,2.9439888,2.3191626,2.9648235,2.3247008,2.798553,2.2221262,1.872527,1.9246172,2.4324276,2.0140345,1.8242409,2.2236605,2.2414856,3.2957819,2.961415,2.7916803,2.1828537,1.5342395,1.5398606,1.7735131,0.0,2.0303502,1.649422,2.0234818,2.267145,2.2430582,2.9910939,1.7922679,2.4904084,2.105096,2.311931,1.9852875,2.3607192,3.414353,2.8829079,2.2831137,2.2744792,2.14742,2.0460484,2.5311642,2.2350085,2.1863005,2.0273092,1.8899579,2.0020971,2.4245644,2.2273922,2.161797,2.1465287,2.7094758,2.6479783,2.7606747,2.9309049,3.00117,3.0500526,3.1914897,2.9958446,1.9713237,1.9261119,1.7569584,2.4297006,2.7784162,3.240581,2.6704936,2.8285146,2.7972348,2.8977575,2.845779,2.845712,2.2162762,2.8676302,3.4487019,3.4371476,3.1973538,2.965583,3.2644956,2.9813154,2.2047136,2.913966,2.1230597,1.8795613,2.7146556,2.8740487,2.73331,2.6393619,2.847393,2.5180094,3.2389991,2.3849397,2.6536667,2.9341402,2.9131927,2.8032203,1.8606206,2.1116223,2.8084602,2.6417148,2.6371474,2.6199257,2.2499158,2.9087534,2.112359,2.2895868,3.2928424,2.3587248,2.257877,2.8298194,1.9912496,2.453334,3.6058881,3.5965176,3.8291643,3.8186648,3.3541667,3.0243459,3.6369598,3.3326316,2.4486072,2.3956802,2.4156713,3.3481777,2.0795317,1.8445089,2.7079198,2.3419514
24,2.952798,2.886672,3.3656547,3.0752199,2.355052,3.1996226,2.1030955,2.9484954,2.076219,2.0463257,1.8647676,2.177198,2.4206583,2.4490566,2.4579203,2.4091907,2.618132,2.3399825,2.453272,2.263325,1.4151062,1.4764028,1.7001412,2.0303502,0.0,1.4300239,2.2576368,2.3736336,2.1818414,3.0543458,1.7734344,2.3636324,2.0207875,2.3110192,1.8462329,2.0808158,3.5063412,3.0399559,2.3329146,2.1891463,2.152538,1.9835583,2.54741,2.322828,2.191439,2.2491553,1.846104,2.0088472,2.593869,2.086275,2.1813452,2.212109,1.902363,2.1379542,1.899891,2.472781,2.2874475,2.3695893,2.271528,2.181961,1.6614646,1.6518172,1.8217375,1.5792838,2.4899251,2.9569604,2.6034777,2.699079,2.544833,2.5888436,2.5804343,2.6375546,2.7577798,3.0328436,3.2753243,3.753663,3.355965,3.125882,3.5478334,3.2578142,2.5834389,3.2883334,2.5896513,2.4557106,3.051129,3.3468583,2.969062,2.9681714,2.6290066,2.2799923,3.1124141,2.297929,2.7043889,2.788673,2.8522813,2.729765,1.2477001,1.6439289,3.3701224,2.6347036,2.9214106,3.0096395,2.7132187,3.1603074,2.7865207,2.2703872,3.543484,2.6275506,2.8686998,3.347223,2.8974314,3.2101371,3.8430517,3.8651462,4.034445,4.0326595,3.5602686,3.0700138,4.3399897,3.6825714,3.1197143,2.8063083,3.0927007,3.7588775,2.8514345,2.6870916,3.2826123,2.8305657
25,2.6759565,2.4783638,3.3705273,2.8873668,2.185369,3.0301163,1.6131113,2.8776395,1.8448195,1.4539264,1.2310599,1.9592539,1.6979494,1.8047938,1.852343,1.8129436,2.8998537,2.4138827,2.5392187,1.6643801,0.7234548,0.74314106,1.0922161,1.649422,1.4300239,0.0,1.5519053,1.6788095,1.6172243,2.5758705,0.86463696,2.1050625,1.6219947,1.9001509,1.1244531,1.6389076,3.271802,2.819354,1.9142691,1.7910364,1.6199311,1.4462954,1.9865794,1.7200658,1.7656517,1.8208902,1.2194105,1.4495202,2.3947718,1.992393,2.065399,1.8821893,1.3928232,1.6610882,2.0338068,1.9389187,1.8304577,1.8653003,2.1706262,2.073441,1.4170654,1.4960055,1.3447529,2.1018856,2.4048088,2.8513858,2.324811,2.5341651,2.4033148,2.4608593,2.4870496,2.537164,2.3246372,3.084387,3.0346313,3.326011,3.048328,2.8824081,3.1066725,2.779044,2.4414825,3.1170735,2.2436044,2.055795,2.833812,2.9542985,2.8324494,2.835867,2.3249757,2.0411353,2.7254474,2.2608469,2.1367822,2.5141253,2.555335,2.4321456,1.2525913,1.7522062,3.3360887,2.520457,2.7938986,2.6739163,2.412512,3.1012075,2.638353,2.1203601,3.6357093,2.8671188,2.648222,3.0317392,2.7416298,3.0558765,3.6637073,3.7128718,3.8948958,3.8774056,3.5472338,3.1096992,3.8729992,3.5382733,2.8585174,2.614083,2.8104143,3.605425,2.4802668,2.3436449,3.1068676,2.9792812
26,2.583843,2.0675268,3.0758123,2.691394,1.7918241,2.1672409,1.5290128,2.6662984,1.657376,1.7271084,1.8206439,2.292214,1.4050425,1.2515379,1.4321611,1.2472059,2.8090138,2.3195922,2.5425372,1.5822856,1.650679,1.6463218,1.200248,2.0234818,2.2576368,1.5519053,0.0,0.65653175,1.5895348,2.3243966,1.538764,2.0908375,2.285461,2.3950992,1.7151479,1.9774315,3.0022223,2.8390172,1.7560588,1.7053759,1.3486335,1.6658804,1.7001766,1.271451,1.4804724,1.4614811,1.3165596,1.0662953,2.256045,2.2440732,1.7044028,2.399986,2.2474916,2.082024,2.4091914,1.6243192,2.6415722,2.0378802,2.0531943,2.326686,1.9811572,1.9129814,1.8909757,2.4997802,2.9536862,3.219204,2.5366848,2.6588905,2.590535,2.6417067,3.1394773,3.151129,2.5426235,2.5230772,2.9540403,3.0791028,3.0857818,2.84915,3.0914316,2.8193884,2.7471628,2.5206158,2.5238411,2.3653796,3.0952296,3.2028937,3.2691503,2.8637986,2.220153,2.5252163,2.8839803,2.2600887,2.3779426,2.6992738,2.6805286,2.62562,1.8882269,2.161833,2.6474922,1.5588673,2.5415452,2.3116665,1.8423055,2.7565305,1.9535156,1.9721925,3.2039185,2.4680283,2.1653993,3.100801,2.3823314,2.2915723,3.1116927,3.1153483,3.337718,3.3482592,3.0613341,2.9291372,3.352804,3.06471,1.9496381,1.753068,2.0423193,3.03481,2.425225,2.2938626,2.4192762,2.764206
27,2.8342803,2.2743704,3.1808114,2.8417568,2.1021633,2.29456,1.724192,2.9036906,1.943388,1.9825209,1.8455591,2.2822194,1.4301518,1.5447686,1.3003275,1.0839235,2.674155,2.1381881,2.7535536,1.8543757,1.83047,1.829989,1.5991898,2.267145,2.3736336,1.6788095,0.65653175,0.0,1.9569654,2.5321364,1.7411169,1.9281033,2.5023499,2.617262,1.958668,2.0492651,3.1654165,3.0451367,2.0365462,1.973373,1.2014848,1.7577381,1.8003613,1.406156,1.7374699,1.6891832,1.5868714,1.3905458,2.5255842,2.5279934,2.0313985,2.7136927,2.1806366,2.3785627,2.7832801,1.9168475,2.8579853,2.3160403,1.9043217,2.5992007,2.1868744,2.182416,2.204969,2.6098611,3.0294406,3.2873693,2.5649285,2.6992855,2.5378966,2.5809958,3.199172,3.214755,2.756588,2.7039146,3.0074365,3.0053744,3.0395508,2.8237004,3.073053,2.773741,2.965898,2.5155895,2.7602103,2.6399736,3.178601,3.2860966,3.305397,3.0311747,2.2344027,2.6983387,2.8846774,2.457186,2.5479314,2.8324823,2.8265457,2.7704785,1.8909934,2.168738,2.9515905,1.9804395,2.3310194,2.0598822,1.9244922,2.8343117,2.0473473,2.0630298,3.2413878,2.448252,2.0842474,3.135053,2.7153459,2.5079672,3.0541852,3.1370428,3.3573678,3.3174798,3.0566034,3.0289478,3.3580713,3.0740292,2.0218043,1.8655742,2.163661,3.0910032,2.7173312,2.6150243,2.4905155,3.1780236
28,2.090741,2.0058677,3.3128126,2.7651558,1.4893053,2.7686381,0.9426729,2.3553648,1.6470556,2.0645852,2.1649203,2.679316,1.7541406,1.6485273,2.200551,2.1802843,3.05613,2.635582,2.5724926,1.5227815,1.7464505,1.7415962,0.90350664,2.2430582,2.1818414,1.6172243,1.5895348,1.9569654,0.0,2.111275,1.2466059,2.6894062,2.5841725,2.5509396,2.1354482,1.6221501,2.8926933,2.7248094,1.9324293,1.8406464,2.38054,2.2753873,2.5066721,2.364823,1.6950088,1.7791736,1.7924054,1.5757834,2.1073766,2.3337915,1.3496906,2.33918,2.3550527,2.176395,2.4254777,1.4545594,2.73557,1.7053596,2.4417324,1.9663749,2.0240622,1.9305348,1.7606066,2.1660407,2.989222,3.5266092,3.0999024,3.234579,3.195404,3.2043347,3.185573,3.192815,2.3347394,2.910142,2.8999038,3.3331602,3.6793635,3.496776,3.7543268,3.4509914,2.5598795,3.315582,2.178474,1.880803,3.1401577,3.2564156,3.4750662,2.8899841,2.7328794,2.3402226,3.4460106,2.2616289,2.5504906,2.8650079,2.8415666,2.811056,2.3193462,2.5924675,3.2167006,2.3438776,3.1453614,3.0505633,2.53154,3.3168476,2.7475336,3.024499,3.749894,3.1033978,2.8656676,3.2836666,2.5933924,3.037242,3.849154,3.8192918,3.9465277,3.977854,3.729781,3.2382414,4.048458,3.7553167,2.6864817,2.4088433,2.6470997,3.6007257,2.092275,1.7385051,3.1225026,2.4880502
29,2.325899,2.0707767,3.500806,2.9697416,2.5311105,3.264704,1.757861,3.186766,2.5780017,2.826532,2.9188244,3.312749,2.6108608,2.6115143,2.8288677,2.874903,2.2613933,2.3976061,2.404641,1.2351816,2.3587687,2.3284736,1.9249545,2.9910939,3.0543458,2.5758705,2.3243966,2.5321364,2.111275,0.0,2.3659434,2.865947,3.0686362,2.576965,2.915358,2.7723217,2.9440417,3.0222807,2.379607,2.3317897,3.006134,3.0055728,2.3726327,2.5964477,2.2926762,2.32154,2.635754,2.5499272,2.6458855,2.802118,2.1182888,2.9736028,2.9154553,2.7466636,3.0179207,2.5511022,3.2945592,2.5187314,2.7238503,2.5451162,3.119451,3.044903,2.940303,3.2693386,3.6120567,4.011001,3.4976203,3.4519455,3.5860367,3.5859084,3.768874,3.531785,2.7926006,3.2331104,2.794604,3.5722525,4.0687256,3.9135578,4.0917883,3.926568,3.3611867,3.6125448,3.0614917,2.8745086,3.0524392,3.0920706,3.310914,2.8873572,3.2366643,3.1354468,3.3891845,3.0483267,2.5218713,2.696747,2.6709516,2.6342292,2.9733658,3.6202872,2.951322,2.839476,3.4127305,3.2735384,2.793857,3.6063538,3.3426416,3.7121665,4.192515,4.0181413,2.952085,3.6136734,3.4680312,3.6243615,4.172797,4.133746,4.3027444,4.3169665,3.9775581,3.7194803,4.43648,4.2946935,3.0708308,2.6893573,2.881175,3.7816904,2.7073328,2.5153797,2.7717075,3.1161776
30,2.2856026,2.1193044,3.223267,2.6686163,2.054266,2.9667513,1.4154289,2.730248,1.8350865,1.7144318,1.6187005,2.2324967,1.7355896,1.8062961,2.0088406,1.9904145,2.798164,2.287266,2.50757,1.5539697,1.0691103,1.0510077,0.98124635,1.7922679,1.7734344,0.86463696,1.538764,1.7411169,1.2466059,2.3659434,0.0,2.1684415,1.8316628,2.0968268,1.5165458,1.3227062,3.0347655,2.654014,1.9892557,1.8651279,1.9437336,1.7805742,2.1663885,1.9437768,1.5588851,1.6341643,1.4922256,1.5198925,2.0080473,2.02683,1.8422078,1.971701,1.807415,1.9021236,2.263074,1.8793324,2.1890655,1.876611,2.3077013,2.0766952,1.751354,1.7643375,1.6027621,2.267167,2.3814688,3.0702157,2.5269213,2.701093,2.619298,2.6682677,2.6414135,2.6702368,2.3304744,3.0774672,2.9845226,3.1445122,3.2835839,3.1011617,3.5530837,3.0041015,2.409868,3.1114209,2.0039594,1.8446057,2.8389487,2.9523633,2.9755807,2.7663603,2.410506,2.0728917,2.920221,2.284059,2.247576,2.5924459,2.6187112,2.550265,1.7553902,2.1333406,3.3536785,2.5439365,2.9443061,2.8021379,2.525809,3.3969266,2.7326584,2.4918609,3.7604206,3.0470593,2.7648401,3.3819034,2.684336,3.0822897,3.9707844,3.9954774,4.1845336,4.1794806,3.5975223,3.137493,3.886482,3.5966487,2.886721,2.6480398,2.976434,3.742627,2.580821,2.1966927,3.2821293,3.0252192
