,0,1,2,3,4,5,6,7,8,9,10,11,12,13,14,15,16,17,18,19,20,21,22,23,24,25,26,27,28,29,30,31,32,33,34,35,36,37,38,39,40,41,42,43,44,45,46,47,48,49,50,51,52,53,54,55,56,57,58,59,60,61,62,63,64,65,66,67,68,69,70,71,72,73,74,75,76,77,78,79,80,81,82,83,84,85,86,87,88,89,90,91,92,93,94,95,96,97,98,99,100,101,102,103,104,105,106,107,108,109,110,111,112,113,114,115,116,117,118,119,120,121,122,123,124,125,126,127
0,0.0,2.08545,2.190186,2.191376,2.613711,1.8778781,1.6878697,1.6216458,1.9247519,2.2696443,3.5293484,1.911144,2.2423036,2.2546136,2.2179408,2.115968,2.454108,1.3758925,1.480131,1.5471016,3.0602217,3.22823,3.0364854,3.168359,2.6176977,1.1427765,2.5924745,1.4370443,2.5441558,2.4252048,3.3807604,3.3587232,4.4414425,4.5002213,5.027709,3.95815,3.9260817,3.8542452,5.3157563,5.357069,3.9948823,4.0483437,3.922564,3.8515103,3.9819732,4.7085347,3.5581985,3.97123,3.8873727,3.95432,3.5064535,3.4784877,3.8769073,3.4626448,4.127733,3.7337205,4.541997,4.416915,3.9367328,4.000238,4.376283,4.5082464,3.9302092,3.9399211,2.8185766,2.6600564,2.650034,2.8252237,2.8954828,2.8464801,2.8533745,3.2443807,2.884742,2.8757617,2.7849724,2.4889905,3.808388,3.7942488,2.9418359,3.0825963,4.214839,4.1740317,5.108577,5.1319184,2.8475633,3.1036923,2.9838183,3.540966,3.01813,3.0508134,3.0311499,3.0774696,3.2588446,3.6024919,2.949276,3.133322,3.7471488,3.7237349,3.674691,3.5281665,3.7725143,3.7869182,3.9909155,4.215289,3.502972,4.6796255,3.88725,3.9086812,3.7263618,3.8065388,3.6614263,3.8803368,2.950987,2.9658856,2.9958045,3.1187832,3.8535433,3.7994237,3.0158358,3.0505676,3.1661499,3.0928006,2.5965624,3.830123,3.4291766,3.4471545,2.6438825,2.9070754
1,2.08545,0.0,0.75094056,1.4798727,2.3389678,1.4105622,1.3519642,1.392309,0.90838903,1.217208,3.1966758,1.5746781,0.805463,0.8265825,0.7299112,1.7335877,2.871572,1.5592661,1.6135272,1.2526951,2.014247,2.2347157,1.325315,1.4778621,1.3683482,1.9509959,1.3333064,1.0971863,2.0454557,1.817473,2.3466747,2.2956731,4.4480963,3.9848967,4.3155637,4.0204697,3.4418743,3.4454594,4.4724946,4.5082455,3.512857,3.579604,3.748498,3.6326978,3.6164029,3.9313366,3.3490345,3.4347205,3.412121,3.5316474,3.8845823,3.8094192,3.3580532,3.2090442,3.5989997,3.1265645,3.7661915,3.6642523,3.4601772,3.6237483,4.139917,4.2145624,3.5244715,3.5548043,1.919469,1.7975538,1.7340919,2.0589025,2.3106365,2.2403421,2.309293,2.7363575,1.9602572,1.8825477,1.8067954,1.7565693,2.825789,2.8541465,1.542677,1.7235864,2.878499,2.815965,3.9153504,3.9455585,1.9649941,1.9938402,2.228008,3.2481031,2.3401766,2.2209182,2.1925066,2.262225,2.6604614,2.7798054,2.2681534,2.3699303,3.6269743,3.4454265,3.317998,3.6162739,3.6210167,3.6791463,3.7724326,3.9919622,3.294734,4.072359,3.6645546,3.6645238,3.5720663,3.637924,3.4411051,3.676339,2.3020875,1.9024564,2.4068544,2.5595663,2.909609,3.0665848,2.3492153,2.3664837,2.1139297,1.9665663,2.4054122,3.0266318,2.3951495,2.3949182,2.346478,1.9306569
2,2.190186,0.75094056,0.0,1.3842479,2.2238395,1.3949223,1.2509761,1.2703,0.5872021,0.94320524,2.8344219,1.2900382,0.38947156,0.42077172,0.4246417,1.5349593,2.725503,1.6830058,1.6924158,1.3479639,2.057806,2.3589954,1.3968362,1.4848144,1.1723168,2.078387,1.4595579,1.1806839,2.09434,1.9353759,2.404393,2.3415086,4.290267,3.783907,4.141314,3.9269211,3.3265624,3.3404174,4.4811254,4.360577,3.2446017,3.3083036,3.4853485,3.3280764,3.348121,3.6629863,3.14551,3.1444666,3.1334784,3.2272024,3.706641,3.6321602,3.1357062,2.9662712,3.3531158,2.9182136,3.454317,3.3701751,3.1579819,3.3301504,3.9272892,3.9035206,3.2493308,3.2714167,1.7420928,1.6145159,1.4919958,1.8156886,2.0727644,1.9667689,2.0050695,2.686261,1.8475509,1.7852522,1.6859409,1.670074,2.6770208,2.6780024,1.3795431,1.5928476,2.8290038,2.7316663,4.1261764,4.1579776,1.9829679,1.9840337,2.228397,2.9818347,2.1237485,2.133689,2.0874894,2.0831728,2.7304623,2.7379918,2.220108,2.2094402,3.4368362,3.2111795,3.088414,3.4227552,3.4451184,3.4506,3.7984233,4.038804,3.3154263,3.7547143,3.3916101,3.4014497,3.498044,3.5680957,3.400797,3.6024776,2.5970178,2.1245604,2.7147443,2.8544412,3.123938,3.3114357,2.6652117,2.6991885,2.185624,2.064321,2.5266507,2.9788399,2.7451553,2.7423623,2.5410352,2.0099626
3,2.191376,1.4798727,1.3842479,0.0,1.9897506,1.1595793,0.72989124,0.9235133,1.074697,1.6757154,3.51225,1.1330718,1.480128,1.5109215,1.4848474,1.3007576,2.9076688,1.4206569,1.4213945,1.4214892,2.3407772,2.6399,2.526206,2.6733105,1.5861207,1.9034111,1.9803514,1.4656343,1.9353805,1.7861961,2.4182196,2.3327913,4.223063,4.2354064,4.4808474,4.4032774,3.8807516,3.7397544,5.2310443,5.16841,3.7230222,3.7992404,3.9130304,3.819145,3.864112,4.098343,3.7028172,3.809228,3.665443,3.7316089,4.171651,4.10532,3.4952774,3.1453145,3.6711566,3.3741455,4.3268843,4.234915,3.5746245,3.7181466,4.201792,4.16821,3.6781914,3.6993515,2.2017825,2.046092,1.9869449,2.2138567,2.2275276,2.1354237,2.1734684,2.795861,2.0285366,2.063818,2.107599,1.9380342,3.433668,3.4389398,2.4065902,2.546551,3.9014068,3.8337893,4.7782335,4.799981,2.422726,2.7065535,2.662316,3.464238,2.632999,2.6407409,2.566395,2.6178977,2.8747993,3.2107396,2.4842722,2.6873152,3.0486572,2.9979415,3.386996,3.215269,3.1704433,3.184935,3.9137707,3.6753232,3.251887,4.455328,3.2855642,3.2856486,3.319248,3.3940248,3.3990035,3.4184654,2.669516,2.4170742,2.7282493,2.862109,3.1501358,3.6417701,2.74188,2.7993839,2.9073372,2.858915,2.517504,3.7382736,3.2176085,3.215973,2.3061392,2.990834
4,2.613711,2.3389678,2.2238395,1.9897506,0.0,1.8247731,1.9168961,1.952353,2.0085654,2.1313467,3.7366228,2.1184416,2.3630974,2.3604846,2.1414986,2.06413,3.2542095,2.4049845,2.0023394,1.9860464,2.941975,3.731283,2.943572,3.0709398,2.4324853,2.5569108,2.653805,2.3602118,2.8684833,2.7731586,3.2952852,3.3430665,4.530776,4.5126433,4.8115187,4.645922,4.0010943,3.958687,5.449418,5.203895,4.0823603,4.160417,4.103478,4.094672,4.128143,4.4084826,3.961671,4.102746,3.9966228,4.0799465,4.4392962,4.380092,3.9740589,3.6306944,4.15811,3.8049414,4.5592856,4.471978,4.0208573,4.101398,4.7105727,4.683601,4.0942,4.1332016,2.6581166,2.7431076,2.6847587,2.8804286,2.8564045,2.9720845,2.981082,3.8987212,2.569844,2.5311618,2.6434255,2.4653234,3.710011,3.6555262,2.8836248,3.0987067,3.7802749,3.8521783,4.730013,4.759354,2.6658187,2.909669,2.57116,3.6179104,2.5081613,2.5278778,2.480254,2.5412915,2.6708188,3.016626,2.2988975,2.5069654,3.7038214,3.704347,3.9012334,3.7316449,4.017815,3.7933445,4.623581,4.395519,3.8576593,4.862078,4.108465,4.2679763,4.35783,4.3441486,4.1817436,4.5225,3.2526464,2.8703334,3.4507084,3.5026038,3.8611188,4.04169,3.5663917,3.5353012,3.1369417,3.4083953,3.4985375,4.0464244,3.736228,3.7329533,2.9894855,3.5018127
5,1.8778781,1.4105622,1.3949223,1.1595793,1.8247731,0.0,0.65561724,0.59686893,0.93090224,1.5305673,3.1635587,1.0961689,1.4090024,1.403262,1.2939051,1.2799033,2.5181668,1.3385838,1.2057801,1.0889345,2.46414,2.6272671,2.3813038,2.556255,1.7220262,1.6958199,2.069632,1.4715927,1.3955667,1.2420588,1.96624,2.0122156,4.0905404,4.0769725,4.4177403,4.1544785,3.5351343,3.4814303,5.0622163,4.8996434,3.620731,3.6497655,3.5879674,3.5418246,3.7269754,4.024726,3.4184318,3.6248143,3.4787397,3.5568502,3.8728893,3.7877162,3.4652848,3.008837,3.6840096,3.2088168,4.139459,4.0388255,3.4618185,3.6844919,4.188253,4.173505,3.545576,3.5769093,1.8602394,1.7950379,2.0299106,2.2644775,2.3484406,2.2287836,2.239711,2.709293,2.2091506,2.176554,2.1731377,1.9269634,3.2717545,3.2194273,2.4127765,2.6207025,3.7172143,3.5928314,4.704706,4.730958,2.1676273,2.486643,2.3067338,3.0695899,2.5672617,2.58716,2.5428739,2.59965,2.6326303,3.0353904,2.4591594,2.6744788,3.2010446,3.1558201,3.3452039,3.261924,3.2559993,3.3235602,3.8648922,3.759733,3.247601,4.4972515,3.5609827,3.4947083,3.4764926,3.556297,3.3818836,3.61877,2.2347386,2.20438,2.4004633,2.4982417,2.8422546,3.428321,2.4602587,2.4293888,2.6105092,2.5800183,2.3291907,3.3318393,2.9519975,2.9400978,1.9951366,2.7051263
6,1.6878697,1.3519642,1.2509761,0.72989124,1.9168961,0.65561724,0.0,0.21850826,0.76692885,1.4943452,3.1378694,0.8418488,1.3101232,1.3236471,1.2872261,1.0484971,2.4697442,1.0807742,1.0368221,1.0125481,2.4099765,2.605121,2.4440055,2.602673,1.5966297,1.4952698,1.9746403,1.1988094,1.5777373,1.4327358,2.2598083,2.2307673,3.97168,3.988649,4.3419905,4.030851,3.539442,3.435439,5.0302005,4.9832473,3.4759903,3.5361676,3.5059745,3.4490554,3.5868437,3.9436061,3.3178525,3.518336,3.3598466,3.4254577,3.7457867,3.6741233,3.2885425,2.8542223,3.491822,3.1249893,4.0617533,3.960919,3.312707,3.4671485,4.016787,4.000346,3.3897676,3.4131856,1.9714324,1.8172637,1.8837454,2.1518865,2.1834357,2.0981174,2.0928667,2.6409678,2.0572493,2.0649946,2.0623343,1.8154843,3.3281898,3.3057125,2.3520143,2.5334268,3.8181055,3.7446492,4.795355,4.8199496,2.2545195,2.5663548,2.463003,3.0857606,2.5114853,2.5491335,2.4989338,2.5386283,2.7110798,3.0853362,2.4097726,2.616509,3.1495013,3.0933967,3.3466332,3.2086282,3.2082393,3.2569776,3.8613842,3.764339,3.2080832,4.416357,3.3708801,3.3494148,3.3503819,3.419344,3.327063,3.4744737,2.4060674,2.2819273,2.5060713,2.6096568,3.015496,3.4657876,2.5416572,2.5715754,2.7140076,2.6357064,2.2497263,3.4432857,3.0673923,3.0627642,2.0979948,2.7238662
7,1.6216458,1.392309,1.2703,0.9235133,1.952353,0.59686893,0.21850826,0.0,0.7680278,1.4862059,3.03687,0.8631112,1.3197025,1.3264034,1.2784452,1.0629056,2.360366,1.0785799,1.0626676,1.0316565,2.4182901,2.5784974,2.4677372,2.6222363,1.6342263,1.4591358,2.0018818,1.1994725,1.520495,1.3720958,2.2446873,2.2322376,3.9180028,3.9353426,4.3177795,3.953928,3.457234,3.3640432,5.006278,4.927796,3.4244018,3.478444,3.4266036,3.3805363,3.532445,3.915908,3.2356074,3.4567552,3.293185,3.35867,3.6488447,3.5750065,3.2688098,2.8087604,3.4753704,3.0916708,4.002311,3.8999672,3.261105,3.4220679,3.9859407,3.972061,3.3345175,3.3543553,1.9576914,1.7940936,1.8902509,2.1610732,2.2138114,2.1390622,2.1210124,2.6217554,2.0929434,2.0930698,2.080752,1.8238119,3.2967546,3.2637675,2.37047,2.5519876,3.812939,3.7399971,4.8306355,4.8562655,2.2330296,2.5517454,2.4328923,3.0230038,2.4967315,2.556353,2.5110123,2.540104,2.698512,3.0570643,2.4262629,2.6211538,3.1957467,3.13438,3.351579,3.2320223,3.2350593,3.2981634,3.8811307,3.8253655,3.2187245,4.391234,3.4091258,3.3810685,3.3966753,3.4583452,3.346733,3.5283756,2.4011626,2.3249922,2.5148082,2.6050828,3.017049,3.4594014,2.551727,2.5713644,2.7009416,2.6188064,2.2169273,3.3664937,3.0879033,3.084223,2.0911462,2.686877
8,1.9247519,0.90838903,0.5872021,1.074697,2.0085654,0.93090224,0.76692885,0.7680278,0.0,0.9691605,2.8912632,0.84871525,0.59245896,0.5941439,0.61642915,1.0724616,2.622666,1.4502085,1.3667866,1.0725791,2.081775,2.3234935,1.812874,1.93693,1.2887762,1.8292018,1.7274075,1.129604,1.6925652,1.5788143,2.2021072,2.164617,4.124698,3.8156202,4.177079,3.9324627,3.3209898,3.3008704,4.684945,4.594997,3.2982137,3.365719,3.3584318,3.2463248,3.4336689,3.7242239,3.1674614,3.2397962,3.1527452,3.239172,3.6778638,3.5995822,3.1565006,2.860439,3.37535,2.910672,3.6367273,3.5462043,3.1699898,3.3165274,3.9309833,3.8931117,3.2558975,3.2744381,1.6099429,1.4545186,1.6038475,1.9174956,1.9535435,1.8955251,1.9177567,2.488985,1.862147,1.8144742,1.7481844,1.6059927,2.8989809,2.8776724,1.7532597,1.9813582,3.191027,3.120659,4.3393764,4.3681736,2.0002973,2.1452768,2.2035947,2.983317,2.2287462,2.260687,2.2106376,2.229643,2.6237173,2.823881,2.2610786,2.3384192,3.3141656,3.1516411,3.1749911,3.341666,3.3226347,3.3640208,3.8179967,3.9117467,3.2121763,3.9777186,3.3382506,3.3346999,3.4190927,3.4632466,3.3353121,3.5416887,2.4354873,2.090661,2.547529,2.6431022,3.0329776,3.2705333,2.549146,2.5683024,2.3443584,2.2355957,2.3834796,3.0928667,2.8264358,2.8224387,2.2671833,2.2378635
9,2.2696443,1.217208,0.94320524,1.6757154,2.1313467,1.5305673,1.4943452,1.4862059,0.9691605,0.0,2.9845846,1.4761034,0.94614875,0.93696743,0.9047814,1.3727318,2.9093766,1.968963,1.8364258,1.4948664,2.272921,2.557206,1.6734365,1.7588946,1.5574075,2.1941392,1.867691,1.427211,2.0320673,1.9213269,2.6773593,2.683783,4.4974904,4.003731,4.416759,4.1461706,3.4831786,3.5170789,4.6575723,4.439783,3.447746,3.5854332,3.6089256,3.4785838,3.8008661,3.9814847,3.3915439,3.4176478,3.374709,3.493491,3.8558888,3.8009486,3.40452,3.1994023,3.6336246,3.2098026,3.6849804,3.608779,3.4450815,3.421529,4.196152,4.145397,3.5093615,3.5312607,1.572331,1.3158607,1.6093131,1.9030674,1.7482884,2.0443854,2.1056387,2.3063977,1.6485753,1.5602804,1.4297482,1.3511468,2.6509306,2.6827223,1.422582,1.6992487,2.611027,2.8569999,3.895912,3.9267595,1.7130656,1.7399694,1.8384063,3.1653068,1.8723466,1.864786,1.8567548,1.886408,2.9931848,3.103799,2.0296855,2.0100088,3.3057,3.092699,2.896984,3.2330139,3.2171319,3.2702136,3.5645287,3.8019152,3.1732266,3.6918695,3.3625953,3.5523562,3.5921953,3.479613,3.727272,3.7175024,2.464102,2.1275353,2.6140234,2.5874507,3.0068386,2.7383087,2.5808733,2.593052,2.0823662,2.0409913,2.507518,2.9353604,2.6528957,2.6580112,2.3863506,2.023605
10,3.5293484,3.1966758,2.8344219,3.51225,3.7366228,3.1635587,3.1378694,3.03687,2.8912632,2.9845846,0.0,3.1625104,2.8606215,2.8482668,2.913726,3.210211,2.093251,3.388169,3.5505893,3.3945615,3.5529888,3.6171958,3.1874676,3.227814,3.3128843,3.5547352,3.2348692,3.18963,3.1668758,3.1115193,3.358697,3.3763592,3.3234298,2.6863787,3.050685,2.760467,2.328382,2.4565468,3.437845,2.9018612,1.8741695,1.8057911,2.133215,1.9663184,2.0812726,2.37868,1.6153774,1.650634,1.8960277,1.8787777,2.7962594,2.6964788,2.1500127,2.0176494,2.2526383,2.0318484,2.170773,2.0897954,1.9716343,2.163166,3.2355816,3.2675402,1.9291881,1.9760747,2.8753707,2.9026475,2.4864182,2.7476485,3.2072184,3.1434069,2.912575,3.5072124,3.2899742,3.2529707,2.9935632,3.0402608,3.069043,3.0022867,3.0186038,3.020373,3.9820075,3.943721,5.0071616,5.0334444,3.4339914,3.4376044,3.6079643,2.2654688,3.4775903,3.476053,3.4139307,3.4373674,3.916592,3.9575543,3.5478542,3.5360417,4.4844775,4.2836437,4.0624237,4.3551345,4.401233,4.442144,4.6293163,4.992909,4.736519,4.973256,4.9684434,4.9161177,4.86218,4.8933525,4.7259135,4.95332,3.470384,3.3125894,3.644992,3.676706,4.0019674,4.069571,3.6049628,3.6193502,3.3112633,3.1763883,3.6457179,2.696991,3.8314633,3.80988,4.162651,3.3084822
11,1.911144,1.5746781,1.2900382,1.1330718,2.1184416,1.0961689,0.8418488,0.8631112,0.84871525,1.4761034,3.1625104,0.0,1.2016758,1.2109653,1.4035813,0.87033,2.7061534,1.5227158,1.227162,1.1319467,2.4131231,2.6310682,2.4186552,2.5123153,1.5149019,1.7319187,2.469621,1.4085958,1.6421087,1.7483995,2.4203484,2.3909028,4.28497,4.1559997,4.538758,4.1735115,3.6939147,3.6513596,5.1250434,4.9865932,3.6862998,3.7494495,3.4002976,3.2668285,3.8174214,4.132641,3.5181797,3.604852,3.4335248,3.5075772,3.7467728,3.6829607,3.4034386,3.0528076,3.601766,3.2042136,3.9874592,3.9301531,3.3976924,3.5061696,4.1209183,3.979588,3.5035625,3.5202448,1.776674,1.6253179,2.0779936,2.2907655,1.8748616,1.7488567,1.7984283,2.4490864,2.3757107,2.3630211,2.2147114,1.9729818,3.3443317,3.308677,2.3472857,2.5448916,3.7128148,3.604664,4.7077,4.7292485,2.4514701,2.6380289,2.6106877,3.282448,2.6444063,2.7099905,2.6540978,2.678429,2.7003057,3.1154158,2.6753948,2.763918,3.2836773,3.181813,3.2944481,3.3031802,3.3285499,3.345439,3.9356246,3.9289727,3.401945,4.2761025,3.392061,3.3804486,3.4659264,3.5275111,3.3849294,3.6060774,2.8047166,2.4238284,2.8356495,2.8703973,3.2884562,3.6282244,2.87321,2.8980765,2.8589406,2.7697737,2.6635525,3.5304644,3.2284195,3.2280984,2.4589002,2.724393
12,2.2423036,0.805463,0.38947156,1.480128,2.3630974,1.4090024,1.3101232,1.3197025,0.59245896,0.94614875,2.8606215,1.2016758,0.0,0.06766775,0.5000568,1.4710181,2.8368893,1.8010145,1.739916,1.3612897,2.000972,2.221022,1.3669945,1.443841,1.2045788,2.1255615,1.712677,1.2627785,1.928931,1.8390543,2.2574146,2.2006626,4.3855567,3.8541245,4.202963,3.9799533,3.355543,3.3916898,4.4833307,4.4040318,3.3049421,3.3655531,3.386954,3.2187843,3.443955,3.7047276,3.179102,3.1638012,3.1522532,3.2506368,3.725372,3.644697,3.1539097,2.9823108,3.3766243,2.861201,3.433299,3.3602357,3.178186,3.3477447,3.9678698,3.915614,3.274922,3.3005776,1.6373504,1.4876935,1.6534111,1.9615343,2.0236542,1.9040111,1.9579962,2.479654,2.0393593,1.963607,1.8134302,1.7779427,2.7280972,2.7234457,1.4097717,1.7028979,2.8588302,2.7324524,4.0502405,4.079753,2.1132667,2.0877764,2.3278015,3.0881546,2.3322108,2.315337,2.2690074,2.2898984,2.7785993,2.8710015,2.432362,2.4206727,3.4958632,3.2706192,3.1114874,3.490791,3.4527035,3.5071588,3.757549,3.9981725,3.3410363,3.7886364,3.4201286,3.391156,3.454724,3.521835,3.3463757,3.5617936,2.5455856,2.0803921,2.62235,2.7336113,3.046528,3.2300355,2.5798585,2.6028948,2.155109,2.009836,2.5448172,2.9705129,2.6378362,2.6308074,2.5083063,1.9186227
13,2.2546136,0.8265825,0.42077172,1.5109215,2.3604846,1.403262,1.3236471,1.3264034,0.5941439,0.93696743,2.8482668,1.2109653,0.06766775,0.0,0.48577806,1.46499,2.8481278,1.8288897,1.7580398,1.373593,2.001823,2.2162812,1.3660402,1.4431636,1.2296578,2.1490393,1.7356112,1.2970946,1.9141399,1.829199,2.238735,2.1880217,4.3757687,3.837983,4.188701,3.9718456,3.3293636,3.3716269,4.472424,4.396038,3.2951787,3.3548234,3.359621,3.1978204,3.4356093,3.6883788,3.1657567,3.150103,3.1344473,3.2338686,3.7223153,3.640167,3.1497552,2.9749699,3.373278,2.8438146,3.4130156,3.3394597,3.169218,3.339063,3.9680831,3.9138627,3.2641013,3.2891805,1.6070793,1.4612063,1.6582304,1.9719397,2.023179,1.9120387,1.9624537,2.4724212,2.037717,1.9577559,1.8104216,1.7735376,2.725363,2.7163782,1.4058046,1.7085805,2.8396997,2.714763,4.040326,4.070258,2.0975437,2.0706139,2.3038507,3.0712674,2.3215427,2.3068604,2.2613122,2.2813227,2.773344,2.865639,2.4263885,2.412557,3.519775,3.2944794,3.1317315,3.5165498,3.4728065,3.5303407,3.7801714,4.020345,3.347147,3.7890894,3.4346988,3.4053576,3.475611,3.537775,3.3630261,3.5842075,2.5311644,2.068271,2.6123586,2.7191188,3.038342,3.2157269,2.5747213,2.59334,2.1417935,1.99416,2.5464056,2.948539,2.6332445,2.6259685,2.5012202,1.9044418
14,2.2179408,0.7299112,0.4246417,1.4848474,2.1414986,1.2939051,1.2872261,1.2784452,0.61642915,0.9047814,2.913726,1.4035813,0.5000568,0.48577806,0.0,1.57328,2.8336117,1.7658492,1.7672999,1.3907614,2.0110314,2.3080273,1.3848232,1.5033132,1.3100893,2.137037,1.4375259,1.2826208,2.0000532,1.8111525,2.259591,2.22759,4.265153,3.7610097,4.1209774,3.926117,3.2419043,3.2683835,4.468409,4.388395,3.2597141,3.317586,3.5175793,3.3709736,3.3836708,3.6642892,3.1464863,3.1625679,3.141151,3.2435994,3.7282777,3.6435623,3.1848917,2.9831686,3.4148362,2.907123,3.47144,3.3762655,3.1916382,3.3898532,3.9289181,3.9247909,3.2856152,3.3035772,1.7153981,1.5974475,1.5850606,1.8785175,2.1963751,2.127879,2.159575,2.7011106,1.8654507,1.7740912,1.7264625,1.7020233,2.704807,2.688799,1.4283757,1.6989199,2.7929063,2.6948743,4.090144,4.124213,1.9413745,1.9622136,2.1281426,2.9933448,2.1553528,2.1676435,2.128389,2.13172,2.7365215,2.748281,2.2417414,2.25643,3.49372,3.2766793,3.1452594,3.4954555,3.4833498,3.524686,3.8205657,4.0414104,3.1773665,3.694774,3.4036844,3.3844714,3.4804323,3.5340157,3.3630779,3.5979178,2.5016153,2.0990717,2.6469455,2.7848742,3.0482197,3.2570925,2.6181448,2.6218748,2.110884,2.035374,2.5374446,2.9367406,2.703734,2.6983151,2.4356177,1.9890182
15,2.115968,1.7335877,1.5349593,1.3007576,2.06413,1.2799033,1.0484971,1.0629056,1.0724616,1.3727318,3.210211,0.87033,1.4710181,1.46499,1.57328,0.0,2.9042022,1.8048196,1.4743001,1.3881186,2.5679836,2.7433434,2.5930994,2.708847,1.8787398,2.0398073,2.5579708,1.729081,1.6119579,1.6961117,2.6650975,2.672184,4.1516957,4.044452,4.418523,4.191259,3.6013882,3.5452673,5.0876412,5.033746,3.5608654,3.7187116,3.3522508,3.2986176,3.9098253,4.032246,3.5186386,3.580284,3.4102917,3.488837,3.8784382,3.8196235,3.4078872,3.0313196,3.5993888,3.2658477,4.0150414,3.9424417,3.4253337,3.29768,4.1392245,4.030331,3.494256,3.506236,1.7267274,1.4979403,2.0823839,2.3387082,1.6950468,2.086612,2.0924683,2.2706194,2.020045,2.0107791,1.9586109,1.6922103,3.435557,3.4336405,2.4747498,2.6393602,3.6268945,3.8401613,4.6041827,4.6273794,2.166469,2.4312994,2.2810266,3.2970688,2.3812165,2.4435258,2.4225097,2.4584324,2.578058,3.0669231,2.3924706,2.530468,3.2941024,3.1946406,3.404701,3.3668265,3.2902336,3.349207,3.9809737,3.8791459,3.3120208,4.3436003,3.3769941,3.5941944,3.678107,3.5172467,3.6422784,3.8119879,2.6938207,2.4184382,2.7988803,2.6500988,3.2847571,3.1398118,2.8625824,2.876307,2.9596634,2.8484442,2.7144763,3.5722418,3.3068733,3.302994,2.4947526,2.9138315
16,2.454108,2.871572,2.725503,2.9076688,3.2542095,2.5181668,2.4697442,2.360366,2.622666,2.9093766,2.093251,2.7061534,2.8368893,2.8481278,2.8336117,2.9042022,0.0,2.1596332,2.5812092,2.663432,3.410511,3.470221,3.3835402,3.5007565,2.886178,2.2306209,2.8734798,2.3731143,2.8122966,2.6584718,3.3351989,3.3726454,3.5625756,3.6386228,4.1289926,3.1424623,3.1438696,3.0596788,4.4773006,3.941968,2.9913373,2.9582915,3.2044368,3.0722392,3.0274935,3.7904918,2.5528116,3.0251882,2.9654152,3.0204165,2.7454677,2.7056582,2.9569707,2.5386147,3.1228716,3.072883,3.6974869,3.6146476,2.9022336,3.1262991,3.704197,3.827546,2.8879955,2.9426012,3.0465505,2.9872804,2.451165,2.6182451,3.133596,2.9771998,2.829687,3.5304441,3.1958895,3.2079296,2.9485834,2.7857504,3.2144134,3.1677923,3.272222,3.18693,4.530612,4.456102,5.382493,5.4052796,3.2438693,3.4706032,3.480357,2.7388484,3.487878,3.489049,3.4381354,3.4977388,3.643477,3.9065444,3.3834567,3.5492735,3.8631241,3.8239489,3.742956,3.6064887,3.9258237,3.9048135,4.13913,4.4480333,4.270349,5.234199,4.742075,4.6567545,4.4051747,4.521301,4.3311343,4.5493584,3.222456,3.2511194,3.3589354,3.4510694,3.6722996,4.136201,3.3180757,3.3467348,3.5369997,3.4226878,3.0832317,3.2274308,3.7616336,3.7650356,3.4819684,3.4588664
17,1.3758925,1.5592661,1.6830058,1.4206569,2.4049845,1.3385838,1.0807742,1.0785799,1.4502085,1.968963,3.388169,1.5227158,1.8010145,1.8288897,1.7658492,1.8048196,2.1596332,0.0,1.0535352,1.1891134,2.6201007,2.739042,2.606273,2.7697134,1.7090001,0.79528147,1.9740344,0.9032567,2.1003997,1.8786484,2.8019495,2.7916896,4.2028074,4.2450995,4.7005925,3.954875,3.7398646,3.6161847,5.076419,5.0736523,3.7077484,3.7628868,3.8808846,3.7608278,3.7667794,4.398569,3.4311163,3.7623127,3.607447,3.7034612,3.5141351,3.4753087,3.4988887,3.102044,3.718751,3.4810398,4.3227043,4.2298827,3.555266,3.7272768,4.0979,4.163582,3.6047914,3.6427739,2.4869516,2.3148365,2.078708,2.253504,2.5252728,2.391938,2.4103696,3.018468,2.4115462,2.427758,2.31524,2.0478318,3.3827338,3.3855402,2.594106,2.6366978,4.0202904,3.9469078,4.893471,4.9183707,2.452642,2.7449822,2.713237,3.2688391,2.8219967,2.8204231,2.792013,2.850742,2.9712832,3.32287,2.668839,2.9041672,3.268918,3.2408826,3.3244598,3.1476092,3.3755949,3.367693,3.6876457,3.8356252,3.2018402,4.541706,3.6100626,3.5782535,3.363539,3.4875085,3.33917,3.5129645,2.6661646,2.5441635,2.7244945,2.877035,3.1203187,3.6452062,2.7107887,2.7612934,3.0648172,2.9099417,2.3649797,3.64564,3.1665738,3.1800494,2.3568928,2.845646
18,1.480131,1.6135272,1.6924158,1.4213945,2.0023394,1.2057801,1.0368221,1.0626676,1.3667866,1.8364258,3.5505893,1.227162,1.739916,1.7580398,1.7672999,1.4743001,2.5812092,1.0535352,0.0,0.5032183,2.9100835,3.169423,2.6157014,2.7559109,1.7196043,1.1214174,2.3358963,1.2346959,2.0509365,1.9802276,2.833194,2.8397927,4.5023785,4.489718,4.953148,4.311742,3.9810958,3.9147868,5.3286405,5.291294,4.0497184,4.122123,3.789055,3.7969215,4.0614696,4.5975485,3.744302,4.0218644,3.834694,3.9271455,3.956347,3.9104419,3.7470782,3.3874924,3.9662313,3.6855063,4.453206,4.3761706,3.7948084,3.8830335,4.5664735,4.545447,3.8429925,3.8907964,2.3965654,2.2785695,2.4299989,2.7273057,2.5036316,2.442708,2.503943,3.048877,2.5621567,2.5623996,2.5152457,2.2044237,3.5081198,3.5022967,2.6439404,2.8459492,3.978123,3.945651,4.9381046,4.961777,2.587534,2.843998,2.7629466,3.445362,2.7643547,2.756373,2.7684107,2.801699,2.694951,3.15089,2.6467078,2.8461542,3.6142964,3.5829625,3.6652584,3.512186,3.7028203,3.67832,4.111412,4.1514406,3.673125,4.803272,3.8831167,3.897174,3.8141274,3.8983762,3.666234,3.9548266,2.6599479,2.4919538,2.733273,2.7646663,3.1753733,3.5554197,2.766747,2.7884462,2.819465,2.7826245,2.3981338,3.6613584,3.0657673,3.0647047,2.0948215,2.746867
19,1.5471016,1.2526951,1.3479639,1.4214892,1.9860464,1.0889345,1.0125481,1.0316565,1.0725791,1.4948664,3.3945615,1.1319467,1.3612897,1.373593,1.3907614,1.3881186,2.663432,1.1891134,0.5032183,0.0,2.7328353,2.9828923,2.1761773,2.3212166,1.544959,1.3287071,2.0993512,1.1106033,1.9456098,1.8683141,2.6211824,2.6274931,4.515409,4.335822,4.7888145,4.2165437,3.8028946,3.7798278,5.0714436,5.0614924,3.8897705,3.9608274,3.6719818,3.644252,3.921513,4.401907,3.597196,3.8189666,3.6790507,3.7791643,3.900987,3.8450723,3.6091301,3.3026302,3.8463795,3.4780948,4.194491,4.114785,3.6700342,3.775089,4.452532,4.4323153,3.7197437,3.7687545,2.0963945,1.9971838,2.2116983,2.5248659,2.343947,2.2717102,2.347475,2.8710582,2.3717954,2.3415737,2.2817833,2.0131357,3.239315,3.234515,2.2607045,2.5154889,3.5889587,3.5393076,4.6262836,4.6523757,2.371924,2.5543904,2.5358102,3.2765048,2.5883605,2.5580254,2.5720508,2.6071477,2.6713152,3.0467165,2.5173419,2.672469,3.591485,3.5069542,3.483938,3.4919195,3.635191,3.6295934,3.961905,4.0825787,3.5333714,4.522073,3.759379,3.7566533,3.690296,3.773614,3.5431988,3.8263834,2.4657474,2.2256246,2.559512,2.6106546,3.0446095,3.334335,2.5810242,2.591919,2.4857528,2.4271297,2.3378465,3.405183,2.7709255,2.764122,2.0149434,2.3776023
20,3.0602217,2.014247,2.057806,2.3407772,2.941975,2.46414,2.4099765,2.4182901,2.081775,2.272921,3.5529888,2.4131231,2.000972,2.001823,2.0110314,2.5679836,3.410511,2.6201007,2.9100835,2.7328353,0.0,1.2743475,2.3826008,2.3904505,2.13054,2.8848667,2.455461,2.1871946,2.830351,2.7327135,2.9117887,2.8609176,4.929724,4.534805,4.668648,4.5355887,3.8009288,3.8052971,4.8805704,4.646464,3.8894582,3.9108732,4.0639315,3.920398,4.026519,4.188198,3.7758958,3.8208969,3.8178048,3.9579322,4.2940993,4.2203674,3.8569136,3.6977568,4.0276923,3.3519883,4.1416254,4.0738187,3.94444,4.1516933,4.525795,4.5820117,4.01913,4.028801,2.6255078,2.4998565,2.4610717,2.6720934,2.7280116,2.6734405,2.722128,3.222577,2.7690403,2.6860054,2.48228,2.507373,3.202052,3.168835,2.2245905,2.283865,3.3451529,3.199257,3.6014016,3.6239927,2.71289,2.7057116,2.860696,4.232898,3.068198,2.9372122,2.7730896,2.940543,3.174947,3.3331575,2.940193,2.992509,4.059566,3.9489546,3.8585284,4.1679935,4.1574993,4.162788,4.311519,4.37659,3.9283147,4.5742555,4.236904,4.215556,4.129436,4.168108,4.0524936,4.2715273,3.23333,2.7374294,3.1635773,3.3397233,3.5997243,3.7859797,3.159122,3.1681476,3.1176288,3.0412953,3.421563,3.644878,3.2313845,3.2739475,3.3594422,2.8631368
21,3.22823,2.2347157,2.3589954,2.6399,3.731283,2.6272671,2.605121,2.5784974,2.3234935,2.557206,3.6171958,2.6310682,2.221022,2.2162812,2.3080273,2.7433434,3.470221,2.739042,3.169423,2.9828923,1.2743475,0.0,2.6636102,2.698443,2.4778223,3.048108,2.724273,2.4359758,2.5644379,2.4688208,2.673055,2.6226962,4.9411764,4.568876,4.709227,4.5701227,3.859876,3.858064,4.9256134,4.7575254,3.9462576,3.964311,4.119379,3.975638,4.208597,4.282633,3.8408377,3.9085596,3.8895433,4.0204144,4.32373,4.241682,3.954502,3.7440877,4.1296544,3.4399343,4.2529387,4.176948,4.0096126,4.2140675,4.537009,4.613779,4.0700436,4.0687294,2.6946445,2.4597573,2.636598,2.8256881,2.8831918,2.8282802,2.86665,2.741394,2.9716027,2.9011254,2.669093,2.6776543,3.3518791,3.3369162,2.5691967,2.566998,3.691577,3.5598896,3.9404888,3.9593146,2.8311436,2.8659635,3.0738559,4.295651,3.4771242,3.3655877,3.2365701,3.3827515,3.5808067,3.7717288,3.411107,3.4782693,4.1004686,3.9703488,3.8867748,4.236969,4.0059505,4.2111273,4.1258082,4.263669,3.8751915,4.6602273,4.2372746,4.145543,3.9843757,3.996867,4.00891,4.0989065,3.0562549,2.8730059,2.9538105,3.0847857,3.3515,3.5771167,2.8979392,2.9062123,3.3223295,3.0239575,3.1858287,3.5690303,3.1876154,3.2255986,3.2968643,2.8925984
22,3.0364854,1.325315,1.3968362,2.526206,2.943572,2.3813038,2.4440055,2.4677372,1.812874,1.6734365,3.1874676,2.4186552,1.3669945,1.3660402,1.3848232,2.5930994,3.3835402,2.606273,2.6157014,2.1761773,2.3826008,2.6636102,0.0,0.326589,1.8662819,2.9252963,1.7972188,2.058753,2.843602,2.7021825,2.7526872,2.7263353,4.9339757,4.0482283,4.3219714,4.174665,3.5003932,3.6346304,4.005205,3.9905348,3.5313265,3.5819113,3.8635921,3.6071746,3.6529493,3.8452368,3.423543,3.3101423,3.461217,3.6026444,4.077086,4.0006742,3.3952963,3.471731,3.6409843,3.0883331,3.3865762,3.324423,3.5528886,3.752724,4.249537,4.280146,3.614966,3.6749432,2.0628936,2.117703,1.9726601,2.2108767,2.5688496,2.4344695,2.5238183,3.1505013,2.4076402,2.2740636,2.063083,2.2090654,2.372269,2.4110632,1.1434933,1.3662024,2.1656692,1.9984953,3.3288589,3.3659096,2.371356,2.0635877,2.5357673,3.2727275,2.7127974,2.5184548,2.4871078,2.5715675,3.2559397,3.1937249,2.7389843,2.68172,4.004298,3.729508,3.2560565,3.929561,3.9916182,3.9652786,3.8097785,4.290313,3.7052252,3.8815823,4.031532,3.9878232,3.8918488,3.9835334,3.763377,3.9884481,2.7888184,2.079632,2.9041317,3.078535,3.2384098,3.2415612,2.819072,2.8194318,2.1609814,1.9713506,3.2152312,2.9288104,2.3688123,2.3535628,3.1326528,1.863176
23,3.168359,1.4778621,1.4848144,2.6733105,3.0709398,2.556255,2.602673,2.6222363,1.93693,1.7588946,3.227814,2.5123153,1.443841,1.4431636,1.5033132,2.708847,3.5007565,2.7697134,2.7559109,2.3212166,2.3904505,2.698443,0.326589,0.0,1.8956794,3.05437,1.9789609,2.1645803,2.9913301,2.8742158,2.921666,2.8894684,5.0944405,4.1544237,4.440367,4.276054,3.6050854,3.7620385,4.064113,3.9861612,3.6484056,3.6951537,3.9126382,3.667457,3.748757,3.950659,3.5305073,3.3898065,3.540127,3.6835406,4.1532655,4.0805078,3.51827,3.6270995,3.7521122,3.2032058,3.3825717,3.3364043,3.6452262,3.8370366,4.3804064,4.3863506,3.712964,3.767368,2.1833885,2.2207642,2.1241038,2.3710632,2.6471376,2.5126173,2.6102169,3.23254,2.5642002,2.431716,2.1998699,2.3561335,2.4388795,2.476646,1.1510122,1.3762777,2.0243375,1.8318852,3.2638667,3.3010828,2.4620273,2.099252,2.6253202,3.4335284,2.720483,2.5366044,2.5067532,2.5734363,3.2824647,3.1608353,2.800959,2.6871495,4.1734295,3.8830426,3.3573043,4.0836945,4.1535416,4.121784,3.9562678,4.478406,3.8956923,3.8664482,4.144001,4.1243267,4.0664697,4.154724,3.9095106,4.160277,2.9846418,2.244226,3.077439,3.2355678,3.3723793,3.3418872,2.9844584,2.9877656,2.1826875,2.012402,3.3324444,2.9594579,2.4636014,2.4555595,3.300809,1.8170149
24,2.6176977,1.3683482,1.1723168,1.5861207,2.4324853,1.7220262,1.5966297,1.6342263,1.2887762,1.5574075,3.3128843,1.5149019,1.2045788,1.2296578,1.3100893,1.8787398,2.886178,1.7090001,1.7196043,1.544959,2.13054,2.4778223,1.8662819,1.8956794,0.0,1.9960275,2.0176094,1.3386986,2.2931783,2.201467,2.643618,2.640027,4.7118044,4.291889,4.6912584,4.3490334,3.7820265,3.7830873,4.8720965,4.7314334,3.7584298,3.8078487,3.7376273,3.6278777,3.8284185,4.2507386,3.599467,3.665845,3.4960947,3.6328716,3.932904,3.8782706,3.474663,3.312659,3.6480412,3.3595085,3.8430068,3.8300629,3.4524145,3.6826534,4.358905,4.223719,3.5733898,3.6281934,2.200432,2.044393,2.0328553,2.3291717,2.3039327,2.1201866,2.205388,2.9827034,2.4409475,2.4051569,2.21182,2.1206348,2.9804165,2.9790506,1.8638963,2.0482607,3.1937566,3.0412169,4.233972,4.2623286,2.38343,2.3905518,2.6235564,3.4799821,2.5444906,2.517168,2.489578,2.5071003,2.8444169,2.9779441,2.5679774,2.5824199,3.6896818,3.525326,3.3825812,3.629788,3.7658782,3.7212648,4.0249352,4.269102,3.6937954,4.1915355,3.7634375,3.7470086,3.7490954,3.8651118,3.6401153,3.8759093,2.9432852,2.3779116,2.9574366,3.0591512,2.8538778,3.6013596,2.9169557,2.9529147,2.587498,2.4900427,2.747346,3.3627515,2.8974485,2.90999,2.661787,2.323409
25,1.1427765,1.9509959,2.078387,1.9034111,2.5569108,1.6958199,1.4952698,1.4591358,1.8292018,2.1941392,3.5547352,1.7319187,2.1255615,2.1490393,2.137037,2.0398073,2.2306209,0.79528147,1.1214174,1.3287071,2.8848667,3.048108,2.9252963,3.05437,1.9960275,0.0,2.4985013,1.0464358,2.2567198,2.1284819,3.1477346,3.1646204,4.4741554,4.5419707,5.086389,4.0351872,3.9643805,3.8693347,5.269708,5.290385,4.0048304,4.057276,3.908509,3.81888,4.055303,4.795316,3.5906792,4.0083647,3.8183992,3.9242506,3.4292948,3.408925,3.7375882,3.3366323,3.9626493,3.7167556,4.5060797,4.4303675,3.7702556,3.9062796,4.349552,4.3909435,3.8115523,3.8538084,2.778882,2.5758834,2.54651,2.7176826,2.7536242,2.642853,2.6688397,3.1116421,2.9206336,2.923659,2.7446887,2.4319012,3.7082138,3.7093825,2.8785493,3.006423,4.227763,4.162906,4.995014,5.016111,2.8236992,3.0823042,3.0128038,3.5824304,3.0867827,3.0716112,3.0629258,3.1317012,3.185061,3.6218503,2.9600024,3.1784174,3.5873005,3.5870924,3.5329657,3.3399484,3.6398573,3.6547408,3.7778006,4.007925,3.4540474,4.751068,3.917043,3.901925,3.586094,3.703832,3.5577397,3.7524035,2.8651223,2.8012383,2.8540266,2.94933,3.248626,3.7242,2.8526049,2.8934054,3.127708,3.0603776,2.4773955,3.797787,3.2252514,3.2457817,2.48258,2.8728943
26,2.5924745,1.3333064,1.4595579,1.9803514,2.653805,2.069632,1.9746403,2.0018818,1.7274075,1.867691,3.2348692,2.469621,1.712677,1.7356112,1.4375259,2.5579708,2.8734798,1.9740344,2.3358963,2.0993512,2.455461,2.724273,1.7972188,1.9789609,2.0176094,2.4985013,0.0,1.7092046,2.8828652,2.4795027,2.8513405,2.7670035,4.3600497,3.9157794,4.176765,4.052045,3.5203495,3.448483,4.4619627,4.4016314,3.2834084,3.3480318,4.19963,4.0507603,3.340959,3.719053,3.2694938,3.360692,3.4987583,3.5843341,4.0753036,4.000227,3.3741791,3.2195125,3.593514,3.2699406,3.8649325,3.7224312,3.4936776,3.7176077,4.0626564,4.26732,3.5395474,3.5746732,2.712228,2.6116073,1.804291,2.0606565,2.9971309,2.9294896,2.940226,3.4810965,1.928142,1.8855247,2.0227976,2.1235344,2.5829315,2.6367712,1.8568473,1.8960208,3.2789087,3.2495317,4.4456897,4.4825406,2.4138477,2.4820228,2.7047665,3.2169063,2.6385405,2.5777688,2.5450215,2.5649467,3.350595,3.1723056,2.5563958,2.6566489,3.569552,3.3733995,3.3289273,3.5737104,3.6210153,3.6194468,3.8418024,4.089195,3.3516123,4.025912,3.696316,3.6305544,3.612877,3.7136657,3.5928025,3.690743,2.7426045,2.5962896,2.943941,3.2026336,3.3461301,3.523666,2.8361487,2.88371,2.5128243,2.4180133,2.68678,3.1998901,2.9267972,2.9182723,2.7241924,2.5072782
27,1.4370443,1.0971863,1.1806839,1.4656343,2.3602118,1.4715927,1.1988094,1.1994725,1.129604,1.427211,3.18963,1.4085958,1.2627785,1.2970946,1.2826208,1.729081,2.3731143,0.9032567,1.2346959,1.1106033,2.1871946,2.4359758,2.058753,2.1645803,1.3386986,1.0464358,1.7092046,0.0,2.1433206,1.9505223,2.8005042,2.7643998,4.438801,4.1983447,4.669507,3.920744,3.640982,3.586739,4.809398,4.7833567,3.6047928,3.6720693,3.7477322,3.6097586,3.694929,4.2953835,3.3198092,3.5746324,3.4816997,3.5969589,3.4808235,3.440534,3.4152572,3.1485314,3.6472557,3.308513,3.9867768,3.9044044,3.4732852,3.6160135,4.113006,4.158075,3.5312903,3.5635102,2.2857535,2.0500488,1.8925977,2.1381104,2.3120596,2.2141342,2.2672603,2.767173,2.2802067,2.2570288,2.0762427,1.8862778,3.0564287,3.0797775,1.964181,2.1171148,3.440344,3.381682,4.3752193,4.400828,2.3056293,2.4385943,2.5535467,3.3596308,2.52692,2.4908464,2.4616625,2.5181684,2.9833913,3.195256,2.4824526,2.6016417,3.4314551,3.3148904,3.164675,3.2641277,3.4444215,3.4656115,3.5824447,3.8908627,3.2365584,4.132325,3.5634136,3.5675025,3.3861132,3.4834948,3.392044,3.5249493,2.6174014,2.3598185,2.6293323,2.776509,3.0699317,3.3465822,2.5733597,2.6311748,2.5020564,2.4053946,2.2846696,3.3043108,2.76526,2.7867806,2.3530598,2.1893938
28,2.5441558,2.0454557,2.09434,1.9353805,2.8684833,1.3955667,1.5777373,1.520495,1.6925652,2.0320673,3.1668758,1.6421087,1.928931,1.9141399,2.0000532,1.6119579,2.8122966,2.1003997,2.0509365,1.9456098,2.830351,2.5644379,2.843602,2.9913301,2.2931783,2.2567198,2.8828652,2.1433206,0.0,0.5603851,1.668466,1.7836024,3.9158056,3.8991034,4.2407026,3.9982111,3.369327,3.3249874,4.810784,4.7630334,3.618191,3.6608722,3.3125243,3.253435,3.98386,4.047195,3.4362693,3.6115282,3.3244677,3.4224439,3.7357259,3.6414528,3.3189304,2.9141092,3.521907,3.09806,3.9998922,3.924872,3.2914882,3.4436133,4.0348334,3.9680233,3.390138,3.402911,1.8346828,1.6308409,2.3949075,2.590305,2.332595,2.3154314,2.2795289,1.8437883,2.7094505,2.676172,2.5060005,2.2685654,3.6279228,3.6025734,2.8719943,3.033519,4.0138803,3.9675179,4.7183805,4.7342186,2.5683658,2.8473697,2.7347069,3.256829,3.1769257,3.1298425,3.0996687,3.1921587,3.1220558,3.6882226,3.0866148,3.3016367,3.5968952,3.5345337,3.672045,3.6691685,3.3977623,3.7267067,3.8666968,3.7502801,3.3848534,4.778396,3.992311,3.9078915,3.6894176,3.670167,3.7400932,3.809418,2.1185825,2.260993,2.1893492,2.0623574,2.4477057,3.1172369,2.2344959,2.1752565,2.818743,2.6880774,2.4285443,3.1588418,2.8988187,2.882744,2.3160775,2.8886876
29,2.4252048,1.817473,1.9353759,1.7861961,2.7731586,1.2420588,1.4327358,1.3720958,1.5788143,1.9213269,3.1115193,1.7483995,1.8390543,1.829199,1.8111525,1.6961117,2.6584718,1.8786484,1.9802276,1.8683141,2.7327135,2.4688208,2.7021825,2.8742158,2.201467,2.1284819,2.4795027,1.9505223,0.5603851,0.0,1.6379635,1.7339793,3.8032405,3.793762,4.1317167,3.9081347,3.279764,3.2057557,4.7156515,4.681931,3.4601126,3.5059583,3.4593642,3.4059324,3.8180606,3.926087,3.3025622,3.5136645,3.2769268,3.3718307,3.709415,3.6126323,3.2574382,2.8340015,3.4676876,3.072274,3.9814014,3.881885,3.2358253,3.4193568,3.943617,3.9575107,3.3273137,3.3414001,1.9650551,1.7444415,2.2119954,2.4157171,2.474538,2.4686787,2.4259462,2.0482807,2.4788299,2.4491093,2.3489237,2.1408703,3.4844809,3.4727392,2.7397978,2.8803556,3.9316304,3.9067464,4.711456,4.731133,2.3946967,2.7098875,2.6039343,3.148078,3.0234642,2.9758666,2.9527116,3.0381675,3.0975647,3.5628333,2.9085236,3.1504886,3.4703627,3.401209,3.5616207,3.5452707,3.2769918,3.6137116,3.7392683,3.646756,3.1937084,4.6528378,3.872484,3.7898142,3.5580072,3.5440304,3.6188762,3.6691449,1.9411293,2.226516,2.0788121,2.021149,2.3321826,3.0291066,2.08787,2.034944,2.6729872,2.5482757,2.201299,3.0642138,2.7948878,2.777218,2.1582878,2.7853167
30,3.3807604,2.3466747,2.404393,2.4182196,3.2952852,1.96624,2.2598083,2.2446873,2.2021072,2.6773593,3.358697,2.4203484,2.2574146,2.238735,2.259591,2.6650975,3.3351989,2.8019495,2.833194,2.6211824,2.9117887,2.673055,2.7526872,2.921666,2.643618,3.1477346,2.8513405,2.8005042,1.668466,1.6379635,0.0,0.35879073,4.0780673,3.9067707,3.9729505,4.2616253,3.4049091,3.3907778,4.624455,4.560058,3.721355,3.601889,3.5932202,3.5159347,3.7689285,3.7021375,3.5502965,3.6426973,3.427323,3.507653,4.315404,4.1789517,3.3365138,3.0682487,3.5229385,2.857981,3.946508,3.8543723,3.3758624,3.919681,4.1971583,4.173129,3.489911,3.5201294,2.2248533,2.295868,2.6274486,2.8569305,3.1023993,2.5958893,2.5613942,2.7883384,3.1154153,3.0579774,2.96948,2.8985965,3.4399748,3.3516848,2.8736196,3.0917885,4.2210193,3.716881,4.848216,4.8661027,3.2004652,3.354921,3.3889554,3.2765775,3.8180585,3.7115085,3.624363,3.7233312,3.753243,4.092521,3.659801,3.8403451,4.0837836,4.004072,4.1513433,4.286338,3.962716,4.238948,4.3942947,4.2107034,3.9492836,5.117178,4.5062437,4.042861,3.9003592,4.1696815,3.9447331,3.977964,2.2291346,2.292729,2.2904594,2.566995,2.5101676,3.8784711,2.3211975,2.2433395,2.7619076,2.6387389,2.7894413,3.027348,2.8055117,2.7673607,2.5239296,2.9969962
