,0,1,2,3,4,5,6,7,8,9,10,11,12,13,14,15,16,17,18,19,20,21,22,23,24,25,26,27,28,29,30,31,32,33,34,35,36,37,38,39,40,41,42,43,44,45,46,47,48,49,50,51,52,53,54,55,56,57,58,59,60,61,62,63,64,65,66,67,68,69,70,71,72,73,74,75,76,77,78,79,80,81,82,83,84,85,86,87,88,89,90,91,92,93,94,95,96,97,98,99,100,101,102,103,104,105,106,107,108,109,110,111,112,113,114,115,116,117,118,119,120,121,122,123,124,125,126,127
0,0.0,1.3793849,1.6339332,2.190308,1.5766493,1.7595813,1.7126751,1.6389209,2.0449965,2.7396364,1.9341938,1.9598403,1.6740575,1.0743359,1.3352338,1.0742998,2.645469,2.273261,2.220761,1.9314997,2.5729315,2.801306,2.1638076,2.4060888,0.73100835,0.7063652,1.6269494,1.6691061,3.52428,2.4983714,2.506976,2.3693457,2.9980788,3.0310533,2.1104617,2.8374248,1.9265361,1.9618196,2.6389964,2.125388,1.503392,1.5173477,1.9129,1.9666827,3.2711658,3.1126978,2.2985885,2.7755318,1.1176629,1.0999404,1.9552332,1.096501,3.1383126,3.1507514,3.9319441,2.943365,1.2482734,1.9444658,2.7188706,3.195803,1.7867911,1.2079035,1.9782513,1.8303055,2.5167263,2.569333,2.358818,2.3341153,2.757991,3.5620906,2.88958,2.6258497,3.349022,3.4445505,3.454504,3.4584937,3.322478,3.6272407,3.4901912,3.4235985,3.939386,4.284928,4.1079426,3.7735033,3.4823728,2.5069609,2.597123,2.5062597,2.6056044,2.62996,3.1068654,3.6497445,2.6897707,2.6271813,2.6543221,2.6582637,3.660358,4.0389695,3.5181165,3.582311,3.305734,3.6676679,3.6186328,3.7680404,3.109613,3.1627793,3.0339286,3.0987904,3.6095078,3.6081796,3.4977083,3.6532753,3.0881534,2.9247234,3.0074956,3.6068234,3.1729937,3.178421,3.7137463,3.81038,3.0219421,3.3842177,2.8251169,3.2893736,3.3745186,3.333151,3.2023077,3.230258
1,1.3793849,0.0,1.9184742,2.4197283,1.917017,2.0845177,1.993638,1.9502354,2.8495228,3.3968441,2.820325,2.8308427,1.9745349,1.5149391,1.697754,1.3932064,3.1181169,2.7664921,2.456928,2.2011058,2.7681408,2.961204,2.4584625,2.663863,1.4831588,1.450137,0.8685784,0.9617561,2.3815994,1.4184481,1.2933266,1.1480607,2.5553436,3.1150606,2.2764585,2.8180358,2.120834,2.1750352,2.6453936,2.240658,1.705899,1.8999761,2.0858216,2.102372,2.9629872,2.9627047,1.8755953,3.5064027,1.7505804,1.5752926,2.349933,1.5601218,3.321359,3.3303602,3.7812903,2.9473803,1.7888358,2.2791767,3.1804752,3.6026535,1.9838485,1.5340006,2.1856642,2.1798985,2.6799345,2.7956,2.593393,2.5672593,2.9495425,3.7035162,3.0629382,2.7552345,3.506393,3.5732412,3.629115,3.686956,3.2835274,3.6116552,3.7283967,3.6463857,4.1181216,4.505006,4.3465915,4.0592365,3.4518487,2.78728,2.8108263,2.7293637,2.877494,2.8811886,2.5068643,3.1182,2.9701533,2.888413,2.9784718,2.953346,4.049187,4.3896093,3.9011497,3.9501302,3.3650355,3.4499161,3.988453,4.13628,3.6322024,3.675645,3.5680351,3.608141,3.997641,3.997011,3.829761,3.9787729,2.9201834,2.7561836,3.1786783,3.5684073,3.0609553,2.932353,3.7189343,3.945626,3.229169,3.477218,2.9882693,3.483595,3.49627,3.2851717,3.245848,3.2606823
2,1.6339332,1.9184742,0.0,1.7515302,2.1551585,2.1776283,2.1739433,2.099365,2.948188,3.0793674,1.9976981,2.0952222,2.2318594,1.7074195,1.9746712,1.5466131,3.2509453,2.9095652,2.6702414,2.2166226,2.8712997,3.136219,2.6178546,2.7846355,1.6527327,1.6608194,2.2783797,2.333719,3.538096,3.0384624,2.917961,2.8702214,3.413724,3.484405,2.555635,3.4515295,2.3917103,2.414025,3.1527128,2.6562748,1.788049,1.9583551,2.2331004,2.2753806,4.020374,2.962565,2.5566342,3.5804913,1.6327451,1.6420934,2.294554,1.5899715,3.1938057,3.2151752,3.6762202,3.1721635,1.8928788,2.342527,2.9956458,3.455908,2.711633,1.97294,2.6563334,2.4711924,2.867843,2.9636786,2.7890754,2.7749598,3.029403,3.3759334,3.102011,2.9255874,3.666596,3.6731758,3.8089547,3.850186,3.3852754,3.7388844,3.7383366,3.6757307,4.0445,4.3597713,4.2264357,3.8008611,3.5248199,2.9196632,2.988316,2.9249516,2.9485946,2.9622293,3.3698072,3.9241683,2.9722848,2.9674006,2.9471178,2.9782317,3.9804487,4.3398523,3.875567,3.9280334,3.6727867,4.029866,3.9220796,4.1072526,3.342436,3.3800745,3.4318304,3.396453,3.9152772,3.8887508,3.8110268,3.948579,3.3769495,3.2564974,3.223718,3.7561555,3.478756,3.419134,4.1370645,4.127843,3.4615433,3.8687234,3.4279182,3.7507384,3.7982917,3.78913,3.697163,3.7272563
3,2.190308,2.4197283,1.7515302,0.0,2.633493,2.5874517,2.737332,2.6312084,3.0767417,3.5505967,2.5431545,2.6144767,2.6395597,2.1304204,2.6124082,2.27249,3.5603588,3.2737706,2.8165097,2.785236,3.3333158,3.4472609,2.9677913,3.1534567,2.214539,2.2067149,2.7008162,2.688411,3.7854948,3.229914,3.1530733,3.1525836,2.9070227,2.6559002,3.0574262,2.930311,2.9552352,2.9870055,2.7009711,3.08096,2.58276,2.7982295,3.035365,3.0337198,4.604969,3.4544792,3.3523774,4.051483,2.3938575,2.313444,2.9911,2.2901294,3.9591062,3.9208045,4.277248,3.6903312,2.3768728,2.9524822,2.4874394,3.2797134,3.0934124,2.347148,2.108297,2.6692317,2.4019132,2.7394474,2.3465018,2.3302836,2.7787414,2.809188,2.872828,2.7432463,3.4794781,3.4502883,3.4110363,3.5592728,3.2186854,3.590624,3.4110067,3.4730449,3.9376805,4.2422614,4.1490974,3.6705356,3.2478917,2.6428258,2.523949,2.4752674,2.7617426,2.7743921,3.2941725,3.475859,2.8275366,2.728614,2.7949998,2.7962651,3.74042,4.2637544,3.6515293,3.7165844,3.441737,3.736774,3.6932204,3.9768677,3.0876937,3.1350482,2.84712,3.160371,3.678725,3.6563861,3.4950786,3.6310935,3.2055283,3.0742478,2.9622304,3.5245466,3.315483,3.4911487,3.3164482,3.3443267,3.5258265,3.8968072,3.3495264,3.808383,3.3965092,3.3386843,3.227159,3.2852557
4,1.5766493,1.917017,2.1551585,2.633493,0.0,0.5374016,0.43606853,0.41517478,2.2771099,3.0033076,2.1516485,2.2415135,2.3359993,1.7213849,1.7395178,1.6616111,2.3922505,2.321038,1.4207308,1.4573526,2.4323123,2.7427814,1.8499428,2.2189543,1.3230165,1.324991,1.8910452,2.0931306,3.493187,2.9805145,2.9486372,2.6961188,3.3179235,3.3414717,2.527633,3.2693543,2.3456316,2.3689315,3.2879183,2.8658142,2.094355,2.0218682,2.3295944,2.3877394,3.7154603,3.4916222,2.4707344,2.997183,1.5413953,1.6058257,2.4400413,1.7547421,3.2448125,3.2540329,3.7601461,2.9596834,1.5485382,2.2840314,3.263798,3.7837486,2.4317086,1.9111617,2.3725228,2.3333662,2.4427404,2.5944266,2.3633423,2.3444471,2.8158047,3.5972714,2.9582286,2.896245,3.2986505,3.3417683,3.3452733,3.3524635,3.0947487,3.437679,3.6437256,3.4000797,3.9185033,4.5297003,4.251348,3.933978,3.2180362,3.0987532,2.6178606,2.7388248,2.6262622,2.6742544,3.1884234,3.7055228,2.739147,2.7191865,2.7194972,2.71058,3.595331,4.0110545,3.3827069,3.4570994,3.4946861,3.9804642,3.806799,4.0044465,3.351671,3.4053564,3.2243724,3.3232758,3.287357,3.3102672,3.2502193,3.4039178,3.6792734,3.2982352,3.238913,3.6258805,3.720066,3.7208037,3.9611328,4.0090246,3.0439014,3.3703673,2.866915,3.3996131,3.57445,3.616717,3.4329388,3.3679075
5,1.7595813,2.0845177,2.1776283,2.5874517,0.5374016,0.0,0.8328432,0.7824963,2.430187,3.0366848,2.2100356,2.2960527,2.4104187,1.8834054,1.8708813,1.7039858,2.4270391,2.386061,1.4354564,1.6679585,2.4631684,2.7464912,1.8818868,2.2841122,1.5205019,1.5106621,2.0738285,2.2639735,3.577938,3.109915,3.0759828,2.8280487,3.3726735,3.4001794,2.6446536,3.3124027,2.4717262,2.4981253,3.323167,2.9501512,2.27867,2.2116735,2.4936855,2.5286584,3.971311,3.633257,2.691442,3.1872206,1.6968505,1.7728608,2.5497482,1.9264456,3.4004347,3.4077888,3.864885,3.0987272,1.7139598,2.3886867,3.3113964,3.8478563,2.6324818,1.9727701,2.477179,2.4618995,2.2899456,2.4533455,2.1999934,2.1765394,2.7423823,3.474227,2.952261,2.7945044,3.018584,3.0637243,3.0797248,3.0716903,2.964144,3.283346,3.5360641,3.2724936,3.8802571,4.5259356,4.198339,3.9213426,3.0053778,2.9645295,2.4012663,2.5496585,2.4753377,2.5146308,3.071739,3.6015313,2.606052,2.5604584,2.5754368,2.5713542,3.4704018,3.9076629,3.227114,3.304771,3.3323934,3.840529,3.6607654,3.864717,3.1743531,3.2337584,3.0546806,3.1708193,3.0591438,3.0772297,3.0348558,3.1879559,3.604565,3.204384,3.0878642,3.458727,3.5807219,3.5993474,3.8009336,3.8539262,2.908175,3.2279265,2.7418203,3.2946875,3.3535235,3.418519,3.2042277,3.1453254
6,1.7126751,1.993638,2.1739433,2.737332,0.43606853,0.8328432,0.0,0.2760796,2.5125847,3.1550841,2.2643619,2.320147,2.536823,1.8472468,1.835871,1.8328122,2.3322816,2.2500558,1.4619682,1.2906224,2.3626397,2.648702,1.8115205,2.1350546,1.5172334,1.5325985,2.0118084,2.1967537,3.5370228,3.037738,3.0058625,2.7565267,3.3622067,3.4297864,2.565932,3.3790886,2.3805077,2.3961842,3.4554653,3.0154445,2.0823457,2.0224516,2.3043008,2.3818445,3.694604,3.468492,2.3905206,3.0319571,1.6458895,1.6714181,2.4560566,1.8753657,3.2765322,3.2856593,3.796054,3.029935,1.7441716,2.4307106,3.400376,3.885693,2.5801568,2.1411312,2.5742333,2.504608,2.6958342,2.8272154,2.6270273,2.6143277,3.0200996,3.7359283,3.128862,3.0973713,3.5271056,3.5709083,3.6403677,3.6015995,3.2606406,3.5835333,3.7893555,3.5558064,4.040104,4.6123133,4.363183,4.023573,3.4468067,3.3620918,2.8685157,2.9785666,2.8534188,2.9161274,3.3570778,3.8663316,2.9544723,2.979515,2.9416466,2.9412315,3.7152927,4.106194,3.5137513,3.583599,3.6839633,4.1448774,3.976136,4.172279,3.4802547,3.5231981,3.3849084,3.4498672,3.358937,3.3826222,3.3427002,3.4834034,3.8004916,3.3879535,3.3731449,3.7376945,3.864485,3.8394759,4.0922117,4.11901,3.1539793,3.4822886,3.021561,3.5174413,3.733311,3.76655,3.6031327,3.5350893
7,1.6389209,1.9502354,2.099365,2.6312084,0.41517478,0.7824963,0.2760796,0.0,2.491301,3.1151145,2.2720385,2.3230562,2.4682171,1.8120494,1.9093654,1.8210964,2.4277759,2.3559513,1.4873204,1.3263531,2.4532423,2.7182038,1.9236844,2.2571154,1.4659868,1.4731078,1.9613708,2.132282,3.5261807,2.9821172,2.957836,2.7128468,3.4052756,3.4727225,2.666275,3.435969,2.490175,2.5103357,3.4724748,3.0619495,2.1539211,2.0929356,2.4226866,2.4830763,3.7784317,3.5169954,2.5050104,3.1373398,1.6513098,1.6525234,2.5630007,1.8607943,3.3180354,3.326685,3.8374608,3.0448172,1.7321229,2.4038565,3.3737807,3.8791575,2.5839396,2.1041267,2.5396676,2.4868705,2.6664822,2.7868881,2.593398,2.5765185,2.9778304,3.68694,3.031071,3.0611458,3.4826066,3.5406456,3.5200326,3.5481904,3.2543523,3.6476352,3.841921,3.5949419,4.0449347,4.5993857,4.40177,4.0118213,3.4176035,3.3094265,2.7999396,2.9190657,2.8237486,2.8812115,3.3288896,3.8350387,2.9358778,2.8925626,2.9186063,2.9166906,3.6754167,4.06835,3.4763727,3.5482495,3.6384008,4.0870132,3.9364536,4.1254845,3.4427433,3.4902136,3.3535485,3.42627,3.3766904,3.4006855,3.3102698,3.482806,3.7726989,3.3647945,3.2803485,3.7710192,3.8816047,3.8681538,4.106527,4.142028,3.1809409,3.503298,3.0370271,3.5364535,3.740433,3.7803798,3.6055818,3.5507517
8,2.0449965,2.8495228,2.948188,3.0767417,2.2771099,2.430187,2.5125847,2.491301,0.0,2.3590524,1.8154767,2.0762749,2.3106298,1.90714,2.3499813,1.9897168,3.2729464,2.9800208,2.582936,2.3874526,3.0928178,3.3620875,2.6619167,2.8327744,1.7324169,1.7328407,2.8148904,2.7559936,4.207248,3.7482867,3.8259811,3.7569785,3.7033422,3.2295125,2.617176,3.0743551,2.4800851,2.4929223,3.0067422,2.6669269,2.3317904,2.3551295,2.5982962,2.6589844,3.8189197,3.162593,3.5096757,2.2349167,1.7580048,1.8804038,2.4048767,1.6545937,3.7298086,3.726016,4.075478,3.5526652,1.3805104,2.197419,2.3903964,2.8882048,1.9409,1.8483138,2.072795,1.9618548,2.681582,2.8038018,2.6335344,2.6196556,3.022435,3.9963486,3.1692412,2.952835,3.554617,3.647317,3.5379572,3.540481,3.2896163,3.684538,3.6138833,3.6472552,4.1114054,4.426641,4.1991587,3.9949048,3.1349435,2.6491055,2.8487432,2.7548354,2.8572552,2.8402908,4.04072,4.421351,2.9343257,2.8947027,2.8818958,2.8795695,3.75853,4.1558747,3.6076684,3.6687074,3.6564927,4.1723304,3.5698726,3.740381,3.214216,3.2750459,2.9414082,3.0943265,3.574531,3.5889304,3.5438309,3.710156,3.7198925,3.588977,3.3255033,3.6642625,3.8304975,3.987087,4.002357,3.96103,3.535379,3.8676195,3.2919412,3.6439822,3.7333722,3.8391318,3.6359675,3.6978776
9,2.7396364,3.3968441,3.0793674,3.5505967,3.0033076,3.0366848,3.1550841,3.1151145,2.3590524,0.0,2.3464563,2.526664,2.9320993,3.1633644,2.9318323,2.607717,3.802576,3.5492258,3.2318015,3.0678158,3.6240807,3.8491838,3.282894,3.4197502,2.4677935,2.4831824,3.3977005,3.3835962,4.6314178,4.2863665,4.3142166,4.242299,4.160854,4.2284985,3.1243417,3.571432,2.9910457,2.9994545,3.476806,3.1612723,2.7522166,2.792377,3.0618,3.1141024,4.0098815,3.5401058,3.8426263,3.0849633,2.3160305,2.547336,2.8279886,2.3938823,3.9458778,3.9507742,4.253869,3.8658714,2.246066,1.7605336,2.9208143,2.7497108,2.8433988,2.5605886,2.8209789,2.7158432,3.2642212,2.6317055,3.187173,3.1799552,2.9818857,3.6333976,3.0798008,2.7605748,3.4080215,3.53356,3.5539112,3.4633193,3.1064103,3.4993334,3.5906417,3.6041985,4.0327206,4.358712,4.0499363,3.9013336,3.0371833,2.6575742,2.873556,2.6671638,2.7883527,2.7543535,3.9675987,4.4132857,2.8472643,2.8511767,2.8247774,2.8373501,4.0383196,3.8079007,3.9042144,3.9503071,3.9654605,4.5011034,3.8601532,3.4532595,3.5244455,3.5670853,3.7790973,3.4645898,3.931581,3.9023986,3.9167805,4.020446,4.0110183,3.935306,3.6856325,3.9863856,4.110775,4.2378025,4.3764763,4.2676373,3.8171055,4.183155,3.7359927,3.9770615,4.1059566,4.232667,4.036639,4.0937743
10,1.9341938,2.820325,1.9976981,2.5431545,2.1516485,2.2100356,2.2643619,2.2720385,1.8154767,2.3464563,0.0,0.57210416,2.2337615,1.8033707,1.7490885,1.7600286,3.127967,2.8520045,2.5233696,2.3578985,2.8536017,3.0008183,2.5039039,2.6972132,1.5462748,1.5884343,2.9353838,3.0356107,4.324381,4.0447516,3.9621053,3.8878422,3.6065419,3.2000852,2.288277,3.0949938,2.1491623,2.1177251,3.0046115,2.549603,1.8510575,1.7152685,2.1357658,2.2364259,4.115838,2.9725664,3.0118225,2.1514664,1.2069782,1.5965949,1.8544048,1.5924991,3.2166085,3.2235055,3.56517,3.1936197,1.3199947,2.060097,2.4934306,2.978661,2.5332649,2.0221238,2.4154105,2.3595738,2.7192478,2.8166552,2.6748898,2.6718168,2.8548925,3.4507747,3.0250306,2.837502,3.4087067,3.5118532,3.7629797,3.518824,3.125184,3.361796,3.2908895,3.1745474,3.6639173,4.0681453,3.697578,3.4721084,3.1295717,2.6753542,2.9215057,2.8528826,2.6180408,2.6154392,3.9177258,4.370925,2.643367,2.7638333,2.5805094,2.6329749,3.2403896,3.6240706,3.182901,3.2231622,3.3656905,4.080977,3.1963143,3.4006999,2.6371129,2.6833425,2.6888804,2.5946553,3.1508918,3.1403816,3.216766,3.2818394,3.38782,3.2760725,3.044196,3.215988,3.409557,3.5177414,3.8229575,3.6700447,2.9585702,3.551836,2.9985094,3.2736073,3.380347,3.5780537,3.4533837,3.4316094
11,1.9598403,2.8308427,2.0952222,2.6144767,2.2415135,2.2960527,2.320147,2.3230562,2.0762749,2.526664,0.57210416,0.0,2.2295363,1.8580978,1.6737249,1.8628485,3.1750135,2.9191668,2.617934,2.4955132,2.9434907,2.897046,2.6128209,2.8170972,1.632045,1.6734484,2.9444876,3.0699518,4.371262,4.051576,3.9501686,3.869769,3.547663,3.2269833,2.3589275,3.052875,2.2243843,2.1783438,3.0308044,2.64149,1.9051235,1.6969814,2.192826,2.3056064,4.11156,3.118953,2.9369721,2.0907516,1.2335489,1.6126741,1.9074103,1.7723738,3.2928808,3.2945817,3.6404064,3.2204108,1.4613854,2.1882563,2.6454551,3.1055326,2.6621804,2.1925063,2.5400643,2.5198648,2.8362153,2.92631,2.7927263,2.788773,2.9725783,3.5463185,3.1157987,2.9266417,3.3825846,3.5716388,3.843085,3.531604,3.2149482,3.4461782,3.3734732,3.2436929,3.7896204,4.171814,3.8307748,3.595481,3.2328353,2.7293181,2.984248,2.9343395,2.6741621,2.6688297,3.906225,4.359742,2.723357,2.7942526,2.6539419,2.7190993,3.0406272,3.416883,2.960278,2.9862123,3.1582413,3.898442,2.9800055,3.1807585,2.397401,2.4398382,2.4800467,2.3595295,2.9758196,2.9697888,3.04068,3.1017632,3.1751733,3.0621693,2.8550086,3.0554895,3.1980426,3.3072402,3.6379762,3.48257,2.664073,3.2738843,2.7728283,3.0408165,3.1743011,3.3646016,3.2687707,3.219177
12,1.6740575,1.9745349,2.2318594,2.6395597,2.3359993,2.4104187,2.536823,2.4682171,2.3106298,2.9320993,2.2337615,2.2295363,0.0,1.6176788,1.9585432,1.5975133,3.0083988,3.1172678,2.5172195,2.863002,3.098533,3.1510992,2.7841873,3.0117176,1.6816947,1.6355851,2.1047943,2.0104206,3.3897467,2.7503002,2.6995645,2.776418,3.1340814,3.2731771,2.2645047,3.0890434,2.1659024,2.151415,2.5501828,2.0501702,1.8382118,2.0650222,2.0712245,2.1496072,4.125735,3.5913947,2.8367486,2.9646616,1.6200577,1.3706695,2.236651,1.6705124,3.7381766,3.759247,4.1494517,3.522202,1.5567873,2.1416743,3.398764,3.8421507,2.1198025,1.6628841,2.3708372,2.099179,2.5491474,2.638749,2.427869,2.398043,2.6615312,3.5442457,2.7802665,2.9679735,3.0920339,3.2694619,3.385427,3.292483,2.9268146,3.2435184,3.7280827,3.229208,3.8750722,4.4333663,4.2877164,3.9638033,2.9645188,2.399659,2.4622293,2.8974845,3.087413,3.0501206,3.5254948,4.041297,3.1753328,3.0559967,3.131967,3.150729,3.240596,3.5984015,3.0597825,3.109431,2.5833735,2.8211935,2.8321254,2.977353,3.2885787,3.3462658,3.2256377,3.2714612,3.975621,3.9690423,3.8691604,3.983083,2.9925482,3.0433462,3.1133676,3.3798115,2.6860895,2.6513507,3.722962,3.850686,2.4900665,2.8376718,2.3451233,2.8125415,3.2798984,3.2594318,3.1870492,3.278372
13,1.0743359,1.5149391,1.7074195,2.1304204,1.7213849,1.8834054,1.8472468,1.8120494,1.90714,3.1633644,1.8033707,1.8580978,1.6176788,0.0,1.4159198,1.10673,2.7851248,2.4070861,2.1222167,1.8533559,2.4418948,2.597112,2.0691779,2.2709508,1.0517274,1.0208642,1.7619133,1.7072077,3.221736,2.533427,2.511974,2.4933922,2.907439,2.7723758,1.9725388,2.7771266,1.7756354,1.7998939,2.6323857,2.0872498,1.3993194,1.5525811,1.7922148,1.8679053,3.5189157,2.7124953,2.4010146,2.711621,1.0963861,0.9444693,1.8030816,0.9623036,3.4312267,3.4425075,3.8563025,3.1933537,1.1351019,2.3125365,2.663225,3.3621347,1.8873079,1.3389127,2.0764828,1.8380849,2.5446863,2.8999002,2.467334,2.4434314,2.9753847,3.7637172,3.1268783,2.9450464,3.5496922,3.6517875,3.7189076,3.671707,3.3656583,3.663771,3.564272,3.5314953,4.0178275,4.4039855,4.1408663,3.8648355,3.3512595,2.7114458,2.8327863,2.8019683,2.9267764,2.9259129,3.4147465,3.9214413,3.0127785,2.9556396,2.9704237,2.9785855,3.6120727,4.1791778,3.508994,3.5591712,3.247298,3.5469553,3.5037374,3.8523047,3.0715318,3.1242433,2.8483255,3.0288856,3.5103297,3.522098,3.432444,3.5752516,2.979995,2.8142238,2.9090683,3.2619004,3.0271425,3.0158873,3.611631,3.6821985,2.9407625,3.3353271,2.7410228,3.2576072,3.2503936,3.2006304,3.1090353,3.1684608
14,1.3352338,1.697754,1.9746712,2.6124082,1.7395178,1.8708813,1.835871,1.9093654,2.3499813,2.9318323,1.7490885,1.6737249,1.9585432,1.4159198,0.0,1.2808709,2.716665,2.329278,2.261641,2.288104,2.463938,2.5722535,2.0721314,2.3387756,1.1016792,1.1213062,1.8905683,2.1641557,3.4186192,2.913226,2.7629583,2.5875604,2.695178,2.8210263,1.6025751,2.428334,1.3993922,1.4015089,2.3813093,1.7265153,1.3143693,1.0594232,1.4870726,1.5825477,3.1311882,2.9433243,1.7714347,2.3613043,1.0078514,1.3829271,1.416952,1.4173414,2.9050329,2.9186423,3.4747612,2.694109,1.2635347,2.013636,2.838785,3.310218,2.0627923,1.5668389,2.1819036,2.0873055,2.6683576,2.7939398,2.5631814,2.5481718,2.9547298,3.6924512,3.2874649,2.6955922,3.3724499,3.4971986,3.8567708,3.520372,3.224515,3.2098973,3.21264,3.1205857,3.8996613,4.397056,3.884695,3.8598092,3.3719058,2.6666687,2.8823059,2.762558,2.52632,2.5284488,3.020421,3.607298,2.593104,2.7418945,2.5668402,2.5797353,3.575781,3.9434967,3.410264,3.4458792,3.1785219,3.6866565,3.5144722,3.6860535,3.0352848,3.0803454,2.9694688,2.968286,3.3427305,3.3406162,3.3788977,3.376125,2.9347072,2.8006084,3.1916628,3.0656443,2.711874,2.666852,3.3892562,3.4855766,2.448619,2.888544,2.3442392,2.8856542,2.949426,2.9063914,2.8746283,2.7659452
15,1.0742998,1.3932064,1.5466131,2.27249,1.6616111,1.7039858,1.8328122,1.8210964,1.9897168,2.607717,1.7600286,1.8628485,1.5975133,1.10673,1.2808709,0.0,2.8688161,2.499547,2.2864542,1.8872654,2.5163195,2.7602627,2.147071,2.3530874,0.91297865,0.9108328,1.643237,1.6887304,3.1304252,2.5811229,2.5333261,2.4367263,2.9222257,3.0358794,1.897547,2.7269413,1.7092317,1.7324994,2.5464833,1.9578648,1.1826799,1.3888617,1.5843755,1.6542779,3.1941776,2.6519868,2.1414583,2.6667497,0.9024608,0.9057143,1.6725191,0.77218485,2.943564,2.956722,3.4215934,2.7846344,0.94179034,1.6672183,2.623658,2.9841285,1.6074214,0.9422326,1.9633127,1.7154934,2.1534724,2.259929,2.0693824,2.0538626,2.5055797,3.3787506,2.7534952,2.2794428,2.9024074,2.9646096,3.1661744,3.1100688,2.7486222,3.084219,3.1856945,3.1568801,3.7228608,4.063538,3.8851542,3.6296668,2.8387272,2.089442,2.2948382,2.1981032,2.2985282,2.2946534,2.78764,3.4127312,2.3533149,2.3930464,2.3269994,2.3472714,3.5206416,3.8911045,3.3372355,3.3919744,2.9873474,3.3850882,3.3200605,3.4927921,2.8487475,2.8950465,2.8016827,2.822994,3.3621032,3.3460894,3.3079352,3.4616663,2.7721634,2.6441183,2.7415926,3.1228228,2.8098407,2.7688234,3.4893532,3.5583587,2.880009,3.2443993,2.7331307,3.0563645,3.1412292,3.0769942,2.9516485,2.9793901
16,2.645469,3.1181169,3.2509453,3.5603588,2.3922505,2.4270391,2.3322816,2.4277759,3.2729464,3.802576,3.127967,3.1750135,3.0083988,2.7851248,2.716665,2.8688161,0.0,1.2114362,1.6488608,2.495226,1.8684992,2.1882396,1.3756368,1.4884515,2.7928517,2.7766976,3.2799523,3.1487331,4.4977884,3.6532438,3.7985992,3.7384348,3.4258935,3.4245102,2.402953,3.4631848,2.2452233,2.2465985,3.4892957,2.9979033,2.5398552,2.7385523,2.3376544,2.4522614,4.64674,4.2638535,3.4052157,3.2555983,2.7094786,2.5344324,2.4124243,2.852307,4.572127,4.58422,5.256539,4.401076,2.8855073,3.365571,4.1724725,4.567805,3.1822462,2.8691278,3.4209404,3.1848543,3.4669044,3.4834673,3.223826,3.207262,3.6221445,4.2445183,4.067196,3.959784,3.9440222,4.0034456,4.5091558,4.0056705,3.9187806,3.5792348,3.856648,3.3582947,4.334688,4.940233,4.4202104,4.4220886,4.0225253,3.8975434,3.3308692,3.655946,3.9188452,3.9875686,4.4828553,4.9070945,4.024954,4.24946,3.993937,4.007236,3.9471493,4.3223205,3.824829,3.9019823,4.0237556,4.2513733,4.144075,4.3196144,4.0527005,4.087169,3.9645503,4.011673,3.6903493,3.6977806,3.9457238,3.8112102,4.384425,3.994145,4.2948775,3.9031358,3.7721362,3.768589,4.104665,4.184323,2.9358578,3.3178663,2.7861633,3.280835,3.626795,3.7043767,3.5213902,3.6451137
17,2.273261,2.7664921,2.9095652,3.2737706,2.321038,2.386061,2.2500558,2.3559513,2.9800208,3.5492258,2.8520045,2.9191668,3.1172678,2.4070861,2.329278,2.499547,1.2114362,0.0,1.8430872,2.031072,1.4236876,1.8678584,0.9043728,0.8837467,2.4381394,2.4296596,3.010641,2.8767245,4.2510476,3.360282,3.5216224,3.4416041,3.126854,3.106346,2.0136974,3.006074,1.7941967,1.8361564,3.2058737,2.6459382,2.1292431,2.3009002,2.0262809,2.1156206,3.920702,3.4750443,3.0791888,3.0146444,2.3649993,2.2885509,1.9100783,2.3986635,4.269972,4.2776074,4.952934,4.0941978,2.5913913,3.1090186,3.4738715,3.8743129,2.7969434,2.480534,3.0933468,2.8502524,3.4409971,3.4600265,3.217189,3.2012694,3.6727443,4.286523,4.1240625,3.6383834,4.042632,4.099393,4.5599475,4.0932603,4.0283227,3.7387526,3.570399,3.5003679,4.375302,4.763214,4.160853,4.264756,4.0781384,3.6621258,3.407844,3.3346436,3.6138344,3.6804907,4.161523,4.615841,3.7135217,3.9614952,3.6858513,3.6925297,4.2092376,4.5861464,4.1302147,4.195277,4.2088203,4.4443836,4.3795776,4.553849,3.7967582,3.8279448,3.7105699,3.7355483,3.455735,3.4593313,3.6940298,3.5729046,4.0569973,3.6535976,4.0393815,3.6894488,3.6489015,3.654515,3.8689492,3.9435284,3.200625,3.6020346,3.0071526,3.4920418,3.454977,3.4736073,3.3007946,3.432816
18,2.220761,2.456928,2.6702414,2.8165097,1.4207308,1.4354564,1.4619682,1.4873204,2.582936,3.2318015,2.5233696,2.617934,2.5172195,2.1222167,2.261641,2.2864542,1.6488608,1.8430872,0.0,1.7580328,1.7864043,2.0610783,1.1714858,1.5367876,2.04514,2.0179558,2.5188808,2.4573567,3.5504587,3.129808,3.1988006,3.1151154,2.9889803,3.0162296,2.2694056,3.0571623,2.12711,2.1541612,3.1052122,2.791259,2.2424455,2.3607626,2.313414,2.3518152,4.3556595,3.5807116,3.1175156,3.1551907,2.035869,1.9183323,2.3370743,2.1863973,4.1294575,4.129908,4.414396,3.7406871,2.0494976,2.674264,3.4371748,4.020088,2.7260942,2.2365918,2.6170971,2.6099067,2.7956145,2.9043283,2.6432881,2.6151106,3.01539,3.6611965,3.2814703,3.2796931,3.426999,3.5243785,3.7370842,3.4361389,3.1603012,3.1866403,3.5781362,3.0890489,3.88665,4.5506277,4.087948,3.9718447,3.0759869,3.3633626,2.7190976,2.986574,3.1594095,3.1935658,3.7607822,4.172951,3.3145168,3.366297,3.287788,3.2766714,3.4575033,3.8846247,3.3448071,3.4157085,3.5270364,3.8245559,3.7375815,3.9358084,3.544011,3.598698,3.4173875,3.4947586,3.1421313,3.168046,3.2089128,3.181908,3.8683014,3.4288924,3.5254729,3.2790809,3.5703907,3.6201642,3.7142072,3.8134506,2.70706,3.1286352,2.46497,3.106467,3.2504373,3.3606591,3.1553578,3.2316208
19,1.9314997,2.2011058,2.2166226,2.785236,1.4573526,1.6679585,1.2906224,1.3263531,2.3874526,3.0678158,2.3578985,2.4955132,2.863002,1.8533559,2.288104,1.8872654,2.495226,2.031072,1.7580328,0.0,1.9825864,2.3513322,1.621833,1.7017224,1.817409,1.8335553,2.3827863,2.282023,3.49668,3.042798,3.1414297,3.0229485,3.4035256,3.4121485,2.4879003,3.3769526,2.312628,2.344684,3.5572581,3.086566,1.923632,2.0682116,2.2195823,2.2767274,3.5391715,2.6969297,2.8038497,3.0137563,1.7735499,1.6329939,2.2970161,1.6706994,3.6343281,3.6366553,3.9852114,3.4391217,1.879609,2.497952,2.997809,3.4324045,2.4269884,2.1271896,2.6500354,2.4583068,3.0071084,3.0946045,2.9561584,2.9484537,3.311618,3.9984188,3.367196,3.171175,3.7949457,3.8289595,3.924784,3.8704462,3.4420142,3.820552,3.8671541,3.8473408,4.2230964,4.4834747,4.3411503,4.014439,3.535108,3.4340851,3.1209903,2.9972053,3.1267865,3.189652,3.709877,4.1914673,3.2156582,3.2769659,3.203262,3.211905,4.0318694,4.396824,3.9085438,3.9712045,4.063692,4.3780546,4.240612,4.437477,3.4981773,3.5259607,3.4393895,3.4477434,3.3540518,3.3690271,3.3259578,3.4950137,3.8242915,3.377717,3.328957,3.7212389,4.055347,4.0420995,4.1783195,4.168332,3.6612132,4.0059376,3.520033,3.8842275,3.8944776,3.9242725,3.745357,3.808654
20,2.5729315,2.7681408,2.8712997,3.3333158,2.4323123,2.4631684,2.3626397,2.4532423,3.0928178,3.6240807,2.8536017,2.9434907,3.098533,2.4418948,2.463938,2.5163195,1.8684992,1.4236876,1.7864043,1.9825864,0.0,1.1204402,1.2213755,1.1875795,2.5208113,2.5115836,3.2141936,3.0725973,3.56974,3.3372064,3.452659,3.4320755,2.898703,2.9750748,1.6404693,3.1160252,1.8546388,1.8992944,3.0826375,2.4384396,2.118313,2.0253341,1.916204,1.7138817,4.292201,2.9085696,3.392495,2.9301388,2.364051,2.2560751,1.9534678,2.359826,4.0683737,4.0745177,4.426961,3.8123417,2.5494237,2.8357427,3.3549354,3.9267404,2.675847,2.3332288,3.0494792,2.905602,3.6493938,3.7092943,3.4860985,3.4674773,3.85336,4.448588,4.026772,3.3727057,3.8232772,3.9024138,4.4577665,3.8026655,3.5997612,3.3672152,3.982716,3.2877274,4.326559,4.4517403,4.151468,4.247809,3.800281,3.7257607,3.5381045,3.481104,3.4834108,3.536746,4.1209908,4.6057,3.5797024,3.832466,3.554132,3.5732653,3.938109,4.3113017,3.870807,3.918508,4.073945,4.264868,4.2516203,4.4707847,3.7629058,3.79119,3.791641,3.7102184,3.3808637,3.3721871,3.315513,3.1838346,3.9170828,3.5174074,3.878036,3.3461447,3.601588,3.5762637,3.9329305,4.1894813,3.160911,3.5876582,3.0590491,3.4613228,3.2549055,3.4780133,3.3592572,3.5173712
21,2.801306,2.961204,3.136219,3.4472609,2.7427814,2.7464912,2.648702,2.7182038,3.3620875,3.8491838,3.0008183,2.897046,3.1510992,2.597112,2.5722535,2.7602627,2.1882396,1.8678584,2.0610783,2.3513322,1.1204402,0.0,1.6816715,1.6808648,2.762118,2.751771,3.3884768,3.2457728,3.6440809,3.444489,3.5305083,3.5457213,2.8000178,3.0237696,1.9137262,3.0509427,2.1234014,2.1318989,3.1731117,2.7182944,2.3178763,2.1954343,2.1762388,2.0159612,4.453542,3.0905857,3.5134952,2.890881,2.4991307,2.3479772,2.1465478,2.6609464,4.40989,4.4047093,4.6366377,4.062303,2.7470148,3.083431,3.4950569,4.106775,2.995721,2.6854882,3.2733397,3.0893767,3.8428936,3.9089382,3.7043605,3.685129,4.0331993,4.594584,4.149965,3.5545619,3.7652314,3.9980626,4.549521,3.7713132,3.6928895,3.4915442,4.0353365,3.3949704,4.486854,4.5838065,4.309005,4.39636,3.840584,3.8077037,3.5968528,3.5815854,3.6328785,3.6710095,4.2467856,4.7048264,3.76555,3.932929,3.7270763,3.7651823,3.588632,3.9508605,3.5306683,3.5523438,3.7683706,3.91389,3.90944,4.1121225,3.4559104,3.4772859,3.4334183,3.412222,3.048222,3.0517807,2.946542,2.7807353,3.6112716,3.180168,3.5850437,2.9502628,3.2041936,3.1880774,3.4872363,3.778386,2.6728694,3.1327581,2.614525,3.095463,2.7893732,2.98097,2.9043093,3.0663643
22,2.1638076,2.4584625,2.6178546,2.9677913,1.8499428,1.8818868,1.8115205,1.9236844,2.6619167,3.282894,2.5039039,2.6128209,2.7841873,2.0691779,2.0721314,2.147071,1.3756368,0.9043728,1.1714858,1.621833,1.2213755,1.6816715,0.0,0.48078048,2.1102464,2.0972502,2.6297026,2.514171,3.716039,3.1307259,3.2402084,3.1751187,2.8836715,2.911376,1.7947385,2.7984,1.529329,1.5725983,3.0134828,2.4858203,1.8373601,2.0855975,1.8039069,1.9068558,3.872536,3.1082628,2.841727,2.9133673,1.9864398,1.907005,1.7049047,2.0408797,4.0718083,4.0778294,4.4802237,3.8004746,2.1411397,2.7591326,3.2510157,3.7028992,2.569251,2.1621048,2.7724285,2.5680563,3.0200446,3.0953026,2.8388362,2.8201103,3.2523553,3.8957005,3.7020862,3.34274,3.687977,3.7517922,4.180767,3.7586098,3.5154343,3.3115702,3.282733,3.168703,3.9872339,4.497608,3.8653986,3.9474282,3.4388323,3.371141,3.0245597,3.0117888,3.2833622,3.3294067,3.823584,4.292706,3.4000154,3.6137648,3.3779287,3.3769264,3.8527129,4.2589107,3.7951877,3.8564215,3.8391955,4.100799,4.038498,4.2378182,3.5390518,3.5783863,3.4448783,3.4691546,3.1231167,3.1341743,3.3614008,3.2573142,3.7896974,3.3586605,3.6793795,3.2135677,3.4164,3.4216406,3.6324537,3.689076,2.893456,3.3625343,2.6749856,3.190805,3.203295,3.2270725,3.0412652,3.1578267
23,2.4060888,2.663863,2.7846355,3.1534567,2.2189543,2.2841122,2.1350546,2.2571154,2.8327744,3.4197502,2.6972132,2.8170972,3.0117176,2.2709508,2.3387756,2.3530874,1.4884515,0.8837467,1.5367876,1.7017224,1.1875795,1.6808648,0.48078048,0.0,2.390492,2.3835988,2.8762116,2.6954927,3.8240597,3.2546296,3.394883,3.3733163,2.958616,2.9868917,1.8371848,2.8817406,1.5742369,1.6123599,3.1376998,2.6037672,1.8797966,2.2207515,1.808427,1.9324261,3.8860686,2.997178,2.9817524,2.9823697,2.206013,2.0775936,1.7149047,2.1836712,4.2557507,4.2605586,4.637365,4.031216,2.3754337,2.9433227,3.3229885,3.7085638,2.6743715,2.3748436,2.9641557,2.7305646,3.2671616,3.3259442,3.097165,3.08399,3.4749863,4.0844364,3.9228988,3.5417314,3.933548,3.9821637,4.470617,4.023689,3.6950746,3.4594424,3.4105616,3.3606567,4.143538,4.567124,3.9552321,4.059416,3.6330497,3.561554,3.2767715,3.2285542,3.5517073,3.602403,4.0709577,4.5214586,3.652401,3.9067338,3.6349595,3.6389074,4.07779,4.457182,4.037046,4.09458,4.076427,4.280892,4.232527,4.4286246,3.7167943,3.7455103,3.645352,3.635294,3.3014934,3.3069224,3.5687554,3.450384,3.9235773,3.500474,3.8669164,3.336556,3.5655916,3.5581965,3.774626,3.8059604,3.1566103,3.6088307,2.9688516,3.40063,3.4068067,3.415157,3.2497208,3.4017117
24,0.73100835,1.4831588,1.6527327,2.214539,1.3230165,1.5205019,1.5172334,1.4659868,1.7324169,2.4677935,1.5462748,1.632045,1.6816947,1.0517274,1.1016792,0.91297865,2.7928517,2.4381394,2.04514,1.817409,2.5208113,2.762118,2.1102464,2.390492,0.0,0.09561187,1.6190442,1.7838056,3.3269148,2.7231405,2.667827,2.5026243,2.954948,2.9387577,1.9602668,2.7169485,1.8103833,1.8410784,2.5475214,2.024468,1.4120519,1.3020655,1.8231497,1.8512025,3.255141,2.8313732,2.2482002,2.4964893,0.7288596,0.98896104,1.8214793,0.8703575,2.7994628,2.8082998,3.3824365,2.5344508,0.69535005,1.5323129,2.4654977,2.9632068,1.6070578,1.0140129,1.7520176,1.6475334,2.3852282,2.4474,2.2734747,2.250525,2.5851002,3.4305398,2.700253,2.3919206,3.189668,3.2929146,3.3132937,3.2743359,2.9973707,3.339566,3.2983248,3.1904194,3.7073908,4.066184,3.8769197,3.5883381,3.1134706,2.3929548,2.5018554,2.369891,2.2799554,2.285737,2.990004,3.5437336,2.3637817,2.3341482,2.3336523,2.3334143,3.4859557,3.8543246,3.363966,3.4209476,3.2211614,3.7071383,3.501027,3.644357,2.9743068,3.0337944,2.8893163,2.9409661,3.3910866,3.3923266,3.2707145,3.4128153,3.0871367,2.9141564,2.9272041,3.3530004,3.178125,3.205178,3.645699,3.7315116,2.9169579,3.345566,2.7116122,3.1287053,3.278376,3.2887979,3.1460173,3.1210024
25,0.7063652,1.450137,1.6608194,2.2067149,1.324991,1.5106621,1.5325985,1.4731078,1.7328407,2.4831824,1.5884343,1.6734484,1.6355851,1.0208642,1.1213062,0.9108328,2.7766976,2.4296596,2.0179558,1.8335553,2.5115836,2.751771,2.0972502,2.3835988,0.09561187,0.0,1.5842216,1.7353323,3.298332,2.6704829,2.6210425,2.4621131,2.94383,2.9389446,1.9608586,2.7161098,1.8075033,1.8414702,2.5335164,2.0027766,1.4299006,1.3379552,1.8387043,1.8634006,3.2788155,2.8537924,2.2753532,2.5394201,0.7546958,0.9826991,1.8341472,0.8699515,2.8629935,2.8730383,3.4364567,2.583437,0.7098199,1.5561104,2.4881797,2.9996793,1.6055695,0.9802156,1.7560949,1.6347342,2.3797855,2.4456475,2.2618127,2.2363338,2.5854208,3.4374683,2.7056112,2.4075534,3.181829,3.2902894,3.2957993,3.2636287,3.0079901,3.347834,3.3080716,3.1940038,3.718293,4.0905786,3.8882685,3.606277,3.1018372,2.3835673,2.4837122,2.3628159,2.304571,2.306424,2.9859774,3.5432527,2.3955226,2.346471,2.3639054,2.3612342,3.4865067,3.8607397,3.364982,3.4224215,3.2020984,3.6697724,3.493122,3.6376593,2.9886558,3.0501518,2.8981204,2.9565437,3.4012733,3.4034572,3.2772508,3.4195604,3.0774295,2.9046264,2.9216208,3.34508,3.1541815,3.1802733,3.6360116,3.7310069,2.8959095,3.3197038,2.677734,3.1160305,3.2568948,3.2634807,3.1179926,3.1020799
26,1.6269494,0.8685784,2.2783797,2.7008162,1.8910452,2.0738285,2.0118084,1.9613708,2.8148904,3.3977005,2.9353838,2.9444876,2.1047943,1.7619133,1.8905683,1.643237,3.2799523,3.010641,2.5188808,2.3827863,3.2141936,3.3884768,2.6297026,2.8762116,1.6190442,1.5842216,0.0,0.67498934,2.744825,1.7364758,1.627559,1.4160519,2.9375594,3.443063,2.708408,2.9769757,2.3731694,2.4172666,2.9842877,2.6491463,2.0300107,2.342269,2.438972,2.59102,2.8331416,3.3487015,1.7577217,3.673274,1.9181932,1.8229015,2.6154327,1.8238937,3.4907937,3.5021813,3.8766108,3.0606952,1.8691055,2.4865348,3.4563675,3.697569,2.1727936,1.8786166,2.3783662,2.3803887,2.5825613,2.675309,2.501352,2.4727223,2.798074,3.6409817,3.0799427,3.0731788,3.6613321,3.7544637,3.675676,3.9046352,3.4757602,3.836686,3.628623,3.8360083,4.1121435,4.6966434,4.40539,4.113214,3.3981144,2.864244,2.8182273,2.7678914,3.0376725,3.0241222,2.5483415,3.139025,3.151063,3.0068707,3.1640704,3.121708,4.1655912,4.493589,4.041216,4.09123,3.4168212,3.5608945,4.0475903,4.166924,3.7393239,3.7912908,3.6524112,3.6924098,4.033948,4.0485587,4.0256824,4.182741,3.1382778,2.9530354,3.286264,3.687716,3.2962887,3.1943235,3.863962,3.9652293,3.3141937,3.5714123,3.0242045,3.4482474,3.7388785,3.4574525,3.373143,3.3473792
27,1.6691061,0.9617561,2.333719,2.688411,2.0931306,2.2639735,2.1967537,2.132282,2.7559936,3.3835962,3.0356107,3.0699518,2.0104206,1.7072077,2.1641557,1.6887304,3.1487331,2.8767245,2.4573567,2.282023,3.0725973,3.2457728,2.514171,2.6954927,1.7838056,1.7353323,0.67498934,0.0,2.6946163,1.4463257,1.5071794,1.494135,2.9011817,3.41416,2.6619558,2.9825196,2.317214,2.3668664,2.9758472,2.6384137,1.9616026,2.4384305,2.3907743,2.5502715,2.9698172,3.2321382,2.1280909,3.7298772,2.000809,1.72446,2.5717983,1.7536036,3.8840494,3.895017,4.2327795,3.4772253,1.9468988,2.5739758,3.4409287,3.6862993,2.1063406,1.8434052,2.4200897,2.3284671,2.6455135,2.717473,2.5473042,2.5162797,2.8394456,3.6963203,3.1027498,3.180537,3.7005277,3.8006353,3.7169733,3.9463162,3.5109782,3.888873,3.6896257,3.8945677,4.1566443,4.6930923,4.4295855,4.121662,3.3663902,2.8580604,2.7854252,2.7773964,3.2691412,3.2564623,2.843021,3.387055,3.3920958,3.2359197,3.3980308,3.3606653,4.187194,4.5162654,4.088494,4.1413617,3.4391952,3.4250107,4.019134,4.1382685,3.7862492,3.835482,3.7003493,3.7371895,4.0872087,4.100738,4.0779986,4.24236,3.1272426,2.9320023,3.2585723,3.674659,3.2769063,3.1786408,3.8596506,3.9604776,3.3859866,3.6385863,3.0755556,3.508309,3.7511015,3.460654,3.3628118,3.4411888
28,3.52428,2.3815994,3.538096,3.7854948,3.493187,3.577938,3.5370228,3.5261807,4.207248,4.6314178,4.324381,4.371262,3.3897467,3.221736,3.4186192,3.1304252,4.4977884,4.2510476,3.5504587,3.49668,3.56974,3.6440809,3.716039,3.8240597,3.3269148,3.298332,2.744825,2.6946163,0.0,2.1379578,1.9666144,2.100124,3.0534976,3.9426835,3.2458048,3.797486,3.4009664,3.4554946,3.515388,3.2362292,3.1935942,3.2925568,3.3313088,3.1388586,4.12777,3.208334,3.4647238,4.6644564,3.401234,3.1966996,3.6812754,3.158477,4.324692,4.3252788,3.9698224,3.7993016,3.2945936,3.3460932,4.1656785,4.706686,3.173469,2.9913187,3.4115694,3.2674713,4.062583,4.2018614,4.0777006,4.0532265,4.2479277,4.870578,4.098477,3.6598778,4.295503,4.3575435,4.447749,4.3406363,3.6883104,4.0267024,4.854333,4.4237785,4.972265,5.1249366,5.19711,5.062393,3.8983536,4.0520473,3.968092,3.947946,3.9911888,3.9577918,3.3544402,3.8449023,4.075698,4.0094047,4.1113715,4.0782804,4.956996,5.205903,4.8430443,4.862196,4.2966275,4.0722456,4.9869566,5.098175,4.924917,4.960848,4.7811375,4.890839,5.0443063,5.0421543,4.6386285,4.7442465,3.8844273,3.7628684,4.26608,4.1071234,3.8858886,3.6771302,4.47757,4.9427595,4.2448378,4.3695507,3.9472206,4.43073,4.265164,4.0595255,4.094995,4.136823
29,2.4983714,1.4184481,3.0384624,3.229914,2.9805145,3.109915,3.037738,2.9821172,3.7482867,4.2863665,4.0447516,4.051576,2.7503002,2.533427,2.913226,2.5811229,3.6532438,3.360282,3.129808,3.042798,3.3372064,3.444489,3.1307259,3.2546296,2.7231405,2.6704829,1.7364758,1.4463257,2.1379578,0.0,0.5392305,0.8618981,2.850047,3.692722,3.0446298,3.3954344,2.9420898,3.0116086,3.2330968,2.9368308,2.7161634,3.0269377,2.9853966,2.9583817,3.4064085,3.5779593,2.845433,4.477205,2.961675,2.6285892,3.2777448,2.6555972,4.4779696,4.487426,4.8346133,4.023172,2.9487038,3.2815802,4.0010314,4.456797,2.7625322,2.4896128,3.042012,2.8406153,3.5248804,3.6048458,3.4276624,3.3944027,3.727063,4.4459906,3.7886176,3.600783,4.1768627,4.253487,4.188595,4.2989507,4.031618,4.314301,4.383573,4.3534155,4.77097,5.140271,4.980545,4.754794,4.124082,3.577096,3.4507322,3.4285786,3.884784,3.8797095,3.0819743,3.5913067,4.002658,3.8487036,4.0187254,3.9754057,4.80478,5.1057353,4.710362,4.7565866,4.009854,3.6866162,4.742953,4.8374925,4.582641,4.6253433,4.4213767,4.564829,4.8386364,4.846592,4.612935,4.7552123,3.4987154,3.3407378,3.9111178,4.214316,3.514104,3.3275502,4.144558,4.5071855,3.916719,4.0490203,3.5385957,4.1728864,4.0406613,3.6779337,3.6612985,3.7770717
30,2.506976,1.2933266,2.917961,3.1530733,2.9486372,3.0759828,3.0058625,2.957836,3.8259811,4.3142166,3.9621053,3.9501686,2.6995645,2.511974,2.7629583,2.5333261,3.7985992,3.5216224,3.1988006,3.1414297,3.452659,3.5305083,3.2402084,3.394883,2.667827,2.6210425,1.627559,1.5071794,1.9666144,0.5392305,0.0,0.58048564,2.7916007,3.675787,3.028809,3.3666472,2.9359686,2.9975133,3.1860995,2.895352,2.6808658,2.9375496,2.9595215,2.9327068,3.38281,3.556867,2.6135404,4.470743,2.8994539,2.6224673,3.2654283,2.6592376,4.2967896,4.307763,4.6085877,3.8372095,2.9008572,3.2389364,4.013788,4.4981256,2.853988,2.5094845,3.0251145,2.8702478,3.47315,3.583237,3.4024796,3.371572,3.6579325,4.33058,3.7038465,3.5298266,4.1373277,4.2073503,4.1762786,4.2751465,3.9482522,4.2303696,4.3168545,4.267414,4.6564407,5.0907316,4.8897324,4.6641946,4.0852046,3.550231,3.4607418,3.4441442,3.779189,3.7683043,2.8849165,3.419808,3.8845115,3.7376928,3.9054422,3.862264,4.725427,5.0257225,4.642661,4.6824703,3.9063616,3.6389902,4.680717,4.782594,4.5354753,4.5775323,4.3903627,4.524652,4.8390527,4.8459435,4.6057415,4.7409086,3.3735778,3.2566803,3.8642101,4.13559,3.393782,3.1779723,4.0965395,4.4573097,3.81713,3.9835641,3.4727926,4.1375127,3.9886017,3.614974,3.6394048,3.6973138
