,0,1,2,3,4,5,6,7,8,9,10,11,12,13,14,15,16,17,18,19,20,21,22,23,24,25,26,27,28,29,30,31,32,33,34,35,36,37,38,39,40,41,42,43,44,45,46,47,48,49,50,51,52,53,54,55,56,57,58,59,60,61,62,63,64,65,66,67,68,69,70,71,72,73,74,75,76,77,78,79,80,81,82,83,84,85,86,87,88,89,90,91,92,93,94,95,96,97,98,99,100,101,102,103,104,105,106,107,108,109,110,111,112,113,114,115,116,117,118,119,120,121,122,123,124,125,126,127
0,0.0,1.701752,0.14386636,0.5244876,0.81433433,0.44852546,2.0563083,1.4146895,1.6508657,0.93137836,1.6226115,1.3100618,0.54195905,0.5574001,1.6666514,1.6582912,2.6405857,1.5852907,1.8013542,2.1437008,1.7050624,2.061438,2.1127992,2.0598462,1.5626152,1.7979933,0.785695,1.0744208,1.5569668,1.9570107,1.5298421,1.8896383,2.4894772,2.7631664,1.6869123,2.5132494,1.2439485,1.2045957,1.8991742,2.7797372,2.5327032,1.8645486,2.27198,2.776337,2.1900992,1.9232281,2.328965,2.0179417,2.223647,2.9390533,2.536543,2.8136246,2.2911074,2.0509338,2.249097,2.0741775,2.3449702,2.0780025,2.2564137,2.5448146,2.2470608,1.4371673,2.4997268,2.749591,2.3661318,2.283602,2.1284773,2.9832778,1.9734013,1.9819301,2.143409,2.117203,1.8351212,1.8341045,1.8471814,2.1365364,1.9586352,1.5681864,1.6950556,1.733599,1.5864424,2.0529797,2.5888796,2.2504134,2.220447,1.7347682,2.2343547,2.344626,1.6428553,1.6201271,2.0308146,2.024333,2.424449,2.2299142,1.740412,2.1490746,1.5416126,1.7280362,2.272463,2.016374,2.2248197,2.598902,1.4822991,1.820034,1.6358347,1.6795224,1.5485737,1.6275284,1.948091,1.7292464,2.320292,2.314475,2.753408,2.1647408,1.8452667,2.0333269,2.3427505,2.2421472,2.1931953,2.3826513,2.6456957,2.9694195,2.6948435,2.37857,2.15174,1.4107395,1.8532852,2.0900352
1,1.701752,0.0,1.7297562,1.7395401,1.771386,1.645668,1.2066929,2.1743581,2.11436,1.6344318,2.2229745,2.0834332,1.6696718,1.6485747,0.40947068,0.41810963,2.3541765,2.2821517,1.2487648,1.4347925,2.5069861,1.6173761,1.7473667,1.6711509,0.87936383,1.5609953,2.0872536,2.2042468,0.9275206,1.1265762,1.0656352,1.4810357,1.6835458,2.1267872,1.8243852,1.640193,2.247917,2.2248592,2.4611256,2.1895952,1.735431,2.064524,1.8033086,2.1690223,1.6952125,1.1544338,1.676931,2.7383761,2.5071397,2.4374475,2.0269327,2.3205352,1.2653338,1.3053112,1.2591125,1.491887,2.0139718,2.8120987,1.7550856,2.0355415,1.826033,2.3463204,2.0143206,1.9746287,3.041756,2.9707,2.8726833,2.1909542,2.7917953,2.7921507,2.9654236,2.9609628,2.5539572,2.5552654,2.5798347,2.7715678,2.7661097,2.4940202,2.533281,2.5731251,2.4964032,2.7986398,3.1977513,2.9385686,2.9512599,2.5497127,2.943811,3.0292103,2.559337,2.5690625,2.921214,2.916296,3.113053,2.9307494,2.5486457,2.8448448,2.4447932,2.570125,2.939756,2.7181394,3.0023286,2.1843412,2.4122264,2.6558635,2.3847618,2.401117,2.3844593,2.4645646,2.7393079,2.5628953,2.9875474,3.058834,2.025717,2.890833,2.6178045,2.835463,2.9336767,2.832608,2.845854,2.9615424,1.795094,2.1794891,3.196009,3.0270875,2.8900805,2.412783,2.6542401,2.7508802
2,0.14386636,1.7297562,0.0,0.56250167,0.84489375,0.532387,2.1037266,1.4289309,1.6758295,0.9423902,1.6797032,1.3894705,0.60668147,0.6126895,1.6976897,1.6909611,2.6960444,1.6187017,1.8057294,2.1653073,1.7241445,2.095276,2.1398609,2.1002288,1.5866977,1.8309027,0.8036527,1.0790963,1.6042256,1.9381698,1.5366926,1.9224625,2.5111256,2.8018892,1.6917025,2.522779,1.2189163,1.1778364,1.9194373,2.8071113,2.535092,1.8681353,2.2944942,2.7975342,2.183387,1.9238197,2.3573608,2.0044787,2.212879,2.9343035,2.5628724,2.8169057,2.3301554,2.0893228,2.2686071,2.0831804,2.3670614,2.0832462,2.2757618,2.581288,2.2810645,1.4565221,2.5426397,2.7946887,2.3692074,2.289689,2.110225,2.990688,1.9645241,1.9720823,2.1179826,2.0790143,1.8435885,1.8434831,1.8518742,2.1697652,1.938726,1.5725471,1.6935447,1.7317077,1.5941095,2.059997,2.6043327,2.2627914,2.2221317,1.715809,2.2361405,2.3497844,1.6494014,1.6193285,2.0673826,2.0614688,2.4226003,2.214109,1.7371513,2.1315935,1.5580366,1.7481916,2.2281396,1.9653307,2.2145138,2.586104,1.4572409,1.8139321,1.6345745,1.679071,1.5534382,1.6363839,1.9498235,1.7227528,2.3234503,2.324679,2.7729988,2.1655524,1.8374597,2.0221288,2.3421385,2.229595,2.1431363,2.347937,2.6483471,3.00439,2.7042496,2.390391,2.1347528,1.4085853,1.8371289,2.1232054
3,0.5244876,1.7395401,0.56250167,0.0,0.6645736,0.31191358,1.9620957,1.3627015,1.6850545,0.84911007,1.5642959,1.2715895,0.22715871,0.21503021,1.7525873,1.7465765,2.58717,1.4979428,1.6921259,2.2002335,1.6151831,1.9884715,2.078314,1.9875845,1.5736474,1.9307176,0.49542642,0.8786824,1.4115865,2.102436,1.4045397,1.8247827,2.3823814,2.6738975,1.4950066,2.3786247,1.0671133,1.0076021,1.8199806,2.7511985,2.439162,1.7575974,2.2284436,2.7496896,2.1138058,1.8408657,2.2860553,1.9414766,2.034555,2.799999,2.422866,2.6710763,2.103828,1.8636428,2.0910926,1.8771166,2.2033062,1.9070764,2.078374,2.432292,2.0917163,1.111563,2.3650658,2.6470842,2.2022705,2.115854,2.055721,2.9510036,1.9908853,1.9093869,2.2510848,2.246898,1.7638428,1.7589941,1.7837484,2.1154265,1.9000697,1.5585717,1.6264329,1.6486518,1.4302807,1.9762454,2.5475068,2.195164,2.2022264,1.5680127,2.195244,2.3704782,1.6182873,1.675778,1.9988981,1.9947505,2.401184,2.176158,1.5059613,1.9433305,1.4657234,1.65749,2.2590811,1.9667392,2.2728882,2.8082142,1.3684592,1.7400874,1.5292202,1.5756638,1.4421498,1.541729,1.9113762,1.6765581,2.2918363,2.3669517,2.7551277,2.1640322,1.7775385,1.9947808,2.167296,2.0169024,2.0819566,2.2787216,2.6153367,2.9410613,2.6312683,2.31923,2.1168242,1.312868,1.8348901,2.0822742
4,0.81433433,1.771386,0.84489375,0.6645736,0.0,0.6347625,2.0187535,1.5421818,1.9039204,1.0189962,1.694105,1.4546052,0.6826397,0.67657155,1.810556,1.802896,2.5431912,1.6338773,1.6898022,2.2320032,1.8473933,2.1305869,1.9473888,1.9260559,1.5906277,1.9787165,0.8150836,1.0871999,1.5343467,2.127634,1.3209797,1.7140844,2.210244,2.7429187,1.6203259,2.4327323,1.0643831,1.1794158,2.1118486,2.932289,2.4425552,1.8370832,2.2308173,2.784494,2.142055,1.8840061,2.288235,2.0469494,1.9811151,2.694689,2.3233705,2.6065934,2.1114163,1.9662715,2.0185072,1.7084824,2.2775502,2.0348053,1.7969495,2.2515042,2.1666682,1.3343595,2.4510517,2.72855,2.1771443,2.0935795,2.1349933,2.9704657,1.92506,1.8232847,2.3304834,2.3002183,1.6945436,1.7027484,1.706379,2.041949,1.80836,1.4971167,1.5640032,1.600385,1.6858934,2.2894897,2.7856915,2.4965737,2.4958355,1.7722491,2.4893064,2.5277202,1.8330677,1.8762163,1.9773479,1.975819,2.4113572,2.0437942,1.7071832,2.1099284,1.4805032,1.6839702,2.2041614,2.0455341,2.287624,2.7776306,1.3687575,1.7376188,1.3163785,1.3413454,1.5108973,1.6466867,2.049199,1.8131853,2.3904364,2.467293,2.72385,2.2686636,1.8068801,2.111029,2.2677047,2.1240637,2.081225,2.2676136,2.5837607,2.9102988,2.5188186,2.3036344,2.2313426,1.4936186,1.8268719,1.8785808
5,0.44852546,1.645668,0.532387,0.31191358,0.6347625,0.0,1.9138182,1.4105773,1.6816397,0.83275586,1.4623035,1.1531372,0.2906776,0.3002131,1.6672972,1.6574588,2.5728915,1.5469365,1.7065253,2.1550257,1.716707,2.0152977,2.0475361,1.9903429,1.4800593,1.8373748,0.6032474,0.9666823,1.3927002,2.0537598,1.4438795,1.80689,2.3785584,2.6240628,1.539217,2.3858984,1.1976318,1.1425413,1.9285635,2.7888336,2.427819,1.7747167,2.1358283,2.6791518,2.1146028,1.8328363,2.217157,2.010692,2.1054585,2.8253698,2.4364963,2.7063553,2.0611901,1.8643781,2.0623183,1.870504,2.2295005,1.9994326,2.093294,2.4287906,2.0550172,1.2620807,2.335789,2.606768,2.2615247,2.1780825,2.1112163,2.9256918,2.0185213,1.9625711,2.2587645,2.246561,1.8426089,1.8370035,1.860842,2.152051,1.9871616,1.643634,1.7285321,1.7616116,1.5560966,2.1083593,2.6221948,2.308012,2.3179786,1.702617,2.3225052,2.4656184,1.6902626,1.7302895,2.069291,2.0642323,2.4867978,2.235943,1.6326534,2.0478458,1.5206145,1.7132723,2.3207638,2.0450802,2.3126748,2.7719007,1.4666346,1.8085928,1.5471789,1.5900345,1.434624,1.5597649,1.9510928,1.7164391,2.2968745,2.349729,2.709394,2.165437,1.8393165,2.03924,2.2194364,2.1022496,2.1433914,2.3370655,2.6035185,2.916776,2.6175525,2.3553474,2.1707032,1.3993359,1.8936894,2.066203
6,2.0563083,1.2066929,2.1037266,1.9620957,2.0187535,1.9138182,0.0,2.3960373,2.5499432,2.0162706,2.3589756,2.2207503,1.9208504,1.889006,1.2430385,1.2446542,2.120538,2.3603377,1.6417857,1.8481239,2.7105525,1.8952578,1.9581285,1.7840247,1.5662934,2.0935104,2.318482,2.4436822,1.3372096,2.011725,1.4745364,1.7210848,1.9687176,2.489593,2.0731888,1.9896582,2.5045812,2.476981,2.8482053,2.0257413,2.2925916,2.6022823,2.073669,2.0876136,2.3928926,2.0136316,2.399,3.0025234,2.6691945,2.6417663,2.2219925,2.473065,1.3784517,1.3337569,1.5364605,1.7428906,2.1727881,2.933753,1.95431,2.1847782,1.9101028,2.3738363,1.5646126,2.0762842,2.6430008,2.5971525,2.5477443,1.7375102,2.5521564,2.4717696,2.787013,2.7560985,2.2989616,2.291134,2.3317745,2.453076,2.4946122,2.2617052,2.2934902,2.320567,2.2000856,2.7602332,3.1803503,2.872059,2.9397533,2.366159,2.9336343,3.0548825,2.423855,2.4938896,2.5333257,2.5263784,3.101422,2.8527496,2.262042,2.6290247,2.2304256,2.2973118,2.8286555,2.6154828,2.8605773,2.1866453,2.6999605,2.5176558,2.7153184,2.754503,2.8289216,2.3314736,2.616393,2.4463856,2.8671076,2.904277,1.8301429,2.741732,2.451575,2.7035332,2.7032099,2.641766,2.8884768,2.764378,1.6615039,1.7758626,3.4365103,2.8010771,2.7599893,2.599099,2.5748503,2.6093454
7,1.4146895,2.1743581,1.4289309,1.3627015,1.5421818,1.4105773,2.3960373,0.0,2.5703137,1.956751,2.3994951,1.869355,1.3410466,1.324256,2.2189755,2.2211924,2.753682,1.8089737,1.9797101,2.3812134,1.8628322,2.236538,2.2400033,2.2244682,2.1297154,1.6588966,1.4534137,1.6141956,2.0257092,2.3730695,1.7042897,2.1254866,2.8872826,3.1949353,2.2229939,2.9225435,1.364817,1.32159,2.1098657,2.9329255,2.6403008,1.9557269,2.4621193,3.0861497,2.3421721,2.179516,2.0809605,1.3884994,2.2357786,2.9397285,1.9852492,2.8712046,2.2771792,2.110499,2.2588665,2.0581403,1.685243,1.2369612,2.2987602,1.9651082,2.2022054,1.4940397,2.4901516,2.2297902,2.2401178,2.1477714,2.098537,3.0254583,2.0396585,1.9762479,2.3314972,2.2790298,1.9833997,1.9815936,1.9845625,2.2693343,2.0766008,1.8212959,1.8588442,1.8885974,1.7446473,2.183956,2.6134098,2.3608105,2.3798368,1.7749753,2.3827589,2.5199676,1.2357817,1.3589628,2.3239572,2.3169649,2.5560875,2.31329,1.6971763,2.095534,1.6912098,1.7790408,2.2764192,1.997728,2.314314,2.92026,1.5406297,1.8664795,1.7376792,1.8279812,1.8353187,1.8754503,1.5897802,1.6893405,2.1843276,2.2897873,2.7043867,2.053348,1.8496304,1.912491,2.5756712,2.5687578,2.648907,2.685679,2.7888083,3.0500252,2.9582646,2.2397516,2.092503,1.6339382,1.8339002,2.3337505
8,1.6508657,2.11436,1.6758295,1.6850545,1.9039204,1.6816397,2.5499432,2.5703137,0.0,1.0914886,1.8518789,1.9893082,1.6013674,1.6166275,2.1549675,2.1491745,2.9821534,2.2399158,2.2598085,2.4793591,1.8364096,2.0318992,2.54798,2.4837532,2.0628967,2.7603242,1.7879786,1.9545896,2.0347412,2.4389842,2.099104,2.3799243,2.5209312,2.8407998,1.8758553,2.4515321,2.0672445,2.0271866,1.3793559,2.3517375,2.9830296,2.4041176,2.523101,2.8988452,2.4698656,2.1535969,3.0404336,2.9545968,2.6977654,3.3429067,3.306786,3.2883346,2.710024,2.5327117,2.5037866,2.448423,3.2310603,3.1392605,2.7008936,3.309932,2.6737185,2.1896708,2.9075933,3.3643754,3.2659397,3.1509945,3.1654787,3.6550317,2.9692044,3.0004816,3.1539218,3.1656442,2.474078,2.4863265,2.4927938,2.6688447,2.7010186,2.323459,2.428986,2.4723334,2.267239,1.8193392,2.4153297,1.9364809,1.9687521,2.3472967,1.9566803,2.0487902,2.4429488,2.4179318,2.7825298,2.7775707,2.3311427,2.6728346,2.2540958,2.6079128,2.3828454,2.5427942,3.0107834,2.7142217,2.9639816,3.1437922,2.2174048,2.4333968,2.310069,2.3083024,2.2367716,2.2859986,2.7865362,2.410038,2.9790723,3.043407,3.146301,2.8396056,2.5214431,2.7671504,2.5222864,2.3266442,2.7233348,2.9009929,3.0212455,3.312704,2.9191232,2.9868445,2.8266983,2.3567364,2.4855754,2.565944
9,0.93137836,1.6344318,0.9423902,0.84911007,1.0189962,0.83275586,2.0162706,1.956751,1.0914886,0.0,1.3973911,1.4449731,0.80502725,0.7901947,1.7167495,1.7121675,2.5518465,1.6930319,1.663021,2.0736334,1.6316082,1.8418148,2.0228193,1.9965141,1.4769342,2.2561781,0.95880264,1.2116101,1.4247669,1.9779526,1.4418097,1.7927617,2.0841947,2.4756832,1.2015607,2.02765,1.3474783,1.3079714,1.7158287,2.5770469,2.4182115,1.8286955,2.0154996,2.486236,2.0237553,1.6492506,2.4783027,2.3377192,2.167824,2.8306553,2.7353225,2.7564588,2.1128802,2.007138,1.9700683,1.8027816,2.6011307,2.4801574,2.0726657,2.7388031,2.118442,1.4944583,2.4269242,2.888886,2.5400515,2.4376836,2.4117296,3.050966,2.2757635,2.2497547,2.5161781,2.5393047,1.9987156,1.9994155,2.012259,2.2679875,2.2104847,1.8465041,1.9051201,1.9525841,1.7776634,1.9985168,2.5154738,2.1917174,2.189244,1.8094361,2.1939006,2.3264568,2.0368946,2.0466437,2.3916476,2.3890343,2.4208815,2.304427,1.7334145,2.1685472,1.7961224,1.9869373,2.491418,2.1777184,2.4485912,2.7816231,1.544288,1.8695005,1.6627138,1.6598372,1.6311208,1.7418027,2.236658,1.8580059,2.4170642,2.5307558,2.7089057,2.3098803,1.9711273,2.187554,2.0448277,1.8538146,1.9659467,2.2095323,2.6227107,2.9283233,2.4621327,2.4525883,2.2777011,1.7225966,1.9600673,2.1169107
10,1.6226115,2.2229745,1.6797032,1.5642959,1.694105,1.4623035,2.3589756,2.3994951,1.8518789,1.3973911,0.0,0.69304085,1.5095404,1.4681346,2.3304658,2.3239508,2.8749533,2.0055854,2.2951481,2.5447302,2.154284,2.360846,2.3987384,2.320181,2.1975555,2.8584082,1.729999,1.9262259,2.1005528,2.5991502,2.1208143,2.2808805,2.521879,2.1152523,1.6957839,2.458792,2.025746,1.9885232,2.4139903,3.1339,2.8807309,2.2144623,1.7260554,2.162724,2.4817924,2.2317114,2.9953992,2.8992229,2.4424226,3.202406,3.1129653,3.058811,2.3175154,2.1122127,2.3338118,2.282118,2.978284,2.8558786,2.5162904,3.0716496,1.811255,1.8017881,2.1247044,2.85414,2.6086113,2.5537412,2.5711894,3.194854,2.495102,2.554284,2.7081347,2.6630757,2.2526598,2.2041414,2.2931168,2.3846912,2.4419603,2.2173314,2.2566595,2.283245,2.1305265,2.5643067,2.9007492,2.677885,2.728534,2.317298,2.7543793,2.8790867,2.482371,2.5885177,2.4688416,2.4559884,2.9093962,2.7719896,2.143227,2.5564234,2.0109038,2.1702209,2.7740538,2.5841737,2.756521,3.1525745,2.053525,2.3150804,2.067937,2.1239042,2.023663,2.1399925,2.5720096,2.2258008,2.665813,2.6804245,2.861568,2.3907197,2.1434119,2.3696241,2.200986,2.0790346,2.360975,2.412556,2.9422352,3.0327961,2.489576,2.5995586,2.621476,2.0235152,2.3821206,2.4332693
11,1.3100618,2.0834332,1.3894705,1.2715895,1.4546052,1.1531372,2.2207503,1.869355,1.9893082,1.4449731,0.69304085,0.0,1.1903353,1.1589227,2.1606445,2.1530704,2.7699554,1.8367083,2.199427,2.4591787,2.0097792,2.2779953,2.3122053,2.2026873,2.0721588,2.411792,1.4698488,1.7043922,1.959888,2.5168893,1.9529098,2.137144,2.6241257,2.3023694,1.829996,2.602888,1.8063232,1.7680153,2.2819874,3.050578,2.8035324,2.0727775,1.8049179,2.3353438,2.422123,2.1935427,2.641173,2.5064077,2.3196957,3.1082025,2.7475128,2.9562378,2.2141347,1.9514276,2.2832274,2.2223756,2.5720236,2.3873312,2.4362085,2.6935737,1.7189575,1.5798857,2.0236166,2.5067415,2.386791,2.3318923,2.326643,3.0619729,2.2661195,2.3124475,2.4978712,2.43584,2.0424175,1.992421,2.0852532,2.2068508,2.224646,1.9798832,2.029349,2.051087,1.8982583,2.3968751,2.7442582,2.5236661,2.5840843,2.124698,2.607402,2.7414892,2.0747597,2.209358,2.2336864,2.2177205,2.7697139,2.6225417,1.9686228,2.3913336,1.7491206,1.8892089,2.569424,2.3815448,2.5625648,3.0333874,1.8723328,2.1406648,1.8457437,1.9290962,1.798342,1.9012836,2.2247372,2.0007846,2.4568076,2.4611433,2.7476463,2.1881309,1.9347395,2.1504881,2.2937505,2.215952,2.4842184,2.5000994,2.8360705,2.9466274,2.6008942,2.4162185,2.4270432,1.7616168,2.194101,2.2665243
12,0.54195905,1.6696718,0.60668147,0.22715871,0.6826397,0.2906776,1.9208504,1.3410466,1.6013674,0.80502725,1.5095404,1.1903353,0.0,0.10023078,1.6987467,1.6922572,2.5534127,1.5626018,1.6955659,2.1836326,1.615057,1.9483107,2.0740306,1.9779745,1.5276752,1.8608599,0.5411299,0.9331459,1.3735574,2.1070843,1.3758353,1.7865292,2.3379986,2.6383626,1.5017296,2.3403742,1.1173633,1.0733136,1.75105,2.6639335,2.4486175,1.7628964,2.1514204,2.6829188,2.0894876,1.8089045,2.209298,1.9347143,2.0244312,2.777907,2.3730576,2.6642408,2.0586202,1.8445295,2.0365012,1.8471836,2.1730528,1.9149169,2.0556421,2.3661346,2.029186,1.1740067,2.2996767,2.5634212,2.227275,2.134956,2.0983272,2.9410238,2.0178576,1.9464201,2.2975464,2.3032296,1.7554694,1.7499888,1.7780454,2.1106794,1.9399776,1.5706644,1.634495,1.6605492,1.4642099,1.9099703,2.4759824,2.1269052,2.1468773,1.5889416,2.1425447,2.3069417,1.5872632,1.6573957,2.0487235,2.04304,2.3409262,2.161755,1.5222985,1.9527448,1.4711509,1.6498735,2.2876308,1.993758,2.2944417,2.7956128,1.3939345,1.7214583,1.4729991,1.5182573,1.4293259,1.4981399,1.8824744,1.6590359,2.263828,2.3579214,2.6858106,2.1326888,1.7508688,1.9781154,2.1632383,2.0201182,2.157993,2.3163311,2.57416,2.912508,2.64619,2.305382,2.1092098,1.3900998,1.8240216,2.0336652
13,0.5574001,1.6485747,0.6126895,0.21503021,0.67657155,0.3002131,1.889006,1.324256,1.6166275,0.7901947,1.4681346,1.1589227,0.10023078,0.0,1.689969,1.6845957,2.5268023,1.5157017,1.6448565,2.1382136,1.5891975,1.9076458,2.0184522,1.9279538,1.5164526,1.8762679,0.5672837,0.94233614,1.3622761,2.0711613,1.3274168,1.7469503,2.3007088,2.5910635,1.4496493,2.2984593,1.0831583,1.035495,1.7622578,2.65032,2.4063938,1.7258925,2.0850914,2.617718,2.0493035,1.7648314,2.207054,1.9267323,1.9890485,2.7465804,2.3460982,2.631689,2.0024307,1.7859015,1.9765017,1.7843364,2.144143,1.902847,2.0105245,2.3403697,1.9609151,1.1285423,2.2404969,2.524213,2.1838837,2.092763,2.055926,2.8891678,1.9802853,1.9100394,2.264575,2.259223,1.7290455,1.7211393,1.7512918,2.0745666,1.9006598,1.550964,1.6093467,1.6367512,1.4409102,1.9188243,2.478964,2.1331196,2.1531916,1.5608912,2.1493146,2.3162227,1.5785311,1.6564974,2.0362344,2.0305266,2.3486948,2.1522703,1.4792206,1.9280779,1.4426777,1.626405,2.2466047,1.9497992,2.272523,2.7657044,1.3590498,1.6974517,1.4590808,1.5093161,1.428832,1.4941502,1.8582028,1.6225708,2.235657,2.3323236,2.634317,2.0916402,1.7126912,1.937329,2.1121092,1.9724714,2.102685,2.257598,2.5385356,2.8603916,2.595721,2.259376,2.0772438,1.3647726,1.7860757,2.018708
14,1.6666514,0.40947068,1.6976897,1.7525873,1.810556,1.6672972,1.2430385,2.2189755,2.1549675,1.7167495,2.3304658,2.1606445,1.6987467,1.689969,0.0,0.033166707,2.3377187,2.3465462,1.3745995,1.5540949,2.5968812,1.7658871,1.9157814,1.7850686,0.9566799,1.5136131,2.1151843,2.2221339,0.9176967,1.113978,1.1947854,1.6407448,1.7997752,2.2277746,1.9509389,1.7897211,2.3327577,2.3122835,2.5132892,2.2242138,1.8774257,2.193326,2.059286,2.3691866,1.9064233,1.3673725,1.8223733,2.8007965,2.6456423,2.5482135,2.1217413,2.376597,1.5447888,1.4695057,1.5879135,1.7849267,2.1019828,2.866975,1.9148899,2.1490078,2.0528667,2.4127905,2.1540072,2.1168559,3.1156733,3.0488656,2.9048033,2.2450116,2.8067827,2.8208067,2.9393997,2.9717891,2.5559888,2.5598483,2.5883539,2.8162053,2.798458,2.4546046,2.524097,2.5575106,2.4706967,2.7930741,3.191777,2.9395835,2.9341185,2.5739322,2.929584,3.006542,2.5684464,2.5403438,2.8124697,2.8071682,3.1005995,2.9315782,2.6272955,2.8942873,2.457921,2.5695171,3.023435,2.81765,2.9509366,2.0618007,2.4812353,2.7023604,2.5115457,2.5229,2.486257,2.5252273,2.8146513,2.6622925,3.0527658,3.0644403,2.1846662,2.99819,2.6866062,2.9285262,3.0846262,2.9692714,2.9613683,3.0732007,1.8145783,2.29032,3.389817,3.159464,2.9614735,2.4084806,2.7290845,2.847706
15,1.6582912,0.41810963,1.6909611,1.7465765,1.802896,1.6574588,1.2446542,2.2211924,2.1491745,1.7121675,2.3239508,2.1530704,1.6922572,1.6845957,0.033166707,0.0,2.3430583,2.3448703,1.3871,1.5635247,2.5975049,1.7736958,1.9209572,1.7912971,0.9537043,1.5101521,2.1089337,2.2173975,0.9201953,1.1307482,1.209371,1.6460327,1.8149592,2.2368572,1.9591391,1.8083196,2.3354647,2.314704,2.5152936,2.234302,1.8902459,2.198947,2.0696642,2.3821268,1.918521,1.3829317,1.8267004,2.8064733,2.6536107,2.5624444,2.1343124,2.390959,1.5552491,1.4778075,1.6013596,1.7951488,2.1136816,2.8713272,1.9264107,2.159703,2.0638146,2.4148796,2.1645615,2.1296544,3.1194744,3.0527525,2.9099505,2.2599647,2.8098176,2.8232849,2.941817,2.9728365,2.5591419,2.5631654,2.591534,2.8158698,2.798957,2.4553094,2.527598,2.561185,2.4714546,2.7960877,3.194564,2.941826,2.9376209,2.5788956,2.9331214,3.0091958,2.5694015,2.5404906,2.8080893,2.8027885,3.102222,2.9336681,2.6301086,2.8969507,2.4588385,2.5711172,3.027553,2.8220353,2.9554968,2.0761533,2.4870594,2.7075078,2.513173,2.5245903,2.4826932,2.5233688,2.8186717,2.6657288,3.0573494,3.0665345,2.2004774,3.0031934,2.6925333,2.9349127,3.0894623,2.9746273,2.9680033,3.0819073,1.8303975,2.300648,3.3909638,3.1639209,2.9679565,2.4086602,2.7343578,2.8440158
16,2.6405857,2.3541765,2.6960444,2.58717,2.5431912,2.5728915,2.120538,2.753682,2.9821534,2.5518465,2.8749533,2.7699554,2.5534127,2.5268023,2.3377187,2.3430583,0.0,2.1904063,2.1633065,1.8719331,2.4942632,1.942998,1.7869455,1.6382699,2.402164,2.7363513,2.7214272,2.77116,2.158987,2.5046196,2.0287352,1.7156272,2.200658,2.9469059,2.419634,2.4806902,2.7426329,2.7986603,3.1218424,2.8262894,2.7448916,2.8247156,2.652066,2.8027346,3.2235758,2.492861,2.9294488,3.075229,3.4543264,3.3685503,2.6712582,3.1468916,2.390861,2.4690032,2.3919086,2.4451618,2.713296,3.1479323,2.2816617,2.575911,2.617203,2.5914783,2.5428271,2.840067,3.0721967,2.981285,3.0694356,2.816383,2.7999246,2.822511,3.1536884,3.3217347,2.665973,2.6537442,2.6954305,2.2422876,3.057109,2.5842087,2.61995,2.6979997,2.7661536,3.18406,2.92338,3.2765903,3.2537596,2.8277376,3.2832112,3.284933,2.895685,2.8865252,2.8108993,2.8075683,3.5592866,3.3260567,2.7679098,3.405803,2.6667774,2.6532562,3.3962367,3.241763,2.4741385,2.5971527,2.7272687,2.6570058,2.9319696,2.8955426,3.2546015,2.9942102,2.9860535,2.9069786,2.6769812,2.6689222,2.6002367,3.1058593,2.8531878,3.0274308,3.059264,3.0548875,3.1834102,3.0859592,2.948728,2.1374643,3.1030602,2.6263025,3.0687711,2.8833704,2.704574,2.3540337
17,1.5852907,2.2821517,1.6187017,1.4979428,1.6338773,1.5469365,2.3603377,1.8089737,2.2399158,1.6930319,2.0055854,1.8367083,1.5626018,1.5157017,2.3465462,2.3448703,2.1904063,0.0,1.947316,1.6868242,0.9528603,1.4897095,1.3816826,1.3527653,2.1807404,2.4943426,1.6215683,1.7380023,2.0368907,2.3283935,1.825678,1.490793,2.5598154,2.871389,1.7640897,2.6497269,1.5108963,1.4745052,2.1421177,2.9932704,2.540279,1.9207964,2.4332078,2.9235988,2.357183,2.13624,2.6724017,2.2725065,2.603489,3.3245628,2.6819904,3.1694868,2.2625923,2.153839,2.2542927,2.0602047,2.4984508,2.2790987,2.2580175,2.635299,2.320457,1.440981,2.6522894,2.931849,2.5478225,2.4212716,2.5312796,3.2316217,2.3113887,2.330147,2.6280775,2.5742366,2.2327259,2.2232294,2.2208633,1.599331,2.3139148,2.0602126,2.1190355,2.181791,2.0787785,2.6110904,2.9709826,2.6842616,2.7020772,2.21064,2.6950984,2.8069475,2.15762,2.2105107,2.3150074,2.312568,3.1703825,2.9945436,1.9695694,2.8326883,1.9663038,2.1114452,2.6120114,2.394202,2.5408163,3.026626,1.8147427,2.193895,2.092985,2.127698,2.0795488,2.2529645,2.2565126,2.0513725,2.585773,2.614631,2.8909118,2.392259,2.25159,2.3030818,2.3627074,2.3684354,2.3397233,2.5362573,3.2689612,2.4787066,1.9054682,1.8555534,2.4681153,1.8430578,2.1203375,1.79184
18,1.8013542,1.2487648,1.8057294,1.6921259,1.6898022,1.7065253,1.6417857,1.9797101,2.2598085,1.663021,2.2951481,2.199427,1.6955659,1.6448565,1.3745995,1.3871,2.1633065,1.947316,0.0,1.4978521,2.2003858,1.5607201,1.5084189,1.5166634,0.96236503,1.7396607,1.9630154,1.7732148,1.2046092,1.3989218,0.91016424,1.5042663,1.6294037,2.2514346,1.5783176,1.6685601,1.9032277,1.8983635,2.3700516,2.4312654,1.1912,1.3463778,1.8462751,2.3188648,1.7371641,1.1721076,2.030192,2.157974,2.3413935,2.4255567,1.6434718,2.0206335,1.3327576,1.405234,1.2288318,1.2160492,1.6207207,2.2812147,1.4433923,1.9887532,1.8027327,1.9551111,2.0821574,2.1286066,2.8883529,2.825671,2.6792178,2.3745747,2.4363809,2.5007377,2.5860388,2.8406098,2.5041902,2.5102632,2.5228684,2.688512,2.52382,2.2544165,2.2847235,2.3319824,2.4194217,2.6524453,3.1635773,2.964557,2.6564639,2.0197077,2.6427555,2.7283647,2.3689172,2.3787396,2.573676,2.5840056,2.9274282,2.5067732,2.1710072,2.4397893,2.1808941,2.5410335,2.5203898,2.2516387,2.7210984,2.4070005,1.8966511,2.3383522,2.016822,2.0445411,2.5117009,2.6229155,2.3898897,2.3581798,2.5936823,2.8432598,2.0471516,2.6121705,2.2513058,2.484127,2.4717565,2.3412075,2.3227942,2.483988,1.8962815,2.2831264,2.8412104,2.7290058,2.4106908,1.8170121,2.1705117,2.6260512
19,2.1437008,1.4347925,2.1653073,2.2002335,2.2320032,2.1550257,1.8481239,2.3812134,2.4793591,2.0736334,2.5447302,2.4591787,2.1836326,2.1382136,1.5540949,1.5635247,1.8719331,1.6868242,1.4978521,0.0,2.0472608,0.95127165,0.8578569,0.89893013,1.6648993,2.1369054,2.4762452,2.5407507,1.6756557,1.3257937,1.479719,1.0130806,1.8755449,2.4011166,1.9409435,1.9338655,2.3633118,2.3479154,2.61715,2.4922748,1.8436891,2.1133792,2.04958,2.3995533,1.9381199,1.4724672,2.132569,2.8343089,2.9442735,2.9958105,2.3248997,2.855838,1.6192,1.7934265,1.5611907,1.7216862,2.3088653,2.9859784,1.9547814,2.295234,2.130589,2.4511569,2.4157553,2.4102771,3.2546372,3.1449711,3.1386316,2.5771103,2.9213724,2.9999268,3.1346033,3.122303,2.8304625,2.8287992,2.8294244,2.3878195,3.0200384,2.7442198,2.7859468,2.8580542,2.8370671,3.1686082,3.424485,3.2282226,3.2228854,2.8689516,3.2221167,3.2702756,2.83497,2.8277664,3.123324,3.120177,3.6386123,3.4713986,2.773063,3.4308336,2.7092862,2.816146,3.1463125,2.943883,3.0683365,2.3450391,2.5388074,2.8469937,2.670451,2.6750083,2.729918,2.8858955,2.894459,2.7278597,3.0918865,3.1403704,2.2183201,2.9780362,2.8638148,2.950514,3.0153797,3.0129158,2.8995924,3.043751,2.6451867,1.6754363,2.599663,2.634102,3.0319874,2.6401384,2.7327473,2.493137
20,1.7050624,2.5069861,1.7241445,1.6151831,1.8473933,1.716707,2.7105525,1.8628322,1.8364096,1.6316082,2.154284,2.0097792,1.615057,1.5891975,2.5968812,2.5975049,2.4942632,0.9528603,2.2003858,2.0472608,0.0,1.5142541,1.8324603,1.7999579,2.3985386,2.6658845,1.6302745,1.7637981,2.2949586,2.6191313,2.022226,1.812893,2.780875,3.1875794,1.9196112,2.8125756,1.504698,1.4662616,1.5405886,2.7775779,2.8679733,2.0566027,2.6372304,3.1502213,2.5007174,2.2825465,2.844552,2.2186928,2.6518536,3.4960132,2.9086218,3.4092271,2.6181674,2.492374,2.4743364,2.286374,2.7363603,2.3334448,2.546799,2.8772092,2.5679624,1.5696484,2.9189794,3.169496,2.7734334,2.625441,2.7655873,3.6378207,2.535048,2.5522194,2.857827,2.8149533,2.2856293,2.2853231,2.2698352,1.7664207,2.384363,2.1142957,2.1635277,2.2291296,2.1095982,2.1045523,2.510281,2.1709716,2.1985395,2.1354299,2.17921,2.313449,2.020926,2.0884995,2.5497627,2.5462954,2.8096943,2.9053261,1.8823781,2.7294772,2.0883372,2.2232702,2.6317492,2.335542,2.6263714,3.2986827,1.7910798,2.1373885,2.02632,2.0570543,2.0818226,2.2089808,2.2125728,1.9965086,2.562401,2.6897154,3.1053128,2.4016037,2.2286263,2.2864554,2.3113627,2.2700462,2.5058608,2.6735563,3.4690263,2.878384,2.052783,1.9105957,2.4309866,2.0035527,2.0427265,1.786553
21,2.061438,1.6173761,2.095276,1.9884715,2.1305869,2.0152977,1.8952578,2.236538,2.0318992,1.8418148,2.360846,2.2779953,1.9483107,1.9076458,1.7658871,1.7736958,1.942998,1.4897095,1.5607201,0.95127165,1.5142541,0.0,1.0720092,0.92143697,1.8072104,2.3006916,2.2501106,2.3446023,1.6820881,1.8325112,1.4383236,1.0622151,1.9790242,2.494463,1.8409867,2.002887,2.1381872,2.1115718,1.9781879,2.049005,2.0687225,2.0476031,2.1277454,2.5019526,1.9927288,1.5336926,2.2444558,2.7276273,2.734642,2.979473,2.3474894,2.8653367,1.6781932,1.6657084,1.5552931,1.6782198,2.3090394,2.810036,1.9670643,2.306153,2.0482,2.1362453,2.3422081,2.4207394,3.1190538,2.9964123,3.1016498,2.829398,2.934847,2.956397,3.229999,3.1805449,2.6049654,2.6041212,2.612475,2.1663098,2.7772298,2.556359,2.5734744,2.6364965,2.568405,2.6321874,2.9298031,2.6784172,2.733025,2.6194832,2.700802,2.8065138,2.5739915,2.6371205,2.9409466,2.9368424,3.2366471,3.2882533,2.4269502,3.1283243,2.5272324,2.6381354,2.9868898,2.7496276,3.017843,2.726099,2.375519,2.665164,2.489999,2.5096917,2.5343058,2.6515439,2.71252,2.5122316,2.968999,3.0768788,2.35153,2.8609023,2.677373,2.8027499,2.735844,2.7092214,2.8926709,3.0105073,2.7215974,1.8342248,2.4815927,2.4383836,2.8980167,2.4892218,2.5516071,2.2768614
22,2.1127992,1.7473667,2.1398609,2.078314,1.9473888,2.0475361,1.9581285,2.2400033,2.54798,2.0228193,2.3987384,2.3122053,2.0740306,2.0184522,1.9157814,1.9209572,1.7869455,1.3816826,1.5084189,0.8578569,1.8324603,1.0720092,0.0,0.55049676,1.8602583,2.3228924,2.3186095,2.3902953,1.8745191,1.7894461,1.3842084,0.7569484,1.8689363,2.551706,1.9237416,2.1745856,2.0577009,2.1182363,2.601162,2.6880808,1.978444,2.032417,2.014571,2.471899,2.061817,1.6566808,2.260617,2.6934679,2.6950178,2.8997889,2.194164,2.797673,1.6246802,1.7673659,1.462956,1.4150896,2.2837074,2.7676623,1.6109016,2.0638812,2.0259645,2.1666126,2.3608747,2.468736,2.9058897,2.7994752,2.9403577,2.6944282,2.6673014,2.6924877,3.0491047,2.9564426,2.5204437,2.5199997,2.513075,1.9501975,2.6110842,2.461457,2.4782987,2.5577748,2.6866975,3.1273286,3.3389134,3.1912255,3.207023,2.7124557,3.1955738,3.1916726,2.6895616,2.735905,2.8285074,2.826842,3.4467683,3.207053,2.5162883,3.2358837,2.4289749,2.558288,2.8048196,2.6942322,2.8662562,2.5890415,2.2759798,2.5949225,2.3215618,2.3353784,2.5439506,2.7008126,2.7127967,2.5244782,2.9115257,2.9859185,2.2659686,2.8004584,2.6089725,2.757969,2.760905,2.765442,2.694531,2.8155928,2.7313354,1.6557025,2.1415002,2.2303197,2.8809626,2.4621885,2.4555755,2.0074081
23,2.0598462,1.6711509,2.1002288,1.9875845,1.9260559,1.9903429,1.7840247,2.2244682,2.4837532,1.9965141,2.320181,2.2026873,1.9779745,1.9279538,1.7850686,1.7912971,1.6382699,1.3527653,1.5166634,0.89893013,1.7999579,0.92143697,0.55049676,0.0,1.8353473,2.2892485,2.2698703,2.352118,1.6824371,1.8132304,1.2948982,0.6247311,1.7530179,2.3846052,1.8702899,2.066387,2.0858212,2.1463296,2.4977612,2.5355253,1.9962512,2.0545874,2.0754106,2.426926,2.0662065,1.6457863,2.2448509,2.7291038,2.670671,2.8637147,2.1109807,2.694821,1.567048,1.5927156,1.5230155,1.548268,2.2039585,2.7366743,1.5956329,1.9838902,1.9645667,2.086435,2.226325,2.3567517,2.8589857,2.75173,2.897231,2.5932398,2.6502416,2.6742468,3.044914,3.0008366,2.4331427,2.4261434,2.4433243,1.8820739,2.6076963,2.384566,2.3974288,2.4593158,2.582869,3.0095558,3.266803,3.0799277,3.1109023,2.6733432,3.0901432,3.114969,2.6669352,2.7353082,2.670645,2.6671562,3.3961558,3.2289474,2.508059,3.2328978,2.3762906,2.4782422,2.8911278,2.7822723,2.8736327,2.5518048,2.3070047,2.600315,2.3682878,2.384164,2.5624084,2.682265,2.7154396,2.551453,2.9528453,3.0101314,2.2305553,2.8279297,2.5915112,2.7613215,2.7827427,2.787073,2.7729747,2.852985,2.655526,1.532177,2.306279,2.261984,2.8859806,2.4106152,2.4929025,2.0510783
24,1.5626152,0.87936383,1.5866977,1.5736474,1.5906277,1.4800593,1.5662934,2.1297154,2.0628967,1.4769342,2.1975555,2.0721588,1.5276752,1.5164526,0.9566799,0.9537043,2.402164,2.1807404,0.96236503,1.6648993,2.3985386,1.8072104,1.8602583,1.8353473,0.0,1.3636178,1.8277603,1.6809776,1.0129588,1.4209604,1.2544224,1.6018043,1.8906715,2.36722,1.7676724,1.8353951,2.115092,2.0848718,2.46475,2.5565517,1.457977,1.565812,2.032966,2.486629,1.875687,1.3567356,1.8141042,2.3211932,2.5779352,2.6516817,1.9768536,2.2903056,1.5988917,1.6853001,1.6077116,1.6720239,1.8941451,2.4950752,1.8870966,2.278678,2.0870814,2.2208526,2.3378093,2.3439887,3.1212444,3.0622637,2.8464413,2.5386076,2.6288111,2.7017605,2.675901,2.9425797,2.7220078,2.7275622,2.7410336,2.9142466,2.7749107,2.453326,2.5142655,2.5614877,2.590388,2.7733603,3.2903516,3.0831094,2.7879496,2.2597947,2.7853436,2.8807442,2.5095212,2.4876587,2.7774956,2.7849488,3.1003468,2.7391696,2.4580488,2.6734767,2.3595924,2.7056642,2.7431583,2.4557648,2.9322243,2.49535,2.176051,2.5524173,2.0853543,2.095325,2.4203799,2.5699155,2.538774,2.5136974,2.753234,2.9812865,2.29547,2.7841713,2.476222,2.6827025,2.732758,2.5971305,2.545116,2.7654428,2.0768638,2.540617,3.0773923,2.9873176,2.5943704,1.9783571,2.4408674,2.663149
25,1.7979933,1.5609953,1.8309027,1.9307176,1.9787165,1.8373748,2.0935104,1.6588966,2.7603242,2.2561781,2.8584082,2.411792,1.8608599,1.8762679,1.5136131,1.5101521,2.7363513,2.4943426,1.7396607,2.1369054,2.6658845,2.3006916,2.3228924,2.2892485,1.3636178,0.0,2.1390526,2.035421,1.754027,1.9372963,1.7822635,2.0644145,2.7504666,3.1628041,2.6225834,2.7928958,2.353886,2.3343198,2.7076685,2.8568463,2.101536,2.0086308,2.646809,3.1609097,2.3964317,2.082417,1.5639473,1.9830207,2.8949897,3.004771,1.6872269,2.7025006,2.184941,2.1679592,2.2496746,2.284968,1.5342159,2.093632,2.4245832,2.000102,2.5373394,2.5293207,2.7262776,2.1806593,3.2232761,3.1693783,2.904018,2.7946355,2.6827607,2.7682397,2.7006507,2.928363,2.872979,2.882995,2.8851151,3.066794,2.8907063,2.5738373,2.6577234,2.7002487,2.7657678,2.912839,3.366619,3.2034886,2.9244404,2.4885674,2.9282012,2.9897747,2.2648938,2.234889,2.8832827,2.8863568,3.2095377,2.8958473,2.7176108,2.8868089,2.499555,2.7722738,2.8120797,2.5738475,2.9861233,2.650798,2.4263713,2.7318747,2.2927756,2.3382254,2.6216207,2.7129512,2.3649335,2.6104686,2.784909,2.9642482,2.5434828,2.835351,2.6272836,2.745124,3.2816145,3.255558,3.2046208,3.315084,2.4493315,2.8895562,3.5868752,3.0823662,2.6782856,2.1741788,2.5619063,2.8384688
26,0.785695,2.0872536,0.8036527,0.49542642,0.8150836,0.6032474,2.318482,1.4534137,1.7879786,0.95880264,1.729999,1.4698488,0.5411299,0.5672837,2.1151843,2.1089337,2.7214272,1.6215683,1.9630154,2.4762452,1.6302745,2.2501106,2.3186095,2.2698703,1.8277603,2.1390526,0.0,0.7285387,1.6851751,2.4031343,1.7085377,2.0540574,2.6125884,2.947557,1.6054708,2.5862064,1.0424827,0.97402173,1.9027804,3.0509765,2.6739376,1.8616617,2.4655778,3.0195634,2.3525405,2.0807343,2.4455733,1.8444104,2.1859221,3.013463,2.6620955,2.9179907,2.4072082,2.2591233,2.3760235,2.1084304,2.4108737,1.8709201,2.30469,2.6725562,2.3717895,1.1421356,2.683292,2.9456758,2.2568638,2.1579483,2.1240587,3.278399,2.0551639,1.9473213,2.3249907,2.3837008,1.9257748,1.9238467,1.9349017,2.2587447,2.092454,1.7133348,1.7658074,1.7941927,1.5445093,2.0334325,2.5310123,2.2680643,2.2610576,1.5891306,2.2650266,2.4499583,1.6825937,1.7259908,2.20217,2.200768,2.4759572,2.2153742,1.542396,1.9751323,1.5995369,1.7700807,2.3951473,2.0592456,2.2859747,3.1172388,1.3110682,1.7080693,1.4833546,1.4994565,1.393663,1.5625967,1.924765,1.7040964,2.2202442,2.353509,3.0493507,2.195114,1.8547022,2.005071,2.1605248,2.0012836,2.0389826,2.2865973,2.9683194,3.283322,2.6182973,2.3429744,2.1111696,1.3939849,1.8571714,2.096068
27,1.0744208,2.2042468,1.0790963,0.8786824,1.0871999,0.9666823,2.4436822,1.6141956,1.9545896,1.2116101,1.9262259,1.7043922,0.9331459,0.94233614,2.2221339,2.2173975,2.77116,1.7380023,1.7732148,2.5407507,1.7637981,2.3446023,2.3902953,2.352118,1.6809776,2.035421,0.7285387,0.0,1.803616,2.4728975,1.8252593,2.1668494,2.6857374,3.0413008,1.7406653,2.661113,1.2884283,1.2364141,2.0689685,3.1619742,2.4458933,1.5038726,2.5807612,3.1292992,2.4558294,2.1850505,2.5698514,1.552193,2.3517354,3.1270068,2.5212512,2.8083656,2.5110073,2.3892255,2.4893289,2.2328515,2.2638056,1.6851571,2.3859127,2.7722824,2.5037937,1.3487953,2.8013363,3.043248,2.5374188,2.4683614,2.2678742,3.34824,2.0246384,2.0541499,2.1223783,2.4843242,2.2533348,2.2548006,2.2616324,2.5306277,2.218726,1.8280437,1.9003159,1.9323772,1.915015,2.1459053,2.796129,2.5581686,2.168715,1.4111086,2.1729355,2.350834,1.8146275,1.8248392,2.136134,2.1485147,2.5626478,2.1413229,1.6774099,1.9577414,1.6934829,2.1329553,2.2563543,1.8784137,2.3818204,3.1839712,1.3185198,1.8306569,1.4173591,1.4495552,1.8875098,2.019713,1.8548876,1.8756803,2.157172,2.456815,3.058001,2.2149336,1.8233079,1.990217,2.1203504,1.9363418,1.9477983,2.2312675,2.959232,3.3521435,2.7061322,2.4523048,1.9121213,1.0214424,1.7671865,2.2313132
28,1.5569668,0.9275206,1.6042256,1.4115865,1.5343467,1.3927002,1.3372096,2.0257092,2.0347412,1.4247669,2.1005528,1.959888,1.3735574,1.3622761,0.9176967,0.9201953,2.158987,2.0368907,1.2046092,1.6756557,2.2949586,1.6820881,1.8745191,1.6824371,1.0129588,1.754027,1.6851751,1.803616,0.0,1.453813,1.030648,1.5572973,1.5704334,2.0153265,1.416614,1.4595975,1.9785149,1.9335092,2.281162,2.4174802,1.774299,1.8810278,2.0178487,2.3982356,1.7329499,1.1775441,1.8143836,2.5067048,2.3946612,2.471655,2.0687964,2.2679467,1.3280526,1.3753792,1.4905379,1.5629216,1.9461143,2.5254145,1.6654547,2.1072633,1.8963679,1.9155014,2.0970345,2.1417024,2.8542073,2.7599852,2.719675,2.4512148,2.6642962,2.6127098,2.892346,3.0501397,2.430354,2.430734,2.468136,2.7140331,2.7990918,2.3454669,2.3789904,2.3992715,2.1844275,2.607162,3.068917,2.7897203,2.8038242,2.2701466,2.7918627,2.9465423,2.4384298,2.4519002,2.6866114,2.6853113,3.0293148,2.7915287,2.3001575,2.6294804,2.2697985,2.3755503,3.0845222,2.7987902,2.866442,2.5197997,2.1261258,2.437558,2.2532034,2.2405515,2.1913447,2.3450963,2.6450553,2.4737153,2.8632953,2.96078,2.3657413,2.8392599,2.5162015,2.72626,2.7372813,2.589994,2.6187358,2.783976,2.1047854,2.488359,3.1123326,2.96998,2.7632966,2.1157944,2.575278,2.749506
29,1.9570107,1.1265762,1.9381698,2.102436,2.127634,2.0537598,2.011725,2.3730695,2.4389842,1.9779526,2.5991502,2.5168893,2.1070843,2.0711613,1.113978,1.1307482,2.5046196,2.3283935,1.3989218,1.3257937,2.6191313,1.8325112,1.7894461,1.8132304,1.4209604,1.9372963,2.4031343,2.4728975,1.453813,0.0,1.3530647,1.7850579,1.8197056,2.1864648,1.9400717,1.7738692,2.3590724,2.339177,2.6984723,2.716693,1.7197403,2.1010282,2.0738668,2.4490342,1.7117293,1.0965769,2.0212443,2.861259,2.7940638,2.6742992,2.3531034,2.5523412,1.7903988,1.8138149,1.7049106,1.826993,2.3352945,3.034621,1.9822139,2.391408,2.221113,2.5642905,2.5648158,2.415993,3.3466077,3.266764,3.0959866,2.497398,2.9454746,3.0205615,3.0411377,3.0554404,2.8623178,2.8666768,2.878507,3.021773,3.0859478,2.7670197,2.830833,2.878355,2.8038435,3.1698847,3.474083,3.2931645,3.265481,2.8585079,3.273029,3.3198519,2.900143,2.8251312,3.19862,3.196048,3.4408154,3.201469,2.915855,3.238465,2.7804556,2.881631,3.226121,3.0265977,3.0530515,2.0809798,2.4310093,2.9063997,2.6777306,2.673387,2.597428,2.9376855,3.052889,2.8527377,3.2017622,3.1823359,2.3758614,3.1345906,2.9409444,3.0663466,3.2397852,3.1775122,2.8412895,3.0768223,2.2389698,2.5138056,3.1534655,3.2544897,3.119381,2.5295563,2.8460498,3.1398084
30,1.5298421,1.0656352,1.5366926,1.4045397,1.3209797,1.4438795,1.4745364,1.7042897,2.099104,1.4418097,2.1208143,1.9529098,1.3758353,1.3274168,1.1947854,1.209371,2.0287352,1.825678,0.91016424,1.479719,2.022226,1.4383236,1.3842084,1.2948982,1.2544224,1.7822635,1.7085377,1.8252593,1.030648,1.3530647,0.0,1.1719892,1.3871902,2.1955853,1.4560049,1.6161753,1.5611265,1.6326834,2.1283448,2.2516935,1.7205408,1.733752,1.7463171,2.2089396,1.6145891,1.0286462,1.8150544,2.24572,2.0051167,2.150751,1.6498784,2.0508583,1.2674586,1.2149209,1.0651643,0.9742477,1.7314116,2.2689388,1.083654,1.5826122,1.627333,1.7124104,1.9104837,1.9642148,2.4675307,2.3791702,2.4130597,2.258913,2.2743714,2.2162144,2.6610575,2.6542764,1.9474682,1.9523919,1.9741821,2.2371118,2.1910377,1.9108661,1.9001746,1.9396491,2.0271745,2.4278314,2.810074,2.6018448,2.6188726,2.0416229,2.5992236,2.6538334,2.1389334,2.1957486,2.43772,2.4350908,2.6412272,2.3849602,1.9987373,2.3968232,1.9249957,2.0407875,2.4767373,2.3007357,2.4799583,2.2225266,1.7140179,2.0603147,1.8194342,1.8345386,2.06448,2.1530068,2.3104374,2.1168742,2.5579455,2.6747103,1.9750903,2.5002573,2.0849843,2.3612092,2.4765885,2.3653042,2.3641853,2.4474242,1.8471237,2.1593857,2.7191682,2.4707022,2.4514818,1.9523041,2.0639498,2.2961476
