,0,1,2,3,4,5,6,7,8,9,10,11,12,13,14,15,16,17,18,19,20,21,22,23,24,25,26,27,28,29,30,31,32,33,34,35,36,37,38,39,40,41,42,43,44,45,46,47,48,49,50,51,52,53,54,55,56,57,58,59,60,61,62,63,64,65,66,67,68,69,70,71,72,73,74,75,76,77,78,79,80,81,82,83,84,85,86,87,88,89,90,91,92,93,94,95,96,97,98,99,100,101,102,103,104,105,106,107,108,109,110,111,112,113,114,115,116,117,118,119,120,121,122,123,124,125,126,127
0,0.0,0.6410296,1.4083456,1.4319288,0.9790061,0.79297054,0.7352094,0.7104178,0.75218076,0.73901385,1.0146736,0.7140932,2.240735,2.294971,2.2309117,2.3901641,2.4050553,2.0014005,2.1413217,2.3551285,3.4664395,3.4285052,4.2491617,4.0270934,2.5194275,2.6048477,2.0132842,3.0120316,2.9193943,2.1955137,2.7445128,2.7265651,3.3501234,3.3674393,3.2139847,3.0722818,4.0755434,4.121534,4.034048,3.8843944,3.5116758,3.2360113,3.4186146,3.4013448,3.154874,3.154874,3.364941,3.141103,3.1965227,2.8398657,3.0973732,3.1507847,2.5058138,2.706066,3.3337786,3.1250875,3.0068758,3.0964367,3.1715782,3.5901425,3.0081925,3.1011043,3.7476335,3.540456,4.485956,3.0950403,3.6511452,3.5008323,3.4367666,3.2280262,4.0518775,4.443924,3.0783,3.074325,3.145035,3.245552,2.757786,3.043188,3.451108,3.441757,3.254223,3.0264463,3.230088,3.233376,3.077743,2.8264177,3.7324524,3.0894852,3.3637977,3.2678485,3.1364799,2.9025338,3.101014,3.1202757,2.8159852,3.0181746,3.5854971,3.6479628,3.4946256,3.5150006,3.7288332,3.2255247,3.4461668,3.511757,3.5014863,3.5412767,3.557796,3.5098546,4.4219675,4.2642956,4.6707945,4.683562,3.816374,3.9636006,2.5783474,2.5946493,3.6756442,2.6897311,2.7440512,2.8626878,2.5473793,2.4623642,2.937075,2.887689,3.3560655,3.4452274,2.5182395,2.5182395
1,0.6410296,0.0,1.2693151,1.2728407,0.7117405,0.53946245,0.32940617,0.21852157,0.25151232,0.22775406,0.7682657,0.24090041,2.1520424,2.219144,2.129581,2.291573,2.3560684,1.9042937,2.0887368,2.3259702,3.4697173,3.4308808,3.9877677,3.7367487,2.4480464,2.517461,1.776134,2.9069257,2.6132064,2.1454668,2.5361693,2.5169864,3.1398683,3.1614969,3.010238,2.8579507,3.9015646,3.9495354,3.8693929,3.749513,3.4109461,3.1310508,3.2264209,3.258532,3.0370307,3.0370307,3.2701569,3.0441024,2.9965045,2.705095,2.921674,2.9849243,2.3800132,2.5937715,3.0803037,3.0121257,2.8987334,2.9851403,3.0890276,3.5020945,2.7049286,3.2647846,3.5662282,3.343067,4.300465,2.8447132,3.4558024,3.306744,3.2046716,2.9746594,3.8578298,4.2578897,2.8647768,2.8185608,2.8943467,3.0120738,2.902755,2.8132896,3.2337255,3.222983,3.0128868,2.7596107,2.9813685,2.971225,2.7979321,2.5538843,3.5414984,2.8342276,3.158422,3.0539334,2.9132564,2.7025526,2.8309667,2.8539715,2.5112038,2.7570693,3.379219,3.440066,3.2774932,3.3045526,3.539875,2.9757705,3.2348533,3.2945657,3.293674,3.335904,3.3562777,3.3076253,4.244657,4.093965,4.526138,4.5403805,3.642533,3.7885883,2.3103595,2.3253996,3.5077252,2.4386723,2.5015323,2.6438932,2.2952173,2.2183046,2.7102764,2.6567988,3.1476786,3.2447329,2.2462626,2.2462626
2,1.4083456,1.2693151,0.0,0.1254726,1.588475,1.5710629,1.2501768,1.3392869,1.4689375,1.4542975,1.3855056,1.296514,2.5931559,2.6612349,2.7099555,2.994512,2.8560345,2.192196,2.3745716,2.5811203,3.6828995,3.6421525,3.96695,3.989337,2.657544,2.7413085,2.176354,3.2701683,3.1234164,2.6115718,3.099796,3.057345,3.4797633,3.5478852,3.4045997,3.2801075,4.2063103,4.2693796,4.1821365,4.060488,4.0891833,3.5379624,3.709279,3.863274,3.4387617,3.4387617,3.6569018,3.4292643,3.532568,3.2573528,3.4703116,3.521351,2.9047782,3.0932438,3.5633562,3.505348,3.3854058,3.4551425,3.5585797,3.9294753,3.1677394,3.6465511,3.9969609,3.8337514,4.107526,2.6629725,3.2982059,3.1656764,3.0350103,2.7588787,3.6284535,4.015518,3.30406,3.4005566,3.4732919,3.5856528,3.470992,3.1997433,3.886116,3.8793314,3.323961,3.0526228,3.2284749,3.264156,3.127468,2.8656998,2.9262335,3.265944,3.5988054,3.4570646,3.1561084,2.815659,3.4914753,3.5086267,3.1158004,3.333413,2.880026,3.0227706,2.7623072,2.8016746,2.96266,2.2968314,2.6120307,2.7324786,2.7727056,2.821744,2.8230913,2.783855,3.825464,3.6314545,4.1131086,4.12779,3.908643,4.0534754,2.3258386,2.3354864,3.8330142,2.9550428,3.2030401,3.3086405,3.0285075,2.9378285,3.3503234,3.2965343,3.6396513,3.7376933,2.8907626,2.8907626
3,1.4319288,1.2728407,0.1254726,0.0,1.6109153,1.5794169,1.2605554,1.3494473,1.4732825,1.457668,1.3831041,1.3044844,2.6127205,2.6817276,2.7418401,3.0266378,2.8416872,2.1621654,2.3602529,2.555828,3.656602,3.6161878,3.917791,3.9419465,2.6385577,2.7154262,2.141222,3.2263582,3.075781,2.58027,3.0603406,3.0289474,3.4575577,3.5248263,3.3790572,3.2581642,4.177901,4.238738,4.151942,4.0342464,4.079388,3.523418,3.6909919,3.8488615,3.41583,3.41583,3.641731,3.4096818,3.5117476,3.2566156,3.4479032,3.4932303,2.924018,3.1093206,3.5370865,3.4952998,3.3641777,3.4331696,3.5393705,3.8995843,3.1222074,3.6415036,3.9676788,3.8074467,4.061273,2.6044881,3.2679863,3.119581,2.9657528,2.693381,3.5772069,3.967155,3.2589028,3.3518364,3.4163911,3.541404,3.450888,3.150374,3.844405,3.8390818,3.2745354,3.002907,3.1868727,3.2195532,3.0914052,2.8264046,2.8875744,3.222727,3.563438,3.4221098,3.108112,2.7769268,3.447609,3.464365,3.0800452,3.3096778,2.8384295,2.9742122,2.7272322,2.7614276,2.919183,2.248166,2.5721343,2.6599002,2.7231543,2.76256,2.7695038,2.7435122,3.7749,3.5805988,4.072543,4.090275,3.863582,4.012123,2.27714,2.2813764,3.7921956,2.904405,3.1663306,3.2616906,2.9782104,2.8831975,3.3097534,3.2577171,3.6129575,3.7058873,2.8319647,2.8319647
4,0.9790061,0.7117405,1.588475,1.6109153,0.0,0.74121195,0.6231838,0.68370795,0.63963073,0.6667716,0.86379576,0.611349,2.3634074,2.4479434,2.2678208,2.3866005,2.4832623,2.003203,2.2036226,2.4172888,3.6332123,3.5912893,4.20672,3.8911626,2.402185,2.4779572,1.8939817,3.0111268,2.673539,2.094873,2.4819577,2.3943634,3.14297,3.168309,3.0392022,2.8488379,3.920054,3.973541,3.8941424,3.755978,3.36789,3.1530614,3.1770656,3.1448483,3.0611267,3.0611267,3.2739098,3.0571847,2.9996235,2.6157436,2.862237,2.9346533,2.4071052,2.4391913,2.984638,3.0406501,2.7960815,2.8794076,2.9773412,3.3629992,2.6436718,3.1243408,3.4802372,3.148623,4.4253173,3.0729945,3.6669784,3.5032392,3.4165409,3.1970963,3.924612,4.3528614,2.9200156,2.9422505,2.9183545,3.1802988,2.964802,2.993281,3.3571508,3.3165312,3.1181471,2.8362737,3.0079973,3.0536418,2.9759552,2.612917,3.789475,2.8947673,3.4076009,3.3068035,2.9569438,2.796704,2.8675528,2.8913336,2.554591,2.831865,3.5699944,3.6872127,3.5000012,3.5679638,3.694187,3.161757,3.3752267,3.5161033,3.3958912,3.5099986,3.5276263,3.465131,4.316038,4.2748375,4.638451,4.6384125,3.683751,3.81505,2.4211154,2.496713,3.4325657,2.6673014,2.6169581,2.7268245,2.4534268,2.3574626,2.8243139,2.7723255,3.2298255,3.3683438,2.3399928,2.3399928
5,0.79297054,0.53946245,1.5710629,1.5794169,0.74121195,0.0,0.62798387,0.54113984,0.53992724,0.5378249,0.58042586,0.6318657,2.5237916,2.5932367,2.4372973,2.5520098,2.4865942,1.8995655,2.221868,2.437373,3.7405932,3.6997979,4.3209615,4.0159407,2.6090925,2.677708,1.938636,3.0103483,2.6033504,2.222155,2.5874739,2.5467355,3.2264612,3.2312605,3.0924172,2.9331768,3.974691,4.018176,3.9404516,3.815321,3.4051213,3.1961694,3.2707052,3.2791555,3.1242812,3.1242812,3.344798,3.1298897,3.0844343,2.8058474,3.0115304,3.06186,2.4650772,2.5101373,3.1640925,3.1125968,3.0016243,3.0885923,3.1472306,3.5710573,2.8117983,3.3237722,3.643258,3.4298263,4.4172997,3.005528,3.6015072,3.4424891,3.3830938,3.1406658,4.000443,4.4064617,2.9390843,2.8645184,2.9295454,3.0345151,2.9172316,2.8691528,3.2026875,3.1952708,3.1342785,2.884312,3.1510248,3.0957208,2.8939545,2.6971686,3.7621937,2.958758,3.2259626,3.1341312,2.9453359,2.8963757,2.8943784,2.9188592,2.5862463,2.8508227,3.5203037,3.5877402,3.4154923,3.528658,3.7110345,3.1496065,3.4095976,3.4829547,3.4500566,3.5181234,3.5097146,3.4567692,4.3603253,4.217553,4.654754,4.6610775,3.5110438,3.663385,2.4397483,2.4739401,3.5180953,2.390749,2.4293394,2.573044,2.2375515,2.1950033,2.6790512,2.6397061,3.1650124,3.2664537,2.266408,2.266408
6,0.7352094,0.32940617,1.2501768,1.2605554,0.6231838,0.62798387,0.0,0.32953063,0.3565969,0.3814343,0.7629583,0.21588507,2.183309,2.2679684,2.148854,2.3148873,2.2659903,1.7798394,1.9645166,2.1931546,3.3701758,3.3279564,3.9170482,3.6653178,2.386163,2.4613388,1.7476872,2.8229272,2.5223644,1.990991,2.392423,2.3349044,3.0514097,3.0781689,2.9385262,2.7694426,3.7604785,3.8118649,3.7333293,3.6062,3.3705947,3.0782158,3.111211,3.1770601,2.9594674,2.9594674,3.1872408,2.9591844,2.9283724,2.5972464,2.8571665,2.909511,2.4327722,2.5542312,2.9859424,2.966319,2.7112262,2.7960916,2.8639703,3.290226,2.562734,3.1305282,3.4384406,3.2738106,4.184025,2.7820215,3.4710748,3.3077824,3.1829069,2.9188273,3.827976,4.1713767,2.8790553,2.849042,2.8217745,3.0625217,2.9490628,2.8444524,3.2891102,3.2780201,2.977089,2.7063007,2.926952,2.9142327,2.717316,2.4874167,3.4712038,2.7933722,3.1422985,3.0234635,2.8603137,2.669139,2.8233132,2.8467383,2.5034,2.796786,3.2807455,3.3743348,3.216587,3.2399473,3.4576824,2.9212968,3.1285174,3.2339263,3.2001534,3.2629921,3.2753532,3.2027948,4.1036367,3.9649463,4.4083595,4.418574,3.6416051,3.8167262,2.254112,2.3056972,3.5246956,2.4627957,2.5080104,2.6598418,2.2980776,2.1979828,2.7400017,2.6803591,3.1588717,3.2689083,2.2599528,2.2599528
7,0.7104178,0.21852157,1.3392869,1.3494473,0.68370795,0.54113984,0.32953063,0.0,0.21144725,0.20127697,0.81160164,0.2591084,2.1273987,2.1948245,2.0830834,2.233984,2.4534638,2.0089095,2.192075,2.4397557,3.4780018,3.440351,4.014885,3.7374961,2.5542147,2.6160645,1.9171424,3.0155063,2.6984568,2.2315648,2.6043766,2.568146,3.1563616,3.1770258,3.04156,2.8867757,3.878503,3.9268014,3.850298,3.7310457,3.431803,3.1740148,3.2325344,3.2719023,3.0726287,3.0726287,3.30925,3.078914,3.0178304,2.777599,2.9473975,2.9960887,2.3090446,2.5475876,3.0964153,3.0280385,2.889006,2.9797134,3.0795777,3.518702,2.7108283,3.2961977,3.5391698,3.3531075,4.3093896,2.943915,3.557006,3.4116244,3.3082056,3.0674424,3.9265115,4.273252,2.9773831,2.9183087,2.914674,3.1106977,3.016145,2.932257,3.3248477,3.3149943,3.0672686,2.8003392,3.0175364,3.015896,2.8501503,2.6185608,3.635177,2.9124222,3.2265024,3.1174104,3.0035305,2.8323817,2.8802695,2.905533,2.5347779,2.7753294,3.477416,3.5495756,3.3808537,3.4128442,3.6339934,3.068113,3.3424323,3.3924963,3.3931725,3.4399283,3.4598274,3.4040427,4.268336,4.132712,4.5824327,4.5964656,3.7226806,3.887242,2.4312792,2.4533,3.6026058,2.5214803,2.5827527,2.7415974,2.377822,2.2949624,2.7833526,2.7291546,3.212716,3.316219,2.3427222,2.3427222
8,0.75218076,0.25151232,1.4689375,1.4732825,0.63963073,0.53992724,0.3565969,0.21144725,0.0,0.057691008,0.8381925,0.24265863,2.1054823,2.175351,2.041622,2.1742725,2.346988,1.9450643,2.1164594,2.3589225,3.4439044,3.4050498,3.987106,3.6815445,2.4844716,2.5523286,1.7987776,2.908171,2.5644948,2.1118233,2.4626424,2.4348273,3.0775406,3.092055,2.9436555,2.7849805,3.8226244,3.8695621,3.792219,3.6742415,3.3012276,3.073296,3.128105,3.1522725,2.978737,2.978737,3.2168734,2.9884818,2.9136808,2.6469588,2.8397677,2.8956919,2.3082237,2.5112867,2.993257,2.9496095,2.8137481,2.9029682,3.0004041,3.426634,2.6293495,3.2471247,3.4710786,3.2583325,4.337539,2.920766,3.5162134,3.35891,3.2973566,3.0656471,3.9117517,4.2814345,2.8739343,2.792539,2.8238637,3.0029023,2.9257207,2.8382301,3.2087386,3.1971197,3.001619,2.7400656,2.969456,2.9540603,2.7882924,2.5364432,3.6485996,2.8039405,3.1251206,3.0223882,2.9200127,2.7374015,2.7586558,2.782912,2.4372137,2.6975045,3.5172734,3.5700564,3.4169216,3.439779,3.669988,3.1336277,3.3764918,3.4356818,3.42454,3.4709144,3.494168,3.4353836,4.323113,4.1847186,4.619315,4.6326323,3.669262,3.826586,2.3724806,2.3989305,3.5242255,2.4274986,2.4503887,2.6074953,2.2485664,2.1533062,2.6592596,2.6032186,3.1464689,3.2484162,2.2096653,2.2096653
9,0.73901385,0.22775406,1.4542975,1.457668,0.6667716,0.5378249,0.3814343,0.20127697,0.057691008,0.0,0.8460828,0.2593248,2.0932841,2.1616082,2.034386,2.17017,2.375864,1.9714903,2.144759,2.385668,3.4631069,3.424882,4.0005093,3.6995986,2.504405,2.5713916,1.8150693,2.932485,2.589522,2.1423879,2.4883435,2.4669886,3.0931485,3.1081922,2.9589787,2.8042896,3.8502283,3.8970914,3.8190491,3.702137,3.3166907,3.084386,3.1541297,3.1755118,2.9953346,2.9953346,3.2360518,3.0058496,2.931453,2.6810887,2.8571868,2.9146621,2.3074925,2.517993,3.0121307,2.9669762,2.8557305,2.9452968,3.0410717,3.4667041,2.665752,3.2802608,3.496465,3.275288,4.3627253,2.9318492,3.5187879,3.3562746,3.3058286,3.0784585,3.9226913,4.298889,2.888831,2.804621,2.8518867,3.0132158,2.935645,2.847432,3.2209535,3.2096975,3.0149064,2.7541301,2.9844894,2.97077,2.8072836,2.5574105,3.651898,2.8238277,3.1387763,3.0371149,2.9397378,2.7513368,2.7766023,2.8007383,2.452767,2.7138495,3.52835,3.5796142,3.4252262,3.4453776,3.6845148,3.1373253,3.3871462,3.4367206,3.435816,3.4778564,3.503099,3.4477684,4.3415303,4.200602,4.637533,4.6518893,3.6753066,3.8279984,2.3791912,2.4015627,3.5341828,2.4346282,2.4653466,2.6203725,2.265151,2.1742172,2.667896,2.612803,3.153681,3.2531319,2.2250178,2.2250178
10,1.0146736,0.7682657,1.3855056,1.3831041,0.86379576,0.58042586,0.7629583,0.81160164,0.8381925,0.8460828,0.0,0.7806892,2.802528,2.8781033,2.735673,2.8919253,2.4464757,1.6274598,2.1291082,2.3475528,3.807582,3.7581098,4.315578,4.0644107,2.4654672,2.5526986,1.8331577,2.8828998,2.5184042,2.117013,2.5829844,2.5253787,3.1695497,3.1894214,3.0435078,2.874804,3.9158664,3.9652572,3.883642,3.7498064,3.4422944,3.1447852,3.2297177,3.2975802,3.1015723,3.1015723,3.3313928,3.1021252,3.0286632,2.7766998,2.9402647,2.9675057,2.506716,2.6522548,3.074704,3.0337062,2.9174032,2.993244,3.1012754,3.47108,2.7000315,3.2754478,3.528235,3.3185506,4.13785,2.7455997,3.4163775,3.2669718,3.1505277,2.8622048,3.7408268,4.1275287,2.8167922,2.8251536,2.797857,3.0137064,2.9080286,2.7648163,3.207573,3.2020705,3.0158868,2.7224414,2.9554384,2.963258,2.7487013,2.5206416,3.4641602,2.8291852,3.1865144,3.0760024,2.656943,2.6978774,2.8375335,2.8585103,2.5363715,2.7417576,3.1815124,3.2837584,3.0848596,3.2928474,3.3357418,2.7811334,3.0226607,3.0995927,3.0740726,3.1901066,3.1511176,3.1118567,3.9875245,3.8528132,4.351843,4.3508444,3.2826855,3.4718037,2.1936536,2.2295544,3.3555396,2.2307143,2.3607972,2.4504278,2.2110538,2.1469536,2.5862336,2.5492609,3.1662068,3.274355,2.2176678,2.2176678
11,0.7140932,0.24090041,1.296514,1.3044844,0.611349,0.6318657,0.21588507,0.2591084,0.24265863,0.2593248,0.7806892,0.0,2.0933619,2.169453,2.0535696,2.2181425,2.3034086,1.85021,2.035577,2.2789729,3.4098585,3.367887,3.9486492,3.6820486,2.4078858,2.4860477,1.7451707,2.8460367,2.5536945,2.0295775,2.4432893,2.4036214,3.0485535,3.0736039,2.9268627,2.762139,3.816894,3.8682325,3.7880945,3.663332,3.3196406,3.0396032,3.1238828,3.1679559,2.9627488,2.9627488,3.2034109,2.966292,2.8874924,2.6212935,2.8074622,2.8602571,2.3148525,2.5243902,2.956238,2.9064558,2.7742796,2.8598192,2.9633143,3.374816,2.6122758,3.202009,3.438186,3.2190378,4.258873,2.8120553,3.4523273,3.292417,3.209344,2.9613223,3.8391678,4.205278,2.8439028,2.8105118,2.8189716,3.0245526,2.907127,2.8204646,3.2522738,3.239109,2.9538078,2.6720383,2.8951004,2.8980756,2.7168033,2.4641652,3.4987948,2.7645288,3.1185505,3.0046182,2.8533707,2.64534,2.763698,2.7869346,2.4407701,2.686763,3.3578446,3.435692,3.2702048,3.29319,3.51665,2.9734867,3.2014074,3.2742546,3.2571685,3.3149574,3.3361728,3.272671,4.1761627,4.0455065,4.499629,4.510224,3.6412275,3.8038979,2.263291,2.2957225,3.5088272,2.4317062,2.4729774,2.6197302,2.291734,2.182236,2.6669106,2.607089,3.1619143,3.2685199,2.2374418,2.2374418
12,2.240735,2.1520424,2.5931559,2.6127205,2.3634074,2.5237916,2.183309,2.1273987,2.1054823,2.0932841,2.802528,2.0933619,0.0,0.18821888,0.68678033,0.93964726,3.1758416,3.4451747,3.1050346,3.3273013,3.6744032,3.6644433,4.1722465,3.9307835,3.3710835,3.4387095,2.9728549,3.8297312,3.7131069,3.1724572,3.368635,3.3884447,3.7570016,3.7903247,3.69902,3.5978363,4.61188,4.677649,4.5959783,4.51727,3.7588785,3.5168316,3.963203,3.930157,3.740211,3.740211,3.9215353,3.751392,3.6594412,3.45746,3.6313386,3.684543,3.0633981,3.2439706,3.7554388,3.6849365,3.7673714,3.850967,3.8667889,4.291325,3.7644498,4.2015657,4.350684,4.0653734,5.500954,3.8574555,4.3135886,4.170568,4.1959553,4.0715094,4.770773,5.0133753,3.883003,3.788518,3.8164313,3.969685,3.872408,3.8670285,4.240372,4.2259707,3.4437845,3.2614362,3.4581318,3.4156375,3.412196,3.1513069,4.0868816,3.397426,3.6095543,3.499389,3.897654,3.325053,3.3208716,3.340992,2.9767747,3.3270953,4.417664,4.4427752,4.3297763,4.0031524,4.6315727,4.1803036,4.3387256,4.3253493,4.3341613,4.245103,4.402218,4.3212337,5.131365,5.00897,5.3567924,5.3847036,4.8702793,4.98621,3.2654967,3.276226,4.4247317,3.5482368,3.4866998,3.7082372,3.4931798,3.3507705,3.4193702,3.3370368,3.9306092,4.0114617,3.3644958,3.3644958
13,2.294971,2.219144,2.6612349,2.6817276,2.4479434,2.5932367,2.2679684,2.1948245,2.175351,2.1616082,2.8781033,2.169453,0.18821888,0.0,0.72749907,0.955682,3.249928,3.5386786,3.1859686,3.4198904,3.7215047,3.7135868,4.2233377,3.9808323,3.4342995,3.5016928,3.0419078,3.9102879,3.817598,3.2791746,3.4982078,3.5222914,3.825195,3.8563359,3.7666795,3.672738,4.6735153,4.738503,4.6569114,4.5793977,3.812602,3.5780635,4.0340657,3.9909923,3.8018196,3.8018196,3.9791243,3.813641,3.739562,3.53099,3.7116184,3.7673361,3.068792,3.3059258,3.855033,3.7326958,3.8527894,3.9369578,3.9827352,4.4067874,3.8511543,4.263778,4.4321575,4.1460824,5.5537806,3.939677,4.341375,4.226704,4.2520137,4.1379476,4.8220925,5.0642295,3.9424393,3.8539605,3.88782,4.017155,3.906441,3.9304428,4.284969,4.2713137,3.5099385,3.3380883,3.5316255,3.4865227,3.4949648,3.2326744,4.161707,3.4735506,3.6739776,3.5667665,3.9772906,3.4006128,3.3856816,3.4064195,3.0390632,3.3345094,4.5089297,4.524058,4.4032316,4.0821376,4.6972566,4.2546897,4.433049,4.417265,4.4251976,4.33027,4.489269,4.4135795,5.221791,5.09108,5.427736,5.456814,4.944025,5.056712,3.3699121,3.3653445,4.4793134,3.6198015,3.5632634,3.783268,3.5652802,3.4249032,3.481544,3.4006128,3.9940267,4.0707793,3.4283335,3.4283335
14,2.2309117,2.129581,2.7099555,2.7418401,2.2678208,2.4372973,2.148854,2.0830834,2.041622,2.034386,2.735673,2.0535696,0.68678033,0.72749907,0.0,0.37964013,3.1470456,3.4263642,3.0913043,3.3596418,3.917634,3.9019902,4.448925,4.14498,3.3409114,3.4342194,2.9951496,3.8831153,3.6686287,3.1713965,3.266318,3.2550516,3.5317612,3.5613177,3.48499,3.380414,4.4520373,4.5268426,4.4429207,4.3551593,3.4360356,3.2791715,3.7022145,3.6508653,3.5348196,3.5348196,3.6903744,3.5425625,3.5751622,3.2470973,3.559124,3.6189072,2.961332,3.259913,3.6888957,3.6155772,3.7101474,3.796123,3.7843328,4.2569184,3.7775064,4.1970534,4.330748,4.012002,5.594828,3.9896965,4.2670636,4.1454835,4.3795943,4.2352505,4.9037166,5.1574326,3.9026942,3.7729583,3.875665,3.95436,3.8854406,3.9008963,4.2057323,4.1881547,3.4995077,3.3226604,3.4250512,3.451884,3.4252143,3.197496,4.2708907,3.4072342,3.623291,3.5158534,3.9254882,3.4234056,3.3275337,3.348698,2.949105,3.3246772,4.636587,4.6510735,4.523222,4.27931,4.809028,4.406918,4.5204163,4.5548058,4.5783195,4.547862,4.6562104,4.535971,5.399271,5.260538,5.578373,5.5987215,4.82388,4.9279184,3.3420305,3.376019,4.3972645,3.5041113,3.4071367,3.6354835,3.4709227,3.3290849,3.3864357,3.295492,4.011028,4.10318,3.4416492,3.4416492
15,2.3901641,2.291573,2.994512,3.0266378,2.3866005,2.5520098,2.3148873,2.233984,2.1742725,2.17017,2.8919253,2.2181425,0.93964726,0.955682,0.37964013,0.0,3.2362936,3.5788927,3.231058,3.4979265,4.005222,3.9920154,4.5791693,4.2112865,3.4787211,3.565954,3.136136,3.9911444,3.7478585,3.2861938,3.330845,3.3181174,3.6034193,3.619755,3.5476482,3.442401,4.491521,4.562184,4.482953,4.3989015,3.4004922,3.3464725,3.7223315,3.6339104,3.5912526,3.5912526,3.7339299,3.6019537,3.6287653,3.2792516,3.6149726,3.677103,3.0229127,3.3067722,3.7526646,3.6805358,3.7582023,3.8454876,3.8282988,4.3075314,3.8450813,4.252644,4.384235,4.063568,5.756367,4.2028522,4.439771,4.327934,4.580335,4.4460335,5.0913663,5.3436384,3.994464,3.8298242,3.937017,4.006736,3.945337,4.0074573,4.227263,4.207624,3.6285079,3.4708335,3.5698814,3.5833492,3.5565615,3.3382065,4.553481,3.5063214,3.7043507,3.6120007,4.0653343,3.5969138,3.371758,3.3938017,3.0158093,3.384155,4.895749,4.8980093,4.780899,4.546224,5.066469,4.68212,4.7943587,4.835636,4.841982,4.816131,4.9217634,4.7973137,5.638461,5.509133,5.8015065,5.82084,4.941631,5.039979,3.5494058,3.586528,4.4867635,3.6112955,3.4607782,3.6976926,3.5245671,3.3906252,3.4531407,3.3639479,4.0716176,4.164044,3.5149634,3.5149634
16,2.4050553,2.3560684,2.8560345,2.8416872,2.4832623,2.4865942,2.2659903,2.4534638,2.346988,2.375864,2.4464757,2.3034086,3.1758416,3.249928,3.1470456,3.2362936,0.0,1.5352325,0.9417048,1.0881547,3.221576,3.1759393,3.7041168,3.594379,1.9124637,1.9974608,1.8073425,1.642799,2.1665404,1.8582677,2.187097,2.1596642,3.0343063,3.0212367,2.8722935,2.6961472,3.3579977,3.4008746,3.3271425,3.2185266,3.0654895,2.8673763,2.84446,2.9640822,2.7658396,2.7658396,2.7421618,2.7604554,3.0858688,1.326911,3.1171281,3.1039498,3.809736,3.9431167,3.2967446,3.1357272,2.0031135,2.0179105,2.0997326,2.3326073,2.1754293,2.388749,3.749262,3.8073847,3.8179862,2.4746742,3.2528293,3.362378,2.7627301,2.5455408,3.4524972,3.7599816,2.2811785,2.2923615,2.2218535,2.4181414,2.4165432,2.258301,2.613562,2.6471725,2.4372706,2.4931538,2.5605786,2.3921146,2.2597644,1.90445,3.3096106,1.8572569,2.189065,2.0897374,2.105661,1.8567245,2.1956615,2.1970348,2.2923934,2.713447,3.1800005,2.9773748,3.0929677,3.0502386,3.2956831,3.3817954,3.1344154,3.3825274,3.1886482,3.2237856,3.1916652,3.0625207,4.020461,3.7489235,3.8596106,3.8588274,3.3404264,3.5838063,2.1192553,2.1770205,3.0420482,2.0626354,1.8895943,1.997378,1.7556728,1.7953796,2.3347714,2.2601976,2.587901,2.6518557,1.9319646,1.9319646
17,2.0014005,1.9042937,2.192196,2.1621654,2.003203,1.8995655,1.7798394,2.0089095,1.9450643,1.9714903,1.6274598,1.85021,3.4451747,3.5386786,3.4263642,3.5788927,1.5352325,0.0,1.312315,1.3393435,3.426699,3.3578906,3.8741868,3.7686331,2.2582188,2.335859,1.4836661,1.5214351,1.6382717,1.2908416,1.9372826,1.8916885,2.7543893,2.7573135,2.5943534,2.3994877,3.4090142,3.438528,3.3651655,3.228637,3.132691,2.793195,2.719464,2.9250464,2.611449,2.611449,2.8408847,2.6004205,2.5666108,2.1208522,2.5537763,2.5104027,3.2230473,3.1902907,2.6948128,2.6244962,2.1922722,2.2185822,2.2830975,2.4480524,2.0764985,2.748169,3.1502566,3.1515687,3.4541104,1.8598682,2.960241,2.7454085,2.5181236,2.1300287,3.3170779,3.7514138,2.0960839,2.1639311,2.1933124,2.3500035,2.342489,1.9995111,2.58257,2.6147466,2.6271415,2.3513918,2.7443058,2.5640655,2.0897264,2.0582776,2.9693391,2.2736473,2.46048,2.3383274,2.0425982,2.0750792,2.5048335,2.5162706,2.5179684,2.7481062,2.567573,2.535877,2.5024705,2.686383,2.8637512,2.5497136,2.4381049,2.5905,2.5285182,2.6592963,2.543844,2.4108558,3.5218215,3.3178496,3.906441,3.8950024,2.728275,2.975351,1.5728133,1.6460949,3.3039927,1.7757725,1.8040781,1.8367523,1.544701,1.5078279,2.2419462,2.1917398,2.7485821,2.8138108,1.7655586,1.7655586
18,2.1413217,2.0887368,2.3745716,2.3602529,2.2036226,2.221868,1.9645166,2.192075,2.1164594,2.144759,2.1291082,2.035577,3.1050346,3.1859686,3.0913043,3.231058,0.9417048,1.312315,0.0,0.5048418,3.1659055,3.1281192,3.6333675,3.5445426,1.4449884,1.5121955,1.7165934,1.696588,2.1309152,1.6761632,2.106755,2.0207062,2.6763523,2.68016,2.5392327,2.3724675,3.0378468,3.0907233,3.006852,2.8872454,2.9538796,2.5667064,2.5718622,2.6954005,2.391718,2.391718,2.324225,2.3773782,3.3442054,1.4114592,3.335484,3.2503169,3.8359833,3.7818449,3.4863465,3.370381,2.0254285,2.0457008,2.1594808,2.4305115,2.1476858,2.2286081,3.9450822,3.9203527,3.5214434,2.186832,2.7331595,2.901622,2.3155363,2.11753,3.2271857,3.669782,2.18245,2.3490102,2.3274572,2.44808,2.3805451,2.212437,2.684612,2.6960788,2.264692,2.3459167,2.4482648,2.2127345,2.1387537,1.7713224,2.8836868,1.8692046,2.431574,2.3264277,2.0262284,1.7598462,2.3303905,2.338133,2.2542443,2.7437549,2.8740761,2.7668457,2.7970936,2.8010702,2.8147402,2.9864702,2.8511958,3.085166,2.8570428,2.9245095,2.8900495,2.7535727,3.7757056,3.6181798,3.5846484,3.5802908,3.3127222,3.5167305,1.9568641,2.039899,2.8328366,2.2364752,2.1729803,2.1934562,1.9449949,1.8554205,2.5444708,2.475373,2.909352,3.0005553,1.9468216,1.9468216
19,2.3551285,2.3259702,2.5811203,2.555828,2.4172888,2.437373,2.1931546,2.4397557,2.3589225,2.385668,2.3475528,2.2789729,3.3273013,3.4198904,3.3596418,3.4979265,1.0881547,1.3393435,0.5048418,0.0,3.138167,3.1000795,3.6268477,3.5584724,1.6075319,1.6374706,1.7959424,1.5248262,2.0376825,1.5454947,1.9547509,1.8962603,2.7949135,2.7947793,2.6523552,2.489936,3.1357265,3.1743262,3.0949585,2.9788852,3.0940287,2.7158842,2.6896648,2.79708,2.4826555,2.4826555,2.4407473,2.4686213,3.3854127,1.6063106,3.3624487,3.2790744,4.0780506,3.8553302,3.4898114,3.4700027,2.0647345,2.072129,2.0856557,2.2566483,2.1683612,2.1990643,3.9472296,3.9238348,3.57768,2.1895723,2.9162762,2.9563522,2.3092568,2.1400304,3.3062508,3.7911751,2.1845424,2.3606715,2.3518872,2.484419,2.3633838,2.2201483,2.7071946,2.7158515,2.3635995,2.4433928,2.6257281,2.3340864,2.230625,1.9298555,2.9674063,1.9848154,2.5339947,2.4441047,2.1146324,1.8471843,2.4428756,2.4473538,2.46597,3.01985,2.8297737,2.7386851,2.8357618,2.779784,2.8654926,3.0229046,2.8310792,3.045399,2.807676,2.8560553,2.8369598,2.7163663,3.74318,3.614578,3.585074,3.5839653,3.308537,3.498179,1.9740398,2.0821724,2.9130783,2.36485,2.2662063,2.2407067,1.9692874,1.8763516,2.6569474,2.5973992,2.9439836,3.0193675,1.9486232,1.9486232
20,3.4664395,3.4697173,3.6828995,3.656602,3.6332123,3.7405932,3.3701758,3.4780018,3.4439044,3.4631069,3.807582,3.4098585,3.6744032,3.7215047,3.917634,4.005222,3.221576,3.426699,3.1659055,3.138167,0.0,0.11951673,2.0410395,1.8218546,3.8165994,3.7338176,3.6736383,3.198381,3.8333352,3.229943,3.682616,3.7101498,4.1397467,4.13449,3.762895,3.6707385,3.6726122,3.63452,3.6265988,3.5723083,4.4179378,4.1952667,3.7560596,3.9822392,3.6688917,3.6688917,3.886597,3.6722155,3.961996,3.7992733,3.935016,3.6215317,4.263873,4.297804,4.0821495,4.088325,2.6998122,2.7365127,2.9259112,3.0542657,2.832826,3.1110575,3.8756578,4.2681684,3.8353655,3.6352067,4.3308945,4.1761146,3.85064,3.6846318,4.5884004,4.65523,3.851844,3.6375976,3.4042604,4.0547757,3.7755764,3.8104963,4.243202,4.2742715,4.3034644,4.1803427,4.428506,4.284512,3.8192422,3.618913,4.1291265,3.7184916,3.7831888,3.7914975,4.0573955,3.6094253,3.8933449,3.886386,3.9161382,3.9689436,4.4813027,4.506395,4.5900235,4.2831697,4.577941,4.406068,4.566325,4.359746,4.412052,4.3258724,4.419175,4.360118,4.515023,4.691746,5.055524,5.082705,5.672073,5.898213,3.9987383,4.022832,5.0850697,4.2582297,4.191498,4.297837,3.768119,3.6259534,4.37636,4.326406,4.105167,4.1738586,3.4791672,3.4791672
21,3.4285052,3.4308808,3.6421525,3.6161878,3.5912893,3.6997979,3.3279564,3.440351,3.4050498,3.424882,3.7581098,3.367887,3.6644433,3.7135868,3.9019902,3.9920154,3.1759393,3.3578906,3.1281192,3.1000795,0.11951673,0.0,2.0466259,1.8336335,3.7997215,3.7245927,3.6151128,3.1377492,3.7687078,3.162871,3.6291337,3.6554406,4.1068993,4.1022215,3.72659,3.6300056,3.6671054,3.6299512,3.6208956,3.5621288,4.387635,4.1639137,3.7213085,3.9567478,3.6410983,3.6410983,3.8707778,3.6432388,3.871891,3.7620754,3.8468451,3.537401,4.197999,4.2364492,3.9942687,4.00067,2.6593363,2.6951752,2.8823786,3.004447,2.7917538,3.1015792,3.7851655,4.185873,3.8103027,3.5802484,4.3011293,4.1315236,3.8339853,3.6527257,4.562301,4.629479,3.8121576,3.594582,3.3703556,4.0191565,3.7399173,3.7659447,4.209773,4.241827,4.2872696,4.147902,4.407371,4.2649174,3.7762108,3.5865555,4.088493,3.6922398,3.7380457,3.7438192,4.014981,3.567142,3.868357,3.8612375,3.8968046,3.9356973,4.429338,4.4562173,4.536468,4.2364473,4.54048,4.3540125,4.503774,4.307673,4.360747,4.2801933,4.367677,4.3037095,4.478726,4.643886,5.042441,5.0677605,5.619406,5.8471117,3.9424987,3.9678257,5.0778723,4.205549,4.1376595,4.2478046,3.7196429,3.5761964,4.326727,4.27598,4.0700927,4.13884,3.4396393,3.4396393
22,4.2491617,3.9877677,3.96695,3.917791,4.20672,4.3209615,3.9170482,4.014885,3.987106,4.0005093,4.315578,3.9486492,4.1722465,4.2233377,4.448925,4.5791693,3.7041168,3.8741868,3.6333675,3.6268477,2.0410395,2.0466259,0.0,1.1445462,4.197704,4.065039,3.9248707,3.4665213,3.8965409,3.8992515,4.036258,4.090519,4.3072157,4.3237796,3.9917595,3.9139838,3.9643006,3.928375,3.9466796,3.9985309,4.9686837,4.6297297,4.1067314,4.450075,4.070247,4.070247,4.2921395,4.1153135,4.24093,4.1426826,4.298075,4.0286593,4.768829,4.892292,4.2742248,4.496099,3.3404198,3.3504903,3.6059237,3.6531708,2.8893812,4.1672883,4.301877,4.616511,3.511111,3.2631202,4.050593,3.9610856,3.430331,3.2994041,4.1242695,4.349336,3.80697,3.5633042,3.6164742,3.9588199,4.4781055,3.663724,4.197391,4.228951,4.2725654,4.1705256,4.4001975,4.229177,3.871362,3.6453178,3.7492206,3.7344074,3.7890553,3.7959576,4.153921,3.5835392,4.031055,4.0247927,4.0446806,4.1572256,4.19938,4.0897927,4.2066727,3.8178186,4.260356,4.03441,4.2628145,3.9910347,4.1161513,3.988664,4.0809674,4.024133,4.3423786,4.5249815,4.882284,4.919839,5.6743345,5.8314204,3.901727,3.888513,5.215164,4.3801208,4.386566,4.5112414,3.9788892,3.9204962,4.603572,4.5521965,4.0884914,4.140551,3.673827,3.673827
23,4.0270934,3.7367487,3.989337,3.9419465,3.8911626,4.0159407,3.6653178,3.7374961,3.6815445,3.6995986,4.0644107,3.6820486,3.9307835,3.9808323,4.14498,4.2112865,3.594379,3.7686331,3.5445426,3.5584724,1.8218546,1.8336335,1.1445462,0.0,4.031749,3.90901,3.7546074,3.4161067,3.6523485,3.6560264,3.7415564,3.7908206,4.0565343,4.0518317,3.6779737,3.5970502,3.5976613,3.5544465,3.5774808,3.6368072,4.4962378,4.306061,3.694312,3.9907625,3.7767758,3.7767758,4.0047865,3.8346052,4.02156,3.9190896,4.0442915,3.7445924,4.4705133,4.5223274,4.0231442,4.320258,3.0332046,3.051188,3.3433204,3.4099069,2.5745573,3.9646583,3.979064,4.2717214,3.7363503,3.5344784,4.1499853,4.055077,3.6424553,3.5125315,4.46765,4.607315,3.7052913,3.3839383,3.2502663,3.827588,4.3359838,3.6453385,4.0114813,4.037985,4.155863,4.060426,4.3026357,4.1174474,3.6484349,3.4743338,4.0881314,3.5190127,3.692431,3.720263,3.96801,3.5707252,3.6569657,3.652229,3.6831045,3.7611194,4.4750633,4.468637,4.5526285,4.252829,4.552221,4.337892,4.5870566,4.3267145,4.403191,4.3049746,4.4164605,4.3797884,4.5427904,4.773819,5.0815907,5.1138964,5.6473303,5.8292317,3.9668133,3.9685006,4.9560494,4.202324,4.126526,4.2338333,3.7041283,3.601589,4.300349,4.254655,3.989751,4.059052,3.340395,3.340395
24,2.5194275,2.4480464,2.657544,2.6385577,2.402185,2.6090925,2.386163,2.5542147,2.4844716,2.504405,2.4654672,2.4078858,3.3710835,3.4342995,3.3409114,3.4787211,1.9124637,2.2582188,1.4449884,1.6075319,3.8165994,3.7997215,4.197704,4.031749,0.0,0.4106988,2.1556795,2.657153,2.96192,2.4069936,2.6841018,2.615051,3.04219,3.0796323,2.9725347,2.847673,3.325749,3.405225,3.3017921,3.1841595,3.2447891,2.8470874,2.9697063,2.8957736,2.7625315,2.7625315,2.531394,2.7561839,4.1291537,1.6778249,3.9954975,3.9525974,4.30392,4.4023347,4.1343384,4.1288977,2.571329,2.5839133,2.8684251,3.0423253,2.6326823,2.3117917,4.575037,4.2910876,3.953028,3.0158973,3.0361087,3.388948,2.5472362,2.596482,3.370469,3.8628654,2.593236,2.9759355,2.7627304,3.079035,2.844037,2.906641,3.272795,3.222768,2.41674,2.688954,2.2657144,2.4070637,2.833986,2.1031544,3.3750386,2.0857637,3.3890903,3.3054202,2.2124262,2.062993,2.5565815,2.559115,2.3921442,2.942318,3.376698,3.3915722,3.3908947,3.4632597,2.9427192,3.3540003,3.2665126,3.478869,3.2002082,3.317288,3.3496983,3.3619308,4.077065,4.064898,3.5065086,3.5104425,3.709041,3.852511,2.537086,2.599034,1.8527129,2.873083,2.864566,2.668797,2.6961033,2.5730836,3.0385518,2.9893126,3.4541824,3.5709648,2.3960295,2.3960295
25,2.6048477,2.517461,2.7413085,2.7154262,2.4779572,2.677708,2.4613388,2.6160645,2.5523286,2.5713916,2.5526986,2.4860477,3.4387095,3.5016928,3.4342194,3.565954,1.9974608,2.335859,1.5121955,1.6374706,3.7338176,3.7245927,4.065039,3.90901,0.4106988,0.0,2.3251238,2.6207144,3.0098147,2.4885736,2.7379222,2.6796968,3.0025055,3.0348601,2.9466548,2.8246863,3.2236006,3.2915232,3.1979399,3.0954714,3.270156,2.883775,2.9515784,2.8539002,2.718309,2.718309,2.4836502,2.7187126,4.2047315,1.7864939,4.067269,3.9699318,4.3835316,4.4737983,4.2030487,4.206317,2.4803605,2.4940376,2.8148582,2.9743738,2.5028067,2.185705,4.6262484,4.342976,3.780342,2.955287,3.0165071,3.3773305,2.3431938,2.45909,3.250427,3.8107,2.4602702,2.8746378,2.6366515,2.9567466,2.752041,2.8085861,3.1424932,3.0861742,2.295983,2.6097314,2.1667979,2.3002005,2.8215573,2.0600836,3.4147587,2.0205662,3.3940752,3.3249784,2.2502632,2.1268582,2.4838436,2.4885068,2.329874,2.9237041,3.389459,3.381426,3.4067824,3.458264,2.9351969,3.348142,3.3378088,3.4355893,3.1849008,3.292005,3.335083,3.3601122,3.9950116,4.0834413,3.4837437,3.4931798,3.6971924,3.8275714,2.5764961,2.6301124,1.8030409,2.925467,2.9135926,2.6985614,2.6843247,2.5794017,3.09949,3.056484,3.3914945,3.50836,2.368649,2.368649
26,2.0132842,1.776134,2.176354,2.141222,1.8939817,1.938636,1.7476872,1.9171424,1.7987776,1.8150693,1.8331577,1.7451707,2.9728549,3.0419078,2.9951496,3.136136,1.8073425,1.4836661,1.7165934,1.7959424,3.6736383,3.6151128,3.9248707,3.7546074,2.1556795,2.3251238,0.0,2.0936787,1.7531384,1.5423946,1.9483802,1.9909277,3.0082376,3.0232909,2.895609,2.744021,3.8435001,3.8887808,3.8023446,3.6926508,3.3650258,3.0700274,3.0561461,3.134866,2.9162822,2.9162822,3.1294403,2.9303687,2.5980363,2.0945637,2.5382693,2.843675,3.0707958,3.0176687,2.6676981,2.6669428,2.7691367,2.797245,2.9514527,3.0870512,2.435582,3.2833645,3.248761,3.0386362,4.1869755,2.4663367,3.1709528,2.9961784,2.8694272,2.6355402,3.555857,4.0130496,2.4225862,2.5116858,2.6286807,2.6657372,2.8258898,2.4515512,2.8944461,2.887134,2.8045826,2.584313,2.9589882,2.759746,2.5713737,2.3660307,3.353442,2.5218678,2.8861284,2.74486,2.4507658,2.1263256,2.65456,2.67339,2.6414735,2.8096116,2.990501,2.951502,2.8701913,2.88573,3.1502583,2.7883549,2.662476,3.1018903,2.889148,2.9177177,2.9349802,2.889067,4.1808834,3.7742074,4.17677,4.188834,3.109945,3.255901,1.8009764,1.7910516,3.2049792,2.128285,2.0696747,2.1150777,1.7745494,1.6600926,2.3379247,2.2755516,2.944205,2.9838254,1.6286306,1.6286306
27,3.0120316,2.9069257,3.2701683,3.2263582,3.0111268,3.0103483,2.8229272,3.0155063,2.908171,2.932485,2.8828998,2.8460367,3.8297312,3.9102879,3.8831153,3.9911444,1.642799,1.5214351,1.696588,1.5248262,3.198381,3.1377492,3.4665213,3.4161067,2.657153,2.6207144,2.0936787,0.0,1.6785872,1.5853875,2.0678632,2.1358075,2.6792297,2.644221,2.4823463,2.3135984,3.341677,3.3304386,3.283473,3.2021804,2.9905312,2.7562356,2.6373446,2.7748446,2.476293,2.476293,2.719814,2.4878447,2.624614,2.168899,2.6359925,2.4333405,3.8863525,3.7739863,2.8084857,2.7081888,2.1211665,2.1026223,2.2887044,2.1331904,1.9872218,2.8101366,3.3287053,3.2666183,3.455175,1.7991071,2.9183862,2.6774971,2.3287907,2.1258779,3.3410902,3.9905252,1.5165043,1.6338395,1.9773891,1.774533,1.9904056,1.5470836,2.0143633,2.0543182,2.4794402,2.2924826,2.8507218,2.4643464,2.0235293,2.0448775,3.2102332,2.040881,2.1517386,2.1109555,2.2624998,2.0274756,2.28497,2.2898479,2.6110651,2.782093,3.018775,2.797812,2.9260602,2.862701,3.2911758,3.1609032,3.0425663,2.9587486,2.9138317,2.9480746,2.9105928,2.7685866,3.8413138,3.8248556,4.3023787,4.2973614,2.973157,3.1066203,1.938507,1.9430573,3.5677197,2.2188354,1.9847519,1.9240245,1.6423712,1.6015567,2.3572516,2.307952,2.7053668,2.714507,1.7848742,1.7848742
28,2.9193943,2.6132064,3.1234164,3.075781,2.673539,2.6033504,2.5223644,2.6984568,2.5644948,2.589522,2.5184042,2.5536945,3.7131069,3.817598,3.6686287,3.7478585,2.1665404,1.6382717,2.1309152,2.0376825,3.8333352,3.7687078,3.8965409,3.6523485,2.96192,3.0098147,1.7531384,1.6785872,0.0,1.516962,1.3453707,1.4144615,2.875807,2.8351798,2.6745892,2.484422,3.718849,3.7231197,3.6810193,3.6278055,3.1570103,3.0283117,2.8128195,2.999352,2.854122,2.854122,3.1309316,2.8985233,2.3920825,2.4068418,2.475731,2.5163386,3.667888,3.2729392,2.4337554,2.7950704,2.758465,2.7622967,2.699066,2.7193913,2.297135,3.6978934,3.2170248,3.0843484,4.133801,2.1760495,3.2934742,2.9112127,2.946135,2.6499062,3.801774,4.377499,2.0874374,1.8504565,2.3828454,2.0953465,2.9002476,1.9156531,2.2608738,2.2879376,2.7492328,2.482858,3.0973523,2.690506,2.1437988,2.331476,3.4903533,2.3758197,2.3129947,2.247079,2.457279,2.3912127,2.4693558,2.47783,2.6558938,3.0443456,3.1207788,2.9704852,3.061954,3.055734,3.4696555,3.1981785,3.051904,3.194196,3.1263785,3.1869195,3.1279151,2.973113,4.241403,4.0377,4.6215744,4.616607,2.9376307,3.0512562,1.9614449,2.0536783,3.687555,1.9815863,1.7128545,1.8137993,1.4798577,1.2384593,2.230548,2.1727946,3.1671207,3.1906881,1.7957935,1.7957935
29,2.1955137,2.1454668,2.6115718,2.58027,2.094873,2.222155,1.990991,2.2315648,2.1118233,2.1423879,2.117013,2.0295775,3.1724572,3.2791746,3.1713965,3.2861938,1.8582677,1.2908416,1.6761632,1.5454947,3.229943,3.162871,3.8992515,3.6560264,2.4069936,2.4885736,1.5423946,1.5853875,1.516962,0.0,1.2509472,1.2472599,2.731748,2.724873,2.5781152,2.376643,3.533203,3.551978,3.4816456,3.3372848,2.973113,2.753164,2.6769023,2.7379918,2.5390546,2.5390546,2.8356385,2.5277727,2.34299,2.1769118,2.2333982,2.2503288,3.267296,2.938047,2.3788762,2.504563,2.1982274,2.2198498,2.182519,2.214115,2.2232995,2.7720747,2.900635,2.714069,4.075533,2.4345238,3.444134,3.0331693,3.023392,2.7715476,3.8087656,4.274661,2.2942426,2.3648713,2.3944604,2.6443553,2.369166,2.4084978,2.8489997,2.8355508,2.7757032,2.456434,2.929615,2.729388,2.3952856,2.3318489,3.5134635,2.4847312,2.814527,2.7111993,2.5602117,2.3565009,2.6060824,2.615746,2.7091496,3.026551,3.1933498,3.2133813,3.2483943,3.1835678,3.4262094,3.1883078,3.0298972,3.1619115,3.0608752,3.1503134,3.1501033,3.0308356,4.0525,3.9549646,4.4826565,4.480848,3.2700396,3.4416108,2.043059,2.1611414,3.585342,2.4093463,2.2112708,2.1968386,1.9329315,1.5794692,2.5103798,2.4432876,3.3415813,3.4002783,1.9629003,1.9629003
30,2.7445128,2.5361693,3.099796,3.0603406,2.4819577,2.5874739,2.392423,2.6043766,2.4626424,2.4883435,2.5829844,2.4432893,3.368635,3.4982078,3.266318,3.330845,2.187097,1.9372826,2.106755,1.9547509,3.682616,3.6291337,4.036258,3.7415564,2.6841018,2.7379222,1.9483802,2.0678632,1.3453707,1.2509472,0.0,0.40424407,2.652108,2.6434758,2.5290198,2.3484912,3.4807696,3.5018551,3.4427714,3.351208,2.9211416,2.8289115,2.570817,2.6491685,2.5482647,2.5482647,2.7948174,2.5710497,2.5483222,2.152505,2.511909,2.5876129,3.785271,3.4425516,2.4630616,3.020292,2.4876325,2.5040605,2.1966145,2.2742968,2.3731444,3.30126,3.1908362,2.9583063,4.4999385,2.825941,3.7211506,3.2259862,3.38035,3.1798065,4.1974974,4.679935,2.5881102,2.4361,2.708729,2.7708256,3.0298395,2.6321943,2.9551241,2.9354188,2.9255908,2.7197452,2.9984305,2.8739223,2.5821574,2.6196475,3.913199,2.6090415,2.9795434,2.8982933,2.896824,2.7232363,2.7470727,2.7541497,2.8553882,3.5302708,3.619055,3.5990887,3.7333167,3.594541,3.9156978,3.7021058,3.4495397,3.5582356,3.5878663,3.6683044,3.6604283,3.5228844,4.5861816,4.4566226,4.845797,4.857652,3.4434388,3.5471756,2.3071175,2.484967,3.6498802,2.5742443,2.324148,2.3099234,2.0772204,1.8069003,2.7570512,2.6827917,3.5149968,3.5592995,2.2882226,2.2882226
