,0,1,2,3,4,5,6,7,8,9,10,11,12,13,14,15,16,17,18,19,20,21,22,23,24,25,26,27,28,29,30,31,32,33,34,35,36,37,38,39,40,41,42,43,44,45,46,47,48,49,50,51,52,53,54,55,56,57,58,59,60,61,62,63,64,65,66,67,68,69,70,71,72,73,74,75,76,77,78,79,80,81,82,83,84,85,86,87,88,89,90,91,92,93,94,95,96,97,98,99,100,101,102,103,104,105,106,107,108,109,110,111,112,113,114,115,116,117,118,119,120,121,122,123,124,125,126,127
0,0.0,0.23249987,2.0489674,1.4281846,1.6992958,1.0229151,1.7154365,1.2496434,1.6284353,1.7810436,1.7160565,2.1925495,2.4816692,1.925355,2.0332854,1.4693309,2.4357424,2.8270838,2.6562514,1.9714776,2.4400122,2.4320102,2.5637643,2.566215,3.4816322,3.756239,3.7891521,1.8753693,3.899088,3.8031945,3.7363079,3.9378116,2.384151,2.4168406,2.1891916,1.7864577,2.2086546,2.320321,2.067995,2.4429903,2.0977454,2.5950933,2.3826773,2.4628808,2.9247966,3.0327587,2.4265285,3.0183992,2.675002,2.5611565,1.7421945,1.7557858,2.0947254,1.9623961,1.6501203,2.0326505,1.9595352,2.481216,2.165469,2.074866,2.888537,3.1912072,2.8000858,2.5967417,1.803234,1.821388,2.094415,1.9591845,2.528751,1.933686,1.8318532,2.181241,1.5995445,2.0649314,2.4485304,1.9615164,2.2856507,2.757261,2.0332868,1.5049969,2.4787996,2.32312,2.379449,2.4138687,2.1171732,1.6504043,2.5531466,2.4097571,2.880583,2.6595542,2.6663709,1.9697118,2.2375648,2.519126,3.0310104,2.4544122,2.884046,2.5119298,2.0821335,1.8211962,2.5819457,3.1150901,2.4114695,2.3530362,2.3627393,2.3621492,2.693922,3.353508,3.0845387,3.108318,2.47754,2.7811196,2.1290455,2.3970978,2.255813,2.255045,2.5183687,2.658754,2.1738396,1.96368,2.4893322,2.2927792,2.5117397,2.5075066,3.0237243,2.7644482,2.6585233,2.5512512
1,0.23249987,0.0,1.9757622,1.3422446,1.6407632,1.0444244,1.6496314,1.2393206,1.5998703,1.77119,1.6919235,2.1030757,2.4412017,1.8711473,1.9580168,1.4786359,2.3457484,2.7498243,2.5513663,1.9196577,2.3410902,2.3317413,2.4636414,2.4629414,3.4292119,3.718009,3.7821443,1.8196833,3.8382947,3.7718284,3.7461693,3.9076662,2.3207219,2.3426538,2.1258695,1.7244018,2.1235144,2.2054598,1.9103638,2.3519826,2.041805,2.542528,2.2674432,2.32824,2.8446007,2.9532697,2.3340409,2.917069,2.6203873,2.5179281,1.73078,1.7486402,2.0202026,1.8819636,1.665049,2.0874119,1.9208817,2.3952582,2.0583956,1.9615793,2.8563764,3.2180805,2.6881645,2.576225,1.6811748,1.702429,1.9834721,1.8619375,2.3729846,1.8285719,1.7914411,2.084863,1.5239707,1.9968134,2.4044492,1.913565,2.2540772,2.7214096,1.9488659,1.4599717,2.3390875,2.1827314,2.3326817,2.27987,1.975627,1.5804673,2.49148,2.296142,2.7730682,2.5979292,2.6233537,1.9473777,2.134555,2.398253,2.9160316,2.3218722,2.791478,2.4216113,1.9925697,1.7414657,2.5327313,3.0719135,2.2818012,2.228702,2.3497636,2.2569354,2.5959651,3.2512476,2.9924483,3.0198276,2.3874066,2.7289155,2.0259175,2.3459356,2.1930451,2.1904202,2.4791071,2.5961192,2.1088767,1.9138615,2.3744216,2.1870944,2.4140427,2.4149568,2.908406,2.7337239,2.5646596,2.5086749
2,2.0489674,1.9757622,0.0,1.6952035,1.9407207,1.7885505,2.213024,1.7744616,1.8521775,1.8027376,1.804588,1.6276907,2.7659612,2.360515,2.9041755,2.2124214,2.7732186,2.8143756,2.6782942,2.826987,2.7853644,2.7927215,2.7469556,2.851977,3.104311,3.299423,4.4500194,2.0521533,3.2317758,3.1011314,3.3088298,3.5030255,3.020326,3.3001869,2.65971,2.6638842,2.7530665,2.591648,2.4716907,3.0152955,2.9459324,3.354175,2.6310508,3.1413798,3.4081285,3.4931078,3.0101688,3.4141085,3.2131085,3.0786562,2.5189111,2.5199275,2.738853,2.7022865,2.5248435,2.7093027,2.6553786,2.328675,2.0447469,2.0800445,3.4057271,3.454124,2.8123305,3.183019,2.6074505,2.652913,2.5332296,2.8234532,2.6390939,2.4746892,2.7069206,2.7149067,2.3542511,2.3788865,2.7953353,2.6745358,2.9431877,3.3345191,2.7344713,2.3722925,2.920766,2.7437634,2.9846475,2.7377052,2.3400483,2.4532733,2.7345011,2.3411417,3.0297315,3.0794291,2.9599614,2.8124204,2.4431956,2.5742013,2.9512484,2.7223172,3.3604999,3.0206878,2.7639546,2.5945036,3.553264,4.047946,3.0263026,2.9414024,3.20866,2.7366652,3.0262713,3.5304766,3.4870064,3.3963654,3.0585556,3.2487774,2.7225242,3.149199,3.096466,3.084035,3.4169433,3.463537,3.0028424,3.0724714,2.7411313,2.4884644,3.0005922,2.835495,3.786888,3.9536479,3.3605301,3.5870106
3,1.4281846,1.3422446,1.6952035,0.0,1.5192932,1.608135,1.8215743,1.493409,1.7555532,1.8802081,1.7558786,1.9116118,2.5112064,2.0860317,2.5803483,1.9303995,2.8232746,2.9050913,2.6603382,2.469825,2.6023006,2.5015895,2.6063373,2.4741473,3.4894588,3.89534,4.090144,1.8749547,3.8656757,3.8238347,3.9017537,4.0800505,2.2808187,2.566402,1.9976355,2.00671,2.2996113,2.239998,1.9633166,2.533491,2.4328556,3.086777,2.3267355,2.6760244,3.092836,3.0716329,2.519121,3.0505192,2.5636063,2.7637744,2.1313813,2.1449964,2.3284817,2.2641387,2.2659867,2.570765,2.2549734,2.6204758,2.161975,2.065208,3.1990829,3.2697985,2.8366625,2.8745422,2.191365,2.227707,1.8964152,2.1450675,2.5713563,2.1792164,2.3073428,2.4153643,1.7557154,1.7984779,2.3899508,2.4978602,2.6417818,3.0901845,2.1008298,2.100159,2.5545237,2.2305245,2.4774394,2.265713,2.0441926,1.9875237,2.6172452,2.0907686,2.7970219,2.6969163,2.4808667,2.4205067,2.3612225,2.5096037,2.5074012,2.0990841,3.1428564,2.7311172,2.493993,2.2895272,2.9791965,3.5422459,2.4732637,2.6156237,2.4439332,2.4923036,2.640687,3.0572145,3.2479148,3.1779323,2.7821088,2.9079635,2.3575768,2.7220464,2.684652,2.6715205,3.0022283,3.0453188,2.6356416,2.6310022,2.2647994,2.0677533,2.9457772,2.8782434,3.2790928,3.3283236,2.9754636,3.0375187
4,1.6992958,1.6407632,1.9407207,1.5192932,0.0,1.5321586,1.2055601,1.256968,1.6433743,1.93709,1.718972,2.0811076,1.596378,1.222827,2.1138637,1.2904162,2.7235584,2.5216255,2.4243662,2.1280155,2.4888215,2.4907196,2.2207408,2.374805,3.1754973,3.491895,3.6771886,2.0326197,3.4559906,3.2928348,3.4476697,3.490582,2.0321565,2.4998562,1.5888239,1.9749175,2.417387,2.5717916,2.2380006,2.5167189,2.3703456,2.707062,2.4125562,2.8763964,3.06057,2.8132508,2.2335432,2.8378437,2.4248526,2.1609342,1.457591,1.4689627,2.2702086,2.0932884,1.8439896,2.2467082,2.303384,2.6933308,2.1808121,2.1173313,2.7315903,2.7347586,2.6824565,2.3280501,2.2469835,2.3066664,2.1081705,2.4542718,2.6954458,1.9368768,1.9654179,2.1361332,1.4765512,1.0934138,1.8243408,2.211146,1.9884526,2.7909744,2.4010112,1.9572719,2.7269099,2.4638844,1.9388453,2.2981894,2.1788325,2.025998,1.915024,2.0365705,2.6778867,2.3675904,2.1393132,1.8694905,2.0954366,2.2945924,2.6893034,2.4884446,2.8990564,2.5682228,2.4253082,2.094883,2.887699,3.4379363,2.5801103,2.4319146,2.520401,2.3356698,2.218894,2.7083554,3.0278678,2.9141364,2.5965583,2.3212452,1.9625598,2.015215,2.1904006,2.1725767,2.2839925,2.3965147,2.1026022,2.223474,2.6246424,2.5398197,2.8773165,2.7938154,3.332224,3.114694,2.699592,2.5338855
5,1.0229151,1.0444244,1.7885505,1.608135,1.5321586,0.0,1.543018,0.8677919,1.3121567,1.5192167,1.5208933,2.103843,2.6314352,2.1351874,2.284955,1.6681886,2.6938417,3.0693474,2.7445812,2.087175,2.5616035,2.571472,2.6043541,2.7126648,3.2347322,3.358308,3.711996,1.878165,3.6083763,3.3347998,3.4362285,3.4548483,2.7322178,2.7531064,2.415971,2.016262,2.4112651,2.554895,2.3498113,2.5121834,2.6729414,3.0794306,2.893835,3.075672,3.33541,3.4335747,2.8143654,3.31707,2.8125563,2.580834,1.8210632,1.816326,2.2701304,2.0996277,1.6769388,2.2520502,2.073711,2.4554145,2.0070732,2.0495431,2.9610608,3.3196247,2.933037,2.627351,2.2257557,2.2698984,2.499228,2.387807,2.9074357,2.277251,2.4102795,2.5279124,1.6765944,2.1545727,2.748531,2.2248597,2.328684,2.8193214,2.2830422,1.6226228,2.9051535,2.860196,2.7240415,2.8390236,2.3563297,1.8743362,2.535378,2.6444402,3.1561384,2.8763173,2.5549521,1.999347,2.392321,2.7298317,3.0383577,2.8395243,3.3334808,2.9660778,2.69423,2.4778492,3.2849054,3.7823255,3.0663376,2.9432292,2.8915772,2.8741264,3.0434902,3.6756248,3.6129882,3.6334603,2.9823751,3.2199137,2.6253772,2.8897629,2.7908714,2.7836132,2.928364,3.079972,2.7006233,2.4764535,2.9290032,2.7363045,2.8422072,2.7736742,3.5334613,3.2067084,3.0505736,2.9369798
6,1.7154365,1.6496314,2.213024,1.8215743,1.2055601,1.543018,0.0,1.3268982,1.6063707,1.839232,1.86663,2.1260467,1.7753135,1.3036648,1.7593044,1.7894973,2.2248359,2.2711408,2.0764227,1.7385677,2.0767057,2.1040213,1.9036998,2.0169425,3.1418495,3.2908127,3.4764752,1.8511261,3.245115,2.983662,3.265561,3.3678644,2.2449055,2.5793548,1.7435582,1.8036759,2.16941,2.2869222,2.0636048,2.2595468,2.3950515,2.659602,2.6173847,2.820676,2.7228231,2.659635,2.5161831,2.7978446,2.144878,1.8433107,1.5846277,1.5878034,1.878498,1.749149,1.800384,1.9602613,2.1011622,2.6052167,1.8443456,1.9073304,2.4194233,2.5123963,2.1868694,1.686933,1.8497,1.8761841,1.906575,2.0412908,2.376011,1.7144785,2.2724297,1.9733257,1.1893146,1.283836,2.1980011,2.0558608,1.8526471,2.4160058,2.0347474,1.839231,2.5405285,2.2851954,2.4381971,2.3675537,2.2581081,2.1186733,1.9059844,2.3373878,2.6145794,2.373736,2.125852,1.7215623,1.8763112,2.142274,2.5272448,2.2745745,2.7170868,2.5166695,2.504515,2.2516327,2.73137,3.3393834,2.5381646,2.4191396,2.6997635,2.6621144,2.4773676,3.197081,3.2315881,3.258633,2.800463,2.7715526,2.200182,2.292687,2.3152466,2.3156066,2.2500334,2.4821734,2.2522268,2.2496994,2.4987817,2.5413451,2.5004497,2.4906836,3.2200665,2.893795,2.3473206,2.2459958
7,1.2496434,1.2393206,1.7744616,1.493409,1.256968,0.8677919,1.3268982,0.0,1.0576198,1.1971511,1.3335398,1.6605039,2.3089886,1.9357532,2.4869585,1.439134,2.8443384,2.9225986,2.7099235,2.3951144,2.7092564,2.7266698,2.5774155,2.6659775,3.4724877,3.598783,3.8066351,2.2208867,3.689391,3.3840873,3.6205726,3.6348987,2.7191,3.0436444,2.315736,2.292642,2.6282792,2.7329614,2.5013716,2.670948,2.6510246,3.0584943,2.7424188,3.1824403,3.2938688,3.3204072,2.6355047,3.161356,2.84953,2.6037667,1.8829374,1.8821294,2.3653922,2.2493052,1.9613321,2.3383203,2.3469038,2.7483008,1.9641327,2.0040317,3.0401838,3.2042916,2.8888521,2.5517004,2.3659217,2.3956287,2.447108,2.5313299,2.8986971,2.2686188,2.3722055,2.5327866,1.8830421,1.9745866,2.4387383,2.2387438,2.3739212,2.948853,2.5245268,1.9768935,2.948607,2.7379951,2.6393917,2.7790983,2.3511672,2.1761534,2.5069475,2.482812,3.0026414,2.7805674,2.5865605,2.2768679,2.3860562,2.5917437,2.9233975,2.7119198,3.2486236,2.837255,2.6450024,2.3711073,3.1865852,3.774783,2.9551363,2.843229,2.8374436,2.831809,2.8567512,3.5031428,3.5036268,3.4455223,3.0861251,3.0899613,2.6348493,2.7509491,2.7383904,2.737031,2.9315457,3.0786018,2.6740477,2.664986,2.9282181,2.744489,3.0281699,3.0198977,3.6475134,3.3936925,2.9546297,2.8776913
8,1.6284353,1.5998703,1.8521775,1.7555532,1.6433743,1.3121567,1.6063707,1.0576198,0.0,0.5852404,0.6817078,1.2265184,2.5701802,2.15397,2.640235,1.8735604,2.4879072,2.5709083,2.2827537,2.5477223,2.291306,2.3160932,2.174729,2.2720919,3.178901,3.3362086,3.7863805,2.282784,3.3481653,3.0476968,3.6320946,3.6680422,2.850502,3.0964377,2.4607835,2.42901,2.2140937,2.3745382,2.5873253,2.310376,2.8364491,2.8532846,2.8314857,3.2497275,3.0015094,3.3883893,2.8312936,2.864448,2.5744162,2.3331437,2.064962,2.0524464,2.4245782,2.3750799,2.2302446,2.4944775,1.941552,2.4271512,1.5743499,1.6166195,2.7987592,2.9876769,2.560478,2.2794702,2.632266,2.6343637,2.6975622,2.8170924,3.051416,2.5695572,2.6404307,2.7271528,2.109233,2.207245,2.688927,2.522648,2.610193,2.580844,2.7000723,2.2339137,3.0459783,2.890405,3.1766827,2.9027832,2.4744883,2.343444,2.5969355,2.5680597,3.0475585,2.8629227,2.691248,2.452762,2.5517848,2.665442,3.078935,2.865942,3.2895505,2.9300609,2.7669735,2.556832,3.3420892,3.859842,3.0783846,2.9577706,3.3706577,3.2949972,3.3177493,3.8163576,3.9147239,3.8635402,3.5293007,3.5578012,2.7942078,2.9145582,2.8682604,2.863555,3.076562,3.516908,2.8499475,2.8257217,2.9886646,2.8402414,3.12311,3.0738842,3.7374237,3.1976106,3.1032155,3.086862
9,1.7810436,1.77119,1.8027376,1.8802081,1.93709,1.5192167,1.839232,1.1971511,0.5852404,0.0,0.698141,1.0713913,2.7451992,2.3825839,2.922611,2.0424342,2.6180286,2.6628401,2.4399188,2.8065445,2.537634,2.5645564,2.4148629,2.4669611,3.261071,3.398178,3.9377568,2.408836,3.3821287,3.0166426,3.6651754,3.8423471,3.037553,3.3174517,2.7195678,2.7047095,2.4984236,2.555287,2.8023057,2.577964,2.986896,3.037685,2.958268,3.4345777,3.13245,3.5735548,3.057354,3.0707853,2.8205612,2.6048188,2.3486235,2.329657,2.5747309,2.603401,2.4659357,2.5628111,2.2154543,2.5448194,1.6604049,1.7062509,2.9996383,3.0979595,2.6680765,2.4107974,2.8064976,2.7927573,2.8444848,2.9553926,3.1449316,2.721179,2.7811756,2.838376,2.4015105,2.4845102,2.830975,2.6553032,2.8795726,2.8679795,2.8675575,2.4686356,3.1176074,2.914968,3.3516264,3.0221171,2.6036499,2.5178194,2.7867577,2.6288822,3.2238019,3.0997522,2.939307,2.7299895,2.7428384,2.8551679,3.2201173,2.9940834,3.489713,3.1429617,2.8385394,2.683692,3.4880898,3.9750402,3.1796536,3.0900595,3.5333915,3.4299934,3.5099602,3.9868543,4.0567064,3.9952161,3.7151513,3.743516,3.0387225,3.1492426,3.1075594,3.1098695,3.3315847,3.7456517,3.0866046,3.1040955,3.0810893,2.9020348,3.253962,3.2062628,3.9528337,3.4630027,3.2605078,3.3025007
10,1.7160565,1.6919235,1.804588,1.7558786,1.718972,1.5208933,1.86663,1.3335398,0.6817078,0.698141,0.0,1.2978926,2.6029298,2.2103553,2.7464023,1.9127166,2.5224798,2.5757127,2.344579,2.6680448,2.3958077,2.4028258,2.2606823,2.3404646,2.9657521,3.3197677,3.835939,2.185859,3.3005524,3.0298526,3.6830378,3.8254294,2.7112494,2.994489,2.5279765,2.5013154,2.275073,2.3940206,2.653406,2.3221772,2.8449762,2.779378,2.8574502,3.2238286,3.026938,3.4566627,2.882948,2.8785892,2.60619,2.3979242,2.1558099,2.1398385,2.4889681,2.4953203,2.316438,2.5738952,2.001021,2.3655994,1.7319692,1.627785,2.837334,3.027394,2.6437423,2.3142917,2.7604427,2.7527544,2.791034,2.916932,3.1303587,2.6432812,2.5043907,2.764202,2.2053423,2.296977,2.7078063,2.6070187,2.7534163,2.7168608,2.7712984,2.353575,2.9787595,2.7422822,3.0943518,2.8123507,2.560286,2.369775,2.7552116,2.565062,3.1310956,2.9384725,2.7907348,2.5491645,2.7125225,2.8257337,3.2204187,2.9766695,3.3633573,2.9915702,2.6249883,2.4747183,3.422344,3.930229,2.994646,2.8933926,3.2959511,3.2396605,3.3238578,3.7899966,3.8416953,3.7797081,3.4773476,3.4914267,2.7254775,2.8590086,2.8212643,2.815836,3.0405943,3.5125778,2.7817423,2.7920356,2.9898129,2.8225164,3.1940455,3.1101992,3.7638712,3.1738312,3.2531602,3.2329426
11,2.1925495,2.1030757,1.6276907,1.9116118,2.0811076,2.103843,2.1260467,1.6605039,1.2265184,1.0713913,1.2978926,0.0,2.7362463,2.47265,3.1734512,2.2627764,2.6910841,2.5265765,2.3879976,3.143002,2.6350057,2.666907,2.4933507,2.5066557,3.462879,3.668579,4.2406154,2.7532804,3.4465587,3.2564037,3.980816,4.124091,3.1879935,3.5570588,2.8169794,3.0142186,2.70064,2.5733948,2.747693,2.8835943,3.104966,3.1750257,2.6916735,3.3306746,3.1612966,3.581728,3.0372906,3.0428886,3.1115992,2.9509885,2.744911,2.7431269,2.9108124,2.9547386,2.952318,3.012637,2.646822,2.6304834,1.6029427,1.645117,3.3637455,3.3653843,2.5794837,2.8566077,2.9013948,2.8975291,2.8002348,3.1165674,2.887285,2.7870648,2.940164,2.8964474,2.7035158,2.575678,2.8085737,2.8530562,3.261233,3.3055437,3.117223,2.8399568,3.0537217,2.7097929,3.4295027,2.8500528,2.5637155,2.7976015,2.871778,2.3844798,3.0234098,3.1787548,3.2996144,3.1348267,2.7572522,2.765441,3.1735523,2.8091834,3.3717604,3.0099447,2.8140244,2.672358,3.3944921,3.9011679,2.998144,2.9182096,3.6734493,3.2623265,3.3868542,3.7637782,3.8687425,3.751299,3.665199,3.6966672,2.9885178,3.1778843,3.1870654,3.1864867,3.5370138,3.8256571,3.1606016,3.328611,2.8110826,2.6282246,3.1505868,3.1240203,3.7224867,3.6604211,3.065079,3.3366373
12,2.4816692,2.4412017,2.7659612,2.5112064,1.596378,2.6314352,1.7753135,2.3089886,2.5701802,2.7451992,2.6029298,2.7362463,0.0,1.0093945,2.1143734,1.4739286,2.6371741,2.0359426,2.5410926,2.5154412,2.7254019,2.748861,2.3355823,2.4526794,3.744807,3.9459891,4.1900744,2.5101397,3.714435,3.6430752,3.7774434,3.9304655,2.1734264,2.9475648,1.6596209,2.370074,2.759296,2.8344505,2.5865722,2.8217378,2.1495726,2.345774,2.2688792,2.812468,2.609046,2.5692937,2.1387825,2.5570035,2.494954,2.1645021,1.9634745,1.9539798,2.8156426,2.4770255,2.4054327,2.4544694,2.7891335,2.9395068,2.4852633,2.4414344,2.6487365,2.3197386,2.6138537,2.2258773,2.3444893,2.3716638,2.0510335,2.5343876,2.5724618,1.8132098,2.0560415,2.0159168,2.0386286,1.3892266,1.6150079,2.3162034,2.2276561,3.1914234,2.7012222,2.5570798,2.8554914,2.4144526,2.1366742,2.4551444,2.7557042,2.7057457,2.1084485,2.4011755,3.099103,2.8532047,2.6953022,2.23191,2.1552298,2.7433083,3.2072392,2.9159956,2.5683384,2.4965723,2.477423,2.1142359,2.6694446,3.2711852,2.389993,2.251445,2.5564818,2.4263363,2.2815297,2.8947845,2.8793356,2.7631156,2.691986,2.1217372,1.9585148,1.7070495,2.3220007,2.3125267,1.9236418,2.1730423,1.9463102,2.3197427,2.5639164,2.6228797,2.8422685,2.823626,3.4506886,3.1716466,2.538445,2.316805
13,1.925355,1.8711473,2.360515,2.0860317,1.222827,2.1351874,1.3036648,1.9357532,2.15397,2.3825839,2.2103553,2.47265,1.0093945,0.0,1.4943651,1.4244702,2.153005,1.8000525,2.1448858,1.9056567,2.224144,2.2495787,1.923987,2.0932522,3.3946033,3.64683,3.9699893,1.9416107,3.4756691,3.396857,3.4757326,3.651466,1.781064,2.368149,1.2676911,1.7922977,2.2167187,2.3735871,2.1271827,2.3640008,1.7224994,1.9719145,1.9756131,2.3831055,2.2902327,1.9854975,1.8255998,2.2900007,2.07364,1.7532881,1.3706707,1.381403,2.0578141,1.902648,1.8174996,1.8614758,2.2225988,2.6819398,2.349254,2.2945635,2.278156,2.183183,2.2819955,1.8987836,1.8211129,1.8566186,1.6553421,2.0768552,2.2395627,1.3577332,1.6116352,1.5698873,1.4384696,0.96474934,1.4480548,1.905201,1.73742,2.4921796,2.2218869,1.9798005,2.5045445,2.1160853,1.8940105,2.1491945,2.240646,2.0915377,1.690189,2.0662634,2.5696166,2.2527966,2.2788687,1.6965657,1.8486222,2.0204601,2.8993948,2.3160586,2.326458,2.2302983,2.0505056,1.6708795,2.40984,2.9801269,2.0749376,1.9050143,2.286864,2.0891182,2.007316,2.6474173,2.6349378,2.5628664,2.2521884,1.8640522,1.48756,1.3752266,1.6378002,1.629502,1.5113894,1.8327949,1.5085378,1.7592292,2.2707114,2.3158324,2.454036,2.3803535,3.1389549,2.7845461,2.2986531,2.0967329
14,2.0332854,1.9580168,2.9041755,2.5803483,2.1138637,2.284955,1.7593044,2.4869585,2.640235,2.922611,2.7464023,3.1734512,2.1143734,1.4943651,0.0,2.1840327,1.6432303,2.112695,2.0020332,0.929392,1.7066836,1.7325811,1.7285225,1.892623,3.1779554,3.27411,3.5873039,1.6822253,3.3085258,3.4398248,3.3305292,3.36303,1.8016043,1.8570852,1.5465049,1.0507599,1.7004578,1.9254752,1.556156,1.7975131,1.5260175,1.7142419,2.1426604,1.7414933,1.9959118,1.8912796,1.9511067,2.2598248,1.8408991,1.5116335,1.3203654,1.331921,1.5039443,1.1881033,1.3411189,1.7816671,1.7386816,2.2926016,2.51714,2.4604769,1.715631,2.551079,2.021317,1.9291363,1.0945069,1.1296659,1.599594,1.4376582,1.8922918,1.0750961,1.6932188,1.4610691,1.1246865,1.6665099,2.2396185,1.7611893,1.4466047,2.0090928,1.4649932,1.3026254,2.060367,2.314947,2.1073065,2.0341837,2.1816063,1.7601594,1.953273,2.4849417,2.6821253,2.3612602,2.1281762,1.0133477,1.6558536,2.012118,2.7507384,2.2282226,2.1907964,2.353338,2.0264082,1.7998042,2.3818374,2.8530903,1.9671752,1.8012753,2.3554099,2.1957026,2.5380938,3.3261554,2.6851,2.838268,1.9402173,2.2200565,1.473608,1.7211579,1.6134635,1.6042955,1.2759258,1.6513087,1.455671,1.1441547,2.2262428,2.3600836,1.8794149,1.8402892,2.6860173,2.224558,2.1747801,1.951004
15,1.4693309,1.4786359,2.2124214,1.9303995,1.2904162,1.6681886,1.7894973,1.439134,1.8735604,2.0424342,1.9127166,2.2627764,1.4739286,1.4244702,2.1840327,0.0,2.7201397,2.552538,2.7614677,2.4154654,2.7850525,2.809518,2.5692365,2.68165,3.7055664,3.8835711,4.1010447,2.2935266,3.9115493,3.7801683,3.7824166,3.8584785,2.3494809,2.7918427,1.954973,2.2003162,2.6420581,2.7782109,2.4969187,2.7131546,2.01774,2.417899,2.197286,2.7483075,2.90237,2.9958527,2.028879,2.7462654,2.7638001,2.4606812,1.6752663,1.6675435,2.6559193,2.2791026,1.9327753,2.2801716,2.4337223,2.6532078,2.2318885,2.1624496,2.8488202,2.9006622,2.9179258,2.5592432,2.2064438,2.2397015,2.215544,2.429669,2.7108097,1.8860956,1.687323,2.0803843,1.9436641,1.7542818,1.8388457,2.009009,2.1696775,3.1140723,2.5651133,2.0129297,2.7830994,2.5305457,2.0734675,2.534616,2.3244224,2.0965936,2.2746725,2.2590487,3.1439664,2.8490596,2.685818,2.1114495,2.1828597,2.756729,3.2586844,2.961169,2.7985945,2.493141,2.2302399,1.8126551,2.7484586,3.2604556,2.5079348,2.3564148,2.4817522,2.2968056,2.4402092,2.9907355,2.9639063,2.8501387,2.603668,2.3583164,2.0315404,1.9826552,2.3337588,2.3228624,2.2783024,2.4513817,1.9927497,2.140718,2.7430315,2.5794315,2.9090059,2.8955355,3.47818,3.170232,2.8084393,2.584698
16,2.4357424,2.3457484,2.7732186,2.8232746,2.7235584,2.6938417,2.2248359,2.8443384,2.4879072,2.6180286,2.5224798,2.6910841,2.6371741,2.153005,1.6432303,2.7201397,0.0,1.3131497,1.1505718,1.7911534,0.9706426,1.0886366,1.2571813,1.3307362,2.7851121,2.8751519,3.6887364,1.9666715,2.6761668,2.9166613,3.2676063,3.584901,2.4433053,2.4312565,2.2368023,1.9093908,1.3188142,1.2281885,1.7842467,1.7408743,2.1422858,1.6722126,2.2594016,1.9445636,1.4930692,2.4283223,2.6611018,2.177566,1.9466052,1.6703231,2.1828673,2.170738,1.9408681,1.8695582,2.2343447,2.1439445,1.5794669,1.6337603,1.9076495,1.8512409,1.7701688,2.4133532,1.0669204,1.8067245,1.7130022,1.6535966,2.0593069,2.0324044,1.7975043,1.7984787,2.3347409,1.8841779,1.9690919,2.3683808,2.79162,2.3304741,2.40799,2.0413573,1.9653468,2.0348978,1.9841686,2.2754653,3.1140096,2.134633,2.3461452,2.262776,2.3312588,2.5078464,2.7592874,2.7827787,2.7520971,2.022147,1.9204898,2.2558715,2.9501092,2.4211714,2.262226,2.5057151,2.1562562,2.1106434,2.500648,2.8308818,2.063287,1.9292073,3.321931,2.852437,3.2758853,3.8643405,3.338102,3.463732,2.8234363,3.2000349,2.074152,2.39419,2.2954595,2.2956855,2.2085848,2.816472,2.1792703,2.0573545,2.119595,2.2755237,1.8154335,1.7437015,2.7679923,2.272662,2.2957575,2.4783497
17,2.8270838,2.7498243,2.8143756,2.9050913,2.5216255,3.0693474,2.2711408,2.9225986,2.5709083,2.6628401,2.5757127,2.5265765,2.0359426,1.8000525,2.112695,2.552538,1.3131497,0.0,1.1855745,2.3723526,1.5971714,1.6789242,1.2898767,1.3907585,3.1284456,3.202698,3.9760244,2.4320226,2.7419922,2.9114134,3.3758535,3.7734668,2.347706,2.7936993,1.9493829,2.3687334,1.9006914,1.8582965,2.290305,2.2261355,2.1493065,1.6412432,2.0185006,2.3898716,1.4531478,2.165252,2.4273458,1.8848717,1.9577544,1.6495491,2.2162855,2.2019656,2.3708954,2.3290236,2.5791624,2.2299643,2.139738,2.2276018,2.1589813,2.1178174,1.8759009,1.7907457,1.258839,1.7628,2.2459354,2.2087154,2.1063378,2.5341706,2.0990942,1.9239523,2.340467,1.8764868,2.3236144,2.0650227,2.2011938,2.4788897,2.5064204,2.4109619,2.5414963,2.5860078,2.411372,2.405718,2.984671,2.198314,2.4895904,2.624301,2.0069926,2.162147,2.770442,2.7826538,2.7756798,2.3537314,2.06594,2.269359,3.026669,2.5171373,2.3217123,2.5887141,2.3099911,2.1602888,2.5273168,2.8396964,2.1129897,1.975152,3.4226303,2.8805225,3.1415348,3.5084968,3.271645,3.2399738,3.058381,2.92006,2.1040542,2.087239,2.3009412,2.3014102,2.1914134,2.8360088,2.1843648,2.4564831,2.1903095,2.3515415,2.3842525,2.308441,3.2146168,2.7599218,2.3625715,2.5087948
18,2.6562514,2.5513663,2.6782942,2.6603382,2.4243662,2.7445812,2.0764227,2.7099235,2.2827537,2.4399188,2.344579,2.3879976,2.5410926,2.1448858,2.0020332,2.7614677,1.1505718,1.1855745,0.0,1.8844048,0.74802065,0.86601466,0.6000336,0.74183005,2.4339628,2.4811642,3.2023058,2.1979263,2.1022086,2.436818,2.9834907,3.3197873,2.2264566,2.476213,1.9264892,2.0016365,1.3251305,1.2562191,1.7751136,1.7278086,2.387473,1.9509926,2.233456,2.2896104,1.796443,2.432382,2.614936,2.1178172,1.7201239,1.4097524,2.0230415,2.0121734,1.874429,1.8830434,2.2709591,2.1882322,1.6100048,1.7412386,1.8142792,1.7487218,1.5972899,2.094221,0.61243063,1.6834995,2.0490272,2.0157664,2.1064057,2.34583,1.9838814,1.9599947,2.431619,2.0284839,1.9749569,2.0398157,2.514588,2.4699168,2.318432,1.9729909,2.0957384,2.1355855,2.0397778,2.4831607,2.9575136,1.8675556,2.1756222,2.338388,2.0164042,2.1174707,2.5173943,2.587991,2.3031151,2.0202956,1.8251815,1.9827219,2.3459284,2.1453044,2.4680152,2.666257,2.3192363,2.265914,2.5835536,2.9267871,2.156928,2.0208514,3.4523544,2.9268177,3.271833,3.7305543,3.4244382,3.4544952,3.0277221,3.1645563,2.1489878,2.3503845,2.3436167,2.3391533,2.3761866,2.9361937,2.3295755,2.3830414,2.1696825,2.3258822,2.1990376,2.1302078,2.8749738,2.496016,2.2789109,2.494858
19,1.9714776,1.9196577,2.826987,2.469825,2.1280155,2.087175,1.7385677,2.3951144,2.5477223,2.8065445,2.6680448,3.143002,2.5154412,1.9056567,0.929392,2.4154654,1.7911534,2.3723526,1.8844048,0.0,1.5389998,1.5619239,1.7361197,1.8644197,2.7165954,2.7607367,2.891924,1.6240603,2.9123266,3.057019,2.8347676,3.0740962,1.823651,1.717924,1.6528231,0.9193766,1.6264875,1.8465536,1.4840366,1.8801309,1.9875935,2.1913044,2.4741457,2.0694008,2.4344018,2.3415117,2.4182703,2.7413204,1.8906418,1.5805079,1.2339139,1.2517061,1.3025246,1.1087295,1.0460714,1.5159551,1.5827737,2.1670308,2.485377,2.4296536,1.6930288,2.5093355,1.9888111,1.9320835,1.2707769,1.3100594,1.8298066,1.589395,2.057398,1.4232404,1.9057527,1.7278779,0.9553798,1.7444797,2.455229,1.8250116,1.4836286,1.9556047,1.2625427,0.9538207,2.0252216,2.542907,2.1311266,1.9398468,2.1277869,1.5998186,1.9051594,2.4359624,2.6637604,2.3741493,1.8413391,0.7295878,1.6689394,2.0528517,2.3926675,2.108812,2.550034,2.6577494,2.1967952,2.0663927,2.4096284,2.8234377,2.2181516,2.0582016,2.5533686,2.3909547,2.839743,3.5663173,2.895041,3.0638673,2.1371098,2.5237744,1.7779408,2.0698488,1.8769177,1.8724176,1.7485281,1.9827269,1.8194541,1.451513,2.2948847,2.3918998,1.8576143,1.8109751,2.591324,2.1831622,2.1752222,1.9848983
20,2.4400122,2.3410902,2.7853644,2.6023006,2.4888215,2.5616035,2.0767057,2.7092564,2.291306,2.537634,2.3958077,2.6350057,2.7254019,2.224144,1.7066836,2.7850525,0.9706426,1.5971714,0.74802065,1.5389998,0.0,0.2788182,0.78614277,0.8622682,2.4968774,2.5895743,3.1806517,1.9972068,2.4117339,2.7483346,3.0949955,3.3826575,2.180873,2.2035758,1.9545909,1.6470433,0.80123276,0.9336425,1.556776,1.4228882,2.3227224,1.9350514,2.3472989,2.0936964,1.7941052,2.4926305,2.6434712,2.1972017,1.5713146,1.3626282,1.9272394,1.9230663,1.7551643,1.6545728,2.0576766,2.170145,1.1686887,1.5756315,1.8482541,1.7855456,1.5348248,2.2926567,0.9942092,1.7456087,1.8253239,1.7968539,2.070793,2.102769,2.0259638,1.9464127,2.431687,2.105076,1.7139895,2.0994625,2.6915648,2.3637137,2.1984038,1.6896231,1.7887602,1.8328681,2.062217,2.5635448,3.0056942,1.9928477,2.2189994,2.1714687,2.1971495,2.4083571,2.6770082,2.6529813,2.2525408,1.7761304,1.8225788,2.1000574,2.4458904,2.1946812,2.5163956,2.6794283,2.3060908,2.2839677,2.5552306,2.9397285,2.221462,2.1067617,3.30366,2.9605556,3.308113,3.8655715,3.4713569,3.5697272,2.9282978,3.248134,2.0938022,2.4125946,2.3000932,2.290081,2.2972481,2.885113,2.2730796,2.1073961,2.176112,2.3345053,2.0504804,1.9736024,2.675105,2.1458814,2.3131304,2.4384446
21,2.4320102,2.3317413,2.7927215,2.5015895,2.4907196,2.571472,2.1040213,2.7266698,2.3160932,2.5645564,2.4028258,2.666907,2.748861,2.2495787,1.7325811,2.809518,1.0886366,1.6789242,0.86601466,1.5619239,0.2788182,0.0,0.8546772,0.7815807,2.5738502,2.6983879,3.2530358,1.9091867,2.5283475,2.8641903,3.2022328,3.4681368,2.0884614,2.1168847,1.8699443,1.5377465,0.61550653,0.76039475,1.4606813,1.2827907,2.268039,1.9760287,2.3070586,2.0435226,1.7383803,2.4443955,2.5912292,2.1341689,1.4037577,1.3678505,1.9299324,1.9249828,1.7270458,1.6343977,2.0628645,2.2117944,1.0764716,1.5936308,1.8959188,1.8275712,1.5429076,2.3146067,1.1062526,1.7932714,1.8142481,1.787893,1.9756336,2.0113244,2.0482972,1.9442823,2.449837,2.1096072,1.6691087,2.061751,2.678217,2.389143,2.232472,1.7245466,1.6637285,1.8418968,2.0633543,2.5430512,2.999138,1.9735814,2.2108734,2.1219797,2.2333755,2.3872788,2.7185702,2.6705174,2.19114,1.7722222,1.8833497,2.157516,2.386496,2.117367,2.580039,2.730344,2.350128,2.3355107,2.6199315,3.0104659,2.2011275,2.1597672,3.2334404,2.9819765,3.3382525,3.866298,3.4915411,3.5895064,2.940916,3.257124,2.1192682,2.459554,2.3493304,2.337556,2.3454504,2.9260366,2.3199482,2.1456263,2.0762577,2.2388241,2.1066272,2.019454,2.6998076,2.1558194,2.3769233,2.4883235
22,2.5637643,2.4636414,2.7469556,2.6063373,2.2207408,2.6043541,1.9036998,2.5774155,2.174729,2.4148629,2.2606823,2.4933507,2.3355823,1.923987,1.7285225,2.5692365,1.2571813,1.2898767,0.6000336,1.7361197,0.78614277,0.8546772,0.0,0.5972059,2.5588453,2.5941594,3.2848246,2.0663946,2.319837,2.5741246,3.0863755,3.229058,2.0302546,2.3369024,1.6777616,1.7564068,1.1440437,1.2889241,1.7421696,1.348162,2.1866276,1.7252572,2.1894362,2.248118,1.6446457,2.2329228,2.3418672,1.8080432,1.3695623,0.95289385,1.7374151,1.7136991,1.709379,1.612046,2.0515034,2.1512249,1.3607455,1.7852592,1.8484081,1.7879559,1.2759986,2.0159354,0.91469634,1.4728096,1.9782987,1.9521682,2.0076892,2.2165031,2.1305528,1.8301125,2.3039603,1.9594558,1.7666161,1.8204089,2.363993,2.4015949,2.0085168,1.6848038,1.968195,1.9770626,2.1349473,2.5627048,2.8286147,1.9773984,2.1711526,2.2360575,1.941231,2.2152054,2.592201,2.4818385,2.0238566,1.7365643,1.7769281,1.9587897,2.3646488,2.2358997,2.4406078,2.6245842,2.3315792,2.2212818,2.7097015,3.099771,2.2026672,2.0731885,3.2771032,2.9182968,3.1600335,3.6681473,3.4683738,3.4908218,2.9809916,3.0364158,2.0533438,2.1887746,2.2171636,2.2063577,2.1211586,2.7776692,2.1964536,2.1898594,2.3000386,2.453271,2.3631382,2.278102,3.0312915,2.4324417,2.4175155,2.4670403
23,2.566215,2.4629414,2.851977,2.4741473,2.374805,2.7126648,2.0169425,2.6659775,2.2720919,2.4669611,2.3404646,2.5066557,2.4526794,2.0932522,1.892623,2.68165,1.3307362,1.3907585,0.74183005,1.8644197,0.8622682,0.7815807,0.5972059,0.0,2.8032255,2.8805437,3.345077,2.067793,2.5999658,2.8670132,3.3815963,3.5490942,1.9900222,2.2910597,1.6425653,1.708935,1.0230205,1.0165845,1.5963914,1.2331438,2.1102862,1.8229148,2.0934856,2.1321216,1.453153,2.206393,2.3342857,1.7275317,1.1764534,1.1750022,1.921616,1.8978362,1.7370342,1.7014743,2.2083833,2.2572334,1.3616171,1.8686844,1.8769387,1.8039043,1.4321084,2.0987196,0.94924045,1.5898389,1.9456552,1.9049064,1.8264498,2.0395124,2.0748763,1.8596529,2.3966143,1.9501073,1.831478,1.9034449,2.4269283,2.498996,2.2662475,1.9370829,1.8039227,2.1047816,2.0332007,2.4211488,2.9145792,1.8836832,2.1791027,2.2110338,2.080944,2.144524,2.6275036,2.5665498,2.1306937,1.8850735,1.9333092,2.1425266,2.2864683,2.0417302,2.4900048,2.6758769,2.3982413,2.3118184,2.6666813,3.0405595,2.0623443,2.094833,3.241013,2.9884894,3.3023906,3.7319396,3.523484,3.554246,3.0636938,3.151613,2.1815772,2.3464625,2.3831892,2.3764172,2.312777,2.931439,2.3524823,2.3469918,2.008461,2.1898196,2.3386238,2.2861533,2.9465778,2.377387,2.3521528,2.4476714
24,3.4816322,3.4292119,3.104311,3.4894588,3.1754973,3.2347322,3.1418495,3.4724877,3.178901,3.261071,2.9657521,3.462879,3.744807,3.3946033,3.1779554,3.7055664,2.7851121,3.1284456,2.4339628,2.7165954,2.4968774,2.5738502,2.5588453,2.8032255,0.0,1.4825556,2.8582776,2.6715221,1.5483003,1.9358859,2.3666372,2.8256807,3.247205,3.2414327,3.3068497,3.0308495,2.8066328,2.7716765,2.9838574,3.0238492,3.9044917,3.4442265,3.9319031,3.6203625,3.8200428,4.1343093,4.179066,4.0341105,3.2218919,2.7832434,2.9947367,2.9773545,2.9285202,2.939174,2.9185572,3.0712254,2.7960353,2.3499491,2.9597883,2.738154,2.9139318,3.301746,2.6129508,2.9000182,3.3761115,3.3743062,3.6375847,3.6661234,3.396334,3.3229194,3.2596707,3.4360814,2.804473,3.1558337,3.9681098,3.68973,3.195987,3.039859,3.1390212,2.8679647,2.9175322,3.4620624,3.4722772,2.8330944,3.331412,3.2433138,3.308401,3.4227347,3.2639086,3.2185276,2.9374042,2.8499997,2.9770362,3.239073,3.1390996,3.5600834,3.5357602,3.527046,3.3823817,3.3234985,3.853758,4.1672707,3.5120869,3.269657,4.119303,3.6407878,3.9836838,4.543267,4.1147814,4.198484,3.595553,3.9156516,3.0904865,3.4238048,3.316863,3.303332,3.3122368,3.6618528,3.243581,3.1308277,3.6816657,3.7223234,3.3221693,3.1519818,3.7319224,3.4367158,3.7813938,3.854737
25,3.756239,3.718009,3.299423,3.89534,3.491895,3.358308,3.2908127,3.598783,3.3362086,3.398178,3.3197677,3.668579,3.9459891,3.64683,3.27411,3.8835711,2.8751519,3.202698,2.4811642,2.7607367,2.5895743,2.6983879,2.5941594,2.8805437,1.4825556,0.0,2.9479454,2.928156,0.9947812,1.3112359,1.7799652,2.029006,3.6631985,3.6764297,3.4387105,3.159858,2.9823222,2.97834,3.1865625,3.1101713,3.9771304,3.6421974,4.028906,3.9203541,3.8209796,4.1867337,4.2116823,4.047408,3.3179624,2.7934344,3.017016,2.9859793,2.9980605,2.9367564,2.855026,2.965243,2.8703072,2.3895247,3.0517862,3.033158,2.6793013,3.267629,2.599395,2.9901314,3.4448516,3.450598,3.7625177,3.755751,3.48878,3.3694584,3.6278062,3.481192,3.0661314,3.3995109,4.082647,3.6363478,3.148435,3.0519788,3.200303,2.8564272,3.275283,4.079779,3.8340545,3.2843368,3.4000864,3.3100216,3.1523874,3.52574,3.645389,3.5616038,2.8919573,2.8486025,2.9665024,3.34337,3.1228578,3.7520294,3.8061464,3.9558187,3.8274903,3.7339044,4.2196026,4.427339,3.9374657,3.6885977,4.577696,4.065147,4.5280657,5.065038,4.496118,4.58715,4.01457,4.282505,3.5880783,3.8407133,3.7796135,3.771535,3.6768062,4.0291276,3.6678934,3.5642397,3.9131768,3.9330332,3.4477212,3.3085644,4.2552805,3.9007325,3.9315012,4.0058975
26,3.7891521,3.7821443,4.4500194,4.090144,3.6771886,3.711996,3.4764752,3.8066351,3.7863805,3.9377568,3.835939,4.2406154,4.1900744,3.9699893,3.5873039,4.1010447,3.6887364,3.9760244,3.2023058,2.891924,3.1806517,3.2530358,3.2848246,3.345077,2.8582776,2.9479454,0.0,3.8625307,3.1821327,3.3497043,3.5342476,3.7571588,3.6628428,3.6283648,3.6226773,3.3923512,3.519583,3.6232357,3.5302851,3.647796,4.2611346,3.9572344,4.457934,4.1466584,4.4105034,4.510097,4.4732,4.56625,3.6981964,3.246979,3.2626166,3.2600474,3.350961,3.450062,3.1676297,3.3313866,3.4572825,3.7213619,3.8376415,3.6831968,3.2952483,3.7018313,3.397857,3.3019564,3.7708175,3.7692297,4.1147304,4.017012,4.067718,3.8286858,3.7160485,3.8860629,3.293242,3.63305,4.2859836,3.9665902,3.649725,3.7397978,3.5864732,3.276852,3.5324426,4.140876,3.6334972,3.2944405,3.9963737,3.6050568,3.6002421,3.9041653,3.5929792,3.5012214,3.4785483,3.0351973,3.6874418,3.9250433,3.553185,3.7912922,3.994679,4.020595,3.9946833,3.860255,3.6464078,3.8640232,3.9269412,3.695099,4.4195304,4.18654,4.6675544,5.1661134,4.4305043,4.546536,4.0426345,4.231509,3.7186217,3.6951506,3.6356704,3.6452394,3.6187854,3.8417704,3.6604514,3.5237644,4.011861,4.091694,3.4721317,3.5657384,3.4266577,3.0125628,3.283723,3.1083794
27,1.8753693,1.8196833,2.0521533,1.8749547,2.0326197,1.878165,1.8511261,2.2208867,2.282784,2.408836,2.185859,2.7532804,2.5101397,1.9416107,1.6822253,2.2935266,1.9666715,2.4320226,2.1979263,1.6240603,1.9972068,1.9091867,2.0663946,2.067793,2.6715221,2.928156,3.8625307,0.0,3.0382173,3.0060804,3.0319343,3.140945,2.072359,2.0520685,1.8332288,1.2582678,1.7333087,1.740271,1.635041,1.8120496,2.074975,2.5020907,2.4884145,2.3035967,2.4682646,2.6030726,2.5303624,2.7399535,1.9005823,1.9759908,1.7211978,1.704227,1.6568601,1.5227829,1.5749922,1.9118605,1.6610241,1.9158568,2.254062,2.1817305,2.2284176,2.753316,2.2733743,2.1746228,1.6746687,1.7027663,1.74456,1.6632842,2.2233,1.6306936,2.0958827,1.8521276,1.196265,1.8076575,2.6660573,2.24746,2.0392914,2.3668337,1.3411169,1.5429549,2.1584618,2.2407207,2.460681,2.2028103,2.1027377,1.5935444,2.2485123,2.3579392,2.8319595,2.514241,2.0021532,1.6051805,2.0062447,2.393425,2.565843,2.3132317,2.74604,2.6858861,2.4931936,2.3027294,3.1443315,3.5509908,2.4088826,2.4728365,2.550739,2.5627062,2.9086967,3.4627442,3.1433725,3.2557642,2.4859347,2.8075209,2.1144445,2.5736232,2.4524527,2.438748,2.3596723,2.628807,2.269697,2.0731962,2.2716827,2.2483764,2.4575238,2.2764952,3.3532882,2.9756577,3.0257037,2.9823594
28,3.899088,3.8382947,3.2317758,3.8656757,3.4559906,3.6083763,3.245115,3.689391,3.3481653,3.3821287,3.3005524,3.4465587,3.714435,3.4756691,3.3085258,3.9115493,2.6761668,2.7419922,2.1022086,2.9123266,2.4117339,2.5283475,2.319837,2.5999658,1.5483003,0.9947812,3.1821327,3.0382173,0.0,1.1797076,1.9956299,2.5214396,3.5091248,3.7478273,3.3021176,3.2649462,2.9182718,2.8215802,3.12882,3.1274185,3.9116566,3.4718292,3.7918572,3.7943978,3.5455608,3.9413269,4.1129303,3.8034182,3.1929455,2.691454,3.1137083,3.0875378,3.0421014,3.0496716,3.1101193,3.0361822,2.9477196,2.3913865,2.920092,2.886052,2.6308942,2.9474776,2.1933012,2.8564289,3.4488583,3.4429708,3.6056283,3.7652948,3.2644398,3.2973745,3.6065829,3.425555,3.1333923,3.2535486,3.8452892,3.6460989,3.2430077,3.060318,3.282064,3.0861824,3.181703,3.8544524,3.8273191,3.068232,3.4111958,3.5256824,3.1066887,3.3674192,3.4743104,3.52819,2.986018,3.024466,2.8704002,3.136952,3.006412,3.53755,3.6406786,3.8299205,3.6418498,3.597797,4.014016,4.2987733,3.6901195,3.446136,4.518669,3.957156,4.3560953,4.912006,4.3644857,4.408326,3.986009,4.1490216,3.4358597,3.6546693,3.6481392,3.6415184,3.5849981,3.977334,3.5713406,3.6032994,3.6556206,3.7282841,3.3365498,3.1909344,4.1022644,3.8607714,3.708125,3.8906076
29,3.8031945,3.7718284,3.1011314,3.8238347,3.2928348,3.3347998,2.983662,3.3840873,3.0476968,3.0166426,3.0298526,3.2564037,3.6430752,3.396857,3.4398248,3.7801683,2.9166613,2.9114134,2.436818,3.057019,2.7483346,2.8641903,2.5741246,2.8670132,1.9358859,1.3112359,3.3497043,3.0060804,1.1797076,0.0,2.0598435,2.4251225,3.7570615,3.9517949,3.4325101,3.4223087,3.192631,3.1852915,3.499537,3.275501,4.09394,3.7441835,4.1184173,4.274191,3.7912765,4.120793,4.2713833,3.992584,3.2820761,2.7307532,3.10345,3.0701857,3.1240304,3.2056756,3.094027,2.9388385,3.0892644,2.798449,2.906609,2.9727519,2.807001,2.9430966,2.58618,2.6455214,3.6543348,3.6544135,3.804451,3.9425132,3.6544454,3.4503715,3.8016067,3.485361,3.162141,3.263567,3.914985,3.6552842,3.3054976,3.1600425,3.5079532,3.236197,3.6145792,4.0066032,4.0224476,3.5338373,3.5911698,3.5228493,2.9878182,3.4710412,3.6725922,3.5845017,3.0925612,3.0794027,3.1734583,3.382816,3.3885772,3.8038309,3.9525008,4.049132,3.97256,3.8695357,4.36249,4.6215463,4.087979,3.846069,4.7259493,4.2870336,4.519269,4.9782786,4.657899,4.6978035,4.343341,4.3762603,3.774703,3.8883178,3.8805723,3.8806887,3.7728167,4.206287,3.81753,3.8603394,3.9240484,3.9576163,3.602732,3.455815,4.579323,4.1020403,3.8953784,3.9822714
30,3.7363079,3.7461693,3.3088298,3.9017537,3.4476697,3.4362285,3.265561,3.6205726,3.6320946,3.6651754,3.6830378,3.980816,3.7774434,3.4757326,3.3305292,3.7824166,3.2676063,3.3758535,2.9834907,2.8347676,3.0949955,3.2022328,3.0863755,3.3815963,2.3666372,1.7799652,3.5342476,3.0319343,1.9956299,2.0598435,0.0,2.217504,3.646323,3.8104677,3.3742146,3.2793758,3.4224467,3.4783487,3.484413,3.7905543,3.9518585,3.900955,4.0784674,4.123043,4.11646,4.1130924,4.3120723,4.4901505,3.598578,3.1225586,2.9663887,2.950978,3.132437,2.948538,2.848582,2.519684,3.265764,2.9826963,3.4910605,3.4989693,3.0447216,2.9403515,3.0321126,3.1591136,3.4072917,3.4226048,3.6617758,3.733302,3.5200284,3.275674,3.515293,3.4509187,3.0508246,3.2001104,3.7939913,3.4946158,2.7697937,3.131059,3.2681563,2.8485308,3.4890754,4.199462,3.5652056,3.4341135,3.3672314,3.482962,3.0690718,3.5861986,3.7878246,3.6181576,2.6672666,2.9317575,2.6941876,3.1502929,3.032685,3.7673392,3.8558834,3.9960554,3.7745867,3.6351883,3.9285898,4.157248,4.009652,3.7580216,4.2747173,3.81535,4.0478153,4.6813383,4.2612543,4.3120246,3.8444295,3.951089,3.5333698,3.704151,3.6936276,3.6874533,3.5843184,3.728578,3.5856962,3.550383,4.1632876,4.1755767,3.7843874,3.643401,4.5952597,4.417664,4.147746,4.1484356
