,0,1,2,3,4,5,6,7,8,9,10,11,12,13,14,15,16,17,18,19,20,21,22,23,24,25,26,27,28,29,30,31,32,33,34,35,36,37,38,39,40,41,42,43,44,45,46,47,48,49,50,51,52,53,54,55,56,57,58,59,60,61,62,63,64,65,66,67,68,69,70,71,72,73,74,75,76,77,78,79,80,81,82,83,84,85,86,87,88,89,90,91,92,93,94,95,96,97,98,99,100,101,102,103,104,105,106,107,108,109,110,111,112,113,114,115,116,117,118,119,120,121,122,123,124,125,126,127
0,0.0,1.0487171,2.1232061,2.764601,2.5707645,1.9626187,2.2192886,2.553255,2.709102,2.796243,3.3548007,2.8116403,2.4017088,2.0902028,3.2780309,3.1198618,2.7553725,2.4181693,2.6517699,2.5560622,2.2599378,2.8516674,2.1527154,2.3635447,4.2716746,4.521491,4.182897,4.379613,5.2486105,4.3526206,4.391177,4.194433,3.0098066,3.1175888,2.5836158,2.9221249,3.4571695,3.2334387,4.612429,3.320934,2.8088255,2.9555564,2.4821715,2.4478712,2.6011715,3.1104076,2.689912,2.3979847,3.009426,2.927692,3.0743687,3.0651805,3.3032408,2.9901695,2.9242408,2.99595,3.149926,3.1503506,3.389461,3.2144835,3.290707,2.8904698,2.963704,3.5554152,2.8235338,2.8756504,3.0276706,3.4765275,2.9724574,3.0838542,3.0050929,2.9622746,2.8530374,2.8741534,3.1973565,2.9092832,3.8947194,3.6523006,4.174691,3.880976,2.6743221,4.1685114,2.6590748,2.7163117,3.3209848,3.4715383,3.5488594,3.5653927,3.6743765,4.018602,3.959016,3.2902749,3.7034695,3.4811425,3.8308258,3.8437674,3.3940682,3.3841972,3.6476798,3.5049033,2.2808928,2.406062,2.7769072,3.1833096,3.3952346,3.3952346,3.194497,2.9695454,2.6214612,2.8640993,2.8733132,2.8637433,2.9493477,3.0613332,3.226466,2.8273222,2.8853052,2.841766,2.508059,2.6021795,2.639466,2.4006746,2.681323,2.880413,2.663463,2.7871504,2.9462974,2.960834
1,1.0487171,0.0,1.916173,2.4678698,2.3209379,1.7244606,2.0488691,2.3538451,2.5313883,2.628634,3.068972,2.562174,2.1978755,1.8919411,3.08861,2.9835243,2.633946,2.233569,2.4946854,2.371588,2.079198,2.56922,1.9415948,2.1748087,4.067506,4.368717,4.0705504,4.39817,5.031422,4.5645175,4.647724,4.456058,2.5782907,2.713974,1.9482478,2.4796164,3.02094,2.7824469,4.3028255,3.1534607,2.480744,2.647922,2.183209,2.1527245,2.2886837,2.7318487,2.7990777,2.6001856,2.795499,2.6677537,2.8318348,2.8232145,3.0001738,2.7553277,2.7511022,2.7931054,2.9429872,2.9565613,3.1677463,2.941476,3.072045,2.649847,2.7379782,3.2843127,2.6903372,2.7235472,3.0819755,3.0678003,2.8110898,2.8871968,2.7866254,2.74927,2.6853278,2.670993,2.9716783,2.7663517,3.6887872,3.4628315,4.008426,3.6843183,2.596258,3.680782,2.5579307,2.632633,3.0818648,3.2452073,3.1256752,3.1493645,3.5947227,3.844445,3.791142,3.2100513,3.4823558,3.2339637,3.8108752,3.616141,3.1058533,3.0952563,3.368356,3.2390816,2.1047356,2.254702,2.6044385,2.900833,3.1391904,3.1391904,2.8993273,2.8384771,2.4743254,2.7215874,2.7196734,2.7102675,2.7606027,2.8723812,3.0542555,2.6694643,2.742724,2.7251267,2.7604942,2.68068,2.4833846,2.2515197,2.5342164,2.7254963,2.5204844,2.6588385,3.038504,2.8178515
2,2.1232061,1.916173,0.0,1.7858616,1.8715804,1.0336537,1.266279,1.8164034,1.7954453,1.7273197,2.7578967,1.8221251,1.8109026,0.9806294,2.6761553,2.4495318,1.4340525,1.2399666,1.7061417,1.4534277,0.9162141,2.066889,1.3800406,1.9037577,3.8037798,4.133544,3.679074,4.127336,5.004846,4.1178885,4.2145233,4.0390606,2.378562,2.4714344,2.6297739,2.10699,2.886463,2.6926596,4.1979885,3.0637095,2.3416595,2.633359,1.980001,1.9598765,2.0297139,2.679111,2.7450194,2.4224381,2.3609676,2.2445028,2.5017943,2.4390998,2.8561983,2.503888,2.4038618,2.544752,2.9235609,2.8349936,2.7323406,2.823187,2.8520381,2.3581858,2.6468883,3.2559924,3.0684526,3.0971985,3.4201987,3.4633763,3.111846,2.6820898,2.7772312,2.7892606,2.5970304,2.6420362,3.0002756,2.7103212,3.6400878,3.5896344,4.073372,3.587129,2.5762327,3.7613971,2.588773,2.6095428,3.405328,3.5643392,3.458921,3.4086962,3.377713,3.7180119,4.020009,3.179065,3.874919,3.645123,4.1913457,3.949587,3.4864368,3.4597366,3.6302354,3.5390413,2.2426393,2.422864,3.033041,3.3793833,3.0047212,3.0047212,3.0412462,2.916373,2.7063966,3.0828655,3.1001675,3.0446386,3.0764236,3.1713223,3.0099745,2.8761318,3.04264,3.0902805,2.966583,2.8553407,2.7039988,2.4791043,2.7551286,3.1197777,2.6126308,2.8152928,3.452181,3.3001986
3,2.764601,2.4678698,1.7858616,0.0,1.4182739,1.8360994,1.8434942,2.2280638,2.5252585,2.3745756,2.585353,2.0265803,2.3290074,1.894506,2.7599578,2.9728801,1.6951647,1.6494342,2.0176182,1.840249,1.8248693,0.5287965,2.2922306,2.4384396,3.5384376,3.8488255,4.068874,3.8194835,4.821185,4.4749336,4.570209,4.226568,2.885315,3.0999944,2.440329,2.6713703,2.7092574,2.4502838,3.0614407,3.2201254,1.9459858,2.2245746,2.6251028,2.6211166,2.2952363,2.081232,2.4167945,2.8886163,2.9787416,2.473257,2.7095108,2.772292,2.6903975,3.062217,2.970021,3.1569405,3.1415255,3.2734675,2.664534,2.5894039,3.0258088,2.5319571,2.8491545,2.7126093,3.4952066,3.508849,3.276716,3.345112,3.530066,2.749997,2.698692,2.7634265,3.1231303,2.9255345,2.873659,3.1936724,3.5356708,3.758802,3.945253,3.5255835,3.042848,3.2402623,3.1066563,3.0856562,2.9331772,3.1409194,2.959677,2.9236946,3.687935,3.308048,3.5834165,3.5541458,3.488663,3.2069445,3.8204632,3.5248933,2.703043,2.665274,2.7127516,2.744233,2.8347642,2.9531887,3.4814541,2.9764807,3.4536638,3.4536638,3.4674916,3.3586524,3.2145512,3.5066805,3.5295238,3.477128,3.2446418,3.325891,3.19859,3.0131943,3.4750686,3.4979758,3.3889415,3.3173728,3.2145617,3.0249076,3.2867568,3.5596592,3.1140819,3.2722461,3.814728,3.6895216
4,2.5707645,2.3209379,1.8715804,1.4182739,0.0,1.6583594,1.1421096,1.4683268,2.1973505,2.2614346,2.1276999,1.732346,1.4261723,1.5397466,2.3960485,2.6130784,1.8735889,1.7317103,1.998033,1.8442718,1.8612062,1.4433651,2.273204,2.371596,3.6180952,3.9179096,4.037705,3.9311469,4.6337523,4.312618,4.433149,4.2365456,2.7815907,2.947498,2.7621107,2.6608677,3.0290327,2.7732966,3.4143126,3.4138684,2.420124,2.547227,2.782818,2.7765267,2.4913452,2.5701244,2.8293765,3.0413382,3.0338986,2.716659,2.8977032,2.9736066,2.847051,3.0207353,2.9822495,3.092759,3.1043484,3.2177434,3.023934,2.7789583,3.0107176,2.652739,2.844309,2.9170983,3.024118,2.9750586,2.9984534,3.123568,3.1659408,2.7730873,2.6565394,2.7363007,2.920774,2.7941523,2.4962425,2.661367,3.6033144,3.5144982,4.001429,3.6216412,3.0294602,3.4356742,3.0697343,3.087085,2.848729,3.082725,2.939527,2.904557,3.8901868,3.729669,3.7581413,3.6621373,3.2955134,2.9580781,3.6945562,3.2961192,2.7894373,2.7062902,2.762712,2.7607462,2.4425461,2.665464,2.9764936,2.6695178,2.931997,2.931997,3.2862515,3.181238,2.855238,3.0380907,3.0977428,3.0346634,2.796843,2.9236665,3.1387608,2.7387853,2.911295,2.98174,2.9173517,2.8409045,2.9207685,2.7413893,3.027543,3.1656132,2.710035,2.9825063,3.3485074,3.2443256
5,1.9626187,1.7244606,1.0336537,1.8360994,1.6583594,0.0,0.9980173,1.7168876,1.6211442,1.8919418,2.2945054,1.5152503,1.3418871,0.5144438,2.3198845,2.163932,1.5066483,1.2950789,1.6944553,1.4591473,1.1189426,1.9603446,1.5656515,1.595596,3.6498165,3.99254,3.6575634,4.0609393,4.726842,4.008005,4.1715436,4.075399,1.7804711,1.9114839,2.2785194,1.6197532,2.7616138,2.4767628,3.8645694,2.9127085,2.0704298,2.2704263,1.8321807,1.8093646,1.7797848,2.4338279,2.4660196,2.2106502,2.224971,2.0753858,2.2868307,2.3045695,2.6437013,2.351712,2.1631417,2.313124,2.4985108,2.444774,2.6452076,2.421338,2.476487,1.9114434,2.2327273,2.8561559,2.558124,2.5633278,2.878253,2.9021194,2.619447,2.7285104,2.5252833,2.566058,2.3920712,2.4445887,2.8365707,2.5349674,3.536509,3.2493076,3.9503841,3.5325892,2.3730714,3.4859369,2.4081895,2.4363067,2.8929052,3.124706,2.9298422,2.9519036,3.43926,3.7390356,3.9338496,3.277722,3.2981863,3.0080044,3.6877654,3.3604426,3.038663,3.03733,3.1925926,3.0904734,1.7731375,1.9881575,2.440887,2.7819538,3.080581,3.080581,2.7737634,2.6778371,2.2419481,2.504903,2.5189278,2.4508042,2.5547845,2.6561491,2.865923,2.3662066,2.4810297,2.4954655,2.6515062,2.5497215,2.245367,2.0086644,2.3293955,2.5375433,2.1972768,2.323382,2.819451,2.6516602
6,2.2192886,2.0488691,1.266279,1.8434942,1.1421096,0.9980173,0.0,1.3430274,1.7521477,1.9260377,2.2936432,1.6452875,1.1327685,0.83957934,2.251376,2.202935,1.4753805,1.4165796,1.72141,1.5426031,1.1814291,1.9628118,1.7355374,1.8988453,3.7013783,3.9635406,3.7742233,4.1046753,4.8916993,4.077814,4.173517,4.0399284,2.370403,2.5057132,2.7881005,2.232757,3.1747174,2.8872938,4.000606,3.1130679,2.5204713,2.5320935,2.4369376,2.4039946,2.3072941,2.8101897,2.8615117,2.7210367,2.5203743,2.3753386,2.5705638,2.578368,2.8359604,2.5956705,2.400639,2.585078,2.8160346,2.8113847,2.8458266,2.7148137,2.7055852,2.3186135,2.5788565,2.987019,2.7343483,2.705048,3.055933,3.1512678,2.8454816,2.7291865,2.6247847,2.6699762,2.540722,2.565181,2.574778,2.3438442,3.644873,3.421328,4.0857487,3.6317463,2.580567,3.5233977,2.647125,2.6285198,3.053774,3.2717617,3.1616783,3.141475,3.5769854,3.8516583,3.9685152,3.3922668,3.4479222,3.1724808,3.8535142,3.4989178,3.1885278,3.1246634,3.2601018,3.1721961,2.0202825,2.247135,2.665218,2.9211178,2.7650232,2.7650232,2.9848998,2.872598,2.478856,2.708992,2.7728167,2.70841,2.6012845,2.7520862,2.928312,2.4044237,2.600993,2.6882985,2.6713967,2.5670805,2.5329351,2.3129456,2.6123908,2.8319314,2.3415895,2.5678258,3.0799406,2.9624462
7,2.553255,2.3538451,1.8164034,2.2280638,1.4683268,1.7168876,1.3430274,0.0,1.5935225,1.6871675,2.0910256,1.3623753,1.5787203,1.5992872,2.4073188,2.251876,2.0565624,1.8444359,1.6387966,1.6157455,1.8422139,2.254516,1.7294787,1.9890784,2.7818892,3.2150552,2.8746347,3.1569946,3.9610264,3.3503234,3.46235,3.2554085,2.3972995,2.499702,2.9475784,2.2506583,2.9961035,2.7805521,3.8787217,3.3216565,2.464264,2.721628,2.3445628,2.3850527,2.24608,2.7008586,2.8107164,2.6739993,2.706577,2.7635186,2.764468,2.7938075,2.8171759,2.634285,3.0797007,2.829677,2.9652672,2.9995825,3.0257192,2.8528543,2.9647589,2.8517234,2.696658,3.212963,3.0095088,2.799123,2.924234,3.0378463,2.7916598,2.6813834,2.6000035,2.6260264,2.5035493,2.4638886,2.4273114,2.6524482,3.5305877,3.30717,4.670413,3.5310566,2.6036897,3.5238483,2.552327,2.5982938,2.9576585,3.1628134,2.9294014,2.889556,3.5538673,3.7338214,4.0704317,3.621729,3.167826,2.9672463,3.6391075,3.2638469,3.0059996,2.9129124,3.0531845,3.0157623,1.9232359,2.2634163,2.5032516,2.6675906,2.6114957,2.6114957,2.9779973,2.871132,2.44138,2.6504052,2.6772392,2.626908,2.4331324,2.6398325,2.8224883,2.5010095,2.3872285,2.5600314,2.5095706,2.3300726,2.5177789,2.3339372,2.569316,2.7442443,2.2367837,2.613008,3.006804,2.881543
8,2.709102,2.5313883,1.7954453,2.5252585,2.1973505,1.6211442,1.7521477,1.5935225,0.0,1.0846304,1.8991603,1.0086937,1.8461124,1.5162139,1.9249332,1.760358,2.1222463,1.7412788,1.5645546,1.5292544,1.8120922,2.5207548,1.3929149,1.621868,3.1450222,3.728997,2.961855,3.4315116,3.9986782,3.614416,3.821759,3.5449836,1.8149792,2.0513933,2.7582076,1.6171378,2.2544963,2.0531619,3.7273734,2.6068785,2.0444646,2.285637,1.5899388,1.6126817,1.5612339,2.3694594,2.5854802,2.3005066,1.8780634,2.0976043,2.0351195,2.0544353,2.2543292,1.8983023,2.3781252,2.0134368,2.1352086,2.0988085,2.6291854,2.4094303,2.2927778,2.2291255,1.9108628,2.8010206,3.277573,3.110707,3.2263181,3.298424,3.0100892,3.2225082,3.0782528,3.0908859,2.6362383,2.8729138,3.1822956,3.1359622,3.525162,3.250654,4.6075883,3.5469103,2.7276573,3.7926455,2.6842883,2.7903705,3.4492502,3.5091794,3.36807,3.3598669,3.7888467,4.046156,4.309047,3.66466,3.540272,3.4169254,3.7377403,3.5751984,3.4029365,3.3642569,3.5183947,3.4301898,2.1143305,2.140068,2.8142638,3.1772113,3.3158803,3.3158803,3.083374,2.8747642,2.5381615,2.7527742,2.7800188,2.7088273,2.8668368,2.8633049,2.981591,2.8939898,2.76833,2.8396294,2.870437,2.745847,2.6185813,2.46032,2.7116785,2.860173,2.5192926,2.694024,3.0789528,2.907921
9,2.796243,2.628634,1.7273197,2.3745756,2.2614346,1.8919418,1.9260377,1.6871675,1.0846304,0.0,2.0495427,1.3281665,1.985971,1.8194988,1.7889054,1.4552517,1.8906577,1.3820531,1.0846653,1.0955137,1.7322414,2.3662486,1.362143,2.0202503,3.1942227,3.592691,2.7493618,3.150986,3.7808924,3.721852,3.7702298,3.3647194,2.4326682,2.6256692,2.7869275,2.0389946,2.2432086,2.0693915,3.560618,2.5391488,1.8933,2.358455,1.5530531,1.5652726,1.5765294,2.254478,2.4391088,2.2340178,2.1093752,2.1936522,2.2464552,2.1820812,2.4943655,2.181529,2.582775,2.298286,2.6949456,2.713488,2.9280727,2.6743097,2.6504903,2.551042,2.3728986,3.0088828,3.5244625,3.3629632,3.3926954,3.5186656,3.2763753,3.0905597,3.3360958,3.3386147,3.0362716,3.132435,3.4194007,3.4830606,3.7377748,3.7608268,4.784617,3.763681,2.7576337,3.7570536,2.7414608,2.7867796,3.6590471,3.7135093,3.628974,3.556598,3.3385568,3.5658739,3.816496,3.2302961,3.7188997,3.6203253,3.994623,3.8537226,3.5412767,3.490293,3.656438,3.596633,2.4450514,2.479417,3.0723188,3.3127701,3.076421,3.076421,2.8848426,2.7445495,2.9352882,3.1026812,3.1184886,3.0627606,3.0727139,3.201147,2.9681802,3.138428,3.0100996,3.0818331,2.845081,2.7174592,2.9975708,2.7508914,3.0750494,3.1786606,2.7855978,3.1196074,3.3860044,3.2155015
10,3.3548007,3.068972,2.7578967,2.585353,2.1276999,2.2945054,2.2936432,2.0910256,1.8991603,2.0495427,0.0,1.4794787,2.0712757,2.298409,1.5916802,2.1728406,2.735271,2.394323,2.1775358,2.1913075,2.777702,2.4731216,2.6592772,2.6218524,3.2782707,3.665222,3.5106127,3.3916657,3.5772953,4.030124,4.216492,4.0250754,2.4022121,2.5892086,2.9022973,2.274696,2.397201,2.233136,2.748902,2.842866,1.9842626,2.2476192,2.2448158,2.2609572,2.0463305,2.0001245,2.5229383,2.6802883,2.7851093,2.6216788,2.6142433,2.7040164,2.5607977,2.7137299,3.1417968,2.881159,2.6878767,2.888586,3.1245263,2.406866,2.2768724,2.5803502,2.3775303,2.2691453,3.491681,3.3040705,3.0206327,3.1155877,3.3236678,3.3704326,3.3342175,3.414932,3.4468882,3.3948648,3.5378866,3.8016503,4.0143065,3.78342,4.9211802,4.106445,3.2899435,3.6719587,3.2351325,3.3308291,3.1781378,3.3324046,3.0959435,3.0816917,4.2257605,4.0457573,4.088334,4.1276455,3.0829608,2.8711627,3.553311,3.197219,3.0136042,2.9761848,3.0069327,3.0410306,2.6978903,2.8440406,2.9764783,2.6464283,3.686973,3.686973,3.354109,3.3023076,3.104908,3.046082,3.0655816,2.9942858,2.8980327,3.0624363,3.435348,3.1371262,2.8703806,2.9319437,3.0703533,2.9634345,3.1816487,2.9914672,3.2854276,3.1394498,2.996479,3.2917218,3.2112381,3.0579588
11,2.8116403,2.562174,1.8221251,2.0265803,1.732346,1.5152503,1.6452875,1.3623753,1.0086937,1.3281665,1.4794787,0.0,1.7080961,1.4239552,1.9833013,1.9298466,2.021613,1.6880757,1.5786259,1.4722006,1.9573826,2.0142958,1.6838288,1.7169329,2.8298206,3.3192432,3.0137844,3.1775503,3.718182,3.5683515,3.776297,3.5962615,1.6475555,1.8404061,2.4654148,1.4555683,2.0144994,1.8741972,3.1038227,2.815596,1.6452028,1.962841,1.6664516,1.7083529,1.4208866,1.9231523,2.3970227,2.3405695,2.0725355,2.0147495,2.0325763,2.1282713,2.103929,2.0373597,2.5621274,2.2425997,2.2260046,2.317815,2.3416133,2.0208623,2.1648743,2.0122845,1.8764045,2.4254289,3.2049098,3.0411487,2.9480524,3.003082,2.9950747,2.9782627,2.7598128,2.8472054,2.714738,2.7422662,3.0384576,3.1929138,3.5926244,3.376353,4.623795,3.6286054,2.8089466,3.4599738,2.7468536,2.8689704,2.9630811,3.1240447,2.89935,2.863149,3.8200476,3.818128,4.0533843,3.6764932,3.1494226,2.929956,3.5886204,3.1808608,2.8996754,2.865904,2.940461,2.9378169,2.042739,2.251236,2.703098,2.6842995,3.2385879,3.2385879,3.0666447,2.9567213,2.588762,2.782679,2.8046312,2.7205856,2.6824756,2.801528,3.0278618,2.7548516,2.6301157,2.7213483,2.8333404,2.6981812,2.6479874,2.4168503,2.7483435,2.871443,2.467034,2.7812624,3.097551,2.9230115
12,2.4017088,2.1978755,1.8109026,2.3290074,1.4261723,1.3418871,1.1327685,1.5787203,1.8461124,1.985971,2.0712757,1.7080961,0.0,1.1348118,2.0788825,1.909829,1.9879444,1.6390682,1.937138,1.7673286,1.7260873,2.3455563,2.1513743,2.2800324,4.0196877,4.308974,3.9406517,4.2456894,4.440554,4.246977,4.377028,4.322944,2.460418,2.5421875,2.870616,2.3123314,3.0616822,2.8243773,3.871962,3.3826444,2.5824018,2.658787,2.4227598,2.4075425,2.3633194,2.877291,2.8876405,2.684935,2.6817598,2.5640469,2.7712,2.7881153,2.9423952,2.6931071,2.5104017,2.652574,2.9449053,2.9178007,3.3661723,2.8744807,2.973501,2.4633474,2.6369736,3.2645838,2.7413323,2.7058616,3.066756,3.1504166,2.9311843,3.211135,3.1712642,3.218088,3.0783927,3.1027915,3.160729,2.8760362,3.9956024,3.6529696,4.226663,4.039678,3.0306249,3.9386075,3.0523367,3.0750926,3.3353126,3.549745,3.3970428,3.391482,3.8411405,4.0952277,4.002938,3.6316204,3.474168,3.1932657,3.89931,3.5605743,3.432759,3.3845248,3.5055954,3.442221,2.2869222,2.5323904,2.6205938,2.8891459,3.0613196,3.0613196,2.9655802,2.9316292,2.7424674,2.7452104,2.7791684,2.7167473,2.7174277,2.8670568,3.2455263,2.8134115,2.6182861,2.6861913,2.7530444,2.6620317,2.806597,2.609342,2.90761,2.8175232,2.6454556,2.8710306,2.93475,2.7986023
13,2.0902028,1.8919411,0.9806294,1.894506,1.5397466,0.5144438,0.83957934,1.5992872,1.5162139,1.8194988,2.298409,1.4239552,1.1348118,0.0,2.359889,2.1568766,1.5774657,1.3676682,1.782314,1.5407395,1.1509273,2.0624473,1.5597786,1.6423932,3.7443652,4.090623,3.7576687,4.1614647,4.787642,4.00437,4.1679063,4.1126814,1.9135077,2.0014355,2.530711,1.7732882,2.7744882,2.553509,3.9418142,3.090671,2.2585006,2.3322778,1.988532,1.9691432,1.9510745,2.6118462,2.6508465,2.3540368,2.1965666,2.0742724,2.3041322,2.3184001,2.6123238,2.2745903,2.0970054,2.2679722,2.515129,2.4404962,2.628628,2.4688034,2.5306637,1.9292924,2.2200236,2.9362593,2.783488,2.7965603,3.119556,3.17492,2.8831844,2.9293733,2.739249,2.7949927,2.600184,2.6749763,2.9758809,2.6455662,3.7295754,3.4313085,4.0911393,3.718918,2.6847873,3.7415285,2.7013714,2.7413216,3.1694975,3.3885999,3.217043,3.2191894,3.7023401,4.0064654,4.1449156,3.4853907,3.5398293,3.2634177,3.9266856,3.5770571,3.2974784,3.2753522,3.4089656,3.3300657,1.9974353,2.2425022,2.6819882,3.0187945,3.1578257,3.1578257,3.038391,2.9320679,2.4953134,2.7493641,2.7782233,2.7063868,2.765899,2.8567412,3.090299,2.622363,2.6908727,2.7477674,2.8308303,2.7361715,2.5178468,2.29694,2.5979586,2.8077176,2.44451,2.5903318,3.0608125,2.918398
14,3.2780309,3.08861,2.6761553,2.7599578,2.3960485,2.3198845,2.251376,2.4073188,1.9249332,1.7889054,1.5916802,1.9833013,2.0788825,2.359889,0.0,1.2182232,2.333918,2.0138466,1.7163746,1.8403093,2.3733044,2.5724473,2.4610667,2.5676575,3.7497785,4.1277533,3.4370267,3.641198,3.9980989,4.192473,4.2690916,4.0330853,2.838733,3.0248504,2.983469,2.5013008,2.664402,2.3218892,3.332385,2.7202013,2.1227493,2.2732708,2.2661383,2.2290149,2.1113105,2.4119258,2.433207,2.4866397,2.5129266,2.4985907,2.4765573,2.4768796,2.6036828,2.5832098,2.5010047,2.4086876,2.584587,2.7306,3.3569744,2.6734102,2.386395,2.543729,2.3963864,2.5635347,3.4066744,3.2482615,3.1961715,3.3288221,3.2843106,3.3419673,3.5743484,3.6419754,3.4159248,3.5631518,3.5770862,3.6559634,3.754542,3.716171,4.5724955,3.8606846,2.9480283,3.7273383,3.0755556,3.0425684,3.6101966,3.7487884,3.5427864,3.5198798,3.458217,3.553408,3.6358716,3.4468002,3.600756,3.3343275,3.8326962,3.656789,3.4315045,3.400557,3.5019486,3.4534562,2.769505,2.758322,3.0612445,3.054487,3.246345,3.246345,2.82726,2.6918957,3.0698037,2.9957094,3.038926,2.963292,3.0422869,3.089808,3.0792894,3.1387036,2.9688694,2.9491813,2.8164947,2.7387273,3.1587179,2.990715,3.2879398,3.115818,2.9997942,3.1644337,3.1545935,2.996288
15,3.1198618,2.9835243,2.4495318,2.9728801,2.6130784,2.163932,2.202935,2.251876,1.760358,1.4552517,2.1728406,1.9298466,1.909829,2.1568766,1.2182232,0.0,2.0970643,1.7425263,1.4112251,1.5022118,2.117918,2.8464224,2.0728636,2.2690814,3.683024,4.0411,3.0310674,3.6338153,3.9268727,3.9156885,3.900223,3.7627203,2.6452808,2.7410052,3.01497,2.2528257,2.6941285,2.4327767,3.759799,3.029676,2.2931151,2.547461,2.084607,2.060937,2.0568101,2.7641618,2.6422093,2.3701322,2.4224415,2.5848854,2.5931225,2.5551264,2.865483,2.5121906,2.3874586,2.2838216,2.7241142,2.7412553,3.515254,2.9493656,2.7916677,2.6348124,2.4812334,3.186485,3.4366703,3.2615674,3.4397218,3.5310137,3.2726326,3.4647377,3.7419808,3.7879236,3.4101806,3.5917964,3.7581863,3.6810977,4.0048995,3.8979127,4.8559995,4.082654,2.927724,3.8826141,3.0631485,3.0016427,3.872553,4.053363,3.7791693,3.7874699,3.223638,3.668386,3.7531822,3.2272077,3.8132384,3.628924,4.193982,3.85227,3.8228962,3.8012035,3.9427366,3.8733008,2.6506455,2.7050185,2.9697337,3.3221905,3.1420455,3.1420455,2.6745255,2.5980966,3.040637,2.9912362,3.0154402,2.944411,3.113507,3.2052693,3.1444345,3.1895568,2.8804412,2.910557,2.7891436,2.6782298,3.1124725,2.8987095,3.2304156,3.0688112,2.9362953,3.1215556,3.1595645,2.9712484
16,2.7553725,2.633946,1.4340525,1.6951647,1.8735889,1.5066483,1.4753805,2.0565624,2.1222463,1.8906577,2.735271,2.021613,1.9879444,1.5774657,2.333918,2.0970643,0.0,0.8366444,1.1916422,0.9942766,1.0611594,1.7528738,1.9509763,2.1898975,3.70823,4.057985,3.6216316,3.937067,4.9381227,4.2454605,4.2039905,3.9101658,2.7170208,2.8908577,2.859726,2.4033675,3.0841196,2.8562012,3.8034635,3.1390204,2.3524745,2.7010484,2.4901972,2.457966,2.2597487,2.725007,2.7001235,2.727991,2.7838829,2.5992177,2.777871,2.7591567,3.1049845,3.0186043,2.6181207,2.8878605,3.1403031,3.1237602,3.1649117,3.0529149,3.1248944,2.6415536,2.9292126,3.2896001,3.150635,3.1200778,3.3092978,3.400821,3.126504,2.6134226,2.8844311,2.8842914,2.7904391,2.7835033,2.870931,2.7822073,3.4232683,3.5282238,3.9342544,3.4027336,2.4938118,3.2199035,2.6969175,2.5417254,3.2798285,3.4953706,3.283546,3.3102584,2.9178462,3.18218,3.5057573,2.9215152,3.617072,3.4694932,3.9734812,3.5920868,3.325031,3.3025165,3.4298449,3.329221,2.5111194,2.5516634,3.1192257,3.2622163,2.9924855,2.9924855,2.8961241,2.7407615,2.803635,3.0487695,3.085972,3.0272,3.0350602,3.0781775,2.7830362,2.7133527,3.0380545,3.0804958,2.9131172,2.8145564,2.8098829,2.6505263,2.8964021,3.12513,2.6807005,2.749274,3.371982,3.2576501
17,2.4181693,2.233569,1.2399666,1.6494342,1.7317103,1.2950789,1.4165796,1.8444359,1.7412788,1.3820531,2.394323,1.6880757,1.6390682,1.3676682,2.0138466,1.7425263,0.8366444,0.0,0.9660589,0.55716604,1.07407,1.6705158,1.6273987,2.0834596,3.674221,4.0685387,3.4856186,3.7504237,4.4535303,4.23825,4.2090673,3.904968,2.508753,2.690299,2.4538605,2.1402898,2.6049604,2.3356328,3.4793046,2.8893833,1.9043878,2.415768,1.9444181,1.9107468,1.7432015,2.2812023,2.4339235,2.4071546,2.4756236,2.2764068,2.4875722,2.458554,2.7792075,2.6807873,2.4641683,2.6077747,2.896241,2.8839824,3.0621972,2.802201,2.9365058,2.4319997,2.631849,3.122685,3.028882,2.9875786,3.1281312,3.2255032,3.0082753,2.6225905,2.9341805,2.9255657,2.8035686,2.8234153,2.9965308,2.9102728,3.3860059,3.4751723,3.878713,3.394921,2.5026376,3.289411,2.6165013,2.5605385,3.2466652,3.406348,3.2595835,3.2575216,2.9306648,3.1099527,3.247763,2.720406,3.476752,3.3394184,3.8144848,3.4999185,3.2051954,3.1772766,3.3362584,3.2415442,2.3273408,2.3746347,2.9159176,3.0538104,2.8712814,2.8712814,2.6313643,2.4875052,2.694217,2.8892117,2.912479,2.8585346,2.8989158,2.9447598,2.676186,2.7723932,2.8802216,2.9126492,2.72286,2.6294336,2.7136714,2.5228322,2.8134184,2.9446409,2.5967882,2.7578728,3.1679301,3.0171697
18,2.6517699,2.4946854,1.7061417,2.0176182,1.998033,1.6944553,1.72141,1.6387966,1.5645546,1.0846653,2.1775358,1.5786259,1.937138,1.782314,1.7163746,1.4112251,1.1916422,0.9660589,0.0,0.53114206,1.3570579,1.9222314,1.4951409,1.8764445,3.0188284,3.4255626,2.7086148,3.0655386,4.018386,3.676833,3.6695666,3.2234197,2.498953,2.715889,2.6362002,2.1166918,2.5338988,2.2850914,3.5053275,2.6443434,1.8494911,2.3972635,1.8981131,1.9028352,1.7489178,2.278228,2.194196,2.2159972,2.5016677,2.4953802,2.5263288,2.501559,2.7563279,2.6302783,2.6617403,2.5794783,2.8464415,2.8971336,3.135174,2.8323922,2.8551261,2.6677828,2.5980124,3.0443256,3.194404,3.0183704,3.0617146,3.1877332,2.937972,2.6641657,2.970665,2.9586978,2.7467296,2.7756763,2.9062681,3.0620897,3.34105,3.4266527,4.4090676,3.369312,2.276448,3.2124405,2.415178,2.3096607,3.2166972,3.3701935,3.131026,3.1346872,2.7357607,2.9839895,3.3863578,2.889342,3.3585737,3.231236,3.6754024,3.4375482,3.1279728,3.095792,3.2663574,3.1807632,2.2486508,2.2474892,2.8071275,2.9543774,2.8071842,2.8071842,2.5573127,2.3995047,2.6238415,2.7885172,2.8037038,2.7513025,2.7750301,2.8852336,2.5878167,2.6696403,2.7252076,2.7635043,2.5336387,2.4009442,2.6714342,2.4607177,2.7644668,2.8633993,2.461372,2.6763887,3.0793018,2.9176276
19,2.5560622,2.371588,1.4534277,1.840249,1.8442718,1.4591473,1.5426031,1.6157455,1.5292544,1.0955137,2.1913075,1.4722006,1.7673286,1.5407395,1.8403093,1.5022118,0.9942766,0.55716604,0.53114206,0.0,1.270043,1.8072642,1.4886856,1.9315311,3.2359746,3.687293,2.9832397,3.3078918,4.1116824,3.8780801,3.8299823,3.4986897,2.374138,2.5532644,2.4815342,1.9813927,2.466208,2.2144513,3.3983746,2.803039,1.7693887,2.3624387,1.7908268,1.7796302,1.5796295,2.1698656,2.3283617,2.2829902,2.4075463,2.3306587,2.430097,2.409398,2.691085,2.5745654,2.5765052,2.5412483,2.784886,2.8003578,3.0130043,2.7391121,2.8164523,2.5011911,2.5262747,3.0297437,3.0884442,2.962012,3.0370135,3.1378534,2.913551,2.5369844,2.869294,2.8634186,2.6920388,2.721965,2.9046876,2.9645514,3.291445,3.3728647,4.1691203,3.3075984,2.3466377,3.151449,2.4536352,2.3944423,3.1614537,3.3326356,3.1091416,3.113731,2.791769,2.9971902,3.2697618,2.733763,3.3200953,3.2108126,3.7088797,3.3405037,3.1040382,3.071723,3.23312,3.1478043,2.1849449,2.2505703,2.7759137,2.9231148,2.7521253,2.7521253,2.5270221,2.3741975,2.5719826,2.7601435,2.7788727,2.72267,2.7568524,2.8249896,2.5377498,2.6689959,2.6920857,2.7517674,2.5596857,2.4313302,2.60362,2.4095817,2.7006288,2.8236706,2.4428205,2.64523,3.0605013,2.8980305
20,2.2599378,2.079198,0.9162141,1.8248693,1.8612062,1.1189426,1.1814291,1.8422139,1.8120922,1.7322414,2.777702,1.9573826,1.7260873,1.1509273,2.3733044,2.117918,1.0611594,1.07407,1.3570579,1.270043,0.0,1.9433136,1.3857297,1.7472852,3.6957934,3.996254,3.5275068,4.030541,4.972529,4.0330586,4.148728,3.8495822,2.5340786,2.7118964,2.77012,2.256923,3.0634458,2.747986,4.234385,2.934772,2.419098,2.6070213,2.2406394,2.2214556,2.2363544,2.8397117,2.5920253,2.4311795,2.4740639,2.4038465,2.5917952,2.5334456,2.9436305,2.6469264,2.2712414,2.5362,2.959676,2.8888667,3.0168822,2.960505,3.0115879,2.491172,2.7256894,3.3160145,3.0552182,3.0398576,3.3969624,3.4233465,3.0391502,2.88285,2.9263587,2.9160907,2.65145,2.7406857,2.887986,2.6561897,3.5721319,3.5363088,4.086989,3.5426948,2.4308567,3.6611865,2.5747995,2.4619718,3.4368677,3.6004868,3.429053,3.4254782,3.1389902,3.5761619,3.9711773,3.2175272,3.8421984,3.6043434,4.071301,3.941014,3.48469,3.4553318,3.635922,3.5228517,2.317261,2.3603532,3.0102563,3.3606174,3.013116,3.013116,2.9219036,2.7890975,2.6978033,2.9974437,3.0178936,2.9681344,3.0156386,3.0974236,2.91772,2.708619,3.0343719,3.049702,2.946231,2.8313975,2.7134967,2.5124447,2.7742338,3.0495234,2.603923,2.6885166,3.3496826,3.1893327
21,2.8516674,2.56922,2.066889,0.5287965,1.4433651,1.9603446,1.9628118,2.254516,2.5207548,2.3662486,2.4731216,2.0142958,2.3455563,2.0624473,2.5724473,2.8464224,1.7528738,1.6705158,1.9222314,1.8072642,1.9433136,0.0,2.3909535,2.4789207,3.4152231,3.7308345,3.9676538,3.6170785,4.5586414,4.473414,4.5845466,4.158735,2.9077845,3.1778357,2.3743134,2.6882842,2.660508,2.3463554,2.8050659,3.0939667,1.8121157,2.1293764,2.6497462,2.649395,2.253832,1.9498175,2.2623556,2.8897903,3.0100837,2.5098279,2.6960394,2.7814972,2.6328175,3.0969872,3.014425,3.157091,3.1034544,3.2763336,2.7804258,2.5446815,3.039232,2.5716422,2.8315609,2.633857,3.4145799,3.389443,3.0642881,3.1509905,3.4049854,2.7872741,2.691387,2.7487953,3.1085296,2.9112463,2.7874486,3.209032,3.394151,3.63657,3.9106572,3.4180336,2.9585512,3.0685368,3.0466459,3.0131614,2.7603366,2.944219,2.7772255,2.7478106,3.5839803,3.1049435,3.376262,3.5064297,3.2624972,2.972845,3.5316584,3.3159282,2.450471,2.4134617,2.455521,2.486287,2.7892635,2.8398855,3.3632083,2.7488701,3.420901,3.420901,3.316054,3.1998224,3.1312187,3.3651497,3.3882103,3.337371,3.0983813,3.1746063,3.0647597,2.8941808,3.3668854,3.3628395,3.268817,3.2047813,3.1448088,2.9610963,3.2329938,3.4276605,3.0263243,3.1818786,3.6413896,3.5149705
22,2.1527154,1.9415948,1.3800406,2.2922306,2.273204,1.5656515,1.7355374,1.7294787,1.3929149,1.362143,2.6592772,1.6838288,2.1513743,1.5597786,2.4610667,2.0728636,1.9509763,1.6273987,1.4951409,1.4886856,1.3857297,2.3909535,0.0,1.0717407,3.0883856,3.466164,2.8589702,3.5056295,4.5540867,3.5195463,3.6303966,3.3663123,2.2231503,2.358922,2.5514817,1.9685245,2.4761314,2.1860952,4.154681,2.7663639,2.1408556,2.4419446,1.7164558,1.7302129,1.842248,2.6064231,2.5443301,2.206498,2.253663,2.3979752,2.4428315,2.4025526,2.6843266,2.243858,2.4519312,2.2966595,2.6019866,2.5846505,2.7247732,2.7955074,2.7312396,2.5252855,2.3562827,3.1196997,3.5282328,3.3981328,3.6260355,3.6634064,3.3170307,3.1531274,3.1427784,3.1505373,2.7501497,2.9222813,3.1876907,3.1673622,3.7876966,3.707184,4.808643,3.7584896,2.6555052,3.8154259,2.690546,2.7008915,3.634231,3.776613,3.5400922,3.5454457,3.4829159,3.8878806,4.235556,3.3866982,3.9735835,3.7775855,4.2807403,4.0336385,3.5850637,3.5532312,3.7591257,3.6775334,2.2660697,2.35564,3.0982249,3.4735131,3.139382,3.139382,3.1494997,3.0036151,2.790904,3.1525083,3.1680095,3.1156843,3.1957252,3.3035784,3.1646965,3.0177934,3.0843143,3.1369157,3.0216415,2.898428,2.8360078,2.558852,2.90528,3.2211978,2.699271,2.9248657,3.5469332,3.3376477
23,2.3635447,2.1748087,1.9037577,2.4384396,2.371596,1.595596,1.8988453,1.9890784,1.621868,2.0202503,2.6218524,1.7169329,2.2800324,1.6423932,2.5676575,2.2690814,2.1898975,2.0834596,1.8764445,1.9315311,1.7472852,2.4789207,1.0717407,0.0,2.8924875,3.3125875,2.9937005,3.6133888,4.7204123,3.2921205,3.5417233,3.4411855,1.8687372,1.9871233,2.5754685,1.8025815,2.521117,2.2235413,4.1418185,2.9824486,2.2224452,2.3216581,2.0372427,2.0651846,2.0522633,2.7286747,2.4876955,2.238472,2.4151933,2.5643573,2.5210495,2.5755439,2.6792328,2.3409643,2.4023802,2.2966313,2.3065603,2.3335743,2.6166167,2.6357582,2.5479138,2.344858,2.11855,2.883893,3.5549042,3.408559,3.5867212,3.5978298,3.3302658,3.4428058,3.1055102,3.167678,2.7793436,2.978491,3.2121074,3.2277591,3.891931,3.617588,4.947385,3.8778615,2.8055332,3.8274565,2.894094,2.8799107,3.4736443,3.716654,3.2843251,3.3844063,3.8579273,4.2230153,4.6146126,3.8816035,3.8763468,3.5927823,4.2206583,3.8462224,3.4621122,3.4654083,3.6212006,3.5588353,2.2746391,2.3906796,3.0641592,3.3611312,3.5739787,3.5739787,3.4413476,3.2954829,2.7568579,3.1060784,3.121896,3.0513504,3.2060292,3.276589,3.437341,2.9259067,3.051199,3.0766897,3.1910932,3.0872517,2.8008654,2.5480795,2.891573,3.1818995,2.7262647,2.797342,3.4764152,3.2723439
24,4.2716746,4.067506,3.8037798,3.5384376,3.6180952,3.6498165,3.7013783,2.7818892,3.1450222,3.1942227,3.2782707,2.8298206,4.0196877,3.7443652,3.7497785,3.683024,3.70823,3.674221,3.0188284,3.2359746,3.6957934,3.4152231,3.0883856,2.8924875,0.0,1.6069974,1.8754388,1.7530477,3.597477,2.641458,2.8867967,2.3860703,3.3052764,3.4272332,3.8403487,3.2350838,3.4648516,3.2752178,4.1109247,4.0458865,3.07472,3.4451945,3.3768165,3.484063,3.2381215,3.242102,3.2254002,3.469713,3.8664193,4.024408,3.7442148,3.8419516,3.5703466,3.7180822,4.54233,4.000331,3.744093,3.9251852,3.6148477,3.5837588,3.8046784,4.0945334,3.5676298,3.7045054,4.745604,4.402935,3.9468646,3.9707248,4.0714645,3.9160929,3.5891483,3.6335309,3.6454675,3.553489,3.5981112,4.469783,4.2264085,4.210131,6.33676,4.235079,3.5896063,3.920667,3.5519762,3.5500937,3.6346898,3.849495,3.2451084,3.3006864,4.336126,4.2139626,5.13796,4.951623,3.7415786,3.634852,4.1858964,3.829002,3.4184358,3.3789256,3.4310074,3.5161593,3.3718219,3.550725,3.829505,3.5157397,4.2551646,4.2551646,4.256212,4.164019,3.7234848,3.962364,3.9284148,3.894823,3.6875153,3.862531,3.8885224,3.6377609,3.7159576,3.8355737,3.9308703,3.7503126,3.7556717,3.6171007,3.758758,3.981047,3.5600433,3.77498,4.2559757,4.1136203
25,4.521491,4.368717,4.133544,3.8488255,3.9179096,3.99254,3.9635406,3.2150552,3.728997,3.592691,3.665222,3.3192432,4.308974,4.090623,4.1277533,4.0411,4.057985,4.0685387,3.4255626,3.687293,3.996254,3.7308345,3.466164,3.3125875,1.6069974,0.0,2.5337288,2.3981972,4.0920897,3.1780548,3.4893637,2.870285,3.8195105,3.9962714,4.2660174,3.7669163,4.13128,3.9443324,4.540836,3.9687939,3.6093683,3.876205,3.914246,3.9990768,3.8469284,3.8052118,3.6329293,3.9342687,4.398243,4.42191,4.2899985,4.356668,4.2722836,4.2627106,4.947195,4.532549,4.509041,4.737392,4.082216,4.0419793,4.2184405,4.4924984,4.2348685,4.067318,5.0575337,4.7181625,4.3464,4.4088874,4.498045,4.434705,4.095079,4.1499085,4.244821,3.9901772,4.130703,4.919416,5.2144146,5.1823277,7.0350304,5.2327456,3.980084,4.332818,3.9440248,3.9151707,3.9542432,4.114953,3.8036714,3.7558098,4.751941,4.6728373,5.4508033,5.304637,4.1787043,3.9872286,4.6876574,4.5189342,3.8555253,3.8161976,3.8658757,3.959093,3.7761784,3.9147913,4.1829576,3.8951669,4.5602775,4.5602775,4.592174,4.6375055,4.277946,4.4657564,4.4438424,4.413601,4.026892,4.5016856,4.5615883,3.9295373,4.1059103,4.181715,4.27081,4.113739,4.3173633,3.9731376,4.3202405,4.505047,3.9119663,4.404456,4.751962,4.603183
26,4.182897,4.0705504,3.679074,4.068874,4.037705,3.6575634,3.7742233,2.8746347,2.961855,2.7493618,3.5106127,3.0137844,3.9406517,3.7576687,3.4370267,3.0310674,3.6216316,3.4856186,2.7086148,2.9832397,3.5275068,3.9676538,2.8589702,2.9937005,1.8754388,2.5337288,0.0,1.9501203,3.392398,2.4363365,2.4650342,2.0348778,3.4465668,3.4770381,4.028753,3.1738749,3.6342747,3.440087,4.7752404,3.9803605,3.2419024,3.7252944,3.005185,3.10502,3.1065147,3.573032,3.289101,3.0559928,3.5584722,3.9796903,3.6885264,3.671483,3.7681565,3.4874177,4.2747364,3.647402,3.792966,3.8451593,4.0423527,3.9063013,3.8910353,4.184236,3.624727,4.2074866,4.5983562,4.2403107,4.061315,4.131897,3.8725371,3.8812313,3.9799647,3.98681,3.639438,3.7312784,3.9965215,4.51837,4.27603,4.284011,6.395588,4.2932286,3.2438657,4.315562,3.2327783,3.1932023,4.213568,4.3835645,3.9038856,3.9020367,3.5427177,3.9508588,4.935028,4.351505,4.1650786,4.0916796,4.5360265,4.3146625,4.1219163,4.0926595,4.2473197,4.2349596,3.2605305,3.417485,3.6215382,3.883129,3.8105822,3.8105822,3.643199,3.5522428,3.6010523,3.7646737,3.712305,3.685011,3.6901805,3.8642669,3.5966413,3.7506578,3.5084603,3.6140296,3.5113866,3.306911,3.6323814,3.4861736,3.6244302,3.7423315,3.4281118,3.6704953,3.991378,3.8403575
27,4.379613,4.39817,4.127336,3.8194835,3.9311469,4.0609393,4.1046753,3.1569946,3.4315116,3.150986,3.3916657,3.1775503,4.2456894,4.1614647,3.641198,3.6338153,3.937067,3.7504237,3.0655386,3.3078918,4.030541,3.6170785,3.5056295,3.6133888,1.7530477,2.3981972,1.9501203,0.0,2.8486955,2.8113155,2.831192,1.9822754,4.046102,4.1818666,4.159814,3.817586,3.643132,3.4667344,3.9090102,4.091196,3.0843427,3.6486273,3.4410543,3.5422258,3.318211,3.2035916,2.883872,3.243061,4.0579205,4.1788216,3.9123838,3.9724374,3.7387996,3.9592166,4.821659,4.236387,4.1042085,4.3046227,4.1121454,3.8499389,4.1218534,4.428393,3.8880177,3.978633,4.9089704,4.57694,3.753792,4.210039,4.2487507,3.9739761,4.0184093,4.0355773,4.10661,3.9983804,4.074395,4.930856,4.288319,4.4978366,6.367055,4.341751,3.7150106,4.362285,3.6602705,3.6732068,3.9485989,4.0614934,3.7929442,3.7494981,4.043412,3.7408836,4.64935,4.6942563,3.8351405,3.8005629,3.9975069,4.036594,3.6004493,3.5508854,3.6143706,3.7020004,3.7264328,3.8424497,4.033502,3.6247475,4.3276725,4.3276725,4.167454,3.9712896,4.042104,4.1522284,4.1084027,4.0874066,3.87052,4.043522,3.8225973,4.021067,3.9236748,3.9943628,3.6377761,3.58192,4.08193,3.943608,4.0872617,4.1458607,3.8691926,4.1546383,4.1704826,4.194807
28,5.2486105,5.031422,5.004846,4.821185,4.6337523,4.726842,4.8916993,3.9610264,3.9986782,3.7808924,3.5772953,3.718182,4.440554,4.787642,3.9980989,3.9268727,4.9381227,4.4535303,4.018386,4.1116824,4.972529,4.5586414,4.5540867,4.7204123,3.597477,4.0920897,3.392398,2.8486955,0.0,4.5440817,4.6713066,4.2573857,4.3419504,4.4635763,4.459113,4.1295295,3.8511963,3.7680225,3.810014,4.7710094,3.6610084,4.2172728,3.8307033,3.9334126,3.7452347,3.6291301,3.9696102,4.17996,4.4735546,4.5626106,4.368194,4.434969,4.1470857,4.3610497,5.3196015,4.6478634,4.6237574,4.768871,5.053232,4.2793064,4.7546544,4.844468,4.3469505,4.694732,5.0758853,4.750133,4.0962753,4.164771,4.5209947,4.946598,4.9595165,4.9727325,5.0140505,4.9118876,5.143131,5.7396736,5.072971,5.036333,6.672858,5.2241044,4.72291,4.9966063,4.551598,4.69625,4.5460696,4.550568,4.351422,4.2676563,4.956483,4.5727553,4.8996363,5.2959123,3.9443772,3.990762,4.237542,4.255295,4.226273,4.1905665,4.2313704,4.323961,4.323547,4.4432793,4.189919,3.7875948,4.938186,4.938186,4.2556653,4.3041735,4.616054,4.40379,4.32416,4.3150864,4.180365,4.3471527,4.4784055,4.764638,4.198278,4.2599945,4.341558,4.205398,4.6618443,4.5612583,4.6930456,4.3269525,4.4959855,4.8365316,4.302231,4.1747575
29,4.3526206,4.5645175,4.1178885,4.4749336,4.312618,4.008005,4.077814,3.3503234,3.614416,3.721852,4.030124,3.5683515,4.246977,4.00437,4.192473,3.9156885,4.2454605,4.23825,3.676833,3.8780801,4.0330586,4.473414,3.5195463,3.2921205,2.641458,3.1780548,2.4363365,2.8113155,4.5440817,0.0,1.1270024,1.8136034,4.130429,3.970714,5.014973,4.0291533,4.5167375,4.289104,5.5690284,5.0746136,4.0992117,4.2945385,3.9177127,4.022402,4.0660987,4.466663,3.4450297,3.0449364,4.2568674,4.644641,4.3847094,4.4175243,4.3571773,4.0783224,4.676583,4.2358413,4.208098,4.2162175,4.3841443,4.39314,4.350186,4.579966,4.0243945,4.6613493,5.278994,5.0212145,4.6297297,5.131044,4.7567496,4.767937,4.585195,4.6758323,4.423925,4.552729,4.6807585,5.071645,5.2167926,5.0041904,7.0052,5.1959586,4.2576456,5.7106004,4.2647877,4.224053,4.914351,5.239267,4.7290745,4.78253,4.828086,5.240999,6.207477,5.6253076,5.0522923,4.797019,5.287676,5.112857,4.893687,4.8712363,4.932633,4.9880085,4.023458,4.3725777,4.438745,4.6300573,4.916967,4.916967,5.005242,4.771026,4.409001,4.624614,4.5791764,4.53072,4.55842,4.6830683,4.7706323,4.526369,4.328566,4.4277916,4.140877,4.128633,4.432088,4.3201036,4.4093575,4.586435,4.3228345,4.399907,4.5866594,4.698163
30,4.391177,4.647724,4.2145233,4.570209,4.433149,4.1715436,4.173517,3.46235,3.821759,3.7702298,4.216492,3.776297,4.377028,4.1679063,4.2690916,3.900223,4.2039905,4.2090673,3.6695666,3.8299823,4.148728,4.5845466,3.6303966,3.5417233,2.8867967,3.4893637,2.4650342,2.831192,4.6713066,1.1270024,0.0,1.6181601,4.38927,4.191442,5.0744357,4.2249107,4.6361704,4.4395084,5.546894,5.296487,4.172034,4.3962975,4.0122313,4.0948553,4.1227746,4.526917,3.610098,3.1841893,4.356757,4.7373114,4.481079,4.492619,4.481652,4.2118735,4.769838,4.3573256,4.3378243,4.3404965,4.539532,4.5561423,4.5026045,4.7304463,4.1648974,4.7885685,5.383107,5.1370153,4.7143555,5.27863,4.865813,4.604516,4.677274,4.751278,4.5538945,4.6676927,4.7558045,5.165304,5.2001357,5.108138,6.9933066,5.1652665,4.279462,5.5914307,4.3140683,4.234775,5.042868,5.4064856,4.8769317,4.9477096,4.551679,5.016131,5.904921,5.315084,5.0708313,4.9267607,5.4369807,5.0567083,5.01844,4.9809933,5.0575647,5.107389,4.1562514,4.5420246,4.5374165,4.724806,4.7780223,4.7780223,4.9578695,4.70211,4.5116873,4.7025385,4.6672044,4.628038,4.6172395,4.710312,4.65288,4.584605,4.352725,4.5071435,4.057015,4.057743,4.525436,4.438813,4.4916487,4.665173,4.440786,4.4859734,4.651994,4.7971106
