,0,1,2,3,4,5,6,7,8,9,10,11,12,13,14,15,16,17,18,19,20,21,22,23,24,25,26,27,28,29,30,31,32,33,34,35,36,37,38,39,40,41,42,43,44,45,46,47,48,49,50,51,52,53,54,55,56,57,58,59,60,61,62,63,64,65,66,67,68,69,70,71,72,73,74,75,76,77,78,79,80,81,82,83,84,85,86,87,88,89,90,91,92,93,94,95,96,97,98,99,100,101,102,103,104,105,106,107,108,109,110,111,112,113,114,115,116,117,118,119,120,121,122,123,124,125,126,127
0,0.0,0.8095418,2.7292392,2.7345934,3.6901977,3.4731033,2.0679722,2.1730015,3.5418081,3.4929023,3.2577455,3.1037738,2.9594064,3.103204,3.132844,3.1491313,2.4231973,2.459418,2.6154532,2.8814588,2.764759,2.7376826,2.7482853,2.7953598,3.15065,3.1584792,3.712657,3.3586762,2.1532643,2.8747468,3.8731956,2.0832696,3.0414636,2.5625687,2.392464,2.7297814,2.9336562,2.6773553,3.0780702,2.9681318,2.5177066,2.3522754,2.6389987,2.7763379,3.0855012,2.5732849,2.4200716,2.887802,2.295734,3.010805,2.8788202,2.6486712,2.9426138,2.3807995,2.5911257,2.4058087,2.088925,2.584721,2.4295635,2.5778215,2.1833026,2.2394578,2.5547578,2.483635,2.8328056,2.2575493,2.25114,2.3934128,2.4427881,2.4420545,2.486856,2.6050444,3.2321515,3.0673323,3.4307141,2.6808836,2.257208,2.2531261,2.0623412,2.7246356,2.8123288,2.8060615,2.9060493,2.1832328,2.1795714,2.7104297,3.0650818,3.3565032,2.8736079,2.9717364,2.9079587,3.0641491,3.065333,3.0677376,3.0792794,3.1925259,3.1624563,3.2240553,2.8811738,2.836319,3.099229,2.995981,3.063562,3.1158254,2.7572296,2.873069,2.814149,4.005889,3.1586726,2.904504,2.7598414,2.8600903,2.833462,2.833619,2.7156594,3.4391077,2.7828655,2.3861303,2.7673066,2.7673066,2.4806085,2.3852794,2.5103915,2.524477,2.9354658,2.9996302,2.719746,2.6836586
1,0.8095418,0.0,2.934955,2.9395509,3.5122132,3.448617,2.4887679,2.5704103,3.489918,3.4579659,3.256593,3.2147272,2.915851,3.0593817,3.1039262,3.303349,2.6577864,2.7021163,2.828139,3.1318202,2.9598556,2.819598,2.908359,2.7692926,3.1126924,3.3981857,3.7024398,3.5421216,2.0928056,2.5877562,3.8752499,2.0093563,2.992078,2.5555763,2.3858175,2.6920063,2.972961,2.7458549,3.1044078,2.993396,2.5102942,2.3189528,2.6365817,2.7940133,2.9928267,2.488711,2.3126462,2.8594418,2.2233434,3.1978552,2.8655853,2.7952557,3.1943712,2.693631,2.83355,2.585979,2.073855,2.561566,2.145399,2.2870183,2.1397176,2.2135239,2.5474591,2.4597936,2.6420443,2.1987956,2.2269402,2.3475814,2.4254158,2.434059,2.4626167,2.5660067,3.3237786,3.0939972,3.6304605,2.9036484,2.6744,2.6600544,2.4785285,3.0209148,2.7432446,2.7359245,2.8520465,2.1291578,2.346656,2.660771,2.9931479,3.3111098,2.8819048,2.9681733,2.8978388,3.0650697,3.065919,3.1178362,3.0668297,3.190829,2.958919,3.012843,2.6444623,2.6024609,2.860138,2.7654603,2.8459148,2.892344,2.7731888,2.850354,2.8400412,4.026449,3.1234016,2.9688895,2.707386,2.8201358,2.8836868,3.1487281,2.6983347,3.450316,2.7500515,2.3328354,2.7417645,2.7417645,2.4105594,2.3383648,2.4345436,2.463841,2.9000466,2.9622235,2.7017236,2.6591966
2,2.7292392,2.934955,0.0,0.19199514,2.2413368,1.5824523,2.1248558,1.839058,2.336872,2.4053652,2.3152246,2.178262,1.3481338,1.3644049,1.3436332,0.94042337,2.413354,2.3881402,2.6086276,1.5889409,2.7784019,2.7652488,2.6402302,2.8154964,2.9725716,2.9063628,2.5761776,1.9626267,2.3175685,2.925696,4.314207,2.3609598,3.8652482,2.8583565,3.1747298,3.4006526,2.7637992,3.1123176,2.9682038,3.4839594,3.4405675,3.5638826,3.3823683,3.3703387,3.951194,3.9166825,3.71807,3.6105845,2.42681,2.5518858,3.0442355,2.8039665,2.832606,2.4389708,2.477644,2.300617,2.7673721,3.0378137,2.7213697,3.0160966,2.5892942,2.6898959,3.573179,3.1663418,3.1563587,2.5793848,2.6470633,2.734523,2.8003888,2.7815604,2.7853734,3.2114973,4.405884,4.5790005,4.784038,4.2552586,2.4313214,2.5531726,2.3042316,4.24059,3.4053493,3.38017,3.3535862,2.845061,2.646686,3.2174287,3.4750779,3.9512146,3.13916,3.335983,3.3917239,3.5118747,3.6558588,3.4991853,3.5990589,3.732609,3.680844,3.6639752,3.171984,3.1898751,3.362742,3.3742592,3.3770351,3.3397574,3.1815896,3.3426986,3.3055415,4.464494,3.576864,3.5962055,3.2629013,3.2172885,3.3888917,3.329365,3.2844603,3.9954314,3.2683804,2.925504,3.1118975,3.1118975,3.644879,3.8429873,3.4622078,3.4777553,3.5499504,3.6734242,3.3806734,3.33969
3,2.7345934,2.9395509,0.19199514,0.0,2.250864,1.5418524,2.1228917,1.8371643,2.3538535,2.346838,2.2001367,2.0561543,1.3347622,1.3579316,1.3173019,0.8967314,2.3580232,2.342308,2.5421987,1.5556949,2.7410603,2.7446415,2.615249,2.773308,2.9603531,2.8692403,2.5386953,1.9140629,2.3755946,2.9666998,4.370701,2.4151177,3.8526056,2.8603098,3.1578255,3.4153953,2.8113925,3.1442218,3.0118399,3.4731197,3.489505,3.6031246,3.4371753,3.4265447,3.999955,3.9577658,3.706463,3.6582704,2.4295833,2.5493455,3.0598357,2.8042774,2.8886254,2.4407237,2.5559704,2.306053,2.7846668,3.0618856,2.7335696,3.002929,2.5457492,2.6452568,3.553041,3.1323707,3.1509242,2.6312194,2.6933208,2.7616444,2.842321,2.8246584,2.8291411,3.1817381,4.462511,4.635644,4.823207,4.2899837,2.3975244,2.526002,2.2593393,4.228489,3.4310012,3.413424,3.383961,2.8853886,2.6808548,3.2004814,3.4985197,3.9333253,3.182301,3.376403,3.4141793,3.4815347,3.622326,3.465395,3.5645673,3.702445,3.714334,3.697186,3.212407,3.240009,3.3530977,3.357559,3.3688433,3.4203548,3.2101266,3.3822718,3.3192403,4.476972,3.5812986,3.6140192,3.2669168,3.2215962,3.3692424,3.378781,3.3376648,4.052229,3.2864077,2.9011316,3.1695035,3.1695035,3.6884975,3.888185,3.4912608,3.5067832,3.588418,3.6740158,3.4011953,3.3414764
4,3.6901977,3.5122132,2.2413368,2.250864,0.0,1.8643699,3.4205058,3.2180796,2.7539825,2.6624033,2.615429,2.753539,1.9932197,2.0185723,2.018842,2.4064367,3.1892757,3.1062214,3.5259824,2.6688068,3.5800512,3.5751746,3.2976692,3.1760123,3.4499345,3.8381677,3.1683235,2.9177706,3.0180595,2.4554598,4.6854715,3.0964403,4.175577,3.3559623,3.6557984,3.8537269,3.496339,3.671942,3.3689387,4.0710096,4.034561,4.0584984,3.6585383,3.6712372,4.6228433,4.5149207,4.20675,4.1872406,3.1366606,3.7594867,3.7900293,4.188068,3.8994353,3.6841106,3.677686,3.507573,3.2762244,3.4873705,2.8590589,3.0762722,2.947755,3.0178366,3.977954,3.4786835,3.1995158,2.8130777,2.8731062,2.9795494,3.000427,2.9994996,2.9701743,3.4237733,4.8355293,4.985305,5.3839064,4.902367,3.532153,3.6175117,3.4529426,5.126714,3.723178,3.6987338,3.60387,3.2095263,3.4935184,3.6204803,3.8541472,4.2074356,3.670248,3.7388077,3.2025325,3.375318,4.1215506,4.0955315,4.040461,4.1876335,3.5995007,3.5718324,3.0444465,3.1078382,3.2903733,3.3198178,3.3289661,3.2006683,3.804864,3.8887134,3.9007874,4.3138876,4.015596,4.1817503,3.6088786,3.453925,3.7219892,3.9496672,3.543519,4.605976,3.5590353,3.2941706,3.3855438,3.3855438,3.894797,4.238366,3.647602,3.6709259,3.5462065,3.690186,3.819332,3.6484826
5,3.4731033,3.448617,1.5824523,1.5418524,1.8643699,0.0,2.804981,2.6365502,2.3822355,2.3218784,2.2282767,2.1896403,1.6243027,1.6077185,1.0157399,1.4139163,2.5428574,2.5567937,2.7407956,1.634634,2.8950827,2.9322324,2.7362483,2.6864963,3.0844812,3.3674297,2.8163376,2.3263578,2.772659,3.1664953,4.5728173,2.924217,3.8638618,2.9897099,3.1940296,3.6306467,2.8210833,3.3517694,3.1680148,3.7308376,3.937457,3.920224,3.6767597,3.7213962,4.4681787,4.3562856,4.052677,3.8770556,2.8550313,3.014808,3.4384449,3.265626,3.5741444,3.2989237,3.3366742,3.0246964,3.2276332,3.4697864,2.9831762,3.0678952,2.8942676,2.9681604,3.8334353,3.2877192,3.1712916,2.868426,2.9702952,3.0211017,3.0480354,3.0138543,3.0153317,3.3190107,4.7438855,5.1271772,5.308486,4.861229,3.0478213,3.1323054,2.9842944,4.810196,3.6319544,3.6187887,3.5332341,3.164154,3.1477096,3.3554697,3.6923263,4.1229587,3.3667004,3.7625282,3.7607794,3.7384877,3.7618053,3.650268,3.7059402,3.8807478,3.7326422,3.8038607,3.2125633,3.263186,3.272527,3.308067,3.3164957,3.4315884,3.5935144,3.698024,3.659456,4.7117004,3.8154674,4.150133,3.5759223,3.3393795,3.581898,3.8711417,3.6816483,4.261479,3.5601408,3.2454422,3.4297695,3.4297695,4.0634265,4.347958,3.8098001,3.830986,3.9505184,3.991882,3.713923,3.662413
6,2.0679722,2.4887679,2.1248558,2.1228917,3.4205058,2.804981,0.0,0.47521853,3.1090453,3.064357,2.7770681,2.4985104,2.6288002,2.7288268,2.590996,2.4646752,1.7689644,1.7944385,1.9876,1.8763638,2.2694898,2.5725405,2.277387,2.5227742,2.6561117,2.4209137,3.1423666,2.38306,2.1405423,3.113981,3.9731357,2.2933388,3.4142992,2.4763386,2.8186262,3.1465707,3.0264766,2.9351382,2.7384498,2.833271,2.8741312,2.9943151,2.9300737,2.9734886,3.9895034,3.6724665,3.404401,3.430616,2.4745429,3.0196779,3.0842147,2.592148,3.1632848,2.7715118,2.924309,2.7550526,2.408366,2.8781116,2.865466,2.8348308,2.2957633,2.366816,2.7061489,2.4973748,3.0260627,2.3686142,2.385955,2.6053498,2.5972788,2.5205343,2.6264727,2.7861176,3.6312883,3.9479034,4.2536635,3.724876,1.8047255,1.820866,1.6039803,2.9952555,3.0621042,3.0529773,3.0264418,2.4513457,2.1468217,2.907188,3.2721057,3.5363276,2.3921072,2.6677773,2.7069366,2.7932684,3.2748027,3.1756735,3.2645488,3.401035,3.5823,3.6900475,3.2542531,3.2558076,3.440155,3.3525946,3.4049544,3.5136275,3.1154919,3.2875519,3.1771948,4.3177605,3.4367564,3.5310225,3.182991,3.1050603,3.043234,2.8947182,3.1262677,3.7210286,3.1875408,2.840442,3.0772913,3.0772913,3.4100142,3.3931453,3.3383324,3.3488367,3.408449,3.4215915,3.1455522,3.0902233
7,2.1730015,2.5704103,1.839058,1.8371643,3.2180796,2.6365502,0.47521853,0.0,2.9477463,2.903286,2.667257,2.3972647,2.3900566,2.477166,2.3931043,2.2084463,1.931156,1.9546012,2.0798583,1.8081638,2.4030612,2.6291342,2.3639169,2.6101575,2.7200534,2.473697,2.9731328,2.236713,2.211783,3.1026156,4.1215363,2.3359685,3.503774,2.6045222,2.9138114,3.1824963,3.0074534,3.0291948,2.869904,3.04359,3.0492315,3.1787097,3.081029,3.1185782,4.011053,3.7904944,3.5550075,3.543974,2.4059353,2.9719152,3.091183,2.5860767,3.0838866,2.7260447,2.8642561,2.701492,2.5251908,2.954293,2.894086,2.8530772,2.3674989,2.4248416,2.9366963,2.6865015,3.131521,2.4566298,2.4828146,2.7150083,2.7004817,2.6231103,2.718655,2.9430382,3.8830175,4.1268883,4.4461665,3.9177732,1.931979,1.9750655,1.701624,3.328227,3.176526,3.1630368,3.1226783,2.5485687,2.2606564,2.981841,3.3604662,3.6447752,2.4646916,2.6755004,2.6952207,2.829022,3.434952,3.3220878,3.4197183,3.54986,3.7259326,3.7945423,3.3562236,3.3559823,3.5400572,3.4682238,3.5129044,3.5937881,3.2477086,3.4117615,3.3242683,4.468525,3.5900667,3.6222804,3.3128908,3.2602339,3.2314696,3.0801475,3.2489233,3.900154,3.304222,2.9412444,3.195406,3.195406,3.5175705,3.5487072,3.4322536,3.4426923,3.507623,3.5462306,3.2871625,3.2333915
8,3.5418081,3.489918,2.336872,2.3538535,2.7539825,2.3822355,3.1090453,2.9477463,0.0,1.7571248,2.2326543,2.2937768,1.5965736,1.6846681,1.793886,1.9337466,3.16856,3.0796196,3.1207767,2.6573126,2.8494968,2.7063046,2.7291896,2.6703029,2.5311234,2.91724,2.8461528,2.299031,2.312362,2.9697258,4.1696033,2.3046966,3.9172919,3.1520605,3.5240648,3.7835114,2.9436038,3.3414931,3.164824,3.7474015,3.841091,3.930164,3.4991379,3.5644355,4.436788,4.205621,3.9209557,3.951487,2.6679304,3.4944463,4.092294,3.8141634,3.4578528,3.321564,3.2865183,3.096071,3.1918385,3.1064405,2.7342596,2.7765903,2.6864111,3.018642,3.805243,3.3025622,2.8001306,2.7786438,2.883738,2.7817547,3.1387298,3.1000562,3.1225371,3.4490867,4.6058292,4.6629024,4.5427413,4.6282578,3.0861819,3.1455545,2.9412513,4.5333195,3.1989667,3.1726654,2.7064419,2.9440475,2.9396548,3.30817,3.178494,3.5747223,3.3188705,3.4522698,3.798883,3.6169999,3.5826182,3.4117417,3.4380288,3.567595,3.543001,3.463234,3.3806932,3.435157,3.4402382,3.5274236,3.462711,3.4277472,3.3510318,3.435692,3.4297254,4.4015675,3.6909494,3.7483852,3.4585745,3.4766567,3.5344672,3.7705708,3.3873198,3.8855145,3.3642852,3.5978527,3.3044612,3.3044612,3.846899,4.072574,3.62427,3.6713314,3.7463446,3.8942697,3.5568273,3.5964203
9,3.4929023,3.4579659,2.4053652,2.346838,2.6624033,2.3218784,3.064357,2.903286,1.7571248,0.0,1.362644,1.474181,1.7076368,1.8492968,1.8202673,1.9655324,2.740377,2.6299255,2.8655713,2.3457844,2.4263828,2.553405,2.3001866,2.2159905,2.5269206,2.7184799,2.4217327,2.1007025,2.7943897,3.1656985,4.503405,2.7872908,3.6124642,2.7018452,2.9737766,3.3148582,2.8018472,3.1177502,2.9757552,3.3672724,3.5610862,3.6212907,3.2537208,3.2595317,4.3194847,4.2190204,3.5332835,3.9219007,2.7922509,3.3786645,4.156029,3.9838994,3.8541312,3.3603415,3.5767732,3.1287823,2.6936584,3.4987223,2.627004,2.6332352,2.3101804,2.5540438,3.4542036,2.9768405,3.0575268,2.881553,2.8103905,2.6577249,2.7943385,2.7863545,2.800201,2.7962146,4.650314,4.7587433,4.6320453,4.6492853,2.886964,2.9695315,2.608709,4.455749,3.685661,3.6994617,2.6079688,2.9514856,3.065502,2.9436204,3.2789626,3.4206796,3.3305912,3.424888,3.7360833,3.2319877,3.207515,3.1819515,3.333904,3.5830057,3.6819232,3.6071093,3.192615,3.3038576,3.3044608,3.0638292,3.29095,3.7165174,3.5068443,3.6181796,3.4977329,4.490061,3.6391473,3.9123333,3.4625926,3.4514213,3.2563477,3.7490225,3.4474664,4.08745,3.3013027,3.2412019,3.4445004,3.4445004,3.8791194,4.104325,3.4815557,3.4990053,3.9224856,3.8515112,3.5248377,3.4373868
10,3.2577455,3.256593,2.3152246,2.2001367,2.615429,2.2282767,2.7770681,2.667257,2.2326543,1.362644,0.0,0.5356825,1.9598012,2.1295025,1.9969993,2.082238,2.5591173,2.433623,2.620244,2.3592007,2.515127,2.6991763,2.459989,2.3192594,2.7416084,2.75057,2.5039408,2.117852,2.674231,2.9730022,4.5207124,2.717201,3.7084162,2.7574248,3.0776029,3.4669774,3.2185411,3.3242793,3.1254718,3.2531235,3.6107821,3.65849,3.3140583,3.3183646,4.555208,4.3865523,3.477996,4.1238675,2.6529224,3.4090474,3.63798,3.6444852,3.973589,3.2519495,3.7182195,3.1138551,2.692904,3.1732423,2.5453112,2.7203848,1.9023331,2.3175788,3.106658,2.5754278,2.6176906,2.9278643,2.8673363,2.546497,2.9652226,2.9713335,2.995942,2.6972032,4.6800246,4.8239803,4.8176427,4.60847,2.6363873,2.7287564,2.3598843,4.192941,3.404874,3.4491725,3.005438,2.945226,2.9670172,2.7908444,3.0460176,3.047859,3.3630588,3.4529796,3.469014,2.8753412,3.0454154,3.0310266,3.07588,3.2698274,3.349633,3.315365,3.1476843,3.283137,2.9809725,2.8079765,2.968003,3.7176046,3.31811,3.4670658,3.2650812,4.12138,3.0661683,3.4072094,3.145521,3.0991108,2.7621527,3.5059025,3.2626374,4.020172,3.067901,2.6621368,3.3228707,3.3228707,3.73321,3.956032,3.373124,3.3800719,3.6203651,3.4020796,3.2546253,3.0755084
11,3.1037738,3.2147272,2.178262,2.0561543,2.753539,2.1896403,2.4985104,2.3972647,2.2937768,1.474181,0.5356825,0.0,2.025518,2.1952264,1.9996308,1.9547623,2.280751,2.1533031,2.3669622,2.0546913,2.2442813,2.5460377,2.2188177,2.1887095,2.736591,2.5772715,2.6075222,2.027853,2.6742404,3.1021397,4.564321,2.728948,3.6783714,2.7610023,3.0096772,3.4549506,3.1702445,3.2857893,3.1551669,3.2752268,3.6219742,3.6369066,3.3153057,3.338523,4.5573187,4.3590255,3.501184,4.106096,2.6706092,3.2682207,3.6421785,3.555175,3.8299212,3.0963476,3.5939636,3.0128515,2.691189,3.1635687,2.6920264,2.8328226,1.9333695,2.305149,3.0504644,2.5224595,2.7500088,2.9419618,2.8797657,2.6077385,2.976702,2.9718885,3.0101733,2.7163687,4.625199,4.818675,4.6997304,4.5025506,2.3958092,2.4972367,2.117502,4.0288987,3.4314263,3.473548,3.0239522,2.9729805,2.8953283,2.8379931,3.1385357,3.1513948,3.3272676,3.4650936,3.48067,2.89392,3.0899622,3.045105,3.118645,3.3091717,3.4651768,3.4683294,3.2655213,3.3878872,3.1098065,2.9501579,3.089039,3.801297,3.3210337,3.4917216,3.2611737,4.1603565,3.1517603,3.4307635,3.185833,3.1023874,2.7390573,3.3529165,3.299989,4.053059,3.1137953,2.7205272,3.3435426,3.3435426,3.7410316,3.956815,3.3870358,3.3898902,3.6437469,3.433001,3.2832596,3.1107798
12,2.9594064,2.915851,1.3481338,1.3347622,1.9932197,1.6243027,2.6288002,2.3900566,1.5965736,1.7076368,1.9598012,2.025518,0.0,0.29053763,0.8229704,1.0832222,2.6473203,2.6719072,2.7944894,1.9882702,2.787063,2.7665935,2.627102,2.5771983,2.584913,2.8698359,2.2561722,1.8502777,2.2430825,2.7521164,4.073412,2.1780934,3.620079,2.7285595,2.962982,3.3182812,2.5614831,2.9844491,2.851608,3.4194245,3.4558494,3.5512233,3.3114445,3.2752075,4.078699,3.9816554,3.5762644,3.6314864,2.4594254,3.1085522,3.4121437,3.2404215,3.2251403,2.8873518,2.954827,2.6550853,2.7294734,2.8362532,2.2656949,2.4896717,2.2328327,2.2910442,3.3818164,2.9352932,2.742539,2.3333867,2.4249272,2.579614,2.6520483,2.6310925,2.627255,2.9420226,4.424079,4.4172883,4.677873,4.3061957,2.6617343,2.7257578,2.433871,4.294289,3.022527,3.0060828,2.8208332,2.6122422,2.6992812,3.0193589,3.4033263,3.7174916,3.0264535,3.112243,3.3569388,3.2762773,3.2701585,3.1255443,3.1686852,3.319015,3.431994,3.2990365,2.9204948,2.987784,2.9934356,3.0222592,3.0097728,3.099491,2.9783168,3.103672,3.0742466,4.2921743,3.6134005,3.6637652,3.0102994,3.0684686,3.3284435,3.6021264,3.1649337,3.8004334,3.0240304,2.8990088,3.012362,3.012362,3.453873,3.7160683,3.2005975,3.2422783,3.4070413,3.5005212,3.1764688,3.1464734
13,3.103204,3.0593817,1.3644049,1.3579316,2.0185723,1.6077185,2.7288268,2.477166,1.6846681,1.8492968,2.1295025,2.1952264,0.29053763,0.0,0.8265511,1.0374912,2.7648308,2.8137248,2.954156,2.0677142,2.9384346,2.8784485,2.7884853,2.7340674,2.7419803,3.0259223,2.3760052,1.9832991,2.3771837,2.8580837,4.085514,2.3455439,3.7178962,2.83355,3.0457923,3.390375,2.590414,3.0441434,2.9479668,3.5251338,3.5353997,3.6300743,3.4191961,3.3841193,4.1361485,4.0558352,3.7113857,3.674328,2.5740724,3.1589031,3.4537547,3.2992713,3.3215597,2.983013,3.0307498,2.7367592,2.8816345,2.952101,2.3958135,2.6752977,2.4564352,2.4826264,3.5528579,3.1474981,2.8502982,2.4074671,2.5263608,2.7214808,2.7558603,2.7271073,2.7206125,3.064653,4.5125484,4.51474,4.807792,4.420139,2.745443,2.8150022,2.5741904,4.430301,3.1250465,3.1060567,2.9519358,2.7357943,2.7963316,3.130723,3.539233,3.8978627,3.1016688,3.1995864,3.4354246,3.38094,3.3697567,3.2009697,3.251528,3.404708,3.534962,3.3977647,2.9872885,3.0498836,3.0418222,3.098991,3.0724053,3.1405864,3.0382512,3.1697342,3.1446736,4.3482056,3.7258081,3.7625182,3.0750248,3.1294599,3.4438663,3.7066422,3.275429,3.8707695,3.1189108,3.0152435,3.0872104,3.0872104,3.5477223,3.8184404,3.300544,3.345346,3.4859462,3.5882318,3.2668672,3.2381775
14,3.132844,3.1039262,1.3436332,1.3173019,2.018842,1.0157399,2.590996,2.3931043,1.793886,1.8202673,1.9969993,1.9996308,0.8229704,0.8265511,0.0,0.88159084,2.3967793,2.4520726,2.5404017,1.584678,2.539201,2.5465076,2.3740432,2.324419,2.5229821,2.8276565,2.205265,1.8439044,2.2892969,2.8745413,4.103157,2.3408732,3.5615149,2.6105335,2.86219,3.2344973,2.4758766,2.9587564,2.7756746,3.3418052,3.5311925,3.584352,3.382904,3.3807716,4.0321417,3.9998903,3.6507206,3.5552406,2.4656808,2.8382967,3.3553739,3.1319,3.2181985,2.9104717,2.9628434,2.624884,2.8434746,2.960924,2.4566884,2.598449,2.3803344,2.418186,3.4515383,2.933992,2.7887568,2.4277475,2.5339665,2.6694355,2.7049232,2.6820178,2.6809404,2.979488,4.4001365,4.639549,4.8013906,4.431646,2.6696765,2.7378726,2.5268743,4.3854003,3.1043367,3.0900874,2.901014,2.7145007,2.6883397,2.9710202,3.4089146,3.7902188,2.909918,3.2014086,3.5171,3.3927696,3.2844598,3.147448,3.2055793,3.3499403,3.444858,3.4283452,2.905325,2.9657059,2.9412713,2.9843845,2.968275,3.103715,3.092236,3.200427,3.1734786,4.4533467,3.6205387,3.8522553,3.1370106,3.0283835,3.3160605,3.6214373,3.2804606,3.8252463,3.1079047,2.984983,3.0367446,3.0367446,3.6418622,3.8933382,3.3986676,3.4279156,3.5602396,3.6127408,3.2463896,3.2324204
15,3.1491313,3.303349,0.94042337,0.8967314,2.4064367,1.4139163,2.4646752,2.2084463,1.9337466,1.9655324,2.082238,1.9547623,1.0832222,1.0374912,0.88159084,0.0,2.4741898,2.5054696,2.652118,1.5609441,2.6114411,2.6225305,2.5081944,2.6286297,2.8444197,2.7979329,2.3905835,1.806641,2.500716,3.180579,4.241615,2.553469,3.8274865,2.8660758,3.0862024,3.400691,2.6183975,3.07549,3.0244408,3.53549,3.6437924,3.7211566,3.5360534,3.525697,4.128593,4.1325464,3.8236744,3.7415106,2.6397078,2.7512467,3.4498994,3.1754067,3.1672993,2.7347088,2.8671105,2.5494833,3.0050685,3.1285665,2.801312,3.082658,2.6377783,2.7149863,3.6830564,3.2461414,3.0851793,2.6828158,2.767213,2.8615725,2.9396958,2.9110649,2.9198787,3.1868722,4.5594673,4.7628493,4.8005266,4.454253,2.4565003,2.5613172,2.363895,4.3655705,3.3653164,3.3541822,3.1552184,2.9672065,2.7446294,3.1708648,3.5500479,3.9655151,3.1381729,3.3747485,3.674197,3.5357401,3.4622943,3.2614133,3.386817,3.5238924,3.7225597,3.6828785,3.2337706,3.2882814,3.2482934,3.2927544,3.275974,3.4324281,3.1385136,3.298822,3.221635,4.467532,3.6827688,3.7598429,3.2328653,3.1695433,3.3825047,3.5100174,3.411439,3.959392,3.257693,3.126548,3.1946857,3.1946857,3.7739525,4.0202312,3.528683,3.5500147,3.6752665,3.7266397,3.373826,3.3522863
16,2.4231973,2.6577864,2.413354,2.3580232,3.1892757,2.5428574,1.7689644,1.931156,3.16856,2.740377,2.5591173,2.280751,2.6473203,2.7648308,2.3967793,2.4741898,0.0,0.505604,1.3621789,1.3850207,1.2449777,2.0338588,1.2890117,1.4204285,2.1209447,1.9847156,3.0132365,2.3368573,2.4266443,3.0084224,4.1291647,2.5368242,3.1535835,2.132224,2.5318358,3.0441031,3.1491659,2.8082047,2.4992774,2.4743502,3.0263832,3.0480778,3.1135354,3.1821,3.819636,3.4497118,2.952246,3.210179,2.6828356,2.61251,3.6406116,3.336965,3.182273,2.6353464,2.994472,2.5528426,2.335696,3.0359585,2.7410536,2.5710092,2.0377278,1.9899544,2.5216942,2.0659359,2.9861414,2.4042704,2.3957353,2.5273223,2.425288,2.42158,2.4545364,2.3225572,3.5910833,4.14288,3.98157,3.5806096,1.7433717,1.8361206,1.671224,2.9176354,3.3015916,3.3190963,2.8129349,2.7121105,2.4927106,2.914868,3.5539927,3.663006,2.8346672,3.2246141,3.2845256,2.9296,2.963375,2.8955736,2.9583092,3.1685238,3.5869143,3.771464,3.0339193,3.1034074,3.1215816,2.9566014,3.0991325,3.5038967,3.1927452,3.449073,3.1912088,4.1948934,3.5899029,3.935386,3.117477,2.8806248,2.780238,3.0560153,3.2974331,4.002651,3.1415546,2.8781526,3.1053061,3.1053061,3.6382842,3.6350374,3.3928707,3.412493,3.4820497,3.3258827,3.2478628,3.0376635
17,2.459418,2.7021163,2.3881402,2.342308,3.1062214,2.5567937,1.7944385,1.9546012,3.0796196,2.6299255,2.433623,2.1533031,2.6719072,2.8137248,2.4520726,2.5054696,0.505604,0.0,1.3841683,1.4292357,1.2278862,2.0785866,1.2207426,1.4270016,2.0962338,1.940949,2.9733956,2.2784638,2.3530962,2.898685,4.16082,2.4652293,3.1661773,2.0971181,2.6295402,3.0352285,3.1430728,2.7816136,2.4018366,2.4728968,2.9914362,3.038762,2.9767828,3.0649586,3.814246,3.4663897,2.881942,3.2324526,2.6976652,2.6405447,3.7319052,3.4480238,3.1661308,2.6775436,2.9857287,2.6061108,2.2578144,3.110453,2.7607734,2.5491016,1.9841774,2.096019,2.5353284,1.9886998,2.9505475,2.4092524,2.3593132,2.3419135,2.3417027,2.3496497,2.3776572,2.2948494,3.5600204,4.116103,3.888335,3.5611928,1.7832252,1.8699731,1.6649153,2.9359457,3.37403,3.3869934,2.7731159,2.6842334,2.5133288,2.93304,3.3678842,3.4702199,2.8410652,3.2084699,3.2496789,2.914759,3.00793,2.9650214,3.0452473,3.2669077,3.5183694,3.7111318,3.0140574,3.0907896,3.20009,2.9920416,3.171658,3.5062048,3.2411761,3.4848976,3.244096,4.126731,3.423055,3.8049314,3.1754622,2.933006,2.7113166,2.9141192,3.216188,3.9863522,3.1670716,2.9045024,3.1020024,3.1020024,3.6503303,3.6570709,3.3698945,3.3840349,3.4892228,3.357768,3.284647,3.074903
18,2.6154532,2.828139,2.6086276,2.5421987,3.5259824,2.7407956,1.9876,2.0798583,3.1207767,2.8655713,2.620244,2.3669622,2.7944894,2.954156,2.5404017,2.652118,1.3621789,1.3841683,0.0,1.9020844,1.6692294,2.0887332,1.6314471,1.7736834,1.810942,1.5898023,2.5532238,1.9806374,2.6350389,3.4822333,4.3877587,2.6422336,2.9306443,2.3624434,2.7569861,3.1445103,3.2963064,3.0655968,2.7595742,2.6344607,3.6480644,3.6879206,3.6639452,3.7668073,3.768423,3.5600367,3.1024108,3.441802,2.56312,2.626552,3.973321,3.0716488,2.8363364,2.7545216,3.0743551,2.6527307,2.915107,3.4375749,3.241736,2.1862304,2.1831036,2.2619364,3.1432776,2.3138444,3.180327,2.8510358,2.8052633,2.7800498,2.866265,2.8474343,2.9007914,2.6912458,3.8088548,4.3201337,4.1338086,3.7796495,2.127777,2.1525874,1.8384355,3.058094,3.366095,3.3911078,3.0160046,2.7848587,2.5191708,2.8272035,3.3312852,3.21831,2.817216,3.1978054,3.4395528,3.1322076,3.0968225,3.067291,3.1586187,3.2715342,4.0295424,4.204443,3.6765492,3.7218876,3.7374797,3.589475,3.719407,4.0952635,3.7436619,3.887632,3.7358165,4.8287973,3.916476,4.2593546,3.728351,3.5609014,3.4640682,3.72369,3.8196769,4.364902,3.7087653,3.4223807,3.687083,3.687083,4.1478004,4.1223006,4.0005198,4.006863,4.080099,3.944371,3.7310538,3.6403565
19,2.8814588,3.1318202,1.5889409,1.5556949,2.6688068,1.634634,1.8763638,1.8081638,2.6573126,2.3457844,2.3592007,2.0546913,1.9882702,2.0677142,1.584678,1.5609441,1.3850207,1.4292357,1.9020844,0.0,1.7743024,2.3440483,1.667063,1.9571515,2.513256,2.4156525,2.738816,1.9276036,2.4943514,3.192575,4.4064813,2.59828,3.6350958,2.5664113,2.8761463,3.3614492,2.8219028,3.046509,2.7297745,3.1866448,3.4234326,3.4704318,3.3182373,3.3228352,4.2036963,4.021415,3.6650414,3.5911207,2.7759957,2.618331,3.509875,3.1893775,3.1201777,2.732582,2.8617547,2.6079044,2.6551013,3.1480992,2.8741164,2.945413,2.429828,2.3845918,3.081582,2.6212127,3.2802188,2.624511,2.6468465,2.824455,2.6882808,2.6641037,2.692298,2.9292912,4.19007,4.674719,4.5848255,4.2133408,2.2306738,2.325923,2.087073,3.8801234,3.4951653,3.4843583,3.0902152,2.9412935,2.7339482,3.231339,3.7510552,4.04511,2.9879968,3.4016454,3.5897305,3.4329422,3.4713752,3.3546944,3.4631548,3.6447105,3.7739441,3.8904397,3.201055,3.251157,3.3678572,3.2839365,3.343159,3.4888654,3.3291578,3.5210235,3.374408,4.578135,3.8060749,4.0962305,3.3888974,3.1515934,3.2063198,3.225766,3.4265711,4.056689,3.319554,3.089817,3.2011049,3.2011049,3.8352108,3.9824054,3.5754356,3.5881057,3.7262917,3.727265,3.453427,3.3691766
20,2.764759,2.9598556,2.7784019,2.7410603,3.5800512,2.8950827,2.2694898,2.4030612,2.8494968,2.4263828,2.515127,2.2442813,2.787063,2.9384346,2.539201,2.6114411,1.2449777,1.2278862,1.6692294,1.7743024,0.0,1.435644,0.4636011,0.8335202,1.8663752,1.7035539,2.9426956,2.4545026,2.346251,3.0772696,4.2135215,2.414355,3.400262,2.3043342,2.7050824,3.1055324,3.178292,2.9541879,2.6174,2.6259384,3.05788,3.0928006,3.0842881,3.1383884,3.7616284,3.5103967,3.0669572,3.4152942,2.652113,2.6803765,3.9081845,3.6676462,3.2722275,2.697196,3.0057652,2.5952077,2.2921941,2.9457633,2.6702058,2.6591086,2.0341053,2.1281524,2.562678,2.1451719,3.0317771,2.673763,2.6177201,2.6152968,2.6502957,2.66291,2.7137263,2.548587,3.7355473,4.2910156,3.7443662,3.768716,2.1458747,2.221039,2.006011,3.1119804,3.3056211,3.3209953,2.3792167,2.8096237,2.4993496,2.8340366,3.3428392,3.5233452,2.8777165,3.2768657,3.7225833,3.1710477,3.0149858,2.9904783,3.0760946,3.236818,3.4775295,3.675409,3.069355,3.1377113,3.1557896,2.9760919,3.1107807,3.5136657,3.144086,3.3437352,3.1176999,4.3194704,3.5403416,3.915509,3.1736479,2.9418914,2.7241638,3.0232303,3.1945972,3.8244932,3.0277677,3.0694048,3.025051,3.025051,3.635382,3.6138194,3.4024162,3.4067702,3.537463,3.4002995,3.1570413,3.0496597
21,2.7376826,2.819598,2.7652488,2.7446415,3.5751746,2.9322324,2.5725405,2.6291342,2.7063046,2.553405,2.6991763,2.5460377,2.7665935,2.8784485,2.5465076,2.6225305,2.0338588,2.0785866,2.0887332,2.3440483,1.435644,0.0,1.4728689,1.509812,2.0487647,2.0603707,3.0426726,2.662263,2.339695,3.0507002,4.14666,2.4527578,3.4715784,2.4678857,2.6847267,3.0753112,3.0957303,2.9852436,2.7865267,2.6761093,3.0510068,3.057705,3.1720378,3.2265902,3.2412248,2.9378405,3.1946108,3.244756,2.0101173,2.2481506,3.5582123,3.2772348,2.9619837,2.36862,2.5917368,2.1530583,2.2926137,2.9585476,2.5745878,2.5267088,2.390068,2.4776495,3.290472,2.9652648,3.0437675,2.677205,2.6351204,2.6577346,2.6815581,2.6597414,2.7476017,2.6691146,3.7582347,4.279123,3.9176335,3.9225054,2.4300954,2.560006,2.443497,3.4860802,3.263195,3.273166,2.3478796,2.5794954,2.0565703,2.2589688,2.8533447,3.3889134,3.0321102,3.4326646,3.6942134,3.2913523,3.112701,3.125338,3.239573,3.3551588,3.400994,3.6063561,2.9543598,2.9422703,3.0826201,2.9562838,3.093236,3.388401,3.1268115,3.2247512,3.1286073,4.3772473,3.5756369,3.8476226,3.1484656,2.9758043,3.0020204,3.313611,3.213396,3.7870743,2.9610221,3.0101922,2.8643332,2.8643332,3.564055,3.509868,3.5431495,3.5333815,3.516901,3.4744844,3.1044934,3.1005225
22,2.7482853,2.908359,2.6402302,2.615249,3.2976692,2.7362483,2.277387,2.3639169,2.7291896,2.3001866,2.459989,2.2188177,2.627102,2.7884853,2.3740432,2.5081944,1.2890117,1.2207426,1.6314471,1.667063,0.4636011,1.4728689,0.0,0.7399324,1.7498068,1.6853296,2.7392502,2.3156965,2.2476916,2.8794272,4.1602926,2.3038557,3.2787685,2.191754,2.6424465,2.9587615,3.0654202,2.8594697,2.4647074,2.6212027,3.0430493,3.0839474,2.9951103,3.0532098,3.6309626,3.4487002,3.040323,3.3129125,2.5082157,2.5934231,3.8624418,3.6480062,3.0667443,2.6185927,2.85103,2.5088158,2.2330914,2.8957834,2.575747,2.4564755,1.9358304,2.014954,2.6126266,2.09002,2.9734812,2.5331974,2.4643273,2.487772,2.488094,2.5098398,2.5489726,2.5325954,3.662479,4.2181377,3.7278926,3.723214,2.200393,2.2753267,2.0303104,3.2798824,3.2276044,3.2335021,2.2577066,2.664144,2.4272943,2.75408,3.2526667,3.43557,2.732221,3.1119523,3.5259402,3.0475192,3.0384116,3.0399952,3.1119514,3.2575586,3.4126503,3.6066213,2.9628408,3.0207026,3.1384385,2.953686,3.0858173,3.3759365,3.199896,3.3606758,3.193966,4.327042,3.5643587,3.935032,3.21874,2.9726589,2.7872648,3.004739,3.1110556,3.8297603,2.9955509,3.0601375,2.946359,2.946359,3.5751722,3.5782175,3.350076,3.3501422,3.457778,3.3721757,3.1554093,3.0555155
23,2.7953598,2.7692926,2.8154964,2.773308,3.1760123,2.6864963,2.5227742,2.6101575,2.6703029,2.2159905,2.3192594,2.1887095,2.5771983,2.7340674,2.324419,2.6286297,1.4204285,1.4270016,1.7736834,1.9571515,0.8335202,1.509812,0.7399324,0.0,1.6664,1.9577036,2.7597919,2.5236328,2.2029343,2.6484966,4.1641855,2.2697918,3.2229266,2.1744037,2.5998838,2.9504848,3.1593904,2.931693,2.5655322,2.5918067,3.0499845,3.0584931,3.0418062,3.1280272,3.6440265,3.4325595,2.9175422,3.330802,2.4481142,2.7740598,3.828737,3.7198324,3.365531,2.8457935,3.1295543,2.64755,2.2393463,2.828698,2.334797,2.234116,1.8002633,1.9099809,2.4826188,1.9549521,2.729581,2.5053742,2.4831076,2.4692388,2.5414572,2.5663497,2.5947204,2.4271274,3.7790058,4.2766848,3.9011483,3.8652897,2.4219723,2.4861593,2.268871,3.3658395,3.1483958,3.1654236,2.248226,2.6799428,2.5644863,2.701408,3.2317991,3.3929176,2.7642825,3.1367333,3.516746,2.954574,2.9405305,2.9595273,2.9641929,3.130404,3.2488372,3.4453874,2.7971098,2.8815744,2.8418908,2.6760573,2.815372,3.2665403,3.1527197,3.3257847,3.1361897,4.264564,3.4745126,3.9140244,3.0882971,2.8439548,2.6946404,3.250862,3.1231732,3.859983,2.9375277,2.952175,2.9515967,2.9515967,3.5387406,3.5549102,3.2831252,3.298453,3.408145,3.254451,3.1044858,2.9585235
24,3.15065,3.1126924,2.9725716,2.9603531,3.4499345,3.0844812,2.6561117,2.7200534,2.5311234,2.5269206,2.7416084,2.736591,2.584913,2.7419803,2.5229821,2.8444197,2.1209447,2.0962338,1.810942,2.513256,1.8663752,2.0487647,1.7498068,1.6664,0.0,1.271803,2.2062051,1.9048334,2.2440624,3.010497,3.8580987,2.174754,3.1509783,2.164824,3.036621,3.2414804,3.3420181,2.994536,2.1135826,2.2209651,3.286795,3.5530164,3.41777,3.4179037,3.6733143,3.459065,3.066251,3.2940803,2.50449,3.0174606,4.2342257,3.643086,3.0266309,3.030739,3.1080415,2.7910676,2.64393,3.1416018,2.6877482,1.6454855,2.0041113,2.1302295,3.0533972,2.3391423,2.8590233,2.4850757,2.4515612,2.470776,2.5640655,2.5701146,2.6002502,2.593844,3.578237,4.006487,3.9094675,3.853943,2.5596142,2.5783477,2.3028092,3.2052248,3.0517673,3.0570393,2.2159164,2.5004895,2.4196227,2.7586374,3.1255372,3.0873318,2.6612093,2.896257,3.4642677,3.0940604,2.8831909,2.8750763,2.902689,3.0161734,3.6694527,3.757188,3.2476137,3.3113272,3.450822,3.2986872,3.425038,3.6192303,3.45568,3.5763152,3.496693,4.5610986,3.865714,4.3000956,3.4823153,3.4294841,3.4302652,3.777258,3.4805837,3.9608874,3.376184,3.480336,3.311334,3.311334,4.012757,3.9250815,3.8778782,3.9065325,3.8046036,3.7565613,3.4851365,3.4301155
25,3.1584792,3.3981857,2.9063628,2.8692403,3.8381677,3.3674297,2.4209137,2.473697,2.91724,2.7184799,2.75057,2.5772715,2.8698359,3.0259223,2.8276565,2.7979329,1.9847156,1.940949,1.5898023,2.4156525,1.7035539,2.0603707,1.6853296,1.9577036,1.271803,0.0,2.2767735,1.6846536,2.6674316,3.4866111,4.136826,2.5958493,3.440661,2.4990335,3.223407,3.4257529,3.6280384,3.1986105,2.5148895,2.446113,3.5473294,3.808231,3.6956985,3.6622055,3.8910635,3.7582757,3.321777,3.683147,2.785568,2.9700398,4.39824,3.7586074,2.9876332,2.8170862,3.1259043,2.7781837,2.8696518,3.3329792,3.1730764,2.4069517,2.1711204,2.27079,3.2385576,2.5813315,3.2503183,2.8765938,2.7753007,2.776307,2.893011,2.8950412,2.9513052,2.7415717,3.7800426,4.2118173,3.8678653,3.8274033,2.128559,2.1782768,1.8472176,2.9378397,3.3297427,3.3544993,2.5850172,2.8306985,2.4476583,2.8831005,3.3496974,3.200747,2.9223213,3.0755072,3.5792513,3.0665107,3.0126612,2.9614584,3.073262,3.1376917,4.038542,4.115807,3.6945095,3.7637792,3.8027613,3.6379592,3.763144,4.1132293,3.5764353,3.745046,3.578504,4.5810847,4.0129724,4.305069,3.6114228,3.5714111,3.460718,3.6236567,3.6845126,4.22677,3.5420241,3.5850973,3.543244,3.543244,4.1984305,4.107567,4.071205,4.077036,3.929731,3.8108747,3.614167,3.526253
26,3.712657,3.7024398,2.5761776,2.5386953,3.1683235,2.8163376,3.1423666,2.9731328,2.8461528,2.4217327,2.5039408,2.6075222,2.2561722,2.3760052,2.205265,2.3905835,3.0132365,2.9733956,2.5532238,2.738816,2.9426956,3.0426726,2.7392502,2.7597919,2.2062051,2.2767735,0.0,1.6256387,2.9276636,3.4921937,4.4066463,2.8021998,3.6624587,2.752021,3.384968,3.2718258,3.3896942,3.4075181,2.8168423,3.1356354,3.9287407,4.2043695,3.9974282,3.9059494,3.9134853,4.3871846,3.7047465,4.065086,3.0045545,3.4116902,4.2731557,3.7733042,3.5434442,3.4955902,3.620606,3.2719903,3.2969475,3.681177,3.1711571,2.480103,2.4443502,2.5447514,3.7787614,3.0219085,3.3263097,3.1313376,3.040726,3.0051386,3.148593,3.1726518,3.18105,3.1078138,4.524996,4.7348027,4.9279866,4.6110163,3.122661,3.103771,2.7189908,4.2480965,3.507008,3.5222483,3.0988543,3.0244417,3.0055997,3.0308087,3.4408357,3.330732,2.797927,2.822862,3.6884606,3.3522148,3.3400555,3.359444,3.4762676,3.49997,4.07417,4.0250354,3.6276448,3.7229633,3.743702,3.5823996,3.7281122,4.0410824,3.7842774,3.8188863,3.8334982,5.080738,4.0604362,4.446264,3.8273528,3.829867,3.962982,4.2904506,3.873779,4.381065,3.7820714,3.632452,3.7999654,3.7999654,4.354385,4.445794,4.162489,4.156255,4.215035,4.130852,3.7646832,3.7599947
27,3.3586762,3.5421216,1.9626267,1.9140629,2.9177706,2.3263578,2.38306,2.236713,2.299031,2.1007025,2.117852,2.027853,1.8502777,1.9832991,1.8439044,1.806641,2.3368573,2.2784638,1.9806374,1.9276036,2.4545026,2.662263,2.3156965,2.5236328,1.9048334,1.6846536,1.6256387,0.0,2.7112353,3.5072484,4.2249784,2.6476035,3.5202894,2.5963423,3.2198436,3.53181,3.1176426,3.153032,2.5196872,2.9295268,3.8054407,4.0462866,3.7318199,3.651559,4.2974896,4.223268,3.7050977,3.8468184,2.7780213,3.063266,4.094497,3.382547,3.0352182,2.9842937,3.1575296,2.8627963,3.0395749,3.4587984,3.1218288,2.420254,2.2823734,2.374302,3.61026,2.875833,3.1959774,2.7712286,2.702834,2.7278798,2.8097534,2.7854228,2.821628,2.872775,4.2550316,4.538625,4.601122,4.314965,2.3309808,2.3822646,1.9751376,3.8280869,3.364364,3.3749766,2.9325924,2.771208,2.6116085,2.9637952,3.3769948,3.3082228,3.0006094,3.1256719,3.4677172,3.2062106,3.1567886,3.0584164,3.2062497,3.3177562,4.05656,4.024347,3.6313214,3.7082412,3.7740295,3.6429036,3.748663,3.9989145,3.6071987,3.7268665,3.6419134,4.677547,3.9808373,4.257008,3.650925,3.641276,3.6804278,3.8069851,3.7223353,4.218425,3.6013112,3.4547231,3.591998,3.591998,4.244017,4.3392572,4.051179,4.0619383,4.04089,4.01221,3.6984205,3.6535888
28,2.1532643,2.0928056,2.3175685,2.3755946,3.0180595,2.772659,2.1405423,2.211783,2.312362,2.7943897,2.674231,2.6742404,2.2430825,2.3771837,2.2892969,2.500716,2.4266443,2.3530962,2.6350389,2.4943514,2.346251,2.339695,2.2476916,2.2029343,2.2440624,2.6674316,2.9276636,2.7112353,0.0,1.7515762,3.1352544,0.5449069,3.3493512,2.1261694,2.8075893,2.8157141,2.7235112,2.5636656,2.1709132,2.5450222,2.1988804,2.4030588,2.2163699,2.2816474,3.2721565,3.0315819,2.7431607,2.8253539,1.8408202,2.874604,2.6871924,2.84593,2.91852,2.5169117,2.4300385,2.3264918,1.8813157,1.6987083,1.5511156,2.2926476,1.7359912,2.1315877,2.3001292,2.0606997,1.8118005,1.643367,1.7854179,1.7178595,2.1748862,2.2037044,2.2149394,2.681914,3.1586516,3.3623776,3.6072712,3.2914793,2.368685,2.3789833,2.2667823,3.2273986,2.0496802,1.999109,2.1586225,1.8557444,1.8067054,2.5826423,2.3868775,2.9868383,2.1558735,2.4055219,2.8728738,2.922701,2.858151,2.794933,2.6958058,2.7542703,2.1669762,2.2749298,2.092833,2.0850053,2.3575916,2.4380832,2.321171,2.07122,2.156724,2.251299,2.3170252,3.5896382,2.3835473,2.5900974,2.314114,2.269524,2.2967649,2.4119506,1.8947501,2.6039875,2.1223423,2.276535,1.8831127,1.8831127,2.483238,2.44805,2.447326,2.4825778,2.400355,2.588678,2.1776142,2.232008
29,2.8747468,2.5877562,2.925696,2.9666998,2.4554598,3.1664953,3.113981,3.1026156,2.9697258,3.1656985,2.9730022,3.1021397,2.7521164,2.8580837,2.8745413,3.180579,3.0084224,2.898685,3.4822333,3.192575,3.0772696,3.0507002,2.8794272,2.6484966,3.010497,3.4866111,3.4921937,3.5072484,1.7515762,0.0,3.8016741,1.892011,4.0068145,2.8635917,3.4816773,3.3276274,3.6895456,3.3315728,2.9024746,3.2685883,2.7460418,2.892861,2.6692605,2.7319605,3.7286005,3.573,3.2674534,3.5227933,2.4656484,3.5517488,3.10546,4.002223,3.7026646,3.1683807,3.1990929,3.0352528,2.3148477,2.1237733,1.682508,2.8020825,2.21481,2.5305004,2.7189627,2.5870714,2.1945193,2.1837285,2.295975,2.2457092,2.631845,2.7002146,2.667562,3.0785935,3.8252347,3.940732,4.2700253,3.9158862,3.185351,3.2515273,3.1725302,4.069245,2.7710893,2.7362263,2.8100512,2.6176443,2.8091753,3.1795466,3.0642762,3.596224,2.9839077,2.9857302,2.7441707,2.8155327,3.5916111,3.6092792,3.3966084,3.4580002,2.2319438,2.3253908,2.0525472,2.0901613,2.3082178,2.431271,2.3094888,2.0639493,2.7921906,2.9193497,2.9340174,3.3837683,2.8340545,2.9889257,2.5988915,2.4802032,2.520818,2.871685,2.199955,3.5447106,2.4286408,2.4711568,2.198354,2.198354,2.7220573,2.8071346,2.6176767,2.651165,2.1761494,2.3516967,2.675416,2.457553
30,3.8731956,3.8752499,4.314207,4.370701,4.6854715,4.5728173,3.9731357,4.1215363,4.1696033,4.503405,4.5207124,4.564321,4.073412,4.085514,4.103157,4.241615,4.1291647,4.16082,4.3877587,4.4064813,4.2135215,4.14666,4.1602926,4.1641855,3.8580987,4.136826,4.4066463,4.2249784,3.1352544,3.8016741,0.0,3.3205416,3.1362274,2.6836896,3.0612824,2.908251,3.0995936,2.2082021,2.5458128,2.8169055,2.838127,2.8528783,2.7626493,2.8377066,3.7188513,3.3795083,3.1391423,2.6376998,3.8201447,4.473849,4.3397565,4.4002504,4.2888546,4.131606,4.0760136,4.0460277,3.6445637,3.4324179,3.4826381,3.719433,3.5874012,3.684135,3.9351716,3.843695,2.5064254,2.2527719,2.3647933,2.5772967,2.672419,2.6824183,2.6473897,3.1067996,1.997708,2.2086377,3.0643601,2.7435396,3.0658822,2.946762,3.376613,3.5453563,2.3740928,2.3569949,2.6280205,2.421116,2.5645967,3.0504293,3.0979266,3.3524928,2.7673986,2.8427384,3.3088443,3.3361213,2.3206162,2.2131212,2.1727927,2.1401954,2.862061,2.837011,2.857719,2.833003,3.0210712,3.087904,2.993759,2.802583,2.8146808,2.7143273,2.8850002,3.0118642,3.2214444,3.2942705,2.8957965,2.931647,3.1719682,3.0414705,2.659202,2.1935008,2.7698216,3.6091835,2.6484694,2.6484694,2.905658,2.7885966,3.0183883,3.0486882,2.9249442,3.0650709,2.6534374,2.7815926
