,0,1,2,3,4,5,6,7,8,9,10,11,12,13,14,15,16,17,18,19,20,21,22,23,24,25,26,27,28,29,30,31,32,33,34,35,36,37,38,39,40,41,42,43,44,45,46,47,48,49,50,51,52,53,54,55,56,57,58,59,60,61,62,63,64,65,66,67,68,69,70,71,72,73,74,75,76,77,78,79,80,81,82,83,84,85,86,87,88,89,90,91,92,93,94,95,96,97,98,99,100,101,102,103,104,105,106,107,108,109,110,111,112,113,114,115,116,117,118,119,120,121,122,123,124,125,126,127
0,0.0,1.3102523,2.1671417,0.38155565,2.3488739,0.82248396,0.7720988,0.7586819,1.9577783,1.9197514,2.5525413,2.5718818,3.4210043,3.3335757,1.9388666,1.8341796,4.735204,2.8788013,2.3808067,2.5225968,2.1022809,2.3646448,2.357451,2.6540017,2.4221382,1.7665693,3.0415049,2.2341592,4.2897444,4.328269,3.5932868,3.7861047,3.0667324,3.0429955,3.7205496,3.052571,3.2215173,3.0876245,3.0776024,3.6399634,2.9396305,2.9536183,3.1647801,2.9036915,2.586189,2.634542,3.744785,2.356828,4.62261,4.208404,3.9814434,3.4811945,3.8625486,3.8820357,4.3032765,4.302819,5.0361753,4.77707,4.218058,4.6020474,4.6600885,4.252715,3.6254368,3.7317555,3.5167572,3.578963,3.716114,3.8370104,4.551624,4.6030583,3.6105082,3.8477445,3.8867495,3.8812943,3.9679403,3.9689755,4.3370605,4.5964146,4.7187624,4.79005,4.7303905,4.8841047,4.199923,5.260654,4.632926,4.5497637,4.64828,4.318588,3.7515645,3.87164,5.148327,3.938248,3.6196332,3.6399078,3.45607,3.2780304,2.8480868,2.855129,3.6384785,3.0402987,3.7308354,3.7135017,3.547931,3.547931,3.809075,3.7281814,4.2463927,3.772882,3.0924318,3.0924318,3.690146,3.222947,4.210406,4.0626006,4.665023,4.657403,4.5439477,4.5040627,4.5391808,4.212121,4.6591573,4.906899,3.6973572,3.4428854,3.7324615,3.5742474,4.8678613,4.7281485
1,1.3102523,0.0,1.8779535,1.3296143,1.8659645,1.2784547,1.3804324,1.3683137,1.6749656,1.5650966,1.7234807,1.767932,3.225487,3.1616216,1.5439161,1.6376616,3.775083,2.1675334,1.7729865,1.7416521,1.4266427,1.5926644,1.624087,1.9428359,1.8033721,1.4306666,2.5287423,1.7553238,3.342687,3.3751452,2.7175913,2.9222772,2.4056172,2.3876004,3.281737,2.287865,2.6980753,2.2705207,2.5213006,3.5328584,2.055389,2.0821757,2.4901004,2.104886,1.9866998,1.9988066,2.6995497,1.7690814,3.8470607,3.514262,2.9481246,2.7843552,2.8966177,2.9261813,3.6973119,3.7184432,4.392359,4.236939,3.4906719,3.830702,3.853657,3.3869584,2.6479754,2.779552,2.497486,2.564482,2.655422,2.8309715,3.5541034,3.6103938,2.5493128,2.7139895,3.0484385,3.0423036,3.126827,3.1517754,3.2107608,3.5508776,3.8688998,3.9085834,4.3383574,4.410527,3.58282,4.751175,3.8109934,3.767206,3.8404129,3.6505752,3.025692,3.1657972,4.383174,3.1071396,2.7698188,2.8019552,2.7545676,2.4667468,2.3092415,2.303669,2.6474159,2.359489,2.724399,2.7619374,2.625325,2.625325,3.2287676,3.2111487,3.223272,2.718395,2.3477676,2.3477676,2.726145,2.4702725,3.8609636,3.6902454,4.208373,4.4085693,3.9463773,3.972595,4.042936,3.656866,3.9574795,4.3618755,2.7317297,2.7108848,3.2593763,3.0291364,4.11946,3.9597013
2,2.1671417,1.8779535,0.0,2.0986352,2.7520452,1.6920428,1.7515084,1.7231692,2.422873,2.5547194,3.0797498,3.1078331,3.6694458,3.5126407,2.509419,2.6101055,4.6119394,3.2950296,3.070988,2.9236226,2.8141005,2.942278,2.885191,2.3574529,2.3224506,2.560429,3.6910698,2.9437504,4.2818494,4.127635,3.6071382,3.7930489,2.799788,2.7829359,3.5100505,2.706291,2.9895165,2.580146,2.761662,3.7424762,2.7262065,2.7300947,3.0860682,2.753845,2.9722712,3.0641797,3.3352704,3.077265,4.464582,4.1561384,3.8381677,3.3816714,3.8678727,3.894844,4.2721124,4.290588,4.875948,4.705635,4.0762596,4.2894382,4.313606,4.030233,3.4256227,3.5463622,3.6505787,3.7060513,3.8362536,4.0211563,4.6791515,4.724372,3.7558165,3.9195344,3.3334086,3.3299077,3.396256,3.4379933,3.3183572,3.9881063,3.7843769,3.8463829,5.159175,5.0281525,4.562937,5.504686,4.6827803,4.5202165,4.572689,4.3138847,3.8128643,3.9509397,5.179326,4.0529246,3.7247212,3.8334215,3.8592923,3.5367413,3.237853,3.2226973,3.5400653,3.4761178,3.5490623,3.6632705,3.4452052,3.4452052,3.937122,3.920253,3.3175874,3.6115606,3.3363934,3.3363934,3.4665446,3.521739,4.8154745,4.6651206,4.8932047,4.9346943,4.5564675,4.670229,4.8871326,4.288544,4.7703576,5.04371,3.6621382,3.5310109,3.9375262,3.6810994,4.9780593,4.543462
3,0.38155565,1.3296143,2.0986352,0.0,2.4843254,0.8848422,0.8294889,0.799518,1.9203415,1.8792418,2.5761325,2.598818,3.4773834,3.393252,1.9297671,1.837529,4.715392,3.0073435,2.5073454,2.6099856,2.2096422,2.4354358,2.4275339,2.717764,2.5364146,1.9139206,3.1003132,2.3603737,4.2943506,4.316354,3.6266568,3.8293066,3.1933312,3.1727579,3.7219563,3.1600037,3.381035,3.1684601,3.1662314,3.819455,2.9973195,3.0125487,3.238748,2.9757948,2.7560427,2.7963638,3.7353818,2.5024464,4.570698,4.160461,4.004173,3.5049846,3.8485966,3.874601,4.209971,4.210487,5.075094,4.848323,4.228831,4.609653,4.6881227,4.2325783,3.6395695,3.7455206,3.535965,3.6018617,3.7155933,3.8563359,4.621418,4.6797886,3.6332693,3.8882427,3.7169292,3.7113123,3.7984087,3.7994592,4.3016763,4.5759478,4.6990457,4.7916894,4.7888293,4.940777,4.234639,5.328724,4.604288,4.5392575,4.7286296,4.340111,3.768946,3.899205,5.2393737,4.015942,3.6777022,3.6900296,3.4837444,3.2991347,2.9300625,2.9338248,3.6710775,3.0973976,3.7119877,3.7239137,3.5533361,3.5533361,3.8266459,3.7735777,4.245056,3.7661903,3.1342134,3.1342134,3.7359948,3.2785373,4.2685223,4.112325,4.732292,4.7488475,4.5790343,4.544111,4.626414,4.2252965,4.7516475,4.944496,3.708045,3.4740133,3.8175976,3.6594636,4.931252,4.792266
4,2.3488739,1.8659645,2.7520452,2.4843254,0.0,2.4463534,2.4624221,2.468664,3.0111113,2.8912938,2.07635,2.1281612,4.204771,4.1340237,2.9806356,3.0877242,3.8779607,1.8615856,1.5435395,1.5614779,1.8515826,2.2545607,1.7676678,2.204284,1.3978796,1.4264171,2.8629403,1.2017081,3.3558571,3.3271317,2.657105,2.6849976,2.6565018,2.6442711,3.3207808,2.528092,2.3773324,2.2975655,2.516949,2.553701,1.7351878,1.7462472,2.0772707,1.6651006,1.8207421,1.9339252,2.9220326,1.7534822,3.6767554,3.2286704,2.870977,2.3945673,2.853759,2.8469694,4.1400247,4.1766677,4.3454256,4.2842116,3.665004,3.9138682,3.7600892,3.3578947,2.623263,2.7640767,2.6284099,2.6108503,2.928297,2.8996208,3.0718577,3.0827105,2.9088597,3.0378714,3.9538908,3.9479113,3.9814754,4.032138,3.3807962,3.4971583,3.629003,3.703594,4.3131013,4.35107,3.5821004,4.1929264,3.7821581,3.5550547,3.886611,3.6866932,3.882721,4.021314,4.2535176,3.4430149,3.0040371,3.051633,3.5262492,3.234987,2.1355104,2.134549,2.583475,2.036183,2.7056499,2.701589,2.5968864,2.5968864,3.0228696,3.1607974,3.2485685,2.684456,1.9787539,1.9787539,2.5826583,2.2275403,3.5432534,3.4046261,3.8489263,4.285196,3.5628872,3.598796,3.7988887,3.5841055,4.086927,4.411834,2.9124775,3.0177581,2.9129841,2.7011898,4.0018144,3.8386703
5,0.82248396,1.2784547,1.6920428,0.8848422,2.4463534,0.0,0.31064704,0.23474789,1.9821665,2.0178044,2.586045,2.6144753,3.4939282,3.380321,1.8731416,1.8378255,4.7342644,2.9712892,2.5925324,2.6554763,2.226586,2.3347938,2.4638388,2.5143397,2.397421,1.9813917,3.19825,2.464862,4.340412,4.3484936,3.651651,3.8552375,2.7857878,2.7581718,3.6091995,2.7589056,3.0882738,2.7988176,2.9626708,3.7030714,2.8186538,2.8295126,3.073834,2.808182,2.5659084,2.5819998,3.5352182,2.5105104,4.5077734,4.2048016,3.8809376,3.4673998,3.875196,3.921201,4.1480155,4.173405,4.9579234,4.7305875,4.15156,4.5037575,4.5825825,4.264298,3.5274477,3.6382,3.5538836,3.6395276,3.7014248,3.8444347,4.562922,4.6153398,3.596778,3.7754557,3.7117617,3.7071803,3.783749,3.7934344,4.0485306,4.4003534,4.603467,4.643428,4.7797494,4.8468294,4.2858224,5.370889,4.5469904,4.4834743,4.5524397,4.3052745,3.7247984,3.8312907,5.2034316,3.970868,3.6194634,3.6801324,3.4724312,3.2631419,2.9534578,2.955087,3.641559,3.205493,3.7606926,3.7540429,3.5845816,3.5845816,3.8522131,3.8029683,4.0534673,3.7793515,3.0999928,3.0999928,3.5817494,3.2004178,4.4990773,4.349872,4.9431367,4.9050274,4.688449,4.693655,4.8174973,4.4100075,4.7756333,5.0917916,3.7413154,3.5306659,3.8363519,3.6993787,4.915514,4.702933
6,0.7720988,1.3804324,1.7515084,0.8294889,2.4624221,0.31064704,0.0,0.15721287,1.9625586,2.0068011,2.6486826,2.6750531,3.5207603,3.4103286,1.9177969,1.8298404,4.775624,2.9794438,2.5659537,2.658751,2.2669978,2.443913,2.4916012,2.5594447,2.3885293,1.9758085,3.2404592,2.429481,4.4157314,4.3809366,3.7162793,3.9202912,2.8458636,2.8186574,3.5973487,2.8316166,3.0852458,2.8770485,2.964227,3.6342003,2.8399522,2.8483713,3.0090957,2.815206,2.5755997,2.6111264,3.6387978,2.515139,4.5694056,4.2122426,3.9321098,3.5488374,3.9520438,3.9891856,4.260833,4.2650514,5.004087,4.753157,4.210084,4.6321316,4.687037,4.3707952,3.5913017,3.7083628,3.6177669,3.698643,3.766923,3.9153275,4.63436,4.68972,3.6672547,3.869417,3.7628634,3.7580907,3.830929,3.839451,4.160337,4.4972925,4.6285157,4.6857514,4.7957945,4.885798,4.309439,5.3626156,4.6111116,4.5127125,4.625586,4.3327,3.8184438,3.9228387,5.2136664,4.0367327,3.6361997,3.694684,3.5115633,3.3121245,2.9761527,2.98085,3.6938589,3.2333043,3.7962139,3.7808,3.6078064,3.6078064,3.9672668,3.9159272,4.135175,3.8263502,3.1411731,3.1411731,3.6512444,3.256476,4.480094,4.322175,4.929875,4.839379,4.655891,4.654427,4.794414,4.386986,4.8981156,5.1715913,3.8152823,3.5878768,3.8816576,3.7558718,4.97356,4.752828
7,0.7586819,1.3683137,1.7231692,0.799518,2.468664,0.23474789,0.15721287,0.0,1.981832,2.0191612,2.6582427,2.6873517,3.4964721,3.3829472,1.9426446,1.8766893,4.768556,2.9978914,2.596213,2.679602,2.2827394,2.4392636,2.5107179,2.5730317,2.4043677,1.9925407,3.2373486,2.4515939,4.397049,4.391134,3.6921544,3.8972604,2.8498404,2.8232985,3.5843067,2.831043,3.110077,2.871018,2.977507,3.646883,2.8542943,2.8633797,3.0769742,2.8342936,2.6002698,2.6301398,3.6069734,2.5387864,4.533126,4.1976657,3.929436,3.49713,3.917473,3.958516,4.2146797,4.2193666,4.990073,4.7503986,4.1938477,4.567784,4.636388,4.314237,3.5770307,3.6874428,3.6121614,3.69602,3.7535534,3.8995028,4.628625,4.6826935,3.6586006,3.866603,3.7272112,3.7224011,3.7936797,3.8019722,4.1286306,4.470642,4.617331,4.678001,4.7809906,4.8629093,4.290399,5.3528466,4.5833826,4.498619,4.615168,4.3136554,3.8161678,3.9155784,5.2125726,4.0260005,3.641963,3.7003248,3.5106187,3.3110907,2.9548469,2.958288,3.6856656,3.2198029,3.791561,3.7815053,3.6052244,3.6052244,3.8868446,3.83987,4.10667,3.8196263,3.116605,3.116605,3.6284575,3.230837,4.474345,4.323731,4.9362793,4.846108,4.664934,4.664919,4.8055315,4.389271,4.848372,5.117012,3.799863,3.5734081,3.8561711,3.7306123,4.959672,4.7475643
8,1.9577783,1.6749656,2.422873,1.9203415,3.0111113,1.9821665,1.9625586,1.981832,0.0,0.40049744,2.2407935,2.2398121,2.726621,2.7062683,1.1687576,0.93055964,3.8224132,2.6992838,2.1917377,2.1213155,1.7575647,2.2313237,1.9871606,2.000608,2.3045201,1.9398506,3.3750484,2.354762,4.124905,4.126169,3.1676435,3.4150627,2.6112025,2.5941885,3.255945,2.5931315,2.8867965,2.62888,2.452402,4.269576,2.5164964,2.5308113,2.7797422,2.5184271,2.2968874,2.385661,3.2247236,2.1918802,4.2172065,3.7775702,3.6046295,3.8561747,3.552492,3.5578377,3.8599074,3.8868964,4.675176,4.3829637,3.5539052,4.109873,4.3803005,3.8172724,3.082821,3.180182,3.1031637,3.1693506,3.2317512,3.2980402,4.2547503,4.299874,3.1089509,3.414522,3.2230597,3.2198737,3.361569,3.3126836,3.6435316,4.1972556,4.0456247,4.161225,4.661659,4.8270164,3.9794652,5.045932,4.4192715,4.3415,4.498335,3.9957294,3.139549,3.19607,4.6710467,3.3656874,2.7848563,2.8084257,2.8965197,2.6681468,2.8488808,2.8589113,3.1105444,3.0124106,3.0590768,2.9871807,2.8825111,2.8825111,3.8924847,3.6855028,3.5731835,3.172026,3.1253734,3.1253734,3.0956101,3.2723927,3.9715562,3.8228598,4.0845895,4.1996927,3.9358752,3.9626827,4.0219555,3.6634574,3.9608681,4.187658,3.1161318,3.0093455,3.6554914,3.630385,4.406269,4.102444
9,1.9197514,1.5650966,2.5547194,1.8792418,2.8912938,2.0178044,2.0068011,2.0191612,0.40049744,0.0,2.039537,2.041777,2.663509,2.6596472,1.1187598,0.91870254,3.6995714,2.5071876,2.01673,1.9621595,1.6116103,2.05565,1.8712059,2.0801916,2.2593744,1.8454894,3.2221868,2.1877549,3.9578369,3.977155,3.026034,3.2730265,2.60205,2.5900223,3.194655,2.5713615,2.8893168,2.577026,2.4980867,4.1793456,2.4642875,2.4846067,2.768734,2.4793274,2.230322,2.2898302,3.1387815,2.0172904,4.1008496,3.6863277,3.443953,3.7088194,3.3570044,3.3643138,3.8512516,3.8596904,4.634609,4.3544884,3.5224206,4.0466685,4.2950583,3.6760893,2.979486,3.0790246,2.9592702,3.0199609,3.0289245,3.1077583,4.077955,4.1263914,2.9133847,3.2451508,3.145873,3.1409085,3.268989,3.2263396,3.6317134,4.115642,4.089535,4.215126,4.5918837,4.787228,3.8477395,4.9328136,4.292263,4.256477,4.4233446,3.908811,3.2005622,3.2578962,4.5433917,3.3044114,2.6769428,2.6794887,2.779932,2.5516849,2.738002,2.7472694,2.95778,2.854756,2.9209023,2.8653855,2.752805,2.752805,3.749479,3.5626097,3.5416276,3.0224276,2.990201,2.990201,2.9976408,3.1356852,3.8962944,3.7432003,4.0601835,4.161322,3.9182312,3.9341726,3.959325,3.6291149,3.822473,4.041072,2.9800572,2.9315774,3.5620391,3.5208855,4.323742,4.080931
10,2.5525413,1.7234807,3.0797498,2.5761325,2.07635,2.586045,2.6486826,2.6582427,2.2407935,2.039537,0.0,0.1625398,4.0776906,4.064907,2.063807,2.3093655,3.5916488,1.640479,1.4923509,1.2597227,0.97647285,0.89536124,1.0244396,1.7896261,1.8874631,1.4805388,2.4646916,1.6150261,3.3923666,3.350637,2.7307544,2.8123376,2.2060165,2.1971266,2.6774023,2.0522227,2.6985378,1.9768456,2.458735,3.9217927,1.6585746,1.6884841,1.9802595,1.713958,1.6551213,1.5615585,2.6403768,1.441132,3.5843322,3.3807743,2.6038456,3.0857928,2.716392,2.783769,3.5429847,3.6059685,4.523811,4.4490924,3.4327097,3.9972851,4.1578693,3.4939888,2.730206,2.885158,2.4112093,2.4470294,2.4695575,2.3541594,2.8457327,2.87682,2.4710758,2.7466078,3.727524,3.7196915,3.785178,3.794953,3.3049288,3.6077745,4.1263614,4.2645197,4.5252376,4.677699,3.745792,4.3156962,3.7220252,3.8007057,4.3048844,3.9198678,3.4368982,3.5833101,4.6325154,3.4621365,2.7778347,2.7680824,3.3941433,3.1290402,2.4980407,2.4956446,2.440389,2.2749276,2.459671,2.4959545,2.4288435,2.4288435,3.4519863,3.5020976,3.281326,2.4629626,2.4562626,2.4562626,2.5054197,2.6113164,3.9588032,3.7707152,4.288836,4.724502,4.0333138,4.085123,4.0852723,3.9679263,3.87938,4.0380077,2.7791035,3.1381967,3.1485474,2.993503,3.8596032,3.6787236
11,2.5718818,1.767932,3.1078331,2.598818,2.1281612,2.6144753,2.6750531,2.6873517,2.2398121,2.041777,0.1625398,0.0,4.1105227,4.097899,2.0538719,2.289782,3.6889615,1.6561481,1.5088271,1.2806048,0.98642117,0.9340428,1.0246698,1.7821398,1.9108951,1.4836029,2.5013254,1.639976,3.4837842,3.4283373,2.8389616,2.917429,2.2450106,2.234942,2.727579,2.0984168,2.709136,2.0203116,2.4868147,3.960621,1.7177951,1.7447367,1.9985712,1.7505605,1.6927742,1.6127322,2.763762,1.4491847,3.6947749,3.4745967,2.7344236,3.213638,2.8479278,2.9087393,3.6272101,3.680543,4.6084313,4.5286956,3.5194466,4.0937634,4.2446012,3.5896163,2.8432634,2.9972699,2.5295854,2.5599775,2.5881338,2.4786353,2.9511802,2.9784534,2.5867767,2.843268,3.810372,3.8023849,3.8726747,3.8788123,3.3917727,3.6856098,4.184217,4.3179684,4.645712,4.7970266,3.8813665,4.435304,3.8715417,3.9380145,4.4251747,4.05562,3.4938269,3.6443517,4.714685,3.546238,2.8786693,2.8698637,3.481089,3.2120607,2.6068318,2.605265,2.5286355,2.3767095,2.5538144,2.5897968,2.5242083,2.5242083,3.5579374,3.6009307,3.3659043,2.5624263,2.5746748,2.5746748,2.5836296,2.7317634,4.016797,3.828861,4.343833,4.767257,4.0946264,4.1431956,4.1097302,4.0292163,3.9243088,4.084604,2.8802483,3.229934,3.2340915,3.0687962,3.9491384,3.7601423
12,3.4210043,3.225487,3.6694458,3.4773834,4.204771,3.4939282,3.5207603,3.4964721,2.726621,2.663509,4.0776906,4.1105227,0.0,0.24779183,3.0028472,2.9198308,4.0697036,3.8300824,3.637549,3.6282291,3.5190072,3.7982905,3.9049892,3.851062,3.6146798,3.6230104,4.501999,3.73777,4.8179626,4.9936113,3.4069328,3.6754324,3.5821369,3.5985029,4.519987,3.6484108,3.8072686,3.6621697,3.5465906,4.498665,3.9940836,4.0217805,4.5149627,4.070644,3.6386375,3.6796649,3.854172,3.522764,4.6624255,4.4143057,4.2948737,4.2974153,3.9894733,3.9469802,4.9399867,4.8418717,4.973019,4.4104576,4.184642,4.1150255,4.3412714,3.8422954,3.6491857,3.6768363,3.9183002,3.9558668,3.9516768,4.104637,5.0042424,5.051811,3.6916595,3.9304843,3.7130566,3.7065935,3.7818341,3.775794,4.269015,4.8221507,4.6669364,4.664198,4.820142,4.973901,4.020321,5.4182997,5.0030994,4.9991126,4.327131,3.8846076,3.9370449,3.8641012,4.0275207,3.2733479,3.1487865,3.1782286,2.7908597,2.7170384,3.5125713,3.514825,3.6400054,3.9780726,3.8113906,3.7262552,3.5599995,3.5599995,4.080646,3.604693,3.9855452,3.976488,3.959386,3.959386,3.857952,4.025628,4.7190366,4.6461987,4.455929,3.7773943,4.610799,4.657146,4.768205,4.2855744,3.7845762,4.3674746,3.7473755,3.6149082,4.0248036,4.125422,4.9462914,4.7526183
13,3.3335757,3.1616216,3.5126407,3.393252,4.1340237,3.380321,3.4103286,3.3829472,2.7062683,2.6596472,4.064907,4.097899,0.24779183,0.0,2.9737167,2.9060829,4.1459036,3.8089643,3.6287735,3.6118636,3.5017893,3.766805,3.8894947,3.7854779,3.5331872,3.5720968,4.4627852,3.7054048,4.8354363,5.011586,3.4194279,3.6860015,3.494472,3.5105786,4.4497247,3.5633047,3.7296457,3.5714967,3.4703398,4.3858294,3.9415033,3.968231,4.4703126,4.0167413,3.5984516,3.642954,3.8312328,3.5079918,4.6626806,4.4240975,4.2959676,4.2338214,4.0033402,3.9636614,4.938488,4.8412895,4.967959,4.405929,4.179339,4.0912924,4.314293,3.8515406,3.65959,3.6921177,3.9476917,3.9843018,3.990459,4.138828,5.02893,5.07572,3.7337651,3.971618,3.7077231,3.7010536,3.7764313,3.7712011,4.2262497,4.8071775,4.6340647,4.6311765,4.8164096,4.9438767,4.0579805,5.4274592,5.020388,5.0032187,4.3482018,3.9081924,3.9622674,3.9004774,4.087853,3.3240497,3.2016196,3.24351,2.8634028,2.7804704,3.4785113,3.4794688,3.6544123,3.9680932,3.835246,3.7575707,3.581556,3.581556,4.0416217,3.5717285,3.9394627,3.9991124,3.9350414,3.9350414,3.8372054,4.006666,4.741667,4.668097,4.498541,3.8248086,4.6493764,4.704469,4.8227987,4.3292055,3.8282688,4.400152,3.7767036,3.6302671,3.9954407,4.082794,4.9824176,4.7594433
14,1.9388666,1.5439161,2.509419,1.9297671,2.9806356,1.8731416,1.9177969,1.9426446,1.1687576,1.1187598,2.063807,2.0538719,3.0028472,2.9737167,0.0,0.83366704,4.1468797,2.605824,2.2929583,2.2817197,1.8616718,1.9389745,2.1450102,2.317299,2.4899132,2.117764,3.1426733,2.481747,4.2124066,4.1822815,3.4453213,3.6793168,2.5587823,2.5361764,3.4942446,2.5132449,2.972581,2.5834954,2.8209655,4.232486,2.6128936,2.6358922,2.8557584,2.6641777,2.3408294,2.3202069,3.3164165,2.4199536,4.323001,4.142926,3.604212,3.924362,3.633641,3.680295,4.0327797,4.131398,4.520778,4.255798,3.4620183,4.2301893,4.520095,4.084377,3.2816944,3.405274,3.1942902,3.2864614,3.2333589,3.3885372,4.2522483,4.296078,3.0914679,3.2552743,3.3747647,3.3700957,3.4872556,3.45158,3.7984583,4.5438795,4.5034504,4.534882,4.8922887,5.0412455,4.2507753,5.3876643,4.5465474,4.5341935,4.578451,4.2061596,3.403899,3.4979897,4.8313384,3.573714,3.1201723,3.132305,3.0298493,2.7453165,3.018704,3.0237331,3.2526941,3.1162546,3.305044,3.2833188,3.1724725,3.1724725,4.0778327,3.940974,3.8242388,3.3508162,3.4184027,3.4184027,3.4458218,3.5224638,4.4150133,4.2566466,4.6319757,4.8180704,4.5036883,4.5203204,4.5214887,4.243014,4.1855583,4.578798,3.2642226,3.426851,3.5499206,3.5581844,4.3939815,4.12259
15,1.8341796,1.6376616,2.6101055,1.837529,3.0877242,1.8378255,1.8298404,1.8766893,0.93055964,0.91870254,2.3093655,2.289782,2.9198308,2.9060829,0.83366704,0.0,4.2619286,2.8278708,2.3587434,2.3776338,1.9408529,2.2257214,2.2173433,2.4487424,2.6137145,2.155423,3.3718112,2.5186262,4.35559,4.2892814,3.6080317,3.8524544,2.8535388,2.8331604,3.7631347,2.8416946,3.1686225,2.9009182,2.9048443,4.376234,2.8388305,2.8577995,2.973634,2.846842,2.5131102,2.53063,3.6245377,2.334409,4.5830417,4.2250633,3.8772914,4.178837,3.9141712,3.93817,4.2516756,4.3257504,4.9889417,4.7016225,3.9610422,4.586892,4.7869325,4.2919817,3.4365742,3.550249,3.3948925,3.4678564,3.466086,3.6185608,4.5194054,4.568442,3.3115237,3.465883,3.497602,3.4944339,3.6218514,3.585394,4.0727253,4.5032153,4.601082,4.6235576,5.0162587,5.208296,4.363744,5.5677605,4.742155,4.713116,4.676121,4.393981,3.435786,3.5148053,4.882802,3.6629841,3.1776059,3.187961,3.0052676,2.74011,3.2720673,3.2830439,3.4919362,3.3749278,3.5081322,3.4536657,3.3512352,3.3512352,4.334028,4.1643314,4.10268,3.5660603,3.4636984,3.4636984,3.5356185,3.5574534,4.4176464,4.2607527,4.5865927,4.7279525,4.4657927,4.4569883,4.430806,4.1535087,4.3059936,4.7230477,3.4141743,3.3483968,4.027447,3.999036,4.77629,4.5380645
16,4.735204,3.775083,4.6119394,4.715392,3.8779607,4.7342644,4.775624,4.768556,3.8224132,3.6995714,3.5916488,3.6889615,4.0697036,4.1459036,4.1468797,4.2619286,0.0,3.6054552,3.4165623,3.1822236,3.4919682,3.8726215,3.4015634,3.5854259,3.653851,3.8497725,4.642414,3.6348693,2.8009202,3.098121,1.7194039,1.8348879,3.9629936,3.9800391,4.339623,3.8042297,3.8971322,3.5966446,3.6184745,5.1132455,3.1762798,3.2056754,3.7273138,3.31577,3.5758288,3.630726,2.0603762,3.5475113,2.8591046,2.4484656,2.3142684,3.2051322,1.9612391,1.8302817,3.515034,3.4732606,3.536099,3.5754538,2.772119,2.649133,2.865568,1.8528783,1.5304309,1.5025841,1.8408601,1.7952746,2.049225,1.9370546,2.4696085,2.542069,2.02408,2.2349787,3.039323,3.0378706,3.0972133,3.1480427,2.391453,2.887185,2.7388399,2.8605106,3.5780866,3.6517913,2.2016258,3.4580696,2.4027827,2.3613887,2.6891408,2.1927667,3.1458216,3.1163936,3.1904352,2.3411891,1.7829568,1.7577692,2.4753613,2.4495542,2.7660987,2.754313,1.9154545,2.6528053,1.5905074,1.4026291,1.7215613,1.7215613,2.987092,2.8987277,2.3314447,1.6315438,2.6260881,2.6260881,2.4234912,2.694054,3.324554,3.1965868,3.0631282,3.5924206,2.4931383,2.6905627,3.4808455,2.6909811,3.5363278,3.914345,2.201984,2.6738188,3.4116557,3.431763,2.9442825,2.996569
17,2.8788013,2.1675334,3.2950296,3.0073435,1.8615856,2.9712892,2.9794438,2.9978914,2.6992838,2.5071876,1.640479,1.6561481,3.8300824,3.8089643,2.605824,2.8278708,3.6054552,0.0,0.9934704,1.3141863,1.6078125,1.7205046,1.7113451,2.1743927,1.5962307,1.6734366,2.5529728,1.4161419,3.492759,3.4342506,2.67344,2.7312536,2.0093892,1.9934129,2.609702,1.9091195,1.6808876,1.8863289,2.6227021,2.7481654,1.6537532,1.6698533,1.9943331,1.6813232,1.2511845,1.2914561,2.7829332,1.3882004,3.6245553,3.3703654,2.4796276,2.9279704,2.6224036,2.6263912,4.22417,4.2288775,3.9564586,3.761117,3.4677675,3.9705384,3.611615,3.4814944,2.7044494,2.8457572,2.582819,2.6099985,2.4642465,2.4870067,2.7195537,2.714457,2.4359503,2.7727706,3.9434724,3.9327824,3.9506443,3.9723454,3.3894975,3.672522,3.9253027,4.079203,4.503433,4.5911684,3.625017,3.9727426,3.9709775,3.8222425,4.163592,3.7871373,3.9300141,3.9808478,3.9537895,3.2867773,2.60177,2.6361604,3.425789,3.1526039,2.3368177,2.3381982,2.086099,2.1673756,2.4904068,2.4795585,2.3898022,2.3898022,3.3937774,3.4316647,3.1068113,2.4893162,2.4453323,2.4453323,2.3571765,2.591948,3.724221,3.5840235,3.9815261,4.2019076,3.7391162,3.7893608,3.739315,3.8582942,3.5914073,3.7854044,2.783894,3.171023,2.9248743,2.7997787,3.771709,3.6050618
18,2.3808067,1.7729865,3.070988,2.5073454,1.5435395,2.5925324,2.5659537,2.596213,2.1917377,2.01673,1.4923509,1.5088271,3.637549,3.6287735,2.2929583,2.3587434,3.4165623,0.9934704,0.0,0.7280662,1.0808524,1.7858281,1.0750256,1.8335595,1.320803,1.0458311,2.650877,0.74136704,3.317308,3.2711706,2.5068092,2.6023264,2.2972932,2.277219,2.9044933,2.209938,1.9766325,2.1697237,2.3019953,2.9818723,1.5087501,1.5198877,1.7557477,1.4273053,1.1180062,1.3022052,2.8315046,1.0312765,3.6690946,3.171418,2.6713405,2.9570427,2.7086017,2.6854665,4.038095,4.0354414,4.074383,3.8984432,3.3181064,3.8922787,3.7655723,3.3547783,2.4794514,2.608826,2.3317063,2.3537586,2.4510112,2.4512398,2.8767323,2.8817108,2.4116325,2.7039251,3.7290363,3.7224135,3.7750976,3.7835736,3.4009695,3.646485,3.6347802,3.774634,4.3069844,4.468509,3.4218736,4.0354156,3.839754,3.631459,3.9657898,3.5881763,3.5201468,3.57743,3.8800707,3.0186768,2.338404,2.3502069,3.0625598,2.7742596,2.0580726,2.0740752,2.1752017,1.874429,2.3278275,2.234253,2.1704495,2.1704495,3.2816038,3.2764807,3.1733851,2.334271,2.1699162,2.1699162,2.3293397,2.3757267,3.231568,3.0880034,3.4979055,3.8054664,3.1894763,3.191657,3.177844,3.2231748,3.556091,3.801018,2.5698516,2.7837632,2.8374128,2.744235,3.6088572,3.4656255
19,2.5225968,1.7416521,2.9236226,2.6099856,1.5614779,2.6554763,2.658751,2.679602,2.1213155,1.9621595,1.2597227,1.2806048,3.6282291,3.6118636,2.2817197,2.3776338,3.1822236,1.3141863,0.7280662,0.0,0.89809245,1.6954894,0.77008224,1.4516882,1.0500761,1.0327268,2.6775901,0.7601922,3.1338596,3.1208026,2.2527695,2.3391387,2.1339726,2.127703,2.7439551,2.0076706,2.1564798,1.85117,1.7988524,3.2301736,1.1274418,1.1473467,1.5287367,1.0486989,1.1941143,1.3575593,2.5538545,1.0511831,3.5077407,3.0264688,2.5077722,2.8330095,2.5697653,2.5477378,3.8712492,3.8481722,4.227122,4.093919,3.1285164,3.634736,3.762344,3.0903907,2.2772312,2.424108,2.1489549,2.128003,2.3655984,2.248648,2.7326324,2.7421265,2.3349733,2.5960207,3.5459235,3.539957,3.6101341,3.6158314,3.025005,3.3807387,3.3376858,3.4805355,4.2200704,4.3550987,3.3788917,3.9935322,3.6699665,3.505117,3.885795,3.4940565,3.347831,3.4482827,3.8689976,2.9300005,2.2088504,2.2289734,3.0272322,2.7259831,1.9778514,1.9879422,2.07382,1.8158296,2.0376194,1.9610493,1.9022375,1.9022375,3.120723,3.1069605,2.8247302,2.0572257,2.025575,2.025575,2.0101786,2.2808754,3.2572055,3.0978374,3.4396627,3.8302672,3.1256542,3.1902661,3.2134838,3.1214585,3.4327328,3.6895912,2.4054594,2.6718233,2.7516923,2.614544,3.5218394,3.267192
20,2.1022809,1.4266427,2.8141005,2.2096422,1.8515826,2.226586,2.2669978,2.2827394,1.7575647,1.6116103,0.97647285,0.98642117,3.5190072,3.5017893,1.8616718,1.9408529,3.4919682,1.6078125,1.0808524,0.89809245,0.0,1.1698099,0.6110916,1.3740443,1.478217,0.79123336,2.5822353,1.201491,3.425314,3.4280448,2.4724312,2.579635,2.044383,2.0277014,2.8171408,1.9715924,2.370302,1.9855496,1.992717,3.6568577,1.5935714,1.6127791,1.9302968,1.5480793,1.2065245,1.2735883,2.673962,0.9166233,3.7062843,3.292387,2.7961283,3.0577288,2.8210893,2.83639,3.568872,3.5680962,4.4480324,4.249651,3.3411899,3.848296,4.032518,3.3484986,2.5668898,2.6994908,2.3266447,2.3632295,2.591001,2.4738894,3.015111,3.03559,2.5016253,2.7720003,3.7567637,3.7511153,3.8389478,3.8433108,3.3192332,3.61804,3.8438604,3.9496691,4.3059187,4.476088,3.5109591,4.206399,3.8136613,3.779883,4.0160956,3.65784,3.0076027,3.1152387,4.319487,3.0092523,2.4270573,2.4407167,3.0420632,2.7893684,2.132776,2.1424217,2.3435016,2.097104,2.3975112,2.320281,2.2334907,2.2334907,3.2851577,3.1840625,3.1780152,2.4514618,2.2613301,2.2613301,2.3679159,2.4396412,3.5795972,3.4130673,3.7952096,4.032631,3.5702372,3.6004677,3.5791786,3.478105,3.5992227,3.869211,2.684644,2.8027213,2.9014869,2.7754319,3.7000597,3.4957423
21,2.3646448,1.5926644,2.942278,2.4354358,2.2545607,2.3347938,2.443913,2.4392636,2.2313237,2.05565,0.89536124,0.9340428,3.7982905,3.766805,1.9389745,2.2257214,3.8726215,1.7205046,1.7858281,1.6954894,1.1698099,0.0,1.5414882,1.990144,2.048284,1.6415335,2.104284,1.9320992,3.6864371,3.7227519,2.823596,2.9285038,1.8435004,1.832762,2.6524026,1.7424668,2.658188,1.8908104,2.5763903,3.8238726,1.9354798,1.9688879,2.3679554,2.0623786,1.6133881,1.4130188,2.6415584,1.5056627,3.643523,3.5889547,2.7056823,3.0783708,2.8039715,2.9010189,3.527781,3.651369,4.586111,4.415128,3.6205354,4.050762,4.1233454,3.6663105,2.9424891,3.0896592,2.611792,2.6837342,2.642819,2.5538092,3.059751,3.0924184,2.563398,2.8390164,3.8569436,3.8482711,3.9096892,3.9220536,3.4181926,3.7039924,4.4624343,4.557698,4.455737,4.5794783,3.7462978,4.3680463,3.838834,3.9761686,4.275059,3.9427257,3.3266125,3.4580445,4.636819,3.3651035,2.876624,2.8860977,3.3513682,3.1154637,2.5715802,2.5645678,2.5908124,2.5570343,2.7923384,2.8219974,2.723498,2.723498,3.494383,3.4653776,3.4057212,2.8287094,2.57348,2.57348,2.620806,2.6445866,4.2446856,4.075228,4.5300374,4.878875,4.445028,4.5022416,4.495411,4.359313,3.8431964,4.096939,2.9286213,3.1886632,3.2163663,3.113992,4.089204,3.89383
22,2.357451,1.624087,2.885191,2.4275339,1.7676678,2.4638388,2.4916012,2.5107179,1.9871606,1.8712059,1.0244396,1.0246698,3.9049892,3.8894947,2.1450102,2.2173433,3.4015634,1.7113451,1.0750256,0.77008224,0.6110916,1.5414882,0.0,1.2457076,1.4604789,0.9208109,2.7947125,1.1692629,3.226923,3.2113955,2.5255337,2.6098351,2.344769,2.3244221,2.9348001,2.2179198,2.436119,2.126198,2.0552528,3.7614903,1.4458413,1.4552242,1.7305642,1.3256757,1.4116443,1.5473666,2.6946287,1.1898729,3.723871,3.222804,2.79053,3.0645945,2.8338675,2.8314397,3.5921197,3.5809278,4.388337,4.29964,3.2689776,3.8142743,3.997026,3.2876284,2.4851716,2.6141543,2.2567105,2.2723255,2.5554702,2.433017,2.9132419,2.9261265,2.5321848,2.757212,3.6999233,3.6956487,3.7899375,3.791129,3.1895273,3.493343,3.5465982,3.67242,4.3931613,4.530592,3.5973694,4.2457685,3.759534,3.6512039,4.0529947,3.7338858,3.090918,3.212971,4.387692,3.1325877,2.5101135,2.5254765,3.1920826,2.9166617,2.1957433,2.2056794,2.3422537,1.9812839,2.2813132,2.2087336,2.1753247,2.1753247,3.2798898,3.2693512,3.0871916,2.2815466,2.2204862,2.2204862,2.305313,2.4385924,3.3906906,3.2215693,3.6732244,4.0797095,3.2871828,3.3204637,3.306877,3.2313597,3.6908264,3.9203517,2.6361225,2.79819,2.9821906,2.791406,3.5896792,3.3881774
23,2.6540017,1.9428359,2.3574529,2.717764,2.204284,2.5143397,2.5594447,2.5730317,2.000608,2.0801916,1.7896261,1.7821398,3.851062,3.7854779,2.317299,2.4487424,3.5854259,2.1743927,1.8335595,1.4516882,1.3740443,1.990144,1.2457076,0.0,1.3360509,1.428658,3.2282398,1.8878278,3.6671848,3.628794,2.6958413,2.781353,1.9517535,1.9270796,2.719865,1.8360242,2.070734,1.7078347,1.5557727,3.8145697,1.3930775,1.3803633,1.7473365,1.2612122,1.601794,1.820061,2.6193154,1.794327,3.8340983,3.3494911,3.0534945,3.2594988,3.1708503,3.1571696,3.5597668,3.5389607,4.3769097,4.231806,3.22968,3.687766,3.9050791,3.372272,2.6470072,2.7788363,2.6906502,2.700264,3.0540936,2.899646,3.350105,3.3550718,2.995301,3.2021937,3.7507186,3.7469757,3.867849,3.8616805,2.807107,3.4620793,3.1504216,3.276522,4.562491,4.540365,3.9257734,4.4273095,4.0863576,3.8843186,4.2421656,3.8946106,3.0227578,3.1610007,4.64184,3.2718887,2.73897,2.8386436,3.513599,3.2424874,2.428137,2.4278526,2.5097644,2.4700296,2.48093,2.4177995,2.3622956,2.3622956,3.4415073,3.3478563,2.6766467,2.5684943,2.5792422,2.5792422,2.2743309,2.8093858,3.7333763,3.5732186,3.8008497,4.106015,3.426847,3.5616448,3.6697853,3.463188,3.8631651,4.076091,2.966304,3.0386112,3.1052067,2.8997915,3.8371124,3.355555
24,2.4221382,1.8033721,2.3224506,2.5364146,1.3978796,2.397421,2.3885293,2.4043677,2.3045201,2.2593744,1.8874631,1.9108951,3.6146798,3.5331872,2.4899132,2.6137145,3.653851,1.5962307,1.320803,1.0500761,1.478217,2.048284,1.4604789,1.3360509,0.0,1.1743456,2.8123357,1.0698614,3.5239017,3.459033,2.536738,2.6185346,1.7624496,1.7545502,2.5039024,1.6613916,1.7823414,1.4793032,1.3908405,2.6112509,1.031093,1.0267333,1.4725494,0.9152993,1.2285377,1.4534857,2.6722307,1.4952797,3.659718,3.2313378,2.7609875,2.7371697,2.904101,2.891434,4.1361113,4.095909,4.3179936,4.1313324,3.30485,3.7096877,3.7943423,3.3284419,2.5450478,2.6950545,2.6477888,2.63877,2.8677378,2.7932892,3.2006662,3.2031631,2.8253608,3.0700185,3.6624393,3.6564777,3.7050953,3.7220557,2.9640424,3.4851565,3.211524,3.3578024,4.356474,4.371835,3.6620321,4.14102,3.9663312,3.7097356,4.0284224,3.624005,3.663385,3.7581446,4.00418,3.1995394,2.5642374,2.6567936,3.3908272,3.0724819,2.0646093,2.0689325,2.405274,2.1799324,2.4455414,2.4092448,2.2582607,2.2582607,3.1966877,3.1841028,2.6947153,2.492514,2.1900494,2.1900494,2.1400013,2.4723349,3.6159632,3.4773445,3.7370791,3.9112496,3.3983617,3.5154688,3.6265104,3.4282598,3.7346716,3.966807,2.8059604,2.9520974,2.7755399,2.6336014,3.8642013,3.4375875
25,1.7665693,1.4306666,2.560429,1.9139206,1.4264171,1.9813917,1.9758085,1.9925407,1.9398506,1.8454894,1.4805388,1.4836029,3.6230104,3.5720968,2.117764,2.155423,3.8497725,1.6734366,1.0458311,1.0327268,0.79123336,1.6415335,0.9208109,1.428658,1.1743456,0.0,2.7135327,0.9059256,3.6278539,3.6089423,2.6848803,2.7733285,2.2211366,2.1995735,2.8609889,2.1706774,2.2059128,2.1128578,1.9965909,3.1889462,1.6745678,1.6795845,1.9355729,1.5314124,1.294983,1.482353,2.9875293,1.0694897,3.9134195,3.390327,3.114245,2.9859014,3.0833929,3.0736742,3.8587327,3.8180685,4.5138245,4.300328,3.5370548,3.9990368,4.0852795,3.5018103,2.8003902,2.928567,2.674182,2.6906357,2.9835174,2.897842,3.3528697,3.366848,2.916694,3.1975236,3.9463236,3.9402502,4.0218225,4.0296054,3.5542073,3.834829,3.8120406,3.9428906,4.408319,4.5474787,3.694772,4.29057,4.085662,3.934029,4.222521,3.8212595,3.3717277,3.4874012,4.4916725,3.3078096,2.7709064,2.8044565,3.345519,3.0988538,2.0840816,2.096327,2.5899818,2.1059775,2.6692028,2.6011968,2.4736316,2.4736316,3.2635121,3.1910532,3.3298683,2.7363641,2.3003426,2.3003426,2.5935333,2.5403435,3.4990308,3.3430915,3.77653,3.9183893,3.542498,3.5564349,3.558927,3.4650338,3.8586307,4.0441422,2.9813926,2.9757946,2.8795998,2.7041552,3.9317122,3.7049427
26,3.0415049,2.5287423,3.6910698,3.1003132,2.8629403,3.19825,3.2404592,3.2373486,3.3750484,3.2221868,2.4646916,2.5013254,4.501999,4.4627852,3.1426733,3.3718112,4.642414,2.5529728,2.650877,2.6775901,2.5822353,2.104284,2.7947125,3.2282398,2.8123357,2.7135327,0.0,2.5891006,4.054852,4.3100348,3.5512888,3.6513977,2.787096,2.7870357,3.2635238,2.7030642,3.6737425,3.0953655,3.380193,3.6817849,2.70506,2.7307792,3.0386667,2.8668005,2.5996108,2.4368677,3.397899,2.6071324,4.1080394,4.1377506,3.1842642,3.3289964,3.2913272,3.3802958,4.5374517,4.5927715,5.126492,5.0109625,4.252478,4.6287727,4.569913,4.449047,3.857627,3.991143,3.2230172,3.2791028,3.1689174,3.1402214,3.5300353,3.57077,3.172449,3.3638756,4.2304106,4.221088,4.246014,4.236488,4.095711,4.26524,5.0395417,5.1335073,4.360959,4.4727497,3.9690406,4.5497775,4.1138268,4.1091766,4.6586537,4.376137,4.0187745,4.1456695,4.435075,3.6415799,3.5968487,3.5778146,3.8098228,3.6623697,3.092358,3.0877953,3.4941127,3.1206644,3.623284,3.6447692,3.6127326,3.6127326,3.9457674,4.03834,4.136221,3.5972774,2.976334,2.976334,3.1961186,2.978238,4.404798,4.2628326,5.0325356,5.431949,5.0065,5.0540924,5.012158,4.928212,4.539086,4.7616434,3.5762217,3.8055375,3.8090122,3.763233,4.617195,4.490739
27,2.2341592,1.7553238,2.9437504,2.3603737,1.2017081,2.464862,2.429481,2.4515939,2.354762,2.1877549,1.6150261,1.639976,3.73777,3.7054048,2.481747,2.5186262,3.6348693,1.4161419,0.74136704,0.7601922,1.201491,1.9320992,1.1692629,1.8878278,1.0698614,0.9059256,2.5891006,0.0,3.3829465,3.382901,2.5710707,2.6510255,2.3523638,2.3434815,2.8887258,2.268317,2.2994537,2.171305,2.0384996,2.7853322,1.4614921,1.4707217,1.7199374,1.3332022,1.30608,1.4627719,2.935758,1.1232574,3.6963341,3.1976635,2.8160405,2.8152878,2.8397987,2.8241541,4.174945,4.117867,4.4362817,4.2843556,3.4661424,3.9327013,3.9924278,3.4063878,2.6221273,2.7545593,2.5088346,2.502803,2.6909769,2.6276512,3.0492473,3.0595481,2.6786797,2.9313977,3.7911325,3.7847323,3.827432,3.8389964,3.4810557,3.6924286,3.6698096,3.8112667,4.2527757,4.420815,3.482656,4.088005,3.8503845,3.6469789,4.0418034,3.64274,3.7301874,3.8127365,3.9461188,3.1910748,2.549546,2.5662062,3.2120092,2.9355035,1.9970219,2.0147212,2.47258,1.9213609,2.5002637,2.4181058,2.317617,2.317617,3.1738052,3.2047114,3.26287,2.501197,2.031162,2.031162,2.3546312,2.2934568,3.295666,3.153026,3.6687145,3.8664622,3.3260612,3.3421996,3.3763015,3.3135293,3.764661,3.986563,2.7858498,2.937174,2.8294375,2.7324545,3.7999165,3.6216636
28,4.2897444,3.342687,4.2818494,4.2943506,3.3558571,4.340412,4.4157314,4.397049,4.124905,3.9578369,3.3923666,3.4837842,4.8179626,4.8354363,4.2124066,4.35559,2.8009202,3.492759,3.317308,3.1338596,3.425314,3.6864371,3.226923,3.6671848,3.5239017,3.6278539,4.054852,3.3829465,0.0,1.6004747,2.5641031,2.637523,4.204891,4.2021294,4.4568844,3.981875,4.1725554,3.7790256,3.9535806,4.7943125,3.31437,3.3453898,3.803131,3.4119327,3.7424026,3.7763972,2.7856398,3.5788262,4.374275,4.065188,2.2877007,2.357814,2.3565512,2.2391171,4.7106977,4.577999,4.0624695,4.281017,3.346369,3.296096,3.3621945,2.6401737,2.4681323,2.4900618,1.9124312,1.7858708,1.8936532,2.0713508,2.383323,2.454754,1.9529287,2.1488328,3.3310895,3.3299034,3.351209,3.4143379,3.0039287,3.229321,3.36331,3.4745803,3.9707139,3.952446,2.9459531,3.9714892,2.761275,2.763348,2.7598727,3.0914154,3.7026827,3.7725127,3.8858643,3.2989762,2.8282428,2.8012981,3.2150378,3.1459181,2.8169723,2.8022773,2.6688848,2.2442465,2.4370315,2.508859,2.5973845,2.5973845,2.9564583,3.1891422,2.735739,1.9022485,2.7286403,2.7286403,2.994291,2.7423108,3.4807537,3.349867,3.8768156,4.5262303,3.2864764,3.3624623,3.110195,2.7904248,3.6259656,3.9670658,2.2093198,2.4513166,3.7108417,3.0122035,2.9793124,3.2625506
29,4.328269,3.3751452,4.127635,4.316354,3.3271317,4.3484936,4.3809366,4.391134,4.126169,3.977155,3.350637,3.4283373,4.9936113,5.011586,4.1822815,4.2892814,3.098121,3.4342506,3.2711706,3.1208026,3.4280448,3.7227519,3.2113955,3.628794,3.459033,3.6089423,4.3100348,3.382901,1.6004747,0.0,2.8624403,2.882496,4.193129,4.190287,4.4318953,3.9924018,4.082074,3.793705,3.9491093,4.785507,3.3171732,3.3425944,3.546708,3.405967,3.7190766,3.7627954,3.1172013,3.5536976,4.5482974,4.1491966,2.4427714,2.84954,2.741297,2.6787992,4.8534155,4.764365,4.448984,4.5389132,3.8690836,4.223606,4.1131487,3.2249055,2.62189,2.7081506,2.1881332,2.1384232,2.267345,2.6370654,2.7049913,2.7648532,2.278464,2.4844658,3.674934,3.674987,3.6209764,3.7646928,3.1965296,3.331226,3.4037871,3.531484,4.9338217,4.9637027,3.5702617,4.3139586,3.3717985,3.40466,3.060466,3.304613,3.8618743,3.9317563,4.141653,3.6035242,2.943207,2.9186518,3.7142506,3.4234912,3.2986825,3.2855191,2.6617935,2.7736824,2.337806,2.593791,2.4710946,2.4710946,3.8854907,4.044797,2.8681924,1.9684906,3.1750097,3.1750097,3.445528,3.3001354,4.3801703,4.202203,4.1546483,4.5441666,3.408969,3.485249,3.3141627,2.9131145,4.102183,4.3697863,2.406551,2.7648382,3.8535032,3.2036228,3.2913072,3.4202726
30,3.5932868,2.7175913,3.6071382,3.6266568,2.657105,3.651651,3.7162793,3.6921544,3.1676435,3.026034,2.7307544,2.8389616,3.4069328,3.4194279,3.4453213,3.6080317,1.7194039,2.67344,2.5068092,2.2527695,2.4724312,2.823596,2.5255337,2.6958413,2.536738,2.6848803,3.5512888,2.5710707,2.5641031,2.8624403,0.0,0.36347812,2.9376523,2.9588442,3.462587,2.8061638,3.0539129,2.6278143,2.6531258,3.973152,2.335131,2.3716688,3.0623188,2.4777977,2.563534,2.6174297,1.4646747,2.4754992,2.6292872,2.210888,1.8486993,1.9909202,1.2769123,1.1472372,3.1879056,3.1077597,3.606268,3.4546578,2.692952,2.436534,2.6141715,1.4244132,1.235926,1.3115513,1.2986652,1.2370094,1.8373004,1.6145415,2.0604942,2.1263502,1.7094182,2.0953352,3.1775706,3.1715016,3.2191849,3.2931025,2.222782,2.6525443,2.7856257,2.9188337,3.2234206,3.2836046,1.8326919,2.9311008,2.3984022,2.403467,2.4924054,1.8777139,2.7007046,2.753199,3.1472757,1.8962381,1.5012596,1.516573,2.3743956,2.2771273,1.5925668,1.5668848,1.1699867,1.7248158,1.1112224,1.0139021,1.0246667,1.0246667,2.0513277,1.8411064,1.8689021,1.3101051,1.6337918,1.6337918,1.7950196,1.8082091,3.1199408,2.9734519,2.9095638,3.149552,2.6669788,2.8349628,3.3858051,2.6985836,3.0799973,3.4385283,1.8678519,2.1603343,2.3881524,2.2787747,2.8381603,2.7781928
