,0,1,2,3,4,5,6,7,8,9,10,11,12,13,14,15,16,17,18,19,20,21,22,23,24,25,26,27,28,29,30,31,32,33,34,35,36,37,38,39,40,41,42,43,44,45,46,47,48,49,50,51,52,53,54,55,56,57,58,59,60,61,62,63,64,65,66,67,68,69,70,71,72,73,74,75,76,77,78,79,80,81,82,83,84,85,86,87,88,89,90,91,92,93,94,95,96,97,98,99,100,101,102,103,104,105,106,107,108,109,110,111,112,113,114,115,116,117,118,119,120,121,122,123,124,125,126,127
0,0.0,0.19663975,2.3604515,2.1586106,2.7395346,3.09517,2.9489315,3.213466,2.6632578,2.6898484,3.7657132,3.0329185,2.0469742,2.0114143,3.2557952,4.0751147,2.9447658,2.0900369,2.274216,2.6726885,2.831945,2.8280466,3.5490406,3.7580361,2.3759267,2.166674,2.735168,2.6985233,2.38481,2.201584,2.0042048,2.1446786,2.5608184,2.5878165,3.063844,2.4347413,2.6188297,2.5668182,2.9405797,2.9481122,3.232584,3.208556,2.7925272,2.7943795,2.489571,2.3991401,2.864802,2.9257684,3.239983,3.28239,2.7614884,2.9152243,3.4658298,3.1799664,3.3444605,3.0979357,3.2135265,2.918433,3.5038455,3.7146327,3.2725778,3.507542,4.2124443,3.9983323,2.756907,2.8624578,2.3709583,2.4992933,2.880436,3.2298307,2.8303707,2.513651,2.8761032,2.8406222,3.286956,2.7302105,3.1896238,3.0792077,3.0352929,3.16095,2.7406757,2.739295,2.8383484,2.804296,2.644385,2.7968442,2.8055744,3.1547093,2.7279878,2.868011,3.0816927,2.9310846,2.543349,3.0899868,2.756428,2.432269,3.5630946,3.4721344,2.8321557,3.301079,3.0866537,3.2756162,3.1280127,3.0883024,3.4556708,3.151058,3.242976,3.2514563,3.7369473,3.9178114,3.6172614,4.049063,2.7711968,2.5158281,2.0553248,2.2283273,3.4194825,4.053948,3.5882096,3.513871,2.4029748,2.6111357,2.4763572,2.59316,2.711909,2.6249723,2.2508752,2.1678553
1,0.19663975,0.0,2.2821066,2.1575994,2.768124,3.1164677,2.9794092,3.2468104,2.6761422,2.7155085,3.6858463,2.948694,2.0202856,1.9682703,3.231418,4.0865707,2.9714258,2.0982528,2.3141541,2.7081876,2.781613,2.7776759,3.5739086,3.728505,2.399168,2.207205,2.772405,2.7346563,2.4155805,2.2107444,2.0571024,2.184517,2.5819128,2.6033652,3.0719016,2.4485636,2.6430469,2.5904326,2.9652371,2.9731088,3.2404912,3.2182744,2.8139431,2.8161824,2.4986515,2.4077797,2.8496017,2.9088333,3.227382,3.2868106,2.764307,2.9197774,3.4333854,3.1545198,3.33532,3.0577943,3.2126112,2.917512,3.491521,3.7113225,3.2846396,3.5404603,4.2177253,4.002271,2.7847836,2.8747983,2.3940692,2.5160642,2.924144,3.2376995,2.845264,2.5252085,2.894789,2.8827808,3.310118,2.7724931,3.2053285,3.0979328,3.058681,3.1798725,2.7707763,2.7726696,2.8581944,2.826031,2.6703038,2.8195343,2.8425474,3.1622062,2.7726498,2.9047902,3.091134,2.95276,2.5673046,3.125145,2.7532387,2.4312947,3.586409,3.4961126,2.8675506,3.3210046,3.0514529,3.2211924,3.083008,3.04338,3.4184816,3.154183,3.1900983,3.2049727,3.6979818,3.8960867,3.6010127,4.035862,2.7989447,2.5556762,2.0573277,2.2293189,3.4406898,4.0288877,3.6138098,3.5364976,2.413958,2.6241791,2.497807,2.6173217,2.7543616,2.6703272,2.2959895,2.2204351
2,2.3604515,2.2821066,0.0,1.3558302,2.49462,2.8902209,2.6998222,2.6201198,2.7024636,2.7710004,3.199359,2.4360769,2.2771006,1.8989723,2.804096,3.6517396,3.3291032,2.614308,2.7382631,3.103011,2.8663971,2.8721557,3.951973,3.8484116,2.773875,2.525149,3.1522396,3.0908043,2.8398817,2.2222993,2.5296268,2.6122882,2.3940334,2.389836,2.9083292,2.0663717,2.72526,2.6698585,3.038463,3.0428293,3.1116004,3.123671,2.731253,2.7383957,2.403801,2.3905504,3.0433984,2.9842026,3.4123294,3.2509253,2.6599576,3.0497322,3.0936737,3.0162652,3.1680655,2.856373,2.9669743,2.7461817,3.309165,3.1597662,3.2084782,3.6301374,3.9233766,3.985826,2.5096018,2.505635,2.2428305,2.3792627,2.6646643,2.875618,2.7785163,2.2310183,2.9244277,2.7311816,2.8220801,2.725733,2.7951825,2.634371,2.7044756,2.8326652,2.7897198,2.599533,2.4229183,2.4233513,3.1032815,3.400149,2.7433777,2.9273021,2.9324899,2.639483,2.874832,2.6433122,2.26367,2.6362503,2.483812,2.8330436,3.6683412,3.5713062,2.7193415,3.383115,2.7839735,2.8369377,2.5042338,2.6913712,3.1556876,3.0035245,2.9515474,2.4639468,3.1031127,3.2697346,3.9389145,4.1312165,2.5609326,2.4722984,2.3378265,2.398783,3.4975638,3.7360168,3.5889115,3.4459078,2.8749173,3.071325,2.9722424,2.933333,3.3996904,3.0693724,3.526857,3.40015
3,2.1586106,2.1575994,1.3558302,0.0,2.5338008,2.9126146,2.7019563,2.7423878,2.3598466,2.3997447,3.6897702,2.96825,2.5340173,2.1108792,3.0116482,3.8952503,3.1499178,2.291482,2.4214194,2.8479517,3.172466,3.1798782,3.8939772,4.193742,2.5365944,2.2009697,2.7625997,2.710373,2.634382,2.0046308,2.226769,2.3445883,2.3722315,2.3788962,2.8960638,1.9776748,2.6763108,2.642256,2.969991,2.981417,3.0808656,3.0627027,2.6020024,2.6001277,2.2778738,2.6702018,3.0679553,3.0298305,3.4904885,3.235776,2.6871107,3.038045,3.191561,2.849421,3.2483778,2.896194,2.9686208,2.7237966,3.3281777,3.1978827,3.1214118,3.5263717,3.8883336,3.9565876,2.317445,2.5284839,2.047748,2.2344773,2.3698716,2.816034,2.8009686,2.311206,2.9773467,2.5641227,2.7299857,2.5540254,2.73634,2.7046359,2.5962958,2.8162248,2.6476884,2.4897356,2.2871103,2.3202488,2.9586668,3.2227743,2.5804734,2.855063,2.6323924,2.3272681,2.9858532,2.447526,2.0915718,2.5040624,2.7580826,2.9315422,3.574904,3.4764726,2.4124691,3.3230762,3.184986,3.342622,2.6764894,3.0184808,3.339585,2.872394,3.1657794,2.79253,3.2431152,3.4506462,4.0716453,4.270104,2.5224593,2.4838552,2.3282168,2.4095452,3.5366879,4.048558,3.6780272,3.500983,2.779508,2.9495833,2.8378432,2.7834587,3.2558053,2.9457932,3.3577826,3.2773678
4,2.7395346,2.768124,2.49462,2.5338008,0.0,1.1848874,0.67162406,1.3391137,3.1092613,3.0925314,3.9670315,3.4672318,2.6035645,2.5308728,3.2346168,2.634063,2.6347413,2.957188,2.0169127,2.4720137,2.3628862,2.3770316,2.5286272,2.8061192,2.4278636,2.070313,2.586993,2.5347483,2.1816916,1.6333307,1.9458481,2.0279338,1.9486587,1.9988428,2.4789217,1.5992074,2.3732736,2.3547852,2.732431,2.7159579,2.9469824,2.9777637,2.515436,2.5116737,1.7308335,1.927471,2.5678873,2.5324311,2.7790742,2.5639427,1.8380564,2.4988492,2.7832377,3.4896529,2.611162,3.328336,2.2730725,1.9748535,2.6640015,2.9203408,2.378576,2.726535,3.32763,3.4280703,2.1384544,2.1234152,1.6216481,1.7312288,2.1950796,2.6351473,2.245421,1.6227852,2.3543231,2.2174735,2.4627101,2.2010686,2.2087975,1.9296527,2.0905306,2.2183528,2.209183,2.2460842,1.9913824,2.047643,2.8053603,2.9616525,2.203676,2.398109,2.4129,2.1489267,2.1963584,2.0372424,1.3341104,2.331613,2.0931165,2.3413048,3.3324704,3.2671385,2.2579606,3.002036,2.7879102,2.9480977,2.7559247,2.7669246,2.958756,2.3663385,2.8969266,2.5403392,3.1862795,3.4201753,3.9457033,4.2417626,2.2151294,2.242178,1.8501531,1.8516898,2.8623528,3.3981829,3.0356112,2.9301658,1.980666,2.2362187,2.1973937,2.1202643,2.6916265,2.615933,2.926489,2.8544009
5,3.09517,3.1164677,2.8902209,2.9126146,1.1848874,0.0,0.8324757,1.4437475,3.502496,3.5048256,4.3281875,3.8557184,2.6970644,2.8254476,3.5870292,3.0662289,2.4218307,3.2755473,2.204994,2.5923135,2.213786,2.2378545,2.3443992,2.7035615,2.4637914,2.1519096,3.0023346,2.9647353,2.0128808,1.833211,2.390343,2.2202528,2.0470588,2.0286422,1.8993248,2.042016,2.4512208,2.4325027,2.813427,2.802653,3.2973962,3.3208702,2.9379034,2.935513,1.8136743,1.9678026,2.5640168,2.531626,2.3933563,2.7348163,1.8930587,2.583122,2.8250434,3.4559002,2.6392188,3.3490698,2.3468764,2.1034827,2.7106671,2.9625394,2.4276206,2.8969748,3.086515,3.0674667,2.699923,2.6620326,2.3052807,1.9142392,2.7646694,3.1047738,2.6913464,2.2978673,2.8795195,2.7696192,2.9821293,2.7253494,2.0187395,2.3824792,2.2031016,2.3184211,2.7970717,2.8198504,2.458385,2.6457865,3.2160864,3.3746579,2.7506423,2.2198145,2.9637253,2.7038865,2.7444243,2.6471012,2.1125402,2.8397353,2.5699518,2.8422537,3.5019946,3.4226727,2.5477295,3.1277566,3.0296345,3.1685514,3.0813477,3.0792837,2.8567538,2.0857852,3.010763,2.6726081,3.2766998,3.4836035,3.8182054,4.197824,2.313019,2.3275,1.9253395,1.9023232,2.4261265,3.0848289,2.638639,2.4894512,2.1760542,2.4082286,2.3301935,2.3090603,2.8643396,2.7645273,3.0742912,3.296897
6,2.9489315,2.9794092,2.6998222,2.7019563,0.67162406,0.8324757,0.0,1.1438382,3.2498128,3.2277975,4.108052,3.6632092,2.6689482,2.7131486,3.3912716,2.8064165,2.5199423,3.1305206,1.9772897,2.518649,2.3014827,2.321572,2.430703,2.763734,2.4285393,2.1003397,2.666486,2.61189,2.0897691,1.7252976,2.1721735,2.1043127,2.0158885,2.0385723,2.2426298,1.8417432,2.4481723,2.430473,2.802333,2.7873,3.147507,3.1783,2.7655547,2.7628424,1.7699038,1.9817691,2.5908773,2.5594525,2.6180356,2.5721264,1.8700992,2.529465,2.8406856,3.5106783,2.6336665,3.3630114,2.3198175,2.0516117,2.6716962,2.9477708,2.4303153,2.8460224,3.223002,3.2648704,2.2660189,2.2656364,1.7447145,1.539098,2.3152323,2.715262,2.311289,1.758951,2.4713144,2.3518844,2.586366,2.328414,1.9270196,1.975232,1.9486419,2.0744336,2.3563664,2.3870535,2.0656586,2.199275,2.8778389,3.0413694,2.344617,2.1594138,2.572026,2.2870615,2.3367565,2.2149081,1.5333002,2.4398792,2.3903894,2.4772663,3.2955797,3.2155368,2.3559685,2.9955366,2.8270547,2.9969256,2.8210905,2.8519902,2.8517168,2.1149564,2.888963,2.5080242,3.1752427,3.3878207,3.8337882,4.205083,2.176724,2.2235606,1.9726216,1.9701418,2.5608907,3.1779237,2.7536716,2.6213927,1.9506358,2.2166934,2.2525063,2.0937195,2.6775775,2.5688002,2.9281046,3.0096774
7,3.213466,3.2468104,2.6201198,2.7423878,1.3391137,1.4437475,1.1438382,0.0,3.412066,3.429437,4.2295637,3.662897,2.8549404,2.8595433,3.5316045,2.9942617,2.735984,3.2960122,2.2449303,2.7617252,2.7888947,2.809294,2.9783905,3.1595592,2.5336564,2.2024026,2.9279644,2.8810449,2.3409667,1.9629186,2.4236295,2.3824024,2.419492,2.3919098,2.46213,2.1957705,2.7654264,2.7461154,3.0787053,3.074676,3.4541283,3.489716,3.0919662,3.096798,2.3359394,2.08483,3.1651015,3.1135485,3.0594647,3.078631,2.5353744,3.0499208,3.3005133,3.9066837,3.1198058,3.742015,2.856316,2.6752732,3.1837873,3.1748352,2.9932492,3.177337,3.5609317,3.624643,2.3979154,2.3889117,2.1078854,1.9135424,2.4257042,2.8531926,2.417393,2.0306396,2.713653,2.4604666,2.693013,2.4455292,1.9897398,2.0844758,2.0417695,2.1456594,2.6121976,2.4901347,2.2056284,2.328623,3.1304908,3.381191,2.4823647,2.1955478,2.7617238,2.487077,2.556237,2.3067167,1.9197975,2.1628768,2.5254302,2.7881727,3.4693978,3.3944168,2.5793111,3.2094314,2.9429607,3.109321,2.9609036,3.0028806,3.0287037,2.606004,3.1885943,2.4801526,3.3638315,3.0595763,3.661206,4.125146,2.075109,1.8704783,2.3827417,2.3668444,2.984149,3.4375324,3.0419974,2.9416196,2.5192802,2.6974726,2.7191095,2.514074,3.1059232,2.9036465,3.2973413,3.331505
8,2.6632578,2.6761422,2.7024636,2.3598466,3.1092613,3.502496,3.2498128,3.412066,0.0,0.47287464,2.7042346,1.8967353,2.9445567,2.7424862,2.491207,3.3544939,2.4569845,1.4084886,2.4336555,2.015843,3.2655246,3.2712505,3.3053365,3.6523147,2.8016827,2.5404856,1.7161902,1.6711526,2.7171843,2.43579,2.308038,2.4917943,3.0162542,2.7827694,3.2193992,2.9850287,2.8083096,2.760749,2.385794,2.3885777,2.73506,2.7402222,2.1669636,2.2024024,2.8996649,2.9475513,3.1885684,3.1628878,3.6435118,3.271849,2.713045,3.1706023,3.1167336,3.1273172,3.358555,3.1315053,3.2248514,2.8884404,3.5487897,3.7219725,2.4783509,3.2538772,3.1302016,3.2725837,1.5861583,2.0507028,2.120159,2.356016,1.6374944,2.3180003,2.3025663,2.5218034,1.9945649,1.6753327,1.789761,1.6035292,2.372473,2.3552554,2.1767378,2.433614,1.5481038,1.5887976,1.7513492,1.669997,2.807117,2.6511345,1.6416931,2.4845426,1.6870843,1.7315122,2.388863,2.2695425,2.218996,2.0335655,2.445275,3.0912414,2.6150074,2.6705909,2.0572398,2.6833036,3.079264,3.225523,2.8831623,2.971166,3.1119406,3.2963018,3.365261,3.1431255,3.0476985,3.1862285,3.622333,3.7986934,2.9120407,2.7703862,2.6176915,2.6497505,3.5934732,3.394542,3.6102538,3.7046812,2.2912376,1.9351242,1.8162595,1.7491633,2.8189273,2.5722547,3.1157868,2.962699
9,2.6898484,2.7155085,2.7710004,2.3997447,3.0925314,3.5048256,3.2277975,3.429437,0.47287464,0.0,2.8676057,1.9989406,2.9387033,2.7655678,2.4510667,3.2919178,2.4232957,1.4265425,2.4179285,1.9569533,3.2643154,3.265974,3.2669172,3.6564171,2.8399162,2.5622373,1.673725,1.6505716,2.693574,2.469343,2.26009,2.4187527,3.0000534,2.7800744,3.2570908,2.984197,2.8260164,2.7836738,2.3975754,2.3998854,2.7281997,2.732859,2.1738431,2.20314,2.874073,2.9714966,3.1991773,3.1696758,3.6289675,3.1902137,2.6476,3.0657277,3.1288378,3.0999963,3.2811244,3.0635917,3.1521363,2.807304,3.4870062,3.687998,2.4311137,3.1494262,3.2042723,3.3528068,1.6470664,2.1029277,2.1415393,2.3474824,1.6452484,2.349255,2.2938836,2.5291362,1.9936842,1.6441139,1.8069369,1.6356417,2.390918,2.348832,2.2003262,2.4492438,1.5070268,1.5637133,1.7765033,1.687124,2.7902198,2.6682553,1.6724992,2.5241623,1.6713203,1.710972,2.378991,2.2605188,2.214599,2.0932012,2.475696,3.1122687,2.7607412,2.8024058,2.2333353,2.8279643,3.2175198,3.3777862,3.0407612,3.145252,3.0519779,3.182075,3.318842,3.075631,2.9447322,3.1417384,3.625423,3.8127217,2.847837,2.7643013,2.576777,2.6159308,3.472519,3.311976,3.508892,3.59301,2.3020794,1.9554173,1.8124989,1.7544972,2.766322,2.4766858,3.102044,2.9459348
10,3.7657132,3.6858463,3.199359,3.6897702,3.9670315,4.3281875,4.108052,4.2295637,2.7042346,2.8676057,0.0,2.1092541,3.5742178,3.502487,2.704239,3.4844916,3.7034266,3.091611,3.6142309,3.4346929,3.6597636,3.660131,4.182404,3.8605404,3.3730676,3.7228086,3.3688734,3.3254006,3.8089244,3.5093703,3.5488722,3.672471,3.8643978,3.652645,4.0302377,3.856174,3.7043707,3.673643,3.4512808,3.469418,2.8600404,2.8917098,3.382256,3.4055219,3.8399086,3.623215,3.1373074,3.093221,3.6075366,3.2861412,3.5383525,3.4331684,2.9352238,3.2816317,3.2993906,3.0399384,3.5081306,3.7167754,3.579098,3.7798793,3.7369485,4.774459,3.6315358,3.348681,3.0311239,3.1345966,3.2568855,3.4333212,3.2657652,2.4788852,3.2909796,3.350198,2.9345782,3.1494098,2.9698021,3.064956,3.4405127,3.3040364,3.3356733,3.4142523,3.0475159,3.0770597,3.1489415,3.0587206,3.1872845,3.0060744,3.0949762,3.499135,3.3062582,3.3122377,3.2518635,3.4700642,3.3353584,3.3156946,3.1967814,3.8635483,2.525851,2.5675619,3.153507,2.5706186,2.3157046,2.1261888,2.205377,2.095015,3.871677,4.401429,4.062158,3.8750823,4.249075,4.399784,4.4190784,4.577586,3.762297,3.6931922,3.543004,3.4813776,4.3323326,3.780114,4.3110266,4.439073,3.4292958,3.2746637,3.2529254,3.212806,4.0740376,3.4766552,3.9440439,3.819086
11,3.0329185,2.948694,2.4360769,2.96825,3.4672318,3.8557184,3.6632092,3.662897,1.8967353,1.9989406,2.1092541,0.0,2.976083,2.8049548,2.6008487,3.4934604,3.0231705,2.1968288,3.0976288,2.718919,3.203393,3.2015507,3.7999084,3.5119197,3.265818,3.101774,2.6835139,2.6883671,3.2161021,2.9307158,2.916033,3.0091488,3.4802847,3.2384987,3.6325758,3.456172,3.295854,3.2534225,2.9905212,3.004912,3.229383,3.2571354,2.8641002,2.8933609,3.4362676,3.0351157,3.5246575,3.4801912,3.8639028,3.6587408,3.1067123,3.4942236,3.3099003,3.539128,3.5617373,3.279341,3.543902,3.242914,3.8169,4.009833,3.076569,3.6631641,3.7135253,3.8155398,2.4738417,2.59201,2.7822835,2.9165254,2.6631298,2.8716993,2.763524,2.9027517,2.499672,2.5065405,2.563052,2.4881368,2.9552414,2.7919548,2.8381417,2.9501073,2.349458,2.3420877,2.511047,2.4068983,3.283338,3.2198122,2.4794018,3.008376,2.6551151,2.6804411,2.7111928,2.889432,2.834341,2.5739887,2.5350194,3.291007,3.3478057,3.3868449,3.009647,3.3294573,3.018131,2.989057,2.9819841,2.9561381,3.0377512,3.6894653,3.2222435,2.8086634,2.9622717,2.8145556,3.3417046,3.5244813,3.0550666,2.9047232,2.839873,2.8384426,4.0004177,3.3692648,3.9961665,4.10197,2.7824016,2.548023,2.4612288,2.479117,3.264921,3.0475085,3.4929943,3.3188722
12,2.0469742,2.0202856,2.2771006,2.5340173,2.6035645,2.6970644,2.6689482,2.8549404,2.9445567,2.9387033,3.5742178,2.976083,0.0,1.0628405,2.6429484,3.4566727,2.732965,2.4101765,2.2535224,2.6240048,2.3607616,2.3588593,3.2493002,3.2430193,2.4133425,2.2618558,2.9203928,2.8700492,2.1837096,2.3059356,2.1621873,2.0864036,2.3797493,2.3708124,2.5344775,2.4285707,2.4914393,2.4290612,2.8662477,2.8634477,3.2909722,3.293513,2.9970586,3.0062253,2.296498,1.5350046,2.6991491,2.6416223,2.711166,2.7051053,2.1162324,2.6267335,3.0237136,2.5265484,2.7783284,2.4768836,2.6286008,2.3161297,2.9942808,3.2763512,2.7726483,3.6465373,3.5635624,3.5879095,2.7662275,2.6146712,2.3100293,2.1160238,2.8628578,3.1730697,2.4634151,2.1216118,2.502001,2.7190666,2.8330698,2.7504647,2.7598603,2.5857663,2.657663,2.6492915,2.7169938,2.7428524,2.7931967,2.8291311,3.346815,3.4687712,2.8284025,2.7017555,2.683196,2.8573852,2.6682756,2.9031806,2.4735594,3.0318532,2.3096611,2.8924317,3.2431302,3.1128366,2.8705742,2.9427195,2.4334874,2.648104,3.181366,2.8635147,3.1521773,2.8140848,3.2051094,2.9317126,3.6643631,3.7558296,4.0239377,4.5195737,2.2672117,2.1382003,1.6795034,1.7252936,2.6232066,3.419905,2.8354583,2.7991338,2.1943526,2.4935737,2.3599436,2.4358492,2.5505202,2.2985818,2.6856365,2.6996636
13,2.0114143,1.9682703,1.8989723,2.1108792,2.5308728,2.8254476,2.7131486,2.8595433,2.7424862,2.7655678,3.502487,2.8049548,1.0628405,0.0,2.1739523,3.2344666,2.9667382,2.2575135,2.4926422,2.7250922,2.8042908,2.8051267,3.52732,3.5091228,2.6917214,2.5034585,2.8905754,2.8240814,2.5541792,2.254528,2.3023958,2.3461618,2.6455948,2.614359,2.9616616,2.3555286,2.863413,2.8001256,3.093391,3.0949228,3.2545388,3.2478242,2.8785908,2.8909647,2.3436882,1.8757983,2.9792001,2.9293933,3.1734118,3.0315313,2.4690654,2.9337046,3.2551272,2.740303,3.1127815,2.7432663,2.9269576,2.6030455,3.1848402,3.4110034,2.9334974,3.7085583,3.7552922,3.8283074,2.5061808,2.2641497,2.1916144,2.292219,2.5852902,2.9549782,2.1918774,1.9358577,2.4388337,2.6426454,2.7564528,2.6711018,2.785228,2.3823786,2.5304754,2.5257115,2.5974832,2.626559,2.5032852,2.5383239,3.2127142,3.328115,2.7131355,2.744917,2.5585663,2.5396106,2.3894129,2.5030236,2.2445452,2.7470584,1.9987545,2.4932158,3.4535744,3.3672125,2.7975194,3.1801224,2.6410825,2.8260953,3.118413,2.9754443,3.3160057,3.0259352,3.3234117,2.8810003,3.4730713,3.5442832,4.0987864,4.514941,2.361003,2.3685198,1.9615375,2.0320718,3.191635,3.6993928,3.4475915,3.34646,2.3642123,2.5567691,2.4475517,2.529993,3.0196774,2.8615692,3.126751,2.974888
14,3.2557952,3.231418,2.804096,3.0116482,3.2346168,3.5870292,3.3912716,3.5316045,2.491207,2.4510667,2.704239,2.6008487,2.6429484,2.1739523,0.0,2.1689315,3.2894375,2.6569502,3.3025734,2.9924512,3.5920627,3.5946817,3.6814377,3.5927608,3.2610583,3.4175317,2.9647517,2.9165351,3.4624653,3.0788035,3.1577034,3.2713478,3.402466,3.2143438,3.5974634,3.1606712,3.4678652,3.4120617,3.150846,3.1546712,2.5314143,2.5354083,2.7981973,2.8270938,3.0563138,2.7779322,3.0812802,3.0233467,3.4119282,3.0401013,3.08531,2.9412642,3.1787062,2.9012976,3.1395755,2.8495505,3.1682649,3.2796128,3.2623756,3.4050589,3.2100096,3.9631686,3.592902,3.4538565,2.2668765,1.9548728,2.7299554,2.9364173,2.3364282,2.0063524,1.9932467,2.4000719,2.1231534,2.4631395,2.4449768,2.4817975,2.6938417,2.1651232,2.3227048,2.2818553,2.4272456,2.4795284,2.2717938,2.2911525,2.80533,2.7714136,2.5345566,2.78014,2.4853966,2.2526047,2.015621,2.41182,2.5833085,2.583618,1.9240025,2.8372936,3.0032268,3.0345838,3.1646817,2.9591963,2.7935832,2.8812509,3.2012384,3.1038659,3.387185,3.4939744,3.7175024,3.2573426,3.431185,3.6340752,4.1173477,4.3792257,3.0857954,3.1798756,2.9563863,2.9629717,3.7858608,3.557771,3.900322,3.9019651,3.094652,2.8369834,2.7221584,2.74095,3.907714,3.3850946,3.89692,3.6331608
15,4.0751147,4.0865707,3.6517396,3.8952503,2.634063,3.0662289,2.8064165,2.9942617,3.3544939,3.2919178,3.4844916,3.4934604,3.4566727,3.2344666,2.1689315,0.0,3.2955406,3.5187213,3.3696837,3.03735,3.5072887,3.513411,2.919211,2.799761,3.4162936,3.5016603,3.039952,3.022207,3.5626905,3.168604,3.2745733,3.410736,3.3461215,3.16594,3.5858352,3.1003523,3.4348,3.417729,3.1068983,3.0999255,2.539966,2.5852723,2.796553,2.812666,3.0167668,2.8004313,3.134042,3.0669568,3.3500664,2.8820689,2.9770331,2.9682264,3.121699,3.8492134,2.97594,3.6617615,2.9086459,3.0998344,3.0668688,3.241407,2.950077,3.4306352,3.281725,3.2760327,2.344896,1.9899838,2.7923021,2.9966817,2.367948,2.1036928,1.9934434,2.4085388,2.0339227,2.351015,2.3479495,2.3994348,2.6184914,1.8318222,2.2409482,2.1355896,2.3762047,2.4676435,2.2632036,2.2713437,2.9806356,2.923308,2.397288,2.748629,2.5268376,2.2771416,1.7195554,2.220753,2.4252622,2.531665,1.8173988,2.9443548,3.085647,3.1678293,3.2113419,3.009501,2.962123,3.0376663,3.4593916,3.2424784,3.3081524,3.446912,3.7534337,3.3397403,3.506412,3.7681487,4.330116,4.608348,3.2783036,3.3355465,3.127902,3.0560012,3.7825131,3.4554424,3.8002117,3.8683894,3.17719,2.9058545,2.8281374,2.7681665,3.9530163,3.5119712,4.0055213,3.7161827
16,2.9447658,2.9714258,3.3291032,3.1499178,2.6347413,2.4218307,2.5199423,2.735984,2.4569845,2.4232957,3.7034266,3.0231705,2.732965,2.9667382,3.2894375,3.2955406,0.0,1.851042,1.496163,0.77968705,2.056711,2.0622544,1.720148,2.3485036,2.0372324,1.7004174,1.7659599,1.757105,1.1642724,1.6290952,1.8027264,1.504863,2.68074,2.427611,2.221037,2.789895,2.5727792,2.5603788,2.3261528,2.3288429,3.1510303,3.1772158,2.713192,2.7224443,2.300547,2.5701668,2.8764486,2.8307266,2.476558,2.7448158,2.1808045,2.802099,2.8090215,3.3104293,2.7974126,3.1223054,2.6779299,2.2747676,2.975883,3.3691564,1.9908838,2.879785,2.490975,2.5491822,2.4833775,2.7423465,2.6243513,2.169127,2.4878147,2.996049,2.3515015,2.9258795,2.5368395,2.2981064,2.5220501,2.2950857,1.8007181,2.6052463,2.1979527,2.3976145,2.2507296,2.353203,2.3296936,2.468372,3.2686112,3.2241411,2.362826,1.5650588,2.2652516,2.5548782,2.8526366,2.4332945,2.6035283,2.7386768,2.7323635,3.4046807,2.9378958,2.9440012,2.3690562,2.8255754,3.199519,3.3327508,3.2207413,3.2223182,2.2809737,2.5607665,3.157247,2.8687594,2.9757235,3.0890648,3.2728763,4.153984,2.553813,2.4017158,2.0473533,2.0323846,2.1539097,2.1070728,2.3099558,2.3804836,2.028322,1.7822006,1.5709264,1.6374981,2.6115582,2.4184775,2.6811633,3.0165539
17,2.0900369,2.0982528,2.614308,2.291482,2.957188,3.2755473,3.1305206,3.2960122,1.4084886,1.4265425,3.091611,2.1968288,2.4101765,2.2575135,2.6569502,3.5187213,1.851042,0.0,1.8242234,1.3667713,2.725963,2.72227,2.9726198,3.3393476,2.2723975,1.9738289,1.6148537,1.548044,1.9462031,1.7973652,1.5905584,1.699543,2.845186,2.660852,3.0247347,2.6974475,2.7270803,2.6872451,2.505509,2.5120296,2.923629,2.9289525,2.3887324,2.4070203,2.5455947,2.7583272,3.0604641,3.0254207,3.231233,3.0173662,2.5321007,3.0045674,3.0287678,2.9702792,3.1421378,2.8663309,3.0263994,2.6000557,3.273518,3.5676394,2.4538283,3.2864552,3.2248607,3.338888,2.145928,2.4662478,2.3218415,2.4092252,2.1630347,2.7525833,2.2635128,2.6859796,2.3496594,2.105112,2.297539,2.0942748,2.5406835,2.6780658,2.5115614,2.7276971,1.965107,2.0502925,2.1896362,2.1620584,3.0248456,2.962844,2.1491113,2.3851259,1.8999883,2.24683,2.7262757,2.248293,2.4186842,2.5284204,2.502021,3.1382086,2.971859,2.9742928,2.2261105,2.893477,3.1211214,3.2627423,2.9726942,3.0464916,2.9250925,3.1890593,3.2980595,3.035012,3.1564407,3.288572,3.6411712,4.24924,2.7467322,2.5728335,2.1515508,2.2302887,3.1236298,3.1466694,3.2862337,3.3156562,2.1892672,1.9977916,1.7791526,1.9042113,2.8069994,2.6209395,2.8442175,2.812849
18,2.274216,2.3141541,2.7382631,2.4214194,2.0169127,2.204994,1.9772897,2.2449303,2.4336555,2.4179285,3.6142309,3.0976288,2.2535224,2.4926422,3.3025734,3.3696837,1.496163,1.8242234,0.0,1.3079387,1.8745455,1.8798463,2.1885269,2.7275007,1.3254641,0.9283714,1.4736623,1.4210064,0.8673112,1.0163574,0.9211825,0.72154814,2.1314912,2.0544817,2.2268918,2.0379133,2.16665,2.1741142,2.4104776,2.4120681,2.945877,2.9674091,2.587984,2.5823953,1.8344613,2.2319474,2.4710593,2.426498,2.3513827,2.1731617,1.8470067,2.3779693,2.540275,2.9561293,2.4433005,2.7756672,2.2181818,1.8552257,2.563225,2.956356,2.235355,2.9771721,3.0122938,3.0631647,2.1425319,2.4756346,1.7179874,1.4102281,2.1693008,2.6270037,2.1487553,2.1673224,2.2873516,1.9904028,2.2369244,2.000505,2.0323012,2.367716,2.1568098,2.369902,1.9659716,2.0510988,2.1381161,2.1915457,2.8098576,2.866653,2.0734398,1.8270797,1.8937951,2.2526302,2.6374338,2.0621023,1.842257,2.4569602,2.657057,2.9841287,2.7219412,2.6351984,2.0574443,2.5464742,2.683566,2.8764126,2.5806417,2.604892,2.478235,2.3288915,2.795792,2.5952992,3.2201972,3.381695,3.5779924,4.3673544,2.1704793,1.9769629,1.6317436,1.6573834,2.2997873,2.9394877,2.4883938,2.4594958,1.655811,1.8261297,1.8159106,1.6653038,2.188457,1.9242735,2.1389592,2.3670092
19,2.6726885,2.7081876,3.103011,2.8479517,2.4720137,2.5923135,2.518649,2.7617252,2.015843,1.9569533,3.4346929,2.718919,2.6240048,2.7250922,2.9924512,3.03735,0.77968705,1.3667713,1.3079387,0.0,2.1806407,2.1786382,1.8490412,2.4505224,1.9277582,1.5293173,1.2394124,1.2443753,1.3030616,1.4627787,1.3582808,1.2527621,2.5516903,2.3109312,2.476995,2.5349715,2.4190767,2.41585,2.137087,2.145228,2.826131,2.8460107,2.303924,2.3094172,2.1744142,2.4855933,2.7945733,2.7461574,2.6740355,2.5900838,2.0678263,2.7035341,2.6961544,3.1828308,2.69548,2.9974997,2.5244567,2.0819242,2.8693259,3.2510064,1.8110263,2.7205975,2.5298197,2.700902,2.078487,2.3989055,2.2489045,2.0444381,2.060883,2.6767309,2.043929,2.6125805,2.1476176,1.8436202,2.086816,1.877484,1.9475303,2.3365328,2.0919096,2.298805,1.7694584,1.9007076,2.0045948,2.0590394,3.0021846,2.9318717,1.9232926,1.733067,1.7379928,2.1261187,2.5075903,2.0009406,2.225868,2.3898525,2.3885372,3.1529777,2.740943,2.761718,2.053511,2.6446593,3.0173986,3.1725926,3.0026803,3.0082335,2.3848312,2.680723,3.1014533,2.8309317,2.9062395,3.0804858,3.4269066,4.188284,2.4546826,2.309359,1.8802626,1.8609087,2.4747822,2.4613795,2.607218,2.6855054,1.874875,1.6154743,1.3624214,1.4378433,2.4455857,2.2373774,2.5241084,2.6723084
20,2.831945,2.781613,2.8663971,3.172466,2.3628862,2.213786,2.3014827,2.7888947,3.2655246,3.2643154,3.6597636,3.203393,2.3607616,2.8042908,3.5920627,3.5072887,2.056711,2.725963,1.8745455,2.1806407,0.0,0.049799755,1.8874794,1.7795078,2.1601017,1.8966533,2.604331,2.5706193,1.6824907,1.8708724,2.0975733,1.851369,1.9015249,1.8369329,1.8490123,2.1110883,2.0067737,1.9972919,2.3114839,2.2895966,3.036468,3.0801733,2.6716218,2.6623423,1.6464069,2.21328,2.261738,2.201183,1.9684501,2.2730134,1.6195356,2.3502002,2.2796257,3.0901682,2.2549741,2.7381117,2.0153174,1.6074468,2.5068064,2.8553736,2.0765798,2.8141606,2.8093493,2.858727,2.910909,2.9751182,2.5642593,2.070124,3.0613253,3.2755156,2.727174,2.6962364,2.7861996,2.7665267,2.898113,2.7790754,2.4198895,2.8091156,2.7185,2.8100336,2.7357957,2.7637618,2.7696154,2.8541772,3.3756995,3.4865744,2.8192475,2.2313166,2.8112552,3.038345,3.039653,2.8419166,2.6062887,3.4112701,2.779548,3.2737656,3.2919204,3.2144468,2.8256063,3.0106313,2.7649214,2.8023913,2.982887,2.790371,1.944599,2.1047497,2.3979936,2.6314936,2.920634,3.715737,3.7876103,4.541523,2.943224,2.827389,1.8298268,1.8215456,1.8803073,2.2364297,1.9772533,1.9500468,2.2795203,2.4511344,2.3416543,2.3431032,2.6153321,2.3784468,2.5799391,2.8810382
21,2.8280466,2.7776759,2.8721557,3.1798782,2.3770316,2.2378545,2.321572,2.809294,3.2712505,3.265974,3.660131,3.2015507,2.3588593,2.8051267,3.5946817,3.513411,2.0622544,2.72227,1.8798463,2.1786382,0.049799755,0.0,1.8959719,1.7832236,2.1649065,1.9004692,2.607671,2.5760133,1.6866268,1.8802446,2.0917144,1.8448406,1.9099662,1.8470491,1.874043,2.1185071,2.0150282,2.006647,2.3185878,2.2974422,3.0407171,3.083795,2.6758888,2.6659026,1.6548373,2.2225475,2.2707357,2.2101297,1.9782653,2.273932,1.6274297,2.354997,2.288833,3.0928154,2.2553296,2.7350385,2.017083,1.6064268,2.5129952,2.8637555,2.0828557,2.821274,2.8202186,2.871174,2.9243495,2.988761,2.5762906,2.0867405,3.0735836,3.286955,2.7358918,2.7085876,2.7935646,2.7743957,2.908139,2.7904663,2.4432364,2.8215747,2.7380695,2.8275864,2.7434745,2.771374,2.7845507,2.8659172,3.3813932,3.4933264,2.8303328,2.2527215,2.8177302,3.0499008,3.049141,2.8495238,2.618646,3.423615,2.7851899,3.2799735,3.3027122,3.224914,2.8367023,3.021515,2.770023,2.808215,2.991103,2.7989955,1.9561793,2.1231668,2.4128454,2.6447234,2.9277453,3.724885,3.7983005,4.5546207,2.942685,2.8320184,1.8301502,1.8198786,1.8808806,2.2387726,1.9797757,1.9524459,2.2900105,2.463681,2.350018,2.356046,2.61117,2.3719301,2.570494,2.8703284
22,3.5490406,3.5739086,3.951973,3.8939772,2.5286272,2.3443992,2.430703,2.9783905,3.3053365,3.2669172,4.182404,3.7999084,3.2493002,3.52732,3.6814377,2.919211,1.720148,2.9726198,2.1885269,1.8490412,1.8874794,1.8959719,0.0,1.317073,2.57732,2.3026896,2.2667434,2.2754428,2.1123257,2.316722,2.4459326,2.3114338,2.5263975,2.3245661,2.2739031,2.683924,2.433537,2.4457433,2.1848392,2.1600285,2.9800344,3.0164375,2.539209,2.5347133,2.082992,2.6392748,2.717147,2.6901004,2.4293835,2.623567,2.1257393,2.7480686,2.7727177,3.7737331,2.7024817,3.5712636,2.4339223,2.1322744,2.881188,3.254946,1.7648147,2.3730662,2.299801,2.404817,2.713303,2.7985964,2.8222554,2.4320817,2.754629,3.165291,2.4695663,2.953481,2.5189462,2.47791,2.6991606,2.4819717,2.1873858,2.568615,2.405729,2.478873,2.4673529,2.591419,2.5655901,2.6879513,3.3636062,3.2979186,2.5150125,1.9849519,2.4519942,2.7247512,2.7484076,2.5756276,2.6951284,3.2190778,2.6936698,3.339527,3.0975423,3.1371412,2.7954748,2.9596114,3.3059857,3.4289927,3.6372392,3.4273114,2.223049,2.4291344,3.105041,3.2757952,3.046339,3.7970345,3.8463085,4.608283,3.2871323,3.1920543,2.4325316,2.372641,2.3187664,2.2939258,2.3083255,2.4288702,2.4545617,2.2447653,2.096932,2.091703,2.8288305,2.6809669,2.7920103,3.0140991
23,3.7580361,3.728505,3.8484116,4.193742,2.8061192,2.7035615,2.763734,3.1595592,3.6523147,3.6564171,3.8605404,3.5119197,3.2430193,3.5091228,3.5927608,2.799761,2.3485036,3.3393476,2.7275007,2.4505224,1.7795078,1.7832236,1.317073,0.0,2.9242716,2.7648268,2.7855098,2.8010838,2.664361,2.7330937,2.9426956,2.8217134,2.8173063,2.5963628,2.5894427,2.9393845,2.7228158,2.729275,2.4918623,2.47763,3.1251817,3.1735625,2.8003302,2.7989142,2.4384325,2.592176,2.8873427,2.8545513,2.6042583,2.881578,2.4792345,2.989939,2.90099,4.017382,2.8631828,3.6896276,2.6747572,2.4642706,3.065231,3.3786206,2.2688582,2.701025,2.6444657,2.6902535,2.968241,2.859392,3.080916,2.7212658,3.1054265,3.2769938,2.517334,3.00625,2.5715375,2.7756703,2.9470983,2.7845385,2.4933228,2.6240468,2.6422534,2.5899906,2.7445693,2.8173707,2.807149,2.8947487,3.484679,3.453447,2.7905984,2.258852,2.823335,3.0538497,2.7018235,2.7991521,2.9557087,3.3885248,2.562706,3.2459183,3.3267746,3.3748662,3.258158,3.189236,3.0566638,3.0758913,3.6258736,3.2823496,2.0568764,2.7423322,2.9658089,3.121829,2.938904,3.685701,3.711674,4.5186243,3.477973,3.3487697,2.6684294,2.589322,2.730842,2.221027,2.64688,2.7868168,2.794336,2.6134589,2.5338907,2.5127432,3.1853514,3.005806,3.0379186,3.1646628
24,2.3759267,2.399168,2.773875,2.5365944,2.4278636,2.4637914,2.4285393,2.5336564,2.8016827,2.8399162,3.3730676,3.265818,2.4133425,2.6917214,3.2610583,3.4162936,2.0372324,2.2723975,1.3254641,1.9277582,2.1601017,2.1649065,2.57732,2.9242716,0.0,1.0891196,2.1736383,2.1880589,1.4364624,1.5247616,1.5297871,1.4363095,2.123836,2.0034542,2.0773163,2.1209724,2.0529451,2.0961845,2.3740437,2.4103994,2.420748,2.4178197,2.6720793,2.6573586,2.040593,2.2010674,1.8735496,1.8440104,1.7397926,1.8853326,2.2012322,1.946819,2.104727,2.4915674,1.9779804,2.297673,1.9340941,2.2094233,2.227557,2.360832,2.7991343,3.3486557,3.1275754,2.7611754,2.5289192,2.7838266,2.2442093,1.9397258,2.6400793,2.415606,2.56472,2.5153203,2.6687691,2.4223893,2.6594555,2.3587883,2.347986,2.7133892,2.434449,2.599106,2.525687,2.4981894,2.5549526,2.6167939,2.4326978,2.590661,2.4502358,2.1529021,2.3923376,2.6415114,2.9745004,2.4916048,2.310734,2.7046354,2.7755992,3.2085574,2.458332,2.3424244,2.369501,2.1544404,2.3252509,2.4558754,2.2121198,2.1722155,2.617167,2.5514624,2.886042,2.7939427,3.6227849,3.747789,3.4703445,4.222703,2.356181,1.9696176,1.7385559,1.7105856,2.704528,3.3164415,2.7559052,2.739066,2.4000466,2.5129235,2.3882403,2.3388002,2.844296,2.1326232,2.2273726,2.5074513
25,2.166674,2.207205,2.525149,2.2009697,2.070313,2.1519096,2.1003397,2.2024026,2.5404856,2.5622373,3.7228086,3.101774,2.2618558,2.5034585,3.4175317,3.5016603,1.7004174,1.9738289,0.9283714,1.5293173,1.8966533,1.9004692,2.3026896,2.7648268,1.0891196,0.0,1.843633,1.8629165,1.0287492,1.1003925,1.0594577,0.9395689,1.7439969,1.6260395,1.8221732,1.750842,1.7110714,1.7434764,2.0545127,2.0784557,2.775777,2.7767074,2.3067698,2.2908616,1.6488798,1.9470423,2.4008229,2.3636098,2.341574,2.3980641,1.899622,2.4150631,2.5259502,2.9199686,2.4411669,2.7743852,2.1273525,1.8307587,2.665027,2.740118,2.249341,2.7176325,2.928475,2.955586,2.240368,2.53853,1.9339508,1.5952194,2.303463,2.7720761,2.3796852,2.3077123,2.490838,2.069811,2.3836033,2.0629287,2.1107159,2.4415016,2.2125158,2.404762,2.2044628,2.1200645,2.2164443,2.2765703,2.7941453,2.9598572,2.1246042,1.9360443,2.064811,2.3254805,2.7713087,2.1930482,2.0116618,2.4228475,2.527394,2.9989533,2.8287182,2.7427642,2.0020115,2.5530014,2.6615567,2.8530037,2.608345,2.5987542,2.3969927,2.273754,2.7289283,2.595089,3.1229372,3.2929416,3.4196825,4.129546,2.113542,1.7192966,1.4370571,1.4141517,2.4602034,3.1045296,2.4909167,2.4641697,2.055574,2.2071424,2.0358424,1.9818354,2.2710292,1.8858683,2.0567892,2.2943542
26,2.735168,2.772405,3.1522396,2.7625997,2.586993,3.0023346,2.666486,2.9279644,1.7161902,1.673725,3.3688734,2.6835139,2.9203928,2.8905754,2.9647517,3.039952,1.7659599,1.6148537,1.4736623,1.2394124,2.604331,2.607671,2.2667434,2.7855098,2.1736383,1.843633,0.0,0.27722913,2.039697,1.8493963,1.6350273,1.762461,2.795551,2.597536,2.951149,2.6249812,2.6278343,2.6344213,2.347753,2.3473623,2.7846584,2.8028872,2.263156,2.2693155,2.4020705,2.7707388,2.9879866,2.9572144,3.1408699,2.7040358,2.4088428,2.8294048,2.9237082,3.4032974,2.9912698,3.2698085,2.7622669,2.3964884,3.129242,3.481279,2.1705942,2.7091565,3.033154,3.202245,1.5389305,2.0172226,1.8143449,1.861637,1.518832,2.2772741,1.7599816,2.2708447,1.7314123,1.3281931,1.6802444,1.3785632,2.0584989,2.0576804,1.9298375,2.154048,1.2077454,1.4288492,1.6641152,1.6429087,2.6663494,2.5268652,1.434178,1.8591021,1.0103728,1.5881585,2.1513126,1.5767343,1.8173302,2.015778,2.445662,2.8917968,2.651119,2.697493,2.2224486,2.7236671,3.0704343,3.2521553,2.9823122,3.018966,2.422304,2.6982782,2.9524367,2.805331,2.8022053,3.0496545,3.425206,4.1302114,2.6428733,2.5650563,2.3250813,2.3210669,3.1404643,3.1065512,3.194304,3.261978,1.9536097,1.6147237,1.6399783,1.3924745,2.3902247,2.2266068,2.4359875,2.3649611
27,2.6985233,2.7346563,3.0908043,2.710373,2.5347483,2.9647353,2.61189,2.8810449,1.6711526,1.6505716,3.3254006,2.6883671,2.8700492,2.8240814,2.9165351,3.022207,1.757105,1.548044,1.4210064,1.2443753,2.5706193,2.5760133,2.2754428,2.8010838,2.1880589,1.8629165,0.27722913,0.0,2.0041854,1.777385,1.6054795,1.7487868,2.7520294,2.5681858,2.9307055,2.5587785,2.6151814,2.6096487,2.3497982,2.3409305,2.7700815,2.7954028,2.2402527,2.2513762,2.3463845,2.763118,2.964789,2.9308903,3.1259491,2.6686792,2.3678973,2.82875,2.8996158,3.3762012,2.9898648,3.248461,2.7654545,2.3835478,3.095578,3.4513102,2.149109,2.7767866,2.994435,3.1782124,1.4826934,1.9654151,1.7481011,1.8321332,1.4570074,2.240924,1.6937352,2.212607,1.6996583,1.3211846,1.6185812,1.3519895,2.017481,2.03653,1.9067109,2.1443222,1.1739161,1.4015787,1.6031276,1.5814995,2.6867664,2.54748,1.4152675,1.8235465,1.0030204,1.5725646,2.140892,1.5405736,1.7726194,2.0371025,2.4317806,2.8786016,2.5961113,2.6385703,2.1300063,2.6695051,3.025912,3.2060933,2.9225378,2.9593852,2.4747753,2.725509,2.9736497,2.8286371,2.8539004,3.139838,3.5312364,4.230747,2.7093668,2.6150012,2.3386858,2.3549607,3.0684938,3.0508313,3.1383324,3.2017787,1.9114356,1.5872653,1.6348121,1.3724372,2.4578485,2.3022966,2.538582,2.4613142
28,2.38481,2.4155805,2.8398817,2.634382,2.1816916,2.0128808,2.0897691,2.3409667,2.7171843,2.693574,3.8089244,3.2161021,2.1837096,2.5541792,3.4624653,3.5626905,1.1642724,1.9462031,0.8673112,1.3030616,1.6824907,1.6866268,2.1123257,2.664361,1.4364624,1.0287492,2.039697,2.0041854,0.0,1.1051606,1.2017497,0.73039395,2.1072767,2.0007381,1.8988993,2.2097228,2.1505396,2.147325,2.4044077,2.4091995,3.1254575,3.1458325,2.7653663,2.7615047,1.8811767,2.173647,2.4657185,2.4148498,2.099142,2.3306763,1.7617911,2.4029956,2.5263126,2.8874097,2.3963928,2.6906655,2.22875,1.8285754,2.5605762,2.9530592,2.1806736,3.0200777,2.86928,2.8788495,2.616506,2.865794,2.2756164,1.8010609,2.6501505,3.0597227,2.5483775,2.6164916,2.7101169,2.4570081,2.6718805,2.4524574,2.1181076,2.7246807,2.4201434,2.6192017,2.4407442,2.497243,2.514559,2.61501,3.1719666,3.256678,2.5206528,1.9432927,2.4339912,2.705088,3.011694,2.5518339,2.3535895,2.855857,2.8015149,3.3009357,3.0050454,2.9111998,2.2516112,2.7328923,2.8915522,3.0481625,2.8523252,2.8485627,2.494835,2.3311038,2.9137776,2.6798396,3.2961574,3.4265292,3.5473328,4.33903,2.2244298,1.9825155,1.4562804,1.4860198,1.9012411,2.641059,2.1593804,2.1216955,1.8280611,2.006485,1.8411885,1.8840665,2.357559,2.1048207,2.3615398,2.743824
29,2.201584,2.2107444,2.2222993,2.0046308,1.6333307,1.833211,1.7252976,1.9629186,2.43579,2.469343,3.5093703,2.9307158,2.3059356,2.254528,3.0788035,3.168604,1.6290952,1.7973652,1.0163574,1.4627787,1.8708724,1.8802446,2.316722,2.7330937,1.5247616,1.1003925,1.8493963,1.777385,1.1051606,0.0,1.0638226,1.0045663,2.0013702,1.9236802,2.1740084,1.6385276,2.2430866,2.2287545,2.455809,2.454618,2.8038912,2.82622,2.3968375,2.3939488,1.527774,2.195819,2.4506276,2.3980227,2.3977542,2.3818142,1.8854424,2.4547813,2.4848752,2.9830503,2.498288,2.7991474,2.2532454,1.9032214,2.5823028,2.8483415,2.2400172,2.9281719,2.9825606,3.028981,2.0940242,2.335677,1.8293113,1.693166,2.150547,2.5585542,2.139403,2.1713154,2.4675999,2.1326315,2.3616588,2.1140456,1.9398388,2.2885113,2.1066563,2.343625,2.1275928,2.1492906,1.9587284,2.0587938,2.787239,2.9046543,2.1694653,1.8094406,2.125505,2.185653,2.6050575,1.8417493,1.754897,2.3763719,2.3745067,2.7682445,3.0060465,2.9435763,1.8897355,2.7287447,2.7262352,2.8567212,2.3641622,2.561451,2.493156,2.3684137,2.8291368,2.4697347,2.9836051,3.1927598,3.5984452,4.292253,2.1259305,2.0692017,1.5980202,1.6247557,2.4919133,2.8961134,2.7206252,2.5949817,1.9023081,2.020947,1.8934053,1.885077,2.652453,2.4450688,2.6052723,2.742632
30,2.0042048,2.0571024,2.5296268,2.226769,1.9458481,2.390343,2.1721735,2.4236295,2.308038,2.26009,3.5488722,2.916033,2.1621873,2.3023958,3.1577034,3.2745733,1.8027264,1.5905584,0.9211825,1.3582808,2.0975733,2.0917144,2.4459326,2.9426956,1.5297871,1.0594577,1.6350273,1.6054795,1.2017497,1.0638226,0.0,0.593177,2.06208,2.0339084,2.5180204,1.8628905,2.1112487,2.1100159,2.3706183,2.3686748,2.7726426,2.7894487,2.3512425,2.3439286,1.868571,2.2007384,2.5285451,2.4733682,2.6183984,2.2716684,1.8318635,2.3820117,2.5725791,2.9287627,2.464268,2.7400808,2.2203481,1.8178931,2.6792758,3.005239,2.2168941,2.9027493,3.1928315,3.3153985,2.171795,2.48417,1.8129876,1.8434935,2.1871295,2.7038836,2.2854695,2.2164896,2.3276772,1.9695971,2.234066,2.0102127,2.4439957,2.450454,2.4455848,2.6518664,1.9753902,2.0378442,2.2204802,2.187188,2.872106,2.946995,2.0857372,2.3185964,1.883459,2.2488048,2.6533747,2.076269,1.8546249,2.4686,2.423413,2.9965508,2.9232981,2.84852,2.0197504,2.6745844,2.770042,2.964895,2.6666803,2.6791477,2.7928088,2.6716783,3.009899,2.7908435,3.3421912,3.4986453,3.8263478,4.45094,2.1432667,1.9988049,1.4956065,1.5090482,2.6352766,3.2443032,2.7998662,2.781309,1.8643271,2.0337522,1.8278767,1.8695035,2.2146993,1.9789505,2.231547,2.240829
