,0,1,2,3,4,5,6,7,8,9,10,11,12,13,14,15,16,17,18,19,20,21,22,23,24,25,26,27,28,29,30,31,32,33,34,35,36,37,38,39,40,41,42,43,44,45,46,47,48,49,50,51,52,53,54,55,56,57,58,59,60,61,62,63,64,65,66,67,68,69,70,71,72,73,74,75,76,77,78,79,80,81,82,83,84,85,86,87,88,89,90,91,92,93,94,95,96,97,98,99,100,101,102,103,104,105,106,107,108,109,110,111,112,113,114,115,116,117,118,119,120,121,122,123,124,125,126,127
0,0.0,1.87833,1.8910648,1.2124884,2.3249364,1.9179511,2.6543534,2.0085874,1.1466689,1.8845565,1.1039305,1.394123,1.3886843,1.701398,2.0969293,1.5585258,1.2684839,1.025653,1.2578751,1.0908802,1.3767995,2.3041527,1.4103111,1.9072229,2.1837626,2.026492,2.931501,2.0234315,2.6282134,3.3531876,2.568234,3.525777,1.9650893,2.6890938,2.398672,2.5464623,1.9314113,3.1351087,2.2544193,2.2671418,3.4695168,3.1711655,3.591485,2.0920355,2.9460776,3.088892,3.0853212,2.7082226,1.5814885,1.2406228,1.5525943,2.3704095,2.1167526,1.8621501,1.4527768,1.793359,2.207604,3.1025362,2.086084,2.7154906,2.8680363,2.8560793,2.852567,2.4615304,2.4527738,2.223606,1.8575382,2.348212,2.0837889,2.4725146,1.9021317,2.8554437,1.9293381,2.3881056,1.9360614,2.559353,2.3773434,2.5121262,2.5391886,2.5152547,2.506213,2.8338661,2.4984257,2.5011606,2.3489635,2.2294474,2.4905083,2.0653293,1.9895668,1.8890992,2.443813,2.7987497,2.8634963,1.9853613,2.123283,2.74237,1.5995378,1.6666819,1.8888596,1.410074,1.3378605,1.873773,1.5966682,1.7855856,2.6802423,2.6547487,2.527523,2.655684,2.8779209,2.743856,1.8897471,2.08348,2.547089,2.4276288,2.232153,2.1826587,2.6006157,2.4836829,2.2007399,2.1274397,1.292436,1.9718531,2.4022295,1.6006984,2.2135677,2.4579027,1.6885272,2.12337
1,1.87833,0.0,2.0203397,1.4895095,2.4054277,2.7139382,2.6238453,2.1349075,1.5885913,2.0955086,1.5974327,1.8291425,1.8610203,2.1646087,2.217041,1.9493842,1.6484361,1.7523729,1.8930321,1.8304628,1.649792,2.2943726,1.7018814,1.0632098,1.5146196,1.9980658,2.9178042,1.8558835,2.3611321,3.07901,1.8517458,2.6765578,2.366205,2.667642,2.5483623,2.7232504,2.36682,3.150577,2.4630573,2.4497013,3.4419754,3.1231477,3.6990156,2.7491546,3.0535972,3.3472679,3.0724118,3.043727,2.2665427,1.9795269,1.7081062,2.232665,2.443627,2.1108165,1.6778935,0.9988426,2.57035,2.86106,2.3394368,2.8638473,2.8601956,2.9944603,2.7019906,2.4862666,2.5116541,2.593717,2.3669727,2.6177354,2.0731337,2.7633672,2.4389017,2.5427725,2.3860588,2.675229,2.4301724,2.8589752,2.53202,2.7393644,2.7978318,2.7806225,2.7696726,3.0985248,1.6578653,1.6700065,2.4294677,2.5543773,2.730505,2.2907436,1.5012592,2.0698555,2.5952718,2.7646244,2.3875113,2.4104748,2.2409403,2.730132,1.9209331,1.8777748,1.9772817,1.958334,1.8735092,2.2041016,2.011953,2.1522863,2.6344929,2.6421666,2.8227463,2.6467273,2.545518,2.5687904,1.9265867,2.395231,2.7941723,2.6730351,2.4457881,2.3603675,2.4260516,2.2069628,2.1368537,2.2731507,1.739355,2.2208493,2.3333008,1.9414836,1.996218,2.4741693,2.0559509,1.9416207
2,1.8910648,2.0203397,0.0,1.3146482,1.8279446,1.8226721,1.90102,2.17036,1.5734583,1.4936861,1.4799068,1.7171044,1.8307433,2.0005827,2.1874354,1.9861339,1.7438318,1.7488004,1.6454281,1.432602,1.487339,1.7536417,1.2515678,1.7813184,2.3172526,1.9068693,2.6524432,2.2277782,1.96371,3.1084838,2.6346457,2.91426,2.240184,2.3030503,2.4179208,2.5650148,2.1949124,2.481369,2.5701027,2.3745914,2.8545344,2.433366,3.4557114,2.617568,3.092665,2.8619878,3.116238,2.8419745,2.6790555,1.8482687,1.6975386,1.737481,2.5378482,2.3319643,1.9026784,2.298777,2.7033737,3.2527838,2.4434927,2.5535257,3.017277,3.124465,3.013236,2.651947,2.193318,2.1630127,2.2654574,2.0257843,2.6913855,2.379303,2.2886157,2.5045404,2.2269304,2.1881232,2.4207163,2.5270138,2.0639257,2.204753,2.2028277,2.2158804,2.6893024,3.4679835,2.8020554,2.8082519,1.7979554,2.0026658,2.1414611,2.1275048,2.3979273,2.2938006,2.7968926,2.3941498,2.6324093,2.226034,2.2023957,2.180305,2.1847458,1.8908379,1.6791034,2.1602767,2.0316963,2.375717,2.0129704,2.0990012,2.061659,2.1186128,2.2296562,2.0650277,2.3421736,2.621847,2.0905402,2.490788,2.254443,2.0932834,1.756598,1.838152,2.1890779,1.785469,1.7677339,1.6744363,1.9519873,1.6795118,1.9360424,2.1195095,2.0847242,2.9088774,1.9025728,2.1309884
3,1.2124884,1.4895095,1.3146482,0.0,2.0857792,1.6437591,2.2674165,1.5890859,0.7565271,1.657926,0.69415265,1.1696248,1.2099421,1.6012875,1.8494661,1.4159576,0.83545595,0.8994928,1.047153,0.9420709,0.97457826,2.013201,0.9123598,1.5990312,1.9715148,1.9295816,2.7499242,2.2091575,1.8484002,2.7305934,2.1589348,2.8253005,1.7463605,2.4385023,2.0469594,2.2237375,1.732328,2.8692145,2.0150867,1.9123881,3.2254255,2.8453581,3.5860171,2.3269432,2.7183013,3.127386,2.897186,2.8196633,1.6450571,1.098678,0.96836454,1.991932,2.1002836,1.6660218,0.94445485,1.5062026,2.2007213,2.7457194,2.0088859,2.6993327,2.709449,2.7727914,2.5863595,2.322077,2.1429553,2.136331,1.7177006,2.1643524,2.1261766,2.385806,1.8535407,2.0685737,1.8866106,2.3135798,1.8863477,2.5101848,2.232366,2.4122565,2.490518,2.4455016,2.4131622,2.8165097,2.300613,2.3102143,1.9236995,1.9725611,2.2575097,1.8416091,1.865271,1.7190424,2.3289235,2.5986903,2.8187404,1.9124707,1.8120769,2.4638743,1.4331405,1.4755621,1.6717038,1.4571556,1.2394328,1.7389628,1.5076383,1.7924986,2.3956723,2.3924778,2.5969112,2.3923662,2.1786118,2.0523636,1.3938866,1.9955537,2.5158927,2.3724113,2.0540876,2.034467,2.2785413,2.0107946,1.8889235,1.9520074,1.0815921,1.8336971,2.039041,1.3776755,1.6535807,2.1824863,1.5014337,1.6086397
4,2.3249364,2.4054277,1.8279446,2.0857792,0.0,1.6239915,1.7785887,2.917272,2.0007505,1.5375974,1.9460088,2.054382,2.2430365,1.8750631,2.3556552,2.154084,1.96361,2.0834906,2.1632547,1.9633001,1.4947205,1.1091224,1.6633718,1.848768,2.271066,1.7449851,2.52016,2.153213,2.1114392,3.2926588,2.8956337,3.2415507,2.5447319,1.7783557,2.3784685,2.422961,2.3810232,1.7874707,2.3652847,2.4120672,2.5079675,2.1717987,2.9507434,2.588477,3.4609106,2.473839,2.5829623,2.6241634,2.9037037,2.5689757,2.2752633,1.6120197,2.4673119,2.7180774,2.480919,2.6883094,2.5920131,2.9582105,2.5527673,2.0107393,2.7302356,2.2588346,2.656598,2.2203262,1.5614706,1.8116436,2.1215694,1.6664218,2.6959019,1.9544384,2.2923932,2.338272,2.1369221,1.8428135,2.387797,2.0445998,2.0565717,1.8665407,1.7754877,1.7827432,2.6690814,3.0829878,2.660239,2.6594281,2.1723084,2.1276286,2.2193708,1.9018111,2.5411372,2.3790045,2.5788627,1.6868101,2.336298,2.3521478,2.0502503,1.5271037,2.1943784,1.8665862,1.2662297,2.2589135,2.3448975,2.6408806,1.9948763,2.3344986,1.9803323,1.9478552,2.0835485,1.9526247,2.5515206,2.9462266,2.480531,2.8067682,1.9652982,1.803707,1.3797139,1.5061055,1.8334888,1.5388979,1.4789582,1.6145841,2.329445,1.745663,1.5409554,2.3774967,2.011887,3.0302215,2.3043535,2.19807
5,1.9179511,2.7139382,1.8226721,1.6437591,1.6239915,0.0,2.1901362,2.4616084,1.6715775,1.9658445,1.6058223,1.7821782,1.8425634,1.5251191,2.105282,1.8520387,1.5817871,1.7200811,1.7818229,1.6880059,1.4562842,2.1207135,1.5465789,2.3465936,2.5710866,2.2148104,2.9042463,2.767875,2.3554602,3.1677148,3.0568218,3.4948604,2.2530851,2.436603,2.1820712,2.1654372,2.081306,2.579911,2.0644798,2.1308808,3.1778047,2.86256,3.6979241,2.703391,3.254618,3.0086272,3.0030954,2.835059,2.559494,2.1650367,1.7920673,2.3196402,2.5478756,2.4689116,1.9859396,2.6674907,2.6770284,3.1064377,2.7373028,2.9472718,3.0276518,2.593398,2.9485722,2.6671386,2.0662608,2.1951766,1.7095855,2.1713657,2.6820843,2.1850836,2.0469747,2.1612825,2.130774,2.3419037,2.0969887,2.482344,2.625449,2.4783955,2.4456959,2.4146094,2.8049576,2.9860165,2.964997,2.9652145,2.219875,2.2201567,2.310048,2.053384,2.6607628,2.2412336,2.4657607,2.5093706,3.2381344,2.216069,1.9150403,2.2651486,1.9358969,1.8954942,1.9131337,2.0212922,2.1052985,2.452424,1.9712476,2.303414,2.6993554,2.66996,2.7651186,2.6671326,2.667637,2.6036842,2.2099147,2.5651712,2.5111637,2.4067557,2.1365826,2.2580984,2.4669101,2.2744114,2.2542531,2.3124282,2.0481222,2.309314,2.2615407,2.2008014,2.0461938,2.5903547,2.259796,2.1919563
6,2.6543534,2.6238453,1.90102,2.2674165,1.7785887,2.1901362,0.0,3.174766,2.234531,1.7021389,2.2413607,1.922191,2.067982,2.1332633,2.1209743,1.8876715,2.3755155,2.4887671,2.5624113,2.3287072,1.8542141,1.7267054,2.0497472,2.1821377,2.4846776,2.1938756,2.7183297,2.3928475,2.2881904,3.5367856,3.2165418,3.3691041,2.9490104,2.1041913,2.691775,2.841093,2.952816,2.2088683,2.9442968,2.7693453,2.1174514,2.3869977,3.5917664,3.2231145,3.4410474,2.061386,2.1705387,2.538783,3.0782516,2.8014793,2.3607767,1.813901,2.9448574,2.9570305,2.6853697,2.9379804,3.1868331,3.5517123,3.0090983,2.704887,3.1403482,3.2264357,3.268939,2.9642563,2.843774,3.1028845,3.1977532,2.8620858,3.6023278,2.8958194,3.3081129,3.174606,3.2401667,2.9606528,3.218047,3.1203032,2.8500173,2.879655,2.9266043,2.9234157,3.4030936,3.9388642,3.5571053,3.5568807,2.8701375,3.0173752,3.2587948,2.9796076,2.6985497,2.513072,3.6379817,2.93022,3.2776773,3.291324,3.0255866,2.5564651,2.6882823,2.366135,1.8096857,2.7381003,2.536783,2.7594702,2.1882336,2.4804816,1.9659177,1.9454982,2.1556263,1.9953673,2.5939972,3.032356,2.6081424,2.908332,2.0069418,1.8182789,1.6086421,1.7499267,1.9045603,1.7164707,1.6287324,1.7886351,2.541472,1.8785127,1.6374794,2.626468,2.1750767,3.194454,2.5281565,2.4107673
7,2.0085874,2.1349075,2.17036,1.5890859,2.917272,2.4616084,3.174766,0.0,1.6741424,2.4539273,1.7324985,1.9601893,1.8659943,2.2307749,2.2393968,2.3224027,1.7464042,1.9123291,1.5153823,1.8883963,2.1130998,2.7394822,1.7249691,2.4300888,2.7272058,2.43592,2.6891959,2.8120902,2.8249404,2.5730803,2.0318446,2.7225525,2.3427856,3.2081819,2.897383,2.9923267,2.1492112,3.6445603,2.7556777,2.6916778,3.7139726,3.4177728,3.6660247,2.8821592,2.0152042,3.848578,3.6540227,3.3377626,2.4286225,2.0722673,1.7303889,2.710914,2.8591533,2.2427914,1.694306,2.052454,2.8866298,2.8714178,2.6564338,3.282723,3.280578,3.428184,2.8237755,2.7822783,3.1955552,2.9425085,2.6070507,2.895655,2.9480321,3.2382107,2.7753859,2.9043212,2.8534138,3.2616394,3.1021435,3.6153061,3.0288017,3.2579005,3.2864249,3.2328427,3.3784616,3.3492851,3.0874112,3.108792,2.9719224,3.035866,3.3443089,3.0065796,2.5636797,2.454109,2.8725576,3.3846507,3.5428827,2.8461137,2.9774752,3.5824172,1.9717329,2.1017504,2.4054978,2.0782247,2.0944986,2.4396813,2.623089,2.4845154,3.1696804,3.1769593,3.3376834,3.1730807,3.01768,3.0678575,2.3605652,2.7957635,3.5545092,3.479891,3.1875792,3.1629033,2.8856761,2.726129,2.7440279,2.8438814,2.2985487,2.9634764,3.26077,2.5179334,2.5115218,2.6910274,2.670979,2.5110116
8,1.1466689,1.5885913,1.5734583,0.7565271,2.0007505,1.6715775,2.234531,1.6741424,0.0,1.3167673,0.34994218,0.93476653,1.0300231,1.5375572,1.6081419,1.2032139,0.7605589,0.7433367,1.0564501,0.8502071,0.91093564,1.8089758,0.79805297,1.4993938,1.9858613,1.6439714,2.6885002,2.067133,1.9265243,2.815855,2.2551935,2.907042,1.9282475,2.2702813,2.2091818,2.4069211,1.6988873,2.7542531,2.2363405,2.1240714,3.1651452,2.830978,3.6167758,2.4225328,2.6856794,3.0778651,2.7748957,2.828379,1.5547963,1.3224325,1.1369175,1.9299341,1.9246755,1.714894,1.2685937,1.6074711,2.1243463,2.771284,2.0526586,2.4400058,2.709739,2.7807736,2.5317304,2.198256,2.3158998,2.135359,1.8347428,2.1021378,2.0931187,2.316868,1.8902599,2.1822047,1.9107088,2.259268,2.0762062,2.5725615,2.0870483,2.427188,2.42286,2.3718698,2.469153,2.5553126,2.4703808,2.4757843,1.9632082,1.9629709,2.527951,2.0606167,1.7390959,1.6499883,2.3457894,2.511061,2.8317952,2.0840497,2.0912154,2.5637488,1.2232735,1.2430953,1.3842922,1.2003933,1.2438196,1.748665,1.4885952,1.6778984,2.3328087,2.306385,2.5305839,2.3466556,2.0508342,2.0622377,1.5999497,1.9702744,2.352637,2.232135,2.0073977,1.9661486,2.172734,2.0245736,1.8362685,1.8471653,1.2604734,1.7626863,2.0535328,1.5256727,1.8223015,2.2926068,1.630338,1.7800375
9,1.8845565,2.0955086,1.4936861,1.657926,1.5375974,1.9658445,1.7021389,2.4539273,1.3167673,0.0,1.4115182,1.6393377,1.8603781,2.0367641,2.0602412,1.8764051,1.8014499,1.779062,1.9307817,1.6302515,1.4069911,1.0420685,1.359455,1.7980436,2.2889411,1.3634732,2.3231406,1.8164879,1.98433,3.2726934,2.749814,3.0691733,2.5111864,1.7436694,2.6176853,2.8303678,2.2965865,2.0287638,2.8286002,2.6675055,2.506217,2.1109302,3.315776,2.7531965,3.1640596,2.582698,2.5251844,2.804845,2.3345711,2.1742752,1.9660361,1.4038918,2.4776022,2.5257452,2.3048103,2.4722462,2.7434494,3.3221035,2.5953023,2.0663488,3.066802,3.176166,3.008423,2.5215294,2.2354403,2.044306,2.4199002,1.6519716,2.6005714,2.0969002,2.3267314,2.6277816,2.2028687,1.8452791,2.6043723,2.4383855,1.4484986,1.8515339,1.8126997,1.7725724,2.7337172,3.090156,2.93521,2.9390738,2.0478964,2.1161482,2.713031,2.2859719,2.389148,2.359705,2.8480544,1.9469392,2.3952303,2.4084065,2.4888716,2.0494087,2.0485122,1.6965086,0.8633451,2.0111895,1.9851459,2.252043,1.8530551,1.9924403,1.4564242,1.413814,1.6914034,1.49122,1.9740787,2.6632435,2.255408,2.4822683,1.7478914,1.5851728,1.2606245,1.2187268,1.571752,1.4081054,1.0728661,1.0248315,2.1052327,1.1860945,1.4825658,2.1810462,2.0638578,3.0525353,1.959886,2.109797
10,1.1039305,1.5974327,1.4799068,0.69415265,1.9460088,1.6058223,2.2413607,1.7324985,0.34994218,1.4115182,0.0,0.8214443,0.9545783,1.4064806,1.641676,1.1103717,0.7285114,0.54709834,0.9027062,0.66649425,0.8748282,1.8473626,0.7995137,1.4782746,2.0490098,1.7484722,2.7863855,2.1551435,1.8035365,2.8230958,2.2351778,2.8842885,1.8788666,2.344916,2.2024176,2.3825545,1.6781169,2.7968876,2.1629448,2.0843377,3.231043,2.9107153,3.6510324,2.385035,2.7613614,3.1311467,2.871043,2.8506222,1.5743982,1.1260978,1.205412,1.9953393,1.844414,1.6828505,1.2370957,1.6251953,2.0431209,2.8195658,1.9597754,2.4107018,2.687719,2.674676,2.5439835,2.1809995,2.2421203,2.0408885,1.7086844,2.0689077,2.0261765,2.2769146,1.7673179,2.0953174,1.795662,2.1937695,1.9153621,2.4726574,2.099335,2.3831675,2.3606217,2.3266428,2.4403517,2.6337097,2.4067106,2.4137368,1.9358768,1.912447,2.351649,1.9460238,1.7076294,1.5809646,2.2970767,2.518312,2.7802186,1.9622391,1.9862942,2.5142055,1.1914451,1.2195224,1.4204367,1.1029278,1.1832951,1.6642977,1.4085218,1.6657826,2.3235948,2.311295,2.5271838,2.3256423,2.010507,1.9185146,1.5136181,1.8954904,2.3467493,2.2125535,1.9577955,1.9195237,2.292776,2.1079252,1.8891382,1.8418181,1.1342487,1.7135438,2.059882,1.4262908,1.8042907,2.2604375,1.4478714,1.7648647
11,1.394123,1.8291425,1.7171044,1.1696248,2.054382,1.7821782,1.922191,1.9601893,0.93476653,1.6393377,0.8214443,0.0,0.33104733,1.07709,1.4012625,0.6244444,1.0576798,0.9558904,1.1943026,1.0172348,1.1388745,1.9746692,1.1512052,1.6637669,2.2563481,2.0054133,2.9531336,2.32723,2.0218995,2.9468338,2.450432,3.0806468,2.0224156,2.44019,2.3180387,2.4734437,1.894046,2.904404,2.2404795,2.1821957,2.9693038,2.9993773,3.7358751,2.49568,2.5488908,2.8780003,2.6174073,2.5925226,1.8238502,1.4228238,1.4931706,2.1571987,2.0146582,1.894575,1.5077462,1.8821673,2.2326014,2.9495652,2.0754025,2.5086703,2.7569003,2.7297962,2.6217284,2.3347168,2.7177114,2.5722275,2.304956,2.6086366,2.5836167,2.7282069,2.3543675,2.5937693,2.386996,2.692883,2.3760164,2.9142365,2.6578472,2.8536448,2.831972,2.814632,2.845492,3.0294862,2.8682141,2.8706825,2.5293314,2.523011,2.822344,2.4805195,1.6413729,1.3734509,2.7989268,2.9820533,3.1919665,2.51614,2.4977312,2.9012651,1.4161893,1.4419687,1.5859083,1.3371507,1.355779,1.8103843,1.5584786,1.8100679,2.4341516,2.4211924,2.6171207,2.4426734,2.2349339,2.116834,1.6807055,2.0341587,2.490168,2.3426774,2.0999916,2.0926685,2.4045186,2.250504,2.0107415,1.9867392,1.2643856,1.8215443,2.1495972,1.5734166,1.9719125,2.4011617,1.6644217,1.9446831
12,1.3886843,1.8610203,1.8307433,1.2099421,2.2430365,1.8425634,2.067982,1.8659943,1.0300231,1.8603781,0.9545783,0.33104733,0.0,1.0709752,1.3137738,0.6855305,1.0707797,1.0239978,1.2134011,1.0890305,1.2751017,2.1904728,1.2383137,1.7632947,2.260125,2.0976079,3.0225875,2.3938012,2.210713,2.984218,2.4818602,3.1764095,2.065909,2.647298,2.3894632,2.5202127,1.9545403,3.1165257,2.2634306,2.2280335,3.107647,3.172927,3.847646,2.5464137,2.478547,2.9984431,2.7536378,2.6354284,1.8566967,1.4608473,1.4158133,2.2927442,2.077098,1.8470604,1.4145924,1.8170019,2.2760901,2.9102974,2.1088114,2.6943266,2.768174,2.779595,2.627248,2.3939683,2.8624475,2.7252614,2.381031,2.7977033,2.6428485,2.8841088,2.4389555,2.7068324,2.5063553,2.882608,2.4528084,3.0804274,2.8738453,3.046115,3.037241,3.0172133,2.9592168,3.1037562,2.9185529,2.9196908,2.6635406,2.6712155,2.9267101,2.6051736,1.6121404,1.3270855,2.839945,3.1595075,3.3554587,2.5907838,2.5744927,3.0821192,1.4518234,1.5458417,1.7965204,1.3965473,1.3910861,1.9098219,1.6787494,1.8327531,2.6738067,2.6603112,2.819517,2.680925,2.44298,2.2665205,1.7397698,2.0703726,2.6632814,2.5398288,2.3366747,2.3366423,2.5191307,2.399712,2.2059543,2.192603,1.2778817,2.0407572,2.3617146,1.6418352,2.0876935,2.3600504,1.8348706,2.0322356
13,1.701398,2.1646087,2.0005827,1.6012875,1.8750631,1.5251191,2.1332633,2.2307749,1.5375572,2.0367641,1.4064806,1.07709,1.0709752,0.0,1.733199,1.3138908,1.5171287,1.4698992,1.5934716,1.5391905,1.6086632,2.2737575,1.6598353,2.0523405,2.521364,2.299412,3.1002274,2.6016452,2.3652592,3.105857,2.6516552,3.353985,2.1163049,2.6843607,2.404328,2.361261,1.9878043,2.9907308,2.0142453,2.253349,3.0154786,3.0919917,3.8086185,2.5487552,2.749283,3.0036557,2.8359816,2.6105158,2.2092543,1.8055881,1.8495003,2.4888458,2.4511669,2.3095133,1.922487,2.2427042,2.605061,3.21247,2.445477,2.8658285,3.0200655,2.5701869,2.9357605,2.648641,2.5876703,2.4352174,2.1186225,2.535222,2.468235,2.5937178,2.1976628,2.5660136,2.2743924,2.591575,2.1972606,2.8020883,2.9468346,2.75376,2.7298582,2.7179804,3.0640407,3.2824726,2.7662313,2.7652178,2.8972204,2.8417428,2.6588733,2.4026527,2.010628,1.7718277,2.704038,2.9459841,3.0814931,2.3582017,2.3607378,2.7973075,1.7834868,1.8477114,1.9539467,1.7119582,1.7633605,2.1895533,1.8586789,2.0860515,2.7419877,2.7058384,2.8457124,2.712765,2.6032152,2.5021987,2.0969012,2.3291981,2.6922045,2.573434,2.2907996,2.3251624,2.6637878,2.5375094,2.3339376,2.2907283,1.6313624,2.1402872,2.4112403,1.8659419,2.288749,2.634351,2.016119,2.2503996
14,2.0969293,2.217041,2.1874354,1.8494661,2.3556552,2.105282,2.1209743,2.2393968,1.6081419,2.0602412,1.641676,1.4012625,1.3137738,1.733199,0.0,1.3963374,1.5958694,1.7241969,1.833953,1.6993222,1.6182235,2.2277706,1.5777848,2.0335872,1.9164598,1.6030599,2.6664102,2.1440053,2.368455,3.1999843,2.7871406,3.2076871,2.7629175,2.9055352,2.9172826,3.0363443,2.5953906,3.2523127,2.830377,2.775419,3.3168128,3.377726,4.0719266,3.1866007,2.9718008,3.3215284,3.0807974,3.0924132,2.4410002,2.27108,1.3683205,1.965548,2.1662924,1.9509212,1.7298448,1.9679576,2.484347,2.663601,2.3635962,2.664822,2.4873912,2.8949275,2.5330982,2.2036858,2.9830456,2.9158247,2.7659764,2.9726126,2.92687,2.9957924,2.72119,2.7848926,2.8578107,3.0713513,2.8846383,3.3148544,2.979783,3.1960802,3.1759932,3.1659086,3.2364829,3.2888985,3.1754384,3.1672566,2.7840583,2.9141562,3.2231178,2.8950388,1.767757,1.5464246,2.9556022,3.041042,3.4366162,2.770782,2.7972846,3.0983028,1.8628242,1.8136451,1.8686329,1.917999,1.9499046,2.286786,2.0474863,1.6628,2.717918,2.71929,2.9184654,2.7293112,2.453171,2.693307,2.06648,2.1123657,2.4324045,2.4736013,2.5253599,2.5376427,2.0419981,2.2820075,2.2466707,2.1873972,1.9580814,2.3320642,2.6343765,2.392372,2.1425588,2.2471457,2.3851976,2.1325698
15,1.5585258,1.9493842,1.9861339,1.4159576,2.154084,1.8520387,1.8876715,2.3224027,1.2032139,1.8764051,1.1103717,0.6244444,0.6855305,1.3138908,1.3963374,0.0,1.2231812,1.1448402,1.3776726,1.2216681,1.1720972,2.1739342,1.4004877,1.6553477,2.132576,2.1244483,3.0199144,2.3775613,2.0753956,3.0407743,2.526184,3.2215378,2.231989,2.5310662,2.3199503,2.4845269,2.159815,2.9739192,2.2835395,2.1978483,3.1675668,3.2144778,3.870136,2.70475,2.8801644,2.8954287,2.593497,2.6859443,1.9255041,1.6530092,1.5876969,2.29252,1.996712,1.9582471,1.59282,1.9260528,2.2008746,2.9794765,2.1854138,2.6583745,2.6908476,2.670768,2.6753132,2.3870554,2.8044767,2.8091252,2.3733804,2.8580654,2.7430875,2.8172116,2.5533166,2.6234815,2.608726,2.9199567,2.4343815,3.0063193,2.8605464,3.0583124,3.043432,3.0295446,2.91841,3.0604293,2.9095156,2.9117196,2.6036913,2.617763,2.9529138,2.5880835,1.7135755,1.4602425,2.9366622,3.1728747,3.3628902,2.7032156,2.5459552,2.9764462,1.5412632,1.5911155,1.7733052,1.4901326,1.500478,2.0170455,1.4960229,1.8816633,2.670492,2.6504467,2.8245857,2.6769357,2.4715526,2.2075455,1.8961977,2.1833444,2.411778,2.2706504,2.128209,2.1474798,2.4924688,2.3841898,2.1589775,2.1555362,1.4407601,2.0400476,2.2359548,1.7631047,2.0261223,2.3547187,1.9298159,2.1243079
16,1.2684839,1.6484361,1.7438318,0.83545595,1.96361,1.5817871,2.3755155,1.7464042,0.7605589,1.8014499,0.7285114,1.0576798,1.0707797,1.5171287,1.5958694,1.2231812,0.0,0.64656025,1.0516177,0.85135335,0.72369057,1.9033942,0.7107522,1.4855354,1.8500443,1.7974626,2.900187,2.2129853,2.018679,2.8451433,2.3725877,3.0513961,1.8517737,2.4133885,2.053938,2.2253263,1.697475,2.9050186,1.9418181,1.8932076,3.2988195,3.0175948,3.5714111,2.2641244,2.6937969,3.1283388,2.8415213,2.7447836,1.7470171,1.401359,1.015569,2.003655,1.676365,1.4888592,0.8579576,1.4382298,1.7960569,2.207074,1.769927,2.4318564,2.3392994,2.311559,2.016704,1.8184892,2.1600382,2.1906383,1.7407804,2.3433414,2.1754243,2.5032718,1.9003354,2.0788898,1.933355,2.4625654,1.9697949,2.5744607,2.4331546,2.6884885,2.682854,2.645694,2.3590095,2.381282,2.3434303,2.3430328,1.9179522,1.8950781,2.3727133,1.9155672,1.5174528,1.2121233,2.136012,2.5767393,3.0558603,2.0869856,1.8362037,2.5797682,0.9924516,1.1453326,1.5373769,1.1480936,1.2630982,1.8185644,1.5296077,1.784703,2.6210008,2.6113656,2.7801256,2.6247008,2.3306987,2.0954776,1.3520763,1.9656392,2.6185083,2.5029967,2.250938,2.243,2.265203,2.0663729,2.0041878,2.1287766,1.0177352,2.0085914,2.106733,1.3831692,1.6243755,1.985865,1.6908672,1.5414495
17,1.025653,1.7523729,1.7488004,0.8994928,2.0834906,1.7200811,2.4887671,1.9123291,0.7433367,1.779062,0.54709834,0.9558904,1.0239978,1.4698992,1.7241969,1.1448402,0.64656025,0.0,0.82994956,0.5278767,0.9591647,2.0420818,0.9752313,1.6224276,2.0818512,1.9191946,2.9913514,2.2421691,1.9219747,2.885185,2.3711345,3.1379914,1.7885947,2.532165,2.1711895,2.3372624,1.6444597,2.9882433,2.045313,2.0013494,3.4155135,3.1229267,3.645927,2.1545594,2.8381886,3.2290916,2.9643753,2.859051,1.4201794,0.92454636,1.2426431,2.1305618,1.5350393,1.4482117,1.0768765,1.5715039,1.648491,2.624926,1.597753,2.3293245,2.4234068,2.3927479,2.3387027,1.9416926,2.21903,2.0171957,1.6213824,2.2297652,1.987627,2.4013202,1.6723436,2.1585739,1.7167429,2.2971258,1.7298902,2.41162,2.291858,2.52796,2.5138314,2.4870708,2.2409117,2.4745655,2.3974044,2.397857,2.0122452,1.8636066,2.2409573,1.8426602,1.6523697,1.3775448,2.2126453,2.6509721,2.9218755,1.8716257,1.9111401,2.6274962,1.1483356,1.291662,1.6556305,0.99067503,1.0549608,1.6899078,1.3470677,1.6107585,2.5976212,2.5836184,2.7393885,2.5890567,2.2850323,2.0143046,1.5151498,1.8280852,2.4401808,2.3218002,2.11172,2.0798242,2.4874134,2.3421872,2.1074197,2.0210125,0.8682841,1.830153,2.220557,1.2976286,1.9500914,2.1897428,1.4500628,1.8603628
18,1.2578751,1.8930321,1.6454281,1.047153,2.1632547,1.7818229,2.5624113,1.5153823,1.0564501,1.9307817,0.9027062,1.1943026,1.2134011,1.5934716,1.833953,1.3776726,1.0516177,0.82994956,0.0,0.7289653,1.2444806,2.1830418,1.092176,1.7506895,2.2410452,2.0288255,2.5941727,2.3548877,1.9804655,2.45367,1.9098376,2.8001215,1.8257601,2.6696506,2.2571526,2.3766387,1.6671011,3.0468647,2.1686237,2.0632615,3.4521995,3.1373768,3.330327,2.2011201,2.5610588,3.310125,3.164304,2.9534378,1.7411535,1.0871404,1.3479514,2.206775,1.8266226,1.602885,1.1962714,1.7370619,1.764884,2.6796882,1.6963784,2.4234822,2.5132883,2.5028985,2.4345906,2.048374,2.4449916,2.2010899,1.7467444,2.3151176,2.4010293,2.5586803,2.0458932,2.3031914,2.0969899,2.583847,2.1555834,2.7082126,2.447448,2.6298165,2.6227348,2.597747,2.5391798,2.8284178,2.6350558,2.6507661,2.2856207,2.1503644,2.443859,2.1528037,2.094037,1.8175633,2.4766252,2.9081235,3.032108,2.1578815,2.2668455,2.8863783,1.4614011,1.5487407,1.8637387,1.3361324,1.3476667,1.9562254,1.6278964,1.7756613,2.7301676,2.7231126,2.8551161,2.7145536,2.6238458,2.4441185,1.9817673,2.2413144,2.5738049,2.4621303,2.2393715,2.2526243,2.62297,2.4530995,2.2714744,2.1731687,1.517691,2.1916611,2.600673,1.8539406,2.1503341,2.3864722,1.9139526,2.2651446
19,1.0908802,1.8304628,1.432602,0.9420709,1.9633001,1.6880059,2.3287072,1.8883963,0.8502071,1.6302515,0.66649425,1.0172348,1.0890305,1.5391905,1.6993222,1.2216681,0.85135335,0.5278767,0.7289653,0.0,0.9725277,1.8847411,0.7935955,1.5817064,2.124359,1.8101358,2.8291938,2.1698644,1.8081791,2.9794102,2.4099522,3.1452208,1.9895484,2.5523913,2.3511446,2.5115342,1.8481991,2.936278,2.2953615,2.198285,3.346302,3.0481439,3.5569398,2.2494326,2.9117808,3.1730595,3.0851774,2.907714,1.7136847,1.0304652,1.2918049,1.9552786,1.6124007,1.5563291,1.2274724,1.7553848,1.7221956,2.689556,1.6146712,2.177919,2.4396284,2.4841208,2.3902903,1.9518586,2.1922677,1.9627995,1.7505914,2.1249151,2.1973586,2.3893006,1.7878735,2.2834406,1.8030679,2.2383823,1.9135871,2.4179,2.165065,2.4285142,2.3970575,2.3804924,2.398316,2.7891922,2.563112,2.5677223,1.885396,1.7892929,2.1655042,1.9061635,1.816809,1.5187387,2.3613722,2.5789862,2.8695774,1.9335501,2.0203354,2.5379856,1.3460867,1.3306991,1.5474801,1.2004132,1.2175634,1.9360874,1.4348439,1.6048532,2.5175912,2.514459,2.6323388,2.5101202,2.4014301,2.2935045,1.7678857,2.0410616,2.3019633,2.176319,1.9511812,1.9487034,2.375877,2.1945436,1.9728522,1.8301148,1.1298162,1.702933,2.150794,1.5062727,2.0882118,2.4529922,1.6163747,2.0360134
20,1.3767995,1.649792,1.487339,0.97457826,1.4947205,1.4562842,1.8542141,2.1130998,0.91093564,1.4069911,0.8748282,1.1388745,1.2751017,1.6086632,1.6182235,1.1720972,0.72369057,0.9591647,1.2444806,0.9725277,0.0,1.4252052,0.6546846,1.2327021,1.5975559,1.4893982,2.5559063,1.8614166,1.7642928,2.902961,2.3657095,2.905378,1.9971718,2.006481,1.9664057,2.178365,1.8990649,2.4293773,2.0248246,1.9007834,2.9680824,2.6563606,3.2972276,2.2929168,2.9567459,2.712857,2.5267262,2.5440195,1.9167174,1.5948992,1.1542395,1.5472889,1.6570597,1.645541,1.2113234,1.6307917,1.8414274,2.3532877,1.8272932,2.1289945,2.2131507,2.2241232,2.0881197,1.7626387,1.8729956,2.0647016,1.7870342,2.0927303,2.3121686,2.1924818,2.00692,2.0853024,1.9668629,2.223686,1.9937093,2.276853,2.0987911,2.3467233,2.3553593,2.3283746,2.283148,2.5409765,2.3447075,2.3474662,1.7127869,1.7148288,2.2554982,1.7563673,1.7033397,1.4706564,2.2341113,2.2563286,2.7545953,2.1088734,1.7601756,2.1375744,1.2325044,1.0883608,1.1418166,1.3407632,1.3401601,1.7625034,1.236534,1.6558841,2.1211782,2.1093872,2.2651067,2.1243703,2.1813092,2.1649156,1.4398934,1.9626565,2.0729558,1.9213668,1.6595505,1.6756388,1.8382692,1.6028461,1.5020698,1.6703176,1.2681673,1.6376929,1.60453,1.4899538,1.2915758,2.039288,1.5806986,1.4222666
21,2.3041527,2.2943726,1.7536417,2.013201,1.1091224,2.1207135,1.7267054,2.7394822,1.8089758,1.0420685,1.8473626,1.9746692,2.1904728,2.2737575,2.2277706,2.1739342,1.9033942,2.0420818,2.1830418,1.8847411,1.4252052,0.0,1.4339828,1.8201201,2.2352502,1.3607275,2.3420546,1.8543527,2.0201182,3.3511853,2.935357,3.1241224,2.6694756,1.6323516,2.6389391,2.8418915,2.4889205,1.8535775,2.8213046,2.6793728,2.3319702,1.9932963,2.8911486,2.6536655,3.271178,2.434634,2.4538984,2.68705,2.747352,2.5391004,2.179035,1.0231165,2.3223033,2.562689,2.4154713,2.6001267,2.5315292,2.7737331,2.379681,1.5075299,2.6218007,2.686876,2.432839,1.9930645,1.9653072,2.0314775,2.595746,1.7821568,2.9105833,2.2808526,2.5584633,2.6706598,2.3661203,1.991641,2.792489,2.3645995,1.6835073,2.0059671,1.9499471,1.933304,2.675785,3.0398536,2.9803324,2.9800217,2.0448782,2.0570412,2.6523597,2.2271197,2.4275844,2.2696815,2.7931497,1.6772696,2.4887817,2.6045246,2.465076,1.8607423,2.1247346,1.7000225,0.7280395,2.2067165,2.2278657,2.453457,2.0298765,2.196847,1.4484335,1.4342687,1.680678,1.4808376,2.2415795,2.9214027,2.2894228,2.659906,1.9193587,1.7605759,1.356589,1.3685281,1.2965133,0.99239147,0.8685661,1.1430172,2.2720244,1.3652959,1.2608169,2.3153486,1.8956102,3.0461562,2.165802,1.9699324
22,1.4103111,1.7018814,1.2515678,0.9123598,1.6633718,1.5465789,2.0497472,1.7249691,0.79805297,1.359455,0.7995137,1.1512052,1.2383137,1.6598353,1.5777848,1.4004877,0.7107522,0.9752313,1.092176,0.7935955,0.6546846,1.4339828,0.0,1.3514205,1.8591647,1.4507929,2.5502274,1.9873916,1.8214281,2.9119189,2.379616,2.8697722,2.0942159,2.2232654,2.2594059,2.4473288,1.895871,2.6314967,2.304339,2.164853,3.0465927,2.7147648,3.3628914,2.3853657,2.7649593,2.9533165,2.8700743,2.7419548,2.0675294,1.5834951,1.1190606,1.5625836,1.7710017,1.6620877,1.2201381,1.703669,1.9601977,2.3393412,1.8560237,2.1139627,2.37278,2.474255,2.0884998,1.8090982,2.0635035,2.0441616,1.922554,2.0516174,2.3800995,2.3434289,2.0220077,2.1972108,1.9883798,2.2531898,2.2199779,2.4891126,2.0726926,2.4129663,2.3820238,2.3529153,2.4881084,2.7049565,2.532129,2.5376346,1.6629359,1.7198849,2.30554,1.9576288,1.761326,1.5188925,2.2698998,2.2822623,2.8410442,2.1514592,1.987185,2.338753,1.2553856,1.0873061,1.1678308,1.36994,1.4486748,1.9409766,1.5936391,1.7267644,2.2269092,2.232274,2.3931277,2.2411256,2.2203271,2.3206432,1.5843558,2.0964704,2.3266222,2.2003226,1.9213188,1.9334966,1.9188626,1.6554602,1.628821,1.7340853,1.4008521,1.7290525,1.8586962,1.639932,1.6330442,2.2842557,1.7457405,1.6244928
23,1.9072229,1.0632098,1.7813184,1.5990312,1.848768,2.3465936,2.1821377,2.4300888,1.4993938,1.7980436,1.4782746,1.6637669,1.7632947,2.0523405,2.0335872,1.6553477,1.4855354,1.6224276,1.7506895,1.5817064,1.2327021,1.8201201,1.3514205,0.0,1.3795396,1.717624,2.8066025,1.7876691,2.0794523,3.1198645,2.089567,2.700898,2.4845393,2.3116364,2.4016168,2.5852547,2.3587945,2.7235205,2.4782927,2.3808224,3.264541,2.9624128,3.5034924,2.7096517,3.2653327,3.0290418,2.9147606,2.9022357,2.4938216,2.0877357,1.7399334,1.920172,2.019757,2.0705905,1.7791362,1.4038191,2.1862369,2.660412,2.160997,2.354446,2.5121446,2.529258,2.3811536,2.0986187,2.2773743,2.452454,2.2301483,2.4542181,2.3035026,2.529959,2.4493906,2.3925478,2.349402,2.543738,2.413307,2.61283,2.377448,2.654925,2.616161,2.618476,2.6558313,2.9310172,1.9289868,1.9387857,1.9977896,2.0859761,2.4896555,2.1617582,1.5130448,1.9161305,2.5361102,2.5177662,2.46834,2.5173419,2.1624477,2.4491878,1.7888976,1.5963429,1.6382864,1.836583,1.936123,2.293251,1.8119198,2.0743732,2.4610322,2.4657047,2.61068,2.4835374,2.4967968,2.494,2.0270638,2.4231997,2.3572478,2.208865,2.0553205,2.0443413,2.2646592,1.9911791,1.96481,2.0911703,1.8537002,2.0714805,2.0250626,2.0215018,1.8670373,2.4878542,2.0811977,1.9972477
24,2.1837626,1.5146196,2.3172526,1.9715148,2.271066,2.5710866,2.4846776,2.7272058,1.9858613,2.2889411,2.0490098,2.2563481,2.260125,2.521364,1.9164598,2.132576,1.8500443,2.0818512,2.2410452,2.124359,1.5975559,2.2352502,1.8591647,1.3795396,0.0,1.498479,2.5411217,1.3432173,2.5970855,3.288184,2.4357986,3.0305998,2.7207685,2.61446,2.5388794,2.7115598,2.721051,2.965008,2.5824902,2.5032103,3.4987173,3.1584349,3.5862384,2.9062226,3.556776,3.1865008,3.018828,3.0440118,2.6266177,2.5190384,1.5232184,1.7984995,2.2112415,2.0165389,1.7314601,1.278614,2.343811,2.3700914,2.3105226,2.69859,2.1768897,2.6423218,2.3796847,2.0296502,2.3301904,2.7059996,2.462979,2.781274,2.4621928,2.708249,2.6288664,2.617905,2.634047,2.8341422,2.5567932,2.7897704,2.6640036,2.842027,2.9139333,2.9079592,2.5955753,2.8997967,2.0235333,2.0107894,2.3076873,2.4439628,2.766477,2.2694638,1.7409198,2.0784533,2.5824182,2.5755024,2.6400213,2.5041275,2.1363502,2.5005994,2.1751153,2.0376632,2.0402033,2.287349,2.191819,2.4311497,2.01557,1.9202511,2.682149,2.683637,2.7392833,2.6874824,2.8199954,2.9738371,2.0975842,2.3290193,2.2735782,2.286079,2.3756692,2.36503,1.9246414,2.0244172,2.1252363,2.277979,2.1138012,2.441088,2.3764415,2.4425323,1.7547048,2.0777252,2.4267755,1.9028411
25,2.026492,1.9980658,1.9068693,1.9295816,1.7449851,2.2148104,2.1938756,2.43592,1.6439714,1.3634732,1.7484722,2.0054133,2.0976079,2.299412,1.6030599,2.1244483,1.7974626,1.9191946,2.0288255,1.8101358,1.4893982,1.3607275,1.4507929,1.717624,1.498479,0.0,1.9615246,1.08251,2.3689141,3.3099117,2.6924136,3.056085,2.7286747,2.1980374,2.8139105,2.994104,2.516403,2.4606266,2.893525,2.7871847,2.9797196,2.585883,3.2799153,2.8347087,3.2863684,2.9662855,2.9475744,2.987516,2.58259,2.4649475,1.638516,1.0386673,2.178836,2.1823194,2.0527968,2.0201592,2.4467099,2.6170464,2.3311162,1.9313133,2.4139292,2.8523748,2.4595497,1.873563,2.1902595,2.1108432,2.4630203,1.9965873,2.5025332,2.2835274,2.345726,2.6665409,2.3142111,2.1573822,2.6925461,2.5745833,1.8137536,2.174063,2.1308374,2.125236,2.639525,2.8755808,2.6812882,2.6722891,2.086888,2.199447,2.7389495,2.287661,2.0572526,2.124807,2.5545547,1.8257227,2.3561466,2.2965498,2.375538,2.1630602,2.0279481,1.6926206,1.1580528,2.0705392,2.123831,2.33909,2.0249255,1.6420403,1.927932,1.9312923,2.0135357,1.9399222,2.350648,3.0302458,2.2154875,2.280852,1.7741425,1.832849,1.8689106,1.8392458,1.1510258,1.4582372,1.4491035,1.4078836,2.2209215,1.8041764,2.0770633,2.5051103,1.9368505,2.5822008,2.2690854,1.9724296
26,2.931501,2.9178042,2.6524432,2.7499242,2.52016,2.9042463,2.7183297,2.6891959,2.6885002,2.3231406,2.7863855,2.9531336,3.0225875,3.1002274,2.6664102,3.0199144,2.900187,2.9913514,2.5941727,2.8291938,2.5559063,2.3420546,2.5502274,2.8066025,2.5411217,1.9615246,0.0,2.1117449,2.9573562,2.8816843,2.409495,2.7696939,3.260557,2.7974555,3.3019106,3.4135497,3.1556735,2.8293915,3.470138,3.2970645,3.2040708,2.8005502,2.6350434,3.3455887,3.321857,3.2858207,3.2999413,3.442892,3.203294,3.2091203,2.5489063,1.9669315,3.2625303,3.037003,2.9012127,2.9868588,3.2536283,3.3328235,3.1146212,2.7868538,3.100018,3.5193088,3.2782414,2.808534,3.0499175,3.0196614,3.1955214,2.670692,3.7022927,2.9568455,3.4651968,3.4061396,3.4403582,3.185088,3.7078369,3.4406226,2.6469197,2.7041361,2.8215349,2.7788417,3.5516853,3.8933296,3.6157231,3.6356678,3.345974,3.353689,3.713189,3.2407339,3.518946,3.4384475,3.5657063,2.9544191,3.030706,3.3053515,3.440014,3.0946605,3.0731246,2.820663,2.3524659,3.1092367,2.9303434,3.076415,2.7970285,2.5678632,2.489633,2.4528503,2.5322628,2.4719903,3.3774953,4.076282,3.371625,3.3982668,2.4400547,2.4818764,2.4531417,2.4833977,1.9950287,2.2341158,2.2163305,2.2663405,3.3977544,2.9127574,3.1066835,3.5764127,2.6909204,3.334422,3.3500867,3.1083004
27,2.0234315,1.8558835,2.2277782,2.2091575,2.153213,2.767875,2.3928475,2.8120902,2.067133,1.8164879,2.1551435,2.32723,2.3938012,2.6016452,2.1440053,2.3775613,2.2129853,2.2421691,2.3548877,2.1698644,1.8614166,1.8543527,1.9873916,1.7876691,1.3432173,1.08251,2.1117449,0.0,2.8295603,3.5818717,2.6943166,3.296753,2.7904904,2.3659618,2.87267,3.0634334,2.7592957,2.6554587,2.9568868,2.865556,3.0178497,2.6829505,3.1345906,2.672738,3.4692464,2.7700105,2.8770378,2.7840176,2.6264856,2.5755553,1.9786675,1.4418089,2.419867,2.3325539,2.2697446,1.9511354,2.610301,2.9613366,2.3979506,2.223253,2.5064971,3.0282629,2.7755964,2.2105308,2.4349127,2.446875,2.7580867,2.3911848,2.5871322,2.5138614,2.6719656,3.2237234,2.5914557,2.4426405,2.8032815,2.6454725,2.1178772,2.320175,2.38777,2.3942716,2.640054,3.1702652,2.551146,2.5395517,2.5452948,2.5847623,2.9300385,2.4357963,2.1834667,2.44473,2.8425999,2.2581296,2.159829,2.4891112,2.5745168,2.380349,2.412336,2.1090987,1.71509,2.3680735,2.2227564,2.4431608,2.0678985,1.7484794,2.110465,2.1019833,1.9412783,2.1090236,2.9071333,3.4641383,2.4734104,2.421834,1.8327322,1.8637472,1.9633582,1.9001654,1.5438305,1.7997375,1.6586837,1.6193492,2.3397775,1.9246088,2.2266185,2.5836654,2.208125,2.7554214,2.3867002,2.2512462
28,2.6282134,2.3611321,1.96371,1.8484002,2.1114392,2.3554602,2.2881904,2.8249404,1.9265243,1.98433,1.8035365,2.0218995,2.210713,2.3652592,2.368455,2.0753956,2.018679,1.9219747,1.9804655,1.8081791,1.7642928,2.0201182,1.8214281,2.0794523,2.5970855,2.3689141,2.9573562,2.8295603,0.0,2.969825,2.5592701,2.668618,2.8938468,2.8455784,2.9342935,3.0903387,2.8080153,3.009467,3.0246236,2.8868248,3.5719955,3.2224035,3.926309,3.2733228,3.8001,3.7147005,3.3206542,3.7476728,2.3536026,2.0087597,2.13035,2.0057445,2.1993768,2.3027415,2.2482798,2.5166643,2.3351223,3.1327617,2.2170837,2.3260658,2.6867304,2.7573354,2.8500545,2.3965795,2.2245843,2.2407048,2.307721,2.2030916,2.7793717,2.5048692,2.379053,1.8230236,2.3293917,2.389292,2.4014094,2.4632587,2.225662,2.4027662,2.4606152,2.424908,2.952286,3.527403,2.890004,2.91025,2.2397456,2.177215,2.4088724,2.1676967,2.6748135,2.4762714,2.9041045,2.616885,2.8713214,2.4442136,2.4138954,2.4336476,2.304135,2.1640897,2.0000782,2.254363,2.0666533,2.3676028,1.8861136,2.246986,2.3043456,2.2885804,2.8579013,2.30391,1.8160005,2.0449414,2.2978234,2.5460787,2.2142959,2.070049,1.8070525,1.7849932,2.4669416,2.2793498,2.045888,1.9222068,2.1261241,1.9233711,2.0989969,2.2091036,2.2370887,2.9361079,2.0621881,2.3660882
29,3.3531876,3.07901,3.1084838,2.7305934,3.2926588,3.1677148,3.5367856,2.5730803,2.815855,3.2726934,2.8230958,2.9468338,2.984218,3.105857,3.1999843,3.0407743,2.8451433,2.885185,2.45367,2.9794102,2.902961,3.3511853,2.9119189,3.1198645,3.288184,3.3099117,2.8816843,3.5818717,2.969825,0.0,2.0031493,2.3124042,2.2974336,3.0432258,2.408233,2.4325361,2.2015657,3.2739387,2.5992675,2.3176148,3.644731,3.2647119,3.195669,3.000493,2.4575672,3.8738437,3.3018024,3.5403547,3.0574987,2.9167774,2.711281,3.199458,3.2404432,2.923668,2.7206,2.9314125,3.0029702,3.309357,2.9950714,3.5470028,3.2849739,3.3420036,3.2533238,3.1117518,3.5617929,3.526695,3.0805893,3.4635348,3.772345,3.5792801,3.5840287,2.7997599,3.6088903,3.9157193,3.6035028,3.8628228,3.6618016,3.7041943,3.7958612,3.740003,3.1312368,3.263623,3.6488574,3.6636896,3.6925929,3.5584953,3.8167288,3.452335,3.6110065,3.4382,3.6110222,4.0274763,4.000472,3.5873618,3.5726714,4.0126534,3.0218394,3.0957837,3.2988467,3.057909,2.9235213,3.1236022,3.033636,3.1276507,3.6583226,3.6404195,4.044229,3.6632984,3.3255124,3.269144,3.3247092,3.5086107,3.6387315,3.576616,3.420389,3.4907475,3.5528512,3.435358,3.4458034,3.4856522,3.2836163,3.6935644,3.8496246,3.4205155,3.0696523,3.2092285,3.466417,3.4578605
30,2.568234,1.8517458,2.6346457,2.1589348,2.8956337,3.0568218,3.2165418,2.0318446,2.2551935,2.749814,2.2351778,2.450432,2.4818602,2.6516552,2.7871406,2.526184,2.3725877,2.3711345,1.9098376,2.4099522,2.3657095,2.935357,2.379616,2.089567,2.4357986,2.6924136,2.409495,2.6943166,2.5592701,2.0031493,0.0,1.7811288,2.6246696,3.1717558,2.8388956,2.9213164,2.5534205,3.506271,2.8056524,2.7276947,3.9043257,3.528571,3.294261,3.04109,2.8708253,3.9123847,3.5397522,3.5896113,2.549138,2.3590724,2.308378,2.8295102,2.8671286,2.4964688,2.2476218,1.9478555,2.7308698,3.1851072,2.6245024,3.206591,3.1013315,3.143926,3.0536377,2.8106794,3.1442258,3.0698204,2.6033795,2.9846869,2.949108,3.1387742,3.0893815,2.7421348,3.0822258,3.3890786,3.1120965,3.4319952,3.0779874,3.148069,3.2397609,3.1994483,3.3180518,3.5384161,2.5583522,2.6033654,3.2991855,3.217518,3.368061,2.9512255,2.8292468,3.025501,3.1367798,3.5405195,3.0071454,3.0619137,3.0801032,3.5501387,2.5250669,2.567598,2.744198,2.497067,2.3861043,2.5589166,2.5035107,2.6400995,3.1449463,3.1239483,3.3861363,3.1346292,3.1260185,3.1151354,2.852213,3.0655096,3.222169,3.1276538,2.9424167,2.9064593,3.1410992,3.00315,2.8962746,2.9513304,2.763167,3.166946,3.380074,2.904104,2.5819788,2.821599,2.868688,2.9350464
