,0,1,2,3,4,5,6,7,8,9,10,11,12,13,14,15,16,17,18,19,20,21,22,23,24,25,26,27,28,29,30,31,32,33,34,35,36,37,38,39,40,41,42,43,44,45,46,47,48,49,50,51,52,53,54,55,56,57,58,59,60,61,62,63,64,65,66,67,68,69,70,71,72,73,74,75,76,77,78,79,80,81,82,83,84,85,86,87,88,89,90,91,92,93,94,95,96,97,98,99,100,101,102,103,104,105,106,107,108,109,110,111,112,113,114,115,116,117,118,119,120,121,122,123,124,125,126,127
0,0.0,0.698395,0.5464895,1.2186936,1.1637789,1.6823149,1.6371514,0.74729687,1.9248405,1.4413214,1.4606906,1.2418702,1.6323321,1.790821,1.7651277,1.7139896,1.7272569,1.5612369,1.5112455,2.0586193,1.7662287,1.4739444,1.4658257,1.4838263,1.801391,1.525579,2.5638494,1.774545,1.620359,2.2351902,1.4654762,1.1545463,2.0485458,2.2811418,2.2569082,2.3173053,2.0616732,1.6487124,1.851195,1.3482761,2.5480921,2.3258073,2.1750724,2.0181704,2.9024968,2.7572281,2.4036064,2.56174,1.0132588,1.5353446,1.7141975,1.5784957,2.1366332,2.1477423,1.7883675,1.6161689,2.5202508,2.4790852,2.2944632,2.4353507,2.2727933,2.0604067,2.3240902,2.2236536,2.2777338,2.3535624,2.4366007,2.7467492,2.4819977,2.5287805,2.5399916,2.4104602,2.040041,1.9758111,2.024258,2.4616268,2.1778853,2.1376798,2.0065053,2.5175977,2.3549156,2.5695214,1.7762929,2.1429625,2.5826683,2.9724393,2.4622693,2.3201978,2.3478718,2.123927,2.3421936,3.1651478,2.7877073,3.005639,2.8955016,2.741422,1.4629786,1.3044952,1.5521699,1.9229802,2.0239375,2.281431,2.1000297,2.63734,0.5806487,1.1850193,2.0449545,0.9678591,1.7645271,0.9201212,2.271966,1.8637244,2.5134182,2.5602827,3.1311586,2.3986573,2.6141107,2.3749802,2.1089382,1.3657053,1.7027553,1.977623,1.6803526,1.8412479,2.1286778,2.2014883,1.5854951,1.7750287
1,0.698395,0.0,0.7364889,1.2353995,1.2325857,1.6681303,1.8099672,0.38514048,1.9661189,1.4933326,1.5615189,1.3387089,1.6290433,1.810583,1.779954,1.7116954,1.8201512,1.7224553,1.7007846,2.232511,1.6892081,1.3645717,1.331849,1.3573922,2.141331,1.6661073,2.6156647,1.7944918,1.7810829,2.063488,1.3539082,1.0455171,2.1084712,2.3954005,2.4740274,2.5830922,2.2352612,1.7517409,2.1174436,1.7563595,2.140734,2.3107984,2.0566995,1.8879426,2.8902705,2.701101,2.370109,2.6202624,1.013481,1.503576,1.7297134,1.6147504,2.0195916,2.0345192,1.9590479,1.7322763,2.4235466,2.3970854,2.1652038,2.268685,2.1244755,1.998083,2.1761193,2.0618007,2.3654232,2.4314005,2.4864507,2.85141,2.6903694,2.5748947,2.540649,2.4272048,2.0344076,1.9518951,2.1140308,2.5177848,2.2117603,2.1585855,1.8179611,1.9949666,2.374476,2.7167184,1.8713791,2.025013,2.694813,3.1267133,2.471056,2.3327386,2.5205972,2.19652,2.3962684,2.9280002,2.7398727,2.8884795,2.8358002,2.7093418,1.4176959,1.3693646,1.6236256,1.9124064,2.1322916,2.4157827,2.2113788,2.5707843,0.786112,1.2418388,2.1648707,1.348943,1.6190703,0.765401,2.20901,1.7433269,2.329436,2.362909,3.0620117,2.338104,2.594284,2.384224,2.1174016,1.4663316,1.5866305,1.9535153,1.8042343,2.0818038,1.9947153,2.2562728,1.6459807,1.7951671
2,0.5464895,0.7364889,0.0,1.2925928,1.198567,1.8514086,1.781843,0.7562058,1.683522,1.1245458,1.5269896,0.8440016,1.6802156,1.8407842,1.8215326,1.7604624,1.7688246,1.6557126,1.5784006,2.1245358,1.8434458,1.5389597,1.5296482,1.525157,1.8215257,1.5535682,2.3890357,1.5351671,1.5485827,2.1745,1.6881399,1.4397868,1.8581756,2.1694314,2.0736814,2.3498237,2.4644659,1.7063452,1.9476393,1.6124842,2.3639035,2.15725,1.9498006,1.7998928,2.7432196,2.5718026,2.433538,2.5739415,1.2091539,1.2715014,1.458993,1.3242451,1.9075947,2.0211513,1.5771517,1.3204561,2.3571668,2.3299797,2.1272511,2.2288032,2.1348305,2.3133416,2.1395981,2.0279853,2.0532432,2.1206987,2.195804,2.566794,2.4467707,2.477907,2.444316,2.3279743,1.8915987,2.018724,2.0374804,2.547904,2.2846007,2.2440975,2.0396152,2.518982,2.1665905,2.3352418,1.5093348,1.8861465,2.2700455,2.7255323,2.228556,2.029532,2.2082174,2.3463485,2.556743,3.299343,2.6461535,2.8958108,2.7082014,2.5550723,1.5291075,1.3789545,1.533562,1.9228271,1.999419,2.2700396,2.148357,2.7250428,0.7319846,1.2199141,1.7558645,1.1009961,1.5708715,0.8212809,2.2828214,1.8295845,2.4732366,2.524078,3.0829284,2.380169,2.369585,2.130119,2.1024392,1.334308,1.7100177,2.0574036,2.0371816,2.2355216,2.1010706,2.2891939,1.5378674,1.7913735
3,1.2186936,1.2353995,1.2925928,0.0,1.5986912,1.0877632,1.565799,1.3243781,2.5079274,1.9612038,2.114688,2.0267568,0.72392046,1.3337322,0.92091584,0.86619145,0.8866905,0.71746415,0.7540883,1.6129982,1.356339,0.7108989,0.7444051,0.70760715,2.634638,1.4073412,2.3938854,1.5571793,1.6781983,1.6536096,0.85068834,1.1463082,1.5745704,1.8312182,2.5024867,2.7539363,2.2762067,1.8306912,1.952617,1.7043602,2.9219735,2.6068447,2.6665862,2.5551822,2.939697,2.749024,2.3863547,2.5713856,1.3252679,1.6309743,1.8679264,1.7545911,2.5480633,2.5140948,2.2869356,1.7898206,1.9909405,1.7914542,1.6059233,1.7194124,1.4467766,1.3597841,1.5881476,1.5729144,2.6616096,2.7457411,2.858012,3.1274273,2.8449988,2.8788905,2.8998444,2.7842014,2.1384149,2.0989954,1.7649189,2.5494518,2.125067,1.8842986,1.4718915,2.0852246,2.1669278,2.470197,1.9222986,2.3335638,2.7999249,3.3956487,2.6270156,2.4957297,2.5275443,1.6231016,1.9588476,2.978025,2.0710304,2.2947853,2.2156208,2.2944045,1.634336,1.4559739,1.8035192,1.737765,2.4780335,2.8125665,2.3204153,2.7171671,1.4051583,1.6734732,2.303185,1.7962604,1.5826591,1.628544,2.395362,1.7446021,1.820199,1.9329093,2.95942,2.5488927,2.7305884,2.5907917,1.8499341,1.2172717,1.7246919,1.7928547,1.7327452,2.0815923,1.8211135,2.1533504,2.2164674,1.9033477
4,1.1637789,1.2325857,1.198567,1.5986912,0.0,1.3903579,2.521679,1.2908777,2.573008,1.6360618,1.7597425,1.6744487,1.8558345,1.7957289,2.169429,2.126327,1.7165459,1.8582853,1.8389739,2.3260965,1.9764676,1.8022138,1.7972577,1.9104737,1.8054315,1.8796788,3.191724,2.1422136,1.3422562,2.0787086,1.8381345,1.6151049,2.4447672,2.712064,2.5545352,2.5632353,2.4196413,2.074873,2.4182162,1.9404668,2.5709336,2.2139716,2.34379,2.122221,3.106325,2.863101,2.5319655,2.6986153,1.5078276,2.0427945,2.0018294,1.8851333,2.3364105,2.3002532,2.0134833,1.9988375,2.6811953,2.7667894,2.5472867,2.4337065,2.6356425,2.3482876,2.680792,2.5481443,2.141359,2.2237244,2.4180849,2.7374377,2.4045053,2.4402192,2.556189,2.430637,2.251756,2.2349584,2.3168223,2.5527792,2.2839725,2.3709838,2.2086504,2.517565,2.5224516,2.8310068,2.0856266,2.291857,2.8360763,2.9106848,2.6299872,2.5594275,2.6246567,2.3594298,2.5748825,3.4852004,2.9344792,3.1239762,3.1138263,2.7470682,1.8045857,1.7399256,1.9870722,2.3134286,2.1455264,2.5109694,2.3677168,2.7661667,1.3791445,1.6511774,2.2944818,1.3702673,1.94881,1.4913095,2.2887962,2.1788294,2.4491894,2.4883416,3.1731963,2.231721,2.566375,2.1621914,2.012344,1.2271011,2.1767366,2.5236382,2.0084698,2.5833282,2.4803479,2.9767804,1.8793521,1.787718
5,1.6823149,1.6681303,1.8514086,1.0877632,1.3903579,0.0,2.3329608,1.7660794,3.2431233,2.477677,2.392745,2.5835364,1.057374,1.3273535,1.3720453,1.3473436,0.95873725,1.1810623,1.2595733,1.8454733,1.5945691,1.2060721,1.2204201,1.3781987,2.764365,1.7148974,3.0883431,2.140129,1.7004225,1.5431471,1.2409478,1.5269514,2.210747,2.4288833,2.894239,2.9433725,2.2666254,2.2383602,2.4238398,2.050083,3.1279058,2.7815423,2.9899542,2.7975385,3.1915817,2.9243937,2.4232743,2.6077497,1.6820997,2.33148,2.421006,2.294267,2.912984,2.8261337,2.6354554,2.43527,2.3269916,2.2839077,2.087846,1.9490718,2.037304,1.3209493,2.187054,2.1136355,2.8714268,2.9529097,3.1033895,3.367257,3.0119953,3.0443888,3.107647,2.9972427,2.6381109,2.5237463,2.1684582,2.6478841,2.149176,1.8653239,1.7713073,2.07561,2.6225653,2.9090807,2.4810693,2.8524492,3.2812796,3.5830166,3.1445985,3.1212735,2.950398,1.7812225,2.0988472,3.1208253,2.364544,2.5949466,2.6454325,2.4844258,1.8088571,1.685007,2.228034,2.0963798,2.7919307,3.2036037,2.5384793,2.682614,1.8892653,2.1053276,2.8078654,2.036564,1.9544035,2.1128733,2.3830106,2.017062,1.7627887,1.8249762,2.932135,2.6197681,2.979861,2.7111235,1.7137784,1.2071683,2.2121918,2.2852752,1.6723716,2.3969116,2.2707486,2.7722797,2.5618722,1.8482295
6,1.6371514,1.8099672,1.781843,1.565799,2.521679,2.3329608,0.0,1.7535286,2.0548327,2.2767177,2.4816954,2.2652771,1.687911,1.8177532,1.7546161,1.724416,2.184549,1.6979519,1.6503052,2.169775,1.894678,1.6187,1.6212192,1.4814125,2.6929739,1.6211389,2.077048,1.8578647,2.8043153,2.7942977,1.7387688,1.8380262,2.0980504,2.37138,2.6634152,2.842918,2.776436,2.4117482,2.3194423,2.12662,2.9604266,2.691586,2.5436487,2.5164995,2.6492634,2.6722567,2.3042436,2.4614823,1.7618608,1.994159,2.1894135,2.1145897,2.70802,2.785338,2.485704,2.2490032,2.4524524,2.3714135,2.2381625,2.6480248,2.1244605,2.033587,2.157003,2.0811412,2.7408195,2.7773979,2.7677512,3.0420587,2.9439824,2.987667,2.8509717,2.7770982,2.4535732,2.4732354,2.1006823,2.9002733,2.4720592,2.2951267,2.0672815,2.8176606,2.4811573,2.5493371,2.2585871,2.817755,3.0060818,3.3812203,2.8547587,2.7302372,2.6371694,2.1229565,2.4265158,3.1324878,2.4622946,2.6936548,2.5207365,2.5682583,1.942655,1.7623054,2.2809505,2.2609093,2.7654636,3.094268,2.7200074,2.8688297,1.7031657,1.9461336,2.4838364,1.9741873,1.9023236,1.8693128,2.3456736,2.0675378,2.7518756,2.8318303,3.4677882,3.165706,3.4501057,3.2874532,2.8292148,2.3688056,2.0330951,2.017998,2.171653,1.6693789,2.0412126,1.2331718,2.4588628,2.09175
7,0.74729687,0.38514048,0.7562058,1.3243781,1.2908777,1.7660794,1.7535286,0.0,1.9055688,1.4967245,1.5367209,1.2711502,1.7326115,1.8743309,1.8615266,1.7883717,1.8353668,1.7111391,1.6781003,2.1699433,1.7168863,1.4032311,1.3443398,1.3617471,2.1104288,1.6177329,2.5655189,1.8595136,1.8207306,2.0202975,1.471307,1.1408113,2.1306105,2.479214,2.3613968,2.4813914,2.3010838,1.8461303,2.1495006,1.7429125,2.1962295,2.309003,1.9967169,1.8384827,2.802488,2.6430604,2.3437247,2.538818,1.049646,1.5409,1.7573856,1.6368824,2.0559509,2.202948,1.9486966,1.7292252,2.4698405,2.4450834,2.235642,2.3268,2.1823914,2.046943,2.2321646,2.1128557,2.3338552,2.3945305,2.3546827,2.6949255,2.6936579,2.588038,2.382445,2.2860687,1.977147,1.8687226,2.0252414,2.5237682,2.1854444,2.202585,1.8029906,1.9984341,2.4724877,2.588311,1.8423108,2.2126174,2.6071742,3.02126,2.51054,2.3357415,2.2741213,2.1591063,2.3400877,2.7775936,2.743964,2.9547234,2.8094273,2.731195,1.5159347,1.4683398,1.5867717,1.9206665,2.0820038,2.4457457,2.245307,2.6536837,0.72718704,1.1965231,2.13179,1.3519735,1.6371703,0.62188846,2.098969,1.7553394,2.3522258,2.3836067,2.921774,2.209382,2.559947,2.3301246,2.176828,1.4571537,1.4140377,1.9002978,1.8107942,2.0701678,1.924805,2.1853237,1.5086379,1.8298025
8,1.9248405,1.9661189,1.683522,2.5079274,2.573008,3.2431233,2.0548327,1.9055688,0.0,1.27235,2.2372491,1.3536819,2.816905,2.8506377,2.9546483,2.9373472,3.0404718,2.7669063,2.702075,3.0245976,2.736583,2.5741096,2.5744424,2.498114,2.398616,2.5007453,2.3237252,2.0542636,2.92672,3.4129226,2.7088482,2.4494808,2.6029875,2.7988648,2.558265,3.0844064,3.450657,2.3354392,2.6906261,2.7593145,2.3187432,2.591709,2.046528,2.0239642,2.9948726,2.9631672,3.141594,3.2861633,2.1856844,1.6154699,1.9293566,1.8697337,2.1946044,2.1645596,1.9916387,1.8057793,3.0208004,3.005675,2.8610244,3.0989845,2.8053544,3.4446232,2.725568,2.6269987,2.3255465,2.2864919,2.347895,2.755361,2.951961,2.9026206,2.9381547,2.8664792,2.2357326,2.671662,2.808297,3.0545342,2.9613643,3.0061655,2.911076,3.2681665,2.485563,2.7340467,1.8937796,2.2845798,2.6740253,2.9244437,2.255318,2.0879376,2.6222045,3.3589284,3.5653844,3.8746243,3.248051,3.4405982,3.2056222,3.139763,2.5777311,2.5174959,2.603529,3.009617,2.5674067,2.875172,2.7603016,3.2395043,1.8393828,2.0978935,1.7250081,2.1169603,2.1549194,1.6405349,2.7914073,2.5717962,3.5958004,3.6894987,4.022445,3.1344872,2.9802916,2.8642519,3.3673933,2.8346314,2.6629105,2.9636304,3.2122846,2.9103267,2.9698224,2.524282,2.211425,2.7422981
9,1.4413214,1.4933326,1.1245458,1.9612038,1.6360618,2.477677,2.2767177,1.4967245,1.27235,0.0,1.8693653,0.9961322,2.3025193,2.344397,2.5210514,2.51109,2.3031585,2.2194328,2.1371317,2.5933402,2.2578845,2.0348752,2.0523055,2.0347924,1.9241701,2.0813465,2.4079623,1.7657026,1.9669069,2.6211782,2.1788335,1.9246191,2.303195,2.4919052,2.2436235,2.7220309,3.0278065,1.9487718,2.4601464,2.2859848,2.1976955,2.2934356,2.0938895,1.9398326,3.000962,2.8004842,2.906312,3.0428042,1.6948304,1.2892178,1.5675766,1.4583538,1.8983434,1.9774805,1.7362058,1.4339753,2.7310815,2.7289402,2.5591528,2.6119053,2.503031,3.0095785,2.4819114,2.3925698,2.0877523,2.0607984,2.130856,2.6143506,2.5710905,2.5619733,2.6585512,2.5609367,1.8733212,2.3325455,2.5046694,2.7056644,2.5937114,2.6333156,2.5655906,2.8387856,2.327557,2.496011,1.6438783,1.8845644,2.3882391,2.692604,2.222259,2.049553,2.3791227,2.9870806,3.2075422,3.6796937,3.0460038,3.2999032,3.0937319,2.9095116,2.273816,2.2268186,2.1741667,2.64771,2.0681622,2.549814,2.4896169,3.0844834,1.5466944,1.8348395,1.6068822,1.7324061,1.6936946,1.2952715,2.6441615,2.273968,3.1186895,3.2159822,3.5099523,2.6681843,2.631472,2.402079,2.798786,2.1085055,2.4898672,2.796125,2.808665,2.89251,2.7641034,2.8298123,1.832828,2.3892684
10,1.4606906,1.5615189,1.5269896,2.114688,1.7597425,2.392745,2.4816954,1.5367209,2.2372491,1.8693653,0.0,1.7177801,2.5700989,2.6767812,2.6722283,2.6303656,2.4636283,2.3886628,2.35922,2.0230641,2.4808357,2.257542,2.2476938,2.252893,2.2963345,2.3007357,2.9950924,2.4761755,2.1142912,2.6593676,2.209325,1.8551366,2.7939973,3.0425844,2.8661554,2.9627478,2.4766676,2.0209854,1.6654394,2.129969,2.921858,2.8898046,2.6717486,2.448963,3.4302032,3.255934,3.0508633,3.1588907,1.842532,2.1284034,2.2956607,2.1637733,3.1098914,2.596896,2.272548,2.1173592,3.156857,3.081869,2.9167993,2.9461308,2.8359978,2.745142,2.881866,2.7928014,2.549617,2.647365,2.7331314,2.9779303,2.9625182,2.9121559,2.8457918,2.738629,2.680604,2.4565065,2.465819,2.823804,2.7172728,2.8192132,2.661083,2.8381875,2.9236531,2.926475,2.3629887,2.6467333,2.824681,3.197748,2.8570933,2.6379204,2.4708407,2.7436707,2.9742491,3.126729,3.3496137,3.6152291,3.4040208,3.3592749,2.3922727,2.334192,2.767248,3.152867,2.3687057,2.8550465,1.7441167,2.4487035,1.54791,1.8489866,1.7979629,1.7843395,2.745491,1.6237769,2.8304448,2.453891,3.188332,3.298438,3.6847773,3.00192,2.411756,2.1164556,2.2413607,2.0578225,2.396973,2.8013752,2.431898,2.6048791,3.1958067,3.2478693,2.4304667,2.6172938
11,1.2418702,1.3387089,0.8440016,2.0267568,1.6744487,2.5835364,2.2652771,1.2711502,1.3536819,0.9961322,1.7177801,0.0,2.4235106,2.5122807,2.5547605,2.5064325,2.4085302,2.3055334,2.216904,2.628362,2.4128022,2.2309957,2.2084517,2.1928804,1.9267328,2.1635113,2.5963345,1.892981,1.9069054,2.73414,2.390448,2.0415695,2.174874,2.5171854,2.0272853,2.450601,3.015248,2.0165374,2.2763958,2.1079588,2.3914824,2.3131578,1.8076295,1.6955543,2.9316654,2.8179688,2.8731234,2.972011,1.7184379,1.3465543,1.5834427,1.4676218,1.8990723,2.0230162,1.3944113,1.213572,2.7099805,2.715644,2.567075,2.6331992,2.6040564,3.0632951,2.5608783,2.456029,2.0650973,2.109749,2.1831286,2.4461453,2.675534,2.71121,2.6443276,2.550333,1.9686502,2.1965818,2.4613793,2.7827299,2.6400554,2.7096395,2.5655622,2.9501965,2.350824,2.4825423,1.458407,1.8917834,2.1061707,2.682046,2.0885258,1.8903445,2.2257197,2.957802,3.066011,3.66774,3.0649688,3.2969785,3.0578878,2.9446049,2.1685846,2.0514565,1.939463,2.4533875,2.103557,2.3845263,2.4545074,3.1599338,1.1990585,1.5804017,1.5688893,1.4802597,1.9839168,1.1543448,2.7091215,2.385409,2.976232,3.0045805,3.4013896,2.464428,2.1997538,2.0109987,2.5134127,1.8641498,2.0527637,2.5190134,2.6538358,2.7701824,2.5710502,2.6816626,1.5729053,2.364644
12,1.6323321,1.6290433,1.6802156,0.72392046,1.8558345,1.057374,1.687911,1.7326115,2.816905,2.3025193,2.5700989,2.4235106,0.0,0.9257496,0.6255765,0.60599077,1.060668,0.94547915,0.9394071,1.7993747,1.3869221,0.8061509,0.8722246,0.9205823,2.7972906,1.3343948,2.3884947,1.5107467,2.026288,1.7058225,1.1714817,1.6406527,1.6692379,1.921731,2.6900485,2.932829,2.6338265,2.2411706,2.356214,2.0783165,2.947332,2.5716903,2.7919173,2.6367614,2.691201,2.4598444,2.149511,2.335075,1.7113764,1.9719726,2.0969644,1.9830627,2.6514902,2.7244122,2.5338619,2.2356522,1.8448194,1.7651693,1.5328531,1.6414348,1.4013561,1.3011534,1.5341542,1.4445732,2.7057257,2.7599518,2.8656018,3.17321,2.9814835,3.025082,2.999154,2.8907878,2.4499214,2.4917345,1.9836342,2.7357066,2.1928964,1.7411013,1.6132364,2.2024992,2.2178485,2.4605563,2.2430484,2.6107597,3.0056188,3.4242883,2.913856,2.8645065,2.8562317,1.8824618,2.1277986,3.136459,1.8164581,2.1416814,2.0693936,1.9551734,1.4889902,1.3054749,2.024171,1.7332695,2.8128238,3.1613114,2.6868837,2.726383,1.8518538,2.0372398,2.5713336,2.0020092,1.4341207,1.9901047,2.2103696,1.7900412,1.792778,1.8792461,2.9279904,2.8905747,3.1156611,2.919958,1.9877026,1.4591557,2.1630933,2.0620005,1.9207314,2.259089,1.8919729,2.1528714,2.6056142,1.6480652
13,1.790821,1.810583,1.8407842,1.3337322,1.7957289,1.3273535,1.8177532,1.8743309,2.8506377,2.344397,2.6767812,2.5122807,0.9257496,0.0,1.4691978,1.4074316,1.6199075,1.5167174,1.4600922,2.1216629,1.622948,1.355275,1.4041975,1.4308994,2.4040952,1.207773,2.6224914,1.6522585,2.3263512,2.1511426,1.7104965,2.0408938,2.0711596,2.3275137,2.7295692,2.838343,2.9234679,2.5993617,2.7675028,2.4151137,2.6406503,2.0558653,2.4426332,2.282419,2.2256923,2.0154452,1.5432844,1.773217,1.8881987,2.3134885,2.2035768,2.117372,2.5733428,2.689442,2.48055,2.512937,2.0226123,2.236555,1.882483,2.0079734,2.0514064,1.7183981,2.0561023,1.8516971,2.2682786,2.3048024,2.3954258,2.7301254,2.5138292,2.5735652,2.5214849,2.4029274,2.6269636,2.6480446,2.2258415,3.0008917,2.4509914,2.1284535,1.9165509,2.499875,2.4012673,2.553692,2.4775672,2.712516,3.1014678,3.0533597,3.0493884,2.9620476,2.9517188,2.1695948,2.336596,3.33611,2.072253,2.360558,2.3143094,1.6699859,1.503448,1.3849579,2.4047997,2.1905825,2.8339899,3.0034878,2.955518,2.7150664,2.0755534,2.2034721,2.6451073,1.8761824,1.4724451,2.10901,1.822523,2.0577462,2.2736492,2.3070989,3.1566563,3.129941,3.4429288,3.0854814,2.2862768,1.7924864,2.3808928,2.3213203,2.1682038,2.4297528,2.0258741,2.3154607,2.7968156,1.2562919
14,1.7651277,1.779954,1.8215326,0.92091584,2.169429,1.3720453,1.7546161,1.8615266,2.9546483,2.5210514,2.6722283,2.5547605,0.6255765,1.4691978,0.0,0.23501818,1.179193,1.0359316,1.0108635,1.807225,1.5684031,0.88874906,0.92632294,0.9774592,3.087144,1.5211257,2.290562,1.6917766,2.1168532,1.6241543,1.2332851,1.698971,1.7075096,1.9727651,2.803184,3.0729833,2.6463954,2.3254206,2.2795434,1.9771246,3.2675111,2.9537592,3.1358762,2.9667854,2.9223597,2.6989052,2.4816394,2.6041222,1.8625903,2.0421817,2.2552216,2.1302073,2.8666363,3.0384166,2.7986472,2.3725038,2.0173578,1.7995327,1.6538364,1.7954829,1.2972519,1.2816579,1.522577,1.5013859,3.0771468,3.1280599,3.1521025,3.44909,3.3721318,3.4083526,3.262504,3.1653066,2.5586498,2.5727246,2.000748,2.766031,2.221743,1.746407,1.7106847,2.2826886,2.437023,2.4653544,2.4173677,2.8243065,3.0345676,3.6692438,3.1192675,3.0632114,2.8707542,1.9582903,2.1576264,3.025367,1.9249926,2.3390129,2.1515827,2.3033526,1.6032362,1.4156191,1.9076891,1.5626215,2.918424,3.4038901,2.7427008,2.899463,1.9352044,2.1165977,2.753739,2.2134912,1.6739179,2.082424,2.4834256,1.8153785,1.8409736,1.9268502,2.785594,2.9939005,3.1881802,3.0720546,2.0938156,1.5655508,2.223371,2.0639074,1.9457259,2.2488885,1.9792635,2.1398134,2.6553779,1.9774926
15,1.7139896,1.7116954,1.7604624,0.86619145,2.126327,1.3473436,1.724416,1.7883717,2.9373472,2.51109,2.6303656,2.5064325,0.60599077,1.4074316,0.23501818,0.0,1.1761765,1.036263,1.0165377,1.8030602,1.5684026,0.9046173,0.9340108,0.9482944,3.0285766,1.446446,2.3084044,1.6725669,2.0957417,1.6107892,1.2586619,1.7027416,1.6677094,1.9345871,2.7423356,3.0046124,2.6004834,2.2910013,2.2725866,1.9606322,3.2039473,2.876342,3.0294397,2.88456,2.854239,2.6338387,2.3851435,2.5125823,1.8174311,2.0373683,2.220602,2.1059728,2.8011935,2.9930735,2.7364368,2.3288693,1.9765432,1.7708068,1.5865767,1.7395494,1.3232996,1.2450018,1.4997712,1.4663264,3.0115101,3.0716004,3.0823197,3.4104211,3.2517169,3.2820158,3.1403599,3.039264,2.5556338,2.576905,1.9801155,2.8430622,2.3101733,1.856774,1.670735,2.2540185,2.4422503,2.4550443,2.3769057,2.7889438,2.9893944,3.5746326,3.0960753,2.9916363,2.8192503,1.9043034,2.16738,3.0276103,1.9222808,2.312845,2.1105874,2.2255743,1.5305896,1.3356,1.8726487,1.5133216,2.9029827,3.2735548,2.681396,2.8416042,1.8802409,2.0651097,2.7479324,2.157769,1.6593894,2.0229385,2.4196584,1.7258409,1.7975519,1.8776147,2.759337,2.9783714,3.1528978,3.0212998,2.0569048,1.5243268,2.0683582,1.9234632,1.9028943,2.2253883,1.8591658,2.1091459,2.6184523,1.896949
16,1.7272569,1.8201512,1.7688246,0.8866905,1.7165459,0.95873725,2.184549,1.8353668,3.0404718,2.3031585,2.4636283,2.4085302,1.060668,1.6199075,1.179193,1.1761765,0.0,0.54125786,0.6396889,1.4793272,1.5624568,1.029647,1.0415018,1.1496925,2.9311209,1.6595774,2.6471486,1.9141892,1.5051211,1.3036752,1.2727597,1.5857422,1.7477543,1.9176685,2.5567539,2.870648,2.431909,2.0605311,2.2028785,1.9003193,3.40743,2.9048462,3.1091146,2.968818,3.1766262,2.965489,2.6960628,2.7560067,1.7028147,1.9670668,2.169285,2.0317292,2.924187,2.9958096,2.5446403,1.9921198,2.0817368,1.8804758,1.7659994,1.6545986,1.5965397,1.5022836,1.7781739,1.803673,2.9357316,2.999821,3.061964,3.2895217,3.0996218,3.1988792,3.162381,3.0662394,2.273115,2.3310194,1.8127899,2.5233014,2.0670872,1.9113019,1.6256121,2.214197,2.4251153,2.3947403,2.1689332,2.7797372,2.8249469,3.4602752,2.9267318,2.838548,2.4353166,1.6828746,2.0450544,3.0892265,2.043098,2.4520118,2.225263,2.4143426,2.0986998,1.9175805,2.0451381,1.9414085,2.6385374,3.2102432,2.4962244,2.985736,1.8595482,2.0462885,2.5435345,2.1802375,1.8222622,2.0685139,2.629555,1.9760462,1.7368096,1.8420901,2.7003703,2.5351748,2.7021074,2.560236,1.7411786,1.0680168,2.053869,2.1497982,1.8941008,2.494787,2.1332817,2.658509,2.430819,2.2320964
17,1.5612369,1.7224553,1.6557126,0.71746415,1.8582853,1.1810623,1.6979519,1.7111391,2.7669063,2.2194328,2.3886628,2.3055334,0.94547915,1.5167174,1.0359316,1.036263,0.54125786,0.0,0.29925472,1.3611213,1.4370623,0.86655444,0.87948215,0.9281532,2.8451953,1.4653339,2.3690999,1.7569207,1.7541716,1.5978346,1.118638,1.4470229,1.632444,1.7944856,2.469076,2.782509,2.3522468,1.9744382,2.0533981,1.7689328,3.3330896,2.8220632,2.9731417,2.8604271,3.007019,2.8620021,2.553647,2.6177106,1.5451581,1.818806,2.0584977,1.9231987,2.849639,2.9160378,2.446896,1.8830976,2.0181935,1.8063294,1.6930912,1.767677,1.4972653,1.3874617,1.6719239,1.6949787,2.856056,2.9132507,2.958509,3.179773,3.00978,3.1175873,3.0607548,2.9711149,2.1581173,2.215094,1.6378947,2.4421046,1.9624456,1.8134234,1.5059845,2.267393,2.3055315,2.2643914,2.0597513,2.740363,2.760427,3.397869,2.8178453,2.7232606,2.3029678,1.5129318,1.9189069,2.9793394,1.938758,2.3532426,2.096146,2.3369734,1.990906,1.7771653,1.9807265,1.8769565,2.5654771,3.139367,2.4256146,2.889707,1.6750427,1.8854265,2.4226048,2.0449758,1.7055626,1.9239681,2.4984837,1.8579508,1.8664348,1.9731894,2.7940416,2.6023932,2.7975867,2.6718984,1.8930094,1.2684599,1.8980619,1.9655802,1.7782915,2.1504683,1.959208,2.2353613,2.3373864,2.1362026
18,1.5112455,1.7007846,1.5784006,0.7540883,1.8389739,1.2595733,1.6503052,1.6781003,2.702075,2.1371317,2.35922,2.216904,0.9394071,1.4600922,1.0108635,1.0165377,0.6396889,0.29925472,0.0,1.3269193,1.4306943,0.8333717,0.8490828,0.8742,2.733196,1.3230385,2.214665,1.6538647,1.6804949,1.5556821,1.1848549,1.4903066,1.5460515,1.8031999,2.3389187,2.6576366,2.4760993,2.0669768,2.0281303,1.6888798,3.2824795,2.7461808,2.908693,2.7707903,2.8603704,2.7062154,2.4317076,2.4695103,1.519692,1.7548822,1.9808815,1.8348943,2.7831752,2.9248035,2.3883193,1.8611921,1.988817,1.8201108,1.6971622,1.7873394,1.4931934,1.4529886,1.6671861,1.6710683,2.7895055,2.8396661,2.8332677,3.0340137,2.991256,3.1133406,2.9653099,2.87333,2.1456878,2.1772857,1.6398283,2.4867544,1.9856371,1.8094976,1.5877097,2.3403568,2.3418217,2.1263723,2.0592368,2.6947725,2.6074777,3.3140085,2.853422,2.7434123,2.225898,1.6475676,1.9213611,2.936525,1.9719347,2.4424217,2.129558,2.3206258,1.953006,1.7384751,1.9514296,1.8704082,2.4927998,3.1268568,2.5062928,2.9557195,1.6832716,1.8945922,2.3535402,1.9640863,1.6342182,1.88836,2.5136046,1.9203461,1.963151,2.0455172,2.693747,2.6739624,2.8380141,2.6801136,1.9013928,1.250708,1.9425297,1.9708279,1.833895,2.174791,1.9820442,2.2327368,2.3311403,2.112088
19,2.0586193,2.232511,2.1245358,1.6129982,2.3260965,1.8454733,2.169775,2.1699433,3.0245976,2.5933402,2.0230641,2.628362,1.7993747,2.1216629,1.807225,1.8030602,1.4793272,1.3611213,1.3269193,0.0,2.0150821,1.5859883,1.5967726,1.5983827,3.1049297,1.7872224,2.3701863,2.1442595,2.1454494,1.8870238,1.8505745,2.0710344,2.108184,2.3463013,2.7222335,3.0659893,2.7180064,2.3148282,1.6702744,2.200501,3.6753755,3.2092416,3.288257,3.0883176,3.0751314,2.9057434,2.7512946,2.6932487,2.087293,2.2517717,2.4816122,2.3117416,3.5977662,3.3470953,2.7126722,2.301677,2.418659,2.2232842,2.1219316,2.111596,1.8709055,1.8785465,2.014331,2.0075042,3.0218194,3.0877016,3.0497036,3.174917,3.3919492,3.4831707,3.2175808,3.1310127,2.8084445,2.673335,1.936363,2.8357787,2.4146137,2.2270446,2.1590858,2.6152213,2.829712,2.2269697,2.5380394,3.2653444,2.7733314,3.4581637,3.302959,3.129593,2.2256196,2.131502,2.3883352,2.7058399,2.2699206,2.8815622,2.368716,2.6669934,2.519417,2.3482425,2.9401908,2.9051576,2.9115498,3.6347957,2.203407,2.6542068,2.2045085,2.3849232,2.140078,2.3869197,2.4835513,2.3642483,2.824487,2.31532,2.5286996,2.6642795,3.0339742,3.3109808,2.7428088,2.541223,1.7734741,1.7835815,2.4610324,2.550834,2.3015172,2.6027827,2.9127166,3.0015974,3.0720322,2.6500292
20,1.7662287,1.6892081,1.8434458,1.356339,1.9764676,1.5945691,1.894678,1.7168863,2.736583,2.2578845,2.4808357,2.4128022,1.3869221,1.622948,1.5684031,1.5684026,1.5624568,1.4370623,1.4306943,2.0150821,0.0,1.158902,1.1788566,1.2990279,3.0400379,2.031907,2.7425551,2.2976925,2.2159562,1.8829111,1.2938004,1.5305861,2.1948688,2.3355966,2.8133194,2.573887,2.6538916,2.3522878,2.5163393,2.443884,2.7863412,2.628387,2.8301647,2.653925,2.8222096,2.6706247,2.3235292,2.4746923,1.6192745,2.016616,2.1782885,2.0530055,3.004247,3.145968,2.7076516,2.3520417,1.7794415,1.6977786,2.057176,2.1573083,1.8938037,1.6498759,2.0031695,1.9297186,2.8456538,2.865288,2.8291612,3.140075,3.0758405,3.032165,2.8942199,2.78547,2.3870108,2.3672922,2.1065276,2.6651025,2.250421,2.149316,1.8357807,2.1607428,2.2375116,2.1906686,2.122767,2.7578945,2.7017226,3.458908,2.7706516,3.0167294,2.9030566,2.11768,2.5508473,2.8235922,2.4504535,2.7948534,2.5731676,2.5560343,1.8940939,1.8447928,2.1868892,2.1388884,2.6153662,3.1492362,2.782013,2.424119,1.9105517,2.049929,2.659539,2.138188,1.647035,1.8656042,2.3150942,1.9585322,1.9070817,2.0393398,2.6465251,2.5838435,3.0241861,2.816603,2.0155303,1.853085,2.177686,2.2258165,1.5567429,1.8834944,2.1247573,2.4037938,2.5089488,2.0598743
21,1.4739444,1.3645717,1.5389597,0.7108989,1.8022138,1.2060721,1.6187,1.4032311,2.5741096,2.0348752,2.257542,2.2309957,0.8061509,1.355275,0.88874906,0.9046173,1.029647,0.86655444,0.8333717,1.5859883,1.158902,0.0,0.14660037,0.34988406,2.799663,1.3123919,2.1392524,1.6156434,1.9088087,1.3523244,0.7076741,1.1504219,1.7880204,2.009679,2.6247432,2.8726883,2.4233158,2.032584,2.1977994,1.9047248,2.7894442,2.6729743,2.8169906,2.6252515,2.7846,2.5594463,2.2863977,2.4438818,1.3433638,1.6900225,1.9673452,1.8257635,2.631322,2.7719977,2.5659509,2.0873253,1.9830467,1.8483045,1.6565777,1.7764261,1.3154142,1.1968907,1.5332286,1.4903966,2.8239126,2.846028,2.7868145,3.1151175,3.105032,3.0586107,2.8722706,2.7782884,2.1521869,2.1402953,1.781237,2.4660733,1.9495696,1.7014292,1.4042618,1.7379755,2.4007313,2.3267357,2.226006,2.5869713,2.8139725,3.4318757,2.928522,2.8443966,2.4994757,1.8025641,2.0303292,2.5320199,2.0723934,2.4773295,2.2522547,2.3634312,1.6628386,1.5794755,1.9334376,1.8310182,2.4826467,3.1471295,2.5263824,2.6952734,1.6488763,1.8382279,2.4501784,2.0126853,1.3409728,1.6214776,2.2683084,1.6491551,1.9702779,2.0638468,2.6530695,2.724963,3.0221539,2.8578231,2.0609705,1.4871504,1.9934871,2.0036125,1.8072615,2.13492,1.932144,2.1895776,2.3481,1.9729697
22,1.4658257,1.331849,1.5296482,0.7444051,1.7972577,1.2204201,1.6212192,1.3443398,2.5744424,2.0523055,2.2476938,2.2084517,0.8722246,1.4041975,0.92632294,0.9340108,1.0415018,0.87948215,0.8490828,1.5967726,1.1788566,0.14660037,0.0,0.33994594,2.814512,1.3267881,2.1621146,1.6535774,1.9063798,1.3119636,0.7320769,1.1270046,1.8018572,2.0667503,2.6189926,2.8664505,2.4329412,2.0641937,2.212652,1.8922611,2.7880206,2.6774926,2.7961318,2.6059139,2.7853892,2.571573,2.292821,2.4467285,1.3257109,1.694915,1.9724276,1.83129,2.62381,2.7911289,2.5645907,2.078928,2.00194,1.8739059,1.678441,1.7895685,1.3409113,1.1973649,1.5624399,1.5177536,2.8313828,2.8555334,2.7811856,3.0929556,3.1350827,3.0800333,2.8517723,2.7671187,2.1204357,2.084234,1.7433568,2.4336174,1.9001397,1.6987655,1.3438141,1.6661134,2.4259977,2.32661,2.2251751,2.6043155,2.7960694,3.4345272,2.924792,2.8374717,2.4425569,1.7621722,1.973602,2.4597473,2.0731475,2.4779303,2.2462604,2.3905215,1.6745704,1.5905629,1.8935839,1.7990891,2.4588563,3.1679068,2.5336192,2.7241907,1.6078255,1.7938153,2.4624999,2.0165312,1.3533553,1.5819277,2.2549622,1.6451125,1.9246839,2.0053582,2.6001844,2.6566002,2.9858506,2.8245893,2.0466957,1.4526969,1.9095408,1.9656879,1.782968,2.1285346,1.8706579,2.1502411,2.2834597,1.9796712
23,1.4838263,1.3573922,1.525157,0.70760715,1.9104737,1.3781987,1.4814125,1.3617471,2.498114,2.0347924,2.252893,2.1928804,0.9205823,1.4308994,0.9774592,0.9482944,1.1496925,0.9281532,0.8742,1.5983827,1.2990279,0.34988406,0.33994594,0.0,2.8053367,1.2748386,2.0346766,1.5846475,1.9651084,1.4410573,0.8013313,1.1901277,1.6998405,2.019117,2.5315375,2.8301134,2.4783912,2.0674512,2.161066,1.873508,2.783356,2.71768,2.7307563,2.5790555,2.766513,2.5505905,2.259661,2.42518,1.3315858,1.6497504,1.9639697,1.8374665,2.5792806,2.7414947,2.524154,2.0358415,2.0259778,1.8512553,1.6423503,1.7898496,1.3015614,1.2448641,1.491227,1.4680457,2.8527553,2.8877683,2.800627,3.1350634,3.0990694,3.0478375,2.8327706,2.7387316,2.1859822,2.1672554,1.8039958,2.625336,2.1191835,1.8335018,1.4424124,1.7590176,2.4811375,2.3696995,2.1861808,2.5923433,2.8045785,3.442841,2.9477735,2.7857947,2.4325163,1.7870158,2.0476782,2.5052166,2.1157484,2.4807897,2.246049,2.4073908,1.738618,1.6485597,1.9512944,1.8485178,2.5340862,3.111653,2.511124,2.7726433,1.6422058,1.8639492,2.4402902,2.0394757,1.4119326,1.6218876,2.3467243,1.6596731,1.9989425,2.0932732,2.676202,2.7512987,3.0331938,2.875387,2.1604931,1.5882636,1.8267863,1.8339249,1.8848695,2.142413,1.8692878,2.0896094,2.3315756,2.054823
24,1.801391,2.141331,1.8215257,2.634638,1.8054315,2.764365,2.6929739,2.1104288,2.398616,1.9241701,2.2963345,1.9267328,2.7972906,2.4040952,3.087144,3.0285766,2.9311209,2.8451953,2.733196,3.1049297,3.0400379,2.799663,2.814512,2.8053367,0.0,2.0353053,3.1576796,2.373054,2.4029338,3.3368785,2.9318378,2.6807656,2.9434135,3.152261,2.4723854,2.5702767,3.0711865,2.68602,2.898113,2.2336664,2.7525513,2.1248214,2.245893,2.0954583,2.789525,2.6842232,2.4496524,2.5090873,2.1650705,2.550096,2.2948554,2.226835,2.3059728,2.5114202,2.1567886,2.5658264,3.4080575,3.649261,3.2433336,3.354578,3.4925125,3.2691195,3.416812,3.2278247,1.9297646,1.9502804,1.9807619,2.3618279,2.0046933,2.206681,2.3565106,2.096441,2.7735696,2.8682868,2.9710543,3.330919,3.1332173,3.2456937,3.1661804,3.705769,3.2372625,3.2024112,2.7638361,2.7757993,3.1292784,2.4327154,3.1815002,2.8517365,2.7782233,3.253663,3.2973032,4.186245,3.6610312,3.89036,3.76795,3.1160343,2.2129502,2.1995199,2.6366696,2.9990957,2.4317033,2.2827656,2.9531813,3.3965654,2.064877,2.273625,2.572274,1.2917314,2.5328755,2.0314054,2.5186198,2.8894825,3.8189414,3.8286672,3.8311732,3.26819,3.5690806,3.1077209,3.2826917,2.4900146,2.918715,2.9594464,2.9108133,2.9627225,3.2010708,3.2719598,2.536703,2.3071806
25,1.525579,1.6661073,1.5535682,1.4073412,1.8796788,1.7148974,1.6211389,1.6177329,2.5007453,2.0813465,2.3007357,2.1635113,1.3343948,1.207773,1.5211257,1.446446,1.6595774,1.4653339,1.3230385,1.7872224,2.031907,1.3123919,1.3267881,1.2748386,2.0353053,0.0,1.8809676,1.2866776,2.1093693,1.9923743,1.7541575,1.9325032,1.8703985,2.1414425,2.2659984,2.7096338,2.6858146,2.2944446,2.3395445,1.7952497,2.7595384,2.2479367,2.4554698,2.28003,2.1171772,1.9234618,1.6944433,1.7267736,1.592436,1.9691129,1.943013,1.8209318,2.3671114,2.6830332,2.3227656,2.2229323,2.3239348,2.454146,1.8816727,2.0877032,1.9572785,1.7719554,1.9636697,1.7932065,2.3313138,2.3378088,2.1416767,2.56959,2.5578008,2.6175437,2.3302364,2.1839714,2.378385,2.4701574,1.9524901,2.8676445,2.3452027,2.1487682,1.9128468,2.5000665,2.7604294,2.3179824,2.5124786,2.7645993,2.7721581,2.7275765,3.2033663,2.8363605,2.1763914,2.172144,2.2611494,2.974851,2.224554,2.7199519,2.3642912,2.0468807,1.5182754,1.4045358,2.1830971,2.1005228,2.4983456,2.8883803,2.593891,2.875907,1.7841009,1.9511878,2.3802295,1.6315645,1.4997461,1.724459,1.9542161,1.824366,2.7081034,2.7247837,2.8559616,3.2132976,3.3617938,3.0328407,2.4883008,1.7374749,2.1654437,2.0642934,2.2552252,2.4014535,2.154231,2.2769513,2.5375872,1.7104708
26,2.5638494,2.6156647,2.3890357,2.3938854,3.191724,3.0883431,2.077048,2.5655189,2.3237252,2.4079623,2.9950924,2.5963345,2.3884947,2.6224914,2.290562,2.3084044,2.6471486,2.3690999,2.214665,2.3701863,2.7425551,2.1392524,2.1621146,2.0346766,3.1576796,1.8809676,0.0,1.5497792,2.9519985,2.7756412,2.5771828,2.7604547,1.9633558,2.2238061,2.4923666,3.3968484,3.702653,2.7555435,2.5781581,2.639172,3.2464995,3.1750166,3.1284063,2.9748492,2.480767,2.3505669,2.7810018,2.757632,2.4100478,1.8468643,2.1677258,2.0448856,2.924042,3.2304075,2.8683543,2.4257376,2.5246859,2.4825904,2.1125326,2.4242954,1.8441038,2.8009517,1.8039786,1.7731367,3.1262224,3.0577161,2.786066,3.21865,3.686562,3.681848,3.419021,3.2829778,2.6950984,3.1428757,2.56395,3.266508,2.8920133,2.6649642,2.6923904,3.0727074,3.009296,2.2469156,2.7962828,3.1254725,2.6943026,3.2616494,3.420486,3.1135619,2.4511611,3.2145963,3.3339922,3.3431656,2.4927459,3.116436,2.4917524,2.748584,2.6022644,2.5338676,2.936756,2.8441796,3.1060667,3.8909168,3.0323355,3.4397736,2.6478498,2.7653668,2.3817222,2.7082303,2.0310357,2.4508808,3.0539768,2.4102297,3.4335883,3.5031188,3.192637,3.9377627,3.6358397,3.5182366,3.3238835,2.8724866,3.0485365,2.7569947,3.3118646,3.1471531,3.1213953,2.725412,3.246176,3.0631
27,1.774545,1.7944918,1.5351671,1.5571793,2.1422136,2.140129,1.8578647,1.8595136,2.0542636,1.7657026,2.4761755,1.892981,1.5107467,1.6522585,1.6917766,1.6725669,1.9141892,1.7569207,1.6538647,2.1442595,2.2976925,1.6156434,1.6535774,1.5846475,2.373054,1.2866776,1.5497792,0.0,2.1598196,2.386082,2.0345922,2.2029388,1.3258624,1.6943711,2.2152593,3.0804896,3.208379,2.1596727,2.2701523,2.1968906,2.6270335,2.2735317,2.326422,2.1829426,2.2353077,2.0386815,2.2394505,2.3886654,1.8495506,1.3604661,1.4837334,1.3667405,2.1221552,2.1455462,2.009623,1.7054636,1.9791548,2.0811324,1.4039111,1.6254255,1.4972115,2.3637857,1.4015868,1.2471948,2.175539,2.176341,2.317614,2.6827443,2.8600283,2.9008348,2.9767635,2.8179789,2.1755934,2.5782464,2.1541598,2.7787108,2.3832278,2.1512036,2.0531023,2.6302876,2.126395,2.3305173,2.1060994,2.1608508,2.5934234,2.844149,2.5933275,2.2837071,2.4408648,2.6330557,2.7013326,3.565178,1.836862,2.2116215,1.9690995,1.8066016,1.7736478,1.6313922,2.3378775,2.2279434,2.6595569,3.1152196,2.587083,3.0211844,1.9028158,2.0530553,1.8137335,1.8732555,1.3644354,1.8902597,2.417014,2.0166419,2.6775842,2.7161226,3.2911856,3.2289474,2.9222043,2.742433,2.5121186,1.90535,2.4799757,2.3436632,2.8016844,2.8996356,2.4529173,2.4294045,2.6639516,2.1050754
28,1.620359,1.7810829,1.5485827,1.6781983,1.3422562,1.7004225,2.8043153,1.8207306,2.92672,1.9669069,2.1142912,1.9069054,2.026288,2.3263512,2.1168532,2.0957417,1.5051211,1.7541716,1.6804949,2.1454494,2.2159562,1.9088087,1.9063798,1.9651084,2.4029338,2.1093693,2.9519985,2.1598196,0.0,1.8656138,1.9861548,1.8553227,1.914968,2.3131285,2.2336736,2.514502,2.6215713,2.102919,1.9635814,1.5575247,3.364194,2.8482387,2.990145,2.8004045,3.3551428,3.115335,2.9199345,2.9893713,1.6109902,1.7888893,1.8567545,1.7122785,2.7716148,2.842386,2.2679465,1.7784778,2.4700906,2.4135213,2.292626,2.1030002,2.3155322,2.3672402,2.382052,2.3726184,2.739624,2.8340726,2.9514112,3.165326,3.0071645,3.1200957,3.247516,3.0344934,2.258861,2.3462331,2.2256365,2.5804067,2.371063,2.5339465,2.3106737,2.7555225,2.6424642,2.6719666,2.1467507,2.4171298,2.4756255,3.237523,2.7539444,2.650645,2.4197588,2.397907,2.6372356,3.597496,2.870179,3.1501837,3.008616,3.0326853,2.2392688,2.136758,2.0255277,2.2261286,2.2483244,2.9636784,2.3258991,3.1868222,1.7750646,1.974241,2.3810086,1.7809465,2.2776806,1.9870672,3.1124659,2.4103668,2.3215063,2.3598838,2.716856,2.285143,2.2738893,2.0321112,1.861811,1.1485497,2.305073,2.297535,2.1375146,2.81679,2.8276594,3.357294,2.2469492,2.6751091
29,2.2351902,2.063488,2.1745,1.6536096,2.0787086,1.5431471,2.7942977,2.0202975,3.4129226,2.6211782,2.6593676,2.73414,1.7058225,2.1511426,1.6241543,1.6107892,1.3036752,1.5978346,1.5556821,1.8870238,1.8829111,1.3523244,1.3119636,1.4410573,3.3368785,1.9923743,2.7756412,2.386082,1.8656138,0.0,1.7217584,1.9742051,2.341003,2.6529388,2.912413,3.1796918,2.910225,2.6372128,2.724498,2.399631,3.343471,3.2609763,3.4100275,3.174034,3.2946327,2.950743,2.8889623,2.9014742,2.1345773,2.3876977,2.6078582,2.4628613,3.1646202,3.508723,3.1146307,2.6458287,2.4982312,2.3223948,2.2304893,1.9769716,1.8755671,1.8174179,2.093917,2.0825665,3.3706234,3.3964303,3.1763933,3.518905,3.673749,3.6130316,3.1627772,3.1076565,2.710008,2.6908674,2.2916715,2.9908693,2.5001907,2.2701366,2.0291398,1.8521616,3.1509125,2.539157,2.7579427,3.2414792,2.9813776,3.6748433,3.5859482,3.440779,2.6311264,2.3828757,2.5536454,2.574803,2.5673232,3.116804,2.7049062,2.9006202,2.3402712,2.313915,2.294671,2.2211423,2.909398,3.6635542,2.911235,3.2041917,2.3597004,2.4929008,2.980629,2.6941495,2.0512235,2.2228773,2.7745414,2.1170704,2.029581,2.1056128,2.155615,2.8354092,3.0524328,2.8616881,2.13742,1.5903711,2.3929536,2.5502675,2.344275,3.052925,2.4871027,3.1837208,2.719959,2.5661993
30,1.4654762,1.3539082,1.6881399,0.85068834,1.8381345,1.2409478,1.7387688,1.471307,2.7088482,2.1788335,2.209325,2.390448,1.1714817,1.7104965,1.2332851,1.2586619,1.2727597,1.118638,1.1848549,1.8505745,1.2938004,0.7076741,0.7320769,0.8013313,2.9318378,1.7541575,2.5771828,2.0345922,1.9861548,1.7217584,0.0,0.68241787,2.1313562,2.2599792,2.9392178,3.0280738,2.0504441,1.9350814,2.1464798,1.8340402,2.959179,2.9555953,3.0517085,2.8896127,3.3026483,3.1027548,2.6360388,2.873673,1.2404476,1.861105,2.1782773,2.0615017,2.8203924,2.7598987,2.747135,2.2223783,2.342168,2.142393,2.0271497,2.166741,1.7073889,1.1622266,1.9342202,1.9480046,3.107763,3.155219,3.2038336,3.5230517,3.2124832,3.1392224,3.1746151,3.0675826,2.2687945,2.153193,1.9660919,2.3912268,1.994011,1.8579177,1.5296211,1.7930751,2.5365937,2.8374157,2.3801713,2.6026175,3.1644032,3.8008823,2.968911,2.941499,2.8180661,1.6671524,2.056713,2.6531084,2.4986298,2.688502,2.6908581,2.8411283,1.8675044,1.8004131,2.025834,2.0053024,2.5115633,3.154478,2.4187775,2.6701922,1.6149604,1.842092,2.7092912,2.1061163,1.7872409,1.7341957,2.596655,1.8039484,2.0860837,2.19841,3.0053153,2.6771185,3.1210496,3.0034733,2.194779,1.7180362,2.047189,2.0476863,1.6045488,1.9096166,2.1390262,2.302471,2.3313243,2.2409077
