,0,1,2,3,4,5,6,7,8,9,10,11,12,13,14,15,16,17,18,19,20,21,22,23,24,25,26,27,28,29,30,31,32,33,34,35,36,37,38,39,40,41,42,43,44,45,46,47,48,49,50,51,52,53,54,55,56,57,58,59,60,61,62,63,64,65,66,67,68,69,70,71,72,73,74,75,76,77,78,79,80,81,82,83,84,85,86,87,88,89,90,91,92,93,94,95,96,97,98,99,100,101,102,103,104,105,106,107,108,109,110,111,112,113,114,115,116,117,118,119,120,121,122,123,124,125,126,127
0,0.0,1.1373712,1.2692786,1.1736448,1.7340939,1.7454871,1.2474567,1.4447658,1.685764,1.6872454,1.7210242,1.7404664,2.3088226,2.3077247,2.0566523,1.9418248,1.8557516,1.8696346,1.3556619,1.7797734,2.1311984,1.8946809,1.4993817,1.7577053,1.185927,1.6430832,1.8974713,1.9317302,1.523585,1.0408921,2.0279624,2.3860223,1.4948171,1.3738052,2.4728372,2.320871,1.4741744,1.2878519,1.6473267,1.8534161,2.3517754,2.0987694,2.339386,2.1153038,1.9682196,2.252022,1.4519522,1.8756346,3.0229535,2.9986396,3.1151042,1.5599968,1.1132432,1.4382164,2.691735,1.2350152,2.506189,2.4472177,2.567841,2.7257695,2.2652447,1.7599034,2.3136218,2.1153567,2.1507711,2.209495,2.0095832,2.3393376,2.4747334,2.5866408,2.5302973,2.484708,1.899736,1.8189596,2.410195,1.838487,1.9800984,2.1283207,2.065005,1.9825505,2.386092,2.5009358,2.384842,2.1578424,2.2563815,2.1603527,1.9709133,2.075651,2.12689,2.2332454,2.0911536,2.2049468,2.1149657,2.0764856,1.6937177,2.2142498,2.7626362,2.78932,2.9102268,1.9015691,2.8804445,3.027419,2.6955855,2.5527244,1.7275845,2.3968565,2.4582276,2.60165,2.2068145,1.9352658,2.5964136,2.2192683,1.7789446,2.291387,2.2093298,2.1308997,2.1749086,2.169986,2.3210485,2.3608012,1.847274,1.7960426,2.2671158,2.2588713,1.4549534,1.7609512,1.7511048,1.9002963
1,1.1373712,0.0,1.4977808,1.4478121,1.6219796,1.6608151,1.8923831,1.6763339,1.8211396,1.8598686,1.8327307,1.861787,2.1170344,2.1361125,1.6022934,2.180952,1.585121,2.0366724,1.9702268,1.7036978,1.9834406,2.1148095,1.8625529,2.090637,1.4826392,1.9958873,2.135668,2.1003573,1.6904838,1.2202146,1.7862433,2.276935,1.7276251,1.9211904,2.5610158,2.4095778,1.7790555,1.1598451,1.9582869,2.2719746,2.484561,2.2034528,2.4192126,2.5099604,2.1601334,2.4495194,1.8924696,2.0106187,2.9807208,2.9124138,3.0478613,1.5060916,1.7177755,1.984549,2.9862964,1.9254982,2.483828,2.4364996,2.2687323,2.7271893,2.7122095,2.3959224,2.5291607,2.3718076,2.022308,2.0686016,2.2566485,2.356504,2.466876,2.4908047,2.4964094,2.4692562,2.2537675,2.4352484,2.6362653,1.8046621,2.3375154,2.353911,2.2971027,2.1531408,2.4394011,2.7324977,2.3845046,2.1795404,2.5853684,2.1407392,1.8588663,2.126581,2.2834747,2.075455,2.151578,2.2358322,2.1924336,2.252217,1.9338359,2.3087537,3.2324386,3.0832906,3.4319768,2.5207038,3.4352078,3.5970776,3.427966,3.166343,2.3061285,2.848095,2.8312523,2.9469929,2.7674947,2.5792813,2.9332225,2.6507845,1.9749569,2.831746,2.017817,2.018269,2.1615124,2.2308168,2.4060762,2.4846272,2.0542662,2.1245668,2.0963843,2.1490688,2.0821757,1.9468263,1.9607158,1.6923801
2,1.2692786,1.4977808,0.0,0.40082425,1.8631037,1.9254864,1.491215,1.3329115,1.46313,1.4274973,1.4648875,1.4382694,2.0939887,2.1602876,2.2770123,1.5882084,2.2690206,1.7801788,1.7139264,2.07207,2.5058753,1.9158286,1.7093675,1.7514129,0.85101175,1.6089051,1.2663182,1.088451,1.6208436,1.1175972,2.4451313,2.2979276,1.572881,1.993866,2.7025294,2.4661238,1.0598655,1.3626215,2.3640654,2.3119547,2.2144446,1.9872544,2.8398762,2.4806232,2.0887053,2.2111645,2.0583963,1.9823995,3.1385808,2.9962401,3.3163123,1.6157253,1.6753469,1.9868268,2.972584,1.5416168,2.780133,2.7355428,2.5246747,3.016957,2.5971794,1.9776394,2.747531,2.3738477,2.4163346,2.4665542,1.6287843,2.0496562,2.8574293,2.798924,2.9229321,2.8711653,1.8331771,2.072092,2.7294228,2.0110254,2.0785506,1.9935505,1.9273344,1.6444995,2.5264556,2.5708945,2.5273457,2.279066,2.8848038,2.4501889,2.0127695,2.3257792,2.3233087,2.275471,2.3734052,2.4030566,2.2882173,2.297579,2.169675,2.482382,3.4052055,3.552738,3.6511493,2.5809379,2.950464,3.2987127,2.9282954,2.803548,2.480457,2.7794626,2.8899012,3.1115067,2.8341663,2.7172,3.2390864,2.8918018,1.9391481,1.9077632,2.340399,2.4915724,2.5092168,2.6169498,2.737037,2.7942157,1.9162643,2.0086973,2.5361683,2.3952389,1.8207506,1.8648561,1.8707983,1.7721403
3,1.1736448,1.4478121,0.40082425,0.0,1.8150632,1.8643134,1.3795075,1.1064575,1.5705081,1.5281024,1.571794,1.5447272,2.072144,2.1401446,2.1465685,1.5141369,2.2413065,1.6857314,1.6421232,2.0335948,2.433794,1.8119771,1.581195,1.6305481,0.9624226,1.6218022,1.1629001,1.2657743,1.5717125,1.0634233,2.4166038,2.2889972,1.5108718,1.916428,2.5947838,2.3657935,0.8811266,1.3285339,2.3058789,2.247847,2.254276,2.0058827,2.8190277,2.4664392,2.07849,2.2458506,1.9086761,1.9905365,3.0607722,2.9298942,3.27355,1.6891037,1.4563222,1.7915378,2.9364989,1.5731146,2.7736804,2.726313,2.5417783,3.0365877,2.5685136,1.8709836,2.6263063,2.2414913,2.3214836,2.3651628,1.5976902,2.0176992,2.6426744,2.5730033,2.7082825,2.6586866,1.6662774,1.9225976,2.5921385,1.9940447,1.9376912,1.9702095,1.9004962,1.6050688,2.5092423,2.53753,2.4248865,2.2515464,2.840457,2.425419,1.9915226,2.2933364,2.1930447,2.3060155,2.2627692,2.2808356,2.2976592,2.1660638,2.0416563,2.3517373,3.4137368,3.4702506,3.467177,2.5720372,2.9462016,3.1969743,2.934893,2.8037276,2.4791052,2.770807,2.797649,2.980645,2.736098,2.5810525,3.2374246,2.876773,1.953919,1.8714632,2.3358831,2.4832764,2.4271963,2.5289564,2.7560773,2.7989311,1.952419,2.0370634,2.5247376,2.4180698,1.7709069,1.8872248,1.8923086,1.7899166
4,1.7340939,1.6219796,1.8631037,1.8150632,0.0,0.30867052,1.7671582,1.6658663,1.788193,1.7586242,1.7438279,1.7698214,2.2124112,2.2836735,1.5457821,1.9081794,1.628758,2.2378933,2.1497273,1.6015664,1.9388283,2.086434,1.7803351,1.9061934,1.8549789,1.8196037,1.8892967,1.9098257,1.6608461,1.4541403,1.7531259,2.906776,1.5662436,1.8786182,2.526933,2.321435,1.7381421,1.1068263,1.7787063,2.1745996,2.447847,2.1259363,2.3036273,2.5243895,1.8239108,2.447481,1.7926425,1.9234096,2.812071,2.8751132,2.9989178,1.8940828,1.7622626,1.5511711,2.820091,2.1973984,2.0305152,1.9607648,2.0015576,2.3206837,2.4905558,2.4167063,2.506492,2.7021315,1.7163533,1.6139959,2.2060971,2.4131212,2.5202556,2.7819989,2.5996006,2.5550134,2.477707,2.6601992,2.4343288,1.8375858,2.1207452,2.32057,2.341591,2.1460936,2.2219567,2.2027228,2.2395465,1.9719603,2.49808,2.0217755,1.9554827,2.038983,2.2519052,1.9650881,2.0830312,2.0701547,2.0532894,2.1820202,2.017602,2.2181873,3.06873,3.0524614,3.2671456,2.4557667,3.5217907,3.6484067,3.1995819,3.0673847,2.3701754,3.116246,2.8546677,2.8762155,2.9415944,2.656156,2.844841,2.5977685,1.7998053,2.7752757,1.6898029,1.759938,2.6918886,2.645249,2.3491008,2.3775613,1.9081267,1.9360175,1.8065665,1.7989151,2.1001613,1.7235104,1.7646686,1.7213424
5,1.7454871,1.6608151,1.9254864,1.8643134,0.30867052,0.0,1.805133,1.7321844,1.8083661,1.7643975,1.757546,1.7844268,2.2193813,2.2879393,1.5503038,1.9661137,1.6357166,2.253027,2.208489,1.623283,1.8396399,2.0552752,1.7611626,1.910395,1.9540839,1.8771095,1.9724958,1.9868394,1.6873213,1.51802,1.7167084,2.9430025,1.5797867,1.8846825,2.5295844,2.344454,1.7973348,1.1553717,1.7828203,2.1931622,2.459931,2.1227136,2.313506,2.5301917,1.8358645,2.4362664,1.7907715,1.9230725,2.8669589,2.9460616,3.0682704,1.9869075,1.7672033,1.5340102,2.8661926,2.2909095,2.0565329,1.9792174,2.053105,2.3451974,2.5497873,2.4846938,2.4725544,2.7842345,1.7286345,1.626692,2.2941854,2.4841893,2.449854,2.736657,2.5253358,2.4825218,2.558555,2.7416275,2.5223856,1.922488,2.1827319,2.403297,2.4261978,2.2195492,2.31111,2.2708287,2.312631,2.0576687,2.5457673,2.0868375,2.0234535,2.109347,2.323484,2.0268192,2.1509664,2.139491,2.1323795,2.2495692,2.123594,2.2906954,3.0999079,3.0741942,3.2508595,2.528079,3.5571918,3.6764355,3.2538705,3.1229541,2.4005406,3.1629922,2.8766658,2.9072266,2.9395814,2.6811693,2.8323278,2.5706131,1.8621651,2.879798,1.7556125,1.8207324,2.6792495,2.6200483,2.4087331,2.4184952,2.0011585,2.0489295,1.8217812,1.8517256,2.11894,1.8085233,1.8432199,1.7881037
6,1.2474567,1.8923831,1.491215,1.3795075,1.7671582,1.805133,0.0,1.1323036,1.7670342,1.7595817,1.8082392,1.7987483,2.3933358,2.4640455,2.0908642,1.4753147,2.4053087,1.9696685,1.1313413,2.0755448,2.5078747,1.9399195,1.6360624,1.7121029,1.5283448,1.3118131,1.5902125,1.6539103,1.668744,1.4839612,2.516903,2.4712272,1.4293543,1.2780273,2.390875,2.317623,1.4404777,1.6946846,1.7753236,1.7417128,2.4405792,2.078841,2.6182568,1.8987793,1.6083841,2.1902115,1.4226441,1.9719048,2.9155326,3.085311,3.1780808,2.2114725,0.9979422,1.3189858,2.4158099,1.2921718,2.4763656,2.416999,2.6979115,2.5982034,1.814244,1.2750391,2.2512078,2.0083296,2.330255,2.2509384,1.9158511,2.16594,2.7126813,2.6536224,2.7981262,2.7432132,2.0712626,1.774965,2.2763698,2.271982,1.8721656,2.202989,2.1920366,1.9763695,2.603094,2.5142975,2.5970902,2.3689542,2.3466115,2.5092578,2.4595025,2.4168742,2.306524,2.607482,2.3487856,2.3661199,2.3766077,2.257498,2.0090199,2.442768,2.688839,2.9258258,2.646842,1.5933156,2.7223058,2.8517184,2.26989,2.1240962,1.7687727,2.1218815,2.3528588,2.3529615,2.1460006,1.7702411,2.5856886,2.1934302,1.6835487,1.6732229,2.4397151,2.4991188,2.2895055,2.222732,2.507008,2.4920034,2.0298417,1.8671914,2.5865145,2.4279869,1.2173456,1.9142733,1.8961306,1.8661723
7,1.4447658,1.6763339,1.3329115,1.1064575,1.6658663,1.7321844,1.1323036,0.0,1.635297,1.6134145,1.6484076,1.6321269,2.191961,2.26992,1.6095499,0.981389,2.1055357,1.5829515,1.422052,1.7219383,2.2719607,1.6188573,1.274554,1.4135965,1.2722393,1.1959689,1.0683172,1.5571275,1.2902033,1.0994612,2.2847106,2.1613379,1.2366748,1.5824202,2.2727604,2.0529313,1.0889279,1.4779817,2.0381985,1.974416,2.3394613,1.9066378,2.724353,2.40859,1.7055814,2.1225784,1.4144083,1.8163675,2.713045,2.5846975,3.0068982,1.9867122,1.3644869,1.7403977,2.5266519,1.7450933,2.5482566,2.5258737,2.3962982,2.8374417,2.2452707,1.7206466,2.2575,1.9427322,2.0116582,1.9101567,1.664708,1.9261309,2.3239906,2.2688503,2.413368,2.3561392,1.6620196,1.8792295,2.5165234,1.9438164,1.6290416,1.9417397,1.8874646,1.6470731,2.384573,2.2424636,2.2387593,2.1091027,2.6578665,2.2770472,2.0533042,2.138976,1.8732934,2.249476,1.9625734,1.9682515,2.1811047,1.8395684,1.9190135,2.0086036,3.275649,3.2639973,2.9934337,2.386964,3.2376773,3.3056219,2.9696283,2.8434937,2.4858067,2.7766173,2.7419715,2.7087915,2.4473972,2.3258388,3.0638022,2.7195413,2.0335436,1.9759866,2.1518579,2.238414,2.3760734,2.4138935,2.5800607,2.62637,1.8084457,1.8475982,2.406514,2.3008752,1.5832099,1.7072023,1.6997905,1.6249896
8,1.685764,1.8211396,1.46313,1.5705081,1.788193,1.8083661,1.7670342,1.635297,0.0,0.2798289,0.18767007,0.21958473,1.5950531,1.6519753,1.7434671,1.2787151,1.6539603,1.6473721,1.7516601,1.3527025,1.8166676,1.4871379,1.3104708,1.339371,1.2164716,1.0530202,1.5215602,1.1917485,0.8096368,1.0189344,1.6160558,2.1872478,0.82960695,1.3790998,2.2997196,2.0711803,1.617546,1.381903,1.6507474,1.7597971,1.6187031,1.312916,2.1654768,2.3200777,1.4970838,1.7744572,1.5917004,1.3046987,2.706136,2.6100338,2.8349063,1.4904598,1.8783495,2.1841347,2.597542,1.8439387,2.2259176,2.1908712,2.181077,2.4842737,2.317036,2.2281308,2.3173535,2.5659785,1.8315772,1.9504337,1.7178128,1.8464311,2.4983513,2.6263692,2.545815,2.50591,2.2941406,2.4744122,2.658714,1.682836,1.874235,2.0490456,2.0475564,1.8067415,1.9980822,2.0720277,2.0814419,1.6763897,2.32776,1.7863207,1.7038053,1.723395,1.9646208,1.5541143,1.89061,1.9650953,1.6613468,1.905305,2.1796105,2.0583642,2.9628885,3.3356688,3.4889693,2.5364623,2.9877324,3.4364462,2.9881477,2.8721893,2.3797855,2.9012032,2.8548393,3.0305183,2.795467,2.599559,2.6572108,2.3150918,1.9810352,2.4962177,1.6565354,1.7472422,2.3221173,2.4249847,2.035658,2.1458967,1.2418828,1.3637667,1.8357568,1.7256036,1.2707053,1.201737,1.2246623,1.3136439
9,1.6872454,1.8598686,1.4274973,1.5281024,1.7586242,1.7643975,1.7595817,1.6134145,0.2798289,0.0,0.18074796,0.1727699,1.6107751,1.6577158,1.7945118,1.1911885,1.7837931,1.6033512,1.7538712,1.3827249,1.8539314,1.3847016,1.1638234,1.2741952,1.203698,0.99930274,1.5085669,1.1867877,0.81308436,1.0116407,1.7268873,2.193582,0.91867083,1.4593153,2.3648896,2.1324148,1.5499103,1.4559176,1.7683284,1.8469367,1.6896536,1.3926165,2.2232366,2.388193,1.574897,1.8789088,1.6140974,1.3301541,2.8047385,2.6368275,2.9484332,1.5825847,1.9126812,2.1544638,2.679498,1.865792,2.344438,2.3002934,2.281567,2.6194978,2.3841326,2.2755628,2.325251,2.5506983,1.9283129,2.0348778,1.7148614,1.8423407,2.5041242,2.5842328,2.5569146,2.515304,2.2444751,2.4744802,2.7494335,1.7401078,1.8192948,1.9775188,1.9794073,1.7417876,2.0587883,2.135417,2.1707804,1.7579734,2.4626243,1.8874278,1.7433262,1.7760996,1.9806867,1.602693,1.9383098,2.01818,1.7106478,1.9110546,2.2351737,2.0884893,3.0378623,3.4382524,3.504877,2.6161208,3.0333276,3.449247,3.0197475,2.9038115,2.467584,2.9457717,2.9626784,3.1303656,2.8586357,2.6605422,2.7862463,2.4219227,2.0948186,2.4757538,1.7827642,1.8374211,2.392671,2.4911764,2.195928,2.2886,1.2775443,1.4364598,1.9573604,1.7799021,1.2979298,1.2133826,1.2374886,1.3337407
10,1.7210242,1.8327307,1.4648875,1.571794,1.7438279,1.757546,1.8082392,1.6484076,0.18767007,0.18074796,0.0,0.081315055,1.594701,1.646608,1.7502285,1.2597412,1.7013484,1.6638906,1.7944994,1.3337153,1.8141613,1.4568255,1.2534349,1.3408482,1.2542996,1.0657659,1.5529238,1.22279,0.8244073,1.029181,1.6383404,2.2054908,0.90945846,1.4770105,2.3471475,2.1140895,1.6157154,1.4167969,1.7400641,1.8501894,1.674164,1.3730975,2.198199,2.373835,1.5530502,1.8584869,1.6394216,1.3273109,2.7406585,2.6026654,2.8752012,1.5302835,1.9335096,2.195778,2.6694996,1.8925383,2.2602327,2.2206314,2.1896896,2.537811,2.379885,2.3031013,2.3365934,2.593494,1.8474848,1.9583396,1.7246753,1.8525785,2.4988735,2.616125,2.5458705,2.5059795,2.2863815,2.5125628,2.7183294,1.6887076,1.8665488,2.001881,2.0005453,1.7551739,2.001601,2.0796454,2.1060731,1.694243,2.4067762,1.8108894,1.6835347,1.7280474,1.9685546,1.5243005,1.8991023,1.9743708,1.6617675,1.9039935,2.2093265,2.0660586,3.0204985,3.399063,3.5310798,2.6163049,3.0450547,3.4748929,3.0428917,2.9254549,2.4569497,2.976506,2.9346359,3.102212,2.858186,2.6668055,2.743019,2.390415,2.0352588,2.52066,1.674133,1.7554324,2.3906486,2.4944634,2.116022,2.2139263,1.2706926,1.428758,1.8572137,1.6903929,1.3413211,1.1917071,1.2217907,1.3184474
11,1.7404664,1.861787,1.4382694,1.5447272,1.7698214,1.7844268,1.7987483,1.6321269,0.21958473,0.1727699,0.081315055,0.0,1.5842963,1.6409175,1.7787404,1.2236273,1.7611399,1.654684,1.792532,1.3784548,1.8561728,1.447043,1.2519727,1.3272021,1.2523484,1.0612106,1.5182589,1.1866641,0.8402362,1.0435314,1.7010341,2.2018647,0.9206858,1.5044426,2.3554826,2.121689,1.5917845,1.4466643,1.7885789,1.8796105,1.6872431,1.3925935,2.2554307,2.3919263,1.578647,1.8703288,1.6602732,1.3630698,2.7618575,2.6212993,2.9053733,1.5600625,1.934287,2.1999724,2.695138,1.8933698,2.292587,2.2529566,2.2144709,2.5698793,2.386547,2.2899282,2.3519146,2.5858343,1.8782306,1.9873719,1.6964699,1.8263818,2.5133114,2.6105688,2.5611272,2.520451,2.2679806,2.499911,2.7277822,1.7186766,1.8539473,1.9913663,1.9888836,1.7305459,2.0173733,2.0970995,2.117932,1.7174153,2.4407508,1.84966,1.707283,1.7587327,1.9747771,1.5604998,1.9196726,1.9886875,1.6898907,1.9114208,2.2280457,2.0819814,3.0428534,3.4256287,3.5383148,2.6383617,3.025959,3.4540718,3.0288708,2.9113305,2.4853776,2.9852524,2.9504583,3.119447,2.866268,2.6800895,2.7866547,2.42701,2.0482485,2.4801881,1.7125612,1.8082613,2.411523,2.5192475,2.1675968,2.260811,1.2944248,1.4545743,1.9014459,1.722948,1.3433204,1.2163408,1.2461554,1.3237903
12,2.3088226,2.1170344,2.0939887,2.072144,2.2124112,2.2193813,2.3933358,2.191961,1.5950531,1.6107751,1.594701,1.5842963,0.0,0.24328731,1.8825988,2.0940237,2.0604408,2.2295578,2.1386225,1.7288399,2.152446,2.0227542,1.981919,1.8409542,2.0675118,2.1390738,1.9968826,1.9227136,1.544005,1.6647856,1.9274611,2.2985168,1.4729947,2.0204716,2.5025227,2.3078053,2.0759552,1.8293757,2.124207,2.2536752,1.7157316,1.9253507,2.6430013,2.5167055,2.2960684,2.354742,1.8912694,1.9972432,2.6613216,2.7629378,2.9871192,1.9550492,2.0872738,2.2984796,3.186432,2.5367188,2.11637,2.0574613,1.982334,2.3436787,2.3670866,2.5540302,2.3973386,2.2834413,1.9423563,2.2282596,2.2267213,2.028212,2.6800852,2.5965936,2.7099645,2.6860116,2.755831,2.9126751,2.6714196,2.2733347,2.4350412,2.4173055,2.4578452,2.1471925,2.4718497,2.960266,2.429234,2.1723702,2.7598934,2.3472848,2.2578826,2.334805,2.3238626,2.1961837,2.2737248,2.2304592,2.2704062,2.2689161,2.5381577,2.3896906,3.2662728,3.5246542,3.6124802,3.1511152,2.820971,3.052287,3.4244933,3.1749022,2.823654,3.1490262,2.8498628,2.9750597,3.0589626,2.7956603,2.9858952,2.6987023,2.343135,2.8987799,2.0380495,2.2515604,2.524232,2.5887508,2.5180433,2.6287477,2.095902,2.1587157,2.1007617,1.7307447,2.1438754,2.008941,2.0815165,1.5939825
13,2.3077247,2.1361125,2.1602876,2.1401446,2.2836735,2.2879393,2.4640455,2.26992,1.6519753,1.6577158,1.646608,1.6409175,0.24328731,0.0,1.9653723,2.1817782,2.071952,2.2561347,2.11173,1.684082,2.1489367,2.029081,1.9702793,1.870469,2.0898995,2.1843078,2.1137338,2.0429888,1.5603892,1.6778843,1.9207286,2.3000126,1.5452137,2.0413203,2.5408332,2.3493626,2.1423059,1.8963515,2.1383445,2.2685976,1.7126321,1.9785259,2.6212368,2.5017788,2.365761,2.407196,1.880591,1.9992009,2.6713803,2.7299335,2.9635057,1.9713767,2.135733,2.3374674,3.223488,2.5543735,2.138322,2.078271,2.0098393,2.3663795,2.364309,2.6187599,2.3499424,2.23213,1.998169,2.3013177,2.2936497,2.103266,2.6822083,2.6080751,2.7083707,2.6850255,2.7705224,2.926578,2.7366104,2.2762737,2.4730582,2.385599,2.4245694,2.1462069,2.497168,3.0088413,2.4595954,2.2044466,2.7723858,2.3618858,2.2655842,2.3357909,2.3269837,2.2008288,2.279163,2.2610319,2.2752252,2.270446,2.5482666,2.393735,3.2619271,3.5397465,3.6232984,3.184054,2.8145878,3.040455,3.47168,3.22759,2.8358862,3.1665823,2.881597,2.9977794,3.0520027,2.794839,2.9869652,2.7004392,2.4365025,2.9878974,2.0989666,2.2576253,2.5461345,2.5962253,2.5263708,2.6472633,2.1230638,2.1853814,2.14431,1.6923724,2.177538,2.026905,2.106267,1.675092
14,2.0566523,1.6022934,2.2770123,2.1465685,1.5457821,1.5503038,2.0908642,1.6095499,1.7434671,1.7945118,1.7502285,1.7787404,1.8825988,1.9653723,0.0,1.7735028,1.4375898,2.0484643,2.2443335,1.364202,1.6255047,1.8945109,1.7061412,1.8231628,2.0688438,1.778255,2.047528,2.2416513,1.3946522,1.5512314,1.4359833,2.372662,1.3723569,1.7292519,2.2273123,2.085065,2.0488298,1.5052749,1.7063991,2.1144733,2.427711,1.993878,2.2850568,2.7303858,1.82124,2.4109857,1.5912662,1.8767644,2.6050794,2.6328704,2.8579023,2.0494635,1.958525,2.1774383,2.7663786,2.5592535,2.137396,2.1160474,2.0369172,2.4538376,2.6103191,2.6011372,2.2378447,2.535346,1.4366086,1.3618333,2.346792,2.1796327,2.0338874,2.1301892,2.0702982,2.056756,2.5965662,2.830097,2.5386043,1.9075599,2.1294959,2.5523503,2.5607896,2.3484128,2.2166173,2.3964117,2.1081634,1.9190974,2.4893177,1.9136086,1.9802121,1.9575161,2.0068548,1.8910335,1.8259244,1.8204947,2.0516067,1.951563,2.1427393,1.941495,3.2408495,3.115894,3.149646,2.7967296,3.766805,3.8142183,3.6396747,3.3921661,2.7151976,3.2562513,2.9931,2.913673,2.949914,2.6649172,2.880326,2.6219466,2.253524,3.139066,1.6193941,1.6737602,2.3187726,2.36408,2.2908134,2.3759391,1.9286951,2.0132294,1.7522974,1.9219263,2.043479,1.8103057,1.8281244,1.4406525
15,1.9418248,2.180952,1.5882084,1.5141369,1.9081794,1.9661137,1.4753147,0.981389,1.2787151,1.1911885,1.2597412,1.2236273,2.0940237,2.1817782,1.7735028,0.0,2.3487766,1.5472729,1.6830926,1.781855,2.363,1.4292462,1.1313335,1.2698529,1.4009979,0.7637496,1.1046845,1.3177583,1.1476585,1.3208473,2.387855,2.1591063,1.2133209,1.6639642,2.343898,2.1126049,1.3359998,1.848468,2.1715171,2.0045252,2.18677,1.7265239,2.6435704,2.6046822,1.6084856,2.1594043,1.6490564,1.6778733,2.8327408,2.5789878,3.0816765,2.1837132,1.8952518,2.1657007,2.5476515,1.9664242,2.734776,2.7061026,2.6419063,3.0214796,2.402627,2.0641742,2.388023,2.2935543,2.2116058,2.1483483,1.6582779,1.7757145,2.5510256,2.4120023,2.6317327,2.5852134,1.9639906,2.2430322,2.7705317,2.0918791,1.5587423,1.9573784,1.9568542,1.70303,2.3866751,2.2236319,2.3259282,2.1009479,2.8162007,2.325002,2.1472096,2.13178,1.9641671,2.1460366,2.0775928,2.1036332,2.1188066,1.9149808,2.3158052,2.1240547,3.3759212,3.6701355,3.310593,2.664,3.3211446,3.540698,3.0690432,2.9589932,2.778727,2.94725,3.0976489,3.1037483,2.8996367,2.667158,3.1866617,2.8230479,2.3732169,2.0769172,2.2299514,2.2999287,2.561526,2.636149,2.6390233,2.6943135,1.602225,1.7039821,2.513004,2.3229337,1.4342989,1.5392678,1.5332906,1.5055875
16,1.8557516,1.585121,2.2690206,2.2413065,1.628758,1.6357166,2.4053087,2.1055357,1.6539603,1.7837931,1.7013484,1.7611399,2.0604408,2.071952,1.4375898,2.3487766,0.0,2.1918113,2.335382,1.212542,1.2978553,2.12179,1.9817822,2.0406394,1.9671791,2.1163018,2.269044,2.3363552,1.4526087,1.4310621,0.5929841,2.7317274,1.4087517,1.6864855,2.3234887,2.111266,2.2722244,1.1348872,1.3442494,1.9804943,2.099713,1.8870364,2.015807,2.6180897,1.9774522,2.1284018,1.661183,1.7538998,2.5483096,2.6255352,2.6031625,1.4654891,2.016935,2.2254205,2.8187592,2.4957452,1.8548816,1.85317,1.7529002,2.1749377,2.6524048,2.732055,2.345371,2.8843281,1.3189579,1.4897908,2.5063212,2.6479619,2.169631,2.747959,2.198278,2.1724622,2.777731,2.9448986,2.6389914,1.6225692,2.4531987,2.6843262,2.6610475,2.537803,2.035636,2.1762865,1.9561287,1.7264707,2.160026,1.5386219,1.7245709,1.7395359,2.112247,1.6200635,1.8013992,1.875463,1.8596367,2.054505,2.0399027,1.9836824,3.04131,2.8442442,3.4395444,2.743762,3.6216736,3.825432,3.5875707,3.4763253,2.4598148,3.3849266,2.8049152,2.8996575,2.8191788,2.7051113,2.5211377,2.3797836,2.0832245,3.4355686,1.2517515,1.2187731,2.4180064,2.4434028,1.7779692,1.9585092,1.7953427,1.8439903,1.2429338,1.6602136,2.1373136,1.7500976,1.7842104,1.926462
17,1.8696346,2.0366724,1.7801788,1.6857314,2.2378933,2.253027,1.9696685,1.5829515,1.6473721,1.6033512,1.6638906,1.654684,2.2295578,2.2561347,2.0484643,1.5472729,2.1918113,0.0,1.9124199,1.9631139,1.7389805,0.71759117,1.5349779,1.6505846,1.5560784,1.6499741,1.6522878,1.8631445,1.4701207,1.4162332,2.2915604,2.3550358,1.5391427,1.8198984,2.1094396,2.1974022,1.6988109,1.868798,2.1785893,2.0779612,2.179712,1.9105475,2.6433482,2.7348442,2.0343103,2.1345897,1.7442389,1.7832896,2.9629412,2.6735,3.0130956,2.4483597,1.9463943,2.214268,3.1538277,2.529865,3.2377188,3.206904,3.0491872,3.4397948,3.0254111,2.7282894,1.7947762,2.7014635,2.759525,2.8255641,2.4618495,2.585276,1.8789732,1.7946916,1.9486802,1.9196839,2.5242167,2.7457852,3.290983,2.496601,2.2202456,2.6409974,2.5842142,2.2734466,2.8949935,2.8900008,2.6732755,2.61483,3.1519525,2.7133946,2.552242,2.58358,2.54925,2.526146,2.5596998,2.6841125,2.7004163,2.470126,2.7610886,2.6369143,3.8385193,3.9590514,3.826883,3.196302,3.6855927,3.9305508,3.7203226,3.5902698,3.1900613,3.3580668,3.4613461,3.542915,3.2205873,3.1425114,3.5386848,3.2789962,2.9758344,2.99158,2.7791033,2.7880378,1.9241717,2.0509672,2.9601004,3.077583,2.346358,2.396635,2.965148,2.726261,1.7285342,2.3559527,2.3748605,2.3064954
18,1.3556619,1.9702268,1.7139264,1.6421232,2.1497273,2.208489,1.1313413,1.422052,1.7516601,1.7538712,1.7944994,1.792532,2.1386225,2.11173,2.2443335,1.6830926,2.335382,1.9124199,0.0,1.7011535,2.4479399,1.8415502,1.5102783,1.6123337,1.4501996,1.3673297,1.8274472,1.9094675,1.4864494,1.36793,2.4088364,2.252111,1.4427058,1.2598485,2.3919406,2.3016872,1.638795,1.8902543,1.7741561,1.5912511,2.0773618,1.9832023,2.5388763,1.5529895,1.7542244,2.0710795,1.1369281,1.7417599,2.572156,2.6033406,2.7377672,2.153611,1.2931828,1.6869924,2.3928895,1.3708818,2.3334203,2.2871115,2.4999683,2.4405136,1.4166374,1.5284989,1.8386602,1.3674456,2.3626375,2.402661,1.9471825,2.1417294,2.6272178,2.5696902,2.7037673,2.6428223,2.0008023,1.7088954,2.4809592,2.1264238,1.9278735,1.7992923,1.7741976,1.6575167,2.5642807,2.5915198,2.4914265,2.2873542,2.2878778,2.4183962,2.354104,2.2744415,2.0992427,2.4658558,2.1812735,2.2793968,2.2340617,2.0620964,1.9716616,2.2747617,2.707156,3.0514152,2.7962873,1.8951994,2.4462647,2.688526,2.557153,2.4314413,1.9146082,2.1350174,2.327901,2.2644122,1.9276975,1.7371432,2.4988396,2.1474795,2.0729516,2.045179,2.4724371,2.4195344,2.2210202,2.1083534,2.3300474,2.4019637,1.9826988,1.8110054,2.6199055,2.0745547,1.2968156,1.839051,1.8741525,1.9212389
19,1.7797734,1.7036978,2.07207,2.0335948,1.6015664,1.623283,2.0755448,1.7219383,1.3527025,1.3827249,1.3337153,1.3784548,1.7288399,1.684082,1.364202,1.781855,1.212542,1.9631139,1.7011535,0.0,1.4550234,1.6658434,1.3345609,1.5375756,1.6649939,1.5231545,2.0239456,2.0941253,0.96849406,1.1423012,1.0951183,2.3451316,1.1636574,1.5008094,2.313068,2.1014028,1.9268055,1.3782482,1.5294639,1.9058654,1.9347186,1.7743607,1.9994327,2.2615104,1.7670068,2.2162564,1.271253,1.4581488,2.37571,2.2278533,2.4969442,1.6861169,1.9298769,2.1615472,2.688572,2.2366054,1.7096113,1.7015616,1.5789931,2.0694275,2.1530588,2.5503654,1.8223794,2.2480752,1.417077,1.5097812,2.1112595,2.211,2.089413,2.4493878,2.1263945,2.0898006,2.3584378,2.591943,2.564329,1.4375815,2.0533054,1.9033186,1.8962526,1.774888,1.8753763,1.988954,1.9236386,1.6066291,2.2361798,1.5708041,1.5588795,1.5572224,1.7047672,1.4016763,1.5280526,1.6513298,1.5913986,1.6428206,1.8885506,1.6819421,2.9272478,3.0543456,3.1809614,2.6550233,3.3150048,3.5008633,3.3635485,3.253616,2.4729917,3.209452,2.8771317,2.8097684,2.6835337,2.4777005,2.6312935,2.3574815,2.2025113,3.0841875,1.4836816,1.3078793,2.4956722,2.4648857,1.9886254,2.1608157,1.589301,1.6721315,1.5944824,1.0520529,1.8514148,1.3685782,1.4582536,1.5922055
20,2.1311984,1.9834406,2.5058753,2.433794,1.9388283,1.8396399,2.5078747,2.2719607,1.8166676,1.8539314,1.8141613,1.8561728,2.152446,2.1489367,1.6255047,2.363,1.2978553,1.7389805,2.4479399,1.4550234,0.0,1.4833066,1.9326257,2.103994,2.3035457,2.2349892,2.494675,2.5679111,1.6264334,1.7452971,1.1269184,2.8027222,1.6133865,1.8427743,2.1206372,2.2450557,2.4633899,1.6602273,1.6862934,2.2253191,2.3290362,2.11229,2.2179835,2.7471642,2.156098,2.3935056,1.7464617,1.9187602,2.8243244,2.8515067,2.8816226,2.3551831,2.148142,2.303242,3.3571653,3.0006347,2.4819937,2.461095,2.4028826,2.7127507,3.0605094,3.2111425,1.6245633,3.1989954,2.097444,2.2052705,2.9631057,3.032527,1.5354419,2.1640556,1.5284925,1.5372661,3.1896088,3.3690865,3.1641777,2.3449678,2.728687,3.0409298,3.0090766,2.735927,2.6059382,2.7115867,2.5220902,2.4072113,2.765464,2.2872837,2.379449,2.3830457,2.6272826,2.177909,2.3874645,2.4939876,2.519145,2.529234,2.7161722,2.548806,3.4518507,3.3881686,3.646722,3.2574308,3.9510293,4.0694604,3.9303608,3.8052044,3.036319,3.8052967,3.3914623,3.4193933,3.2427032,3.1077695,3.0927403,2.8886433,2.773672,3.8141,2.1955047,2.1522138,2.2326434,2.2460623,2.5941901,2.7162862,2.487646,2.5468419,2.1770172,2.082249,2.1848521,2.3806455,2.4217055,2.4339414
21,1.8946809,2.1148095,1.9158286,1.8119771,2.086434,2.0552752,1.9399195,1.6188573,1.4871379,1.3847016,1.4568255,1.447043,2.0227542,2.029081,1.8945109,1.4292462,2.12179,0.71759117,1.8415502,1.6658434,1.4833066,0.0,1.1738651,1.4663036,1.6986239,1.4999279,1.7962956,1.9666791,1.2164719,1.3662771,2.0776653,2.3284614,1.3752859,1.6675799,2.0187414,2.0926902,1.7798713,1.881793,2.032572,2.1042974,2.2066178,1.9664863,2.558036,2.6984966,2.0328655,2.2894351,1.5317534,1.7687839,2.9991028,2.7330725,3.0838268,2.432672,1.8975143,2.0940757,3.2221906,2.5239985,2.9807584,2.945114,2.868662,3.224548,2.8492644,2.7305744,1.5406051,2.6254718,2.5223053,2.5920506,2.4224641,2.5035722,1.7589568,1.7525253,1.8127928,1.787808,2.5411737,2.779284,3.2010863,2.4019864,2.0965345,2.4956884,2.453507,2.1447232,2.6675441,2.7370596,2.5548458,2.472434,3.0220335,2.5625823,2.438891,2.4245496,2.3860798,2.3457108,2.3886342,2.5127985,2.5210764,2.2884386,2.6848683,2.4701116,3.5507803,3.754141,3.522083,3.1370516,3.5906174,3.7050867,3.53627,3.4145422,3.090889,3.4474561,3.47675,3.5084817,3.125234,2.9760203,3.4388263,3.1020076,2.89993,3.027121,2.6065698,2.5701518,2.20184,2.2624834,2.9445238,3.041984,2.2168126,2.2930062,2.7483518,2.4116993,1.6079063,2.1490083,2.18028,2.1714244
22,1.4993817,1.8625529,1.7093675,1.581195,1.7803351,1.7611626,1.6360624,1.274554,1.3104708,1.1638234,1.2534349,1.2519727,1.981919,1.9702793,1.7061412,1.1313335,1.9817822,1.5349779,1.5102783,1.3345609,1.9326257,1.1738651,0.0,1.0097349,1.3982265,1.0151612,1.6855342,1.8875527,0.813852,1.0041931,1.9648784,2.2523036,1.1867416,1.4175074,2.3145893,2.0678144,1.436396,1.7318108,1.8343507,1.914473,2.1928144,1.8811948,2.3984904,2.5409367,1.8597074,2.2644098,1.2222961,1.5900367,2.926275,2.5872068,3.0384626,1.9246843,1.6934819,1.8409656,2.7181392,1.8511289,2.5877962,2.5363307,2.5840197,2.9356575,2.3591979,2.1550822,2.1000504,2.081538,1.9649974,2.0020282,1.7718703,1.8863466,2.1254232,2.1100473,2.1903062,2.1416733,1.7650884,2.072506,2.7355986,1.7333707,1.3383361,1.7171925,1.6940336,1.6122522,2.1052976,2.180639,2.0433626,1.8661506,2.5075197,1.9788843,1.7940702,1.7281837,1.6072788,1.8308057,1.6932862,1.8331655,1.7999606,1.5280781,1.9741386,1.7545772,3.050637,3.2784998,2.9551332,2.5882344,3.18158,3.2855544,3.0570369,2.9347987,2.5185142,2.9634058,3.0247142,3.0460148,2.5683167,2.3670871,2.9812722,2.539589,2.4111948,2.483058,2.0649197,1.922317,2.5070782,2.53128,2.4948795,2.5465117,1.430945,1.5768468,2.214093,2.019694,1.3125006,1.2916781,1.3130189,1.5384194
23,1.7577053,2.090637,1.7514129,1.6305481,1.9061934,1.910395,1.7121029,1.4135965,1.339371,1.2741952,1.3408482,1.3272021,1.8409542,1.870469,1.8231628,1.2698529,2.0406394,1.6505846,1.6123337,1.5375756,2.103994,1.4663036,1.0097349,0.0,1.4181517,1.1806626,1.4080236,1.6566083,1.0904464,1.2905056,2.0865881,2.8164778,1.1194177,1.4610932,2.708418,2.4805274,1.0835932,1.7166238,1.834549,1.8586154,2.0061827,1.7669828,2.5298247,2.4747524,1.7975552,2.0839334,1.3642635,1.6527776,2.8231466,2.6605856,3.038708,2.023742,1.7275665,1.8970078,2.678154,2.0176802,2.5062313,2.4539409,2.5276804,2.7861435,2.2948048,2.11033,2.243596,2.20728,1.9656546,2.0295427,1.233244,1.3565408,1.9469867,1.9501318,2.0443525,1.9700029,1.5555532,1.7874378,2.3288574,1.4705242,0.97391564,1.5050031,1.5263562,1.3182721,1.8356024,1.8358833,1.742236,1.4441117,2.1868641,1.6828831,1.5860615,1.455184,1.2743489,1.6169513,1.3883584,1.4682987,1.5227427,1.2209778,1.7513745,1.4352117,3.1183045,3.3106394,3.081294,2.6621318,2.7167785,3.1850808,3.022959,2.907602,2.5806751,2.9521868,2.8708503,2.9292424,2.594349,2.4345365,2.9448636,2.5585585,2.3711305,2.4350522,2.006112,2.0127869,2.4432278,2.511546,2.4116392,2.4943001,1.498145,1.5625954,2.1670434,1.9937487,1.4042466,1.4722762,1.529565,1.55166
24,1.185927,1.4826392,0.85101175,0.9624226,1.8549789,1.9540839,1.5283448,1.2722393,1.2164716,1.203698,1.2542996,1.2523484,2.0675118,2.0898995,2.0688438,1.4009979,1.9671791,1.5560784,1.4501996,1.6649939,2.3035457,1.6986239,1.3982265,1.4181517,0.0,1.1792979,1.2982461,1.1926877,1.2409816,0.8183875,2.167283,2.2341523,1.3285044,1.6392516,2.6455958,2.389481,1.0635897,1.3258954,2.0275893,2.033819,2.0574315,1.8224766,2.5160322,2.425268,1.9026718,2.1015959,1.7269843,1.6918412,3.0034535,2.735255,3.1037164,1.428009,1.7439324,2.0801568,2.7290297,1.4485383,2.6430745,2.6164892,2.4289396,2.8888116,2.4022985,2.0094647,2.4940982,2.1526728,2.2631214,2.3225744,1.5087489,1.872035,2.645289,2.638584,2.7213166,2.6643636,1.6701447,1.912739,2.6351776,1.6120118,1.7771692,1.7155836,1.6538775,1.5138328,2.178667,2.2481666,2.271928,1.9161868,2.568926,2.0556223,1.7196536,1.8893042,1.9273684,1.879722,1.9741795,2.0843005,1.8682203,1.8964771,1.8906388,2.0616617,3.1769822,3.39222,3.4709647,2.4113483,2.979733,3.3701513,2.9384296,2.831177,2.3701482,2.7330363,2.9311101,3.0809393,2.7206612,2.5720162,3.0461125,2.7215028,2.0977683,2.1612616,2.13782,2.1237743,2.407127,2.500808,2.4320142,2.5692513,1.4742577,1.5443584,2.35083,2.1677349,1.5686587,1.4960523,1.512524,1.576076
25,1.6430832,1.9958873,1.6089051,1.6218022,1.8196037,1.8771095,1.3118131,1.1959689,1.0530202,0.99930274,1.0657659,1.0612106,2.1390738,2.1843078,1.778255,0.7637496,2.1163018,1.6499741,1.3673297,1.5231545,2.2349892,1.4999279,1.0151612,1.1806626,1.1792979,0.0,1.4815178,1.4123752,0.97380275,1.183707,2.1645124,2.2408197,1.0928674,1.270981,2.420831,2.2123365,1.4518197,1.7517227,1.78154,1.7565178,2.1323233,1.6878386,2.4031327,2.3304625,1.4275353,2.0145786,1.4007815,1.4972599,2.8586633,2.6582675,3.000803,1.9708556,1.8095196,2.076106,2.3619268,1.6080244,2.4919665,2.4600766,2.5413516,2.7262294,2.0823257,1.9327787,2.2586474,2.162302,2.1162732,2.0576544,1.6027172,1.7004191,2.555607,2.4950516,2.6384172,2.581183,1.9353827,2.0421653,2.6510255,1.7860348,1.4499707,1.7651956,1.7675942,1.6382337,2.1202466,2.0333056,2.2121398,1.849375,2.3688066,2.0073411,1.9506024,1.8116345,1.80884,1.8748537,1.870611,1.9740366,1.7641783,1.7571642,2.054817,1.9602995,2.8937564,3.2990992,3.0682561,2.2028384,3.0810843,3.3998604,2.7866943,2.6672642,2.3193583,2.6512895,2.9354177,2.949966,2.5586264,2.3512557,2.7798197,2.390007,2.1711583,2.1620865,2.0534923,1.9940505,2.4524934,2.4807787,2.300696,2.3790748,1.294159,1.3124605,2.288128,2.0703819,1.0882405,1.2265697,1.2222321,1.3416685
26,1.8974713,2.135668,1.2663182,1.1629001,1.8892967,1.9724958,1.5902125,1.0683172,1.5215602,1.5085669,1.5529238,1.5182589,1.9968826,2.1137338,2.047528,1.1046845,2.269044,1.6522878,1.8274472,2.0239456,2.494675,1.7962956,1.6855342,1.4080236,1.2982461,1.4815178,0.0,0.9433596,1.4948289,1.3344063,2.4431722,2.4833655,1.2827475,1.8801688,2.5370743,2.2571454,0.9443446,1.5173368,2.273357,2.0143204,1.9041518,1.6188545,2.7556355,2.5212235,1.7584519,1.951859,1.8355953,1.7725908,2.650673,2.5546727,3.0232055,1.9911612,1.730962,2.0186682,2.5892076,2.0397058,2.6701992,2.642618,2.4415832,2.9323018,2.4672296,1.9464803,2.6049032,2.3871875,2.2173543,2.238598,1.5399985,1.9189533,2.61932,2.6296673,2.7173305,2.6615295,1.9096965,2.1735792,2.5557208,2.0965292,1.8316542,2.079813,2.0736141,1.7374473,2.5131953,2.273082,2.3444233,2.1263285,2.8633733,2.3884997,2.1394298,2.2786334,2.0969224,2.2923865,2.1850278,2.1318512,2.270473,2.0634818,2.2424545,2.2216475,3.6195922,3.7368426,3.6017714,2.7927456,3.0780835,3.4435112,3.130875,3.0761602,2.8031983,2.9430437,2.782027,2.8986511,2.9371924,2.776938,3.2032835,2.9514747,2.169641,1.9603055,2.2284672,2.4560232,2.4990153,2.5988405,2.6009831,2.6808167,1.840659,1.8957022,2.5056188,2.4103744,1.8076608,1.858362,1.8692429,1.7978624
27,1.9317302,2.1003573,1.088451,1.2657743,1.9098257,1.9868394,1.6539103,1.5571275,1.1917485,1.1867877,1.22279,1.1866641,1.9227136,2.0429888,2.2416513,1.3177583,2.3363552,1.8631445,1.9094675,2.0941253,2.5679111,1.9666791,1.8875527,1.6566083,1.1926877,1.4123752,0.9433596,0.0,1.5994791,1.440456,2.4540482,2.4656177,1.3940468,1.9534116,2.7242758,2.4843028,1.2668856,1.5470049,2.3035114,2.0900912,1.7930169,1.5346481,2.6812835,2.403577,1.678,1.8930773,2.1101701,1.7102723,2.861045,2.8142538,3.1374652,1.9042323,2.0041516,2.2524564,2.6551707,1.9196807,2.6292267,2.588378,2.4372323,2.8022232,2.467025,2.116741,2.7815022,2.6255589,2.4104908,2.4465888,1.6318792,1.9166696,3.015134,2.9770498,3.0992458,3.0463576,2.2681844,2.4393792,2.7348187,2.1552987,2.1245651,2.1399138,2.1585352,1.8164296,2.5752048,2.4420476,2.5872998,2.2057664,2.8776264,2.4467516,2.1999595,2.35966,2.4234116,2.2365801,2.4505246,2.431043,2.2549055,2.390347,2.4793909,2.5566392,3.4914253,3.8347116,3.8781462,2.698414,2.9679384,3.5519118,3.041803,2.9496381,2.6642973,2.7890952,2.8875253,3.0963423,3.1045997,2.932014,3.0825498,2.830247,2.0409636,2.0090034,2.25198,2.487634,2.5190234,2.619042,2.5318832,2.6160483,1.804628,1.8592747,2.4986258,2.3197534,1.7915932,1.8189145,1.831862,1.6426502
28,1.523585,1.6904838,1.6208436,1.5717125,1.6608461,1.6873213,1.668744,1.2902033,0.8096368,0.81308436,0.8244073,0.8402362,1.544005,1.5603892,1.3946522,1.1476585,1.4526087,1.4701207,1.4864494,0.96849406,1.6264334,1.2164719,0.813852,1.0904464,1.2409816,0.97380275,1.4948289,1.5994791,0.0,0.6952284,1.4657718,2.0139027,0.60243976,1.1233671,1.9791801,1.6988416,1.5413938,1.345131,1.4413198,1.6641994,1.7810633,1.5183307,2.2056437,2.368657,1.6140208,1.8876123,1.0505173,1.355589,2.5999553,2.4231827,2.716849,1.4882343,1.595739,1.8988433,2.5730016,1.8205462,2.1104302,2.0852866,2.0672686,2.4468858,2.1142898,2.0554588,1.9794434,2.094262,1.5441502,1.6621844,1.7374128,1.8187412,2.145685,2.2771564,2.201308,2.156765,2.0404346,2.2590284,2.561398,1.5507957,1.5830758,1.9075568,1.8869708,1.7242935,1.8544515,2.0349846,1.8061285,1.583445,2.2406898,1.6797199,1.6416985,1.5633224,1.5926803,1.5679395,1.5621449,1.6631207,1.6014464,1.5225687,1.9137797,1.6815003,2.8318887,3.044655,3.0294025,2.4663196,3.0607018,3.2171254,2.9676273,2.8405392,2.3426588,2.926208,2.7966726,2.8572724,2.481331,2.3129103,2.682824,2.3053062,2.064562,2.5218232,1.5655699,1.5312424,2.329716,2.3731985,2.0701003,2.1895757,1.1355739,1.2462473,1.7440776,1.6331699,1.2155914,1.0533627,1.0895914,1.2398076
29,1.0408921,1.2202146,1.1175972,1.0634233,1.4541403,1.51802,1.4839612,1.0994612,1.0189344,1.0116407,1.029181,1.0435314,1.6647856,1.6778843,1.5512314,1.3208473,1.4310621,1.4162332,1.36793,1.1423012,1.7452971,1.3662771,1.0041931,1.2905056,0.8183875,1.183707,1.3344063,1.440456,0.6952284,0.0,1.5777721,1.9734142,0.86379355,1.2976336,2.103758,1.8248359,1.2305471,0.9606998,1.5777686,1.7376876,1.8276384,1.6002785,2.2061574,2.2627935,1.7037147,1.9354006,1.2126068,1.41441,2.628371,2.4346068,2.7487216,1.190762,1.3697917,1.6788684,2.6149893,1.5469975,2.2082393,2.1732304,2.0444672,2.5326724,2.1999388,1.9324182,2.0995877,2.005414,1.691894,1.8048605,1.6888549,1.946296,2.2488136,2.3723729,2.3101618,2.2639344,1.8310684,2.0755343,2.4912722,1.5002044,1.7060088,1.8311331,1.7794572,1.6125017,2.00488,2.1606188,1.9596225,1.723082,2.3534565,1.8098935,1.5751643,1.6983118,1.736046,1.6946915,1.7044522,1.7992698,1.7344407,1.6744225,1.7503726,1.8241452,2.9574375,3.06379,3.1655478,2.3613214,3.0269306,3.193342,2.951576,2.823342,2.2136192,2.7744863,2.670732,2.782446,2.478691,2.301459,2.752088,2.4116602,1.8692508,2.3275273,1.685969,1.6760659,2.2179132,2.2737603,2.127727,2.2412648,1.3014619,1.3939947,1.86749,1.7402015,1.3753372,1.2150478,1.2441782,1.3643225
30,2.0279624,1.7862433,2.4451313,2.4166038,1.7531259,1.7167084,2.516903,2.2847106,1.6160558,1.7268873,1.6383404,1.7010341,1.9274611,1.9207286,1.4359833,2.387855,0.5929841,2.2915604,2.4088364,1.0951183,1.1269184,2.0776653,1.9648784,2.0865881,2.167283,2.1645124,2.4431722,2.4540482,1.4657718,1.5777721,0.0,2.6999393,1.4471763,1.712377,2.328366,2.1667688,2.4325328,1.3565632,1.3675447,2.0353372,2.0827665,1.909742,1.8170186,2.5902197,2.012786,2.325788,1.6998696,1.7572286,2.5438907,2.6425614,2.6372323,1.6593664,2.134339,2.3354049,2.9207737,2.6417668,1.7728417,1.7609587,1.765665,2.1135426,2.6812434,2.906706,2.2256472,2.985602,1.306786,1.5251788,2.6389978,2.7256424,2.1552007,2.749478,2.1543763,2.1496058,2.9644394,3.1331208,2.6546106,1.7774998,2.566562,2.7414246,2.7367227,2.588141,2.078974,2.2618442,2.0901477,1.8079098,2.2133005,1.6080949,1.8076923,1.8115059,2.196698,1.61331,1.8707738,1.9448233,1.8974082,2.1232574,2.194451,2.0623343,3.0055594,2.942245,3.4450254,2.8671541,3.6387587,3.817573,3.6455781,3.5289216,2.541186,3.4875412,2.894039,2.954526,2.9928737,2.726008,2.4959478,2.3239102,2.2082412,3.5743403,1.3246701,1.2453598,2.4764092,2.4943583,1.8427973,2.0051892,1.8966109,1.9621134,1.2372446,1.4787805,2.148914,1.7884692,1.832398,1.982357
