,0,1,2,3,4,5,6,7,8,9,10,11,12,13,14,15,16,17,18,19,20,21,22,23,24,25,26,27,28,29,30,31,32,33,34,35,36,37,38,39,40,41,42,43,44,45,46,47,48,49,50,51,52,53,54,55,56,57,58,59,60,61,62,63,64,65,66,67,68,69,70,71,72,73,74,75,76,77,78,79,80,81,82,83,84,85,86,87,88,89,90,91,92,93,94,95,96,97,98,99,100,101,102,103,104,105,106,107,108,109,110,111,112,113,114,115,116,117,118,119,120,121,122,123,124,125,126,127
0,0.0,1.0795267,2.34819,2.7900834,2.733458,1.4076816,1.5424032,1.5047337,2.5864952,2.6747832,2.8489563,3.3027368,1.8908147,1.8856047,1.9165289,1.8114183,3.1255023,3.104164,3.1371863,2.9363868,2.7803192,3.0221875,2.7575748,2.6956775,3.3329709,2.7732985,3.0653198,2.9846594,3.1083837,3.1545959,3.5843658,3.645914,2.4816532,2.7117236,2.485515,2.937052,2.264232,2.1710868,2.4461956,2.4460511,3.3880997,3.362594,3.8460763,3.3404617,3.4809704,3.1535263,3.370995,3.9110067,2.8917394,2.425638,2.8123913,2.762132,2.6701455,2.6478744,2.6744587,1.9288553,3.7365303,3.6858418,2.6066084,2.6099637,2.3761034,2.6031213,3.0083039,2.5244014,2.384662,2.2511601,1.7367162,1.8789628,2.117172,2.0444958,2.9231417,2.6902142,2.40081,2.2845013,2.367402,2.8376274,2.8697293,3.0053575,3.7183084,2.6373878,2.4913063,2.4842136,2.235752,2.4937077,2.709146,2.8355868,2.3951914,2.5602858,2.7803202,2.8890138,2.518261,2.5381713,2.3486547,2.5192072,2.2673979,2.1225624,2.6381345,2.4212782,2.9015558,3.0737617,3.3418293,2.7022405,2.4870307,1.9857174,2.3053195,2.1982248,2.1889312,2.272038,4.51989,4.78426,4.971568,4.6019654,3.0136006,2.5803926,3.171454,2.8179793,4.505121,2.6342144,2.806565,2.7087939,2.0223718,1.937066,2.0694597,2.3464656,2.338426,1.959604,2.3229523,2.5177243
1,1.0795267,0.0,2.5565596,3.0170546,3.149262,1.5752327,1.6623852,1.631682,2.7850864,2.8763433,3.1655374,3.473335,2.254913,2.1643567,2.2581167,2.1714106,3.2039604,3.0557027,3.2538521,2.9237096,2.9598737,3.4336212,2.4183958,2.7656848,3.0384908,2.909759,3.3576446,3.1488183,3.1152804,3.222647,3.7306862,3.7828915,2.5705616,2.9254792,2.5782218,2.8056252,2.3313937,2.1947796,2.5783246,2.7231348,3.2089713,3.0568435,3.6377015,3.0267773,3.1490765,2.7329345,3.065442,3.6112201,2.640021,2.5632403,2.5389915,2.6058662,2.5889628,2.598754,2.6766071,1.8934848,3.7607217,3.8554444,2.58642,2.605747,2.7609189,2.926963,3.266218,2.6333175,2.3199613,2.2252574,1.9099481,2.0349493,2.3841574,2.2085843,2.6274693,2.8295014,2.4939773,2.3838444,2.5136328,3.0262353,2.4870012,2.9156888,3.5908349,2.5168376,2.8888543,2.6929164,2.468603,2.7682464,3.0274782,3.152617,2.847553,2.9519815,3.1325016,3.2790992,2.815625,2.8415775,2.703227,2.8545928,2.7046309,2.3569846,2.8120823,2.5521793,2.975009,3.1888304,2.9557772,2.7396703,2.5366502,1.9563237,2.3441,2.2578278,2.0456262,2.361121,4.510205,4.7733154,5.00499,4.641369,3.081003,2.7709897,3.0067766,2.8761544,4.289376,2.741596,2.9861746,2.833532,2.144742,2.0494552,2.1936367,2.4948354,2.3791676,2.106779,2.2831464,2.4924743
2,2.34819,2.5565596,0.0,1.6707429,3.223864,2.1819715,2.4681067,2.37757,3.342586,3.0901778,3.3343334,3.7937565,2.404959,2.4953463,2.4442317,2.3846974,2.9044669,2.9037786,3.1057897,3.0079682,3.038062,3.2515264,3.307478,2.9256961,3.569793,3.469531,2.9828,2.9552832,3.759672,3.6731145,4.8983846,4.8323145,2.7369626,3.0978966,2.2929993,3.0962133,2.4735353,2.5974467,2.7459505,3.0485551,4.2140336,3.7922714,4.3802137,3.8130667,4.087441,3.885268,3.7948315,4.2513604,3.9838367,3.4029303,3.0846643,3.1437798,3.1337945,3.030265,3.1400778,2.833408,3.9093208,4.119996,3.3510165,3.3544683,3.0763688,2.9009447,3.626832,2.9158936,3.048998,3.010103,2.6097322,2.7154055,2.8870685,2.7757998,3.167831,3.0357597,3.032625,2.883144,2.995276,3.4476006,3.4074934,2.3877175,3.9313588,2.9434774,2.517466,2.1232014,2.7106109,2.1246364,3.1212091,3.2492619,2.6830466,2.387559,3.1881762,2.740265,3.1472242,3.2421584,3.0873127,3.1598783,2.9077203,2.5484302,3.0900517,2.9039507,2.3481035,3.6493766,4.165634,3.4606066,3.289272,2.7315526,3.0183873,2.9174843,2.9332302,2.9104698,4.973683,4.6260605,5.283492,5.107994,3.3851962,3.2900574,3.202797,3.230859,4.652323,3.3592043,3.4214337,3.1971815,2.673189,2.591085,2.695866,3.4568133,2.9283543,2.491446,2.6952662,2.8280394
3,2.7900834,3.0170546,1.6707429,0.0,2.6814694,2.7257364,2.9554157,2.8899019,2.9136329,2.6344626,2.9399018,4.2887278,2.0123708,1.982081,1.9895855,1.9956789,2.2529957,2.1424747,2.2681875,2.1848342,2.4619038,2.7256057,2.6034071,2.176493,3.514462,3.0863862,2.5672476,2.4775262,3.3475568,3.2964187,4.5189013,4.6086473,2.0029345,2.5128748,1.3811667,2.167109,1.9131774,2.1718764,2.0863574,2.288026,3.7009242,3.298003,3.913761,3.2913713,3.666528,3.5603652,3.3514688,3.833393,3.5945761,3.0084045,2.8056266,2.760411,2.7032223,2.527109,2.8317645,2.428391,3.6489453,3.835228,3.0734568,3.0886366,2.4942513,2.5705996,3.1625414,2.6910222,2.3837297,2.2654967,2.1650622,2.236746,2.2376113,2.253113,2.95161,2.1649444,2.3854547,2.1825514,2.3010328,3.0390484,2.9363317,1.7287718,2.9945326,2.4888024,1.6736357,1.8100663,2.4960318,1.8211576,2.7434182,2.959122,2.1162045,1.8520015,2.7629395,2.2136438,2.8672493,2.9295442,2.5542536,2.6440306,2.4136627,2.2423549,2.5451949,2.3037634,1.4126993,3.1006472,3.7412508,2.7456625,2.7907293,2.3824658,2.4514074,2.436074,2.6523247,2.3377883,4.3712115,3.989207,4.7591987,4.677442,2.7559865,2.6674562,2.343925,2.4879081,4.164709,2.6991456,2.8304665,2.5776265,2.3374927,2.2744324,2.3566976,3.1890852,2.440974,2.1633968,2.2559648,2.6268837
4,2.733458,3.149262,3.223864,2.6814694,0.0,2.3537953,2.6209984,2.6367593,1.9915018,1.9706429,1.8476027,3.7216806,1.9519304,1.9158375,1.9494759,1.9732276,3.0549455,3.0149188,3.149485,3.0349045,2.1449347,1.5665562,2.794889,2.1731396,2.8905458,2.240207,2.4673579,2.355504,2.4760103,2.9081144,2.9615138,3.2061841,2.4305606,2.7640738,2.5720537,2.6244867,2.491472,2.6701858,2.0645351,2.1778772,4.4715643,4.292586,4.6193714,4.2661586,4.4614396,4.3332267,4.3434687,4.6240726,3.5172918,2.6921754,2.4660149,2.4088287,2.2344697,2.1284611,2.3580425,1.9714819,3.7257662,3.6752472,2.8960774,2.8959913,2.1656668,1.7460706,2.6999302,2.373224,2.6010113,2.2507765,2.219796,2.217918,2.4159944,2.4480145,3.0971036,2.4483001,1.9843942,2.2645009,1.8731736,2.8939679,3.241675,2.592494,2.628389,2.1241693,2.57265,2.629452,2.5668764,2.6472187,3.078185,3.2917812,2.7081091,2.7444499,2.648328,2.813108,2.5614817,2.6222935,2.3804247,2.4798815,2.559655,2.373107,2.2599897,2.3239722,2.5254858,1.8239801,3.2815099,2.2366216,1.8500475,2.2550893,2.1400945,2.1857517,2.351641,2.0675733,3.9750116,4.250061,4.572836,4.3567133,2.3913774,1.8106406,2.5550056,2.0918648,4.030844,2.4979641,2.4752033,2.2358367,1.8607955,1.9313513,1.8288101,2.8237267,1.8270562,1.8007127,1.938259,2.3379033
5,1.4076816,1.5752327,2.1819715,2.7257364,2.3537953,0.0,0.5775592,0.6314895,2.6270208,2.6727734,2.6657019,3.1968794,1.8804946,1.9460429,1.936428,1.8483217,2.8334253,2.8069537,3.0232863,2.9486282,2.2219925,2.42924,2.6270866,2.3759851,2.3898373,2.1702762,2.5172994,2.3959186,2.485339,2.5807312,3.2159975,3.1219006,2.4645545,2.8778052,2.553976,2.8759804,2.2214932,2.2261932,2.03549,2.3004873,4.042325,3.6755147,4.1515975,3.6814659,3.8272116,3.5439675,3.6743262,4.0274568,3.3021767,2.6522374,2.1586506,2.2452197,2.2735405,2.34427,2.3576112,1.9250422,3.6676564,3.6522205,2.8113875,2.8143864,2.4452987,2.2411287,3.0204327,2.3073792,2.3241997,2.2360713,1.751891,1.8267866,2.1938443,2.0323133,2.5529296,2.5625484,2.1364121,2.4296527,2.1472955,3.010737,2.7685263,2.563341,3.3141446,2.1112213,2.5697718,2.1035368,1.8517503,2.0975707,2.64856,2.7441773,2.4959567,2.510154,2.4658723,2.6257021,2.0936027,2.1837015,2.2694337,2.3713622,2.3619432,1.8745244,2.5863094,2.4195235,2.5718944,2.906273,3.235866,2.5099084,2.057675,1.858933,2.3063018,2.0777438,1.9266704,2.2378316,4.3987894,4.641255,4.8654675,4.5815334,2.5761614,2.481597,2.8943045,2.4334886,4.193205,2.5960946,2.5005095,2.3251846,1.8213265,1.8042028,1.7994905,2.8559337,1.9266709,1.6873101,1.9656098,2.230255
6,1.5424032,1.6623852,2.4681067,2.9554157,2.6209984,0.5775592,0.0,0.22314328,2.8224883,2.8886287,2.9038844,3.2924,2.025311,2.0605483,2.0647218,1.9887713,2.9718502,2.9354374,3.1365108,3.1012561,2.3050065,2.5083416,2.6769748,2.430342,2.529414,2.2260718,2.7326896,2.6014948,2.4600992,2.4605625,3.1417103,3.0075426,2.4779592,2.9898295,2.6509855,2.9154081,2.248457,2.1963685,2.0915222,2.2940803,4.08404,3.7011762,4.161699,3.713378,3.8507414,3.5314195,3.7069235,3.9599051,3.4017618,2.7791815,2.1447392,2.2121816,2.3545055,2.4403815,2.4306705,2.0224338,3.63736,3.5922954,2.9589925,2.966896,2.4794078,2.323544,3.1762097,2.4718606,2.3102157,2.289369,1.8535275,1.9159118,2.2532988,2.115448,2.6885295,2.6652286,2.2305837,2.5188313,2.246027,3.1820264,2.8568332,2.7736726,3.4055243,2.2438977,2.6011539,2.219357,1.6711475,2.1400445,2.5706449,2.6404717,2.4123876,2.5866933,2.4742405,2.6478367,1.969664,2.0352595,2.233726,2.346207,2.253771,1.8061378,2.683781,2.504887,2.7895334,3.237746,3.1800928,2.502658,2.1212237,1.8442312,2.341464,2.0666337,1.8590251,2.2835808,4.386215,4.712513,4.7927837,4.508876,2.6548507,2.612443,3.022088,2.5622826,4.1685667,2.5101414,2.4030793,2.2497773,2.05355,2.029244,2.0380003,3.0652673,2.1169558,1.9327878,2.1854758,2.4833558
7,1.5047337,1.631682,2.37757,2.8899019,2.6367593,0.6314895,0.22314328,0.0,2.8043675,2.810946,2.8936713,3.2874734,1.927058,1.9723934,1.969216,1.8924755,2.986224,2.9534354,3.1487985,3.1049933,2.3122506,2.5099554,2.6671867,2.3885355,2.6376834,2.3522303,2.8314853,2.7094743,2.573869,2.5541754,3.252138,3.1142292,2.3971834,2.9371333,2.5651474,2.8508809,2.135599,2.0954916,2.0889447,2.308802,4.0410194,3.6444798,4.1192207,3.6603549,3.7940154,3.4724197,3.6493049,3.88143,3.4302316,2.8046117,2.133668,2.2020707,2.3758185,2.420826,2.4427798,2.000109,3.5615723,3.5500667,2.9120278,2.9193554,2.4464407,2.2643456,3.2065113,2.4380143,2.3408442,2.3257775,1.8853924,1.9643337,2.2778664,2.142639,2.7067394,2.6590142,2.2495751,2.4484212,2.2678673,3.1505432,2.86875,2.7701964,3.4164991,2.2585042,2.5672498,2.2159355,1.6580269,2.1242664,2.5490286,2.624211,2.3527343,2.5589564,2.5061982,2.6609297,2.029826,2.0965972,2.255574,2.3781679,2.2122102,1.7550775,2.5853286,2.4178193,2.8020067,3.2616835,3.2134974,2.5429428,2.1627636,1.7854328,2.2916565,2.0147326,1.8087271,2.2280047,4.4028335,4.717003,4.7876177,4.5118175,2.6870928,2.6250298,3.0562387,2.6082275,4.14972,2.4934685,2.4273531,2.2485452,2.0437398,2.007976,2.0357451,3.0562465,2.1616962,1.9079965,2.1693408,2.4811296
8,2.5864952,2.7850864,3.342586,2.9136329,1.9915018,2.6270208,2.8224883,2.8043675,0.0,1.1145821,0.9754609,3.1304586,2.02866,1.8951453,1.9674747,2.0681043,2.8855054,2.9105358,2.8952575,2.436984,2.4566274,2.7904754,2.694849,2.608339,3.0935524,2.5264885,2.7253664,2.6652694,2.4848926,3.0594814,3.1077917,3.3534257,2.6084719,3.4074137,2.6854084,2.9360466,2.5457392,2.7824302,2.4657173,2.5235648,3.5678375,3.465684,3.6588275,3.4633362,3.7260435,3.5115077,3.5794427,3.4741156,2.86164,2.3272648,2.197915,2.1274397,2.2433822,2.2304,2.640993,1.8270313,3.6314943,3.655446,2.5360208,2.5333939,2.223799,2.3713896,3.0612833,2.4924307,2.8964725,2.4500089,2.323158,2.359014,2.739332,2.8937652,3.3805225,3.0383677,1.9668447,2.0744145,2.0135756,3.0275593,2.620899,2.5554237,2.7396276,2.1814005,2.9784033,2.9519343,2.7133403,2.9098015,3.1378675,3.327562,2.8405945,3.0141904,2.9832933,3.078128,2.7845364,2.8562827,2.7513373,2.8409023,2.7813854,2.633271,2.1586468,2.3668227,2.7074635,1.5329823,3.3381734,2.3789883,2.461907,2.1772902,1.6526269,1.822553,1.9535507,1.6360039,4.0156746,4.287603,4.5156436,4.2708344,2.4541173,1.4731472,2.9152124,2.4319954,4.006065,1.9676931,2.3114924,2.0495327,2.0907443,2.1463652,2.046343,2.3839133,2.0382617,2.0446029,2.2400966,2.8447354
9,2.6747832,2.8763433,3.0901778,2.6344626,1.9706429,2.6727734,2.8886287,2.810946,1.1145821,0.0,1.1994938,3.2471573,1.6015517,1.5042334,1.5353911,1.6448429,2.8556237,2.875842,2.880284,2.6634412,2.3145275,2.643396,2.5582004,2.2324047,3.4381673,2.963127,3.1527047,3.1087284,2.9860282,3.4710097,3.502133,3.7206235,2.2937927,3.1283734,2.4349813,2.6568227,2.2075255,2.526821,2.477913,2.590993,3.7371294,3.3796265,3.6267276,3.3807843,3.6643527,3.4632773,3.4881778,3.4191375,3.4096432,2.8327856,2.2705586,2.2041686,2.3363369,2.1690104,2.7729917,1.9820673,3.6058524,3.7651403,2.672943,2.6717818,2.1026995,2.1387537,3.026916,2.39398,3.0613296,2.6322336,2.5229375,2.6106896,2.8733482,2.97209,3.4702435,2.9253316,2.1459663,1.8483709,2.164456,2.891517,2.7372684,2.643182,2.8305357,2.319928,2.87283,2.9435759,2.8536785,2.972198,3.0943098,3.2857316,2.777298,2.919417,3.0475879,3.1882432,2.9535851,3.0195618,2.7872777,2.9120762,2.7388453,2.556781,1.8269573,2.0958202,2.7431612,1.6572933,3.4819732,2.515356,2.48971,1.9944816,1.5827937,1.7431133,1.9046015,1.5401584,4.0847344,4.3229456,4.6589446,4.447093,2.5706086,1.8067771,2.9599562,2.4732368,4.04678,2.3269458,2.5785003,2.278432,1.9088856,1.9238628,1.9039216,2.7364557,2.1184065,1.8499317,2.062247,2.758626
10,2.8489563,3.1655374,3.3343334,2.9399018,1.8476027,2.6657019,2.9038844,2.8936713,0.9754609,1.1994938,0.0,3.0438268,2.1114383,2.0686233,2.0702274,2.1642985,2.8132818,2.8547187,2.7498596,2.7120059,2.219413,2.5595868,2.846156,2.602895,3.2875485,2.5776043,2.6406534,2.6070607,2.6288087,3.245363,3.2386158,3.4341755,2.9288988,3.681222,2.9410708,3.1815488,2.7421255,3.0083518,2.5570035,2.5523896,4.1800666,3.8085182,4.120647,3.8174527,4.108725,3.9349859,3.9251068,3.7865267,3.5526536,2.9004083,2.3993688,2.2896562,2.28892,2.3001509,2.62364,2.2221718,3.7810307,3.6828887,3.0352004,3.0292287,2.1810913,2.393491,3.106467,2.598491,3.1596186,2.710741,2.591335,2.626849,2.9277582,3.1322076,3.7988334,3.1811962,2.2053635,2.4339314,2.2380073,3.0113063,3.0198922,2.8073633,3.0850291,2.5478675,3.0609937,3.0194564,2.8682017,2.9744537,3.3096356,3.4601362,2.9230368,3.0025852,2.9204373,3.0302172,2.8608499,2.9447012,2.8009298,2.8620477,2.8605425,2.7904043,2.3861878,2.618109,2.7524204,1.4943446,3.553754,2.6176164,2.5447834,2.4265413,1.9483601,2.0617535,2.26292,1.8976607,4.201454,4.433905,4.634284,4.4126525,2.5239549,1.6211082,3.036595,2.5233197,4.16606,2.4921432,2.400511,2.1577399,2.1424773,2.210612,2.103183,2.9989076,2.0691993,2.0730836,2.268948,2.7531233
11,3.3027368,3.473335,3.7937565,4.2887278,3.7216806,3.1968794,3.2924,3.2874734,3.1304586,3.2471573,3.0438268,0.0,3.6213748,3.588243,3.5807753,3.6210525,3.9748223,4.0582333,4.2709,4.098867,3.8301327,4.0005417,4.290782,3.8817573,4.297326,3.8810842,3.902127,3.9946218,3.588966,4.0629463,4.165865,4.2028384,4.1314692,4.797406,4.138455,4.501271,4.030296,4.076505,3.9682007,3.933434,5.2190104,4.856293,5.3563123,4.881276,5.1309276,4.789424,4.9568186,4.9639435,4.288927,3.802236,3.3153684,3.3022308,3.0709722,3.196354,3.2865012,3.4657855,4.628859,4.5300574,4.0342216,4.035851,3.2117171,3.08955,3.9299994,3.6753974,4.3814135,4.0728617,3.7759016,3.7782576,4.2530794,4.3272314,4.6675754,4.7008142,3.6289144,3.7795293,3.6317782,4.104537,4.161834,4.011403,4.7884636,3.784194,4.067693,3.7407806,3.6064959,3.7712636,4.5014176,4.4970107,3.8295386,3.8164065,3.7893758,3.8897293,3.6063776,3.6762018,3.759703,3.6690335,3.6397047,3.5188608,3.8886998,4.014743,4.01397,3.366534,4.2061357,3.5478518,3.6309505,3.2374096,3.2772944,3.3720646,3.1637259,3.3734972,3.9441507,4.230135,4.43423,4.002812,3.896432,3.3453672,4.164114,3.9904513,4.4533353,3.794706,3.748904,3.6034741,3.2542243,3.2523808,3.2473226,3.9576266,3.3223593,3.2716262,3.5013115,3.7142797
12,1.8908147,2.254913,2.404959,2.0123708,1.9519304,1.8804946,2.025311,1.927058,2.02866,1.6015517,2.1114383,3.6213748,0.0,0.4406492,0.18404186,0.16089967,2.3168776,2.3412745,2.3858051,2.2437403,1.6812516,2.090873,2.1133635,1.4464548,3.1504664,2.5884957,2.748802,2.7682188,2.8402624,2.9270687,3.3358917,3.457812,1.5291808,2.1858723,1.5829476,2.037955,1.1454808,1.5645821,1.5735775,1.7741137,3.1929324,2.8159487,3.458784,2.8201883,3.0227642,2.8691235,2.8483653,3.1945846,3.1450002,2.3443878,2.261642,2.2037613,2.1600578,1.9673979,2.4132664,1.6831969,3.4049108,3.4989,2.3659675,2.363635,1.5527381,1.6633283,2.665282,1.931329,2.214284,1.9827077,1.5433133,1.6787502,1.7368524,1.7642325,2.629648,1.7367604,1.5579159,1.1544858,1.5867603,2.255007,2.3373349,2.298473,2.5960026,1.8742956,1.8186853,1.9770858,1.8391092,1.9842473,2.3781817,2.5900362,1.770309,1.9893724,2.154547,2.3530247,2.0990176,2.158782,1.8570181,2.02027,1.7217805,1.4228492,1.2450175,1.1345657,2.1800272,2.3197532,3.4707265,2.0487673,1.8637707,1.2969211,1.479319,1.2724082,1.5906346,1.366646,3.9209266,4.161812,4.442418,4.278177,2.1033442,1.9544307,2.7467895,1.978837,3.9872036,2.0398238,2.1191328,1.8983353,1.2574415,1.2202154,1.267051,2.3961096,1.6427951,1.0591112,1.5161927,2.204271
13,1.8856047,2.1643567,2.4953463,1.982081,1.9158375,1.9460429,2.0605483,1.9723934,1.8951453,1.5042334,2.0686233,3.588243,0.4406492,0.0,0.2933661,0.3967957,2.293755,2.2447307,2.3497703,2.1588335,1.727961,2.1194806,1.902033,1.3180351,3.0905232,2.562373,2.7668777,2.7267745,2.733111,2.8742647,3.2560675,3.4747472,1.3723468,2.2290752,1.4479996,1.8128911,1.0916985,1.4341077,1.5473694,1.6824598,3.105336,2.7522478,3.416001,2.743914,2.991921,2.7887132,2.8212345,3.1031656,3.003945,2.2944894,2.1316764,2.0745344,2.0408483,1.8496726,2.3084555,1.5057092,3.3915443,3.5096447,2.343685,2.3534062,1.5212945,1.6953416,2.617188,1.9803241,2.0422602,1.7521251,1.4388903,1.5613391,1.7135296,1.757833,2.5929828,1.7524277,1.4541897,0.9614652,1.435752,2.1993277,2.178291,2.1823964,2.4240122,1.7376223,1.7762669,1.9925479,1.8391074,2.0336123,2.4182653,2.6326678,1.7608907,2.0088727,2.226441,2.4029665,2.0592191,2.0910041,1.7590035,1.9603691,1.6761891,1.3922576,1.3457363,1.2175653,2.1114635,2.2320652,3.1763208,1.8151077,1.7359552,1.1295255,1.1527301,0.9972825,1.3179177,1.0555669,3.7889228,4.056977,4.345174,4.1442366,2.0930882,1.8018818,2.4875555,1.8448598,3.876875,1.8959246,2.008823,1.7944509,1.1599548,1.1089283,1.2218983,2.3322341,1.5477049,1.0779896,1.4824865,2.1549091
14,1.9165289,2.2581167,2.4442317,1.9895855,1.9494759,1.936428,2.0647218,1.969216,1.9674747,1.5353911,2.0702274,3.5807753,0.18404186,0.2933661,0.0,0.20446831,2.26759,2.2731192,2.335123,2.1877456,1.6639814,2.0903773,2.038653,1.3625767,3.1615634,2.5971582,2.7553117,2.7646964,2.8081632,2.9168642,3.3158262,3.4741724,1.480728,2.2247481,1.5332574,1.9758031,1.1314572,1.5431929,1.5780346,1.7396166,3.1566808,2.774489,3.4331808,2.7756033,3.00976,2.8408306,2.8249488,3.13674,3.1195123,2.3326466,2.2229235,2.158726,2.1023636,1.9222486,2.3737297,1.643422,3.382498,3.4831939,2.3686686,2.3710246,1.5010947,1.6553508,2.6443546,1.9510094,2.1818361,1.9224317,1.5216881,1.651117,1.7444342,1.7896441,2.6528645,1.7575738,1.5069292,1.0572739,1.5236971,2.2133682,2.279064,2.2575886,2.540121,1.8395572,1.7784951,1.9786493,1.8281262,1.9921666,2.3939202,2.605161,1.7231706,1.9719287,2.1533911,2.3362281,2.065038,2.1117876,1.8098989,1.9820423,1.6695336,1.3926183,1.2531794,1.1519512,2.1465616,2.276868,3.3850493,1.9459635,1.8336918,1.2134808,1.3434052,1.1538769,1.4845243,1.2379884,3.843838,4.0923114,4.3706446,4.1969123,2.068047,1.8781619,2.6654744,1.9155021,3.9305015,1.9760404,2.0622582,1.8382616,1.2103267,1.1698475,1.2374995,2.39087,1.5959764,1.0561998,1.5034039,2.200755
15,1.8114183,2.1714106,2.3846974,1.9956789,1.9732276,1.8483217,1.9887713,1.8924755,2.0681043,1.6448429,2.1642985,3.6210525,0.16089967,0.3967957,0.20446831,0.0,2.3063338,2.314036,2.364218,2.2525387,1.7031572,2.1270473,2.0439951,1.4165162,3.149478,2.5725753,2.7652009,2.767641,2.839725,2.931218,3.3189328,3.4546843,1.4796207,2.106475,1.5629021,1.9992677,1.1394048,1.5141454,1.5796442,1.753067,3.1696348,2.787299,3.4129853,2.783892,2.9990551,2.8273776,2.820592,3.2211256,3.1256275,2.3567028,2.2681568,2.2034998,2.1505766,1.9622768,2.40112,1.6597242,3.4000618,3.4966848,2.3823264,2.383049,1.5396982,1.7022872,2.6272583,1.9358927,2.159556,1.9192809,1.4993923,1.641494,1.6982455,1.7037674,2.60622,1.7030455,1.5719808,1.1491512,1.5826017,2.2680054,2.3021069,2.310863,2.6204224,1.8902843,1.7856338,1.9854628,1.8452996,2.0043788,2.3358755,2.5490263,1.7565769,1.9896265,2.17913,2.3704178,2.0940452,2.1392431,1.8342998,2.009902,1.7005281,1.421933,1.336209,1.1825382,2.1826956,2.3389559,3.3966086,2.008254,1.8459105,1.2456331,1.4745134,1.2816564,1.5772878,1.3738017,3.9095466,4.1587057,4.4485006,4.266839,2.1291015,1.9437902,2.6992707,1.970208,3.9938512,2.0432522,2.1261358,1.9183254,1.2384317,1.1862938,1.2607489,2.4090476,1.6317368,1.055415,1.5097338,2.1998818
16,3.1255023,3.2039604,2.9044669,2.2529957,3.0549455,2.8334253,2.9718502,2.986224,2.8855054,2.8556237,2.8132818,3.9748223,2.3168776,2.293755,2.26759,2.3063338,0.0,0.70881176,1.13259,1.3620342,1.6736331,2.8196363,2.3495703,1.874943,3.0549152,2.621187,2.0171888,2.251598,2.7802455,2.7261302,3.6182308,3.7879384,2.5016627,3.1901598,2.2778504,2.8681521,2.357685,2.6520607,1.9982629,2.1744304,3.3307095,2.520756,3.4126577,2.5409286,3.0108547,3.0122387,2.610097,3.09726,3.625486,2.774823,2.801292,2.77692,2.6046364,2.7021904,2.8839858,2.8359404,3.6698346,3.711347,2.997249,3.0125422,2.5421698,2.8561494,3.0777533,2.7398162,2.7458544,2.5149882,2.030852,2.0451856,2.3042521,2.3466828,2.9379425,2.2487786,1.790477,2.1771276,1.8146595,2.8464074,2.0781446,2.022393,2.676327,2.2611074,2.3067114,2.0628066,2.3300233,2.0755835,2.9836707,3.1260412,2.2907648,2.2288156,2.3845494,2.1832774,2.5830915,2.5967436,2.3636093,2.328511,2.4288626,2.222553,2.7090309,2.5691795,1.6606075,2.6953726,4.0087075,2.1073542,2.500691,2.2968104,2.3058188,2.228283,2.4613917,2.2675245,3.7279782,3.6570847,4.204577,4.1177387,2.2683034,2.3367214,2.7956958,2.142747,3.593885,2.6230135,2.6136909,2.2055466,2.1334808,2.1744893,2.1005979,3.401076,1.9605392,2.063409,2.3852618,2.939686
17,3.104164,3.0557027,2.9037786,2.1424747,3.0149188,2.8069537,2.9354374,2.9534354,2.9105358,2.875842,2.8547187,4.0582333,2.3412745,2.2447307,2.2731192,2.314036,0.70881176,0.0,1.0847901,1.3704525,1.6773319,2.8298283,1.877728,1.698133,2.9655461,2.6304762,2.1949704,2.206834,2.750007,2.786267,3.6975179,3.9061222,2.473865,3.172764,2.1233184,2.508721,2.2359765,2.4883285,1.9083868,2.0513196,3.321465,2.444055,3.5611525,2.4404309,2.9358807,2.8883655,2.5592146,3.0684972,3.4675608,2.8251052,2.6100774,2.6086738,2.311855,2.4275074,2.5284522,2.6315203,3.5931115,3.641236,3.0582964,3.0857537,2.4516864,2.8503807,3.1019382,2.7226233,2.396597,2.1625617,1.9243015,1.9220327,2.1694279,2.2209086,2.8204713,2.0907004,1.7637461,2.124693,1.7891984,2.647384,1.9254987,1.9070233,2.5351987,2.1886187,2.2118835,2.0653942,2.306035,2.0980322,3.1356144,3.278671,2.3030403,2.2529702,2.438974,2.2327263,2.5704012,2.5705295,2.3158648,2.299123,2.3923483,2.1834772,2.7135005,2.5007398,1.5056226,2.683554,3.524547,1.9477059,2.3278227,2.150841,2.1697779,2.1181185,2.3070524,2.161277,3.6329987,3.5601177,4.047714,3.9551,2.172008,2.2381513,2.3492143,1.9917233,3.4609382,2.6087475,2.456369,2.0898154,2.0258446,2.0428224,2.030808,3.4000084,1.7782363,1.9765992,2.130941,2.5733817
18,3.1371863,3.2538521,3.1057897,2.2681875,3.149485,3.0232863,3.1365108,3.1487985,2.8952575,2.880284,2.7498596,4.2709,2.3858051,2.3497703,2.335123,2.364218,1.13259,1.0847901,0.0,1.5175155,1.6719817,2.9070983,2.0867896,2.0600746,3.536344,2.6214156,2.314184,2.3195686,2.8902802,2.899838,3.7549884,3.8478725,2.6271808,3.236965,2.3809037,2.8007932,2.420455,2.6759949,2.1072404,1.9348863,3.3206038,2.4969356,3.2855697,2.4978235,3.0055056,2.9886243,2.6156201,3.0465105,3.5940866,2.9754703,2.9028068,2.7355077,2.5856102,2.7085829,2.932925,2.7108567,3.7662838,3.6019623,3.1461859,3.1647494,2.4003012,3.1401072,3.1312654,2.9925847,2.4962642,2.2697845,2.0732734,2.1248941,2.1241121,2.3370254,3.441104,2.2687566,1.990086,2.3114026,2.0176358,2.868565,2.426769,2.5375333,3.0905054,2.771407,2.2606914,2.371781,2.5842752,2.3830462,2.790576,2.861192,2.2937193,2.2067177,2.3687282,2.2016335,2.772542,2.7900515,2.334963,2.3455958,2.422933,2.5294626,2.8055477,2.5956087,1.8166503,2.8410888,3.7691483,2.359748,2.6163597,2.4113028,2.4082942,2.3539348,2.6499465,2.358405,4.159213,4.149476,4.582757,4.497869,2.3380122,2.4496574,2.6710534,2.1939328,3.8532057,2.6444457,2.5776038,2.2463543,2.3359265,2.343165,2.302561,3.494356,2.1187975,2.2260952,2.384406,2.9027624
19,2.9363868,2.9237096,3.0079682,2.1848342,3.0349045,2.9486282,3.1012561,3.1049933,2.436984,2.6634412,2.7120059,4.098867,2.2437403,2.1588335,2.1877456,2.2525387,1.3620342,1.3704525,1.5175155,0.0,2.088818,3.0621767,2.2068584,2.1454172,3.0895345,2.629825,2.16275,2.2598267,2.6852698,2.6553497,3.7079468,3.886529,2.3561063,3.064576,1.9427067,2.541169,2.1704228,2.507368,1.921101,2.0869207,2.393228,2.078779,3.091297,2.0870736,2.5004966,2.511899,2.1795518,2.6640918,2.5557187,1.9299911,2.6315525,2.599382,2.4002655,2.4706392,2.765043,2.3192756,3.6660426,3.704446,2.383528,2.3988674,2.428985,2.846102,3.016695,2.620991,2.3020287,2.089745,1.681003,1.6817437,1.9226925,2.070738,2.6362884,2.0827878,1.4951438,1.7758144,1.615007,2.6332192,1.7435662,1.7624906,2.3468046,2.0106888,2.1760244,2.015084,2.3012817,2.047311,2.9866495,3.1894886,2.268515,2.1680236,2.3583086,2.184893,2.6099553,2.6688616,2.3197923,2.291574,2.3857265,2.19202,2.322673,2.1312926,1.4634405,2.5188415,3.7627735,2.0375698,2.450239,2.1785464,2.0508187,2.02916,2.3084128,2.0315852,3.6624167,3.5482593,4.147298,4.0881147,2.0692413,2.2166183,2.5558507,2.0123878,3.550021,2.126804,2.4712908,2.1224241,2.0831115,2.1146762,2.026006,2.4957025,1.8864946,1.9945573,2.185721,2.7596197
20,2.7803192,2.9598737,3.038062,2.4619038,2.1449347,2.2219925,2.3050065,2.3122506,2.4566274,2.3145275,2.219413,3.8301327,1.6812516,1.727961,1.6639814,1.7031572,1.6736331,1.6773319,1.6719817,2.088818,0.0,1.5775257,1.9278376,1.2057682,2.8905041,2.0672052,2.211859,2.2063198,2.2767677,2.3309,3.0617278,3.0540233,2.2078729,2.8674917,2.2564201,2.4874525,1.9578459,2.3229601,1.4854447,1.578524,3.7870636,3.1020381,3.7429478,3.1156566,3.4364443,3.384629,3.1679301,3.3577518,3.601217,2.6624231,2.1850681,2.0783312,1.9364079,2.1137433,2.3529289,2.0937076,3.2603576,3.0963082,2.6547935,2.667409,1.9558322,2.1124415,2.716422,2.2440758,2.274815,2.0705645,1.7450501,1.7924806,1.9121219,2.028779,3.004679,1.9453912,1.2758768,1.8181356,1.376682,2.465786,2.5176647,2.4252079,2.6095734,2.0766788,2.120522,2.0658066,1.8685687,2.0310905,2.515127,2.6862786,1.9540937,2.071023,1.6914476,1.9298892,2.0893302,2.1436477,1.8014542,1.832677,1.9034382,1.7665491,1.9163911,1.8694524,1.9682419,2.3607206,3.429775,1.8437641,1.711588,1.6624359,1.8628083,1.6821884,1.9118243,1.7767246,3.8913858,4.1179667,4.338263,4.252626,1.5595438,2.00107,2.5629373,1.4973544,3.36222,2.261554,2.1998217,1.6491864,1.5503851,1.6222066,1.4543123,3.1531763,1.340523,1.3934176,1.5853688,2.2735438
21,3.0221875,3.4336212,3.2515264,2.7256057,1.5665562,2.42924,2.5083416,2.5099554,2.7904754,2.643396,2.5595868,4.0005417,2.090873,2.1194806,2.0903773,2.1270473,2.8196363,2.8298283,2.9070983,3.0621767,1.5775257,0.0,2.874177,1.7854571,3.2610242,2.393111,2.5259364,2.4993289,2.5232604,2.4633899,3.254948,3.271301,2.3567002,2.9218454,2.4881425,2.6592686,2.3501441,2.574459,1.8351724,1.8644373,4.6469073,4.3027873,4.787205,4.3081007,4.5269,4.4550314,4.357999,4.4595356,4.00568,2.9357102,2.5838091,2.466041,2.3897738,2.4032865,2.5479803,2.2619615,3.4650438,3.244522,2.8684194,2.8781502,2.297315,1.764846,2.8110096,2.5619693,2.5406487,2.4290419,2.2094648,2.218727,2.3177958,2.4256854,3.3659024,2.4109173,1.8889548,2.2691357,1.7831517,2.8137612,3.5735884,2.830486,2.970351,2.4235291,2.2416003,2.2651012,2.1250327,2.2361054,2.7881749,2.9740777,2.1580129,2.217741,1.9829276,2.1723876,2.3626356,2.4290178,1.895833,1.9713169,2.02131,1.9586931,2.2219522,2.2694242,2.4461136,2.780364,3.5811474,2.2583437,1.8090435,2.179748,2.2597485,2.1626282,2.3493302,2.139266,4.1110106,4.3469753,4.570426,4.4452906,2.2905142,2.4729302,2.7207406,1.987656,3.5174766,2.6211088,2.700292,2.1880984,2.0002835,2.0622094,1.9547458,3.2889261,2.0074308,1.9265727,2.0930405,2.451396
22,2.7575748,2.4183958,3.307478,2.6034071,2.794889,2.6270866,2.6769748,2.6671867,2.694849,2.5582004,2.846156,4.290782,2.1133635,1.902033,2.038653,2.0439951,2.3495703,1.877728,2.0867896,2.2068584,1.9278376,2.874177,0.0,1.5872066,2.9933846,2.6198308,3.1585052,2.8090203,2.7596338,3.0284522,3.4666445,3.6439466,2.1670222,2.70925,2.1367059,1.742934,1.9182338,2.047501,1.9629653,2.0102718,3.1708896,2.432341,3.294382,2.3637567,2.7235398,2.4979992,2.5309813,3.0501869,2.9746025,2.8419912,2.1010818,2.0785587,1.8809261,1.9378648,2.2199657,1.818125,3.3647566,3.4475234,2.8085566,2.8498135,2.2695556,2.7735848,3.090096,2.575708,1.7432376,1.4769597,1.8820817,1.9447488,2.0284286,2.0001507,2.6957195,1.9317234,1.8421229,1.85273,1.9094343,2.6251833,1.8775316,2.512857,2.4967515,2.2110865,2.4840374,2.7044237,2.489339,2.7606604,2.9977102,3.1590652,2.5861237,2.7937803,2.7920594,2.9354398,2.7475634,2.7283287,2.428967,2.5530267,2.4836977,2.3086782,2.3438096,2.0403266,2.3128552,2.6228635,2.3061345,1.9050018,1.9646333,1.6069132,1.8620647,1.8573159,1.8525883,1.9157977,3.8657823,4.152963,4.3475947,4.185159,2.1571543,2.1261654,1.9919131,1.9328302,3.4828842,2.3419385,2.3505447,2.0498707,1.887761,1.838501,1.9148645,3.1190612,1.6967252,1.8227948,1.5909872,2.173346
23,2.6956775,2.7656848,2.9256961,2.176493,2.1731396,2.3759851,2.430342,2.3885355,2.608339,2.2324047,2.602895,3.8817573,1.4464548,1.3180351,1.3625767,1.4165162,1.874943,1.698133,2.0600746,2.1454172,1.2057682,1.7854571,1.5872066,0.0,3.0565038,2.57474,2.7445102,2.686146,2.638998,2.6714256,3.2794476,3.4768524,1.5629325,2.3612397,1.6031153,1.6850293,1.413261,1.7444627,1.4201386,1.581516,3.5027924,2.8572342,3.7389379,2.8424013,3.16299,3.0593572,2.9382784,3.3083107,3.4165165,2.61797,2.155111,2.1172206,1.8734354,1.815753,2.1629996,1.9207925,3.1820648,3.2743034,2.53246,2.562324,1.7901951,1.7680434,2.651316,2.1909122,2.0396109,1.823862,1.6645985,1.7158532,1.8600227,1.8513516,2.616391,1.5999993,1.3079365,1.2256538,1.2721474,2.1863964,2.2821283,2.201962,2.2507777,1.814065,1.7840797,1.973087,1.8659945,2.0468075,2.7113032,2.9024568,1.7910371,2.0120864,2.0457578,2.220457,2.1920469,2.1855886,1.7094955,1.809576,1.6755165,1.3995988,1.683226,1.5199736,1.9263816,2.448341,3.0695205,1.4174919,1.4686198,1.1722771,1.4600248,1.3694406,1.5496507,1.4435055,3.3686342,3.6369338,3.9389772,3.812235,1.8545638,2.0123003,2.1913383,1.5306505,3.1296415,2.1943924,2.2632732,1.7776592,1.2735302,1.2637258,1.3105736,2.981292,1.3778275,1.240211,1.4143795,2.0940638
24,3.3329709,3.0384908,3.569793,3.514462,2.8905458,2.3898373,2.529414,2.6376834,3.0935524,3.4381673,3.2875485,4.297326,3.1504664,3.0905232,3.1615634,3.149478,3.0549152,2.9655461,3.536344,3.0895345,2.8905041,3.2610242,2.9933846,3.0565038,0.0,2.1697516,2.4318802,2.2439263,2.2579918,2.5953324,3.024139,3.1273084,3.2027967,3.6786597,3.3421965,3.3554244,3.1973262,3.2612574,2.5542643,3.1321497,4.43903,4.0681205,4.4024034,4.062698,4.1840096,4.0047045,4.0643024,4.3716955,3.4913697,3.0571253,2.3429146,2.6832745,2.8479521,2.9559827,2.9787147,2.8540943,4.2269573,4.4523997,3.4748278,3.4842753,3.590851,3.1891222,3.7984548,3.0349243,2.948714,2.806294,2.6387162,2.5641105,3.0789728,2.8139477,2.076214,3.0099678,2.5263894,3.2226462,2.5817306,3.9964943,2.4790993,2.2362602,2.3836703,1.7445111,3.6593232,2.965249,2.7927394,2.9447808,3.6757586,3.8268726,3.7423625,3.7336414,3.4956717,3.5644932,2.8897452,2.9598923,3.3631487,3.3831003,3.6699376,2.9694304,3.448825,3.3364215,2.8564947,2.987156,3.5674365,2.7341747,2.5808356,2.9216979,3.0339153,2.8973987,2.6937475,3.0089355,4.325139,4.532088,4.8624825,4.6956205,2.8443468,2.7238824,3.0280886,2.7363896,4.203457,2.924317,2.8227081,2.6516294,2.8151135,2.8997302,2.74247,3.5898814,2.4340641,2.7462113,2.7924547,3.184505
25,2.7732985,2.909759,3.469531,3.0863862,2.240207,2.1702762,2.2260718,2.3522303,2.5264885,2.963127,2.5776043,3.8810842,2.5884957,2.562373,2.5971582,2.5725753,2.621187,2.6304762,2.6214156,2.629825,2.0672052,2.393111,2.6198308,2.57474,2.1697516,0.0,1.6389277,1.368909,0.9931897,1.4160796,2.2470553,2.1668003,2.5825052,2.9692469,2.9206235,2.989505,2.7875288,2.8109567,1.8139876,1.8931828,4.1811576,3.882645,3.8545806,3.8670478,4.0632935,3.871347,3.9095986,4.26479,3.056435,2.5199456,2.02531,1.8849162,2.1636019,2.3145068,2.6421752,2.1049569,3.9525948,3.7002392,3.0632818,3.0686061,2.440951,2.6095145,2.5736105,2.502601,2.1427443,1.9709496,1.938079,1.8684748,2.0744638,2.086408,2.9053159,2.4508946,1.8666291,2.743812,1.8456953,3.727071,2.7637215,2.5828857,2.7792475,2.16554,2.6670594,2.4134986,2.204327,2.382143,2.3034182,2.5416274,2.7408538,2.6905935,2.3060918,2.4888232,2.1536727,2.239277,2.2284794,2.2144897,2.6060455,2.4567087,2.9505596,2.7745767,2.3402262,2.5983706,3.110205,2.073692,1.9162782,2.379498,2.5434291,2.4473896,2.466839,2.509203,3.9702208,4.226964,4.691241,4.495091,2.2159,2.172938,2.484958,2.0854506,3.8980818,2.1399148,2.1982996,2.0176702,2.382381,2.4495206,2.238915,3.17551,1.8773645,2.2185452,2.2900617,2.959068
26,3.0653198,3.3576446,2.9828,2.5672476,2.4673579,2.5172994,2.7326896,2.8314853,2.7253664,3.1527047,2.6406534,3.902127,2.748802,2.7668777,2.7553117,2.7652009,2.0171888,2.1949704,2.314184,2.16275,2.211859,2.5259364,3.1585052,2.7445102,2.4318802,1.6389277,0.0,0.7877094,1.9542717,1.9684842,3.1965368,3.2653444,2.9103057,3.3940437,2.7853465,3.3076925,2.9410732,3.086773,1.9941372,2.1912055,4.193875,3.9095688,4.292855,3.9204664,4.185857,4.1186814,3.9486525,4.30135,3.4207034,2.5440824,2.7227533,2.6858006,2.647845,2.762792,2.8388464,2.7192564,4.098593,3.92303,3.2008917,3.1991224,2.7667992,2.7925606,2.9331808,2.7750878,2.64506,2.4732811,2.0660527,1.975976,2.2899396,2.3699455,2.9824777,2.5983093,2.0212123,2.8711617,1.9687362,3.5014567,2.9151888,2.029515,2.8508544,2.2414727,2.524868,1.9709883,2.3152716,1.9099303,2.9101017,3.099007,2.6704643,2.3629005,2.3405075,2.078832,2.3893712,2.496051,2.407984,2.3255184,2.7234895,2.5097134,3.1624253,3.0362692,1.7244153,2.6844034,3.9810195,2.4305985,2.4516537,2.841636,2.7758026,2.6944647,2.8752744,2.69189,4.072923,3.9464052,4.5971966,4.4640102,2.4615986,2.3815155,2.723357,2.3080175,4.04642,2.612726,2.5404556,2.306136,2.5095072,2.595306,2.40741,3.2436447,2.1218424,2.3821251,2.62908,3.008393
27,2.9846594,3.1488183,2.9552832,2.4775262,2.355504,2.3959186,2.6014948,2.7094743,2.6652694,3.1087284,2.6070607,3.9946218,2.7682188,2.7267745,2.7646964,2.767641,2.251598,2.206834,2.3195686,2.2598267,2.2063198,2.4993289,2.8090203,2.686146,2.2439263,1.368909,0.7877094,0.0,1.7135597,1.8918036,3.2189662,3.2716613,2.823566,3.3170345,2.6999102,3.0116756,2.8562386,2.9341044,1.892144,2.0493793,4.2569575,3.9351556,4.2855825,3.9297411,4.2066226,4.078132,3.9873757,4.3147473,3.2431288,2.642394,2.3889077,2.3443058,2.3608072,2.495917,2.572096,2.3983338,4.00476,3.8128781,3.2193623,3.2288241,2.7185054,2.8238783,2.8894475,2.719542,2.2328265,2.070645,1.9788715,1.8852171,2.1748128,2.2570126,2.9365315,2.529478,2.028038,2.8738053,1.9663554,3.5264785,2.8731687,1.9742216,2.7943556,2.2068093,2.4985533,2.0391417,2.333452,2.0013735,2.8346837,3.0434816,2.726618,2.4211414,2.4352107,2.1843367,2.4202027,2.5234253,2.390773,2.352003,2.7452598,2.552108,3.183964,3.0030065,1.633966,2.6726456,3.399146,2.3713984,2.291025,2.7249432,2.6748035,2.6236415,2.735686,2.6011622,4.169838,4.0488033,4.682863,4.5290494,2.4068108,2.295761,2.2164495,2.175677,3.957238,2.530155,2.4198375,2.2015996,2.4739678,2.5369534,2.384735,3.2647398,2.0050237,2.3388548,2.4067476,2.7391179
28,3.1083837,3.1152804,3.759672,3.3475568,2.4760103,2.485339,2.4600992,2.573869,2.4848926,2.9860282,2.6288087,3.588966,2.8402624,2.733111,2.8081632,2.839725,2.7802455,2.750007,2.8902802,2.6852698,2.2767677,2.5232604,2.7596338,2.638998,2.2579918,0.9931897,1.9542717,1.7135597,0.0,1.1784154,2.272559,2.3005466,2.6848717,3.427458,3.0202973,3.0157948,2.9375787,2.9660707,2.0255835,2.0909739,4.2890153,4.003784,4.0856533,4.0017977,4.22229,3.981128,4.0774884,4.157365,2.9730363,2.5339613,1.7036455,1.590134,1.9452515,2.171794,2.6129951,2.119602,4.103703,3.8774502,3.1302748,3.145325,2.5004148,2.5473094,2.6065757,2.616305,2.3094208,2.1246357,2.186546,2.066743,2.4369128,2.5203886,3.0899646,2.8476934,1.8816583,2.7768798,1.8735528,3.8054047,2.792899,2.5622418,2.6647775,2.0816643,2.8191636,2.4515202,2.2400444,2.4778605,2.6864347,2.9251428,2.853303,2.7630556,2.3139668,2.561015,2.0890217,2.1943452,2.231765,2.1617463,2.6485503,2.451711,3.006485,2.8980284,2.4215846,2.64083,2.9225614,1.873165,1.8974147,2.3489592,2.3728116,2.3171535,2.2356884,2.388309,3.5486138,3.8312666,4.3731313,4.1743217,2.1889384,2.290063,2.3471594,2.0640457,3.5668294,2.0837092,2.2024586,2.0138347,2.4398432,2.5182624,2.305751,3.1981688,1.9078631,2.3685985,2.3782048,3.054178
29,3.1545959,3.222647,3.6731145,3.2964187,2.9081144,2.5807312,2.4605625,2.5541754,3.0594814,3.4710097,3.245363,4.0629463,2.9270687,2.8742647,2.9168642,2.931218,2.7261302,2.786267,2.899838,2.6553497,2.3309,2.4633899,3.0284522,2.6714256,2.5953324,1.4160796,1.9684842,1.8918036,1.1784154,0.0,2.7397017,2.6289232,2.540958,3.2913105,2.8280373,3.0180461,2.776411,2.7707846,1.8155825,1.9609327,4.144742,3.918038,4.1237,3.937105,4.090325,3.9252656,3.959655,4.0605607,3.1298912,2.4824016,2.1652875,2.0542655,2.4875505,2.5799153,2.9024374,2.3854787,3.9250574,3.657449,2.922009,2.936034,2.7533598,2.6763587,2.7767785,2.7133079,2.2382326,2.3114226,2.091745,1.9870803,2.2495198,2.333219,3.026221,2.7015889,1.9341786,2.778216,1.8972443,3.8443165,3.0485106,2.653484,2.8774285,2.2791877,2.5884666,2.1486142,1.8981225,2.089105,2.4487534,2.7410386,2.5155869,2.4533958,2.1239173,2.2563276,2.2039356,2.3080792,2.0399702,1.958253,2.3736444,2.210171,3.0213196,2.860885,2.3908172,3.3337126,3.4373894,2.1271415,2.077018,2.5014298,2.5941076,2.4633207,2.4680986,2.557493,3.7866373,3.9577215,4.4572577,4.315413,2.5046358,2.7832615,2.692899,2.3585622,3.3403468,2.180367,2.5749202,2.1847136,2.6828332,2.739221,2.563425,3.2863665,2.3162022,2.565342,2.6911871,3.2641995
30,3.5843658,3.7306862,4.8983846,4.5189013,2.9615138,3.2159975,3.1417103,3.252138,3.1077917,3.502133,3.2386158,4.165865,3.3358917,3.2560675,3.3158262,3.3189328,3.6182308,3.6975179,3.7549884,3.7079468,3.0617278,3.254948,3.4666445,3.2794476,3.024139,2.2470553,3.1965368,3.2189662,2.272559,2.7397017,0.0,1.1731604,3.4041936,3.8153696,3.9787586,3.8423629,3.6609592,3.616393,2.9813478,2.846414,4.5927057,4.410552,4.4296985,4.385923,4.4510155,4.2702518,4.44988,4.718003,3.731189,3.163704,3.121583,3.058553,3.2035103,3.2649076,3.4862273,3.1536577,4.777702,4.603335,3.747585,3.748895,3.1467059,3.23077,3.6858783,3.7918856,3.3712316,3.0933077,2.9778414,2.916063,3.1905901,3.1627178,3.5877674,3.3783157,2.6899343,3.325807,2.6404874,4.1552563,3.2844586,3.8625941,3.2157617,2.906132,3.9045248,3.7991803,3.2453003,3.827151,3.5777667,3.4316034,3.8056502,4.0175195,3.414864,3.9399042,2.976756,2.9625657,3.087719,3.111599,3.4851952,3.3320644,3.6458986,3.5907278,3.8570652,2.99046,3.8066807,2.4710507,2.4494255,3.0735214,3.1019812,3.032021,2.987091,3.1461005,3.8077037,4.842752,4.7269115,4.424407,3.2240083,2.790871,3.7418008,3.050758,4.4907684,2.7833176,2.7270768,2.7424414,3.121366,3.2144778,3.0490453,3.754375,2.8228922,3.1508403,3.3911781,3.9695241
