,0,1,2,3,4,5,6,7,8,9,10,11,12,13,14,15,16,17,18,19,20,21,22,23,24,25,26,27,28,29,30,31,32,33,34,35,36,37,38,39,40,41,42,43,44,45,46,47,48,49,50,51,52,53,54,55,56,57,58,59,60,61,62,63,64,65,66,67,68,69,70,71,72,73,74,75,76,77,78,79,80,81,82,83,84,85,86,87,88,89,90,91,92,93,94,95,96,97,98,99,100,101,102,103,104,105,106,107,108,109,110,111,112,113,114,115,116,117,118,119,120,121,122,123,124,125,126,127
0,0.0,2.5340633,2.4582753,2.562207,2.6759334,2.685443,2.4752407,2.4971259,2.6753595,2.3533218,2.7260826,2.7127316,2.3344426,2.3766031,2.202216,2.1362405,1.9102267,1.4980891,1.8358996,1.8939617,1.9163274,1.8071979,2.1399612,2.6446447,1.4873264,1.4560697,2.3722954,2.361082,2.1529074,2.2156465,1.91565,2.0020695,1.8261291,2.1530297,2.831638,2.0696146,3.7165716,2.1243749,3.7388086,3.7753236,2.9742973,2.6517503,2.736413,3.0397491,3.5810223,2.8814116,3.3693163,3.8423135,1.9813374,1.9617836,2.6297977,2.047538,2.3267705,2.6251822,2.2583601,3.2015789,2.3863297,2.903086,2.0795813,2.544945,2.489735,2.9283795,2.5807548,2.222054,2.2302487,2.2203593,1.9024693,1.8803127,2.5015626,2.4399877,1.7462819,2.0703042,2.2813997,3.53788,2.8548322,2.978264,2.8293266,2.9654746,2.9543352,2.425172,1.8338064,2.211199,2.3160107,1.9981759,2.2299101,2.5690098,2.9203541,3.3993979,2.9149466,3.0047386,2.6908734,2.5797853,3.3767414,2.5030515,2.480088,2.8059678,2.2292066,1.8016217,2.3945105,2.3834507,2.3354592,2.6655424,2.6622012,2.4075227,2.3912628,2.30196,1.6254512,1.8636647,2.5573356,2.6310735,2.562252,1.8768661,2.883384,2.6225219,2.4741497,2.4936874,1.7036067,2.5118842,1.7404453,1.7404453,1.7914531,1.8016353,2.1810439,2.1530404,1.6668547,1.6585425,2.2135942,1.7980744
1,2.5340633,0.0,0.33965266,0.20922168,1.3689708,1.368107,0.4045665,0.39975202,1.9399769,1.9782188,2.8041582,2.6432533,1.9412645,2.344576,2.3902993,2.359696,2.47014,2.0555718,2.187547,2.2374384,2.1473792,2.5559056,2.3717103,2.6907628,2.771559,2.7806756,2.909943,2.6279345,2.3683178,2.4767098,2.1881444,2.4839082,2.1711898,2.6567886,3.9020083,3.11998,2.5932808,2.422751,2.6847801,2.6574113,2.022975,2.690639,2.8403082,2.8771875,2.8344307,2.9647648,4.1993833,4.7105527,2.4202693,2.2939706,2.6814127,2.3346696,1.9965143,2.2337754,1.9328238,1.8857412,2.4877908,2.9617891,2.3497791,2.6483684,2.8449104,3.1872897,2.6899843,2.4889746,2.7652485,3.258126,2.7033877,2.6824605,3.178652,3.1074173,2.8049622,2.921613,3.1879494,4.2938895,3.9478154,4.015787,3.276487,3.5601177,3.597996,2.6181571,2.0910199,2.009954,2.4866147,2.4781091,3.132801,3.3405826,3.5370066,4.002379,3.5039217,3.1428246,3.5572083,3.4529305,3.3318174,2.8398814,2.817687,2.8866472,2.4720025,2.400791,2.5981154,2.6030495,3.2196996,3.774965,3.6937244,3.0496497,3.2934217,3.2141695,2.7745628,2.885822,3.3573344,3.4529414,3.3114474,2.385946,3.9275417,3.7120914,3.6429334,3.6626832,2.5003257,2.8940234,2.5309577,2.5309577,2.5685618,2.5776057,2.8918037,2.8768506,2.558108,2.5472562,2.78656,2.686489
2,2.4582753,0.33965266,0.0,0.30619875,1.3952951,1.4003788,0.6779213,0.68364,1.9922091,1.9812952,2.7738736,2.624537,1.9862567,2.336736,2.3577716,2.3030705,2.480475,2.0613408,2.2017028,2.2807872,2.1909716,2.5697105,2.3727994,2.7566648,2.7482827,2.74103,2.8309824,2.559457,2.3011975,2.4797199,2.1822488,2.4377549,2.0596476,2.5190413,3.7695823,3.0266805,2.5346627,2.269935,2.607171,2.585009,2.0212584,2.6174548,2.8326795,2.8780115,2.8503714,2.9388218,4.2471027,4.687457,2.4177845,2.382262,2.7993798,2.427662,2.083974,2.3176274,2.0328827,2.0525804,2.599941,3.0604792,2.4546766,2.7529883,2.9338927,3.3075023,2.8464854,2.6440957,2.7116787,3.2206059,2.6570868,2.6308227,3.1912732,3.111209,2.7399597,2.9106555,3.2558546,4.311276,3.986457,4.054672,3.329586,3.6137028,3.6602108,2.6982765,2.1535969,2.059607,2.6069653,2.4633534,3.223212,3.4441705,3.6589723,4.1908236,3.6208122,3.2006311,3.6150215,3.4967287,3.4487114,2.965515,2.9211156,2.956531,2.651925,2.46219,2.7133665,2.711824,3.2330723,3.8565278,3.768759,3.1331651,3.334357,3.2501206,2.8138077,2.9574769,3.4085822,3.5062618,3.3621876,2.4369373,3.9772177,3.718526,3.6400049,3.6602113,2.559147,2.9858923,2.5962656,2.5962656,2.6360378,2.646691,2.956832,2.9416108,2.6043568,2.5913348,2.836386,2.7392933
3,2.562207,0.20922168,0.30619875,0.0,1.4356567,1.435652,0.5885334,0.58059424,1.9941235,2.0485086,2.8963537,2.7344103,2.0086637,2.3829226,2.440533,2.4071252,2.534473,2.1268218,2.2544956,2.3076806,2.2176259,2.6224315,2.425422,2.7782018,2.8156946,2.820367,2.9405859,2.6741226,2.3537056,2.5257435,2.2200682,2.5142097,2.1026404,2.5885532,3.852009,3.0649097,2.4856722,2.34475,2.5729005,2.5367384,1.9654989,2.656719,2.8025389,2.8296244,2.7860863,2.935482,4.2484503,4.672824,2.3997357,2.356673,2.7134314,2.3938427,2.080207,2.271254,2.0104947,1.9224726,2.5453022,2.9937954,2.394146,2.6960855,2.9019475,3.2436295,2.7759798,2.598884,2.7766912,3.2780495,2.7378926,2.7149215,3.2146099,3.1352234,2.829262,2.9540713,3.2076838,4.2897367,3.982294,4.0446553,3.2934709,3.57338,3.611098,2.6469343,2.1269224,2.06882,2.523507,2.5052803,3.1692955,3.365687,3.5569718,4.108251,3.5305574,3.166767,3.5809414,3.476864,3.4283628,2.9520767,2.882177,2.935179,2.5874567,2.4259095,2.643831,2.6506624,3.2589984,3.8261647,3.7339761,3.116066,3.309797,3.2346504,2.810707,2.9170623,3.3805985,3.4769194,3.3345292,2.4387934,3.988379,3.7362754,3.669838,3.6882513,2.564895,2.9714253,2.5927396,2.5927396,2.6219418,2.6306636,2.9380932,2.9243531,2.620418,2.6103256,2.8415232,2.7663405
4,2.6759334,1.3689708,1.3952951,1.4356567,0.0,0.18836026,1.3489331,1.3494217,2.4093084,2.395053,2.7021701,2.8708224,2.22565,2.246127,2.28828,2.2407005,2.1179085,2.082565,2.598721,2.6415668,2.4915698,2.862098,2.7213554,2.9509041,2.7399564,2.7214603,2.7865117,2.8040798,2.7461548,2.7478566,2.439836,2.691204,2.6011462,2.8570592,4.1475787,3.4895844,3.0975935,2.8009648,3.1868145,3.1675603,2.3947213,2.897195,3.1792643,3.3775203,3.2795672,3.293754,4.0328712,4.5316677,2.9445064,2.5979123,3.0582135,2.668093,1.9900141,2.580833,2.315723,2.3360093,2.871115,3.3258421,2.4041307,2.9708233,3.0289612,3.4872136,3.0673316,2.7868192,3.4401982,3.716136,3.0285227,3.0068665,3.4383228,3.386738,2.918227,3.162487,3.724467,4.787073,4.4021397,4.551086,3.6839564,3.9773135,3.8899584,2.888671,2.9592395,2.8322327,3.1989963,2.757193,3.434841,3.9007626,4.0838823,4.1896734,4.0513887,3.6777496,4.097738,4.0088305,4.036646,3.0560646,3.0610967,3.6622126,2.7329676,2.850975,2.9446888,2.9161158,3.4774938,4.0610085,4.0494184,3.4248571,3.8879359,3.7481167,3.0981402,3.273014,4.0435076,4.131569,4.011963,2.6721156,3.707499,3.5312135,3.431752,3.4440658,2.7845013,3.0741813,2.8404663,2.8404663,2.8981118,2.904083,3.5232747,3.4885807,2.7947087,2.7826567,3.1099665,2.8473833
5,2.685443,1.368107,1.4003788,1.435652,0.18836026,0.0,1.3421584,1.3377705,2.3950481,2.4217937,2.7544491,2.905792,2.2522774,2.2777169,2.3209722,2.2759166,2.1450484,2.1118963,2.6201296,2.6585531,2.4732127,2.8484898,2.7083576,2.9317741,2.7668917,2.7546208,2.7686527,2.7807412,2.7606761,2.7586918,2.4514225,2.7194724,2.6525948,2.916835,4.1743693,3.5459003,3.0901325,2.8166223,3.2073076,3.1404195,2.3619173,2.8906384,3.2174969,3.36376,3.2593713,3.2950833,4.022118,4.52136,2.9430594,2.5875826,3.0393384,2.6599278,2.001147,2.5925522,2.3252132,2.303618,2.853196,3.2984273,2.4033403,2.9686105,3.1221123,3.5665164,3.0499585,2.8213537,3.4290075,3.6972432,2.9855614,2.9664676,3.4178596,3.3677812,2.908426,3.141118,3.71288,4.8073945,4.395746,4.540683,3.674569,3.9650311,3.8891594,2.890046,2.9669056,2.8357344,3.2022796,2.7737045,3.4242532,3.889816,4.0735006,4.2064686,4.055452,3.6497712,4.1105404,4.016017,4.049799,3.0805008,3.0678904,3.6726594,2.7256017,2.8445022,2.9329038,2.869606,3.5096781,4.067662,4.059943,3.432165,3.900985,3.7632275,3.0868511,3.2483335,4.054453,4.1350913,4.0226116,2.7157433,3.7115297,3.5351121,3.4470892,3.4548297,2.7830796,3.0639164,2.8451638,2.8451638,2.8979762,2.9041607,3.5204408,3.4858012,2.7935677,2.7817316,3.0464685,2.8830462
6,2.4752407,0.4045665,0.6779213,0.5885334,1.3489331,1.3421584,0.0,0.08043793,1.8716363,1.8947154,2.7338762,2.5916715,1.8603394,2.2838664,2.3491025,2.3202634,2.3336844,1.9269778,2.050394,2.0868726,1.9908295,2.40805,2.2539654,2.563402,2.6680117,2.6986654,2.9121745,2.6119015,2.413912,2.3902252,2.1014085,2.4263077,2.2818823,2.8088706,4.008745,3.2084346,2.8083415,2.556032,2.9191067,2.894555,2.170743,2.8079195,2.916558,2.9435873,2.9721482,3.0359173,4.0852284,4.7499247,2.4710743,2.1891396,2.5879235,2.2124774,1.8754046,2.1655822,1.8195245,1.8635933,2.3608387,2.8515656,2.2295418,2.5426092,2.716471,3.0738733,2.488449,2.2198048,2.7531617,3.2253506,2.6568205,2.6417453,3.1408043,3.0807717,2.7832563,2.8601804,3.0632803,4.220456,3.8743384,3.952492,3.158105,3.4431272,3.4684792,2.4835913,2.0143158,1.9559946,2.392179,2.4570847,3.0152102,3.2300966,3.4386635,3.747106,3.3847468,3.098857,3.4447207,3.3458679,3.1193044,2.587277,2.6496234,2.757316,2.1936336,2.351444,2.4725566,2.4759398,3.1417646,3.6697445,3.6120183,2.9655018,3.1964512,3.1095665,2.6439652,2.7659812,3.282117,3.3754034,3.2453978,2.3090081,3.790375,3.6502697,3.5630822,3.5818505,2.3669147,2.7486236,2.399349,2.399349,2.4469414,2.455825,2.7889898,2.7723246,2.4302843,2.419892,2.66435,2.5381532
7,2.4971259,0.39975202,0.68364,0.58059424,1.3494217,1.3377705,0.08043793,0.0,1.8626708,1.8953891,2.7477596,2.5912755,1.854951,2.2747896,2.3379555,2.3135185,2.3397465,1.9308264,2.0628529,2.0970163,1.9862663,2.4091234,2.2594955,2.5573864,2.6720457,2.7057686,2.8965495,2.6050882,2.4255142,2.4063697,2.1152403,2.4413254,2.30552,2.815868,4.000642,3.2177246,2.8142045,2.5636156,2.9332936,2.8923576,2.1629047,2.7916605,2.9091468,2.9301748,2.957774,3.019009,4.092521,4.7467947,2.4705262,2.1894028,2.5909696,2.2168164,1.8727976,2.1772516,1.8110946,1.8727098,2.356662,2.8532279,2.2270784,2.5462847,2.7557852,3.106142,2.4927661,2.2413726,2.7450225,3.2252471,2.6525161,2.6378987,3.1225872,3.062047,2.780918,2.848315,3.075492,4.2410517,3.8841755,3.961932,3.1673853,3.454969,3.4901073,2.4911387,2.0267966,1.9457537,2.3905401,2.4573705,3.0231755,3.2348998,3.436574,3.759355,3.3948884,3.082583,3.468058,3.3715887,3.138596,2.6042376,2.6431727,2.7728744,2.2009892,2.3612385,2.474657,2.469111,3.1561134,3.6855328,3.6275206,2.9705703,3.2207792,3.1381702,2.668946,2.778713,3.3093,3.3981264,3.2718296,2.3393822,3.7901502,3.6484787,3.563572,3.5807629,2.3745108,2.7548938,2.4074783,2.4074783,2.452035,2.4604638,2.789953,2.7733755,2.4384692,2.4284177,2.654907,2.5609705
8,2.6753595,1.9399769,1.9922091,1.9941235,2.4093084,2.3950481,1.8716363,1.8626708,0.0,1.1894108,2.3999102,2.103476,1.7202141,2.558142,2.708005,2.7352471,2.5336776,2.4564521,2.005515,2.0558367,2.0883434,2.0474613,1.7919497,2.926068,2.7550147,2.7701986,3.0747576,2.2402627,2.0632288,1.6984916,2.0066893,2.3520987,2.3945484,2.9892461,3.3923657,2.915582,3.4411933,2.249286,3.7015355,3.5946515,3.1347642,2.9415903,3.3869486,2.788873,3.5187905,3.1500258,4.208774,5.0263,2.2572558,2.0127845,2.490972,1.9223,1.6985306,2.1045253,1.5550652,2.9984393,2.1426234,2.2595513,2.6885965,1.9698176,3.0902007,3.1881201,2.7573276,2.4525263,2.3895414,3.0463784,2.2087824,2.1985607,2.6786554,2.623636,2.4881213,2.5493793,3.1560338,4.249318,3.6683617,3.7017252,3.0886629,3.4075336,3.0632956,1.8712916,2.0813081,2.2535791,2.4671812,2.4553647,3.1309369,3.364242,3.6751106,3.816731,3.2057858,2.6197789,3.408326,3.2844815,2.624261,2.4235396,2.1917925,2.3899236,2.2046213,2.4918299,2.0885563,2.1031084,3.0971916,3.617395,3.5961938,2.7772102,3.165526,3.1211083,2.7797074,2.9206684,3.2725399,3.5252357,3.2606206,2.3846009,4.066032,3.970648,3.8687096,3.8815198,2.039236,2.0955682,2.0758135,2.0758135,2.0963361,2.103704,2.7686641,2.7468238,2.1228955,2.117765,2.1032784,2.3480203
9,2.3533218,1.9782188,1.9812952,2.0485086,2.395053,2.4217937,1.8947154,1.8953891,1.1894108,0.0,2.1114774,1.8607421,1.7940459,2.4955459,2.4632654,2.460986,2.263347,2.1789603,1.6040398,1.7138479,1.877836,1.772636,2.0419207,2.8630874,2.5479662,2.582577,2.94839,2.0727983,2.3369725,2.016631,1.785403,2.2832808,2.185523,2.6936576,3.0606751,2.6091623,3.626341,2.2350228,3.6393595,3.6509373,3.2783282,2.9282541,3.1505985,2.8469052,3.759099,3.1596482,4.1307244,5.0828896,2.2906535,2.044966,2.4908323,1.9482965,1.707722,2.0124655,1.5765017,3.180647,2.1867816,2.2921412,2.6842604,2.427619,2.9172986,3.055094,2.8736162,2.2218778,2.0157206,2.546673,1.9577471,1.9432771,2.531799,2.4466116,2.2669768,2.2237654,2.9936576,3.9817593,3.5804646,3.6841364,3.2192278,3.5222654,3.2277138,2.160009,1.9838163,1.935951,2.4854965,2.092646,3.0847657,3.3490806,3.6780083,3.7107308,3.1466885,2.576183,3.2568989,3.1798275,2.3011234,2.0194774,1.9309676,2.0554204,2.0411623,2.4756606,2.1805532,2.3032522,2.7519667,3.5513928,3.5463996,2.7974858,2.9077764,2.8431125,2.5651286,2.778091,3.1856794,3.286815,3.1584387,2.2298205,4.0509267,3.9580472,3.7282481,3.7437308,1.9525697,2.5222898,1.9834641,1.9834641,2.0464222,2.0523381,2.4807763,2.450657,2.0096278,2.0053034,2.2413335,2.1588945
10,2.7260826,2.8041582,2.7738736,2.8963537,2.7021701,2.7544491,2.7338762,2.7477596,2.3999102,2.1114774,0.0,1.0401336,2.1078851,3.1497638,2.7742846,2.782343,2.274078,2.4358773,2.160413,2.2260637,2.3634596,2.315836,2.5415015,2.985793,2.8369617,2.8323214,3.4786108,2.675767,2.563053,2.2736933,2.6422553,2.53289,2.744477,3.3415906,3.874702,3.1793964,4.156346,3.0487218,4.2737308,4.3452044,3.7524881,3.6291237,3.6809063,3.5018282,3.9277115,3.3338087,3.7700584,5.0136943,2.927253,2.5836012,3.5119684,2.59273,2.125114,3.1901686,2.2920837,3.6247478,2.7355072,3.3293927,3.409805,2.868708,3.0315256,3.083241,3.0869892,2.43046,3.4364014,3.4754534,2.8618703,2.839401,3.4496043,3.4383726,3.0709348,3.3072767,3.7606103,4.7355366,3.542964,3.7781947,4.1955695,4.4437075,3.9797,3.0800152,2.9831028,3.0423596,3.362929,3.116342,3.5635843,4.048246,4.346318,4.110453,4.0222673,3.9030783,4.0286436,3.9690237,3.2690809,2.7563584,2.8547559,3.1126838,2.824668,2.8568614,3.0439951,3.1280296,2.8284318,3.4702454,3.5030332,2.7363644,3.7692068,3.6874185,3.0841274,3.277,3.8659286,4.026552,3.836864,2.755206,4.513503,4.4845247,4.2546797,4.292256,2.7718792,3.092275,2.810164,2.810164,2.896714,2.8999755,3.4985645,3.4653075,2.7280447,2.7128885,3.0091887,2.62931
11,2.7127316,2.6432533,2.624537,2.7344103,2.8708224,2.905792,2.5916715,2.5912755,2.103476,1.8607421,1.0401336,0.0,1.8479204,2.93897,2.5240574,2.5790336,2.3898394,2.3222594,1.9979937,2.0604506,2.199461,2.1830287,2.3623447,2.9087017,2.668306,2.662532,3.1012802,2.2489057,2.4333713,2.0798354,2.518897,2.3852568,2.7373044,3.135933,3.5855682,3.0551414,3.917432,2.8542626,4.0666337,4.094328,3.6457212,3.389061,3.5742157,3.3589318,3.6934955,3.1811726,3.9481301,5.058859,2.6493297,2.3199577,3.3663638,2.331302,2.1608336,3.1431923,2.0394504,3.4207926,2.5244427,3.1584234,3.2772253,2.634749,3.1335375,3.1418374,2.9911816,2.4552755,2.892655,3.1125264,2.5924587,2.5709639,2.9739788,2.9583852,2.7789648,2.9459484,3.4756837,4.425327,3.1495616,3.3323345,3.9193158,4.171645,3.8509269,2.9324613,2.6131923,2.5691333,2.9160848,2.80449,3.370976,3.702011,4.005913,3.9040263,3.6521883,3.2815144,3.7007928,3.6407316,2.9754581,2.621056,2.5933325,2.7975752,2.6450355,2.6433897,2.7880044,2.850976,2.7064898,3.2975852,3.2897868,2.4067135,3.4732053,3.4551396,3.0304687,3.1778665,3.5765643,3.7513444,3.5369523,2.6877086,4.308953,4.2950244,4.115672,4.1485543,2.6010237,2.9248447,2.6265247,2.6265247,2.7027118,2.704658,3.120273,3.0967395,2.5744288,2.5613072,2.7886302,2.5840333
12,2.3344426,1.9412645,1.9862567,2.0086637,2.22565,2.2522774,1.8603394,1.854951,1.7202141,1.7940459,2.1078851,1.8479204,0.0,1.8918194,1.8294452,1.8756887,2.1934414,1.8454702,1.805625,1.8264242,1.8059714,1.9539511,1.9578192,2.7856526,2.1541674,2.1225886,2.6799333,2.1648607,1.7049721,1.4987957,1.4098748,1.4956032,2.4145598,2.9079301,3.430874,2.6072145,3.4782383,2.5499656,3.7510872,3.7697623,3.3671207,3.283185,3.4551806,3.3904028,3.4110541,3.1877246,4.1841745,4.8269234,2.1275332,1.8316025,2.8687825,1.8992202,1.394568,2.4942524,1.2986995,2.76232,1.9809657,2.8950727,2.1294081,2.0113227,2.4503298,2.5779188,2.1929224,2.0632284,2.6156762,3.096984,2.4751503,2.414929,2.726015,2.6494484,2.276951,2.7273848,3.189128,3.6707704,3.5599697,3.630939,3.6004136,3.8772056,3.4651523,2.4348724,2.0192795,1.9874278,2.0831108,2.495661,2.7660244,3.0073261,3.22204,3.3840208,3.229315,3.002698,3.3403454,3.2618403,3.1347406,2.5969827,2.5376098,2.8561833,2.216922,2.0158505,2.1922584,2.229546,2.2770388,3.2870147,3.271942,2.4980278,3.2704415,3.2108653,2.7293963,2.8396046,3.0748236,3.2660105,3.0799394,1.9969325,3.473711,3.4822855,3.5728166,3.576684,1.903523,2.5431907,1.9383056,1.9383056,1.9787961,1.9809394,2.514442,2.4935203,1.8554628,1.8317392,2.1280403,1.955845
13,2.3766031,2.344576,2.336736,2.3829226,2.246127,2.2777169,2.2838664,2.2747896,2.558142,2.4955459,3.1497638,2.93897,1.8918194,0.0,0.93091244,0.9693368,1.9342216,1.7556437,2.3963063,2.4484596,2.4574428,2.500321,2.5506854,3.2914512,1.5417355,1.5237118,2.2269497,2.5634809,2.5926445,2.3615615,2.10695,2.3307192,2.634092,2.5398138,3.5828052,3.0160232,3.734415,2.7279692,3.8447402,3.8757186,3.252351,3.0099106,3.2207108,3.5186312,3.641789,3.2917511,4.4501243,4.5606837,2.881031,2.7012727,3.5822866,2.6446397,2.4817755,3.1933095,2.4548428,3.293119,3.1305609,3.593176,2.296741,3.095906,2.9896603,3.463979,3.3064947,2.938709,2.9476063,3.5303457,3.0141518,2.9544206,3.0104787,2.9319954,2.5708227,2.7560472,3.2210736,3.9571724,4.121115,4.177608,3.0121646,3.351352,3.4030364,2.4152575,2.6849005,2.2837508,2.6504467,2.6337984,3.2525873,3.4472778,3.740851,3.8912227,3.416844,3.0072322,3.557469,3.4659505,3.8264732,2.6802337,2.5655265,3.3572347,2.5705955,2.7960417,2.4825597,2.487734,3.3069115,4.079747,4.0583777,3.4252715,3.3471427,3.2557018,3.0765665,3.395666,3.7635472,3.8881154,3.7952955,2.7213604,2.5481596,2.4397933,2.271371,2.265581,2.3976068,2.8874106,2.4493535,2.4493535,2.492183,2.4993865,2.8768,2.857413,2.3464468,2.323671,2.8460753,2.401075
14,2.202216,2.3902993,2.3577716,2.440533,2.28828,2.3209722,2.3491025,2.3379555,2.708005,2.4632654,2.7742846,2.5240574,1.8294452,0.93091244,0.0,0.33305758,1.8968085,1.7078516,2.3975077,2.4586654,2.451203,2.5059307,2.777969,3.2435818,1.5396934,1.4667325,2.1969972,2.5009584,2.7239726,2.5149379,2.1613874,2.414239,2.638404,2.5363696,3.5791948,3.0127587,3.859873,2.8608403,3.8630888,3.8910627,3.264687,3.0105808,3.139128,3.5499792,3.6094468,3.2382064,4.3424034,4.5228877,2.771659,2.5605576,3.527969,2.5426059,2.4135568,3.1896045,2.3597734,3.2835567,3.0502968,3.5615847,2.4470456,3.197097,2.9431386,3.4188867,3.2241666,2.8734152,2.9574137,3.373968,2.9571362,2.9060645,2.9456542,2.8772259,2.4255152,2.783603,3.25956,4.0156817,3.7759423,3.864425,3.3500564,3.659518,3.7290971,2.806896,2.692869,2.1513548,2.6444592,2.6924388,3.2314804,3.4707775,3.7533937,3.891421,3.4586103,3.0470774,3.5570865,3.482868,3.874856,2.7244253,2.6618829,3.4061978,2.6179833,2.6152105,2.5363455,2.537475,3.0136669,3.791645,3.7745173,3.0508504,3.3753254,3.312979,3.0632572,3.3449163,3.7753134,3.8321064,3.7779357,2.6717467,2.5668883,2.4564214,2.3229637,2.3241906,2.4029315,3.080036,2.451045,2.451045,2.505111,2.5100484,2.7476587,2.7262125,2.3287845,2.30726,2.838046,2.3912542
15,2.1362405,2.359696,2.3030705,2.4071252,2.2407005,2.2759166,2.3202634,2.3135185,2.7352471,2.460986,2.782343,2.5790336,1.8756887,0.9693368,0.33305758,0.0,1.8976164,1.6999363,2.3967586,2.4880936,2.4616208,2.5220373,2.7646194,3.2947445,1.5304576,1.4437909,2.2122245,2.5295684,2.7304156,2.5353873,2.105285,2.376062,2.5986109,2.540094,3.6031222,3.0318067,3.8736699,2.8157291,3.8648052,3.895653,3.2686577,3.0330644,3.1715958,3.5856326,3.6895783,3.2960684,4.3819413,4.5607314,2.8323762,2.6389,3.5439494,2.5963151,2.4330916,3.1620917,2.3961701,3.3201275,3.0886326,3.569353,2.485179,3.2543886,2.9264243,3.4932718,3.2444837,2.8781557,2.9653594,3.4098368,2.9836028,2.93299,3.0506,2.9790738,2.3992326,2.8590353,3.3076138,4.010884,3.8467374,3.9330313,3.355877,3.6664946,3.7796693,2.8692422,2.7176595,2.2252018,2.7452934,2.7506628,3.2963073,3.5366611,3.8377473,3.9894283,3.559766,3.170859,3.558469,3.472333,3.910007,2.7977004,2.7655222,3.44228,2.715971,2.6935823,2.6445673,2.6435442,3.038772,3.8776314,3.8590229,3.1613982,3.3965533,3.323449,3.0657535,3.3874664,3.8100047,3.8619592,3.8128119,2.7108054,2.6098998,2.4922388,2.34375,2.3441815,2.4593484,3.1629393,2.5104253,2.5104253,2.5705225,2.5773795,2.8070574,2.7861168,2.3917863,2.3684442,2.8962798,2.4448113
16,1.9102267,2.47014,2.480475,2.534473,2.1179085,2.1450484,2.3336844,2.3397465,2.5336776,2.263347,2.274078,2.3898394,2.1934414,1.9342216,1.8968085,1.8976164,0.0,1.1847365,1.5980138,1.6164119,1.6892785,1.7405397,2.065287,2.7544112,1.334461,1.4858655,2.3807647,2.205543,2.4057796,2.0349562,2.0983667,2.115136,2.1655915,2.368419,3.458349,2.7944438,3.4988878,2.3487885,3.6338797,3.6315935,2.9681573,2.867708,2.919375,2.928884,3.4317453,2.7663407,3.0422752,3.8502765,2.6895263,2.3339272,3.267445,2.1906404,2.2354088,3.1885076,2.389727,3.1027615,2.6115332,3.05839,2.3928769,2.742668,2.8279727,3.1669397,2.992156,2.1754756,2.9604335,2.9580178,2.4587631,2.4292192,2.8818245,2.8440638,2.5522218,2.375053,2.5317347,3.8955007,3.2782278,3.5260289,2.7547076,2.9792776,2.7568917,1.9744397,2.660106,2.7853637,2.8402803,2.2924318,2.715217,3.2058387,3.5966325,3.481933,3.1302853,3.1066532,3.161532,3.1287763,3.3051026,1.9474151,1.7959921,2.8055136,1.9757473,2.4887693,2.3055694,2.3000205,2.9608097,3.3476162,3.3821275,3.037997,2.795324,2.657891,2.0713902,2.4834564,3.4828703,3.5740647,3.5076385,2.5650678,3.2772427,3.1912394,2.689801,2.7013166,2.3066263,2.706754,2.3602417,2.3602417,2.4286294,2.429579,3.0557013,3.0183704,2.2371812,2.2274563,2.6612234,2.2705002
17,1.4980891,2.0555718,2.0613408,2.1268218,2.082565,2.1118963,1.9269778,1.9308264,2.4564521,2.1789603,2.4358773,2.3222594,1.8454702,1.7556437,1.7078516,1.6999363,1.1847365,0.0,1.3167206,1.3352786,1.2614717,1.5639962,1.669161,2.0823908,1.120285,1.2860258,1.9837877,2.108155,2.051863,1.989986,1.9911216,1.6694261,2.0973182,2.2456284,3.2107084,2.4918878,3.3840122,2.2667408,3.5893564,3.6149793,2.7239592,2.6257923,2.6673532,2.9933026,3.188991,2.5387073,3.1964393,3.912992,2.371526,2.0488038,3.0650876,2.159147,2.128487,2.982091,2.0752785,2.8171127,2.3580096,3.2496762,1.9006366,2.4562168,2.5664885,2.9543495,2.4592264,1.8713932,2.3765104,2.6025743,2.157287,2.1231332,2.5661285,2.5121386,2.2343304,2.0507534,2.4083726,3.7649622,3.2566102,3.4482684,2.7248373,2.9466994,2.9530385,2.1487386,2.031053,2.1327758,2.2999578,1.8653955,2.4179478,2.7498846,3.0097291,3.2389228,3.122247,3.0324745,3.0712054,3.0207565,3.241153,2.1757643,2.1026819,2.7537987,1.9105703,2.14631,2.4714596,2.4548845,2.6276028,3.123758,3.1112678,2.7153964,2.7632957,2.6738777,2.0267246,2.2043335,3.025617,3.1416419,3.0501013,2.2423894,2.9765677,2.8788924,2.5936844,2.6120033,2.0107691,2.5005586,2.0496488,2.0496488,2.116947,2.1206477,2.5784016,2.552567,1.9608562,1.9488429,2.453446,2.0261374
18,1.8358996,2.187547,2.2017028,2.2544956,2.598721,2.6201296,2.050394,2.0628529,2.005515,1.6040398,2.160413,1.9979937,1.805625,2.3963063,2.3975077,2.3967586,1.5980138,1.3167206,0.0,0.27942958,0.7413413,0.7944149,1.3221565,2.0997465,1.8129566,1.9731506,2.652313,1.8502411,1.7513007,1.52573,1.7812443,1.6439645,1.8446553,2.4850445,3.0393984,2.2542622,3.3606222,2.0326886,3.5672226,3.583495,3.0090876,2.8401794,2.8226438,2.5690005,3.2006493,2.4610353,3.1510417,4.2591743,2.1180787,1.9068785,2.8882396,1.852326,1.9818599,2.8177066,1.8260946,2.972668,1.9402128,2.7317903,2.3259668,2.229118,2.62845,2.7128563,2.3537414,1.5739003,2.0151658,2.1617172,1.7498348,1.7130425,2.4669864,2.4090803,2.3542035,1.9427292,2.0643256,3.4923708,3.0205505,3.1904688,2.684115,2.8806994,2.5508156,1.8284321,1.680359,2.1040487,2.116744,1.8199456,2.3156981,2.589933,2.9699495,3.1737769,2.7483711,2.7595625,2.7268667,2.6769876,2.2337263,1.7756982,1.684983,1.7436419,1.6825407,2.038178,2.1327157,2.1848955,2.6039507,3.0342357,3.0247755,2.682842,2.3329978,2.2390902,1.697127,1.9536767,2.5746632,2.6927783,2.6141403,2.1581495,3.8790798,3.792052,3.5009573,3.521244,1.7999489,2.3810203,1.8374784,1.8374784,1.9009991,1.9060416,2.31438,2.290393,1.7588487,1.7491953,2.0444195,1.8716999
19,1.8939617,2.2374384,2.2807872,2.3076806,2.6415668,2.6585531,2.0868726,2.0970163,2.0558367,1.7138479,2.2260637,2.0604506,1.8264242,2.4484596,2.4586654,2.4880936,1.6164119,1.3352786,0.27942958,0.0,0.6941147,0.78594375,1.3542975,2.0210464,1.8549376,2.0290148,2.697163,1.9084578,1.7778411,1.5480376,1.8449903,1.6915185,1.9335353,2.5545576,3.098227,2.2827184,3.3586566,2.1432922,3.5893967,3.6006095,3.0141828,2.8867562,2.8344095,2.5785797,3.155669,2.451153,3.062671,4.211989,2.0894666,1.8380897,2.8563385,1.8138779,1.9868805,2.8504114,1.8333122,2.9100714,1.8734763,2.7292848,2.2606177,2.1541011,2.6227489,2.6162775,2.2666385,1.498431,2.0779028,2.1467166,1.752175,1.7171143,2.4291563,2.3764956,2.422231,1.9100399,1.9714639,3.4713762,2.9567785,3.1359086,2.6897993,2.8698807,2.4759226,1.772694,1.6592506,2.1047912,2.0292504,1.8001437,2.1901667,2.4719172,2.8314815,3.0221827,2.6453874,2.7221286,2.711752,2.6772559,2.2084155,1.7045856,1.6007491,1.7271472,1.5282457,1.9475025,2.0587087,2.1052294,2.569791,2.918454,2.9161053,2.604001,2.3009663,2.2122066,1.6209812,1.8101212,2.5010376,2.6200361,2.544109,2.119571,3.8609884,3.7885246,3.5105717,3.52978,1.7628655,2.3186643,1.7966168,1.7966168,1.8523263,1.8550013,2.284766,2.2601352,1.7172275,1.7103713,1.9899898,1.8387606
20,1.9163274,2.1473792,2.1909716,2.2176259,2.4915698,2.4732127,1.9908295,1.9862663,2.0883434,1.877836,2.3634596,2.199461,1.8059714,2.4574428,2.451203,2.4616208,1.6892785,1.2614717,0.7413413,0.6941147,0.0,0.7993696,1.2322898,1.7667551,1.9230022,2.1110632,2.514731,1.8729545,1.8141205,1.7296299,1.9030955,1.6732221,2.196184,2.7724822,3.1921835,2.5351844,3.3869343,2.2403915,3.72428,3.6060936,2.9255116,2.8608506,2.9566061,2.6788142,3.1163638,2.4301116,3.0372877,4.1545877,2.1749728,1.8546267,2.86373,1.9444599,1.9383533,2.897014,1.824057,2.8528185,1.8128312,2.8376486,2.1571593,2.1765873,2.9179811,3.005256,2.0913675,1.652456,2.070261,2.1745722,1.6039062,1.5799956,2.4116163,2.3538373,2.3375678,1.8720468,2.2078886,3.7074945,3.1740427,3.3522031,2.8640938,3.049715,2.7598255,2.0180418,1.8369744,2.1822433,2.1677582,1.9113215,2.2537248,2.563504,2.8363814,3.192606,2.9951468,2.8835578,3.0211265,2.9695182,2.6223571,2.1224709,1.9328352,2.186312,1.7241722,2.0329254,2.3039994,2.2019217,2.6552033,3.072581,3.0831308,2.7220063,2.705255,2.6290662,1.8126146,1.8439319,2.7655334,2.8474178,2.8048952,2.3592908,3.8216186,3.7508752,3.5487428,3.5509653,1.8662509,2.4090142,1.92636,1.92636,1.9604329,1.9627149,2.4155169,2.3900707,1.8131425,1.8067892,1.8081079,2.096989
21,1.8071979,2.5559056,2.5697105,2.6224315,2.862098,2.8484898,2.40805,2.4091234,2.0474613,1.772636,2.315836,2.1830287,1.9539511,2.500321,2.5059307,2.5220373,1.7405397,1.5639962,0.7944149,0.78594375,0.7993696,0.0,1.2937275,2.1331806,1.8451148,2.038169,2.704043,1.8939065,1.8933525,1.6362048,1.8711556,1.8254607,2.2007983,2.808424,2.978079,2.3806446,3.7856717,2.2593675,4.0537105,3.956927,3.2966433,2.975959,3.0691907,2.6609838,3.4845476,2.5918825,3.1968937,4.3111153,2.1934173,1.982834,2.9460456,1.9554454,2.0672305,2.9396224,1.9622542,3.3526235,2.0001318,2.732553,2.4250374,2.3115916,3.0028377,3.0227373,2.4073455,1.8425009,2.021587,2.1087847,1.4891819,1.4532504,2.3661547,2.3140783,2.2997496,1.8119221,2.1742785,3.64803,3.0776384,3.2344613,2.8058822,2.997563,2.6434143,1.8541533,1.8486071,2.1737525,2.2722492,2.018847,2.3687346,2.6614208,3.0365038,3.2876925,2.8669763,2.773687,2.9517407,2.8830822,2.3744576,1.897396,1.6741533,1.9238746,1.719328,2.126083,2.1390285,2.0498753,2.6451337,3.1012433,3.1362038,2.7391357,2.5245993,2.44294,1.7604642,1.9202427,2.7467058,2.8281882,2.7929807,2.365439,3.818083,3.7476485,3.4657254,3.4691198,1.7043692,2.307775,1.7801214,1.7801214,1.8142408,1.8198007,2.2860591,2.258635,1.6485573,1.63751,1.6299603,1.9233427
22,2.1399612,2.3717103,2.3727994,2.425422,2.7213554,2.7083576,2.2539654,2.2594955,1.7919497,2.0419207,2.5415015,2.3623447,1.9578192,2.5506854,2.777969,2.7646194,2.065287,1.669161,1.3221565,1.3542975,1.2322898,1.2937275,0.0,2.2027667,2.0749032,2.2205837,2.6416478,2.0740216,1.5292704,1.3831891,2.1184788,1.5340407,2.341894,2.8872578,3.186112,2.6281245,3.4286373,2.0439286,3.9410856,3.8435416,3.1895628,3.025659,3.381279,2.945149,3.4716063,2.7807305,3.4879823,4.4749727,2.4580667,2.2385912,3.142594,2.3025615,2.2757773,3.0701563,2.1583147,3.2079375,2.2725542,3.0871437,2.5227318,1.9814756,3.14077,3.280601,2.5286636,2.128153,2.1884296,2.7013826,1.8628374,1.833123,2.7121549,2.6565437,2.523711,2.1903203,2.6166725,3.9097686,3.4539258,3.576673,2.721751,2.9401815,2.5947075,1.7064052,2.023457,2.526941,2.5458105,2.2034326,2.729679,2.9628127,3.272335,3.6010983,3.3137598,3.1043956,3.2686188,3.1488602,2.8034134,2.4452085,2.2289014,2.4352205,2.1859162,2.488631,2.61352,2.5224116,2.9095554,3.4299831,3.4178982,3.0010939,2.9315507,2.8613667,2.2157488,2.325999,2.9664242,3.2790747,3.024469,2.5776904,3.8960278,3.8340313,3.6198416,3.6295717,2.1610348,2.1702797,2.2149282,2.2149282,2.246393,2.2549136,2.928149,2.9108336,2.1543663,2.1431758,2.1483192,2.3561282
23,2.6446447,2.6907628,2.7566648,2.7782018,2.9509041,2.9317741,2.563402,2.5573864,2.926068,2.8630874,2.985793,2.9087017,2.7856526,3.2914512,3.2435818,3.2947445,2.7544112,2.0823908,2.0997465,2.0210464,1.7667551,2.1331806,2.2027667,0.0,2.8650887,3.0023358,3.0904737,2.8784485,2.581782,2.8313189,3.3018913,2.9148045,3.0118542,3.4583669,3.8423526,3.2951515,4.137846,3.2493014,4.457022,4.3643913,2.8309143,2.7863524,2.824558,2.9633982,2.9456992,2.2297153,2.766592,4.005735,2.7458916,2.3906744,3.321092,2.8135626,2.5588398,3.417594,2.4562347,3.2681758,2.5134509,3.7989497,2.5830197,2.7495742,3.3403475,3.3768985,2.273223,2.3333986,2.8814626,2.8557816,2.3948638,2.4124572,2.8298302,2.8655367,3.1002192,2.491522,3.060333,5.1088724,3.9114397,4.0538826,3.4167025,3.5772548,3.5873964,2.9946582,2.4769943,2.7546685,2.6847022,2.4353895,2.7442975,3.0805318,3.0633817,3.508502,3.834559,3.7396681,3.9498937,3.8960438,3.457402,3.0644865,3.016602,3.191068,2.5285492,2.634991,3.2323105,3.1467316,3.6993763,3.3496027,3.3489237,2.9390671,3.731208,3.672759,2.8078325,2.5127356,3.2753549,3.3761652,3.306201,2.8872333,4.196683,4.048445,4.024789,4.0604296,2.4036381,2.3899693,2.4432344,2.4432344,2.4694147,2.4739547,2.8809814,2.859987,2.3949113,2.3973043,2.4934926,2.541913
24,1.4873264,2.771559,2.7482827,2.8156946,2.7399564,2.7668917,2.6680117,2.6720457,2.7550147,2.5479662,2.8369617,2.668306,2.1541674,1.5417355,1.5396934,1.5304576,1.334461,1.120285,1.8129566,1.8549376,1.9230022,1.8451148,2.0749032,2.8650887,0.0,0.37277505,1.9767318,2.2556303,2.2754822,2.0245872,2.0519989,1.9232078,2.23995,2.18729,3.0465329,2.4281077,3.827658,2.3388233,3.9725087,4.0041413,3.240074,2.7854817,2.887773,3.1817155,3.576506,2.8301566,3.4639456,3.8115127,2.4890776,2.3050842,3.321427,2.2412345,2.5183604,3.2838979,2.4237216,3.4179904,2.6994562,3.2974288,2.1410067,2.6919405,2.6798012,3.1452787,2.9110875,2.3680706,2.5570416,2.8011308,2.4640954,2.4201305,2.5663776,2.5195944,2.1233091,2.1999407,2.3592744,3.5172613,3.0995471,3.232234,2.5096812,2.7176461,2.8041484,2.1366413,2.3167193,2.4500434,2.4090958,2.195119,2.4876685,2.749012,3.1373107,3.3097136,2.8931034,2.8831983,2.8078752,2.747538,3.497173,2.3011189,2.1144767,2.9536946,2.2079742,2.3240225,2.338963,2.3383608,2.7979794,3.1758096,3.1724296,2.846921,2.5833726,2.5105362,2.167002,2.5228984,3.1010618,3.2384145,3.148501,2.4325252,2.4572952,2.3503888,1.9968209,2.0082135,2.0400016,2.5667229,2.0722928,2.0722928,2.1256917,2.1293492,2.5537925,2.5308912,1.9675028,1.952709,2.5517993,2.0172958
25,1.4560697,2.7806756,2.74103,2.820367,2.7214603,2.7546208,2.6986654,2.7057686,2.7701986,2.582577,2.8323214,2.662532,2.1225886,1.5237118,1.4667325,1.4437909,1.4858655,1.2860258,1.9731506,2.0290148,2.1110632,2.038169,2.2205837,3.0023358,0.37277505,0.0,1.8971674,2.2305868,2.2376313,2.0040865,2.0053213,1.9260446,2.2059772,2.0920851,2.9959905,2.3788636,3.8098474,2.3093734,3.9196157,3.9792085,3.2497368,2.740012,2.9172237,3.266902,3.564139,2.9127693,3.548766,3.7777236,2.3988502,2.23882,3.2568092,2.179144,2.4616456,3.19584,2.3729658,3.378303,2.6864476,3.2649722,2.0879877,2.6480174,2.562528,3.0797944,2.9226859,2.4673758,2.6053774,2.8466346,2.5279095,2.481511,2.5250773,2.4823236,1.9611038,2.2880385,2.4981887,3.5145109,3.0818694,3.1890182,2.632466,2.8354049,2.914542,2.2797868,2.3407018,2.4986832,2.3890536,2.2060556,2.4732003,2.7550178,3.1460178,3.319264,2.9006593,2.8711429,2.7615278,2.6877897,3.6352963,2.4605885,2.301645,3.101271,2.3399558,2.2563133,2.3245404,2.3471224,2.772935,3.103146,3.0934386,2.7549381,2.6376517,2.5626984,2.2486014,2.620438,3.060083,3.2132587,3.0995429,2.3051288,2.326185,2.1889422,1.9645475,1.9817258,1.9974105,2.54886,2.02457,2.02457,2.0829318,2.0871797,2.5323489,2.508242,1.923003,1.9065068,2.579151,1.940199
26,2.3722954,2.909943,2.8309824,2.9405859,2.7865117,2.7686527,2.9121745,2.8965495,3.0747576,2.94839,3.4786108,3.1012802,2.6799333,2.2269497,2.1969972,2.2122245,2.3807647,1.9837877,2.652313,2.697163,2.514731,2.704043,2.6416478,3.0904737,1.9767318,1.8971674,0.0,1.6732365,2.6425405,2.6564977,2.6190848,2.3761168,2.995716,2.3239436,2.8215709,3.0123053,3.514799,2.4838886,3.7602851,3.6507463,3.2443533,2.4978638,3.4383075,3.7252007,3.4894595,3.2045233,3.8442469,3.90619,2.7260284,2.5171235,3.4956489,2.7007658,2.8309667,3.5435092,2.7581103,3.2530801,2.9456818,3.6984046,2.275414,2.9433095,3.7121568,4.068335,3.4304051,3.414002,2.3974333,2.6388366,2.315966,2.2771184,2.0256023,1.9692253,1.7841156,1.9610498,3.2521582,4.152326,3.75931,3.8553855,3.356858,3.5237036,3.6911666,3.1029081,2.9612007,2.9571795,2.920578,1.8785099,2.8637638,3.192056,3.4151413,3.854795,3.665118,2.7464337,3.529966,3.43938,4.365028,3.3838627,3.0423205,3.874239,3.0299413,2.8059173,3.0745378,2.9108272,3.4434881,3.677087,3.6625566,3.3305929,3.5154014,3.4535081,2.9638007,3.1005394,3.5655196,3.6607878,3.5660772,2.9053824,2.9155855,2.7217445,2.8379924,2.8185053,2.6269174,2.9842796,2.6844976,2.6844976,2.7239854,2.7256112,3.1291683,3.0991042,2.563511,2.554389,2.8239381,2.8328345
27,2.361082,2.6279345,2.559457,2.6741226,2.8040798,2.7807412,2.6119015,2.6050882,2.2402627,2.0727983,2.675767,2.2489057,2.1648607,2.5634809,2.5009584,2.5295684,2.205543,2.108155,1.8502411,1.9084578,1.8729545,1.8939065,2.0740216,2.8784485,2.2556303,2.2305868,1.6732365,0.0,1.9870487,1.7594848,1.9930286,1.9610151,2.510952,2.4110596,2.6078196,2.6411133,3.161219,1.9826353,3.434656,3.3016384,3.2685187,2.6313474,3.4679217,3.1327665,3.2355607,2.959808,3.584518,4.232358,2.1454194,1.9739298,3.0669928,1.9743047,2.2168105,3.0931547,2.12721,2.9962077,2.1795294,2.830948,2.4742057,2.379515,3.4941847,3.5493538,3.0514152,2.9108925,1.9349293,1.9952585,1.5289525,1.4683335,1.7116609,1.6550561,1.7011528,1.7074815,2.8330832,3.7269676,3.2193549,3.3155227,3.2904088,3.4547882,3.2038946,2.5939207,2.4522412,2.6653237,2.5518646,1.6241868,2.5489402,2.921825,3.310642,3.6190808,3.1207614,2.194757,3.0517879,2.945584,3.289611,2.759324,2.4048257,2.8538444,2.517554,2.3298752,2.3774292,2.2259705,3.0650904,3.3094714,3.3121586,2.937775,2.9568667,2.875906,2.3959496,2.632172,2.97565,3.0711582,2.9683459,2.4701781,3.8625455,3.732478,3.7114785,3.7059886,2.1470068,2.62257,2.2250714,2.2250714,2.2727544,2.2760527,2.7313507,2.6970093,2.075534,2.062204,2.0584295,2.396292
28,2.1529074,2.3683178,2.3011975,2.3537056,2.7461548,2.7606761,2.413912,2.4255142,2.0632288,2.3369725,2.563053,2.4333713,1.7049721,2.5926445,2.7239726,2.7304156,2.4057796,2.051863,1.7513007,1.7778411,1.8141205,1.8933525,1.5292704,2.581782,2.2754822,2.2376313,2.6425405,1.9870487,0.0,1.1244594,1.9208146,1.4080478,1.7857298,2.402103,2.7492125,1.8806913,2.9715004,1.660891,3.431396,3.4325283,3.0015125,2.7573261,3.1369865,2.8197663,2.8163898,2.5077076,3.535978,3.957173,1.6622486,1.9229871,3.0009875,2.0510757,1.99038,2.8974457,1.9051989,2.93153,2.0165048,3.0444438,2.2600362,1.7349225,2.7099533,2.7212558,2.4368439,2.477233,2.454835,2.7289336,2.1191936,2.047921,2.550987,2.4883118,2.2429366,2.4868822,2.8441045,3.7470129,3.3725739,3.4168663,3.2380612,3.4076748,2.898994,2.2417712,1.9814372,2.665155,2.229168,2.1614754,2.392703,2.6970766,2.9633539,3.6692965,3.173919,3.1096275,3.113187,2.991518,3.3989453,3.0720856,2.7837107,2.857743,2.6854556,1.9142771,2.434343,2.43595,2.801932,3.0935595,3.0217516,2.7093484,3.0187047,2.9382067,2.3331854,2.42753,2.5473173,2.8937652,2.5928686,2.0385861,3.9916968,3.7556648,3.8426776,3.8620865,1.9705781,2.2607913,2.0032403,2.0032403,2.006391,2.0131536,2.7392662,2.7206175,1.908914,1.8909849,2.1121452,2.0684068
29,2.2156465,2.4767098,2.4797199,2.5257435,2.7478566,2.7586918,2.3902252,2.4063697,1.6984916,2.016631,2.2736933,2.0798354,1.4987957,2.3615615,2.5149379,2.5353873,2.0349562,1.989986,1.52573,1.5480376,1.7296299,1.6362048,1.3831891,2.8313189,2.0245872,2.0040865,2.6564977,1.7594848,1.1244594,0.0,1.6081132,1.3948861,2.1007187,2.6784918,3.145412,2.3879278,3.2562327,1.9751332,3.654465,3.6636248,3.3382285,3.086061,3.4701653,3.011257,3.262471,2.9508479,3.56961,4.334341,1.9795103,1.7988273,2.9264057,1.659832,1.8406202,2.8251112,1.7578621,2.935741,1.9160317,2.6253543,2.3379102,1.583731,2.593362,2.6211116,2.4387138,2.1542099,2.5091,2.805632,2.1592407,2.1003656,2.5230944,2.4888663,2.2361794,2.4638805,2.6179328,3.4501941,3.0560544,3.1120899,2.9234657,3.1186602,2.5054119,1.7680169,2.010737,2.61757,2.177797,2.259966,2.3805501,2.688773,3.1209705,3.2397792,2.763786,2.7277365,2.740606,2.6127708,2.8087423,2.3800247,2.2159054,2.4465659,2.143678,1.9900606,1.918046,1.9432147,2.6933875,2.9918098,2.9817321,2.5733087,2.6658301,2.5714386,2.1381328,2.4506056,2.577206,2.9318583,2.6291385,1.993808,3.7327502,3.6850798,3.6524162,3.669148,1.7994648,2.0026925,1.8414099,1.8414099,1.8858926,1.892527,2.661856,2.6389816,1.7473074,1.7263983,1.9643368,1.8243554
30,1.91565,2.1881444,2.1822488,2.2200682,2.439836,2.4514225,2.1014085,2.1152403,2.0066893,1.785403,2.6422553,2.518897,1.4098748,2.10695,2.1613874,2.105285,2.0983667,1.9911216,1.7812443,1.8449903,1.9030955,1.8711556,2.1184788,3.3018913,2.0519989,2.0053213,2.6190848,1.9930286,1.9208146,1.6081132,0.0,1.4029099,2.1203256,2.608687,3.1069608,2.3222802,3.3083026,2.142153,3.434082,3.4623206,3.482655,3.333896,3.5575764,3.4038756,3.7879834,3.5332675,4.1947436,4.7474804,2.0249667,1.8891912,2.4901056,1.682357,1.7038311,2.1946228,1.6965,2.789855,1.9368361,2.3001993,2.0019295,2.1660602,2.4658756,2.702544,2.4779053,2.1667569,2.3054924,2.618899,2.165953,2.0989687,2.6168315,2.4998012,1.8443857,2.4727929,2.7301905,2.7757423,3.312643,3.3763528,3.3294265,3.5316963,3.0848105,2.2916107,1.9192058,2.1870594,2.165986,2.2525392,2.4463782,2.6896896,3.0835085,3.289926,2.769804,2.6561368,2.663287,2.569471,2.9809382,2.4010684,2.3386223,2.5858324,2.1061842,1.9127723,1.9204388,1.9522222,2.036118,3.1783485,3.1870859,2.7873726,2.57439,2.460236,2.0622175,2.4048374,2.6595702,2.7401907,2.6602316,1.7762814,3.3971999,3.3710394,3.371852,3.354277,1.7978531,2.789777,1.8414128,1.8414128,1.8839699,1.8878019,2.3327248,2.3043194,1.7629437,1.7417129,2.031118,1.9429456
