,0,1,2,3,4,5,6,7,8,9,10,11,12,13,14,15,16,17,18,19,20,21,22,23,24,25,26,27,28,29,30,31,32,33,34,35,36,37,38,39,40,41,42,43,44,45,46,47,48,49,50,51,52,53,54,55,56,57,58,59,60,61,62,63,64,65,66,67,68,69,70,71,72,73,74,75,76,77,78,79,80,81,82,83,84,85,86,87,88,89,90,91,92,93,94,95,96,97,98,99,100,101,102,103,104,105,106,107,108,109,110,111,112,113,114,115,116,117,118,119,120,121,122,123,124,125,126,127
0,0.0,1.5793989,1.4514475,0.9773487,4.2785707,4.4382033,5.276566,4.884073,1.7958488,1.7702196,2.1665926,1.3583833,2.4720924,2.0323377,1.515161,1.9905719,2.074498,2.0595036,2.6047208,2.2948787,1.7476674,1.7649475,3.2895064,2.228002,4.5556307,4.0802574,4.1759324,4.3321347,2.0902293,2.089645,3.0961514,1.9911611,1.595207,2.6850061,1.5298822,1.46915,2.9567168,2.5446217,1.8342053,1.8294101,2.1505072,2.3538663,1.9104866,2.4330668,3.0255067,2.7716355,2.6702976,2.5741544,3.131912,2.5616574,2.5519598,2.0787416,2.5423956,2.6074824,2.1780446,2.8785408,1.9935021,2.1500275,2.690389,2.1407325,1.0943536,1.3289161,1.9855067,1.262447,2.8580418,2.712879,2.6052694,2.8555079,3.1885803,3.3498173,3.185476,3.0957751,3.112392,2.8172762,2.9545524,3.0983315,2.9457686,3.1318412,3.76472,3.7539878,2.9029968,2.6188686,2.5834646,2.6557677,2.822544,2.8505828,2.7373424,2.6799757,3.3196354,3.2906992,3.4600213,3.3692968,3.5461116,3.5578861,3.415637,3.7922382,3.381737,3.7264094,2.878626,3.258983,3.0054457,3.5101767,3.0208251,3.4449773,2.9689035,2.0548747,3.127538,4.3420925,2.6224535,2.4434507,2.5107224,2.5480592,3.0500307,3.2233384,2.733035,2.83386,3.384385,2.8475804,2.7509708,2.9892156,2.933434,3.1470616,2.9312563,3.1054826,3.1538045,3.626603,3.005323,2.6956737
1,1.5793989,0.0,2.2882357,2.217987,4.657964,4.8167915,5.1261396,5.2478585,2.3791468,2.2958212,2.5995913,2.0040817,2.7191553,2.4750113,2.15242,2.472553,3.2793355,3.266757,3.4167402,3.4231355,2.530828,2.5536516,3.9185984,2.976261,4.134498,4.558828,4.6624055,4.633931,2.949646,2.9597983,3.7637794,2.8780441,2.7288759,3.4333045,2.72102,2.6878498,3.8491557,3.5833347,3.0029418,3.0255532,3.04209,3.188444,2.9035637,3.2432804,3.7046247,3.5777895,2.39544,2.405578,4.189376,3.8103943,3.7156024,3.3409097,3.5830317,3.712923,3.414232,4.005003,2.5147533,2.7969537,3.4319968,3.1012063,2.1524613,2.2163422,2.745384,2.3446422,3.3630495,3.2264204,3.1546154,3.3462515,3.6153195,4.003675,3.6193376,3.541668,3.5506449,3.3056126,3.4317927,3.5399108,3.3450508,3.6151595,4.086174,4.059816,3.3786147,3.1348732,3.1194012,3.182936,3.27984,3.2879167,3.3233974,3.1096752,4.2080073,4.1491933,4.2832804,4.243459,4.311825,4.314797,4.246288,4.599217,3.422299,3.8187337,3.0454826,3.4138253,3.546004,3.5738611,3.5510175,3.8173535,4.003347,2.7577078,3.595859,4.687814,3.2690156,3.1157568,3.1183178,3.1191483,3.294732,3.432353,3.0515532,3.1225388,3.744767,3.1034732,3.0561047,3.1576173,3.8381615,4.0988126,3.8167686,4.0052266,3.3860204,3.6064904,3.2081296,3.0807827
2,1.4514475,2.2882357,0.0,1.2508168,3.4584558,3.6134343,4.865019,4.4591513,0.7597379,0.75933164,1.4299722,1.3253325,1.9092199,1.2783073,0.6796531,1.3718415,2.0437725,2.0125167,2.1483793,1.7912781,1.6023571,1.630427,2.7545362,1.4608141,4.2109656,3.3973851,3.4389946,3.5754924,2.3704772,2.30527,3.2434847,2.2009926,1.0077393,2.8150003,1.9220393,1.8441333,2.3089783,2.8935654,2.1687796,2.1476953,2.3027222,2.3745737,1.9268245,2.7840428,3.5262175,2.9886522,3.1209645,3.0184739,3.2722101,2.7171504,2.9000952,2.2074535,2.4224532,2.5094078,2.2918663,3.0703604,2.0798888,2.1832826,3.0214665,2.4558012,1.081355,0.586006,2.3007035,1.3808573,2.018006,2.2232323,2.0746176,1.8865243,2.2616665,2.5038292,2.2665133,2.1895006,2.1785767,2.0395446,1.9973406,2.1758158,2.0547438,2.7146955,3.055479,3.0598109,2.0663424,1.6937479,1.7023331,1.6544081,1.8326461,1.8661597,2.282779,1.799305,2.729706,2.792551,2.8860989,2.9347668,2.8212926,2.832466,2.7371075,3.1511214,2.9230037,3.123319,2.4845345,2.8374617,2.51526,3.167889,2.5307143,3.0169835,2.2887926,1.2748107,2.8276377,4.0364194,2.044357,1.858778,1.9657565,1.9062248,2.6191733,2.8363109,2.3911023,2.5123281,2.645927,2.3569279,2.2357297,2.5083258,2.4008186,2.6506164,2.4989934,2.7596874,2.8673904,3.3337069,2.7131233,2.814817
3,0.9773487,2.217987,1.2508168,0.0,3.6346693,3.7953982,4.912428,4.291513,1.6325283,1.6424966,2.045707,1.052441,2.383761,1.8904248,1.3336953,1.8327423,1.5320332,1.5194545,2.3158534,1.8510244,1.3581331,1.3620957,2.9631474,1.8512363,4.202011,3.2760103,3.3966887,3.6158898,1.8375263,1.7978456,2.9185545,1.7188244,1.4315068,2.5571525,1.2031434,1.1469444,2.186109,2.229614,1.4180943,1.4090978,1.994073,2.168767,1.7872479,2.2857935,2.8037932,2.5171652,2.9006853,2.6476922,2.9492602,2.2322814,2.2433765,1.5012746,2.264319,2.3123405,1.6460851,2.5917633,1.995039,2.033124,2.5904305,1.9431331,0.66609085,1.1872674,2.0973918,1.0891329,2.3686228,2.1215847,2.0178595,2.3662777,2.7426617,2.8287084,2.7318344,2.6385422,2.6531196,2.2761633,2.4658573,2.635316,2.517532,2.6918633,3.3915014,3.3850262,2.403397,2.09781,2.0131836,2.0808775,2.3652132,2.4222739,2.1644244,2.2244492,2.7548957,2.7391105,2.9058723,2.7964618,3.0420477,3.0649173,2.9071207,3.2890284,3.347637,3.4976697,2.8450341,3.225599,2.809437,3.4662127,2.8461096,3.3104467,2.6259644,1.8595021,3.1903663,4.333278,2.4852488,2.3032699,2.4214156,2.44219,2.9154522,3.0948792,2.6335402,2.733678,2.9194708,2.6967955,2.6062732,2.8899798,2.6075282,2.7294304,2.6501396,2.8414793,3.0922115,3.6234126,2.9613545,2.9423459
4,4.2785707,4.657964,3.4584558,3.6346693,0.0,0.915622,3.5810275,2.8686411,3.4461339,3.4776154,3.396293,3.4408634,3.625441,3.558091,3.390109,3.3731914,3.8892505,3.9058983,3.927352,3.8117564,3.7547045,3.7485185,4.295982,3.5907385,3.6697958,2.185585,1.6725,2.7395983,4.073066,4.0708494,4.831941,4.0198193,3.8229399,4.7218895,4.043909,3.9960492,2.68063,4.707897,4.165164,4.169621,4.374166,4.4125724,4.0727468,4.572849,5.110897,4.7071714,4.2662125,4.8002,4.6632466,4.2693,4.479285,3.8788874,4.317785,4.418776,3.933503,4.658054,3.997075,3.975849,4.380274,4.227072,3.531363,3.4845347,4.4310346,3.619719,2.704965,2.7257192,2.7119987,2.7277274,3.0050142,3.2558568,3.0029533,2.991679,3.034357,2.9138365,2.8974528,3.0270274,2.9293559,3.43422,4.576446,4.5792027,2.706101,2.6069727,2.6260576,2.555596,2.6433337,2.7773702,2.9276526,2.6956038,3.6230943,3.7000349,3.5962327,3.6996977,3.633298,3.6473377,3.7441945,3.9156315,4.42453,3.9930243,4.3422937,4.3553705,4.054511,4.5608835,4.179214,4.511398,3.9337635,3.520248,3.8613853,4.6780186,4.218555,4.07634,4.0514345,4.109972,4.636499,4.753886,4.03731,4.0199356,3.4460664,4.0770574,4.1209435,4.2249703,4.11032,4.1937704,4.3186707,4.6177077,4.290182,4.484786,4.20857,5.0858207
5,4.4382033,4.8167915,3.6134343,3.7953982,0.915622,0.0,3.3352408,2.9945602,3.5404346,3.5441744,3.4749193,3.465782,3.7178018,3.6551242,3.4975536,3.4700892,4.039334,4.0501523,4.0930657,3.9774034,3.924254,3.916764,4.409629,3.7786455,3.8086298,2.3625126,1.8897222,2.9948301,4.063885,4.021884,4.7352715,3.9921017,3.9103189,4.835468,4.0853233,4.044167,2.8805175,4.833883,4.273277,4.2742805,4.4294505,4.407438,4.1796594,4.6787806,5.226073,4.619066,4.3596377,4.8892365,4.59585,4.21703,4.635437,3.945474,4.312163,4.4308357,3.9704752,4.658134,3.92338,3.9300935,4.511335,4.3201494,3.765342,3.684289,4.543364,3.8139715,2.926603,2.8950756,2.8986363,2.943855,2.9974601,3.250196,2.9878938,3.167817,3.0195773,3.1051319,2.8862863,3.0169482,3.152385,3.403596,4.618723,4.7025933,2.746593,2.6954896,2.720193,2.708986,2.923213,2.8961895,3.223993,2.975259,3.734653,3.806308,3.6546934,3.7606683,3.7066786,3.714247,3.9081893,4.0368915,4.5954924,4.159316,4.453607,4.5246954,4.1633983,4.636902,4.2883024,4.6023464,3.912759,3.7835138,4.1308403,4.363658,4.34375,4.19965,4.2004666,4.2694445,4.6453023,4.8445005,4.1289024,4.1138105,3.6448708,4.2730293,4.1423354,4.344044,4.2111535,4.2019978,4.362966,4.8093495,4.3214684,4.4875364,4.3259845,5.1736894
6,5.276566,5.1261396,4.865019,4.912428,3.5810275,3.3352408,0.0,2.3146534,4.6757812,4.662573,4.5420876,4.344097,4.53181,4.653519,4.599396,4.480268,5.3396835,5.3829103,5.336136,5.413097,4.95867,4.9563866,4.4758477,5.0593314,4.0516386,4.0086575,3.8691835,4.2986703,4.9529753,4.921631,5.44331,4.912035,5.2260976,5.751604,5.113637,5.076534,4.5403914,5.9617753,5.3900294,5.416292,5.5166135,5.004437,5.4151025,5.7201495,5.223601,4.7760754,4.732924,5.360379,5.1402817,5.502673,5.0994835,5.1178284,4.6585393,4.8737106,5.1395445,5.0227365,3.9655697,3.9765615,4.6508145,4.5892015,4.8893137,4.878756,4.7213798,4.9970174,4.436149,4.232838,4.285282,4.4182916,3.725549,4.265337,3.7051005,3.9720638,3.779673,3.9246807,3.9979851,3.7712271,3.9478662,3.3620982,5.091332,5.210189,3.8995266,3.8676553,3.8796716,3.985772,4.1654477,3.9873447,4.28476,4.129291,5.111809,5.1037126,4.9604783,5.048,5.0687585,5.0658965,5.2842603,5.384985,4.705075,4.373435,4.954755,4.6638675,4.823281,4.2681203,4.993915,4.6275034,4.6445947,4.711876,4.4261956,4.181274,4.550485,4.5538692,4.5141435,4.5318317,4.966839,5.1136045,4.6836925,4.641614,4.4118876,4.7830462,4.5309806,4.4534454,5.4662285,5.3922496,5.1497083,5.7210793,4.4001493,4.359469,4.4556484,5.586459
7,4.884073,5.2478585,4.4591513,4.291513,2.8686411,2.9945602,2.3146534,0.0,4.45344,4.483514,4.3702817,4.1535006,4.4854703,4.4795914,4.350873,4.2675867,4.57303,4.6297865,4.8406305,4.6828327,4.47587,4.456241,3.850519,4.535075,4.2962947,3.2824888,3.1160328,3.791382,4.5691524,4.5763426,5.234212,4.535131,4.7330785,5.1888757,4.5530963,4.5290046,3.6854193,5.0792294,4.631674,4.6414056,4.8764234,4.4347754,4.759283,5.0125623,4.4250975,4.2408752,4.754999,5.1702867,4.4583354,4.814087,4.063048,4.372036,4.0578866,4.170219,4.4438257,4.252073,3.8547308,3.6871886,3.922481,3.85824,4.2682023,4.399561,4.17066,4.323888,3.9616556,3.7628758,3.7887895,3.9779449,3.555008,3.7310338,3.534365,3.5294476,3.6207418,3.4265954,3.8166368,3.6021113,3.5102732,3.1001017,4.902839,4.9040956,3.6070385,3.5375893,3.5247605,3.5523036,3.7013774,3.760756,3.6039896,3.6891742,4.181924,4.199901,4.113054,4.157547,4.2784657,4.2896576,4.3535304,4.482469,4.498288,4.097609,4.783336,4.4570208,4.4004855,4.215907,4.5865445,4.311074,4.002742,4.069361,3.898671,4.679813,4.026722,4.036146,4.045783,4.073905,4.7982264,4.8026295,4.31581,4.2675633,3.7741103,4.3353662,4.3467026,4.2251935,4.720951,4.6798205,4.4866023,4.819569,4.196282,4.4686127,4.188165,5.208743
8,1.7958488,2.3791468,0.7597379,1.6325283,3.4461339,3.5404346,4.6757812,4.45344,0.0,0.37022176,1.2409935,1.427653,1.864325,1.1874332,0.42586073,1.3453698,2.238288,2.2161028,2.019994,1.8004427,1.760869,1.7901298,2.6475122,1.3317878,4.0621715,3.3354323,3.3685608,3.5045147,2.324471,2.2540195,3.1511998,2.1703117,1.2083932,2.679258,2.3016937,2.2274756,2.5160863,3.2750115,2.5819256,2.5887473,2.6849332,2.6390748,2.4059088,3.2637312,3.6190314,3.221261,3.3466668,3.2689984,3.6316419,3.0766165,3.1991575,2.4652743,2.5024402,2.657549,2.5267687,3.2874033,2.1620052,2.2607992,3.3794594,2.7585,1.6228582,0.80455047,2.4956756,1.8297211,1.882983,2.2807968,2.1693285,1.8514556,2.0868275,2.5092702,2.094705,2.110502,1.9890276,2.083458,1.8340602,1.9964951,1.9595147,2.728652,2.8934402,2.9434233,2.063673,1.6922083,1.720476,1.695636,1.8314047,1.7432512,2.4194093,1.8425925,2.9556677,3.05875,3.106848,3.2310798,3.0000958,3.0171027,2.9512072,3.2920208,2.7765396,2.9404058,2.3113182,2.627552,2.4073975,2.973996,2.4458406,2.9000669,2.1683366,1.2779888,2.8621743,3.7563996,2.0417314,1.834534,1.921847,1.8949279,2.5537832,2.8039696,2.3712249,2.4873292,2.5720198,2.3267984,2.0759728,2.3700392,2.4296892,2.5370526,2.409598,2.8294525,2.8425138,3.2468154,2.6953373,2.899898
9,1.7702196,2.2958212,0.75933164,1.6424966,3.4776154,3.5441744,4.662573,4.483514,0.37022176,0.0,1.2497979,1.4220111,1.9128991,1.2929476,0.51617306,1.3700684,2.3633475,2.3335128,2.1808865,1.9587495,1.8876584,1.9239924,2.7594771,1.5436821,4.094192,3.4380898,3.4723186,3.6516976,2.3890073,2.286624,3.1799319,2.2047958,1.2367938,2.7361066,2.306517,2.2312071,2.5977292,3.355123,2.6366267,2.6276722,2.6807196,2.65154,2.4044778,3.2522185,3.673267,3.2348795,3.3251407,3.2312918,3.6361127,3.1282637,3.2874482,2.5911982,2.639097,2.759355,2.6645741,3.4149628,2.1067486,2.236992,3.3585482,2.7752712,1.6458638,0.8303091,2.5034566,1.795047,1.9413255,2.311183,2.1595643,1.8981497,2.0981188,2.493879,2.1059706,2.1395545,2.000539,2.1076183,1.8486732,2.0114007,2.016509,2.7479954,2.901602,2.9596198,2.0786572,1.7272625,1.7554781,1.7178164,1.9027498,1.8028682,2.5320685,1.9121349,2.9752858,3.0717976,3.1152666,3.2335312,2.9996753,3.0130012,2.9555898,3.3243842,2.8345902,3.0077744,2.3544865,2.659621,2.48176,2.9636052,2.5369556,2.9666712,2.2805564,1.3955928,2.8963068,3.8022184,2.0840855,1.8554223,1.9520622,1.9856777,2.4821239,2.7544327,2.2653198,2.3765273,2.6512637,2.382142,2.0979633,2.4157596,2.5346527,2.688957,2.5117965,2.9219503,2.7594407,3.1681707,2.6512196,2.8065054
10,2.1665926,2.5995913,1.4299722,2.045707,3.396293,3.4749193,4.5420876,4.3702817,1.2409935,1.2497979,0.0,1.5413291,1.2032328,1.0810171,1.1686971,0.5142856,2.7382884,2.7297266,2.5612855,2.412542,2.4692705,2.4779403,3.0765924,2.0892093,3.7176793,3.3459523,3.40735,3.6338599,2.5576968,2.5277297,3.9419982,2.4909742,1.6112566,2.949548,2.5195425,2.4518971,2.668362,3.635689,2.844312,2.8564317,3.0471373,2.990793,2.7759013,3.5646038,3.921964,3.4985495,3.510699,3.5389564,3.8049138,3.3358402,3.439792,2.7488818,2.8720317,3.0610874,2.8165507,3.4975731,2.3606255,2.4669845,3.115768,2.9609835,2.010332,1.349609,2.7282748,2.2854514,1.6305108,2.0532832,1.9594942,1.6338906,1.8300949,2.2804546,1.8534325,1.8394716,1.8229501,1.9828396,1.6844795,1.8292067,1.7676971,2.5338228,2.8482115,2.8929977,1.7513502,1.8386211,1.9631525,1.8975111,1.9965342,1.9330497,2.5472476,2.009363,3.1259928,3.215617,3.243285,3.3689666,3.1522322,3.160474,3.0937371,3.016856,2.888077,3.0361257,2.7151215,2.8107753,2.628848,3.0958948,2.660841,3.0560524,2.4675522,1.6818577,2.9198012,3.7551706,2.3020358,2.0792804,2.1488917,2.2073803,2.7825751,2.9720745,2.5476494,2.595863,2.7635581,2.5728076,2.4038463,2.6213741,2.648515,2.778715,2.6137192,3.4707954,2.6023428,2.993397,2.759233,3.0182614
11,1.3583833,2.0040817,1.3253325,1.052441,3.4408634,3.465782,4.344097,4.1535006,1.427653,1.4220111,1.5413291,0.0,1.8596689,1.3668401,1.1047416,1.3342642,2.1058955,2.0994313,2.5341177,2.3129663,1.7297937,1.7478428,3.1066682,2.1033373,3.6230578,3.1200638,3.235925,3.404462,1.8462663,1.7835226,3.1507185,1.7612191,1.5822452,2.755795,1.499404,1.418525,2.2267988,2.8335948,1.9633223,1.9849118,2.4053764,2.404236,2.1729944,2.726351,3.1305966,2.6834736,2.7207263,2.7052774,3.133072,2.5567706,2.7079902,1.8342792,2.3550334,2.514191,1.908465,2.77979,1.710739,1.8767004,2.7558866,2.19452,1.1679924,1.309588,2.2741945,1.6279689,2.042991,1.7426854,1.6511948,1.9857843,2.1715221,2.4966257,2.1597233,2.2255523,2.0846741,1.910317,1.8882229,2.0670705,2.1185308,2.1667323,3.0223587,3.0938957,1.8393542,1.7186465,1.6683465,1.8064575,2.116698,2.006896,2.049998,1.9603888,2.911719,2.8884983,2.9790344,2.9238062,3.0990267,3.1149018,3.0737083,3.2518609,3.2129216,3.3239326,2.8271363,3.0856774,2.7979794,3.273929,2.8384104,3.225807,2.6400344,1.9878566,3.1676574,3.8333526,2.52023,2.3440266,2.4307272,2.4373827,2.7753844,3.0338833,2.636993,2.7147238,2.8845704,2.698785,2.4474313,2.756998,2.7970264,2.8659737,2.7717474,3.3628893,2.924092,3.320573,2.8005695,3.0657578
12,2.4720924,2.7191553,1.9092199,2.383761,3.625441,3.7178018,4.53181,4.4854703,1.864325,1.9128991,1.2032328,1.8596689,0.0,1.3746601,1.7804716,0.8696929,2.8966973,2.90186,2.6854901,2.7460117,2.5157402,2.5021758,3.2367039,2.299499,3.852024,3.444379,3.5537784,3.422101,2.7642908,2.7454185,4.1146536,2.7509034,2.0221183,3.220231,2.5612776,2.5030544,2.7409868,3.6935334,2.9081059,2.9446478,3.200016,3.203452,3.0503843,3.629044,4.0145035,3.552503,3.5456543,3.5816333,4.0376587,3.569295,3.667274,2.8330946,3.0581827,3.2789032,2.8211138,3.5482094,2.7710152,2.8768587,2.9706287,3.203243,2.2494507,1.9369661,3.1366467,2.7608213,2.2265234,2.3267472,2.3096766,1.9846054,2.1581545,2.7879689,2.175832,2.1789935,2.1663606,2.1805356,2.0319285,2.156063,2.1052694,2.66481,3.1324174,3.170427,2.083891,2.121979,2.2011335,2.2167714,2.287209,2.2052207,2.6265209,2.2181065,3.6119025,3.6600773,3.7143977,3.7760048,3.6963742,3.70846,3.6630604,3.602778,3.029273,3.215172,2.866952,3.1426024,2.7818074,3.3487754,2.7741668,3.1471217,2.9191809,2.3106365,3.3330479,4.0991664,2.7270095,2.6427345,2.6577833,2.4609175,3.1215084,3.3380184,3.1352825,3.2290308,3.0025427,2.7899513,2.658685,2.763997,3.0595472,3.2112353,3.0340621,3.7980585,2.8138568,3.0004015,3.1604946,3.615722
13,2.0323377,2.4750113,1.2783073,1.8904248,3.558091,3.6551242,4.653519,4.4795914,1.1874332,1.2929476,1.0810171,1.3668401,1.3746601,0.0,1.1610394,1.0493336,2.6492128,2.6349885,2.5753329,2.4520679,2.1566951,2.1670756,2.9744277,1.9546316,3.71954,3.4038494,3.4346936,3.330623,2.5324407,2.487696,3.913375,2.4441435,1.4377316,2.7843492,2.1913044,2.124955,2.5242832,3.208938,2.5117216,2.5445924,2.7191114,2.6661444,2.4882488,3.2063491,3.5493255,3.1779864,3.224393,3.1237113,3.76233,3.2397988,3.2650003,2.4354577,2.5543392,2.7145991,2.4637117,3.183011,2.301975,2.400381,3.3497536,2.7848976,1.6964314,1.2575577,2.6128516,2.1460145,1.799549,2.0220637,1.9247755,1.4936892,1.7805259,2.2652805,1.7924464,1.7290145,1.7293944,1.7267643,1.5642546,1.7199324,1.6279302,2.3580742,2.705659,2.7333195,1.7109891,1.8106086,1.8470793,1.8488269,1.9084226,1.8523564,2.2536983,1.8665512,3.049828,3.1063085,3.1794648,3.2595038,3.1449375,3.1658943,3.077265,3.0188665,2.8074822,2.9768655,2.7151566,2.8084114,2.5631049,3.130709,2.547384,2.952292,2.4483356,1.5604187,3.083703,3.941062,2.2403681,2.1471426,2.2836986,2.039014,2.7157657,2.9129555,2.7338264,2.837164,2.5420542,2.3092115,2.1903603,2.3953426,2.5398092,2.6680431,2.5600035,3.369323,3.003266,3.3661842,2.8047311,3.173857
14,1.515161,2.15242,0.6796531,1.3336953,3.390109,3.4975536,4.599396,4.350873,0.42586073,0.51617306,1.1686971,1.1047416,1.7804716,1.1610394,0.0,1.1998551,2.0258632,2.0080528,1.9428731,1.7480203,1.5870166,1.6184258,2.6885483,1.388558,3.9232705,3.207013,3.2606118,3.4397047,2.121772,2.0672305,3.1070986,1.976432,1.1851352,2.6975543,2.0526564,1.9715991,2.3809059,3.0899162,2.3412015,2.3518677,2.5888987,2.5682344,2.3193867,3.1076632,3.4974873,3.0826738,3.1697583,3.0932405,3.4523911,2.846865,2.96486,2.226067,2.4297385,2.5713325,2.3193882,3.1329594,1.9827032,2.0910072,3.120184,2.5071595,1.356948,0.69544876,2.3111236,1.5923724,1.78701,2.0390244,1.9528008,1.825323,2.1128592,2.550022,2.1175535,2.1035926,2.0229743,1.9953129,1.8518639,2.024503,1.9610314,2.6087692,2.937167,2.9737604,1.9793445,1.6549063,1.6540396,1.6577859,1.8600296,1.8016789,2.2753413,1.8209583,2.986661,3.0593486,3.1282375,3.1999676,3.0736716,3.0879912,3.011721,3.290797,2.7843454,2.9424634,2.3135996,2.6086469,2.383816,2.9377022,2.4252148,2.887864,2.2760775,1.332672,2.8366683,3.7924228,2.0822632,1.8462306,1.9318109,1.9706402,2.5943274,2.8320158,2.3355036,2.442797,2.6176703,2.3707001,2.1547616,2.418022,2.4481237,2.5510075,2.4279644,2.8851433,2.8052082,3.20296,2.6587636,2.8493586
15,1.9905719,2.472553,1.3718415,1.8327423,3.3731914,3.4700892,4.480268,4.2675867,1.3453698,1.3700684,0.5142856,1.3342642,0.8696929,1.0493336,1.1998551,0.0,2.5430844,2.538563,2.5179455,2.3557117,2.238363,2.2390625,3.0408845,2.0185378,3.674234,3.231399,3.3268142,3.4712195,2.392751,2.3679552,3.8134618,2.348594,1.5721772,2.9186373,2.2449489,2.1774142,2.4757593,3.3986077,2.5797882,2.5984921,2.8693345,2.853604,2.6239824,3.3308194,3.733885,3.2851865,3.2979658,3.331729,3.6593254,3.1523736,3.2568305,2.4993868,2.7365065,2.938338,2.5464802,3.2750428,2.2982402,2.3929462,2.7988896,2.79081,1.7740885,1.3430609,2.662475,2.188423,1.7436739,1.9365444,1.8692998,1.6541398,1.8853234,2.3122988,1.902058,1.8841759,1.8737497,1.8922741,1.7138634,1.8682737,1.7958596,2.4009726,2.9161355,2.9531827,1.7197492,1.7526064,1.8573251,1.8283663,1.9618032,1.9111127,2.341187,1.9160557,3.049147,3.1062982,3.1587446,3.2330172,3.1306446,3.1412,3.0734468,3.0401907,2.954027,3.1188917,2.744569,2.9392557,2.6569097,3.1855986,2.6797912,3.0799873,2.5316243,1.769076,2.9597423,3.8244812,2.339702,2.1628807,2.2202537,2.1896958,2.8274896,3.029725,2.6602125,2.725552,2.7535028,2.5605655,2.4135242,2.6277242,2.7040355,2.8345032,2.67385,3.460112,2.584738,2.9839668,2.8136897,3.1192446
16,2.074498,3.2793355,2.0437725,1.5320332,3.8892505,4.039334,5.3396835,4.57303,2.238288,2.3633475,2.7382884,2.1058955,2.8966973,2.6492128,2.0258632,2.5430844,0.0,0.13874748,1.4775143,1.0211486,1.250409,1.2472395,2.8544955,1.6738578,4.854743,3.1006176,3.2294788,3.4705882,1.8577952,1.8714938,2.6078658,1.7947096,2.0103872,3.1894124,1.9264811,1.8510602,2.2388983,2.3487225,1.8519287,1.885633,2.840963,2.9410033,2.809008,3.1986144,3.393633,2.9530098,3.900654,3.6210098,3.1625276,1.8963525,2.1430137,1.2208065,2.2424443,2.2289054,1.3916503,2.491756,2.7936394,2.644854,2.9559877,2.2866871,1.832354,2.0864055,2.64883,1.9844843,2.7124271,2.5175405,2.6650908,2.9280875,3.2969022,3.5311377,3.2846613,3.2268507,3.2125082,2.8867087,3.0339673,3.198659,3.1446052,3.3063855,3.8845103,3.8918772,3.022351,2.636928,2.5059245,2.5992713,2.8703687,2.8989048,2.4875956,2.771662,3.427977,3.4663622,3.6203918,3.5042548,3.739742,3.7618563,3.6155772,3.8441453,3.802999,3.8726332,3.1691284,3.5777574,2.9704008,3.8716083,3.0054443,3.5348115,2.6909924,2.4757202,3.6038918,4.4912734,2.8733158,2.7059886,2.753778,2.8131435,3.7551818,3.9590285,3.509078,3.6371727,3.4407184,3.4192953,3.294813,3.4930403,2.8955274,2.6400268,2.8313901,2.9240634,3.8884702,4.3263316,3.8214157,3.888455
17,2.0595036,3.266757,2.0125167,1.5194545,3.9058983,4.0501523,5.3829103,4.6297865,2.2161028,2.3335128,2.7297266,2.0994313,2.90186,2.6349885,2.0080528,2.538563,0.13874748,0.0,1.4996325,1.0023558,1.2219661,1.223261,2.8790193,1.6470348,4.8520412,3.1259036,3.2490623,3.4916408,1.8767954,1.8780488,2.6092558,1.8046644,1.9898717,3.1878264,1.9291953,1.8554345,2.2742598,2.3298705,1.8472005,1.8774846,2.826804,2.9416711,2.8000875,3.1944795,3.419843,2.9630787,3.8922107,3.5830016,3.2114463,1.9009511,2.2070491,1.2571803,2.2820323,2.2600818,1.4264652,2.548409,2.813656,2.666289,3.0149705,2.331956,1.824965,2.071065,2.6756523,1.981161,2.7088351,2.5235353,2.6697133,2.925939,3.3064756,3.5211902,3.2947195,3.239844,3.2186034,2.900901,3.0327206,3.2057514,3.1595385,3.3394887,3.885748,3.8947914,3.0309482,2.6468225,2.518333,2.603367,2.8651078,2.8918962,2.4920805,2.768677,3.4036708,3.4410434,3.595424,3.4803994,3.7099597,3.7320883,3.5858562,3.8139062,3.8559616,3.9321692,3.217234,3.632865,3.0366933,3.925713,3.068156,3.6023705,2.718596,2.4722228,3.6355643,4.504537,2.8794603,2.7084327,2.7494457,2.8155417,3.7780046,3.9874244,3.5369458,3.6658762,3.47087,3.4478145,3.318692,3.5332701,2.9417048,2.6799347,2.8815281,2.9764075,3.9314537,4.3819647,3.8702333,3.9106553
18,2.6047208,3.4167402,2.1483793,2.3158534,3.927352,4.0930657,5.336136,4.8406305,2.019994,2.1808865,2.5612855,2.5341177,2.6854901,2.5753329,1.9428731,2.5179455,1.4775143,1.4996325,0.0,1.0754452,1.8098961,1.8102187,2.6656673,1.442945,5.009113,3.2999012,3.3641725,3.4468403,2.5033138,2.5125196,3.0714357,2.420544,2.095925,3.3016937,2.7022007,2.6285012,2.6823423,3.285635,2.742419,2.7833574,3.4384916,3.4510767,3.4091647,3.943552,4.041957,3.6696243,4.481492,4.208436,3.8716152,2.9384084,3.0595567,2.2827568,2.7723403,2.8051617,2.3962367,3.3410335,3.1778316,3.1163359,3.5832362,3.0139225,2.4633996,2.162598,3.1127567,2.5819902,2.6403553,2.8319335,2.9512868,2.8851566,3.2243798,3.8438785,3.2241232,3.1546342,3.152655,3.0132232,3.0114377,3.1533096,3.0853357,3.6501267,3.788991,3.7953808,3.1581728,2.780332,2.6668777,2.7279263,2.8690426,2.850676,2.958768,2.8457196,4.173363,4.2850733,4.3829813,4.3986273,4.356385,4.376601,4.247308,4.419504,3.353423,3.4043708,2.6883543,3.0784347,2.5228624,3.455118,2.549698,3.115027,2.6718752,2.4528317,3.621058,4.5440307,2.860064,2.6738234,2.6482112,2.7277093,3.7329912,3.9372032,3.488388,3.6375017,3.4692185,3.3938372,3.246465,3.2891574,2.8878887,2.720073,2.8138466,2.976867,3.868602,4.051387,3.826468,4.0138235
19,2.2948787,3.4231355,1.7912781,1.8510244,3.8117564,3.9774034,5.413097,4.6828327,1.8004427,1.9587495,2.412542,2.3129663,2.7460117,2.4520679,1.7480203,2.3557117,1.0211486,1.0023558,1.0754452,0.0,1.5065134,1.5157875,2.5499804,1.131914,4.9435453,3.2123635,3.2860618,3.5604515,2.1648016,2.1496615,2.759608,2.0583527,1.7449547,3.0395954,2.4179535,2.3426726,2.4338462,2.860921,2.3892314,2.4061105,3.036137,3.0718057,2.9437003,3.5774992,3.710343,3.3224466,4.2126975,3.9456546,3.5430193,2.4751806,2.658813,1.9191201,2.3753595,2.3966222,2.0379298,2.9371486,2.9264526,2.7772446,3.3337405,2.707064,2.0784993,1.8214337,2.7750504,2.1403277,2.4617593,2.6782358,2.7699816,2.7111268,3.0668733,3.3243978,3.06519,3.0001624,2.9836087,2.841216,2.828641,2.983085,2.913542,3.4352095,3.662759,3.6710632,2.9525194,2.5194159,2.4513726,2.455195,2.6362195,2.6604097,2.6761427,2.6340044,3.3369823,3.457902,3.5694757,3.5846832,3.5503926,3.5736864,3.4129565,3.6726112,3.5281005,3.615612,2.889937,3.2749455,2.7214336,3.6455226,2.7656813,3.3200426,2.279153,2.0501316,3.3539124,4.305272,2.5260165,2.3276782,2.374097,2.460662,3.5471988,3.7464201,3.2728188,3.4054348,3.2047312,3.1777701,3.0372732,3.2431896,2.6221833,2.3588345,2.528087,2.62717,3.6935236,4.1592174,3.6696234,3.7050452
20,1.7476674,2.530828,1.6023571,1.3581331,3.7547045,3.924254,4.95867,4.47587,1.760869,1.8876584,2.4692705,1.7297937,2.5157402,2.1566951,1.5870166,2.238363,1.250409,1.2219661,1.8098961,1.5065134,0.0,0.16714352,2.6686773,1.21384,4.222528,3.0828984,3.1938102,3.1617496,1.9123955,1.9007082,2.529598,1.8039812,1.9869288,3.1435487,2.027923,1.9664655,2.4301546,2.3525114,1.9745187,2.0289857,2.616321,2.711775,2.610233,3.0215127,3.2357044,2.820539,3.1165495,2.805558,3.5389702,2.4603572,2.5596528,1.7593397,2.2924404,2.371278,1.8315799,2.757136,2.4944267,2.3909745,3.0987284,2.3785057,1.4614908,1.7494413,2.4662063,1.7826939,2.5693378,2.407289,2.5705755,2.6610992,3.031166,3.321912,3.0229912,2.9679127,2.9310303,2.5970166,2.7617824,2.9155936,2.797442,3.106723,3.6445386,3.6360912,2.788566,2.2857141,2.1725948,2.2429686,2.4909856,2.5311792,2.191929,2.3548257,3.2214901,3.226224,3.3826323,3.3129616,3.4580328,3.478925,3.3797095,3.735226,3.3640945,3.5142665,2.7780643,3.2898612,2.9026673,3.5557363,2.9179082,3.3664477,2.8702047,2.0700142,3.389193,4.3022933,2.5737488,2.464177,2.5345688,2.3861425,3.3490436,3.5602937,3.212204,3.3563175,2.919156,2.8073168,2.7257984,2.928947,2.9723673,2.7836654,2.8943138,2.922993,3.625374,4.071218,3.4703002,3.657565
21,1.7649475,2.5536516,1.630427,1.3620957,3.7485185,3.916764,4.9563866,4.456241,1.7901298,1.9239924,2.4779403,1.7478428,2.5021758,2.1670756,1.6184258,2.2390625,1.2472395,1.223261,1.8102187,1.5157875,0.16714352,0.0,2.6262197,1.1832243,4.232974,3.0807436,3.1942315,3.1505156,1.9404136,1.9364868,2.5660913,1.8387445,1.9883165,3.097488,1.9924663,1.9497361,2.451995,2.2504776,1.8925523,1.9510237,2.521925,2.6282349,2.5562274,2.9385328,3.1683788,2.7409904,3.1181438,2.7454007,3.5235696,2.4552388,2.54871,1.7400525,2.2846336,2.3722208,1.8051153,2.733358,2.506387,2.410833,3.0715225,2.3802853,1.4757707,1.7721591,2.477279,1.8043883,2.62058,2.458128,2.6207328,2.7029722,3.0709326,3.3599272,3.0625517,3.004132,2.9744587,2.639675,2.8069975,2.9583416,2.8338966,3.1392205,3.6794436,3.6693075,2.8253348,2.3305993,2.2200599,2.292807,2.5301476,2.5769274,2.2249572,2.3936183,3.2489996,3.2531765,3.4096284,3.3405416,3.488497,3.509489,3.4124224,3.764404,3.3415704,3.4888542,2.7583194,3.3177483,2.8883703,3.5632443,2.8918715,3.3460853,2.8682964,2.0783057,3.442818,4.3491597,2.5811787,2.477649,2.5445826,2.3815608,3.3539178,3.5561795,3.2209191,3.366535,2.9090488,2.7953894,2.7243795,2.9207864,2.9404619,2.7572875,2.8761532,2.8946273,3.6136422,4.051861,3.4948874,3.6588562
22,3.2895064,3.9185984,2.7545362,2.9631474,4.295982,4.409629,4.4758477,3.850519,2.6475122,2.7594771,3.0765924,3.1066682,3.2367039,2.9744277,2.6885483,3.0408845,2.8544955,2.8790193,2.6656673,2.5499804,2.6686773,2.6262197,0.0,2.2626247,5.0168324,3.860234,3.916913,3.9141767,3.4928412,3.4509587,3.8751945,3.357001,2.8763876,3.4928901,3.2784348,3.2961926,3.5280933,3.4179313,3.107427,3.1290278,3.3433764,2.669982,3.5190065,3.9217823,3.108317,2.6992993,4.5901175,3.9673047,3.8077526,3.747611,2.9050002,3.1332698,2.2399435,2.3408518,3.2337294,3.0454495,2.7644768,2.573129,3.4223557,2.731429,3.0422847,2.8071303,2.6587546,3.1606972,3.4263668,3.6483173,3.6995966,3.4663355,3.130272,3.5117986,3.1204453,3.0494905,3.0951657,3.0444255,3.2863028,3.0955575,3.0154948,3.1958954,3.6458662,3.6447268,3.4552732,3.1377053,3.0891867,3.084708,3.1929314,3.173617,3.3731768,3.212988,3.926108,4.022548,4.0636716,4.1703973,4.022577,4.0392275,3.9397402,4.14619,2.8493335,2.9479544,2.8614328,2.9560394,2.7256398,2.6941442,2.754817,2.4678917,2.1432655,2.2414818,3.4464629,4.3727517,1.5488218,1.6800555,1.7967405,1.5917549,3.2697685,3.3245184,3.2085898,3.3386312,2.9291327,2.8624794,2.7198038,2.5616484,3.1155612,2.9085872,2.5758243,2.7876322,3.3396347,3.7642004,3.4666185,3.6856408
23,2.228002,2.976261,1.4608141,1.8512363,3.5907385,3.7786455,5.0593314,4.535075,1.3317878,1.5436821,2.0892093,2.1033373,2.299499,1.9546316,1.388558,2.0185378,1.6738578,1.6470348,1.442945,1.131914,1.21384,1.1832243,2.2626247,0.0,4.3706884,3.106103,3.1612134,3.1667843,2.412968,2.389345,2.9918041,2.2957885,1.744769,2.8619244,2.5114088,2.4838161,2.607593,2.8107665,2.413732,2.4534354,2.7636814,2.7882822,2.7616906,3.376136,3.5364702,3.1908293,3.7555163,3.3309383,3.9339702,3.0164385,3.081583,2.308312,2.522409,2.6438036,2.3692234,3.224298,2.82372,2.740231,3.5020483,2.9209762,1.9357473,1.5763031,2.806063,2.1749353,2.3480818,2.645702,2.7336628,2.4515269,2.8200471,3.1625128,2.8236575,2.7407532,2.7309868,2.6130269,2.5863023,2.7302644,2.5873406,3.3262682,3.439537,3.4279616,2.7644773,2.2870135,2.2482908,2.210151,2.3222404,2.3712711,2.52647,2.313399,3.2539568,3.360073,3.4572113,3.539762,3.3887978,3.414394,3.291924,3.6079588,3.0386045,3.1590362,2.4770625,3.046182,2.5866716,3.3559043,2.5762928,3.0855436,2.4512737,1.6476425,3.350382,4.3064103,2.2842116,2.149603,2.2136014,2.0617402,3.1822088,3.3624668,3.0206926,3.1711535,2.6479263,2.582419,2.5093937,2.6967652,2.5947976,2.424393,2.5399914,2.6309745,3.4224792,3.8597083,3.4315214,3.5599842
24,4.5556307,4.134498,4.2109656,4.202011,3.6697958,3.8086298,4.0516386,4.2962947,4.0621715,4.094192,3.7176793,3.6230578,3.852024,3.71954,3.9232705,3.674234,4.854743,4.8520412,5.009113,4.9435453,4.222528,4.232974,5.0168324,4.3706884,0.0,3.1556752,3.3058953,3.2897956,4.371873,4.4100842,5.5990324,4.4113865,4.8102903,5.329166,4.8213534,4.7888575,4.146766,5.277023,4.8820825,4.9402294,5.182984,5.121639,5.0650387,5.376421,5.2869225,5.1992497,4.093916,4.1630373,5.9180427,5.363064,5.2248297,4.746864,5.009681,5.211985,4.8264174,5.3780603,4.3362103,4.3180985,5.0488667,4.802533,4.1115894,4.203037,4.7668004,4.463494,3.2064514,3.0070462,3.2569757,3.3796828,3.541972,3.7940426,3.5495229,3.483383,3.5517914,3.376174,3.495969,3.5379748,3.3417604,3.6616838,4.097963,4.0496435,3.2381544,3.471621,3.5090108,3.4518929,3.4934628,3.5899975,3.3042617,3.3957381,4.3741374,4.3124704,4.31697,4.374421,4.350263,4.3559117,4.4068003,4.085001,4.6854653,4.4323554,4.8767414,4.77012,5.061282,4.8861585,5.1072655,5.2089524,5.2400665,4.136005,4.9154177,5.285812,4.647611,4.530996,4.5398316,4.528856,4.762682,4.7652698,4.6796565,4.6271596,3.868159,4.3151813,4.4473343,4.4883637,5.171007,5.023044,5.1598215,5.8110394,4.8046975,5.0497203,4.590126,5.4359946
25,4.0802574,4.558828,3.3973851,3.2760103,2.185585,2.3625126,4.0086575,3.2824888,3.3354323,3.4380898,3.3459523,3.1200638,3.444379,3.4038494,3.207013,3.231399,3.1006176,3.1259036,3.2999012,3.2123635,3.0828984,3.0807436,3.860234,3.106103,3.1556752,0.0,0.8170262,1.496034,3.3660438,3.3747303,4.230194,3.3697693,3.7709963,4.6339617,3.786696,3.7298956,2.106468,4.2610397,3.786783,3.8265557,4.4323387,4.4088883,4.301758,4.670398,4.7469234,4.3989553,4.6290083,4.6154184,4.6027093,3.8456945,3.9443157,3.2172546,3.8445194,3.9584725,3.3081863,4.1347303,3.922157,3.7733822,4.152684,3.8610184,3.308835,3.46456,4.25622,3.6102571,2.3363836,2.049733,2.3635435,2.5881407,2.87715,3.2144613,2.8655214,2.8443024,2.853028,2.575155,2.7078912,2.8375232,2.7971394,3.099443,3.698425,3.6970491,2.5202098,2.4227252,2.3208895,2.31394,2.6248603,2.7213671,2.3386812,2.5815563,3.5683844,3.6144524,3.6188142,3.6140962,3.7111175,3.7326126,3.740344,3.6960697,4.2884874,3.822487,4.084462,4.179064,3.871864,4.4084964,3.9628868,4.291275,3.858482,3.5051484,4.3869066,4.9131017,3.990961,3.8517706,3.8883023,3.9133477,4.360257,4.4781156,4.1885195,4.211206,3.2059293,3.9825935,3.991166,4.0856295,3.9204957,3.658194,3.9943202,4.3738027,4.3928986,4.641985,4.2766547,5.1985674
26,4.1759324,4.6624055,3.4389946,3.3966887,1.6725,1.8897222,3.8691835,3.1160328,3.3685608,3.4723186,3.40735,3.235925,3.5537784,3.4346936,3.2606118,3.3268142,3.2294788,3.2490623,3.3641725,3.2860618,3.1938102,3.1942315,3.916913,3.1612134,3.3058953,0.8170262,0.0,1.6421643,3.5530262,3.5605953,4.404356,3.5388958,3.7901635,4.659389,3.8606052,3.8026862,2.2857373,4.300846,3.856397,3.898826,4.4710574,4.4425564,4.3244343,4.716513,4.8330736,4.484039,4.530357,4.6797047,4.6928277,3.8959994,4.0440335,3.307835,3.9181573,4.012605,3.3930573,4.223627,3.9868429,3.8361688,4.342522,3.9544046,3.4050348,3.4978201,4.3021636,3.622968,2.3771245,2.186878,2.4635959,2.624524,2.9338806,3.2743587,2.9235382,2.905957,2.9211783,2.6892967,2.7720048,2.908687,2.8649733,3.2319539,4.119556,4.122924,2.6250522,2.5499568,2.4672854,2.4451647,2.6843865,2.780988,2.4771533,2.6761527,3.6551197,3.7154124,3.685223,3.7125373,3.78009,3.804371,3.827302,3.749663,4.3839984,3.9203367,4.2228284,4.2385287,3.919396,4.471922,4.021988,4.364002,3.8473363,3.4949796,4.2170534,4.7555003,4.062533,3.9247732,3.950499,3.9790864,4.6058693,4.7394166,4.2527175,4.275827,3.2743359,4.0502415,4.0647626,4.1649103,4.003072,3.7400594,4.074086,4.488375,4.545714,4.8074975,4.3981586,5.293374
27,4.3321347,4.633931,3.5754924,3.6158898,2.7395983,2.9948301,4.2986703,3.791382,3.5045147,3.6516976,3.6338599,3.404462,3.422101,3.330623,3.4397047,3.4712195,3.4705882,3.4916408,3.4468403,3.5604515,3.1617496,3.1505156,3.9141767,3.1667843,3.2897956,1.496034,1.6421643,0.0,3.8255544,3.8271139,4.6691527,3.8225489,3.9375389,4.7014394,3.965637,3.920747,2.4525096,4.324418,3.944949,4.009253,4.5372334,4.531466,4.4818316,4.7564845,4.79164,4.5663114,4.73011,4.566227,5.117604,4.384086,4.35067,3.485178,4.0479884,4.157853,3.5173166,4.3843713,4.3099,4.195563,4.6445537,4.228451,3.492936,3.6726036,4.593891,3.9728396,2.7485535,2.4942565,2.752202,2.6780727,3.0385032,3.5831296,3.0288815,2.9296196,3.0032973,2.6410837,2.8669486,2.980917,2.8637514,3.3437316,3.7170405,3.6732569,2.8170485,2.7442527,2.5992136,2.6196237,2.753455,2.863669,2.453587,2.6834247,4.0586014,4.0943437,4.1350093,4.1388907,4.2125077,4.2457647,4.219197,4.1723294,4.216164,3.7704048,4.1326995,4.2578797,3.9254637,4.5140805,3.9582753,4.269425,4.1589704,3.6676104,4.7444415,5.401668,4.167743,4.134915,4.1707163,3.9476128,4.5022526,4.606772,4.5663853,4.643676,3.1919255,3.9265397,4.0271826,4.008354,4.1244907,3.944328,4.247996,4.574894,4.781184,4.906879,4.540102,5.5769496
28,2.0902293,2.949646,2.3704772,1.8375263,4.073066,4.063885,4.9529753,4.5691524,2.324471,2.3890073,2.5576968,1.8462663,2.7642908,2.5324407,2.121772,2.392751,1.8577952,1.8767954,2.5033138,2.1648016,1.9123955,1.9404136,3.4928412,2.412968,4.371873,3.3660438,3.5530262,3.8255544,0.0,0.34069356,2.2484782,0.35501233,2.2770727,3.27118,2.2149627,2.079563,2.5658998,3.041065,2.612844,2.6514,3.1736658,3.270592,3.0872705,3.6160312,3.4292006,3.1025155,3.3411257,3.5677862,3.27412,2.2624347,2.4894419,1.8187237,2.2449481,2.3444338,1.8022082,2.4796689,2.348002,2.1843784,2.9052103,2.3144822,2.1156614,2.2051835,2.4187872,2.0884402,2.5941617,2.3482535,2.5657074,2.8347251,3.0004323,3.196453,2.990848,3.0996232,2.9401288,2.8148742,2.7794213,2.921681,2.9585967,2.868419,3.638893,3.720834,2.7010443,2.4333177,2.3855603,2.572985,2.8592365,2.7696054,2.4001167,2.7286665,3.2544386,3.2728894,3.4239752,3.311485,3.5522723,3.5662532,3.5116947,3.626256,3.8254213,3.941401,3.3238864,3.5460417,3.2292542,3.869327,3.3480916,3.759574,2.8448453,2.6493645,3.352243,3.649248,3.0518615,2.888303,2.954587,2.9917643,3.58932,3.834569,3.4710279,3.5380502,3.4395792,3.3627975,3.1043942,3.3999784,3.118343,2.7450976,2.929575,3.4243543,3.6687295,4.118764,3.4672995,3.7242033
29,2.089645,2.9597983,2.30527,1.7978456,4.0708494,4.021884,4.921631,4.5763426,2.2540195,2.286624,2.5277297,1.7835226,2.7454185,2.487696,2.0672305,2.3679552,1.8714938,1.8780488,2.5125196,2.1496615,1.9007082,1.9364868,3.4509587,2.389345,4.4100842,3.3747303,3.5605953,3.8271139,0.34069356,0.0,2.1642916,0.28677985,2.19017,3.1925502,2.1447978,2.0073159,2.535481,3.0574975,2.5909758,2.6203685,3.1254425,3.2044458,3.054614,3.5839183,3.3974125,3.0374513,3.3907747,3.5482833,3.2831328,2.2915049,2.5724494,1.828986,2.2399018,2.32048,1.810333,2.5281644,2.3032324,2.1491907,2.961547,2.3434985,2.1062624,2.1680076,2.463941,2.0956464,2.5864444,2.3379016,2.5151682,2.7860205,2.9044137,3.0841823,2.8922946,3.0395155,2.8310254,2.7477312,2.667769,2.81494,2.9221644,2.8031669,3.5340152,3.638894,2.647639,2.3748212,2.3169785,2.5055988,2.837344,2.709191,2.4418905,2.7136,3.1817772,3.2038803,3.3446815,3.2363029,3.4726307,3.4889503,3.440477,3.5860143,3.8406215,3.952266,3.305846,3.542356,3.2078106,3.8340788,3.3327045,3.7383924,2.775249,2.6519454,3.4192863,3.6382446,3.0087104,2.8469365,2.9364645,2.9695103,3.472954,3.7548149,3.3987684,3.4742298,3.4050064,3.337751,3.0181372,3.3602157,3.1055794,2.7350228,2.8963435,3.4066098,3.6082094,4.072833,3.4379687,3.686986
30,3.0961514,3.7637794,3.2434847,2.9185545,4.831941,4.7352715,5.44331,5.234212,3.1511998,3.1799319,3.9419982,3.1507185,4.1146536,3.913375,3.1070986,3.8134618,2.6078658,2.6092558,3.0714357,2.759608,2.529598,2.5660913,3.8751945,2.9918041,5.5990324,4.230194,4.404356,4.6691527,2.2484782,2.1642916,0.0,2.151669,3.3270772,4.086831,3.3357747,3.246005,3.576194,3.911605,3.6221042,3.6251097,3.849109,3.894809,3.785733,4.2646537,4.1742887,3.7175632,4.1296253,4.3189206,3.822868,3.0929282,3.5083578,3.0571125,3.1014147,3.1952543,3.000235,3.4631708,3.2258751,3.1419284,3.9734454,3.3989487,3.2276537,3.2786765,3.474689,3.106838,4.04551,3.9080741,4.0088453,4.2069054,4.2069273,4.3796983,4.1884227,4.418828,4.0912004,4.0995026,3.9710636,4.0848937,4.2533827,4.1105976,4.6326685,4.7703905,4.0653076,3.376627,3.2950895,3.4831924,3.7941039,3.6122053,3.6370087,3.700486,4.003299,4.031287,4.115703,4.0395603,4.1961994,4.2056475,4.266154,4.9822335,4.6647205,4.7782063,3.8018892,4.3805013,4.0559144,4.567075,4.1819224,4.510613,3.5540845,3.6904175,4.205459,4.112588,3.8490853,3.7294831,3.7249725,3.774331,4.173114,4.512743,4.1443963,4.2477646,4.3379583,4.240941,3.808248,4.17162,4.088496,3.7763078,3.8817778,3.595849,4.4126024,4.77968,4.2919393,4.4382663
