,0,1,2,3,4,5,6,7,8,9,10,11,12,13,14,15,16,17,18,19,20,21,22,23,24,25,26,27,28,29,30,31,32,33,34,35,36,37,38,39,40,41,42,43,44,45,46,47,48,49,50,51,52,53,54,55,56,57,58,59,60,61,62,63,64,65,66,67,68,69,70,71,72,73,74,75,76,77,78,79,80,81,82,83,84,85,86,87,88,89,90,91,92,93,94,95,96,97,98,99,100,101,102,103,104,105,106,107,108,109,110,111,112,113,114,115,116,117,118,119,120,121,122,123,124,125,126,127
0,0.0,0.49906495,1.0697056,0.99442106,3.4930093,3.1316154,2.8832393,3.3205452,1.7733574,1.7349072,1.2237825,1.5114853,0.9951595,1.9299073,1.6631845,1.2600359,2.3417654,0.79581344,2.0628211,1.7660254,2.0136416,1.8863281,1.4933319,1.863248,2.1229343,2.1487556,2.6544046,2.5479372,2.5823405,2.8591487,2.712453,2.834746,3.3614867,3.3699777,3.6475997,3.8893232,4.16551,4.2501493,3.9168098,3.2309568,3.2520118,3.1224768,3.0383615,3.05265,3.1854928,3.365854,3.049184,3.872241,3.254509,3.2598715,3.1877623,3.1866357,3.982938,4.061928,3.3943694,3.3422456,3.193671,3.3399594,3.1677136,3.237632,3.2364664,3.2617373,3.2319477,3.322464,3.8962307,4.067519,3.9008565,3.9367442,3.6679325,3.6466453,3.652586,3.7037065,4.4528837,4.2776003,4.256689,4.2373943,4.297828,4.4337516,4.3447104,4.516865,2.957981,3.1467433,3.2705977,3.2076647,4.264305,4.3847632,4.2208157,4.238328,2.6297123,2.7643042,2.2419622,2.4493124,4.2284346,3.0309675,2.3748765,3.896231,3.9445798,4.0030546,3.9653509,3.503726,4.2259164,4.041498,4.320931,4.2802377,2.0895107,2.229237,2.6184251,2.7212517,2.6368194,2.6455522,3.8691554,2.5920966,2.9977586,2.9525654,3.6984208,3.3825953,3.0626335,3.094288,4.3785014,4.262399,3.0100758,3.6669474,3.5008862,3.4292793,2.3900163,2.7953863,2.4406824,2.3095255
1,0.49906495,0.0,1.1331542,1.0517095,3.4660957,3.0839431,2.8196187,3.3065279,1.725561,1.6808558,1.2931159,1.5889962,0.961181,1.8156059,1.5956775,1.1654086,2.500477,0.8741658,1.8763506,1.661338,1.9105203,1.8124654,1.4289708,1.8559128,2.2744477,2.3082476,2.658912,2.6434588,2.5821228,2.7475336,2.678186,2.732322,3.1963658,3.3292878,3.6294892,3.8482425,4.064984,4.1619935,3.778569,3.0847876,3.0161476,2.9629858,2.9017038,2.9183543,3.0258176,3.209799,2.8732913,3.7114947,3.0786612,3.1587985,3.045032,3.0603557,3.8845341,3.923243,3.339834,3.2697,3.092275,3.2206368,3.0742645,3.1069937,3.10728,3.1634793,3.0840943,3.1719165,3.789456,3.8657155,3.8103898,3.8544827,3.4930913,3.4667072,3.4591727,3.5078259,4.2925296,4.0946584,4.0835667,4.0519524,4.116046,4.2353354,4.1695952,4.3349905,2.705934,2.8933096,2.9969113,3.0127518,4.088787,4.208593,4.017567,4.0366125,2.494268,2.694344,2.0947304,2.2757177,4.066727,2.87821,2.2167718,3.7915595,3.7752945,3.8317797,3.8210578,3.346107,4.0576396,3.9320107,4.1840467,4.1216736,1.9786221,2.1005447,2.4871464,2.5764868,2.5105503,2.5129657,3.7698464,2.5448928,2.8656619,2.8100662,3.5346634,3.2459164,2.8916845,2.919707,4.1598954,4.0302277,2.8993113,3.594471,3.3645558,3.2679067,2.3214579,2.6727695,2.3235195,2.200434
2,1.0697056,1.1331542,0.0,0.30113143,2.7285578,2.4716876,2.2448945,2.6988745,1.5892888,1.6036214,1.090386,1.25221,0.7591386,1.7969776,1.5978122,1.1317071,2.25604,0.8897092,2.0437722,1.6367344,2.0692465,1.9186245,1.662378,1.8390977,2.238057,2.2677107,2.8326893,2.5997744,2.4513757,2.9452143,2.7740633,3.1261652,3.1678739,3.377176,3.341881,3.6612682,3.9799817,4.0641823,3.5703893,2.9708433,3.0904582,2.962548,2.8420608,2.855423,3.042351,3.1945565,2.943822,3.3789506,3.1711643,2.8637428,3.1125474,2.8594613,3.6580021,3.7531445,3.0623713,3.007153,2.879296,3.0642114,2.8432703,2.8966494,2.9191473,2.9434757,2.912535,3.0272908,4.1073937,3.8653057,4.117075,4.145684,3.9246247,3.9044688,3.9066222,3.9439616,4.114373,4.043529,4.0147643,3.9928238,3.9425015,3.8546076,3.9954002,4.252233,2.9833376,3.1684308,3.27637,3.0244918,4.0679955,4.2096143,4.0585136,4.068467,2.40043,2.5711489,2.0326731,2.2457151,3.8841217,2.628195,2.23436,3.5358138,3.7824035,3.8281643,3.7803276,3.0624254,3.9860392,3.8621502,4.0452304,4.037107,1.9282221,1.9516598,2.4676678,2.5764196,2.607908,2.5550296,3.5342875,2.4971275,2.6931853,2.654441,3.0869358,2.7210827,2.9219027,2.958927,4.309185,4.262054,2.6181207,3.2587764,3.4439125,3.363737,2.2063842,2.6416116,2.5032816,2.376731
3,0.99442106,1.0517095,0.30113143,0.0,2.8625565,2.4575634,2.2206872,2.6849904,1.5268354,1.5407431,1.0164394,1.1963047,0.6551046,1.7445135,1.5481975,1.0493616,2.2329707,0.77413076,1.995626,1.5812267,2.0257597,1.8782175,1.6045818,1.812258,2.0673616,2.0968947,2.68972,2.4638453,2.3448656,2.8414085,2.6501772,3.0130641,3.1626215,3.3601015,3.3408763,3.6573162,3.954476,4.0231104,3.5583801,2.8884976,3.0803304,2.947949,2.8493009,2.841374,3.0206459,3.173641,2.9086423,3.3772147,3.1631448,2.9021604,3.077701,2.8322506,3.6588023,3.7519085,3.0586083,3.000632,2.8383877,3.0220666,2.8032887,2.8660789,2.878352,2.9046848,2.8786185,2.9550204,4.1011767,3.8675406,4.1074405,4.138426,3.906133,3.8849397,3.8878083,3.92167,4.121245,4.042846,4.0187726,3.9928193,3.9432027,3.8634653,3.999456,4.251941,2.9723816,3.1541717,3.2622507,2.9544067,4.0723066,4.209838,4.0620885,4.0696526,2.393025,2.5599806,2.009263,2.2216322,3.879852,2.6112535,2.2136545,3.5313056,3.7764204,3.8280492,3.7991214,3.0762093,4.0016356,3.8678484,4.023349,4.001129,1.9170249,1.9391999,2.4608433,2.562848,2.583473,2.529444,3.5298252,2.4878526,2.8022227,2.766424,3.1098814,2.7565231,2.9313138,2.9687238,4.3086343,4.2528186,2.6171105,3.2599893,3.436182,3.35714,2.2105315,2.6300204,2.4674246,2.3418908
4,3.4930093,3.4660957,2.7285578,2.8625565,0.0,1.4233633,2.029581,1.9752314,2.3169765,2.4104931,2.8619487,2.5083284,2.7809973,2.4597871,2.5316446,2.9133368,3.558075,3.101254,3.1726778,3.0513492,2.7802157,2.6297755,2.925212,2.537435,3.9526672,3.962691,3.799191,3.546725,3.4079282,3.7263737,3.6404152,4.338326,4.1403403,4.2109303,3.475585,3.8611424,3.908971,4.038925,2.9451332,3.2691374,3.3286886,3.3186688,3.145073,3.2156522,3.3640947,3.381379,3.3000143,3.8291738,3.5919724,3.1207573,3.5716925,3.3968565,3.9943593,4.1086254,3.468546,3.4491177,3.434352,3.6751733,3.4629924,3.414741,3.4365969,3.4893496,3.4357302,3.6787822,5.168719,4.309575,5.170386,5.1783767,5.140805,5.126617,5.1084743,5.2016306,4.073966,4.2233663,4.204102,4.151161,3.873335,3.8582761,3.9473908,4.354861,3.7510855,3.9031212,3.9142642,3.386188,4.2850256,4.282217,4.3959227,4.3850923,2.842886,3.0232768,2.5649664,2.7244773,3.4975638,2.251905,2.74699,3.0677364,3.9496715,3.9685144,3.967427,3.4746044,4.019364,4.035504,4.0423155,4.042554,2.5925045,2.3893263,2.8259878,2.8622146,3.3071969,3.145464,3.4004107,3.0849595,2.9175508,2.8945646,2.4542234,2.091491,3.6195333,3.6091478,4.661461,4.7167997,2.5332859,2.6039062,3.7235959,3.897361,2.7684321,2.988666,3.2711394,3.2436824
5,3.1316154,3.0839431,2.4716876,2.4575634,1.4233633,0.0,1.3880274,1.1164367,1.733692,1.881228,2.4778876,1.9736289,2.2757518,1.935371,1.9775608,2.4011471,3.2371018,2.6401734,2.77832,2.6636355,2.334136,2.1731894,2.4934897,2.1347249,3.2607944,3.268037,3.0858586,2.823848,2.782905,3.0950854,2.9312267,3.740671,3.8975158,3.8897898,3.161581,3.5677648,3.496397,3.5583928,2.5377133,2.574091,2.9829884,2.9628224,2.8493507,2.8521156,2.9670322,2.9870765,2.8277855,3.5449371,3.2399392,2.9956806,3.1453052,2.9965117,3.6979706,3.8154583,3.1449091,3.1134498,2.9915032,3.204781,2.9674795,2.963519,2.9074807,2.9982784,2.9736283,3.0773814,4.914698,4.0016737,4.9114075,4.9287925,4.8270164,4.8076196,4.791787,4.8680086,3.800344,3.92556,3.928526,3.8532352,3.5462854,3.5593274,3.6417034,4.0569444,3.4504554,3.60788,3.6231234,2.714014,4.0258493,4.025675,4.159671,4.1361513,2.5052638,2.7301867,2.1167178,2.2399008,3.1715276,1.7373892,2.3705978,2.735202,3.6186736,3.6629775,3.7212896,3.1762276,3.7794824,3.7552319,3.6436186,3.541126,2.2333257,1.9721521,2.6987612,2.7018447,2.9205456,2.7342665,3.02389,2.7473114,3.055874,3.0416713,2.1634982,1.7636395,3.3245633,3.3147025,4.4045205,4.397965,2.0849319,2.204302,3.375957,3.5618093,2.3806577,2.6260865,2.7943053,2.767342
6,2.8832393,2.8196187,2.2448945,2.2206872,2.029581,1.3880274,0.0,1.4931879,2.097878,2.2310503,2.1548932,2.0139751,2.0175364,2.0645254,2.2849865,2.1075056,3.0193875,2.3980377,2.19578,2.0576637,2.3276856,2.1678028,2.4436662,2.1670513,3.3569732,3.3822656,3.5286314,3.3950725,3.1854236,3.4381776,3.3786433,4.103447,3.7829404,3.8406157,3.0644436,3.4283845,3.8705845,3.9475622,3.1346116,2.5316968,3.1443532,3.0275042,2.9451115,2.9506035,2.98059,3.187121,2.894189,3.762914,3.3973742,3.323794,3.2880397,3.2962625,3.8245153,3.9120636,3.321924,3.270793,3.162692,3.3445022,3.1440544,3.1370904,3.1340106,3.2384007,3.1510005,3.2414784,4.8959627,3.930461,4.915977,4.9429116,4.6537724,4.619036,4.585522,4.5456786,3.6503599,3.7518778,3.7735548,3.6856017,3.3948576,3.519208,3.4692998,3.8813417,3.48796,3.627937,3.6232355,2.6433976,3.9110222,3.981432,3.9128253,3.8953443,2.4328609,2.7787602,2.0971167,2.1864095,3.259538,1.6173575,2.5766425,2.9978464,3.712675,3.7640278,3.888731,3.468351,4.003437,3.8551867,3.703929,3.6380262,2.3221223,2.0601442,2.7422135,2.8062136,2.9274673,2.747201,3.1141238,2.757112,3.2579741,3.2182946,2.5655751,2.2692106,3.472034,3.5124617,4.754614,4.758623,2.1049619,2.5375562,3.6239183,3.7305322,2.4611375,2.7529478,2.9070735,2.829924
7,3.3205452,3.3065279,2.6988745,2.6849904,1.9752314,1.1164367,1.4931879,0.0,2.1132927,2.299122,2.8250303,2.178346,2.442896,2.1333487,2.1988611,2.5706785,3.3248425,2.8634505,2.844737,2.673516,2.4782898,2.2960458,2.6275852,2.283635,3.7144113,3.72474,3.5983148,3.337421,3.3092937,3.5639226,3.4252427,4.14642,4.056541,3.9471488,3.2224376,3.642651,3.53069,3.561668,2.7176743,2.7173183,3.2615762,3.1309292,3.021359,2.993567,3.0526752,3.129979,2.9764397,3.6233919,3.4014494,3.2293425,3.3646944,3.2244663,3.668749,3.8286285,3.1356823,3.118383,3.1271026,3.2632115,2.9704444,3.0314002,2.919136,2.9879231,3.0497262,3.1123803,5.1611695,4.1701517,5.183535,5.196464,4.94952,4.91739,4.8796954,4.833189,3.9753957,4.09455,4.0997763,4.017167,3.7173789,3.7149215,3.784086,4.1778255,3.6953464,3.7943914,3.7917569,2.7937882,4.120107,4.158255,4.306905,4.2788916,2.6618981,3.0414789,2.4255586,2.3372564,3.444033,1.979732,2.822047,3.0127733,3.7082384,3.7434528,3.834933,3.2495117,3.8493233,3.7525792,3.706012,3.5605571,2.4393961,2.2030299,3.2241096,3.2213738,3.128178,2.9559507,3.127579,2.924862,2.9657075,2.979214,2.265653,1.7685771,3.3399026,3.341092,4.77972,4.748024,2.2705333,2.3552158,3.4692929,3.7057605,2.4156349,2.7662034,2.797368,2.7478538
8,1.7733574,1.725561,1.5892888,1.5268354,2.3169765,1.733692,2.097878,2.1132927,0.0,0.22504519,1.5083919,1.0243018,1.2577355,0.66854537,0.50180656,1.4536715,2.5565531,1.488682,1.941075,1.7799244,1.2434714,0.9628532,1.0777234,0.9458851,2.499356,2.5057015,2.165923,1.9959893,2.1917012,2.3253293,2.153985,2.6580853,3.2668755,3.2533128,3.17211,3.5033555,3.3025227,3.382754,2.618517,2.4513965,2.6220446,2.4729974,2.4239066,2.37179,2.5145354,2.5769212,2.3365366,3.298915,2.689871,2.6041534,2.6288753,2.5650487,3.4270568,3.5253289,2.7909296,2.7448575,2.585049,2.808967,2.5727882,2.5937777,2.5635402,2.6168041,2.592495,2.683929,4.0791574,3.784148,4.0749474,4.1007056,3.935474,3.9143622,3.8935487,3.990363,3.9759433,3.8875356,3.8801358,3.8203423,3.7550728,3.8728309,3.8305283,4.0875587,2.6555443,2.858321,2.8769453,2.509241,3.872004,3.8743236,3.9480922,3.9465532,2.0032048,2.2411356,1.4760345,1.6667988,3.4212332,1.9672385,1.6267642,2.8957992,3.3364007,3.3928,3.4737175,2.9049227,3.599483,3.463326,3.6600769,3.5527241,1.3125898,1.3044678,1.9246622,1.9366007,2.2524762,2.155435,3.1825833,2.1669414,2.344278,2.3266232,2.6664722,2.2563965,2.6179318,2.6010537,4.0990415,3.9981904,2.1762736,2.5149953,2.8319752,2.9752042,1.7834153,2.0705066,1.8452704,1.795079
9,1.7349072,1.6808558,1.6036214,1.5407431,2.4104931,1.881228,2.2310503,2.299122,0.22504519,0.0,1.4867986,1.0972481,1.3136564,0.67500144,0.59125245,1.48992,2.5644057,1.4808017,1.9428341,1.7804985,1.278163,0.99707866,1.0414237,0.96418774,2.4996505,2.5044763,2.1223402,1.964917,2.1706002,2.2953985,2.1293547,2.6002052,3.2035024,3.2126546,3.1891444,3.5130906,3.3030217,3.3866076,2.621911,2.4557433,2.601729,2.4321024,2.37415,2.332755,2.4871557,2.5451934,2.3089027,3.2592282,2.6647544,2.5593452,2.602714,2.5265055,3.391799,3.4871805,2.762093,2.7163517,2.535997,2.7787795,2.5446932,2.55517,2.5458198,2.5991008,2.55941,2.6545372,3.9995265,3.7709064,3.9892673,4.017113,3.8664062,3.8458674,3.8275764,3.9331903,3.988778,3.887935,3.8761892,3.8225665,3.7729952,3.8864064,3.8483279,4.0901427,2.5950494,2.8171282,2.8266122,2.526698,3.8541934,3.8473525,3.9199388,3.9183867,2.0108457,2.23072,1.4691169,1.6937,3.4273272,2.0359433,1.5926418,2.9015214,3.3059473,3.3666208,3.4493833,2.8833463,3.5800183,3.4333324,3.655192,3.5571728,1.2747998,1.2915785,1.7886823,1.8032373,2.1877692,2.0985346,3.17756,2.1100583,2.3393147,2.3197732,2.7573383,2.3550644,2.5798779,2.5574443,4.0892515,3.9829013,2.2454102,2.5666142,2.8037233,2.930988,1.782992,2.0548387,1.8302934,1.7891662
10,1.2237825,1.2931159,1.090386,1.0164394,2.8619487,2.4778876,2.1548932,2.8250303,1.5083919,1.4867986,0.0,0.9287573,1.0452019,1.6512115,1.5851403,1.1737875,2.2876685,0.93278325,1.7180269,1.4504365,1.8231082,1.6346543,1.4279991,1.4497039,2.306557,2.32687,2.6432648,2.532725,2.7536676,3.0423095,2.636845,3.2668633,3.043231,3.2515452,3.1610205,3.4645042,4.051348,4.149508,3.5013614,2.7813613,2.951549,2.8641026,2.776534,2.7750146,2.8945773,3.102336,2.8158808,3.6302714,3.1150968,2.9873347,3.034517,2.9738638,3.78677,3.865538,3.1619642,3.110077,2.898813,3.1322062,2.9446926,2.9744682,3.00782,3.0764842,3.0002832,3.1663568,3.8844616,3.9021616,3.8485413,3.88049,3.8714705,3.850226,3.852587,3.8914545,4.0523925,3.9570055,3.9497411,3.9092464,3.8925436,4.005935,3.9463522,4.2099524,3.1659615,3.3928316,3.4301064,2.8733482,4.0287905,4.117,3.9685273,3.982009,2.3953173,2.5161364,1.8750389,2.170797,3.7537637,2.4901104,2.240106,3.457579,3.7072074,3.7740283,3.8304513,3.347389,4.07444,3.8574371,3.9196286,3.9814312,1.8952116,1.9320368,2.1991236,2.3105173,2.44253,2.3796196,3.4444015,2.3601246,2.986348,2.9152634,3.2348175,3.0088546,3.0832415,3.120119,4.353404,4.2730546,2.5868611,3.0014138,3.3928046,3.340679,2.2387233,2.5034292,2.4693444,2.3722413
11,1.5114853,1.5889962,1.25221,1.1963047,2.5083284,1.9736289,2.0139751,2.178346,1.0243018,1.0972481,0.9287573,0.0,1.0041837,1.2677139,0.9893301,1.1774957,2.318517,1.1213927,1.872642,1.6493171,1.5388033,1.2810409,1.2259703,1.0513489,2.411495,2.422164,2.4792578,2.266272,2.6426656,2.901544,2.4117894,3.1387093,3.0607,3.129515,2.9749153,3.3332353,3.6493115,3.7370381,3.0029643,2.5576997,2.734444,2.6472945,2.5501118,2.5222058,2.647327,2.7968204,2.557051,3.3975444,2.8300977,2.7049181,2.8115873,2.7059486,3.513873,3.6315267,2.844165,2.8065379,2.6692338,2.8732753,2.6145587,2.6824033,2.633455,2.7073665,2.7079313,2.8805082,3.9014688,3.7950983,3.8710432,3.8934011,3.9050293,3.8842711,3.878328,3.9220514,3.9498563,3.8771212,3.8704612,3.8180678,3.7658362,3.8617854,3.8230686,4.11204,3.0773017,3.2954593,3.323021,2.611265,3.9036264,3.9733758,3.955428,3.9617631,2.2220821,2.41625,1.6750084,1.8571489,3.5454035,2.2371264,2.0754147,3.1643026,3.447697,3.5057728,3.5548527,3.0099745,3.760462,3.5640678,3.6648505,3.6704838,1.6351875,1.6530122,2.3425431,2.3996832,2.3237011,2.239141,3.1828845,2.2189298,2.5858004,2.5360487,2.7989933,2.4889233,2.7675073,2.7830133,4.16724,4.054919,2.2745435,2.5361168,3.0320096,3.0799284,1.872825,2.2046316,2.0758803,1.9875287
12,0.9951595,0.961181,0.7591386,0.6551046,2.7809973,2.2757518,2.0175364,2.442896,1.2577355,1.3136564,1.0452019,1.0041837,0.0,1.4560629,1.1831598,0.7834865,2.2017741,0.68472356,1.774992,1.5087993,1.7266973,1.5354897,1.3493861,1.5418425,2.1136503,2.146957,2.5867016,2.4081068,2.271791,2.6093907,2.5121176,2.8615422,3.2132497,3.3552072,3.312754,3.6188574,3.8364658,3.923469,3.3365047,2.656753,2.851963,2.7476568,2.6768177,2.663542,2.7882547,2.9632924,2.646269,3.4946997,2.8982782,2.8457077,2.8800142,2.7986999,3.590522,3.6823344,3.0075212,2.9417338,2.8373675,2.9927306,2.7650127,2.823715,2.7894588,2.8466625,2.809997,2.9004295,3.9483743,3.6701174,3.9663029,4.003156,3.6997528,3.6758494,3.6663618,3.7157176,3.9185102,3.8148925,3.80781,3.7614815,3.7131336,3.8036315,3.7772758,4.0308585,2.7046602,2.918946,2.9509852,2.6519587,3.8649857,3.9898195,3.8575149,3.864268,2.1711202,2.39962,1.7038383,1.8766656,3.6364727,2.28217,1.9553589,3.3094344,3.5400648,3.5957177,3.6034787,3.058754,3.8167448,3.6677048,3.8551054,3.7679937,1.674702,1.7166225,2.4177928,2.5019016,2.3813498,2.3137867,3.3166919,2.2826571,2.6264684,2.5844226,2.9196725,2.6310687,2.7804155,2.82589,4.1662316,4.0684156,2.3175929,3.0144656,3.1649601,3.1483903,1.9730294,2.3064842,2.168208,2.0339336
13,1.9299073,1.8156059,1.7969776,1.7445135,2.4597871,1.935371,2.0645254,2.1333487,0.66854537,0.67500144,1.6512115,1.2677139,1.4560629,0.0,0.7946686,1.5408202,2.7000532,1.6829369,1.5771068,1.4205561,1.0060043,0.6235311,0.83093554,0.6973934,3.0081682,3.0180902,2.5240571,2.504257,2.633775,2.6152968,2.5046306,2.9403522,3.044896,3.013523,2.9734352,3.286687,3.081125,3.1682527,2.420679,2.2300112,2.4098885,2.1931584,2.1433601,2.094786,2.176113,2.309323,2.0397828,3.0982318,2.5318518,2.5422602,2.4788349,2.4980605,3.2379203,3.3197277,2.5903945,2.5442252,2.3659055,2.5913374,2.3632004,2.358161,2.3555648,2.4248078,2.3619878,2.4638379,4.0669713,3.7105532,4.0769014,4.1067066,3.8135314,3.7761414,3.728035,3.7216218,3.8986018,3.7852254,3.7812195,3.712786,3.6630387,3.8081262,3.7278275,3.957034,2.5130053,2.6696115,2.6729832,2.2604926,3.6386771,3.623716,3.6970763,3.6919405,1.8053017,2.2233727,1.3458446,1.412569,3.2902715,1.7797091,1.6798284,2.8090787,3.090941,3.1507795,3.3049567,2.77453,3.3848948,3.2167678,3.4228837,3.3243914,1.0692786,1.0107441,1.6878988,1.6903124,2.039129,1.9374913,3.0121782,1.996276,2.0977836,2.078224,2.6421626,2.1774173,2.3801267,2.3492718,4.124991,4.0241094,2.1531591,2.4183178,2.6555116,2.8171997,1.577648,1.9386241,1.5747576,1.539406
14,1.6631845,1.5956775,1.5978122,1.5481975,2.5316446,1.9775608,2.2849865,2.1988611,0.50180656,0.59125245,1.5851403,0.9893301,1.1831598,0.7946686,0.0,1.3518885,2.5660207,1.4081196,1.9249887,1.8490708,1.2213649,0.93783927,0.99624354,0.96415794,2.556363,2.5677338,2.2047331,2.10366,2.3263922,2.3519702,2.1554205,2.587586,3.1844234,3.162743,3.1913054,3.4959042,3.2851417,3.3835466,2.6686146,2.4957988,2.5645242,2.4186573,2.3874424,2.3371768,2.451191,2.5258453,2.2635975,3.2923331,2.5316978,2.5965147,2.5724351,2.5678244,3.4381392,3.5204844,2.7777958,2.7303596,2.6027071,2.7634795,2.5448225,2.5705462,2.509103,2.5931242,2.567357,2.6823237,3.9159386,3.7004015,3.925214,3.9555333,3.7759128,3.7528853,3.7252562,3.825537,3.992874,3.8658295,3.8664787,3.798519,3.7623758,3.9071434,3.839125,4.06398,2.5711613,2.7648673,2.8037465,2.4592297,3.7942493,3.8164613,3.8706865,3.8753412,2.041897,2.2742658,1.5050125,1.6089774,3.4374514,2.0976644,1.6775721,2.9549685,3.229984,3.2808833,3.3517976,2.8322616,3.5130374,3.3561375,3.6162686,3.4884803,1.3948821,1.425643,2.2105205,2.1990497,2.218469,2.1411512,3.1863322,2.1968887,2.2229834,2.1969635,2.752143,2.336728,2.4528077,2.4354575,3.9780953,3.8408875,2.1832619,2.533409,2.690502,2.8082418,1.7180206,2.0343945,1.657297,1.5950114
15,1.2600359,1.1654086,1.1317071,1.0493616,2.9133368,2.4011471,2.1075056,2.5706785,1.4536715,1.48992,1.1737875,1.1774957,0.7834865,1.5408202,1.3518885,0.0,2.2697673,0.61127263,1.3425971,1.4025855,1.6427093,1.4541657,1.3986212,1.5641409,2.3243186,2.3566253,2.3077676,2.5518694,2.516557,2.4726527,2.1663978,2.632234,2.789901,3.308744,3.2596927,3.260163,3.8622756,3.9594827,3.3148923,2.6130612,2.802923,2.509188,2.5915642,2.6069584,2.7004673,2.8974802,2.5720844,3.4613345,2.5413508,2.8726943,2.5404975,2.8211908,3.6258085,3.4824271,3.0243366,2.9670115,2.751083,2.6693304,2.7431092,2.7751303,2.7723784,2.8742948,2.788858,2.9092345,3.8679323,3.4161334,3.8843596,3.9296954,3.5040784,3.473639,3.4488878,3.4970434,3.6514797,3.527123,3.5257478,3.477169,3.4889266,3.7635,3.5657363,3.672148,2.8025074,3.050152,3.0870059,2.4727385,3.8745322,3.9837334,3.728508,3.741587,2.344282,2.5519776,1.8885263,2.045145,3.641608,2.4157562,1.7714076,3.0649407,3.528446,3.5890334,3.481923,3.152692,3.805212,3.5771573,3.5508056,3.4914608,1.8951174,1.6812751,2.4175537,2.4701247,2.0135498,1.9995184,3.2421288,2.2431479,2.6966999,2.5675013,3.1249704,2.8418968,2.8580425,2.7858944,3.9897137,3.9628484,2.0100076,2.7227023,2.9952753,2.806774,2.1030781,2.3936315,2.249587,2.1286366
16,2.3417654,2.500477,2.25604,2.2329707,3.558075,3.2371018,3.0193875,3.3248425,2.5565531,2.5644057,2.2876685,2.318517,2.2017741,2.7000532,2.5660207,2.2697673,0.0,2.1575842,2.7603707,2.623855,3.311843,2.6679957,2.558635,2.6310687,2.90328,2.9233806,3.2381835,3.1949637,2.6980667,2.9381602,3.1904743,3.5602572,3.8262374,4.0136876,3.9952157,4.1491966,4.4797735,4.540462,4.1189504,3.5236523,3.7260227,3.530272,3.6403573,3.5019526,3.624208,3.7442398,3.578257,4.1793575,3.6731458,3.6138182,3.974441,3.9923275,3.822008,3.8500936,3.14324,3.1054072,3.5720243,3.6537242,3.5889912,3.6484342,3.6375878,3.6198885,3.670165,3.7273664,4.6116586,4.4266186,4.610865,4.636888,4.4437575,4.419298,4.426352,4.4748945,4.569519,4.505718,4.4851785,4.453699,4.4369445,4.5750685,4.5015664,4.350238,3.7165775,4.131369,3.9453485,3.5546293,4.6328487,4.729256,4.5435977,4.563506,3.2228827,2.6580276,2.9377127,3.1046133,4.3962717,3.3086936,2.9410272,3.6222484,4.3710318,4.3975763,4.4001474,3.952093,4.6354594,4.390371,4.521292,4.4874344,2.9006584,2.848217,3.2791176,3.3515782,3.2863688,3.262238,3.7111819,2.7115164,3.519098,3.486416,3.8153737,3.5763993,3.996462,4.011363,5.034795,4.9700675,2.5808733,3.2163875,3.4680822,3.404383,3.4569483,3.661659,3.5496824,3.46721
17,0.79581344,0.8741658,0.8897092,0.77413076,3.101254,2.6401734,2.3980377,2.8634505,1.488682,1.4808017,0.93278325,1.1213927,0.68472356,1.6829369,1.4081196,0.61127263,2.1575842,0.0,1.7086009,1.5774907,1.8193231,1.6448992,1.4304161,1.6444474,1.9683157,1.996792,2.2845306,2.3291574,2.3711684,2.5375984,2.2151403,2.6178315,2.9429748,3.280743,3.3447337,3.467284,3.9749975,4.065754,3.5241623,2.7967162,3.005577,2.716781,2.7332797,2.7310605,2.8713486,3.0512774,2.73957,3.5578833,2.792666,2.9194458,2.7536628,2.8565743,3.6917145,3.6557772,3.0929103,3.0403118,2.8464856,2.885057,2.8278115,2.8839684,2.893176,2.9608552,2.9045975,3.0098,3.7563803,3.6153436,3.7555127,3.7965353,3.5215337,3.5010476,3.4994457,3.5873897,3.9103792,3.7745166,3.761362,3.7300575,3.7578938,3.9501963,3.8240392,3.9739609,2.8561108,3.1203074,3.1803465,2.7533386,3.992082,4.107662,3.8928592,3.9083378,2.431692,2.5687883,1.9548057,2.1828194,3.8118048,2.652092,1.9391633,3.3208647,3.6491423,3.7114763,3.6277585,3.2241087,3.9500084,3.697626,3.8134887,3.774623,1.9420261,1.8937654,2.4501543,2.5304878,2.2531443,2.2449746,3.4513426,2.3480482,2.8413315,2.750006,3.3744698,3.0731826,2.9030137,2.8808734,4.164459,4.096342,2.3941767,3.0497909,3.1693182,3.0155244,2.1813095,2.511669,2.3029916,2.176023
18,2.0628211,1.8763506,2.0437722,1.995626,3.1726778,2.77832,2.19578,2.844737,1.941075,1.9428341,1.7180269,1.872642,1.774992,1.5771068,1.9249887,1.3425971,2.7603707,1.7086009,0.0,0.8996727,1.5477344,1.3344992,1.4755069,1.5355097,3.4298859,3.4585185,2.9366667,3.4045835,3.4355586,3.0649397,2.8627446,3.308729,2.6996047,3.2933033,3.243335,3.1058733,3.8723526,3.982405,3.353107,2.6807218,2.8626742,2.4826214,2.6502337,2.655118,2.612551,2.9123158,2.5643642,3.5783713,2.698136,3.237378,2.696445,3.2098784,3.7697926,3.5270405,3.196582,3.1397352,2.884209,2.7743797,2.9774125,2.9328618,3.0053432,3.1305244,2.9646146,3.096038,4.1893086,3.6594026,4.2204003,4.267065,3.694895,3.6370182,3.5564673,3.4268336,3.7864792,3.6228092,3.6438441,3.5641031,3.6216888,4.006892,3.680543,3.6955018,3.0707648,3.2344072,3.2269192,2.500135,3.939345,3.983645,3.6946409,3.7103486,2.4475145,2.7911656,2.1340628,2.1721947,3.764037,2.4096723,2.1810598,3.1608675,3.5963416,3.6576695,3.7117052,3.4916718,3.9610822,3.661826,3.5252774,3.521608,2.0952103,1.7857785,2.2338865,2.253971,2.0756266,2.0656912,3.393533,2.4088376,2.7651536,2.6102679,3.3956208,3.0978396,3.0673966,2.9636111,4.3968935,4.3962593,2.2337708,2.7057729,3.1043015,2.9524329,2.3877015,2.6263561,2.4149776,2.3393443
19,1.7660254,1.661338,1.6367344,1.5812267,3.0513492,2.6636355,2.0576637,2.673516,1.7799244,1.7804985,1.4504365,1.6493171,1.5087993,1.4205561,1.8490708,1.4025855,2.623855,1.5774907,0.8996727,0.0,1.565841,1.3745322,1.2919476,1.42241,3.2769582,3.3004663,3.1619036,3.2998123,3.3048427,3.3153043,3.1505847,3.5537584,2.9180553,3.2084079,3.1546562,3.2993245,3.8183608,3.8867648,3.3711267,2.6843948,2.921685,2.6770337,2.6521196,2.652729,2.6816494,2.96885,2.6723676,3.4199374,3.0682747,3.1275022,2.9440935,3.0654676,3.594168,3.562954,3.0287287,2.9767601,2.7621322,2.8650644,2.7968874,2.8151858,2.8756917,2.9181273,2.8355126,2.929463,4.330566,3.9236672,4.3514276,4.384283,3.883534,3.8286982,3.7702982,3.568807,4.033706,3.9181576,3.9085772,3.8595748,3.8664691,4.0106187,3.8972518,4.0585833,3.092806,3.206384,3.2214038,2.682263,3.9927106,4.0634413,3.8886151,3.8907793,2.2654285,2.7267144,2.042017,2.0878663,3.8699942,2.3649623,2.3632278,3.437826,3.677616,3.7407742,3.8373318,3.3265402,3.9692187,3.7540398,3.7524219,3.7725413,1.7803591,1.6361706,2.0382466,2.129087,2.2613015,2.2190385,3.420995,2.3039238,2.624323,2.5461922,3.167207,2.8256288,2.9658265,2.9359353,4.5789046,4.5501566,2.5577176,3.0201023,3.3312752,3.299849,2.1679504,2.545287,2.3476636,2.251542
20,2.0136416,1.9105203,2.0692465,2.0257597,2.7802157,2.334136,2.3276856,2.4782898,1.2434714,1.278163,1.8231082,1.5388033,1.7266973,1.0060043,1.2213649,1.6427093,3.311843,1.8193231,1.5477344,1.565841,0.0,0.7795658,1.100325,0.94154924,3.1748037,3.1838572,2.562179,2.7641726,3.1860924,2.982838,2.589912,3.0373769,3.2198594,3.144298,3.1199489,3.259737,3.4053607,3.5057046,2.9107544,2.6753273,2.7867105,2.510942,2.495287,2.5229309,2.5445364,2.7283242,2.3925135,3.6218197,2.7268782,3.0664582,2.4631875,2.8365405,3.9108734,3.8832788,3.295623,3.2626586,2.8451076,2.9176645,2.8662367,2.871246,2.872931,2.9653184,2.876942,3.0125272,4.2166605,3.9263186,4.230726,4.258997,3.9250176,3.8881361,3.8295112,3.8180342,4.1112294,3.963722,3.9735727,3.9012063,3.9138775,4.2475705,3.969502,4.243355,2.9145296,2.92207,3.1208556,2.5869462,3.972427,3.961532,3.9684772,3.9723577,2.2148492,2.7963505,1.8291632,1.8793938,3.6764793,2.2270565,1.989544,3.2400227,3.462428,3.526512,3.5866675,3.3195882,3.7621405,3.5467715,3.6418767,3.577755,1.6650401,1.5488191,2.1190245,2.1139648,2.2334473,2.1857517,3.554637,2.5659919,2.5269284,2.4472198,3.184773,2.744373,2.688651,2.6067533,4.203152,4.148291,2.5922678,2.836526,3.119769,3.2166142,1.783824,2.2213795,1.7074807,1.647358
21,1.8863281,1.8124654,1.9186245,1.8782175,2.6297755,2.1731894,2.1678028,2.2960458,0.9628532,0.99707866,1.6346543,1.2810409,1.5354897,0.6235311,0.93783927,1.4541657,2.6679957,1.6448992,1.3344992,1.3745322,0.7795658,0.0,0.74415785,0.46537527,3.0982547,3.1087859,2.4712687,2.6695776,2.917216,2.6961021,2.4821036,2.9678047,3.0946953,3.0222042,3.0023792,3.157924,3.256414,3.3596005,2.7340837,2.4896262,2.5805957,2.318394,2.349468,2.3228877,2.3439734,2.5252664,2.211566,3.4738214,2.5665398,2.8858385,2.519202,2.8627467,3.5839472,3.566376,2.8815901,2.848227,2.6610084,2.7517493,2.6982663,2.698708,2.6922777,2.7756848,2.7093463,2.850669,4.1298985,3.838642,4.1407366,4.1698728,3.856861,3.8161092,3.7612505,3.7470613,4.010941,3.8711495,3.8781161,3.803166,3.806158,4.138897,3.8691878,4.022354,2.7859154,2.9178946,2.9886403,2.4068117,3.8388937,3.8235989,3.824474,3.8309686,2.0494237,2.3708987,1.6242476,1.6837255,3.523188,2.0271053,1.8134154,2.941523,3.3189623,3.37511,3.4687026,3.1752517,3.6414728,3.4074569,3.526633,3.4588308,1.4450845,1.2942498,1.9575073,1.9528381,2.0685387,2.011867,3.2232096,2.143332,2.3445222,2.2733183,2.9980564,2.553644,2.6741335,2.6032739,4.1763783,4.104752,2.1543431,2.4262414,2.7436912,2.8611608,1.8162482,2.2138593,1.7342358,1.6854018
22,1.4933319,1.4289708,1.662378,1.6045818,2.925212,2.4934897,2.4436662,2.6275852,1.0777234,1.0414237,1.4279991,1.2259703,1.3493861,0.83093554,0.99624354,1.3986212,2.558635,1.4304161,1.4755069,1.2919476,1.100325,0.74415785,0.0,0.7459612,2.9592838,2.9709535,2.5293005,2.6928785,2.8154514,2.8317306,2.631847,2.983753,3.0572946,3.0146933,3.1731172,3.4197533,3.42055,3.5074654,2.9461691,2.5801747,2.5408094,2.3991232,2.3299704,2.3171902,2.369553,2.5332963,2.2862096,3.3485692,2.7126412,2.7955978,2.6712186,2.776117,3.6538756,3.7195396,2.7961724,2.7648704,2.5125203,2.711829,2.5974033,2.6222835,2.629236,2.675744,2.623779,2.778416,4.1143956,4.0349813,4.145222,4.185401,3.9154358,3.8738592,3.829605,3.769108,4.345247,4.192714,4.185309,4.129223,4.1326146,4.324953,4.197991,4.332892,2.7237768,2.766651,2.897801,2.598904,3.848858,3.863667,3.858264,3.8599145,2.0292718,2.2123828,1.7316186,1.8228697,3.6625516,2.2870936,1.9983203,3.2434592,3.3373036,3.4070325,3.5099897,3.0688767,3.6525488,3.4513566,3.647887,3.6385736,1.3666317,1.4250262,1.9214605,1.8700532,2.0102358,1.9691265,3.2112803,1.9728156,2.3123987,2.2666433,3.0600553,2.6972637,2.5889835,2.5613272,4.1125126,4.015706,2.5318477,2.8352695,2.9093232,2.9345837,1.751165,2.0902321,1.7477386,1.6871876
23,1.863248,1.8559128,1.8390977,1.812258,2.537435,2.1347249,2.1670513,2.283635,0.9458851,0.96418774,1.4497039,1.0513489,1.5418425,0.6973934,0.96415794,1.5641409,2.6310687,1.6444474,1.5355097,1.42241,0.94154924,0.46537527,0.7459612,0.0,3.0812798,3.0872576,2.5930715,2.6310856,2.9892392,2.9360905,2.6140826,3.2035396,3.0893476,2.9232574,2.8708558,3.1592362,3.2786424,3.382416,2.7219596,2.4980266,2.5978086,2.386789,2.3249772,2.301251,2.3500178,2.5276718,2.2575345,3.4156532,2.6991172,2.8026288,2.6463535,2.8088424,3.532364,3.6069233,2.8063996,2.7818513,2.6062956,2.8070261,2.6347234,2.6479456,2.6473505,2.723046,2.6764178,2.8533332,4.0643697,3.9305477,4.0581856,4.0814314,3.9446387,3.9083405,3.8666904,3.8467906,4.087494,3.96876,3.968558,3.9014008,3.8864987,4.133394,3.9408867,4.155151,2.9243839,3.06467,3.1319225,2.508518,3.8336825,3.820295,3.8694448,3.8746161,2.0366352,2.3370821,1.5838443,1.6875544,3.5046263,2.048801,1.980305,3.023752,3.3002336,3.3590124,3.491481,3.1130767,3.6478333,3.400597,3.5625138,3.5522573,1.3966594,1.3601745,1.9285738,1.9360774,2.155735,2.080359,3.1916022,2.1128576,2.352041,2.30412,2.966078,2.522683,2.6500955,2.6183364,4.265539,4.1644187,2.30485,2.4268768,2.8280227,2.9694047,1.7430687,2.167864,1.7476478,1.7046347
24,2.1229343,2.2744477,2.238057,2.0673616,3.9526672,3.2607944,3.3569732,3.7144113,2.499356,2.4996505,2.306557,2.411495,2.1136503,3.0081682,2.556363,2.3243186,2.90328,1.9683157,3.4298859,3.2769582,3.1748037,3.0982547,2.9592838,3.0812798,0.0,0.07599093,2.2211797,1.7866676,1.8202131,2.4886897,2.236255,2.5192223,4.2505054,4.3154097,4.3273625,4.552873,4.738881,4.770813,4.4167094,3.6874194,4.0981555,3.91107,3.9644125,3.8712544,4.075591,4.115265,3.8434138,4.539543,3.8902547,3.8627555,3.7253928,3.631702,4.587256,4.6501083,4.127363,4.0716014,3.899862,4.013421,3.8605049,3.9505696,3.9080904,3.9279816,3.93988,3.8842804,4.373983,4.3798094,4.338567,4.367646,4.3634763,4.381365,4.4403176,4.75133,4.648629,4.564899,4.556435,4.5365844,4.509484,4.612606,4.59547,4.8210073,3.6637392,3.9629347,4.054127,3.7703133,4.8896127,5.0002704,4.8718596,4.8848443,3.4925337,3.3759608,3.0197718,3.3372278,4.5214477,3.621634,2.809764,4.096204,4.6192408,4.674611,4.5606813,4.13832,4.8765783,4.7074094,4.829308,4.7027707,3.1830492,3.2257423,3.570537,3.6541052,3.6448028,3.6140225,4.464457,3.6154494,4.2730045,4.2421117,4.2325807,4.0067177,4.015479,4.0517626,4.737413,4.644976,3.4027984,4.092679,4.176079,4.094214,3.4462838,3.6571515,3.4734192,3.372353
25,2.1487556,2.3082476,2.2677107,2.0968947,3.962691,3.268037,3.3822656,3.72474,2.5057015,2.5044763,2.32687,2.422164,2.146957,3.0180902,2.5677338,2.3566253,2.9233806,1.996792,3.4585185,3.3004663,3.1838572,3.1087859,2.9709535,3.0872576,0.07599093,0.0,2.2064881,1.7531544,1.8258104,2.5036967,2.2304635,2.524478,4.2647114,4.3124795,4.325057,4.5526977,4.731147,4.7603683,4.4131584,3.694926,4.110015,3.9189694,3.9701042,3.8763275,4.0839,4.120216,3.851804,4.547744,3.901653,3.866346,3.7271383,3.6313512,4.5930123,4.6598434,4.1290665,4.075536,3.899688,4.0168896,3.8612857,3.9544458,3.9112823,3.9276137,3.9444606,3.888003,4.3867097,4.4048576,4.3470497,4.374981,4.3836975,4.4020824,4.4622326,4.7745376,4.6690116,4.5871654,4.5772004,4.5589576,4.5321794,4.637069,4.617473,4.8455267,3.6833134,3.9809031,4.0766034,3.7838793,4.9033995,5.0105495,4.891304,4.903666,3.5077531,3.390376,3.033893,3.353564,4.532451,3.6391335,2.8225002,4.102418,4.627814,4.6836457,4.566849,4.147394,4.8817143,4.7114606,4.833908,4.70937,3.19003,3.2340803,3.5722826,3.657401,3.6544523,3.6242936,4.4729266,3.6234548,4.2884836,4.258881,4.2480245,4.0176435,4.0246353,4.0590167,4.74462,4.6543994,3.4237158,4.0991144,4.181911,4.1061854,3.4522655,3.6683965,3.4780128,3.378683
26,2.6544046,2.658912,2.8326893,2.68972,3.799191,3.0858586,3.5286314,3.5983148,2.165923,2.1223402,2.6432648,2.4792578,2.5867016,2.5240571,2.2047331,2.3077676,3.2381835,2.2845306,2.9366667,3.1619036,2.562179,2.4712687,2.5293005,2.5930715,2.2211797,2.2064881,0.0,1.7274598,2.2934132,1.735577,0.7361944,1.4828602,3.6317697,4.0209684,4.1332235,3.9170232,4.104179,4.1463475,3.6863298,3.407267,3.6547384,3.1971533,3.4937322,3.4121935,3.5659378,3.5389585,3.304298,4.1863933,3.0264869,3.5974011,2.8930314,3.404206,4.568068,4.296426,3.8283882,3.8066425,3.3824768,3.1988814,3.5516615,3.563414,3.570645,3.6471508,3.5915391,3.5916212,4.527711,4.3041687,4.4739556,4.5188737,4.378153,4.3766613,4.379151,4.694843,4.5864253,4.4484873,4.4560976,4.4055805,4.4534574,4.8361588,4.579933,4.538237,3.5481477,3.7470403,3.933577,3.3366303,4.7921987,4.7635655,4.6578507,4.671209,3.496895,3.2660258,2.9928403,3.2467752,4.3364253,3.5274308,2.277935,3.3708463,4.2574797,4.3207273,4.1351924,3.989343,4.5125175,4.2342134,4.1216445,4.0001574,3.0474277,2.817117,3.1151245,3.0713084,2.895064,2.9288497,4.1249084,3.2926848,3.8958745,3.781385,4.229222,3.914068,3.7753882,3.5994644,4.1873374,4.279824,2.9001107,3.2424924,3.415992,3.239722,3.2813745,3.4018602,3.089952,3.0706165
27,2.5479372,2.6434588,2.5997744,2.4638453,3.546725,2.823848,3.3950725,3.337421,1.9959893,1.964917,2.532725,2.266272,2.4081068,2.504257,2.10366,2.5518694,3.1949637,2.3291574,3.4045835,3.2998123,2.7641726,2.6695776,2.6928785,2.6310856,1.7866676,1.7531544,1.7274598,0.0,1.9617754,2.2342422,1.8167478,2.3022294,4.0576234,3.9908383,4.0325813,4.291797,4.027595,4.049975,3.599834,3.3721526,3.7690477,3.5297527,3.5363145,3.4937515,3.7433999,3.7560945,3.4252672,4.202688,3.4688315,3.37353,3.339599,3.2215042,4.160572,4.2418494,3.6955216,3.6670368,3.4577637,3.613474,3.4209726,3.4961247,3.4348862,3.464755,3.5054564,3.4656582,4.424066,4.4498224,4.199812,4.2167926,4.329859,4.3446665,4.3910837,4.775727,4.5402217,4.4585958,4.4446754,4.4193087,4.384024,4.4900064,4.4666443,4.7945175,3.4609625,3.762698,3.8236146,3.4428132,4.6845717,4.6883082,4.7799563,4.7777667,3.5635731,3.527199,2.707779,2.9913921,4.2914715,3.4455922,2.6242845,3.736896,4.161496,4.218789,4.1661096,3.6876645,4.4008555,4.219442,4.4925127,4.2671776,2.7582943,2.7787886,3.1082456,3.3160906,3.2645738,3.2217162,4.077671,3.2690134,3.7766623,3.7634382,3.8578413,3.5423656,3.5576196,3.5235207,4.5278087,4.5998898,3.172044,3.4912047,3.4104948,3.6861637,3.0225174,3.2381957,2.9448411,2.916338
28,2.5823405,2.5821228,2.4513757,2.3448656,3.4079282,2.782905,3.1854236,3.3092937,2.1917012,2.1706002,2.7536676,2.6426656,2.271791,2.633775,2.3263922,2.516557,2.6980667,2.3711684,3.4355586,3.3048427,3.1860924,2.917216,2.8154514,2.9892392,1.8202131,1.8258104,2.2934132,1.9617754,0.0,1.6477238,2.2752016,2.2232528,4.1979027,4.2588186,4.2395926,4.5065393,4.036385,4.0639553,3.568653,3.1733391,3.517885,3.3306234,3.3845384,3.2779977,3.5120182,3.4295084,3.260749,3.9111724,3.4042745,3.2157962,3.4002292,3.1935658,3.9222155,4.0209,3.360325,3.3044121,3.3143692,3.4945185,3.3271437,3.3638673,3.3348088,3.3224158,3.3248808,3.22826,4.5664635,4.12087,4.5877438,4.6304693,4.391003,4.3964977,4.429973,4.726843,4.4150157,4.3740954,4.3483834,4.3264446,4.1958423,4.224993,4.3188944,4.4161816,2.846924,3.187655,3.1661632,3.3111281,4.330945,4.376261,4.374785,4.365422,2.9861698,2.6524947,2.6337633,2.9178257,3.8513114,3.0277514,2.2206538,3.2763913,3.995894,4.0451136,3.9529274,3.471237,4.1338496,4.0810122,4.3303447,4.097176,2.6814723,2.6825216,3.0205698,3.0340278,3.2361984,3.1663327,3.6748946,2.9748678,3.6356277,3.6498513,3.5457444,3.281409,3.5579522,3.573876,4.349452,4.2791867,2.8322523,3.5839088,3.4858232,3.465026,3.1098042,3.225304,3.1713934,3.1178968
29,2.8591487,2.7475336,2.9452143,2.8414085,3.7263737,3.0950854,3.4381776,3.5639226,2.3253293,2.2953985,3.0423095,2.901544,2.6093907,2.6152968,2.3519702,2.4726527,2.9381602,2.5375984,3.0649397,3.3153043,2.982838,2.6961021,2.8317306,2.9360905,2.4886897,2.5036967,1.735577,2.2342422,1.6477238,0.0,1.6046441,1.3123068,3.9933517,4.3037853,4.398326,4.285494,4.0604777,4.134206,3.6482956,3.3769648,3.6425545,3.2136726,3.5016568,3.4291317,3.5556219,3.5130453,3.2313387,4.2208543,3.0218775,3.6433911,3.176028,3.6202466,4.137645,3.8784502,3.7251656,3.664293,3.627849,3.4749792,3.6747532,3.6291828,3.624823,3.7293756,3.6275656,3.5414038,4.41886,3.8231008,4.438622,4.4901834,4.0162396,4.012522,4.0098467,4.3819714,4.1530247,4.0044265,4.0179653,3.9595215,3.962285,4.361954,4.103358,3.9455142,2.9578187,3.3994598,3.3197594,3.2071898,4.554686,4.5374045,4.405595,4.416515,3.320743,3.0709603,2.8571584,3.0689354,4.0721135,3.240095,2.0481555,3.0622883,4.105963,4.1495614,4.01974,3.8913267,4.350836,4.1435585,4.261539,3.9329925,3.0216117,2.794186,3.1917922,3.1592185,3.0490644,3.0431697,3.9399652,3.180234,3.7493398,3.674392,4.0731153,3.731202,3.741862,3.6199744,4.3976364,4.3489714,2.5037673,3.2661328,3.1676173,3.047967,3.3958704,3.5039728,3.206263,3.1786625
30,2.712453,2.678186,2.7740633,2.6501772,3.6404152,2.9312267,3.3786433,3.4252427,2.153985,2.1293547,2.636845,2.4117894,2.5121176,2.5046306,2.1554205,2.1663978,3.1904743,2.2151403,2.8627446,3.1505847,2.589912,2.4821036,2.631847,2.6140826,2.236255,2.2304635,0.7361944,1.8167478,2.2752016,1.6046441,0.0,1.4190277,3.3107228,3.9058921,3.945427,3.6799757,3.993544,4.0590334,3.4418952,3.1613624,3.469299,2.9407294,3.3018432,3.2004411,3.35463,3.3222003,3.1027622,3.9458034,2.6444871,3.3385746,2.5999136,3.1545782,4.167568,3.8205712,3.6230338,3.5870407,3.2553775,2.9858985,3.3288934,3.3273344,3.3193772,3.4344206,3.3611073,3.3650074,4.0932302,3.7001033,4.053979,4.0960474,3.9301815,3.9347317,3.9374015,4.300727,3.9879296,3.8507116,3.8627303,3.8076892,3.872349,4.2890525,4.000536,3.9395635,3.3331332,3.6774943,3.737359,3.010679,4.5016713,4.490055,4.3409986,4.360128,3.3243477,3.227494,2.80141,3.032219,4.0043764,3.3179054,1.9685127,2.9679427,3.982847,4.0355268,3.8067222,3.7193832,4.2256002,3.9449558,3.7836716,3.628411,2.9668188,2.6852372,3.1223314,3.0862396,2.7712305,2.7985415,3.9100592,3.237615,3.7020674,3.570655,4.018246,3.705921,3.5395207,3.347666,4.007863,4.026823,2.504709,2.8869827,3.1330879,2.878944,3.173695,3.27721,2.9726272,2.9471567
