,0,1,2,3,4,5,6,7,8,9,10,11,12,13,14,15,16,17,18,19,20,21,22,23,24,25,26,27,28,29,30,31,32,33,34,35,36,37,38,39,40,41,42,43,44,45,46,47,48,49,50,51,52,53,54,55,56,57,58,59,60,61,62,63,64,65,66,67,68,69,70,71,72,73,74,75,76,77,78,79,80,81,82,83,84,85,86,87,88,89,90,91,92,93,94,95,96,97,98,99,100,101,102,103,104,105,106,107,108,109,110,111,112,113,114,115,116,117,118,119,120,121,122,123,124,125,126,127
0,0.0,1.9073442,0.47053686,1.619574,1.4388394,1.6343513,2.7282007,2.729073,2.6926851,2.641805,1.6860952,1.5222976,1.2837653,2.6050081,2.431566,0.8556861,3.704264,3.129657,3.103888,3.1813896,3.2280586,3.4087298,2.974761,2.8102026,3.9901016,3.589708,2.869019,2.8950984,2.8810918,2.8078232,4.1962442,4.4158754,2.070339,2.2365243,2.4851336,2.2911975,2.5628572,2.5710375,1.2699473,1.7359666,1.9265454,1.9481001,1.5768864,1.7485708,2.9858909,1.5183662,2.2193103,0.9910662,1.8587673,1.7428707,3.0533803,1.7166777,2.6302238,2.5466955,2.5178623,2.5540237,3.9299421,4.8454714,2.8821695,3.3734465,3.2727044,3.2805579,2.3743145,3.1605988,2.5187588,2.5102818,2.5562181,2.6323686,2.419299,2.0399108,2.3284824,2.1598854,2.0046895,2.3203588,3.1093996,2.9872649,2.369025,2.7402697,2.5332801,2.4925017,1.5324404,1.6873884,1.4560226,1.9952108,2.3314073,2.0166824,2.344521,2.17703,2.2945962,2.402026,2.4417982,2.0353472,1.5065664,2.0261447,2.4606736,1.6402622,2.3945014,2.725461,2.724159,2.3008192,1.933678,2.2847948,2.2869592,1.4588274,2.4249551,2.2440062,2.4262338,2.5449197,2.989643,2.7723145,2.0154493,1.9459884,1.2855041,1.3098539,1.4419128,1.8832465,2.2290342,2.3229933,2.3185885,2.2400208,3.2886553,2.847321,3.5027266,3.1832685,2.7555332,3.1953733,3.409135,3.454869
1,1.9073442,0.0,1.871985,2.2079542,2.4997106,2.5958807,3.025154,3.0153997,3.5634086,3.5666492,2.5651524,2.4611788,2.5972319,3.254614,3.4942439,2.3730423,4.587865,4.1998076,4.212144,4.2527494,3.9474394,4.0867352,4.012907,3.8934882,4.682017,4.42417,3.7114463,3.7371323,3.6492817,3.4802253,5.2903204,5.415496,2.3654668,2.5243726,2.6688008,3.0736363,2.4568603,2.5987325,2.3849375,2.6226225,2.633317,2.6343455,2.70593,2.4668949,3.481554,2.2996407,3.1547287,2.3556437,2.6003048,2.875894,3.230764,2.862017,3.20493,3.1006608,3.1159985,3.133027,4.493973,5.07721,3.3786855,3.9264567,3.5668204,3.5860384,3.0699806,3.6299758,3.4533842,3.1449273,3.1869235,3.2208326,3.141115,2.779963,3.103083,2.9005263,2.790083,3.0068643,3.9345713,3.8394558,3.1577454,3.3754675,3.2816432,3.2630208,2.0116212,1.9038724,2.0166483,2.9438639,3.5523798,2.381988,3.1169722,3.0308456,1.4420238,1.5440984,3.5389771,2.8418705,2.5178733,2.6843777,3.260356,2.7970138,3.0872386,3.3533075,3.3166206,2.9474044,1.7697595,2.3056455,2.9838097,2.3393686,2.731064,2.6901162,3.2737825,3.1882446,3.4960263,3.3708212,2.475564,2.572063,2.1114094,2.0899696,2.3746827,2.422275,2.7116923,2.93377,2.9298222,2.8089576,4.0712757,3.7085648,4.0983515,3.8604186,3.656267,3.2202997,4.1528316,4.1566653
2,0.47053686,1.871985,0.0,1.4840834,1.4873031,1.6188564,2.5220342,2.520822,2.8368242,2.7628648,1.8718737,1.7205995,1.4037851,2.4923167,2.662216,1.0219581,4.0126185,3.4170933,3.3524554,3.3887022,3.293813,3.5054877,3.2340958,3.0662074,4.121772,3.8244877,3.0643866,3.093187,3.026577,2.9814935,4.442041,4.5997515,2.2266686,2.314025,2.589585,2.350067,2.5714428,2.5839114,1.0994405,1.6474514,1.9832765,1.9709859,1.7339448,1.7490242,2.8738747,1.2819997,2.3029659,1.0629556,1.9749242,1.9694417,2.886884,1.8179567,2.4807813,2.5296786,2.5104167,2.5365717,4.1008377,4.87856,3.0381596,3.5971513,3.408749,3.4186873,2.3979337,3.377253,2.4643207,2.4903674,2.4051518,2.5974545,2.4035158,2.023706,2.2934465,2.188036,2.0604188,2.2956417,3.065279,2.944251,2.434885,2.714646,2.51926,2.5175316,1.6553446,1.8370728,1.4766253,2.0181882,2.5093513,2.1404274,2.311882,2.1063766,2.1962855,2.2692425,2.4274802,1.9905221,1.427458,2.0389695,2.3460293,1.6030778,2.472994,2.7915766,2.77964,2.2561812,1.8794278,2.2802753,2.3918788,1.3254465,2.262985,2.1655483,2.4301217,2.5593743,2.9849098,2.8496552,1.9512739,1.9207227,1.2606385,1.2460151,1.4464102,1.7208922,2.0970087,2.215773,2.1702359,2.134482,3.4073935,2.9657855,3.5522869,3.2632926,2.8297951,3.2902746,3.5684006,3.6254177
3,1.619574,2.2079542,1.4840834,0.0,1.1665559,1.2797556,1.8202187,1.8165913,3.1197062,3.1380439,2.3811245,2.2456644,2.2010312,2.894758,3.6267242,1.8990892,4.1498113,3.8568401,3.8309627,3.832714,3.6493766,3.926632,3.7406354,3.5809445,4.979214,4.843539,4.058389,4.077739,3.9561179,3.9445426,5.2295375,5.307583,2.4248526,2.5370696,2.7982278,2.5465276,2.897728,2.7216215,1.9072298,2.075867,2.1115282,2.0102065,2.1739223,1.6819788,3.0959284,1.6762874,2.7980797,1.7159423,2.2657192,2.294385,2.5782166,2.4606497,3.057186,2.8466535,2.8589282,2.8672726,3.9895477,4.593828,2.7436018,3.4253092,2.7186759,2.7473817,2.8104115,2.9751515,2.4016159,2.3455164,2.3607748,2.4226677,2.2947192,2.3063457,2.313321,2.0212944,2.3871112,2.6346517,2.8989232,3.2301798,2.3836474,2.6164613,2.4476376,2.4522471,1.8714653,2.123333,1.8644011,2.0224984,2.7908323,2.5868716,2.412099,2.2056763,2.2539945,2.4445763,2.6920652,2.2330987,2.3379457,2.6402874,2.3876867,2.4252653,2.7030222,3.0388484,2.9636679,2.4134083,1.8925114,2.3639376,2.5737596,1.5745744,1.9958107,2.0631852,2.5293963,2.532268,3.470859,3.4379973,1.8396666,2.024866,1.6479268,1.7418625,1.9745463,1.8269076,2.468693,2.4754875,2.5155902,2.5333855,4.0364413,3.7561018,4.056955,3.9031808,3.4701257,3.8510456,4.1445875,4.1390953
4,1.4388394,2.4997106,1.4873031,1.1665559,0.0,0.46053296,2.5261164,2.5225744,2.9489653,2.9639816,2.0351417,1.9084574,1.8024455,2.840105,2.7956555,1.3581264,3.2767496,2.8914917,2.9214737,2.9089963,2.9829702,3.2679842,2.8948703,2.658976,4.465784,4.2366652,3.474073,3.4736338,3.4089794,3.4435823,4.34132,4.4263463,1.9290942,2.0748544,2.5080566,2.126733,2.694177,2.358567,1.8842797,2.0759711,2.1068494,2.0106695,1.5487902,1.8572328,2.9812047,1.9758513,2.3022354,1.2866019,2.0400507,1.8197291,3.2704318,2.036548,2.8574286,2.6095815,2.5863192,2.6175318,3.7318916,4.457689,2.5961509,3.2955353,2.8578436,2.8734436,2.6118603,2.7426317,2.167905,2.0316372,2.1547835,2.2001472,2.051331,2.1312876,2.1793907,1.8706259,2.2478037,2.4806564,2.4063518,2.7746892,2.0894578,2.3458824,2.1443992,2.1033216,1.4080086,1.8373264,1.4778265,1.4715053,2.4411185,2.2010415,2.0185695,1.8745688,2.5710447,2.7513053,2.0830886,1.8035117,2.011819,2.4775345,1.9427918,1.9469818,2.33191,2.738356,2.745467,2.091304,1.788314,2.1249053,2.3485632,1.6190994,2.166384,2.265381,2.1889608,2.311999,3.2728362,3.2018118,1.9062859,2.021301,1.4795102,1.6222183,1.7096043,2.0812309,2.3611832,2.4624698,2.276092,2.3503785,3.4457755,3.0700107,3.4966888,3.2765617,2.7734153,3.2787447,3.4898612,3.4520283
5,1.6343513,2.5958807,1.6188564,1.2797556,0.46053296,0.0,2.5698361,2.5663385,3.0127969,3.0442584,2.156115,2.02228,1.8652192,2.9136956,2.8715954,1.5313389,3.2950742,2.962563,3.0442157,2.9399085,2.8262322,3.1447494,2.9819827,2.7708755,4.527164,4.3225546,3.473681,3.473774,3.394526,3.4304307,4.461167,4.433782,2.0921862,2.213237,2.6398468,2.2454011,2.795965,2.4515886,1.9876562,2.179521,2.2412844,2.1062772,1.6306475,1.9204054,3.0561924,1.9217658,2.3968217,1.3831075,2.1233714,1.9409002,3.3271346,2.1108863,2.9196017,2.693767,2.6672442,2.7001522,3.6646023,4.521565,2.7293992,3.6135874,2.958482,2.976131,2.6356015,2.8477259,2.1052167,1.9720187,2.0739791,2.1231742,1.9743886,2.110224,2.3176637,1.95091,2.3520405,2.5331259,2.3284032,2.6784363,2.2038312,2.3533385,2.06581,2.0184186,1.6265006,2.1239758,1.697133,1.4323652,2.6229248,2.4043643,2.2263784,2.0460434,2.7023351,2.8729875,2.202762,1.9120501,2.1279495,2.5338664,2.0854392,2.0546074,2.4471335,2.9201672,3.0035355,2.170475,1.8783766,2.2268682,2.4543395,1.6656773,2.0777838,2.396065,2.0631566,2.2121046,3.246399,3.3399794,1.838029,1.9805703,1.560263,1.6989417,1.825425,2.138259,2.4367146,2.5172465,2.2181616,2.4033275,3.4531794,3.0984173,3.4354062,3.2413764,2.7256296,3.3095448,3.5292144,3.4827368
6,2.7282007,3.025154,2.5220342,1.8202187,2.5261164,2.5698361,0.0,0.06266953,3.842566,3.9243972,3.4206643,3.2601454,3.27523,3.638463,4.9149466,2.81345,5.394494,5.109777,5.1461654,5.145321,5.0384192,5.347073,5.084586,4.9861794,5.923204,5.754664,5.1983824,5.228092,5.1250563,5.1442647,5.934546,5.987475,3.3667686,3.4235985,3.5032551,3.3840108,3.2633348,3.3464265,2.7343168,2.3860848,2.5588326,2.4698398,3.185359,1.9991874,3.677193,2.3933575,3.6573708,2.7884629,3.4564788,3.3250277,2.1272688,3.312589,3.8896477,3.8392591,3.8811848,3.8661954,4.3579564,5.05183,3.69109,4.1612473,3.4868195,3.5317616,3.5871544,4.110253,2.961412,3.1906145,3.02539,3.2206151,2.9382553,2.8563144,2.9783132,2.7885096,2.9226725,3.192594,3.3392239,3.513835,3.157331,3.3495615,3.2379487,3.211678,3.127442,3.1931798,3.1180475,3.322745,4.032626,3.7254727,3.647627,3.3916974,2.5378585,2.7084959,3.362113,3.1751301,3.1496563,3.343023,3.2738237,3.146441,3.4303362,3.7526271,3.7510533,3.2751493,2.8589156,3.150126,3.1930685,2.4971588,2.6895976,2.6517503,3.253946,3.2111678,3.7516313,3.8370733,2.3392496,2.3726616,2.6726906,2.6503823,2.766839,2.102496,3.229265,3.262668,3.2622375,3.3235822,5.175959,4.9403296,5.118632,5.0858545,4.684022,5.084328,5.22927,5.2024794
7,2.729073,3.0153997,2.520822,1.8165913,2.5225744,2.5663385,0.06266953,0.0,3.841954,3.9420218,3.420653,3.2622633,3.2780955,3.644181,4.913121,2.8178341,5.3905377,5.104224,5.143659,5.142456,5.0365696,5.344978,5.0823736,4.983218,5.9271083,5.754526,5.2029223,5.2325835,5.13043,5.1471815,5.931,5.9786143,3.3532925,3.408287,3.5010285,3.3613443,3.2591949,3.3370862,2.7357576,2.3768203,2.5506375,2.458035,3.181418,1.9920652,3.644684,2.3888152,3.6502714,2.7917008,3.4555159,3.3390763,2.1499615,3.3270519,3.8748507,3.8260396,3.8682716,3.8528352,4.351194,5.024192,3.695024,4.1680155,3.4969428,3.5419674,3.5993638,4.1179433,2.95381,3.1883209,3.019264,3.2230573,2.941642,2.8582907,2.9768946,2.7862644,2.9201562,3.194204,3.3187878,3.4988089,3.1465194,3.3245108,3.2264144,3.2070134,3.1210036,3.1871877,3.1024904,3.3206851,4.0465093,3.7233763,3.642987,3.381394,2.52904,2.697598,3.3579867,3.1505923,3.1485195,3.3349004,3.251088,3.1486797,3.4118142,3.739031,3.7401364,3.2550073,2.8429322,3.1331928,3.1742084,2.4878387,2.6897027,2.6539536,3.2455914,3.2023551,3.7495117,3.835338,2.3215115,2.3570614,2.6701791,2.6389344,2.76545,2.1040382,3.2116027,3.2437618,3.2500281,3.3048472,5.1747465,4.9388347,5.115102,5.0839777,4.6828637,5.074376,5.2173076,5.1874957
8,2.6926851,3.5634086,2.8368242,3.1197062,2.9489653,3.0127969,3.842566,3.841954,0.0,2.5456412,1.9779905,1.8404392,2.1904497,4.9987516,3.4671638,2.7800233,4.653551,4.1746573,4.3679566,4.3589883,4.403688,4.4527955,4.1349297,4.09207,5.532435,4.2073507,3.9790115,3.94862,4.4083333,3.90135,4.546621,4.5813003,3.7814698,4.262252,4.0126214,3.4668133,4.100175,3.9795232,3.0479066,3.1685247,3.4441805,3.4563966,2.9916525,2.198353,3.7405608,3.0263345,3.340833,3.1090474,2.9041033,3.0574996,3.7737026,2.7671547,3.724941,3.707331,3.676326,3.7224572,4.6154327,5.459979,4.308253,4.774852,3.8198013,3.8618295,2.9301221,3.7362373,3.652703,3.8575583,3.6710625,3.383154,3.5625522,3.392034,3.699734,3.5282629,3.3134239,3.5688305,3.8585043,3.7986364,3.5705886,3.691321,3.608347,3.569944,3.5791955,3.7647915,3.5668614,3.610722,2.9941235,4.0663004,4.1504064,4.0055704,4.273441,4.348049,4.125038,3.3265827,3.7099628,3.7943792,4.0745025,3.7685878,3.2846625,3.6558452,4.4099464,3.971228,4.0494432,4.2190313,2.981893,3.6338491,4.6143837,4.567296,3.1741207,3.2581356,3.685317,3.726315,2.7423558,2.648639,3.5039172,3.4407465,3.6368568,3.8500848,4.0641985,3.922727,3.9786823,3.9544992,4.7977767,4.6150174,4.969481,4.8309293,4.3980417,4.94213,3.4863193,3.497333
9,2.641805,3.5666492,2.7628648,3.1380439,2.9639816,3.0442584,3.9243972,3.9420218,2.5456412,0.0,2.5276985,2.3662689,2.4594767,4.3727565,3.399861,2.7338986,4.6936,4.2002263,4.4035544,4.4161835,4.407951,4.5174513,4.531058,4.096331,5.083179,4.35648,4.0252066,4.03384,4.1975403,3.9233623,4.8718762,5.2496753,3.8398476,4.2612014,4.037532,3.8831034,4.044408,4.059301,3.1110148,3.3409176,3.4744132,3.5252395,3.058739,2.8968265,4.496888,3.1253262,3.49314,2.8961265,3.0121562,2.7823634,3.5457969,2.5368595,3.0668669,3.0388403,2.9981823,3.0539768,4.815072,6.130273,4.3267064,4.678637,3.7351725,3.75777,2.7291765,3.6532657,3.9003673,3.6319273,3.42947,3.0697072,3.6759863,3.0455878,3.2407458,3.626267,3.5779202,3.7955654,4.432872,4.3553157,3.9012058,4.306135,3.996968,3.8017144,3.4920712,3.6300273,3.6832554,3.746301,1.8982133,3.3202348,3.9475918,3.99351,4.13599,4.206667,3.9409375,3.733389,3.1935754,3.3612843,4.0291204,3.3412373,3.3100653,3.566035,4.025614,3.6900978,4.037998,3.8844683,3.6837156,3.7240462,4.327229,4.185412,3.6991956,3.7561495,2.866209,2.7193289,3.4390042,3.3743827,3.4689229,3.5820498,3.0679667,3.2856698,3.4870436,3.41786,3.3215845,3.3830247,5.2534914,4.56695,5.006918,4.832195,4.4114885,4.9778767,4.3683486,4.4553514
10,1.6860952,2.5651524,1.8718737,2.3811245,2.0351417,2.156115,3.4206643,3.420653,1.9779905,2.5276985,0.0,0.54254335,1.4198889,3.4464874,2.75552,1.7706667,3.813859,3.266484,3.4825768,3.5016272,3.6015477,3.6748807,3.1855059,3.111469,4.3625574,3.7934947,3.314859,3.256829,3.3577042,3.1828432,4.166108,4.2464175,2.3713162,2.9812503,2.8270915,2.3553045,3.0378647,3.002074,2.0836127,2.2995596,2.2884192,2.3490498,1.6104491,1.8668528,2.8045185,2.0631793,1.8994613,1.8657061,1.4981064,1.6423657,3.1520882,1.4390053,2.7346005,2.6819732,2.6575563,2.7054186,3.9515831,4.945676,3.5340548,4.0150595,2.9621954,2.9873977,1.7927336,2.7383783,3.376346,3.36652,3.3980966,3.023392,3.2786088,2.9905033,3.375977,3.1877837,3.002566,3.3220224,3.5603049,3.4647653,3.2806962,3.4173255,3.3770304,3.3729968,2.502284,2.6638944,2.4234598,2.860969,2.1725948,3.064194,3.2401235,3.219599,3.2702982,3.3767138,3.2242916,2.644246,2.8531756,3.015196,3.2699778,2.8593464,3.1519904,3.5226302,3.7295132,3.2653317,3.0401664,3.3352885,3.0174947,2.7829192,3.5065272,3.448471,3.1167796,2.970664,3.7478285,3.4953465,2.6874359,2.5849235,2.6463165,2.608416,2.845994,3.179128,3.2279994,3.1848693,3.1728196,3.1564865,3.9974308,3.7193437,4.5055437,4.064934,3.6126006,3.9608793,3.7117302,3.7255588
11,1.5222976,2.4611788,1.7205995,2.2456644,1.9084574,2.02228,3.2601454,3.2622633,1.8404392,2.3662689,0.54254335,0.0,1.0886225,3.3938725,2.7022324,1.6245891,3.7760284,3.220758,3.432044,3.4556503,3.5690532,3.662224,3.1721926,3.096745,4.2654705,3.6493447,3.2025366,3.1462624,3.2839663,3.09864,4.1069474,4.212299,2.4746878,3.0718882,2.7740636,2.369108,2.9430714,2.865615,1.9692832,2.1985009,2.3378608,2.3658447,1.6495041,1.7799535,2.9124184,1.9386772,2.1927993,1.7531184,1.4791267,1.5591841,3.0603645,1.3225054,2.7729127,2.720058,2.6956494,2.741372,3.8838394,4.9322386,3.4228354,3.9034739,2.8418777,2.8621135,1.5424986,2.6341195,3.0055766,3.0096157,3.0313935,2.5979946,2.8986814,2.597993,3.0031111,2.791336,2.5835195,2.9292104,3.284492,3.168056,2.902969,3.1024585,3.0083873,2.9864824,2.4252357,2.5914016,2.3847675,2.7632797,2.076335,3.00343,3.2086194,3.1039505,3.1326911,3.24544,3.0826263,2.559629,2.6406515,2.8278325,3.1421208,2.6473744,3.063439,3.439401,3.6555247,3.2083538,2.9172401,3.2103083,2.879521,2.6726923,3.406073,3.3437598,3.0178175,3.0439544,3.5100183,3.4024668,2.5627441,2.4621332,2.5251174,2.4887996,2.6690025,3.0127115,3.171072,3.191643,3.1252854,3.1027086,3.9359977,3.6607997,4.2424283,3.977367,3.5153763,3.892561,3.668412,3.6526613
12,1.2837653,2.5972319,1.4037851,2.2010312,1.8024455,1.8652192,3.27523,3.2780955,2.1904497,2.4594767,1.4198889,1.0886225,0.0,3.0721366,2.2559655,1.2203432,3.681014,2.9675884,3.0017698,2.984027,3.08303,3.2165024,2.86629,2.7491214,4.015935,3.4212468,2.7855792,2.7557921,2.9377437,2.8148994,3.9100294,4.012192,2.5951169,2.9988499,2.7355843,2.3872342,2.887291,2.7367113,1.5705019,2.0632868,2.4825683,2.4417381,1.742883,2.050387,3.0384703,1.7799312,2.417529,1.3551613,1.7956574,1.6740109,3.3124185,1.3976934,2.6871111,2.78653,2.747115,2.7914052,4.1318893,5.027656,3.2759001,3.8955064,3.252962,3.249229,1.6916289,2.979198,2.4164824,2.6125326,2.4366326,2.217509,2.5676005,2.275291,2.5258918,2.3253975,2.183276,2.3886983,2.8787365,2.728355,2.4011943,2.6442568,2.3770034,2.3774202,2.3276076,2.5888906,2.1932385,2.2981384,2.0152588,2.7438583,2.8898242,2.5874107,3.114796,3.1671154,2.6561983,2.3503213,2.086527,2.5814831,2.7386289,2.1070683,2.9134161,3.229654,3.463293,2.9407654,2.7581658,3.026291,2.7119153,2.3337903,3.1705532,3.2143764,2.7708502,2.9601538,3.2351513,3.3152225,2.5065744,2.3704126,2.2543433,2.240367,2.2836714,2.7420368,2.9674237,3.0159168,2.8611224,2.8701804,3.4612973,3.1467807,3.5484908,3.4202752,2.9404151,3.5603926,3.3878763,3.414355
13,2.6050081,3.254614,2.4923167,2.894758,2.840105,2.9136956,3.638463,3.644181,4.9987516,4.3727565,3.4464874,3.3938725,3.0721366,0.0,3.8027532,2.6796162,4.3436007,3.8839414,3.8224325,3.891259,3.8051648,4.111271,3.770072,3.6226447,3.603583,4.7718368,3.9271736,3.925485,3.2760072,3.882589,5.2050233,5.3872037,2.9641697,2.9315743,3.0708175,3.0265527,3.3234484,3.3468466,2.5403132,2.859628,2.8621435,2.8413029,2.7056973,3.6916516,3.5688806,2.597197,3.1241636,2.1975374,2.7898152,2.6257827,3.737643,2.79959,3.2302504,3.2309093,3.2325234,3.225937,4.5072036,5.257645,3.4915173,3.858374,3.8604076,3.827249,3.1290598,3.7713144,3.4128234,3.2433498,3.488246,3.5265384,3.4559965,3.2410107,3.336632,3.2766972,3.2652798,3.4671116,3.8775606,3.7574968,3.472505,3.6876225,3.5746863,3.6461616,2.8134756,2.8964562,2.5869102,3.1123,3.4126813,3.1169295,2.9713545,2.8491561,3.0596478,3.1576607,2.8800359,3.311895,2.482028,2.9743626,2.9644842,2.4122782,4.2432675,4.4282093,3.5886471,3.3045526,2.7775366,3.1554935,4.2800183,2.4632795,2.1766117,2.0785067,4.27794,4.2946596,4.5928993,4.407343,3.9896202,3.9564695,2.643571,2.67081,2.677162,2.8978653,2.983992,3.234409,3.0789046,3.094894,3.8445058,3.4500058,4.114168,3.78241,3.4327202,3.7960448,5.3594003,5.408317
14,2.431566,3.4942439,2.662216,3.6267242,2.7956555,2.8715954,4.9149466,4.913121,3.4671638,3.399861,2.75552,2.7022324,2.2559655,3.8027532,0.0,2.224188,3.042466,2.1562004,1.9863896,2.0253124,2.4001389,2.3945773,2.09771,1.6862043,3.7567277,2.919168,1.914668,1.9025661,2.2758532,2.089645,3.0610576,3.350391,2.9657588,2.988917,3.321138,3.2539873,3.612812,3.356479,2.8446343,3.5132258,3.695418,3.7023213,2.6382012,3.6338975,3.9765103,3.508951,3.0281994,2.515548,3.0539992,2.8639994,5.247422,2.8136888,3.326936,3.299011,3.2062058,3.276782,4.9189057,5.531084,3.7219014,4.2248464,4.709645,4.6936755,3.4399967,4.0319133,3.5856984,3.366176,3.4241512,3.547666,3.4954143,3.3423784,3.427806,3.3910332,3.2786775,3.3040216,3.7499752,3.5894377,3.2906544,3.5299764,3.3038557,3.2711084,2.5690444,2.8265967,2.530446,2.6374965,2.943782,2.5140207,2.8686354,2.8757095,4.0166717,4.037527,3.1542678,2.9659982,2.5273316,3.1487637,3.1763816,2.5416737,3.0720286,3.2652476,3.530395,3.1578534,3.1934052,3.291835,3.2745407,3.1361537,3.9858615,3.9930766,3.1659267,3.4424663,3.606358,3.4023235,3.5033765,3.4286795,2.814431,2.877331,2.7537856,3.6587715,3.2773225,3.4321916,3.1595824,3.1555042,2.7578351,2.0444221,2.9141126,2.4157434,2.0936446,2.5657775,2.3945656,2.568283
15,0.8556861,2.3730423,1.0219581,1.8990892,1.3581264,1.5313389,2.81345,2.8178341,2.7800233,2.7338986,1.7706667,1.6245891,1.2203432,2.6796162,2.224188,0.0,3.5146043,2.87636,2.7927544,2.835188,3.0976808,3.3024716,2.785775,2.592158,4.1136217,3.6783113,2.8716974,2.880742,2.9372945,2.9556773,3.7835484,4.002172,1.984562,2.0940967,2.349959,2.2867253,2.4879043,2.4378035,1.2490268,1.8499986,2.048463,2.050464,1.5046229,1.8355963,3.0258307,1.8960749,2.1510487,0.90499043,2.119173,1.6532501,3.3137844,1.6177186,2.7588704,2.7192528,2.6868021,2.725142,4.0530906,4.914225,2.8692682,3.4019911,3.390577,3.3931723,2.3825796,3.205201,2.4765882,2.5258589,2.4840503,2.6026454,2.4632788,2.1755886,2.4019272,2.2252705,2.1254313,2.3119423,2.8105314,2.6928406,2.3589008,2.7260308,2.4574046,2.4143677,1.6330179,1.8500378,1.5775576,1.8476888,2.366362,2.0427282,2.2905679,2.1245532,2.5249815,2.629573,2.1302078,2.1080105,1.5339923,2.304319,2.3395936,1.4495502,2.4784656,2.7601967,2.8659055,2.4002454,2.1100245,2.4198062,2.4145515,1.7016008,2.6192303,2.548383,2.3954391,2.4382818,2.9591844,2.7620938,2.14089,1.972536,1.5100856,1.5741444,1.4735329,1.9920678,2.4098213,2.5112886,2.3303113,2.363223,3.2013063,2.7302341,3.4442885,3.0839217,2.6180577,3.200424,3.2744024,3.3528538
16,3.704264,4.587865,4.0126185,4.1498113,3.2767496,3.2950742,5.394494,5.3905377,4.653551,4.6936,3.813859,3.7760284,3.681014,4.3436007,3.042466,3.5146043,0.0,1.5758369,2.3356135,2.2827232,2.9761899,3.0544436,2.3999147,2.2407987,4.6148396,4.4445577,3.4943376,3.4655278,3.4273214,3.602483,3.9876642,4.003928,3.2735767,3.391724,3.8107402,3.5781486,4.5888605,4.200257,4.2000723,4.4676433,4.0432353,3.979219,3.1940298,4.32127,4.7026196,4.375493,3.868192,3.415316,3.6660943,3.3138075,6.010916,4.005489,4.8498745,4.1789284,4.1028523,4.1639724,3.5963528,5.1274953,3.3559175,4.0385447,4.157666,4.1331563,4.4740667,3.3781586,3.944868,3.6259506,4.3865423,4.0869193,3.9007833,4.0850306,4.3190303,3.81871,4.0177903,4.4104466,3.8419235,4.0148897,3.6614819,3.8180346,3.6254184,3.593252,3.364881,3.6945336,3.5409818,3.2656267,3.9078531,3.7004333,4.0400677,3.958772,4.871234,5.078406,3.9395418,3.929441,4.0433674,3.9040952,4.0262494,3.8809278,4.0740337,4.56117,4.470643,3.9681923,3.8477316,3.9576807,4.098552,3.8398793,4.169579,4.324508,3.8393688,4.011314,4.808124,4.769689,4.25416,4.1915402,3.7004445,3.7649984,3.7112508,4.465301,4.2948527,4.2365966,4.1085286,4.121332,3.6644294,3.415743,3.881811,3.6023352,3.3100247,3.6793027,4.0648007,3.9637105
17,3.129657,4.1998076,3.4170933,3.8568401,2.8914917,2.962563,5.109777,5.104224,4.1746573,4.2002263,3.266484,3.220758,2.9675884,3.8839414,2.1562004,2.87636,1.5758369,0.0,1.591447,1.6525196,2.6793916,2.7574465,1.7422371,1.4643574,4.085036,3.7652292,3.1123636,3.0814872,3.12743,3.2760396,3.5053391,3.6764107,2.9689665,3.0650597,3.5247865,3.263876,3.9328208,3.482766,3.5231063,3.8667135,3.7799716,3.7317867,2.8357122,4.060432,4.325038,3.858118,3.2937572,2.853074,3.4036674,2.9966342,5.5850677,3.315635,4.147444,3.9270275,3.8388138,3.9041412,4.04471,5.364953,3.6266432,4.0956573,4.4279265,4.403825,3.8523314,3.6854467,3.3792408,3.3274753,3.8461914,3.6691935,3.6335917,3.7522414,3.695675,3.4069784,3.628119,4.06119,3.5539894,3.7467906,3.238536,3.4932976,3.2831438,3.2368224,2.8782547,3.2029397,2.980682,2.8672516,3.3681455,3.13292,3.6024747,3.464478,4.394727,4.486462,3.031063,3.065318,3.241896,3.2302892,3.2513368,3.0784044,3.6988277,4.1702247,4.1652436,3.6498282,3.5616026,3.659983,3.7643204,3.5709133,4.0208564,4.0632453,3.5655184,3.8274744,4.554497,4.421452,4.016088,3.9624903,3.336824,3.4482565,3.355363,4.2076926,4.0119057,4.030746,3.8743649,3.853449,3.2912738,2.990623,3.5442135,3.3122783,2.9332607,3.34346,3.6503568,3.5265663
18,3.103888,4.212144,3.3524554,3.8309627,2.9214737,3.0442157,5.1461654,5.143659,4.3679566,4.4035544,3.4825768,3.432044,3.0017698,3.8224325,1.9863896,2.7927544,2.3356135,1.591447,0.0,0.6353491,2.639051,2.50286,1.1041793,0.6817784,4.145529,3.7172804,2.927006,2.8983335,3.0593243,3.254096,3.567126,3.8205264,2.9881508,2.9647093,3.5303407,3.3856976,3.9740992,3.5933695,3.4314249,3.9603722,3.942598,3.904759,2.9955165,4.2001843,4.4047136,4.0193453,3.4557297,2.872897,3.565483,3.0845912,5.728962,3.4420142,4.3118057,4.0933394,4.0209637,4.077513,4.9698777,5.5476775,3.5587142,4.002834,4.5487413,4.512162,4.0032854,3.780439,3.5614896,3.5880497,3.8092678,3.8475409,3.8416436,3.8836315,3.7638185,3.4389944,3.7192893,3.7455738,3.6550636,3.8787696,3.2618613,3.565945,3.3082418,3.2989578,2.7914333,3.0825505,2.7947056,2.450619,3.3085423,2.8907826,2.9556887,2.8369699,4.3802915,4.4576907,2.9483247,3.271882,3.199376,3.8413324,3.1995296,3.0463512,3.7374923,3.8615615,3.8036606,3.5641975,3.4291763,3.6071694,3.7458167,3.4640658,4.0705843,4.1224384,3.436486,3.8179681,4.7099867,4.489818,4.1291366,4.0598717,3.2776423,3.4196289,3.3101847,4.1733084,4.027801,4.1649666,3.9596307,3.9081533,2.574509,2.276078,3.0157368,2.6202111,2.2917607,2.7674615,3.227677,3.1668437
19,3.1813896,4.2527494,3.3887022,3.832714,2.9089963,2.9399085,5.145321,5.142456,4.3589883,4.4161835,3.5016272,3.4556503,2.984027,3.891259,2.0253124,2.835188,2.2827232,1.6525196,0.6353491,0.0,2.313834,2.1525722,1.2149814,0.87297,4.2799263,3.8429325,2.885984,2.857713,3.024355,3.2117152,3.704859,3.7690606,3.0263865,3.002413,3.5861118,3.4147224,4.023218,3.6390994,3.4548116,3.9912875,3.9724667,3.9021258,2.9786747,4.1726856,4.4128594,3.9470563,3.45375,2.8651302,3.5845287,3.1179945,5.746072,3.4612107,4.3177814,4.106835,4.032286,4.0916877,4.896963,5.585849,3.6333575,4.331685,4.573479,4.539362,3.9876266,3.8097856,3.518879,3.566393,3.7396476,3.7776575,3.8288918,3.8842156,3.8843224,3.5085206,3.8276215,3.800614,3.5615056,3.775577,3.3612678,3.5596883,3.2260957,3.2185495,2.906537,3.2885542,2.9056504,2.3316016,3.4058778,3.0249531,3.0959,2.9355512,4.4672537,4.540071,3.042303,3.3319187,3.2923348,3.9028606,3.2894788,3.1382933,3.7753808,3.9671936,4.0218816,3.575283,3.469538,3.6558774,3.7815535,3.4678993,4.014437,4.241945,3.2461817,3.6294801,4.6460304,4.5653973,4.0430717,3.9735177,3.3110824,3.4514177,3.3571846,4.179906,4.0543947,4.1550565,3.867607,3.9028168,2.5698152,2.2857318,2.944319,2.5248039,2.1737053,2.7824805,3.1963856,3.1318405
20,3.2280586,3.9474394,3.293813,3.6493766,2.9829702,2.8262322,5.0384192,5.0365696,4.403688,4.407951,3.6015477,3.5690532,3.08303,3.8051648,2.4001389,3.0976808,2.9761899,2.6793916,2.639051,2.313834,0.0,0.77302176,2.4421964,2.2634912,4.1604314,4.017723,2.3508666,2.365913,2.2913089,2.379609,4.153679,3.9130008,3.248374,3.2399027,3.209174,3.4930818,3.7697847,3.366954,3.5547724,3.8688087,3.9662912,3.860344,3.0150573,4.1362286,4.3670526,3.714689,3.4364722,2.8500698,3.336799,3.2697353,5.4689054,3.474859,3.9570217,3.783799,3.7064357,3.761017,4.611628,4.995989,3.1746883,4.392345,4.6949844,4.6758623,3.9938874,4.061717,3.6279955,3.2804601,3.5146275,3.6242738,3.5014544,3.9990084,3.91205,3.6097481,3.8551245,3.8119552,3.7588565,3.879977,3.5664,3.5714097,3.2078154,3.1687224,3.1532173,3.6329408,3.105399,2.5741246,3.8073857,3.3905869,3.1934094,3.1050272,4.415973,4.465409,3.842251,3.6068556,3.4449315,3.7786639,3.5898933,3.4300897,3.6724854,4.020839,4.1150465,3.332223,3.312615,3.4258761,3.724991,3.2216954,3.4371657,3.988995,3.147127,3.4836948,4.5068107,4.6867237,3.748109,3.828655,3.1197548,3.2609327,3.3865798,4.0928307,3.7873151,3.9045825,3.4072597,3.6968553,2.7929869,2.5575557,2.7955728,2.3103948,2.1072874,2.7999768,3.4762504,3.643497
21,3.4087298,4.0867352,3.5054877,3.926632,3.2679842,3.1447494,5.347073,5.344978,4.4527955,4.5174513,3.6748807,3.662224,3.2165024,4.111271,2.3945773,3.3024716,3.0544436,2.7574465,2.50286,2.1525722,0.77302176,0.0,2.3009858,2.1387646,4.2850084,3.9223592,2.2431643,2.2439997,2.313771,2.3218257,4.1793156,3.9403026,3.3713086,3.4420176,3.3706203,3.6754935,3.9485393,3.6045535,3.7694666,4.1074886,4.175126,4.0828543,3.2067513,4.340699,4.5499716,3.9438567,3.5843275,3.0958502,3.5017366,3.4287455,5.719907,3.6599789,4.1850853,4.0004086,3.923662,3.983017,4.8781815,5.2162433,3.4098737,4.59421,4.8157206,4.7931924,4.1182547,4.116486,3.9582608,3.6737275,3.8497477,3.898531,3.9153373,4.301851,4.241182,3.9250765,4.1571174,4.07085,4.083368,4.186894,3.8554525,3.8655968,3.5137558,3.4773624,3.3919082,3.8355196,3.3352997,2.8086634,3.8674912,3.5457003,3.4347615,3.3591523,4.659227,4.6970696,4.1431537,3.901207,3.750455,4.1166186,3.92222,3.7560523,3.8855402,4.177404,4.3329005,3.6247377,3.5947516,3.6995273,3.9061375,3.559878,3.8746564,4.3895116,3.231395,3.6682527,4.743958,4.8778973,4.036061,4.079555,3.46074,3.5885675,3.6987193,4.4197593,4.1078625,4.2271714,3.7603426,3.9952393,2.848868,2.6520357,2.9756815,2.4273055,2.2819624,2.837676,3.4503703,3.6017406
22,2.974761,4.012907,3.2340958,3.7406354,2.8948703,2.9819827,5.084586,5.0823736,4.1349297,4.531058,3.1855059,3.1721926,2.86629,3.770072,2.09771,2.785775,2.3999147,1.7422371,1.1041793,1.2149814,2.4421964,2.3009858,0.0,0.9267386,3.8055618,3.3650851,2.6301744,2.5890374,2.7475665,2.8928955,3.6618729,3.74101,2.8544457,2.9555683,3.3957636,3.22621,3.799544,3.4746706,3.3971965,3.7442417,3.7318327,3.7110138,2.7619634,4.0289855,4.2732654,3.7647939,3.1289678,2.7530353,3.232073,2.858526,5.500504,3.1794147,4.4092584,4.2074966,4.1378045,4.1945896,4.6336207,5.354681,3.4995353,4.039861,4.4301124,4.4010725,3.803525,3.6703682,3.5704327,3.7083895,4.0096455,3.96907,3.7595925,3.9425735,3.9923263,3.4711156,3.6652508,3.7340705,3.7846372,3.926244,3.3347383,3.604237,3.3536348,3.3188288,2.7656183,3.0798383,2.7515032,2.394396,3.4520397,3.1880972,3.1132872,2.9873059,4.295238,4.378946,3.1287174,3.1928136,3.3435385,3.8598218,3.4704704,3.190008,3.8176043,4.0226893,3.955743,3.6684966,3.376114,3.670898,3.585494,3.3204968,3.8710847,3.9714272,3.3358462,3.6568797,5.003267,4.820632,3.9543939,3.9152715,3.1347842,3.2786846,3.4878366,4.312434,4.2216935,4.3454285,4.161593,4.145541,2.0155916,2.176407,3.0225852,2.4771569,2.1600394,2.669377,3.188219,3.0936315
23,2.8102026,3.8934882,3.0662074,3.5809445,2.658976,2.7708755,4.9861794,4.983218,4.09207,4.096331,3.111469,3.096745,2.7491214,3.6226447,1.6862043,2.592158,2.2407987,1.4643574,0.6817784,0.87297,2.2634912,2.1387646,0.9267386,0.0,3.7686677,3.3614619,2.5759823,2.5487773,2.661379,2.8155303,3.4547324,3.6695628,2.6642654,2.7538068,3.2388253,3.067006,3.6734645,3.317004,3.2850385,3.6514697,3.6206172,3.5956728,2.597479,3.9520605,4.1576877,3.7249682,3.007067,2.5739799,3.1305382,2.7495182,5.433029,3.0874243,3.9187799,3.6906905,3.6126273,3.674029,4.652128,5.2500553,3.3587143,3.8742013,4.3280516,4.2975354,3.7089539,3.547742,3.5133443,3.4455838,3.6838312,3.6872265,3.6718695,3.7297702,3.6429043,3.356616,3.5977716,3.6576104,3.6601937,3.8545973,3.2184892,3.494474,3.2696843,3.2252045,2.55627,2.876711,2.5569556,2.3146632,3.035715,2.6993034,2.7556298,2.7071533,4.1897297,4.2657385,2.946463,3.0559168,3.0381012,3.607504,3.1105468,2.9339206,3.4227307,3.6006866,3.5394566,3.236832,3.1986058,3.3063338,3.4752493,3.2286105,3.7969964,3.8595872,3.2410243,3.584656,4.5326567,4.283808,3.880667,3.8480456,3.01742,3.1645489,3.1221848,4.017474,3.7502873,3.9007056,3.6756124,3.6466742,2.4572937,2.0898094,2.9546099,2.417136,2.0768049,2.5491977,3.0802422,3.0362809
24,3.9901016,4.682017,4.121772,4.979214,4.465784,4.527164,5.923204,5.9271083,5.532435,5.083179,4.3625574,4.2654705,4.015935,3.603583,3.7567277,4.1136217,4.6148396,4.085036,4.145529,4.2799263,4.1604314,4.2850084,3.8055618,3.7686677,0.0,2.6022565,3.28944,3.2818756,2.8693268,3.3192713,4.2813387,4.5359774,4.1259003,4.560328,4.130078,3.8891098,4.1716623,4.2899632,4.674492,4.012282,4.226453,4.2789207,3.5821667,5.2270947,5.0646157,4.4165854,3.8414118,3.7030718,3.5718555,3.5628178,5.5574713,3.5854867,4.252972,4.218531,4.1696496,4.194376,4.9626746,5.6646905,4.786285,4.961703,5.3091006,5.266642,4.031002,4.7655334,4.749671,4.6572576,4.801354,4.717756,4.613791,4.3889713,4.631322,4.5645714,4.258533,4.2933125,5.2011347,4.8356876,4.532149,4.8017287,4.732912,4.5936065,4.3487706,4.420035,4.215946,4.5608563,4.2656593,4.442979,4.3953166,4.293599,5.023019,5.055745,4.434412,4.59544,3.9896014,4.4597273,4.752203,3.9774573,4.745298,4.828834,4.1781263,4.2218137,4.462099,4.1721244,4.7311516,4.291287,4.349835,4.1724815,5.385831,5.6236696,5.456803,5.319104,5.347499,5.292541,4.2316995,4.233525,4.2715406,5.057208,4.5758867,5.004788,4.695239,4.6404753,3.7219317,3.4103606,3.8864348,3.6310995,3.5673585,3.8929486,5.2920675,5.241209
25,3.589708,4.42417,3.8244877,4.843539,4.2366652,4.3225546,5.754664,5.754526,4.2073507,4.35648,3.7934947,3.6493447,3.4212468,4.7718368,2.919168,3.6783113,4.4445577,3.7652292,3.7172804,3.8429325,4.017723,3.9223592,3.3650851,3.3614619,2.6022565,0.0,2.5068674,2.5277867,2.9634588,2.7019749,3.2320766,3.520227,3.9792402,4.4949274,4.0623727,3.8063402,3.950221,4.078907,4.4716516,3.7604885,4.143168,4.2037225,3.430705,4.583894,5.0047717,4.343306,3.684964,3.6236222,3.6443117,3.5894134,5.5906577,3.4572933,4.3241167,4.3241835,4.2568045,4.307192,4.9886975,5.6429954,4.755232,5.005272,5.418872,5.3984776,4.0143976,4.8507094,4.4816537,4.625212,4.543863,4.5416074,4.428004,4.170245,4.4140306,4.293437,3.90837,3.8959162,4.9044127,4.5223675,4.1570716,4.4644885,4.345486,4.134177,4.182954,4.2680874,4.1050706,4.2787004,4.053063,4.224426,4.4256988,4.251448,5.0064135,5.000514,4.47339,4.2568097,3.9150727,4.3949986,4.7674413,3.965192,3.7962148,3.884203,4.018583,4.0035586,4.45371,4.068653,3.6230235,4.267914,4.9320507,4.772644,4.39076,4.8346524,4.674493,4.582042,4.6072164,4.485431,4.0915937,4.0688596,4.109773,4.966865,4.616714,4.9557343,4.6867614,4.5881596,3.5124035,3.2463586,3.6055267,3.4232445,3.3654904,3.7585409,3.7899776,3.6942568
26,2.869019,3.7114463,3.0643866,4.058389,3.474073,3.473681,5.1983824,5.2029223,3.9790115,4.0252066,3.314859,3.2025366,2.7855792,3.9271736,1.914668,2.8716974,3.4943376,3.1123636,2.927006,2.885984,2.3508666,2.2431643,2.6301744,2.5759823,3.28944,2.5068674,0.0,0.2242409,1.0473025,0.68626785,3.2043567,3.2746172,3.44289,3.633334,3.1659143,3.5450068,3.7255943,3.6947405,3.454644,3.6881719,3.86932,3.8791752,2.9568975,3.9991841,4.3998494,3.7464795,3.4804335,2.8914402,3.142538,3.0714345,5.3867702,3.179499,3.9716902,3.744207,3.66895,3.7258162,4.668961,5.2240353,3.4503295,4.188266,4.838318,4.8162975,3.7248318,4.2057176,4.0003877,3.6900299,3.9047759,3.9371746,3.6578605,3.7467244,3.9960473,3.760468,3.4100888,3.353232,4.24006,3.810226,3.6733437,3.876406,3.6042566,3.5230227,3.3923416,3.6040168,3.3200686,3.3269312,3.6887007,3.5027075,3.5750673,3.517752,4.4148364,4.4736934,4.2326407,4.0164676,3.2895062,3.7296689,4.1957755,3.3134131,3.6404347,3.8396037,3.92427,3.6010273,3.5839674,3.6166763,3.5535676,3.3350027,4.014741,4.1379447,3.462469,3.9790208,4.062029,4.1170044,3.9047458,3.79435,3.1950552,3.188551,3.2708333,4.073279,3.7966502,4.0490966,3.6384592,3.7365737,2.6836958,2.306102,2.8276062,2.3554254,2.2705126,2.862079,3.2191346,3.4533641
27,2.8950984,3.7371323,3.093187,4.077739,3.4736338,3.473774,5.228092,5.2325835,3.94862,4.03384,3.256829,3.1462624,2.7557921,3.925485,1.9025661,2.880742,3.4655278,3.0814872,2.8983335,2.857713,2.365913,2.2439997,2.5890374,2.5487773,3.2818756,2.5277867,0.2242409,0.0,1.0184299,0.708916,3.1431587,3.1998959,3.4524076,3.6700442,3.1567295,3.5165012,3.751237,3.698129,3.4478228,3.717708,3.89947,3.9088526,2.9391387,4.0065513,4.335439,3.760677,3.4710152,2.9112563,3.089198,3.035726,5.3983483,3.1389718,3.9578018,3.730664,3.656406,3.7129924,4.6813703,5.203224,3.472672,4.1946535,4.785991,4.763125,3.6440048,4.1301327,4.0153246,3.6884391,3.9143102,3.9064705,3.664261,3.7643116,4.021694,3.7807732,3.417777,3.3623912,4.2043056,3.7697823,3.681822,3.8639758,3.6157417,3.5526528,3.4150288,3.6261325,3.3319898,3.362572,3.6570308,3.5644624,3.5894434,3.5422022,4.453209,4.5173397,4.2402797,4.0288715,3.3338993,3.776018,4.193264,3.3399706,3.7239122,3.921663,3.9917502,3.6740923,3.6191354,3.6836143,3.6332495,3.3912668,4.068257,4.190532,3.5263608,4.0483074,4.1283755,4.184244,3.9564393,3.8447287,3.255698,3.2377179,3.3365915,4.1358023,3.8410943,4.101605,3.682199,3.778733,2.7139025,2.3624284,2.8850925,2.433542,2.323102,2.8906226,3.2486823,3.476825
28,2.8810918,3.6492817,3.026577,3.9561179,3.4089794,3.394526,5.1250563,5.13043,4.4083333,4.1975403,3.3577042,3.2839663,2.9377437,3.2760072,2.2758532,2.9372945,3.4273214,3.12743,3.0593243,3.024355,2.2913089,2.313771,2.7475665,2.661379,2.8693268,2.9634588,1.0473025,1.0184299,0.0,0.9761265,3.575768,3.630059,3.3353195,3.4979432,3.0287106,3.4110801,3.6984663,3.661678,3.382073,3.6602435,3.7483075,3.7571673,2.826838,4.112702,4.2076488,3.5993779,3.3578637,2.7758698,2.907544,2.9048932,5.2403045,3.0848484,3.7549477,3.4856849,3.416128,3.4641526,4.459039,5.080735,3.3252788,4.0553246,4.6382976,4.6107373,3.582551,4.0155835,4.0316324,3.5514348,3.931109,3.9002159,3.6134448,3.7260976,3.9993713,3.8007624,3.467583,3.4945862,4.2606387,3.8355272,3.7689023,3.927584,3.7142932,3.6764953,3.309254,3.517626,3.2086809,3.373672,3.6632252,3.4954221,3.4568155,3.4716423,4.285399,4.3707657,4.145867,4.02193,3.2091048,3.5665824,4.0604973,3.2035694,3.9268293,4.1660385,3.9196563,3.5715258,3.4263034,3.53467,3.932068,3.1942215,3.6035535,3.7405932,3.7776108,4.21883,4.3004513,4.3087244,4.099277,4.0293045,3.112143,3.1001616,3.2130752,3.973428,3.591968,3.8908699,3.443712,3.5745683,2.793187,2.362028,3.0090384,2.4746335,2.340963,2.8587143,3.8861113,4.088391
29,2.8078232,3.4802253,2.9814935,3.9445426,3.4435823,3.4304307,5.1442647,5.1471815,3.90135,3.9233623,3.1828432,3.09864,2.8148994,3.882589,2.089645,2.9556773,3.602483,3.2760396,3.254096,3.2117152,2.379609,2.3218257,2.8928955,2.8155303,3.3192713,2.7019749,0.68626785,0.708916,0.9761265,0.0,3.5547671,3.5864992,3.4389253,3.6473134,3.1843324,3.52547,3.7466373,3.709983,3.4281533,3.6817777,3.8268747,3.8425508,2.9307668,3.9207041,4.264086,3.6123781,3.4269102,2.9177177,2.9523644,3.0836802,5.2414474,3.1602314,3.7717943,3.5199609,3.4445202,3.5017657,4.5420294,5.1230183,3.464632,4.2200794,4.7388344,4.7240534,3.6529317,4.1393743,4.087472,3.6429143,3.9336483,3.9179542,3.6197667,3.7187626,4.0088162,3.8138947,3.438186,3.468902,4.3568487,3.9366431,3.7734098,3.9238226,3.7116008,3.6481228,3.3349967,3.5412111,3.265026,3.4249978,3.676291,3.5083477,3.599032,3.6043198,4.31257,4.3777742,4.373843,3.9709787,3.308091,3.5767438,4.2120214,3.388275,3.6272275,3.8955588,3.9415915,3.565419,3.4922042,3.5639358,3.5956469,3.280401,3.8993814,4.020367,3.5092273,3.983956,4.0360365,4.080246,3.81778,3.7648828,3.1294217,3.1023178,3.273337,4.021288,3.639605,3.8816085,3.5029633,3.6024063,2.9480062,2.5515637,3.0761728,2.5971541,2.4959717,2.9185824,3.365706,3.6003401
30,4.1962442,5.2903204,4.442041,5.2295375,4.34132,4.461167,5.934546,5.931,4.546621,4.8718762,4.166108,4.1069474,3.9100294,5.2050233,3.0610576,3.7835484,3.9876642,3.5053391,3.567126,3.704859,4.153679,4.1793156,3.6618729,3.4547324,4.2813387,3.2320766,3.2043567,3.1431587,3.575768,3.5547671,0.0,1.3344396,4.099194,4.4357944,3.8084686,3.7333434,4.3854737,4.2369523,4.6651616,4.3392015,4.530104,4.563333,3.6658678,4.7227407,4.5695586,5.17237,3.9640152,4.0557637,4.227581,3.9970005,6.343631,4.0735497,4.520016,4.324652,4.261813,4.300709,5.174346,4.901338,4.384265,4.4743433,5.6053557,5.587153,4.6542873,4.977467,4.828033,4.6663976,4.7216644,4.789674,4.6590195,4.771789,4.6827183,4.680498,4.2300005,4.2747927,4.250633,3.919084,4.2755604,4.348565,4.5019855,4.4785557,4.5539,4.6449766,4.3906837,4.6618333,4.5393248,4.6686893,4.4318604,4.401115,5.6200347,5.694971,4.6501503,4.652857,4.407465,4.8946967,4.569888,4.2280903,4.0206857,4.1022234,4.3057904,4.251454,4.822094,4.486658,4.107542,4.6695886,5.5066967,5.344722,4.661178,5.0152674,4.692098,4.4752398,4.8986225,4.663598,4.5853977,4.4457693,4.3273606,5.1749706,4.6412616,4.931542,4.5573554,4.5281854,4.2791615,3.8455284,4.3350935,4.0722938,3.908581,4.408752,3.7931027,3.9578831
31,4.4158754,5.415496,4.5997515,5.307583,4.4263463,4.433782,5.987475,5.9786143,4.5813003,5.2496753,4.2464175,4.212299,4.012192,5.3872037,3.350391,4.002172,4.003928,3.6764107,3.8205264,3.7690606,3.9130008,3.9403026,3.74101,3.6695628,4.5359774,3.520227,3.2746172,3.1998959,3.630059,3.5864992,1.3344396,0.0,4.1708674,4.532866,3.9287202,3.6316528,4.5339317,4.355162,4.8116508,4.3912582,4.580142,4.55447,3.6695054,4.705557,4.358541,5.1156945,3.955078,4.172682,4.248518,4.16962,6.4514747,4.2450686,4.656989,4.4564557,4.396256,4.43336,4.9427314,4.6084485,4.5353518,5.0348926,5.687661,5.674773,4.749077,5.077005,4.8229823,4.7598567,4.780117,4.8525357,4.708456,4.921394,5.0336246,4.8528123,4.4279366,4.4177413,4.034508,3.6497982,4.4307885,4.2434716,4.4218345,4.454253,4.7914796,4.998198,4.557473,4.664678,4.9410563,5.081635,4.7106223,4.58439,5.8249216,5.9002795,4.8904567,4.7287016,4.7251267,5.123534,4.741334,4.536577,4.1905394,4.416359,4.7375946,4.3480635,4.9157367,4.64917,4.14285,4.7006326,5.4823937,5.562261,4.4993157,4.8457503,4.8905873,4.933868,4.789921,4.5546994,4.71562,4.5174456,4.590288,5.366225,4.809904,5.0438046,4.593341,4.6612215,4.227653,3.9650636,4.336269,4.0606875,3.8922741,4.478291,3.7909055,3.9144683
