,0,1,2,3,4,5,6,7,8,9,10,11,12,13,14,15,16,17,18,19,20,21,22,23,24,25,26,27,28,29,30,31,32,33,34,35,36,37,38,39,40,41,42,43,44,45,46,47,48,49,50,51,52,53,54,55,56,57,58,59,60,61,62,63,64,65,66,67,68,69,70,71,72,73,74,75,76,77,78,79,80,81,82,83,84,85,86,87,88,89,90,91,92,93,94,95,96,97,98,99,100,101,102,103,104,105,106,107,108,109,110,111,112,113,114,115,116,117,118,119,120,121,122,123,124,125,126,127
0,0.0,0.8211538,1.8761147,0.39035466,1.9326363,0.69694304,1.2953316,0.8711779,1.6101961,2.4466524,2.7007146,2.093717,3.3520665,3.4206574,2.274327,2.4058902,1.7860705,1.7016466,2.166547,2.171637,2.386987,3.111383,1.5292445,2.0298405,1.7245117,1.7231019,1.6917044,1.7344434,1.7348442,1.6301582,3.984803,3.7250578,2.3720307,2.7196567,2.896156,2.0027654,3.6859977,3.67398,3.654335,3.5385265,2.5386572,2.7828596,2.836068,1.9253184,2.4987648,2.3223388,2.3268988,2.301979,3.2871084,3.1230204,2.405684,2.2356322,2.5633974,4.0102224,2.4437509,2.2436323,2.881848,2.7273812,2.6223557,2.8055348,2.3800938,2.6717577,2.5958111,2.6644633,3.273427,3.3704073,3.3597598,3.4551759,3.6887047,3.4373612,3.50519,3.5714755,2.9004323,2.494775,3.2259827,3.2130382,3.1366715,3.0867825,2.8935428,2.88515,2.3016226,2.9978135,2.2305067,2.1651812,2.158866,2.3365695,2.156527,2.5413947,2.7596002,3.4555256,2.4855235,2.3330777,2.3207552,2.2089915,2.2997904,2.384486,2.0943413,2.0960855,2.4891706,2.5265338,2.4338455,2.4448686,2.0087216,2.0796602,2.8045068,2.8510408,2.939075,3.0267177,2.898073,2.9219131,2.2162104,2.130714,3.3170254,3.652131,3.6416252,3.330898,2.458254,2.435584,2.5336282,2.4124734,1.8780403,1.9508817,3.0300307,2.8046603,3.3041725,2.866102,2.3419893,2.4207618
1,0.8211538,0.0,2.0110624,0.89887935,2.1138353,1.1511161,1.5734348,1.2618848,1.6910849,2.1275551,2.4310377,1.713125,3.4016154,3.4751725,2.6084354,2.7104247,1.9192919,1.8502584,2.2538216,2.2530663,2.5390878,2.8082225,1.8114294,2.3403833,1.961744,1.9503064,2.1263976,2.0120988,1.9918627,1.8695542,4.1032176,3.7974377,2.5797205,2.9064023,2.5557687,2.0635242,3.7564685,3.714811,3.739066,3.5957036,2.6250968,2.6820283,3.0294306,2.1193469,2.8165143,2.4140027,2.4946988,2.4744475,3.4594755,3.2363164,2.6351404,2.483796,2.7248247,4.042808,2.5376778,2.371129,2.8372364,2.796348,2.6806536,3.079512,2.1990438,2.5839167,2.5496776,2.666204,3.3113103,3.2648113,3.1693933,3.2583895,3.6084497,3.340684,3.5568867,3.4297156,2.7414575,2.3556094,3.0831087,3.1630785,3.0792751,3.0247092,2.830531,2.8044422,2.5035777,3.0035572,2.3736026,2.3528852,2.4132175,2.5802314,2.2601035,2.7316074,2.7099674,3.4719932,2.4701703,2.3469954,2.5054748,2.4355009,2.5124133,2.6039326,2.1921957,2.196595,2.5944743,2.6268682,2.4363327,2.4309795,2.1205943,2.2033384,2.8848462,2.9353695,2.9675207,3.0003207,3.1892447,2.9302394,2.2199774,2.1334257,3.5083241,3.720325,3.737767,3.4429994,2.5350916,2.6111062,2.7223012,2.6053317,2.0659852,2.1052651,3.1208408,2.9361465,3.4719527,2.8950596,2.4986281,2.560597
2,1.8761147,2.0110624,0.0,1.6803231,2.2832224,1.6166137,1.6351708,1.558939,2.3563862,3.1499228,3.5193837,2.7046757,4.212132,4.283378,2.9838586,3.2050695,2.5750089,2.5714107,2.487818,2.484924,2.1094363,2.8825536,2.2856357,2.1065419,1.8108604,1.7947367,2.7760231,2.8494384,2.3974802,2.2234514,3.7884786,3.8082156,2.6771245,3.3919876,2.6956868,2.7206948,3.5077412,3.63584,3.6124268,3.8794627,2.1284328,2.2423322,2.5929332,1.8274668,2.339129,2.202651,2.2718291,2.2793112,3.8594193,4.0784216,3.105516,3.248439,2.8092659,4.2678857,2.738698,2.5390527,2.9749694,3.19748,2.3360894,3.144581,2.8591068,3.1552951,2.8497944,2.6004982,3.6665652,3.7001872,3.4268956,3.4282374,3.7784836,3.5590625,4.0685325,3.71707,3.060891,2.520756,3.4564087,3.5063214,3.110821,3.0906723,2.7484698,3.1646168,3.5036278,4.0504203,3.316762,3.079199,3.0934715,3.1652808,2.286918,3.2008057,3.5552597,3.931894,3.3801835,3.2395127,2.6740458,2.965125,3.0021994,3.102995,2.5725868,2.5827346,2.9434357,2.995308,2.720519,2.7688265,2.3272417,2.827671,3.3079896,3.3869545,2.8712304,3.3489156,3.0659204,3.216384,2.678341,2.520176,3.2028196,3.5578504,3.5649493,3.2421334,2.8577251,2.929674,2.892091,2.7539155,2.5398066,2.61782,3.1224017,3.1387255,3.5257158,3.693504,2.791442,2.743003
3,0.39035466,0.89887935,1.6803231,0.0,1.9674907,0.7583832,1.3365544,0.910708,1.5996779,2.4495628,2.6685164,2.0669203,3.519832,3.595927,2.3520966,2.4899273,1.7193496,1.660146,2.2145305,2.2062786,2.299197,3.0314894,1.5452688,2.01379,1.6929721,1.680714,1.7132337,1.8137963,1.7760595,1.5859352,3.8987489,3.6299388,2.3427255,2.6863446,2.885756,1.9543488,3.6525643,3.638094,3.6367292,3.5306325,2.434309,2.6972318,2.7051055,1.8247102,2.4333193,2.2357578,2.2640667,2.241664,3.3104618,3.1631217,2.4039319,2.2527328,2.5165198,3.951405,2.4246204,2.222148,2.8087342,2.6441698,2.5024724,2.6522694,2.356491,2.660972,2.586397,2.5902536,3.2395928,3.3500428,3.3355258,3.38091,3.6327376,3.396432,3.5592897,3.5391443,2.862579,2.4317331,3.1344323,3.1232393,3.0189037,2.9658086,2.781151,2.8255715,2.3242602,3.1060965,2.178117,2.1075032,2.13842,2.354788,2.062631,2.5366335,2.7698867,3.3895304,2.568143,2.4149692,2.212043,2.1565795,2.2466583,2.340132,1.9811292,1.9802693,2.4475224,2.4964561,2.2984958,2.327023,1.9518615,2.0294852,2.7786417,2.8374875,2.8531163,3.0189931,2.8427432,2.8488154,2.1447508,2.0247567,3.2531204,3.5894468,3.5725398,3.280686,2.4343123,2.4370692,2.4367347,2.3504746,1.8504514,1.9321373,2.9722693,2.7635996,3.1670594,2.776062,2.3158655,2.3644652
4,1.9326363,2.1138353,2.2832224,1.9674907,0.0,1.8857199,1.5253375,1.8868805,1.7046746,3.5102456,2.860602,3.0086474,3.5587323,3.6030512,2.5314066,2.7817342,1.7640964,1.7149831,1.918381,2.001996,2.2371032,3.177656,1.5401853,2.1134014,1.8967351,1.8957582,2.0895267,1.8470211,1.9607652,1.708,4.0188785,3.8860142,2.2696364,2.5623684,3.0269656,2.169102,3.570683,3.5664048,3.2438595,3.3922577,2.522351,2.663473,3.2618387,1.9331385,2.1682975,2.2481065,2.253108,2.2694468,2.8453724,2.6265118,2.0138764,2.1824586,2.3651738,4.0803843,2.351336,2.080851,2.5487483,2.6109848,2.4924052,3.4960907,2.440003,2.7116942,2.5168648,2.6279895,3.3570647,3.78869,2.909861,2.9726927,3.2405171,2.9594796,3.3984053,3.2383735,2.533972,2.7732637,3.011555,2.8047523,3.0611255,2.9784045,2.6503727,2.854233,2.5480914,3.182072,2.5312715,2.478564,2.5742495,2.7404017,2.0092921,2.7285912,3.0603142,3.5938897,3.2207823,3.090365,2.42837,2.7469413,2.6586478,2.736037,2.3043766,2.2673948,2.5662608,2.5853558,2.465112,2.5069127,2.202967,2.1291318,2.558992,2.615552,2.7545767,2.7408216,2.163592,2.1432774,1.8696827,1.7871065,2.1925724,2.7187572,2.5913875,2.1841044,1.8920434,1.8939003,2.2125525,1.8978671,1.5849311,1.5459849,2.237959,1.899359,2.9727106,2.90241,1.740945,1.768223
5,0.69694304,1.1511161,1.6166137,0.7583832,1.8857199,0.0,0.8959693,0.23753075,1.888529,2.526179,2.8104315,2.1578927,3.4148877,3.4754016,2.0355115,2.2041843,2.0170615,1.9524564,2.1389158,2.1365182,2.2110784,3.0885556,1.4492823,1.8405895,1.5723281,1.5862124,1.8537781,1.8861223,1.9037112,1.8001543,3.9892035,3.9220493,2.235398,2.6369429,2.8657906,2.2276247,3.400024,3.3807075,3.4461591,3.5180168,2.3760643,2.6006873,2.643782,1.7012787,2.2169275,2.0219903,1.9915998,1.9711936,3.150483,3.2515764,2.283442,2.2534118,2.3696537,3.933687,2.4658422,2.2068548,2.766927,2.848262,2.3350646,2.794385,2.5430937,2.8315384,2.4266129,2.467069,3.1390924,3.3807154,3.356135,3.4152434,3.6617286,3.398122,3.4994519,3.5130038,2.8822768,2.4132123,3.278221,3.1315327,3.095804,3.029702,2.772767,2.8865943,2.3740997,3.1937528,2.3291583,2.1071527,2.2092152,2.3776429,2.2782326,2.6164813,2.906808,3.3878784,2.5207675,2.3644192,2.3536289,2.301915,2.3515213,2.4449797,2.1198413,2.144318,2.6534662,2.6883073,2.6010911,2.6174185,2.1876125,2.2785285,2.8531313,2.8949242,2.9636538,3.0544412,2.920002,2.9649398,2.261063,2.1797457,3.1140332,3.4683988,3.4236686,3.1195092,2.4699056,2.4464662,2.5274706,2.41359,1.9236763,2.0324569,3.0588284,2.8350477,3.0144744,2.926061,2.437096,2.4975948
6,1.2953316,1.5734348,1.6351708,1.3365544,1.5253375,0.8959693,0.0,0.81430835,2.1307569,2.8016899,3.0550141,2.4932952,3.5201185,3.5681415,2.1380496,2.4229486,2.3044724,2.2355478,2.280889,2.2947083,2.3720365,3.198055,1.7549933,2.1197433,1.9081273,1.9258829,2.3365302,2.28873,2.3108315,2.1635664,4.060472,4.1021743,2.4236076,2.7994666,3.0181942,2.5516095,3.5287986,3.5089016,3.391973,3.5901282,2.6151328,2.7908568,2.915483,2.0098996,2.3180628,2.1577854,2.102928,2.0997925,3.3337555,3.4429257,2.3202925,2.4720566,2.5318506,4.3039494,2.7010443,2.4454715,2.8298788,3.0491142,2.5104475,3.398618,2.7665167,3.029699,2.562521,2.6293068,3.3902953,3.9119875,3.464542,3.5099087,3.688924,3.4226744,3.6350303,3.6342993,3.005689,2.5368547,3.470503,3.2107887,3.332818,3.2729003,2.946158,3.2075841,2.6383483,3.3414083,2.6218734,2.4038014,2.5662246,2.692369,2.4891942,2.8445795,3.1587944,3.6050372,2.8758013,2.725479,2.6639693,2.7082555,2.7066648,2.789201,2.4979622,2.4529183,2.8687918,2.8914506,2.744081,2.7670972,2.464365,2.4813256,3.042425,3.092458,3.1473083,3.1865778,2.9212396,2.9991434,2.2669091,2.1955528,2.9992976,3.3763945,3.3071747,2.9856863,2.475103,2.4640245,2.5117452,2.4305422,1.9433724,1.9895787,3.0442488,2.8404355,2.8428037,3.017406,2.364071,2.415964
7,0.8711779,1.2618848,1.558939,0.910708,1.8868805,0.23753075,0.81430835,0.0,1.9556892,2.5965612,2.8897026,2.2655487,3.411489,3.4707153,2.0289345,2.2132633,2.0874996,2.0235665,2.0755894,2.0699759,2.1795738,3.030684,1.4504377,1.8277464,1.5739446,1.589119,1.9581352,1.9870952,2.0270433,1.9086436,3.9166746,3.9138348,2.260767,2.6486096,2.8755865,2.3195748,3.3985147,3.3730521,3.4795368,3.614934,2.37108,2.6103144,2.659664,1.7022594,2.1615245,1.9675497,1.9482015,1.9406941,3.1619132,3.3019753,2.2470338,2.2735515,2.3858485,3.9308844,2.5097306,2.2531643,2.7530382,2.9138503,2.355653,2.8884566,2.5846114,2.8669238,2.414607,2.4740174,3.2209165,3.447281,3.4134624,3.467223,3.7394538,3.4708235,3.5590398,3.5828326,2.9138033,2.450514,3.341879,3.1203685,3.1413608,3.0768511,2.7663748,2.9565158,2.4415088,3.1863914,2.399316,2.1395214,2.2926989,2.4683805,2.3191123,2.6853395,2.9871707,3.457394,2.5883272,2.432168,2.410405,2.3919063,2.4375117,2.5261056,2.222087,2.2386785,2.745657,2.7813914,2.610705,2.6248965,2.2557573,2.3213823,2.8947642,2.9365842,3.0403197,3.0945566,2.9789288,3.0293121,2.3460858,2.2587767,3.1102073,3.4786696,3.4235065,3.107423,2.5389264,2.5227323,2.6231656,2.505698,2.0292017,2.1338763,3.1062334,2.8992765,2.9574552,2.9769292,2.4846408,2.539165
8,1.6101961,1.6910849,2.3563862,1.5996779,1.7046746,1.888529,2.1307569,1.9556892,0.0,2.790273,2.2800457,2.5914845,3.7014718,3.7800384,2.9000826,3.0584323,1.2937112,1.1237966,1.815355,1.8431726,2.1901808,2.7659206,1.283805,1.986846,1.6387453,1.6118771,1.6911694,1.7062622,1.8211093,1.4934392,3.9229856,3.6109385,1.9022392,2.1817305,2.3969624,1.1036413,3.5674176,3.5609076,3.5887108,3.4247775,2.404485,2.7062926,2.747191,1.8147287,2.4004993,2.105779,2.141726,2.1531897,2.9444017,2.4856331,2.1557765,2.0750966,2.4676878,3.5796378,2.1422863,2.0066895,2.659264,2.5069346,2.661644,2.8855803,2.005263,2.3360124,2.475596,2.6250505,3.6412761,3.3563526,3.0238109,3.110713,3.6211133,3.384607,3.6233058,3.5811107,2.7075994,2.8891222,3.0220554,2.9320974,3.0128913,2.9923306,2.6722612,2.866322,2.1629236,2.3068092,1.9480373,1.9625471,2.2116911,2.4093852,1.6899427,2.311545,2.5141144,3.3382604,2.7304788,2.59155,2.1065803,2.1463563,2.1307178,2.2137873,1.9593706,1.9472035,1.6664186,1.7123442,1.9613211,1.9663858,1.1680391,1.1301781,2.6784432,2.756288,2.8306687,2.9061415,2.8361573,2.1291885,2.0011075,1.8481452,2.7885032,3.1339219,3.1814196,2.811541,2.3882294,2.4303048,2.4604661,2.3932064,1.7963047,1.7467041,2.290612,2.0271363,3.3407404,2.4708288,2.2523398,2.2959454
9,2.4466524,2.1275551,3.1499228,2.4495628,3.5102456,2.526179,2.8016899,2.5965612,2.790273,0.0,2.8382194,2.071744,4.87535,4.9492683,4.079615,4.1779776,3.239796,3.079362,3.6119928,3.5289793,3.6265912,3.2626972,2.9607074,3.2542827,2.8611743,2.8759768,3.1973302,3.3187873,3.267745,3.1868231,4.8465223,4.6489043,3.329195,3.63897,2.7224617,2.892749,4.1608453,4.058464,4.230963,3.8418207,3.5673354,3.8217275,2.6840281,3.256981,4.0580983,3.0755782,3.055216,3.021809,4.2388716,4.0872574,3.6569211,3.5509377,3.5806456,4.601811,3.6152053,3.514769,3.8724916,3.928317,3.4310648,3.7041612,3.12089,3.463764,3.2603834,3.2984836,3.6939328,4.2405434,4.2935896,4.345944,4.5267043,4.317746,4.1234164,4.460542,4.04717,3.6294198,4.2564545,4.3514376,4.163385,4.15982,4.0638146,4.105689,2.8115509,3.3116004,2.7286747,2.6369853,2.6057725,2.576051,3.384049,2.9015079,2.6578434,3.3921938,2.2957227,2.1998305,3.3000183,2.6405697,2.6181996,2.6857648,2.918655,2.8355062,3.1504495,3.168162,3.123583,3.1026394,2.8722482,3.0033426,4.2717357,4.3186817,4.1866245,4.2282376,4.7675223,3.4693928,2.9007518,2.8458276,4.3520937,4.3419123,4.5025377,4.313727,3.6814485,3.7674985,3.197441,3.7049263,2.8300931,2.8464892,3.713742,3.5894897,3.5879502,2.7084312,3.7142327,3.7590957
10,2.7007146,2.4310377,3.5193837,2.6685164,2.860602,2.8104315,3.0550141,2.8897026,2.2800457,2.8382194,0.0,1.8829838,4.673407,4.7530394,3.3210917,3.392186,2.441848,2.4065952,3.3431816,3.364887,3.34716,3.0750842,2.341279,3.2494268,2.9475517,2.9378471,2.6019452,2.3831449,2.8286395,2.5875466,4.7689204,4.395406,2.9214737,2.7011464,2.944679,2.464895,3.64659,3.3704448,3.6649175,3.392623,3.6163325,3.387738,3.5963967,2.8119009,3.449441,2.8890483,3.015323,2.9736364,2.9797518,2.9214368,2.875487,2.705097,3.2701213,4.1810465,3.1971636,2.97805,3.5467174,3.5616589,3.3365767,3.7531528,3.0613902,3.3514931,3.059789,3.2251897,3.4374068,3.2738335,3.0158527,3.1380558,3.6362505,3.3628771,4.223001,3.3961744,2.8093567,3.115624,3.3077319,3.0941274,3.0869043,3.0414095,2.853743,2.8251877,2.429605,3.367606,2.1911802,2.1350513,2.7721093,3.0746553,2.8742797,3.0153441,3.00688,3.4797058,3.2472694,3.1437683,2.8886342,2.9196217,2.812519,2.9156604,2.6774035,2.741979,2.565896,2.5841374,2.9921634,2.9982908,2.8887594,2.4283063,3.1482997,3.1950402,3.3830712,3.2619896,3.6991196,2.653576,2.5539691,2.493755,3.237867,3.2410078,3.3294873,3.0262034,2.5148022,2.6778815,2.818796,2.7439275,2.3884885,2.4455416,3.2000275,2.7269492,3.5149732,2.4300444,2.8435497,2.8846996
11,2.093717,1.713125,2.7046757,2.0669203,3.0086474,2.1578927,2.4932952,2.2655487,2.5914845,2.071744,1.8829838,0.0,4.746377,4.817096,3.3333402,3.4372666,2.8092864,2.7756176,3.4893517,3.498397,3.1916273,2.8466597,2.6206133,3.0204852,2.7103124,2.718298,2.8283765,2.6971138,2.537288,2.5070448,4.4879837,4.171158,3.0631664,3.3832097,2.489846,2.7515793,3.7076817,3.5974567,3.718143,3.4932537,3.2825227,3.0035973,3.1592605,2.6292617,3.4491184,2.825775,2.9464073,2.8727593,3.7728543,3.9011385,3.530061,3.3649635,3.2959204,4.4786286,3.1872666,3.0175467,3.6090217,3.6643367,3.0607266,3.6364255,3.2062438,3.4814477,3.1827993,3.1343145,3.231757,3.2736287,3.1355772,3.3144648,3.5916197,3.3394186,4.2265596,3.3898556,2.9007597,2.4343677,3.297808,3.531244,2.9911647,2.9543672,2.8659134,2.7738802,2.9782689,3.959929,2.831297,2.6979995,2.7957988,2.872489,2.8269281,3.019082,2.950068,3.4604597,2.840823,2.7594907,2.8835206,2.8516681,2.8039858,2.912028,2.6452646,2.6775033,2.8071072,2.8248615,3.05313,3.0473864,2.8967915,2.9922783,3.4674435,3.508381,3.188775,3.3839993,3.7787228,3.1686494,2.5450833,2.5244396,3.6233997,3.5879285,3.725767,3.461311,2.5859218,2.7310936,2.7670906,2.682861,2.354584,2.478774,3.4724333,3.230018,3.8660254,3.0962603,2.8848608,2.935257
12,3.3520665,3.4016154,4.212132,3.519832,3.5587323,3.4148877,3.5201185,3.411489,3.7014718,4.87535,4.673407,4.746377,0.0,0.14515145,2.7328527,2.6965601,3.4955506,3.5168142,3.0357945,3.0776837,4.092021,5.3935785,3.6252415,4.153406,4.0200753,3.9708452,3.736611,3.4841511,4.1438246,3.9943018,6.1072707,5.9583397,4.178509,3.9886246,5.1792345,4.0073366,4.837299,4.7788024,4.77479,4.9108515,4.2246804,4.4591007,5.448035,4.003103,3.8707917,4.20788,4.071124,4.101949,4.2978163,4.0657926,3.2661955,3.2444286,4.252466,5.2862725,3.9881985,4.0096908,4.114143,4.067135,4.567667,4.379677,3.751584,3.8271697,4.146528,4.558806,4.886401,4.4709673,4.453207,4.5139093,4.9928436,4.7710867,4.161163,4.8090134,4.312693,4.0679617,4.6301484,4.1856365,4.756177,4.7167006,4.581731,4.4789157,4.0330772,3.8252246,4.0209994,4.1495843,4.613543,4.8725233,4.283822,4.7921777,4.7617073,5.3967767,4.264899,4.209995,4.4256496,4.8242946,4.7428565,4.8314724,4.1180515,4.290984,4.684251,4.6968207,4.5573874,4.556322,4.0273786,3.6987844,3.5348258,3.527687,4.404856,3.977753,4.010193,4.8085823,4.3007264,4.2598023,5.1566296,5.4468083,5.382477,5.1251864,4.5823865,4.5494475,4.9704814,4.587329,4.3541927,4.3143177,4.976708,4.77888,4.8376236,4.820286,4.3839345,4.443447
13,3.4206574,3.4751725,4.283378,3.595927,3.6030512,3.4754016,3.5681415,3.4707153,3.7800384,4.9492683,4.7530394,4.817096,0.14515145,0.0,2.7798235,2.7467563,3.5765777,3.5966136,3.0943885,3.139544,4.154375,5.4593773,3.6909225,4.209096,4.084312,4.037314,3.8042464,3.5444453,4.197142,4.0585685,6.154256,6.0149555,4.2210736,4.036154,5.2372293,4.072586,4.8962812,4.841908,4.824284,4.969876,4.282859,4.5133405,5.5150623,4.0623755,3.918672,4.2684426,4.126504,4.157173,4.3500595,4.118991,3.3301191,3.3118002,4.2905536,5.3233147,4.0449924,4.059188,4.1431537,4.1048045,4.611986,4.447795,3.825886,3.890792,4.202792,4.620356,4.9352427,4.5323534,4.4973197,4.5604773,5.0341234,4.8163033,4.1942725,4.8561873,4.3667912,4.1168404,4.667482,4.2259336,4.81209,4.768743,4.637271,4.5306277,4.089893,3.876671,4.0929904,4.217347,4.668886,4.919706,4.347297,4.841115,4.8100085,5.429998,4.308149,4.2552385,4.4888983,4.885645,4.8042884,4.8913274,4.18565,4.355556,4.746496,4.7571287,4.6288767,4.6257687,4.1011333,3.7791653,3.5870214,3.576161,4.4572024,4.024094,4.0434656,4.864185,4.354779,4.319936,5.1922617,5.479768,5.410431,5.160192,4.629352,4.591437,5.0213833,4.630246,4.407327,4.367463,5.031307,4.8321,4.894726,4.8891478,4.428764,4.491806
14,2.274327,2.6084354,2.9838586,2.3520966,2.5314066,2.0355115,2.1380496,2.0289345,2.9000826,4.079615,3.3210917,3.3333402,2.7328527,2.7798235,0.0,0.6905225,2.763512,2.8090365,2.9000874,2.963594,3.040667,4.5095897,2.4089124,3.0389166,3.029874,3.0142398,2.7120523,2.5371091,3.1195014,2.9418962,5.2374067,5.237577,3.054672,2.8518262,4.307857,3.2998917,3.7321951,3.6087646,3.739737,4.047193,3.4376316,3.4023712,4.202514,2.7127314,2.5467439,2.974251,2.8504364,2.8319147,3.2860885,3.6200674,2.3448112,2.3991175,3.2504141,4.6664014,3.2402215,3.127959,3.5582566,3.66999,3.466052,3.6408026,3.5927787,3.7390351,3.2406461,3.4589107,3.97645,3.8780563,3.7352524,3.8147528,4.111223,3.8598545,4.275509,3.9228225,3.309944,2.8993227,3.8414836,3.1940095,3.5741205,3.5251002,3.2573543,3.3257992,3.1111128,3.8969598,3.011011,2.8907127,3.5746057,3.870888,3.4943802,3.8989959,4.1963677,4.483091,3.8272521,3.7198071,3.461471,3.728073,3.7120693,3.8098633,3.2172713,3.3702102,3.6072714,3.6242127,3.9195437,3.9462173,3.4092019,3.0413582,3.0205283,3.0459054,3.5525765,3.477349,3.045095,3.9300568,3.3447428,3.3054466,3.7265263,4.0938487,3.9996123,3.6728113,3.2289882,3.1646054,3.6618514,3.1851203,3.036388,3.0936763,4.069346,3.7169392,3.5950396,3.804841,3.3177092,3.3873463
15,2.4058902,2.7104247,3.2050695,2.4899273,2.7817342,2.2041843,2.4229486,2.2132633,3.0584323,4.1779776,3.392186,3.4372666,2.6965601,2.7467563,0.6905225,0.0,2.8196714,2.8715556,2.9974086,3.0538287,3.1395,4.62492,2.514763,3.1286707,3.1210098,3.0992155,2.7189398,2.529814,3.181655,3.01079,5.3766217,5.336071,3.1776147,2.9794445,4.4272103,3.3977075,3.8104959,3.6569045,3.8903413,4.1345773,3.5353858,3.4629383,4.302811,2.8330815,2.7191596,3.1301754,3.045524,3.0239322,3.1248648,3.4560556,2.2651818,2.2343905,3.158951,4.5115094,3.1362607,3.0295668,3.8113077,3.8667016,3.5640118,3.5885599,3.4927537,3.6345496,3.1525307,3.3899906,3.9588144,3.7841814,3.9196818,3.8526576,4.3262544,3.9792733,4.2809534,3.85077,3.2164233,3.2021782,4.0337214,3.462386,3.8277507,3.7155716,3.3866653,3.3528214,3.191876,3.9715126,3.096552,3.025822,3.6445749,3.9626038,3.6112754,3.990884,4.2411437,4.5044093,3.8466702,3.748139,3.535831,3.7710323,3.777701,3.8727136,3.2359376,3.381587,3.741032,3.7628663,4.006033,4.030922,3.474966,3.1185462,3.0588849,3.0751264,3.8377008,3.5452883,3.137295,4.017102,3.4536202,3.41651,3.8817217,4.406364,4.130145,3.8297021,3.233613,3.163819,3.813754,3.3217173,3.185577,3.240496,4.116926,3.817077,3.7655196,3.9177117,3.4704752,3.5415447
16,1.7860705,1.9192919,2.5750089,1.7193496,1.7640964,2.0170615,2.3044724,2.0874996,1.2937112,3.239796,2.441848,2.8092864,3.4955506,3.5765777,2.763512,2.8196714,0.0,0.28368714,1.7427659,1.7488083,1.8115568,3.0048916,1.2874025,1.7922148,1.7567171,1.7042404,1.3003273,1.2185539,1.6932322,1.2762696,3.7425203,3.4487529,2.2508655,2.186448,3.0740795,1.6034117,3.512165,3.426768,3.44714,3.2880905,2.1000988,2.8110106,3.004144,1.6632705,1.9725524,1.9186757,2.0692184,2.072614,2.517485,2.043301,1.847375,1.648283,2.2739332,3.5693328,1.6794331,2.1193757,2.8454437,2.5581846,2.7689815,2.6442132,2.1950681,2.462574,2.7736437,2.864231,3.0865633,3.1773484,2.870461,2.8562033,3.1686008,2.8417726,3.159012,3.008697,2.13294,2.6244648,2.6160066,2.4808593,2.57808,2.4697545,2.2235546,2.2274673,1.9046867,2.7502804,1.683329,1.9837514,2.0231397,2.3644998,1.5404646,2.5737412,2.4092975,3.372133,2.6888623,2.7062929,1.5403236,2.3558311,1.9258069,2.0049648,1.4245133,1.5183926,2.5006833,2.5588527,1.650613,1.7033104,1.7138425,1.4582479,2.0870132,2.150151,2.6436415,2.4775546,2.25578,1.9394443,1.6619797,1.5655509,2.5888643,3.0886898,2.9766188,2.637532,2.0639997,2.0947769,2.3221424,2.0378346,1.6606134,1.6702816,2.0969396,1.878283,2.9650378,2.3258011,1.9270594,1.9259193
17,1.7016466,1.8502584,2.5714107,1.660146,1.7149831,1.9524564,2.2355478,2.0235665,1.1237966,3.079362,2.4065952,2.7756176,3.5168142,3.5966136,2.8090365,2.8715556,0.28368714,0.0,1.6853231,1.682368,1.8626164,2.9389365,1.1684669,1.7382822,1.6460681,1.5986019,1.2091718,1.182826,1.6528418,1.2487326,3.7129567,3.4181607,2.186804,2.1608038,2.9719303,1.4915249,3.525273,3.4430337,3.4668753,3.276784,2.138401,2.8487053,2.8779423,1.6835879,2.0549123,1.9055148,2.0302062,2.0371485,2.5093951,1.9692519,1.7891527,1.5901141,2.2596357,3.5331266,1.7018887,2.0717409,2.8454115,2.5649698,2.7637777,2.6627073,2.0871632,2.355295,2.6735454,2.787668,3.1061761,3.2405367,2.9722953,2.9744565,3.301685,2.9775732,3.1550958,3.148159,2.2669544,2.7463944,2.7535238,2.6127002,2.7283072,2.6353385,2.369841,2.3988962,1.7665186,2.5456297,1.5757645,1.8602235,1.8738931,2.2024622,1.524612,2.4003448,2.2724705,3.299817,2.5460415,2.5438447,1.5670649,2.1942067,1.7913148,1.8658984,1.4388006,1.4841219,2.3848457,2.441315,1.5771277,1.6203495,1.5772268,1.3099575,2.2169256,2.2762709,2.7607994,2.5740862,2.3988907,1.8867126,1.6328887,1.5302123,2.6037118,3.1064913,3.0075364,2.657574,2.087392,2.107126,2.282064,2.0866153,1.5809633,1.5760366,2.032745,1.8047692,2.923292,2.2119467,1.9307785,1.9447625
18,2.166547,2.2538216,2.487818,2.2145305,1.918381,2.1389158,2.280889,2.0755894,1.815355,3.6119928,3.3431816,3.4893517,3.0357945,3.0943885,2.9000874,2.9974086,1.7427659,1.6853231,0.0,0.20632055,2.0327551,2.824532,1.5366668,1.8653415,1.6896884,1.6477039,2.0592234,1.9485165,2.2712028,2.0643506,3.5509772,3.5520382,2.38895,2.6117828,2.985824,2.20708,3.379791,3.4140277,3.5647843,3.7829697,2.1648626,2.6098475,3.2941504,1.8970349,2.0361822,2.0902429,2.173116,2.2483633,2.7095878,2.638723,2.0367465,2.1599,2.5006123,3.6336558,2.2692292,2.234293,2.5585403,2.7337625,2.7276127,3.0607073,2.0385141,2.3392658,2.4182668,2.6966166,3.5354216,3.2197518,3.100793,3.180935,3.736945,3.4531977,3.292451,3.5641723,2.7957141,3.0483649,3.2622244,2.9197297,3.1691263,3.1082242,2.7268422,2.9544203,2.6931906,2.5509217,2.69245,2.576797,2.6981993,2.9431605,1.9016955,2.9701948,3.0663223,3.851323,2.9340625,2.858592,2.5135024,2.7541504,2.6956353,2.7615952,2.3324425,2.3744326,2.9789944,3.0182455,2.2341733,2.225619,2.0764816,2.052911,2.7279527,2.7503226,3.1630898,3.0494,2.8427832,2.7354105,2.6153646,2.498519,2.9338892,3.3731587,3.3205168,2.9462297,2.8472075,2.864984,3.1623776,2.9083745,2.5855014,2.6049128,2.7984204,2.6490004,3.3945663,3.2941456,2.4637501,2.470045
19,2.171637,2.2530663,2.484924,2.2062786,2.001996,2.1365182,2.2947083,2.0699759,1.8431726,3.5289793,3.364887,3.498397,3.0776837,3.139544,2.963594,3.0538287,1.7488083,1.682368,0.20632055,0.0,2.024598,2.8134565,1.5459814,1.8409923,1.6626605,1.6193455,2.0634344,1.996636,2.3235457,2.1058073,3.5392067,3.5578556,2.4196067,2.62569,2.9958518,2.2198179,3.38595,3.411181,3.5896049,3.7908726,2.1325448,2.659784,3.2079227,1.917555,2.0732765,2.0487661,2.132654,2.2124434,2.7317502,2.6506915,2.0266354,2.1531572,2.5028152,3.619137,2.284474,2.2883656,2.5804312,2.7563105,2.7267082,3.0052996,2.0121872,2.3345053,2.4080145,2.6780427,3.5059886,3.2682507,3.1967223,3.256615,3.7809691,3.499104,3.2579553,3.6133795,2.864509,3.0978272,3.3104427,2.960479,3.2136343,3.1545858,2.7855537,3.0177987,2.6427703,2.5077467,2.6364448,2.5258763,2.633137,2.8852503,1.9393829,2.9524736,3.0161989,3.8210127,2.8650136,2.797122,2.4955175,2.6985536,2.626424,2.689791,2.2919211,2.32794,3.0263777,3.0685,2.1831179,2.1767874,2.0724108,2.0487013,2.7939396,2.8179967,3.2309153,3.1149,2.9501383,2.74158,2.6114829,2.4895124,2.9940608,3.4259014,3.3776927,3.0176919,2.9213393,2.942083,3.1668274,2.9737682,2.598904,2.617983,2.8040137,2.6710594,3.300088,3.2206087,2.5360358,2.535817
20,2.386987,2.5390878,2.1094363,2.299197,2.2371032,2.2110784,2.3720365,2.1795738,2.1901808,3.6265912,3.34716,3.1916273,4.092021,4.154375,3.040667,3.1395,1.8115568,1.8626164,2.0327551,2.024598,0.0,2.9183867,1.8482864,1.0179572,1.6182741,1.5974761,2.359644,2.3649135,2.1257563,1.910591,3.486254,3.7535534,2.4285467,2.7609215,2.8032987,2.5082123,3.4711466,3.5103648,3.6743526,3.9128158,0.91471255,2.229756,2.4905505,1.1517062,1.1050081,1.0614934,1.3748019,1.3958117,3.0999055,3.181565,2.5046372,2.6426313,2.2891183,3.4816132,1.3798293,2.4805188,3.1492999,3.3343723,2.7109883,2.9820166,2.8688674,3.0864265,2.8783972,2.7553196,3.5025249,3.6982129,3.28038,3.2360563,3.485367,3.1277,3.9055765,3.2639363,2.0563796,2.4872372,2.7781107,2.671198,2.5065746,2.3919468,1.7704707,2.2690856,2.9249318,3.6260366,2.715801,2.779932,2.662007,2.7444823,2.0713906,3.138438,2.8913226,3.733534,3.0329816,3.166081,1.9595162,2.7992907,2.3181882,2.3551714,1.8773594,1.9218063,3.1622486,3.2145624,2.2194772,2.2481034,2.1918027,2.559892,2.9788828,3.039613,3.0131488,3.1322474,2.6742604,2.5013962,2.1984665,2.169634,2.4430888,3.089442,2.918074,2.5228014,2.5492933,2.5873585,2.9148874,2.4934952,2.1787727,2.2096312,2.095158,2.2956576,3.14926,3.1964982,2.6809876,2.6448882
21,3.111383,2.8082225,2.8825536,3.0314894,3.177656,3.0885556,3.198055,3.030684,2.7659206,3.2626972,3.0750842,2.8466597,5.3935785,5.4593773,4.5095897,4.62492,3.0048916,2.9389365,2.824532,2.8134565,2.9183867,0.0,2.6951997,2.7876532,2.5332446,2.5421395,3.2846599,3.2229512,2.9273705,2.8243628,2.5676644,2.590597,3.2531066,3.681573,1.9594036,2.9852498,4.085705,4.0601354,4.393799,4.484303,3.0036862,2.960133,3.1476278,2.6596992,3.3270051,2.663721,3.047845,3.0804489,3.8142316,3.8434787,3.6629763,3.7162895,3.354224,3.927983,3.210948,3.0917983,3.417565,3.7926562,3.2436388,4.1498933,3.0098662,3.2774,3.1381345,3.1537452,3.9963994,3.6553872,3.5111268,3.6221533,4.233094,3.9474146,4.613084,3.9765017,3.0463028,3.391587,3.5597785,3.5797474,3.314283,3.2556317,2.710617,3.2045176,3.5765116,3.6483295,3.4996068,3.2296429,3.102568,3.1944296,2.3393788,3.1961415,3.1537704,3.8862922,3.395122,3.3353684,2.9826822,3.0088217,3.0285482,3.0563083,3.128689,2.99693,3.262286,3.306643,2.2349238,2.1776452,2.928185,3.122427,3.9081156,3.9453123,3.8008642,3.8135576,4.100248,3.0691824,3.0701652,2.9634247,3.239033,3.4069424,3.4291482,3.0697215,2.9895763,3.186787,3.3752587,3.2850463,3.0509288,3.135762,3.147206,3.1571457,4.0134196,3.566902,2.8658495,2.8385267
22,1.5292445,1.8114294,2.2856357,1.5452688,1.5401853,1.4492823,1.7549933,1.4504377,1.283805,2.9607074,2.341279,2.6206133,3.6252415,3.6909225,2.4089124,2.514763,1.2874025,1.1684669,1.5366668,1.5459814,1.8482864,2.6951997,0.0,1.3994352,1.1567601,1.1679975,1.1698436,1.1776184,1.6020262,1.332945,3.5913126,3.5097692,1.8926737,2.029087,2.731644,1.7261367,3.2609966,3.169125,3.3931613,3.440278,2.1822069,2.599917,2.5571702,1.3688451,1.8335153,1.6253898,1.7208139,1.7438726,2.2598014,2.164478,1.5401703,1.527146,2.0549495,3.328536,2.0344093,1.8556095,2.5904982,2.6515272,2.351965,2.7284675,2.2004743,2.5146415,2.1557572,2.3149703,3.0660734,3.1759696,3.1219103,3.1865633,3.5652945,3.2525365,3.357973,3.349758,2.5021145,2.8422196,3.0456297,2.676453,2.87974,2.7966826,2.3797376,2.5868974,1.7755435,2.587027,1.735113,1.5209427,1.7362057,2.0630245,1.7702588,2.2561946,2.5758226,3.2295864,2.5853112,2.4570055,1.8687645,1.9426652,1.8569342,1.9260186,1.7885429,1.8117678,2.338921,2.3857872,2.049283,2.0680804,1.8355403,1.6321418,2.5001583,2.539994,2.9322631,2.7998238,2.6787004,2.1681223,2.0083573,1.8991481,2.3429456,2.8774986,2.7716315,2.350865,2.094641,2.0780118,2.3463671,2.1857665,1.6445192,1.7393441,2.314336,1.9531797,2.6866305,2.3904548,2.0705748,2.1152163
23,2.0298405,2.3403833,2.1065419,2.01379,2.1134014,1.8405895,2.1197433,1.8277464,1.986846,3.2542827,3.2494268,3.0204852,4.153406,4.209096,3.0389166,3.1286707,1.7922148,1.7382822,1.8653415,1.8409923,1.0179572,2.7876532,1.3994352,0.0,1.0347717,1.0733752,1.8349217,1.9671087,1.6825396,1.6219093,3.2925968,3.5133278,2.1530616,2.6421008,2.6411204,2.2635167,3.2692046,3.3267958,3.488247,3.6314237,1.3057863,2.4107237,2.0466712,1.1389976,1.4019823,1.1698071,1.364134,1.3682852,2.7788475,2.9357867,2.3965638,2.4526339,2.061894,3.4479182,1.6095592,2.2361777,3.0703795,3.18649,2.4551308,2.7455757,2.707451,2.9888859,2.6359663,2.5269625,3.164113,3.5438929,3.3900995,3.417758,3.5348847,3.190146,3.5121195,3.3210433,2.469117,2.793394,3.1026387,3.0457566,2.8154795,2.7138638,2.2623575,2.5269678,2.5224075,3.3038785,2.4846551,2.411018,2.0193124,2.0504875,1.8698695,2.659138,2.6195288,3.4398413,2.6195223,2.6888835,1.7907588,2.1785672,1.7619354,1.781306,1.7186613,1.7123499,2.8758729,2.9222949,2.1343608,2.1480591,1.974053,2.3986552,3.0420282,3.0813973,3.0812075,3.1889946,2.8094172,2.3842175,2.1297007,2.105684,2.3300867,2.9875066,2.853665,2.4631526,2.4181101,2.3731523,2.5483692,2.3594768,1.8736551,1.9697332,2.052995,2.090922,3.0340443,2.964091,2.4480877,2.4559424
24,1.7245117,1.961744,1.8108604,1.6929721,1.8967351,1.5723281,1.9081273,1.5739446,1.6387453,2.8611743,2.9475517,2.7103124,4.0200753,4.084312,3.029874,3.1210098,1.7567171,1.6460681,1.6896884,1.6626605,1.6182741,2.5332446,1.1567601,1.0347717,0.0,0.1275687,1.5732057,1.7135683,1.3711861,1.2371421,3.4635687,3.392066,2.0503757,2.7258873,2.342525,1.925544,3.212376,3.264979,3.399298,3.4599526,1.5889311,2.2148163,1.8809111,1.1082368,1.9398147,1.569413,1.6255171,1.6506236,2.765961,2.7498546,2.292031,2.3236232,2.0914185,3.266718,1.9348093,1.7567078,2.6948278,2.7763913,2.0123088,2.4968405,2.1378527,2.395203,2.2113526,2.0904698,2.8889852,3.120363,3.1820338,3.2371404,3.6752665,3.3736129,3.3175745,3.4588532,2.6609957,2.9220605,3.1602674,3.1826234,2.933664,2.8690343,2.5120387,2.735901,2.4018636,3.126271,2.374939,2.1501424,1.8561636,1.9236816,1.5708101,2.083953,2.4804914,3.1649914,2.4074695,2.2696047,1.7859389,1.9209597,1.7898391,1.880513,1.6689892,1.6965243,2.4449403,2.4996676,2.023079,2.0532224,1.5883523,2.0784998,2.8117695,2.8508196,2.809583,2.896625,2.8212855,2.165795,2.0367022,1.9073123,2.4431913,2.9692287,2.9153445,2.5250368,2.2910156,2.2970982,2.394382,2.3068562,1.824761,1.9392117,2.1069665,2.0194464,3.043113,2.896249,2.3273387,2.3143878
25,1.7231019,1.9503064,1.7947367,1.680714,1.8957582,1.5862124,1.9258829,1.589119,1.6118771,2.8759768,2.9378471,2.718298,3.9708452,4.037314,3.0142398,3.0992155,1.7042404,1.5986019,1.6477039,1.6193455,1.5974761,2.5421395,1.1679975,1.0733752,0.1275687,0.0,1.5507227,1.6906627,1.3818295,1.2121894,3.4777205,3.386328,2.0512578,2.7143602,2.3655646,1.8994462,3.1871166,3.238833,3.3739867,3.431349,1.5560815,2.1868072,1.9139078,1.0799733,1.9205722,1.5676572,1.6180073,1.6452698,2.747071,2.7215848,2.2570407,2.2867763,2.092739,3.251285,1.8938096,1.7238426,2.6938605,2.7588491,2.0210376,2.4478583,2.0789266,2.3161097,2.2010255,2.0825787,2.8709397,3.0667722,3.1424344,3.1875138,3.6699061,3.3650491,3.3072073,3.444858,2.6273112,2.9013023,3.1410198,3.1609354,2.9072328,2.843222,2.4878366,2.7123528,2.398609,3.1127412,2.3564725,2.145298,1.8872097,1.9719309,1.5205643,2.0748603,2.466048,3.164512,2.3943443,2.2554865,1.762202,1.949262,1.8060743,1.9047456,1.6276852,1.6662675,2.430662,2.487764,1.9782711,2.0121822,1.5343897,2.0220642,2.7607632,2.8005915,2.7812424,2.857731,2.7758102,2.1451519,2.014109,1.8752242,2.4595249,2.9882376,2.930354,2.5405238,2.2830153,2.2961109,2.4050717,2.299029,1.8377386,1.9469744,2.0953383,2.018256,3.0455158,2.8944938,2.3128889,2.2932863
26,1.6917044,2.1263976,2.7760231,1.7132337,2.0895267,1.8537781,2.3365302,1.9581352,1.6911694,3.1973302,2.6019452,2.8283765,3.736611,3.8042464,2.7120523,2.7189398,1.3003273,1.2091718,2.0592234,2.0634344,2.359644,3.2846599,1.1698436,1.8349217,1.5732057,1.5507227,0.0,0.6755873,1.3826991,1.1898068,3.8264039,3.4575858,2.2342095,2.3498943,3.3269708,1.8244368,3.3646898,3.2953105,3.3647087,3.1423092,2.5145261,3.0123334,2.791241,1.7882636,2.2734601,2.2787817,2.270691,2.252853,2.2369156,2.0184164,1.9611827,1.6169627,2.326037,3.5330904,2.1869488,1.9865052,3.0533202,2.6821272,2.6617494,2.3012862,2.3855777,2.5014303,2.6690829,2.7298594,2.6515834,2.8983328,3.174882,3.2614338,3.580313,3.294383,3.1036317,3.383401,2.7775397,3.0976396,3.1853006,3.0773427,2.97708,2.891169,2.7750208,2.6143284,1.6261363,2.888319,1.7109984,1.685884,1.5086727,1.8735839,1.7353059,2.025911,2.417668,3.1451418,2.415976,2.2829351,1.7294515,1.8733293,1.6665045,1.7674774,1.6008856,1.6973729,2.4246821,2.4771004,2.1363533,2.1772041,1.9437164,1.7523421,2.3774378,2.383461,2.885114,2.7699594,2.4671667,2.2182257,2.0429428,1.9612806,2.6601253,3.1635892,3.0824873,2.7549217,2.1144521,2.0088475,2.221126,2.0524273,1.7160033,1.8653395,2.4583514,2.047729,3.0635679,2.5118122,1.9951584,2.0451198
27,1.7344434,2.0120988,2.8494384,1.8137963,1.8470211,1.8861223,2.28873,1.9870952,1.7062622,3.3187873,2.3831449,2.6971138,3.4841511,3.5444453,2.5371091,2.529814,1.2185539,1.182826,1.9485165,1.996636,2.3649135,3.2229512,1.1776184,1.9671087,1.7135683,1.6906627,0.6755873,0.0,1.3077629,1.1492064,3.9562006,3.5728905,2.2584374,2.3398795,3.2401595,1.8678159,3.3047416,3.2118733,3.2326453,3.0629594,2.5542157,2.8632886,3.1510432,1.7883812,2.2526808,2.3144667,2.3468752,2.3263993,2.070493,1.8539952,1.9082205,1.572498,2.2799225,3.5762084,2.0999513,1.8731779,2.9341345,2.6347525,2.6371512,2.612011,2.320588,2.463273,2.616635,2.7497468,2.5694525,2.683127,2.7790837,2.8964434,3.296431,2.963841,2.9713864,3.0063405,2.3931,2.865109,2.9325867,2.8442822,2.794239,2.676219,2.5441036,2.2874515,1.7771918,2.9506133,1.8745569,1.8888707,1.8249034,2.1566846,1.7251998,2.2468975,2.5031435,3.217361,2.5242593,2.4154146,1.8209088,2.2165117,1.9864013,2.0910895,1.6753908,1.8148782,2.4849305,2.5242386,2.2621458,2.290359,2.078458,1.8453257,2.0542839,2.046986,2.6819105,2.4252803,2.227983,2.131181,1.9461638,1.8996379,2.5322452,3.012067,2.8927298,2.5412407,1.810862,1.7342077,2.258188,1.8651488,1.6839272,1.8219223,2.4443605,1.9928104,3.2126763,2.6588259,1.7948958,1.8620728
28,1.7348442,1.9918627,2.3974802,1.7760595,1.9607652,1.9037112,2.3108315,2.0270433,1.8211093,3.267745,2.8286395,2.537288,4.1438246,4.197142,3.1195014,3.181655,1.6932322,1.6528418,2.2712028,2.3235457,2.1257563,2.9273705,1.6020262,1.6825396,1.3711861,1.3818295,1.3826991,1.3077629,0.0,0.58790773,3.6228728,3.1947773,2.40187,3.0022876,2.7249985,1.9846811,3.6672363,3.735744,3.5929325,3.4381833,2.1006474,2.3808005,2.6906312,1.5443288,2.3415349,2.328341,2.415894,2.381494,2.961523,2.6945055,2.7753603,2.557349,2.4046748,3.556796,2.0161834,1.8554199,2.919197,2.6199942,2.3847737,2.6829894,2.4435887,2.6028502,2.7346346,2.5972772,2.75737,2.920337,2.8496287,3.047942,3.3185637,3.047025,3.3974123,3.1517463,2.402578,2.7260215,2.704652,3.1234336,2.6184173,2.5245664,2.415146,2.1907866,2.5296202,3.5654871,2.556587,2.533765,1.9491311,1.9729085,1.513585,2.1665864,2.4891164,3.2447278,2.6509776,2.5538766,1.8088051,2.0590978,1.9635121,2.0422583,1.725174,1.7789614,2.4422705,2.4840512,2.265519,2.292693,1.9704479,2.4024885,2.5998082,2.6160471,2.4297419,2.6706629,2.3004515,2.1300356,1.9492145,1.9117475,2.4781966,2.92609,2.9007118,2.5330117,1.7788662,1.729113,2.2196467,1.7286191,1.5930277,1.756937,2.162279,1.9239951,3.6810334,3.168418,1.9040657,1.9426014
29,1.6301582,1.8695542,2.2234514,1.5859352,1.708,1.8001543,2.1635664,1.9086436,1.4934392,3.1868231,2.5875466,2.5070448,3.9943018,4.0585685,2.9418962,3.01079,1.2762696,1.2487326,2.0643506,2.1058073,1.910591,2.8243628,1.332945,1.6219093,1.2371421,1.2121894,1.1898068,1.1492064,0.58790773,0.0,3.5914373,3.1624832,2.1983252,2.692979,2.7111263,1.6925225,3.5701377,3.5960133,3.496129,3.3551784,1.9412581,2.2871253,2.5810103,1.2990357,2.1229935,2.0905101,2.182663,2.1628919,2.7804558,2.4147313,2.3887086,2.1973484,2.2135186,3.3607352,1.8061448,1.6429882,2.7147117,2.408314,2.2540982,2.4899814,2.1717057,2.3155432,2.5361488,2.4191394,2.7587523,2.9014044,2.7640877,2.8607216,3.2872033,3.0054917,3.37965,3.1176627,2.221725,2.640373,2.5588179,2.8348906,2.496232,2.3928528,2.2125952,2.1302633,2.282307,3.3387542,2.2099962,2.2219372,1.8523045,1.999604,1.2705098,2.0261745,2.3669434,3.1003172,2.6192322,2.50634,1.5667433,1.9755198,1.842054,1.9422787,1.4586664,1.5118219,2.234781,2.2914217,1.9301368,1.9813989,1.6861621,1.989391,2.3441837,2.3812547,2.3456461,2.5042589,2.0967448,1.8321637,1.6696872,1.5662864,2.3102558,2.8212104,2.7400494,2.3692238,1.635513,1.63623,2.0649316,1.5914497,1.4048008,1.5383396,1.9306155,1.6797928,3.329671,2.8356874,1.7529349,1.7554575
30,3.984803,4.1032176,3.7884786,3.8987489,4.0188785,3.9892035,4.060472,3.9166746,3.9229856,4.8465223,4.7689204,4.4879837,6.1072707,6.154256,5.2374067,5.3766217,3.7425203,3.7129567,3.5509772,3.5392067,3.486254,2.5676644,3.5913126,3.2925968,3.4635687,3.4777205,3.8264039,3.9562006,3.6228728,3.5914373,0.0,1.4705958,4.2247906,4.4869432,4.0009785,4.1015167,5.2325716,5.2710733,5.438527,5.588606,3.6435232,4.182519,3.9894745,3.491036,3.6190283,3.5498796,3.9011517,3.942339,4.6353483,4.594563,4.418272,4.4368935,4.179544,4.6373754,3.9190357,4.1496506,4.3740563,4.490005,4.3974333,4.742513,4.319822,4.3244762,4.4741564,4.4289303,4.8153486,4.8483734,4.7581806,4.91499,5.096758,4.891543,5.4072022,5.0757365,4.0722394,4.257748,4.2704206,4.1713996,3.9924407,3.936363,3.4837549,3.97553,4.275585,4.5077333,4.325002,4.151225,3.6624677,3.7417476,3.0410442,3.9491763,3.958354,4.811191,4.268809,4.3040857,3.5415864,3.7096407,3.6368766,3.5814257,3.9923153,3.795427,4.5113487,4.5666404,2.7326217,2.6913579,4.017033,4.1245556,4.6611433,4.6698246,4.6763825,4.753199,4.3231416,4.0835323,4.008061,3.9550831,3.7941146,4.172028,4.1299253,3.8085275,3.8345459,3.8669026,4.1279855,3.8899012,3.875034,3.9898803,3.8919017,3.9805572,4.5330987,4.4790664,3.2951498,3.2736943
