,0,1,2,3,4,5,6,7,8,9,10,11,12,13,14,15,16,17,18,19,20,21,22,23,24,25,26,27,28,29,30,31,32,33,34,35,36,37,38,39,40,41,42,43,44,45,46,47,48,49,50,51,52,53,54,55,56,57,58,59,60,61,62,63,64,65,66,67,68,69,70,71,72,73,74,75,76,77,78,79,80,81,82,83,84,85,86,87,88,89,90,91,92,93,94,95,96,97,98,99,100,101,102,103,104,105,106,107,108,109,110,111,112,113,114,115,116,117,118,119,120,121,122,123,124,125,126,127
0,0.0,0.6601704,0.9292796,0.8278605,2.5269744,2.722544,2.770427,2.8140972,2.891956,2.9545155,2.2530742,2.6598277,2.9848084,2.9855905,2.490638,2.1339405,2.7660127,2.4771614,2.4176655,2.6019828,2.8781252,2.4588165,2.914109,3.4655032,2.8134243,2.8231752,2.608321,2.2862678,3.1908555,2.7175376,2.9748998,2.9254167,3.5943666,3.6290314,3.2417822,3.3255877,2.8217254,3.0917425,3.790238,3.6529195,3.35641,3.1416323,3.678326,2.8122442,3.6625152,3.849138,3.3319318,3.1954837,4.2018204,4.13579,4.2822485,4.294044,3.0802443,3.018797,3.1542373,4.025856,3.538673,3.327156,4.031098,3.5230215,3.641383,3.754269,3.7323465,3.037016,3.5961552,3.6478207,4.1786923,3.231155,3.648055,3.6351924,3.5724983,3.3626142,2.2124436,1.6337216,2.6072853,2.3032346,3.8080034,2.555441,2.4921892,2.8172898,2.1706915,2.1706915,2.7312007,2.6203804,3.080214,2.7655082,2.8038037,2.3942623,3.079464,3.140522,1.7600951,2.6135008,3.0777802,3.0664215,3.0359976,3.3206246,3.3697784,3.144406,3.028812,2.9559214,2.9288528,3.1816468,2.8545504,2.9283588,2.3218942,1.9712063,2.1030319,2.1569023,2.559577,2.5287051,2.9422722,2.262848,3.0469742,2.3976142,3.038539,3.497428,3.7653313,3.5805788,3.4324653,2.5397882,4.1154437,3.2460985,3.5877857,3.7053967,3.6439383,3.4632666,3.4892778,3.3237436
1,0.6601704,0.0,1.1093347,1.0231829,2.5986686,2.5140998,2.6108515,2.6097007,2.7543268,2.7688522,2.305879,2.4381225,2.8568246,2.823823,2.3403025,1.8979937,2.9764528,2.6383417,2.6187801,2.711122,2.726736,2.3895247,2.8464208,3.129886,2.6226563,2.6469927,2.7405584,2.3621135,2.9759014,2.7046287,2.7872272,2.9386384,3.682219,3.7123806,3.3451104,3.3971457,2.9860325,3.219698,3.8704093,3.7594526,3.4681032,3.2538586,3.7370384,2.9481814,3.6061633,3.78399,3.2890618,3.1020343,4.097004,4.050629,4.108583,4.1071916,3.049162,3.0523698,3.1359255,4.1088877,3.6131897,3.4275799,4.063631,3.4396615,3.6191494,3.736675,3.7109551,3.024558,3.3842816,3.4305103,3.9585252,3.0184443,3.3804564,3.3673637,3.374998,3.1499279,1.8251904,1.3677279,2.3520596,2.2199101,3.6036808,2.3001049,2.2906213,2.574682,2.060487,2.060487,2.646056,2.5012486,2.9847405,2.6313481,2.6515088,2.278704,3.020846,3.0555797,1.6610734,2.5421634,2.9818954,2.9824111,3.010581,3.1864119,3.2323732,3.0325322,2.799294,2.8093932,2.7682753,2.9419394,2.7102363,2.7717526,2.1695292,1.9428235,2.2007341,2.2610097,2.502514,2.4782891,2.8984053,2.2605438,2.6753733,2.4894624,2.660459,3.0968072,3.4150622,3.1942177,3.0505474,2.5688062,3.9024608,2.9366336,3.3500507,3.4844208,3.3573186,3.146393,3.196182,3.037345
2,0.9292796,1.1093347,0.0,0.18790285,2.5862913,2.8526316,2.7889636,2.8241286,2.9922528,3.0768003,2.1606293,2.5666678,3.0640955,2.9978786,2.4656303,2.2307053,2.6897576,2.567195,2.664569,2.2775743,2.9690175,2.5861435,2.7777405,3.3266082,2.6477482,2.894671,2.4869854,2.130865,3.3089967,2.7087066,2.7501106,2.9672256,3.5978556,3.625167,3.3248346,3.34652,2.812422,2.8107338,3.5697653,3.4598792,3.2115273,3.0205348,3.4250624,2.6836889,3.5821218,3.756491,3.272477,3.163993,4.020284,3.8887076,4.206659,4.2146535,2.7566876,2.5933213,2.754975,3.7094,3.577367,3.2841523,3.802714,3.5302172,3.4711018,3.6078842,3.7699344,3.1911771,3.4028208,3.5188677,4.0216417,3.0755556,3.4272196,3.4235992,3.409085,3.2438328,2.002224,2.023135,2.6072364,2.3622837,3.7393045,2.5680718,2.5475714,2.8741934,2.1337335,2.1337335,2.250814,2.0036695,2.5534303,2.143102,2.1383307,1.734738,2.4805312,2.4873617,1.5946585,2.1268907,2.5416322,2.614055,2.4316,2.8330417,3.263292,3.1047,2.9696944,3.0596836,2.9146202,3.2309835,2.8924732,2.9185913,2.5024383,2.0460317,2.172457,2.2063441,2.6148586,2.5587058,2.5163383,2.3672192,3.0603702,2.3053787,3.0994053,3.5417717,3.578608,3.393876,3.30101,2.3163087,3.7499483,3.1813955,3.5515554,3.7148583,3.5064569,3.3906193,3.2723348,3.2523954
3,0.8278605,1.0231829,0.18790285,0.0,2.657037,2.8306015,2.787844,2.8282604,2.9571624,3.0029478,2.133592,2.5385504,3.062451,3.0132136,2.4427767,2.2142496,2.747729,2.5788784,2.6268773,2.3171072,2.9734747,2.5795786,2.8163717,3.3412282,2.6642609,2.8961494,2.506487,2.1384058,3.298757,2.7188575,2.7785358,2.988593,3.6785839,3.7057498,3.3929799,3.4148242,2.835479,2.8510156,3.6771688,3.5725403,3.2281525,3.0353487,3.4574919,2.6981945,3.6225016,3.7950556,3.3137596,3.193498,4.051316,3.9370153,4.2161565,4.2223535,2.8214166,2.6720152,2.8236036,3.7424548,3.6199348,3.2974873,3.8628798,3.556495,3.4974465,3.6540124,3.8004131,3.2012339,3.4356368,3.5946212,4.047265,3.107889,3.4668875,3.4645274,3.4501035,3.2499316,2.02187,1.9947013,2.623041,2.3590763,3.7458537,2.5552495,2.5534084,2.8657072,2.1406264,2.1406264,2.2589703,2.0441039,2.694938,2.2199433,2.1889656,1.7865499,2.5300431,2.5385475,1.5357376,2.103658,2.583895,2.6526713,2.5042567,2.939698,3.2720158,3.0880592,2.9580286,3.0265005,2.91091,3.2113023,2.8584077,2.915422,2.414515,1.9911704,2.0979636,2.143278,2.5469496,2.5102534,2.5022798,2.2845101,3.0298855,2.292135,3.0599437,3.5006306,3.568594,3.393081,3.2710516,2.2866335,3.8222659,3.2044034,3.6213179,3.7599516,3.4942765,3.3804927,3.3027153,3.2463732
4,2.5269744,2.5986686,2.5862913,2.657037,0.0,2.415216,2.3148973,2.3371522,2.950881,3.3147805,2.3931952,2.7345152,3.1037734,2.8136475,2.5907888,2.476364,2.3058739,1.8949652,2.6259751,2.197987,2.3243697,2.03005,2.0473723,3.0234144,2.4954739,2.4358184,2.9655342,2.0234523,2.750742,2.265107,2.4928725,2.0108974,1.9442043,1.9385982,1.5234859,1.7848887,2.3318336,2.632195,2.2136965,1.9111525,3.4252,3.1827316,3.1816094,2.9706812,3.172949,3.1871045,3.000756,2.8746815,3.6459947,3.3876567,3.8768375,3.8866713,2.6440384,2.7035778,2.641289,3.8279064,2.84434,2.940197,3.3175461,2.7115982,3.0741901,3.0208127,3.0844924,2.5846026,3.7156653,2.9678333,3.9813392,3.2249768,4.2779536,4.2399497,3.4265704,3.639531,2.7631855,2.749258,2.9100268,2.6680171,3.9775443,3.4405272,2.8950799,3.1321058,3.0103674,3.0103674,3.639002,3.4336293,2.9833922,3.257951,4.1129975,3.3619304,3.7428958,3.845597,2.9957392,3.7441041,3.7413852,3.9611223,3.6012402,3.3901217,4.0215583,3.972706,3.8256612,4.250263,3.8564248,4.2505307,3.9500434,3.871232,4.020507,3.6453316,3.8288543,3.8210654,3.916228,3.8274705,4.150992,3.7628653,3.9975996,3.6130462,4.114814,4.114235,4.1920643,4.1154485,3.9704943,3.3685164,3.9791124,3.353212,3.1411095,3.3912776,4.2909555,3.912298,3.9197884,3.9008574
5,2.722544,2.5140998,2.8526316,2.8306015,2.415216,0.0,1.22429,0.9431104,2.3053827,2.2002552,1.9748856,1.7753308,2.6348445,1.9943963,1.8306385,1.3804338,3.2152321,1.8096683,2.4154518,2.0767813,1.099652,1.2211543,2.3447871,1.7703362,1.4056544,1.189167,2.9673207,1.9943566,1.547556,1.5869546,1.549941,1.83006,2.9996307,2.9808168,2.7373488,2.6610487,2.2360218,2.39522,3.2960157,3.234262,3.4808567,3.2138107,3.0739553,3.029849,2.1834347,2.18277,2.2801273,1.9170529,3.0165415,3.041499,3.2738197,3.2177787,2.5043464,2.715919,2.4327326,3.9178493,2.8392239,2.8689148,3.2882895,2.258151,2.8759153,2.8122606,2.733579,2.3159032,3.3310263,3.2527745,3.269987,2.6658893,3.9457886,3.956964,2.9153807,3.1157079,1.9797537,2.2624695,2.32709,2.420713,3.2392857,2.723909,2.3783965,2.4911022,2.3696532,2.3696532,3.2671611,3.0611258,3.8715336,3.0887942,3.8526573,3.033207,3.4085371,3.432723,2.6740725,3.4941602,3.3836145,3.834611,3.425946,3.91099,3.1097915,3.2538726,2.7076883,3.4234643,2.976672,3.2846007,3.1457157,3.0074196,3.2401037,2.910771,3.1758213,3.187007,3.059432,2.963231,3.500816,2.9729307,2.5188305,2.9186566,2.7297719,2.2817223,2.6402802,2.4399903,2.2593908,2.4397602,4.271835,2.6339595,3.319129,3.453455,2.8402128,2.2739384,2.7913475,2.6932573
6,2.770427,2.6108515,2.7889636,2.787844,2.3148973,1.22429,0.0,0.56121296,2.2083907,1.7133461,1.6535299,1.424165,2.0662322,2.1521666,1.8565288,1.8473313,2.7971265,1.6630988,2.3737369,1.9164711,1.0157328,1.247065,2.0544212,1.5182756,0.8904373,0.731937,2.4824336,1.4030296,1.6123186,1.3336618,1.0864342,1.4991332,2.7295196,2.7289755,2.7613838,2.5024304,2.3919902,2.1703217,3.002063,3.2121103,3.3758209,3.0751348,2.6620247,2.8945541,2.384049,2.4521618,2.8049886,2.2597349,2.7554307,2.718749,3.5823185,3.572276,2.3119106,2.482422,2.3039372,3.5595865,2.1519666,2.433787,2.6371202,1.9344621,2.229383,2.272711,2.3789642,1.9666067,3.4478776,3.5914674,3.3678703,3.0521166,4.165623,4.157585,3.2022479,3.2730076,2.2284636,2.496275,2.3586986,2.3050773,3.271347,2.8395746,2.5394778,2.6984458,2.2496238,2.2496238,3.175951,2.8534236,3.7753212,2.738861,3.680099,2.8228803,3.1708548,3.2157955,2.5730152,3.1368096,3.2084913,3.5991597,3.1127067,3.6964967,3.0190747,3.131729,2.9583728,3.4688008,3.0624828,3.5291398,3.0495074,3.0846908,3.4515483,3.1162753,3.0962844,3.1141562,3.2934246,3.2513268,3.5978417,3.0605066,2.8217804,3.138185,3.0990539,2.6639712,2.9597297,2.7519057,2.5322213,2.6385365,4.297322,2.9190412,3.0786777,3.354462,2.6929631,2.5052648,2.5863304,2.7369318
7,2.8140972,2.6097007,2.8241286,2.8282604,2.3371522,0.9431104,0.56121296,0.0,2.4741452,1.944818,1.8158404,1.5461997,2.3036113,2.1510196,1.9904664,1.7085695,2.8691764,1.674614,2.391781,1.8543273,0.8910853,1.0717752,2.0072494,1.3575506,0.77550906,0.61675733,2.5319867,1.5825995,1.4282509,1.2561079,0.96351403,1.4984777,2.653872,2.6478643,2.6666057,2.390609,2.3721435,2.1873786,2.8761315,3.0702114,3.4164174,3.12382,2.7398932,2.9458244,2.053097,2.1234925,2.4705176,1.8679719,2.727458,2.691652,3.4776344,3.4457393,2.3551288,2.5377142,2.3306353,3.776485,2.3569543,2.4520009,2.7832317,1.9615138,2.4553883,2.3807878,2.4253895,2.068338,3.444123,3.3474193,3.210852,2.9071822,4.057797,4.054399,3.0963407,3.2742412,2.0883844,2.4197116,2.2862828,2.3640997,3.1590426,2.6985488,2.417583,2.5796735,2.1667936,2.1667936,3.0605772,2.784005,3.6847339,2.741707,3.6228983,2.7547655,3.1181686,3.158822,2.7061307,3.2672145,3.1114879,3.5321672,3.0551846,3.5525513,3.0569968,3.2851033,2.9070187,3.490759,3.063868,3.421722,3.2045076,3.0842488,3.4210882,3.063407,3.2072208,3.2079992,3.2983377,3.1909015,3.5396166,3.132948,2.6971214,3.0503821,2.9785335,2.4878376,2.6769547,2.480231,2.3838432,2.563142,4.183297,2.8558095,3.0280833,3.243315,2.643231,2.4021347,2.585442,2.6695805
8,2.891956,2.7543268,2.9922528,2.9571624,2.950881,2.3053827,2.2083907,2.4741452,0.0,2.094318,2.0116541,1.8614851,1.9837519,1.7604026,1.7156668,2.2128603,3.6253448,2.8412607,3.3949025,3.0139353,2.3936212,2.624254,3.2011979,3.081599,2.6602068,2.6775916,3.5695522,2.4986365,3.414148,2.7832975,2.796733,2.9370632,3.8775477,3.8753657,3.4449818,3.5420728,2.7814374,3.027433,4.196292,4.03469,3.5808585,3.253271,3.4658818,3.1605613,3.7261639,3.7829776,3.6448388,3.457146,3.520801,3.3208406,3.629758,3.5960891,2.799799,3.0370631,2.6013415,3.5415483,3.0778613,4.0148745,3.4856257,2.8069212,2.7495737,3.088842,3.1654525,2.5831454,3.1958463,4.184892,3.9835312,3.331331,4.095326,4.095231,3.2888796,2.9978743,2.5773995,2.7702944,3.0028157,2.7906377,4.0237985,3.5591,3.1950378,3.2009227,3.2562184,3.2562184,4.0546927,3.5892687,4.0282125,3.154696,4.259811,3.5787594,3.991483,3.9992075,2.5765092,3.454808,4.0754023,4.3525195,4.147133,4.5028543,3.2735677,2.8565097,2.9495149,3.377248,3.077185,3.4757879,2.6841028,3.0880306,3.3198683,3.338229,3.2709134,3.3758738,3.3378634,3.5402727,3.7990756,3.0485632,3.2154737,3.5747344,3.2430906,3.2208958,3.8903296,3.6626778,3.251399,3.294301,4.8484707,3.025477,3.8990183,4.4048467,3.5118365,3.1630738,3.1197138,3.4465408
9,2.9545155,2.7688522,3.0768003,3.0029478,3.3147805,2.2002552,1.7133461,1.944818,2.094318,0.0,1.6400143,1.2293274,2.3059387,2.808711,2.1568696,2.3872695,3.582538,2.6904328,2.8605294,2.71707,2.0123599,2.1579847,2.9093657,2.6229897,2.0297885,2.0586452,3.0705988,1.9972816,2.7737722,2.2207658,2.1990526,2.4371073,3.8122401,3.8186145,3.768715,3.523071,3.189464,2.9859574,4.103663,4.348049,3.6810772,3.3886569,3.2038608,3.3015015,3.5093832,3.5797827,3.817472,3.2582035,3.5841634,3.4405453,4.151743,4.1275444,3.3531184,3.5756989,3.2124193,3.9686205,3.251967,3.215242,3.614863,2.8887892,2.8619835,3.231877,3.3463204,2.8192492,3.7541182,4.3113494,3.6175606,3.5848796,4.4243445,4.4287853,3.751559,3.4303508,2.677359,2.897124,2.788722,2.5721471,3.6024196,3.0418406,2.9266188,2.8972592,2.808577,2.808577,3.3513758,3.1555126,4.434211,3.1614652,3.8743424,3.1791692,3.4942658,3.5348818,2.518459,2.9189076,3.5232496,3.8271146,3.6541698,4.137453,3.5029135,3.3527653,3.3245668,3.6710348,3.4864948,3.7472239,3.1637013,3.5022876,3.268366,3.357529,3.1740882,3.2628458,3.324847,3.4853466,3.671881,2.9765098,3.1810417,3.578533,3.4059575,2.8630657,3.3480814,3.2503917,2.8437724,3.0007656,4.7607374,3.4264874,3.8104527,3.9505053,3.0195324,3.051124,3.2322538,3.209709
10,2.2530742,2.305879,2.1606293,2.133592,2.3931952,1.9748856,1.6535299,1.8158404,2.0116541,1.6400143,0.0,1.1556386,2.3286643,2.387408,1.7688372,1.9965409,2.5901432,1.712976,2.205852,1.4835858,1.815765,1.5853245,2.1459012,2.666111,1.7381141,1.9982309,2.3491347,1.0563798,2.7496614,1.5200986,1.8316008,1.789164,2.9349022,2.9301,2.7760692,2.6380587,2.0091164,1.7243775,3.0614855,3.1540475,3.0015976,2.6682696,2.7409534,2.5845613,2.7978072,2.8542604,3.1057153,2.5992289,3.1968596,2.9190965,3.6102388,3.6196206,2.4046736,2.5214267,2.108873,3.2656689,2.7411132,2.682656,3.072907,2.569703,2.4746406,2.721026,2.9230566,2.2522676,3.3657122,3.6666274,3.3715494,3.0693645,4.0155644,4.0162,3.195738,3.0598261,2.1868367,2.5161083,2.446423,2.0345368,3.4982443,2.780813,2.4619799,2.5554013,2.520538,2.520538,2.7356555,2.4687927,3.442512,2.3991337,3.2878098,2.424336,2.7570233,2.7927368,2.023267,2.4095316,3.0114677,3.3567722,3.0679457,3.5510356,3.2304842,3.165987,2.9728985,3.3853738,3.0805612,3.452522,2.9873672,3.1154873,2.9921398,2.8008533,2.746027,2.795063,2.8291636,2.9038563,2.927255,2.579641,3.1547422,2.8747637,3.3753912,3.1640787,3.353792,3.2610133,3.0041575,2.253292,4.2145295,3.2717364,3.5610394,3.757825,3.0850005,3.0747068,3.093866,3.2189794
11,2.6598277,2.4381225,2.5666678,2.5385504,2.7345152,1.7753308,1.424165,1.5461997,1.8614851,1.2293274,1.1556386,0.0,2.2627103,2.2892106,1.5222166,1.8013341,3.1134655,2.4003708,2.7383225,2.1078117,1.5898647,1.8489807,2.4308887,2.0512977,1.3778268,1.7468964,2.720495,1.6404355,2.4954846,1.8043736,1.4703934,2.0907845,3.3896465,3.3845677,3.198664,3.0469172,2.6660292,2.3730307,3.4502144,3.5601728,3.4953017,3.1329484,3.1279485,3.0580025,2.9249403,2.9823656,3.2646425,2.6994653,3.1949592,2.9228165,3.5852826,3.573601,2.5708978,2.80367,2.2934823,3.619443,2.9784937,2.8360746,3.207632,2.655472,2.6092064,2.8796077,3.0992975,2.4892874,3.4504874,3.690414,3.3412848,3.1001158,4.026103,4.0290985,3.2667787,3.1432843,1.9396815,2.57161,2.4518588,2.3859053,3.4619489,2.8236792,2.5999844,2.5501215,2.5710492,2.5710492,2.725418,2.4452376,3.5234127,2.4273264,3.293243,2.4592268,2.848713,2.8238652,2.0882595,2.457605,3.0251038,3.385826,3.1254873,3.5128427,3.10934,3.0857027,2.853058,3.3567019,3.0351946,3.4297047,2.9395356,3.087278,3.1522324,3.0078297,3.0707278,3.126152,2.9974856,3.0831373,3.0412047,2.7688048,2.732118,3.2963543,2.9089527,2.5896742,2.8725927,2.7746217,2.391785,2.634778,3.8424084,2.803274,3.2019982,3.3955238,2.5814338,2.5851712,2.701119,2.8590949
12,2.9848084,2.8568246,3.0640955,3.062451,3.1037734,2.6348445,2.0662322,2.3036113,1.9837519,2.3059387,2.3286643,2.2627103,0.0,1.7588805,2.2769334,2.4239101,2.991583,2.6699083,3.3965917,3.0390701,2.3822975,2.5304267,3.174753,3.038977,2.543683,2.4930403,2.8756323,2.493642,3.4424715,2.812455,2.6792054,3.0472596,3.5462496,3.5661094,3.5804029,3.4334273,3.229573,3.10564,3.8475535,4.0187826,3.822261,3.5125859,3.378622,3.246432,3.4958603,3.7022421,3.7284062,3.305286,3.4142802,3.1957653,3.9916298,4.006276,2.9711008,2.940093,2.9507437,3.8184118,2.378756,3.8060067,2.9835007,2.5912313,2.4661734,2.536787,2.5441618,2.0065231,3.6735632,4.392206,4.3083167,3.7819242,4.355459,4.345745,3.7038531,3.4866598,2.9888315,2.839866,3.1022992,2.957071,4.045431,3.5145745,3.3391502,3.6179817,2.9990609,2.9990609,4.0757747,3.5466015,4.0624914,3.0679517,4.1603093,3.4552002,3.9593222,4.014634,3.1881285,3.7325728,4.026514,4.0975747,3.9081147,4.176892,3.4671595,3.410485,3.340251,3.2673485,3.1384768,3.2798092,2.9675612,3.1322758,3.4590063,3.3935444,3.1786041,3.2348359,3.8789556,3.8910706,4.1203403,3.4936664,3.4055514,3.6149979,3.5544953,3.6379144,4.089742,3.7686584,3.6246152,3.5900733,5.0707555,3.598276,3.573107,4.251522,3.4223912,3.5323803,2.9249332,3.557755
13,2.9855905,2.823823,2.9978786,3.0132136,2.8136475,1.9943963,2.1521666,2.1510196,1.7604026,2.808711,2.387408,2.2892106,1.7588805,0.0,1.7229837,1.6596829,3.425987,2.5653737,3.531333,2.8164272,2.1304436,2.4365568,3.2093706,2.8647022,2.4166238,2.4023015,3.4316747,2.677082,3.24312,2.7748075,2.5570915,2.9699655,3.5488107,3.533536,3.1924095,3.2582371,2.6927783,2.9678311,3.784146,3.5959635,3.7745228,3.5847592,3.580455,3.3463519,2.99299,3.0613623,3.0265114,2.741583,3.2809365,3.0447078,3.7150137,3.666953,2.712888,2.6816263,2.4778197,3.7307048,2.705925,3.947841,3.1762357,2.5715346,2.8824863,2.778884,2.7091477,2.2228167,3.11199,3.6743786,3.927526,2.9572513,3.773342,3.7666256,2.9199598,2.9933426,2.4814398,2.7120068,2.992427,3.0194795,4.0179396,3.5001316,3.1744444,3.4293792,3.125763,3.125763,4.0440726,3.5524426,3.729109,3.0512257,4.1386857,3.3905575,3.894213,3.9491644,3.1914234,4.0184927,4.11151,4.3922567,3.9754348,4.2889986,3.0810468,3.1021073,2.7917683,3.3274853,2.859835,3.009085,3.00276,2.8852983,3.452268,3.1770244,3.324421,3.3456166,3.6002538,3.536938,3.843865,3.4279535,3.0435348,3.454488,3.1333716,3.165586,3.6138444,3.2697136,3.195166,3.2733152,4.796857,3.0557475,3.6243627,4.2585273,3.4790497,3.111359,2.8622558,3.3986466
14,2.490638,2.3403025,2.4656303,2.4427767,2.5907888,1.8306385,1.8565288,1.9904664,1.7156668,2.1568696,1.7688372,1.5222166,2.2769334,1.7229837,0.0,1.231722,3.2317724,2.4834862,3.146325,2.4574487,1.9077032,2.3198466,3.0106707,2.5619423,1.9124295,2.084199,3.095697,2.1451085,2.7345967,2.5376096,1.9921528,2.7100399,3.7861786,3.771178,3.432516,3.5175736,2.6944046,2.8554726,3.9314404,3.762393,3.5318213,3.3757677,3.400419,3.0898707,3.3567257,3.3760595,3.4466395,3.141312,3.5925453,3.3384352,3.9622002,3.9610097,2.7929611,2.6961212,2.4720585,3.417956,3.114159,3.166758,3.3954098,2.9519114,2.9325974,3.1012166,3.269208,2.736406,3.2917798,3.592113,3.7989361,2.7960718,3.9225004,3.9221296,3.0887089,3.0039523,2.2003365,2.6745956,2.8682623,2.761138,3.9353771,3.3242605,2.9990406,3.2123659,2.9211679,2.9211679,3.227638,2.9914877,3.7136307,2.9782026,3.6417391,2.8487241,3.2938297,3.3329875,2.3025565,3.1179411,3.6447258,3.9559994,3.4806914,3.9882314,3.289971,3.134195,2.9945085,3.4928637,3.0825996,3.2898414,3.0090199,3.1715405,3.1761115,3.0291426,2.9782164,3.0088112,3.2265303,3.237305,3.365339,2.9549875,2.8373597,3.4361877,2.961841,3.0165238,3.311166,3.1541843,2.856168,3.0396135,4.0551224,2.8205154,3.5108798,3.7500415,3.2119787,2.8633356,2.9834583,3.0943398
15,2.1339405,1.8979937,2.2307053,2.2142496,2.476364,1.3804338,1.8473313,1.7085695,2.2128603,2.3872695,1.9965409,1.8013341,2.4239101,1.6596829,1.231722,0.0,3.2603626,2.3115625,2.8084447,2.3808808,1.5417053,1.9037583,2.97387,2.4830873,1.8315123,1.7912415,3.016676,2.2888043,2.4068944,2.249774,1.9631189,2.476003,3.4692392,3.4607687,3.0958028,3.1417472,2.6150324,2.8803022,3.6655288,3.489718,3.6488929,3.441509,3.4787943,3.1436365,2.8049905,2.899465,2.7640512,2.492863,3.5775921,3.3988,3.8501806,3.8243434,2.8899677,2.8793225,2.6715236,4.002456,3.1751952,3.1681488,3.5568826,2.8132923,3.2449622,3.1903765,3.143524,2.7201552,3.1629944,3.05247,3.4923573,2.401578,3.4497848,3.4683251,2.8086824,2.9076624,1.6821171,1.9620675,2.3165095,2.449672,3.3946555,2.604447,2.3747714,2.6722488,2.3293962,2.3293962,3.0365086,2.8632724,3.4814768,2.924635,3.334382,2.6655788,3.2162352,3.243155,2.3681054,3.26623,3.362246,3.6762974,3.2541757,3.5950782,3.0516963,3.1232626,2.6460636,3.20374,2.7867982,2.9478145,2.9797966,2.8486762,2.898788,2.5539145,2.8100293,2.811278,2.9635465,2.8348234,3.2523177,2.7946653,2.3553915,2.8835115,2.4568422,2.4375944,2.7760167,2.5561812,2.4654915,2.627533,3.8554475,2.334124,3.0622714,3.2603247,2.928126,2.4510024,2.7605052,2.6529138
16,2.7660127,2.9764528,2.6897576,2.747729,2.3058739,3.2152321,2.7971265,2.8691764,3.6253448,3.582538,2.5901432,3.1134655,2.991583,3.425987,3.2317724,3.2603626,0.0,2.1209207,2.4620204,2.3419719,3.01728,2.609113,2.276053,3.4051797,2.7820027,2.9624,1.4119322,2.1570604,3.399995,2.5695899,2.7569072,2.8070114,2.5223548,2.5869174,2.762993,2.7156858,2.7342927,2.381216,2.3881488,2.5360944,3.125566,2.861891,3.2570994,2.5547633,3.2352598,3.4774656,3.2150533,3.0312266,3.9940856,3.7561934,4.110384,4.178845,2.399924,2.2572153,2.5979342,3.5023444,2.5555573,2.5068603,3.0657942,3.2692978,2.9148798,2.839575,3.0577955,2.3513708,4.7634673,4.435133,4.8750925,4.471791,5.3028884,5.279467,4.5603476,4.6462283,3.503755,3.1794252,3.660874,3.3291981,4.6752834,3.983222,3.6511424,3.873421,2.8678515,2.8678515,3.1660485,2.9221308,3.1760983,2.9733095,3.9573088,3.0269678,3.264396,3.3927016,3.1176808,3.4424322,3.2429364,3.1062744,3.0901918,3.177501,4.2422137,4.313857,4.1242228,3.7326958,3.7216232,4.0891895,3.8501728,3.7235563,3.885133,3.4550042,3.4994879,3.4761705,3.9744632,3.8214858,3.7137291,3.6280355,4.1216216,3.297796,4.2931595,4.811198,4.5923815,4.4574857,4.408862,3.5219932,4.248757,4.2120605,3.5894334,3.817406,4.174076,4.3364177,3.8267593,4.182844
17,2.4771614,2.6383417,2.567195,2.5788784,1.8949652,1.8096683,1.6630988,1.674614,2.8412607,2.6904328,1.712976,2.4003708,2.6699083,2.5653737,2.4834862,2.3115625,2.1209207,0.0,1.8093593,1.3893088,1.8319916,1.1368064,1.7524098,2.6731765,1.9201909,1.7634501,2.2153168,1.3112472,2.2304955,1.3358016,2.0219474,1.4266373,2.006482,2.0032105,2.1067202,1.9284762,1.5174371,1.5857434,2.4262595,2.5285733,2.8536339,2.6552567,2.5844402,2.4605618,2.1855426,2.2286942,2.485866,2.0635931,3.0759351,3.0438905,3.6217895,3.6382768,2.2914784,2.288996,2.313028,3.3967485,2.163232,2.4170067,2.9106226,2.2658145,2.6156244,2.4894502,2.4617243,1.820203,3.5651317,3.480898,3.5477107,3.1307478,4.2820907,4.2655306,3.2306387,3.397574,2.6859572,2.552132,2.6019647,2.202352,3.64207,2.9942381,2.5373354,2.86545,2.449191,2.449191,3.313417,3.0854168,3.6948702,3.010716,3.890755,3.0039022,3.2715044,3.3986254,2.8381617,3.446549,3.399996,3.7228398,3.2903228,3.830795,3.4363203,3.5551689,3.247725,3.6210544,3.2538111,3.5600886,3.386465,3.2624114,3.3475878,2.9586308,2.9650214,2.9451177,3.229754,3.1026332,3.5763154,3.054545,3.4732203,2.7256584,3.7738872,3.588711,3.7200933,3.5099323,3.4921606,2.4554567,4.746132,3.685511,3.691514,3.892055,3.579528,3.358149,3.379545,3.5014975
18,2.4176655,2.6187801,2.664569,2.6268773,2.6259751,2.4154518,2.3737369,2.391781,3.3949025,2.8605294,2.205852,2.7383225,3.3965917,3.531333,3.146325,2.8084447,2.4620204,1.8093593,0.0,2.2327998,2.3466706,1.8946564,2.4365668,3.1922698,2.498409,2.3767138,2.2274668,2.0432744,2.6028602,1.7384678,2.6165154,1.9626763,2.7365935,2.7768,2.8130057,2.641661,2.6083083,2.38074,3.0504074,3.1761749,3.5116994,3.3382142,3.4426186,3.169173,2.765931,2.8915536,2.7737632,2.5426133,4.2216926,4.2281833,4.1797566,4.200132,2.9161856,3.1707177,3.0670214,3.9432645,3.0810401,2.4509974,3.6590972,3.101364,3.3237987,3.3000786,3.1959982,2.61649,4.5319357,4.315028,4.3517966,4.062794,4.9664826,4.9777474,4.321083,4.3697624,3.0068078,2.5108664,2.831547,2.5117767,3.754484,3.0070984,2.761733,2.7221951,2.2287273,2.2287273,3.0102406,3.0285847,3.8841093,3.2443569,3.7893345,3.0914052,3.1922522,3.3088472,2.5414536,3.148341,3.0189779,3.2009113,3.1897175,3.6047995,3.6668973,3.7562904,3.4666302,3.4360843,3.3605084,4.173158,3.4479272,3.350658,3.6036165,2.8595908,3.022209,3.028104,2.9193652,2.8217015,3.40418,2.7616994,3.4227602,2.5246317,3.6791089,3.6938372,3.700796,3.6009645,3.2948651,2.1648815,4.2897162,3.4050941,3.3738396,3.2742996,3.6077216,3.483863,3.6227431,3.3478153
19,2.6019828,2.711122,2.2775743,2.3171072,2.197987,2.0767813,1.9164711,1.8543273,3.0139353,2.71707,1.4835858,2.1078117,3.0390701,2.8164272,2.4574487,2.3808808,2.3419719,1.3893088,2.2327998,0.0,2.122622,1.5105429,1.7580866,2.5154784,1.7040132,2.0926104,2.2708995,1.0752084,2.5160637,1.4612637,1.6575223,1.7175932,2.4761853,2.45295,2.4568043,2.2022045,1.8854686,1.1640776,2.2959793,2.4399939,3.0291946,2.6543643,2.4089963,2.4599242,2.3379986,2.3634136,2.5391371,2.1879141,2.8922904,2.7063887,3.4175122,3.4095871,2.1268804,2.0259402,1.9124317,3.492653,2.8484633,2.4250152,3.0103323,2.6773036,2.7160218,2.7532587,3.0663662,2.551287,3.5570683,3.3735359,3.4297714,3.0110693,4.1099873,4.1169877,3.1839745,3.3472407,2.4084558,2.9428327,2.7377055,2.4640718,3.5947318,2.9337738,2.6758785,2.921257,2.4972496,2.4972496,2.5860693,2.3090363,3.254535,2.4396472,3.2421446,2.3112888,2.6646492,2.651111,2.6418595,2.8098767,2.6873746,3.2088594,2.59168,3.227377,3.4942455,3.652062,3.2691944,3.880156,3.450072,3.800662,3.5934196,3.4672706,3.4653547,3.0165763,3.0808978,3.0703142,3.251309,3.1450453,3.0109437,3.1101258,3.563898,2.7742693,3.7825522,3.5217717,3.4200597,3.3045282,3.2045598,2.0609927,4.152322,3.5479405,3.7733934,3.8788269,3.394573,3.2845423,3.4001431,3.5421188
20,2.8781252,2.726736,2.9690175,2.9734747,2.3243697,1.099652,1.0157328,0.8910853,2.3936212,2.0123599,1.815765,1.5898647,2.3822975,2.1304436,1.9077032,1.5417053,3.01728,1.8319916,2.3466706,2.122622,0.0,1.2807119,2.4787607,1.9925737,1.2344804,0.86559284,2.7502394,1.8981886,1.7908983,1.282133,1.3455545,1.4158673,2.6197283,2.613707,2.5863428,2.3930316,2.3580828,2.3466845,2.9537144,3.0447547,3.5640452,3.270992,3.078101,3.1419652,2.0856438,2.1651692,2.5382807,2.0352757,3.2197125,3.0459392,3.7139032,3.7096667,2.6664457,2.916469,2.4981306,3.9191518,2.4595695,2.5261095,3.0602777,2.2264078,2.7935247,2.662432,2.6003695,2.2164526,3.5282109,3.2972136,3.1982,2.8949718,4.115753,4.1282964,3.1060092,3.3484418,2.166909,2.375295,2.1987917,2.311778,3.24698,2.7338078,2.338021,2.465733,2.2602146,2.2602146,3.2600837,3.0673647,3.8139646,3.0673437,3.834625,3.0314076,3.2915866,3.3443208,2.751782,3.4409893,3.3420622,3.7390006,3.2977023,3.6504285,3.0811863,3.3233552,2.9176002,3.488902,3.0257726,3.494146,3.2020316,3.0669308,3.5279331,3.1162522,3.27743,3.2649562,3.2680657,3.1572287,3.6392643,3.0910077,2.707141,3.1174312,3.0071433,2.5304718,2.8716807,2.6179836,2.526898,2.717661,4.0477114,2.545253,2.722304,2.9188535,2.7029834,2.3525317,2.6507633,2.68331
21,2.4588165,2.3895247,2.5861435,2.5795786,2.03005,1.2211543,1.247065,1.0717752,2.624254,2.1579847,1.5853245,1.8489807,2.5304267,2.4365568,2.3198466,1.9037583,2.609113,1.1368064,1.8946564,1.5105429,1.2807119,0.0,1.713025,2.1134431,1.5146313,1.3132992,2.475264,1.408505,1.749163,0.9604625,1.6065307,1.1560395,2.1859117,2.1688695,2.1817706,1.8913362,1.992481,1.8687601,2.549821,2.7331488,3.334834,2.929774,2.7435243,2.7904987,2.05476,2.1162267,2.417009,1.8460239,2.84204,2.8236787,3.1552951,3.1506753,2.4653158,2.648473,2.4586694,3.98419,2.5879927,2.6034193,3.1731634,2.119004,2.7124999,2.6430209,2.5735047,1.9805162,3.3721344,3.1079223,3.1156757,2.8087873,3.9292665,3.9308133,2.9573684,3.091075,2.1210651,2.193895,2.048066,1.9027238,3.0507596,2.3337362,1.9948269,2.2348669,2.238035,2.238035,3.1309958,2.9171276,3.6649628,2.9238217,3.6778936,2.8716114,3.288226,3.3117886,2.7028801,3.2340596,3.206009,3.587439,3.2733665,3.5824802,3.3516078,3.5284393,2.986251,3.53772,3.1811845,3.4370987,3.3191917,3.1916902,3.1821983,2.9031043,3.054011,3.0618262,3.101311,3.0116313,3.5162904,2.9937272,3.057191,2.7969644,3.3046155,2.816221,3.118518,2.93575,2.8318393,2.2670324,4.3671074,3.1510477,3.2778773,3.421169,3.0372324,2.819707,3.0976393,3.0825467
22,2.914109,2.8464208,2.7777405,2.8163717,2.0473723,2.3447871,2.0544212,2.0072494,3.2011979,2.9093657,2.1459012,2.4308887,3.174753,3.2093706,3.0106707,2.97387,2.276053,1.7524098,2.4365668,1.7580866,2.4787607,1.713025,0.0,2.274545,2.0492632,2.2704163,2.4822125,1.5680085,2.383806,1.7698538,2.0402052,1.8437128,2.08457,2.0797172,2.334654,2.0688488,2.2934818,1.9269966,2.160393,2.4327424,2.9470034,2.799665,2.7827337,2.7763324,2.6553714,2.6063406,2.8695252,2.3725426,3.116851,3.085548,3.2835455,3.280798,2.0649664,2.3154805,2.2526925,3.3570285,2.8588147,2.7845545,3.1821618,2.5561292,2.6606817,2.724807,2.932792,2.2516677,3.598739,3.3541045,3.4277673,3.394781,4.3005023,4.2595377,3.4216206,3.5226355,2.5873663,2.8689694,2.6466737,2.3752968,3.6878486,3.082876,2.6456869,2.6820812,2.7857704,2.7857704,3.043948,2.744367,3.0744905,2.5500686,3.653835,2.801991,2.9918263,3.0845876,2.804248,3.0789666,3.0366054,3.3217857,3.194876,3.2911654,3.7697554,3.8467796,3.458742,3.8788185,3.56816,3.8631902,3.661284,3.5651195,3.6113389,3.4147663,3.6174755,3.624563,3.4603162,3.4145324,3.518256,3.4276464,3.6493926,3.2534134,3.9709682,3.7694266,3.6468346,3.5062826,3.4423933,2.7880633,4.2726393,3.8137128,3.5953605,3.7752826,3.7042706,3.5998702,3.4466116,3.6729248
23,3.4655032,3.129886,3.3266082,3.3412282,3.0234144,1.7703362,1.5182756,1.3575506,3.081599,2.6229897,2.666111,2.0512977,3.038977,2.8647022,2.5619423,2.4830873,3.4051797,2.6731765,3.1922698,2.5154784,1.9925737,2.1134431,2.274545,0.0,1.2176874,1.5178494,3.002776,2.3304727,1.4967595,2.1314013,1.2358866,2.3789654,3.402204,3.394112,3.4050117,3.157165,3.124768,2.7409918,3.3625672,3.5616868,3.9477444,3.6287944,3.3432167,3.4989445,2.5572326,2.5776212,2.9762728,2.428693,2.8126068,2.9467435,3.4159033,3.3846173,2.3905964,2.6180172,2.507619,4.065552,2.9893878,2.7970383,3.1632533,2.6677268,2.8960898,2.9023287,3.1084993,2.7132196,3.8441694,3.7140326,3.561499,3.3509712,4.369947,4.3566985,3.5038972,3.700013,2.3253653,3.0081778,2.8236156,3.0758405,3.5951781,3.1783657,3.0140638,3.0309975,2.6848383,2.6848383,3.0786526,2.7555225,3.7564776,2.8051178,3.6364522,2.8108006,3.1820896,3.121398,3.0044763,3.3008456,3.150947,3.5859249,3.1349478,3.7168674,3.2209141,3.4877121,3.0817,3.709727,3.2957397,3.7172058,3.4438682,3.334123,3.8093135,3.4585018,3.67891,3.6825874,3.582422,3.4905589,3.6006143,3.5134234,2.708186,3.6049006,2.9298782,2.5255282,2.5914955,2.3572326,2.170964,3.0388675,3.9907124,3.046141,3.2657285,3.417232,2.4745162,2.3276074,2.5259173,2.8036695
24,2.8134243,2.6226563,2.6477482,2.6642609,2.4954739,1.4056544,0.8904373,0.77550906,2.6602068,2.0297885,1.7381141,1.3778268,2.543683,2.4166238,1.9124295,1.8315123,2.7820027,1.9201909,2.498409,1.7040132,1.2344804,1.5146313,2.0492632,1.2176874,0.0,0.8671871,2.3144395,1.4681486,1.5843586,1.3671705,0.4009291,1.6787075,2.8980174,2.8976872,2.9251482,2.656056,2.4691575,2.0749078,2.8888888,3.0973737,3.3542135,3.08692,2.8285599,2.9157655,2.149479,2.2239585,2.6297894,2.018003,2.8755891,2.7685328,3.688939,3.675343,2.2030625,2.3264925,2.0996823,3.5537004,2.4728606,2.0895972,2.7608654,2.3896563,2.553093,2.5485365,2.777437,2.32383,3.5870297,3.461497,3.2807508,3.0106165,4.1228595,4.117825,3.2444744,3.4254003,2.016602,2.607623,2.4454725,2.526875,3.4031985,2.8227882,2.5938532,2.719456,2.0960147,2.0960147,2.5181189,2.254464,3.416712,2.376598,3.1908164,2.2427762,2.5679119,2.5911732,2.4456604,2.813616,2.703152,3.157314,2.5575266,3.2577152,2.896755,3.1555276,2.8611386,3.4272199,2.9762976,3.4472594,3.131061,3.0206301,3.4107704,2.9500253,3.0800674,3.0670085,3.160855,3.0424685,3.1083825,2.9732947,2.6153157,3.0483067,2.9099567,2.5743523,2.5759468,2.357242,2.2480874,2.4911046,3.7768102,2.8406703,2.9711063,3.1058934,2.4116476,2.309416,2.4284627,2.634394
25,2.8231752,2.6469927,2.894671,2.8961494,2.4358184,1.189167,0.731937,0.61675733,2.6775916,2.0586452,1.9982309,1.7468964,2.4930403,2.4023015,2.084199,1.7912415,2.9624,1.7634501,2.3767138,2.0926104,0.86559284,1.3132992,2.2704163,1.5178494,0.8671871,0.0,2.5515425,1.7410208,1.2303123,1.3100901,1.1090527,1.4527074,2.7314777,2.7366729,2.7820604,2.518769,2.4389338,2.382402,3.0252593,3.2191255,3.4776146,3.2176929,2.994207,3.0600677,2.0955718,2.1858037,2.6275263,2.0104573,3.0014544,2.9999177,3.849798,3.845593,2.5675416,2.747979,2.5612934,3.8568237,2.279425,2.2031286,2.940716,2.2606394,2.7645533,2.656133,2.641169,2.192052,3.5744526,3.409713,3.226355,2.9675455,4.1314445,4.1218204,3.1952598,3.4116309,2.1946826,2.3876586,2.2844038,2.3770196,3.3206055,2.72099,2.4208028,2.6221282,2.0639396,2.0639396,3.0727456,2.8785162,3.824794,2.938231,3.6331239,2.806871,3.1227758,3.1920843,2.7016668,3.3036153,3.2050655,3.5956357,3.054594,3.6748857,2.8878434,3.15071,2.8852098,3.4290977,2.9766185,3.4183419,3.121937,3.0120783,3.4129188,2.9826818,3.080481,3.0609286,3.2065024,3.0749087,3.5619972,3.010885,2.6159337,3.0805314,2.9355853,2.459011,2.788236,2.4819765,2.4472036,2.6959653,4.204616,2.8653064,2.9331815,3.0810525,2.537652,2.2642236,2.5460727,2.6236415
26,2.608321,2.7405584,2.4869854,2.506487,2.9655342,2.9673207,2.4824336,2.5319867,3.5695522,3.0705988,2.3491347,2.720495,2.8756323,3.4316747,3.095697,3.016676,1.4119322,2.2153168,2.2274668,2.2708995,2.7502394,2.475264,2.4822125,3.002776,2.3144395,2.5515425,0.0,2.0138035,3.0468018,2.223111,2.3600137,2.71005,3.058668,3.1319098,3.2716358,3.0853543,2.7554204,2.245618,2.9122262,3.1974223,3.0078585,2.668709,3.0006382,2.3975801,2.877833,3.2484267,3.0239503,2.7149408,3.7059824,3.5728202,4.1980467,4.2477827,2.344176,2.292205,2.555443,3.5945296,2.4874685,2.00301,2.781543,3.0857723,2.6949153,2.6498468,2.8782742,2.5182257,4.729796,4.63362,4.576535,4.390217,5.144733,5.138652,4.544537,4.588523,3.1683295,2.8234842,3.3701644,3.150232,4.133062,3.5036783,3.354548,3.5416312,2.1594453,2.1594453,2.415598,2.217012,3.369004,2.5093346,3.286894,2.3512714,2.573629,2.652829,2.6520913,2.8020134,2.5415971,2.3971727,2.4156044,3.065436,3.7536523,3.923381,3.754854,3.2011275,3.308338,3.6992738,3.4373927,3.3043332,3.409408,2.9445677,2.9880943,2.9717886,3.4989655,3.3324142,3.147412,3.0939639,3.3591523,2.6591182,3.543161,4.1091714,3.7624915,3.71771,3.7750447,3.043993,4.1631,3.9625618,3.5194576,3.6322796,3.2263515,3.6392956,3.1260967,3.3470793
27,2.2862678,2.3621135,2.130865,2.1384058,2.0234523,1.9943566,1.4030296,1.5825995,2.4986365,1.9972816,1.0563798,1.6404355,2.493642,2.677082,2.1451085,2.2888043,2.1570604,1.3112472,2.0432744,1.0752084,1.8981886,1.408505,1.5680085,2.3304727,1.4681486,1.7410208,2.0138035,0.0,2.340637,1.3482167,1.5502677,1.5190704,2.511281,2.5184572,2.5353055,2.281393,2.0100496,1.5820086,2.589881,2.8164883,2.7805521,2.4657915,2.307155,2.2793043,2.7074814,2.7710588,2.9061496,2.4585786,2.9718094,2.8069265,3.6892257,3.6881828,2.1611438,2.1857455,2.0897791,3.1715395,2.4334624,2.2191768,2.802683,2.449686,2.3357701,2.5542169,2.8523662,2.1854122,3.500497,3.6182804,3.4870596,3.18598,4.184117,4.167261,3.3445728,3.3062513,2.378677,2.6650133,2.5984397,2.1896706,3.6086998,2.9159138,2.6243596,2.8155193,2.2707853,2.2707853,2.6419904,2.3455424,3.3192258,2.3436723,3.2795768,2.350927,2.6993392,2.774984,2.211236,2.5366836,2.758612,3.1316326,2.6603894,3.274197,3.2887073,3.2607923,3.2018683,3.6155937,3.278318,3.6884427,3.1941304,3.284608,3.2362084,2.9282994,2.8261042,2.8516595,3.1220796,3.120025,3.1218734,2.8296053,3.4114609,2.8818142,3.6469934,3.4309468,3.506738,3.3697553,3.1626837,2.3262131,4.252704,3.472759,3.5599434,3.727188,3.2889128,3.2343252,3.2199538,3.3718958
28,3.1908555,2.9759014,3.3089967,3.298757,2.750742,1.547556,1.6123186,1.4282509,3.414148,2.7737722,2.7496614,2.4954846,3.4424715,3.24312,2.7345967,2.4068944,3.399995,2.2304955,2.6028602,2.5160637,1.7908983,1.749163,2.383806,1.4967595,1.5843586,1.2303123,3.0468018,2.340637,0.0,1.8805858,1.6604152,1.941489,3.1142824,3.1068919,3.1454663,2.9367065,2.8883984,2.8542712,3.384404,3.5294323,3.8893228,3.6296887,3.3859894,3.4662921,2.5124176,2.5062914,2.9037316,2.4495015,3.2860537,3.5143447,3.797395,3.7995958,2.9320488,3.1122932,3.0816166,4.36942,3.1029718,2.4041352,3.6065493,2.7994795,3.3670542,3.280232,3.2561038,2.888442,3.9520683,3.4717298,3.4625943,3.172512,4.4345775,4.4261465,3.494138,3.753242,2.5412812,2.7448292,2.6130886,2.7597723,3.4342334,2.9073586,2.6483188,2.8042643,2.5166583,2.5166583,3.2856576,3.2482853,4.2346964,3.5352178,3.954283,3.2201486,3.5196009,3.533611,3.0548863,3.610509,3.4687462,3.8886523,3.4100692,4.038251,3.4963531,3.7361872,3.3200157,3.9157958,3.51366,3.8730948,3.6669686,3.558227,3.7162259,3.3606577,3.5185852,3.4969304,3.452674,3.3065507,3.9100566,3.3871012,2.8681805,3.3909996,3.1554282,2.620235,2.860602,2.6578271,2.5681744,2.943544,4.2952905,3.1866007,3.3850062,3.244947,2.876789,2.4552104,3.0945284,2.8595967
29,2.7175376,2.7046287,2.7087066,2.7188575,2.265107,1.5869546,1.3336618,1.2561079,2.7832975,2.2207658,1.5200986,1.8043736,2.812455,2.7748075,2.5376096,2.249774,2.5695899,1.3358016,1.7384678,1.4612637,1.282133,0.9604625,1.7698538,2.1314013,1.3671705,1.3100901,2.223111,1.3482167,1.8805858,0.0,1.4561839,0.7596517,2.103869,2.1131215,2.1880488,1.8420757,1.8014145,1.4586289,2.3334506,2.5757847,3.1179514,2.695885,2.669891,2.705604,1.7254432,1.8547636,2.2765493,1.69455,2.9194753,2.840939,3.409317,3.4169822,2.1929421,2.5573752,2.1419408,3.739173,2.3611143,2.144488,2.907376,2.2024243,2.6194386,2.5482159,2.5812514,2.110969,3.6330917,3.431421,3.0688796,3.1286159,4.209714,4.2149124,3.2438774,3.461121,2.2130015,2.363004,2.130842,2.0159466,3.1229646,2.5157714,2.1204398,2.1669703,2.0438547,2.0438547,2.825542,2.6155481,3.5211496,2.6520398,3.5017447,2.655665,2.8484335,2.8710864,2.532108,2.9443836,2.8269658,3.2598498,2.9165308,3.4100742,3.0856454,3.3395903,2.9390326,3.425158,3.0451899,3.6042008,3.207681,3.0540185,3.3700662,2.9098992,3.1032057,3.0974853,2.954204,2.8664792,3.2293496,2.831825,2.9505959,2.637536,3.2515857,2.8389971,2.9839664,2.8103292,2.7716568,2.1794572,4.1392536,3.0709271,3.1064117,3.2132003,2.7153785,2.601348,2.8145208,2.8648891
30,2.9748998,2.7872272,2.7501106,2.7785358,2.4928725,1.549941,1.0864342,0.96351403,2.796733,2.1990526,1.8316008,1.4703934,2.6792054,2.5570915,1.9921528,1.9631189,2.7569072,2.0219474,2.6165154,1.6575223,1.3455545,1.6065307,2.0402052,1.2358866,0.4009291,1.1090527,2.3600137,1.5502677,1.6604152,1.4561839,0.0,1.7579675,2.8788233,2.8710458,2.955419,2.682681,2.5551457,2.0382688,2.7871463,3.0080202,3.4165525,3.1122465,2.7815335,2.9330356,2.2240922,2.2865603,2.6958613,2.1616628,2.8902535,2.7370825,3.5766585,3.573988,2.200047,2.293807,2.055372,3.6061306,2.6418245,2.1048954,2.8146882,2.4800425,2.578174,2.57606,2.8799868,2.4914782,3.6525366,3.4098685,3.2915304,3.0304794,4.2038035,4.2075963,3.2684066,3.4805915,2.1033556,2.7987573,2.5300891,2.6277788,3.4251213,2.9139469,2.6734617,2.8039541,2.2548099,2.2548099,2.518333,2.2630486,3.4216564,2.4596508,3.251128,2.3022861,2.592483,2.5737379,2.5657375,2.8389606,2.6752675,3.1548443,2.5433803,3.1708822,3.1591249,3.425586,3.052173,3.6269426,3.1740727,3.5992265,3.3370655,3.2253966,3.5693927,3.1566281,3.2731037,3.2557256,3.3478355,3.2246342,3.1885207,3.168942,2.7833867,3.1740768,3.078014,2.7501047,2.651652,2.4700587,2.3663485,2.6086724,3.627965,2.869603,2.9766376,3.069762,2.499691,2.4138548,2.540784,2.7487762
