,0,1,2,3,4,5,6,7,8,9,10,11,12,13,14,15,16,17,18,19,20,21,22,23,24,25,26,27,28,29,30,31,32,33,34,35,36,37,38,39,40,41,42,43,44,45,46,47,48,49,50,51,52,53,54,55,56,57,58,59,60,61,62,63,64,65,66,67,68,69,70,71,72,73,74,75,76,77,78,79,80,81,82,83,84,85,86,87,88,89,90,91,92,93,94,95,96,97,98,99,100,101,102,103,104,105,106,107,108,109,110,111,112,113,114,115,116,117,118,119,120,121,122,123,124,125,126,127
0,0.0,0.3670157,0.6873636,1.0772314,2.6820436,2.6946213,2.9459355,2.4026933,2.224806,3.7247486,1.9982779,2.6931562,2.2891467,1.7141742,2.0820944,1.6326495,2.5378222,2.6544936,1.4339379,2.5105567,3.5478084,1.9729582,3.053268,2.9971817,2.0980413,2.55247,2.9668157,2.6667447,3.1976624,3.0226643,2.5584476,2.6148422,3.787729,3.8813856,3.8684871,3.286331,3.8421035,3.331261,3.238581,3.09439,3.3916638,3.4383156,2.6542811,3.2678072,3.4563649,3.552989,3.6922102,3.880056,2.6012785,2.9439604,3.1909974,3.006112,3.3203201,3.5449247,3.1659427,3.098454,3.0213866,2.834597,2.9015558,2.9826384,2.6469436,2.3817801,2.691908,2.7254605,2.36169,2.5938346,2.5599325,2.2652707,2.1066759,2.0521772,2.9020379,2.8732624,2.0996053,2.5381286,2.7756507,2.3493464,2.568456,2.8385184,2.515591,2.5944908,1.7367297,2.0282786,1.9338365,1.9958421,2.5735307,2.0561101,1.9778707,2.0146937,2.4443235,2.7553563,2.1314168,2.6783736,1.2053835,1.8776922,2.1095684,1.806489,1.8314927,1.6180495,1.8920667,2.063957,2.7302268,2.687245,2.0300906,1.9533865,2.0138361,1.9319934,2.2296317,1.7658466,1.8285607,1.5051707,2.1676538,2.1683617,2.550035,2.1237748,2.767243,2.7429261,2.0034869,2.0275927,2.0689268,2.3702796,2.1244903,2.0736494,2.6972625,1.9170467,2.6549058,2.7354846,1.7022382,1.7097955
1,0.3670157,0.0,0.6884159,1.0475132,2.593898,2.5907383,2.8253534,2.4155047,2.1770344,3.7998896,2.0184648,2.67165,2.286748,1.7171129,2.0352058,1.68251,2.5546637,2.6488223,1.3866354,2.5295386,3.5342581,1.9249641,3.0745912,2.9698355,2.1406178,2.5329616,2.9535627,2.7020862,3.1419826,2.8966784,2.5810847,2.5844362,3.6862628,3.8569415,3.7927778,3.2049413,3.7700987,3.2866154,3.1570625,3.0045376,3.3518143,3.390714,2.6984425,3.1903274,3.3988247,3.479734,3.5756407,3.7965772,2.769019,3.061321,3.3128238,3.2003102,3.4005187,3.6399183,3.2139473,3.1506793,3.097156,2.9590614,2.9879925,3.111821,2.7118285,2.4492435,2.770911,2.8637962,2.2405586,2.5137227,2.5288959,2.1925228,1.9687371,1.9247929,2.7586043,2.7023244,1.9837898,2.5032334,2.7119772,2.3244298,2.5263782,2.7833078,2.404465,2.5792148,1.5388848,1.8927999,1.775438,1.8018749,2.61566,2.061382,1.8963234,1.9659343,2.3126075,2.5822484,2.2185817,2.602486,1.246352,1.8438994,2.0288606,1.7420819,1.872985,1.6893358,1.8744732,2.0776358,2.6933327,2.6309092,2.029814,1.9322793,2.0890448,1.9431919,2.1998653,1.7848854,1.9190698,1.5712711,2.248898,2.2489967,2.5258043,2.1313376,2.6836505,2.6776738,2.0489905,2.0860133,2.1311398,2.3907645,2.0913792,2.005724,2.7711372,1.9316642,2.724267,2.6958015,1.6495619,1.6499306
2,0.6873636,0.6884159,0.0,0.8952083,2.2007103,2.2590287,2.521209,2.168225,1.826217,3.6023805,1.6465906,2.2190638,2.038385,1.4308498,1.6740731,1.4317924,2.2655213,2.3488283,0.969859,2.2036293,3.2798367,1.618569,2.7864735,2.7775578,1.7875705,2.2957587,2.7534757,2.3953946,2.763634,2.6238883,2.2792335,2.2883544,3.4120305,3.4921932,3.5332606,2.9286418,3.5258627,2.9610379,2.8552146,2.675173,2.9988441,2.9848804,2.6464434,2.833802,3.0498831,3.1786497,3.329954,3.4807248,2.794368,3.1148164,3.2028053,3.1358361,3.2035825,3.3186135,2.9225185,2.9168594,2.8498363,2.759382,2.7830298,2.8593738,2.3268352,2.2339087,2.4702067,2.5493703,2.181458,2.4488628,2.4436386,2.1275916,1.896677,1.8025125,2.7994847,2.7840204,1.9914347,2.5041583,2.6703913,2.1930168,2.4546404,2.6932707,2.3732653,2.4915972,1.6284084,1.9072642,1.7783651,1.829925,2.5242949,1.9940739,1.788034,1.8594604,2.0727768,2.490495,2.429676,2.3952067,1.028075,1.6483791,2.0420568,1.7626492,1.6302025,1.5909009,1.8682619,1.9978185,2.4451315,2.4627254,1.8552357,1.8016359,1.8158029,1.7406229,2.1187358,1.6477894,1.7658753,1.4355255,1.9967254,1.9973854,2.4612362,2.1375678,2.6664765,2.6790147,1.9399064,1.9438362,1.9840117,2.2978182,1.9072354,1.8928045,2.5761392,1.8895293,3.1297643,2.6337402,1.6260208,1.6380476
3,1.0772314,1.0475132,0.8952083,0.0,2.2198567,2.2547996,2.5005426,2.0633476,1.3623326,3.4241421,1.128215,1.9248891,1.7359489,1.8215766,1.210967,0.75775474,2.0057902,2.1138935,1.239843,1.9608697,3.1883855,1.0637871,2.639349,2.6052306,1.931721,2.1045835,2.429075,2.1452246,2.5757372,2.3633738,2.4256055,2.0218062,3.0977862,3.1693113,3.155192,2.4619079,3.1322854,2.6555622,2.306663,2.1449914,2.5216138,2.5499413,2.0649693,2.3662148,2.5419939,2.679838,2.8825545,3.0587358,2.5982456,2.962553,3.1082997,3.0567997,2.930613,3.1682816,2.7639384,2.9444811,2.6057231,2.6036947,2.534053,2.6566374,2.1445372,2.0326195,2.182134,2.35426,1.8037881,2.0598602,2.3761191,2.1196702,1.9419545,1.8403502,2.7463775,2.7162719,2.030592,2.4659917,2.340737,2.1852856,2.0890698,2.299646,2.424273,2.345083,1.4421719,1.8469044,1.7479198,1.8358636,2.3993115,1.9165391,1.7353758,1.8490593,2.0603251,2.4534876,2.1906018,2.256875,1.1227887,1.7053549,1.8221004,1.6227666,1.611688,1.5461774,1.8216972,1.4397852,2.083092,2.0803084,1.8850062,1.6330119,1.8602477,1.4141916,2.0391622,1.6588523,1.6798443,1.4808424,1.9898951,1.9772365,2.3054996,2.1888788,2.4428816,2.5063837,1.8885797,1.8758727,1.8766717,2.1186588,2.0551004,2.015137,2.5282187,1.9154778,2.9410417,2.4129944,1.6157631,1.6741936
4,2.6820436,2.593898,2.2007103,2.2198567,0.0,1.0433803,1.3475859,1.8152603,1.7351909,3.6667266,2.041194,1.9691525,1.5660244,1.4863814,1.6857224,2.1643438,1.7240474,1.6967273,1.9988232,1.3933389,2.364096,2.0009718,1.8821052,1.9986434,1.4901744,1.9577031,2.1667984,1.9020503,1.6284779,2.6627707,1.7364929,1.4153,3.3748553,3.4590569,3.4672306,2.96926,3.3008292,2.8420997,2.7928731,2.6061673,2.9227216,2.2879393,3.2007878,2.316563,2.4242787,2.606871,2.8405483,2.9496326,3.753352,4.0699425,3.6071458,3.5794604,3.5639682,3.586295,3.1995144,3.1936495,3.1197002,3.3100264,3.2161021,3.344288,2.764247,2.8551896,2.872084,2.8248827,2.4996374,2.7260187,2.9293265,2.7285092,2.5069015,2.4313962,3.0611913,3.0716693,2.7149713,3.4018903,3.0445104,2.7927535,2.828513,2.9258738,2.936651,2.9675517,2.5256655,2.6554558,2.4810157,2.5099533,3.541451,3.1154256,2.2757692,2.4367127,1.918541,2.3804936,3.4422183,2.28657,2.1725118,2.172087,2.3677642,2.6891658,2.1980734,2.4137797,2.525841,2.3532884,2.7897077,2.7469125,2.372175,2.298589,2.462086,2.1425638,2.8001263,2.463535,2.4989703,2.366479,2.5349834,2.5459032,3.218513,3.338105,3.3534045,3.4890108,3.0548153,3.089682,3.1045063,3.2892854,2.7230213,2.6894913,3.0942085,2.676853,4.3552985,3.1558383,2.606557,2.669104
5,2.6946213,2.5907383,2.2590287,2.2547996,1.0433803,0.0,1.5323617,1.9348558,2.0905907,3.8658016,2.3223052,2.3227532,1.6165793,1.7253917,1.7880272,2.2027924,1.7028792,1.6889454,2.1512952,1.3843434,2.3592012,2.134742,1.9244648,1.9858519,1.6326176,1.654559,2.0699203,1.851838,1.7369586,2.5908453,1.9212706,1.4138262,3.1801248,3.4389894,3.2551672,2.8768032,3.6396887,3.335274,2.8542633,2.6707282,3.014023,2.4339783,3.171572,2.3466568,2.6869822,2.8610847,2.8835,3.1102636,3.6119158,3.9244657,3.5049896,3.660204,3.5140402,3.5319672,3.373598,3.393921,3.0987499,3.2903996,3.1431813,3.283049,2.7196026,2.8191595,2.8148994,3.003587,2.0693321,2.3822064,2.699826,2.4570777,2.1569877,2.0825691,2.8578641,2.871615,2.400357,3.192349,2.687894,2.5446353,2.5397468,2.6758637,2.7758756,2.6754487,2.4314828,2.635865,2.4857614,2.4782495,3.7342415,3.2903855,2.2245073,2.454396,2.2657528,2.6936648,3.5306814,2.5782526,2.271489,2.509422,2.6192381,2.665532,2.4607148,2.635555,2.7931058,2.4875925,2.6673086,2.6454146,2.6588435,2.4969096,2.6167073,2.3621507,2.7915075,2.4818366,2.8436708,2.5326436,2.7864046,2.794088,3.1595159,3.313527,3.5301418,3.6735346,3.1787674,3.2228203,3.2263715,3.4096909,2.5800962,2.5726771,3.3005981,2.7108145,4.1965656,2.9541342,2.5228314,2.5195072
6,2.9459355,2.8253534,2.521209,2.5005426,1.3475859,1.5323617,0.0,1.9887383,2.2234507,4.070242,2.344546,2.2928495,1.9973422,2.0954044,2.0924768,2.487617,1.9737033,1.9282929,2.392948,1.6995426,2.4984846,2.3321075,2.1242573,2.1889145,1.9191009,2.2030232,1.6070132,2.1066222,1.7626091,2.6886175,2.1584527,1.6452814,3.4352121,3.6779737,3.7541213,3.224132,3.5421877,3.2254066,3.1049411,2.8265262,3.1745582,2.6645758,3.3824806,2.5995367,2.7902937,3.0038729,3.3125217,3.3369753,4.0159826,4.2751846,3.8528285,3.9226649,3.8766177,3.852564,3.4789526,3.6732068,3.5705554,3.7756035,3.5608845,3.678884,3.0522656,3.1316302,3.2065735,3.2398696,2.7812347,3.0594878,3.6479487,3.088819,2.90849,2.9073584,3.0143638,3.0391297,3.1811411,3.8205795,3.3392644,3.2509596,3.2129714,3.2603688,3.394097,3.3740938,2.8477862,2.7287147,2.8216336,2.508338,3.8862255,3.5324147,2.3170276,2.6381164,2.25723,2.55221,3.8042405,2.439753,2.5900092,2.2236342,2.4962652,3.114997,2.640074,2.8381743,2.9337666,2.6749,2.8968697,2.983955,2.8795505,2.4494755,2.808855,2.5432503,3.1501067,2.8192332,2.9832735,2.7841098,3.3961053,3.4055507,3.258,3.392514,3.4002638,3.4945915,3.1947424,3.199811,3.221487,3.3811371,2.6699142,2.6404693,3.276024,3.261911,4.4225163,3.2032468,2.7038705,2.7372284
7,2.4026933,2.4155047,2.168225,2.0633476,1.8152603,1.9348558,1.9887383,0.0,2.251473,3.7198567,1.8763553,2.3179657,1.429048,1.6421882,2.1242135,2.0219765,1.6638141,1.7032348,2.2559755,1.4586197,2.5908842,2.236348,1.8137987,1.973062,1.5281922,1.7715485,2.0786958,1.8019255,2.0375986,3.1363451,1.8903975,1.6406898,3.9706793,3.8822334,4.0560126,3.6046557,4.1675878,3.76512,3.484043,3.131967,3.3337986,3.0396159,2.9590218,3.0207033,3.0317607,3.3374648,3.445853,3.347756,3.1832395,3.3910239,2.9444246,3.049403,3.304697,3.471312,3.119519,3.4554932,3.2596307,3.2813406,3.0178716,3.0926545,2.7457871,2.682069,2.7105753,2.6853378,2.6551383,2.7787402,2.988777,2.8653636,2.6388304,2.677362,3.6896353,3.67515,3.0090036,3.6425784,3.2090762,3.0189762,2.947515,3.1004577,3.176555,3.1409144,2.6194084,2.7230604,2.6707196,2.7549093,3.7501256,3.3487914,2.6093822,2.6456385,2.8706129,3.2852626,3.1805413,2.9388866,2.0454257,2.5959795,2.6092649,2.6726084,2.4706779,2.4331822,2.6832998,2.3228889,3.0646553,3.3440447,2.9834487,2.7384138,2.651149,2.356294,2.8970456,2.553682,2.4271636,2.4426699,2.6890085,2.6960764,3.759461,3.724082,3.8299346,3.9110444,3.1224563,3.1427777,3.1506286,3.3380833,2.966668,2.9471078,3.115691,2.71345,3.6914012,3.167992,2.6752868,2.7298884
8,2.224806,2.1770344,1.826217,1.3623326,1.7351909,2.0905907,2.2234507,2.251473,0.0,3.2245014,0.8855201,1.0558635,1.6770679,2.1079268,0.8545467,1.1010989,1.9272068,2.0056014,1.719198,1.8133584,2.9032838,0.9069553,2.57663,2.5962403,2.058428,2.2657864,2.356074,2.0037038,2.234634,1.9751651,2.4285119,1.8103495,2.621785,2.840703,2.9081075,2.1923213,2.2255414,1.8739805,1.6868508,1.5402116,2.1116407,1.8521293,2.5303922,1.6639836,1.8224345,1.990383,2.2498164,2.3058276,3.3643665,3.779283,3.634623,3.542836,3.2066226,3.341713,2.860669,3.0148985,2.7631023,2.9555998,2.8629932,2.9803023,2.4401002,2.4135623,2.5351827,2.41755,2.1498973,2.4320848,2.8146925,2.6851475,2.498245,2.3623958,3.1128201,3.0907457,2.5967443,2.9706564,2.5969965,2.6526074,2.4462142,2.5192742,2.8924155,2.673639,2.0908225,2.513144,2.2501092,2.374795,2.6146657,2.2823524,2.1281505,2.2444656,1.8268782,2.3109198,2.9140322,2.0120823,1.796112,1.8578507,2.1162784,2.241653,1.7763882,1.976568,2.2004566,1.5572441,1.8245736,1.8282768,1.938381,1.7390326,2.022563,1.4593114,2.5503368,2.150496,2.0173216,1.9447608,2.0765858,2.0687914,2.437272,2.628284,2.790834,2.9329774,2.2770705,2.2608657,2.2341602,2.4973767,2.3975942,2.4077964,2.847133,2.30883,3.9918466,2.832356,2.3135397,2.3896015
9,3.7247486,3.7998896,3.6023805,3.4241421,3.6667266,3.8658016,4.070242,3.7198567,3.2245014,0.0,3.2384698,3.4718091,3.415404,3.653785,3.2473094,3.1233783,3.7879853,3.8706567,3.4270635,3.6809576,4.4053135,3.1347804,4.3558087,4.137103,4.002365,3.9530163,4.056403,3.9507022,4.083476,3.933497,2.83317,3.7445614,4.185167,3.4401295,3.2246695,3.8386474,3.9717844,3.6628838,3.7374663,3.3823981,3.4780917,3.5133405,3.7667484,3.4346852,3.3703356,3.4536552,3.7739933,3.8766866,4.058723,4.3524966,3.8841038,3.8663714,3.2560308,3.5843177,3.8137362,4.0490966,2.7233632,2.822201,2.8547966,2.9322743,4.0433903,3.9371119,3.821757,2.990307,3.4124975,3.5117652,3.8007233,3.7264335,3.5778773,3.503433,3.9810848,3.9057388,3.6873586,3.8923867,3.7026284,3.699549,3.41432,3.698332,3.7647552,3.6710541,4.4148355,4.5832934,4.632598,4.6923175,3.122023,2.7594466,3.4591281,2.8748722,3.3734317,3.6290653,3.2863407,2.6606119,3.2477088,3.384903,3.4681764,3.463405,3.355759,3.4197102,3.5325713,3.1675615,3.8581636,3.7834966,3.533211,3.3336747,3.5495121,3.2733507,3.6932454,3.5147455,3.0678744,3.445973,3.5499823,3.5444703,3.6034303,3.761356,3.876396,3.9284725,3.5315845,3.5512283,3.5346923,3.6608303,3.7664313,3.7704823,3.830114,3.5434918,4.63504,3.8155448,3.5822058,3.6180084
10,1.9982779,2.0184648,1.6465906,1.128215,2.041194,2.3223052,2.344546,1.8763553,0.8855201,3.2384698,0.0,1.1654496,1.6060535,2.0605814,1.0521672,0.8351052,1.9025145,1.9654646,1.5379581,1.781651,3.0989532,0.92811793,2.5604677,2.6888945,2.0107372,2.2410269,2.297689,1.9787822,2.3633645,2.2261221,2.419789,1.8730546,2.8937376,2.9187374,3.1145194,2.3507824,2.7574072,2.2927701,2.0441985,1.7364215,2.1224585,2.0966494,2.382007,2.0381632,2.001542,2.290059,2.6033683,2.5206578,3.0380795,3.4193087,3.2751253,3.207836,2.9761004,3.1414175,2.6075163,2.9935822,2.6963537,2.8107347,2.662413,2.7066746,2.184653,2.1487262,2.2380633,2.1776311,2.2788064,2.4420657,2.8165743,2.66845,2.5244558,2.4428117,3.336752,3.307916,2.6824257,3.03523,2.7135642,2.6739995,2.4902036,2.5828073,2.852254,2.7065825,2.108314,2.3942714,2.2433712,2.3769994,2.7044024,2.260646,2.1829474,2.245504,2.1448915,2.6527987,2.7416654,2.2670465,1.5745817,1.8733412,2.1428492,2.1914635,1.8346082,1.9228169,2.2343564,1.563627,2.0634196,2.27782,2.1870942,1.9242009,2.022863,1.5407792,2.4910576,2.1202435,1.9398617,1.9040321,2.1160827,2.1083703,2.703033,2.7555299,2.9188445,3.0319335,2.1806204,2.1258388,2.110952,2.3864248,2.4705195,2.5052917,2.6652932,2.3700716,3.7055457,2.7675066,2.2705307,2.3584847
11,2.6931562,2.67165,2.2190638,1.9248891,1.9691525,2.3227532,2.2928495,2.3179657,1.0558635,3.4718091,1.1654496,0.0,2.0329142,2.428821,1.3859645,1.6507345,2.227248,2.2397227,1.9987527,2.11176,2.7353334,1.4000417,2.7901983,2.9051843,2.3347325,2.5289478,2.5909083,2.230157,2.311774,2.112297,2.620275,2.0581746,2.4878712,2.5879743,3.090291,2.6010158,2.5592976,2.1749232,1.957451,1.6342912,2.1513343,1.936407,2.9100227,1.8820087,1.8611664,2.169701,2.424632,2.2492402,3.6445944,3.9598866,3.7090795,3.7520132,3.362924,3.2692757,2.7579274,3.1665702,3.05556,3.262803,3.097307,3.1569796,2.5048795,2.6234863,2.6673503,2.3765354,2.6123078,2.7735422,3.103083,2.9581442,2.81194,2.7237463,3.5730863,3.5614946,3.037995,3.2402532,2.9930315,2.975602,2.8384743,2.8629627,3.157288,3.0235846,2.515514,2.8071418,2.5660977,2.6743145,3.050556,2.6662095,2.4631078,2.5745125,2.1964648,2.6782608,3.6773107,2.3465264,2.1073196,2.1631894,2.4892576,2.6301465,2.1875014,2.4201038,2.6484895,2.1245337,2.2275,2.469235,2.4740698,2.3128083,2.3461328,1.9237034,3.1609833,2.5258563,2.4475193,2.356818,2.420667,2.411995,3.0286891,3.176179,3.414536,3.5554605,2.6238663,2.579635,2.5598528,3.048593,2.9810193,3.0255492,3.257881,2.5832524,4.604205,3.3338675,2.934614,3.0188339
12,2.2891467,2.286748,2.038385,1.7359489,1.5660244,1.6165793,1.9973422,1.429048,1.6770679,3.415404,1.6060535,2.0329142,0.0,1.5555494,1.6964408,1.461776,0.7549958,0.76092476,1.996748,0.95251393,2.17756,1.8280888,1.7203903,1.5105673,1.6342616,1.2733582,1.8233871,1.0677605,1.5931168,2.500197,1.6597697,0.76050574,3.4150467,3.301723,3.5330105,2.8969393,3.4090471,3.0911715,2.742707,2.5821514,2.8416886,2.3529785,2.2773907,2.207239,2.3757079,2.4681005,2.817782,2.9250581,3.0555813,3.2983263,2.6657767,2.915744,2.7583284,3.0204675,2.6085467,2.8736913,2.8832836,3.0006423,2.8751097,2.953962,2.6040032,2.5315933,2.5984132,2.5887604,2.3926814,2.451221,2.8287468,2.6844118,2.649534,2.5649722,3.1886184,3.1537776,2.7721562,3.3912177,2.8181055,2.8271377,2.607734,2.768044,2.954572,2.8642757,2.3442261,2.558598,2.535899,2.6097949,3.4407268,2.9811647,2.4007096,2.4796414,2.507919,2.9281576,2.8858142,2.6779053,2.0677435,2.3897207,2.422966,2.26589,2.2982888,2.334755,2.6396353,1.9929838,2.5489013,2.5577269,2.6142485,2.3036027,2.4321208,2.117339,2.797543,2.4379818,2.458783,2.3564875,2.5682747,2.567272,3.1235392,3.1845508,3.3306653,3.3982577,2.9015076,2.8754487,2.8517861,3.0546708,2.7866244,2.814884,3.0102997,2.6503286,3.5539627,2.9126573,2.5763018,2.6502364
13,1.7141742,1.7171129,1.4308498,1.8215766,1.4863814,1.7253917,2.0954044,1.6421882,2.1079268,3.653785,2.0605814,2.428821,1.5555494,0.0,2.0544114,1.9584091,1.8536905,1.8875315,1.4897003,1.6884668,2.758723,2.1303165,2.1790965,2.2715502,1.1847997,1.9516423,2.5035844,2.0143323,2.3876228,2.9933457,1.5480186,1.8156159,3.9020422,3.9820733,3.977029,3.467121,3.9222615,3.3981397,3.4009132,3.2107546,3.4987884,3.1364071,3.1401544,3.098111,3.140259,3.2770574,3.4311585,3.5579557,3.1737387,3.5134146,3.0887847,2.9811857,3.3640804,3.5305555,3.1018348,2.9300723,3.1155965,3.074187,3.1188905,3.1581767,2.7529893,2.5892792,2.7998865,2.73009,2.6125808,2.7194915,2.5857792,2.3747551,2.3094316,2.2487237,3.0201788,2.9996493,2.3316536,3.0377936,2.960891,2.4596543,2.7592504,2.956835,2.5122995,2.693933,2.1600626,2.3190176,2.1060503,2.1994615,3.221469,2.6962466,2.1219952,2.1319041,2.1344402,2.6162264,2.7543256,2.5515015,1.5886093,1.961641,2.2901673,2.2298088,1.8675768,1.8652042,2.184498,2.278945,3.0548744,3.0416007,2.0911841,2.106263,2.0025752,2.0495954,2.4494581,1.9812696,2.0964034,1.8189131,2.1387434,2.161153,3.0779452,2.8778656,3.3059883,3.3596506,2.5561745,2.5895162,2.6280875,2.9041064,2.4913938,2.521158,2.762416,2.1456404,3.4665298,2.8954272,2.200519,2.2583423
14,2.0820944,2.0352058,1.6740731,1.210967,1.6857224,1.7880272,2.0924768,2.1242135,0.8545467,3.2473094,1.0521672,1.3859645,1.6964408,2.0544114,0.0,1.0359868,1.955857,2.0469189,1.594166,1.6916828,2.9584434,0.7921059,2.4468389,2.5569189,1.9504017,2.1645339,2.1482818,2.037157,2.218366,2.3012376,2.3157063,1.7579219,2.670296,2.6758544,2.6000607,1.822568,2.6404593,2.053202,1.7212212,1.4537407,1.8421205,1.7121292,2.4226139,1.6703717,1.8628144,2.1060777,2.5321126,2.681817,2.9987202,3.5257664,3.4378474,3.3124511,3.0151913,3.1490986,2.812308,2.9754076,2.3621185,2.568483,2.3940892,2.563114,2.0347748,2.0945833,2.087425,2.1074715,1.6715897,2.0487175,2.5207245,2.3059435,2.032598,1.9385815,2.8144841,2.8194377,2.2436361,2.6654434,2.445398,2.3404253,2.1044238,2.260043,2.6669018,2.4285417,1.9501398,2.2071118,2.1183264,2.2101102,2.7646275,2.2515953,1.811822,2.0027933,1.7692068,2.3835275,2.8023753,1.9232286,1.5660044,1.7259495,1.9691702,2.2603352,1.7887306,1.9084857,2.16533,1.4928275,2.00522,1.9416659,1.9763296,1.7166133,1.9020934,1.3626374,2.3011432,1.9674863,2.0280821,1.8023322,2.1356223,2.126974,2.2207758,2.4392235,2.629134,2.823421,2.127346,2.1575718,2.1463633,2.3599975,2.1344545,2.1561434,2.504425,2.2186775,3.8201234,2.5148482,2.0197716,2.059616
15,1.6326495,1.68251,1.4317924,0.75775474,2.1643438,2.2027924,2.487617,2.0219765,1.1010989,3.1233783,0.8351052,1.6507345,1.461776,1.9584091,1.0359868,0.0,1.7339938,1.867688,1.4761517,1.6592876,3.0274577,0.8564508,2.5034463,2.554819,1.9104106,1.93868,2.151904,1.8121539,2.449984,2.2922971,2.3165076,1.7619706,2.9529817,2.9802084,2.9059238,2.303112,2.953264,2.5202544,2.039135,1.8884307,2.257825,2.194974,1.9821969,2.0620978,2.1540327,2.3257003,2.650787,2.7933037,2.5261304,2.9906943,2.9414647,2.8729558,2.6581578,2.9096005,2.5883026,2.8246274,2.3326263,2.398871,2.3347864,2.3836827,2.012303,1.8768116,1.976279,2.045705,1.8271058,1.9918934,2.4518092,2.247984,2.209157,2.0781138,2.8528845,2.8378458,2.2112827,2.5610614,2.2246876,2.220988,1.9661405,2.134331,2.549952,2.2164636,1.8289244,2.15497,2.070964,2.1844888,2.3867872,2.0024388,1.8586128,1.9129851,2.1105022,2.5867078,2.2614625,2.1899414,1.3863797,1.8288279,1.9499986,1.8059286,1.6251593,1.6169347,2.0154402,1.193342,1.9503258,1.9650226,1.9288203,1.5780638,1.7927243,1.2952261,2.1704931,1.7345454,1.7439991,1.6016989,1.9839233,1.9723446,2.263666,2.3011003,2.644294,2.733114,1.9166662,1.8726534,1.840419,2.14536,2.2432272,2.2781518,2.4828038,2.0210087,3.1153677,2.3594818,1.8565584,1.9415109
16,2.5378222,2.5546637,2.2655213,2.0057902,1.7240474,1.7028792,1.9737033,1.6638141,1.9272068,3.7879853,1.9025145,2.227248,0.7549958,1.8536905,1.955857,1.7339938,0.0,0.39298022,2.324686,0.88997954,2.030788,2.1598635,1.5765746,1.2873032,1.5611206,0.98517054,1.6416404,0.52110785,1.3268158,2.579061,1.8925732,0.55335116,3.5912764,3.4621313,3.7462988,3.0876157,3.566974,3.2578857,2.8515673,2.793593,2.980063,2.3927372,2.3063257,2.2045803,2.577859,2.6398914,3.072669,3.1479638,3.1316988,3.2746997,2.7030945,3.0689075,2.8418512,2.9259303,2.6498911,2.8822372,3.0532467,3.1616478,3.0442598,3.0800078,2.5265996,2.5628974,2.6492524,2.787453,2.6157758,2.7332118,3.169434,2.961909,2.9310155,2.8213232,3.305378,3.3420625,3.0842266,3.6586432,3.0553885,3.051162,2.869744,2.978421,3.3932865,3.0832043,2.5743408,2.6696353,2.7576938,2.7592845,3.605055,3.3872788,2.6103175,2.803361,2.8278532,3.1951036,3.2125173,2.968227,2.398769,2.6535733,2.6735325,2.4800737,2.4868596,2.5670211,2.843568,2.2372663,2.41066,2.4595628,2.8186727,2.4707298,2.6443377,2.340376,2.9734755,2.6189668,2.652226,2.5742946,2.82804,2.8245525,3.2953904,3.3575854,3.5043132,3.5003111,3.1674895,3.1158257,3.0782254,3.257811,2.8119507,2.8224273,3.1353984,2.9513211,3.7284653,3.107643,2.6769319,2.7456305
17,2.6544936,2.6488223,2.3488283,2.1138935,1.6967273,1.6889454,1.9282929,1.7032348,2.0056014,3.8706567,1.9654646,2.2397227,0.76092476,1.8875315,2.0469189,1.867688,0.39298022,0.0,2.2979312,0.93934244,2.002608,2.2171972,1.5675527,1.3316264,1.6717135,1.109167,1.6931905,0.7435582,1.2499399,2.573,1.9601569,0.59465617,3.5696526,3.4282334,3.7437317,3.1027527,3.57525,3.264652,2.8381777,2.779901,2.973295,2.3488042,2.3702962,2.2143855,2.5723722,2.6260557,3.0733943,3.1522384,3.2571046,3.3664467,2.7096677,3.1053915,2.9314246,2.9847364,2.5988467,2.9338734,3.1581538,3.2878706,3.168706,3.2054605,2.6200497,2.6930096,2.7463255,2.8824573,2.747302,2.8483257,3.2879457,3.071883,3.029845,2.914058,3.3804,3.383855,3.1566737,3.7848473,3.1715589,3.17088,2.9864392,3.0953655,3.3646758,3.219216,2.64873,2.7093806,2.8048923,2.7959912,3.7535033,3.465478,2.7439287,2.9119356,2.8616168,3.2124228,3.373891,3.0709164,2.531271,2.750545,2.7838676,2.5869267,2.6747482,2.766122,3.0204582,2.4509025,2.554629,2.5920866,2.9821968,2.6384914,2.8360863,2.5358138,3.1507413,2.80579,2.8503888,2.7745786,3.008217,3.0052083,3.4217014,3.4712899,3.570669,3.5881464,3.3223672,3.262091,3.2341986,3.4268818,2.9632785,2.9698136,3.2954957,3.1193337,3.8718865,3.253291,2.8535361,2.919803
18,1.4339379,1.3866354,0.969859,1.239843,1.9988232,2.1512952,2.392948,2.2559755,1.719198,3.4270635,1.5379581,1.9987527,1.996748,1.4897003,1.594166,1.4761517,2.324686,2.2979312,0.0,2.112985,3.3824694,1.4111704,2.854005,3.0211442,1.8924125,2.4070952,2.7032673,2.4688416,2.7833893,2.5587528,2.2541153,2.2445571,3.199034,3.2870204,3.1000426,2.6508825,3.3477943,2.6607728,2.499825,2.2975588,2.6306653,2.5749693,2.8073735,2.6338212,2.6198933,2.7838273,3.05937,3.2451053,2.9224827,3.255343,3.16498,3.023548,3.145379,3.2198262,2.678587,2.7800052,2.6285849,2.6322296,2.7187383,2.733293,2.2049015,2.1314602,2.293238,2.3529925,2.2501097,2.400791,2.4804385,2.1350064,2.0035179,1.8741086,2.6872814,2.605204,1.8824872,2.4752808,2.614421,2.107215,2.3458955,2.525654,1.9042528,2.3283143,1.8134928,1.903079,1.7716293,1.8411576,2.530251,1.7885928,1.811704,1.7564327,1.6803776,2.1536007,2.5773509,2.1886914,1.2424852,1.5602434,1.9614788,1.841757,1.7362599,1.7841456,1.9967917,2.0734358,2.6154654,2.571236,1.8574468,1.8144976,1.9968305,1.7984377,2.2178583,1.7871076,1.9590566,1.6760238,2.1147482,2.1208048,2.5302331,2.281464,2.6851847,2.7795613,2.0515158,2.021665,2.085007,2.4468193,2.2892063,2.271391,2.605873,2.0930107,3.4361308,2.6710987,1.8730813,1.9437569
19,2.5105567,2.5295386,2.2036293,1.9608697,1.3933389,1.3843434,1.6995426,1.4586197,1.8133584,3.6809576,1.781651,2.11176,0.95251393,1.6884668,1.6916828,1.6592876,0.88997954,0.93934244,2.112985,0.0,2.2149806,1.8889428,1.1999015,1.6340051,1.1856233,1.3565338,1.3054985,1.0438293,1.5670419,2.745107,1.9592488,0.8836871,3.4780867,3.5477087,3.5133226,2.986912,3.5008612,3.171054,2.7511864,2.670196,2.9142888,2.3098118,2.5214565,2.3621182,2.5325432,2.743088,3.0495028,3.1388342,3.0505564,3.4546096,2.9769382,2.866575,3.193191,3.2518847,2.989701,3.1957688,2.91101,3.0273385,2.935244,2.9558327,2.4283953,2.4778824,2.43201,2.544263,2.4488428,2.604056,3.0480387,2.829208,2.7775533,2.665773,3.195193,3.2295218,2.8257148,3.4656727,2.8210027,2.792993,2.6175034,2.7299027,3.0917208,2.8176365,2.5641701,2.6266174,2.5861263,2.5960028,3.5128434,3.2403946,2.4057643,2.587645,2.5372744,2.9600635,3.0794034,2.7256618,2.2178142,2.4304087,2.5017703,2.654874,2.291755,2.3848715,2.6945422,2.0812757,2.5315404,2.55078,2.6105456,2.294089,2.4846876,2.133511,2.8165646,2.4578974,2.503414,2.400621,2.689383,2.6944919,3.1364892,3.2397447,3.4019167,3.5027049,3.0193589,2.9983764,2.9872236,3.1904182,2.700118,2.7102475,3.004959,2.7930453,3.692522,2.95239,2.520742,2.583213
20,3.5478084,3.5342581,3.2798367,3.1883855,2.364096,2.3592012,2.4984846,2.5908842,2.9032838,4.4053135,3.0989532,2.7353334,2.17756,2.758723,2.9584434,3.0274577,2.030788,2.002608,3.3824694,2.2149806,0.0,3.1571798,2.0846243,1.712315,2.599471,2.242472,2.5794418,2.0995598,1.8067801,3.3513396,2.6065636,1.9371839,3.9104028,3.6283503,4.4317694,4.2162657,4.124746,3.9702263,3.6912756,3.6365786,3.9058948,3.2160285,3.0978713,3.0402296,3.415013,3.4431694,3.710828,3.7755523,4.026973,4.1419435,3.4640775,3.81789,3.83668,3.6413894,3.4497738,3.7994354,4.004376,4.1363864,3.9670048,4.101816,3.6414657,3.8301706,3.7420664,3.429133,3.5106575,3.600948,3.921137,3.7250896,3.710602,3.6283977,4.008954,4.047744,3.9486847,4.3207884,3.875661,3.9212968,3.7276926,3.8768194,4.1744237,4.0880456,3.5223334,3.6412354,3.646593,3.5924582,4.511232,4.2626143,3.4216886,3.5960047,3.5682778,3.812449,4.5906944,3.6476705,3.3801942,3.4853086,3.4929965,3.5351167,3.4588535,3.5665183,3.789421,3.3620703,3.5072775,3.497259,3.7565064,3.493224,3.5436044,3.331437,4.367963,3.6165206,3.6226807,3.5617402,3.753864,3.7454762,4.1308823,4.2294474,4.4050965,4.464241,4.108652,4.0974784,4.067812,4.5293536,3.9792824,3.9899783,4.36332,3.5309486,4.9103346,4.3017926,3.9884946,4.0373416
21,1.9729582,1.9249641,1.618569,1.0637871,2.0009718,2.134742,2.3321075,2.236348,0.9069553,3.1347804,0.92811793,1.4000417,1.8280888,2.1303165,0.7921059,0.8564508,2.1598635,2.2171972,1.4111704,1.8889428,3.1571798,0.0,2.61532,2.8120165,2.1113548,2.2926335,2.3049796,2.2623928,2.4878888,2.1830885,2.5275962,2.0307837,2.6349332,2.7943866,2.5044112,2.0801866,2.6909754,2.236465,1.6916537,1.4690534,2.067671,1.9970622,2.3030431,1.9717987,1.8421711,2.0989404,2.2992857,2.4898405,2.9739685,3.500432,3.449392,3.2930825,3.0277221,3.2298706,2.8810735,3.1658838,2.4034967,2.5967479,2.4957144,2.6030037,2.1262841,2.176169,2.0552044,2.1623316,1.7288935,1.8889354,2.4167717,2.1564543,2.1171215,1.9632016,2.6925583,2.6521587,2.077846,2.4189868,2.0680203,2.093176,1.8115643,1.9389855,2.2887669,2.1865346,1.829005,2.1834588,1.9686381,2.0344784,2.2882595,1.8344787,1.7196155,1.7395943,1.626188,2.1772344,2.550482,1.8129116,1.5238898,1.7001451,1.8925208,2.064502,1.6107099,1.7299708,2.056154,1.3355303,2.1695752,2.1468515,1.8167425,1.5106726,1.7972941,1.2401364,2.1752012,1.7756565,1.837751,1.7290939,2.055825,2.0438042,2.1566436,2.3220823,2.3638833,2.587184,1.8455031,1.8267579,1.8202355,2.1219604,2.3594658,2.4023764,2.557553,2.0168443,3.5013123,2.2795687,1.9394057,2.0347354
22,3.053268,3.0745912,2.7864735,2.639349,1.8821052,1.9244648,2.1242573,1.8137987,2.57663,4.3558087,2.5604677,2.7901983,1.7203903,2.1790965,2.4468389,2.5034463,1.5765746,1.5675527,2.854005,1.1999015,2.0846243,2.61532,0.0,1.4101905,1.6149629,1.8789786,1.8085271,1.7223793,1.5819187,3.4438972,2.5667994,1.6353594,4.1469865,4.080029,4.234535,3.7442791,4.1055193,3.824232,3.479759,3.4669771,3.6946077,3.02857,2.7910666,3.1101928,3.2695518,3.4621444,3.6584053,3.7254446,3.5127208,3.9649723,3.4391847,3.2409458,3.8420012,3.862563,3.6433616,3.9243948,3.6088412,3.7071295,3.5755763,3.6435785,3.0313668,3.2996926,3.0058568,3.1701484,3.1472425,3.2468064,3.5756066,3.418216,3.4220803,3.2991147,3.7928436,3.8539054,3.4855256,4.1124396,3.4432023,3.4104338,3.2392783,3.3900812,3.718075,3.6154366,3.12112,3.1670427,3.1118686,3.090598,4.17072,3.9909208,3.1034307,3.2874749,3.223881,3.628218,3.6752021,3.4498422,2.9457998,3.152186,3.2246995,3.4413834,2.9671538,3.0389645,3.3865354,2.8625069,3.3491163,3.3529966,3.2864707,3.031174,3.0573907,2.8665864,3.4717286,3.143776,3.0935507,3.1040142,3.289424,3.2901518,3.7629287,3.8557467,3.7415857,3.8793924,3.6619031,3.651081,3.6434321,3.80244,3.3126023,3.3560832,3.5301015,3.350788,4.039741,3.502313,3.2122111,3.2587256
23,2.9971817,2.9698355,2.7775578,2.6052306,1.9986434,1.9858519,2.1889145,1.973062,2.5962403,4.137103,2.6888945,2.9051843,1.5105673,2.2715502,2.5569189,2.554819,1.2873032,1.3316264,3.0211442,1.6340051,1.712315,2.8120165,1.4101905,0.0,2.1172018,1.601627,2.1475723,1.5904711,1.1509305,3.1265547,2.1677034,1.3694987,4.0883584,3.7654681,4.287179,3.7011666,3.998263,3.7952356,3.5301404,3.4651873,3.6570086,3.0302656,2.5074494,2.767286,3.2308342,3.242656,3.5266597,3.6344414,3.6889186,3.7902503,3.1881502,3.5820057,3.4133234,3.5237713,3.346704,3.6233525,3.6476998,3.7619853,3.561074,3.737295,3.3016078,3.485161,3.3783004,3.4325862,3.0436397,3.196941,3.5833788,3.4075243,3.3010743,3.2187269,3.65385,3.6977372,3.5942888,4.2144027,3.5805829,3.6188972,3.3885777,3.5807323,3.936211,3.8261766,3.0972857,3.2343726,3.3388906,3.2784016,4.2090073,3.9838994,3.0964055,3.2790103,3.3245282,3.5998473,3.6839898,3.3898213,2.9829981,3.2095063,3.1588745,3.100716,3.1018748,3.1694965,3.3698606,2.8954678,3.1200554,3.093232,3.4233563,3.106427,3.2443094,2.9890695,3.5363438,3.2477715,3.1568925,3.19935,3.4273648,3.4184937,3.8030403,3.8968747,3.711085,3.7220268,3.8020473,3.7927752,3.7610974,3.8523312,3.247444,3.227692,3.703592,3.4238408,4.0697885,3.6159015,3.2274706,3.25989
24,2.0980413,2.1406178,1.7875705,1.931721,1.4901744,1.6326176,1.9191009,1.5281922,2.058428,4.002365,2.0107372,2.3347325,1.6342616,1.1847997,1.9504017,1.9104106,1.5611206,1.6717135,1.8924125,1.1856233,2.599471,2.1113548,1.6149629,2.1172018,0.0,1.6003861,1.9173146,1.5328412,2.1249092,3.13976,2.0452924,1.5888065,3.9839163,4.111125,3.9253154,3.4882078,3.9728441,3.4351664,3.2134802,3.1352906,3.36544,2.897568,3.0544038,2.9609392,3.1293685,3.3361557,3.571781,3.6478505,2.9239495,3.3737397,3.1292536,2.8633516,3.4858081,3.465827,3.1713977,3.047961,3.0497491,3.0246377,3.0185971,3.006491,2.305881,2.2571082,2.4168165,2.5647364,2.5768096,2.8260572,2.8998005,2.6831803,2.5592093,2.4473457,3.2140706,3.2769265,2.5777032,3.2360349,3.002936,2.5736327,2.7551513,2.879778,2.9807012,2.719409,2.309512,2.3058128,2.1902146,2.2605126,3.2904608,3.1721487,2.3475902,2.504516,2.4892936,2.9787412,3.0526254,2.8230512,1.9527336,2.3006146,2.509568,2.5939326,2.0001721,2.0197115,2.3766804,2.2296133,2.7631862,2.8207836,2.3013053,2.1838558,2.1536164,2.0281506,2.559694,2.091379,2.1539128,1.9862114,2.313701,2.3310237,3.1474142,3.0400233,3.4760535,3.5409038,2.7548113,2.7727687,2.7881901,3.0455005,2.4382114,2.4442685,2.725545,2.3820636,3.5868719,2.9466946,2.1973147,2.2442842
25,2.55247,2.5329616,2.2957587,2.1045835,1.9577031,1.654559,2.2030232,1.7715485,2.2657864,3.9530163,2.2410269,2.5289478,1.2733582,1.9516423,2.1645339,1.93868,0.98517054,1.109167,2.4070952,1.3565338,2.242472,2.2926335,1.8789786,1.601627,1.6003861,0.0,1.9151834,0.962541,1.6328064,2.8221254,2.009709,1.0384886,3.8554263,3.677101,3.589521,3.3139462,4.1427298,3.7175949,3.0295987,2.955299,3.1379275,2.620791,2.5196412,2.4238873,2.7958288,2.8436575,3.1851258,3.3756819,2.8935773,2.9646842,2.4945843,3.149178,2.6389592,2.7331095,2.6810997,2.8116457,2.8718343,2.9787517,2.8072999,2.8636935,2.2792017,2.3207238,2.3872626,2.807164,2.2405913,2.3720846,2.772746,2.5512555,2.511371,2.383141,3.0356324,3.0709212,2.676751,3.293752,2.7944894,2.6574335,2.514228,2.634383,3.1061382,2.726319,2.3282413,2.3913128,2.5649416,2.5847776,3.4882948,3.4203515,2.5478053,2.6590998,2.9094481,3.3148518,3.2777903,3.060778,2.4438262,2.9007778,2.7842097,2.3116927,2.5458283,2.555185,2.8459117,2.320209,2.633342,2.6992474,2.8885243,2.543578,2.6248114,2.3738718,2.752817,2.3958328,2.6421194,2.5475957,2.8032563,2.7966542,3.3473558,3.372148,3.576197,3.5817423,3.11559,3.0938244,3.052354,3.2276022,2.8381019,2.8517146,3.039575,2.6853943,3.5419726,2.790271,2.4638343,2.522106
26,2.9668157,2.9535627,2.7534757,2.429075,2.1667984,2.0699203,1.6070132,2.0786958,2.356074,4.056403,2.297689,2.5909083,1.8233871,2.5035844,2.1482818,2.151904,1.6416404,1.6931905,2.7032673,1.3054985,2.5794418,2.3049796,1.8085271,2.1475723,1.9173146,1.9151834,0.0,1.6129345,2.0657976,3.1463974,2.5631669,1.5132257,3.7863317,3.8756669,3.6922007,3.2489982,3.7789454,3.4530952,3.0159674,2.9116533,3.1255207,2.6385624,2.797633,2.6780708,2.9069228,3.0943508,3.6541808,3.7469528,3.1960547,3.6742928,3.298502,3.153781,3.5011268,3.5532274,3.3196237,3.591519,3.1988935,3.3553002,3.1504457,3.188911,2.73406,2.706985,2.7333002,2.8630617,2.7352984,2.990656,3.7903457,3.2636406,3.2447526,3.1831353,3.1422246,3.1898127,3.284393,3.8424826,3.2104716,3.294191,2.986791,3.0582151,3.6179185,3.2442615,2.9836833,2.7447374,3.0236478,2.7650037,3.8106096,3.671845,2.6048062,2.8752427,2.882508,3.2438073,3.4501119,2.9083347,2.8176155,2.6297855,2.7121747,3.2522697,2.8270977,2.8604205,3.1617632,2.4249268,2.8324277,2.8307204,3.0999749,2.4498768,2.8591082,2.539014,3.2235074,2.8823287,3.0168297,2.87423,3.558146,3.5620995,3.0276146,3.1981134,3.4153683,3.5149987,3.1381311,3.1149945,3.1048188,3.2665837,2.7682834,2.7924573,3.055939,3.36878,3.7851155,2.990086,2.696831,2.7304878
27,2.6667447,2.7020862,2.3953946,2.1452246,1.9020503,1.851838,2.1066222,1.8019255,2.0037038,3.9507022,1.9787822,2.230157,1.0677605,2.0143323,2.037157,1.8121539,0.52110785,0.7435582,2.4688416,1.0438293,2.0995598,2.2623928,1.7223793,1.5904711,1.5328412,0.962541,1.6129345,0.0,1.5475796,2.7595959,2.0888247,0.7576198,3.7375302,3.6219285,3.8104205,3.2086914,3.7185495,3.3451357,2.8980663,2.860068,3.0119264,2.4360414,2.544272,2.2789278,2.6979332,2.7652533,3.2781622,3.3255498,3.0462465,3.256937,2.7062151,3.067503,2.8602355,2.8838093,2.6247497,2.7638845,3.0548139,3.156268,3.02429,3.0236492,2.4088721,2.3891573,2.5765712,2.7252188,2.6904085,2.8620594,3.2775702,3.07113,3.0306928,2.9153862,3.444632,3.4942398,3.163254,3.6962879,3.175468,3.1208081,2.9592721,3.0444362,3.5466907,3.0997038,2.6337097,2.6697166,2.7956927,2.8191943,3.6499982,3.5420232,2.762068,2.9589138,2.9864626,3.4285288,3.4062927,3.132995,2.5429087,2.795473,2.8653474,2.663837,2.5848396,2.638517,2.9833503,2.3242266,2.4150121,2.503466,2.9071622,2.5370042,2.6225648,2.388313,3.0783317,2.6623895,2.7482162,2.6259604,2.883377,2.88206,3.292949,3.3522296,3.7079813,3.711506,3.151955,3.1039808,3.0578628,3.2819154,2.821924,2.8730996,3.0767865,2.9815824,3.8632379,3.1419594,2.7520308,2.808558
28,3.1976624,3.1419826,2.763634,2.5757372,1.6284779,1.7369586,1.7626091,2.0375986,2.234634,4.083476,2.3633645,2.311774,1.5931168,2.3876228,2.218366,2.449984,1.3268158,1.2499399,2.7833893,1.5670419,1.8067801,2.4878888,1.5819187,1.1509305,2.1249092,1.6328064,2.0657976,1.5475796,0.0,2.6588464,2.2179165,1.2011571,3.5693018,3.182887,3.7790124,3.202697,3.5884552,3.2911036,2.9469206,2.8371804,3.0320766,2.3244102,2.6499887,2.1268961,2.5720778,2.6451972,3.0510216,3.0713463,3.9100559,4.001889,3.378171,3.868814,3.3036804,3.2353659,3.0145335,3.4538774,3.4576504,3.6957195,3.4479005,3.5881844,2.8944697,3.2867587,3.086444,3.2414327,2.9454103,3.0878553,3.5653617,3.329566,3.2150295,3.1062489,3.5786145,3.630275,3.5556946,4.123392,3.5067785,3.5027654,3.2957873,3.4036913,3.8037682,3.7218626,3.0450788,3.1056008,3.222872,3.1349587,4.0664287,3.85155,2.972981,3.178739,2.9815261,3.3417652,3.9959023,3.1099894,2.956819,3.0395336,3.1154482,3.111842,3.0004323,3.1977348,3.3860066,2.8782742,2.8504226,2.928853,3.3187575,2.9997456,3.12824,2.8513062,3.467703,3.1868107,3.1641295,3.1971478,3.3660076,3.3546896,3.704639,3.8761117,3.5785463,3.6294672,3.6678138,3.626196,3.5944188,3.7101278,3.1897502,3.2073822,3.5667086,3.4684503,4.573609,3.5142,3.2136254,3.266141
29,3.0226643,2.8966784,2.6238883,2.3633738,2.6627707,2.5908453,2.6886175,3.1363451,1.9751651,3.933497,2.2261221,2.112297,2.500197,2.9933457,2.3012376,2.2922971,2.579061,2.573,2.5587528,2.745107,3.3513396,2.1830885,3.4438972,3.1265547,3.13976,2.8221254,3.1463974,2.7595959,2.6588464,0.0,3.1432178,2.5505743,1.7944443,2.951116,3.3624504,2.6527894,2.45147,2.98805,2.3848264,2.2249596,3.0165665,2.7860196,3.1579835,2.1558576,2.5184765,2.5872583,1.8529592,1.8468232,4.6039643,4.6501713,4.448539,4.87572,3.899983,3.973954,3.7080796,4.0552564,3.9511864,4.1825767,4.073589,4.1538625,3.5213776,3.6281583,3.7259107,3.9063816,2.7863042,2.9033182,3.4456477,3.18191,3.0925362,2.971663,3.4155707,3.3816724,3.261353,3.599759,2.7186773,3.2345297,3.1145256,3.074407,3.3702579,3.226445,2.7670078,3.4098787,3.0362613,2.927969,3.3524551,3.034225,2.662007,2.8983352,2.605198,2.6416585,3.815222,2.7441902,2.7391217,2.7665708,3.0085127,2.5974953,2.721911,3.0871353,3.138886,2.7163885,1.859666,2.1957774,2.8970296,2.683968,3.0385067,2.7199166,3.2461457,2.9921083,3.2400763,3.0333138,3.1805813,3.1700788,3.215969,3.4346905,3.4121547,3.423404,3.2388535,3.1396937,3.0988336,3.2834222,2.9638877,2.9851995,4.1271296,3.282942,4.585003,3.3626993,3.0355074,3.0764031
30,2.5584476,2.5810847,2.2792335,2.4256055,1.7364929,1.9212706,2.1584527,1.8903975,2.4285119,2.83317,2.419789,2.620275,1.6597697,1.5480186,2.3157063,2.3165076,1.8925732,1.9601569,2.2541153,1.9592488,2.6065636,2.5275962,2.5667994,2.1677034,2.0452924,2.009709,2.5631669,2.0888247,2.2179165,3.1432178,0.0,1.755914,3.9895978,3.4810324,3.7082174,3.472821,4.03983,3.4674585,3.5258868,3.1882372,3.2690053,2.8906677,3.1665409,2.771273,2.887378,2.9702775,3.4682105,3.5633967,3.3756764,3.4981856,2.7065003,3.1052468,2.674703,2.8568785,2.7728567,2.746807,2.708859,2.7704113,2.6916966,2.775748,2.941068,2.8547647,2.965993,2.5770843,2.6877549,2.7739146,2.916515,2.6333766,2.5186405,2.5194414,3.0558586,3.0609386,2.8546658,3.4165468,3.2884166,2.883288,2.9511006,3.1848705,3.072199,3.0395823,3.025885,3.0014484,3.162854,3.1517258,3.461248,2.9416578,2.3440766,2.1884918,2.4593458,2.8967223,3.098879,2.332322,2.1337972,2.310593,2.4852042,2.4691024,2.3712552,2.4279995,2.6124084,2.492092,3.2185898,3.2107584,2.6729794,2.4705973,2.4794927,2.4058414,2.8251486,2.449299,2.4070792,2.3749888,2.7209604,2.7297213,3.3294814,3.30549,3.5593147,3.5430853,2.9777842,3.005384,3.0078812,3.2055051,2.8087983,2.8239007,2.8749278,2.687987,3.9867492,3.0938823,2.6048446,2.6612701
