,0,1,2,3,4,5,6,7,8,9,10,11,12,13,14,15,16,17,18,19,20,21,22,23,24,25,26,27,28,29,30,31,32,33,34,35,36,37,38,39,40,41,42,43,44,45,46,47,48,49,50,51,52,53,54,55,56,57,58,59,60,61,62,63,64,65,66,67,68,69,70,71,72,73,74,75,76,77,78,79,80,81,82,83,84,85,86,87,88,89,90,91,92,93,94,95,96,97,98,99,100,101,102,103,104,105,106,107,108,109,110,111,112,113,114,115,116,117,118,119,120,121,122,123,124,125,126,127
0,0.0,0.7754658,2.6857433,2.7970767,2.8347502,1.8079952,1.6448706,1.633435,1.748217,1.7133038,1.7443146,1.761302,2.168429,1.9083205,2.024403,1.6486949,2.8308122,2.3075414,4.19881,3.616785,2.145629,2.1049747,2.250329,2.233781,2.3352509,2.8016918,3.8912246,4.5269327,1.9505539,2.7469885,2.5603137,3.0374444,2.5068436,2.5236824,3.5931716,2.7919135,2.9728756,2.584323,2.5754035,2.584577,3.1151264,3.0641496,3.052188,1.8968809,3.4442604,3.428072,4.066016,3.921046,2.8213007,2.950755,2.9649332,2.7475796,2.9740195,2.5302653,2.9935052,2.9195623,2.6348338,2.4904687,2.3677328,2.3354871,3.2920096,3.2673788,1.6391872,1.7231597,2.3231978,2.3404086,2.3713453,2.3802555,2.3066356,2.8785727,2.3808734,2.3009686,2.6379368,2.6460207,2.7186606,3.6429482,2.5665953,2.5221257,2.2763238,2.3209836,2.6490557,2.6283913,2.539201,2.6174767,2.4977012,2.7521837,2.4921353,2.1572948,1.9349719,2.0997586,2.8588092,2.886898,2.3023057,2.2880278,2.3518744,2.3292117,2.5066385,2.477211,2.4075868,2.4686801,3.7931855,3.5111609,3.446705,3.8002236,2.787199,2.674949,3.4340594,3.1656659,2.1296089,2.0181773,2.5713556,2.272802,2.0183926,2.0354524,2.609912,2.949012,3.0108688,2.9147203,2.2088377,2.572849,2.4951441,2.4947186,2.3588736,3.8117537,2.144034,1.7720271,2.9211156,2.9965692
1,0.7754658,0.0,2.608673,2.7457402,2.884614,2.022375,1.8698776,1.8509362,1.9273129,1.9014393,2.0317755,1.9957718,2.5931933,2.0955334,2.3598893,1.9002689,2.816841,2.3777711,3.9818296,3.488818,2.3556929,2.2592921,2.2652647,2.3894012,2.1931615,2.9902384,4.096918,4.6179695,1.9057215,2.6946719,2.81696,3.1961832,2.813144,2.8936076,3.87184,3.0991068,3.1221132,2.835597,2.6100624,2.7058723,2.7375143,2.668121,2.6660342,1.8954424,3.5986824,3.5474107,4.219274,4.0536885,3.0690944,3.165736,3.114693,2.8743672,3.009304,2.5927956,2.960969,2.8511934,2.708575,2.5893142,2.3755896,2.3452256,3.296517,3.310057,1.8379581,1.8554068,2.459754,2.61952,2.5997894,2.5421576,2.421598,2.7787614,2.4653866,2.5666673,2.8772693,2.8349407,2.9614522,3.3897045,2.591411,2.559461,2.3419898,2.3830707,2.761775,2.8861158,2.579673,2.7442062,2.5555422,2.8174157,2.75208,2.4463897,2.3515022,2.3772671,2.9351485,2.9127684,2.4199657,2.4740148,2.4892764,2.4834788,2.6623025,2.6454184,2.6305614,2.568657,3.9833074,3.6006227,3.555341,3.991897,2.8546069,2.8829718,3.671279,3.415138,2.3214366,1.9211289,2.4377875,2.128162,2.18062,2.2006912,2.6957939,3.0394619,2.9206657,2.9197602,2.4170976,2.4769206,2.659841,2.6069455,2.4933937,3.900541,2.2416558,1.5856847,2.9839425,2.9854307
2,2.6857433,2.608673,0.0,1.4665402,3.9111774,3.1872659,2.6258347,2.652565,3.24383,3.2245948,3.1701555,3.1796067,3.4829462,3.244673,3.4678493,3.2537434,2.1312976,2.0300133,4.3466887,3.0754797,3.2471268,3.211452,3.2265458,3.1700864,2.2452345,3.1960511,4.738988,5.1957197,2.7946157,3.3586767,3.4616795,3.8717415,3.5301554,3.503508,3.4253683,3.7353694,3.682873,3.6353877,3.3407729,3.8075948,3.4072084,3.6404877,3.65573,2.8042774,3.1075187,3.0749996,4.571298,4.756107,4.8683805,4.9131293,5.005285,4.8934507,4.169391,3.3399792,4.133837,3.738242,3.5175734,3.402548,3.160716,3.3303385,3.602987,4.0010867,2.5221496,2.656019,3.4769614,3.6718016,3.2832441,3.235828,3.1864254,3.4335723,3.096316,3.1951482,3.166035,3.3246443,3.0368257,3.7329829,2.7706764,2.7674098,3.017564,3.0329297,3.5929668,3.7689562,3.5943482,3.7183285,3.1202004,3.5633092,3.4497051,3.1088743,2.780411,3.00192,3.1080928,3.9885335,3.5203028,3.568348,3.5192287,3.5110059,3.4653955,3.4492822,3.4428577,3.3935966,4.4505143,4.256797,4.203379,4.4593625,3.179578,3.207177,4.190296,3.9511783,3.1699429,2.7958198,3.3405712,3.1138985,3.3364859,3.3549287,3.3998487,3.631541,3.5738502,3.2094283,3.501919,3.2233849,3.4156013,2.8861828,4.1448784,4.8407598,2.7876947,2.914078,3.4931965,3.5608184
3,2.7970767,2.7457402,1.4665402,0.0,3.725579,2.9633963,2.5415282,2.5556738,3.0671852,3.0466647,2.969922,2.9685311,3.42386,2.9634147,3.253055,2.989202,2.4610302,2.2056072,4.825706,3.3811512,3.6486342,3.5551507,2.9383714,3.0111692,2.608374,2.5541804,4.249916,4.693433,2.8715389,3.4846513,3.460832,3.8015735,3.611036,3.567627,3.7043629,3.9028485,3.6133358,3.715903,3.815066,4.22422,3.2187588,3.4894345,3.5647068,2.8513741,3.1641376,3.1938968,4.5251455,4.7850294,4.9707484,5.186314,4.930951,4.9924383,4.037644,3.3141143,4.2260056,3.673201,3.5781412,3.412618,3.2245543,3.449086,3.6532414,4.1866355,2.544549,2.4548006,3.774747,3.6567075,3.2276185,3.1790981,3.4809113,3.6802278,3.440653,3.160466,3.172525,3.275716,3.0612068,3.3144588,3.1339746,3.1304905,3.4048867,3.4473653,3.7318745,3.646156,3.6941838,3.8331292,3.4574718,3.741373,3.2576127,2.9554145,2.741448,2.8691552,2.949199,4.2142243,3.7665386,3.8007727,3.7831223,3.7427816,3.3313408,3.2598326,3.312963,3.1640496,4.336745,4.4036145,4.385526,4.3446503,3.1799698,3.146101,3.996885,3.7564204,2.989038,3.0204747,3.553871,3.2951994,3.1155567,3.1372716,3.2936225,3.546597,3.3711715,3.0748951,3.405906,3.4469774,3.288133,2.7474754,3.913649,4.7657194,2.490669,3.0475786,3.3009243,3.307578
4,2.8347502,2.884614,3.9111774,3.725579,0.0,1.5951979,2.1158497,2.0504665,1.8640733,1.8563374,1.9053025,1.7351794,2.5408857,1.968187,2.552409,1.9937137,2.9470983,2.5024173,3.3869681,3.6139076,2.7713323,2.647819,2.450925,2.327026,2.5297909,2.5445216,2.2801752,2.881548,1.7781631,1.6088344,1.9704906,1.7399908,2.63222,2.7491555,3.7153535,2.899646,3.2557614,2.8341706,3.0839984,2.9875045,2.9152892,2.637089,2.5153632,2.0100636,3.3535876,3.2933571,3.9135952,3.8663116,2.8418927,3.1247075,3.2891269,3.1252778,2.8457668,2.8152905,3.0838146,2.9230566,2.358155,2.2506733,2.2697408,2.326775,3.1596317,3.2206695,2.0892284,2.3222146,2.344018,2.0249467,1.9230664,1.9077058,2.2822406,2.417519,2.3020635,2.0224926,2.3438187,2.1398327,2.3377903,2.4920897,2.1871984,2.135825,2.0398808,2.1118083,2.907227,2.5790875,2.6268048,2.8897624,2.5439382,1.9859316,2.3074815,2.0368323,2.5113,2.084393,2.4893575,2.8856835,2.122939,2.1697924,2.1303408,2.0983267,2.2767427,2.2678123,2.2938626,1.9341426,3.8541028,3.8417678,3.7412612,3.8038256,3.4543188,3.0869327,2.652571,2.5801747,2.2365117,2.3417182,2.5432217,2.293006,2.1492896,2.164775,2.6094007,2.9747918,3.1305773,2.6479151,2.29567,2.6841185,2.587752,2.6036823,2.5521696,2.3303864,2.2110116,2.0153968,2.7795415,2.6415777
5,1.8079952,2.022375,3.1872659,2.9633963,1.5951979,0.0,1.2823608,1.231773,0.7669912,0.7489158,0.58647513,0.5575056,1.4564797,1.0621443,1.8601516,0.948205,2.754563,2.1939833,3.854756,3.3664324,1.8125939,1.7334814,1.4774497,1.6583818,2.3160942,2.1886272,2.685051,3.0075362,1.5727122,1.9474595,1.6975477,1.9841803,1.9942651,2.1762483,3.1487784,2.5121336,2.4404216,2.0590122,2.4557939,2.3609576,2.7385628,2.5924702,2.7024615,1.6593703,2.91263,2.8935688,3.4136407,3.3463938,2.662767,2.9246905,2.8039827,2.7789915,2.3717408,2.097551,2.4785447,2.47903,2.0687664,2.0548306,1.8504351,1.9908875,2.9584117,2.8627396,1.3009882,1.1686951,1.8998141,1.3788447,1.4745142,1.541319,1.9373928,2.0778193,1.9679315,1.4343354,1.8511258,1.6326585,1.9094567,2.8259764,1.8362854,1.7908323,1.7085359,1.7843661,2.6578043,2.3588507,2.2473092,2.6213622,2.0085604,1.7522361,1.5983809,1.0888981,1.4795505,1.3803514,1.6921695,2.6404054,1.7349982,1.649844,1.7699853,1.6117613,1.7971208,1.8672545,1.9024997,1.651851,3.1520479,3.172065,3.0177212,3.1196933,2.7218153,2.4384136,2.4355392,2.2996383,1.1726769,1.7390422,1.8738521,1.6683908,0.89016867,0.9049919,1.8069062,2.1075017,2.6604292,2.3334663,1.7125938,2.0753222,1.604239,1.6259843,1.6376528,2.6204581,1.1153046,1.3320826,2.45522,2.4721284
6,1.6448706,1.8698776,2.6258347,2.5415282,2.1158497,1.2823608,0.0,0.13192096,1.1636199,1.1565669,1.1179545,1.1854167,1.5635471,1.3747369,1.83768,1.2130209,2.2337744,1.7318696,3.7601814,3.013321,1.8577303,1.7963182,1.526699,1.5185715,2.1896105,2.3982303,3.0204484,3.56024,1.4159304,1.9964103,1.484523,1.9550819,1.88024,1.9229711,3.3153107,2.3191144,2.319071,2.147388,2.2872653,2.6535604,3.128888,2.885414,2.9254189,1.6068224,3.1879342,3.1522615,3.6533673,3.5480845,3.2483168,3.3986459,3.2762976,3.1247456,2.4500322,2.2410963,2.595527,2.674139,2.0042,1.7648312,1.715963,1.78574,2.8624408,2.8545697,0.6323515,0.9143335,2.1589143,1.9549956,1.5257797,1.5064911,1.8021833,2.0454762,1.8402292,1.4714732,2.397065,2.305099,2.3432739,3.355194,1.7776378,1.7932255,1.6199521,1.6950976,2.7883065,2.6292613,2.5092723,2.7645636,2.0132992,2.0878718,1.8449856,1.3960651,1.476751,1.5941597,2.4831665,2.8642151,2.1566064,2.1357424,2.1728764,2.111638,1.5770816,1.6380178,1.7193234,1.5397644,3.3574512,3.4900079,3.360138,3.3365827,2.5806308,2.3695314,2.7082102,2.499806,1.4323984,1.4661494,2.2109096,1.9271406,1.6529255,1.6721203,1.99709,2.4383357,2.8763154,2.3056436,1.8860961,2.0956135,2.3185627,1.8124983,2.0414927,2.792116,1.1770215,1.6470513,2.221252,2.1991622
7,1.633435,1.8509362,2.652565,2.5556738,2.0504665,1.231773,0.13192096,0.0,1.1375145,1.1295654,1.0826508,1.1382207,1.5738242,1.350714,1.7969594,1.1719658,2.2259512,1.7075816,3.7411711,3.0321262,1.8498439,1.8107154,1.4887408,1.5077327,2.155433,2.3720922,2.9948912,3.5373783,1.3509982,1.9354143,1.5299135,1.9773405,1.8332034,1.8682985,3.2859135,2.27157,2.267825,2.0939486,2.2352006,2.5915444,3.0596466,2.8099482,2.8472831,1.5328808,3.1510224,3.11204,3.6030562,3.505339,3.2095087,3.3672402,3.22479,3.086222,2.4035616,2.2013295,2.5435767,2.6252916,1.9335595,1.7030317,1.6322777,1.727339,2.8478224,2.8444932,0.59114784,0.8947134,2.1167479,1.9054298,1.4681301,1.4565418,1.7380444,2.0211322,1.786056,1.4209088,2.355687,2.267742,2.304649,3.2996907,1.7429874,1.7564682,1.5821538,1.6564802,2.7225702,2.566474,2.4386864,2.69579,2.0068398,2.01304,1.790524,1.369438,1.4375243,1.52331,2.4648454,2.8292146,2.093274,2.0745587,2.1111307,2.057478,1.5596361,1.5998863,1.6632652,1.4944564,3.3350086,3.4531603,3.3227181,3.312987,2.5400212,2.335992,2.6599813,2.441769,1.4167439,1.4494239,2.1820815,1.8861883,1.6177598,1.6378489,1.9516945,2.4009278,2.822523,2.2708905,1.8353763,2.0468917,2.2947364,1.8055384,2.0184457,2.7568154,1.1469501,1.6044389,2.2398615,2.2150617
8,1.748217,1.9273129,3.24383,3.0671852,1.8640733,0.7669912,1.1636199,1.1375145,0.0,0.084249794,0.63870704,0.6324773,1.3906565,1.0123501,1.674352,0.83607775,2.6866627,2.284608,3.778994,3.1553516,1.856198,1.6314837,1.4943427,1.4825858,2.3981245,2.2869802,2.6341412,3.0878818,1.7847689,2.1649756,1.5203848,1.8264949,1.7701281,1.9479179,3.2332814,2.2246232,2.2064602,1.8144915,2.2814708,2.3350818,2.8722093,2.6126242,2.703169,1.6877502,3.0467334,3.0177705,3.5162628,3.272497,2.8351781,3.0487623,2.8899817,2.7299383,2.007403,2.0315204,2.2367148,2.4645925,1.818311,1.6814834,1.7625995,1.6876242,2.6321225,2.484763,1.3253139,1.2488708,1.9604324,1.5429238,1.5279067,1.5234563,2.0111268,1.9562029,2.0564773,1.5335566,2.1312294,2.0176346,2.219915,3.0119925,1.9228309,1.9220496,1.7135521,1.7901536,2.666984,2.3674319,2.25088,2.6291757,1.9683613,2.0281038,1.982303,1.2203395,1.647813,1.571825,2.024448,2.6266823,1.8741857,1.8314295,1.8813566,1.7137352,1.5208806,1.6184206,1.7402,1.4751147,3.1371367,3.2240503,3.0781808,3.1149738,2.6950312,2.379854,2.4091249,2.2770112,0.87380695,1.423143,1.8221004,1.5452929,0.98742294,0.99807775,1.6880589,2.1055982,2.477328,2.1803756,1.601167,1.9657525,1.6076121,1.4760665,1.3354838,2.5292437,1.081293,1.3541948,2.4248104,2.3980358
9,1.7133038,1.9014393,3.2245948,3.0466647,1.8563374,0.7489158,1.1565669,1.1295654,0.084249794,0.0,0.646716,0.6366403,1.3777108,1.0006717,1.6736157,0.82159764,2.664878,2.2508266,3.7579644,3.141702,1.8697242,1.6412418,1.5186294,1.5113285,2.3583975,2.240824,2.6379712,3.1197543,1.772831,2.1608996,1.5107163,1.8335717,1.7682605,1.9448478,3.2342432,2.2232087,2.2043974,1.8080914,2.2765536,2.3145661,2.8773067,2.6357565,2.7255633,1.6517557,3.0515294,3.023041,3.567311,3.3379426,2.824224,3.0377128,2.8616939,2.7136378,2.0218413,2.0199165,2.2586508,2.44442,1.8547049,1.7032007,1.7632945,1.7003363,2.631809,2.5134068,1.3068593,1.2343106,1.9529277,1.5307144,1.5295156,1.5234947,2.0047913,1.9650785,2.0576727,1.5325017,2.0947762,1.9784604,2.1879854,3.0026376,1.9135139,1.9087512,1.7097026,1.7888521,2.6499574,2.3479743,2.2416315,2.6145973,1.9743795,2.0327258,1.9765055,1.217429,1.6229722,1.5578086,2.015783,2.6147332,1.8640692,1.8182502,1.8683653,1.7037163,1.5241144,1.6200842,1.732203,1.4770817,3.1869686,3.2618508,3.1236527,3.1649187,2.6980247,2.3920527,2.4399493,2.2997,0.90677404,1.4210814,1.857976,1.5766436,0.9777579,0.990047,1.7178302,2.1508427,2.455878,2.1628602,1.5693496,1.9941913,1.6196738,1.5095698,1.388124,2.57828,1.1041479,1.3387456,2.445469,2.401506
10,1.7443146,2.0317755,3.1701555,2.969922,1.9053025,0.58647513,1.1179545,1.0826508,0.63870704,0.646716,0.0,0.296469,1.1346468,0.86489165,1.6125835,0.6828731,2.6805584,2.232819,3.962479,3.3170388,1.7078176,1.5742799,1.2456638,1.3491837,2.4171476,2.2823467,2.7477543,3.1673834,1.6413709,2.047021,1.6035959,1.917151,1.8398954,1.9875696,3.1025705,2.3402038,2.265508,1.902525,2.3627553,2.385732,2.9179494,2.7286682,2.8355608,1.813733,2.9121306,2.9133554,3.2864141,3.175674,2.767503,2.9907427,2.8209686,2.7193322,2.127606,2.0174897,2.3184772,2.473981,1.944822,1.863121,1.8567026,1.929307,2.9495087,2.7546802,1.3054342,1.0886745,1.9627224,1.401541,1.4075423,1.5050308,1.8903412,2.1939657,1.9212108,1.3704127,1.9878002,1.9932424,2.020563,3.0988166,1.950467,1.9248238,1.803043,1.8633332,2.6279352,2.3588166,2.3153782,2.5890877,1.9657228,1.9118643,1.5606807,0.9040348,1.3766825,1.3423285,1.9461675,2.6403327,1.770198,1.6895264,1.7846098,1.6410065,1.519191,1.5896791,1.6701833,1.4725991,2.9723463,3.1169198,2.918389,2.9449368,2.6236303,2.317968,2.3251228,2.2188938,0.8480903,1.6345298,1.826052,1.5979989,0.93384117,0.94038975,1.7321191,2.0421515,2.633101,2.335044,1.6621712,2.020695,1.5400466,1.4332293,1.403072,2.5782497,1.0230703,1.4737433,2.442773,2.559804
11,1.761302,1.9957718,3.1796067,2.9685311,1.7351794,0.5575056,1.1854167,1.1382207,0.6324773,0.6366403,0.296469,0.0,1.3092123,0.8147967,1.6622924,0.6604703,2.6645434,2.233666,3.8645105,3.2610052,1.8482878,1.6825261,1.3225093,1.4110397,2.3104613,2.1768935,2.6396244,3.154437,1.5476284,1.9416066,1.6363243,1.8658217,1.8899964,2.0637834,3.1618664,2.390216,2.3255165,1.9452922,2.3876443,2.410219,2.791426,2.5755413,2.6667502,1.7225516,2.8907104,2.8911703,3.303966,3.2094889,2.7163637,2.959334,2.8428853,2.7204254,2.0655236,1.953484,2.298649,2.3793588,1.9225698,1.8451566,1.8339175,1.8840047,2.8639596,2.6958506,1.3333665,1.1881347,1.9139214,1.3036131,1.2995515,1.3963574,1.817411,2.2293637,1.8431801,1.3016,1.902697,1.9678158,1.9317057,2.8850665,1.9303551,1.8991249,1.7659173,1.8298135,2.5724063,2.2928882,2.313542,2.5428946,1.9086983,1.8759308,1.531808,0.8578828,1.3867524,1.2134922,1.9493394,2.550192,1.6643804,1.6216748,1.6844317,1.5601853,1.483096,1.5625864,1.6461686,1.3862418,3.068267,3.196782,3.0125968,3.0401561,2.6668391,2.3513384,2.3699586,2.2667723,0.8686114,1.5952309,1.7920055,1.5452203,0.9500362,0.9609244,1.7472845,2.0744612,2.516412,2.2707431,1.609207,2.0075254,1.5479914,1.4486939,1.4353293,2.5247703,1.0443497,1.4072614,2.4533606,2.5758312
12,2.168429,2.5931933,3.4829462,3.42386,2.5408857,1.4564797,1.5635471,1.5738242,1.3906565,1.3777108,1.1346468,1.3092123,0.0,1.1745852,1.9812939,1.2885312,2.890453,2.502728,3.9823678,3.3234856,1.7011225,1.5087632,1.6864636,1.8968273,2.7206535,2.7338178,3.0965176,3.7646265,2.136855,2.3611057,1.5952369,2.0475025,1.9239079,2.0645897,3.1629546,2.3474844,2.3021367,2.1166942,2.4994612,2.4772944,3.561603,3.5043814,3.6607814,2.2695923,3.2832844,3.2973359,3.80905,3.6379814,3.2360144,3.3366406,2.8091993,2.7339451,2.571845,2.533528,2.7451406,2.867241,2.438177,2.2753577,2.211469,2.3100028,3.2486115,3.0013366,1.7184448,1.4205939,2.0356605,1.581949,1.7501591,1.802664,2.0475132,2.5426116,2.1015973,1.6630217,2.1159477,2.3309946,2.1479146,3.8435812,2.1628017,2.1307085,2.1652617,2.2069166,2.8463821,2.774406,2.7228298,2.8272626,2.0658097,2.1744604,2.0174496,1.2289453,1.6254001,1.8445734,2.429498,2.6031156,1.9228511,1.7651454,1.8811786,1.7315775,1.5910125,1.7493147,1.7639352,1.7798826,3.2659914,3.4613564,3.2720864,3.2336967,2.9266732,2.8149664,2.6946921,2.6486206,1.3704113,1.8983086,2.2617068,2.121604,1.4227619,1.4172449,2.2040987,2.5256286,3.0839474,2.6143267,1.7841073,2.3957446,1.9631109,1.9372779,1.90728,2.9886153,1.718543,1.9785964,2.6666741,2.8243144
13,1.9083205,2.0955334,3.244673,2.9634147,1.968187,1.0621443,1.3747369,1.350714,1.0123501,1.0006717,0.86489165,0.8147967,1.1745852,0.0,1.7964262,0.81921214,2.6464589,2.2560315,3.6882086,3.0550478,2.1277032,1.8481051,1.3382192,1.6495948,2.2509918,2.2642121,2.721425,3.58761,1.5501285,1.8990375,1.7526431,1.9190683,2.1955223,2.334764,3.4028141,2.6145952,2.5011075,2.3599951,2.6778445,2.6943836,2.7207038,2.63248,2.8014996,1.8774357,3.1167378,3.124816,3.7689283,3.5939503,3.1715732,3.3804164,2.8025506,2.7691958,2.304721,2.2525382,2.615044,2.5522888,2.220736,2.01152,1.968225,2.098327,2.945129,2.8460221,1.5233579,1.1536709,1.9003055,1.4815401,1.5011268,1.4957792,1.9199373,2.524386,1.9197099,1.5097735,1.9467822,2.1718295,2.0091453,2.9362953,2.0763097,2.0369232,2.0841396,2.1344879,2.5493364,2.49262,2.490288,2.544185,1.876223,2.0544603,1.9262254,0.9924238,1.7021837,1.5288459,2.2431161,2.4537988,1.7046376,1.6994157,1.722262,1.6189715,1.5003905,1.5819525,1.6948572,1.3966027,3.3735738,3.4796503,3.3197346,3.3448267,2.6601682,2.5839365,2.5880992,2.5216398,1.1605008,1.6024917,1.9983768,1.7316855,1.2114362,1.2241784,2.1349304,2.4941542,2.6477842,2.377696,1.7179886,2.2641537,1.8160069,1.748033,1.7195988,2.8953958,1.3667029,1.5172337,2.4421773,2.5886822
14,2.024403,2.3598893,3.4678493,3.253055,2.552409,1.8601516,1.83768,1.7969594,1.674352,1.6736157,1.6125835,1.6622924,1.9812939,1.7964262,0.0,1.4501193,2.6444416,2.2880912,4.339343,3.673303,2.3780162,2.264173,2.0412495,1.3062565,3.021466,2.8332503,3.2705135,3.835709,2.3655157,2.7975442,2.330408,2.5525937,2.4465506,1.9586385,3.071779,2.2443104,2.7346585,2.4907491,2.8674846,2.9556394,3.2502398,3.2633348,3.0484877,2.3602233,3.0724726,3.0762162,3.3737144,3.2729535,3.0940838,3.321382,3.213232,3.0723348,2.5104797,2.3742101,2.837995,2.814136,2.2106724,1.7761836,2.5106542,2.2933073,3.165323,3.0676968,1.9991108,1.9235059,2.693859,2.495774,2.25711,2.240533,2.5372865,3.0531714,2.6481812,2.2621949,2.6869345,2.898278,2.7430115,3.6726856,2.7969456,2.7776103,2.660027,2.7003002,1.8526,1.4738289,1.7548944,1.7894961,2.6132731,2.6954377,2.3584445,2.008971,2.0259223,1.9791793,2.8081236,2.906331,2.5138333,2.4717858,2.5321715,2.4549308,2.163124,1.848408,1.84667,1.9964625,2.652937,2.7294416,2.8224473,2.645827,2.4000013,1.9745603,2.2153807,2.0598378,2.0167143,2.453158,2.929917,2.516751,1.9277123,1.930681,2.4907155,2.7392902,3.0345573,2.8744714,2.2931585,2.693415,2.4828415,2.386006,2.207403,3.1969066,2.130044,2.2556472,2.9702485,3.143328
15,1.6486949,1.9002689,3.2537434,2.989202,1.9937137,0.948205,1.2130209,1.1719658,0.83607775,0.82159764,0.6828731,0.6604703,1.2885312,0.81921214,1.4501193,0.0,2.7190247,2.2804775,3.935772,3.275458,1.9220836,1.7150158,1.3172709,1.507859,2.4373403,2.2228456,2.7795525,3.4415605,1.685855,2.1519737,1.6817844,1.9721867,1.9825203,2.0798533,3.3312278,2.4327505,2.2132316,2.0423975,2.4133725,2.5301967,2.8836522,2.7648067,2.8116891,1.6541219,3.1595497,3.1624172,3.5629947,3.4646642,2.8797154,3.1244063,2.7778966,2.6000957,2.1219707,2.0629995,2.4400668,2.1859002,2.0863163,1.9099004,1.9465047,1.8113246,2.918233,2.79435,1.4012321,1.1384221,2.0559947,1.5093844,1.4492562,1.392853,1.843305,2.4480593,1.9845264,1.4528081,2.0447764,2.2572987,2.101105,3.0823972,2.1674793,2.136679,2.0428011,2.1027598,2.425938,2.162132,2.3060508,2.3975077,2.098057,2.1449661,1.7278931,1.1642207,1.4801568,1.3729291,2.2713704,2.2779813,1.8267081,1.7894623,1.8539432,1.7659353,1.2835479,1.322557,1.4083654,1.199086,3.0898545,3.2579083,3.22112,3.0689533,2.8121443,2.612064,2.7145345,2.5888798,1.1665636,1.7665254,2.1004875,1.828621,0.9105323,0.9271593,1.7962677,2.2009506,2.4196327,2.1823995,1.3803508,2.0381052,1.8466277,1.7415926,1.4201416,2.699847,1.2971258,1.4227465,2.3636127,2.4871857
16,2.8308122,2.816841,2.1312976,2.4610302,2.9470983,2.754563,2.2337744,2.2259512,2.6866627,2.664878,2.6805584,2.6645434,2.890453,2.6464589,2.6444416,2.7190247,0.0,1.0049433,3.1254752,2.4130971,2.9731023,2.7524977,2.7307491,2.2995436,1.7196972,2.7658994,3.8849604,4.4909973,2.285234,2.4188435,2.5672634,2.7553334,2.8905098,2.6715589,2.953465,2.695596,3.1294622,3.0029557,2.8396678,3.225862,3.1438103,3.3360872,3.1758444,2.3465257,2.7640948,2.6782007,4.3605123,4.5060425,4.3731384,4.388568,4.263427,4.114262,3.329205,2.9322133,3.5499582,3.2250175,2.7452807,2.2639585,2.5271058,2.6907387,3.0386107,3.520745,2.271566,2.414427,3.111161,3.2417417,2.797369,2.71122,2.7098627,2.7632093,2.6815457,2.8049343,2.7218347,2.980545,2.5889575,3.2759697,2.2272274,2.220911,2.5565429,2.5853212,2.717555,2.9225159,2.712982,2.8697824,2.761882,2.9586,3.0950935,2.6756825,2.6715786,2.6661816,2.857641,3.4574356,2.9472337,3.0141132,2.8651419,2.8779213,2.6134841,2.451208,2.461882,2.4668493,4.1093063,3.9935615,3.9305398,4.093266,2.820165,2.7438061,3.1090856,2.952367,2.6909244,2.1563385,3.023172,2.6062222,2.9558885,2.9718864,3.1169112,3.572226,3.078501,2.517555,2.86579,2.9081087,3.0526824,2.6451817,3.7427268,4.020886,2.575334,2.4735417,3.3197973,3.1807022
17,2.3075414,2.3777711,2.0300133,2.2056072,2.5024173,2.1939833,1.7318696,1.7075816,2.284608,2.2508266,2.232819,2.233666,2.502728,2.2560315,2.2880912,2.2804775,1.0049433,0.0,3.3563437,2.814838,2.58293,2.476126,2.410034,2.1168482,1.5569503,2.469652,3.5723958,4.2303157,1.7405556,2.0631182,2.313957,2.6248362,2.6474152,2.4082105,2.9531024,2.6122203,2.9332001,2.7821968,2.6238067,2.904272,2.9876778,3.1598697,3.0596058,1.8595313,2.8215165,2.7474701,4.243158,4.3399,3.9602063,4.0230827,3.9129074,3.847981,3.162831,2.5880797,3.2980075,2.8962042,2.5893102,2.1750133,2.2383535,2.4687145,3.1698089,3.5853658,1.6007274,1.8295581,2.6232746,2.819768,2.3931396,2.3215346,2.3268836,2.515494,2.3351986,2.362564,2.3490422,2.4331884,2.2883184,3.182402,1.8705622,1.850838,2.1351793,2.1713104,2.366156,2.486663,2.273381,2.4653099,2.5215836,2.4337864,2.6288066,2.233875,2.12134,2.206131,2.5372412,3.1731222,2.588517,2.6075377,2.5404882,2.5593266,2.4592001,2.2612624,2.2230706,2.2315438,3.8611479,3.6890552,3.6624608,3.8390307,2.5493758,2.48123,2.9364977,2.6876712,2.447188,2.0319293,2.8947911,2.488795,2.5107727,2.5311837,2.8222969,3.2693725,2.9512875,2.4640763,2.5491908,2.6922808,2.8603773,2.5160153,3.3869898,3.7305083,2.1776762,2.0711918,3.0466995,2.8784301
18,4.19881,3.9818296,4.3466887,4.825706,3.3869681,3.854756,3.7601814,3.7411711,3.778994,3.7579644,3.962479,3.8645105,3.9823678,3.6882086,4.339343,3.935772,3.1254752,3.3563437,0.0,2.4421208,3.872486,3.662826,4.0510693,4.0713573,2.7587311,4.354406,4.7755456,5.42926,3.2608933,2.872875,3.517458,3.4195511,3.971018,4.1008472,4.6664705,3.976802,4.197126,4.092046,3.54967,3.536948,3.765284,3.7748284,3.730681,3.3180737,4.5315714,4.3544345,5.714317,5.6332264,4.702044,4.542124,4.1654825,4.103896,4.184722,4.0513086,4.157856,4.02608,3.8499289,3.5921984,3.3043206,3.516524,3.501087,3.697294,3.69955,3.8297036,3.4179885,3.7233517,3.667546,3.530503,3.231531,3.1498783,3.1667893,3.7329102,3.639338,3.6169386,3.5819032,3.8148494,2.8852992,2.8364177,3.1056461,3.1373837,3.883933,4.400315,3.7863634,3.98541,3.0262861,3.3684895,4.238912,3.8975892,4.2007976,3.939803,4.109716,3.6132708,3.1298306,3.2725859,3.081385,3.1073868,3.7280135,3.912744,3.9162273,3.688344,5.7740426,5.375668,5.277637,5.7335505,4.17552,4.4681754,4.4807963,4.464389,4.029443,3.027467,3.5798538,3.3804862,3.9644248,3.9796133,4.387705,4.8387246,4.2335463,3.7129464,3.7739124,3.798164,4.2856617,4.192317,4.637424,4.595279,4.0454683,3.1732185,4.4562263,4.2235565
19,3.616785,3.488818,3.0754797,3.3811512,3.6139076,3.3664324,3.013321,3.0321262,3.1553516,3.141702,3.3170388,3.2610052,3.3234856,3.0550478,3.673303,3.275458,2.4130971,2.814838,2.4421208,0.0,3.5208445,3.286627,3.3969018,3.4142184,2.4849296,3.3942366,4.3419085,4.99697,3.1759474,3.2220075,3.0560935,3.179873,3.3274522,3.428742,3.7658217,3.495437,3.2676134,3.452537,3.2678926,3.630021,3.396524,3.5266392,3.5877857,2.927365,3.5309079,3.4170554,4.926997,4.9669847,5.002522,5.0070267,4.5179276,4.5528226,3.7566864,3.3957915,3.896122,3.6307528,3.3654325,3.124426,2.8819954,3.0165558,2.2692437,2.6928213,3.0651693,3.056926,3.3444798,3.2941577,3.0050695,2.8534498,2.9791315,3.0591307,2.8986564,3.0200038,3.0225496,3.2318628,2.868549,3.4051473,2.5455434,2.53337,2.9490085,2.998768,3.7057328,4.0014524,3.6881747,3.855523,2.4217248,3.442139,3.6763198,3.142188,3.2850144,3.1461625,3.3657475,3.5180504,3.1067371,3.2156594,3.0767174,2.9864295,3.0459337,3.3196132,3.3957684,3.1245136,4.9628215,4.897028,4.8437824,4.9437695,3.3792298,3.6298273,4.0471363,4.009384,3.168163,2.5628772,3.2132215,3.017778,3.2627316,3.2787669,3.5725374,3.9555557,3.504799,2.8768137,3.2427008,3.280931,3.5198069,3.0507836,4.1129646,4.5482383,3.048686,2.9472873,3.70327,3.6802123
20,2.145629,2.3556929,3.2471268,3.6486342,2.7713323,1.8125939,1.8577303,1.8498439,1.856198,1.8697242,1.7078176,1.8482878,1.7011225,2.1277032,2.3780162,1.9220836,2.9731023,2.58293,3.872486,3.5208445,0.0,0.8094146,1.907052,2.1256642,2.777705,3.56749,3.9451303,3.962368,2.1312704,2.360568,2.1672375,2.6147807,2.1256702,2.2719371,2.9427843,2.448522,2.4837697,2.2249365,1.859695,1.9739766,3.3465648,3.2601416,3.311966,2.2228563,3.246502,3.1660335,3.321116,3.1343417,3.023286,2.953171,3.0865874,2.7241611,2.9645128,2.7103338,2.5986059,2.9079027,2.2508717,2.401147,2.1190212,2.0663424,3.4156132,2.9383144,1.815395,1.7522032,1.9467422,2.0759225,2.167052,2.1437643,1.8650362,2.0021904,1.8986717,2.0619867,2.568522,2.5767078,2.5655394,4.0356703,1.8870447,1.8698465,1.7682801,1.769141,2.806195,2.9843986,2.4103656,2.7705724,2.0126667,1.8425794,2.2821412,2.0198364,2.03651,2.243229,2.445623,2.438904,1.8797874,1.7448528,1.9021219,1.7720131,2.2078717,2.3225458,2.25797,2.321057,2.8620257,2.6234555,2.4759243,2.836709,2.9886677,2.941321,3.0284054,2.940528,1.9489182,1.9219275,1.7664145,1.7470095,1.7421825,1.7335593,2.011236,2.0926144,3.3623438,2.844828,2.2093027,1.6595238,2.2344623,2.1544006,2.1267717,2.9062088,2.0094025,1.6336116,2.6773376,2.8894923
21,2.1049747,2.2592921,3.211452,3.5551507,2.647819,1.7334814,1.7963182,1.8107154,1.6314837,1.6412418,1.5742799,1.6825261,1.5087632,1.8481051,2.264173,1.7150158,2.7524977,2.476126,3.662826,3.286627,0.8094146,0.0,1.7485135,1.8531716,2.6060734,3.3527355,3.7377594,3.8628247,2.099307,2.2613485,1.7967077,2.184615,2.2703054,2.4549062,3.1001325,2.5136,2.5993211,2.3274798,2.0698054,2.212175,3.3234518,3.2825372,3.3082302,2.2386703,3.3003647,3.242424,3.6283083,3.4427114,3.0314643,2.9566286,3.0628896,2.5629766,2.7645962,2.6175115,2.5995553,2.7135205,2.3867989,2.3605406,2.300815,2.1146352,3.341308,2.942172,1.8671204,1.6832135,2.059699,2.1132948,2.2279243,2.1346436,2.040178,2.0462897,2.0660734,2.1713533,2.5113068,2.6632204,2.5216753,3.8465939,1.9876462,1.9724215,1.9182132,1.9403696,2.7627087,2.9094994,2.4590452,2.762151,1.986088,2.078442,2.3609562,1.8970152,2.1370747,2.2922,2.315238,2.2440758,1.9384639,1.8525897,1.9239115,1.786316,1.8624623,1.9997803,2.0384269,2.0177145,2.953817,2.8343723,2.7354097,2.9317713,3.140573,3.0439737,3.0653558,3.0363805,1.7137948,1.6363281,1.6701552,1.5971358,1.5734645,1.5609056,2.065138,2.259973,3.1337965,2.6453342,2.0534253,1.7491261,2.0504506,2.0113478,1.9636817,2.8425503,1.9652162,1.4117463,2.5583463,2.713597
22,2.250329,2.2652647,3.2265458,2.9383714,2.450925,1.4774497,1.526699,1.4887408,1.4943427,1.5186294,1.2456638,1.3225093,1.6864636,1.3382192,2.0412495,1.3172709,2.7307491,2.410034,4.0510693,3.3969018,1.907052,1.7485135,0.0,1.4250594,2.659559,2.907882,3.4435148,3.4810996,1.7869446,2.0830052,2.2067628,2.3902328,2.4359188,2.5645628,3.491864,2.8164787,2.3808784,2.48968,2.5698805,2.834968,2.7442324,2.6276598,2.7888582,2.2374263,3.2981155,3.2735574,3.3055518,3.291979,3.4352713,3.58411,2.9551432,2.8910859,2.3831022,2.426635,2.4449255,2.5801847,2.2759078,2.1984642,2.0482206,2.2384794,3.4559178,3.2447727,1.7620922,1.1036611,2.5458765,2.218906,2.0640943,2.0305634,2.2112865,2.33826,2.227497,2.059945,2.7017226,2.7976043,2.6582851,3.321423,2.3117998,2.3149588,2.3749921,2.4141614,2.9013371,2.9573052,2.567064,2.870037,2.3503299,2.1412504,1.8170161,1.6512778,2.0847933,2.0119991,2.3694909,2.8294916,2.258494,2.2358816,2.2991824,2.2147782,1.6605221,1.6675042,1.8214433,1.5914961,2.8884552,3.0863948,2.9058385,2.8618717,2.6889505,2.7400253,2.7144904,2.671995,1.4353001,1.7318361,1.8067473,1.6217026,1.4299883,1.4304078,1.940776,2.1633382,2.8851492,2.5603082,2.1223643,1.9232765,2.0874445,1.790963,1.6719928,2.8152096,1.3439553,1.6290826,2.4524186,2.575402
23,2.233781,2.3894012,3.1700864,3.0111692,2.327026,1.6583818,1.5185715,1.5077327,1.4825858,1.5113285,1.3491837,1.4110397,1.8968273,1.6495948,1.3062565,1.507859,2.2995436,2.1168482,4.0713573,3.4142184,2.1256642,1.8531716,1.4250594,0.0,2.8003614,2.8876522,3.2723227,3.3546035,2.0581133,2.3482778,1.9272789,2.0289264,2.5295053,2.3216076,3.1826065,2.4891,2.8500304,2.573948,2.8295882,3.0569704,3.1631644,3.0424747,2.8897364,2.4977274,3.0193248,3.0098794,3.139037,3.1290514,3.1176133,3.262692,3.3313131,3.102449,2.3307693,2.3053415,2.596934,2.8469555,2.1819525,1.7987732,2.4513867,2.3796096,3.2851171,3.1070642,1.8668848,1.6638736,2.7979825,2.554225,2.2609267,2.272495,2.5451825,2.5640783,2.5273035,2.2795255,2.841027,2.926541,2.786522,3.4707432,2.5243008,2.5292852,2.4250748,2.4751878,2.5368364,2.3425415,2.1807413,2.5083296,2.4164736,2.5013638,2.0510595,1.804417,2.1601698,2.094816,2.4576936,3.1493852,2.5504377,2.537021,2.556971,2.4583225,1.9034384,1.7126061,1.9040486,1.7936244,2.5887687,2.808344,2.6694388,2.5703785,2.4743567,2.0244856,2.0473258,2.045206,1.6167059,1.9638088,2.3395102,1.9809555,1.8729749,1.8698446,2.3487113,2.550374,3.1378946,2.8126051,2.475299,2.4376228,2.2387137,1.9302465,2.008456,2.7762005,1.7342118,2.0206473,2.7085145,2.8361967
24,2.3352509,2.1931615,2.2452345,2.608374,2.5297909,2.3160942,2.1896105,2.155433,2.3981245,2.3583975,2.4171476,2.3104613,2.7206535,2.2509918,3.021466,2.4373403,1.7196972,1.5569503,2.7587311,2.4849296,2.777705,2.6060734,2.659559,2.8003614,0.0,2.4093513,3.6565306,4.5796475,1.6154051,1.8407152,2.6315756,2.8446991,2.6776578,2.855249,3.3547897,2.9597814,2.9868293,2.7475066,2.433235,2.5628228,2.5412247,2.645073,2.7500012,1.6052868,2.9584305,2.871075,4.6144605,4.624007,3.9352925,3.9570165,3.7334023,3.6240432,3.14361,2.6702862,3.2242694,2.78608,2.7017083,2.5157988,2.0649776,2.4158084,2.947825,3.372377,1.9888738,2.1828055,2.228195,2.4600968,2.3071878,2.2548997,2.0510738,2.50256,2.0045106,2.3162036,1.9904726,2.2497194,1.9812618,2.5981843,1.6696386,1.6062642,1.9543135,1.9723853,2.7706292,3.0661862,2.8338587,2.8986802,2.3170416,2.3995123,2.8714557,2.289849,2.3522143,2.243029,2.588428,2.8540418,2.094739,2.2158918,2.0195963,2.110329,2.5296643,2.5547612,2.4983306,2.3686283,4.5813317,4.2842646,4.136703,4.559356,3.0525763,3.1565435,3.5582757,3.3499253,2.442533,1.714772,2.4230468,2.10491,2.557851,2.5827932,2.8624835,3.3734334,2.5122588,2.2640808,2.3579557,2.5418017,2.66609,2.5136023,3.4253707,3.9205537,2.3380413,1.7883863,3.2721527,3.1274166
25,2.8016918,2.9902384,3.1960511,2.5541804,2.5445216,2.1886272,2.3982303,2.3720922,2.2869802,2.240824,2.2823467,2.1768935,2.7338178,2.2642121,2.8332503,2.2228456,2.7658994,2.469652,4.354406,3.3942366,3.56749,3.3527355,2.907882,2.8876522,2.4093513,0.0,2.4365184,3.5573587,2.7169907,3.0305142,2.5296278,2.736526,2.6461492,2.8110716,3.4610724,3.0997784,2.9301493,2.69119,3.4460638,3.516941,3.30431,3.3826683,3.4546978,2.1513329,2.9262192,2.9925785,4.5516086,4.726615,4.0649004,4.4165516,4.099713,4.1226187,3.1959856,2.9188137,3.775581,3.0239232,3.016118,2.8201041,2.73493,2.8241568,2.8943944,3.5663087,2.4369967,2.504476,3.1836607,2.4982464,2.3495202,2.3464792,3.0192935,3.3088026,3.123269,2.365552,1.9877228,2.2427964,1.9854573,2.4532309,2.7938323,2.7506545,2.944899,3.017,3.449575,2.8628943,3.4720871,3.5429819,3.294319,3.3076127,2.8129604,2.231616,2.244326,2.1296418,2.3958263,3.5217643,3.041247,3.0428593,2.9728496,2.918744,2.4358609,2.4338784,2.4397094,2.2518902,4.4358263,4.6807303,4.6368055,4.419207,3.729138,3.346942,3.4382615,3.2333024,2.243778,2.7791605,3.2813995,3.0128028,2.3637943,2.3882987,2.6959276,3.2367568,2.293875,1.9995625,2.15789,3.2548385,2.413411,2.3262973,3.2063987,3.840489,2.1817474,2.718128,3.159659,2.9672604
26,3.8912246,4.096918,4.738988,4.249916,2.2801752,2.685051,3.0204484,2.9948912,2.6341412,2.6379712,2.7477543,2.6396244,3.0965176,2.721425,3.2705135,2.7795525,3.8849604,3.5723958,4.7755456,4.3419085,3.9451303,3.7377594,3.4435148,3.2723227,3.6565306,2.4365184,0.0,2.7212944,3.2392619,3.162626,2.58044,2.3445296,2.9512508,3.111826,4.1273184,3.3253224,3.4806926,3.1673043,3.9753165,4.048012,4.0258965,3.7031918,3.7675257,2.9952176,3.755676,3.795304,4.641564,4.3649507,4.3585434,4.729297,4.7039785,4.491324,3.2481916,3.6057558,3.87582,3.6699488,2.9430928,2.8469784,3.1906626,3.0034952,3.4138577,3.6422756,3.0459719,3.2707329,3.2331312,2.7246916,2.5278876,2.4995043,3.39753,3.5177903,3.4575639,2.6319945,2.8535333,2.968394,2.9629633,3.1768403,3.2310178,3.2453911,3.2027328,3.24136,3.9088023,3.1963646,3.8676348,3.91916,3.6459029,3.3265765,3.5122058,2.612932,3.1235828,2.8361847,3.210335,3.7309904,3.3569582,3.3651798,3.2875183,3.2223804,2.6854572,2.6532812,2.7719817,2.4375312,4.257161,4.7289686,4.6445456,4.2138977,4.468684,3.88987,3.1618571,3.1042588,2.6043248,3.3664136,3.576178,3.390536,2.9369695,2.947647,2.9050467,3.314592,3.174305,2.8048368,2.7929802,3.527475,2.948019,2.8454995,3.0606828,2.6289384,2.7497249,3.3674111,3.238874,3.125243
27,4.5269327,4.6179695,5.1957197,4.693433,2.881548,3.0075362,3.56024,3.5373783,3.0878818,3.1197543,3.1673834,3.154437,3.7646265,3.58761,3.835709,3.4415605,4.4909973,4.2303157,5.42926,4.99697,3.962368,3.8628247,3.4810996,3.3546035,4.5796475,3.5573587,2.7212944,0.0,4.0268526,3.897683,3.1557186,2.9850593,3.5658686,3.7732637,4.2545543,3.887486,3.908753,3.6061301,4.3895497,4.445342,4.350976,4.042521,4.0301833,3.8410454,3.9900239,3.9780169,3.9004385,3.9487488,4.2874856,4.6672983,4.875697,4.730006,3.8561122,4.1390476,4.1318517,4.286282,3.4025292,3.5507987,3.7417479,3.6380663,4.0892625,4.0758038,3.7196126,3.7064905,4.304709,3.6490333,3.5576217,3.552939,4.291865,3.322152,4.320469,3.6014855,3.925629,3.5261548,3.892413,3.7226593,3.804669,3.8311133,3.7749174,3.8423605,4.8403897,4.110492,4.189413,4.8126283,4.317323,3.7627754,3.6360443,3.4718642,3.8855882,3.688231,2.9485831,4.679767,4.207851,4.1467166,4.189426,3.9976525,3.4602544,3.4949043,3.6501024,3.3098056,3.7365277,4.316828,4.205508,3.6923807,4.836543,4.1781497,3.2276378,3.3081524,3.0729182,3.8861663,3.5962315,3.5779655,3.1808047,3.1747553,3.0162656,3.0731394,4.113079,3.5045874,3.6447005,3.680958,3.1412704,3.0662405,3.1757028,2.6663303,3.039867,3.7422302,3.5097353,3.2748356
28,1.9505539,1.9057215,2.7946157,2.8715389,1.7781631,1.5727122,1.4159304,1.3509982,1.7847689,1.772831,1.6413709,1.5476284,2.136855,1.5501285,2.3655157,1.685855,2.285234,1.7405556,3.2608933,3.1759474,2.1312704,2.099307,1.7869446,2.0581133,1.6154051,2.7169907,3.2392619,4.0268526,0.0,0.9592061,2.189277,2.325193,2.4820952,2.5807514,3.6149075,2.8651454,2.867907,2.6641335,2.366185,2.5378718,2.5420382,2.3062866,2.4011865,1.5435923,3.2948952,3.2289147,3.9390547,3.820596,3.2493339,3.3301678,3.2073689,3.0624495,2.620408,2.3209512,2.6052523,2.5257378,2.2334113,2.0965621,1.7684507,2.0812016,3.3226857,3.3079872,1.2308339,1.4217937,1.7038957,1.9473623,1.6552571,1.6564858,1.4230913,2.2538621,1.3513598,1.6716726,2.2364602,2.2824087,2.2355182,2.897799,1.5997809,1.5638307,1.5274822,1.5421766,2.455486,2.6827106,2.3875012,2.4448576,1.9133611,1.5543675,2.024525,1.6250687,1.9323256,1.7311739,2.6459682,2.555377,1.6178048,1.7158078,1.6603692,1.7720807,2.0584729,2.0292728,2.0355496,1.7956551,3.793384,3.6068895,3.4230015,3.7584152,2.6715279,2.7193666,2.9640326,2.7805877,1.9982519,1.5904993,2.0549595,1.7524594,2.0403912,2.0631413,2.4565501,2.833653,2.8689547,2.6127565,2.2012825,2.1397095,2.57809,2.3318276,2.5147607,2.924538,1.7891834,1.3928963,2.703919,2.7332058
29,2.7469885,2.6946719,3.3586767,3.4846513,1.6088344,1.9474595,1.9964103,1.9354143,2.1649756,2.1608996,2.047021,1.9416066,2.3611057,1.8990375,2.7975442,2.1519737,2.4188435,2.0631182,2.872875,3.2220075,2.360568,2.2613485,2.0830052,2.3482778,1.8407152,3.0305142,3.162626,3.897683,0.9592061,0.0,2.2291408,2.140248,2.6626704,2.8194745,3.6739638,2.9519067,3.0678422,2.8689086,2.5423903,2.648915,2.713914,2.4845448,2.5655637,1.944729,3.398699,3.3109956,4.0761566,3.9700894,3.4776032,3.5065358,3.347566,3.1528692,2.8022597,2.7221055,2.795145,2.7597277,2.3656206,2.250538,1.9602375,2.3003867,3.4944205,3.4551165,1.8590819,1.9867388,1.8790876,2.1146936,1.902702,1.878346,1.6362513,2.2244375,1.5327895,1.9704543,2.347943,2.4630327,2.3098395,2.909437,1.6207975,1.5838226,1.7165738,1.7178687,2.6970563,2.986605,2.6238532,2.7121747,2.1014788,1.4225205,2.3240921,1.9299743,2.4330814,2.1398873,2.7499893,2.584077,1.675862,1.7888203,1.655881,1.781565,2.147277,2.1403966,2.150127,1.8797423,3.9557896,3.799715,3.579094,3.9043539,3.1118634,3.1506124,2.9488728,2.8722367,2.262957,1.7938973,2.0832195,1.8468257,2.3505788,2.3657563,2.6688135,3.0410578,3.0955822,2.6924717,2.3994153,2.26637,2.7407882,2.5745938,2.81301,2.6924572,2.195318,1.7135781,2.9012663,2.8794863
30,2.5603137,2.81696,3.4616795,3.460832,1.9704906,1.6975477,1.484523,1.5299135,1.5203848,1.5107163,1.6035959,1.6363243,1.5952369,1.7526431,2.330408,1.6817844,2.5672634,2.313957,3.517458,3.0560935,2.1672375,1.7967077,2.2067628,1.9272789,2.6315756,2.5296278,2.58044,3.1557186,2.189277,2.2291408,0.0,0.819723,2.1145074,2.3032415,3.4290142,2.4311008,2.7273023,2.3998318,2.7354817,2.9424124,3.7584002,3.5873075,3.55121,2.1575115,3.4467347,3.4227047,4.13828,4.0359015,3.2624686,3.3797302,3.4585712,3.0747108,2.7560656,2.8090448,3.0952952,2.9400947,2.468928,2.1742146,2.3830633,2.1605709,2.9256785,2.9108708,1.7624779,1.9073336,2.4882715,2.0858371,1.9306734,1.811919,2.319383,2.175721,2.388684,1.9298261,2.428838,2.4400272,2.363605,3.533019,2.0863924,2.0807445,2.0079556,2.095201,3.2238142,2.8968036,2.999695,3.2432487,2.352219,2.4853413,2.3874674,1.7785326,2.1713588,2.2146301,2.4925258,2.7771492,2.4315708,2.3831172,2.3665857,2.242723,1.4490675,1.6817923,1.8385437,1.5772195,3.6304095,3.9136312,3.8405056,3.5956728,3.5632234,3.1796122,2.9224782,2.889491,1.7111577,1.9134252,2.4902833,2.3092964,1.8905218,1.895625,2.3279972,2.8073897,3.1420393,2.271476,1.905058,2.5148869,2.3766365,2.1284006,2.284807,2.4913473,1.9266312,2.0501478,2.288721,2.1388988
