0.000000000000000000e+00,5.859968427285467962e-01,7.599496122186933933e-01,7.147909614890433083e-01,1.015488789593367303e+00,1.095350119119331778e+00,1.028217900032853294e+00,1.021109147828671793e+00,9.752397714729659217e-01,9.371509062150934488e-01,9.863796678335905455e-01,9.837387536759294449e-01,9.869070026308615073e-01,9.623505735597611688e-01,1.058634779446576690e+00,1.074246826151400880e+00,9.725686084955701416e-01,9.953063626155814747e-01,9.714980868629415900e-01,9.800295181266653888e-01,9.853241515678236029e-01,9.203446850120713396e-01,9.310238509459234368e-01,9.832097196211724288e-01,9.487381399904996071e-01,9.437896024727608912e-01,9.789671551931301563e-01,9.601855526540137298e-01,9.552963158039254887e-01,9.552963158039254887e-01,9.736379530830046036e-01,9.601855526540138408e-01,1.117917642010545443e+00,1.130413901157111489e+00,9.999999999999998890e-01,1.034775156925512141e+00,9.926891969954267925e-01,1.007774151729890821e+00,1.054202234733431665e+00,1.053214691439645412e+00,9.226032029725863559e-01,9.237303911791193700e-01,9.714980868629414790e-01,9.832097196211720957e-01,9.926891969954267925e-01,9.509292240634626969e-01,9.826804007566329879e-01,9.768389632081752039e-01,1.041790662061621964e+00,9.895394613018041463e-01,9.895394613018042573e-01,9.853241515678233808e-01,1.124414519866669293e+00,1.143228719139957938e+00,9.152426425232972340e-01,9.688166075923357878e-01,9.304648452810293513e-01,1.040791342251720986e+00,9.254185992116805703e-01,9.377059260482986103e-01,9.470915003808514365e-01,9.343708618038862879e-01,1.047766565736239386e+00,9.937368903709264956e-01,1.166654278711298121e+00,1.167991418724623864e+00,1.144593225755494714e+00,1.159048014401398596e+00,1.163975390494755624e+00,1.183040052960790067e+00,1.139582047268108855e+00,1.161738264862522740e+00,1.161738264862522740e+00,1.198333911032690713e+00,1.292739671581540462e+00,1.266719607488507204e+00,1.076182407587888745e+00,1.107161438821323340e+00,1.083410040241720163e+00,1.086287628418240780e+00,1.103395572676584946e+00,1.120706630067110021e+00,1.105280109613665074e+00,1.105280109613665074e+00,1.109039576623940704e+00,1.055188853793298298e+00,1.088679808431367801e+00,1.110914539207906948e+00,1.290322580645161255e+00,1.303960189123079649e+00,1.240153728176843995e+00,1.246848263876624952e+00,1.291531691559200334e+00,1.281420907486529481e+00,1.245595779116633661e+00,1.277761440021829564e+00,1.225806451612903247e+00,1.168881995612479852e+00,1.166654278711298121e+00,1.160842207448166352e+00,1.182160142052173457e+00,1.196595934902671132e+00,1.179957494075605018e+00,1.162633631673554602e+00,1.161738264862522518e+00,1.221980446766181005e+00,1.251014156752601192e+00,1.188305835896377838e+00,1.160393919264835150e+00,1.161290322580644796e+00,1.140494808365398960e+00,1.153648693048236140e+00,1.135923668494129402e+00,1.141406839545427543e+00,1.110446095358612828e+00,1.112786342623247604e+00,1.135007231339301592e+00,1.122098524575876111e+00,1.111382785609819956e+00,1.077148894004128499e+00,1.167100162266163865e+00,1.163528309475576172e+00,1.170216590143035473e+00,1.136381609923131197e+00,1.124877146720173471e+00,1.116986431818114855e+00,1.161290322580644796e+00,1.131793857603150100e+00
5.859968427285467962e-01,0.000000000000000000e+00,6.491810257257453198e-01,5.956833971812706130e-01,9.354838709677417707e-01,1.021618556265362354e+00,9.492863851330424207e-01,9.415819044726722042e-01,8.916306426506612759e-01,8.498025724077088450e-01,8.851885634846605733e-01,8.822447955598283764e-01,8.857761430803856584e-01,8.583312706871012443e-01,9.650500194613929050e-01,9.821507966218275820e-01,8.697721782395331225e-01,8.951249629362327820e-01,8.875365478837161648e-01,8.781069412139482777e-01,8.840122326480465142e-01,8.109551670952601654e-01,8.230548917531015363e-01,8.816548624978354232e-01,8.368465658756674141e-01,8.312321759177497826e-01,8.709677419354837635e-01,9.066754401648510209e-01,8.179820860068363064e-01,8.179820860068363064e-01,8.649733985672207748e-01,8.498025724077088450e-01,1.004153704275701608e+00,1.018047344390935249e+00,8.709677419354836525e-01,9.106834976447160113e-01,8.625639972336086592e-01,8.798826901281194823e-01,9.326988577290939997e-01,9.315825211737837064e-01,8.019227673971642822e-01,8.032193289024984750e-01,8.141567396209002938e-01,8.280966227737696084e-01,8.393297955650116382e-01,8.343559455727456164e-01,8.619605945733793684e-01,8.637695379997339939e-01,9.421343139684018597e-01,8.840122326480462922e-01,9.242934697996386673e-01,9.197791889924676889e-01,1.032761973779491527e+00,1.073762385618918236e+00,8.268390721275029609e-01,8.607525202662148489e-01,8.607525202662147379e-01,9.789671551931298232e-01,8.552950699072805474e-01,8.685749688926616141e-01,8.846005936001344327e-01,8.709677419354836525e-01,9.863796678335903234e-01,9.343708618038861768e-01,1.077631812160649183e+00,1.079079269914692052e+00,1.053708578778133509e+00,1.069392545435533526e+00,1.074731048319850224e+00,1.095350119119331556e+00,1.048263019953026731e+00,1.072307750877074417e+00,1.072307750877074417e+00,1.111850834813811639e+00,1.213006172707300934e+00,1.185236972314440917e+00,9.487381399904990520e-01,9.837387536759290008e-01,9.869070026308612853e-01,9.900651131111485315e-01,1.025177327875528732e+00,1.043786431442802032e+00,1.027205376005848381e+00,1.027205376005848381e+00,1.014976304680791586e+00,1.023145259816367725e+00,9.926891969954266814e-01,1.017024694866738077e+00,1.210429873502820275e+00,1.224957261035324096e+00,1.156801359809103369e+00,1.163975390494755624e+00,1.211718707805996775e+00,1.200936159289437866e+00,1.162633631673554824e+00,1.197030665501901403e+00,1.069878964630774254e+00,1.004153704275701608e+00,1.001559657823227090e+00,9.947834803296302653e-01,1.019579395437361535e+00,1.036282477690903425e+00,1.017024694866738077e+00,9.968733638943509945e-01,1.016512984296046751e+00,1.084849788438724705e+00,1.117452133915404877e+00,1.046772950941157854e+00,1.020089567796250929e+00,1.021109147828671571e+00,9.973951505638903869e-01,1.012409988804852112e+00,9.921649354341737226e-01,9.932131818284287705e-01,9.628910681676963179e-01,9.655890030384359779e-01,1.007774151729890377e+00,9.932131818284287705e-01,9.810907306932606931e-01,9.421343139684017487e-01,1.027711762714450527e+00,1.023653655007898289e+00,1.031249507299727419e+00,9.926891969954265704e-01,9.794984806896108731e-01,9.704263842897623560e-01,1.021109147828671349e+00,9.874340558073522178e-01
7.599496122186933933e-01,6.491810257257453198e-01,0.000000000000000000e+00,3.924362922773053097e-01,7.980204436679343427e-01,8.857761430803859914e-01,8.128776237647840075e-01,8.230548917531015363e-01,7.530720987050806281e-01,7.419354838709675271e-01,8.109551670952600544e-01,8.012736998951108802e-01,7.986721550412867465e-01,7.681213483735906955e-01,8.522480524918003564e-01,8.631669780812677439e-01,8.173457715690274350e-01,8.442743437614450563e-01,7.398287058825619988e-01,8.198880662670213759e-01,8.679757449724974094e-01,8.217896259907738754e-01,8.411874071229223926e-01,8.834234798470421701e-01,7.927874662867424593e-01,7.986721550412868575e-01,7.848725845546088431e-01,8.280966227737699414e-01,8.186179058354527971e-01,8.186179058354527971e-01,8.224225021923847745e-01,8.064516129032256453e-01,1.004671709832092530e+00,1.022636611880474611e+00,8.715649087810511952e-01,9.112546381822922426e-01,8.510261908563171440e-01,8.685749688926616141e-01,9.432381624008671084e-01,9.152426425232969009e-01,7.681213483735906955e-01,7.828813612588124693e-01,8.461210999099353369e-01,8.287246824945242452e-01,8.834234798470418371e-01,8.362246062461752283e-01,8.721616667481142393e-01,8.715649087810510842e-01,9.032258064516126561e-01,8.424235391742317391e-01,8.892934678767883128e-01,8.715649087810511952e-01,1.027205376005848603e+00,1.047766565736239386e+00,7.993233350557333861e-01,8.601478468369923025e-01,8.528583268646632298e-01,9.338138597503304883e-01,8.083847797510752553e-01,8.595427480305951606e-01,7.626832527443151433e-01,7.551419297238465278e-01,8.962867089967612166e-01,8.236867957937872298e-01,1.002079004323165323e+00,1.003635431361550978e+00,1.009837151128937016e+00,1.030239962752987681e+00,1.034775156925511919e+00,1.049255223696166972e+00,1.007257741677160645e+00,1.035277841024593970e+00,1.040291322361102777e+00,1.074246826151400436e+00,1.187429827051997622e+00,1.190055919077207536e+00,9.360398792610905572e-01,9.714980868629414790e-01,9.443407205357704504e-01,9.476406981657017337e-01,9.531152711415580292e-01,9.837387536759290008e-01,9.552963158039252667e-01,9.552963158039252667e-01,9.832097196211720957e-01,9.874340558073524399e-01,9.214746359410126431e-01,9.800295181266649447e-01,1.163528309475576172e+00,1.183919309903391337e+00,1.117917642010545221e+00,1.125339583387897191e+00,1.142318142556501659e+00,1.130874073739232655e+00,1.068905904889089875e+00,1.106221174160144871e+00,1.103867008533462757e+00,1.035277841024594192e+00,1.052720572392304321e+00,1.049255223696166972e+00,1.060108175816450116e+00,1.076182407587888301e+00,1.027711762714450749e+00,1.038288834802004956e+00,1.048263019953026509e+00,1.065981396248922630e+00,1.149129879390766273e+00,1.066957123131691665e+00,1.041790662061621742e+00,1.043786431442802032e+00,1.023653655007898289e+00,1.041291122036707595e+00,9.714980868629414790e-01,1.012409988804852112e+00,9.794984806896109841e-01,9.693534968591428491e-01,1.003116890675239015e+00,9.884873190996485981e-01,9.763061903497772809e-01,9.371509062150931157e-01,1.040291322361102999e+00,1.039290560876581004e+00,1.029734819323378181e+00,9.591012095044194607e-01,9.863796678335902124e-01,9.773714456479425383e-01,1.041790662061621742e+00,9.837387536759288897e-01
7.147909614890433083e-01,5.956833971812706130e-01,3.924362922773053097e-01,0.000000000000000000e+00,8.135174330915155849e-01,8.997629471600874229e-01,8.280966227737699414e-01,8.380891004365534913e-01,7.815510606184332687e-01,8.012736998951108802e-01,8.249491517770592974e-01,8.154338490170668363e-01,8.064516129032256453e-01,7.762070590655459901e-01,8.595427480305952717e-01,8.703701653698090457e-01,8.224225021923845524e-01,8.491901020056891181e-01,7.755364696884712306e-01,8.312321759177498937e-01,8.986056953022011351e-01,8.268390721275028499e-01,8.461210999099355590e-01,8.881225740604002938e-01,8.122373104525271170e-01,8.064516129032257563e-01,7.927874662867423483e-01,8.479638340706395772e-01,8.387096774193546489e-01,8.387096774193546489e-01,8.485771895461875491e-01,8.331078432351584073e-01,9.984379058414295516e-01,1.019579395437361535e+00,8.643716778693070202e-01,9.043771463791084875e-01,8.436578600401299921e-01,8.613567692141086418e-01,9.421343139684018597e-01,9.141049880841772834e-01,7.973681996327917076e-01,7.908161723955651201e-01,8.461210999099352259e-01,8.287246824945242452e-01,8.939617071323235908e-01,8.473500346170125264e-01,8.828343344131616144e-01,8.763275940132980724e-01,9.066754401648510209e-01,8.461210999099353369e-01,8.846005936001345438e-01,8.927969356837448522e-01,1.033265637293352412e+00,1.053708578778133731e+00,8.070965163352777916e-01,8.673761070805645623e-01,8.418057000451536487e-01,9.315825211737835954e-01,8.096709934200730929e-01,8.236867957937872298e-01,8.192532322064702832e-01,8.274680863471390868e-01,9.580156390269348732e-01,8.904628220543392425e-01,1.014463560872024717e+00,1.016001016001523594e+00,1.022127710822893665e+00,1.034272228508476887e+00,1.043786431442802032e+00,1.058143191410110928e+00,1.016512984296046751e+00,1.044284777821847809e+00,1.057159329559608674e+00,1.090589774475933194e+00,1.197899653395299246e+00,1.169771894481854480e+00,9.492863851330424207e-01,9.842675033801517870e-01,9.574723922358597816e-01,9.607272652797049783e-01,9.682794206324920605e-01,9.984379058414293295e-01,9.618097752177786619e-01,9.618097752177786619e-01,9.916403967057674240e-01,9.958289703505243118e-01,9.248562056020287470e-01,9.937368903709262735e-01,1.181279575716164709e+00,1.189181199430113578e+00,1.123488694662451381e+00,1.130874073739232433e+00,1.145956107634297672e+00,1.134548735165740396e+00,1.074731048319850446e+00,1.111850834813811861e+00,1.111382785609820401e+00,1.053214691439645412e+00,1.060598853082167059e+00,1.057159329559608674e+00,1.067931958532054360e+00,1.083890168800737852e+00,1.065493197736370190e+00,1.046275789692054925e+00,1.056174551209347889e+00,1.117452133915404433e+00,1.156351505092575671e+00,1.088201793124709216e+00,1.059617271332699229e+00,1.060598853082167059e+00,1.031753909143191539e+00,1.049255223696166972e+00,9.800295181266650557e-01,1.020599485132668960e+00,9.879608278137773647e-01,9.905904859860698020e-01,1.011381639134895094e+00,9.968733638943506614e-01,9.847959691918541925e-01,9.459921482977530216e-01,1.048263019953026731e+00,1.047269876177285397e+00,1.037787609170671477e+00,9.677419354838707743e-01,1.005189448444056444e+00,9.858520509636206075e-01,1.049750973888578853e+00,9.921649354341736116e-01
1.015488789593367303e+00,9.354838709677417707e-01,7.980204436679343427e-01,8.135174330915155849e-01,0.000000000000000000e+00,4.955577901850694578e-01,4.641127280625187423e-01,4.817156297763872663e-01,9.498343138280938014e-01,9.377059260482987213e-01,9.963513039664836368e-01,9.832097196211720957e-01,9.895394613018042573e-01,9.704263842897626891e-01,9.612686726291185257e-01,9.612686726291185257e-01,1.025177327875529176e+00,1.046772950941158076e+00,9.698900889272842329e-01,1.043287847019111370e+00,1.035277841024594192e+00,9.209098337819480173e-01,9.900651131111487535e-01,1.026191852941088056e+00,9.536609999415793792e-01,9.585585779421692543e-01,9.900651131111486425e-01,9.958289703505244228e-01,9.492863851330424207e-01,9.492863851330424207e-01,9.459921482977535767e-01,9.321408565677345992e-01,1.155000889675364739e+00,1.162633631673554602e+00,1.026191852941087834e+00,1.057159329559608674e+00,9.879608278137773647e-01,1.008290297295985738e+00,1.068419042688979914e+00,1.033769055416907001e+00,9.498343138280938014e-01,9.443407205357705614e-01,1.016001016001523816e+00,1.014976304680791586e+00,1.022127710822893887e+00,9.816209067550279999e-01,1.019579395437361535e+00,1.013950557774303540e+00,1.090112596691341862e+00,1.036282477690903647e+00,1.049255223696167194e+00,1.058143191410110928e+00,1.166654278711298121e+00,1.093448468172792953e+00,9.805602679723007808e-01,1.022636611880474611e+00,9.937368903709262735e-01,1.089157613944137237e+00,1.008806178781411989e+00,9.932131818284289926e-01,9.421343139684018597e-01,9.315825211737838174e-01,1.036282477690903425e+00,9.921649354341738336e-01,1.174211272464599443e+00,1.153197608498030435e+00,1.123951702592538071e+00,1.146863795782656181e+00,1.159945457830012794e+00,1.170216590143035473e+00,1.132712894585769847e+00,1.135007231339301592e+00,1.155000889675364517e+00,1.170661116878971120e+00,1.272865784319280991e+00,1.282638409811035052e+00,1.088201793124709438e+00,1.118848077162878818e+00,1.095350119119331556e+00,1.098196421325754679e+00,1.106691406348931261e+00,1.155000889675364517e+00,1.128110222583593725e+00,1.128110222583593725e+00,1.110446095358613050e+00,1.121634751658948659e+00,1.085329280081336556e+00,1.112318687068816869e+00,1.288304874046184212e+00,1.301164130974109767e+00,1.244760089133853720e+00,1.248099491751812895e+00,1.289515876858495780e+00,1.279389162261415525e+00,1.234266223852192867e+00,1.267540819637967608e+00,1.224532444909826268e+00,1.195725999538750584e+00,1.140950915085638062e+00,1.158599032004384854e+00,1.169327029702700083e+00,1.176866861093851080e+00,1.187429827051997178e+00,1.163975390494755624e+00,1.140494808365398738e+00,1.203532781043717748e+00,1.243923837719925318e+00,1.180839046304717366e+00,1.167991418724623642e+00,1.168881995612479630e+00,1.124414519866669071e+00,1.140494808365398738e+00,1.053708578778133731e+00,1.119777739207082234e+00,1.101507811546055926e+00,1.103867008533462313e+00,1.117917642010544998e+00,1.118848077162878374e+00,1.105280109613664852e+00,1.095825016223420656e+00,1.166654278711297898e+00,1.165761999973718988e+00,1.157251039654973557e+00,1.127648922125711550e+00,1.107631271831573283e+00,1.091066743566951880e+00,1.149129879390765829e+00,1.096774193548386567e+00
1.095350119119331778e+00,1.021618556265362354e+00,8.857761430803859914e-01,8.997629471600874229e-01,4.955577901850694578e-01,0.000000000000000000e+00,6.112030748869794472e-01,6.246747332592591517e-01,1.016512984296046973e+00,1.023653655007898511e+00,1.081487394467110175e+00,1.069392545435533970e+00,1.066469371278486289e+00,1.048759239161861867e+00,1.074731048319850446e+00,1.040291322361103221e+00,1.109039576623940926e+00,1.129032258064516014e+00,1.045280757807719230e+00,1.125801830104202983e+00,1.118382956345788104e+00,1.013437294993871474e+00,1.076665759243782938e+00,1.109977453811951786e+00,1.033265637293352635e+00,1.037787609170671699e+00,1.066957123131692109e+00,1.059617271332699451e+00,9.984379058414296626e-01,9.984379058414296626e-01,1.026191852941088056e+00,1.013437294993871252e+00,1.230043610641136542e+00,1.237213478113877718e+00,1.034272228508477109e+00,1.065004775433495032e+00,1.074731048319850224e+00,1.093448468172792731e+00,1.149129879390765829e+00,1.116986431818114855e+00,1.039791062018464274e+00,1.034775156925512141e+00,1.100562716724643675e+00,1.099616809616729585e+00,1.038288834802004956e+00,1.064027258223912087e+00,1.099143550800052660e+00,1.093924190826655929e+00,1.160393919264835372e+00,1.109977453811951786e+00,1.122098524575876333e+00,1.130413901157111489e+00,1.232578914486632149e+00,1.163528309475576394e+00,1.058143191410111372e+00,1.097248474302899846e+00,1.094399706689507701e+00,1.159496822942672534e+00,1.084370084772361853e+00,1.069878964630774032e+00,1.009321796591097442e+00,9.994795732148171741e-01,1.107161438821323118e+00,1.056174551209348111e+00,1.228773997080058411e+00,1.208709290012592863e+00,1.180839046304717588e+00,1.202667863374660806e+00,1.215148916247571487e+00,1.224957261035323874e+00,1.189181199430113356e+00,1.213006172707300712e+00,1.218996363076850331e+00,1.233844612832598386e+00,1.331207114965377247e+00,1.340554500334203203e+00,1.123951702592538071e+00,1.153648693048236140e+00,1.130874073739232211e+00,1.133631186503585520e+00,1.189181199430113356e+00,1.206123812634833037e+00,1.191803432381365102e+00,1.191803432381365102e+00,1.183919309903391337e+00,1.194419908488620230e+00,1.160393919264835150e+00,1.185675867708974263e+00,1.338223775012357342e+00,1.360586884449234812e+00,1.306750264550263996e+00,1.309931645435287173e+00,1.357140901158879531e+00,1.347522488658414508e+00,1.292739671581540462e+00,1.328468405288645071e+00,1.291531691559200334e+00,1.268361500086290006e+00,1.171549664344185393e+00,1.243505501122347034e+00,1.243505501122347034e+00,1.250598191934201520e+00,1.256409167364544555e+00,1.238474440029191159e+00,1.216432750642890026e+00,1.275723866663560413e+00,1.313897538994600156e+00,1.254336909369262898e+00,1.242249646062561386e+00,1.243087023741786368e+00,1.201369319324907758e+00,1.216432750642890026e+00,1.135465542374066938e+00,1.185675867708974263e+00,1.179957494075605018e+00,1.182160142052173679e+00,1.179516470889175217e+00,1.180398352485934055e+00,1.167545875538958278e+00,1.158599032004384854e+00,1.219849703302518185e+00,1.218996363076850331e+00,1.210859637362803776e+00,1.182600179343442415e+00,1.163528309475575950e+00,1.147770766106915641e+00,1.203100399933645814e+00,1.153197608498030435e+00
1.028217900032853294e+00,9.492863851330424207e-01,8.128776237647840075e-01,8.280966227737699414e-01,4.641127280625187423e-01,6.112030748869794472e-01,0.000000000000000000e+00,1.880952224143538909e-01,8.962867089967612166e-01,9.112546381822921315e-01,9.596435342350652098e-01,9.459921482977532436e-01,9.805602679723006698e-01,9.612686726291185257e-01,9.895394613018041463e-01,9.465419839433035776e-01,1.017536148102419435e+00,1.039290560876581226e+00,9.672041516493513624e-01,1.040791342251720986e+00,1.032761973779491527e+00,9.180806110166259693e-01,9.874340558073525509e-01,1.023653655007898511e+00,9.443407205357706724e-01,9.492863851330424207e-01,9.810907306932610261e-01,9.816209067550279999e-01,9.607272652797048673e-01,9.607272652797048673e-01,9.574723922358598927e-01,9.437896024727605582e-01,1.145501993842883870e+00,1.121170786902113692e+00,1.015488789593367080e+00,1.046772950941157854e+00,9.714980868629413679e-01,9.921649354341737226e-01,1.053214691439645190e+00,1.018047344390935027e+00,9.459921482977532436e-01,9.404761120718223566e-01,1.007257741677160645e+00,1.011381639134895316e+00,1.011381639134895316e+00,9.704263842897623560e-01,1.005706920523863790e+00,1.010352242797794675e+00,1.093448468172792731e+00,1.029734819323378181e+00,1.045778392093375642e+00,1.039791062018464052e+00,1.163528309475575950e+00,1.087245132022755634e+00,9.736379530830043816e-01,1.019068967672987824e+00,1.010867071999508982e+00,1.080043164050529025e+00,9.832097196211722068e-01,1.029734819323378403e+00,9.382606175644504498e-01,9.276647641644129028e-01,1.037787609170671255e+00,9.884873190996489312e-01,1.162186034493665421e+00,1.145501993842883648e+00,1.116054444645560473e+00,1.139125392452230212e+00,1.158599032004384854e+00,1.168881995612479630e+00,1.131334059145172599e+00,1.156351505092575005e+00,1.151843294926265804e+00,1.186114600700014732e+00,1.287092731823225922e+00,1.296758144660759893e+00,1.077148894004128721e+00,1.108100905633397693e+00,1.087245132022755412e+00,1.090112596691341640e+00,1.132253469340918528e+00,1.158149875549434604e+00,1.124877146720173249e+00,1.124877146720173249e+00,1.123025495840593857e+00,1.124877146720173471e+00,1.098196421325754679e+00,1.124877146720173471e+00,1.285474764204598053e+00,1.298362051451490640e+00,1.216432750642890026e+00,1.224107481355501292e+00,1.296356857897427162e+00,1.286284002411411942e+00,1.231311915096278131e+00,1.264664244123397063e+00,1.213006172707300934e+00,1.139125392452230434e+00,1.128571334486186739e+00,1.157251039654973557e+00,1.167991418724623642e+00,1.175539816663780046e+00,1.171105474882021991e+00,1.151843294926265804e+00,1.122562105890664963e+00,1.186553171467710666e+00,1.227503070350996595e+00,1.163528309475575950e+00,1.151391503069338018e+00,1.152294909644628662e+00,1.125801830104202539e+00,1.141862581963087209e+00,1.058143191410110928e+00,1.123951702592537849e+00,1.105750742000167985e+00,1.108100905633397470e+00,1.122098524575875889e+00,1.123025495840593635e+00,1.109508614317408437e+00,1.100089864837414444e+00,1.170661116878970898e+00,1.169771894481854035e+00,1.150487387104967896e+00,1.120706630067109799e+00,1.107161438821322896e+00,1.095350119119331556e+00,1.139582047268108855e+00,1.101035365540387279e+00
1.021109147828671793e+00,9.415819044726722042e-01,8.230548917531015363e-01,8.380891004365534913e-01,4.817156297763872663e-01,6.246747332592591517e-01,1.880952224143538909e-01,0.000000000000000000e+00,9.326988577290939997e-01,9.470915003808512145e-01,9.884873190996488201e-01,9.752397714729658107e-01,9.890135301132831902e-01,9.698900889272843440e-01,9.979166644037430478e-01,9.552963158039253777e-01,9.947834803296304873e-01,1.017024694866738299e+00,9.432381624008672194e-01,1.018558284119157609e+00,1.010352242797794897e+00,8.927969356837448522e-01,9.639711482247698138e-01,1.001040041882767628e+00,9.531152711415583623e-01,9.580156390269352062e-01,9.895394613018041463e-01,9.900651131111485315e-01,9.531152711415582512e-01,9.531152711415582512e-01,9.661276859272216466e-01,9.525692296924771485e-01,1.148223982616624506e+00,1.123951702592538293e+00,1.018558284119157387e+00,1.049750973888578853e+00,9.747061244992336615e-01,9.953063626155810306e-01,1.056174551209347889e+00,1.021109147828671349e+00,9.492863851330424207e-01,9.437896024727605582e-01,1.010352242797794675e+00,1.014463560872024717e+00,1.014463560872024717e+00,9.736379530830041595e-01,1.011895944603749431e+00,1.013437294993871030e+00,1.101035365540387723e+00,1.037787609170671477e+00,1.053708578778133509e+00,1.047766565736239386e+00,1.170661116878971120e+00,1.097722550140229236e+00,9.853241515678233808e-01,1.027205376005848603e+00,1.019068967672987602e+00,1.087723567747571618e+00,9.916403967057675350e-01,1.037787609170671477e+00,9.470915003808512145e-01,9.365955574811594131e-01,1.040791342251720764e+00,9.704263842897624670e-01,1.169327029702700083e+00,1.152746347432621388e+00,1.123488694662451159e+00,1.146410041543022729e+00,1.165761999973718988e+00,1.175982331197301889e+00,1.138668554498244001e+00,1.163528309475575950e+00,1.154550333430533815e+00,1.188743598237953059e+00,1.289515876858495558e+00,1.299163262296920474e+00,1.087723567747571618e+00,1.118382956345787660e+00,1.094875016030782966e+00,1.097722550140229014e+00,1.135007231339301592e+00,1.165315604399254079e+00,1.132253469340918528e+00,1.132253469340918528e+00,1.125801830104202761e+00,1.127648922125711550e+00,1.101035365540387501e+00,1.127648922125711550e+00,1.291934477064566433e+00,1.304757962332689258e+00,1.223257111345712023e+00,1.230889292150897374e+00,1.298762718657896498e+00,1.288708668092785725e+00,1.238054262090031443e+00,1.271229709370195415e+00,1.235109014133977334e+00,1.162633631673554380e+00,1.152294909644628884e+00,1.180398352485934277e+00,1.190929996256433920e+00,1.198333911032690491e+00,1.193984227311080115e+00,1.175097135489482358e+00,1.132712894585769847e+00,1.196161046305751707e+00,1.236792871785859171e+00,1.173324740611174422e+00,1.174654287486007531e+00,1.175539816663780046e+00,1.149582560077771376e+00,1.165315604399253857e+00,1.065981396248922852e+00,1.131334059145172599e+00,1.113253801724993108e+00,1.115588159083263031e+00,1.129492993549134683e+00,1.130413901157111267e+00,1.116986431818114633e+00,1.107631271831573283e+00,1.177750726679269500e+00,1.176866861093851080e+00,1.168436792017730763e+00,1.139125392452230212e+00,1.114655002785224891e+00,1.102923935308306458e+00,1.123951702592538071e+00,1.108570340479972716e+00
9.752397714729659217e-01,8.916306426506612759e-01,7.530720987050806281e-01,7.815510606184332687e-01,9.498343138280938014e-01,1.016512984296046973e+00,8.962867089967612166e-01,9.326988577290939997e-01,0.000000000000000000e+00,2.456701001891585245e-01,5.688771641467222917e-01,5.455333717834761620e-01,7.284896639120136408e-01,7.213122508063836147e-01,8.306060122312084459e-01,8.442743437614450563e-01,8.343559455727457275e-01,8.571180810055752941e-01,8.280966227737697194e-01,8.343559455727456164e-01,8.613567692141086418e-01,7.967154216276427503e-01,8.540775674112078830e-01,8.957060243170849034e-01,7.475245307262234906e-01,7.412338898758744632e-01,7.681213483735905845e-01,7.440362964303737225e-01,8.343559455727456164e-01,8.343559455727456164e-01,7.881801111529428416e-01,7.782153601170846979e-01,1.006224126482723635e+00,9.773714456479426493e-01,8.479638340706392441e-01,9.026495857827879776e-01,8.141567396209002938e-01,8.387096774193543158e-01,9.055270224269800217e-01,8.927969356837444082e-01,7.701507346008590327e-01,7.914738158958252168e-01,8.828343344131613923e-01,8.816548624978349791e-01,8.540775674112078830e-01,8.243182154310085830e-01,7.835456646123297730e-01,8.418057000451536487e-01,9.421343139684017487e-01,8.792911722863873125e-01,8.733539593987663663e-01,8.255796059399820308e-01,9.958289703505242008e-01,1.025177327875528954e+00,8.128776237647837855e-01,8.160716542370007875e-01,8.299793761463611919e-01,8.945435241201314946e-01,8.268390721275027389e-01,8.552950699072804364e-01,7.660865862605104049e-01,7.788836430741697958e-01,9.175137195695408643e-01,8.418057000451538707e-01,1.008806178781411766e+00,9.999999999999994449e-01,9.639711482247693697e-01,9.747061244992334395e-01,1.034272228508476665e+00,1.038789818587394276e+00,1.003635431361550756e+00,1.031753909143191539e+00,9.999999999999994449e-01,1.038288834802004734e+00,1.147770766106915641e+00,1.155000889675364739e+00,8.991845074042803532e-01,9.415819044726719822e-01,9.146739921779236671e-01,9.009187125012214636e-01,1.005706920523863568e+00,1.010352242797794453e+00,9.890135301132827461e-01,9.890135301132827461e-01,9.360398792610904461e-01,9.315825211737834843e-01,9.454419928872798140e-01,9.569288370446011882e-01,1.093924190826655707e+00,1.142318142556501215e+00,1.071822433924912499e+00,1.074731048319850224e+00,1.157251039654974001e+00,1.145956107634297449e+00,1.065493197736370412e+00,1.100089864837414888e+00,1.068905904889089653e+00,9.968733638943507724e-01,1.012923772135972511e+00,1.008290297295985516e+00,1.019579395437361313e+00,1.035277841024593748e+00,1.020089567796250929e+00,1.002079004323165101e+00,1.030744858623899862e+00,1.077148894004128499e+00,1.115588159083263475e+00,1.037787609170671255e+00,9.709623834382195007e-01,9.448915171533420754e-01,9.858520509636203855e-01,9.989588753033556978e-01,9.741721851962253931e-01,9.837387536759287787e-01,9.863796678335902124e-01,9.192133450822579377e-01,1.002598081801292951e+00,9.816209067550275558e-01,9.661276859272210915e-01,9.842675033801512319e-01,1.020599485132668960e+00,1.014463560872024495e+00,9.837387536759288897e-01,9.377059260482983882e-01,9.382606175644501167e-01,9.618097752177783288e-01,9.698900889272838999e-01,9.563849729273279365e-01
9.371509062150934488e-01,8.498025724077088450e-01,7.419354838709675271e-01,8.012736998951108802e-01,9.377059260482987213e-01,1.023653655007898511e+00,9.112546381822921315e-01,9.470915003808512145e-01,2.456701001891585245e-01,0.000000000000000000e+00,5.815405283006430670e-01,5.679618342470647008e-01,7.482202261124644149e-01,7.412338898758744632e-01,8.393297955650119713e-01,8.613567692141088639e-01,8.306060122312084459e-01,8.534681648595451309e-01,8.243182154310085830e-01,8.306060122312082239e-01,8.577248903424727899e-01,7.927874662867421263e-01,8.504146017073589414e-01,8.922139797380211901e-01,7.667654402583683471e-01,7.606339433904253378e-01,7.868587688806750746e-01,7.633651333031760133e-01,8.331078432351581853e-01,8.331078432351581853e-01,7.868587688806750746e-01,7.768770695995025344e-01,9.947834803296301542e-01,9.805602679723005588e-01,8.343559455727456164e-01,8.898783370408848148e-01,7.999739850088540827e-01,8.249491517770588533e-01,8.927969356837444082e-01,8.798826901281190382e-01,7.578929112561757497e-01,7.795513531351332404e-01,8.721616667481141283e-01,8.709677419354835415e-01,8.589372229480221055e-01,8.293522665924152326e-01,8.006241061929580960e-01,8.467357902197858444e-01,9.574723922358595596e-01,8.957060243170847924e-01,8.840122326480461812e-01,8.430409255078692432e-01,1.010352242797794675e+00,1.039290560876581004e+00,8.306060122312082239e-01,8.337321279561341614e-01,8.262095790235928217e-01,9.026495857827879776e-01,8.442743437614448343e-01,8.721616667481141283e-01,7.848725845546086211e-01,7.775465027867061174e-01,9.141049880841772834e-01,8.589372229480222165e-01,1.017024694866738077e+00,1.008290297295985516e+00,9.672041516493509183e-01,9.895394613018037022e-01,1.042289962671193670e+00,1.046772950941157632e+00,1.011895944603749209e+00,1.034775156925511919e+00,1.002079004323165101e+00,1.046275789692054703e+00,1.155000889675364739e+00,1.162186034493665643e+00,9.118254209743587024e-01,9.536609999415789352e-01,9.271037331096713130e-01,9.135356295810507232e-01,1.001559657823226646e+00,1.021618556265361688e+00,1.000520156081988077e+00,1.000520156081988077e+00,9.360398792610903351e-01,9.315825211737834843e-01,9.454419928872798140e-01,9.569288370446010772e-01,1.121170786902113692e+00,1.168436792017730763e+00,1.109039576623940482e+00,1.111850834813811639e+00,1.150939533865243503e+00,1.139582047268109299e+00,1.076182407587888745e+00,1.107631271831573505e+00,1.067931958532054582e+00,9.926891969954265704e-01,1.008806178781411766e+00,9.947834803296300432e-01,1.015488789593366858e+00,1.031249507299727197e+00,1.019068967672987602e+00,1.001040041882767184e+00,1.026698739538034921e+00,1.073277726426717260e+00,1.111850834813811861e+00,1.033769055416906779e+00,9.666660686304314742e-01,9.404761120718221346e-01,9.816209067550277778e-01,9.947834803296300432e-01,9.698900889272838999e-01,9.794984806896107621e-01,9.821507966218271379e-01,9.146739921779236671e-01,1.013950557774303096e+00,9.805602679723001147e-01,9.779036381434906833e-01,9.832097196211714296e-01,1.019579395437361313e+00,1.013437294993870808e+00,9.826804007566328769e-01,9.365955574811591910e-01,9.371509062150930047e-01,9.607272652797045343e-01,9.688166075923353437e-01,9.552963158039250446e-01
9.863796678335905455e-01,8.851885634846605733e-01,8.109551670952600544e-01,8.249491517770592974e-01,9.963513039664836368e-01,1.081487394467110175e+00,9.596435342350652098e-01,9.884873190996488201e-01,5.688771641467222917e-01,5.815405283006430670e-01,0.000000000000000000e+00,2.793630334788521630e-01,7.489152752415416670e-01,7.419354838709676381e-01,8.679757449724972984e-01,8.834234798470420591e-01,8.399494558897763197e-01,8.601478468369921915e-01,8.751393526613243656e-01,8.892934678767882017e-01,8.892934678767882017e-01,8.077409048741232001e-01,8.631669780812676329e-01,8.595427480305950496e-01,7.901579815429604636e-01,7.842094052350460087e-01,7.940989435542687991e-01,8.167089613659455072e-01,8.571180810055752941e-01,8.571180810055752941e-01,8.224225021923844414e-01,8.128776237647835634e-01,9.953063626155810306e-01,9.661276859272215356e-01,8.424235391742316281e-01,8.974469511770031271e-01,8.249491517770590754e-01,8.491901020056886740e-01,9.254185992116802373e-01,9.026495857827879776e-01,7.973681996327915966e-01,7.973681996327915966e-01,8.786992562500792747e-01,8.775142263700281831e-01,8.798826901281194823e-01,8.324830903589636177e-01,8.455059627149129620e-01,8.881225740603998497e-01,9.645107346920031022e-01,9.032258064516125451e-01,8.775142263700281831e-01,8.546865354510816415e-01,1.022127710822893665e+00,1.050741772574343535e+00,8.324830903589636177e-01,8.418057000451537597e-01,8.331078432351580743e-01,9.203446850120707845e-01,8.058061933417285383e-01,8.399494558897762087e-01,8.442743437614448343e-01,8.312321759177496716e-01,9.547515217386279840e-01,9.043771463791084875e-01,1.027711762714450527e+00,1.019068967672987602e+00,1.009837151128936794e+00,1.035277841024593970e+00,1.052720572392304099e+00,1.064027258223911865e+00,1.017536148102418991e+00,1.052226221309682908e+00,1.030239962752987237e+00,1.028723788329159117e+00,1.139125392452230434e+00,1.146410041543023173e+00,9.180806110166258582e-01,9.596435342350652098e-01,9.276647641644126807e-01,9.141049880841771724e-01,9.989588753033556978e-01,1.036282477690903425e+00,9.905904859860695799e-01,9.905904859860695799e-01,9.607272652797047563e-01,9.607272652797046453e-01,9.259806512520849520e-01,9.531152711415580292e-01,1.167100162266163865e+00,1.175982331197301889e+00,1.098196421325754679e+00,1.097248474302899623e+00,1.145956107634297449e+00,1.134548735165740174e+00,1.065004775433495032e+00,1.108100905633397693e+00,1.051731637864587343e+00,9.921649354341736116e-01,9.958289703505242008e-01,9.890135301132827461e-01,9.741721851962252821e-01,9.958289703505240897e-01,9.874340558073523288e-01,1.000520156081988077e+00,1.013950557774303318e+00,1.077631812160648961e+00,1.097248474302899846e+00,1.025177327875528732e+00,9.789671551931296012e-01,9.531152711415580292e-01,9.747061244992334395e-01,9.911155803701424682e-01,9.905904859860696909e-01,9.789671551931296012e-01,9.677419354838704413e-01,9.552963158039251557e-01,1.016512984296046529e+00,9.884873190996484871e-01,9.963513039664831927e-01,1.001559657823226646e+00,9.773714456479425383e-01,9.677419354838705523e-01,9.014960395149750338e-01,8.986056953022008020e-01,9.454419928872797030e-01,9.349275320122212296e-01,9.487381399904989410e-01,9.393690179716791544e-01
9.837387536759294449e-01,8.822447955598283764e-01,8.012736998951108802e-01,8.154338490170668363e-01,9.832097196211720957e-01,1.069392545435533970e+00,9.459921482977532436e-01,9.752397714729658107e-01,5.455333717834761620e-01,5.679618342470647008e-01,2.793630334788521630e-01,0.000000000000000000e+00,7.313409063712666969e-01,7.241917522788273720e-01,8.528583268646635629e-01,8.685749688926620582e-01,8.306060122312084459e-01,8.510261908563171440e-01,8.661755859417771264e-01,8.804738105778179280e-01,8.804738105778179280e-01,7.980204436679341207e-01,8.540775674112079940e-01,8.504146017073589414e-01,7.735212134375352155e-01,7.674436937658267732e-01,7.775465027867062284e-01,8.006241061929582070e-01,8.479638340706393551e-01,8.479638340706393551e-01,8.064516129032257563e-01,7.967154216276427503e-01,9.874340558073525509e-01,9.580156390269352062e-01,8.331078432351584073e-01,8.887082138036068724e-01,8.154338490170666143e-01,8.399494558897760976e-01,9.169464776485088953e-01,8.939617071323232578e-01,7.808850604458194011e-01,7.808850604458194011e-01,8.697721782395327894e-01,8.685749688926617251e-01,8.709677419354836525e-01,8.230548917531013142e-01,8.424235391742317391e-01,8.792911722863874235e-01,9.454419928872799250e-01,8.828343344131615034e-01,8.625639972336086592e-01,8.393297955650117492e-01,1.009321796591097442e+00,1.038288834802004956e+00,8.230548917531013142e-01,8.262095790235932657e-01,8.424235391742316281e-01,9.061014132379440200e-01,8.280966227737698304e-01,8.613567692141086418e-01,8.287246824945241341e-01,8.154338490170666143e-01,9.465419839433034666e-01,8.898783370408850368e-01,1.014976304680791364e+00,1.006224126482723635e+00,9.968733638943508835e-01,1.022636611880474389e+00,1.025177327875528954e+00,1.036784430966980031e+00,9.890135301132828571e-01,1.024669688662489309e+00,1.022636611880474167e+00,1.036282477690903425e+00,1.145956107634297449e+00,1.153197608498030657e+00,9.038016597497996463e-01,9.459921482977531326e-01,9.135356295810509453e-01,8.997629471600868678e-01,9.858520509636204965e-01,1.023653655007898289e+00,9.773714456479426493e-01,9.773714456479426493e-01,9.525692296924771485e-01,9.525692296924770375e-01,9.175137195695410863e-01,9.448915171533421864e-01,1.155901475301220227e+00,1.164869037759211912e+00,1.086287628418240780e+00,1.061089303445065912e+00,1.125339583387897413e+00,1.113721064621423951e+00,1.052720572392304543e+00,1.096299707610737251e+00,1.044284777821848031e+00,9.789671551931298232e-01,9.826804007566329879e-01,9.757731265970430723e-01,9.979166644037427147e-01,1.019068967672987380e+00,1.000520156081988299e+00,9.874340558073523288e-01,1.001040041882767184e+00,1.065493197736370190e+00,1.085329280081337000e+00,1.012409988804852112e+00,9.655890030384360889e-01,9.393690179716793764e-01,9.612686726291181927e-01,9.779036381434910163e-01,9.773714456479427604e-01,9.655890030384359779e-01,9.542064166289698779e-01,9.415819044726720932e-01,1.013950557774303318e+00,9.805602679723003368e-01,9.832097196211717627e-01,9.884873190996485981e-01,9.639711482247697028e-01,9.542064166289698779e-01,8.869501345075815335e-01,8.840122326480461812e-01,9.315825211737834843e-01,9.209098337819477953e-01,9.349275320122213406e-01,9.254185992116802373e-01
