,0,1,2,3,4,5,6,7,8,9,10,11,12,13,14,15,16,17,18,19,20,21,22,23,24,25,26,27,28,29,30,31,32,33,34,35,36,37,38,39,40,41,42,43,44,45,46,47,48,49,50,51,52,53,54,55,56,57,58,59,60,61,62,63,64,65,66,67,68,69,70,71,72,73,74,75,76,77,78,79,80,81,82,83,84,85,86,87,88,89,90,91,92,93,94,95,96,97,98,99,100,101,102,103,104,105,106,107,108,109,110,111,112,113,114,115,116,117,118,119,120,121,122,123,124,125,126,127
0,0.0,3.5447352,6.704002,3.922461,7.1056495,6.4805293,3.1978796,3.0670102,7.546687,7.5455747,6.0771174,6.4045844,5.0231495,5.062362,6.3777795,5.0334144,6.065193,6.454021,6.060571,5.508545,6.862844,6.5769815,6.3517017,5.9608474,4.4474406,4.6183505,4.5162816,4.6417804,5.4823146,4.1761007,3.971846,6.0162177,8.108963,6.787928,8.221195,8.042926,6.661333,6.7921906,6.637895,7.0479426,7.1589866,6.7067876,4.5602136,4.9574738,5.4790463,5.5199623,3.9957955,3.9957955,6.510496,7.479622,7.5664644,6.6662726,4.188162,6.065112,3.879097,4.209106,4.670657,5.6947384,5.7495437,6.4874253,6.9649954,6.8489156,8.080814,7.6449122,6.7900014,6.3263927,5.940888,5.9937353,5.6759686,5.7376013,5.5500226,5.659405,5.9861894,5.751607,5.7568994,5.7394714,6.645267,7.031072,5.4309382,5.1322937,7.6009626,7.655355,7.9400373,7.579831,6.7979007,6.361387,6.7880464,6.84417,6.1556473,6.1775055,6.4464417,5.7226777,6.4482403,5.7120504,6.9599,7.3656015,6.988685,5.5779324,7.900771,6.3116255,10.539377,8.738168,4.8121557,6.54905,5.1954265,5.6578655,5.4577446,4.6797547,7.6127467,7.60581,8.201429,7.7606916,7.6250024,6.9969025,7.5421777,8.021517,4.487311,5.948974,8.161365,6.507209,9.283745,9.289962,6.130373,5.8522763,7.929234,9.691291,8.347526,8.642848
1,3.5447352,0.0,7.3914723,3.533955,7.8952746,7.0852904,3.8626645,3.8832226,8.558515,8.55083,6.2320757,6.586216,5.717283,5.7362967,7.024395,5.7286696,6.1144013,6.655203,6.9762063,6.4217825,6.7061896,6.975639,6.9007106,6.3981395,4.2813187,4.3959165,4.3531036,4.31374,5.9732485,3.9340618,3.6405065,5.6909165,7.854323,6.7681904,8.33238,7.799482,6.849945,6.9729815,6.8222656,6.9972124,6.78629,6.323681,5.940874,6.061186,5.466998,5.433048,3.9584966,3.9584966,7.0233626,8.224187,7.6139317,6.2401886,5.8222117,6.549538,5.339972,4.492594,5.4291797,5.967435,6.3426957,7.606744,7.4734592,6.103889,7.627416,7.4874153,7.614598,6.7420235,6.7170897,6.757958,6.1881175,6.2292237,6.14834,6.2836885,6.7732234,6.459506,6.75805,6.74748,7.1837378,7.3731465,6.5473404,6.2861757,8.083601,8.315752,8.436506,8.124894,7.4388733,7.204638,7.2455764,7.4774313,6.7308064,6.757797,6.7430816,6.1965013,7.125225,6.1222277,7.6825676,7.530685,7.7478313,6.2496023,8.31777,7.214927,10.636492,9.189138,5.0920763,7.3503923,5.7734876,6.4938984,6.1424365,5.801184,7.5361724,7.595456,8.262077,7.5434847,7.9011235,7.143557,7.6591024,8.223024,4.9395313,6.4751887,8.210561,6.055513,10.216926,10.2559,7.232231,7.359712,8.401913,10.56389,9.53488,9.622999
2,6.704002,7.3914723,0.0,6.099075,6.7618065,6.6234474,8.431119,6.5436673,6.887865,6.8921576,6.5610776,6.7842965,6.9549804,6.9807425,7.230398,7.2456765,6.749035,6.1611137,9.016434,7.0920377,9.003062,8.942537,9.345934,8.764755,8.706318,8.777608,8.720276,8.779211,7.30309,8.209211,7.789447,7.4255066,7.361483,7.352436,6.738392,7.287697,7.2070417,7.278496,6.9976654,7.278183,9.051719,6.7973027,6.816215,6.041272,6.0850067,6.2791357,7.2575407,7.2575407,8.356563,7.641246,9.17835,7.537118,5.720761,7.233975,6.441152,7.9255056,7.328492,9.296499,7.5169086,7.31665,7.328649,8.032935,9.402121,9.1747055,7.98888,5.064895,5.2256207,5.2351384,4.829533,4.837596,4.949315,4.923799,5.0383043,5.6254845,7.5605874,7.5518494,5.929108,5.915165,5.0436945,5.6108027,5.4218807,5.507596,5.576914,5.5001116,5.1651626,4.997454,5.366691,4.801859,5.705798,5.724066,5.777469,5.0119805,5.0155296,5.0686913,5.6713166,6.1542835,8.609771,8.472141,8.867818,8.214789,8.655225,7.3384337,6.7896814,5.307052,5.2274604,6.3637586,6.0528016,5.6900616,8.078461,8.66702,7.8230853,8.049839,8.582792,8.948191,8.477318,8.788006,5.0935264,5.691425,7.661229,7.2966166,7.0012646,7.158309,5.43864,7.021546,5.437069,7.113237,5.7346888,6.06937
3,3.922461,3.533955,6.099075,0.0,6.3594203,5.5496664,5.3832083,2.7596097,6.9946194,6.981396,4.89712,5.277291,4.6631975,4.667664,5.5312157,4.949745,6.4217668,6.5080857,6.506375,5.7858257,6.0816875,6.414899,7.176507,6.2797985,5.6303196,5.703725,5.6541443,5.6505322,6.690854,4.9956946,4.2982726,6.9132895,7.489847,6.2139072,7.7110753,7.3896694,7.0486045,7.0712724,6.8877373,7.2627516,7.5451007,6.029496,6.014,5.7749295,5.031185,5.1167455,4.7029376,4.7029376,7.3820252,7.5202785,7.57301,6.354892,4.990694,6.378581,5.119019,4.9824023,5.5238767,6.395967,6.65783,7.5087843,6.227442,6.1067533,7.1164184,8.225068,6.8731227,5.5853896,5.898411,5.896825,5.380082,5.410119,5.311286,5.369692,5.494987,5.9615817,6.2542367,6.242862,6.4303737,6.742239,5.5363016,5.6680865,6.5127034,6.7192893,6.825148,6.5950966,6.1402187,5.864782,6.7021,5.7651744,6.107675,6.1281705,5.710611,4.943605,5.855711,4.896904,6.4853263,6.906692,6.5981,5.3410716,7.360035,6.4940376,9.735689,8.227788,4.743748,6.1351857,5.13152,5.539156,5.3757453,4.5769424,7.1178303,7.43703,7.8099117,7.6836567,8.142677,7.780971,7.7265134,8.293721,4.7853613,6.315214,8.459394,6.5591993,9.179076,9.179529,6.5236025,6.3398204,7.8918953,9.360413,8.113283,8.421613
4,7.1056495,7.8952746,6.7618065,6.3594203,0.0,1.8779538,8.440598,6.5118456,5.6046624,5.564131,5.8129168,6.038136,4.09322,4.0788174,3.6913848,4.9387007,7.3205175,5.789052,6.6354375,6.371814,7.4137783,6.6017184,7.2933187,6.746381,9.50762,9.722505,9.675039,9.663911,8.832269,9.114649,9.048098,9.027573,8.739133,8.52828,7.875733,8.542113,7.607799,7.5462966,7.4582787,7.3783264,8.40253,7.5779977,7.1503944,7.5833583,6.891403,7.2350025,6.554118,6.554118,7.030251,7.043238,8.866187,8.445706,5.6825714,7.4487305,7.4906282,9.229717,7.839718,8.177733,8.278198,6.729841,9.8840685,10.082995,9.283369,10.429203,7.2491508,7.2618494,5.665682,6.265595,6.075156,6.0694427,6.15028,6.1144853,5.38959,6.55926,6.021806,6.0152617,7.72604,7.7879786,5.262247,6.1391635,4.8746505,5.3229237,5.7046847,4.993388,6.160749,5.402663,5.5798907,5.3050294,5.3545628,5.4411464,5.647183,5.6845922,5.504075,5.8323565,5.8170905,5.8218403,5.822377,7.4383864,8.394545,5.834174,9.706236,7.4842324,7.667196,5.7519746,5.956528,5.7257957,5.5903406,5.161387,7.6565986,8.499078,6.6411347,7.956972,8.17857,7.664884,7.5496864,7.6717844,6.170407,6.3710485,7.9159245,7.9505105,8.974494,9.124771,7.32613,7.188282,8.599269,8.668949,8.119561,8.43414
5,6.4805293,7.0852904,6.6234474,5.5496664,1.8779538,0.0,7.7439184,5.673116,5.775071,5.740964,5.4381356,5.687843,3.4034,3.4223843,2.9204414,4.3901753,6.5719423,5.96842,6.8754187,6.598931,7.178266,6.679843,7.533765,6.9724765,8.666659,8.854419,8.807684,8.798538,7.8604007,8.236174,8.146995,8.113325,8.03263,8.48323,7.7664824,7.8342304,6.6791825,6.600383,6.503576,6.5768843,7.6519995,6.7050114,7.154426,7.5939927,6.864041,7.2033544,6.539771,6.539771,6.73004,7.1103535,8.413322,7.793819,5.5291595,7.4114256,7.3740296,8.098647,7.581001,7.4564686,7.4512877,6.650855,9.8063,9.606967,8.532484,9.742179,7.032685,7.048706,5.776267,6.348822,5.82925,5.8222723,5.902293,5.870895,5.5694137,6.7243185,6.195666,6.188561,7.858515,7.9215336,5.440599,6.3020167,5.0481606,5.442395,5.861722,5.1642127,6.310843,5.5620418,5.78315,5.462642,5.2249336,5.287943,4.811052,5.068559,5.6149206,5.1921897,5.937799,5.955147,6.3103137,7.11217,8.519992,6.1680326,9.783381,7.549566,6.5607047,5.8534293,5.585457,5.4756455,5.3266387,4.684121,7.7668114,8.584186,6.8007174,7.710035,8.161628,7.1765637,7.4468374,7.6237984,5.477067,6.4467487,8.054574,7.2676454,9.046725,9.195602,7.3731327,7.2663436,8.697651,8.755595,8.186199,8.509878
6,3.1978796,3.8626645,8.431119,5.3832083,8.440598,7.7439184,0.0,5.027474,9.182708,9.175258,7.5273232,7.771103,6.4699483,6.4795237,7.57815,6.4806943,7.120424,7.2132597,6.7923265,6.4898815,8.335764,7.8105416,6.779178,6.8406706,3.2876678,3.3284159,3.224174,3.2667942,5.66253,3.5525775,4.0004773,6.6548448,8.153579,7.106825,8.49139,8.133915,6.636925,6.7550244,6.691902,7.478338,8.02332,8.310801,6.459935,6.561706,6.0830007,6.151709,4.4139543,4.4139543,7.342155,8.535722,8.622517,7.5044603,5.4703765,7.0743194,4.9696965,4.7526064,5.818465,7.2307673,7.1249113,7.862446,8.728842,7.436342,8.843602,6.998149,7.779524,7.7317786,7.374164,7.391494,6.8435454,6.8855557,6.7050233,6.839422,7.7600994,7.226096,6.9304986,6.91434,8.138937,8.254052,6.7840986,6.6920147,8.906999,9.056883,9.321685,8.929973,7.98362,7.579123,7.789763,8.358009,7.2706876,7.256443,7.241674,6.7936273,7.6044507,6.799944,8.1143055,8.423739,8.614097,7.0350394,9.055266,7.4795213,11.738729,10.024368,6.0758157,8.147445,6.6328316,7.0552278,6.8256254,6.2014427,8.824317,9.008987,9.584514,9.043006,8.296548,7.526378,8.457595,9.142905,5.572599,7.1957293,8.875056,7.4914584,10.242966,10.416384,7.0592875,6.821577,9.185734,10.607746,9.453264,9.714136
7,3.0670102,3.8832226,6.5436673,2.7596097,6.5118456,5.673116,5.027474,0.0,7.470416,7.46565,5.7515607,6.0990667,4.1039743,4.140606,5.695864,4.1448097,6.9665704,7.1396685,7.225702,6.722625,6.640461,5.9654956,7.912922,7.023017,6.1028323,6.2095175,6.1334486,6.1916533,6.7441077,5.5822234,4.8257203,7.0576916,8.591967,7.6563473,8.831552,8.513089,7.1780705,7.2852974,7.1413,7.3928022,7.674494,6.4285398,6.1126328,6.4281206,6.212552,6.166903,4.57598,4.57598,7.231279,8.19929,8.277837,7.2771387,5.185619,6.8790245,5.3967547,5.123576,6.0286546,6.7665157,6.9530883,7.8338094,7.0151224,7.148091,7.163466,8.40382,6.8029118,6.8037105,6.357287,6.3566284,5.6700826,5.7292566,5.568966,5.6627684,5.7464147,6.1541643,5.8422966,5.826351,7.31305,7.415465,5.7160244,5.6444325,7.2773566,7.385443,7.7555056,7.2570763,7.168623,6.58419,7.074987,6.5384445,6.514861,6.547355,6.5394526,5.757877,6.691912,5.7937284,7.454971,7.583541,6.653356,4.927252,7.477291,6.687897,10.542129,8.521183,4.893237,6.159736,5.574646,5.884581,5.859863,5.105529,7.279434,7.458546,7.8338943,7.471653,7.968295,7.5196457,7.851226,8.467004,4.658445,6.535049,8.861629,7.1078286,9.318763,9.4257145,6.643398,6.317401,8.276227,9.706472,8.416041,8.704082
8,7.546687,8.558515,6.887865,6.9946194,5.6046624,5.775071,9.182708,7.470416,0.0,0.55424774,3.5633054,4.149735,5.5363936,5.5434465,6.3167496,5.7936525,5.523029,5.0548015,6.437171,6.5928745,5.7657304,6.9872737,7.4410934,6.642775,9.153527,9.238263,9.212863,9.260269,7.5947165,8.589265,8.458968,8.076712,7.6507077,8.047157,6.653579,7.5169797,8.164673,8.251031,7.843594,8.115351,8.442839,7.6503224,7.7755766,6.0440836,5.803384,6.0260587,7.46276,7.46276,6.8360023,5.7374115,8.254057,7.517484,5.311768,6.993237,6.5380087,8.427131,6.7711744,8.720316,7.9772687,6.444783,8.587595,9.476029,9.944578,11.090951,6.7158732,5.7498293,5.8598123,6.4765735,6.098461,6.1102757,6.132207,6.064289,5.84487,5.9559126,5.3448615,5.347022,5.3981805,5.3216105,5.524775,5.830322,4.610596,4.219205,4.296296,4.6122165,4.8183975,5.0925565,5.6036825,4.8622446,4.7416153,4.836127,5.437958,5.568086,5.237846,5.590301,4.2307,5.5788226,6.506738,6.5718894,8.402528,5.92634,5.774373,4.582023,7.467088,5.3849235,5.850914,5.1933928,5.4193587,4.831002,8.461545,8.87269,7.441817,7.8870816,8.134741,7.8656416,7.859583,7.364099,6.5895557,6.9477572,7.296277,7.4785705,9.156411,9.422648,7.2680945,7.087905,8.579283,9.518731,7.9152775,8.206141
9,7.5455747,8.55083,6.8921576,6.981396,5.564131,5.740964,9.175258,7.46565,0.55424774,0.0,3.6610663,4.1168485,5.5832233,5.581355,6.2937484,5.7380543,5.495267,5.192191,6.565101,6.7276807,5.8337154,6.9139214,7.403198,6.5921335,9.170226,9.242471,9.215751,9.2633505,7.581643,8.588499,8.452296,8.05143,7.6466837,8.057563,6.64633,7.5051217,8.143713,8.137276,7.8248367,8.134441,8.488957,7.6940513,7.795695,6.09378,5.8457136,6.074455,7.4867606,7.4867606,7.0743,6.03893,8.445806,7.522803,5.2951436,6.9935637,6.5635667,8.450114,6.723676,8.686545,7.9501467,6.4129043,8.570828,9.459888,9.92849,11.089476,7.023923,5.781862,5.871433,6.484769,6.1091294,6.1204753,6.151206,6.080586,5.8635035,5.959012,5.336551,5.338602,5.444488,5.362003,5.572741,5.8550134,4.576266,4.444719,4.486406,4.7743926,4.803913,5.0651383,5.817907,4.8311515,4.7552037,4.85236,5.3981524,5.5590725,5.226131,5.5807133,4.22655,5.5725155,6.6308103,6.702611,8.493116,6.0615296,5.683925,4.44036,7.539113,5.502992,5.8629184,5.199816,5.39328,4.851381,8.487309,9.040691,7.4695454,7.9478073,8.225416,7.9452033,7.805666,7.512528,6.629512,6.928999,7.4357696,7.5665903,9.181203,9.443286,7.2518525,7.0672584,8.600765,9.553087,7.945791,8.2309675
10,6.0771174,6.2320757,6.5610776,4.89712,5.8129168,5.4381356,7.5273232,5.7515607,3.5633054,3.6610663,0.0,2.3860312,4.0697565,4.0823617,5.2646666,4.479049,4.5128303,4.6958795,5.626171,5.566524,4.3909545,5.806894,6.6844044,5.7576313,7.3728714,7.4255567,7.411893,7.4064736,6.7586527,6.693462,6.5642853,7.362074,7.2786574,6.7262096,6.951453,7.157973,7.6401973,7.825236,7.364601,7.434969,7.558206,6.624413,7.2256103,5.4142103,4.909111,5.122242,6.0755086,6.0755086,6.1221223,5.4277644,7.0293736,5.940635,4.951247,6.2292976,5.641465,6.545478,5.7949557,7.346265,7.329067,6.6863127,8.005267,8.189463,9.05504,10.210386,6.4962316,5.633766,5.931819,6.564526,5.9601684,5.980152,5.9541826,5.9558177,5.83859,5.9847813,5.4435706,5.442676,5.5975575,5.51192,5.585884,5.8424406,4.902051,4.3337393,4.5169272,4.80402,5.2480197,5.4825087,5.776348,5.2699113,4.7170863,4.7764664,4.8170085,5.188704,5.5110183,5.154018,4.486335,5.838975,6.3425536,5.5484548,8.08347,5.4683566,7.3383965,6.3289585,6.458335,5.958419,5.5354033,5.524434,5.318005,4.487776,7.438328,7.7760386,7.657747,7.534903,7.136065,6.123226,6.791701,6.093009,5.2971005,6.4502554,5.99903,5.8677845,9.78718,10.043673,7.065922,7.0294576,8.762741,10.338529,8.836171,9.133154
11,6.4045844,6.586216,6.7842965,5.277291,6.038136,5.687843,7.771103,6.0990667,4.149735,4.1168485,2.3860312,0.0,4.6476912,4.632221,4.978697,4.177608,4.886366,5.2404666,5.8345947,5.755481,4.645118,5.6938844,6.577989,5.5648685,7.685616,7.87858,7.6861506,7.671651,7.0048223,6.992483,6.863305,7.600638,6.5017757,6.0049434,6.2325845,6.374807,6.9129214,7.043036,6.695898,6.824848,8.045971,7.1172976,7.7683673,5.899867,5.428389,5.6503396,6.5014405,6.5014405,6.7913904,5.09767,6.643381,6.245699,4.9574003,6.2538314,5.7031064,6.8760405,6.059293,7.618464,7.617326,6.921248,7.993486,8.240957,9.257146,10.3895645,6.9028106,5.5492415,5.8175025,6.458428,5.8401275,5.843362,5.8072367,5.801533,5.7071786,5.8548226,5.3181567,5.3160605,5.5212913,5.404226,5.4344325,5.7102146,4.5637197,4.406935,4.539964,4.7832055,5.0043316,5.205282,5.924207,4.980687,4.4995275,4.561098,4.462835,4.9392533,5.2665606,4.904364,4.2141767,5.639647,6.522524,5.769256,7.880646,5.6341615,7.229486,6.11501,6.4882054,5.976648,5.393757,5.376551,5.134505,4.337868,7.4042172,8.034785,7.28841,7.599303,7.738474,6.7526674,7.198494,6.735531,5.1751795,6.2563396,6.09508,5.9113946,9.711692,9.967355,7.2788754,7.247617,8.669779,10.243499,8.727863,9.027193
12,5.0231495,5.717283,6.9549804,4.6631975,4.09322,3.4034,6.4699483,4.1039743,5.5363936,5.5832233,4.0697565,4.6476912,0.0,0.20138112,3.2165751,2.09261,5.987592,5.4446554,5.862101,5.931477,6.1344438,4.994841,6.9627814,6.076703,7.668392,7.757688,7.713193,7.7165484,7.1662135,7.1979747,7.042785,7.5101643,8.326186,8.019562,8.1365385,8.224146,7.0078225,7.2007813,6.919536,7.061219,7.2727766,6.5385585,6.6134086,6.887515,6.413288,6.5951595,5.453684,5.453684,5.852621,6.7593513,7.872343,7.266633,4.75045,6.6388073,6.1055527,6.8670774,7.132614,6.9531145,7.11677,6.3312163,9.09869,9.232479,8.491921,9.807253,6.0152683,6.8739386,5.531494,6.1785245,5.6777425,5.70778,5.6362214,5.6833878,5.0769053,5.8128195,4.6606874,4.650633,7.050532,7.084702,4.954199,5.249777,5.363519,5.207078,5.85963,5.2002916,6.473247,5.798669,5.7486157,5.7313275,5.0298157,5.0614963,5.1863165,5.3810573,5.926436,5.485251,5.913716,6.2536883,6.0918365,5.176378,7.7688565,5.384186,9.6174135,7.356254,5.9648657,5.557252,5.1726117,5.0959516,4.9061646,4.047036,6.8893614,7.176718,7.312968,7.5760026,6.5385613,5.209143,6.061606,5.8584137,4.391171,5.735968,6.713856,6.2529225,9.685381,9.841241,7.091087,6.841468,8.777118,9.917748,8.868077,9.168666
13,5.062362,5.7362967,6.9807425,4.667664,4.0788174,3.4223843,6.4795237,4.140606,5.5434465,5.581355,4.0823617,4.632221,0.20138112,0.0,3.1521766,2.071923,6.031043,5.459627,5.854773,5.9471564,6.1877327,4.887742,6.925422,6.0262594,7.718725,7.796993,7.751727,7.7548084,7.2352357,7.2481246,7.0923386,7.5645103,8.340304,7.984584,8.122799,8.240459,7.0377054,7.2141986,6.951346,7.125773,7.3203955,6.6288257,6.637591,6.916486,6.432905,6.620639,5.433281,5.433281,5.910679,6.78251,7.918425,7.2651725,4.7370276,6.614023,6.1001267,6.9328594,7.1690288,7.013362,7.1869097,6.3439646,9.094906,9.245672,8.458317,9.801275,6.023649,6.857904,5.4941807,6.139859,5.6509333,5.679504,5.6116166,5.6590967,5.033711,5.7841525,4.588152,4.578162,7.051077,7.078751,4.912761,5.2257624,5.2974834,5.1819367,5.8290615,5.1608377,6.424951,5.7434816,5.735574,5.672775,5.0238338,5.0505385,5.170104,5.3565063,5.8697453,5.4648247,5.8699636,6.1945615,6.097031,5.1627584,7.719199,5.366205,9.595516,7.324534,6.0237017,5.5480676,5.162714,5.0672717,4.865772,4.0225153,6.8233747,7.1566052,7.3357286,7.627686,6.4930534,5.1959267,5.984859,5.8263927,4.3953643,5.6875725,6.6868143,6.282448,9.67562,9.831867,7.0529346,6.7892337,8.783562,9.9149,8.880089,9.177182
14,6.3777795,7.024395,7.230398,5.5312157,3.6913848,2.9204414,7.57815,5.695864,6.3167496,6.2937484,5.2646666,4.978697,3.2165751,3.1521766,0.0,3.9982796,6.7998,6.283947,6.3198986,6.291444,7.2445135,6.1140056,6.917576,6.243192,8.651831,8.794191,8.657438,8.661853,8.118901,8.188044,8.1372795,8.430256,7.9480314,7.4963527,7.791527,7.797682,6.788112,6.790958,6.667185,7.0109954,8.451354,7.779523,7.7144995,7.9320188,7.3313646,7.7344575,6.8073072,6.8073072,6.71736,6.499793,7.644206,7.179629,5.0927534,6.6567187,6.855976,7.7259145,7.928948,7.5956,8.105662,7.1429234,9.682901,9.531898,8.498942,9.97373,6.6142316,6.9530983,5.6875067,6.305847,5.8243117,5.8060203,5.8340225,5.8064723,5.496858,6.788237,5.825438,5.818962,7.8860936,7.8850656,5.225997,6.3408704,4.8037148,5.200419,5.5786505,4.915118,6.106983,5.3717103,5.9584055,5.2785454,5.278255,5.249711,4.531539,4.79648,5.373449,4.9266763,5.542761,5.793071,6.5072713,6.5646486,7.8558702,5.8325605,10.121449,8.028379,6.63496,6.1828365,5.5376105,5.474166,5.033896,4.344234,6.73343,7.8125052,7.3635116,8.506016,7.4354835,6.082203,6.671995,6.600182,4.8888445,5.9240513,7.0593963,6.653257,9.83588,9.985229,7.740081,7.4814653,9.211197,9.450754,9.081233,9.389488
15,5.0334144,5.7286696,7.2456765,4.949745,4.9387007,4.3901753,6.4806943,4.1448097,5.7936525,5.7380543,4.479049,4.177608,2.09261,2.071923,3.9982796,0.0,6.035782,5.9740148,6.2895656,6.394436,6.078288,4.456373,7.1161427,6.0899487,7.7302165,7.896734,7.7405653,7.7394867,7.1374264,7.216765,6.9998436,7.4830923,8.119412,7.94605,7.979502,8.030893,6.6680627,6.7742677,6.665069,6.805008,7.3858514,6.666051,6.8632436,6.926578,6.6579857,6.7387905,5.580885,5.580885,6.6119394,7.1005898,8.035164,7.685511,4.971915,6.9085307,6.108862,7.0057125,7.0527143,7.061384,7.080488,6.38519,8.937448,9.271398,8.79636,10.023879,6.742519,6.9881597,5.678256,6.3052835,5.8120875,5.8469515,5.7379,5.8069577,5.1296735,5.513268,4.2893744,4.276676,6.8580437,6.889548,5.110057,4.94554,5.598441,5.7204423,6.365616,5.7473216,6.6641865,6.0039115,6.2967777,5.9402146,5.079648,5.140364,5.428163,5.695293,6.216627,5.782541,6.128538,6.5546494,6.4584823,5.1512227,7.8529234,5.772332,9.34954,6.9693785,6.042119,5.7238655,5.212145,5.1229916,4.9872375,4.199078,7.1977963,7.5768466,7.2219095,7.4228034,7.0776,5.8902774,6.380527,6.5499134,4.4958043,5.750829,7.002854,6.438608,9.71307,9.862061,7.1261873,6.8910303,8.72326,10.268728,8.909844,9.199652
16,6.065193,6.1144013,6.749035,6.4217668,7.3205175,6.5719423,7.120424,6.9665704,5.523029,5.495267,4.5128303,4.886366,5.987592,6.031043,6.7998,6.035782,0.0,5.1416607,7.2220225,6.939404,6.376915,7.643204,6.9685717,6.677911,6.6777163,6.750104,6.7296944,6.765389,4.4738774,6.1999674,6.4108195,4.8393664,6.123954,7.6718554,6.5317016,6.0112686,5.948164,6.0039783,5.6581464,5.83636,5.4752045,5.550087,6.6215134,5.2790227,5.7876277,5.9972835,6.817293,6.817293,6.7422185,6.6258793,7.643254,6.093085,5.709658,7.3816285,6.491439,6.126487,5.7224746,6.6914105,4.8600545,5.149083,8.953467,8.473525,9.321591,9.099513,7.837224,5.9090037,6.5267954,7.0579567,6.458797,6.4657116,6.576454,6.600806,7.0429378,6.670813,6.8370514,6.831909,6.31125,6.6272907,6.6858826,6.6045804,6.529794,6.203662,6.4672613,6.6536317,6.2752895,6.548102,6.217723,6.7867107,5.4480734,5.5009327,4.9279237,5.6432886,6.4458246,5.5366187,5.6395965,6.2038054,8.738036,7.91813,10.201573,7.6798058,7.8506417,6.856927,6.152073,7.263068,5.6846337,6.1321173,5.745618,4.8723125,9.285288,9.573465,8.573208,7.864397,7.6329308,6.1850758,6.888681,6.64245,5.2983875,6.726585,6.5336165,5.634618,10.079253,10.179835,7.4126673,7.989422,8.9303,10.822329,9.366574,9.575546
17,6.454021,6.655203,6.1611137,6.5080857,5.789052,5.96842,7.2132597,7.1396685,5.0548015,5.192191,4.6958795,5.2404666,5.4446554,5.459627,6.283947,5.9740148,5.1416607,0.0,4.9815006,4.2862735,6.2088647,7.8518233,5.402872,5.030522,7.211344,7.3536873,7.313859,7.2871156,6.3189936,6.93229,7.1652155,6.680497,6.4021435,6.0451694,5.2034063,6.337092,6.837486,7.179008,6.6312294,6.817603,8.258907,7.552251,6.889167,5.8070064,3.8629856,4.213748,5.736659,5.736659,6.3103333,5.446656,7.932154,7.158211,4.010603,5.8904552,5.029416,7.496081,6.749485,8.576191,7.4225674,5.8393383,8.486787,8.496393,10.506086,10.224725,6.461513,5.7509375,5.226889,5.8404574,5.5974684,5.602546,5.617538,5.630852,5.552763,5.3736687,5.6852894,5.6761427,4.75589,4.7725806,4.713998,5.143671,5.4121127,4.9201446,5.1565623,5.0603685,5.081975,5.164737,3.9869537,5.5088043,4.7150073,4.7646804,5.633772,5.535276,5.0802927,5.578261,4.596441,4.8665905,7.387461,7.522342,8.801524,6.1781254,8.092976,6.7857637,7.321725,5.7025523,5.323927,5.596299,5.2875185,4.6699433,7.9437375,8.106541,7.7553487,8.532862,6.5752473,6.288159,6.79981,6.0947385,5.0770726,5.436808,5.222216,6.518189,9.80821,10.0391655,7.454678,7.9784,7.729122,9.39859,8.197736,8.399136
18,6.060571,6.9762063,9.016434,6.506375,6.6354375,6.8754187,6.7923265,7.225702,6.437171,6.565101,5.626171,5.8345947,5.862101,5.854773,6.3198986,6.2895656,7.2220225,4.9815006,0.0,2.87906,5.5391293,7.2891397,3.1336908,2.9591777,6.967236,7.2582617,7.13866,7.1220627,8.113785,6.8126884,7.2123227,8.606098,8.469028,5.8359814,7.5738926,8.3694315,8.56796,8.875797,8.435522,8.613993,9.148458,9.12154,6.803639,6.256247,5.31679,5.648937,5.8300123,5.8300123,6.307829,5.305459,6.7309175,7.5884867,4.6298256,5.7401786,4.794595,7.501301,6.435261,7.227765,8.313627,6.81307,8.621642,8.790733,10.792767,10.904878,6.540205,7.038883,6.44498,6.985381,7.262873,7.280207,7.115356,7.1377716,6.749012,6.639578,5.8830013,5.8750596,6.2409363,6.7696733,5.9095006,6.1035967,7.169784,6.882285,6.9213347,6.838263,6.505343,6.469183,6.5378795,6.9838066,6.222115,6.2550216,7.1420207,6.858061,6.4787655,6.845274,5.984884,6.859185,5.887866,6.3773623,7.9631853,4.5994153,10.101595,8.906239,7.71476,7.2540627,6.5241485,6.1488214,5.9687014,5.3316956,7.8324,7.623764,8.452042,9.4313545,7.8526654,7.1629667,7.876912,6.993423,6.8007765,6.7733355,7.084408,7.3170314,11.217534,11.224004,8.6261015,7.881479,9.543918,10.790389,9.814754,10.096352
19,5.508545,6.4217825,7.0920377,5.7858257,6.371814,6.598931,6.4898815,6.722625,6.5928745,6.7276807,5.566524,5.755481,5.931477,5.9471564,6.291444,6.394436,6.939404,4.2862735,2.87906,0.0,6.254778,7.7547374,4.3681445,4.177208,6.5785165,6.874747,6.7352576,6.7155395,7.7217546,6.3657413,6.7512608,8.163044,7.9065747,4.9351707,6.95904,7.8165994,8.097326,8.429074,7.953024,8.1957,9.320586,8.536537,6.223832,5.629774,4.6223464,5.0363345,5.6092763,5.6092763,6.300873,4.947428,6.389905,6.8315864,4.0587654,5.076267,3.924884,6.974863,6.2172093,7.1777964,7.883674,6.4482527,8.067909,8.297255,10.986809,10.515402,6.8872,6.153858,5.5124826,6.132431,6.4582577,6.473664,6.309173,6.3293023,5.8718524,5.835268,6.485733,6.4764752,5.373805,5.9306455,4.9673767,5.2651267,6.3049984,6.071218,6.0105324,5.932878,5.638612,5.6123347,5.6985216,6.127503,5.388863,5.413515,6.337126,6.0258193,5.600687,6.0176697,5.0801497,6.05943,6.363234,6.742366,7.858637,4.7322326,10.005428,8.873641,7.025515,6.440832,5.6579623,5.923374,5.612827,5.0154977,7.4505944,7.287297,8.138693,9.079977,8.287625,7.636354,8.2915325,7.377825,6.024961,5.9174986,6.6358104,6.5354676,9.678916,9.666594,7.443859,7.2805986,7.6493945,9.1401,8.07102,8.398196
20,6.862844,6.7061896,9.003062,6.0816875,7.4137783,7.178266,8.335764,6.640461,5.7657304,5.8337154,4.3909545,4.645118,6.1344438,6.1877327,7.2445135,6.078288,6.376915,6.2088647,5.5391293,6.254778,0.0,6.943284,6.201064,5.238646,7.4922113,7.8504,7.755947,7.7283373,8.061127,6.8874817,6.707947,8.422713,8.748777,7.4175153,8.586569,8.57667,9.116502,9.316417,8.9090605,8.424465,8.628193,8.014348,8.288599,6.687389,5.703892,5.6873136,6.4399085,6.4399085,7.446301,6.6522517,7.2704754,7.473381,6.499699,7.3410563,6.537081,7.0834875,5.7528176,7.415947,8.552479,8.5679455,8.084958,8.185819,10.117852,11.774247,7.994546,7.828927,8.212677,8.64449,8.146975,8.178772,8.101937,8.114197,8.002167,7.922931,7.031246,7.02605,7.0334425,7.1418595,7.7774215,7.7134247,7.978992,7.624752,7.6683664,7.8231573,7.6356134,7.909599,7.8960505,7.719412,7.148306,7.2794228,7.7337217,7.6067142,7.8878117,7.5233107,7.272941,7.6582513,6.0861235,6.3749585,9.0301285,6.316564,9.19661,8.445866,7.7547736,7.976629,7.686648,7.400003,7.4315705,6.725469,8.925193,8.932591,8.198873,8.363789,9.264128,8.346163,9.163523,8.480268,7.612807,8.6637335,8.640561,7.897341,11.996329,12.196112,9.695904,9.096665,10.583967,12.143383,10.715996,10.913649
21,6.5769815,6.975639,8.942537,6.414899,6.6017184,6.679843,7.8105416,5.9654956,6.9872737,6.9139214,5.806894,5.6938844,4.994841,4.887742,6.1140056,4.456373,7.643204,7.8518233,7.2891397,7.7547374,6.943284,0.0,7.6420283,6.6610584,9.451857,9.540651,9.441639,9.458659,9.837895,8.987378,8.794656,9.917682,10.603455,8.971196,10.027726,10.51458,9.403381,9.456688,9.38907,9.482159,8.171684,8.876553,7.6083207,7.5045977,8.16797,8.226503,5.4307985,5.4307985,7.7363176,7.898376,8.936199,8.214936,7.1134586,8.091908,7.4044394,9.059103,7.45784,8.233206,9.301188,8.067095,9.700005,10.401828,8.786521,10.657077,8.05007,8.334153,7.3021183,7.781937,7.520194,7.544491,7.529322,7.6189046,6.8347483,7.0503592,5.4350357,5.4298716,8.551012,8.545973,6.7943535,6.6183167,6.8306875,6.956578,7.395963,6.969977,7.5781155,7.2231975,7.418744,7.0725675,6.841389,6.8838234,7.362589,7.404953,7.299728,7.4830446,7.1618977,6.971059,6.3759565,5.469781,8.001662,5.747786,10.211434,8.302118,8.179988,7.286885,7.2231436,6.8659563,6.8102117,6.355108,7.649047,8.168036,8.5627575,8.257925,8.445187,7.7594485,7.8017097,7.8116126,7.131288,7.5323687,8.2449255,8.225639,9.774239,9.969089,6.8849134,5.945913,10.041779,11.373161,10.11095,10.306449
22,6.3517017,6.9007106,9.345934,7.176507,7.2933187,7.533765,6.779178,7.912922,7.4410934,7.403198,6.6844044,6.577989,6.9627814,6.925422,6.917576,7.1161427,6.9685717,5.402872,3.1336908,4.3681445,6.201064,7.6420283,0.0,1.7195547,6.944144,7.207841,7.0820127,7.075017,8.01775,6.835744,7.3390436,8.302356,8.466354,5.6289487,7.581116,8.340308,8.491394,8.491097,8.38445,8.560739,9.199272,9.66926,6.966446,6.533915,5.653614,6.0351543,5.8099523,5.8099523,7.5086184,6.614954,7.7505555,7.5569944,5.0013685,5.985187,5.192199,7.781065,6.1931396,7.414635,8.377217,7.021662,8.739658,8.5391,10.761973,10.658619,8.045856,7.5184746,7.070221,7.4700975,7.6988273,7.7054768,7.6503334,7.6741333,7.5775557,7.34877,6.606905,6.5968966,6.9669075,7.44316,6.7306256,6.9879546,7.8999596,8.116779,8.070707,7.9884224,6.89406,6.9522457,7.2082353,7.5553555,6.969075,6.999471,7.6181107,7.2749467,6.846939,7.2459226,6.5630145,6.7731237,7.1283765,7.9172683,9.063283,6.0883594,10.503915,9.381231,8.55189,8.360481,7.1403646,6.963818,6.5139704,6.0665016,8.327102,8.798863,9.022565,10.065791,8.03276,7.3742747,7.6734004,7.537221,7.1881213,6.9819775,7.472064,7.93364,11.945961,11.965022,9.068925,8.509975,10.14949,11.487145,10.728128,10.912447
23,5.9608474,6.3981395,8.764755,6.2797985,6.746381,6.9724765,6.8406706,7.023017,6.642775,6.5921335,5.7576313,5.5648685,6.076703,6.0262594,6.243192,6.0899487,6.677911,5.030522,2.9591777,4.177208,5.238646,6.6610584,1.7195547,0.0,7.062759,7.291461,7.1504335,7.1432943,7.945187,6.7796626,7.0157456,8.08898,8.24625,5.390325,7.349565,8.131776,8.366954,8.372781,8.254414,8.439153,8.966779,9.069507,6.7756095,6.3134894,5.299449,5.608416,5.422199,5.422199,7.448205,6.4371867,7.5917864,7.329999,4.495647,5.6412125,4.7736144,7.48086,6.140296,7.250149,8.146271,6.8030443,7.9092617,8.212796,10.241638,10.820431,7.552412,6.938536,6.477974,6.8960996,7.115386,7.126502,7.0576415,7.0817304,6.6740103,6.5782075,5.7526197,5.7416134,6.1832714,6.687029,6.077906,6.214025,7.140517,7.3675175,7.3641133,7.2542877,6.3693075,6.3991075,6.7961493,6.753492,6.480864,6.5175695,7.189804,6.7701797,6.3278837,6.7481403,6.065322,6.235735,6.509128,6.9477563,8.335909,5.644537,9.793753,8.5559,8.014051,7.5478783,6.5231476,6.259315,5.8708963,5.339472,7.656034,8.105025,8.512092,9.606496,7.6291776,7.1110973,7.140409,7.0488305,6.6261263,6.4507256,7.2021856,7.570061,11.580786,11.58204,8.71962,8.127159,9.669585,11.205843,10.274427,10.462113
24,4.4474406,4.2813187,8.706318,5.6303196,9.50762,8.666659,3.2876678,6.1028323,9.153527,9.170226,7.3728714,7.685616,7.668392,7.718725,8.651831,7.7302165,6.6777163,7.211344,6.967236,6.5785165,7.4922113,9.451857,6.944144,7.062759,0.0,0.9600362,0.7347691,0.72639114,4.655881,0.96219,2.1390698,6.0061045,7.22983,6.5552,8.030162,7.187043,6.9196997,7.049523,6.819865,7.4455724,8.504166,8.217356,7.4458017,6.4422674,5.2977214,5.3368764,5.8262453,5.8262453,7.8765736,8.484728,8.202772,7.101852,5.949314,7.2261944,5.123125,3.2996657,5.209366,7.2670383,7.04054,8.577138,8.177608,6.2321367,9.606293,7.818885,8.448011,7.6222854,8.27713,8.278752,7.589162,7.626886,7.4537735,7.5395336,8.776076,8.101061,8.202714,8.190044,7.8138657,7.961492,7.849206,7.787732,9.595935,9.608087,9.658333,9.59562,8.229455,8.244278,8.552447,8.924178,7.8069124,7.8188767,7.578285,7.170837,8.202854,7.0713115,8.380348,9.01602,9.2558365,7.859182,9.92033,8.324714,11.303453,10.275783,6.1601477,8.945309,7.3013716,7.781883,7.5839486,6.8999276,9.810273,9.894366,10.02786,9.438232,9.312064,8.433658,9.536922,9.934553,6.436407,8.28532,9.4402685,7.557592,11.3105955,11.491444,8.50286,8.413443,9.712855,11.287658,9.984748,10.234206
25,4.6183505,4.3959165,8.777608,5.703725,9.722505,8.854419,3.3284159,6.2095175,9.238263,9.242471,7.4255567,7.87858,7.757688,7.796993,8.794191,7.896734,6.750104,7.3536873,7.2582617,6.874747,7.8504,9.540651,7.207841,7.291461,0.9600362,0.0,0.6289092,0.71285105,4.6877937,1.2785103,2.30418,6.0220976,7.457778,6.815777,8.2469225,7.4347997,7.2555094,7.312806,7.1352415,7.9455996,8.723498,8.453555,7.6628666,6.6939554,5.507281,5.568022,6.050775,6.050775,8.086333,8.85688,8.624628,7.020787,6.0348916,7.2599297,5.210894,3.236082,5.5725355,7.536269,7.2194114,8.684548,8.33684,6.431905,9.649934,7.8601604,8.632317,7.7011824,8.37451,8.380525,7.6758113,7.7135434,7.5476484,7.6315145,8.890313,8.210476,8.31042,8.298517,7.9391065,8.0433445,7.964635,7.921603,9.6366415,9.703759,9.735495,9.6785555,8.288338,8.318415,8.737332,8.990215,7.9334545,7.9259696,7.606123,7.2307367,8.270804,7.136703,8.423363,9.066686,9.631504,7.971543,10.068049,8.557267,11.294556,10.299589,6.316303,9.077782,7.4066854,7.880112,7.6623044,7.0114045,9.868042,10.033549,10.419669,9.780864,9.280778,8.388771,9.453728,9.943163,6.5452094,8.36409,9.528012,7.6543922,11.381255,11.571537,8.486319,8.412655,9.808576,11.367216,10.080888,10.319545
26,4.5162816,4.3531036,8.720276,5.6541443,9.675039,8.807684,3.224174,6.1334486,9.212863,9.215751,7.411893,7.6861506,7.713193,7.751727,8.657438,7.7405653,6.7296944,7.313859,7.13866,6.7352576,7.755947,9.441639,7.0820127,7.1504335,0.7347691,0.6289092,0.0,0.3080658,4.635939,1.0972676,2.1939437,5.994667,7.1864944,6.5157056,8.018173,7.1669955,6.9575005,7.0419507,6.857889,7.6844597,8.741166,8.450189,7.6697392,6.659354,5.4875846,5.5484967,6.0078197,6.0078197,8.048572,8.633644,8.371311,6.9994807,5.8914056,7.149368,5.0360475,3.1409678,5.51489,7.502797,7.196498,8.646878,8.224724,6.342519,9.633924,7.8443646,8.525129,7.5828953,8.247728,8.253426,7.5406075,7.576412,7.399654,7.4850454,8.757157,8.072258,8.178402,8.165973,7.807504,7.9126573,7.808758,7.764951,9.521283,9.596024,9.632805,9.566696,8.1643505,8.182213,8.619745,8.863449,7.795018,7.7878056,7.471595,7.085034,8.139527,6.9908614,8.3019,8.953737,9.524032,7.849546,9.900413,8.440705,11.243178,10.217443,6.155133,8.951675,7.261585,7.7444315,7.5297246,6.8615804,9.762615,9.934843,10.246966,9.6812315,9.298145,8.4016905,9.475968,9.938178,6.371482,8.225756,9.428305,7.5348635,11.276988,11.468018,8.440758,8.362853,9.683572,11.254351,9.952172,10.196352
27,4.6417804,4.31374,8.779211,5.6505322,9.663911,8.798538,3.2667942,6.1916533,9.260269,9.2633505,7.4064736,7.671651,7.7165484,7.7548084,8.661853,7.7394867,6.765389,7.2871156,7.1220627,6.7155395,7.7283373,9.458659,7.075017,7.1432943,0.72639114,0.71285105,0.3080658,0.0,4.7296,1.1059079,2.249149,6.080186,7.1614003,6.4940653,8.000586,7.1404715,6.9623213,7.0501933,6.866005,7.6626325,8.756271,8.451519,7.7525434,6.738852,5.458072,5.517371,6.006408,6.006408,8.09754,8.657811,8.396942,7.065235,5.9777565,7.2195725,5.1446714,3.2978008,5.5970073,7.542192,7.2583385,8.693181,8.321774,6.392681,9.716071,7.926108,8.597944,7.655382,8.3040285,8.324571,7.6125107,7.6469417,7.4722733,7.5590906,8.806572,8.124287,8.236611,8.224225,7.850259,7.9526014,7.8683386,7.8221555,9.540036,9.613318,9.654037,9.587072,8.22443,8.243483,8.650282,8.918439,7.825623,7.8211083,7.4946485,7.1499615,8.19856,7.055736,8.339869,8.9903,9.555085,7.918281,9.967637,8.469596,11.29299,10.273218,6.2434993,9.0153885,7.3239684,7.815372,7.592262,6.9216185,9.805874,9.976494,10.267416,9.713088,9.3308935,8.412645,9.494618,9.948685,6.420777,8.272852,9.414016,7.5532384,11.355255,11.5485115,8.526454,8.465822,9.742015,11.330239,10.026319,10.271756
28,5.4823146,5.9732485,7.30309,6.690854,8.832269,7.8604007,5.66253,6.7441077,7.5947165,7.581643,6.7586527,7.0048223,7.1662135,7.2352357,8.118901,7.1374264,4.4738774,6.3189936,8.113785,7.7217546,8.061127,9.837895,8.01775,7.945187,4.655881,4.6877937,4.635939,4.7296,0.0,4.454699,4.582342,3.3421543,5.171392,7.648235,6.295508,5.153294,4.7071643,4.79989,4.493317,5.3274145,7.1647177,6.441658,7.304358,6.1511035,5.6441507,5.707104,7.3033423,7.3033423,7.652871,8.248212,8.798208,7.4526753,5.48509,7.6341505,6.0427656,4.5237217,6.1112337,7.848236,5.093567,6.882214,8.435009,7.1624904,9.318581,7.7294497,7.786554,6.424864,7.229367,7.259511,6.3753877,6.4059644,6.349708,6.3910823,7.7858133,7.1443086,7.360774,7.349641,6.7782884,6.8775125,7.0860667,7.032329,8.386921,8.271508,8.505031,8.489564,7.3317695,7.315228,7.4185653,7.9068704,6.7357187,6.7510223,6.267062,6.1306562,7.3372817,6.0441957,7.459619,8.284668,9.895954,8.485429,10.433007,9.108165,9.147458,7.930669,5.6996603,7.834422,6.147615,6.719136,6.4842105,5.738565,9.987484,10.197834,9.24796,8.645381,7.8483253,7.120746,7.9032803,8.546725,5.007367,7.1777596,8.196688,6.81313,10.840057,11.018918,8.204451,8.810926,9.083656,10.832566,9.405125,9.644846
29,4.1761007,3.9340618,8.209211,4.9956946,9.114649,8.236174,3.5525775,5.5822234,8.589265,8.588499,6.693462,6.992483,7.1979747,7.2481246,8.188044,7.216765,6.1999674,6.93229,6.8126884,6.3657413,6.8874817,8.987378,6.835744,6.7796626,0.96219,1.2785103,1.0972676,1.1059079,4.454699,0.0,1.4879514,5.788025,6.960518,6.251559,7.781984,6.9016147,6.7964654,6.8672643,6.6623507,7.2664814,8.336352,7.802126,7.3197894,6.1250815,4.9463553,4.9925632,5.677022,5.677022,7.717226,8.197568,7.9121037,6.5881467,5.587156,6.8619976,4.810837,2.7247982,4.8193135,6.9592223,6.815794,8.364634,7.7243547,5.9077287,9.303032,7.9557557,8.291298,7.1900716,7.9418335,7.981904,7.231088,7.269768,7.1020536,7.178276,8.366154,7.7601385,7.8806047,7.8685727,7.3911695,7.5061183,7.5235343,7.476476,9.06902,9.12618,9.152093,9.126545,7.7846994,7.836925,8.318342,8.413527,7.3813257,7.397991,7.08297,6.7116284,7.802359,6.602114,7.9008055,8.611705,8.904042,7.426724,9.602558,8.010764,10.772411,9.781057,5.7879286,8.555013,6.9256015,7.4171243,7.205523,6.4956217,9.424301,9.613891,9.675716,9.094189,9.1349745,8.195198,9.235663,9.640813,6.0709734,7.9921384,9.156328,7.1706595,11.043916,11.235667,8.225209,8.145202,9.427145,11.061758,9.688048,9.944975
30,3.971846,3.6405065,7.789447,4.2982726,9.048098,8.146995,4.0004773,4.8257203,8.458968,8.452296,6.5642853,6.863305,7.042785,7.0923386,8.1372795,6.9998436,6.4108195,7.1652155,7.2123227,6.7512608,6.707947,8.794656,7.3390436,7.0157456,2.1390698,2.30418,2.1939437,2.249149,4.582342,1.4879514,0.0,5.7098165,6.952739,6.2862034,7.7847667,6.8976135,6.800038,6.8672605,6.6648245,7.177803,8.237863,7.3165946,7.1528654,5.9583735,4.8375754,4.7605987,5.5457416,5.5457416,7.9978423,8.4408865,8.138654,6.816732,5.586056,6.9618526,4.8472805,2.6726584,4.744553,7.1244526,6.7457533,8.59154,6.674333,5.0615244,8.495631,7.727021,7.980436,6.8204317,7.7761974,7.642165,6.83244,6.878346,6.7047377,6.7825527,7.9648056,7.471632,7.5988245,7.5858274,7.134105,7.247942,7.341981,7.2480054,8.982781,9.036069,9.0802145,9.047535,7.655697,7.673252,8.261874,8.087024,7.4963923,7.5206175,7.2196794,6.529793,7.6602416,6.4190307,8.045327,8.69686,8.618932,6.9988184,9.158483,8.175537,10.4724245,9.427299,5.4536667,8.164281,6.721396,7.2074127,7.063951,6.345803,9.127083,9.289385,9.343006,8.72131,8.915896,8.383629,9.072688,9.705342,5.802456,7.8490276,9.376562,7.350418,10.908022,11.078586,8.070705,8.002724,9.218371,10.949543,9.5093,9.762725
31,6.0162177,5.6909165,7.4255066,6.9132895,9.027573,8.113325,6.6548448,7.0576916,8.076712,8.05143,7.362074,7.600638,7.5101643,7.5645103,8.430256,7.4830923,4.8393664,6.680497,8.606098,8.163044,8.422713,9.917682,8.302356,8.08898,6.0061045,6.0220976,5.994667,6.080186,3.3421543,5.788025,5.7098165,0.0,5.9830656,8.274343,6.9013305,5.979239,5.459088,5.497184,5.2795253,5.948963,6.5424156,5.7548475,6.7879753,6.586629,6.39723,6.444121,7.550332,7.550332,7.178295,8.602541,8.2127495,6.7918634,6.1546826,7.0308175,6.5543847,5.375584,6.7544184,6.9268703,4.540046,6.388904,8.412136,6.971733,8.7000475,7.6496415,7.767183,5.860249,6.3790545,6.392139,5.8001876,5.828821,5.851639,5.9000177,7.0567675,6.294559,7.2247014,7.2219653,6.314794,6.5439224,6.8389244,6.5376687,8.1971245,8.545445,8.496115,8.361847,7.1581755,7.105101,7.210395,7.548974,6.3789425,6.394577,6.377912,5.9392433,7.0538754,5.797071,7.534689,7.638228,9.653944,8.216994,9.601911,8.987446,8.481186,7.3482685,4.863057,7.1622286,5.167542,5.8859653,5.603631,5.7859225,8.900713,8.94153,8.102596,7.5303135,7.984976,7.409637,7.6475115,8.320327,5.1040606,6.2428513,8.312174,5.608816,10.500162,10.4472475,8.3273115,9.053517,7.931589,10.189118,9.348872,9.261513
32,8.108963,7.854323,7.361483,7.489847,8.739133,8.03263,8.153579,8.591967,7.6507077,7.6466837,7.2786574,6.5017757,8.326186,8.340304,7.9480314,8.119412,6.123954,6.4021435,8.469028,7.9065747,8.748777,10.603455,8.466354,8.24625,7.22983,7.457778,7.1864944,7.1614003,5.171392,6.960518,6.952739,5.9830656,0.0,6.1428857,2.769949,0.37082776,3.84341,4.086508,3.5046918,4.7387104,8.722029,7.615046,9.077889,7.433623,5.9329963,6.16881,8.5928335,8.5928335,8.871501,7.285468,8.538907,8.237729,6.2875867,8.09268,7.2181683,7.3537025,7.810947,9.83105,7.327607,8.010286,8.563846,7.411125,9.658106,8.579487,7.736499,5.4712777,6.8931985,6.815393,5.979975,5.9375486,5.992203,5.9622564,7.430215,7.2204504,7.8237343,7.8168807,6.365552,6.3631277,6.811146,7.352659,7.1942835,7.2012844,7.1908517,7.3655014,6.123402,6.343543,6.5877004,6.7629733,6.56689,6.5554285,5.6165104,5.3845854,6.239845,5.2973948,6.56861,7.447679,10.041306,9.338201,9.963947,9.434832,8.03299,7.2483153,6.7692256,7.4385805,6.1600294,6.6065273,6.3989944,5.805082,9.920324,10.45684,8.667897,9.187133,8.783956,8.793511,8.784097,9.264164,5.649245,7.176798,8.063446,7.4229636,10.470049,10.661124,8.771581,9.557279,8.787591,9.9462595,8.835764,9.069773
