,0,1,2,3,4,5,6,7,8,9,10,11,12,13,14,15,16,17,18,19,20,21,22,23,24,25,26,27,28,29,30,31,32,33,34,35,36,37,38,39,40,41,42,43,44,45,46,47,48,49,50,51,52,53,54,55,56,57,58,59,60,61,62,63,64,65,66,67,68,69,70,71,72,73,74,75,76,77,78,79,80,81,82,83,84,85,86,87,88,89,90,91,92,93,94,95,96,97,98,99,100,101,102,103,104,105,106,107,108,109,110,111,112,113,114,115,116,117,118,119,120,121,122,123,124,125,126,127
0,0.0,4.532949,7.284315,7.302923,6.460737,6.421649,6.4883084,6.1467667,8.905089,8.632048,9.273075,10.067512,8.862012,8.869073,8.503887,10.749026,9.682859,9.35004,9.560641,8.969398,10.577431,8.841275,9.014266,9.56344,10.109269,10.592132,10.462807,10.061365,10.8095255,10.675619,10.956845,10.153524,9.373397,11.362154,11.414796,11.821511,9.957762,9.961726,10.428664,10.59795,11.009244,10.6929455,9.034389,10.325688,7.5152745,9.172011,7.3924837,8.708169,11.723289,9.621464,12.466456,12.863688,11.544256,11.636347,10.315941,12.908842,10.554863,11.129199,11.06185,11.577293,10.925472,9.704327,10.2499485,10.779124,8.216127,9.021318,10.529125,10.112233,9.509024,11.021519,10.157157,10.150846,10.626316,7.108976,11.296107,10.925211,9.378014,9.727972,9.14554,8.7609005,8.769146,9.789911,8.46889,8.596007,9.384711,9.35876,9.476293,9.810868,11.083262,11.202724,10.552666,10.610046,8.846294,8.886222,10.915516,10.7827015,10.003672,9.545131,8.839307,9.949497,8.765298,7.809922,9.1227665,9.974105,9.582817,9.537707,9.263376,11.6653595,9.506266,9.682404,7.101072,8.443239,10.766859,10.806685,9.844081,9.365703,8.237666,10.082169,10.033144,9.619471,10.275904,10.233914,10.132792,10.217685,7.497145,8.769595,8.302274,8.227262
1,4.532949,0.0,5.274962,5.3232994,3.8852956,3.8316796,4.2835484,4.3089247,7.4735603,7.0105166,7.962187,8.50573,7.322939,7.361672,6.7346582,9.154941,7.9751983,7.933361,8.2095175,7.5268297,8.626869,6.9701557,7.3030057,7.8519173,8.476586,9.157261,8.707351,8.514126,9.289403,9.145526,9.293444,8.413692,6.419458,9.274159,10.239272,9.786056,8.642162,8.683059,9.124864,8.533824,9.871019,9.4012785,7.5081983,9.070042,5.640541,6.8704896,6.8029933,7.2318563,10.354864,8.02378,11.199612,11.466344,9.756526,10.350255,8.907691,11.295671,8.594602,9.142971,9.1686735,9.789144,9.29111,7.9069304,8.619677,9.156976,6.1364684,7.098604,9.086967,8.5820675,8.194386,9.830379,8.6800585,8.551923,9.285017,6.5459447,9.264541,8.84991,7.5953736,8.313473,6.6626124,7.0686655,6.8407836,8.393589,6.6419225,6.850239,7.5479064,7.523694,7.8593802,7.850721,9.283055,9.059367,9.187496,9.169693,7.5812454,7.66706,9.724168,9.625438,9.019661,8.267365,7.398436,8.759291,7.3692007,6.105787,7.7867107,8.503259,7.888495,7.835188,7.5543942,10.261378,8.227639,8.364339,5.725438,6.60992,8.623161,8.677032,8.346668,7.8848867,6.7842383,8.771285,8.757387,8.257255,8.958746,9.095367,9.00281,9.03685,5.9746985,7.398721,6.8126874,6.7820225
2,7.284315,5.274962,0.0,0.24968083,2.8726554,2.9055169,1.8888831,2.3342264,6.447325,7.5122724,7.5902643,7.340596,6.4563518,6.4339643,6.2549295,7.210248,8.400363,7.651444,8.784292,7.886321,8.75646,6.7730565,7.4056115,8.038232,7.071481,7.8840413,7.306348,7.145899,8.0144205,7.9156847,8.159102,8.740933,6.281125,8.8106575,8.648224,8.23447,8.324436,8.376565,8.806923,8.314871,7.7122087,7.1497726,6.8254046,8.212509,6.095594,6.592475,4.6731124,4.5529475,9.772174,7.6035295,9.527618,9.961734,9.503619,10.347323,8.92721,10.635339,6.4041123,7.288747,7.402509,8.037083,6.7175517,5.733249,6.821713,7.3802333,5.3587704,6.651322,7.8958073,7.827044,7.17013,8.211555,7.98103,7.8864594,8.94923,5.927342,6.9220033,7.202736,6.704928,7.7095704,5.561823,5.877658,5.093604,6.5679374,5.2344246,5.0948358,6.0580463,6.0110908,6.4186316,6.361645,8.069614,7.677909,7.811947,7.81617,5.9825754,6.104956,8.261696,8.190806,8.629086,8.1205635,6.7323194,8.605353,7.468915,6.153177,6.9349055,7.8454733,7.3364787,7.2637515,6.981072,8.784804,7.3945475,7.383705,6.4316483,6.0227304,8.478534,8.510516,7.287948,7.9009967,6.1526046,7.8275275,8.290892,7.917975,7.5722833,7.6653275,7.3151274,7.6299577,5.613743,6.9701695,6.740338,6.7052736
3,7.302923,5.3232994,0.24968083,0.0,2.94828,2.9794044,1.8624222,2.323793,6.4686375,7.5283513,7.623344,7.3357267,6.4392796,6.4147058,6.2917547,7.265606,8.393579,7.6646366,8.815681,7.9104805,8.765992,6.8025947,7.417749,8.051387,7.0926857,7.9009743,7.304726,7.1707087,8.018975,7.8910055,8.151258,8.742119,6.335234,8.808986,8.645719,8.250302,8.31316,8.364525,8.795394,8.294475,7.713139,7.14179,6.828319,8.21922,6.107988,6.5853424,4.7273684,4.556067,9.779384,7.5978055,9.51054,9.976821,9.527795,10.358878,8.971089,10.655608,6.4483013,7.354764,7.441561,8.081589,6.674516,5.7609563,6.8621454,7.414787,5.371845,6.6839395,7.8734365,7.7680693,7.1104646,8.165797,7.924556,7.846728,8.912437,5.877346,6.8764052,7.173569,6.6824594,7.675155,5.530353,5.806366,5.123178,6.5328503,5.2077084,5.093117,6.1054616,6.059941,6.44828,6.3951297,8.025857,7.664142,7.8600755,7.87189,5.976398,6.0936375,8.248817,8.177831,8.583047,8.131295,6.7639055,8.661456,7.5416884,6.2029176,6.960367,7.885564,7.371247,7.29955,7.0152826,8.76714,7.366692,7.348535,6.4982886,6.063644,8.494843,8.526772,7.2597837,7.882665,6.1673965,7.8273287,8.270145,7.8950057,7.6404305,7.677367,7.3396325,7.637595,5.617416,6.967256,6.738892,6.70323
4,6.460737,3.8852956,2.8726554,2.94828,0.0,0.09091763,2.1984565,2.1145632,6.6526575,6.874689,7.5851607,7.8379135,6.5990763,6.627759,5.8249125,7.7044654,8.163991,7.4073,8.548251,7.764381,8.19339,6.4334173,7.0153885,7.640186,7.722281,8.427305,8.004147,7.7538652,8.793311,8.671794,8.652829,8.764494,5.4064865,8.612858,9.379586,8.782211,8.150905,8.2093525,8.620909,8.431865,8.601964,8.072027,6.8357773,8.362785,6.043538,6.5710974,6.0903397,6.184895,9.682701,7.39904,10.385528,10.526907,9.712066,10.522852,9.033052,10.847508,7.304455,7.907622,8.411943,8.824145,7.53782,6.528329,7.5274754,8.131553,5.6412764,6.9062176,8.416537,8.222717,7.6621284,9.107797,8.475874,8.121431,9.121968,6.2154627,7.8457575,7.5862365,6.726518,7.7941704,5.5669127,6.4069667,5.6714597,7.4119563,5.5367494,5.833266,6.565302,6.524888,6.7885957,6.904326,8.547615,8.096732,8.446185,8.382735,6.598747,6.758072,8.713202,8.668254,8.980779,7.6583285,6.3547177,8.445295,6.764637,5.7388,6.551328,7.5022993,6.7635417,6.671701,6.9925256,8.453481,7.8706284,7.7730665,6.1633024,6.278783,8.3235,8.352412,7.8320527,7.756843,6.281905,8.365955,8.189167,7.786405,8.0063095,8.012808,8.028882,8.035321,5.7463984,7.215281,6.6620007,6.6425686
5,6.421649,3.8316796,2.9055169,2.9794044,0.09091763,0.0,2.1921148,2.1114497,6.646724,6.8517466,7.57956,7.8322144,6.584961,6.613966,5.812688,7.7193956,8.159851,7.4092793,8.525557,7.7392564,8.185367,6.4224896,7.0019045,7.6291003,7.7379847,8.443243,8.020426,7.772924,8.809467,8.686618,8.66024,8.757098,5.384671,8.59497,9.377787,8.794315,8.135598,8.194196,8.6034,8.420306,8.615851,8.083404,6.830309,8.361966,6.0198574,6.5687947,6.0904956,6.195579,9.679274,7.3873076,10.397107,10.535405,9.709175,10.510773,9.033633,10.856099,7.317562,7.919832,8.4214115,8.833481,7.5585933,6.5366697,7.534769,8.13583,5.6548905,6.912776,8.427659,8.225221,7.653381,9.111358,8.476571,8.126219,9.121849,6.2127905,7.850451,7.5864377,6.7360954,7.795261,5.5741334,6.4151325,5.696895,7.4278665,5.5525007,5.8503566,6.585586,6.545556,6.815039,6.9289045,8.556228,8.111601,8.458183,8.396686,6.6173277,6.779248,8.728279,8.682399,8.962165,7.636981,6.3537273,8.430335,6.7387924,5.721148,6.549629,7.5054255,6.763925,6.672143,6.9959416,8.469441,7.8664894,7.7726126,6.140284,6.273463,8.316726,8.346305,7.833869,7.745698,6.2949357,8.369618,8.178398,7.7744813,8.031029,8.012159,8.04421,8.033092,5.7500257,7.224396,6.666146,6.6467886
6,6.4883084,4.2835484,1.8888831,1.8624222,2.1984565,2.1921148,0.0,0.91565144,6.259651,6.7820582,7.396264,6.951994,6.2161603,6.193909,5.9648166,7.6667714,8.099796,7.3810353,8.173622,7.231078,8.1110935,6.297704,6.855266,7.5787435,7.36704,8.153305,7.3768287,7.4517016,8.217087,8.075869,8.266045,8.517538,5.767982,8.352491,8.818441,8.778237,7.864445,7.901066,8.384216,7.967449,8.029292,7.534868,6.4490294,8.018522,5.3389497,6.056823,5.049896,5.0611725,9.271772,6.777302,9.61804,9.919317,8.993011,9.870304,8.406197,10.390045,6.518272,7.509642,7.659014,8.200916,6.86281,5.714662,6.8752584,7.4605,5.3724184,6.780947,7.6395473,7.515677,6.772234,8.266772,7.76933,7.721192,8.640901,5.556451,6.91587,6.9338546,6.4491196,7.3376956,5.307964,5.5403895,5.3905673,6.49693,5.080321,5.2239866,6.1863647,6.1411743,6.638619,6.816073,8.064249,7.643629,8.068938,8.09362,5.880474,6.009436,8.198133,8.140842,8.228756,7.751662,6.493798,8.401908,6.987283,5.9097614,6.789661,7.6838093,7.045839,6.9669156,6.902783,8.728375,7.0344276,7.061232,6.313916,5.97078,8.2159395,8.253819,7.3975163,7.7453938,6.1200066,7.9560585,8.072154,7.6337447,7.9327965,7.6548047,7.4447045,7.624884,5.352693,6.724836,6.4291253,6.4019656
7,6.1467667,4.3089247,2.3342264,2.323793,2.1145632,2.1114497,0.91565144,0.0,6.424734,6.8558884,7.3530335,7.217191,6.4372244,6.4128766,6.1062546,7.9093814,8.196281,7.378597,8.09769,7.258198,8.004938,6.373049,6.9271536,7.6440806,7.5843577,8.327176,7.633613,7.613687,8.336623,8.183784,8.41474,8.669813,6.044021,8.548148,8.998485,9.141791,7.949678,7.9816494,8.456864,8.228337,8.170667,7.684877,6.53635,8.076792,5.4721365,6.2183204,5.1186414,5.400966,9.31618,6.7523804,9.803898,10.005992,9.154553,10.008781,8.416474,10.512042,6.837708,7.8274612,8.053495,8.5088415,7.1272054,5.950006,7.127517,7.7172103,5.457397,6.914886,7.85953,7.7168803,6.8990026,8.38196,7.976767,7.9440455,8.683526,5.6113625,7.23653,7.116889,6.597165,7.302524,5.547371,5.7441564,5.668631,6.636639,5.277656,5.4076653,6.4574203,6.4149146,6.836004,7.119731,8.138382,7.9408693,8.285092,8.316128,5.6830764,5.820772,8.06905,8.015213,8.30586,7.737553,6.3778543,8.367688,6.747416,5.8863015,6.5558877,7.5909967,6.9270506,6.8407,6.937361,8.638574,6.9787674,7.0117245,6.314931,6.0682893,8.314082,8.350024,7.555436,7.7948437,5.9764028,8.087908,8.059766,7.6040664,7.8989515,7.622391,7.438472,7.603598,5.1883144,6.660157,6.3569794,6.323281
8,8.905089,7.4735603,6.447325,6.4686375,6.6526575,6.646724,6.259651,6.424734,0.0,2.5719004,3.743924,3.34964,1.7800355,1.764465,6.2225084,4.970591,6.2945466,8.045582,8.363349,7.5630965,7.2842,6.9372005,4.7665906,5.7679586,5.602427,6.798965,7.3938785,5.581343,6.1166778,6.4731317,6.995217,6.5363736,7.475318,5.6806827,6.8606005,6.42427,4.969019,5.1118765,5.453039,4.9109716,5.4695816,5.034107,2.3688278,5.557505,7.4445877,7.654241,5.892336,5.4013286,7.2122216,8.531128,6.512331,7.4972625,10.457586,8.620099,9.78543,8.5641985,6.9424767,7.90335,5.354855,6.135019,6.504097,6.3390517,6.9383397,6.682676,4.947465,4.4479036,7.1127915,7.116307,8.776904,8.532786,7.4245276,7.632066,6.3156533,6.239388,6.40897,6.095649,6.150706,6.213531,6.5368886,6.659955,5.108412,6.0863047,3.8919065,4.8966556,5.645507,5.633537,6.6193776,5.008815,7.830381,7.6104317,5.870149,6.0310507,7.8950024,7.985015,7.967161,7.8554754,6.9930124,7.6441965,6.046858,8.374451,6.67806,5.727836,6.2322016,7.2744823,5.528353,5.546329,5.56179,6.8691688,5.4750104,5.258535,5.454308,5.3202057,8.30148,8.346982,7.858192,8.154457,6.473569,7.481347,7.973343,7.6188526,7.206216,7.443779,7.080813,7.322584,6.1020255,6.4715767,6.899119,6.8806863
9,8.632048,7.0105166,7.5122724,7.5283513,6.874689,6.8517466,6.7820582,6.8558884,2.5719004,0.0,4.4661837,4.3374,2.8439374,2.880839,6.544039,6.601343,6.4559417,8.34863,8.459109,7.6741123,7.342224,7.057872,4.937305,5.906594,6.8912935,7.9113417,8.357744,6.876307,7.305376,7.4866004,7.986366,6.893953,7.6232433,5.8268323,8.138719,7.73983,5.2555,5.39737,5.6972876,5.2062125,6.992546,6.6476836,2.983644,6.0473394,7.490762,7.7291994,7.3877983,6.959137,7.452745,8.615886,7.8288555,8.618983,10.589169,8.69016,9.831144,8.7500515,8.181615,9.031666,6.889492,7.5032053,7.8408213,7.6742463,8.2048,7.9810038,5.8368464,5.3738275,7.8092127,7.5627794,9.221258,9.532441,7.9549594,8.072888,6.8417406,6.8851476,7.627444,6.8437963,6.7743487,6.8085103,7.0190964,7.269416,6.384472,7.1964707,4.869782,6.205523,6.950079,6.937585,7.665222,6.310686,8.628434,8.466617,7.106089,7.237219,8.74184,8.839098,8.764352,8.665784,7.6770983,8.206103,6.761758,9.059392,7.1788177,6.364148,6.8825707,7.868207,6.0809765,6.097503,6.403057,7.5836234,6.263829,6.0611486,5.9196253,6.11877,8.863221,8.912268,8.921098,8.648506,7.150971,8.693412,8.60202,8.223561,8.315481,8.582566,8.252548,8.470946,6.6739917,7.084203,7.3227944,7.3138075
10,9.273075,7.962187,7.5902643,7.623344,7.5851607,7.57956,7.396264,7.3530335,3.743924,4.4661837,0.0,5.082036,4.3939996,4.421108,7.0546265,6.143657,6.5427427,8.207897,7.8674417,8.125691,6.481867,7.6716557,5.557502,6.1027055,6.9401517,7.7799215,8.016013,6.616134,5.4187865,5.8332005,6.5093246,6.1042304,8.523722,6.987369,8.071695,7.5417004,6.2108707,6.2800407,6.5939145,5.4512787,6.871304,6.41006,4.6740093,6.6845713,8.57912,8.645512,7.133384,6.9403157,8.332774,9.489917,7.4649086,8.514039,11.102565,9.31641,10.468784,9.472872,8.103354,8.909747,6.6923056,7.410938,7.4989,7.427229,7.764018,7.705118,4.3317394,3.518612,8.058485,8.107301,9.047723,8.078629,8.357872,8.626317,5.879349,7.546878,7.713402,7.235319,7.417518,5.820888,7.7006364,7.876103,6.465032,7.2502093,5.3690906,6.173623,6.70279,6.7585945,7.883723,6.3811913,7.48218,8.499893,7.267551,7.456618,7.010183,7.1148963,6.942852,6.8200145,6.0817604,6.9252415,4.925019,7.570084,5.581805,4.4425974,4.9026947,6.289692,4.1135035,4.151088,4.131325,5.834359,3.864657,3.5812132,4.1578226,3.788046,7.488818,7.547253,7.065149,7.3441,5.3478446,6.669156,7.1840706,6.7626066,6.200408,6.554456,6.038132,6.379409,4.6481643,5.21852,5.85492,5.8308587
11,10.067512,8.50573,7.340596,7.3357267,7.8379135,7.8322144,6.951994,7.217191,3.34964,4.3374,5.082036,0.0,3.747006,3.6880097,7.1736836,6.201662,7.1619444,8.722438,8.693429,7.974256,7.654114,7.7619157,6.033337,6.8316054,6.724999,7.7642193,6.548762,6.7279596,6.818512,7.0941257,7.4279685,7.5055585,8.143519,6.254805,7.4405727,7.3995748,5.8740125,5.8876796,6.289402,5.39989,6.1906843,6.088107,3.9271884,6.3142962,8.226207,8.281639,6.6887884,5.952229,6.1807485,7.566691,5.365491,6.466196,9.687274,7.803321,9.128417,7.7678638,6.0524545,7.2896996,4.3521695,5.225829,5.575016,5.442328,6.1878185,5.816016,5.6835694,5.376338,7.0125847,7.37693,9.02994,8.742909,7.6678143,8.016698,6.6542125,6.820022,6.2897606,6.071023,6.5748754,6.603188,7.3627043,6.9127727,5.3845334,5.8856273,4.236026,4.9966326,5.0053673,4.9987164,6.942223,5.6176243,8.512648,7.2104344,6.771534,6.946524,7.9650183,7.9652557,7.9002557,7.859292,7.2343006,8.253227,6.783887,8.930289,7.8822613,7.2172117,7.505555,7.904126,6.207707,6.2314796,6.1042905,7.2964783,5.5840755,5.3928113,6.7564235,5.7798786,8.372208,8.435032,8.095232,9.110187,7.6777954,7.8927755,8.784268,8.422694,7.866665,7.6979914,7.365403,7.5829673,6.582475,6.439816,7.3361535,7.35084
12,8.862012,7.322939,6.4563518,6.4392796,6.5990763,6.584961,6.2161603,6.4372244,1.7800355,2.8439374,4.3939996,3.747006,0.0,0.18813926,6.1837206,5.10237,6.0832543,8.048944,8.514299,7.6546206,7.3233447,7.083122,4.79503,5.6476517,5.71889,6.892886,7.148192,5.8062544,6.4449086,6.3630095,6.7917943,6.58806,7.380168,5.530816,6.533369,6.0277524,4.8260174,4.979337,5.0734043,4.7805624,5.4176874,4.9279513,2.701049,5.8115945,7.5011525,7.7495956,6.1189566,5.528509,7.1451025,8.276296,6.494628,7.4478173,10.554088,8.412118,10.0587,8.770784,7.120567,7.9225817,5.5069675,6.25761,6.7581754,6.586487,7.0962906,6.6487317,4.9375534,4.3433924,7.360981,6.894635,8.723439,8.497106,7.1911297,7.283786,6.0916996,5.985028,6.0974994,5.8235,5.8118753,6.031363,6.2182364,6.4054317,4.930787,5.9402905,3.7223065,4.7012095,5.854988,5.849629,6.4250975,4.679922,7.5808177,7.282048,6.025155,6.1680984,8.048006,8.147218,7.927003,7.814787,6.7423162,7.325172,6.0368195,8.275866,6.9533677,6.044312,6.3616495,7.3078256,5.5760403,5.5996256,5.631737,6.9143963,5.626549,5.4071016,5.389409,5.3582764,8.019073,8.066246,7.575143,7.7014227,6.5591826,7.5021925,7.536685,7.2270355,7.4437175,7.2720695,7.1642356,7.1195064,6.0591936,6.3813004,6.736963,6.71754
13,8.869073,7.361672,6.4339643,6.4147058,6.627759,6.613966,6.193909,6.4128766,1.764465,2.880839,4.421108,3.6880097,0.18813926,0.0,6.2159696,5.1435905,6.126208,8.068905,8.513746,7.63859,7.349171,7.092221,4.830939,5.6869326,5.7187557,6.9059734,7.1349187,5.8089247,6.432364,6.3479137,6.8149877,6.6306553,7.4302487,5.539343,6.4924192,6.0840683,4.8335147,4.985417,5.07168,4.80134,5.353163,4.8694663,2.660445,5.798033,7.46932,7.726402,6.04019,5.453921,7.1117687,8.228081,6.446372,7.3955345,10.52017,8.379456,10.014847,8.739984,7.0885954,7.9167953,5.4806066,6.232563,6.7535396,6.566566,7.085905,6.6208467,4.9723372,4.397195,7.34973,6.885102,8.70103,8.478627,7.1814585,7.3046494,6.1031985,5.9693093,6.0511923,5.7824383,5.8293095,6.034841,6.2297654,6.375395,4.957675,5.885623,3.7344573,4.685631,5.882984,5.8759046,6.4484787,4.724556,7.5777917,7.297079,6.011849,6.1646433,8.013643,8.112929,7.889876,7.776964,6.7455716,7.3920336,6.09475,8.306019,6.9954653,6.1159806,6.4068995,7.3617787,5.6515236,5.6742606,5.6906757,6.9834466,5.591763,5.387836,5.4491215,5.383968,8.069139,8.116791,7.6087976,7.7512956,6.5720396,7.539067,7.5746684,7.2656784,7.459945,7.281432,7.1488943,7.1245327,6.0641217,6.3842154,6.762623,6.7421894
14,8.503887,6.7346582,6.2549295,6.2917547,5.8249125,5.812688,5.9648166,6.1062546,6.2225084,6.544039,7.0546265,7.1736836,6.1837206,6.2159696,0.0,7.293941,6.583997,7.2409873,9.309939,8.621992,6.954693,7.650213,7.102719,5.9696574,8.005848,8.731069,7.271091,7.9760838,8.643328,8.950052,8.850348,8.447135,7.106785,8.5163765,7.7117815,6.632057,7.974813,8.042225,6.304298,7.9250393,6.5527506,5.9769015,6.6528497,8.283775,7.618984,7.870315,7.49123,7.144809,8.06784,7.299776,8.249671,8.803838,9.332635,9.109253,9.002042,9.520073,7.9662905,6.5475206,8.057066,8.6401,7.1659956,7.1731553,7.857922,6.2378864,6.476929,7.1816893,8.588452,8.689434,8.813112,9.581094,9.054629,8.924421,8.9755945,7.262972,8.376524,7.512678,7.6771235,8.274152,7.2055182,7.7253184,6.627136,8.092205,6.028511,6.8163657,6.8904314,6.8722525,7.8656535,7.538881,9.343955,8.826423,8.525436,8.549554,8.323409,8.433722,6.990941,6.8798394,8.9671955,8.193073,7.0333366,6.470615,7.6329145,6.1800294,7.3500104,8.157581,7.058261,7.0189314,7.1417193,8.167565,7.9392977,7.6847405,6.933197,6.9334493,9.215945,9.255576,8.588301,6.8723307,7.4907665,8.594875,7.407777,7.6961064,8.552199,7.8562655,7.7536297,7.864434,7.192812,8.092102,7.7938704,7.7861323
15,10.749026,9.154941,7.210248,7.265606,7.7044654,7.7193956,7.6667714,7.9093814,4.970591,6.601343,6.143657,6.201662,5.10237,5.1435905,7.293941,0.0,5.941613,7.502846,8.306264,7.7715945,7.1024375,6.988462,4.842481,5.4212604,3.5222147,4.51715,5.6569767,3.5371292,4.9049654,5.3539295,5.1758494,5.5851626,6.328945,5.3015933,5.017981,4.3883038,4.8552785,4.9030514,5.8635798,5.1085277,4.500681,5.2091427,5.008065,7.0167975,7.626103,7.293028,6.333231,5.0234447,6.986628,8.827133,6.6623163,7.3196855,10.389723,9.1354685,10.685124,9.047418,5.309124,5.7812486,4.3701777,4.1977615,7.09155,6.7815576,4.910528,5.431304,6.1324635,5.7108912,7.0061455,6.9525127,8.669756,7.5906286,7.216776,7.082492,5.915715,5.8572283,4.9072623,4.9354806,4.9672775,5.6658444,5.638275,6.257404,4.7479043,5.113746,4.700744,4.9940414,5.384888,5.44436,4.494593,4.486904,6.23212,5.322173,3.1788042,3.1821592,7.3323345,7.4464684,7.275917,7.207264,6.6201305,6.0532346,5.2610683,6.955017,7.488204,6.8159156,7.040269,5.861329,5.690849,5.717557,5.658536,6.6145134,6.7814245,6.496698,6.149872,5.6474657,6.8127246,6.812768,6.117741,6.9318066,5.957119,5.7787676,6.4790673,6.440794,5.2865577,5.505441,5.8938165,5.529784,7.4358068,6.525353,6.256142,6.2823415
16,9.682859,7.9751983,8.400363,8.393579,8.163991,8.159851,8.099796,8.196281,6.2945466,6.4559417,6.5427427,7.1619444,6.0832543,6.126208,6.583997,5.941613,0.0,5.5653744,7.2513676,6.94241,4.570536,6.4009614,3.8129983,2.3638616,4.6918216,5.3138447,5.6233644,4.5133395,5.0732474,5.3075666,5.502221,3.6450763,6.8113728,5.5204606,5.2854013,5.1009154,4.4762425,4.488895,3.9681869,4.013787,5.3692074,5.6781545,5.041234,7.19632,6.5361238,6.0153217,7.6191773,6.5985303,6.016002,7.5345354,6.729446,7.376062,9.00505,7.877372,9.426077,8.313256,7.5789647,7.3323917,7.000072,7.087751,8.675192,8.424048,7.1533585,6.6372476,5.982663,5.946868,6.4571304,5.7167983,8.362601,8.007614,6.1687646,6.5893545,4.396601,5.352421,6.556161,5.5655026,4.381855,4.3553243,4.964547,5.0882826,6.139167,5.483015,5.1495647,5.7879243,6.5620084,6.635028,5.7412167,5.9131784,5.4842596,5.9043183,5.611268,5.6428146,7.2126985,7.156762,6.1698995,6.1287446,6.210548,6.5847735,6.39937,6.2906623,7.728766,6.98104,7.6800127,6.942027,6.6833196,6.718578,6.6436753,8.01961,6.6348386,6.5091157,6.7074523,6.5501213,6.2428684,6.268925,6.1921725,4.7680387,5.664979,5.783748,5.1437664,5.1038194,7.5318913,6.5881443,7.0755434,6.48406,7.083842,6.0606036,5.6434855,5.6871405
17,9.35004,7.933361,7.651444,7.6646366,7.4073,7.4092793,7.3810353,7.378597,8.045582,8.34863,8.207897,8.722438,8.048944,8.068905,7.2409873,7.502846,5.5653744,0.0,5.1473365,4.981753,6.6668673,3.2728808,6.3745546,5.403437,6.9183702,5.796395,6.9249516,6.8191013,7.0717516,7.269561,5.722354,6.6052184,6.614635,7.391998,7.100286,7.1326904,6.506124,6.455182,6.541843,6.748833,7.1699305,6.869912,7.0563827,6.0521364,6.45556,6.0746293,7.5537477,6.886291,7.779061,7.2837114,8.552108,9.600309,6.0720754,6.7980256,6.976796,7.469664,7.983549,7.887241,8.772624,8.650954,9.601006,9.175548,7.8018003,7.9764,7.3904157,7.812005,5.0522223,4.994077,5.462046,6.2561007,5.294153,5.3028035,7.315613,6.2065682,7.6581073,6.976341,5.9433656,6.2036405,5.5460906,5.611588,7.47794,6.7207046,6.811526,7.239236,7.769611,7.8245597,6.8500824,7.5597,6.2679152,7.1230717,7.271004,7.255939,6.4311996,6.4600897,6.8282447,6.886218,7.570453,7.1220236,7.270572,7.0770483,8.187327,7.693016,6.9759803,6.15551,8.001102,7.9689593,8.232096,9.134622,8.143825,8.0735035,7.5072393,7.181024,7.041398,7.04931,6.6950564,5.6480393,6.443898,6.8148513,6.102563,6.0177374,8.533668,7.0529947,7.6962824,7.036532,7.660011,7.1564674,6.4886866,6.535177
18,9.560641,8.2095175,8.784292,8.815681,8.548251,8.525557,8.173622,8.09769,8.363349,8.459109,7.8674417,8.693429,8.514299,8.513746,9.309939,8.306264,7.2513676,5.1473365,0.0,2.3341491,6.6420646,4.191804,6.5996413,6.7572393,7.471874,6.268048,7.99182,7.4050283,7.0522118,7.1971974,5.545273,6.4816685,7.049248,7.2118626,8.253316,9.256862,6.827767,6.7406955,7.9460554,6.8846803,8.758525,8.5457,7.527479,6.0422254,6.370027,6.700638,7.6038876,7.464609,8.554856,8.139587,9.096673,9.881961,6.420968,6.516916,6.9111795,7.7871466,7.799204,8.840928,8.503909,8.2862625,10.214854,8.802656,7.4814305,8.467038,7.6159754,8.007689,5.9847517,5.531287,5.014768,5.180638,5.3194194,5.8470244,6.987047,7.0010643,7.533523,6.9786153,7.0423207,6.098605,6.8699045,6.8610477,8.259763,7.029357,7.644539,7.593172,8.361621,8.430505,7.9250226,8.812815,6.227549,7.6618767,7.6158547,7.772098,6.362533,6.484147,7.8698,7.8383837,6.4442935,6.6287775,6.7497983,7.326912,7.09365,7.5056643,6.3476567,5.159646,7.559893,7.5433497,7.589682,9.677122,6.860356,7.1613827,6.9812055,6.774481,6.511868,6.549515,6.9531617,7.209053,6.26851,6.9163327,7.0085654,6.4538484,7.9031625,6.7760315,7.484064,6.66519,7.2735667,6.6365194,6.125937,6.1646585
19,8.969398,7.5268297,7.886321,7.9104805,7.764381,7.7392564,7.231078,7.258198,7.5630965,7.6741123,8.125691,7.974256,7.6546206,7.63859,8.621992,7.7715945,6.94241,4.981753,2.3341491,0.0,7.0069876,3.285687,6.066306,6.421795,6.636497,5.557299,7.5534315,6.7441306,7.245908,7.3807373,5.9479527,6.607796,6.2365704,6.485041,7.497274,8.632328,6.1485724,6.095795,7.2732167,6.5181704,7.9750566,7.749932,6.6029253,5.221653,5.1031466,5.696077,6.630049,6.3936663,7.926574,7.357013,8.563882,9.310726,5.7421203,5.9303145,6.120396,7.140311,7.053857,8.182553,7.809947,7.63229,9.629976,8.097475,6.9744115,7.8200774,7.545877,8.031692,5.2254467,4.605147,4.623362,5.6192727,4.382787,4.9829693,7.141062,5.9924893,6.714192,6.2227664,6.217644,6.26318,5.954235,5.871191,7.485122,6.234275,6.86647,6.8047433,7.755692,7.789561,7.1526623,8.122428,6.451824,7.138551,6.799259,6.9494042,6.806734,6.917593,8.280507,8.231721,6.907664,7.140628,7.184815,7.7335377,7.4715343,7.7324476,6.863052,5.965208,7.9767137,7.956545,7.9388657,10.034008,7.2443066,7.536977,7.242359,7.155431,7.141822,7.17575,7.4196568,7.581496,6.6385098,7.365829,7.4497943,6.9459486,8.286689,7.3053465,7.875813,7.206491,7.5919423,7.1037354,6.600281,6.628324
20,10.577431,8.626869,8.75646,8.765992,8.19339,8.185367,8.1110935,8.004938,7.2842,7.342224,6.481867,7.654114,7.3233447,7.349171,6.954693,7.1024375,4.570536,6.6668673,6.6420646,7.0069876,0.0,7.226789,4.605901,3.6248024,6.5665746,7.011378,6.5160847,6.3514647,5.8722987,6.0748234,5.914108,5.3092437,6.8472757,6.3720627,6.7880306,7.4015307,6.0428247,6.0081177,5.579478,5.728636,6.881926,7.0419083,6.4808683,8.190767,7.2467566,6.863822,8.466131,7.925709,6.666464,7.3184485,7.52726,7.2650967,9.022995,8.444549,9.579426,9.164638,7.5754786,7.458511,7.809391,7.65355,8.528127,7.6786513,7.040996,6.619793,6.014039,6.759786,7.192984,6.9651637,8.288005,7.668126,7.516367,7.8342957,4.8736563,6.8959985,6.4461265,5.4596944,5.679869,4.206308,5.9249535,6.4267783,7.000031,6.1594496,6.1524086,6.4992228,7.006784,7.0882444,6.9913707,7.7400703,5.510636,6.396222,7.349954,7.4014745,6.399773,6.425151,5.1838636,5.196499,5.6603465,5.5434384,5.088902,4.8257365,5.78441,6.16115,6.5256743,5.821445,5.203884,5.205132,5.732831,7.1447406,5.3850865,5.3816648,7.2586718,6.511739,5.2172074,5.2376294,6.2416553,5.0921884,5.385652,5.8166575,4.466038,4.313209,7.0351176,5.202773,5.9118347,5.1660156,6.441066,5.621819,5.296051,5.3532233
21,8.841275,6.9701557,6.7730565,6.8025947,6.4334173,6.4224896,6.297704,6.373049,6.9372005,7.057872,7.6716557,7.7619157,7.083122,7.092221,7.650213,6.988462,6.4009614,3.2728808,4.191804,3.285687,7.226789,0.0,5.7292223,5.9705834,6.355814,5.4386363,7.401687,6.3934913,7.0064287,7.255336,5.932645,6.4376473,5.198774,6.0128164,7.4591923,7.7296805,5.6296372,5.614343,6.791204,6.007622,7.4735875,7.1595035,5.941557,4.912678,5.034783,4.8465896,6.6318035,5.8348355,7.827115,7.246082,8.910942,9.861491,6.2000046,6.9901,6.6550035,7.272313,7.048353,7.9586806,7.948905,7.8125834,9.130186,8.406719,7.1593657,8.078487,7.228965,7.5783854,4.9437213,4.6709433,4.642851,6.1349688,4.790415,4.960764,7.4211864,5.82843,6.805445,6.1607804,5.732069,6.2877197,4.895486,5.252048,7.1301246,6.371847,6.2844596,6.7667017,7.5507193,7.582978,6.750329,7.330147,6.3424063,6.997499,6.564624,6.617332,6.4330487,6.5778313,8.029193,8.038839,7.489758,7.1540456,7.0502853,8.121195,7.684565,7.346316,6.585274,5.967153,7.718876,7.6793785,8.002908,9.111426,7.7500196,7.7410817,6.869611,6.657733,7.278231,7.301402,7.170984,7.0585184,6.3494782,7.3438325,7.2532187,6.849824,8.294205,7.4994984,8.05255,7.4466925,7.4904394,7.244192,6.5511813,6.5961237
22,9.014266,7.3030057,7.4056115,7.417749,7.0153885,7.0019045,6.855266,6.9271536,4.7665906,4.937305,5.557502,6.033337,4.79503,4.830939,7.102719,4.842481,3.8129983,6.3745546,6.5996413,6.066306,4.605901,5.7292223,0.0,2.7236564,3.967514,5.1017575,6.3898697,3.9943502,4.6948185,4.9455237,5.1919656,3.490433,5.523595,3.8845754,5.5997763,6.374365,2.8256378,2.8795002,4.4179153,3.224846,5.818512,6.2252035,3.7440872,6.804424,5.4216247,5.4495044,6.5082507,5.786722,6.4504275,7.7035093,7.5386887,7.6484756,9.54381,8.472194,9.947655,9.202418,6.653449,7.5494566,6.2497163,6.170461,8.315318,7.3969655,6.2417316,6.7838264,5.4571147,5.517376,5.9426565,5.554827,7.8509746,7.603638,6.2089148,6.4743996,3.7965496,4.646701,5.0753593,4.674851,3.4788117,3.3479106,4.0610027,4.494686,5.477853,4.6399236,4.496734,5.137774,6.043268,6.0985494,5.134195,5.539677,5.0079904,5.2851167,4.498799,4.528872,6.655339,6.712973,7.186999,7.149389,4.8464093,5.184607,5.110194,6.4797344,5.897729,5.7772307,6.826168,6.110036,5.4850807,5.5021205,5.6898527,7.5052476,5.5310044,5.556439,5.901729,5.7,5.370487,5.3804307,5.773419,5.578385,4.984496,5.255463,5.1820054,4.695025,6.8316746,5.7610307,6.2998757,5.699403,6.4279613,5.5108852,5.064253,5.098311
23,9.56344,7.8519173,8.038232,8.051387,7.640186,7.6291003,7.5787435,7.6440806,5.7679586,5.906594,6.1027055,6.8316054,5.6476517,5.6869326,5.9696574,5.4212604,2.3638616,5.403437,6.7572393,6.421795,3.6248024,5.9705834,2.7236564,0.0,4.860103,5.5157037,5.9562435,4.801749,5.140328,5.4392843,5.3087726,3.9350548,6.1790195,4.9617286,4.8919697,5.3917584,4.0045986,4.032843,3.3407018,4.01495,5.1334085,5.4903398,4.7863073,7.0546064,6.131935,5.9562335,7.294048,6.5318556,5.9762125,7.3173375,7.0063505,7.2363753,8.793367,7.651943,9.467223,8.5949955,7.3119845,7.029439,6.938983,6.8903356,8.731004,8.091319,6.8508534,6.293671,5.9250193,5.9943476,6.134251,5.800536,7.999292,7.695525,6.4822025,6.689806,4.427494,5.447731,5.9508224,5.104622,4.3355737,4.0798173,4.754809,5.188013,6.1348605,5.4029636,5.2402124,5.892892,6.571596,6.634909,5.7642984,6.12955,5.360779,5.8274865,5.339943,5.34615,7.003057,7.0412974,5.9524198,5.921657,5.4941387,5.617454,5.6751366,5.152967,6.525006,6.223082,7.0830107,6.3116317,6.0131803,6.0315523,6.190902,7.778831,6.165937,6.1326,6.449747,6.2059107,5.6998158,5.711152,6.0507083,4.3491683,5.439823,5.544637,4.2352076,4.287281,7.255915,5.666424,6.2202787,5.6069803,6.8858304,5.975404,5.4968657,5.537109
24,10.109269,8.476586,7.071481,7.0926857,7.722281,7.7379847,7.36704,7.5843577,5.602427,6.8912935,6.9401517,6.724999,5.71889,5.7187557,8.005848,3.5222147,4.6918216,6.9183702,7.471874,6.636497,6.5665746,6.355814,3.967514,4.860103,0.0,2.750681,5.271517,0.7517327,3.9702244,4.345877,4.854994,4.31046,6.1667914,5.062133,4.6965714,5.0736036,4.413235,4.455112,5.8727274,4.486492,4.687492,5.397952,4.6642876,6.831337,5.8938975,5.4933114,5.6282573,4.1900783,6.879706,8.283894,6.6344285,7.1172214,9.506405,8.744238,9.768871,8.67819,5.345876,6.4293823,4.8012457,4.6966214,7.7412825,6.9015374,5.176182,5.9587045,5.8731747,5.958797,5.941329,5.352331,7.9551263,7.168726,5.5674906,5.973229,4.7862444,4.4091444,4.2453523,4.363649,3.358161,4.5625916,4.0809875,4.265341,4.503084,3.4694688,4.3343344,4.155338,5.384533,5.4299555,3.5786495,4.469928,4.7881985,4.366997,2.2751286,2.339348,6.7037544,6.691429,7.365435,7.2869897,6.3539996,6.742605,6.132585,7.450341,7.838724,7.2844543,7.7089434,6.5903215,6.8065534,6.834173,6.3773723,8.213718,6.5699434,6.5679092,6.829665,6.4214334,6.45638,6.4568877,5.918446,6.721073,5.2725205,5.3892946,6.518811,6.192197,5.949703,6.2317557,6.3907027,6.165555,7.261309,6.0985823,5.7600574,5.7798214
25,10.592132,9.157261,7.8840413,7.9009743,8.427305,8.443243,8.153305,8.327176,6.798965,7.9113417,7.7799215,7.7642193,6.892886,6.9059734,8.731069,4.51715,5.3138447,5.796395,6.268048,5.557299,7.011378,5.4386363,5.1017575,5.5157037,2.750681,0.0,5.832408,2.791142,4.625655,4.9275904,3.9490905,4.7679915,6.6392365,5.871182,5.528862,5.508542,5.1668186,5.153159,6.666568,5.291991,5.7087417,6.0765057,5.8724155,5.8105836,6.527198,6.0056934,6.6650705,5.3222294,7.5570245,8.881688,6.870493,8.070632,8.444255,7.780466,8.95795,7.664737,6.10556,7.060005,5.927152,5.6868935,8.39645,7.77228,5.788133,6.787057,6.6934214,6.882725,4.7387257,4.0040317,6.6856084,5.6920924,3.9586267,4.2269654,5.2719207,4.9424067,5.1102376,5.181267,4.1021023,5.033431,4.790166,4.8572545,5.499338,4.3145366,5.29162,5.270426,6.2018967,6.264897,4.268024,5.5416937,4.6407537,4.752555,3.4879155,3.5504525,6.9871097,6.9558372,7.686818,7.61777,6.577228,6.8520284,6.4976006,7.730628,8.463627,7.859873,7.350004,5.674682,7.331656,7.3585052,6.957601,8.489769,7.2043867,7.1517873,7.45827,7.0679073,6.6538677,6.6370997,6.039976,6.8646603,5.674451,5.543591,6.663274,6.3522954,6.3219023,6.47586,6.7496185,6.4487867,7.873354,6.533216,6.001606,6.0286207
26,10.462807,8.707351,7.306348,7.304726,8.004147,8.020426,7.3768287,7.633613,7.3938785,8.357744,8.016013,6.548762,7.148192,7.1349187,7.271091,5.6569767,5.6233644,6.9249516,7.99182,7.5534315,6.5160847,7.401687,6.3898697,5.9562435,5.271517,5.832408,0.0,5.239112,5.8198175,5.6643295,5.695359,6.495738,6.768688,7.1264873,5.721928,6.005897,6.6521373,6.535307,6.753806,6.2370977,5.41985,6.383344,6.7071548,8.280206,6.9987674,6.477661,6.752032,5.3075395,5.4613786,5.656338,5.736274,6.2312317,7.6283097,7.3737874,8.222159,7.777599,3.88342,3.5926166,4.4362206,4.305743,6.7047253,6.038842,3.751643,3.5248504,6.1909175,6.6519,6.6115513,6.3952966,7.877789,7.3713512,6.627603,6.745517,6.1067953,5.1371737,5.099898,4.6635027,4.626018,5.565,5.489664,4.9465475,4.6102724,3.8151052,4.6644974,4.414936,4.6254005,4.6986,3.996398,5.44121,6.30611,3.7491608,5.366448,5.391664,5.80944,5.6851273,5.2886844,5.311731,6.9803495,6.9604187,6.2102804,6.517052,9.047783,8.347876,8.515014,6.686817,6.958959,6.9736395,6.404845,8.110021,6.8353033,6.7389355,7.364177,6.096272,6.3683558,6.3965015,5.691126,6.5664535,6.2299767,6.1030183,6.522325,6.5809083,5.9623246,5.5856833,5.6446037,5.5980725,6.9014235,5.3271036,5.3265247,5.3901963
27,10.061365,8.514126,7.145899,7.1707087,7.7538652,7.772924,7.4517016,7.613687,5.581343,6.876307,6.616134,6.7279596,5.8062544,5.8089247,7.9760838,3.5371292,4.5133395,6.8191013,7.4050283,6.7441306,6.3514647,6.3934913,3.9943502,4.801749,0.7517327,2.791142,5.239112,0.0,3.557927,4.0677395,4.7344937,4.0946007,6.3677535,5.2400384,4.901414,5.165618,4.4725113,4.501873,5.911004,4.480551,4.680446,5.398087,4.6448803,6.800086,6.0881786,5.578765,5.730792,4.344656,6.8491364,8.346128,6.5664067,7.1382947,9.584044,8.834375,9.750692,8.616244,5.4580708,6.5122814,4.9135537,4.8228445,7.6332154,6.9466243,5.2192564,6.024552,5.675043,5.757542,5.987549,5.4709053,7.9909353,7.0893188,5.680558,6.116159,4.580736,4.4839725,4.577876,4.512566,3.5275211,4.357465,4.2925777,4.4186444,4.56719,3.5682216,4.2769785,4.195036,5.3574653,5.4130616,3.7110674,4.544012,4.6914444,4.560944,2.5093668,2.6029747,6.419075,6.3913016,7.029375,6.9500837,6.278742,6.681183,5.877682,7.346124,7.717519,7.0988035,7.4594064,6.351732,6.5283985,6.5585723,6.123532,7.8526125,6.3144712,6.2677994,6.644017,6.1979923,6.4169235,6.4183297,5.7945104,6.605153,4.9211183,5.2039433,6.41621,6.083359,5.590472,6.0829296,6.170426,6.0218825,7.014014,5.8086944,5.4905944,5.510222
28,10.8095255,9.289403,8.0144205,8.018975,8.793311,8.809467,8.217087,8.336623,6.1166778,7.305376,5.4187865,6.818512,6.4449086,6.432364,8.643328,4.9049654,5.0732474,7.0717516,7.0522118,7.245908,5.8722987,7.0064287,4.6948185,5.140328,3.9702244,4.625655,5.8198175,3.557927,0.0,1.8445276,3.6675005,3.327508,7.830904,6.1529384,6.098145,6.385532,5.424758,5.3983345,6.683692,4.1382704,5.639759,6.214429,5.6140146,7.300051,7.165776,6.5241375,6.8794537,5.529972,7.785074,9.250507,6.8978777,8.022577,9.787526,8.880937,10.224144,8.988936,6.568307,7.6660175,5.6669607,5.8788404,8.230098,7.9408264,6.2317977,6.9620056,5.2938123,5.133674,6.0627937,5.8721194,7.7160554,5.947966,6.221822,6.8200693,3.529263,6.031775,5.338617,5.382076,5.287828,3.7045074,5.6876974,5.468113,6.0221314,4.6125836,5.327092,5.613576,6.534487,6.6335797,5.736646,5.842438,3.8266792,5.551809,4.429606,4.662793,5.4975653,5.451491,5.8504605,5.763332,4.7045364,6.528356,5.494894,7.103748,7.6291013,6.656748,7.0325813,5.893992,6.0828137,6.1350923,5.2642426,7.3934875,4.549764,4.5633464,6.2496867,5.0094757,5.8522625,5.86204,4.926093,6.0351467,3.9655726,4.359189,5.8029685,5.441649,4.876678,5.3556814,4.621786,5.190775,6.0870657,4.4683404,4.542128,4.560724
29,10.675619,9.145526,7.9156847,7.8910055,8.671794,8.686618,8.075869,8.183784,6.4731317,7.4866004,5.8332005,7.0941257,6.3630095,6.3479137,8.950052,5.3539295,5.3075666,7.269561,7.1971974,7.3807373,6.0748234,7.255336,4.9455237,5.4392843,4.345877,4.9275904,5.6643295,4.0677395,1.8445276,0.0,3.2841387,3.836763,8.006529,6.4219756,6.269081,6.6111197,5.6611414,5.6340485,6.911187,4.4340343,5.9468384,6.469919,5.896978,7.534201,7.2883043,6.720937,7.0293546,5.7351437,8.0163555,9.1181345,7.1043124,8.145938,9.934745,8.779613,10.405533,9.258377,6.8101497,7.9747524,5.9349966,6.145617,8.524965,8.123559,6.52823,7.223475,5.0423837,4.9025226,6.352444,5.633957,7.6144705,5.782204,5.9863496,6.4322047,3.0781147,5.8273854,5.091748,5.2787404,4.9841466,3.283858,5.4353127,5.1729894,5.8066792,4.283238,5.1848135,5.359085,6.744869,6.841996,5.476938,5.577852,3.202817,5.1691008,4.801224,5.000913,5.3201814,5.2659545,5.7862754,5.701086,4.4047728,6.344176,5.373395,7.2828236,7.852208,6.970299,7.0044026,5.808459,6.019496,6.0745234,5.148873,7.4542184,4.3778453,4.448695,6.1949778,4.927834,5.483823,5.489556,4.5623827,5.7774153,3.679751,4.5583887,5.510213,5.097603,4.813879,5.1638913,4.3944707,4.955761,5.6344695,3.7871256,3.916385,3.921932
30,10.956845,9.293444,8.159102,8.151258,8.652829,8.66024,8.266045,8.41474,6.995217,7.986366,6.5093246,7.4279685,6.7917943,6.8149877,8.850348,5.1758494,5.502221,5.722354,5.545273,5.9479527,5.914108,5.932645,5.1919656,5.3087726,4.854994,3.9490905,5.695359,4.7344937,3.6675005,3.2841387,0.0,4.3079553,7.2735553,6.2062554,6.1086354,5.998055,5.5689106,5.50599,6.783171,4.757619,6.402692,6.531574,6.4645677,6.348591,7.602426,7.148799,7.410146,6.288053,7.9020834,8.941538,6.8588657,8.157916,8.623652,7.392297,9.535977,8.260842,6.6522045,7.5507154,6.1661043,6.112364,8.548846,7.9594254,6.1205215,6.9615,5.593703,5.5202374,5.0325813,4.435771,6.3454742,4.1091065,4.6287317,4.682437,3.7815387,6.0348663,5.057742,5.3913584,4.807886,3.5491207,5.4055786,5.4769897,5.8700123,4.765604,5.5682025,5.6270676,6.451583,6.5681133,5.286449,5.6935883,3.1237762,4.633452,5.148323,5.2333307,5.76988,5.7643456,6.2639008,6.238494,4.22272,5.1020436,5.00785,6.5420165,7.354452,6.805453,6.031428,4.0526257,5.775623,5.816541,5.3126283,7.243441,5.3206496,5.302284,6.3127337,5.246299,4.3299932,4.320184,3.823473,5.2343864,4.600476,3.8130867,4.750313,4.3217487,5.4541273,4.4089766,4.8201,4.268914,6.2424493,4.5144687,4.302933,4.349814
31,10.153524,8.413692,8.740933,8.742119,8.764494,8.757098,8.517538,8.669813,6.5363736,6.893953,6.1042304,7.5055585,6.58806,6.6306553,8.447135,5.5851626,3.6450763,6.6052184,6.4816685,6.607796,5.3092437,6.4376473,3.490433,3.9350548,4.31046,4.7679915,6.495738,4.0946007,3.327508,3.836763,4.3079553,0.0,6.7584896,5.233456,6.4130306,6.4923525,4.478009,4.4490438,6.000927,3.1421611,6.774691,7.2528925,5.6906943,7.5899987,6.381547,5.894215,7.7828526,6.5414896,7.76188,9.241999,8.03543,8.968218,9.818326,8.945557,10.4960785,9.44857,7.4332047,8.221493,6.761716,6.8373885,9.14113,8.7536,6.8490124,7.69375,6.0539737,5.8828216,6.3040366,5.6313214,7.739073,6.7909217,5.994777,6.537791,3.4300296,5.6755385,6.1055064,5.734954,4.926826,3.7659085,5.2272778,5.387797,6.7015085,5.604826,5.7995663,6.3969646,7.1343484,7.2395196,6.1092153,6.5408545,4.2265835,5.715795,4.9991894,5.1462517,6.7242236,6.7151923,7.172611,7.0887003,4.491934,5.7387185,5.7571545,6.8633237,7.4720755,6.470594,7.5144773,6.1144295,6.4235907,6.4782605,5.9278436,8.003116,5.755469,5.735265,6.113367,5.727215,5.389844,5.4034686,5.0826526,5.1783967,4.6944456,4.504517,5.267331,4.849331,6.4500327,6.1028113,6.3772774,5.9748034,6.932117,5.471863,4.7752204,4.823813
