,0,1,2,3,4,5,6,7,8,9,10,11,12,13,14,15,16,17,18,19,20,21,22,23,24,25,26,27,28,29,30,31,32,33,34,35,36,37,38,39,40,41,42,43,44,45,46,47,48,49,50,51,52,53,54,55,56,57,58,59,60,61,62,63,64,65,66,67,68,69,70,71,72,73,74,75,76,77,78,79,80,81,82,83,84,85,86,87,88,89,90,91,92,93,94,95,96,97,98,99,100,101,102,103,104,105,106,107,108,109,110,111,112,113,114,115,116,117,118,119,120,121,122,123,124,125,126,127
0,0.0,4.83911,11.343997,10.06963,4.79992,5.2537904,6.96638,7.8672295,6.557666,6.970795,9.091834,7.653274,7.9249854,4.628921,7.457407,9.265426,8.31231,8.667458,9.147165,7.012795,7.635984,8.473949,7.974798,6.573421,8.202308,8.592583,8.870596,8.251369,8.758564,6.572117,8.464376,9.228468,8.902433,10.726695,8.79233,8.454122,10.062561,11.682775,11.372836,11.515191,8.411798,7.462033,7.7744694,7.542789,7.665811,8.087896,7.816174,7.9649925,8.404518,6.4299054,7.799287,7.859911,7.251996,8.637383,8.550996,7.971251,8.541022,8.451924,7.7402625,8.253501,9.793417,9.7255535,9.257377,9.199194,8.964499,9.047509,9.069377,8.86721,9.361084,10.156574,9.885687,9.726022,8.969281,8.5444145,9.844003,7.83865,9.158548,7.216105,6.222328,7.617508,10.310885,10.281641,9.548068,10.3403,8.899609,9.962394,8.150381,8.790976,7.2464094,6.5072236,6.474523,8.345684,8.154006,6.0575666,6.625946,7.7629237,8.674338,6.5158553,6.62399,6.365554,9.286112,10.321571,11.239571,11.496877,7.726717,7.9837627,7.613558,7.3572917,8.811696,8.740342,7.5845995,7.4603076,9.198126,8.525553,8.768227,8.649054,7.868351,7.606902,8.278672,8.970339,8.9623785,9.760866,9.47355,7.3438444,8.84449,9.103227,8.955384,8.392879
1,4.83911,0.0,10.464692,9.339063,5.859725,6.2633796,7.6898003,7.7447944,7.452339,7.7663903,9.862788,8.0481615,7.9925513,6.2258296,7.934181,10.134617,8.5278425,8.449148,9.453521,7.704933,7.052652,7.6705413,8.169495,7.344093,8.133246,8.532471,8.055431,7.8285975,8.478865,6.740068,7.617941,8.341086,8.86142,9.939123,8.567708,8.225555,9.088398,11.078706,10.511147,10.859901,8.740973,7.7967825,8.803734,8.59943,7.350445,8.12691,7.901403,8.369577,8.168728,6.09738,8.51491,8.390398,6.6868005,8.585171,7.974465,7.363691,8.967264,8.749206,8.845572,9.419789,9.058366,9.0228615,9.207065,9.123384,9.06673,9.194771,9.055568,8.935079,9.031705,9.345077,9.611594,9.443869,9.076123,8.414367,9.512393,7.385952,9.359134,8.273811,7.1806464,7.992774,9.377761,9.412757,8.766315,9.066582,9.306987,10.362151,8.248684,8.972549,7.4146805,6.322149,7.3964,9.042514,8.107529,6.0491223,6.7190704,7.853554,8.935992,7.603581,7.2789073,7.0973697,10.246563,10.985488,10.516501,10.818525,8.618123,8.781705,7.87999,8.141746,9.046418,8.925575,7.828619,6.9989896,8.80482,8.670353,8.959107,8.811785,8.161357,7.3036056,7.7127166,8.250367,7.6993937,9.162231,8.850603,7.5571446,8.13769,8.350726,7.7377305,7.671976
2,11.343997,10.464692,0.0,5.5721254,10.573445,10.752951,9.274348,7.564227,8.033019,7.6194296,8.411827,7.860363,9.373941,10.443015,10.293944,9.571964,6.7928405,9.630484,8.8128805,7.505113,8.57974,8.729866,8.605234,8.508322,8.7017565,9.243781,9.404525,9.338439,7.570111,8.084032,7.502215,7.944155,8.599409,9.01873,8.464214,9.199105,9.466399,9.38183,9.267347,10.572602,8.60551,8.2748375,8.605932,8.692569,6.1435323,6.377667,6.3648005,6.6887307,9.890513,9.024307,10.308077,10.607029,9.226437,9.42874,9.0627575,9.582983,8.980595,9.386973,9.503528,10.183432,9.1230755,9.090932,8.114609,8.053997,6.8845,6.1672564,6.352973,6.160478,6.816888,6.54306,6.2477636,6.197946,8.41999,8.531255,8.653463,8.83581,8.098066,9.166772,9.032613,8.892671,9.9444895,10.0012455,10.300471,10.294112,9.856453,10.836232,8.56945,8.552526,8.0908165,8.381036,9.061178,8.363973,7.8808675,10.027026,8.522183,8.186418,8.505908,8.752605,8.838257,9.8196745,9.462492,9.194541,8.183735,8.392591,9.949185,10.12129,8.650811,10.025483,11.551131,10.600337,8.926835,9.573139,7.63067,7.348114,6.854486,6.8051157,8.925291,8.871372,9.6208725,10.589567,7.6338086,6.827579,6.4542546,8.320243,6.8028975,7.6049566,10.070704,10.2227545
3,10.06963,9.339063,5.5721254,0.0,10.047054,9.863782,8.21201,8.175785,8.620002,8.164105,9.122648,8.946965,8.926202,9.334032,10.3841,10.26524,7.6313624,10.160729,8.747728,7.397942,8.320768,9.003588,7.8116283,8.120368,8.004307,9.109652,10.140377,9.474363,8.295067,8.0777645,8.3307085,8.927801,8.111835,8.444168,8.809309,8.988085,10.471966,10.707602,10.35858,12.028721,8.601791,8.321443,9.781519,9.183263,5.746491,6.3799057,6.508143,6.723888,9.120261,8.130699,9.44739,9.736507,8.790701,9.232262,8.660333,8.274134,9.514917,9.907709,9.824026,10.782171,9.620702,9.584083,7.8739386,7.684971,6.2249923,5.8002563,6.3804855,6.5409493,6.8223753,6.5563006,6.884723,6.9509506,8.198843,8.1781,9.062747,8.3966465,8.511159,8.520105,8.07946,8.614643,10.407657,10.459924,10.483042,10.178495,10.52644,11.643313,7.376201,7.6556726,7.6967955,7.344393,8.476193,7.6701612,7.6197934,8.4201145,7.2582555,7.47236,7.943948,7.7693524,7.760906,8.5901165,10.571509,10.60083,9.04684,9.529351,8.6670685,9.176091,8.372315,8.946534,11.147085,10.586918,8.845756,9.80281,7.762949,6.0735397,6.3477664,6.3297086,8.403929,8.342701,9.066974,9.950188,6.351323,5.8349137,5.9525356,7.7754626,6.1960096,6.538395,9.356484,9.998507
4,4.79992,5.859725,10.573445,10.047054,0.0,1.8134111,6.519865,7.699113,5.31616,5.953315,8.162203,6.0048585,6.900105,3.7555826,5.539222,8.381995,7.1916847,7.615865,9.08058,6.857836,6.9292727,6.95884,8.226262,6.4546905,8.758489,8.932524,7.145273,7.4085917,8.038368,7.049331,7.5919657,7.376519,9.620304,10.839581,8.695801,9.019118,8.13992,10.598903,10.496673,10.288202,7.611184,6.2564235,7.116115,6.732765,7.6093354,7.845001,7.5934887,7.875394,9.030525,6.5049767,8.3378935,8.244377,6.190653,7.8631454,8.482089,7.8495374,8.677595,9.199715,8.419643,8.832402,9.9920845,9.966982,9.620041,8.993108,8.036065,8.271723,8.426695,8.11593,9.049554,8.991892,8.767805,8.519856,7.4194574,6.824737,9.392106,7.799905,7.9925017,8.180175,7.0678816,7.8390913,10.462463,10.479911,10.243053,11.061145,9.32096,10.200874,8.252984,8.256601,7.199053,6.8213544,6.7409596,7.4002585,8.307939,7.3400826,7.1259665,7.9041452,9.102809,6.7068496,7.1764674,7.3443813,9.597582,9.597075,10.888243,10.997357,8.446469,8.553355,7.7892265,8.447952,8.495086,8.416793,7.605401,6.215112,7.8715887,8.321114,8.05403,7.949036,6.9505677,6.2182755,6.803157,7.2929645,7.6719427,9.018136,8.807904,7.900769,9.029052,9.879231,8.896339,8.496544
5,5.2537904,6.2633796,10.752951,9.863782,1.8134111,0.0,6.961307,7.988567,5.578485,6.2753057,8.081609,6.3254657,6.6437693,3.4406855,5.3022046,8.647259,7.400407,7.832214,9.305696,7.1203685,7.1110063,7.2007794,8.048627,6.737321,8.976255,9.174441,7.4269013,7.6227527,8.252956,7.2851043,7.8119617,7.692075,9.791937,11.028857,8.789579,9.063788,9.275805,11.553006,11.421067,11.223579,7.761974,6.4054084,7.933571,6.92317,7.3242483,7.5668373,7.313833,7.6116085,8.774769,6.1960816,8.045784,7.9530845,5.8727,7.6062374,8.233843,7.5713997,8.946183,9.45171,8.701858,9.069501,10.301621,10.2784395,9.848905,9.2413,7.8447113,8.056808,8.41946,8.137025,8.822915,9.046423,8.579203,8.307445,7.190744,6.7404165,9.40525,7.809411,8.074355,8.255831,7.1338773,7.4853764,11.384676,11.40901,11.157263,11.9570055,10.361434,11.149366,8.407928,8.461661,7.264631,6.927796,6.7597885,7.28118,8.509247,7.51453,7.1576276,7.9086366,9.172145,6.85558,7.2311325,7.4487576,10.057859,9.7415085,10.724738,10.857036,8.151843,8.235776,7.6800113,8.470558,8.939471,9.0995035,8.214802,6.8717523,8.022752,8.446959,8.165877,8.098282,7.1255302,6.3353596,6.9855986,7.5435805,7.3770213,8.76125,8.903058,8.004246,9.16926,9.97446,8.626062,8.636317
6,6.96638,7.6898003,9.274348,8.21201,6.519865,6.961307,0.0,6.002671,7.817994,7.177768,7.218021,8.351593,4.3284836,7.03824,7.5569863,6.977982,5.95485,6.760868,7.38135,5.8062606,4.646442,5.7124925,6.2153473,4.703987,6.300257,7.523975,6.917457,6.5927086,6.6705046,6.557038,7.983532,7.5895286,5.97047,7.500681,5.3658133,5.328236,8.143752,8.743073,8.257794,8.754834,4.549499,4.4300637,5.1400027,4.916151,6.6844707,6.9065323,6.7635736,6.833914,6.6917777,5.615311,5.82823,5.7095323,5.4338317,4.958824,5.4711275,5.3370337,6.3170223,7.091879,6.1128845,6.9045067,7.020101,7.0175056,5.911548,5.398275,5.987694,6.2238817,6.059953,6.146693,7.175003,6.613871,7.0502024,7.015735,6.622233,5.8379936,7.12967,6.9073896,6.186397,6.9478483,5.843802,8.069026,9.231313,9.205913,9.649241,9.181301,7.517349,8.841579,5.6676736,5.996591,5.8420744,6.1411366,6.208282,5.765552,6.548758,8.625816,5.95697,5.8665366,6.8005514,4.937924,5.566202,5.8391504,7.9881005,8.724789,9.563974,9.911148,6.161028,6.6668606,5.470227,5.7862406,7.8773,7.620381,6.4664288,5.5525727,6.014921,5.3636427,5.7605934,5.6326375,5.6595078,4.825503,5.7140765,5.6929927,6.0165405,7.00017,6.5977354,5.907279,7.209799,7.713115,7.9368215,7.5785418
7,7.8672295,7.7447944,7.564227,8.175785,7.699113,7.988567,6.002671,0.0,7.8516045,7.3810077,8.324494,8.262854,6.5031676,7.2700853,8.979288,9.142103,6.8080397,7.260023,8.068573,6.4519334,6.5262513,7.7877817,6.650646,5.937002,7.0374985,8.134862,8.236852,8.039786,6.9409924,6.790533,8.873499,8.144556,6.4980855,7.5594125,6.382487,6.4950914,9.400338,9.800846,9.714923,9.825367,6.481337,6.0093856,6.947848,6.5070066,7.2676997,7.566279,7.4153614,7.582209,8.1178255,6.1648445,8.255878,8.420939,6.593481,7.2710013,6.171411,7.19794,7.2847476,7.811121,7.649248,8.373963,7.3229594,7.3435616,7.204382,6.970249,7.213932,7.2517033,7.054686,7.174146,7.9318376,7.3680987,7.709136,7.752293,6.7730274,6.7080355,8.143321,7.314954,7.0115705,8.073798,6.6288233,8.234794,9.763953,9.796818,9.946671,9.667246,8.743286,9.894689,7.1466665,7.465952,6.747067,6.610889,7.0611405,6.8650436,7.0351024,7.8370285,6.4130387,6.741859,7.309761,6.264867,6.5594378,6.9716344,5.60827,5.8784785,6.1723413,6.5963225,7.435281,7.6836967,7.0085177,7.2050014,8.740716,8.375112,7.456026,7.5072746,6.687765,6.5041122,6.6304884,6.522653,7.1773257,7.292109,7.4274125,8.37909,7.311786,7.47825,7.1123285,6.7666364,7.7918715,8.237521,8.919346,8.894498
8,6.557666,7.452339,8.033019,8.620002,5.31616,5.578485,7.817994,7.8516045,0.0,1.8113405,5.9519506,2.3225615,7.8615413,5.293033,5.200847,6.2094398,4.7487235,6.2856584,7.115401,4.333513,6.4327307,6.378751,6.3468113,5.039241,6.6639714,6.035639,6.059358,5.8287754,5.6821833,4.8469462,5.5431614,6.03416,8.297599,9.241447,7.567788,8.684079,7.38701,8.626881,8.679828,8.752835,6.8304887,5.753919,6.195608,6.0566044,5.815151,5.7369523,5.521309,5.7224,8.316929,6.3443904,8.240601,8.599679,6.5491595,7.7579184,8.148253,7.7096977,6.3499546,6.804672,6.4656115,7.1809993,8.653325,8.588509,7.8804393,7.5185814,6.8199005,6.427693,7.2402425,6.4245977,7.8079357,7.9316635,7.0742884,6.84302,6.7376075,6.754166,8.1041355,7.0295224,6.8749166,6.8036685,6.464467,6.3212547,9.549373,9.540574,9.155771,10.079732,8.026165,9.11299,7.3207545,6.7181797,5.8945417,5.865067,5.78885,5.9412603,6.3749294,6.787396,6.594293,6.9870124,7.068827,6.0671673,6.360018,7.230987,9.037802,8.872806,9.366669,9.49344,8.095135,8.302879,7.918825,8.236183,8.374194,8.017859,6.8780985,7.1982207,6.8706856,7.251736,6.824432,6.7939863,6.2632027,6.476687,6.7545195,8.065667,7.581913,7.44754,7.1921177,6.9868765,6.71478,8.276231,8.494274,8.137063
9,6.970795,7.7663903,7.6194296,8.164105,5.953315,6.2753057,7.177768,7.3810077,1.8113405,0.0,5.3653684,2.890458,7.409136,5.7425413,5.0323114,5.2928367,3.8436184,5.67408,6.440361,3.5807197,5.685778,5.7143064,5.419725,4.2889466,5.837093,5.1384377,5.1794415,4.880743,4.797429,4.2437043,4.8972654,5.271825,7.6227455,8.49143,6.8809123,8.163745,7.0475087,7.672323,7.952622,8.117054,5.870993,5.1641393,5.7503076,5.6816344,5.6268826,5.468041,5.3030334,5.429276,7.963533,6.297896,7.927412,8.297844,6.457137,7.308736,7.3892326,7.034924,5.4135494,6.0045266,5.6601696,6.56731,7.970031,7.905862,7.0142417,6.8527675,6.408742,5.9729786,6.899856,6.037335,7.5345793,7.492831,6.756156,6.612848,6.3781185,6.3126802,7.770077,6.748782,6.5188656,6.606442,6.147757,6.7303624,9.277096,9.258868,8.858681,9.5669985,7.3697844,8.788452,6.6820135,5.8942146,5.5965476,5.467441,5.451357,5.190951,5.7092414,7.0188503,6.252145,6.6722136,6.53194,5.9521437,6.254453,7.185531,8.393948,8.373373,8.72168,8.875525,7.648113,7.9500165,7.709287,7.833971,8.049029,7.627744,6.48501,6.895146,6.521986,6.85321,6.4236755,6.400163,6.016651,6.1807494,6.354762,7.61072,7.2879972,7.04898,6.7451863,6.7610965,5.949275,7.7103815,8.076274,7.7331557
10,9.091834,9.862788,8.411827,9.122648,8.162203,8.081609,7.218021,8.324494,5.9519506,5.3653684,0.0,6.2055655,7.0816884,7.588418,6.2984104,5.72802,5.6297326,6.9128804,6.4520917,5.778696,6.403134,6.780963,6.489395,5.7078853,7.3072977,6.673091,5.7498517,5.8863254,6.6954403,7.114112,6.706914,5.435092,8.202386,8.786387,6.6977954,8.036858,9.219891,9.263295,9.326168,9.746815,5.322916,5.113908,6.131391,4.775141,6.816467,6.7976975,6.437954,6.5778384,7.6683583,6.4779444,7.5982294,7.7721376,5.667576,5.1685805,6.704403,6.6028485,4.7110314,5.4272914,5.5441957,6.545981,7.983125,7.942425,6.233556,6.15434,5.4708424,5.2745895,6.887608,6.0541224,7.9610357,6.8521843,6.5657206,6.4798174,7.794398,7.7326317,8.200301,8.507575,7.146723,7.652888,7.76378,8.14412,11.033629,10.945181,11.506613,11.394392,9.63235,10.141953,8.101119,6.739452,6.721038,7.4640303,7.535302,6.8226953,7.2251463,9.940312,8.034609,7.562115,7.7636147,7.6143517,7.95886,8.257698,9.498727,8.701883,8.523452,8.499924,7.703236,8.34171,7.9466763,8.534791,10.707233,10.9340925,9.112573,8.667587,7.2292314,6.5646043,6.197196,6.1142473,5.830365,6.0690823,6.4628205,7.48198,7.292908,7.0444627,7.1751156,7.496227,7.369367,9.109382,9.141107,9.343254
11,7.653274,8.0481615,7.860363,8.946965,6.0048585,6.3254657,8.351593,8.262854,2.3225615,2.890458,6.2055655,0.0,8.404293,6.0470123,4.912215,5.9638124,4.77381,6.5963397,6.347737,5.0032754,6.8795404,6.433797,6.917966,5.9033604,7.208897,6.580087,6.266828,6.3358555,5.7321033,5.491968,5.5478783,5.454141,8.867024,9.618542,7.918547,9.145198,7.4324093,8.653411,8.777105,8.76493,7.399812,6.405287,6.5633945,6.585029,6.362167,6.2077484,6.036208,6.2416997,9.038073,7.122823,8.92036,9.228981,7.056043,8.2558,8.707014,8.321878,6.8935513,6.998554,7.060262,7.3779945,9.074571,9.017326,7.84266,7.661667,7.001396,6.453431,7.244651,6.4172792,7.5067444,7.640411,6.712283,6.490531,6.270594,6.265653,7.889976,6.789645,6.4239244,7.089871,6.706023,6.6434417,9.583658,9.595409,9.205298,10.181174,8.0863495,8.549436,7.584806,6.7800455,6.2058764,6.1835856,6.04832,6.5155416,6.6169744,7.120658,6.8652153,7.249403,7.723695,6.8229823,7.1253934,7.7404056,9.310499,9.078678,9.925765,9.704304,8.555184,8.735557,8.571787,8.660587,8.258118,8.206644,6.629719,6.8470774,6.8355436,7.366711,6.8533573,6.8103757,6.5333743,6.6218543,6.9851675,8.60723,8.027874,7.429317,7.1029196,7.242135,6.728632,8.355356,8.711942,8.316857
12,7.9249854,7.9925513,9.373941,8.926202,6.900105,6.6437693,4.3284836,6.5031676,7.8615413,7.409136,7.0816884,8.404293,0.0,7.3417506,7.0020266,6.98528,5.5013714,5.4849997,7.811613,6.1375446,4.353394,4.782602,5.429006,5.006293,6.9588895,8.03863,6.0542765,6.4807873,5.8845205,5.9855227,7.698296,7.40588,6.0439496,7.59328,4.409028,4.142602,9.064387,9.571367,9.590198,9.340116,4.3449717,4.2020802,6.2818413,5.0209317,5.8214345,6.0260134,5.7566323,6.0509844,5.8464875,5.03089,5.725224,5.608511,4.880818,4.2960005,4.6003213,5.111932,6.8005605,7.278353,7.0130544,6.8502355,6.2354875,6.223058,6.637957,6.2121115,5.4156218,5.746744,5.3031545,5.448115,5.853329,6.2288833,5.772863,5.6632,5.607154,5.1300516,5.8960977,5.8579407,5.6357436,7.6552725,5.6011086,6.9524097,10.471041,10.473109,10.720788,10.633022,8.713064,9.916716,5.808158,6.6740956,5.414034,5.9786725,5.3052597,5.155642,6.699038,9.557141,5.734442,5.468697,7.2387834,5.5241723,5.6297874,5.9635463,7.940899,7.712782,8.262792,8.417147,4.9537477,4.6592484,3.6331322,5.1472054,8.007878,8.1743965,7.076499,5.2377024,5.9827175,6.6047964,6.2141657,6.177649,5.587228,4.690009,5.595384,6.02419,4.9181466,6.099734,6.482389,5.758391,7.0083194,7.4468575,6.068068,6.2941494
13,4.628921,6.2258296,10.443015,9.334032,3.7555826,3.4406855,7.03824,7.2700853,5.293033,5.7425413,7.588418,6.0470123,7.3417506,0.0,5.837415,8.279201,6.928018,7.3256984,8.803556,6.493182,7.416536,7.652718,7.166304,6.0967946,8.253235,8.42594,7.689478,7.9231954,7.6164403,6.6357727,8.057632,7.7341914,8.910027,10.051592,8.591703,8.846597,9.76151,11.361287,11.675692,11.336062,7.1695156,5.9618716,7.478677,6.150949,7.6179395,7.9155226,7.6553764,7.802128,8.611751,5.727028,8.057727,8.218972,5.9554486,7.7373595,8.211957,7.3480244,7.9409585,8.485209,7.7075257,8.807448,10.04748,10.010506,8.91988,8.758731,7.711098,7.840433,8.610853,8.34124,8.91447,8.723212,8.605659,8.53836,6.978152,6.825847,9.312385,7.234819,7.7680926,7.5656676,6.4427505,7.9082775,11.382015,11.390574,11.116177,11.717263,10.194727,11.12883,8.215758,7.954909,7.1968255,6.4949226,6.7824564,7.0923758,8.251338,6.7351913,6.648744,7.706454,8.549205,6.532076,6.9300056,7.1039557,9.54879,9.253941,9.93002,10.202064,7.5663514,8.164082,8.237785,8.301241,8.719544,9.02876,7.6958213,7.747672,7.405236,7.7846427,7.6058517,7.498907,6.752905,7.050226,7.65744,8.484515,8.022101,8.589391,8.666354,7.6145425,8.842039,9.669073,9.589783,9.604446
14,7.457407,7.934181,10.293944,10.3841,5.539222,5.3022046,7.5569863,8.979288,5.200847,5.0323114,6.2984104,4.912215,7.0020266,5.837415,0.0,5.5763283,5.8236103,6.9551606,7.4342713,6.3662786,6.112088,5.5816646,6.798938,6.517998,7.9613576,7.3484154,5.3477592,5.3119907,6.697011,6.480708,5.617174,5.8801327,9.772458,11.011697,7.7568936,8.920802,9.476491,10.6913185,10.557051,10.24053,7.077611,6.450156,7.3553314,6.6061997,7.0539746,6.962065,6.7324214,7.0088525,8.690361,7.108097,7.7270613,7.648338,6.0027003,6.7971125,7.470856,7.085803,7.1220474,7.4247236,6.7931447,6.876871,9.6794405,9.647079,8.491205,8.798329,7.9211874,7.398124,8.257628,7.531584,8.09676,9.026821,7.63573,7.419392,6.698277,6.1511908,8.736149,7.5233965,7.4041295,7.5603275,7.207811,7.4301662,11.177536,11.17848,10.64083,11.538243,9.680022,10.360173,8.14238,7.53294,6.96988,6.732256,6.368345,6.8475533,7.412245,8.195607,7.349628,7.892452,8.863143,7.8302817,8.097641,8.627205,10.42307,10.272402,11.080102,10.920348,8.374562,8.476891,8.387349,8.757858,8.791168,9.131286,7.908075,6.43766,7.931743,8.661477,8.255796,8.243118,7.4088883,5.9108987,7.1628356,7.9609966,8.005688,8.638285,8.816765,7.997264,8.180045,9.527757,7.6876335,7.8166866
15,9.265426,10.134617,9.571964,10.26524,8.381995,8.647259,6.977982,9.142103,6.2094398,5.2928367,5.72802,5.9638124,6.98528,8.279201,5.5763283,0.0,4.054471,5.1789656,6.2384295,5.790684,6.331876,5.7126837,6.056633,5.025486,6.839842,6.3679194,5.567616,6.044581,5.1493764,5.860921,7.0106745,6.6546464,7.1702704,8.66961,6.08268,7.3014197,8.547909,7.8272953,8.52944,7.8309073,5.1271725,5.440507,4.9346843,4.8902745,7.1709065,6.9294686,6.7613163,6.8922057,7.798795,7.608481,7.0124626,7.3972993,7.607964,6.739878,7.6265497,7.5795474,4.9566765,5.4992833,4.4209065,4.624587,8.108129,8.04463,6.6490145,6.733961,6.42782,6.084886,6.761162,5.922228,6.884147,7.326318,6.163321,6.0768805,6.472812,6.3729596,6.539191,6.8729153,5.64138,6.4409447,6.606662,7.5326385,9.231854,9.184231,9.33821,9.649521,7.3666787,8.267561,6.352804,5.613697,5.552891,6.1542478,5.879113,5.8099976,5.8147297,9.782938,6.833624,6.4423313,7.4969664,7.0678015,7.5526824,7.917351,9.147651,9.47363,10.591758,10.4113,7.057645,7.2847815,7.5851936,7.2585573,7.594303,7.847003,6.528118,6.5831137,6.2509384,7.286017,6.7681518,6.7809033,5.776907,6.1326776,7.2081676,8.502416,8.567408,7.583318,7.367675,6.537573,6.678137,8.182471,8.13083,8.030569
16,8.31231,8.5278425,6.7928405,7.6313624,7.1916847,7.400407,5.95485,6.8080397,4.7487235,3.8436184,5.6297326,4.77381,5.5013714,6.928018,5.8236103,4.054471,0.0,4.0913625,5.7644954,3.2242155,4.541666,3.9249675,4.002751,3.6953652,5.089319,5.4733725,5.0577283,5.28223,2.246833,3.7592423,5.613551,5.684408,5.7118006,6.7366023,4.521069,5.972678,7.165935,6.896656,7.443078,7.205104,4.2052965,4.0296464,4.514205,4.4135833,5.131091,4.9913015,4.8346214,5.0142126,7.258902,6.092853,7.2620335,7.6501937,6.052447,6.0428033,6.485815,6.484162,4.859726,5.700383,5.4091544,5.894692,6.1376243,6.0804143,5.1437364,5.3412275,4.977027,4.2616286,4.656218,4.061837,5.2846866,5.364597,4.1111546,4.2176394,4.2168994,4.272641,5.409589,5.055902,3.9869866,6.479085,5.177632,6.4431605,8.921423,8.930201,8.846196,9.189692,6.7986827,8.330843,5.150936,4.7735796,4.6958313,5.019093,4.709034,3.543582,4.9595013,8.163606,5.288547,5.2373137,5.9338655,5.041645,5.395167,6.669385,7.9580574,7.7246203,8.2309475,8.312757,6.3293195,6.4609103,6.185501,6.479248,7.1196113,6.7456126,5.206457,5.5270753,4.150754,5.5516133,4.7955804,4.79709,4.9804473,5.2230134,6.2254524,7.4422994,6.015323,5.2240453,4.992976,5.477998,5.043307,6.540531,7.4222,7.1398067
17,8.667458,8.449148,9.630484,10.160729,7.615865,7.832214,6.760868,7.260023,6.2856584,5.67408,6.9128804,6.5963397,5.4849997,7.3256984,6.9551606,5.1789656,4.0913625,0.0,7.014431,5.1843095,5.085469,4.7118196,4.706408,3.680368,5.754016,5.920001,4.5494123,5.840603,3.5379274,4.4559083,7.610512,6.6656985,5.254312,5.8410015,4.7131815,5.5375595,7.148595,6.8078136,7.8996124,6.3978567,4.00867,3.9021764,5.359292,4.7497277,7.1537843,7.124093,6.933157,7.1082916,6.584191,5.5288553,7.3777666,7.7645106,6.1403637,6.257314,6.351284,6.3314085,4.937075,5.444075,5.8535833,6.3097086,5.655881,5.618261,6.30169,5.7771306,6.352198,6.6101546,6.7646036,6.3801436,7.2294817,6.3923306,6.4693885,6.485259,5.394583,5.45921,5.3115134,5.0435934,4.9094925,7.5156646,5.7219296,7.3345237,9.344367,9.339027,9.591161,9.460092,7.1852612,8.59605,5.8082123,5.632907,5.1077,5.4783597,5.3281016,4.8886166,5.981204,9.193068,5.896239,5.763501,6.4039984,5.7101674,5.7958755,6.1972513,7.778711,7.4300075,7.8134394,7.9122257,5.952647,6.0807657,6.561405,6.1714153,6.1469135,6.570796,5.9060636,5.8892584,4.851081,6.993724,6.457775,6.426525,4.701281,5.912128,5.464475,6.8523397,7.0136485,6.5405493,6.3887577,5.9464746,6.396371,7.6515813,7.3399253,7.138336
18,9.147165,9.453521,8.8128805,8.747728,9.08058,9.305696,7.38135,8.068573,7.115401,6.440361,6.4520917,6.347737,7.811613,8.803556,7.4342713,6.2384295,5.7644954,7.014431,0.0,5.0369053,6.1110883,6.788015,5.632657,5.655604,5.4522386,5.83337,7.549155,6.473144,5.914516,6.2123375,7.8860097,6.787954,7.293329,7.669825,6.061418,7.310037,8.966607,8.655911,8.162695,8.854398,7.149685,7.0983257,7.153098,7.2440453,7.187292,7.1604714,7.0667553,7.118057,8.591296,7.4803486,8.850991,9.112775,7.4055285,7.502156,7.629762,7.664896,6.173073,5.4192085,6.898129,6.0735803,6.7408295,6.693381,4.5135603,4.9477267,6.202801,5.495294,5.8032584,5.341424,6.7332416,6.649051,6.0641274,6.204083,5.985146,5.9590034,6.8887424,6.514606,5.646468,7.0488367,5.727716,6.8591485,9.140947,9.090437,8.832858,8.812021,7.07939,6.5502963,5.8247166,4.9396815,5.530807,5.7932725,5.3067765,6.18407,5.3734236,7.5321083,6.0284214,6.0938215,7.071723,6.4104123,6.5686426,6.602494,8.483153,8.729261,9.478226,8.796399,7.0687013,7.2186007,8.171276,6.418119,8.081223,8.838525,6.7130237,6.7477264,7.0354037,5.194282,5.592665,5.576593,5.7339153,5.9085503,6.0132775,8.4351225,7.653889,5.862647,5.4504957,6.071561,5.397087,6.8539066,7.733482,7.4091973
19,7.012795,7.704933,7.505113,7.397942,6.857836,7.1203685,5.8062606,6.4519334,4.333513,3.5807197,5.778696,5.0032754,6.1375446,6.493182,6.3662786,5.790684,3.2242155,5.1843095,5.0369053,0.0,3.9400866,4.7644835,3.1800063,3.063974,3.1472108,3.7744906,5.854391,4.4434004,3.494815,3.4953406,5.97215,6.347837,5.8504825,6.5890803,4.510421,6.10916,7.401377,7.5411716,7.0475435,7.704383,5.315316,4.9060025,5.3439245,5.4545627,5.335324,5.2384405,5.087513,5.0982513,7.3474665,5.5465117,7.616931,7.972169,5.4641666,6.0977163,6.2851043,6.137697,4.49204,5.154854,5.424687,5.8466973,5.314234,5.2569776,4.4331584,4.7907157,5.8632236,5.0684037,5.4093847,4.8975,6.6769576,6.6681705,5.73353,5.8521557,5.2747507,5.265181,6.6950607,5.836866,5.3775244,6.6785436,4.971663,6.2332835,9.2677555,9.23972,8.763474,9.057556,6.6303153,8.196228,5.4217954,4.964875,5.0902,5.1732144,4.5374784,3.7143316,5.0691676,6.5324984,5.3652177,5.700089,5.255561,3.934213,4.154472,5.84545,8.103287,8.147364,8.2648735,8.521204,6.665631,6.8329678,6.6635947,6.198063,7.6231613,7.2060013,5.877326,6.20731,5.6325207,5.0861454,5.2098894,5.1954293,5.383554,5.4093294,5.671067,6.942291,6.015122,5.6409955,5.290572,5.762177,5.2797823,6.7600355,7.6116652,6.9702244
20,7.635984,7.052652,8.57974,8.320768,6.9292727,7.1110063,4.646442,6.5262513,6.4327307,5.685778,6.403134,6.8795404,4.353394,7.416536,6.112088,6.331876,4.541666,5.085469,6.1110883,3.9400866,0.0,2.5844944,3.879647,4.2282367,3.9510205,4.885768,4.5856333,3.1452765,4.1344647,4.348627,5.716574,6.219015,6.025586,6.59903,3.8136218,5.1625867,7.241529,7.8264384,6.7162256,7.0622506,4.5279484,4.3578315,5.800872,5.703334,5.412586,5.4375687,5.344694,5.4452734,6.09871,4.95546,6.4888296,6.407198,3.9561214,4.1891828,3.9479387,3.851322,5.052119,5.408846,5.9334273,6.3953094,4.8159423,4.8124332,4.5998006,4.747069,6.404859,5.8045707,5.9671435,5.719285,6.801639,6.7286873,6.3946466,6.36221,5.680058,4.8592596,6.139484,5.7790303,5.5602245,6.944583,5.4099174,6.6468434,9.30085,9.289294,9.144262,8.988728,6.9424567,8.46815,5.292896,5.2401924,5.1732717,5.468484,5.178016,4.4357924,5.2448406,7.7095113,5.5350213,5.528882,5.254447,4.7393937,4.59492,5.9897175,8.392883,8.503877,8.311039,8.621865,6.472923,6.689225,5.825502,6.1569324,7.3046536,7.041206,6.20147,4.9472475,5.7559385,5.868719,5.9647965,5.9482965,5.8421607,3.8187256,4.3020377,4.470893,4.42819,5.831574,5.656631,5.6962056,5.630617,6.6914053,5.7581873,5.2396474
21,8.473949,7.6705413,8.729866,9.003588,6.95884,7.2007794,5.7124925,7.7877817,6.378751,5.7143064,6.780963,6.433797,4.782602,7.652718,5.5816646,5.7126837,3.9249675,4.7118196,6.788015,4.7644835,2.5844944,0.0,4.876386,5.1774635,5.542668,6.112651,4.069293,4.059387,3.5520177,4.529665,5.2912345,5.9006495,6.99241,7.4464474,4.8825216,6.2043734,6.7217584,7.4375615,7.051091,6.609693,4.7385664,4.5260077,5.6979165,5.807604,5.903594,5.8600984,5.763983,5.9288073,7.113238,6.150148,7.377464,7.306755,5.060632,5.270716,5.6536303,5.2308984,6.014884,6.4179897,6.773899,7.133812,5.9402957,5.9166865,5.6414137,5.884345,6.6707354,6.008941,6.1528525,5.856897,6.619415,6.5744147,6.042897,6.0268445,5.324253,4.380077,5.8972483,5.478115,5.1478066,7.408068,5.858107,7.1203184,9.410292,9.423651,9.287595,9.474447,7.0466166,8.576149,5.7666445,5.5961447,5.6333303,5.870709,5.53834,4.6921496,5.8386683,8.661154,5.967316,5.987909,6.3498526,5.7576704,5.7046328,7.044608,9.149267,8.93208,9.177635,9.297307,7.0659904,7.202459,6.395976,7.137217,7.071443,6.7857747,5.8504767,4.3505454,5.364769,6.8019247,6.2461357,6.2376356,6.0445924,4.0505333,5.2376695,5.346005,4.882269,6.103538,5.9245934,6.2075543,5.937507,7.0673,6.2377257,5.604513
22,7.974798,8.169495,8.605234,7.8116283,8.226262,8.048627,6.2153473,6.650646,6.3468113,5.419725,6.489395,6.917966,5.429006,7.166304,6.798938,6.056633,4.002751,4.706408,5.632657,3.1800063,3.879647,4.876386,0.0,3.5985177,3.1350563,4.184894,6.0677495,4.8406773,3.3830402,3.7189214,6.96703,7.292112,5.094631,5.8908505,3.741833,5.15054,9.224339,8.764073,8.596644,8.670918,4.8787127,5.06548,6.6152396,5.8089023,5.682385,5.7173257,5.6137223,5.6497674,6.537018,5.29141,7.0468197,7.4277534,5.4526834,5.587586,5.100139,5.1466455,4.564411,5.06951,5.5321474,5.9900537,4.9995303,4.953916,4.294193,5.1542907,6.0817757,5.3276496,5.837203,5.5653877,6.448251,6.8533664,5.8604074,6.10271,4.9997873,5.13839,6.290698,5.3585014,5.472027,6.7869425,4.7888346,6.3937454,10.124288,10.109795,9.629638,9.617636,7.866505,9.44133,5.044639,4.946524,5.0969167,4.9533873,4.5726976,3.487041,4.990008,7.2525735,4.9631805,5.3564677,5.1915374,4.698918,4.5396485,6.0511203,8.29627,8.18493,7.55127,7.8908186,5.578955,5.8059535,6.481382,5.613772,7.500843,7.606189,6.462535,6.8212757,5.6877584,5.641213,5.7646227,5.818251,5.736435,5.7158065,6.1634607,7.4027286,5.8945947,5.3733597,5.6503944,5.5983458,5.3400035,6.486555,6.70089,6.8084807
23,6.573421,7.344093,8.508322,8.120368,6.4546905,6.737321,4.703987,5.937002,5.039241,4.2889466,5.7078853,5.9033604,5.006293,6.0967946,6.517998,5.025486,3.6953652,3.680368,5.655604,3.063974,4.2282367,5.1774635,3.5985177,0.0,3.97508,4.4101195,5.2001076,4.9375086,4.1865773,3.8459675,6.890264,6.325882,4.289473,5.7508864,3.9141955,4.7227902,7.2323785,7.131907,7.333921,7.4464498,3.8020725,3.5308387,4.5715785,4.0346794,5.659888,5.745734,5.517467,5.6803474,5.8429723,4.3071494,6.073546,6.5231113,5.227075,5.3655796,5.4649525,5.4499507,3.6710217,4.5052915,4.1685724,4.8014565,5.247004,5.1954675,5.048683,4.427913,5.0196857,5.27683,5.472857,4.988211,6.5524178,6.095556,5.918399,5.90196,5.530106,5.522215,5.980934,5.4479923,5.231351,6.2102365,4.670006,6.3432984,8.614273,8.572282,8.6329155,8.467062,6.535191,8.070078,4.766422,4.700086,4.0670066,4.3334556,4.189282,4.036588,4.864904,7.3344183,4.852615,4.907818,5.396479,3.8589883,4.2499437,4.7040453,7.1945443,7.581627,7.83843,8.128858,5.181929,5.413014,5.5015693,4.706702,6.7997985,6.8071246,5.678381,5.8263927,5.153377,5.0451093,5.247711,5.1812525,3.915189,5.1174974,4.767904,6.311753,6.3039694,5.8877563,5.594891,4.989822,5.4243755,6.750866,7.055029,6.8340344
24,8.202308,8.133246,8.7017565,8.004307,8.758489,8.976255,6.300257,7.0374985,6.6639714,5.837093,7.3072977,7.208897,6.9588895,8.253235,7.9613576,6.839842,5.089319,5.754016,5.4522386,3.1472108,3.9510205,5.542668,3.1350563,3.97508,0.0,2.5894601,6.741956,4.6730247,4.410096,4.4405737,7.3190746,7.8119903,5.063834,5.4188523,4.146205,5.6631627,8.303265,7.8974876,6.6134505,7.5579524,5.9992633,6.02825,6.66651,6.7882066,6.300366,6.2761374,6.276885,6.221357,6.8602743,5.744044,7.5257115,7.882208,5.949252,6.221157,5.7148237,5.6459165,4.383974,4.699848,5.5015564,6.171234,4.549128,4.5243306,3.7941904,4.336336,7.1051226,6.3451734,6.6150737,6.3031497,7.553703,7.5013986,7.0534234,7.1860795,6.438041,6.326538,6.8015914,6.3481374,6.2750163,7.018092,5.722968,6.90657,9.2774315,9.247113,8.82204,8.433411,6.8947306,8.475855,5.4286695,5.1747484,5.629753,5.7310095,5.627874,4.8548393,5.118638,6.8713984,5.8808393,5.978318,4.502499,4.4824133,4.28953,5.957293,8.869068,9.37637,8.662679,9.124732,7.0455027,7.3653684,7.373672,6.1908207,7.6101236,7.3272543,6.51123,7.1436715,6.3246093,5.4246726,6.288864,6.302844,6.3915052,6.188814,5.9338446,7.000684,6.566854,6.179484,5.8129244,6.0353646,5.498521,6.665692,7.433135,6.981145
25,8.592583,8.532471,9.243781,9.109652,8.932524,9.174441,7.523975,8.134862,6.035639,5.1384377,6.673091,6.580087,8.03863,8.42594,7.3484154,6.3679194,5.4733725,5.920001,5.83337,3.7744906,4.885768,6.112651,4.184894,4.4101195,2.5894601,0.0,5.959493,3.8438587,5.1233854,5.088633,6.7371764,7.109613,6.4662623,6.778266,5.2313633,6.9833455,8.34539,7.9031496,6.775924,7.797551,6.5829453,6.5853987,7.103001,7.1495786,6.968418,6.837711,6.7587094,6.788629,7.3759913,6.2568507,7.9948864,8.357749,6.299001,6.6744747,6.3711586,6.287519,3.6439507,4.0363007,4.924193,5.72303,5.6338916,5.6062665,5.128716,5.585872,7.8420005,7.2315607,7.8680267,7.1797366,8.621469,8.482319,7.8964424,7.9236827,7.630715,7.544897,7.920571,7.4848404,7.4898834,7.725652,7.0874104,7.6881833,9.877395,9.823635,9.361988,9.099688,7.6830864,9.1386,6.967866,6.2103987,6.5141187,6.580491,6.5584316,6.0929804,6.0222507,7.5714426,7.245267,7.344065,5.8181376,6.1793385,6.060513,7.2249794,9.791952,10.229826,9.305839,9.715388,8.203198,8.496454,8.49518,7.5187397,8.664719,8.470238,7.6879067,8.003519,7.4767566,6.8659434,7.5645485,7.5542583,7.0492573,7.0200133,6.3137283,7.408556,7.8388343,7.524876,7.2271237,7.346353,6.317528,7.9553523,8.03578,7.708907
26,8.870596,8.055431,9.404525,10.140377,7.145273,7.4269013,6.917457,8.236852,6.059358,5.1794415,5.7498517,6.266828,6.0542765,7.689478,5.3477592,5.567616,5.0577283,4.5494123,7.549155,5.854391,4.5856333,4.069293,6.0677495,5.2001076,6.741956,5.959493,0.0,3.6557553,5.2706494,5.7106576,4.8081665,3.7868154,7.7742233,8.137501,6.10502,7.246541,6.5305004,7.0150084,7.4981923,7.2745767,4.8739967,4.7748203,6.495961,6.01783,6.9660935,6.86379,6.6274486,6.9033155,7.0452204,6.073617,7.6077504,7.580889,5.4982443,5.826317,5.811735,5.623989,5.2912626,5.7115703,6.1777215,6.7730165,6.87862,6.8599424,7.151175,6.9219217,7.1444263,7.3432307,7.918994,7.209254,8.267507,7.447012,7.5556784,7.369161,7.369109,6.7510676,7.465432,7.061905,7.2303786,8.646501,7.6175885,8.709412,10.334477,10.310703,10.423576,10.329614,8.260927,9.670976,7.680853,7.0832458,6.759664,6.908821,6.8868628,6.6240153,7.2557206,9.936667,7.704575,7.737076,7.826528,7.7062564,7.688988,7.9929867,9.307317,9.094632,8.788735,8.90863,7.9149323,8.108476,7.4530644,8.154742,8.637647,8.634998,7.723269,6.168363,7.161467,8.326992,7.9010744,7.8124566,6.586891,5.9479804,5.0971255,5.383436,6.900499,7.846437,7.7425275,7.8848968,6.942776,8.588924,7.0954933,6.910956
27,8.251369,7.8285975,9.338439,9.474363,7.4085917,7.6227527,6.5927086,8.039786,5.8287754,4.880743,5.8863254,6.3358555,6.4807873,7.9231954,5.3119907,6.044581,5.28223,5.840603,6.473144,4.4434004,3.1452765,4.059387,4.8406773,4.9375086,4.6730247,3.8438587,3.6557553,0.0,5.2127905,5.2670527,4.9433107,5.511478,7.7832932,8.232906,5.423453,7.2022943,7.5496,8.016089,6.914102,7.591113,5.840013,5.746338,6.7921143,6.767716,6.4872694,6.3524346,6.2145395,6.3797455,7.322873,6.203641,7.592356,7.5511456,5.0523868,5.4323907,5.2847557,5.1987166,4.700813,5.202731,5.694535,6.1421947,6.170979,6.162449,6.060543,6.3496084,7.6500683,7.0868573,7.6943226,6.9783764,8.453161,8.407226,7.733469,7.6344604,7.365646,6.734829,8.067018,7.6011333,7.4631586,7.998246,7.2228246,7.748002,10.086165,10.044765,9.643332,9.687823,7.8758407,9.37809,7.1246476,6.401467,6.531223,6.609418,6.3932686,5.8676558,6.2336407,8.231633,7.2901835,7.433643,6.7192154,6.737755,6.6686683,7.777395,9.673303,9.798488,9.278643,9.539702,8.24091,8.385979,7.7864227,7.914106,8.769074,8.50585,7.860317,6.5603147,7.5904512,7.5523505,7.6869802,7.6733484,7.036884,5.4112406,5.1734943,5.446482,6.520471,7.6146517,7.4677653,7.57377,6.623732,8.274847,6.6990952,6.356541
28,8.758564,8.478865,7.570111,8.295067,8.038368,8.252956,6.6705046,6.9409924,5.6821833,4.797429,6.6954403,5.7321033,5.8845205,7.6164403,6.697011,5.1493764,2.246833,3.5379274,5.914516,3.494815,4.1344647,3.5520177,3.3830402,4.1865773,4.410096,5.1233854,5.2706494,5.2127905,0.0,3.079105,6.1842275,6.4979925,5.434836,5.8513837,4.3773828,5.8751817,7.238044,6.749,7.177879,6.4254823,4.521454,4.5100875,5.302775,5.39165,5.7711716,5.6532497,5.59477,5.6442823,7.2524533,6.236026,7.849612,8.22094,6.257104,6.432626,6.322738,6.2591405,5.092832,5.5382423,6.0787983,6.632124,5.305616,5.2461023,4.749585,5.239634,6.091911,5.243298,5.51408,5.1750727,5.994487,5.925859,5.1718674,5.3756795,4.3088646,4.31618,5.0928054,4.52004,4.0221276,6.7392006,4.9399815,6.565565,8.949165,8.965827,8.723766,8.940842,6.4029536,8.113567,4.940298,4.657731,4.889447,5.0583043,4.7957263,3.5389068,4.779358,8.040191,5.1080494,5.1829343,5.2335362,5.019437,5.0012956,6.57714,7.860666,7.562413,7.724963,7.853214,6.3686476,6.576769,6.671713,6.534338,6.402613,6.1023145,4.9352226,5.6646824,4.2462287,5.980873,5.293025,5.330037,5.4793653,5.4890647,6.218728,7.3831844,5.965808,5.2091002,4.9222016,5.4068556,4.871691,6.1932163,7.106834,6.634863
29,6.572117,6.740068,8.084032,8.0777645,7.049331,7.2851043,6.557038,6.790533,4.8469462,4.2437043,7.114112,5.491968,5.9855227,6.6357727,6.480708,5.860921,3.7592423,4.4559083,6.2123375,3.4953406,4.348627,4.529665,3.7189214,3.8459675,4.4405737,5.088633,5.7106576,5.2670527,3.079105,0.0,5.6085534,6.836002,5.321932,6.5562544,5.215814,5.7347064,7.442959,7.557346,7.755093,7.3326,5.167386,4.8185067,5.7227755,5.789109,4.6549945,4.666756,4.5893707,4.6029086,6.1492167,5.316984,6.8213563,7.2298703,6.30381,6.902076,6.0807295,5.819119,5.567405,5.229243,5.75627,6.2698402,5.963925,5.858324,5.6335473,5.8486714,6.400014,5.8371553,5.9864936,5.6333265,5.970207,6.863028,6.285585,6.235919,5.462046,5.2922273,5.394157,3.8782058,5.2277546,5.4295335,3.4831958,5.315202,8.440027,8.444387,7.7864804,8.336715,5.6752424,7.534375,4.5017037,5.163958,4.0183053,3.7979338,3.3578439,4.2840843,4.2780375,6.583353,3.9298062,4.5414567,4.6516986,4.3103404,3.8983521,5.0586586,7.119837,7.6526384,7.9362698,8.122121,5.3730187,5.5733995,5.6867614,5.3659096,5.818256,5.4801493,4.18969,5.349779,5.669495,6.3852143,5.9644346,5.970664,5.7282567,5.630502,6.1097918,7.3623486,6.2429442,5.843386,5.5454955,4.508141,4.1935678,5.054831,5.9066205,5.1883655
30,8.464376,7.617941,7.502215,8.3307085,7.5919657,7.8119617,7.983532,8.873499,5.5431614,4.8972654,6.706914,5.5478783,7.698296,8.057632,5.617174,7.0106745,5.613551,7.610512,7.8860097,5.97215,5.716574,5.2912345,6.96703,6.890264,7.3190746,6.7371764,4.8081665,4.9433107,6.1842275,5.6085534,0.0,4.3777013,8.981775,9.740806,7.6778164,8.555785,7.6196632,8.5324135,8.282483,9.215331,7.1423535,6.781101,7.831052,7.7931433,5.23623,5.0703473,4.933235,5.1764483,7.859245,7.120264,8.12515,8.0928,6.7915587,7.5493245,6.990465,6.6661234,7.1684146,6.9592752,7.324203,7.8772154,8.47151,8.41012,7.7355323,8.109434,7.7695646,7.2673025,7.8894887,7.177244,7.5180626,8.164016,7.6004176,7.303983,8.15455,7.4760466,8.267313,7.317623,8.209952,8.208549,7.711113,8.232907,10.565132,10.571448,10.043232,10.556407,8.538013,9.937943,8.224027,8.112324,7.37854,7.2407575,7.141895,7.5721455,7.495372,9.016302,7.8450685,8.182125,7.9859133,8.1722355,7.932834,8.604946,10.079891,10.352015,9.898028,10.039218,8.852186,9.035062,7.757762,9.004766,9.789706,9.199092,7.6725383,6.825183,8.422834,8.752638,8.348514,8.270423,8.4812155,7.0704346,7.246056,7.4398813,7.130397,8.042334,7.914285,8.198247,6.2502933,7.547161,7.164989,6.73698
31,9.228468,8.341086,7.944155,8.927801,7.376519,7.692075,7.5895286,8.144556,6.03416,5.271825,5.435092,5.454141,7.40588,7.7341914,5.8801327,6.6546464,5.684408,6.6656985,6.787954,6.347837,6.219015,5.9006495,7.292112,6.325882,7.8119903,7.109613,3.7868154,5.511478,6.4979925,6.836002,4.3777013,0.0,8.800277,8.953891,7.5122,8.474362,6.796183,7.5632615,8.18213,8.912134,6.3687825,6.0222974,7.483697,6.9884186,6.9465017,6.905858,6.6607776,6.969843,8.302383,6.858886,8.803246,8.7932625,6.422099,7.1995435,7.1203103,6.922085,6.6379356,6.618527,7.4294333,7.758955,8.1434555,8.119513,7.423253,7.222748,6.615733,6.9421377,7.6559405,6.9188414,7.9658647,6.716692,7.2142744,7.01104,7.6046224,7.0643277,8.236652,7.49636,7.6532035,9.13233,8.102944,9.248012,10.646686,10.633882,10.758634,10.699726,8.933247,9.608764,8.420043,7.633871,7.422619,7.3884172,7.5080876,7.7255015,7.9661,9.7970705,8.162171,8.379453,8.871668,8.55271,8.616926,8.455751,9.375999,9.074061,8.840907,8.579889,8.619486,8.885753,8.254683,8.870281,9.870831,9.982146,8.160228,6.8223467,7.819146,8.016228,7.6180596,7.4558983,7.038607,6.771318,5.738909,6.7285547,7.3238587,7.660547,7.478624,8.464977,6.774158,8.53393,8.14669,8.0289955
32,8.902433,8.86142,8.599409,8.111835,9.620304,9.791937,5.97047,6.4980855,8.297599,7.6227455,8.202386,8.867024,6.0439496,8.910027,9.772458,7.1702704,5.7118006,5.254312,7.293329,5.8504825,6.025586,6.99241,5.094631,4.289473,5.063834,6.4662623,7.7742233,7.7832932,5.434836,5.321932,8.981775,8.800277,0.0,3.5302312,4.2817535,3.3721411,8.827498,7.7757287,8.022206,8.060961,4.8732486,5.220688,6.2522135,5.742378,6.2807055,6.4771714,6.4158382,6.450527,4.994108,5.2637386,6.0633907,6.6935115,7.1705375,6.5850654,5.816081,6.168019,5.5338306,5.584907,5.791071,6.608018,5.1887484,5.130841,5.1576767,4.35872,5.759908,6.122775,5.834226,5.950711,6.1461453,5.7541914,6.4645205,6.488206,6.731819,6.893447,4.695241,5.3272705,5.6271896,6.628511,5.350178,7.193836,8.733397,8.72113,9.280801,8.330509,7.1033225,8.560122,4.73569,5.8379765,4.8323507,5.529182,5.866176,5.7986293,5.6241136,9.140204,5.3987956,4.6682506,4.9513974,4.806412,4.6794543,4.7188425,7.217402,8.067101,7.624059,8.138027,4.7557344,5.2276073,5.2042522,4.2837505,7.103879,7.0855274,5.9577947,7.324699,5.3739386,5.443003,5.8480163,5.796763,5.595219,7.0353665,6.7214932,7.951893,7.0161686,5.792516,5.5011826,4.6667185,5.465804,5.651385,7.539755,7.5472827
