,0,1,2,3,4,5,6,7,8,9,10,11,12,13,14,15,16,17,18,19,20,21,22,23,24,25,26,27,28,29,30,31,32,33,34,35,36,37,38,39,40,41,42,43,44,45,46,47,48,49,50,51,52,53,54,55,56,57,58,59,60,61,62,63,64,65,66,67,68,69,70,71,72,73,74,75,76,77,78,79,80,81,82,83,84,85,86,87,88,89,90,91,92,93,94,95,96,97,98,99,100,101,102,103,104,105,106,107,108,109,110,111,112,113,114,115,116,117,118,119,120,121,122,123,124,125,126,127
0,0.0,3.3361275,3.7234719,3.7480862,4.7334623,4.7013736,4.9245825,5.121594,5.537884,4.578662,4.2592945,4.2618012,3.9550629,2.471206,3.7499325,4.813237,5.619969,5.2386007,4.506999,4.3715467,5.4738917,5.432153,4.481163,4.9004617,4.7604723,5.071706,3.52611,2.6469634,8.712395,8.364602,5.6768665,5.5293922,7.0707154,6.8819532,5.5408,4.7920685,7.0944448,6.1460037,5.893047,3.082706,6.1947975,6.180512,7.5652585,7.5652585,6.4887743,6.8180165,5.8599496,5.6443,7.422015,7.4280963,7.2639527,7.2701516,5.7461333,6.8526444,6.4362807,7.0386214,7.8872,8.431765,7.606292,8.022013,7.82121,7.3558216,7.793958,6.729746,5.9577527,4.4194565,6.1540194,6.165911,7.0476284,6.1711326,7.1188145,6.996336,6.970109,6.838143,7.187419,5.282882,6.1172466,6.8025837,6.362081,6.1361856,7.5973306,7.1130247,8.0596075,7.7316494,7.482917,7.1748557,7.083528,7.706136,6.6218805,6.494954,6.4769034,7.474429,8.7991,7.587493,7.9637146,7.68554,6.9871798,7.0629644,6.840452,6.760394,8.562442,8.199358,9.26267,9.237739,7.9336705,8.758592,9.15272,8.19419,7.9222813,7.82564,8.637511,8.5004635,6.3142433,6.6045313,6.856277,6.991243,6.4044747,5.946078,6.760486,7.414656,9.1032505,9.1032505,9.577634,9.646645,6.5586696,7.704048,6.672052,8.943833
1,3.3361275,0.0,5.169267,5.101009,5.50219,5.4261484,6.919892,6.7599607,5.4619746,4.4876127,4.194986,4.1667547,4.92464,3.8028307,5.263815,6.328761,4.8925734,4.9681826,3.3359737,4.1514053,4.524438,4.6497836,3.7694678,4.1573863,5.1538086,4.659688,4.7075386,3.994734,8.759012,8.431025,5.8374467,5.789759,7.181072,6.621332,5.1541247,4.5536804,6.534506,5.6516943,5.5234222,3.5365517,5.8591814,5.5883703,7.248045,7.248045,5.057783,5.5880136,4.1990857,4.031503,6.2871304,6.3010216,6.185067,6.188929,6.2535596,6.860627,5.7948265,6.8386445,7.674009,7.4438143,7.385873,7.0271773,7.075292,6.6124105,6.750367,6.1511636,4.7198443,3.7406006,5.046364,5.039335,5.520565,5.1451445,6.202508,6.0969553,6.3629947,6.163356,6.4589133,5.5968375,5.4478498,5.9940143,5.5254827,5.4973116,7.800297,7.8719554,8.3521185,8.219576,7.2119203,7.1687307,6.984027,8.63659,7.0857973,7.245531,6.3751636,7.5460587,8.803509,7.6480346,7.9192743,7.6212873,5.457912,5.6142254,5.9730897,5.9036036,7.64791,7.193937,8.183437,8.158386,7.09649,7.9103775,7.967589,7.546566,6.9706287,7.6075454,7.334439,7.157584,6.479244,6.399646,6.603322,6.3131022,5.286131,5.8430595,6.996872,7.2669415,8.300569,8.300569,8.92271,9.020339,6.4890203,6.5793056,5.5564737,9.150452
2,3.7234719,5.169267,0.0,0.7592483,5.501426,5.5080247,5.532417,6.1716743,6.070832,5.4160213,5.1171646,5.1213593,4.4391675,4.547261,4.33749,3.857316,5.85414,5.8996706,4.9336276,5.468575,5.808502,5.7916403,4.9244313,5.044371,5.145806,5.2641788,4.4711423,3.8101325,8.7530365,8.400965,5.6224155,5.4517155,7.326105,7.1789684,5.9509053,5.2774925,7.984834,6.287602,5.392806,4.918015,7.1404505,6.616862,8.42161,8.42161,6.934094,7.092289,6.890605,6.791024,7.907987,7.904234,7.7372584,7.7400694,6.0157394,7.127226,6.734403,6.7651734,7.63721,8.313557,7.787829,7.8693347,7.9209485,7.153516,7.5392475,7.0796757,6.388066,5.0386558,5.540605,5.5418015,6.8818636,6.0389795,6.2439413,6.686452,6.761043,7.229962,7.359691,5.884547,6.540802,7.0643854,6.9527807,5.646906,6.1438055,5.2475123,6.5173063,6.0791836,6.0943356,5.4113903,5.9581504,6.241568,4.7107263,6.1033134,6.355705,6.007066,7.490857,6.1542635,6.5932393,6.2466536,6.5036583,6.585882,7.130999,7.0507035,8.597942,8.265887,9.25591,9.247306,7.977847,8.216632,8.903586,7.9849467,7.8741136,7.174261,8.106699,7.9295096,5.7078004,6.2501698,5.9706144,6.1413374,6.0114927,5.2523804,6.3072977,7.213421,8.92509,8.92509,9.3256035,9.412558,6.088988,7.457905,6.4061856,7.948425
3,3.7480862,5.101009,0.7592483,0.0,5.5103126,5.518041,5.5921993,6.227474,6.1593084,5.51156,5.22232,5.2223444,4.463847,4.5460043,4.237748,3.927117,5.7642455,5.851607,4.872639,5.4933567,5.7553368,5.728783,4.8669024,5.0448775,5.204135,5.296872,4.560238,3.8955016,8.826401,8.482351,5.7073627,5.5694423,7.4116764,7.2057514,5.9997544,5.3799973,7.988833,6.3258176,5.356339,4.793,6.92927,6.668919,8.147432,8.147432,6.8876987,7.0496917,6.816788,6.730494,7.842132,7.8401465,7.6624904,7.666471,6.042713,7.137175,6.69408,6.8112803,7.3804145,8.055838,7.5328593,7.623011,7.627463,6.877468,7.335997,7.0285707,6.3199935,5.1253867,5.352274,5.347664,6.8225646,5.943768,6.2326965,6.668445,6.560493,7.1578436,7.3135743,5.6352963,6.483693,6.923677,6.795976,5.635808,6.0854936,5.392863,6.484424,6.117253,5.915166,5.299112,5.672322,6.064902,4.784092,6.0458336,6.133041,5.8364763,7.160781,6.0438194,6.40063,6.036866,6.436694,6.5266185,6.9251294,6.8434916,8.311145,8.057983,9.021656,9.019259,7.742582,7.949857,8.725183,7.943044,7.854798,6.955077,7.958558,7.7838783,5.588383,6.2269354,5.7757497,5.944563,5.8139653,5.0499635,6.3405347,7.0517554,8.720407,8.720407,9.197921,9.213675,6.10883,7.406166,6.453256,7.973293
4,4.7334623,5.50219,5.501426,5.5103126,0.0,0.1787681,2.9113615,4.8803115,6.5046616,5.594474,5.3392396,5.316514,4.222997,4.2326474,5.346027,5.9265738,4.8792458,3.644481,5.9671154,6.2824693,4.978382,4.923855,4.438038,6.241823,5.864928,6.0397234,3.905107,4.9646354,8.488408,8.176826,6.506077,5.906728,7.877889,7.355322,4.94954,5.6532936,6.6507955,6.5145373,6.1344204,4.78721,7.876698,5.48354,8.615514,8.615514,6.8324733,6.9750557,6.451197,6.462473,6.770543,6.7588716,6.829593,6.824112,6.0510154,7.088014,8.1534,7.517417,7.619037,8.080896,8.10396,8.508351,7.9961243,7.818285,7.523327,6.9853797,6.3413167,5.06891,6.6527066,6.7705483,7.732161,6.7496753,6.8809557,6.840907,6.9359584,7.0384626,6.2301536,5.748866,5.97927,6.476096,6.0228834,5.797105,7.4690366,6.7686424,8.151867,7.6214643,7.267767,6.677504,6.7353096,7.039997,6.208017,6.006702,7.0890737,7.002187,8.227419,7.1736107,7.949686,7.6423836,7.8136067,7.4028015,7.396219,7.460036,8.103422,8.533937,8.1233015,8.09915,7.887211,8.41076,9.840331,9.128062,7.3300915,7.6128235,9.0551605,8.70238,6.5979266,7.23405,6.02242,7.5492187,6.824308,5.9019604,7.61081,7.450987,9.355386,9.355386,9.626251,9.832851,5.796578,6.981924,6.474479,8.391508
5,4.7013736,5.4261484,5.5080247,5.518041,0.1787681,0.0,2.978614,4.8534245,6.453964,5.521214,5.2689548,5.2452936,4.222692,4.1658154,5.337657,5.9490004,4.8541827,3.576679,5.9203525,6.2515235,4.927679,4.878446,4.383972,6.2067447,5.860263,6.0434546,3.867399,4.9275737,8.507782,8.180375,6.512485,5.918961,7.8618073,7.3336368,4.932625,5.6393414,6.5974817,6.5080514,6.1175423,4.7241697,7.8431396,5.4706364,8.614771,8.614771,6.785884,6.9453187,6.379718,6.396241,6.7401013,6.7286205,6.8178024,6.8122725,6.059752,7.0954494,8.142802,7.539935,7.6483774,8.090293,8.140662,8.516121,8.018298,7.850281,7.523432,7.004856,6.3200417,5.047313,6.6281514,6.7511544,7.6672587,6.7054605,6.8756557,6.8399334,6.910759,7.0480638,6.2239695,5.750177,5.9835706,6.477871,6.0002046,5.7928505,7.4973264,6.805946,8.188628,7.656881,7.305998,6.7124557,6.7683053,7.118586,6.265001,6.090069,7.0510917,7.0376053,8.276775,7.225419,7.9556174,7.649882,7.7856226,7.3761773,7.3261123,7.391171,8.087601,8.500372,8.085669,8.06083,7.8521357,8.389628,9.785424,9.125533,7.2831526,7.5891356,9.000813,8.6573515,6.5968843,7.220196,6.0343757,7.5393267,6.8206367,5.9249287,7.63004,7.467098,9.345193,9.345193,9.628856,9.836748,5.793213,6.9627852,6.435521,8.433914
6,4.9245825,6.919892,5.532417,5.5921993,2.9113615,2.978614,0.0,4.543263,7.298131,6.5389047,6.3049603,6.305713,4.8447847,4.8171654,5.0924172,5.91215,5.940042,4.495838,6.698901,6.370873,5.854692,5.6731977,5.33727,6.722526,6.247737,6.4127,4.2344365,5.281758,8.637234,8.339132,6.7083282,5.699875,7.8540277,7.6624327,5.411381,6.013893,6.9634438,6.9151998,6.389916,5.3466744,7.991519,6.011503,9.111246,9.111246,7.719969,7.8238153,7.563288,7.5079966,7.7040243,7.691637,7.6899576,7.690699,5.991043,6.920925,8.397042,7.6378117,7.7247744,9.01963,8.38563,9.394994,8.530925,8.334682,8.471134,7.440939,7.4397235,6.269681,7.591509,7.688494,8.658142,7.6276736,8.190644,8.136013,7.1512146,7.976438,7.201371,6.6960764,6.6560006,7.268969,6.9644833,6.535366,7.684655,7.135666,8.275785,7.7295084,7.7918725,7.2348557,7.282457,6.593802,6.29302,5.809393,7.5282607,7.4097986,8.734376,7.6729393,7.9891477,7.7053947,8.645751,8.244981,8.240943,8.277988,9.1281395,9.278876,9.074957,9.060375,8.743224,9.526018,10.511256,9.839549,8.658193,8.2165575,9.778279,9.610958,6.6376023,7.0733094,6.5475636,7.965035,8.114236,6.561521,7.857501,8.11542,10.357131,10.357131,10.227558,10.446363,7.358851,8.369117,7.519642,8.311137
7,5.121594,6.7599607,6.1716743,6.227474,4.8803115,4.8534245,4.543263,0.0,6.947565,6.5787597,6.9049478,6.921197,6.457299,5.9095817,6.289787,5.9051695,6.3994737,5.6487107,7.3526115,6.6707706,6.5572476,6.4928856,6.1887903,7.613653,5.9174204,7.2381053,4.754462,5.758087,8.828818,8.370172,6.8229136,6.2569532,6.828432,6.984516,6.429868,6.8885427,6.243909,7.784139,7.959249,5.889252,7.884221,6.378668,8.602818,8.602818,8.824895,9.271296,8.163746,8.197368,8.784186,8.777831,8.793455,8.805473,6.506116,7.626379,8.4751005,8.72813,8.622581,9.142828,9.03548,9.570058,9.6088915,9.648326,8.513043,8.867745,7.927376,6.7339573,7.676497,7.789039,8.782252,7.639148,8.460946,8.368999,7.9749,7.9135237,7.3305345,6.911769,6.999949,7.4325294,7.201261,6.857759,7.680309,7.5326014,8.799755,8.457062,8.183832,7.6650853,7.6458726,7.851583,7.8387976,7.5960436,6.811589,7.7278914,9.41349,8.036969,8.456499,8.49665,8.716492,8.312155,6.85776,6.9085374,8.344689,7.8706813,8.06029,8.013006,7.4315195,7.974609,9.409361,7.897805,7.207484,7.0839067,9.039551,8.6327505,7.7022104,7.9108424,6.8581533,8.126727,8.026238,7.266282,6.809134,7.327334,10.015996,10.015996,10.47783,10.439929,6.825666,8.268272,7.413619,8.753665
8,5.537884,5.4619746,6.070832,6.1593084,6.5046616,6.453964,7.298131,6.947565,0.0,2.6207988,3.6847403,3.699264,4.569685,5.527063,4.5596642,5.9061203,8.013757,7.013281,6.545308,6.7840385,7.413935,7.493016,6.7003083,7.1535535,3.515453,5.7121587,5.6939945,5.1853747,9.327717,8.911699,6.5566587,6.5022907,5.2601314,4.954363,6.1276264,5.2646475,7.400163,5.8879375,5.9535384,6.1065707,7.751318,7.1770396,9.594258,9.594258,5.7951202,6.888867,7.0281253,6.938396,8.691763,8.710894,8.982535,9.010787,8.161842,8.996896,8.472917,7.3755565,8.304566,8.371047,8.269752,7.792769,8.070731,7.927746,7.4162354,7.1802387,7.197361,6.020266,7.4186487,7.543689,6.2789593,7.1134496,5.9223266,5.804348,6.8131833,7.513909,7.4662557,5.5998106,6.8067183,7.086087,7.827874,6.8632984,6.5395994,6.732573,7.2794604,8.508329,7.2714586,6.894598,6.722517,8.350883,6.74122,6.722687,7.6584373,6.596915,8.643105,6.804977,5.7575507,5.8783374,6.9081793,7.033072,6.468291,6.405782,6.628569,7.9868836,8.62515,8.638242,5.540235,7.2456136,6.7390094,8.546061,5.6892653,6.582633,6.7881465,6.9870176,6.1888595,6.758699,7.0526776,6.8265824,6.269168,6.7025456,6.0539083,6.5999613,9.175368,9.175368,9.913442,10.117184,7.196487,8.509125,7.313434,8.150693
9,4.578662,4.4876127,5.4160213,5.51156,5.594474,5.521214,6.5389047,6.5787597,2.6207988,0.0,1.6306623,1.6264206,4.071064,4.419804,4.3671474,5.8016,7.294749,6.0322266,5.671678,5.968759,6.566194,6.666328,5.7725506,6.3124757,4.1397605,5.4865623,5.321865,4.712233,9.179537,8.785608,6.407939,6.3446484,5.9223437,5.593558,5.756721,4.937408,7.139151,5.8790984,5.4896603,4.9559755,7.1130657,6.368115,9.098034,9.098034,5.477905,5.7696376,5.9859,6.086276,7.8449497,7.865458,8.177432,8.198661,7.362436,8.241607,7.7986245,7.1249475,8.239076,8.312141,8.192498,7.8102727,7.8070207,7.7537045,7.7718725,6.895477,6.5355706,5.251372,6.709355,6.8519735,6.3157587,6.656834,6.022455,5.914028,6.9275837,7.7085853,7.4770927,5.9067445,6.853935,7.160859,6.944112,6.8194213,6.7406945,6.620806,7.645053,7.368751,7.202859,6.821415,6.6188893,8.2898655,6.8062043,6.844777,7.2796555,6.772599,8.6800375,7.216927,6.2732196,6.1796823,7.0818076,7.189183,6.3843303,6.318885,7.6242337,7.973079,8.5774145,8.584965,6.651583,8.149528,7.708918,8.927852,6.699579,7.4926286,7.318439,7.4928637,6.4387536,6.8501925,7.314764,7.068312,6.6316223,6.8019958,7.256629,7.6485114,9.416867,9.416867,10.080882,10.312562,7.376237,8.256538,6.971868,8.594093
10,4.2592945,4.194986,5.1171646,5.22232,5.3392396,5.2689548,6.3049603,6.9049478,3.6847403,1.6306623,0.0,0.087459885,3.7601635,4.1222596,4.063197,5.5069337,7.08425,5.7973456,5.4441166,5.7460756,6.3521237,6.4546638,5.529102,6.1179223,4.938664,5.266127,5.077109,4.4481406,8.980277,8.592213,6.159108,6.109782,6.8063774,6.5440245,5.4540224,4.6630397,7.655028,5.6940017,5.292176,4.597005,6.9351315,6.164723,8.922739,8.922739,5.344754,5.5913215,5.8330884,5.9236975,7.6940203,7.712095,8.0392065,8.047475,7.155169,8.065415,7.6015544,6.9061604,8.059265,8.117984,8.012483,7.6135507,7.6444,7.5844107,7.6134186,6.7143526,6.3442907,5.0078506,6.502486,6.6519246,6.235538,6.535343,5.87866,5.7770805,6.6798887,7.5124,7.30592,5.6611533,6.6402144,6.973047,6.7277956,6.5943174,6.85903,6.3273616,7.3878164,7.0684867,7.084944,6.6355534,6.47668,8.192353,6.5506434,6.595691,7.4117165,6.8951926,8.439907,7.311071,6.713318,6.369108,6.9426546,7.031341,7.234505,7.170012,8.369286,8.620387,9.189926,9.19603,7.463329,8.79581,8.455117,9.52603,7.5004587,8.207996,8.081992,8.2274065,6.269567,6.673435,7.137912,6.887246,6.421444,6.5926294,7.9563217,8.3423,9.248191,9.248191,9.930454,10.166777,7.1597867,8.067085,6.765816,9.204494
11,4.2618012,4.1667547,5.1213593,5.2223444,5.316514,5.2452936,6.305713,6.921197,3.699264,1.6264206,0.087459885,0.0,3.7459033,4.0947194,4.068352,5.544017,7.067287,5.778364,5.4253497,5.7547097,6.3338523,6.436706,5.508832,6.0978646,4.9519806,5.2759194,5.0856476,4.454934,9.003035,8.614471,6.190099,6.140554,6.832726,6.5507526,5.4597874,4.675267,7.6497555,5.7012115,5.277017,4.5696864,6.953673,6.1738744,8.937926,8.937926,5.3166056,5.55218,5.794844,5.888721,7.6625237,7.680617,8.009374,8.017651,7.161257,8.070323,7.603234,6.9185615,8.067872,8.127422,8.023228,7.62521,7.636243,7.577128,7.6286073,6.706224,6.327852,4.9953494,6.484312,6.6342764,6.223716,6.52169,5.876724,5.7769012,6.68441,7.520566,7.3101177,5.672923,6.6442156,6.977294,6.718664,6.596654,6.8915577,6.363488,7.4245715,7.08601,7.0941277,6.6506023,6.4922056,8.20329,6.5605555,6.6131663,7.411852,6.9130096,8.455481,7.329958,6.7239466,6.379443,6.9417806,7.031867,7.2226043,7.1587863,8.365238,8.621087,9.180207,9.186386,7.4671164,8.797223,8.452572,9.529286,7.4987817,8.203905,8.074041,8.220722,6.2630706,6.678397,7.139791,6.8909206,6.428557,6.596259,7.9689746,8.343545,9.252904,9.252904,9.933805,10.16947,7.160221,8.061498,6.76581,9.2017975
12,3.9550629,4.92464,4.4391675,4.463847,4.222997,4.222692,4.8447847,6.457299,4.569685,4.071064,3.7601635,3.7459033,0.0,3.175194,2.873477,4.143937,6.5309997,5.592208,5.362762,5.7606144,6.3740993,6.3454537,5.4753523,5.7557263,4.1321177,4.4537754,4.0936775,3.275953,8.564343,8.114175,5.5281663,5.87879,6.643498,6.0879803,5.1541624,4.284344,7.7371826,4.6994305,4.361596,3.8094332,7.467336,6.562801,8.639465,8.639465,5.005899,6.1591306,5.6799397,5.8316116,7.4690785,7.4751825,7.6808896,7.6902623,7.047609,7.885582,7.804101,6.377338,7.598976,8.256263,7.2658687,7.691675,7.0607066,6.9330926,7.3057094,5.9918346,6.2140574,4.8583293,6.1258783,6.2596564,6.77004,6.4266267,5.991865,5.959424,6.277725,6.2104473,6.3142943,4.2418995,5.5949254,5.9661775,6.7606063,5.736227,6.533482,5.8880095,6.524476,7.3671837,6.2844753,5.919617,5.9539037,6.3311095,4.957629,4.8343124,6.9583716,6.1165876,7.403468,6.439555,6.5972705,6.236807,6.56596,6.6985264,7.580906,7.5164237,7.7953386,8.740055,9.284912,9.277434,7.432874,8.300312,8.6630335,8.830246,6.992237,6.9079323,8.408732,8.315344,4.7039356,5.668796,6.299359,6.12257,5.876191,4.7760878,6.6260314,6.8785334,8.696458,8.696458,8.988345,9.19013,5.618075,7.1079,6.2903657,7.4665003
13,2.471206,3.8028307,4.547261,4.5460043,4.2326474,4.1658154,4.8171654,5.9095817,5.527063,4.419804,4.1222596,4.0947194,3.175194,0.0,3.8333068,5.475009,5.700391,4.835874,4.494453,4.980252,5.6115704,5.5404906,4.570239,4.886252,5.212835,5.468303,4.0798483,3.1389143,9.121702,8.6649475,6.0554247,6.355546,7.3304243,6.802376,5.504338,4.739187,7.0475574,5.9523273,5.2910395,2.4957561,6.7646756,6.7355504,8.056477,8.056477,5.7739954,6.160772,4.9948726,4.787985,6.9946017,6.9995723,7.2306166,7.236926,6.616999,7.4558635,7.27389,7.200774,8.2053795,8.81392,7.915813,8.356686,7.831139,7.5399046,8.227808,6.5233417,6.0547223,4.6704664,6.3633165,6.4971538,6.962695,6.1097255,7.204526,7.1642947,6.939159,6.865351,7.20987,5.2569213,6.2441034,6.9459896,6.3852563,6.2335167,7.9652543,7.595794,8.386333,8.097362,7.7841997,7.495212,7.3895006,7.880788,6.602707,6.5924754,6.5348964,7.6205854,8.902703,7.8037353,8.070828,7.773611,7.3140097,7.4449434,7.0122128,6.9476643,8.682886,8.516064,9.197471,9.170445,8.202408,8.986524,9.304093,9.028079,7.72352,7.6110497,8.75962,8.676349,6.263258,6.623021,7.4603724,7.239122,6.7658887,6.081271,7.2887387,7.5739646,9.445912,9.445912,9.72539,9.893776,6.612909,7.4615917,6.5965514,8.684005
14,3.7499325,5.263815,4.33749,4.237748,5.346027,5.337657,5.0924172,6.289787,4.5596642,4.3671474,4.063197,4.068352,2.873477,3.8333068,0.0,4.513787,7.277836,6.205489,5.8929534,5.8438725,6.8375244,6.7727013,5.9977627,6.221218,4.7620606,5.0103927,4.67463,4.0161214,9.039609,8.494993,5.9614515,5.7885375,6.7829776,6.494355,5.3713,4.6281567,7.8675127,5.2872415,4.8681526,4.1173105,6.989832,6.892509,8.90392,8.90392,5.610137,6.4624424,6.5503793,6.4368954,8.310375,8.320536,8.500548,8.512652,7.360957,8.242266,7.853237,6.972375,7.441893,8.482847,7.437981,7.973882,7.349323,7.355447,7.60688,6.7118244,6.6613317,5.5308695,6.409907,6.5436926,6.37516,6.4192767,6.261156,6.1100273,5.762203,7.096538,7.0730414,4.7715907,5.9935603,6.4191837,7.0709147,6.202142,6.828762,6.419261,6.831139,7.660996,6.5540667,6.2781596,6.1034827,6.511167,5.5694113,5.1111073,7.2039948,6.6011686,7.8529105,6.9520035,6.137815,5.759027,6.93187,7.0267863,7.838794,7.7632427,8.23796,9.093508,9.711861,9.728688,7.356824,8.698635,8.201632,9.2732725,7.921414,7.2789083,8.417394,8.622432,4.0920353,5.336833,6.0162196,5.7623405,6.479645,5.7006464,6.918921,7.455982,9.042777,9.042777,9.478885,9.488773,6.9964175,8.444266,7.2119875,8.274007
15,4.813237,6.328761,3.857316,3.927117,5.9265738,5.9490004,5.91215,5.9051695,5.9061203,5.8016,5.5069337,5.544017,4.143937,5.475009,4.513787,0.0,6.977594,6.880974,6.4064116,6.075965,7.249005,7.252122,6.548606,6.7598968,4.8059993,5.055729,4.6754003,4.1366434,8.0753,7.4893684,4.322878,5.2724004,6.4936004,6.725222,5.8973203,5.165682,8.440065,5.537876,6.0277762,5.729862,6.9840684,6.791765,7.495177,7.495177,7.2553916,8.300414,7.5899863,7.6916714,9.16838,9.166898,9.231104,9.234127,7.2761807,8.170577,8.034553,6.8728266,7.629636,7.9280424,7.202269,7.3964796,7.9891887,7.770688,6.547141,7.5619464,6.7833943,5.531647,6.141738,6.239939,7.380837,6.534903,5.903299,6.145675,6.6656923,5.8443174,6.102391,4.067903,5.870345,5.998603,6.9668784,5.54984,4.8922443,3.5569932,4.585171,6.11898,5.3201923,4.476131,4.9362397,5.2376957,4.536606,4.9221406,6.4864244,4.9636927,5.9266224,5.282961,6.67423,6.3446712,6.7015085,6.765856,7.8675966,7.7844057,8.073036,8.30463,9.374121,9.355735,7.5330806,7.576114,8.795051,7.7827816,7.0627804,6.5837164,8.695187,8.2832575,5.6128645,6.2254767,6.052738,5.856152,5.334112,4.2853355,5.9861164,6.5616803,8.106619,8.106619,8.690878,8.711836,4.724601,6.634348,6.02188,7.670612
16,5.619969,4.8925734,5.85414,5.7642455,4.8792458,4.8541827,5.940042,6.3994737,8.013757,7.294749,7.08425,7.067287,6.5309997,5.700391,7.277836,6.977594,0.0,2.8058386,3.5101523,4.2379465,1.9913011,1.9289839,2.2269084,3.8759825,6.449509,5.166329,5.1263804,5.7085485,7.8050523,7.583406,5.388422,4.7621284,7.5251613,7.0244894,4.3330517,5.1379185,4.9860883,6.0039034,5.606209,5.3249407,6.047099,4.2245355,6.33834,6.33834,6.331203,6.51518,5.0200033,4.848755,5.2546616,5.23683,4.9981017,4.987538,5.2647157,5.032784,5.847609,6.608799,6.6434817,6.7462053,7.1807504,7.229406,7.1363106,6.3425245,5.9250197,6.1882763,4.9241343,4.782561,4.8879175,4.8673887,6.6314087,5.134735,7.097727,7.37146,5.7401032,5.619407,5.3768296,6.7178273,4.720815,5.427146,4.606272,3.9338994,7.077147,7.902032,7.937951,7.5822663,6.6079164,6.513066,6.4742746,7.418701,6.2081027,6.865249,5.45264,6.623964,7.7980905,6.636517,7.9460635,7.651442,5.5370717,5.113466,5.852404,5.9047346,7.4179025,5.922126,6.046133,5.9891515,7.438994,7.2931542,8.845969,7.024015,6.8043976,6.9079714,7.271843,6.6298923,7.1899605,6.28573,5.726758,6.3264394,5.5293174,5.118529,6.7536697,6.6072083,8.485958,8.485958,8.231242,8.475184,6.4455404,4.747278,4.242338,7.8137126
17,5.2386007,4.9681826,5.8996706,5.851607,3.644481,3.576679,4.495838,5.6487107,7.013281,6.0322266,5.7973456,5.778364,5.592208,4.835874,6.205489,6.880974,2.8058386,0.0,4.0085196,4.55371,2.2480977,2.1200876,2.154714,4.4346623,6.118653,5.227581,4.383609,5.274029,7.8115206,7.627896,5.752621,4.745296,7.1137576,6.607201,3.643364,4.7260327,4.5394535,5.6824865,4.853982,4.4455,6.2830057,3.9204645,7.5358386,7.5358386,5.6393676,5.9239254,4.8038716,4.8110943,4.750957,4.741054,5.0086393,5.0044804,4.8324556,4.9235907,6.211495,6.2533946,6.2984567,6.8794894,7.2522993,7.4508996,6.8926787,6.561403,6.546073,5.7500014,5.704167,5.271998,5.6669354,5.7946925,6.5559754,5.7126827,7.2774777,7.426521,5.2621093,6.5593643,5.7492394,6.6633205,5.0248036,5.6271877,4.939908,4.5159492,7.119304,7.773148,8.051745,7.655372,6.9698477,6.7171626,6.520956,7.4557424,6.2623825,6.58928,5.812605,6.758277,8.188915,7.0840225,7.288382,6.966588,6.1667523,5.6750307,5.9689336,6.037091,7.5420513,6.780089,6.2827754,6.2523026,7.1197743,7.760443,8.709239,8.524544,6.9649253,7.0580173,7.409682,7.165991,6.6053686,5.8748446,5.680487,6.447633,6.3818917,5.686426,7.4270806,7.4271502,9.09593,9.09593,8.904243,9.20397,6.9735007,6.0764284,5.0007706,8.036975
18,4.506999,3.3359737,4.9336276,4.872639,5.9671154,5.9203525,6.698901,7.3526115,6.545308,5.671678,5.4441166,5.4253497,5.362762,4.494453,5.8929534,6.4064116,3.5101523,4.0085196,0.0,2.5006418,3.0706713,3.092556,2.4928596,1.5504911,5.2136135,3.546708,5.1438117,4.4550004,8.017636,7.758734,4.710492,4.594595,6.401315,5.8376307,4.1663594,3.5540683,5.388331,4.5367126,3.7049255,4.0147667,4.8821673,4.6976852,6.445089,6.445089,4.2157793,4.661612,3.1161635,2.9491005,5.042493,5.0495048,4.970302,4.979559,5.532976,5.162474,4.547986,5.3332615,6.524374,6.9108324,6.4794583,6.484849,6.071117,5.200124,6.1287665,4.870755,4.158629,4.0083213,4.080878,4.053424,5.1823673,4.3275285,6.4686885,6.707872,5.145941,5.6311126,5.882433,6.3470445,4.6616306,5.3584228,4.7953076,4.2201147,6.7955465,7.718325,7.4389834,7.2050576,6.2280226,6.379353,6.30775,7.4322667,5.7428737,6.481742,5.3906593,6.46832,7.8800826,6.6715264,6.942293,6.6172504,4.233863,4.460873,5.4672704,5.3767624,7.471142,6.0127544,7.103097,7.0774345,7.1677294,7.7041507,7.6618357,7.077762,6.952501,6.8941817,6.2992673,6.1128554,6.0726204,4.92987,6.369399,5.377935,5.2621484,4.9063573,6.3997917,6.752507,8.419835,8.419835,8.113799,8.425916,7.1773434,5.529489,4.2408805,7.429871
19,4.3715467,4.1514053,5.468575,5.4933567,6.2824693,6.2515235,6.370873,6.6707706,6.7840385,5.968759,5.7460756,5.7547097,5.7606144,4.980252,5.8438725,6.075965,4.2379465,4.55371,2.5006418,0.0,3.835671,3.813349,3.5627248,2.8717356,5.058838,3.0904791,5.208387,4.72062,7.649177,7.1859164,3.8162267,3.4340603,5.635487,5.547955,3.7295759,3.1851192,4.8989973,4.2322607,4.434353,4.536687,3.7760985,3.8631592,5.6685686,5.6685686,4.9519176,5.3221636,4.0790844,3.913231,6.2887797,6.2948036,6.128063,6.1386437,5.827365,5.216018,4.9835386,5.654862,6.7543836,7.3376503,6.546582,7.0214534,6.672012,6.1041417,6.097653,5.6050506,4.0765514,3.9327757,4.5253725,4.4737105,5.6022234,4.539387,6.786903,6.7677784,5.123408,5.3898797,5.493675,6.444161,4.312492,5.1329436,4.507428,4.4345613,6.587404,7.634621,7.2074704,6.903484,6.264341,6.499291,6.3460083,7.1640234,6.0561113,6.0125966,5.702719,6.56019,8.012252,6.826791,7.200255,6.9223447,4.8638635,4.950666,6.02338,5.9345717,7.8965564,5.993218,7.400599,7.370847,7.4920855,8.293806,7.8938727,6.7569304,7.340293,7.384832,6.8270483,6.647773,6.189312,4.681845,6.553293,5.5688367,5.8384266,5.223816,6.344087,6.8281736,8.70329,8.70329,8.196768,8.50929,7.7098427,5.914866,4.4297748,7.3875923
20,5.4738917,4.524438,5.808502,5.7553368,4.978382,4.927679,5.854692,6.5572476,7.413935,6.566194,6.3521237,6.3338523,6.3740993,5.6115704,6.8375244,7.249005,1.9913011,2.2480977,3.0706713,3.835671,0.0,0.37716833,1.2059666,3.361322,6.124142,4.7216287,4.763211,5.4366,7.847059,7.6640444,5.692587,4.2943425,7.2252192,6.7269654,3.858222,4.8338304,4.5462313,5.683674,4.974841,5.1492996,5.7285924,3.4685752,7.1631227,7.1631227,5.557628,5.846471,4.6865582,4.631295,4.67591,4.663607,4.3354588,4.3291016,4.7254343,4.4396462,5.3571553,6.2078876,6.298284,6.69726,7.238415,7.215118,6.795659,6.021511,5.9054136,5.835694,4.84823,4.765453,4.8656917,4.82385,5.8734555,5.104406,7.0269175,7.2618103,5.1266303,6.497237,5.5781207,7.133436,4.929284,5.510005,4.7341566,4.241363,7.23769,7.98147,8.127738,7.6982636,6.8098717,6.6604953,6.669448,7.668835,6.3572273,6.979116,5.8215327,6.89893,8.3033285,7.1583834,7.3652964,7.046706,5.1058655,4.6083255,5.447644,5.5004826,7.294017,6.1234846,6.1140127,6.085872,7.0687675,7.5788813,8.158819,7.5756392,7.043957,7.2041206,6.512882,6.2363753,6.6549892,5.681352,5.376367,6.1023436,5.94559,5.434866,7.114244,7.1701922,8.687787,8.687787,8.371345,8.712092,7.2513733,5.7127523,4.523736,8.026647
21,5.432153,4.6497836,5.7916403,5.728783,4.923855,4.878446,5.6731977,6.4928856,7.493016,6.666328,6.4546638,6.436706,6.3454537,5.5404906,6.7727013,7.252122,1.9289839,2.1200876,3.092556,3.813349,0.37716833,0.0,1.2015426,3.3515043,6.154222,4.760805,4.75227,5.431517,7.8512173,7.6778364,5.7006717,4.2928996,7.236238,6.7368565,3.8514793,4.8256397,4.50704,5.699641,4.931829,5.0789175,5.747684,3.5776646,7.1571126,7.1571126,5.6107445,5.8773856,4.728403,4.637108,4.6649137,4.652082,4.337187,4.3319306,4.676717,4.3584027,5.3663216,6.189456,6.248827,6.772591,7.202202,7.286627,6.78155,5.9998536,6.0266085,5.7794785,4.9675307,4.87973,4.9737577,4.9385047,6.019524,5.1879263,7.176368,7.4012446,5.1013403,6.504244,5.662056,7.1377544,4.9227414,5.550403,4.79268,4.257338,7.266665,8.064162,8.150554,7.740866,6.850526,6.7249274,6.69464,7.5941787,6.319803,6.9031463,5.790771,6.9109187,8.311965,7.155585,7.3688273,7.05156,5.233378,4.745882,5.5365224,5.5880356,7.3624125,6.188218,6.162414,6.1344514,7.146281,7.664036,8.27493,7.658129,7.146034,7.192948,6.639571,6.3748035,6.6351314,5.6349072,5.4127584,6.128759,6.04686,5.446679,7.090754,7.1573033,8.780555,8.780555,8.412452,8.745999,7.332304,5.8157883,4.6462283,7.957533
22,4.481163,3.7694678,4.9244313,4.8669024,4.438038,4.383972,5.33727,6.1887903,6.7003083,5.7725506,5.529102,5.508832,5.4753523,4.570239,5.9977627,6.548606,2.2269084,2.154714,2.4928596,3.5627248,1.2059666,1.2015426,0.0,2.975597,5.49857,4.420254,4.0334034,4.4619155,7.8725142,7.6904774,5.455298,4.3234043,7.0112453,6.491659,3.9054937,4.4282246,4.9509106,5.4824395,4.57921,4.3049426,5.653788,3.9354591,7.1071725,7.1071725,5.2923245,5.6080613,4.431846,4.3289757,4.7612066,4.754454,4.486381,4.4842052,4.4772687,4.60862,5.226203,5.9761906,6.3384786,6.7808056,7.0546837,7.043283,6.6443987,5.790662,6.0722938,5.526819,4.84622,4.381102,4.8405886,4.814317,5.860593,5.0834856,6.801389,7.0352035,5.2000227,6.3391137,5.7999663,6.45958,4.9728045,5.6109233,4.9065695,4.305394,6.991054,7.5490127,7.8284173,7.455908,6.6971173,6.474703,6.4289193,7.468833,5.989412,6.6464267,5.547303,6.6402035,8.097868,6.872764,7.0971293,6.765348,5.1336784,4.8094153,5.292795,5.314387,7.22044,6.3039007,6.548718,6.522445,6.9631596,7.5199733,8.190389,7.625805,6.9040737,6.988675,6.622843,6.3911705,6.334926,5.601281,5.426349,6.0237017,5.610768,5.1044035,6.784857,6.9236493,8.561276,8.561276,8.425135,8.73968,6.7961273,5.8381433,4.6798387,7.953744
23,4.9004617,4.1573863,5.044371,5.0448775,6.241823,6.2067447,6.722526,7.613653,7.1535535,6.3124757,6.1179223,6.0978646,5.7557263,4.886252,6.221218,6.7598968,3.8759825,4.4346623,1.5504911,2.8717356,3.361322,3.3515043,2.975597,0.0,5.619975,3.833486,5.475653,4.839779,8.131196,7.944277,4.978752,4.7582917,6.6413403,6.0828576,4.3455043,3.8966644,5.4106126,4.7327785,3.8810027,4.437191,5.1094265,4.8929605,6.909806,6.909806,4.556538,4.8133473,3.461528,3.2679863,4.7476606,4.7447314,4.5331264,4.541281,5.359492,4.8061266,4.2987175,5.186158,6.465366,7.2291527,6.493696,6.855916,6.0912766,5.2546496,6.619579,4.879659,3.963024,3.97261,4.0731015,4.0214157,5.19092,4.0928407,6.6407204,6.90825,5.6227126,6.2817745,6.0098424,7.103601,4.9446087,5.611179,4.7530637,4.429383,7.37972,7.877455,7.9843245,7.2909384,6.4453835,6.553152,6.9267354,7.1790705,5.706284,6.5450587,5.929179,7.017492,8.351636,7.2024417,7.3900647,7.0816836,4.6773515,4.880216,5.913469,5.8119664,8.092693,6.5799108,7.5831714,7.5595336,7.7208395,8.20924,7.7977858,7.199456,7.5981264,7.221055,6.629255,6.4647436,5.9731317,5.0049176,6.69736,5.7128453,6.1744823,5.2427616,6.535236,7.1501474,8.903488,8.903488,8.31502,8.668911,7.627441,5.8725266,4.537406,7.181718
24,4.7604723,5.1538086,5.145806,5.204135,5.864928,5.860263,6.247737,5.9174204,3.515453,4.1397605,4.938664,4.9519806,4.1321177,5.212835,4.7620606,4.8059993,6.449509,6.118653,5.2136135,5.058838,6.124142,6.154222,5.49857,5.619975,0.0,3.851343,4.5880775,4.0407476,8.227164,7.8431783,5.104958,4.9087024,3.7597208,3.4366524,5.2926025,4.43535,6.1293764,4.728975,5.039413,5.4952765,6.615165,5.77264,7.9417815,7.9417815,5.464881,6.735577,6.188851,6.313507,7.7782106,7.7901206,7.6131096,7.6483045,6.764419,7.258382,7.1309905,6.2294283,7.369081,7.8033166,7.0975695,7.2952695,7.105826,6.6315713,6.334392,6.241692,5.9618635,4.9519258,6.056312,6.0316005,6.4615955,6.3296385,6.0919213,6.0501304,6.2274947,6.130209,6.070654,5.230655,5.502643,5.771062,6.7259493,5.652434,5.482224,6.194257,6.3737583,7.515829,6.0239635,5.870881,5.8034306,6.583165,5.5614824,5.4578195,6.4062586,5.3756914,7.5683312,5.72386,5.41161,5.5937686,5.6767797,5.8061996,5.2079196,5.1217055,5.4833183,6.22671,7.415006,7.40688,5.1625786,6.3595223,6.513572,6.156759,5.0003543,5.3294277,5.8594127,5.6818,5.5193887,5.614783,6.0838146,5.9717903,5.5079575,4.8260345,3.9930255,4.563084,8.459161,8.459161,8.611775,8.869218,6.454213,7.005455,5.997575,5.917415
25,5.071706,4.659688,5.2641788,5.296872,6.0397234,6.0434546,6.4127,7.2381053,5.7121587,5.4865623,5.266127,5.2759194,4.4537754,5.468303,5.0103927,5.055729,5.166329,5.227581,3.546708,3.0904791,4.7216287,4.760805,4.420254,3.833486,3.851343,0.0,4.950951,4.4445815,7.143158,6.717795,3.2951937,3.018294,5.017588,4.7213745,3.1854794,2.3871186,5.8802133,2.1542647,3.1536818,5.000021,5.08063,3.9462974,6.684509,6.684509,3.561035,5.1213703,4.4974184,4.6659813,6.4278255,6.4345164,6.2748957,6.287624,6.254034,5.9019938,5.6186705,4.562956,5.9843354,6.580228,5.697828,6.083238,5.5656023,5.1166286,4.801044,4.7000923,4.002598,3.772911,4.07907,4.0264955,4.904653,4.6458077,5.216981,5.2069917,4.234927,4.531659,4.210192,5.389412,3.2269108,3.6462007,4.9729266,3.6292093,5.3510346,6.136989,5.4417663,6.5873227,4.603974,4.84531,4.986785,5.7218637,4.3100696,4.222943,6.216987,5.1671734,6.608656,5.5176826,5.7647295,5.4010596,3.4491708,3.612989,6.5253644,6.436597,6.768601,6.51877,7.6207814,7.614413,6.487106,7.401701,6.9024405,6.5864925,6.398415,6.518378,6.2929244,6.111227,4.32598,3.3139486,5.16805,4.036734,4.5951624,3.528845,5.4772725,5.9533825,7.7197514,7.7197514,7.2558427,7.618481,6.5628195,5.374643,3.9399035,6.141737
26,3.52611,4.7075386,4.4711423,4.560238,3.905107,3.867399,4.2344365,4.754462,5.6939945,5.321865,5.077109,5.0856476,4.0936775,4.0798483,4.67463,4.6754003,5.1263804,4.383609,5.1438117,5.208387,4.763211,4.75227,4.0334034,5.475653,4.5880775,4.950951,0.0,2.233508,8.06028,7.7387767,5.803234,4.8256416,7.0961213,6.9133897,5.1145267,5.269785,6.8614864,5.9990377,5.854037,4.503316,6.9924965,5.5825577,8.290496,8.290496,6.580534,7.977727,6.6056633,6.6871204,7.1361866,7.128413,6.8414745,6.840019,5.0634265,6.320432,7.0363736,6.863605,7.3732347,7.946362,7.82397,8.040398,7.9226184,7.3343415,6.6808534,6.894969,6.5792637,5.233673,6.563369,6.557191,7.1223583,6.769268,7.272313,7.364417,6.2881346,6.853058,6.146057,5.1954236,5.856314,6.197506,6.83088,5.5943165,7.212692,6.421397,7.4583597,8.421702,7.4689507,6.7201467,6.9396486,7.321581,6.2105746,6.4274454,6.499534,7.0576653,8.385032,7.381929,7.5982904,7.2997937,6.3629646,6.0678444,6.479796,6.484249,7.408459,8.116432,8.554366,8.524788,7.0587378,7.772908,8.749562,8.301559,6.947441,7.0183825,7.9844756,7.7925086,5.900759,6.224999,5.324795,6.7538276,6.0097566,4.8927207,6.5484753,6.943182,8.477511,8.477511,8.831253,9.078454,5.398086,6.9912205,6.042383,8.641164
27,2.6469634,3.994734,3.8101325,3.8955016,4.9646354,4.9275737,5.281758,5.758087,5.1853747,4.712233,4.4481406,4.454934,3.275953,3.1389143,4.0161214,4.1366434,5.7085485,5.274029,4.4550004,4.72062,5.4366,5.431517,4.4619155,4.839779,4.0407476,4.4445815,2.233508,0.0,8.343468,8.012077,5.4212475,5.297362,6.745949,6.5081367,5.5031366,4.7427316,7.366263,5.5092626,5.2715034,3.6808827,6.6153355,6.306722,7.9538875,7.9538875,5.9396963,7.3980007,5.895588,5.9811525,7.2250237,7.226676,7.0361567,7.041922,5.6148887,6.684576,6.5645933,6.418373,7.6001735,8.151027,7.4329653,7.6672254,7.5200095,6.8924656,7.028645,6.405295,6.292505,4.8885403,6.1915894,6.188213,6.840115,6.4395623,7.063057,7.1661906,6.5105505,6.540544,6.5675235,4.8004146,5.92771,6.30814,6.905003,5.772668,7.1392484,6.4529004,7.2343173,8.172626,7.2506676,6.707148,6.884456,7.331074,5.998177,6.337764,6.316698,6.972231,8.269461,7.2753897,7.485353,7.185889,6.0229845,6.133705,6.5061827,6.4227033,7.6948814,8.105767,9.119207,9.0908575,7.3028817,7.996831,8.53864,8.080576,7.100452,6.977526,7.9268527,7.790541,5.6765327,5.973922,6.2719026,6.4873095,5.7700434,4.7411914,6.263671,6.873756,8.434947,8.434947,8.799548,9.018934,5.601531,7.005998,6.036003,8.39645
28,8.712395,8.759012,8.7530365,8.826401,8.488408,8.507782,8.637234,8.828818,9.327717,9.179537,8.980277,9.003035,8.564343,9.121702,9.039609,8.0753,7.8050523,7.8115206,8.017636,7.649177,7.847059,7.8512173,7.8725142,8.131196,8.227164,7.143158,8.06028,8.343468,0.0,2.2075636,6.637429,6.6864386,8.188216,8.355144,6.83779,7.0606847,8.266271,7.2397337,7.911087,8.614864,8.2304325,6.996062,8.649945,8.649945,8.510636,9.284857,8.645346,8.6739435,8.384602,8.383553,8.499948,8.4974375,7.7069945,7.417991,7.9393563,6.9337263,7.3969064,7.570248,7.491778,7.7424545,8.026533,8.016362,7.5279202,7.4973454,8.176793,8.026791,7.5499086,7.625274,8.410956,7.736316,8.087581,8.125229,7.3475866,6.9546585,6.4730225,7.9760356,6.10844,6.254869,7.6685886,6.0567393,7.317938,7.7191386,7.6206603,8.40049,7.071771,7.0170326,7.317766,7.7130637,7.0016656,6.943767,5.826209,7.4165034,8.108218,7.381902,8.622928,8.372048,7.2847037,7.013914,8.936523,8.896767,8.9600315,8.597161,8.813242,8.78914,8.422245,8.617775,9.670405,8.984149,8.405387,8.531552,9.302124,8.764294,8.0321665,7.2897534,7.581452,7.3183107,7.3397536,6.755288,7.8730955,8.525568,5.725531,5.725531,4.81572,5.2451506,8.092323,7.115275,6.408792,8.51716
29,8.364602,8.431025,8.400965,8.482351,8.176826,8.180375,8.339132,8.370172,8.911699,8.785608,8.592213,8.614471,8.114175,8.6649475,8.494993,7.4893684,7.583406,7.627896,7.758734,7.1859164,7.6640444,7.6778364,7.6904774,7.944277,7.8431783,6.717795,7.7387767,8.012077,2.2075636,0.0,6.15123,6.26243,7.814376,7.9764524,6.4237747,6.683581,7.9549055,6.7390494,7.571051,8.345563,7.836703,6.7183943,8.332174,8.332174,8.109572,8.964881,8.269443,8.307418,9.053623,9.050184,9.187625,9.185099,8.503781,8.22302,8.667276,7.7131057,8.133762,8.291036,8.202784,8.410059,8.701039,8.699431,7.203836,8.200385,7.585604,7.427507,6.9137197,7.0080266,7.7039833,7.0335994,7.4568534,7.506961,6.660239,6.2704372,5.708065,7.3424234,5.6578584,5.9051614,7.3429375,5.643379,6.814895,7.3139234,6.977045,7.959581,6.681802,6.6061535,6.886515,7.3774157,6.719511,6.6399107,5.256729,6.940635,7.769469,7.0698304,8.223245,7.9611163,6.927833,6.6598682,8.626734,8.603182,8.674861,8.22279,8.589928,8.562709,8.263887,8.502782,9.157969,8.407538,7.753118,8.009031,8.778045,8.2874365,7.3506436,6.6108975,7.057581,6.7120247,6.891798,6.26309,7.552535,7.895277,5.122197,5.122197,4.0951905,4.5731244,7.5856185,6.511215,5.7428594,8.122574
30,5.6768665,5.8374467,5.6224155,5.7073627,6.506077,6.512485,6.7083282,6.8229136,6.5566587,6.407939,6.159108,6.190099,5.5281663,6.0554247,5.9614515,4.322878,5.388422,5.752621,4.710492,3.8162267,5.692587,5.7006717,5.455298,4.978752,5.104958,3.2951937,5.803234,5.4212475,6.637429,6.15123,0.0,3.2223783,4.915679,5.1984625,3.4381545,2.71719,5.9855843,3.2042189,4.7011547,5.7619767,4.610357,4.6000137,5.231614,5.231614,5.535826,6.397917,5.5595345,5.4054365,7.320908,7.320659,7.594117,7.598261,6.759645,6.373771,6.1917453,4.9045835,5.994272,6.1525035,5.354846,5.666697,6.33774,6.2039356,4.8013487,5.584523,4.56065,4.2926707,4.725522,4.877179,5.6349525,4.392238,5.1637487,5.2899394,5.0031056,3.583947,4.0053105,5.136821,3.201027,3.7713165,4.456497,3.1647415,4.503841,5.3023963,4.67561,5.7519026,4.2774506,4.284893,4.637386,5.3350544,4.1293783,4.147575,5.7728105,4.6359725,5.741541,4.6079946,6.567561,6.260058,4.8994827,4.962627,7.1578226,7.065715,7.6348844,6.3918486,7.5616918,7.5304794,7.028834,7.169542,7.712857,6.594029,6.369245,6.3736606,7.461001,6.9016724,5.7528315,4.654996,6.218316,4.6528115,4.652608,4.0473356,5.3693933,6.0404377,7.8602405,7.8602405,7.5392094,7.787408,6.058473,4.5009847,3.4569123,6.3717594
31,5.5293922,5.789759,5.4517155,5.5694423,5.906728,5.918961,5.699875,6.2569532,6.5022907,6.3446484,6.109782,6.140554,5.87879,6.355546,5.7885375,5.2724004,4.7621284,4.745296,4.594595,3.4340603,4.2943425,4.2928996,4.3234043,4.7582917,4.9087024,3.018294,4.8256416,5.297362,6.6864386,6.26243,3.2223783,0.0,5.3157372,5.591964,2.7197037,3.3350654,5.241562,3.9548736,4.7048774,6.1338377,4.885744,2.8953142,6.635314,6.635314,5.682468,6.4492517,6.198762,6.050541,7.0450716,7.0403924,6.853651,6.857361,5.6814065,5.335764,6.0091434,5.296102,5.747625,6.4693465,6.323158,6.6489234,6.733717,6.1786723,4.648032,5.8906035,4.8720613,4.5511847,5.143249,5.1149735,5.576681,5.1260157,5.8292313,5.900976,4.168791,5.3540444,4.4203496,6.1489186,3.7372987,4.377177,5.0119467,3.534514,5.0326657,5.837146,5.4741673,6.314288,5.1398253,4.9152107,5.165543,5.7773976,4.595275,4.5548387,6.2791266,5.2421193,6.8155932,5.4236016,6.00606,5.677937,4.726634,4.289325,6.7274003,6.7068024,7.2652326,6.5044637,7.21419,7.20599,6.7372394,7.5492864,7.5922546,7.009795,6.8387284,6.9637833,6.739229,6.5002484,5.429482,4.192056,4.7148147,4.8703713,5.295019,4.4902143,5.744018,6.3887506,8.228628,8.228628,7.7429013,8.12214,7.0034404,5.8915334,4.3312144,6.834794
