,0,1,2,3,4,5,6,7,8,9,10,11,12,13,14,15,16,17,18,19,20,21,22,23,24,25,26,27,28,29,30,31,32,33,34,35,36,37,38,39,40,41,42,43,44,45,46,47,48,49,50,51,52,53,54,55,56,57,58,59,60,61,62,63,64,65,66,67,68,69,70,71,72,73,74,75,76,77,78,79,80,81,82,83,84,85,86,87,88,89,90,91,92,93,94,95,96,97,98,99,100,101,102,103,104,105,106,107,108,109,110,111,112,113,114,115,116,117,118,119,120,121,122,123,124,125,126,127
0,0.0,5.9038243,3.9522338,3.9153976,4.5466185,4.5072746,4.138066,4.1216135,4.798626,4.890715,6.1559453,5.1123405,4.994432,5.898033,6.925491,6.7887387,7.771187,8.078636,8.033481,8.124563,5.699803,6.8406873,7.46126,7.7025356,6.364306,7.6950207,6.834203,6.5867257,7.5215573,7.6321135,8.898691,8.579236,6.5058227,5.928834,8.061437,6.1225076,6.6747837,7.0824585,7.844255,8.34902,8.393201,8.814594,7.269427,7.120789,8.233217,7.8634586,8.901123,8.762011,7.895181,6.2390313,7.647072,6.4750557,8.310086,7.673159,7.6861,6.617721,7.9717817,5.8662233,7.838038,6.772353,7.4023046,6.6877747,8.155823,6.868799,7.2601357,7.100522,8.427213,6.71559,7.7370105,7.967739,8.23359,7.8492503,7.3527064,7.759542,7.464995,7.409044,7.0092697,6.6937513,7.3350387,6.7849407,7.6759963,6.872261,7.496782,7.4442987,8.141318,7.423038,7.107803,6.690664,7.9780226,7.9394565,7.3087955,7.406362,8.999609,7.5412374,8.765494,8.432454,7.6573195,7.979135,8.61601,9.097008,9.2351675,8.074667,8.93924,7.899178,6.943152,7.156731,7.3051624,7.9803123,7.3664393,7.043014,7.2621,7.3840046,6.72633,7.360762,5.722282,5.4059143,8.291221,7.9820924,6.74462,6.1868353,5.601242,6.1907024,5.115223,5.1088147,6.204658,7.1283703,6.641083,6.4028378
1,5.9038243,0.0,5.020641,5.019965,5.0633864,5.000809,6.2493644,5.9748473,6.040448,6.0017114,6.778271,6.4891376,6.279551,6.6490173,6.9165897,7.258995,7.8248262,6.302045,5.5795016,5.7489076,7.0124526,5.479856,5.370925,7.677698,6.0161343,7.2971582,6.46034,6.148239,6.5350842,6.034288,6.7845984,7.70914,6.62417,7.81064,8.915029,6.985377,7.9589396,8.0257845,6.1679254,6.3049736,6.2209496,7.3685036,6.1693645,6.198639,6.806781,6.0684233,7.071552,7.1982346,6.293366,6.031049,6.1072803,5.398931,6.539314,6.508431,5.586087,5.5453324,5.9138722,6.3452215,5.860525,5.5315933,5.6117525,5.7394695,7.2537026,6.098731,5.2549243,5.0722327,6.8833203,5.671049,4.7571154,4.9396586,5.838506,6.0610137,4.106553,4.7429743,4.3780203,5.4423122,4.1476345,4.376923,5.5763144,4.7637405,7.0648956,4.7381897,4.34296,4.984774,6.7953634,5.8481812,5.5431213,4.873777,6.3730702,6.451737,5.350613,5.326911,7.289989,5.335761,6.0058,5.706791,5.77301,5.6254478,7.1362805,7.2447968,7.9007015,7.111862,7.6480975,6.107853,5.445746,5.698682,5.4822187,6.5641294,5.415591,5.725011,6.759931,6.0751514,3.669711,3.6497846,4.3007035,4.043875,6.3547153,5.5255,4.140974,3.9737318,3.9607816,3.7434196,3.4993594,3.5095403,4.3511076,4.2028356,4.3524404,4.655388
2,3.9522338,5.020641,0.0,0.1068507,3.1726053,3.1338625,3.8985913,3.05474,4.6673846,4.6543455,5.501388,5.1019425,3.8484888,4.732668,5.3706417,5.8614955,7.6866584,7.8842,7.757877,7.7452703,5.4427323,7.3270535,7.33476,8.610827,5.596471,7.128584,5.5387287,5.5419946,6.3020773,6.5307245,8.880391,8.060955,7.7203383,7.122938,9.546582,7.2390795,7.1263766,7.447072,7.211152,7.7952685,8.552828,8.083866,7.5164285,7.399683,7.864664,7.5048676,8.17502,8.632125,8.184381,5.7750297,6.79289,6.214428,7.8356905,8.72605,7.2705355,6.2751703,7.406891,6.5414734,7.457809,7.421707,7.9517684,7.1690197,8.315767,6.82506,7.041881,7.037071,8.180016,7.4910316,7.054207,6.712322,7.6203227,7.297777,6.7524433,7.168291,6.7916703,7.652404,6.7396383,6.6945496,7.3795047,6.860673,7.4918795,6.6328883,6.0582175,6.6252003,7.388437,7.283871,6.5221243,6.066165,7.4803762,7.646897,6.4843,6.285348,8.777009,7.45664,7.9757433,7.0998335,7.558932,7.3848267,8.35607,8.398619,8.732963,8.210141,8.796022,7.826587,6.7929277,7.1776924,6.1628785,7.1625547,6.472871,8.00641,7.6333027,7.3200893,5.6996827,6.2969027,5.532482,5.5119853,7.498127,7.2354436,6.0393744,5.61408,5.187649,6.198723,5.240409,5.239428,5.545712,6.2159705,6.0813107,5.885464
3,3.9153976,5.019965,0.1068507,0.0,3.18761,3.132069,3.8879967,3.027481,4.650944,4.642253,5.5240135,5.0882945,3.8339398,4.7352867,5.365027,5.844762,7.6801953,7.8677893,7.755507,7.744581,5.406847,7.297575,7.311193,8.576259,5.631762,7.145357,5.5884404,5.572925,6.318291,6.5463376,8.874538,8.071395,7.6744037,7.088018,9.514021,7.1981716,7.1117215,7.418326,7.186525,7.7964277,8.533645,8.079054,7.4957895,7.3567243,7.8414927,7.481515,8.156819,8.639023,8.167539,5.7653975,6.796119,6.2070093,7.8282313,8.707409,7.2612567,6.266394,7.396535,6.5241046,7.443507,7.4021745,7.9412346,7.1608357,8.284588,6.7973747,7.0418897,7.0354624,8.178899,7.483767,7.0425944,6.6884995,7.6074834,7.275613,6.7621937,7.199188,6.799541,7.651239,6.7430606,6.6889954,7.4070883,6.855663,7.49172,6.6422205,6.0720196,6.6030054,7.4117503,7.3059545,6.503593,6.0615387,7.4831805,7.6381736,6.487947,6.291999,8.795562,7.4715176,8.004384,7.1288676,7.5518293,7.387237,8.357265,8.408687,8.74652,8.210575,8.799397,7.8326654,6.8061013,7.18753,6.1857715,7.1786656,6.496924,8.014673,7.626359,7.3203373,5.7276106,6.3251424,5.545671,5.499217,7.49225,7.227188,6.054355,5.6362724,5.1957355,6.2050633,5.2343397,5.2327356,5.5698986,6.2406507,6.0987697,5.908692
4,4.5466185,5.0633864,3.1726053,3.18761,0.0,0.94522285,3.9322193,4.348228,4.4189725,4.3427315,5.4771137,5.59584,4.2244477,5.0371885,5.6412005,5.9669886,6.578553,7.078099,6.8020754,6.6515155,6.4400167,6.8215423,6.666724,8.906742,4.9855485,6.736851,5.616136,4.648739,6.544076,6.75256,8.306115,8.039196,7.5016108,6.6888137,8.818067,7.1850815,6.530465,6.75208,7.004377,7.406982,8.026354,7.454747,6.7402086,6.8225775,7.823445,7.715932,7.9871874,7.911834,7.8093905,6.0702763,6.925886,6.5994177,7.336752,8.42837,7.4481983,6.5470595,7.257633,5.7697687,6.2980604,6.7085357,7.592275,6.9359436,8.41834,6.522234,6.3842473,6.4344096,7.8689103,6.804842,6.377186,6.904883,6.887548,7.4957385,6.46137,6.7653866,6.350548,7.2405,6.487146,6.7804503,6.8671794,6.9526362,8.472024,6.675443,6.0003333,6.9474134,7.852347,6.8673463,6.670955,6.286895,8.003496,8.091514,7.128562,6.907382,8.566499,6.8046703,8.043423,7.4861655,6.3324475,6.1818347,7.446695,7.5225387,8.1651325,7.5333266,8.0182495,6.66626,7.1236115,7.492515,6.727776,7.865777,7.071564,7.0346093,7.126775,6.431533,5.7871003,6.5008163,6.0957565,5.9612007,6.8683734,7.118206,6.8349557,6.0730696,6.136456,6.3940363,5.472696,5.4716263,6.358815,6.692224,6.8330746,6.6680794
5,4.5072746,5.000809,3.1338625,3.132069,0.94522285,0.0,4.056711,4.2513156,4.5637627,4.4882755,5.4673853,5.6005106,4.3376107,5.183535,5.6989164,5.9424596,6.608388,7.038309,6.9010563,6.716981,6.2260485,6.7734246,6.7112856,8.90896,5.2980905,6.8529825,5.9018874,4.9833784,6.7230186,6.8951006,8.548185,8.217189,7.4616375,6.6233635,8.780246,7.122838,6.4550023,6.6961107,6.976369,7.2351036,8.018444,7.7347665,6.7048717,6.691215,7.815568,7.7158256,7.9582214,7.994619,7.945854,6.199704,7.1428623,6.7402444,7.5764003,8.451742,7.602433,6.7224855,7.2926636,5.8947816,6.43248,6.8210397,7.719372,7.0833244,8.389332,6.3323736,6.5290008,6.5570946,7.9578505,6.8887653,6.5103817,6.8289566,7.031497,7.5506005,6.5999203,6.9172516,6.4661846,7.3907647,6.579014,6.877709,7.110705,7.0524125,8.583668,6.8556857,6.196364,6.9469967,8.023191,7.0940127,6.8275194,6.4824777,8.019325,7.9354105,7.1877007,7.0083733,8.751406,6.8842587,8.177192,7.5552163,6.408553,6.351464,7.4742475,7.638197,8.362433,7.5895925,8.03784,6.737748,7.248271,7.612834,6.989674,7.992694,7.3759913,7.2349653,7.347833,6.682572,6.020441,6.656844,6.249915,5.8604255,7.2232947,7.291119,6.891474,6.2057037,6.2019114,6.4890895,5.5359583,5.5367103,6.4245415,6.7391925,6.8497224,6.72253
6,4.138066,6.2493644,3.8985913,3.8879967,3.9322193,4.056711,0.0,2.9838047,5.0008135,4.9089127,4.9037337,4.7298775,4.1782246,4.429701,5.6064095,5.1204286,6.228746,6.7363625,7.0799785,7.4307833,5.118447,6.872581,7.4695773,7.418729,5.8234677,6.943869,5.8805304,5.5470114,6.5944014,6.7637544,8.386319,8.100722,7.471972,6.563828,9.557863,6.9693303,6.1640787,7.0445046,7.101439,7.9197626,8.713622,8.791496,7.0988045,6.6318917,7.478388,7.3134785,7.63856,7.9504704,8.331375,6.2374167,7.4690895,6.4283686,7.1361623,8.801822,7.075526,6.4326916,6.8443136,5.716335,7.1773925,6.744128,7.8482394,7.1890283,7.915819,6.9649444,8.029153,7.6839786,9.329582,6.6677494,7.991412,8.096633,7.973029,8.811394,7.672064,8.081638,7.720427,8.506875,7.1297617,7.629002,7.8600874,7.862737,8.346486,7.761691,7.109769,6.825679,8.046487,7.527752,6.8605247,6.458792,7.8373938,7.8951235,7.809384,7.5682917,9.928332,7.8218236,8.787723,7.7382793,7.339632,7.8461485,8.008636,8.743707,9.929639,8.752307,9.444139,8.138658,6.3841643,6.4009523,7.156349,7.887729,7.276026,7.7869153,7.549333,7.2423453,7.0991335,7.856113,6.917233,6.6995974,7.260163,8.598757,7.379246,7.0174403,6.389753,6.9983883,5.92068,5.9186444,6.8287506,7.322925,7.2072353,6.9345326
7,4.1216135,5.9748473,3.05474,3.027481,4.348228,4.2513156,2.9838047,0.0,4.7227263,4.7388353,5.133204,5.4292507,4.130709,5.3557234,6.1454415,5.8745522,7.6311603,7.9577355,8.32527,8.559989,5.1264305,7.6318383,8.280366,8.38935,6.4611692,7.2486825,6.5341096,6.4564886,7.202715,7.3391113,9.594412,8.775879,7.811803,7.4660716,9.937647,7.7069674,7.0748057,7.996212,6.357483,7.8724637,9.300064,8.887116,6.946176,6.686417,8.251711,8.068769,8.346197,8.350262,8.94062,7.0041003,8.342615,7.1952643,8.629471,9.319005,7.949679,7.351094,7.621685,6.879157,7.5147786,7.6196275,8.627612,7.983018,8.147817,7.488951,7.821399,7.438234,9.123933,7.1309433,7.71537,8.159007,8.61227,8.785411,7.7788916,8.222394,7.8334355,8.637833,7.5607967,7.694741,8.426418,7.92885,8.076988,7.797454,7.2312717,7.0975943,8.163048,8.091078,7.1412416,6.911153,8.363846,8.43646,7.763166,7.650787,10.158085,8.258225,8.881056,7.8367186,8.020472,8.464078,8.264067,8.88769,9.61025,8.36963,8.990546,8.080025,6.907987,7.091023,7.5256057,7.6991224,7.7679973,8.307999,7.7269793,7.398134,7.142106,7.692456,6.797893,6.722081,8.0963955,7.901081,7.2709875,7.0135603,6.1736364,7.3242345,6.026714,6.020257,6.5718317,7.130112,6.9454165,6.960159
8,4.798626,6.040448,4.6673846,4.650944,4.4189725,4.5637627,5.0008135,4.7227263,0.0,0.6900031,4.4765472,4.602446,2.6149547,4.450454,4.8008137,5.229639,6.0378876,6.988299,6.5051804,6.481374,5.20561,6.86719,6.852451,7.32795,4.4400663,5.3022423,5.022483,4.426263,4.840922,5.2065916,7.5521913,5.997491,6.8034716,6.770901,8.38238,6.647642,5.152565,5.86252,6.448444,7.1953063,6.57834,7.317868,5.9556828,6.1166506,6.9524093,6.271196,7.1261415,7.2218657,6.266272,5.6596913,6.291531,5.8070292,7.812627,8.310807,6.6562696,5.806166,7.6374664,5.5351944,5.998645,6.4601564,6.588795,5.8048034,6.7675242,7.251776,6.198236,5.541995,7.4366655,5.7279687,6.3766737,7.3716044,7.00082,7.7243867,6.118697,6.509396,6.2142234,6.563976,5.9767785,5.8348684,6.706894,6.0535407,7.4956303,6.2824616,5.7440143,6.512367,7.222136,6.4730206,6.347342,5.633978,7.9658823,8.131848,6.640909,6.6679635,8.1044445,6.897517,6.9182205,6.9553895,6.78218,6.6561513,7.350021,7.35359,7.786128,6.968843,7.612145,6.4621367,6.288033,6.3581448,6.7695184,7.0459995,6.859936,6.7930927,6.2138124,5.8671,5.401202,6.182489,5.153598,5.1811295,6.721628,6.106137,6.1629024,5.442477,5.1420074,5.8041205,4.458669,4.441169,5.5955005,6.2423697,6.1416073,5.9379425
9,4.890715,6.0017114,4.6543455,4.642253,4.3427315,4.4882755,4.9089127,4.7388353,0.6900031,0.0,4.325477,4.6355042,2.6064944,4.471384,4.7557955,5.1833186,5.9576507,6.893734,6.478916,6.3857102,5.2434983,6.8957133,6.88546,7.3965497,4.318093,5.158799,4.9317694,4.3118486,4.7554407,5.121248,7.517572,5.9190044,6.920659,6.863371,8.636965,6.7590466,5.182813,5.922655,6.563598,7.1253014,6.6872396,7.649015,5.975029,6.184673,6.997468,6.302905,7.1905947,7.243361,6.4019303,5.7632675,6.3692408,5.9184575,7.855727,8.452351,6.7651434,5.913744,7.661817,5.656574,6.08944,6.5842557,6.714916,5.925301,7.0662456,7.323679,6.2473073,5.6256175,7.759586,5.7253065,6.5014944,7.467335,7.091555,7.8375835,6.2074966,6.5208116,6.308204,6.703121,6.043588,5.9759755,6.7381234,6.191132,7.851263,6.3859463,5.7528157,6.594108,7.4681754,6.5471854,6.4855227,5.635123,7.9279947,8.079774,6.6704803,6.63205,8.20721,6.8254747,6.8454647,6.8507924,6.844627,6.718698,7.627538,7.6451783,8.079441,7.2161303,7.8480973,6.4254436,6.291812,6.353733,6.761282,7.2953796,6.8867073,6.8646812,6.268306,5.929595,5.420828,6.1936183,5.175978,5.1949735,6.7826285,6.49624,6.1663346,5.4636745,5.1728096,5.8412004,4.5289183,4.5137205,5.5571237,6.1840167,6.1149554,5.908644
10,6.1559453,6.778271,5.501388,5.5240135,5.4771137,5.4673853,4.9037337,5.133204,4.4765472,4.325477,0.0,3.753834,4.537306,4.918711,4.873912,4.3655076,5.3541193,6.5445647,7.135096,7.267629,5.37084,7.41614,7.8501697,7.5121193,5.3751755,5.1901913,4.879296,5.269186,5.2547674,5.2956038,8.10176,6.1432037,8.083413,7.4840903,9.58743,7.5565248,4.8712687,6.3627706,7.3631816,6.537734,7.757418,8.995225,6.867552,7.3851852,7.6974382,7.024922,7.613931,6.9021134,7.5748053,6.4302015,7.241144,6.143466,7.922691,8.577583,7.145954,6.2877045,6.8733983,5.924994,7.447779,6.941787,7.2358856,6.5202403,6.7780204,6.947085,7.656169,7.608405,8.762839,5.9039054,8.804916,8.286229,7.9828143,8.914675,7.168227,6.885015,7.358673,8.129838,6.138879,7.2340975,7.081371,7.4126883,8.804797,8.031858,6.9495645,7.0710135,7.73895,7.603644,7.9885964,6.9838386,7.418235,7.375063,7.260111,7.2674503,8.454783,6.500247,6.8144484,6.090516,7.219695,7.787582,7.4603534,8.221767,9.021859,7.3969793,7.533041,6.5967865,5.862101,5.8319445,7.3848267,7.7323327,7.4708986,7.5668592,8.028308,7.4257274,6.49268,7.09952,6.4335456,6.351783,7.9831915,8.2455225,6.5700235,6.249016,5.555849,6.544114,5.363085,5.375795,5.5027733,5.88839,6.0143456,5.649764
11,5.1123405,6.4891376,5.1019425,5.0882945,5.59584,5.6005106,4.7298775,5.4292507,4.602446,4.6355042,3.753834,0.0,4.3586454,3.7707188,3.8621337,3.1780217,4.6885595,5.9084625,6.515802,6.8844986,3.4735463,5.7247863,6.194828,5.7260466,5.2505636,5.075539,5.2213387,5.209719,4.5078225,4.6814966,6.9948955,5.560542,6.7950063,5.5290265,7.999977,5.301168,3.8248966,4.2719936,7.444488,6.834267,6.3833075,8.649601,7.107301,7.069148,6.3688674,5.498807,6.7410245,6.7957125,5.935711,4.3642683,5.7644076,4.054865,6.455119,6.590276,5.6215024,4.17637,5.525572,3.7327862,7.381563,5.4334226,5.6137633,4.675609,5.92273,4.9703655,7.3247256,7.4825296,7.996941,6.0032215,8.172468,6.7584968,6.8693223,7.2200956,6.26473,6.7823095,6.4976172,6.962706,5.3451476,5.915626,6.7922535,6.133494,7.957799,7.0871453,6.863891,5.5601106,7.608562,7.363109,7.00771,6.334007,5.7576447,5.77513,6.38405,6.366189,8.137619,6.187966,7.114032,6.561059,6.380731,7.0585055,7.461621,8.266064,9.411302,7.9514985,8.358404,7.3835444,5.6258965,5.6218386,6.7227826,7.6200843,6.6912293,6.903784,8.256667,7.817597,6.088416,6.924029,5.905175,5.5358014,7.7175684,7.9747386,6.2320523,5.659572,5.080729,5.716216,4.529452,4.5338507,5.6688685,6.277721,6.0877404,5.346269
12,4.994432,6.279551,3.8484888,3.8339398,4.2244477,4.3376107,4.1782246,4.130709,2.6149547,2.6064944,4.537306,4.3586454,0.0,3.0091782,3.7904696,4.442777,5.7297516,6.589457,6.5691037,6.4207892,4.4546704,6.6295176,6.6348495,6.941352,4.359709,4.949683,4.458657,3.9355736,4.3938417,4.8136864,8.143875,6.5469384,7.0751314,6.236157,8.58665,6.5331807,5.13815,6.1916842,6.350052,6.862954,7.3208976,6.9642525,6.2489986,6.204638,6.1447515,5.909497,6.34082,6.823481,6.649895,5.1295567,6.1882205,5.700939,7.0279307,8.746161,6.4403195,5.7027464,6.848967,5.5518847,6.016893,6.594696,7.191467,6.378012,6.7280273,6.8796487,6.250415,5.8122187,7.539103,6.2110267,6.724549,7.058149,6.9551883,7.4652667,6.4992886,6.8672876,6.387951,7.091308,6.442505,6.2973914,6.878036,6.4400835,6.9909964,6.345569,5.6649113,6.263322,6.637556,6.180145,5.9594274,5.3883786,7.077297,7.244594,6.0719633,5.7853656,8.449872,7.0729117,7.1727514,6.2278204,6.582808,6.372007,7.027977,7.002518,7.9097395,7.313847,7.9864964,6.8668256,5.943833,6.179643,5.7348022,6.3149905,6.237201,7.2744255,6.04134,5.909124,5.7998776,6.4831467,5.3721747,5.3309197,6.75816,6.8895636,6.196682,5.574776,5.322729,6.006937,4.9000864,4.888945,5.7872944,6.3697987,6.2410507,5.9925723
13,5.898033,6.6490173,4.732668,4.7352867,5.0371885,5.183535,4.429701,5.3557234,4.450454,4.471384,4.918711,3.7707188,3.0091782,0.0,3.7925022,4.408477,4.472266,6.4242826,5.526951,6.402926,3.5619986,6.0578737,5.8909764,6.131843,4.435884,4.867612,4.2552905,3.8878374,3.5912702,4.0880013,7.524938,5.828514,7.5372562,6.018328,9.213585,6.2102227,4.623766,5.670559,7.0365443,7.3923907,6.8970103,7.6649837,7.280244,7.0288663,5.504632,5.153552,5.7090807,6.5709643,6.157139,4.1352487,5.08837,4.4521294,5.95483,8.152924,5.3973074,4.595981,5.894838,4.753104,6.528377,6.1688347,6.5473275,5.7271214,6.783734,6.1923795,7.0798593,6.7667685,8.035415,7.0285873,7.334527,6.3718395,6.4850235,7.3498,5.926008,6.376102,5.8631425,6.7746854,6.004404,6.0507784,6.4710603,6.24395,7.0820403,6.4824877,5.9812427,6.0661426,6.589168,6.159712,5.911466,5.77069,6.4875774,6.6836085,6.5326614,6.055859,8.764982,7.4217362,7.3499713,6.411636,6.432498,6.2432194,6.94992,7.0128593,8.509539,8.467054,9.14874,7.8825974,5.9201627,6.0424523,5.800898,6.4721417,5.4800987,7.048786,7.2062917,6.5608253,5.861396,6.6412597,6.262523,6.1089497,6.7707787,7.43269,6.6316566,5.793191,5.8666906,6.0902925,5.363177,5.3707376,6.528608,6.9998,6.9153566,6.3134117
14,6.925491,6.9165897,5.3706417,5.365027,5.6412005,5.6989164,5.6064095,6.1454415,4.8008137,4.7557955,4.873912,3.8621337,3.7904696,3.7925022,0.0,2.1767507,5.4335203,5.6854243,6.5699277,6.0724096,4.9978194,7.17566,6.4918656,7.028782,4.638911,4.863844,4.566428,3.870785,3.7606127,4.3345413,7.3675413,5.200303,8.393265,7.379497,8.773582,7.171559,5.1205306,5.928422,7.9996557,6.7425656,6.9201794,7.917223,7.9178305,7.712315,6.3860254,5.625011,6.193971,6.9702926,6.3648744,4.593783,5.40529,5.0232763,6.4222913,8.717549,5.5480905,4.7528615,6.3614783,5.296422,6.788103,6.661241,6.5615506,5.5985403,6.494944,6.5925775,7.1124163,7.1856556,7.7135463,6.6142697,7.2933364,6.7784786,6.320555,7.3583317,6.7919617,7.4302044,6.860152,7.434867,6.0043993,6.5197515,7.4499035,6.5905857,8.266747,7.5325937,6.717794,6.1739507,7.680735,7.4702344,7.580607,6.738326,6.022729,6.237432,5.87762,5.655137,8.072219,7.1338305,6.379462,5.521337,7.0299926,6.8932195,7.6009336,7.661785,9.659729,8.768853,8.765121,8.039633,6.3759336,6.4142275,6.5065517,7.2056823,7.1071186,8.382496,7.838108,7.643078,6.206167,6.9602976,6.2262015,6.0166807,7.7582355,8.061141,6.574336,6.027819,5.9721074,6.35844,5.620608,5.615274,6.2794814,6.6510725,6.795575,6.1418624
15,6.7887387,7.258995,5.8614955,5.844762,5.9669886,5.9424596,5.1204286,5.8745522,5.229639,5.1833186,4.3655076,3.1780217,4.442777,4.408477,2.1767507,0.0,4.829705,5.0888896,6.8951774,6.542511,4.6542516,6.7933526,6.8392696,6.649961,5.5553813,4.9061627,5.592331,4.790161,4.8060617,5.104971,7.387909,5.7753253,7.971888,6.8827176,8.340992,6.692733,4.5293546,5.295362,7.7595544,6.4391627,7.2193456,8.7181835,7.577237,7.329911,6.711445,5.9684653,6.49533,6.7846165,6.822861,5.472618,6.6154227,5.526529,6.651376,8.442724,6.092429,5.3214846,5.9722185,4.9080024,7.2209315,6.3663254,6.779454,5.9666014,6.2028646,6.1648307,7.7131743,7.8138027,8.181168,6.124088,8.11295,7.5000825,7.063171,8.095866,7.360076,8.003658,7.4919624,8.099922,6.3621674,7.122891,8.08457,7.2989697,8.917704,8.253563,7.4945135,6.0173593,8.32224,8.088216,8.06156,7.225918,6.0871897,6.0990744,6.763631,6.617823,8.638574,6.9451146,7.1184034,6.2223396,6.8593087,7.4591713,7.4748435,8.233657,10.364286,8.686537,8.694175,7.988804,6.3789253,6.2333107,7.3666286,8.027792,7.9229507,8.354953,8.468723,8.214941,7.1400876,7.8988256,6.9672337,6.5644283,8.264616,8.76339,7.266672,6.8774214,6.462613,6.926442,5.904831,5.8996,6.7694993,7.077066,7.1511445,6.5497437
16,7.771187,7.8248262,7.6866584,7.6801953,6.578553,6.608388,6.228746,7.6311603,6.0378876,5.9576507,5.3541193,4.6885595,5.7297516,4.472266,5.4335203,4.829705,0.0,4.7959194,4.890387,5.951994,5.344897,5.1280117,5.4624767,5.7553177,6.13464,4.677237,6.6330557,5.2470775,5.3505797,5.320582,6.931267,5.9570713,6.973225,5.5090494,8.530877,5.6536527,3.1058962,4.161084,7.1049685,6.4281673,6.3403773,8.954868,6.551579,6.6061015,6.0280523,5.605175,6.021447,5.421881,5.7987666,6.2407813,6.7890034,5.8092556,6.1013465,7.570876,6.3459287,5.829822,5.604331,4.057897,6.461598,5.2857394,6.4010496,6.176148,6.716024,5.608139,7.296462,7.3883514,8.480561,6.1382046,8.347054,7.276774,6.5419574,8.1232395,6.4098773,6.686826,6.3525724,6.9881725,6.138781,6.769864,6.831575,6.983018,9.535873,7.9800444,7.487631,6.7459383,8.521463,7.235383,7.628179,7.3145185,6.8181057,6.640443,7.979052,7.529714,8.978203,6.810801,7.7735853,7.445094,5.247566,6.085482,6.4119673,7.32539,9.365661,8.335162,8.733634,6.9780626,6.80362,6.693083,7.7536135,8.700245,7.4715405,6.4265623,8.014691,6.9548645,7.58259,8.260389,8.065186,7.553851,7.696285,8.702554,8.349082,7.5758896,7.681094,7.289864,6.502369,6.512616,8.157791,8.221104,8.29976,7.8102946
17,8.078636,6.302045,7.8842,7.8677893,7.078099,7.038309,6.7363625,7.9577355,6.988299,6.893734,6.5445647,5.9084625,6.589457,6.4242826,5.6854243,5.0888896,4.7959194,0.0,4.388753,3.5631366,6.9833517,4.58241,4.896667,5.3502655,6.580505,6.0136924,6.9770455,5.829254,5.992176,5.38792,5.9947934,6.888401,6.1666927,6.3334007,7.6034174,5.7382393,5.465631,6.0342255,6.6606297,4.3050723,5.524397,7.9566154,5.615628,5.354726,5.1446486,4.5309963,4.935271,5.0183845,5.3449154,6.5704517,6.6700287,5.8932147,4.74007,6.9694233,5.146778,5.5316744,4.695205,4.844741,5.383015,4.193355,5.4901195,5.922596,5.700777,5.5274367,6.190282,6.2240896,7.152837,3.9159505,6.973195,6.6510105,5.6415877,7.328158,6.0937996,6.6155767,6.0741777,6.762574,5.0141377,5.9569135,6.4593635,6.194322,8.564087,7.020628,6.3706613,4.9955907,7.5602846,6.3712573,7.038838,5.980984,4.917649,4.6503406,5.972176,5.727808,7.7118864,5.03059,6.284674,5.6380105,4.3629346,5.3028855,5.77685,6.773023,9.447321,7.5210176,7.7098956,6.203794,5.093783,4.9125013,6.339295,7.511975,7.1012383,6.3518963,6.9427123,6.681409,6.8156695,7.1585984,6.6918397,6.0021954,7.0534587,8.303991,6.634521,6.5907025,6.510911,5.7613964,5.4112954,5.411301,6.758852,6.4277215,6.5681577,6.4140015
18,8.033481,5.5795016,7.757877,7.755507,6.8020754,6.9010563,7.0799785,8.32527,6.5051804,6.478916,7.135096,6.515802,6.5691037,5.526951,6.5699277,6.8951774,4.890387,4.388753,0.0,3.291016,6.912641,4.544726,3.9027796,5.507611,5.807117,6.342412,6.2405653,5.28775,5.0546036,4.509691,4.957091,5.9553447,6.5175624,6.978571,8.946702,6.1452045,6.0501323,6.4403763,6.7749624,6.4372735,4.134365,7.360711,6.2541,5.937499,4.6562757,3.6385765,4.6408916,5.687439,4.1686926,5.713274,4.7120547,4.7108297,4.498567,6.7113757,3.951604,4.589528,5.433287,5.101433,4.939892,4.3963223,4.4392176,4.997847,6.3908334,6.278936,6.1447487,5.4884934,7.225845,5.547842,5.9088073,5.468046,4.74634,6.9922605,4.0189247,4.5573397,4.062733,5.056899,4.028647,4.5198207,4.8701186,4.915554,7.4999275,5.4798636,4.8666334,5.2883396,6.5199986,4.8192453,5.482356,5.011185,6.362874,6.37683,6.4287825,6.0822377,7.6602106,6.0693784,6.093131,6.225845,4.7375093,4.385897,5.9235945,5.9326005,8.062021,7.964889,8.626506,6.7470384,5.3436794,5.1457343,5.9045033,6.7231917,5.211055,5.172889,6.508702,5.4911914,5.186802,5.563276,6.274126,5.7982926,5.4329104,6.5932918,6.12572,5.597489,6.1414123,4.838209,4.9775925,4.9912596,6.703949,6.469058,6.628171,6.369124
19,8.124563,5.7489076,7.7452703,7.744581,6.6515155,6.716981,7.4307833,8.559989,6.481374,6.3857102,7.267629,6.8844986,6.4207892,6.402926,6.0724096,6.542511,5.951994,3.5631366,3.291016,0.0,7.7518725,5.560573,4.965428,6.650287,5.172807,6.24352,5.751978,4.862253,5.157823,4.639606,5.9848647,6.645924,7.013454,7.131968,8.121251,6.6863737,6.2065477,6.755201,7.348281,5.225573,4.4234667,6.94729,5.9931107,5.915902,4.892433,4.338843,4.730599,5.6264887,4.825437,6.096013,5.400139,5.811125,5.1753182,7.35192,4.924417,5.3678975,6.245246,5.5431614,4.7779365,4.952225,5.065446,5.4262037,6.8045545,6.649611,5.5423403,4.8128514,6.469209,4.7138877,5.5014095,6.412089,5.1816144,7.2085156,5.0685253,5.3608503,4.8993497,5.7349315,4.548267,5.008806,5.1491847,5.26211,7.522934,5.2323446,4.800875,5.3418245,6.3433585,4.4955673,6.1813755,4.86364,5.749293,5.742349,5.1938214,5.1229143,7.072554,4.989061,5.4194274,5.3935447,4.66735,4.0654397,5.9461966,5.734411,8.323728,7.4561872,7.883023,6.2154074,4.9470706,5.001899,5.366693,6.437353,6.262873,5.807176,6.110076,5.978253,5.1310863,5.412435,5.3671184,4.8667374,6.276555,7.3119874,5.4781566,5.17061,5.8627496,4.5297737,4.8378096,4.8410745,5.9834995,5.6550374,5.864446,5.666309
20,5.699803,7.0124526,5.4427323,5.406847,6.4400167,6.2260485,5.118447,5.1264305,5.20561,5.2434983,5.37084,3.4735463,4.4546704,3.5619986,4.9978194,4.6542516,5.344897,6.9833517,6.912641,7.7518725,0.0,6.035336,6.794635,5.90551,5.897943,5.4023376,6.1158166,6.0911937,5.072461,5.299829,8.61037,6.8657846,7.5515094,6.022216,9.27308,6.0310407,4.597563,5.6575046,6.943233,7.4189982,7.1214705,9.565502,7.3118477,6.8224716,6.0614715,5.652792,6.3487434,6.9510956,6.8678637,5.183376,6.8393264,5.2332187,7.63641,7.750668,6.3801236,5.616363,6.2205076,5.0992427,7.6902485,6.5199995,6.930291,6.170462,7.0341406,5.804959,8.045428,7.5721436,8.997009,7.3135166,8.083188,7.0546227,7.7986746,8.073596,6.7040863,7.441408,6.7449713,7.4940343,6.6561604,6.512961,7.871389,6.8185544,7.8665967,7.298572,7.4747977,5.9923534,8.084217,7.72248,6.8994946,6.916722,6.634213,6.432528,7.2979856,7.129813,10.149497,7.927401,8.364588,7.497375,7.228221,7.7933683,7.8946776,8.622558,10.253965,9.249436,9.943396,8.679593,6.403065,6.432028,7.481693,7.715762,7.3168607,7.5607114,8.659173,8.139898,7.0103726,7.646871,7.0159154,6.4148846,8.642515,8.470121,7.2582355,6.6259165,6.2377987,6.7997246,5.74029,5.7466516,7.0284667,7.559414,7.2261305,6.7059317
21,6.8406873,5.479856,7.3270535,7.297575,6.8215423,6.7734246,6.872581,7.6318383,6.86719,6.8957133,7.41614,5.7247863,6.6295176,6.0578737,7.17566,6.7933526,5.1280117,4.58241,4.544726,5.560573,6.035336,0.0,3.0745301,4.600061,7.1405344,6.367766,7.8377194,6.7525787,6.5793037,5.959229,6.2885695,7.695962,4.018221,4.345818,6.9044175,3.5146525,5.839252,5.4452105,5.569781,5.7940655,5.14011,7.671883,5.0871606,4.940073,4.821802,4.4817114,5.649852,5.3477106,4.409144,5.970488,6.5847507,5.096099,4.8655143,4.586754,5.4077134,5.2750797,3.8382308,4.135384,5.725746,3.0977948,4.9991107,5.554823,5.924454,3.8232021,5.4339137,5.731882,6.9108434,5.229427,6.62136,5.051829,5.5560355,5.684686,4.5591717,5.4562173,4.4647164,5.1264806,4.886905,4.6779156,5.764046,5.0569315,7.730984,5.5854244,6.0039277,4.562665,7.4457226,5.914774,5.3864293,5.408536,5.2342196,4.982496,6.3507466,5.938655,7.974292,5.0865965,7.5462155,7.0973587,3.1803768,4.43825,5.8595023,6.851987,8.128182,6.889033,7.8143353,5.786783,5.7293887,5.868059,6.0398717,7.6644325,5.7991276,4.1933184,6.9610853,6.140167,6.3269634,6.614446,6.4091535,5.6743164,6.7075496,7.037608,6.59653,6.1042194,6.137933,5.2430634,4.742154,4.746891,6.950827,6.8520856,6.6554203,6.6032944
22,7.46126,5.370925,7.33476,7.311193,6.666724,6.7112856,7.4695773,8.280366,6.852451,6.88546,7.8501697,6.194828,6.6348495,5.8909764,6.4918656,6.8392696,5.4624767,4.896667,3.9027796,4.965428,6.794635,3.0745301,0.0,5.144453,6.74717,6.8140564,7.4846425,6.260742,6.1345086,5.7172327,5.819497,6.9195204,5.313646,5.711454,7.68313,4.880668,6.3631105,6.10077,6.5434513,6.524776,4.723416,6.847055,6.294362,6.015348,4.8214755,4.307689,5.548027,5.940245,3.2878387,4.910312,4.837503,4.211059,3.8369603,5.093165,4.2581882,4.189173,4.338879,4.2864647,4.8495197,3.3829784,4.222219,4.732697,6.0505557,4.3543935,4.679064,5.518742,6.7095404,5.9946766,5.6422505,3.2833295,3.0932012,3.843988,4.047868,5.236689,3.8710911,3.9322555,4.0556555,3.9590254,5.0269117,3.9548874,7.9668417,5.659845,5.768581,5.4691057,7.6820474,6.162547,5.5571914,5.6819925,5.3902,5.406292,5.633998,5.0713964,7.267251,5.9752936,6.87094,6.6777973,3.9852705,3.7247841,6.466611,6.51637,7.776516,7.668,8.112594,6.242587,6.433812,6.724604,5.7169576,7.4856095,5.2917295,5.10787,6.331713,5.3733053,5.717329,6.0426645,6.3140745,5.72579,5.9870543,6.422671,6.4398947,5.74658,6.2102823,5.0120325,4.955282,4.9559107,7.053026,6.9597316,7.010035,6.851037
23,7.7025356,7.677698,8.610827,8.576259,8.906742,8.90896,7.418729,8.38935,7.32795,7.3965497,7.5121193,5.7260466,6.941352,6.131843,7.028782,6.649961,5.7553177,5.3502655,5.507611,6.650287,5.90551,4.600061,5.144453,0.0,7.8686614,7.1404705,7.9552064,7.6289067,6.3621497,5.8781505,6.7373757,7.0105505,5.622054,6.059855,8.456953,5.0364833,5.9151263,6.72676,7.341839,7.3731866,5.9069786,8.705272,6.944584,6.3234134,4.714749,3.8293357,5.507647,6.281449,4.582994,5.885732,6.335334,4.7530155,5.252341,6.290096,4.580957,4.882032,5.1722875,5.1551843,6.832246,4.5618944,5.098502,5.4553995,4.8444357,6.163704,7.3694725,7.284698,8.539573,5.8782673,8.470163,6.8373218,6.434061,7.1211967,6.6598268,7.3824143,6.761658,6.576348,5.715451,5.800457,6.754166,5.872141,7.6326585,7.35552,7.5517106,6.1154757,7.780986,7.126291,6.569306,6.352236,5.8029394,5.6477427,6.7489915,6.516357,8.885321,7.442624,7.775819,7.1837335,6.4186025,7.0666113,7.4154444,8.216673,9.647708,8.675074,9.375889,8.03205,5.637079,5.388081,6.8112454,7.4493985,6.3211346,6.585826,7.013293,6.938264,7.6108294,7.9682035,7.175375,6.556359,7.415806,8.433423,7.1320395,6.995626,6.53713,6.0594463,5.6932735,5.691299,7.490999,7.714604,7.3564143,7.0968885
24,6.364306,6.0161343,5.596471,5.631762,4.9855485,5.2980905,5.8234677,6.4611692,4.4400663,4.318093,5.3751755,5.2505636,4.359709,4.435884,4.638911,5.5553813,6.13464,6.580505,5.807117,5.172807,5.897943,7.1405344,6.74717,7.8686614,0.0,4.662982,2.248168,3.133411,3.5100937,3.8993871,7.971678,6.2680063,8.810349,7.462191,9.243641,7.86346,5.5210714,6.9383893,7.66712,6.723894,6.194431,7.566821,6.9668403,7.290493,6.0911417,6.0526266,6.0650697,5.928004,6.18259,4.5604906,5.3396635,5.309857,6.9633446,7.918095,5.8164177,5.2584367,6.9576015,5.156613,5.8956046,6.2446017,5.8689837,4.979972,7.913463,7.002024,6.207454,5.312303,7.6060634,6.153961,5.817442,7.38126,6.4659367,7.882543,5.466477,5.5837336,5.324236,6.192736,5.3017616,5.519634,5.4203873,5.704035,7.1810365,5.1454225,5.4826713,6.3298836,6.490695,5.2415824,6.488997,5.645711,6.468114,6.915368,5.519962,5.631764,8.389802,6.1437435,6.0758533,5.609922,6.317332,5.737267,7.045981,6.706583,8.685748,8.148335,8.600795,7.1253433,5.07932,5.522091,5.6702695,6.13195,6.4419365,6.1558022,6.9114275,6.572739,4.172259,4.976714,4.706228,5.1334114,7.3006487,7.4768877,5.4212036,4.214621,5.0622935,4.9571743,4.662262,4.6705937,5.1571436,5.488741,5.6224117,4.978941
25,7.6950207,7.2971582,7.128584,7.145357,6.736851,6.8529825,6.943869,7.2486825,5.3022423,5.158799,5.1901913,5.075539,4.949683,4.867612,4.863844,4.9061627,4.677237,6.0136924,6.342412,6.24352,5.4023376,6.367766,6.8140564,7.1404705,4.662982,0.0,5.3309126,3.7604642,4.2664165,4.29111,7.6175256,5.2771645,8.120704,7.1019974,8.067529,6.8877044,4.808255,6.020001,7.4024253,5.508603,6.8428655,8.855702,6.9019303,7.6570754,6.814718,6.1131454,6.741512,4.9049788,6.206967,6.5834117,7.3746142,6.361845,7.755224,8.529136,6.9523683,6.556131,6.6130605,5.7120404,7.203226,6.6827374,6.939161,6.40698,7.3499913,7.1765656,6.419847,6.0645957,7.2178698,5.7070875,7.4902387,8.091056,7.7690153,8.524325,5.9411187,5.9003553,6.0582695,6.6936765,6.460489,6.30231,6.866588,6.5885763,8.502249,6.847941,7.0230985,6.6465416,7.5731816,6.1936774,8.1314945,7.1942325,6.061701,6.2713737,6.86561,6.489902,7.92077,5.9502244,5.7338076,5.5480714,6.083383,6.4651923,6.5834723,7.0418134,9.138088,7.863908,8.299749,6.8366446,6.1692657,6.009847,6.919883,7.5542154,7.1388884,6.344679,7.7876635,7.255697,6.449839,6.905197,6.412238,6.480296,9.009631,8.27185,7.151641,6.1668963,6.602012,6.4919496,5.843028,5.855426,6.7493095,6.9399824,6.959168,6.420233
26,6.834203,6.46034,5.5387287,5.5884404,5.616136,5.9018874,5.8805304,6.5341096,5.022483,4.9317694,4.879296,5.2213387,4.458657,4.2552905,4.566428,5.592331,6.6330557,6.9770455,6.2405653,5.751978,6.1158166,7.8377194,7.4846425,7.9552064,2.248168,5.3309126,0.0,3.7156096,3.144879,3.512849,8.187411,6.2678976,9.315433,8.095937,10.076509,8.401951,6.05389,7.5486026,8.192719,7.1626,6.8379707,7.5712357,7.6951118,7.980727,6.2459435,6.064579,6.146312,6.6161895,6.816786,4.6672096,5.122348,5.2617574,6.931932,8.5805435,5.7742085,5.216053,7.0617366,6.0227294,6.7338176,6.967583,6.412689,5.5094957,7.674856,7.531943,7.135402,6.366558,8.032663,6.753842,7.1166515,7.6872115,7.063026,8.377903,6.130109,5.9359326,6.069224,7.1697392,5.598296,6.1757703,5.711733,6.3456473,6.7010064,5.727339,5.2953606,6.468702,5.6447873,5.4155736,6.548424,5.4923635,6.5669837,7.023259,5.479092,5.612526,8.319959,6.5135956,6.0084023,5.0087233,7.100427,6.4717345,7.314407,6.929533,8.563326,8.235624,8.661946,7.622335,4.6863055,5.0969124,5.228783,5.4463673,5.965997,7.139032,7.361271,7.135794,4.303515,5.0099382,4.75082,5.2865047,7.1652894,7.7350845,4.9618506,4.192122,4.6913733,5.045606,4.875793,4.890725,4.609666,4.9921665,5.1542253,4.4183345
27,6.5867257,6.148239,5.5419946,5.572925,4.648739,4.9833784,5.5470114,6.4564886,4.426263,4.3118486,5.269186,5.209719,3.9355736,3.8878374,3.870785,4.790161,5.2470775,5.829254,5.28775,4.862253,6.0911937,6.7525787,6.260742,7.6289067,3.133411,3.7604642,3.7156096,0.0,3.8726017,4.230568,6.706936,5.0401964,8.099086,7.260373,8.177948,7.0705833,5.4822464,6.3658614,7.8787274,6.39949,6.75077,7.3925986,7.3591557,7.669806,6.759496,6.0058813,6.626491,6.258447,6.1872296,5.493913,5.6891975,5.6394024,6.5969825,8.789262,5.970688,5.522521,6.9451113,5.500138,6.3168516,6.535924,6.499837,5.7839713,7.51898,7.411186,6.066719,5.584103,6.6054106,5.812377,6.220203,7.3096633,6.6096296,7.8965592,5.5641327,5.633009,5.6676087,6.297131,5.8296127,5.8433537,6.024294,6.037784,7.5944085,6.073595,5.7745132,6.5777493,6.529401,5.131329,7.229339,6.15282,6.4764314,6.8302975,6.1912456,5.8055024,6.9994683,6.2154512,5.341067,5.2842336,6.188191,5.6877627,6.564334,6.2751136,8.349357,7.9231143,8.345068,7.126318,5.975987,5.8717647,5.8210487,6.544178,6.0405555,6.5817456,6.652859,6.3069286,5.156658,5.8469706,5.3924394,5.5755267,7.4279985,7.327417,6.272293,5.225382,5.928191,5.576953,5.228687,5.2370605,6.043569,6.3651032,6.524429,5.889961
28,7.5215573,6.5350842,6.3020773,6.318291,6.544076,6.7230186,6.5944014,7.202715,4.840922,4.7554407,5.2547674,4.5078225,4.3938417,3.5912702,3.7606127,4.8060617,5.3505797,5.992176,5.0546036,5.157823,5.072461,6.5793037,6.1345086,6.3621497,3.5100937,4.2664165,3.144879,3.8726017,0.0,1.2171917,6.6434436,4.4307976,8.250809,7.477743,9.555075,7.1300993,5.168353,6.0790777,7.539989,6.720535,5.1755385,7.699791,7.2771807,7.357063,4.9252696,3.9528584,4.9164467,6.048256,5.0548115,4.18433,4.11011,4.088034,6.1146755,7.8587947,4.5679197,4.039538,6.124809,5.3573256,6.4591317,6.1837034,5.4003086,4.666373,6.551563,6.788424,6.84137,6.198156,7.6605196,6.4737096,6.889976,6.4677243,6.2157483,7.465488,5.1338873,5.4512177,5.2176833,6.3133926,4.9151154,5.192755,5.8519835,5.5060163,6.967838,5.61163,4.940371,5.2284517,6.0768023,5.5986156,6.0427265,5.0439777,5.7459097,6.1619334,5.332589,5.1676316,7.9181256,6.2822485,5.447941,4.9204164,6.4298415,5.9177036,7.189232,6.9320016,8.655986,8.355925,8.860891,7.501399,4.830025,4.8903728,5.258706,6.009026,5.4117393,6.8855586,7.511502,7.0441313,4.3982487,5.1171775,5.084474,5.2249165,6.7173247,7.199992,5.1447463,4.424873,4.821442,4.912008,4.5882535,4.5972238,5.1960073,5.442603,5.527257,4.783792
29,7.6321135,6.034288,6.5307245,6.5463376,6.75256,6.8951006,6.7637544,7.3391113,5.2065916,5.121248,5.2956038,4.6814966,4.8136864,4.0880013,4.3345413,5.104971,5.320582,5.38792,4.509691,4.639606,5.299829,5.959229,5.7172327,5.8781505,3.8993871,4.29111,3.512849,4.230568,1.2171917,0.0,6.271681,4.6370053,7.7498794,7.303686,9.318748,6.805605,5.27851,6.166552,7.039098,6.009433,4.6401114,7.4808145,6.693559,6.8661623,4.4063144,3.2909715,4.4209104,5.4281917,4.596711,4.4085207,4.167923,3.9129615,5.6824684,7.2911615,4.147065,3.9087603,5.4967356,5.2752724,6.126184,5.6273394,4.9249277,4.510019,6.070159,6.412431,6.405433,5.751223,7.2702937,5.8553295,6.6846395,6.1120563,5.9579554,7.1790934,4.547081,4.768064,4.651206,5.9260697,4.2767134,4.672681,5.299941,5.056968,6.598988,5.0965595,4.367035,4.575667,5.5504766,5.027982,5.634963,4.4767523,5.1115193,5.499777,4.8335724,4.6796656,7.50233,5.5029645,4.8994665,4.259935,5.8112416,5.4229383,6.641405,6.520193,8.276284,7.7866073,8.336535,6.881258,4.0053887,4.0608344,4.712572,5.574649,4.903184,6.265365,7.211011,6.70877,4.011458,4.558693,4.6851153,4.783742,6.4237256,6.893996,4.497454,3.9549599,4.318333,4.2492156,4.0525527,4.066735,4.6678443,4.7255287,4.8163595,4.1764135
30,8.898691,6.7845984,8.880391,8.874538,8.306115,8.548185,8.386319,9.594412,7.5521913,7.517572,8.10176,6.9948955,8.143875,7.524938,7.3675413,7.387909,6.931267,5.9947934,4.957091,5.9848647,8.61037,6.2885695,5.819497,6.7373757,7.971678,7.6175256,8.187411,6.706936,6.6434436,6.271681,0.0,5.023662,6.9689927,8.823762,8.782213,6.7744412,8.085199,6.934002,9.220596,8.541347,5.7680492,8.959039,8.73309,8.601918,7.8126774,5.582129,8.038674,8.644493,5.4501405,7.3530483,6.0341983,5.6513243,6.0266347,7.773172,5.449703,5.415856,7.0583277,6.86659,8.091076,6.363178,5.423881,5.7488704,6.9226623,8.160229,8.058613,8.0653305,8.042494,6.531558,8.149027,7.147959,6.866267,8.112818,6.042985,6.7160907,6.804465,6.9406633,5.6684937,6.1871815,7.451392,6.61876,9.454164,7.7542634,6.746718,6.341704,8.606991,7.4945617,7.9357066,6.7393317,7.6895976,7.922747,8.1140585,7.79455,6.6018457,6.8153634,6.3543496,7.4864964,7.1793613,7.2636113,8.663739,8.944263,9.783183,9.148454,9.643678,8.326692,7.3913884,6.5756817,7.7551594,9.194131,6.499593,7.4159837,8.750753,8.161266,6.5754304,7.0909452,7.157429,6.9240146,6.8130374,7.6236095,7.2311664,7.0133824,7.011686,6.147325,6.057953,6.0578465,7.511085,7.503295,7.666682,7.242811
31,8.579236,7.70914,8.060955,8.071395,8.039196,8.217189,8.100722,8.775879,5.997491,5.9190044,6.1432037,5.560542,6.5469384,5.828514,5.200303,5.7753253,5.9570713,6.888401,5.9553447,6.645924,6.8657846,7.695962,6.9195204,7.0105505,6.2680063,5.2771645,6.2678976,5.0401964,4.4307976,4.6370053,5.023662,0.0,8.525036,8.972065,9.508647,7.4751782,6.2938952,6.4517655,9.525612,8.019934,6.313781,9.698472,9.1479025,9.357943,7.9983034,5.821187,7.989135,8.025521,5.6617336,6.559967,5.588512,5.3440337,7.6727915,8.98276,5.8450675,5.2906013,7.9654818,6.7249293,8.415694,7.459134,6.0873766,5.541054,7.262189,8.529325,7.968662,7.871193,8.124023,6.938579,8.460323,7.742937,7.351297,8.440931,6.220526,6.4335666,6.9068336,6.745368,5.9016743,6.1164565,7.192378,6.2986894,9.284233,8.037577,7.410168,7.4952993,8.439293,7.6325054,8.934279,7.6833215,7.3585367,7.6554646,7.569219,7.2760844,6.769438,7.587745,4.932726,6.404807,8.212577,7.986836,8.840163,8.767595,9.976654,9.629709,9.824484,8.729446,7.344986,6.6963415,7.8501534,8.52576,6.826867,8.089743,8.686898,8.173276,6.422324,7.0378017,6.864882,6.886661,8.511651,8.096202,7.167957,6.511163,6.711009,6.523291,6.203269,6.212736,7.0307784,7.4408026,7.5505304,6.7550597
