,0,1,2,3,4,5,6,7,8,9,10,11,12,13,14,15,16,17,18,19,20,21,22,23,24,25,26,27,28,29,30,31,32,33,34,35,36,37,38,39,40,41,42,43,44,45,46,47,48,49,50,51,52,53,54,55,56,57,58,59,60,61,62,63,64,65,66,67,68,69,70,71,72,73,74,75,76,77,78,79,80,81,82,83,84,85,86,87,88,89,90,91,92,93,94,95,96,97,98,99,100,101,102,103,104,105,106,107,108,109,110,111,112,113,114,115,116,117,118,119,120,121,122,123,124,125,126,127
0,0.0,3.0445223,7.4833636,6.892505,6.004437,5.7479463,6.247807,6.310884,6.827476,7.014997,7.186456,7.179232,6.232242,6.351186,7.524659,7.008728,8.330753,8.115046,7.7099733,7.104916,6.9709764,7.0309124,8.55263,7.7995925,7.9770904,8.459889,6.2295566,6.4317927,6.393688,6.194925,6.989228,5.589773,8.590666,9.14781,7.21661,7.561458,7.089286,7.4899983,8.880974,8.60791,8.579361,8.7623415,10.059014,8.883758,10.113239,9.322819,9.112583,9.299828,7.351547,6.122931,7.4717755,7.6571712,6.1451263,6.1028895,6.6803923,6.3923297,5.797072,8.022076,7.811346,6.897621,5.5673428,6.498341,6.430431,7.8136153,7.311873,8.401644,7.9552956,8.085839,8.5828905,6.8612394,9.574487,9.7927685,8.065397,8.36487,9.184937,8.1660795,8.832285,5.509746,8.249841,8.040141,8.069344,6.768367,9.412308,8.483551,8.031233,8.767663,8.884934,9.338383,9.927358,8.323665,9.27937,8.652532,9.785582,10.064114,8.557422,9.760355,7.38835,6.9822288,7.0637064,6.9903393,8.338181,8.498344,7.3034353,7.677873,8.994741,9.360525,8.381405,8.976897,8.249832,7.141206,8.465079,7.8649564,5.8695974,7.1045165,7.5917287,7.2196617,7.5917397,6.461873,8.317814,7.5754776,7.513624,8.188114,7.562248,8.775327,7.4480124,7.4399414,5.729822,7.1778092
1,3.0445223,0.0,6.708467,5.744819,5.4179783,6.3183146,5.6718273,5.824371,5.5709476,5.638819,6.046764,6.1765723,6.4561973,6.47767,7.060987,6.8182826,8.238025,7.52808,7.301585,6.632438,6.7495446,6.387659,7.6039643,6.686862,7.312319,7.8947434,6.398443,7.034489,6.482506,5.6890326,6.9667253,5.5506473,8.193351,8.853223,7.211408,7.4283924,7.143265,7.549519,8.822499,8.581277,8.15066,8.753174,9.903673,8.852893,10.527125,9.533236,8.795162,9.373669,8.024286,6.9218645,7.467598,7.6156735,6.2934666,6.256432,6.077898,6.478208,6.321424,8.154756,7.8562183,7.0328045,5.596335,7.28003,7.2503138,8.04078,7.058431,7.9306197,7.3925033,7.566705,9.260118,7.0707846,10.160224,10.062643,7.962559,7.9547815,8.903329,7.837575,8.716799,6.214787,8.198978,8.000312,7.685621,6.292135,9.09153,8.1004305,8.02231,8.317486,8.772043,8.433816,9.609838,8.275491,9.324858,8.649254,9.604509,9.870369,8.2374,9.251114,7.8439116,7.635283,7.4859357,7.99833,7.232405,7.5268426,6.628102,7.003385,7.8873205,8.142233,8.534712,9.109121,7.526945,6.631613,7.566003,7.4444633,6.737421,6.9369397,7.9818845,6.4337134,7.09991,6.826531,7.705037,6.856178,6.510093,7.36924,7.4372163,7.896207,7.221363,7.194358,5.6350975,6.913962
2,7.4833636,6.708467,0.0,2.9183724,3.4403653,4.5348325,3.8372753,3.9411902,2.674887,2.4015915,3.0832052,3.9021616,3.9996674,3.9373584,5.601253,5.787038,5.7900743,7.057473,7.14448,6.369238,6.8240175,6.9846673,7.056541,6.1968374,4.70246,5.68985,4.375815,5.35728,4.876485,6.094374,4.725455,6.9172173,7.5425763,8.278809,6.0540514,5.919382,5.4742064,5.839319,8.146174,7.8970485,7.2480645,7.1030526,8.515507,7.4017243,9.27993,8.164376,7.233289,9.732426,8.674758,7.987084,7.1480017,7.269008,6.9208803,7.1471534,6.952157,8.127603,6.059179,7.9805975,9.073947,7.2061324,7.0860033,7.530854,7.76362,6.0418215,10.28089,6.2165895,10.819395,10.139011,7.498996,7.4555297,10.341376,8.966282,7.3894734,8.158904,8.342708,8.94055,7.725265,8.719009,6.9552026,7.644854,7.355361,9.405778,7.942572,8.039861,6.4598665,8.901039,9.104994,6.631321,8.648451,7.200432,9.49309,7.575595,9.266246,9.037979,6.3979964,7.026075,8.779266,8.3160305,5.0025754,7.0595374,6.6563206,7.481972,6.487038,5.753227,6.9828568,7.464277,7.6440716,8.2656145,7.0682187,5.7939,6.6490316,6.807131,6.3174324,6.9724226,8.181359,6.2951756,7.9922266,7.856832,7.2114787,7.106169,5.6167727,5.89372,6.9396205,7.3776126,7.595841,7.5456204,5.9778643,7.217404
3,6.892505,5.744819,2.9183724,0.0,3.528146,4.6203427,3.2323585,3.3360708,2.4897037,1.4414203,3.1525154,2.215104,3.5195673,3.6110501,5.475188,5.880404,6.315012,6.839634,7.036204,6.2528896,6.4538703,6.445541,6.763549,5.881892,4.2875123,5.9068146,4.831735,5.7233267,4.364245,5.2777343,5.556834,6.7054763,7.4348598,8.230539,6.0520177,5.9296083,5.5564513,6.0463114,8.178291,7.9111533,7.6041617,7.0448585,8.328205,7.1983633,8.848529,8.195414,6.9565406,9.3934555,8.593021,7.7201076,6.8823547,7.0140104,7.458883,7.587077,7.2328587,8.1615305,5.7901354,7.8238616,8.351915,6.6197634,7.097024,7.807829,7.9485865,5.988088,9.165618,6.0721107,9.695368,8.922399,7.9344344,7.3807077,9.781629,9.099793,7.2732987,7.853511,8.372778,9.026419,7.5547523,8.191679,6.674882,7.6366596,8.079574,9.221846,8.555261,8.581175,6.7201653,8.219907,9.640476,6.894664,9.257009,7.9558444,10.024322,8.243613,9.856834,9.64751,7.199382,7.842062,8.505007,8.364864,5.8576336,7.6056433,5.986797,7.231879,6.830678,6.287642,6.933487,6.904366,7.792848,7.945385,6.3208847,4.798157,6.2759795,6.4328685,6.990347,7.119112,8.681679,5.1356015,7.186881,6.9862013,7.721794,6.340552,6.3747215,5.7313995,7.4449563,7.7771797,7.5611367,7.522881,6.3426604,7.308953
4,6.004437,5.4179783,3.4403653,3.528146,0.0,3.0073948,1.3825443,2.301379,3.3353505,3.5453892,3.9044516,3.879256,4.0028667,4.5439005,5.076331,4.3216567,6.6625586,6.607954,6.3369946,5.311167,5.3864775,6.443727,6.61777,5.950836,5.343676,6.30547,3.5098672,4.756778,3.6387143,4.4497967,4.1228757,5.4009776,7.1914763,7.7280726,5.535904,5.692445,4.790591,5.195454,7.859331,7.5189357,6.4231935,6.415555,7.842905,5.845691,8.451111,8.297003,7.1702676,8.5393095,8.303547,7.508881,5.9657927,6.1608453,6.682005,6.86137,6.695655,7.619098,4.6982446,7.468529,7.8788705,5.861461,6.3029966,7.423904,7.3592033,5.883842,8.787233,6.584661,9.759029,8.865576,8.109817,6.6167364,8.952714,8.378297,7.765012,8.177672,8.592684,8.74448,7.0259333,6.5597434,7.0201535,7.228495,7.224002,8.304875,7.039923,7.3644404,6.3136964,8.012756,8.28713,7.0381846,7.894971,6.22761,8.753391,6.557375,8.437842,8.191063,6.2505183,7.7784185,7.3371687,6.6841555,5.5633626,5.598946,6.324094,7.336968,6.1765523,5.7339945,6.7412515,7.2360973,7.6895275,8.065217,6.6093116,5.323445,6.2978044,6.5321975,6.1326027,6.5748935,7.5439167,6.1232595,7.077261,6.622679,7.7661123,6.9803195,6.269197,5.4121532,7.4932957,7.8398314,6.898558,6.884952,4.7828913,6.603704
5,5.7479463,6.3183146,4.5348325,4.6203427,3.0073948,0.0,3.188602,2.835733,4.8341384,4.996622,5.2187247,4.936533,3.4585757,4.019375,5.46951,4.680623,6.124272,6.7762637,6.4507637,5.467899,5.3370214,6.445226,7.043104,6.487183,6.0389485,6.167589,3.8159344,4.3952975,3.8930888,5.382539,4.437159,5.718292,7.32996,7.865959,5.5162377,5.763483,5.068204,5.453888,7.188848,6.8179793,7.188949,6.6336126,7.3661137,6.4198103,8.0061655,8.036085,6.7635565,8.18106,7.2167983,6.235298,5.455361,5.701554,6.1971326,6.422909,6.8049974,6.9285307,4.856281,6.9462953,7.4284167,4.9023805,6.2620707,6.4685874,6.3880806,5.200284,8.715282,6.7750463,9.599446,8.709115,6.633502,5.929598,7.7525206,7.738204,7.4166756,7.9590673,8.131113,8.474988,7.1714344,6.670278,6.6877947,6.9297795,7.135757,8.32106,6.9540086,7.314486,5.6621375,7.9260306,8.238393,7.1247797,8.574641,6.9643006,8.898442,6.7516475,8.686328,8.445078,6.450421,7.907155,6.5752296,6.165917,5.032021,5.098775,6.817795,7.6714635,6.79131,6.387956,6.9903817,7.791563,6.4657493,6.876289,7.032544,5.3459387,6.7149553,6.4087424,5.7518334,6.178725,6.8903036,5.967866,6.953465,6.21279,7.606968,7.327459,6.406366,5.440817,6.8387785,7.7234497,6.6796927,6.674188,5.1408296,6.347504
6,6.247807,5.6718273,3.8372753,3.2323585,1.3825443,3.188602,0.0,1.9220166,3.5673718,3.6375258,4.1201305,3.231354,3.902756,4.41043,5.45065,4.9014196,6.8471346,6.8399982,6.5801845,5.553375,5.58769,6.606167,7.1063294,6.1156945,5.2046084,6.577967,3.8698623,5.0195804,3.3751085,4.6786637,4.6156554,5.8898005,6.9264994,7.5025134,5.442567,5.4304137,4.576935,5.109388,7.7180533,7.38972,6.8378453,6.15954,7.756775,5.540898,8.0542755,8.085821,6.934926,8.357041,8.452541,7.495109,5.794017,5.9970207,7.3028865,7.341019,7.2896047,8.153767,4.674776,7.4357777,7.9176097,5.63925,6.8529644,7.9732823,7.794071,5.9167295,8.762591,6.3911653,9.659629,8.806634,8.192146,6.8444138,9.057369,8.619592,7.600645,8.048508,8.491519,8.9578085,6.9134965,6.385999,6.9900756,7.26566,8.013435,9.060986,7.798305,8.049551,6.8503947,8.075547,9.015414,7.5937104,8.26141,6.6325984,9.049703,6.9779553,8.769352,8.537103,6.7754574,8.199017,7.454869,6.8705935,5.794835,5.822022,6.3119783,7.465137,6.5950594,6.1649456,6.919029,7.0740814,7.7990613,7.8972054,6.260149,4.807855,6.2098074,6.4098606,6.510746,6.7372665,7.9447603,5.6571064,6.883034,6.520467,8.049522,6.5765767,6.6793447,5.577217,7.7775764,8.143403,7.0950575,7.081848,5.0128736,6.7458563
7,6.310884,5.824371,3.9411902,3.3360708,2.301379,2.835733,1.9220166,0.0,3.7111452,3.778394,4.2242875,3.3833911,3.9661846,4.3808203,5.2229347,4.58571,6.4035373,6.7330494,6.358117,5.2783093,5.433693,6.5049343,7.0168824,6.0260878,5.412396,6.0428514,4.5544953,5.527211,4.1275096,5.281371,5.198882,6.415367,7.325698,7.9494185,5.7799115,5.784226,4.5750456,5.0700493,7.1114287,6.776936,6.984768,6.2383504,6.7493944,6.243305,8.000865,8.155627,6.199348,8.020936,7.923798,6.929211,5.3792195,5.5700994,7.1408644,7.2014976,7.165908,7.751599,4.79065,6.935635,7.3833857,5.3187594,6.9069376,7.7342105,7.768301,6.0557895,8.318354,6.13013,9.700394,8.83594,7.6536345,6.2285547,8.828443,8.158805,7.293349,7.8050337,8.05757,8.857872,6.989204,6.767213,6.800162,6.9731975,7.5267963,8.674738,7.733905,8.001497,6.4084764,7.5854173,8.550637,7.067474,8.394797,6.6500354,8.847593,6.742652,8.614437,8.375685,6.4931583,7.9524546,7.106757,6.742675,6.0868697,6.0157304,6.5730352,7.582476,7.0580864,6.6276765,6.752391,7.112175,7.5319734,7.6286983,6.58613,4.855909,6.4568825,6.5814557,6.6295133,6.0304775,7.4058986,4.924824,6.39193,6.4182105,7.629928,6.6951003,6.2970533,5.1043615,7.5223336,7.885973,6.4800215,6.4674625,4.618058,6.073224
8,6.827476,5.5709476,2.674887,2.4897037,3.3353505,4.8341384,3.5673718,3.7111452,0.0,2.2343647,0.95949596,3.1355774,4.2153583,4.1190896,4.3281074,5.594319,5.4142175,5.847452,6.0517087,5.229872,6.5040216,6.251679,6.157131,5.6788464,4.8101277,5.0201297,4.9211106,5.8872356,4.973445,5.256969,5.3404846,6.356174,7.8409653,8.570241,5.6306896,6.277041,5.866109,6.264081,8.448028,8.204178,7.1411223,6.9839005,8.078007,6.9561944,8.690321,7.714982,6.1423936,8.876176,8.081712,8.111117,6.275661,6.324396,7.2290173,7.377926,7.0703154,8.119659,6.090307,7.211781,8.372891,6.573532,6.4348054,7.842341,7.6525207,5.9214787,8.326369,4.969061,9.0676,8.2953415,7.2577143,6.290677,9.557692,8.562114,6.502942,7.1520023,7.540414,7.92856,6.963841,7.9535737,5.952263,6.874485,7.60249,8.742412,8.090968,8.214209,6.674666,8.459382,9.255854,6.5731316,8.215642,7.6859913,9.049745,7.0139904,8.84845,8.6153755,5.7553673,6.521672,8.185851,7.68788,5.942939,7.7039843,6.3313084,6.8243217,6.4494753,5.8511405,6.154064,6.420005,7.3495374,7.7496147,6.142931,5.428716,5.852243,6.170731,6.6243463,6.6854405,7.918733,5.719163,6.6329184,6.6782727,7.1271405,5.8418617,5.833849,5.6358604,6.5983973,6.9331946,7.6015434,7.549534,6.1245627,7.290966
9,7.014997,5.638819,2.4015915,1.4414203,3.5453892,4.996622,3.6375258,3.778394,2.2343647,0.0,2.9203718,3.1451702,4.362031,4.186025,5.572231,5.8208942,6.349465,6.9197288,6.9533114,6.1849008,6.5924273,6.4045506,6.698295,5.70094,4.6609263,5.871034,4.7854176,5.8155146,4.8290462,5.493734,5.563167,6.6957564,7.8382688,8.617668,6.4150777,6.3965635,6.013415,6.3943596,8.615915,8.398525,7.672271,7.4109077,8.795754,7.6812615,9.566142,8.628095,7.296469,9.818576,8.888224,8.145504,7.40617,7.527643,7.2298903,7.450523,6.8451557,7.9751534,6.268482,8.289018,8.937367,7.249823,7.127817,7.9045873,8.197706,6.473301,9.451192,6.46765,10.037866,9.40016,8.26077,7.5173373,10.4483595,9.527535,7.711675,8.278934,8.752816,9.105133,8.10527,8.540427,7.303353,8.054476,7.828704,8.982579,8.405559,8.360783,6.888214,8.710221,9.471155,6.9069295,9.109093,7.6966553,9.889591,8.072677,9.732529,9.530099,6.9371653,7.590956,8.730831,8.587602,5.915368,7.7083836,6.1754174,7.234803,6.652608,5.7851896,6.871429,7.0576,7.9667645,8.411193,6.903551,5.5114126,6.5874653,6.863346,6.745314,6.9561086,8.698048,5.644152,7.53044,7.6609645,7.287344,6.6500454,5.6841774,5.8691864,7.120169,7.3933434,7.5594983,7.5181074,5.966071,7.170871
10,7.186456,6.046764,3.0832052,3.1525154,3.9044516,5.2187247,4.1201305,4.2242875,0.95949596,2.9203718,0.0,3.7695384,4.642561,4.493356,4.254372,5.962492,5.0584035,5.7452316,5.9426622,5.1801324,6.8982344,6.6459684,6.4133267,6.1094027,5.1748505,4.809797,5.274029,6.1604156,5.3906775,5.7976737,5.6869082,6.809773,8.026858,8.755707,5.4853086,6.469477,6.0958066,6.4972677,8.618733,8.384612,7.0518003,6.871094,7.9310317,6.855864,8.384493,7.291304,5.743234,8.653292,7.834004,8.318599,6.3108654,6.3048615,7.449726,7.5743585,7.3116846,8.360927,6.368138,6.9332423,8.553191,6.7174644,6.584637,8.058323,7.716618,6.0333405,8.27284,4.5040684,9.017045,8.266323,6.860039,5.9943967,9.462644,8.321327,6.122394,6.869277,7.217875,7.6960464,6.6542125,8.0657,5.6130033,6.552701,7.8271027,9.070616,8.347866,8.455428,6.935862,8.751584,9.437128,6.8827696,7.8924127,7.8406887,8.7624655,6.6457777,8.562036,8.323386,5.3098845,6.138524,8.071711,7.5367637,6.11363,7.847095,6.6449246,6.7679415,6.7408514,6.1488895,6.113753,6.358561,7.229189,7.666087,6.162002,5.846234,5.847412,6.1397877,6.566897,6.726206,7.7066374,6.158225,6.6016707,6.629829,7.1542716,5.7480536,6.1176276,6.0372486,6.3985424,6.7794886,7.870452,7.819723,6.386996,7.550395
11,7.179232,6.1765723,3.9021616,2.215104,3.879256,4.936533,3.231354,3.3833911,3.1355774,3.1451702,3.7695384,0.0,3.7847219,3.6561983,5.2554665,5.820689,6.947816,7.376258,7.484547,6.676505,6.937273,6.8647766,7.1727686,6.351563,4.458674,6.6474195,5.4807754,6.296292,4.4729533,5.0879574,5.8939767,6.944967,7.6264033,8.376631,6.4886894,6.038602,5.623,6.016983,8.281998,8.048221,8.147484,7.1458497,8.497057,7.2832823,8.70082,8.3015375,6.9771805,9.460607,9.126834,8.256275,6.6295223,6.7633834,8.305807,8.439602,8.254646,9.112847,5.82014,7.928519,8.572772,6.676341,7.505307,8.404385,8.422192,5.824414,9.107827,5.979738,9.780575,9.059173,8.464439,7.8544507,10.013971,9.802292,7.269549,7.9004083,8.292991,9.358735,7.6690917,8.040437,6.76134,7.678479,8.718469,9.841406,9.12302,9.241837,7.133734,8.00058,10.213032,7.2897553,9.85839,8.5940895,10.53118,8.852318,10.379542,10.173809,7.922265,8.49578,9.203772,8.752133,6.63962,8.106147,6.8625207,8.110383,7.6844473,7.1195583,7.501256,7.100418,8.32574,8.066015,5.99819,4.349273,6.4468036,6.614948,7.8147025,7.5379972,9.162243,4.6469793,6.696366,6.690051,8.446182,5.8698034,7.138927,5.5452867,8.248396,8.606267,8.065293,8.018505,6.729367,7.723933
12,6.232242,6.4561973,3.9996674,3.5195673,4.0028667,3.4585757,3.902756,3.9661846,4.2153583,4.362031,4.642561,3.7847219,0.0,2.7605188,6.0708036,6.4496303,6.1769533,6.7281013,7.406861,6.629469,6.2560854,6.6762004,7.0137134,6.713987,4.8904986,6.272935,4.6427326,4.984658,4.196835,5.524219,4.9583917,6.1436286,7.6684146,8.293654,5.8482823,5.8845983,5.383735,5.8818407,7.96927,7.5401244,7.953252,7.5231056,8.393047,7.118915,8.465885,8.121762,7.5259366,9.2857,7.786131,6.804087,6.189518,6.3737354,7.2870674,7.4245,7.874858,8.19391,5.056356,7.387389,7.206671,5.9447227,6.5466986,6.666779,6.6993,5.3075023,9.299806,6.3338513,9.789943,8.649374,6.853496,7.184956,8.474932,7.8562207,7.044972,7.85783,8.239858,8.838243,7.235358,7.975162,5.9279575,7.5084724,8.128717,9.350379,8.552232,8.714627,6.5274334,8.453907,9.764268,7.276897,9.673336,8.341019,10.225858,8.471408,10.165861,9.945379,7.5348525,8.103162,8.319357,7.815532,4.533144,6.7096567,6.817686,8.033055,6.771859,6.6937094,7.4957943,7.8766384,7.1693087,7.288244,6.353803,4.5697403,6.508564,6.113511,6.7295117,7.6405764,8.393384,5.7491503,7.8580065,6.2923665,8.379722,7.0550046,7.3342576,6.484476,7.641384,8.617603,7.578388,7.538438,7.120623,7.79426
13,6.351186,6.47767,3.9373584,3.6110501,4.5439005,4.019375,4.41043,4.3808203,4.1190896,4.186025,4.493356,3.6561983,2.7605188,0.0,5.6513247,6.0132756,5.621265,7.3064384,6.983094,6.6444035,6.5334873,6.3001614,7.1245413,6.3156543,4.419233,6.400236,4.677206,4.4635267,4.355407,5.702648,5.1154346,6.352852,7.65789,8.353597,6.0629234,5.3336825,5.6312566,6.132715,8.025537,7.771331,8.234251,7.124578,8.337347,7.651797,8.47853,7.719313,7.1515965,9.59896,8.302829,7.396658,6.893967,7.0710034,7.433303,7.606616,7.9568467,8.336447,5.1182704,7.6958094,8.656034,6.103025,6.5847316,6.6401405,6.7399926,5.1591463,9.087925,6.2871184,9.793349,9.0763855,6.83353,7.310379,9.268376,9.154828,6.642554,7.678705,7.758208,8.414969,7.610233,7.9742923,6.4827976,7.468455,8.038945,9.318249,8.519643,8.665467,6.2124653,8.384476,9.677658,7.140129,9.4924,8.583851,10.047968,8.274277,9.97064,9.729401,7.292534,7.868517,8.296906,7.803489,5.242327,7.1953015,7.0858703,7.7265263,7.295357,6.7751317,7.4437017,7.562122,6.7532077,6.93183,6.287951,4.598288,6.4746604,6.050536,6.3722754,6.927166,8.1585865,5.292661,7.13902,6.334815,8.067116,6.3110914,6.634621,5.90931,6.8527446,7.8731685,7.7062974,7.6630945,6.7363453,7.674174
14,7.524659,7.060987,5.601253,5.475188,5.076331,5.46951,5.45065,5.2229347,4.3281074,5.572231,4.254372,5.2554665,6.0708036,5.6513247,0.0,3.6404543,6.3796616,7.2649508,6.666601,6.053493,7.7453337,7.912567,6.865043,7.684369,6.561197,5.9721055,6.122637,6.783671,5.9874463,5.3387556,6.723916,7.5850286,8.972116,9.571099,6.399768,7.3458557,6.7250094,6.858891,9.01824,8.848794,7.030031,6.9217434,7.789599,7.140125,7.9829803,7.6000247,5.7201457,8.355805,7.934129,8.740244,6.5334496,6.5301785,7.45158,7.844992,7.519527,8.219348,6.610321,6.887278,9.183864,6.8343587,6.322571,7.771221,7.2217875,5.189237,8.019904,5.478319,9.558119,9.000171,7.3825793,6.0000057,8.698031,9.054731,6.8828444,7.7100267,7.828048,8.616043,7.275961,7.6759825,5.790561,5.979736,7.1311107,8.307649,7.1535454,7.7327633,5.226641,7.028265,8.02697,6.1763887,8.40427,8.336161,8.806718,6.6987267,8.740335,8.492296,5.7010355,7.1218452,7.8810883,7.2942967,7.9873853,8.273811,8.330502,8.17084,8.559983,8.205652,7.9808397,8.088646,8.356808,8.445371,7.704787,7.267767,7.6797037,7.7512164,7.450639,7.235107,7.364365,7.2236943,5.295433,5.48894,8.528908,6.812429,7.8896666,5.16181,7.704657,8.323462,8.736599,8.714753,7.064572,8.168617
15,7.008728,6.8182826,5.787038,5.880404,4.3216567,4.680623,4.9014196,4.58571,5.594319,5.8208942,5.962492,5.820689,6.4496303,6.0132756,3.6404543,0.0,7.800867,8.571872,7.331336,6.685994,7.0592194,7.9829564,7.5388603,7.654961,6.848053,7.4025044,5.3575125,6.08182,5.458285,5.012382,6.1226244,7.087398,8.698603,9.193282,7.2029285,7.113567,6.1504717,6.222606,8.59102,8.429368,6.860807,6.7797003,7.9744616,7.431595,8.832806,8.91144,7.4354515,9.108931,9.02309,8.488727,7.3705072,7.5297675,6.9480863,7.4191766,6.9835176,7.6320934,5.8181753,8.110877,9.570652,7.061206,6.770708,7.500772,7.5738387,6.000989,9.0890465,7.7346926,10.893531,10.390802,8.934828,7.1399727,9.408305,9.967702,8.750168,9.268324,9.409523,9.87791,8.358808,7.1599407,7.985579,7.331933,6.5046463,7.6199803,6.1922336,6.9751973,4.668581,6.68325,6.7245502,6.3975973,8.620655,6.980955,9.049588,7.000956,8.850923,8.603025,6.827632,8.653802,7.7784157,7.2996464,8.143631,7.0525813,8.3799715,8.797116,8.572105,8.155333,8.857295,9.133528,9.177845,9.412217,8.784178,7.620649,8.628436,8.707972,7.1758676,7.02373,7.5187697,7.4942775,6.4743576,6.7339387,8.927587,8.322789,7.760756,4.912412,8.66826,9.07492,8.122798,8.133811,5.659645,7.369836
16,8.330753,8.238025,5.7900743,6.315012,6.6625586,6.124272,6.8471346,6.4035373,5.4142175,6.349465,5.0584035,6.947816,6.1769533,5.621265,6.3796616,7.800867,0.0,4.308863,3.9337656,4.1361,5.8831563,5.680271,5.7888355,5.5200653,5.44113,3.0344741,5.6820292,5.5157228,6.090988,7.2660046,6.0385904,7.5278854,7.8513646,8.07066,4.6303997,6.531531,5.974172,6.02069,6.919514,6.899236,7.679844,6.4962974,6.28087,6.9214187,7.0970197,5.8378386,4.366127,6.88717,5.800318,6.946416,5.5238743,5.4667754,6.6889877,6.736681,7.1376925,7.322598,6.444701,5.1296234,7.857198,5.661493,6.094579,6.750077,6.0400014,5.213309,8.344256,5.2541456,9.151973,8.412789,4.478022,5.1433434,8.497099,7.1339927,4.7567396,6.286096,5.886399,6.5917444,6.563775,8.63556,5.303062,6.664274,7.741872,9.365753,8.429736,8.407965,6.810638,9.339508,9.441589,7.1550813,6.5108976,7.566275,6.7892656,6.5356646,6.6336303,6.3551936,4.2937493,3.2400987,7.2960153,7.006414,5.3362403,7.208026,7.901521,7.013872,7.810477,7.4892645,6.4096594,7.15125,5.903639,6.583438,7.257841,7.0345607,6.687586,6.426529,6.2734637,5.1181746,6.865493,7.243819,7.2321362,7.100987,5.3533,6.8833284,6.6763926,7.088547,5.439597,6.373286,7.9421854,7.896962,7.6031218,7.9199486
17,8.115046,7.52808,7.057473,6.839634,6.607954,6.7762637,6.8399982,6.7330494,5.847452,6.9197288,5.7452316,7.376258,6.7281013,7.3064384,7.2649508,8.571872,4.308863,0.0,3.3859587,2.9278703,4.551477,4.389932,4.159829,4.519556,6.244276,3.660533,6.121526,6.540678,6.298577,6.261323,6.3516765,6.259897,8.5776825,8.500197,5.2835917,8.00882,6.8012295,6.6918225,7.8781505,7.768707,8.372068,7.8952584,7.457212,6.800485,8.241826,7.794642,5.845289,6.8249187,6.4320216,7.4083495,4.705277,4.645158,7.178729,7.143532,7.3454375,7.4030895,7.101998,5.938458,6.242978,5.7951984,5.9796653,7.7771363,6.8922725,6.260188,7.3091288,6.4076295,7.990897,6.498655,6.8188896,5.43636,8.240572,6.9140234,6.6233177,7.2681165,7.552816,7.12803,7.1629195,8.583547,6.0820804,8.083074,8.592412,8.818334,8.716161,8.847398,8.071114,9.927524,10.220576,7.7635818,6.9795237,7.6685605,7.4688954,7.5918837,7.222624,6.9219527,5.620963,4.3732452,8.024989,7.681465,6.1237936,7.79832,7.649907,7.54764,7.2679152,7.301927,6.3844333,7.390247,7.326746,7.77522,7.6174383,7.438148,6.948523,7.091322,7.7701654,6.395221,8.480538,7.8702936,8.109115,7.691076,5.892726,7.7716765,7.613514,7.938816,7.2165895,7.6699905,8.325474,8.280444,8.437839,8.593901
18,7.7099733,7.301585,7.14448,7.036204,6.3369946,6.4507637,6.5801845,6.358117,6.0517087,6.9533114,5.9426622,7.484547,7.406861,6.983094,6.666601,7.331336,3.9337656,3.3859587,0.0,1.7813336,3.9508972,4.147377,4.665648,4.188509,6.1180468,4.3306675,5.509725,5.5287237,5.8429375,6.043173,6.1145344,6.202703,8.290435,8.166295,5.1852098,7.3226275,6.220155,6.068811,7.4290085,7.4780717,7.7317724,6.501848,6.3367577,6.352239,7.436652,7.1573663,5.1418157,6.2401752,6.7086024,7.574774,5.2643843,5.2589445,6.9228134,6.9541826,6.9717364,7.0385437,6.1546397,5.8243723,7.5148935,5.4114804,5.786992,7.480756,6.736628,6.1384387,6.677546,6.7440543,8.370289,7.4297643,7.0948057,5.0282145,8.525692,7.961578,6.5813975,7.3964353,7.3769894,6.994194,7.118772,7.4656277,6.9715166,7.7116227,8.092858,8.289181,8.085251,8.276958,7.485198,9.398787,9.201559,7.854692,5.410286,6.5419416,5.939603,6.123375,5.5654974,5.1533613,4.615246,4.433895,6.8188167,6.4633136,6.7484436,6.832711,8.023465,7.2898865,7.9188027,7.5148926,6.51796,7.2851863,7.1314287,7.6691165,7.7592382,7.577427,7.1114774,7.231233,6.778438,4.609199,7.3532166,7.6718564,7.060168,7.309183,5.6411552,7.415258,7.102651,7.2766824,6.6674128,7.0695357,7.854117,7.838152,7.010182,7.8429685
19,7.104916,6.632438,6.369238,6.2528896,5.311167,5.467899,5.553375,5.2783093,5.229872,6.1849008,5.1801324,6.676505,6.629469,6.6444035,6.053493,6.685994,4.1361,2.9278703,1.7813336,0.0,3.7500348,4.1946187,4.6636105,4.1666355,6.0000167,3.8135993,4.960475,5.5039144,5.238751,5.463872,5.5337224,5.672316,7.881884,7.8907027,4.765419,7.101388,5.759814,5.608534,7.0994186,7.074643,7.317978,6.334086,6.3377233,5.960872,7.3873463,7.138195,4.7825856,6.043331,6.2536917,7.006238,4.381056,4.392505,6.4106474,6.4812365,6.457022,6.607521,5.966621,5.4979253,6.8954334,5.0664144,5.7024484,7.400388,6.72634,5.760651,6.6109304,6.18013,8.008311,7.029256,6.750585,4.3647504,8.13524,7.5028734,6.482928,7.0632296,7.225676,6.981258,6.7386975,6.9999223,6.4977236,7.2322893,7.7635794,8.03242,7.79843,7.950055,7.188925,9.033776,8.958762,7.5432363,5.830932,6.155461,6.2360764,5.959784,5.8720155,5.54371,4.53146,4.6939845,6.6585646,6.275364,6.1819935,6.350753,7.3881936,7.0873938,7.2775507,6.785251,6.079719,6.905696,6.862823,7.3553047,7.3570237,7.0102024,6.700201,6.858276,6.3718653,4.4790564,7.0933247,7.0645914,6.688768,7.001864,5.26477,7.0092363,6.559991,6.7200165,6.4357543,6.82568,7.314661,7.2948246,6.2060905,7.0568924
20,6.9709764,6.7495446,6.8240175,6.4538703,5.3864775,5.3370214,5.58769,5.433693,6.5040216,6.5924273,6.8982344,6.937273,6.2560854,6.5334873,7.7453337,7.0592194,5.8831563,4.551477,3.9508972,3.7500348,0.0,3.2990525,4.5152607,3.2926173,5.413661,5.668649,4.4475546,4.5612144,4.573696,4.9666643,5.091484,5.045337,7.65468,7.378167,5.755532,6.7987223,5.218563,5.051011,6.666823,6.5629086,8.024118,7.1550636,7.038324,6.470482,8.519463,8.798229,7.265904,7.331248,7.649282,6.471344,5.2861366,5.5295806,6.385052,6.404383,6.56519,6.431602,4.9893465,7.014063,6.2329507,4.9243426,5.7502255,6.7374988,6.596493,6.150893,8.000258,8.220345,9.41125,8.1812725,8.403051,6.719701,8.651343,8.083479,8.140803,8.722719,8.919729,8.541168,8.033583,7.3724504,7.9455614,8.918296,7.713605,7.8058004,7.4878354,7.7450423,7.0543118,8.80445,8.835218,7.4646873,7.201698,5.8411736,7.6110187,7.7365723,7.31763,6.995673,6.730036,6.672907,7.36072,7.1521535,5.780966,5.6908894,7.3127666,7.941546,7.093947,7.0600333,7.2142253,8.115226,7.8952217,8.261062,8.029329,6.623034,7.485209,7.5596766,7.217141,5.4642262,8.361713,7.045786,8.191207,7.7819796,6.403846,8.488681,7.1445875,6.909369,8.034936,8.424102,6.995991,6.9900284,6.7681546,7.369368
21,7.0309124,6.387659,6.9846673,6.445541,6.443727,6.445226,6.606167,6.5049343,6.251679,6.4045506,6.6459684,6.8647766,6.6762004,6.3001614,7.912567,7.9829564,5.680271,4.389932,4.147377,4.1946187,3.2990525,0.0,4.203914,1.9589489,5.4631896,5.543136,5.4175463,5.427356,5.5738573,5.245172,5.8283677,4.764142,8.417209,8.362955,6.5899096,7.5814333,6.872877,6.7462134,7.832331,7.882207,9.545442,8.411152,8.714274,8.3460655,9.815327,9.202082,7.500051,8.818292,8.295784,7.3377795,6.2781034,6.4664474,6.8526063,6.9023595,7.0145335,6.8308854,6.7420764,7.9997463,7.679426,6.111641,6.1085424,7.246118,7.103244,6.4454317,7.703739,8.183508,8.458725,7.5243487,8.416118,7.099103,9.842554,9.672713,8.060353,8.556732,8.780767,7.9652677,9.059193,8.532771,8.274119,9.5830765,8.454458,7.9740944,8.564219,8.640736,7.682349,9.741912,10.162489,7.600527,8.6168,7.795805,8.947949,9.088899,8.752342,8.494692,7.4994826,6.539438,8.808313,8.638052,6.307207,7.952688,7.366958,7.9353476,7.1699142,6.723297,7.224522,7.9706855,7.676602,8.143318,8.158002,6.888016,7.62834,7.672962,7.6649647,5.898904,9.420271,6.853546,8.319281,8.514448,5.75706,7.967522,6.5020075,7.2709885,7.365979,7.821515,7.9459434,7.8992615,7.6797376,8.002165
22,8.55263,7.6039643,7.056541,6.763549,6.61777,7.043104,7.1063294,7.0168824,6.157131,6.698295,6.4133267,7.1727686,7.0137134,7.1245413,6.865043,7.5388603,5.7888355,4.159829,4.665648,4.6636105,4.5152607,4.203914,0.0,3.9406374,5.74966,5.0050426,6.2367864,6.4947844,6.302153,5.259854,6.165888,6.0518513,8.980855,8.863741,6.981443,8.221547,7.469057,6.9600096,8.366539,8.283274,8.454251,8.890543,8.348814,8.169283,9.79811,9.45567,7.71548,8.557206,8.023193,8.422053,6.560604,6.620416,6.8881626,7.6206717,6.7923737,7.0442843,7.0849147,7.43256,6.958925,6.661515,5.381657,6.591588,6.670263,5.8519135,8.6190195,8.178112,9.338624,8.09886,8.865159,7.6566286,8.85303,8.812674,8.124407,8.698499,8.792015,8.423315,8.744681,9.524477,7.5322328,9.086643,7.3465586,7.6488585,7.5776362,7.648859,7.050078,8.77865,9.321287,6.270304,8.334903,8.49493,8.899396,8.960023,8.582474,8.281696,6.7372813,5.643419,9.100417,8.90374,6.6675735,8.287277,8.003157,8.188741,7.9209585,7.409213,6.4845796,7.4929624,7.883466,8.250912,7.6841464,6.959222,6.984796,7.3490806,8.571121,6.567556,8.952667,7.3321004,7.9598355,7.745226,6.376989,8.082077,7.2293315,6.481402,7.8397746,7.9375606,8.109593,8.066618,8.647035,8.622335
23,7.7995925,6.686862,6.1968374,5.881892,5.950836,6.487183,6.1156945,6.0260878,5.6788464,5.70094,6.1094027,6.351563,6.713987,6.3156543,7.684369,7.654961,5.5200653,4.519556,4.188509,4.1666355,3.2926173,1.9589489,3.9406374,0.0,4.771122,5.196751,5.218136,5.5221133,5.417163,5.303935,5.6068687,5.5599875,7.9162517,7.86027,6.3808565,7.10723,6.2819,6.143395,7.3762617,7.4391584,8.997207,7.993438,8.231031,7.863509,9.76173,9.126352,7.2047024,8.6002245,8.637117,7.587536,6.164191,6.339788,6.833404,6.862885,6.685745,7.0307603,6.5985985,7.9042125,7.8315296,6.1048174,6.265621,7.5720983,7.4864902,6.423142,8.409496,7.878342,9.248626,8.386348,8.708995,7.4276624,10.318601,9.609127,7.9559083,8.552094,8.6498165,8.23954,8.885178,8.749851,8.233643,9.411988,8.0077915,8.25168,8.091362,8.180379,7.461788,9.354515,9.752995,6.93875,8.089632,7.145895,8.569892,8.708001,8.283683,8.005537,7.0367775,6.0271564,8.877584,8.718789,6.2221255,7.8448715,7.056587,7.645336,6.9755187,6.5468717,6.7559075,7.5165873,7.9552054,8.416038,7.929333,6.5694957,7.2817955,7.604476,7.90975,5.6891828,9.32698,6.525528,8.163381,8.690777,5.409089,7.816213,5.9373636,6.589005,7.4427576,7.562597,7.689205,7.6372247,7.355434,7.7384048
24,7.9770904,7.312319,4.70246,4.2875123,5.343676,6.0389485,5.2046084,5.412396,4.8101277,4.6609263,5.1748505,4.458674,4.8904986,4.419233,6.561197,6.848053,5.44113,6.244276,6.1180468,6.0000167,5.413661,5.4631896,5.74966,4.771122,0.0,5.237117,4.3055573,4.480008,3.747132,4.7564154,4.8434706,6.500897,6.852387,7.0399,5.0998106,4.84718,4.323841,4.349052,7.112672,7.082941,7.4717846,6.184897,7.856949,6.614428,7.9516697,7.28725,6.96081,8.844514,8.686879,7.6319942,6.7038994,6.891419,7.3503904,7.429944,7.4603953,8.254231,4.786287,7.344748,8.362708,6.5399995,6.6284704,7.1142764,7.1204467,4.737267,9.44312,6.344034,10.209085,9.459477,7.8980155,7.86166,9.835254,9.177128,6.787153,7.7796907,8.031853,8.858834,7.200746,8.131195,6.455237,8.172762,7.8193154,9.333498,8.265223,8.399951,6.2203217,7.959281,9.41844,6.3722343,8.175365,7.060715,8.978646,8.862277,8.785318,8.50672,7.07889,6.3970947,9.083748,8.5844755,5.450458,7.3249526,6.494136,7.393782,6.9227757,6.6714625,8.084384,7.431312,8.520572,8.174212,6.98726,5.7719297,7.149315,7.189759,6.9581614,6.57613,9.159818,6.3764353,7.7885046,7.4697375,7.123599,6.900443,7.566208,6.1247954,8.27008,8.70539,7.7448754,7.7010355,7.612164,7.7773967
25,8.459889,7.8947434,5.68985,5.9068146,6.30547,6.167589,6.577967,6.0428514,5.0201297,5.871034,4.809797,6.6474195,6.272935,6.400236,5.9721055,7.4025044,3.0344741,3.660533,4.3306675,3.8135993,5.668649,5.543136,5.0050426,5.196751,5.237117,0.0,5.800429,6.305225,6.126124,6.5661044,6.2280517,7.333512,8.233431,8.477436,4.616836,6.862211,6.1931562,6.1438284,7.23471,7.1757126,7.359069,7.0747867,6.648962,7.067164,7.891888,6.9931064,4.51843,7.077797,6.12908,7.060573,5.2267447,5.2423406,6.494771,6.625439,6.625428,6.9413238,6.9447727,5.559128,7.36098,6.0200844,6.188255,7.2364273,6.7073717,5.4345818,7.820153,4.786949,8.732965,7.934616,5.127506,4.726967,8.243809,6.6656494,5.521804,6.4465528,6.432117,6.979187,6.607005,8.5918665,4.8676867,6.943366,6.87601,8.311093,7.4970007,7.5975027,6.232993,8.453338,8.677964,5.883921,7.0968866,7.3663955,7.13119,6.934287,6.9818816,6.684478,4.1863055,2.9383426,7.498726,7.329241,5.8289466,7.806135,6.6910233,6.387481,6.708161,6.411834,6.4399877,6.715709,6.9011045,6.9564447,7.7348466,7.266712,7.0753846,7.1285543,6.6359386,5.2534447,7.444446,7.146389,6.993314,7.3711944,4.877675,7.0056815,6.6360283,6.2555017,6.113479,6.7005315,7.1114326,7.061658,7.6305094,6.9569645
26,6.2295566,6.398443,4.375815,4.831735,3.5098672,3.8159344,3.8698623,4.5544953,4.9211106,4.7854176,5.274029,5.4807754,4.6427326,4.677206,6.122637,5.3575125,5.6820292,6.121526,5.509725,4.960475,4.4475546,5.4175463,6.2367864,5.218136,4.3055573,5.800429,0.0,1.9323081,2.0586114,3.9733412,3.0265331,4.828646,6.669429,6.8022823,4.5605965,5.316853,4.0097528,4.042573,7.3444414,7.2382183,6.8489494,5.638539,8.194008,5.46807,7.836717,7.3233523,7.2149124,8.3265915,7.8700833,6.7995467,6.2557855,6.4826074,5.6535187,5.7966843,6.0507092,6.721993,4.150291,7.340215,8.391569,5.9969177,5.848129,6.327895,6.145409,4.5087953,9.429309,7.2466464,10.160975,9.406996,7.5421615,6.8034263,9.183171,8.815864,7.733304,8.509904,8.896244,8.8238125,7.3714213,6.6421266,7.2434087,7.9330554,7.45851,8.609415,7.1228843,7.395369,5.9104714,8.765555,8.549787,7.3841667,7.13429,5.0262513,7.981752,7.189946,7.791461,7.524342,6.28395,6.7961783,7.635694,7.036313,4.210149,4.505037,6.8649817,7.6619034,6.3764644,5.879477,8.000695,8.349401,7.8441305,8.335851,7.750372,6.5031033,7.4634786,7.3227315,4.9403462,6.1332617,8.01406,7.4185996,8.094207,7.3626275,6.877396,7.7635455,6.908645,6.5299373,7.4363184,8.281463,7.663102,7.6539793,5.6749063,7.272255
27,6.4317927,7.034489,5.35728,5.7233267,4.756778,4.3952975,5.0195804,5.527211,5.8872356,5.8155146,6.1604156,6.296292,4.984658,4.4635267,6.783671,6.08182,5.5157228,6.540678,5.5287237,5.5039144,4.5612144,5.427356,6.4947844,5.5221133,4.480008,6.305225,1.9323081,0.0,2.8524337,4.7767625,3.58937,5.146043,7.011459,7.036714,4.897062,5.2469997,4.4754944,4.576844,7.47935,7.3886275,7.376098,5.880854,8.185128,5.9588685,7.736028,7.2816877,7.5841155,8.559055,7.986846,6.9209685,6.766719,6.998688,6.1030354,6.220058,6.7449675,7.0645785,3.9523163,7.511555,8.649825,5.946459,5.835872,5.911197,5.70965,4.6602263,9.481129,7.727365,10.361433,9.584512,7.4146957,7.154192,9.072334,8.944118,7.690325,8.674668,8.886938,8.738938,7.593447,6.8949785,7.479336,8.230793,7.759951,8.83941,7.4291515,7.7316628,6.050778,9.035514,8.809293,7.7647905,7.255128,5.814893,8.071002,7.4422083,7.914858,7.6081724,6.573755,6.9798145,7.5480447,6.932283,4.399929,4.6455345,7.445451,7.878267,6.956558,6.5819206,8.34799,8.698493,7.6222267,8.120369,7.9149466,6.706759,7.6957445,7.347036,5.0460773,6.2438188,8.036318,7.742361,8.384171,7.3275423,7.354578,8.052004,7.419086,7.031338,7.4632483,8.508417,7.920963,7.916601,6.438868,7.8427453
28,6.393688,6.482506,4.876485,4.364245,3.6387143,3.8930888,3.3751085,4.1275096,4.973445,4.8290462,5.3906775,4.4729533,4.196835,4.355407,5.9874463,5.458285,6.090988,6.298577,5.8429375,5.238751,4.573696,5.5738573,6.302153,5.417163,3.747132,6.126124,2.0586114,2.8524337,0.0,3.3936431,3.6361444,5.149913,6.3491626,6.488364,4.6106987,5.070577,3.6404567,3.6091185,7.0851316,6.9743295,7.0743513,5.3069706,7.9152646,5.048523,7.1016173,7.0630565,6.952025,8.018693,7.9619846,6.8301377,5.896752,6.124847,6.52036,6.676805,6.832204,7.4023156,3.6782176,7.0512137,7.957245,5.6201158,6.2353187,6.7076845,6.4994287,3.933572,9.203437,7.032971,9.875472,9.0517435,7.8806586,7.162081,8.837774,9.043237,7.5090833,8.265167,8.731702,9.156236,7.0691967,6.3926573,6.934441,7.7901335,8.1846895,9.201472,7.918278,8.133559,6.240906,8.255232,9.246418,7.662258,7.808434,5.963586,8.62251,7.953798,8.43224,8.181432,7.0799494,7.4872613,7.9441094,7.388508,4.7900367,4.9700165,6.9276395,7.992975,7.1483,6.6587763,8.135368,8.038755,8.045402,8.042628,6.9956374,5.613655,7.1345234,6.97261,5.8510566,6.4246516,8.452104,6.6372724,7.532491,6.681791,7.5014277,7.1338177,7.6469135,6.318132,8.106855,8.847432,7.854594,7.8466325,6.1288476,7.5132146
29,6.194925,5.6890326,6.094374,5.2777343,4.4497967,5.382539,4.6786637,5.281371,5.256969,5.493734,5.7976737,5.0879574,5.524219,5.702648,5.3387556,5.012382,7.2660046,6.261323,6.043173,5.463872,4.9666643,5.245172,5.259854,5.303935,4.7564154,6.5661044,3.9733412,4.7767625,3.3936431,0.0,4.979698,4.538704,7.9942455,8.0795965,6.074536,6.865825,5.537406,5.3281302,8.491752,8.409914,7.835625,7.1030545,9.055678,6.5678287,8.713997,8.638401,7.780497,8.812859,8.760421,7.898431,6.3744855,6.5810547,6.761607,7.0570474,6.853435,7.3809705,5.092254,7.930861,8.121584,6.5613275,5.6504183,7.082697,6.838964,4.751211,8.281935,7.626124,9.378906,8.513389,9.176487,7.477518,9.334295,9.928823,8.423041,8.978121,9.5824,9.442631,8.217169,6.850014,7.431986,8.525954,7.8828716,7.8121276,7.508443,7.9275923,6.086449,7.791362,8.919178,6.9779153,8.644476,6.9063106,9.27029,8.757779,9.211073,8.977234,7.6375556,7.8455977,8.867488,8.248405,6.708319,7.0540333,7.5040317,8.596747,7.369331,7.122045,8.773693,8.717463,9.338956,9.293807,7.9720626,6.7162223,8.094382,8.173564,7.312179,7.2924237,9.333033,7.2507186,7.3980412,6.822962,8.066307,7.7027707,8.192968,6.228582,8.990882,9.604816,8.511577,8.493048,7.143387,8.239523
30,6.989228,6.9667253,4.725455,5.556834,4.1228757,4.437159,4.6156554,5.198882,5.3404846,5.563167,5.6869082,5.8939767,4.9583917,5.1154346,6.723916,6.1226244,6.0385904,6.3516765,6.1145344,5.5337224,5.091484,5.8283677,6.165888,5.6068687,4.8434706,6.2280517,3.0265331,3.58937,3.6361444,4.979698,0.0,3.9468935,5.7604814,5.8947806,5.181929,5.1128225,4.8849545,4.66444,6.6823964,6.536672,6.209211,5.8760595,8.082874,6.437936,7.9159904,7.159824,7.900983,8.993574,8.208093,7.372627,6.7552195,6.9493837,6.029516,6.474693,6.6635017,7.3043904,4.9952064,7.3454614,8.415955,6.3864336,6.449469,6.2348266,6.2258964,4.7401133,10.145824,7.763772,9.759222,8.849611,7.75398,7.329441,8.410878,8.860146,7.8412986,7.729199,8.124679,7.974067,6.623946,7.439588,7.395945,7.577529,7.4055424,8.792172,7.3404765,7.61934,6.1335864,8.970268,8.850144,7.193767,7.201015,6.329374,8.867842,8.077031,7.9188795,7.647597,6.9803457,7.1815524,8.48471,7.678161,4.590194,5.4184747,6.4027133,7.369699,6.452492,5.932461,7.2132607,7.563994,6.936565,7.468492,6.702613,6.5053897,6.2532215,6.1859975,5.545689,6.5676856,7.821948,7.71139,8.689287,7.8617454,7.211302,7.963239,7.053581,6.6589727,7.750437,7.6584725,7.8754287,7.852864,6.488801,7.51826
31,5.589773,5.5506473,6.9172173,6.7054763,5.4009776,5.718292,5.8898005,6.415367,6.356174,6.6957564,6.809773,6.944967,6.1436286,6.352852,7.5850286,7.087398,7.5278854,6.259897,6.202703,5.672316,5.045337,4.764142,6.0518513,5.5599875,6.500897,7.333512,4.828646,5.146043,5.149913,4.538704,3.9468935,0.0,7.8265877,7.918729,6.790231,7.2927732,7.042876,6.915243,8.517306,8.387576,8.144173,7.978989,9.671651,8.205373,9.567558,8.98289,9.108095,9.986633,8.850973,8.023621,7.4603176,7.6711745,6.830338,7.1924963,7.37931,7.389824,6.2815366,8.591306,8.393633,7.1524982,6.5001683,6.979566,6.946363,6.521973,8.608115,8.92593,8.187695,7.118149,9.024846,7.440599,8.724919,9.915679,9.039554,8.557441,9.323204,7.9962,8.106111,7.3977723,8.542623,8.994939,8.482884,7.684138,8.419155,8.654596,7.5065675,9.83418,9.813419,8.345156,8.660693,7.823396,9.958672,9.279622,9.236633,9.018731,8.345161,8.5084,9.060919,8.329288,6.490216,7.1821637,6.923798,8.049218,6.6951685,6.2582164,7.970577,8.34851,7.813482,8.306037,7.6812263,7.4802547,7.3363748,7.239419,6.558384,7.389316,9.046202,8.269777,9.141253,8.307956,7.956311,8.551999,7.801855,7.925681,8.443309,8.46364,8.462514,8.441479,7.319571,8.221101
32,8.590666,8.193351,7.5425763,7.4348598,7.1914763,7.32996,6.9264994,7.325698,7.8409653,7.8382688,8.026858,7.6264033,7.6684146,7.65789,8.972116,8.698603,7.8513646,8.5776825,8.290435,7.881884,7.65468,8.417209,8.980855,7.9162517,6.852387,8.233431,6.669429,7.011459,6.3491626,7.9942455,5.7604814,7.8265877,0.0,1.536861,5.4061365,4.2325883,5.4241314,5.6520905,4.340739,4.3114557,6.069266,5.700107,8.004173,6.8139944,7.3277144,6.0870843,8.263892,7.799314,8.010739,6.502238,7.433603,7.5521727,6.6791115,6.433705,6.9088664,7.711447,6.5843716,6.601041,8.878728,6.2439585,7.7403817,7.734847,6.8560295,6.4959016,11.1548815,8.367126,9.157969,9.325193,8.559716,8.572776,8.919182,9.716941,7.059098,6.203598,6.84227,7.5262427,6.264949,7.214852,7.804595,6.426035,8.462223,10.16972,9.09993,8.18149,7.786415,8.22997,9.360421,8.614157,7.864327,8.003192,8.773195,9.472386,7.8047466,8.1746435,8.819715,8.980414,8.377411,8.202808,7.1072493,7.3292255,6.827914,6.9553943,8.051894,8.910326,8.044957,7.6560826,7.667497,7.817714,6.4932585,7.2313704,6.5312843,6.280467,7.6248307,7.49808,7.722687,8.258425,8.584198,8.119193,8.090957,7.9118247,8.531834,7.777759,8.72164,7.8849335,8.825038,8.808969,7.9600625,8.245083
