,0,1,2,3,4,5,6,7,8,9,10,11,12,13,14,15,16,17,18,19,20,21,22,23,24,25,26,27,28,29,30,31,32,33,34,35,36,37,38,39,40,41,42,43,44,45,46,47,48,49,50,51,52,53,54,55,56,57,58,59,60,61,62,63,64,65,66,67,68,69,70,71,72,73,74,75,76,77,78,79,80,81,82,83,84,85,86,87,88,89,90,91,92,93,94,95,96,97,98,99,100,101,102,103,104,105,106,107,108,109,110,111,112,113,114,115,116,117,118,119,120,121,122,123,124,125,126,127
0,0.0,3.2406852,5.42688,3.9623976,2.6927037,4.3575773,4.7291303,5.2898197,4.196871,6.3659353,5.1689115,6.6473536,5.787404,4.3228,5.7960114,5.818654,6.160676,7.5052238,7.1417294,6.2403555,6.163947,6.139733,7.8442826,6.97251,7.2554836,6.7145495,6.314996,6.820128,5.7902384,5.564765,6.263456,6.4261055,4.982271,5.5728493,7.002166,6.1799836,5.026521,5.88187,5.034506,5.0261445,6.4934964,5.4036145,6.7813106,7.431882,6.291567,6.2249217,7.411138,7.5897703,8.583799,8.165908,7.189216,7.192184,9.459702,9.230361,8.849414,9.243986,7.777817,8.849616,6.348265,7.1592145,6.3767757,6.4823055,5.06866,6.357424,7.5754323,7.9434342,7.125448,7.693674,8.827498,7.5901117,6.775988,6.6839166,6.8957944,5.5134497,7.3034716,7.493905,6.5409813,7.9428506,6.6173067,5.157043,6.002199,5.996117,6.064209,6.05691,5.3308816,6.262987,7.3667,7.2985954,4.8464775,5.106597,6.661271,6.64629,6.1523814,5.7897477,6.923308,6.995532,5.5999007,5.8361936,7.033313,6.0402813,5.8061194,5.5453224,5.7018304,7.8736897,6.887743,6.403945,4.7318683,5.0414877,7.4484906,5.661504,5.46136,6.067217,5.401481,6.4890237,6.3366256,6.726306,7.1127234,6.610497,9.317534,6.306783,5.827501,6.8914046,5.9725084,5.871044,6.7103786,5.2865195,4.82314,5.695734
1,3.2406852,0.0,5.7861176,4.319699,2.6377196,3.4769158,5.0631413,5.2148237,5.002353,8.47083,5.1946235,6.669623,5.174556,5.2250533,6.7147923,6.7336874,5.686641,6.7471347,6.353579,5.3684807,6.2499886,6.3906717,6.892352,6.278127,6.757821,6.1111975,5.6165833,6.115286,5.011436,4.838843,5.729951,6.024365,5.640931,5.4855986,5.867446,4.985643,5.1074505,6.1203322,5.1280403,5.0991545,5.7625885,4.512671,6.7222714,6.8792105,5.6521473,5.150851,6.802453,6.987092,8.591706,7.9759674,7.7746468,7.7706985,9.580968,8.862892,8.824945,9.271183,8.036291,9.029391,6.646578,7.455483,6.1713524,7.0004387,5.656445,5.8317966,7.192403,7.2052593,6.5164866,7.1141047,7.96764,6.642623,5.8072386,5.880719,6.0563045,5.2666554,7.093323,7.284133,6.252911,7.674955,6.3107734,4.8539095,4.8900304,4.8878613,4.860803,5.256106,4.0420923,5.0995197,6.4671354,6.454308,3.5698214,3.702249,5.7055774,5.6854444,5.1085196,4.508967,6.9432273,7.1249375,5.116869,5.387196,7.033941,6.1341558,5.700864,5.1743803,5.497629,7.826931,6.4666014,5.5362453,4.416508,4.6955934,7.3468013,5.360207,5.46195,5.829749,5.2649503,6.186656,6.0269566,6.411205,7.4539976,6.565525,9.01459,6.0805397,5.0618334,6.940341,5.368588,5.756602,6.5614533,4.243488,3.370115,4.628355
2,5.42688,5.7861176,0.0,4.136038,5.6963415,4.116106,3.3226492,1.7531165,5.3461213,7.767434,5.150245,5.2744837,5.011084,4.8889637,6.318591,6.352196,4.3227615,5.942444,6.2033806,5.135206,3.7686322,6.3075376,7.1372733,5.040368,5.873961,7.3507414,7.096003,7.5257287,6.546187,6.586379,6.772473,6.172622,4.155477,5.0574417,7.06715,6.6410804,5.507609,5.670158,5.451775,5.4960785,7.085736,6.5378747,6.192845,4.7704215,7.025452,6.6315246,4.9856815,5.167333,6.5589952,6.736795,5.869851,5.7844043,7.975801,6.7975826,7.6520486,7.6925416,6.046458,7.187258,5.953099,6.096057,5.79249,5.9158583,5.0735364,5.7924285,5.930464,6.531712,5.5109982,6.2070265,8.696104,6.1642227,5.3447037,5.1611166,5.3423824,5.7109246,6.022881,6.610177,4.9899607,6.6138296,6.8095603,5.304368,6.532101,6.519059,6.427212,5.684774,5.967908,6.6968985,5.817575,5.3551273,6.3192267,6.380165,5.1289477,5.1109056,6.701371,6.3619723,5.03221,5.182467,5.5887017,6.019086,5.69052,5.494646,5.952011,5.6042223,5.862258,8.169538,6.85099,5.9731536,5.582176,6.110151,6.371681,6.378599,5.5910172,6.372371,5.2202516,4.841713,6.680286,7.0036373,6.6280794,5.6126204,8.4488735,5.595034,5.9900827,7.119558,6.6580944,6.2947836,6.1979423,5.2825565,5.5260367,5.5614595
3,3.9623976,4.319699,4.136038,0.0,3.70106,3.2656069,5.292279,4.416303,4.673353,6.649554,4.594223,5.7345414,4.7168584,3.9272058,6.02017,6.0520306,4.574934,6.2498245,6.333747,5.3581324,4.693597,4.6515145,7.654028,5.7006474,6.196903,5.739111,5.368566,5.76169,4.5083,4.4781346,4.8304358,4.679477,4.418795,5.5206685,5.653084,5.2068753,4.191478,4.7230124,4.221718,4.185309,5.546239,5.0584507,4.891247,5.3906493,5.603298,5.2291083,5.6303644,5.8060274,7.5856075,7.649239,7.287821,7.2124467,8.964497,7.839576,8.330906,8.699622,7.4501076,8.48857,6.234489,7.005973,5.4486136,5.521828,4.597262,5.535487,6.873012,7.3570714,6.4599037,7.0255966,8.305632,7.0041904,6.190889,6.0734057,6.154812,5.3443723,5.8619294,5.9731464,6.1081986,7.4763165,6.1502986,4.5594234,5.2768884,5.278396,5.2714114,5.600608,4.9250264,5.877268,6.615905,6.28494,4.626003,4.812516,5.860192,5.915548,5.6008215,5.345366,6.334662,6.4474974,4.318558,4.685306,4.7706556,4.594095,4.433225,4.2114635,4.889103,7.6476645,6.291017,5.309561,4.1579924,4.601566,7.350035,5.695097,5.006212,5.9297433,4.0356464,5.033827,5.02042,5.436319,7.042865,6.020714,8.754398,5.7697473,4.776333,5.4322176,5.3664584,5.259114,5.207667,3.944947,3.7820246,5.082281
4,2.6927037,2.6377196,5.6963415,3.70106,0.0,3.6842935,5.103979,5.636028,5.4643226,7.633032,5.240429,6.8589067,5.088474,5.1509614,6.827995,6.8483768,5.971533,7.534767,6.9920163,5.938871,6.0583735,5.4770803,7.831523,6.751831,6.7870593,5.9105887,5.645068,6.1840887,4.7380524,4.6680555,5.440061,5.945487,5.616009,5.9653363,6.7411504,5.55437,5.620255,6.6839223,5.6768517,5.606976,6.751939,5.2407923,6.1944985,7.0893273,6.2687607,6.0233316,7.034716,7.157637,9.225618,8.856239,7.775863,7.77939,10.473866,9.452736,9.642254,10.227596,8.5819,9.580847,7.2989645,8.071724,6.369434,6.600193,5.545422,6.9351563,7.5222554,8.033517,6.9876204,7.569541,8.696217,7.630169,6.9032073,6.666889,7.085333,6.2474756,7.9167175,8.1940775,6.951107,8.29212,7.3695083,5.6160154,5.9229217,5.91865,5.931354,6.555246,5.337781,6.1887903,7.5531845,7.4678955,4.7377577,4.968103,6.786863,6.7722535,5.9855843,5.7562685,7.36994,7.535997,5.0976453,5.511935,6.3597403,5.251795,5.5504723,5.2866716,5.89128,8.260109,7.6087394,6.690812,4.8842397,5.7463584,8.034796,5.6651826,5.562553,6.6484313,5.304307,6.310912,6.0073776,6.4063764,8.086244,7.062902,9.409578,6.540423,5.4589276,6.9813266,6.031477,6.049216,6.224046,4.7603655,4.249112,5.3534317
5,4.3575773,3.4769158,4.116106,3.2656069,3.6842935,0.0,4.8371673,4.335685,5.5126877,8.900296,5.018957,6.25337,4.887843,5.2066493,7.1158066,7.1441255,4.4489913,6.4393578,6.567719,5.1182003,4.743471,4.9368477,7.4856358,5.5866585,5.698767,5.649049,5.251499,6.011582,4.4897695,4.506147,4.8055673,4.746469,5.121529,5.0698175,6.054811,4.8382707,4.2592034,4.944518,4.3313465,4.2437973,6.0100174,4.974316,6.192142,6.099144,5.899683,5.6459913,5.943434,6.1399574,7.468651,7.6249394,7.0504923,7.0199146,8.965877,8.184413,8.679449,8.673309,6.736652,7.8226967,5.6022444,6.3357205,5.445836,6.3684444,4.878948,5.379253,6.8661966,7.337439,5.9989905,6.7384663,8.382904,6.8220353,6.041699,5.589127,6.076236,5.255968,6.439045,6.8914065,5.7497454,7.228848,6.527097,4.6506324,5.509302,5.5069723,5.4826975,5.5121136,5.000423,5.909088,6.473389,6.126954,4.901844,5.0888824,5.564845,5.555736,5.9891224,5.4886813,6.2551847,6.606565,4.8334084,5.4072833,5.1101546,4.860031,5.9205036,4.9013476,6.020152,8.263858,6.3968196,5.4145613,4.113667,4.6273346,6.766215,5.4513392,3.6735666,5.571631,4.4644756,5.1543584,5.8043056,6.1883545,7.7867904,6.6812143,9.309038,6.7175703,5.1728816,6.2946424,5.6178336,5.925456,5.9448256,4.085858,3.4117465,4.358061
6,4.7291303,5.0631413,3.3226492,5.292279,5.103979,4.8371673,0.0,3.13198,5.855088,7.732196,5.8393674,6.0324473,5.1598134,5.5748477,6.502653,6.522893,5.3818197,6.7696033,6.346603,5.370313,5.365314,7.221721,7.1116104,6.0777655,6.3325205,7.704188,7.4159236,7.876324,7.1747174,6.7911706,7.5022254,7.6388187,4.5604467,5.4605803,7.974234,7.180076,6.576521,6.9814615,6.544913,6.560497,7.8923016,7.3573146,6.770513,5.660428,7.813222,7.3724875,5.6611376,6.3897195,7.796933,7.7058444,6.527277,6.532663,8.856384,7.33502,8.5768795,8.255224,7.1016116,8.179054,6.951785,7.0800734,6.558946,6.675086,5.801748,6.7953515,6.377053,6.8976064,5.792919,6.958875,9.125245,6.706576,5.755332,5.634572,5.8870187,6.159616,7.584952,8.225726,5.555227,7.1820717,7.3342133,5.876295,6.949513,6.9360943,6.893497,5.9462776,5.975199,6.6923313,5.9283037,6.309019,6.3650246,6.486436,6.032302,6.0125155,6.8402066,6.575048,5.2777123,5.3832893,6.4643984,6.8883543,7.532064,5.967556,6.6906724,6.5498366,6.2557106,8.734287,7.906656,6.934178,6.2542686,6.9971623,6.7227674,6.759625,6.688017,7.5897574,6.516829,6.1346755,7.772997,8.063838,7.0435224,6.037623,9.093375,5.3892183,6.7941656,8.241489,7.6200495,7.320598,7.337081,6.341619,6.2530756,6.4032226
7,5.2898197,5.2148237,1.7531165,4.416303,5.636028,4.335685,3.13198,0.0,4.7985106,7.65887,4.94352,5.0797663,4.7219133,4.720492,6.0049095,6.0377407,4.0777483,5.3789034,6.2678576,4.830957,4.3816586,6.9869065,6.6002135,5.208083,5.9589696,7.3939095,6.993379,7.738244,6.499062,6.5283575,6.66832,6.641325,4.145971,4.646323,6.763797,6.3613067,5.4012303,5.7947807,5.3333106,5.389834,6.728354,5.9185023,5.915112,4.729429,6.522133,5.8404884,4.4415197,4.6179137,6.674065,6.1684875,5.830474,5.778388,7.672721,6.311406,7.6233034,7.3690057,6.087562,7.202073,5.8501773,6.050138,5.4956045,5.7697086,5.011894,5.0602727,5.740081,5.9963436,5.3441763,5.9635787,8.251231,5.4620967,4.505503,4.6790247,4.601865,5.2721796,6.2292933,6.6622972,4.673667,6.3905015,6.486219,5.204342,5.705165,5.692128,5.6175056,4.703444,5.0179586,5.8855295,4.937814,4.3608236,5.3993,5.508942,4.0408273,4.0140934,6.078912,5.5376105,4.7908773,4.8619246,5.3303657,5.635642,6.1956987,5.9275355,6.203218,5.295336,5.3115754,8.094317,6.2595325,5.2938766,5.4772625,5.637965,5.6752224,5.719556,5.802867,5.914129,4.8674426,4.4421854,6.2743187,6.6235,6.529532,5.562513,8.426587,5.496509,5.7125053,6.951076,6.3669624,6.021241,6.0730324,4.9453015,5.092685,5.148614
8,4.196871,5.002353,5.3461213,4.673353,5.4643226,5.5126877,5.855088,4.7985106,0.0,5.408198,5.546474,6.3626175,5.0239034,3.340619,4.169754,4.2030296,5.4087877,6.229761,6.8187346,5.6800275,5.9219875,6.9385223,7.1524534,5.9866476,6.8494067,6.798408,6.484105,7.372518,5.662584,5.5900483,5.858133,5.5639544,4.2467756,4.7376776,5.144194,5.07531,3.980248,4.385761,3.9430623,3.991566,4.8801837,4.0698233,5.5255075,5.924564,5.0594997,4.561371,5.880743,5.7935915,7.169791,6.7340064,6.55827,6.505597,7.907098,8.106518,7.9278216,7.9546323,6.723678,7.8397017,5.7449064,6.801649,5.971882,6.14481,3.8368304,3.8164628,7.030001,7.0060797,6.7218804,7.05887,8.485429,6.949823,6.0840397,6.4534454,6.298627,4.7596087,6.087532,5.8338423,6.144944,7.721645,5.9003587,5.327493,4.9361687,4.93173,5.113574,4.4060545,4.46454,5.581484,6.4018407,5.597295,4.3182483,4.6825075,5.2300935,5.2009244,5.165996,5.2063966,5.709677,5.5979652,5.528376,5.459388,7.076822,6.738405,5.4100676,4.8994308,4.048927,7.003674,5.9455566,5.4292746,4.6014986,4.492711,5.6887074,4.965336,5.352127,4.570812,4.919724,5.566627,5.3752193,5.819574,5.8463483,5.532685,8.51452,5.885699,5.6815085,6.209467,5.273755,4.8735805,5.7466,5.0336385,5.2494,5.2003794
9,6.3659353,8.47083,7.767434,6.649554,7.633032,8.900296,7.732196,7.65887,5.408198,0.0,8.005419,8.733143,7.1679707,5.7477193,5.0270143,5.041754,8.248547,8.91394,9.27902,8.681432,8.447105,8.557465,9.6914215,8.893455,9.192973,8.917829,8.613608,9.6168375,8.731087,8.018846,8.485645,8.703806,6.471184,8.436717,8.756614,8.737965,7.8342633,7.9593844,7.8248425,7.8389344,8.140658,8.079304,6.2481565,7.7277284,8.17586,7.92898,7.841577,8.30502,9.871558,9.670322,8.795026,8.761301,10.348299,9.512028,10.601742,10.228711,9.683594,10.56265,8.960553,9.703051,7.9745803,6.761019,6.3257337,7.9214606,9.295795,9.717045,9.426788,10.063323,10.776705,9.860788,9.345603,9.406534,9.398345,8.168463,9.155768,8.860077,9.181121,10.286625,8.648882,8.306091,8.251425,8.245294,8.374713,7.857644,7.7915773,8.472064,9.090265,9.022084,7.8942585,8.10614,8.838597,8.863536,8.2681675,8.409259,8.024837,7.714334,8.00154,7.837516,9.123281,8.103963,7.3378816,7.5757427,6.5200605,8.96816,9.214642,8.879346,8.294887,8.32999,9.091021,8.412194,8.910785,8.89028,7.732085,8.154335,7.7367206,8.028394,7.9073987,7.7771106,10.619117,7.5379944,8.6094,7.925907,8.792122,8.0072775,8.157702,8.570821,8.860912,9.084029
10,5.1689115,5.1946235,5.150245,4.594223,5.240429,5.018957,5.8393674,4.94352,5.546474,8.005419,0.0,3.2695777,6.1324883,5.825854,6.836046,6.883901,6.476513,7.6521688,7.8958526,7.698547,6.4945726,7.140797,8.709939,7.230985,8.349768,8.231699,8.17769,8.755818,7.512382,7.521815,7.6176972,6.833314,6.2153645,6.5299873,6.2835274,5.8991413,6.1693172,6.5904593,6.1330814,6.166017,7.000623,6.6249833,6.538046,6.682087,7.1812496,6.5580015,6.652155,6.5899916,8.255313,8.159352,7.74378,7.698881,9.452681,8.464198,9.574008,9.298641,6.893882,8.038352,4.539384,4.9662533,7.053465,7.249447,6.0056505,5.6860824,7.79514,7.998476,7.458496,7.7692003,9.141787,7.8325043,7.2329755,7.2878275,7.2928333,6.4988203,7.5246,7.3634353,7.20872,8.380387,7.289351,6.6083736,7.032497,7.03396,7.064995,6.8337417,6.8997087,7.627406,8.0882225,8.004377,6.6103578,6.903521,7.2210517,7.1958637,7.169227,7.166606,7.6323004,7.6614943,6.561694,6.7640953,7.3728104,7.3249583,6.5485663,6.5086913,6.2539735,8.52447,6.913576,5.799399,5.2167397,5.475074,7.8260164,7.2954273,6.6906166,6.768016,6.7186203,7.2901664,7.2315836,7.5546002,8.024465,7.247024,9.624816,7.5323324,7.2385554,7.160224,7.186768,7.0375624,7.0104346,6.379636,5.3193398,6.5609117
11,6.6473536,6.669623,5.2744837,5.7345414,6.8589067,6.25337,6.0324473,5.0797663,6.3626175,8.733143,3.2695777,0.0,6.974448,6.0159883,7.521328,7.5647306,6.2065463,7.14417,7.446108,7.5188017,6.607027,8.331301,8.664422,7.3507867,8.141341,8.821689,9.315157,9.808011,8.1764145,8.366549,8.422986,8.08419,5.820329,5.673446,6.9809785,6.729854,6.4032164,6.8338776,6.3333225,6.3969884,7.952749,8.1232195,7.357036,6.620032,7.7756195,7.1850877,6.5560837,6.237537,7.546577,7.429682,7.3091745,7.263025,8.447483,7.892063,8.56074,8.443051,6.3067527,7.7071447,5.1383953,5.0146174,8.166269,8.353237,6.58603,6.260502,6.7046337,6.8293185,6.4469156,6.530385,9.192636,7.310059,6.578511,6.836055,6.4970217,6.4574075,7.2456756,7.345881,6.3736386,7.601812,7.27984,6.669291,7.8083577,7.8093038,7.758705,7.1670365,7.6086836,8.226474,7.9831824,7.86723,7.6046357,7.768545,7.5098653,7.5454564,7.062897,7.834058,7.122879,7.1148334,7.321438,7.514931,8.0664015,7.911725,6.643882,7.3371844,5.913888,9.084647,7.276944,6.331859,5.173304,6.437553,7.126125,7.3310394,7.8268394,7.523504,7.446912,7.4838634,8.189408,8.442431,8.046614,7.4031596,9.2189455,7.63726,7.9139795,8.254881,7.5249915,7.1308026,6.744055,7.0360227,6.3708344,7.6341634
12,5.787404,5.174556,5.011084,4.7168584,5.088474,4.887843,5.1598134,4.7219133,5.0239034,7.1679707,6.1324883,6.974448,0.0,4.524214,4.6868606,4.699734,4.777485,5.05346,5.561897,4.8950024,4.4781103,4.9918623,6.202481,4.271225,4.4480286,4.732326,4.611578,6.7713733,5.2765503,4.586267,4.7406454,5.4649754,4.948107,5.9469843,5.892477,5.2313504,5.9416513,6.613637,6.001516,5.9261785,6.364347,5.386576,4.3416224,4.6579075,6.267436,5.4124284,4.536301,5.2647457,7.9916625,7.8426576,7.1988983,7.1596007,9.286125,7.214298,9.320142,8.913692,7.720463,7.4549336,7.5041595,8.139171,5.3148775,5.5377045,4.458628,5.44032,6.0115123,6.4287896,6.305799,7.338488,7.1179695,6.4166107,6.519086,6.445045,6.7344666,6.4903092,7.6465335,7.7533145,6.8334174,8.089763,6.4411345,6.332418,4.49415,4.480495,4.581556,5.6653886,4.5479674,4.4758058,5.2147317,5.723677,5.464863,5.52855,5.851493,5.81935,5.4225454,5.6105757,5.93914,6.01238,4.268592,4.5471897,5.5816145,4.0463853,5.122256,4.191288,4.98781,6.329844,7.219222,5.7021365,5.5752735,6.457315,7.153221,6.2500396,6.1826515,6.9819646,5.440017,5.041716,4.7382207,4.9085674,6.886619,6.360738,7.7929115,5.4099655,5.8200464,6.4489317,6.853707,6.580374,4.655926,5.0125294,5.2912226,4.438278
13,4.3228,5.2250533,4.8889637,3.9272058,5.1509614,5.2066493,5.5748477,4.720492,3.340619,5.7477193,5.825854,6.0159883,4.524214,0.0,3.5963898,3.6150372,4.8388743,4.718845,5.360714,4.927466,4.8843794,5.87094,5.980004,5.074518,5.059748,5.2997527,5.3798356,6.9773593,5.1125736,5.18583,5.3511553,6.166685,3.356631,4.2391896,6.316257,5.9210687,4.0376563,4.919697,4.017027,4.039466,5.219215,5.3040504,5.6082163,5.862729,4.9729424,4.968902,5.7611876,5.652986,6.913344,6.4483724,6.185065,6.13714,7.500615,7.7644787,7.132566,7.5102105,6.6231427,6.5869637,6.130332,6.8888483,5.8307986,5.810832,3.9603996,5.0967717,5.033891,5.4105816,5.6326003,6.035139,6.3801622,5.4209614,5.2876353,5.5016217,5.386472,4.185239,5.5735636,5.5672345,4.921351,6.5387635,4.151626,4.22833,4.1947103,4.1879706,4.027385,5.1019254,4.2150197,4.3726025,5.167016,5.1915054,5.0149794,4.6359634,5.4193006,5.4815483,4.332993,4.6223,5.0667753,5.0293503,3.840744,4.005467,5.3189106,4.6529527,3.963407,3.5260975,3.7941647,5.8644853,4.8486547,4.880109,3.6605442,4.5441294,6.0733657,4.8856936,5.579551,5.53774,4.5755167,4.5927405,4.1823516,4.390499,5.433524,5.87976,7.0705934,5.548924,4.423457,5.224627,4.707605,4.082616,3.950893,4.2133923,4.6507864,4.5874085
14,5.7960114,6.7147923,6.318591,6.02017,6.827995,7.1158066,6.502653,6.0049095,4.169754,5.0270143,6.836046,7.521328,4.6868606,3.5963898,0.0,0.0670001,6.513993,5.5350347,6.3286605,6.6670156,6.41584,6.993504,5.829321,5.6837687,6.365844,6.5168133,6.3841887,8.553536,7.4851494,6.617076,7.1702337,7.403616,5.027473,6.708458,7.043969,7.0223036,6.46167,6.856753,6.4473977,6.465781,6.0164557,6.5193596,5.9872136,6.3001347,6.0765886,5.9530582,6.323456,6.8996673,8.043814,7.5815063,7.323666,7.2782564,8.123891,7.949386,8.609054,7.9772677,7.3805532,7.0381575,6.8725224,7.623551,6.2342653,5.9539795,4.4080315,5.678632,6.174477,6.364298,6.972392,7.853578,6.8459964,6.540775,6.9549327,7.0175643,7.091118,5.8548255,7.108766,6.736233,6.8049173,8.080547,5.0212965,6.0929823,5.6325793,5.617221,5.4251904,6.030943,5.4376497,5.2647457,6.0286856,6.6990824,6.8317304,6.322514,6.710616,6.6988807,5.663387,5.871768,6.014009,5.8540998,5.844314,5.6932287,7.4789515,6.27518,5.4850693,5.5470223,4.906281,5.635365,6.1816278,6.420815,6.2821484,6.607253,7.7616286,7.261031,7.42564,7.378583,6.631208,6.4715943,5.7059097,5.788877,5.985933,6.8325067,8.006255,6.094326,6.5396404,6.158634,6.8217516,6.2735186,6.086558,6.730683,6.9275064,6.3279305
15,5.818654,6.7336874,6.352196,6.0520306,6.8483768,7.1441255,6.522893,6.0377407,4.2030296,5.041754,6.883901,7.5647306,4.699734,3.6150372,0.0670001,0.0,6.5465045,5.5472755,6.3312316,6.679527,6.4415746,7.015204,5.821368,5.7052646,6.3699455,6.518688,6.3880644,8.565196,7.5030007,6.6332307,7.1916704,7.433812,5.061412,6.7348533,7.062908,7.0402117,6.4813657,6.878237,6.4669905,6.485328,6.0286713,6.546095,6.011352,6.3235664,6.0974855,5.977559,6.3485,6.9219284,8.063414,7.6019197,7.341878,7.296991,8.1325445,7.9588013,8.615685,7.9884553,7.4108343,7.053415,6.9157505,7.66682,6.254692,5.9726763,4.4470863,5.7065167,6.171833,6.3612714,6.9822154,7.8627224,6.8260417,6.5390687,6.964102,7.0265903,7.0997834,5.8670616,7.121221,6.7566595,6.822062,8.09372,5.014475,6.1060634,5.6396427,5.624185,5.4274726,6.0437617,5.4430475,5.256601,6.0326424,6.7114873,6.850737,6.33178,6.7320786,6.720815,5.667651,5.874483,6.017805,5.8567777,5.854997,5.701044,7.498473,6.287035,5.4907985,5.556398,4.919926,5.624242,6.1917496,6.4376225,6.313234,6.634703,7.777467,7.2805796,7.4467874,7.396614,6.648681,6.489845,5.7133584,5.792606,5.9849973,6.8418875,7.9945292,6.1030025,6.542727,6.1612606,6.829624,6.2819214,6.1028504,6.747004,6.9517536,6.340413
16,6.160676,5.686641,4.3227615,4.574934,5.971533,4.4489913,5.3818197,4.0777483,5.4087877,8.248547,6.476513,6.2065463,4.777485,4.8388743,6.513993,6.5465045,0.0,3.8115199,5.7329154,3.5975819,4.264123,6.0215015,6.469679,4.449185,4.052227,5.340508,5.431946,7.207496,4.9970994,4.28136,4.324083,5.8462467,3.2499514,3.4683697,6.843536,6.1987405,4.8638635,5.7362857,4.928139,4.8570085,6.790328,5.3394303,5.7725816,5.222835,5.0450506,4.4469457,4.557655,5.07254,6.7213187,5.8424373,6.1709166,6.1325965,7.7282815,6.9503565,7.819662,7.6067224,6.3627434,7.752972,6.562983,6.941665,5.2705865,6.032503,3.6724563,5.4749303,5.439494,5.6933775,4.603531,5.576214,8.174412,5.755873,5.162992,4.737466,5.071441,5.491242,6.6933603,6.8988523,4.6905513,6.305331,6.6986437,4.8362513,5.393269,5.3804755,5.402481,4.9442077,4.714085,5.6351185,5.1018887,4.4858613,5.1616793,5.4203095,4.497807,4.563244,5.2056446,5.631888,5.7382607,6.019348,4.953841,5.1854787,5.613812,5.069324,6.081664,5.3086843,4.585909,8.3343525,6.78737,6.0070887,4.28979,5.7330713,5.9170523,4.295651,5.8017673,6.536993,4.241069,3.5496163,5.684683,6.0342336,7.707848,6.895406,9.109493,6.0425396,6.2066336,7.5170755,6.1074524,5.9447627,4.6064234,4.6117525,4.773484,5.783841
17,7.5052238,6.7471347,5.942444,6.2498245,7.534767,6.4393578,6.7696033,5.3789034,6.229761,8.91394,7.6521688,7.14417,5.05346,4.718845,5.5350347,5.5472755,3.8115199,0.0,4.6815505,4.6591983,5.1386,7.041492,4.3998837,3.9959269,3.868034,5.540435,5.69892,8.402455,6.56709,5.932593,5.9901695,7.553687,4.6551275,5.0109477,7.4362106,7.3231506,6.195509,7.1388583,6.203241,6.1937423,6.889629,6.517471,7.0403285,6.159738,5.4510746,4.9667153,5.6448574,6.0515385,7.4772086,6.043098,7.2806406,7.231348,7.4660697,7.1676607,7.5288386,7.3863335,7.2338624,6.7397947,7.5291095,7.88549,6.361966,7.0802846,5.1173315,6.0676126,3.9909585,3.6145833,4.916884,5.728198,5.338933,3.8644297,4.862218,4.9487405,4.794644,5.686237,6.7048607,6.666444,4.924623,6.490724,4.84999,5.2233324,4.653894,4.6344857,4.2726803,5.608333,4.6225357,4.1547914,3.603588,4.33518,6.3124995,5.725262,5.042595,5.1225204,4.551836,5.1398697,6.090381,6.2422566,4.882079,4.845404,6.385523,5.7136335,5.881112,5.272812,4.796339,6.5681257,5.6400704,5.584979,5.250781,6.4510927,7.094273,5.910015,7.6209292,7.4712086,5.6825423,4.6010156,5.383146,5.377058,7.1418633,7.5955343,7.506645,6.1623297,6.139942,7.3622174,6.3211875,6.1242857,4.409048,5.308006,5.669318,5.714195
18,7.1417294,6.353579,6.2033806,6.333747,6.9920163,6.567719,6.346603,6.2678576,6.8187346,9.27902,7.8958526,7.446108,5.561897,5.360714,6.3286605,6.3312316,5.7329154,4.6815505,0.0,4.716812,5.1132264,6.7291,5.2039557,3.2594836,4.7087684,5.953901,6.24502,6.9065347,6.9136653,6.2857013,7.2487445,6.8163543,5.223366,6.048653,7.2491064,7.525383,6.8109894,7.2300267,6.7704263,6.8091598,6.9478264,7.551761,8.195396,5.9046054,7.10011,6.8618,7.142118,7.5222597,7.6021886,7.7685523,8.077059,7.9625344,8.957471,8.610932,7.1381145,8.7387495,8.374377,7.9907384,8.597881,8.906872,7.815897,8.399308,6.673858,7.7536416,4.9321637,4.9461117,5.5229063,6.464407,6.3977084,5.364081,5.880116,5.873953,5.9981594,6.430371,5.9812164,6.2905245,5.8622065,7.3056846,5.3347087,5.409274,6.0365424,6.02077,5.7490153,6.771155,5.796079,5.378338,5.279953,6.474195,6.9989233,6.446051,7.0370774,7.096666,5.4317617,6.1147146,6.6339912,6.796599,5.6670933,5.849321,7.1420097,5.7596536,3.8600156,5.9594903,5.6848965,5.610071,7.3233023,6.5666614,5.482342,7.1733565,8.466227,7.5274186,7.9693594,8.23267,7.3537054,6.5369487,7.1139975,7.119458,5.3747396,5.776846,5.635814,3.5880418,6.3175025,8.6584425,6.6565657,6.6951246,6.196047,5.5993657,6.087089,6.279845
19,6.2403555,5.3684807,5.135206,5.3581324,5.938871,5.1182003,5.370313,4.830957,5.6800275,8.681432,7.698547,7.5188017,4.8950024,4.927466,6.6670156,6.679527,3.5975819,4.6591983,4.716812,0.0,5.187862,6.8744946,5.5427136,4.250597,4.219023,4.8435187,5.438311,5.192826,4.480247,4.23277,5.18744,6.129532,3.799689,4.119826,6.8347936,6.32776,5.490854,6.1326547,5.507033,5.480159,6.200525,5.526705,6.299074,4.983073,5.362977,5.0256653,5.040339,5.466463,6.005623,5.402933,5.607983,5.549057,7.304559,6.658625,6.1706433,6.93469,6.79891,8.35975,8.011459,8.177583,4.992043,5.8538156,5.0648317,6.147198,5.448417,5.6186624,4.631087,5.645123,8.016716,5.5013804,4.4907417,4.5595455,4.794074,5.237087,6.2016335,6.595334,4.478208,5.009879,6.4639826,4.5815535,5.1523786,5.140121,4.973865,4.836629,4.0555644,4.9955277,4.5359178,4.046495,4.7076564,4.515375,4.283664,4.353638,4.5429325,4.7455845,5.0902786,5.3439837,5.054268,5.414284,6.307537,5.163814,5.41727,5.278499,4.8263683,8.113644,7.086105,6.5369735,5.049267,6.3451138,6.2240515,4.817759,6.1901565,6.76405,5.207576,4.335638,6.1144266,6.437474,6.9246325,6.006172,8.364893,4.925889,5.0464363,7.7399473,5.564909,5.4765935,5.5567117,4.4091215,5.205806,5.4222207
20,6.163947,6.2499886,3.7686322,4.693597,6.0583735,4.743471,5.365314,4.3816586,5.9219875,8.447105,6.4945726,6.607027,4.4781103,4.8843794,6.41584,6.4415746,4.264123,5.1386,5.1132264,5.187862,0.0,4.0382433,7.522805,3.6333177,4.451826,5.809261,5.800502,7.01072,6.086848,5.994122,5.396981,5.1011853,4.72834,5.3812304,7.3182836,7.1556854,5.637465,6.2318163,5.650981,5.6354027,7.988333,6.4790034,7.275185,6.26724,7.6160884,7.068398,6.7278543,6.886807,7.4022794,7.474709,6.889713,6.7767982,9.221829,8.139417,8.308552,9.064931,7.4503326,6.670489,7.558756,7.8079085,6.585035,6.9339294,5.3714066,6.7962413,6.2366967,6.7286677,6.6795673,7.267961,7.795547,6.6938186,6.9133377,6.7246747,6.8615437,7.2240686,7.0702505,7.4676304,6.62652,7.8776145,6.854159,6.393289,5.787048,5.7684507,6.031114,7.0384865,6.320912,6.1340747,5.875793,6.095426,6.6277785,6.9938283,6.612075,6.5975165,7.0145907,7.223308,7.1083446,7.285842,4.5844927,4.984496,4.503556,4.281773,5.4327993,4.906484,6.3834476,6.180981,7.559589,5.8353395,5.0201335,6.366118,7.657668,6.5946903,6.1494393,6.9135537,5.4994245,5.098799,5.850878,5.9440246,6.4817715,6.4914217,6.872844,5.309571,6.781329,8.114397,7.3760886,7.1635017,4.636231,4.8246803,5.3754277,4.8619585
21,6.139733,6.3906717,6.3075376,4.6515145,5.4770803,4.9368477,7.221721,6.9869065,6.9385223,8.557465,7.140797,8.331301,4.9918623,5.87094,6.993504,7.015204,6.0215015,7.041492,6.7291,6.8744946,4.0382433,0.0,8.871403,5.4014635,5.6884217,4.9112473,4.7971787,6.4379745,5.7016964,5.1241264,4.601677,4.5382447,6.268731,7.3997865,7.7012343,7.204558,6.47103,7.1083837,6.591275,6.470787,8.22866,6.731078,7.259474,7.7342405,7.9509773,7.6822534,8.130455,8.649003,9.354087,9.691997,8.8877735,8.807758,11.158164,9.983714,10.442379,10.816901,9.121071,8.298597,8.40978,9.048062,7.03657,7.3114533,5.7489867,7.881226,8.287866,8.946315,8.540093,9.397124,8.671111,8.903413,9.145481,8.718009,9.115568,8.378148,8.576917,8.637578,8.698339,9.721843,7.7565784,7.3476405,6.4931087,6.4848475,6.8017445,8.529244,7.1995335,6.940767,7.9158907,8.4520645,7.272125,7.649581,8.557902,8.547602,7.814724,8.052212,8.9150095,9.134131,5.2283807,5.687947,4.682735,3.810012,5.9768314,5.5246406,7.5382195,6.7822247,8.651507,7.172734,5.653872,7.004556,9.734993,7.800277,6.4408054,8.216544,6.430928,6.8324523,5.9933524,6.0444217,8.377942,8.334726,8.81805,7.0446434,7.448324,7.9288306,8.188399,8.196748,5.4954467,5.9059534,5.888651,5.7387414
22,7.8442826,6.892352,7.1372733,7.654028,7.831523,7.4856358,7.1116104,6.6002135,7.1524534,9.6914215,8.709939,8.664422,6.202481,5.980004,5.829321,5.821368,6.469679,4.3998837,5.2039557,5.5427136,7.522805,8.871403,0.0,5.215791,5.96668,7.063058,7.184573,8.837028,7.5165586,6.967064,8.269158,8.977322,5.9555273,6.7711306,7.9725733,7.78976,7.955367,8.660474,7.929934,7.94801,6.6567965,7.554204,7.854426,6.619759,5.6379027,5.9028625,6.4429827,7.000102,8.811814,7.533544,8.273145,8.245167,8.0666275,8.369629,7.602475,7.7092376,8.221802,8.64096,8.474844,8.945114,7.292351,7.9373527,6.355481,7.2866917,4.426329,4.1000404,4.8874354,6.0067163,5.8437037,4.1007056,4.551178,4.8596883,4.8914757,5.4927077,6.8198686,6.810225,4.890513,6.6312866,5.1437755,5.1159835,6.415289,6.397799,5.4913726,6.3972054,5.3027153,5.1835775,5.0524487,5.69393,7.363351,5.838394,5.4881825,5.5033894,4.1283517,4.5098934,5.731006,5.8709464,6.8706703,6.95505,8.610842,7.3165293,6.3167405,7.077875,5.673732,7.8012743,6.4083443,7.7283044,7.1003227,8.171061,8.579409,7.5653872,8.761797,8.735584,7.539685,6.7924085,7.316921,7.397359,7.9875026,8.200332,8.662312,6.7359324,5.6902823,7.7136545,6.246341,6.08157,6.9992805,6.8903403,7.247595,6.825209
23,6.97251,6.278127,5.040368,5.7006474,6.751831,5.5866585,6.0777655,5.208083,5.9866476,8.893455,7.230985,7.3507867,4.271225,5.074518,5.6837687,5.7052646,4.449185,3.9959269,3.2594836,4.250597,3.6333177,5.4014635,5.215791,0.0,3.9701293,5.4066086,5.4025035,6.5222077,6.0128326,5.4137955,5.8838406,5.3026266,4.4589534,5.696506,6.8429017,6.987331,6.5067425,6.866497,6.51311,6.5077267,6.702076,6.2182884,7.0626163,5.144897,6.4158926,6.0712676,6.015019,6.6677384,7.259406,7.255069,7.4372463,7.312006,8.8020315,8.188514,7.7070727,8.413193,7.4956255,7.096153,7.7469068,8.107101,6.4351597,7.137618,5.133923,6.6633363,5.5972805,5.7818713,5.8797903,6.975501,7.0603995,5.851805,6.1832643,6.118465,6.3969145,6.570248,6.3756204,6.3120403,5.901909,7.319892,5.9999847,5.7299466,5.4734755,5.455036,5.3659954,6.499217,5.5236435,5.2887545,4.8275437,5.5433307,6.556837,6.3079114,5.886699,5.871225,5.6849895,6.0703325,6.465392,6.6729703,5.152055,5.4762726,5.912225,4.8618035,4.853261,5.4015765,5.8672614,5.8621197,7.1979547,6.3738894,5.3056026,6.8290415,8.091572,7.0309315,6.9731283,7.656257,6.529699,5.4884048,6.2270308,6.300538,6.2154903,6.3593707,6.9292345,4.442997,6.213047,8.139826,6.8537507,6.7907066,5.3961725,5.226985,5.7485147,5.1557407
24,7.2554836,6.757821,5.873961,6.196903,6.7870593,5.698767,6.3325205,5.9589696,6.8494067,9.192973,8.349768,8.141341,4.4480286,5.059748,6.365844,6.3699455,4.052227,3.868034,4.7087684,4.219023,4.451826,5.6884217,5.96668,3.9701293,0.0,3.8981173,4.194124,7.3775554,5.6522264,4.8813715,4.794653,6.6948237,4.8770723,5.001741,8.240201,7.374546,6.1338162,7.031412,6.2066107,6.121026,7.464997,6.7384577,7.0218167,6.259381,6.4409075,6.3012824,6.020512,6.3990474,7.51076,7.332498,6.9582815,6.9335628,8.81377,8.196008,8.645267,8.78486,7.624431,6.780623,8.231319,8.630405,6.364302,7.0033927,5.3118386,7.183743,4.6440644,5.3641057,5.238885,6.3070827,6.405221,5.4526143,6.3093576,5.5972466,6.344708,6.4997034,7.5979276,8.046327,5.694988,7.154345,6.2865577,5.918491,5.2490177,5.228388,5.13282,6.3515887,5.3177123,4.7274814,4.569449,5.361207,6.7368236,6.475871,6.2757344,6.3321457,5.8984156,6.229258,6.0589395,6.400413,4.3045735,4.7170815,4.9586005,3.493406,5.895492,4.8171277,6.003198,6.78843,7.1636925,6.4295983,5.364929,6.891396,6.8838973,5.7293596,6.335619,7.608496,5.715107,4.148609,5.3471804,5.3234773,7.1211705,7.2484922,7.416345,6.234094,6.303399,7.7198653,6.8379884,6.7173953,4.5234885,5.112261,5.696813,5.4122977
25,6.7145495,6.1111975,7.3507414,5.739111,5.9105887,5.649049,7.704188,7.3939095,6.798408,8.917829,8.231699,8.821689,4.732326,5.2997527,6.5168133,6.518688,5.340508,5.540435,5.953901,4.8435187,5.809261,4.9112473,7.063058,5.4066086,3.8981173,0.0,3.1544836,5.6918197,4.709441,3.5907648,3.746119,5.866747,5.9495025,6.2266865,7.448645,6.524375,5.9388103,6.978455,6.0701537,5.930308,6.808604,5.898949,6.681314,7.2327437,5.8628335,5.7781873,7.077536,7.410062,7.717885,7.5031376,7.1737103,7.1470146,9.113774,8.41565,8.811194,9.084221,8.015929,7.9814215,8.521264,8.956419,5.305227,6.062616,5.3401594,7.0780907,6.5408187,7.039812,6.760623,7.6158514,6.9350514,7.0462265,7.565898,6.979529,7.630076,6.8490715,8.050489,8.177123,7.278497,7.3820047,6.5775914,6.162019,5.048891,5.0377154,5.0425744,6.8336487,5.2530355,4.931956,6.4504695,6.9197693,6.148102,5.986416,7.2655845,7.312583,5.7849216,6.1741858,7.5712895,7.852654,4.198607,4.451121,5.1642017,3.867434,5.6328444,4.726475,6.011976,6.8682323,7.4177012,6.6764393,5.1788177,6.5145802,8.152637,5.93146,6.188542,7.5357003,5.6591063,5.4834385,4.760233,4.8123665,8.048916,7.981869,8.478694,7.0515428,6.1808214,7.08449,6.480511,6.598832,4.775914,5.089374,5.3262715,5.584966
26,6.314996,5.6165833,7.096003,5.368566,5.645068,5.251499,7.4159236,6.993379,6.484105,8.613608,8.17769,9.315157,4.611578,5.3798356,6.3841887,6.3880644,5.431946,5.69892,6.24502,5.438311,5.800502,4.7971787,7.184573,5.4025035,4.194124,3.1544836,0.0,5.8082786,4.8884206,3.5705729,3.4925156,5.603038,6.2392054,6.7120104,7.7574296,6.962603,5.9775934,6.85639,6.0917745,5.9735656,6.2759166,4.9399962,6.5884657,7.1619234,5.837531,5.6147904,7.0372696,7.525294,8.816358,8.6081915,8.495123,8.464877,10.3205385,9.370101,10.052831,10.184838,9.126276,8.393238,8.512888,9.355725,5.632026,6.350092,5.6627398,7.1039343,7.3083787,7.7069197,7.5205665,8.4131975,6.894881,7.008288,7.636556,7.0120635,7.7603297,6.8921514,8.1057205,8.118387,7.4959126,8.670005,6.5569916,6.226019,3.9836226,3.9711082,4.1341567,6.185457,4.349916,3.9517093,5.627973,6.290659,5.263533,5.226495,6.63754,6.6773124,6.3163657,5.50029,7.6588435,7.9302926,3.4002767,3.6641932,4.6504993,3.6822681,6.104169,3.7325544,6.6099286,6.5677786,6.897855,5.929855,5.6762223,5.731267,8.189491,5.9664474,5.567075,7.047442,5.0078063,4.700333,3.8606858,3.926526,7.467762,7.448483,8.466734,6.6392965,5.7072997,6.58341,6.5143223,6.84191,5.6509533,4.358315,4.496333,4.7062435
27,6.820128,6.115286,7.5257287,5.76169,6.1840887,6.011582,7.876324,7.738244,7.372518,9.6168375,8.755818,9.808011,6.7713733,6.9773593,8.553536,8.565196,7.207496,8.402455,6.9065347,5.192826,7.01072,6.4379745,8.837028,6.5222077,7.3775554,5.6918197,5.8082786,0.0,5.1544566,5.1496115,6.1006336,5.272595,6.9928746,7.8925505,7.5778065,7.4557667,7.0497584,7.1299105,7.091966,7.049435,6.785056,6.2982845,7.7542257,7.241713,7.589652,7.414507,8.195401,8.644741,7.9879746,8.602965,8.436224,8.326018,10.31444,9.323986,8.354485,9.714929,9.464624,10.544338,9.850826,10.158968,6.214774,6.8710923,7.5312405,8.243336,9.407566,9.695898,8.798941,9.579324,10.125408,9.154309,8.340781,8.361864,8.642631,7.833438,7.6447306,7.6686296,8.37563,8.0720215,8.353406,6.889485,6.6191397,6.621477,6.7508125,7.5628686,6.311594,7.0130887,7.774734,7.725355,5.8040338,6.044271,7.611033,7.6421185,7.438276,6.846577,8.503399,8.692376,6.295266,6.7505336,6.8520064,6.102183,6.289539,6.293507,7.825911,8.769362,8.9731655,7.9318314,6.814379,7.1614413,9.612514,7.7996993,6.8646708,8.092034,7.0962415,7.294422,7.2827353,7.5773773,8.065898,7.08413,9.667532,6.243136,6.1813426,8.484984,7.2514124,7.61405,8.024835,5.675503,6.134055,6.400141
28,5.7902384,5.011436,6.546187,4.5083,4.7380524,4.4897695,7.1747174,6.499062,5.662584,8.731087,7.512382,8.1764145,5.2765503,5.1125736,7.4851494,7.5030007,4.9970994,6.56709,6.9136653,4.480247,6.086848,5.7016964,7.5165586,6.0128326,5.6522264,4.709441,4.8884206,5.1544566,0.0,2.785469,3.1245494,4.9426517,5.20383,5.178627,6.156783,5.0541883,4.875981,5.8808923,5.0109878,4.864511,5.9257646,4.435989,5.609364,6.566786,5.0213637,4.945813,6.233753,6.1942472,8.52746,8.184009,7.9306087,7.9019756,9.737458,9.350819,8.826001,9.465547,8.554837,9.588992,8.249503,9.146351,6.3190565,6.9581537,5.1914177,6.359681,7.4349895,7.813379,6.737055,7.206446,8.823869,7.641377,6.587283,6.709808,6.8513484,5.9789324,7.230832,7.312977,6.510932,7.816728,7.32268,5.5183644,5.1193876,5.1273813,5.144311,6.297076,4.837882,5.8027763,6.9174933,6.0062656,4.281978,4.416342,5.759192,5.803548,4.8909197,5.2657423,6.8498616,7.0737977,4.9958105,5.530435,5.4897017,4.975999,5.657167,4.842913,5.5821075,8.77898,7.4698553,6.9451723,4.5553107,5.962099,7.3017397,4.6120086,5.3298497,6.4189034,4.800738,5.3127513,5.1386123,5.5707326,8.686472,7.718192,9.682058,7.2495556,4.5467668,6.6818724,5.211965,5.2168026,4.7896504,4.068381,4.633246,4.8191376
29,5.564765,4.838843,6.586379,4.4781346,4.6680555,4.506147,6.7911706,6.5283575,5.5900483,8.018846,7.521815,8.366549,4.586267,5.18583,6.617076,6.6332307,4.28136,5.932593,6.2857013,4.23277,5.994122,5.1241264,6.967064,5.4137955,4.8813715,3.5907648,3.5705729,5.1496115,2.785469,0.0,2.7798579,4.765881,4.77836,5.4768577,6.2690263,5.244443,5.170853,6.0411253,5.3268347,5.162708,5.749603,4.4349947,5.199075,6.0688586,4.514515,4.3715887,5.8562627,6.518686,8.328153,8.035876,7.8479705,7.823505,9.546894,8.806527,9.126454,9.244604,8.321997,9.520397,7.97404,8.867854,5.4438567,6.1844563,4.1687727,6.2861304,7.178522,7.56365,6.3270044,7.3952494,8.597993,7.502315,6.8554,6.455684,7.00384,5.9938445,7.412205,7.4064646,6.618116,7.8627543,7.080947,5.2209144,5.15844,5.156317,5.1786547,5.7513847,4.37174,5.392451,6.5829043,6.2972274,4.481204,4.59187,6.0022926,6.0473766,4.853979,5.213255,6.8088446,7.0851293,4.9913177,5.307835,5.916675,4.568386,5.543697,5.0918794,5.1130815,8.324365,7.6219926,7.028854,4.76125,6.075669,7.6008654,4.9673123,5.506445,7.018085,4.8536744,5.185563,5.257895,5.6582403,8.3822155,7.4282694,9.844859,6.496992,5.477901,6.885027,5.737768,5.8878574,5.312299,4.661082,4.805792,5.633757
30,6.263456,5.729951,6.772473,4.8304358,5.440061,4.8055673,7.5022254,6.66832,5.858133,8.485645,7.6176972,8.422986,4.7406454,5.3511553,7.1702337,7.1916704,4.324083,5.9901695,7.2487445,5.18744,5.396981,4.601677,8.269158,5.8838406,4.794653,3.746119,3.4925156,6.1006336,3.1245494,2.7798579,0.0,4.7743354,5.5273857,5.497703,6.967607,5.9374976,5.0347652,6.1695824,5.217543,5.029865,6.864382,4.3340693,5.7688775,7.1062136,5.63365,5.1157227,6.5134606,6.7479773,8.620484,8.174824,7.9925895,7.9731803,10.097734,9.211204,9.953591,9.970644,8.595759,8.767581,8.184275,9.02969,5.86446,6.548625,4.7805805,6.358686,7.7750626,8.14286,7.4824867,8.1063795,8.576069,7.948781,7.7203465,7.432708,7.8106337,7.040696,8.3821945,8.3583975,7.5108523,8.6401,7.6646714,6.5907035,4.6107926,4.6107783,5.073862,6.4354725,5.0485578,5.4862347,6.6651654,6.2495513,4.7519298,5.478421,6.414382,6.447691,6.1480618,6.2969284,7.786824,8.022807,4.282091,4.629704,4.681579,4.3071656,6.5144715,4.3824735,6.07973,8.069198,7.672869,6.394163,4.7361183,5.725338,7.3533883,4.6474767,5.286542,6.5858693,4.4234548,4.6740794,4.2390366,4.5627365,8.661932,8.108846,9.586066,7.4810443,6.243794,7.112152,6.5932655,6.6454887,4.309879,4.3653455,4.595475,4.955732
31,6.4261055,6.024365,6.172622,4.679477,5.945487,4.746469,7.6388187,6.641325,5.5639544,8.703806,6.833314,8.08419,5.4649754,6.166685,7.403616,7.433812,5.8462467,7.553687,6.8163543,6.129532,5.1011853,4.5382447,8.977322,5.3026266,6.6948237,5.866747,5.603038,5.272595,4.9426517,4.765881,4.7743354,0.0,6.2791033,6.8228536,5.2188106,5.3141527,5.1856804,5.071543,5.2581587,5.1915507,6.096899,4.7620497,6.6203475,6.285288,6.715046,6.2611947,7.2548003,7.325384,7.81137,8.72887,8.322597,8.186331,10.265791,9.563632,9.35812,10.201472,8.322194,9.099128,7.634815,8.493082,6.564783,7.230204,5.600059,6.246709,8.755007,9.074842,8.1621065,8.68345,9.782495,8.893612,8.3871155,8.119275,8.509618,7.412956,6.8180795,6.7319756,8.254164,9.274578,7.970098,6.808053,6.338465,6.3363028,6.6604533,6.9297986,6.466321,7.1947017,8.125629,7.512012,5.9427366,6.5741696,7.3149686,7.2829933,7.252233,7.259738,8.124871,8.333157,5.818246,6.073407,5.667813,6.011045,5.554596,5.5420723,6.7067327,7.5249343,8.270892,6.691607,5.4111805,5.9238157,8.400639,6.981271,4.9779425,6.185764,5.839308,6.4611945,6.1954083,6.5608497,7.4324484,6.3930264,8.9600315,6.4441724,6.7365165,7.6657314,6.713036,6.973255,6.449212,5.0587916,5.333909,5.517887
