,0,1,2,3,4,5,6,7,8,9,10,11,12,13,14,15,16,17,18,19,20,21,22,23,24,25,26,27,28,29,30,31,32,33,34,35,36,37,38,39,40,41,42,43,44,45,46,47,48,49,50,51,52,53,54,55,56,57,58,59,60,61,62,63,64,65,66,67,68,69,70,71,72,73,74,75,76,77,78,79,80,81,82,83,84,85,86,87,88,89,90,91,92,93,94,95,96,97,98,99,100,101,102,103,104,105,106,107,108,109,110,111,112,113,114,115,116,117,118,119,120,121,122,123,124,125,126,127
0,0.0,2.1843727,3.1203651,3.3611412,2.789877,3.254065,3.4830325,3.5213742,5.1479683,3.3537364,4.4784727,3.8728607,3.694969,3.8479354,4.3563337,2.993511,5.2729177,5.277834,5.981783,6.5457935,5.86673,4.377634,5.686897,5.705759,3.669566,3.6351082,3.5802348,3.6058877,5.7266088,4.8416038,4.5973988,4.225812,4.12147,4.668901,5.8625803,5.269973,4.5060453,4.9830546,4.069757,3.877412,4.119706,3.7083242,6.210058,3.8641937,5.4742045,5.5309796,3.9444067,4.4743557,6.0129986,3.894614,3.8648305,3.0796483,4.1600537,4.83977,6.0111475,4.4119906,5.4797635,6.455402,5.357879,4.351012,4.5515323,5.010284,2.8529353,3.2965233,7.0000978,7.0263376,6.478178,7.022237,6.441221,7.8789544,6.6011786,7.061058,7.3294053,7.569151,6.8046303,5.2183146,7.3031306,5.250116,7.0673904,7.0871925,7.301714,6.66041,6.9800315,8.274845,7.6852484,6.8572235,6.7820916,8.046217,7.6439247,7.733984,7.812717,7.496271,4.91362,5.073184,6.412546,5.2835813,7.4080563,7.087735,5.5590043,6.0056057,6.498459,5.9571905,6.928799,4.8630366,6.5100427,6.3896527,6.8047547,7.332075,8.074659,7.663623,7.7899036,8.163448,6.753229,7.1622353,5.510135,7.4791594,5.98997,5.970187,6.2705097,6.0889354,7.846966,7.6877747,5.7833867,7.522877,6.1416836,6.46913,7.0001335,6.397943
1,2.1843727,0.0,2.0223188,2.2859838,1.5984142,1.7450616,2.4632316,2.5341763,4.898469,1.7264937,3.3986108,2.4401667,2.9742577,3.0708666,3.9182534,1.4497966,4.599097,4.468374,5.2495956,5.8508244,4.7168026,3.4130626,4.3637123,4.386726,2.691883,2.8543293,2.673161,2.7789168,5.8327813,4.1336846,3.7273443,3.4861286,3.0777864,3.825416,4.2965283,4.6130824,3.7713768,4.570121,3.249503,2.9582973,3.188267,2.635143,4.854974,2.6463494,5.0913157,5.139228,3.2109213,4.023541,4.504641,3.248565,3.3290026,3.831281,3.3041663,4.3493094,4.479974,3.5568233,5.2171497,6.6062813,5.6629434,4.691584,3.8668084,5.2217417,3.370397,4.212489,6.692085,6.7270293,6.1308985,6.645707,6.1243978,7.8122005,6.2479286,6.587216,7.113863,6.7875814,6.090809,4.9315004,6.4487987,5.105034,6.2508383,6.2700005,6.2646923,5.4509063,5.9234204,7.5953407,6.642671,5.7126117,5.651289,7.1384945,6.6191444,6.7328987,6.867104,6.5452843,4.385476,4.6076407,5.5286016,4.7659965,6.3322964,5.9523425,4.3411236,4.8559656,5.4461503,4.7101355,6.7324133,4.1697845,5.236343,5.2592483,5.658983,6.2439117,7.1346455,6.897468,6.9740133,7.3203964,5.959846,6.3226023,5.5170374,6.678324,4.796371,4.77571,5.2630935,5.0388703,6.690007,6.883174,5.5324006,7.2783446,5.8984127,6.381674,7.0858016,6.299994
2,3.1203651,2.0223188,0.0,1.2255598,2.485783,2.5487103,1.6051246,1.5863682,4.5088243,1.1255713,2.8857358,1.3531128,3.6827085,1.9229803,4.3663664,2.5110831,4.2476826,4.168713,4.0426803,4.7883444,4.1298766,3.1707644,4.8179054,4.835733,2.4866452,3.57879,1.8399113,3.2653682,6.2461605,3.1209717,3.072681,2.7734156,2.363266,4.2744207,3.5664792,3.8812244,3.6581924,4.3892975,2.485187,1.8281094,2.279079,2.1801248,4.5979114,3.1517036,4.0576615,4.101571,3.6233058,4.3271537,3.950583,2.6534736,2.6745443,3.4846606,2.72214,3.1615198,3.7734308,2.845633,4.382292,5.9895244,5.205467,4.160344,3.408644,5.4619513,2.8307457,3.9083018,6.028821,6.0740356,5.4661202,6.0164223,5.446491,7.3256135,5.5591187,5.9125977,6.618353,6.0763397,5.3032312,5.2972794,5.8213816,5.6784105,5.650116,5.661754,5.458685,4.4813924,5.501841,7.4231772,5.8980994,5.284552,4.696026,6.390964,6.1260204,6.283097,6.1938157,5.8468094,5.044199,5.208772,4.7856836,3.9758427,5.5189104,5.4807477,4.470611,5.058538,5.647003,4.9111004,6.886021,4.638427,4.292624,4.2341413,5.9041114,5.4542127,6.2440443,7.227163,6.1751933,6.643826,6.092388,6.0268774,4.7182627,5.9536476,4.529197,4.539789,5.1403985,5.398996,6.4498887,6.535432,5.8199396,6.558837,5.6433835,6.0337534,6.6917725,5.879127
3,3.3611412,2.2859838,1.2255598,0.0,1.9273405,2.0172837,1.6349463,1.4768405,4.2430525,1.7850513,3.0160084,1.123112,3.9593642,2.5958166,4.380302,2.184486,4.235997,4.158065,4.160422,4.8814526,4.224861,2.8063054,4.797066,4.8162847,2.1204135,3.069396,1.401626,2.968122,6.0951285,3.0941727,2.438886,2.951054,1.6674777,4.191439,3.4582644,4.121252,3.784728,4.6310153,2.251746,1.6879746,1.7089378,2.3977695,4.2325788,2.5718532,4.018292,4.0628376,3.3406203,4.014279,3.7267604,2.691383,2.7308517,3.6125143,3.1087484,3.5241156,4.0046725,3.479408,4.9248595,6.465269,5.1361713,4.1004276,3.0825632,5.6217003,2.7907648,4.3739777,6.0489087,6.126026,5.5604672,6.0930185,5.543568,7.384982,5.6545224,5.8761477,6.90361,6.3524256,5.6219378,5.486048,6.2049413,6.02559,5.996189,6.0038657,5.546814,4.562859,5.2794766,7.596649,5.9586,5.061004,4.4942017,6.2469306,6.232589,6.4189653,6.3296704,5.979593,5.1180296,5.2882414,4.660284,3.8518977,5.594396,5.5132184,4.459819,4.9013047,5.7921104,5.0857925,7.031643,4.7493205,4.223711,4.158709,5.789516,5.4405823,6.2275476,7.220164,6.250798,6.670518,6.078008,5.949824,5.2991304,6.1103315,4.8052225,4.8125434,5.315979,5.5074306,6.395932,6.3625326,5.636676,6.387863,5.3640623,5.802521,6.6790056,5.6707463
4,2.789877,1.5984142,2.485783,1.9273405,0.0,0.8122484,2.5365803,2.511283,4.492234,2.447548,3.652019,2.3565223,3.5847015,3.6255696,4.1151586,0.9521477,4.7648673,4.6520762,5.4363813,6.0337834,4.951752,3.024184,4.555288,4.57978,2.432545,2.4508266,2.314179,2.5064034,5.858677,4.3493037,3.322827,3.8483355,2.3743405,3.956075,4.2004805,4.9225974,4.048056,4.9454603,2.8172228,2.7559683,2.8082013,2.838436,4.5283737,1.966081,5.01013,5.0537305,3.18266,3.8562717,4.356126,3.3875704,3.4348605,4.074407,3.9150517,4.733292,4.8170085,4.3757095,5.7368193,7.1026697,5.568344,4.6403747,3.589058,5.437619,3.4160197,4.748421,6.660505,6.736266,6.178754,6.685993,6.1772137,7.851126,6.29651,6.4896593,7.4950137,7.058327,6.387145,5.210504,6.820557,5.631794,6.652875,6.6575303,6.3687687,5.5051475,5.753113,8.041962,6.666867,5.455935,5.4589715,6.968339,6.689191,6.8519583,7.0168624,6.7247047,4.6565466,4.8803515,5.433754,4.6255,6.415891,5.9873114,4.408747,4.760103,5.687387,4.9385633,6.955469,4.4036074,5.1588697,5.159244,5.6914096,6.2949333,7.1939564,7.004674,7.071931,7.454042,6.0863724,6.3624907,6.2341833,6.826668,5.2205644,5.2014103,5.6644516,5.4111576,6.8589096,6.810415,5.4295125,7.162266,5.7770085,6.268266,7.1989026,6.2298455
5,3.254065,1.7450616,2.5487103,2.0172837,0.8122484,0.0,2.5714705,2.526068,4.767639,2.3501298,3.7660174,2.21929,3.372621,3.6497102,4.0407085,1.0621412,4.729694,4.56316,5.3243103,5.925339,4.5064206,2.6171515,4.1106405,4.134451,2.5093398,2.3197284,2.4264588,2.3537157,5.798817,4.217685,3.1954238,3.7999966,2.4298108,3.9705248,3.8836238,4.755006,3.9100692,4.8542213,2.941065,2.8221993,2.562703,2.6494503,4.175996,1.4892062,4.911461,4.942863,3.3947835,4.0892015,3.9536214,3.2371376,3.2866063,4.152049,3.6581175,4.7517285,4.3274097,4.107446,5.791227,7.184812,5.8192625,4.9353313,3.6512918,5.5978036,3.6482694,4.962806,6.834824,6.9180155,6.367867,6.847846,6.3614187,8.178568,6.49701,6.6260734,7.429212,6.879387,6.318651,5.294747,6.7231526,5.7864447,6.514566,6.5188346,6.29959,5.3997173,5.6795073,7.9571075,6.7135196,5.526132,5.381407,6.9235106,6.604138,6.769053,6.967322,6.6093073,4.6198773,4.9189844,5.389935,4.9135733,6.355018,5.9245896,4.1381607,4.61578,5.5840507,5.054509,7.164875,4.320899,5.057019,4.8765798,5.413437,6.047705,6.8989544,6.830465,6.860284,7.282795,5.9143386,6.0637703,6.248383,6.7212334,4.83383,4.8148723,5.3845897,5.1102066,6.6009846,6.7051053,5.651924,7.1310167,5.568577,6.2158566,7.2531986,6.1212974
6,3.4830325,2.4632316,1.6051246,1.6349463,2.5365803,2.5714705,0.0,0.40700492,4.4733963,2.0135186,3.3979173,1.7137779,3.4361455,1.6155165,4.6929746,2.6682346,4.50553,4.390996,4.4037514,5.1515784,4.5068774,3.2901797,4.9806523,4.940804,2.470786,3.555122,1.7228729,3.0728223,6.3292985,3.4862535,3.1680264,3.5117073,1.786599,4.3820724,3.628042,3.8824544,3.68818,4.84523,3.0776434,1.8939861,2.4841602,2.6357474,4.6422715,3.1543016,4.175779,4.228163,3.7373402,4.4041214,4.488615,3.7770915,3.7721438,3.9850786,2.8946385,3.4773736,3.7916453,3.0116057,5.1257753,7.0760703,5.162022,4.062022,3.6465359,5.956477,3.015259,4.606876,5.9114017,5.9532104,5.30831,5.876869,5.28415,7.276658,5.3747005,5.7569904,6.6712093,6.135773,5.28579,5.179727,6.2486954,5.7937765,6.0286975,6.039691,5.45231,4.3979487,5.418119,7.465809,5.8242407,5.1712074,4.5735636,6.384638,6.3654237,6.548551,6.1768456,5.785719,4.7020965,4.8713813,4.810634,4.035145,5.317201,5.2716064,4.511303,4.6009235,5.945831,4.8303375,7.171533,4.901533,4.4736605,4.3631415,5.976162,5.643877,6.4101157,7.381275,6.462853,6.923813,6.1209154,6.0480256,5.029005,6.0242276,4.9433393,4.9506326,5.477438,5.668328,6.2860003,6.2631145,5.5597997,6.3572683,5.3476896,5.7713814,7.0569453,6.2901893
7,3.5213742,2.5341763,1.5863682,1.4768405,2.511283,2.526068,0.40700492,0.0,4.4948874,2.064618,3.39434,1.7246218,3.5376472,1.637808,4.6616273,2.6371953,4.3612347,4.249714,4.218784,4.983975,4.36107,3.2151077,4.9036407,4.8643823,2.4891288,3.4915984,1.7488495,3.163455,6.303704,3.282318,3.0494618,3.387204,1.7479813,4.358927,3.5799255,3.935109,3.7319586,4.7818666,3.1369963,1.9843045,2.3479254,2.7180774,4.5910277,3.1311526,4.0543647,4.1122575,3.7224007,4.3881855,4.403589,3.6828725,3.6657512,3.8787854,2.736755,3.386946,3.7867022,2.951796,5.0946846,7.0113983,5.152211,4.0659804,3.5776017,5.956327,2.9998982,4.590842,5.979979,6.031392,5.447056,5.990849,5.417089,7.359135,5.5130486,5.8285093,6.6963573,6.185405,5.3889947,5.302888,6.3156433,5.913265,6.0773787,6.09063,5.5217247,4.454205,5.3931503,7.5305104,5.892907,5.147687,4.5174985,6.328145,6.432127,6.6055965,6.2266884,5.829329,4.8818326,5.056933,4.7566357,3.9844348,5.3916173,5.378936,4.601436,4.7338357,6.0604444,5.000782,7.2755218,5.0124683,4.508762,4.37781,6.0186024,5.6481752,6.4012504,7.4526668,6.470832,6.9324255,6.0996795,5.9691176,5.066644,6.0577674,4.9952703,5.0034513,5.5131817,5.7234416,6.2189293,6.2256374,5.5681896,6.300899,5.243278,5.6916957,7.0639567,6.1757092
8,5.1479683,4.898469,4.5088243,4.2430525,4.492234,4.767639,4.4733963,4.4948874,0.0,4.822973,3.4617379,4.6205616,5.8020067,5.0872455,6.122459,5.126441,6.8573165,6.747992,6.961154,7.591878,7.217469,5.577072,7.150391,7.1184263,3.9435291,4.6495585,4.3962684,4.8651276,7.4919233,5.5677824,4.4493275,4.2755437,3.489185,5.2836075,4.5688477,5.2875843,4.897285,4.9056096,4.3562665,3.9313548,4.453543,3.9833193,5.6915116,4.709711,4.923198,4.941806,5.159283,5.290369,6.7681165,5.2016187,5.2177486,5.354905,5.4809093,5.04533,5.6628957,5.7645016,5.452381,7.1928883,5.112865,4.006124,3.3286552,5.90757,4.9511333,4.732293,5.823247,5.9232025,5.229928,5.8639965,5.1634626,7.0041733,5.2915735,5.5328503,7.121222,6.42505,6.0044513,5.562777,5.8158197,6.1598053,5.8541555,5.829482,5.594681,4.7177906,5.2038655,7.5723095,6.0311174,5.105815,6.027144,6.285638,6.6464834,6.8564596,5.9975395,6.352995,5.8321567,5.8919497,4.2753034,3.2247431,6.660751,6.689278,6.6380825,4.981956,6.0463805,5.2520995,7.0965543,5.200273,5.3505406,5.0161023,6.748799,6.4270544,7.0854697,7.974538,7.1667733,7.2633047,6.689156,6.1003466,6.5948606,6.276523,6.2909927,6.294754,5.6727366,5.8123355,7.6779118,6.8973117,5.7697864,6.9367223,7.2799683,7.3847322,8.41441,7.9734993
9,3.3537364,1.7264937,1.1255713,1.7850513,2.447548,2.3501298,2.0135186,2.064618,4.822973,0.0,3.084893,1.3971145,3.439297,2.3075645,4.2024336,2.2815843,4.5662546,4.4033203,4.572153,5.2177753,4.1895933,3.224014,4.632909,4.655057,2.745177,3.591035,2.3086405,3.224263,6.256155,3.650194,3.436297,3.049475,2.628891,4.1619196,3.116842,4.0092163,3.6468856,4.314196,2.7113452,2.1622598,2.7295368,2.0424728,4.3715906,2.9484873,4.4431686,4.4700885,3.3518617,4.234914,3.476896,2.8217723,2.8454986,4.0161405,2.792614,3.3338814,3.316904,2.879149,4.3553658,6.0575995,5.883448,4.982936,3.9011652,5.266384,3.634463,4.2734923,6.4966016,6.5341716,5.9145346,6.426531,5.9072056,7.6083384,5.9949913,6.336761,6.892057,5.9789343,5.3610263,5.1635447,5.713038,5.35628,5.47888,5.491778,5.566627,4.648302,5.5087433,7.2948394,5.9870977,5.285925,4.6514516,6.544807,6.066274,6.2179823,6.249979,5.800045,4.9177322,5.0510263,4.955453,4.388142,5.472061,5.2856836,3.8650455,4.7047505,5.3069444,4.461218,6.8009124,4.6953354,4.376374,4.3256564,5.6460786,5.5350003,6.3933754,6.864387,6.1655173,6.6936545,5.635615,5.880318,4.7972507,5.920617,4.116676,4.120777,4.906026,5.0145907,6.251206,6.4795265,5.748756,6.827464,5.7720556,6.091691,6.8251953,6.1169643
10,4.4784727,3.3986108,2.8857358,3.0160084,3.652019,3.7660174,3.3979173,3.39434,3.4617379,3.084893,0.0,3.2404282,4.8682914,3.8453474,5.27228,3.881182,5.1363196,4.9282594,5.180342,5.937912,5.4476805,4.9849215,5.4404926,5.4420466,2.6907942,3.6872725,3.300096,4.1178703,7.06892,3.406635,3.3809514,2.7866988,3.3837514,4.7009654,3.9159865,4.8953366,4.399223,4.855377,3.7148147,3.1334867,3.644139,3.5299025,4.944285,4.1731205,4.910571,4.9794426,4.0667157,4.7212586,5.1036444,4.0824485,4.078768,5.11497,4.03913,4.27519,4.5517735,4.2107444,5.041509,6.818953,5.0509844,3.9016008,2.2187288,6.2568016,4.440131,5.0590234,5.6542053,5.712074,4.985758,5.6180058,4.9548793,6.956357,5.0881367,5.435712,6.87727,5.962867,5.48662,5.469432,5.6099763,6.1751127,5.6003046,5.615768,4.525055,3.355196,4.431779,6.443438,5.040734,4.2136106,5.190814,5.577886,5.99144,6.1263447,5.409765,5.73523,5.2524815,5.3928423,3.652717,2.8286188,5.8017006,5.9365644,5.7171516,4.662738,5.367964,4.585213,6.8768644,4.7218666,4.1185074,3.9943697,5.738736,5.347666,6.2214804,7.562411,6.6832647,6.5891476,6.5110765,5.843103,5.9621034,5.878528,5.290054,5.2915764,4.5270157,4.7975497,6.1993394,6.3810687,5.8585124,6.99535,6.9108477,7.151065,7.8429184,7.1454587
11,3.8728607,2.4401667,1.3531128,1.123112,2.3565223,2.21929,1.7137779,1.7246218,4.6205616,1.3971145,3.2404282,0.0,3.834453,2.5973058,4.468431,2.467232,4.526753,4.352989,4.29371,5.0026965,4.111725,2.6977842,4.8095965,4.833852,2.325772,3.38707,1.4585534,2.8578637,6.2141404,3.3910332,2.631292,3.2554502,1.8637031,4.3774486,3.0250103,3.818588,3.6461222,4.7231836,2.0381696,1.3896873,1.8931627,2.0752616,3.897678,2.550145,4.097864,4.1148095,3.4564793,4.1616926,3.112643,2.7528107,2.7815027,4.0998607,3.2372756,3.5536256,3.392644,3.3837519,4.8759294,6.5406528,5.65644,4.7077236,3.5441742,5.7208533,3.2986784,4.760609,6.1699104,6.233477,5.6153936,6.1081505,5.6058817,7.464976,5.7002,5.955086,6.920075,6.008264,5.309103,5.458354,5.9672093,6.0162234,5.732937,5.7310953,5.343343,4.340621,5.3119884,7.38453,5.811784,5.1266747,4.31796,6.250309,5.9350743,6.1533012,6.1605496,5.682011,4.9477587,5.107139,4.7604914,4.2994347,5.3005743,5.1813283,3.8749301,4.5929255,5.5602713,4.857963,7.065637,4.8238287,3.9640424,3.7417746,5.5290146,5.1321087,5.9080825,6.941456,5.8842664,6.427482,5.886867,5.8474555,5.164568,5.8419933,4.256262,4.269047,5.0298305,5.2446012,6.2486186,6.2847223,5.856421,6.4308715,5.4445834,5.836241,6.54834,5.7253575
12,3.694969,2.9742577,3.6827085,3.9593642,3.5847015,3.372621,3.4361455,3.5376472,5.8020067,3.439297,4.8682914,3.834453,0.0,3.6309657,2.7871637,3.3434176,5.532439,5.316024,5.9043427,6.508835,4.127976,3.253787,3.7003422,3.6400838,4.376825,3.517157,4.0362344,2.6391559,4.2114067,4.804644,4.5046387,4.9577556,4.1310496,4.6581087,5.114195,4.187281,3.6346455,4.73852,4.7396646,4.1620884,3.8701665,3.247006,5.0602508,3.220129,5.1108165,5.1389437,3.7596743,4.349998,5.800936,4.2172127,4.2687473,4.0921855,3.056144,4.280839,4.0661526,3.0686626,5.6578307,7.2371674,6.113954,5.146236,4.5823183,5.723915,3.9400194,4.987973,7.2412224,7.2723346,6.8142076,7.193645,6.778083,8.059272,6.8938317,7.121014,6.6117063,6.381128,6.468487,5.3316545,6.2303634,5.557122,6.0403624,6.0549192,6.232417,5.6268516,5.926646,7.744127,7.3269715,6.527735,6.3494587,7.2677,7.1161156,7.2364836,7.230849,6.8517933,3.7444975,3.8653166,5.3516498,5.7172074,6.709804,6.32477,3.8143435,4.308993,5.1341295,5.1635423,6.4610543,4.0187845,6.443721,5.4770603,5.6186886,6.3211265,6.7592435,6.083275,6.3285103,6.900554,5.2228103,6.0134487,4.964446,6.2757673,4.677841,4.6437535,5.4574895,5.2525916,6.127174,6.204538,5.8521996,6.3393993,5.539946,5.87336,7.105173,6.7312164
13,3.8479354,3.0708666,1.9229803,2.5958166,3.6255696,3.6497102,1.6155165,1.637808,5.0872455,2.3075645,3.8453474,2.5973058,3.6309657,0.0,4.908593,3.512821,4.363943,4.216298,3.9118283,4.698282,4.4812245,3.899623,5.2760158,5.2271857,3.5926197,4.536114,2.798855,4.0927057,6.703828,3.7201946,4.083922,3.6597893,2.9041317,4.4721174,3.919393,3.6037538,3.6576397,4.438388,3.8694198,2.7807143,3.3607302,3.1032908,4.992547,4.2435746,3.8946564,3.9596856,4.2988486,4.7079225,5.020475,4.1239176,4.1065707,4.1077166,2.574925,2.9206746,3.779224,2.484278,4.584827,6.604116,5.6029716,4.5854144,4.4064455,5.997617,3.5724373,4.4008083,6.025847,6.0376353,5.7231855,6.0395455,5.6571465,7.1523623,5.730959,5.9393077,6.3284364,6.0098066,5.0691276,5.269084,5.8879895,5.5909142,5.713237,5.733371,5.6559005,4.651411,5.8089724,7.512718,6.024615,5.564097,4.766352,6.588606,6.328984,6.459556,6.033885,5.6040354,5.120952,5.2108636,5.029377,4.263905,5.462101,5.550661,4.930488,5.308421,6.2346263,5.0537844,7.3017397,5.4225645,4.9894958,4.9107866,6.351643,5.781451,6.496782,7.521621,6.2735043,6.8731103,5.994667,6.095892,4.4315615,5.78156,4.8722696,4.8852367,5.63873,5.9895973,6.202899,6.2430882,5.700928,6.256702,5.5926766,5.868869,7.051271,6.422672
14,4.3563337,3.9182534,4.3663664,4.380302,4.1151586,4.0407085,4.6929746,4.6616273,6.122459,4.2024336,5.27228,4.468431,2.7871637,4.908593,0.0,3.837439,6.2766924,6.1704383,6.4999638,7.0328827,3.903069,3.5142972,3.6244466,3.6550462,5.1155295,3.9630458,4.857503,3.5215514,2.6068428,5.0488205,4.6464314,5.3766084,4.7833285,5.4732566,5.6251683,5.384865,4.8766875,5.3225827,4.8986053,4.8481584,4.2880354,3.9367058,5.5818133,3.6795669,5.732784,5.755697,3.1047287,4.12864,5.8522806,3.8053544,3.9629166,4.3083243,3.8355045,4.093484,4.860572,4.1735992,5.4790897,6.432903,6.5520215,5.7030387,4.6434827,5.4372663,4.437682,5.3558846,8.027447,8.090809,7.6041884,8.096914,7.6446295,8.177754,7.6620865,7.886511,7.285015,6.67594,7.5493875,6.517757,6.203507,6.3829856,6.0590763,6.0692825,6.3694096,6.077047,5.7212563,8.380446,7.7114635,6.5987153,6.414023,7.0795636,7.7654243,7.901457,8.064812,7.757566,5.187255,4.9887524,5.0106215,5.7160525,7.0843263,6.7110496,3.6918619,4.6781077,4.7840652,5.466916,5.5390663,4.4643874,6.827772,5.7650366,6.1947436,6.7174964,7.019147,5.838431,6.1233907,6.6243176,5.172234,6.514454,5.0119014,6.2770805,5.512571,5.4784417,6.224292,6.119794,6.3024597,6.143827,6.13223,6.072651,6.045811,5.810954,6.788054,6.692521
15,2.993511,1.4497966,2.5110831,2.184486,0.9521477,1.0621412,2.6682346,2.6371953,5.126441,2.2815843,3.881182,2.467232,3.3434176,3.512821,3.837439,0.0,4.6386023,4.5364895,5.3265934,5.886506,4.5463552,3.0094934,4.079496,4.108082,3.030852,2.8828673,2.6920254,2.7928536,5.7946687,4.4569283,3.7573147,4.133698,2.8194008,3.9945624,4.263908,5.069109,4.2125993,5.0640125,3.2368429,3.1611705,3.101882,3.06728,4.6268926,2.2681503,5.2756753,5.32422,3.1104033,3.9274762,4.2957473,3.488238,3.5668573,4.300596,3.6772308,4.6484466,4.6608624,4.144994,5.741727,7.111853,5.963657,5.108854,3.9986856,5.561727,3.766046,5.052862,6.990265,7.0530977,6.548152,7.021689,6.5587597,8.048795,6.6498036,6.8312635,7.6275387,7.1623135,6.6056104,5.459373,6.810836,5.6757493,6.6891313,6.7012663,6.4603086,5.641311,5.830283,8.261483,6.765212,5.5365605,5.4602027,7.053746,6.75525,6.8880033,7.172471,6.860259,4.846025,5.0259104,5.5653296,4.897733,6.3972335,5.9182186,4.1103387,4.899348,5.558268,4.7653065,6.871541,4.47154,5.370832,5.443186,5.772036,6.431281,7.3541074,6.9044003,7.086783,7.519313,5.947884,6.5118923,6.180754,6.908234,5.172552,5.1496897,5.873011,5.607941,6.667837,6.815502,5.586754,7.2894974,5.9365253,6.384789,7.356225,6.433351
16,5.2729177,4.599097,4.2476826,4.235997,4.7648673,4.729694,4.50553,4.3612347,6.8573165,4.5662546,5.1363196,4.526753,5.532439,4.363943,6.2766924,4.6386023,0.0,2.2690399,2.9571505,2.2294374,5.2877975,4.99264,5.7338457,5.7465653,4.785438,4.763739,4.250544,5.210063,7.6706495,4.253692,4.6601524,4.5717096,5.029099,4.2836423,5.8983035,4.6699204,4.2137685,5.1276436,5.4196887,5.0227804,4.605314,5.3333426,4.614349,5.2742352,4.5160084,4.618659,5.5515847,4.8547583,5.965093,5.3394165,5.3543587,5.715821,4.7814007,5.7900553,6.002728,5.0225887,6.9222703,8.06108,5.6602926,5.5233808,5.3018265,7.749597,5.0034757,6.3314304,6.525366,6.56268,7.284019,6.720252,7.078638,7.859392,7.2967343,6.4983006,7.05398,7.9887238,6.0654554,6.232101,7.6550503,6.9556127,7.494238,7.5282454,7.2491937,6.312027,7.132428,7.7428994,7.5357966,6.7959867,6.4872804,7.718189,6.520627,6.541586,6.5723286,6.251903,5.7360606,6.057897,6.5568333,5.8945413,6.8237934,6.821085,6.801484,7.3006215,7.54924,7.0154424,8.335365,6.574916,5.6855655,6.4892445,5.0932407,5.061076,6.011302,7.279518,6.251452,6.6005125,6.615162,6.190536,6.6659646,7.1925344,5.053516,5.046146,5.4711313,5.733793,6.6503787,7.058901,6.632258,7.2755632,5.616789,6.4788623,6.340686,5.010673
17,5.277834,4.468374,4.168713,4.158065,4.6520762,4.56316,4.390996,4.249714,6.747992,4.4033203,4.9282594,4.352989,5.316024,4.216298,6.1704383,4.5364895,2.2690399,0.0,2.348572,3.4168813,5.2436824,4.881917,5.607915,5.6217747,4.597666,4.454823,4.144605,5.048748,7.574193,3.9926834,4.421738,4.3770885,4.8851004,3.699676,5.643363,4.1650763,3.58247,4.668073,5.310437,4.851212,4.5338326,5.212945,3.9123566,5.1140847,4.0321937,4.1530185,5.352392,4.3965,5.487875,5.0306726,5.043245,5.5491815,4.647585,5.7033887,5.7685237,4.890024,6.875819,8.05984,6.854544,5.962263,5.1697545,7.6559677,5.068189,6.3608127,6.1974025,6.2352366,7.1668057,6.392719,6.9364686,7.5094323,7.1707654,6.1279416,6.73612,7.705709,5.91607,5.8056483,7.3819537,6.6510077,7.1748176,7.2109437,7.0284243,6.0954027,6.699789,7.160581,7.316032,6.5542064,6.270996,7.5076,6.0425406,6.0682473,6.0711303,5.701976,5.263819,5.6046743,6.355874,5.7873406,7.4751005,7.500962,6.6329336,7.036326,7.6661305,7.169781,8.985027,6.527485,6.264873,6.226878,5.468107,5.610016,6.3204603,7.646148,6.6346555,6.9057207,6.608821,6.1540723,7.0041313,6.750731,5.0940237,5.0836153,5.3822937,5.6459866,5.7894206,6.2782335,5.949547,6.6985345,5.633531,6.4817343,6.6353164,4.968436
18,5.981783,5.2495956,4.0426803,4.160422,5.4363813,5.3243103,4.4037514,4.218784,6.961154,4.572153,5.180342,4.29371,5.9043427,3.9118283,6.4999638,5.3265934,2.9571505,2.348572,0.0,2.3658676,4.650644,4.892352,6.013152,6.0269575,5.065206,5.4926405,4.276677,5.6872115,7.850749,3.5392866,4.466968,4.43996,4.9629607,4.988401,5.586542,4.103735,4.3323274,5.1695113,5.2850795,4.752476,4.2856965,5.266453,4.6190295,5.7033353,3.6955366,3.7966175,5.988149,5.4175687,5.4567103,4.8426847,4.868012,5.3939714,4.4223504,5.0239925,5.4572725,4.51778,6.4409795,7.5805664,6.7317953,5.8596625,5.298468,7.9959517,4.8958354,6.312093,6.2235656,6.267439,7.008033,6.443092,6.811168,7.6712456,7.0040846,6.1648197,6.589876,7.392659,5.846996,6.8015294,7.1082397,7.574956,6.951576,6.9814982,6.6866846,5.742799,6.773296,7.7223425,7.124958,6.7394295,5.862144,7.19281,6.2709374,6.3381414,6.1959395,5.7903457,6.4116893,6.662998,6.128358,5.7260213,7.0293465,7.3417892,6.8350997,7.4978757,7.9375587,7.5919814,9.137477,6.923131,5.9126053,5.780972,6.390531,5.348146,5.7884755,8.246504,6.150656,6.5597496,7.1564183,6.453507,6.3853536,6.5356493,5.357318,5.377454,5.9648685,6.6171093,6.143571,6.5372233,6.9196486,6.342508,5.781431,6.530016,6.6328454,5.0692806
19,6.5457935,5.8508244,4.7883444,4.8814526,6.0337834,5.925339,5.1515784,4.983975,7.591878,5.2177753,5.937912,5.0026965,6.508835,4.698282,7.0328827,5.886506,2.2294374,3.4168813,2.3658676,0.0,5.2059274,5.457857,6.5318427,6.546407,5.790755,6.154139,4.972852,6.2782865,8.351382,4.5188212,5.235185,5.148756,5.65374,5.566309,6.113044,4.823127,5.0510454,5.7294626,5.9331093,5.4987307,4.9828844,5.8673034,5.1987467,6.255272,4.504275,4.5765595,6.530234,5.9748044,6.155662,5.690501,5.71331,6.201485,5.116777,5.664426,5.9906096,5.2021637,6.9103894,7.9707355,6.2655377,6.229649,6.0835805,8.423419,5.5975657,6.8432655,6.891252,6.9296536,7.6591783,7.100681,7.4614644,8.23358,7.642649,6.8551745,7.148902,7.950108,6.1265044,7.317534,7.6244426,7.9653735,7.4748,7.504545,7.3127704,6.4362717,7.5387535,8.273653,7.7108393,7.341188,6.375101,7.7939267,6.738808,6.782999,6.7585874,6.31777,7.005124,7.243359,6.7903967,6.393273,6.647007,6.915467,7.242149,8.068463,8.114894,7.7593904,8.854378,7.458675,5.7185106,6.494047,6.0104966,4.8671565,5.546,7.8494444,5.7539067,6.300999,7.1165853,6.515545,6.431025,7.151894,5.291473,5.312842,6.0995455,6.722724,6.971061,7.3581243,7.6567016,7.154743,5.900883,6.6609917,6.3599024,5.140897
20,5.86673,4.7168026,4.1298766,4.224861,4.951752,4.5064206,4.5068774,4.36107,7.217469,4.1895933,5.4476805,4.111725,4.127976,4.4812245,3.903069,4.5463552,5.2877975,5.2436824,4.650644,5.2059274,0.0,3.1796274,2.7113369,2.7488904,5.2480273,4.8517356,4.864865,4.6473136,5.2045803,3.8171601,4.2921243,4.9344873,4.931277,5.871579,5.166385,5.1203322,5.1686897,5.848577,5.2858844,4.9982457,3.6054118,4.3067346,5.2549763,4.2894936,5.423593,5.440988,5.1538987,5.9161773,4.955829,3.7310662,4.0427213,4.861116,3.092453,4.3744407,3.811486,3.2531924,6.1652412,7.11233,6.935449,6.12703,4.9048934,7.3311324,4.7844524,6.3273425,8.078645,8.15112,7.7593856,8.16685,7.7950816,9.296554,7.853265,7.873142,7.1262736,6.8511877,7.3318553,7.669359,6.5466623,7.9711285,6.380269,6.404599,6.283405,5.635264,6.124009,8.636054,7.592291,6.876718,5.9950733,6.9736376,7.617953,7.7388167,7.847095,7.4386244,6.4341183,6.5990434,5.4119167,6.347967,6.6849866,6.6917872,4.8198175,5.9988976,6.0657153,6.7404423,7.685749,5.1873055,5.979315,5.1374884,6.305832,5.7737193,5.8725586,7.1199193,5.851328,6.24371,6.4951377,6.4772058,5.6022468,6.5689497,5.1932387,5.1933837,6.205159,6.5072994,6.0031667,6.660313,7.6905565,6.53705,5.8425436,6.536071,7.3894925,6.2840767
21,4.377634,3.4130626,3.1707644,2.8063054,3.024184,2.6171515,3.2901797,3.2151077,5.577072,3.224014,4.9849215,2.6977842,3.253787,3.899623,3.5142972,3.0094934,4.99264,4.881917,4.892352,5.457857,3.1796274,0.0,3.8037758,3.8373694,3.8987207,3.405399,3.1941433,2.7212949,4.810977,4.3086963,3.2413912,4.431208,3.0903378,4.5497775,4.259482,3.8843434,3.671701,4.706454,3.4082105,3.3728445,1.983881,2.541983,3.903254,1.9700985,4.172528,4.1509924,4.1921053,4.4902253,4.2769794,2.6713123,2.9315858,3.6037703,3.4070215,4.3031435,3.7620656,3.7340326,5.724034,6.8092923,6.1421714,5.266012,4.205565,5.9069,3.3691113,5.001904,7.178754,7.2737594,6.9334793,7.2348065,6.9097733,8.499918,7.0394306,6.94963,6.898404,6.7281795,6.5229535,6.220355,6.364449,6.634185,6.1643825,6.1557956,6.4287205,5.6713,6.0561337,8.487624,7.40211,6.503327,5.6462274,7.069529,6.756383,6.958005,7.3240767,6.7826114,5.082782,5.326979,5.441258,5.750398,6.5647492,6.254725,3.8760166,5.1412826,5.7149043,6.042638,7.262604,4.3177314,5.5552244,4.7352343,5.5593934,5.5934644,5.9385195,6.404288,5.6206484,6.3678575,5.688597,5.897706,5.597521,6.370443,4.348204,4.3418493,5.6523857,5.68406,6.611131,6.4983044,6.467312,6.156703,4.9740787,5.7475653,6.4898763,5.4106474
22,5.686897,4.3637123,4.8179054,4.797066,4.555288,4.1106405,4.9806523,4.9036407,7.150391,4.632909,5.4404926,4.8095965,3.7003422,5.2760158,3.6244466,4.079496,5.7338457,5.607915,6.013152,6.5318427,2.7113369,3.8037758,0.0,0.2245894,5.205842,4.190879,5.43749,4.476414,5.029227,4.8170333,4.7434487,5.3076754,5.22221,5.2859225,5.6264186,5.9181037,5.3037558,6.0770445,5.8684134,5.6854887,4.455353,4.6778626,5.4480996,4.0123234,6.4715185,6.5088964,4.975918,5.7587686,5.835548,4.6127057,5.052814,5.6498246,3.9412484,5.6097035,4.653272,4.2689543,7.0644293,8.001416,7.2056923,6.3236833,4.865028,7.3968964,5.452561,6.85151,8.301148,8.367405,7.95478,8.364374,8.03155,9.481656,8.063161,8.037561,7.3859673,7.4076734,7.92148,7.3356423,6.8453245,7.538431,6.762248,6.7881923,6.6267104,6.0304275,6.019155,8.564468,7.772782,6.672552,6.7376747,7.2601027,7.859251,7.9500637,8.082671,7.894039,5.7595882,5.9669576,5.6799335,6.542133,7.252025,6.964222,5.097724,5.413759,5.5163918,6.182648,7.406971,4.247336,6.458476,5.9754896,5.818971,6.410506,6.7723007,6.7527704,6.826874,6.7812705,6.4660163,6.674063,6.7874894,7.043021,5.713511,5.6807985,6.2193847,6.0628676,5.999602,6.7495503,7.2589526,7.313561,6.432005,7.2645864,8.244048,7.175932
23,5.705759,4.386726,4.835733,4.8162847,4.57978,4.134451,4.940804,4.8643823,7.1184263,4.655057,5.4420466,4.833852,3.6400838,5.2271857,3.6550462,4.108082,5.7465653,5.6217747,6.0269575,6.546407,2.7488904,3.8373694,0.2245894,0.0,5.220225,4.2072616,5.450601,4.4878225,5.0511565,4.8285327,4.769132,5.3246036,5.196822,5.27314,5.6028376,5.8916917,5.2840004,6.060739,5.9293246,5.696766,4.4717093,4.689747,5.4621806,4.0381384,6.452787,6.491436,4.9936504,5.7747884,5.9171963,4.7060165,5.136358,5.6657724,3.8813097,5.57936,4.604123,4.2091184,7.0681567,8.063454,7.1793046,6.292033,4.86635,7.415026,5.468247,6.860031,8.274859,8.340208,7.9272237,8.3396635,8.002061,9.464452,8.032375,8.009175,7.3422775,7.37261,7.896306,7.3073416,6.828816,7.515773,6.7452927,6.7719526,6.595662,5.9912515,5.9771633,8.547606,7.742098,6.637355,6.7184944,7.226909,7.8644533,7.953609,8.042284,7.8603897,5.730482,5.9377294,5.6330724,6.508401,7.2155056,6.935384,5.1190853,5.3576956,5.521364,6.1435213,7.414993,4.252692,6.4715652,5.9833627,5.833225,6.419238,6.779162,6.7691073,6.8417974,6.7957783,6.4276175,6.6277885,6.7661314,7.020442,5.731028,5.6984816,6.2242365,6.068765,5.9447074,6.6969414,7.2206335,7.2734036,6.4063826,7.242721,8.309946,7.249331
24,3.669566,2.691883,2.4866452,2.1204135,2.432545,2.5093398,2.470786,2.4891288,3.9435291,2.745177,2.6907942,2.325772,4.376825,3.5926197,5.1155295,3.030852,4.785438,4.597666,5.065206,5.790755,5.2480273,3.8987207,5.205842,5.220225,0.0,2.444247,2.1298094,2.9958956,6.520306,3.2258663,2.1204064,2.6872234,2.3381882,4.3221283,3.9331963,4.5113215,3.8928173,5.0339403,2.7141905,2.1688364,2.7543812,2.890402,4.42744,2.9530308,4.6325912,4.6795373,3.8023148,4.3716674,4.2401576,3.6106725,3.686845,4.520887,4.14605,4.693594,4.649745,4.3387647,5.7351127,7.2118883,5.020306,3.8832002,2.7903273,6.1609926,3.4361818,4.8845544,5.800611,5.8710647,5.1627812,5.7168164,5.16605,7.324089,5.2911706,5.55887,6.8427696,6.28296,5.3573575,5.0492077,6.489173,6.015595,6.1429753,6.1480517,5.409896,4.3275027,5.296271,6.555496,5.839629,5.058365,5.075307,6.401189,6.4079647,6.628353,6.1654024,5.9123473,4.438163,4.715379,4.7944303,4.005814,5.8057218,5.7702303,5.242269,4.427139,5.959629,5.278073,7.344753,4.736766,3.8701992,3.8677192,5.2347145,5.2225385,6.037223,7.3179054,6.610999,6.6106887,6.630051,5.959532,5.973995,6.0560904,5.099768,5.0981355,4.6095595,4.7009654,6.503531,6.443633,5.580117,6.8115187,5.5835304,6.161925,6.772503,5.7858143
25,3.6351082,2.8543293,3.57879,3.069396,2.4508266,2.3197284,3.555122,3.4915984,4.6495585,3.591035,3.6872725,3.38707,3.517157,4.536114,3.9630458,2.8828673,4.763739,4.454823,5.4926405,6.154139,4.8517356,3.405399,4.190879,4.2072616,2.444247,0.0,3.2109685,2.2328818,5.03047,3.653071,2.4503124,3.5771668,3.3519034,3.900292,4.746537,4.6091294,3.570503,4.6898355,3.873377,3.5934494,3.0221038,3.3939633,4.0191975,2.1793709,4.749372,4.8002305,3.3232257,3.6066859,4.8910666,3.6355255,3.7215965,4.261172,4.054282,5.1504736,4.916586,4.4798512,6.284752,7.509206,5.4251966,4.3691597,2.9534738,6.016962,3.691766,5.1977453,6.545046,6.637349,6.3143234,6.57878,6.257772,7.785255,6.440776,6.33085,6.870799,6.758494,6.3330536,5.1581864,6.8219423,6.0415645,6.4558296,6.4696007,6.0743127,5.2688785,5.3336935,6.796448,6.920942,5.7054605,6.000707,6.7644873,6.8022695,6.963117,6.778574,6.52616,3.8033288,4.141319,4.928561,4.8655925,6.863764,6.6095605,4.978923,4.3517137,5.7170544,5.777031,7.1588535,4.2669587,5.4113846,4.7238827,4.65224,5.5697966,6.171858,6.475402,6.547684,6.576233,5.8609133,5.514888,6.3290925,6.3873672,4.9679594,4.9371214,4.5159965,4.2369013,6.041034,6.052619,5.32534,6.4594927,5.112783,5.8026657,6.64589,5.4835973
26,3.5802348,2.673161,1.8399113,1.401626,2.314179,2.4264588,1.7228729,1.7488495,4.3962684,2.3086405,3.300096,1.4585534,4.0362344,2.798855,4.857503,2.6920254,4.250544,4.144605,4.276677,4.972852,4.864865,3.1941433,5.43749,5.450601,2.1298094,3.2109685,0.0,2.5394316,6.354082,3.4767818,2.7278306,3.6763399,2.0153272,4.6183867,4.0064597,3.9508038,3.6845026,5.0349503,1.9646177,1.195996,2.2363036,2.7945185,4.161715,2.901152,3.9611812,4.0066867,3.6667075,4.00488,3.9806113,3.416824,3.1912498,4.101482,3.8488698,4.135353,4.4450836,4.0064983,5.40544,7.1069336,4.9307857,4.010665,3.3322852,6.0461736,2.8851705,4.856786,5.728247,5.797406,5.30478,5.6921306,5.218084,7.068344,5.4002185,5.5975976,7.06446,6.380492,5.256025,5.197149,6.572802,6.135557,6.4022546,6.3993287,5.54505,4.48597,5.552487,7.4352827,5.951622,5.3042703,4.848084,6.4491005,6.036416,6.256478,6.166341,5.8169994,4.6218753,4.8374033,4.9657927,4.1677732,5.674862,5.565602,4.5225067,4.9052277,6.0724416,5.282658,7.217254,5.1302547,4.350084,4.028819,5.598265,5.2951303,6.111352,7.1970105,6.229595,6.8188844,6.316034,6.1237926,5.5747623,6.1653137,4.762787,4.7696643,5.226525,5.420997,6.61386,6.4624844,5.752254,6.4623156,5.480796,5.798489,6.436601,5.651474
27,3.6058877,2.7789168,3.2653682,2.968122,2.5064034,2.3537157,3.0728223,3.163455,4.8651276,3.224263,4.1178703,2.8578637,2.6391559,4.0927057,3.5215514,2.7928536,5.210063,5.048748,5.6872115,6.2782865,4.6473136,2.7212949,4.476414,4.4878225,2.9958956,2.2328818,2.5394316,0.0,4.614772,4.276403,3.131376,4.5742702,3.1607056,4.795076,4.7950463,4.225152,3.6088912,5.1542253,3.097278,2.8477414,2.78577,2.8508878,4.22334,1.9288914,4.7296395,4.7482696,3.333116,3.801102,4.774009,3.5762885,3.4252741,4.1179476,4.0471497,4.8009276,4.5099325,4.2082295,5.999987,7.498789,5.2659283,4.374177,3.4360268,5.871929,3.250714,5.2015266,6.5781755,6.6544137,6.067655,6.497124,6.0077424,7.6619406,6.201416,6.4157634,7.1068463,6.450436,6.1195984,5.205372,6.652424,6.1071444,6.4614425,6.4537582,5.829487,5.0587764,5.554385,7.477089,6.8303404,5.9876757,5.9543,6.8476386,6.613754,6.8252535,6.9142537,6.599634,3.532052,3.7942336,5.0449996,5.1748614,6.463091,6.0741267,3.7622948,4.0230117,5.2667766,5.335061,6.608262,4.124455,5.466328,4.364958,4.9864006,5.5998726,6.1564546,6.1452484,6.1391387,6.703457,5.767474,5.9476776,5.7625303,6.3246813,4.589328,4.564442,4.9835396,4.7901864,6.50346,6.3302093,5.850045,6.3908668,5.408293,5.747111,6.476102,5.9396615
28,5.7266088,5.8327813,6.2461605,6.0951285,5.858677,5.798817,6.3292985,6.303704,7.4919233,6.256155,7.06892,6.2141404,4.2114067,6.703828,2.6068428,5.7946687,7.6706495,7.574193,7.850749,8.351382,5.2045803,4.810977,5.029227,5.0511565,6.520306,5.03047,6.354082,4.614772,0.0,6.1794176,5.634442,6.954433,6.392549,7.0154734,7.553322,6.509408,6.1696115,6.8633714,6.4864273,6.4254513,5.5931897,5.6694818,6.923922,5.0751915,6.915592,6.9270887,4.6695967,5.3442974,7.471043,5.2883215,5.454436,5.1750574,5.53109,5.751982,6.5535736,5.7743297,7.2085648,7.7664557,7.317801,6.484087,5.907382,6.766822,5.227745,6.6185913,9.085665,9.152954,8.684743,9.149722,8.723697,9.089605,8.753453,8.985676,7.9775753,7.85324,8.935318,7.872678,7.7798405,7.962674,7.4956627,7.502528,7.6337204,7.5504284,7.0356245,9.1689005,9.248757,8.27633,8.0139675,8.27145,9.280938,9.4358015,9.52771,9.148199,5.986159,5.7638326,6.346505,7.341765,8.544395,8.235104,5.236142,5.8564644,6.2908783,7.47569,6.5092206,5.636673,8.379171,6.9468975,7.2116923,7.7684526,7.6492033,6.5791297,6.9390187,7.2737184,6.4788814,7.5914993,5.9996457,7.442615,6.974752,6.940202,7.4233174,7.33641,7.3784604,6.9705396,7.326544,6.2878056,6.4145794,6.1457515,6.9006076,7.0474806
29,4.8416038,4.1336846,3.1209717,3.0941727,4.3493037,4.217685,3.4862535,3.282318,5.5677824,3.650194,3.406635,3.3910332,4.804644,3.7201946,5.0488205,4.4569283,4.253692,3.9926834,3.5392866,4.5188212,3.8171601,4.3086963,4.8170333,4.8285327,3.2258663,3.653071,3.4767818,4.276403,6.1794176,0.0,2.4499114,2.8113728,4.005542,5.2615285,4.796038,4.5677176,4.482362,5.2465205,4.3974466,3.6687493,3.0469277,4.1399713,4.950195,4.375038,4.334656,4.4156713,4.4738107,5.0497065,4.66408,3.5942411,3.6131918,4.308258,3.2046752,3.9953403,4.5307236,3.375883,5.6711535,6.9506707,5.367522,4.224901,3.1792734,7.074381,3.6976397,5.376962,6.3660836,6.4369144,6.083106,6.4540787,6.033987,7.768805,6.1808047,6.238495,6.541649,6.3065734,5.9575524,6.4732842,6.6598415,7.3513365,6.2524633,6.2903,5.3667064,4.4016094,5.342285,6.613909,6.365247,5.754237,5.3115377,6.173014,7.0077515,7.1396914,6.484872,6.2205887,5.6826673,5.893765,4.4613304,4.472018,6.254675,6.6302967,5.90653,5.68584,6.68991,6.6683197,7.93259,5.6631103,4.7878137,4.0223584,5.934544,5.0484147,5.371467,7.842169,6.2149544,6.148391,6.8906775,5.8898516,5.37227,6.027729,5.3924804,5.4040675,4.9478974,5.5260143,5.670176,6.1256313,6.5432467,6.0843973,5.347971,5.9161763,6.6591706,5.3267474
30,4.5973988,3.7273443,3.072681,2.438886,3.322827,3.1954238,3.1680264,3.0494618,4.4493275,3.436297,3.3809514,2.631292,4.5046387,4.083922,4.6464314,3.7573147,4.6601524,4.421738,4.466968,5.235185,4.2921243,3.2413912,4.7434487,4.769132,2.1204064,2.4503124,2.7278306,3.131376,5.634442,2.4499114,0.0,2.8520455,2.7162886,4.4315567,4.0256596,4.0204434,3.715342,4.865884,3.2655156,2.8118157,2.0321534,3.127438,3.7534509,2.8892348,3.9855103,4.0188975,3.7686372,4.1034226,4.1761622,3.1020777,3.354955,4.274586,3.8835895,4.309781,4.2821016,4.1781034,5.8154216,7.0542293,5.2392387,4.058716,2.557957,6.4540644,3.3375678,5.24185,5.999473,6.1006618,5.700062,6.025506,5.6814156,7.4143424,5.795123,5.7065096,6.4528227,6.17864,5.7353783,5.9081135,6.312252,6.84402,5.892753,5.8982306,5.23657,4.2897716,4.963884,6.56275,6.1905894,5.32023,4.9862137,6.0021453,6.4674134,6.700265,6.258629,5.9167495,4.8289723,5.029282,4.235656,4.2877235,5.9783754,6.0927167,5.1666026,4.594236,5.997646,6.012149,7.404744,4.8208995,4.162599,3.4811916,5.001258,4.5398626,4.9303784,6.9410043,5.623007,5.5464916,6.2518234,5.4228005,5.7189136,5.662778,4.8656344,4.8693957,4.518823,4.8672357,5.874865,5.743495,5.853923,5.709644,4.8945327,5.546212,6.0771194,4.8987803
31,4.225812,3.4861286,2.7734156,2.951054,3.8483355,3.7999966,3.5117073,3.387204,4.2755437,3.049475,2.7866988,3.2554502,4.9577556,3.6597893,5.3766084,4.133698,4.5717096,4.3770885,4.43996,5.148756,4.9344873,4.431208,5.3076754,5.3246036,2.6872234,3.5771668,3.6763399,4.5742702,6.954433,2.8113728,2.8520455,0.0,3.500557,3.9351807,3.7047474,4.170023,3.7547827,3.693643,4.018718,3.4823267,3.2088823,3.1123166,4.638702,4.0399866,4.0382442,4.081755,4.6013694,4.935607,4.682102,3.2325835,3.523261,4.126905,3.4217954,4.0450997,4.2594867,3.6460621,4.7591796,5.9041853,5.553342,4.446923,3.3208857,5.893765,4.030845,3.9438264,6.117145,6.1818004,5.8571873,6.1697097,5.812447,7.696623,5.948873,5.9027257,6.090483,6.090296,5.309915,5.473901,5.7017875,5.924448,5.235469,5.2641144,5.6976304,4.717648,5.5388045,6.298703,6.24513,5.515376,5.2783346,6.4644547,6.3909826,6.5132513,5.9062734,5.6427655,5.5057435,5.7628407,4.7209396,4.082076,6.1887355,6.408671,6.0999165,5.530603,6.2305026,5.9277883,7.6943445,5.023141,4.2702103,4.3716817,5.5925336,5.087319,5.7208014,7.5544505,6.25348,6.097298,6.33981,5.28249,5.343105,5.808204,4.729109,4.741138,4.122792,4.537317,6.301133,6.4743223,5.900563,6.681074,5.6236453,6.3905926,6.8811574,5.568613
