,0,1,2,3,4,5,6,7,8,9,10,11,12,13,14,15,16,17,18,19,20,21,22,23,24,25,26,27,28,29,30,31,32,33,34,35,36,37,38,39,40,41,42,43,44,45,46,47,48,49,50,51,52,53,54,55,56,57,58,59,60,61,62,63,64,65,66,67,68,69,70,71,72,73,74,75,76,77,78,79,80,81,82,83,84,85,86,87,88,89,90,91,92,93,94,95,96,97,98,99,100,101,102,103,104,105,106,107,108,109,110,111,112,113,114,115,116,117,118,119,120,121,122,123,124,125,126,127
0,0.0,5.2217937,3.620258,3.104789,5.430035,6.7158866,3.1185317,3.382077,6.6586313,8.524271,6.2602706,7.6867332,6.534888,7.480953,7.156205,7.5544105,7.085805,6.6611414,7.453207,7.592209,7.2739735,7.712723,8.122729,7.6134124,6.157856,6.8231316,5.4538016,6.1498294,5.9703813,6.226238,8.219925,6.8692636,7.4971447,7.4314756,7.9604774,7.4507422,6.618898,6.264839,7.8490825,9.212239,6.0730205,5.4353976,4.811612,5.32059,6.398428,5.4423785,5.702283,6.592171,3.9496615,5.3623104,6.1448603,6.4549875,5.1976366,4.9521346,5.4101906,5.357196,5.2185097,5.2043824,4.114402,4.2145686,6.283693,6.2913823,5.790383,5.773433,6.8307643,8.114756,9.115605,9.254423,7.1282372,7.482672,6.257015,7.09676,6.182959,7.350533,8.527738,7.7023377,7.228651,7.115018,7.726649,7.273084,7.7396383,6.8311753,6.7603407,7.014416,7.319962,7.152115,7.657151,8.32313,7.764566,7.83811,6.5524645,7.7255983,6.5978813,8.935757,6.709204,6.6621394,9.093053,8.599811,9.331174,8.036336,7.2174754,6.383117,6.961571,7.547204,8.034695,7.509823,8.390997,8.691975,7.56044,7.5628495,7.4197826,9.018672,7.063171,10.154447,8.129019,8.870176,8.956217,7.958888,8.338161,8.2954855,9.28682,8.708946,10.454503,9.631931,7.926011,8.241945,8.03571,8.628978
1,5.2217937,0.0,5.4292364,5.543594,6.9556413,6.422561,4.756145,5.2252774,6.1686897,7.142978,6.714855,5.756357,6.416082,5.4895086,7.012382,7.3982744,6.7174916,6.225868,7.1355977,7.117235,6.1480293,6.5416193,6.979275,6.4843025,4.4546556,4.3486385,4.861544,3.8607104,4.0060177,4.9802847,6.7356563,4.4539285,4.778245,6.8494673,6.8528767,6.864818,5.443349,5.3151717,6.0795035,7.6718698,5.1872888,5.8219614,5.5461826,6.231616,5.9933796,5.928017,6.4573364,5.942615,5.297678,6.3182225,5.259811,5.5960646,5.9217653,5.93679,6.403129,6.2872725,6.251643,6.170643,5.0417295,5.0493746,5.6482234,5.645026,6.8150077,6.6251836,6.2356224,7.4339495,7.5545726,7.659884,6.3889737,6.48381,7.040557,7.253057,6.9960737,6.5093374,8.090983,7.367214,6.1448617,6.009858,8.1698065,6.4564543,7.951207,7.52134,7.9846277,7.6841245,6.679324,6.4132543,6.2821727,7.739638,7.708025,7.862588,7.4509206,6.574487,7.2469,9.582612,7.222505,7.1178765,7.288726,7.3234434,7.4603243,6.5389566,6.0080857,7.09162,6.398727,6.4216876,5.968048,6.185237,6.163908,6.6117806,6.2816257,6.342844,6.580871,6.4523206,5.925052,8.254925,6.1248565,6.9844847,7.0064073,7.048304,6.5878468,6.109889,7.34761,6.57094,8.833119,7.8317504,7.1526976,7.0735493,5.97256,7.6684995
2,3.620258,5.4292364,0.0,1.9133874,5.716028,5.7211704,3.1439052,3.2336583,4.8848085,6.9102025,5.3034005,6.126953,4.117074,5.1683564,5.6133566,6.1332245,6.7680964,6.0544705,6.838904,7.316289,6.564217,6.659803,7.1936474,6.463724,5.5837917,5.7643657,4.741707,5.87146,4.956448,5.3034306,5.6958685,5.6164255,6.513866,6.799535,6.266075,5.679076,5.7340193,5.843575,5.770842,7.8405275,4.9549623,4.1408005,3.3544183,4.2615275,5.4253683,4.3383193,4.527131,6.063368,0.9768524,3.9653447,4.775056,5.069986,3.5090961,3.1954296,3.8245904,3.5930064,3.5480678,3.5255506,2.3954732,2.4590726,4.108746,4.1128263,3.7842908,4.008915,6.3563952,6.5006285,8.043058,7.9478574,6.2244015,6.427525,5.6350794,5.9777627,5.401869,6.495845,7.73067,6.804369,6.189743,6.1629705,6.201388,6.276339,6.450285,5.9472866,5.8621526,6.1746726,6.12806,6.0725384,6.4100366,6.4629607,6.5450873,6.6295767,5.5853553,6.6955967,5.597641,8.403745,5.622337,5.6432714,7.170254,7.040899,8.062177,7.119109,6.382297,5.753153,6.0309596,6.297308,7.063675,6.4731016,7.5378313,7.282953,6.150541,5.953647,6.3980203,7.6922903,6.8446755,8.455987,7.266169,8.586886,7.4401975,6.656339,7.423614,6.863996,8.787298,7.8515387,9.161791,8.082273,6.7032666,6.7282095,7.8344107,6.6899033
3,3.104789,5.543594,1.9133874,0.0,5.371335,6.0881734,2.7197847,2.6434782,5.7993884,7.7818513,5.9713225,6.9967484,5.2284293,6.3696647,6.419589,6.8828225,7.1458726,6.6609654,7.2774386,7.6147447,6.9511995,7.068219,7.658785,6.9023147,6.2130156,6.266697,4.4973493,6.0545483,5.767842,6.036135,6.866908,6.2910724,7.1845355,7.184075,7.3124866,6.751219,6.343083,6.320028,7.0155325,8.837448,5.9519644,4.5757475,4.1769667,4.9366703,5.9036403,4.892466,4.778691,6.3398986,2.3176317,4.8016686,5.53189,5.9416456,4.3433414,3.9163866,4.489895,4.4018645,4.3331847,4.4434366,3.0974488,3.1518986,5.565513,5.569326,5.251235,5.331198,6.7622666,7.578703,8.40694,8.324456,6.5216064,7.011181,5.802335,6.309034,5.731702,6.9018764,7.8654995,7.1142755,6.658386,6.563357,7.161811,6.6217084,6.6639037,6.193924,6.1103354,6.360577,6.4990883,6.435648,6.9243097,7.5795755,6.763669,6.8316793,5.821453,7.174032,5.838193,8.576187,5.8970118,5.8993883,8.168624,7.9721646,8.897421,7.4591684,6.7089796,5.699411,6.389924,6.8425994,7.288778,6.648568,7.9097543,7.635395,6.610318,6.5332775,6.6480627,7.9343996,7.073416,9.265639,7.5369096,8.780373,7.729566,6.8113623,7.451809,7.0663805,9.041362,8.119257,9.907768,8.942728,7.0694275,7.645808,7.99862,7.6669507
4,5.430035,6.9556413,5.716028,5.371335,0.0,4.0880594,5.4139476,5.38935,7.405497,6.1286416,6.8147087,8.081299,7.5108843,8.309573,7.5701566,7.8333383,5.176302,4.371528,5.4322734,5.826694,4.9507585,5.3714614,6.2474713,5.1803117,7.3492537,7.511068,6.372608,7.1476593,7.1679196,7.4513354,7.488165,6.195214,8.626699,8.059515,9.043187,8.695143,7.8082137,7.6253486,8.532902,9.256782,7.3614182,6.860005,6.364649,6.90486,7.629061,6.9825134,7.192798,8.066318,5.904629,6.7061434,7.522058,7.797172,6.7970552,6.645305,6.96028,6.872648,6.818345,6.786336,6.0985265,6.1415358,7.7582593,7.743594,7.0351677,7.3282037,4.8190036,6.139276,7.078066,7.240088,5.0725245,5.4843326,3.9007237,5.124459,3.7745173,5.4472537,5.9147625,5.1658087,5.0521526,4.937758,5.7479897,5.14447,4.952316,4.1750565,4.0370955,4.4354987,4.855664,4.5223336,5.0693345,6.297717,5.310241,5.411162,3.9948092,5.8165092,4.1340947,6.4321346,4.4480515,4.139221,7.1073465,6.8894515,7.656593,6.16217,4.9049673,3.551309,4.892649,5.1431923,5.809948,5.477292,6.810194,6.753854,5.7238855,5.495834,5.5577855,6.9704633,4.9117403,8.224874,5.993978,6.792664,6.9746933,5.279148,5.725433,8.952875,7.6935325,7.095719,8.647637,8.241261,6.2193494,6.556669,6.523202,6.9558153
5,6.7158866,6.422561,5.7211704,6.0881734,4.0880594,0.0,6.550971,6.2844863,6.773142,4.574553,7.2934537,6.6734476,6.8654814,6.7464547,7.155234,7.4265842,4.40355,3.0818334,4.0368676,4.722071,3.3544943,3.2509844,4.935637,2.6378148,6.6262064,6.4597087,6.7548337,6.878878,6.332107,6.3774676,5.405369,5.070278,7.3905582,8.230572,8.228767,7.8759227,7.683207,7.7177896,7.3916078,8.242381,6.165684,6.4630146,6.5804935,7.163855,7.805673,7.161321,7.345982,8.353537,5.640899,6.379084,6.4410205,6.4667654,6.542567,6.4913635,6.513705,6.3983483,6.7970104,6.6903567,6.063883,6.0915384,6.2175775,6.1967497,6.8080864,7.169946,4.292447,4.742436,6.042767,5.78173,4.6079016,4.589229,4.859973,5.1197596,3.7647784,4.2241063,5.91702,3.8913536,3.9971132,3.9445207,5.099428,3.9250984,5.515217,4.9879975,4.8793592,5.2943144,4.153797,3.7391284,4.101672,4.8558354,5.4615874,5.565598,4.361071,4.1373115,4.7907352,6.651773,4.8950067,4.6715117,5.304003,5.2594376,6.592843,4.9412513,3.8376439,4.023872,3.2494984,4.152049,4.0583463,3.5622067,5.2894096,4.964756,4.2097764,3.9798672,4.3382654,5.921047,3.5924335,6.525792,4.1445537,6.6218605,5.350664,4.200319,4.551143,7.865064,6.987707,5.689876,7.2476406,6.4501014,4.398489,4.0780635,5.7350497,4.646748
6,3.1185317,4.756145,3.1439052,2.7197847,5.4139476,6.550971,0.0,2.0818589,5.7416253,7.978028,6.1024985,7.4604616,5.8698378,6.857031,6.942013,7.380383,7.3046956,6.8099513,7.4824147,7.6964364,7.103759,7.4577703,7.7372375,7.3583426,5.1311884,6.073644,4.713745,4.99394,5.528904,6.103843,7.227033,6.096409,6.991491,7.159108,7.009024,6.9684787,6.2426105,6.063041,7.177595,8.849824,5.6175156,4.7990737,4.1123466,4.7884517,5.0990357,4.9562197,5.448639,6.172599,3.5386546,4.824968,5.602447,5.944124,4.6458955,4.522646,4.755325,4.682736,4.7386484,4.677723,3.7128787,3.789483,6.1632733,6.1496243,5.451387,5.423979,6.7778673,7.778319,8.459103,8.611053,6.5866084,6.925549,5.7386365,5.844898,5.954539,6.918497,7.9891806,7.4785028,6.631855,6.7197423,7.2254043,6.7586856,7.0250425,6.703042,6.807381,6.9222245,6.84112,6.7579007,6.5453086,7.840713,6.949926,7.177858,6.003966,7.197615,6.030872,8.814344,6.1003523,6.1958666,8.3272705,8.121046,8.339766,7.436549,6.6930423,5.98326,6.62374,7.080801,6.8635917,6.7979627,7.986785,7.760913,7.0030394,6.960829,6.7880425,7.490272,7.191898,9.59808,7.07067,8.224127,7.950462,7.2046742,7.7121544,7.2303762,9.033077,8.370467,10.095729,9.109188,7.361271,7.828659,7.7048144,8.037885
7,3.382077,5.2252774,3.2336583,2.6434782,5.38935,6.2844863,2.0818589,0.0,5.356324,7.8860273,6.0059214,7.220512,5.8262315,6.9685497,6.5822825,7.022761,7.504973,6.976015,7.6206975,7.9797225,7.2339954,7.381194,8.287016,7.17741,5.4674635,6.2835226,4.5799937,5.42838,5.870398,6.400711,7.4568467,6.3023047,7.5810485,7.61693,7.585067,7.5261683,6.971958,6.445618,7.669707,9.0365305,6.4738436,5.18221,4.836385,5.455779,5.87177,5.620365,5.8045654,6.850602,3.5938277,5.4153924,6.267221,6.5886765,5.1025443,4.775849,5.133638,5.023676,5.013767,5.063857,3.9986339,4.114053,6.2996645,6.2693453,5.8728304,5.9135427,7.410116,8.227647,9.036604,8.975488,7.219338,7.5751576,6.421738,6.502746,6.474152,7.5757637,8.340776,7.697008,7.2616067,7.2993217,7.7135787,7.3628416,7.283875,7.1569433,7.102084,7.3193083,7.2922235,7.023787,7.0277734,8.167115,7.237163,7.5224104,6.26142,7.7245603,6.4877872,9.0718565,6.5612774,6.6512375,8.6112585,8.481132,8.903922,8.034437,7.1852994,5.765967,7.1406965,7.485427,7.106815,7.1675367,8.389351,8.170045,7.4234676,7.169192,7.4141107,8.165641,7.4741507,9.794142,7.1084957,8.804874,8.356553,7.1163363,7.674769,7.713648,9.744526,8.782042,10.36953,9.335817,7.7603927,7.8256946,8.169863,8.318724
8,6.6586313,6.1686897,4.8848085,5.7993884,7.405497,6.773142,5.7416253,5.356324,0.0,5.779913,4.124054,5.0241776,2.6515172,4.365184,3.7182555,4.3273406,8.016454,7.2795196,7.7705073,8.224804,6.865546,7.1045804,7.8618546,6.9793744,6.557451,5.324848,5.2062163,6.719623,5.248299,5.552611,4.9761066,5.226948,6.144683,6.374031,4.8939824,4.903044,5.7518973,5.3476596,5.400335,6.8487,6.0246124,5.215182,5.2897563,6.0668197,6.1794715,5.7543945,5.951199,6.04778,4.7752733,5.670573,6.613732,6.427045,5.76514,5.461455,5.498922,5.344088,5.391651,5.5824237,5.075402,5.1660624,5.4138336,5.3803105,5.3165097,5.264677,7.922414,7.2205887,8.284014,8.131818,7.5900087,7.634504,7.394713,6.6996074,6.796629,7.6976533,7.4698367,7.555453,7.6586685,7.3672,6.476724,7.2796154,7.2135763,7.601698,7.706373,7.5609736,7.6133657,7.293702,7.4590263,7.1497946,6.5777636,6.8047175,6.660686,7.6331205,7.0622444,8.733116,7.067013,7.033248,6.7039204,6.9923964,7.417891,7.486428,6.8876705,6.0727363,7.64341,7.352661,7.294845,7.4749227,7.2960997,7.024595,7.3985615,7.1487103,8.617544,8.230853,7.3744664,7.347889,7.2404,8.263999,7.6659126,7.7358913,7.327888,7.433854,8.583288,7.699668,8.228452,7.30058,8.053508,6.163537,7.655811,6.731482
9,8.524271,7.142978,6.9102025,7.7818513,6.1286416,4.574553,7.978028,7.8860273,5.779913,0.0,6.3738117,5.765028,5.631978,5.2454605,6.030476,6.3996058,5.58524,4.1199274,5.635619,6.1770935,4.0948715,4.2274623,5.3389683,3.9961157,7.837938,6.4316993,6.9414907,7.9462886,6.116406,6.546943,3.9606133,3.8224545,7.006338,7.7879887,7.1511345,6.719239,6.85247,6.8070927,5.606223,6.8602424,6.9775567,7.3228946,7.012995,7.7292395,8.211165,7.4858193,7.6124506,7.607417,6.7408657,7.546198,7.601997,7.558863,7.3485866,7.3422303,7.7545333,7.5164433,7.416303,7.317938,6.95522,6.960092,6.2498684,6.2351017,6.827491,7.064519,5.146457,3.7874765,5.7697735,5.528093,5.0450954,4.6046543,5.550489,5.8053746,5.1256204,5.0441165,5.6287727,5.5090837,4.639787,4.589873,4.710417,5.126109,5.1773863,5.6936574,6.169907,5.9711423,5.0803633,4.5890718,5.063414,3.915819,5.157597,5.3880734,5.531473,5.3200235,5.4243855,7.8736095,5.400975,5.288302,2.71936,3.7632859,5.182603,5.16825,4.656639,5.188001,5.533866,4.4594183,5.64152,5.161915,4.881637,4.406852,4.70618,4.184644,6.2533417,5.9705553,5.2029614,4.789355,5.4201326,6.1294494,5.133897,5.0466695,4.6904473,8.125751,6.4991565,5.462865,5.7360506,4.9068584,6.080666,3.2077081,5.3985095,4.0778704
10,6.2602706,6.714855,5.3034005,5.9713225,6.8147087,7.2934537,6.1024985,6.0059214,4.124054,6.3738117,0.0,4.237848,4.15512,5.3711987,2.3012154,2.583707,8.038947,7.232071,8.085297,8.701347,7.066205,7.4443507,8.229887,7.326638,7.599381,5.8196487,5.654405,7.627924,5.547138,5.7133603,6.2692704,5.5341053,6.9633603,4.993251,6.6489263,5.922788,5.5095496,5.611553,5.7718725,5.7343497,6.2474327,6.3344154,5.6686177,6.4901004,7.381441,6.311348,6.502331,6.431482,5.2584524,5.860771,7.148695,7.2985234,6.4539676,6.159334,6.6995792,6.504538,6.288912,6.330403,5.749048,5.8062716,6.1439543,6.142193,5.2266855,5.8914747,7.765742,7.2792873,8.567983,8.684813,7.5559797,7.530974,7.2743096,7.796713,7.0215707,7.890192,6.4131193,6.6621885,7.7755322,7.611649,7.1460543,7.8228593,6.603484,7.278095,7.649957,7.523492,7.6387267,7.3232207,8.007555,7.590483,6.8819556,7.0233164,6.9550347,8.122712,7.192307,7.410379,7.441798,7.2203712,7.5160336,7.8482924,8.723152,8.157845,7.420808,6.913421,8.038756,7.4484468,8.808041,8.302685,8.049442,8.14768,8.244476,7.798287,9.052847,9.246871,7.9321113,8.292019,8.654999,8.045695,8.340369,8.114154,7.68639,8.004184,8.864103,8.779997,7.706009,8.117648,8.897022,7.6215696,8.046215,7.841244
11,7.6867332,5.756357,6.126953,6.9967484,8.081299,6.6734476,7.4604616,7.220512,5.0241776,5.765028,4.237848,0.0,4.948731,3.5611422,3.3381667,3.4708655,7.491817,6.7201214,7.5491004,8.179329,6.4346027,6.581043,7.696664,6.419738,6.7389855,4.867775,6.2973237,7.047368,4.5780506,5.0150166,5.3407784,4.559929,5.926094,5.830816,6.995423,6.4207516,5.8997617,6.351082,4.8293486,4.765634,5.6435547,6.902705,6.5575976,7.3011107,7.811749,6.975154,7.142008,7.214534,5.685101,6.5852814,6.239816,6.4043403,6.7828703,6.5217695,7.2827516,7.0110326,6.8444114,6.9172835,6.097406,6.103321,4.718538,4.7101693,5.991532,6.4953403,7.3702145,6.7199855,8.069435,7.931523,7.2016664,7.0495768,8.166274,8.553804,7.8355856,7.452034,7.1138144,6.236686,7.1999464,6.93568,7.932364,7.4220705,7.69964,8.071661,8.41577,8.261483,7.2129707,6.857606,7.5163207,7.1822577,7.843128,7.9602995,7.9843707,7.3973746,7.992909,8.231839,8.130574,7.8561053,6.493168,6.950009,7.9398656,7.5075316,7.084844,7.901782,7.4606576,6.7450714,7.8318715,7.5031667,7.19447,7.202633,7.3012776,6.78527,8.335955,8.371245,7.2891192,7.266466,7.6670117,7.9531937,7.486703,7.185097,7.1804194,7.041287,8.240902,7.8953767,6.583461,7.171649,8.0825,6.6854577,7.6277966,6.9177513
12,6.534888,6.416082,4.117074,5.2284293,7.5108843,6.8654814,5.8698378,5.8262315,2.6515172,5.631978,4.15512,4.948731,0.0,3.1306267,3.9014072,4.6216197,7.8070087,6.9852877,7.579292,8.267504,6.6898007,6.8234687,7.5362787,6.680223,7.17013,5.180402,5.1313667,7.3085237,4.907336,4.9584637,3.9401636,4.8175173,5.753791,6.3739257,4.6447377,3.7402108,5.031836,5.0500474,4.1805086,6.77036,5.812149,5.0671067,4.7813277,5.7825522,6.5379357,5.4307666,5.4571996,5.6467714,3.926485,5.3307776,6.047911,6.077544,5.3531218,4.983849,5.375987,5.1710873,5.102454,5.250113,4.674936,4.7290363,4.616038,4.6198363,4.6191835,4.778516,7.45325,6.3992147,7.751936,7.6067657,6.915658,6.942219,6.9225802,6.740702,6.3832827,7.18445,7.365594,7.391001,7.1208863,6.87093,6.070873,6.8878937,6.3915067,6.8207154,7.084837,7.0336804,6.873474,6.697943,7.2889075,6.250539,6.0083613,6.1084666,6.29263,7.2287216,6.565322,8.996632,6.5057116,6.5462146,6.1845293,6.6183724,7.7379174,7.31583,6.702159,6.370252,7.122432,6.7304645,7.829849,7.2710977,7.012532,6.6943665,6.803051,6.4673223,8.17801,8.117662,7.425317,7.054125,7.7280493,8.046357,6.9542923,7.441918,7.0564623,6.719127,8.360673,7.3467646,8.170962,6.865079,7.6826673,6.065029,7.3937993,6.1194143
13,7.480953,5.4895086,5.1683564,6.3696647,8.309573,6.7464547,6.857031,6.9685497,4.365184,5.2454605,5.3711987,3.5611422,3.1306267,0.0,4.738326,5.301589,7.3037243,6.4006314,7.2337284,7.923929,6.1985617,6.3628488,7.112409,6.1856213,6.3954744,4.437943,5.8872046,6.806562,3.827117,4.297577,3.395285,3.6838343,4.889752,6.809246,5.3479476,4.6247954,5.1414523,5.5245123,2.918308,5.9867616,5.196428,6.0184174,5.5091014,6.459121,6.9298835,6.03211,6.2958193,6.247403,4.6674585,6.0722127,5.3278604,5.4647655,5.8650637,5.6311355,6.372636,6.0756264,5.912684,5.985206,5.2398815,5.2347655,3.3810787,3.3894303,5.202937,5.335855,6.8821077,5.704939,7.344096,7.191338,6.435322,6.2581,7.4651365,7.548066,7.087165,6.739171,7.8383136,7.169062,6.457494,6.212726,6.847838,6.635894,7.194224,7.4016504,7.7633677,7.6506214,6.4382496,6.2467794,6.781859,5.782114,6.9458375,7.0518255,7.254329,6.6360655,7.186553,9.582748,7.0817375,7.0668063,5.313686,5.9253397,7.017182,6.8307652,6.4538937,7.517625,6.6799474,6.045033,7.297495,6.8123465,6.4371204,6.122381,6.115123,5.6744113,7.6141267,7.41233,6.9937286,6.4891005,7.185679,7.586733,6.4368377,6.812536,6.8535514,6.1570425,7.878593,6.85457,7.455929,6.2785506,7.2775197,5.541996,6.904612,5.6084175
14,7.156205,7.012382,5.6133566,6.419589,7.5701566,7.155234,6.942013,6.5822825,3.7182555,6.030476,2.3012154,3.3381667,3.9014072,4.738326,0.0,0.76355594,8.207057,7.4630346,8.197862,8.83931,7.369761,7.500861,8.492971,7.3769946,7.7022524,6.1620703,6.055496,7.922924,5.6666913,5.892593,5.823368,5.6234226,6.949221,5.001318,6.4621367,5.8171325,5.7969275,6.026655,5.5391746,5.216455,6.3802176,6.520269,6.185865,6.9410496,7.705015,6.726316,6.7183113,6.8845077,5.4304,6.232567,7.252118,7.316984,6.610925,6.26576,6.8656087,6.6156654,6.358736,6.485641,5.9370766,5.992473,5.7243714,5.7143216,5.4203377,6.0688343,8.164044,7.348695,8.761478,8.62172,7.833267,7.8160915,7.8973775,8.081983,7.578224,8.1714115,6.7460895,6.701267,8.040549,7.7896857,7.4099274,8.02206,7.1046653,7.8258324,8.0671,8.055684,7.852282,7.5498567,8.205018,7.649288,7.3452306,7.4821405,7.4718,8.269147,7.6683955,7.4873395,7.90056,7.64818,7.2997713,7.5507174,8.557277,8.348681,7.7898045,7.3392744,8.205052,7.7005253,8.722596,8.301711,8.102734,7.933356,8.143365,7.718027,9.158751,9.2358885,8.095562,8.181887,8.485319,8.7908745,8.244657,8.020444,7.9143977,8.07559,8.869427,8.636584,6.942763,8.0467415,8.773929,7.2857366,8.429702,7.4424458
15,7.5544105,7.3982744,6.1332245,6.8828225,7.8333383,7.4265842,7.380383,7.022761,4.3273406,6.3996058,2.583707,3.4708655,4.6216197,5.301589,0.76355594,0.0,8.506628,7.798825,8.510741,9.136162,7.713112,7.839745,8.816292,7.7176404,8.040745,6.596792,6.5411572,8.276628,6.1266994,6.3393474,6.30165,6.0838842,7.354941,4.972944,6.9367104,6.337156,6.19149,6.5202136,6.037007,5.196021,6.685824,6.9861407,6.669034,7.376522,8.101201,7.1747036,7.1792703,7.3384457,5.9526224,6.5927343,7.635365,7.6978474,7.058418,6.7320633,7.307811,7.065357,6.821651,6.943971,6.4264555,6.4753265,6.186351,6.1762347,5.8362956,6.542676,8.497172,7.710947,9.083691,8.951695,8.185533,8.162642,8.272551,8.467856,7.963611,8.5153265,6.8029256,6.722206,8.385667,8.137046,7.8048034,8.36881,7.425285,8.191835,8.4152775,8.41191,8.194472,7.902044,8.534862,8.0726,7.7468967,7.875804,7.855948,8.594227,8.047751,7.272349,8.322458,8.026342,7.6845627,7.921791,8.886604,8.688105,8.149827,7.742172,8.539118,8.058557,9.040824,8.641873,8.450859,8.2985935,8.546861,8.133129,9.476158,9.565011,8.416431,8.520749,8.808994,9.102995,8.603277,8.356695,8.270517,8.45078,9.102423,9.014804,6.833514,8.400551,9.09969,7.714431,8.810606,7.823656
16,7.085805,6.7174916,6.7680964,7.1458726,5.176302,4.40355,7.3046956,7.504973,8.016454,5.58524,8.038947,7.491817,7.8070087,7.3037243,8.207057,8.506628,0.0,3.2676682,1.991939,2.4797037,3.983609,3.4751563,4.122759,4.573784,6.193647,6.3076763,6.7697372,6.323316,5.479111,5.8031015,6.6198134,5.5107946,6.6345897,7.834768,7.9178247,7.641412,6.671866,6.6743155,6.8497963,7.7407064,5.878814,6.2267256,5.9299064,5.9059453,6.8839045,6.2980647,6.4858603,7.1411343,6.6288986,6.019455,5.4328685,5.5020313,5.8316903,5.7894106,6.3662624,6.1714396,6.0293155,6.0347223,5.83648,5.8815756,6.6559734,6.6496596,6.269307,6.231455,3.1638598,4.094636,4.6254306,4.814214,3.6271791,3.826532,4.321009,5.601583,4.903321,3.7657228,6.3214054,5.301225,3.2668493,3.1425116,5.0109944,3.521153,5.8051276,4.8927226,4.7077417,4.8640504,3.4650288,3.2281253,4.3686156,4.623203,5.543408,5.625244,4.4525185,3.5167284,4.111474,7.2049417,4.240108,4.0402946,5.8711424,4.51054,5.7285404,5.3361273,4.488908,5.521227,4.304454,3.329942,5.400538,4.6700983,5.9624586,5.795387,3.6365108,3.5608008,4.190972,6.163004,4.221248,7.3274336,4.561831,5.5287805,5.7193155,3.9020512,6.087307,7.388649,5.7584844,5.6511226,7.161253,6.211429,3.3793445,4.9000125,4.8669915,4.5677176
17,6.6611414,6.225868,6.0544705,6.6609654,4.371528,3.0818334,6.8099513,6.976015,7.2795196,4.1199274,7.232071,6.7201214,6.9852877,6.4006314,7.4630346,7.798825,3.2676682,0.0,3.6637337,4.0273623,2.695008,3.6468992,4.339484,3.2039073,6.434334,6.4138618,7.062607,6.9503245,5.6435404,5.99539,5.570745,4.317327,7.237685,8.406822,8.335545,7.7917037,7.2595177,7.225924,6.593875,7.9202905,5.810349,6.920308,6.174079,6.858284,7.574033,6.660886,7.174396,7.842804,5.874939,6.7018127,6.3188763,6.349053,6.552138,6.57001,7.0532837,6.8361087,6.8085923,6.687997,6.045568,6.0369706,5.662789,5.6544933,6.402089,6.535675,2.9105234,3.3232434,5.7853456,5.9342747,3.807911,3.574629,4.3117447,5.648309,3.695089,3.6527572,6.4383,4.668791,2.8893094,2.885931,4.7660594,3.7301652,5.6233816,4.875505,4.706968,4.8953958,3.5277162,3.0243785,4.0073133,3.7218044,5.622653,5.7507076,4.5964437,3.6871743,4.2785745,7.430668,4.2908926,4.143991,4.573894,4.5030575,5.7252192,4.5974216,3.6013062,4.8841357,3.2890737,3.32096,4.850651,3.9206035,5.307789,5.085917,3.7108939,3.4780993,4.2793403,6.123696,3.3136435,6.462874,4.9955096,5.8009586,5.863811,3.9807777,5.26719,8.32055,6.770923,5.826555,7.2353053,6.2813807,4.7651772,3.6468756,5.1111784,4.4850793
18,7.453207,7.1355977,6.838904,7.2774386,5.4322734,4.0368676,7.4824147,7.6206975,7.7705073,5.635619,8.085297,7.5491004,7.579292,7.2337284,8.197862,8.510741,1.991939,3.6637337,0.0,2.9548793,3.8007061,2.9573507,4.455375,4.1501513,6.2828007,5.97797,6.9843707,6.5473866,5.4941945,5.2944617,6.188218,5.509417,6.6275964,8.216907,7.7926855,7.5297856,7.012109,6.986967,6.911208,7.832937,5.715994,6.1166964,6.2229786,6.215143,7.373151,6.8172092,6.993453,7.782436,6.6722198,5.6527157,5.266778,5.28946,6.119725,6.0005584,6.2120843,6.0608945,6.3337455,6.3261585,6.24946,6.3433356,6.819853,6.8037643,6.3188424,6.5504823,3.7040691,4.0243077,4.398492,4.5762806,3.8277202,3.931904,4.7520456,5.5326076,4.812947,3.793106,6.3158975,5.122417,3.8303828,3.6375644,4.7522364,3.4134579,5.7584963,4.811396,4.7504716,5.2548966,3.4570127,3.223514,4.291432,4.3604426,5.2136726,5.2492595,4.1022005,3.3442576,4.5830035,7.2669992,4.6841707,4.545285,6.1335936,4.790592,6.2190194,5.5450034,4.4710464,5.4868917,3.7914848,3.4191606,5.35615,4.7394905,6.1973104,5.8019,4.1546946,3.8261626,4.751245,6.5032735,4.100447,7.2791247,4.191575,5.2476187,5.3273783,3.822918,5.72746,7.190424,6.0842533,5.694996,7.640099,6.3445783,3.2374697,4.6131883,4.9235935,4.121022
19,7.592209,7.117235,7.316289,7.6147447,5.826694,4.722071,7.6964364,7.9797225,8.224804,6.1770935,8.701347,8.179329,8.267504,7.923929,8.83931,9.136162,2.4797037,4.0273623,2.9548793,0.0,3.9650044,4.0085607,3.0485222,4.9298997,6.75255,6.5860667,7.0943894,6.630281,6.3184505,6.460479,6.998635,6.3011928,6.8597307,8.346908,8.168956,7.930315,7.237115,7.1727686,7.445039,8.34056,5.7806196,5.9887733,6.155887,6.1401844,6.642673,6.018107,6.2047873,7.09229,7.2371855,6.4266706,5.9871364,5.523346,6.1067176,6.2575026,6.2137885,6.182517,6.395169,6.39308,6.1974173,6.193698,7.2103677,7.207508,7.122355,6.69077,3.8263485,5.1702094,4.5901465,4.813113,4.7157226,4.980102,4.7764335,5.6568995,4.6627827,3.7798443,6.4324994,5.7201033,3.68435,3.535262,4.9984536,3.2177148,6.7014327,5.9037066,5.4753838,5.02679,4.6126423,4.451398,5.275255,5.636878,5.9513836,5.9775066,4.90998,3.4640038,4.4643793,7.2135267,4.4868135,4.2706585,6.075296,4.8855047,5.609083,4.5618954,4.1568108,5.2381625,4.741973,4.4485497,4.9576216,3.977698,5.824529,5.3646827,3.8672268,4.7182794,4.1233377,6.168126,3.9315927,7.146204,5.041809,6.0185905,6.152304,4.7186027,6.388774,7.680951,5.6666064,5.5754256,7.613235,6.396839,3.3039105,4.831002,5.100912,4.8331823
20,7.2739735,6.1480293,6.564217,6.9511995,4.9507585,3.3544943,7.103759,7.2339954,6.865546,4.0948715,7.066205,6.4346027,6.6898007,6.1985617,7.369761,7.713112,3.983609,2.695008,3.8007061,3.9650044,0.0,2.7454817,3.3940942,2.2679355,7.0378866,5.4182453,6.705267,7.111371,5.777605,5.740311,4.966981,4.0329723,6.6291227,8.259853,8.0527,7.4717646,7.107864,7.0923476,6.6957097,8.117632,5.9883366,6.7146797,6.527627,7.2839823,7.62285,6.722128,7.099229,7.3806324,6.300611,6.8549004,6.3662586,6.264854,7.014446,6.915326,7.058157,6.9890003,7.243837,7.272031,6.437289,6.41536,6.303759,6.2994385,7.193571,7.1436343,3.624487,4.170265,4.863327,5.1036224,3.8767428,3.966752,4.73618,5.551969,3.582887,3.3082237,5.443193,4.1102796,3.2062244,2.8637187,4.8987813,2.946993,5.4187303,5.356926,5.3359604,4.946293,3.7227492,3.1665077,4.4641943,4.4968314,4.654466,4.7871747,4.3070664,2.9657023,4.407327,7.2197104,4.3428025,4.2404704,4.309753,4.798933,5.8230867,3.433387,2.2093468,4.2086883,3.3124006,3.274285,4.253043,3.0527685,3.9484947,3.7401686,3.774563,3.7924097,4.844668,5.761133,2.8738303,5.212028,4.5580573,4.3135242,4.7928896,4.156342,3.810156,7.3539915,6.027637,4.9389205,6.9932766,5.0985475,4.547986,3.2868562,3.7432933,4.2121887
21,7.712723,6.5416193,6.659803,7.068219,5.3714614,3.2509844,7.4577703,7.381194,7.1045804,4.2274623,7.4443507,6.581043,6.8234687,6.3628488,7.500861,7.839745,3.4751563,3.6468992,2.9573507,4.0085607,2.7454817,0.0,3.7400854,2.0879965,7.0029345,5.10472,6.0798655,6.65203,5.532487,5.3741975,4.9839673,4.381131,5.9993596,7.810662,7.4885283,7.039238,6.5893326,6.552924,6.329283,7.3729815,6.2037106,6.1032796,6.4652615,6.8388753,7.7378335,7.016494,6.966803,7.3603706,6.5653667,6.290316,5.9435883,6.0260396,6.4722514,6.4579997,6.5773354,6.474421,6.8504105,6.710092,6.3995795,6.438275,6.808616,6.802983,6.927518,7.2329187,4.007237,4.1457314,3.6144714,3.3653288,3.999081,3.8379123,4.8904977,5.5239534,4.542265,3.537629,5.212177,4.6378016,3.4317913,3.5585415,4.932664,3.3910115,4.6913757,4.7381043,5.2759485,5.190436,3.551879,3.0461693,4.044776,4.235599,4.3839116,4.4701314,4.236769,3.3422902,4.6667323,7.3855095,4.6823215,4.5581436,4.725367,4.564458,6.3460727,4.754144,3.604297,4.680225,3.99643,3.0862756,4.789509,3.7623432,4.518695,4.368072,3.6860743,3.262217,4.5158906,5.359458,3.962804,5.712472,3.9065795,4.634669,3.6448991,3.7207608,3.2933524,6.177416,5.6386623,4.532129,6.8944716,4.8639755,3.652666,4.0327573,3.8792107,3.9837484
22,8.122729,6.979275,7.1936474,7.658785,6.2474713,4.935637,7.7372375,8.287016,7.8618546,5.3389683,8.229887,7.696664,7.5362787,7.112409,8.492971,8.816292,4.122759,4.339484,4.455375,3.0485222,3.3940942,3.7400854,0.0,4.3291807,7.5995755,6.113559,6.906943,7.1317635,6.520822,6.657643,5.616709,5.673903,6.192633,7.888965,7.450666,7.0034213,6.602515,6.9712133,6.622081,8.056485,5.795153,6.0116286,6.1019316,6.4939218,6.6525173,5.86306,6.0977573,6.3890734,7.13605,6.665545,6.217049,5.775091,6.3103046,6.611305,6.396871,6.4269743,6.770702,6.6530566,6.3514037,6.260548,7.050612,7.07068,7.2631364,6.859925,3.8228161,4.653055,3.490557,3.804262,4.4350705,4.4533944,4.4977174,5.142709,3.9425933,2.966473,5.2871346,5.204326,2.7971141,2.9634635,4.322769,2.4212952,5.7662673,5.6496086,5.6680617,4.5807033,4.374741,4.357507,4.9556613,5.063208,5.011213,4.990322,4.796466,2.8471804,4.098702,7.093682,3.993076,3.8265703,4.299533,4.321498,5.142866,2.934532,2.8360004,4.9565096,4.5823784,3.8995237,4.6551967,2.946593,3.9685555,3.6248977,3.1341984,4.3080463,3.6482837,4.79207,4.1848764,5.199838,5.4044676,5.286071,4.758534,5.263305,5.2471538,6.7358274,4.800151,4.536235,6.6352453,4.5295277,3.464043,4.4303756,4.330022,4.166813
23,7.6134124,6.4843025,6.463724,6.9023147,5.1803117,2.6378148,7.3583426,7.17741,6.9793744,3.9961157,7.326638,6.419738,6.680223,6.1856213,7.3769946,7.7176404,4.573784,3.2039073,4.1501513,4.9298997,2.2679355,2.0879965,4.3291807,0.0,7.279182,5.510176,6.5392847,7.2642,6.0092764,5.8874235,4.662126,4.0633507,6.7161565,8.4127035,8.124868,7.540321,7.3112864,7.261775,6.7198277,8.004,6.5620656,6.8437853,6.7971954,7.6542606,8.189566,7.3215322,7.5932403,8.009085,6.3148503,7.007554,6.6526976,6.7166204,7.1654854,7.114736,7.2289977,7.116222,7.4929814,7.387884,6.717745,6.7057357,6.550361,6.5427184,7.3839464,7.675973,4.6456246,4.4931245,5.0632977,4.902577,4.708868,4.531786,5.497648,6.0762534,4.306664,4.2671824,5.9082403,4.511697,3.8097966,3.8962278,5.390621,3.8951852,4.897153,5.3097744,5.4358253,5.3830776,3.7619815,3.1468844,4.12968,4.2778406,4.6633945,4.7970676,4.458039,3.5455446,4.8707514,7.556905,4.8291655,4.750461,4.487915,5.4079146,6.9154067,4.864638,3.3883605,4.5820704,3.6169393,3.6080122,4.598951,3.5019348,4.348718,4.1925817,4.078586,3.7043843,4.882876,5.69235,3.7714887,5.589678,4.5102563,5.1937246,4.3486924,4.2201157,3.0721579,7.114919,6.7833576,5.0377192,7.23597,5.3478627,4.7115693,3.7685044,4.453767,4.4734845
24,6.157856,4.4546556,5.5837917,6.2130156,7.3492537,6.6262064,5.1311884,5.4674635,6.557451,7.837938,7.599381,6.7389855,7.17013,6.3954744,7.7022524,8.040745,6.193647,6.434334,6.2828007,6.75255,7.0378866,7.0029345,7.5995755,7.279182,0.0,5.2644157,6.179836,2.834282,3.935446,5.1057334,7.25422,5.7663646,5.987443,7.7466,6.954264,7.5812483,6.595643,6.473967,6.417447,7.549049,4.5096517,5.6484714,4.9950056,5.101879,4.9220057,5.762171,6.717728,7.33096,5.4101663,5.105001,4.0388246,4.270084,4.9676995,4.988391,5.459472,5.154959,5.149663,5.1145005,4.79687,4.8962636,5.4058404,5.350338,5.434385,5.3470397,6.619698,7.0556407,8.011097,8.160592,6.763767,6.763424,7.311066,7.1882157,7.5887804,7.095921,9.20987,7.8953724,6.5249887,6.483108,7.738114,6.7628202,8.574586,7.753688,7.6601195,7.9221625,6.615172,6.4658785,5.758037,7.1991367,8.252851,8.471248,7.267976,6.6231604,7.23396,9.508944,7.2718363,7.2039022,8.02002,7.323057,7.044922,7.731899,6.9962373,7.804885,6.5763664,6.490043,6.116603,7.103633,8.280385,8.017684,6.661684,6.3966956,6.700089,7.236296,6.7656865,9.354404,5.8171043,7.9665112,8.115335,6.5904264,8.374926,7.086252,8.6496525,8.159156,9.552724,8.7762375,6.7150044,7.2222557,7.710711,7.3596272
25,6.8231316,4.3486385,5.7643657,6.266697,7.511068,6.4597087,6.073644,6.2835226,5.324848,6.4316993,5.8196487,4.867775,5.180402,4.437943,6.1620703,6.596792,6.3076763,6.4138618,5.97797,6.5860667,5.4182453,5.10472,6.113559,5.510176,5.2644157,0.0,4.1084256,4.582673,2.826854,2.7254105,5.2125735,3.767365,3.1929133,6.233191,5.561136,5.3272758,4.409703,4.267475,4.3609967,5.9630036,4.5926003,4.7003603,4.902806,5.5700965,5.9678426,5.490336,5.856193,5.4193454,5.5886226,5.064087,4.306616,4.4657707,5.47907,5.3935995,5.5401855,5.4403462,5.8447223,5.7920547,5.272536,5.3211365,5.8200197,5.814322,5.9875784,6.1101294,6.5248046,6.5532866,5.701298,5.8701115,6.286582,6.2469816,7.1385503,7.3463373,6.86999,6.2200155,7.0419936,6.9534616,6.065813,6.0000677,7.102478,5.886147,6.6712675,7.0176516,7.563605,7.179357,5.9855323,5.6865797,6.085778,6.579001,6.093256,6.207731,6.4219193,5.718572,6.7556176,8.989967,6.7326875,6.6720014,6.6573496,6.8805156,7.639675,6.634945,5.7102094,6.8757567,6.3825216,5.645023,6.539841,6.241225,6.1604033,6.1882668,6.2001038,5.966701,7.0451818,6.7385197,6.175396,7.1732187,6.0920453,5.446863,5.7520123,6.3835893,5.6376257,3.9673364,7.022771,6.26471,8.35901,6.488841,6.459512,6.402433,5.2935553,6.453557
26,5.4538016,4.861544,4.741707,4.4973493,6.372608,6.7548337,4.713745,4.5799937,5.2062163,6.9414907,5.654405,6.2973237,5.1313667,5.8872046,6.055496,6.5411572,6.7697372,7.062607,6.9843707,7.0943894,6.705267,6.0798655,6.906943,6.5392847,6.179836,4.1084256,0.0,4.6004696,4.5129046,4.997907,6.622406,5.183995,4.872185,5.554827,5.7681613,5.557172,4.1604643,3.3789248,5.548775,6.8968678,6.1319594,3.6881237,4.0704007,4.64283,5.2707148,4.648507,4.2514753,4.288378,5.0623655,5.243832,5.731092,5.9995384,4.562467,4.508663,4.8853025,4.809521,4.726505,4.641934,4.17844,4.2375703,6.8354993,6.8353524,6.0277677,5.9864044,7.0495377,7.681047,6.545636,6.4070864,6.862259,7.1366158,6.470231,6.8530054,6.717153,7.0192323,6.994345,7.832831,6.627721,6.6372466,7.3010473,6.6213984,5.9403596,6.350972,6.9015822,6.4098725,6.5585055,6.295395,6.6592903,7.5570345,5.912329,6.0050545,6.147723,7.0144615,6.1121387,8.851347,6.1592045,6.046522,7.5429473,7.527305,8.3551,7.4218373,6.550061,5.8817267,7.3824115,6.5699234,7.1316214,6.733054,6.9724517,6.918968,6.45653,6.4683313,6.986006,6.801858,6.924919,8.363984,6.902676,7.20101,6.550423,6.6984158,6.1022835,4.9841676,7.4213643,6.62521,9.044149,7.8183246,7.0023217,7.576224,6.406517,7.648765
27,6.1498294,3.8607104,5.87146,6.0545483,7.1476593,6.878878,4.99394,5.42838,6.719623,7.9462886,7.627924,7.047368,7.3085237,6.806562,7.922924,8.276628,6.323316,6.9503245,6.5473866,6.630281,7.111371,6.65203,7.1317635,7.2642,2.834282,4.582673,4.6004696,0.0,4.1423397,5.261482,7.620685,5.867385,5.073032,6.9589224,6.56365,7.2570605,5.6778784,5.420586,6.3680086,7.351687,5.066565,4.789754,4.828506,4.7157216,4.5369325,5.466266,5.978509,6.27292,5.964911,5.209647,4.450481,4.7352695,4.7202253,4.9691916,5.191328,5.035675,5.1291623,4.9188805,4.774272,4.8611217,6.6439476,6.6142244,6.1925807,6.0516977,6.565156,7.6159945,7.0537124,7.155314,6.82732,6.899756,7.049641,6.9898176,7.5382233,6.953588,8.481401,8.17582,6.455015,6.466549,7.9052906,6.6131334,8.055672,7.222062,7.6070423,7.4362535,6.715207,6.563832,5.811719,7.747654,7.821524,7.943287,7.271567,6.8161316,7.143653,9.486062,7.1856837,7.0026426,8.085792,7.4219747,7.2770314,7.4262357,6.740112,7.3438506,7.015348,6.453883,6.0118837,6.912245,7.6998844,7.684403,6.4975324,6.487084,6.355067,6.3072634,6.6183352,9.024637,5.838028,7.4722652,7.439101,6.7089167,7.498419,5.7766333,7.5471187,7.2212653,9.601022,8.553035,6.632349,7.83334,7.0714593,7.861422
28,5.9703813,4.0060177,4.956448,5.767842,7.1679196,6.332107,5.528904,5.870398,5.248299,6.116406,5.547138,4.5780506,4.907336,3.827117,5.6666913,6.1266994,5.479111,5.6435404,5.4941945,6.3184505,5.777605,5.532487,6.520822,6.0092764,3.935446,2.826854,4.5129046,4.1423397,0.0,1.9448705,5.321662,3.4316719,3.659622,5.958285,5.3321824,5.112126,3.964735,3.8527048,3.396087,5.2436023,3.6512942,4.6531377,4.0874295,4.5665736,5.535321,5.0209446,5.4893875,5.4081597,4.7057767,4.387098,3.4468856,3.8307219,4.499706,4.3792315,5.210283,4.880313,4.7705107,4.6855497,4.304611,4.4117613,4.401351,4.387805,4.3937087,4.661331,5.7983646,5.642641,6.2654114,6.4145904,5.6286855,5.5075474,6.555883,7.0747075,6.813577,6.0064673,7.5247364,6.9853234,5.6676936,5.611015,6.7373056,5.9730587,6.825003,6.632468,7.0990047,7.1437716,5.6324573,5.3922215,5.77521,5.8774924,6.632516,6.785143,6.435188,5.826282,6.4736686,8.999025,6.498642,6.4485464,6.5825114,6.093677,6.9387565,6.9378514,6.18946,7.2390656,6.138814,5.413215,6.810453,6.53426,6.8928447,6.7070594,5.86711,5.446967,6.7051163,7.0112553,6.2041783,7.9553123,6.06016,6.261162,6.3863626,5.8971934,6.7498875,5.199888,7.198772,6.7453375,8.051828,7.105122,6.287381,6.1087766,5.8740864,6.0620303
29,6.226238,4.9802847,5.3034306,6.036135,7.4513354,6.3774676,6.103843,6.400711,5.552611,6.546943,5.7133603,5.0150166,4.9584637,4.297577,5.892593,6.3393474,5.8031015,5.99539,5.2944617,6.460479,5.740311,5.3741975,6.657643,5.8874235,5.1057334,2.7254105,4.997907,5.261482,1.9448705,0.0,5.3159065,4.0006185,3.8078518,6.3201385,5.5720677,4.983278,4.37759,4.2861323,3.9674776,5.60666,3.7386582,4.678596,4.685896,5.129532,6.521748,5.6623626,5.940206,5.9637675,5.0660567,4.1968327,3.6630902,3.937566,5.0865097,4.883821,5.2906923,5.071152,5.408139,5.314807,5.032442,5.1687384,5.0412846,5.0390863,4.830634,5.3521657,6.152695,5.8901563,6.153497,6.3294106,5.90183,5.783271,6.8662643,7.373055,6.7687945,6.0450807,7.413729,6.8652196,6.1193724,6.0323663,6.7455444,6.030549,6.8264194,6.700873,7.2461452,7.429716,5.8544173,5.6384363,6.346586,6.0862627,6.4721136,6.542666,6.3208966,5.846387,6.8083177,8.974071,6.8422008,6.8184705,7.1381297,6.5969696,7.8665934,7.2107797,6.3470836,7.3612123,6.05663,5.765467,7.3787117,6.7188487,7.097875,6.912379,6.389832,5.9871793,7.1995277,7.7741523,6.2917576,8.1848135,6.459652,6.128685,6.284708,6.3035665,6.640057,5.0905848,7.404071,6.8862786,8.465474,7.2755823,6.3620706,6.23928,5.825929,6.0571284
30,8.219925,6.7356563,5.6958685,6.866908,7.488165,5.405369,7.227033,7.4568467,4.9761066,3.9606133,6.2692704,5.3407784,3.9401636,3.395285,5.823368,6.30165,6.6198134,5.570745,6.188218,6.998635,4.966981,4.9839673,5.616709,4.662126,7.25422,5.2125735,6.622406,7.620685,5.321662,5.3159065,0.0,3.8455372,5.5011587,7.326534,5.312672,4.674663,5.86103,6.405147,4.23266,6.867378,5.645789,6.122405,5.9086714,6.8971176,7.2335877,6.4873605,6.8398175,6.7990546,5.3781867,6.0979733,5.867089,5.806348,6.3010383,6.2182174,6.339029,6.1480947,6.447017,6.427861,6.01107,5.9870996,4.8976655,4.902573,5.759621,6.008027,6.160557,4.3575644,5.858496,5.6713057,5.4127617,5.1041584,6.2934756,5.821946,5.4708557,5.3535805,6.443515,5.794561,5.149345,5.1319857,4.859457,5.0365295,5.494785,6.360219,6.642282,6.567385,5.1296477,5.0611053,5.3371043,4.1008463,4.964913,5.1344485,5.455937,4.8976803,5.694051,8.32562,5.5578585,5.67866,3.594608,4.856083,6.177704,5.5856524,4.9705844,6.1828184,5.2212057,4.913987,5.9982066,5.2193627,4.9908786,4.2545323,4.877064,4.547973,6.3883924,6.0273905,6.1841455,5.0755568,5.87586,6.4978104,4.5150037,6.0690546,5.492824,6.214268,7.072304,5.7097235,6.4116426,4.503052,5.694469,3.8789418,5.8225837,3.456483
31,6.8692636,4.4539285,5.6164255,6.2910724,6.195214,5.070278,6.096409,6.3023047,5.226948,3.8224545,5.5341053,4.559929,4.8175173,3.6838343,5.6234226,6.0838842,5.5107946,4.317327,5.509417,6.3011928,4.0329723,4.381131,5.673903,4.0633507,5.7663646,3.767365,5.183995,5.867385,3.4316719,4.0006185,3.8455372,0.0,4.9355927,6.8232527,6.329456,5.8593817,5.1792355,5.079643,4.1706467,6.1749725,5.299893,6.194995,5.550707,6.606095,6.9561195,6.2860637,6.7866325,6.299219,5.3514495,6.2929378,5.680479,5.948588,6.342739,6.2512717,6.858818,6.603171,6.5732107,6.485473,5.7303004,5.742457,5.150237,5.1379156,6.064712,6.3450255,5.1962047,4.7013426,5.677385,5.781181,4.743351,4.488253,5.898675,6.4007816,5.6572447,5.1015277,6.385878,5.808911,4.5212917,4.570619,6.110694,5.1314836,5.36657,6.095335,6.6630936,6.538686,4.6399374,4.171588,4.6457667,4.7487245,5.2542925,5.5515413,5.6176486,4.851487,5.635717,8.545797,5.594933,5.6286426,4.582319,5.38528,6.305416,5.6256866,4.692422,6.049082,5.0306683,4.4383187,5.5783052,5.0393033,5.039713,4.653034,4.9184704,4.3757806,6.1280203,5.6981497,5.1442904,6.3765316,5.117576,4.892049,4.8153076,4.938239,4.50322,6.110434,6.785468,5.5918455,6.9927144,5.897895,6.0965853,4.528272,4.368071,5.1519933
