,0,1,2,3,4,5,6,7,8,9,10,11,12,13,14,15,16,17,18,19,20,21,22,23,24,25,26,27,28,29,30,31,32,33,34,35,36,37,38,39,40,41,42,43,44,45,46,47,48,49,50,51,52,53,54,55,56,57,58,59,60,61,62,63,64,65,66,67,68,69,70,71,72,73,74,75,76,77,78,79,80,81,82,83,84,85,86,87,88,89,90,91,92,93,94,95,96,97,98,99,100,101,102,103,104,105,106,107,108,109,110,111,112,113,114,115,116,117,118,119,120,121,122,123,124,125,126,127
0,0.0,5.1370664,3.5392706,3.7714283,5.3158307,4.930386,5.9347434,5.4353876,6.129608,6.2023697,7.044089,6.8632364,6.2638206,6.6324844,4.606853,6.4644866,5.9078,5.563271,6.564832,6.5606866,6.6933684,5.8728704,5.481969,6.3242264,5.230966,6.013883,7.386282,5.4773192,4.525576,6.275413,4.4892726,5.3527365,5.95513,6.47741,5.3967085,5.8903446,7.47255,5.3176103,4.7923512,8.822305,5.7314434,6.2660885,5.001342,6.103772,6.5934534,7.4834986,7.469932,7.1602035,6.8888736,6.7872577,7.1327214,8.280292,7.1159544,7.4415884,6.2713704,6.529206,7.04333,6.519201,5.717729,7.1709723,5.9003716,4.442932,6.1104846,5.9723644,8.000285,6.7985916,7.5072856,7.647893,9.254971,8.775182,7.218929,8.0147,6.451843,6.409315,7.484277,8.02757,8.7122345,7.9583507,6.8451533,6.9033446,6.7211137,6.8036294,8.370203,7.581887,7.079357,6.3323817,7.313364,6.6341476,7.8628044,5.965022,8.076016,7.6088457,8.592007,7.4851313,8.061988,7.132251,6.4870167,6.6223273,5.846508,6.0899405,7.834666,7.508699,7.3490195,6.859083,5.150784,5.464911,6.4625816,6.2540445,5.121962,5.8515067,6.505057,6.7075295,6.135448,6.0839753,6.953554,6.2367864,4.7439837,6.270501,5.2125807,5.229257,5.619481,5.097904,6.9112754,7.4212513,5.8328667,6.1763616,5.796142,5.39098
1,5.1370664,0.0,4.1995273,4.4042525,3.886685,3.5672424,3.0825517,5.363133,6.0690985,6.2006173,5.0119185,4.687489,6.1467767,6.4688835,5.377325,5.6790795,5.6767673,5.5559683,5.368225,5.3848143,7.9081054,7.053861,6.8084335,6.4647503,4.9577374,3.813155,6.8496313,3.992465,5.5713444,5.5304685,4.0705667,5.361358,5.6332207,6.0426455,4.6721125,5.3987203,7.0357847,4.7425103,6.6668663,8.525305,4.678321,5.600106,5.349812,6.4797916,6.8462043,7.601131,7.6697254,7.4034734,6.2429867,6.167863,6.2199044,7.4580326,5.1722555,4.767813,4.144312,4.527551,5.8708086,5.753748,4.70932,6.3948374,3.3183632,3.066898,4.3692017,4.076953,7.664807,6.373629,7.3793864,7.5492535,8.216274,7.6915717,6.694408,7.264639,5.834641,5.846489,5.4495077,5.2017045,7.474051,6.7737026,6.6879525,5.583461,6.6609163,6.9136705,7.7601566,6.273753,5.836495,6.5936203,6.088,6.093983,7.353445,4.7155814,7.215756,6.792723,6.7677245,5.232552,6.1157312,4.7594523,5.51811,6.6825757,5.522967,6.0819764,7.1662235,6.0484357,6.214296,5.5716558,5.7770243,6.016339,5.5062323,5.4106903,4.078362,5.8959227,5.1861224,5.0525537,6.784316,6.764582,6.898813,6.189506,4.244351,5.3179045,5.3494625,5.7039733,5.2950106,5.858452,7.1138864,7.116419,5.9550247,6.331548,5.886189,5.525666
2,3.5392706,4.1995273,0.0,1.4037975,3.557466,3.1425557,4.5666227,3.3250194,4.8547225,4.8866644,6.227686,6.059794,5.978569,6.207681,3.4571297,4.9749293,6.731735,6.4611645,5.305147,5.2985625,7.028649,6.9463453,6.352071,6.965829,3.6234515,4.8010397,6.175474,4.874533,4.0146947,4.831749,3.7152774,4.648385,4.8655996,5.2437916,4.510067,4.953615,6.4499764,4.8744535,5.608929,8.200292,5.7120214,5.4623694,4.0511384,5.079393,6.062429,6.707569,6.4699006,6.037562,5.1675515,5.0329766,6.7624974,7.4386864,5.5333567,6.16704,4.6765933,5.021216,5.9147916,6.160056,4.7575283,6.2987394,5.263248,3.5513003,4.9788117,5.0235434,8.277626,7.1160574,7.7332377,7.7630157,8.725849,8.031393,5.6356993,7.120745,4.861779,5.364939,7.114928,7.090961,8.143445,7.566392,6.306801,6.2390585,6.7678423,6.864108,7.0661383,6.1470737,6.4027934,6.525552,6.753408,6.4997716,7.4311237,5.899927,7.6657534,7.229325,7.3022075,6.158043,6.7117157,5.705602,5.2279286,6.297737,5.22751,5.4059486,6.577296,5.8782725,6.593771,6.286883,5.2158604,5.43796,5.23748,5.0163507,4.091255,5.52429,6.343861,6.6857853,5.993302,5.986417,6.6173806,5.95594,4.265203,4.931941,5.4456296,5.128604,5.3056664,5.2453,6.670732,7.317069,5.68983,6.121851,5.5423512,5.1781626
3,3.7714283,4.4042525,1.4037975,0.0,3.1259823,3.4705195,4.782752,3.623587,4.0571914,4.0444565,5.6092134,5.4196258,6.218441,5.94966,3.0268347,4.7202106,6.907633,6.654578,5.4955225,5.494334,6.4635363,6.403496,5.7877884,6.437808,4.078079,5.142006,5.9283557,4.539891,3.8635812,4.7705846,3.5818808,4.515988,4.381695,4.745579,4.16977,4.564131,6.1880054,4.5334625,5.8163357,7.978978,5.941597,5.655848,4.368216,5.3266745,6.2443604,6.377417,6.7349467,6.316065,4.9395614,5.24018,6.9306083,7.32517,5.725427,6.324617,4.898255,5.2210836,5.608969,5.8728213,4.4456954,6.012415,5.427536,3.8018868,5.163929,5.227886,8.106187,6.930246,7.647375,7.5580707,8.521522,7.566933,5.503665,6.946551,4.515892,5.039656,6.861343,7.3106036,7.969649,7.2694235,5.989602,6.39028,6.1516867,6.186576,6.496568,5.4784794,5.731504,5.899739,6.149384,5.843655,7.116256,5.5002956,7.3175797,6.8732333,7.061914,5.878341,6.441667,5.396831,5.1930447,6.2537847,5.185443,5.330382,6.66852,5.9956703,6.517359,6.17389,5.380822,5.599908,5.1485257,4.936249,4.0355887,5.4213247,6.149463,6.5429106,5.776158,5.800962,6.4032307,5.7597065,4.4761705,4.719545,5.365379,5.273411,5.534924,5.0680084,6.7709084,7.2390485,5.6216717,6.317682,5.5858,5.1710114
4,5.3158307,3.886685,3.557466,3.1259823,0.0,1.8467783,3.525716,4.605572,5.119617,5.2777658,5.6957726,5.1770215,7.824445,7.485654,4.845153,5.495578,6.9871106,6.7948275,5.73023,5.7440886,6.267833,6.2814417,5.450773,6.135596,5.117382,4.2551713,6.486788,4.9446487,5.241022,5.489,4.613811,6.168624,4.4866924,4.899124,3.9185116,4.379521,6.0775514,4.285806,6.5806007,8.221632,5.7574058,6.5076423,5.3550825,5.9291244,7.2384377,7.259869,7.3296666,7.0594945,4.1670766,4.7232265,7.038793,7.2106977,5.0826035,5.046226,4.2396617,4.6105824,5.5135713,5.9084506,4.2713647,5.867938,4.9219303,3.4573505,5.243204,5.135159,7.5592976,6.3941054,7.252654,7.0919185,8.32882,7.040429,6.323531,6.376408,3.6285248,5.2034574,5.642503,5.9538684,7.400077,6.4314275,6.3811345,6.444141,6.0875726,6.1988125,5.6577773,4.6109643,4.971482,5.3143044,5.6623516,5.6232624,6.789537,5.378877,6.663939,6.2707944,6.4889393,5.1267266,5.5502043,4.374139,4.0292115,6.1750207,4.4685073,4.7858224,6.23117,5.0757155,6.4698944,6.2372255,4.691546,4.938243,4.2125354,4.017063,2.956912,4.9592257,4.2973304,4.7677135,5.5979695,5.6024976,6.0394473,5.449985,4.000261,4.583899,4.90763,5.129126,5.3926764,4.645132,6.8025374,7.2122054,4.986262,5.6338873,4.8157544,4.3100433
5,4.930386,3.5672424,3.1425557,3.4705195,1.8467783,0.0,2.9252539,4.183743,5.8538756,6.0174093,6.393179,5.9224186,7.5551624,7.7216854,5.111268,5.696231,6.57298,6.3462744,5.4316993,5.439952,6.776032,6.771987,6.0102196,6.704971,4.582366,3.598844,6.606081,5.300328,5.353752,5.4850354,4.659967,6.2331986,4.8569427,5.296603,4.2838826,4.68985,6.2089515,4.634692,6.1860123,8.332447,5.3150973,6.208898,4.9285736,5.4525237,6.9640837,7.5447955,6.836178,6.544434,4.5078683,4.4214554,6.815064,7.223379,4.677146,4.7556543,3.8486881,4.3093915,5.7493863,6.0943456,4.576568,6.279347,4.565781,2.9885535,4.911562,4.7825985,7.531468,6.4191694,7.088291,7.0870123,8.43351,7.487274,6.43684,6.444908,4.0804267,5.54473,5.911707,5.48547,7.502549,6.625364,6.521108,6.0335107,6.6875577,6.854266,6.296775,5.49772,5.766951,5.944725,6.3438263,6.288742,6.9850926,5.7789264,6.9212956,6.519261,6.6284285,5.4141207,5.73727,4.721454,4.02169,6.110855,4.4694457,4.756728,5.9769616,4.7213984,6.464811,6.270712,4.2233424,4.490572,4.316672,4.093573,2.9694316,4.946605,4.459281,4.872134,5.6275973,5.5852475,6.0740523,5.541528,3.5876536,4.867696,4.833119,4.751737,5.05237,4.764568,6.577313,7.230849,4.9087944,5.2500424,4.6589713,4.21496
6,5.9347434,3.0825517,4.5666227,4.782752,3.525716,2.9252539,0.0,4.490942,6.1001263,6.1629906,5.48041,5.1739783,7.76279,7.8669925,6.0917063,5.1530824,5.360335,5.292286,5.2497087,5.257754,7.1582904,7.1450095,6.568884,6.1223955,4.646603,3.4010184,5.589726,5.4107046,6.5949025,5.042037,4.918372,6.568109,4.571425,4.8864727,4.744552,4.688772,6.024021,4.843346,6.665586,8.170074,4.3244624,5.196112,5.1217575,5.2503204,7.017757,7.5824428,6.647194,6.372922,5.486523,5.5111938,6.44298,6.03094,3.9294555,3.8570583,2.9367502,3.4968786,5.5870333,5.8552504,4.8604097,6.538658,3.024712,3.4498117,3.9156287,3.889352,6.676842,5.701298,6.2953343,6.327206,7.700485,6.7010427,6.1547256,6.1346874,5.171281,6.4208446,6.0541587,4.9232674,7.633905,6.2236505,6.0805044,4.560773,5.7892513,6.1811323,6.4772487,5.390677,4.9635024,5.8212395,5.6074862,5.5192986,6.1741214,5.4679656,6.0691185,5.4782853,5.0696487,4.0510178,4.352689,3.6010644,5.148901,7.065496,5.5432897,5.7088776,6.3314734,4.402457,5.594971,5.310684,5.1376376,5.377295,5.443386,5.1903563,4.1842775,5.8918376,5.016085,4.7177024,6.174771,6.1374497,5.8618174,5.75492,3.9826,5.303786,5.0160527,5.5824466,5.5123405,5.8659296,7.359293,7.301673,5.693299,6.3476877,5.830334,5.3605804
7,5.4353876,5.363133,3.3250194,3.623587,4.605572,4.183743,4.490942,0.0,4.8909073,5.07758,6.141944,5.680744,6.919667,7.0619273,4.336873,3.547817,6.899765,6.7543726,4.6910396,4.678253,7.4457498,8.0036545,7.517951,7.314588,4.106939,5.4049406,5.409959,6.203873,6.201557,3.7646976,5.407167,5.3444967,4.321454,4.587614,4.9858403,4.961144,5.171271,5.383142,5.357416,7.5831637,5.823901,5.4600077,4.9560795,5.350044,6.800259,6.7332516,5.5772367,5.1272373,5.0116153,4.914412,6.3357,5.838285,3.8783352,5.7503924,4.2135215,4.670138,4.9836745,5.497151,4.264774,5.871622,5.2601576,4.39649,4.248956,4.1241384,6.733703,5.828482,6.1893134,5.9778547,7.6120386,6.4579754,3.9329116,5.555364,4.8345194,5.646112,7.068989,6.917771,8.068449,6.956387,5.717627,5.625312,5.5560102,5.6713095,6.190427,5.4168377,5.4731007,5.782072,6.031689,5.5283995,5.6642237,5.4471908,6.3855567,5.758602,5.981168,5.225638,4.9929476,4.381249,5.4013124,6.1839457,5.277367,5.331149,6.0002975,4.4292684,5.6878176,5.6238623,5.111925,5.143087,5.2526846,4.948856,5.4143534,5.3581142,7.38049,7.5756764,5.2908096,5.2746406,5.1643853,5.030394,5.186375,4.720975,4.972892,5.3284354,5.156202,5.6036034,6.5879183,7.3146186,5.459378,6.1038074,5.4718337,5.38761
8,6.129608,6.0690985,4.8547225,4.0571914,5.119617,5.8538756,6.1001263,4.8909073,0.0,2.5964103,4.7480564,4.622422,6.9823127,5.7768893,4.0780272,4.3123918,8.178958,7.565016,5.5775175,5.605984,7.1793337,6.698686,6.084264,6.8322463,6.2115993,6.9551673,6.4571147,5.9818654,6.4438157,5.5469394,5.3209066,4.9925404,4.7041306,4.8791757,3.9218836,3.8041294,5.0972886,5.9635496,6.326069,7.5592237,6.704245,6.533042,5.3687105,5.990623,6.831861,5.963937,6.3005705,6.118177,5.3336625,6.13394,7.0884557,6.5517664,5.4962597,6.8479652,5.536425,5.860279,5.2729034,5.67169,5.052807,6.5827417,5.840104,6.1221933,5.978083,5.717785,7.345859,6.6452737,6.9960856,6.94359,7.0613604,5.500059,4.416047,6.3438783,5.177054,4.9194336,6.7571797,7.2426224,7.253613,6.5132093,5.267401,6.262169,5.4782214,5.6850104,5.8119464,4.936263,5.698202,6.1737504,5.331599,4.928794,6.804179,5.6794815,6.8824997,6.2464075,7.16018,6.3627534,6.306927,5.772144,6.268658,6.946754,6.475018,6.3369026,7.7166944,7.1338215,6.678347,6.2467723,6.9934006,7.075938,6.5120497,6.3236427,6.302702,5.721087,7.1059895,7.7455544,5.775866,5.8525405,6.357675,6.255346,6.634671,5.9684453,5.8259425,6.948047,7.02219,6.006453,7.8922944,8.050331,6.330694,7.6495814,6.8958015,6.627942
9,6.2023697,6.2006173,4.8866644,4.0444565,5.2777658,6.0174093,6.1629906,5.07758,2.5964103,0.0,5.2429495,5.0411687,6.798959,5.526643,4.142041,4.801855,8.386068,7.783313,6.371277,6.392814,6.777997,7.533999,6.7623963,7.180068,6.1860423,6.985675,5.928725,5.349848,6.0076065,5.4588566,5.1367826,4.815038,4.4579444,4.3134704,5.0671372,4.775656,5.30827,6.570584,7.2648726,7.2440367,7.292976,6.161363,5.483057,6.355618,6.6660895,5.815163,6.6305,6.3387613,5.8585277,6.594794,7.5528507,6.722265,6.147947,6.9614463,5.871855,6.203632,6.1400476,6.098509,5.9860244,7.358408,6.044803,6.268116,5.8521953,6.4756365,8.065112,6.8663564,7.550052,7.331358,7.5801682,6.46414,5.290327,6.8426366,5.807995,5.694298,7.1622267,7.9167085,7.2188883,6.9076753,4.839613,6.504288,5.613395,5.6436925,6.018002,5.1837797,5.6067014,6.004437,5.470365,5.332906,7.41105,5.6610527,7.391415,6.8316674,6.7871876,6.4508038,6.3090816,5.847026,6.45221,6.557858,7.0832562,5.7364874,6.993745,6.5039334,6.4175897,5.717305,7.1504173,7.239832,6.6839485,6.521754,6.3319206,6.0317144,6.935203,7.1802893,5.901206,5.978502,5.637219,5.5530586,6.326759,5.813909,6.46144,6.4207625,7.2920723,6.7531705,7.6898193,7.5218816,7.1210847,8.423464,7.619335,7.3164744
10,7.044089,5.0119185,6.227686,5.6092134,5.6957726,6.393179,5.48041,6.141944,4.7480564,5.2429495,0.0,1.7697142,7.0542407,6.225413,4.934262,5.0494404,7.3285766,7.2960134,5.304002,5.3360023,8.500183,7.056095,7.488237,6.804953,6.8098125,6.6396356,6.317197,5.0223956,6.9337716,5.6688128,5.5607843,5.0919037,5.528812,5.581654,5.590549,5.6070223,5.9329515,5.7128186,7.3406873,7.9075065,5.956741,6.264107,6.5530977,7.0427403,7.843232,6.8759985,7.236434,6.9668365,6.124759,6.8919654,6.201423,6.1962466,5.7567635,6.8100533,6.0796504,6.434589,4.7342405,4.9509683,4.9518785,6.562048,5.5824842,5.6127095,5.295129,4.866761,6.5655065,5.8251467,6.509858,6.3416386,7.4278235,5.764707,5.932366,6.604082,6.36244,5.220893,6.177622,6.609181,8.929027,5.8013854,5.627567,6.0054536,5.295413,5.2207212,6.4126153,5.086164,4.379766,5.621745,4.595331,4.213718,5.607767,4.6701603,5.9862027,5.368422,5.1738796,4.0527086,4.96832,4.293076,6.4794774,7.0962205,6.24468,6.735852,7.8679767,7.119509,5.212953,4.7562985,6.830734,6.868241,6.190396,6.097403,6.029722,5.91004,6.695863,7.134591,6.2163095,6.300499,6.6323853,6.64685,6.7770367,5.6242576,5.8187847,6.7795897,6.5679445,6.471067,8.505234,7.6324162,5.8470836,7.0862093,6.6617208,6.3930883
11,6.8632364,4.687489,6.059794,5.4196258,5.1770215,5.9224186,5.1739783,5.680744,4.622422,5.0411687,1.7697142,0.0,7.1836157,6.4454803,4.7789454,5.000092,7.2045813,7.1321974,5.4232354,5.4589586,7.974029,6.850815,7.3433595,6.624893,6.776659,6.389159,6.3370523,4.863123,6.6941333,5.449616,5.301907,4.9484224,5.2298355,5.3611794,5.3228183,5.3475895,5.73093,5.600754,7.2622266,7.945949,6.1613736,6.7271967,6.8984437,7.2938695,8.266771,7.290002,7.4599733,7.279621,6.149907,6.907153,6.39328,6.44143,5.4570255,6.506139,5.8946557,6.292511,3.9847107,4.1472683,4.368311,6.2163897,5.2463136,5.2716208,5.1555977,4.686242,6.1708317,5.395555,6.1887035,5.7976284,7.294806,5.4165874,5.887588,6.18338,6.0430326,4.898215,5.2225466,6.343196,7.8510103,5.3303833,5.4489417,6.059086,4.9841805,4.855771,5.925028,4.606577,3.9087822,5.075132,4.109767,3.7464104,5.2864313,3.615322,5.568154,4.91081,5.3583574,4.2842956,4.466772,3.7062368,5.9976726,6.143513,5.8538556,6.27458,7.5468855,6.3498964,5.158401,4.8262906,6.3935494,6.4295006,5.77774,5.653371,5.577178,5.3834186,6.2464447,6.7499356,5.6080246,5.6837707,5.7948756,5.813167,6.3861613,5.3421016,5.325223,6.3667703,6.3359046,6.119916,7.983715,7.584071,5.4269757,6.662595,6.232127,6.0193477
12,6.2638206,6.1467767,5.978569,6.218441,7.824445,7.5551624,7.76279,6.919667,6.9823127,6.798959,7.0542407,7.1836157,0.0,2.5118737,4.939065,6.7650867,9.208019,8.858488,7.339594,7.3366995,10.355397,9.455493,9.026732,9.795696,6.728792,7.4880257,8.80386,6.2226996,7.151212,7.609801,6.7081394,4.7447276,7.2988577,7.5179853,7.056899,7.394608,7.7720284,7.402709,7.07778,7.147767,7.4434714,7.150379,6.5900607,8.977433,5.28495,5.6666193,7.648684,7.3158917,8.450835,8.275175,8.71153,9.446137,7.2658153,8.276074,7.276281,7.549721,8.354506,6.743349,7.6368685,9.212335,7.805972,7.1362267,7.2042933,7.1048694,9.065011,8.155901,8.574607,9.356144,7.5786676,9.020945,7.7038636,8.944494,8.567899,7.1350684,8.659179,8.765353,9.980572,8.98679,7.138359,7.322142,8.645288,8.753494,9.620547,8.8523855,8.831431,8.948907,8.724331,8.417452,9.252787,7.628,9.834334,9.371634,9.205123,8.510644,8.860329,8.252404,7.990483,8.577017,7.2218633,7.4473295,7.174437,8.610984,8.837548,6.9372444,8.035263,8.075962,7.3904157,7.2115107,7.604012,6.89819,8.460207,9.001132,7.3336177,7.350513,8.058547,7.6711774,7.953038,6.960085,7.2298303,6.8566604,7.1011033,7.6036253,6.000217,6.349395,7.768441,9.110594,8.079405,7.92123
13,6.6324844,6.4688835,6.207681,5.94966,7.485654,7.7216854,7.8669925,7.0619273,5.7768893,5.526643,6.225413,6.4454803,2.5118737,0.0,4.5877953,6.1863694,9.505296,9.086401,7.379745,7.3809443,9.503944,8.797396,8.254136,9.366962,6.9591,7.645876,8.348359,5.7731757,7.397736,7.580571,6.787765,4.749653,6.4955096,6.6076503,6.6009617,6.85153,7.0338893,7.202284,7.3754964,6.692019,7.754764,7.1666136,6.552327,8.9173975,5.1917224,4.630439,7.470037,7.2612762,7.890107,8.146464,8.729747,8.99557,7.1596265,8.191507,7.1864266,7.47081,7.999929,6.3800783,7.366948,8.961416,7.7783847,7.330539,7.045823,7.09853,8.845267,7.8545117,8.379168,9.085013,6.811046,8.020095,7.143362,8.34278,7.8753567,6.4428077,8.119555,8.769249,9.33607,8.281719,6.1698976,7.079234,7.6930366,7.8058143,8.557055,7.7298355,8.012068,8.208255,7.6444726,7.4357147,8.9561405,7.349201,9.486336,9.033808,8.813631,8.181609,8.424859,7.833443,7.874381,8.494339,7.1416183,7.147214,7.0050197,8.52767,8.590571,6.580194,8.098406,8.131781,7.1627283,7.0010376,7.525148,6.707794,8.156426,8.699992,6.9927907,7.053068,7.6121736,7.285666,8.045131,6.569423,7.141752,6.857706,7.244172,7.3815284,6.116709,5.9437466,7.625299,9.300578,8.081033,7.8765364
14,4.606853,5.377325,3.4571297,3.0268347,4.845153,5.111268,6.0917063,4.336873,4.0780272,4.142041,4.934262,4.7789454,4.939065,4.5877953,0.0,5.035547,8.039101,7.7625165,5.769505,5.776289,7.427847,6.6522326,6.7773476,7.652022,5.3103576,6.2306437,6.4441,4.714941,4.76149,5.722482,4.6346574,3.422711,4.777985,4.967929,5.286188,5.1807146,5.4753423,5.5049686,6.0508084,6.9675703,6.7467766,6.597559,5.4430857,6.402252,6.392699,5.8295107,6.19763,5.784037,5.501381,5.861646,7.1531034,7.467289,6.0386667,7.2882996,6.081188,6.412707,5.062359,4.6937456,4.979505,6.589775,6.7662873,5.082863,5.8439417,5.746847,7.4464674,6.6890764,6.993118,7.021573,7.6764574,7.006136,5.7278643,6.5199456,5.581068,4.216277,6.785709,7.7236724,8.411048,6.5455704,5.0001707,6.386327,6.430699,6.2611504,6.119472,5.8100863,6.106345,6.0350437,6.2706237,5.8266926,6.633623,5.636248,7.25393,6.75781,6.9308767,6.282814,6.2956614,5.843103,5.6639304,5.782627,5.1990523,5.3694715,6.207386,6.4392214,6.728126,5.9856057,5.605696,5.656539,5.1553917,4.9298973,5.0071173,4.6231933,6.510529,7.6244235,4.6084223,4.6796207,5.9427896,5.870513,6.2055144,5.1441894,5.497717,5.044112,5.964105,5.264396,6.291463,6.788876,4.9898086,6.450857,5.717547,5.494301
15,6.4644866,5.6790795,4.9749293,4.7202106,5.495578,5.696231,5.1530824,3.547817,4.3123918,4.801855,5.0494404,5.000092,6.7650867,6.1863694,5.035547,0.0,6.480383,6.2739964,4.500128,4.490498,7.3157725,7.613271,7.0601525,6.5271935,4.06934,5.2641897,4.521848,5.627874,7.6351767,3.941612,6.514028,6.0242844,3.5756323,3.776118,4.286513,4.20157,4.0438876,4.6386786,5.5828695,6.423957,4.994086,4.286636,4.42304,5.543001,5.649745,5.162673,4.8967013,4.5698376,5.576187,5.523622,5.934232,4.762047,3.8272655,5.3539963,4.0155525,4.6871142,5.242782,5.137408,4.3572316,6.0957394,5.2511506,4.7717667,4.4060917,3.963748,5.694451,4.7704873,5.2458777,5.388536,5.6227493,4.4798093,2.3340168,4.8250127,4.843468,6.2994637,6.882668,6.7977576,8.581447,6.4102035,5.454043,4.898164,4.6197867,4.3527083,6.248904,4.888865,4.465621,5.352265,4.7595873,4.809734,4.9684353,5.1609764,5.3716626,5.034087,5.7479525,4.930142,4.9641943,4.1272063,6.4620857,7.6973624,5.8109565,6.173547,6.4986367,5.678975,5.99701,5.185888,6.259217,6.293169,5.4149656,5.658424,6.4190683,6.0063577,7.65883,7.689132,5.9300213,5.95777,5.6328692,5.640074,6.234031,5.04077,5.0669017,6.3416905,5.0519505,5.43902,6.6457458,6.263752,6.0341663,6.9168196,5.850213,6.1154633
16,5.9078,5.6767673,6.731735,6.907633,6.9871106,6.57298,5.360335,6.899765,8.178958,8.386068,7.3285766,7.2045813,9.208019,9.505296,8.039101,6.480383,0.0,1.5892696,7.550866,7.550392,6.865517,6.4097824,6.669873,4.9521413,5.238935,5.2289853,5.7503295,6.258532,8.302092,6.8908863,7.0324173,8.667831,6.5484557,6.9782023,6.733523,6.6067457,7.797963,5.247651,6.7869153,9.600014,4.217429,5.244059,6.0022964,5.5919056,8.118181,9.563396,8.009228,7.6957717,9.000231,8.661172,6.8656907,7.333382,7.4592237,6.8508,6.142268,6.5608115,7.4801598,7.5002284,6.5400143,7.8295217,5.1103797,4.739287,6.0993676,5.7801175,6.939469,6.172218,6.7537084,6.664889,9.312076,8.210259,7.559089,7.8982477,7.954359,9.266357,8.132531,8.111068,9.769473,8.145821,8.152472,5.804157,6.7848506,6.572254,9.530935,8.4326515,6.6445913,6.8512974,7.244864,7.039152,6.952754,6.2000656,6.565462,6.3228936,7.6381183,6.8007975,7.321905,6.631048,8.879776,9.174939,8.177172,8.679979,9.684365,7.914915,7.626806,7.585367,7.205365,7.534801,8.256512,8.468156,7.1419587,8.554792,7.7173824,7.096682,8.465184,8.407886,8.114347,8.039828,6.264894,8.310905,6.6945496,7.9159102,6.6496367,6.8139167,9.454353,8.710331,7.7358694,7.5706086,7.4601374,7.5196714
17,5.563271,5.5559683,6.4611645,6.654578,6.7948275,6.3462744,5.292286,6.7543726,7.565016,7.783313,7.2960134,7.1321974,8.858488,9.086401,7.7625165,6.2739964,1.5892696,0.0,7.327247,7.3369093,6.5577517,6.1775856,6.09928,4.847143,5.1190953,5.102968,5.7698984,6.0561967,8.04843,6.8178663,6.7436576,8.342114,6.417916,6.824448,6.1157823,5.985821,7.3244166,5.489024,6.389872,9.325693,3.8523178,4.916179,5.2847557,5.0516367,7.5340104,9.184105,7.3402267,7.190928,8.720464,8.35742,6.628391,7.1489987,7.1760197,6.566077,5.7818427,6.2241764,7.5342813,7.326204,6.719664,8.046859,4.642586,4.7832217,6.059002,5.810169,6.8589725,6.0110254,6.5762534,6.5820827,8.882523,7.8703456,7.185531,7.75216,7.787673,9.056993,7.9687614,7.8359113,9.191385,7.9984064,7.870409,5.5794272,6.826244,6.6549187,9.289846,8.240181,6.8093147,6.9283366,7.0697584,7.0453076,7.2627544,6.1137066,6.672538,6.3639255,7.9577937,7.199301,7.4974422,6.8359838,8.524477,8.758608,8.029236,8.207608,9.416131,7.797053,7.4481335,7.285092,7.037453,7.3765874,8.0857,8.304487,6.961814,8.057443,7.1769753,6.6092744,8.040581,7.981342,7.716693,7.6293464,5.9096437,8.171603,6.314428,7.653263,6.4788475,6.3655214,9.130667,8.414663,7.5635777,7.490069,7.3179393,7.381543
18,6.564832,5.368225,5.305147,5.4955225,5.73023,5.4316993,5.2497087,4.6910396,5.5775175,6.371277,5.304002,5.4232354,7.339594,7.379745,5.769505,4.500128,7.550866,7.327247,0.0,0.08833474,9.585005,8.795868,8.55521,7.693324,6.16433,6.3377323,7.4385767,6.837875,6.7346215,3.4013216,5.7297254,5.079418,5.8951077,6.1803193,4.61168,5.500301,6.3829765,6.3324723,6.0788064,8.834811,5.5423617,5.9293656,5.5611725,6.5592604,7.4228354,6.525633,6.1818666,6.053876,4.722995,3.9766707,5.2108703,5.4865904,4.017773,5.721774,5.026112,5.6492558,5.1680326,5.6426125,4.3845253,6.17106,4.9062257,4.8567185,4.9218264,3.8954036,6.8647666,5.8062124,6.4117985,6.531292,7.683524,6.454665,4.594283,6.3637295,4.833334,5.4681325,6.3774056,4.4844327,9.027104,6.4224367,6.777358,6.8011007,6.172448,6.198753,7.0856757,5.443789,5.3414826,6.0753417,5.3234563,5.4436245,6.000428,5.237223,6.08932,5.896008,6.578135,5.066359,6.0067134,4.5653086,4.7219124,6.659654,5.058044,5.775078,7.3518453,6.366987,4.778622,4.8170357,5.6511183,5.6021924,5.022386,5.255068,5.865303,5.223243,7.5182676,7.582501,6.1311946,6.1151924,6.53807,5.934928,5.494092,4.5927606,4.780499,6.0293913,5.1936235,6.0516815,7.4387937,7.8261914,5.4904633,5.322711,5.2407866,5.3366623
19,6.5606866,5.3848143,5.2985625,5.494334,5.7440886,5.439952,5.257754,4.678253,5.605984,6.392814,5.3360023,5.4589586,7.3366995,7.3809443,5.776289,4.490498,7.550392,7.3369093,0.08833474,0.0,9.586036,8.80752,8.569654,7.7039757,6.1455927,6.335041,7.433184,6.851296,6.7437296,3.3854928,5.741372,5.089484,5.880715,6.1673946,4.639764,5.5225525,6.4003706,6.332386,6.086248,8.84284,5.5592256,5.9300795,5.569139,6.568753,7.4183674,6.5126605,6.1849055,6.0562153,4.728996,3.9699464,5.232884,5.4880548,4.023114,5.7237673,5.02381,5.6469436,5.175678,5.6440654,4.383046,6.163229,4.9291086,4.8536863,4.916231,3.890473,6.876698,5.8208375,6.4196897,6.5447335,7.6872144,6.47225,4.591187,6.3570323,4.8215704,5.479272,6.396228,4.5067315,9.047447,6.431363,6.774446,6.798596,6.1659174,6.1956506,7.0874114,5.445304,5.343018,6.073629,5.3278103,5.447628,5.996825,5.265415,6.098012,5.911315,6.578718,5.0698047,6.008155,4.56595,4.7358413,6.6869216,5.052162,5.787644,7.3385,6.3574014,4.799153,4.831077,5.6444926,5.595376,5.0179334,5.2510533,5.8673353,5.249367,7.547908,7.606558,6.1417794,6.125273,6.545771,5.9433517,5.495455,4.581437,4.7909036,6.0222244,5.187241,6.065022,7.420454,7.8187785,5.4957952,5.3282714,5.240027,5.3355794
20,6.6933684,7.9081054,7.028649,6.4635363,6.267833,6.776032,7.1582904,7.4457498,7.1793337,6.777997,8.500183,7.974029,10.355397,9.503944,7.427847,7.3157725,6.865517,6.5577517,9.585005,9.586036,0.0,4.835212,4.7495694,6.4280734,6.5055118,6.3865047,5.9227815,6.361629,8.702096,8.721703,8.056072,9.423798,5.147936,5.2946935,7.3591065,6.5907655,6.683646,6.3960066,8.432903,9.088872,8.070165,7.9268084,7.1498904,6.5082498,8.762088,9.3275,8.21851,8.134383,8.268442,8.7094,9.190804,8.526004,8.562918,8.00313,7.3320146,7.683299,7.7224874,7.68547,7.3590455,8.490768,7.683122,6.4242096,7.4664674,8.01461,8.18153,7.3707805,7.774633,7.3826556,9.320259,7.7858715,8.13334,6.938443,6.642413,8.340553,7.6771793,9.700892,7.8356514,7.2608423,6.4703097,6.7822933,6.5643272,6.2086616,6.8342767,6.9429655,6.6776257,5.9507804,6.7459855,6.8384185,8.0428295,7.547792,7.7280455,7.580594,8.394057,8.37028,7.557369,7.4707875,8.801895,8.412982,8.338462,7.738822,8.547138,7.36573,9.121994,8.898077,7.1082935,7.4092617,7.914529,8.0301075,6.925646,8.209783,6.864759,7.0353446,7.3840785,7.3802924,7.0165343,7.391265,7.253465,8.465859,7.667585,7.3152895,7.988404,6.6731195,8.945295,8.478355,7.617711,8.460515,7.796597,7.7455297
21,5.8728704,7.053861,6.9463453,6.403496,6.2814417,6.771987,7.1450095,8.0036545,6.698686,7.533999,7.056095,6.850815,9.455493,8.797396,6.6522326,7.613271,6.4097824,6.1775856,8.795868,8.80752,4.835212,0.0,3.4578269,5.6576157,7.0266485,6.6282063,7.231933,6.3703265,8.007957,8.971397,7.1818027,8.535175,6.0971217,6.576154,6.5092864,5.846994,7.2346444,5.542668,7.5447545,9.394264,7.0124626,8.44939,7.2497034,6.5275326,8.810647,9.22424,8.315628,8.272606,8.20571,8.672718,8.762946,8.906255,8.578349,8.37888,7.581187,7.8613467,6.678926,6.6158233,6.623369,7.8925595,7.61942,6.2186184,8.069794,7.5191774,7.3491793,7.4219356,7.2963657,7.2982125,9.019795,7.490269,8.420413,7.363289,6.963286,7.386539,7.2471337,8.85411,8.834174,6.675343,6.9706225,6.7479854,7.0463977,6.8709,7.2780275,7.362863,7.036031,6.505735,6.9512534,6.6334968,7.4120164,7.3696012,7.1639857,6.914921,8.746876,8.166098,7.8480997,7.716309,8.482296,8.734654,7.5057616,8.504664,9.568757,8.87362,9.283614,9.04562,7.0110617,7.3387923,7.789591,7.8417525,6.4006524,7.5787926,6.3377256,7.534687,7.0226464,7.0350366,8.279339,8.594063,7.6538224,8.68343,6.868052,7.815303,7.9534974,5.7205296,9.217271,9.071004,6.298784,7.3928266,6.9959273,6.7891636
22,5.481969,6.8084335,6.352071,5.7877884,5.450773,6.0102196,6.568884,7.517951,6.084264,6.7623963,7.488237,7.3433595,9.026732,8.254136,6.7773476,7.0601525,6.669873,6.09928,8.55521,8.569654,4.7495694,3.4578269,0.0,5.319502,6.607655,6.2946863,7.3725743,6.6277246,7.8442955,8.501544,7.1587415,8.604377,5.794949,6.31606,5.116878,4.830103,6.7883935,4.9894094,6.2812085,8.443088,6.0800457,7.481677,5.925783,6.3061934,7.103275,7.9111876,7.817976,7.7641134,7.366277,8.003402,8.790428,8.617329,7.702829,7.5952864,6.565612,6.7972617,7.9679317,7.4351516,6.8888855,8.301112,6.9658766,6.236654,7.7620115,7.4007463,7.459721,6.9749713,7.2814007,7.565811,8.262322,7.3647923,7.9466085,7.660603,6.4884887,7.7735558,7.88663,8.7245655,8.8676,7.771024,7.319422,6.810385,6.6747584,6.7702765,7.489401,7.188601,7.0877714,6.504612,7.2400565,6.8012724,8.005937,7.5929275,7.7691455,7.2911296,8.923625,8.090587,8.143006,7.7240286,7.720875,9.041843,6.9409947,7.4676714,8.652534,8.51133,9.149991,8.444479,6.663388,7.017864,7.379682,7.2695932,6.295152,7.0130124,5.6792827,6.325627,6.8608775,6.8585677,7.7730527,7.704066,6.7254534,7.9115334,6.0448627,7.395483,7.223239,4.889902,8.185118,7.8739014,6.5662403,7.776615,6.7368937,6.3376937
23,6.3242264,6.4647503,6.965829,6.437808,6.135596,6.704971,6.1223955,7.314588,6.8322463,7.180068,6.804953,6.624893,9.795696,9.366962,7.652022,6.5271935,4.9521413,4.847143,7.693324,7.7039757,6.4280734,5.6576157,5.319502,0.0,6.876056,6.752909,6.7192845,6.942055,7.6893063,6.6781435,6.6755195,8.451727,6.1525025,6.628654,5.5528526,5.3057127,7.655854,5.2435303,7.244205,9.316843,5.4390216,6.8134966,6.792584,6.5996523,8.569258,8.69517,8.827215,8.575927,7.790513,8.028826,7.364821,6.690725,7.7910676,6.4260216,6.1038027,6.132822,7.2621045,7.1454277,6.390291,6.2350674,6.10883,5.9395795,7.643858,7.1326823,6.792135,6.3161883,6.879459,6.5830374,8.903822,7.3438115,7.245281,7.528525,7.2822275,8.974703,8.079354,8.32211,9.705788,7.8083277,8.2161,7.415008,5.7278013,5.7677455,8.438435,7.386166,5.628009,5.761909,6.540533,6.217023,6.523873,5.9736924,5.596884,5.350576,7.8448343,6.902648,7.2864547,6.587377,8.032799,9.222955,7.8172674,8.30917,9.716744,8.320625,8.041773,7.8486466,7.512184,7.8263826,7.9730783,8.165659,6.98585,7.969756,7.0400743,6.861197,7.7659745,7.7546577,7.829646,7.787194,6.611043,8.03425,6.2587266,8.372539,7.632689,6.3618865,9.32536,9.045911,7.594868,8.032803,7.5030913,7.325105
24,5.230966,4.9577374,3.6234515,4.078079,5.117382,4.582366,4.646603,4.106939,6.2115993,6.1860423,6.8098125,6.776659,6.728792,6.9591,5.3103576,4.06934,5.238935,5.1190953,6.16433,6.1455927,6.5055118,7.0266485,6.607655,6.876056,0.0,3.228347,4.1288166,4.738325,6.789856,5.4968243,6.0025077,6.820596,4.40408,4.679647,5.384683,5.18827,5.7544656,4.4191837,6.1866612,7.5426064,4.7684183,3.919136,3.4507008,4.2324347,5.2795825,6.86218,5.356669,4.9812593,6.7381244,6.203879,6.892467,6.9413133,5.594109,5.8119864,4.2899384,4.920169,6.5289135,6.393872,5.64216,7.274847,5.498091,3.507409,4.8345737,4.949451,7.569835,6.6469145,6.992261,7.2139378,7.8128343,7.388689,5.288076,6.4973445,5.6827927,7.3244877,7.804757,7.672163,9.056252,7.6800346,6.5039864,4.790183,6.9608893,6.6886997,7.5445585,6.694695,6.445627,6.886259,6.7993913,7.0915833,6.982292,6.6120014,7.0842023,6.898513,6.9407926,6.283211,6.4279346,5.7462835,7.041865,8.104748,6.354617,6.713643,6.668594,5.80847,7.2847414,6.6801353,6.090915,6.3297935,5.8421836,6.094324,5.4553156,6.963892,7.0770936,7.13086,6.9373093,6.9229083,6.96692,6.8468347,5.429036,6.068324,6.1348963,6.1126633,5.135459,5.5312886,6.9329643,6.6365767,6.54167,6.946781,6.1215777,6.268756
25,6.013883,3.813155,4.8010397,5.142006,4.2551713,3.598844,3.4010184,5.4049406,6.9551673,6.985675,6.6396356,6.389159,7.4880257,7.645876,6.2306437,5.2641897,5.2289853,5.102968,6.3377323,6.335041,6.3865047,6.6282063,6.2946863,6.752909,3.228347,0.0,5.3125944,4.34712,7.440462,6.448948,6.3514414,7.5591793,4.6108804,4.9371905,5.312586,5.225914,5.7688246,4.3377314,7.000109,7.720834,4.583818,5.114121,4.57771,5.2089047,6.1326046,7.570357,6.1499367,5.9764214,6.404614,5.886875,6.75974,7.047419,5.1506763,4.2585444,3.63419,4.3577924,6.37641,6.138692,5.532065,7.1914134,4.7537265,2.8129017,4.7029943,4.726584,7.1081967,6.111853,6.6193614,6.945358,7.4786057,7.0464025,6.431874,5.945599,5.212889,7.0416713,6.1372824,5.9379444,8.066509,6.435447,6.424644,4.430819,7.0409894,6.892157,7.050908,6.2311,6.0148787,6.52371,6.2853217,6.898289,7.0062604,6.303777,6.7221975,6.6539364,6.555539,5.817205,5.817651,5.056315,6.3160386,7.745505,5.8216047,6.241429,6.2014894,5.179615,7.288053,6.5807333,5.466724,5.737533,5.060795,5.4375896,4.5065765,6.4724326,5.1312757,5.2364726,6.7462063,6.709337,6.701132,6.614,5.0163064,6.0646486,5.822694,5.642163,4.9628935,5.2700076,6.724039,6.298149,5.9172945,6.3025484,5.51874,5.6552634
26,7.386282,6.8496313,6.175474,5.9283557,6.486788,6.606081,5.589726,5.409959,6.4571147,5.928725,6.317197,6.3370523,8.80386,8.348359,6.4441,4.521848,5.7503295,5.7698984,7.4385767,7.433184,5.9227815,7.231933,7.3725743,6.7192845,4.1288166,5.3125944,0.0,5.6196814,8.295709,6.120652,7.1843505,7.9599586,4.157691,3.8630707,6.9422774,5.7882366,5.138822,5.8458962,8.068442,7.52622,6.132048,4.6840787,5.5067987,4.496784,7.2554502,7.7473335,5.701185,5.30093,7.750076,7.7880282,7.675674,5.9894185,6.6609216,6.929609,5.808017,6.370818,6.344217,6.5557876,6.7134066,8.094818,6.529553,5.6028876,5.691606,6.294805,7.0212007,6.531588,6.556846,6.1665397,7.912325,6.4512143,5.7755704,6.158847,6.885433,8.36383,8.509948,8.843252,9.584472,7.19422,5.8644686,4.7803993,6.2404804,5.6039495,6.7289014,6.366615,5.48356,6.287336,6.096062,6.4581165,5.9318867,6.858084,5.9211035,5.6901436,5.209608,5.7812543,5.106381,5.4528804,8.383447,8.727846,8.109449,7.699617,7.5063467,5.9248834,6.9757004,6.748311,7.4157553,7.588004,7.3376412,7.566932,6.9969306,8.04537,7.815294,7.837041,7.2107487,7.2438936,6.536447,7.334021,7.0805902,7.32385,7.328546,7.3926163,7.1838145,7.100462,8.878273,7.8119245,7.5863733,8.476548,7.847047,7.944992
27,5.4773192,3.992465,4.874533,4.539891,4.9446487,5.300328,5.4107046,6.203873,5.9818654,5.349848,5.0223956,4.863123,6.2226996,5.7731757,4.714941,5.627874,6.258532,6.0561967,6.837875,6.851296,6.361629,6.3703265,6.6277246,6.942055,4.738325,4.34712,5.6196814,0.0,6.071325,6.5688047,5.3920765,5.766181,5.1777334,5.235694,5.9669766,6.1869483,6.283388,5.1269574,7.5808153,7.8844113,6.061542,5.3928204,5.273545,6.443402,6.602567,7.3578405,7.2473326,7.0179524,6.9810596,7.0785613,6.5483046,7.7759166,6.8646164,6.428859,5.845372,6.315562,6.316435,5.8724422,5.732498,7.305167,5.517058,3.7943664,4.929497,5.559537,8.130435,6.5591397,7.7101192,7.6553683,8.381734,7.6720953,6.8009505,7.103877,6.185267,6.0546036,5.8784156,7.445165,7.8934174,6.6374545,5.8326116,5.793274,6.7693925,6.3101797,7.3801293,6.189998,5.749386,6.201264,5.6905804,6.2738824,7.7135353,4.9829755,7.5762,7.43078,7.003989,6.1821775,6.6752143,5.623635,6.9224358,6.491091,6.5017834,6.1149406,7.1075892,6.570621,6.668588,5.848241,6.3560433,6.5593753,5.6794996,6.0125723,4.9210544,6.374863,5.596482,5.6723404,6.8333035,6.8668623,6.7351146,6.287467,5.5782285,5.8299556,6.5021577,5.537367,5.583096,5.8687725,7.3737974,6.219969,6.435684,6.9890466,6.422727,6.4675827
28,4.525576,5.5713444,4.0146947,3.8635812,5.241022,5.353752,6.5949025,6.201557,6.4438157,6.0076065,6.9337716,6.6941333,7.151212,7.397736,4.76149,7.6351767,8.302092,8.04843,6.7346215,6.7437296,8.702096,8.007957,7.8442955,7.6893063,6.789856,7.440462,8.295709,6.071325,0.0,5.8458753,2.656539,4.2740197,7.160549,7.449559,6.2222924,6.799163,8.968399,7.105306,7.749167,10.323404,7.6120086,7.7072616,6.7936063,7.535364,8.511863,8.356842,9.03396,8.790215,7.0710893,7.1530013,8.560771,9.475408,8.18977,8.475863,7.516823,7.761219,7.1825113,7.0526724,6.6630616,7.94029,6.901607,5.6586113,7.4637566,7.5265656,10.027286,8.869048,9.672986,9.402804,10.951816,10.108126,8.374676,9.666829,7.159776,6.695061,8.352029,8.548734,9.557831,9.028176,8.199142,9.056552,8.371193,8.290532,8.54438,7.5520124,7.4808106,7.494481,7.887889,7.721167,8.965575,6.447283,8.841281,8.467469,8.916585,7.756696,8.464188,7.378908,5.695138,6.29492,6.5427675,6.421807,8.401695,7.7085853,7.173347,7.146359,6.656975,6.8903165,6.706255,6.4830008,4.770712,6.387398,6.86517,7.2623954,6.9626946,6.9781733,7.8309116,6.9622607,5.017103,6.057493,6.660578,6.3318486,7.3594813,6.877615,8.212375,9.123255,7.044981,7.2425003,7.1214633,6.513952
29,6.275413,5.5304685,4.831749,4.7705846,5.489,5.4850354,5.042037,3.7646976,5.5469394,5.4588566,5.6688128,5.449616,7.609801,7.580571,5.722482,3.941612,6.8908863,6.8178663,3.4013216,3.3854928,8.721703,8.971397,8.501544,6.6781435,5.4968243,6.448948,6.120652,6.5688047,5.8458753,0.0,4.9738503,5.0393405,5.2079988,5.4282737,4.882394,5.407093,6.6888204,6.0774856,6.5183883,8.725313,5.768429,5.2631,5.7070656,6.5103416,7.5642056,6.6158247,6.925669,6.6337748,5.736474,5.3907905,6.3025303,5.5851235,4.8915377,5.981839,5.080912,5.6368623,5.5508165,5.793453,4.6845417,6.2113523,4.893047,4.85078,5.056253,4.800675,7.2265663,5.9637403,6.8417253,6.4913974,8.2354765,6.9415364,4.6474566,6.923201,5.499514,6.792352,7.3933825,6.496838,9.148003,7.454713,6.9922733,7.146729,5.5108275,5.36116,7.276229,5.476316,4.5591383,5.497195,5.324254,5.326896,5.796672,4.624277,5.766548,5.49058,6.2004337,4.9509473,5.645622,4.1814966,5.3182535,6.838008,5.9146166,5.9022527,7.292007,5.5928154,4.7081766,4.775126,6.1732116,6.2249794,5.699467,5.8273735,5.9449353,6.1035624,7.8985825,7.4880285,6.392509,6.388898,5.898076,5.2747984,4.9221773,4.473487,5.1500993,6.276221,5.7193737,6.5297437,7.45844,7.9068627,6.607492,6.650985,6.23934,6.1859612
30,4.4892726,4.0705667,3.7152774,3.5818808,4.613811,4.659967,4.918372,5.407167,5.3209066,5.1367826,5.5607843,5.301907,6.7081394,6.787765,4.6346574,6.514028,7.0324173,6.7436576,5.7297254,5.741372,8.056072,7.1818027,7.1587415,6.6755195,6.0025077,6.3514414,7.1843505,5.3920765,2.656539,4.9738503,0.0,3.7223213,5.9967046,6.306695,5.2505865,5.5847783,8.046125,6.433501,7.4115133,9.775882,6.511685,6.7692666,6.153426,6.539051,7.992906,7.865249,8.191703,8.033422,6.619516,6.7799144,7.7253156,8.2181425,6.8170357,7.0499673,6.015637,6.285003,5.855282,5.890043,5.67261,7.1418185,4.9975047,4.865488,6.081195,6.052222,8.910785,7.937136,8.574246,8.389549,9.681942,8.724994,7.2940416,8.502564,6.4630036,5.9547358,7.138346,7.0178223,8.072331,7.6600795,6.8858423,7.2779565,7.0961113,7.3232517,7.579488,6.4197326,6.381419,6.854584,6.4895854,6.328096,7.9322424,5.5177813,7.7130375,7.2087836,7.6148148,6.515811,6.979766,6.026543,5.4185834,6.238688,6.3119063,6.3850427,8.010419,6.7480702,6.19072,6.1483455,6.3740573,6.6342034,6.5486817,6.2302747,4.223849,6.172678,6.219977,6.4763384,6.5161524,6.5284963,7.077441,6.488609,4.3437347,5.6941657,5.9643984,6.186917,7.038173,6.735502,8.055697,8.811253,6.567947,7.1267986,6.9845595,6.282415
31,5.3527365,5.361358,4.648385,4.515988,6.168624,6.2331986,6.568109,5.3444967,4.9925404,4.815038,5.0919037,4.9484224,4.7447276,4.749653,3.422711,6.0242844,8.667831,8.342114,5.079418,5.089484,9.423798,8.535175,8.604377,8.451727,6.820596,7.5591793,7.9599586,5.766181,4.2740197,5.0393405,3.7223213,0.0,6.3448663,6.5087533,5.926312,6.4105954,7.4204774,7.275495,7.0343056,8.779694,7.3854933,7.1336226,6.615497,7.8844724,7.5381603,6.521748,7.5681577,7.4121895,6.5240726,6.656498,7.3754454,8.030262,6.493126,7.807353,6.8246784,7.1521463,5.789282,5.1751313,5.7812414,7.394776,6.3158064,5.9917636,6.0695443,5.973663,8.551363,7.4887376,8.1254,8.129323,8.661263,8.17516,6.560495,8.098664,6.8275166,4.8450646,7.0842934,7.3423767,8.541161,7.425347,6.1410103,7.5782814,6.9957514,7.0877285,7.572489,6.4883676,6.663675,6.946835,6.4307055,6.1184306,7.7371273,5.3836083,8.1124525,7.6005936,7.7672358,6.8334394,7.187193,6.299683,5.643106,5.605157,5.989807,5.891646,7.3210616,7.121767,5.9462075,5.2689414,6.5594068,6.5798745,6.2008157,5.8975577,5.72851,5.2815523,7.493168,7.9951563,5.7725396,5.816066,6.5061154,5.9126067,6.0197697,5.096684,5.904536,5.7109957,6.6960917,6.9314737,7.0506644,7.8450465,6.267967,7.1980133,6.8754473,6.4755454
