,0,1,2,3,4,5,6,7,8,9,10,11,12,13,14,15,16,17,18,19,20,21,22,23,24,25,26,27,28,29,30,31,32,33,34,35,36,37,38,39,40,41,42,43,44,45,46,47,48,49,50,51,52,53,54,55,56,57,58,59,60,61,62,63,64,65,66,67,68,69,70,71,72,73,74,75,76,77,78,79,80,81,82,83,84,85,86,87,88,89,90,91,92,93,94,95,96,97,98,99,100,101,102,103,104,105,106,107,108,109,110,111,112,113,114,115,116,117,118,119,120,121,122,123,124,125,126,127
0,0.0,0.18242861,5.750947,6.533519,6.3908057,5.535709,6.0768504,5.9252586,3.8471632,3.630284,3.6723871,2.3957367,3.5462644,5.9304647,6.4044476,5.2833815,5.9377236,6.391026,6.020572,4.9045076,5.204878,5.990053,6.516406,7.23873,4.79676,5.119837,6.7998633,7.514674,5.2143188,5.6626263,7.473171,7.4327087,4.7660294,6.2174726,5.2804427,5.031461,6.683051,5.6163816,5.9270077,6.971032,4.814091,5.3497477,6.2642174,4.7160435,6.3223042,5.967276,6.03258,6.3345504,6.0468063,6.4377737,6.6192684,6.4177403,7.92002,7.7244167,6.000351,5.8236837,6.0419955,6.682005,7.2606254,6.637472,7.315609,6.667081,5.9138637,6.1643596,7.424514,8.368131,5.7096663,5.8861895,5.62233,7.2849584,7.8852305,6.955495,4.279621,6.1114564,7.2525244,7.8899713,7.5414166,7.9131455,7.621715,7.2406397,7.0794168,6.979391,7.055791,6.656509,6.518733,3.999806,6.8070974,6.9769907,7.5679817,8.860189,8.1462755,8.230649,5.468047,6.2003407,6.1866593,6.8988924,7.6433616,7.5928245,6.9982452,6.8531528,7.7803245,7.6963906,6.0629673,6.8781104,6.7374825,6.6163154,7.0919113,5.800849,7.3067718,7.2532406,7.428658,7.592298,9.139925,8.334223,7.0733495,5.149237,6.774552,6.8249407,8.86826,6.4949193,7.7854834,7.980107,8.420093,8.479759,6.75353,6.8281436,6.646055,7.314689
1,0.18242861,0.0,5.6890745,6.5064616,6.3604302,5.5222187,6.0840616,5.9337955,3.8417943,3.6291068,3.6728652,2.4035637,3.5467377,5.8890157,6.408895,5.2674522,5.990603,6.4471307,6.0180454,4.91972,5.196605,5.984091,6.5038047,7.201651,4.788217,5.0986505,6.7506156,7.4550405,5.2298403,5.609592,7.4271145,7.393458,4.7039495,6.1575246,5.2814026,5.0086246,6.6184516,5.5810046,5.8253627,6.8888783,4.753249,5.289882,6.2340045,4.6600256,6.292625,5.9462223,5.99089,6.284627,6.000878,6.4185295,6.6077757,6.3930235,7.948287,7.7171507,5.9845796,5.7943316,5.9875875,6.6279464,7.1998744,6.571471,7.2454023,6.620754,5.853581,6.1044087,7.338494,8.293465,5.663223,5.836657,5.6295714,7.2969856,7.818708,6.9410214,4.2556877,6.083833,7.2237654,7.8484287,7.494077,7.850759,7.565275,7.211436,7.036662,6.972157,7.0540285,6.632801,6.502137,4.01039,6.7342677,6.940832,7.532219,8.840442,8.087678,8.192846,5.4029794,6.124005,6.141065,6.845139,7.5910444,7.594556,7.028929,6.8434176,7.787834,7.7064567,6.0748186,6.8915954,6.7315764,6.6252775,7.0985203,5.816599,7.2921777,7.2729135,7.409715,7.578099,9.141451,8.340311,7.058779,5.125147,6.7862287,6.8410845,8.830013,6.446201,7.781296,7.976355,8.422169,8.467457,6.7196584,6.7874875,6.6040096,7.264773
2,5.750947,5.6890745,0.0,3.4463692,3.7484744,3.372421,4.1925364,4.009369,6.1663637,6.0189095,5.9832983,5.7346315,6.1989756,7.8942113,7.042948,6.5131044,8.27588,8.00576,8.329266,7.68504,6.772513,7.3034034,7.6827865,7.7029676,6.273469,6.531878,7.0507684,5.7085333,7.507155,7.490289,7.9264903,7.5367413,7.1097445,8.142416,7.4326544,7.270777,8.577011,8.121718,7.901995,8.62135,7.1472383,7.5384264,8.288096,7.1267443,8.371735,8.191019,8.235148,8.340551,7.6189566,7.7654448,8.370733,8.392824,10.214304,9.434306,8.0226965,7.8067603,8.497074,8.678132,9.220634,8.715222,8.682909,8.602558,7.8389573,7.8945274,6.7986465,7.678427,6.802348,6.7548275,7.033238,7.957601,6.475055,6.5075746,5.448998,6.359588,7.559863,8.39243,8.620056,8.908742,8.009572,8.188848,7.7946377,8.53892,8.460318,8.125456,7.156109,6.2961965,7.3188896,7.8380356,8.369074,9.4402075,8.793061,8.897345,6.368081,7.0074463,6.9526286,7.601774,8.852509,9.493537,9.368134,8.968461,9.475035,9.551385,8.007806,8.8139515,8.7602005,8.929079,9.212118,8.164647,9.156463,9.272091,9.127095,9.332468,8.371653,7.739019,8.857733,7.742102,7.7114615,9.495167,7.641003,7.8068886,9.887759,10.025375,9.817856,9.83757,7.9627123,8.070914,7.770678,8.675598
3,6.533519,6.5064616,3.4463692,0.0,1.6638671,4.0346494,2.119847,3.3791368,6.661767,6.590677,4.9815164,5.680726,6.451025,8.1515255,6.7769847,6.326535,7.963045,7.679108,8.4457245,8.183152,5.6481357,6.3109345,7.9774604,7.5219717,6.7859826,7.0294976,7.240121,6.3074517,6.7132044,6.5711904,8.311567,7.9518228,7.484932,8.407079,6.771188,7.692927,9.135239,7.527577,8.540378,9.247475,7.7568026,8.549801,8.325966,7.746329,7.6701207,7.3617907,7.5525136,7.4626517,6.9438386,7.0671325,7.710488,7.6840444,9.557015,8.873704,7.3263183,7.1152663,8.715377,7.9290886,9.442527,8.916505,7.955997,8.428003,7.6655855,7.8020887,7.302984,7.597926,7.8856435,7.7407837,7.086465,7.9229956,6.5907397,6.398906,5.1615915,6.0785584,8.068329,8.312074,8.651802,8.962809,8.093521,7.9893117,7.3516746,8.088925,7.8927298,7.7458754,7.290255,6.912391,7.5416617,6.801785,7.2913465,8.503706,9.322248,8.234007,6.305528,6.8864107,5.9202743,8.015965,9.553147,9.6155815,8.3996935,9.615472,9.112654,9.188623,7.764339,8.522504,9.499701,9.901132,9.652206,8.691485,9.621192,8.786793,9.584667,9.6794405,8.198296,7.3572373,9.355955,8.714541,8.05963,9.879058,8.169122,8.290995,10.171676,10.2929325,10.043743,10.130631,8.902495,8.390366,8.66059,9.493001
4,6.3908057,6.3604302,3.7484744,1.6638671,0.0,3.6032875,1.9205803,3.6990206,6.4970417,6.4290366,5.2102504,5.5437737,6.150736,8.025751,7.1543026,6.499078,7.98329,7.894463,8.017829,7.8278613,5.576435,6.2011743,7.6674957,7.0910673,6.5535936,6.854665,6.911834,5.915729,6.7943153,6.1267724,7.8138227,7.5728836,7.5777235,8.042936,6.821449,7.439639,8.952529,7.3220263,8.394101,9.134667,7.7883334,8.545225,8.114246,7.445729,7.6139193,7.292037,7.456137,7.286276,6.7467113,6.7846932,7.5602045,7.5184593,9.622332,8.787641,7.321102,7.05316,8.358394,7.9386325,9.242957,8.677424,7.8651595,8.666226,7.9119163,7.996495,7.153306,7.5456953,7.8420143,7.685135,6.9681234,7.9400663,6.1402907,6.3663793,4.5778446,5.7422695,7.987575,8.29916,8.714383,9.07987,8.174871,8.158609,7.2936993,7.8227544,7.629165,7.5213957,6.9713483,6.8338404,7.266078,6.8094835,7.3322263,8.5703745,9.305441,8.457051,6.2140994,6.8548517,6.160419,8.381912,9.149841,9.238636,8.1577015,9.367392,9.04162,9.1389885,7.7641683,8.532933,9.266733,9.739447,9.507926,8.248376,9.23944,8.624424,9.194879,9.280624,7.766495,6.872619,8.857855,8.195824,7.4830546,9.440269,7.5182114,7.7158184,9.635677,9.756655,9.63401,9.650134,8.57081,8.13596,8.168247,9.0321
5,5.535709,5.5222187,3.372421,4.0346494,3.6032875,0.0,3.0579965,4.1966996,5.215556,5.158872,5.616889,4.898708,4.9130273,6.99894,7.203582,7.3873253,8.074988,8.020113,6.9561224,6.6146507,5.9758487,6.596474,6.5540457,7.262587,4.9947066,5.4612336,6.8066316,5.4128394,6.750944,7.0880284,7.3221874,7.0407395,7.4806123,7.316593,7.0945807,6.445494,8.155529,7.765325,7.7532616,8.486703,7.3239446,7.6950765,8.022057,6.6134896,7.848939,7.469842,7.970454,7.971611,7.6418223,7.7752275,8.214132,8.103262,9.378192,9.177755,7.7035375,7.5895357,7.706282,8.507143,8.652437,8.015667,8.669093,8.945487,8.364289,8.463061,6.70379,7.8854065,7.1858997,7.0906,5.698676,6.9469633,6.3439693,5.754448,4.0961237,5.2609463,7.662124,7.9089146,8.311779,8.779627,8.161084,7.9433317,7.1144056,7.67416,7.5098333,7.321201,5.8205166,5.9547234,6.7976213,7.269676,7.7832966,8.890533,8.372624,8.773767,5.8270445,6.505594,6.821001,8.044122,9.193823,8.72562,8.501273,8.815819,9.522827,9.586803,8.033096,8.949761,8.421576,8.750074,9.077175,7.439019,8.53973,8.84658,8.616955,8.676058,7.4809413,6.7299104,7.946375,7.212344,6.3389688,8.48415,7.3026586,7.4683266,8.882627,9.091328,9.011886,9.218606,8.160444,8.51314,8.063291,8.883077
6,6.0768504,6.0840616,4.1925364,2.119847,1.9205803,3.0579965,0.0,3.1778424,6.0794454,6.0461993,4.808957,5.1289763,5.8548937,7.7799306,6.682249,6.827413,7.5772295,7.5031705,7.732106,7.4481916,5.136863,5.8698907,7.345796,7.353983,6.03056,6.379402,7.2036986,6.2246966,6.273395,6.493413,8.074039,7.810434,7.551523,8.003029,6.552579,7.2015486,8.854623,7.265657,8.445602,9.146738,7.666674,8.425505,8.085654,7.441986,7.375318,6.9475994,7.442648,7.364198,7.0322194,7.1258545,7.541876,7.4935007,8.979822,8.740923,7.1261916,6.97538,8.203733,7.854101,9.09698,8.547156,8.098744,8.494869,7.855908,8.001132,7.3634033,7.878363,8.074568,7.8971815,6.007078,7.080678,6.462627,5.874376,4.473934,5.406461,7.8529162,8.183497,8.547639,9.025731,8.361668,7.897774,7.0687075,7.5933,7.359653,7.227856,6.5879307,6.426919,7.497421,6.7684507,7.233882,8.433646,9.15243,8.268832,6.135908,6.8192487,6.116285,8.161066,9.503285,9.134804,7.5751457,9.156441,8.805261,8.890943,7.5025244,8.278766,9.025929,9.399915,9.217482,8.038228,9.068013,8.312015,9.129223,9.162011,7.509178,6.68068,8.677911,8.184406,7.0902634,9.184592,7.881574,8.086256,9.494202,9.629979,9.541138,9.664284,8.817216,8.520085,8.569996,9.362566
7,5.9252586,5.9337955,4.009369,3.3791368,3.6990206,4.1966996,3.1778424,0.0,6.610644,6.4911714,5.4980545,5.735294,6.6650863,8.4295,5.5983562,6.202035,7.543267,7.4573994,8.429091,7.821861,6.0418324,6.692622,7.9688597,8.049325,5.6260395,6.0440865,7.7285137,6.7938385,6.1088524,7.4351406,7.987044,7.704796,7.4973106,8.687584,6.2193904,7.7592316,8.5660715,7.0669036,8.081954,8.782922,7.6415257,7.5824695,8.487763,7.8644924,7.3343134,7.7607665,7.2197385,7.3751163,7.6100197,7.6372256,8.033612,8.056566,9.4546795,9.203668,7.647433,7.505815,8.795822,8.422589,9.611215,9.11591,8.737665,8.463625,7.7890067,7.9127574,7.551124,7.308465,7.323167,8.000317,6.5009255,6.140104,5.647543,5.6606092,5.229979,6.162467,6.0724316,7.328907,7.6301074,8.057781,7.3997884,6.860632,7.471963,8.038687,7.859866,7.7386193,7.1025686,6.1237416,8.130067,7.527918,7.124128,8.275155,9.359139,8.530946,6.71043,7.368775,6.7459373,8.0683,8.430861,8.564845,8.253976,7.973867,7.800904,7.8450704,7.202664,6.9744043,7.9415293,8.101472,8.189985,7.1870832,8.389966,7.5975037,8.524982,8.57427,7.141328,6.281556,8.875582,8.087298,6.9369106,8.665405,7.289736,8.72177,9.231316,9.365852,9.254841,9.282906,7.751596,7.4430804,7.679041,8.587919
8,3.8471632,3.8417943,6.1663637,6.661767,6.4970417,5.215556,6.0794454,6.610644,0.0,0.54989916,4.0823946,2.842091,2.7782888,5.670658,6.9614067,5.9245324,7.789075,7.6137857,7.0027633,6.322219,5.971781,6.622866,7.3825006,8.146992,4.320163,4.318193,7.767796,8.055387,5.2965746,6.1850824,7.9874253,7.763998,5.652199,5.516581,4.6323466,3.7556748,6.4927754,6.428274,5.6186976,6.546403,5.225395,5.662946,6.429768,4.9151807,5.692148,5.50734,6.470319,6.8594007,5.73374,6.137934,6.1812634,6.101566,7.4818707,7.5156584,5.988974,5.544578,4.9574533,6.2642984,6.2422733,5.560164,6.7013807,6.83354,6.4650555,6.908898,5.8370204,7.2110186,5.2717404,5.022658,5.5707707,6.5438285,7.7739077,5.758303,3.9001224,5.578377,7.936749,7.65546,7.270578,7.966586,7.195496,6.6941805,6.5001225,6.342965,5.9078746,5.3995175,4.9460683,3.4855683,5.300375,6.084399,6.432625,8.482019,7.705233,8.1922245,3.6571622,4.9346514,5.173946,6.135756,7.6679754,7.191177,6.689481,7.0349045,7.735485,7.581469,5.9716935,7.289921,6.5009027,6.9182405,6.9888005,5.189134,6.267841,7.00693,6.650127,6.762944,8.242441,7.739354,5.60961,5.5887036,6.781842,6.8057103,8.26222,5.789325,7.429476,7.5345397,7.312818,7.602042,6.1931148,6.9487853,6.3424373,7.3080783
9,3.630284,3.6291068,6.0189095,6.590677,6.4290366,5.158872,6.0461993,6.4911714,0.54989916,0.0,4.044403,2.766778,2.7736006,5.656536,6.8901725,5.7275395,7.546915,7.3361993,6.8749485,6.1498237,5.947503,6.5374174,7.24719,7.974765,4.1834755,4.3435626,7.5719604,7.9176216,5.25225,6.1271734,7.7959957,7.5629444,5.45398,5.4207654,4.5413556,3.7132764,6.425672,6.364433,5.590159,6.4735074,5.104361,5.533983,6.3956275,4.784925,5.748884,5.5592513,6.38171,6.81063,5.591919,6.0251675,6.1491594,6.0937486,7.4347014,7.394035,5.840609,5.4384418,5.052988,6.364674,6.412678,5.732425,6.7217093,6.7662086,6.3467903,6.7753,5.9406757,7.270767,4.938908,4.729349,5.6014576,6.6274877,7.785335,5.813181,3.7595348,5.5675936,7.821461,7.5915923,7.2968535,7.940092,7.1719666,6.7829137,6.519527,6.3022223,5.854056,5.459039,4.948201,3.2863765,5.242278,6.01461,6.5075026,8.425003,7.679299,8.154353,3.8615696,5.0557423,5.3326645,6.1511173,7.6302595,7.172232,6.801849,7.0239344,7.6998262,7.5545244,5.8255596,7.225926,6.507952,6.8390975,6.977957,5.233151,6.3254933,7.0485744,6.7322173,6.861531,8.2482,7.682388,5.6800265,5.4078555,6.7436323,6.690428,8.273287,5.7549753,7.4568157,7.580052,7.2839494,7.6599965,6.051603,6.734243,6.222596,7.185314
10,3.6723871,3.6728652,5.9832983,4.9815164,5.2102504,5.616889,4.808957,5.4980545,4.0823946,4.044403,0.0,2.0533628,3.5500607,5.98551,6.230488,4.707025,5.86387,5.8647914,6.307013,5.8861136,4.144201,5.07237,6.7880683,6.922644,5.281128,5.5589848,6.676372,7.620773,3.9850342,4.6214004,7.6932235,7.438275,5.3117595,6.22911,4.2248845,5.2397785,6.9747024,5.0998964,6.4467654,7.2771363,5.534983,6.481004,6.2029,5.375086,5.3522477,4.7969446,5.3216953,5.3010006,5.033498,5.3592963,5.712793,5.6434374,7.234879,7.0612545,5.0288234,4.8150525,6.4811296,5.7664948,7.374067,6.7290597,6.127047,6.3618593,5.54922,5.794907,6.89229,7.4213457,6.3135657,6.159754,6.0697656,7.2521663,7.8676434,6.4570227,3.96818,5.8001685,7.9851823,7.476727,7.0116134,7.4459124,6.821868,6.251376,5.9432425,6.179735,6.015733,5.7956495,6.2951193,4.779246,5.95776,4.960777,5.61567,7.0986214,7.8090596,6.758164,4.237405,5.0808296,3.9350195,6.347831,8.456546,7.9267287,6.333065,7.951349,7.6042404,7.5416007,6.1503444,6.9696937,7.795934,8.122279,7.819416,6.7164226,7.965973,7.0153484,7.9923754,8.041701,8.891913,8.167415,7.6200414,6.8308606,7.721496,7.7683115,9.2045965,6.926185,8.36365,8.527029,8.557678,8.72387,7.6875176,7.328068,7.6047444,8.337478
11,2.3957367,2.4035637,5.7346315,5.680726,5.5437737,4.898708,5.1289763,5.735294,2.842091,2.766778,2.0533628,0.0,1.9606256,5.1345444,6.4715195,4.9956408,5.8001323,5.9485927,5.40798,4.6999416,4.2989144,5.1028485,5.900633,6.4995403,4.2208843,4.618196,6.1740675,7.0987706,4.0504336,4.6376386,6.9410553,6.736422,4.9567747,5.3417683,4.3593297,4.190578,6.2035437,5.0515914,5.775791,6.6649103,4.914651,5.637,5.702423,4.1921544,5.3791533,4.8042865,5.4376683,5.521307,5.160997,5.606979,5.8214035,5.752755,7.2924156,7.1430306,5.1236997,4.9483094,5.6232753,6.0513306,6.8091927,6.152759,6.435638,6.5790377,5.829667,6.0186253,6.388966,7.3798523,5.629322,5.4670935,5.350317,6.8133707,7.5118074,6.093439,3.2729785,5.2422934,7.5349994,7.2848186,6.7784905,7.3425155,6.732345,6.245575,5.9106593,5.873186,5.7823944,5.4599404,5.458651,3.9136572,5.4637294,5.479675,6.1162043,7.4877563,7.259147,7.118988,3.994496,4.9708652,4.5885887,6.205273,7.7551265,7.1203165,6.251238,7.1278057,7.5820594,7.5055976,6.008031,6.9793406,6.876025,7.154507,7.136742,5.7071834,7.033556,6.810932,7.0889096,7.1579065,8.363498,7.6890583,6.4493194,5.4293327,6.6278734,6.6451497,8.457229,5.9109693,7.397159,7.578111,7.7296057,7.883308,6.793323,6.913246,6.8145213,7.5209284
12,3.5462644,3.5467377,6.1989756,6.451025,6.150736,4.9130273,5.8548937,6.6650863,2.7782888,2.7736006,3.5500607,1.9606256,0.0,4.919954,7.2749033,5.823639,6.7548704,6.835088,5.139323,4.8246856,5.230719,5.9152646,5.918069,6.737394,4.267582,4.7862353,6.3520837,7.1162825,4.8847203,5.2583485,6.777998,6.5951123,5.8880234,5.4032807,5.2911706,4.2407293,6.458913,6.07467,6.1460695,6.996064,5.672342,6.1472583,6.241212,4.3036633,6.0601697,5.492324,6.2322927,6.333495,5.908747,6.1357803,6.5771213,6.4684105,7.892473,7.6731286,5.9862247,5.83513,5.882323,6.921811,7.017414,6.2253246,7.0730214,7.6335387,7.0011926,7.1545553,6.4616857,7.700994,5.769152,5.620888,5.9933157,7.3236923,7.8420444,6.4528685,3.4407434,5.668307,8.212126,7.551493,7.226598,7.734017,7.0743756,6.786178,6.436998,6.3119063,6.108443,5.904869,5.3993063,4.6480813,5.269042,5.853924,6.486527,7.8086286,7.277437,7.780237,4.119275,5.0131054,5.0377946,6.8977804,8.223501,7.1152635,7.2577014,7.7617893,8.719683,8.568891,7.042932,8.102287,7.2078557,7.6484303,7.8286653,5.807054,7.185758,7.587587,7.2223015,7.2512836,8.66578,8.008583,6.3641143,5.608507,6.7405443,6.669554,8.489269,5.8626566,7.2674274,7.534692,7.6504993,7.8772006,6.895305,7.4837527,7.2006145,8.039864
13,5.9304647,5.8890157,7.8942113,8.1515255,8.025751,6.99894,7.7799306,8.4295,5.670658,5.656536,5.98551,5.1345444,4.919954,0.0,8.602479,7.610941,8.001247,7.966968,5.278144,5.4557295,4.4151115,5.020524,5.0470643,5.9756317,5.0532274,5.3226786,5.616538,7.200302,4.5535207,4.678896,6.340641,6.1259446,4.321028,3.995065,6.18841,5.1239915,6.0061417,5.6344757,5.010728,6.043917,4.1913266,4.9764004,5.656224,3.0153162,4.7427554,3.8868923,4.934492,4.863289,5.6431723,8.052796,7.220267,5.981795,7.567104,7.4426084,5.3986716,5.3082867,5.1506267,6.3573446,6.5342584,5.924458,6.6566944,7.038942,6.434653,6.5994368,5.938024,7.3727036,6.9824376,6.7909207,5.4387646,6.9001083,7.5693393,5.8659315,5.8468275,5.065324,7.91301,7.362818,6.8031616,6.05578,7.793083,7.490541,5.9105854,5.855917,6.5171165,5.2298503,4.660617,5.9981027,6.199163,6.4144893,7.122419,8.173143,6.0372005,6.685553,6.1764126,4.9820685,5.8338904,6.3122053,7.9598103,6.8496714,6.8267784,7.3908634,8.541493,8.389039,6.5567837,7.756845,6.6652184,7.1890755,7.4882193,7.56812,6.845763,7.306667,6.7775893,6.827393,8.526764,7.8360047,5.8604465,5.364491,6.30696,6.338849,8.306726,5.3829527,6.7677193,7.340478,7.3699417,7.5680437,7.556715,7.1840315,7.898082,7.677777
14,6.4044476,6.408895,7.042948,6.7769847,7.1543026,7.203582,6.682249,5.5983562,6.9614067,6.8901725,6.230488,6.4715195,7.2749033,8.602479,0.0,5.0982337,7.882951,8.366127,9.860111,9.434974,6.7230043,6.740696,9.429581,9.520418,5.9359207,5.2926917,9.476466,9.7083845,6.7348876,8.185238,9.630014,9.8013115,7.4557667,8.393098,6.6119413,8.414441,7.4682035,7.408379,7.3957453,6.97281,7.7221413,7.6452093,8.394289,7.845603,7.2571487,7.9703627,7.115103,7.7646866,6.881152,7.534005,7.391335,8.004561,7.6794167,8.056022,6.89892,6.360233,8.336734,7.5417066,8.9616785,8.312078,6.744843,5.597545,5.616731,6.4051104,8.608223,8.453637,7.3176746,7.4237,6.464247,6.7364454,7.2334733,7.2885575,6.560752,7.7381973,7.2353706,8.135191,8.500592,8.565262,8.856756,8.160988,8.003909,8.398046,7.755809,8.083752,8.6864195,7.1679077,8.123375,6.9888277,8.097996,9.688816,10.579502,9.750959,7.8865714,8.171673,7.466534,7.5636625,9.2865925,8.816889,8.676827,8.447227,7.844716,7.674036,8.070641,7.7753882,8.382916,7.6730385,7.8626256,7.748067,8.856613,8.129333,9.075968,9.178955,8.3852825,8.312546,8.847336,7.779142,8.031053,8.036965,9.729807,9.832098,8.925254,9.217659,9.594552,9.821786,7.8402977,8.0686655,9.101583,9.53763
15,5.2833815,5.2674522,6.5131044,6.326535,6.499078,7.3873253,6.827413,6.202035,5.9245324,5.7275395,4.707025,4.9956408,5.823639,7.610941,5.0982337,0.0,6.3864164,6.2149706,8.615076,8.083255,6.374426,6.2136226,8.557784,7.7650447,6.1892023,5.85123,7.660364,9.156003,5.659726,6.102568,8.370379,8.11142,6.1673756,7.1611032,5.3639345,7.0321984,6.964012,6.1777644,6.9824224,6.6564198,6.5569754,6.7634783,6.700993,6.00555,6.4460864,6.9265027,6.1912227,6.4169846,4.678545,5.1901584,5.8331137,6.763255,7.884737,6.884694,5.623445,4.996052,7.871588,7.2197876,8.77362,8.190706,5.887596,5.7861905,5.1634054,5.4468856,7.5188794,7.3450933,5.2790513,5.1452785,7.86786,8.048309,7.7577415,7.35613,5.9642572,7.5968747,7.8737063,8.240625,7.8060637,7.9243827,7.0938125,7.123941,7.23865,6.912463,6.5324783,6.89654,7.969442,6.010457,6.403884,5.748272,7.221005,8.430159,9.338465,8.427178,6.5952244,7.104741,6.079351,6.539466,7.476823,7.821283,7.8825636,7.660357,6.7522016,6.7088275,6.71506,6.7030725,7.5051107,7.144019,6.9137707,6.5640883,8.0614195,7.095581,7.823176,8.043075,8.301118,8.257618,7.6887116,6.4345627,8.33067,7.296282,8.890106,7.3255963,8.046002,8.280015,8.166619,8.219838,6.020423,6.142268,6.6835766,7.634808
16,5.9377236,5.990603,8.27588,7.963045,7.98329,8.074988,7.5772295,7.543267,7.789075,7.546915,5.86387,5.8001323,6.7548704,8.001247,7.882951,6.3864164,0.0,2.212967,6.0759664,5.0838394,6.425839,6.069849,5.7048182,5.5068836,6.5864334,8.26805,5.6440244,7.728582,6.384855,7.013484,6.863947,6.8443766,6.900161,7.3325024,7.40938,7.6445656,7.3769403,6.9453683,9.056697,8.521029,7.14423,7.739251,7.177679,6.6304603,8.064208,7.1916275,7.2017183,7.5596285,6.69015,6.876447,7.074863,8.12325,8.236823,7.997078,5.893927,6.322854,9.674353,9.414448,10.551617,10.176504,8.65127,8.029013,6.954814,6.0676975,9.332881,9.730905,7.9820714,7.3522944,7.5374084,8.879519,9.444647,8.490325,7.0230827,7.955225,8.958848,9.527529,9.2434635,9.465739,9.42378,8.86534,7.8160443,7.3497677,6.9864836,7.243122,8.49462,6.797788,7.7068305,6.8972425,8.860339,7.402457,7.7247124,6.638451,7.9792876,8.372163,7.6533213,7.423415,9.836561,9.5714855,8.267458,9.092203,8.651122,8.668671,8.217188,8.753108,9.414813,8.693945,8.676622,8.916663,9.759986,8.941832,9.924696,10.000665,9.520896,9.826215,8.800551,7.439516,9.183649,8.554449,10.776315,9.080409,9.129282,9.454369,9.7253475,9.845986,8.945149,8.911268,9.462494,9.826092
17,6.391026,6.4471307,8.00576,7.679108,7.894463,8.020113,7.5031705,7.4573994,7.6137857,7.3361993,5.8647914,5.9485927,6.835088,7.966968,8.366127,6.2149706,2.212967,0.0,6.441517,5.55974,6.8154798,6.4098077,6.087807,5.780043,6.743206,8.398202,5.72272,7.873685,6.266107,7.2862024,7.105261,6.649568,6.9674625,7.4682593,7.2464423,7.5687323,7.842071,7.397211,9.331669,8.814337,7.196624,7.795692,7.398471,6.7324395,8.069471,7.2440734,7.495758,7.7826476,6.6605997,6.890125,7.2113647,8.211999,8.47972,8.159169,5.9322762,6.404458,9.950576,9.738666,10.887942,10.504796,8.934732,8.356564,7.289495,6.452415,9.028372,9.405732,7.6285653,6.884709,7.983918,8.869665,9.6973095,8.114202,7.1890235,8.023296,9.232698,9.692948,9.143366,9.28433,9.0355015,8.589261,7.696884,7.103292,6.6892753,7.0019207,8.110783,6.494487,7.4798427,6.6319714,8.61608,7.0430007,7.4390984,6.276457,7.782825,8.111315,7.4449167,7.0890794,9.794668,9.605549,8.353898,9.170556,8.494392,8.559392,7.7977233,8.510092,9.302215,8.73408,8.649065,8.893611,9.737504,8.887724,9.860758,9.956285,9.284921,9.63039,8.756363,7.7156615,9.458449,8.874978,10.609735,8.904969,9.461418,9.805059,9.440675,9.709721,8.676144,8.646605,9.082714,9.684081
18,6.020572,6.0180454,8.329266,8.4457245,8.017829,6.9561224,7.732106,8.429091,7.0027633,6.8749485,6.307013,5.40798,5.139323,5.278144,9.860111,8.615076,6.0759664,6.441517,0.0,2.8369162,6.1390285,6.6506557,3.8280659,5.0504384,5.758048,7.656415,4.528211,6.0907288,6.1552496,6.221964,5.1594977,5.158608,6.956303,6.2941065,7.9695477,6.7014246,7.656473,7.2215104,8.027337,8.652843,6.8667426,7.289169,7.600002,5.5614285,7.5589423,6.50424,6.965384,6.804531,7.689143,8.133812,8.637217,8.056277,9.338919,9.159623,7.1330276,7.4941483,8.573997,9.484454,9.589565,8.721626,9.369399,9.76027,8.777404,8.250562,8.411245,9.422321,8.237706,8.165299,7.322966,8.681523,8.968335,7.8695974,5.8552837,7.1206355,9.301655,8.914722,8.55968,7.9708433,9.005969,8.661605,7.3050985,7.1387544,7.261908,6.8524466,6.608588,6.7808914,7.086269,6.909665,8.012433,7.1894164,6.0378704,6.697621,6.754326,6.093648,7.229065,8.669796,9.789474,8.868054,8.790437,9.235555,10.400485,10.339388,8.655743,9.454309,8.744767,9.021012,9.675361,8.27443,9.087404,9.43184,9.191628,9.1410675,10.088875,9.593457,8.266724,7.147468,8.256131,8.367422,9.887569,7.9554653,8.311959,9.034939,9.264522,9.365928,9.012542,9.043266,8.976022,9.620716
19,4.9045076,4.91972,7.68504,8.183152,7.8278613,6.6146507,7.4481916,7.821861,6.322219,6.1498237,5.8861136,4.6999416,4.8246856,5.4557295,9.434974,8.083255,5.0838394,5.55974,2.8369162,0.0,5.71047,6.245917,2.9673133,4.634575,5.2272606,7.2205305,4.1638904,5.679852,5.683831,5.9405913,4.770285,4.7290196,5.9140463,5.748873,6.974339,5.4910583,6.670773,6.2080936,7.3639565,8.068323,5.7010064,6.068708,6.460563,4.8238764,7.1950755,6.1200213,6.5358458,6.6859813,7.2735834,7.820839,7.780833,7.5642323,8.970873,8.70537,6.616664,7.0322766,7.686221,8.7413845,8.729896,8.367169,9.118784,9.109109,8.071984,7.41385,7.703144,8.830509,7.4078107,7.4087596,6.424944,8.010112,8.496349,7.341864,5.640105,6.123164,8.040781,8.171712,7.766934,8.070781,8.2993,7.9084864,7.0417547,6.797133,7.097653,6.513363,6.088314,5.649582,6.9702387,7.593484,8.032753,7.2510343,5.6255865,6.3991065,6.4925733,6.746565,7.02507,7.5423694,8.659034,7.9721627,7.854134,7.912626,9.280245,9.206908,7.808529,8.679895,7.9206667,8.038987,8.380885,7.743886,8.001801,8.411112,8.211796,8.21246,9.324857,8.79908,7.272916,6.040812,7.2115645,7.336175,9.078525,6.984557,7.8532577,8.157031,8.45805,8.543698,8.351337,8.2972765,8.32446,8.429023
20,5.204878,5.196605,6.772513,5.6481357,5.576435,5.9758487,5.136863,6.0418324,5.971781,5.947503,4.144201,4.2989144,5.230719,4.4151115,6.7230043,6.374426,6.425839,6.8154798,6.1390285,5.71047,0.0,2.599263,5.251611,5.3643985,5.2119875,5.46634,5.5058565,6.5758495,3.477536,3.090917,6.6160407,6.6178517,4.265451,5.24691,4.8451886,5.629867,6.4721823,3.869818,5.8626227,6.829494,4.6842084,5.9400797,5.297186,4.571702,4.253537,3.2058313,3.7799852,3.7211008,4.6480045,6.8285103,5.8302164,4.968939,6.8425164,6.6551466,4.32624,4.2088256,5.538542,4.8444896,6.7524223,6.474835,5.6794643,6.035418,5.2495337,5.4562483,6.493228,7.1189494,7.524152,7.3840814,4.2717276,6.29755,6.3788247,5.4767275,4.7791777,3.7382476,6.7323413,6.7624707,6.742842,6.8438654,7.6479883,7.043693,5.521714,5.7485538,6.271101,5.4004583,5.468042,5.89849,6.8699055,5.99076,6.3878155,7.564425,7.4547834,6.254085,6.1643267,5.948159,4.865001,6.4055543,8.021133,7.035887,5.103296,7.3646617,7.270123,7.1718183,5.852151,6.7588315,7.434852,7.7917023,7.34414,7.7925234,7.3568153,6.2632127,7.349139,7.364756,7.633653,6.574942,6.8443155,6.0891423,5.7062554,6.745188,7.9782043,6.1898904,7.4555745,7.634956,8.018457,8.123094,8.189363,7.0458217,8.312429,7.903932
21,5.990053,5.984091,7.3034034,6.3109345,6.2011743,6.596474,5.8698907,6.692622,6.622866,6.5374174,5.07237,5.1028485,5.9152646,5.020524,6.740696,6.2136226,6.069849,6.4098077,6.6506557,6.245917,2.599263,0.0,5.312215,5.027163,5.4208,5.707705,5.388844,7.012119,4.2601576,3.9353936,6.6032677,6.611511,4.860105,4.8888335,5.47504,6.7735724,6.0111156,4.4767904,6.2938986,6.3462505,5.6747093,6.684945,6.320876,4.5180883,4.8910003,4.016601,4.450581,4.4475155,4.219552,7.6566706,6.7090726,6.599034,7.513125,7.3031,3.0090194,3.751134,6.210372,6.081714,8.234582,8.027687,5.7928534,6.056105,4.9873104,5.528723,7.055593,7.6783547,7.8829226,7.243563,4.698547,7.027881,6.616012,6.3335514,5.437125,4.416673,7.1685853,7.352994,7.2016873,7.2681,7.742877,7.5626216,6.5357594,6.4858937,6.485828,5.985133,6.393932,6.86496,6.93107,6.0421157,7.569576,8.077878,7.8891068,6.8013735,7.2689195,7.0355997,6.2054915,6.5787373,8.586197,7.7134175,6.0609713,8.023353,7.533788,7.539497,5.845089,7.518599,8.2644,8.242503,7.7192965,8.599838,8.084449,7.2487535,8.181168,8.222034,7.070154,6.6817617,7.0552287,6.0380993,6.0721445,6.5693593,8.547199,6.498351,8.235209,8.443367,8.627107,8.808442,7.684901,6.776206,8.908352,8.428161
22,6.516406,6.5038047,7.6827865,7.9774604,7.6674957,6.5540457,7.345796,7.9688597,7.3825006,7.24719,6.7880683,5.900633,5.918069,5.0470643,9.429581,8.557784,5.7048182,6.087807,3.8280659,2.9673133,5.251611,5.312215,0.0,2.9349627,5.258435,7.1845117,2.7037365,4.597933,5.896337,5.8142157,3.7433865,3.7289135,6.1058445,5.0986557,7.506458,6.1607685,6.1091533,6.2698183,7.3522496,7.5762343,6.0053825,6.4338207,6.331612,4.7047877,7.2068486,6.0464525,6.435901,6.503823,7.057623,8.426768,7.9387045,7.8426185,8.970506,8.640776,6.286751,6.7904744,7.8604918,8.7726755,8.867053,8.67309,8.686634,8.935646,7.919055,7.174036,7.0478625,8.265743,7.9499836,7.577093,5.95183,7.780126,7.603351,6.8390923,6.125886,5.2887697,7.757369,7.786225,7.56931,7.7518115,8.402511,8.180297,6.4711475,6.5642066,6.9289927,6.379774,5.820271,6.808396,6.66857,7.388657,8.191656,6.991141,4.9591475,5.7646446,7.229554,7.090548,7.2338915,7.1322203,9.000762,8.014921,8.099888,8.433151,9.529963,9.508177,8.440527,9.373451,8.537551,8.619997,8.696185,8.970783,8.387238,8.794774,8.507714,8.493915,8.311189,8.028849,7.2232475,6.235729,6.7260346,7.3498344,8.525621,7.1345778,7.9478235,8.259806,8.3841505,8.585256,8.861745,8.610581,9.268189,8.78883
23,7.23873,7.201651,7.7029676,7.5219717,7.0910673,7.262587,7.353983,8.049325,8.146992,7.974765,6.922644,6.4995403,6.737394,5.9756317,9.520418,7.7650447,5.5068836,5.780043,5.0504384,4.634575,5.3643985,5.027163,2.9349627,0.0,6.246558,7.934667,1.3412055,4.6606345,6.2489,4.928029,3.4742932,3.4713793,6.1974792,5.270326,7.555809,6.8598123,6.3848677,6.049295,7.721899,7.6291265,6.3933682,7.0456357,6.1440706,5.0417576,7.222579,6.165685,6.118904,6.027324,5.986872,7.5142603,7.308361,7.5132985,9.211139,8.104907,5.8172727,6.1705403,8.390711,8.684272,9.387775,9.200296,7.890657,8.671354,7.495023,6.544219,6.995483,7.765702,7.921829,7.3180003,7.1460943,8.66823,7.285046,7.2487283,6.408985,5.748528,8.060702,8.145751,7.9805217,7.9980974,8.350349,8.519679,6.47963,6.407663,6.6871953,6.362631,6.590022,7.4310083,6.344809,6.8019676,8.085001,6.644104,5.6224976,5.399535,7.537713,7.342572,7.052681,7.183108,8.66038,8.306685,8.200868,8.828909,9.18371,9.224279,8.448788,9.307575,9.088135,9.186087,8.899756,9.429533,8.8258505,8.820842,8.79083,8.84331,8.123855,8.016663,7.559036,6.553387,7.5191092,7.871587,8.300785,6.9072328,8.215869,8.500629,8.477631,8.543687,8.706503,8.083189,8.986644,8.529091
24,4.79676,4.788217,6.273469,6.7859826,6.5535936,4.9947066,6.03056,5.6260395,4.320163,4.1834755,5.281128,4.2208843,4.267582,5.0532274,5.9359207,6.1892023,6.5864334,6.743206,5.758048,5.2272606,5.2119875,5.4208,5.258435,6.246558,0.0,3.1841555,5.9335785,6.3484454,4.203442,6.0702333,5.2123885,5.2548475,5.3969207,4.5525203,4.7283278,4.729294,4.3998446,5.3237057,4.7698407,4.984545,5.129605,4.41874,6.2044015,4.4087133,5.076484,5.5158877,5.0591073,5.662393,5.7034845,6.791968,6.5322123,6.563226,7.28041,7.4480734,5.376932,5.272065,5.90007,7.089138,7.113955,6.508976,6.83242,6.7329507,6.163147,6.1730733,5.361731,6.03793,5.0085053,5.4482536,4.352763,4.4481974,5.4998837,4.351381,3.7239351,4.5031967,5.3839335,5.6332507,5.566651,5.8540454,6.3381276,5.764155,5.3623285,5.4826694,5.0107903,4.855733,4.13538,4.123397,4.941436,5.5454535,5.764239,6.5735364,6.1436286,6.7963247,5.037566,5.256844,5.868759,5.8381224,6.928983,5.900037,7.14588,6.0113964,7.0430913,6.8862534,6.4537544,6.7867184,5.704198,5.721762,6.1513915,5.4326906,5.568753,6.5392146,6.1651073,6.1493874,6.2772326,5.951714,5.297579,4.7303576,5.088054,5.1188855,6.917992,6.7065277,6.152562,6.5475464,6.318543,6.7920523,5.609465,6.082295,6.603875,6.828351
25,5.119837,5.0986505,6.531878,7.0294976,6.854665,5.4612336,6.379402,6.0440865,4.318193,4.3435626,5.5589848,4.618196,4.7862353,5.3226786,5.2926917,5.85123,8.26805,8.398202,7.656415,7.2205305,5.46634,5.707705,7.1845117,7.934667,3.1841555,0.0,7.7231073,8.335028,4.6475983,6.328398,7.582587,7.4372044,5.893482,5.3005505,4.979148,5.413702,5.1439295,5.5412564,4.3773932,4.675505,5.6587377,5.10218,6.2904434,4.636585,5.0882816,5.9780455,5.6824155,5.816039,5.9060187,7.4010816,6.7783537,6.660668,7.2289376,7.5695214,6.0351577,5.4903526,5.0944543,6.3127246,6.3589025,5.7383885,6.1251554,5.990577,5.957786,6.576894,5.510242,6.2050276,5.3996167,5.7220993,4.6504617,4.6317987,5.7993817,4.8351707,4.687756,5.09282,5.9697037,6.173446,5.6149077,5.949076,6.3571973,5.7837195,5.635549,5.8121324,5.820594,5.616379,5.0251713,5.0705886,5.7062,6.2423162,6.4105015,8.502249,8.047373,8.527136,5.737033,5.9083133,6.366943,6.19091,6.706868,5.6691,6.8343406,5.8073573,6.58848,6.5521708,6.55052,6.462302,5.2253923,5.2981873,5.5718307,5.036526,5.5858808,6.0671525,5.5615783,5.6133823,6.1260977,5.729826,5.3253865,4.6544647,4.785113,4.746834,6.8443327,6.4214783,6.0137377,6.3083043,6.268916,6.5980244,5.68826,6.243471,6.4307475,6.5105796
26,6.7998633,6.7506156,7.0507684,7.240121,6.911834,6.8066316,7.2036986,7.7285137,7.767796,7.5719604,6.676372,6.1740675,6.3520837,5.616538,9.476466,7.660364,5.6440244,5.72272,4.528211,4.1638904,5.5058565,5.388844,2.7037365,1.3412055,5.9335785,7.7231073,0.0,4.042547,6.1634583,5.121177,3.146441,2.8972096,5.8958235,5.293936,7.4777355,6.608852,6.4032116,6.2018104,7.419368,7.55001,6.0683517,6.609912,6.329978,4.82837,7.241363,6.2621913,6.168761,6.0789723,6.229429,7.594287,7.6092496,7.6063423,9.433452,8.344691,6.049861,6.4196134,8.352548,8.7890835,9.329166,9.03937,8.154035,8.7720785,7.5420823,6.6400495,6.735618,7.610733,7.434252,7.0052376,7.1647944,8.570647,7.2325478,7.073083,6.139484,5.7692137,7.887288,7.9289775,7.716093,7.562283,7.9527698,8.226873,6.4366803,6.552127,6.8582373,6.4354153,6.33069,7.0224686,6.143308,6.7564363,7.907244,6.5390778,5.105557,5.2972097,7.11007,6.8155985,6.8717294,7.0405912,8.544617,8.354529,8.556041,8.725566,9.368104,9.402486,8.295832,9.196461,8.836496,8.991591,8.94812,9.176171,8.756807,8.95195,8.735299,8.806541,8.415237,8.153683,7.682416,6.505934,7.5859113,8.00265,8.22909,6.8255715,8.348183,8.695938,8.559767,8.648209,8.431855,7.87532,8.620611,8.372675
27,7.514674,7.4550405,5.7085333,6.3074517,5.915729,5.4128394,6.2246966,6.7938385,8.055387,7.9176216,7.620773,7.0987706,7.1162825,7.200302,9.7083845,9.156003,7.728582,7.873685,6.0907288,5.679852,6.5758495,7.012119,4.597933,4.6606345,6.3484454,8.335028,4.042547,0.0,7.733874,6.977564,4.3688016,4.5203586,7.2853255,7.16775,8.425875,7.4103136,7.990045,7.8955913,8.3070755,9.007313,7.239876,7.628395,8.213223,6.9912405,8.437643,7.628171,7.688053,7.9197803,8.062731,8.731763,8.959428,8.709195,10.74892,9.810811,7.9444838,8.202064,9.022126,9.576542,9.802268,9.509297,9.597324,10.145574,9.011618,8.367046,6.9402847,7.9575634,8.421957,8.400838,7.15532,8.495966,6.381276,6.8961835,6.174718,5.723807,7.712589,8.051713,8.769229,8.897132,8.9209,9.05973,7.7746453,8.472303,8.48381,7.759816,6.653752,7.5341516,7.416261,8.2444315,8.532599,7.7951465,6.33145,6.876586,7.204529,7.26456,7.4523892,8.228089,9.517895,9.627704,9.767341,9.657351,10.705201,10.658573,9.126805,10.228438,9.745893,10.107684,10.282941,9.834406,9.35686,10.060264,9.693068,9.745523,8.748715,8.189449,8.785158,8.149889,7.763873,9.610861,7.8142734,8.019591,9.676721,9.885442,9.954314,9.936939,9.281602,8.93206,9.405287,9.490024
28,5.2143188,5.2298403,7.507155,6.7132044,6.7943153,6.750944,6.273395,6.1088524,5.2965746,5.25225,3.9850342,4.0504336,4.8847203,4.5535207,6.7348876,5.659726,6.384855,6.266107,6.1552496,5.683831,3.477536,4.2601576,5.896337,6.2489,4.203442,4.6475983,6.1634583,7.733874,0.0,4.256366,6.3958697,6.037658,4.625856,5.249951,3.1003387,5.162101,5.651769,3.2275763,5.189225,6.064955,4.7644715,4.7855716,5.4570484,4.523417,2.8573415,3.4554582,3.0911374,3.0709434,4.8737087,6.667114,5.8719025,5.266732,6.7080793,6.7517815,4.460482,4.4000306,5.850698,5.6254826,7.050392,6.704493,6.2256646,6.394457,5.6752443,5.7906895,5.9962797,5.8855853,6.159459,6.828228,5.4376698,5.0887027,6.583542,4.8102303,5.0103602,4.7602534,6.0383296,5.5300117,4.7159204,4.923721,5.559166,4.5479846,5.055765,4.9201922,5.3565526,4.5645475,4.842101,4.9004607,6.241227,5.458136,4.6616592,5.951491,6.724133,5.695937,5.384875,5.304105,4.472307,5.820523,6.7523,5.5975404,5.297584,5.871588,5.7155337,5.5461693,5.0824366,5.0062256,5.6509895,6.18581,5.736936,5.98933,5.775314,4.574081,5.8280993,5.740248,7.019729,6.20274,6.0652537,5.904624,5.9452252,5.3930755,7.571478,6.1701603,6.357117,6.5889425,6.4910693,6.673471,6.617315,5.732772,6.8864923,6.8851237
29,5.6626263,5.609592,7.490289,6.5711904,6.1267724,7.0880284,6.493413,7.4351406,6.1850824,6.1271734,4.6214004,4.6376386,5.2583485,4.678896,8.185238,6.102568,7.013484,7.2862024,6.221964,5.9405913,3.090917,3.9353936,5.8142157,4.928029,6.0702333,6.328398,5.121177,6.977564,4.256366,0.0,6.166444,6.16236,4.336096,4.663371,4.876472,5.326929,6.340642,3.4766965,5.5709686,6.6660194,4.8061876,6.032938,4.806333,4.0655327,4.4147625,3.5791242,3.5603423,3.0541074,3.696405,5.995941,5.448428,4.5803747,7.697186,6.5194855,4.5113907,4.117472,5.3122325,4.8220396,6.606155,6.34633,5.08213,6.535052,5.610561,5.595277,6.1562943,6.686508,6.9978886,6.8291316,6.3333573,7.840533,6.879983,6.5195203,4.914778,4.632622,7.509347,7.1069436,6.7574887,6.8814206,7.11615,7.1773667,5.627864,5.464618,6.0982046,5.372034,5.7586036,6.20769,6.0639453,5.834156,6.1467566,7.3855042,7.3778267,6.380039,5.925585,5.821118,4.816682,6.765346,7.1759787,6.6743455,5.642838,7.455841,7.4085164,7.33201,6.1889167,7.0867734,7.5696836,8.236652,7.539048,7.6857705,7.1838756,6.4377007,6.9856286,7.054527,8.267713,7.1620975,6.5576487,5.7231627,6.550719,6.704613,7.8327627,4.8928585,7.247202,7.3436313,7.5079265,7.5201073,7.709406,6.321081,7.4231553,6.9473577
30,7.473171,7.4271145,7.9264903,8.311567,7.8138227,7.3221874,8.074039,7.987044,7.9874253,7.7959957,7.6932235,6.9410553,6.777998,6.340641,9.630014,8.370379,6.863947,7.105261,5.1594977,4.770285,6.6160407,6.6032677,3.7433865,3.4742932,5.2123885,7.582587,3.146441,4.3688016,6.3958697,6.166444,0.0,1.6076163,6.6926084,5.5781965,7.285617,6.719551,5.8140774,6.276336,6.9920945,7.2506905,6.685767,6.212175,7.1220737,5.6725984,7.1761036,6.9864535,6.02371,6.340891,7.0311174,8.126193,8.182268,8.147328,9.982065,8.973543,6.8963456,7.2194247,8.403368,9.272646,9.388734,9.134654,8.788985,9.533804,8.412992,7.6028876,6.5965,6.9504304,7.1187696,7.5375156,7.5167904,7.9280257,6.402787,6.869081,6.119952,5.91492,6.7395163,6.753376,6.9358616,7.0047903,7.355469,7.6859846,6.885456,6.9810815,6.9920583,6.7017984,6.079409,7.111301,6.2690973,7.3965716,7.361858,5.911716,5.162896,6.0083585,7.241532,7.1468906,7.393238,7.704183,7.8602138,7.3916345,9.247576,8.097744,9.316828,9.190968,8.688454,9.141095,8.274851,8.598465,8.659565,8.590546,7.7100825,8.6846895,8.076189,8.045515,7.9896207,7.5523458,7.3261237,6.5754924,7.068024,7.199708,7.4290776,7.342934,7.7293897,8.021917,7.821824,8.0014925,7.6950603,7.2822356,8.31135,7.9384117
31,7.4327087,7.393458,7.5367413,7.9518228,7.5728836,7.0407395,7.810434,7.704796,7.763998,7.5629444,7.438275,6.736422,6.5951123,6.1259446,9.8013115,8.11142,6.8443766,6.649568,5.158608,4.7290196,6.6178517,6.611511,3.7289135,3.4713793,5.2548475,7.4372044,2.8972096,4.5203586,6.037658,6.16236,1.6076163,0.0,6.6762743,5.667113,7.094082,6.5369864,6.105743,6.329533,7.1493735,7.426542,6.627917,6.148528,6.989463,5.4775147,7.1034403,6.933291,6.2123694,6.2956724,7.038036,8.105552,8.19296,8.149152,10.017222,9.007213,6.9268527,7.2634187,8.543346,9.411448,9.524155,9.279536,8.960194,9.667835,8.5578785,7.739707,6.223835,6.581952,6.7877436,7.2135396,7.6978526,7.78688,6.594146,6.4818134,6.1865044,5.8707323,6.8794565,6.7684054,6.5474997,6.621663,6.7282944,7.129014,6.5425816,6.587768,6.7721286,6.4674745,5.662793,6.8264246,6.060106,7.2380905,7.1119533,5.5781116,4.7808156,5.6761613,6.992717,6.8932753,7.163534,7.391523,7.646551,7.241505,9.089808,7.929176,9.022789,8.975265,8.396048,8.791026,7.95394,8.38339,8.39893,8.341137,7.619294,8.404192,7.7888365,7.768562,7.631997,7.2280145,7.2165675,6.592686,7.081349,7.214066,7.076424,6.9742165,7.7316675,8.024049,7.44379,7.660908,7.501282,7.1122527,7.861946,7.64922
32,4.7660294,4.7039495,7.1097445,7.484932,7.5777235,7.4806123,7.551523,7.4973106,5.652199,5.45398,5.3117595,4.9567747,5.8880234,4.321028,7.4557667,6.1673756,6.900161,6.9674625,6.956303,5.9140463,4.265451,4.860105,6.1058445,6.1974792,5.3969207,5.893482,5.8958235,7.2853255,4.625856,4.336096,6.6926084,6.6762743,0.0,4.355249,4.658845,4.800406,5.4960155,4.2804837,4.180115,5.397857,1.7791907,3.4676533,4.91905,3.6448312,4.397922,3.8484132,3.689469,4.4789896,4.142688,6.9093466,5.7548733,4.81827,7.1234136,6.4584384,4.1720653,3.8915713,4.6749477,4.772248,6.115313,6.030465,5.575422,4.8971806,3.8518384,4.0904317,6.0252676,6.9524817,5.8276362,5.7717614,5.267849,6.979805,7.265194,6.0976014,5.7628016,4.882967,6.4425955,7.018489,6.7226567,6.5724397,7.5264816,7.404321,6.1484766,6.1228137,6.5991497,5.4068,5.5970516,4.757526,6.514079,6.659794,7.136268,8.274618,6.7597523,6.358701,6.280064,5.9732237,5.70998,5.045086,6.7827916,7.0235796,6.126085,6.340508,6.81444,6.622541,4.745597,6.251976,6.5416684,6.59499,6.442889,7.65012,6.506452,6.4884744,6.8481,7.081705,8.71135,7.816603,6.1885276,4.923695,6.662153,6.524961,8.443258,5.502228,7.6061177,7.7351975,7.6834455,7.9208455,6.891493,5.5353155,7.0464597,6.2969036
