,0,1,2,3,4,5,6,7,8,9,10,11,12,13,14,15,16,17,18,19,20,21,22,23,24,25,26,27,28,29,30,31,32,33,34,35,36,37,38,39,40,41,42,43,44,45,46,47,48,49,50,51,52,53,54,55,56,57,58,59,60,61,62,63,64,65,66,67,68,69,70,71,72,73,74,75,76,77,78,79,80,81,82,83,84,85,86,87,88,89,90,91,92,93,94,95,96,97,98,99,100,101,102,103,104,105,106,107,108,109,110,111,112,113,114,115,116,117,118,119,120,121,122,123,124,125,126,127
0,0.0,4.5410476,5.0711994,6.045821,5.5366974,5.09698,4.3430743,4.366334,5.752226,5.807082,6.1171665,5.152139,5.683993,4.1398344,5.107845,6.369953,5.809061,6.188903,7.0865865,6.8049955,6.2181077,6.9373326,7.827764,6.0082088,5.906562,6.3939166,5.0143228,5.5464506,5.6712236,6.286483,4.6923037,4.186741,6.069895,6.1832843,6.155133,6.638646,5.553995,5.399745,5.5607862,5.4976964,6.840993,7.232798,7.271962,6.053789,6.785113,5.9916306,5.4699426,6.6586447,6.9997964,6.9742455,7.0001225,6.9736977,7.282047,7.014993,6.217919,6.7140985,6.318837,6.133518,7.238619,6.621356,7.5411587,7.467134,6.9691377,7.235788,6.0992255,6.040446,5.9767385,6.5232873,6.403499,6.304239,6.105432,5.9027605,6.297342,6.707671,5.981829,6.979645,4.52826,5.1563735,5.743975,5.015367,4.5193205,4.4133735,4.9848323,4.55915,5.430553,5.49234,5.418097,5.406613,5.4762774,5.955681,6.51729,7.1624727,5.946072,5.3504143,5.2518644,5.292081,4.7728605,5.1324625,5.4345245,5.1136703,6.377388,6.949732,8.169576,6.6923275,5.885542,5.239804,6.830371,6.762538,7.3136497,8.103433,6.6647844,7.158086,5.798463,6.218495,6.065894,8.025291,7.753975,6.4753366,7.2648773,6.749827,6.7829175,5.3664856,6.6783476,6.1357675,5.836513,6.0481114,6.631275,5.250205
1,4.5410476,0.0,5.3804917,4.2674723,4.068622,2.8061216,4.366469,4.363696,3.0369732,3.4518867,3.8715785,3.5031757,4.4576287,5.1267896,4.8044977,4.990701,4.355034,5.264718,4.888341,5.7221575,4.44238,5.220295,6.178068,4.1926384,3.3459573,4.0785856,3.616831,4.4993854,4.014335,4.317279,3.6256578,3.8441217,4.72574,5.3183618,5.2903504,6.167615,4.5396047,4.556662,4.2245684,3.9488425,6.6478257,5.6597543,6.7419076,5.0577106,7.33601,6.385442,6.574947,7.341756,5.157867,5.3709955,5.157192,6.0556035,6.378136,6.4956255,4.600341,6.0813985,5.0389624,5.103743,6.037053,5.18096,5.6091523,6.0780864,5.3887415,5.919145,5.4531126,6.932526,5.366439,5.02759,6.8920093,6.0616827,4.641027,4.3136926,4.2763915,4.226305,4.072463,6.625534,6.2321777,5.9052906,5.191643,4.7178373,3.8167255,3.9246445,3.2156124,5.6435776,5.2198596,5.0787754,5.2341957,5.2364683,5.8022456,4.434498,5.01542,5.7224517,6.565597,6.118539,5.8774123,5.924155,6.3649664,6.625578,6.98811,6.5693502,6.539047,7.1811624,7.408062,6.7851267,6.9918704,6.539668,7.2399955,6.292,6.5470243,7.0336447,6.3228664,6.7069936,5.632055,6.6092815,5.5095696,7.669716,7.029633,5.679928,5.5877767,6.0036793,6.386582,4.886082,6.186487,5.621566,4.293816,5.277642,6.0189943,5.582541
2,5.0711994,5.3804917,0.0,4.995144,4.227476,5.4505186,4.538581,4.6646543,4.8832326,4.316557,4.525521,4.4119744,4.000343,3.639875,5.74346,6.4940643,5.593355,5.535469,4.582175,3.7732534,5.8495193,4.7674327,5.5835447,4.613268,5.199911,5.2646112,5.6812925,4.8561115,6.143512,4.3667064,5.385791,5.169516,6.786851,6.4527864,6.5392976,6.184485,6.6466885,6.606248,6.092012,6.4433317,6.774995,6.5581226,7.099464,5.757892,6.4647675,6.122732,6.607395,7.3587112,6.2214875,6.3446007,6.242455,6.650044,7.4155655,6.8362,7.2060075,7.297472,7.539623,6.4456434,7.467503,7.743198,6.771554,6.454459,6.4255276,6.6058593,5.856049,6.515851,5.766211,6.5119333,6.4039373,5.8292856,5.5538216,5.251758,6.538975,6.7474413,5.529883,5.9102526,5.050234,5.977853,5.169877,4.296425,5.5137296,5.455928,5.6235805,5.5520306,5.012188,5.2174964,5.072943,4.9908986,4.9007316,5.4510145,5.078996,6.036553,4.8155537,5.030991,5.0927863,5.0854487,4.655753,5.4167075,5.1264343,5.14793,6.530267,6.5121975,6.386978,4.639561,5.17037,5.435194,6.849126,5.3175006,5.943865,5.8252454,4.6051164,4.3445673,5.1785245,4.672783,5.0693507,6.0174813,8.12705,6.772477,5.902053,5.7743597,6.046209,5.5170784,6.2646604,5.65074,6.315194,5.3810344,4.9363174,4.660392
3,6.045821,4.2674723,4.995144,0.0,5.106881,4.9149785,4.88084,5.015978,3.673972,3.3724735,4.135551,3.632898,4.414653,4.622103,4.8896856,5.5997267,4.8062253,5.5947933,5.2516356,5.2484407,4.977524,5.5014763,5.160155,4.4712214,3.8430052,4.1476707,4.3029547,4.3508425,4.3961606,5.1379294,5.72999,5.5292554,6.2093015,6.6831822,7.087091,7.339343,6.384458,6.2556043,5.426352,5.4578867,6.8718076,6.7341256,6.9635134,5.900416,7.540232,6.908364,7.7357554,8.353596,5.267319,5.4887104,5.251771,5.4944434,5.960126,5.949794,5.6633787,6.47389,4.6962605,5.5568304,4.838446,5.033029,6.1775026,6.4758744,5.588935,7.511343,5.609716,7.5079594,5.4467196,5.2633615,7.507085,7.060969,4.775749,4.498512,5.275128,5.2884126,4.739103,5.3714113,5.4945316,5.5091615,4.551443,3.814352,4.654106,4.802065,4.842073,6.633916,4.269438,4.2060337,4.3717923,4.291647,4.9616575,4.530641,4.8273134,5.770636,5.330446,4.879381,4.7273293,4.8790116,6.078514,6.4755373,6.1201777,5.8114767,6.0288773,6.0409255,6.4319277,6.1528034,6.8980126,7.237496,7.555372,6.914938,7.0422626,7.227884,6.790201,7.142366,4.816757,6.024423,4.7105765,6.675542,6.1454067,5.3256903,4.0193887,4.136864,5.833702,5.022035,5.5903153,4.862649,5.133536,5.0141687,4.7020864,5.011875
4,5.5366974,4.068622,4.227476,5.106881,0.0,3.2863624,4.984882,5.045646,3.1594834,3.3105211,3.087035,4.3052297,2.229066,4.349271,5.5277,5.0135293,4.536927,5.3772564,3.5357716,3.723651,4.7947373,3.1664162,5.7249293,3.6123216,4.0404053,4.2842355,5.7186213,5.5086794,5.9085703,3.3165145,5.233459,5.629617,6.43816,6.9761014,7.09819,7.4879394,6.1226215,6.0992346,5.792805,5.5483212,6.3423676,6.6896186,7.2966394,5.335773,7.9737105,7.5657177,7.2592835,8.142347,6.4348407,6.7855043,6.4275928,7.7092247,8.304268,7.9592547,6.8900323,8.082834,7.6608634,7.0164537,7.9299817,7.7452297,6.7517304,6.2255096,6.4973207,6.6058664,6.17881,6.6653624,6.052116,6.44995,7.664555,6.5331726,4.963799,4.556496,4.890442,5.113681,3.3022902,7.316455,5.727929,5.8362565,5.078195,3.999401,4.5571632,4.5506063,4.9432983,5.829762,5.300501,5.5972266,5.2936196,5.318155,5.8412237,4.122848,4.196598,5.5063524,6.2627864,6.585121,6.0895476,6.0855627,5.4492917,6.155453,6.605713,6.6137896,6.9656057,7.6017504,7.112971,6.718516,7.521237,7.1297884,8.132195,6.4814177,6.304006,6.3670645,5.345634,5.180206,5.8106885,5.9811935,5.6351643,7.6590843,7.613873,6.2255816,5.4072356,6.324587,6.766141,5.845004,7.3165703,6.676352,5.376537,4.74849,6.2522297,5.5396395
5,5.09698,2.8061216,5.4505186,4.9149785,3.2863624,0.0,4.116406,4.1465178,2.5579817,3.1791646,3.404383,3.9793072,3.9020321,5.4528456,4.8238072,4.101271,2.8545265,4.0278525,4.8933086,5.176628,4.1281347,4.5913525,5.6590495,3.780888,2.8761928,3.505042,4.9609394,4.7875266,4.648951,4.104905,3.4664805,4.0923567,6.034329,6.53524,6.499639,7.8910723,5.307177,5.2554407,4.8584366,4.6802936,6.159035,6.676212,7.327647,5.8918223,8.625952,7.6660824,7.2631965,8.146499,5.9559975,6.359146,5.9555125,7.3464947,7.7523174,7.56703,5.847801,7.6630626,6.662535,6.1067867,7.1985707,6.8759813,6.4120092,6.67189,6.290586,6.460809,6.61416,7.2817025,6.617956,5.551971,7.6679277,7.053182,5.5602045,5.258322,3.5265355,3.7425294,3.9930973,7.6897078,6.1790204,5.054475,5.2678323,4.9082785,5.0066123,5.0177264,4.942666,6.690673,5.926866,5.721716,5.93035,5.9534903,6.7466407,4.730334,4.8282785,5.956527,7.1988163,7.1169553,6.6701365,6.7066536,6.3026576,6.6531343,6.9049187,6.343649,6.9066215,7.5681705,7.267392,7.3003817,7.5737996,7.7558823,7.9006557,7.031222,6.347869,7.172026,6.2386994,6.5440736,5.989349,7.0427723,6.2585654,8.092646,7.608442,6.4614577,5.4350185,6.500702,6.995899,5.9908814,7.164158,6.8047714,4.0958786,4.4386454,6.492402,5.85349
6,4.3430743,4.366469,4.538581,4.88084,4.984882,4.116406,0.0,0.42195758,3.8539166,4.2357326,4.2942114,4.2815657,4.8858128,4.8190403,4.5107636,5.212797,3.8393457,2.5750294,5.797518,5.8925033,4.8934684,5.806241,6.5043454,4.5587387,4.8297644,5.2178802,3.4710195,3.592438,5.222334,5.691128,2.9875267,2.685188,7.078207,5.8530455,5.7910438,6.7354794,4.8315587,4.7229276,4.4456973,4.346918,5.5983357,5.947055,6.600779,6.366848,6.8900466,5.651734,5.551095,6.5034256,4.6263003,4.819189,4.6486864,5.2925267,5.8376794,5.556078,5.8239503,5.785852,5.8369756,4.985702,6.174485,6.1072288,5.402889,5.932389,4.964051,5.426526,5.4705906,6.1928825,5.522996,4.625412,6.6908894,5.8733406,5.2387443,5.0200953,3.9164872,4.200511,4.719601,6.570341,4.7643604,4.1501226,4.3909287,4.44361,4.8214316,4.7415404,5.009964,5.5189104,4.96822,4.3755913,4.9818287,4.9609356,5.9722524,5.1478467,5.7018194,6.964899,5.458694,5.367085,5.1376877,5.176979,4.897268,5.4440413,6.323009,5.5387526,5.4838247,6.2950177,7.0399566,5.955138,5.5444455,6.0964575,6.4075108,6.783311,5.999436,7.0361567,5.6654186,6.1019073,4.3827467,5.5541916,4.8602095,7.1407046,8.075954,7.0804644,6.659176,6.746222,5.4515986,4.4369426,5.956078,5.6481757,4.0381274,4.4474487,5.111705,3.8452754
7,4.366334,4.363696,4.6646543,5.015978,5.045646,4.1465178,0.42195758,0.0,3.864261,4.2325253,4.2869234,4.294003,4.948019,4.8778105,4.440632,5.1736674,3.9333203,2.7052772,5.8460293,6.0052724,4.9131885,5.8648596,6.580302,4.655073,4.9025025,5.300158,3.538829,3.6412885,5.2104764,5.7490387,3.0235107,2.700311,7.136725,5.9133906,5.790717,6.7586627,4.819758,4.6887097,4.3802075,4.302012,5.48816,5.9030066,6.6284347,6.3096905,6.7996063,5.5612564,5.343008,6.334712,4.606001,4.7859917,4.624715,5.288345,5.7781405,5.522656,5.7551613,5.7072396,5.8651385,4.9103374,6.220365,6.129971,5.3707314,5.849203,5.0039206,5.303122,5.360688,6.0246844,5.43613,4.5476813,6.525347,5.684977,5.1582475,4.957584,3.8646495,4.1063,4.7106647,6.500283,4.818694,4.226499,4.3538513,4.4765434,4.7718487,4.6818438,4.938557,5.3477616,4.9758515,4.382132,4.989454,4.970154,6.020531,5.231046,5.731884,7.000751,5.595943,5.4235077,5.19138,5.228758,4.904025,5.410254,6.3079453,5.5312243,5.330543,6.150683,7.043224,5.8216476,5.589813,6.091527,6.3567615,6.7832885,6.0412626,6.996942,5.7226276,6.221825,4.251422,5.5592675,4.771669,7.079104,7.969227,7.0108223,6.6457825,6.7211637,5.3018413,4.2293143,5.7488637,5.503395,4.063281,4.495339,4.968893,3.7240705
8,5.752226,3.0369732,4.8832326,3.673972,3.1594834,2.5579817,3.8539166,3.864261,0.0,1.8287488,1.5034688,3.0082858,2.9831202,4.73583,4.071037,3.768771,2.6805754,3.8782694,3.7351558,4.487822,3.4811382,4.124559,5.260143,2.979422,2.7910993,3.1980107,4.6785207,4.2873187,4.2554126,3.8126862,4.4264793,4.709195,6.0707674,6.5801334,6.411254,7.393791,5.5588727,5.3992944,5.2849736,5.1016207,6.2811356,6.204318,6.8506117,5.3944826,7.8994784,7.0394144,7.058926,7.576649,4.8176327,5.2823133,4.815696,6.127253,6.5719533,6.2729726,5.4363527,6.9314384,5.7686105,5.143377,5.8858104,5.8911138,5.575524,6.063226,5.454538,5.919458,5.691035,6.867682,5.650775,4.9199953,7.3757033,6.2345767,4.4812965,4.0910234,3.545558,3.4894269,3.5406098,6.841389,5.700184,4.96829,4.233236,3.8974211,4.7103467,4.767904,4.670001,6.047289,4.881432,4.5361543,4.8963003,4.9110093,6.2025595,4.2934513,4.6148515,6.1154995,6.3473253,6.427109,5.717659,5.8081937,5.905569,6.295142,6.933069,6.3729877,5.980736,6.717134,6.2550726,6.2154145,6.832815,7.1231217,7.14927,6.8015933,5.767762,6.306088,5.6813135,5.9443874,4.8994956,6.089886,4.9151382,7.172629,6.693657,5.7307477,4.5225673,5.409323,5.802302,4.9040713,6.2071466,5.858738,4.0804143,3.876419,5.24609,4.7798333
9,5.807082,3.4518867,4.316557,3.3724735,3.3105211,3.1791646,4.2357326,4.2325253,1.8287488,0.0,2.2253253,3.5709503,3.0585923,4.7006183,4.5213623,4.193835,3.5076504,4.5001864,3.9112496,4.061959,4.050118,4.1709027,4.127434,3.4487793,3.3711038,3.7143776,4.9279323,4.623218,4.554077,3.9860394,4.825298,5.021189,6.539525,7.031416,6.8550134,7.3859415,5.8183827,5.6603746,5.052559,5.1520123,6.70786,6.384842,7.028004,5.42844,8.014287,7.074683,6.907443,7.7740035,5.5374894,5.920259,5.53894,6.663775,7.1047454,6.771365,6.03546,7.331087,6.2735476,5.776027,6.5054746,6.1993403,6.1837597,6.37448,6.05201,6.394084,5.895347,7.009778,5.8422313,5.4446635,6.916551,6.3851256,4.8572936,4.4630737,4.0821667,4.0111465,3.7652502,5.665911,5.7690597,5.329992,4.8178325,3.9357083,4.7339344,4.7842684,4.717014,5.8834753,4.9641013,4.680527,5.042646,4.9942627,5.705711,4.8539643,3.544385,5.066239,6.5172086,6.183688,5.657014,5.737938,5.845933,6.593135,6.161583,5.708328,6.386041,6.342199,5.6701007,5.346701,6.8853283,7.038393,7.571991,5.77451,6.392609,6.64519,5.753712,6.0112414,4.952749,6.325056,5.0098634,6.8880005,6.7045493,5.6558356,3.4235861,4.509157,6.138638,4.8921337,5.448557,4.904376,4.404494,4.132193,4.4222507,4.8176928
10,6.1171665,3.8715785,4.525521,4.135551,3.087035,3.404383,4.2942114,4.2869234,1.5034688,2.2253253,0.0,2.8489494,2.2759795,4.261312,3.8259952,3.6067867,3.074816,4.2033663,2.9213064,3.6978595,3.0677018,3.4620235,5.0770354,2.389817,3.038771,3.0491288,5.397198,4.4748573,4.222499,3.3710375,5.0018654,5.224315,6.7508435,7.190421,6.9987016,7.635296,6.1256804,6.1002474,5.8573456,5.6829963,6.277271,6.4876466,7.266593,5.756794,8.0010605,7.251629,7.1835136,7.6589723,5.2230453,5.634523,5.2202296,6.4639215,6.8084826,6.6030073,6.2065988,7.340897,6.5433507,5.3766646,6.346194,6.6975694,5.706994,5.8654785,5.4341354,5.5920177,5.424297,6.4434366,5.3955445,5.2627015,7.393215,5.8943796,4.221192,3.7264674,4.2429533,4.1927624,3.716473,6.848298,5.4575567,5.13387,4.0083175,3.4530706,4.9392853,4.976286,4.882531,5.900397,4.4665627,4.2616816,4.4729357,4.4876432,5.9394717,4.142767,4.472725,6.0666523,6.0524273,6.24912,5.30593,5.383271,5.4439163,5.9458885,6.638989,6.2051497,5.6365876,6.3867464,6.0727363,5.5817842,6.640723,6.987924,6.763064,6.776372,5.3987403,5.729185,4.9266124,5.2827816,4.5407557,5.687558,4.390139,6.8452606,6.4350996,5.766672,4.4664335,5.2437763,5.430595,4.9035797,6.036679,5.993349,4.725568,3.7306097,4.8985586,4.3822236
11,5.152139,3.5031757,4.4119744,3.632898,4.3052297,3.9793072,4.2815657,4.294003,3.0082858,3.5709503,2.8489494,0.0,3.5781078,3.4914525,3.809308,5.0252075,4.051843,4.95304,4.008714,4.591517,4.1199875,4.5925236,5.9545407,3.4949064,2.4687052,2.5873785,4.7218704,3.1414804,3.2123506,3.1098242,4.4634657,4.22603,5.878304,6.3027353,6.3463545,6.6795707,5.916997,5.8652973,5.671452,5.4993196,5.458095,6.6036763,7.3167057,5.753398,6.806856,6.4559293,6.932552,7.043355,4.6858053,4.857333,4.6608844,5.1408415,5.6105976,5.4961963,5.0539074,6.076684,5.347672,4.155521,5.1482115,6.010118,5.421087,5.673536,4.7712445,5.622646,4.341871,5.7286463,4.3569713,4.8851514,6.8402,5.261622,3.6438181,3.259852,5.2470098,5.233002,4.6928988,6.323995,4.922025,5.214334,3.2875044,3.37771,4.673685,4.72681,4.095421,5.6003585,3.7464855,3.834152,3.751725,3.7489023,5.059071,3.9517787,5.480411,6.326305,4.605926,4.897432,4.452895,4.519115,5.017197,4.713164,5.670024,5.3274183,4.7199006,5.6900215,6.7687206,5.380605,6.1991124,6.4775915,6.207942,7.228505,5.640894,5.878254,5.6986165,6.0069113,3.9996583,4.6665645,3.6988823,6.428815,6.064539,5.3709464,5.015524,4.8480377,4.3099046,4.287699,5.7501144,5.445563,5.4427238,4.734702,4.600886,3.8912382
12,5.683993,4.4576287,4.000343,4.414653,2.229066,3.9020321,4.8858128,4.948019,2.9831202,3.0585923,2.2759795,3.5781078,0.0,3.2083478,4.442222,4.0051875,4.1852474,5.109502,3.3253314,3.3117476,3.9369385,3.2395747,5.4963236,3.025744,3.4627748,3.391417,5.803809,4.786316,4.6318192,3.069552,5.5217533,5.726724,6.9727473,7.458717,7.468033,7.6662836,6.30384,6.2352023,6.0197945,5.784957,6.525984,6.917317,7.290258,5.5709925,8.122279,7.4981494,7.3813114,8.311319,6.4000106,6.748531,6.393058,7.42036,7.789911,7.5865345,7.1297054,8.2295475,7.4526157,6.856489,7.381459,7.4071865,6.8640637,6.3921084,6.435945,6.861213,5.9064703,6.654579,5.8560963,6.3983083,7.962666,6.5877757,4.7786307,4.282993,5.061589,5.2594213,3.3844948,6.9638476,4.811626,5.1949205,4.602216,2.7629137,4.573152,4.57191,4.8354273,5.561311,4.1194167,4.2884135,4.106191,4.1411986,5.6096916,4.256866,4.138369,5.555045,5.828794,6.1293383,4.813004,4.86575,4.6655145,5.688993,5.902494,5.9231977,6.245582,6.87396,6.4121556,5.948177,6.7091155,6.7130394,7.4403524,6.7303257,6.1440773,6.1800013,4.6970186,4.950965,4.900491,5.7426333,4.6192346,7.023878,6.5491815,5.7760267,4.826177,5.522258,6.2427864,5.3745294,6.555974,6.3751636,5.3204246,3.8121786,5.4616685,4.5613604
13,4.1398344,5.1267896,3.639875,4.622103,4.349271,5.4528456,4.8190403,4.8778105,4.73583,4.7006183,4.261312,3.4914525,3.2083478,0.0,4.249208,5.5578113,5.424952,6.103651,4.97757,4.624391,5.1540213,5.082278,6.752214,4.4332037,4.7509794,4.750516,5.695637,4.663688,4.659659,4.433482,5.8937345,5.475683,6.923105,7.288643,7.397219,6.9051075,6.5529222,6.4632473,6.4040723,6.2324767,6.440771,7.3143563,7.4921107,5.734718,6.7564135,6.3293114,6.495274,7.3961205,6.622962,6.65982,6.6071763,6.606046,6.988606,6.8027973,7.009778,7.280394,6.805231,6.1751328,6.7613187,6.99356,7.1967483,6.689548,6.4455256,7.1320205,4.920556,5.3873477,4.8097754,6.422881,7.021494,5.7116985,4.632174,4.249343,6.392739,6.6653776,4.9785085,6.1629505,2.9690025,4.8540363,4.2237916,2.320356,4.257017,4.2098055,4.659803,4.315282,2.9076927,3.466508,2.8805153,2.883063,4.389304,4.8160763,5.590568,6.5489254,4.0485306,4.3374577,2.9148426,2.957267,3.0270455,3.9516022,4.352778,4.558438,5.195732,5.9010773,7.0470786,5.034961,5.323199,5.1094904,6.452878,6.9521494,6.564503,6.6259375,5.1811504,5.5505085,4.0031786,4.4473724,3.666182,6.5177674,6.0063868,5.255387,5.6542945,4.954528,5.243646,4.4708357,5.930154,5.577358,6.2203417,4.8605466,4.9643774,3.3784447
14,5.107845,4.8044977,5.74346,4.8896856,5.5277,4.8238072,4.5107636,4.440632,4.071037,4.5213623,3.8259952,3.809308,4.442222,4.249208,0.0,2.9799442,3.890877,4.9981456,5.952696,5.8934345,3.1976771,6.1248765,6.3688664,4.2570033,4.6867504,4.784293,5.8317027,5.176479,3.6014974,5.914675,5.641334,5.5028667,6.8251023,7.294781,7.0808673,8.684611,6.5071907,6.3841677,6.454765,6.3972945,6.4486537,7.454095,7.826736,6.538093,7.8904166,7.3206434,7.1236444,7.458447,5.6834793,5.850646,5.675087,6.210011,5.721282,6.271799,6.0618734,6.956309,5.931569,4.6711755,5.831157,6.576033,6.424552,6.6296945,5.8288555,6.0932083,5.629838,6.029488,5.5619383,5.3917747,6.938427,6.124181,4.8030176,4.450212,5.1803555,5.387593,5.3203287,7.11341,4.6838117,4.3338284,3.812012,3.7841015,5.0705075,5.037255,5.5156097,5.698392,4.361734,4.1801977,4.3496604,4.347585,5.5765824,4.776451,5.5510077,6.959638,6.3663726,5.522581,4.77573,4.919903,5.1970377,5.1143403,6.0770354,5.395955,4.065193,4.8488417,6.984581,5.8785424,6.1866894,6.753016,4.862896,7.322797,5.4859114,6.4656878,5.782381,7.0822515,4.5520997,6.21483,4.6890464,7.124359,5.4323583,5.805359,5.368497,5.362596,5.210814,5.104215,5.2604833,6.1982145,5.1079416,4.2880545,5.332534,4.4376087
15,6.369953,4.990701,6.4940643,5.5997267,5.0135293,4.101271,5.212797,5.1736674,3.768771,4.193835,3.6067867,5.0252075,4.0051875,5.5578113,2.9799442,0.0,3.4197762,4.6575284,5.8188634,5.7326975,2.7360818,5.7594705,5.954425,4.083055,4.508292,4.5794497,6.4917393,5.9223742,4.1664934,5.8362684,5.7562466,6.1629925,7.5603976,8.024937,7.698542,9.504069,6.4009733,6.322478,6.4490924,6.325089,7.2830243,7.541299,7.9111733,6.8027086,9.582547,8.541006,8.102082,8.896575,6.6904106,7.1045933,6.694617,7.973069,7.6012225,8.024898,7.233897,8.710035,7.4461145,6.7990785,7.4651294,7.4582825,7.1587996,7.348715,7.000506,7.063383,7.1974745,7.692419,7.233929,6.297156,8.429701,7.722377,6.0037804,5.6330905,4.3312488,4.591031,4.57747,8.161212,5.911301,4.7688675,5.391138,4.5640087,5.6765103,5.644041,6.040614,6.807357,5.570561,5.147418,5.557637,5.5911956,7.124317,5.494507,4.9131327,6.4950504,8.149909,7.529904,6.2981305,6.42028,6.2191005,6.8646975,7.1764765,6.5518117,6.243434,6.756573,7.014264,7.2239966,7.400096,7.9378266,6.8006353,7.4603696,6.163582,7.212883,5.809091,7.0411315,5.98727,7.8436136,6.095013,8.112244,6.5242715,6.7693005,5.481077,6.550389,7.221882,6.4669967,6.5083137,7.4041157,4.4676013,3.5665026,6.5242057,5.8055196
16,5.809061,4.355034,5.593355,4.8062253,4.536927,2.8545265,3.8393457,3.9333203,2.6805754,3.5076504,3.074816,4.051843,4.1852474,5.424952,3.890877,3.4197762,0.0,2.8798459,4.943065,4.8385115,2.9960911,5.041363,5.2180095,3.0392842,3.5866296,3.7732387,5.639677,5.1024995,4.552507,5.047989,4.396028,4.7378526,6.9796505,7.409069,7.161972,8.574897,6.01961,6.092056,6.1462455,6.0358453,6.6399217,7.130209,7.4747834,6.8194594,9.131571,7.8637652,7.6274776,8.0480995,5.8343735,6.2836375,5.8470855,7.032923,7.3494534,7.054412,6.4673896,7.796031,6.456558,5.515207,6.3625045,6.6896434,6.1889935,7.0723605,6.037182,6.3597007,6.6897774,7.261207,6.7003336,5.1920667,7.811376,7.1993904,5.7322288,5.4202547,3.6534138,3.962806,4.83703,7.8750405,5.492337,3.7145436,4.786136,4.684121,5.933826,5.9405017,6.0930533,7.1359196,5.635796,5.04478,5.6417475,5.6523347,6.9516907,5.1389036,5.4093995,6.944308,7.008819,7.0803003,6.3091664,6.4210043,5.9384494,6.368604,6.982891,5.942963,6.3338737,7.0371685,6.5767655,6.9328628,6.716877,7.6575065,6.906504,7.427932,5.5394297,7.151565,5.778963,6.202448,5.6679454,6.830958,5.9826045,7.90709,7.3933425,6.776813,5.293469,6.148121,6.690291,6.221134,7.0968647,7.0904107,3.8072925,3.3203726,6.2061486,5.3689413
17,6.188903,5.264718,5.535469,5.5947933,5.3772564,4.0278525,2.5750294,2.7052772,3.8782694,4.5001864,4.2033663,4.95304,5.109502,6.103651,4.9981456,4.6575284,2.8798459,0.0,5.8260865,5.749776,4.4423404,5.8119326,6.10578,4.3197246,4.6521945,4.8386626,4.9965935,4.3132896,5.5330553,5.7955694,3.4822094,3.8597147,7.911684,6.8404374,6.6214213,8.154219,5.6250877,5.6267548,5.621579,5.495446,6.176708,6.682362,7.148732,7.4554334,8.716954,7.403768,7.201991,7.7445984,5.1698194,5.650412,5.205016,6.491183,6.9224453,6.583364,6.737236,7.371162,6.987871,6.0402627,6.850293,7.1452723,5.701773,6.629481,5.663703,5.990824,6.8831096,7.584683,7.037986,5.328625,8.100911,7.299982,6.2706985,6.055093,3.6829562,4.013673,5.105369,7.9820166,5.8958945,4.3180113,5.138338,5.3558307,6.3792386,6.319074,6.3915086,7.288673,6.1187162,5.3359914,6.1274385,6.126433,7.43892,5.811573,5.9557676,7.3257203,6.9725657,7.120956,6.6058965,6.6837296,6.021924,6.5454965,7.3604217,6.3880725,6.4943614,7.2476573,6.8972464,7.087545,6.553159,7.6268587,7.030316,7.5236607,5.691542,7.270269,5.7085476,6.084493,5.6764135,6.7600975,6.0920496,8.029671,8.882636,8.196179,6.932202,7.647126,6.687422,6.2140393,7.243814,7.270121,4.054855,3.9710515,6.181104,5.1994476
18,7.0865865,4.888341,4.582175,5.2516356,3.5357716,4.8933086,5.797518,5.8460293,3.7351558,3.9112496,2.9213064,4.008714,3.3253314,4.97757,5.952696,5.8188634,4.943065,5.8260865,0.0,2.658718,4.2184925,2.1905308,5.2983317,2.6002,4.1829777,3.9934912,6.100589,5.6749644,5.6429925,3.0310028,5.9370584,6.1313896,7.330375,7.796382,7.723848,6.9610515,6.7555156,7.1742525,6.3613405,6.224915,6.87284,6.208875,7.214288,6.219895,8.2053175,7.3221273,7.396541,7.8381395,6.470386,6.8168736,6.4669495,7.497528,8.117905,7.6153717,7.257114,7.8657823,7.5035725,6.6267276,7.2519193,7.486751,5.861704,5.629188,5.611936,5.829232,5.34862,6.598832,5.278345,5.862802,7.69726,5.98642,4.4988604,4.060826,5.7078476,5.6038585,4.400916,7.177586,6.2852945,6.59245,5.2105627,4.3599644,5.485232,5.5750976,5.205472,6.338898,5.0259485,5.1156507,5.0338116,5.0369105,6.0915194,4.4643927,5.087392,6.2299604,6.0409446,6.678378,5.849367,5.9331565,5.854762,6.659311,7.182458,7.0466757,6.8647356,7.5556936,6.2896075,5.918342,7.148562,7.1874433,7.7824693,6.882167,6.131038,5.8947563,4.7868495,4.4656825,5.368246,5.6195455,4.947256,6.8126493,7.362955,6.286136,5.5031176,6.0057573,6.2152677,5.693774,6.9451537,6.5984597,5.819611,4.8023744,5.6675916,5.285867
19,6.8049955,5.7221575,3.7732534,5.2484407,3.723651,5.176628,5.8925033,6.0052724,4.487822,4.061959,3.6978595,4.591517,3.3117476,4.624391,5.8934345,5.7326975,4.8385115,5.749776,2.658718,0.0,4.3930864,3.0609424,3.8915794,2.886755,4.673519,4.39554,6.76668,6.0911946,6.043884,3.6732333,6.2007537,6.403871,7.642575,8.091836,8.080621,7.6686153,7.025948,7.4373164,6.859392,6.955261,6.8333583,6.9040174,7.478398,6.5846543,8.551299,7.7492824,7.784145,8.214328,7.095428,7.4235096,7.096185,8.045338,8.642004,8.173769,7.996642,8.546848,8.179604,7.2646213,7.789212,8.204979,6.5919943,6.3682,6.411657,6.693387,6.017121,6.6103826,5.9742417,6.439707,7.3647194,6.659538,5.1948447,4.8479795,5.9993067,6.1918077,4.7558856,6.660661,5.4827504,5.8110175,5.2373967,4.0909266,5.888481,5.9022794,5.9853,6.610153,5.0600595,5.2559214,5.1173882,5.0611,5.4673157,4.8929567,4.201976,5.3104525,6.0384316,6.3708744,5.912032,5.98426,5.030768,6.042288,5.781697,5.621752,6.9589653,6.960691,5.981996,5.619542,6.905656,7.1457424,7.684045,6.03591,5.9456563,6.263356,4.550182,4.151419,5.808159,5.611604,5.4286575,6.7623787,7.664666,6.7451606,4.888855,5.5547094,6.771951,6.494947,6.966442,6.602497,5.866209,4.2630424,5.5224614,5.4343657
20,6.2181077,4.44238,5.8495193,4.977524,4.7947373,4.1281347,4.8934684,4.9131885,3.4811382,4.050118,3.0677018,4.1199875,3.9369385,5.1540213,3.1976771,2.7360818,2.9960911,4.4423404,4.2184925,4.3930864,0.0,4.5037436,5.0034256,2.134864,3.9963837,3.937903,5.6944833,5.60749,3.845786,5.0613365,5.242005,5.536015,7.0614963,7.50409,7.3094864,8.363008,6.000095,6.446588,6.011217,5.831392,6.645106,6.4231477,7.195651,6.652838,8.880106,7.615581,7.405783,7.8824735,6.0010304,6.3680425,6.0039864,7.108005,6.945003,7.261887,6.6686573,7.509227,6.4743752,5.721314,6.306613,6.6340175,5.5210943,5.9412837,5.3124537,5.669322,5.679176,6.5891266,5.67332,4.8703995,7.4776416,6.5289593,4.6352625,4.2632756,4.1056466,4.2611284,4.235682,7.4468937,5.3963933,4.5225697,4.491149,3.9412463,5.070864,5.114377,5.274573,6.47404,4.632899,4.2694426,4.6290793,4.639506,6.0858274,4.213329,4.714023,6.182532,6.952364,6.5272546,5.548347,5.706867,5.572903,6.2026906,6.847475,6.130636,5.555182,6.2536263,6.4159675,6.441448,6.680839,7.213493,5.955505,6.8796306,5.1951747,6.4051237,4.784112,5.8697715,5.177286,6.6210237,5.1036096,7.3346486,6.1862307,6.1449466,5.1872354,5.903937,6.2310033,5.781891,6.084715,6.766628,3.9107916,3.0830057,5.830707,5.114035
21,6.9373326,5.220295,4.7674327,5.5014763,3.1664162,4.5913525,5.806241,5.8648596,4.124559,4.1709027,3.4620235,4.5925236,3.2395747,5.082278,6.1248765,5.7594705,5.041363,5.8119326,2.1905308,3.0609424,4.5037436,0.0,5.3526764,2.9429324,4.2448163,4.099006,6.2685394,5.8735495,5.9936237,3.301532,5.954489,6.202063,7.861556,8.260532,8.440064,7.9781733,7.432441,7.7975616,6.1446095,5.88173,6.6159954,6.9446464,7.641916,6.767862,8.842222,8.084729,7.297513,8.323964,7.1561255,7.527559,7.1488123,8.291069,8.847438,8.318848,7.6538424,8.430819,8.115964,7.3882976,8.036316,8.2604,6.561193,5.541164,6.258514,6.464411,5.9517617,6.819987,5.863819,6.411251,8.053767,6.531366,5.070969,4.7026677,5.6810737,5.669919,4.3738494,7.615818,6.3749785,6.5642257,5.4538074,4.5486593,5.485526,5.561086,5.678802,6.7666554,5.46868,5.743726,5.472656,5.485973,6.2919793,4.2939606,4.9344354,6.208164,6.349046,6.856281,6.0937076,6.1719117,5.9239507,6.8377047,6.9321785,7.0092535,7.023276,7.6861033,6.2670193,6.2589564,7.758915,7.7886643,8.243684,7.1229725,6.429067,5.9962153,4.7442436,4.788128,5.3171163,5.936517,5.449168,7.5202546,7.355568,6.1909885,5.5681076,6.3227563,6.547386,6.000921,7.3058047,6.984538,6.148095,5.061618,5.9580774,5.5083413
22,7.827764,6.178068,5.5835447,5.160155,5.7249293,5.6590495,6.5043454,6.580302,5.260143,4.127434,5.0770354,5.9545407,5.4963236,6.752214,6.3688664,5.954425,5.2180095,6.10578,5.2983317,3.8915794,5.0034256,5.3526764,0.0,4.5180573,5.6129594,5.571087,7.0955286,7.0376606,6.5028577,5.956111,6.674412,6.9689913,8.362933,8.720646,8.760773,9.188444,7.6314397,8.033039,6.8446455,7.2080708,7.788704,7.672254,8.545087,7.778032,9.845248,8.856207,8.693482,9.280554,7.436545,7.738923,7.4439955,8.49265,8.804261,8.804037,8.274021,8.842038,8.224518,7.525714,8.10377,8.326082,7.0041375,7.2105594,7.0575657,7.3980093,7.2084327,8.019461,7.1700277,6.6240716,7.218055,7.8763084,6.3511953,6.1136203,5.8463874,5.9324584,5.814082,5.8366494,7.0570145,6.441142,6.3358912,5.728492,6.7739644,6.815806,6.904515,8.170374,6.5309854,6.4645853,6.6726923,6.542707,5.987757,6.052461,3.4289837,4.4388275,7.849026,7.024185,7.3661523,7.4286613,6.9609704,7.7614746,6.271312,5.692706,7.6984687,6.5434628,6.2282224,6.038767,8.240076,8.633897,8.338719,5.34961,6.9356275,7.6592045,6.397051,6.6578555,6.85112,7.5738473,6.792324,7.7340775,8.07929,7.4503093,3.7303114,5.180627,7.7519774,7.3702235,6.422734,6.1658955,5.782521,5.303733,5.4156275,6.7942386
23,6.0082088,4.1926384,4.613268,4.4712214,3.6123216,3.780888,4.5587387,4.655073,2.979422,3.4487793,2.389817,3.4949064,3.025744,4.4332037,4.2570033,4.083055,3.0392842,4.3197246,2.6002,2.886755,2.134864,2.9429324,4.5180573,0.0,3.465272,3.346203,5.4026923,5.1604934,4.4221945,3.7787507,4.942759,5.1915274,6.8704777,7.2508206,7.2794538,7.5426702,6.091821,6.587883,5.852715,5.6264687,6.351194,6.0981116,7.1273212,6.221331,8.377121,7.1810374,7.1709976,7.7877026,5.83751,6.165551,5.84135,6.902279,7.255037,7.2390037,6.8215966,7.321696,6.6888313,5.7455716,6.478659,6.826863,5.278252,5.4870653,5.0908318,5.529283,5.1486173,6.221982,5.098517,4.8313775,7.214251,5.965027,4.1660576,3.7614307,4.2168493,4.348671,3.8240688,6.980245,5.0196857,4.599598,4.2083807,3.4193537,4.7874875,4.8507943,4.9297266,6.3236957,4.2151327,4.1075883,4.221931,4.22525,5.5916576,3.6620755,4.490911,5.955787,5.855269,6.0530257,5.1814046,5.2615495,4.995907,5.8283453,6.4025245,5.867707,5.847004,6.5806313,6.268767,5.8560796,6.2623467,6.6912365,6.4387493,6.4633756,5.004192,5.862475,4.04482,4.4676747,4.7469068,5.5502095,4.576046,6.9435296,6.5430374,5.784879,4.858962,5.493932,5.8466315,5.4222674,6.4209094,6.404999,4.2677712,3.2954593,5.4020042,4.6301055
24,5.906562,3.3459573,5.199911,3.8430052,4.0404053,2.8761928,4.8297644,4.9025025,2.7910993,3.3711038,3.038771,2.4687052,3.4627748,4.7509794,4.6867504,4.508292,3.5866296,4.6521945,4.1829777,4.673519,3.9963837,4.2448163,5.6129594,3.465272,0.0,0.9205403,4.9886966,3.4559472,3.1317835,2.6986692,4.164956,4.4365783,6.1281185,6.6760974,6.7653065,7.4836698,5.933441,5.888786,5.363098,5.1267185,6.0765123,6.8386154,7.279086,6.1179013,8.397486,7.649491,7.8058023,8.359351,5.60333,6.018454,5.5909305,6.6483383,7.0500894,6.8591876,5.642847,7.500907,6.2004747,5.9332676,6.190362,6.4779973,6.154024,6.3534226,5.860702,6.8207817,6.028656,7.4461436,6.1231956,5.630648,8.196968,7.0190144,5.0508733,4.7319727,4.739568,4.749476,4.332278,7.354308,5.969484,5.4961834,4.745765,4.2586923,5.252859,5.328409,4.637875,6.87215,4.982867,4.8408914,4.9891806,5.015396,6.422457,4.513699,5.1989408,5.9482145,6.332296,6.5493445,5.7536445,5.8501368,6.099284,6.2774906,6.4263744,6.1115274,6.370496,7.1099973,6.675095,6.805101,7.2598023,7.683384,7.610826,7.5601144,6.283465,6.6216574,6.000809,6.3052735,5.2954493,6.36783,5.290181,7.406963,6.765757,6.016578,5.074616,5.807863,6.251314,5.683959,6.8331914,6.5961375,5.074228,4.455236,5.823794,5.305777
25,6.3939166,4.0785856,5.2646112,4.1476707,4.2842355,3.505042,5.2178802,5.300158,3.1980107,3.7143776,3.0491288,2.5873785,3.391417,4.750516,4.784293,4.5794497,3.7732387,4.8386626,3.9934912,4.39554,3.937903,4.099006,5.571087,3.346203,0.9205403,0.0,5.560919,3.6802557,3.2015414,2.5572557,4.6720257,4.9204545,6.7397203,7.246769,7.325666,7.8573923,6.4064584,6.4359794,5.910162,5.673591,6.2577314,7.230966,7.67308,6.614258,8.763498,8.037471,8.20838,8.6913595,5.9697075,6.377639,5.957912,6.980214,7.349152,7.186457,6.2769246,7.9562807,6.7285957,6.230903,6.4917707,7.0124187,6.3994865,6.5265408,5.9716554,6.9112844,6.1722045,7.534749,6.27881,5.970147,8.539628,7.217598,5.212797,4.849368,5.193729,5.2106194,4.6553974,7.5840144,6.017466,5.6595573,4.8487077,4.2701426,5.6940613,5.7651496,5.0675316,7.1691613,4.970242,4.8564057,4.9724617,4.9989104,6.517576,4.629475,5.3253655,6.081802,6.299827,6.657161,5.7020116,5.7972274,6.081304,6.3126545,6.4504952,6.1713405,6.437455,7.1733365,6.6991224,6.778957,7.3684974,7.921714,7.654199,7.8462105,6.2873964,6.607818,5.867973,6.164159,5.368607,6.4031634,5.2793407,7.4238567,6.83405,6.3097925,5.1748953,5.883275,6.31354,6.0046973,7.034038,6.9405737,5.4983525,4.472291,5.889808,5.3588924
26,5.0143228,3.616831,5.6812925,4.3029547,5.7186213,4.9609394,3.4710195,3.538829,4.6785207,4.9279323,5.397198,4.7218704,5.803809,5.695637,5.8317027,6.4917393,5.639677,4.9965935,6.100589,6.76668,5.6944833,6.2685394,7.0955286,5.4026923,4.9886966,5.560919,0.0,3.8104794,5.178802,5.978424,3.571795,3.2442799,6.290882,4.9569607,5.2708864,5.37198,4.1150885,4.21746,3.0113924,2.6194258,6.1948504,4.992429,5.6619034,6.117651,6.4908786,5.2237606,5.7639956,6.7450314,4.6502194,4.7952523,4.653791,4.9091134,5.415581,5.346018,4.77328,4.740929,4.2907934,5.553392,5.3928156,4.373737,5.0021863,5.443087,4.306424,6.1090174,5.1260643,7.079511,5.1009164,4.581969,7.24375,6.4356604,5.016444,4.851125,4.679833,4.6883097,4.5749416,6.150647,6.1001477,6.081858,5.343073,5.0603323,3.947993,4.03412,3.6592176,5.6530213,5.125845,4.709724,5.156566,5.1252174,5.7147365,4.9097056,5.8628454,6.4186983,5.7142467,5.174442,5.2871284,5.412286,6.224119,6.7177625,7.2201686,6.838413,6.3682094,7.063315,7.4883566,7.0238276,6.8343678,6.565547,7.5708914,6.9843965,7.4311295,7.847782,6.90427,7.307197,5.135606,6.3258715,5.20817,7.418044,8.090088,6.902789,7.1150126,7.0775185,6.120949,4.388853,5.906015,5.2378187,4.375427,5.6917224,5.7243156,5.0953636
27,5.5464506,4.4993854,4.8561115,4.3508425,5.5086794,4.7875266,3.592438,3.6412885,4.2873187,4.623218,4.4748573,3.1414804,4.786316,4.663688,5.176479,5.9223742,5.1024995,4.3132896,5.6749644,6.0911946,5.60749,5.8735495,7.0376606,5.1604934,3.4559472,3.6802557,3.8104794,0.0,3.9452353,4.344751,3.5506961,3.1751978,7.040353,5.9299173,6.025228,6.37284,5.4697547,5.1377935,4.8279924,4.6201086,5.5934777,6.599648,6.969685,6.652941,6.9686217,6.3568654,6.8738484,7.448559,4.677414,4.919028,4.675137,5.0720572,5.622657,5.338095,5.484841,6.282587,5.9002404,5.611542,5.8769913,6.2216806,5.8944983,6.1242495,5.2200947,6.4772205,5.570806,7.160621,5.787956,5.665394,8.021001,6.578357,5.349896,5.108543,5.485651,5.504576,5.1862645,6.7435365,5.6536207,5.8157663,4.705977,4.5709057,5.429406,5.422812,4.5999727,6.178158,4.7809663,4.378699,4.7912326,4.787263,6.2593703,5.4089785,6.208895,6.752962,5.2158766,5.4890013,4.928553,5.0036983,5.6229715,5.7257676,6.2199006,5.963644,5.781855,6.625403,7.1103063,6.272889,6.4250655,6.9159646,7.2316604,7.8208437,6.809685,7.0081463,6.361649,6.6807566,4.538928,5.674281,4.589772,7.006117,7.8534403,7.16891,6.779484,6.7529535,5.380764,4.740711,6.229534,5.95485,5.684813,5.3409023,5.109584,4.253641
28,5.6712236,4.014335,6.143512,4.3961606,5.9085703,4.648951,5.222334,5.2104764,4.2554126,4.554077,4.222499,3.2123506,4.6318192,4.659659,3.6014974,4.1664934,4.552507,5.5330553,5.6429925,6.043884,3.845786,5.9936237,6.5028577,4.4221945,3.1317835,3.2015414,5.178802,3.9452353,0.0,4.798351,4.9468904,4.809702,6.929367,7.3365593,7.1915255,7.716912,5.8661695,5.8900223,5.5674286,5.372432,7.030833,7.192588,7.740959,6.6977315,8.535513,7.349958,7.631199,8.40527,6.2512875,6.4346347,6.2412496,6.6249256,6.391363,6.872928,6.1568594,7.4022994,5.8291526,5.719717,5.9671087,5.911605,6.7325244,7.061428,6.066967,7.023698,5.829096,7.322433,5.945376,5.7482867,8.147406,7.045372,5.333629,4.9551725,5.47765,5.466096,5.291112,7.005799,5.5775714,5.448143,5.2219467,4.2417746,5.1329436,5.203621,4.3748603,6.3241587,4.3148828,3.8552718,4.3158383,4.3321347,6.249324,5.4064913,5.8230824,6.455964,6.624856,6.1314645,4.655252,4.8009105,5.914562,6.340139,6.225753,5.77353,5.823494,6.4508696,7.200731,6.441231,6.660063,7.112051,6.7579265,7.8390684,7.0432167,7.5509453,6.3851643,7.3517637,4.9609857,7.036449,4.8534226,7.2993717,5.7604275,5.911022,5.575355,5.5556083,6.185045,5.2332306,5.6643806,6.21533,5.2215075,4.731605,5.6125402,4.9291964
29,6.286483,4.317279,4.3667064,5.1379294,3.3165145,4.104905,5.691128,5.7490387,3.8126862,3.9860394,3.3710375,3.1098242,3.069552,4.433482,5.914675,5.8362684,5.047989,5.7955694,3.0310028,3.6732333,5.0613365,3.301532,5.956111,3.7787507,2.6986692,2.5572557,5.978424,4.344751,4.798351,0.0,5.030804,5.262023,6.696119,7.176093,7.1876216,6.8862534,6.5885777,6.6384916,6.2210593,5.9669857,6.406464,7.072526,7.6622553,6.2179766,8.156214,7.740711,7.7142487,8.178733,6.4222193,6.7700276,6.412433,7.4221735,8.080826,7.553927,6.6791945,8.111545,7.602721,6.8249054,7.475415,7.74407,6.6353927,6.317886,6.3501625,6.690094,5.961708,7.0761404,6.0384665,6.73143,8.175254,6.5438943,5.1484904,4.7725363,6.064429,6.06774,4.6811132,7.4348826,6.2545404,6.6393123,5.3047495,4.506952,5.6527452,5.6947775,4.900066,6.4631257,5.2761536,5.477414,5.2736616,5.294969,6.302097,4.8796296,5.352386,5.8992167,6.0261574,6.724938,5.9973607,6.032388,5.8273153,6.1708107,6.372656,6.46658,7.0054564,7.6848173,6.7927566,6.367709,7.403182,7.3111353,8.075285,7.208658,6.4251413,6.2008495,5.4298797,5.1147165,5.7053475,5.7749324,5.367205,7.492713,7.633386,6.515475,5.7594805,6.285782,6.4496055,5.9652033,7.4124894,6.8585577,6.4129186,5.342824,5.996179,5.4822164
30,4.6923037,3.6256578,5.385791,5.72999,5.233459,3.4664805,2.9875267,3.0235107,4.4264793,4.825298,5.0018654,4.4634657,5.5217533,5.8937345,5.641334,5.7562466,4.396028,3.4822094,5.9370584,6.2007537,5.242005,5.954489,6.674412,4.942759,4.164956,4.6720257,3.571795,3.5506961,4.9468904,5.030804,0.0,1.2584622,6.6628304,5.370668,5.2449656,6.323523,4.0472493,4.2043953,3.9126883,3.707017,5.6878657,5.8774285,6.784242,6.746012,7.6664696,6.3825808,6.2335763,7.0228357,5.2509065,5.5124884,5.2711153,6.2479663,6.757802,6.567038,5.5919814,6.369484,6.362343,5.827749,6.9517446,6.5464745,5.509367,6.1730814,5.274675,5.572754,6.108973,7.050262,6.2943206,5.250636,7.334318,6.616816,5.8612356,5.6711373,4.265328,4.4678936,4.9655027,7.3305683,6.1990423,5.469652,5.5784826,5.581702,5.337295,5.2885017,4.6262712,6.3602424,6.0249887,5.5370393,6.0346613,6.026789,6.7198935,5.544728,5.876041,6.3961387,6.6437225,6.505689,6.4450583,6.4702578,6.027738,6.3379745,6.817711,6.1445665,6.7782345,7.4756765,7.691742,7.1143537,6.799217,6.962707,7.4015703,6.9299517,6.5465727,7.615451,6.2589917,6.5177383,5.877153,6.6783752,6.0924544,8.026648,8.972569,7.8586574,7.336098,7.7338457,6.7130885,5.638473,6.9269905,6.5618443,4.345008,5.204719,6.316793,5.451287
31,4.186741,3.8441217,5.169516,5.5292554,5.629617,4.0923567,2.685188,2.700311,4.709195,5.021189,5.224315,4.22603,5.726724,5.475683,5.5028667,6.1629925,4.7378526,3.8597147,6.1313896,6.403871,5.536015,6.202063,6.9689913,5.1915274,4.4365783,4.9204545,3.2442799,3.1751978,4.809702,5.262023,1.2584622,0.0,6.7564707,5.455419,5.3526826,5.914617,4.264899,4.3600774,3.8724709,3.7398238,5.615028,5.9747963,6.747021,6.7395654,7.09579,5.761254,5.661701,6.518115,5.235128,5.375205,5.2496157,5.755595,6.324052,6.0065765,5.4102044,5.820129,5.8815656,5.3563275,6.5028195,6.1542144,5.589778,6.175588,5.1129313,5.5975113,5.625452,6.5965447,5.79868,5.069612,6.941331,6.195575,5.6975555,5.521517,4.7797356,4.94131,5.3641014,6.870231,5.751772,5.363145,5.366513,5.395859,5.1819625,5.1358895,4.476596,5.892519,5.6344914,5.1350694,5.647882,5.628328,6.343639,5.6510515,6.24101,6.754751,5.9795165,5.8381176,5.805916,5.843386,5.639861,5.910247,6.3782315,5.7072167,6.3328967,7.0603685,7.6106586,6.592719,6.2801332,6.4843,7.120761,7.0711064,6.77994,7.6881757,6.4012923,6.697974,5.296414,6.205423,5.6171,7.6418734,8.659751,7.5437393,7.3475003,7.3530693,6.156568,5.0171113,6.4587684,6.011561,4.6987224,5.424236,5.840757,4.857017
