,0,1,2,3,4,5,6,7,8,9,10,11,12,13,14,15,16,17,18,19,20,21,22,23,24,25,26,27,28,29,30,31,32,33,34,35,36,37,38,39,40,41,42,43,44,45,46,47,48,49,50,51,52,53,54,55,56,57,58,59,60,61,62,63,64,65,66,67,68,69,70,71,72,73,74,75,76,77,78,79,80,81,82,83,84,85,86,87,88,89,90,91,92,93,94,95,96,97,98,99,100,101,102,103,104,105,106,107,108,109,110,111,112,113,114,115,116,117,118,119,120,121,122,123,124,125,126,127
0,0.0,0.56996554,3.4610884,4.0984316,7.3917456,5.7493343,5.4121714,5.7460737,4.1485987,7.0487475,5.1435394,5.1531796,5.081534,5.7637076,5.288159,5.519051,7.89076,5.151158,6.444026,5.473751,5.904414,5.8802676,5.869297,5.50456,5.15033,5.2165923,5.6672993,4.530856,4.8577776,4.853224,4.1282544,4.720626,5.051158,3.4631324,6.0162063,4.1934905,6.234306,6.2651553,7.2557373,6.368082,5.0043755,4.2111573,5.0693374,5.1610913,6.8988442,5.707578,6.802734,6.3605723,8.03835,7.3407297,7.6538835,7.8060503,6.8442407,5.8689218,7.61262,7.992095,6.0113354,5.5086756,5.8698664,6.3285537,6.796687,5.260636,6.664296,6.8986406,3.8406928,3.576319,4.914175,5.447633,3.9422488,4.8002276,4.538977,5.02974,5.3607855,5.1849413,5.9119053,4.752034,5.5529056,5.4970074,8.632842,5.347953,4.804238,3.5912638,4.2222023,5.516655,5.435366,5.5245743,5.53901,5.5136313,5.7903314,4.664482,4.3162065,5.790164,4.208734,4.506616,4.8024435,4.486376,6.344224,6.3587513,6.576142,7.6991544,6.6498737,6.2105207,5.7183814,4.6175747,7.489373,7.2959538,6.9995036,6.819443,6.3440948,6.1032796,6.9225693,5.1798368,4.9641933,5.895675,4.3877974,4.7292995,4.05101,4.496516,6.9199276,6.7539697,7.4042115,7.6814237,7.057117,6.060024,8.4416895,5.305566,5.1664505,4.6877413
1,0.56996554,0.0,3.5400715,4.252123,7.469961,5.83598,5.500639,5.8358665,4.2887034,7.0882916,5.2167144,5.192102,5.285414,5.851149,5.3170314,5.518932,8.17718,5.4083495,6.4395156,5.515598,5.979774,5.96968,6.1609306,5.7575116,5.121751,5.310604,5.8250375,4.816333,5.0886774,5.0845847,4.3639956,4.9158907,5.1077013,3.704888,6.2495427,4.2757263,6.240891,6.2616835,7.2427235,6.356472,5.142627,4.2965264,5.2204633,5.314403,6.807778,5.6293626,6.7754483,6.395241,8.033904,7.3135953,7.6363792,7.7899833,6.906361,5.953862,7.739187,8.144529,5.936569,5.478317,5.7889967,6.2685423,6.79579,5.249215,6.5813785,6.8466883,3.7310631,3.4917724,4.8998184,5.4059944,3.9996467,4.781835,4.555088,4.902699,5.4495897,5.2322865,5.8554063,4.7561917,5.623741,5.629465,8.76297,5.327292,4.9271283,3.8087463,4.348852,5.6653247,5.5914226,5.6610456,5.66982,5.644894,5.8989935,4.862528,4.4940352,5.8765845,4.128122,4.4333086,4.7858634,4.4864573,6.49772,6.514542,6.73709,7.9269176,6.7010927,6.2632866,5.840639,4.7553797,7.5936794,7.3554115,7.0845647,6.8656635,6.4620466,6.232441,7.079434,5.395977,5.056191,6.166827,4.3710265,4.8434625,4.1810336,4.5869045,7.0443206,6.8544,7.4098554,7.638791,7.0873594,6.046345,8.413904,5.2558494,5.081043,4.614538
2,3.4610884,3.5400715,0.0,4.323854,7.402255,5.734521,5.506641,5.8383665,3.9479034,6.903456,4.995207,4.961356,5.1281695,5.453327,5.5374804,6.454975,8.101606,6.487025,7.6105566,5.869517,7.087033,7.314856,6.3206286,5.8646073,5.2331204,5.4273887,5.4053297,4.9530606,5.166314,5.164563,4.413035,4.982809,6.229378,4.257228,7.1611385,5.1475344,8.127418,8.164873,8.845136,6.6639404,5.025012,5.142249,5.2749224,5.309722,7.3135858,6.640414,6.673514,6.8264956,8.272826,8.364564,8.659496,8.360636,7.123774,6.0039306,8.857839,9.066797,7.1523566,6.6961527,7.042957,6.782262,7.1454334,5.935965,7.1445994,7.3031406,5.937664,5.6833806,6.1578484,6.369728,4.075068,4.733258,5.1848764,4.6756415,6.0460825,5.9286566,7.678493,5.492461,6.9327445,6.021158,9.45469,6.783182,5.9086704,4.454436,5.4521422,6.0333247,5.6479607,6.654714,6.649509,6.6264434,6.2228255,5.3945436,5.3485,6.380432,5.8089433,5.300248,5.107784,4.6444955,5.8464103,6.794429,7.0686984,8.178565,7.1299706,6.737676,6.7023773,6.004887,9.041434,8.856214,7.4243717,7.375754,7.5142727,6.669544,6.688838,4.9140644,3.8130786,6.0839744,5.76148,6.11942,4.1373224,4.512431,7.4467554,7.2541494,7.914752,8.044975,7.53582,6.408312,8.826994,6.868055,6.8053513,5.6271806
3,4.0984316,4.252123,4.323854,0.0,6.569686,5.944807,5.8752475,5.959185,5.6397204,8.017067,6.785464,6.835307,6.3227324,6.4110794,6.499589,6.560383,6.705963,6.09881,7.3684254,6.509906,6.4097466,5.855835,5.6313663,5.294685,5.7236257,5.6484694,6.1271796,4.905021,5.247878,5.2428827,4.9777255,5.2169285,5.6044836,4.252597,6.7512417,5.8380895,7.0028763,7.05244,8.0707655,5.0353923,6.47679,5.898857,6.3408628,6.3903317,7.3560824,6.3999166,7.288992,7.2210875,7.429587,7.0297003,7.2461834,7.4036202,7.310367,5.648126,7.0341663,7.231444,6.8636923,6.475224,6.762195,7.2038555,7.429171,6.778134,6.6027737,7.54639,5.298845,5.252619,4.1163726,4.4042506,5.2481284,5.3265967,6.1527843,6.3623605,6.868396,6.7929153,7.802403,6.1423707,6.390879,6.190609,10.107065,7.858869,6.117633,5.509137,5.9651647,5.488147,5.473585,5.515991,5.527445,5.4975286,6.9136014,5.175973,4.6019526,6.337538,6.072162,5.482991,5.872473,5.314852,6.154935,6.1712804,8.389234,8.396736,6.69422,6.21328,5.87183,6.341851,7.869861,7.535342,7.6506476,6.759249,5.919603,5.292676,4.714868,5.358084,6.030186,7.194546,5.1547217,5.307826,5.7528377,5.469208,7.5073156,7.873133,8.325993,8.997703,8.425741,7.4890466,9.28962,6.8861656,6.066356,6.4699707
4,7.3917456,7.469961,7.402255,6.569686,0.0,4.6693625,4.578852,4.5389814,6.8657293,7.1973944,6.108708,6.210265,5.665378,5.3950367,7.119962,6.5376863,4.7430325,6.959098,8.151858,5.990297,9.007328,7.62707,7.496988,7.1142936,7.140715,6.9800777,7.3087125,6.3472185,6.8346148,6.8382807,6.447229,6.3935356,5.6388006,6.236352,8.462618,6.1324706,6.9941964,6.995044,8.059798,4.0548544,6.7923284,6.278004,6.0162597,5.7867074,6.441152,5.6801543,5.856309,7.733225,5.468242,6.3250875,5.838842,5.422616,5.378457,4.547679,4.6363363,4.5400095,5.360977,5.7470016,5.0676455,4.80577,5.1118703,6.388225,6.1896086,6.279026,6.161445,6.277713,5.1943054,4.742304,5.1030445,4.887171,5.7623873,6.640993,6.206769,6.184039,7.3590493,5.9862146,6.593659,5.521378,9.272453,7.5235825,6.6266923,6.400011,6.5096087,5.9677,5.7781825,6.613801,6.6902137,6.664199,7.080068,5.5478716,6.060405,7.04138,5.663087,5.900202,5.744091,5.492422,6.02671,6.361231,7.9782147,7.505316,6.9764442,6.5171156,5.945339,6.4276886,6.900105,6.1491227,5.880723,4.3671527,5.305236,4.79504,5.34633,6.982591,6.5144544,7.085699,5.4938974,5.454818,6.757534,5.6395516,6.8897476,6.690641,8.122485,8.539509,6.520648,6.437998,7.961796,6.6197143,6.897846,6.8635354
5,5.7493343,5.83598,5.734521,5.944807,4.6693625,0.0,1.2930768,1.1042854,6.2966056,6.6653714,5.4836464,5.5686917,5.395779,5.207205,6.6907635,6.9476824,5.817308,7.119359,7.3261766,4.6753573,7.639847,6.285485,5.8052416,5.2928963,5.0233245,4.8536897,5.7541347,4.655056,5.2458644,5.2550244,4.72962,4.6325126,6.657398,5.3130484,8.392856,5.7354593,7.7296367,7.7509007,8.383523,4.878168,5.30897,4.9838057,5.1333375,5.1865826,7.264508,6.433205,6.5880723,6.691697,5.8579607,5.415985,5.845347,5.5377526,3.0151527,2.6444328,5.50309,5.5209002,5.733711,5.233897,6.0152225,5.8142962,6.1380396,4.7631836,6.714267,5.679485,5.388154,5.161414,4.39318,5.148602,4.6191115,4.793604,5.6711464,5.5479336,5.564361,5.526872,7.410877,5.3395414,6.9407086,5.815141,7.5629983,6.314703,4.7773285,4.1495533,4.5230784,3.4823997,3.0422995,4.6678543,4.7528467,4.702301,7.589634,5.4577537,5.212303,6.0985813,4.955635,5.1960034,4.7307014,4.9512925,4.338604,4.991708,6.743551,6.220354,5.418514,4.885885,6.634596,5.2486973,6.3256965,6.129203,4.0621195,4.900212,5.7992644,5.348499,5.974517,5.8288555,4.138768,5.1093893,4.653866,4.7006307,4.8171153,4.2225056,5.714958,5.802692,7.8896775,8.312175,6.5583,6.303568,7.687621,6.672633,6.711647,6.092679
6,5.4121714,5.500639,5.506641,5.8752475,4.578852,1.2930768,0.0,0.6520022,5.820249,6.0472407,4.7632666,4.8678107,4.6969066,4.6955748,6.0439725,6.044826,5.96804,7.107121,7.0353465,4.473394,7.635329,6.213802,6.0666547,5.6132045,5.374539,5.204474,5.9819517,5.021375,5.5469084,5.55456,4.9329877,5.0038366,6.3520875,4.9258504,8.106777,5.41737,7.451235,7.4587064,7.789895,4.87799,5.183297,4.729132,4.924154,4.767293,6.9108477,6.1294627,6.2718954,6.48254,5.697373,5.4758716,5.8145175,5.395898,3.4279509,3.2549047,5.569043,5.5412335,5.3868957,4.9239173,5.2742248,5.026894,5.7260413,4.276539,6.372912,5.168764,5.00912,4.858783,4.378628,4.873298,3.927485,4.2732043,5.046019,5.0751204,4.912261,4.898784,6.698115,4.595371,6.3967586,5.3788147,7.2990026,5.7230086,4.1837955,3.5693944,3.8013353,3.4533052,3.1677587,4.588369,4.689664,4.6220746,6.83358,5.49143,5.0633874,5.9849234,4.5572386,4.863028,4.619954,4.7010474,4.2127423,4.6104145,6.220213,5.9835525,5.238204,4.702916,5.9546895,4.657323,6.0659084,5.78816,3.7831452,4.835986,5.4880567,5.07999,5.8293843,5.2822456,3.6711462,4.714331,4.451575,4.482557,4.158718,3.5325975,5.1788445,5.162098,7.3193116,7.7929707,5.833955,5.750212,7.3521795,5.860299,6.0657425,5.3282614
7,5.7460737,5.8358665,5.8383665,5.959185,4.5389814,1.1042854,0.6520022,0.0,6.1141696,6.3222365,5.120346,5.218586,5.0567346,4.819895,6.189118,6.319852,5.8596926,7.3347735,7.2913413,4.8292403,7.722549,6.1744294,5.982676,5.52472,5.334479,5.157764,6.061533,4.98546,5.5110927,5.519522,5.020695,4.9588423,6.639976,5.2543573,8.363395,5.7247944,7.6741157,7.6844306,8.003324,4.7921786,5.502871,5.0863323,5.2621946,5.126715,7.199449,6.465025,6.5894494,6.781022,5.5713606,5.3376904,5.716197,5.2734394,3.1657376,2.998897,5.4269953,5.400913,5.6816096,5.238586,5.5920043,5.3562126,6.008711,4.673863,6.6422205,5.4812756,5.3182673,5.1619344,4.295808,4.7993236,4.315274,4.483081,5.3474813,5.380334,5.2258687,5.2120595,6.9403944,4.932442,6.6461725,5.5534425,7.2419605,5.995924,4.6027503,4.0488997,4.3215995,3.3655505,3.0559208,4.52041,4.62574,4.559179,7.0842443,5.6272645,5.244514,6.128448,4.8785634,5.099749,4.8150525,4.879713,4.044876,4.4557085,6.453673,5.8800864,5.089854,4.5398545,6.221904,4.918948,5.935297,5.674901,3.6628327,5.0030184,5.422915,5.015162,5.709014,5.526441,4.061528,4.9242096,4.668044,4.6923995,4.5266867,3.7789392,5.368909,5.439741,7.519473,7.984538,6.086929,5.9384193,7.5257015,6.119439,6.226945,5.6237116
8,4.1485987,4.2887034,3.9479034,5.6397204,6.8657293,6.2966056,5.820249,6.1141696,0.0,5.6061263,2.6262507,2.6588337,2.7087185,3.0572083,3.0917678,4.397752,7.1699843,5.559187,7.222171,5.473599,6.510874,6.625833,6.6063004,6.075647,6.3558426,6.399481,6.18461,4.9753695,5.369168,5.370506,4.875396,5.281112,5.3305793,4.3977294,5.933336,5.094312,7.383284,7.446436,7.7602053,6.8081136,5.742454,5.380476,5.27678,5.0582833,7.3173323,6.5617404,6.8213005,7.099807,8.377082,8.301529,8.504984,8.079216,6.830897,5.949636,8.101181,8.425045,6.756756,6.2465563,6.025673,5.5921645,6.3581195,6.157859,7.3544455,7.081702,5.6386228,5.3523793,6.2714033,5.6308756,3.1060343,3.897028,3.078523,3.5325332,4.8070364,4.7064276,6.583425,4.345842,5.5353947,4.433449,9.071361,5.6533136,5.8303046,4.633557,5.790084,6.1417694,5.8634405,6.6846366,6.742648,6.6911316,4.1959,4.7389393,5.9434295,6.808897,5.0393662,5.050019,5.7016497,5.070261,5.1908064,5.806864,4.708415,6.0800242,6.2565227,5.8641763,5.2554812,4.5704737,7.698342,7.408856,6.298025,6.7246704,5.8090897,5.13736,6.445023,4.6748195,4.45333,5.3205347,5.476199,5.688642,3.6112077,3.836636,7.156059,6.858526,7.162849,7.3438087,6.8115244,5.2174897,8.540131,5.530319,5.617507,4.6775084
9,7.0487475,7.0882916,6.903456,8.017067,7.1973944,6.6653714,6.0472407,6.3222365,5.6061263,0.0,4.7269697,4.767184,4.9183364,5.228187,5.8769193,5.8186893,8.316896,7.4906216,8.243968,6.4873104,7.99471,6.9262576,9.087798,8.58475,8.180778,8.205382,8.49222,7.713851,8.160536,8.164037,7.4167085,7.7138553,7.0293193,6.4000072,8.020705,7.062583,8.640638,8.801017,5.6883044,7.6732597,6.4084015,6.882889,5.696846,5.216883,8.049098,7.3259945,7.552998,7.973505,8.400654,8.360844,8.631567,8.099253,7.2562523,7.0419097,8.477908,8.536673,7.1457295,6.736649,6.320766,5.771067,5.531741,6.4387836,7.691065,6.7212667,6.7830815,6.760652,7.2634954,6.7209015,5.260576,5.828106,5.592883,5.6070876,6.253178,6.227314,7.6556334,5.683408,7.2511406,6.52829,9.65905,6.921591,6.251932,5.8953195,6.2719984,6.9714355,6.9460297,7.730864,7.8240266,7.737003,6.661662,7.298582,7.5741343,6.0824313,6.1784286,6.2949724,7.085405,6.900277,6.6618147,6.9004383,6.0514703,7.0941763,5.4251533,5.8422694,6.625215,5.996298,8.197216,7.9275074,6.5472207,6.89861,6.949343,6.494529,7.711185,6.2129884,5.877065,6.978017,6.922329,7.0914936,5.6260133,5.5394607,7.6395535,7.435014,8.369756,8.597364,7.416502,6.881292,8.865872,6.719741,7.209032,6.5003157
10,5.1435394,5.2167144,4.995207,6.785464,6.108708,5.4836464,4.7632666,5.120346,2.6262507,4.7269697,0.0,0.4157824,1.8783851,2.3958387,3.8929067,3.6256168,6.9710917,6.3288155,6.5061984,4.7853947,6.981295,6.5249104,7.361912,6.7280526,7.05162,7.121595,6.808406,5.844803,6.3328547,6.337415,5.7410283,6.088927,5.8138976,4.7462273,6.9935822,5.13517,7.43263,7.4726477,7.3576446,6.561074,5.8240027,4.989157,5.207357,4.8034678,6.861589,6.1350436,6.360309,6.7315326,8.221578,8.049559,8.257464,7.7810926,5.902898,5.5484686,7.7492366,7.8995123,6.147354,5.6366725,5.2542768,4.6636057,5.856542,5.127289,7.1604514,6.473478,5.467937,5.2069845,6.2891803,5.741915,2.7655141,3.5272105,2.96412,3.2411416,4.5044694,4.3469763,5.905997,4.0692253,5.2714453,4.464364,8.062888,4.5673995,5.1454797,4.2836986,4.9582424,5.690813,5.534611,6.4045787,6.49402,6.422358,4.0443335,4.9523153,6.4659834,6.9561944,4.714496,5.069386,5.1972823,4.7326436,5.0843005,5.4476733,4.1202407,5.6454887,5.9029417,5.5000954,5.0277505,4.1822906,6.8830523,6.507483,5.255362,6.196278,5.706115,5.135835,6.629855,4.623593,3.7869053,5.1300793,5.418438,5.6512346,3.151183,3.2040503,6.5211782,5.9632874,6.952536,7.0516086,5.8937373,4.8023767,7.8573866,4.8401294,5.486177,4.2981453
11,5.1531796,5.192102,4.961356,6.835307,6.210265,5.5686917,4.8678107,5.218586,2.6588337,4.767184,0.4157824,0.0,2.2413013,2.4664223,3.9029484,3.6614835,7.1879706,6.448537,6.5771337,4.8670645,7.021423,6.5703106,7.518621,6.876033,7.0171776,7.171682,6.8797364,5.9321337,6.353799,6.3583145,5.817337,6.1359167,5.898191,4.8310466,7.076679,5.2053323,7.5327907,7.5682654,7.396962,6.588694,5.865515,5.0407343,5.260524,4.863393,6.88288,6.176268,6.4091387,6.781091,8.260718,8.089986,8.34168,7.8623157,5.952884,5.605576,7.926184,8.097186,6.1994896,5.6931696,5.3115435,4.7229095,5.9197206,5.1858435,7.215512,6.5343847,5.473953,5.2118955,6.2990565,5.746762,2.8249412,3.506003,2.9843636,3.1998982,4.631768,4.4152646,5.940674,4.1362867,5.326523,4.519847,8.116739,4.5848737,5.2455196,4.397084,5.063523,5.801411,5.632763,6.497783,6.579822,6.5111504,4.0806847,5.030702,6.560962,6.9954104,4.763954,5.101762,5.213339,4.7449603,5.164371,5.5699177,4.1573715,5.7668953,5.9343004,5.5339704,5.1876383,4.3102746,6.9616237,6.600121,5.3444304,6.300629,5.847951,5.2698874,6.754012,4.7818685,3.835019,5.39802,5.4687853,5.8031244,3.207306,3.2611368,6.645296,6.093045,7.002424,7.0045166,5.915825,4.795278,7.849613,4.864287,5.520123,4.3216567
12,5.081534,5.285414,5.1281695,6.3227324,5.665378,5.395779,4.6969066,5.0567346,2.7087185,4.9183364,1.8783851,2.2413013,0.0,2.843613,4.0156093,3.958636,6.1610994,5.6875386,6.6038036,4.7719603,7.129869,6.600496,6.918575,6.31781,7.1398883,6.879941,6.607847,5.359607,6.2692943,6.2719994,5.371091,5.839477,5.2385645,4.4896803,6.284635,5.1438856,7.0066624,7.069651,7.3005743,6.473317,5.95593,5.1714506,5.2680593,4.882738,6.742889,5.72547,6.0163584,6.6173773,7.9667954,7.8978944,7.916894,7.452155,6.095653,5.4898562,6.928257,7.018825,6.033451,5.52854,5.064496,4.4733534,5.6118655,5.369082,6.826459,6.2435613,5.482531,5.3083997,6.2333484,5.6805873,3.0010784,3.9604518,3.2831204,3.7055638,4.5462713,4.6414094,6.3033786,4.096737,5.273995,4.3797956,8.635005,5.288451,4.992267,3.9611232,4.787775,5.6190586,5.475117,6.3638506,6.4657283,6.3951206,4.1900153,4.665013,6.100967,7.017439,4.6481495,5.0276346,5.4319243,4.972635,5.012146,5.433331,4.3707595,5.451248,6.22848,5.8212786,4.5743566,4.11689,7.0374007,6.6105347,5.4470677,5.7684536,5.291277,4.711196,6.232852,4.5250874,4.1757975,4.420667,5.327478,5.1363645,3.5982518,3.5700502,6.2881284,5.87625,6.9533257,7.4931035,6.319297,5.234546,8.020274,5.129666,5.564094,4.5848627
13,5.7637076,5.851149,5.453327,6.4110794,5.3950367,5.207205,4.6955748,4.819895,3.0572083,5.228187,2.3958387,2.4664223,2.843613,0.0,3.480887,4.1159377,5.8105044,6.322562,6.933303,4.8896384,6.6870017,6.3634214,6.39159,5.7581897,6.431707,6.462204,6.2204022,5.4279933,5.6038666,5.6118665,5.2807856,5.368728,5.633662,4.9015527,7.139842,5.073893,7.1541305,7.202451,7.4004855,5.3947754,5.8328147,5.234557,5.5225224,5.214621,6.840568,6.6932592,6.536076,6.975047,7.144576,6.9848766,7.148399,6.517782,4.9801483,4.9192953,6.7758346,7.0151596,5.959669,5.5352626,5.21821,4.602527,5.4412327,5.5219903,6.823291,6.2013903,5.6838174,5.4551806,5.509354,4.729406,3.2567406,3.4258196,3.2876382,3.8825684,4.409823,4.3030524,6.054459,3.806957,5.1548133,3.6648526,8.324563,5.5768867,6.0812564,5.2227764,6.060457,4.9317803,4.6704984,5.724572,5.823251,5.750635,4.2773514,4.749846,6.0427847,6.555204,5.1324177,5.008958,5.3073373,4.764069,4.1699157,4.362767,4.6089063,4.9485726,4.9949007,4.5104823,4.7797318,4.441236,6.202915,5.738209,4.45797,5.5700235,4.404373,3.6461368,5.3375907,4.626295,4.1264806,4.9240932,4.9362526,5.1274033,3.4611373,2.7020748,6.294598,6.0428376,6.927889,7.087027,6.025277,4.628155,7.8689938,5.036147,5.102042,4.3815637
14,5.288159,5.3170314,5.5374804,6.499589,7.119962,6.6907635,6.0439725,6.189118,3.0917678,5.8769193,3.8929067,3.9029484,4.0156093,3.480887,0.0,4.37573,8.097789,7.3533335,8.606649,7.021756,7.819932,7.3380675,7.448171,7.0184336,6.2642307,6.3147197,7.1899414,5.9990907,6.3818045,6.3852057,5.700794,5.8547134,6.2501936,5.789947,7.119996,6.1356897,7.9952455,8.025348,7.768033,7.12079,6.9300084,6.7153735,6.5371976,6.1075907,8.005024,7.4186344,7.583246,8.221765,7.4415836,7.825357,8.008304,7.2242646,7.058564,6.4018717,8.045367,8.437325,7.36032,7.1017437,6.0184956,5.3949146,6.749545,6.908573,7.673101,7.017429,6.3870444,6.3339453,6.448646,5.2490525,3.9895523,4.384566,3.602421,4.12839,4.990053,5.021396,6.378635,4.351748,6.565109,5.111334,8.937971,6.0321,6.671416,5.6725626,6.718853,6.5025463,6.2462173,7.0117044,7.0968623,7.028231,4.6183586,6.392658,6.5146556,7.3592277,5.2462106,5.0695114,6.442163,5.7144036,4.843912,5.3837376,5.4472694,5.9977255,5.8655105,5.511141,5.956385,4.746522,7.5894938,7.2758613,5.9950476,7.3416824,5.6853547,5.1930833,6.671898,5.5865827,5.5984983,5.652908,6.200221,6.3921537,4.707174,4.3250422,7.4352446,7.231476,7.0930185,7.2117977,6.726959,4.8879766,8.777284,5.1780696,5.2164984,4.480415
15,5.519051,5.518932,6.454975,6.560383,6.5376863,6.9476824,6.044826,6.319852,4.397752,5.8186893,3.6256168,3.6614835,3.958636,4.1159377,4.37573,0.0,7.3180504,6.724574,6.1425705,6.169537,6.85473,6.1226907,8.280433,7.6866474,8.226652,8.281358,8.1413,7.451195,7.8553433,7.857112,7.216528,7.549333,5.8650804,4.7871404,7.684912,5.6100645,6.462936,6.4862638,5.829363,6.357001,7.2489557,5.6220045,6.6459484,6.112754,6.5192847,5.9620852,6.9182987,7.006955,8.61015,8.005024,8.190963,7.981048,7.318061,6.778438,7.7243757,7.8726883,6.2636375,5.883923,4.6866016,4.8959155,6.4525094,5.8629713,7.007895,6.9747667,5.004848,5.049995,5.8677964,4.7820086,3.771981,3.789036,3.443542,4.589638,5.1379857,4.979582,4.4691176,4.1955786,4.0962815,4.744089,8.573499,4.701766,5.696204,5.6908417,5.505833,6.1814704,6.4554396,6.2245865,6.343862,6.256859,3.0327783,5.598089,6.837882,7.458651,4.8417206,5.2137065,5.970882,5.0654297,6.22463,5.337123,6.3158064,7.3306937,5.8650436,5.4367137,3.6559649,4.074815,5.91165,5.357638,6.160216,6.6548824,4.707929,4.5701466,5.8964567,4.672294,5.6072187,6.468759,5.452514,5.689046,4.6203036,4.414999,6.8594465,6.504102,6.860357,7.074096,6.165146,5.037235,8.2847395,2.71655,3.3969076,3.6767373
16,7.89076,8.17718,8.101606,6.705963,4.7430325,5.817308,5.96804,5.8596926,7.1699843,8.316896,6.9710917,7.1879706,6.1610994,5.8105044,8.097789,7.3180504,0.0,5.7843714,7.6307826,6.0241694,7.4281964,6.875546,5.9115505,5.5263977,8.126945,7.5577946,6.7486196,6.1944447,6.516645,6.5228424,6.4512534,6.39005,6.5683722,5.717215,8.382833,6.528408,7.010797,7.113372,8.424103,5.1652226,7.011671,6.2139826,6.699447,6.751568,7.611254,7.59042,7.552173,7.391159,7.9151387,7.000774,7.029897,7.098802,5.6170454,5.2559776,5.1059422,4.9912944,6.7969546,6.2753744,7.0958266,7.2543817,6.7651353,7.2059155,7.7219133,7.6993346,6.9023423,6.720598,5.739986,5.803185,6.3297553,6.1402006,6.6972194,7.894282,6.7708087,6.860008,8.185808,6.6565223,5.961669,5.236558,9.597785,8.248296,7.261307,7.0753207,7.316019,5.138073,5.098935,5.569281,5.6680565,5.657855,7.278125,4.9034863,6.435615,7.3783135,7.05663,7.179745,6.9702053,6.6415124,6.041276,5.5114417,8.113127,7.0500665,6.604578,6.1131353,5.4635515,6.279177,5.7935305,5.5906897,5.8333282,4.943142,4.259861,3.9195335,4.3424854,6.190719,6.7132926,6.211578,5.6453595,5.002206,6.751514,6.1308227,6.684068,7.030876,8.713135,9.337932,7.9060616,7.408107,8.9230585,7.3592644,7.1373053,7.511185
17,5.151158,5.4083495,6.487025,6.09881,6.959098,7.119359,7.107121,7.3347735,5.559187,7.4906216,6.3288155,6.448537,5.6875386,6.322562,7.3533335,6.724574,5.7843714,0.0,6.5724554,5.407778,5.993566,6.5196886,6.2275763,5.729946,7.5655,7.2748604,6.159431,5.3082476,5.8048234,5.799309,5.3860416,5.7900224,4.8502154,4.3028817,6.1785135,4.7987266,5.2763944,5.489584,6.59459,6.5702305,5.6376266,4.9234333,5.7587967,6.031294,6.6245737,5.909779,6.7095933,6.3836465,9.282138,8.172665,8.256545,8.593366,7.1998806,6.727724,6.797892,7.1944222,6.133287,5.537693,6.4529686,6.9420257,6.0330725,6.813916,7.381999,7.8483734,5.0937476,4.8494315,6.061538,6.5889935,5.7845073,6.1696587,5.6272326,7.0078545,6.6720676,6.576331,7.125242,5.938274,4.624123,4.702392,10.434238,7.1949053,6.9594045,5.972912,6.455268,6.574585,6.507173,6.587442,6.6044235,6.631866,5.9906645,3.2921858,5.8796406,6.328962,5.8898277,6.567943,6.3410354,6.0029583,7.6800904,7.499491,7.391905,8.101035,7.4832287,7.253861,5.506127,5.8123717,7.4301715,7.2446275,7.7054653,6.106594,5.7672296,5.688411,7.0144176,6.649807,6.729112,6.448132,4.8855815,4.681527,6.0485945,6.207915,7.4437933,7.417673,8.409029,8.742483,8.192811,7.1038384,8.932787,6.4543233,6.30153,6.2927394
18,6.444026,6.4395156,7.6105566,7.3684254,8.151858,7.3261766,7.0353465,7.2913413,7.222171,8.243968,6.5061984,6.5771337,6.6038036,6.933303,8.606649,6.1425705,7.6307826,6.5724554,0.0,5.577298,4.6134195,5.334757,7.9187098,6.9014273,8.864582,8.818516,7.6456256,7.8024316,8.36867,8.370242,7.4395366,7.8966475,6.39708,5.600927,8.2829685,5.54125,5.3079734,5.3899937,7.158036,6.3763847,7.7582107,4.8851795,7.8994813,8.055587,5.9034333,5.73599,7.0154376,5.439324,10.479912,8.123413,8.289799,9.085344,7.054613,7.137466,7.6422057,7.669559,5.7986007,5.0431805,6.310736,7.528264,7.8497143,4.9244204,6.655259,8.019772,5.065058,4.8261747,6.061736,6.928847,6.724195,7.0258946,7.297554,7.032703,7.8809705,7.681116,6.198709,6.979901,5.3482857,7.337238,9.696735,5.9914284,6.51646,6.5311494,5.9376965,5.82253,6.4652166,5.423216,5.4286942,5.3990803,7.070028,5.1961727,7.3108077,7.779405,6.25335,6.311078,5.2945004,5.4960346,8.560982,7.181801,8.087734,8.880678,7.5706096,7.144435,5.496053,6.5611744,6.7452335,6.06141,7.856508,7.0832214,6.4311705,6.4362335,7.3995585,6.0847683,6.7713213,7.93183,5.45309,5.5117407,5.733962,5.9251714,7.80053,7.476662,8.565046,9.127753,8.97317,8.006346,8.761179,6.0427794,5.589464,6.2014923
19,5.473751,5.515598,5.869517,6.509906,5.990297,4.6753573,4.473394,4.8292403,5.473599,6.4873104,4.7853947,4.8670645,4.7719603,4.8896384,7.021756,6.169537,6.0241694,5.407778,5.577298,0.0,6.555178,6.6741285,6.020546,5.543296,7.1651816,7.1426353,6.24673,5.9906654,5.959065,5.9641743,5.8855276,6.268374,5.460104,4.6629586,7.4265904,4.744868,6.123752,6.1601634,7.321967,5.251102,4.8428993,3.9812438,5.1385455,5.29542,6.2482185,5.8878317,6.2263975,6.0179358,7.64209,6.5936975,6.6198845,6.6472673,5.0205956,5.638205,6.167837,6.3877125,4.0879655,3.32623,4.7890897,4.8236003,4.658559,4.511469,5.9826884,5.0699964,4.04863,3.6691728,5.2910647,5.99504,4.498411,5.0055304,4.868284,5.169378,4.859457,4.67247,6.700857,4.0403457,4.5135503,4.430139,9.650436,6.5128427,5.4278717,4.69894,4.8127804,5.0070534,4.8931775,5.674938,5.757023,5.694673,6.6015334,4.877073,5.5448537,6.1885905,5.309559,6.0031924,5.702109,5.8389273,6.755257,6.4963164,6.184037,7.1621327,6.694392,6.2555537,5.134502,5.4737973,6.9507303,6.33552,5.6151915,4.268341,5.6137104,5.4722586,6.8596754,6.0159435,4.217743,5.2738724,3.2297697,3.451028,4.1028757,4.128052,5.6094565,5.549892,7.7834716,8.451722,6.7675657,6.6695614,7.9582887,6.165337,5.890325,5.26192
20,5.904414,5.979774,7.087033,6.4097466,9.007328,7.639847,7.635329,7.722549,6.510874,7.99471,6.981295,7.021423,7.129869,6.6870017,7.819932,6.85473,7.4281964,5.993566,4.6134195,6.555178,0.0,3.6520793,6.328129,5.4815035,7.614016,7.591501,6.694786,6.773067,6.744239,6.7480645,6.4463534,6.6448245,6.788944,5.417943,7.8246613,5.8762236,6.4261804,6.6055503,7.2109103,6.761304,7.041884,5.450704,7.2191157,7.5638604,7.84198,7.9167476,8.75183,6.6754436,10.447362,7.9764977,8.520471,9.25062,7.1301417,6.740313,8.307331,8.609122,7.2812886,6.3856583,7.9245286,8.910662,8.499015,6.359454,7.985345,8.968413,5.828409,5.326892,5.6981106,6.359132,6.782826,6.950422,7.1743746,7.2664285,7.60908,7.3962426,6.9911594,7.1916428,6.05925,7.1958804,9.285489,6.509864,7.074166,7.02917,7.1530266,5.4022493,5.8830857,4.821873,4.810376,4.7900486,7.532047,5.3440723,6.6948447,6.423306,6.6660924,6.3179154,6.161211,6.122926,7.642775,6.1700354,7.9689116,8.226426,5.7420197,5.5499244,6.087682,6.270572,6.394517,6.2155466,7.570633,7.7024302,5.853569,5.819113,6.574373,5.451113,6.965219,7.809604,5.6525574,5.805232,5.7838197,6.078134,8.289532,8.321301,8.793839,9.140167,9.304608,7.922715,9.552534,6.879016,5.9887786,6.8305087
21,5.8802676,5.96968,7.314856,5.855835,7.62707,6.285485,6.213802,6.1744294,6.625833,6.9262576,6.5249104,6.5703106,6.600496,6.3634214,7.3380675,6.1226907,6.875546,6.5196886,5.334757,6.6741285,3.6520793,0.0,6.781894,6.008529,7.4621954,7.45087,7.450863,6.1537166,6.6489453,6.651287,6.570424,6.507043,7.0101147,5.587113,7.819205,6.668958,7.121624,7.2789392,6.4757886,6.136246,7.4717326,6.0559406,6.960396,7.040425,8.1548,7.3632975,8.647614,7.1914916,9.339157,7.26167,7.92935,8.513534,6.298951,5.3461905,7.16712,7.314471,7.267618,6.44067,7.334186,8.234773,8.275389,6.3943834,8.144879,8.6665745,5.5012093,5.139309,4.4989886,5.0116687,6.3176403,6.24629,6.785885,6.933847,7.5436172,7.324791,7.0418043,7.123599,6.1889806,7.0864763,8.119973,6.022154,5.883523,6.209683,6.1170278,4.796846,5.3902764,4.348627,4.399647,4.3443556,7.335384,5.3966165,6.7148747,6.432882,6.1456366,6.1299176,6.071562,5.938055,6.5147185,5.1652718,7.4065566,6.999599,4.4298472,4.298251,6.0437703,5.772808,5.109363,4.9252186,6.499787,7.3082523,5.1140203,5.144604,5.918989,5.616016,6.953592,7.816957,5.78665,5.9649854,5.9648356,5.8349485,7.7888036,7.9747796,8.612385,9.094523,8.741451,7.742006,9.160458,6.4787054,5.867834,6.887938
22,5.869297,6.1609306,6.3206286,5.6313663,7.496988,5.8052416,6.0666547,5.982676,6.6063004,9.087798,7.361912,7.518621,6.918575,6.39159,7.448171,8.280433,5.9115505,6.2275763,7.9187098,6.020546,6.328129,6.781894,0.0,1.6576245,6.109842,5.5206323,5.07879,4.4448605,3.7974663,3.8023205,4.785298,4.789915,7.1250596,5.9892287,8.2937565,5.5612164,7.58722,7.6469193,9.526477,6.01924,5.756964,5.9392643,6.554688,6.8829174,8.916964,8.838485,8.871856,8.422743,7.907947,7.325414,7.1027837,7.236039,5.866951,5.810474,6.6023374,6.9537272,7.29148,7.0312595,7.9795046,8.197801,7.8126273,7.1405196,8.331208,8.415819,6.7592487,6.294076,5.756679,6.648483,6.3904543,6.6522465,6.8881483,7.6070905,6.314545,6.399787,7.8686686,6.559803,6.9947395,6.204306,8.726908,7.881052,7.7493362,6.661201,7.4234047,5.0945144,4.8246017,5.344473,5.4019175,5.379655,8.046859,5.5834804,5.0028973,6.2007565,7.355278,7.2196045,6.5152545,6.3948293,6.5334296,6.048421,8.225524,7.4159036,6.8222547,6.3853335,7.113487,6.9020557,7.481105,7.0963154,6.8670173,7.3291693,6.1048183,5.9372764,6.156842,6.442814,6.373279,5.570587,5.4494333,5.0265756,5.923784,5.571374,7.3299184,7.401967,8.899425,9.621114,8.334572,7.7990813,9.977091,8.048442,7.2418213,7.0806994
23,5.50456,5.7575116,5.8646073,5.294685,7.1142936,5.2928963,5.6132045,5.52472,6.075647,8.58475,6.7280526,6.876033,6.31781,5.7581897,7.0184336,7.6866474,5.5263977,5.729946,6.9014273,5.543296,5.4815035,6.008529,1.6576245,0.0,5.7866178,5.257669,4.542076,3.8852098,3.962861,3.9677765,4.2806587,4.2664266,6.767428,5.4748597,8.080302,5.221042,7.0929346,7.181907,9.064394,5.4949207,5.8835254,5.4583015,6.6368017,6.9685254,8.077654,7.9803367,8.053337,7.4863358,8.079297,7.054507,7.0055957,7.1617336,5.186499,5.0397243,6.271002,6.614182,6.9464684,6.495472,7.562221,7.803178,7.581625,6.590978,7.847586,8.122318,6.284689,5.80626,5.2101727,6.1353226,6.04114,6.149055,6.521208,6.784582,6.476464,6.5269933,7.6093636,6.280516,6.518938,5.8768377,8.752269,7.3310313,7.403925,6.246816,7.025268,4.3948865,4.177107,4.740106,4.781053,4.772334,7.418554,4.607773,5.2435975,6.3279843,6.7932553,6.569943,5.6817336,5.522244,5.902256,5.5142136,7.837112,7.0318756,6.2666154,5.7837477,6.647525,6.433454,7.0400453,6.633705,6.4102407,6.9304385,5.5446243,5.226255,5.6206,5.904062,5.7831445,5.214477,5.016823,4.634127,5.397525,5.0452256,7.0907397,7.1749296,8.495671,9.202741,8.426671,7.3384967,9.46555,7.4947114,6.559708,6.424584
24,5.15033,5.121751,5.2331204,5.7236257,7.140715,5.0233245,5.374539,5.334479,6.3558426,8.180778,7.05162,7.0171776,7.1398883,6.431707,6.2642307,8.226652,8.126945,7.5655,8.864582,7.1651816,7.614016,7.4621954,6.109842,5.7866178,0.0,1.4620321,4.747595,4.5469813,4.279688,4.2873716,3.0041373,2.748833,6.2814283,5.8480296,7.584175,5.5528293,7.786324,7.7925277,9.223217,6.0520196,5.3254323,5.7023325,5.7090955,6.0632014,7.7678685,7.502568,7.333887,7.2838078,5.9275174,5.5363865,6.1597095,6.0281677,5.37723,4.709732,7.3568234,7.8099957,6.7871947,6.5461645,7.2976813,7.4419227,7.288546,5.946734,6.760168,6.7322316,6.212617,6.080749,5.0788107,5.7206073,5.731105,6.234227,6.710653,6.727047,6.5750523,6.4641256,7.830654,6.329221,8.393006,6.9631343,8.755144,7.300805,6.5485334,5.4946,6.5832458,5.1590548,4.55599,5.6262965,5.5570555,5.5906515,8.475279,6.364518,4.4864397,5.7184258,5.28553,4.447786,4.9762483,5.2990417,5.4744434,6.270938,7.584749,7.443067,6.516416,6.0781713,7.9509826,6.200279,8.069331,8.12202,6.3903513,6.694802,7.143665,6.6295485,7.215114,6.724334,5.9288864,6.8080997,5.535142,5.927542,5.6857376,5.319958,7.5633693,7.6173577,8.18939,7.9871097,7.636611,6.4358764,8.161866,7.458358,7.2561793,6.7492776
25,5.2165923,5.310604,5.4273887,5.6484694,6.9800777,4.8536897,5.204474,5.157764,6.399481,8.205382,7.121595,7.171682,6.879941,6.462204,6.3147197,8.281358,7.5577946,7.2748604,8.818516,7.1426353,7.591501,7.45087,5.5206323,5.257669,1.4620321,0.0,4.4115696,4.2290487,4.284641,4.29229,2.5517495,2.4574897,6.161351,5.70918,7.4316936,5.446529,7.575292,7.59903,9.21369,6.1390834,5.2687225,5.6718526,5.6570644,6.012736,7.7980533,7.5104218,7.2671504,7.190285,5.9080915,5.5175524,5.95827,5.8414335,5.3236604,4.608193,6.8432417,7.245861,6.8112135,6.553601,7.319162,7.4636784,7.259097,5.9330626,6.7366376,6.6937547,6.36065,6.2313237,5.224043,5.8677926,5.756673,6.38428,6.778507,6.89773,6.393517,6.4393935,7.8478794,6.307781,8.389091,6.9341493,8.632043,7.337692,6.4082723,5.303075,6.4341483,4.864937,4.2675753,5.387387,5.335388,5.369025,8.4739275,6.2417793,4.1775784,5.6891522,5.256257,4.463134,5.0445623,5.359028,5.2687263,5.9873843,7.6218457,7.218699,6.5184517,6.0838375,7.7146688,5.9701505,7.940308,7.995966,6.23481,6.5191984,6.864786,6.3837204,6.9208527,6.426898,5.923491,6.100369,5.5354953,5.5604105,5.7056923,5.3554373,7.2725215,7.343275,8.088136,8.1446495,7.6609216,6.4901752,8.24488,7.492004,7.272597,6.775806
26,5.6672993,5.8250375,5.4053297,6.1271796,7.3087125,5.7541347,5.9819517,6.061533,6.18461,8.49222,6.808406,6.8797364,6.607847,6.2204022,7.1899414,8.1413,6.7486196,6.159431,7.6456256,6.24673,6.694786,7.450863,5.07879,4.542076,4.747595,4.4115696,0.0,4.854645,4.3374305,4.3374157,3.518976,3.7206683,6.401615,5.4385977,7.8579073,5.1749945,7.333969,7.4061913,9.22878,6.3054485,4.9414177,5.2629166,5.670465,6.113672,6.2254276,7.839201,5.784927,5.2995496,7.8291254,7.2431593,7.453342,7.404314,5.3554306,5.103849,7.6874804,8.014525,6.836903,6.35903,7.47333,7.778554,7.3828487,6.1784425,7.3318915,7.3951797,6.816158,6.497888,6.0521083,6.689822,5.7373853,6.1202683,6.7485523,6.821106,6.787851,6.7804923,8.178164,6.510445,7.160369,6.0966163,9.457678,7.0715075,6.879536,5.708056,6.6840224,5.0317855,4.50954,5.6321216,5.368618,5.6051784,7.623105,5.350966,5.615872,6.554531,6.3582783,5.9557085,5.5942287,5.6044645,5.5785303,5.9354243,7.5615206,7.5995326,7.2473507,6.824724,6.571332,6.3228645,8.05904,7.909738,6.206116,6.6347847,6.6649313,6.1396728,6.695949,6.072538,5.3568587,5.6896977,5.4094744,5.3425703,5.317932,5.2593446,5.5190983,5.411401,5.9174256,6.22399,6.967516,5.520902,6.2380037,7.4833226,7.087102,6.0640492
27,4.530856,4.816333,4.9530606,4.905021,6.3472185,4.655056,5.021375,4.98546,4.9753695,7.713851,5.844803,5.9321337,5.359607,5.4279933,5.9990907,7.451195,6.1944447,5.3082476,7.8024316,5.9906654,6.773067,6.1537166,4.4448605,3.8852098,4.5469813,4.2290487,4.854645,0.0,2.797856,2.794656,2.639047,2.382253,6.0021644,5.1975493,6.204596,5.5417533,7.588979,7.6667023,9.010487,6.0230646,5.851816,5.7040296,5.8639407,6.109011,8.075163,6.864547,7.3064966,7.401448,7.409601,7.089606,7.3506203,7.275955,5.2089868,4.1261086,6.294161,6.6534157,7.050629,6.5508947,7.219982,7.2054,7.2745156,6.625208,7.785537,7.816045,6.016748,5.665614,5.1197267,5.8690524,5.4258795,5.8530188,5.9653316,6.2390656,6.7341495,6.680631,8.105643,6.35784,7.0713263,5.764635,8.737506,7.0957417,6.3946753,4.724492,6.115654,5.134622,4.6392345,5.677403,5.6835284,5.6915445,7.0364275,4.029044,5.12229,6.540782,5.888432,5.858113,5.277433,5.21462,5.1291285,6.092122,6.228663,5.6511745,6.672415,6.2107124,7.184156,6.037008,7.579086,7.4698896,6.4253287,6.784264,6.249477,5.7005787,6.625816,6.4666348,5.7827477,5.727397,5.519935,5.4664803,5.2855377,4.989146,7.4315014,7.5229483,8.490739,8.854024,8.250136,7.0232515,8.919032,7.492595,7.1573744,6.6972203
28,4.8577776,5.0886774,5.166314,5.247878,6.8346148,5.2458644,5.5469084,5.5110927,5.369168,8.160536,6.3328547,6.353799,6.2692943,5.6038666,6.3818045,7.8553433,6.516645,5.8048234,8.36867,5.959065,6.744239,6.6489453,3.7974663,3.962861,4.279688,4.284641,4.3374305,2.797856,0.0,0.02322525,3.1000693,2.761066,6.1559176,5.381593,6.5486197,5.2631593,7.752712,7.789845,9.187954,5.900244,4.7821393,5.496675,5.100524,5.459809,8.351758,8.107748,7.9137135,7.751464,6.913782,6.832266,7.082779,7.0322657,5.2492223,4.8209352,6.9827566,7.4339094,6.881087,6.5440936,7.4087496,7.529679,7.1506457,6.685608,7.933205,7.742438,6.165382,5.738275,5.161549,5.9623904,5.4343,5.9125543,6.0725074,6.9832225,6.130835,5.936839,7.9103675,6.202888,6.945538,5.488141,8.5033455,7.2917094,6.7358675,5.3742924,6.6257567,5.2270937,4.6300025,5.6175547,5.5621586,5.611672,7.487542,4.9684877,4.477403,5.687591,6.429327,6.316963,5.891209,5.897105,5.6163597,6.0765085,6.379931,6.078063,6.689008,6.243642,7.18429,6.3279185,7.504628,7.425285,6.3277035,6.80346,6.4148545,6.017955,6.794053,6.6171947,5.8746843,6.2646437,5.2366505,5.4744205,5.173634,4.8619742,7.012562,7.092841,8.133626,8.25711,7.329664,6.738451,8.536854,7.6840043,7.3703775,6.8599887
29,4.853224,5.0845847,5.164563,5.2428827,6.8382807,5.2550244,5.55456,5.519522,5.370506,8.164037,6.337415,6.3583145,6.2719994,5.6118665,6.3852057,7.857112,6.5228424,5.799309,8.370242,5.9641743,6.7480645,6.651287,3.8023205,3.9677765,4.2873716,4.29229,4.3374157,2.794656,0.02322525,0.0,3.102458,2.765777,6.1549163,5.382868,6.542984,5.2657413,7.752706,7.7899947,9.187089,5.904391,4.7875547,5.502356,5.1059456,5.464374,8.349688,8.105559,7.9103446,7.751674,6.918995,6.8417277,7.090189,7.040209,5.261326,4.83001,6.986394,7.437582,6.8844657,6.5485854,7.4094925,7.531753,7.153546,6.692906,7.935959,7.748849,6.166888,5.7407,5.1648726,5.966571,5.438637,5.9169927,6.0764003,6.9875345,6.140349,5.9463587,7.914579,6.208381,6.9448347,5.490073,8.513128,7.2962923,6.73992,5.375012,6.6269703,5.2376046,4.6419663,5.62619,5.570016,5.6201887,7.4852505,4.9670343,4.4818125,5.692782,6.4348245,6.323625,5.895804,5.8999567,5.6251817,6.086234,6.3840394,6.085124,6.69983,6.255372,7.185464,6.3351674,7.5138245,7.4330363,6.340072,6.8114786,6.420753,6.024047,6.799507,6.6240335,5.882387,6.2716165,5.2416334,5.4793215,5.179533,4.868532,7.0142107,7.0943966,8.131427,8.256417,7.333876,6.7422066,8.536126,7.6865926,7.372175,6.8611045
30,4.1282544,4.3639956,4.413035,4.9777255,6.447229,4.72962,4.9329877,5.020695,4.875396,7.4167085,5.7410283,5.817337,5.371091,5.2807856,5.700794,7.216528,6.4512534,5.3860416,7.4395366,5.8855276,6.4463534,6.570424,4.785298,4.2806587,3.0041373,2.5517495,3.518976,2.639047,3.1000693,3.102458,0.0,1.1390358,4.9404726,4.300466,5.738155,4.2149544,6.5697393,6.6300497,8.402854,5.6500616,4.544709,4.4815087,4.9602437,5.3172336,6.836531,6.421549,6.2409167,6.049458,6.6594005,6.031273,6.398094,6.4008255,4.9334865,4.3438582,6.3980145,6.768942,6.073489,5.584016,6.517919,6.7156205,6.4772453,5.250457,6.3354015,6.543279,5.471307,5.241856,4.8494363,5.647189,4.8930116,5.7180085,5.83845,6.189459,5.995081,5.9700603,7.2356915,5.5894775,6.9114647,5.583515,8.628427,6.600338,5.782945,4.1494184,5.5582476,4.4182425,3.8634603,4.928383,4.8621173,4.9113293,6.9408545,4.2840757,3.8309264,5.4309874,4.898016,4.346379,4.2538223,4.4705567,5.0506086,5.696741,6.1063313,6.1093035,6.4508557,5.982187,6.547362,5.277848,7.415959,7.4257026,6.050564,5.978681,6.123711,5.5470667,6.47308,5.5863767,5.0756965,5.334833,4.744644,4.713814,4.3903155,4.2384863,6.6659493,6.667456,7.5586057,7.668368,7.344416,6.0129743,7.7408023,6.729651,6.569841,5.9406834
31,4.720626,4.9158907,4.982809,5.2169285,6.3935356,4.6325126,5.0038366,4.9588423,5.281112,7.7138553,6.088927,6.1359167,5.839477,5.368728,5.8547134,7.549333,6.39005,5.7900224,7.8966475,6.268374,6.6448245,6.507043,4.789915,4.2664266,2.748833,2.4574897,3.7206683,2.382253,2.761066,2.765777,1.1390358,0.0,5.5395203,4.893789,6.267481,4.8742065,7.0735316,7.133694,8.728337,5.608699,5.0451465,5.0616794,5.3590016,5.7103715,7.313588,6.9338226,6.729914,6.54828,6.5315595,5.909415,6.406666,6.355973,4.579136,3.9325597,6.3563476,6.772206,6.5148726,6.0253196,6.938739,7.0888023,6.8603096,5.826163,6.9005785,6.966403,5.875196,5.619264,4.740524,5.5206923,5.2949095,5.8425965,6.1028013,6.4688325,6.37885,6.308013,7.621905,6.001157,7.2290354,5.7293754,8.523648,6.8793793,6.232512,4.7507477,6.1262894,4.4279065,3.7926776,4.958899,4.8865895,4.948457,7.2665987,4.4910426,4.3400493,5.7355413,5.3007975,4.7900724,4.6334796,4.795672,4.749081,5.5499377,6.2978115,5.850473,6.241679,5.7585616,6.9876323,5.587964,7.228737,7.3008313,5.8454237,6.187199,6.078159,5.5016055,6.4424677,6.066536,5.485539,5.7206097,5.054404,5.126021,4.910018,4.5661592,6.8977213,7.000678,7.802928,7.8197594,7.553627,6.1543183,7.8771377,7.0632153,6.8308897,6.3310223
