,0,1,2,3,4,5,6,7,8,9,10,11,12,13,14,15,16,17,18,19,20,21,22,23,24,25,26,27,28,29,30,31,32,33,34,35,36,37,38,39,40,41,42,43,44,45,46,47,48,49,50,51,52,53,54,55,56,57,58,59,60,61,62,63,64,65,66,67,68,69,70,71,72,73,74,75,76,77,78,79,80,81,82,83,84,85,86,87,88,89,90,91,92,93,94,95,96,97,98,99,100,101,102,103,104,105,106,107,108,109,110,111,112,113,114,115,116,117,118,119,120,121,122,123,124,125,126,127
0,0.0,3.4651039,2.3094077,2.279495,5.8548326,6.1352344,5.4048114,4.2153735,3.5323925,3.7259383,4.5478873,4.3991694,5.4088955,3.9798093,4.1622148,3.886619,5.5012116,4.508815,4.795016,5.4206214,4.0934496,4.6883874,4.4126897,4.68272,4.70349,4.720872,4.666538,4.7512827,4.5838733,5.1044774,5.0148516,5.130276,8.387822,7.937236,7.280602,7.1768317,7.342931,6.7397513,7.943905,8.255187,5.9210367,6.5336785,6.410783,8.388046,7.9193554,7.945135,8.204671,8.205436,6.401459,6.626061,5.7383475,7.446089,6.8627667,7.6905303,6.5931935,7.252648,6.8614964,7.3784113,7.585598,7.89256,6.136615,6.3849154,4.666156,5.885515,7.3043194,8.397642,6.1737523,7.0099025,5.645339,6.2596884,7.8799415,8.019169,7.7749014,6.494061,7.3634033,6.7395163,7.7747593,8.411475,7.9840465,7.192549,7.8444777,8.602672,7.990858,9.24325,5.432339,5.14951,5.1953964,6.2451754,7.8872223,8.016775,7.9569974,7.3937345,7.7455144,7.5799212,6.255996,6.375218,8.303353,7.9350486,7.0821486,7.3762817,6.485233,6.1277046,6.7666383,6.9717536,9.007294,7.861628,8.911254,8.201151,4.8285813,7.2214994,6.832575,6.6087666,6.193198,6.3396783,4.8194795,4.8150334,4.263796,5.269381,4.7718844,4.6340995,6.4587464,6.613854,7.3868785,7.706942,5.605885,6.2382784,7.5203705,5.371739
1,3.4651039,0.0,3.8154397,3.80589,6.33894,6.772395,5.97731,4.3653736,4.744346,3.866362,5.0996184,4.565032,5.028431,4.2092996,4.756605,4.945035,5.1849923,3.2884347,4.6982784,5.171905,4.2638135,4.27918,4.0117254,3.4226573,4.378826,4.3906875,4.6461334,5.073042,4.3411465,3.8955362,4.4942346,4.939266,7.9221916,7.2150545,6.8877077,6.667901,6.881247,6.244966,6.8281426,8.041861,6.279493,6.0056634,6.516412,8.3281555,8.434028,8.1245,7.851598,8.56795,5.8899846,6.7807713,5.1265626,6.8050246,6.806301,7.6911635,6.8022857,8.028689,6.8326483,6.9143386,7.3599615,7.8274345,5.902243,6.542993,5.3895416,6.1322184,7.7468715,7.1983376,6.140649,6.9138765,4.8351617,5.347202,6.662215,6.7001543,6.4269624,4.9800777,6.779292,5.6967683,7.196331,8.211573,6.7485795,7.3209577,8.963634,9.445181,8.714373,9.782618,4.9769535,4.3313966,4.6341076,5.7455425,7.897696,7.0960903,7.0215597,7.1280603,7.6362314,7.1112885,5.9667563,5.6377625,7.190424,6.6029778,5.953889,7.0685153,5.695888,5.4962077,5.973733,6.0754895,8.953824,8.423092,9.623438,8.418327,4.7931166,6.9105473,5.664475,5.9469614,5.455314,5.4935937,4.4777813,4.4727855,4.5590143,5.185946,4.0904603,3.9041443,5.3410354,5.8374395,6.9727745,7.3658195,5.2456236,5.5127068,7.1179,5.3516994
2,2.3094077,3.8154397,0.0,0.4755707,5.678073,5.9200544,5.1030545,4.375502,3.3233564,3.648917,4.348918,4.227696,5.520178,4.197856,3.9161558,4.0950475,5.597703,5.052217,5.1341553,5.5189085,4.594326,4.5292764,4.227748,4.518688,4.545082,4.5655556,4.778987,4.6768966,4.8055835,4.998852,5.012859,5.2764764,8.24076,7.766857,7.7808714,7.132319,7.161002,6.5684295,8.058816,7.9415646,5.776129,6.285514,6.0813346,7.833504,6.9020133,6.703485,7.0983434,7.222312,6.5862284,6.871031,6.4422016,7.631363,6.8512726,7.6572776,7.3620687,7.8539553,7.1574345,7.8135085,7.757884,8.285836,6.4016666,6.5764885,4.9198174,6.4332933,6.9801745,8.297084,6.2947483,6.129124,5.534429,6.325376,7.198594,7.9379206,7.484959,6.2348814,7.1547275,6.528667,7.480866,8.076551,7.859803,6.1970186,8.048407,8.500087,7.386441,8.66443,5.6795573,5.149759,5.2349405,5.848607,7.006492,7.5704465,7.6221495,7.1516743,8.00674,7.577693,5.6241336,5.799967,7.7455106,7.3538404,6.557079,6.8423686,6.3388023,6.6688614,7.0570974,6.9614763,7.94715,6.914631,7.377083,7.1863704,4.548185,7.03384,6.95724,6.839799,6.1401486,6.338883,4.8407607,4.84706,4.0287943,5.163628,4.6632476,4.5376296,6.833375,6.9914737,7.004422,7.4882193,5.958027,6.4064236,7.1166444,5.537382
3,2.279495,3.80589,0.4755707,0.0,5.7594595,5.935669,5.148349,4.2172256,3.4577444,3.8694582,4.444956,4.2979803,5.660663,4.361133,3.989959,4.1993256,5.50516,5.210961,5.2226267,5.580756,4.7046432,4.623245,4.3293056,4.6487923,4.572201,4.591903,4.625303,4.74676,4.7401257,5.0261083,5.0202417,5.0904675,8.316852,7.736854,7.8332925,7.1749053,7.108673,6.505791,8.063285,7.9397984,5.825905,6.2654705,6.1143484,7.715308,6.8561335,6.6554985,7.046443,7.1978154,6.6286635,6.769462,6.3580346,7.6996737,6.8970623,7.627653,7.429161,7.92005,7.1025553,7.677352,7.718067,8.171108,6.549907,6.7653623,5.125495,6.5404983,6.8238883,8.263427,6.2954493,6.064947,5.5542874,6.090129,7.1705985,7.909981,7.4954276,6.2008553,7.0874147,6.4959235,7.470566,8.032279,7.8247967,6.292993,8.100675,8.564097,7.3200083,8.605025,5.4516225,5.231498,5.111304,5.8521137,7.037702,7.6839232,7.7240176,7.2478175,8.093727,7.7023826,5.840896,5.8408384,7.823127,7.295516,6.45756,6.719586,6.232239,6.6124887,6.9756117,6.8653193,7.848813,6.7469435,7.4307876,7.06581,4.7263527,7.078662,7.047033,6.959695,6.279747,6.4763713,4.976655,4.9821277,3.9179578,5.03754,4.503686,4.450748,6.707182,6.8185453,6.9252386,7.336828,5.735562,6.236552,7.097249,5.404577
4,5.8548326,6.33894,5.678073,5.7594595,0.0,2.1563663,2.1892483,5.458757,4.972603,5.980078,4.59539,5.4277167,5.039878,4.025718,4.3005157,3.9444666,6.032425,5.6662326,6.3865037,6.8061223,5.2049494,5.342138,5.9248405,6.6331296,5.2798066,5.2879024,7.4221177,4.8913965,5.256627,6.329467,5.379787,5.6348395,9.103923,8.208413,8.126141,8.546135,8.936677,8.4485,9.891895,10.50033,7.696587,8.26782,7.92946,7.6164327,9.58531,9.624431,9.786244,9.795549,5.289417,7.5037956,7.1999335,7.882306,4.2609158,5.974794,6.1720276,6.0298085,7.6544538,8.11014,6.688935,6.7657633,6.554263,6.790934,6.4213076,7.1034427,8.415401,8.657893,8.081793,8.2068405,7.4465427,8.382284,8.759947,8.415929,8.64759,7.903176,8.312877,7.7586727,8.320855,8.7482195,9.087717,7.8613076,9.208657,9.63055,9.916622,10.86118,5.83074,5.3304634,5.17981,5.8307343,8.479885,7.140389,8.262957,6.7859616,7.477592,8.164244,7.154781,7.53477,8.326447,8.928485,7.711927,7.3139143,7.4329715,6.9857397,7.1772327,8.40853,8.121524,8.387901,8.900869,8.439229,5.903544,7.477612,6.455847,6.4062257,7.1429234,7.402723,6.3998837,6.4069247,5.5455775,6.2940946,7.0625668,5.851516,7.8206215,7.911278,9.18171,10.169712,7.828939,8.259617,6.1850667,7.6550226
5,6.1352344,6.772395,5.9200544,5.935669,2.1563663,0.0,2.5547073,5.760115,5.2889957,6.427021,5.0449185,5.3001294,5.3222666,4.389472,4.355701,4.4233537,5.9988346,6.0682626,6.348555,6.758064,5.454922,5.5080104,6.1203723,6.796688,5.039555,5.0403943,6.8830447,4.61552,5.0862217,6.1837163,5.112428,5.357719,9.063066,8.188776,8.361513,8.493159,9.161455,8.65906,10.065672,10.60509,7.8559275,7.7172804,7.525073,7.0448666,8.7774515,8.839678,9.079276,8.965581,5.0210743,7.42934,7.4174953,8.314034,3.5708005,6.1969614,6.2438283,6.049541,8.243183,8.681609,7.392809,7.026641,6.4127398,7.049811,7.2586675,7.432767,8.580639,8.923729,8.429007,7.8207884,8.226268,7.9732676,8.989568,8.718667,9.290589,8.195606,8.025339,8.114531,8.990354,8.932129,9.332565,8.181828,9.182896,9.718187,9.861662,10.686841,6.0867424,5.746041,5.494192,6.5909433,7.7701015,7.257511,8.309617,7.132363,7.8936944,8.318648,7.717063,6.990069,8.394871,9.035635,8.040271,7.671302,8.059497,7.730236,7.7665496,8.918794,7.92262,7.7008786,8.718802,8.57492,6.0703444,6.439142,7.195129,7.163736,7.9775276,8.133834,7.024949,7.0368133,5.8132915,6.634047,7.1065264,6.3307652,8.532489,8.250478,9.762695,10.301535,7.5079207,8.220246,5.727012,8.038324
6,5.4048114,5.97731,5.1030545,5.148349,2.1892483,2.5547073,0.0,4.5703607,5.3006244,5.8575172,4.6198087,5.522672,5.675695,4.1307354,4.2100844,3.8804255,5.682322,5.5729914,6.179472,6.459001,5.1739,5.2527857,5.860393,6.2185836,4.8486533,4.856249,7.283649,4.8997335,4.826298,5.451299,4.995619,5.3903503,9.653437,8.424973,8.601643,8.80125,9.228289,8.764443,9.942078,10.110535,7.400598,8.051394,7.784696,7.4581323,9.1130905,9.161931,9.42682,9.3169155,5.322954,7.613721,7.25679,8.331067,4.0564,6.3735175,6.514302,6.704683,7.9833875,8.498944,6.809635,7.1403813,6.9664407,7.405542,6.750594,7.5890226,8.413029,8.571101,7.8541775,7.60376,7.356663,8.003822,8.651656,8.291523,8.637695,7.4765573,8.132812,7.569456,8.552709,9.015865,8.991321,7.642907,8.546586,9.24444,9.3586,10.606573,5.569167,5.1585426,5.050881,6.26905,8.527193,7.835597,8.78126,7.867227,8.612777,8.708527,7.0461764,7.415165,8.248136,8.900112,7.537032,7.59624,7.73244,7.2457366,7.1219745,8.296605,8.52567,8.4468775,8.905892,8.726439,5.3377943,7.0846267,6.3698792,6.533217,7.4843783,7.696589,6.525737,6.527718,5.7396517,6.578887,7.137143,6.0892873,7.886767,8.088509,9.400203,10.148748,7.8436956,8.400863,6.0720587,7.66679
7,4.2153735,4.3653736,4.375502,4.2172256,5.458757,5.760115,4.5703607,0.0,5.6409044,5.0994744,6.4585185,6.284633,5.787719,4.6000767,5.263086,5.0934105,4.9903994,5.143316,6.292889,6.4730887,5.724256,5.7146087,6.1090307,5.7120214,5.205958,5.2051325,6.7483516,5.474596,4.696593,4.878687,5.3796635,5.01842,9.314611,8.441852,8.079834,8.152755,7.8233347,7.266393,8.435043,8.559458,6.6247096,7.386169,7.5376062,8.496134,8.701471,8.720856,9.025292,9.020187,6.321035,7.478653,6.509359,8.432648,6.0855002,6.284078,6.31191,7.3578987,7.775077,8.021358,6.06297,6.745186,7.0124145,7.540122,6.290897,7.348611,7.025307,7.4822717,6.169448,6.455748,5.4965286,5.8072596,6.9625077,6.7494564,7.178735,5.949291,7.0650263,6.3453646,7.965189,8.490311,7.582884,7.6163254,7.902255,8.600274,7.8578634,9.257011,3.1253448,4.4196587,3.3850281,5.3419943,8.34985,8.070634,8.20716,7.931485,8.831081,8.110244,6.553953,6.762843,7.1942606,6.8981786,5.5687137,6.8024077,5.8927293,5.8109508,5.5317254,6.317243,8.7803545,8.146396,8.903036,8.0538435,5.571246,7.749694,6.2434125,6.853255,6.750818,6.8429193,5.9376674,5.927299,5.0268984,5.801132,5.6534047,4.476735,5.549055,6.1925125,7.258793,7.884496,6.12066,6.3847,7.4352345,5.3777165
8,3.5323925,4.744346,3.3233564,3.4577444,4.972603,5.2889957,5.3006244,5.6409044,0.0,3.7971654,3.8634233,3.0314875,4.998558,3.9336886,3.9641058,4.186809,5.120139,4.911492,4.4201927,4.9268265,3.6027648,3.3415966,2.9831412,4.2015905,4.138481,4.14676,5.0890555,3.4983404,4.620573,5.391829,4.476093,4.9406047,7.4250245,6.8955436,7.3671556,7.2318983,7.6368,7.0526886,8.247842,9.274532,5.9798374,5.9910393,5.5692077,7.545059,7.8521,7.6626844,7.908924,8.134134,6.0474944,5.990491,6.4234447,6.524412,6.1721206,7.9215255,7.264934,6.1786466,6.8769236,7.44631,7.4053626,7.87863,6.0816693,5.933261,4.5433793,5.5203404,7.5487866,7.69592,7.1192627,7.006724,6.48678,7.3396797,7.783207,7.952472,7.3798594,6.2946315,7.029124,6.4426265,6.8323145,7.4536896,7.876567,6.480419,8.687177,8.899855,8.64432,9.544569,5.990412,5.170669,5.210056,5.7620077,7.731722,7.2345104,6.82545,6.0925303,6.3674183,6.727041,5.4886146,6.166646,7.58222,7.5935264,7.5124726,7.145718,6.591777,6.6189713,6.9846478,7.430933,8.232466,7.3261337,7.89081,7.8016133,4.760749,7.0733733,7.0412965,6.52342,6.2008486,6.4773393,5.018788,5.0335503,4.078784,5.1322174,5.0690227,4.661427,7.058539,7.205322,7.886254,8.769669,5.711189,6.3048844,6.988954,5.5702033
9,3.7259383,3.866362,3.648917,3.8694582,5.980078,6.427021,5.8575172,5.0994744,3.7971654,0.0,4.7539864,5.018454,4.7993164,3.5714643,4.8213744,4.991198,6.298973,3.9784546,5.4125395,5.8935666,5.1140356,5.011578,4.741842,4.035971,5.4911895,5.4956555,5.701312,5.0625715,5.908904,5.3328767,5.76968,6.6578827,8.372343,8.034977,7.3410344,7.5763803,7.7233152,7.1878715,7.425164,8.572456,6.953524,7.021208,6.8371434,9.140696,8.875628,8.68976,8.887234,9.069403,6.347305,7.4348536,6.2632384,7.4325337,6.588675,8.164139,6.700914,7.94034,7.1780353,7.949261,8.031411,8.456847,6.3048663,6.086854,4.628962,5.86525,8.788909,8.568705,6.781132,7.2850566,6.2843575,7.2258058,7.5332856,7.7055707,7.0855374,6.123911,7.1047325,6.4912944,8.271235,8.7009,7.7233486,7.584219,8.378163,8.454085,8.471344,9.440657,6.5354786,4.8094783,5.7888837,6.4925942,7.8626227,7.0626407,7.4107347,7.2296305,7.635662,6.423375,5.7249603,5.9338975,7.75634,7.5356402,6.9222293,8.0558405,7.100285,7.273105,7.807259,7.851146,9.777182,9.065761,9.242425,9.336491,5.266198,7.3243995,7.0804286,7.2323327,6.5186963,6.5069304,5.4721026,5.4723964,5.976764,6.8043566,5.9183025,5.3985047,7.169417,7.725978,7.943321,8.823077,6.4838448,6.5647793,7.429305,5.6128473
10,4.5478873,5.0996184,4.348918,4.444956,4.59539,5.0449185,4.6198087,6.4585185,3.8634233,4.7539864,0.0,3.7773564,5.5079145,4.464543,3.905449,4.117951,6.2544913,5.6941037,5.5756454,5.8889256,5.1504703,4.90732,4.662851,5.5911937,5.3788056,5.407715,5.2239347,5.3382893,5.7554755,6.395104,5.704525,6.03027,8.882895,7.0751133,7.476217,7.9756727,8.208983,7.6648536,8.374871,9.3923435,7.5192175,7.3736186,6.984781,7.1911693,9.450634,9.287028,9.390592,9.6732,6.0007253,6.5465055,6.056356,7.077222,5.8089685,8.235934,7.4382377,7.8784695,6.439592,7.0405235,7.65315,7.9932766,7.0171494,6.980536,5.766817,6.3613396,8.336309,8.508937,7.730749,7.6534934,7.3151608,7.9263763,8.379688,8.2146,7.682713,6.6645484,7.3718777,6.692453,7.088414,7.76408,7.992628,6.9794188,8.889806,9.195827,9.311238,10.161571,6.918618,6.1347694,6.2918415,6.988627,9.018684,7.552162,8.495343,7.1262984,7.160563,7.544121,7.2628946,7.13845,9.063068,8.850226,7.7291293,7.2846503,7.8195844,7.618753,7.9707613,8.572241,9.131574,9.049601,9.329084,9.164931,6.1898203,7.7015595,7.1145306,6.816806,7.413137,7.677918,6.4311085,6.4462185,5.6849365,6.520197,6.3755064,6.374341,8.022501,7.9411445,9.272881,9.783535,7.128534,7.67694,6.139645,7.0102177
11,4.3991694,4.565032,4.227696,4.2979803,5.4277167,5.3001294,5.522672,6.284633,3.0314875,5.018454,3.7773564,0.0,4.2951994,4.3806467,3.3926444,4.0121408,5.215556,4.522314,4.1780243,4.6055317,3.4718378,3.0780058,2.7436466,4.111915,4.0747333,4.087598,4.5403476,4.5013633,4.729368,5.253132,4.2607827,5.0906677,6.402233,5.1371403,5.944894,5.8639965,6.8849993,6.2641625,7.1837926,8.184549,6.260014,4.6886435,4.8210354,6.950791,7.5362954,7.241684,7.2812085,7.5528255,4.6114106,5.168742,5.65774,5.613481,5.3046713,7.3871794,6.78021,5.9857836,6.063362,6.7419214,7.3925567,7.2633595,4.8743253,4.991882,4.866972,4.460379,6.8169465,6.583505,6.2600574,6.1344094,6.035583,6.2312965,6.932874,6.8829494,7.0398936,5.9456882,6.1004024,6.166118,6.3026643,6.455675,6.816095,6.0312843,8.378472,8.7436285,8.563131,8.850027,6.045324,4.9308796,5.1946735,5.6535153,7.5316687,6.3558135,5.8708844,5.4577255,5.6567345,5.991672,5.4090157,4.888112,6.7825723,7.039023,7.302424,6.8698626,6.3587165,6.024394,6.265789,6.894644,7.825825,7.3888907,7.6824217,7.8335214,4.7771754,5.578916,5.9133673,5.259599,5.701742,5.910788,4.634465,4.66459,4.126533,5.1560264,4.769513,5.323237,6.782051,6.3043313,8.462954,8.410287,5.590807,6.09179,5.521917,6.377368
12,5.4088955,5.028431,5.520178,5.660663,5.039878,5.3222666,5.675695,5.787719,4.998558,4.7993164,5.5079145,4.2951994,0.0,3.1604075,4.145025,4.1550508,5.8913636,3.886843,5.3947554,5.907249,5.216739,5.212221,5.443837,5.610081,5.7525353,5.7631297,6.26867,5.832117,5.910344,6.421233,5.961726,6.5902505,6.236926,6.4283895,4.394167,5.4337115,5.9324574,5.2718663,6.35741,7.403809,7.20813,6.4301267,6.7930107,8.658028,8.827473,8.813419,8.915531,8.774871,4.8957243,7.014532,5.9183435,6.7812743,4.628768,5.52104,4.475156,5.919899,6.2187,7.20374,6.467718,6.5248666,3.6718175,3.3120303,4.44713,3.8392637,6.826623,6.8980584,5.4596043,6.2148786,5.4280405,6.077422,6.0121455,5.784083,6.700375,6.4886727,6.060442,6.371988,7.203501,6.8844395,6.5645337,6.8860006,8.135083,8.17873,8.499936,8.376238,6.042378,4.612193,5.158822,5.125276,7.2755713,4.699398,5.377083,4.370266,5.1822987,4.6470475,5.4954677,4.7600164,6.000009,6.353926,5.913017,6.3132124,5.9225135,5.7751446,6.1461735,6.8899393,8.271982,8.530049,8.084941,8.263248,5.791866,6.225087,5.302557,5.3327394,5.288676,5.315691,4.8906794,4.9177246,5.2677274,6.058243,5.71719,5.3912187,6.4399333,6.12497,7.9805017,8.156294,6.3807006,6.0903006,5.7688603,6.425763
13,3.9798093,4.2092996,4.197856,4.361133,4.025718,4.389472,4.1307354,4.6000767,3.9336886,3.5714643,4.464543,4.3806467,3.1604075,0.0,3.1941729,2.8003066,4.7458453,3.489991,4.325236,4.914152,4.152304,4.236933,4.561951,4.6976085,4.068183,4.0842066,5.541114,4.1358237,4.131698,4.863384,4.4434357,5.0733066,8.099526,8.064506,6.778003,7.210366,7.6362424,7.054826,8.099621,8.919755,6.864363,7.0097046,7.158116,8.605468,8.675969,8.664432,8.786739,8.696353,5.558857,7.815423,6.739118,8.079876,4.416472,7.0591335,5.4993224,6.685047,7.391052,8.095208,7.191229,7.886588,5.290209,5.535698,5.222557,5.735406,8.017956,8.016461,6.9153776,6.6808724,6.4369335,6.8908615,7.4282703,7.20838,7.5641394,6.3472633,7.0205235,6.541655,7.9091563,8.331343,7.956528,7.136694,8.25794,8.6482315,8.67746,9.726649,5.900552,4.7564325,5.146658,6.1921782,7.540582,6.8902287,7.3969564,6.5216537,7.1692705,6.933028,5.9828415,5.866055,7.4446797,7.7364674,6.2248096,6.635536,6.999132,6.836587,7.070542,7.8578525,9.134085,8.465976,8.923903,8.855118,4.5430202,6.575119,6.462187,6.504626,6.5085325,6.6449494,5.4415,5.450771,4.9403334,5.893709,5.8299117,4.8234315,7.208026,7.4590945,8.539726,9.2826395,6.3735466,6.7987785,6.6600795,6.47142
14,4.1622148,4.756605,3.9161558,3.989959,4.3005157,4.355701,4.2100844,5.263086,3.9641058,4.8213744,3.905449,3.3926444,4.145025,3.1941729,0.0,2.037176,5.296974,4.5692677,5.3523145,5.7114053,4.1126504,3.7761729,4.2753057,5.204006,3.849478,3.8745155,5.2525845,4.435805,4.4420624,5.1130886,4.187851,4.7866793,8.601951,7.6800704,6.9956484,7.526275,7.900628,7.378492,8.352964,8.94187,7.7602396,6.9285564,6.9622416,8.635945,8.644954,8.352502,8.444007,8.662637,4.9470825,7.4791427,7.179489,8.000339,4.647514,7.050906,5.643714,6.488567,7.3096085,7.9895606,7.8959,7.9157906,5.547742,5.64366,5.698433,5.7386923,7.5229573,8.001452,6.9587727,6.663546,6.7584186,6.8893075,7.7197294,7.433159,7.888367,6.7406836,7.0385137,6.8849406,7.4062304,7.625477,7.953596,6.7416267,8.561564,8.879581,8.974008,9.6206045,5.9344907,4.968296,5.174312,5.980479,7.6129446,7.3122067,7.737326,6.3152595,7.0951185,7.240102,6.601463,5.790607,7.8706164,8.212729,6.75832,6.3249784,7.2636075,6.7422776,6.997367,8.058574,8.483675,7.670833,8.09483,8.082282,4.9268126,6.37479,6.592332,6.244089,6.8520203,7.0576262,5.724359,5.7455664,4.8890595,5.8750787,6.192993,5.8656864,7.7121534,7.358995,9.394044,9.406589,7.1687675,7.6477556,6.8669057,7.621338
15,3.886619,4.945035,4.0950475,4.1993256,3.9444666,4.4233537,3.8804255,5.0934105,4.186809,4.991198,4.117951,4.0121408,4.1550508,2.8003066,2.037176,0.0,5.081458,4.3335786,4.794246,5.2115026,3.9253733,4.1562686,4.5620565,5.4597054,4.3180757,4.344902,5.826896,4.8216434,4.373374,5.461055,4.612886,5.1520467,8.429112,8.05344,6.7470565,7.3038855,7.882451,7.3270407,8.768299,8.932469,7.2053185,7.468889,7.3788066,8.925481,8.74838,8.792645,8.895337,8.763092,5.526714,7.7815704,7.0958667,8.182028,4.774236,7.0057397,5.7338805,6.464794,7.0739913,7.804176,7.7184258,7.8429832,5.69306,5.61131,5.232268,5.6872826,7.48561,8.053077,6.9321685,6.79768,6.443458,7.084224,7.764362,7.4762063,8.00373,6.961886,7.416866,6.963254,7.491479,7.952678,8.119057,6.5803914,8.186705,8.826402,8.931786,9.778046,5.84996,4.914048,5.1284776,5.8877892,7.871694,7.473214,7.93071,6.481002,7.0782723,7.681725,6.3070874,6.444283,8.015573,8.528704,6.6483655,6.178712,7.010451,6.5402374,6.7508388,7.847292,8.77891,8.097224,8.368291,8.279482,4.420469,6.6043167,6.305018,5.9294596,6.462637,6.7483873,5.306688,5.3213167,4.7334585,5.7259464,6.166569,5.6197796,7.375801,7.2048845,9.107462,9.327928,7.1065564,7.569334,6.818576,7.328379
16,5.5012116,5.1849923,5.597703,5.50516,6.032425,5.9988346,5.682322,4.9903994,5.120139,6.298973,6.2544913,5.215556,5.8913636,4.7458453,5.296974,5.081458,0.0,5.1795926,3.5503616,3.211512,4.6234446,3.7694538,4.2606134,4.7324286,3.9255297,3.9263394,6.131643,4.555976,3.1271303,4.6330643,4.122825,3.732949,8.020395,7.9554963,7.984697,7.91118,8.179608,7.5436087,8.900929,9.829027,6.887853,7.1050076,7.627479,8.491655,8.391064,8.453678,8.229087,8.633465,7.450604,7.8110695,7.423227,8.638649,5.6749473,8.206291,8.059814,7.197853,8.381989,8.166117,7.0954137,8.424764,7.663449,7.7214684,6.870563,7.4268613,7.878281,5.9153223,8.296806,6.292713,7.0844765,5.9170837,6.821913,6.410287,6.871832,5.094202,6.5315347,5.5762296,6.436411,7.6445484,6.978066,6.786572,10.179966,10.616291,10.091338,10.91444,4.780484,5.5086694,4.311797,6.149999,8.085494,8.031023,7.523686,7.252205,7.951043,8.494855,6.737807,7.1275854,6.6254096,6.8487177,5.410743,5.5397267,6.6959434,7.0525227,5.8631477,7.0537,8.603259,7.4531674,9.0031185,8.088907,4.7247276,6.798405,6.821356,6.998247,7.425448,7.689307,6.347673,6.3622837,5.280744,5.794771,5.7946653,5.1113253,6.8454957,7.023848,8.537808,8.966922,5.365731,6.018807,7.346298,6.2246237
17,4.508815,3.2884347,5.052217,5.210961,5.6662326,6.0682626,5.5729914,5.143316,4.911492,3.9784546,5.6941037,4.522314,3.886843,3.489991,4.5692677,4.3335786,5.1795926,0.0,3.9860585,4.633209,3.2501712,3.6932325,3.9013937,3.0606256,4.461425,4.455867,6.186709,4.834812,4.595557,3.8771255,4.3322415,5.884732,7.092577,7.3959618,6.1270404,6.380917,7.5389423,6.9925084,7.352902,8.550615,6.663208,6.450113,6.8080964,9.38436,8.737274,8.682463,8.371964,8.731699,5.01835,7.284831,5.783087,6.6219525,5.535402,7.0605445,5.5827208,6.4336553,7.1715283,7.5688004,7.676699,7.7311,4.7720265,4.886245,4.6679006,5.12348,8.670848,7.026802,6.498759,7.3783097,5.442146,6.18528,7.0358653,6.593384,6.926981,5.9206448,6.9964595,6.369837,7.8844757,8.553936,6.986622,7.5580497,9.0009575,9.506666,9.822162,10.3946,5.641311,3.096536,4.689759,5.4392867,7.3872123,6.105469,6.013663,6.39258,6.8376193,6.448838,5.0931697,5.419743,6.2018256,7.059545,6.638889,7.783219,6.2895446,5.606449,5.8970766,6.6022573,9.233116,8.773145,9.553268,9.002648,3.5357163,5.358769,4.6754947,4.8410015,4.9250836,4.8454003,3.848459,3.8492749,5.6135902,6.1876187,5.5878863,5.096847,6.154736,6.483554,8.168886,8.452761,6.3190355,6.3516893,6.799502,6.520062
18,4.795016,4.6982784,5.1341553,5.2226267,6.3865037,6.348555,6.179472,6.292889,4.4201927,5.4125395,5.5756454,4.1780243,5.3947554,4.325236,5.3523145,4.794246,3.5503616,3.9860585,0.0,1.3168297,3.429508,3.3989599,3.1169674,3.5041034,3.9833844,3.9896011,5.2730045,4.353332,3.691747,4.512448,4.1297536,5.1226325,6.543031,7.470903,7.0568237,6.3937216,7.79516,7.172176,8.412364,9.229658,5.55402,6.019202,6.3782883,8.340854,7.337407,7.5834165,7.276301,7.4327497,7.0491314,7.4532905,6.73011,7.5904045,6.084198,8.7971115,7.975317,7.292549,7.950714,8.172134,8.2448225,9.032098,6.347226,6.5709205,5.7966833,6.4147477,8.5713625,6.850583,8.020092,6.6375365,6.8366957,6.3849554,7.2684426,7.3107786,7.369659,5.686371,6.79826,6.0758486,7.200954,8.182977,7.28196,6.50442,9.565252,10.2135,9.900726,10.728771,6.42903,5.3253164,5.608538,6.703221,7.240615,7.257667,6.6418505,6.9256344,7.170191,7.7745466,5.6812057,6.2157974,6.846315,7.4270954,6.8428507,7.0927176,7.0166507,7.2833405,6.8477774,7.288484,8.969702,7.8694625,9.096978,8.743014,3.3444066,5.4796906,6.597046,6.3972487,6.4180427,6.615976,5.0880346,5.103539,5.2015643,5.807765,5.2030945,5.2049136,7.291621,7.3855968,8.439079,8.779539,5.218978,5.9776735,6.820702,6.3048053
19,5.4206214,5.171905,5.5189085,5.580756,6.8061223,6.758064,6.459001,6.4730887,4.9268265,5.8935666,5.8889256,4.6055317,5.907249,4.914152,5.7114053,5.2115026,3.211512,4.633209,1.3168297,0.0,4.2649927,3.6916564,3.5034504,3.8676534,4.2833323,4.291317,5.632465,4.7740836,4.019405,4.7473564,4.4784913,5.3800263,6.8035197,7.5439844,7.287023,6.672054,7.999902,7.381807,8.545765,9.287637,5.7674985,6.2656183,6.580263,8.522102,7.5418396,7.799933,7.4967885,7.6803513,7.5184207,7.8641768,7.242491,8.031374,6.2048764,9.21718,8.474597,7.7988486,8.32837,8.529143,8.344494,9.348298,7.026873,7.2031503,6.3305163,6.968385,8.62988,6.303009,8.3610325,6.184562,7.137947,6.4716496,6.8642673,6.8510284,6.9257894,5.0992937,6.399476,5.5549974,6.6657605,7.7750125,6.799105,5.9529963,9.654362,10.2738905,9.993837,10.793373,6.4601474,5.496661,5.5872436,6.800348,7.5632596,7.5243964,6.877016,7.106286,7.399147,7.9921465,5.859237,6.469574,6.6586246,7.289657,6.4326816,6.68816,7.2168984,7.752505,6.8924637,7.44595,9.185001,8.105805,8.947996,8.868827,3.670486,5.8044806,6.8357267,6.7398815,6.9217324,7.164392,5.747176,5.766457,5.668946,6.2342625,5.6432037,5.7062826,7.521645,7.6145883,8.806737,9.056359,5.5317106,6.2222824,7.0278463,6.5004497
20,4.0934496,4.2638135,4.594326,4.7046432,5.2049494,5.454922,5.1739,5.724256,3.6027648,5.1140356,5.1504703,3.4718378,5.216739,4.152304,4.1126504,3.9253733,4.6234446,3.2501712,3.429508,4.2649927,0.0,2.084463,2.3217196,3.2098854,3.2097192,3.201516,5.922033,3.6512587,3.433756,3.804218,3.005091,4.460261,7.4410634,7.4275594,7.478426,7.235774,8.376364,7.864283,8.834257,9.780156,6.352198,6.2587442,6.4194884,8.527725,8.06675,7.934228,7.6472416,8.123649,5.419675,6.5817227,6.4595747,6.5762486,5.8869987,7.6774483,6.9376106,5.5750175,7.449056,7.6211653,7.9807777,8.089475,5.638898,5.7241063,5.11075,5.7067447,8.501138,7.4992285,7.444978,7.9613285,6.342817,7.0116334,8.366802,8.101647,8.131783,6.8205523,7.9410906,7.2065005,7.7966666,8.7403755,8.283,7.5378766,9.680358,10.282181,10.238071,11.051417,5.8469415,4.4481797,5.064116,5.8433967,7.665512,7.4369774,6.748492,6.8356423,7.1425276,7.7985654,5.5215316,6.4103484,7.220056,8.065118,7.990565,8.011007,6.733561,5.7657523,6.111642,6.9674015,8.505592,7.5375996,9.174237,8.248505,3.0426931,5.649329,5.6840615,5.0937886,5.5070205,5.6831417,3.9630506,3.9664247,4.6091924,5.2759585,5.4557953,4.9711013,6.832597,6.98117,8.547577,8.985759,6.239579,6.8540597,7.1169286,6.9355135
21,4.6883874,4.27918,4.5292764,4.623245,5.342138,5.5080104,5.2527857,5.7146087,3.3415966,5.011578,4.90732,3.0780058,5.212221,4.236933,3.7761729,4.1562686,3.7694538,3.6932325,3.3989599,3.6916564,2.084463,0.0,1.3446225,2.692338,2.5160604,2.5092268,5.6389756,3.1951303,3.2256882,3.3973315,2.4873886,4.0489516,7.4285493,7.0398088,7.543521,7.3472385,8.252614,7.7466917,8.488519,9.696646,6.581919,5.957703,6.1478605,8.334083,8.023103,7.6905475,7.3669143,8.127532,5.6217,6.8209248,6.967233,6.8404603,5.5184736,8.039372,7.325337,6.083335,7.7490172,7.9158726,7.8631306,8.37597,6.1363688,6.1829343,5.58916,6.100745,8.357971,6.5488935,7.731723,7.112757,6.590819,6.843776,7.52826,7.2412615,7.1208086,5.615056,6.986913,6.143319,6.6948547,7.7439494,7.3833923,6.5813327,9.856392,10.153444,10.13619,10.86526,5.6449523,4.282876,4.635365,5.5728045,7.533874,7.2155056,6.487159,6.4254484,6.930701,7.4281945,5.381756,6.0075026,6.5488496,7.3342433,7.131412,7.096703,6.728537,6.347411,6.0972443,7.058015,8.289295,7.288656,8.514651,7.947143,3.189036,5.732622,5.9358816,5.5328703,6.041959,6.2753496,4.7541823,4.7719784,4.7700253,5.3958516,5.5552764,5.120398,7.0415354,7.164063,8.800924,9.213794,6.229187,6.782881,7.0993266,6.910197
22,4.4126897,4.0117254,4.227748,4.3293056,5.9248405,6.1203723,5.860393,6.1090307,2.9831412,4.741842,4.662851,2.7436466,5.443837,4.561951,4.2753057,4.5620565,4.2606134,3.9013937,3.1169674,3.5034504,2.3217196,1.3446225,0.0,2.3063624,3.1525261,3.1524572,5.1271687,3.6608098,3.760723,3.8574047,3.1915452,4.510524,7.001709,6.648732,7.391808,6.9273067,7.8825355,7.3471675,8.147796,9.363121,6.1248336,5.53937,5.701379,8.033938,7.664215,7.321473,6.986762,7.7729144,5.981663,6.4016333,6.5366464,6.3987646,6.236979,8.491279,7.8767014,6.7042375,7.305413,7.495068,8.11129,8.5516,6.226032,6.221443,5.283545,5.8971786,8.254987,6.709485,7.5737863,7.0605316,6.3662415,6.7369547,7.425321,7.4360657,7.0080457,5.517295,6.942702,6.058136,6.6165595,7.691165,7.275195,6.444246,9.780862,10.0722065,9.800524,10.543725,6.0127153,4.6774454,5.090522,5.822419,7.534528,7.1943045,6.3297896,6.5080466,6.8072953,7.2970753,5.1671724,5.8845987,6.7967153,7.223376,7.3044143,7.288811,6.5357385,6.4180017,6.3854156,6.8849916,8.310989,7.339033,8.539213,7.9740257,3.4128907,5.9118247,6.197464,5.7290635,5.8147755,6.053479,4.464362,4.48159,4.5586057,5.2026043,4.9721,4.9140534,6.861492,7.011417,8.347248,8.8001,5.711822,6.2856193,6.9680443,6.394938
23,4.68272,3.4226573,4.518688,4.6487923,6.6331296,6.796688,6.2185836,5.7120214,4.2015905,4.035971,5.5911937,4.111915,5.610081,4.6976085,5.204006,5.4597054,4.7324286,3.0606256,3.5041034,3.8676534,3.2098854,2.692338,2.3063624,0.0,3.8873966,3.8732102,5.744934,4.3585515,4.397105,3.0867972,3.8302894,5.4549537,7.265849,7.117565,7.6270633,7.089702,8.03705,7.5336194,7.7473593,9.024713,6.250759,5.715846,6.100671,8.651759,7.8195143,7.4773912,7.115266,7.89947,6.132074,6.877478,6.3443937,6.6141877,6.5056596,8.575161,7.876327,7.4390903,7.6565547,7.870183,8.26438,8.778481,6.383478,6.411591,5.396135,6.2211285,8.950535,6.8655415,7.3690395,7.1490483,6.112486,6.447615,7.1876063,7.227589,6.793892,5.2203627,6.9688344,6.068365,7.5664372,8.53191,7.108327,7.168995,9.754571,10.036902,9.787846,10.575374,6.1202364,4.2162595,5.221707,6.1262546,7.4533877,7.0680256,6.261505,7.317638,7.737111,7.2250924,4.848642,5.636127,6.276482,6.76861,7.118878,8.150678,6.6697702,6.6132245,6.5344296,6.7117405,8.999018,8.101249,9.197992,8.73961,3.2751067,5.6401215,5.9177246,5.9611235,5.7757545,5.7936997,4.4467196,4.4510455,5.5835853,6.126062,5.3057675,5.131646,6.6858897,7.202731,8.128826,8.629682,5.8461304,6.1326995,7.0791836,6.183515
24,4.70349,4.378826,4.545082,4.572201,5.2798066,5.039555,4.8486533,5.205958,4.138481,5.4911895,5.3788056,4.0747333,5.7525353,4.068183,3.849478,4.3180757,3.9255297,4.461425,3.9833844,4.2833323,3.2097192,2.5160604,3.1525261,3.8873966,0.0,0.05687705,5.045444,2.1722775,1.7058212,2.5257347,0.92322487,2.6926005,8.547489,8.145574,8.455747,7.9035277,8.880547,8.366137,9.298417,10.236201,6.4285007,5.8802915,6.143271,7.9489655,7.6538067,7.319325,7.1196413,7.758083,5.7475476,7.7725086,7.737626,8.18099,5.39689,8.414932,7.259844,6.851479,9.042054,9.225325,8.271855,8.932141,6.1922956,7.374828,7.0641775,7.4966483,8.654797,7.5457172,8.292879,6.9780073,7.383472,7.055232,8.144912,7.927434,8.069445,5.952126,7.3238373,6.601023,7.639556,8.54184,8.326718,6.969793,9.483089,10.116627,9.766664,11.122793,5.618769,4.8776407,4.8711653,6.5232363,7.4361095,8.140654,7.6498528,7.3776655,8.08778,8.364089,6.514789,6.0467114,7.4601636,8.048492,7.2832704,7.243241,7.5443234,7.236237,6.976289,7.940544,8.734336,7.2706623,8.88585,8.390641,3.6115234,6.0242467,7.0043674,6.79432,7.1788654,7.3873653,5.936438,5.9465795,4.565313,5.379646,5.6034927,4.917897,7.7667418,7.8810153,9.276273,9.713272,6.354094,7.4097147,7.6378593,7.447746
25,4.720872,4.3906875,4.5655556,4.591903,5.2879024,5.0403943,4.856249,5.2051325,4.14676,5.4956555,5.407715,4.087598,5.7631297,4.0842066,3.8745155,4.344902,3.9263394,4.455867,3.9896011,4.291317,3.201516,2.5092268,3.1524572,3.8732102,0.05687705,0.0,5.068063,2.1602888,1.7092083,2.499885,0.8865233,2.6955051,8.545481,8.146537,8.468003,7.912988,8.895125,8.381509,9.307662,10.251146,6.433569,5.875681,6.141958,7.9545445,7.651276,7.315544,7.1140122,7.755256,5.7383485,7.7660527,7.739405,8.175072,5.3958116,8.412311,7.2636604,6.835149,9.050497,9.229657,8.276948,8.927113,6.195466,7.3766456,7.071322,7.5002527,8.670502,7.544106,8.299806,6.992064,7.391239,7.05554,8.154269,7.933794,8.07931,5.9621997,7.331152,6.6145425,7.662161,8.558729,8.335247,6.995901,9.495593,10.128434,9.780716,11.133259,5.6122193,4.8667836,4.863638,6.521848,7.432028,8.141324,7.6395783,7.3874335,8.097009,8.366596,6.5108547,6.0456038,7.447195,8.044623,7.299227,7.2711477,7.5452933,7.233393,6.9717183,7.937406,8.734434,7.2648854,8.894317,8.396576,3.6047697,6.0071034,7.003261,6.796113,7.180322,7.3856583,5.935775,5.9457393,4.579914,5.3903975,5.6101108,4.920369,7.7641873,7.881671,9.279365,9.718041,6.3499503,7.405433,7.638985,7.448062
26,4.666538,4.6461334,4.778987,4.625303,7.4221177,6.8830447,7.283649,6.7483516,5.0890555,5.701312,5.2239347,4.5403476,6.26867,5.541114,5.2525845,5.826896,6.131643,6.186709,5.2730045,5.632465,5.922033,5.6389756,5.1271687,5.744934,5.045444,5.068063,0.0,5.2716117,5.108872,5.9402018,5.3322263,5.082204,8.134587,7.6384044,7.523824,6.726234,7.301522,6.657697,7.859515,8.945353,6.942757,5.513239,5.9305468,7.465089,7.2968936,7.057633,6.9231634,7.4818044,7.0554314,7.3944445,6.6017118,8.385396,7.336684,9.376613,8.029619,9.172239,8.067596,8.263132,9.419865,9.237837,6.6415105,7.86942,7.5274076,7.3822765,8.210325,8.808814,8.128302,6.678992,7.7835045,5.8499727,7.904194,8.394103,8.240644,6.4171743,6.529568,6.6827497,8.052493,8.1144705,7.909662,7.4902143,9.40009,9.845243,8.748858,9.695552,6.8285637,6.8329096,6.540891,7.874831,7.19549,8.006717,8.15092,7.4961443,7.7506204,7.879936,8.160394,5.507688,9.132336,8.099487,7.230185,7.059501,7.643331,8.268043,8.60106,8.474063,8.952164,7.483708,9.427218,8.71627,6.5499325,6.836919,8.761684,8.599639,8.163442,8.263146,7.0250726,7.0413833,5.0842047,5.7483373,4.414745,5.5906653,8.082937,7.4642315,8.698908,8.3448925,4.791896,6.092195,7.4286323,6.6696215
27,4.7512827,5.073042,4.6768966,4.74676,4.8913965,4.61552,4.8997335,5.474596,3.4983404,5.0625715,5.3382893,4.5013633,5.832117,4.1358237,4.435805,4.8216434,4.555976,4.834812,4.353332,4.7740836,3.6512587,3.1951303,3.6608098,4.3585515,2.1722775,2.1602888,5.2716117,0.0,2.8055668,3.6170354,2.3679883,3.5372405,8.4484825,8.398196,8.630403,8.109898,9.047958,8.574568,9.51468,10.710045,6.2848225,6.152943,5.9527516,7.838745,7.720643,7.54164,7.4950113,8.045513,6.042683,7.695507,7.753802,8.032362,5.561347,8.359834,7.0585604,6.4225926,9.271259,9.521341,8.2709055,8.849189,6.27718,7.3899407,6.9010444,7.6130667,9.189279,8.171159,8.771241,7.6012263,7.9200363,7.7036743,8.66958,8.539163,8.264488,6.4256787,7.4178033,6.787187,7.993706,8.703122,8.65147,7.2815537,9.618979,10.053689,10.070798,11.391481,5.8922014,4.9433765,5.0425506,6.550037,7.108817,7.8146,7.5867276,7.0495825,7.6372375,8.008189,6.7104616,6.2920585,7.77528,8.304263,7.8179846,7.734614,7.804541,7.7062163,7.607647,8.4061365,8.646867,7.135806,8.875289,8.40124,4.1901894,6.3265095,7.5675015,7.3247967,7.4589744,7.6421833,6.260063,6.269571,4.985325,5.6607895,5.924207,5.0767856,8.233407,8.353936,9.168272,9.892763,6.431987,7.509397,7.884524,7.220686
28,4.5838733,4.3411465,4.8055835,4.7401257,5.256627,5.0862217,4.826298,4.696593,4.620573,5.908904,5.7554755,4.729368,5.910344,4.131698,4.4420624,4.373374,3.1271303,4.595557,3.691747,4.019405,3.433756,3.2256882,3.760723,4.397105,1.7058212,1.7092083,5.108872,2.8055668,0.0,2.9807384,1.8048375,1.9765166,8.512823,8.375284,8.412315,7.833367,8.613074,8.088944,9.403355,10.225279,6.176632,6.3103027,6.6972623,7.8836412,7.666304,7.573451,7.304807,7.8352923,6.3247557,7.8434277,7.4569225,8.486983,5.5559535,8.159585,7.345622,7.014824,8.867857,8.841747,7.8935623,8.606173,6.6080184,7.7310987,7.192846,7.7357087,8.415064,7.4863586,8.355016,7.058254,7.2112765,6.5397115,8.07227,7.855313,8.063612,5.965009,7.376012,6.4845996,7.697542,8.685824,8.29372,7.2249403,9.700319,10.3914795,9.827243,11.260325,4.9422135,5.0791025,4.495264,6.4470415,7.4910355,8.282862,7.9187465,7.593302,8.236167,8.814567,6.8366137,6.532827,7.6399417,7.9273753,6.8197584,6.785396,7.075838,6.9461555,6.574183,7.4891586,8.543269,7.070518,9.290893,8.123056,3.8415046,6.3165865,6.980814,6.914564,7.203098,7.434964,5.9442677,5.94854,4.274155,4.8584785,5.224666,4.3542595,7.245727,7.4053855,8.763167,9.262405,5.7011404,6.87437,7.607856,6.962484
29,5.1044774,3.8955362,4.998852,5.0261083,6.329467,6.1837163,5.451299,4.878687,5.391829,5.3328767,6.395104,5.253132,6.421233,4.863384,5.1130886,5.461055,4.6330643,3.8771255,4.512448,4.7473564,3.804218,3.3973315,3.8574047,3.0867972,2.5257347,2.499885,5.9402018,3.6170354,2.9807384,0.0,2.290157,4.167232,8.898028,8.519803,8.833139,8.155138,9.155353,8.735893,9.093461,10.008334,6.580687,6.146283,6.5767965,8.695564,7.8765755,7.521809,7.168796,7.9650345,5.9610577,8.134129,7.58411,8.256174,6.054364,8.602717,7.536664,7.7158036,9.3028965,9.434131,8.628627,9.152682,6.6995406,7.828089,7.3064814,7.962414,9.469542,7.649852,8.235826,7.393882,7.128532,6.8184304,8.108606,7.875799,7.89426,5.717122,7.523158,6.6475654,8.512522,9.401834,8.180104,7.7176085,9.727099,10.324569,10.045908,11.426695,5.61471,4.3277555,4.9341464,6.7246914,7.5389543,8.236836,7.7563467,8.365618,9.050346,8.634138,6.2992887,6.0527005,7.1288238,7.7701087,7.3507648,8.334889,7.5539575,7.2460623,6.9219146,7.536692,9.325961,8.005737,9.708968,9.003545,3.36268,5.7918515,6.596062,6.807461,7.0796866,7.117933,5.832784,5.829754,5.7116194,6.2000384,5.9802513,5.3385077,7.4922485,7.937517,9.167055,9.535753,6.672081,7.461808,7.9062576,7.4766254
30,5.0148516,4.4942346,5.012859,5.0202417,5.379787,5.112428,4.995619,5.3796635,4.476093,5.76968,5.704525,4.2607827,5.961726,4.4434357,4.187851,4.612886,4.122825,4.3322415,4.1297536,4.4784913,3.005091,2.4873886,3.1915452,3.8302894,0.92322487,0.8865233,5.3322263,2.3679883,1.8048375,2.290157,0.0,2.7701542,8.520472,8.102273,8.499236,7.9484944,9.026191,8.573113,9.38562,10.449356,6.5718746,5.897468,6.2011714,8.054555,7.7985826,7.4625406,7.129952,7.883349,5.524641,7.70155,7.66822,8.0242405,5.4055643,8.351332,7.2320704,6.6980214,9.034256,9.139191,8.425675,8.786524,6.242228,7.450503,7.2390876,7.560271,8.969676,7.5747232,8.466541,7.420248,7.4936466,7.083189,8.392504,8.070581,8.19436,6.1368055,7.4633975,6.7586412,7.9468284,8.764281,8.413972,7.378476,9.804287,10.377794,10.169541,11.448613,5.5304456,4.7083197,4.78976,6.5012393,7.470508,8.116662,7.603651,7.514416,8.0955925,8.474729,6.595588,6.1069617,7.491023,8.131515,7.5975623,7.637525,7.49293,7.088573,6.868044,7.820825,8.710236,7.285414,9.259879,8.457062,3.611209,5.801608,6.869547,6.6625633,7.1489296,7.3235607,5.8952656,5.902137,4.8018327,5.375802,5.7071624,5.0502095,7.6916175,7.794313,9.425643,9.810863,6.405016,7.4614325,7.659571,7.6368003
31,5.130276,4.939266,5.2764764,5.0904675,5.6348395,5.357719,5.3903503,5.01842,4.9406047,6.6578827,6.03027,5.0906677,6.5902505,5.0733066,4.7866793,5.1520467,3.732949,5.884732,5.1226325,5.3800263,4.460261,4.0489516,4.510524,5.4549537,2.6926005,2.6955051,5.082204,3.5372405,1.9765166,4.167232,2.7701542,0.0,9.228218,8.432139,9.025655,8.58179,8.842976,8.319993,9.70492,10.744493,7.086314,6.6464996,7.1166296,7.5636683,8.224144,7.9211926,7.693759,8.4398365,6.658377,7.651089,7.690544,8.78572,6.165325,8.347875,7.892325,7.3467736,8.923552,8.656713,7.897671,8.46491,7.384518,8.472686,7.947249,8.23093,8.165989,7.8552814,8.696683,7.5128965,7.73122,6.689237,8.543915,8.306941,8.472289,6.4502397,7.7015276,6.929439,7.776322,8.667152,8.739538,7.9179335,10.298817,10.823969,9.94873,11.351316,4.8318524,6.0620975,4.784808,6.8098593,8.226772,8.959509,8.573867,7.970689,8.595412,9.283554,7.860551,7.130334,8.426387,8.174279,7.18712,6.723049,7.2191944,7.079743,6.8278575,7.7777348,8.386688,6.850033,9.5885935,7.942528,5.482265,7.374797,7.7965503,7.6945977,7.9816737,8.234775,6.8290133,6.8341045,4.235182,4.7492104,5.3409758,4.5410733,7.363107,7.3810496,8.943719,9.434885,5.6645775,6.965037,8.00855,7.1193943
