,0,1,2,3,4,5,6,7,8,9,10,11,12,13,14,15,16,17,18,19,20,21,22,23,24,25,26,27,28,29,30,31,32,33,34,35,36,37,38,39,40,41,42,43,44,45,46,47,48,49,50,51,52,53,54,55,56,57,58,59,60,61,62,63,64,65,66,67,68,69,70,71,72,73,74,75,76,77,78,79,80,81,82,83,84,85,86,87,88,89,90,91,92,93,94,95,96,97,98,99,100,101,102,103,104,105,106,107,108,109,110,111,112,113,114,115,116,117,118,119,120,121,122,123,124,125,126,127
0,0.0,5.2734575,7.5311365,5.598713,6.173671,6.177713,5.7072487,4.742274,5.2698965,4.267885,5.3184114,6.235922,4.6976333,5.3628364,5.434856,4.1374774,5.513438,5.5833144,6.2836385,6.315513,5.1572957,4.48755,6.864313,7.1416626,5.2541213,5.329125,6.2891903,6.152222,5.7993836,5.780685,6.738469,6.091585,8.750021,8.654628,10.012469,10.025465,8.064453,8.599129,8.350071,8.45238,9.634088,8.68128,9.038559,10.121475,10.122968,11.321632,9.75577,8.736882,6.653162,8.383066,8.235754,8.002128,7.7582874,7.7582874,7.7690954,8.151975,6.4262094,4.776571,7.1424556,4.8276644,7.79073,7.879576,7.7225695,8.071364,6.2579055,6.6198163,7.390862,6.3206553,5.0102115,6.5533533,7.1211314,6.990473,6.8054943,6.1140413,7.2641096,6.8276205,8.712143,8.87941,7.8080535,8.589593,5.7865095,8.554507,6.257496,6.354449,9.589432,9.635051,8.107698,8.192551,7.473667,6.7970085,8.810239,8.118613,8.167519,7.8913713,7.060428,7.909983,7.4702725,7.0985074,7.739501,9.195859,8.451926,7.7952776,7.0851493,7.5809627,7.427429,7.742093,7.791366,6.956764,8.65108,8.292775,7.3962517,8.814007,8.724847,7.8730674,9.600695,10.318683,7.869358,7.8258667,8.897493,8.886385,10.190646,9.77701,10.493096,10.975675,10.411695,10.382953,11.135855,10.757116
1,5.2734575,0.0,5.545941,4.923352,5.709148,6.372255,5.1201496,4.891155,5.914223,5.0996547,5.786034,4.26293,5.394006,7.8937216,5.954012,5.1125836,5.703262,5.705868,5.966907,5.960184,5.9447002,5.35627,6.988357,7.811183,6.373192,6.7086873,8.775218,8.764412,6.874246,6.883571,6.503572,7.101546,7.5045958,7.9794745,9.3413515,9.349383,7.972488,7.6221395,7.903383,7.184431,9.185914,7.959206,8.791256,9.806493,9.746707,10.425597,9.615254,8.352908,6.3851147,7.9699283,6.89658,6.1444783,7.2292366,7.2292366,6.295403,6.59091,6.748804,5.506946,6.3546324,5.057285,6.959824,7.083655,5.6564913,5.5542245,6.6666427,6.234675,7.2206445,6.376366,4.539927,6.2518153,6.3807807,6.890598,7.2597404,6.7277,6.3311524,6.8041353,7.170015,6.535492,6.4718657,6.426327,5.226789,8.502178,5.2283545,5.2785454,8.147421,8.090691,7.6781363,7.6927586,5.056252,5.7176723,7.3890147,5.312392,5.7809134,5.506619,6.156901,5.7662306,5.9652414,5.629422,7.0570526,8.270021,6.312125,5.044092,5.9435616,6.524569,7.226553,7.3252044,6.7751307,7.1651983,8.13353,6.6941404,6.8428273,7.6937704,8.121689,8.119364,9.248941,9.944563,7.1904826,7.8292084,8.1851225,8.164064,9.213974,8.882311,10.020158,10.544643,9.048073,9.029587,9.277546,9.308081
2,7.5311365,5.545941,0.0,4.1873016,5.7449875,5.686162,5.4734664,6.033304,6.7511516,6.3407717,6.5926557,4.8002453,7.5577626,9.768049,6.5467534,6.363667,7.77869,7.7999864,8.17018,8.238387,6.686034,6.4647765,7.188549,8.266538,8.182638,8.000344,9.72204,9.862753,8.064828,8.135752,8.486156,7.9201107,7.8705173,8.087795,8.673341,8.667481,8.511122,9.013502,8.230638,7.6288333,8.730943,7.79715,8.599175,8.840612,10.80801,9.483793,8.884028,8.035445,8.832396,8.236544,7.1328998,7.1397476,7.565316,7.565316,6.395482,6.7086644,6.3553486,6.6716156,5.450114,5.292061,8.548616,8.733102,6.5511327,6.320811,7.87546,6.7798038,7.642121,7.2615314,5.4056163,6.8928137,8.044146,6.412875,7.358471,7.0506244,6.3789387,7.0298448,6.2850747,6.6592493,7.640914,6.986985,5.0422053,7.943097,4.8591332,4.8125377,6.714049,6.664788,6.469594,6.5132823,4.6292844,6.0445056,6.886725,4.450555,6.023631,6.7398868,6.1940675,6.109787,4.490911,4.78447,4.9097004,6.5817676,6.683302,5.8302703,6.7607036,5.8698206,7.903857,8.276166,7.175674,8.800825,8.884488,7.6752195,7.2046747,7.6435337,7.040316,8.207673,10.003272,10.837095,7.249798,7.0197797,7.566259,7.5484657,9.077837,8.385642,9.474312,10.959004,9.763621,9.756713,9.953817,10.015269
3,5.598713,4.923352,4.1873016,0.0,5.541552,5.5250196,5.217047,4.4012284,5.238364,4.531288,5.1967936,4.7794366,6.3220625,7.3934803,6.5891805,5.928365,6.240188,6.278904,6.8851576,6.928685,5.062091,4.4177113,5.7361493,6.9983997,6.805839,6.3844337,7.7005877,7.7568383,7.0463676,7.117371,7.8609724,7.3507276,7.878579,7.8629756,8.744287,8.748573,7.7859774,8.271955,8.158088,7.6236334,8.199288,7.6610007,7.459028,8.46443,9.35026,9.517895,8.090835,7.1011944,6.4884963,5.956805,5.6906652,5.638017,7.0533457,7.0533457,5.8775167,6.299782,4.5171423,3.988302,5.8190217,3.60105,7.209767,7.48535,6.7811747,6.5331893,6.1281905,5.3722596,6.5896525,5.5038276,4.060418,5.3687105,6.8531117,5.0292087,6.728694,6.0810604,5.732009,7.1799617,6.7916427,6.8679266,6.794484,7.1506443,4.1336284,7.370856,4.1627407,4.1567774,7.0061283,7.075272,5.9488235,6.011185,5.62943,5.973057,6.4672437,5.4825196,6.308382,6.4494214,6.598326,6.856649,4.893569,3.9629457,4.7034545,6.7651772,6.2256017,5.589484,6.1383443,5.1775703,7.2756696,7.749256,7.4403462,8.181635,8.45129,7.7228513,6.786515,8.394172,7.3429613,7.6152773,8.540771,9.2998905,6.0055156,5.764191,6.959867,6.952247,8.023158,7.305973,8.542104,9.390186,9.114663,9.093809,9.250454,9.059613
4,6.173671,5.709148,5.7449875,5.541552,0.0,1.6110913,1.83538,3.8735054,4.959781,3.9349217,4.8822117,4.2369747,5.4375634,6.8727245,6.077394,3.9024105,6.2276497,6.256663,6.2796917,6.254666,4.951357,5.8135304,6.3169465,7.3243237,6.641917,6.9285994,7.80678,8.03958,6.858581,6.897623,7.289094,7.1449323,8.150164,8.352442,9.686408,9.687493,8.494288,8.428819,8.012338,8.265148,9.132103,8.312413,9.389858,9.599754,9.911758,10.667371,9.1784725,8.278704,7.829423,8.310547,8.691944,8.046219,6.7177224,6.7177224,5.722009,5.5896707,6.4502945,5.919648,6.248325,5.159558,7.1621165,7.136764,7.501815,7.237582,7.8175015,7.042523,8.169878,7.321519,6.0175276,7.1289563,7.1419883,7.254505,7.493464,7.2726545,6.530383,6.5924873,8.002181,8.172875,7.321992,8.332529,6.202729,8.924967,5.72571,5.7295084,8.83355,8.85399,7.694891,7.742625,6.880504,6.451122,8.259752,6.175906,7.205027,7.029897,5.518215,6.5814176,5.9049506,6.142978,6.5457706,8.027331,7.132957,6.0419946,6.302269,6.822365,7.68314,7.583153,7.5737786,8.391676,8.698621,7.692429,7.34615,8.518874,8.463057,8.452216,9.650303,9.958107,8.360378,8.315399,9.2293215,9.222254,8.962865,9.723908,9.2745,10.38381,9.881847,9.862991,10.443998,10.12085
5,6.177713,6.372255,5.686162,5.5250196,1.6110913,0.0,2.6627128,3.7390766,4.8237224,3.7688606,4.7452607,4.8711,6.1105013,7.4277015,5.986015,4.391787,6.9740376,7.021272,7.0112033,7.004206,4.8428574,5.8112288,6.207208,7.2680264,6.947029,7.040774,7.803695,8.052065,6.790728,6.8303237,7.968977,7.107304,8.417292,8.328432,9.68137,9.682155,8.410535,8.87925,8.225113,8.487777,9.163403,8.35875,9.486351,9.637692,9.981504,10.768513,9.215335,8.296699,8.422761,8.304045,8.688859,8.173893,7.393248,7.393248,6.4786186,6.307158,6.3670382,5.8006363,6.1238403,5.044923,7.579339,7.547029,7.9899387,7.749258,8.205033,7.4517417,8.493996,7.683729,6.4770503,7.534067,7.5648136,7.2930536,7.456622,7.202992,6.8296504,6.9113655,8.187235,8.815523,7.8629594,9.058412,6.3995523,8.915797,5.918611,5.921895,8.88468,8.903026,7.7871466,7.860981,7.412589,6.512561,8.337876,6.77932,8.170908,7.9537754,5.4555206,7.0937114,5.8085785,6.031439,6.5185385,8.031686,7.782776,6.792559,6.236784,6.7775702,7.7767696,7.7249746,7.610913,8.797442,8.837735,8.180169,7.438979,8.551916,8.438308,8.75602,9.869171,10.1281185,8.722443,8.327848,9.226892,9.222217,9.230172,9.785427,9.231547,10.333374,10.63461,10.618626,11.223539,10.878115
6,5.7072487,5.1201496,5.4734664,5.217047,1.83538,2.6627128,0.0,3.4162397,4.62224,3.5559602,4.552288,3.9809299,4.7613,6.388811,5.678458,2.978655,5.722587,5.750163,5.727298,5.7102256,4.6715145,5.6102276,6.4949164,6.886366,6.1490088,6.6377945,7.537757,7.593055,6.4823217,6.5044956,6.8059,6.6733427,7.9529047,8.185274,9.55204,9.551673,8.74247,8.67128,8.31934,8.426105,9.444489,8.481535,9.147291,9.967608,10.071906,10.939582,9.539664,8.554407,7.8611126,8.412407,8.628575,8.145521,6.7590137,6.7590137,5.3644805,5.553668,6.733442,6.259968,6.6015806,5.505742,7.461911,7.497322,7.166983,6.9074473,7.239463,6.699913,7.697026,6.7683263,5.4005303,6.7665267,6.617775,6.7993913,7.208204,6.8886905,5.9550366,5.9263935,7.6223836,7.615223,6.59989,7.7417936,5.5303116,8.463842,5.0520496,5.0645714,8.411623,8.432435,7.1986933,7.250376,6.3461604,5.975396,7.8010707,5.549923,6.6619287,6.51148,4.823582,6.0580125,5.4417586,5.990002,6.114036,7.7608123,6.790905,5.5445886,5.916265,6.496391,7.136992,6.958936,7.018503,7.7994246,8.200332,7.077645,6.7963667,8.097823,8.061955,7.943106,9.290903,9.605544,7.860229,7.8891654,8.900075,8.883515,9.212848,9.262912,9.550506,10.599112,9.456662,9.436557,10.005893,9.7001
7,4.742274,4.891155,6.033304,4.4012284,3.8735054,3.7390766,3.4162397,0.0,3.7860942,2.0114374,3.7006536,5.3884206,5.3179936,6.2335067,6.264574,4.55052,5.867219,5.916823,5.838449,5.8822894,3.1960297,4.6080523,5.584424,5.974967,5.76236,5.886327,6.874268,6.911525,5.734544,5.7371836,6.987446,6.3253665,8.031897,7.980393,9.441875,9.450415,8.27641,8.728853,8.0236225,8.15127,9.321081,8.365661,9.083757,9.818245,9.175595,10.840639,9.525182,8.475831,6.9946575,6.990799,7.304012,6.955466,8.040916,8.040916,6.8355684,7.0338693,6.3859725,4.6746907,6.0424533,4.789356,7.097938,7.136442,8.020993,7.770688,7.5613613,7.0149117,7.9525604,7.060648,5.505981,7.0132437,6.7751036,6.782729,6.776016,6.263716,5.978255,7.086009,8.170551,8.677068,7.66584,8.870658,6.2830997,9.073575,5.8894377,5.8993735,9.081301,9.092065,7.9825387,8.053542,7.3036942,6.535875,8.408008,6.6706953,8.11582,7.9677067,5.588586,7.252485,6.20637,5.76723,6.8794413,8.390463,7.4755282,6.3819737,5.746547,6.5153584,7.7576857,7.501841,7.580007,8.638082,8.679492,7.921069,7.424814,8.621315,8.716762,8.918306,9.812389,9.750088,8.156638,7.886642,8.949754,8.934351,9.100064,8.8842745,9.150398,10.155326,9.779688,9.762262,10.419669,10.173205
8,5.2698965,5.914223,6.7511516,5.238364,4.959781,4.8237224,4.62224,3.7860942,0.0,2.5384092,0.44466704,5.673051,3.7437813,6.9216743,6.629939,5.066453,6.3242126,6.374393,6.519715,6.5492344,4.157865,5.113429,4.4086113,6.508069,6.3349166,6.3611674,7.498471,7.498358,6.5224023,6.5306897,7.6030426,6.472811,8.564469,8.476132,9.821767,9.830531,8.648338,9.104448,8.16442,8.697309,9.989545,9.184486,9.5726385,10.427438,10.062583,11.591219,10.077708,9.139543,6.4634285,6.6992893,6.528683,6.1629558,7.331677,7.331677,6.1396904,5.967727,6.1322207,5.3636227,6.662967,4.7632732,7.873934,7.9727144,8.282492,8.164172,5.466006,5.0596905,6.321381,4.9068108,6.0311794,5.0397625,5.0620975,4.6831584,4.8707466,4.181828,3.8114288,5.063446,7.320127,7.7422147,6.2428904,7.920336,6.674855,7.293303,6.4006276,6.4433303,7.527755,7.5112305,6.210111,6.2610335,7.848952,7.0981574,6.963123,7.300674,8.640227,8.284722,4.6340976,6.300375,6.698733,6.33189,6.7439528,8.639699,7.817167,6.9785256,6.450072,6.886094,6.144417,6.2089925,5.9380484,7.228507,7.619217,6.743346,5.715096,7.3168635,7.1032343,7.267454,8.132854,8.309569,6.5001087,5.9871264,7.30014,7.3025084,8.446957,7.910219,8.342997,9.151873,8.8482,8.836938,9.719971,9.23538
9,4.267885,5.0996547,6.3407717,4.531288,3.9349217,3.7688606,3.5559602,2.0114374,2.5384092,0.0,2.5781376,5.039639,4.396041,6.088555,5.8233647,4.0713525,5.423028,5.484571,5.699044,5.6470213,3.3789954,4.5057936,5.2684665,6.059612,5.4799166,5.545673,6.7517486,6.83481,5.660086,5.674221,6.85548,5.960387,8.045577,7.797367,9.41356,9.4244,8.078002,8.534773,7.8092513,8.106881,9.5230255,8.66035,8.978065,9.960068,9.468885,11.142283,9.603432,8.605182,6.677449,6.965804,7.1117873,6.6265073,7.5929747,7.5929747,6.5523567,6.568261,5.8516083,4.536029,5.991184,4.397058,7.272774,7.349795,7.830523,7.701882,6.41462,6.007186,7.020293,5.887462,5.1623416,6.001901,5.999968,5.781854,5.8663106,5.1989236,5.0920196,6.041888,8.027797,8.274345,7.012204,8.448284,6.038681,8.20282,5.7477026,5.7968693,8.4447,8.450437,7.2531824,7.329252,7.326552,6.450896,7.7275777,6.735491,8.140564,7.7476497,5.0107546,6.6991153,6.0187354,5.5887365,6.530746,8.0968075,7.1533504,6.41958,5.5483794,6.152293,7.013761,7.023486,6.986703,7.8613553,8.343017,7.547511,6.74306,8.053298,8.1895,8.063149,8.794083,8.903886,7.4200425,7.011778,8.203798,8.197949,9.064955,8.81254,9.065409,9.870277,9.578708,9.560546,10.371913,9.954085
10,5.3184114,5.786034,6.5926557,5.1967936,4.8822117,4.7452607,4.552288,3.7006536,0.44466704,2.5781376,0.0,5.505353,3.794776,7.1310534,6.5421667,5.042623,6.391978,6.441056,6.5680323,6.6157236,4.153544,5.112018,4.3936357,6.502431,6.404905,6.4430637,7.6881824,7.6734133,6.5698047,6.579218,7.6667414,6.5844717,8.43821,8.395419,9.6932955,9.701635,8.549395,9.006813,8.058704,8.6364565,9.923321,9.148619,9.567074,10.366029,10.003966,11.531709,10.007505,9.111828,6.506784,6.695359,6.394254,6.054374,7.3167295,7.3167295,6.1211343,5.9363585,6.0880003,5.3766775,6.538656,4.7741585,7.8335013,7.905642,8.111604,7.9846168,5.532371,5.10164,6.354169,4.9501214,6.0119996,5.086306,5.0657635,4.728707,4.710087,4.1165314,3.7017448,4.981854,7.22658,7.7117653,6.2306204,7.890156,6.6533976,7.33041,6.377332,6.4168725,7.474087,7.4426594,6.190579,6.2362466,7.718597,6.9081755,6.87146,7.1765695,8.594702,8.167083,4.4895616,6.2248583,6.5902534,6.2231083,6.6753707,8.519409,7.690528,6.7757874,6.3090067,6.741721,6.16299,6.1924334,5.803903,7.2621927,7.5686617,6.7392745,5.701168,7.241896,6.9225764,7.282497,8.077861,8.26368,6.5113006,6.0243917,7.2056985,7.205799,8.306613,7.8192053,8.210681,8.975448,8.733272,8.725093,9.604258,9.127344
11,6.235922,4.26293,4.8002453,4.7794366,4.2369747,4.8711,3.9809299,5.3884206,5.673051,5.039639,5.505353,0.0,5.7252955,8.423558,5.241994,4.595313,6.565142,6.588932,6.9259644,6.8681345,6.2478786,5.4283195,7.202024,8.019925,7.3983817,7.6894627,9.429444,9.481554,8.010223,8.058385,8.031938,8.168295,7.834022,8.113395,9.296702,9.296699,8.15458,7.897774,8.282586,7.939879,9.114648,8.4028015,8.575567,9.4453745,10.391756,10.451225,8.857099,8.095584,7.7472086,8.42789,7.6467443,7.0330234,6.480077,6.480077,5.262143,5.2845473,6.2402415,6.344229,6.7498035,5.393075,7.902321,7.9734817,5.560404,5.342776,5.9622955,5.263663,6.5117054,5.326605,4.191068,5.351375,5.9184213,5.6062427,6.9799085,6.785779,5.7917476,5.82422,6.5792656,6.0510387,6.060229,6.1864567,4.4948583,7.5353193,4.2383165,4.269206,7.3671584,7.3367867,6.1065707,6.0982685,4.3083224,4.1868377,5.7991405,4.503218,5.3497286,4.090536,5.2930875,4.8624544,4.513762,4.829093,5.0003657,6.386291,4.9173503,3.8254497,4.9227004,4.880615,6.613676,7.0691366,6.4063287,7.2001944,7.790253,6.9825144,6.2336974,7.486787,6.869569,7.358977,8.001926,9.192945,6.9709167,7.2190657,7.45578,7.4405766,8.753018,8.992667,9.618584,9.848909,8.981782,8.968521,9.387855,9.071386
12,4.6976333,5.394006,7.5577626,6.3220625,5.4375634,6.1105013,4.7613,5.3179936,3.7437813,4.396041,3.794776,5.7252955,0.0,5.625495,6.5588026,3.7633302,4.8814034,4.897947,5.427023,5.4892936,5.4483676,5.996289,5.864896,7.298111,5.584008,6.0107865,7.3766437,7.2159185,6.6600776,6.6496115,6.1855717,6.499248,8.457086,8.93972,10.11885,10.126197,9.017169,8.61067,8.1518755,8.799042,10.407123,9.57714,9.840673,10.903525,10.661694,12.01849,10.517921,9.5986595,6.015227,8.341768,7.9129095,7.547795,6.4374676,6.4374676,5.90763,6.0252037,6.8252954,6.3081236,7.4614534,5.6890745,7.674043,7.8114285,7.523226,7.7096457,4.8674345,5.1551905,6.2594986,4.7969875,5.6910686,5.1191425,5.5560145,6.0091786,5.4090576,4.75469,4.5180736,4.1146865,8.025233,7.397912,5.634127,7.059546,6.506006,7.6679378,6.689289,6.762687,8.070232,8.060656,6.782843,6.7959266,7.4970565,7.5793614,7.868778,7.24328,7.4326806,7.1118145,5.6631513,6.3508906,7.6389704,7.60745,7.650216,9.404479,7.794459,6.8265796,7.6893954,8.014209,6.542446,6.628295,6.422363,6.0354705,7.9209685,6.539469,6.293508,7.812998,7.521905,6.3947835,8.169224,8.641708,6.3172374,6.7624226,8.000902,7.9955935,8.952642,8.621356,9.367173,10.087508,8.02149,8.001234,8.9087305,8.375325
13,5.3628364,7.8937216,9.768049,7.3934803,6.8727245,7.4277015,6.388811,6.2335067,6.9216743,6.088555,7.1310534,8.423558,5.625495,0.0,8.799308,5.83291,5.4183297,5.4462934,6.189717,6.1651554,6.252923,6.773673,7.983554,8.025275,6.081422,6.481839,5.1990786,5.156925,7.324092,7.3152647,6.983636,7.447165,10.399798,10.5646515,11.788174,11.798278,10.600496,10.301526,9.9952545,10.408071,10.828168,10.0543,10.142884,11.210965,10.806107,12.271675,10.843119,9.920515,7.089597,9.1807995,10.599773,10.313161,8.229353,8.229353,8.025171,8.61048,8.367131,6.9573116,9.328332,7.2186213,8.406925,8.558847,10.224933,10.304072,7.8877068,8.037319,8.99236,8.050349,7.0125823,7.9755354,8.442412,8.69687,9.152496,8.577774,8.641273,8.643099,10.405468,10.143142,8.765131,9.859528,7.933835,10.37602,8.087862,8.127389,11.467263,11.612911,9.741977,9.803736,9.757294,9.829691,11.10578,9.534712,8.924415,9.492276,9.285779,9.861368,9.844121,9.59549,9.561548,11.2005415,10.011404,9.49711,9.813247,10.120309,9.250082,9.189536,10.30787,8.683212,10.3071165,9.233706,9.307346,11.173563,11.310229,9.201741,11.265797,11.458644,9.031664,9.338616,11.256839,11.2512665,10.975088,10.929542,11.4138155,12.623855,10.706318,10.661067,11.270327,10.891229
14,5.434856,5.954012,6.5467534,6.5891805,6.077394,5.986015,5.678458,6.264574,6.629939,5.8233647,6.5421667,5.241994,6.5588026,8.799308,0.0,4.7916603,6.59768,6.659406,5.953638,5.977999,5.426912,5.031125,6.9443116,5.810273,5.153063,5.514967,7.522589,7.456082,5.1243596,5.130154,6.4735475,5.4219503,6.089319,5.8990197,7.715142,7.7173448,5.748559,6.539048,7.2608128,6.099271,8.011097,6.7011023,7.2520466,8.615823,9.423328,9.83265,8.071413,6.8562317,9.20023,10.0094385,9.020964,8.751576,8.226053,8.226053,7.834566,7.9911485,7.435824,7.0516734,7.5336914,6.2580023,7.3886333,7.46184,6.990728,7.234799,7.425435,7.46544,6.1786795,7.1863933,4.8319764,7.505981,7.9419923,7.5081034,7.5785656,7.239102,7.67101,6.6645727,8.457734,8.496072,7.883585,8.408948,4.457967,6.534742,4.647905,4.7532773,7.3964367,7.436016,7.004579,7.0756526,5.467738,4.570885,7.0249643,6.17643,7.0330067,6.1310806,5.2126284,6.110038,4.897065,5.5155373,5.840683,6.801159,6.9415264,6.089746,5.2899265,5.7767425,6.845097,7.3083367,6.5652137,6.9748406,7.1385837,8.478509,7.394186,6.51664,6.5567493,6.460471,8.300565,8.61767,7.9410214,7.7669153,7.331684,7.3161564,9.267081,8.789366,9.611157,9.995532,9.682798,9.653403,10.312033,9.894384
15,4.1374774,5.1125836,6.363667,5.928365,3.9024105,4.391787,2.978655,4.55052,5.066453,4.0713525,5.042623,4.595313,3.7633302,5.83291,4.7916603,0.0,5.0085297,5.0495467,5.5558486,5.5434065,5.3426695,5.957591,7.067943,7.262846,5.3347096,5.8838644,7.1609716,7.063308,6.152054,6.1524363,6.308775,6.221958,7.91345,8.11214,9.501329,9.501986,8.5130825,8.49394,8.175078,8.513294,9.824659,8.875905,9.210674,10.405442,10.444707,11.469732,9.905649,8.8996315,7.927384,9.466667,9.181139,8.946949,6.8879323,6.8879323,6.4872537,6.782479,6.8232617,6.381872,6.846912,5.708346,7.605783,7.698284,6.6466107,6.859589,6.532887,6.659773,7.4626164,6.436176,5.1137805,6.697536,7.085168,7.130217,6.6266627,6.0992136,6.189482,4.867058,8.374973,8.06908,6.4328003,7.8264236,5.221386,8.232355,5.4521823,5.52731,8.626116,8.621467,7.5219693,7.581749,6.594816,6.2680006,8.240246,6.3158298,7.0094137,6.5357103,5.2988496,6.6754465,6.290717,6.883628,6.9320073,8.406513,7.505129,6.459911,6.7484045,7.1914334,7.138605,7.160569,6.9767094,6.8150506,8.38484,7.390516,7.0243936,8.145434,8.12216,7.188784,9.02665,9.594383,7.7881484,7.987222,8.902771,8.887116,9.95223,9.679777,10.232762,10.988886,9.765356,9.7442465,10.411673,9.997729
16,5.513438,5.703262,7.77869,6.240188,6.2276497,6.9740376,5.722587,5.867219,6.3242126,5.423028,6.391978,6.565142,4.8814034,5.4183297,6.59768,5.0085297,0.0,0.10858073,3.258194,3.1464334,5.165532,5.902072,6.614697,6.271986,3.4899282,4.421616,5.525507,5.631638,5.077425,5.165478,3.9152255,5.440802,6.1822834,6.597766,7.702855,7.719135,7.049999,6.240727,6.1856985,6.813357,8.216054,7.8194275,7.26332,8.741431,8.692412,10.076132,8.591504,8.05006,6.1708474,8.152998,8.472205,7.882036,6.6536584,6.6536584,6.890088,7.2863,6.1614995,5.935536,6.325955,5.8445106,6.0349793,5.926293,6.9028363,7.0728602,6.9583974,6.942492,6.728734,6.8899336,4.9108615,6.9381332,7.9142423,7.791006,6.825592,6.9029655,6.747659,6.7570767,9.046665,8.639471,7.3066134,8.350348,6.012358,8.3692,6.161073,6.228034,8.69804,8.77318,8.414801,8.462992,7.3217998,7.7467785,9.2055435,6.8463383,6.740764,6.9258637,7.5857415,7.9186616,7.210089,6.7383657,7.4516883,8.01138,6.501161,6.365945,7.9025664,7.182229,8.278493,8.499785,8.514099,7.61342,9.190227,8.262735,8.403344,8.834855,8.883863,6.6881332,8.31598,8.427053,6.4159636,7.009585,8.053915,8.039839,8.666054,8.732878,9.291516,10.525968,8.011279,7.9798303,8.444928,8.027359
17,5.5833144,5.705868,7.7999864,6.278904,6.256663,7.021272,5.750163,5.916823,6.374393,5.484571,6.441056,6.588932,4.897947,5.4462934,6.659406,5.0495467,0.10858073,0.0,3.2646255,3.1539884,5.2286735,5.964918,6.657745,6.3262234,3.5493,4.4845443,5.5916758,5.6970587,5.141333,5.2287674,3.9058478,5.4983315,6.1946006,6.636023,7.7261086,7.7422347,7.095665,6.2482195,6.203557,6.827973,8.243678,7.85059,7.3029,8.769978,8.717194,10.0939865,8.6265545,8.087744,6.169416,8.177927,8.488827,7.898235,6.6506705,6.6506705,6.8885446,7.2863755,6.204304,5.9803076,6.351502,5.88677,6.038642,5.9345202,6.901869,7.069301,6.987979,6.9666986,6.7610664,6.919941,4.9475164,6.962933,7.945446,7.831691,6.8676763,6.942703,6.7621713,6.7774067,9.065675,8.63289,7.309167,8.339172,6.052891,8.41105,6.197097,6.2629013,8.720137,8.794238,8.448636,8.495168,7.330414,7.7978115,9.2378,6.8462725,6.7171574,6.915583,7.6291566,7.933753,7.25256,6.7819734,7.4900312,8.048646,6.503737,6.3645816,7.956828,7.2295957,8.325632,8.540413,8.553329,7.648313,9.230816,8.27525,8.443768,8.873428,8.918539,6.7192206,8.345147,8.454755,6.430009,7.0478296,8.088935,8.074747,8.675166,8.751303,9.314566,10.554953,7.9845676,7.9530954,8.412311,8.000492
18,6.2836385,5.966907,8.17018,6.8851576,6.2796917,7.0112033,5.727298,5.838449,6.519715,5.699044,6.5680323,6.9259644,5.427023,6.189717,5.953638,5.5558486,3.258194,3.2646255,0.0,0.57140476,4.2125893,5.5420427,5.9487166,4.460925,2.3669357,3.6192753,5.262557,5.2269783,3.953693,3.9401388,2.7279906,4.541937,5.80964,6.4192104,8.184117,8.196579,6.8712955,5.9593706,6.8074827,5.965283,8.444367,7.184874,7.5302534,9.07249,8.709029,10.268024,8.81735,7.486983,7.445648,9.227963,9.261516,8.432475,8.305758,8.305758,7.6569495,7.970398,7.9681315,6.898478,7.8749895,6.8344693,5.8779263,5.949905,8.488156,8.500289,8.013334,7.8693194,6.579596,7.7623034,5.434997,7.861742,7.922269,8.451488,8.126521,7.8234644,7.3109517,7.6784296,9.825856,9.220286,8.141748,9.058984,6.386094,8.203345,6.275022,6.3174586,8.415443,8.524515,8.51276,8.541571,7.3740234,7.6920805,9.229274,6.794985,6.8315687,6.9532127,6.9066124,7.293195,7.000891,6.79764,7.7714334,8.708546,6.989175,6.2208357,7.160181,7.604875,8.106833,8.300602,8.233987,7.7836266,8.482148,8.484076,8.598133,8.099947,8.826357,6.9982634,8.879232,8.099108,7.541861,7.942387,8.473659,8.460571,8.732518,8.530283,9.3673935,10.549364,7.9882245,7.9404793,8.535563,8.100347
19,6.315513,5.960184,8.238387,6.928685,6.254666,7.004206,5.7102256,5.8822894,6.5492344,5.6470213,6.6157236,6.8681345,5.4892936,6.1651554,5.977999,5.5434065,3.1464334,3.1539884,0.57140476,0.0,4.365706,5.618236,6.1311827,4.6870704,2.4829903,3.6881855,5.3036456,5.336114,4.0404196,4.0376587,2.7320645,4.522007,5.917019,6.4076047,8.272945,8.286544,6.9602685,6.033333,6.8374777,6.0240974,8.504862,7.242863,7.481293,9.092672,8.716309,10.253085,8.846099,7.533247,7.419562,9.218434,9.336016,8.4559965,8.245091,8.245091,7.5910707,7.8864713,7.9542227,6.951531,7.8763485,6.8642035,5.9516115,6.011626,8.468628,8.46888,7.960077,7.8025827,6.559594,7.718364,5.366662,7.800371,7.837211,8.407144,8.177638,7.8717027,7.3451266,7.7064366,9.811658,9.125915,8.108786,8.981614,6.377961,8.220631,6.263352,6.314203,8.48212,8.591876,8.533393,8.56623,7.352524,7.6645613,9.195757,6.7219534,6.7888994,6.920914,6.889518,7.2140665,6.9745073,6.781872,7.763811,8.639613,6.8832917,6.2506413,7.083994,7.538606,8.061659,8.245856,8.269998,7.7375116,8.487559,8.401659,8.567369,8.087612,8.980411,7.0604653,8.871518,8.135623,7.5593696,7.968596,8.549395,8.538027,8.874013,8.7238245,9.506073,10.692538,8.128479,8.080163,8.66497,8.245311
20,5.1572957,5.9447002,6.686034,5.062091,4.951357,4.8428574,4.6715145,3.1960297,4.157865,3.3789954,4.153544,6.2478786,5.4483676,6.252923,5.426912,5.3426695,5.165532,5.2286735,4.2125893,4.365706,0.0,3.4562547,3.7842512,3.118299,3.791082,3.9907858,4.911909,4.97677,3.7294743,3.7306778,5.515036,4.4506006,6.472113,6.424715,8.059918,8.071314,6.56604,7.1372185,6.703029,6.369416,7.7860074,6.593382,7.463208,8.272634,8.031849,9.5729475,8.012179,6.802968,6.992308,7.1180534,7.4817166,7.0605,8.104623,8.104623,7.113397,7.31098,6.617348,5.0842657,6.542555,5.0229464,6.0816655,6.1096654,8.665633,8.519188,7.451451,6.931085,6.3721213,7.0043454,5.1607957,6.9204297,6.9150434,6.7086983,6.7267046,6.4041433,6.220506,7.2436433,8.323809,8.935961,7.986526,9.0686865,6.0007434,7.583448,5.619795,5.628928,7.9991355,8.096774,7.3251038,7.3927217,7.26085,6.654954,8.105901,6.7871156,7.8921957,7.9823427,5.5831122,7.0146055,6.10179,5.5613203,6.479695,7.9234233,7.3776283,6.4620957,5.897789,6.461115,7.1838355,7.1957183,7.237945,7.994662,7.611952,8.02484,7.4077306,7.4834156,7.7510476,7.395237,9.002496,8.384948,7.3239355,6.9076514,7.713859,7.7046742,7.828516,7.5014205,7.8920517,9.299086,8.572005,8.539929,9.297042,8.923145
21,4.48755,5.35627,6.4647765,4.4177113,5.8135304,5.8112288,5.6102276,4.6080523,5.113429,4.5057936,5.112018,5.4283195,5.996289,6.773673,5.031125,5.957591,5.902072,5.964918,5.5420427,5.618236,3.4562547,0.0,5.14531,4.914271,5.1731806,5.346464,6.0110373,6.0514107,5.2337184,5.2544613,6.505083,5.6868944,7.4184413,7.3588476,8.743925,8.75799,6.498368,7.088239,7.554685,6.496074,7.5292854,6.338612,7.036406,7.898257,8.868247,9.293318,7.6013937,6.489486,6.499764,6.7633305,6.979386,6.180434,7.5260887,7.5260887,6.593091,6.921768,6.1783,4.601395,7.1395144,4.306502,7.0471945,7.079492,8.104668,8.02335,6.3978467,5.88762,5.547622,5.904037,3.9945748,5.838223,6.078391,5.693024,7.3897104,7.1416593,7.045775,7.809193,7.1823707,7.8506374,7.9054337,7.9565296,4.936142,6.9253263,4.552417,4.5848036,7.9182415,8.069464,6.502821,6.5638084,6.0574455,5.3522468,7.0331435,6.9021764,6.8105655,6.851239,6.4830294,6.347718,5.594724,4.763359,5.5357604,7.1325426,6.590586,5.988605,5.167841,5.5643635,6.383779,7.0645137,7.1015935,7.150856,7.08376,7.8208475,6.556989,7.3677435,7.117001,7.0705667,8.633399,9.063143,6.707098,6.3044024,7.0041256,6.991837,8.155312,7.908752,8.856264,9.566982,8.895168,8.855282,9.518448,9.167279
22,6.864313,6.988357,7.188549,5.7361493,6.3169465,6.207208,6.4949164,5.584424,4.4086113,5.2684665,4.3936357,7.202024,5.864896,7.983554,6.9443116,7.067943,6.614697,6.657745,5.9487166,6.1311827,3.7842512,5.14531,0.0,5.100973,5.574368,5.0546546,6.419233,6.5620966,5.557869,5.5889535,6.995499,5.7662377,6.9651837,7.074979,8.350895,8.359791,6.732029,7.3147755,6.7154365,6.6779084,7.673388,6.71421,7.8373876,8.164572,8.074103,9.319357,7.810244,6.447723,6.5183187,6.687012,6.6580563,6.2739897,7.8343515,7.8343515,7.039853,6.865688,6.364368,5.6205335,6.962066,5.1435127,5.8982143,5.972747,9.030214,8.882753,6.9924617,6.3051295,5.910422,6.6593757,6.623421,6.311298,6.7724924,6.2685037,6.0424175,5.7297254,5.7106705,7.07648,7.9617324,8.573023,7.4209332,8.718076,6.8262196,6.4418917,6.790464,6.8011827,6.390777,6.4686236,6.3810153,6.4120555,8.125465,7.780269,7.326418,7.4726324,8.667426,8.766666,5.8939633,7.148552,7.0865054,6.3654933,7.2255025,8.881568,8.474299,7.5216684,7.4257374,7.64673,6.553259,6.6838303,6.321927,7.483089,6.8835883,7.353066,6.764668,6.6715055,6.744062,6.462229,8.208844,7.504457,6.2229166,5.899469,6.5055823,6.526301,6.0404553,5.8593593,5.8672805,7.532487,7.9715586,7.9483466,8.330939,7.9742794
23,7.1416626,7.811183,8.266538,6.9983997,7.3243237,7.2680264,6.886366,5.974967,6.508069,6.059612,6.502431,8.019925,7.298111,8.025275,5.810273,7.262846,6.271986,6.3262234,4.460925,4.6870704,3.118299,4.914271,5.100973,0.0,3.9698725,4.3249764,5.291731,5.1890554,3.7134464,3.7064466,5.5737658,4.5900345,5.685354,5.6640644,7.3021502,7.3133,6.106791,6.7102675,6.8806014,5.82319,7.578422,6.41031,6.8005767,8.010183,7.85771,9.400199,7.7732315,6.689678,8.661005,8.650206,8.67404,8.539521,9.539757,9.539757,8.620995,8.89165,8.332444,7.2929783,8.34438,7.237844,6.6932244,6.7761726,9.8675,9.763855,8.74089,8.437899,6.2673225,8.326507,6.159109,8.417228,8.602537,8.141307,8.12973,7.918962,7.6965847,8.573919,9.660979,10.070931,9.334993,10.183738,6.902043,7.4743543,6.54385,6.553806,8.148892,8.301696,7.9841285,8.042904,7.9216533,7.5976343,8.7309475,7.5539436,8.5133915,8.571451,6.78044,7.949611,6.937118,6.526444,6.993024,8.0364685,7.8860097,7.161729,6.9383154,7.103861,8.327995,8.360447,8.359425,9.029603,7.956074,9.582274,8.96434,7.8490005,7.9031477,7.4330506,9.146597,7.8412375,8.021161,7.594373,7.738571,7.7258186,7.9205365,7.1533437,8.010555,9.434357,8.142279,8.099817,8.940271,8.488877
24,5.2541213,6.373192,8.182638,6.805839,6.641917,6.947029,6.1490088,5.76236,6.3349166,5.4799166,6.404905,7.3983817,5.584008,6.081422,5.153063,5.3347096,3.4899282,3.5493,2.3669357,2.4829903,3.791082,5.1731806,5.574368,3.9698725,0.0,2.1437137,3.8940308,3.8431654,2.4275088,2.4210074,3.1693015,3.2079318,5.5184674,5.642862,7.4916453,7.506124,5.950609,5.9443445,6.2365446,5.7421055,7.7641206,6.525646,6.8423305,8.461635,8.069316,9.746123,8.205592,6.8915334,7.5024123,9.076935,9.126629,8.655989,8.312562,8.312562,8.15913,8.4960785,7.4401655,6.3904867,7.3976693,6.3382444,5.6611433,5.6780252,8.384101,8.562779,7.8370333,7.910533,6.4792204,7.7934513,5.4154234,7.89697,8.28824,8.345065,7.5047617,7.2085676,7.5622725,7.457672,9.723549,9.632018,8.2557,9.417568,6.0321274,7.657851,6.2201495,6.289587,8.364077,8.477135,8.418327,8.486302,7.675429,7.5630918,9.220691,7.3549137,7.7270403,7.8341217,6.845068,7.876361,7.097065,6.8609376,7.7597914,8.637218,7.8597703,7.2431507,7.3816905,7.6459618,7.8344765,8.003276,7.9919434,7.399838,8.151768,8.620135,8.455791,7.8089705,8.540821,6.528101,8.835504,8.1360035,7.4493155,7.595876,8.129376,8.119939,8.731956,8.251287,8.988741,10.25983,8.673308,8.629925,9.211894,8.791808
25,5.329125,6.7086873,8.000344,6.3844337,6.9285994,7.040774,6.6377945,5.886327,6.3611674,5.545673,6.4430637,7.6894627,6.0107865,6.481839,5.514967,5.8838644,4.421616,4.4845443,3.6192753,3.6881855,3.9907858,5.346464,5.0546546,4.3249764,2.1437137,0.0,4.1505885,4.2761097,2.7819064,2.7965262,3.9669576,3.2993662,6.034765,5.9315057,7.8037,7.8210144,6.017959,6.340812,6.210399,5.711123,7.8626814,6.5887103,6.8607764,8.210927,8.08131,9.407219,7.966617,6.5028715,7.297629,8.752974,8.72137,8.341436,8.609219,8.609219,8.415041,8.684005,7.046362,6.129134,7.2578497,6.130601,5.7481666,5.8622947,8.83156,9.02312,7.813476,7.774631,6.4046755,7.74707,5.454601,7.760469,8.34081,8.144542,7.2397585,6.695213,7.433097,7.799413,9.937557,9.650333,8.704575,9.502277,6.1623745,7.6098104,6.687897,6.768095,8.060761,8.172476,8.106968,8.189071,7.7590218,7.7387033,9.089622,7.3120193,7.9424243,8.192661,6.821583,7.940842,7.1686997,6.7152495,7.783702,8.824266,8.168446,7.676244,7.42754,7.699067,7.8905964,8.068691,7.99513,7.5374546,8.190227,8.727571,8.48434,7.7143946,8.550471,6.7720275,9.119613,8.352045,7.4472365,7.4503417,8.095851,8.099253,8.47883,8.030931,8.554129,10.010463,8.883682,8.840999,9.391494,9.021507
26,6.2891903,8.775218,9.72204,7.7005877,7.80678,7.803695,7.537757,6.874268,7.498471,6.7517486,7.6881824,9.429444,7.3766437,5.1990786,7.522589,7.1609716,5.525507,5.5916758,5.262557,5.3036456,4.911909,6.0110373,6.419233,5.291731,3.8940308,4.1505885,0.0,1.1407052,4.2234,4.2511764,5.7776265,4.6148825,8.045244,7.7309284,9.165264,9.179315,7.7606874,8.318096,8.1375885,8.024374,8.076495,7.099503,7.3357573,8.679869,8.429951,9.934037,8.438551,7.2838593,8.137228,9.038587,10.45223,10.138044,8.974373,8.974373,8.963677,9.435165,8.133783,7.063071,8.854534,7.172776,6.97864,6.932947,10.511641,10.582254,8.995918,9.029859,8.10194,9.114668,7.22799,8.9982605,9.457784,9.210731,9.148526,8.941179,9.461171,9.466352,10.463381,11.010503,9.62369,10.881551,7.417134,8.6892,7.543028,7.5890985,10.049151,10.267722,9.415596,9.521028,9.781663,9.349531,10.684351,9.5214405,9.53301,10.2296915,8.869265,9.982678,8.886313,8.55563,8.916255,10.032976,10.097922,9.744146,9.303945,9.407024,8.724681,8.800693,9.713149,8.588427,9.031284,9.649187,9.366607,9.602583,10.196488,7.8586855,10.446376,9.859373,8.537736,8.372623,9.6930895,9.692684,9.5890665,9.177655,9.602305,11.300221,10.4693165,10.418155,10.785247,10.429495
27,6.152222,8.764412,9.862753,7.7568383,8.03958,8.052065,7.593055,6.911525,7.498358,6.83481,7.6734133,9.481554,7.2159185,5.156925,7.456082,7.063308,5.631638,5.6970587,5.2269783,5.336114,4.97677,6.0514107,6.5620966,5.1890554,3.8431654,4.2761097,1.1407052,0.0,4.3310533,4.3267565,5.9473376,4.866337,8.145618,7.9325986,9.30507,9.316726,7.9613867,8.5086775,8.590204,8.381483,8.477684,7.5159035,7.553356,9.210565,8.7403555,10.491305,8.8421335,7.6187124,8.39351,9.360739,10.57031,10.32112,9.24197,9.24197,9.127892,9.663436,8.393699,7.272636,9.2642145,7.4537735,7.2561884,7.2487435,10.518632,10.61295,8.900595,9.124068,8.12297,9.034469,7.3056507,9.0740795,9.454198,9.256438,9.173245,8.919704,9.437952,9.350218,10.611061,11.136072,9.475178,10.969878,7.3342357,8.6060705,7.4950237,7.5404143,9.992349,10.209678,9.377877,9.477614,9.871951,9.298149,10.639423,9.667083,9.638932,10.157484,8.836416,10.078257,8.909456,8.670681,8.980732,10.192432,10.207386,9.698702,9.299755,9.477319,8.646688,8.761202,9.593096,8.467013,8.957434,9.728817,9.313188,9.666085,10.024164,7.698306,10.220914,9.611725,8.523306,8.380895,9.625379,9.620167,9.7495985,9.0061655,9.787764,11.2132015,10.43425,10.383791,10.732741,10.316199
28,5.7993836,6.874246,8.064828,7.0463676,6.858581,6.790728,6.4823217,5.734544,6.5224023,5.660086,6.5698047,8.010223,6.6600776,7.324092,5.1243596,6.152054,5.077425,5.141333,3.953693,4.0404196,3.7294743,5.2337184,5.557869,3.7134464,2.4275088,2.7819064,4.2234,4.3310533,0.0,0.23624243,3.9299052,2.0804226,5.6847515,5.4195957,7.34676,7.3657355,5.6783586,6.4387903,6.2632775,5.6512966,7.58815,6.1485996,6.9238896,8.250133,8.0103,9.461187,8.228574,6.9465075,8.123774,8.850349,9.019871,8.438863,8.829336,8.829336,8.485856,8.757691,7.540706,6.6503344,7.2116475,6.452451,6.29271,6.1196494,8.928442,9.012695,8.773102,8.676993,7.1089015,8.6073675,6.2230763,8.675035,8.628747,8.724795,7.780384,7.6638627,8.156303,8.279292,9.653139,10.056166,9.131131,10.010197,6.5409184,7.867676,6.567883,6.643162,8.435257,8.550351,8.582979,8.688138,7.9781837,7.379584,9.331847,7.7082376,8.46445,8.777324,6.56262,7.931445,6.7668533,6.5127473,7.70379,8.409726,8.280732,7.71398,6.9888444,7.4561515,7.8639965,7.9079475,7.8644614,7.9544754,7.9636054,8.823902,8.426946,7.3841453,8.384511,7.2206507,9.42209,8.598176,7.980341,7.7366676,8.171228,8.159956,8.880783,8.319559,8.836101,10.349292,9.381178,9.342986,9.919164,9.623267
29,5.780685,6.883571,8.135752,7.117371,6.897623,6.8303237,6.5044956,5.7371836,6.5306897,5.674221,6.579218,8.058385,6.6496115,7.3152647,5.130154,6.1524363,5.165478,5.2287674,3.9401388,4.0376587,3.7306778,5.2544613,5.5889535,3.7064466,2.4210074,2.7965262,4.2511764,4.3267565,0.23624243,0.0,3.9380243,2.088501,5.815283,5.5730677,7.522346,7.5407696,5.8114934,6.554993,6.425405,5.7427564,7.754074,6.2522163,7.0905876,8.425784,8.141787,9.618641,8.391389,7.048532,8.209439,8.980558,9.118611,8.523578,8.9668455,8.9668455,8.586022,8.859534,7.697655,6.718454,7.3543916,6.537049,6.3831234,6.231471,9.047137,9.135207,8.826585,8.744697,7.1737223,8.660673,6.292588,8.740278,8.633954,8.787562,7.8710194,7.710321,8.203591,8.321472,9.749613,10.131266,9.188441,10.0804,6.612889,7.9349303,6.637376,6.7114863,8.501848,8.615514,8.652116,8.755438,8.047692,7.4371753,9.401528,7.7894044,8.532601,8.83246,6.562179,7.947465,6.841106,6.613725,7.818439,8.571727,8.393841,7.7840924,6.9984536,7.5745373,7.8784637,7.9289536,7.8720484,7.960064,7.983625,8.853817,8.4529,7.401331,8.456101,7.300355,9.517952,8.671841,8.098654,7.8536644,8.283995,8.272583,9.0116825,8.408369,8.967226,10.445886,9.470647,9.431912,10.02348,9.723502
30,6.738469,6.503572,8.486156,7.8609724,7.289094,7.968977,6.8059,6.987446,7.6030426,6.85548,7.6667414,8.031938,6.1855717,6.983636,6.4735475,6.308775,3.9152255,3.9058478,2.7279906,2.7320645,5.515036,6.505083,6.995499,5.5737658,3.1693015,3.9669576,5.7776265,5.9473376,3.9299052,3.9380243,0.0,3.8654828,6.163961,6.7922773,8.351725,8.369994,7.2418094,6.3742404,6.3772526,5.665019,8.697925,7.251433,8.023846,9.026536,9.338925,9.9911585,9.272674,8.186846,7.651674,9.709728,9.630506,8.875712,8.402995,8.402995,8.165898,8.530671,8.482651,7.672973,7.7627406,7.3055415,6.643627,6.660325,8.858714,9.020809,8.779975,8.562675,7.116351,8.644615,5.9983306,8.572822,8.816432,9.282055,8.525704,8.286018,8.134525,8.267396,10.078924,9.363205,9.198651,9.09621,7.230393,8.899976,7.3017297,7.3678136,9.100062,9.194616,9.195853,9.247021,7.4842505,8.53302,10.147695,7.2147098,6.8616776,7.7882867,7.6817265,7.558286,7.8795033,7.6720753,8.483376,9.195536,7.7030845,7.311327,8.2703705,8.481343,8.9007635,8.972882,8.908124,8.153226,9.123612,8.816362,9.292564,8.256404,9.396532,7.5810914,10.227259,9.64871,8.057026,8.51506,9.1490135,9.136288,9.512821,9.394881,10.094052,11.850284,8.280269,8.231084,8.997745,8.81071
31,6.091585,7.101546,7.9201107,7.3507276,7.1449323,7.107304,6.6733427,6.3253665,6.472811,5.960387,6.5844717,8.168295,6.499248,7.447165,5.4219503,6.221958,5.440802,5.4983315,4.541937,4.522007,4.4506006,5.6868944,5.7662377,4.5900345,3.2079318,3.2993662,4.6148825,4.866337,2.0804226,2.088501,3.8654828,0.0,6.47345,6.1177254,8.069087,8.086754,6.751916,7.4376655,6.640239,6.032993,8.211026,6.3954754,7.335983,8.5929165,8.941544,9.508663,8.779931,7.41548,8.230811,9.101311,9.259136,8.688031,8.653398,8.653398,8.194878,8.485397,7.968573,7.3411818,7.454865,6.671327,7.1569166,7.095874,9.284877,9.401748,8.379843,8.189039,6.6195197,8.294303,6.21559,8.208382,8.1575775,8.237733,7.6725054,7.416857,7.8773417,7.8786454,9.136867,9.367044,8.935072,9.3169775,6.64178,7.364813,6.742754,6.8280387,8.027368,8.145762,8.079397,8.191983,7.7979574,7.715363,9.08804,7.503677,8.223291,9.024707,6.2084975,7.2249417,6.998155,7.020041,7.7520366,8.703735,8.653031,8.263283,7.405749,7.951903,7.2599926,7.3187613,7.3848486,7.242709,7.521019,7.953555,7.8331265,6.5101576,8.322804,6.859862,9.84462,9.226844,7.6945634,7.4271407,8.190621,8.186103,9.387803,8.5332155,9.305101,11.226765,9.45977,9.418208,10.069629,9.882702
32,8.750021,7.5045958,7.8705173,7.878579,8.150164,8.417292,7.9529047,8.031897,8.564469,8.045577,8.43821,7.834022,8.457086,10.399798,6.089319,7.91345,6.1822834,6.1946006,5.80964,5.917019,6.472113,7.4184413,6.9651837,5.685354,5.5184674,6.034765,8.045244,8.145618,5.6847515,5.815283,6.163961,6.47345,0.0,2.1446357,3.0512643,3.0541763,3.717295,3.6244872,4.1638656,3.93411,5.2970824,5.4771953,5.2421517,6.202711,6.1770225,7.4423738,6.0533934,5.9595156,8.892671,9.261268,8.344996,8.675426,8.266374,8.266374,8.543838,8.652882,7.5226007,7.948942,6.8050437,7.551252,4.987899,4.8295016,6.7757773,6.7685375,9.26107,8.966765,6.993735,9.098763,6.5888886,9.029145,10.348339,9.376469,7.8655796,8.247032,8.21213,8.147333,9.334697,9.504368,8.559997,9.428337,6.6088862,7.6055093,6.594966,6.6236734,7.544067,7.560547,8.683264,8.716332,6.97214,7.629223,8.569424,6.3993187,7.7886276,7.4189744,7.7983537,8.555484,6.9601555,6.5608864,7.1343045,6.7196484,6.9018555,6.4111557,8.375299,6.8614793,9.522295,9.352515,8.800823,9.542681,8.843034,9.934616,9.994796,8.212797,7.5793133,6.9603195,8.125208,7.292733,7.4928446,7.940116,6.866458,6.850018,6.610196,6.789783,6.9632316,8.350781,7.291997,7.277919,7.325815,7.1753073
