,0,1,2,3,4,5,6,7,8,9,10,11,12,13,14,15,16,17,18,19,20,21,22,23,24,25,26,27,28,29,30,31,32,33,34,35,36,37,38,39,40,41,42,43,44,45,46,47,48,49,50,51,52,53,54,55,56,57,58,59,60,61,62,63,64,65,66,67,68,69,70,71,72,73,74,75,76,77,78,79,80,81,82,83,84,85,86,87,88,89,90,91,92,93,94,95,96,97,98,99,100,101,102,103,104,105,106,107,108,109,110,111,112,113,114,115,116,117,118,119,120,121,122,123,124,125,126,127
0,0.0,3.589764,4.050257,4.1319556,1.985081,2.8283072,2.8660588,3.0468237,5.172949,6.2934685,3.3999326,3.411287,4.3837028,4.890299,4.268205,4.971578,4.528552,4.554684,4.507392,4.4485292,5.2127814,5.2269573,4.9295406,4.9295406,4.960961,4.996918,4.9836674,4.7176476,5.387004,4.7416825,4.4454613,5.142427,6.128764,4.5314837,4.849375,5.1943154,5.113356,5.2001786,5.0648494,5.083852,5.8743067,5.673244,5.788262,4.9734488,6.450963,5.640176,5.132796,4.687471,6.9627,7.235607,6.8733387,6.818425,6.8128724,6.8117642,6.6948657,6.9903464,5.486187,5.0537534,6.9102917,6.553318,5.9474616,5.956824,6.160014,7.0038404,7.8042903,7.5669317,8.003677,8.3458185,7.8030143,7.7463584,7.040588,7.655918,8.132315,7.968732,7.0491858,7.7839913,6.839475,6.631928,5.741179,6.196528,7.2772136,8.009211,6.4669127,6.9766,7.5294747,5.9623647,6.6901455,6.784049,7.140246,7.5503707,6.6481066,6.1926146,6.421006,7.5184264,6.934454,6.934454,7.327412,6.697941,6.864269,7.090394,8.235938,6.7100806,7.2200975,6.1387577,6.6972733,6.3437004,6.92486,6.610489,7.4765925,6.4927874,6.790237,7.1025286,5.8021827,5.8803406,5.091937,5.8769445,7.9284067,5.497289,7.6840186,7.2875257,6.5249915,6.5123644,6.2851615,6.8503103,6.858597,8.70076,7.55673,7.030964
1,3.589764,0.0,2.0270767,2.2786582,4.071836,3.4192321,4.5205655,3.668766,5.622682,5.0473857,4.7133923,4.741654,4.6761074,7.0871577,4.1639266,4.979271,5.310421,5.3300905,5.331161,5.3109202,5.9173183,5.928003,5.6595306,5.6595306,5.7734933,5.806466,5.7701435,5.5634513,5.7524996,5.623648,5.3548746,5.897995,6.310242,4.2717223,4.947606,5.868382,5.582596,5.641531,5.6084437,5.6842747,5.8169746,5.571246,6.283117,6.4256253,6.316566,6.014596,5.6168523,5.224045,8.180845,7.84664,7.4537334,7.1846943,7.3189917,7.340034,6.8629084,7.50415,5.9865565,6.042711,5.8311515,5.4131656,5.6602445,5.681467,6.1746516,7.2732325,9.305868,8.876775,9.474399,9.731521,9.304034,8.969376,8.267612,9.149452,9.5567875,8.92444,8.419672,8.2607155,8.636952,8.468979,7.8499823,8.151129,8.162326,9.10771,7.820515,7.795277,8.667303,7.898517,8.374816,8.270718,8.409633,8.769859,7.5173635,7.783712,7.1847053,8.952619,8.169831,8.169831,8.442046,7.9985714,8.348663,8.166599,9.822183,8.509206,8.819516,7.1510234,8.269694,8.038499,8.721125,8.402468,9.220689,8.146514,8.318351,8.288224,7.882405,7.8099246,6.8155394,6.8065844,9.456529,7.1349525,8.362107,8.617262,7.93642,7.916458,7.963971,8.439286,8.228648,9.265296,8.266195,8.241449
2,4.050257,2.0270767,0.0,1.0533092,4.0981874,3.4978552,4.4771185,3.6199405,5.905476,5.2696095,5.228794,5.251388,5.1391106,7.41904,4.820361,5.3914323,5.8384194,5.868572,5.9015183,5.8458934,6.4337773,6.457949,6.246422,6.246422,6.3112836,6.343949,5.351602,6.00773,6.2042236,6.1245813,5.633636,6.31312,6.8994946,4.9499655,5.841296,6.6212244,6.3964176,6.3419847,5.3337307,5.395452,6.2582583,6.073645,5.945362,6.2537484,6.8348184,6.4899344,5.593551,5.2179685,8.360211,8.0251465,7.6212735,7.442351,7.5825186,7.522967,7.2571497,7.740421,6.555009,6.439905,6.248831,5.790832,6.2227864,6.240636,7.339972,8.29836,9.503804,9.154747,9.627882,9.907526,9.367738,9.117902,8.601233,9.343395,9.766405,9.315339,8.764037,8.539321,8.701067,8.530142,7.9373856,8.219816,9.010454,9.949667,8.716608,8.681368,9.441246,8.768495,9.191456,9.092331,9.296967,9.621441,8.3834505,8.718713,7.434513,9.694127,9.061816,9.061816,8.523257,8.066347,8.337775,8.237493,10.305321,8.634957,9.12628,7.787082,8.512069,8.262217,8.962166,8.592747,9.200782,8.13282,8.379459,8.343162,8.072337,8.074645,7.174168,6.9589133,10.091109,7.5239544,9.109698,9.362367,8.129425,8.122935,7.9827385,8.6714525,8.326042,9.936354,9.023159,9.064411
3,4.1319556,2.2786582,1.0533092,0.0,4.1717105,3.5726728,4.2378244,3.6855516,5.949905,5.371147,5.296119,5.321297,5.1868815,7.243314,4.899102,5.4577146,5.6039906,5.6379833,5.672212,5.638908,6.2311215,6.257308,6.0126104,6.0126104,6.163764,6.197839,5.099376,5.799275,6.079377,5.9285607,5.49989,6.1901517,6.6799674,4.717557,5.517152,6.307537,6.4521227,6.1680236,5.3802505,5.4440017,6.099777,6.139728,5.733585,6.0101156,6.707054,6.2199745,5.273444,4.8920074,8.413827,8.099074,7.6831436,7.495447,7.591685,7.5464253,7.2830644,7.762528,6.430953,6.3154206,6.119648,5.666007,6.033554,6.0494747,7.3921924,8.318113,9.357235,9.004038,9.499867,9.785687,9.238271,8.988385,8.64404,9.226399,9.671271,9.218904,8.633243,8.44085,8.581715,8.602426,7.791465,8.08891,8.894471,9.653484,8.632219,8.553359,9.308402,8.639426,9.050349,8.939045,9.173069,9.32915,8.259064,8.574017,7.3108335,9.634391,8.940189,8.940189,8.424242,7.9822006,8.355816,8.247899,10.16681,8.441904,8.922339,7.5731225,8.317393,8.084283,9.043748,8.681498,9.236113,8.173969,8.248737,8.383073,7.987266,8.006671,7.2774615,6.9937577,9.99574,7.3874087,8.916936,9.156403,8.249061,8.242685,7.740198,8.485143,7.9054427,9.775688,8.812799,9.095942
4,1.985081,4.071836,4.0981874,4.1717105,0.0,2.2769814,1.7936997,2.4044018,5.1542563,6.3252587,3.562331,3.5727348,4.6737003,5.07453,4.526572,5.267325,4.9255624,4.9552956,4.9486876,4.8896184,5.6459208,5.6667194,5.331621,5.331621,5.384057,5.424796,4.816507,5.1030254,5.9553237,5.2022953,4.6994004,5.539364,6.7195377,4.740767,5.1801047,5.656226,5.5531073,5.5691624,5.357452,5.3986535,6.044061,5.8718038,5.4966393,4.669023,6.546618,5.669395,4.9947314,4.5372014,7.17465,7.48687,7.502097,7.4976616,6.980177,6.945254,6.74578,7.1559153,6.9517455,6.4014983,8.104613,7.770853,7.2285485,7.2374163,7.685148,8.391884,7.78675,7.4516435,7.9902697,8.391233,8.515714,8.35482,6.9345803,7.6156425,8.298216,7.945423,6.82327,7.6832013,6.9130273,6.727726,5.836815,6.289518,7.727897,8.367976,6.989672,7.429647,7.9776587,6.4845705,7.1702085,7.265674,7.516445,7.919445,7.0435586,6.7475324,6.2356524,8.000636,7.3061504,7.3061504,7.188093,6.577565,6.685364,6.9539437,8.282902,6.6767244,7.258455,6.3821225,6.8432918,6.320363,6.9041777,6.5738854,7.306138,6.311374,6.6982822,7.026295,6.0185285,6.0278764,5.0759273,5.622216,8.249655,5.651941,7.908708,7.480861,6.279978,6.269231,6.078114,6.954143,6.562874,8.837361,7.728891,7.2058578
5,2.8283072,3.4192321,3.4978552,3.5726728,2.2769814,0.0,3.008684,1.2577192,4.4420905,5.7922277,3.7059295,3.7304306,4.0630593,5.251598,3.8207512,4.6691184,4.3238387,4.3509536,4.3530216,4.3285775,4.9842353,5.006194,4.727416,4.727416,4.790627,4.8364835,4.1652412,4.505157,5.395599,4.5512996,4.2203484,4.8776774,6.680771,4.1191683,4.5326734,5.12964,4.935484,4.934848,4.705234,4.762633,5.579236,5.3966804,4.9772496,4.265307,6.526193,5.2664285,4.258493,3.7480457,6.7589855,7.1046834,7.044187,7.0417275,6.6180987,6.538186,6.314945,6.789125,6.490904,6.5582495,7.7226205,7.3843393,6.767397,6.7682624,7.6664834,8.00911,8.671993,8.343877,8.8942375,9.156049,9.463734,9.23565,7.8467493,8.486817,9.076621,8.703103,7.517418,8.2813,7.9469075,7.7943273,7.042442,7.447255,8.371071,8.922492,7.9988084,8.112328,8.924818,7.617062,8.133825,8.040491,8.180785,8.538226,7.872565,7.5188723,7.3788176,8.655772,8.024736,8.024736,8.2248335,7.689824,7.849744,7.862334,9.293344,7.9811854,8.042135,7.335897,7.6303463,7.278711,7.999528,7.561481,8.420935,7.2644157,7.8097916,7.8039045,7.2484574,7.2334204,6.0580077,6.551957,9.14293,7.0245557,8.673651,8.269718,7.1722975,7.1607003,7.0578203,7.67313,7.440069,9.510459,8.487643,7.9962444
6,2.8660588,4.5205655,4.4771185,4.2378244,1.7936997,3.008684,0.0,2.761211,5.6298084,6.6785145,4.1837506,4.192552,5.1078978,5.208375,4.9627438,5.6786942,5.036381,5.074155,5.069268,5.023307,5.9850245,6.005913,5.4381347,5.4381347,5.6092176,5.6501117,4.9099426,5.240999,6.2176757,5.4724007,4.558549,5.862898,6.853386,4.7942543,5.2933483,5.6690917,6.50877,6.2541113,6.2273784,6.270167,6.0512347,6.293846,5.518255,4.299484,6.6730714,5.209165,5.257614,4.8078604,7.580366,8.366474,8.361894,8.300702,7.3288994,7.3223505,7.1153355,7.5150633,7.1340437,6.257094,8.200663,7.879286,7.328481,7.343994,8.016869,8.6629,7.981881,7.645351,8.493846,8.934241,8.813537,8.655162,7.7507935,7.8665323,8.870141,8.50771,7.3139157,8.12847,7.551845,7.6477275,5.996224,6.9639564,7.971341,8.652223,7.344382,7.6849136,8.039607,6.6460466,7.297212,7.6488514,7.7705483,7.9119024,7.1331043,7.064362,6.318679,8.422568,7.7258506,7.7258506,7.1300607,6.563578,6.7974415,6.9753437,8.046813,6.8100886,6.9947786,6.2018433,6.9396424,6.216435,7.436323,7.115673,7.964233,6.483741,6.7727895,7.3548193,6.278044,6.246027,5.7477355,6.1189194,8.334562,5.8724546,8.066489,7.319296,6.852932,6.838864,5.8489313,7.688691,6.0162153,8.639737,7.5242357,7.691599
7,3.0468237,3.668766,3.6199405,3.6855516,2.4044018,1.2577192,2.761211,0.0,5.053764,6.244693,4.2036834,4.2106957,4.5119677,5.595313,4.3428845,5.128864,4.7433987,4.7790904,4.7642207,4.709927,5.7073145,5.7258444,5.1515064,5.1515064,5.2074666,5.2504916,4.594932,4.901991,5.9157825,5.17484,4.063298,5.498929,7.194123,4.6088877,5.2345295,5.5843368,5.65725,5.65515,5.4630904,5.5005884,5.8518996,5.721013,5.352656,3.9779534,6.9809165,5.112707,4.988051,4.59787,7.175798,7.4961944,7.401664,7.364332,7.0421815,7.024103,6.8308315,7.2152405,6.85968,6.425824,8.009619,7.709774,7.1416035,7.154057,8.006584,8.2867,9.070172,8.793109,9.178319,9.547528,9.439843,9.261273,8.232995,8.894183,9.456657,9.171044,7.9376125,8.665825,8.264791,8.112898,7.435859,7.7781377,8.776206,9.33875,8.409258,8.511141,9.156948,7.8357673,8.27778,8.246147,8.643275,8.967285,8.083283,7.993677,7.7625504,8.899455,8.343951,8.343951,8.177597,7.6220274,7.8304834,7.735397,9.227762,7.846291,7.9687557,7.227748,7.867492,7.208718,8.251936,7.826885,8.397262,7.1981378,8.012075,8.001796,7.50397,7.553516,6.4752645,6.997862,9.363266,7.302556,8.65797,8.22347,7.1625743,7.1527586,6.9826508,8.076611,7.4484687,9.527653,8.488681,8.017263
8,5.172949,5.622682,5.905476,5.949905,5.1542563,4.4420905,5.6298084,5.053764,0.0,3.641569,4.2170177,4.2121353,2.7969885,4.415933,2.8811386,2.945057,4.4948907,4.4904037,4.6265965,4.54065,4.6722083,4.6751113,3.6582484,3.6582484,3.3898382,3.3718615,4.0367203,3.9414594,4.261485,3.6964803,5.346509,4.7158294,5.0677977,3.4195154,3.4635506,3.6409504,3.9202166,4.1266937,3.8444362,3.8772838,4.06868,3.917972,3.7220163,4.2444053,5.5090632,5.520688,3.4279618,2.9677238,5.1393237,6.2492423,6.366304,6.168777,4.5636597,4.678194,4.1897902,4.5709424,5.7343273,6.6143227,7.1106324,6.8891587,6.065032,6.0729737,6.927643,6.431296,7.5605264,7.3388753,8.402728,8.527567,9.431427,9.356502,7.387606,7.247916,8.7562685,8.6258,7.28018,8.106181,8.141575,8.697724,6.522721,7.5669694,7.0318484,8.083286,7.227836,7.483782,8.428229,7.6790795,7.179592,7.8386726,7.2974052,7.7573857,7.2751937,6.660275,7.4236975,8.229196,7.5994744,7.5994744,7.9845862,7.869305,7.9337964,7.657873,8.051889,8.661804,7.666658,7.341472,6.4463944,6.7762136,7.119009,6.9659367,9.071755,7.1571383,8.146719,7.0528207,7.2614126,7.397396,5.930702,6.0497947,8.360831,6.6409664,8.267057,7.519213,7.7465477,7.727708,7.387735,8.008709,7.564648,9.574271,8.096019,8.037501
9,6.2934685,5.0473857,5.2696095,5.371147,6.3252587,5.7922277,6.6785145,6.244693,3.641569,0.0,5.327845,5.327449,3.3908296,6.7519326,3.384481,3.0136442,5.4915175,5.4875035,5.599492,5.5467157,5.713182,5.714575,4.8697658,4.8697658,4.6788287,4.6583962,5.228244,5.0480075,4.6545916,4.924523,6.2474256,5.8181057,5.209628,3.7217863,4.341478,4.794695,5.1378026,5.3172717,5.2211013,5.2330565,4.4357586,4.2713847,5.079843,6.3841653,5.502603,6.5083303,4.9556546,4.644997,7.0574274,7.026482,7.1650586,6.6448274,5.5529428,5.745766,5.3569155,5.6166444,6.6643353,7.367274,5.938745,5.714193,6.272789,6.293099,6.8267074,7.1843457,8.290189,8.126994,9.029028,9.171594,9.924791,9.909061,8.081344,7.96233,9.374448,9.328241,8.771214,8.427244,8.719392,9.227027,7.2482753,8.166912,6.8665233,8.736958,7.184248,7.1941323,8.257571,8.316342,7.742231,8.360687,8.017385,8.454526,7.0451417,7.3756466,7.2850595,8.817858,8.230704,8.230704,7.8829737,7.768832,8.083932,7.581554,8.688679,9.218214,8.373203,6.942295,7.111262,7.4094033,7.80146,7.7272944,9.661549,7.8107185,8.420294,7.2610073,7.957649,8.157473,6.896445,6.1515803,8.974929,6.6216135,7.983045,8.118593,8.447879,8.43038,8.0160055,8.66361,8.275782,9.363222,7.90675,8.597818
10,3.3999326,4.7133923,5.228794,5.296119,3.562331,3.7059295,4.1837506,4.2036834,4.2170177,5.327845,0.0,0.11341744,2.9631002,3.7475233,2.9743977,3.674127,2.540939,2.545101,2.6907215,2.4692595,3.038706,3.0416758,3.0298467,3.0298467,3.0945954,3.1469083,3.5208387,2.8288078,4.0339055,3.3699756,3.7658694,3.2485704,4.7682304,3.6248934,3.7081413,4.114309,4.5005307,4.642964,4.968764,4.981168,4.613727,4.532251,4.832161,5.0171933,4.981807,5.066955,3.6116943,3.8174527,5.8015876,6.771015,6.8041205,6.567953,5.378156,5.276862,5.397095,5.62095,5.8702264,6.1799307,6.769161,6.736942,5.958502,5.9465666,6.340487,7.2719746,6.838915,6.6682625,7.686751,7.9037876,8.567032,8.576288,6.598689,6.543535,7.760741,7.7632957,6.6788907,7.478068,6.9873915,6.811514,5.0706882,6.3586373,6.278135,7.5265408,5.5655017,6.0125685,7.23295,6.0294466,5.6873703,6.770781,6.1914825,6.611587,5.771693,5.2251196,5.820707,7.0289097,6.500742,6.500742,6.5032315,6.2756433,6.6525736,6.443263,7.910651,7.232651,6.6988254,5.4057302,5.3423057,5.667006,5.825564,5.3757896,7.543671,5.702032,6.193266,5.872809,5.296473,5.8842764,4.0479245,4.8094945,7.389722,5.094809,7.417356,6.20697,6.215682,6.1948967,5.297391,6.23704,6.3783765,8.106776,6.5080395,6.4372897
11,3.411287,4.741654,5.251388,5.321297,3.5727348,3.7304306,4.192552,4.2106957,4.2121353,5.327449,0.11341744,0.0,2.9479678,3.7284372,2.9758673,3.6627681,2.5423045,2.5467923,2.7006083,2.4713848,3.0724137,3.0744424,3.02859,3.02859,3.086174,3.1382282,3.5190935,2.822621,4.052519,3.385296,3.7417395,3.2600825,4.765335,3.6391997,3.7393563,4.1174774,4.5034723,4.652596,4.9713206,4.9816046,4.588891,4.499937,4.820605,4.9933214,4.9793935,5.0493765,3.6347537,3.8407428,5.7724266,6.7399907,6.777162,6.5353,5.32315,5.2285576,5.3572617,5.5683165,5.8622794,6.1480684,6.767611,6.735958,5.960303,5.9488406,6.330147,7.258717,6.8160105,6.654419,7.65563,7.8789244,8.520508,8.539001,6.5693874,6.5143747,7.742318,7.762744,6.667045,7.4686813,6.977334,6.7987285,5.0668435,6.3472023,6.272161,7.5230384,5.5571012,6.007838,7.2185283,6.041109,5.6355214,6.744898,6.177348,6.6089535,5.73939,5.2103267,5.832698,6.9960985,6.477091,6.477091,6.4506507,6.2361083,6.5940022,6.3774757,7.8625946,7.204977,6.6603026,5.3614926,5.2823496,5.5952477,5.780221,5.328612,7.499914,5.6428885,6.1634917,5.826733,5.3163447,5.909422,4.0468407,4.760519,7.363451,5.084004,7.3609996,6.13949,6.188145,6.167534,5.2289867,6.212588,6.336669,8.069764,6.458156,6.3759
12,4.3837028,4.6761074,5.1391106,5.1868815,4.6737003,4.0630593,5.1078978,4.5119677,2.7969885,3.3908296,2.9631002,2.9479678,0.0,4.2809668,1.5386856,1.344137,2.7043326,2.693825,2.8788996,2.6967025,3.2656617,3.2569113,2.2640173,2.2640173,1.9464633,1.9476722,3.294257,2.1842997,2.8573024,2.293788,3.8066838,3.3589334,4.5482526,2.6086779,2.8631895,2.676337,3.8232722,4.0437546,4.5254717,4.4730725,3.2777042,3.197886,3.9208841,4.3983064,5.1603637,5.0471816,3.6469846,3.3132255,5.0577674,5.824368,5.9114237,5.4966846,4.3421717,4.435643,4.739665,4.5163813,5.489705,6.1598396,6.1319823,5.948876,5.755387,5.753782,6.1712413,6.520772,7.196655,7.2873044,8.022802,8.195854,8.917223,9.117843,7.3276486,6.8600903,8.254343,8.723954,7.7635617,8.155384,7.6366744,7.8626204,5.8714657,7.0630174,6.0762157,7.724535,6.0111794,6.148398,7.367177,6.6278415,6.2451444,6.9567876,6.6402044,7.106351,5.8829436,5.67425,7.0310564,7.2338605,6.960634,6.960634,6.8759146,6.7398686,7.005922,6.6460342,7.6408477,7.9280205,6.8906116,5.6260524,5.703363,5.963692,6.455472,6.145156,8.303692,6.226982,6.9403014,6.1402025,6.4874787,6.9129624,5.365963,5.4930267,7.7065997,5.628739,7.1809583,6.536515,7.0627627,7.047766,6.1621637,7.060273,6.966894,8.362147,6.8425355,7.187021
13,4.890299,7.0871577,7.41904,7.243314,5.07453,5.251598,5.208375,5.595313,4.415933,6.7519326,3.7475233,3.7284372,4.2809668,0.0,4.673969,4.815517,3.667432,3.6797056,3.7733042,3.6995363,4.113162,4.113426,3.355554,3.355554,3.3248127,3.3394191,4.0445223,3.4028995,4.8239493,3.6736784,4.005138,3.6457248,5.069141,4.191152,4.419768,3.8491917,4.620107,4.4298453,4.9810038,4.934242,5.406643,5.706682,5.0449476,4.0795803,5.845187,5.435026,4.030008,4.176108,5.0215025,6.636645,7.073575,6.9852395,5.4578342,5.476507,5.798539,5.620114,5.763696,6.0352097,7.773241,7.7851043,6.398046,6.3816094,7.0815487,6.9445066,6.47982,6.584218,7.382976,7.610559,8.328404,8.574876,6.9563727,6.1853065,7.561659,8.079914,6.5458426,8.049879,6.5691743,7.1362605,4.424962,5.8628054,6.6114283,7.3040347,6.0572057,6.820217,7.1744876,5.607348,5.517453,6.3264494,6.1791863,6.2468514,6.264841,5.000999,6.8485675,6.787591,6.4638567,6.4638567,6.747863,6.3959665,6.8996468,6.731314,6.7982197,7.3524904,6.1435447,6.068878,4.7507195,4.9440355,6.0836544,5.746812,7.5534244,5.6756706,6.5406647,6.1341066,4.9570813,5.7076297,4.5606475,6.120958,7.1433854,5.613399,7.8925004,6.236677,6.9324107,6.921082,5.6981606,6.5213666,6.332603,8.947517,7.2258677,7.213447
14,4.268205,4.1639266,4.820361,4.899102,4.526572,3.8207512,4.9627438,4.3428845,2.8811386,3.384481,2.9743977,2.9758673,1.5386856,4.673969,0.0,1.33071,3.0950296,3.0881336,3.2549229,3.082003,3.5882742,3.5797632,2.8241646,2.8241646,2.6925008,2.7047293,3.7986045,2.8560877,2.8986561,2.9437273,3.8180556,3.3549736,4.5681195,2.5141299,2.835494,3.1649399,3.8949924,4.0971255,4.6727686,4.676563,3.1654541,3.0095685,4.199623,4.9133863,4.2710223,4.1939034,3.7363997,3.4318466,5.0962677,5.9953938,5.976237,5.6592174,4.6987543,4.8482876,4.680066,4.8669467,5.5622582,6.2397494,6.1675067,5.9644365,5.6742597,5.6765103,6.116069,6.530603,7.3767176,7.255495,8.211118,8.17482,9.0632,9.099903,7.3250246,7.022061,8.030985,8.109732,7.617879,7.43803,8.000324,8.055055,6.2966456,7.420087,6.400496,7.8517528,6.2857704,6.4338937,7.23141,6.851412,6.6040516,7.2876973,6.7842817,7.2513704,6.1010995,5.887548,6.932017,7.181772,7.090216,7.090216,7.283439,7.172411,7.45287,7.096178,7.9051056,8.178237,6.858748,6.027152,6.2022405,6.47868,6.9264874,6.6251245,8.677414,6.723112,7.3326116,6.7176375,6.7342434,6.5405602,5.4812417,5.6685634,7.1892877,5.9563346,7.4662476,6.8527126,7.2859855,7.2645864,6.6287484,7.44451,7.0822477,8.236513,6.9059844,7.1956315
15,4.971578,4.979271,5.3914323,5.4577146,5.267325,4.6691184,5.6786942,5.128864,2.945057,3.0136442,3.674127,3.6627681,1.344137,4.815517,1.33071,0.0,3.420811,3.4111004,3.549793,3.4105365,3.8021426,3.7945678,2.8865883,2.8865883,2.555062,2.5413167,3.7701557,2.8719323,2.6900625,2.828118,4.1365056,3.597449,4.6954856,2.9291568,3.2540417,3.0864582,4.102954,4.3239093,4.7070284,4.6543427,3.293854,3.1767554,4.237501,5.043097,4.7255855,4.7827578,4.014289,3.6888862,5.0038943,5.7895074,5.8263626,5.436445,4.5368786,4.810272,4.907319,4.6800957,5.719283,6.464046,6.1138945,5.9235253,5.9091334,5.9087505,6.3166647,6.5920033,7.387225,7.4870586,8.234927,8.181538,9.106279,9.353113,7.5878468,6.9878693,8.090676,8.598771,8.187653,7.9004345,7.966676,8.15405,6.180932,7.350033,6.29012,8.051063,6.2706985,6.4601765,7.2027893,7.023859,6.6186852,7.364564,7.062248,7.5263786,6.2060595,6.016221,7.3278017,7.2612596,7.392449,7.392449,7.2627087,7.1026864,7.394238,7.0170407,7.777604,8.3891325,6.8197403,5.9789777,6.076127,6.3750453,6.859816,6.61292,8.747064,6.732153,7.4261093,6.6125436,6.8356814,6.8006134,5.8480644,5.8578258,7.2759075,5.908168,7.48728,7.0023417,7.593068,7.579235,6.734413,7.4919176,7.329628,8.481972,7.088057,7.551619
16,4.528552,5.310421,5.8384194,5.6039906,4.9255624,4.3238387,5.036381,4.7433987,4.4948907,5.4915175,2.540939,2.5423045,2.7043326,3.667432,3.0950296,3.420811,0.0,0.066301465,0.7402092,0.37746814,1.6390893,1.6315069,1.4887074,1.4887074,1.8557217,1.927761,2.849951,1.0160428,3.0973454,1.9772269,2.9924664,2.2107308,4.7243485,3.173478,2.9153802,2.7652497,4.526963,4.2257204,5.2612743,5.224045,4.2141347,4.6307697,4.6808295,4.6879964,5.355711,4.7295585,3.2706861,3.4575868,5.6512504,6.628141,6.643933,6.3174944,5.2197833,5.1364846,5.665574,5.4984727,5.5678334,6.291307,6.4529996,6.448311,5.755104,5.72877,6.5521307,7.172768,7.389997,7.47578,8.22161,8.353324,9.072911,9.260323,7.7768884,7.1254396,8.262325,8.732364,7.7020226,8.349756,7.5254807,7.6644616,5.7377295,6.9791493,6.449183,7.545207,6.07314,6.1727495,7.458084,6.5227675,6.0008645,6.8671293,6.563043,6.609551,6.057497,5.4832497,7.0055685,7.1891565,6.9155626,6.9155626,7.051558,6.803187,7.342693,6.9873505,8.215191,7.831982,6.741114,5.4724154,5.4976726,5.8795204,6.893905,6.3949466,8.356687,6.462121,6.7339597,6.576033,6.2023063,6.8439775,5.546835,5.987123,7.7967587,5.8898535,7.4997363,6.3351655,7.320938,7.3066883,5.5322585,6.4776244,6.448277,8.215825,6.6354685,7.1751866
17,4.554684,5.3300905,5.868572,5.6379833,4.9552956,4.3509536,5.074155,4.7790904,4.4904037,5.4875035,2.545101,2.5467923,2.693825,3.6797056,3.0881336,3.4111004,0.066301465,0.0,0.75475615,0.39323846,1.6016989,1.5924904,1.4724631,1.4724631,1.8398243,1.9117577,2.87701,1.0093349,3.0909991,1.9600853,3.0361953,2.2009943,4.712291,3.1823773,2.8995223,2.7517679,4.517355,4.223475,5.273522,5.2361717,4.204225,4.6171727,4.6855087,4.72006,5.3535357,4.754737,3.280987,3.4648027,5.636,6.621068,6.6380835,6.3096943,5.208513,5.118987,5.6568418,5.487208,5.5741353,6.3171334,6.459079,6.4547596,5.7628546,5.7360725,6.5447245,7.167044,7.375738,7.46325,8.217927,8.345793,9.084874,9.271023,7.7757316,7.1114225,8.258893,8.731878,7.7024155,8.353142,7.5369477,7.6744466,5.7455277,6.9947176,6.425582,7.5292854,6.056572,6.14935,7.4528303,6.5171385,5.99696,6.8632517,6.5383515,6.590287,6.0432014,5.463193,7.012637,7.1755805,6.9025583,6.9025583,7.055094,6.817243,7.3527775,6.9981637,8.212265,7.8508654,6.7483034,5.479437,5.499076,5.895316,6.880747,6.3822837,8.366593,6.4669347,6.731643,6.567014,6.2146983,6.8556046,5.541632,5.9819117,7.789856,5.892796,7.495688,6.3269286,7.320597,7.3061223,5.544502,6.4754853,6.4602737,8.206653,6.6279764,7.168694
18,4.507392,5.331161,5.9015183,5.672212,4.9486876,4.3530216,5.069268,4.7642207,4.6265965,5.599492,2.6907215,2.7006083,2.8788996,3.7733042,3.2549229,3.549793,0.7402092,0.75475615,0.0,0.73224837,1.7725573,1.7801187,1.6337584,1.6337584,1.9277495,2.0001605,3.0503483,1.2108763,3.1477122,1.8470087,2.9893217,2.555385,5.1911607,3.3610644,3.0118551,2.8216314,4.6149817,4.3621354,5.419978,5.3800826,4.757897,5.131248,5.2003307,4.8012342,5.765041,4.821435,3.4854484,3.6387815,6.1582055,7.0437293,7.0246453,6.7048326,5.744469,5.6312623,6.15316,6.0165977,5.6692605,6.3617973,6.559375,6.569113,5.882248,5.8556533,6.5654917,7.1392946,7.8066883,7.8887844,8.577204,8.702274,9.398846,9.57621,8.188226,7.571146,8.626595,9.080501,8.116303,8.727718,7.4512086,7.582436,5.6936054,6.9159684,6.435637,7.716137,6.0448785,6.1613193,7.378339,6.517526,5.960566,6.842631,6.8217354,6.8435736,6.356071,5.7166505,7.029234,7.3754177,7.1233883,7.1233883,7.345434,6.7683682,7.365747,7.039428,8.375212,7.9508476,6.6979356,5.457747,5.767564,5.9225187,7.0717173,6.598364,8.505797,6.7072678,7.0218544,6.896381,6.2215996,6.867306,5.822102,6.242413,7.974358,5.871762,7.7080097,6.6040506,7.4841876,7.4702487,5.7892985,6.6690655,6.6584992,8.319235,6.784164,7.284152
19,4.4485292,5.3109202,5.8458934,5.638908,4.8896184,4.3285775,5.023307,4.709927,4.54065,5.5467157,2.4692595,2.4713848,2.6967025,3.6995363,3.082003,3.4105365,0.37746814,0.39323846,0.73224837,0.0,1.7499291,1.7418646,1.5471543,1.5471543,1.8464818,1.9149108,2.9478266,1.0501496,2.969304,2.0262733,2.955843,2.333538,4.8375216,3.3104477,3.045542,2.820205,4.5937667,4.3407593,5.3680243,5.327236,4.246076,4.6303706,4.7689114,4.6792893,5.4256153,4.7050047,3.436259,3.625394,5.667434,6.6584635,6.623173,6.301295,5.316451,5.228889,5.7752614,5.58214,5.61731,6.2798796,6.5257664,6.525356,5.8365736,5.813695,6.5730143,7.1949854,7.4360228,7.5374813,8.248198,8.382577,9.06194,9.271215,7.8093905,7.17373,8.265259,8.762817,7.765185,8.389958,7.5308623,7.6363997,5.746422,6.981852,6.4302187,7.556087,6.0335207,6.1640315,7.4388857,6.4697347,5.9488993,6.8658347,6.5967884,6.6578765,6.070834,5.496848,7.0406256,7.1584916,6.936323,6.936323,7.0888,6.8231354,7.3670917,7.0122747,8.222432,7.7374673,6.710505,5.4469137,5.534156,5.923857,6.879548,6.3916245,8.3506,6.469119,6.7860894,6.62583,6.105549,6.750801,5.5408163,6.07706,7.7342014,5.8432016,7.5144615,6.338007,7.2906723,7.276487,5.5557594,6.517667,6.516772,8.218936,6.6489787,7.1492796
20,5.2127814,5.9173183,6.4337773,6.2311215,5.6459208,4.9842353,5.9850245,5.7073145,4.6722083,5.713182,3.038706,3.0724137,3.2656617,4.113162,3.5882742,3.8021426,1.6390893,1.6016989,1.7725573,1.7499291,0.0,0.06949626,2.1526988,2.1526988,2.404101,2.4579673,3.2237055,1.9316765,3.0576131,1.954764,4.3194013,2.1454682,4.776047,3.7421405,2.9362636,3.140205,4.454496,4.1428595,5.146741,5.1160064,4.7900286,5.105015,5.0223117,5.72697,5.564608,5.795117,3.1530035,3.357698,5.7596035,6.7225995,6.744034,6.4896374,5.4531636,5.282044,5.837202,5.6999655,5.858673,7.188401,6.7462134,6.727622,6.018366,5.973865,6.843546,7.5141716,7.442703,7.512874,8.402353,8.37166,9.63249,9.790204,7.8947577,7.179137,8.268465,8.715986,7.824179,8.49518,7.6435432,7.7716517,5.835339,7.1032653,6.5046988,7.5441365,6.1281953,6.255613,7.809006,6.8527765,6.5358534,7.2756243,6.616453,6.660546,6.5436244,5.506455,7.1871653,7.5045495,7.194799,7.194799,7.7926893,7.5587683,8.052884,7.862343,8.969677,8.503847,7.5159187,6.4102144,5.9234242,6.7827787,7.165458,6.6775665,8.893818,7.2288585,7.1240797,6.978614,6.3742495,6.9939933,5.7233863,6.2267184,8.118889,6.188674,8.218524,7.180726,7.901761,7.8885303,6.3934555,6.452217,7.1909127,8.867031,7.407362,7.8560824
21,5.2269573,5.928003,6.457949,6.257308,5.6667194,5.006194,6.005913,5.7258444,4.6751113,5.714575,3.0416758,3.0744424,3.2569113,4.113426,3.5797632,3.7945678,1.6315069,1.5924904,1.7801187,1.7418646,0.06949626,0.0,2.138585,2.138585,2.3912222,2.4446242,3.2605662,1.9257023,3.0501342,1.9634676,4.322607,2.1317708,4.747362,3.736694,2.9260914,3.1213045,4.441569,4.134276,5.168026,5.137132,4.7581406,5.0724,5.021879,5.738744,5.5442543,5.7914233,3.1825602,3.3863466,5.729851,6.6985025,6.7234044,6.464806,5.419512,5.258617,5.808484,5.6670337,5.853117,7.185899,6.7429786,6.7257986,6.015491,5.9712124,6.8251753,7.4978533,7.4275193,7.499798,8.390726,8.36,9.621575,9.782398,7.8748693,7.1606345,8.253191,8.704634,7.8122115,8.484357,7.6632967,7.7910213,5.8539686,7.121461,6.490904,7.5246725,6.112464,6.2425714,7.8017898,6.8399563,6.518929,7.26461,6.5886846,6.636556,6.5102344,5.471363,7.2041283,7.480166,7.1716056,7.1716056,7.784753,7.5703897,8.062387,7.866043,8.953548,8.50587,7.5193396,6.399812,5.9118032,6.78321,7.1604004,6.6737375,8.897245,7.226396,7.122431,6.9710712,6.383409,7.0025153,5.717039,6.227871,8.097734,6.1936617,8.193744,7.150585,7.902807,7.8892856,6.392488,6.450829,7.1954446,8.854317,7.3877482,7.8378863
22,4.9295406,5.6595306,6.246422,6.0126104,5.331621,4.727416,5.4381347,5.1515064,3.6582484,4.8697658,3.0298467,3.02859,2.2640173,3.355554,2.8241646,2.8865883,1.4887074,1.4724631,1.6337584,1.5471543,2.1526988,2.138585,0.0,0.0,0.68918693,0.736547,3.0352297,0.81345975,2.8924315,1.6634946,3.5152762,2.7450902,4.3065085,2.8249524,2.3814008,1.8003076,4.0950823,3.8276176,5.0316753,4.9879313,3.7974324,4.2614317,4.366614,4.3041196,5.2241225,4.6546373,3.0231752,3.2318182,5.3861156,6.36813,6.403395,6.024008,4.9995856,5.008814,5.402558,5.2214994,5.360736,6.1872272,6.328848,6.381599,5.5544734,5.537037,6.337844,6.5129166,7.1743784,7.269187,8.049276,8.197196,8.984407,9.174247,7.6750827,6.913495,8.233413,8.710164,7.598757,8.315282,7.473981,7.954227,5.672262,6.9082603,5.9741364,7.1545687,5.901144,6.01998,7.286588,6.3243814,5.7493176,6.6549196,6.415831,6.4396296,5.967181,5.357755,7.0861564,7.0868964,6.7392044,6.7392044,7.0331745,6.8129854,7.47324,6.986765,7.658623,7.885751,6.4997196,5.410181,5.3608,5.7388306,6.672903,6.335631,8.429671,6.4641523,7.0366073,6.4609513,6.171892,6.855611,5.5388403,6.123977,7.6424375,5.7486277,7.278682,6.1178875,7.2889137,7.2723703,5.881764,6.66231,6.552702,8.342401,6.5784473,7.1661677
23,4.9295406,5.6595306,6.246422,6.0126104,5.331621,4.727416,5.4381347,5.1515064,3.6582484,4.8697658,3.0298467,3.02859,2.2640173,3.355554,2.8241646,2.8865883,1.4887074,1.4724631,1.6337584,1.5471543,2.1526988,2.138585,0.0,0.0,0.68918693,0.736547,3.0352297,0.81345975,2.8924315,1.6634946,3.5152762,2.7450902,4.3065085,2.8249524,2.3814008,1.8003076,4.0950823,3.8276176,5.0316753,4.9879313,3.7974324,4.2614317,4.366614,4.3041196,5.2241225,4.6546373,3.0231752,3.2318182,5.3861156,6.36813,6.403395,6.024008,4.9995856,5.008814,5.402558,5.2214994,5.360736,6.1872272,6.328848,6.381599,5.5544734,5.537037,6.337844,6.5129166,7.1743784,7.269187,8.049276,8.197196,8.984407,9.174247,7.6750827,6.913495,8.233413,8.710164,7.598757,8.315282,7.473981,7.954227,5.672262,6.9082603,5.9741364,7.1545687,5.901144,6.01998,7.286588,6.3243814,5.7493176,6.6549196,6.415831,6.4396296,5.967181,5.357755,7.0861564,7.0868964,6.7392044,6.7392044,7.0331745,6.8129854,7.47324,6.986765,7.658623,7.885751,6.4997196,5.410181,5.3608,5.7388306,6.672903,6.335631,8.429671,6.4641523,7.0366073,6.4609513,6.171892,6.855611,5.5388403,6.123977,7.6424375,5.7486277,7.278682,6.1178875,7.2889137,7.2723703,5.881764,6.66231,6.552702,8.342401,6.5784473,7.1661677
24,4.960961,5.7734933,6.3112836,6.163764,5.384057,4.790627,5.6092176,5.2074666,3.3898382,4.6788287,3.0945954,3.086174,1.9464633,3.3248127,2.6925008,2.555062,1.8557217,1.8398243,1.9277495,1.8464818,2.404101,2.3912222,0.68918693,0.68918693,0.0,0.08180476,3.0850852,0.97667265,2.749626,1.5806628,3.5637894,2.8568504,4.4854903,2.9681668,2.678399,1.9020514,3.952095,3.8703072,4.8901634,4.826787,3.8615205,4.1730165,4.3984084,4.2562194,5.398894,4.8537025,3.244395,3.3756642,5.188042,6.193984,6.255114,5.871729,4.856777,4.897235,5.3534713,5.054284,5.3733234,6.20439,6.3965106,6.4341683,5.6789904,5.6642036,6.3313065,6.3965144,7.240131,7.3996143,8.094637,8.238498,9.028617,9.281924,7.696239,6.94869,8.279703,8.873554,7.782481,8.475056,7.450031,7.8989334,5.6303444,6.870037,5.9645433,7.3409925,5.904057,6.0976844,7.304108,6.3758235,5.759453,6.689665,6.539658,6.6821504,6.0717053,5.4381156,7.2434173,7.096412,6.85755,6.85755,7.0900555,6.805368,7.3988724,6.9216332,7.609195,7.963292,6.5251327,5.513192,5.386862,5.729895,6.561824,6.245154,8.4021015,6.402991,7.1477404,6.4057345,6.162586,6.863795,5.5362115,6.15309,7.6524925,5.7456646,7.3755975,6.267162,7.2898884,7.2753735,6.0437565,6.780287,6.822668,8.510096,6.77006,7.2212033
25,4.996918,5.806466,6.343949,6.197839,5.424796,4.8364835,5.6501117,5.2504916,3.3718615,4.6583962,3.1469083,3.1382282,1.9476722,3.3394191,2.7047293,2.5413167,1.927761,1.9117577,2.0001605,1.9149108,2.4579673,2.4446242,0.736547,0.736547,0.08180476,0.0,3.1244211,1.0429507,2.7369728,1.6081606,3.6085691,2.9020355,4.4755936,2.9807446,2.6920033,1.8824044,3.950448,3.8731055,4.898066,4.833323,3.846339,4.157858,4.3964434,4.262315,5.404661,4.8760643,3.2751215,3.401007,5.174423,6.1779084,6.2391024,5.8520813,4.848412,4.8903885,5.3511243,5.040942,5.375542,6.210226,6.397356,6.4355497,5.685122,5.671022,6.330908,6.3773766,7.229051,7.3944435,8.085189,8.229323,9.021566,9.279885,7.697001,6.937381,8.2756405,8.879511,7.790434,8.479927,7.4548287,7.918297,5.636931,6.8753486,5.9424105,7.3254013,5.897802,6.093107,7.2976046,6.372636,5.75408,6.6841016,6.534621,6.6777406,6.0652266,5.4345245,7.260193,7.0882115,6.853193,6.853193,7.092242,6.8161163,7.410898,6.9293094,7.5850782,7.9635973,6.5253224,5.5205755,5.3820066,5.736609,6.557487,6.249489,8.411296,6.409839,7.163501,6.40375,6.164204,6.8673615,5.547207,6.1708446,7.6430793,5.743479,7.366584,6.264775,7.300145,7.285645,6.069071,6.7973075,6.8399844,8.518796,6.774973,7.231621
26,4.9836674,5.7701435,5.351602,5.099376,4.816507,4.1652412,4.9099426,4.594932,4.0367203,5.228244,3.5208387,3.5190935,3.294257,4.0445223,3.7986045,3.7701557,2.849951,2.87701,3.0503483,2.9478266,3.2237055,3.2605662,3.0352297,3.0352297,3.0850852,3.1244211,0.0,2.6247714,4.0390153,3.0947602,3.8754814,3.4082577,5.420254,3.9189703,4.124138,4.089019,5.3272834,4.9295897,4.1917315,4.1415944,4.7160635,5.1190763,3.4457405,3.883488,5.8918943,5.3070607,2.2667735,2.5311513,5.695852,6.7085085,6.7170696,6.5520644,5.3757043,5.208119,5.7929654,5.570206,6.1179695,6.7128696,6.9131894,6.82964,6.234262,6.2092924,7.849947,8.120515,7.5379953,7.6333017,8.330581,8.479015,9.172485,9.370719,8.0002365,7.26751,8.535723,9.031028,7.8354483,8.492195,7.524617,7.841221,5.757929,6.957365,7.6533175,8.645492,7.500147,7.583675,8.623585,7.8555374,7.36394,8.089982,7.892102,7.951373,7.5018144,7.054209,7.19923,8.414702,8.165767,8.165767,7.2643375,6.9700866,7.3683915,7.127694,8.754312,8.145866,7.170604,6.6694217,5.906212,6.190865,7.10795,6.611739,8.366874,6.455885,7.0194063,6.6028457,6.564108,7.21019,5.9593897,6.0023904,8.74483,6.4397774,8.571125,7.5752926,7.5133953,7.5155215,5.7630544,6.8850193,6.558583,9.338721,7.8943195,8.346118
27,4.7176476,5.5634513,6.00773,5.799275,5.1030254,4.505157,5.240999,4.901991,3.9414594,5.0480075,2.8288078,2.822621,2.1842997,3.4028995,2.8560877,2.8719323,1.0160428,1.0093349,1.2108763,1.0501496,1.9316765,1.9257023,0.81345975,0.81345975,0.97667265,1.0429507,2.6247714,0.0,2.816077,1.5092552,3.1215394,2.4455671,4.6253123,3.0489864,2.804092,2.242087,4.314173,4.080313,5.002116,4.9393725,3.9667544,4.378486,4.3491783,4.2588162,5.4254985,4.7376738,3.1229546,3.269033,5.3342867,6.3355355,6.3631306,6.011327,4.9998417,4.991323,5.5615683,5.2423654,5.472855,6.213115,6.400345,6.40938,5.740221,5.7184954,6.537274,6.872326,7.2624373,7.4372144,8.106887,8.248769,8.982785,9.252148,7.7695675,6.98213,8.228502,8.861726,7.8093963,8.454327,7.4190297,7.7349343,5.577851,6.845605,6.2359214,7.5005455,6.026289,6.15887,7.3825297,6.448916,5.9171286,6.7985554,6.636549,6.713673,6.0893855,5.5154576,7.161098,7.154736,6.9660683,6.9660683,6.974727,6.693313,7.276368,6.868677,7.8591733,7.840674,6.516896,5.403232,5.3784475,5.700626,6.671828,6.253699,8.297802,6.319278,6.8435383,6.4029174,6.1317096,6.8311014,5.5533237,6.0557313,7.7224174,5.754484,7.4258184,6.2988005,7.2643003,7.252709,5.646559,6.5512447,6.538931,8.367216,6.708105,7.2595224
28,5.387004,5.7524996,6.2042236,6.079377,5.9553237,5.395599,6.2176757,5.9157825,4.261485,4.6545916,4.0339055,4.052519,2.8573024,4.8239493,2.8986561,2.6900625,3.0973454,3.0909991,3.1477122,2.969304,3.0576131,3.0501342,2.8924315,2.8924315,2.749626,2.7369728,4.0390153,2.816077,0.0,2.5070157,4.4006763,3.2103696,4.859763,3.515753,3.260567,2.9110372,4.5586042,4.3535004,5.3859415,5.3317904,3.9757187,4.2822328,4.950499,5.734508,5.069498,5.335676,4.231353,4.0282326,5.414557,6.318573,6.2330723,5.935812,5.2782044,5.1393595,5.7205834,5.378052,5.9331207,7.013588,6.5584297,6.3804445,6.198406,6.1901746,6.8367004,7.295354,7.4671197,7.6366515,8.37127,8.214687,9.452785,9.741344,8.10316,7.157731,8.017951,8.65061,8.351713,8.161233,7.87129,8.122133,6.0850472,7.321686,6.136158,7.5111237,6.0189276,6.246552,7.1650896,6.91104,6.538234,7.2766376,6.783946,6.9030986,6.3279424,5.677906,7.374676,7.14332,7.3171787,7.3171787,7.91573,7.7364106,8.117985,7.8917394,8.490038,8.117083,7.2377386,6.4707413,5.988614,7.0089145,7.52815,7.222483,9.291133,7.538916,7.611233,7.340893,6.308758,6.3339996,6.223059,6.6570306,7.2095737,5.935583,7.9891067,7.403007,8.360027,8.346762,7.0435324,7.4087834,7.4919558,8.670313,7.4318542,8.140761
29,4.7416825,5.623648,6.1245813,5.9285607,5.2022953,4.5512996,5.4724007,5.17484,3.6964803,4.924523,3.3699756,3.385296,2.293788,3.6736784,2.9437273,2.828118,1.9772269,1.9600853,1.8470087,2.0262733,1.954764,1.9634676,1.6634946,1.6634946,1.5806628,1.6081606,3.0947602,1.5092552,2.5070157,0.0,3.8815067,2.7519205,5.0282035,3.119648,2.403331,1.9218612,3.9866068,3.7775345,4.7917004,4.7260323,4.4899673,4.8001056,4.727445,4.711286,5.8763895,5.416918,3.3176713,2.9580498,5.569708,6.5031586,6.55327,6.27281,5.246954,5.171956,5.7344365,5.4436173,5.508708,6.6053367,6.653369,6.4995484,5.965634,5.938404,6.570845,6.8210025,7.506469,7.670224,8.380997,8.426704,9.476907,9.716923,8.0727,7.2539845,8.466695,9.075591,8.134409,8.77196,7.326267,7.6919174,5.4639964,6.7631655,6.071118,7.4804535,5.882822,6.06474,7.2912974,6.44224,6.1723876,6.7853804,6.654526,6.7805877,6.4157248,5.4813595,7.2413683,7.3406525,7.117935,7.117935,7.6404524,7.0939903,7.488427,7.3580756,8.167377,8.174816,6.9096975,5.976513,5.8020763,6.190517,6.9983444,6.634684,8.745755,6.973486,7.183243,6.914637,6.3097644,6.799251,5.8959384,6.219361,7.872708,5.721754,7.8154263,6.995702,7.8040376,7.7926393,6.3948145,6.7891936,7.0043287,8.703675,7.282247,7.7546983
30,4.4454613,5.3548746,5.633636,5.49989,4.6994004,4.2203484,4.558549,4.063298,5.346509,6.2474256,3.7658694,3.7417395,3.8066838,4.005138,3.8180556,4.1365056,2.9924664,3.0361953,2.9893217,2.955843,4.3194013,4.322607,3.5152762,3.5152762,3.5637894,3.6085691,3.8754814,3.1215394,4.4006763,3.8815067,0.0,3.3416975,6.0035596,3.762254,4.7904315,4.3574386,5.384927,5.270349,5.7872114,5.7349725,5.176897,5.469116,5.609372,4.3180747,5.788253,3.7982051,4.8230314,4.907687,6.0256596,7.074989,7.257802,7.023815,6.146526,6.203386,6.605147,6.4071608,5.931547,5.656334,6.861083,6.852009,6.2576675,6.2521753,6.988647,7.336945,8.313961,8.432862,8.864037,8.998553,9.078905,9.338421,8.507389,8.010308,8.666981,9.213524,8.511605,8.6326685,7.851954,7.7537813,6.233302,7.299385,7.668068,8.909502,7.1813397,7.4426136,7.464275,6.880782,6.7107983,7.2978535,7.744447,7.8618093,6.800285,6.6838036,7.598964,7.4528995,7.73076,7.73076,7.1220174,6.4507117,7.086891,6.5969462,7.9930606,7.9638863,6.274945,5.7089357,6.2632475,5.662852,7.6264906,7.094102,8.252434,6.271977,7.2312484,7.1076107,6.469441,6.6591983,6.106841,6.910542,7.7559958,6.64136,8.103378,6.9992785,7.454539,7.4458275,5.9773846,7.670529,6.834169,8.461326,7.1430674,7.494871
31,5.142427,5.897995,6.31312,6.1901517,5.539364,4.8776774,5.862898,5.498929,4.7158294,5.8181057,3.2485704,3.2600825,3.3589334,3.6457248,3.3549736,3.597449,2.2107308,2.2009943,2.555385,2.333538,2.1454682,2.1317708,2.7450902,2.7450902,2.8568504,2.9020355,3.4082577,2.4455671,3.2103696,2.7519205,3.3416975,0.0,4.4320908,3.3451774,3.633885,3.6519341,4.2213354,4.0023265,4.776066,4.7353687,4.444975,4.689927,4.8093877,5.6070137,4.6191144,5.133782,3.5843542,3.7551517,4.590911,5.9639587,6.293259,6.119957,4.870443,4.8191524,5.345726,5.125573,5.563024,6.7217283,6.575855,6.534781,5.819435,5.7776923,6.704254,7.3048596,7.115913,7.224071,8.093592,7.929401,9.162214,9.3800335,7.5173078,6.7326794,7.5455556,8.112216,7.533827,7.768733,7.698686,7.634136,5.815638,7.1174073,6.9661894,7.9492345,6.470572,6.765102,7.4985347,6.768837,6.803271,7.303893,6.588613,6.75489,6.3103504,5.4168715,7.3050346,6.9667134,7.116051,7.116051,7.420095,7.36113,7.8306556,7.5731277,8.522682,8.54684,7.19933,6.5855913,5.7531605,6.5546813,7.2092514,6.6309404,8.603274,6.751896,6.868583,6.6856246,6.187038,6.382203,5.2892513,6.2439117,7.3851857,6.495786,8.339978,7.241483,7.7899804,7.7782855,6.43767,6.7571917,7.2103486,8.796884,7.467949,7.8319736
