,0,1,2,3,4,5,6,7,8,9,10,11,12,13,14,15,16,17,18,19,20,21,22,23,24,25,26,27,28,29,30,31,32,33,34,35,36,37,38,39,40,41,42,43,44,45,46,47,48,49,50,51,52,53,54,55,56,57,58,59,60,61,62,63,64,65,66,67,68,69,70,71,72,73,74,75,76,77,78,79,80,81,82,83,84,85,86,87,88,89,90,91,92,93,94,95,96,97,98,99,100,101,102,103,104,105,106,107,108,109,110,111,112,113,114,115,116,117,118,119,120,121,122,123,124,125,126,127
0,0.0,3.4204035,1.5482816,2.9605534,6.9335055,5.2957244,6.494894,6.4827986,4.4903655,4.6666617,5.751179,6.417307,5.603681,3.1201298,4.6809673,6.377328,7.509876,8.315296,8.543931,8.363281,4.998923,7.2930274,5.785861,6.6763744,4.2155976,5.550975,6.018463,6.054177,6.2498717,5.4429483,6.606765,5.5713954,3.9371853,4.8703704,5.3440795,4.069232,4.209748,4.72979,6.0079155,6.568212,4.0203648,3.981718,3.9662745,3.885526,5.1763034,5.578387,3.5676098,4.1762943,7.5434856,7.130135,7.704714,7.7113776,8.2333975,7.6915245,7.9718823,7.092468,7.739419,7.870539,6.966459,6.385711,6.010851,6.448323,7.1554756,8.582953,8.060256,8.059544,7.6716866,7.7449784,8.563692,9.015069,9.014392,9.16425,8.4790125,8.643403,10.078844,8.759568,10.183478,8.346944,9.401075,8.761207,8.473903,6.5446053,6.97329,6.8870225,6.7113805,6.733702,7.3065615,6.3265934,6.1026807,6.209478,5.963422,5.628222,5.8717093,7.293794,6.489317,7.1928444,4.7986865,5.2142797,5.350099,4.1192317,4.652067,5.621519,4.480654,4.47342,7.089176,7.7002134,4.6542726,5.4042163,5.1038995,5.1027083,8.326757,5.182378,7.7292805,8.098841,7.308928,7.5526633,5.951508,5.887735,6.652018,10.385648,8.892694,8.390253,4.3240743,5.4812813,5.816157,5.409757,5.4448576,5.7719607
1,3.4204035,0.0,3.6505358,4.502023,7.2141514,6.2559943,6.145634,6.5323,4.0389256,4.2770314,5.7132573,4.958206,4.0253735,4.3556437,4.5183372,4.906333,7.592456,8.493092,9.023977,8.68759,5.6434197,7.46433,6.3312817,6.7949905,5.005901,5.865477,6.315354,6.3435483,6.562558,5.757324,6.35872,5.740028,5.1229978,5.9505224,6.3937244,5.1402755,5.329333,6.0245686,7.151961,7.621628,5.0597115,5.267212,5.1640196,5.1052194,6.1287007,6.2510285,4.7439613,5.272699,7.8371124,7.3630047,7.938936,7.9573965,8.515262,7.9777694,8.236638,7.4215574,8.08562,8.211739,6.548772,6.2701936,6.30821,6.7387443,7.552847,8.987137,7.987451,8.400661,7.9674597,8.731489,8.859499,9.380745,9.391076,9.479943,9.078828,8.845422,9.703841,8.20955,10.436719,8.880237,9.813436,8.882705,7.828626,6.6320286,7.496628,6.9763846,7.159988,6.7401066,7.198527,5.848992,6.4396257,6.727748,4.5118966,5.6995854,6.32732,7.474835,6.735454,7.6070743,5.9626966,6.063108,6.171244,5.39743,5.223314,6.240407,5.090323,5.0842104,7.562884,7.749465,5.245515,5.956859,6.135482,6.14441,8.337755,6.1195216,5.651668,5.7128363,5.121024,5.1454816,6.597513,6.34352,6.7961135,8.887749,7.786818,8.583394,5.2445784,6.303886,6.7786636,6.11751,6.157955,6.3878694
2,1.5482816,3.6505358,0.0,2.0326076,6.5885463,4.7439666,6.1674476,6.1495366,4.71576,4.9064612,5.52049,5.987556,5.169825,2.838827,4.0887837,5.9518576,7.2569427,7.7288423,8.186759,7.831375,4.648527,6.8907013,5.2192516,6.1958213,3.9150655,4.925713,5.66788,5.69239,5.64442,4.8657064,6.023409,5.196347,4.512791,5.3843646,5.4729385,4.5306325,4.608691,5.4211583,6.1222744,6.724083,3.919976,3.6098824,4.4898024,3.8440232,5.056379,5.376274,4.0008836,4.709545,7.4219756,7.3708944,7.6459284,7.6501102,8.040014,7.5773473,7.962819,6.975785,7.694525,7.798293,6.5585756,6.238003,5.6894684,5.920968,6.626079,8.259199,7.7347283,7.46222,7.5063934,7.3089037,8.323431,8.652631,8.677309,8.933361,8.634673,8.235406,10.009846,9.136759,10.400598,8.666604,9.712486,9.056149,7.9768233,5.7995863,6.303299,6.367798,6.102118,6.105308,7.024457,6.4992814,5.3909836,6.142172,5.825323,5.2325935,5.836785,6.946542,6.529792,7.4563937,4.6428685,5.541571,5.4305487,4.121447,4.6047153,5.1857305,4.2511334,4.5317407,7.113453,7.8431664,4.7505474,5.2564726,4.9123316,4.923569,8.147172,4.921488,7.5288615,7.971963,7.1015863,7.3729286,5.4962974,5.6090393,6.2789245,10.191029,8.358258,7.6427217,4.1276093,5.125012,6.3917756,5.474069,5.5078063,5.7525177
3,2.9605534,4.502023,2.0326076,0.0,6.0420027,3.7655568,5.6621075,5.62787,5.097748,5.304922,4.9489202,5.4771285,4.8890843,3.1885352,3.6167336,5.630039,7.884264,6.9216814,7.4084525,7.037374,3.9973092,5.937519,4.501987,5.6530695,3.3325264,4.5192537,5.5329885,5.5224156,4.770963,4.3031745,5.51448,4.66783,4.6947074,6.0091467,4.9035273,5.339433,4.830421,5.9029512,5.8299465,6.6218443,4.6738596,3.705288,4.689022,4.5984416,5.2472916,5.5816035,4.292556,5.373176,6.768477,6.9651766,7.0526323,7.0655947,7.485411,6.956836,7.386727,6.348527,7.136794,7.2464256,6.387522,6.141951,5.0215197,5.1485157,5.8908396,7.686864,7.1369596,7.144604,7.0318036,6.960867,7.8774805,8.261504,8.398974,9.377683,8.240505,7.7726803,9.39013,9.509805,10.160544,8.368976,9.429722,9.48037,7.5862947,5.192742,5.8060884,5.641327,5.6851764,5.842172,6.7233996,6.761538,4.7359004,5.648458,6.5070424,4.843838,5.404366,6.876741,7.163966,8.01936,5.5536294,6.218366,5.666712,4.4741387,4.961534,5.6509,4.5868,4.8473444,6.5932884,7.421452,5.161507,5.687629,5.2627144,5.269632,7.5313525,5.294386,7.825312,8.235898,7.3533974,7.6762733,5.9387355,6.0416245,6.673832,9.823793,8.659882,7.032968,4.8838797,5.8097854,6.526972,5.754886,5.7960143,6.0951343
4,6.9335055,7.2141514,6.5885463,6.0420027,0.0,5.5578413,4.1894994,4.1152906,5.757699,5.4518237,4.955711,6.0143285,5.3175445,6.6907964,6.2832694,6.1875443,7.523474,5.191318,5.373138,5.3967705,4.9766293,4.2118163,4.5627503,3.9608228,4.9245186,4.5653496,3.570151,3.590326,5.8484693,4.880505,6.10947,5.3445597,7.761104,8.158204,6.630677,6.686461,6.423645,8.017725,7.543475,7.776414,7.1945086,6.388805,6.2932353,7.1979513,7.95496,8.066683,6.342725,6.9371996,6.0476065,7.5475926,6.509242,6.4492927,5.938235,6.315961,6.1297183,5.7407846,8.437804,8.446821,6.8166685,6.6665,4.352255,4.8882136,5.7790575,6.951115,9.26286,9.345086,8.543194,9.498288,9.596236,10.133256,9.312727,10.733821,9.2460985,9.540866,11.8977,11.810707,10.826728,9.103234,12.045683,12.04864,7.03144,5.9012218,6.043581,5.6088853,5.8332047,6.0274787,6.839955,8.302963,6.383137,6.2386465,7.9474025,5.905744,5.7259483,7.6806865,8.322892,8.9642105,7.5185585,9.662953,8.363481,7.914751,7.760727,7.984541,8.011867,7.8300695,8.452269,9.722581,7.179124,6.576078,7.522227,7.5128207,8.420501,8.120703,8.904944,9.106247,8.539058,9.148126,6.9032083,6.8458743,7.518614,10.8573885,11.138467,9.55853,7.363739,7.2617693,9.02757,8.240664,8.224625,8.657163
5,5.2957244,6.2559943,4.7439666,3.7655568,5.5578413,0.0,4.584668,4.513277,6.490782,6.8568354,5.099833,5.92142,6.1608562,4.4864883,4.391766,6.105992,9.114155,7.2356596,7.6416097,7.4331098,4.7741055,6.233772,3.3401332,4.8243937,4.7662745,6.2016487,5.5051312,5.487829,5.4930773,5.3088026,5.871838,5.256117,6.8020945,7.356922,6.039076,6.033727,6.2816787,8.063737,6.71839,7.557158,6.7030644,5.738405,6.053652,6.9732347,7.3137927,7.184044,5.7978816,6.8657947,6.3005548,7.9418364,6.613706,6.529898,6.2122126,6.2797875,7.1022515,5.6252766,5.9181294,5.9254923,5.839461,5.7442074,4.95744,5.0562015,5.6648674,7.639907,5.864774,6.4597406,6.412754,6.8103456,7.9845266,8.567832,7.74894,9.328326,6.847723,7.5265284,10.287259,10.149255,9.218263,7.6418686,10.215658,10.278548,7.174576,4.567107,5.424467,4.4943485,5.499886,5.621923,6.052587,7.517588,4.908546,5.6559544,6.7492795,4.560261,5.3303237,6.4418154,7.563794,8.325718,5.4592032,8.160631,7.7265034,6.6861157,6.28709,5.967726,6.021433,5.7210054,7.656224,8.491127,6.566166,5.9240885,6.4488897,6.4395885,8.040982,6.3326287,8.577723,9.027622,8.286853,8.502458,6.368214,6.4861827,7.0540814,8.404628,10.048094,7.6900506,6.686836,6.5198164,7.5017724,6.6554418,6.6353345,7.1975465
6,6.494894,6.145634,6.1674476,5.6621075,4.1894994,4.584668,0.0,0.873547,4.860556,5.3112545,2.5923326,4.3787794,4.3997984,5.8368926,4.9835873,4.5583134,7.940008,6.0339026,7.1764655,6.6584425,5.557151,4.8503575,4.2774982,3.5259268,5.329544,5.3253746,4.335166,4.298339,4.958592,4.595067,4.0830398,3.87115,7.640895,7.9330115,6.6249275,6.7456317,6.3879805,8.017463,7.6617355,7.924048,6.8986154,6.3771725,6.1694846,7.26558,8.079172,7.8742332,6.3347287,6.8935637,5.454089,7.0983806,5.4058504,5.340129,5.3618865,5.4656096,4.8199863,4.7185745,5.604534,5.6087313,5.73778,5.8131633,4.200493,4.1508574,5.553075,7.3413687,7.083888,7.2055416,6.181353,7.830012,7.4605207,8.191098,7.160726,8.765313,6.8489995,7.7641234,9.940809,9.753914,9.317623,8.180138,10.487013,10.145483,7.0174274,5.038967,5.297703,4.488786,4.93152,5.0560265,5.5435247,6.503132,6.141767,6.1895456,6.2510133,4.6280437,5.670546,6.062246,7.4346056,8.082392,6.705691,8.846239,7.854598,7.6402335,6.8345833,6.659803,6.711126,6.395907,7.9855146,9.085124,6.5003257,5.868732,7.1303616,7.124205,7.2493286,7.732967,7.525135,7.3569565,7.3547063,7.392628,5.6096926,5.483998,5.932884,8.180494,9.759291,8.768296,7.1703777,7.16023,8.092244,7.147673,7.1434073,7.574683
7,6.4827986,6.5323,6.1495366,5.62787,4.1152906,4.513277,0.873547,0.0,4.99638,5.4466004,2.4299498,4.841917,4.8617253,5.759632,5.111318,4.9962707,7.8653784,5.9140797,7.063986,6.5452166,5.4369254,4.691719,4.107636,3.3311636,5.233023,5.2967796,4.244362,4.2090116,4.8909135,4.5563097,3.9932466,3.7922585,7.590754,7.8986125,6.542102,6.6790934,6.3253846,7.910395,7.532426,7.7873154,6.8743124,6.3565207,6.1060715,7.254216,8.08641,7.8395543,6.281266,6.844528,5.3217177,7.0148063,5.3212576,5.2467833,5.2202005,5.3313193,4.7134376,4.557904,5.525652,5.528177,5.875444,5.971881,4.0870776,4.022478,5.3796325,7.2501874,7.360745,7.3154235,6.290873,7.7210574,7.5107217,8.210722,7.150791,8.784359,6.780974,7.7285514,10.174604,9.946721,9.336932,8.208748,10.5829315,10.208652,7.285645,5.105333,5.1903453,4.544642,4.8646674,5.1251016,5.5512094,6.551897,6.2141957,6.2857566,6.648825,4.728061,5.7971897,5.9571705,7.509679,8.166264,6.684119,8.816003,7.741365,7.5332685,6.7553687,6.5839524,6.660895,6.324284,7.885435,9.084402,6.4033117,5.759587,7.0844564,7.0729117,7.152348,7.687335,8.085558,7.9223676,7.931434,7.909783,5.4620605,5.4438634,5.8535614,8.654012,9.987957,8.717569,7.1678033,7.1352563,8.034469,7.086365,7.079985,7.5197625
8,4.4903655,4.0389256,4.71576,5.097748,5.757699,6.490782,4.860556,4.99638,0.0,1.3118227,3.9230933,4.767035,3.4050822,4.6481323,4.826937,4.6632447,6.265708,7.359314,7.8304915,7.459751,4.9018893,5.862566,5.552984,5.081993,3.9544556,3.8645525,4.2810373,4.2859287,4.6710167,3.8149886,4.5616994,3.7708127,4.908841,5.236293,6.0107694,4.985582,4.900228,5.7703185,6.3595467,7.142938,5.21068,5.2420735,4.6702876,5.261352,5.812841,5.8617506,3.7796495,5.1038647,5.648871,5.327218,5.637241,5.644945,6.527171,5.883031,6.3784804,5.0987673,7.0982213,7.212463,6.0570517,5.583293,4.5129194,4.614325,5.8556557,7.2640157,8.725898,9.037956,7.7819505,8.981707,9.096661,9.093035,8.866713,9.205701,8.174804,8.290776,9.798517,8.9103775,9.659705,7.877415,9.3420515,8.587697,7.6693006,6.0577927,6.87353,6.440733,6.349388,6.3308363,6.7162695,6.093761,6.263068,5.59234,5.273546,4.8109994,5.1660147,6.456913,6.1308713,6.5592365,6.4421954,6.672728,6.197845,5.316299,5.476675,6.2532077,5.6776633,5.5195584,6.5889573,7.684462,4.0283623,4.779697,6.522288,6.4900894,7.578344,6.410268,6.830781,6.4188313,5.91948,6.012283,5.862704,5.4159975,6.006956,9.416911,9.448187,9.77832,6.4817944,7.271924,6.8228087,6.816563,6.8578777,7.111053
9,4.6666617,4.2770314,4.9064612,5.304922,5.4518237,6.8568354,5.3112545,5.4466004,1.3118227,0.0,4.611194,5.343147,3.590633,4.961172,5.413254,5.229863,6.5196023,7.60003,7.8971076,7.6091723,4.745841,5.6457477,5.7268944,5.263766,3.7098117,3.5957727,3.9408412,3.9461517,5.2820067,4.130359,5.3466353,4.3886294,4.926844,5.2835255,5.901061,4.89842,4.724587,5.64177,6.3664536,7.026283,5.222658,5.2044,4.513655,5.1145616,5.8424087,5.9960237,3.7365003,4.910789,5.9595075,5.6003804,6.089812,6.105265,6.892799,6.287612,6.595869,5.565538,8.10877,8.216516,6.547418,6.059925,4.590267,4.9959397,6.061259,7.4932585,9.4380245,9.705846,8.52096,9.624204,9.765763,9.813958,9.560745,9.865585,9.020343,8.927765,10.519089,9.598537,10.445011,8.179275,10.053259,9.433434,8.102904,6.56296,7.2170696,6.8679147,6.7456484,6.687201,7.165073,6.5810647,6.533722,5.8454432,5.726837,5.174926,5.413299,6.9805613,6.3654757,6.8928556,6.6980014,7.0116954,6.2822933,5.4587374,5.7538886,6.775083,6.2430544,6.084675,6.874138,7.860333,4.4255276,5.091848,6.600111,6.5668316,8.04004,6.8536243,7.0940123,6.8713174,6.172285,6.52792,6.217693,5.796024,6.455032,10.262637,9.65447,10.071957,6.3753586,7.1607337,7.1461596,7.2270327,7.262455,7.465345
10,5.751179,5.7132573,5.52049,4.9489202,4.955711,5.099833,2.5923326,2.4299498,3.9230933,4.611194,0.0,3.9573636,3.995477,5.234407,4.190175,4.2037897,7.312495,5.648144,6.7958794,6.327977,4.7630396,4.446139,4.302643,3.6093495,4.4684596,4.602138,4.6655874,4.6385484,4.0149536,3.8152406,2.526815,3.024302,6.564825,7.458328,6.210674,6.4818115,5.9828763,7.118525,6.9673176,7.4598465,6.301274,6.015908,5.7968254,6.720309,7.2590694,6.8294797,5.6476088,6.5471683,5.1257253,5.8672366,5.164121,5.146758,5.648347,5.204223,5.2729745,4.5022755,5.415144,5.5010285,5.9828963,6.0198116,3.9645169,3.8085496,5.1026344,7.008849,7.662367,7.94519,6.7146635,7.880234,7.4063635,8.11812,7.7951083,9.148886,7.0637064,7.6438823,9.259113,9.478021,9.141662,8.199564,9.75932,9.148665,7.272031,5.1798162,5.6074324,5.1323237,5.2397723,5.483263,5.5113816,5.422993,6.075656,6.0723395,6.571613,4.797213,5.708825,5.7891912,7.5907493,8.193259,7.2809916,7.87402,6.644678,6.4608283,5.6942883,6.216347,5.4112463,5.2261186,6.578312,8.006009,5.185185,5.377479,6.9656606,6.955762,6.0033402,7.1160283,7.873562,7.277241,7.567394,7.0694895,5.6517572,5.5543003,5.689028,8.698268,9.662791,8.321942,6.710919,7.242483,7.42578,6.174407,6.201985,6.614394
11,6.417307,4.958206,5.987556,5.4771285,6.0143285,5.92142,4.3787794,4.841917,4.767035,5.343147,3.9573636,0.0,2.5977592,6.257183,3.407897,1.5041468,7.940257,6.634399,6.9581957,6.913307,5.395144,5.452105,5.187172,4.647024,5.6299043,4.9007654,5.7717113,5.705674,4.0835233,4.00047,4.379301,3.9626162,7.1287794,8.193327,7.1316686,6.91313,6.9164524,8.108393,7.8936677,8.443555,6.9443483,6.3950415,6.83931,6.9849334,7.2228556,7.327614,6.344491,7.3271766,5.9052896,6.4158573,6.178693,6.176867,6.5379677,5.981892,6.735894,5.402443,6.5605936,6.6216283,6.3974085,6.3992376,4.8822513,4.6023297,5.719636,7.6349144,7.219796,7.7679753,6.882648,8.163744,7.838904,8.306559,8.37574,9.483009,8.317901,8.31007,8.723917,9.212452,10.340938,9.124716,9.660863,9.416659,6.9776154,5.542992,6.659268,6.0052958,6.4367657,6.084622,6.6931586,6.742377,6.497318,6.7066984,6.085059,5.617088,6.251853,7.317116,8.264849,8.626145,7.8331084,8.294638,7.8117433,7.1458464,6.954681,7.329635,6.493829,6.7117047,7.5228305,8.484395,6.308373,6.663324,7.530129,7.5411263,7.1951337,7.375072,6.028587,6.034811,5.615982,5.580455,6.9191847,6.6762123,7.020844,7.5402126,8.899593,8.286119,7.550649,7.960198,8.412168,7.155895,7.171441,7.420742
12,5.603681,4.0253735,5.169825,4.8890843,5.3175445,6.1608562,4.3997984,4.8617253,3.4050822,3.590633,3.995477,2.5977592,0.0,5.615229,4.1368484,2.860028,7.2807875,6.6656337,7.2962356,6.858861,4.9454503,5.258932,5.3435636,4.7842474,4.458884,3.3942263,4.573602,4.5458007,4.171039,3.287799,4.3540454,3.8134503,6.4111457,7.4055934,6.7360625,6.515498,6.2506056,7.3339944,7.3901296,8.022251,6.264823,5.759185,6.1443458,6.190289,6.556505,6.7826147,5.550643,6.6575694,6.1136446,6.321723,6.342607,6.368778,6.8985114,6.3524866,6.910371,5.73697,7.675025,7.7604656,6.3165007,6.3076086,4.4927773,4.5828834,5.781906,7.58526,7.9913025,8.60385,7.7821016,8.985608,8.521888,8.955087,8.977726,9.773997,9.211621,8.765926,9.594855,9.6073265,10.817188,9.113484,10.149053,9.903786,7.1008105,5.7140326,6.8221483,6.251085,6.4295144,6.159468,7.0844126,6.834965,6.1683035,6.3761253,5.729553,5.292286,5.939156,7.2627864,7.7503285,8.4048395,7.399995,7.878488,7.3468122,6.5834866,6.4478693,7.2100735,6.3428354,6.5209317,7.4322276,8.294915,5.829824,6.25635,7.127847,7.1384773,7.5370865,7.1352873,5.8931627,5.9441223,5.075497,5.5317693,6.69968,6.4075665,6.8964186,8.833784,8.744906,8.599521,6.549549,7.236069,8.226924,7.338925,7.3718605,7.5205455
13,3.1201298,4.3556437,2.838827,3.1885352,6.6907964,4.4864883,5.8368926,5.759632,4.6481323,4.961172,5.234407,6.257183,5.615229,0.0,3.7454727,5.8418097,6.923706,7.5902286,8.425701,7.89788,3.937271,6.4542627,4.358803,5.5189457,3.417501,5.5763826,5.2172475,5.2397814,5.70612,5.2242975,5.677191,4.589022,4.057373,4.514939,5.1314745,4.21509,4.496818,6.2593355,5.6475663,6.6883416,4.705045,4.467009,4.167171,4.839775,5.501515,5.3088393,3.541086,4.7559795,6.6328764,6.778917,6.5025296,6.482966,7.1543818,6.707925,7.118721,5.9990745,6.5132966,6.6218905,4.8589034,4.906412,4.7654977,5.2231846,6.027153,7.3698025,7.355401,7.2450213,7.0530257,7.281159,8.211517,8.62701,8.088171,8.408596,7.8544655,7.20261,10.092621,8.645177,9.326784,7.5492115,9.245242,8.867435,7.711905,5.5699563,5.862957,5.5919447,5.8899727,5.7053156,6.1514297,6.3511453,4.94142,5.892841,5.0119863,3.8941815,5.627951,5.61009,5.800251,7.045592,4.698249,5.642473,5.4142694,3.554365,4.03863,4.991537,4.529843,4.2878194,6.6299396,6.8476295,4.5434613,4.9580474,5.3968744,5.3471794,7.8885555,4.768443,7.8688536,7.8340244,7.1794996,7.3239317,5.2687936,5.4778986,5.816338,9.150153,7.7509623,7.968331,5.3894916,5.7953677,5.846926,6.0401435,6.0751624,6.23196
14,4.6809673,4.5183372,4.0887837,3.6167336,6.2832694,4.391766,4.9835873,5.111318,4.826937,5.413254,4.190175,3.407897,4.1368484,3.7454727,0.0,2.9386113,7.2745175,6.4896927,6.9161534,6.866219,3.70713,5.3242507,3.5423565,4.213781,4.265894,4.992842,5.335962,5.290079,4.228361,4.1308193,4.4316025,3.5294354,5.4904156,6.5711756,5.7873244,5.2662506,5.587867,7.4724836,6.491705,7.312799,5.3231754,4.7960315,5.48253,5.4803457,5.980544,5.610448,4.8148656,5.973952,5.8123803,6.294485,5.9344926,5.917094,6.344665,5.77868,6.6738806,5.1037827,5.6628823,5.734875,5.265135,5.215672,4.3863826,4.3291636,5.00987,6.9797006,6.4233394,6.6048503,6.2513022,6.7657413,7.265254,7.9972467,7.9110456,8.585653,7.6245723,7.356958,8.767698,8.940862,9.453768,8.075602,8.910046,8.433848,6.9667916,4.8328238,5.4338193,5.3674107,5.7067623,5.1650844,5.6684403,6.125273,5.1969953,5.9214354,5.261396,4.2192774,5.56644,5.970665,6.9546523,7.5733957,6.3286657,6.920116,6.3692617,4.951413,5.189901,5.584695,4.738797,5.051895,6.5981226,7.5360203,5.067772,5.46658,6.2817464,6.2782264,6.8122168,5.702741,6.922376,6.8963556,6.457654,6.2646637,5.5655107,5.565546,5.85957,7.713086,8.078028,7.4891405,6.283804,6.419688,7.181856,5.7992234,5.812192,6.0773993
15,6.377328,4.906333,5.9518576,5.630039,6.1875443,6.105992,4.5583134,4.9962707,4.6632447,5.229863,4.2037897,1.5041468,2.860028,5.8418097,2.9386113,0.0,7.4570236,6.583587,7.0129023,6.92417,5.1735487,5.380874,4.9542103,4.375483,5.572699,5.0410175,5.430703,5.371752,4.3679023,4.196298,4.5408244,3.5869217,6.8925266,7.81808,7.0109787,6.5310388,6.6726394,8.366081,7.7630405,8.328571,6.6406918,6.163863,6.58567,6.6646347,7.1528506,7.0454216,6.050366,7.0109687,5.835908,6.314461,5.9184384,5.915379,6.354848,5.813298,6.4875464,5.184651,6.363888,6.421229,5.9417014,5.981381,4.7397165,4.6448317,5.5723467,7.4048395,7.08844,7.523973,6.6750507,8.004976,7.6150723,8.367314,8.266834,8.978783,8.401176,8.289502,8.91939,9.082313,10.19349,8.94854,9.487805,9.147838,7.0823193,5.686431,6.4153256,6.1089845,6.4696827,5.782453,6.498187,6.7945347,6.5595293,6.811007,5.486616,5.2352257,6.3357334,6.9502063,7.7996707,8.193291,7.6207547,8.191823,7.8031383,6.8140507,6.8483305,7.200409,6.499427,6.7391877,7.6835585,8.55848,6.268644,6.5787067,7.5262804,7.5330606,7.2067466,7.241545,5.977625,5.9539905,5.501455,5.545682,6.476715,6.23457,6.5961204,7.369018,8.430839,8.522944,7.4867296,7.6071205,8.404181,7.2362156,7.2465615,7.4403844
16,7.509876,7.592456,7.2569427,7.884264,7.523474,9.114155,7.940008,7.8653784,6.265708,6.5196023,7.312495,7.940257,7.2807875,6.923706,7.2745175,7.4570236,0.0,6.38939,7.3698626,6.603558,7.7773695,8.409835,7.910997,7.5596604,7.3445406,7.0501337,7.195251,7.252083,7.587129,7.1468205,7.1233897,6.740679,7.96629,7.8387365,8.716227,7.570039,7.6781473,8.643036,8.945517,9.267484,7.063749,7.3996477,7.614789,7.185004,8.119204,7.843224,7.2013044,7.546926,8.418174,8.495824,8.337012,8.335318,8.249433,8.460114,8.545389,7.846301,9.07597,9.094794,6.015144,5.9648933,7.5430384,7.2591195,7.818299,7.3839793,10.694346,9.83893,9.479829,9.783788,10.651012,10.329458,9.40201,9.2209,10.194189,9.437079,11.617312,10.607647,9.952539,10.109908,11.080593,9.548366,7.001253,7.217899,7.2157216,7.7929955,7.098632,6.774978,7.53802,8.426546,7.537122,7.783211,7.406071,7.4843,7.5310388,7.951212,7.9267325,8.474704,8.079949,8.622386,8.069253,7.3344893,7.282054,7.559482,7.81431,8.052844,9.245816,9.842064,6.8464904,7.0550075,8.348388,8.34446,10.22385,7.2739186,9.099822,8.44898,8.671632,8.465353,6.6898785,6.731097,6.907541,11.381668,9.747571,11.657772,8.575465,8.700903,9.441365,8.863592,8.893429,8.491406
17,8.315296,8.493092,7.7288423,6.9216814,5.191318,7.2356596,6.0339026,5.9140797,7.359314,7.60003,5.648144,6.634399,6.6656337,7.5902286,6.4896927,6.583587,6.38939,0.0,3.867918,2.557944,6.7782345,5.6622314,6.3798385,6.018374,6.8337927,6.5164323,6.8197365,6.8441114,6.342107,6.455914,6.085651,5.8594685,8.568952,9.386179,7.3956194,8.728603,7.6719685,9.236969,8.607063,8.675209,7.6441007,7.0099945,7.699218,7.8921432,9.00014,8.490197,7.817768,8.256571,7.4208703,8.132803,7.600471,7.6070004,7.183796,7.4331245,6.858331,6.9431787,8.016419,8.0552025,6.941286,7.0951095,6.676541,6.392317,6.684069,7.0523806,9.439299,8.774868,8.173587,8.617913,8.835935,9.406165,9.13218,10.701396,9.437122,9.020541,10.425844,11.699977,9.91545,10.478257,11.496785,11.314629,6.20396,6.100416,5.4491096,6.1236825,5.8678365,5.7126083,6.502516,8.432906,6.8586607,7.4286,8.995611,7.055878,7.17753,8.120684,9.331059,9.926508,9.304842,9.986852,8.537976,8.315142,8.45566,8.344248,8.02885,8.3029375,8.706278,10.099827,8.025699,8.087991,8.591779,8.606439,7.5320234,8.390121,9.683394,9.253273,9.624028,9.458437,7.19222,7.31213,7.5114284,10.717926,10.622436,9.220048,8.7211895,8.804236,9.828751,8.582143,8.607596,8.956676
18,8.543931,9.023977,8.186759,7.4084525,5.373138,7.6416097,7.1764655,7.063986,7.8304915,7.8971076,6.7958794,6.9581957,7.2962356,8.425701,6.9161534,7.0129023,7.3698626,3.867918,0.0,2.5908895,6.753462,5.788517,6.582499,6.2689166,7.1340103,6.694575,7.0610027,7.039864,6.675317,6.635138,7.6292634,6.511638,8.30335,9.492351,7.0197096,8.055257,7.403073,9.027857,7.649567,7.537235,7.854698,6.9559155,7.5994983,7.767048,8.420914,8.074697,7.5576816,8.028847,6.410048,7.184883,7.3485856,7.365898,6.2185097,6.443904,7.3708363,6.5177603,8.868888,8.896638,8.067713,7.742818,6.9257693,6.930488,5.8727403,6.4841166,9.764996,9.658934,8.718903,8.559104,9.899803,10.049869,9.986824,11.285316,9.577091,9.632898,10.443336,11.918777,10.1346245,9.739974,11.063721,10.97606,6.8938766,6.454451,6.061431,6.9399095,6.788201,6.301511,7.0557904,9.087751,7.441752,7.0743284,9.671138,7.6946106,6.832826,8.891056,9.650949,9.670432,9.391923,9.871611,8.902586,8.338975,8.918395,8.982074,8.644406,8.908455,8.218869,9.767875,8.020383,8.139798,8.30581,8.338561,7.944737,8.258175,9.558622,10.020879,9.814221,9.847622,7.7686863,7.6752696,8.314784,11.1988735,11.966121,10.124842,8.991053,8.802142,9.686475,8.469559,8.457658,8.769356
19,8.363281,8.68759,7.831375,7.037374,5.3967705,7.4331098,6.6584425,6.5452166,7.459751,7.6091723,6.327977,6.913307,6.858861,7.89788,6.866219,6.92417,6.603558,2.557944,2.5908895,0.0,6.9182954,5.945136,6.6498475,6.3136997,6.848217,6.4168825,6.8140755,6.824167,6.2458973,6.34027,6.944377,5.932447,8.110083,9.261232,6.9086447,8.320467,7.319042,8.911411,7.734005,7.6822033,7.6407638,6.739727,7.48206,7.6404967,8.645622,8.16438,7.4153023,7.9870577,6.6234117,7.2840023,7.438916,7.465602,6.390548,6.6202493,7.2798615,6.4413114,8.555234,8.604144,7.4002657,7.4403677,6.9142814,6.790483,5.8426733,6.747645,9.512356,9.154839,8.3845825,8.198112,9.611017,9.681478,9.531561,10.93613,9.571932,9.049687,10.4045725,11.496386,9.965479,10.136702,11.2283325,11.112108,6.4632206,6.0080376,5.6053624,6.521742,6.3776875,5.8095884,6.8782444,8.97778,7.092065,7.3322115,9.297091,7.3478966,7.120472,8.544471,9.399307,9.785859,9.037036,9.582821,8.806005,8.230589,8.736061,8.661604,8.409553,8.662507,8.393456,9.665124,7.993492,8.144142,8.220695,8.251691,7.647937,7.9580865,9.291116,9.678568,9.504834,9.4891405,7.330619,7.3934937,7.912896,10.9227705,11.109439,9.426444,8.820721,8.753817,9.649453,8.748113,8.758524,9.036545
20,4.998923,5.6434197,4.648527,3.9973092,4.9766293,4.7741055,5.557151,5.4369254,4.9018893,4.745841,4.7630396,5.395144,4.9454503,3.937271,3.70713,5.1735487,7.7773695,6.7782345,6.753462,6.9182954,0.0,3.6856792,2.6437998,3.523428,2.0172648,4.1520414,3.8548186,3.8071516,5.093033,4.2829475,5.369885,4.387089,4.890737,6.235747,4.987677,4.564673,4.946743,6.930711,5.6119156,6.555961,5.6291547,5.027178,4.814405,5.6366215,6.05928,5.533886,4.0281153,5.5153103,5.4391246,5.9260616,6.0616493,6.0311646,6.2698503,5.696182,6.8303323,5.0409603,7.686439,7.7642627,6.1571536,6.1448307,3.3825138,4.308838,4.451523,6.88291,8.787743,9.113858,8.502269,8.753459,9.473413,10.081634,9.800516,10.622128,9.092018,8.52327,10.983736,10.760379,10.711806,8.128412,10.695502,10.423092,8.082863,5.8464026,6.2312813,6.0518494,6.5342116,6.239818,6.3257794,6.8563976,5.583579,6.0514874,6.779855,4.6411276,5.7643037,6.4708967,7.433153,8.342227,6.9965825,7.5566473,6.1352887,4.749714,5.152489,6.490557,5.7605724,5.655477,6.1395946,7.0948358,4.945223,5.3044577,6.5402274,6.498041,7.181101,6.518714,8.581902,8.601794,7.952291,7.9607763,6.4363637,6.5556254,6.784215,10.062656,9.460065,8.141521,6.294739,6.4320803,7.406286,6.6153593,6.615709,6.928561
21,7.2930274,7.46433,6.8907013,5.937519,4.2118163,6.233772,4.8503575,4.691719,5.862566,5.6457477,4.446139,5.452105,5.258932,6.4542627,5.3242507,5.380874,8.409835,5.6622314,5.788517,5.945136,3.6856792,0.0,4.0296273,3.3522754,4.3838325,4.5815215,4.3718867,4.240467,5.4463086,4.971155,5.574759,4.557687,6.8840766,8.034459,5.3356347,6.570258,5.7415285,7.7521415,6.93826,6.9818516,6.6835346,5.892296,5.734653,6.688018,7.72353,7.302054,5.911717,6.480245,5.2503223,6.112075,5.9143944,5.913908,6.027611,5.5405045,5.047231,4.9731092,8.004531,8.059567,7.30771,7.3417716,3.9739993,4.5029097,4.630096,7.122192,9.694648,9.374994,8.346041,9.013488,9.351849,9.96557,9.6554365,11.079095,9.286373,8.862934,10.784195,11.539005,11.390469,9.117864,11.439731,11.47012,8.639808,6.544267,5.9960914,6.226064,6.415487,6.175347,6.447476,7.442748,6.8899627,7.041932,8.222224,5.703331,6.6816993,7.3417015,8.509063,9.163127,8.647937,9.266231,7.1510496,6.9022403,7.185366,8.011612,7.569325,7.559052,7.1713123,8.417902,6.6127753,6.757649,7.5348067,7.5080566,6.8732767,8.58004,9.01251,8.984712,8.802789,8.833385,6.6763983,6.7605505,7.0238247,10.681739,10.105431,8.790777,7.766675,7.7797723,8.673538,7.827233,7.8267107,8.124509
22,5.785861,6.3312817,5.2192516,4.501987,4.5627503,3.3401332,4.2774982,4.107636,5.552984,5.7268944,4.302643,5.187172,5.3435636,4.358803,3.5423565,4.9542103,7.910997,6.3798385,6.582499,6.6498475,2.6437998,4.0296273,0.0,2.1924968,3.5159934,4.95311,3.6782606,3.608225,5.0148067,4.4773192,4.800698,4.242867,6.440438,7.1245546,5.723178,5.1443453,5.77188,8.14906,6.3154473,7.0760517,6.1069345,5.459801,5.656846,6.4535093,7.0463624,6.18283,5.1334286,6.3125825,5.0479293,6.8357954,5.6534653,5.56074,5.0822644,5.0680175,6.3016334,4.3051343,6.4459743,6.4336786,5.3305035,5.3879375,3.5002947,3.8475547,3.7996345,6.598524,7.5656266,7.8215947,7.4745445,7.828991,8.890574,9.522723,8.68165,9.739509,7.8086553,7.8359685,10.845347,10.871574,9.731447,7.605757,10.791628,10.145365,7.289008,4.6244645,5.001035,4.86702,5.531815,5.1113133,5.1671023,6.848338,5.1226897,5.695919,6.388064,3.9729521,5.3598886,5.5877614,7.196951,8.016154,6.411841,8.429453,7.11437,5.9913235,5.5952034,5.76277,5.8866515,5.7208147,6.9116025,8.086192,5.5461392,4.8788137,6.7219296,6.6974697,7.3085093,6.7156553,8.516594,8.564261,8.156313,7.95493,5.6292305,5.7870173,6.016159,8.839597,9.847186,8.342566,6.792104,6.2487583,8.021202,6.572547,6.538587,6.9091325
23,6.6763744,6.7949905,6.1958213,5.6530695,3.9608228,4.8243937,3.5259268,3.3311636,5.081993,5.263766,3.6093495,4.647024,4.7842474,5.5189457,4.213781,4.375483,7.5596604,6.018374,6.2689166,6.3136997,3.523428,3.3522754,2.1924968,0.0,4.2219715,4.4043727,2.9037714,2.8072093,4.549912,3.8967128,4.1953135,3.575258,7.143003,7.754065,6.4711685,5.809522,6.303418,8.49571,6.9797797,7.570857,6.7266483,6.1644645,6.2007337,6.9855003,7.5987034,6.891067,5.6947107,6.798243,4.4728208,6.397541,5.089379,4.9907804,4.511064,4.499995,5.6984744,3.6539276,6.595646,6.5767035,5.8081284,5.930221,3.0970774,3.3738778,3.6428256,6.512798,8.242412,8.473205,7.706829,8.474292,8.943269,9.60056,8.74893,9.769284,8.186736,8.382242,11.105732,11.073473,10.176881,8.210549,11.107071,10.442437,7.5604706,5.1805124,5.466736,5.4033437,5.811508,5.421742,5.679394,7.1310163,6.1524687,6.303255,6.74982,4.599949,5.879109,5.928035,7.654697,8.28215,7.224064,9.064487,7.8082175,6.8759604,6.5018544,6.670891,6.750474,6.6161165,7.392497,8.780276,5.9362254,5.316088,7.4412627,7.419845,7.197892,7.541101,8.46799,8.442882,8.096882,7.966886,5.797182,5.849249,6.103315,9.122316,10.281144,8.992487,7.4453874,6.935687,8.694044,7.315615,7.284138,7.6116986
24,4.2155976,5.005901,3.9150655,3.3325264,4.9245186,4.7662745,5.329544,5.233023,3.9544556,3.7098117,4.4684596,5.6299043,4.458884,3.417501,4.265894,5.572699,7.3445406,6.8337927,7.1340103,6.848217,2.0172648,4.3838325,3.5159934,4.2219715,0.0,3.5070195,3.573988,3.560612,4.8557863,3.8587723,5.0402093,4.2153187,4.355862,5.7116847,4.781825,4.67822,4.57563,6.1789527,5.29387,6.3464093,5.2250867,4.6494803,4.3680763,5.249919,5.6881633,5.2899966,3.4749002,5.204589,5.5451527,5.844036,6.110247,6.105978,6.421209,5.8623714,6.908931,5.138747,7.7507563,7.847247,5.925826,5.8045497,3.5876827,4.3403993,4.637504,6.913206,8.690817,9.171924,8.489678,8.824701,9.565188,9.943742,9.625541,10.467254,8.934696,8.357512,10.784197,10.469088,10.358476,7.796329,10.418175,10.110107,7.832752,5.581917,6.25936,5.9410806,6.2868276,6.1788073,6.421799,6.6591864,5.1721363,5.4939785,6.5149984,4.434786,5.2620697,6.3768444,7.0832944,8.062603,6.521018,7.0460577,5.7979927,4.506705,4.5986705,6.14476,5.3863144,5.2048655,5.9648423,6.784369,4.4546723,4.93354,6.1954293,6.1612654,7.4181447,6.1493816,8.277344,8.291951,7.548465,7.6164603,6.2489,6.2634206,6.636209,10.240484,9.474735,8.456324,5.7374797,6.2729483,7.01905,6.5716467,6.5948906,6.778484
25,5.550975,5.865477,4.925713,4.5192537,4.5653496,6.2016487,5.3253746,5.2967796,3.8645525,3.5957727,4.602138,4.9007654,3.3942263,5.5763826,4.992842,5.0410175,7.0501337,6.5164323,6.694575,6.4168825,4.1520414,4.5815215,4.95311,4.4043727,3.5070195,0.0,3.4773676,3.4301975,3.5373354,2.0944488,4.724282,3.882057,6.1503034,7.0235023,6.4339027,6.2313437,5.9893713,6.951026,6.7046843,7.530059,6.023206,5.213098,5.9442973,5.716494,5.824943,6.322833,5.076527,6.476282,5.72688,6.1425714,6.211618,6.2252645,6.676268,6.1338778,7.05643,5.500093,8.487029,8.554047,7.0597124,6.9184566,3.8896875,3.8684397,5.0099754,6.9719505,9.244036,9.390846,8.6871,9.227142,9.447013,9.448027,9.499855,10.269533,9.795391,9.098694,10.807963,11.0513,11.541826,9.261576,10.7375765,10.689442,7.9391494,5.888955,6.7411375,6.6526628,6.36991,6.54858,7.73094,7.9655843,6.0511303,6.184403,7.263754,5.551354,5.8410845,7.427126,7.864963,8.4632435,7.32796,8.0313835,7.1821704,6.0845127,6.617521,7.285536,6.7166247,6.9892654,7.1813793,8.614728,5.557557,5.916895,6.9032555,6.89565,7.9430866,6.993467,7.9942117,8.295661,7.115044,7.811757,6.577368,6.476622,7.1356726,10.97304,10.042277,8.955976,6.5491285,7.1580157,8.439518,7.752963,7.779205,7.9197826
26,6.018463,6.315354,5.66788,5.5329885,3.570151,5.5051312,4.335166,4.244362,4.2810373,3.9408412,4.6655874,5.7717113,4.573602,5.2172475,5.335962,5.430703,7.195251,6.8197365,7.0610027,6.8140755,3.8548186,4.3718867,3.6782606,2.9037714,3.573988,3.4773676,0.0,0.25430483,5.087674,3.698862,5.310838,3.9954016,6.605959,6.944984,6.4417067,5.397435,5.84194,7.954841,6.6946273,7.4185195,6.4450793,5.819512,5.651676,6.403881,7.097216,6.8454237,4.9881215,6.2421503,5.1716423,6.5951047,5.6078773,5.5438266,5.3671827,5.357321,6.3369546,4.557025,7.9525757,7.9709306,6.162004,6.0824213,3.2641702,4.136272,4.617458,6.83981,8.848886,9.301198,8.512083,9.371658,9.632743,10.255085,9.362934,9.942023,9.258386,9.283875,12.039394,11.296667,10.857779,8.299155,11.408322,11.035841,8.024961,5.961723,6.3324466,6.2390776,6.4100337,6.1085157,6.954104,7.9924755,6.377196,6.247822,6.6090913,4.8085346,5.7839584,6.605701,7.285244,8.028153,6.612296,8.792072,8.014234,6.7182674,6.6834073,7.1716924,7.267662,7.0681353,7.959655,9.072215,6.076956,5.4981594,7.2645726,7.243381,8.318793,7.418511,8.415414,8.745175,7.729319,8.316067,6.082078,5.9898014,6.6939745,10.38332,10.474323,9.773314,6.7788825,6.382395,8.630562,8.016816,7.998719,8.217157
27,6.054177,6.3435483,5.69239,5.5224156,3.590326,5.487829,4.298339,4.2090116,4.2859287,3.9461517,4.6385484,5.705674,4.5458007,5.2397814,5.290079,5.371752,7.252083,6.8441114,7.039864,6.824167,3.8071516,4.240467,3.608225,2.8072093,3.560612,3.4301975,0.25430483,0.0,5.026557,3.658101,5.290488,3.9499736,6.600321,6.9428124,6.369536,5.378275,5.7978296,7.9319153,6.666503,7.3702693,6.416163,5.766996,5.6135235,6.3676624,7.059454,6.8198752,4.9732203,6.21091,5.0637956,6.536067,5.5226693,5.4592104,5.290801,5.2596307,6.2146816,4.448989,7.9051933,7.92048,6.15506,6.0590086,3.182445,4.0199695,4.496822,6.7941833,8.829838,9.241061,8.44347,9.309069,9.624019,10.199644,9.2992,9.911433,9.187206,9.202498,11.948772,11.279076,10.863154,8.227652,11.350041,10.99294,8.051008,5.9217615,6.2754517,6.191184,6.3610597,6.059344,6.902155,7.968177,6.3455014,6.200201,6.604075,4.7537436,5.734996,6.579692,7.261038,7.9781914,6.6238174,8.795834,7.9658294,6.6968856,6.6684475,7.1527696,7.2759395,7.086859,7.9056664,9.016563,6.0472503,5.4657454,7.22327,7.2014136,8.3145485,7.4472823,8.369586,8.711695,7.6970305,8.280846,6.0331936,5.9360714,6.6484046,10.338791,10.440531,9.783973,6.827501,6.4266706,8.611506,8.003405,7.9848037,8.181955
28,6.2498717,6.562558,5.64442,4.770963,5.8484693,5.4930773,4.958592,4.8909135,4.6710167,5.2820067,4.0149536,4.0835233,4.171039,5.70612,4.228361,4.3679023,7.587129,6.342107,6.675317,6.2458973,5.093033,5.4463086,5.0148067,4.549912,4.8557863,3.5373354,5.087674,5.026557,0.0,1.9158407,3.9662635,2.632204,6.4338536,7.322529,6.774935,6.997056,6.7929044,7.758319,6.8706384,8.09204,7.1358924,6.0763717,6.6488886,6.926975,6.365863,7.0180078,5.6411896,7.4303555,4.788813,5.4518533,4.982056,4.9704967,5.71869,4.967998,6.582123,4.1760902,6.0711255,6.1540804,6.4156265,6.4272995,3.898091,2.9599771,4.7024426,6.497679,7.4654946,7.8380036,6.793924,7.6338773,7.9670563,7.638096,7.8109565,9.185285,7.9658413,7.6326737,9.218172,9.702177,10.114269,8.757713,8.983756,9.730362,7.413672,5.177673,6.4722376,5.8631,6.096479,6.4279723,7.503056,8.238004,5.9426794,6.130626,7.343357,5.28721,5.8157315,7.06294,8.149769,8.427796,7.3895736,7.895254,7.923354,6.5177865,7.230557,7.3857713,6.8300686,7.0137253,6.9586296,8.3178005,6.036802,6.540229,7.360173,7.3374043,7.3230815,6.518741,8.048199,8.343606,7.156141,7.7763605,6.875333,6.797008,7.4060593,9.093179,10.006064,8.3348875,8.006398,8.519306,8.005373,7.992923,8.027655,8.29977
29,5.4429483,5.757324,4.8657064,4.3031745,4.880505,5.3088026,4.595067,4.5563097,3.8149886,4.130359,3.8152406,4.00047,3.287799,5.2242975,4.1308193,4.196298,7.1468205,6.455914,6.635138,6.34027,4.2829475,4.971155,4.4773192,3.8967128,3.8587723,2.0944488,3.698862,3.658101,1.9158407,0.0,3.9837837,2.638702,6.13141,7.1003027,6.6286035,6.226283,6.301943,7.3399973,6.669033,7.7723427,6.5623984,5.6291494,6.133501,6.3063574,6.037547,6.6247873,5.0964994,6.8291516,4.915251,5.6387587,5.3059754,5.291498,5.766515,5.1696706,6.738933,4.3675637,6.9631557,7.0296497,6.3917603,6.2950397,3.2752411,3.0178552,4.544392,6.6145606,7.8490267,8.439588,7.538779,8.314858,8.408089,8.53728,8.448026,9.430859,8.671775,8.491552,10.173455,10.172641,10.626307,8.683351,9.7483425,10.006954,7.5280495,5.3289003,6.563925,6.108185,6.1903615,6.377698,7.494772,7.9119635,5.933181,5.987878,6.941353,5.180329,5.6006174,7.025963,7.9601,8.376479,6.9176,7.821994,7.6717005,6.2415185,6.605351,7.1572967,6.528359,6.6784663,7.119626,8.404443,5.6457047,5.962495,7.0397954,7.030882,7.673721,6.4792953,7.8052683,8.221473,6.90523,7.608442,6.5763507,6.461481,7.1721435,9.740728,10.010464,8.602127,6.929395,7.3928614,8.080345,7.6059036,7.626288,7.7883573
30,6.606765,6.35872,6.023409,5.51448,6.10947,5.871838,4.0830398,3.9932466,4.5616994,5.3466353,2.526815,4.379301,4.3540454,5.677191,4.4316025,4.5408244,7.1233897,6.085651,7.6292634,6.944377,5.369885,5.574759,4.800698,4.1953135,5.0402093,4.724282,5.310838,5.290488,3.9662635,3.9837837,0.0,3.8511064,7.575222,8.199351,7.699806,7.56471,7.4494343,8.502988,7.863604,8.7529335,6.9798856,6.884746,7.3444495,7.5751486,7.5671997,6.7946916,6.6779675,7.9334173,6.015223,6.9492474,5.9493165,5.921913,6.4186316,6.092598,6.93307,5.411016,6.0818157,6.112996,5.854221,6.1808653,4.76256,3.89431,5.343212,7.095025,8.168345,8.48072,7.8321705,8.705432,8.352611,8.636002,8.416542,9.472762,7.9634953,7.7428803,9.706958,10.445816,9.455049,8.896544,10.347772,9.172722,7.0236716,4.9720798,6.0653143,5.6661096,5.5916705,5.884785,5.920105,6.0534863,5.8624606,6.412174,6.6552587,5.1054125,6.225563,5.5721364,7.9494042,8.700876,8.007238,8.564808,7.2401175,6.8514833,5.804763,5.9041295,5.3510394,5.48431,6.878622,8.557886,5.307491,5.3596473,7.861051,7.85145,6.642892,7.293806,8.346451,7.246231,7.7107077,6.8199787,6.126682,6.1012144,5.795698,8.71883,9.8894,8.790616,7.466663,7.954724,8.63459,6.839825,6.8783116,7.1250157
31,5.5713954,5.740028,5.196347,4.66783,5.3445597,5.256117,3.87115,3.7922585,3.7708127,4.3886294,3.024302,3.9626162,3.8134503,4.589022,3.5294354,3.5869217,6.740679,5.8594685,6.511638,5.932447,4.387089,4.557687,4.242867,3.575258,4.2153187,3.882057,3.9954016,3.9499736,2.632204,2.638702,3.8511064,0.0,5.5590754,6.5243926,5.7271724,5.8280015,5.50508,7.2322307,6.3309865,7.174515,6.16761,5.317546,5.2659397,6.018155,6.503188,6.628626,4.6226187,6.081657,4.2886243,4.8088703,4.3032036,4.2988315,5.023837,4.2765303,5.1362495,3.229436,5.282734,5.3908134,5.525361,5.563222,3.2021298,3.1963418,4.3148675,6.388114,7.0871634,7.3089743,5.978476,7.102719,7.177765,7.7014112,7.341199,8.360755,7.4970694,7.5088935,9.291348,8.905014,9.540301,8.093738,8.815106,9.177508,7.544701,5.348741,5.706645,5.5441327,5.7744603,5.5470066,6.5090203,7.1944933,6.138074,6.208594,6.289822,4.4499345,5.7776313,6.236238,7.2804046,7.7112756,6.6594257,7.356989,7.2708726,5.852649,6.40801,6.918655,6.3607016,6.351631,6.963448,7.9161453,5.6121073,6.046335,6.831097,6.810074,6.7690816,6.399237,7.5249295,7.782989,6.9227858,7.362113,5.656649,5.5907,6.261037,8.667557,9.013437,8.344079,7.1549954,7.351347,7.3168244,7.3394995,7.3629856,7.5546227
