,0,1,2,3,4,5,6,7,8,9,10,11,12,13,14,15,16,17,18,19,20,21,22,23,24,25,26,27,28,29,30,31,32,33,34,35,36,37,38,39,40,41,42,43,44,45,46,47,48,49,50,51,52,53,54,55,56,57,58,59,60,61,62,63,64,65,66,67,68,69,70,71,72,73,74,75,76,77,78,79,80,81,82,83,84,85,86,87,88,89,90,91,92,93,94,95,96,97,98,99,100,101,102,103,104,105,106,107,108,109,110,111,112,113,114,115,116,117,118,119,120,121,122,123,124,125,126,127
0,0.0,5.652044,4.8253865,5.128518,5.4079666,6.138186,7.304594,6.046595,4.412127,7.701923,6.6500363,6.271741,4.4340887,4.651325,4.266068,4.735142,4.9945607,4.7308993,4.780076,5.0394716,5.447662,5.0245624,5.1764445,5.1808867,4.6321845,4.418267,4.7545595,6.952701,4.9057913,4.8033957,6.112558,5.899513,5.028463,5.165328,5.228513,5.8851943,4.5893717,4.5352683,4.34318,6.726165,3.602369,3.4322965,3.7738602,5.1053524,3.586303,5.674591,6.672884,5.931637,4.6608753,5.406377,4.925028,5.629868,5.126473,4.304755,5.651869,5.4400153,6.728795,5.7381673,3.5647151,4.0438595,6.0001874,6.015843,5.873682,5.5159903,4.8009725,4.9518833,4.372732,5.0124454,5.8649774,5.0928645,4.9039655,4.3866906,6.140814,6.381661,4.7832346,4.945378,5.6718855,5.6624594,4.4444623,4.904814,5.556583,6.3440075,5.2298036,5.2334547,5.899375,5.9184513,5.574564,5.8590055,5.5196114,5.5277495,5.120254,5.537377,4.7910204,4.9769745,4.766524,4.7817326,4.9829617,4.897288,4.8931823,4.847787,6.7489405,6.6430674,6.2763557,6.563502,5.333843,5.7576923,5.864572,6.5874043,5.2003765,4.9900393,5.8710933,4.8748465,6.251555,5.9876313,5.3117776,5.2304378,6.274612,5.667025,5.044564,6.791168,5.223041,5.205523,5.4178543,5.100853,6.4759145,5.88612,4.717236,5.79986
1,5.652044,0.0,4.3935847,5.022606,5.4550085,6.609553,7.1494393,6.4707217,5.3062477,6.555738,4.5374255,4.9035354,5.477229,5.232741,4.888676,5.773757,6.546104,7.480249,6.6743884,6.6656046,7.4744806,7.0999494,6.22999,5.9359818,6.516241,5.7446494,5.0544815,7.0129933,7.2028556,6.3554716,5.877736,7.062492,4.5504823,5.192742,4.6357,5.112175,5.1832523,5.3009796,4.4616194,6.6279345,4.8621564,4.4096675,4.9877944,5.3953323,5.0362134,6.0905857,5.911305,7.0308847,4.9858947,5.6364336,6.325423,6.4223695,6.0797906,5.549874,5.975547,6.0787997,5.671354,5.8247023,5.104339,5.925084,6.152049,6.249582,4.6916413,4.970706,5.0040793,5.0035634,4.7496896,4.7838264,6.611417,6.588842,4.6897593,4.486405,5.877588,6.127278,5.327924,6.3725724,6.7909126,6.798765,4.923873,5.1687336,5.8504963,6.2074203,5.3281364,5.520982,5.756994,5.4478545,5.731859,5.685619,5.797976,6.034986,4.8521457,5.8942094,5.453329,5.918726,5.898831,5.881403,5.0493064,4.95834,4.4953723,4.674079,6.553046,6.6934857,6.571594,6.4171615,6.7084346,6.643956,4.6884155,5.059486,6.8577046,6.248947,5.935962,5.717961,6.380915,6.2064934,7.0301585,5.748967,5.2197127,5.682744,6.040762,6.624241,5.6362996,6.7836666,5.862978,6.241212,6.035636,6.177666,6.3165045,6.2180104
2,4.8253865,4.3935847,0.0,2.2426689,5.304658,6.5166306,6.6833124,5.8880787,4.105138,7.874313,5.5121803,4.8290715,3.9021547,4.092494,4.208958,4.8466153,4.7795067,5.7005024,4.6958747,4.7451196,6.0359073,5.8970003,5.0981226,5.3293786,5.344104,4.2993236,4.537454,6.6953673,5.648907,4.5806727,5.140422,6.037477,3.405116,3.0779903,4.0780916,4.999935,3.5020008,4.4472003,3.7106478,4.9280295,3.4673295,3.5036407,3.5611603,4.6740284,4.27817,5.604034,5.4909024,6.357673,3.9339006,4.550674,5.9425077,6.352232,4.3567605,4.220702,4.709031,3.9688168,5.660359,5.105971,4.3227572,4.90042,6.5167027,6.51863,5.587722,5.6359825,4.166442,4.891695,4.692955,4.79761,5.3236465,5.944812,3.9771914,3.7632957,5.3690424,5.6884985,5.922341,5.0707097,5.14336,5.150704,5.1909485,5.1411786,5.055501,5.3703794,4.8894053,4.6936784,5.605017,5.4629,5.5331936,5.385303,5.397596,5.3492074,3.9761095,5.270844,4.482074,5.262934,5.22835,5.185684,4.1781015,3.9103057,3.9049816,3.9702582,5.1515617,5.2539487,4.9145317,5.879976,5.8371873,6.1050534,5.5934777,5.486596,5.9721,6.0314903,5.674206,4.4129086,6.43661,5.685616,7.0158606,4.5365076,4.7096567,5.367284,5.6914954,6.6243663,5.097897,5.7369504,4.8667965,5.0220575,5.0791874,4.7603836,5.93873,4.3405147
3,5.128518,5.022606,2.2426689,0.0,6.0194016,7.015111,7.6098943,6.487316,4.835848,8.162137,5.897402,5.4499555,4.671221,4.7778683,4.9457574,4.4613633,5.4635205,6.4201365,5.445735,5.4528613,5.6790676,5.606705,5.286123,5.5839896,6.0111723,5.0678053,5.4345326,7.3376455,6.201375,5.34879,6.2853594,7.2061124,4.0313487,3.639616,4.8151946,5.577138,4.1327353,5.2226787,4.56919,6.674981,4.4149456,4.5541677,4.5004735,5.279108,5.2998686,7.200371,6.0842423,6.593673,4.761197,5.212419,6.662763,7.0334754,5.12064,5.429962,5.5915537,4.5333924,6.2772284,5.891044,5.376555,5.830106,7.266627,7.284169,6.3606687,6.5081925,5.3013625,5.9815445,5.9126806,5.9271016,5.972526,6.712335,5.286452,4.747691,5.7038546,6.0008335,6.6148868,5.92605,5.1968484,5.1864524,5.6586075,5.4177737,5.3885036,6.2910004,5.303549,5.115291,5.9486623,5.7819123,5.865234,5.7921896,5.7722683,5.724704,4.351082,5.6026473,5.0366673,5.895291,5.7946463,5.7499876,4.484624,4.2596245,4.316128,4.3476963,5.520874,5.528807,5.2884374,6.315964,6.5081344,6.399595,6.519571,5.883358,6.6350627,6.769016,5.9977036,4.838945,7.9024334,6.9348493,7.0007353,4.187544,5.7578964,6.2123294,6.861522,7.27858,6.496334,6.349932,5.4307823,5.4135284,5.204579,4.921939,6.5683007,4.4984965
4,5.4079666,5.4550085,5.304658,6.0194016,0.0,3.7839823,5.953605,4.1384783,5.952753,7.3228683,6.2623053,6.798878,6.234086,6.107435,6.037972,6.4796486,5.8040714,6.5381346,5.898505,6.128685,7.74051,7.6472683,6.558969,7.30024,5.04874,5.3569984,4.8223476,6.7509184,6.996817,5.676748,7.69764,6.9748535,6.6573954,6.8639812,5.6350994,6.214665,5.9908757,6.6708465,6.214678,7.2232804,5.526163,5.620766,5.939148,6.7878556,5.936516,5.8869333,7.811341,8.149224,5.5026965,5.9558063,7.7826414,7.6421113,6.4181304,6.4339843,6.635949,6.685226,6.758294,6.170549,5.8443775,6.495785,7.473015,7.536707,7.73853,7.508804,4.4938493,4.699831,4.48056,4.555715,7.095051,6.5080442,4.64091,4.4648647,6.5001903,6.940457,5.907026,6.0062413,5.9727507,5.963346,5.5126414,5.6896625,5.634219,5.938357,5.7995844,5.7341423,6.800123,6.004102,5.8733735,6.438721,5.9304457,5.9122014,5.363885,5.891699,5.6073103,5.827003,5.7461076,5.41125,5.732027,5.631578,5.740759,6.399363,7.2335854,6.158172,6.316922,6.4386525,5.877677,4.6266785,6.4098196,7.0828986,5.6381555,5.448912,6.487702,5.4501476,7.217472,6.8292723,6.2648253,6.156543,6.75587,7.206964,6.7474427,8.139147,5.5572143,5.5079837,6.4893837,6.811013,6.431011,6.914336,6.104923,6.407208
5,6.138186,6.609553,6.5166306,7.015111,3.7839823,0.0,4.505855,2.046601,5.7481165,7.036101,7.8247514,6.5812488,6.8993793,6.1096916,6.0157795,6.7893586,6.4157033,6.955828,6.699023,6.9653277,7.26426,7.334109,6.064335,6.888447,4.7480984,5.8897862,4.8593926,6.8099995,6.7542143,6.8598895,7.218431,6.999837,6.9637723,7.384286,5.5668945,6.1021566,6.6697984,7.509078,6.433242,7.879677,6.0373397,6.7450542,6.494617,7.5136313,7.054577,6.3658824,7.377832,7.5899577,5.7904387,6.392389,7.6536403,7.236565,6.622727,7.0944567,7.1665826,7.1780734,6.8194523,6.1311355,6.592872,6.8226557,6.547594,6.6476617,7.123934,7.295553,5.3824496,4.5782046,5.06679,4.5759416,6.6448708,6.2157216,4.7437296,4.5820327,5.162056,5.584336,4.6721683,5.624319,6.333489,6.31997,4.636769,4.634692,5.0197806,5.270114,5.323404,5.1034956,5.628709,4.491318,4.7232337,5.073026,4.9994545,4.9011617,5.025797,4.9382434,5.414797,5.2002735,5.17294,4.717144,5.4347563,5.369195,5.798547,6.175718,7.28697,6.29336,6.510556,5.4615607,6.5362735,3.871015,6.9436398,6.0968313,5.9983068,5.429714,6.110748,5.571617,7.356036,7.34507,6.4093823,6.5693226,6.6364694,6.6134095,6.2970495,7.260285,5.8926806,6.482281,7.0635386,7.38016,6.69287,7.140877,6.353633,6.387643
6,7.304594,7.1494393,6.6833124,7.6098943,5.953605,4.505855,0.0,3.859073,6.2089496,7.8125296,8.312255,7.0684566,7.265605,6.7187862,6.592188,7.704152,7.3077483,7.628313,7.4932575,7.7167554,8.31814,8.263555,6.83331,6.999267,5.897514,6.827291,5.9318113,5.5669913,7.28189,7.766481,6.733794,7.383651,7.0532975,7.228414,6.426529,6.933632,6.6312504,7.38323,6.3999486,7.0234776,6.058479,7.0179,6.4954715,7.4879756,7.142791,6.8060765,7.288095,7.6932044,6.6221585,7.0561934,7.2162547,7.7558746,6.797766,6.881702,7.3088126,6.727905,7.263373,6.8480163,7.008212,6.6831017,5.988274,6.0251775,6.8135724,7.147824,6.679995,5.9762616,6.162453,5.8650856,6.259778,6.7719474,5.535632,5.656732,5.892027,6.220871,6.067316,6.23438,7.7212043,7.756303,6.1113205,6.172295,6.510646,6.178827,6.3344564,6.223311,6.4728303,5.592573,6.192488,5.825426,6.0092773,5.947232,6.1176915,6.0051217,6.527248,6.235522,6.5256133,6.223387,6.238938,6.0698886,6.476008,6.7165465,5.569227,5.780806,5.1439185,4.941505,6.4878078,5.8224287,8.160423,7.0502505,5.846997,6.7516394,5.258576,6.6454353,6.798067,6.194157,7.3312583,7.369227,6.0037036,6.699013,6.1982408,7.3569098,6.1932774,6.8257036,6.298196,7.178824,6.552906,6.4516773,7.6765556,5.715026
7,6.046595,6.4707217,5.8880787,6.487316,4.1384783,2.046601,3.859073,0.0,5.1588216,6.6350775,7.234044,6.0322566,6.1917095,5.557314,5.4061184,6.2686305,5.678464,6.242796,5.9770446,6.234455,6.7120295,6.748802,5.4114237,6.247691,3.9245734,5.1600575,4.148496,6.3774776,6.054271,6.3975263,6.548591,6.3759513,6.47434,6.692824,4.859356,5.6139207,6.0022087,6.8487697,6.002029,7.339267,5.322484,6.3287606,5.8224573,6.97786,6.401124,5.8986087,6.950886,7.308678,5.130195,5.848019,7.244787,6.7860513,6.071086,6.4649897,6.6264277,6.634697,6.2871094,5.659199,6.266064,6.0634747,6.021819,6.041004,6.7980094,7.0932055,5.5648108,4.7603507,5.1217766,4.7264614,5.8207273,6.238072,4.6041727,4.454168,4.5404873,4.9473658,4.841575,4.94909,6.3755026,6.389763,4.655999,4.706673,5.2439685,5.369628,5.4115515,5.2560773,5.5136623,4.555689,4.8012614,4.862063,4.99716,4.9165454,5.0907545,4.9622984,5.4269595,5.2175913,5.155615,4.778828,5.4179015,5.2521424,5.6506495,6.207116,6.804076,5.8411636,5.90213,4.901178,6.5067396,4.324458,7.0090194,6.049435,5.888275,5.6057763,6.2128096,5.5119557,7.3771906,7.164796,6.707931,5.856029,6.4623027,6.464322,5.6491685,7.148907,5.7363896,6.4721813,6.8716397,7.3348117,6.655766,7.035316,6.528381,5.6575284
8,4.412127,5.3062477,4.105138,4.835848,5.952753,5.7481165,6.2089496,5.1588216,0.0,5.510961,5.6810923,3.7541041,3.2096395,0.9664984,2.1811314,4.2610745,4.839529,5.1043925,4.586549,4.691045,4.9399333,5.2055097,4.560481,5.5737205,4.228657,3.8174384,3.5328724,6.049504,3.9716206,4.7579355,4.1989007,4.191395,4.2224107,4.2435884,3.0934358,3.3765762,3.8730385,5.229014,3.5175028,5.7437406,3.3472936,4.2930927,3.48516,5.205007,4.89437,4.540949,3.9496398,3.7857926,2.7895365,3.1830728,3.685107,3.6430674,2.9576874,3.6654708,3.6171045,3.8447587,4.543726,3.1852741,5.2759423,5.38484,4.753579,4.7925224,4.3139725,4.3150654,4.190263,4.123961,4.3058767,4.07401,3.2224634,4.0309834,3.2669642,3.046863,3.0969303,3.158276,3.841901,3.8349469,5.8713803,5.817429,3.3407297,3.054137,3.9868155,4.241912,4.2361217,3.8165162,4.166578,4.4047613,4.144109,3.8183887,4.3143897,4.012553,3.619719,4.115213,3.9222229,3.7823944,3.8129747,3.722816,3.8513358,3.6543713,4.271118,4.3070574,5.303684,4.5911155,4.8145456,4.3997283,4.9954348,5.755191,5.296608,4.198318,4.988471,4.2584786,5.2074366,2.988961,5.055694,5.901652,5.7606535,4.4574137,4.4499393,3.3071666,3.1971884,5.3581543,3.5085604,5.168004,5.027879,4.2866983,5.3349056,5.2830577,4.400941,4.1905346
9,7.701923,6.555738,7.874313,8.162137,7.3228683,7.036101,7.8125296,6.6350775,5.510961,0.0,5.832479,6.757173,7.2178416,5.688335,6.325315,7.616179,7.2071342,7.33769,7.31535,7.3376584,6.8633933,7.501634,7.104093,8.229908,6.35632,6.6590466,6.083298,7.9078226,6.5888453,7.918364,6.7906456,6.8506694,7.5085087,7.354411,5.7297297,5.958039,6.7822585,8.171974,6.7615256,8.634806,6.8597016,7.754337,6.9528832,8.319723,8.267232,7.0908904,6.8149667,7.1560593,5.7135773,6.34426,6.9271636,6.2486563,5.6660347,6.740377,6.266015,6.75661,7.537682,6.170379,8.085428,7.9711337,7.018462,7.023337,6.692476,7.167305,7.298061,6.598469,7.266804,6.4330716,5.928117,6.71807,6.393691,6.2541504,5.1491184,4.995358,6.0296082,6.428074,8.297815,8.231666,5.960748,5.5000176,6.4038315,6.63929,6.729698,6.5680776,5.760052,5.9290133,5.84472,5.5711536,6.5912013,6.092438,6.55882,6.408448,6.4767437,6.150813,6.185004,5.9782276,6.446852,6.391131,7.163842,7.0600257,8.049583,7.24176,7.47444,5.8851466,7.5633173,8.135267,7.844318,6.237598,7.309812,6.5565834,7.521299,6.1987457,7.668504,8.491982,7.4914904,6.6184077,7.102295,6.5952907,6.054284,7.1144857,6.544624,7.507635,8.236835,7.4656873,7.457096,8.019932,7.301702,7.073868
10,6.6500363,4.5374255,5.5121803,5.897402,6.2623053,7.8247514,8.312255,7.234044,5.6810923,5.832479,0.0,5.6467304,5.227432,5.587257,5.193209,5.8856816,6.4494066,6.8785996,6.3136888,6.298398,6.7982907,6.4074492,6.0045743,6.5270877,6.577881,6.0185666,6.306065,8.0144,6.4238944,6.8519316,7.1946836,7.1887035,5.388692,5.4580264,5.118182,5.790014,5.9055796,5.7607517,6.1422963,6.953928,5.3129883,5.8045177,5.2213635,5.8345942,5.8928523,6.2327223,7.025349,7.5423474,5.1959577,5.400009,7.1266794,6.843424,6.4705005,6.5632706,7.042304,6.8165135,6.364221,5.966167,6.653999,7.0114346,7.78476,7.7925553,7.233741,7.158413,6.367938,6.565809,5.9443765,6.4537425,7.2521377,7.9285064,5.468589,5.312737,6.112548,6.313142,6.30218,5.91562,6.377045,6.396301,5.8379745,5.998244,6.0005355,6.1885285,5.7819905,5.8825526,6.20675,6.309874,6.026092,6.1110277,5.870527,6.0580606,5.3782024,5.825619,5.857829,6.038934,5.8211346,6.0432286,5.563522,5.4243283,5.011465,6.172518,7.308228,6.265421,6.407149,6.794399,6.8614917,7.138655,6.9623694,6.2221894,7.0782275,6.815969,7.497902,5.542184,8.04765,7.719017,7.9343705,5.9746933,6.5210657,6.4001274,7.0891333,7.664304,6.39794,6.749159,6.340592,6.3192377,6.5450773,7.039502,7.0879064,5.853251
11,6.271741,4.9035354,4.8290715,5.4499555,6.798878,6.5812488,7.0684566,6.0322566,3.7541041,6.757173,5.6467304,0.0,4.2979846,3.3409503,2.8790834,5.2663016,6.0174522,6.5915203,5.924464,5.963448,6.5141597,6.1608224,5.3622603,5.9495835,6.030559,5.4118085,4.284742,6.290491,5.8831563,6.407645,5.4173083,5.6570683,3.8003025,4.9089084,3.2783225,3.7505813,5.293947,5.3640637,4.5955763,7.06335,4.720732,5.311074,4.680357,5.204432,5.465002,4.5844035,3.7949817,6.3762407,3.7852623,3.8444762,5.952006,5.567067,5.5051174,5.516071,5.4866014,6.182397,4.138311,3.8663611,6.3411455,6.6851997,5.326151,5.356937,4.6053495,4.4581566,5.2491474,5.19674,4.4845333,4.935739,5.9739175,6.7966013,3.8495407,3.6511192,4.046748,4.07862,4.4161096,6.0180717,7.254721,7.2538843,4.1059513,4.225351,4.074353,4.390205,3.949859,4.315278,4.4437213,4.6730576,4.5274677,4.4214535,4.195965,4.48783,3.754122,4.4910617,4.286525,4.3826623,4.6692123,4.6471343,4.773745,4.6653085,4.366214,5.4151373,6.580876,5.456009,5.659735,4.5391555,6.072507,6.576662,4.2768435,2.9841464,6.374476,5.035995,6.5771003,4.5174665,6.5123115,6.5216813,7.3628764,5.628912,4.7531524,4.8494196,5.7089434,6.434608,4.55132,6.464085,5.9395285,5.8859787,6.05957,6.499515,6.6981816,5.5220685
12,4.4340887,5.477229,3.9021547,4.671221,6.234086,6.8993793,7.265605,6.1917095,3.2096395,7.2178416,5.227432,4.2979846,0.0,2.9321802,2.426681,4.307854,5.4736586,5.7043667,5.224143,5.3829966,5.3207507,4.800906,4.2844615,4.9741306,5.269463,4.2804666,4.5264974,6.613747,4.888542,4.77847,5.580996,5.5951624,4.5609202,4.6380897,4.022512,4.147803,4.674625,4.3175626,5.115965,6.224179,3.8341599,4.688826,3.6412935,4.339243,4.37707,4.7372446,5.369686,4.924495,2.9567628,3.1796875,4.386318,4.061818,4.9525695,4.8912373,5.723389,5.298762,5.33043,4.077376,5.404835,5.7573404,6.4592247,6.4504237,5.8529625,5.741812,5.5517263,5.714102,5.049365,5.616671,5.6124268,6.5573344,4.561024,4.3991256,4.4758525,4.757579,4.7240705,3.8822787,5.6110334,5.5868645,3.9411502,4.225433,4.819862,4.9928045,4.673607,4.8595295,5.3102703,5.6296926,5.373283,5.4483624,5.245554,5.2707667,4.5200205,5.4634085,4.9078164,5.144787,5.1241016,5.1126137,4.604174,4.367905,4.1474514,5.2848268,6.2555094,5.0565724,5.473312,5.615962,5.634611,5.7627954,5.6021404,5.673807,6.10129,5.836003,6.3533983,4.329111,6.371269,6.9720984,6.229358,4.814582,5.6005177,5.0362387,5.013221,6.8061867,5.033758,5.5265565,5.00473,4.1689487,5.543673,6.0583167,5.0174055,4.6171246
13,4.651325,5.232741,4.092494,4.7778683,6.107435,6.1096916,6.7187862,5.557314,0.9664984,5.688335,5.587257,3.3409503,2.9321802,0.0,1.873368,4.158155,4.801794,5.269199,4.5374217,4.6075306,4.9182124,5.1266522,4.4730587,5.6350365,4.6562095,3.9191785,3.5171266,5.992775,4.11394,4.465163,4.287013,4.074261,4.3081098,4.45099,2.8721647,3.2768416,4.1456594,5.3139453,3.9320552,6.163651,3.7950382,4.5101705,3.8679829,5.4060698,5.0203586,4.52401,4.1264167,4.203097,2.548924,3.1375477,3.9182653,3.5127242,3.3763642,4.014007,3.806682,4.289142,4.5070972,3.3054893,5.5114403,5.803406,5.192205,5.19099,4.459413,4.408822,4.257268,4.3612328,4.402353,4.242647,3.7766519,4.5806127,3.4260774,3.192019,3.1362975,3.1669557,4.0758934,4.258787,6.0701604,6.0169425,3.378354,3.1090684,4.0013595,4.3301797,4.3346815,4.0858235,4.3977723,4.688801,4.308476,4.1002965,4.58115,4.3607903,3.732866,4.476583,3.9495807,4.0932374,4.2122607,4.105565,4.008622,3.8059688,4.253948,4.636807,5.8266606,4.769008,4.9510126,4.5000296,5.0378604,5.9491105,4.8224125,4.075167,5.287173,4.402035,5.711677,3.0487273,5.2606983,6.0250726,5.706308,4.4772577,4.6456323,3.5892131,3.586851,5.480973,3.6099155,5.1830378,5.3439226,4.252043,5.293976,5.6143985,4.644381,4.430576
14,4.266068,4.888676,4.208958,4.9457574,6.037972,6.0157795,6.592188,5.4061184,2.1811314,6.325315,5.193209,2.8790834,2.426681,1.873368,0.0,3.557907,4.8210096,5.2283893,4.5748463,4.6779013,4.9555125,4.494566,3.6883736,4.445626,4.7640014,4.181574,3.7519946,6.1096897,3.953798,4.6413713,4.492301,4.2511168,3.9350762,4.577144,2.8987741,3.666586,4.4465475,4.515229,4.132168,6.2042394,3.4497988,4.2187405,3.6212044,4.80822,4.079566,4.1973767,4.7381268,4.7190638,2.8553743,3.5196211,4.1988606,3.7564588,4.6539526,4.5518117,5.0858164,5.4524894,4.2194114,3.8186677,5.103588,5.407414,4.8671446,4.824431,4.4151626,4.191608,4.61241,4.60712,3.8639007,4.468715,4.8538003,5.4737563,3.354292,3.1007469,3.3717313,3.493931,3.5466743,4.1640806,5.946466,5.953613,2.7071137,3.0988584,4.026542,4.322022,3.8972216,4.089403,4.405318,4.544756,4.112932,4.049803,4.057276,4.320917,3.602677,4.2647777,3.8665872,4.0233154,4.119469,4.1097145,4.059519,3.8599253,3.6602619,4.735535,6.2590685,5.1301475,5.0784082,4.8290954,5.13921,5.3437996,4.5458493,4.09956,5.411811,4.5128574,6.0005097,3.5146062,5.5102134,5.943579,5.826418,4.8006444,4.7567897,3.643346,3.9029655,5.435198,3.9140563,5.3003078,5.1840143,4.6020913,5.5573235,5.8561687,4.9478536,4.593371
15,4.735142,5.773757,4.8466153,4.4613633,6.4796486,6.7893586,7.704152,6.2686305,4.2610745,7.616179,5.8856816,5.2663016,4.307854,4.158155,3.557907,0.0,5.409584,6.4423676,5.284531,5.170916,5.3430614,4.8874927,4.4621964,4.9950366,5.5011053,5.002105,5.390195,7.2950406,5.0581975,5.2605667,6.499949,6.072564,5.3689294,5.76306,4.4862924,4.987118,5.070314,5.663107,5.3838563,7.458428,4.4324617,4.8543,5.0968933,5.8174567,4.68319,6.9759808,6.891308,5.29225,4.8620453,5.2744846,6.2230983,5.7873745,6.1845884,6.2798076,6.4297633,6.467492,4.5357265,5.866036,6.126538,6.369345,6.372723,6.3495994,6.203671,6.0929174,5.6656036,5.9201236,5.35673,5.8056483,6.1416283,6.5049524,5.268173,4.7085,4.984712,5.1034026,5.7215405,5.4710426,5.5194106,5.571052,4.149575,4.3596525,5.7201495,6.499052,5.6532197,5.76655,6.091923,5.718635,5.197388,5.408006,5.4362516,5.956388,4.930241,5.482962,5.640263,5.866888,5.7729793,5.7851057,4.8137712,4.660459,4.3903484,5.538517,6.6595144,5.534335,5.4391255,6.598964,5.8317685,5.6974826,6.2954965,5.976862,5.945752,5.7790422,6.3584204,4.223359,7.399862,7.3669453,5.446582,4.3264465,6.42014,5.332331,5.567444,6.569099,5.963461,5.656894,5.5797195,5.5793614,5.703939,5.9740753,5.224054,4.656274
16,4.9945607,6.546104,4.7795067,5.4635205,5.8040714,6.4157033,7.3077483,5.678464,4.839529,7.2071342,6.4494066,6.0174522,5.4736586,4.801794,4.8210096,5.409584,0.0,2.5102282,1.0709826,1.2055795,4.4545436,4.7338715,4.559176,5.752612,3.6305356,3.2235246,3.9970894,6.3338785,3.4578385,3.8222415,5.156979,3.7750084,5.4591527,5.2330866,3.726175,5.90907,4.912823,5.8936014,5.1169996,6.260425,4.5725174,4.628635,4.990308,6.958989,4.8670325,5.1455545,7.482975,8.047718,3.9768505,5.9296346,7.146459,6.624524,4.805862,4.7075996,5.0246453,5.819481,6.772916,6.081796,4.1857457,4.4227333,7.2513742,7.024537,6.7829747,6.8329525,4.4219747,4.5396595,4.782823,4.6017337,6.0012937,5.9689355,4.533357,4.266425,5.6672397,5.6997123,6.164943,5.3212247,5.5689073,5.628865,5.4360824,5.533677,5.695274,6.1117015,6.010483,5.8144684,5.8325095,5.8633065,5.028682,5.2928867,5.918097,5.8314934,5.3947783,5.738096,4.4148793,5.1158113,5.2441816,5.2068334,4.797288,4.6154785,4.986554,5.656607,7.6769934,6.622238,5.3617535,5.7009573,5.0338573,7.120533,5.674907,6.118186,4.9767222,4.8547173,7.352341,4.379069,7.2045174,5.481308,6.458854,5.0536647,6.584648,6.4222975,5.131254,6.5615706,4.6805606,5.0455585,6.9292107,6.243225,6.281338,6.7792587,6.265699,5.118023
17,4.7308993,7.480249,5.7005024,6.4201365,6.5381346,6.955828,7.628313,6.242796,5.1043925,7.33769,6.8785996,6.5915203,5.7043667,5.269199,5.2283893,6.4423676,2.5102282,0.0,2.250209,2.6299875,4.5573945,4.7263546,5.101833,6.0386457,3.9759164,4.169204,4.934973,7.051705,3.0212343,5.0434203,5.5783563,4.300949,5.524727,5.1530447,4.888381,6.7029786,5.039647,5.5759993,5.2198653,6.257055,4.487914,4.9859324,4.610768,6.7484527,5.0254354,4.87799,7.422977,8.122402,4.566585,6.075411,6.848629,6.88585,4.6487045,4.3334146,5.393021,5.8594275,7.766534,6.234718,4.3405423,4.1227784,7.0744457,6.850975,7.0915194,6.891136,5.391487,5.4043097,5.1776876,5.449565,6.1200204,6.1327076,4.99874,4.77692,6.227497,6.2342534,6.097231,5.2300997,6.181028,6.220472,5.889064,6.057001,5.7174664,6.0781503,5.853511,5.7517457,5.7992153,6.1886187,5.3827753,5.5429993,5.759841,5.4883904,5.725024,5.6251364,4.3255234,4.625934,4.702549,4.7348785,5.4009724,5.2743134,5.732561,5.9745216,7.837318,7.125112,5.9864883,5.9933968,5.4014874,7.524646,6.7757726,6.7444034,5.109015,4.9847007,7.6471796,4.967696,7.22669,5.764107,7.1609664,5.880487,6.714785,6.591094,5.494252,6.893122,4.9986567,5.340052,7.036802,6.354818,7.0815425,6.9084415,6.8016925,5.821938
18,4.780076,6.6743884,4.6958747,5.445735,5.898505,6.699023,7.4932575,5.9770446,4.586549,7.31535,6.3136888,5.924464,5.224143,4.5374217,4.5748463,5.284531,1.0709826,2.250209,0.0,0.67966455,4.5301933,4.7478456,4.5952225,5.8141794,3.9843707,3.5554876,4.2895436,6.521205,3.0769556,3.4973402,5.1284513,3.3813465,5.318721,5.0721564,3.9534645,6.07523,4.81872,5.760248,5.00957,6.136877,4.441779,4.4805164,4.800956,6.887049,4.720794,4.993337,7.3798075,7.7988625,4.119755,5.8345885,6.7868085,6.4826417,4.657077,4.505362,4.898005,5.696769,6.7467,6.0373974,4.370497,4.603019,7.0941296,6.863914,6.794336,6.612775,4.277588,4.727072,4.6581573,4.770275,5.7390685,5.6969924,4.381747,4.13049,5.76747,5.8016458,6.2078648,5.3363276,5.7936754,5.8460445,5.541114,5.6467667,5.645399,6.0302353,5.9597373,5.7413616,6.067999,6.159707,5.274015,5.4500337,5.8730326,5.7930527,5.334107,5.6489635,4.297447,5.0249753,5.1118884,5.1285105,5.0243397,4.824641,5.130956,5.7725964,7.6298494,6.599199,5.3228908,5.921311,4.9783487,7.045794,5.8164706,6.230794,4.9669843,4.800389,7.4886413,4.263857,6.9382772,5.2766075,6.5685515,5.2731657,6.451523,6.098664,5.0653663,6.4880333,4.5054793,4.968151,6.8436646,6.0403113,6.4662056,6.708504,6.3053904,5.2359486
19,5.0394716,6.6656046,4.7451196,5.4528613,6.128685,6.9653277,7.7167554,6.234455,4.691045,7.3376584,6.298398,5.963448,5.3829966,4.6075306,4.6779013,5.170916,1.2055795,2.6299875,0.67966455,0.0,4.680747,4.926464,4.760372,5.9377637,4.217579,3.6846263,4.451139,6.685818,3.2241998,3.6710522,5.1467094,3.4849935,5.3174887,5.0772924,3.8982983,6.0407786,4.6810646,5.755348,5.0170474,6.117188,4.4981427,4.458393,4.896422,6.958004,4.752459,5.1985683,7.4499526,7.8284917,4.200763,5.926852,6.9484973,6.5798764,4.7074213,4.581613,4.8439746,5.7576437,6.6791925,6.2093663,4.596534,4.831489,7.1378703,6.9093823,6.7468247,6.594326,4.3650045,4.8347297,4.7276206,4.773821,5.7806177,5.810249,4.457966,4.2039495,5.817693,5.81554,6.382083,5.480626,5.8908973,5.947224,5.624879,5.7067823,5.8165665,6.1985607,6.1300755,5.9955916,6.1535716,6.225141,5.318223,5.4655123,6.0087028,5.9715357,5.4584126,5.7652526,4.4822626,5.1929054,5.268065,5.308718,5.0721173,4.8828173,5.1536636,5.802466,7.6621623,6.664829,5.3878574,6.109548,5.0773745,7.317239,5.846466,6.2415934,5.0906157,4.9104667,7.548552,4.2827835,6.9103894,5.3620915,6.554158,5.0779157,6.3921423,6.102272,5.102695,6.3563557,4.5873475,4.92037,6.8884645,6.1250362,6.361792,6.632012,6.364612,5.299561
20,5.447662,7.4744806,6.0359073,5.6790676,7.74051,7.26426,8.31814,6.7120295,4.9399333,6.8633933,6.7982907,6.5141597,5.3207507,4.9182124,4.9555125,5.3430614,4.4545436,4.5573945,4.5301933,4.680747,0.0,1.8559661,3.1214626,4.782063,5.367946,5.165238,5.9403267,7.8041277,3.2802625,5.3688917,5.559705,5.6830983,5.947029,5.533475,4.8796816,6.535192,6.0056124,6.676675,6.307396,7.9587274,5.765753,6.5595803,5.756667,7.5413895,6.773382,7.207127,7.6055374,6.870645,4.719562,6.41242,6.3567905,5.7045727,5.458762,6.338133,6.7940683,6.3203545,8.046032,6.708504,6.003418,6.079431,7.8618765,7.682915,7.0654774,7.4636917,6.661002,6.503495,6.914258,6.6801157,6.1441493,6.798715,6.0798073,5.645553,4.6772194,4.6874523,5.8690767,4.8909364,5.3343863,5.3290563,5.0961742,4.7850533,5.337217,6.168617,5.723756,5.4227233,5.1194954,5.500651,4.9171557,4.812398,5.7624083,5.451752,5.284911,5.533545,4.647265,5.429989,5.392257,5.413231,4.63162,4.4264727,4.991029,5.4031324,8.060954,7.016471,6.162923,5.9858155,6.680667,6.869254,7.430122,5.964978,6.824993,6.690102,7.6732583,4.911911,8.478322,7.602353,6.6118655,5.4111414,7.176898,6.049188,6.119107,6.1042223,6.8437824,6.6310754,7.496746,5.8070445,6.3586445,6.9069085,6.7820067,5.1505113
21,5.0245624,7.0999494,5.8970003,5.606705,7.6472683,7.334109,8.263555,6.748802,5.2055097,7.501634,6.4074492,6.1608224,4.800906,5.1266522,4.494566,4.8874927,4.7338715,4.7263546,4.7478456,4.926464,1.8559661,0.0,2.378919,3.53895,5.6629314,5.431567,6.093515,7.8528605,3.4418173,5.5016956,5.7812066,5.954361,5.52451,5.46434,4.982861,6.6487823,6.041386,5.850094,6.3056097,7.905914,5.431446,6.234034,5.429288,6.8580832,5.9871244,6.940107,7.716638,7.021276,4.832434,6.3841295,6.332216,5.824461,6.205683,6.524247,7.4378386,6.946584,7.796544,6.825765,5.6535993,5.770836,7.577055,7.384631,6.942434,7.1716533,6.8676815,6.752087,6.555334,6.862668,6.7976313,7.4253936,6.019833,5.577658,4.9503303,5.044607,5.581703,4.905966,5.33556,5.3854995,4.747885,4.8386297,5.319303,6.1300783,5.311918,5.391693,5.2271714,5.5186486,4.959224,4.970327,5.3998613,5.4451923,5.1452227,5.4479265,4.6039524,5.4078383,5.373657,5.445356,4.7436213,4.5416083,4.5427866,5.461687,8.165503,7.126493,6.221679,6.2660413,6.715483,6.3886366,7.184319,6.040557,6.9275885,6.78631,7.7703,5.211316,8.4825115,7.506614,6.7199264,5.634838,7.0854793,6.050089,6.3632364,6.219394,6.9512644,6.651862,7.1651025,5.8421884,6.4807196,6.921253,6.954118,5.299822
22,5.1764445,6.22999,5.0981226,5.286123,6.558969,6.064335,6.83331,5.4114237,4.560481,7.104093,6.0045743,5.3622603,4.2844615,4.4730587,3.6883736,4.4621964,4.559176,5.101833,4.5952225,4.760372,3.1214626,2.378919,0.0,2.5780237,5.4357905,5.3176603,5.42255,7.277435,3.3339634,4.657983,4.7475405,5.1423,5.2149043,5.3608885,4.237387,6.12232,5.6364245,5.628467,5.9441667,7.1141405,5.0993414,5.961895,5.2944565,6.7775874,5.685422,6.2609935,7.362588,6.5348377,4.392964,6.0608006,5.8957634,5.2215176,5.986703,6.3473034,7.1234064,6.7356563,6.9752746,6.482257,5.558635,5.7867393,6.671138,6.4648285,6.1567564,6.4218936,6.0648146,5.9824514,5.693128,5.9584403,6.01869,6.8311067,4.8776064,4.625036,3.7107947,3.9700298,4.862909,4.1770215,5.215364,5.2857466,3.8162441,3.9273,4.700187,5.1061697,4.7076178,4.898974,4.9880214,4.7339067,4.3932977,4.152777,4.766005,4.953414,4.3468733,4.858069,4.088176,5.097905,5.1266127,5.035438,4.378865,4.0711126,3.9480755,5.1109185,7.6444945,6.5596437,5.603182,5.7454095,6.5282874,4.8513656,6.5684986,5.3687057,6.728214,6.517275,7.3042693,4.821012,7.3908343,6.7365074,6.380546,5.51666,6.027172,4.9897146,5.5112514,5.0751386,6.239908,6.329713,6.8512015,5.7347784,5.867537,6.4634314,6.6760907,4.9571915
23,5.1808867,5.9359818,5.3293786,5.5839896,7.30024,6.888447,6.999267,6.247691,5.5737205,8.229908,6.5270877,5.9495835,4.9741306,5.6350365,4.445626,4.9950366,5.752612,6.0386457,5.8141794,5.9377637,4.782063,3.53895,2.5780237,0.0,6.4096446,6.3058753,6.3453526,8.045258,4.666171,5.9357786,4.9835415,6.385708,4.9455423,5.338517,5.3666906,6.969239,5.7192645,4.9087973,5.7481008,6.928384,4.9772844,5.6926966,5.22342,6.250993,5.077054,6.883629,7.637866,6.919443,5.541859,6.921929,6.138032,6.201477,6.8460097,6.493711,7.8554564,7.256988,7.3946414,7.3613143,5.122072,5.194508,6.1697836,5.969509,5.674401,5.9683056,6.885014,6.728892,6.003762,6.64306,6.7860165,7.5013223,5.6052737,5.379105,5.1068883,5.344694,5.3207674,5.0222635,5.9861517,6.103426,4.5012345,4.9680986,5.7707663,6.0979304,5.0712185,5.593221,5.5761065,5.246481,5.3180404,4.91497,5.190131,5.669172,5.0342307,5.522669,4.943038,5.7746987,5.7802677,5.752007,5.128202,4.888829,4.3618474,5.0028963,7.6243563,7.513968,6.42347,6.8184185,7.3997717,5.4983206,7.0422196,6.0817213,7.432574,7.3721538,7.2947927,6.1038127,7.453373,6.7433124,7.2917695,6.2702,5.975215,5.3651443,6.037243,5.290711,7.0167446,7.2204885,6.7510915,6.486268,6.5893264,6.366091,7.372808,5.7962127
24,4.6321845,6.516241,5.344104,6.0111723,5.04874,4.7480984,5.897514,3.9245734,4.228657,6.35632,6.577881,6.030559,5.269463,4.6562095,4.7640014,5.5011053,3.6305356,3.9759164,3.9843707,4.217579,5.367946,5.6629314,5.4357905,6.4096446,0.0,2.1660118,3.0158794,5.910591,4.661716,5.5734205,6.146379,5.2040687,5.779676,5.62714,3.7914839,4.484931,5.0037756,5.9758844,4.912625,6.203275,3.8590698,4.63166,4.311527,5.902387,4.9213767,4.766922,6.4361596,6.7866364,3.6670158,4.6792493,6.6040688,6.0070963,4.548513,4.6586046,4.9676275,5.344493,5.7525907,4.409216,4.5166554,4.222312,6.5734396,6.565863,6.695774,6.95708,4.636364,3.6633205,4.535909,4.0009565,5.509553,5.3770423,4.4300203,4.146723,5.125787,5.278734,4.861592,4.078231,5.154291,5.150963,4.6306586,4.7975106,5.434907,5.741014,5.69158,5.190997,4.989622,4.9675083,4.4840446,4.941483,5.2998238,5.0561175,5.2500987,5.07471,5.140614,4.574568,4.4118223,4.4148097,4.439251,4.351908,4.976303,5.477752,6.4652467,5.368251,5.4069543,4.8033233,4.799429,6.3751826,6.170093,5.9959846,4.144582,4.056728,5.778606,4.178215,7.123706,6.604186,6.0443125,4.6104193,6.709291,6.3635864,4.4702635,7.3413887,4.3642464,5.086597,5.8700533,6.1215844,6.269598,6.6860275,4.6068373,4.521038
25,4.418267,5.7446494,4.2993236,5.0678053,5.3569984,5.8897862,6.827291,5.1600575,3.8174384,6.6590466,6.0185666,5.4118085,4.2804666,3.9191785,4.181574,5.002105,3.2235246,4.169204,3.5554876,3.6846263,5.165238,5.431567,5.3176603,6.3058753,2.1660118,0.0,2.490489,5.595584,4.8272195,4.6593075,5.722095,4.94542,5.207025,4.986174,2.9854252,3.6739104,4.6034045,5.4971814,4.5742197,5.9352226,3.6879005,3.8866532,3.926389,5.413407,4.4015036,4.506662,6.0048656,6.559239,2.6086438,3.9931893,6.155069,5.3738422,4.167308,4.1116314,4.264862,4.775539,5.324984,3.9550333,4.0278354,4.262945,7.0288014,7.011409,6.342959,6.647366,4.0946183,3.5400984,4.447871,3.8604398,5.534953,5.494087,4.333558,4.04189,5.187028,5.329364,5.137499,4.2610645,4.948626,4.9242253,4.626541,4.7703047,5.487843,5.8468175,5.765137,5.294298,5.132808,5.381432,4.8458877,5.304983,5.7759175,5.5583076,5.144978,5.580463,5.088564,4.9724092,4.881303,4.963298,4.087608,3.9596298,4.3862834,5.1148458,6.3911133,5.196476,5.2509246,4.9519835,4.495038,6.9139156,5.017504,5.6446075,4.4519577,4.2964153,5.8483777,3.8279936,6.897416,6.3308043,5.830818,3.9847808,6.4952054,6.209445,4.3741198,7.3161845,4.038369,4.8460903,5.520116,5.303805,5.7069345,6.5022874,4.0969133,4.1906223
26,4.7545595,5.0544815,4.537454,5.4345326,4.8223476,4.8593926,5.9318113,4.148496,3.5328724,6.083298,6.306065,4.284742,4.5264974,3.5171266,3.7519946,5.390195,3.9970894,4.934973,4.2895436,4.451139,5.9403267,6.093515,5.42255,6.3453526,3.0158794,2.490489,0.0,4.809397,5.358133,4.745844,5.242841,4.646114,5.140628,5.3811345,2.538538,3.3081834,4.7371135,5.5969243,4.3655233,6.6492567,4.1329684,4.2904644,4.3704762,5.717224,4.7350926,3.9443197,5.2482433,6.6398587,2.5760803,3.9812775,5.814457,5.033071,4.35007,4.1708565,4.00051,5.14292,4.916483,3.7051208,4.612441,4.8433256,5.856114,5.8461924,5.312165,5.614973,3.8666728,3.1258519,3.8498154,3.1158783,5.0539656,5.196303,3.7602072,3.4814901,4.4920716,4.6506677,4.3812804,4.9147344,6.4022527,6.374793,4.117471,4.285018,5.0956593,5.45521,5.334782,5.1570272,4.981575,4.9835677,4.71243,4.9781084,5.4482746,5.2622004,4.909838,5.4056997,4.790797,4.774617,4.8481417,4.7168207,4.6258445,4.486063,4.770786,5.45526,6.571392,5.462193,5.4810452,4.12635,4.91677,6.4107385,3.9189675,4.8133545,4.8531103,3.964933,5.888964,4.338808,6.18004,5.880832,5.73277,4.4074407,5.923124,5.8908815,4.029111,6.891378,3.6181011,5.262573,6.0611887,5.8548694,5.9693203,6.765685,4.9560533,5.0973005
27,6.952701,7.0129933,6.6953673,7.3376455,6.7509184,6.8099995,5.5669913,6.3774776,6.049504,7.9078226,8.0144,6.290491,6.613747,5.992775,6.1096897,7.2950406,6.3338785,7.051705,6.521205,6.685818,7.8041277,7.8528605,7.277435,8.045258,5.910591,5.595584,4.809397,0.0,7.3609266,6.7109256,7.2471046,6.68213,7.146251,7.4130754,5.515005,5.9201956,6.925927,7.4686127,6.653402,8.451788,6.509728,6.595355,6.656214,7.5377803,6.8596783,6.24243,7.1034317,8.373699,5.5065637,6.253218,7.0578113,7.12644,6.6633515,6.497896,6.3314686,6.629705,6.874642,6.1258483,6.8386416,7.0988774,7.6757765,7.6320987,7.2357635,7.411714,6.1346135,5.7550282,6.0991535,5.721138,7.142668,7.2077637,6.0529027,5.874418,6.646373,6.7707825,6.6860223,7.4754333,8.182307,8.176134,6.429228,6.5460343,6.8421226,7.1372395,7.0452003,6.9567246,6.9239764,6.8790126,6.686902,6.9396605,7.1876574,7.070345,6.75813,7.20171,6.6637483,6.7158165,7.276287,7.155394,6.157723,6.041279,6.2611837,7.4393215,6.5039644,5.2276793,4.1913605,3.7197642,4.032226,7.9904714,5.9838805,6.777241,4.4832196,5.6506414,5.784962,6.009636,7.334972,5.4915686,5.622325,6.6587768,7.1073847,7.6951375,6.4508057,8.506016,5.2679806,5.315016,6.153703,5.6711674,5.8235993,7.1968083,7.129949,5.3130355
28,4.9057913,7.2028556,5.648907,6.201375,6.996817,6.7542143,7.28189,6.054271,3.9716206,6.5888453,6.4238944,5.8831563,4.888542,4.11394,3.953798,5.0581975,3.4578385,3.0212343,3.0769556,3.2241998,3.2802625,3.4418173,3.3339634,4.666171,4.661716,4.8272195,5.358133,7.3609266,0.0,4.667345,4.4101257,3.4269729,5.3699946,5.1863194,4.466878,6.2773447,5.020743,5.769467,5.2324805,6.2444715,4.503001,5.4464545,4.81115,6.941584,5.3743377,5.455491,7.083837,6.4183383,4.4283023,5.8988547,5.693068,5.4856253,4.650305,4.9884663,5.751945,5.9523273,7.00644,6.127998,5.2807918,5.149262,6.1670732,5.906959,6.159815,6.0302305,5.59995,5.62046,5.3499355,5.597831,5.1571765,5.6242476,4.6024194,4.4361987,4.551231,4.4687576,5.299548,4.316229,5.8097477,5.8582797,4.6361136,4.6487207,5.004848,5.2396235,5.1980977,5.1201344,5.142341,5.3380923,4.5063963,4.2629037,4.9295926,4.842663,4.894155,4.8070345,3.895292,4.340553,4.454541,4.416783,4.7720313,4.571645,5.062297,5.407118,7.5112853,6.648007,5.522896,5.8398366,5.6678567,6.401935,6.896049,5.8879094,5.5561733,5.28741,7.3409905,4.186945,6.5191536,6.012214,6.5647116,5.727993,5.9045267,4.7253413,4.5040193,5.046004,5.0446343,5.503893,6.8018293,5.6872087,6.458578,6.3427577,6.3118124,5.1699495
29,4.8033957,6.3554716,4.5806727,5.34879,5.676748,6.8598895,7.766481,6.3975263,4.7579355,7.918364,6.8519316,6.407645,4.77847,4.465163,4.6413713,5.2605667,3.8222415,5.0434203,3.4973402,3.6710522,5.3688917,5.5016956,4.657983,5.9357786,5.5734205,4.6593075,4.745844,6.7109256,4.667345,0.0,5.223779,3.9671433,6.4092073,6.2035074,4.788807,6.5023756,5.811687,6.633656,6.053229,7.2168913,5.703304,5.3146133,5.9478006,7.781648,5.6206503,6.0815315,8.032993,7.2811403,4.7094855,6.429775,5.930038,5.48224,5.571923,5.537889,5.692028,6.1512184,7.2104974,6.736762,5.3217916,6.0378046,7.6597333,7.460769,6.9560575,6.8200016,4.4670196,5.3533196,5.4735885,5.403329,5.6442046,5.53892,5.103263,4.935843,5.929324,6.1507273,6.5794163,5.7347713,6.5268173,6.5306807,5.7009277,5.741747,6.442843,6.7648287,6.8178906,6.5518465,7.3609495,7.1918035,6.6271143,6.641671,7.157098,7.0624747,6.0253134,6.9579263,5.4424567,6.62137,6.640681,6.529187,5.962512,5.65938,5.74064,6.432449,8.223487,7.192521,6.15295,6.870999,6.014897,6.3305697,5.650531,6.945037,6.442641,6.2945695,7.9466944,5.2685513,6.680395,5.793838,6.033777,5.95017,6.9874263,6.0439224,5.0860534,6.5915303,5.458127,5.8830194,7.5117145,5.9269285,6.7595243,7.3799214,6.1787734,6.110747
30,6.112558,5.877736,5.140422,6.2853594,7.69764,7.218431,6.733794,6.548591,4.1989007,6.7906456,7.1946836,5.4173083,5.580996,4.287013,4.492301,6.499949,5.156979,5.5783563,5.1284513,5.1467094,5.559705,5.7812066,4.7475405,4.9835415,6.146379,5.722095,5.242841,7.2471046,4.4101257,5.223779,0.0,3.9931924,4.9748535,4.888868,4.4836545,6.2017117,5.048366,6.0540156,4.375288,5.5817766,5.1345344,5.4181566,5.254566,7.2760954,5.958894,5.716667,6.0550222,6.3978424,4.822269,6.5491858,4.8950715,5.083221,4.4876776,4.416318,5.006506,5.376974,7.133974,6.4522467,5.149594,5.231198,5.1983933,4.9565735,3.637264,4.326114,5.4715066,5.309032,5.6738663,5.1812987,4.217291,5.048599,4.561441,4.7402096,4.56238,4.482764,5.4461813,5.320387,7.422587,7.442812,5.1979384,5.059365,5.9086194,5.677028,5.8059506,5.678526,5.3707213,5.474261,5.5416813,4.5299487,5.999373,5.7962,5.319789,5.859914,4.6691685,5.4617057,5.6796246,5.5854087,5.322523,5.0738506,5.4716573,4.7683306,7.1514025,7.55464,6.3519225,5.981197,7.013667,7.399979,5.979576,5.0329328,7.0143056,6.5145,7.0322466,5.650621,4.9909472,4.9707575,7.6233416,6.492097,4.6023984,3.9137328,3.6628466,3.6805515,5.12276,7.1032286,7.2666535,6.330604,6.710871,6.3472295,7.024346,6.1247344
31,5.899513,7.062492,6.037477,7.2061124,6.9748535,6.999837,7.383651,6.3759513,4.191395,6.8506694,7.1887035,5.6570683,5.5951624,4.074261,4.2511168,6.072564,3.7750084,4.300949,3.3813465,3.4849935,5.6830983,5.954361,5.1423,6.385708,5.2040687,4.94542,4.646114,6.68213,3.4269729,3.9671433,3.9931924,0.0,6.3402,6.443524,4.4111605,6.2007456,6.022776,6.983934,5.545766,6.5847344,5.5319996,5.6745315,5.9194083,7.996432,5.833858,4.7274623,7.1688967,7.187677,4.7530293,6.3346343,5.9099603,5.355774,5.1132274,4.999283,5.0428915,6.49909,6.50716,6.092905,5.699738,5.8973236,6.2088947,5.917874,5.9451075,5.6883307,4.734732,4.9155493,5.0231047,4.9447093,5.139659,5.001915,4.4597864,4.596088,5.333159,5.198706,5.894381,5.8015566,7.5527816,7.5816064,5.4388285,5.532849,6.1274624,5.974185,6.48292,6.204803,6.457766,6.545763,5.7547054,5.551747,6.3558207,6.2986054,5.959215,6.2245274,5.013874,5.518568,5.797825,5.6961865,6.020866,5.8168874,6.1853824,6.6064687,8.332091,7.3469553,6.212429,6.122259,5.746904,7.3162503,5.558341,6.0010777,5.827657,5.0054708,8.0322695,4.9669385,5.617402,5.2011824,7.010128,6.85218,6.3346663,5.043613,3.615459,5.61273,3.9409647,6.070487,7.747334,6.6007175,7.4504085,7.71853,6.466768,6.3775177
