,0,1,2,3,4,5,6,7,8,9,10,11,12,13,14,15,16,17,18,19,20,21,22,23,24,25,26,27,28,29,30,31,32,33,34,35,36,37,38,39,40,41,42,43,44,45,46,47,48,49,50,51,52,53,54,55,56,57,58,59,60,61,62,63,64,65,66,67,68,69,70,71,72,73,74,75,76,77,78,79,80,81,82,83,84,85,86,87,88,89,90,91,92,93,94,95,96,97,98,99,100,101,102,103,104,105,106,107,108,109,110,111,112,113,114,115,116,117,118,119,120,121,122,123,124,125,126,127
0,0.0,2.5184505,5.0603085,6.9021654,6.2096057,5.2487497,6.2181544,6.106573,4.671067,4.831918,4.895425,3.4289057,5.718249,5.0211463,5.24747,6.310809,4.502909,4.557804,6.0246387,6.45053,7.663753,7.5668006,6.3780894,10.036789,8.074692,8.055696,7.0504875,7.109637,7.1656485,7.44121,5.4031634,4.3824463,7.6297483,7.958128,9.468004,9.385066,7.654149,7.280243,7.5810113,7.505979,7.302643,6.9164357,7.0958056,7.000404,6.611535,6.0970635,7.289078,6.541254,7.4413533,8.156299,7.657381,7.136726,8.067771,8.426205,8.993356,7.135486,6.970923,6.717156,7.557947,7.4071207,8.590628,6.1142573,8.293431,8.652855,5.8266196,7.7457,7.167585,7.3673434,6.062342,6.120079,5.7857485,5.291906,9.639918,8.969092,7.921074,7.932463,7.90749,7.593758,7.7098894,7.8121624,6.7235723,7.2089496,9.583374,6.289315,6.8261585,6.9464593,7.5712748,6.7890363,7.881041,7.5792155,7.3579073,7.588404,5.733715,6.4879503,5.2802706,6.06057,7.5928373,5.1060476,7.6783395,6.3103886,8.380155,8.255428,8.210707,8.017305,6.5383325,7.8842015,8.597239,8.480798,7.7822423,8.060046,7.2774057,7.0409656,8.407311,9.927852,8.491537,8.150365,10.498536,8.213891,6.44064,8.589812,6.807173,6.6457653,6.7387986,5.827227,6.098317,7.0617056,7.3219323,8.414611
1,2.5184505,0.0,4.609197,6.282541,5.286881,5.049565,5.299038,5.298306,3.60261,3.944683,5.297873,3.970142,6.1694674,4.8272266,5.559767,6.0978303,4.895171,5.0555377,6.289712,5.87833,6.7822495,6.7090783,5.6785393,9.250652,7.3877506,7.430671,6.433145,6.248959,7.2927923,7.6233993,4.4959526,4.6128273,6.7951245,7.235286,8.8985815,8.808869,6.82854,6.4327803,6.736556,6.6546493,6.508392,6.1478205,6.302001,6.19469,5.8055754,5.285775,6.5268974,5.7352767,7.5151315,7.702696,7.353452,6.835124,8.063041,8.424226,8.711522,6.851663,6.6468773,6.3910003,7.05706,6.865055,8.28909,6.2008233,7.6934333,8.367341,5.782337,8.163455,7.0305724,7.9036584,6.080042,6.2724,5.3573384,5.340168,9.688798,8.874363,8.00057,7.9358425,7.869209,7.5684724,8.234296,8.199788,6.949819,7.465806,9.300136,5.823157,6.197125,6.4899178,7.125502,6.3204207,8.092709,7.056654,7.214359,7.69343,4.96542,5.827357,5.2987986,5.3026237,7.0493793,5.1691446,7.0133457,6.3921633,7.8227644,7.6945343,7.8157926,7.5965195,6.487279,7.7552733,8.456306,8.230941,7.47767,7.7335496,6.993234,7.103545,7.7073364,9.265764,7.843796,7.3799915,9.970271,7.675768,7.379076,7.834735,6.660867,6.558322,6.5647025,5.7659645,5.1827016,7.052168,7.264889,8.375806
2,5.0603085,4.609197,0.0,4.4375534,6.134357,6.1856833,6.9248996,6.260622,4.5284004,4.604626,6.9649725,5.638126,7.586578,6.1004353,6.213557,6.776635,6.5131707,5.846027,7.042204,6.743532,7.730216,7.7156386,7.407423,10.225879,7.6065617,7.577093,6.7071238,6.7846746,7.7256346,7.9652762,6.007727,5.6368556,8.723185,8.768421,9.910498,9.788123,8.451584,7.99337,8.426274,8.376208,8.216544,7.916584,7.9773693,7.9693103,7.281436,6.888388,8.130008,6.5024743,7.529878,8.751555,8.7263775,8.255841,9.024346,9.340869,9.747116,8.305233,7.9064746,6.953817,7.7344313,7.6404133,8.445262,6.889156,8.840278,8.43345,7.5205607,8.888396,8.492626,9.304186,7.1994677,7.3946404,6.6995845,6.545474,9.677522,8.883183,7.548758,7.510228,7.519339,7.189421,7.8769355,8.3211155,8.303975,8.517709,9.846219,7.889103,7.3861365,7.8653216,8.9143505,7.5199695,8.727999,8.585762,7.9107313,8.988981,6.487013,6.746419,6.8476124,6.9500513,7.450581,6.0997133,7.1042247,7.0754876,7.875059,7.8346915,8.489467,8.261815,6.59697,7.960743,8.605568,8.776002,7.8274727,7.9497185,7.365688,7.082104,7.9217873,9.355168,8.621973,8.054038,10.202748,7.9929986,7.386405,8.149189,6.9180665,7.0916343,7.4967027,6.669127,6.2707157,7.0340333,7.4092484,7.1204267
3,6.9021654,6.282541,4.4375534,0.0,7.5369134,7.556944,7.091233,6.4875174,6.1166897,6.1746874,8.118987,7.2335014,7.351556,7.5834866,7.738504,6.192834,7.764785,7.250242,8.2169485,6.746952,8.63079,8.662493,7.266792,10.23107,6.99774,7.0967245,7.9876914,7.999206,8.084587,9.08719,7.123126,7.061268,9.582128,9.5735235,10.541716,10.432639,9.300905,8.13985,9.260592,9.289582,8.998672,8.807198,8.86571,8.829221,8.395809,8.029018,9.071907,7.8320727,8.581292,9.566734,9.717391,9.266215,9.987722,10.306847,10.5713,9.3008375,9.047448,8.202631,8.754571,8.668962,9.31777,8.161063,9.630863,9.306192,8.832361,10.002861,9.552096,10.388079,8.661466,8.716373,8.003662,8.107684,9.862387,8.317487,8.008238,7.241311,8.070941,7.7179017,8.489509,8.838659,9.346341,9.623075,10.498438,8.788382,8.244666,8.651858,10.068536,8.804447,9.657797,8.411269,8.901449,9.180268,7.6722918,6.527451,8.13324,8.066689,7.596062,6.521027,7.2680593,7.546482,7.988891,7.9444556,8.582411,9.160868,6.951367,8.291527,7.515283,7.493752,8.200083,8.112851,7.52968,7.3299365,8.072584,9.479819,8.6476965,8.032947,10.272662,8.060248,7.88935,8.273126,7.357535,7.536547,7.8424087,6.939786,7.397379,8.121246,7.5822997,5.648958
4,6.2096057,5.286881,6.134357,7.5369134,0.0,3.10634,3.0081487,2.8421924,5.140491,5.402513,5.5253778,5.8089085,5.6958513,3.5358598,4.011559,4.6868033,5.1784735,5.3681393,4.232741,4.37985,4.914055,4.5568337,4.634649,8.193094,5.0901012,5.04456,3.8385842,3.949992,5.5590115,5.5535088,5.1410565,5.6261454,5.5094585,5.7847114,7.385956,7.321818,4.579411,4.33598,4.4915805,4.932606,4.814072,5.1011147,4.9951468,4.9795785,4.5271273,5.672439,5.18947,4.260235,5.9018846,5.9303207,5.1575375,5.4956827,5.6692743,6.0895147,6.367962,5.54588,5.330117,5.185019,5.847044,5.74214,6.511806,4.217873,6.1459284,6.593807,5.3458314,6.8914995,6.054937,6.5917935,5.5777664,6.132725,4.551309,5.0653477,6.67649,5.999084,7.0510554,7.2468104,7.392941,7.2231812,6.8794637,7.0702477,6.6080394,8.815221,8.776091,6.0254745,3.6302137,6.344171,5.1608815,4.35112,6.405627,5.3628306,6.6015644,6.96424,5.3572273,6.3143463,5.446516,5.155876,5.5248184,5.0917587,5.4636984,6.2522416,5.1317763,4.9063816,7.293499,6.572433,6.2927394,5.0183725,6.301937,8.206167,5.176437,4.8735113,6.076008,5.6709995,5.6385784,6.7011566,5.721635,5.6362886,7.5402,6.223946,7.5095606,4.7967734,5.9776096,6.037825,3.7549746,5.064034,3.7922757,5.141586,5.9851956,8.149654
5,5.2487497,5.049565,6.1856833,7.556944,3.10634,0.0,2.667119,2.4786153,4.91122,5.064642,5.374013,5.264788,4.7791758,3.1367345,3.1323361,4.339071,4.94843,5.350422,4.1716332,4.039392,4.9234085,4.9647875,4.7119875,8.079236,5.543696,5.4845915,4.5949693,4.371684,5.461651,5.7510624,5.4554195,5.378188,5.7566233,5.5706406,7.176759,7.1126833,5.4757667,5.005255,5.46427,5.6187816,5.4147058,5.359743,5.426361,5.314593,4.929931,6.032616,5.8152175,4.882396,5.0980926,5.5504584,4.417768,4.880689,4.662489,5.2355433,5.912638,4.891834,4.721568,4.5097423,5.445655,5.1500807,6.2875295,2.936483,5.5216403,6.424248,5.553252,6.802497,6.5864973,6.653255,5.453594,6.01018,4.3455973,4.6865788,6.9351416,5.6663227,7.2098813,7.0809226,7.235274,6.818339,6.1592145,6.0923924,5.175356,7.8320065,8.235668,5.9251766,3.8200173,6.7855654,5.7217407,4.424906,6.0830894,6.113825,6.298782,6.681078,5.6236854,6.531822,5.633287,5.891111,5.841237,5.266351,6.267986,6.425408,6.260138,6.04807,7.21134,6.475668,6.2944694,4.980564,6.193217,8.202621,4.877423,4.9292455,5.995937,6.0135884,5.3682585,7.0233016,5.825878,5.8728123,8.116005,6.4170403,6.405773,5.2727714,5.9312224,5.9765587,4.1351147,4.8587875,4.003126,5.089122,5.4047565,7.7579994
6,6.2181544,5.299038,6.9248996,7.091233,3.0081487,2.667119,0.0,1.0872221,4.960143,5.1767945,5.9355316,5.9054236,4.6979556,3.7990358,4.238798,3.496385,5.55383,5.8579736,4.917944,3.0600061,4.60556,4.490226,3.6739306,7.451213,4.4408703,4.4682693,4.509641,4.3971925,5.562588,6.2453566,5.376916,5.760085,5.0819254,5.0542803,6.801082,6.7805543,4.7027264,3.5391562,4.6800056,4.858818,4.7664332,4.872403,4.7685432,4.7355847,4.232795,5.4889903,5.1351852,4.500947,5.7723846,5.3986635,4.4764667,4.9343014,5.061207,5.59612,5.910698,4.9804316,4.8699026,4.9941006,5.665735,5.4888144,6.4374323,3.9879608,5.5295167,6.5382757,5.484602,7.2057996,6.5362105,7.080297,5.588823,6.236672,4.747912,4.987849,6.822781,5.21326,7.1891227,6.8336916,7.185377,6.806327,6.635298,6.3617826,5.40898,8.006814,8.06746,5.4481425,3.3658955,6.3601847,5.244817,4.1684375,6.443295,4.879625,6.475839,6.2366447,5.3758154,5.6225815,5.765275,5.478405,5.243539,5.220033,5.5358024,6.4025564,5.414436,5.1109247,6.788353,6.4336576,6.2180533,4.8536496,5.286778,7.3430634,4.8209085,4.9106116,5.9747047,5.9140916,4.8262153,6.482314,5.259092,5.236397,7.6360073,5.8078103,7.1432505,4.507789,6.053158,6.032709,3.8626094,4.900556,3.7861698,5.484306,5.591082,7.6136394
7,6.106573,5.298306,6.260622,6.4875174,2.8421924,2.4786153,1.0872221,0.0,4.809296,4.9843907,5.95946,5.9017286,4.669536,3.5001245,3.8267467,3.1000383,5.5706396,5.6024356,4.7192883,2.946743,4.619332,4.45222,3.8975623,7.6826615,4.161228,4.1866436,4.269016,4.197909,5.342745,6.0482054,5.3866677,5.5846267,5.507726,5.4660673,7.1378694,7.120602,5.08137,3.9660869,5.068285,5.209047,5.0579705,5.2053266,5.0860157,5.1060295,4.4641128,5.659185,5.425058,4.4577417,5.644945,5.698079,4.894318,5.2851944,5.3148246,5.826444,6.219604,5.3299785,5.154359,5.0305533,5.724214,5.539016,6.436972,3.6470678,5.8129125,6.5152426,5.467079,7.0839434,6.607965,7.0901427,5.451576,6.1859345,4.627666,4.8494096,6.7214737,5.011266,7.064788,6.6845145,6.993262,6.5748467,6.4030213,6.194159,5.4636707,8.032637,8.192122,5.734533,3.5896266,6.4549866,5.544974,4.196722,6.4506416,5.116289,6.386263,6.4968863,5.4092865,5.5383244,5.762646,5.5648246,5.312554,5.0734935,5.434855,6.336781,5.2773285,5.007084,6.9062457,6.5858502,6.103468,4.7714877,5.1813817,7.244407,4.676761,4.8119845,5.9063506,5.785718,4.8421483,6.529467,5.433021,5.3576245,7.7619944,5.8209553,6.9849815,4.587147,5.9171777,5.964572,3.7652457,4.88321,3.6774702,5.175969,5.475825,7.1262794
8,4.671067,3.60261,4.5284004,6.1166897,5.140491,4.91122,4.960143,4.809296,0.0,0.7546219,5.5921693,4.2856145,6.6903257,5.2932453,5.237527,5.67544,4.9985723,5.056444,6.3194375,5.0980206,5.8308926,6.017901,5.3081927,9.192363,7.1215615,7.0877004,6.187794,6.1547823,7.5232716,7.935897,4.503642,4.387151,5.7493234,6.1678214,7.344363,7.2468123,6.0783052,5.556541,6.14066,5.7332816,6.191931,5.5044265,5.6796427,5.481729,4.5222387,3.9060268,5.606798,4.639069,6.095266,6.155091,6.6699047,6.0251,6.803906,7.2182517,7.597436,6.059576,5.817837,5.646742,6.378655,6.2343345,6.986043,5.7309346,6.3136435,7.040301,5.907211,8.2278595,7.718763,8.60238,6.1908684,6.560182,5.7836003,5.4569755,8.448165,7.4617805,6.7517676,6.584769,6.422155,5.900419,6.9208546,6.782521,5.736391,6.624826,7.916713,5.410882,5.1855206,5.6003695,6.1985826,4.952812,6.776981,6.6782303,5.790397,6.2013392,4.2802005,4.9684253,5.017437,4.6860266,5.333413,5.4382224,5.3410583,6.8390937,6.3009305,6.158956,6.3135657,6.029958,4.535602,6.2039638,7.0197363,6.8885994,5.786385,6.4934154,5.5293145,5.637456,6.221137,8.236954,6.5986485,5.9782844,9.0051775,6.08235,6.295339,6.325708,6.5892634,6.5073013,6.615049,5.3274717,4.7460976,5.6677074,5.8565564,7.601628
9,4.831918,3.944683,4.604626,6.1746874,5.402513,5.064642,5.1767945,4.9843907,0.7546219,0.0,5.9923615,4.4681206,6.774594,5.390794,5.206361,5.710409,5.2046704,5.255288,6.5350003,5.223597,6.2478013,6.437138,5.751091,9.502325,7.0259314,6.966733,6.3479366,6.325503,7.7396545,8.154314,5.0401287,4.7120166,6.2438283,6.4498687,7.660905,7.5714626,6.5206685,5.902901,6.590169,6.1851797,6.575418,5.9526687,6.1119647,5.916558,4.7428713,4.1340194,6.079273,5.029703,6.29,6.3773956,6.885047,6.2212973,6.91606,7.342783,7.861349,6.270643,6.0161633,5.8906865,6.769119,6.625918,7.2925973,5.8840103,6.5625706,7.316443,6.2112284,8.600244,8.089998,8.794284,6.4943247,6.960781,6.1013985,5.743626,8.662104,7.5142884,6.877682,6.655425,6.527614,5.932777,6.9446964,6.7932005,5.7148924,6.6109476,8.154093,5.8618236,5.432598,5.957426,6.3685594,5.0197377,7.067668,7.0595474,6.032236,6.3826184,4.347224,4.981386,5.1387925,4.935288,5.5211096,5.5682583,5.360906,6.991114,6.402449,6.233217,6.581077,6.365804,4.4809074,6.212856,7.003347,6.9762654,5.768268,6.568216,5.5286493,5.661614,6.338792,8.550545,6.8834352,6.268685,9.278781,6.287781,6.219411,6.3299136,6.710066,6.591768,6.8652544,5.5293345,5.0111456,5.7481294,6.046234,7.8895383
10,4.895425,5.297873,6.9649725,8.118987,5.5253778,5.374013,5.9355316,5.95946,5.5921693,5.9923615,0.0,4.8879967,6.135246,5.7597966,5.605931,6.2540903,2.3493912,3.0504866,3.7700963,6.3040247,5.6473284,5.417953,4.165632,9.3291645,8.836867,8.732437,6.8248706,7.1798606,5.8244085,5.8616567,4.060531,3.1604533,5.2643924,5.9887295,6.9488406,6.8571153,4.9076514,5.5578895,4.8535933,5.1422234,5.014695,4.7805367,5.0800724,4.8161926,6.0790367,5.8395476,5.059676,5.6675634,5.051311,5.8097587,6.155046,5.612578,6.166004,6.5393295,6.252564,5.415414,5.6589155,5.4673657,5.1651177,5.0947466,5.829688,5.9492083,6.178566,5.960906,4.7620883,6.091213,4.861739,5.334088,5.7798204,4.8712974,5.3748236,5.485076,6.356673,6.8278747,6.836543,7.02247,7.6166697,7.4284997,6.9425097,7.193546,6.5665894,7.9957113,8.414104,4.835098,5.8362775,4.612988,6.17565,5.8616595,5.1507096,5.3800707,5.21167,5.033922,5.5101075,6.319563,4.7541747,5.1224465,5.710307,4.9272037,6.668491,6.297564,6.5929956,6.5609107,5.4996676,5.282651,5.6599364,6.354813,7.463679,7.102311,6.6426864,6.442074,6.0369515,5.247265,7.5166297,7.6473494,5.4480543,5.2728877,8.300053,6.7309265,6.0425096,7.518511,6.323501,6.4717345,5.2107043,4.3849134,5.515845,5.1656327,5.035834,7.1724744
11,3.4289057,3.970142,5.638126,7.2335014,5.8089085,5.264788,5.9054236,5.9017286,4.2856145,4.4681206,4.8879967,0.0,6.312556,5.8771005,5.631696,6.445414,4.5149746,4.545681,5.99073,6.3385854,7.424088,7.352164,6.26434,10.088463,7.586871,7.495475,7.042762,7.2583294,7.300279,7.4844522,4.67697,4.0702806,7.2342124,7.211675,8.425079,8.317448,7.032385,6.6451917,7.0690703,7.204295,7.103683,6.9394355,7.0236206,6.8741465,6.455244,6.1326985,7.0362563,6.496145,6.5514245,7.0120263,6.6884108,6.5276074,6.7173,7.0845876,7.796789,6.5446863,6.4410415,6.4877434,7.4060073,7.321535,7.8507133,5.877484,7.5174656,7.904275,6.4019527,7.7798157,7.4142113,7.991263,6.5758333,6.285777,6.2959394,5.9601207,9.082103,8.574842,6.9371924,7.1193643,7.292037,7.0717187,7.3375506,7.55685,6.7742987,7.308728,8.932112,5.586342,6.250518,6.5217366,7.207794,6.7680907,6.941911,7.093281,6.145881,6.116745,5.7657175,6.4564657,5.1059933,5.765846,6.2105985,4.8560553,6.3732553,6.2438617,7.422648,7.2453823,7.2666607,6.7265277,5.223621,6.787441,7.600485,7.549039,7.066485,7.0253253,6.293051,5.780272,7.27426,8.950604,7.400712,7.0611763,10.196599,6.958585,4.8706183,7.4022093,6.8357024,6.561984,6.0400815,5.3695874,5.7438216,6.143838,6.385776,8.435398
12,5.718249,6.1694674,7.586578,7.351556,5.6958513,4.7791758,4.6979556,4.669536,6.6903257,6.774594,6.135246,6.312556,0.0,3.861234,3.9088805,3.004041,5.5641146,5.946989,4.8675637,4.3115735,6.819676,6.855827,5.886029,9.05252,6.556207,6.5985603,6.3768044,6.598832,5.529337,6.7901254,7.77681,6.5940137,7.120093,8.086431,9.07228,9.025405,7.3012505,6.3132024,7.178625,6.8911633,7.4743333,6.784206,6.794187,6.688655,6.157834,7.059418,6.863382,6.474395,7.726714,8.210688,7.137355,7.5053983,7.350554,7.756382,8.335914,7.5089383,7.489709,7.416351,8.083758,8.013983,8.788946,5.310408,8.525607,8.810784,6.266191,6.1548796,7.846909,7.330311,6.5183663,7.3656783,6.867277,5.970754,7.409806,6.2471232,7.875651,7.4247866,7.9022355,7.528084,6.744045,6.6130958,6.8271346,9.079037,9.775808,7.6928735,6.093466,8.192248,6.9465146,6.1047306,7.2112346,6.0271297,8.387205,7.112252,7.582177,7.3076153,7.2290015,7.7733035,7.407587,5.5069723,7.5345345,6.659124,7.3622694,7.146382,8.921471,8.749828,6.706713,5.502305,5.1260376,7.747382,5.7357683,6.2827716,7.201373,6.6705647,8.325882,8.865595,8.03899,7.906067,9.166012,7.7002225,7.388253,6.9832425,7.2506733,7.194452,5.458812,5.79879,7.072173,7.512555,7.1308007,7.4075
13,5.0211463,4.8272266,6.1004353,7.5834866,3.5358598,3.1367345,3.7990358,3.5001245,5.2932453,5.390794,5.7597966,5.8771005,3.861234,0.0,1.8188823,3.5038378,5.055312,5.1319513,4.0584292,3.9523966,5.2752304,5.1488705,5.574637,8.7217,6.2142406,6.183381,4.5742545,4.6631455,5.387306,5.943571,6.6384735,5.732501,6.300655,7.179715,8.83504,8.811252,6.248506,5.8318,6.143608,5.7661896,6.3745174,5.981641,5.90704,5.9092712,5.0044937,6.113707,6.0067987,5.115906,7.112838,7.521235,6.373194,6.728542,6.8178535,7.199358,7.696725,6.739865,6.582583,6.4299583,7.1081986,6.9422274,8.04308,4.218322,7.642401,8.038572,4.861047,6.3191247,6.879258,6.717654,5.111774,6.50141,5.256739,4.550267,7.6672163,6.7168064,8.022562,7.9407244,7.7492986,7.3452997,6.9485846,6.807772,5.964387,8.419957,9.564309,6.846315,5.271994,7.301144,5.5861845,4.3020825,7.307413,6.28174,7.460673,7.645847,6.122351,6.7582064,6.188996,6.411977,7.2691703,5.5888,7.125558,6.7659683,6.970199,6.7957425,8.7330265,8.186792,6.862821,5.644947,6.5810313,8.585735,5.2556353,6.2445736,7.1780725,6.9467053,7.6660357,8.391747,7.6043677,7.4378586,9.294557,7.7749505,8.00924,6.5883822,6.793544,6.8267107,5.0117803,5.9907,5.354885,6.437196,7.207956,8.271974
14,5.24747,5.559767,6.213557,7.738504,4.011559,3.1323361,4.238798,3.8267467,5.237527,5.206361,5.605931,5.631696,3.9088805,1.8188823,0.0,3.370936,4.819433,4.8762045,3.9674568,4.298306,5.628124,5.6068835,5.776976,9.079628,6.408739,6.307307,4.836897,4.946233,5.269555,5.8895135,6.8068576,5.6147285,6.523722,7.2652397,8.679241,8.652877,6.498028,6.056284,6.470465,6.038468,6.8086214,6.397092,6.318956,6.308846,5.2751613,6.28987,6.3064914,5.4208493,6.503767,7.2071223,6.263633,6.5774565,6.2258124,6.681879,7.3655887,6.569648,6.4582567,6.3622355,7.147141,6.9354386,7.7314515,3.6830661,7.2707767,7.737222,5.104288,6.2856073,7.163636,6.650691,5.291327,6.6769524,5.4163914,4.67721,7.1954966,6.1034126,7.4819155,7.3825,7.137927,6.681017,5.998048,5.827447,5.5337605,8.073935,9.334313,7.0219917,5.2915444,7.29066,5.619253,4.2398767,6.603117,6.611568,6.886345,7.03223,6.2236724,6.847766,5.969457,6.526824,6.9754353,5.5245667,6.7937946,6.6945553,6.702874,6.4889364,8.420887,7.8882437,6.1424675,4.926921,5.9665365,8.057973,4.3837852,5.6246037,6.548369,6.3001485,7.465969,8.370899,7.351078,7.1739607,9.182152,7.5019054,6.99009,6.357164,6.6627297,6.6939683,5.0384707,5.8313603,5.6592345,5.787919,6.6480007,8.014911
15,6.310809,6.0978303,6.776635,6.192834,4.6868033,4.339071,3.496385,3.1000383,5.67544,5.710409,6.2540903,6.445414,3.004041,3.5038378,3.370936,0.0,5.681027,5.666071,4.9030914,3.2268922,5.6681776,5.679895,4.8455944,8.440929,5.342834,5.359979,5.3235674,5.443599,5.0876617,6.531916,6.981425,6.1856422,6.5833187,7.412967,8.719994,8.701103,6.534985,5.3217916,6.492765,6.088406,6.8694057,6.5050025,6.380942,6.385044,5.5656,6.5308948,6.3623996,5.718703,7.0382066,7.4674654,6.748587,7.048047,6.8662844,7.2985654,7.682682,7.0431123,7.0042243,6.889498,7.439103,7.280137,7.940869,4.8052816,7.5571384,7.9350877,5.7768755,6.8893137,7.5694056,7.4920144,5.987765,7.180712,6.0748534,5.493204,6.9136257,5.0498834,7.3325973,6.71886,7.016463,6.5795116,6.180651,5.969801,6.2250676,8.567997,9.378037,7.0913763,5.4936557,7.3262944,6.235422,5.041089,7.1283283,5.6632032,7.317415,6.774041,6.6545653,6.110024,6.6601715,6.8408647,6.552429,5.479414,6.391566,6.6684937,6.210671,5.9776917,8.038045,8.102088,6.03793,4.824029,4.20199,6.6783276,4.3097324,5.446409,6.4482346,6.145725,7.0674973,7.840822,6.8748364,6.6158013,8.762762,7.0580606,7.3293133,5.9559555,6.610561,6.6710687,4.812992,5.6981544,5.9814615,6.3892074,6.476482,6.5866237
16,4.502909,4.895171,6.5131707,7.764785,5.1784735,4.94843,5.55383,5.5706396,4.9985723,5.2046704,2.3493912,4.5149746,5.5641146,5.055312,4.819433,5.681027,0.0,2.2957203,3.3222392,5.8360376,5.6548896,5.4726653,4.8667274,8.818099,8.095949,7.929459,5.931902,6.4078298,5.2015963,5.176411,4.6609554,3.023702,5.9650674,6.0549793,7.201731,7.113763,5.195054,5.6029477,5.1230717,5.4416056,5.12507,4.9823365,5.1026573,4.8738747,5.703785,5.517479,5.5067167,5.9040847,5.2717686,5.770704,5.800504,5.3322983,5.8821898,6.329693,6.168616,5.1697764,5.4406295,5.3968215,5.5517945,5.5176616,6.166627,5.9760537,6.2885513,6.1423125,5.2899203,6.7563057,5.5071073,5.686835,6.1434255,5.4917936,5.713063,5.747192,6.7641177,6.830366,6.3540344,6.373207,7.3062835,6.923386,6.6841745,6.830436,6.30579,7.462019,8.170505,5.4758496,5.9856977,5.2764006,6.1499867,5.4438825,5.916613,5.762614,5.39589,4.849481,5.048529,5.9006104,4.9414563,5.3089085,5.35495,4.3931317,6.012326,5.4995456,6.203816,6.099975,5.778888,5.4891624,4.7730217,5.5186195,6.7988653,6.8747206,6.08231,5.9607096,5.3736095,4.4108267,7.490292,7.4479227,5.5835695,5.313768,8.29249,6.5614185,5.692286,6.6608458,5.4804835,5.4957013,5.2673893,3.9750986,5.3298903,4.9506264,5.0089025,7.849286
17,4.557804,5.0555377,5.846027,7.250242,5.3681393,5.350422,5.8579736,5.6024356,5.056444,5.255288,3.0504866,4.545681,5.946989,5.1319513,4.8762045,5.666071,2.2957203,0.0,3.6299455,5.970558,5.8979287,5.2965317,5.227653,9.1727085,7.9352283,7.7707653,5.673395,6.4457264,4.994253,4.8318915,4.47076,1.8460611,6.400239,6.385507,7.4956713,7.4934397,5.5323563,5.83074,5.5045466,5.8213177,5.2682085,5.4501767,5.2543187,5.3736506,5.774622,5.513427,5.6571856,5.6799264,5.4013243,6.2685595,6.302792,5.867262,6.400215,6.772071,6.6800537,5.751737,5.8701215,5.7220826,5.785769,5.8620415,6.2884793,5.7288885,6.9721003,6.1981106,4.737001,6.1438866,5.033451,5.5085464,5.334366,4.642816,5.564234,5.1739683,7.02551,7.237799,6.217925,6.283383,6.946529,6.525618,6.76513,6.698765,6.1568866,7.022232,7.890184,5.2586303,6.2626643,5.0866895,6.4483104,5.517993,5.8912024,5.613971,4.975184,5.0609407,4.9928093,5.472097,4.7769694,5.2077565,5.51668,3.9970815,5.7474046,5.155073,5.875977,5.7979617,5.9982753,5.709148,4.9622526,5.9282184,7.077459,6.612551,6.6770215,6.566622,5.879955,4.5779324,7.6437964,7.559165,6.1686087,5.8620234,8.666675,6.3138456,5.7187963,7.0700045,5.618124,5.653747,5.176943,4.3581157,5.0326233,4.477715,5.2942524,7.557375
18,6.0246387,6.289712,7.042204,8.2169485,4.232741,4.1716332,4.917944,4.7192883,6.3194375,6.5350003,3.7700963,5.99073,4.8675637,4.0584292,3.9674568,4.9030914,3.3222392,3.6299455,0.0,4.745811,4.6838098,4.331494,5.0552797,9.027374,7.398625,7.2117224,5.457457,6.2486243,4.698112,4.5702696,6.020657,4.517698,5.9053316,6.0913777,7.274652,7.219697,5.0694113,5.4844913,4.9582653,5.3686724,5.0168066,5.0213857,5.1213465,4.8908715,5.6771564,6.563694,5.4113445,5.539122,5.246055,6.047653,5.4322524,5.8133454,5.443819,5.8612666,5.863973,5.7048697,5.818725,5.5106235,5.632847,5.7514,6.176107,5.275811,6.972256,6.0800953,5.268992,5.604769,5.6518283,5.5048895,5.9947376,5.7401376,6.119853,5.7558136,5.227009,5.651688,7.2027555,7.300458,8.2325945,7.858081,6.848941,7.233893,6.5016384,9.057483,8.928722,6.215659,5.4900174,6.307042,5.904241,4.9002213,5.9076757,5.2259836,6.477211,5.972792,6.3492785,6.866362,6.1952047,6.414359,5.918479,5.2351394,6.6819663,6.6600633,6.0512366,5.9401283,6.913726,6.248179,6.274906,4.8753204,6.27437,8.124585,5.8357425,5.6735497,6.6083694,5.228568,7.3199525,6.9389863,5.7583103,5.862058,8.301655,6.9126453,6.9739523,6.2726994,6.4975853,6.661288,4.222344,4.733663,5.41713,5.182886,5.5265694,7.6040783
19,6.45053,5.87833,6.743532,6.746952,4.37985,4.039392,3.0600061,2.946743,5.0980206,5.223597,6.3040247,6.3385854,4.3115735,3.9523966,4.298306,3.2268922,5.8360376,5.970558,4.745811,0.0,4.514934,4.6905074,4.4571347,8.326789,5.483956,5.383572,5.3954067,6.1593947,6.2518854,7.0075545,6.7397757,5.8601804,5.333551,5.7477875,7.3310394,7.2710314,5.3490915,4.0643463,5.3196473,4.9900956,5.5308924,4.8619347,5.0331573,4.7716994,3.934324,5.26784,4.9579363,4.1777577,6.186636,6.1694417,5.480049,5.844765,5.880527,6.2809463,6.7338543,5.940826,5.678953,5.4898,6.359052,6.57074,6.8470645,5.559146,7.172398,6.7288947,5.5265393,7.147717,7.5144935,7.9100056,5.7834616,6.5199428,6.6132464,5.17746,6.114958,4.919404,7.162147,6.9071074,7.5169873,7.070742,6.3076344,6.741141,5.300341,8.28678,8.6446,5.757542,4.302599,6.5477834,5.239171,3.7166283,7.1419415,4.924658,7.6240788,6.455459,6.1342764,5.642345,6.5792656,6.266282,5.6993594,6.141355,6.416411,7.5478773,5.973661,5.727533,7.1297674,6.937422,6.3739495,5.03673,5.0575347,8.120324,5.3427505,6.2619615,7.2277913,6.0590615,5.7549677,7.073083,6.3919,6.36325,8.438519,6.7257576,7.652279,5.550116,7.065415,7.03629,5.109709,5.6355996,5.330872,6.4122972,6.355708,6.993651
20,7.663753,6.7822495,7.730216,8.63079,4.914055,4.9234085,4.60556,4.619332,5.8308926,6.2478013,5.6473284,7.424088,6.819676,5.2752304,5.628124,5.6681776,5.6548896,5.8979287,4.6838098,4.514934,0.0,1.6029334,4.305836,7.0945697,8.416937,8.331917,5.3750057,5.797229,5.796706,6.1813917,5.930333,5.596954,4.04343,5.2408915,6.374548,6.3198414,3.8960643,4.5730467,3.9224107,3.402367,4.7294884,4.023199,4.0208845,3.8775442,5.0385046,6.1550493,4.0694494,4.693817,5.6606016,5.470494,5.1946096,5.7313795,5.775437,6.1268854,5.043762,5.593577,5.722322,5.423932,4.731561,4.742355,5.433138,6.1493983,5.840916,5.4078526,5.742349,6.83766,6.765431,7.995892,5.971334,6.1474566,6.2980227,5.7796717,6.1080165,6.2165055,7.630364,7.546733,7.8134785,7.4647923,7.269226,7.248502,6.29713,8.623137,7.744618,5.417569,5.6071014,6.0975585,5.766348,4.600165,6.7204833,5.5069656,6.3082914,6.4431458,6.802061,7.2089777,7.5216303,6.7312183,6.100607,7.4461465,7.343053,8.146707,6.775154,6.754223,6.5227976,5.717092,7.236703,5.915666,7.0070467,8.4463825,5.8183303,6.647932,7.6038537,7.0188394,6.7915416,5.563331,5.22606,5.20038,7.9944844,7.077468,8.878314,6.581663,7.2256565,7.506312,5.8171782,6.3712254,5.4269423,6.2673473,6.187019,7.5432982
21,7.5668006,6.7090783,7.7156386,8.662493,4.5568337,4.9647875,4.490226,4.45222,6.017901,6.437138,5.417953,7.352164,6.855827,5.1488705,5.6068835,5.679895,5.4726653,5.2965317,4.331494,4.6905074,1.6029334,0.0,4.184685,7.2989497,8.015048,7.9288116,4.9359,5.6014123,5.414228,5.5100403,5.5148916,5.0899215,4.095962,4.9322166,6.2046747,6.231544,3.382357,4.2356043,3.3825407,3.3305469,3.8850698,3.7876053,3.4794552,3.6298437,4.791078,5.906141,3.7894032,4.424033,5.5892596,5.375733,5.059916,5.5436997,5.74281,6.048393,5.0107484,5.420524,5.5374722,5.3670025,4.5846043,4.706028,5.3245745,5.862675,5.9852114,5.2679844,5.0737295,6.301985,5.7851515,7.151486,5.3670487,5.3759866,5.83978,5.394759,6.017937,6.3575726,7.53946,7.531348,7.81687,7.468771,7.492069,7.301736,6.13722,8.43419,7.479863,4.9838943,5.3847938,5.609926,5.4713187,4.37561,6.4373207,4.7841516,5.9164705,6.2208443,6.3317256,6.736341,7.002902,6.189165,5.8541665,6.8423495,6.862348,7.59218,6.108121,6.0979276,6.376769,5.5616136,7.2247334,5.9335814,7.117886,8.209583,6.2390018,6.671151,7.520857,6.743789,6.738918,5.4503493,5.164029,5.2012606,7.8027325,6.625061,8.799804,6.4438987,6.9708214,7.2167273,5.2069197,6.0455127,4.7494287,5.689306,6.0913577,7.8207793
22,6.3780894,5.6785393,7.407423,7.266792,4.634649,4.7119875,3.6739306,3.8975623,5.3081927,5.751091,4.165632,6.26434,5.886029,5.574637,5.776976,4.8455944,4.8667274,5.227653,5.0552797,4.4571347,4.305836,4.184685,0.0,7.3967447,7.0136027,6.997755,5.746432,5.969293,5.6228204,6.3013906,4.1816926,4.7574964,3.7139585,4.5740924,6.0855055,6.0316668,3.3476684,2.7496338,3.3515446,3.482716,3.8003938,3.6402862,3.8107226,3.7086685,4.671413,4.999568,3.7600245,4.195859,4.9189415,4.769862,5.0353427,4.571558,5.538519,5.9348454,5.428657,4.46342,4.5803657,4.5290523,4.268406,4.189327,4.9555764,5.508595,4.8120575,5.1645617,4.485983,6.9009624,5.147583,6.215949,5.06277,4.8989177,4.5187335,4.6495337,5.6599593,4.95178,6.4679866,6.274938,6.7414227,6.6000896,6.1606846,6.270684,5.531916,7.5345254,7.5027165,3.811833,4.095737,4.170522,5.076815,4.656644,5.58629,3.901825,5.5557513,5.097932,5.1094036,5.1161876,5.0250254,4.508797,4.798726,5.5325537,5.9498177,6.520188,5.472002,5.3724656,4.732436,5.112935,6.071885,5.8769283,6.141171,6.658548,5.6892853,5.841578,6.1082516,5.6284833,5.2618456,6.0204673,4.063845,4.0016346,6.7889323,5.8936176,7.0232615,6.1480165,5.829502,5.997355,4.424814,4.603649,4.391869,5.2175775,4.808851,6.237525
23,10.036789,9.250652,10.225879,10.23107,8.193094,8.079236,7.451213,7.6826615,9.192363,9.502325,9.3291645,10.088463,9.05252,8.7217,9.079628,8.440929,8.818099,9.1727085,9.027374,8.326789,7.0945697,7.2989497,7.3967447,0.0,9.873714,9.85973,5.673546,5.833198,5.8949037,6.553118,8.662169,8.89072,8.393333,8.554336,9.285776,9.222638,7.1774573,6.9724507,7.1470838,7.1783733,7.9367957,7.693599,7.008198,7.5648484,8.257302,8.913805,7.924573,8.270137,8.7892275,8.359718,7.055261,7.411402,8.559411,8.865639,7.299255,7.346516,7.55312,7.5011706,7.2002544,7.1473556,7.704899,9.037248,7.630626,7.7657347,9.239307,9.944225,8.732661,10.103696,8.143976,8.094063,7.869067,7.821052,9.694118,9.284234,7.399931,7.087932,7.2998567,7.435118,7.669086,7.3307385,9.144355,8.50063,7.2109804,8.439999,8.800462,9.493353,9.488982,8.8701315,9.953321,8.667513,9.253544,8.867881,9.63655,9.741433,10.327469,9.779813,8.5238495,9.505056,9.441044,7.3752775,9.164638,9.095054,8.887463,8.599837,9.55415,8.733772,8.985055,10.218942,8.8382015,8.9958,9.631538,9.2505,8.858689,5.799322,8.038812,7.9771276,7.1152215,9.150512,10.671964,8.646163,6.3000436,6.493429,8.515263,8.721896,8.415559,9.304069,8.7019205,9.800202
24,8.074692,7.3877506,7.6065617,6.99774,5.0901012,5.543696,4.4408703,4.161228,7.1215615,7.0259314,8.836867,7.586871,6.556207,6.2142406,6.408739,5.342834,8.095949,7.9352283,7.398625,5.483956,8.416937,8.015048,7.0136027,9.873714,0.0,0.6676974,6.187482,6.320491,7.6783614,8.0839615,7.7996063,8.116891,8.838185,7.8020797,9.387389,9.387688,7.9166136,6.328438,7.8811073,8.490865,7.4201794,8.148795,7.964744,8.033754,6.768414,7.6650705,8.458715,7.0977316,8.027901,7.965143,7.1854095,7.421146,7.450994,7.809228,8.857405,7.6100364,7.2716017,7.319198,8.606476,8.595635,8.942293,6.1765323,8.442639,8.934612,8.160745,9.714248,8.755812,8.80513,8.070759,8.607822,7.071745,7.561634,8.80816,6.7242613,8.320966,7.916703,8.669573,8.312918,8.235061,8.2823925,7.826022,9.80979,10.161214,8.377162,5.588347,8.771873,7.764711,6.839488,8.881737,7.133529,8.887574,8.619696,6.8923187,6.4980793,7.17396,7.189569,6.7001715,5.9497447,5.8439417,7.209757,5.9095974,5.5482345,8.953898,8.951727,7.4524236,6.39797,6.11985,8.59092,7.0081806,6.216935,7.079651,6.7383027,5.7187185,8.540967,7.7505198,7.7293763,9.106516,6.9648023,7.917442,5.0691247,7.1673813,6.941031,5.4880056,6.4532576,5.646456,6.8844433,7.4564505,9.207545
25,8.055696,7.430671,7.577093,7.0967245,5.04456,5.4845915,4.4682693,4.1866436,7.0877004,6.966733,8.732437,7.495475,6.5985603,6.183381,6.307307,5.359979,7.929459,7.7707653,7.2117224,5.383572,8.331917,7.9288116,6.997755,9.85973,0.6676974,0.0,6.0774508,6.3459725,7.573289,7.8987536,7.7825747,7.9704986,8.807616,7.575185,9.248149,9.246308,7.7920294,6.2363477,7.768818,8.407944,7.296743,8.073391,7.8851686,7.9443717,6.689172,7.5938373,8.393273,7.0529685,7.766491,7.716278,6.9130826,7.153465,7.1471443,7.512029,8.588226,7.34819,7.0045023,7.071055,8.426693,8.452318,8.694884,6.2440023,8.305659,8.651456,8.066371,9.740908,8.598857,8.610834,7.9880314,8.487064,7.1008115,7.4883256,8.6008625,6.5609517,8.125421,7.7610364,8.610003,8.237211,8.052854,8.196391,7.625796,9.644217,10.08149,8.246382,5.551493,8.622225,7.6040626,6.646186,8.844573,7.129098,8.778952,8.434025,6.719258,6.3312645,7.036589,7.0808783,6.5278273,5.9183383,5.728305,7.1618934,5.792765,5.4052796,8.744271,8.744515,7.3258076,6.240618,6.0795484,8.662745,6.9374647,6.1908636,7.042127,6.536013,5.5272236,8.3671465,7.562133,7.568647,9.080745,6.961627,7.7268453,4.91713,7.0284743,6.8044744,5.4044847,6.380003,5.5701146,6.671296,7.3355713,9.237468
26,7.0504875,6.433145,6.7071238,7.9876914,3.8385842,4.5949693,4.509641,4.269016,6.187794,6.3479366,6.8248706,7.042762,6.3768044,4.5742545,4.836897,5.3235674,5.931902,5.673395,5.457457,5.3954067,5.3750057,4.9359,5.746432,5.673546,6.187482,6.0774508,0.0,2.3625562,3.783815,3.731488,6.3675427,5.9600616,6.7496743,6.7091446,8.091556,8.083421,5.2265153,4.9203644,5.1741886,5.415988,5.6084414,5.84101,5.0945897,5.68466,5.1365547,6.160255,5.8820133,5.138067,6.532408,6.637744,5.264419,5.6166215,6.3417788,6.741766,6.333588,5.6655774,5.530994,5.4373026,5.9886155,6.016404,6.475271,5.381626,6.6363177,6.4228907,5.9976544,7.2915974,6.2895055,7.0430655,5.1547995,5.790701,5.0718064,4.7286377,7.4866524,6.9946957,5.853212,5.980316,5.935152,5.797338,5.8350224,5.669263,6.5943933,7.324541,7.2728157,6.625519,5.6126537,7.229175,6.366195,5.2148337,7.4739423,6.371779,7.0162244,7.188474,6.386465,6.928292,6.836509,6.6013474,6.2505145,6.0338697,6.2128935,5.040927,5.7869124,5.584114,7.730365,7.097742,6.831331,5.702615,6.7644057,8.567914,6.1283984,6.240957,7.0812564,6.22067,6.7169614,5.753516,6.6822553,6.5603843,6.821062,6.844907,8.111085,5.7650127,4.578095,4.6317577,5.2019796,6.072182,5.024269,5.8131356,6.7171144,8.6435795
27,7.109637,6.248959,6.7846746,7.999206,3.949992,4.371684,4.3971925,4.197909,6.1547823,6.325503,7.1798606,7.2583294,6.598832,4.6631455,4.946233,5.443599,6.4078298,6.4457264,6.2486243,6.1593947,5.797229,5.6014123,5.969293,5.833198,6.320491,6.3459725,2.3625562,0.0,4.431996,4.8626976,6.281175,6.7271023,7.098345,7.319611,8.608122,8.588118,6.070357,5.7833695,6.0256677,6.104489,6.4786077,6.6551795,6.041763,6.5154243,6.0243535,6.9160004,6.741961,5.9719324,7.102083,7.1879687,5.982494,6.2943974,6.886195,7.3451214,6.970125,6.2799306,6.237688,6.1289015,6.469804,6.069077,7.242636,4.8619576,6.2555566,7.3714046,6.7113566,7.895843,6.947991,7.6304903,5.9530053,6.8675,4.447425,5.4351683,8.538511,7.4448547,6.9466558,6.7626824,6.3083997,6.1461725,6.6490936,5.9553003,7.2412195,7.9155397,7.9618697,7.4362764,5.9325256,7.9288306,7.0982113,6.0399437,7.6945167,7.282856,6.997572,7.9507003,6.676031,7.533436,7.1474166,6.9730234,6.942297,6.298226,6.5778275,5.420284,6.5932565,6.40838,8.361126,7.749453,7.1497884,6.144182,7.1347213,8.353537,5.725652,5.8088174,6.6776414,7.054477,7.032005,6.583045,6.8497176,6.579882,7.303237,7.171283,8.37801,5.967685,4.9588704,5.143704,5.593179,6.4351687,5.193691,6.262111,6.9284177,8.820576
28,7.1656485,7.2927923,7.7256346,8.084587,5.5590115,5.461651,5.562588,5.342745,7.5232716,7.7396545,5.8244085,7.300279,5.529337,5.387306,5.269555,5.0876617,5.2015963,4.994253,4.698112,6.2518854,5.796706,5.414228,5.6228204,5.8949037,7.6783614,7.573289,3.783815,4.431996,0.0,2.2762303,6.7050114,5.728395,7.3786526,7.5732284,8.530977,8.524046,5.9999113,5.940762,5.9281063,6.2004223,6.413833,6.6067715,5.954119,6.4461107,6.965587,7.7178006,6.6994677,6.787722,6.512153,7.2503114,5.9771676,6.408944,6.666657,7.0689,6.2420363,6.2743926,6.52821,6.3220015,6.155638,6.0486045,6.606169,5.819991,7.0524554,6.587773,6.363366,6.3924837,5.809554,6.1956687,5.77936,5.832442,5.6430426,5.6307735,6.9638596,6.7168427,6.033019,5.7610326,6.3733974,6.238029,5.842629,5.5359864,7.3629694,8.007291,7.7847137,7.182894,7.035955,7.565672,7.5835824,6.720438,7.108801,6.37177,6.7485905,6.6307454,7.5744357,7.660465,7.521009,7.7413297,6.82389,5.894862,7.1585155,4.6763444,6.704484,6.597442,7.661437,7.3529854,6.9451013,5.817332,6.3744855,7.624418,6.3248634,6.225735,7.07071,6.239345,8.050964,5.86206,6.459408,6.376034,7.2221475,7.362934,7.6072845,6.9606466,4.5831437,4.911662,5.0020084,5.8550954,6.3735695,6.114206,6.2801056,7.530121
29,7.44121,7.6233993,7.9652762,9.08719,5.5535088,5.7510624,6.2453566,6.0482054,7.935897,8.154314,5.8616567,7.4844522,6.7901254,5.943571,5.8895135,6.531916,5.176411,4.8318915,4.5702696,7.0075545,6.1813917,5.5100403,6.3013906,6.553118,8.0839615,7.8987536,3.731488,4.8626976,2.2762303,0.0,6.64663,5.57016,7.6532707,7.2317505,8.264345,8.271241,5.7630744,6.2072864,5.6806087,6.418797,5.8514104,6.481332,5.782623,6.329404,7.052643,7.7602615,6.771727,6.8619456,6.196878,6.9169254,5.5973463,5.975769,6.392495,6.7468796,5.8807044,5.8593574,6.078118,5.898298,5.7751107,5.860978,6.157974,6.271935,7.114691,6.0730596,6.4697266,6.654634,5.1578417,5.594674,5.9230604,5.373157,5.8036394,5.8805795,7.0035877,7.4125323,6.132954,6.314372,7.067947,6.951194,6.4556727,6.4110827,7.534608,8.108174,7.5977287,7.0836487,7.114333,7.448156,7.596273,6.7960095,7.19332,6.6441245,6.793789,6.8468413,7.403086,7.9145985,7.370541,7.5695844,6.778732,6.0387344,7.217696,4.7609887,6.602008,6.516033,7.5579314,6.940653,7.385545,6.3033853,7.5420737,8.69377,7.340363,6.764144,7.4645634,6.189348,8.056377,5.7446065,6.531369,6.621882,7.1398473,7.4323754,7.780414,7.1061096,4.6294136,4.8884816,5.1750956,5.9314933,6.1064835,5.745376,6.421983,8.709542
30,5.4031634,4.4959526,6.007727,7.123126,5.1410565,5.4554195,5.376916,5.3866677,4.503642,5.0401287,4.060531,4.67697,7.77681,6.6384735,6.8068576,6.981425,4.6609554,4.47076,6.020657,6.7397757,5.930333,5.5148916,4.1816926,8.662169,7.7996063,7.7825747,6.3675427,6.281175,6.7050114,6.64663,0.0,3.4850776,5.615545,5.380732,6.5875306,6.528913,4.9039993,5.1932693,4.951054,5.603295,4.6743774,5.2132163,5.1812673,5.2356157,6.0350895,5.488345,5.522832,5.444268,5.2212157,5.3831835,6.007962,5.2991114,6.417842,6.810199,6.409029,5.1871963,5.233764,5.0466185,4.7764463,4.512051,5.5983467,5.861626,5.2432866,5.8446527,5.7205276,7.7588935,5.244905,6.9712768,6.002403,4.9746933,4.4070573,5.649852,8.111755,7.845471,6.806111,6.8641686,7.1279335,6.97715,7.773092,7.6158333,6.90458,7.3440323,7.4898734,4.1005526,5.482232,4.5232716,6.9202914,6.4416723,6.012313,5.906962,4.4221554,5.785094,4.539751,5.5339727,4.541504,4.1379676,5.0195136,4.904953,5.5303526,5.9291844,6.140323,6.0746846,4.940199,4.6617765,5.8096604,7.164115,8.143192,6.7604327,7.278201,6.5899076,5.667062,5.709651,5.9712977,7.0636373,4.9564033,4.53307,8.138288,5.6625104,6.241589,6.927913,5.8659782,5.9715056,5.4467435,4.71916,3.793202,4.829477,5.0105643,7.571024
31,4.3824463,4.6128273,5.6368556,7.061268,5.6261454,5.378188,5.760085,5.5846267,4.387151,4.7120166,3.1604533,4.0702806,6.5940137,5.732501,5.6147285,6.1856422,3.023702,1.8460611,4.517698,5.8601804,5.596954,5.0899215,4.7574964,8.89072,8.116891,7.9704986,5.9600616,6.7271023,5.728395,5.57016,3.4850776,0.0,5.839357,5.640863,6.813388,6.796063,5.1173644,5.3699307,5.1501555,5.463815,4.7957473,4.8884306,4.781513,4.881421,5.423027,4.8852973,5.1595135,5.16981,4.8876286,5.605197,5.8880773,5.272865,6.125403,6.49022,6.3062935,5.176094,5.2201295,5.0294094,5.082283,5.241654,5.6150455,5.9200196,6.4468613,5.554457,4.712058,6.550896,5.1246376,6.2177744,5.091239,3.9504035,5.4481587,4.832462,7.2494545,7.4616246,5.992353,6.1145115,6.6879263,6.296791,6.7205877,6.7374883,5.666465,6.243756,7.1075826,3.9451742,5.951259,4.3456316,6.417238,5.4923983,5.8300757,5.50097,4.5763364,4.729417,4.633242,5.078042,4.564461,4.712048,5.0614667,4.4651885,5.754245,5.5344205,6.037696,5.97103,5.101206,4.795009,5.0524187,6.4325953,7.4876723,6.7567334,7.103613,7.0265164,6.1290536,4.8203654,6.9192834,7.232718,5.834428,5.5376472,8.6052265,5.9832025,5.5276036,7.2136707,5.7251415,5.7170396,5.498627,4.4201093,4.5821614,4.510818,5.0464754,7.3161426
