,0,1,2,3,4,5,6,7,8,9,10,11,12,13,14,15,16,17,18,19,20,21,22,23,24,25,26,27,28,29,30,31,32,33,34,35,36,37,38,39,40,41,42,43,44,45,46,47,48,49,50,51,52,53,54,55,56,57,58,59,60,61,62,63,64,65,66,67,68,69,70,71,72,73,74,75,76,77,78,79,80,81,82,83,84,85,86,87,88,89,90,91,92,93,94,95,96,97,98,99,100,101,102,103,104,105,106,107,108,109,110,111,112,113,114,115,116,117,118,119,120,121,122,123,124,125,126,127
0,0.0,1.9004436,2.7571898,4.03196,1.6503896,1.7856467,1.6356344,4.1858683,6.1120157,3.5669029,3.945788,2.4362423,3.0220237,3.2686613,4.280894,4.3659,5.6978583,3.9511578,4.3880205,4.8201175,6.0519485,5.6527705,5.307363,4.8368816,5.604576,6.358641,5.989606,5.211853,7.1236167,7.2487907,5.021667,5.6696815,4.9383364,5.0015097,4.83681,4.5740523,5.7093277,5.6573763,5.5897813,5.9454856,4.962305,6.0359564,4.466828,6.203148,6.025888,6.053368,6.027579,6.027951,5.455997,6.4219656,6.46727,6.600207,4.260426,5.0704045,6.3039107,6.235866,4.413289,4.211686,3.7556744,4.081773,4.4092207,5.0429235,5.338029,5.378221,6.4355574,6.4733768,6.820617,6.0253925,6.557099,7.271469,7.2952,7.2905583,5.982554,5.6028624,6.4015236,5.8289747,6.78026,6.7102075,7.4034553,7.563547,5.5512223,5.9207516,6.1993217,5.833233,4.5864177,5.0565243,6.0763183,5.7273755,4.469568,4.6779604,5.3560615,5.546741,5.645942,5.506841,6.067446,6.6447024,5.5050025,6.150913,5.764957,4.9944773,4.695242,5.1724644,5.16927,3.590284,5.7018805,5.254848,6.7771974,5.623333,7.1255784,6.3509903,7.238234,6.415765,6.1431837,6.5330706,4.7277894,4.533804,4.4675107,5.6887364,4.312722,5.1400466,5.3076415,4.609949,6.7035356,5.7609158,6.5593467,7.154121,5.0238004,5.267546
1,1.9004436,0.0,2.9677372,3.2640193,2.089185,2.05527,2.131421,4.731211,6.1419044,3.7224672,4.3377194,3.1274347,2.4055145,2.6229174,3.7837746,3.8705966,5.0394993,4.046007,4.1625237,4.5686893,5.48128,5.4827566,4.8363476,4.740996,4.8817263,5.6178184,5.7667046,4.692637,7.175176,7.038047,4.837638,5.687916,5.0343814,5.0226684,4.327088,4.60176,5.710791,5.6753287,5.542746,5.512286,5.0430255,5.8469343,4.312246,5.9369087,5.874952,5.9007707,5.976283,6.0345683,5.431158,6.3422346,5.6453958,6.8483424,4.324567,4.823092,6.1614294,5.705748,4.3647695,5.0682297,3.8412592,4.011405,4.3852496,5.656197,4.886826,4.861294,6.1452556,6.134203,6.4947786,5.8485885,6.4462066,7.126266,7.0667715,7.0651383,5.7857995,5.214745,6.098761,5.3788204,6.3020215,6.113962,6.975258,7.1511374,5.33072,5.6292715,6.231748,5.290801,4.619345,5.0679374,6.1548142,5.880221,4.4396706,4.7249875,4.8958697,5.251277,5.4008064,5.096648,5.6392474,6.321832,5.5453987,6.0948286,5.7728324,5.1016264,4.865358,5.299065,5.320545,3.8471565,5.5751796,5.1732283,6.419067,5.4383664,6.6325283,6.37934,7.242259,6.4007263,5.801004,6.1748557,4.5946693,4.8443613,4.3974814,5.8618884,4.7494683,4.7102146,4.996203,4.353227,6.559829,5.5337296,5.703277,6.37565,4.707067,4.9808917
2,2.7571898,2.9677372,0.0,2.9852207,2.7602437,2.898571,2.7962651,3.6821535,6.794574,4.7558856,2.91314,3.3710115,3.5104513,3.754414,3.2445858,3.3394089,6.2642627,4.4226713,4.616239,5.4809585,5.51428,5.1015944,5.885294,5.338863,5.016248,5.289212,4.7216887,4.0343513,6.3439445,6.1771255,4.0484624,4.876201,5.8201737,4.3773317,5.775658,5.610146,5.1369805,5.0869308,5.036237,5.3478427,5.8300405,6.473143,4.855471,6.2543507,5.2071123,5.2321205,5.2425995,5.3510566,4.212774,5.330602,5.2318625,5.6055264,4.182599,4.682659,5.799772,5.7537622,3.5019906,3.5786562,2.860713,3.1673899,4.567849,4.5639124,4.4587474,4.46967,6.7624826,6.7970214,6.749859,6.1053853,6.85275,7.494202,6.4158716,6.4101257,5.965094,5.358609,6.778556,5.7419686,6.4829664,6.439733,7.5772877,7.7458596,6.1319113,6.361024,6.7302337,6.2750974,5.491028,5.329844,6.8077555,6.5639634,5.2622967,5.4197817,5.055093,5.3412523,6.0683336,5.915284,5.9098034,6.898179,6.1930876,6.6776843,6.428979,5.4900713,5.5353255,5.844612,5.9634953,4.701119,5.570505,5.1965213,6.4296713,5.3561926,7.523809,6.812785,7.643562,6.2400684,5.9233646,6.530735,4.708955,5.0056443,4.8286824,6.07258,5.138354,5.42833,5.4116807,4.7131195,6.5525236,5.003529,6.28213,6.362118,4.8985505,4.4840417
3,4.03196,3.2640193,2.9852207,0.0,4.1220183,4.2509527,4.131648,5.724327,7.6576557,5.982185,4.9911833,5.3032284,4.0768156,4.151023,3.8111777,3.8687518,5.6502194,5.2552395,5.6397486,6.2841716,4.8191743,5.600435,6.14911,6.051849,4.136136,4.4813123,5.582876,3.6536238,7.9450684,6.8158207,5.1672173,4.8002253,6.3644323,5.1499276,5.8264256,6.1896505,6.3742266,6.3559766,5.829221,6.1419864,6.349397,6.8073525,5.2646646,6.6118603,5.8196397,5.8553314,5.9463162,5.8751674,5.2502213,6.092131,5.239874,6.745574,5.562979,5.433293,6.426714,5.8795967,4.627942,5.7461085,4.9631104,4.470024,5.6393423,6.2166452,5.610481,5.6239305,7.3502445,7.3118315,7.297861,6.5728903,7.33633,7.903785,6.387697,6.384061,6.3456054,5.775033,6.683089,5.854281,6.8250084,6.5562077,7.4787774,7.6748867,6.5832243,6.860709,8.134642,6.47685,5.734135,5.5624075,7.150826,6.9517574,6.024557,5.9977336,5.5508447,5.873972,6.6397405,6.333447,6.401296,7.322279,6.962044,7.471585,7.1726685,6.3569984,6.4520745,6.6760197,6.628794,5.5161576,6.3574734,5.92935,7.1203976,5.996491,7.496535,7.4410467,8.180654,6.9968395,7.069297,7.56703,5.6512203,5.698031,5.9145474,6.851358,5.8775,4.8244457,5.074133,4.9411907,6.814068,5.3627567,5.6661606,5.7137923,4.861223,4.4758015
4,1.6503896,2.089185,2.7602437,4.1220183,0.0,0.3660578,0.193562,3.4432218,5.851188,3.2339246,3.4297872,1.7324938,2.2071476,3.2609098,3.613652,3.7126582,5.2764544,3.4181545,4.1642513,4.2436585,6.649813,6.287092,6.052132,5.2713,5.0071154,5.7674427,5.20766,4.3807025,6.5528097,6.674475,4.1750565,5.1429687,4.5205874,4.503666,4.830099,4.5521417,5.5235353,5.4550543,5.4073257,5.757896,4.563925,5.712759,4.2963405,6.042776,5.6150265,5.6375556,5.6280966,5.702625,5.2512383,5.6904864,5.708447,5.9136453,3.5910306,4.5077233,5.945002,6.0907946,3.2944062,3.9741836,3.1569564,3.6663814,4.6642194,4.847736,5.0762725,5.041089,6.04455,6.075772,6.259914,5.678516,6.1166325,6.7243633,6.618392,6.615175,5.8312063,5.2560573,6.15545,5.458207,6.129269,6.207198,6.841024,7.059513,5.3721604,5.747984,5.9283237,5.5552874,4.9286304,5.289362,6.3557043,6.056567,4.4911695,4.4435906,4.9701486,5.205923,5.3596883,5.180038,5.449144,6.3478312,6.0311913,6.53306,6.2465997,5.735263,4.7091136,5.136369,5.2563667,3.7752879,5.2009974,5.050647,6.253779,5.4000087,6.7972484,5.6596727,6.5752754,5.614579,5.4553385,5.8439918,4.1212454,4.3942194,3.850612,5.397877,4.0999336,4.8311286,4.828513,4.062794,6.1396627,4.994807,6.170726,6.764012,4.523043,4.7550716
5,1.7856467,2.05527,2.898571,4.2509527,0.3660578,0.0,0.38722265,3.4693007,5.7779055,3.0553815,3.4310496,1.5977892,2.0865283,3.1683037,3.6154807,3.7149172,5.168626,3.377615,3.9777007,4.0076456,6.7425656,6.359866,6.036056,5.2744293,5.0353384,5.77133,5.1753697,4.4821496,6.4117756,6.6391935,4.1197596,5.3015275,4.4888496,4.5391717,4.750758,4.5028367,5.483754,5.4183207,5.415356,5.659327,4.5149965,5.6074266,4.2794814,5.948073,5.5360904,5.5579867,5.5522513,5.6380973,5.233205,5.6810365,5.593041,5.924345,3.574475,4.4036345,5.967286,6.0991254,3.3547723,4.101742,3.1153715,3.6971414,4.522582,4.814955,4.9401135,4.9034424,5.94566,5.9652452,6.1943946,5.6345706,6.0625553,6.686457,6.6680202,6.6646614,5.7601943,5.191871,6.1272726,5.3957243,6.060253,6.117739,6.798344,7.0157943,5.2573934,5.672126,5.717299,5.4366345,4.8809605,5.280548,6.3004847,5.993691,4.3500004,4.331124,4.89284,5.167281,5.2627826,5.0646787,5.334383,6.2536073,6.0916066,6.592422,6.3155417,5.816905,4.7733235,5.180519,5.2904525,3.8280263,5.1329994,4.9893947,6.173269,5.396465,6.7112775,5.604347,6.5060325,5.5470757,5.3847184,5.7469134,4.14881,4.409363,3.7762425,5.3964734,4.184609,4.908976,4.8509054,4.046965,6.1432376,4.9848228,6.113644,6.736479,4.573241,4.842889
6,1.6356344,2.131421,2.7962651,4.131648,0.193562,0.38722265,0.0,3.472527,5.893278,3.2431095,3.4455185,1.7419844,2.229234,3.3035166,3.6485443,3.748685,5.2202363,3.4222136,4.1292567,4.187677,6.7010326,6.3436155,6.10942,5.3149104,5.02283,5.739572,5.190386,4.406503,6.5280476,6.643861,4.165848,5.1633263,4.4631557,4.477995,4.80471,4.5188665,5.519065,5.4541945,5.393923,5.757621,4.5048895,5.632299,4.26472,5.978708,5.539962,5.5636663,5.5440335,5.6087847,5.2099996,5.6528482,5.6865196,5.8707027,3.6277366,4.4389234,5.9892383,6.1527057,3.3170452,3.9965675,3.2039113,3.701219,4.6207504,4.7865696,5.0880837,5.0634522,6.0329766,6.058556,6.2664285,5.661077,6.0957966,6.7141542,6.5961857,6.5926466,5.772341,5.2341127,6.115681,5.428827,6.135667,6.208434,6.8283114,7.0485377,5.3092217,5.73426,5.8774037,5.5045586,4.8255563,5.199945,6.2842526,5.962531,4.4197464,4.3353353,4.933332,5.157018,5.33909,5.13648,5.4092293,6.324046,6.0996222,6.6215034,6.317389,5.8105307,4.773193,5.1751084,5.281931,3.8083475,5.186272,5.0002527,6.240804,5.3892326,6.758894,5.6048994,6.5389633,5.5802035,5.5242496,5.9004593,4.173911,4.3909826,3.8964677,5.422547,4.084046,4.8528895,4.820038,4.058038,6.1556945,5.0024323,6.169471,6.767976,4.5235023,4.7680798
7,4.1858683,4.731211,3.6821535,5.724327,3.4432218,3.4693007,3.472527,0.0,5.896453,4.192826,2.9627879,3.175949,3.9878685,5.036268,4.333713,4.427908,7.1947303,4.62638,5.4379888,5.755829,7.853477,6.8575597,7.390974,6.192979,5.5911427,6.1653104,5.3665895,5.240015,5.2056003,6.619486,4.116323,5.74592,5.674592,4.7371798,6.45221,5.643697,5.5712905,5.5534925,5.805984,6.023974,5.4259014,6.825273,5.234823,6.631514,5.421947,5.43562,5.41932,5.6040735,5.4998364,5.251494,6.300189,5.969648,4.677867,5.5918097,6.2945833,6.6893435,3.8943546,3.1800504,3.055233,3.4608624,5.046202,4.0887046,4.507731,4.4876246,7.050158,7.254552,6.951531,6.859425,7.1001544,7.6186347,7.222957,7.2264256,6.6078196,6.5083046,7.406935,6.7416945,6.743546,7.0864477,7.8576946,8.066234,6.4145455,6.8477116,6.1635613,6.7565207,6.7354083,6.6254945,7.855152,7.4808297,6.0633955,6.0240517,6.2379947,6.348084,6.45183,6.329593,6.056871,7.1510153,7.6639495,7.7680492,7.4545407,6.735935,6.0376525,6.304795,6.6309137,5.977911,6.020791,5.8420286,6.2957606,6.3059196,7.988297,6.761743,7.389081,5.9828653,5.108188,5.4527225,4.566641,4.746087,4.24142,5.674061,4.460559,5.4219956,5.5531664,5.3346987,6.4983006,5.7954535,7.1053014,7.4148555,5.5175133,5.2659583
8,6.1120157,6.1419044,6.794574,7.6576557,5.851188,5.7779055,5.893278,5.896453,0.0,4.7252855,5.898631,5.702168,5.3355374,6.5106344,6.2391133,6.338658,7.4558606,5.657426,6.3709683,6.315322,8.582207,7.8516345,7.376355,5.1741586,7.2708845,8.163828,7.890707,7.6531196,8.027283,8.190847,6.9094787,7.5648403,6.449487,6.6466727,6.4493113,6.46748,7.4699607,7.527063,7.752473,7.582689,6.4570065,7.562387,6.6142054,7.4449444,7.5346565,7.5413876,7.6634703,7.6764693,7.7074265,7.8926563,8.263967,8.518278,6.851676,7.5094123,4.532741,4.7265034,6.536959,6.766691,5.6509147,6.7012825,6.476811,6.8414454,6.8112035,6.7632203,6.8095765,7.089781,7.4387646,7.075707,7.456732,7.9109864,8.675631,8.679448,6.3981833,7.044049,8.879664,8.228893,7.6064806,8.390961,8.252611,8.5383415,6.2688737,6.9653234,6.2120905,6.338304,7.7331376,8.038295,7.355347,8.228704,6.5458846,6.669499,7.5719066,7.850861,6.8475065,7.5378065,7.777712,7.295614,7.740321,7.9480143,7.4721,6.881549,5.855384,6.256178,6.885644,6.3541303,6.9131823,7.184834,6.2469277,7.5486946,7.2058735,7.5485907,8.04413,7.048929,5.9024596,5.89635,5.35449,4.6557813,5.8438234,6.1654425,4.705178,5.032706,6.349425,5.727001,5.136667,6.2680554,7.18219,8.088005,7.8162656,7.994562
9,3.5669029,3.7224672,4.7558856,5.982185,3.2339246,3.0553815,3.2431095,4.192826,4.7252855,0.0,3.562481,2.9187953,2.556005,4.3339148,4.1213126,4.238596,5.6186023,2.9138355,4.0948625,3.9916968,7.285599,6.654932,5.907963,5.4017844,5.8584867,7.195752,6.597411,6.2291713,6.6460247,6.86252,5.6043735,6.1366334,4.4913325,4.9124756,4.6038785,4.5068536,5.7277703,5.7753563,5.970989,5.8637676,4.6202173,6.024241,4.776864,5.9763255,6.1456637,6.153557,6.2271113,6.2177334,6.2502904,7.0208583,6.9009995,7.1452374,5.137444,5.958318,6.2131286,6.282491,4.697053,4.9832444,3.4162538,5.008631,4.745747,5.330606,5.519458,5.474458,7.0864277,7.144633,7.5464616,7.1320662,7.456641,8.0291,8.441105,8.43888,6.242239,6.7421107,7.5628386,6.8435144,7.530601,7.1901264,8.183581,8.337338,5.9283423,6.6111856,5.7969475,6.15016,6.0399323,6.4799,6.8983393,6.5738664,4.9883027,5.188047,6.036559,6.363535,6.2376747,5.954023,6.286595,6.8204927,7.0254617,7.553634,7.142363,6.4817643,5.4512277,5.9363117,6.407243,5.3798313,6.5747814,5.7131324,6.889424,7.243597,7.454174,7.2424297,7.7102227,6.9063835,6.4253044,6.488176,4.7139077,3.8936317,3.5921483,5.4366045,4.556214,5.2956433,6.1444907,5.3737,7.06798,6.341473,7.2677674,8.161894,6.112072,6.3776298
10,3.945788,4.3377194,2.91314,4.9911833,3.4297872,3.4310496,3.4455185,2.9627879,5.898631,3.562481,0.0,3.193506,3.119753,4.800161,2.5515947,2.7220235,6.616919,3.7338731,4.700723,5.2055273,7.0392513,6.2457256,6.942371,6.1053658,5.497798,6.292279,5.277485,5.1115584,5.659279,5.5765376,4.505699,4.852133,5.3915725,3.713348,5.86125,5.615574,4.646922,4.672543,4.9166994,5.0687137,5.456704,6.34054,5.060901,6.0743904,5.0451436,5.056005,5.098299,5.1450553,4.727241,5.693422,5.896065,5.741634,5.033785,5.4637094,5.635366,5.91385,3.4507334,3.5963807,1.9293077,4.03494,4.8904853,4.1515965,4.863235,4.8300276,7.6029983,7.67573,7.668571,7.2418566,7.8044815,8.401704,7.45256,7.4474893,6.276672,6.5572414,8.132531,7.057224,7.4658217,7.4417367,8.626067,8.815126,6.543614,7.20878,6.494301,6.707359,6.5789104,6.3671594,7.4241247,7.162456,5.7952847,5.7875524,5.8385916,6.1190476,6.790242,6.5681605,6.265748,7.3014317,7.639169,8.240862,7.790093,6.8931,6.3046966,6.6656055,7.0167994,6.0540648,6.5009913,5.5936723,6.5400386,6.8728557,7.8447294,7.498171,8.058455,6.655192,6.502013,6.957841,4.594509,4.317389,4.4312243,5.876449,5.1086874,5.7727933,6.335819,5.497662,6.935562,5.5488725,7.389084,7.680933,6.1162095,5.7164474
11,2.4362423,3.1274347,3.3710115,5.3032284,1.7324938,1.5977892,1.7419844,3.175949,5.702168,2.9187953,3.193506,0.0,2.9135456,3.2617357,4.0795965,4.1965017,5.9963694,3.7157936,4.2118416,4.3336205,7.2934637,6.518279,6.356005,5.566696,5.7147455,6.545498,5.5259414,5.2537427,6.0830226,6.940901,4.3383617,5.7841244,4.5435724,4.5946746,5.233575,4.8792987,4.981595,4.874125,5.1744876,5.3409076,4.645726,5.703113,4.514067,6.213458,5.665162,5.6805153,5.618093,5.742684,5.3619657,5.822465,6.0911503,6.0717196,4.217035,4.7727494,6.31006,6.3933306,3.8472471,4.0450764,3.0771375,3.923839,4.610666,4.5819855,5.089947,5.070284,6.4608455,6.491211,6.716545,6.246517,6.670756,7.255549,7.2903194,7.287492,6.172043,5.7371645,6.9448595,6.1494055,6.7375994,6.593491,7.5709696,7.82641,5.941501,6.4913383,5.7538204,6.1206975,5.738837,5.9151587,6.9167085,6.624095,4.85009,4.9879694,5.5582685,5.8787546,5.7666707,5.7213187,5.9733787,6.715249,6.2875276,6.9051237,6.492113,5.9173427,5.2739916,5.6868978,5.6105437,4.244522,5.6110287,5.3537087,6.644694,6.109333,7.208075,6.276109,6.7200737,5.956985,5.6749825,5.9478226,4.6712065,4.5919385,3.862187,5.2586994,4.6909537,5.7507415,5.47863,4.4490957,6.4029756,5.337296,6.9248395,7.3401995,5.3205504,5.5203376
12,3.0220237,2.4055145,3.5104513,4.0768156,2.2071476,2.0865283,2.229234,3.9878685,5.3355374,2.556005,3.119753,2.9135456,0.0,3.5909069,2.3974562,2.5442412,4.9334702,3.1381283,4.261822,4.1793556,6.6579223,6.4995914,6.1689696,5.6138067,4.526275,5.6556926,5.6307144,4.6671085,6.6103053,6.238625,4.670069,4.960862,4.536167,4.193116,4.3454266,4.611601,5.4326687,5.4477825,5.3786926,5.3122973,4.53735,5.6064186,4.3594956,5.7043505,5.4528446,5.4735184,5.5937724,5.57935,5.521382,6.119643,5.5724416,6.582452,4.613791,5.084696,5.6725755,5.551128,3.6456833,4.958904,3.1058993,4.2557354,4.697074,5.2446547,5.0362363,4.9594617,6.6537237,6.6807837,6.946567,6.484096,6.944551,7.580506,7.2118125,7.2101903,5.894229,5.950576,6.9857445,6.155128,6.668926,6.6641145,7.4612646,7.6697707,5.5119467,6.1859035,6.15404,5.4227257,5.475587,5.7217445,6.615695,6.345554,4.920445,4.840004,5.279439,5.623692,5.9169207,5.526825,5.5611005,6.5275426,7.0897613,7.65013,7.2273145,6.59433,5.543519,5.9849224,6.227533,5.1306667,6.0089135,5.340106,6.1990004,6.330839,6.6353617,6.5182805,7.2766385,6.2413473,6.0298395,6.3648906,4.143622,4.1039667,3.9553506,5.662031,4.464239,4.414064,5.2831116,4.6228337,6.471686,5.3954725,6.224359,6.9653435,5.2954707,5.3967123
13,3.2686613,2.6229174,3.754414,4.151023,3.2609098,3.1683037,3.3035166,5.036268,6.5106344,4.3339148,4.800161,3.2617357,3.5909069,0.0,4.556145,4.6560893,6.071417,4.95557,4.819636,5.285548,5.877738,5.7194943,5.3182836,5.4724936,5.190892,6.020326,5.8213983,5.0534863,7.4474125,7.970432,5.1470265,6.23911,5.4239044,5.140871,4.778342,5.045108,5.784189,5.6530967,5.7152233,5.541053,5.3454905,6.3351135,4.4877276,6.5799913,6.0696864,6.09119,6.0964,6.1775913,6.027613,6.552635,5.9652333,7.350961,5.0793996,5.318388,6.629997,6.2472124,4.9263396,5.699776,4.500301,4.227119,5.024392,6.1830683,5.260037,5.2568383,7.1494117,7.178723,7.2785215,6.816105,7.4083896,7.98684,7.8382096,7.838219,6.645934,5.783093,7.111192,6.2695365,7.1618648,6.5456033,7.936814,8.1113205,6.8029494,7.319501,7.251596,6.8011866,6.4083753,6.6346416,7.642385,7.4374013,5.6998334,6.075392,6.003377,6.5708346,6.2356205,6.194871,6.6638045,7.204571,5.814792,6.663322,6.0606675,5.3453193,6.2532015,6.6460257,5.8983045,4.5345964,6.338315,6.1345205,7.5234237,6.67229,7.958223,7.565868,7.9679623,7.046085,6.4256477,6.7428894,5.654118,5.337389,4.6355944,6.2676964,5.8634133,5.752401,5.01037,4.2001224,6.48766,5.3795104,6.2862644,6.327416,5.056298,5.189742
14,4.280894,3.7837746,3.2445858,3.8111777,3.613652,3.6154807,3.6485443,4.333713,6.2391133,4.1213126,2.5515947,4.0795965,2.3974562,4.556145,0.0,0.8666151,5.9169497,3.7863555,5.2756295,5.568216,6.618657,6.5473285,6.988493,6.583304,4.6272335,5.653618,5.730457,4.334605,6.8809824,5.847353,4.809849,4.4805694,5.5227175,4.0330014,5.772655,6.245527,4.9165163,4.9721427,4.8792667,4.8357673,5.883037,6.4810376,5.3778863,6.5370255,5.667846,5.68762,5.8115897,5.807379,5.2075706,5.9866815,5.2948923,6.450319,5.505465,5.6460886,5.79233,5.290842,3.681059,5.2708583,3.0114503,4.60889,5.402876,5.2660627,5.4319286,5.3577027,7.652068,7.6106377,7.854201,7.305768,8.029167,8.572393,7.0607505,7.0572276,6.6229863,6.7076054,8.091276,6.9186277,7.489622,7.216338,8.431225,8.7175865,6.824729,7.4063325,7.387741,6.402552,6.642237,6.28917,7.5926976,7.4068375,6.2446995,6.1240654,5.9934044,6.3443613,7.2630205,6.8839145,6.5365214,7.658402,8.040744,8.567112,8.191097,7.3414693,6.5834866,6.9727855,7.2766576,6.316836,6.768664,6.024922,6.8912654,7.0029163,7.2547193,7.602109,7.9723725,6.896406,6.8817787,7.238674,5.0516906,5.0848126,5.178483,6.1888037,5.7149487,5.089476,6.273373,5.4453835,7.049717,5.6041584,7.039121,7.325026,6.1662846,5.7799897
15,4.3659,3.8705966,3.3394089,3.8687518,3.7126582,3.7149172,3.748685,4.427908,6.338658,4.238596,2.7220235,4.1965017,2.5442412,4.6560893,0.8666151,0.0,5.9741435,3.9034564,5.352842,5.6439767,6.646778,6.58856,7.0317473,6.6444182,4.7008157,5.706452,5.7818294,4.422539,6.9377093,5.891482,4.8777103,4.5356455,5.729759,4.290234,5.9511204,6.410585,5.1596355,5.211582,5.1121116,5.0819817,6.0561357,6.630618,5.567081,6.680751,5.839786,5.8593874,5.9813128,5.9760094,5.384893,6.160622,5.4986043,6.6156077,5.6863685,5.818057,5.9845457,5.5072474,3.9655461,5.460715,3.3697135,4.821158,5.584644,5.4518704,5.6122365,5.545881,7.558773,7.5162444,7.890211,7.342539,7.908475,8.485273,7.1772227,7.173706,6.677647,6.7691474,8.1102495,6.9476895,7.388531,7.140632,8.339825,8.501397,6.87451,7.440201,7.4563956,6.4493227,6.661102,6.3022127,7.278147,7.077665,6.292762,6.1745358,6.1415215,6.4780326,7.305803,6.9375005,6.3118157,7.444188,8.088788,8.610352,8.239076,7.3860435,6.629304,7.0201607,6.897635,6.2480116,6.8172674,6.079002,6.9454756,7.0339046,7.3014565,7.636917,8.025256,6.9601474,6.9589486,7.322783,5.145069,5.1845307,5.2770176,6.27797,5.7841325,5.1851215,6.333626,5.5301094,7.1334543,5.693425,7.074354,7.3537893,6.2015142,5.823049
16,5.6978583,5.0394993,6.2642627,5.6502194,5.2764544,5.168626,5.2202363,7.1947303,7.4558606,5.6186023,6.616919,5.9963694,4.9334702,6.071417,5.9169497,5.9741435,0.0,4.161451,3.9123383,3.4006028,7.2388034,7.695405,6.7588677,6.2142076,5.073146,5.7735825,6.6730013,5.0071816,7.742076,5.8981566,5.197943,6.00902,5.654736,6.5671253,6.2860394,6.1921616,6.776186,6.7826767,6.230913,6.4753013,5.8973007,4.9258924,5.755682,5.3698397,5.9664645,5.9721804,6.116277,6.031758,5.813735,6.2937264,4.816517,5.6432533,6.6797137,5.3935566,7.9072065,7.332724,5.3419857,6.9955964,6.345737,6.649832,5.975022,6.4054947,6.242486,6.1932635,6.460216,6.183837,6.6090655,6.0650363,6.310017,6.3767433,6.431318,6.4298058,5.1848125,4.9037056,5.678735,5.210625,6.268833,5.3070025,5.8284645,6.295311,4.8271623,5.3075686,6.6433964,4.793379,4.8043056,5.488583,6.005267,5.8306766,4.003627,3.7528667,4.159591,4.591756,4.7309766,4.225316,4.8341465,5.790963,7.6343474,7.9567366,7.886974,7.8394494,5.667492,5.4430456,6.548452,5.556483,5.416753,4.312506,6.100255,6.124592,5.0588317,6.039563,5.640325,5.939221,7.0962167,6.964253,5.7931395,5.4729905,5.2416067,5.442304,5.690736,5.275954,4.892415,4.78527,6.5435996,5.490546,4.770778,6.5319133,4.8942,5.522701
17,3.9511578,4.046007,4.4226713,5.2552395,3.4181545,3.377615,3.4222136,4.62638,5.657426,2.9138355,3.7338731,3.7157936,3.1381283,4.95557,3.7863555,3.9034564,4.161451,0.0,3.720394,3.7594655,6.8423233,6.673203,5.986761,5.432218,5.1181884,6.675384,6.408477,4.5252185,7.0938435,5.9576764,4.792541,5.0379,4.5532165,4.905177,5.777372,5.2383127,5.062705,5.121181,4.9039044,5.347541,5.27787,5.990143,5.059738,6.020736,6.045549,6.048556,6.127797,6.1269517,5.6629195,6.3981047,5.7009234,5.383257,5.3904486,5.8952,6.521846,6.2072372,3.5994961,4.5414076,3.6089513,5.237032,5.3487034,5.041172,5.672221,5.6196938,7.1948996,7.04811,7.394757,6.874833,7.217232,7.410915,7.253681,7.24897,5.935187,5.9316187,7.1497574,6.373275,7.216658,6.54384,7.428541,7.769189,5.8055215,6.2658443,6.4373164,6.0448914,5.8727517,6.2976413,6.7557073,6.5379906,4.8755894,4.8012676,5.1887975,5.479897,5.8890414,5.581643,5.813131,6.792637,6.7856193,7.2947364,7.083525,6.6126895,4.8225293,5.1183605,6.151204,4.898218,6.080361,5.0638814,6.6080503,6.7901726,6.725043,6.9284453,6.7573724,6.472062,6.566128,6.4700413,4.327242,3.7295117,3.4335,4.1676583,4.411538,4.535716,5.4985404,4.8573027,6.553438,5.289475,6.5113673,7.7006564,5.0486126,5.1743274
18,4.3880205,4.1625237,4.616239,5.6397486,4.1642513,3.9777007,4.1292567,5.4379888,6.3709683,4.0948625,4.700723,4.2118416,4.261822,4.819636,5.2756295,5.352842,3.9123383,3.720394,0.0,1.7337263,6.4493976,5.881093,5.0846725,4.3921742,5.838793,5.911612,5.041282,5.3223615,5.809384,5.229583,3.933542,6.319652,5.362944,5.478551,5.2450128,4.7437477,5.695188,5.6866436,5.7125745,5.6248603,5.311364,4.849706,4.795081,4.3758893,4.6823144,4.6737638,4.7801967,4.952111,4.3212576,5.50697,4.624957,4.762054,4.7823296,4.1584287,6.6164284,6.794716,4.3483686,4.917626,4.093322,5.048342,3.8966312,4.7282944,3.9930403,3.9544272,5.741458,5.7381444,5.9830503,5.50448,5.9519615,6.3668017,6.9497423,6.9467926,4.253713,3.8377287,5.8615203,4.8250604,5.848782,5.1422987,6.52022,6.633574,4.2146993,4.7007813,4.6040382,4.6306696,4.3018446,5.253945,5.405719,5.189316,2.3745997,3.0085204,2.9024618,3.5695577,3.6775715,3.3306668,4.0640473,5.0148406,6.008157,6.4059424,6.2657223,5.9513974,4.7845764,4.670276,5.6438737,4.534771,4.367289,2.9788246,5.088099,5.132296,6.2035933,5.8869133,6.4629226,5.384683,5.600325,5.799886,4.729068,4.574104,3.730581,5.528399,4.9960227,6.0058045,5.079313,4.175266,6.1494164,4.950031,5.0606465,6.4190207,4.6707397,5.065854
19,4.8201175,4.5686893,5.4809585,6.2841716,4.2436585,4.0076456,4.187677,5.755829,6.315322,3.9916968,5.2055273,4.3336205,4.1793556,5.285548,5.568216,5.6439767,3.4006028,3.7594655,1.7337263,0.0,7.6472354,7.2376633,6.260732,5.388375,6.0386014,6.2276278,5.433003,5.6963296,6.1246696,5.606897,4.2985964,6.5461664,5.301527,5.9058933,5.4024405,4.9644246,6.4174595,6.3997297,6.3951597,6.317854,5.1904078,4.7544875,5.2190533,4.771683,5.1782327,5.1729603,5.2644143,5.357562,5.198042,5.8149753,4.950687,5.125511,4.9259195,4.346232,6.9243855,7.281343,4.5738683,5.665612,4.732302,5.715325,4.531727,5.1526794,4.8506904,4.7887325,5.6411343,5.6167316,5.9770646,5.533318,5.796028,6.1977158,7.031657,7.0280886,4.693354,4.3366365,5.889866,5.009818,5.8333454,5.358485,6.3076553,6.4650993,4.1434627,4.7592773,4.553671,4.5086045,4.4709077,5.5903606,5.5476108,5.3292947,2.555192,2.7194657,3.495033,4.076415,3.8312106,3.4749954,4.0869308,5.148274,6.953616,7.284569,7.2039566,7.0765104,5.1604643,5.061293,6.0264516,4.9878445,4.4410176,3.546645,5.266965,5.5180273,5.956349,5.2856603,5.9244866,5.0070505,5.808998,5.923906,5.016257,4.8273945,4.0080624,5.7618384,5.119064,6.1377687,5.1830115,4.3353724,6.1998158,5.133857,5.354509,6.865236,5.0789084,5.6814623
20,6.0519485,5.48128,5.51428,4.8191743,6.649813,6.7425656,6.7010326,7.853477,8.582207,7.285599,7.0392513,7.2934637,6.6579223,5.877738,6.618657,6.646778,7.2388034,6.8423233,6.4493976,7.6472354,0.0,2.4103618,4.2686405,5.0355186,5.6769767,6.262391,6.964915,6.1399455,9.004092,7.3509483,7.338706,6.1257114,7.087749,6.2520704,6.051387,6.926613,7.3748255,7.363425,6.9178424,7.403256,7.149006,7.4622073,5.7291384,6.7320395,7.0926285,7.0937505,7.2683816,7.303621,6.055846,7.6461353,7.659228,8.391981,7.3892035,6.989174,7.2731767,6.4393983,6.6507573,6.83656,6.5416403,5.7270894,7.290127,8.336914,7.1369686,7.051694,8.322623,8.389887,8.098316,7.713097,8.4666815,8.723403,8.127424,8.132586,6.6290364,6.9329433,7.3037515,6.6928716,8.087953,6.8207912,8.523233,8.555088,8.027586,7.9158406,9.424697,7.928341,7.314443,6.7612195,8.198446,8.149501,7.047296,7.6030836,6.4080553,6.7362323,7.3180013,7.1289744,7.8056183,7.4059033,5.534592,5.9747834,5.557529,4.77311,6.3882775,6.5810757,6.9286423,6.090662,7.817867,6.6100492,8.33968,7.513521,9.041857,9.679513,10.033547,9.14744,8.142268,8.493985,6.74616,6.674335,6.504022,7.499319,7.034286,6.4553995,6.63845,6.370629,8.036399,7.2214108,6.6629386,6.488429,5.913123,5.6600432
21,5.6527705,5.4827566,5.1015944,5.600435,6.287092,6.359866,6.3436155,6.8575597,7.8516345,6.654932,6.2457256,6.518279,6.4995914,5.7194943,6.5473285,6.58856,7.695405,6.673203,5.881093,7.2376633,2.4103618,0.0,3.8085086,4.208002,6.225803,6.524338,6.5228534,6.5354214,7.9148126,6.92377,6.6699414,6.2872257,6.8588367,5.8976717,5.94728,6.5460267,6.738969,6.7090645,6.579418,6.975335,6.784091,7.076884,5.474684,6.2865834,6.584547,6.5766387,6.731063,6.8638916,5.3821235,6.982341,7.697527,7.907734,6.863264,6.5705786,6.9546356,6.4457293,6.3860006,5.873579,5.7051725,5.1741447,6.374551,7.285516,6.2298837,6.141951,7.8783603,8.116803,7.798833,7.469122,8.251192,8.597078,8.266188,8.27494,6.285488,6.6915584,7.4545903,6.7071757,7.9262815,6.7305098,8.701585,8.696102,7.7064843,7.630114,8.521771,7.5407434,7.086272,6.549279,7.9160457,7.824713,6.5091376,7.250015,6.144475,6.435478,6.878399,6.7979813,7.4786344,7.030639,5.1473007,5.3468027,4.7909884,3.715904,5.7728176,5.9809184,6.454666,5.855009,7.2438173,5.8575253,7.7073298,7.0233355,8.892086,9.25687,9.656763,8.572614,7.24879,7.6910853,6.3602576,6.2656045,5.953185,7.1517606,6.476428,6.754486,6.6396294,6.0768385,7.683138,7.22266,6.949512,6.866958,6.100597,5.867045
22,5.307363,4.8363476,5.885294,6.14911,6.052132,6.036056,6.10942,7.390974,7.376355,5.907963,6.942371,6.356005,6.1689696,5.3182836,6.988493,7.0317473,6.7588677,5.986761,5.0846725,6.260732,4.2686405,3.8085086,0.0,3.5399451,7.3211336,7.865483,7.9196324,7.0273266,9.143166,8.371628,6.9371877,7.9208465,7.0751643,7.2531414,5.8345847,5.8221564,7.1874514,7.195885,7.09837,7.045037,7.259848,7.644745,6.0874906,6.8872647,7.7960105,7.791475,7.953338,8.113588,7.045949,8.347448,7.7538514,8.35965,6.7826047,7.3829885,7.906193,7.3018503,6.9537635,6.6852894,6.0743837,6.530049,5.7651496,7.5416827,6.0936112,6.0538883,7.9509087,8.121168,8.412402,7.9029,8.514652,8.836733,9.515815,9.522988,6.857149,6.4099092,7.7722983,7.118505,8.4136915,7.219769,8.824978,8.774579,7.115515,7.011386,7.850712,6.9397655,6.436097,7.2741866,7.315368,7.1843877,5.7730722,6.688335,6.02321,6.348775,6.4031005,6.186705,7.315416,7.327141,4.2611656,4.4589663,3.9753525,3.1753893,5.0829144,5.383209,5.932096,5.1960444,7.2127504,5.894314,7.7884417,7.096601,8.432684,8.945002,9.411675,8.687072,7.1717105,7.351388,6.4095874,6.2921653,5.6249533,7.0902143,6.3333964,6.6109433,6.6928067,6.0438647,7.935665,7.6999617,6.8234587,7.972163,6.1546965,6.4289665
23,4.8368816,4.740996,5.338863,6.051849,5.2713,5.2744293,5.3149104,6.192979,5.1741586,5.4017844,6.1053658,5.566696,5.6138067,5.4724936,6.583304,6.6444182,6.2142076,5.432218,4.3921742,5.388375,5.0355186,4.208002,3.5399451,0.0,6.435511,6.758779,6.5417175,6.2936044,7.5626893,6.9850936,5.864609,6.9020095,5.877419,6.078448,5.202643,4.8436265,6.6273623,6.631773,6.561309,6.8014317,5.793194,6.272359,4.875611,5.435847,6.268232,6.262215,6.415654,6.599826,5.8252153,6.877689,7.104876,7.0091414,5.921247,6.0702934,5.505867,5.3828,5.760932,5.262981,5.272643,5.3309193,5.538894,6.609767,5.437643,5.3742237,5.924338,6.1930075,6.120177,5.8093376,6.240203,6.5174384,7.7122054,7.719782,4.431577,4.539282,6.5364637,6.100697,6.330667,6.3997912,6.812612,6.89668,4.9367566,5.057115,5.848201,5.377348,5.6239963,6.200419,5.8482985,6.4372897,4.487296,5.155493,4.8271422,5.033557,4.3382683,4.8821936,5.9531813,5.216953,3.691273,4.0411267,3.312501,2.9097068,3.5042517,3.6342697,4.7077036,3.8068762,5.5548315,4.810697,5.239063,5.4716783,6.7948503,7.138684,7.8876495,6.9283476,5.214256,5.453599,4.317979,4.444318,4.5747423,5.603295,4.0105014,5.00014,5.005117,4.5578494,5.3097544,5.701538,5.0282817,6.2488847,5.236848,5.551165
24,5.604576,4.8817263,5.016248,4.136136,5.0071154,5.0353384,5.02283,5.5911427,7.2708845,5.8584867,5.497798,5.7147455,4.526275,5.190892,4.6272335,4.7008157,5.073146,5.1181884,5.838793,6.0386014,5.6769767,6.225803,7.3211336,6.435511,0.0,3.4751418,5.2114925,3.6285117,6.4750223,5.4460874,5.2308626,3.4656887,5.1036243,4.391339,5.706737,6.1777706,6.185805,6.1478796,5.582631,6.1311216,4.7786307,5.3510036,4.2622733,5.405943,4.7820044,4.794597,4.9861393,4.8896785,5.082898,5.149141,5.401814,6.5143566,6.5497985,5.280347,6.43499,5.6755095,4.335192,5.841063,5.5254035,3.9891148,6.8669024,6.8202205,6.0965405,5.957651,7.1096196,7.019619,6.2428575,6.432343,6.663997,6.796824,5.564226,5.570852,5.598043,6.1567435,5.8539724,5.556214,5.9231954,5.4383783,6.2279716,6.698035,6.5124774,6.9109855,8.051756,6.714404,6.959715,5.9658875,8.091426,7.9097724,6.384551,6.2339907,5.650888,6.0247025,6.1240277,5.86928,5.813747,6.1463165,7.797,8.183782,7.834134,7.4591074,6.5994635,6.653447,7.0739627,6.2037215,6.537599,5.8750234,6.622802,6.8661337,7.1157494,7.612856,7.3935223,6.8331494,6.673661,6.8014855,5.003042,4.9222236,4.741807,5.284195,5.4510837,4.037529,4.1711793,4.9056764,6.1703506,4.93167,4.964672,4.6395903,4.173731,3.9322486
25,6.358641,5.6178184,5.289212,4.4813123,5.7674427,5.77133,5.739572,6.1653104,8.163828,7.195752,6.292279,6.545498,5.6556926,6.020326,5.653618,5.706452,5.7735825,6.675384,5.911612,6.2276278,6.262391,6.524338,7.865483,6.758779,3.4751418,0.0,3.573767,4.1066594,6.2602925,5.094687,4.4551663,5.061003,6.300535,5.134177,6.1568227,6.8582306,7.2757735,7.2475963,6.7778683,7.1350017,5.80849,5.500204,5.2100034,5.369627,4.0874186,4.106795,4.2481003,4.3432474,4.215986,3.5065763,4.483294,6.072296,6.024839,3.818789,6.5488777,6.5815506,4.8234854,6.510414,5.9851804,4.4196267,6.410993,6.5013022,5.5407624,5.443403,6.018386,6.1670284,5.405756,5.353554,5.9640236,6.2754784,4.3652163,4.3810544,4.96253,5.1275434,5.054164,4.288541,4.941074,4.5869775,5.7257066,5.9956617,6.126968,6.468794,7.6471086,5.732886,6.138229,5.1770353,7.500791,7.3551826,5.9738803,5.675068,4.798662,5.073437,5.8165903,5.4466286,5.1937556,5.8114057,8.34519,8.314135,8.094106,7.7749157,7.098964,6.854456,7.2387815,6.793029,5.285878,5.085358,5.758236,5.3197427,6.958434,6.3734307,7.1638894,5.5089397,6.063341,6.4720464,6.072287,6.5182247,6.224465,7.337927,6.1411195,5.504669,4.2432714,4.55663,5.8732815,4.994162,4.330127,3.5541098,4.5403843,4.2818365
26,5.989606,5.7667046,4.7216887,5.582876,5.20766,5.1753697,5.190386,5.3665895,7.890707,6.597411,5.277485,5.5259414,5.6307144,5.8213983,5.730457,5.7818294,6.6730013,6.408477,5.041282,5.433003,6.964915,6.5228534,7.9196324,6.5417175,5.2114925,3.573767,0.0,4.724142,5.301897,4.941316,4.045372,5.519788,6.278411,4.70929,6.035555,6.347075,7.287576,7.2061677,7.1271787,7.5164957,5.7179656,5.882484,5.2255616,5.515648,3.9648814,3.9619155,3.961293,4.287598,3.8653002,3.565032,4.9289365,5.1327796,4.3274937,2.977551,5.7224503,6.999983,3.8151264,5.2332225,4.829218,3.8472743,6.2885613,6.051922,5.3174014,5.182975,5.775442,6.0304365,5.024304,5.053769,5.642058,6.0555863,5.0653324,5.0665474,4.988718,4.7246623,5.5751305,4.351896,4.8397784,4.9411755,6.2925735,6.2790713,6.249136,6.4769197,6.7967377,6.4104204,6.437332,5.939114,7.4921775,7.4331656,5.5877695,5.4086537,4.4296074,4.825532,5.475749,5.390955,5.0301313,5.670263,7.652496,7.787371,7.684938,7.451112,6.8280087,6.6771855,6.935373,6.218059,4.7217426,5.0211353,5.7396994,5.2204313,8.134345,6.044913,7.5438924,5.012125,5.554883,6.2732234,5.626892,6.3197117,5.511676,7.646452,6.1910377,6.886773,5.0843062,4.452984,5.816907,4.248344,5.4557815,4.6801558,4.7335033,4.4332223
27,5.211853,4.692637,4.0343513,3.6536238,4.3807025,4.4821496,4.406503,5.240015,7.6531196,6.2291713,5.1115584,5.2537427,4.6671085,5.0534863,4.334605,4.422539,5.0071816,4.5252185,5.3223615,5.6963296,6.1399455,6.5354214,7.0273266,6.2936044,3.6285117,4.1066594,4.724142,0.0,7.399337,5.8262205,3.6803248,4.116761,5.693522,4.7919097,6.619414,6.3666143,5.7576547,5.6867266,5.062935,5.8846226,6.0569334,6.343288,5.1774735,6.429611,5.4589705,5.466368,5.5435057,5.7090464,5.0205965,4.642269,4.0046453,4.5552015,5.465129,5.107997,6.6439857,6.341121,2.8419058,5.099062,4.8111753,4.4924088,6.6012044,6.0384455,5.705973,5.5956116,7.122004,7.0369873,6.589301,6.3445153,6.8326883,6.7691784,5.0848436,5.0904007,6.048597,4.886983,6.353522,5.5058866,6.117383,5.551191,6.4464207,6.878176,6.622218,6.8027043,8.017993,6.512027,6.649262,6.473899,7.8689194,7.7898364,6.1629424,5.8398337,4.778266,5.066855,5.9697423,5.7342963,5.589392,6.8846464,6.970184,7.2983704,7.078387,6.860733,5.932407,5.923848,6.384019,5.3303995,5.601013,5.317589,6.3982964,5.8491096,7.0645995,6.7263675,6.777773,5.9535747,6.133801,6.3550377,4.853242,5.524734,4.844698,5.57154,5.448807,4.6222506,4.033908,3.924206,5.5884576,3.818769,4.9950647,5.324768,3.3199756,2.7487564
28,7.1236167,7.175176,6.3439445,7.9450684,6.5528097,6.4117756,6.5280476,5.2056003,8.027283,6.6460247,5.659279,6.0830226,6.6103053,7.4474125,6.8809824,6.9377093,7.742076,7.0938435,5.809384,6.1246696,9.004092,7.9148126,9.143166,7.5626893,6.4750223,6.2602925,5.301897,7.399337,0.0,5.136508,5.425484,7.2684655,7.0800276,6.2294016,7.7108107,7.3854394,6.6180515,6.594632,7.011149,6.770786,6.2188168,5.8496327,6.223404,5.4384046,4.1570725,4.145625,4.199432,4.479453,4.633909,5.0908704,6.373582,6.308244,6.9672546,5.1407037,7.672465,7.864697,6.1504517,5.638859,5.70694,4.8811817,6.2559443,5.679566,4.9807577,4.896979,6.8151846,6.849463,5.9823613,6.643424,6.583223,7.102647,7.085905,7.0858464,5.7474885,6.764009,6.9813504,6.487627,5.920838,6.516147,7.359499,7.6297197,6.134257,6.6347227,5.365535,6.975445,7.310744,6.3320227,8.17562,7.8230577,6.1032677,6.2854548,6.0612416,6.3304205,6.0678434,5.9604692,5.4837613,5.9327407,9.371025,9.470213,9.348971,8.917399,7.901392,7.7072234,8.407465,7.894226,6.378401,5.870553,5.6969705,6.8036103,7.8875713,7.4414177,7.637476,6.5079746,6.144633,6.403083,6.252803,6.564399,5.9444485,6.8326917,6.8801827,7.8757596,7.075612,7.1490507,7.7990317,6.7972684,7.0452213,6.8628373,6.9713616,6.879544
29,7.2487907,7.038047,6.1771255,6.8158207,6.674475,6.6391935,6.643861,6.619486,8.190847,6.86252,5.5765376,6.940901,6.238625,7.970432,5.847353,5.891482,5.8981566,5.9576764,5.229583,5.606897,7.3509483,6.92377,8.371628,6.9850936,5.4460874,5.094687,4.941316,5.8262205,5.136508,0.0,5.217348,4.9739447,6.2862096,5.134813,7.085471,7.3719754,6.322482,6.37834,6.110988,6.6321225,6.1607757,4.8789907,5.953401,4.3708777,4.0704637,4.0388036,4.2939115,4.3891554,3.4270637,4.57105,5.4822016,4.8653984,7.2021155,4.997639,6.9718046,7.063305,4.9569664,5.993328,5.5989532,5.8580346,6.9227114,6.100152,6.1855817,6.0188613,7.0671344,7.068978,6.565817,6.6126847,7.0103326,7.1382723,5.8102493,5.813649,4.578391,6.1164393,6.894088,6.010773,6.3759494,5.9476714,7.146816,7.4268837,6.0706162,6.5264254,6.9555144,6.0022297,6.618913,5.549615,7.238153,7.1068034,5.682584,5.4387784,4.4932175,4.62561,6.050924,5.5680056,5.0810337,5.6112375,8.982971,9.180428,8.966594,8.681442,6.9477963,6.6537423,8.05283,7.584916,6.224003,4.3707595,5.320897,6.636119,6.71645,7.3435793,7.507287,6.484297,7.1943536,7.4885354,5.737754,6.098173,6.005444,6.6716976,6.3918552,6.88086,6.747012,6.3817115,7.30003,6.099707,6.3226223,6.675978,6.3296113,6.077071
30,5.021667,4.837638,4.0484624,5.1672173,4.1750565,4.1197596,4.165848,4.116323,6.9094787,5.6043735,4.505699,4.3383617,4.670069,5.1470265,4.809849,4.8777103,5.197943,4.792541,3.933542,4.2985964,7.338706,6.6699414,6.9371877,5.864609,5.2308626,4.4551663,4.045372,3.6803248,5.425484,5.217348,0.0,5.555245,6.2121544,5.469209,6.880508,6.4106774,5.5554743,5.465789,5.4474263,5.5809054,6.1742096,5.6352496,5.6709423,5.843465,4.6322737,4.63347,4.68096,4.9954243,3.875121,2.9491148,3.1817102,3.5347736,4.620264,3.8035018,6.8144665,6.8990736,3.5208561,4.7552176,4.1305356,4.5207505,4.350388,3.5209842,3.4590147,3.3920212,5.6676183,5.839647,5.732302,5.3259606,5.9690256,6.2468944,5.2146897,5.224915,5.3901057,3.9145136,6.1158633,4.860116,5.288858,4.7804513,6.277547,6.6025,5.4402723,5.659071,5.893562,4.894773,5.428002,5.5934453,6.7429795,6.5613985,4.4942894,4.4681168,3.8959162,4.2831883,4.7969513,4.6796203,4.4013977,6.0892825,7.352583,7.1426744,7.100769,6.7120576,5.4388065,5.236718,5.939119,5.441902,3.448483,3.383177,4.8573947,4.13932,6.0114207,4.933438,5.179225,3.6249409,4.3478613,4.7544675,5.181987,5.673318,4.8345165,5.762389,5.249898,5.772866,4.226474,3.4153116,5.1437116,4.249559,5.03146,5.781743,4.4690437,4.388049
31,5.6696815,5.687916,4.876201,4.8002253,5.1429687,5.3015275,5.1633263,5.74592,7.5648403,6.1366334,4.852133,5.7841244,4.960862,6.23911,4.4805694,4.5356455,6.00902,5.0379,6.319652,6.5461664,6.1257114,6.2872257,7.9208465,6.9020095,3.4656887,5.061003,5.519788,4.116761,7.2684655,4.9739447,5.555245,0.0,5.582123,4.2220273,6.5201416,6.8579035,6.382373,6.29963,5.7275434,6.886339,5.4907966,5.884513,5.246917,6.1634564,5.646354,5.647926,5.788518,5.598212,5.0659523,5.4326577,6.532974,6.0145626,6.677425,5.9645443,6.3530917,6.247403,3.9676836,5.3435016,5.4027042,5.0179877,7.464027,6.541108,7.180704,7.033112,8.013493,8.0674095,7.3950787,7.1774077,7.62881,7.7838974,5.983359,5.986175,6.3944645,6.942444,7.31535,6.723585,7.223527,6.743195,7.679706,8.016119,7.4975853,7.803077,8.958378,7.4668517,7.427409,6.4448633,8.286125,8.177578,6.8652124,6.6209974,6.1803207,6.417465,7.0180106,6.9253364,6.736509,7.11314,8.095318,8.555168,8.1652155,7.701402,6.4259324,6.63617,7.267947,6.453665,6.9632173,5.921678,7.299373,7.381853,7.7990794,7.916622,7.828617,7.064046,7.611259,8.061322,5.2881055,4.9644113,5.375665,5.800028,5.580578,5.266726,5.4681635,5.3649244,6.589739,5.3438444,6.7585735,6.6242037,5.393188,4.9622407
