,0,1,2,3,4,5,6,7,8,9,10,11,12,13,14,15,16,17,18,19,20,21,22,23,24,25,26,27,28,29,30,31,32,33,34,35,36,37,38,39,40,41,42,43,44,45,46,47,48,49,50,51,52,53,54,55,56,57,58,59,60,61,62,63,64,65,66,67,68,69,70,71,72,73,74,75,76,77,78,79,80,81,82,83,84,85,86,87,88,89,90,91,92,93,94,95,96,97,98,99,100,101,102,103,104,105,106,107,108,109,110,111,112,113,114,115,116,117,118,119,120,121,122,123,124,125,126,127
0,0.0,0.276544,3.1938517,3.7616956,4.8493857,4.9571514,4.0743375,3.56957,3.672597,5.550622,5.549221,5.5337996,6.0704613,5.9361906,3.6090875,5.418885,6.811611,7.1194506,4.743072,5.7621393,6.0360827,7.2228413,7.8701744,7.4699283,4.8377056,5.100686,4.81118,5.768931,3.6744301,4.924986,4.8069835,4.947256,7.608249,7.5966682,6.2271695,5.845358,5.7736325,5.7736325,6.7822824,9.4577875,6.4168286,6.827792,6.340227,6.518204,5.2405796,6.112444,6.6583586,6.6513534,5.413723,6.6559396,5.579547,6.963928,8.417466,7.559208,8.468292,9.068456,5.4975915,4.6659017,4.9172544,4.931524,6.0884924,7.745112,6.8740673,5.8869567,5.33398,5.256086,6.630906,7.856028,5.900909,5.342925,5.4275556,5.073681,6.4942374,6.5160365,6.4087706,7.192597,5.901712,5.7956514,6.876862,6.655237,5.7337847,6.5479827,5.3596673,6.6748424,6.278203,6.001171,6.5214486,6.1650686,5.9659615,5.905417,5.346277,5.4961276,6.588671,5.961093,6.1855855,6.591355,7.585471,8.013966,7.2138915,7.125108,9.069189,8.492682,5.1017056,8.748371,7.884563,7.5565014,7.8064237,7.295038,6.7879415,5.9593754,8.461041,8.56581,5.589917,6.2272143,4.972425,5.8017845,4.9363174,5.345315,5.887873,5.56076,3.7538831,7.0367737,6.8049545,7.17007,6.2722087,4.4821553,5.0128694,4.746613
1,0.276544,0.0,3.192173,3.7228525,4.8228197,4.9637685,4.0555654,3.5391767,3.657798,5.5658407,5.489204,5.4669876,6.034823,5.8879833,3.5678067,5.368031,6.939258,7.243973,4.8403482,5.878173,6.120256,7.289945,7.96373,7.5685644,4.8246975,5.1353064,4.8747854,5.7831078,3.6611655,4.9842844,4.7777877,4.991033,7.610014,7.594315,6.319151,5.8726797,5.789089,5.789089,6.804032,9.461889,6.416881,6.8378663,6.3353863,6.495188,5.222002,6.0715585,6.6415396,6.622815,5.405805,6.640915,5.5523386,6.941186,8.360002,7.535872,8.487422,9.089025,5.539862,4.71539,4.9504814,4.9659543,6.0673847,7.764668,6.859812,5.881045,5.306922,5.2241216,6.622529,7.828669,5.893776,5.322307,5.4635477,5.096919,6.4731836,6.494099,6.36887,7.123781,5.809273,5.7699323,6.8494344,6.5543246,5.7068386,6.417179,5.3425064,6.667177,6.2222447,5.9244514,6.409873,6.0481257,5.967458,5.893051,5.2964892,5.480461,6.4993014,5.865791,6.087996,6.4798036,7.6325984,8.072301,7.242589,7.169552,9.018678,8.438377,5.177732,8.769508,7.9112916,7.6455636,7.8666377,7.3793244,6.873584,6.058947,8.522416,8.634492,5.5600686,6.2043614,4.872624,5.792102,4.947474,5.291899,5.820932,5.4868526,3.7614794,7.050425,6.7413254,7.1374135,6.227081,4.412317,4.93074,4.749171
2,3.1938517,3.192173,0.0,2.5776088,5.853403,5.3537736,4.0870776,2.6090035,4.95427,6.7070627,6.4317255,6.3868175,6.8408685,6.7968345,4.794158,5.889267,6.890674,7.1250033,5.46267,5.4516134,6.377644,6.9975414,8.100727,7.3657947,5.0950284,3.6654155,4.2648187,4.7922144,4.2877913,4.303916,5.4452367,5.3512306,8.190064,8.184452,6.2637286,6.4344554,6.0881257,6.0881257,7.34323,9.207518,6.6748176,7.375951,6.8903093,6.3563347,5.1243486,6.8438993,7.1192503,7.136974,5.6801753,7.9622273,6.38194,7.790057,9.005338,7.9238844,9.504607,9.994405,6.033712,5.2894683,5.544546,5.5549245,6.280576,8.209384,7.339111,7.2461452,6.4937763,6.7270527,6.6895947,7.938099,6.296658,5.7521257,5.3351674,5.2650304,6.662015,6.636504,6.604512,7.5947175,5.97705,5.99473,7.7398176,7.4315042,6.4050436,6.8943644,6.176411,7.09229,6.618801,6.3607435,6.5600896,6.309644,6.9841495,6.4561505,5.717224,5.80153,6.772666,6.0979686,6.270417,6.6992164,8.408443,8.800385,8.143409,7.28955,9.5665455,8.3329,5.9791465,9.304452,8.618005,8.348401,8.484818,8.053832,7.1702914,6.4642963,8.650381,8.6253805,5.493026,6.7911477,4.9189944,7.078764,5.4224195,6.022795,5.8517776,6.91847,4.5431366,6.3550186,6.1249433,5.992698,7.1384587,4.659081,5.465993,5.1271667
3,3.7616956,3.7228525,2.5776088,0.0,6.4482656,5.961644,4.8739657,3.6116822,5.1913543,5.600757,6.7532997,6.661122,7.064477,7.0230513,5.0732846,6.644113,6.565104,6.774821,6.9774923,6.2673187,6.5498624,6.925732,8.765858,8.036878,5.6569953,4.972563,4.5000677,5.9514813,5.288112,4.6425114,6.278062,5.5990596,9.35036,9.332119,7.1697307,7.287681,7.4356265,7.4356265,8.220848,10.570029,7.1899967,8.260471,7.808578,7.285438,6.1123457,7.7482843,7.961149,8.07522,6.630284,8.826585,6.8628774,8.250747,9.385864,8.386847,10.193814,10.194088,6.7004194,6.0298095,6.195873,6.190265,6.8676095,8.78976,8.060735,7.653341,5.8877354,6.168947,6.2406173,7.7439756,5.742274,6.038608,5.499656,5.483821,6.786424,6.887625,6.715413,7.371739,5.9751077,6.1214476,8.010115,7.5682306,6.812628,6.8798957,5.9372816,7.099383,6.682784,6.579783,6.5978885,6.2858095,7.621709,7.275918,6.1329756,6.022537,6.650675,5.7288847,6.7065797,6.7246184,8.538682,8.747425,8.867139,7.883543,10.04012,8.809353,6.292188,10.091356,8.72631,8.412673,8.447737,7.8841887,7.5092936,6.731084,8.868354,8.877678,5.57845,6.895238,4.816449,7.3131204,5.76556,6.1308794,5.694703,6.686932,4.461205,7.035426,5.9299436,6.602309,7.007757,4.256822,5.6940756,5.089755
4,4.8493857,4.8228197,5.853403,6.4482656,0.0,3.237553,3.51628,5.051284,5.59583,7.3837996,7.064823,7.153213,7.433093,7.171889,6.135556,6.987277,8.206157,8.447689,6.088506,8.191807,8.184411,9.4293165,9.293669,8.457087,6.260292,7.2924705,6.6369224,7.7233768,5.4835615,6.78465,6.4378386,6.2155237,7.462465,7.3997383,8.052539,6.9049687,6.6406484,6.6406484,6.8069153,8.861038,7.6133313,7.6404357,7.4974375,8.495194,7.4593983,6.799206,7.4247665,6.421349,7.933446,7.039328,6.07523,7.3242517,8.985968,7.922712,9.215573,9.486359,6.292015,5.772406,5.581431,5.5551124,8.100391,7.8752737,7.54089,6.6874866,7.8763385,7.0221915,7.9580345,9.1274805,8.008395,7.062253,7.6374846,7.016989,8.326224,8.052514,7.962069,8.653568,7.801073,7.5521064,7.7001405,8.087962,7.560937,7.875161,7.379993,7.7870083,7.805536,7.752706,8.305688,7.8930883,7.031336,6.6093717,6.112605,5.859115,6.960744,6.641094,7.1927433,7.509815,8.119561,8.173787,7.4323134,8.515701,8.462151,9.558815,5.537975,8.171255,9.040812,8.277912,8.360284,7.7004523,7.4933815,6.9732776,9.452239,9.680287,6.4864306,7.7215786,6.3176026,6.5781193,5.099396,5.120174,6.3552823,6.62098,5.100829,7.0960045,8.97312,6.512123,6.500152,5.944416,5.375837,6.001103
5,4.9571514,4.9637685,5.3537736,5.961644,3.237553,0.0,2.4601736,4.915379,4.93504,6.741983,6.560099,6.620578,6.751125,7.0740075,5.16872,6.223089,7.1163073,7.3418703,6.1312613,7.057231,8.0994215,8.460031,8.089537,7.321965,5.7558713,5.8946514,5.1933684,5.616659,5.3850975,4.679892,5.8947587,5.664188,7.729504,7.68651,7.329043,5.941413,6.7555456,6.7555456,7.50417,9.093247,6.7988815,6.8019376,6.600512,7.730116,7.2248583,7.0753036,7.150257,7.222316,8.175966,7.8812966,5.0059524,6.4737806,8.224715,7.8580055,9.091699,9.795507,6.4973574,5.286461,5.061754,5.0721483,7.292011,7.1267185,6.6949067,6.56016,7.6736803,6.7964506,7.3744197,8.636639,7.7061005,7.426098,6.952041,7.404565,7.7221437,7.4629025,7.3961625,8.462871,7.198539,6.876947,7.0503054,7.5034842,7.9661784,8.294682,7.772296,8.258242,8.2065735,7.433452,8.371662,7.983914,7.488382,6.9615135,6.5861206,6.3974915,7.3793607,6.7670965,7.1162314,6.7789907,7.6164155,7.731336,7.7826815,8.753879,9.082606,9.407365,5.2605996,8.088058,8.629475,7.829498,7.9139895,7.2394958,6.864904,6.299555,9.295791,9.32551,6.493916,7.629901,6.1861606,6.4810266,4.9135256,5.0826144,5.9503145,6.964749,4.8093033,7.121885,9.388535,6.9568877,5.4134884,4.7252474,5.8244977,4.979752
6,4.0743375,4.0555654,4.0870776,4.8739657,3.51628,2.4601736,0.0,2.7848027,4.6198463,6.7681093,6.218733,6.270161,6.5831146,6.546106,4.7818093,5.8831754,6.522459,6.715186,5.394588,6.1034627,7.1596103,7.6807175,7.113728,6.2911897,4.68116,4.633487,4.0103106,4.7698197,4.210543,4.094004,4.4811993,4.126935,7.325796,7.2945237,6.786991,5.3192425,5.3969827,5.3969827,6.4116406,7.83464,6.4294696,6.1589537,5.825206,6.906486,5.879608,5.7463975,5.7653484,6.107862,6.4889555,6.7438736,4.672663,6.147651,7.626405,6.606803,8.416066,9.120716,4.7237787,3.9241471,3.7347584,3.7261138,6.6421022,6.68005,6.032889,5.9651957,7.551287,6.965392,7.228792,8.564932,7.2200146,6.6731267,6.4974627,6.4242177,7.14641,7.2190075,7.231113,8.249343,6.8661366,6.7867703,6.669738,6.949135,6.9492702,7.1696987,6.527421,7.110762,6.9290433,6.7764416,6.9809914,6.596239,6.8954444,6.274282,5.7259917,5.5839696,6.39048,5.773969,6.137978,6.502556,7.4729,7.674224,7.0794635,7.5618434,8.107298,8.411684,5.0088706,7.998946,8.303278,7.709894,7.8934064,7.3703384,6.486316,5.965794,9.100988,9.094333,6.371374,7.197444,5.610739,6.194385,4.368504,4.842239,4.778299,6.064816,3.5120652,6.3197055,7.7185273,5.8774123,5.0375075,3.8801148,4.387773,4.319504
7,3.56957,3.5391767,2.6090035,3.6116822,5.051284,4.915379,2.7848027,0.0,4.971087,6.939988,6.4378095,6.436746,6.8955097,6.5026546,4.989619,6.0552325,6.53326,6.726966,5.226163,5.389058,6.362421,6.9989905,7.152526,6.3858566,4.4488173,3.739072,3.7718909,4.886611,3.9082382,4.5022397,4.3061485,4.230411,7.617709,7.606833,6.5547028,5.973726,4.9323325,4.9323325,6.160639,7.6786633,6.684511,6.771899,6.3784027,6.605486,4.8962383,5.788919,5.7744,6.233326,5.074742,6.686497,5.87476,7.1262655,8.263775,6.531855,8.642109,9.384753,4.164013,4.150397,4.246606,4.217912,6.415645,7.3955855,6.737398,6.6398697,7.217342,7.160852,6.935565,8.372045,6.659337,5.7368255,6.0833755,5.3574386,6.696959,6.919125,6.90963,7.9270716,6.4805627,6.469021,7.1046605,7.0045094,5.9820933,6.251672,5.4561415,6.1990666,5.85437,6.445664,5.833894,5.3451934,6.394211,5.8465014,5.069731,4.9654655,5.864239,5.1307974,5.673578,6.752917,7.900294,8.159343,7.119272,6.605093,8.096437,7.9895487,5.87587,8.7671,8.344906,7.9431167,8.1523,7.669611,6.8006687,6.287609,8.921893,8.854258,5.972525,6.894666,5.2227645,6.6282506,5.179915,5.579768,4.859778,6.115431,3.2729032,5.8665533,5.7978086,5.378237,6.2281322,4.5106945,4.083872,4.8171988
8,3.672597,3.657798,4.95427,5.1913543,5.59583,4.93504,4.6198463,4.971087,0.0,4.7128897,5.6440597,5.6503997,4.9458985,5.311549,2.0242138,5.4192514,6.529771,6.632695,4.5022926,5.345546,5.6395893,6.5879307,6.9779563,7.1958356,3.2537677,5.211421,4.99255,5.4401956,4.222924,4.542651,5.261736,5.295573,7.7078633,7.6665497,4.82032,4.788908,6.520001,6.520001,6.927595,9.141074,5.5114584,5.6087155,5.431687,5.8891625,5.5008793,6.194363,6.411704,7.4563866,5.7586803,5.8964744,3.8759062,4.8888187,7.1788435,6.393982,8.848313,9.2772665,5.7219877,4.222132,4.3110127,4.44385,4.838826,5.747953,5.690037,4.2747216,5.0381083,4.8406453,4.8326283,6.9287157,5.0648518,5.3763924,4.82425,5.3681912,5.1659493,5.23968,5.1601796,6.8790383,4.8746967,4.14117,5.212452,5.9704046,5.9655085,6.117336,4.792477,5.8549075,5.64569,4.8579545,6.5715957,6.0839114,5.624541,5.2273607,6.367881,5.628088,5.5870643,4.8450294,5.971493,5.42427,6.527988,6.2217617,6.875743,6.8073974,8.622726,7.892526,5.378107,8.397725,7.398693,5.8657174,7.501089,6.218512,6.3594174,5.8541374,7.182352,7.289737,4.934495,5.400142,4.682604,4.100905,4.384291,4.882134,6.725274,5.8262634,4.686507,7.885761,8.215335,6.8319116,5.536206,4.770741,5.821621,4.8169913
9,5.550622,5.5658407,6.7070627,5.600757,7.3837996,6.741983,6.7681093,6.939988,4.7128897,0.0,6.5605283,6.547656,6.1078496,6.455982,4.596275,6.15179,5.5502415,5.8285804,7.3295817,6.8316083,6.431732,6.3238015,8.22901,8.520193,5.83923,7.8977494,6.9757485,7.9564595,7.582421,6.5515327,7.612196,7.448206,9.21782,9.192606,6.9580035,6.588352,8.5819435,8.5819435,8.388637,10.793416,7.2698274,7.2392898,7.0196514,7.223384,6.825758,7.649958,7.8990836,8.776206,8.529517,8.858558,6.6736016,7.325666,8.396791,8.216979,9.385559,8.455695,7.626264,6.5517383,6.6004915,6.6707487,6.534436,7.587727,7.227295,6.866034,4.010677,3.6200626,4.6617675,6.2471004,4.3234406,6.306677,5.0668416,5.8190465,6.063386,6.091543,5.763709,5.778417,5.6942153,5.23587,6.1153917,6.2189336,6.5730414,7.006885,5.821503,6.6384287,7.059009,6.0186334,7.042312,6.7245755,7.709413,7.742131,6.9050922,6.85633,6.9464526,6.1170926,7.1294,6.0986414,6.35071,6.488253,8.109749,8.455508,9.865003,9.137327,5.7145796,9.399894,6.5196,5.824076,6.416207,5.4683766,6.471022,5.7848268,7.453349,7.569371,6.300299,5.469608,6.088829,5.401357,6.1002703,6.3967547,6.5767913,5.738514,6.6023793,7.6277084,8.247793,8.222602,7.4014864,5.9625773,7.5861135,5.8316474
10,5.549221,5.489204,6.4317255,6.7532997,7.064823,6.560099,6.218733,6.4378095,5.6440597,6.5605283,0.0,0.2874782,7.0764623,7.2722096,4.229502,2.6145082,7.7592998,8.140625,5.968524,6.971402,6.8571277,8.28731,8.254361,9.037747,4.901072,7.9053206,7.466868,7.4396596,7.2397766,7.4810553,6.016565,7.6944523,7.098482,6.9656043,6.964176,5.203227,6.812593,6.812593,7.0671744,9.001198,4.4806633,5.7926297,5.333914,5.5771537,5.70941,6.7416677,6.0607953,7.635663,7.488328,7.2481494,6.9703503,7.200287,7.248208,8.793514,7.9183297,8.759891,8.412057,7.5873013,7.6272197,7.7070155,4.857953,7.7829127,6.9834256,7.0984297,5.4252567,5.152155,6.6963077,8.198301,5.0928984,5.6129184,5.4829173,5.988223,5.381561,5.832859,5.5599875,5.4950895,6.1748776,5.603609,6.033103,4.4672866,6.4687133,7.1604757,7.3328366,7.737969,8.00017,5.534124,6.5394526,5.6125674,7.746014,7.3524833,6.436765,7.8160186,7.8689413,7.39481,6.1635966,5.694035,5.6818404,7.4528236,5.807322,8.0339,8.416945,7.710657,5.8155503,7.9948797,5.999871,7.4074926,7.3859367,7.638235,6.1673117,6.0896606,8.979545,9.02846,6.6608977,5.239828,6.6658254,6.176386,7.6190476,7.4831333,6.6696086,5.7404137,7.19162,8.700691,7.7988057,8.489584,6.319122,5.643777,5.6993537,5.101888
11,5.5337996,5.4669876,6.3868175,6.661122,7.153213,6.620578,6.270161,6.436746,5.6503997,6.547656,0.2874782,0.0,7.0575414,7.258055,4.201775,2.6707017,7.823514,8.197962,6.0772495,6.997427,6.8878117,8.263915,8.338531,9.101373,4.9509487,7.8692994,7.44447,7.4105396,7.226734,7.4544797,6.0493283,7.7445016,7.1962466,7.0648203,7.014568,5.324309,6.8831916,6.8831916,7.1691275,9.153746,4.4797473,5.918784,5.455702,5.590381,5.725331,6.8402452,6.1710277,7.7272954,7.4860325,7.348432,7.008048,7.253085,7.2822227,8.849863,8.014101,8.880219,8.482251,7.6598845,7.7011356,7.7806597,4.837684,7.8724875,7.061601,7.1699586,5.3516335,5.11091,6.661367,8.154848,5.0886073,5.602455,5.479228,6.0037355,5.3701363,5.7989535,5.509039,5.4473577,6.098025,5.557768,6.0998707,4.4852047,6.4811983,7.1181355,7.325066,7.7636695,7.9907,5.5162115,6.4866977,5.5610547,7.749643,7.368792,6.428515,7.812976,7.848388,7.361297,6.1337256,5.6417055,5.813608,7.555877,5.9627957,8.091819,8.489245,7.7247286,5.957385,8.1064825,6.09239,7.5075927,7.451514,7.7074504,6.277639,6.193022,9.011982,9.053775,6.6276045,5.270424,6.6272244,6.269451,7.684711,7.5142503,6.6750927,5.7707925,7.179269,8.779794,7.7424374,8.553123,6.3208513,5.6061487,5.697656,5.1131234
12,6.0704613,6.034823,6.8408685,7.064477,7.433093,6.751125,6.5831146,6.8955097,4.9458985,6.1078496,7.0764623,7.0575414,0.0,1.8485904,4.7603836,6.3358703,7.287421,8.077867,5.8333545,7.0458093,8.078098,6.392519,8.384671,8.178754,5.618662,6.6751385,6.990828,7.1333623,6.0827913,6.0769496,7.0190473,7.510264,5.6502686,5.6950774,7.0636697,6.4576635,7.739737,7.739737,8.231413,10.104772,6.4144773,6.645017,6.8741484,6.7491083,6.1128907,5.928612,8.039278,6.970206,7.674909,7.9160385,6.10593,6.7720594,5.4173803,5.2217517,7.0393343,7.5962596,6.6440268,5.4234085,5.396793,5.5022206,5.877243,5.4689617,5.12079,6.3982463,6.921297,6.4694715,7.2669244,4.149402,7.1747413,7.2371492,6.96927,7.44761,7.068564,7.1321034,6.961214,7.685284,6.420483,6.008089,6.7285686,6.841544,7.3150964,7.5154243,7.1502366,7.726299,7.573571,6.843385,7.7627463,7.6354074,7.608192,7.266263,7.6904354,7.612979,7.5954895,6.9668293,7.2654,6.8615346,7.8143764,8.020581,8.129177,8.705249,7.161206,6.427227,7.00781,6.750092,8.252406,7.685992,8.64189,8.081001,7.9181447,7.2979054,6.0456114,5.9764013,7.257293,7.189562,6.7659163,6.4443116,6.7993927,7.039191,7.87296,7.0324564,7.428992,9.260295,9.547518,8.917242,7.134019,6.3796988,7.376296,6.422359
13,5.9361906,5.8879833,6.7968345,7.0230513,7.171889,7.0740075,6.546106,6.5026546,5.311549,6.455982,7.2722096,7.258055,1.8485904,0.0,5.1916285,6.643239,7.5431046,8.343498,5.7025676,7.35628,8.062951,6.6746163,8.7212925,8.479754,5.5560846,6.788443,7.2166486,7.6541233,5.939183,6.6355724,7.029884,7.505472,5.1001577,5.163607,7.4293027,6.825444,7.099154,7.099154,7.5846825,9.6319895,6.6836176,6.9507995,7.169099,7.020665,6.0113106,5.2974734,7.820666,6.3375764,7.475467,7.4809365,6.6049924,7.2393556,5.7215776,4.514803,6.690957,7.204549,5.887164,5.2565017,5.221754,5.3036776,6.2801623,5.780152,5.365566,6.5365205,7.2428555,6.6806583,7.5861406,4.397763,7.342325,7.002461,7.2891154,7.0912266,7.525734,7.5648227,7.401384,8.00931,6.882397,6.5537586,7.1981363,7.255415,6.9532995,7.1401954,6.6545978,7.4018626,7.208147,6.984638,7.2334447,7.096019,7.082195,6.815847,7.139389,7.110455,7.030232,6.405285,6.821635,7.1089544,8.13701,8.347537,7.903036,8.598243,6.2469177,6.5074844,7.253041,6.904953,8.626049,8.079786,9.032407,8.37734,8.214289,7.741242,6.2531266,6.1889086,7.599264,7.5471606,7.0277987,6.667542,7.1549892,7.36351,7.703659,6.7857575,7.1961074,9.1550455,9.079529,8.673557,7.6349287,6.8829436,6.909004,6.9312906
14,3.6090875,3.5678067,4.794158,5.0732846,6.135556,5.16872,4.7818093,4.989619,2.0242138,4.596275,4.229502,4.201775,4.7603836,5.1916285,0.0,3.8991215,6.419184,6.7175317,4.671194,5.2879524,5.88302,6.493298,6.9990444,7.522339,3.0410702,5.3708863,5.316023,5.271614,4.932118,4.834231,5.1004496,5.8700047,7.0998387,7.046468,4.9316516,4.101387,5.943865,5.943865,6.588261,8.956784,4.772535,5.1480794,4.8303595,5.1018386,4.7856736,5.884186,5.843283,7.1124496,5.9342737,6.325542,4.1507564,5.0098534,6.643172,6.742286,8.238235,8.894303,6.275562,4.9781804,4.997029,5.1311088,4.1281176,6.095708,5.545981,5.0133476,4.312867,4.1946864,4.932279,6.687361,4.7619905,5.045467,4.4701424,5.2068043,4.664362,4.7940154,4.614002,6.1208057,4.6493607,3.8114629,4.922848,5.0030503,5.549465,5.960692,5.407719,6.3263383,6.104759,4.7025375,5.9637175,5.379688,5.961375,5.645733,5.977987,6.078827,6.0487976,5.282628,5.3164735,4.910929,6.3428555,6.8115735,6.7404666,7.3674207,8.472158,7.658066,5.5280766,8.36013,6.8291373,6.228288,7.297747,6.5950527,6.2342896,5.6861,7.5870466,7.601992,5.212487,4.848942,4.8267107,4.4274635,5.2275705,5.524779,6.1717763,5.2126083,5.079989,7.7998075,7.5863757,7.261582,5.4160614,4.2820764,5.427639,4.3823175
15,5.418885,5.368031,5.889267,6.644113,6.987277,6.223089,5.8831754,6.0552325,5.4192514,6.15179,2.6145082,2.6707017,6.3358703,6.643239,3.8991215,0.0,7.2070875,7.7201033,5.484578,6.3247747,6.8372326,7.570983,7.6754627,8.450094,4.5907454,7.267804,7.4141498,6.7570424,7.224104,7.0918603,5.852592,7.8694754,6.2539406,6.14962,6.318776,4.3807936,6.1687613,6.1687613,6.5138025,7.969974,4.89093,4.7307453,4.281482,4.418465,4.3348765,5.8440027,5.1929708,6.821018,7.2230763,7.2624097,6.361033,6.623872,6.62723,8.030001,7.1664133,8.136279,7.840815,6.9601502,6.9446993,7.034207,4.2628946,7.107613,6.1932654,7.0915766,5.383776,5.21277,6.340546,7.5028696,5.4075017,5.712646,5.0861235,5.7673965,5.2983155,5.3820677,5.1234937,5.0295424,5.7751923,5.004369,5.5283246,3.9154627,6.007544,6.839424,7.298514,7.390198,7.782886,5.4811745,6.1250973,5.212979,7.655332,7.2363753,6.096914,7.567582,7.663294,7.099808,5.5982976,5.285992,5.522388,7.3419704,5.7365146,7.804725,8.076524,7.2464924,5.6601005,7.519226,5.270205,6.840094,6.8200274,7.1959276,5.6564083,5.349444,8.294888,8.281177,6.3721204,4.676833,6.4320545,6.0142355,6.950835,7.2189517,6.216579,5.67499,7.289761,7.2588844,7.594451,7.9417877,6.6451283,5.6299896,5.8522534,4.9381347
16,6.811611,6.939258,6.890674,6.565104,8.206157,7.1163073,6.522459,6.53326,6.529771,5.5502415,7.7592998,7.823514,7.287421,7.5431046,6.419184,7.2070875,0.0,2.321941,6.8430305,4.647536,6.448893,5.2742662,6.122296,6.6924973,5.667001,7.132508,5.7239175,7.533741,8.0401,6.0491548,7.9394627,7.042197,8.870574,8.893834,7.2602777,6.9466977,7.8764257,7.8764257,8.060476,9.592132,7.371697,7.365575,7.249785,7.814788,6.359013,7.8261905,7.4675074,9.047034,8.450894,9.138704,7.2227964,7.79707,8.760965,7.53538,8.327759,7.9961853,6.421566,5.9782834,6.195041,6.2084703,7.4193397,7.6853476,7.6945705,8.319694,7.2996817,7.221677,7.151056,8.043267,6.6594887,7.452418,5.9805384,6.4083138,7.4017887,7.6970205,7.70384,8.008526,7.8014235,6.9735513,7.585808,7.805038,7.643488,8.769246,6.856982,6.9540405,7.883871,8.198077,8.106319,7.535039,8.78428,8.467494,7.898317,7.7966776,8.186428,7.143298,8.110735,8.173778,6.084172,6.2619967,7.23145,8.042818,8.954054,9.287474,5.270276,8.808276,6.4845476,5.8426723,7.309647,6.759273,5.851489,4.674825,7.4620547,7.1816273,8.105402,7.4826612,8.526975,7.7399917,6.9237056,8.33382,7.452929,7.346814,7.1797895,7.589069,8.853357,8.63039,7.6295156,6.476964,7.900849,5.7554226
17,7.1194506,7.243973,7.1250033,6.774821,8.447689,7.3418703,6.715186,6.726966,6.632695,5.8285804,8.140625,8.197962,8.077867,8.343498,6.7175317,7.7201033,2.321941,0.0,6.947939,4.3423777,5.394349,4.5377836,5.1985283,5.9781904,5.9126143,7.2380075,5.418174,7.2654214,7.8443117,6.1838684,8.299682,7.2321534,9.839305,9.8512535,6.680448,6.9032774,7.8148503,7.8148503,7.801708,9.34103,7.08811,7.3949275,7.103982,7.4655375,6.5771914,8.0059185,7.3453255,9.462067,8.278633,8.970536,6.9526696,7.2898717,9.072662,8.2450695,9.605708,8.379904,6.799218,6.313574,6.6138725,6.690339,7.2971478,7.7651486,7.517883,7.7921014,7.1382623,7.019881,6.607384,8.4535475,6.835846,7.1064467,5.2731357,5.8327627,7.051019,7.075483,7.3733797,7.783201,7.426837,7.2361712,7.0995617,8.217341,7.18085,8.219534,6.1299887,6.129729,7.093945,7.5167427,7.552241,7.782699,8.184216,7.8319974,7.405764,7.074884,7.4007263,7.1650653,7.57606,7.4882197,6.3563833,6.2625737,7.5451093,8.1143875,9.794047,9.969955,5.5561557,9.323778,6.7563057,5.71872,6.8215528,6.5804133,5.686673,5.1563644,7.656637,7.469375,8.25229,7.3240404,8.744597,7.5126467,6.629696,7.997642,7.0147877,6.958472,7.2374296,7.914347,8.565529,8.272541,7.8594117,6.7679615,8.319183,6.17037
18,4.743072,4.8403482,5.46267,6.9774923,6.088506,6.1312613,5.394588,5.226163,4.5022926,7.3295817,5.968524,6.0772495,5.8333545,5.7025676,4.671194,5.484578,6.8430305,6.947939,0.0,4.5618486,5.146032,6.386216,6.06194,6.386583,3.99452,5.611796,5.9015613,6.1397557,4.5177717,6.1326785,5.6286964,6.3085065,5.596122,5.6002083,4.3507357,4.7828913,4.8163524,4.8163524,5.3500113,6.9312387,5.002481,5.189038,5.137131,5.2764235,4.608661,5.060576,5.7826743,6.292252,5.208408,4.999509,5.8313527,6.1695647,7.222756,6.3308053,7.436688,7.9864564,5.2914476,4.576326,4.9693394,5.0970774,4.945441,5.6281304,5.3265257,5.228549,6.860195,6.6457214,6.7901187,7.4120226,6.5186367,5.151507,5.2496142,4.9330287,5.952232,5.9351025,6.2373443,7.511311,6.461759,5.847792,6.0216603,7.026992,5.4616556,6.9273143,5.582382,5.8776283,6.1624317,5.6778893,6.858084,6.844886,5.21849,4.607212,5.930103,5.857326,6.6844964,6.8140936,6.1434784,6.7963204,6.3892426,6.769291,5.25045,6.0858655,7.473175,7.3442526,5.3894777,6.646855,7.1990695,6.230657,7.497573,6.9912734,5.854616,5.817131,6.4842024,6.499389,6.4947405,6.1114097,6.9076624,5.430332,5.924346,6.6491175,7.4166217,6.5586777,6.3525715,7.8511763,8.2422085,7.0244527,7.3671947,6.88082,6.3871794,6.074138
19,5.7621393,5.878173,5.4516134,6.2673187,8.191807,7.057231,6.1034627,5.389058,5.345546,6.8316083,6.971402,6.997427,7.0458093,7.35628,5.2879524,6.3247747,4.647536,4.3423777,4.5618486,0.0,4.7034354,4.1370735,4.1132073,5.147529,4.510238,4.752535,4.229342,5.030536,5.8997245,5.07717,6.352817,6.5074086,8.517315,8.538892,5.032138,6.004903,6.3026776,6.3026776,7.223034,8.188287,5.9847484,6.469962,6.1292124,5.9059286,4.781229,7.278877,6.511011,8.924387,5.820841,7.47349,6.453287,6.824907,8.487945,7.4960365,8.804497,9.368679,5.960735,5.3550854,5.90713,5.997248,5.5540824,7.0973315,6.865866,7.1552267,6.755676,7.1234856,6.193141,7.9599366,6.3059363,5.6158156,4.5911403,5.1897564,5.469288,5.600373,5.863974,7.19908,5.8791385,5.4727015,6.300498,6.962406,5.8775406,7.119793,5.4145555,5.520555,5.9264207,6.2205257,6.633811,6.514207,6.4501605,6.0032387,6.571727,6.296706,7.0381255,6.636836,6.6804504,6.9743743,6.3187914,6.458991,6.426751,6.245992,9.157318,8.548205,6.107678,8.674494,6.612738,5.83495,7.105898,6.787861,5.7876196,5.302755,7.287385,6.957901,6.8076615,6.4336333,7.4987116,6.797154,6.6624904,7.485798,7.402023,7.2696247,6.4277444,7.5388827,7.798013,7.77079,7.491321,6.5652614,7.5302815,5.7758317
20,6.0360827,6.120256,6.377644,6.5498624,8.184411,8.0994215,7.1596103,6.362421,5.6395893,6.431732,6.8571277,6.8878117,8.078098,8.062951,5.88302,6.8372326,6.448893,5.394349,5.146032,4.7034354,0.0,5.0606,5.7042346,6.368965,5.249883,7.2617645,6.347277,7.3863654,6.305066,7.132559,7.2556963,7.399698,9.23391,9.194824,4.106625,5.9640427,7.1701403,7.1701403,6.261476,8.506521,5.2185936,6.1751122,5.9132447,5.0652046,5.195021,6.9780684,6.263118,8.338655,5.463253,6.225207,6.850741,6.6059546,8.424013,8.399431,9.805966,8.618519,7.201905,6.7023053,7.0589795,7.196242,4.7453785,6.9959383,6.853422,5.728461,5.737107,6.0248256,5.1826935,8.333582,5.571918,5.163435,3.5505338,3.4661932,5.3105655,5.1237664,5.806863,6.3445826,6.326677,6.276118,6.107683,7.6781483,5.4821887,6.5284147,3.9917753,4.0277667,5.4614334,4.91712,6.064594,6.757855,6.324488,5.936296,6.26387,5.936959,6.0472727,6.9753137,6.3411775,6.2368655,5.935784,5.987432,6.2050433,5.6148715,9.495207,8.351585,5.946911,8.586984,6.2799788,5.1473913,6.0726876,5.950929,4.690293,5.438957,6.3914585,6.5650077,6.676258,5.276853,7.5643926,6.247083,6.1765966,7.2697797,7.1026573,6.1832294,7.105319,8.644575,7.0618467,7.439662,7.86643,7.1841803,7.242672,6.165256
21,7.2228413,7.289945,6.9975414,6.925732,9.4293165,8.460031,7.6807175,6.9989905,6.5879307,6.3238015,8.28731,8.263915,6.392519,6.6746163,6.493298,7.570983,5.2742662,4.5377836,6.386216,4.1370735,5.0606,0.0,5.2715797,5.7171264,6.189039,6.581434,5.812423,6.748273,7.038516,6.3687053,8.184878,8.155821,8.963059,9.009744,5.8872123,7.1037006,7.725147,7.725147,7.8701663,9.337291,6.405259,7.3638635,7.2048593,6.149319,5.646085,7.4367523,7.7652106,9.089446,7.2189913,8.755027,7.33705,7.353036,7.849709,7.569817,9.382954,8.212189,7.1088123,6.5781317,6.9833107,7.1240582,5.93109,6.969155,6.4227343,7.4362,6.60587,6.780236,5.9484167,5.928794,6.864604,6.157309,4.9069657,5.53638,5.946303,5.671698,6.11358,6.6795526,5.9199877,6.4016495,6.382042,7.799871,5.897042,6.73983,5.3774633,5.249968,5.8133497,6.1717815,6.2868814,7.4177985,7.0097723,6.7233033,6.6665955,6.3677115,6.734404,7.227,6.682857,6.566,7.277548,7.2970557,8.064649,7.8035765,9.294112,8.422632,7.3517942,8.593546,7.1597886,6.3928866,6.7122025,6.9883485,6.59311,6.569157,5.9941964,5.6806073,7.7839427,6.6928253,8.235805,7.307195,7.3539114,7.8846645,7.188111,6.9160285,7.8731613,8.661574,7.797617,8.508597,8.56922,7.4677873,8.7006035,6.951478
22,7.8701744,7.96373,8.100727,8.765858,9.293669,8.089537,7.113728,7.152526,6.9779563,8.22901,8.254361,8.338531,8.384671,8.7212925,6.9990444,7.6754627,6.122296,5.1985283,6.06194,4.1132073,5.7042346,5.2715797,0.0,3.2585256,6.212449,6.902391,5.9099813,6.1133122,7.219734,6.7204294,6.630167,7.00199,9.321158,9.336524,5.7320404,5.636367,7.0325794,7.0325794,7.2383604,7.118582,6.9206324,5.760525,5.594721,6.4825697,6.2263117,7.1435547,5.7182255,8.958621,6.5779805,7.100717,6.63797,6.250945,7.7408533,7.6502075,9.04791,9.0955,6.4853983,6.018586,6.284321,6.41836,6.372897,6.2266564,6.131045,6.6057367,8.629758,8.632542,7.6157312,9.570255,8.193943,7.568275,6.6505227,7.2070637,6.4163256,6.856717,7.418822,8.514738,7.80626,7.7784405,5.493742,7.5278883,6.9461136,7.996422,6.62347,6.0699363,6.870275,7.09465,7.5316396,8.023414,7.6535296,7.268338,7.774538,7.45522,8.01378,8.451515,7.6828675,7.8674493,6.6025906,6.667763,6.8083806,6.8779917,9.4734745,8.997367,7.2167478,8.56947,6.973097,5.963636,6.564334,6.910148,5.7674794,6.122268,8.56541,8.319939,8.799372,7.2311444,8.984208,6.89543,7.1185293,7.7680984,7.377003,7.355303,7.5379395,8.572466,8.964751,8.668755,7.4619203,7.6358023,8.399161,6.683852
23,7.4699283,7.5685644,7.3657947,8.036878,8.457087,7.321965,6.2911897,6.3858566,7.1958356,8.520193,9.037747,9.101373,8.178754,8.479754,7.522339,8.450094,6.6924973,5.9781904,6.386583,5.147529,6.368965,5.7171264,3.2585256,0.0,7.1131883,6.1476455,5.142604,5.656515,6.2343984,5.789568,5.9055734,5.886482,9.258905,9.295529,6.2018156,6.239234,7.56025,7.56025,7.720296,7.772366,7.648679,6.48068,6.5352244,7.2581143,6.772993,7.2373033,6.5701275,8.15559,6.2561946,7.455376,6.8325014,7.004499,7.8704095,7.456453,9.234842,9.422158,5.9656315,5.4174466,5.553463,5.623928,7.0312753,6.042409,6.152999,6.5624337,9.345486,9.286737,8.15418,9.501244,8.856181,8.237078,7.5007615,7.895796,7.2904477,7.713466,8.226027,9.311562,8.387285,8.435452,6.436191,8.425143,7.724189,8.569884,7.162918,6.709852,7.377866,7.80805,8.389502,8.918215,8.158993,7.7520847,7.891318,7.19763,8.428521,8.8901005,8.485209,8.609889,7.658145,7.4312654,7.7921915,6.569636,9.625514,8.498564,7.2848043,8.0333185,8.133642,6.837045,6.527062,6.79646,5.987328,6.2548795,8.591038,8.402394,8.385291,7.8593836,8.265741,7.332196,6.266974,6.736582,6.825859,7.8687506,6.611209,8.065907,8.793435,8.100181,7.005523,7.0825825,7.8872557,6.236114
24,4.8377056,4.8246975,5.0950284,5.6569953,6.260292,5.7558713,4.68116,4.4488173,3.2537677,5.83923,4.901072,4.9509487,5.618662,5.5560846,3.0410702,4.5907454,5.667001,5.9126143,3.99452,4.510238,5.249883,6.189039,6.212449,7.1131883,0.0,5.3070507,5.2433786,5.758377,5.322838,5.4426804,5.491849,5.864271,6.6756887,6.6120944,4.823503,4.274347,5.0813823,5.0813823,5.4433694,7.2160673,4.4942727,4.8354506,4.6633587,5.043816,4.0952835,5.3010907,4.869897,6.893141,5.5421863,5.405973,4.5925927,4.964526,6.6142755,5.506472,7.918542,8.420801,5.1761193,4.553195,4.6219406,4.7538185,4.2755404,5.5961637,5.5433583,5.3890653,5.8038573,5.709854,5.2115736,7.2006154,5.014982,4.8221617,4.5251975,4.4603734,4.8873243,5.1794233,5.190658,6.6639485,5.400952,4.4084477,5.300828,5.600078,5.402165,5.723249,4.7124896,5.16921,5.3898864,4.994695,5.3818874,4.44647,5.8306894,5.054908,5.911809,5.766547,5.091761,4.1876836,4.8170466,5.2692537,5.7513733,5.993773,5.424209,6.4444046,6.9385004,7.1923494,5.3821797,7.971764,6.607638,5.741889,7.7112055,6.823928,5.819637,5.524718,7.0598464,6.9919033,5.778401,5.3288016,5.9225106,5.066203,5.5630403,6.434617,6.4365463,5.577061,5.5504856,7.5228105,7.348834,6.2104864,5.9458485,5.222294,5.0986176,4.883793
25,5.100686,5.1353064,3.6654155,4.972563,7.2924705,5.8946514,4.633487,3.739072,5.211421,7.8977494,7.9053206,7.8692994,6.6751385,6.788443,5.3708863,7.267804,7.132508,7.2380075,5.611796,4.752535,7.2617645,6.581434,6.902391,6.1476455,5.3070507,0.0,3.1471531,2.7529907,4.0588775,2.9198854,5.3450937,5.0186863,8.574541,8.61795,6.2411017,6.6680226,6.2267647,6.2267647,8.099891,9.033301,7.2103534,7.4990773,7.203896,7.0442286,6.1244555,7.322633,7.4951997,8.231921,5.9076943,8.147768,6.2375693,7.53196,8.771173,7.0239916,9.756291,10.962916,5.312926,4.4940934,4.8024173,4.841471,6.728459,7.4394016,6.921281,7.2405887,8.241836,8.328175,7.4051805,8.232815,7.672369,6.9870768,6.6474605,6.969206,7.140294,7.2929487,7.373179,9.253019,6.691375,6.6294703,7.7779665,8.200123,7.3316255,7.6480947,6.6656103,7.599585,6.8240476,7.095363,7.3786907,7.2392397,6.890176,6.3073683,6.9722376,6.2907157,7.184867,6.417861,7.00968,7.5504107,9.130001,9.009513,8.83271,7.612624,9.688747,8.688274,7.498581,9.671947,9.741142,8.673942,9.377701,8.551465,8.08031,7.6190248,9.008693,8.723461,6.8597536,8.177165,6.1611123,7.42638,6.409129,6.71467,7.036653,8.243328,4.75896,7.6242948,7.9144745,6.931665,7.3248196,5.8334293,6.7565107,6.2756057
26,4.81118,4.8747854,4.2648187,4.5000677,6.6369224,5.1933684,4.0103106,3.7718909,4.99255,6.9757485,7.466868,7.44447,6.990828,7.2166486,5.316023,7.4141498,5.7239175,5.418174,5.9015613,4.229342,6.347277,5.812423,5.9099813,5.142604,5.2433786,3.1471531,0.0,3.6295955,4.0094833,2.5821955,5.480087,4.115316,9.230025,9.247293,6.459114,6.617867,6.5705986,6.5705986,7.954169,9.417214,6.7262535,7.6093254,7.199918,7.440561,6.4386783,7.5669007,7.3865957,8.566108,6.1237116,7.9844346,5.6937284,6.968235,8.774094,7.4896984,9.857634,10.336932,5.2916207,4.458405,4.8310127,4.8662615,6.913902,7.5255594,6.9800973,6.7108774,7.4972034,7.4640865,6.96058,8.43296,7.1768594,6.5106864,6.050637,6.416599,6.679764,6.9224324,7.0750775,8.601644,6.3626776,6.675649,7.1130257,7.8654323,6.965466,7.3256097,5.8663754,6.7543597,6.201852,6.831049,7.163576,7.2898526,6.7300363,6.2392063,6.483394,5.648011,6.7061076,6.2394066,6.9535217,7.1358185,8.202841,7.9561067,8.268084,7.5098133,9.704091,9.168157,6.3139935,9.4149065,8.921366,7.841098,8.262553,7.714437,7.215952,6.653483,8.958277,8.766717,6.755571,7.7479315,6.3088913,6.9760137,5.6461844,5.884951,6.1263957,7.1241627,3.8772466,7.7696233,7.6328516,7.068295,6.0705404,4.674914,6.4467907,5.171487
27,5.768931,5.7831078,4.7922144,5.9514813,7.7233768,5.616659,4.7698197,4.886611,5.4401956,7.9564595,7.4396596,7.4105396,7.1333623,7.6541233,5.271614,6.7570424,7.533741,7.2654214,6.1397557,5.030536,7.3863654,6.748273,6.1133122,5.656515,5.758377,2.7529907,3.6295955,0.0,4.773979,3.0373726,5.3033323,5.4660487,9.136753,9.15542,6.091126,5.8519087,6.58461,6.58461,8.403688,8.946018,6.765448,6.7140074,6.1670856,6.317732,6.405344,7.3425517,7.026081,8.565611,6.5694137,8.387911,5.621586,6.757911,8.225131,7.959315,10.043824,10.937,6.544405,5.1974115,5.4271173,5.5355678,6.3042436,7.235638,6.1731405,6.765024,8.184134,8.097898,7.441523,8.720646,7.8878183,7.4504743,6.41352,7.4850464,6.8154764,6.9232683,7.1552534,8.880725,6.461906,6.927885,6.9021826,7.600189,7.5712094,7.812025,7.312477,8.081968,7.338782,6.5571194,7.410322,7.748636,7.4330916,6.8143206,7.1944695,6.9457016,7.646268,7.404291,6.9063935,6.7281995,8.845848,9.001035,8.983635,8.288428,10.476768,9.037677,7.3500724,9.616787,9.363973,8.6693325,8.831575,8.514889,7.721531,7.5280123,9.650114,9.420013,7.472339,7.9394255,6.5621915,7.104492,6.297987,6.4483695,6.5079637,7.9242153,5.5218863,7.999743,8.457333,7.49924,6.8312516,5.4950233,7.332587,6.058721
28,3.6744301,3.6611655,4.2877913,5.288112,5.4835615,5.3850975,4.210543,3.9082382,4.222924,7.582421,7.2397766,7.226734,6.0827913,5.939183,4.932118,7.224104,8.0401,7.8443117,4.5177717,5.8997245,6.305066,7.038516,7.219734,6.2343984,5.322838,4.0588775,4.0094833,4.773979,0.0,4.4175506,4.823806,4.4462132,7.893943,7.904941,5.9751306,6.2573876,5.9287953,5.9287953,7.072021,9.03369,6.3778725,7.031568,6.713553,6.7587085,6.05584,6.0637383,7.0842304,6.825846,4.629088,5.9748907,5.2340627,6.4602985,7.9165187,6.770098,9.304927,9.7648735,4.975259,4.032121,4.365323,4.449259,6.2798576,6.7667713,6.000329,4.8563848,7.403425,7.1845927,7.3835526,8.098708,7.5538816,6.180526,6.4605227,6.198618,6.9572654,6.9711394,7.215931,8.663461,6.3817225,6.9106603,6.973339,7.959971,6.430804,6.623974,5.376986,6.572977,5.7307124,6.0448785,6.942417,7.409125,5.478369,5.0041223,6.023311,5.16372,6.141997,6.402951,6.471372,6.872232,8.713164,8.523413,7.9408665,7.047062,8.916111,8.168418,6.5108404,8.432647,9.44542,8.336665,8.732192,8.185354,7.657346,7.439965,8.389382,8.4670315,6.4753094,7.4954844,5.6918354,6.1695046,5.018481,5.0829425,6.5164833,6.63137,4.105184,8.45211,7.74822,6.9295764,6.3370914,5.412697,5.7749634,5.8535542
29,4.924986,4.9842844,4.303916,4.6425114,6.78465,4.679892,4.094004,4.5022397,4.542651,6.5515327,7.4810553,7.4544797,6.0769496,6.6355724,4.834231,7.0918603,6.0491548,6.1838684,6.1326785,5.07717,7.132559,6.3687053,6.7204294,5.789568,5.4426804,2.9198854,2.5821955,3.0373726,4.4175506,0.0,5.448079,4.3534746,8.864718,8.890766,6.316071,6.2351503,7.3696785,7.3696785,8.6719885,10.061695,6.7890444,7.065047,6.810335,7.1485476,6.69434,7.483724,7.686557,8.377349,6.8828406,8.478546,5.412484,6.8960166,8.124122,7.202153,9.478205,10.298962,5.8417387,4.2487803,4.4195457,4.4578977,6.570132,6.823373,6.404562,6.529077,7.706162,7.5036416,7.0680184,7.8951497,7.1954165,7.574108,6.311423,7.306807,7.1613126,7.3847017,7.4469805,8.963357,6.7327685,6.6173773,7.3870053,7.9153447,8.042636,8.32552,6.9304814,7.949604,7.5489063,7.084287,8.098166,7.945322,7.7678514,7.2470617,7.5698605,6.891942,7.6188188,6.78169,7.634133,7.2242007,8.2480545,8.018761,8.799241,7.9225764,9.908568,8.626514,6.2226143,9.013734,9.091941,7.9062343,8.588253,7.660637,7.201065,6.6029124,8.523948,8.320386,6.854993,7.984534,6.076329,6.9876466,5.4534483,6.0736785,6.6940446,7.85938,4.565305,8.043588,8.796363,7.5828485,5.9878044,4.494304,6.8014765,5.080433
30,4.8069835,4.7777877,5.4452367,6.278062,6.4378386,5.8947587,4.4811993,4.3061485,5.261736,7.612196,6.016565,6.0493283,7.0190473,7.029884,5.1004496,5.852592,7.9394627,8.299682,5.6286964,6.352817,7.2556963,8.184878,6.630167,5.9055734,5.491849,5.3450937,5.480087,5.3033323,4.823806,5.448079,0.0,3.991211,7.593142,7.560492,6.7274694,5.1582317,6.5001416,6.5001416,7.2776284,7.9152093,7.1150346,5.6392646,5.55535,6.7526774,5.8209033,6.030762,5.360719,6.515816,4.7524796,5.800738,6.271208,7.046095,7.1686997,6.6655035,7.675095,9.828621,5.2946877,4.6529603,4.5195208,4.4788675,5.981909,6.3698816,6.321381,5.948385,8.034466,8.046547,7.7923594,9.298,7.037639,7.186398,7.537758,7.533777,6.4408913,7.4479737,7.3373795,8.420735,7.426025,6.883,6.162779,5.744596,7.136327,7.508572,6.9107704,7.355114,7.356152,6.81116,7.43894,6.3926544,7.643263,7.339719,7.136311,7.1635647,8.070594,7.350943,7.5976114,7.8953853,7.2281017,7.694453,6.630598,5.619163,8.318299,6.8322716,6.6401362,8.029544,7.7829514,7.566999,7.5724525,7.1292133,6.485482,6.2336597,9.584344,9.522671,6.5034423,6.6691833,5.3400164,5.9480906,5.9899297,5.627856,6.170044,6.8804665,4.3122687,7.218797,7.5514097,7.4346986,5.08815,5.091655,4.66472,4.6079583
31,4.947256,4.991033,5.3512306,5.5990596,6.2155237,5.664188,4.126935,4.230411,5.295573,7.448206,7.6944523,7.7445016,7.510264,7.505472,5.8700047,7.8694754,7.042197,7.2321534,6.3085065,6.5074086,7.399698,8.155821,7.00199,5.886482,5.864271,5.0186863,4.115316,5.4660487,4.4462132,4.3534746,3.991211,0.0,9.145349,9.150898,7.2065105,6.270524,7.205404,7.205404,8.217679,9.245104,8.06914,7.272241,7.0011973,8.26778,7.3143997,6.8752804,7.1026816,7.4822683,5.94144,7.139029,6.2007184,7.554407,8.636566,6.9146643,9.416957,10.029285,4.5849485,3.5631979,3.679212,3.6200664,7.7275076,7.1320863,6.8101277,5.860562,8.581505,8.458313,8.262955,9.571063,7.3507752,7.7501,7.6970224,7.661978,7.5347385,8.567281,8.601028,9.846959,8.033998,7.9876657,7.3686614,7.849006,7.9123135,8.225927,6.720288,7.7411585,7.2448635,7.540952,8.328052,7.9506783,8.066833,7.632867,7.8632307,7.113018,7.9855814,7.3124385,8.4159155,8.606433,8.516227,8.294518,8.348999,7.022512,9.594307,8.5617075,6.108242,9.376655,9.470424,8.30808,8.898788,7.9937706,7.591742,7.0370693,9.923383,9.932672,7.4245534,8.076562,5.7385545,6.227284,5.1846786,5.3880234,6.453324,7.2962933,3.6109643,7.713131,8.070533,6.8750563,5.9356813,4.8878326,6.002491,5.4457145
32,7.608249,7.610014,8.190064,9.35036,7.462465,7.729504,7.325796,7.617709,7.7078633,9.21782,7.098482,7.1962466,5.6502686,5.1001577,7.0998387,6.2539406,8.870574,9.839305,5.596122,8.517315,9.23391,8.963059,9.321158,9.258905,6.6756887,8.574541,9.230025,9.136753,7.893943,8.864718,7.593142,9.145349,0.0,0.2541157,8.117958,6.654953,6.4963403,6.4963403,6.424117,7.8305225,6.7874584,6.4240146,7.0045547,7.3022647,6.274452,5.337691,7.087341,5.029473,8.364991,7.2324967,8.036618,8.164118,5.999761,6.040211,5.0122046,7.1085043,7.272732,7.2030506,6.95674,7.001181,6.918849,6.402372,6.422286,8.146995,9.287039,8.696091,9.5891695,7.5975947,9.190144,8.2410755,8.781733,8.2803545,8.813734,8.80244,8.762524,9.138205,9.349348,8.22535,8.2547035,8.10504,8.171462,9.198577,9.179943,9.001873,9.567679,8.876051,8.829763,8.192413,8.579777,8.158765,8.011486,8.818801,9.210038,8.8559675,7.864056,8.847925,8.014203,9.097279,6.7000656,9.015195,5.035869,6.6612954,7.861009,5.373571,8.469625,8.70822,9.288398,9.237212,7.913325,7.7505813,7.615178,7.5086184,8.877981,8.284523,9.040688,8.267206,8.668559,9.156316,8.705644,8.05048,8.941135,9.422839,10.118767,9.431831,8.438754,8.466924,6.8636613,7.637257
