,0,1,2,3,4,5,6,7,8,9,10,11,12,13,14,15,16,17,18,19,20,21,22,23,24,25,26,27,28,29,30,31,32,33,34,35,36,37,38,39,40,41,42,43,44,45,46,47,48,49,50,51,52,53,54,55,56,57,58,59,60,61,62,63,64,65,66,67,68,69,70,71,72,73,74,75,76,77,78,79,80,81,82,83,84,85,86,87,88,89,90,91,92,93,94,95,96,97,98,99,100,101,102,103,104,105,106,107,108,109,110,111,112,113,114,115,116,117,118,119,120,121,122,123,124,125,126,127
0,0.0,1.9586865,3.7005093,1.9199073,3.4179747,4.177033,4.652494,4.5651035,4.321535,3.2224882,3.179182,3.0605311,3.6670535,3.7962995,4.0158763,3.828226,5.588936,5.7753577,5.394399,7.029362,4.411756,5.5804386,5.1209755,6.7350698,3.3608992,2.9757867,3.5595818,4.930079,5.227411,4.843609,4.3423414,4.389145,3.9641542,4.7345357,4.8126936,3.8333743,5.31374,5.0394278,3.3903396,3.2068322,5.185161,5.3342333,4.6364765,4.0886974,4.523468,4.768164,4.671141,4.293591,5.548721,5.5644116,5.694712,5.066539,3.01547,5.9000683,3.446784,4.0190525,4.94727,4.0610113,3.1532595,4.239192,5.1107974,3.463681,4.4359517,2.4467835,5.615928,4.2504554,5.535317,6.3608174,7.5557947,7.667944,4.5172124,3.6032503,6.411153,7.215127,4.9800153,5.0427375,5.2880607,5.200721,4.5653105,4.548721,4.270494,4.725822,5.0607715,5.2204623,4.3213806,3.3091357,4.083693,3.609362,6.175303,4.9210987,4.269401,4.3974447,4.6230865,4.3538833,4.6867404,5.4562926,4.560126,4.9029093,4.4937925,4.836567,4.2343082,4.5668063,4.4941525,4.4824224,4.5519667,4.3802905,4.338661,4.2760024,4.728662,4.4686646,4.281232,4.075778,5.680339,5.4913354,5.063429,5.023207,6.400959,5.6222386,5.928442,6.1904955,5.8090043,6.0404925,6.7308316,6.4475045,4.796787,4.5318637,5.095577,7.23926
1,1.9586865,0.0,4.0547204,2.484529,3.096293,4.080815,4.8820972,5.35334,4.2915845,4.099867,2.5630136,2.8076072,3.5571609,3.2971203,4.5103197,4.5397058,6.108955,6.014682,5.6799717,7.225019,5.104777,5.9547796,5.268819,6.8318834,3.0223773,2.477688,2.853726,4.8715634,5.3476677,5.1304045,4.4622254,4.7797465,4.7062483,4.205332,5.001826,3.539543,5.397891,5.5259085,3.737341,4.0770383,5.207559,5.77247,5.2067633,4.4568357,4.915532,5.0593333,5.508714,4.841643,5.1502013,5.1485105,5.643627,5.1282353,1.988255,6.201389,2.534725,3.1869698,4.725928,3.2828987,3.613101,4.514396,4.77449,2.7138672,3.6654608,2.3217795,5.3161535,3.6314633,5.5340605,6.225142,7.4943504,7.660507,3.6044905,3.142784,6.331805,7.094386,4.351643,4.493683,4.6093345,4.543649,3.9694338,3.932982,4.6182914,5.008245,4.7468476,5.866003,3.5123034,3.1315787,3.3687327,2.7823336,6.4874377,5.770706,3.5740635,3.8585513,3.9111583,3.5803006,3.9911015,5.401604,3.8535416,5.149416,3.98235,4.7989306,3.2435088,4.111541,3.886079,3.8688838,3.5513353,3.498385,3.4722338,4.0390077,3.8003693,3.930169,3.314222,2.9235039,4.899114,4.7822003,4.3698545,4.589829,7.0101056,4.9144998,6.190007,6.2665086,5.9896445,5.4322467,6.793366,6.6448755,3.9231665,3.7628374,5.2939644,7.055315
2,3.7005093,4.0547204,0.0,2.7410512,3.2749767,3.8876476,4.1801934,4.0257916,2.464401,2.6713123,2.3120193,2.563835,5.398986,5.4312735,4.666111,3.6286786,3.9408126,3.9066195,3.162569,5.2922826,3.5589578,4.0628266,2.8832908,4.99041,3.9324129,3.4560945,3.32312,4.6693964,3.1214826,3.5931826,2.4357057,2.3179324,4.01479,5.1428337,4.6301026,4.008593,5.346167,4.269987,3.936407,4.127439,6.8532414,5.734023,4.7060757,4.7514505,6.1512623,5.6886826,4.702389,5.6518264,5.334363,5.3704257,5.9585085,5.924615,4.5498395,5.383833,4.646451,3.64647,3.8921957,4.041743,3.7014558,3.3229334,5.0379252,4.3351827,5.1400537,4.303085,5.021798,4.650371,4.5764446,4.2377644,6.943326,7.0788174,4.7694173,4.0472856,4.7061086,5.5556655,4.300559,4.069787,5.3597503,5.4976425,4.795698,4.815044,4.443064,4.1472917,6.0650053,3.677868,4.99791,4.2276154,4.9142675,4.5623937,5.542379,3.5711532,4.9267707,5.184303,4.479412,4.8850145,4.8586397,4.2584453,4.8498993,4.0865088,4.4603868,4.349166,4.405049,4.7000656,4.7126083,4.704341,4.996628,5.1751914,4.915955,5.1523347,5.1756945,5.52705,4.809894,4.8173413,5.3606973,5.23566,5.2788954,5.2042866,6.1549177,4.7863603,4.3061314,5.3105826,3.7804186,5.2853556,4.929464,5.2354956,5.362846,4.1138,4.45195,8.129354
3,1.9199073,2.484529,2.7410512,0.0,2.8917117,3.7851546,4.8016763,4.6757545,3.8392806,2.6662333,2.2478435,2.2059376,3.2039382,3.2957673,3.4234118,3.2248654,5.334882,5.2513723,4.877191,6.5760093,3.978199,5.063292,4.4327717,6.20211,3.146573,2.7339237,3.1895041,4.5519595,4.736606,4.3219495,3.8149292,3.7350829,3.5942655,4.1152267,4.4595284,3.475771,5.3431964,4.558738,3.3852649,3.4679856,5.496872,5.3452544,4.677068,4.42646,4.6486382,4.800494,4.7611666,4.7197685,5.5065327,5.5287375,5.773597,5.3871937,3.283581,5.808985,3.5864344,3.6551368,5.00537,4.168296,3.5714269,4.374019,4.980207,3.399636,4.7249684,2.8298726,5.496985,4.1227903,5.256112,5.8723655,7.269908,7.318399,4.2652535,3.2522635,6.0014634,6.8852134,4.812948,4.651624,4.755612,4.8616624,4.263288,4.2532983,4.1623397,4.5742664,5.2075596,5.0442395,4.2641997,3.130426,4.134308,3.752258,6.1337986,4.6590037,4.2098846,4.351571,4.5104437,4.30668,4.6603713,5.261008,4.4501734,4.6991076,4.08111,4.6543317,3.6575286,4.446361,4.2262354,4.19607,4.2741766,4.1369863,4.124098,4.233164,4.1425834,4.385707,4.1445847,4.0865216,5.726495,5.5513544,5.18858,5.192917,6.472682,5.4885807,5.7238398,6.2266736,5.412488,5.793918,6.4111505,6.1828766,4.4935904,3.877945,4.7491007,7.9743614
4,3.4179747,3.096293,3.2749767,2.8917117,0.0,2.584205,5.4783635,5.574045,4.849636,4.222049,2.5201268,1.9052991,4.603097,4.758992,5.286571,4.895017,5.99074,5.9173546,5.3611665,6.74553,5.6216416,5.960182,5.2508097,6.6546926,4.386003,3.9993482,3.700745,4.9659743,5.4308786,5.7069798,4.3782067,4.782699,4.7893295,5.3615103,4.482464,3.747679,6.255965,5.294706,3.8393316,4.72014,5.806315,6.5428476,5.533725,4.7340965,6.080812,5.757189,5.912523,5.780801,5.2005205,5.2071204,5.098881,4.998574,3.6691368,6.39569,3.2696588,4.151795,4.2553205,2.9711647,3.791225,3.7587416,5.5213847,4.5678267,3.8516338,3.2500372,5.4689245,4.783622,6.001972,6.010142,7.1630373,7.752135,3.0632665,2.497831,6.2963514,6.461521,3.7319083,3.768677,5.444252,5.514076,4.3142486,4.284367,4.404038,4.3761554,4.7114034,4.9267864,4.025622,3.8247955,4.175915,3.6402335,6.18114,5.736854,3.987478,4.605788,3.7451787,3.8639438,3.9494398,5.2910695,3.3106694,4.18711,4.480849,4.4332705,3.831737,3.6690357,2.9079492,2.883594,3.2040806,3.4683793,3.1020966,3.4013863,4.738188,3.8299494,4.559835,4.1134706,4.2633867,4.1891603,4.213668,4.145964,5.5580516,4.046736,5.882458,5.773084,4.8586802,4.3572626,5.7402186,5.988867,3.950191,4.22296,5.7366233,7.348734
5,4.177033,4.080815,3.8876476,3.7851546,2.584205,0.0,4.515517,4.393336,5.1127086,4.829338,3.5488765,3.287701,5.071077,5.3228784,5.5235863,5.0699344,5.0191774,5.0057187,5.4791594,6.302324,5.885653,5.9237614,4.7560954,6.921815,4.8878894,4.568965,4.418282,4.3778787,5.746031,6.11242,4.9755874,5.3218594,5.3273687,6.026359,5.2181563,4.9442735,6.179089,5.5609713,4.613215,5.2514076,6.1405044,6.613966,5.9141183,4.3335357,6.5444207,6.2670507,5.6085987,6.1823454,5.9171267,5.904026,5.806596,5.956963,4.7333837,6.603398,4.4819765,5.0034127,4.738971,4.127166,4.547171,4.34728,6.0317535,5.490405,3.5683422,4.328811,6.299901,5.8462243,6.5990877,6.5238876,7.442038,7.960612,4.7119613,4.357758,6.4009514,6.6928496,4.6869507,4.4525347,6.2640533,6.355966,5.4899964,5.4643154,5.22207,5.2941713,5.863731,5.6022263,5.33358,5.2188787,5.393075,4.960555,6.6116385,6.259903,5.2921457,5.512636,5.030046,5.2616243,5.111615,5.9155555,4.697475,4.931967,5.3983727,5.209405,5.1437135,5.0179935,4.5322785,4.512345,4.7907734,4.8620358,4.6765213,4.783107,5.838657,5.1738486,5.622155,5.2878633,5.27516,5.254202,5.2750225,5.211074,6.1303034,5.0317354,6.3679814,6.134805,5.395311,5.2531853,6.2110786,6.2692337,5.1427393,5.293971,6.3028193,8.097687
6,4.652494,4.8820972,4.1801934,4.8016763,5.4783635,4.515517,0.0,2.1098747,3.5274634,4.3913183,4.5387588,5.24742,6.2236776,5.9419823,5.357269,4.418688,3.4868665,3.3665178,4.0731745,5.4032187,3.8526661,5.251582,3.3567436,5.792552,4.4342284,4.118566,4.5780296,5.248083,3.9196475,4.0972404,3.8301446,4.4540467,5.1629868,6.5962915,6.121835,5.8642554,5.678301,6.0639696,4.9812913,5.012232,7.1345444,5.911237,5.5979834,5.025594,7.0533233,7.1462426,5.306787,6.615772,6.0732646,6.080525,6.8316483,7.1356807,5.262246,5.509178,5.5015297,5.027344,4.199971,4.9229035,4.8107314,4.4757433,5.973061,5.7342873,4.4791317,5.672544,6.6710286,6.4284363,5.76358,5.7110195,8.257289,8.417895,6.76376,6.2271724,5.7386637,6.4700484,5.7846737,5.8191714,6.8058257,6.684356,6.835365,6.850907,6.2730513,5.7935266,7.786402,5.2826886,6.504292,5.912399,6.310361,5.977997,6.059591,4.9919286,6.5641294,6.0029993,6.1201806,6.631498,6.451978,5.603464,6.3135304,5.7921576,6.166495,5.3017564,6.3126745,6.3585873,6.9555244,6.9296427,6.7099915,6.5431237,6.661213,7.013613,7.014771,6.7088776,6.506917,6.348503,6.4362574,6.238679,6.2739563,6.5183043,8.041116,5.859762,5.6545377,5.599387,4.940504,6.4953513,6.0273943,5.6287866,6.739138,6.1167083,5.6534877,8.201041
7,4.5651035,5.35334,4.0257916,4.6757545,5.574045,4.393336,2.1098747,0.0,4.0467644,4.1962223,4.9923587,5.242816,6.146401,6.303667,5.1066017,4.0793905,2.8671458,3.5127072,4.4517665,5.5127735,4.156038,5.375855,3.5053053,6.14995,4.860807,4.6113153,5.1404505,5.521659,4.3050323,4.3989043,4.2453103,4.2261825,4.9343834,6.7560496,6.0730033,6.2324033,5.8723493,5.827632,4.960841,4.8117023,7.5116563,6.0445094,5.458764,4.7823963,6.9625735,7.0325527,4.9433846,6.5157533,6.6984496,6.7110996,6.893334,7.1528053,5.8658776,5.696217,6.117086,5.585398,5.0377746,5.6939445,4.700195,4.456482,6.5169845,6.0550227,5.2556477,5.6069565,6.8854284,6.7178016,6.01556,5.916451,8.467424,8.523821,7.1685486,6.6102057,5.87884,6.699114,6.1830063,6.1102304,7.171816,7.126024,7.133095,7.1460805,6.253331,5.83299,7.813914,5.204275,6.8902574,6.2845416,6.6803546,6.389644,6.0000367,4.693839,6.842397,6.3520017,6.5166078,6.9476013,6.825657,5.905357,6.898799,5.841144,6.5459504,5.827685,6.7151904,6.8290167,7.0688186,7.0351267,7.20529,7.0040917,7.1024084,7.1244526,7.2937856,7.1383524,6.8161426,6.789465,6.948285,6.7735224,6.6979737,6.6393147,7.174938,6.4980555,5.6258206,6.0665946,5.5242014,7.137551,6.321571,5.889591,7.1153526,6.4552846,5.7490907,8.545633
8,4.321535,4.2915845,2.464401,3.8392806,4.849636,5.1127086,3.5274634,4.0467644,0.0,3.2837374,3.0493138,3.9550223,5.8916297,5.6104493,4.915871,4.0140142,3.3885083,3.0352957,2.3460279,5.0515337,3.2751143,3.9425583,2.6498895,4.862307,3.3888977,3.2696848,3.4067335,4.9582305,1.9953085,2.7073944,1.9931607,2.116236,4.351719,4.7187257,5.095954,4.1783895,4.4919386,4.6106734,4.3707004,4.1919074,7.019637,5.3724303,4.6336784,5.3261223,6.3434944,5.9166822,4.77332,5.7715273,5.53089,5.5561357,6.544975,6.5613575,4.3909945,5.1116343,4.778427,2.9390569,3.6387904,4.1920958,4.318681,3.7491894,4.6463437,3.8411279,5.1100283,4.7622924,5.194626,4.5653086,4.0884304,3.5730855,7.3320904,7.204429,5.5804696,5.1773624,3.9860244,5.2901564,4.82566,4.3567505,5.260378,5.355732,5.177076,5.2036066,5.154825,4.818,6.6877656,4.3545227,5.0492773,4.5007915,4.8719077,4.9496746,5.5604687,3.5882025,5.0580516,5.016383,4.6167855,5.095794,5.012431,3.8403199,5.4850526,4.9393992,4.5975456,4.679745,4.7673016,5.334684,5.801149,5.808568,5.7336283,5.8410983,5.665873,6.194562,5.285582,6.301799,4.8086286,4.877295,5.513274,5.445917,5.486457,5.657652,7.5269256,5.1920075,3.971097,5.113817,4.2066994,5.773676,4.984345,5.2697835,5.649834,4.2774863,3.9546127,8.239593
9,3.2224882,4.099867,2.6713123,2.6662333,4.222049,4.829338,4.3913183,4.1962223,3.2837374,0.0,3.3861196,3.6103818,4.4327784,4.586815,3.3831367,1.7784617,4.5909867,4.619068,3.4584615,5.9927344,2.8914602,4.228962,4.0859375,5.614195,3.8176148,3.4898303,4.352308,5.312536,3.970239,3.7832851,3.4641805,3.386928,3.5227592,4.9646974,4.9093003,4.544785,4.812245,4.673617,3.7820525,3.5601373,6.4996176,5.728207,4.9735255,4.8888745,6.05859,6.0624704,5.3840594,5.975574,5.902244,5.936827,6.115977,6.1978874,4.5797257,5.343623,4.6219163,4.377024,4.4710617,4.6654897,3.555083,3.92606,5.595948,4.7984157,5.4594135,4.2297516,5.509101,4.969988,4.8754225,5.0541606,7.373681,7.4397683,5.3544235,4.76292,5.1753006,6.2120757,5.1824217,5.1525226,5.6121607,5.7544312,5.159933,5.1689415,4.9089265,4.7327476,6.250477,4.285792,5.2611737,4.678168,5.0739408,4.752229,4.787279,3.744267,5.1662364,4.619967,5.0751467,5.3627243,5.389199,4.747863,4.8720922,3.9675488,4.554971,3.7997668,4.8296857,4.8748984,5.1906557,5.190798,5.320663,5.0042405,5.0947633,5.1072645,5.447301,5.3083396,5.210114,5.151364,5.659103,5.589489,5.3096857,5.2691107,5.9815464,5.2127047,4.5576096,4.8348894,4.083964,5.4698668,5.1283917,4.4506493,5.1032486,4.573946,3.7555108,8.168201
10,3.179182,2.5630136,2.3120193,2.2478435,2.5201268,3.5488765,4.5387588,4.9923587,3.0493138,3.3861196,0.0,1.4377277,4.494852,4.198594,4.818532,4.121149,5.0024843,4.6119466,4.233709,6.0558186,4.355872,4.8806005,3.7937825,5.6333294,2.9569259,2.3309677,1.84184,4.091165,4.0625715,4.395568,3.3188593,3.5116506,4.6187577,4.1315045,5.054674,3.235021,5.4649057,5.0107346,3.6839101,4.451057,6.009043,5.961766,5.4075336,4.2914925,5.559573,5.13695,5.1994963,5.1739,4.7874713,4.8015957,5.7365894,5.656066,3.2502897,5.850519,3.5046368,2.4935246,4.046995,3.1112998,4.1977553,4.0994925,4.186163,3.1708055,4.055634,3.4722102,4.62859,3.9257333,5.191391,5.050019,7.240729,7.352328,3.8772535,3.030121,5.337688,6.155998,3.736454,3.3597157,4.5046916,4.637432,3.9597635,3.9383166,4.0624733,3.9397728,5.5267324,4.8622856,4.1038117,3.2698936,4.021491,3.61057,6.327579,4.8835034,4.0890384,4.328558,3.817474,4.07776,4.1207166,4.927465,3.9012587,4.7593436,3.5855408,4.533701,3.34566,4.280546,4.101561,4.1024218,3.9648848,4.148632,3.8954003,4.541187,4.1415567,4.66284,3.7796865,3.6731799,4.6805577,4.638303,4.601889,4.777443,6.770922,4.3745804,5.2807846,5.8212156,4.5345416,4.640976,5.7870564,5.9405694,4.4334893,3.2121696,4.8621273,7.8142815
11,3.0605311,2.8076072,2.563835,2.2059376,1.9052991,3.287701,5.24742,5.242816,3.9550223,3.6103818,1.4377277,0.0,4.4077444,4.509669,5.08684,4.3751884,5.2724843,5.1854444,4.851127,6.406859,4.9809647,5.3259597,4.4683833,6.046496,3.3987663,2.9053516,2.3753836,4.271803,4.6786823,5.0450664,3.9864666,3.8274941,4.7946067,4.363098,5.15353,3.4692552,5.9491673,5.13832,3.5144389,4.5661054,6.108329,6.41281,5.6577964,4.0598845,5.5158353,5.0620527,5.4721932,5.079139,4.986008,4.997134,5.389136,5.3313775,3.6254525,6.151777,3.7992806,3.0163634,4.5123196,3.3704815,4.258268,4.101361,4.539772,3.5380464,4.2203794,3.154287,4.5539117,4.0921326,5.5739737,5.3564534,7.3479624,7.487925,3.777238,2.9719458,5.687098,6.3134937,3.5375886,3.2917483,4.7076473,4.873724,4.009499,3.9733038,3.7923884,3.63844,5.233512,5.014018,4.110008,3.4106774,4.041789,3.6228275,6.447228,5.161365,3.997073,4.3424044,3.732344,3.983993,3.9950843,5.2728257,3.8744695,4.725188,3.6720667,4.881697,3.5057516,4.3541355,3.6910706,3.687418,3.9483345,4.141374,3.8040934,4.080483,4.2156897,4.593472,3.848065,3.7844007,4.560512,4.490057,4.497605,4.4169035,5.764362,4.401138,5.377813,6.063902,4.9399576,4.585546,5.9389167,6.1317906,4.449054,3.3418772,5.2012,7.665583
12,3.6670535,3.5571609,5.398986,3.2039382,4.603097,5.071077,6.2236776,6.146401,5.8916297,4.4327784,4.494852,4.4077444,0.0,1.5564781,2.8297322,4.0558324,7.060976,7.0126176,6.7643347,8.032378,5.751399,6.8529725,6.6969094,7.7836833,4.1362057,3.9778779,5.07979,6.163286,6.597553,5.9522142,5.9412537,5.9165854,5.039523,4.7957163,5.3414154,5.473286,6.2450337,6.365238,4.700675,4.96367,5.7377095,6.2764754,5.88661,6.2549915,5.2523675,6.3393006,6.9397945,6.4405713,6.687934,6.6807895,6.3682795,6.381805,4.1015997,6.878036,4.238619,5.084124,6.5864935,5.517082,4.995617,6.031014,6.5240765,4.848937,5.4278307,3.7465258,7.2943554,5.324489,6.4467974,7.4131603,8.404208,8.430683,5.2199025,5.1915793,7.164771,7.7987566,6.0820045,6.0142617,4.9122086,5.0907583,5.3554535,5.322676,6.33388,6.7364697,6.1261597,7.431128,5.002562,5.133541,4.961786,4.6551785,7.014952,7.0827646,5.0120277,4.3735604,5.6069508,5.260858,5.715654,6.784247,5.3991394,6.0813704,5.2290926,5.76924,4.5478425,5.704595,5.1811857,5.119059,4.9777083,4.330869,4.91348,5.1443586,4.198207,4.699893,5.0333977,4.891576,6.4737024,6.417687,5.935031,6.0466394,7.2706513,6.493218,7.3216248,7.225258,7.2962084,6.7117276,7.729958,6.9011617,4.3562636,4.9129243,6.0459275,8.622992
13,3.7962995,3.2971203,5.4312735,3.2957673,4.758992,5.3228784,5.9419823,6.303667,5.6104493,4.586815,4.198594,4.509669,1.5564781,0.0,3.0811403,4.2434607,7.2336445,6.934308,6.648091,7.9488697,5.618062,6.855252,6.592468,7.6083155,3.8788526,3.6862097,4.691066,6.1019588,6.4241567,5.6851244,5.6770396,5.9194136,5.2370763,4.654969,5.5670705,5.3478856,6.1905355,6.5461235,4.9156175,5.243579,5.2764173,5.8688154,5.9392967,6.412766,4.9969234,6.149092,6.79436,6.2486587,6.358477,6.35423,6.539183,6.5123925,3.703544,6.751605,3.9016798,4.8021827,6.3534684,5.24627,5.2165675,6.192777,6.02596,4.552861,5.24815,4.0153136,7.4792514,5.48722,6.5995274,7.559435,8.56038,8.609319,5.3952413,4.8946433,7.360592,7.993088,6.300857,6.005868,5.0102234,5.142755,5.555404,5.52955,6.2485023,6.641408,6.5128183,7.347818,5.1695395,4.7774787,5.153339,4.853373,7.352529,6.991313,5.267415,4.6279345,5.8009644,5.4809794,5.919166,6.938196,5.516797,6.497575,5.4056363,5.9017973,4.643703,5.8509607,5.6032977,5.546778,5.0697,4.476743,5.0734644,5.623608,4.3878818,4.895567,5.1743603,4.972469,6.627942,6.54803,6.0982294,6.415807,8.270357,6.5681763,7.646724,7.385111,7.0811977,6.8042274,7.9403844,7.156666,4.561806,5.0760746,6.287582,8.741846
14,4.0158763,4.5103197,4.666111,3.4234118,5.286571,5.5235863,5.357269,5.1066017,4.915871,3.3831367,4.818532,5.08684,2.8297322,3.0811403,0.0,2.8258398,6.1617975,6.1839905,5.6032853,7.1078653,4.6382747,5.8987246,5.890017,7.0094995,4.6525083,4.468568,5.6669407,6.60291,5.632342,4.762564,4.9318504,5.011273,4.2022047,5.335093,4.565444,5.851904,5.356315,5.6219664,5.1362443,4.514005,6.066319,5.0738525,4.626686,6.8153243,5.576604,6.587921,6.138497,6.732571,6.88404,6.903104,6.740646,6.688296,4.843316,6.0111027,4.839551,5.524189,6.12787,5.934692,4.1527233,5.4077196,6.8086047,5.3716626,6.2355146,4.6277523,7.867395,5.8775644,5.634506,6.8229594,8.128906,8.168444,6.071843,5.659373,6.6057315,7.3308296,6.8288817,6.565444,5.818002,6.008138,6.150328,6.162388,6.6929626,7.0274076,6.912598,6.3991237,5.8803716,5.6135225,5.851499,5.587648,6.1334476,5.770843,5.9073157,5.3754954,6.305166,6.09801,6.517668,6.103838,6.269378,5.6251006,6.0634456,5.3894987,5.4817348,6.0054812,5.997695,5.9523873,5.95311,5.4203596,5.897582,6.110305,5.226722,5.7821455,5.9264665,5.8147135,7.1236815,7.097008,6.6561055,6.7283325,7.6012464,6.8801365,6.723376,6.6484647,6.4034386,7.3591137,7.0443797,6.140443,5.262442,5.706509,5.5126224,9.144186
15,3.828226,4.5397058,3.6286786,3.2248654,4.895017,5.0699344,4.418688,4.0793905,4.0140142,1.7784617,4.121149,4.3751884,4.0558324,4.2434607,2.8258398,0.0,5.017789,5.0483766,4.3623743,6.1788197,3.556853,5.0282106,4.4417048,6.029518,3.9967144,3.7339375,4.9760776,5.899918,4.6543555,4.0626135,4.1444836,4.0606704,3.6925035,5.1237726,5.4724073,5.436876,5.0270896,5.2273746,4.1588717,4.1129804,6.7798915,5.940348,5.550934,5.086068,6.327998,6.5522566,5.954467,6.5803747,6.3152304,6.3446507,6.2546363,6.580942,4.8578715,5.3696527,4.902183,5.0108438,5.155348,5.2877173,4.056445,4.5810876,6.1566887,5.288159,5.6121793,4.532577,6.3058243,5.85215,5.855094,5.816996,8.003371,8.068223,6.0843253,5.5959115,5.757113,6.887289,6.001171,5.8537292,6.19499,6.3487086,6.0396748,6.0415907,5.548201,5.4029465,6.6888304,4.963452,5.8667955,5.439562,5.7327647,5.44713,4.7510204,4.3071723,5.773101,4.79391,5.852006,6.0739803,6.1394606,5.5841107,5.667501,4.8705783,5.389382,4.471897,5.347554,5.7826834,5.8466606,5.8075967,5.8393955,5.2437925,5.716477,5.8471074,5.995781,5.6123896,5.784304,5.734115,6.2043586,6.166758,5.6062245,5.6128044,6.5612235,5.8097725,5.5208006,5.3980575,5.0781446,6.263956,5.9972014,4.8548245,5.233333,5.2722864,4.246765,8.33541
16,5.588936,6.108955,3.9408126,5.334882,5.99074,5.0191774,3.4868665,2.8671458,3.3885083,4.5909867,5.0024843,5.2724843,7.060976,7.2336445,6.1617975,5.017789,0.0,1.5571449,3.1791136,4.8553824,4.463566,4.8141866,3.2072787,5.7770085,4.877424,5.031668,5.112924,5.2337446,3.336524,4.4278445,4.0221944,3.5503025,5.4558764,6.4168067,6.262484,5.9127426,5.6892567,5.6149974,5.2002845,5.177427,8.135895,6.5538187,5.7391014,5.3486004,7.49479,7.0455804,5.0928893,6.633837,6.905371,6.9100885,7.269208,7.6804047,6.369001,5.932512,6.678389,4.9562125,4.8530703,5.760492,5.771926,4.5357814,6.1137834,5.97822,5.6929545,6.112353,6.2998123,6.47504,5.5503798,4.5558615,8.417147,8.228758,7.363909,7.0989923,4.5116444,5.473853,5.7956834,5.2125235,6.7834063,6.8736877,6.856731,6.8704805,6.206716,5.5235996,8.101377,5.2908773,6.762746,6.4124727,6.5333347,6.7257204,6.3079023,4.716273,6.6647687,6.3264174,6.063021,6.7790613,6.4209285,5.2642407,6.9941854,5.9384027,6.0983996,6.1079574,6.7992196,7.0323815,7.3090706,7.317327,7.5843196,7.6056485,7.40276,7.4721828,7.160114,7.874068,6.755388,6.884409,6.589445,6.5360847,6.806055,6.700251,7.135998,6.420023,4.355864,5.743289,5.154261,6.6858926,5.4063478,5.638664,7.3266044,6.0432158,5.2945213,9.1359825
17,5.7753577,6.014682,3.9066195,5.2513723,5.9173546,5.0057187,3.3665178,3.5127072,3.0352957,4.619068,4.6119466,5.1854444,7.0126176,6.934308,6.1839905,5.0483766,1.5571449,0.0,2.7797725,4.5760317,4.240345,4.671293,2.8028543,5.4480767,4.6421213,4.849288,4.8228927,4.9157014,3.1313512,4.2219324,3.7628558,3.6466622,5.462123,6.049375,6.276547,5.535035,5.6178036,5.639268,5.2920394,5.3557324,7.9380193,6.5184083,5.9635634,5.508615,7.5385027,7.0406847,5.2354584,6.7255445,6.6272078,6.6315165,7.3208175,7.752994,6.1461263,5.831905,6.4371347,4.640453,4.6917267,5.5401254,6.0657487,4.8809047,5.8122954,5.7987375,5.4655833,6.2439175,6.254339,6.387262,5.5905714,4.567048,8.359969,8.186691,7.206434,6.830845,4.5926285,5.549189,5.786035,5.07389,6.5910363,6.710623,6.6984897,6.7151847,6.1541915,5.484224,8.143408,5.361108,6.620205,6.1114635,6.424413,6.683515,6.4866686,4.819384,6.5764985,6.2199874,5.9855986,6.699561,6.347208,5.263376,6.7384543,6.0393395,5.8590083,5.9154835,6.5513406,6.8349605,7.2998986,7.3147964,7.3541956,7.3916802,7.188647,7.456,6.9650345,7.6937714,6.680228,6.7733126,6.5331917,6.482692,6.7668114,6.848388,7.8816123,6.2977333,4.631151,5.7453256,4.837054,6.4148784,5.380517,5.641962,7.117923,5.8156323,5.1782365,9.310548
18,5.394399,5.6799717,3.162569,4.877191,5.3611665,5.4791594,4.0731745,4.4517665,2.3460279,3.4584615,4.233709,4.851127,6.7643347,6.648091,5.6032853,4.3623743,3.1791136,2.7797725,0.0,4.689804,3.4853635,3.9656992,3.4881942,4.9410563,4.5194306,4.710979,4.8877487,5.5839424,2.1490145,3.3044624,2.5444643,2.900044,4.5902615,5.931002,5.2258577,4.9224057,4.884835,4.8394856,4.7349586,4.644634,7.549849,6.054822,5.1447086,6.083901,7.4445662,7.012477,5.4944816,6.7760534,6.1220627,6.142032,6.723049,7.1494064,5.579992,5.2417593,5.582691,4.281869,3.295347,4.6025696,5.0388336,3.5824962,5.594283,5.601339,5.6254196,5.746314,5.8120713,5.8266134,4.614521,3.3766422,7.483923,7.5946417,6.2560406,6.0658565,3.5934148,4.4074826,5.1772313,4.51785,6.095755,6.232914,5.9006443,5.9357147,5.686543,4.9596486,7.3456154,3.9543033,5.8083878,5.5754485,5.706086,5.9608893,5.027656,3.8207753,5.787933,5.44743,5.0705686,5.8809304,5.507096,3.7875488,5.6899343,4.5123224,5.2972436,4.366693,5.8769407,5.691539,6.362401,6.3797474,6.3903837,6.434732,6.2397885,6.5782986,6.487406,6.8120694,6.212178,6.1500907,5.564272,5.442661,5.757192,5.865599,7.0771494,5.164662,3.2299032,3.9486058,2.9960427,5.3407955,3.4998398,3.9229765,6.101608,5.2528415,4.0319657,8.5794735
19,7.029362,7.225019,5.2922826,6.5760093,6.74553,6.302324,5.4032187,5.5127735,5.0515337,5.9927344,6.0558186,6.406859,8.032378,7.9488697,7.1078653,6.1788197,4.8553824,4.5760317,4.689804,0.0,6.14884,6.2595205,5.1192236,2.8957486,6.264648,6.383887,6.438174,6.8506055,4.9522634,5.6695237,5.082287,5.197485,6.5612755,7.4537096,6.9238563,6.8705797,6.914776,6.8404937,6.6333656,6.789623,8.771599,7.500009,6.91191,7.175402,8.679996,8.273171,6.823723,8.139288,4.470015,4.4816985,5.229458,5.95179,7.1851525,2.9601514,7.2215986,6.184287,5.671283,6.4560113,6.802916,5.661796,7.1962066,7.2090144,6.782365,7.296226,7.5518017,7.630321,6.7846375,5.7750955,9.027838,9.144411,7.81668,7.5625834,5.9206486,5.137801,6.797023,6.126045,7.7663617,7.89713,7.695904,7.760929,7.306242,6.616513,8.797959,6.0310326,7.55475,7.3289156,7.510903,7.6575346,7.0071836,6.0387993,7.536419,7.289434,6.963492,7.6249914,7.328908,6.284345,7.5138044,6.719456,7.2388673,6.664785,7.553693,7.5573406,7.837985,7.9017897,7.9646873,7.9823837,7.8845525,8.244394,7.8205123,8.183096,7.634816,7.5899334,7.2043576,7.1681695,7.413608,7.4648175,8.446307,6.9570646,5.893378,6.4058876,5.5792003,7.134337,6.0360713,6.315795,7.6854186,7.041026,6.504399,7.598339
20,4.411756,5.104777,3.5589578,3.978199,5.6216416,5.885653,3.8526661,4.156038,3.2751143,2.8914602,4.355872,4.9809647,5.751399,5.618062,4.6382747,3.556853,4.463566,4.240345,3.4853635,6.14884,0.0,4.1707234,3.6652753,5.375085,4.023765,3.7672462,4.638573,5.4308205,3.301871,3.0903037,3.462165,3.528809,3.8097966,6.267401,5.6949935,5.1759233,5.9225945,5.102816,4.1434326,3.7875412,7.6930184,6.055239,5.1219606,5.809387,6.797774,6.9393244,5.744324,6.571086,6.519019,6.5565944,7.2443037,7.386937,5.354883,5.6565413,5.7560654,4.8086853,4.843268,5.46521,4.9777756,4.8228455,6.013269,5.514918,6.099118,5.5706377,5.853336,5.470796,4.548939,4.7446237,7.588306,7.4481344,6.336209,6.1711755,4.9693413,6.2329526,5.4969954,6.026392,5.61924,5.42586,5.835164,5.8628926,5.860409,5.5598187,7.2780085,5.0659404,5.8616996,5.2723627,5.5368114,5.288184,5.59756,4.238982,5.8575597,5.2869234,5.5810003,6.004044,5.950626,4.6717653,5.863123,4.9330797,4.8635983,4.3822527,5.3689938,5.7734737,6.5638666,6.53278,6.3273816,6.1103787,6.240784,6.344234,6.129472,5.9200416,5.8901863,5.974882,6.683725,6.4450088,6.4086967,6.5889025,7.658073,6.048456,4.4521494,5.286522,4.9316244,6.4038267,5.539999,5.0573797,6.4569407,4.9999337,4.021291,8.522639
21,5.5804386,5.9547796,4.0628266,5.063292,5.960182,5.9237614,5.251582,5.375855,3.9425583,4.228962,4.8806005,5.3259597,6.8529725,6.855252,5.8987246,5.0282106,4.8141866,4.671293,3.9656992,6.2595205,4.1707234,0.0,4.3534865,5.74602,5.4439673,5.1409435,5.358328,3.8078659,4.7532406,5.1623964,4.9471292,4.823956,5.644038,6.4914637,6.721776,6.2258434,4.4396524,3.697061,5.784045,5.52769,7.2861915,5.7384634,5.5434566,6.130474,6.560291,6.191195,6.0113916,6.2625585,6.8564153,6.880673,7.6973133,7.770133,6.3720984,6.4747725,6.5976796,5.2263803,5.063181,6.0664306,5.656081,5.3862567,4.938876,5.972568,6.517524,6.374442,6.0625525,5.704478,4.8713183,4.8270006,4.6465654,4.284336,6.6060715,6.535097,4.3150167,6.128278,5.849197,6.0292954,6.1708126,6.3327026,6.107878,6.1354117,5.3312063,6.344604,7.300417,5.8650765,6.50937,6.310369,6.3036294,6.0673294,6.537033,5.3325257,6.484996,6.3783455,6.0333223,6.4724035,5.7433524,4.361014,6.284288,4.7670064,4.7729,5.340302,5.93178,6.129155,6.649367,6.6685505,6.757463,6.8295226,6.6266785,6.345812,6.3236547,7.090064,5.643805,5.8347616,6.801768,6.703614,6.851,6.914424,7.5652046,6.206022,4.7703314,5.314961,5.129651,6.412245,5.6244683,5.715759,6.929681,5.339292,4.968877,9.3517275
22,5.1209755,5.268819,2.8832908,4.4327717,5.2508097,4.7560954,3.3567436,3.5053053,2.6498895,4.0859375,3.7937825,4.4683833,6.6969094,6.592468,5.890017,4.4417048,3.2072787,2.8028543,3.4881942,5.1192236,3.6652753,4.3534865,0.0,5.0555954,4.5633974,4.144242,4.1934967,4.7832837,3.3602695,3.7854743,3.4352,3.351651,4.9667335,5.7146535,6.2463484,4.9929233,5.6231375,5.1764274,5.107982,5.0193586,8.338944,6.8874702,6.139301,4.6417217,7.613892,7.013076,5.25053,6.776141,6.234756,6.255437,7.2285852,7.289206,5.6696987,5.8492584,6.012431,4.4986105,4.879398,5.388187,5.1841254,4.843127,5.9179125,5.164967,5.595956,5.7873554,4.9853024,5.3649907,5.166314,4.3944697,7.602275,7.490962,6.188429,5.9457955,4.793906,6.238198,5.242103,5.3400936,6.2232733,6.3198714,5.8033137,5.8297043,5.7406344,5.3728986,7.156535,4.956473,6.0836062,5.6282363,5.8651805,5.623665,5.924924,4.261286,6.0393667,5.985592,5.6242127,6.079128,5.9708796,4.8726006,5.9705596,5.261251,5.1049676,5.07728,5.329293,5.8558707,6.258042,6.250313,6.259399,6.3579783,6.197975,6.5409307,6.329672,6.705901,5.583797,5.724894,6.4207735,6.2147794,6.097183,6.1934595,7.649602,5.717546,4.6613655,5.8350735,4.954812,6.227297,5.632646,5.787253,6.5715785,4.897275,4.417133,8.702035
23,6.7350698,6.8318834,4.99041,6.20211,6.6546926,6.921815,5.792552,6.14995,4.862307,5.614195,5.6333294,6.046496,7.7836833,7.6083155,7.0094995,6.029518,5.7770085,5.4480767,4.9410563,2.8957486,5.375085,5.74602,5.0555954,0.0,6.005583,5.7005925,5.7807374,6.6658435,4.735778,5.325818,5.0986185,5.0927515,6.7118053,7.384697,7.364544,6.79033,7.3889217,6.9994287,6.513017,6.8619957,9.196122,7.9334044,7.230136,7.288233,8.595684,8.413286,7.583914,8.268539,3.6614637,3.7009282,5.3316917,5.9274015,7.076846,3.223529,7.285716,5.785624,5.8994126,6.493827,6.759186,6.0782447,6.90009,6.88351,7.2059402,7.3461976,6.5720005,6.6963844,5.803708,5.177983,8.413052,8.354538,7.2643948,7.2067695,5.75223,5.2020035,6.0397344,6.350833,6.7978067,6.8734574,7.0093246,7.086033,7.23972,6.5936747,8.693775,6.471571,7.216129,7.042768,7.0595446,6.796122,7.157813,6.16063,7.236259,6.9482365,6.5662208,7.2500124,6.988224,6.041971,6.9402957,6.361568,6.205013,6.191918,6.6578054,6.999606,7.4332585,7.4933066,7.4074264,7.457831,7.3853707,7.7340026,6.959469,7.55678,6.6967206,6.793777,7.08433,6.8954015,7.225008,7.375022,8.377426,6.4065127,5.4891353,6.436106,5.5492196,6.6307645,6.0394917,6.1844106,7.5955377,5.997231,6.0950027,7.214492
24,3.3608992,3.0223773,3.9324129,3.146573,4.386003,4.8878894,4.4342284,4.860807,3.3888977,3.8176148,2.9569259,3.3987663,4.1362057,3.8788526,4.6525083,3.9967144,4.877424,4.6421213,4.5194306,6.264648,4.023765,5.4439673,4.5633974,6.005583,0.0,1.6577034,2.6055026,4.7217617,3.8107889,3.7615983,3.597301,3.4373295,4.0144224,3.9811416,5.4687757,3.7966797,5.3544283,5.1762652,2.4617796,3.6306298,6.0738487,5.6326275,5.1953154,4.5901113,5.1009755,5.090672,5.5234685,4.827784,5.349083,5.3513756,5.7097774,6.008645,2.719256,5.427953,3.6270423,2.1009474,4.30808,3.5362015,4.9590397,4.3381715,4.0123205,2.9168758,3.8784206,3.0984397,5.1063056,4.529011,5.583205,4.994726,8.010797,7.8572607,5.2037983,5.0781746,5.011685,6.15025,4.377666,3.902677,4.337051,4.1910524,4.8213086,4.792602,4.3092823,4.037507,5.794884,5.478772,3.9058661,3.4569879,3.649186,4.103106,6.0389767,4.971779,3.8577816,3.009845,3.8354971,4.194361,4.0986934,4.976759,4.971021,5.731166,3.8856525,5.1616573,3.9697843,5.5501795,5.4512744,5.401725,5.0614085,4.7769775,5.0303226,5.526165,4.570429,4.9467015,4.162729,4.2289195,4.9489365,4.8376675,4.606856,4.867179,7.327406,5.2385697,5.1283665,5.7385263,5.8345375,5.6491585,6.272917,6.0178394,4.570834,3.7356741,4.41772,7.192032
25,2.9757867,2.477688,3.4560945,2.7339237,3.9993482,4.568965,4.118566,4.6113153,3.2696848,3.4898303,2.3309677,2.9053516,3.9778779,3.6862097,4.468568,3.7339375,5.031668,4.849288,4.710979,6.383887,3.7672462,5.1409435,4.144242,5.7005925,1.6577034,0.0,1.8828588,4.418641,4.015249,4.050971,3.8019097,3.6835873,4.557823,4.446059,5.80057,4.216629,5.6640587,5.521677,3.1225162,4.1414294,6.440204,6.006911,5.5565753,4.278971,5.3695097,5.4566674,5.718493,5.2730956,5.0160704,5.023874,5.895287,6.0750895,3.1314673,5.6363597,3.9193854,2.463415,4.4951315,3.7405055,4.627886,4.5503983,4.2447815,3.1670992,4.151994,3.4919345,4.7153745,4.088099,5.2382693,5.099456,7.749117,7.602907,4.8200116,4.6838427,5.1651607,6.3153715,3.9722474,4.1635485,4.0674906,3.9228253,4.4824533,4.453249,4.6350493,4.417485,6.008485,5.6947756,4.2944555,3.9093041,3.9815364,3.5562866,6.298127,5.2459846,4.2697372,3.6363192,4.1102114,4.446954,4.429316,5.2000136,4.6508503,5.4382854,3.5227513,4.878333,3.5636277,5.2256145,5.108187,5.067349,4.730086,4.5068293,4.7394795,5.277378,4.2646737,4.725039,3.697193,3.7957504,5.0556393,4.9761143,4.7772703,5.0315146,7.165026,4.8808827,5.291379,5.927233,5.5968227,5.3569765,6.388009,6.0155115,4.8097496,3.2671456,4.6757536,7.2981863
26,3.5595818,2.853726,3.32312,3.1895041,3.700745,4.418282,4.5780296,5.1404505,3.4067335,4.352308,1.84184,2.3753836,5.07979,4.691066,5.6669407,4.9760776,5.112924,4.8228927,4.8877487,6.438174,4.638573,5.358328,4.1934967,5.7807374,2.6055026,1.8828588,0.0,4.0501766,4.121475,4.587763,3.9002488,3.796528,5.4640427,4.615287,6.1751924,4.0562506,6.211358,5.8131647,3.8443213,5.039304,6.445763,6.275652,5.9510555,4.3288074,5.397618,5.1267114,5.5538,4.885374,4.841437,4.847993,6.089491,6.1407833,3.606532,6.155291,4.3215704,2.1325164,4.5182123,3.5783195,5.1775703,4.776154,3.6092086,3.075258,4.1758304,3.9864686,4.6211534,4.24921,5.529968,5.2354445,7.834979,7.7034044,4.886258,4.1344776,5.5824313,6.45117,3.7833908,3.6409175,4.4447284,4.396508,4.653765,4.6246533,4.2536964,3.9016178,6.3588886,5.693753,4.630897,3.5865762,4.3916874,4.021514,7.221576,5.419319,4.6302586,4.6119246,4.1861176,4.6184645,4.485089,5.577682,4.8475065,5.923089,3.8067396,5.6474137,3.9466634,5.4059286,5.2344,5.217071,4.978752,5.136115,4.9672084,5.5154266,4.524333,5.450063,3.9121504,4.0381513,5.131665,4.9879074,5.1584907,5.3780823,7.400781,4.9279857,5.6099253,6.543025,5.440243,5.2690864,6.586401,6.7357526,5.466427,3.4948804,5.578842,7.7605643
27,4.930079,4.8715634,4.6693964,4.5519595,4.9659743,4.3778787,5.248083,5.521659,4.9582305,5.312536,4.091165,4.271803,6.163286,6.1019588,6.60291,5.899918,5.2337446,4.9157014,5.5839424,6.8506055,5.4308205,3.8078659,4.7832837,6.6658435,4.7217617,4.418641,4.0501766,0.0,5.881201,6.351504,5.834654,5.7103505,6.324654,5.9665475,7.3140473,5.6577272,5.6663136,4.88788,5.303617,5.8907695,6.3359346,6.3551297,6.526137,4.4877825,5.6353555,5.1073823,5.8252187,5.0198083,6.3683586,6.3620915,7.272822,7.3043704,5.588539,7.1668854,6.0426416,4.638089,5.5967903,5.4865365,6.3587933,6.0558515,3.9580784,5.2237763,4.962313,5.5906615,5.6785874,5.526624,6.3955693,6.311827,5.8312287,5.5237985,6.130144,5.767893,5.823227,7.188777,5.2091613,5.2589884,5.788566,5.85613,5.7159786,5.692538,4.3743167,5.626809,6.8229113,6.8537083,6.048588,5.4834795,5.8022923,5.530859,8.000127,6.6330667,6.010879,6.0273337,5.689521,6.0096536,5.2220197,5.936249,5.7895875,5.982913,4.240057,6.3092375,5.469078,6.2145147,6.264288,6.2810845,6.2337327,6.365393,6.0714383,5.7896285,5.8702602,6.5004826,5.0949383,5.270038,6.484033,6.3924375,6.5699067,6.686331,7.754285,6.234195,6.303823,6.7524366,6.313524,6.1087613,7.1432147,7.268625,6.7022843,4.9798145,6.2435513,8.996484
28,5.227411,5.3476677,3.1214826,4.736606,5.4308786,5.746031,3.9196475,4.3050323,1.9953085,3.970239,4.0625715,4.6786823,6.597553,6.4241567,5.632342,4.6543555,3.336524,3.1313512,2.1490145,4.9522634,3.301871,4.7532406,3.3602695,4.735778,3.8107889,4.015249,4.121475,5.881201,0.0,2.2111874,1.8644043,1.875,4.5528893,5.7851877,5.304648,4.839445,5.750396,5.3081317,4.2964315,4.5845284,7.8957863,6.089095,4.986956,6.1913457,7.158173,6.943055,5.6526775,6.587108,5.884745,5.908624,6.568108,7.018996,5.1845264,5.1255383,5.5082374,3.5516803,3.589198,4.4746857,5.1382146,3.6604,5.399998,4.973197,5.5375557,5.4716024,5.62831,5.5101385,4.265807,2.8688858,8.028739,7.971367,6.252309,6.1041703,3.7679589,4.51465,4.793066,4.476794,5.549357,5.541188,5.93527,5.968987,5.7983465,4.751553,7.423122,4.36371,5.485987,5.129131,5.335115,5.6167545,5.464854,3.7877812,5.4991136,5.1643715,4.719214,5.555172,5.356776,3.9656,6.009058,5.2923,5.2341466,5.023453,5.4781723,5.995881,6.4757795,6.4494042,6.3909698,6.4556613,6.370769,6.8455787,6.043819,6.724152,5.7967553,5.8741193,5.6204405,5.353246,5.736678,5.8858705,7.4159985,5.2406697,3.3458598,4.883941,4.1590524,5.8337007,4.3672576,4.8046236,6.2194757,4.841554,4.3247533,8.205008
29,4.843609,5.1304045,3.5931826,4.3219495,5.7069798,6.11242,4.0972404,4.3989043,2.7073944,3.7832851,4.395568,5.0450664,5.9522142,5.6851244,4.762564,4.0626135,4.4278445,4.2219324,3.3044624,5.6695237,3.0903037,5.1623964,3.7854743,5.325818,3.7615983,4.050971,4.587763,6.351504,2.2111874,0.0,2.1722817,2.3817017,3.8334603,5.3519306,5.058783,4.7935586,5.381341,5.0608845,4.398957,4.1884575,7.526051,5.53991,4.742205,6.3698163,6.6401343,6.879952,5.388335,6.3731027,6.27683,6.300561,6.772156,6.956636,4.8263373,5.1233506,5.184369,4.0712786,4.4415197,4.9635043,4.8189607,4.2338567,5.724685,4.712777,5.857417,5.161833,6.2156982,5.571236,4.5866323,4.1271234,8.049139,8.013138,6.3531055,5.9849896,4.71155,5.6738563,5.7577586,5.379873,5.640208,5.692473,6.0278683,6.0763965,5.8551536,5.285991,7.158585,4.585286,5.4839935,4.830267,5.3745995,5.6753845,5.232857,3.482025,5.553839,5.0841017,5.285247,5.6673164,5.768746,4.4448967,6.2468457,5.5128884,5.607582,5.0820584,5.3566446,6.0428247,6.5503683,6.4831195,6.274624,6.145429,6.3057804,6.7806387,5.982013,6.4961233,5.8397,5.8903317,6.5094247,5.9445486,5.853548,6.0866823,7.957921,5.99839,4.4549246,5.398748,5.024168,6.7088146,5.305585,5.2454896,5.9791985,5.1662126,4.140384,8.315758
30,4.3423414,4.4622254,2.4357057,3.8149292,4.3782067,4.9755874,3.8301446,4.2453103,1.9931607,3.4641805,3.3188593,3.9864666,5.9412537,5.6770396,4.9318504,4.1444836,4.0221944,3.7628558,2.5444643,5.082287,3.462165,4.9471292,3.4352,5.0986185,3.597301,3.8019097,3.9002488,5.834654,1.8644043,2.1722817,0.0,1.7828844,3.4812968,5.2411327,4.0838733,3.815577,5.2207093,4.583831,3.7813988,3.763459,6.836978,5.2429724,4.091215,5.7622714,6.461929,6.1506042,4.795742,5.896678,5.494289,5.528275,5.9678693,6.0688415,4.0913,4.828316,4.2113986,3.4421139,3.0427115,3.570603,3.935932,2.797315,5.2131715,4.2967,4.9322433,4.432587,5.7925143,5.2540417,4.6341453,3.8792696,7.729366,7.9494476,5.356778,4.7791796,4.595562,5.2014284,4.8835373,4.255702,5.7367,5.7213035,5.483933,5.517461,5.039556,4.296609,6.3477306,3.1700382,4.787341,4.0065584,4.7860217,5.070571,4.9761305,2.999091,4.822133,4.8907127,4.3632884,4.849898,4.9156437,3.7743835,5.358714,4.7449784,5.2831736,4.440515,4.937038,5.1275616,5.546285,5.511585,5.4391756,5.524215,5.44229,6.0227046,5.7303815,5.819635,5.489463,5.355137,5.319841,5.079158,5.1411705,5.296383,7.2817507,5.0282383,4.13483,4.8536563,3.8454742,5.78094,4.595792,5.0301137,5.3066325,4.8452086,4.2529416,7.76056
31,4.389145,4.7797465,2.3179324,3.7350829,4.782699,5.3218594,4.4540467,4.2261825,2.116236,3.386928,3.5116506,3.8274941,5.9165854,5.9194136,5.011273,4.0606704,3.5503025,3.6466622,2.900044,5.197485,3.528809,4.823956,3.351651,5.0927515,3.4373295,3.6835873,3.796528,5.7103505,1.875,2.3817017,1.7828844,0.0,3.7274523,4.999686,4.7598023,4.15256,5.463904,4.5569553,3.7123404,3.8097992,7.4125853,5.62356,4.440825,5.5267434,6.2733703,5.8654985,4.7118707,5.6348968,5.8573084,5.8905497,6.2360725,6.356968,4.6506224,5.0749164,5.053346,3.315474,4.131679,4.458409,4.5281763,3.425349,5.13598,4.1222134,5.6282806,4.483032,5.418896,5.0943027,4.6568995,3.5874887,7.9768505,7.867663,5.849047,5.3976164,4.251361,5.249568,4.952619,4.228981,5.454609,5.5115805,5.4721713,5.4975357,4.8938017,4.1344514,6.594366,3.795667,5.075687,4.3154387,4.944521,5.2901006,5.454248,2.963319,4.986109,4.981006,4.587565,5.085457,5.1156535,4.1569495,5.934088,5.207165,5.0759797,5.2062144,5.0379343,5.813522,5.8734083,5.8421683,6.027993,6.0929055,5.9823785,6.3299704,5.608411,6.3751097,5.3136373,5.4685493,5.767699,5.5756917,5.5985336,5.537806,6.8876147,5.6284733,3.8302557,5.5187783,4.704515,6.2473454,5.124213,5.5094137,5.816833,4.595654,4.1461363,8.113486
