,0,1,2,3,4,5,6,7,8,9,10,11,12,13,14,15,16,17,18,19,20,21,22,23,24,25,26,27,28,29,30,31,32,33,34,35,36,37,38,39,40,41,42,43,44,45,46,47,48,49,50,51,52,53,54,55,56,57,58,59,60,61,62,63,64,65,66,67,68,69,70,71,72,73,74,75,76,77,78,79,80,81,82,83,84,85,86,87,88,89,90,91,92,93,94,95,96,97,98,99,100,101,102,103,104,105,106,107,108,109,110,111,112,113,114,115,116,117,118,119,120,121,122,123,124,125,126,127
0,0.0,5.260671,5.371888,5.4904003,6.1790247,4.3754478,6.7407427,7.498759,4.9918656,4.9800496,5.0947742,5.172226,5.9045033,4.97628,7.219619,6.5067387,6.9949074,6.193232,8.661417,8.354364,8.709715,8.751864,7.407483,7.9632845,7.8408723,8.284661,9.092103,9.085347,8.512841,9.04601,7.8212495,7.7975273,5.337404,5.9716945,7.211352,6.1051273,5.9824033,5.4996133,4.7437263,5.852687,7.0161476,6.5401354,5.133742,6.107301,7.6083026,7.1519165,6.075978,6.9171467,7.5827913,8.311339,8.421132,8.203541,7.9298315,8.734146,7.8459296,9.058356,6.0224004,5.670225,5.6557302,6.386743,5.886041,5.174782,5.1915197,5.748317,7.694991,10.086508,6.7553225,7.29264,7.1969767,7.479784,7.462236,7.7938313,6.670226,6.6218524,6.964146,5.537735,6.386376,6.3919306,7.739402,7.3210597,6.4901342,7.0428553,6.7341485,6.747501,8.350344,5.9927373,7.6155267,6.597396,8.54021,7.2821293,7.8154573,7.0889025,6.147947,5.919023,6.2858396,7.2309284,5.468326,5.0075936,5.974941,4.58194,7.138546,7.125792,6.2721143,7.154259,6.817815,5.444931,7.1194077,8.486144,6.3694806,7.087585,6.7540407,6.7930617,5.91271,6.203884,6.3250084,6.0377865,7.0027685,6.354931,6.430586,6.335292,5.9428024,5.6272955,5.6911397,5.688833,5.8941216,6.3018937,6.516249,6.0348535
1,5.260671,0.0,3.268297,3.2223856,4.7710485,6.2187614,4.6538463,5.6942153,6.445566,6.4202566,5.0547075,5.1646323,7.5739775,6.9711633,8.433276,7.9124246,7.781827,5.4020576,9.137339,8.944957,8.729336,8.721648,7.2183704,6.558639,8.688321,9.0304165,9.855522,9.752023,9.3982115,9.388225,8.25556,8.230269,5.0250726,5.769859,6.656653,4.8676057,6.5593357,6.1412582,5.147628,6.449968,8.190453,7.907385,5.953283,6.1205044,7.761334,7.1375837,6.054537,7.8379045,6.7801466,7.5471654,8.077463,7.5296283,8.380162,8.13136,7.2508335,8.955686,5.488407,6.0061154,5.7330894,5.2038555,6.0554223,5.188598,5.242851,5.8987665,8.125579,9.97107,5.970563,6.570233,7.7200046,7.4462914,7.4129987,7.7041984,6.6792407,6.4987426,7.8387675,5.3204694,7.172079,7.1672115,7.64784,7.6039453,6.3498206,6.8132977,6.5983686,6.6529646,7.266841,5.9167495,6.3205304,6.4727182,7.519801,7.1959667,6.9266276,6.458853,6.1419296,5.899668,6.144591,7.186678,5.338031,5.235602,6.2257934,5.010414,7.287588,7.2749577,6.817545,7.344278,7.063419,5.742175,6.7919035,8.330343,6.0193768,6.7534485,6.402762,6.4715443,5.8133154,5.951162,6.206413,5.808356,7.1332045,6.33481,6.4196224,6.3229566,5.908991,5.2627115,5.7072396,5.725357,5.875087,6.400191,6.59967,6.2577295
2,5.371888,3.268297,0.0,0.64904225,5.3487105,6.7056727,5.4282417,6.19964,5.774553,5.7596693,4.5100684,4.2511134,7.267994,6.7694793,7.588842,7.0598884,7.439896,5.2026377,8.3532505,8.18033,8.789884,8.792962,6.846525,6.4871807,7.4200296,7.6660237,8.905327,8.787035,8.74765,8.437735,7.064008,7.034509,5.6658697,6.533413,7.636491,5.8901763,6.2412457,6.687905,5.3427434,6.126874,7.805124,6.8096256,5.472236,5.6784077,7.5065794,6.9360957,5.3981304,7.4059687,7.431694,8.549693,7.4986043,8.125895,8.906224,8.973306,7.52209,9.104959,6.4080415,6.2146363,5.3518114,4.270139,5.7015467,4.7248673,4.6197753,5.1248884,8.067029,10.016798,6.105548,7.6434703,7.624794,7.40602,7.3735547,7.6880927,6.5248804,6.509181,7.807597,5.1596856,7.076789,7.070388,8.567143,7.8242483,6.0767198,6.525431,6.466649,6.597995,8.128093,5.195701,6.283051,6.459382,8.151542,6.8988714,7.4050174,6.6068068,5.6372414,5.7541666,5.648629,7.0831127,4.8798175,4.623769,6.8345127,5.6983457,6.6412373,6.628615,7.552934,6.7069073,6.707931,6.5866084,6.7704797,8.900843,5.306034,6.49913,7.274653,6.4907928,5.668426,5.729937,6.1025295,5.6430936,6.883954,6.0527787,6.138018,6.039459,6.1467977,6.58032,6.8299294,6.83417,7.1116705,6.316783,6.457557,6.0086837
3,5.4904003,3.2223856,0.64904225,0.0,5.3020344,6.804782,5.418996,6.1827826,5.713273,5.7005563,4.4453206,4.182724,7.2362337,6.7297034,7.537144,7.0238385,7.560641,5.250293,8.411868,8.264156,8.788562,8.79057,6.7807536,6.443437,7.5162783,7.7545714,8.987274,8.856163,8.837294,8.520908,7.166287,7.136963,5.8475194,6.6910243,7.4685097,5.6862264,6.344701,6.7908015,5.4678903,6.234299,7.838419,6.867321,5.5644283,5.787205,7.545109,6.990592,5.5058594,7.451727,7.40846,8.520224,7.4693103,8.08367,8.854489,8.948323,7.5235696,9.082996,6.5835123,6.378693,5.4564586,4.401214,5.827295,4.8547072,4.739846,5.2130885,8.025852,9.969877,6.0629334,7.602877,7.5710845,7.360342,7.3280993,7.6469173,6.478242,6.460605,7.7637916,5.097923,7.0276394,7.0206957,8.533359,7.7674136,6.0018315,6.4567018,6.3933525,6.5256987,8.082249,5.1451206,6.224231,6.3910728,8.105436,6.8437157,7.3523216,6.572411,5.547202,5.6699624,5.5680327,7.0122914,4.7900414,4.743945,6.7954383,5.6474595,6.7383547,6.725971,7.5254393,6.8007655,6.6627545,6.56106,6.721773,8.936307,5.2675567,6.4357576,7.217993,6.4185996,5.614853,5.6652355,5.999967,5.581173,6.815405,5.966679,6.0626826,5.9577236,6.0785227,6.5399456,6.763497,6.767449,7.045702,6.2449656,6.3780384,5.9213395
4,6.1790247,4.7710485,5.3487105,5.3020344,0.0,4.8330483,5.404024,5.6260276,5.8380985,5.829908,4.2526827,4.420266,7.4532886,6.469776,7.229266,6.8687353,5.617876,5.9166822,7.753512,7.2843623,7.3014703,7.197412,5.6687922,4.8607187,7.458754,8.23243,8.120845,8.072012,7.926635,8.834704,8.051995,8.028992,6.547191,6.3939166,7.4293137,5.9190598,7.565848,7.303129,6.661882,7.489684,6.921839,7.4781117,6.195178,6.4407,7.3621173,6.71128,6.718827,7.9722066,7.6650805,6.906635,7.7401643,7.27002,7.182917,7.346318,7.2748823,7.807923,7.2780943,6.981087,6.151188,6.338776,6.525346,6.381398,6.84425,6.800006,7.3484626,7.5520616,6.4378033,5.9770823,6.6801434,6.4345264,6.424259,6.7257376,5.678183,5.37813,7.0025983,4.972272,6.234108,6.230934,6.656175,6.493574,6.0147743,6.526266,6.238215,6.054509,7.076078,6.182491,5.3496714,5.5397034,8.087468,6.725637,7.329427,6.7026258,6.007328,5.775536,6.0019064,6.7431912,6.4777093,5.5124426,7.412601,6.2296367,8.18235,8.1554165,6.986944,8.1510105,8.15795,6.883391,6.9080253,8.883526,7.112705,6.7019215,6.3968573,6.3648043,4.5341306,4.566615,5.1510477,4.7933273,6.3971305,5.5221863,5.6664467,5.5176673,5.344367,4.5492177,4.760934,4.7466993,5.23075,5.672666,5.607325,5.930728
5,4.3754478,6.2187614,6.7056727,6.804782,4.8330483,0.0,6.312828,6.4711537,3.8714318,3.837142,4.7645435,5.321353,6.8728294,5.2210584,6.660267,6.2840824,5.295351,4.9201417,7.3687716,6.944167,7.5652614,7.5507045,5.7349286,6.053205,7.4671063,8.106098,7.7662215,7.8996487,7.771462,8.661505,7.9109454,7.891629,5.717991,5.8328485,7.454787,6.1645284,5.6914463,5.3166404,4.742528,5.572419,5.223425,6.3089194,5.392665,5.3113885,6.041992,5.544418,5.8296576,6.4139943,7.5996313,6.410114,7.846979,7.1654253,7.1444206,6.99606,6.6447573,7.2781343,6.4463882,5.9798923,5.151473,6.47904,5.5693545,5.4728737,5.948244,5.8096013,5.6275163,7.651542,7.039086,6.0235114,4.8989167,5.27924,5.2719116,5.5595613,5.332431,5.2699356,5.6140933,4.686003,4.612779,4.6222057,6.2549453,6.0004163,5.60414,6.0645657,5.676263,5.51697,7.0570073,6.1399565,6.2507834,5.283721,7.808544,6.2464643,6.9702797,6.3827896,5.673496,5.437968,5.5950975,6.3465824,6.1451416,4.784771,5.8458667,5.8111033,6.6101785,6.5777287,5.3774385,6.537723,6.4384747,6.4424653,5.425229,7.896552,5.8897552,5.36856,4.9969225,4.909035,4.3448772,4.2874813,4.835281,4.6932178,5.9777145,5.199175,5.1423125,5.198023,4.412973,3.773945,5.6433883,5.6258144,5.1365976,5.444355,5.339095,5.555744
6,6.7407427,4.6538463,5.4282417,5.418996,5.404024,6.312828,0.0,4.1734076,6.874414,6.865706,5.6562514,6.240662,8.697186,7.5772653,7.627305,6.974875,7.0594883,5.396388,8.87233,8.267568,8.475395,8.449067,6.765111,6.704192,8.300423,9.211281,10.079615,10.096068,8.690819,8.3652315,8.367311,8.345654,6.833978,7.079288,7.2976956,5.974947,7.6889133,7.4460077,6.2589307,7.555038,8.322696,7.864467,7.0889497,6.7322106,7.8260436,7.237004,6.960858,7.7344775,7.373183,7.5425816,8.002603,8.4673,8.213637,7.929238,6.5980244,8.377312,6.506106,6.820427,6.478047,6.2761497,6.1219096,5.971007,5.8653555,5.7457438,7.194846,9.770421,7.1953506,7.610983,7.9512415,7.5024524,7.4731894,6.8223743,7.243139,7.19702,8.428794,6.2348313,6.7896366,6.7837496,7.3594394,7.993487,7.698648,8.011689,7.7901816,7.6901846,8.318316,6.7231426,7.7653255,7.851412,8.616446,8.060698,7.9813457,7.4363294,7.7182035,7.5926037,7.807819,8.754682,7.0945287,7.0180864,7.047226,6.8782253,8.235332,8.19742,6.7295203,8.126161,6.352255,6.2257533,6.2561474,8.753208,6.5650887,7.623135,7.425189,7.3255844,6.0433145,6.097077,6.5745506,6.620113,8.141228,7.0189066,7.086732,7.019048,6.713892,6.4734836,7.6333246,7.6143365,7.257814,7.258911,7.647198,7.607918
7,7.498759,5.6942153,6.19964,6.1827826,5.6260276,6.4711537,4.1734076,0.0,6.5357695,6.597774,5.4303718,6.0405645,8.675133,7.464815,6.547967,6.1926007,6.5705633,5.1173925,8.614066,8.205981,6.986718,6.9564013,4.4566255,4.6111097,8.081091,7.968675,8.56833,8.591955,7.8181067,6.6476917,8.119137,8.093914,5.947569,5.7589674,5.5181007,5.27144,6.0980754,5.8159657,5.3993597,6.0578175,6.7846684,5.8434186,5.5001884,4.970828,6.2089963,5.3212667,5.203736,6.0323877,7.6293054,7.72487,6.2333117,8.631968,6.983937,8.389584,7.258684,9.266387,5.235583,5.4363055,4.35414,5.160153,4.085045,4.9273996,5.0106773,4.796911,6.2871437,7.352367,5.6646805,5.9652047,6.799547,6.550989,6.5248246,5.7602277,6.5187373,6.3723125,7.6829605,7.1322284,6.512776,6.4762397,6.1442337,6.7709527,6.6136765,6.819563,6.4786425,6.4488482,6.9631224,5.2868423,6.0797186,6.2819734,7.037143,6.711656,6.580728,6.039742,7.161415,6.9965925,7.0075765,7.0813856,6.692128,7.2133565,6.5429835,6.446007,6.7381315,6.698059,6.9329453,6.69121,6.578303,6.2427697,6.256623,8.674109,5.8759108,6.77409,6.524803,6.431125,6.651411,6.00533,6.8208017,7.0917025,7.385935,7.613487,7.669702,7.6439266,6.781285,5.9953694,7.545741,7.5147505,7.321298,7.489313,7.5171285,7.629277
8,4.9918656,6.445566,5.774553,5.713273,5.8380985,3.8714318,6.874414,6.5357695,0.0,0.17878185,4.069045,4.368708,6.1461096,4.2918773,6.356169,5.7548285,5.550486,3.7218156,6.4656587,6.567144,6.7057676,6.7246404,4.897956,5.3619504,6.6049457,6.615591,6.5161476,6.5792103,7.5881596,7.3308287,6.3880005,6.3600945,6.0443416,6.7997127,7.516215,6.011909,5.202479,5.825738,4.6877303,5.086044,5.240069,4.8238473,5.0814853,5.0646462,5.8148737,5.0344625,4.8026314,6.4288116,7.404991,6.9046063,6.6959147,6.835445,8.046033,7.660947,7.0695896,7.905222,6.7779503,6.460301,4.798152,5.857669,5.451861,5.046349,5.491516,5.250228,5.496891,7.9824696,6.6170983,6.4419274,4.6961675,5.255576,5.2284565,5.5836797,5.0701957,5.27213,5.7056165,4.574322,4.5738683,4.5727987,7.3351536,5.8352056,4.8812428,5.3778496,5.110265,5.2204404,6.911644,5.73738,5.840436,4.786245,7.038854,5.3127427,6.141723,5.336779,4.62346,4.783918,4.558975,5.7203817,5.2517953,3.8089607,5.699694,5.670211,5.9327345,5.8956313,6.6380854,5.8180504,5.606067,6.5187707,4.4638524,8.321611,4.197034,3.7805603,5.040386,3.6416988,4.2906833,3.8241718,4.743502,4.3866673,5.643838,5.149222,5.128674,5.164914,4.85389,5.080017,6.920732,6.91855,6.6681285,5.5300627,5.195188,5.125531
9,4.9800496,6.4202566,5.7596693,5.7005563,5.829908,3.837142,6.865706,6.597774,0.17878185,0.0,4.125032,4.4275813,6.1567097,4.310963,6.441501,5.83329,5.555735,3.687252,6.489569,6.5793786,6.742926,6.7620583,5.0212154,5.431182,6.5896254,6.6443396,6.562414,6.622933,7.6111894,7.4069996,6.3773665,6.3493347,6.033162,6.8091745,7.5704226,6.0090513,5.2524905,5.8666067,4.701476,5.133962,5.341678,4.936363,5.159256,5.114094,5.918997,5.141832,4.850743,6.5156093,7.365447,6.854544,6.751889,6.792474,8.074826,7.6238046,7.0050783,7.848523,6.826112,6.5197635,4.859557,5.907136,5.5384617,5.100052,5.5359793,5.336772,5.5902762,8.05559,6.7066555,6.5207767,4.75623,5.312704,5.2852125,5.668237,5.137343,5.3533382,5.7569594,4.558368,4.634018,4.634573,7.4131074,5.9341245,4.9671297,5.4606943,5.2022066,5.308452,6.971746,5.795767,5.910341,4.8732204,7.132144,5.4037976,6.236301,5.420505,4.679704,4.8366523,4.6230736,5.8148394,5.28159,3.77921,5.694237,5.687827,5.9801273,5.943777,6.6223564,5.8691,5.619326,6.53411,4.4699345,8.277316,4.1926994,3.789694,5.0472374,3.6531842,4.288124,3.8412075,4.770169,4.367597,5.725293,5.1598463,5.1329675,5.1740575,4.8698506,5.0653443,6.9508796,6.949261,6.688734,5.5465827,5.201191,5.1618886
10,5.0947742,5.0547075,4.5100684,4.4453206,4.2526827,4.7645435,5.6562514,5.4303718,4.069045,4.125032,0.0,1.5521165,6.4340687,5.42309,5.6645765,4.687698,6.1149325,5.4932237,7.715694,7.439217,7.427732,7.439851,4.408511,4.240217,7.202409,7.34516,7.2062607,7.3007994,7.398743,7.944725,7.28885,7.2618594,5.7946076,5.6772904,6.131611,5.319485,5.418476,5.914007,5.1027,5.337246,5.316964,5.2899637,4.632906,4.5493927,5.8615375,4.800798,4.457169,5.995994,7.8017344,7.6803465,6.585647,7.401373,7.0453978,7.355086,7.8197365,8.41811,5.742662,5.4128,4.440911,3.9102635,4.849812,3.7849922,4.494169,4.4773703,5.387251,8.07681,4.9770565,5.307571,4.655313,4.368829,4.355483,4.855618,4.0147943,3.1905422,5.699466,3.9794009,5.56112,5.543324,6.2712097,4.3488073,3.615116,4.798187,4.023863,3.9031246,5.891174,4.278848,4.494391,4.0980806,5.957668,4.727725,5.1193695,4.6981254,4.623455,4.743511,4.5914435,5.169895,5.1789956,4.428694,6.3204165,5.581029,6.0738835,6.0470886,6.5708566,5.945913,6.992304,7.0445547,6.005819,9.060252,4.9797573,4.666555,5.7187314,4.746648,2.9623277,3.623258,3.5677907,3.0695596,4.283027,4.4419975,4.6045475,4.460353,4.492142,4.9300485,5.9391665,5.946772,5.4354997,4.8223863,5.1796746,4.2073984
11,5.172226,5.1646323,4.2511134,4.182724,4.420266,5.321353,6.240662,6.0405645,4.368708,4.4275813,1.5521165,0.0,6.7592893,5.911784,5.909096,5.000062,6.5803876,5.6670113,7.764465,7.553438,7.8415523,7.82809,4.6029243,4.4386234,7.306543,7.4111986,7.3493843,7.3934283,7.5168138,8.112285,7.404125,7.37918,6.29077,6.1654406,6.779358,5.890953,5.680197,6.4675574,5.5196457,5.612727,5.5903263,5.620152,4.4094296,4.930942,6.1920824,5.2516236,4.8274765,6.315047,8.266281,8.185485,6.7654395,7.7429824,7.6877937,7.7498574,7.7980676,8.416277,6.3603344,6.0955606,4.9732914,4.3376317,5.409015,4.455287,5.0779066,4.866828,6.057515,8.322318,4.782877,5.7944117,5.2939186,5.074417,5.0628123,5.5905747,4.33584,3.677308,5.5154157,4.359591,5.490788,5.4743476,6.973814,4.7198186,3.9006088,4.591693,4.3399043,4.242065,6.1061206,4.5842977,4.7976074,4.4221754,6.1928434,4.9798503,5.3932304,4.834603,4.709807,4.972535,4.581168,5.4360027,5.4488006,4.619501,7.25364,6.165519,6.5856285,6.5633793,7.46282,6.4896746,7.6018834,7.6208615,6.7250466,9.849713,5.6866326,5.3938475,6.670282,5.5271587,3.0431705,3.707175,3.662944,3.1716886,4.2798104,4.37892,4.5140367,4.3908157,4.7698765,5.666219,5.91321,5.939401,6.029748,4.9818964,5.345988,4.497929
12,5.9045033,7.5739775,7.267994,7.2362337,7.4532886,6.8728294,8.697186,8.675133,6.1461096,6.1567097,6.4340687,6.7592893,0.0,3.0925589,8.104501,7.2506223,6.5859447,7.83309,8.153618,8.239176,7.7409496,7.7150207,7.968049,8.121591,7.7896523,7.7946844,7.895315,7.8039927,8.712549,8.471615,7.2094707,7.183363,7.8778005,8.473683,9.0714655,7.992403,8.459415,8.072894,7.4683495,8.381249,7.845147,6.925913,7.829222,8.192699,8.442458,7.8709598,7.8024473,9.250043,8.359856,8.354971,8.360315,8.193729,8.922058,9.026025,9.548255,9.626966,7.5123596,7.1925855,7.268624,7.6900554,7.330777,6.6585917,7.0491414,7.372493,8.333713,10.977295,8.9962225,8.483912,7.6552277,8.18848,8.183769,8.417741,7.757334,7.7047925,7.703474,6.096586,7.7537403,7.7488837,8.06181,7.65016,6.8616977,7.605545,7.0031514,7.117789,8.977068,7.9763274,7.8319235,7.1247272,9.060824,7.8154807,8.422201,7.5847683,6.8020167,6.5687103,6.889911,7.6291475,7.3281727,6.6072216,7.311827,6.6260347,7.9986916,8.039747,7.9946713,8.470706,8.029541,7.1571364,7.188799,9.144876,7.2705064,7.0448766,7.0837417,7.061274,7.1724744,6.937307,7.2445254,6.9366074,7.8507686,7.4037642,7.523175,7.4058323,6.9919667,6.300634,7.3032875,7.2907057,6.695053,6.976379,7.0696907,6.4351926
13,4.97628,6.9711633,6.7694793,6.7297034,6.469776,5.2210584,7.5772653,7.464815,4.2918773,4.310963,5.42309,5.911784,3.0925589,0.0,6.8180547,5.9503813,4.656134,6.294968,6.8342824,6.99263,6.1467423,6.1513743,6.725588,6.9196506,6.803076,6.8197603,6.865264,6.8571763,7.8238616,7.6031313,6.3526545,6.3269696,6.9841285,7.693104,8.2457285,7.082641,7.3820677,6.857344,6.332154,7.289602,6.6190696,5.641659,6.9285197,7.0445232,7.402237,6.85455,6.6642504,7.999731,7.7033076,7.387164,7.545856,7.608139,8.352327,8.252707,8.255105,8.499068,6.669128,6.2536454,6.1814165,6.9045057,6.5105762,5.749728,6.1567016,6.458278,7.0112333,10.116448,8.1255865,7.3374014,6.3835897,6.8151608,6.7997675,7.100617,6.598087,6.711199,6.7030187,5.605828,6.422891,6.4203486,7.1945987,6.6939645,6.012456,6.471733,6.0378256,6.140832,8.299126,7.128601,6.9691744,6.0897484,8.210264,6.6790943,7.44359,6.629056,6.0422754,5.7226715,5.9915357,6.724782,6.355734,5.6822767,5.5345187,5.282009,7.121424,7.122693,6.4556327,7.2813954,6.785508,6.2160864,5.9412103,7.9984365,5.9317694,5.7633996,5.326213,5.531369,6.213209,6.1601133,6.4686584,6.172412,7.1703963,6.6876473,6.6980195,6.69529,5.7572656,4.77945,6.541457,6.513538,5.999314,6.472548,6.5038247,6.0844884
14,7.219619,8.433276,7.588842,7.537144,7.229266,6.660267,7.627305,6.547967,6.356169,6.441501,5.6645765,5.909096,8.104501,6.8180547,0.0,2.5613408,6.3704515,7.5027595,7.03612,6.169861,8.289603,8.343896,6.1641917,6.285891,6.714044,6.8699408,7.6676445,7.770981,6.016578,7.295846,7.4079633,7.399245,8.830491,8.23753,8.267476,8.136296,6.7095413,7.126072,7.3268933,6.6892195,4.570038,4.390972,5.8699174,5.5949936,6.4448614,7.1047883,6.4947305,4.2397423,9.007123,9.180136,6.5821204,9.529398,7.614005,8.719967,7.6219172,9.182293,7.2448983,6.4926286,5.6757784,6.1441827,6.0861993,6.101345,5.9498744,5.6748157,6.270348,8.4214735,5.9114957,6.888489,5.6819034,5.7334623,5.7223606,5.9720116,5.9482083,5.9904976,6.0237226,7.0287404,6.5892315,6.568253,7.288052,5.6595936,6.1433992,6.365425,6.158089,5.953044,7.651166,4.4637136,6.905126,6.2804494,7.98619,6.5866547,7.381708,6.8312387,6.6545467,6.7535286,6.46208,6.578381,6.1864905,7.7009063,7.3147264,7.208599,5.955606,5.931144,5.83516,5.867823,7.137872,8.991804,8.097855,9.76301,6.3151326,7.2850194,7.8664637,7.145646,6.580767,6.7996364,6.1927867,6.9662232,6.0123463,6.3497224,6.2835636,6.3853626,5.602869,7.254283,7.3429456,7.3379555,7.0538554,6.2336564,6.411946,6.483989
15,6.5067387,7.9124246,7.0598884,7.0238385,6.8687353,6.2840824,6.974875,6.1926007,5.7548285,5.83329,4.687698,5.000062,7.2506223,5.9503813,2.5613408,0.0,5.713448,7.1252294,7.6228995,6.8673387,7.4231467,7.4854345,5.835529,5.8906374,6.1668744,6.380166,7.0680065,7.222426,5.3575306,6.8906546,6.84777,6.833779,7.980295,7.312503,7.3824883,7.2465677,6.491026,6.944267,6.736277,6.4702954,5.345532,4.200128,5.679184,5.348035,7.0460362,6.8631954,5.6906586,5.0600853,8.813951,8.90874,6.263632,9.293382,7.3016787,8.128121,7.2432494,8.549958,6.6787105,6.110095,5.3980894,5.681783,5.9947634,5.304374,5.3624086,5.5482764,6.281297,9.276472,6.3025193,7.1654277,5.6546264,5.6143746,5.6057377,5.91479,5.884431,5.935793,5.747444,6.968496,6.6936755,6.669789,7.2652454,5.551493,6.075532,6.241795,6.068698,5.8467345,7.775644,4.744366,7.0577197,6.4063544,7.850335,6.40698,7.269876,6.361983,7.0747876,7.1721225,6.8960342,7.0486975,6.8308525,7.5766077,7.1630125,7.075257,6.537941,6.521075,6.287506,6.4439406,7.65267,8.76592,8.03165,9.813153,6.0269504,6.983757,7.74273,7.0135574,5.845468,6.4021497,5.9877157,6.160656,6.335073,6.6230645,6.5498643,6.6564126,5.914177,6.768077,7.7323375,7.728987,7.343932,6.500821,6.903578,6.7917175
16,6.9949074,7.781827,7.439896,7.560641,5.617876,5.295351,7.0594883,6.5705633,5.550486,5.555735,6.1149325,6.5803876,6.5859447,4.656134,6.3704515,5.713448,0.0,6.122932,5.4847026,5.146349,4.379875,4.346129,6.591449,5.763775,4.7226205,5.3333993,5.1491575,5.2295313,5.5244966,6.1884007,5.2914095,5.277125,7.436161,7.5356913,9.2567,7.8046494,7.845899,7.528778,7.0756474,7.778046,6.4034386,5.6326275,7.1380444,6.6851196,7.547837,7.2031984,6.67022,7.9897156,8.436552,7.4504676,7.6131344,8.342888,8.765614,8.081409,7.2097554,7.966564,7.277802,6.914109,6.393314,7.3016257,7.0907683,6.808204,7.2275653,7.346454,7.3336086,9.26974,8.44824,7.423979,6.729342,6.7971725,6.781054,7.037438,6.6608777,7.2831597,6.96951,6.955141,7.068338,7.061898,7.3899,7.3313665,7.2043533,7.2638845,7.148422,7.0703115,8.661097,7.5618253,7.0506086,6.7866893,9.048592,7.07689,8.356883,7.0811167,7.4358163,7.2106338,7.2526517,7.7335806,7.854343,6.908704,7.1052146,7.086358,7.8834715,7.859448,6.8489275,7.897679,8.020701,7.872189,7.0229917,8.901765,6.8300757,6.9104114,6.561625,6.6323028,6.5963407,6.6360335,7.2467995,6.845922,8.045316,7.532274,7.4273376,7.5368414,6.3646045,5.3631573,7.3679614,7.3399286,7.3037314,7.0630226,6.9647465,7.6940775
17,6.193232,5.4020576,5.2026377,5.250293,5.9166822,4.9201417,5.396388,5.1173925,3.7218156,3.687252,5.4932237,5.6670113,7.83309,6.294968,7.5027595,7.1252294,6.122932,0.0,6.9656625,6.948048,7.1129937,7.089579,5.305889,5.2303104,7.1222415,7.2835083,7.7844806,7.776313,8.050392,7.0630546,6.639666,6.609109,5.628385,6.6316533,7.801686,5.91193,5.3957205,5.9399366,4.3465815,5.269125,6.594366,5.924489,5.380599,5.043983,6.195281,5.33623,4.931711,6.9129767,7.034664,6.634234,6.822961,7.182806,8.784638,7.866071,5.6672945,7.882394,6.3978558,6.7996902,4.8633876,5.8400965,5.2843738,5.3896055,5.5561547,5.256625,6.4866853,8.108264,6.627162,6.957322,6.3319507,6.554721,6.5140014,6.3847923,6.4470506,6.695859,6.9293537,5.5955315,4.942803,4.938525,8.026433,7.285745,6.3585105,6.247691,6.4472184,6.5715594,7.046069,6.2409697,6.535848,6.2035494,7.3477883,6.6458187,6.637539,5.905125,5.9725876,6.0751143,5.747175,7.1084504,5.8737407,4.6735373,6.1655536,6.4315906,6.215122,6.173819,7.154568,6.1871223,5.220435,6.263315,4.286185,8.209133,4.4677544,4.951667,5.7854877,4.686351,5.370564,4.460029,5.9092703,5.6576023,7.094302,6.220744,6.1033273,6.2275095,5.808182,5.694799,7.7131677,7.7190824,7.6966257,6.755881,6.3876753,6.7234445
18,8.661417,9.137339,8.3532505,8.411868,7.753512,7.3687716,8.87233,8.614066,6.4656587,6.489569,7.715694,7.764465,8.153618,6.8342824,7.03612,7.6228995,5.4847026,6.9656625,0.0,1.8743116,6.60184,6.585136,7.9826784,7.0164366,5.852767,6.033594,5.797491,5.711654,6.963797,6.397969,5.2533073,5.273944,9.92195,10.3691845,11.920417,10.214081,8.723052,9.183737,8.700177,8.625143,6.0534916,6.654096,8.029777,8.02718,6.881323,8.132458,8.429794,8.315069,8.748163,8.0053215,8.277904,7.876487,11.044204,8.738111,8.504151,9.294776,8.745367,8.712577,8.094955,8.643611,8.509507,8.70811,8.963621,8.118166,7.4463534,9.543754,8.363233,7.5011363,7.210101,7.425927,7.3928246,7.529844,6.4105964,7.659999,7.227586,6.872447,7.348183,7.3563952,8.278768,7.5628037,7.476426,7.787177,7.7137475,7.783578,8.248151,8.701439,7.3300395,7.008018,8.650208,6.8511753,7.9890304,6.8082604,6.3218284,6.459635,6.4161477,7.3494954,7.454548,6.8317795,8.964337,8.45524,7.9839396,7.955754,8.26615,7.992657,7.58284,9.427662,7.178047,10.502718,7.5533023,7.4855404,8.127417,7.281632,7.5177836,7.2286563,7.3669076,7.777171,7.389739,6.796284,6.7872844,6.789483,6.2923794,7.9265847,7.7839117,7.8101616,8.219678,5.9373755,5.5648937,6.8961587
19,8.354364,8.944957,8.18033,8.264156,7.2843623,6.944167,8.267568,8.205981,6.567144,6.5793786,7.439217,7.553438,8.239176,6.99263,6.169861,6.8673387,5.146349,6.948048,1.8743116,0.0,6.8655615,6.858904,7.971165,6.9123063,5.221377,5.9787154,6.160713,6.119221,6.0112453,6.4432807,5.156673,5.173523,9.801496,9.995561,11.59867,9.97451,8.638816,9.08261,8.637923,8.542519,5.9495645,6.4952803,7.8127146,7.7059817,7.175713,8.34425,8.302623,7.818462,8.323306,7.7294474,7.935926,7.7942476,10.242891,8.174363,7.721192,8.885313,8.561878,8.544551,7.8486705,8.438869,8.296479,8.515683,8.659136,7.983417,7.54165,9.214357,8.031946,7.4942856,7.1635113,7.3291807,7.2968893,7.489592,6.474083,7.5616684,7.2233105,6.774602,7.3489256,7.358352,8.2529335,7.4074674,7.69787,8.09143,7.9620895,7.92641,8.12539,8.117173,7.5693526,7.2456717,8.914838,7.2787814,8.277367,7.1420126,6.6718717,6.8034415,6.8152804,7.711099,7.3326516,6.9185734,8.832037,8.352598,7.851492,7.823916,7.565257,7.8497477,7.526514,9.388009,7.485908,10.144164,7.4524407,7.719036,8.346931,7.520773,7.202472,7.0503383,7.110611,7.5179706,7.3958216,6.5820117,6.5714025,6.5722947,6.1667733,7.8336596,7.659,7.6881657,7.98351,5.7700644,5.418935,6.876097
20,8.709715,8.729336,8.789884,8.788562,7.3014703,7.5652614,8.475395,6.986718,6.7057676,6.742926,7.427732,7.8415523,7.7409496,6.1467423,8.289603,7.4231467,4.379875,7.1129937,6.60184,6.8655615,0.0,0.3774298,7.320101,6.1197,5.7721086,5.058583,4.551707,4.4549327,6.102612,5.225054,5.4311023,5.430174,7.72465,7.9034443,9.063657,7.741832,8.399787,8.128459,7.843715,8.381542,7.786803,6.3175898,7.797928,7.5751357,8.499636,8.042565,7.026338,9.074688,8.409008,7.813063,7.526515,8.2385435,9.446394,8.696949,8.780958,9.738111,7.4894123,7.7361197,7.212399,8.534001,8.194141,8.04641,8.547493,8.786608,8.410387,9.771786,8.855343,7.317678,7.857518,8.032344,8.004888,8.181632,7.263904,8.436253,8.052486,8.908821,8.951662,8.932026,7.6882052,8.11624,8.265705,8.539515,8.217055,8.280459,8.756399,8.831931,7.5011463,7.299425,8.757723,7.059399,8.384716,6.498008,8.365616,8.142338,8.375859,8.164185,9.002012,8.28187,8.207798,7.6646786,9.198933,9.174819,8.833729,9.1773405,9.450254,8.428911,8.225456,10.121166,7.6646047,7.830239,7.4946814,7.6027794,8.386385,8.124178,8.927691,8.428655,9.2205925,9.531094,9.553604,9.549064,8.280755,6.690893,8.663189,8.653123,9.040085,8.224587,7.9491496,9.123191
21,8.751864,8.721648,8.792962,8.79057,7.197412,7.5507045,8.449067,6.9564013,6.7246404,6.7620583,7.439851,7.82809,7.7150207,6.1513743,8.343896,7.4854345,4.346129,7.089579,6.585136,6.858904,0.3774298,0.0,7.2204933,6.0474916,5.8935027,5.219272,4.631553,4.527987,6.230177,5.2900515,5.584912,5.5837755,7.811981,7.986355,9.123078,7.813731,8.503036,8.231999,7.919897,8.484205,7.8176537,6.438573,7.8457274,7.6723266,8.490281,8.017894,7.1434464,9.154961,8.391709,7.690226,7.457596,8.16011,9.395382,8.61144,8.731526,9.577423,7.572989,7.794747,7.2657075,8.573169,8.196635,8.08969,8.60702,8.791311,8.391806,9.693215,8.894018,7.344769,7.8741293,8.048357,8.021838,8.155814,7.2719913,8.418037,8.016028,8.874215,8.847096,8.82761,7.625124,8.100666,8.257121,8.48479,8.199557,8.259765,8.75252,8.89211,7.4577346,7.2797036,8.778278,7.075046,8.393527,6.516233,8.344655,8.119146,8.347569,8.16397,9.051112,8.282899,8.303304,7.735772,9.277788,9.254117,8.918344,9.262948,9.477077,8.431324,8.181496,10.108321,7.7568526,7.845598,7.510831,7.6170874,8.335408,8.029195,8.86501,8.386017,9.200094,9.480762,9.506193,9.498962,8.258667,6.6629505,8.598962,8.587283,9.010057,8.215166,7.9391108,9.117921
22,7.407483,7.2183704,6.846525,6.7807536,5.6687922,5.7349286,6.765111,4.4566255,4.897956,5.0212154,4.408511,4.6029243,7.968049,6.725588,6.1641917,5.835529,6.591449,5.305889,7.9826784,7.971165,7.320101,7.2204933,0.0,3.5207775,8.497248,8.039492,7.3960013,7.5045314,8.3405,7.186277,8.672325,8.647394,7.0504894,6.8734045,6.59193,6.5662813,5.837967,6.371787,5.826564,5.8175178,4.976708,5.2209086,4.965576,5.141279,4.6101327,3.0874994,5.3062997,5.9827833,9.04542,8.102892,6.1528406,8.558395,7.360417,8.535765,8.295561,8.747809,6.8872213,6.327633,4.613311,5.454177,4.1931562,5.131258,5.802521,4.506308,4.543968,5.7584386,5.7695765,5.789264,4.960459,5.0719037,5.073227,4.212042,5.22132,4.556062,5.9415784,6.133095,4.250811,4.201057,5.932131,5.020821,4.6139655,4.567004,4.4243426,4.403834,6.3455353,5.5206394,4.7481747,4.422137,6.202982,5.134932,5.45389,5.2219744,5.627438,5.7354045,5.225533,5.3706446,6.751017,6.343912,7.531617,7.3239765,6.5569396,6.5178185,8.147126,6.4930434,7.066112,7.5035353,5.591501,9.803489,6.2026167,5.3767076,6.2359123,5.245966,5.1053195,3.967723,5.0423145,5.5882044,5.285584,6.081445,6.14645,6.12929,5.8467617,6.03011,7.223263,7.1927986,7.101925,6.6812963,6.634804,6.2613378
23,7.9632845,6.558639,6.4871807,6.443437,4.8607187,6.053205,6.704192,4.6111097,5.3619504,5.431182,4.240217,4.4386234,8.121591,6.9196506,6.285891,5.8906374,5.763775,5.2303104,7.0164366,6.9123063,6.1197,6.0474916,3.5207775,0.0,7.390449,7.027005,6.1613183,6.2471304,6.9567666,7.0246496,7.3400903,7.3191037,6.9710526,6.5786295,7.2839575,6.539582,6.162129,6.745363,6.3117537,6.1610403,5.2305903,5.5535626,5.495365,4.9243674,5.6406674,4.666955,5.044804,6.5732303,8.28391,7.1691236,5.8276906,7.449043,7.7706766,7.139171,7.391111,8.33628,6.300201,6.5854135,4.9422083,5.148982,5.6534934,5.5559855,6.3085585,5.911142,5.742109,6.680774,5.2800517,4.7785864,4.8550096,4.5981913,4.5764394,4.9104037,4.7545605,4.444315,5.767359,6.037345,5.9234548,5.891569,6.4128165,4.49123,4.6296153,4.7819867,4.6265683,4.527468,4.8086863,5.6268225,3.8966374,4.270535,5.225919,4.914803,4.704899,4.2281685,5.759441,5.864775,5.3253617,5.3792424,6.758203,6.1110888,7.5232067,7.299936,6.4803567,6.450982,7.76811,6.4225087,8.059411,8.540156,6.488232,9.683857,5.8600397,4.9739857,6.028143,4.9873104,4.691997,4.311229,4.95081,4.823309,5.225781,5.890207,5.8629417,5.9282727,5.345898,5.3761144,6.9859324,7.0074773,6.86373,6.072664,5.9303045,6.092938
24,7.8408723,8.688321,7.4200296,7.5162783,7.458754,7.4671063,8.300423,8.081091,6.6049457,6.5896254,7.202409,7.306543,7.7896523,6.803076,6.714044,6.1668744,4.7226205,7.1222415,5.852767,5.221377,5.7721086,5.8935027,8.497248,7.390449,0.0,2.717532,4.8451724,4.6995425,3.4613645,5.213337,2.6815715,2.6856368,8.127991,8.187655,10.223866,8.205774,7.9435143,8.494034,7.7313595,7.890348,7.4754086,5.6260943,7.118936,6.8136997,8.877012,8.95749,6.712354,8.2926,9.036975,9.378612,8.377367,9.434057,10.216074,9.566914,7.7195506,9.804414,8.579062,8.3490095,7.2169247,8.127578,8.393651,8.044127,8.078456,8.4671755,9.1319685,10.380008,8.838392,9.008102,8.201465,8.445104,8.422507,8.931949,7.5913763,8.924899,8.038733,8.234882,9.075509,9.068343,9.604627,9.098803,8.70703,9.08483,8.933597,8.910405,9.92361,7.71432,8.573515,8.291377,10.476431,8.037208,9.914015,7.904905,8.362211,8.480696,8.448921,9.079153,8.362972,7.8703504,8.927304,8.365693,8.553541,8.546612,8.339664,8.692281,8.922029,9.340379,8.916295,10.911856,7.2446465,8.506861,9.259526,8.4966955,7.9689083,8.073267,8.6503105,8.072423,9.169613,8.68516,8.63534,8.682643,8.024845,8.124281,9.167976,9.176884,9.590766,7.4688764,7.207425,8.659007
25,8.284661,9.0304165,7.6660237,7.7545714,8.23243,8.106098,9.211281,7.968675,6.615591,6.6443396,7.34516,7.4111986,7.7946844,6.8197603,6.8699408,6.380166,5.3333993,7.2835083,6.033594,5.9787154,5.058583,5.219272,8.039492,7.027005,2.717532,0.0,3.57626,3.3403332,4.24934,4.1737237,2.8281333,2.8376532,7.786949,7.9393296,9.819336,8.201344,7.175924,7.8257327,7.3779707,7.1687803,7.045341,4.5686097,6.5963106,6.303028,8.232647,8.335111,5.9145484,7.7729654,9.199069,9.724056,7.672997,9.540217,10.285536,10.085619,8.676554,10.5561905,7.9764433,7.651027,6.516652,7.6154666,7.85341,7.5768423,7.698277,8.099826,8.865056,10.164079,8.462387,8.535618,7.8607306,8.20124,8.176153,8.699697,7.274209,8.730724,7.817941,8.772051,9.292892,9.273784,9.263845,8.784162,8.151165,8.5026,8.301318,8.401601,9.609962,7.4708967,7.855629,7.5858126,9.685801,7.1092978,9.212697,7.0232506,7.956967,8.078685,7.9601707,8.1450615,8.137439,7.9504614,8.71459,8.1031275,7.8132095,7.80975,8.842401,7.977136,9.002719,9.41124,8.949852,10.981494,6.8404813,8.091445,8.928634,8.128744,8.5713215,8.428499,9.010829,8.547885,8.899412,9.178954,9.146425,9.190123,8.258484,8.228567,9.374242,9.377384,9.859264,7.738388,7.402356,8.7177
26,9.092103,9.855522,8.905327,8.987274,8.120845,7.7662215,10.079615,8.56833,6.5161476,6.562414,7.2062607,7.3493843,7.895315,6.865264,7.6676445,7.0680065,5.1491575,7.7844806,5.797491,6.160713,4.551707,4.631553,7.3960013,6.1613183,4.8451724,3.57626,0.0,0.5834947,5.275679,5.372726,4.8924103,4.9029408,8.451273,8.364121,10.362641,8.946963,7.646359,8.322652,7.9819255,7.650814,6.2626457,5.429047,7.2270913,6.840721,7.565779,7.483125,6.516059,8.479481,10.162118,9.419392,8.17613,9.251133,10.594157,9.56156,9.631074,10.289233,8.483932,8.168451,7.1405425,8.151056,8.339367,8.075747,8.714557,8.627151,7.9250464,9.502558,8.953865,7.8188715,6.7664075,7.146082,7.1372423,7.738465,6.4463,7.8299007,6.9634466,8.491799,8.869965,8.849628,8.454503,7.710985,7.3443274,7.751585,7.4261823,7.4800696,8.793124,8.499376,6.968668,6.6818347,8.806978,6.1264434,8.339802,6.2887053,7.6736774,7.802966,7.558001,7.3943987,9.07851,7.994015,9.460733,9.048249,8.319248,8.314281,9.595193,8.446624,9.94587,10.392684,8.701319,11.723865,7.6586213,7.393495,8.412669,7.5263906,7.9219255,7.7884464,8.364098,7.852126,8.056106,8.751026,8.715638,8.769026,7.866207,7.768591,9.27881,9.287512,9.52369,7.406135,7.112096,8.310635
27,9.085347,9.752023,8.787035,8.856163,8.072012,7.8996487,10.096068,8.591955,6.5792103,6.622933,7.3007994,7.3934283,7.8039927,6.8571763,7.770981,7.222426,5.2295313,7.776313,5.711654,6.119221,4.4549327,4.527987,7.5045314,6.2471304,4.6995425,3.3403332,0.5834947,0.0,5.3084793,5.258084,4.6877956,4.6997437,8.442568,8.414817,10.392466,8.892073,7.7272377,8.381515,8.022366,7.7314353,6.4359984,5.509303,7.2186694,6.9383597,7.6751266,7.646347,6.595906,8.596828,10.048457,9.408322,8.168369,9.186256,10.643539,9.647153,9.621028,10.349661,8.543359,8.234186,7.1929245,8.224677,8.403272,8.17589,8.777541,8.708501,8.143091,9.530792,8.943193,7.8712263,6.985423,7.3839636,7.3733864,7.964517,6.538289,7.97921,7.072053,8.5141,8.955001,8.935015,8.534616,7.89557,7.4417915,7.84418,7.541913,7.6154656,8.87848,8.520262,6.9798813,6.72585,8.924725,6.204392,8.458673,6.33528,7.626786,7.7497377,7.536174,7.417855,9.005088,7.9797144,9.50452,8.970788,8.407186,8.404515,9.6664915,8.563128,9.94625,10.285995,8.754293,11.72253,7.7032614,7.5241084,8.499365,7.63681,8.051347,7.859607,8.469327,7.966479,8.1621065,8.807246,8.785511,8.824136,7.933357,7.8156843,9.183063,9.192301,9.544407,7.383492,7.0424085,8.333197
28,8.512841,9.3982115,8.74765,8.837294,7.926635,7.771462,8.690819,7.8181067,7.5881596,7.6111894,7.398743,7.5168138,8.712549,7.8238616,6.016578,5.3575306,5.5244966,8.050392,6.963797,6.0112453,6.102612,6.230177,8.3405,6.9567666,3.4613645,4.24934,5.275679,5.3084793,0.0,5.460901,4.7254314,4.731728,8.669142,7.8933225,9.774121,8.495823,7.947994,8.507532,8.167426,7.948025,7.0112586,5.628082,6.954564,6.6310334,8.924993,8.952842,6.8453264,7.687571,9.686006,9.6992445,8.225478,9.984527,9.673232,9.124166,7.767061,10.14682,8.163961,8.40616,7.346429,8.412281,8.537972,8.296158,8.437944,8.780982,9.000666,9.985799,8.153489,8.334741,7.9770885,8.168172,8.153154,8.677383,7.622435,8.704609,7.5148387,9.082285,9.310778,9.293751,9.19198,8.203178,8.842745,9.122526,8.964214,8.799285,8.946695,7.62552,8.794087,8.4251375,9.703142,8.172264,9.408222,7.57318,9.179581,9.285917,9.149902,9.244597,9.231921,9.073845,9.649529,9.144558,8.811023,8.80868,8.518862,8.93617,10.043316,10.399185,10.009199,11.83808,8.139107,9.149494,9.8648815,9.170426,8.075528,8.372143,8.678399,8.261021,8.948603,9.044048,8.96686,9.053229,8.262077,8.399703,9.369626,9.404171,9.694246,7.8167596,7.7495594,9.1129265
29,9.04601,9.388225,8.437735,8.520908,8.834704,8.661505,8.3652315,6.6476917,7.3308287,7.4069996,7.944725,8.112285,8.471615,7.6031313,7.295846,6.8906546,6.1884007,7.0630546,6.397969,6.4432807,5.225054,5.2900515,7.186277,7.0246496,5.213337,4.1737237,5.372726,5.258084,5.460901,0.0,4.7819896,4.7843356,8.382555,8.5507,9.726782,8.605363,7.6326528,8.185288,7.5498405,7.603579,7.2241373,4.7808976,6.789043,6.8616676,7.4362445,7.504836,6.6239195,7.7950644,9.566324,9.904636,7.65973,10.110477,10.520073,10.550554,9.208341,11.196886,7.723334,7.809597,6.8319235,8.155547,7.121488,7.831551,7.935515,7.445537,8.086017,9.5247965,8.325862,8.441268,8.455288,8.757189,8.733877,8.176646,7.803561,9.056863,8.407369,9.248921,8.677574,8.648383,8.509775,8.829633,8.695121,8.910148,8.710677,8.830916,9.425283,8.211975,8.415746,8.165737,9.222988,7.5111747,8.87183,6.9127693,8.526444,8.638377,8.567275,8.705806,8.896485,8.806752,9.448089,8.897269,8.4244995,8.410258,9.700176,8.609983,8.376706,8.757401,8.258517,11.67796,7.674731,8.8093,9.477865,8.745523,9.074883,8.409014,9.339182,9.402842,9.277173,9.696151,9.743091,9.71401,8.959923,9.030506,9.955342,9.949576,10.408008,8.450939,8.293852,9.348417
30,7.8212495,8.25556,7.064008,7.166287,8.051995,7.9109454,8.367311,8.119137,6.3880005,6.3773665,7.28885,7.404125,7.2094707,6.3526545,7.4079633,6.84777,5.2914095,6.639666,5.2533073,5.156673,5.4311023,5.584912,8.672325,7.3400903,2.6815715,2.8281333,4.8924103,4.6877956,4.7254314,4.7819896,0.0,0.07243329,7.9627953,8.49683,10.431895,8.383863,7.798356,8.366468,7.512834,7.729056,7.6725197,5.522103,7.290444,6.975984,8.658413,8.744112,6.5713825,8.534872,8.33091,8.977351,8.054328,8.679824,10.770742,9.413805,8.069442,10.237793,7.7662015,8.112663,7.1835165,7.8323755,8.267205,7.743128,7.803311,8.211755,9.107796,10.989722,8.506283,8.6264,8.286957,8.53307,8.49614,9.000805,7.604871,8.89095,8.261343,7.963766,9.16037,9.153837,9.67076,8.850824,8.410445,8.888598,8.682545,8.789034,9.22614,7.985056,8.375447,8.113425,9.468307,7.74732,9.007194,7.118579,7.872703,8.005363,7.9886103,8.720618,7.810857,7.2217355,8.423758,7.8802805,8.007264,8.004985,8.505399,8.181752,8.346979,8.926308,8.304129,10.538535,6.5932713,7.8846292,8.757578,7.929878,8.110781,8.112604,8.671433,8.083487,9.014234,8.62087,8.590044,8.615172,7.9535837,8.121052,9.247598,9.275872,9.550338,7.406548,7.1282263,8.272392
31,7.7975273,8.230269,7.034509,7.136963,8.028992,7.891629,8.345654,8.093914,6.3600945,6.3493347,7.2618594,7.37918,7.183363,6.3269696,7.399245,6.833779,5.277125,6.609109,5.273944,5.173523,5.430174,5.5837755,8.647394,7.3191037,2.6856368,2.8376532,4.9029408,4.6997437,4.731728,4.7843356,0.07243329,0.0,7.933825,8.473633,10.403545,8.356849,7.7831693,8.349959,7.490905,7.7136784,7.670322,5.498164,7.2735286,6.957689,8.654195,8.720833,6.5447254,8.530533,8.322582,8.974199,8.044371,8.677148,10.750918,9.417659,8.064517,10.242591,7.7512364,8.102901,7.1598697,7.809154,8.240504,7.7167897,7.7766347,8.191233,9.10531,10.968261,8.486486,8.619322,8.282639,8.529545,8.492614,8.996757,7.611443,8.878738,8.271306,7.9441156,9.143317,9.136727,9.676043,8.839798,8.397707,8.878333,8.670341,8.777396,9.209989,7.960657,8.366892,8.104953,9.455253,7.754105,8.993705,7.1205363,7.8651404,7.997433,7.9785805,8.715627,7.7900724,7.1933613,8.3969965,7.858061,7.9889207,7.986624,8.49581,8.164614,8.328932,8.894216,8.280771,10.517098,6.569645,7.8603992,8.73481,7.9060025,8.091786,8.089215,8.658322,8.064061,9.00804,8.610651,8.58001,8.604906,7.950057,8.103978,9.242536,9.270708,9.538346,7.415316,7.1331124,8.259647
32,5.337404,5.0250726,5.6658697,5.8475194,6.547191,5.717991,6.833978,5.947569,6.0443416,6.033162,5.7946076,6.29077,7.8778005,6.9841285,8.830491,7.980295,7.436161,5.628385,9.92195,9.801496,7.72465,7.811981,7.0504894,6.9710526,8.127991,7.786949,8.451273,8.442568,8.669142,8.382555,7.9627953,7.933825,0.0,2.41189,5.2524805,3.8006277,4.373572,3.532455,2.85948,4.3243423,7.7198753,6.496324,4.768311,4.452018,7.4913616,6.2194295,3.7416623,7.143975,7.921234,8.653318,8.3320055,8.767728,8.105902,9.482704,8.485133,10.374516,4.910152,4.859071,4.0569925,5.4648385,5.1016507,4.576442,4.8516173,6.105941,8.087725,9.288874,7.0721755,6.9267116,7.3592753,7.5241113,7.5024347,7.843327,7.0424304,7.291138,8.100691,7.312134,8.108085,8.087201,7.7624207,8.304671,6.911467,7.5832906,6.9785666,7.101556,8.289398,6.0041437,6.7990255,6.486534,8.22866,6.9792166,7.7415237,6.6253185,7.22359,6.9505,7.18018,7.2693853,6.635923,6.0210977,5.864591,5.2724724,6.7595806,6.7458863,7.36123,6.8491664,7.7586207,5.785432,7.2656193,8.609792,5.722877,6.6673408,6.179456,6.4039946,7.276124,7.047746,7.9227357,7.1827784,8.191264,8.48479,8.518218,8.489301,7.4866357,5.469235,7.6565914,7.636076,7.575058,7.828066,7.6941376,7.800999
