,0,1,2,3,4,5,6,7,8,9,10,11,12,13,14,15,16,17,18,19,20,21,22,23,24,25,26,27,28,29,30,31,32,33,34,35,36,37,38,39,40,41,42,43,44,45,46,47,48,49,50,51,52,53,54,55,56,57,58,59,60,61,62,63,64,65,66,67,68,69,70,71,72,73,74,75,76,77,78,79,80,81,82,83,84,85,86,87,88,89,90,91,92,93,94,95,96,97,98,99,100,101,102,103,104,105,106,107,108,109,110,111,112,113,114,115,116,117,118,119,120,121,122,123,124,125,126,127
0,0.0,1.5001011,1.7335497,1.536425,5.6602917,2.633547,6.3752375,2.9932296,3.971906,3.331015,5.271351,5.7692876,2.9255645,3.589705,4.560526,4.6370664,3.569994,4.410473,4.166429,4.303401,5.146869,8.349977,4.925162,4.383392,4.25585,6.0971627,4.0267363,3.1383052,8.136321,8.37542,3.7824707,5.9927807,5.949809,6.8257833,7.0452833,5.8999734,9.029077,6.006917,6.306168,6.3731604,5.1133533,5.8185525,6.127519,5.2973146,4.7939277,4.7958236,5.843034,4.4349103,7.548277,5.7865963,6.403357,5.7397013,6.379299,5.7255683,5.673365,5.9185004,5.814625,5.1903462,5.766267,6.590344,6.2750187,6.299624,7.212812,6.5180345,8.862378,10.776535,8.788033,10.966289,10.017967,11.3397875,10.278896,10.265042,9.11272,7.81429,7.116033,8.0996275,8.29887,10.1241255,7.4764543,7.732217,8.072076,9.115296,8.748618,8.140372,6.2958426,6.3392124,7.9510574,7.7359376,8.397724,7.964952,8.782885,8.141463,7.077147,8.378491,8.384472,8.403234,7.925788,8.233201,6.490219,7.04118,7.2674227,7.0954347,7.772708,8.559461,7.503122,7.459016,7.6264076,8.175536,8.155069,9.123412,6.963085,8.641976,10.055168,11.041285,10.172249,8.104133,8.433691,8.284835,7.785596,8.405636,8.517408,7.885201,8.128748,8.897741,7.7167625,8.177826,7.677608,8.158127
1,1.5001011,0.0,0.8918078,0.38991064,5.4340725,2.2961793,6.2801237,2.5267434,3.5416536,2.797706,5.13289,5.5769672,2.465848,3.1328535,4.1694384,4.2781796,3.3315778,4.2462935,3.9125228,4.086574,4.9992595,7.9553833,4.76601,4.1981416,4.1228795,5.936679,3.814324,2.8315816,7.6904,8.288338,3.5703232,5.809284,5.706527,6.5571585,6.8223953,6.2611694,8.907295,6.168628,6.522421,6.6504717,5.271808,5.9697876,6.379988,5.4875026,4.9993777,5.002933,6.032939,4.7943697,7.099553,5.9418597,6.650551,5.9845867,6.6274834,6.0076323,5.915883,6.14657,5.4307394,4.7304826,5.388462,6.270202,6.4346113,6.156559,7.429353,6.7832074,8.975308,10.571569,8.213426,10.496406,9.530991,11.092347,10.447578,10.141297,8.611863,7.5950317,6.9551673,7.9998455,7.772261,9.698741,7.1318054,7.494879,8.044218,8.720069,8.729569,8.128543,6.286183,6.3160048,7.9174066,7.6887894,8.546763,8.059376,8.900151,8.26042,6.6115003,8.545219,8.606024,8.666418,7.3326707,7.6935363,6.3042145,7.372855,6.943306,6.4662285,8.094246,8.026188,6.921023,6.7874937,7.084837,7.6689425,7.581211,8.624801,6.6479297,8.168424,9.6615715,10.725551,9.7817745,8.000857,8.112503,7.986372,7.7400312,7.931375,8.037181,7.3354154,7.9061418,8.663136,7.484106,7.6978173,7.1066437,7.947337
2,1.7335497,0.8918078,0.0,0.8736342,5.2993507,2.8327138,6.1064286,2.7872863,3.5062335,2.6195142,5.0131383,5.5086045,2.8620257,3.5026832,4.348818,4.4575624,3.6731222,4.5315337,4.210119,4.410876,5.1552267,8.01153,5.041097,4.644793,4.627654,6.1221595,3.7844467,3.3006887,7.905677,8.398354,3.9648547,5.826798,5.754046,6.8071465,6.6006823,5.9854317,8.784618,6.107378,6.381283,6.6756225,5.1227503,6.06704,6.3568406,5.2764115,5.005727,5.0066953,6.002641,4.7459903,7.099829,5.9742217,6.528469,5.749563,6.3762016,5.891242,5.7209864,5.9708056,5.3595166,4.6865506,5.40889,6.406485,6.510158,6.078197,7.2036095,6.516112,8.916098,10.513306,8.092441,10.432487,9.444203,11.131273,10.500907,10.210837,8.6072035,7.463789,6.861007,7.983767,7.9772763,10.084675,7.193471,7.499942,8.209131,8.989715,8.815546,8.207439,6.3524976,6.3991957,8.025363,7.7935014,8.581608,8.10524,8.902541,8.112828,6.5872564,8.71159,8.573682,8.756079,7.6025996,7.888857,6.428235,7.39344,7.173297,6.7211914,8.113734,8.157202,6.9675198,6.6979985,7.2667923,7.719117,7.645786,8.875299,6.8470283,8.311924,9.728428,10.744865,9.963408,8.02811,8.204942,7.977202,7.950303,8.165668,7.9980383,7.274346,7.959841,8.695264,7.4985332,7.731869,7.129308,7.881284
3,1.536425,0.38991064,0.8736342,0.0,5.215921,2.198173,6.112147,2.577586,3.5509624,2.8472092,4.9336514,5.424405,2.487444,3.196105,4.148034,4.235608,3.324183,4.2544026,3.9649885,4.1366987,4.795871,7.7355857,4.8122163,4.1418076,4.048304,5.928993,3.8031316,2.8526435,7.5311484,8.133265,3.44708,5.647682,5.8188286,6.644507,6.8677907,6.3213143,8.789187,6.178696,6.4559317,6.592973,5.2818556,6.0077095,6.3872137,5.525939,5.043363,5.0464807,6.052348,4.8655024,7.020165,5.8501945,6.5316787,5.9959497,6.612784,6.0951605,5.864133,6.122686,5.4018483,4.7959867,5.458699,6.3194776,6.31816,6.2046204,7.3500686,6.6859994,8.938006,10.482928,8.201192,10.427504,9.44166,11.02087,10.369404,10.061268,8.536802,7.5096874,6.8124495,7.91343,7.7893734,9.736887,7.1869907,7.44197,7.915114,8.605866,8.6525955,8.019042,6.210165,6.234019,7.7570496,7.5287294,8.528347,8.015754,8.891029,8.259088,6.521866,8.502803,8.563534,8.645296,7.209204,7.5499315,6.138694,7.206538,6.805773,6.40252,7.948701,7.8690925,6.675493,6.528447,6.8453546,7.4311733,7.4399223,8.498944,6.473889,7.9831047,9.438511,10.504273,9.619577,7.8624325,7.9487224,7.8234043,7.572638,7.7613544,7.870692,7.189922,7.7427173,8.476074,7.4065375,7.621353,7.1445684,7.8716416
4,5.6602917,5.4340725,5.2993507,5.215921,0.0,4.9240255,4.687026,5.878823,5.3156967,5.3571563,3.3024805,3.910755,6.1124277,6.38215,6.8942933,6.979615,6.0108137,6.950261,6.725385,6.823018,4.6221404,5.6776257,7.2025385,7.30269,5.4374604,7.9970646,6.5613294,6.2800813,6.4352636,7.1408005,6.0104713,4.74649,8.241546,9.30425,9.168846,8.915473,8.035265,8.586426,7.6904325,7.1706614,7.0695586,8.653266,8.697891,8.054478,7.9597883,7.953954,8.330403,7.527918,6.447301,7.1438775,7.8149996,8.192553,7.35841,8.424119,6.7149987,7.017514,6.8926363,7.776751,8.229367,7.222197,7.887332,8.717964,8.056224,7.8696795,8.914362,9.26507,8.309733,9.258573,8.872179,10.624788,9.76277,9.527312,7.6682415,6.7387123,5.419539,7.0600386,8.629217,10.676028,7.541216,6.993257,7.4451504,7.8640385,8.4002075,7.8270526,6.3004,6.231136,7.717627,7.4686303,7.765397,7.50654,7.9792037,6.980638,6.2509313,8.458015,7.880618,8.095793,7.105828,6.94228,4.4956865,5.6856065,4.4094896,4.655252,6.0729356,5.521793,5.4568543,4.7065883,6.018862,6.204933,6.189148,7.3727407,4.623602,5.830178,6.174448,7.6824775,7.873567,6.6943817,5.3602066,4.8504367,6.5112324,6.769542,6.7310824,5.9169044,7.867206,7.835781,6.6019044,6.8692966,7.5680947,6.4900937
5,2.633547,2.2961793,2.8327138,2.198173,4.9240255,0.0,5.9241056,2.9174135,3.9879692,3.7570195,4.8962135,5.34276,3.6613195,4.0951796,4.9829926,4.8595605,3.6395557,4.5240564,4.3116875,4.426669,4.8388577,7.728265,4.847256,4.5062704,3.4132864,6.013355,4.4575114,3.308586,7.5251555,8.074014,3.781086,6.007449,6.4580865,7.1597896,8.031959,7.545311,9.3855505,7.084931,7.362571,6.799415,5.6126556,6.6419954,7.1371846,6.3960886,6.0389442,6.0441246,6.839986,5.741015,6.996283,6.664486,7.2139373,6.849236,7.266849,6.8678675,6.499112,6.767824,6.152035,5.775467,6.3692193,6.7447357,6.2402163,6.9671597,7.997642,7.409534,9.545114,10.846875,8.797629,10.904211,9.617864,11.37758,10.538061,10.263962,9.228575,8.204627,7.600886,8.534123,8.274321,10.10584,7.7818995,7.6027193,8.016222,8.640327,9.24094,8.426539,6.6311183,6.6034594,8.086432,7.952704,8.964618,8.466689,9.370039,8.69749,7.048413,8.800405,9.052385,8.948154,7.0549774,7.279855,5.3578534,7.2005763,6.339521,5.9767714,7.7651005,7.544364,6.074127,6.1162987,6.174698,6.892918,7.797844,8.200943,6.195166,7.657019,9.033014,10.441432,9.204838,8.146175,7.6922064,7.490394,7.4271145,7.617532,8.008251,7.497543,8.119956,8.713416,7.5879164,7.818549,7.6356645,8.172227
6,6.3752375,6.2801237,6.1064286,6.112147,4.687026,5.9241056,0.0,6.429808,6.1244345,5.9261365,3.4648666,4.0786433,7.153536,7.4008336,7.904479,7.6702523,6.805427,7.668327,6.3661838,6.405383,5.63089,6.747495,5.9428787,8.037309,6.6029773,6.311262,6.511249,7.035231,6.982937,7.4062667,6.95005,6.0082927,8.574279,8.8578205,9.289761,8.741781,8.412054,9.1689625,8.431132,8.4387045,6.8135257,7.8417854,8.055877,7.0267873,8.582285,8.580739,9.149291,8.225878,7.3115945,7.550063,7.209393,7.373666,6.380534,7.304296,7.6370153,7.858144,7.035568,7.903949,8.305835,7.592078,7.193883,7.199537,6.385983,6.5609746,7.302046,7.8006396,6.090767,7.529749,6.2234325,9.089044,7.983807,7.6929216,7.1181417,5.1634264,7.062351,6.1538367,7.5844994,10.577492,6.883087,5.1401906,8.1241255,8.878334,8.302235,7.637958,5.887373,5.883241,7.9057136,7.536031,9.46415,9.089627,9.809548,8.5948715,8.195188,9.405097,9.771485,8.660692,8.857193,8.895942,5.807121,7.989486,6.3425703,6.7519126,8.325948,7.3051996,5.692629,5.6926174,5.857488,6.5230994,6.884998,8.063629,5.8112416,6.7753167,7.5470777,8.372985,8.941457,6.8947053,7.528775,5.797561,6.8578186,7.208551,5.6902003,5.101483,7.2909074,6.9081655,5.1995473,5.615337,7.46669,6.267106
7,2.9932296,2.5267434,2.7872863,2.577586,5.878823,2.9174135,6.429808,0.0,3.0852933,2.24495,5.667654,4.909434,3.307865,2.4357436,3.662953,3.3940947,2.763037,3.848602,3.5234463,3.729861,4.480308,7.718438,4.2973766,3.7206838,3.4541578,5.5409255,3.6218872,2.237222,7.3584375,7.8462696,2.984385,5.5533834,5.280127,6.238837,7.243782,6.673895,9.079482,5.714683,6.152324,6.1755695,5.627208,5.4534674,6.726311,5.9201527,5.5415196,5.5421543,5.6431174,4.408386,7.0183554,6.4873476,6.172277,5.5682926,6.2072825,5.6523643,5.4161654,5.6633325,6.1096997,5.5477858,6.1388435,6.8161182,6.1169105,5.8390446,8.656407,8.209046,9.19776,10.762491,8.359536,10.725117,9.557758,11.381822,10.576462,10.25292,9.087239,8.026176,7.466349,8.39913,7.9814954,9.778518,7.672981,7.581377,8.280365,8.820745,9.174838,8.386973,6.683586,6.637537,8.091883,7.8602815,8.898882,8.410213,8.985989,8.632987,7.096986,8.901511,8.922876,8.943257,7.650171,7.964433,6.3993206,7.72273,7.2401524,6.78495,7.82196,7.8775945,6.890254,6.7207203,7.1529603,7.6928196,8.117168,8.969279,7.204357,8.558722,9.746667,10.980396,9.788198,8.309312,8.188302,8.06717,7.766959,8.005132,8.076206,7.3307834,8.008923,8.711143,7.505464,7.7212534,7.4747424,8.161631
8,3.971906,3.5416536,3.5062335,3.5509624,5.3156967,3.9879692,6.1244345,3.0852933,0.0,2.1539237,5.2861414,4.503688,4.729711,4.185023,4.1082106,4.2794175,3.8899574,4.9227047,4.533907,4.699664,4.786071,7.3417163,5.139107,5.3796835,4.4880223,6.474985,3.695173,3.817721,7.695704,8.230537,4.4004602,4.7146373,4.8724275,6.0274463,7.2080755,6.65909,8.983808,6.16014,6.2579994,6.554734,6.3646507,6.7746515,7.770945,6.6484504,6.6878757,6.6879377,5.8821898,5.4123693,6.299201,6.2338247,6.7289,6.010437,6.533556,6.3949647,5.1563144,5.3407416,5.6535187,5.4752035,6.1462035,6.284704,6.1211653,5.8952494,8.955464,8.019469,8.931528,10.35253,8.393686,10.203325,9.123893,11.182137,10.500345,10.168402,8.713275,7.663261,7.1665287,8.164569,8.635375,10.2037,6.607488,6.9749384,8.661768,9.202859,8.600264,8.743019,6.691595,6.6578712,8.256631,8.413188,8.213159,7.857434,8.294922,7.2907596,6.8689713,8.283207,8.2237835,8.297356,7.45153,7.687314,5.8965364,7.102198,6.157605,5.7827425,7.232235,7.1206,7.1409526,6.978802,6.674864,7.9424586,7.028716,8.1879225,7.1452284,8.410249,9.457574,10.258717,10.096785,7.6107473,7.5347934,7.153104,7.5909805,7.8798347,8.153247,7.2684083,8.65063,9.1669035,7.4891534,7.691009,6.877157,7.9045773
9,3.331015,2.797706,2.6195142,2.8472092,5.3571563,3.7570195,5.9261365,2.24495,2.1539237,0.0,5.109761,4.274756,4.206083,3.5722408,4.517085,4.6073623,3.342028,4.4498367,4.0282965,4.2157974,4.597696,7.340382,4.6484356,4.9737477,4.3238363,6.1018186,2.8015018,3.2152123,7.6034465,8.133864,4.011469,5.0357156,5.4752793,6.563651,7.2176933,6.737287,9.229004,6.375839,6.4345293,6.746291,5.9321966,6.2215796,7.2752266,6.0111847,6.143135,6.1422195,6.264311,4.7293215,6.7351832,6.360939,6.560839,5.662014,6.010372,5.733596,5.3098593,5.5597634,5.7640986,5.397373,6.0785246,6.468633,6.402016,5.7324347,8.542566,7.9528284,9.003173,10.430923,8.004722,10.239504,9.28727,11.3120165,10.672174,10.324706,8.723352,7.542518,7.204893,8.115032,8.272883,10.494544,6.8632855,7.1393294,8.512956,9.113182,8.98609,8.480496,6.3328037,6.32124,8.415093,8.179829,8.793477,8.30763,8.838978,7.915096,7.1263742,8.889751,8.806078,8.912583,8.152806,8.223675,6.563833,7.934559,7.034167,6.472375,7.893301,7.6286144,7.164719,7.032705,7.388814,7.964183,7.6656084,8.782435,7.1974864,8.491991,9.533597,10.498572,10.157258,7.849827,8.31163,7.8802695,8.103292,8.318247,7.951497,7.053787,8.386553,8.9783745,7.1856465,7.3956785,7.0768595,7.6287813
10,5.271351,5.13289,5.0131383,4.9336514,3.3024805,4.8962135,3.4648666,5.667654,5.2861414,5.109761,0.0,2.9155142,5.8057055,6.326504,6.9059486,6.7099385,5.92007,6.9275713,6.7155333,6.7640877,4.5240736,5.7449217,6.780976,7.2095013,5.699261,7.9382386,6.0497346,6.2303734,6.3142247,6.921779,6.039943,4.6208735,7.976698,8.380879,8.422441,8.059367,7.7500863,8.522645,7.6099286,7.7343516,7.401378,8.070551,8.40174,7.6295013,7.60992,7.607287,8.487543,7.383402,7.8136425,6.5748096,7.4696,8.062064,7.1737733,8.066411,6.548493,6.6789823,5.983768,7.0507708,7.5413704,6.492355,8.135685,8.0553465,6.851902,6.7978687,8.827872,9.149535,7.890434,8.981857,8.322281,10.331585,9.466456,9.215388,7.416935,5.8248715,5.7945356,6.6148987,7.639293,9.995054,6.7790685,5.258275,7.292703,7.797775,7.8553514,7.316025,4.973556,4.976973,7.1771116,6.7992067,8.618256,8.178809,9.05486,7.949904,7.132,8.592518,8.730802,8.624196,8.130804,7.8986096,4.667014,6.998238,5.2973523,5.494266,7.3408103,6.6480927,5.9894123,5.982882,6.10068,6.922894,6.8909016,8.051386,5.7955165,6.774364,6.78778,7.6387057,8.386342,5.922807,6.573944,6.0221066,5.895081,6.2793264,6.079503,5.0817738,7.0574265,7.086681,5.004963,5.4072413,7.188622,5.917329
11,5.7692876,5.5769672,5.5086045,5.424405,3.910755,5.34276,4.0786433,4.909434,4.503688,4.274756,2.9155142,0.0,6.125967,5.6816626,6.332157,6.1208673,5.2062955,6.3400087,6.105251,6.1550083,3.4512115,4.8802967,6.1421394,6.6138554,4.917974,7.4070535,5.347117,5.574266,5.6048265,6.2541876,5.3390336,3.5981727,7.4483128,7.8985963,8.766651,8.436962,8.055249,8.042496,7.071108,7.182437,7.6458344,7.5460644,8.614018,7.849066,7.9172873,7.913109,8.018187,6.823667,7.2516675,6.7303853,6.864154,7.502715,6.5431767,7.5220313,5.8958774,6.101291,6.4978642,7.470913,7.932164,6.9141903,7.5669265,7.4872518,8.492186,8.472363,8.700397,9.094956,7.84249,8.946743,8.416053,10.429626,9.507351,9.212586,7.641066,6.245279,6.1245112,6.824446,7.845448,10.120528,6.8211756,5.4700727,7.3171406,7.6753216,7.974903,7.342222,5.223578,5.1150346,7.2618756,6.853722,8.573468,8.06396,8.643014,7.8371024,7.3059683,8.507434,8.646233,8.522378,8.231196,8.003386,5.16683,7.2558985,5.4626884,5.6253457,6.7804885,6.0048723,6.101863,6.151135,6.2458615,7.0076313,6.927515,7.9732156,6.1224027,7.02473,6.7934494,7.724331,8.456907,6.009367,6.646723,6.0880475,6.038772,6.4507737,6.170966,5.0601854,7.188648,7.1874433,5.067334,5.433735,7.2944527,5.9625363
12,2.9255645,2.465848,2.8620257,2.487444,6.1124277,3.6613195,7.153536,3.307865,4.729711,4.206083,5.8057055,6.125967,0.0,2.1216424,3.3458722,3.4830039,3.6558084,4.500014,4.5696535,4.721463,4.910607,7.7231817,5.3891664,3.7090383,4.192086,6.1807623,5.454772,3.3124485,7.2846694,8.4135,3.376521,5.503236,5.864943,6.4039736,6.9572926,6.150058,8.444583,5.7815833,5.7790604,6.1246076,5.727958,5.3421626,5.9515395,5.7816935,4.6239853,4.6250215,5.403664,4.806072,7.1601634,5.6309705,5.939072,6.0825877,6.8487654,6.2317924,5.9760127,6.1244025,5.835318,5.370051,5.6276016,6.432683,7.248,6.56406,7.725955,7.1351237,8.717093,10.11515,8.357664,10.368547,10.036127,11.059208,10.282064,9.926662,7.9813128,7.358807,6.205783,7.4231434,7.486092,8.634171,7.830041,8.049192,7.7495427,7.9073386,8.130456,7.491717,6.7873,6.8128734,7.588419,7.367044,8.180152,7.7395544,8.5193405,8.693065,6.2098603,8.251041,8.325476,8.37172,7.0288677,7.195287,6.4423757,7.0509844,7.0697274,6.438668,7.6190686,8.110731,7.1539974,6.964959,7.330169,7.940502,7.515306,9.212984,6.77375,8.171195,9.697907,10.593082,9.827371,8.398612,8.012505,8.376725,7.520437,7.6986766,8.254599,7.542767,7.589271,8.263855,7.5334544,7.7119417,7.218867,7.9281335
13,3.589705,3.1328535,3.5026832,3.196105,6.38215,4.0951796,7.4008336,2.4357436,4.185023,3.5722408,6.326504,5.6816626,2.1216424,0.0,2.6371207,2.8100777,2.9788373,3.9922,4.019114,4.201896,4.433719,7.419551,4.971479,3.0667262,3.5791504,5.809554,5.020941,2.5750039,7.0181584,7.774641,2.6920552,5.051073,5.301996,5.942776,6.9182,6.4523263,8.621563,5.2808447,5.5077085,5.8321652,6.05603,4.9912405,6.342531,6.1173215,4.914518,4.9147015,5.1082563,4.421244,6.8683896,5.6841903,5.665478,5.770632,6.3656,5.821155,5.47604,5.629553,6.092159,5.6360703,6.13761,6.698155,6.962036,6.2119145,8.84235,8.361628,8.727803,10.173574,8.263249,10.297255,10.055446,10.925186,10.277308,9.891696,8.277685,7.738838,6.630428,7.722016,7.5749736,8.69643,7.773222,8.096983,7.6776156,7.962624,8.337106,7.6595316,6.7768764,6.7253323,7.6484566,7.3996453,8.072541,7.548849,8.136543,8.511678,6.2382684,8.110175,8.175077,8.216307,7.2533445,7.4291573,6.8026967,7.330579,7.2632647,6.600421,7.3655047,7.8579125,7.345196,7.1887274,7.537858,8.13923,7.684419,8.87781,7.0960073,8.4296875,9.686811,10.75641,9.6648655,8.157439,7.895719,8.2554035,7.5023665,7.681032,8.194589,7.4256315,7.611902,8.331862,7.5213723,7.687116,7.232009,7.9178386
14,4.560526,4.1694384,4.348818,4.148034,6.8942933,4.9829926,7.904479,3.662953,4.1082106,4.517085,6.9059486,6.332157,3.3458722,2.6371207,0.0,1.2215528,4.214743,4.972651,4.9864006,5.198233,5.143698,7.7914944,5.8184295,3.468507,4.644746,6.426468,5.855316,3.7637818,7.407615,8.077753,3.6993482,5.231037,4.60865,5.2820115,6.5893083,6.032711,8.047624,4.4508867,4.7966785,5.4292006,6.360371,5.293737,6.558781,6.399848,5.185415,5.186635,4.1174784,5.066532,6.9382143,5.779319,5.4524117,6.021465,6.854248,6.4244294,5.438353,5.5251293,5.9088163,5.548062,6.023098,7.469402,6.8929477,6.216056,9.197656,8.386633,8.6148405,10.19841,8.643898,10.314773,10.055015,10.584244,9.981178,9.596289,8.423575,7.9924016,6.8564067,7.9671874,7.9843445,8.569896,7.757131,8.194128,7.8144345,8.30391,7.9322968,7.774893,7.425195,7.376032,7.252089,7.427765,7.649661,6.9624906,7.7408504,8.225789,5.7377443,7.352259,7.41649,7.7612395,6.4542913,6.9279113,6.6948643,6.4792233,7.393515,6.970894,6.786922,7.862235,7.434425,7.177516,6.9557166,8.20362,7.378876,8.839938,7.58301,8.833794,10.0526495,10.798888,9.963875,8.162294,7.512789,8.033621,7.2163963,7.4905176,8.601859,7.8766108,7.6415896,8.340087,8.042193,8.17881,7.279626,8.473603
15,4.6370664,4.2781796,4.4575624,4.235608,6.979615,4.8595605,7.6702523,3.3940947,4.2794175,4.6073623,6.7099385,6.1208673,3.4830039,2.8100777,1.2215528,0.0,4.330179,5.098483,5.084972,5.2953606,5.1068063,7.877653,5.821968,3.599462,4.698544,6.4522347,5.913612,3.881651,7.368483,7.9312425,3.7468352,5.4575777,4.7604156,5.3778725,6.616873,6.01961,7.9867845,4.465392,4.876441,5.5239625,6.4502735,5.240866,6.634449,6.485716,5.3094516,5.309924,4.3324375,5.168081,7.4074244,6.1153803,5.4299016,6.077739,6.8537774,6.494284,5.421241,5.473483,6.0331397,5.74424,6.216261,7.57779,6.9398546,6.282444,9.121102,8.41299,8.912914,10.458504,8.735472,10.518701,9.888365,10.765385,10.057481,9.678836,8.696419,8.051105,7.0904055,8.15969,7.887293,8.525028,8.078183,8.009714,7.999961,8.471664,8.289417,7.9699664,7.4241366,7.3718553,7.2608676,7.386636,8.191499,7.549616,8.302064,8.732905,6.2375665,7.8928323,7.9623513,8.2527275,6.7855906,7.263034,6.587909,6.783079,7.592912,7.2618165,7.063278,8.094268,7.3127666,7.003917,6.9002943,8.1273365,7.845073,9.176672,7.8354044,9.025215,10.093312,10.922562,9.907387,8.273271,7.6361537,8.125845,7.089105,7.3903923,8.456568,7.720295,7.5156217,8.21616,7.920252,8.071547,7.5604396,8.6055975
16,3.569994,3.3315778,3.6731222,3.324183,6.0108137,3.6395557,6.805427,2.763037,3.8899574,3.342028,5.92007,5.2062955,3.6558084,2.9788373,4.214743,4.330179,0.0,1.4585125,3.5401773,3.4543355,3.6713543,6.7861032,3.8964424,3.0288205,2.1792653,5.549165,3.4185822,1.7035382,6.74205,7.1880727,1.8697134,5.0965366,4.7728286,5.31385,7.008459,6.49478,8.572619,5.275326,5.4398637,5.3361607,5.386371,4.805152,5.9426913,5.5347314,4.8186164,4.8207355,5.06244,3.491596,5.9279385,4.891041,5.3503566,5.1387286,5.700674,5.158032,4.4824634,5.16439,5.170417,4.695834,5.1260123,5.5685153,5.178555,5.0831227,8.165469,7.6241217,9.30455,9.928297,8.811496,11.00679,10.44427,11.69278,10.99494,10.680261,8.764657,7.976557,7.0922356,8.139188,8.545431,10.129867,7.608522,7.784099,6.894232,7.3406367,7.8285165,7.025019,5.7645817,5.7197847,6.9850664,7.1464887,7.8120813,7.487599,8.035716,7.858902,6.1836724,7.723546,8.118467,7.9592466,7.064629,6.820687,5.608162,7.4825664,6.4949803,6.137391,7.418978,6.7434044,6.1768017,6.8916492,6.7347574,6.770435,7.277873,8.270213,6.445868,7.302709,8.591403,9.680663,8.746524,7.810988,7.7673655,7.7967987,7.095272,7.300063,7.2017293,7.011832,7.060849,7.771193,6.890676,7.1548734,6.359191,6.9015837
17,4.410473,4.2462935,4.5315337,4.2544026,6.950261,4.5240564,7.668327,3.848602,4.9227047,4.4498367,6.9275713,6.3400087,4.500014,3.9922,4.972651,5.098483,1.4585125,0.0,4.145291,4.0060587,4.7347007,7.608148,4.3572774,3.5088608,3.1080828,5.964825,4.0894,2.7172315,7.40488,7.6075025,2.769586,6.142346,4.740363,5.2878666,7.037661,6.518055,8.7553215,5.1555767,5.5637445,5.4301972,5.3390584,4.750242,5.7800274,5.4530673,4.660355,4.6645446,4.965381,3.3890371,6.087744,5.11297,5.521864,5.12706,5.9043427,5.1153555,4.6114044,5.358876,5.3369937,4.603966,4.9551554,5.8226495,5.0878873,5.01519,8.256522,7.7461953,9.913599,10.183613,9.467904,11.845043,11.369485,12.482758,11.843474,11.548069,9.538712,8.82976,7.938487,8.996708,9.394481,10.89533,8.352472,8.644216,7.0107093,7.5138545,7.986514,7.1501956,6.309058,6.2733903,7.096294,7.530444,7.8986177,7.678619,8.177561,8.06036,6.3391047,7.847931,8.275426,8.1285,7.3895597,7.062853,6.0131016,8.030057,7.202649,6.9059696,8.076211,7.103495,6.4125037,7.428005,7.2614274,6.912616,7.843708,8.840208,7.0485787,7.546547,9.004848,10.093958,8.901552,8.473269,8.34377,8.405847,7.648256,7.8215084,7.4934006,7.6850395,7.1885667,7.988815,7.518105,7.7775936,6.4055004,7.2036066
18,4.166429,3.9125228,4.210119,3.9649885,6.725385,4.3116875,6.3661838,3.5234463,4.533907,4.0282965,6.7155333,6.105251,4.5696535,4.019114,4.9864006,5.084972,3.5401773,4.145291,0.0,0.55394727,5.053598,7.9164877,2.1456926,4.2682505,4.061811,3.641533,4.1206803,3.1655653,7.574883,8.099961,3.6233037,6.2069235,5.5793166,5.9173326,8.023565,7.365016,9.211093,5.969249,6.315766,6.3370523,4.7110863,4.6220245,5.602177,4.8438296,5.700228,5.707232,6.277391,5.0270133,6.5820394,6.758566,6.327956,5.5534887,5.3282313,4.371015,6.534866,6.4865327,6.063942,5.960867,5.870864,6.9907804,4.687024,4.8960958,8.233328,7.694554,8.092965,9.632875,7.5933948,9.964178,8.9249525,10.579735,9.577054,9.216785,8.578209,7.7184563,7.91439,7.888326,7.685449,9.714157,7.066019,7.990531,8.362865,8.959055,8.351249,8.081965,6.41707,6.392167,7.7297096,7.6213307,8.713868,8.312004,8.8813505,8.602533,7.538928,8.550156,9.054274,8.099988,7.7991357,8.201427,7.161802,7.8416753,7.3494854,7.2517505,8.1687765,7.544622,6.750926,7.018015,6.889081,7.298545,7.2795763,8.306606,6.1421657,7.526036,9.705401,10.505961,9.818509,8.19717,8.656064,8.016796,7.6606936,8.126445,7.740421,7.409923,7.8568597,8.333908,7.710434,7.9132633,7.4241605,8.136526
19,4.303401,4.086574,4.410876,4.1366987,6.823018,4.426669,6.405383,3.729861,4.699664,4.2157974,6.7640877,6.1550083,4.721463,4.201896,5.198233,5.2953606,3.4543355,4.0060587,0.55394727,0.0,4.949802,7.7995744,1.8839194,4.2399836,3.934624,3.6495073,4.0457516,3.1159112,7.477948,8.036239,3.5807188,6.2888923,5.557418,5.774965,8.069066,7.415147,9.204169,6.0030403,6.32647,6.260617,4.7721605,4.5934076,5.4736776,4.8591666,5.7082386,5.714804,6.291567,4.9717054,6.5773435,6.6373963,6.3008866,5.5615597,5.302145,4.348908,6.5060415,6.5860653,5.9666076,5.8766932,5.691535,6.764196,4.494399,4.7224684,8.155627,7.6221914,8.225178,9.63923,7.739618,10.064232,8.963569,10.612961,9.607453,9.248612,8.502342,7.6440964,7.864528,7.7967134,7.6632247,9.678004,6.995161,7.88661,8.233464,8.783857,8.236234,7.938405,6.2138386,6.200845,7.6226397,7.536615,8.7033415,8.369529,8.897238,8.622104,7.5827117,8.514189,9.108467,8.08266,7.729684,8.081425,7.0907145,7.944073,7.261486,7.200296,8.228215,7.463465,6.717006,7.116179,6.8590007,7.1446977,7.1982985,8.213006,6.04793,7.3903875,9.563734,10.3296585,9.648289,8.207639,8.666392,8.033296,7.5637097,8.019386,7.6028504,7.325109,7.754877,8.223714,7.559666,7.7693577,7.29681,7.9789033
20,5.146869,4.9992595,5.1552267,4.795871,4.6221404,4.8388577,5.63089,4.480308,4.786071,4.597696,4.5240736,3.4512115,4.910607,4.433719,5.143698,5.1068063,3.6713543,4.7347007,5.053598,4.949802,0.0,3.6845324,5.2061834,4.4698787,2.9615846,6.419908,4.9114156,3.9447339,5.1532316,6.090838,3.0915086,3.2444985,6.659798,6.80495,8.256185,7.932235,7.9937167,6.6550264,5.6855025,5.532381,6.9119935,6.271192,7.065336,7.1307764,6.5642405,6.5588803,6.5854974,5.6410084,6.3473268,5.1427426,5.4582095,6.7219653,6.0804787,6.8498654,5.1820683,5.943384,5.786224,6.615221,6.780606,6.162283,6.1178393,6.636258,8.522219,7.965662,9.019901,9.3454685,8.673139,9.779639,9.1487665,10.488117,9.599962,9.239436,7.295796,6.467959,5.202704,6.450211,7.8737197,9.446906,7.470286,6.7301407,6.4729614,6.586218,7.4129834,6.5737824,5.03886,4.963148,6.375621,6.154604,8.074143,7.7090354,8.224726,8.235317,6.4592876,7.9113326,8.296772,8.083866,6.838751,6.1300316,4.988349,6.6013513,5.2579556,5.3886786,5.9105277,5.6144676,5.440059,5.8083477,5.606947,5.812102,6.1686974,7.3084307,5.222604,6.178543,6.431092,7.2773113,7.6619773,6.5660543,6.4282,6.524228,5.5043163,5.835441,6.1194077,5.490517,6.4936323,6.632954,5.717599,5.9976797,7.207045,6.152939
21,8.349977,7.9553833,8.01153,7.7355857,5.6776257,7.728265,6.747495,7.718438,7.3417163,7.340382,5.7449217,4.8802967,7.7231817,7.419551,7.7914944,7.877653,6.7861032,7.608148,7.9164877,7.7995744,3.6845324,0.0,7.789594,7.4529905,5.959885,8.717652,7.7162614,7.2495966,5.4880133,6.997714,6.3910074,4.1831923,9.037354,8.808921,10.17322,10.450581,8.84218,9.366997,7.885609,7.7549324,9.374795,8.817896,9.404781,9.563847,9.180152,9.174941,9.272347,8.658223,7.178233,6.8698196,7.5706353,9.38101,8.110876,9.445492,7.5332723,8.164336,7.2348638,8.726751,8.788462,7.507334,8.627831,8.877021,10.103727,9.557186,10.2675,9.134324,9.419238,9.474324,9.612022,10.695094,10.376885,9.668318,6.959977,6.8652315,5.7793684,6.7823267,8.922989,10.413473,8.526255,7.5818267,7.229341,6.4782867,7.9094725,7.2410383,6.359583,6.2796154,7.4363422,7.25626,9.27747,8.887536,9.404175,9.452586,7.3980308,9.0320635,9.601672,9.357226,7.8158755,6.151328,6.0207167,8.106751,5.7181635,5.582074,6.825537,5.19004,5.861156,6.43066,5.9803505,6.0852857,6.0648685,7.2983384,5.8461695,5.725496,4.600836,4.867524,7.5185165,6.9237313,6.690124,6.805522,6.233453,5.8833346,6.0867023,5.566958,7.3596253,6.8448215,5.9877787,5.861546,8.052911,6.084824
22,4.925162,4.76601,5.041097,4.8122163,7.2025385,4.847256,5.9428787,4.2973766,5.139107,4.6484356,6.780976,6.1421394,5.3891664,4.971479,5.8184295,5.821968,3.8964424,4.3572774,2.1456926,1.8839194,5.2061834,7.789594,0.0,4.686134,4.183495,3.027863,4.3281546,3.7731638,7.6576967,8.357553,4.339431,6.624725,5.746717,5.588392,8.38772,7.5920734,9.518611,6.6045203,6.742988,6.41828,4.575082,4.1955843,5.1555066,4.4473395,6.1009965,6.107462,6.5842414,5.257369,6.4357843,6.7588234,5.957735,5.291438,5.072424,3.9947333,6.765986,7.084529,5.9928217,5.8741503,5.58785,6.8449373,4.4826713,3.9024253,7.8255816,7.2985783,8.106095,9.211202,7.4186,9.849781,8.670399,10.395537,9.310743,8.912735,8.32645,7.2769403,8.271806,7.5408044,7.6578417,9.996803,6.9779596,7.4198046,8.206582,8.741674,8.265477,7.5875425,6.276977,6.30942,7.8992543,7.849052,9.199419,8.827153,9.457591,9.040793,7.9434824,8.733649,9.638925,8.345273,8.034912,7.990268,6.8952203,8.588349,7.590285,7.3129377,8.491662,7.7339196,6.4719977,7.248307,6.6227107,6.8475323,7.4498777,8.544077,6.3932743,7.5126195,9.584549,10.258699,9.840006,8.641799,9.140304,8.254113,7.858076,8.230749,7.444239,7.30823,7.7356515,8.012996,6.9354453,7.17404,6.973779,7.53269
23,4.383392,4.1981416,4.644793,4.1418076,7.30269,4.5062704,8.037309,3.7206838,5.3796835,4.9737477,7.2095013,6.6138554,3.7090383,3.0667262,3.468507,3.599462,3.0288205,3.5088608,4.2682505,4.2399836,4.4698787,7.4529905,4.686134,0.0,3.1666944,5.7311115,4.95552,2.286071,6.8007393,7.5180907,2.1315901,6.148376,5.6638927,5.5880194,7.716333,7.2677617,8.780771,5.305689,5.691884,5.441385,6.1158733,4.6355824,5.800368,6.107204,4.8246236,4.8301244,5.1235003,4.493225,7.3235064,5.7802086,5.5009236,6.218421,6.92146,6.1547117,6.085234,6.6998973,6.158668,5.5830116,5.746672,7.594075,5.8482723,5.963393,8.947587,8.501055,9.40704,10.652969,9.316516,11.223721,10.727744,11.043229,10.363759,10.036202,8.970919,8.504486,7.5347834,8.334582,8.014116,9.256846,8.174656,8.467107,6.8077903,7.394893,8.146835,6.967352,6.679932,6.631295,6.7429523,6.6458435,8.470085,7.698447,8.70673,9.210873,6.47938,7.6474543,8.40622,8.416997,6.4521384,6.777871,6.855815,7.5069613,7.727213,7.5372515,7.6385603,7.779194,6.7968254,7.3295364,6.81844,7.1587954,7.8053,8.622168,6.9395328,8.142986,9.475047,10.4123,9.117118,8.456529,8.314122,8.737347,7.2017446,7.40982,8.171137,7.8876376,6.874122,7.696072,7.778691,7.9582076,7.6301975,8.246713
24,4.25585,4.1228795,4.627654,4.048304,5.4374604,3.4132864,6.6029773,3.4541578,4.4880223,4.3238363,5.699261,4.917974,4.192086,3.5791504,4.644746,4.698544,2.1792653,3.1080828,4.061811,3.934624,2.9615846,5.959885,4.183495,3.1666944,0.0,5.681715,4.5707016,2.467208,6.156984,6.878887,2.2376015,4.854611,5.803304,6.0653567,8.210153,7.782805,8.826976,6.287153,6.1351833,5.2064023,5.941472,5.539795,6.5313945,6.526757,5.76715,5.76862,5.9272704,4.8029046,5.939864,5.5180106,5.899051,6.3722095,6.3810105,6.244758,5.4352202,6.1223707,5.8895893,5.928906,6.1543326,6.1426644,5.565818,6.2410946,8.760805,8.239861,9.403409,9.985511,9.082936,10.798507,10.183173,11.217224,10.317555,10.016599,8.524867,7.8840632,6.853721,7.781397,8.279841,9.660596,7.7373023,7.6289053,6.5863643,6.8545046,7.988407,6.9665203,5.870451,5.7892284,6.9887033,7.018008,7.916292,7.5329823,8.153205,8.198776,6.3281655,7.629637,8.21612,7.9049835,6.4123373,5.9468913,4.909689,6.895832,5.7028065,5.365686,6.4671006,6.1400332,5.651371,6.369372,5.930664,6.1244664,7.021986,7.555321,5.5857053,6.653168,7.728089,9.027579,8.050766,7.697923,7.0498776,7.198632,6.446903,6.7021046,7.2327332,6.9520793,7.176217,7.635805,6.710155,6.979858,6.934671,6.936137
25,6.0971627,5.936679,6.1221595,5.928993,7.9970646,6.013355,6.311262,5.5409255,6.474985,6.1018186,7.9382386,7.4070535,6.1807623,5.809554,6.426468,6.4522347,5.549165,5.964825,3.641533,3.6495073,6.419908,8.717652,3.027863,5.7311115,5.681715,0.0,6.1849265,5.314496,8.368057,8.982791,5.479291,7.487854,7.2701383,7.181691,9.116271,8.358996,10.172625,7.57363,7.834344,7.674899,5.1725454,5.0113935,5.692342,5.1688967,7.341624,7.346561,7.39627,6.964001,6.1879478,7.4013295,5.7760916,5.1060033,5.743341,4.7997584,8.057612,8.440392,7.7195053,7.3272977,7.482395,8.34035,4.8657904,4.710755,8.173712,7.6853,6.9365005,8.519252,6.4108734,8.942821,7.869492,9.448478,8.491337,8.013181,8.21827,7.410632,8.820103,7.470304,8.091407,10.259859,8.275707,8.39399,8.984466,9.624463,9.069492,8.236754,7.955554,7.936032,8.848381,8.723371,9.926361,9.526437,10.1055,10.02206,8.494031,9.605196,10.411905,8.668554,8.556962,8.813115,8.072853,9.131027,8.53153,8.329127,9.25173,8.860067,6.8462877,7.17215,6.9513073,7.317153,7.722496,8.780363,6.966329,8.153579,10.450498,11.331782,10.483243,9.578074,9.581883,8.430898,8.851303,8.99913,7.949687,7.9471445,8.195332,8.25974,8.019313,8.202907,7.9711795,8.557363
26,4.0267363,3.814324,3.7844467,3.8031316,6.5613294,4.4575114,6.511249,3.6218872,3.695173,2.8015018,6.0497346,5.347117,5.454772,5.020941,5.855316,5.913612,3.4185822,4.0894,4.1206803,4.0457516,4.9114156,7.7162614,4.3281546,4.95552,4.5707016,6.1849265,0.0,3.1886466,7.774773,8.242817,4.0338426,6.3292127,6.062699,6.6006317,7.957697,7.4356523,9.801133,6.826063,7.0740943,7.2997575,6.4285903,6.550085,7.3000917,6.2277904,6.6192126,6.6206155,6.858026,4.9112477,7.4838734,6.5242467,6.943013,5.9063954,6.5636654,5.9749956,5.935644,6.6455536,6.037256,5.4173293,5.811772,6.684507,5.1207323,5.2795124,8.5066595,7.97789,9.8180685,11.140757,9.056077,11.294698,9.807926,11.942359,11.301162,11.022217,9.493037,8.232347,8.103048,8.807755,8.913727,11.319615,7.1327724,7.40888,8.544878,9.262469,9.159049,8.561649,6.050138,6.0672455,8.23089,8.068578,9.584606,9.165085,9.763026,8.705637,8.149414,9.280085,9.679395,9.56069,8.404553,8.725382,7.199499,8.868129,7.5448003,7.576709,9.090448,7.954246,7.338672,7.805573,7.486734,7.6752114,7.935691,8.804392,7.378888,8.55474,9.714962,10.453626,10.131977,8.255768,9.238263,8.68758,8.3434,8.562553,7.9468756,7.446599,8.284805,8.976917,7.599658,7.838864,7.555311,8.095969
27,3.1383052,2.8315816,3.3006887,2.8526435,6.2800813,3.308586,7.035231,2.237222,3.817721,3.2152123,6.2303734,5.574266,3.3124485,2.5750039,3.7637818,3.881651,1.7035382,2.7172315,3.1655653,3.1159112,3.9447339,7.2495966,3.7731638,2.286071,2.467208,5.314496,3.1886466,0.0,6.8283997,7.528417,1.7006296,5.6628904,5.098884,5.5820556,7.3476963,6.837455,8.923172,5.4216123,5.856084,5.62925,5.598752,5.0557604,6.0110135,5.7441473,5.029912,5.0319834,5.244435,3.8832593,6.7008862,5.6272874,5.842556,5.5407314,6.2735324,5.5311675,5.4037747,6.0940537,5.68568,4.9915886,5.290386,6.342541,5.244968,5.332815,8.484009,7.9851227,9.242504,10.608554,8.801351,10.939107,9.985557,11.213868,10.492362,10.176044,8.714829,7.945528,7.109898,8.045331,7.8917427,9.50639,7.333459,7.6801744,7.3567147,7.8521767,8.371188,7.5134525,6.0515723,6.024491,7.293968,7.151666,8.355735,7.912121,8.542365,8.431867,6.6541834,8.085874,8.503987,8.397791,6.7625613,7.11463,6.3571534,7.545514,6.886377,6.6297007,7.7240705,7.3854876,6.704761,7.033519,6.85765,7.0939393,7.407716,8.261552,6.516761,7.877889,9.26203,10.320784,9.132577,8.144975,8.06854,8.13538,7.326126,7.5241256,7.799853,7.301908,7.399597,8.180184,7.3521986,7.563178,7.0387387,7.7808194
28,8.136321,7.6904,7.905677,7.5311484,6.4352636,7.5251555,6.982937,7.3584375,7.695704,7.6034465,6.3142247,5.6048265,7.2846694,7.0181584,7.407615,7.368483,6.74205,7.40488,7.574883,7.477948,5.1532316,5.4880133,7.6576967,6.8007393,6.156984,8.368057,7.774773,6.8283997,0.0,4.991576,6.1228046,6.263592,9.012809,8.697244,10.330784,10.45698,6.4801955,9.116429,8.269564,8.20085,9.394635,8.551788,9.224916,9.528567,9.008532,9.006827,9.021387,8.579179,8.189602,7.7347126,7.9138002,9.30647,8.930241,9.479113,8.312539,8.886852,8.02312,8.76248,8.729932,8.327706,8.460902,8.824652,8.961351,10.063802,8.551958,8.241835,8.06728,8.373756,8.931503,9.40982,9.11968,8.523026,6.2617426,6.506639,5.878776,6.365941,6.507342,8.030748,7.0271997,6.1841288,5.156977,3.944292,6.238723,5.2425,5.747218,5.542462,4.96622,4.2273903,8.00386,7.4652243,8.160294,8.625323,6.72886,7.5128636,8.377163,8.011651,5.886066,7.583559,6.44036,7.6160016,5.241004,6.511013,8.502654,4.8727217,5.979082,6.38651,5.9319,6.166289,5.2758985,6.9864755,4.8595862,5.3540573,5.5425673,6.4522414,5.956212,6.3808775,5.7487884,6.115489,4.793778,4.1059504,5.221162,4.591584,4.8071575,4.634876,5.5465927,5.3536415,7.1401315,6.2505245
29,8.37542,8.288338,8.398354,8.133265,7.1408005,8.074014,7.4062667,7.8462696,8.230537,8.133864,6.921779,6.2541876,8.4135,7.774641,8.077753,7.9312425,7.1880727,7.6075025,8.099961,8.036239,6.090838,6.997714,8.357553,7.5180907,6.878887,8.982791,8.242817,7.528417,4.991576,0.0,6.8378224,6.96325,8.673622,8.648781,8.688541,9.586291,6.0405097,8.36332,8.256554,8.296534,9.448948,8.716654,9.429861,9.570495,8.3814745,8.380631,9.126551,8.608172,9.096781,6.9990063,8.052357,9.337045,8.024503,9.158731,7.3638053,7.773025,7.6096573,8.46358,9.429975,8.522367,8.658346,9.082374,8.961088,10.035695,9.336068,9.081142,8.789407,9.434456,9.930289,9.278815,9.463225,9.298876,8.637073,8.132603,7.6253314,8.152801,7.9010906,9.432492,7.774737,6.7936134,4.3930306,6.2761354,7.1246343,6.2918043,4.9266458,4.5503025,4.6527615,4.331652,7.3224,6.72354,7.445303,7.791565,6.6103873,6.8823376,7.478799,7.216709,8.0197,9.093114,7.1627593,7.9162536,7.039886,8.255552,8.684029,6.638161,7.255144,7.8045287,7.5775523,7.618728,7.610267,6.347197,6.8488264,7.15321,6.22251,8.00184,4.726824,4.2946005,5.333459,5.6259465,4.137087,4.372276,4.7598476,4.79302,4.162066,4.778837,5.810755,6.1436553,7.489451,6.200712
30,3.7824707,3.5703232,3.9648547,3.44708,6.0104713,3.781086,6.95005,2.984385,4.4004602,4.011469,6.039943,5.3390336,3.376521,2.6920552,3.6993482,3.7468352,1.8697134,2.769586,3.6233037,3.5807188,3.0915086,6.3910074,4.339431,2.1315901,2.2376015,5.479291,4.0338426,1.7006296,6.1228046,6.8378224,0.0,4.909761,5.61243,5.882763,7.5397196,7.056532,8.391508,5.338409,5.383628,5.4132953,5.9880056,5.081657,6.14008,6.1545296,5.199757,5.2008915,5.2748613,4.3223133,6.437536,5.1263285,5.236046,5.7030616,6.279691,5.9255877,5.180187,5.798249,5.8349457,5.594886,5.8814993,6.4812174,5.129696,5.808481,8.498532,7.988543,9.081568,10.071376,8.895631,10.762742,10.081971,11.170278,10.402918,10.080011,8.4867115,7.854786,6.619266,7.8097982,8.137208,9.4637375,7.900845,7.9295917,6.808178,7.1786823,7.826,7.005382,5.9847264,5.9037814,6.5415206,6.501024,8.069801,7.598758,8.265787,8.495998,6.3289013,7.7971864,8.239361,8.108523,6.543269,6.7278075,5.979957,6.9760466,6.4493704,6.4896126,7.1505017,6.7622275,6.0563273,6.4658914,6.2905664,6.550399,6.975321,7.987094,6.044666,7.1829133,8.455881,9.480612,8.530502,7.656943,7.4667616,7.7189875,6.5889473,6.8247,7.2461605,6.9278293,6.706207,7.388556,7.2438293,7.462491,7.2633386,7.5453906
31,5.9927807,5.809284,5.826798,5.647682,4.74649,6.007449,6.0082927,5.5533834,4.7146373,5.0357156,4.6208735,3.5981727,5.503236,5.051073,5.231037,5.4575777,5.0965366,6.142346,6.2069235,6.2888923,3.2444985,4.1831923,6.624725,6.148376,4.854611,7.487854,6.3292127,5.6628904,6.263592,6.96325,4.909761,0.0,6.9992285,7.225777,8.265615,7.928814,8.152987,7.2681212,5.9503117,6.6017566,7.8317666,7.1720004,8.340788,7.9263864,7.4202414,7.41757,7.1290455,6.7914877,6.2232203,5.254886,6.049503,7.377353,6.6172805,7.5568337,5.4708447,5.352119,6.206031,7.354083,7.824929,6.655917,7.6765914,7.6032195,9.2538395,8.395216,8.415336,8.497732,8.405968,9.002607,9.541772,10.502683,9.742213,9.37707,7.315603,6.7065516,5.5019407,6.6707225,8.7239275,9.860472,7.5765233,7.3150816,7.304455,7.4555974,7.037561,7.2324185,6.1663394,6.056144,7.150116,7.221912,7.559065,7.02241,7.6289353,7.58725,6.3636208,7.4930506,7.6830254,7.554742,7.9020367,6.939909,5.520369,6.2932186,5.355499,5.114275,5.3450184,5.8483586,6.5901923,6.7424326,6.2996454,7.6171036,6.174025,7.6953607,6.2426453,6.9518514,7.090059,7.4605656,9.020927,5.9920435,6.364879,6.446483,6.0374923,6.5110335,7.038562,6.253656,7.5320616,7.5052285,6.3298764,6.6034064,7.361212,6.39703
32,5.949809,5.706527,5.754046,5.8188286,8.241546,6.4580865,8.574279,5.280127,4.8724275,5.4752793,7.976698,7.4483128,5.864943,5.301996,4.60865,4.7604156,4.7728286,4.740363,5.5793166,5.557418,6.659798,9.037354,5.746717,5.6638927,5.803304,7.2701383,6.062699,5.098884,9.012809,8.673622,5.61243,6.9992285,0.0,2.943048,4.923551,4.615194,7.9978337,3.3934813,4.6307325,5.0463033,5.7950573,5.185282,5.994707,5.614891,4.680446,4.6811004,3.6464727,4.371588,7.1019177,5.797473,6.2790093,5.7082715,5.7233386,5.2420893,4.259493,4.5479164,4.156621,3.702503,4.0631046,5.7869997,6.771063,4.6283383,8.814812,7.8070025,10.009187,10.581466,9.497642,11.626652,10.990156,11.860505,11.423058,11.087724,9.469489,8.711176,8.285947,9.091273,9.113137,9.886159,7.4233427,8.225494,8.34104,9.094645,7.928777,8.311571,6.9882355,7.0358744,7.696697,8.528226,7.197359,7.2936306,7.3992567,7.162279,6.137396,7.402651,7.427193,7.471194,7.7223306,7.481016,6.740194,8.006401,8.111099,7.5102844,8.0146675,8.224649,8.284299,8.711737,8.253426,8.697008,8.268609,9.391686,8.763471,9.337939,10.519827,11.146707,9.988186,8.660922,8.298568,8.429066,7.818614,8.21009,8.425258,8.167622,8.205492,9.011222,7.8402843,8.060759,5.6254983,7.745867
