,0,1,2,3,4,5,6,7,8,9,10,11,12,13,14,15,16,17,18,19,20,21,22,23,24,25,26,27,28,29,30,31,32,33,34,35,36,37,38,39,40,41,42,43,44,45,46,47,48,49,50,51,52,53,54,55,56,57,58,59,60,61,62,63,64,65,66,67,68,69,70,71,72,73,74,75,76,77,78,79,80,81,82,83,84,85,86,87,88,89,90,91,92,93,94,95,96,97,98,99,100,101,102,103,104,105,106,107,108,109,110,111,112,113,114,115,116,117,118,119,120,121,122,123,124,125,126,127
0,0.0,1.8434166,4.616784,5.6751184,5.2610745,3.813271,3.4354408,2.5909522,5.2203345,3.8224626,4.930189,5.1448607,4.799693,7.233366,4.3611717,4.739525,7.126249,6.315407,6.9982452,7.176712,8.004904,6.812419,7.087286,6.9488473,5.7658453,5.5161753,5.7379975,5.460174,5.1998606,5.7613835,5.2918167,5.7865357,5.422139,5.2926407,6.602947,6.7261615,6.2938256,7.2176676,6.897837,6.5071745,5.667082,5.872382,6.1912003,7.047865,7.2666135,6.1768827,6.0134196,5.853632,8.463521,7.4223747,8.289514,8.643613,5.0776677,6.131067,6.7866025,6.462255,5.536031,5.4017286,4.764284,5.9034295,5.696174,5.267065,5.5431,6.11066,7.488842,7.4058065,7.88737,7.4264503,8.179497,8.542007,8.022448,8.103651,5.0126553,5.5969906,7.1118164,5.963923,7.4107084,7.840675,9.582415,7.400749,6.7837186,6.767405,6.486846,6.217764,6.4761777,6.328084,7.7469306,8.079201,5.2180862,6.2911925,6.650145,7.0864825,6.7742515,6.5984716,7.474388,6.164258,5.495407,4.4511356,4.1769366,5.974797,6.9217443,7.635065,5.678061,4.408496,6.401642,6.711843,7.507923,7.116696,6.3770466,3.7765782,5.2369685,6.495687,6.85101,6.099096,7.6918197,4.911781,4.6102605,4.5884013,5.3631,5.1440763,7.2159944,6.97313,8.301228,5.1179132,7.436737,7.2479324,8.081483,6.935689
1,1.8434166,0.0,4.395138,5.5500283,5.0986276,3.356134,3.1670763,1.9531933,4.844972,3.1565344,4.604728,4.8433385,4.3765774,6.4725857,3.9688423,4.3067303,6.6190443,5.709955,6.441572,6.543128,7.587307,6.3363576,6.5848513,6.4385996,5.649517,5.3881855,5.57088,5.3968267,5.7378616,6.2267346,5.778129,6.0953665,6.005803,5.761732,5.744678,5.700853,5.396161,6.502803,6.116178,5.612117,5.8959494,5.949103,6.2360992,6.18356,6.422554,6.625559,5.9172797,5.8475575,7.764206,7.645859,7.6996727,8.026968,4.680709,5.3469377,6.06735,5.5481973,5.0232744,5.1277127,4.4051557,5.6247888,5.4923253,4.7408934,5.151691,5.5856795,7.487962,7.3303666,8.074345,7.41807,8.058014,8.413128,7.383487,8.057344,5.2073245,5.7955904,6.498709,6.2270803,6.7719326,7.1664214,9.040082,6.9749184,6.1946783,6.1699066,6.2825794,6.3133826,5.956567,5.8432055,7.3820324,7.692205,5.1034293,6.120798,6.4583473,6.384683,6.5869737,6.456073,6.7325354,6.143411,6.095262,5.0983243,4.810145,6.738155,7.3293624,8.069996,5.4545245,5.0373654,6.9252477,7.2220836,7.9430833,7.5775623,6.908708,4.4764123,6.0271897,6.9275994,6.370715,5.6326756,7.4208093,4.7698717,4.3197308,4.3189516,4.9628143,4.776998,6.8644047,6.591708,8.187071,5.37782,7.11988,6.919404,7.8541446,6.4351287
2,4.616784,4.395138,0.0,3.4939961,1.696052,5.2003293,5.472064,4.771646,3.878375,3.602883,2.8107417,3.1611257,3.227441,5.8431673,4.2827277,3.147675,5.6886497,4.3608427,5.708115,5.519794,7.0469565,5.6095295,6.715877,6.627507,4.534233,4.174901,4.4480186,3.814279,4.1368933,5.204256,4.244489,4.784884,4.689032,6.440596,7.1994743,7.1709642,6.111933,5.7455144,6.9550924,6.4731483,4.9834933,5.2355905,5.2411327,5.783897,6.015762,6.148097,4.9282446,5.3081503,7.5924273,7.286773,7.393999,7.934937,3.6196334,5.110099,5.52502,5.041885,5.4436235,5.6023526,4.868899,6.0371456,4.1743712,3.3039324,4.651561,5.124971,7.800083,8.029923,8.691727,7.688302,7.7253327,7.632849,7.5209074,7.711067,5.4181895,5.894983,6.877432,6.484441,5.8685703,6.3771157,7.295655,6.5580797,4.9449306,4.9425883,4.5889153,5.6761036,6.6386094,5.1378493,6.5128655,6.8080935,6.1836443,5.034093,5.711423,5.367488,5.618583,5.3716164,5.9171934,5.5337024,4.0359335,5.2477055,6.1731815,4.9960895,7.634074,7.006805,2.4190094,4.7159524,5.4834523,5.538132,6.422943,6.4527154,5.3921766,5.7664886,6.192001,7.030035,7.3576393,6.7352047,6.84658,4.6278954,3.6020112,4.097136,5.174428,5.0439725,7.491129,7.3928657,7.106993,5.1044054,5.8855596,5.720779,6.3999085,6.871367
3,5.6751184,5.5500283,3.4939961,0.0,3.8529067,6.3259354,5.727876,5.8589835,4.432676,5.2053566,4.566972,3.7097988,3.97627,6.204052,5.5661793,3.9684916,5.5152135,3.7874072,5.281125,5.1013846,6.707319,6.0789285,7.984551,7.0999446,4.790202,4.43385,4.849263,4.6013474,4.136265,5.1013207,5.1917863,4.7730656,4.7315283,7.484976,7.3735466,7.372361,7.2657094,6.108253,7.2572985,7.583386,7.196579,7.377879,7.4812427,7.9457836,8.0587015,8.006838,7.0851502,7.424054,7.3226357,6.802611,7.949282,7.5020514,4.0797544,5.682039,5.743881,5.281631,5.7315707,6.791023,6.059339,5.9062634,5.4028807,4.9373717,5.8430934,5.2684503,7.643859,7.81676,8.157203,7.313281,7.3799753,7.3196893,7.9258857,7.370248,5.5830717,5.7449765,6.9476013,6.5174212,5.942344,6.7411675,7.5376606,6.553635,4.6659327,4.5557694,5.071725,5.2115746,6.299929,5.6207747,6.4836793,6.619062,6.3688827,5.400517,5.378906,5.658365,5.0121365,5.992382,5.5700564,5.038245,5.3165646,6.1662765,6.9562135,6.3229322,7.834396,7.2830257,3.0338612,5.842762,5.167124,5.1693096,6.0986037,5.337265,5.704897,6.148709,7.180209,7.906326,7.5995827,6.651933,6.892417,4.284939,4.618291,5.0352,5.0959744,5.0408,7.642605,7.384402,7.2300963,6.0247335,6.8670535,6.8358274,5.9243026,7.5610657
4,5.2610745,5.0986276,1.696052,3.8529067,0.0,5.317578,6.149935,4.9505987,4.234437,4.3236523,3.1825376,3.5086303,3.6587143,6.024794,4.7878017,3.6221623,6.0964775,4.7367887,5.9935164,5.8985777,7.276874,5.9024353,6.7624464,6.7099404,4.338085,3.8988154,4.2223134,4.229666,3.8224518,4.9807053,3.9835951,4.5821147,4.3426127,6.3743854,7.357927,7.310064,6.11634,5.6558175,7.021279,6.4952106,5.125159,5.289006,5.3621206,6.021243,6.1635156,6.22778,4.6589675,5.456137,7.697241,7.311347,7.2708263,7.8174167,4.1266694,5.567277,5.785678,5.3717604,5.8467064,5.491752,5.3223557,6.5361166,3.8045611,3.6646562,4.9428487,5.5104957,7.76978,8.007321,8.705857,7.650432,7.644249,7.4183846,7.8699937,7.623654,6.070111,6.4332695,7.350415,6.936225,6.202146,6.6992493,7.3685236,6.909316,5.1361766,5.11951,4.6876616,5.5929723,6.934699,5.364102,6.657444,6.5955353,6.655239,5.1944494,5.8732195,5.329394,5.7225184,5.433712,5.7039638,5.4396977,3.6144304,5.6350207,6.6249475,5.4386296,7.635087,6.939024,2.9646745,4.4669113,5.6526933,5.738511,6.4169416,6.5098295,5.595289,6.1802163,6.663065,7.554182,7.3409348,6.684931,6.60842,4.520899,4.0830126,4.585677,5.0246053,4.8908405,7.822518,7.717136,7.407912,5.8673043,6.138338,6.024146,6.8226857,7.638054
5,3.813271,3.356134,5.2003293,6.3259354,5.317578,0.0,4.7834024,3.128381,6.016237,4.4556246,5.4100485,5.561475,5.6011295,6.272741,5.3143706,5.5608196,7.224891,5.8314934,7.3674374,7.841319,7.719317,6.8364644,7.190093,7.078852,6.152328,5.777937,5.881379,6.4039087,6.0693455,6.8966374,6.167422,6.5299463,5.70543,5.3646636,6.091381,6.044107,4.994475,6.850099,5.8929114,6.192132,5.871311,6.2683287,6.6037693,6.6235867,6.77266,6.9479895,5.888364,6.225994,7.794898,7.5176086,7.2411695,7.6665688,5.9001374,5.378811,6.4077253,5.9641676,6.2457976,4.749979,5.5815244,6.983012,5.4096856,5.076646,4.9351926,6.667842,7.589275,7.932779,8.689256,8.104137,8.150037,8.537125,8.597589,8.1403475,5.9027667,6.447355,7.259,7.0162416,7.2629256,7.6831007,9.39598,7.8421154,6.494292,6.4843454,6.560336,6.2086267,6.278676,6.1876736,6.611783,6.553186,5.981513,6.474005,6.9343286,6.7520814,7.028056,6.8419223,6.810022,6.1679835,6.937454,6.4684596,5.1765265,6.765452,6.9729323,7.813627,6.514367,4.934504,6.9467754,7.267694,7.9065113,8.024774,7.2377377,4.7852206,5.783055,6.9321747,7.1898994,6.5484304,8.152118,5.5299854,5.6034055,6.0349936,5.9786415,5.80936,8.058245,7.507189,9.342748,6.113114,7.5315704,7.321008,8.848175,6.905663
6,3.4354408,3.1670763,5.472064,5.727876,6.149935,4.7834024,0.0,3.329819,5.0973,4.368705,5.683821,4.844453,4.5385575,6.7009373,4.7513013,4.5234404,5.7668056,5.8306537,6.1339536,6.2252927,8.268248,6.9561954,6.630254,6.460014,6.0410047,5.480374,5.7214923,5.478193,5.4610686,5.920426,6.6219015,6.0952435,6.3738294,6.5970693,5.570436,5.5222917,6.525384,6.5292897,6.1674867,6.82151,6.2651052,6.6166325,6.9870334,7.3584304,7.3368645,7.197726,6.9765954,6.58818,7.8771396,7.3960037,8.433113,7.860582,5.3202887,6.072277,6.6055536,6.337157,4.3644843,5.861108,5.032923,4.816808,5.883938,5.0317025,5.980831,5.031173,7.0621614,6.822758,6.946529,6.7575197,7.4895296,7.9423823,7.946598,7.4804163,4.6151123,4.977581,6.085159,5.559714,6.148337,6.4757133,8.481802,5.6948667,7.0752735,6.9614387,6.7274637,5.256605,6.4904165,6.380908,8.240718,8.472663,4.9518595,6.6895967,6.501424,7.034872,6.20823,6.6650515,6.7808757,5.6415887,6.8073187,5.5591054,5.375183,7.111666,7.9410954,8.376998,6.6272206,5.9802465,5.974783,6.288767,7.3296685,6.896805,5.9657207,3.5774674,6.003744,8.157416,6.911611,5.510836,7.598853,3.8795197,4.183246,4.187723,4.942652,5.122373,6.743163,6.5659003,8.295847,4.6410594,7.9779706,7.520685,7.925831,7.2564282
7,2.5909522,1.9531933,4.771646,5.8589835,4.9505987,3.128381,3.329819,0.0,5.237833,3.6315334,5.102772,5.1071496,4.8136883,6.7271237,4.132284,4.777945,6.469204,6.1451993,6.2994947,6.3777294,7.5597305,6.230621,6.000529,5.8786545,5.6004987,5.0001388,5.1303015,5.6655545,5.3146744,5.8064256,5.646847,5.934521,5.8473334,5.540223,5.6828465,5.5717325,5.4666276,6.547157,6.175059,5.5672073,5.8527417,6.1597276,6.519519,6.6177773,6.7914295,6.8605065,5.8643675,6.1834526,7.976727,7.6034994,7.68938,7.8407354,4.9075594,5.640251,5.9742136,5.7415156,5.533742,5.1901617,5.0426364,6.2424574,5.153265,4.933009,5.4753594,6.043468,7.2285523,7.0638747,8.037758,7.0949373,7.8296824,8.18404,7.630453,7.817785,5.4062147,5.8138356,6.5659146,6.209277,6.7441683,7.369409,9.051273,6.745023,6.4225793,6.379588,6.2351437,5.7599773,5.9539766,5.810818,7.5961347,7.551336,5.415715,6.4152613,6.8145905,6.581736,6.7787027,6.4354157,6.7347946,6.2435527,5.945496,5.4430614,5.1963744,7.100563,7.6735444,8.303077,5.9387217,4.9691415,7.0364323,7.3495817,7.9544907,7.810624,7.0195823,4.621074,6.406506,7.4767065,6.136288,5.1586056,7.0635796,4.6759415,4.375478,4.4336476,4.5902514,4.780446,6.9377484,6.879241,8.571729,5.4449883,7.5755816,7.36292,8.347123,7.324844
8,5.2203345,4.844972,3.878375,4.432676,4.234437,6.016237,5.0973,5.237833,0.0,3.0458403,4.0931997,3.260887,2.5367796,5.419634,4.700571,2.5372128,5.4851537,4.258182,4.1278443,4.5095716,6.7642255,6.3634567,6.21109,5.9199643,3.9796276,4.5297484,4.932196,4.4086466,4.5582557,3.596035,4.0033975,3.3915975,5.5672355,5.636427,5.2631955,5.079741,5.007013,3.6849809,4.967433,5.4799557,6.004036,4.776897,4.8616705,5.03536,5.0565047,5.395447,4.2337017,4.622182,6.7600727,6.7712326,7.7605443,6.996636,2.3975277,4.00545,4.453714,3.7820063,3.9266822,5.358401,4.519371,4.503833,4.0943537,3.6716244,4.486768,2.9033878,8.122462,7.898579,8.378941,7.783249,8.011661,7.7916923,8.006026,8.036082,5.6358237,5.8863006,6.632862,6.4252286,5.527282,6.0168242,6.7942314,6.385943,6.064594,5.9672585,5.8005624,6.218306,6.9486976,5.8436284,7.454447,7.6220527,6.4151797,5.7310305,5.518072,5.8358746,5.2923474,5.954659,5.6287165,5.647369,5.528225,5.8190866,6.6561933,6.3720474,7.786635,7.7197638,4.796025,5.560773,5.3081107,5.4861245,6.404972,5.8929906,5.403488,5.3383813,6.357685,7.162751,6.1050177,6.4103746,5.5931096,3.711692,4.377318,4.631512,5.1984453,4.790221,4.4605083,4.099275,5.089376,5.5855446,4.0799613,4.224723,4.3715763,5.240689
9,3.8224626,3.1565344,3.602883,5.2053566,4.3236523,4.4556246,4.368705,3.6315334,3.0458403,0.0,3.870076,4.2463837,3.891073,5.9615445,3.6024644,3.803747,5.7505054,5.095875,4.601639,4.882285,5.9968405,5.4106646,5.380063,5.2583385,4.2446632,4.4128428,4.505693,4.3704343,5.374042,4.921248,4.3157024,4.803294,5.6144,4.841158,5.059215,4.951018,4.15708,4.931973,5.2459817,4.5554585,5.0032225,4.3654017,4.481925,4.304073,4.5635705,5.1322556,4.075668,4.189907,7.1693134,7.327104,7.443398,7.509601,2.753851,3.7247055,3.9675574,3.650641,4.6024795,4.760153,3.8830252,5.308962,3.712373,2.9932027,4.0627046,4.305565,7.5430875,7.5358443,8.614909,7.51366,7.8505697,7.905372,7.151078,7.870464,5.240174,5.643482,6.324356,6.260527,5.819468,6.1252017,7.5988364,6.4506826,5.5183215,5.5077,5.2821455,6.069666,5.697749,4.8648205,6.816658,7.25438,5.391464,5.3283257,5.7792516,5.604676,5.9488053,5.4670362,6.065318,6.1452217,5.8224263,5.55066,5.7919745,6.258265,7.6513753,7.8586636,5.066813,5.2725163,6.6846414,6.9002037,7.7433987,7.471205,6.635457,5.4311156,6.07447,7.0790486,5.0496354,5.5763907,5.472168,4.894504,3.7173026,4.1934013,4.8563104,4.801435,4.9091964,4.7742534,6.441814,4.669536,4.790779,4.6245985,5.81387,4.521328
10,4.930189,4.604728,2.8107417,4.566972,3.1825376,5.4100485,5.683821,5.102772,4.0931997,3.870076,0.0,3.7634718,3.3269618,6.3206315,4.3616147,3.2881658,5.3437605,4.0555778,5.706892,5.9229035,7.0843053,5.5386987,6.5186095,6.6080227,4.643451,4.6035695,4.8748336,3.5178607,4.7941246,5.8122683,5.0814,5.5920844,4.9904323,5.8027477,6.3618217,6.4217114,5.0960045,4.883724,5.955018,6.34117,4.071044,4.5073776,4.5823884,4.7787657,4.9789214,5.639727,4.9337726,4.560356,7.0124245,7.9199247,7.536876,8.037162,4.7298627,5.954493,6.118956,5.600721,4.0886393,4.22277,3.1774762,4.544207,3.7432547,2.852403,4.0358973,4.7658753,7.271433,7.5260124,8.092492,7.489485,7.3852863,7.040691,6.9732313,7.3942184,4.6095657,5.1656623,5.825386,5.7104154,4.8130927,5.36102,6.1067886,6.783947,4.0813866,4.0494647,3.778579,5.326385,5.4447513,3.8536866,5.685028,5.9683037,5.35454,3.8269904,4.450718,4.062906,4.498856,4.282226,4.7633357,5.06284,5.231155,5.7375345,6.5334845,5.9028096,7.6321087,7.5664988,4.3030934,5.037927,6.29243,6.611084,7.0966554,6.2138906,6.2681403,6.236224,6.437512,7.6516356,7.3672495,6.636005,7.2195883,4.7858953,4.3865485,4.8025765,5.5410805,5.3194633,7.5844593,7.1100535,7.597175,5.4332447,6.369138,6.2219653,6.7628274,6.77498
11,5.1448607,4.8433385,3.1611257,3.7097988,3.5086303,5.561475,4.844453,5.1071496,3.260887,4.2463837,3.7634718,0.0,2.190586,5.854834,4.7085805,2.1982489,4.4080396,2.9809203,5.0143595,5.451365,7.058199,5.4678597,5.99689,5.7989826,4.497823,3.9078765,4.2948833,3.7940733,3.098268,4.3946443,4.651566,4.146269,5.2813005,6.7944136,5.6798167,5.85425,5.6730127,4.3431754,5.365912,6.235826,5.705382,6.083079,6.2340307,6.4049525,6.442833,7.015409,5.461358,6.1218295,7.2754316,6.8876333,7.4252496,6.907417,3.639744,5.2123294,5.554727,4.9144998,4.8771057,6.107242,5.354254,5.0193787,4.7832704,3.8358467,5.408434,4.177485,7.8646674,8.0585165,8.39301,7.492817,7.7636356,7.4966593,8.166539,7.8009987,5.1954236,5.456024,6.0294065,5.9260707,5.044878,5.787759,6.4304523,6.0948586,5.8213167,5.6951485,5.498897,5.8467517,6.777967,5.6236925,7.183259,7.2802696,6.650063,5.6352053,5.2872767,5.7179365,4.861891,5.6996217,5.3596807,5.624022,5.547591,5.766127,6.7074647,6.319893,7.9062967,7.8546295,3.811165,5.662162,4.485529,4.6060123,5.791543,6.262157,5.1083045,5.0708156,5.9933424,7.239388,7.318339,6.1129494,6.7983766,3.2183957,3.57013,4.1761317,4.872325,4.741487,6.5151334,6.5114794,7.180062,4.566534,6.654962,6.569266,6.260903,7.1772666
12,4.799693,4.3765774,3.227441,3.97627,3.6587143,5.6011295,4.5385575,4.8136883,2.5367796,3.891073,3.3269618,2.190586,0.0,4.807755,4.133173,0.18296015,4.6979823,3.356992,4.788089,5.052663,7.4355645,5.956396,6.601132,6.5051265,5.030927,4.6869807,5.0945354,4.2627473,3.962686,4.635546,5.148732,4.6147723,5.1595116,6.429558,5.9987364,5.842693,5.7655354,4.570067,5.6118364,6.360146,5.3569016,5.2406797,5.384729,5.592659,5.7114673,6.256306,5.010318,5.2926517,6.582032,6.659394,7.3953404,6.8810306,3.4211097,4.863436,5.335503,4.664558,3.7590568,5.2865634,4.4624743,4.272347,4.6418033,3.6353521,4.2238517,3.5364265,7.782003,7.5313,8.018248,7.4403167,7.6201367,7.36356,7.640472,7.6503325,4.9011273,5.184186,5.960997,5.762394,4.7250557,5.3752604,6.0850706,5.8788023,5.448961,5.3283877,5.075538,5.587139,6.6439576,5.38454,6.8718133,7.028434,6.059185,5.2818646,4.9546833,5.3479342,4.68846,5.4939914,5.116467,5.281357,5.1954923,5.4455113,6.3038573,5.9648695,7.4527183,7.3735604,4.0601234,5.112455,4.6110754,4.8417377,5.806963,5.290471,4.7126217,4.736719,5.8707223,6.704334,7.3811374,6.198066,6.8836126,3.0016477,3.8985007,3.8245246,4.969141,4.8157015,6.459969,6.206668,6.8523364,5.031377,6.1018934,6.06816,6.3964224,7.0221586
13,7.233366,6.4725857,5.8431673,6.204052,6.024794,6.272741,6.7009373,6.7271237,5.419634,5.9615445,6.3206315,5.854834,4.807755,0.0,6.284646,4.775212,7.316952,5.7363796,7.0444613,7.0864277,9.156078,8.51571,9.757982,9.586061,7.8774586,7.59099,7.8979154,7.964041,7.236184,7.6382613,7.765487,6.9149466,6.3820148,7.4930644,8.210307,7.333022,7.40515,7.270706,7.60327,8.104169,7.251145,6.667445,6.7380676,6.7264915,6.8448687,7.549502,6.3290215,6.6870766,6.879125,7.104051,8.041532,7.528064,5.7383385,5.4491067,6.110386,5.5699306,6.1482754,6.8275447,7.127803,7.4762373,6.1839247,5.450962,4.552644,5.771997,9.175908,8.9120655,9.661108,9.213194,8.871976,8.676946,9.285331,8.913789,7.7111616,7.7943897,8.516005,8.53884,6.939645,6.8599234,7.2115073,6.5522423,6.4921827,6.4219384,6.445838,7.111903,8.184473,7.3943763,7.3649735,7.381613,8.003931,7.2226634,7.1397758,7.145336,7.158809,7.710825,6.587224,6.9788237,7.4786835,7.6438875,7.3850665,7.6411653,7.741676,7.748795,6.469624,6.257511,6.3434143,6.4951434,7.273787,6.8381686,6.3824368,6.2887964,7.3516226,7.068093,8.735732,7.827737,8.391332,5.713463,6.3699365,6.28798,7.0395565,6.945726,8.201856,7.6834617,8.718967,7.5045366,7.0793676,7.0152597,8.605742,7.8645134
14,4.3611717,3.9688423,4.2827277,5.5661793,4.7878017,5.3143706,4.7513013,4.132284,4.700571,3.6024644,4.3616147,4.7085805,4.133173,6.284646,0.0,4.0501857,5.6335583,5.550195,5.3281345,5.5498114,6.8682985,5.3439336,6.2830396,6.256567,5.8198524,5.132522,5.164523,5.0533986,5.4561286,5.891689,5.881667,6.209655,5.501838,6.1181326,6.561983,6.476874,6.08205,6.420743,6.7930307,5.65133,4.9179115,5.432534,5.636924,5.7915936,6.122984,6.4234333,5.511095,5.5686913,5.6193724,5.5887985,5.999169,6.0741553,4.1639156,5.4029107,5.0742483,5.0966663,5.3153095,5.5543103,4.7908673,5.833184,4.887602,4.083963,4.636263,4.613646,5.497366,5.229269,7.076721,5.255843,5.8119483,5.7566915,4.8799787,5.8289332,5.2356606,5.3926444,5.2720985,4.92719,5.7183676,5.865339,7.3102283,5.1438274,5.341063,5.31889,4.7171984,5.7572803,5.645782,4.711222,6.7724895,7.3019834,5.3330007,5.13446,5.4019256,5.527549,5.7297316,5.068995,6.048503,6.433147,5.171696,4.016743,4.5722494,6.620039,6.147392,6.543412,5.2235236,4.6148725,6.8134575,7.0491295,6.756294,7.361566,6.144561,5.7692485,6.4460173,7.321229,6.415467,5.0116735,6.356694,5.148824,3.867775,3.8603802,4.7886243,5.2862,6.8500905,6.8881917,7.1168194,4.649068,7.1062636,6.9339128,7.8607426,7.233674
15,4.739525,4.3067303,3.147675,3.9684916,3.6221623,5.5608196,4.5234404,4.777945,2.5372128,3.803747,3.2881658,2.1982489,0.18296015,4.775212,4.0501857,0.0,4.7479677,3.3792493,4.790462,5.064694,7.375909,5.888597,6.6105328,6.520082,5.0057306,4.648096,5.0461373,4.2177114,4.0122347,4.68364,5.130338,4.653814,5.1069937,6.420798,6.034664,5.8866796,5.7502284,4.639269,5.663277,6.3074045,5.2944446,5.1732273,5.311124,5.520223,5.6511297,6.202908,4.9567986,5.225601,6.5874333,6.6467514,7.343854,6.8944926,3.3518512,4.808653,5.271847,4.598952,3.793345,5.2635107,4.42011,4.3176293,4.6014533,3.556371,4.165167,3.5356753,7.767426,7.5180526,8.0395,7.429121,7.6176257,7.360503,7.582935,7.6473494,4.9376206,5.2267485,6.0094795,5.8155804,4.7786283,5.3493996,6.1054654,5.894679,5.3914595,5.2767386,5.0215926,5.616933,6.6022367,5.3399677,6.819259,7.0193906,6.003121,5.21913,4.929995,5.3018703,4.7031465,5.443782,5.125403,5.300697,5.1585217,5.395343,6.249489,5.898775,7.3916736,7.30762,3.983349,5.058973,4.6740427,4.8943915,5.8844686,5.371329,4.7459855,4.7530603,5.8136487,6.6702595,7.3065524,6.1286016,6.819898,3.0410712,3.7920883,3.7086685,4.8994155,4.7502155,6.459266,6.2144413,6.87131,4.9657297,6.071115,6.021079,6.4165916,6.969478
16,7.126249,6.6190443,5.6886497,5.5152135,6.0964775,7.224891,5.7668056,6.469204,5.4851537,5.7505054,5.3437605,4.4080396,4.6979823,7.316952,5.6335583,4.7479677,0.0,3.980268,3.743798,4.113779,6.5819473,4.852093,5.483746,5.0397086,6.658383,5.6766706,5.674234,5.152791,5.2678456,6.0696526,7.359675,6.77895,7.3005896,8.008674,5.95095,6.001413,6.7513165,5.20842,5.9450464,7.870336,6.5072765,7.8678303,7.9947386,7.5274425,7.69173,8.968951,7.7536116,7.9955506,7.3119698,8.284239,8.730804,7.299472,5.3675737,6.263514,5.6189876,5.739802,5.651634,7.2114325,6.3579054,5.4038663,6.1858892,5.1653976,6.1477065,5.7672048,7.961402,8.157377,9.203258,7.8152347,7.722585,7.524214,7.9131813,7.8207583,4.0970235,3.8236954,3.8209608,4.767059,2.038486,4.986862,5.0010357,5.6610947,5.6825247,5.5063734,5.143218,5.1038456,5.6762676,4.533729,6.8727465,6.884637,6.8206153,6.1197853,5.587845,5.990662,4.9291544,5.550281,5.532204,6.96437,8.188531,8.137108,8.672413,8.223985,10.104794,9.934672,6.479217,8.200739,6.5378532,6.7407303,7.3954906,7.230026,7.1737676,7.0961514,7.996939,8.934106,8.599722,6.952503,7.9394608,5.8137093,5.608909,6.0431275,6.648029,7.435016,7.394795,7.5438743,8.717479,4.785562,8.4705,8.427132,7.562643,8.486834
17,6.315407,5.709955,4.3608427,3.7874072,4.7367887,5.8314934,5.8306537,6.1451993,4.258182,5.095875,4.0555778,2.9809203,3.356992,5.7363796,5.550195,3.3792493,3.980268,0.0,4.6473575,5.4367766,6.141911,5.101198,6.8992124,6.3205447,5.240554,4.833756,5.0903044,4.3807726,4.9079647,5.911296,6.225784,5.8400073,5.936737,7.523752,5.7434893,5.927436,5.4248323,4.3074183,4.9515705,6.754887,6.4876943,6.9843044,7.0571427,6.5248294,6.600396,8.060794,6.5749636,6.958983,6.171771,7.200792,6.983741,6.295201,4.614572,4.946008,5.319749,4.5262675,4.9389753,5.7739534,5.301095,4.78858,5.3525944,4.270217,4.808871,4.583041,8.023136,8.270411,8.782786,8.097439,7.762381,7.491443,8.042348,7.8559947,4.9456778,5.2264376,5.3673935,6.093636,3.9770708,5.371486,5.7140646,6.895426,4.5745425,4.422898,5.12105,5.7394505,5.6733327,4.750069,5.2957363,5.352605,6.470729,5.224161,4.752452,4.9347243,4.3837733,5.655452,4.5532413,5.6047378,7.2095733,7.344027,7.5541034,6.8154807,8.192692,8.180851,4.8296213,6.6717463,5.644911,5.809799,6.6206846,6.1970444,6.2840843,6.3006864,6.608001,7.7469997,8.05048,6.924155,7.659546,4.506167,5.24239,5.6804905,5.9648685,5.9281907,7.4860764,6.9984326,7.937823,5.562253,6.8915763,6.8635964,6.520808,7.095972
18,6.9982452,6.441572,5.708115,5.281125,5.9935164,7.3674374,6.1339536,6.2994947,4.1278443,4.601639,5.706892,5.0143595,4.788089,7.0444613,5.3281345,4.790462,3.743798,4.6473575,0.0,2.2977235,4.4522047,4.4175415,5.4464064,4.473359,5.25002,4.801176,4.751059,4.9103513,5.7799263,4.8997726,6.2099714,5.9318986,6.819683,7.3245196,5.6129208,5.632036,5.9760413,4.750302,5.759937,6.354771,7.0342665,7.045305,7.096805,6.499775,6.690662,7.951708,6.6621113,7.08055,6.803752,7.625211,8.117705,6.702887,3.4726615,4.524773,2.9991128,3.4191387,5.6622343,6.6960864,5.9312086,5.6243753,5.246819,4.8679395,5.496468,4.881149,8.153295,7.917222,9.39938,7.81391,7.934604,7.6784124,7.520089,8.020771,5.582537,5.373816,5.647842,6.307133,4.1436133,5.546929,5.9812155,6.5749016,5.4316883,5.3072023,5.2671275,5.870838,5.46431,4.534774,6.661705,6.901648,6.4895563,5.846518,5.6470957,5.659095,5.2951965,5.4992976,5.5806365,7.032049,7.680358,7.972365,8.523375,7.9307737,9.535346,9.262414,6.238884,7.7644925,7.3349104,7.4461756,8.200171,7.45724,7.561236,7.529044,8.009744,8.865852,6.3111367,6.077211,5.381547,5.7219105,5.3312755,5.5539494,5.6552577,6.389754,5.3282204,5.5244045,7.0704308,5.46694,6.3513885,6.431204,5.841375,6.8962145
19,7.176712,6.543128,5.519794,5.1013846,5.8985777,7.841319,6.2252927,6.3777294,4.5095716,4.882285,5.9229035,5.451365,5.052663,7.0864277,5.5498114,5.064694,4.113779,5.4367766,2.2977235,0.0,5.9441104,5.6151867,5.976089,5.111183,5.9802055,5.6135244,5.6496797,5.63139,6.103848,5.3372283,6.5423665,6.0619254,7.4507475,7.9066677,6.5091476,6.1750755,6.996192,5.497146,6.855765,7.110793,7.5649505,7.598045,7.6175914,7.135003,7.321192,8.447963,7.1681514,7.627961,7.4107437,8.245274,8.909519,7.645861,3.7746043,5.2026777,3.9777277,4.3860197,5.913818,7.4763494,6.4195857,6.129214,5.814963,5.334165,6.1741543,5.4129076,8.482147,8.17961,9.58646,7.977177,8.115955,8.046462,7.563378,8.203302,5.7734604,5.5375047,5.843473,6.423542,4.480319,6.2334056,6.5305376,5.8863997,5.765889,5.6503954,5.6380553,5.903587,6.2904596,5.289094,7.678663,7.721186,7.128933,6.671267,6.4674935,6.3713727,6.200017,6.3755984,6.3275676,7.3507047,7.4370794,7.992994,8.832569,8.325577,10.261832,9.711412,6.028873,8.133903,7.451556,7.52399,8.154126,7.4644513,7.5974345,7.786764,8.915484,9.320115,7.036257,6.7428436,5.990758,6.1165905,5.631128,5.8117213,6.159102,6.8888583,5.808145,6.2468004,6.7868705,6.076614,6.575686,6.657213,5.765375,7.4250264
20,8.004904,7.587307,7.0469565,6.707319,7.276874,7.719317,8.268248,7.5597305,6.7642255,5.9968405,7.0843053,7.058199,7.4355645,9.156078,6.8682985,7.375909,6.5819473,6.141911,4.4522047,5.9441104,0.0,3.5220563,6.887605,5.6634197,5.7639694,5.344736,4.946226,5.8025913,7.6123366,7.1322746,7.0576468,7.921823,7.392525,8.262845,7.1808543,7.7460136,6.343253,6.999681,7.2199235,6.5208554,8.199403,8.42296,8.397133,7.624777,7.9403067,9.213031,7.94293,8.416054,8.134305,8.748349,7.9049644,7.7295694,5.4848175,5.660049,4.079374,4.4420276,8.34479,7.53636,7.2707415,8.104796,6.354329,6.3489237,6.7697096,7.432137,9.049556,9.277951,11.049006,9.159451,9.21259,8.956662,8.292292,9.2755375,7.5590334,7.5968323,7.7361064,8.446306,6.9664674,7.644503,8.369902,9.530627,5.6345696,5.6536417,6.2124367,7.8148937,5.017454,4.9504423,5.636069,6.3654747,7.164061,6.2302413,6.9250593,6.269321,6.917112,6.235749,7.019484,8.562185,9.097934,9.338128,9.314774,8.52699,9.807977,9.781257,7.221305,8.625952,9.748798,9.799377,10.50482,9.955452,9.958809,9.532415,8.620969,9.754553,6.2974195,6.8919473,6.1085305,8.055697,6.7583637,7.2178235,6.697791,7.3318534,7.4960527,7.476223,9.222203,6.771872,7.613289,7.6379685,7.595393,7.3043103
21,6.812419,6.3363576,5.6095295,6.0789285,5.9024353,6.8364644,6.9561954,6.230621,6.3634567,5.4106646,5.5386987,5.4678597,5.956396,8.51571,5.3439336,5.888597,4.852093,5.101198,4.4175415,5.6151867,3.5220563,0.0,5.552802,4.9279118,5.7033067,4.365663,3.9107463,4.3487434,6.2444897,6.8635674,6.894491,7.751237,6.7154117,8.20375,6.8895125,7.4815044,6.178556,6.5758805,6.996501,6.3448544,6.4586363,7.669362,7.6988873,6.968718,7.3425775,8.859973,7.3892493,7.811811,7.9438715,8.56559,7.306185,7.5401115,5.188314,6.022811,4.726545,4.9011316,7.412769,6.8733315,6.294611,7.1603723,5.8102164,5.2264614,6.2037044,6.9094024,8.232367,8.449116,10.224329,8.182322,8.425881,8.089043,7.246753,8.497592,6.221649,6.3264027,6.24353,7.074729,5.443235,6.25938,7.0001884,8.257277,4.835933,4.829037,4.8740687,6.7715807,4.4391823,3.5697887,5.3948717,6.1120024,6.2783613,5.250272,6.0035,5.1993155,5.889934,4.8527713,6.1057224,7.8752036,7.9385037,8.146434,8.496406,7.6963124,9.44032,9.369816,5.9407544,7.7141905,8.769447,8.857642,9.606152,9.362007,8.874516,8.486291,7.701778,9.113856,6.930893,5.8191166,6.6814103,6.904383,5.0892158,5.4244943,5.5805297,6.5204005,8.081199,8.296569,9.70288,5.0368376,8.455427,8.303947,8.473509,8.351455
22,7.087286,6.5848513,6.715877,7.984551,6.7624464,7.190093,6.630254,6.000529,6.21109,5.380063,6.5186095,5.99689,6.601132,9.757982,6.2830396,6.6105328,5.483746,6.8992124,5.4464064,5.976089,6.887605,5.552802,0.0,2.003172,5.9715347,5.5101347,5.2439504,5.570396,6.5635304,6.212618,6.7001276,7.084197,8.730145,7.7109036,4.8062053,5.4682355,5.46189,5.1320243,5.50428,6.0804195,6.8842225,7.514136,7.7294097,6.777374,6.845074,8.475731,6.913188,7.5245686,9.186293,9.904075,9.183107,8.491515,5.995499,6.640264,6.227018,6.382008,7.033575,7.2191224,6.5948863,6.8960624,6.404165,6.0263777,7.694043,6.9394026,8.741475,8.955585,10.246634,8.536161,8.937926,9.001775,8.493965,9.038793,6.470713,6.6058908,5.996182,6.903608,6.080801,7.161038,8.478831,8.150648,8.1907,8.113341,7.646244,7.4701505,7.3196816,6.2695713,9.189875,9.219091,7.6542726,7.625305,7.5324693,7.2696204,7.334071,6.801073,7.3714857,8.371108,8.573923,8.650463,9.245436,9.3190565,10.996773,11.030942,7.9428706,8.837228,8.84066,9.044675,9.654459,10.110701,9.165271,8.233092,8.99814,10.422366,6.991108,6.9015,6.9525023,7.089536,6.245455,6.9164877,6.7827,7.33584,6.507022,7.048389,8.633951,6.1444263,8.046613,7.9566793,7.802314,8.031488
23,6.9488473,6.4385996,6.627507,7.0999446,6.7099404,7.078852,6.460014,5.8786545,5.9199643,5.2583385,6.6080227,5.7989826,6.5051265,9.586061,6.256567,6.520082,5.0397086,6.3205447,4.473359,5.111183,5.6634197,4.9279118,2.003172,0.0,5.465804,5.023026,4.753928,5.393621,6.2320843,5.6828313,6.392157,6.638706,8.382738,7.6768017,4.4403696,5.1681614,5.473509,4.9695115,5.286927,5.9448314,7.6034613,8.10433,8.312348,7.375176,7.489105,8.947123,7.394954,8.085075,8.755233,9.384757,8.975116,7.919642,5.375941,6.0986614,5.4359574,5.6298866,7.058199,7.4161777,6.7630806,6.785079,6.4052486,6.1683064,7.6539555,6.758191,8.497075,8.712599,10.059599,8.216136,8.670305,8.779358,8.274025,8.7719145,6.2247686,6.269016,5.720267,6.671038,5.887149,7.261745,8.54627,8.028091,7.578576,7.485778,7.3724384,7.125544,6.543333,5.9073086,8.642515,8.647902,7.3840885,7.3581095,7.2154155,7.006929,6.906883,6.6984925,7.000243,8.080682,8.572824,8.611843,9.125618,9.350885,10.794328,10.885847,7.474452,8.811364,8.657895,8.827321,9.420279,9.70294,9.1699,8.16835,9.066845,10.19423,6.4612207,6.5124235,6.427774,6.8448863,6.1627035,6.863924,6.3633566,6.976412,5.97817,6.49586,8.241263,6.166852,7.826158,7.86551,7.044287,7.6392913
24,5.7658453,5.649517,4.534233,4.790202,4.338085,6.152328,6.0410047,5.6004987,3.9796276,4.2446632,4.643451,4.497823,5.030927,7.8774586,5.8198524,5.0057306,6.658383,5.240554,5.25002,5.9802055,5.7639694,5.7033067,5.9715347,5.465804,0.0,2.2060995,2.6307297,3.0611327,4.8426275,4.3348284,3.5384343,4.324701,5.299424,6.345471,5.59038,6.1599803,4.856657,4.441981,5.5883408,4.8887954,6.4388638,5.593858,5.7331805,6.041472,5.8393726,6.102902,5.287487,5.4781885,7.7890983,7.664874,7.347775,7.5489907,4.3239093,5.6211996,5.5521417,5.033628,5.448538,5.206223,4.7502117,5.6126437,3.4414752,4.0489507,6.075124,4.5527472,7.6228843,7.845112,8.045202,7.4157133,7.8006263,7.5541806,8.093924,7.7955217,6.6561003,7.056175,7.605831,7.5161304,6.836488,6.831624,8.034338,7.941479,6.032167,5.9726453,6.08492,6.270407,6.4193454,5.610188,7.2019134,7.345734,5.959457,5.3819075,5.970806,5.4181056,5.562829,5.6082373,5.6963153,5.313512,5.624869,6.4039474,7.1941814,6.6420274,8.034595,7.825501,5.3419228,5.8116174,7.0568137,7.182038,7.982551,7.5221767,6.9330745,6.911874,6.957556,9.415676,4.9183717,5.905203,4.8432455,4.4371443,4.298507,5.0488734,4.2824764,3.705251,6.0911446,5.739098,6.509938,6.1659174,5.450459,5.052063,5.102538,6.0378814
25,5.5161753,5.3881855,4.174901,4.43385,3.8988154,5.777937,5.480374,5.0001388,4.5297484,4.4128428,4.6035695,3.9078765,4.6869807,7.59099,5.132522,4.648096,5.6766706,4.833756,4.801176,5.6135244,5.344736,4.365663,5.5101347,5.023026,2.2060995,0.0,0.7538117,2.6272142,4.0680346,4.4595866,4.2502337,4.9106746,4.6764083,6.7791457,5.929618,6.4915476,5.4520206,5.108612,6.0759096,5.317544,5.843374,5.978782,6.1736116,6.502927,6.4283338,6.8165684,5.697571,6.0760655,7.7206197,7.2896657,6.916113,7.109661,4.2072783,5.667281,5.170984,4.9327216,5.7651224,5.4578023,5.1318407,5.9037075,3.500959,3.7866046,5.9417624,4.9718695,7.0694294,7.3057213,7.952667,6.7434874,7.238149,6.959181,7.6315722,7.2367196,6.193257,6.4505324,7.0875573,7.024286,6.161647,6.152169,7.4190493,7.268395,5.444716,5.370067,5.205538,5.4140067,5.745724,4.820732,6.634162,6.8355393,5.517626,4.913742,5.5567203,4.9853463,5.0738893,4.7904696,5.2727656,5.3255606,5.4224286,6.2629533,7.036523,6.405802,7.929633,7.59382,4.871049,5.6078606,6.742012,6.8340273,7.797224,7.565057,6.6660156,6.633828,6.6091547,9.21725,5.2139378,4.776877,4.8332696,4.0324054,3.1546793,3.9278743,3.1473901,3.4334896,6.813069,6.7970614,7.7184777,5.0639243,6.7831755,6.334209,6.564036,7.32347
26,5.7379975,5.57088,4.4480186,4.849263,4.2223134,5.881379,5.7214923,5.1303015,4.932196,4.505693,4.8748336,4.2948833,5.0945354,7.8979154,5.164523,5.0461373,5.674234,5.0903044,4.751059,5.6496797,4.946226,3.9107463,5.2439504,4.753928,2.6307297,0.7538117,0.0,2.784052,4.4842076,4.8313804,4.6134143,5.411963,4.956034,6.957143,6.030921,6.647325,5.506382,5.3803306,6.2493105,5.364145,5.850774,6.1652737,6.3532124,6.528675,6.5079184,7.0627117,5.9063544,6.283449,7.8529468,7.510892,6.941268,7.171682,4.3675494,5.667186,5.006058,4.903466,6.14721,5.636479,5.353086,6.249418,3.7381358,3.9410183,6.061901,5.3686514,7.0855846,7.3700113,8.274005,6.815284,7.279207,7.0273623,7.5133657,7.2868276,6.312051,6.541407,7.095022,7.1496024,6.2073536,6.131785,7.537256,7.480298,5.477519,5.419036,5.1971393,5.555751,5.5950365,4.6443505,6.543684,6.8542185,5.5088224,4.910051,5.6500754,4.97182,5.2358713,4.654712,5.402835,5.698818,5.8160944,6.606297,7.278287,6.6054063,8.15809,7.7950215,5.1455207,5.9625263,7.1786895,7.258497,8.217793,8.045349,7.1223974,7.019165,6.835703,9.404406,5.1471314,4.713694,4.763386,4.619444,3.3212988,4.1226745,3.314367,3.8471987,6.9792824,7.026462,8.054005,5.0145717,7.0115933,6.5616813,6.884727,7.4447417
27,5.460174,5.3968267,3.814279,4.6013474,4.229666,6.4039087,5.478193,5.6655545,4.4086466,4.3704343,3.5178607,3.7940733,4.2627473,7.964041,5.0533986,4.2177114,5.152791,4.3807726,4.9103513,5.63139,5.8025913,4.3487434,5.570396,5.393621,3.0611327,2.6272142,2.784052,0.0,4.5666394,5.139153,4.9042726,5.640225,5.4027467,7.115132,6.195334,6.863859,5.632084,4.9432273,6.139089,6.033049,5.1832843,5.5624814,5.635113,5.9289436,5.915168,6.4884596,5.9438763,5.600504,7.6697397,7.909895,7.408789,7.782292,4.598339,6.016744,5.881446,5.494359,4.95179,5.158748,3.9516678,4.664282,4.0924525,3.4661763,5.612352,4.6268816,7.348704,7.589072,7.9505005,7.209072,7.4523973,7.173356,7.2790866,7.4558363,5.1420393,5.649434,6.2909594,6.275563,5.335277,5.5053973,6.770703,7.4155416,5.2566066,5.196579,4.9307327,5.5501842,5.7011867,4.310652,6.354969,6.908134,5.0147524,4.3644414,5.0431867,4.655498,4.564442,4.345705,5.3815947,5.270245,5.7025948,6.2059426,7.130005,5.741053,8.289947,7.8205485,4.8282127,6.071303,6.6809072,6.806556,7.7493076,7.1167965,6.4187636,6.741323,6.309007,9.083883,6.5632186,6.0788064,6.2405176,4.604881,3.6171803,4.165451,4.658669,4.6952124,7.2634764,7.0607686,7.5133295,4.644235,6.664606,6.1853027,6.216317,6.9855065
28,5.1998606,5.7378616,4.1368933,4.136265,3.8224518,6.0693455,5.4610686,5.3146744,4.5582557,5.374042,4.7941246,3.098268,3.962686,7.236184,5.4561286,4.0122347,5.2678456,4.9079647,5.7799263,6.103848,7.6123366,6.2444897,6.5635304,6.2320843,4.8426275,4.0680346,4.4842076,4.5666394,0.0,3.0607786,3.864762,3.453572,4.4153166,6.1647353,6.9175787,7.130822,6.99794,5.8326178,6.742515,7.432106,5.817297,6.5506563,6.778277,8.052652,8.083521,6.9986,5.946991,6.765015,8.413092,6.7390237,8.43593,7.8551846,4.646811,6.68033,6.5785,6.4693,6.0737123,6.656143,6.3131466,6.102903,4.947465,5.114585,6.28338,5.7275796,7.7464747,8.017195,8.219097,7.3308845,7.8219757,7.5592747,9.078748,7.7455225,5.144484,5.1879687,6.8945956,5.5180936,6.090099,7.287196,7.4623885,6.532061,6.5877466,6.4708023,5.680785,5.1790123,7.197822,6.1979866,7.79381,7.5293283,7.1009393,6.2201023,6.074196,6.9099174,5.5142117,6.0587053,6.565961,5.882614,4.663045,5.52762,6.6224165,6.029162,7.97111,7.803515,4.774388,5.1155415,4.038772,4.2226954,5.1959476,5.7070427,4.7587605,4.848839,5.9179034,7.3323092,7.8337264,6.5649576,7.040854,3.8081946,4.522638,5.027842,5.37973,5.4939003,7.1586795,7.3218927,7.7110415,4.7807083,7.59728,7.582926,7.0541487,8.494148
29,5.7613835,6.2267346,5.204256,5.1013207,4.9807053,6.8966374,5.920426,5.8064256,3.596035,4.921248,5.8122683,4.3946443,4.635546,7.6382613,5.891689,4.68364,6.0696526,5.911296,4.8997726,5.3372283,7.1322746,6.8635674,6.212618,5.6828313,4.3348284,4.4595866,4.8313804,5.139153,3.0607786,0.0,3.0276687,2.3205578,5.408528,5.6241393,6.3968124,6.5388803,6.6739197,5.3137817,6.3581624,6.810174,6.7188053,6.22672,6.4110675,7.6519113,7.6335964,6.287489,5.369281,6.3051925,8.461698,6.8115244,8.9160795,7.8662148,3.8246303,5.930508,5.7010694,5.752235,6.0903726,6.7932515,6.4062743,6.156439,4.908882,5.5361247,6.418819,5.254793,8.380482,8.319935,8.697098,7.8433814,8.41881,8.219465,9.405411,8.351571,5.9815373,5.9495053,7.551819,6.3033576,6.7479286,7.8372235,8.1308565,7.11076,7.492731,7.3870816,6.6870284,6.124623,7.7842712,6.877894,8.639901,8.440157,7.4948425,6.9597044,6.744633,7.5684557,6.283923,6.7656116,7.2351646,6.5604496,5.295743,6.1232123,7.164367,6.6162353,8.468603,8.275013,5.9073668,5.8595257,5.071186,5.2018237,6.083429,6.165228,5.4646883,5.470871,6.567937,7.7311497,6.723526,6.8506193,5.732145,4.4756446,5.3143177,5.6894784,5.77095,5.7537026,5.060825,5.3587265,5.9837327,5.6283584,5.9601083,6.1479383,5.4275756,7.299613
30,5.2918167,5.778129,4.244489,5.1917863,3.9835951,6.167422,6.6219015,5.646847,4.0033975,4.3157024,5.0814,4.651566,5.148732,7.765487,5.881667,5.130338,7.359675,6.225784,6.2099714,6.5423665,7.0576468,6.894491,6.7001276,6.392157,3.5384343,4.2502337,4.6134143,4.9042726,3.864762,3.0276687,0.0,2.5296981,5.0363164,5.0781207,6.915183,7.130498,5.96902,5.741273,6.717555,5.92953,6.257978,5.439351,5.491144,6.888244,6.8926163,5.363547,4.2411566,5.40164,8.891508,7.3810925,8.412749,8.586249,4.0413284,6.012817,6.0561852,5.8321223,6.672747,6.3639927,6.040088,6.966139,4.185303,5.036167,6.25312,5.7874084,8.6862955,8.938933,9.273612,8.4341,8.937158,8.705672,9.421266,8.858944,6.792507,7.0865736,8.421044,7.3388343,7.795478,8.518321,8.870308,8.019325,7.136405,7.115946,6.6213875,7.0340014,7.7939124,6.8685126,8.272742,8.1627245,7.6661053,6.7324543,7.157146,7.405749,7.0225916,6.889585,7.6086974,6.8252244,4.4921055,5.632622,6.6637483,5.9611454,7.9755993,7.877087,5.126131,4.9818587,6.096002,6.1921253,6.9252143,7.2899756,6.192175,6.0567074,6.270765,7.508699,6.2874045,7.1802244,5.807937,5.2722855,5.145669,5.789957,5.893629,5.3936667,5.8051085,5.9352202,6.122736,6.017174,5.2065687,5.318471,5.455187,6.421833
31,5.7865357,6.0953665,4.784884,4.7730656,4.5821147,6.5299463,6.0952435,5.934521,3.3915975,4.803294,5.5920844,4.146269,4.6147723,6.9149466,6.209655,4.653814,6.77895,5.8400073,5.9318986,6.0619254,7.921823,7.751237,7.084197,6.638706,4.324701,4.9106746,5.411963,5.640225,3.453572,2.3205578,2.5296981,0.0,5.382605,5.3731914,6.4225235,6.331313,6.4569283,5.1974454,6.259814,6.713809,6.9828677,6.1312313,6.294842,7.516129,7.4218855,6.063202,5.072596,6.0818043,8.539797,6.9437737,8.979808,8.160498,4.0280976,5.987017,6.186056,5.907957,6.0247097,6.951556,6.5754,6.4474206,4.7800336,5.338844,6.5193496,5.0922666,8.604475,8.771947,8.750929,8.1694765,8.645634,8.451174,9.749845,8.585822,6.6038876,6.705914,8.072076,6.955486,7.3157887,8.125542,8.402754,6.9184036,7.5300913,7.4319873,6.987208,6.6063175,8.246481,7.435566,8.929823,8.670594,7.985266,7.2062235,7.015976,7.7220187,6.631926,7.3174486,7.241119,6.372795,5.1664295,5.876899,6.942041,6.8851104,8.216957,8.19174,5.4775667,5.5879064,4.733034,4.862888,5.7412534,6.2304926,5.372893,5.297267,6.766375,7.563055,6.8048744,7.243017,6.118708,4.3689756,5.3301177,5.991245,6.000472,5.5029006,5.0857167,5.1614532,5.561787,6.2576685,5.4844937,5.6950536,4.887305,6.6076484
