,0,1,2,3,4,5,6,7,8,9,10,11,12,13,14,15,16,17,18,19,20,21,22,23,24,25,26,27,28,29,30,31,32,33,34,35,36,37,38,39,40,41,42,43,44,45,46,47,48,49,50,51,52,53,54,55,56,57,58,59,60,61,62,63,64,65,66,67,68,69,70,71,72,73,74,75,76,77,78,79,80,81,82,83,84,85,86,87,88,89,90,91,92,93,94,95,96,97,98,99,100,101,102,103,104,105,106,107,108,109,110,111,112,113,114,115,116,117,118,119,120,121,122,123,124,125,126,127
0,0.0,4.4205394,3.1657937,4.328208,5.0517707,3.5104122,6.0240383,4.8146806,5.9891133,6.8545947,5.01417,5.174621,4.976493,4.8046665,5.189362,4.424913,4.8031397,5.0601234,4.596434,4.7572365,6.1684465,5.665685,5.7490697,5.311715,4.3730245,4.6748033,4.908725,4.799639,7.906036,6.4766374,5.8412824,5.7731967,5.971043,6.2181005,6.408516,6.8377686,6.819339,7.483836,7.0057664,7.2183037,7.7558074,5.2641487,4.662346,4.8520637,6.6764283,7.5138254,7.3194184,7.557485,7.036247,8.044719,7.299094,5.8150296,6.490603,6.5479336,7.5697045,6.725742,5.9082026,6.131754,6.9941697,6.4732704,6.443302,6.947677,7.4611964,7.8675556,6.0844364,6.162098,6.197805,6.6285686,6.337026,8.400532,7.941343,8.512157,4.706132,5.0457187,5.877741,7.206818,5.6658483,4.8287063,4.7985225,4.7985225,6.164331,5.75948,5.836129,5.889061,5.6233635,5.0306907,4.2881875,5.0529995,6.745487,6.4645596,8.256815,6.2264686,7.2784333,8.031822,6.81785,6.8550096,6.5863886,9.951008,9.057651,9.42939,10.453674,7.3864994,8.556655,8.908572,10.564616,10.144804,11.015967,10.919197,8.269033,8.794627,8.86426,8.927604,8.269733,8.315893,8.698969,8.406372,7.852941,7.725087,9.945674,9.959045,8.961784,8.928744,8.5277405,8.40729,10.924635,10.442385,9.980741,10.098975
1,4.4205394,0.0,2.563828,2.7865763,4.088248,3.142734,5.261705,4.3183208,5.482548,6.3546762,4.195223,3.8423882,4.7833443,4.6933503,4.1575694,3.7744367,5.451413,5.0552554,5.18546,5.070182,5.2669663,5.5558696,5.3705206,5.575669,4.715543,5.045534,4.274018,4.3888535,6.898491,5.732372,5.673799,5.170394,7.0436316,6.8981986,7.5780473,7.779626,8.112019,8.917236,8.069851,8.5903845,7.377305,5.58891,5.6101,5.682016,5.497794,6.20757,5.881705,6.2078843,6.452221,6.540403,5.940707,6.017105,7.26484,6.8101754,7.187176,7.428309,5.7727995,5.6554418,8.169112,7.7004733,6.6021233,6.6854854,7.624141,8.033065,6.9251924,6.7342777,7.2245812,6.744901,6.6092896,7.8372087,8.484139,9.145668,5.7940826,6.049791,6.61557,7.8300347,6.5480766,5.680699,5.6976633,5.6976633,5.33825,5.2832685,5.016481,5.1608877,6.479066,6.1066093,5.4148445,5.807415,6.7435427,6.8227897,8.669962,6.709757,7.2750654,8.448809,6.432091,6.5774884,6.7163343,9.728898,8.692716,8.859828,9.064078,6.368923,8.508249,8.42755,10.023761,9.597477,10.724645,10.8044,8.547133,8.972393,8.511412,8.58301,8.463845,8.399281,8.970308,8.554894,8.826156,8.790631,10.475164,10.405611,9.173687,9.223611,8.575259,8.750201,10.818887,10.470405,10.40884,10.637823
2,3.1657937,2.563828,0.0,3.4226503,4.093935,2.968721,5.599435,4.424066,5.380587,6.2876043,4.360472,4.1923,3.9271576,4.034673,4.0688496,3.8209078,4.9564776,4.6625757,4.220678,4.4149675,5.6286206,5.181789,5.0457025,5.127757,3.9175694,4.2305408,4.442832,4.3180213,7.0891037,5.972869,5.740222,5.235385,6.5634017,6.6914973,7.092161,7.6347375,7.5388365,8.372521,7.514648,8.046268,7.928483,5.727038,5.5987663,5.757737,5.840294,6.6532035,6.849096,7.1777844,6.5220833,7.55455,7.1352468,5.633945,6.750613,6.376911,7.560143,7.039363,5.833097,6.1794972,7.6869903,7.1866117,6.2765675,7.077872,7.2355456,7.6463213,6.2992897,6.6420374,6.594126,6.597405,6.713755,7.9860125,7.971881,8.741613,5.015264,5.3853927,5.8625526,7.2924113,5.8986225,5.010485,5.015379,5.015379,6.2260165,5.896519,5.9691854,6.0741954,6.4047194,5.960792,5.251316,5.2066684,7.380166,6.6500807,8.544316,6.5782022,7.936851,8.913466,7.1047487,7.207075,6.9721847,10.462935,9.438551,9.671925,9.975981,6.8480787,8.661357,9.189765,10.75992,10.373927,11.213177,11.397223,8.709034,9.148581,8.863424,8.966811,8.603359,8.667998,9.206234,8.853197,8.456096,8.396241,10.506676,10.492319,9.413421,9.426765,8.518508,8.466733,11.122445,10.750012,10.191454,10.391642
3,4.328208,2.7865763,3.4226503,0.0,3.8537674,2.9658487,5.3972106,4.0441175,5.2182784,6.156504,3.2175612,3.2355602,4.575934,4.613628,4.270109,4.18318,5.4108815,5.189991,5.5272923,4.898298,5.2451377,5.323369,5.5691223,5.3084865,4.5663395,4.907104,4.252787,4.1344867,6.9817843,5.610646,5.485997,4.713265,7.1301613,6.9420853,7.1664743,7.7202754,7.7873816,8.562358,7.7551117,8.3297205,7.9476023,6.428986,6.217724,6.434948,6.659522,7.3304477,6.875575,7.006231,6.858384,6.983379,6.4295597,6.566263,6.498284,6.746206,6.8549595,7.391407,4.8414288,5.221749,7.824343,7.342976,7.021942,6.5138416,7.6180677,8.038598,6.844734,5.798977,6.5436406,6.0883346,5.5143943,7.896685,8.427616,9.110125,5.0685725,5.399195,6.411449,7.436885,6.0456424,5.024177,5.0308123,5.0308123,4.2779937,5.0308595,3.8834274,4.714019,6.751124,6.375609,4.6657667,5.967948,7.0434237,7.240574,8.879865,6.4585247,6.4173474,7.5251427,5.566289,5.7618556,7.848815,9.076066,7.943431,8.22269,8.800242,7.4952817,8.317466,7.944759,9.391557,8.926461,10.0274315,10.06341,6.8234134,7.3942556,7.456975,7.5045514,7.161163,6.9822826,7.554325,7.072635,7.5157924,7.4595838,9.128088,9.099577,7.7314086,7.8047485,7.6576915,7.5086746,9.863661,9.340618,9.468816,9.7192955
4,5.0517707,4.088248,4.093935,3.8537674,0.0,3.387901,3.5121279,1.712563,6.036688,5.2593656,4.9803042,4.5988855,5.1747246,5.578988,6.642341,5.356941,4.525421,4.791752,5.7063556,5.3557425,5.471278,5.2410297,5.1614623,5.0321746,5.0935845,5.1930723,5.397304,5.449067,6.0650315,4.6575623,4.7713265,3.7787263,6.972111,7.1076703,6.8001933,7.40065,7.3835735,8.963661,7.7901917,8.359679,6.981505,7.031976,6.3662214,7.1162825,6.2740664,5.6448,7.3722105,5.763979,5.563461,6.90692,5.902756,6.539119,5.5273542,5.324049,5.639991,6.3128667,5.282475,5.750866,8.001016,7.4537873,6.541599,7.073748,5.6344075,6.1858816,7.241265,6.5961037,6.855154,6.8588514,7.130903,8.317894,8.539731,8.417807,5.2874675,5.464655,6.1435113,7.483689,7.31021,5.4094305,5.3364635,5.3364635,5.52032,4.797382,5.0028214,6.2774897,5.4286304,5.9522505,5.604212,6.8989215,7.0878196,6.4979434,8.952417,7.551598,7.1075754,8.948174,6.8712077,7.1038485,8.067043,9.492062,8.565843,8.939228,9.253529,7.8804703,8.344559,8.230623,10.064027,9.669992,9.865667,10.76959,6.8161,7.472464,7.859217,7.911217,7.1915946,6.9266205,7.5937924,7.038075,7.837314,7.7407603,9.267841,9.243859,7.6543393,8.254746,7.2725534,7.15075,9.188748,8.746063,8.517104,8.821378
5,3.5104122,3.142734,2.968721,2.9658487,3.387901,0.0,4.4634714,3.3935843,5.226878,6.1478806,4.1676807,3.802367,4.064864,4.022295,4.5034165,3.753019,4.8443756,5.060002,4.9784894,4.5950446,4.990623,4.6939225,5.5054045,5.33169,4.3967175,4.6621423,4.412165,4.6653223,6.9492745,5.5284343,5.856738,5.144828,6.1119313,6.441626,6.5054984,6.844558,7.1367993,7.6110563,7.191468,7.272765,7.494481,5.605432,5.600153,6.11329,5.6200943,6.4634547,6.0309772,6.3707595,5.9065275,6.712567,5.9816794,5.677372,6.3416505,6.2278953,6.3452744,5.9094396,5.01268,5.172389,7.161328,6.5468855,5.838907,6.0844426,6.534536,7.0008464,6.2416945,5.645144,6.0495815,6.372978,5.9524274,8.246992,7.420664,8.145499,5.381094,5.2134595,5.9879036,7.5390277,6.174429,5.3444066,5.320811,5.320811,3.992935,4.857034,5.115058,4.8247724,5.5836186,4.890145,4.1436887,4.6305633,6.3718834,6.0977225,8.727083,6.420095,6.5614185,7.6111765,5.7609887,5.7924647,7.2120132,9.090934,8.1310005,8.297959,8.749521,6.960443,7.7969055,7.794471,9.616666,9.188779,9.877619,10.065641,7.0644207,7.5896306,6.9950533,7.087463,6.7486205,6.8085413,7.4651666,6.9803405,7.112339,7.035396,9.0982685,9.089123,7.7477665,7.756538,7.3520913,7.2287507,9.704967,9.299258,9.2018,9.369471
6,6.0240383,5.261705,5.599435,5.3972106,3.5121279,4.4634714,0.0,2.6308935,5.8000875,4.994084,5.602958,4.7537737,6.338673,5.987134,7.37817,5.4252105,5.6421175,5.860157,6.8041067,6.4025507,6.163246,6.26612,6.257515,6.1643047,6.195754,6.3146753,5.728309,6.586422,5.951586,5.0489316,5.6634083,4.9478436,6.18763,6.6927423,6.439194,7.0516953,6.7177253,8.426218,7.2751527,7.8636293,6.6980114,7.126405,6.8424344,7.317865,6.2349157,5.667859,6.075097,4.455359,5.0668883,6.2566338,4.4938993,5.5092382,6.4778767,4.367877,3.855745,5.2487025,5.408843,5.8179216,7.129754,6.5606484,5.99894,6.582612,5.1121893,5.7761993,7.4450693,6.668068,7.2879453,7.2111096,7.2555656,7.2638135,8.182572,7.400237,6.2172084,6.560051,6.765742,7.714555,7.686998,6.1525855,6.094111,6.094111,5.72811,5.1609936,4.886892,6.4907665,6.1695933,6.6458807,6.382695,6.9441595,5.617245,5.193594,8.226022,7.453037,6.0916204,8.324212,6.1467094,6.4674573,7.3562055,9.038703,8.55153,8.8895035,8.731244,7.2478604,8.248796,7.8061996,9.972627,9.554219,8.220601,9.863036,6.8118005,7.338004,6.6726065,6.7004533,6.4060893,6.166709,6.841847,6.273789,7.6834493,7.573181,8.633858,8.594825,6.960432,7.6035438,7.40009,7.341425,7.7097497,7.578189,7.6737823,7.9803643
7,4.8146806,4.3183208,4.424066,4.0441175,1.712563,3.3935843,2.6308935,0.0,5.975699,5.246664,5.150396,4.7879653,5.455206,5.8190155,6.7739687,4.824368,4.806974,5.0970182,5.99176,5.621679,5.64383,5.509967,5.4767137,5.3482137,5.3592014,5.4746842,5.162171,5.6450696,6.2116084,4.8974996,5.0082965,4.1187315,6.7487864,6.8745255,6.5985723,7.223119,7.0220757,8.646944,7.458487,8.07691,6.778661,6.6634483,6.0706677,6.755373,6.5316997,5.96764,7.1022034,5.4563956,5.808336,7.019005,5.6379185,6.427354,5.7886944,5.2864876,5.332871,6.162052,5.443724,5.891779,7.397638,6.8022804,6.705237,7.1107907,5.9342265,6.463509,6.6738954,5.907574,6.4393473,6.4635725,6.652161,7.8764405,8.369747,7.7985272,5.044758,5.4451885,6.114932,7.4488387,7.023048,5.0324106,4.9586153,4.9586153,5.379915,4.7016625,4.48925,6.153967,5.509555,6.0036087,5.7310176,6.9930058,6.234877,5.6928306,8.351294,6.8253245,6.180234,8.2320595,6.41755,6.7199426,7.361308,8.863598,8.133274,8.52976,8.861664,7.1745567,8.033946,7.8374734,9.716718,9.291258,9.234501,10.1861105,6.3434267,7.0363603,7.447643,7.492054,6.653956,6.4213557,7.1033654,6.537453,7.5145774,7.3664603,8.90736,8.88237,7.214122,7.828632,7.007684,6.884531,8.843529,8.410544,8.262683,8.555972
8,5.9891133,5.482548,5.380587,5.2182784,6.036688,5.226878,5.8000875,5.975699,0.0,3.210108,3.774045,3.6485462,4.1078706,4.0896754,5.925196,5.1298933,5.4364586,4.6682568,4.4677706,3.9353335,4.8350124,4.4672565,5.018264,4.894385,4.1939936,4.0251236,4.134895,4.376862,6.4812202,5.356145,5.375545,4.9925437,5.5657687,5.532875,5.8733587,6.4982038,5.0647373,5.110756,5.69905,6.4449735,5.7975526,5.453918,5.7106047,5.393788,5.812271,6.8093634,6.195258,6.5281944,5.648036,6.0969887,6.1873293,4.795052,6.297637,5.6756544,6.538922,6.6211095,4.6403227,5.4023595,4.8083754,5.85861,5.6527085,6.169194,6.1876044,6.6291,5.4965672,6.2531443,5.0166135,4.5569177,4.898424,5.364895,6.6146083,7.820239,4.6651025,4.3526297,5.717696,4.8369904,4.7988567,4.638987,4.633859,4.633859,5.5667977,6.0197363,5.388118,6.261401,6.343662,5.852682,4.833742,5.3213015,6.4456353,6.010656,6.682892,6.148497,6.2653832,6.318847,4.9368334,5.0792136,6.3358765,8.207637,7.5882444,8.0479145,7.3914123,6.4313483,7.572844,7.533565,8.802977,8.535705,8.956329,9.33948,6.7920456,7.1191764,7.734716,7.815179,6.1007175,6.2306395,6.8658004,6.444642,6.3574815,6.2922254,6.6861167,6.6505356,6.762194,6.4136205,6.215909,6.130942,7.552997,7.057903,6.7795253,7.0826473
9,6.8545947,6.3546762,6.2876043,6.156504,5.2593656,6.1478806,4.994084,5.246664,3.210108,0.0,4.973976,4.80258,5.5600286,5.5479836,7.999836,6.406746,5.3495483,4.613814,5.4373407,5.075084,5.694734,5.376768,4.9293566,4.8994436,5.245315,4.938598,5.4114623,5.626367,5.715756,4.420886,4.5005703,4.0137043,5.9513397,6.1473355,5.7207847,6.369809,4.787997,6.1748147,6.193398,6.9181266,4.7518897,6.7550974,6.3233314,6.353704,6.4005265,5.8975334,7.403722,5.6733437,5.117593,6.4831486,5.952414,5.507377,5.2842116,4.4735217,5.6095686,6.2475624,5.159927,5.9521866,5.4610553,6.3494577,6.1417327,6.9690413,4.9865603,5.5655255,6.280052,6.942144,5.7521987,5.1793776,6.214571,6.1386647,7.6509967,7.7263303,4.5278864,4.1852875,5.5254498,4.546868,6.142316,4.620623,4.553737,4.553737,6.4416575,5.404331,5.4728484,7.110428,5.559864,6.2432303,5.7215137,7.0022283,6.359302,5.7075114,6.4467463,7.003017,6.1006355,7.337979,5.918476,6.0760603,6.975044,8.624609,8.110029,8.719394,8.064419,7.147328,8.1385,8.065061,9.41233,9.182248,8.820305,9.908023,6.4919724,6.933865,8.478504,8.528809,6.219594,6.198283,6.8230295,6.37994,7.002775,6.8954806,6.596501,6.5614758,6.6104636,7.006247,5.9903555,5.8779516,6.605844,6.0646887,5.6504726,5.9992905
10,5.01417,4.195223,4.360472,3.2175612,4.9803042,4.1676807,5.602958,5.150396,3.774045,4.973976,0.0,1.4511741,5.165977,2.7659314,5.2140646,5.099597,6.0825152,5.887565,5.9928207,5.500113,6.0566154,5.939229,6.2408996,5.9805183,5.1910887,5.4645762,5.1607876,4.986744,7.6844044,6.4336014,6.275533,5.617034,4.9919434,4.638781,4.9501615,5.6988807,5.7123394,6.508794,5.657808,6.3418617,6.9529314,5.95051,5.761352,5.967693,5.5458307,6.5335402,6.1114135,6.2489176,5.3371153,5.9074683,5.5008507,4.6322484,4.804865,5.23443,5.6927156,6.0641017,2.8035948,3.440328,6.0449567,5.563516,5.426339,4.970937,6.226396,6.6773486,6.3807707,5.5184007,6.023968,5.6961594,5.1926045,6.362187,8.006693,8.84131,4.4866257,4.81707,4.953101,5.3090153,4.6958957,4.4817066,4.4762354,4.4762354,4.395172,5.0718293,4.1867814,4.8026633,6.450805,5.987486,4.3524413,5.6458306,6.9968524,7.0465093,7.2888503,6.101525,6.4710617,7.4287014,5.573061,5.7228675,7.451501,8.950763,7.829717,8.053858,8.699594,7.210577,8.04066,7.8500104,9.240118,8.779184,9.009827,8.887981,6.803057,7.317466,7.52678,7.5836115,6.961029,6.8774796,7.464479,7.0039372,6.4181204,6.4158382,7.694016,7.6785803,7.6413774,7.6283493,7.3006883,7.159551,8.637956,7.9882407,7.948947,8.238353
11,5.174621,3.8423882,4.1923,3.2355602,4.5988855,3.802367,4.7537737,4.7879653,3.6485462,4.80258,1.4511741,0.0,4.964226,2.6660533,5.0053926,4.871987,5.908103,5.6844177,5.8946476,5.3327985,5.7850714,5.7383018,6.0667706,5.8217783,5.008841,5.3080225,4.938044,5.015839,6.9814415,5.852569,6.0531335,5.298179,5.0555058,5.0237365,5.341827,6.0231433,6.0378184,6.8933806,6.053023,6.67272,7.0445337,6.170861,6.1396313,6.265415,5.1287727,6.1023817,5.3871307,5.7000494,4.8588276,5.398002,4.862887,4.17258,5.401531,4.740366,5.06476,5.5975823,2.9430933,3.5031493,6.344357,5.8540244,5.052026,4.827937,5.7551856,6.291037,6.86682,5.9719434,6.510272,6.1440783,5.616019,6.3327055,7.754635,8.555543,5.0923414,5.3672366,5.5734878,5.9706345,5.3949456,5.080364,5.074678,5.074678,4.2934213,5.0169153,4.208212,4.794537,6.4934497,6.092962,4.4956527,5.221973,6.6085105,6.6545563,7.666037,6.459027,6.4715085,7.6153965,5.2959547,5.469746,7.4381833,9.023298,7.9758716,8.17601,8.463585,7.1257496,7.9332886,7.6464105,9.339713,8.873106,8.6897955,9.03126,6.9034786,7.3663936,6.7910104,6.849777,6.6812983,6.588031,7.214175,6.7185965,6.614758,6.6370754,7.909067,7.880086,7.39704,7.4218326,7.3412395,7.244109,8.258966,7.8125787,7.8703985,8.167469
12,4.976493,4.7833443,3.9271576,4.575934,5.1747246,4.064864,6.338673,5.455206,4.1078706,5.5600286,5.165977,4.964226,0.0,4.7648063,5.021148,5.150825,4.441005,4.2786474,3.3008578,2.7353187,4.7665915,3.417988,4.723669,4.3431034,2.2192287,2.5255842,3.6807108,3.5206413,6.472146,5.3496623,5.492124,4.4770956,7.7190437,7.513471,7.9701953,8.477675,7.268225,7.4545174,8.067594,8.658223,7.8692737,5.578255,5.7801957,5.886872,6.5402055,7.556689,7.4937162,8.027816,7.276532,8.053346,7.7757187,6.96595,7.399522,7.123116,8.277813,7.824259,6.1717596,6.8045306,6.706326,7.794818,7.366939,7.8707104,7.6179485,7.9918346,6.324455,7.135448,5.5961714,5.78183,5.600611,7.5390654,6.8019505,8.093745,4.822567,5.1659045,7.137339,7.361528,5.4986477,4.9480762,4.937852,4.937852,6.3161592,7.071637,6.5917053,7.114322,6.2506275,5.4517355,4.956696,5.032062,7.730775,6.7828407,8.886713,6.7532144,7.9550743,8.1204195,6.6642313,6.873139,7.085058,8.71486,7.988369,8.427965,7.8649306,6.9893117,7.290133,7.8477435,9.461944,9.001568,10.68134,10.928187,7.4513965,7.820838,8.163243,8.274649,6.933866,7.1564713,7.789689,7.343888,7.26537,7.1945276,9.017823,8.994307,7.6537642,7.219016,6.520331,6.4869313,9.726264,9.31008,8.627017,8.88495
13,4.8046665,4.6933503,4.034673,4.613628,5.578988,4.022295,5.987134,5.8190155,4.0896754,5.5479836,2.7659314,2.6660533,4.7648063,0.0,5.4619775,5.2516146,6.544219,6.345996,5.784535,5.512431,6.775587,6.0938215,6.709027,6.445933,5.093081,5.3385434,5.796575,5.734524,8.01117,6.872097,7.1735253,6.4376726,4.574436,4.7105904,5.0732656,5.49725,5.816391,5.934067,5.6967287,5.7636833,7.5028725,5.895456,5.955458,5.9740376,4.6699224,6.1648183,5.867817,6.523434,5.056145,6.345545,6.1004643,3.8359838,5.384455,5.0703197,6.288589,5.302304,3.9645195,4.1872864,6.0024548,5.416501,4.8749804,5.5195274,5.8764544,6.3254786,6.5183263,6.2048693,6.1934433,6.425027,6.058922,7.3037963,7.3656774,8.612636,5.047796,4.993172,5.2893395,5.6572213,4.663621,5.094529,5.0869684,5.0869684,5.253022,5.8981323,6.2186007,5.6260495,6.2482142,5.4885154,4.32252,4.468569,7.0856886,6.671876,7.43529,6.057259,7.5378575,8.218349,6.4141984,6.379993,7.2254825,9.560905,8.474292,8.538961,9.008497,6.874727,7.6661153,8.161852,9.8167515,9.380078,9.479856,9.300253,7.802902,8.198358,7.5180936,7.629958,7.2943063,7.5446053,8.142955,7.756606,6.380275,6.429833,8.370539,8.374888,8.457415,8.239366,7.5324078,7.4668884,9.140933,8.674528,8.193172,8.358635
14,5.189362,4.1575694,4.0688496,4.270109,6.642341,4.5034165,7.37817,6.7739687,5.925196,7.999836,5.2140646,5.0053926,5.021148,5.4619775,0.0,5.127181,6.0506945,5.8015895,5.3063464,5.1095667,5.9829545,5.951842,6.1417513,6.2558403,5.2459803,5.6742697,4.9393463,4.856847,8.381057,7.549715,7.4429035,7.069333,7.7186036,7.7174573,8.350813,8.836408,8.615902,8.989876,8.582747,9.11498,9.495664,6.029256,6.867002,6.844522,7.2186503,8.807458,6.6226597,8.810516,7.9470916,8.147181,7.8367314,6.8963056,8.852821,8.464787,8.9190035,8.349293,6.8085613,7.094346,8.455812,8.340274,7.407099,7.2822165,9.152965,9.51079,7.5534964,7.6590686,7.739032,7.5068574,6.9795413,8.332885,8.479224,9.6003685,7.278172,7.529612,7.4428806,9.079179,7.509576,7.1803594,7.2067294,7.2067294,6.540411,7.432384,6.266225,6.460933,8.366405,7.305583,6.199339,4.6654096,8.15097,7.9760017,9.72652,7.722497,8.426294,8.883301,7.2193537,7.280533,8.08801,10.669744,9.786924,9.961862,10.058178,7.9287505,9.510219,9.587158,10.976269,10.580208,11.515753,11.659834,9.3104,9.607443,8.971605,9.080065,8.824973,8.933699,9.422625,9.109052,9.163197,9.117898,10.760548,10.731266,9.571322,9.362187,9.247724,9.189412,11.825793,11.533935,11.355644,11.5527725
15,4.424913,3.7744367,3.8209078,4.18318,5.356941,3.753019,5.4252105,4.824368,5.1298933,6.406746,5.099597,4.871987,5.150825,5.2516146,5.127181,0.0,6.417756,5.556193,5.1752505,5.009644,5.076455,5.26483,5.7956033,5.9554973,5.161771,4.905311,4.386729,5.125829,7.1906214,6.229515,6.052253,6.1376543,6.759299,6.915917,7.4412365,7.9658446,8.079806,8.028153,6.8191056,7.4346657,7.2453003,6.1484423,6.278182,5.790032,6.3947654,7.4199343,6.311655,6.8835387,7.0131464,6.6863837,7.216818,5.654819,7.9639754,7.2979836,7.5918922,7.793543,6.398275,6.685174,7.6760178,6.4695473,6.391054,7.3886886,7.7531786,8.091429,5.1641417,5.11008,5.78431,5.6112747,6.3015847,7.655154,7.6820908,8.821737,5.9033585,5.3677444,6.5402913,7.131188,5.9884753,5.6523237,5.6840816,5.6840816,5.6828837,6.0359054,5.81119,5.879665,7.6324973,7.045264,6.094889,6.4460793,6.4455004,6.2491727,8.1754675,5.545821,6.6684494,6.726302,5.4341598,5.5148616,6.224438,9.43428,8.5370035,8.7492075,8.897019,5.959092,8.374361,8.334046,9.463536,9.38753,10.286853,10.245224,8.017925,8.463726,7.7279015,7.816982,7.853723,7.788167,8.309865,8.007919,7.8902993,7.746948,9.5909195,9.5614,8.655797,8.392607,8.34143,8.252018,10.406041,10.087339,10.000858,10.17961
16,4.8031397,5.451413,4.9564776,5.4108815,4.525421,4.8443756,5.6421175,4.806974,5.4364586,5.3495483,6.0825152,5.908103,4.441005,6.544219,6.0506945,6.417756,0.0,2.376352,3.3657203,3.4350154,4.461973,4.1658835,3.6026382,3.3017783,3.5819283,3.8474612,4.273358,3.8923883,5.9213905,4.3954916,3.6173182,3.4738028,7.199561,7.485299,7.3452187,7.8526855,6.4599667,7.957865,8.253567,8.80351,6.801614,5.6502876,5.171329,5.975316,7.329576,7.3454633,7.9479227,7.522874,6.84287,8.110493,6.9628205,7.064371,6.7387004,6.5492024,7.312657,7.111868,6.264706,6.8707075,6.984369,8.133277,6.965943,7.2061954,6.9034934,7.4413347,7.1317425,8.030223,6.782059,6.823844,6.8860445,7.768148,7.973218,8.086276,5.357076,5.7469254,6.6072006,7.7432933,7.438278,5.6152973,5.5447836,5.5447836,6.7322903,5.873211,5.5882416,6.9707327,4.738389,4.8431673,4.9568796,5.5640473,7.286952,6.710208,9.022996,8.421759,7.4813614,8.627774,7.1455517,7.2713675,7.4835167,9.745165,9.197099,9.906358,9.811163,8.511122,9.117792,9.062193,10.814999,10.38008,11.110219,12.070228,7.8998847,8.365688,9.53728,9.583269,7.7315726,7.641066,8.028332,7.683074,8.748435,8.586053,9.399978,9.381502,7.7375546,8.065764,7.5931606,7.4836106,9.726692,9.367596,8.953339,9.160035
17,5.0601234,5.0552554,4.6625757,5.189991,4.791752,5.060002,5.860157,5.0970182,4.6682568,4.613814,5.887565,5.6844177,4.2786474,6.345996,5.8015895,5.556193,2.376352,0.0,2.2327783,2.339739,3.841509,3.640997,2.128836,2.3285048,3.2958457,2.965187,3.7943256,3.4558635,5.3059964,3.664162,2.771113,3.125685,7.3227444,7.675347,7.537694,8.033588,6.8941746,7.943521,7.9931607,8.568038,6.345768,6.0310507,5.743042,5.7318497,7.1899047,7.2103333,7.852221,7.4468327,6.7414517,7.680155,7.27841,6.692689,7.176357,6.6737056,7.7290564,7.58509,6.6637855,7.2651687,7.3964663,8.145254,6.9418488,7.739813,6.983084,7.477655,6.6347747,7.7842045,6.4513564,5.990403,6.8020124,7.710886,7.830101,8.340638,5.370563,4.9895387,6.4590917,7.118103,7.3466935,5.5535164,5.503404,5.503404,6.8381963,5.682279,5.5813375,6.9516783,5.5027637,5.749245,5.2013593,5.673967,6.934158,6.3846188,8.532995,7.8733478,7.1696467,7.9513817,6.509253,6.5713925,7.1272926,9.84446,9.224715,9.904757,9.559941,7.9167695,9.133795,9.121282,10.535089,10.324694,11.1696205,12.080883,7.95345,8.382835,9.540363,9.603493,7.703198,7.654119,8.114416,7.7841167,8.752965,8.615766,9.190287,9.161747,7.9088182,8.176489,7.536163,7.424558,9.725556,9.369833,8.985731,9.202792
18,4.596434,5.18546,4.220678,5.5272923,5.7063556,4.9784894,6.8041067,5.99176,4.4677706,5.4373407,5.9928207,5.8946476,3.3008578,5.784535,5.3063464,5.1752505,3.3657203,2.2327783,0.0,1.4681733,4.1735806,3.3223705,3.127193,3.145769,2.5903184,2.0933323,3.8598287,3.3961935,6.2848206,4.980759,4.3084054,4.5144453,7.308825,7.509567,7.746747,8.203731,7.0925508,7.3894625,7.751745,8.288247,6.905093,5.463535,5.4340405,5.1619034,6.9253616,7.6444087,7.8523426,8.194722,7.1663437,8.000208,8.08616,6.5507483,7.652628,7.2816644,8.664842,7.9820805,6.9540997,7.5075507,7.158886,7.9486465,6.884279,8.028161,7.5275707,7.9467225,6.1325517,7.7283473,5.9833565,5.9294333,6.7369475,7.7766175,7.3325663,8.598202,5.369748,4.8940167,6.631162,7.0162177,6.571377,5.556223,5.5265293,5.5265293,7.216877,6.6995754,6.7281837,7.324392,5.943844,5.509356,5.1429605,5.071301,7.541743,6.731281,8.630331,7.446324,8.096008,8.108362,6.9474916,6.960268,6.722209,9.958047,9.246777,9.860983,9.545392,7.525836,8.756348,9.163521,10.510512,10.324831,11.680996,12.124832,8.571249,8.962104,9.699974,9.795546,8.152473,8.264084,8.70867,8.443141,8.526707,8.396378,9.556157,9.537807,8.586436,8.420488,7.728515,7.656148,10.467668,10.1096945,9.432184,9.609044
19,4.7572365,5.070182,4.4149675,4.898298,5.3557425,4.5950446,6.4025507,5.621679,3.9353335,5.075084,5.500113,5.3327985,2.7353187,5.512431,5.1095667,5.009644,3.4350154,2.339739,1.4681733,0.0,3.8040972,2.7246737,3.2041535,2.8115656,2.2047343,1.5690327,3.5735052,3.1869457,5.8743258,4.495248,4.112552,3.9970906,7.3529444,7.4002295,7.6088657,8.092862,7.0441194,7.254709,7.6059375,8.17874,6.877837,5.6065187,5.6203804,5.3177705,6.7852626,7.551254,7.5043397,7.889662,6.90899,7.5048146,7.6412225,6.5889034,7.4522285,7.047193,8.2174015,7.78092,6.428308,7.031198,6.994333,7.7525973,6.9124546,7.820309,7.2652473,7.6980195,6.2386093,7.25006,5.626389,5.508434,6.139606,7.6294637,7.0452905,8.3897705,5.224496,4.68799,6.7840242,6.9526267,6.445078,5.4304566,5.3948264,5.3948264,6.5320134,6.498855,6.144084,7.00596,5.945183,5.478224,4.729239,4.919959,7.1700974,6.5542603,8.607933,7.0465546,7.528968,7.4828467,6.1725225,6.2349806,6.8551025,9.01077,8.2668495,8.921716,8.571721,7.420241,7.9674573,8.158887,9.588846,9.389642,10.829365,11.315339,7.455598,7.8874335,8.6120205,8.702035,7.015884,7.0835743,7.5836253,7.253614,7.6062903,7.4778852,8.616848,8.590445,7.423763,7.2136126,6.776534,6.68177,9.541204,9.157536,8.633457,8.845715
20,6.1684465,5.2669663,5.6286206,5.2451377,5.471278,4.990623,6.163246,5.64383,4.8350124,5.694734,6.0566154,5.7850714,4.7665915,6.775587,5.9829545,5.076455,4.461973,3.841509,4.1735806,3.8040972,0.0,2.413741,3.3968198,3.558961,4.9853673,4.590398,3.1464422,3.1926227,7.074127,5.1975307,4.2436047,4.6956167,7.885674,8.1183195,8.32426,8.801759,8.027004,8.195934,8.219661,8.837797,6.702708,6.5685425,6.586899,6.678888,7.371593,7.968276,7.479957,7.6761127,7.347303,6.990265,7.4130383,7.1808,8.386867,8.240711,8.23917,8.738377,6.930648,7.489881,8.260662,8.758254,7.3679214,7.926946,7.684739,8.10848,6.949501,7.538069,6.74163,6.3668303,6.2092724,7.7251744,7.8134794,8.804684,6.8986883,5.93534,7.73746,8.07866,7.7211576,6.940445,6.9080396,6.9080396,5.8859415,6.596938,5.878059,6.9758987,6.91329,6.4495955,5.830804,6.5850863,7.598629,7.0521264,9.80976,8.550557,7.2204514,6.6441097,5.0988164,5.736389,7.9472713,9.432823,9.050828,9.53948,8.993335,8.259905,9.254438,8.649788,10.078668,9.98279,11.345044,11.80316,8.196923,8.647358,9.123366,9.161582,7.647372,7.3736205,8.472247,7.4844184,8.389528,8.473481,9.063252,9.021632,8.131234,7.9413824,8.239253,8.138861,10.0617895,9.316898,9.484055,10.115718
21,5.665685,5.5558696,5.181789,5.323369,5.2410297,4.6939225,6.26612,5.509967,4.4672565,5.376768,5.939229,5.7383018,3.417988,6.0938215,5.951842,5.26483,4.1658835,3.640997,3.3223705,2.7246737,2.413741,0.0,3.09113,2.7421563,4.156567,3.5532293,3.5943983,3.3951046,7.149952,5.3344083,4.6192913,4.55437,7.6531663,7.6438446,7.8470078,8.351301,7.4552274,7.5654182,7.663492,8.299677,6.799595,6.12615,6.0967436,6.209133,6.7935715,7.489442,7.5249405,7.7293983,6.873768,7.2079744,7.6469755,7.05679,7.8198743,7.7545905,8.443168,8.304266,6.7940617,7.4303155,7.6893764,8.238705,7.3194566,8.443093,7.0884376,7.5150657,6.536206,7.2268863,5.8107834,5.997738,6.041548,8.016435,7.1357007,8.220239,6.2203364,5.16891,7.294572,7.602337,7.2015257,6.3935504,6.3349,6.3349,6.429119,7.2004457,6.6019473,7.795699,6.334355,5.7827945,5.5707145,5.9920464,7.510551,6.3259063,9.273053,7.6791806,7.638718,7.0588603,5.652888,6.2720895,7.510545,8.726589,8.279481,8.856358,8.362046,7.669055,7.8255215,7.8203125,9.507772,9.407635,10.960917,11.3561,7.4696136,7.9850683,8.673034,8.749817,6.7637434,6.6593256,7.901437,6.837735,7.0583096,7.1663427,8.333272,8.302461,7.5278687,7.300158,6.888664,6.8224645,9.661002,8.824819,8.422584,9.114672
22,5.7490697,5.3705206,5.0457025,5.5691223,5.1614623,5.5054045,6.257515,5.4767137,5.018264,4.9293566,6.2408996,6.0667706,4.723669,6.709027,6.1417513,5.7956033,3.6026382,2.128836,3.127193,3.2041535,3.3968198,3.09113,0.0,1.5979846,4.605232,4.1225886,3.7235126,3.3993444,6.763885,4.7748356,3.5594428,3.8671064,7.7657228,8.053982,7.923628,8.416908,7.387588,8.380893,8.236127,8.852708,6.6543174,6.516217,6.331426,6.2614155,7.40368,7.3764725,8.111084,7.692985,6.9860773,7.889603,7.6876435,7.0861907,7.7905035,7.454244,8.513861,8.35668,7.447503,8.053634,8.201164,8.806678,7.7148337,8.807075,7.307709,7.763771,6.987071,8.098211,6.840149,6.3199635,6.759935,8.142398,8.128446,8.281465,6.180255,5.3234,6.9163136,7.663135,7.9783545,6.3327317,6.2672453,6.2672453,7.2936893,6.568971,6.116595,7.8945904,6.1772356,6.4314237,6.014558,6.3029537,7.2330565,6.0650687,8.843005,8.212328,7.41932,7.804784,6.3534765,6.8768015,7.5795436,10.041672,9.678337,10.2655945,9.803449,7.9140763,9.285006,9.342835,10.872025,10.747445,11.6733055,12.483194,8.449703,8.907586,10.146973,10.213738,7.902404,7.853841,8.947869,8.028885,8.691095,8.7740135,9.319109,9.287548,8.610363,8.891005,7.930835,7.87121,10.377737,9.607002,9.1866865,9.820953
23,5.311715,5.575669,5.127757,5.3084865,5.0321746,5.33169,6.1643047,5.3482137,4.894385,4.8994436,5.9805183,5.8217783,4.3431034,6.445933,6.2558403,5.9554973,3.3017783,2.3285048,3.145769,2.8115656,3.558961,2.7421563,1.5979846,0.0,4.1149797,3.6616235,3.6918163,3.1909478,6.686312,4.5544796,3.2242572,3.4086068,7.638286,7.799403,7.6868024,8.1972685,7.1391487,8.087489,8.058173,8.671563,6.7589426,6.47678,6.067229,6.0070744,7.3178544,7.3976307,8.059708,7.643368,6.914561,7.7504296,7.508753,7.0635543,7.4532433,7.127372,8.248313,8.127369,6.9839087,7.628371,7.9254627,8.602233,7.684475,8.658218,7.0288005,7.507029,7.189894,7.881338,6.6106224,6.294701,6.3481236,8.190056,7.8249564,8.100058,5.8016014,5.0722456,7.1072497,7.542442,7.6392074,6.082462,6.0043497,6.0043497,7.066734,6.656792,5.9645667,7.8451333,5.8145823,6.0057693,5.407432,6.053858,7.0463295,6.0174165,8.882027,7.9449053,7.2694016,7.512435,5.953996,6.559979,7.5659957,9.388049,9.00793,9.679806,9.455276,8.102628,8.586302,8.572531,10.317821,10.133348,11.20055,11.950831,7.754833,8.264288,9.480929,9.5288,7.228676,7.1037946,8.218991,7.21077,7.857285,7.9633484,8.71583,8.688916,7.8266716,8.0457535,7.404792,7.3398833,9.781127,8.938099,8.517035,9.19764
24,4.3730245,4.715543,3.9175694,4.5663395,5.0935845,4.3967175,6.195754,5.3592014,4.1939936,5.245315,5.1910887,5.008841,2.2192287,5.093081,5.2459803,5.161771,3.5819283,3.2958457,2.5903184,2.2047343,4.9853673,4.156567,4.605232,4.1149797,0.0,1.3575344,3.8166666,3.4998336,5.2431483,4.3166933,4.338722,3.6987529,7.443971,7.402998,7.7552795,8.256834,7.025387,7.4806232,8.01101,8.595733,7.364538,5.544756,5.392711,5.2946954,6.7395673,7.49306,7.609044,7.8235073,7.2287006,7.9343615,7.556036,6.6617217,7.0612745,6.520992,7.78257,7.516049,5.8687134,6.4747815,6.521893,7.6090407,6.90679,7.2532735,7.438619,7.8273244,6.3355684,7.236131,5.772866,5.678567,6.0322924,7.338017,6.989928,8.345401,4.2625685,4.9173756,6.8830953,6.888954,5.448814,4.478755,4.4799714,4.4799714,6.438822,6.278483,6.060245,6.4932384,5.7905016,5.3055463,4.467694,5.026076,7.3888803,7.0385556,8.571952,6.866234,7.6984663,8.197915,6.744947,6.6435633,6.7295203,9.069712,8.2057,8.770141,8.517001,7.401587,7.915648,8.212715,9.616533,9.167663,10.6362505,11.073795,7.527766,7.8591733,8.360448,8.439808,7.4014525,7.4891815,7.5728393,7.5955534,7.980243,7.745863,9.231396,9.206748,7.5408382,7.2414546,6.9665236,6.907349,9.5010805,9.36513,8.815392,8.780143
25,4.6748033,5.045534,4.2305408,4.907104,5.1930723,4.6621423,6.3146753,5.4746842,4.0251236,4.938598,5.4645762,5.3080225,2.5255842,5.3385434,5.6742697,4.905311,3.8474612,2.965187,2.0933323,1.5690327,4.590398,3.5532293,4.1225886,3.6616235,1.3575344,0.0,4.0328526,3.7278907,5.1902466,4.1584606,4.0193753,3.767891,7.4172206,7.3981743,7.678012,8.179895,7.1241975,7.3284464,7.608891,8.22103,6.8431563,5.804887,5.5758295,5.271728,6.6152434,7.296404,7.652436,7.713389,6.9901724,7.566779,7.749129,6.5892506,7.149795,6.6590333,7.987532,7.7045193,6.1469574,6.765301,6.786306,7.4990153,6.7660527,7.688154,7.135664,7.524237,5.9738727,7.000238,5.3399854,5.322077,6.279883,7.627545,6.8754897,8.46394,4.5454545,4.3921022,6.7171264,6.5013657,5.7577834,4.7743363,4.764265,4.764265,6.6711507,6.440404,6.4227057,6.9462376,5.943327,5.5620594,4.850478,5.452782,7.2671404,6.771073,8.381291,6.649176,7.6723104,7.8150854,6.481417,6.372528,6.597393,8.953659,8.043814,8.679843,8.362524,7.249367,7.698924,8.029949,9.306122,9.069575,10.626689,11.04216,7.3486586,7.723988,8.354443,8.441409,7.20894,7.245074,7.414255,7.391854,7.652792,7.4148455,8.81232,8.785357,7.375232,7.082203,6.665519,6.5944133,9.320974,9.125084,8.513268,8.5247135
26,4.908725,4.274018,4.442832,4.252787,5.397304,4.412165,5.728309,5.162171,4.134895,5.4114623,5.1607876,4.938044,3.6807108,5.796575,4.9393463,4.386729,4.273358,3.7943256,3.8598287,3.5735052,3.1464422,3.5943983,3.7235126,3.6918163,3.8166666,4.0328526,0.0,1.7180774,6.812691,5.045319,4.3460026,4.0921693,7.6043315,7.7486424,8.127558,8.627623,7.3047333,7.781598,8.313175,8.9326935,7.3445373,5.599889,5.7824793,5.6443887,7.4110627,8.1432295,7.2767987,7.6789885,7.7772284,7.8986325,7.2051272,6.7996078,8.097773,7.596869,8.016735,8.321335,6.5882893,7.1633244,7.063383,8.194943,7.7347283,7.6526537,8.252421,8.661155,6.414096,7.1782317,6.4226656,5.7400236,4.65282,6.726818,7.453716,7.8458056,5.3761263,5.5604444,7.4818425,7.7964077,6.1146164,5.2978916,5.29572,5.29572,5.6667385,6.171899,4.8811135,6.181335,6.548675,6.063064,4.9654803,5.5798793,6.7574673,6.2647314,8.857572,7.32447,6.3160677,6.40047,4.940311,5.620882,6.8771014,9.079634,8.832145,9.257195,8.72598,7.1022134,8.84921,8.572722,10.149201,9.719016,10.997507,11.369243,8.083457,8.45734,8.927889,8.969994,7.4218755,7.437738,8.406052,7.539482,8.296405,8.364062,9.338897,9.305804,8.163334,7.902436,8.064735,7.997393,10.123911,9.461277,9.46383,9.989031
27,4.799639,4.3888535,4.3180213,4.1344867,5.449067,4.6653223,6.586422,5.6450696,4.376862,5.626367,4.986744,5.015839,3.5206413,5.734524,4.856847,5.125829,3.8923883,3.4558635,3.3961935,3.1869457,3.1926227,3.3951046,3.3993444,3.1909478,3.4998336,3.7278907,1.7180774,0.0,7.168949,5.2650533,4.153092,4.000556,7.76391,7.779803,8.129674,8.635029,7.4169903,7.9074388,8.443007,9.062203,7.4981923,5.7290525,5.6717854,5.6433387,7.495267,8.257213,7.8566275,8.196178,7.8892283,8.106625,7.6606035,7.103697,7.767517,7.8243303,8.491211,8.636251,6.4834833,7.090757,7.4492564,8.599352,7.8307495,7.7217765,8.33332,8.714833,6.743246,7.544757,6.5580387,5.9312816,4.9356923,7.195805,7.750505,8.491358,5.2541122,5.3485255,7.340507,7.640341,6.1406093,5.3381715,5.3261213,5.3261213,5.960839,6.347523,5.2194247,6.3688707,6.389319,5.8685746,4.649783,5.610197,7.5989738,7.119934,9.19316,7.7795987,7.124214,7.052849,5.6121893,6.1871214,7.468487,9.50997,9.080875,9.533425,9.309081,7.871517,9.124181,8.938636,10.383721,9.967269,11.611744,11.785158,8.351941,8.743733,9.585511,9.627272,7.9832926,7.943206,8.851494,8.019301,8.452749,8.540888,9.540705,9.515217,8.569871,8.31831,8.281564,8.2009735,10.598775,9.828801,9.713062,10.245832
28,7.906036,6.898491,7.0891037,6.9817843,6.0650315,6.9492745,5.951586,6.2116084,6.4812202,5.715756,7.6844044,6.9814415,6.472146,8.01117,8.381057,7.1906214,5.9213905,5.3059964,6.2848206,5.8743258,7.074127,7.149952,6.763885,6.686312,5.2431483,5.1902466,6.812691,7.168949,0.0,2.9049633,4.829066,4.477651,9.080323,9.582709,9.413507,9.81051,8.855379,9.824898,9.81052,10.290986,7.7803874,8.773296,8.47384,8.451019,8.276267,7.7636395,8.545182,7.482479,7.8000994,8.198048,7.7048244,8.115861,8.5265465,6.6372724,6.971815,7.9041066,7.349025,7.8168526,8.549185,9.038955,7.6886387,8.033663,7.5681705,8.098087,8.594303,8.99827,8.266929,7.7340302,9.072127,8.96212,8.876498,9.687136,7.002952,7.3068795,8.55549,8.409877,8.719014,7.026342,7.049601,7.049601,7.826217,6.4569135,7.157929,7.622418,7.5826063,8.134219,7.42537,7.994239,7.546793,8.031873,9.733351,8.896046,7.8776155,9.619278,7.814316,7.212993,8.48513,10.369157,9.408632,10.11141,8.996128,9.036891,9.721273,9.34115,10.52123,10.266789,10.25705,11.957785,8.035843,8.234901,8.202261,8.233436,8.019108,7.8560233,7.070144,7.9042196,10.162376,9.729301,10.030045,9.972496,7.1887927,7.5862045,7.9015174,7.797989,8.181561,9.067024,9.130293,8.557295
29,6.4766374,5.732372,5.972869,5.610646,4.6575623,5.5284343,5.0489316,4.8974996,5.356145,4.420886,6.4336014,5.852569,5.3496623,6.872097,7.549715,6.229515,4.3954916,3.664162,4.980759,4.495248,5.1975307,5.3344083,4.7748356,4.5544796,4.3166933,4.1584606,5.045319,5.2650533,2.9049633,0.0,2.747566,2.4045196,8.007174,8.657397,8.271758,8.533664,7.7220573,8.611477,8.968357,9.162917,6.6296124,7.7140627,7.2274733,7.2607803,7.4792514,6.9289045,7.9584074,6.6482387,6.9228706,7.4812555,6.770978,7.2711296,7.3735905,6.1555276,6.494896,7.1452813,6.528008,6.9499946,7.901875,8.521218,7.201945,7.4933324,6.6678996,7.2481494,7.742251,8.071743,7.2960777,6.713714,7.37324,8.671343,8.087896,8.619364,5.884062,5.5757055,7.586388,7.6039433,7.8239503,5.9881573,5.9753056,5.9753056,6.2087474,4.9075212,5.7901425,6.437923,5.757956,6.45478,5.496274,6.7411556,6.299828,6.6318564,9.105559,8.196985,6.2934475,7.84094,5.9437943,5.635584,7.9011736,9.551572,8.813747,9.467817,8.729124,8.4226265,9.070996,8.591184,10.082751,9.805063,10.226286,11.502326,7.2259383,7.565407,8.108853,8.124206,6.9149876,6.7775087,6.799097,6.8171325,8.905004,8.685113,8.96928,8.927656,6.7528515,7.1644654,7.2754292,7.150479,8.040172,8.172513,8.390999,8.270966
30,5.8412824,5.673799,5.740222,5.485997,4.7713265,5.856738,5.6634083,5.0082965,5.375545,4.5005703,6.275533,6.0531335,5.492124,7.1735253,7.4429035,6.052253,3.6173182,2.771113,4.3084054,4.112552,4.2436047,4.6192913,3.5594428,3.2242572,4.338722,4.0193753,4.3460026,4.153092,4.829066,2.747566,0.0,2.2239034,7.8797774,8.254146,8.042397,8.519737,7.4911556,8.621631,8.512239,9.116706,6.088241,7.2716236,6.430442,6.4663606,7.7702045,7.3114057,8.420321,7.082595,7.243781,7.58981,7.233428,7.294554,7.2278347,6.683737,7.277643,8.103395,6.638138,7.2400584,8.01982,8.632589,7.4461527,7.9170504,7.007204,7.5179944,7.3367977,7.9196377,7.044911,6.4035635,6.9885483,8.103985,8.384597,8.782198,5.492158,5.186965,7.2734437,7.1950464,7.570341,5.703072,5.667624,5.667624,6.830777,5.482164,5.482772,6.995585,5.8387218,6.4917426,5.6527267,7.3124795,6.90472,6.8554397,8.961629,8.315243,6.685566,7.5844073,5.9542384,6.1180983,7.6587257,9.762198,9.156747,9.907723,9.636728,8.618213,9.467134,8.981376,10.362555,10.160547,11.03582,11.97139,7.7803864,8.227954,9.422576,9.419996,7.858217,7.5001655,7.877425,7.491385,8.989298,8.863724,9.195054,9.157017,7.621488,7.959991,8.013354,7.9016185,9.149058,8.764649,8.799968,9.057944
31,5.7731967,5.170394,5.235385,4.713265,3.7787263,5.144828,4.9478436,4.1187315,4.9925437,4.0137043,5.617034,5.298179,4.4770956,6.4376726,7.069333,6.1376543,3.4738028,3.125685,4.5144453,3.9970906,4.6956167,4.55437,3.8671064,3.4086068,3.6987529,3.767891,4.0921693,4.000556,4.477651,2.4045196,2.2239034,0.0,7.952827,8.1247225,7.900253,8.403308,7.1748104,8.554608,8.687519,9.284108,6.6605372,7.0698524,6.400583,6.6403303,7.467685,6.94896,8.2483425,6.843591,6.967563,7.787373,6.7765846,7.359974,6.6200614,6.022845,6.7497582,7.540704,6.0838904,6.748302,7.4936666,8.456844,7.6725225,7.7654285,6.7909775,7.315968,7.4413953,7.732539,6.8258185,6.1897016,6.331551,7.7690067,8.153408,8.192481,4.7130427,5.0805383,7.210443,7.270653,7.025937,4.9336643,4.883751,4.883751,6.2352386,5.250359,4.94863,6.7019386,5.349405,6.0634246,5.1623735,6.8123565,6.8506575,6.5887465,8.851249,7.890253,6.508121,7.9529395,6.119544,6.361434,7.7633314,9.056148,8.463898,9.147291,8.707464,8.17383,8.639021,8.31652,9.9533415,9.522084,10.329252,11.382575,6.861539,7.3401504,8.613631,8.628534,6.897193,6.696668,7.192961,6.7153015,8.325728,8.221381,8.801434,8.762869,6.900821,7.31527,6.939702,6.835139,8.508278,8.116575,8.025264,8.298915
