,0,1,2,3,4,5,6,7,8,9,10,11,12,13,14,15,16,17,18,19,20,21,22,23,24,25,26,27,28,29,30,31,32,33,34,35,36,37,38,39,40,41,42,43,44,45,46,47,48,49,50,51,52,53,54,55,56,57,58,59,60,61,62,63,64,65,66,67,68,69,70,71,72,73,74,75,76,77,78,79,80,81,82,83,84,85,86,87,88,89,90,91,92,93,94,95,96,97,98,99,100,101,102,103,104,105,106,107,108,109,110,111,112,113,114,115,116,117,118,119,120,121,122,123,124,125,126,127
0,0.0,3.2012575,4.400933,4.980313,3.3636765,3.352633,3.396774,4.9295735,7.8467836,6.5714703,7.202364,7.7424026,7.6462812,7.7858033,5.365827,6.598488,8.176491,8.269229,8.468792,8.048022,8.531829,8.3678255,7.183815,7.515636,7.122767,10.049625,7.4214153,6.957329,8.020965,7.99202,6.896829,6.900333,7.356278,8.208996,7.100405,7.8309956,5.7745404,8.250305,7.238814,6.8074684,7.493432,6.0203333,7.332449,7.559806,6.8174205,6.8100476,6.9832006,6.1276684,6.875634,8.45027,7.9168983,8.527001,7.9532876,7.118089,6.4386616,6.4001074,6.3672442,7.6211557,7.567347,7.6930714,7.4421425,7.4421425,8.003986,7.9840927,9.431388,9.6379385,9.598152,9.46759,6.7891593,6.5039062,6.682136,7.5811954,7.434224,6.6578226,7.616177,6.7951984,7.6424966,7.562005,7.5333295,7.6657763,7.5718303,7.427571,7.479233,6.7531796,7.5711303,7.356396,7.566351,7.5346704,7.393593,6.6966,7.7936287,7.7583084,6.8395796,6.859067,7.808507,6.804137,8.136145,8.234923,4.3950152,5.4787555,6.2393837,6.7014947,6.0525475,6.0352993,7.656647,6.9943314,6.1649723,6.2427835,6.1256647,5.2344284,6.376029,6.119725,5.2265034,5.243496,6.132945,6.4179754,5.001218,6.056371,5.28567,5.5767574,5.6621203,7.5352798,5.8973227,6.6271076,6.108132,6.940221,8.186079,6.6629868
1,3.2012575,0.0,6.7743387,6.6910744,4.539699,4.459886,4.5290484,6.996655,8.267371,7.1769404,7.736359,8.121153,8.963645,9.109174,5.83161,7.0619516,9.376717,9.485694,9.650417,8.850429,9.654849,9.49875,8.445958,8.716614,8.511107,11.182968,8.859233,8.411281,8.707593,9.143157,8.268305,8.301616,8.271321,9.001484,7.44339,8.9935255,7.3234053,9.362129,8.55124,8.130485,8.683413,7.5605254,8.178155,8.763235,7.4024734,7.8439612,7.1261053,7.6864376,7.9121,9.602016,8.639697,9.054778,9.37134,8.593236,7.9386215,7.9101253,7.8311443,8.405307,8.344739,8.476126,8.346144,8.346144,8.705316,8.701001,9.580435,9.535576,9.489914,9.500043,7.3223524,7.5753326,7.76506,8.611609,8.293767,7.6420064,8.07826,7.787213,8.589502,8.034299,8.049672,8.711244,8.488362,8.375104,8.45872,7.7435803,8.493504,8.417778,8.526381,8.489389,8.442768,7.744284,8.777306,8.742614,7.8716884,7.8893037,8.690672,7.8664737,9.365753,9.41938,6.4245653,7.4782867,8.00668,8.309486,7.6796007,7.7061663,8.441839,8.159427,7.8497095,7.993287,6.9855995,6.447858,7.4266725,7.186473,6.6851745,6.7482624,7.168933,7.1491833,6.4623466,7.6199417,6.5746613,6.80675,6.504104,8.342142,7.892948,8.643579,7.7559505,7.2788315,8.870137,7.330551
2,4.400933,6.7743387,0.0,5.4907026,5.8154817,5.7961745,5.7976966,3.5097413,7.983771,6.8951793,7.403061,8.014179,6.7801948,6.9352126,6.032261,7.2190394,7.221932,7.306753,7.5642524,7.733399,7.7720666,7.6556525,7.0183253,7.352953,7.9054465,9.606871,6.6251993,6.4995737,7.9306183,8.474083,7.2371254,7.340109,6.931299,7.784334,6.620298,7.5636415,5.1830645,8.203711,6.8075037,6.714121,6.9828577,5.5849247,6.9548025,7.232966,6.320747,7.165465,7.7332306,5.9314604,6.53184,7.850958,7.3303623,8.153982,7.4117923,6.653351,5.812783,5.7645693,5.817381,7.111454,7.0356817,7.026261,7.004071,7.004071,7.5779157,7.5584116,9.127031,9.341702,9.301548,9.055718,6.3023014,6.1762958,6.4060454,7.22408,7.3408246,6.4575863,7.434543,6.5775824,7.5020523,7.3400393,7.3574452,7.4686384,7.1605897,6.9775896,7.5067244,6.747793,7.4872956,7.2660456,7.4064736,7.4287543,7.29181,6.6227875,7.7518024,7.728408,6.5595484,6.5693793,7.674408,6.6138473,7.5928993,7.7023764,4.4621067,4.65336,5.7721834,5.972283,4.9063735,4.893072,7.589682,6.2196827,4.9124074,5.156447,6.320411,5.502682,6.3035884,6.0318394,4.9702997,4.9174657,5.6249394,5.9188924,4.4922366,4.1349344,4.9308767,5.1894307,5.3103933,6.0537343,5.4345274,5.4820065,5.159338,6.527064,6.9852095,5.9600887
3,4.980313,6.6910744,5.4907026,0.0,4.6122127,4.575182,4.5485544,4.569349,8.719855,8.0681715,8.5624895,7.9904394,7.5409365,7.5881395,6.611357,7.99739,8.122134,8.157224,8.458204,8.441415,7.828154,7.6464243,5.3009706,6.7817717,5.983802,9.220881,7.2386203,5.9700713,7.227256,7.899081,6.8507032,6.792884,7.4077034,8.218693,7.104645,7.8443584,5.8005786,8.242743,7.292722,6.855858,7.6389384,6.077831,7.2241507,5.180807,7.500811,7.363432,7.687703,6.008135,7.973111,8.277055,7.659362,8.822826,7.6201096,7.731028,6.211836,6.173864,6.1812725,7.575468,7.522264,7.6815963,8.260141,8.260141,7.8941865,7.871749,10.432477,10.681805,10.636702,10.5954,8.36411,7.9994655,8.145099,8.830895,8.860015,8.159416,8.878417,8.070225,9.052561,8.976079,8.968181,8.624458,8.814233,8.725792,8.84408,8.267836,8.959713,8.765961,8.885406,8.858437,8.780976,8.203455,9.152814,9.129259,8.328543,8.326328,9.133237,8.247839,8.595886,8.719375,5.463757,6.122467,6.7452664,7.2853627,6.656405,6.4918547,8.62436,8.336589,6.501852,7.224466,7.681764,6.8570185,7.505706,7.6858883,5.7059717,5.753377,6.688466,6.957311,5.6001663,6.504526,5.714673,6.019105,6.605036,8.113607,6.6572504,7.162258,6.6246986,7.4780607,8.419754,7.1541133
4,3.3636765,4.539699,5.8154817,4.6122127,0.0,0.27780288,0.28508815,4.6708364,7.263623,6.4765387,6.925963,6.9202743,7.773036,7.8100863,5.558233,7.0063725,7.7513213,7.856456,7.9161596,7.504322,7.823485,7.6493955,6.9888573,7.176241,6.214962,9.336682,6.652095,6.337723,7.382427,7.1779203,6.002142,5.825831,6.6279397,7.5309606,6.3585424,7.1291556,4.8394513,7.4438553,6.5661154,6.0663924,7.1743164,5.1125436,6.572602,6.9349422,7.148882,5.630996,6.06188,5.042367,6.6711116,7.5207467,7.2352495,7.6078897,7.8865123,7.2427874,5.5778627,5.534666,5.5030346,7.1859603,7.1531916,7.348357,7.919509,7.919509,7.52192,7.5245223,9.554217,9.831709,9.783961,9.670579,7.3893695,6.8144193,6.9761558,7.8497305,7.706283,6.916345,7.920359,7.097525,7.876601,7.901399,7.870963,7.512878,7.770793,7.669728,7.708272,6.9282336,7.792589,7.530643,7.7973313,7.749283,7.568703,7.0176764,8.049728,8.015344,7.207901,7.219152,8.035383,7.0786924,8.292283,8.382431,4.8910036,5.7513714,6.254773,6.744839,6.1770697,6.173345,7.730997,7.3470697,6.374534,6.8112345,7.0443134,5.978302,6.33778,6.7345443,5.0379252,5.091421,6.5482135,6.829485,5.393861,6.3998733,5.0722036,5.437571,5.7617116,8.270337,6.1548295,6.8804393,6.616146,7.3610096,8.098079,7.0903015
5,3.352633,4.459886,5.7961745,4.575182,0.27780288,0.0,0.3019681,4.6805096,7.2001047,6.4032707,6.8435698,6.823991,7.7968335,7.857416,5.539381,7.0064,7.763544,7.876918,7.9426055,7.5170984,7.8033996,7.6256866,6.9597316,7.183008,6.3074765,9.311823,6.6596003,6.3318486,7.368606,7.2373533,6.0514874,5.893187,6.5926456,7.499492,6.2861185,7.118679,4.8093667,7.4537177,6.550133,6.05127,7.103996,5.0907874,6.545619,6.8373404,7.0874367,5.630088,6.019663,5.056678,6.6670046,7.5514903,7.2206597,7.6052713,7.877533,7.2448406,5.592637,5.549995,5.50873,7.167664,7.1333504,7.310084,7.9200425,7.9200425,7.529758,7.5336466,9.494229,9.789924,9.738294,9.594257,7.357486,6.793098,6.9548564,7.8383136,7.6872096,6.8958926,7.880381,7.064642,7.86198,7.8623114,7.8359675,7.4735255,7.776986,7.672272,7.654046,6.8852553,7.7776823,7.504556,7.7811933,7.737841,7.531933,7.0002913,8.041764,8.006964,7.176723,7.18714,7.981894,7.0183907,8.326398,8.415062,4.9337234,5.7799363,6.306035,6.758802,6.1969614,6.1830187,7.75432,7.327323,6.3839073,6.8293343,7.0273843,6.000645,6.339671,6.7485414,5.0074153,5.0576987,6.5806046,6.846458,5.37576,6.418891,5.0344687,5.429791,5.7003117,8.195961,6.1403975,6.8730383,6.6400924,7.348275,8.094863,7.0952754
6,3.396774,4.5290484,5.7976966,4.5485544,0.28508815,0.3019681,0.0,4.691933,7.246809,6.4689875,6.87504,6.826537,7.7819157,7.823868,5.5666814,6.9977055,7.733005,7.858788,7.8724556,7.456519,7.7930164,7.6177626,6.927569,7.141801,6.191847,9.235824,6.670778,6.3319697,7.3466873,7.2005353,5.957223,5.7921247,6.590273,7.489218,6.2724123,7.1148415,4.8137937,7.4096203,6.5671306,6.0636206,7.1892505,5.102748,6.5447426,6.8331237,7.1295953,5.588039,5.976632,4.995057,6.5892506,7.4634857,7.195427,7.5326533,7.8310466,7.2575774,5.57521,5.533349,5.505964,7.155671,7.1250877,7.2947617,7.891037,7.891037,7.4947057,7.4956193,9.516523,9.7774315,9.726645,9.599591,7.347438,6.796559,6.962564,7.8394923,7.695422,6.9009686,7.888346,7.073742,7.8705664,7.8739953,7.853708,7.548779,7.733764,7.6345763,7.734786,6.925481,7.7823405,7.5306745,7.7883754,7.740411,7.569785,7.039934,8.081793,8.0452795,7.205334,7.2154665,8.041942,7.088247,8.344424,8.433689,4.947224,5.781151,6.2585,6.7699933,6.1609344,6.172726,7.7147284,7.329047,6.343746,6.802079,7.082224,5.9679985,6.324232,6.725852,5.0717673,5.124023,6.5382543,6.8046064,5.4269953,6.4000835,5.098612,5.448138,5.691809,8.256076,6.2234063,6.9188623,6.58182,7.3359656,8.049073,7.055148
7,4.9295735,6.996655,3.5097413,4.569349,4.6708364,4.6805096,4.691933,0.0,7.959298,7.315925,7.586798,7.640881,6.9968596,6.7038493,5.9601364,7.4878554,6.934218,6.8331313,7.18273,7.270758,7.251238,7.1214375,6.6567817,6.939729,6.7974744,8.9457655,5.626251,5.4634676,7.58277,7.610479,6.762886,6.6648264,6.6542087,7.506274,6.439351,7.0900655,4.752796,7.5680494,6.5078883,6.1250725,7.2218246,5.0512896,6.28427,6.803027,6.8469715,6.3702164,7.09624,5.036279,6.9439464,7.4381895,7.0967236,7.992163,7.8016963,6.7763624,5.095599,5.0269594,5.061508,6.6389623,6.5723915,7.017341,7.1156545,7.1156545,6.748556,6.6897163,9.453763,9.982384,9.921146,9.897839,7.873335,6.8336983,7.01917,7.8467045,7.887727,7.043705,8.096004,7.170008,8.029868,8.116301,8.113673,7.463967,7.685416,7.629865,7.7570734,7.054557,7.9895754,7.583015,7.920093,7.913195,7.586333,7.2004547,8.26738,8.237404,7.2204003,7.219331,8.000947,6.904673,6.906493,7.042686,4.6891603,4.930043,4.982168,5.7968926,4.6446285,4.680207,7.6658177,6.649593,4.88861,5.5809097,6.6272693,5.3058457,6.185323,6.290053,4.3296523,4.295894,5.817729,6.1813517,3.9052687,4.627265,4.344542,4.930731,5.9344525,7.2201195,5.8130865,6.2053294,5.9380584,6.7603345,7.500802,6.164263
8,7.8467836,8.267371,7.983771,8.719855,7.263623,7.2001047,7.246809,7.959298,0.0,4.4799175,3.8480241,4.1230726,6.204519,6.487637,6.30584,5.096209,4.081239,4.180096,4.953628,4.309114,3.9983306,4.054731,6.9045506,4.9079437,7.96507,7.3884873,6.277339,6.389595,6.847247,6.267143,7.2361617,7.1253366,5.259463,4.7065387,6.896862,4.8624873,5.8642335,6.201834,5.318393,5.830084,6.0801888,5.6655674,6.1838555,7.3831444,5.901294,5.738026,6.387291,7.159948,5.7710476,5.2478228,6.6565485,5.5117173,7.4549184,5.2116804,5.1531377,5.161736,5.4127073,4.8889074,4.918817,5.186283,6.1757755,6.1757755,5.696579,5.754883,6.85124,6.4319134,6.610795,5.8759737,6.4523244,6.0529504,5.6321316,5.175866,4.8291483,5.591033,5.7788253,5.5024796,4.972073,4.889295,4.834484,4.545488,6.2457767,5.971926,5.5171237,5.1806936,4.9296517,5.6184945,4.883293,5.0350494,5.222831,6.002722,5.42575,5.397133,5.498819,5.5007033,4.316375,6.13791,7.788945,7.6818924,7.569194,6.7629766,7.638459,6.630743,5.8324943,5.791509,5.2611,5.2014413,6.508463,6.269456,6.9176636,6.638114,5.0058403,5.5766525,7.1096244,7.078282,7.8419704,7.9400744,7.292595,7.1276026,7.030922,7.226812,6.5349817,6.922237,6.568257,6.5599537,7.428673,8.068068,7.1132574,8.102707
9,6.5714703,7.1769404,6.8951793,8.0681715,6.4765387,6.4032707,6.4689875,7.315925,4.4799175,0.0,2.781923,3.7455173,5.802728,6.111286,5.9401765,4.215733,6.1755705,6.444239,6.6197243,6.0851684,6.187156,6.0432796,5.830293,6.392553,7.031587,8.620898,5.0787807,5.189962,5.80352,7.287243,6.118333,5.9886484,5.062088,6.500826,6.903233,6.5490847,5.627272,7.663174,4.9809885,5.538959,4.755717,5.335036,7.8182006,7.065896,5.514545,5.5249233,7.7690663,6.9951286,6.792774,6.7998114,6.1513977,5.4321146,6.366885,6.221984,6.926697,6.9061575,7.2435203,6.606717,6.527252,6.6387534,7.296632,7.296632,7.3628325,7.40501,9.213965,8.900669,9.046244,8.530389,5.591538,5.421589,4.9847946,4.2859774,4.073905,5.0414853,3.8388925,4.8946667,4.180842,4.10939,4.0077424,4.170889,6.083673,6.0271683,4.5724792,4.315361,4.17653,3.8621614,4.1570854,4.2095714,4.2213845,5.103411,4.4545126,4.3974285,4.8308444,4.9072084,4.8796215,4.459412,7.257292,7.1897097,6.4512467,6.115747,5.9333844,4.4837976,5.388963,5.2964716,5.792103,5.721767,5.0407596,4.7975817,6.574467,6.2750454,5.379115,4.73663,5.7863836,5.7272606,6.540172,6.8055043,5.9888906,6.1015806,5.759719,5.8409414,4.8975835,5.5813656,5.7664976,6.29984,6.013935,7.01482,5.9865274,6.765775
10,7.202364,7.736359,7.403061,8.5624895,6.925963,6.8435698,6.87504,7.586798,3.8480241,2.781923,0.0,2.2064352,5.9310236,5.9035215,5.9583673,3.9702337,5.2761784,5.566713,5.458206,4.899521,5.184624,5.1251698,6.209066,5.6653805,7.223546,6.980585,5.564945,5.6984987,5.5796585,7.130604,6.421266,6.248764,4.8839087,5.6783886,6.6564207,5.937879,5.6423755,6.959018,5.079756,5.761432,5.996767,5.3410425,7.067315,7.067771,5.8369317,5.48254,7.033772,6.9034796,5.866309,5.986178,6.453837,4.791594,6.492154,5.9312806,6.6338987,6.6198335,6.988164,6.1650286,6.1224666,6.4721823,6.629205,6.629205,6.762382,6.780362,7.877992,7.736249,7.8606834,7.168164,6.0509167,5.458165,4.979856,4.385231,4.167662,5.0202994,3.5751889,4.871317,4.1959896,3.6061487,3.5895607,4.2788258,5.8494105,5.8862987,4.5685515,4.161127,4.124812,4.021866,4.1483006,4.258859,4.026382,5.5369062,5.0012403,4.898564,4.988317,5.029735,4.3031926,4.6326957,7.158795,7.0688977,7.354479,6.7885942,6.570328,5.3271947,5.3530846,5.3563523,5.705551,5.4593873,5.4304247,5.322194,7.525516,6.6666174,5.110977,5.168665,6.319375,6.2373605,7.2368164,7.413014,6.536709,6.5267487,6.3650584,6.5889034,5.4003506,6.25245,6.348351,6.742611,6.9307632,7.671934,6.2880363,7.5203304
11,7.7424026,8.121153,8.014179,7.9904394,6.9202743,6.823991,6.826537,7.640881,4.1230726,3.7455173,2.2064352,0.0,6.263395,6.1087646,6.2260356,4.513315,5.2387857,5.5939345,5.2723575,4.597552,4.713445,4.6233125,5.3326025,5.2015347,6.597477,6.3588533,5.4612665,5.175613,5.1776633,6.9247193,6.1902065,5.9879904,4.8683558,5.5776567,6.583507,5.844791,5.6744614,6.7131305,5.1707616,5.7249475,6.3090515,5.377141,6.9664226,5.996271,6.3023906,5.1917853,6.721311,6.7176003,6.0109777,5.61142,6.3335795,4.5789213,6.2756376,6.3687215,6.5781326,6.5676847,6.9404783,6.0246916,5.996123,6.3823304,6.964108,6.964108,6.5735826,6.574867,8.336784,8.119221,8.224016,7.667449,6.7300487,6.156169,5.7281265,5.2271137,5.0310907,5.7221518,4.4387193,5.501761,5.075527,4.65491,4.6524315,5.009598,6.3298697,6.4464064,5.5020413,5.03297,4.9561167,4.9731746,4.964812,5.0279655,4.990158,6.251558,5.8032603,5.709732,5.834255,5.8616486,5.220901,5.5144835,7.4996214,7.4166765,7.75285,7.2135754,6.7495327,5.7573724,5.674643,5.6642804,5.845313,5.98753,5.6583767,5.9629645,7.973547,6.9163995,5.3495255,5.6790032,6.6072693,6.5522394,7.3973756,7.5599875,6.8185005,6.9995656,6.623528,6.7915845,5.7670426,6.924981,6.9343634,7.311039,7.171284,7.843161,6.5911827,7.7075763
12,7.6462812,8.963645,6.7801948,7.5409365,7.773036,7.7968335,7.7819157,6.9968596,6.204519,5.802728,5.9310236,6.263395,0.0,1.88401,5.373673,3.9337804,4.6880503,5.165875,5.437517,5.9024076,5.9472923,5.9449124,4.7932477,4.272852,6.329179,7.4552994,6.1688743,5.6490026,4.956716,6.660779,6.2409987,6.1938033,5.6527753,6.4018025,7.2184787,6.658779,6.2725945,7.9444847,5.593661,6.49146,5.637626,6.1010485,7.6258163,7.817017,6.078104,7.454323,8.974489,7.6786575,7.8620887,6.547259,6.1291246,6.427388,7.2453494,6.491147,6.8111186,6.7988367,7.2060237,5.9551487,5.8582945,6.0785017,7.124714,7.124714,6.678237,6.6686573,9.3994,9.010451,9.144798,8.811433,6.8711467,7.0397887,6.7328577,6.1039333,6.2453127,6.877588,5.8692446,6.6901383,6.3533587,5.9612417,5.9566293,6.1278634,7.090285,7.233848,6.86084,6.6699324,6.3429966,6.518803,6.228571,6.302199,6.5239916,7.021453,6.633611,6.564959,6.5889993,6.6118913,6.5947185,6.632111,7.27549,7.2153745,7.2475133,6.8129053,6.694726,5.25656,5.3326626,5.104366,6.4400125,7.3932514,5.4813437,5.740102,7.859175,7.5788097,6.5092773,6.3664403,6.8797016,6.869287,6.721882,6.9219065,6.4394417,5.796588,6.8492937,6.8747606,6.4320254,4.610355,6.6384106,7.091298,6.4475293,7.1254797,5.7524037,6.8585405
13,7.7858033,9.109174,6.9352126,7.5881395,7.8100863,7.857416,7.823868,6.7038493,6.487637,6.111286,5.9035215,6.1087646,1.88401,0.0,5.5484905,3.9311497,4.501514,4.587599,4.965268,5.4337006,5.442314,5.4405537,4.7507424,4.162074,5.7010827,6.827678,5.6909127,5.1856017,4.4051504,6.2936893,6.258982,6.0006537,5.4468675,6.2025294,7.052083,6.4838195,6.1660213,7.6114874,5.4671173,6.3819165,6.5114217,5.92229,7.2158933,7.6065884,6.136577,7.0899196,8.690665,7.3613644,7.596351,6.251177,6.023644,5.9491124,6.902184,6.374251,6.6958704,6.6721654,7.137555,5.946916,5.85014,6.552107,6.759552,6.759552,6.3066325,6.270902,9.138947,8.761724,8.8960085,8.880955,7.0491467,6.7437196,6.4144936,5.7375193,5.9302206,6.526852,5.4384727,6.366004,6.0125837,5.5927224,5.575788,5.904991,6.7329764,6.9019475,6.595558,6.334163,5.9664907,6.157202,5.8739595,5.9112077,6.171315,6.73622,6.339135,6.265775,6.397863,6.422548,6.4019527,6.429201,6.1150393,6.053338,7.0390434,6.5603385,6.203605,4.835681,4.842524,4.628478,5.9934487,6.9534025,4.9991646,5.301513,7.866065,7.1473107,6.045965,5.9897346,6.605761,6.5981226,6.341289,6.5680394,6.1134453,5.409276,6.6168017,6.599388,6.4753656,5.2968493,6.913284,7.300731,6.626175,6.888099,5.469848,6.639071
14,5.365827,5.83161,6.032261,6.611357,5.558233,5.539381,5.5666814,5.9601364,6.30584,5.9401765,5.9583673,6.2260356,5.373673,5.5484905,0.0,4.3048034,6.52492,6.822516,7.0275097,6.6439586,7.2646103,7.2876096,6.6825457,6.2877502,7.895252,8.946418,7.645868,7.226209,6.799741,8.142769,7.863294,7.7993364,7.2398005,7.817894,7.083678,8.01648,6.080882,9.065937,7.2892733,7.876785,7.505021,6.4015245,7.31167,7.9607725,7.537774,7.061115,7.889207,7.6742167,6.994872,7.960803,8.03036,7.193081,8.720727,7.8819227,6.8930626,6.8446827,6.8702292,7.4102964,7.345177,7.6451774,8.119532,8.119532,7.8157725,7.804229,8.426461,8.106097,8.087861,8.188455,5.4505825,5.368637,5.5235753,6.5401626,6.4311767,5.551572,6.0237584,5.675836,6.4898996,6.1343284,6.1361265,6.4242935,5.8423467,6.006948,7.0037274,5.9548464,6.4963665,6.645462,6.446202,6.4762225,6.6996393,5.8990426,6.977261,6.905352,5.558248,5.5502625,6.7099757,5.8301153,7.3894625,7.320229,6.5085435,7.0956006,7.6348157,6.579327,5.3984528,5.3670683,6.806749,6.8767667,5.7403064,6.713708,6.9617443,6.803839,5.946835,6.40913,7.0247736,7.036853,7.0214486,7.2383995,6.655619,5.1811233,6.8839784,6.9744344,6.873146,6.0046916,7.2727537,8.140281,6.976309,7.5508637,6.5274763,7.1313877
15,6.598488,7.0619516,7.2190394,7.99739,7.0063725,7.0064,6.9977055,7.4878554,5.096209,4.215733,3.9702337,4.513315,3.9337804,3.9311497,4.3048034,0.0,5.1339064,5.5062757,5.419213,4.893891,6.0054073,5.9901385,5.2685895,4.774581,6.386256,7.639368,6.4330096,5.9617405,5.2180123,6.9716578,6.2539577,6.2028174,5.741755,6.5112085,7.305334,6.770622,6.4289804,7.7894206,5.8505387,6.6105275,6.633126,6.1941357,7.754917,7.8064775,6.1927104,6.3771863,7.9092746,7.65343,6.790908,6.5301895,6.8406944,5.414434,7.0593543,6.6702356,7.197208,7.182365,7.5545015,6.3493066,6.276965,6.656819,6.8862314,6.8862314,6.921198,6.886928,8.619504,8.177538,8.330414,8.025511,5.9587603,6.0058374,5.61718,5.01584,4.8792305,5.6442785,4.262385,5.532909,4.958056,4.423062,4.3673906,5.243631,6.1516175,6.278926,5.65643,5.2243266,4.881434,5.0309186,4.8800554,4.9126472,5.1838336,5.9714766,5.47302,5.377086,5.6087246,5.6568136,5.4738235,5.6130567,7.1833696,7.071201,7.280169,7.1618505,6.6427526,5.356422,5.269141,5.2398067,5.562678,6.4009132,5.4360504,5.4859004,7.35827,6.5050607,5.557307,5.195757,7.0114317,6.998958,6.825742,7.0359926,6.5360174,6.0716486,7.0228014,7.0517554,6.208406,5.6860757,7.0126257,7.5966845,6.778754,7.343746,6.310372,7.156957
16,8.176491,9.376717,7.221932,8.122134,7.7513213,7.763544,7.733005,6.934218,4.081239,6.1755705,5.2761784,5.2387857,4.6880503,4.501514,6.52492,5.1339064,0.0,2.005906,1.7147015,2.3499985,2.9377313,3.0336883,5.802424,2.6241033,6.498666,6.2361426,5.3227506,5.3062453,5.9096212,5.0153947,6.016331,5.960913,4.771502,3.840208,6.5470686,3.9636757,5.4322214,5.1386924,4.8164845,5.4229283,6.3537917,5.195508,5.384392,7.079557,5.739643,5.7720866,6.4243574,6.307335,4.964888,3.0544431,5.7001615,5.272136,6.2636952,4.138843,4.2725754,4.288047,4.7430377,3.3517032,3.38009,4.080775,4.976022,4.976022,4.332322,4.291807,6.973914,6.889149,7.009381,6.4421577,7.1481752,6.777438,6.4313564,5.868008,5.8898597,6.370784,6.336738,6.3527775,5.990142,5.9033246,5.828925,5.4774923,6.5389395,6.6953135,6.29802,6.0799723,5.907113,6.452999,5.825931,5.9109416,6.0152187,6.662896,6.182171,6.125109,6.5285864,6.533063,5.365637,6.6806574,7.00022,6.940526,7.272401,6.242387,6.5809603,5.7470593,4.6276083,4.4475384,4.898561,5.3445535,5.634111,5.7496014,7.730488,6.5964932,4.6236587,5.5227556,6.498945,6.473998,7.0456386,7.1877594,6.2982273,6.387403,6.5303855,6.7508826,6.322175,6.5267115,6.2830677,6.1608615,6.994216,7.583599,6.8320966,7.696788
17,8.269229,9.485694,7.306753,8.157224,7.856456,7.876918,7.858788,6.8331313,4.180096,6.444239,5.566713,5.5939345,5.165875,4.587599,6.822516,5.5062757,2.005906,0.0,2.737432,3.1306765,2.151302,2.2971206,6.153003,3.3551402,6.627307,5.9680023,5.4280314,5.4213905,5.948355,5.1788096,6.70142,6.4655247,4.7333198,3.8088453,6.5274835,3.9576366,5.445525,5.123317,4.7778263,5.42973,7.024398,5.1598,5.0477767,6.971247,5.6502542,5.7898273,6.497741,6.3253584,5.5158257,3.8790646,6.0281873,5.169631,6.555446,4.42969,4.1428847,4.1411257,4.6383696,3.996103,4.0101714,5.082691,5.086796,5.086796,4.452252,4.42622,6.652887,6.568762,6.728665,6.4812593,7.275022,6.4890227,6.109892,5.4832625,5.5279307,6.0562606,6.3072834,6.0124793,5.6324234,5.4991164,5.42654,5.0847845,6.588348,6.3726864,5.9750094,5.7708845,5.5313377,6.138654,5.4585023,5.545113,5.664823,6.418915,5.8868456,5.8643436,6.2177815,6.2183385,5.080367,6.73907,6.320656,6.2557726,7.0879674,5.974641,6.7297335,5.9155397,4.78213,4.614664,5.050947,4.982307,5.7237825,5.489999,7.490563,6.3071084,4.7755027,5.6067376,6.5732236,6.5551043,7.1149163,7.2551036,6.392638,6.0522127,6.6038275,6.812805,6.7229133,6.9593587,6.6109486,6.2161174,7.3873844,7.6332097,6.8287206,7.7405214
18,8.468792,9.650417,7.5642524,8.458204,7.9161596,7.9426055,7.8724556,7.18273,4.953628,6.6197243,5.458206,5.2723575,5.437517,4.965268,7.0275097,5.419213,1.7147015,2.737432,0.0,1.5922728,3.4553258,3.458836,6.057633,3.238059,6.216132,5.846002,5.471844,5.5255327,5.9138904,5.2649918,5.5747514,5.55055,4.712255,3.9222639,6.4652457,4.155761,5.4565806,4.8616166,4.9121656,5.5511255,7.142694,5.2017126,5.5382767,7.139283,6.1871624,5.278997,6.1570964,5.995583,4.4956937,2.351459,5.8344464,4.589707,5.8570437,4.9196672,4.820868,4.83642,5.3260417,4.051952,4.0769424,4.740994,5.5167823,5.5167823,4.9896336,4.9074373,7.28386,7.33041,7.417469,6.819963,7.4310675,7.0888324,6.759397,6.171324,6.266152,6.635731,6.5460176,6.6909566,6.320335,6.2209063,6.1422954,5.945133,6.9165144,7.092819,6.567426,6.307372,6.185337,6.6252675,6.1568995,6.1886435,6.221901,6.972906,6.512792,6.4487634,7.0335793,7.050288,5.9224267,7.023517,7.415318,7.367235,7.6201944,6.6670294,6.6781545,5.907755,4.9578614,4.780663,5.224178,5.5341997,5.883951,6.0211606,8.570164,6.822328,4.832141,5.945748,6.807712,6.793803,7.3269053,7.4708405,6.5730677,6.6599393,6.908421,7.0925713,6.4634056,7.2070737,6.979139,6.730229,7.5171547,8.011605,7.2986417,8.204469
19,8.048022,8.850429,7.733399,8.441415,7.504322,7.5170984,7.456519,7.270758,4.309114,6.0851684,4.899521,4.597552,5.9024076,5.4337006,6.6439586,4.893891,2.3499985,3.1306765,1.5922728,0.0,3.6489148,3.6060796,6.0816464,3.4742894,6.228087,6.1007814,5.4391103,5.4665914,6.0651393,5.172536,5.598815,5.557557,4.6994433,3.9399962,6.4295645,4.100151,5.4767976,4.708803,4.9420414,5.4078445,7.1617436,5.1941023,5.5142713,7.031658,6.0835495,4.7403684,5.4445033,5.9254107,4.1690063,2.6339073,5.911865,4.433409,5.946919,4.981729,4.890611,4.9058776,5.3420377,3.9824822,4.0145082,4.7371316,5.3677816,5.3677816,4.8643146,4.775402,7.202097,7.058858,7.1514535,6.6525927,7.144329,6.824893,6.4692426,5.932145,5.871937,6.298507,6.208243,6.3686967,5.9508214,5.871045,5.777128,5.7322106,6.6306343,6.7976503,6.3298206,5.972889,5.7893686,6.3479147,5.792769,5.810624,5.967002,6.6612825,6.1736917,6.1078305,6.7523036,6.7731295,5.625927,6.8143764,7.36052,7.30064,7.5082474,6.6918383,6.6113787,5.9563613,5.018509,4.897137,4.6299663,5.101711,5.919213,6.019321,8.011483,6.189491,4.308918,5.401153,6.7510786,6.746274,7.1140146,7.2524858,6.4815354,6.8761125,6.8234315,6.9483356,6.293128,7.3867264,6.9965334,6.872908,7.4036202,7.765688,7.3903556,8.005007
20,8.531829,9.654849,7.7720666,7.828154,7.823485,7.8033996,7.7930164,7.251238,3.9983306,6.187156,5.184624,4.713445,5.9472923,5.442314,7.2646103,6.0054073,2.9377313,2.151302,3.4553258,3.6489148,0.0,0.6055608,5.6612997,3.5159183,6.4797893,5.643268,5.3994193,5.118527,5.511277,5.427644,6.8046174,6.497415,4.646289,3.826155,6.448929,4.0520644,5.390765,5.196098,4.7574735,5.4232306,6.990218,5.0939245,5.0963426,5.7698884,5.824511,5.6062446,6.431668,6.330707,5.444599,3.9727492,6.061432,4.958846,5.970509,4.560901,4.3706665,4.3675404,4.8388467,4.485941,4.509288,5.4980326,5.54274,5.54274,4.936316,4.950231,6.6122985,6.6006484,6.753928,6.442885,7.3172293,6.38324,5.981839,5.3473573,5.400704,5.918101,6.0277486,5.759595,5.490582,5.33167,5.2554717,4.8386483,6.561278,6.356597,5.6881957,5.52435,5.370322,5.903505,5.293025,5.380245,5.42567,6.2905602,5.748738,5.725961,6.1207347,6.1190586,4.873327,6.5112066,6.4849396,6.4188933,7.234426,6.1231356,6.9975514,6.080303,5.168361,4.9501405,5.3628044,5.103997,5.8095016,5.754322,7.874674,6.772911,4.901047,5.897471,6.537045,6.510073,7.4506154,7.5781317,6.6852274,6.418876,6.577117,6.8304706,6.62501,7.315926,6.6862807,6.327544,7.6214805,7.944392,6.871139,8.075115
21,8.3678255,9.49875,7.6556525,7.6464243,7.6493955,7.6256866,7.6177626,7.1214375,4.054731,6.0432796,5.1251698,4.6233125,5.9449124,5.4405537,7.2876096,5.9901385,3.0336883,2.2971206,3.458836,3.6060796,0.6055608,0.0,5.4288054,3.4548066,6.2135987,5.4538074,5.074553,4.7782626,5.302995,5.073957,6.47078,6.154335,4.190498,3.427189,6.1159935,3.6430573,5.0133185,4.8092694,4.285889,4.974571,6.68824,4.6749406,4.807049,5.366425,5.5085382,5.207953,6.138903,5.9262967,5.312529,3.7843168,5.6856914,4.81369,5.513331,4.4437456,4.249106,4.24792,4.7246156,4.347378,4.35725,5.3600273,5.568017,5.568017,4.9835353,4.9923205,6.8038936,6.7563205,6.8884573,6.569483,7.1826134,6.330131,5.9117255,5.245572,5.3125305,5.831412,5.960486,5.668965,5.4129167,5.2932158,5.197777,4.713634,6.6130066,6.401245,5.523313,5.4351826,5.2691374,5.849875,5.19855,5.269935,5.3309126,6.106484,5.5361533,5.5179625,6.0684776,6.073154,4.826847,6.4058824,6.396764,6.348262,6.942243,5.823884,6.84001,5.8066697,5.1581736,4.814848,5.161714,4.9058433,5.7363243,5.6568584,7.71119,6.581918,4.671906,5.81554,6.247211,6.229296,7.18636,7.3172107,6.404534,6.4235754,6.303863,6.522232,6.316082,7.1455684,6.4827895,6.1030993,7.497187,7.6873207,6.848008,7.9391575
22,7.183815,8.445958,7.0183253,5.3009706,6.9888573,6.9597316,6.927569,6.6567817,6.9045506,5.830293,6.209066,5.3326025,4.7932477,4.7507424,6.6825457,5.2685895,5.802424,6.153003,6.057633,6.0816464,5.6612997,5.4288054,0.0,4.169987,4.0411677,7.0735745,5.2228775,3.4564302,4.333465,6.2979083,4.980435,4.9113793,5.2821527,6.4264116,7.0174565,6.3223276,5.812808,7.1014037,5.170164,5.461652,5.758451,5.5025554,7.5374904,4.465694,6.059217,6.2974663,8.071267,6.478797,7.5459495,6.2897096,5.7956724,6.423132,5.13579,6.4905605,6.7209563,6.712359,7.1225767,6.1290507,6.0422964,6.3220067,7.2906585,7.2906585,6.886695,6.8415184,10.290485,10.125917,10.217262,9.914096,7.668681,7.563573,7.244546,6.6427054,6.744583,7.2865343,6.3829637,6.958938,6.8848195,6.8150606,6.7499456,6.5625024,7.863802,7.999201,6.953666,6.883105,6.756436,6.7005024,6.673654,6.6564612,6.7805605,7.2668405,6.8895273,6.8363967,7.3240786,7.361919,7.2255783,6.9450607,7.546019,7.563638,6.668554,6.394086,5.7927065,5.048905,5.731073,5.3627434,6.5857677,7.3529177,5.2867947,5.7448397,7.8730845,6.877289,6.3772955,6.231836,6.012847,6.019573,6.294464,6.587691,5.668186,6.599481,6.098536,6.139732,5.8203998,6.296816,6.4409957,6.8722878,6.2069936,7.007341,6.965027,6.93837
23,7.515636,8.716614,7.352953,6.7817717,7.176241,7.183008,7.141801,6.939729,4.9079437,6.392553,5.6653805,5.2015347,4.272852,4.162074,6.2877502,4.774581,2.6241033,3.3551402,3.238059,3.4742894,3.5159183,3.4548066,4.169987,0.0,5.0943904,5.612,5.661164,4.7854743,5.1748953,4.4147377,5.400978,5.317081,4.8664565,4.2520866,6.6637754,4.182754,5.5139985,5.209713,4.8341565,5.240735,6.235354,5.2246194,5.6480126,6.011908,5.7757554,5.9431977,6.539525,6.207371,5.7375135,3.9456563,5.7364035,5.9196424,5.8490267,4.4978476,4.748531,4.7675467,5.1846175,3.812877,3.8241081,4.4602656,5.3158283,5.3158283,4.771367,4.7070303,7.8019104,7.68834,7.7844014,7.31576,7.5206537,7.1759324,6.8156595,6.2732935,6.2694654,6.795334,6.5923867,6.61626,6.412757,6.341544,6.273227,5.972574,7.0559206,7.222564,6.59628,6.469688,6.280276,6.8027544,6.2022815,6.2553034,6.397571,6.9920263,6.5503345,6.483949,6.9013634,6.905604,5.9052806,6.980805,7.187508,7.1615396,7.0039496,6.27403,6.5297375,5.8289127,5.1168733,4.80044,5.239838,6.1962066,5.81535,6.0180764,7.71201,6.602715,5.063892,5.832739,6.4210587,6.421632,6.889164,7.058746,6.158361,6.867676,6.5153937,6.698803,6.300087,6.667445,6.247216,6.4299636,6.88794,7.448961,7.2176166,7.6318026
24,7.122767,8.511107,7.9054465,5.983802,6.214962,6.3074765,6.191847,6.7974744,7.96507,7.031587,7.223546,6.597477,6.329179,5.7010827,7.895252,6.386256,6.498666,6.627307,6.216132,6.228087,6.4797893,6.2135987,4.0411677,5.0943904,0.0,7.350989,5.11272,3.9247112,5.0358596,5.166066,3.6045487,3.0095491,5.488218,6.595751,7.263135,6.187934,5.987927,6.2457466,5.3821726,5.127688,7.176099,5.5432925,7.4331417,6.0860577,6.77909,5.6899753,7.488144,5.550816,7.441406,5.835869,5.798504,6.454105,5.3047056,6.5347605,6.5852046,6.577491,7.05948,6.4485283,6.402195,7.032047,7.281158,7.281158,6.786588,6.718786,10.844325,10.842809,10.927357,10.861427,8.880062,8.316931,8.034254,7.4326763,7.524168,7.99118,7.5119467,7.882681,7.669498,7.8357196,7.7428966,7.496596,8.555856,8.695413,7.7131615,7.5804863,7.492411,7.362489,7.4900713,7.384427,7.448723,7.9535522,7.5811677,7.5314145,8.309553,8.355849,8.196568,7.9262877,7.5706463,7.65212,6.423409,6.26449,5.0505953,5.4096866,6.180019,5.9659185,6.854079,7.8560266,6.0163665,6.1168337,8.608287,6.717679,6.54337,6.5168414,5.785901,5.840116,6.332574,6.6833863,5.7175326,7.376288,6.0453267,6.0392222,6.1719365,8.461197,6.968641,7.3177557,6.875856,7.3745775,7.918919,7.3848405
25,10.049625,11.182968,9.606871,9.220881,9.336682,9.311823,9.235824,8.9457655,7.3884873,8.620898,6.980585,6.3588533,7.4552994,6.827678,8.946418,7.639368,6.2361426,5.9680023,5.846002,6.1007814,5.643268,5.4538074,7.0735745,5.612,7.350989,0.0,7.6359963,7.180416,7.1572547,6.455417,7.701884,7.309863,6.1233625,5.6517873,7.6672792,5.8798556,6.797298,6.3177714,6.2735505,6.8969483,8.835384,6.5218906,6.73251,6.934274,8.184258,6.7302427,7.780474,7.206451,7.6147676,6.330878,7.758474,6.918095,7.366188,7.7056518,7.3977065,7.402697,7.7605424,7.283748,7.309306,8.017476,8.203401,8.203401,7.812147,7.726511,9.442631,9.115344,9.10558,8.808008,9.310035,8.198672,7.7719135,7.324872,7.4115567,7.8351994,8.020978,7.5424953,7.4109983,7.567411,7.62226,7.534666,8.31732,8.164816,7.974935,7.6540604,7.216688,8.011171,7.219217,7.258,7.4555993,8.390033,8.076056,8.004122,7.9970584,7.9800725,7.260217,8.416621,8.188773,8.182761,9.040377,8.151392,8.759318,7.7741094,7.4918904,7.1548867,7.089381,7.3128266,7.7758956,7.8284287,9.800736,8.3924675,6.9221854,8.333088,8.857463,8.830933,9.084726,9.2320795,8.869057,9.043758,9.016327,8.908388,8.412818,9.0473175,9.172498,8.957333,9.383214,9.578701,8.748736,9.773748
26,7.4214153,8.859233,6.6251993,7.2386203,6.652095,6.6596003,6.670778,5.626251,6.277339,5.0787807,5.564945,5.4612665,6.1688743,5.6909127,7.645868,6.4330096,5.3227506,5.4280314,5.471844,5.4391103,5.3994193,5.074553,5.2228775,5.661164,5.11272,7.6359963,0.0,1.9975291,5.511398,5.090869,4.5624313,4.095221,3.8443835,5.2517037,6.2057343,4.6502175,4.35371,5.2864585,3.3329372,3.090282,4.673528,3.7380648,6.182494,5.931084,5.1265783,4.712354,6.6928864,4.4947677,6.440421,5.0338244,4.1220737,5.992219,4.836856,4.813351,5.2211967,5.2014804,5.679712,4.987897,4.890506,5.6203637,6.1810956,6.1810956,5.604276,5.5979576,10.083713,9.902538,9.981836,9.847643,7.5967913,7.0805054,6.715335,6.1008353,6.152879,6.701233,6.1648645,6.6567154,6.2642555,6.4786963,6.336955,5.7922463,7.347679,7.5099072,6.342438,6.317217,6.166334,6.1954126,6.110844,6.087518,6.189473,6.4957485,5.9835887,5.95391,6.8334765,6.884139,6.6329465,6.333015,6.0187535,6.1132183,5.4959917,4.5228333,3.9365542,3.5302484,4.9241295,4.5196867,5.351563,5.63181,4.7478843,4.762878,6.646113,5.550986,4.8703723,4.9291506,3.7848086,3.7454438,4.790198,5.243404,3.973133,6.362659,3.9157038,3.8321524,4.5020723,6.703299,4.6486406,4.869219,5.323406,5.8063893,6.4366198,5.9010887
27,6.957329,8.411281,6.4995737,5.9700713,6.337723,6.3318486,6.3319697,5.4634676,6.389595,5.189962,5.6984987,5.175613,5.6490026,5.1856017,7.226209,5.9617405,5.3062453,5.4213905,5.5255327,5.4665914,5.118527,4.7782626,3.4564302,4.7854743,3.9247112,7.180416,1.9975291,0.0,4.816316,4.953795,4.2761154,3.8500373,4.042579,5.414265,6.2883086,4.8650603,4.54439,5.5213933,3.6215448,3.367622,4.799261,3.9771874,6.3290873,4.755609,5.12233,4.9101386,6.8519673,4.7248154,6.6824174,5.2564025,4.378958,6.112034,4.4472027,4.948281,5.3451977,5.326918,5.7949977,5.0006285,4.904262,5.6154246,6.1512423,6.1512423,5.6035295,5.570799,10.0761175,9.950581,10.030967,9.899317,7.6700463,7.0994864,6.7391214,6.1292353,6.17943,6.744309,6.1477647,6.5665946,6.325428,6.5278363,6.4048715,5.8456855,7.398654,7.556422,6.3165307,6.3043213,6.2019005,6.170097,6.131234,6.099645,6.1848917,6.570768,6.1092043,6.0719285,6.8509746,6.8966427,6.649105,6.331973,6.0562434,6.145626,5.378214,4.6525283,3.8528645,3.5664206,4.8075566,4.375777,5.473079,5.9820185,4.4734344,4.6701517,6.633195,5.4490685,5.035798,4.9401445,3.928104,3.9082153,4.8358054,5.2792797,3.8728125,6.2483974,4.0837073,4.093029,4.63424,6.54187,4.878041,5.262819,5.2513766,5.821482,6.532693,5.858572
28,8.020965,8.707593,7.9306183,7.227256,7.382427,7.368606,7.3466873,7.58277,6.847247,5.80352,5.5796585,5.1776633,4.956716,4.4051504,6.799741,5.2180123,5.9096212,5.948355,5.9138904,6.0651393,5.511277,5.302995,4.333465,5.1748953,5.0358596,7.1572547,5.511398,4.816316,0.0,6.6113153,5.5403776,5.2169414,4.1336265,5.5688167,5.3245955,6.3283033,5.591764,7.1608186,4.800832,5.761211,6.4568615,5.293532,6.6524234,5.899037,5.1625853,6.542496,7.686207,6.6251993,7.321988,6.147823,4.6010275,4.6808863,5.3187957,6.901577,7.069643,7.0537186,7.524429,6.299708,6.1605434,6.8546357,7.4866962,7.4866962,6.947553,6.982136,9.045493,8.7860565,8.892839,8.7783575,6.894731,7.373798,7.086201,6.3433084,6.569857,7.0168877,4.9086914,6.8696284,6.731424,5.4046426,5.3449435,6.2891493,7.870323,7.9905386,6.5607877,6.6403384,6.5736694,6.5583143,6.54598,6.520754,6.5422454,6.976932,6.590562,6.540509,7.2499967,7.297826,7.0643177,6.7804837,7.1767716,7.1631727,7.228917,6.953649,7.0722446,5.487251,6.4386177,5.9485235,6.935976,7.623973,6.231866,6.5906773,9.108465,8.21865,6.6140795,7.126904,5.8229413,5.8880396,6.346676,6.302708,5.9304943,6.3382125,5.829081,5.9129653,5.2208986,5.866424,7.1855826,7.476429,7.613398,6.524542,5.6495504,7.06702
29,7.99202,9.143157,8.474083,7.899081,7.1779203,7.2373533,7.2005353,7.610479,6.267143,7.287243,7.130604,6.9247193,6.660779,6.2936893,8.142769,6.9716578,5.0153947,5.1788096,5.2649918,5.172536,5.427644,5.073957,6.2979083,4.4147377,5.166066,6.455417,5.090869,4.953795,6.6113153,0.0,5.352076,4.784108,4.753009,4.156949,6.6965885,3.41679,5.29784,4.001948,4.3559794,4.2103715,6.2018394,4.8433075,5.1004534,6.807422,6.0782,5.159733,5.8721704,5.1968036,6.2595863,4.439695,5.0243716,7.0667105,5.700174,4.51603,4.868546,4.889961,5.198296,4.5280433,4.5472937,5.5122895,6.1038156,6.1038156,5.514631,5.482535,9.415522,8.813999,8.845318,8.915892,8.212099,7.701361,7.3070307,6.7934866,6.731089,7.215593,7.7464323,7.1685257,6.9095273,7.4685936,7.323534,6.68459,7.5990562,7.754036,7.2701507,7.2388754,6.738863,7.7733765,6.7082715,6.669299,7.20974,6.9474673,6.4420013,6.411493,7.427719,7.443717,6.7368407,7.7102213,6.7363195,6.8140745,6.018284,5.18566,6.507734,5.7961283,6.2217193,5.5705595,4.404936,6.0052924,6.78664,6.702989,7.0077896,6.1776876,4.529742,6.0364666,6.0171485,6.0790944,6.21723,6.4540358,6.177662,8.310952,6.1588717,5.8197203,6.2772193,8.073675,6.286416,6.436962,7.125149,6.8501787,7.91578,7.590888
30,6.896829,8.268305,7.2371254,6.8507032,6.002142,6.0514874,5.957223,6.762886,7.2361617,6.118333,6.421266,6.1902065,6.2409987,6.258982,7.863294,6.2539577,6.016331,6.70142,5.5747514,5.598815,6.8046174,6.47078,4.980435,5.400978,3.6045487,7.701884,4.5624313,4.2761154,5.5403776,5.352076,0.0,1.1425389,4.264625,5.6422205,6.3157897,5.197748,4.849979,5.2035265,4.0989003,3.7912245,5.531638,4.3866405,7.057785,6.455653,5.871766,4.741018,6.513027,4.3632774,6.406031,4.74385,4.7083282,5.79123,4.6529293,6.202062,6.1270947,6.144356,6.605937,5.699744,5.63081,5.550499,7.336959,7.336959,6.907442,6.858544,10.768955,10.817,10.8699875,10.238652,8.150939,8.477577,8.193473,7.586113,7.6725993,8.110442,7.5500093,8.12785,7.802496,7.8134046,7.698909,7.435364,8.898897,9.035559,7.6231894,7.6364026,7.6302047,7.5133038,7.643026,7.5711403,7.5032797,7.959171,7.532614,7.485491,8.4574995,8.517506,8.158156,7.8850884,8.8969345,8.974805,6.5313406,6.21035,5.41169,5.2992096,6.46512,6.1052175,6.8715634,7.542921,6.461202,6.403249,8.695991,6.913635,6.4055386,6.710028,5.413542,5.46423,6.263793,6.565307,5.382371,7.591955,5.6747723,5.7153845,4.947888,7.579282,5.961316,6.1041656,6.492716,7.2485247,8.1196575,7.5724893
31,6.900333,8.301616,7.340109,6.792884,5.825831,5.893187,5.7921247,6.6648264,7.1253366,5.9886484,6.248764,5.9879904,6.1938033,6.0006537,7.7993364,6.2028174,5.960913,6.4655247,5.55055,5.557557,6.497415,6.154335,4.9113793,5.317081,3.0095491,7.309863,4.095221,3.8500373,5.2169414,4.784108,1.1425389,0.0,4.052064,5.4870825,6.234492,4.9888053,4.6441436,5.007156,3.81773,3.5153012,5.58921,4.117195,6.773109,6.2563257,5.8707786,4.470344,6.416312,4.1255436,6.3666763,4.6600447,4.4790525,5.641504,4.48843,5.964099,5.9293137,5.9386845,6.4273734,5.69491,5.632955,5.8276124,7.156065,7.156065,6.674538,6.6363916,10.704538,10.604047,10.664415,10.244733,8.006701,8.086858,7.777854,7.1575356,7.2447605,7.709095,7.1819572,7.7140765,7.3667717,7.45573,7.3391266,7.1377764,8.436638,8.573235,7.3963284,7.3241453,7.190844,7.188332,7.2066107,7.122712,7.1914053,7.5764627,7.134609,7.0863285,8.052577,8.110422,7.8787622,7.6115727,8.194917,8.280593,6.140765,5.7686505,5.0689917,4.945147,6.1964927,5.8387885,6.4043956,7.2236595,6.1291847,6.076408,8.345548,6.609466,6.006991,6.3591022,5.155027,5.2075496,5.859887,6.2102237,5.284754,7.419755,5.418184,5.307069,4.864008,7.691315,5.842903,6.0317726,6.243282,6.9353056,7.66698,7.2079725
