,0,1,2,3,4,5,6,7,8,9,10,11,12,13,14,15,16,17,18,19,20,21,22,23,24,25,26,27,28,29,30,31,32,33,34,35,36,37,38,39,40,41,42,43,44,45,46,47,48,49,50,51,52,53,54,55,56,57,58,59,60,61,62,63,64,65,66,67,68,69,70,71,72,73,74,75,76,77,78,79,80,81,82,83,84,85,86,87,88,89,90,91,92,93,94,95,96,97,98,99,100,101,102,103,104,105,106,107,108,109,110,111,112,113,114,115,116,117,118,119,120,121,122,123,124,125,126,127
0,0.0,6.1062093,4.7298465,4.266291,4.297373,4.5615973,5.8244348,5.7968144,5.5886526,6.521632,5.9299965,5.943603,6.3767214,6.184028,4.457782,5.278971,5.811403,5.9633894,4.2183704,4.1921377,7.550821,8.468739,6.656602,4.062998,5.2548866,3.5988724,5.086095,5.2309556,6.131296,3.588905,3.8966343,3.8151782,5.742694,5.7561107,5.7018256,6.012334,6.5525813,6.7723103,5.1814313,5.055883,7.2014856,8.300675,7.2597327,7.685827,8.027937,8.706557,7.439863,6.4287534,6.5723433,6.586962,7.570041,7.9499607,7.7336173,5.7578645,7.311968,7.0266337,6.9335275,6.1484933,8.046138,5.4809484,6.8237925,8.868109,8.373812,8.689393,8.790367,8.084957,8.704426,6.4613247,7.85098,6.66885,7.0029864,8.547958,7.1383677,6.880791,6.796622,7.3705764,5.7969613,4.413419,8.428758,7.1929297,7.601066,7.5033355,5.3413806,7.087708,3.9759212,4.0926456,6.9098864,6.730529,4.6403556,4.0317497,7.784001,6.363736,5.630501,5.5103326,6.011776,6.923302,7.2148423,7.205076,8.12139,8.001916,7.8061695,8.057072,6.7278733,7.079433,6.952303,6.7157884,7.6657095,7.876173,6.6155024,7.983392,5.5986075,5.9864573,6.5413747,5.987954,7.15262,6.8959336,6.2922993,7.432152,7.0676856,6.4178443,7.2861505,6.414111,5.9361205,6.550852,3.6832798,5.6132045,5.705923,5.740402
1,6.1062093,0.0,4.7277985,4.720284,6.85471,6.9947724,6.875727,7.811049,6.0520906,6.741197,5.7771726,7.5197515,4.0019217,6.438711,6.780967,7.0909925,7.968007,7.2579703,6.5325837,6.031722,6.1661186,7.5338674,8.605852,7.1152277,7.333586,6.45754,7.223709,7.2901597,7.68294,6.780345,6.818186,6.959696,5.6813774,5.586016,5.516183,5.890558,7.784816,8.642476,6.917454,6.825752,8.629853,9.2827015,8.624467,8.234432,9.303689,9.263826,8.366481,8.047694,8.030956,7.867147,9.090789,9.543249,9.1175585,7.5671306,9.663792,9.366732,6.6481495,5.958553,8.161361,6.589876,6.722039,9.01739,8.438074,8.754421,9.974486,9.350697,9.749997,7.891814,9.544837,8.686587,8.60144,9.780534,7.7359986,8.39433,8.311089,8.353146,7.4891524,6.0700502,7.2548776,8.506015,7.658735,6.5444317,7.905708,8.16851,8.426064,8.772164,6.35269,8.61666,5.3727846,5.436484,8.398827,7.0684342,7.909254,6.434341,7.803406,8.861057,6.7075324,5.768468,6.8477426,6.697114,6.239137,6.9285393,6.3249226,5.8855453,8.701978,8.441021,6.327573,7.9261293,7.2713866,6.6829267,6.575407,6.575775,7.059386,7.3979993,8.35084,8.149766,6.9613028,7.9275317,5.0758147,6.548307,7.4174037,8.40187,8.50627,8.021519,6.4915056,7.384724,7.685686,7.7827935
2,4.7298465,4.7277985,0.0,1.1738871,6.95479,7.1298366,4.4866734,6.3530293,5.723001,6.3708153,5.4723496,5.953562,3.7732267,6.1299243,5.0338163,5.2120953,7.7805705,6.9954643,5.184557,5.1806474,8.374278,9.293344,7.5653315,6.0777326,6.158884,4.3787847,5.9745674,6.068513,6.830776,6.231129,6.2908893,6.455944,6.1455965,6.0636005,6.0156436,6.3746314,6.8222294,6.9236917,5.2498407,5.2252398,7.62036,8.243076,7.521824,6.959992,8.239079,8.288271,7.785604,7.1460924,7.174035,7.1554728,8.130354,8.205072,7.9403343,6.208227,8.6956625,8.378411,5.6075997,4.725695,7.135233,5.5930347,5.0564556,7.759709,7.2068796,7.595369,9.017014,8.288886,8.929509,6.4802837,8.474109,7.5373025,7.651464,8.784433,6.4574976,7.285951,7.1648583,9.00774,6.0557833,5.3239384,8.474093,7.081896,8.159012,6.6217833,6.412403,8.863498,7.235119,7.313487,7.711519,7.673443,5.111642,5.1094456,8.937288,7.5795403,6.988323,4.666511,6.796839,7.9274592,8.516344,7.632673,8.4307165,8.190811,8.022671,8.396133,8.306292,7.5100236,7.498585,7.334717,7.3236303,8.4284935,6.6873865,8.143505,5.892819,5.6772447,5.6875143,5.7119145,8.555072,8.471915,6.4027233,7.6057944,5.715077,7.193851,7.9725714,7.327873,7.1637797,6.9824157,4.994502,6.185823,6.2537355,6.5885925
3,4.266291,4.720284,1.1738871,0.0,6.1525435,6.3521233,4.62191,6.096019,5.6083655,6.2759676,5.504326,5.8682823,3.7058375,5.983971,4.7063594,5.1267333,7.284345,6.751382,5.0565205,5.0409036,8.094381,8.995282,7.366,5.6421905,5.9836698,4.063625,5.8554173,5.936957,6.4535513,5.712499,5.8191137,5.9295506,6.0527425,6.018008,5.9662786,6.3057833,6.62715,6.710805,5.1555448,5.1484795,7.2912054,8.081192,7.4453163,7.0435295,8.192965,8.192778,7.717868,6.7663784,7.091351,7.005568,7.874304,8.025354,7.793828,5.586299,8.285426,7.946766,5.59704,4.656171,7.0568757,5.173686,4.835015,7.6100955,7.0811944,7.457402,8.814205,8.135158,8.768431,6.426743,8.382398,7.405238,7.574087,8.5663595,6.1669965,7.0275054,6.6474476,8.487244,5.9399815,5.2072945,8.380469,7.0280857,7.808251,6.4988146,6.260803,8.252311,6.7242527,6.8052616,7.319061,7.3122373,5.10879,4.9223275,8.6795025,7.3313737,6.721758,4.8055496,6.7597346,7.7440166,8.014772,7.3887296,8.181529,8.222114,8.055826,8.190607,7.8409467,7.259293,7.5180035,7.357771,7.128273,8.385594,6.461718,7.896451,5.651353,5.349277,5.4540033,5.7338743,8.225678,8.102609,5.7774353,6.9728127,5.382311,6.8637257,7.817588,7.2663836,7.1667047,6.8460836,4.893388,6.2228656,6.083001,6.4912014
4,4.297373,6.85471,6.95479,6.1525435,0.0,1.4701002,7.349292,6.485634,5.2961664,5.6540976,5.91642,6.255749,6.3929205,5.7748113,4.48304,5.8808274,4.8367667,5.652378,5.3376236,5.213276,5.817386,6.6078334,6.3171525,4.91072,5.9403934,4.7933006,6.1319,6.300431,6.942592,4.38364,4.433165,4.331131,5.627146,5.6160383,5.563972,5.775781,5.584594,6.4811344,5.5172906,5.5193596,7.28648,8.679924,7.1991453,8.483169,8.233005,8.648401,7.072088,6.19969,6.5774465,6.5979834,6.7144265,7.3467526,6.8967733,5.082634,5.880572,5.7486553,8.076154,7.4699454,8.283444,6.814291,7.2152815,8.591702,8.243725,8.580935,8.148568,7.3662744,8.665632,6.54758,7.976957,7.242062,6.6555877,7.871204,6.4325614,6.001232,6.304698,5.649659,6.1626887,5.499437,7.137876,7.329098,6.8382764,7.719139,6.199142,5.9392715,4.4762945,4.851443,5.490911,6.522265,5.408617,4.7039704,6.688207,5.474446,6.0168295,7.0834007,7.077123,7.72035,5.22556,5.9210205,6.2418957,8.355848,7.750816,6.8685904,5.2460947,6.008987,7.2308254,7.5554447,6.872975,7.2597566,7.08201,7.2741785,6.4894133,6.4260836,7.1558347,7.16994,6.6980786,6.583456,6.8058515,6.757228,6.4102707,5.545711,7.012852,7.2544045,6.6564274,6.31287,5.7279005,7.163319,5.8652186,7.0320287
5,4.5615973,6.9947724,7.1298366,6.3521233,1.4701002,0.0,7.038328,6.6949687,5.1250567,5.5995646,5.838671,5.9871335,6.5780764,5.9358463,4.7549424,5.727617,4.330481,5.5097623,4.9528365,4.830084,5.2485,6.144126,5.735997,4.3321013,5.6023946,4.5296197,5.7851696,5.968079,6.2430105,3.9602563,3.9371455,3.8175423,5.371346,5.3916197,5.3537765,5.368461,5.329967,6.2671514,5.790563,5.79268,7.20419,8.183279,7.2228384,8.455605,7.7045727,8.138832,6.8779564,5.9589267,6.5314155,6.5707254,6.3563776,7.0844617,6.830113,5.3175163,5.618074,5.6548977,7.8726,7.225257,7.972102,6.969844,7.1149116,8.766585,7.667879,8.021822,8.145054,7.392332,8.656699,6.705881,7.82272,7.049255,6.652809,7.783334,6.3878894,6.021966,6.2081866,4.708566,6.070997,5.5003753,6.980902,7.2861958,6.9657373,7.857782,6.170233,5.8432455,4.73735,5.095661,5.651858,6.655862,5.416173,4.7137146,5.928325,5.022013,5.806851,6.88945,6.740264,7.5491743,4.920719,5.6665597,6.0362244,8.291322,7.4755173,6.7100716,5.192362,5.797353,7.1242013,7.370553,6.6232085,7.0093317,7.0869803,7.192911,6.5324574,6.423576,7.101691,7.1859417,6.626385,6.52917,6.799803,6.5751753,6.265079,5.501281,6.7639165,7.0354285,6.4506555,5.918033,5.796298,6.8998103,5.850073,7.014577
6,5.8244348,6.875727,4.4866734,4.62191,7.349292,7.038328,0.0,6.9282994,5.395122,5.826244,5.510345,6.102368,4.9147115,6.1224627,5.703242,4.7552567,6.7547097,6.5948033,4.1146073,4.3326616,7.7884455,8.402894,6.4398775,5.3404403,5.8234086,4.109881,5.3403335,5.545726,5.9876957,5.5086737,5.5711436,5.717055,6.0690913,5.9959164,5.996613,6.0960493,5.563221,5.8655796,5.6754208,5.705758,7.3988714,7.5341916,6.9773803,6.4474053,7.0434775,7.5836606,6.670412,6.003865,6.630927,6.870593,6.7576413,6.9682374,7.304621,6.395211,7.534042,7.9085712,5.171419,4.585112,5.613054,5.5629563,4.412352,7.4357195,5.6875196,6.079108,8.893218,8.276716,9.345282,7.7099037,8.10504,7.547726,7.830341,8.195778,6.139882,6.942398,5.8196983,7.5412645,5.451805,5.587065,7.917206,7.0558386,8.954396,7.1366363,5.532025,9.001265,7.488018,7.519835,8.662358,8.180775,6.357269,6.361558,7.994572,7.274162,7.624391,4.222451,5.403313,8.315367,8.112109,7.2408514,7.7130656,9.660008,8.012384,7.418597,8.294704,7.6818504,5.2590384,5.326127,6.042147,6.595469,6.86234,8.15886,6.1582394,6.104224,5.60343,6.1226673,7.633199,7.7513056,6.965866,6.8678675,5.762153,7.5258417,7.803774,7.325874,6.1607037,6.327862,5.705794,5.777556,5.741785,6.5992737
7,5.7968144,7.811049,6.3530293,6.096019,6.485634,6.6949687,6.9282994,0.0,6.332558,6.988736,6.509954,5.8798456,6.89568,6.2358823,4.7077813,5.8440914,6.7516413,6.5075946,5.7369857,5.5555296,8.581703,9.3119135,7.6351533,6.407411,6.812425,5.337477,6.581398,6.6484795,8.106118,6.279277,6.2230635,6.3792124,6.781109,6.822092,6.793907,7.1221,6.81138,6.761132,5.9325356,5.919442,6.1382637,7.0891113,4.6590724,5.4382987,6.249777,7.1567574,7.985625,8.002557,6.955694,6.815856,7.1369557,7.340064,7.2670493,7.271188,7.8431582,7.6235743,7.73426,7.2732873,8.520607,7.567604,7.138027,6.484485,8.374656,8.753255,6.4040227,7.2044888,9.00144,6.9294467,7.221116,7.49583,6.131172,6.5299926,7.321697,6.6979184,8.56768,9.041272,6.446774,6.197366,8.152015,6.827625,7.160626,7.606282,6.7717996,8.557601,6.7111187,6.7830205,7.6523566,7.550953,6.4248776,6.3231025,8.641147,7.442322,7.1233215,7.2588625,7.4900284,5.150896,8.786653,8.243371,8.53428,9.945016,9.0992155,8.478023,8.596171,8.267328,8.295003,8.425691,8.657378,9.256335,7.3415594,8.824089,6.1250625,6.69249,7.087146,6.9810557,8.690393,8.735763,8.296519,8.783579,7.9149604,7.3730564,8.478595,7.6981273,7.511579,7.2613115,6.209936,6.9762506,6.677227,7.39367
8,5.5886526,6.0520906,5.723001,5.6083655,5.2961664,5.1250567,5.395122,6.332558,0.0,2.5983365,1.1967347,3.3535745,4.956477,2.4972134,4.5003977,2.407038,4.618087,4.5234175,4.243616,3.2639034,5.099121,6.3443875,5.526727,4.677275,3.9289885,3.693587,3.733614,3.932917,5.3245397,4.866795,4.516342,4.7340965,4.3441095,4.3890815,4.279281,4.272282,4.987351,5.7807918,4.825752,4.820965,7.65508,8.833507,6.832248,7.131655,7.312522,7.8755827,5.227452,6.5209436,6.5347285,6.4528146,5.1488843,5.8657136,5.5864787,5.177053,5.8837876,5.606185,5.9261737,5.9786763,7.4509354,6.99175,5.808618,7.2174573,7.220162,7.800302,7.1095567,6.5260305,8.338894,4.7600713,6.8206306,6.0812035,5.1974864,6.890954,4.7511225,4.598933,6.0509286,5.6083727,4.766793,4.1692386,4.8385024,5.3099437,6.0826516,5.124763,3.7427366,6.388562,6.5875974,6.9174976,4.504973,6.2640944,4.3574967,4.2717886,5.378781,5.039365,6.4035616,5.19164,5.850055,7.5757604,4.9709477,3.8635495,4.5736437,6.983536,5.2238903,4.7786417,6.5428395,6.4350543,4.7799087,5.152884,4.34317,4.815504,7.008864,5.8916554,6.093411,6.1950107,6.4526153,6.044271,5.6765943,5.7617064,7.0835004,6.963526,5.687725,5.6914916,5.440114,5.570846,4.331055,4.358482,5.4714556,5.6851315,3.7284462,6.9183154
9,6.521632,6.741197,6.3708153,6.2759676,5.6540976,5.5995646,5.826244,6.988736,2.5983365,0.0,2.6919298,4.2604747,4.9087152,3.5604615,4.648455,3.3392649,5.448672,5.402459,4.6391616,4.2921987,4.9238086,5.1941338,4.2971034,5.692248,4.440032,4.718835,4.4337997,4.5773067,6.1218276,5.780517,5.362784,5.6562524,3.802792,3.6258128,3.5939639,3.6307614,3.690709,4.3988233,3.753856,3.791447,6.913176,8.202321,5.964418,6.582697,6.6420355,7.000352,3.433823,5.44796,5.3460584,5.1876216,4.047424,4.505963,4.1080146,5.0758557,4.987929,4.5912457,6.2121706,6.242398,6.2418914,7.4618235,5.169829,6.231194,6.20213,6.718959,6.7031274,5.4538593,8.38936,5.2519584,6.1111693,6.2064886,4.814109,6.2597675,3.4525979,3.4487817,5.5444245,5.8277187,3.8815303,4.502293,4.2094016,5.055557,6.1481743,5.703693,4.5302086,6.745512,7.1617084,7.4154587,5.046901,6.4098363,5.0546026,4.977932,4.993096,4.553896,6.187519,5.1374044,5.939839,7.793176,5.7108746,4.7426505,4.006182,7.57999,6.0641932,4.619184,6.102174,6.2396603,4.8219776,6.103263,4.4253573,5.014638,6.1170096,5.3366203,5.7953997,5.860158,5.987149,5.803601,5.665312,6.166388,7.2981997,6.5635448,5.1050777,5.296826,5.3827415,6.060273,4.542145,4.1101937,6.370366,6.2910547,3.9988031,6.8748636
10,5.9299965,5.7771726,5.4723496,5.504326,5.91642,5.838671,5.510345,6.509954,1.1967347,2.6919298,0.0,3.393368,4.679961,2.5314968,4.644621,2.5351336,5.428985,4.8212976,4.51404,3.6483183,5.28786,6.537994,5.957445,5.2810783,4.009472,4.018673,3.949883,4.0923467,5.792942,5.4160914,5.0366416,5.3165317,4.3994026,4.389838,4.268841,4.370451,5.3234386,5.948603,4.7517376,4.7416697,7.939914,9.008015,6.9882536,7.3389616,7.5060244,7.9304047,5.18331,6.9399767,6.603273,6.4568825,5.5172496,6.0460424,5.8456116,5.442385,6.7295637,6.3133793,5.6785088,5.7282248,7.5048523,7.177775,5.5943437,7.2920537,7.3286266,7.8269434,7.185413,6.516137,8.326362,4.6719117,6.7979407,6.02313,5.528714,6.8631215,4.9129086,4.711422,6.358773,6.146659,4.7388887,3.9955873,4.696157,5.167956,5.8018103,4.734611,3.868034,6.691406,6.9363422,7.2303367,4.423801,6.241857,4.3064055,4.417678,5.783798,5.35329,6.5422797,5.3100195,5.843963,7.7958975,5.3353643,3.9642637,4.642578,6.689497,5.363479,5.1071677,6.8633075,6.55357,4.975041,5.166401,4.410892,4.9739113,6.9558225,5.862082,5.9826794,6.065811,6.2642193,5.879531,5.815944,5.9011703,7.2747993,7.2686515,5.52387,5.621623,5.613935,5.6629424,4.7759423,4.7240114,5.8586917,5.9061623,4.38641,7.153319
11,5.943603,7.5197515,5.953562,5.8682823,6.255749,5.9871335,6.102368,5.8798456,3.3535745,4.2604747,3.393368,0.0,6.2273035,4.1953874,3.6861207,2.2569873,4.844783,4.144994,4.1498837,3.8145752,6.91197,7.908895,5.536112,4.627659,3.5537083,3.7818499,3.4959514,3.634198,5.6843543,5.475576,4.92495,5.243159,5.498541,5.4781275,5.4186687,5.4232926,5.563425,5.43834,4.930217,4.8982573,8.2117815,8.848519,6.997218,7.6109443,7.2556767,7.806428,5.5480633,7.2106147,6.130692,6.0366063,4.7331514,4.8795757,5.1234236,5.751406,6.3187537,5.997714,5.6505976,5.632034,7.615674,7.468802,5.8967505,7.833066,7.1364284,7.585043,6.5208607,5.8264575,7.7100916,3.649461,5.7723784,4.7084846,4.7744627,6.1888065,5.227134,4.1474032,7.198989,6.812469,4.9149084,4.5308805,6.787587,5.1629643,6.061691,6.8094544,4.301893,7.0578427,6.75849,6.845973,5.5501466,5.517705,4.9442363,4.973967,5.9027133,5.682078,5.7599,6.038466,6.337524,7.112994,7.198913,6.162558,6.7450886,8.483547,7.0813284,7.070597,8.399621,8.053853,6.5564837,6.472753,6.943904,7.5037403,7.0612187,7.365006,6.1515856,6.193258,6.307123,5.972003,7.2037244,7.2987657,7.7495594,7.7868557,6.8203096,6.0968266,6.5193353,5.1537924,5.2178817,4.351072,5.946924,5.586475,4.7284293,7.192209
12,6.3767214,4.0019217,3.7732267,3.7058375,6.3929205,6.5780764,4.9147115,6.89568,4.956477,4.9087152,4.679961,6.2273035,0.0,5.1317487,5.180161,5.4191623,7.1008673,6.2348657,5.4008636,5.281516,6.3676333,7.2740765,7.231382,6.549539,6.3987784,5.3437877,6.3780055,6.49925,7.234581,6.6062512,6.512248,6.739062,5.349848,5.1484046,5.0932493,5.46838,5.746174,6.5217643,5.1884785,5.216846,7.5055623,8.316457,6.943568,6.8139052,8.04343,7.798862,6.859989,6.681969,6.8236556,6.820181,7.318072,7.4964075,7.0201817,5.647099,7.909331,7.8431573,5.4372077,4.850797,6.302191,6.0109377,4.3601975,6.5718093,6.3601384,6.83685,8.494556,7.7142324,8.963554,6.754526,8.425746,7.976088,7.2456822,8.162919,5.32573,6.5736737,6.3454847,7.890297,5.971628,5.6335273,6.6514535,6.968743,7.56843,5.9049673,6.836331,8.4992695,8.233201,8.47559,6.659178,7.86507,5.286901,5.413137,8.064599,6.8956923,7.588749,5.192723,7.3556848,8.651271,6.912876,5.82624,6.127522,8.458093,6.984474,6.512678,7.021297,6.3415427,6.9333987,7.260732,5.33501,6.9934173,6.6313357,6.7340627,6.1109066,5.818098,5.6615376,6.50239,8.027414,8.110926,6.8014374,6.7197027,3.615965,6.5237207,7.3088846,7.8363585,7.3504825,6.3659563,6.22259,6.959265,6.0860476,7.3163695
13,6.184028,6.438711,6.1299243,5.983971,5.7748113,5.9358463,6.1224627,6.2358823,2.4972134,3.5604615,2.5314968,4.1953874,5.1317487,0.0,4.806777,3.2876344,5.006262,4.9928827,5.3041863,3.880729,6.135904,7.016153,6.611711,5.9193835,4.5048947,4.3572307,4.4743366,4.592687,6.4487658,5.337488,5.0502305,5.308511,4.749197,5.1412926,4.9750085,5.1797795,5.466539,6.0182986,5.084471,5.074462,8.043827,9.387015,7.0740457,7.682982,8.034526,8.459518,5.709972,7.162238,6.7966833,6.600673,5.4631715,6.3643956,6.0327616,5.6322203,6.909481,6.417241,6.4620204,6.46651,7.8870025,7.3436594,5.8928213,7.2948737,7.7257013,8.186697,6.5162416,6.940976,8.260739,4.9826856,6.852498,6.2929335,5.46158,6.6818647,4.7717276,4.52274,6.6651993,6.96287,4.7871723,4.17598,5.105451,5.3389196,5.821314,4.3235435,4.1466947,6.6668367,6.786285,7.0628567,4.6492696,6.25042,4.6784945,4.7331576,6.346206,5.708818,6.7818537,5.7772117,6.3892236,7.983999,5.768917,4.7786493,5.096282,7.926818,6.690522,5.505069,7.019195,6.7711906,5.415247,5.861372,4.721092,5.652935,6.8198686,5.926412,5.878818,6.047701,6.169784,6.0644336,5.8416348,5.9650035,7.3516984,7.3724346,5.8626475,6.1387186,5.9837527,6.0805764,5.1484756,5.081043,5.9288497,6.26638,4.4143863,7.134197
14,4.457782,6.780967,5.0338163,4.7063594,4.48304,4.7549424,5.703242,4.7077813,4.5003977,4.648455,4.644621,3.6861207,5.180161,4.806777,0.0,3.8358412,5.214517,4.3585835,3.550749,3.9712915,6.9255543,7.643464,5.6704183,4.5620317,4.942301,3.2151988,4.9223995,4.994348,7.0678196,4.928307,4.6782627,4.9499183,4.94581,4.703745,4.6764655,5.117643,4.686644,4.5444617,3.142912,3.1648922,7.3387856,8.027295,5.7855487,6.969406,7.1734114,7.778681,6.029985,6.5745115,4.9732547,4.74217,5.4343295,5.271969,4.9781327,5.1650977,5.950443,5.722639,6.4527698,5.8494797,7.250334,6.770144,5.596717,7.443705,6.9389234,7.4174943,6.9957943,5.990704,7.59167,4.7195716,6.623072,5.9953346,5.2701855,6.6277413,5.5369973,4.5763597,7.008233,7.406382,4.4967184,4.289985,7.42201,5.8675494,6.5104795,7.474706,5.058315,7.3743587,5.2265077,5.340189,5.959299,6.0234995,4.3434854,4.25033,7.2225995,5.8591695,5.3745084,5.950049,6.2722383,6.86523,7.4264135,6.660346,6.955787,8.933982,7.671053,7.1436143,7.2342763,6.862769,6.6836863,7.0048857,7.397958,7.7504473,6.0565467,7.6721416,5.418692,5.2322383,5.5623536,5.283773,7.4481034,7.569987,7.480998,7.547354,6.27112,5.455731,7.1825447,6.209464,5.9138856,5.1289477,4.8890796,5.7727265,5.015016,6.2718863
15,5.278971,7.0909925,5.2120953,5.1267333,5.8808274,5.727617,4.7552567,5.8440914,2.407038,3.3392649,2.5351336,2.2569873,5.4191623,3.2876344,3.8358412,0.0,4.713267,4.45099,3.5304308,3.00271,6.642392,7.4927697,5.153258,4.165271,2.9262135,2.9195557,2.719652,2.8298721,4.8390274,4.6543427,4.2461247,4.5161753,4.9387913,4.988644,4.9009857,4.928515,5.0789604,4.850798,4.1717005,4.160476,7.381862,8.446072,6.5193477,6.893178,6.914007,7.4627323,4.8968596,6.335048,6.1787314,5.9536066,4.6456857,4.9443474,5.095529,4.6024804,5.8770604,5.457246,5.105755,5.1403003,6.992416,6.649003,4.958593,6.8480635,6.770368,7.283093,6.70353,6.082779,8.011973,4.380979,6.0251718,5.1928196,5.0519843,6.3180866,4.3305035,4.036943,5.648679,6.321627,3.9641051,3.713635,6.23186,4.602592,6.2032924,5.4855857,2.7672002,6.8086805,6.297618,6.3953733,5.6181912,5.7342086,4.704784,4.6019936,6.0513053,5.755355,5.943627,4.7318077,5.515723,7.1775575,6.542712,5.659778,6.139478,8.183863,6.675943,6.266812,7.7019095,7.6647277,4.7006,4.9331512,5.5762305,6.013821,6.5547433,6.680992,5.532548,5.713831,5.6286874,5.3172526,6.0069466,6.140352,6.9061966,6.823475,6.127105,6.14537,6.0375366,4.964176,3.9552047,3.9149492,5.313029,5.233381,3.581862,6.5671816
16,5.811403,7.968007,7.7805705,7.284345,4.8367667,4.330481,6.7547097,6.7516413,4.618087,5.448672,5.428985,4.844783,7.1008673,5.006262,5.214517,4.713267,0.0,3.1194448,4.2514954,3.5967076,5.904668,6.8458853,5.7899165,3.4406166,4.2661605,4.9448137,4.097095,4.279382,5.1352777,3.8972712,3.5042887,3.5438602,5.8479095,6.0125837,5.9261394,5.7705564,5.9854097,6.321717,6.452939,6.349507,8.029896,9.023087,7.383772,8.211173,7.7390904,8.39018,6.4135165,6.674872,6.9193377,6.874982,5.345457,6.1356816,5.9197273,5.3742237,5.190303,5.574837,6.439838,6.411344,7.792291,6.8646674,6.9573865,8.322274,7.7783585,8.192882,7.381558,7.3276615,8.598194,6.2947345,6.9303155,6.087226,5.556251,7.2954464,5.9493794,5.611554,6.3988433,5.2431107,6.1617823,5.479144,7.362387,6.6863084,7.1314726,7.6738906,5.470326,6.416491,6.830719,6.9961286,6.228716,6.690122,5.778816,5.3851004,5.6919317,5.8500047,6.412986,6.462542,7.2783356,7.598732,5.839924,5.779871,6.4180226,10.180913,6.9219666,6.4407263,7.1149983,8.017895,6.576413,6.7235875,6.4782724,7.014468,7.482921,6.9313707,6.6152205,7.144466,7.177642,7.502376,6.8292723,6.801054,7.548796,6.7384405,7.0184712,6.8520007,6.2296486,5.8787026,5.3580427,4.2915154,5.9113016,5.8615046,4.8238177,7.0980144
17,5.9633894,7.2579703,6.9954643,6.751382,5.652378,5.5097623,6.5948033,6.5075946,4.5234175,5.402459,4.8212976,4.144994,6.2348657,4.9928827,4.3585835,4.45099,3.1194448,0.0,3.7943444,3.8218806,6.160734,7.5516295,6.783608,3.922607,4.3782225,5.138886,4.3070273,4.479032,6.4121594,5.122142,4.659375,4.8804426,6.2042136,6.0000052,5.908268,6.016522,6.501018,6.7886047,6.1285963,6.002022,8.9335165,9.704455,7.4492416,8.3742485,8.297961,8.863457,6.7144537,7.820045,6.9279375,6.9654355,6.250634,6.3459196,5.9075727,5.43059,6.4609866,6.8260283,5.4986434,5.567091,8.0889435,6.766566,6.7694106,8.413562,8.292567,8.653672,7.725268,7.000854,8.163483,5.4074636,7.102063,5.877217,5.613913,7.370848,6.48781,5.8950715,7.119829,6.3788376,6.5117273,5.3281183,7.603644,6.511287,6.9005113,7.8289022,5.627098,7.4126544,7.402715,7.5442624,6.0759845,6.5399475,5.1727033,5.1969314,6.8915753,6.693789,6.7545156,6.6739798,7.612786,7.938334,6.430092,5.5448346,6.6074047,10.149312,6.3431783,6.8042054,8.003528,8.451935,6.6645875,6.341518,6.931292,7.210503,7.8618875,7.43637,6.757099,7.239377,7.1332197,7.359501,7.6431327,7.528211,8.289319,7.6141896,6.9435177,6.7351556,6.6721716,5.7260127,5.870343,4.493368,5.8928123,5.737055,5.320469,7.4124827
18,4.2183704,6.5325837,5.184557,5.0565205,5.3376236,4.9528365,4.1146073,5.7369857,4.243616,4.6391616,4.51404,4.1498837,5.4008636,5.3041863,3.550749,3.5304308,4.2514954,3.7943444,0.0,2.0556347,5.8566027,6.789696,4.6478457,2.466122,3.6256807,2.956215,3.3588438,3.4004426,5.0187516,3.4270022,3.1021292,3.3983324,4.304316,4.014636,3.9891984,4.060699,4.922381,4.6204534,4.028949,3.9051445,6.889537,7.1531706,5.782163,6.492823,6.106167,6.8379164,5.380599,5.8604226,5.4011407,5.1042213,5.4552093,5.3928657,5.4655204,5.072316,5.795768,5.8934493,5.0350723,4.434297,6.305235,6.1275086,5.204214,7.4406934,6.180643,6.7252426,7.8381147,6.8102045,8.28542,6.0725846,6.651276,5.9166083,5.7569675,7.233563,5.6960163,5.51514,5.9356666,5.9796557,4.2985187,3.6959665,7.269156,5.88546,7.2216864,7.2105107,4.4482956,7.461656,5.968234,6.063828,6.6992235,6.8939476,4.265504,4.1264324,6.4088764,5.71384,5.507083,4.422857,5.3981147,6.7503357,6.768667,6.034208,6.6002135,8.937484,6.366191,6.5258946,6.7814307,6.996312,5.26998,5.39786,6.290255,6.330186,6.0335655,7.069645,5.163897,5.596855,5.4754643,5.398748,6.7633796,6.848317,7.1964035,6.838787,5.9682984,6.038518,6.3722434,5.453366,4.569831,3.975352,4.486389,4.666877,4.6726427,5.8136015
19,4.1921377,6.031722,5.1806474,5.0409036,5.213276,4.830084,4.3326616,5.5555296,3.2639034,4.2921987,3.6483183,3.8145752,5.281516,3.880729,3.9712915,3.00271,3.5967076,3.8218806,2.0556347,0.0,5.5204973,6.5610824,4.930566,2.9062297,3.1049178,2.534065,2.7459087,2.8218634,4.5220757,2.8038592,2.4571006,2.796881,3.6721098,3.8648014,3.7528057,3.7556639,4.947986,4.963327,4.391852,4.261821,6.9378653,7.45373,6.0891166,6.635406,6.3322263,7.054818,5.386839,5.9907947,5.747254,5.441203,5.232167,5.7820573,5.755626,5.308731,6.064089,5.9297667,5.2512946,4.7753887,6.662412,6.2281427,5.3464694,7.506004,6.412636,6.966746,7.254532,7.052914,8.170815,5.6845307,6.480659,5.6836843,5.401646,7.04811,5.3356028,5.2193747,6.128353,5.9149623,4.0576673,3.0640566,6.4693837,5.534916,6.672781,6.0013876,3.8964808,6.833022,5.8213024,6.0038943,5.929918,6.621377,3.670572,3.5310125,5.815282,5.1559706,5.4209094,4.152035,5.166068,6.6206145,6.111242,5.3441935,6.0369983,8.261096,6.029076,5.9567595,6.4131045,6.4710035,5.1107197,5.2385893,5.4485435,5.8313127,5.89919,6.3141866,4.8862934,5.4075494,5.4089565,5.241467,6.1061425,6.154066,6.836597,6.819316,5.760143,5.93805,5.720331,5.1158733,4.110104,3.8360283,4.168481,4.4306974,4.1714463,5.67411
20,7.550821,6.1661186,8.374278,8.094381,5.817386,5.2485,7.7884455,8.581703,5.099121,4.9238086,5.28786,6.91197,6.3676333,6.135904,6.9255543,6.642392,5.904668,6.160734,5.8566027,5.5204973,0.0,3.1400428,6.179358,6.249199,6.339588,6.665543,6.510943,6.545566,6.877568,5.981533,5.6319466,5.81565,4.3348475,4.125121,4.094927,3.8815136,6.0907784,7.131367,6.713047,6.6585364,8.302842,8.728685,7.722241,8.684686,7.7440157,7.9127603,6.061036,7.1102962,7.2054377,6.825734,6.708099,7.333848,7.3073745,7.199413,7.24762,7.163247,7.6394954,7.316139,7.9134045,8.695086,7.4095564,8.873947,7.5383782,8.025514,9.062425,8.148965,9.892963,8.1421795,8.418051,8.177208,7.501023,8.488001,6.9460483,6.8549547,7.351319,4.5186524,6.538138,5.9614596,4.835932,7.869287,6.967725,7.2461495,7.157521,6.9207087,8.222771,8.66703,5.1546607,8.467972,6.0123005,5.895512,5.1311994,4.9915547,7.493262,7.3853145,7.359735,8.920379,3.937473,3.5941365,3.3688388,7.3950686,5.241202,4.5883756,4.3600783,5.1496468,7.2173347,7.612784,4.791133,5.4424376,7.5542355,5.5662827,7.1872287,7.3520136,7.7703214,8.095026,6.6301546,6.783398,8.462569,7.55358,5.5901747,5.7080946,6.238884,7.9232435,7.170316,6.209721,7.90178,7.906187,7.17218,8.542273
21,8.468739,7.5338674,9.293344,8.995282,6.6078334,6.144126,8.402894,9.3119135,6.3443875,5.1941338,6.537994,7.908895,7.2740765,7.016153,7.643464,7.4927697,6.8458853,7.5516295,6.789696,6.5610824,3.1400428,0.0,5.774927,7.4389057,6.8730145,7.5202293,6.948789,6.971873,7.830436,7.039728,6.742981,6.9247427,4.5504594,4.403502,4.4339104,4.185426,5.7305875,6.3496113,6.7365565,6.712087,7.54529,7.972033,7.5874257,8.523297,7.2481885,7.464043,5.414064,6.586368,6.6176777,6.1211257,6.3805623,7.0726686,6.4864564,7.4712286,6.786862,6.621362,8.30364,8.001752,7.038722,9.086428,7.215213,8.686398,7.3727875,7.1661234,8.3697815,7.333456,9.820911,8.739545,7.680221,8.135641,7.68299,7.749006,6.5321674,6.6371455,7.423336,5.288588,6.491245,6.7990704,4.848394,7.4420023,6.8122654,8.096696,7.89278,6.512335,8.823895,9.038424,6.4084353,8.332244,7.0850697,6.8920345,5.0639987,5.0983615,6.9003606,7.340194,6.8581743,8.563321,5.659662,5.5194116,4.1785774,8.407102,6.728808,5.0216813,4.407358,5.506657,7.692986,8.766392,5.6001844,6.2531285,6.311112,4.4486876,6.5303106,6.6840515,7.202006,7.5221477,6.033121,6.568962,8.064728,6.860731,5.5789843,5.1515894,5.4949274,7.899577,7.5279593,6.6546044,8.662659,7.862543,7.529105,7.831084
22,6.656602,8.605852,7.5653315,7.366,6.3171525,5.735997,6.4398775,7.6351533,5.526727,4.2971034,5.957445,5.536112,7.231382,6.611711,5.6704183,5.153258,5.7899165,6.783608,4.6478457,4.930566,6.179358,5.774927,0.0,5.5102134,4.9858465,5.3110237,5.0393934,5.187012,5.6738396,5.595044,5.1580863,5.410628,4.3734074,4.310437,4.414209,4.028883,3.4289665,3.4645152,4.485767,4.445236,5.8900604,6.3268437,5.527655,6.4879003,4.9965496,5.440664,3.567975,3.9293177,4.454214,4.4778337,3.675168,4.0106688,4.515966,6.477543,4.271652,4.139345,7.36411,6.951267,5.416667,8.247525,6.1501946,7.192442,4.7871213,5.442392,7.3279247,6.0594893,9.172986,6.910568,5.737048,6.390539,5.195362,6.8601055,4.6185846,4.4896793,6.1981807,6.144753,3.9975119,5.4793844,6.6427045,6.350272,8.030239,8.229328,6.1031814,7.891802,7.1266665,7.2349696,7.572439,7.5054793,6.2504973,5.8976955,4.48285,4.2003355,5.451878,5.427185,6.2182665,7.3274436,7.7513504,7.518071,6.6062346,9.101775,8.197219,7.134048,6.699099,7.017352,6.514412,7.8228774,6.9626412,7.318663,5.964398,7.097011,6.2710147,6.5393934,6.606164,6.4596624,7.24918,7.847484,7.9651456,7.1819124,6.617646,6.508959,6.613509,6.736404,5.033227,4.3534045,6.801702,6.678825,5.357082,6.8068967
23,4.062998,7.1152277,6.0777326,5.6421905,4.91072,4.3321013,5.3404403,6.407411,4.677275,5.692248,5.2810783,4.627659,6.549539,5.9193835,4.5620317,4.165271,3.4406166,3.922607,2.466122,2.9062297,6.249199,7.4389057,5.5102134,0.0,3.970531,3.4869432,3.6195242,3.5743213,4.0615954,2.8374403,2.6515036,2.6112292,5.4938736,5.380597,5.3273396,5.2053847,6.3315225,6.0034986,5.581742,5.4749575,7.637278,8.247142,7.2906156,7.663114,7.347732,8.052381,6.666089,6.5539026,6.9908204,6.560019,6.2489657,6.4425087,6.488001,4.861997,5.77738,5.8265076,5.6490574,5.2735944,7.6552086,6.202943,6.3520575,8.405664,7.4804473,8.048552,8.6858835,7.8180842,8.990269,6.617399,7.6546183,6.475562,6.575585,8.230018,6.5240693,6.459141,6.07429,5.4608517,5.713067,4.7556815,8.214176,6.774152,7.56292,7.726391,4.770536,6.827461,6.0574713,6.183376,6.70108,7.1765122,5.1933603,4.6875234,6.700292,6.439285,6.081255,5.4525113,6.3743834,7.1977806,6.3875303,6.2038474,7.2651067,9.254547,6.333077,6.85613,7.0478864,7.8735046,6.182437,5.9644423,6.815131,6.9756265,7.1530137,7.462626,6.1447573,6.535602,6.6381125,6.569269,6.8962493,6.7321773,6.974598,6.733991,6.94725,6.761987,6.649812,5.716423,5.1179175,4.6339335,4.898282,5.230673,4.985084,6.561124
24,5.2548866,7.333586,6.158884,5.9836698,5.9403934,5.6023946,5.8234086,6.812425,3.9289885,4.440032,4.009472,3.5537083,6.3987784,4.5048947,4.942301,2.9262135,4.2661605,4.3782225,3.6256807,3.1049178,6.339588,6.8730145,4.9858465,3.970531,0.0,3.9287002,1.3322309,1.61614,4.463353,4.411961,3.8858082,4.1426716,5.0263853,5.169535,5.049345,4.906876,5.6901255,5.242967,5.029826,4.890441,7.1863194,8.070631,6.979851,7.8011384,6.70914,7.046178,4.8446226,6.336359,6.2636495,6.1427417,5.334077,5.767511,5.379479,4.4825287,6.2765813,5.8539166,4.961957,4.8332634,6.824864,6.56722,5.3713074,7.7679677,7.2134957,7.1299872,6.4324236,5.816641,7.6288724,4.598078,5.063343,3.8026886,5.1123805,6.0597463,4.70376,4.6173906,5.572649,5.6874375,4.536719,3.6670914,6.482536,4.0003905,5.6882463,6.0847344,3.9308252,6.117829,6.4390397,6.3301206,5.987761,5.026117,4.474832,4.2572145,5.4125834,5.5425267,4.556149,4.4920816,5.3348355,6.624884,6.456121,6.0232525,6.471872,8.493506,6.939277,7.1313653,7.5446467,7.9408727,5.382931,5.4297605,6.072666,6.4160857,6.039239,5.9421983,4.8841586,5.5693054,5.4284234,5.187996,5.5814037,5.6256256,6.4678965,6.332738,6.1044054,5.855133,4.867325,3.468084,3.817138,3.3472943,5.4549203,4.537308,4.426522,5.8351674
25,3.5988724,6.45754,4.3787847,4.063625,4.7933006,4.5296197,4.109881,5.337477,3.693587,4.718835,4.018673,3.7818499,5.3437877,4.3572307,3.2151988,2.9195557,4.9448137,5.138886,2.956215,2.534065,6.665543,7.5202293,5.3110237,3.4869432,3.9287002,0.0,3.74049,3.7876875,5.211445,3.3127222,3.2464643,3.4281597,4.3770223,4.533008,4.4530063,4.578839,4.9006658,4.6886425,3.9316483,3.9491591,7.034339,7.4844317,6.4922843,7.0694413,6.7693443,7.449633,6.0688496,6.1575146,5.931905,5.600866,5.6480465,6.0670857,6.1201086,5.1429687,6.3363776,5.9860344,6.0967464,5.3722563,7.126225,6.418109,5.25235,7.8935604,6.527726,7.036038,7.520894,7.11028,8.066535,5.4765215,7.0058813,6.0359507,6.1370306,7.207883,5.5131917,5.2761946,6.208263,6.4724045,3.9529066,3.4443076,7.129671,5.610297,6.842612,6.315515,3.7237883,6.875615,4.6389184,4.760882,6.2092457,6.373328,4.0197473,3.7284029,6.6727586,5.658896,5.287369,4.5853033,4.733893,6.771528,6.7328286,6.196903,6.846709,7.92187,7.1902523,6.840382,6.9017506,6.3958807,5.4249177,5.508232,6.2424726,6.4950953,5.9768543,7.256199,5.0869837,4.9016323,5.175704,4.6535044,6.2993145,6.302807,6.51194,6.9857125,6.022931,5.8132477,6.5795584,5.609854,4.7866983,4.9001365,4.1260242,4.9689026,4.513916,5.720823
26,5.086095,7.223709,5.9745674,5.8554173,6.1319,5.7851696,5.3403335,6.581398,3.733614,4.4337997,3.949883,3.4959514,6.3780055,4.4743366,4.9223995,2.719652,4.097095,4.3070273,3.3588438,2.7459087,6.510943,6.948789,5.0393934,3.6195242,1.3322309,3.74049,0.0,0.8469793,4.245922,4.297324,3.868836,4.0867543,5.014037,5.1254086,5.0253487,4.8809924,5.7417655,5.2334323,5.089083,4.9521446,7.105978,8.018416,6.9569645,7.2698464,6.642782,7.281182,4.976505,6.282613,6.22588,6.0461974,5.2240562,5.697568,5.186264,4.6568193,5.9551864,5.6507845,4.6540594,4.695346,6.6554947,6.143644,5.269736,7.628048,7.260219,7.1589956,6.5202703,5.920357,7.745304,4.851012,5.1892285,4.0298314,5.170094,6.180059,4.846913,4.8296576,5.7257805,5.854329,4.6694393,3.920787,6.635775,4.13892,5.8696485,6.2750683,3.7132454,5.9570174,6.61555,6.495549,6.209266,5.2414365,4.707329,4.479064,5.5360975,5.6892853,4.7164264,4.083101,4.950586,6.2966456,6.655892,6.0319376,6.640371,8.598839,6.479624,6.684881,7.5625305,8.030902,5.280673,5.390284,6.0395985,6.38429,5.8645344,5.755386,4.6626916,5.4112573,5.347041,4.9492297,5.4175897,5.4742374,6.159377,6.1344194,6.2324514,5.838223,4.5825253,3.2860367,3.6575818,3.574587,5.120684,3.752503,4.0054126,5.370002
27,5.2309556,7.2901597,6.068513,5.936957,6.300431,5.968079,5.545726,6.6484795,3.932917,4.5773067,4.0923467,3.634198,6.49925,4.592687,4.994348,2.8298721,4.279382,4.479032,3.4004426,2.8218634,6.545566,6.971873,5.187012,3.5743213,1.61614,3.7876875,0.8469793,0.0,4.167027,4.2183666,3.7888281,4.0187793,4.898189,5.0242724,4.9136963,4.766389,6.083821,5.1543508,5.0027914,4.8635206,7.2360053,8.102205,7.0903506,7.3804755,6.7875366,7.403208,5.0885015,6.592757,6.513195,5.95273,5.340413,5.697887,5.297913,4.6457067,6.148714,5.613577,4.727913,4.7623453,6.964347,6.495079,5.2939157,7.6746583,7.399518,7.3973727,6.828735,6.2767076,8.011842,5.26938,5.5772834,4.5343857,5.5454135,6.491694,5.0480466,5.035881,5.910327,6.016096,4.5674257,3.8076034,6.873368,4.295842,5.7873406,6.1732993,3.5922172,5.9186482,6.749026,6.6409035,6.1197844,5.637172,4.819229,4.5732856,5.8820367,6.021932,4.9147615,4.277448,5.0999665,6.413437,6.7564573,6.130467,6.7393346,8.6480665,6.3797708,6.5868745,7.499863,8.126182,5.441347,5.5771365,6.118093,6.492423,5.7752614,5.663304,4.5715156,5.319983,5.250425,4.845601,5.3244076,5.387315,6.276195,6.2353387,6.376636,5.943596,4.7577047,3.5385616,3.8784823,3.7083385,5.34467,4.0406537,4.265076,5.585797
28,6.131296,7.68294,6.830776,6.4535513,6.942592,6.2430105,5.9876957,8.106118,5.3245397,6.1218276,5.792942,5.6843543,7.234581,6.4487658,7.0678196,4.8390274,5.1352777,6.4121594,5.0187516,4.5220757,6.877568,7.830436,5.6738396,4.0615954,4.463353,5.211445,4.245922,4.167027,0.0,4.309717,4.0888405,4.0483603,6.215479,6.4678836,6.4225636,6.03388,7.2090626,6.914242,6.997071,6.900659,7.706854,8.630824,8.430537,8.053587,7.7354918,7.8698974,6.397677,6.0593953,8.070392,7.6253266,6.232441,6.8504167,7.7762127,5.893385,6.993451,6.650251,5.4009624,5.3754354,7.2938185,6.686712,6.113193,8.212128,6.9210267,7.637724,9.166486,8.763325,10.101177,7.80634,7.8533106,6.983008,7.5618773,8.732626,6.046243,6.7726727,5.427849,5.5621247,6.004584,5.5257454,7.9451203,7.4627047,8.0673895,6.6016164,5.2615685,7.0714355,7.8393764,7.985759,7.1720285,7.871982,6.897848,6.380636,6.0773153,6.5817924,7.391467,5.62095,7.0612288,8.403803,6.6249104,6.741362,7.403221,8.9528,7.3092656,7.222943,7.608941,8.659207,6.847698,6.637932,6.0389647,7.387306,7.5892773,7.138544,6.781488,7.2473407,7.0711017,7.6810827,6.955806,6.9001274,6.4610357,6.243598,6.8320985,7.901996,7.047094,6.803667,5.8524256,5.5642247,6.8584085,6.7826667,5.832973,7.9832344
29,3.588905,6.780345,6.231129,5.712499,4.38364,3.9602563,5.5086737,6.279277,4.866795,5.780517,5.4160914,5.475576,6.6062512,5.337488,4.928307,4.6543427,3.8972712,5.122142,3.4270022,2.8038592,5.981533,7.039728,5.595044,2.8374403,4.411961,3.3127222,4.297324,4.2183666,4.309717,0.0,0.81031203,0.5814609,4.639147,4.955813,4.877014,4.909211,5.98331,5.8465476,5.322719,5.2110534,7.344848,8.085217,7.1549706,7.888914,7.4539804,8.08946,6.298676,5.902315,6.5368204,5.9485674,5.989575,6.6377172,7.323339,5.6770873,6.663779,6.342996,6.436368,5.7829027,7.5919304,6.3556724,6.281159,8.600236,7.1632442,7.8589525,8.62654,8.463345,9.171787,7.3232155,7.686022,6.775588,7.0713463,8.241364,6.523012,6.1772985,6.0054355,5.570086,4.7221518,3.5917444,7.5555873,7.23904,7.2922845,6.6283364,4.2982984,6.4575386,4.718227,5.0080037,6.165922,7.2698064,5.134751,4.5822,6.396521,5.61374,6.222819,5.737028,5.7845883,7.5830073,5.8724766,6.061714,6.7486525,8.531076,7.2531395,6.6386495,5.7610717,6.6583714,6.0832777,5.9052486,6.115536,6.627731,6.433173,7.12477,5.527072,5.977691,6.185343,6.4515624,6.097512,5.972031,6.7239356,6.818533,6.569641,6.473387,7.013645,6.6060224,5.44556,5.5562286,5.069733,6.0904293,5.5796475,6.7045245
30,3.8966343,6.818186,6.2908893,5.8191137,4.433165,3.9371455,5.5711436,6.2230635,4.516342,5.362784,5.0366416,4.92495,6.512248,5.0502305,4.6782627,4.2461247,3.5042887,4.659375,3.1021292,2.4571006,5.6319466,6.742981,5.1580863,2.6515036,3.8858082,3.2464643,3.868836,3.7888281,4.0888405,0.81031203,0.0,0.5376379,4.3558373,4.6553726,4.573859,4.559428,5.6909804,5.5293794,5.082463,4.9582605,7.3157616,8.002815,6.9286685,7.8127894,7.173342,7.7629137,5.8113165,5.8131413,6.238943,5.6552505,5.495179,6.1135883,6.881483,5.5346675,6.407855,6.0695925,6.1662407,5.5653515,7.3946757,6.5257807,6.1121025,8.409221,6.8827634,7.602167,8.261898,8.042472,8.939477,6.899692,7.22377,6.324279,6.600374,7.852465,6.1741023,5.6973696,5.9436584,5.2942977,4.403473,3.2850487,7.2177176,6.8865004,6.9754663,6.5050454,4.0931706,6.3793235,4.9073505,5.1877604,5.8406434,6.9811616,4.8914223,4.393771,5.900616,5.241889,5.9601645,5.671772,5.7697935,7.459733,5.7299542,5.810288,6.419588,8.456592,7.056668,6.4962296,5.8210135,6.6605206,5.9638066,5.8131475,5.9744945,6.5069456,6.3460345,6.9204326,5.450119,5.9328866,6.084263,6.362761,6.0533805,5.9852676,6.8848524,6.8188252,6.421238,6.2715163,6.764036,6.280686,5.1563935,5.0205674,5.1748915,5.977226,5.3797445,6.74869
31,3.8151782,6.959696,6.455944,5.9295506,4.331131,3.8175423,5.717055,6.3792124,4.7340965,5.6562524,5.3165317,5.243159,6.739062,5.308511,4.9499183,4.5161753,3.5438602,4.8804426,3.3983324,2.796881,5.81565,6.9247427,5.410628,2.6112292,4.1426716,3.4281597,4.0867543,4.0187793,4.0483603,0.5814609,0.5376379,0.0,4.713241,5.008381,4.929152,4.896881,5.967767,5.847308,5.41604,5.3008103,7.394641,8.16612,7.191636,7.9917617,7.4072256,8.015007,6.152078,5.90301,6.5662136,6.0161195,5.796622,6.4526114,7.161522,5.543083,6.454595,6.1455016,6.3696733,5.789948,7.621439,6.4689946,6.351594,8.589997,7.176689,7.8667135,8.499157,8.284347,9.121676,7.141395,7.504447,6.5552163,6.870838,8.098828,6.408539,6.0093703,5.9151073,5.238977,4.7839603,3.6679354,7.456354,7.121358,7.1652203,6.679605,4.254952,6.30897,4.8644,5.145762,6.010585,7.1077313,5.1684217,4.6008177,6.0918694,5.4844513,6.1438317,5.839201,5.9164977,7.565234,5.6921396,5.9342527,6.6230783,8.559185,7.158361,6.6168146,5.855361,6.8279543,6.0869365,5.893127,6.101881,6.6050196,6.583143,7.069364,5.6647477,6.138116,6.331594,6.598945,6.0725856,5.947098,6.7997227,6.771067,6.6250362,6.4569087,6.882421,6.43305,5.3136177,5.2988653,5.236923,6.108518,5.491152,6.840262
