,0,1,2,3,4,5,6,7,8,9,10,11,12,13,14,15,16,17,18,19,20,21,22,23,24,25,26,27,28,29,30,31,32,33,34,35,36,37,38,39,40,41,42,43,44,45,46,47,48,49,50,51,52,53,54,55,56,57,58,59,60,61,62,63,64,65,66,67,68,69,70,71,72,73,74,75,76,77,78,79,80,81,82,83,84,85,86,87,88,89,90,91,92,93,94,95,96,97,98,99,100,101,102,103,104,105,106,107,108,109,110,111,112,113,114,115,116,117,118,119,120,121,122,123,124,125,126,127
0,0.0,3.8736587,5.613096,5.3172736,6.2978187,5.9111066,5.6209736,5.579438,8.82664,8.587675,8.046241,9.857312,6.6212993,6.7639546,6.080736,6.239477,6.0727534,5.347605,7.147869,8.152492,5.135098,6.236579,7.778405,6.8435106,6.9767203,7.003641,7.837422,7.837422,7.695986,6.4304037,6.8151946,6.4223857,6.5277915,7.0267754,8.460966,8.006744,7.5876675,7.6200905,7.939781,7.7733197,8.027042,8.574321,7.0166287,7.377691,7.953178,7.864486,8.147948,8.055507,6.814504,5.6990137,5.6390285,7.0129123,8.243127,7.707395,7.089277,7.1120644,5.436907,7.7383842,5.837885,5.8547072,6.003206,5.6281333,6.1411705,5.829595,5.4298797,6.65585,6.3649993,6.4030905,6.5688157,6.8083677,7.3403425,6.6093025,7.045274,6.547744,7.105553,7.072702,5.8157115,5.9958534,6.5770392,6.5128245,4.9154053,5.1275425,5.5318933,6.2571397,6.432815,6.4386234,6.2190685,5.9985275,4.8537345,5.559702,5.374956,4.733399,6.9773483,6.714152,5.452816,5.5379124,7.245185,7.0709167,6.1000366,6.175409,5.8402615,6.8614955,6.0532694,6.3618865,6.599968,6.209217,6.2281547,7.1087112,5.6930995,6.2772293,7.3554764,7.3945317,5.4771643,6.8093395,6.779852,6.183389,7.3118653,7.8515434,5.8808374,6.063745,5.6842284,4.934469,5.7395606,5.96609,8.150239,7.389117,7.0513377,6.218454
1,3.8736587,0.0,5.080374,4.544772,5.2154894,4.754746,5.0854516,4.6031423,7.6720157,7.3329797,6.956491,8.944416,6.697251,6.814464,5.3119283,5.2379603,6.035312,5.130923,5.949113,7.29459,4.326567,4.9324136,6.5128555,6.063537,6.0077457,6.0522776,6.6184077,6.6184077,8.034813,4.6748085,5.835112,5.647111,7.581299,6.9138,8.846178,8.068817,7.699405,7.74669,8.077165,7.9363813,7.7346287,8.568518,7.6446967,7.2866654,7.758481,7.714007,8.166195,7.813097,7.9989576,6.9830966,5.567753,7.7231994,9.803805,9.208206,7.676119,7.701021,6.300673,8.746472,5.33248,5.327168,7.411469,7.0590343,7.853263,6.478672,6.294505,6.7725077,6.763332,6.7998486,6.9000354,7.036904,8.113001,6.933407,6.968927,6.637799,7.6161647,7.578518,6.9983006,7.048013,6.731113,6.7023816,6.2332964,6.4456067,6.8284836,7.0589185,7.750058,7.7896156,7.306265,7.39666,6.242994,6.1870575,6.253998,6.119155,7.300866,7.30035,6.755119,6.8175926,7.343188,6.5906672,5.3057847,5.406052,5.7485304,7.6920967,5.725907,6.1336107,5.5064697,5.0032578,5.314382,5.9328,5.442081,6.138276,6.764803,6.4595857,5.10063,5.9789295,5.7888184,5.4215865,6.6586876,7.4143677,5.505244,4.632821,5.5140676,5.5200963,5.669811,5.827285,8.162271,8.537158,7.941126,7.1164265
2,5.613096,5.080374,0.0,2.1591754,5.74709,5.472777,5.5296655,5.663222,8.043326,8.532018,7.317623,9.086309,8.102176,8.238522,7.0876346,7.31014,7.8073125,6.726489,8.031024,9.715817,5.791644,6.686132,8.588693,6.4176645,7.9435234,7.991886,6.7237086,6.7237086,9.521445,7.1069775,7.263882,6.7310853,7.1353927,7.2219615,7.425402,7.003,5.9787216,6.059873,6.50398,6.2901525,7.5984864,8.135931,7.076819,5.6236496,5.885591,5.9681373,8.484314,7.426226,8.566763,6.8129654,5.841786,6.650923,9.374461,8.866457,6.995396,7.0208144,6.7632036,8.7069845,6.315469,6.312859,8.201853,7.803695,8.425901,7.236365,6.5562,8.191918,7.471849,8.271886,7.283768,7.8660407,8.319386,7.2937245,6.6410522,7.8083816,7.541416,7.3496137,7.325936,7.0910516,7.023009,7.5044193,7.0558186,6.3590355,7.010063,7.3689117,7.8457603,7.8533087,7.0964603,7.3949637,6.7007384,6.764157,6.913182,6.5102477,8.330645,6.5298543,6.9883013,7.0720468,6.1188383,7.550617,6.552323,6.9316616,7.1476445,7.9706283,5.9002166,6.273547,7.5476556,7.8025465,6.004152,9.157308,6.121212,6.61223,8.151971,8.169971,5.8087716,7.434912,7.2001967,6.5525146,6.680404,6.038596,6.2261047,7.3885856,5.3733115,6.2405896,5.6377153,5.5218334,7.946666,9.123198,7.876293,6.3571086
3,5.3172736,4.544772,2.1591754,0.0,5.4665647,5.071731,4.947689,5.1988893,7.4148054,8.053726,6.8213506,9.716448,8.071253,8.179178,6.8363705,7.0425797,7.658175,6.6257024,7.5956407,9.394447,5.4274583,6.2225804,8.141281,6.0787263,7.433574,7.4906754,6.1688604,6.1688604,9.202564,6.7922983,7.3059025,6.6729083,6.78152,6.8059826,8.270311,7.6975245,6.9005837,6.977067,7.4459677,7.380323,8.264302,8.843922,7.7998223,6.666305,6.6237373,6.6544013,8.931971,8.073704,8.288233,6.538928,5.651287,7.40042,9.914787,9.648581,7.5987916,7.627825,6.2635884,8.67524,5.8218317,5.820094,7.7523913,7.5638814,7.881416,6.7994776,5.930009,8.07775,6.8316717,7.649588,7.152824,7.2379017,7.784738,7.1782594,6.7489376,7.856596,8.057414,7.857752,7.3319726,7.3040204,7.0128636,6.793474,7.1281924,6.455698,7.285792,7.582119,8.036626,8.052022,6.678254,7.5770726,6.83187,7.193163,7.2083178,6.6225295,8.290806,6.783677,7.2212305,7.291831,6.4530234,7.700172,6.717797,6.78775,6.6913714,8.167414,6.179892,6.5758815,7.557831,7.169072,6.2598505,8.656197,6.3567305,6.902349,8.479298,8.436326,5.9554834,7.310585,7.2516637,6.664458,6.88707,6.1901636,6.381007,6.787142,5.44444,6.1482506,5.800004,5.912956,7.7514725,8.914605,7.632564,5.9402924
4,6.2978187,5.2154894,5.74709,5.4665647,0.0,1.0989616,3.336651,1.9451804,8.311133,8.308352,7.4052014,9.90628,7.2054887,7.254442,5.8560953,5.7779284,5.4346237,6.288801,6.707878,5.729333,5.8155813,6.375229,5.987157,7.2123814,5.229071,5.2230473,3.886941,3.886941,7.49541,5.809022,5.737983,6.0970836,7.7498837,7.1290917,8.755184,8.703531,7.7989187,7.865351,7.821173,7.5215936,8.757473,8.84121,8.64792,7.4244127,8.051658,7.922586,9.083813,8.5496645,8.558434,7.06959,6.188056,8.368941,10.197303,9.905674,8.899656,8.903623,6.7214246,7.858972,6.780495,6.765582,8.342089,7.6593146,8.608139,7.074597,7.87884,8.657267,8.115665,8.652688,8.403601,8.459707,8.657853,8.446214,7.17602,7.9584694,7.902171,7.7898016,8.598057,8.263964,7.302112,7.653117,7.609267,6.9138765,7.992336,8.089919,8.512469,8.538632,6.9430285,8.168459,7.8835135,7.5356846,7.424218,7.539735,8.86644,7.9317155,8.122717,8.063037,6.535723,7.149155,7.044414,7.131345,6.974748,8.545679,6.7495003,7.072733,7.5635376,7.188383,6.618255,7.4252357,6.6617723,6.848353,8.06836,8.110754,7.2728844,8.123355,7.8598566,7.5411296,7.3709955,7.7938538,7.548668,7.1510954,7.181222,7.9202023,7.7066207,7.35857,7.2292185,8.370932,7.5613847,7.470484
5,5.9111066,4.754746,5.472777,5.071731,1.0989616,0.0,3.2933636,1.6826864,7.940592,8.125898,7.1825204,9.622747,6.990184,7.042322,5.4586635,5.377354,5.2141705,6.025561,6.394408,5.4967136,5.312187,5.904609,5.7124114,6.8863473,4.8740435,4.8766913,3.5286472,3.5286472,7.1581416,5.585033,5.5604,5.8473845,7.470529,6.82212,8.632652,8.576174,7.569008,7.6403513,7.707392,7.5643163,8.617914,8.704449,8.34302,7.3860946,7.777036,7.631143,8.806971,8.373035,8.334785,6.83273,5.8538065,8.141719,10.075372,9.777743,8.617463,8.625174,6.50965,7.725901,6.4608097,6.446211,8.136426,7.487927,8.482463,6.881784,7.6274486,8.344106,7.9194627,8.436803,8.180082,8.254956,8.580788,8.2288885,7.005177,7.7614927,7.8461566,7.7194524,8.514919,8.192131,7.1447835,7.459284,7.378498,6.7003403,7.9594655,8.069383,8.431112,8.46205,6.860392,8.068207,7.7393956,7.394344,7.3064327,7.368776,8.676078,7.7697873,8.068212,8.026888,6.6922836,7.2507677,6.9336777,7.0126095,6.84275,8.525764,6.714379,7.073237,7.436486,7.028855,6.5481234,7.3418326,6.6762896,6.917046,8.140016,8.12102,7.096221,7.926825,7.681289,7.3679047,7.1318808,7.446512,7.390878,6.902674,6.983724,7.7601275,7.5335517,7.242947,7.3479595,8.32829,7.4561706,7.3291473
6,5.6209736,5.0854516,5.5296655,4.947689,3.336651,3.2933636,0.0,2.1971817,8.613414,8.901213,7.638522,10.387869,7.5662374,7.680966,6.531964,6.475394,6.2613697,6.9646225,7.3344145,6.5005527,6.484743,7.2150717,6.92176,7.7912254,5.872861,5.9106994,4.9472237,4.9472237,7.5567985,6.6377206,5.8851385,6.5533266,7.6696725,7.1542683,8.866345,7.9253426,7.8256507,7.8964887,7.5434732,7.4489427,7.9711375,8.83586,8.636176,7.2650676,7.844683,7.675985,8.833103,8.564984,8.490948,6.9969077,6.2254505,7.3507023,9.282856,8.917007,7.895332,7.906464,5.892277,9.073692,6.3141546,6.312919,7.169597,7.0680532,7.4680552,6.4833584,6.7933397,8.09394,7.119185,7.669449,7.4520044,7.525794,7.5792327,7.4847355,7.363989,8.085752,8.090424,7.954585,7.7540827,8.385537,7.4412313,7.013466,7.135848,6.384974,7.239874,7.460298,7.6786695,7.69927,6.3991785,7.3243976,7.089961,7.003037,6.78198,6.730973,8.2290745,7.982244,7.3465304,7.295626,5.7668858,6.560734,6.5572615,6.634332,7.137616,7.9266477,6.5031095,6.8369913,7.082602,6.6190915,7.0023413,7.6113734,6.003262,6.2367725,7.19997,7.3202434,6.6938777,7.6761174,7.368208,7.0123367,7.3126903,7.7250066,7.600096,7.147163,7.3535376,7.008478,7.2240176,7.5845027,7.51575,8.851109,8.022473,7.0958786
7,5.579438,4.6031423,5.663222,5.1988893,1.9451804,1.6826864,2.1971817,0.0,8.124958,8.393223,7.1958337,9.85378,7.009602,7.0775194,5.519095,5.450994,5.1373706,6.0617275,6.5798783,5.5840583,5.624008,6.267561,6.12,7.2871385,5.1452374,5.148199,4.0554695,4.0554695,7.232526,5.679932,5.7278275,6.0299525,7.6970606,7.1948304,8.876189,8.241777,7.7195706,7.78594,7.643944,7.5193844,8.276979,8.748058,8.639325,7.329606,7.9007688,7.744442,8.925437,8.529081,8.547775,7.019242,6.114386,7.819924,9.785004,9.355277,8.319989,8.32887,6.240649,8.545975,6.472568,6.464827,7.686883,7.3186755,8.026996,6.711733,7.404461,8.400943,7.741717,8.238434,7.997996,8.0875635,8.233919,8.054838,7.3998456,8.106985,8.067161,7.9375257,8.2875395,8.470773,7.514931,7.4801846,7.4190903,6.7416477,7.7698708,7.9206386,8.194774,8.220186,6.807158,7.8523912,7.6125345,7.3625855,7.207667,7.2514234,8.690456,8.107812,7.889925,7.834409,6.3167806,6.9631743,6.867991,6.9457164,6.8519773,8.399443,6.7543836,7.068875,7.34285,6.9249387,6.92005,6.9919815,6.4358597,6.648441,7.563321,7.6305037,6.989295,7.9315286,7.609299,7.2827587,7.021229,7.385827,7.3185987,6.7947783,7.3017406,7.469135,7.466508,7.521641,7.6006436,8.377713,7.4929037,7.4590306
8,8.82664,7.6720157,8.043326,7.4148054,8.311133,7.940592,8.613414,8.124958,0.0,3.708738,2.7844255,6.792269,9.464469,9.333537,6.3516107,6.3797193,8.593325,7.319244,5.6462755,9.460873,6.12931,5.5615883,7.8720093,7.1175427,7.197005,7.232107,6.8607316,6.8607316,9.840448,6.4586473,7.9848337,6.616799,7.459084,7.9072905,9.476813,9.506327,8.789231,8.865564,9.042901,9.259635,9.675492,8.081842,9.601799,8.222767,7.245951,7.168362,8.407406,8.233487,8.457807,7.502767,7.584653,8.508494,10.427179,10.802926,8.68384,8.705436,7.5371795,9.434092,7.354671,7.328249,7.877169,8.251441,8.108197,7.3657827,7.9284797,9.042159,8.513676,8.399548,8.706946,7.4613776,7.6011558,8.845981,8.252124,8.984679,9.882024,9.752219,9.587804,9.311098,8.772746,8.419501,8.947781,8.689662,9.283632,9.224047,9.272376,9.28622,7.822607,9.10166,9.029758,8.704789,8.547591,8.693135,9.615702,9.288256,9.1380205,9.07534,8.596182,8.614256,8.292233,7.2030826,7.4584146,10.171126,8.341791,8.594476,8.852875,8.405514,8.262085,8.432442,8.512859,8.654016,10.136215,10.057185,7.6219006,7.8283334,7.8904905,7.735958,7.798717,7.483742,7.595856,7.1530323,7.8910847,8.508569,8.4696455,8.338842,7.2736316,9.224795,6.91346,7.1372905
9,8.587675,7.3329797,8.532018,8.053726,8.308352,8.125898,8.901213,8.393223,3.708738,0.0,3.2964685,5.973738,8.835155,8.687196,5.7381964,5.9134393,7.7170367,6.1889343,5.2529483,9.172509,5.8854513,5.0922937,7.175277,6.865508,6.6861,6.7389665,7.471076,7.471076,9.445259,5.582052,7.0989013,5.4121747,8.371969,8.063847,9.290255,9.833818,9.334999,9.387037,9.029487,8.992372,9.180215,7.8159733,9.4898205,8.791423,8.158617,8.071914,8.769054,7.886487,8.1073475,7.6492662,7.562743,8.784538,10.43007,10.7522135,8.782927,8.80415,7.394635,8.959741,6.6016192,6.571644,8.023561,7.9622955,8.364205,6.792675,8.080337,8.897935,9.041741,8.748214,9.186131,8.05006,7.7089477,9.285122,8.865602,8.56796,9.78644,9.783056,8.8747015,8.386073,8.995608,8.795123,8.626384,8.92273,8.67079,8.566279,8.749819,8.7461405,7.7264485,8.693044,8.447934,8.152977,7.977031,8.185053,9.172819,9.116353,8.535769,8.406113,8.955314,7.850282,7.9411783,6.79726,7.0348053,9.523306,7.755733,8.017608,8.399729,7.986398,7.5428796,7.9518604,7.8273373,7.9136114,9.626932,9.852718,7.2792225,7.3282704,7.8747306,7.582065,9.1312,9.146578,7.053191,7.048889,7.0543966,7.523118,7.6699786,7.336202,7.72248,9.209573,7.3194933,7.665958
10,8.046241,6.956491,7.317623,6.8213506,7.4052014,7.1825204,7.638522,7.1958337,2.7844255,3.2964685,0.0,6.459176,8.676087,8.602854,5.549192,5.7531734,7.2660623,6.067286,5.9690475,8.880283,5.7664948,5.35782,7.6592784,6.9334946,7.1127653,7.155348,6.431529,6.431529,9.80332,5.78237,7.3097363,6.127619,7.8289933,7.599565,8.845081,9.223823,8.784153,8.847743,8.225189,8.173183,8.810473,7.9113655,9.584504,7.776804,7.4678946,7.3395863,8.9034,8.23889,8.305482,7.3404603,6.895104,8.312072,10.307173,10.199304,8.546147,8.574217,7.345843,9.5260315,6.4276743,6.4101143,7.5890765,7.786459,8.056337,7.044776,7.3556714,9.007723,8.380759,8.510782,8.571467,7.277779,7.1232667,8.707723,8.212433,8.8509,9.056078,8.945888,8.721539,8.600179,8.674771,8.44633,8.709439,8.413865,8.717724,8.597106,8.85745,8.851164,7.3341346,8.661971,8.455487,8.043574,7.8951206,8.088552,9.502723,8.687728,8.527714,8.440242,8.071755,8.160935,8.005014,6.851237,7.0029235,9.313002,7.6443586,7.9088454,8.667567,8.246532,7.7858477,8.289085,7.886461,8.055029,9.046968,9.152083,7.2137613,7.9802313,7.9124556,7.58368,8.006509,7.487429,6.855584,7.002221,7.192105,7.6702557,7.7003503,7.6059093,7.1915936,8.833843,6.427128,6.582477
11,9.857312,8.944416,9.086309,9.716448,9.90628,9.622747,10.387869,9.85378,6.792269,5.973738,6.459176,0.0,9.9496565,9.868338,6.990015,7.156297,8.477381,7.351932,7.005069,9.740181,7.1354017,6.524436,8.215478,8.063324,7.94628,7.9900465,8.644397,8.644397,10.515199,7.1595397,7.2500253,6.057519,9.632755,9.301071,8.022219,8.677074,8.040931,8.07253,7.6400723,7.7756944,7.612607,6.1429195,8.209449,7.6008797,6.890043,6.777248,7.5666804,6.500385,8.826337,8.513251,8.1329155,6.999013,9.263955,9.186422,7.3625073,7.379608,9.051362,10.240086,8.139788,8.116407,9.351497,9.152888,10.194882,8.551469,9.24009,8.772629,10.263946,10.051338,9.302318,9.427506,9.198341,9.375555,8.953934,8.60803,9.136081,9.1801195,9.096543,8.627152,9.287368,10.187597,8.682844,8.935523,8.713911,8.455704,8.671943,8.656964,9.089613,8.644679,8.590562,7.5166354,7.697403,8.284142,9.339049,9.000899,8.61103,8.510941,9.022809,7.9865,7.777146,7.363035,8.385038,9.283095,7.6784735,7.7887454,8.407551,9.460876,7.4966536,9.371866,7.8465495,7.890227,9.162885,9.423459,7.2025433,7.6140537,7.772203,7.449533,8.823953,8.610944,6.9048324,8.411201,7.3878803,8.060595,7.567306,7.2311263,9.189303,10.229531,8.660069,8.981528
12,6.6212993,6.697251,8.102176,8.071253,7.2054887,6.990184,7.5662374,7.009602,9.464469,8.835155,8.676087,9.9496565,0.0,0.53383636,5.430634,5.26951,6.759883,5.5968184,6.6675677,8.109869,6.596084,7.7733903,8.859309,9.030828,7.457376,7.4591722,8.567227,8.567227,5.3938937,6.9385395,7.372491,7.445881,10.646519,9.201618,10.468486,10.997614,10.519315,10.544796,8.673371,8.550964,10.060125,10.195604,10.833932,10.1914215,10.279546,10.304405,10.630328,10.074127,10.228774,8.246928,8.282829,9.275176,11.018071,10.423626,10.767043,10.771162,8.027828,9.026222,8.122702,8.108236,9.567203,8.443687,10.248992,8.108998,9.794748,9.966853,10.080265,10.165031,10.273405,9.961163,10.099955,10.305415,9.81298,9.628707,9.733409,9.653013,10.416675,9.955152,9.757011,10.104566,8.491008,8.679563,8.786816,9.944609,8.870758,8.833405,8.527598,8.713979,8.741425,8.50577,8.203942,8.542756,8.945988,9.7911,9.005652,8.839518,8.326126,8.0023775,7.989535,7.6829443,8.580407,9.562869,8.357186,8.617646,8.395272,8.017316,8.69557,8.705521,7.647175,7.6072383,9.112991,9.237861,7.751015,8.497201,8.23481,7.9660964,8.329526,10.017269,8.915385,8.321611,8.62742,7.8824,9.216581,8.949853,8.688325,9.94486,8.15098,8.919491
13,6.7639546,6.814464,8.238522,8.179178,7.254442,7.042322,7.680966,7.0775194,9.333537,8.687196,8.602854,9.868338,0.53383636,0.0,5.430867,5.275866,6.8365226,5.6527667,6.5254045,8.185528,6.618814,7.7276897,8.824725,9.037465,7.419369,7.416892,8.555308,8.555308,5.3100867,6.9587584,7.504577,7.411244,10.694237,9.251802,10.530485,11.081642,10.615277,10.641964,8.753638,8.648071,10.170754,10.272227,10.897522,10.303384,10.3085575,10.334415,10.668792,10.09227,10.284794,8.312716,8.447408,9.322999,11.035906,10.575058,10.821656,10.825222,8.06628,9.067594,8.22915,8.213834,9.639877,8.525774,10.276579,8.120098,9.853075,10.032635,10.12688,10.206302,10.325501,9.996516,10.112675,10.363083,9.867361,9.689773,9.911293,9.832764,10.470226,10.011942,9.821403,10.108973,8.554378,8.747325,8.842502,9.9991665,8.91303,8.874511,8.549705,8.761835,8.797159,8.593904,8.28244,8.593167,8.921725,9.859283,9.060277,8.892571,8.373066,8.041414,8.041979,7.7177567,8.566922,9.584733,8.388064,8.651595,8.450939,8.076295,8.763072,8.655901,7.7074413,7.6603427,9.350258,9.475339,7.791725,8.453733,8.265682,8.000299,8.308096,10.012527,8.896258,8.304718,8.7013,7.927882,9.279527,9.009654,8.680049,9.892469,8.046384,8.943779
14,6.080736,5.3119283,7.0876346,6.8363705,5.8560953,5.4586635,6.531964,5.519095,6.3516107,5.7381964,5.549192,6.990015,5.430634,5.430867,0.0,0.93685937,3.882283,2.3817616,3.489798,6.2339263,2.8896203,3.4326937,5.2616854,5.541685,4.2028666,4.1718516,5.4092336,5.4092336,6.6506643,2.8860335,4.935901,4.07081,7.697872,7.478179,8.427868,8.457158,7.9977503,8.0503435,7.443193,7.530815,7.8760233,7.142148,8.639389,7.9533553,7.9624214,7.981894,8.542145,7.478293,7.1879826,5.972198,5.3379617,7.2621636,9.343089,8.648291,8.05789,8.060719,5.4981,7.1752424,5.5008254,5.4781103,6.9470434,6.166464,7.894795,5.3315907,7.821686,8.38361,8.68758,8.661314,8.805437,8.437325,7.9105334,8.876817,8.326201,8.141785,7.8303275,7.76599,8.748357,8.295401,8.304166,8.6799965,7.4118314,7.6137533,7.873567,8.184699,7.6507688,7.6553,6.5474663,7.5720925,7.6665206,7.119786,6.8549914,7.437247,8.955869,8.576644,8.005468,7.805375,7.4166026,6.7094536,7.2208114,6.720552,6.0394063,8.673474,6.8040423,7.1514525,7.6793303,7.252679,7.1130342,6.386776,6.7408752,6.6455317,7.3924356,7.8462276,6.733149,7.535161,7.440931,7.0948067,7.685997,7.906254,6.6851163,6.3427587,6.6135435,6.9404597,7.1886764,7.027403,6.8351974,7.632763,6.1993804,7.3913784
15,6.239477,5.2379603,7.31014,7.0425797,5.7779284,5.377354,6.475394,5.450994,6.3797193,5.9134393,5.7531734,7.156297,5.26951,5.275866,0.93685937,0.0,4.3001246,3.0664194,3.1456919,5.873055,3.2207296,3.705486,5.159014,5.868742,4.06122,4.025079,5.3814855,5.3814855,6.481877,2.7629416,4.7957516,4.3877153,7.8002496,7.318092,8.532543,8.563738,8.126818,8.182805,7.539059,7.652478,7.9461856,7.2179027,8.710392,8.009295,8.034752,8.060687,8.290243,7.52432,7.3132367,6.140377,5.384656,7.3912683,9.381392,8.701641,8.24889,8.248651,5.6704082,7.245845,5.589221,5.563055,7.013451,6.220119,8.040387,5.529744,7.9514003,8.158776,8.544333,8.448552,8.667527,8.276013,7.976479,8.737114,8.137528,7.9525814,7.746567,7.681787,8.971466,8.509932,8.1190195,8.537235,7.347606,7.562705,7.931929,8.261331,7.7144165,7.729997,6.673713,7.6387033,7.734531,7.0526905,6.786655,7.511795,8.738325,8.652973,8.075403,7.882086,7.4011245,6.526568,6.9840117,6.477655,6.190209,8.70139,6.8519616,7.2038593,7.33624,6.871693,7.0736833,6.078997,6.705906,6.6094565,7.194763,7.507405,6.693154,7.3347163,7.0956283,6.867431,7.376621,7.953091,6.9191413,6.112068,6.9107237,7.212189,7.493307,7.3285437,6.5859017,7.7076163,6.378823,7.4780803
16,6.0727534,6.035312,7.8073125,7.658175,5.4346237,5.2141705,6.2613697,5.1373706,8.593325,7.7170367,7.2660623,8.477381,6.759883,6.8365226,3.882283,4.3001246,0.0,3.4332743,6.1991973,4.976867,4.498921,5.1875443,5.3920355,6.6073537,4.698482,4.6684747,5.988846,5.988846,6.892173,5.164651,5.1048293,4.8628902,8.455805,9.033151,9.687335,9.364851,8.704651,8.720511,8.650729,8.439077,8.801132,8.315062,9.298251,8.617917,9.297804,9.092494,9.907584,8.777819,7.90265,6.7747116,6.4751997,8.27971,10.215299,9.236815,8.789649,8.800225,6.6268873,8.006576,7.1607,7.155451,7.903062,7.2236176,8.378648,6.5638924,8.550139,9.416094,9.75867,9.745999,9.860683,9.663246,9.152692,9.925853,9.366878,8.942092,8.384651,8.387303,8.721286,8.4557295,9.172783,9.601547,8.088475,8.118429,8.546306,8.6286745,8.668674,8.652636,7.6602535,8.48975,8.297492,7.8880053,7.7214446,7.942081,10.203785,9.308135,8.620612,8.456415,8.412082,7.9129477,8.172313,7.831275,6.458558,9.226101,7.455978,7.684425,8.656457,8.3101845,7.6379757,7.5983787,7.4632483,7.5411243,7.9760447,8.535934,7.827973,8.9585285,8.960725,8.454195,9.356692,9.29579,7.313585,7.7917185,7.110655,7.3519106,7.6007338,7.383303,8.830082,8.752454,7.7675457,8.550357
17,5.347605,5.130923,6.726489,6.6257024,6.288801,6.025561,6.9646225,6.0617275,7.319244,6.1889343,6.067286,7.351932,5.5968184,5.6527667,2.3817616,3.0664194,3.4332743,0.0,4.864911,7.1953697,2.8524432,3.716493,6.030584,5.182435,5.4116626,5.391228,6.6169357,6.6169357,7.4386535,3.7185972,5.5924897,4.3721676,7.88789,8.085362,8.560766,8.496876,8.07733,8.094268,7.5963697,7.396319,7.875146,7.5430818,8.591033,7.9123573,8.323356,8.336303,9.22916,7.664775,7.204004,5.898931,5.515282,7.4874334,9.554451,8.638458,8.142883,8.151691,5.765898,7.3482537,5.729653,5.7209773,7.1687407,6.281821,7.939081,5.546483,7.562146,8.645568,8.868806,8.887251,8.9767885,8.695828,8.217452,9.035238,8.65584,8.218192,7.654478,7.631988,8.02386,7.510792,8.462268,8.908998,7.2754025,7.6037884,7.581314,7.925829,7.7107387,7.688468,6.867431,7.5703835,7.263767,7.0066056,6.823862,7.0984664,9.149446,8.295541,7.6387386,7.4687443,7.722099,7.086769,7.264293,6.8325233,5.42469,8.310367,6.4147334,6.6710486,7.852482,7.495281,6.7650423,6.8812704,6.5496984,6.6529703,7.39149,7.9439793,6.453143,7.6897826,7.740876,7.1678214,8.233238,8.178348,5.860648,6.4648604,5.7113075,5.969482,6.3187575,6.0935416,7.658109,7.7650967,6.4790764,7.3188076
18,7.147869,5.949113,8.031024,7.5956407,6.707878,6.394408,7.3344145,6.5798783,5.6462755,5.2529483,5.9690475,7.005069,6.6675677,6.5254045,3.489798,3.1456919,6.1991973,4.864911,0.0,6.881192,3.7296877,3.508345,4.3902445,5.1762433,3.9938598,3.906269,6.0657086,6.0657086,6.9448037,3.7952867,5.6987033,4.744039,7.4012074,7.5089374,8.741978,8.230565,8.228989,8.27503,7.9622154,8.193964,8.069944,7.277611,8.4568405,8.169327,7.7699137,7.863436,7.6067796,6.6595674,7.082465,6.102801,6.3049645,7.204217,8.835286,9.0096445,8.0638275,8.047132,5.3302383,7.310005,6.2051296,6.1766834,6.8402452,6.113655,7.7653437,4.9214034,7.8695955,7.760883,8.193967,7.7631655,8.336509,7.8834324,7.98675,8.407053,8.063138,7.7035303,8.177533,8.138847,9.002571,8.634472,7.901477,7.959787,7.058901,7.4856706,8.000158,8.264744,7.9028816,7.9257765,7.008348,7.8409777,7.567793,6.944105,6.6992908,7.415925,8.131126,8.964565,8.089386,7.9427323,7.700162,6.3235626,6.368312,5.7990417,5.2031994,8.320733,6.1365967,6.4664617,6.6557593,6.1564384,6.848507,5.749159,6.6183324,6.6785154,8.146945,8.194341,6.209308,6.0487275,6.2291093,6.120799,7.072895,7.9752817,6.5587106,5.4591613,7.0261564,7.0955224,7.42433,7.398697,5.9943504,7.9383574,6.9546046,7.3838124
19,8.152492,7.29459,9.715817,9.394447,5.729333,5.4967136,6.5005527,5.5840583,9.460873,9.172509,8.880283,9.740181,8.109869,8.185528,6.2339263,5.873055,4.976867,7.1953697,6.881192,0.0,6.9564295,7.2587667,5.3416834,8.994262,4.2687073,4.2787175,5.9018035,5.9018035,6.4955697,6.577056,4.729642,6.5399513,9.392404,9.112204,10.924871,10.593022,9.680801,9.70744,9.942841,9.938305,9.936346,9.105084,10.10827,9.540319,10.022792,9.69103,9.3132925,9.673877,8.917334,8.0973215,7.602748,9.463143,11.031805,10.431259,10.010107,10.01432,8.148108,8.964636,8.502812,8.482971,8.951271,8.567765,9.509481,8.274041,9.748659,9.046406,9.874275,9.559254,9.959363,9.714873,9.9276905,10.006492,9.152479,8.695994,9.1976185,9.217126,10.206044,9.9717455,9.000451,9.47236,8.597118,8.480199,9.530742,9.450085,9.55677,9.583789,8.70599,9.390574,9.437944,8.593035,8.435061,8.991306,10.035997,10.222648,9.65364,9.510532,9.017483,7.964905,8.0738,7.7430897,8.240888,10.290858,8.749204,8.900686,8.059922,7.6388645,8.133121,7.6201506,8.138726,8.172776,8.29964,8.2973,8.698529,8.987362,8.653859,8.623216,9.402682,10.395621,9.358527,8.225453,9.024297,9.370481,9.565923,9.310606,9.134618,10.176432,9.529259,9.825976
20,5.135098,4.326567,5.791644,5.4274583,5.8155813,5.312187,6.484743,5.624008,6.12931,5.8854513,5.7664948,7.1354017,6.596084,6.618814,2.8896203,3.2207296,4.498921,2.8524432,3.7296877,6.9564295,0.0,1.8548785,4.7466035,3.2552347,4.4023695,4.3702602,5.586072,5.586072,7.369546,3.5456755,5.248741,3.9557714,6.2222834,7.247989,8.187357,7.5973067,6.9417105,6.984256,7.561763,7.61833,7.715468,7.091821,7.389778,7.104432,7.107192,7.1442857,7.9822054,6.665125,6.3153424,5.024685,4.7034936,6.731632,9.0116625,8.51996,7.185531,7.191212,4.912076,6.670941,5.3932204,5.378789,6.563648,5.843426,7.205972,4.820591,6.7017117,7.566849,7.770706,7.6960044,7.907209,7.728207,7.857951,7.9697967,7.4500685,7.259874,7.1654997,7.096911,7.7022586,7.133828,7.2937207,7.6519547,6.474885,6.6898494,7.3708878,7.553337,7.621461,7.635833,6.5163574,7.3882055,6.768209,6.4668593,6.396929,6.584308,8.489916,7.7366652,7.3681707,7.2920184,7.438081,6.8963714,6.3939805,6.0708795,4.36358,8.035184,5.548516,5.9453855,6.9829097,6.5447464,5.8868747,6.482579,6.2362905,6.558362,7.6615996,7.8293653,5.6797976,6.60987,6.7208247,6.2259364,7.1676416,6.979491,5.298666,5.4644856,5.058177,5.865765,5.770365,5.6059923,6.8423395,7.5844507,6.5673127,6.4988465
21,6.236579,4.9324136,6.686132,6.2225804,6.375229,5.904609,7.2150717,6.267561,5.5615883,5.0922937,5.35782,6.524436,7.7733903,7.7276897,3.4326937,3.705486,5.1875443,3.716493,3.508345,7.2587667,1.8548785,0.0,4.3079967,3.2876513,4.445834,4.4157243,5.4785776,5.4785776,8.367961,3.2434108,5.6626053,3.9605708,6.4165497,7.0931516,8.153334,7.755458,7.223846,7.26846,7.930885,8.038265,7.7320137,7.1082544,7.425427,7.362861,7.1370177,7.1669865,7.8750863,6.5316234,6.231245,5.58694,4.96901,7.17505,9.25791,9.067159,7.2918673,7.2986226,5.5314107,7.1713214,5.3355885,5.316821,6.830367,6.3052597,7.5542936,5.2207546,6.7162433,7.4170985,7.7662606,7.6585736,7.859411,7.6184816,7.7439065,7.9362106,7.4338703,7.141479,7.4459844,7.4148693,7.7083893,7.1512804,7.2830124,7.524136,6.816898,7.098669,7.6962504,7.5385127,7.920713,7.9482965,6.749793,7.7246227,7.057762,6.6956396,6.671174,6.8859715,8.54027,7.768769,7.631214,7.5633855,7.928118,7.068443,6.599493,6.1932034,4.3709645,8.098701,5.7584486,6.1243935,7.066512,6.6542654,5.878918,6.0803275,6.586127,6.9252586,7.9968934,8.129313,5.9419417,6.5099277,6.798318,6.3815494,7.399248,6.9421816,5.0405436,5.0761,5.196727,6.3139796,5.836467,5.6958704,6.9695425,7.3885956,6.5972314,6.7146764
22,7.778405,6.5128555,8.588693,8.141281,5.987157,5.7124114,6.92176,6.12,7.8720093,7.175277,7.6592784,8.215478,8.859309,8.824725,5.2616854,5.159014,5.3920355,6.030584,4.3902445,5.3416834,4.7466035,4.3079967,0.0,5.014416,3.218903,3.0790634,5.329459,5.329459,7.9560122,5.2333245,5.2978106,5.2682824,7.489626,8.00525,8.980281,8.292303,8.2838335,8.3115,8.639287,8.792216,8.076555,7.862653,8.149222,8.506232,8.562728,8.466626,8.273039,6.941164,6.956022,6.689519,6.379109,8.001983,9.337288,9.33743,8.286926,8.266457,6.024888,7.474881,6.717651,6.7027926,7.541206,6.654903,8.550676,5.4984784,8.293092,8.109171,8.953267,8.622884,9.03049,8.939146,9.1979475,9.074552,8.561628,7.9259977,7.85582,7.8890023,8.997715,8.710261,8.136322,8.4081955,7.5071664,7.7823353,8.895889,8.560569,9.083048,9.119409,7.926934,8.923012,8.126203,7.268679,7.2473903,7.8751736,9.247533,9.306992,8.902098,8.824307,8.939666,7.5196853,7.186507,6.9846582,5.2213054,8.386695,6.1077056,6.453473,7.408075,6.985068,6.9272037,7.041158,7.4946036,7.79212,8.631761,8.688746,7.414237,7.4139605,7.7232757,7.5016212,8.951554,9.082635,7.200318,6.7985663,7.292303,7.949577,7.60869,7.599352,7.567904,8.914675,8.946336,8.387273
23,6.8435106,6.063537,6.4176645,6.0787263,7.2123814,6.8863473,7.7912254,7.2871385,7.1175427,6.865508,6.9334946,8.063324,9.030828,9.037465,5.541685,5.868742,6.6073537,5.182435,5.1762433,8.994262,3.2552347,3.2876513,5.014416,0.0,6.134063,6.058045,6.8294044,6.8294044,9.6697855,5.6477556,7.1320853,5.8089294,6.2325478,8.113449,8.207018,7.1588936,7.282438,7.3101006,8.063538,8.121311,7.82602,7.8241405,7.459687,7.5137277,7.5456357,7.7074947,8.7327585,6.378989,6.604564,5.8352003,5.7583923,7.2569246,9.133947,8.912468,7.488295,7.474023,5.450475,7.338192,6.262226,6.260919,7.185212,6.2631125,8.005318,4.9669175,7.1478066,8.439763,8.47271,8.452602,8.604487,8.547003,8.880345,8.650065,8.333676,8.241762,7.294493,7.227643,8.203747,7.7388663,8.028536,8.302319,7.364158,7.5903425,8.505835,8.395446,8.967616,8.984531,7.715974,8.713164,7.4619536,7.110068,7.2095437,7.4103756,9.512674,8.49278,8.388345,8.395059,8.708412,8.253785,7.366977,7.213431,3.90986,8.00699,5.135312,5.6035547,8.063068,7.708588,6.6755276,8.168325,7.4733405,7.9877696,9.015239,9.107627,6.5995183,7.394896,7.7411942,7.1833196,8.428193,7.5369043,5.6210723,6.6245575,5.646143,6.676899,6.0416727,6.1301103,7.273494,8.510257,8.214895,6.9010243
24,6.9767203,6.0077457,7.9435234,7.433574,5.229071,4.8740435,5.872861,5.1452374,7.197005,6.6861,7.1127653,7.94628,7.457376,7.419369,4.2028666,4.06122,4.698482,5.4116626,3.9938598,4.2687073,4.4023695,4.445834,3.218903,6.134063,0.0,0.24124722,4.3397923,4.3397923,5.6922565,4.3850727,3.533858,3.4727561,7.1927786,7.6042094,9.157818,8.482669,7.6868896,7.738504,8.400067,8.602644,8.343241,7.1060934,8.165695,8.120113,7.8559937,7.691961,7.742748,7.2344713,6.761329,5.8697395,5.9032817,7.2604766,9.167574,9.228423,7.710574,7.7075024,5.19427,6.8241315,6.34991,6.3186064,6.9796524,6.5929956,7.408327,5.29931,7.918916,7.737524,8.392825,8.083008,8.543481,8.424058,7.9644556,8.579467,7.964308,7.454638,8.50078,8.496331,8.585851,8.268397,7.7591124,7.847797,6.998205,7.1455345,7.7515106,7.7388,7.523639,7.554451,6.4483895,7.4471974,7.6507144,7.2322593,6.957213,7.3160305,8.543823,8.760813,7.952103,7.756482,7.290641,6.0200286,6.66466,6.3839135,6.1436596,8.886663,6.8173275,7.0742884,6.899537,6.4106407,6.519406,6.0873094,6.332724,6.2315497,7.8629675,8.223388,6.8418884,6.852369,7.203328,6.98754,8.251098,8.737205,7.3913417,6.564378,6.8072977,7.2714486,7.2872148,7.1168365,7.2123027,8.429745,7.701657,8.090919
25,7.003641,6.0522776,7.991886,7.4906754,5.2230473,4.8766913,5.9106994,5.148199,7.232107,6.7389665,7.155348,7.9900465,7.4591722,7.416892,4.1718516,4.025079,4.6684747,5.391228,3.906269,4.2787175,4.3702602,4.4157243,3.0790634,6.058045,0.24124722,0.0,4.36214,4.36214,5.72782,4.3965735,3.674737,3.5835652,7.1906404,7.662209,9.161714,8.461474,7.7183642,7.7689514,8.402647,8.605151,8.353876,7.14729,8.194399,8.14943,7.9104233,7.758228,7.791203,7.2254295,6.777912,5.8825502,5.95083,7.2802596,9.146429,9.205551,7.7600365,7.75454,5.177086,6.7982035,6.4157553,6.385436,6.9881725,6.5542254,7.44562,5.2568784,7.983894,7.8144884,8.456232,8.14523,8.609287,8.494129,8.054212,8.647138,8.028932,7.534491,8.474258,8.468299,8.665088,8.34661,7.8138237,7.9163966,7.04045,7.1890626,7.835581,7.8278036,7.6150107,7.645603,6.5211673,7.5372267,7.70466,7.262704,6.990418,7.3777623,8.619477,8.840567,8.034672,7.842313,7.356874,6.1063156,6.7263546,6.4561768,6.0768237,8.881125,6.7949,7.0565157,6.966817,6.4783354,6.6020613,6.1018877,6.4203405,6.3275642,7.9213085,8.272251,6.9046564,6.920227,7.2579246,7.043335,8.255191,8.740503,7.4044957,6.59071,6.891548,7.343633,7.3597193,7.1986732,7.175858,8.404034,7.715387,8.11592
26,7.837422,6.6184077,6.7237086,6.1688604,3.886941,3.5286472,4.9472237,4.0554695,6.8607316,7.471076,6.431529,8.644397,8.567227,8.555308,5.4092336,5.3814855,5.988846,6.6169357,6.0657086,5.9018035,5.586072,5.4785776,5.329459,6.8294044,4.3397923,4.36214,0.0,0.0,8.182299,5.365526,5.5671334,5.478799,7.1737633,6.4775543,8.286559,8.43888,7.3795896,7.471701,7.7169933,7.8970876,8.528369,7.9710274,8.538625,7.4597225,7.1729584,7.0370317,8.532266,8.07495,7.6815457,6.544706,5.4287715,7.8818254,10.012721,10.000922,8.351792,8.358731,6.562713,7.8336487,6.2366195,6.210281,7.9179487,7.6576405,8.494694,6.8997116,7.599936,8.407717,7.9808545,8.591712,8.223152,8.103814,7.7153,8.287155,6.9513216,8.034835,8.133369,7.9835973,8.910633,8.602822,7.34507,7.512738,8.013252,7.2194457,8.451184,8.174726,8.345862,8.386482,6.201479,8.096066,8.37886,7.9196787,7.7518697,7.973448,9.209392,7.881459,8.569864,8.443305,6.581975,7.2571874,7.6411633,7.4549117,7.246351,9.0237055,7.3477545,7.6459694,8.164811,7.7645025,7.0570254,7.4597907,7.2698894,7.2462597,8.429795,8.63873,7.6472936,8.234912,8.1008,7.863969,7.4469404,6.8414087,7.7242875,7.1717424,7.2187443,8.499789,7.807241,7.607045,6.6721654,7.9253783,6.8421726,7.172438
27,7.837422,6.6184077,6.7237086,6.1688604,3.886941,3.5286472,4.9472237,4.0554695,6.8607316,7.471076,6.431529,8.644397,8.567227,8.555308,5.4092336,5.3814855,5.988846,6.6169357,6.0657086,5.9018035,5.586072,5.4785776,5.329459,6.8294044,4.3397923,4.36214,0.0,0.0,8.182299,5.365526,5.5671334,5.478799,7.1737633,6.4775543,8.286559,8.43888,7.3795896,7.471701,7.7169933,7.8970876,8.528369,7.9710274,8.538625,7.4597225,7.1729584,7.0370317,8.532266,8.07495,7.6815457,6.544706,5.4287715,7.8818254,10.012721,10.000922,8.351792,8.358731,6.562713,7.8336487,6.2366195,6.210281,7.9179487,7.6576405,8.494694,6.8997116,7.599936,8.407717,7.9808545,8.591712,8.223152,8.103814,7.7153,8.287155,6.9513216,8.034835,8.133369,7.9835973,8.910633,8.602822,7.34507,7.512738,8.013252,7.2194457,8.451184,8.174726,8.345862,8.386482,6.201479,8.096066,8.37886,7.9196787,7.7518697,7.973448,9.209392,7.881459,8.569864,8.443305,6.581975,7.2571874,7.6411633,7.4549117,7.246351,9.0237055,7.3477545,7.6459694,8.164811,7.7645025,7.0570254,7.4597907,7.2698894,7.2462597,8.429795,8.63873,7.6472936,8.234912,8.1008,7.863969,7.4469404,6.8414087,7.7242875,7.1717424,7.2187443,8.499789,7.807241,7.607045,6.6721654,7.9253783,6.8421726,7.172438
28,7.695986,8.034813,9.521445,9.202564,7.49541,7.1581416,7.5567985,7.232526,9.840448,9.445259,9.80332,10.515199,5.3938937,5.3100867,6.6506643,6.481877,6.892173,7.4386535,6.9448037,6.4955697,7.369546,8.367961,7.9560122,9.6697855,5.6922565,5.72782,8.182299,8.182299,0.0,8.1364,6.4252152,6.7284994,10.246641,10.288871,11.842591,11.53198,10.556559,10.597283,10.264193,10.446182,11.206678,10.087235,10.861199,10.95038,10.523196,10.332574,10.274364,10.326076,10.0336,8.275579,9.296187,9.164966,10.883179,10.994477,10.354697,10.358672,7.6312017,8.701378,9.455612,9.432007,9.521079,8.932486,9.412489,7.9597263,10.54332,10.238983,10.756144,10.402789,10.952218,10.76112,10.428266,10.976689,10.522491,9.990168,11.354565,11.316831,10.940207,10.656572,10.393264,10.344787,8.792035,8.973388,9.271648,10.237814,8.965317,8.941588,8.675706,8.896922,9.430897,9.404043,8.99814,9.053348,9.601825,11.022473,9.594684,9.385652,8.890668,8.171135,8.645631,8.386246,9.329283,10.942841,9.424381,9.6818285,8.914142,8.500842,9.361878,9.192457,8.208533,7.961564,10.440345,10.7354145,8.783351,8.811819,9.138697,8.934786,9.882334,11.434264,10.308387,9.577767,9.529318,8.741624,10.027131,9.779551,9.725393,11.102125,9.546075,10.225384
29,6.4304037,4.6748085,7.1069775,6.7922983,5.809022,5.585033,6.6377206,5.679932,6.4586473,5.582052,5.78237,7.1595397,6.9385395,6.9587584,2.8860335,2.7629416,5.164651,3.7185972,3.7952867,6.577056,3.5456755,3.2434108,5.2333245,5.6477556,4.3850727,4.3965735,5.365526,5.365526,8.1364,0.0,4.7400446,3.957293,7.431276,6.783038,8.222833,8.000992,7.492791,7.5469236,7.749688,7.691502,7.4786177,6.7975974,8.103382,7.2956266,7.532051,7.606458,7.8260703,7.0733466,6.820956,6.1831036,4.7116957,7.521454,9.546022,8.970834,7.776426,7.7823763,5.8125944,7.4134226,4.840638,4.8048263,6.911701,6.488682,7.7586756,5.7854066,7.1959586,7.346335,7.6984663,7.6314816,7.8162255,7.6242,7.2443986,7.8634086,7.3073406,6.9553604,7.4183435,7.4101567,7.9820886,7.4578414,7.2071767,7.6225386,6.9977646,7.3193026,7.215458,7.155623,7.1925383,7.2349076,6.284908,7.1429353,7.215424,6.746208,6.5480433,7.125437,8.300549,7.7827682,7.3477836,7.159919,6.900462,5.595981,6.30119,5.962019,5.782382,8.402752,6.5031724,6.747493,6.4916253,6.046183,5.8023806,4.4578795,5.8451104,5.7863135,6.11419,6.5020113,6.05298,6.593399,6.444901,6.2266393,7.1364565,7.4795637,5.9010763,4.783935,5.832174,6.7127614,6.3849955,6.1530833,6.5458903,7.032805,6.288793,7.335716
30,6.8151946,5.835112,7.263882,7.3059025,5.737983,5.5604,5.8851385,5.7278275,7.9848337,7.0989013,7.3097363,7.2500253,7.372491,7.504577,4.935901,4.7957516,5.1048293,5.5924897,5.6987033,4.729642,5.248741,5.6626053,5.2978106,7.1320853,3.533858,3.674737,5.5671334,5.5671334,6.4252152,4.7400446,0.0,3.4534743,7.727603,7.5823927,8.602329,8.249956,7.158292,7.2161946,7.802917,7.755162,7.526738,6.0752525,7.661366,7.119224,7.398787,7.1721473,7.094012,7.019567,6.922196,6.2056217,5.346424,6.6199155,8.987321,8.335727,7.0244784,7.0391407,6.026481,7.4485683,6.023894,5.9899397,7.1742444,6.9028172,7.6392264,6.183173,7.730363,7.083028,8.236884,7.920926,8.041118,8.10491,7.6409235,8.036952,7.4093165,6.6727824,7.6743307,7.721793,7.8222466,7.409328,7.3169312,7.9952097,6.5960226,6.8051686,6.74567,6.731323,6.645193,6.6715536,6.4178853,6.5970716,6.983494,6.219254,6.0472603,6.6351976,8.0673895,8.013992,6.9480147,6.7248707,6.602292,4.945578,5.8012733,5.577333,7.099002,8.611827,6.592553,6.8461103,6.0694704,6.147847,5.5152707,6.838104,5.2399487,5.034991,5.9283323,6.454764,6.097401,6.5857577,6.5155377,6.2694077,8.362803,9.094996,7.3452177,6.97069,6.0892134,6.6468644,6.6137094,6.2379246,7.4650126,9.145154,8.2479315,8.01909
31,6.4223857,5.647111,6.7310853,6.6729083,6.0970836,5.8473845,6.5533266,6.0299525,6.616799,5.4121747,6.127619,6.057519,7.445881,7.411244,4.07081,4.3877153,4.8628902,4.3721676,4.744039,6.5399513,3.9557714,3.9605708,5.2682824,5.8089294,3.4727561,3.5835652,5.478799,5.478799,6.7284994,3.957293,3.4534743,0.0,7.132295,7.7127314,8.300367,7.791295,6.6417704,6.700909,7.6436157,7.650345,7.536065,5.849878,7.2457023,6.990552,6.664836,6.520453,7.382872,6.410502,6.5499926,5.699224,5.608142,6.1132355,8.713994,8.669554,6.2406087,6.2620506,5.282384,7.1199927,5.7971454,5.7628355,6.9341965,6.8047714,6.934284,5.370954,7.1888247,7.4718046,8.214604,8.02286,8.0355425,8.161273,7.1238523,8.065677,7.616173,6.9816265,8.420605,8.448986,7.1306424,6.68279,7.5692506,7.831614,6.5866237,6.8900805,6.3684826,6.378359,6.2091594,6.212983,5.8620067,6.1900945,6.6282363,6.534598,6.319583,6.335884,8.077316,7.684694,6.5625854,6.325588,6.412156,5.173664,6.1481504,5.9271355,6.157873,8.466555,6.2984076,6.5353155,6.678681,6.784052,5.420387,6.2448506,5.102534,4.881992,7.223982,7.94645,5.701159,6.1803374,6.8070955,6.2997146,8.101483,8.1572895,5.915621,6.398232,4.997373,5.6119366,5.4412413,5.0318522,7.574151,8.128733,6.8714952,7.5801654
32,6.5277915,7.581299,7.1353927,6.78152,7.7498837,7.470529,7.6696725,7.6970606,7.459084,8.371969,7.8289933,9.632755,10.646519,10.694237,7.697872,7.8002496,8.455805,7.88789,7.4012074,9.392404,6.2222834,6.4165497,7.489626,6.2325478,7.1927786,7.1906404,7.1737633,7.1737633,10.246641,7.431276,7.727603,7.132295,0.0,6.2089295,7.2400007,6.773178,5.7048864,5.7843113,8.219471,8.360634,8.386026,6.7416987,5.6143847,6.07113,6.007384,5.9983616,6.173194,6.5680904,3.889421,3.9394467,5.0313063,6.529327,6.8926644,7.374581,5.997335,5.990183,4.859427,5.783227,6.429457,6.4298987,4.420532,4.8123155,4.4273586,5.333056,5.256199,6.5333548,5.946549,5.843969,6.1884656,6.1839023,6.100745,6.2494645,5.8104925,6.3101974,6.4531775,6.35132,6.71211,6.1876254,5.588907,5.8493505,5.5077696,5.077055,6.555933,6.313949,6.733461,6.791567,5.272379,6.415769,6.0598555,6.331478,6.1041327,5.945107,8.296588,6.703782,6.456583,6.5137687,7.492408,7.8361535,7.460403,7.283625,6.039775,7.856642,6.8936424,7.0693913,8.101137,7.786221,6.8681464,8.233018,7.3864474,7.6453633,8.768256,8.842319,6.9793887,7.687876,7.71283,7.339463,7.8542805,7.082126,7.0265765,7.191777,6.4111047,7.575288,6.855935,6.771527,6.093893,6.3326664,6.7037897,5.26173
