,0,1,2,3,4,5,6,7,8,9,10,11,12,13,14,15,16,17,18,19,20,21,22,23,24,25,26,27,28,29,30,31,32,33,34,35,36,37,38,39,40,41,42,43,44,45,46,47,48,49,50,51,52,53,54,55,56,57,58,59,60,61,62,63,64,65,66,67,68,69,70,71,72,73,74,75,76,77,78,79,80,81,82,83,84,85,86,87,88,89,90,91,92,93,94,95,96,97,98,99,100,101,102,103,104,105,106,107,108,109,110,111,112,113,114,115,116,117,118,119,120,121,122,123,124,125,126,127
0,0.0,3.7171886,4.3812613,1.4065071,5.6899405,2.4380326,2.3020556,3.2040403,4.176775,3.4491682,4.560725,4.8878083,5.1692524,6.064833,5.3415055,6.4167604,5.012018,4.981125,3.5062923,5.3247256,3.5339143,4.4964385,3.933803,5.0387354,6.316937,6.91175,7.235435,7.605178,7.4053454,8.24482,7.040123,7.868309,5.6343923,7.38506,6.1550126,7.112859,6.1248074,6.254263,6.287846,5.559416,9.012802,9.252019,9.183565,8.947203,8.193424,8.06817,6.343361,6.305072,8.845124,7.548912,8.17418,9.425835,6.665774,7.4848657,7.174437,7.6788,6.1842284,6.8684616,4.4042425,5.787075,6.8992643,4.5372415,7.52121,7.366903,5.9229803,6.793777,7.313038,8.227736,7.8325214,8.068392,7.509069,7.779102,7.472044,7.010331,5.5187125,6.1214247,6.6728425,8.178371,7.830243,7.506421,8.615864,9.22891,7.3067594,7.228141,6.292558,6.6717877,5.4027653,6.9641733,5.6462946,6.9787803,4.901207,5.9781594,7.9988203,6.7741942,5.22394,5.54229,8.052467,8.010794,7.234906,6.270808,7.711603,5.7136993,8.453348,6.6051145,6.858836,6.5646534,6.28903,6.7686257,7.5225706,4.692715,6.761427,6.501398,7.4492764,6.1791625,8.008609,6.6657677,5.795066,5.8745246,5.9111147,6.078209,7.4562407,6.331928,6.1746235,6.172416,5.4463835,5.684531,4.8920255,7.4117885
1,3.7171886,0.0,3.2298834,3.322147,5.4288325,3.827443,4.2540474,4.1731844,5.535813,4.0849433,5.3897305,5.8664737,5.050282,4.846036,5.919034,6.0402203,5.6717343,5.27876,4.1983476,5.4071746,4.421894,5.2514668,5.013979,5.726753,6.1581697,6.67131,6.8329363,6.7707505,7.1134496,7.654351,7.703725,7.353421,5.5390954,6.48265,6.583202,7.409743,5.052982,4.9207487,5.0773864,5.3863,9.443408,9.174323,9.535829,9.598343,7.926049,7.6940393,6.190686,6.1646585,8.364062,6.897765,7.6838202,8.949894,6.495231,7.386628,7.3422728,7.4921927,6.003384,6.7048283,4.3995028,5.9287214,6.419005,4.410623,6.997757,6.984141,6.267958,6.437994,7.5199275,7.8027754,7.426659,7.6785164,8.340129,7.9789357,6.4917755,7.3769054,5.916853,5.3259172,6.4824476,7.032373,6.990609,7.9389114,8.416883,9.097194,6.3250556,6.990446,6.322288,5.9034147,5.9839783,6.7686925,5.282908,7.2344837,5.9747543,6.1417127,8.497929,6.9845266,5.324412,5.496137,7.51186,7.5762243,6.7601843,5.8761673,8.094153,5.6133575,8.289261,6.179464,6.2367487,6.421365,6.164127,6.685662,7.0048156,3.3682017,5.651956,5.340403,7.7830715,5.678444,7.891485,6.433042,5.192583,5.105301,4.8795896,5.349269,7.6190324,6.153315,6.323148,6.317283,4.831176,5.152376,4.395586,7.123781
2,4.3812613,3.2298834,0.0,4.1300807,6.338645,4.2175317,4.6274424,5.051516,5.722486,4.053192,5.602514,6.1433415,4.4630995,4.947548,6.4737554,5.539532,6.223199,5.6972117,5.0443897,6.5112805,4.8928304,5.499394,5.1420813,6.1437426,5.8797154,6.7082376,6.627798,7.144035,6.6245046,7.6708922,7.700757,7.3767962,5.2710247,5.206899,6.5240226,7.2794757,5.4187217,5.259973,5.432029,6.5899143,9.648071,8.929805,9.703616,9.519584,7.7993374,7.618734,6.1568055,6.1190934,7.5155435,6.0593095,6.6651134,8.320018,6.8052187,7.482736,7.2195067,7.8668103,5.673676,6.4529624,3.772074,5.6210146,6.4549284,4.1021,7.0891542,7.137242,7.085536,6.34772,8.325478,7.857252,8.571019,8.766568,8.48609,7.584598,6.48499,7.8783584,6.6917477,4.9947877,5.560414,7.23329,6.8393726,8.317457,9.1444645,9.681233,6.747534,6.4755325,5.8948975,6.3512745,6.6881647,7.641467,5.167932,7.716987,6.2888513,5.698212,8.603074,7.583291,6.438442,6.61249,7.898673,7.94354,6.7358336,5.984238,7.877393,5.7006936,8.48148,6.4052005,6.314818,6.0406384,5.9879537,6.686865,6.288231,3.481176,5.486136,5.2578626,8.302573,5.871411,7.8017163,6.5627384,5.340737,5.247391,5.4139585,5.49179,7.3094735,5.976585,5.8256454,5.818824,4.5281444,4.557413,3.5594137,6.5447354
3,1.4065071,3.322147,4.1300807,0.0,5.389916,2.3774776,2.08645,2.9762015,3.8793976,3.0926554,3.8858292,4.66927,4.4525037,5.495574,5.0101833,6.238857,4.7470956,4.1016526,3.0164812,5.0444927,2.79621,3.7586985,3.2271068,4.543706,5.8820996,6.3937216,6.6453476,7.095029,7.07865,7.8884826,6.7513595,7.613488,5.259211,7.1581173,5.5872107,6.5103517,5.787137,5.870302,5.9264474,5.162706,8.765625,9.000432,8.874864,8.64705,7.952914,7.8329315,6.2734323,6.2286844,8.628028,7.3003736,7.895212,9.235638,6.5659795,7.4867578,7.1127963,7.62359,5.8357306,6.571127,4.2435274,5.5354667,6.5543175,4.1475387,7.2210617,7.271526,5.7952633,6.6786056,7.2066126,8.091137,7.535172,7.736819,7.490624,7.7360744,7.274281,6.7767906,5.3486667,5.996914,6.455669,8.010255,7.7159038,7.33372,8.233194,8.922845,6.927226,6.8097034,6.0294423,6.402423,5.2572436,6.47989,5.5637116,6.53964,4.7266006,5.8916655,7.7173667,6.4793687,4.900787,5.123303,7.9075418,7.9270616,6.930685,5.941696,7.680645,5.2676897,8.370516,6.3254595,6.674964,6.2199717,5.9635158,6.644428,7.1773925,4.705659,6.369782,6.16312,7.238236,5.821018,7.834949,6.478319,5.5309453,5.5997424,5.518944,5.721606,7.6451483,6.390816,6.1782537,6.177676,4.992826,5.293276,4.311516,7.0896444
4,5.6899405,5.4288325,6.338645,5.389916,0.0,5.325356,5.248234,4.743597,7.14584,5.81862,6.7568,7.478448,6.701601,6.86536,6.9553585,8.168462,6.9310455,6.4816937,5.5129585,6.922274,6.264684,6.3292427,6.153754,6.659623,7.6642103,8.215828,8.119528,7.931503,8.363345,9.1044,8.508844,8.995228,7.156818,8.273361,8.173268,8.426944,6.414758,6.5217648,6.6295195,6.301295,9.773092,9.810698,9.046138,9.178316,8.573897,8.499763,8.513036,8.491578,8.047259,9.171717,7.7321873,8.139956,7.2006183,7.5026727,7.5641584,7.3207626,4.664816,5.6431637,7.151483,7.7571383,7.9090867,5.485135,6.7872043,7.5128074,7.4323626,6.570707,7.443677,7.5176077,5.473515,5.7340245,8.19812,8.265111,6.595306,5.472907,6.914201,7.782971,6.948368,6.6123233,6.605721,7.0849714,8.08456,8.863886,5.954502,7.637762,7.3106537,7.1082926,7.3775043,7.2316923,7.5424027,8.6330805,7.2895856,8.132985,8.0671835,6.7497168,7.181791,7.339765,6.098253,6.939445,8.416414,7.982079,8.061628,7.252418,8.635781,8.316801,7.5206604,7.8618426,7.791884,8.612919,6.118412,6.8559675,8.0622225,8.266522,7.3123107,6.5403886,7.8069882,8.801816,7.6755133,7.433923,6.8848124,7.3917336,7.556431,5.6259756,5.618051,5.614204,7.219059,6.803078,6.143067,7.224104
5,2.4380326,3.827443,4.2175317,2.3774776,5.325356,0.0,1.327997,3.5450985,4.8462796,3.470593,4.482835,5.4522185,4.5318956,5.805069,4.615312,6.2361565,4.6264567,4.13276,2.8679123,5.6999655,3.6439168,3.6381207,3.18383,4.434246,5.693751,6.1117463,6.393736,6.836718,6.7973504,8.123306,6.7152333,8.165019,5.7046924,6.7744226,6.6446857,6.817089,6.1283484,6.2350726,6.295059,5.8408318,9.594807,9.659747,9.432568,9.582272,8.48197,8.396274,6.67774,6.6298003,8.868308,7.70785,7.8947263,9.241309,6.9368014,7.8291125,7.630655,8.211903,6.1197915,6.8046417,4.0576406,5.816071,6.823065,4.952876,6.8790436,7.793643,5.915391,6.666089,7.808819,8.756549,8.080326,8.267172,8.072487,8.132326,7.2354836,7.0793004,5.9891534,6.2877674,6.605754,8.402148,8.036352,7.878861,8.485442,9.353239,6.699017,6.7671437,5.6605554,6.045091,5.5617566,6.8187213,5.5291204,6.827839,5.152628,6.3409104,8.133959,6.917272,5.486822,5.8895664,7.5779033,8.322003,7.6077266,6.5002933,7.9005723,5.659481,7.931341,6.853209,6.7417006,6.412713,6.3085318,7.041825,7.357357,4.6092224,6.2707047,6.494875,7.329155,5.466473,8.581999,7.301337,6.146343,6.2347155,6.2979608,6.284801,8.269999,6.874624,6.848701,6.8462114,5.6454277,6.0257363,4.547321,7.6026435
6,2.3020556,4.2540474,4.6274424,2.08645,5.248234,1.327997,0.0,3.2975316,4.2242756,3.448027,4.15576,4.8289156,4.6590266,5.957203,4.63808,6.502429,4.5505667,3.8370523,2.5320218,5.5652657,3.3861454,3.417674,2.7122588,4.357215,5.679596,6.327211,6.5152597,6.969835,6.964194,7.863792,6.592892,8.269588,5.611703,7.015167,6.543624,6.323517,6.2654505,6.3444614,6.373731,5.66127,9.237497,9.4591055,8.986252,9.033762,8.383986,8.293926,6.9429874,6.8961377,8.934427,7.6946344,8.1333475,9.306903,6.9193263,7.8750267,7.7693086,8.298135,6.1674905,6.7963705,4.55552,6.237279,6.8884296,5.1350546,7.2369657,8.012609,6.2215204,7.0292377,7.5883346,8.575181,7.9283004,8.115601,7.704889,7.9183617,7.6150537,6.968277,6.1039243,6.656078,6.647804,8.569305,8.264634,7.8758664,8.538877,9.158509,6.8545384,6.548537,5.597442,6.1056056,5.652689,6.8363156,5.907525,6.8630276,5.098802,6.1846933,8.065229,7.070475,5.609261,5.9624033,7.7606945,8.4781685,7.4223385,6.457731,7.9404726,5.8543572,8.31826,7.129056,6.957032,6.6180634,6.4086833,6.926463,7.545244,5.437148,6.858606,7.0502076,7.1362166,5.781895,8.393065,7.173462,6.423683,6.485474,6.381134,6.594546,8.016457,7.0162,6.8569117,6.855361,5.954996,6.096457,4.7041345,7.6976147
7,3.2040403,4.1731844,5.051516,2.9762015,4.743597,3.5450985,3.2975316,0.0,4.727661,3.613886,4.4731073,5.1388183,4.9849014,5.9259667,4.9252973,6.2879753,5.0843973,4.856441,3.5665288,5.661235,4.1582856,4.493298,4.285948,5.374651,6.2357078,6.650275,7.188481,7.5485673,7.6638465,8.404715,7.3826714,8.2592,6.0262933,7.654668,6.1618824,6.9564867,6.3468986,6.4831004,6.5435033,5.8858366,8.350022,8.624466,8.072302,8.190715,7.7662807,7.639506,6.4615746,6.424232,8.26774,8.061134,7.8675733,8.583223,6.9986987,7.6151094,7.190952,7.8063936,5.1970515,5.97403,5.554692,6.1789308,7.2923226,4.2357783,6.934017,7.063564,6.1790314,6.2630553,6.832351,7.177244,7.2606573,7.42605,7.427209,7.5918455,6.9126453,6.1224327,5.242162,6.0970974,7.315739,7.1286945,6.8653717,6.4395285,7.8780327,8.318672,6.329285,7.5990787,6.073451,6.0488343,5.3412423,6.270193,5.763239,6.619822,5.438179,6.323681,7.584621,6.2964005,5.295531,5.5337253,7.1201863,7.2075534,7.397359,6.1177692,7.8649845,6.0987163,8.743379,6.669619,7.0107145,6.7376657,6.410348,6.680306,6.738415,5.6729693,7.042424,6.8944955,6.910126,5.8270226,7.0684705,6.698964,5.931625,5.8191657,6.274174,5.903524,6.7073193,5.452647,5.6807323,5.6788955,6.011101,5.7077756,4.5849714,7.1386714
8,4.176775,5.535813,5.722486,3.8793976,7.14584,4.8462796,4.2242756,4.727661,0.0,3.358909,3.6580951,3.2449136,4.5370455,5.6044564,4.903559,6.2275276,6.068394,5.186484,4.780538,6.0133576,4.573956,4.5998697,4.770658,5.023984,6.5301886,6.836114,7.12449,7.4603553,7.807295,7.0044117,6.890003,7.998098,5.777656,7.582726,5.9251847,5.7070966,6.4742126,6.941107,7.0291243,6.362343,6.992202,7.2998056,7.232994,7.287143,6.806821,7.14842,6.455689,6.411153,8.4619465,5.725247,8.19111,9.581959,6.580057,7.3556776,7.422698,7.846438,6.526042,7.0804224,4.631735,5.4916353,6.9283643,4.863119,7.86363,7.9038277,6.1000547,7.100421,6.1210275,7.611674,8.499948,8.2246065,6.5538173,6.8616815,7.9215765,7.025067,6.303492,6.919961,7.18446,8.7003765,8.440249,7.865565,8.452579,9.267675,7.863514,7.637728,6.3071294,6.736934,5.518167,6.3444395,6.015952,6.380988,5.0953546,4.973487,7.752159,7.050006,5.6751747,5.895145,8.573672,8.552312,6.113368,5.191208,7.3132844,6.645974,8.380075,7.058555,7.008791,6.6974816,6.841832,6.320954,8.277408,6.713099,7.16529,7.4098964,6.412947,6.452866,7.443069,5.9882135,6.7954597,6.9086494,6.6063466,6.7465935,6.877627,7.4112434,6.6581383,6.665712,5.7865367,6.1364765,5.0010448,8.007294
9,3.4491682,4.0849433,4.053192,3.0926554,5.81862,3.470593,3.448027,3.613886,3.358909,0.0,2.9781883,4.526202,2.6412098,3.7251043,4.375219,4.663012,5.386884,4.4517546,3.8135219,5.576904,3.7673378,3.6655698,3.925513,4.618057,6.1041007,6.2069283,6.1280828,6.5892105,6.4348574,7.4268355,6.7416334,7.207246,5.2533975,6.5369873,5.567243,6.807959,5.325191,5.815487,5.7665815,5.6249995,8.316487,8.50095,8.249313,8.567151,7.623768,7.8910656,5.651167,5.617055,7.580796,6.549471,6.9732227,8.579585,6.069166,6.9365044,6.650205,7.0333157,4.8969455,5.85198,3.3534024,4.7225847,6.0970464,3.0026238,6.8028555,6.943392,5.7277927,6.0742335,7.092314,7.889211,7.728792,7.4340816,7.8870983,7.649894,6.8170905,6.417709,5.7803125,5.766184,6.3565364,7.5596285,7.3078613,7.4467196,8.253236,8.460564,6.8202524,6.8661494,5.180488,5.5362554,5.033347,5.901248,4.96979,6.2282653,4.7598014,5.430466,7.650029,6.2183332,5.069345,5.209268,7.689047,7.7804217,6.626809,5.5549607,7.5973673,5.430985,8.547555,6.418197,5.9375725,5.7659106,6.3006215,6.332423,6.960728,5.2139325,5.9309034,6.3026996,7.2463875,5.349189,7.879328,6.7822084,5.977262,5.937288,5.7764235,5.8416224,7.117234,5.856279,5.753972,5.7611823,4.448592,4.741141,2.8295286,6.85481
10,4.560725,5.3897305,5.602514,3.8858292,6.7568,4.482835,4.15576,4.4731073,3.6580951,2.9781883,0.0,3.5356145,2.657383,4.037524,4.633196,5.775798,5.716464,3.4166615,3.9288936,5.7500434,3.4159803,3.0020368,3.5682201,4.997205,6.118925,7.1897635,6.9630475,7.3625355,7.860275,8.610205,7.674964,8.4721155,6.191289,7.801179,4.9199004,6.250781,6.361833,6.775795,6.7965474,6.1648097,8.177685,8.508475,8.255115,8.538766,8.174199,8.455098,6.454628,6.3884053,8.689881,7.335767,7.73094,9.313814,6.725928,7.542177,7.183522,7.91847,6.274062,6.5797343,4.4242206,5.871862,6.544836,4.3345747,7.275246,7.5216203,5.9578533,6.942083,7.423617,8.681809,8.401307,8.057758,8.204084,8.324702,7.7189717,6.8489823,6.026195,6.6647654,7.155786,8.450864,8.289031,7.8618226,8.105617,8.06074,7.7121215,7.596667,6.023998,6.412773,5.3489923,5.5012236,5.9064927,5.857603,5.0557733,6.160283,6.7749395,6.7442374,5.6104555,5.543027,8.603902,8.657596,6.961587,6.27198,8.246878,6.4631925,8.809985,7.1221128,6.7808046,6.459898,6.8426976,7.0944633,7.794456,6.6367254,6.5768313,6.8618436,7.5789804,6.2417274,8.61275,7.4066505,6.384589,6.538646,6.387246,6.553381,8.18872,7.1993017,7.5525475,7.556547,4.69997,4.743788,4.06035,7.221899
11,4.8878083,5.8664737,6.1433415,4.66927,7.478448,5.4522185,4.8289156,5.1388183,3.2449136,4.526202,3.5356145,0.0,5.3634105,6.1343036,5.645403,6.5088415,6.11951,5.008226,4.617967,6.4217973,4.466329,4.1260424,4.4685054,5.9578385,6.4333434,8.232987,8.498737,8.912556,8.944504,8.358688,8.631446,9.646227,6.6398034,8.104737,6.1274395,5.67357,7.036237,7.599609,7.583225,7.0258102,7.6197877,7.9720216,7.6041207,8.005255,7.4168353,7.76021,7.239703,7.171207,9.109185,6.4558234,8.490146,9.692974,6.892157,7.6844406,7.657403,8.558685,7.169742,7.1689286,5.739584,7.4549804,7.2196383,5.518416,7.636365,7.807073,6.926202,7.7654243,6.907091,8.280311,9.120951,8.888335,7.2054815,7.384693,8.638246,7.8029013,6.883097,7.3332753,8.039342,9.173004,8.950967,8.74252,9.262443,8.533598,8.436616,8.366492,6.7477007,7.091225,6.186433,6.9368367,6.5576434,7.1828456,6.004897,5.6072865,7.4613776,7.608555,6.446286,6.453385,9.273273,9.34892,6.5961223,5.9955006,8.096101,7.590334,8.847432,7.9298987,7.834466,7.558173,7.5617285,6.559411,8.652467,7.0289598,7.5733423,7.7937646,6.9503145,6.9728703,8.027626,6.6765647,6.8003526,6.91047,7.1832376,7.379325,6.548523,7.1288943,7.649826,7.651224,5.5464015,5.064281,5.3404007,7.8527784
12,5.1692524,5.050282,4.4630995,4.4525037,6.701601,4.5318956,4.6590266,4.9849014,4.5370455,2.6412098,2.657383,5.3634105,0.0,2.8094633,5.014772,5.3254247,6.3050523,4.0832314,4.7204413,6.4007263,4.4226375,4.046788,4.449332,5.318603,6.088534,6.411341,5.8743095,6.301672,6.8742723,8.106922,7.3108993,7.631181,5.866779,6.7010784,5.377881,6.8197155,5.9189386,6.1240726,6.26364,6.4653077,8.770946,8.539507,8.823405,9.063942,8.15334,8.371671,6.125342,6.0699286,7.9213557,6.8932095,6.9409122,8.765482,6.8929863,7.6001415,7.2212267,7.8186917,5.641596,6.413308,3.3538349,4.7692704,6.4782066,3.8199973,7.1484795,7.523661,6.1362753,6.316372,7.905667,8.503806,8.499687,8.154862,8.725288,8.345042,6.8011603,6.9181147,6.3306603,6.006416,6.34113,7.762203,7.5777564,7.9148026,8.140715,8.868356,7.190764,7.09318,5.601235,6.044595,5.7574553,5.7210526,5.4332085,6.116115,5.459972,6.161449,7.4589696,6.905289,5.9220924,5.9072323,8.144032,8.306893,7.037904,6.1634617,8.138913,6.037759,8.573918,6.7848034,6.2198644,5.924787,6.574826,7.2701244,7.019553,5.9726954,5.7421823,6.1628532,7.986555,5.772008,8.573868,7.494965,6.293697,6.3831053,6.056438,6.0664577,8.507544,7.1381426,7.0095496,7.014117,4.5155478,4.9384193,3.1486654,6.976679
13,6.064833,4.846036,4.947548,5.495574,6.86536,5.805069,5.957203,5.9259667,5.6044564,3.7251043,4.037524,6.1343036,2.8094633,0.0,6.2904763,5.5545945,7.263279,5.1775203,5.568509,6.2211843,5.2448444,5.563128,5.7757306,6.5450616,6.9548345,7.4906707,6.4776354,6.125384,7.144462,8.040332,8.150475,7.1849294,6.26858,6.9372168,6.2833405,7.9431877,5.59576,5.5603943,5.571646,6.1614513,9.149566,8.974342,9.283595,9.511814,8.688528,8.795205,6.4757085,6.4478946,8.097498,7.0808086,7.3090453,8.931119,6.7085094,7.35142,7.5080276,7.331487,6.218593,6.88738,4.277247,5.525283,6.397855,4.322713,7.8205967,7.5312924,6.7339005,6.7357736,8.103448,8.44214,7.942954,7.587649,9.35689,8.736429,6.689649,7.282259,6.793982,6.116912,6.3509703,7.120344,7.3693414,8.464431,8.234655,8.403493,7.431071,7.4178944,6.4491963,6.203133,6.5404305,5.9057603,5.985475,6.938127,6.424429,6.6936126,8.102383,7.441423,6.543809,6.4316034,8.291247,8.185048,7.1191387,6.7981753,8.585054,6.658411,9.162936,7.2674212,5.952899,6.6685977,7.164083,7.39466,7.545925,6.3515906,6.2981668,6.39397,8.858887,6.634363,9.016701,7.919525,6.7210946,6.7050004,5.5870094,6.4256706,8.684674,7.362582,7.558403,7.559946,4.715623,5.110234,3.9815466,7.094687
14,5.3415055,5.919034,6.4737554,5.0101833,6.9553585,4.615312,4.63808,4.9252973,4.903559,4.375219,4.633196,5.645403,5.014772,6.2904763,0.0,4.7543797,3.5865786,5.0451565,4.1811833,4.5957685,4.8265476,4.449327,4.962752,2.1772943,6.8432384,6.696792,7.4424953,7.874323,8.195399,8.964528,6.4223275,8.051772,6.6341014,7.91214,6.7396274,6.95649,6.81797,7.3695116,7.425952,6.817737,8.1061535,8.391119,8.168497,8.832278,7.6063843,7.992277,5.863604,5.8535085,8.169496,7.0215907,7.5788517,9.884758,6.280625,7.0577464,7.131032,7.7197394,6.479394,5.664033,5.10919,5.496894,6.180072,5.642437,7.033782,8.154882,6.172046,7.090957,7.745465,9.130052,8.984982,8.7328205,8.712907,8.807066,8.117802,7.4251165,6.951451,7.524399,8.134989,9.13096,8.707715,7.200663,6.9360957,8.3746,6.3260155,7.2120767,6.4721704,6.561356,5.618555,6.403859,6.0364122,5.038754,5.6698184,6.7422853,6.942199,6.990177,5.7839713,6.356125,7.161223,7.9199924,6.6011424,6.5346503,8.64175,6.575268,8.951789,6.1919856,6.1024275,5.6441665,6.2124953,7.48172,8.284795,6.8138137,6.834745,7.5371413,7.2650776,6.004455,8.908501,7.836358,7.4326386,7.504669,7.7045145,7.1825256,8.794837,7.810829,8.027005,8.029729,6.6988416,6.925108,5.5831995,8.719667
15,6.4167604,6.0402203,5.539532,6.238857,8.168462,6.2361565,6.502429,6.2879753,6.2275276,4.663012,5.775798,6.5088415,5.3254247,5.5545945,4.7543797,0.0,5.015599,6.2092032,5.5738173,5.218347,5.1198163,5.5652223,5.8931837,5.000413,7.4267893,7.4043055,7.699639,8.475788,7.2088327,8.700478,7.496549,7.2667723,6.289865,6.622147,7.0072646,8.186801,6.7237496,7.2047,6.758072,7.350973,8.253925,8.643969,8.410127,9.0066395,7.662076,7.9872146,5.5055194,5.5093894,6.958898,5.616851,6.296789,9.537105,5.999189,6.478001,6.5263205,6.996992,6.078765,5.347545,5.207968,5.4077454,5.6277604,4.5236425,7.0462255,7.2757783,7.340796,7.1760025,8.759948,9.041017,9.471001,9.258361,9.455881,8.5093975,7.9283457,8.602292,7.586907,6.7423472,7.947131,8.654939,8.19994,8.087999,8.131821,7.3151174,7.1917987,7.844901,7.2800746,7.42613,6.896299,7.61557,6.1050444,6.6153455,6.9504347,6.739868,7.900538,7.0900073,6.977317,7.236896,8.08045,8.028822,6.75085,6.8686175,8.310497,6.3573575,9.607787,6.286628,6.0950737,5.935952,6.5784674,6.2304597,7.990079,6.2967134,6.601335,6.850357,8.82825,6.7935395,8.981266,7.911833,7.2500224,7.1434083,7.5870047,6.908303,7.776878,6.542633,7.7158546,7.7173824,5.036159,5.3447857,4.326756,7.2880316
16,5.012018,5.6717343,6.223199,4.7470956,6.9310455,4.6264567,4.5505667,5.0843973,6.068394,5.386884,5.716464,6.11951,6.3050523,7.263279,3.5865786,5.015599,0.0,4.4657993,3.0087392,4.3520074,4.1492777,4.512797,4.0932493,3.136141,6.6360636,7.048265,7.6815467,8.588248,7.746943,9.06066,6.4447846,8.173165,6.1380477,7.4829183,7.132188,7.0926285,7.431813,7.314785,7.095879,6.512354,8.5834055,9.169625,8.658637,9.02761,8.026925,7.868102,6.3866863,6.3662634,8.260996,7.2857895,7.7126412,10.045025,6.3654566,7.1866484,7.0594597,7.9073706,6.357932,5.294609,5.7713757,6.561691,6.490301,6.0050936,7.4277134,7.829878,7.0944057,7.8014855,8.662316,9.574049,9.0785055,9.266519,8.864191,8.780942,8.698451,8.405969,7.296974,7.7581573,8.323489,9.451613,9.115506,7.6304,7.6544657,7.978188,6.560214,7.177157,7.2974477,7.641702,6.5848927,7.737792,6.79396,6.3609724,6.487312,7.3299026,7.469837,7.1758766,6.3972363,6.732818,7.7774363,8.455166,7.311163,7.392454,8.647746,6.268047,9.337995,6.4499426,7.04282,6.241652,6.0026684,7.13363,8.27602,6.4834356,7.3934307,7.571125,7.9444256,6.5984254,9.091906,8.030552,7.3863187,7.3750696,7.871234,7.2868013,8.739768,7.4616213,8.164318,8.159675,6.4869776,6.5899887,5.7078853,8.153971
17,4.981125,5.27876,5.6972117,4.1016526,6.4816937,4.13276,3.8370523,4.856441,5.186484,4.4517546,3.4166615,5.008226,4.0832314,5.1775203,5.0451565,6.2092032,4.4657993,0.0,2.464925,5.8132358,3.0814495,2.811468,2.0963626,4.918313,5.711522,6.478644,6.1579022,6.899537,6.9575825,8.128589,7.026041,8.581841,5.7630143,7.087008,6.069442,5.8137546,7.089204,6.733008,6.5543857,5.946755,8.664634,9.143561,8.472357,8.778686,8.489158,8.259002,7.248021,7.1773543,8.930951,7.6102285,7.9643264,9.918651,7.144332,8.032047,7.820523,8.545433,6.3321276,6.5756845,4.950296,6.680731,7.000242,5.3981724,7.384029,8.047687,6.645574,7.5149765,8.203251,9.182708,8.41597,8.514191,8.390912,8.349814,7.882591,7.6648974,6.568901,7.1654015,7.4429173,8.836764,8.807192,8.258785,8.098554,8.007863,7.245493,7.2817903,6.5900497,6.968466,6.378873,6.4594045,6.7214093,6.5408983,6.116799,7.036236,7.4930854,7.0027432,6.293458,6.1358013,8.421583,9.097251,7.678546,6.963698,8.11653,6.1165743,8.417884,7.3771977,7.5465636,7.0136886,6.902839,6.927388,7.883166,6.6681566,6.957313,7.0863805,7.69662,6.2847466,8.985436,7.8197865,6.8502855,6.9823275,6.8528123,6.8337,8.901905,7.7966075,8.284559,8.28211,5.213395,5.5304246,4.380877,7.167852
18,3.5062923,4.1983476,5.0443897,3.0164812,5.5129585,2.8679123,2.5320218,3.5665288,4.780538,3.8135219,3.9288936,4.617967,4.7204413,5.568509,4.1811833,5.5738173,3.0087392,2.464925,0.0,4.8242435,2.7968853,2.8259745,1.9860239,4.0486336,5.5034533,6.416083,6.5198655,7.1579285,6.818948,7.925438,6.6085653,8.148841,5.37801,6.811332,6.35378,6.1514845,6.4506187,6.23434,6.0455146,5.347537,8.613263,9.12003,8.396861,8.774572,8.085714,7.875351,6.588435,6.538329,8.47525,7.339806,7.7430115,9.268052,6.358743,7.334802,7.231563,7.88444,5.7395687,5.8199177,4.7633276,6.4230967,6.5018363,5.0073504,6.9657454,7.391453,6.3053117,7.0975857,7.7285433,8.704193,7.903815,8.078541,8.003549,7.9918313,7.712327,7.298821,6.2249775,6.78132,7.2339807,8.439414,8.335294,7.7317257,7.9822307,7.8603115,6.4967394,6.789449,6.059588,6.311753,5.7662597,6.615041,6.068102,6.4836793,5.591272,6.481676,7.5255394,6.682856,5.613356,5.7290964,7.6994295,8.427991,7.2600193,6.620645,7.9880695,5.787036,8.475193,6.861813,6.8944902,6.511216,6.2020154,6.461249,7.5980387,5.6897078,6.791338,6.9351425,7.2235885,5.7736754,8.480682,7.3222823,6.449469,6.4511895,6.547534,6.5312886,7.9564533,6.7668667,7.352927,7.3488393,5.384516,5.454694,4.328367,7.2479386
19,5.3247256,5.4071746,6.5112805,5.0444927,6.922274,5.6999655,5.5652657,5.661235,6.0133576,5.576904,5.7500434,6.4217973,6.4007263,6.2211843,4.5957685,5.218347,4.3520074,5.8132358,4.8242435,0.0,4.129922,5.9594827,5.7199802,3.9284914,7.6937194,8.186496,8.331879,8.197681,8.580655,9.24136,7.1198864,6.8250403,6.579872,8.376512,6.922111,8.071499,6.438952,6.57875,6.3741636,5.717162,8.447876,9.057622,8.930134,8.627604,8.368553,8.332675,6.234892,6.260368,8.557487,7.230051,7.9552603,10.404539,5.78575,6.427759,7.131793,6.6972165,7.358303,6.2345147,6.1981974,6.102422,5.374866,5.811773,8.149515,8.093343,7.0144486,7.901051,8.170816,8.975698,7.885935,8.078846,9.093833,9.089441,8.279538,7.9290113,6.9279847,7.455986,7.516415,8.627863,8.442178,7.2162337,6.4090295,7.0710964,6.7521753,6.908611,7.984062,7.731256,6.726817,7.0257444,6.9629717,5.995961,6.4270244,7.360291,7.1605916,7.4874372,6.4965944,6.9887023,7.4780855,7.2474747,6.2937064,7.4895716,8.873934,6.562662,9.900519,6.115872,5.681423,6.2380524,6.01393,7.3407516,8.589698,6.9363217,7.698932,7.3563232,8.824049,7.6222005,9.203346,7.9716263,7.366284,7.3824706,6.664116,7.1752014,9.076864,7.9769793,8.572552,8.568556,6.5096526,6.681623,6.400862,8.240625
20,3.5339143,4.421894,4.8928304,2.79621,6.264684,3.6439168,3.3861454,4.1582856,4.573956,3.7673378,3.4159803,4.466329,4.4226375,5.2448444,4.8265476,5.1198163,4.1492777,3.0814495,2.7968853,4.129922,0.0,2.7905078,2.300777,4.221907,5.9385667,6.7871575,6.859969,7.5023837,7.0475974,8.256466,7.0233912,7.759307,5.4086194,7.175433,5.4050827,6.3405676,6.2132874,6.377605,6.048093,5.3658743,8.381629,9.0780735,8.435644,8.341424,8.11985,8.061222,6.4693794,6.417703,8.597254,6.961524,7.5069084,9.659658,6.3505554,7.214546,7.0181336,7.538865,6.242762,6.3046308,4.8605247,5.888235,5.8662786,4.2050657,6.9452686,7.3367333,6.240341,7.211214,7.79072,8.685731,7.8945923,8.063504,8.024382,7.9981127,7.7414203,7.4005837,5.8255363,6.412713,6.910692,8.55085,8.24642,7.632121,7.8230658,7.2703056,7.2025704,7.036523,6.699982,7.034858,5.8461227,6.49325,6.1290364,6.236586,5.3643527,6.3912764,7.1667066,6.4072523,5.6582346,5.765715,8.228273,8.249597,6.9099174,6.500021,7.7242374,5.3732243,8.633527,6.497939,6.727064,6.341456,6.131643,6.122703,7.5847683,5.6247234,6.580634,6.3241415,7.8226447,6.366178,8.496294,7.105294,5.992972,6.084754,6.0589395,6.1518087,8.002277,6.724037,7.508345,7.5070834,4.208431,4.5640893,4.032048,6.56728
21,4.4964385,5.2514668,5.499394,3.7586985,6.3292427,3.6381207,3.417674,4.493298,4.5998697,3.6655698,3.0020368,4.1260424,4.046788,5.563128,4.449327,5.5652223,4.512797,2.811468,2.8259745,5.9594827,2.7905078,0.0,1.8115742,4.3249364,5.513312,6.5423822,6.7579618,7.72145,7.1253834,8.326852,7.4064636,9.003438,5.9641447,7.2595987,5.9133015,5.924597,6.6582594,7.1061354,6.8963785,6.2776356,8.722273,9.31426,8.355661,9.00382,8.194006,8.429208,7.1064754,7.0324883,8.757468,7.301908,7.6247354,9.133499,6.902642,7.8654175,7.4272747,8.387442,5.9919972,6.3298717,5.059139,6.4751153,6.591895,4.730145,6.3319464,7.472517,6.3328156,7.256898,7.927614,9.221418,8.587667,8.423252,8.23948,8.229949,8.161222,7.4330053,6.545643,7.1303544,7.6411095,9.199179,8.880128,8.361203,8.641396,8.049187,7.4078703,7.557027,6.0891414,6.623248,5.808007,6.5062656,6.212249,6.572244,5.5669956,6.5588803,7.484214,6.4838843,5.8198867,5.8692427,8.578114,9.224971,7.635645,6.6137247,8.078984,6.102472,8.418515,7.4557123,7.407719,6.679792,6.7937584,6.6994333,7.747756,6.0954337,6.4768634,7.027596,7.182888,5.7199736,8.816762,7.6677494,6.6020994,6.644282,7.0704618,6.7967057,8.103767,6.861375,7.619703,7.6229043,4.7017584,4.9406548,3.8616111,7.122289
22,3.933803,5.013979,5.1420813,3.2271068,6.153754,3.18383,2.7122588,4.285948,4.770658,3.925513,3.5682201,4.4685054,4.449332,5.7757306,4.962752,5.8931837,4.0932493,2.0963626,1.9860239,5.7199802,2.300777,1.8115742,0.0,4.5566607,5.481621,6.4792824,6.46908,7.444656,6.706736,8.016657,6.985212,8.690296,5.534742,6.8917046,6.137575,5.8357916,6.81652,6.809698,6.5310407,5.9001503,8.917057,9.515313,8.566787,8.845038,8.451156,8.358855,7.245788,7.178015,8.865533,7.475633,7.8481874,9.5404215,6.988516,7.9759793,7.669673,8.493428,6.1087685,6.48741,5.0236797,6.7534614,6.759462,5.0348845,7.0056295,7.827151,6.712588,7.5287623,8.1886835,9.153342,8.414588,8.535498,8.1156645,8.0803795,8.148767,7.64919,6.5360866,7.0410757,7.2812643,9.101282,8.855918,8.370353,8.725612,8.105065,7.349493,7.04675,6.1726966,6.8140507,6.188033,6.9734087,6.471869,6.9206634,5.738565,6.624738,7.8032737,6.861989,6.1063247,6.113207,8.52864,9.1846695,7.68234,6.813487,7.9866257,5.8233333,8.577772,7.4368944,7.5457335,6.8836555,6.7176495,6.5133443,7.7383094,6.090022,6.9211926,7.1152287,7.5253863,6.0828056,8.801187,7.5837708,6.6180654,6.6723714,6.864599,6.8152595,8.19232,7.05672,7.656162,7.6551895,5.0188746,5.1644435,4.0301695,7.0130615
23,5.0387354,5.726753,6.1437426,4.543706,6.659623,4.434246,4.357215,5.374651,5.023984,4.618057,4.997205,5.9578385,5.318603,6.5450616,2.1772943,5.000413,3.136141,4.918313,4.0486336,3.9284914,4.221907,4.3249364,4.5566607,0.0,6.770729,6.69986,7.28686,7.8582177,7.8277125,8.726951,5.9340076,7.535121,6.1718183,7.6752725,6.6750493,6.8621154,6.5249577,6.993683,6.9901924,6.3424187,8.399489,8.751113,8.537764,8.799385,7.672982,7.977379,6.1461916,6.139969,8.048613,6.712124,7.362202,9.863046,5.982347,6.866807,6.974036,7.3892837,6.381818,5.524104,5.1417313,5.3736725,5.6472626,5.5723486,7.1001697,8.133724,6.4265313,7.3810196,8.044012,9.352299,8.66274,8.549438,8.685161,8.789124,8.313079,7.588186,7.1404147,7.7046876,7.550133,9.373351,8.907589,7.352611,6.982621,8.482568,6.32021,6.4453454,6.743265,7.1060843,6.043906,6.87856,6.3738804,5.459783,5.6590295,6.841088,7.044139,6.9651837,5.917418,6.499172,7.305488,7.994821,6.4475474,6.8000526,8.488863,6.057062,9.002337,6.0911875,5.9978337,5.3443613,5.7495403,7.550957,8.096439,6.55569,6.8087244,7.388106,7.4975886,6.184028,9.029395,7.900681,7.4206204,7.472948,7.3941803,7.159386,9.076916,7.8995395,7.899417,7.9019046,6.4291706,6.808297,5.594412,8.435953
24,6.316937,6.1581697,5.8797154,5.8820996,7.6642103,5.693751,5.679596,6.2357078,6.5301886,6.1041007,6.118925,6.4333434,6.088534,6.9548345,6.8432384,7.4267893,6.6360636,5.711522,5.5034533,7.6937194,5.9385667,5.513312,5.481621,6.770729,0.0,4.4001346,4.607323,5.686147,5.4137125,6.1561284,5.738963,7.15439,3.5955942,4.469694,4.857947,3.8566675,4.9268827,4.642161,4.8041816,5.068462,7.73088,7.430223,7.4996905,7.8900123,6.3171887,6.145111,5.3803277,5.281399,6.963743,7.5129867,5.860784,6.483964,5.632376,6.578841,6.2849436,7.5548487,6.755414,7.2329783,5.577641,7.302829,5.285406,6.627041,5.207123,5.7113914,5.0238357,5.2602167,6.453694,7.030844,7.63108,7.7055063,6.4105635,5.9557767,6.092896,6.4829516,5.0758657,4.529228,5.23848,7.172286,6.8907433,7.159247,7.486297,8.119019,5.3737755,5.616978,3.8801453,4.5922194,4.3606615,5.2685685,3.792786,5.451969,4.242355,4.0078053,6.757451,6.0098033,4.5460706,4.7286983,7.052526,7.8161564,5.9346476,4.6697726,6.640025,4.777756,6.697899,5.7222085,5.722918,4.8081927,4.0007467,5.0281324,5.7296386,5.4226418,4.218291,4.686015,5.65238,3.5351365,6.531561,4.8601675,4.0714016,4.0399523,4.8907633,4.2294083,8.125148,7.5468802,7.356749,7.342892,5.7617593,5.9071207,5.0069947,5.8056197
25,6.91175,6.67131,6.7082376,6.3937216,8.215828,6.1117463,6.327211,6.650275,6.836114,6.2069283,7.1897635,8.232987,6.411341,7.4906707,6.696792,7.4043055,7.048265,6.478644,6.416083,8.186496,6.7871575,6.5423822,6.4792824,6.69986,4.4001346,0.0,2.632246,4.313267,3.9288578,5.147168,3.8863034,6.060077,3.8391259,4.782155,5.981943,5.2838354,5.741948,5.496744,5.470004,5.4890203,7.736958,7.7867446,7.460661,7.938932,6.480439,6.278895,5.499077,5.44392,7.091982,7.8577785,6.5223646,8.518253,6.4999647,7.3929553,7.1032753,7.7040343,6.7665634,7.8707438,5.6584153,6.442369,6.2205524,6.8232102,5.989592,7.134629,4.966564,5.436498,6.666336,7.341752,7.731929,7.8019023,6.8215265,6.4616838,5.9033785,6.682108,5.2538886,5.1493645,6.3328004,7.5989127,7.241948,6.8965526,7.2865367,9.091546,5.36086,6.388548,4.9178114,5.235612,4.7503595,5.6050086,4.5339036,5.3555326,4.832867,5.1650085,8.171167,5.587391,4.5134306,4.7772903,6.7143917,7.5768166,6.692193,4.5311556,6.3136764,3.7382233,6.6183662,5.2113514,6.2056026,5.1395,5.14809,5.186649,6.4103184,6.0056963,4.703604,5.280499,5.8085985,3.6166031,6.8379426,5.292273,5.4183483,5.431323,5.8311095,4.455755,9.019186,8.302442,7.3678823,7.3624125,6.701878,7.690176,5.390121,6.848541
26,7.235435,6.8329363,6.627798,6.6453476,8.119528,6.393736,6.5152597,7.188481,7.12449,6.1280828,6.9630475,8.498737,5.8743095,6.4776354,7.4424953,7.699639,7.6815467,6.1579022,6.5198655,8.331879,6.859969,6.7579618,6.46908,7.28686,4.607323,2.632246,0.0,2.6568522,2.856334,4.836066,4.135902,5.4978456,3.662377,4.3772902,6.0938954,5.8016243,5.48395,4.7088947,4.5932493,4.9626827,8.429385,8.445337,8.135448,8.385567,7.537762,7.233342,6.027601,5.9788494,7.162215,8.259718,6.5237455,8.399608,6.5073643,7.4446735,7.3947997,7.5603995,6.803041,8.084897,5.4653325,6.7059083,6.14021,6.9016495,6.8340263,7.4297967,5.5805545,5.8317957,7.33434,7.7422094,7.3009,7.3407097,7.574048,7.0165486,5.8096232,6.679941,5.762467,5.331217,5.350996,7.2871733,7.2802563,7.559796,7.575541,8.954943,5.7991157,5.7188215,4.745648,5.165871,5.45449,5.5437117,5.082042,5.9862027,5.1959467,5.613723,8.434519,6.2264223,5.3043613,5.2917385,7.106884,7.941799,7.0259304,5.5150566,6.7718787,4.014159,7.2801757,6.0693793,5.99206,5.4989114,5.6054206,5.76218,6.451008,6.600899,5.1669817,5.6182146,6.944479,4.410152,7.6838946,6.2865186,5.9449654,5.9322987,5.311593,4.9817147,9.655845,8.733526,7.7639694,7.7577915,6.60209,7.5588446,5.186108,6.5682244
27,7.605178,6.7707505,7.144035,7.095029,7.931503,6.836718,6.969835,7.5485673,7.4603553,6.5892105,7.3625355,8.912556,6.301672,6.125384,7.874323,8.475788,8.588248,6.899537,7.1579285,8.197681,7.5023837,7.72145,7.444656,7.8582177,5.686147,4.313267,2.6568522,0.0,4.558761,5.159121,5.1160836,5.3490973,4.7869167,5.4992485,6.88063,6.7251763,5.1781893,4.2952843,4.4256663,4.7606344,8.93043,8.748332,8.719447,8.817299,8.157651,7.8456955,6.5459414,6.523448,7.9353776,8.817846,7.3948927,8.957274,6.6866655,7.548622,8.087452,7.5082245,7.671415,8.829566,5.9193134,7.117834,6.3638926,7.49546,7.5963316,8.152294,5.7249937,6.101604,7.1025667,7.5652323,6.5813785,6.6402946,7.9589353,7.577909,5.444807,6.434767,5.930129,5.6072764,5.1581826,6.7419896,7.0557036,7.7607346,7.210613,9.206089,5.825119,5.817551,5.2973595,4.8792777,5.845124,5.174826,5.533042,6.290492,5.661506,6.116882,8.745139,7.0105953,5.7085714,5.81809,6.725006,7.560513,6.981948,5.965013,7.3553934,5.1393723,7.489799,6.5340233,5.599731,6.206734,6.314158,6.6147466,7.0932646,7.121283,5.8530006,6.122243,7.418773,5.260119,8.115128,6.730109,6.4767947,6.504955,4.828685,5.546222,10.179564,9.431741,8.372687,8.365323,7.4194365,8.290369,6.24269,7.451044
28,7.4053454,7.1134496,6.6245046,7.07865,8.363345,6.7973504,6.964194,7.6638465,7.807295,6.4348574,7.860275,8.944504,6.8742723,7.144462,8.195399,7.2088327,7.746943,6.9575825,6.818948,8.580655,7.0475974,7.1253834,6.706736,7.8277125,5.4137125,3.9288578,2.856334,4.558761,0.0,4.7849493,4.794528,5.598714,3.6619253,3.7324908,7.070609,6.936389,5.824006,5.198919,4.5090733,5.310496,8.936835,9.349169,8.460799,8.8178005,7.9450808,7.6479993,6.488137,6.454488,6.8506684,8.212119,6.3182626,8.363739,6.408117,7.3062015,7.289958,7.3105316,6.5954876,7.9758954,6.1082582,7.2975297,6.207371,6.8649716,6.8733325,7.165311,6.572879,6.3989053,8.088794,8.173445,7.509605,7.641362,7.988047,6.997565,6.475541,7.4945188,6.563206,5.726429,5.7831507,7.7067947,7.6162176,8.274858,8.693063,8.6222315,6.454682,6.2433014,5.4921327,6.0301476,6.381261,7.0228367,5.686205,7.3815327,6.099964,6.0476813,9.295339,6.312346,6.184176,6.1550026,7.6582294,8.366867,7.6891475,6.341609,6.6813045,4.067544,7.945148,6.7445374,6.522973,6.1561003,6.2071543,5.1386733,6.6995454,6.5124683,5.862542,6.180534,7.6889615,5.1240196,8.063219,6.883064,6.490244,6.2947645,6.0017433,5.6431103,9.097055,8.040451,7.524648,7.518205,6.4437604,7.385161,5.1048846,6.1254897
29,8.24482,7.654351,7.6708922,7.8884826,9.1044,8.123306,7.863792,8.404715,7.0044117,7.4268355,8.610205,8.358688,8.106922,8.040332,8.964528,8.700478,9.06066,8.128589,7.925438,9.24136,8.256466,8.326852,8.016657,8.726951,6.1561284,5.147168,4.836066,5.159121,4.7849493,0.0,5.818528,6.5804443,4.5526137,5.0293355,8.023925,5.8116455,6.283177,5.825075,5.550356,6.0725174,7.666912,7.8322887,7.124444,7.44533,6.6287017,6.3637257,7.5447993,7.517267,7.6812515,7.09341,7.937595,9.125593,6.903939,7.792852,8.522441,8.163988,7.977211,9.214686,7.2805185,8.382944,7.204237,8.085152,8.077626,8.317574,7.356253,7.3813953,6.5254984,6.7949333,7.7776294,7.823885,6.354024,5.481735,7.216637,7.924485,7.38803,6.7662745,6.6192427,8.109452,8.247039,9.066227,9.240162,9.778627,7.2186546,6.992434,6.320594,6.347971,7.1228604,7.4167147,6.637951,8.127618,6.9400277,5.1357183,10.065056,7.66199,6.8828406,6.9245434,8.255414,8.90683,6.6643677,5.28855,6.529017,6.192919,7.848631,7.696254,7.4269238,7.513597,7.259376,4.8816547,8.099765,7.8465843,7.248485,7.546109,6.4897714,6.219394,6.909965,5.366204,7.344779,7.1857214,6.350981,6.660624,8.166279,9.17569,7.8911123,7.886384,7.855747,8.558655,6.7567935,7.7870045
30,7.040123,7.703725,7.700757,6.7513595,8.508844,6.7152333,6.592892,7.3826714,6.890003,6.7416334,7.674964,8.631446,7.3108993,8.150475,6.4223275,7.496549,6.4447846,7.026041,6.6085653,7.1198864,7.0233912,7.4064636,6.985212,5.9340076,5.738963,3.8863034,4.135902,5.1160836,4.794528,5.818528,0.0,4.6222677,3.8864744,5.724037,6.440198,6.0024614,6.085718,5.623773,5.503204,4.971011,7.323437,7.7591186,7.438083,7.320529,6.798633,6.5638185,5.28821,5.290231,6.72753,8.028323,6.6429076,9.265387,5.4365845,6.330434,6.621051,6.637726,7.1843634,7.435375,6.1270313,6.579791,5.5274997,7.558059,7.4309316,7.7452273,5.6061482,6.3993187,7.0336924,7.940008,7.5231295,7.6535997,7.052694,7.02894,6.982301,6.7914634,6.092338,6.531992,6.0001254,8.238893,7.942535,6.396904,6.333414,8.683412,5.438535,5.142433,5.703736,6.326506,5.3255243,6.220427,5.6325254,5.0019317,4.8125234,5.639183,7.6103783,6.2557898,5.2665796,5.7295866,6.4190593,7.1714234,6.0733814,5.810371,6.750594,4.2035,7.9661274,5.080634,5.4390254,4.627402,4.695135,6.0158725,7.23993,7.444854,6.4056168,6.7616224,6.6110606,5.294746,7.6104918,6.315551,6.831005,6.8554826,6.356751,5.873917,9.718539,9.148572,7.9653373,7.9586926,7.808423,8.568114,6.6583576,7.640295
31,7.868309,7.353421,7.3767962,7.613488,8.995228,8.165019,8.269588,8.2592,7.998098,7.207246,8.4721155,9.646227,7.631181,7.1849294,8.051772,7.2667723,8.173165,8.581841,8.148841,6.8250403,7.759307,9.003438,8.690296,7.535121,7.15439,6.060077,5.4978456,5.3490973,5.598714,6.5804443,4.6222677,0.0,4.571221,6.0404825,6.5432734,8.222184,5.0464983,4.368824,4.2117977,4.9127197,8.010798,8.02968,8.6721325,8.026703,7.393713,7.1368847,4.6652026,4.7322087,6.169983,7.9316792,6.2264957,8.945455,5.097134,5.621365,6.2606583,5.1242995,7.535128,7.7655983,6.49859,6.2164683,4.789949,7.1433625,8.203121,7.1494813,6.3511,6.310388,7.594337,7.437823,6.930649,7.0600414,8.387957,7.763514,6.2480917,7.186162,6.283326,5.60172,5.1553874,6.699842,6.6552196,6.5184727,6.2438817,8.362624,5.909135,5.6175575,6.901146,6.855513,6.259115,6.442202,5.687266,5.884646,5.878767,6.0986605,8.092292,6.8118577,5.947317,6.2890086,6.7110724,5.9840426,5.6667542,6.355547,7.4838486,4.67162,9.166067,4.583388,4.037135,4.653296,4.759965,6.439088,7.0234113,7.175375,6.25589,5.815089,8.605727,6.577125,7.800233,6.5290112,6.479561,6.3581557,4.9333396,5.2920766,9.843459,8.865651,7.8387594,7.8298836,7.3759136,8.154911,6.8742704,7.1438184
32,5.6343923,5.5390954,5.2710247,5.259211,7.156818,5.7046924,5.611703,6.0262933,5.777656,5.2533975,6.191289,6.6398034,5.866779,6.26858,6.6341014,6.289865,6.1380477,5.7630143,5.37801,6.579872,5.4086194,5.9641447,5.534742,6.1718183,3.5955942,3.8391259,3.662377,4.7869167,3.6619253,4.5526137,3.8864744,4.571221,0.0,3.3604057,4.481976,4.5314975,3.8683279,3.2479312,2.915445,3.4253047,6.577962,6.700582,6.576368,6.4619384,5.3587127,5.0142655,4.2012143,4.1501,5.3194747,6.380642,4.8446326,7.3649416,3.9248815,4.973009,4.961129,5.4261556,5.4832397,6.1776924,4.6975727,6.1887054,4.144594,5.4072366,5.5977697,5.2836905,4.728224,4.6984334,5.754954,6.0062695,6.2076454,6.4029675,5.64718,4.960421,5.1504173,5.7883186,4.429276,3.881135,4.051194,6.138033,5.9067764,6.0880823,6.7052317,7.2886915,4.7710376,4.6596627,4.308779,4.948972,4.286361,5.210772,3.7055075,5.2357244,3.8387327,3.344869,6.641397,4.878183,4.050832,4.084101,6.1401334,6.3301764,4.6101484,3.811375,5.2003107,2.5932624,6.767821,4.2698655,4.6383734,3.9399514,3.7053168,3.6579585,5.1139913,5.1003213,4.381626,4.3524942,5.6713243,3.7232895,5.6579404,4.1321344,4.0397053,3.92414,3.7374477,3.446217,7.226253,6.6142354,5.9605885,5.9482126,4.9372487,5.4336786,4.156948,4.674109
