,0,1,2,3,4,5,6,7,8,9,10,11,12,13,14,15,16,17,18,19,20,21,22,23,24,25,26,27,28,29,30,31,32,33,34,35,36,37,38,39,40,41,42,43,44,45,46,47,48,49,50,51,52,53,54,55,56,57,58,59,60,61,62,63,64,65,66,67,68,69,70,71,72,73,74,75,76,77,78,79,80,81,82,83,84,85,86,87,88,89,90,91,92,93,94,95,96,97,98,99,100,101,102,103,104,105,106,107,108,109,110,111,112,113,114,115,116,117,118,119,120,121,122,123,124,125,126,127
0,0.0,3.0020766,0.21316679,1.6591514,2.0135956,2.0506046,1.9847714,2.0315502,3.3870301,2.6764314,3.2904687,3.1160662,2.1359751,2.1253238,3.0378911,1.6742185,1.5324745,1.5324745,1.6149428,1.643406,1.9333317,2.0855808,2.048544,2.1593606,2.575959,2.288574,3.0720856,2.0052066,2.027702,2.2705607,2.1330867,2.3138418,2.7356474,1.9981732,2.605504,4.3761206,2.091243,2.438859,2.6220353,2.0931873,2.2645485,2.9253013,2.935432,3.3753955,3.8579695,2.4673095,2.9548588,4.249013,5.3814507,5.3842354,4.550667,4.381729,3.524461,4.329348,1.9588481,3.573275,2.185423,2.0489728,4.3618197,4.7070484,3.5594802,4.2065043,2.6753886,2.806081,5.470194,2.9441533,3.2531705,6.087911,4.7629004,4.960156,5.229595,5.051148,7.387332,6.6802015,3.6826506,4.883795,5.267681,3.5667975,4.8058434,5.155896,3.809142,3.770262,3.949575,3.8966863,3.8977466,3.7321956,2.727302,3.8631308,4.340074,4.2914333,4.1855755,4.193916,4.16528,4.1646905,4.896652,5.206317,5.666047,5.415045,5.023552,4.478819,5.4797277,4.357028,5.805084,7.2468567,5.31364,4.9089966,4.0867953,4.3895445,6.5263743,5.546305,3.9577332,4.035894,4.3373604,5.126634,3.7734172,4.0050488,6.7094536,6.4608045,7.374417,6.502923,4.477934,3.9249344,5.3843603,5.671687,3.936774,5.2252,5.5439086,4.561415
1,3.0020766,0.0,2.9960136,1.7972947,2.8434381,2.7825415,1.4867291,2.8704228,1.9383974,2.0811577,1.4828147,1.3816884,3.4074216,3.07449,2.059611,3.1521664,3.6971924,3.6971924,3.836766,3.8118355,2.8251998,3.0784523,3.0618815,3.0795155,3.912663,2.9603481,2.4138346,2.6158614,3.8276572,3.005792,3.9611597,2.9920416,3.832908,3.2802458,4.4451346,5.180697,4.0387926,4.1522093,4.065559,4.1667504,2.9558425,4.33411,4.628105,4.646574,5.1230216,4.3790126,4.3334756,5.810335,5.715363,5.688538,5.693589,5.3035502,4.9493237,5.4561396,4.0447946,4.585144,3.8780634,3.934662,5.597936,5.316692,4.9373302,4.980599,4.3662634,4.1621037,6.526355,4.751731,4.6113176,6.2374835,6.1551156,6.29723,6.281342,6.183849,8.363846,7.693994,5.0748186,6.0843787,6.424943,4.9658594,6.0911927,6.3009458,5.532379,5.215438,5.6198854,5.4960594,5.646196,5.4423842,4.503312,5.297809,5.807723,5.772352,5.6302505,5.638506,5.7967205,5.740711,6.2063384,6.575186,6.582788,6.358007,6.132951,5.5523524,6.462277,5.9036355,7.0305715,8.199044,6.5415373,6.3433795,5.353526,5.8166914,6.016777,4.566318,5.1341357,5.5220346,5.3197823,6.09103,5.331873,5.5348907,7.656208,5.839511,6.773239,6.767412,5.7009377,5.086021,6.4219513,6.5187488,5.2785892,6.516288,6.874447,5.59293
2,0.21316679,2.9960136,0.0,1.6553645,2.002836,2.060199,1.9729128,2.0208998,3.3918867,2.67315,3.2928734,3.1183188,2.2139125,2.1112268,3.0323663,1.6729422,1.5454466,1.5454466,1.556979,1.5890707,1.9768032,2.1635838,2.135353,2.2516618,2.5847707,2.3388908,3.0482109,1.9769818,2.0101278,2.2545671,2.1382372,2.2950916,2.8457096,2.003292,2.7188857,4.336842,2.2358587,2.5532944,2.7445471,2.232574,2.3142745,2.9670827,3.0274804,3.44509,4.0080867,2.5225,3.032758,4.279338,5.448647,5.4501657,4.6461296,4.473319,3.5872858,4.328456,2.002428,3.588456,2.2276952,2.0867481,4.518314,4.8247676,3.6881216,4.297233,2.802322,2.9152896,5.4772058,2.9390607,3.2675602,6.15855,4.8329196,5.0415325,5.291357,5.122645,7.400422,6.7361526,3.74755,4.907701,5.277141,3.6913025,4.781694,5.163118,3.8715496,3.7839952,3.9779022,3.9236827,3.9472792,3.7776556,2.7011547,3.914658,4.3775034,4.331493,4.230837,4.239128,4.2439756,4.204597,4.947101,5.333244,5.7971067,5.5537024,5.1323147,4.6366005,5.5781293,4.516783,5.9106374,7.3340135,5.441309,5.0540295,4.239576,4.554469,6.6088343,5.6584544,4.1059937,4.2182026,4.2950935,5.238129,3.8938196,4.171363,6.798056,6.5689797,7.4671926,6.5955353,4.6377006,4.050352,5.4834013,5.7668424,4.089521,5.3497443,5.664509,4.716925
3,1.6591514,1.7972947,1.6553645,0.0,1.8293058,1.8440796,1.0488787,1.8721662,2.2245383,2.191589,1.9004974,1.8760037,2.1053174,1.9968312,1.9191048,1.5203989,2.5522912,2.5522912,2.646481,2.6607006,2.1644828,2.330387,2.267664,2.3411248,2.6602538,2.2986045,2.5307064,2.1068404,2.755627,2.4180417,2.8567948,2.48776,2.9013414,2.0702016,3.3334649,4.743666,3.016408,3.0796769,2.9445455,2.9868143,1.942064,3.1514223,3.2708757,3.5724187,4.2075624,3.3168273,3.2475762,4.506691,5.542383,5.5300164,5.121488,4.9451985,3.7395391,4.4977,2.786,3.7585602,2.8698034,2.740301,4.711103,4.6259437,4.120078,4.1954646,3.3333807,3.1113126,6.0665526,3.578757,3.8128219,6.1551294,5.294991,5.468767,5.6044025,5.457615,7.735518,7.076851,4.3776584,5.4619493,5.7583213,4.095998,5.2233377,5.637137,4.6236835,4.438934,4.7254558,4.6105638,4.708647,4.512326,3.418166,4.5300508,4.8559656,4.8278127,4.767027,4.7763863,4.851693,4.7752204,5.413057,5.7298493,5.947584,5.703743,5.272074,4.788175,5.793789,5.11575,6.3700767,7.691236,5.9128294,5.5327845,4.3559566,5.1001325,6.2995443,4.9120803,4.2281775,4.676444,4.4782457,5.4519897,4.435572,4.6672935,7.0000677,6.0346866,7.0396967,6.499169,4.807774,4.237597,5.71763,5.9565473,4.250604,5.821284,6.187129,4.8871098
4,2.0135956,2.8434381,2.002836,1.8293058,0.0,0.30081773,1.581957,0.12857208,3.7477663,3.1059442,2.9997892,3.0440793,2.1781387,0.6262243,2.9813645,1.8899926,2.2395175,2.2395175,2.4467278,2.4611776,2.6950574,3.0306778,3.0067372,3.0058148,2.144329,2.768539,2.2481284,2.61738,2.5385063,2.8002026,2.521302,2.81021,2.667369,2.2143178,3.1739688,4.7172656,2.7263868,3.0919325,2.5945785,2.8243976,1.9657422,3.6831708,3.200353,3.3679118,3.6046832,2.7450747,2.945459,5.1619086,4.7224426,4.717432,4.8299766,3.9883287,3.7655308,4.629941,2.496711,3.5827868,1.8184681,1.9818826,4.5345097,5.1004553,3.515325,3.562054,3.0496259,2.7148044,5.5114036,3.1259854,3.244646,6.0590296,4.9162016,5.1574183,5.1190605,5.011085,7.5729837,6.848951,3.9348457,5.6816387,5.4008217,3.576992,4.5891347,5.1507883,4.3799887,3.9884887,4.5637336,4.433787,4.5396776,4.297101,2.7846022,4.1648855,4.5381827,4.4996405,4.470585,4.483708,4.580948,4.519186,4.918049,5.3401995,5.446652,5.1664033,4.8130674,4.3112183,5.446488,4.7616987,6.1151495,7.369012,5.4571166,5.130092,3.7948442,4.676879,6.6655474,5.470817,3.71319,4.406544,3.9801493,5.274707,3.887055,4.38183,6.871894,6.6320534,7.619541,6.697664,4.4982443,3.55714,5.3645897,5.4074078,3.7246294,5.598896,5.7158127,4.314323
5,2.0506046,2.7825415,2.060199,1.8440796,0.30081773,0.0,1.5443102,0.29053703,3.7021897,3.0653234,2.9796276,3.0127995,2.1665483,0.8064201,2.9871378,1.9710952,2.2982805,2.2982805,2.5445046,2.5579033,2.6469326,3.0056946,2.9630146,2.951473,2.18645,2.7623007,2.194032,2.6166027,2.6127145,2.835329,2.5865421,2.8243957,2.542503,2.2374601,3.1459153,4.7414923,2.638003,3.029595,2.5301929,2.7916265,1.9804039,3.6814454,3.2312875,3.2866485,3.495068,2.73463,2.9313622,5.1957507,4.6496234,4.6451526,4.7693567,3.9275453,3.8566146,4.7528534,2.549988,3.6313312,1.8703135,2.034489,4.4387717,5.009603,3.388851,3.492284,2.998067,2.6540625,5.4932413,3.2121804,3.3154976,5.9712753,4.889555,5.121873,5.0612454,4.934651,7.50841,6.7355967,3.9468884,5.710208,5.4180446,3.5179374,4.63185,5.1517067,4.3887277,4.0175977,4.618876,4.485511,4.5873213,4.32186,2.9036965,4.1963487,4.5521245,4.5097227,4.4596148,4.4722004,4.5518746,4.5280123,4.8821073,5.2418385,5.3431754,5.066584,4.7436113,4.2226415,5.407835,4.6731515,6.0524964,7.312814,5.383366,5.0466943,3.6958504,4.569742,6.5503855,5.3237743,3.6117992,4.3171086,4.0535545,5.197117,3.812458,4.2849345,6.82711,6.528605,7.538325,6.635834,4.392716,3.475955,5.309519,5.3471475,3.6333764,5.538102,5.636394,4.2098355
6,1.9847714,1.4867291,1.9729128,1.0488787,1.581957,1.5443102,0.0,1.5971189,2.4160042,2.4557297,2.1412053,2.1481054,2.4193196,1.8749441,2.4679718,2.155594,2.6368947,2.6368947,2.8474596,2.8371964,2.4347286,2.7142022,2.7054098,2.7241726,2.9226058,2.5783215,1.933972,2.1942089,2.930842,2.6412058,3.0107448,2.6274357,2.8471372,2.0878484,3.5889556,4.3954034,3.0615246,3.3367124,3.0036185,3.2385361,2.274829,3.4220245,3.654869,3.759072,4.2810144,3.3955863,3.3308227,5.121099,5.044161,5.0338893,5.083063,4.6444736,4.137399,4.7038693,3.0598285,3.750516,2.7297823,2.821193,4.8467693,5.1169195,4.1603427,4.2610636,3.4240599,3.13259,5.7444897,3.9245973,3.6102097,6.0993357,5.373494,5.53512,5.5657644,5.4494224,7.795229,7.0974483,4.19074,5.331887,5.731915,4.1964717,5.3316464,5.55989,4.721166,4.338049,4.842215,4.7017155,4.8717585,4.6348176,3.5052366,4.4803276,5.056268,5.0194793,4.91131,4.9221816,5.075163,5.0076847,5.4719357,5.9132457,5.8928304,5.647532,5.427907,4.7798066,5.769186,5.17516,6.3484488,7.5907345,5.8478923,5.650072,4.579374,5.0753126,6.3577647,5.1225038,4.358097,4.8019524,4.5138874,5.3948445,4.5686364,4.802229,7.047396,6.203858,7.0671782,6.541186,4.9307766,4.216563,5.701192,5.816059,4.463739,5.830119,6.1729236,4.809953
7,2.0315502,2.8704228,2.0208998,1.8721662,0.12857208,0.29053703,1.5971189,0.0,3.7764485,3.1492205,3.0345767,3.0809822,2.1742992,0.7080348,3.0298946,1.925781,2.2216501,2.2216501,2.4542608,2.4581265,2.6763175,3.0238545,3.0022292,2.9918013,2.1230707,2.7705624,2.2097342,2.6034853,2.5211604,2.8033323,2.5084,2.8018026,2.6396945,2.1688569,3.1565769,4.669059,2.6975973,3.0703704,2.5579212,2.8047307,1.986684,3.676554,3.184048,3.3407,3.599527,2.714531,2.9136057,5.167035,4.72847,4.725236,4.8444667,4.011694,3.794637,4.660634,2.5309556,3.5693343,1.8010287,1.9579593,4.5335956,5.1075325,3.5180652,3.5997565,3.0341408,2.6915076,5.4490747,3.156714,3.2069972,6.0625553,4.882225,5.1200094,5.0857506,4.971689,7.558675,6.838578,3.934851,5.659637,5.3850403,3.6004193,4.5662127,5.120661,4.363918,3.96041,4.5494485,4.414519,4.525627,4.288847,2.781479,4.150949,4.524665,4.483873,4.447786,4.460751,4.571488,4.5065794,4.8859353,5.3300548,5.427489,5.154742,4.8228364,4.300626,5.436924,4.756916,6.0889754,7.3486624,5.442916,5.118464,3.8162723,4.664609,6.6647935,5.512061,3.7365732,4.4126906,3.9489362,5.235648,3.8957071,4.3708096,6.85322,6.6484528,7.6262918,6.693832,4.493063,3.5576658,5.354177,5.4022613,3.757514,5.594817,5.6923223,4.302617
8,3.3870301,1.9383974,3.3918867,2.2245383,3.7477663,3.7021897,2.4160042,3.7764485,0.0,3.117958,2.580975,2.560067,3.8402312,3.90669,2.8220022,3.186475,4.4657564,4.4657564,4.5621896,4.5567627,3.6702247,3.7912927,3.7303746,3.7508116,4.6101236,3.9624124,3.8926356,3.6039813,4.7221885,4.09364,4.816851,4.1246076,4.4648504,3.6022637,4.8637185,5.271715,4.7444406,4.700765,4.5076284,4.6573853,3.5650804,3.6783113,4.998785,4.851919,5.517151,4.9691496,4.779224,4.9800954,6.452955,6.4355164,6.2169967,6.1513734,5.1399345,5.678192,4.534781,5.05494,4.6323256,4.547288,5.903381,5.396439,5.463627,5.4305463,4.8711405,4.670461,7.32287,5.18549,5.3542933,6.841761,6.606399,6.7265153,6.7779984,6.665557,8.520084,7.8524427,5.849326,6.059273,7.028829,5.5108852,6.719456,6.901644,5.9984045,5.811942,6.106723,5.988284,6.1139216,5.910226,5.1876693,5.8974233,6.1896086,6.1725855,6.0666137,6.07284,6.168483,6.1076813,6.672154,6.902642,7.003023,6.7960153,6.477415,6.025678,6.8869195,6.4127693,7.4446645,8.638353,7.0908155,6.820939,5.6682615,6.3223686,6.548266,4.9787884,5.5132766,5.959984,5.813743,6.469662,5.7983747,5.929435,7.9681807,6.2395887,7.167314,7.143955,5.983822,5.5483027,6.785407,7.1101346,5.6042647,6.8998804,7.360538,6.061029
9,2.6764314,2.0811577,2.67315,2.191589,3.1059442,3.0653234,2.4557297,3.1492205,3.117958,0.0,2.1470091,1.6928287,3.1995115,3.215511,2.0278828,3.277956,3.2857594,3.2857594,3.2532208,3.3087826,2.319692,2.5349343,2.4185858,2.5406086,3.8167636,2.4181771,3.060818,2.3274224,3.2626762,2.3536658,3.4871798,2.3833778,3.7459323,3.5829787,3.8625202,5.950277,3.6466117,3.6271899,4.0287514,3.5765417,2.8537607,4.8254666,4.5015507,4.3582706,5.0730143,3.899304,4.248995,5.7859907,6.024072,6.0035963,5.2795005,5.2762012,4.678197,5.168306,3.2611287,4.644434,3.7619448,3.664115,5.3309226,4.9250436,4.4542665,4.9434767,3.8197472,3.90702,6.459533,3.968685,4.524071,5.9846687,5.818489,5.9885144,5.937775,5.813006,7.899837,7.304928,4.875796,6.482293,6.1016793,4.5528746,5.5847826,6.1351504,4.819118,4.7093496,4.9215937,4.864788,4.995758,4.7224855,4.0894456,4.83896,5.2478986,5.2086964,5.0259185,5.0295873,5.0091915,5.0145855,5.7023168,5.983287,6.514776,6.3009243,5.857224,5.5833178,6.418613,5.394905,6.760809,7.973241,6.233732,5.9002438,5.118175,5.455321,5.7837276,4.329994,4.907131,5.063428,5.2076025,6.05788,4.819333,5.0414224,7.482302,5.6843667,6.7685113,6.658622,5.4519386,5.020208,6.342733,6.3943944,4.9611244,6.143826,6.5285945,5.5661807
10,3.2904687,1.4828147,3.2928734,1.9004974,2.9997892,2.9796276,2.1412053,3.0345767,2.580975,2.1470091,0.0,0.5485015,3.164324,3.1622581,1.1724435,3.0549698,3.72701,3.72701,3.850185,3.81129,2.6873996,2.7702997,2.74623,2.7620852,3.4756694,2.5216544,2.5490105,2.5911837,3.6111312,2.668489,3.7491405,2.7397718,3.857092,3.3917801,4.3786726,5.74318,4.108629,4.0479608,3.9597828,4.092612,2.6083686,4.670077,4.214751,4.507122,5.0367866,4.4534893,4.1974077,5.7280006,6.1736417,6.144137,5.8381243,5.7339706,4.5467334,5.219386,4.0570526,4.4302874,4.027603,3.9146636,5.4713,4.756403,5.059092,4.93478,4.3860693,4.1129704,6.8344336,4.7545877,4.7422957,6.384471,6.108381,6.2407966,6.41233,6.2784033,8.442598,7.800729,5.301087,6.487348,6.526335,5.002875,6.016426,6.392669,5.591675,5.41825,5.64364,5.5152864,5.6103683,5.490831,4.5375013,5.435697,5.7719393,5.7461762,5.671904,5.6796083,5.8271184,5.733844,6.307163,6.5856175,6.582866,6.352534,6.0454035,5.497419,6.368411,5.980033,7.0280476,8.2792225,6.665445,6.3358326,5.212742,5.928391,5.9435754,4.395172,5.0768228,5.5011644,5.2496243,5.9917006,5.3808174,5.5090356,7.5355177,5.599726,6.6013937,6.6244984,5.5993676,5.126757,6.356639,6.5102587,5.1762676,6.5197964,6.9596124,5.604078
11,3.1160662,1.3816884,3.1183188,1.8760037,3.0440793,3.0127995,2.1481054,3.0809822,2.560067,1.6928287,0.5485015,0.0,3.1672618,3.2056105,1.0885879,3.0891824,3.612143,3.612143,3.709499,3.676072,2.473152,2.5757356,2.5280974,2.570457,3.5728228,2.3547611,2.611774,2.400726,3.5028098,2.4708884,3.6708994,2.5376437,3.8776715,3.437783,4.278058,5.766762,3.9866073,3.9253013,4.0150824,3.9866507,2.6807268,4.694869,4.303604,4.4866424,5.0981336,4.369192,4.263462,5.7631145,6.234625,6.2051463,5.7777014,5.6478543,4.609408,5.2924533,3.9545908,4.539755,4.013808,3.9084225,5.5073934,4.7878547,4.995814,5.033576,4.3237686,4.1519217,6.7947707,4.6116285,4.748424,6.30366,6.0780525,6.2141585,6.3608365,6.2292676,8.311531,7.6714396,5.264862,6.5067496,6.499955,4.9802256,5.9599047,6.376949,5.478978,5.3343205,5.544395,5.4367456,5.5160136,5.377569,4.5047064,5.369294,5.67797,5.647075,5.539632,5.546041,5.669373,5.5937552,6.1962495,6.480486,6.6200747,6.394585,6.0713024,5.5614495,6.462178,5.8970838,7.0170074,8.278725,6.6284866,6.2702656,5.2453585,5.852944,5.8518076,4.2992043,5.1176863,5.4548807,5.30806,6.060742,5.3010297,5.4312263,7.5997677,5.5692058,6.617119,6.6711683,5.6388884,5.1757975,6.4356823,6.5809836,5.1980486,6.5067563,6.9002385,5.660216
12,2.1359751,3.4074216,2.2139125,2.1053174,2.1781387,2.1665483,2.4193196,2.1742992,3.8402312,3.1995115,3.164324,3.1672618,0.0,2.2291186,3.2871435,2.332694,2.1707625,2.1707625,2.7105916,2.6926503,2.5899572,2.303955,2.232934,2.2327266,2.627037,2.0851524,3.068973,2.7278898,2.362912,2.6748216,2.4189968,2.7962055,2.2270782,1.6623188,2.4596348,5.1073837,2.1983335,2.3850417,1.6593932,1.9656949,2.3475478,3.6019244,2.5000973,2.4317873,3.8095343,2.9782345,2.3437016,4.875653,5.591741,5.6170754,5.0796924,5.0488906,2.859921,3.8958728,2.527324,3.5318635,2.5640633,2.4587233,3.9174037,4.7916026,3.9985318,4.4860415,2.1904886,1.9786042,5.6108384,3.450776,3.047685,6.368249,4.544362,4.539769,4.9525833,4.7991457,7.003929,6.274491,3.8704724,5.45511,5.6886764,4.0927877,4.990861,5.4714313,3.7634897,3.7098033,4.001814,3.8728213,3.9631383,3.768455,3.4293563,3.7859278,4.147582,4.113505,4.000763,4.0091443,4.0208926,4.0063434,4.669763,4.9960012,5.1751523,4.899566,4.977795,4.035982,5.4289837,4.44835,5.6469016,7.059332,5.275248,4.864522,3.978988,4.2321568,6.7672534,5.627169,3.9605386,3.9237773,4.4316916,4.6085453,4.213934,3.7163692,6.4710703,6.302998,7.1451387,6.322341,3.9973726,3.8048098,5.317406,5.4646273,3.83844,5.1537395,5.48122,4.0611534
13,2.1253238,3.07449,2.1112268,1.9968312,0.6262243,0.8064201,1.8749441,0.7080348,3.90669,3.215511,3.1622581,3.2056105,2.2291186,0.0,3.069514,1.9260254,2.2996044,2.2996044,2.4437473,2.4847267,3.0136533,3.228994,3.2148848,3.2342732,2.3074417,2.8901253,2.5705433,2.846134,2.6118884,2.9098632,2.5228226,2.9886224,2.9324787,2.5234036,3.1616435,4.7623906,2.9411592,3.16204,2.7317486,2.9421942,2.0292387,3.7109368,3.2541735,3.30305,3.5959053,2.755055,2.9536397,5.185263,4.575888,4.5693836,4.706393,3.8111103,3.4769256,4.3300962,2.3505757,3.4943752,1.756409,2.028598,4.4734554,5.2150664,3.5882049,3.4913747,3.1479228,2.8374567,5.708895,3.1216824,3.3420074,6.054221,4.8795967,5.1399727,5.1463294,5.103914,7.464258,6.7591963,3.9929028,5.7055435,5.3935943,3.537647,4.53808,5.135498,4.312824,3.9238288,4.517355,4.406945,4.4723077,4.214655,2.7153006,4.0823965,4.579717,4.548836,4.5592504,4.573493,4.606116,4.547135,4.9347734,5.301731,5.4070125,5.152721,4.717157,4.236102,5.3175116,4.7209053,5.9906626,7.24006,5.4348955,5.178583,3.7615721,4.5985246,6.687009,5.4919715,3.662675,4.4114327,3.9088945,5.237886,3.7416935,4.3044376,6.7710104,6.6742516,7.6081247,6.6180353,4.4254565,3.39567,5.2246604,5.2329335,3.6099126,5.5067425,5.6221457,4.2653227
14,3.0378911,2.059611,3.0323663,1.9191048,2.9813645,2.9871378,2.4679718,3.0298946,2.8220022,2.0278828,1.1724435,1.0885879,3.2871435,3.069514,0.0,2.6262116,3.5972617,3.5972617,3.5631661,3.5348382,2.4910386,2.678559,2.6170464,2.6555095,3.2051926,2.5755935,3.0375724,2.5507102,3.4587793,2.5468166,3.5820353,2.653592,4.13556,3.6416097,4.1851954,5.856499,4.091873,3.9674861,4.057609,3.9272852,2.2747571,4.5512085,4.1460156,4.4259605,4.795921,4.159992,4.2477264,5.2659163,6.322389,6.2861514,5.6601853,5.480383,4.408502,5.3099084,3.7385936,4.4499187,3.8363545,3.6235094,5.475198,4.334143,4.7467794,4.6292686,4.412489,4.259464,7.0122933,4.2470374,4.9134994,6.289373,6.003237,6.225908,6.41605,6.269273,8.300943,7.6406255,5.418058,6.6259007,6.4119596,4.697413,5.67591,6.2311873,5.5014634,5.4499216,5.5741487,5.4864984,5.4711065,5.374919,4.251669,5.476613,5.5676837,5.545526,5.513817,5.5201683,5.6028285,5.509476,6.1705246,6.348212,6.618343,6.3846326,5.8029733,5.532366,6.3540173,5.866229,7.0389385,8.3618965,6.6486106,6.176039,4.865605,5.8693204,5.8148665,4.221169,4.835029,5.4043226,5.0686626,6.1568136,4.95862,5.3692884,7.607035,5.71155,6.898175,6.76931,5.562306,4.9971647,6.303254,6.564313,4.8855305,6.4971814,6.8425965,5.6401215
15,1.6742185,3.1521664,1.6729422,1.5203989,1.8899926,1.9710952,2.155594,1.925781,3.186475,3.277956,3.0549698,3.0891824,2.332694,1.9260254,2.6262116,0.0,2.4890757,2.4890757,2.458545,2.4727077,2.587948,2.793966,2.7342467,2.774448,2.0775106,2.9231231,3.3305938,2.706662,2.7542243,2.93613,2.731181,3.022289,3.1916797,2.313351,3.1479292,4.672819,3.0341525,3.1215398,2.8156412,2.8041708,1.7831956,2.6941104,2.85767,3.3684268,3.6293442,2.9254224,3.0889812,3.6413171,5.6117334,5.6018996,4.9663205,4.731809,3.4096062,4.5126605,2.4841702,3.5823727,2.4895372,2.168021,4.5420427,4.31028,3.7419164,3.6928594,3.3599877,3.1488323,6.173409,3.1208522,3.9045875,6.336303,5.05522,5.3242283,5.5888205,5.4034586,7.618829,6.899195,4.4646697,5.3999996,5.607852,3.6999316,4.848216,5.3594027,4.5669365,4.5177,4.7100425,4.61654,4.576334,4.447146,3.0341122,4.606885,4.650719,4.632517,4.6832385,4.693146,4.7115827,4.624374,5.2943645,5.474409,5.7971463,5.5327325,4.855805,4.601879,5.5431466,4.9602456,6.2342334,7.657448,5.8029704,5.2824926,3.7432747,4.972766,6.661184,5.4312572,3.7770832,4.5001545,4.1565824,5.4071074,3.9285667,4.469058,6.8903418,6.5780106,7.6346345,6.7086906,4.5685472,3.8824816,5.4172406,5.8417726,3.7279387,5.6693377,5.96287,4.699444
16,1.5324745,3.6971924,1.5454466,2.5522912,2.2395175,2.2982805,2.6368947,2.2216501,4.4657564,3.2857594,3.72701,3.612143,2.1707625,2.2996044,3.5972617,2.4890757,0.0,0.0,0.91418076,0.7723887,2.0335722,1.9848009,2.074564,2.1387873,2.1500797,1.9081749,2.7259178,1.779084,0.8209577,1.7730964,0.80802935,1.8093415,2.527934,2.1085837,2.6731226,4.1560106,1.6587384,2.2561314,2.4115021,2.0245857,2.529717,3.6777072,2.6741395,3.3330898,3.7559164,2.3848429,2.731942,4.9940534,5.0832996,5.0917497,4.161228,4.3628674,3.3605027,3.8482172,2.0251777,2.8279018,1.911299,1.8284318,4.2381325,4.8392315,3.6911778,4.4243207,2.5874581,2.6319723,5.0815277,3.5890822,2.7184734,6.161808,4.5050726,4.6705303,5.2771897,5.089177,7.309307,6.585758,3.3464303,4.7242055,5.0990057,3.6146235,4.745853,4.866295,3.5594761,3.4738407,3.6976552,3.6280277,3.603339,3.5215178,2.69313,3.60072,4.585916,4.5304966,4.438511,4.4480658,4.469965,4.451933,5.041954,5.4298306,5.4644585,5.195993,5.070086,4.3079324,4.9404173,4.225236,5.1784396,6.715064,5.0408545,4.876486,4.350806,4.1574,6.652933,6.174785,4.0918164,3.9472764,4.197083,4.4572577,3.8506207,3.8948612,6.23534,6.679983,7.225694,6.1867113,4.4045267,3.9041083,4.8854446,5.111197,4.1213117,4.657265,5.2558975,4.3026285
17,1.5324745,3.6971924,1.5454466,2.5522912,2.2395175,2.2982805,2.6368947,2.2216501,4.4657564,3.2857594,3.72701,3.612143,2.1707625,2.2996044,3.5972617,2.4890757,0.0,0.0,0.91418076,0.7723887,2.0335722,1.9848009,2.074564,2.1387873,2.1500797,1.9081749,2.7259178,1.779084,0.8209577,1.7730964,0.80802935,1.8093415,2.527934,2.1085837,2.6731226,4.1560106,1.6587384,2.2561314,2.4115021,2.0245857,2.529717,3.6777072,2.6741395,3.3330898,3.7559164,2.3848429,2.731942,4.9940534,5.0832996,5.0917497,4.161228,4.3628674,3.3605027,3.8482172,2.0251777,2.8279018,1.911299,1.8284318,4.2381325,4.8392315,3.6911778,4.4243207,2.5874581,2.6319723,5.0815277,3.5890822,2.7184734,6.161808,4.5050726,4.6705303,5.2771897,5.089177,7.309307,6.585758,3.3464303,4.7242055,5.0990057,3.6146235,4.745853,4.866295,3.5594761,3.4738407,3.6976552,3.6280277,3.603339,3.5215178,2.69313,3.60072,4.585916,4.5304966,4.438511,4.4480658,4.469965,4.451933,5.041954,5.4298306,5.4644585,5.195993,5.070086,4.3079324,4.9404173,4.225236,5.1784396,6.715064,5.0408545,4.876486,4.350806,4.1574,6.652933,6.174785,4.0918164,3.9472764,4.197083,4.4572577,3.8506207,3.8948612,6.23534,6.679983,7.225694,6.1867113,4.4045267,3.9041083,4.8854446,5.111197,4.1213117,4.657265,5.2558975,4.3026285
18,1.6149428,3.836766,1.556979,2.646481,2.4467278,2.5445046,2.8474596,2.4542608,4.5621896,3.2532208,3.850185,3.709499,2.7105916,2.4437473,3.5631661,2.458545,0.91418076,0.91418076,0.0,0.349405,2.2489114,2.3540843,2.4107976,2.5508845,2.1723502,2.3095198,2.9947624,1.8698636,1.0701407,1.8595587,1.0716776,1.8962432,2.9642477,2.5762794,3.07757,4.282009,2.2640395,2.6486135,3.0371928,2.5589895,2.6823452,3.7724586,3.0140352,3.6992066,4.077554,2.5498364,3.1457617,4.862302,5.25486,5.2505865,4.1534624,4.552567,3.660567,3.9066508,1.9483943,2.9576275,2.2524374,2.0605593,4.583518,4.8848157,3.812647,4.3911457,3.0973294,3.1367712,5.3564677,3.5832467,3.2603133,6.2406464,4.8320684,5.0872917,5.5920324,5.401677,7.394589,6.7687945,3.6351142,4.8716836,5.029046,3.675701,4.7208495,4.8830276,3.8761735,3.78196,3.9460084,3.9009597,3.8982956,3.757621,2.5829384,3.9705205,4.8709173,4.8267274,4.7799864,4.7890997,4.7902994,4.7338147,5.3709364,5.741691,5.94614,5.716866,5.2053576,4.8067393,5.1530776,4.5647435,5.468303,6.990969,5.4029922,5.244177,4.6086764,4.632925,6.75964,6.284833,4.2906194,4.36683,4.196355,4.896177,3.9478922,4.3580256,6.403905,6.883489,7.443207,6.3555517,4.79128,4.194857,5.0740075,5.3369613,4.3250985,4.954823,5.614112,4.8493676
19,1.643406,3.8118355,1.5890707,2.6607006,2.4611776,2.5579033,2.8371964,2.4581265,4.5567627,3.3087826,3.81129,3.676072,2.6926503,2.4847267,3.5348382,2.4727077,0.7723887,0.7723887,0.349405,0.0,2.1343513,2.2180998,2.3046453,2.4190657,2.133344,2.1852798,2.9076743,1.7398611,0.8959104,1.7314224,0.92033845,1.76522,3.0277524,2.5196822,3.0638502,4.150137,2.2245426,2.622924,2.9988678,2.5278654,2.6732314,3.7706892,2.9696329,3.6953583,4.0864396,2.5604837,3.1333778,4.902896,5.3312626,5.327577,4.2568393,4.567006,3.648772,3.9850583,2.1402586,2.9288685,2.2261817,2.0441165,4.6467857,4.895362,3.9191322,4.5213656,3.146128,3.190251,5.338117,3.6617239,3.2082114,6.2937775,4.8209615,5.0617523,5.6329956,5.4445534,7.439869,6.800135,3.6989286,4.839299,5.115893,3.7926905,4.755806,4.904326,3.9167562,3.823873,3.9792595,3.9299846,3.8961942,3.8167918,2.6547744,3.9985204,4.8824573,4.8338227,4.7770944,4.7859416,4.8255334,4.7534986,5.379343,5.787949,5.949244,5.719486,5.2953954,4.7907367,5.177067,4.6128697,5.468637,7.0284147,5.4380174,5.264296,4.666744,4.634226,6.752307,6.3291574,4.3887653,4.4123917,4.214858,4.8547807,4.0169086,4.3595285,6.4498925,6.8985653,7.4424505,6.387175,4.845279,4.2440615,5.1131816,5.402044,4.429363,5.002469,5.618057,4.851281
20,1.9333317,2.8251998,1.9768032,2.1644828,2.6950574,2.6469326,2.4347286,2.6763175,3.6702247,2.319692,2.6873996,2.473152,2.5899572,3.0136533,2.4910386,2.587948,2.0335722,2.0335722,2.2489114,2.1343513,0.0,0.9880814,0.9427479,0.93668497,2.4180217,1.493688,2.5554333,1.16045,1.9261286,1.4333218,2.2035284,1.2725078,2.835218,2.4976003,3.0498838,4.966925,2.2058508,2.6018114,2.8822174,2.3535101,2.2382033,4.052933,3.1396008,3.783808,4.090008,2.9647996,3.3149648,4.914018,5.9424863,5.935561,4.829374,5.054723,4.224409,5.019375,2.894489,3.7334442,2.921366,2.5549748,4.653788,3.9886856,3.8193974,4.6285005,3.0472014,3.1268654,5.534338,3.7753475,3.646164,6.0387416,5.035634,5.1847496,5.6078153,5.2929387,7.7759275,7.0142074,4.1385226,5.481974,5.5632052,3.9746568,5.1490464,5.388254,4.287893,4.3655524,4.387795,4.2981653,4.2929664,4.26344,3.4453123,4.4319897,4.7760596,4.7137036,4.5404963,4.543916,4.64149,4.6430006,5.3445673,5.617288,5.9061275,5.642969,5.4305706,4.8253016,5.654634,4.696262,5.975614,7.4919086,5.5801425,5.09684,4.4898553,4.753953,5.92404,5.1377754,4.3645825,4.2802854,4.717889,5.0740724,4.291396,4.3297615,6.834462,5.9298096,6.863655,6.3602004,4.8189273,4.51993,5.606289,5.9438977,4.4989896,5.3990054,5.85635,4.8573422
21,2.0855808,3.0784523,2.1635838,2.330387,3.0306778,3.0056946,2.7142022,3.0238545,3.7912927,2.5349343,2.7702997,2.5757356,2.303955,3.228994,2.678559,2.793966,1.9848009,1.9848009,2.3540843,2.2180998,0.9880814,0.0,0.34758005,0.42195153,2.7021134,0.9485565,2.877939,1.4336737,1.8511502,1.3325511,2.0839484,1.3799179,2.8616912,2.516859,2.8842888,5.0109572,2.1160207,2.4025793,2.7091656,2.1887953,2.4409482,4.058354,2.879079,3.6513326,4.141493,3.1559405,3.1650162,4.973265,6.0360985,6.03665,4.806606,5.201132,3.745193,4.5456047,2.9456062,3.582628,3.0751312,2.7808619,4.4070253,4.035735,4.129275,4.9148445,2.9089417,3.0486448,5.714069,4.052067,3.5949707,6.1482587,4.956009,5.0117855,5.6808825,5.413396,7.708718,6.9427056,4.0716634,5.29314,5.714807,4.14053,5.4151616,5.554013,4.1305366,4.3321214,4.2371974,4.1638656,4.0927444,4.137268,3.6688097,4.275903,4.8412647,4.781232,4.6085215,4.612435,4.647915,4.6791964,5.4179487,5.5945277,5.8114367,5.546817,5.480467,4.5970974,5.5058165,4.5333753,5.670228,7.289695,5.45975,5.033114,4.5817213,4.5041866,5.985864,5.2360134,4.4439883,4.0648584,4.94062,4.7384715,4.3896074,4.0599594,6.5872235,5.760467,6.530869,6.078314,4.6342835,4.5097284,5.482366,5.8261223,4.515852,5.1396275,5.7217917,4.705926
22,2.048544,3.0618815,2.135353,2.267664,3.0067372,2.9630146,2.7054098,3.0022292,3.7303746,2.4185858,2.74623,2.5280974,2.232934,3.2148848,2.6170464,2.7342467,2.074564,2.074564,2.4107976,2.3046453,0.9427479,0.34758005,0.0,0.33896846,2.6969314,1.0396972,2.9483712,1.5279311,1.9595025,1.4653631,2.1888783,1.4955218,2.7860365,2.5289345,2.8392456,5.155853,2.0811236,2.3215451,2.7071402,2.1570196,2.435625,4.0266547,2.8956885,3.5463748,4.113942,3.1451585,3.18465,4.91336,6.1003056,6.1002374,4.851617,5.230095,3.8005319,4.675424,2.91993,3.735748,3.1401622,2.820368,4.370479,3.9530332,4.040137,4.8520517,2.8779094,3.0223467,5.757406,3.9482117,3.7049916,6.112903,4.934892,4.9965167,5.6017475,5.3175263,7.5998025,6.822341,4.146386,5.441377,5.7288446,4.1090016,5.3578477,5.5722384,4.1367745,4.3585997,4.2802467,4.2094426,4.141414,4.137208,3.7068024,4.3277225,4.749936,4.6902328,4.512717,4.5158744,4.52491,4.5742025,5.3196373,5.45988,5.7681246,5.5106063,5.402269,4.603446,5.578624,4.513405,5.734551,7.323476,5.4723086,4.976142,4.476652,4.501137,5.949958,5.096159,4.3728976,4.0460773,4.948404,4.8241506,4.3314376,4.021591,6.630623,5.7167563,6.5871434,6.1309986,4.581003,4.486631,5.530532,5.869723,4.41955,5.197028,5.7100344,4.7040215
23,2.1593606,3.0795155,2.2516618,2.3411248,3.0058148,2.951473,2.7241726,2.9918013,3.7508116,2.5406086,2.7620852,2.570457,2.2327266,3.2342732,2.6555095,2.774448,2.1387873,2.1387873,2.5508845,2.4190657,0.93668497,0.42195153,0.33896846,0.0,2.6894522,1.1252548,2.9130342,1.5967213,2.0406919,1.5774661,2.2556312,1.582722,2.800308,2.5212703,2.806298,5.1270466,2.0921657,2.3742871,2.5974855,2.1005452,2.3638391,4.059243,2.9037728,3.4941761,4.006046,3.1149964,3.129547,4.9368715,6.05774,6.0601745,4.854318,5.1921906,3.8026383,4.7383986,2.9912202,3.691839,3.0775058,2.753846,4.3373384,3.879302,3.9931211,4.834196,2.830351,2.9602308,5.7308726,3.9925287,3.651634,6.100412,4.895302,4.9471936,5.572994,5.2837768,7.6254644,6.8151145,4.178486,5.4551044,5.7698627,4.100943,5.369479,5.567348,4.1336565,4.3501964,4.2942896,4.211781,4.138614,4.1607866,3.747013,4.3190007,4.7391567,4.6772165,4.4897957,4.4926505,4.5217786,4.574786,5.2909875,5.430837,5.6808248,5.4126964,5.3863993,4.5233593,5.5247464,4.4909983,5.6895757,7.2954206,5.4218507,4.9295955,4.4134226,4.4362874,5.894539,5.076787,4.3287544,3.9940279,4.9300966,4.719345,4.3074403,3.9530506,6.6152368,5.6967907,6.558874,6.1144075,4.5210686,4.429579,5.476967,5.829354,4.3980694,5.150333,5.6556377,4.5891027
24,2.575959,3.912663,2.5847707,2.6602538,2.144329,2.18645,2.9226058,2.1230707,4.6101236,3.8167636,3.4756694,3.5728228,2.627037,2.3074417,3.2051926,2.0775106,2.1500797,2.1500797,2.1723502,2.133344,2.4180217,2.7021134,2.6969314,2.6894522,0.0,2.6581974,2.7818317,2.4781284,2.0090802,2.5259671,1.8975955,2.5033395,2.7059839,2.5836384,3.2836092,4.821021,2.6345642,2.911455,2.621901,2.78524,1.9817003,3.8545089,2.3976882,3.4524872,3.2960167,2.7441359,2.8426204,4.5701404,5.3669333,5.3560896,4.552782,4.8431096,3.7554488,4.55489,2.680485,2.9590297,2.418881,1.922094,4.2858834,3.9516523,3.511927,3.5656238,3.304389,2.912676,5.632881,3.8266354,3.669977,6.2950296,4.820481,5.0985274,5.5890574,5.2720375,7.7032304,6.922447,4.1816506,5.5196185,5.2461734,3.4868078,4.66158,4.927429,4.5111504,4.46943,4.657374,4.5226994,4.500332,4.4271955,2.920375,4.5871334,4.9254746,4.891224,4.9480906,4.9581394,5.0345144,4.9726644,5.4851584,5.644209,5.5528255,5.309695,4.763593,4.4045897,4.904292,4.7459016,5.6920485,7.2045736,5.5308337,5.1333723,3.829617,4.8094835,6.5843096,5.8624563,3.6923118,4.3487544,3.9716117,4.7394304,3.8861208,4.4094734,6.336828,6.6605783,7.468336,6.337191,4.385247,3.8095098,4.8207035,5.2074714,3.7897391,5.1771975,5.7136235,4.4710293
25,2.288574,2.9603481,2.3388908,2.2986045,2.768539,2.7623007,2.5783215,2.7705624,3.9624124,2.4181771,2.5216544,2.3547611,2.0851524,2.8901253,2.5755935,2.9231231,1.9081749,1.9081749,2.3095198,2.1852798,1.493688,0.9485565,1.0396972,1.1252548,2.6581974,0.0,2.4714942,1.453443,1.6498992,0.9986095,1.8529426,1.1825386,2.8449295,2.5732772,3.0131364,5.0911503,2.2802362,2.420435,2.7939744,2.4795616,2.501424,4.349003,2.9509685,3.5700727,4.30039,3.2734447,3.1576664,5.5077915,5.849365,5.8456717,4.8972673,5.08709,3.574585,4.320159,2.9876585,3.5358138,3.0207748,2.8883252,4.500568,4.5106897,4.3552003,4.9545546,3.0606089,3.088849,5.7425823,4.118763,3.5001638,6.172152,4.9652762,5.0167074,5.641134,5.453315,7.6112065,6.895522,4.0849023,5.5531583,5.7581687,4.2942557,5.3135414,5.567642,4.1756234,4.230073,4.2848363,4.2061257,4.162744,4.152544,3.6494193,4.2012534,4.880464,4.8236065,4.6760173,4.6823587,4.7395678,4.7297626,5.3862257,5.671945,5.7674174,5.5282598,5.5157466,4.566219,5.5064635,4.6792855,5.696483,7.224204,5.550947,5.2132053,4.7140145,4.5725555,6.083617,5.2716866,4.567138,4.29116,4.8325624,4.7879806,4.493622,4.1777363,6.6108623,5.8306966,6.5432034,6.0877542,4.7123404,4.467271,5.5029645,5.683968,4.5833583,5.2609797,5.755514,4.710716
26,3.0720856,2.4138346,3.0482109,2.5307064,2.2481284,2.194032,1.933972,2.2097342,3.8926356,3.060818,2.5490105,2.611774,3.068973,2.5705433,3.0375724,3.3305938,2.7259178,2.7259178,2.9947624,2.9076743,2.5554333,2.877939,2.9483712,2.9130342,2.7818317,2.4714942,0.0,1.9791024,2.6698158,2.311217,2.7339358,2.164351,2.9989495,2.7317317,4.189517,4.461126,3.2556643,3.6473927,3.396168,3.7628171,2.848402,4.651438,3.9923847,4.1689196,4.6065745,3.7697566,3.6566505,6.240184,4.9736285,4.9555554,5.0700426,4.9907484,4.7361326,4.939513,3.6990795,3.4630616,3.0955138,3.1808286,5.21988,5.3349643,4.577541,4.741432,3.9276059,3.5174208,5.537331,4.9012165,3.6917968,6.27494,5.5947766,5.7449784,5.977711,5.809103,7.9882355,7.2664757,4.374839,5.6604514,5.8420815,4.640055,5.546965,5.5286913,5.072432,4.59251,5.1740446,5.0014524,5.198355,5.0079017,3.9259918,4.8184786,5.7077146,5.6606116,5.537262,5.547464,5.8068976,5.7106338,6.0173264,6.5650473,6.0990634,5.874797,5.8873863,5.1256433,5.626969,5.5504646,6.2109675,7.466752,6.062917,6.0799985,5.263516,5.389822,6.378051,5.710125,4.912768,5.2612333,4.66921,5.136878,5.058825,5.2491245,6.9606943,6.4580913,6.946682,6.450844,5.361511,4.6812296,5.6028724,5.612646,5.12961,5.7953634,6.3731017,5.075373
27,2.0052066,2.6158614,1.9769818,2.1068404,2.61738,2.6166027,2.1942089,2.6034853,3.6039813,2.3274224,2.5911837,2.400726,2.7278898,2.846134,2.5507102,2.706662,1.779084,1.779084,1.8698636,1.7398611,1.16045,1.4336737,1.5279311,1.5967213,2.4781284,1.453443,1.9791024,0.0,1.6136981,0.8961361,1.8429117,0.7043284,3.0098717,2.4661136,3.4710498,4.3221774,2.585518,2.8713658,3.2000585,2.9232764,2.4814968,4.043732,3.4448445,3.8875816,4.4720726,3.1909885,3.4438982,5.235312,5.6217866,5.6074,4.6789994,5.102844,4.1960106,4.516063,2.9372058,3.2236772,2.9303856,2.7150016,4.95623,4.5550613,4.2869687,4.8643885,3.46177,3.4022038,5.6015277,4.276517,3.5997632,6.2044907,5.2736554,5.4427423,5.944131,5.7117667,7.720434,7.017827,4.1949887,5.1684737,5.607177,4.308633,5.315927,5.37344,4.436802,4.303072,4.4914565,4.390772,4.450307,4.360935,3.4840178,4.475323,5.256074,5.2047772,5.0631566,5.069043,5.221999,5.1409254,5.7728405,6.209248,6.179741,5.9568777,5.7636166,5.130005,5.540389,5.098386,5.8997707,7.390305,5.8753533,5.700323,5.0801806,5.063228,6.125618,5.570562,4.784883,4.8003354,4.6227455,4.9943824,4.6170683,4.7570257,6.786157,6.246326,6.8102856,6.2856574,5.1765304,4.718125,5.4958396,5.778889,4.9357505,5.3932085,6.1089416,5.14313
28,2.027702,3.8276572,2.0101278,2.755627,2.5385063,2.6127145,2.930842,2.5211604,4.7221885,3.2626762,3.6111312,3.5028098,2.362912,2.6118884,3.4587793,2.7542243,0.8209577,0.8209577,1.0701407,0.8959104,1.9261286,1.8511502,1.9595025,2.0406919,2.0090802,1.6498992,2.6698158,1.6136981,0.0,1.3496705,0.5615576,1.3956652,2.8047302,2.391041,2.9153848,4.4906445,2.0326104,2.4193256,2.7077224,2.3167675,2.6180265,4.148687,2.7184508,3.488437,4.1246004,2.6442323,2.9018295,5.212694,5.5360346,5.5390096,4.4890523,4.8617043,3.5128875,3.93919,2.368928,2.9165916,2.3626091,2.1402378,4.513881,4.796731,4.0663295,4.725341,2.9280417,2.9377112,5.2157464,3.7949114,2.9954805,6.3782353,4.7112303,4.8738894,5.543278,5.327634,7.3982797,6.7366333,3.6470704,5.05395,5.2208257,3.989376,4.790141,4.983714,3.7985184,3.740775,3.8504658,3.7743378,3.7689612,3.735484,2.8435898,3.881764,4.734488,4.682211,4.597411,4.605291,4.697474,4.6122627,5.287754,5.7501264,5.7949257,5.5693793,5.3958335,4.6613727,5.168877,4.5840955,5.4222355,6.986057,5.4260345,5.2181287,4.7083464,4.5538716,6.7011375,6.2662745,4.4745445,4.3368173,4.2679753,4.6374393,4.196928,4.2357874,6.403014,6.744734,7.2714496,6.3040795,4.7365108,4.297019,5.1327252,5.3674626,4.513776,4.9712152,5.599441,4.733034
29,2.2705607,3.005792,2.2545671,2.4180417,2.8002026,2.835329,2.6412058,2.8033323,4.09364,2.3536658,2.668489,2.4708884,2.6748216,2.9098632,2.5468166,2.93613,1.7730964,1.7730964,1.8595587,1.7314224,1.4333218,1.3325511,1.4653631,1.5774661,2.5259671,0.9986095,2.311217,0.8961361,1.3496705,0.0,1.6101252,0.39509538,3.216924,2.8214357,3.3557506,4.816535,2.642754,2.8059196,3.2522187,2.8556123,2.5235233,4.4667845,3.3251352,3.8968394,4.5332036,3.2238176,3.4299388,5.5037513,5.7861857,5.772237,4.7332954,5.101979,3.8921046,4.2961802,2.8843098,3.3002157,2.9734356,2.7883515,4.891424,4.601323,4.415035,4.9624925,3.4397554,3.4560075,5.730023,4.181091,3.610693,6.232781,5.195199,5.347976,5.937501,5.7440643,7.701372,7.04126,4.168668,5.4561844,5.6141353,4.334168,5.2282133,5.4131126,4.314011,4.2680693,4.34344,4.271137,4.2677684,4.234673,3.4308975,4.3548293,5.153526,5.103399,4.9820247,4.988188,5.09926,5.0185685,5.707633,6.111409,6.1640086,5.9471297,5.7414727,5.045196,5.535816,5.000911,5.8361683,7.35263,5.8298497,5.620441,5.0589423,4.9650736,6.1332273,5.5523634,4.8085985,4.711093,4.6644187,5.0072002,4.5712414,4.623421,6.743677,6.1723933,6.7519016,6.230453,5.1321163,4.7088876,5.5208473,5.7385902,4.8956704,5.367413,6.027433,5.1300015
30,2.1330867,3.9611597,2.1382372,2.8567948,2.521302,2.5865421,3.0107448,2.5084,4.816851,3.4871798,3.7491405,3.6708994,2.4189968,2.5228226,3.5820353,2.731181,0.80802935,0.80802935,1.0716776,0.92033845,2.2035284,2.0839484,2.1888783,2.2556312,1.8975955,1.8529426,2.7339358,1.8429117,0.5615576,1.6101252,0.0,1.6855441,2.7500358,2.545868,2.9390254,4.334984,2.0213504,2.3922026,2.6572533,2.3974483,2.6057086,4.0401034,2.6431265,3.4089372,3.8057013,2.6026876,2.841596,5.1932616,5.1770105,5.1773577,4.120723,4.5767145,3.3587534,3.7726252,2.296641,2.61338,2.224044,2.0668232,4.284589,4.687488,3.8881822,4.458074,2.9708948,2.9136667,5.360355,3.9838033,3.1088786,6.2926493,4.6682215,4.8503866,5.5871964,5.384532,7.3858414,6.6352916,3.6624808,4.9630704,5.224725,3.748131,4.8635087,4.9408183,3.8369155,3.8069694,3.9745545,3.9007034,3.8342876,3.7860115,2.8813202,3.9121757,4.9215136,4.8704815,4.81941,4.8287272,4.850076,4.818759,5.3953,5.6943893,5.597979,5.3709464,5.1740623,4.402432,4.800042,4.4014015,5.1161036,6.7448297,5.258831,5.1274176,4.4993505,4.324626,6.644403,6.230814,4.215271,4.160235,4.2770686,4.3498755,3.951078,4.0596623,6.147473,6.724064,7.169181,6.0985456,4.4959855,4.0081544,4.755249,5.0033307,4.2480187,4.66113,5.4030843,4.4709806
31,2.3138418,2.9920416,2.2950916,2.48776,2.81021,2.8243957,2.6274357,2.8018026,4.1246076,2.3833778,2.7397718,2.5376437,2.7962055,2.9886224,2.653592,3.022289,1.8093415,1.8093415,1.8962432,1.76522,1.2725078,1.3799179,1.4955218,1.582722,2.5033395,1.1825386,2.164351,0.7043284,1.3956652,0.39509538,1.6855441,0.0,3.1405003,2.7955375,3.4309335,4.7661843,2.5953562,2.8455303,3.2747183,2.8894427,2.587018,4.5106616,3.414905,3.959633,4.547928,3.2112844,3.4775043,5.5493765,5.7730274,5.7594624,4.733136,5.143894,4.1430216,4.5076423,2.9639707,3.344193,3.004905,2.7917829,4.947672,4.585242,4.354129,4.96952,3.452888,3.4549985,5.6013074,4.2477474,3.6193428,6.2174826,5.231625,5.3902698,5.933323,5.7072306,7.731738,7.0609746,4.16585,5.4531775,5.58167,4.340597,5.238426,5.378625,4.3696184,4.2943296,4.403104,4.318464,4.3507204,4.299069,3.461157,4.4225955,5.200805,5.1466794,5.0044627,5.00997,5.1469736,5.071256,5.7301373,6.15715,6.2003007,5.9849334,5.7861996,5.1226997,5.5733705,5.0331736,5.872829,7.383385,5.84242,5.636992,5.111122,5.0175657,6.1215158,5.5978217,4.840413,4.7552614,4.679275,5.0190697,4.613656,4.697669,6.7749534,6.218119,6.7976193,6.275142,5.1886454,4.7688956,5.5510764,5.7740135,4.9660597,5.398731,6.0654125,5.1782146
