,0,1,2,3,4,5,6,7,8,9,10,11,12,13,14,15,16,17,18,19,20,21,22,23,24,25,26,27,28,29,30,31,32,33,34,35,36,37,38,39,40,41,42,43,44,45,46,47,48,49,50,51,52,53,54,55,56,57,58,59,60,61,62,63,64,65,66,67,68,69,70,71,72,73,74,75,76,77,78,79,80,81,82,83,84,85,86,87,88,89,90,91,92,93,94,95,96,97,98,99,100,101,102,103,104,105,106,107,108,109,110,111,112,113,114,115,116,117,118,119,120,121,122,123,124,125,126,127
0,0.0,2.5137548,2.3431532,0.84272414,1.6525414,4.4044623,1.0906913,1.1196933,6.879055,6.4102564,7.0380483,7.0089846,8.079944,8.301007,7.3596096,7.3471136,7.9614186,6.3320913,7.074713,5.851119,6.632258,7.1137304,6.9648643,7.7877774,4.659548,5.6874948,8.038509,5.1403427,6.749269,7.368262,7.6910105,7.079896,6.353733,7.3377028,7.7159057,7.2341633,6.4787326,6.2135262,6.378148,5.3934956,7.818136,7.8263397,6.9133816,7.0119615,6.70723,5.936365,8.441428,7.885836,6.2465096,8.604009,6.30504,4.824436,5.898551,6.011851,6.609567,6.0420213,7.7427273,7.8374314,8.058807,9.946667,8.427834,7.1197386,7.7822022,7.227898,6.9396567,4.619135,8.231591,9.096499,8.76619,8.478847,6.7643056,7.940412,6.485259,6.221099,6.511606,7.586557,7.172502,6.7079754,8.663267,8.668465,9.802159,9.485445,8.346761,10.578365,9.142289,9.76917,8.966795,10.021881,10.378828,9.3074045,10.095124,10.289092,9.479608,9.541445,7.0801606,7.3781424,5.9398007,5.907918,5.422642,6.243936,8.889836,6.662653,7.759888,7.759888,7.1795363,8.001615,5.2690196,5.944351,8.913727,8.913727,9.523881,7.997312,8.58455,8.710556,10.081747,7.7832823,8.307012,8.93391,9.932464,8.810568,10.402353,10.339024,8.596076,10.140523,8.546498,10.20765,8.6407175,9.016053
1,2.5137548,0.0,3.2872436,2.778766,2.6953626,5.0732512,2.7363708,2.7466943,6.443737,6.712185,7.5563383,7.4995666,7.7012305,7.969716,7.8143315,7.7884583,7.242998,5.428621,6.284579,4.897126,6.3554378,5.874378,6.246504,6.8210464,3.5965374,4.859278,7.01808,4.1281447,6.0326095,7.359284,6.8591485,6.3110743,6.4989038,6.627261,7.1064186,6.4364386,6.7027607,6.486253,6.326069,5.531846,7.9939156,8.000818,7.3346367,7.2619596,6.7824078,6.092506,8.547778,7.9720464,6.3836246,8.357626,6.8740788,5.7727695,6.150785,6.411061,6.165925,5.5042653,7.426255,7.692398,7.7553763,9.815115,8.356837,6.8919024,8.176418,7.32122,6.310966,4.4788017,7.666407,8.255368,7.7125864,7.688889,6.202022,7.3641686,5.8223643,5.592382,6.153475,7.372188,7.136609,6.2895575,7.754564,7.759855,10.03162,9.660777,8.613688,10.763326,9.004594,9.659167,8.933452,9.938231,10.174102,8.879973,10.366422,10.534738,9.707468,9.689575,7.23486,7.4564114,6.046151,6.0382576,5.7578936,6.381283,9.180558,7.0748096,8.058404,8.058404,6.8715835,7.8037553,5.7522454,5.990532,8.614075,8.614075,9.509597,7.695472,7.807306,7.889275,9.291649,6.651887,7.3583136,7.7213187,9.073367,7.6114793,10.369046,10.076233,8.954597,9.796502,8.485181,9.616699,8.537629,8.779177
2,2.3431532,3.2872436,0.0,2.2570834,3.1089156,4.8684573,2.5461593,2.5263503,7.3399405,6.691007,7.2818336,7.2162995,8.584793,8.782578,7.5689616,7.5883846,7.9487114,6.3290863,7.077161,6.055234,6.5481067,7.1777916,6.0468597,7.7171373,4.885475,5.5320487,8.3597765,5.110477,6.77129,6.9509616,7.7081957,7.0681877,5.977687,7.0972667,7.605153,7.3120327,6.141243,6.205238,6.116494,5.6785817,7.5751653,7.579767,6.752666,6.855228,6.446457,5.3491826,8.449403,7.861225,6.6550403,9.25532,7.014828,5.6160264,5.648156,5.6707525,6.836686,6.1005325,7.949151,7.9651885,8.144288,9.925095,7.920504,6.6158247,7.430914,7.040891,6.9667964,5.3872786,8.047278,8.8166,8.679266,8.620957,6.2349615,7.725912,7.0471926,6.8007774,6.8594613,7.827506,7.306987,7.051215,8.56943,8.569377,10.085321,10.263454,8.929222,11.089508,9.293339,9.924323,9.009909,10.035554,10.2135515,9.151358,10.718539,9.998375,10.023089,10.232218,6.519506,7.197332,6.8446646,6.807199,6.6228294,7.4976835,9.309311,7.828902,8.57846,8.57846,7.1026607,7.94831,5.332197,6.815879,8.785068,8.785068,9.521531,7.851413,9.136376,9.295516,10.397187,8.365925,8.70654,9.124031,10.207007,8.482522,10.766858,10.479348,9.098817,10.535359,8.737886,10.410763,8.616592,8.9517
3,0.84272414,2.778766,2.2570834,0.0,2.0863256,4.420271,1.167445,1.1875613,6.787917,6.2771544,6.925271,6.8896427,8.06384,8.275864,7.051582,7.058241,8.191616,6.6186543,7.3243365,6.182052,6.8582096,7.227447,6.867604,8.019585,4.9513755,5.599208,8.230226,5.502856,6.691237,7.276527,7.943466,7.347999,6.4821196,7.4715676,7.867527,7.4125514,6.5068097,6.266897,6.3999825,5.515736,7.8959427,7.9023175,7.050579,7.150233,6.6937985,5.9408493,8.485282,7.9278984,6.4408283,8.778705,6.492575,4.5644608,6.1254997,5.81437,6.442489,6.2802734,8.009172,8.088687,8.153369,10.036475,8.346615,7.0656857,7.8299184,7.290676,6.8607335,4.5073123,8.33801,9.195017,8.916676,8.6310835,6.918112,8.044717,6.802457,6.5401964,6.791631,7.7582664,7.0335217,6.984752,8.603563,8.60936,9.943316,9.630126,8.683452,10.790999,9.416253,10.082195,9.243074,10.250857,10.301114,9.285872,10.050602,10.148727,9.365923,9.663382,6.9859986,7.3047357,5.831719,5.797871,5.228491,6.4029627,8.768417,6.72239,7.609149,7.609149,7.136915,7.9608774,5.2057695,5.897105,8.86782,8.86782,9.446984,7.9243536,8.503893,8.645366,10.015076,7.760689,8.206939,8.920628,9.889451,8.81385,10.363258,10.298122,8.531242,10.114115,8.196486,9.938849,8.289004,8.662718
4,1.6525414,2.6953626,3.1089156,2.0863256,0.0,4.0799847,1.8885703,1.8992752,7.1863427,6.9117713,7.3848433,7.5248733,8.416782,8.623446,7.946971,7.9217353,7.7322383,6.1338797,6.943127,5.5925803,6.532482,6.965149,7.4339514,7.9315906,4.2355247,5.520362,7.9849596,4.802342,6.8590174,7.692523,7.488264,7.0799236,6.7460227,7.514287,7.892804,7.1300187,6.9646735,6.309984,6.752219,5.402259,8.11007,8.118723,6.8895006,6.9581985,6.800035,6.080273,8.618413,8.101105,6.4226217,8.825101,6.4940157,5.3048973,6.1210775,6.5180564,6.8064847,6.072774,7.668511,7.811187,7.867258,9.9359045,8.58651,7.28774,7.7606773,7.0759873,7.0867834,5.0926266,8.429578,9.3026085,8.984991,8.716735,6.781195,8.216925,6.798204,6.5268836,6.822207,8.071854,7.581942,6.7446113,8.96888,8.971047,10.333661,9.887162,8.464162,10.72442,9.481075,10.030748,9.245544,10.024729,10.532788,9.235879,10.489137,10.503977,9.597618,9.487557,7.236253,7.461769,6.425147,6.3997083,5.437244,6.1271253,9.381215,6.874511,8.261312,8.261312,7.5651245,8.107642,5.667666,6.221607,9.184733,9.184733,9.779631,8.15203,8.954273,9.324801,10.2738905,8.018919,8.376384,9.055145,9.751928,9.047403,10.671906,10.613986,8.898985,10.1346245,8.885352,10.488687,8.877354,9.17654
5,4.4044623,5.0732512,4.8684573,4.420271,4.0799847,0.0,4.280787,4.2808313,8.15458,7.9217477,8.256904,8.395199,8.177232,8.257674,8.624301,8.577468,7.613415,7.717196,8.411579,7.422306,7.990192,8.302988,8.375181,9.112529,6.3505487,7.091504,9.281367,6.7963896,6.4338727,7.4196687,6.975341,6.573908,7.834443,8.53894,8.638504,8.30177,7.663506,7.341738,7.683177,6.858006,9.092633,9.099794,8.042049,8.095872,7.871595,7.179137,8.314584,9.079253,6.8418336,8.595354,6.571214,4.9395123,7.001451,6.8550334,7.350964,6.944525,8.022251,8.18041,7.683501,9.135866,8.44269,7.1020374,6.4299417,6.652367,6.0886292,6.2458377,8.640379,9.591096,8.688803,8.252641,7.0027385,8.404709,7.1871166,6.8484817,6.859757,8.260198,8.139986,7.6893954,9.358677,9.358375,10.021519,9.312176,8.051514,9.909984,9.247793,9.69755,9.08868,9.167523,9.854363,8.618017,9.729435,9.689178,8.702812,8.833827,6.352652,6.4329624,6.083149,6.0370874,5.3376794,6.1016393,8.082333,5.472591,8.005376,8.005376,7.1730213,7.8506784,5.8757534,5.667727,8.78356,8.78356,9.026266,7.369729,8.912658,9.522558,9.47702,8.530153,8.086284,8.865028,9.0318165,8.103854,9.709539,10.259172,7.6689663,8.917188,7.7134247,9.47874,7.7307982,8.070781
6,1.0906913,2.7363708,2.5461593,1.167445,1.8885703,4.280787,0.0,0.07455221,6.9541783,6.6291943,7.257562,7.2074795,8.350262,8.533587,7.5470376,7.5368156,8.341475,6.7874675,7.529677,6.394362,7.0480127,7.44656,7.0813336,8.026382,5.0970798,5.9978056,8.494074,5.591857,6.9421587,7.8086443,7.9779377,7.3449917,6.6242023,7.3488455,7.7619214,7.4151464,6.5054398,6.419687,6.505592,5.8438115,8.055913,8.064489,7.19647,7.2555413,6.867581,6.0784082,8.814393,8.246489,6.601526,8.791268,6.488193,4.74852,6.2113996,6.250993,6.618977,6.209989,8.054558,8.164964,8.430216,10.259476,8.378785,7.2796016,7.7362604,7.2933087,7.1608043,4.790303,8.550418,9.336795,9.107097,8.700015,7.135284,8.261958,6.8597956,6.6136837,6.6610694,7.9767513,7.293693,7.296205,8.649236,8.653351,9.79454,9.488576,8.599084,10.628888,9.401799,10.017501,9.216814,10.194498,10.526291,9.2328,10.32754,10.143966,9.486102,9.656197,7.2794333,7.344488,5.937363,5.904846,5.220335,6.1891165,8.95238,6.6607237,7.8503404,7.8503404,7.369863,8.245441,5.3839645,5.843731,9.115096,9.115096,9.677615,8.255911,8.487771,8.653102,10.16809,8.013388,8.443019,9.09687,10.0164,9.036722,10.517036,10.49366,8.793232,10.108041,8.859898,10.445018,8.797031,9.189159
7,1.1196933,2.7466943,2.5263503,1.1875613,1.8992752,4.2808313,0.07455221,0.0,6.9564185,6.6265526,7.249161,7.198867,8.356053,8.536964,7.5502214,7.5420537,8.345724,6.783073,7.5368843,6.40654,7.043208,7.4555635,7.0729704,8.023084,5.0983047,6.0004954,8.502631,5.5900483,6.9333973,7.7836695,7.972081,7.3390155,6.616766,7.3359213,7.754405,7.4105916,6.492573,6.4091215,6.4926996,5.862898,8.063368,8.07199,7.2003546,7.258412,6.857263,6.066687,8.813193,8.240011,6.5950384,8.791403,6.483547,4.746826,6.2049937,6.2480106,6.6272883,6.212952,8.05465,8.163262,8.435658,10.263459,8.358533,7.278788,7.7152476,7.270921,7.151417,4.789709,8.539904,9.330739,9.109144,8.697624,7.120862,8.248743,6.8724775,6.6260223,6.6588926,7.986803,7.275477,7.306022,8.633368,8.637404,9.796283,9.492195,8.618227,10.63416,9.411433,10.026588,9.227886,10.193064,10.508488,9.237049,10.348127,10.145803,9.491161,9.662024,7.2752657,7.335318,5.9719777,5.9394054,5.242278,6.2153487,8.967204,6.6785026,7.8719425,7.8719425,7.376748,8.249854,5.3661194,5.8595243,9.12734,9.12734,9.686597,8.265114,8.491219,8.661372,10.178854,8.030521,8.4591465,9.095166,10.021286,9.038833,10.525669,10.499001,8.797743,10.100702,8.873502,10.456043,8.795126,9.187826
8,6.879055,6.443737,7.3399405,6.787917,7.1863427,8.15458,6.9541783,6.9564185,0.0,2.5440168,4.308335,4.2638555,4.7411914,4.944116,3.902725,3.8502233,6.3413444,5.777714,5.3545938,6.1705065,5.479196,4.6568265,5.11275,4.817686,6.77916,6.463398,8.663482,7.646374,7.3287516,7.890135,8.091135,7.791008,5.5061903,5.4078355,5.4976797,4.841231,5.403544,4.7231526,4.8200364,9.131871,5.754436,5.7633057,6.9458504,6.826575,5.0563574,5.1458287,6.5926266,5.7806096,5.511733,5.8526525,5.5731683,7.1430435,5.6666627,4.9518504,4.161071,4.5524735,7.691123,7.9387054,7.813789,7.940115,6.222073,5.1696763,7.2969995,6.162053,6.4724274,3.9215357,5.915812,6.7684894,6.124857,5.841438,7.4597263,5.7563386,6.4034405,6.3236833,6.0443244,5.4471173,4.7836847,7.3387103,5.3154016,5.331171,8.267426,7.467447,8.8705015,8.8689785,7.851492,8.719615,7.645224,8.593659,7.9218388,6.941739,7.792318,8.370589,6.685385,7.1278796,7.687554,7.3510776,6.371575,6.392601,5.8201957,6.497983,6.6420546,7.4989448,4.50816,4.50816,4.29206,6.2068872,6.255277,6.0036917,6.2298307,6.2298307,7.1984696,5.247264,6.400824,6.8599944,7.7208076,4.0673556,6.3152103,6.492211,6.9545684,7.971377,7.875805,7.712658,8.492289,7.8863497,7.9978743,7.4700565,7.795073,8.078596
9,6.4102564,6.712185,6.691007,6.2771544,6.9117713,7.9217477,6.6291943,6.6265526,2.5440168,0.0,2.6458101,2.509272,4.864435,5.026595,2.8127677,2.8783116,6.2933216,5.6474147,5.3541203,6.1348033,4.7427616,5.4180117,5.0412498,5.0981874,6.676675,6.30363,8.768195,7.492927,7.0959406,6.934176,8.032972,7.6174,4.6276307,5.8564076,5.874522,5.4019284,4.9483495,4.0582685,4.2466946,8.698947,5.0152984,5.025042,6.07798,6.1605034,4.4036264,4.433923,5.7312255,4.8403625,4.56272,5.9964924,4.754115,6.3990984,4.7532673,3.6982462,4.5514183,4.870838,7.4763594,7.535872,7.464432,7.7974634,6.099576,5.1416726,6.8259516,5.5738106,6.2976284,3.8947322,5.5326257,6.8914304,6.614485,6.3784328,7.092699,5.374647,6.71122,6.556045,6.209104,5.3251996,4.1525316,7.2180214,6.2001305,6.215429,8.234511,7.488852,8.869257,8.967108,7.814361,8.625314,7.660259,8.557337,7.248391,7.718291,7.555813,8.364838,6.862722,7.366005,7.156207,7.3402214,6.8852544,6.8825135,6.299946,6.9850545,6.7647552,7.57341,4.8139377,4.8139377,4.3319573,6.1660213,5.434084,6.634633,6.18268,6.18268,7.2896304,5.272042,7.2032795,7.5743833,8.54481,5.4399924,7.198828,7.1701465,7.819322,8.467233,7.9334345,7.7050924,8.000499,8.369748,7.6791754,7.874229,7.498437,7.7686124
10,7.0380483,7.5563383,7.2818336,6.925271,7.3848433,8.256904,7.257562,7.249161,4.308335,2.6458101,0.0,1.0014982,4.5328884,4.698766,3.53301,3.757643,6.4525304,5.701008,6.056489,6.7270656,4.960458,6.437585,5.8074083,5.730574,6.9870167,6.359764,8.718729,7.581332,7.014226,7.334989,7.785549,7.6977043,4.352711,6.2037272,6.2549305,5.349236,5.5094886,4.5474014,4.80195,8.592872,5.577794,5.5868115,6.215947,6.3346004,4.784102,4.4590487,4.856603,4.0232735,4.2559085,5.406025,4.5684543,6.5292754,4.8747687,4.1673193,5.747052,5.9363337,7.188338,7.234132,8.050819,8.324899,5.754365,5.475715,6.633809,5.380045,6.7329764,4.6382713,5.0720143,6.4736347,7.1090612,6.4024234,6.6543713,5.231458,7.1649995,7.0080485,6.1310143,5.7912374,4.6240582,7.2875504,6.6804113,6.6897416,8.567965,7.5717015,8.817298,9.143669,8.07043,8.803834,8.115797,8.614828,6.494746,8.479152,7.2560787,9.345171,7.361198,7.8699265,7.4025187,7.6792264,7.424512,7.413956,6.570025,6.9941783,7.2382426,7.790259,5.6023865,5.6023865,5.1931353,6.5402584,4.9067974,7.35754,6.145763,6.145763,7.818146,5.603251,7.5216036,8.06309,9.558083,6.4040813,7.9320087,7.1363206,7.837849,8.586946,8.4659195,8.263822,7.8087807,8.38695,7.615764,7.7482038,7.5864325,7.8318243
11,7.0089846,7.4995666,7.2162995,6.8896427,7.5248733,8.395199,7.2074795,7.198867,4.2638555,2.509272,1.0014982,0.0,4.5490646,4.708547,3.3689897,3.6128614,6.5864363,5.8937383,6.239645,6.8852487,5.1844935,6.6038923,5.5913873,5.5621862,7.141981,6.451451,8.832969,7.707627,6.9091706,7.2056985,7.893829,7.633134,4.292212,6.106896,6.1293316,5.5216312,5.4004726,4.806813,4.662865,8.686263,5.421027,5.4313636,6.2939095,6.407978,4.984886,4.6771517,5.057208,4.269649,4.1750503,5.374414,4.519369,6.4868307,4.804928,4.03688,5.7154694,5.89137,7.3180957,7.361616,8.1510725,8.4182625,5.8514614,5.571281,6.78096,5.5596843,6.6854486,4.6090612,4.9715724,6.332256,7.0562015,6.389352,6.819515,5.1796427,7.1500816,6.996973,6.105959,5.770351,4.619504,7.475041,6.656193,6.6685023,8.3799305,7.394389,8.950516,9.180335,8.038704,8.807132,8.067649,8.759498,6.403059,8.550911,7.2437663,9.288244,7.558725,8.068929,7.4929805,7.815491,7.403508,7.391715,6.8040905,7.1086617,7.244653,7.823067,5.6394534,5.6394534,5.1504745,6.750531,4.8516617,7.398367,5.9848657,5.9848657,7.9517846,5.7876844,7.277995,7.6368294,9.5129795,6.3892584,7.9829774,7.053495,7.9383383,8.498624,8.41937,8.182928,7.8519316,8.520799,7.7233377,7.8667603,7.672574,7.9699106
12,8.079944,7.7012305,8.584793,8.06384,8.416782,8.177232,8.350262,8.356053,4.7411914,4.864435,4.5328884,4.5490646,0.0,1.5019681,5.7465453,5.795743,5.287268,5.8262134,6.092557,6.6341515,6.0709825,6.0525455,6.3452473,5.534269,7.1652427,6.891806,7.611808,7.59055,5.827187,7.6646247,5.9994435,6.152261,5.9598637,6.552512,6.438123,5.456101,6.733003,6.2293553,6.1153116,9.222315,7.3713937,7.3755665,8.23302,8.1710615,6.4781303,6.2246065,4.5041194,5.231585,4.990067,3.5340135,5.382703,6.971596,6.3776817,5.722165,6.069592,6.328212,6.6480684,6.997095,7.774478,7.7846427,6.653371,5.4866867,7.1790037,6.3108497,5.2851815,4.952906,4.325536,5.4943213,4.3260126,3.3889353,6.087363,4.1937165,5.236216,5.076774,4.8600726,4.222844,5.049518,6.523808,5.4726424,5.4873033,7.7227893,6.449315,7.789253,7.9759984,6.720345,7.4279966,7.5011277,7.3474555,6.1157355,8.049154,5.9141946,9.742305,6.5270605,7.030203,7.437471,7.2792244,6.3639164,6.3746333,6.475853,6.544604,5.7175064,6.494453,4.7654138,4.7654138,4.0046597,5.897108,5.58359,6.2185864,5.520176,5.520176,7.0090146,4.3133383,5.5645123,6.135594,7.5243683,4.1993313,6.067119,4.7206874,6.290239,5.718644,7.191194,7.385721,6.68159,6.646277,6.0364165,4.8196406,6.4312253,6.477012
13,8.301007,7.969716,8.782578,8.275864,8.623446,8.257674,8.533587,8.536964,4.944116,5.026595,4.698766,4.708547,1.5019681,0.0,5.8993564,5.951645,5.5618324,6.1461177,6.4741325,7.01466,6.3386807,6.409345,6.59999,5.8275223,7.459926,7.1786933,7.32034,7.899347,5.9752994,7.8216496,5.822291,5.9750457,6.0417213,6.2394686,5.977135,5.137401,6.120346,5.708184,5.514216,8.957237,7.0650377,7.068039,7.7670255,7.656521,6.074274,6.477516,3.7516737,4.706017,4.748711,2.998384,5.217439,6.7931333,6.357511,5.661072,6.1108108,6.3544755,5.788586,6.1007295,7.045604,6.9183598,5.848472,5.775547,6.5698547,5.681668,4.9690795,4.695072,4.102267,5.2098894,4.312027,3.301771,5.9086404,3.8968284,5.0303574,4.955527,4.633253,3.9154463,4.565013,6.3840804,4.993351,5.0086403,7.069563,5.499147,7.1709857,7.187817,5.970663,6.7799735,6.871828,6.59906,5.207964,7.3959227,4.93913,9.208861,5.639368,6.2074537,6.736526,6.517884,6.705511,6.7139835,6.692553,6.725709,5.960083,6.6907682,5.1305866,5.1305866,4.372088,6.210534,5.77458,6.508473,5.725723,5.725723,6.121449,4.589381,5.072386,5.7047524,7.260906,4.07621,5.812838,4.618643,5.7024503,5.997244,6.392174,6.6428413,6.174148,5.9017434,5.818277,5.059568,6.071036,6.177581
14,7.3596096,7.8143315,7.5689616,7.051582,7.946971,8.624301,7.5470376,7.5502214,3.902725,2.8127677,3.53301,3.3689897,5.7465453,5.8993564,0.0,0.57812375,7.7390523,7.3579736,7.2387743,7.8756275,6.6927986,6.863351,6.254774,6.9295926,8.2158165,7.058016,10.064,9.101504,7.8500056,7.578177,9.47978,9.10738,6.2651334,7.6038194,6.982167,6.9105124,6.227426,5.736234,5.657193,9.224975,5.9855227,5.9966874,6.9488835,7.041913,6.300249,6.20945,6.7697697,6.2927113,5.6877966,6.8311505,5.7274656,7.255205,5.9865065,4.142873,5.620656,6.247575,8.82558,8.876216,8.616743,8.179964,6.7017026,5.819599,7.7871733,6.840528,7.4578876,5.212032,6.998757,7.884872,8.106392,7.7852516,8.550183,7.1428647,8.397309,8.2680645,7.65837,7.0014606,5.762281,8.163229,7.5795317,7.594923,9.691092,8.68301,9.974,10.005054,9.2811365,10.366144,9.017659,10.060739,7.93482,8.364516,7.659276,9.022946,7.728452,8.359856,8.017219,8.417618,7.3777714,7.3693867,6.762253,7.326907,7.301866,8.438344,5.458581,5.458581,5.4383426,7.1289577,6.187774,7.408152,6.1689386,6.1689386,7.913099,5.874543,8.210423,8.487361,9.413071,6.523893,8.072595,7.8831167,8.123852,9.3628845,8.484194,8.268684,8.535131,9.031235,7.181075,7.4266815,7.656485,8.0656805
15,7.3471136,7.7884583,7.5883846,7.058241,7.9217353,8.577468,7.5368156,7.5420537,3.8502233,2.8783116,3.757643,3.6128614,5.795743,5.951645,0.57812375,0.0,7.7325354,7.408293,7.206542,7.847334,6.7375097,6.8405895,6.368771,6.873735,8.247269,7.1479855,10.097839,9.132803,7.9588895,7.647427,9.514797,9.134656,6.3849897,7.677866,6.800416,6.962668,6.193249,5.763508,5.644534,9.286764,5.9971385,6.010531,6.9114847,7.003679,6.3967085,6.313321,6.8853207,6.4169097,5.7749453,6.8138123,5.7651143,7.344197,6.0035458,4.2411156,5.6464086,6.1736503,8.809846,8.867209,8.626796,8.069683,6.7731295,5.739919,7.8694725,6.9618254,7.5694284,5.276902,7.147611,8.016695,8.111944,7.821381,8.658389,7.26864,8.341791,8.21998,7.6578403,6.9636545,5.7805967,8.119568,7.573107,7.588319,9.615861,8.642413,9.858942,9.782741,9.187352,10.282088,8.997605,9.974297,8.124045,8.267385,7.624651,9.015266,7.7253327,8.288431,8.0881815,8.456828,7.371938,7.3633766,6.7741466,7.211315,7.3003464,8.4535265,5.4533234,5.4533234,5.3306794,7.180743,6.2108774,7.3475914,6.1373467,6.1373467,7.830687,5.795356,8.20488,8.485503,9.392506,6.531129,8.103213,7.9915586,8.215061,9.430285,8.400115,8.113428,8.605149,9.001945,7.217772,7.4460864,7.6863275,8.115328
16,7.9614186,7.242998,7.9487114,8.191616,7.7322383,7.613415,8.341475,8.345724,6.3413444,6.2933216,6.4525304,6.5864363,5.287268,5.5618324,7.7390523,7.7325354,0.0,4.0638223,3.7401807,4.2419586,4.199819,4.550876,5.6422873,4.3314815,5.441009,5.5669656,7.2600527,5.731187,5.344572,7.1418877,4.3862586,4.410276,5.8577347,6.399234,6.5582314,5.1965737,7.2318463,6.2499733,6.2538786,8.766156,6.250847,6.253209,6.8202324,6.797865,6.094448,5.6360645,5.192737,6.0242357,4.9492774,6.293053,5.9193273,8.171306,5.1110682,5.795577,6.3104534,4.8096914,6.153069,6.506615,5.6575055,6.697411,7.359422,4.918066,6.732712,5.40434,5.1158113,6.6540866,4.0334888,5.2844353,3.9810107,4.9652314,5.2726088,4.498061,5.9265857,5.657776,6.1199102,5.656141,6.9756236,6.2930307,7.4465327,7.4497128,9.184778,8.739478,8.293659,8.982178,7.1281595,7.534602,6.985519,6.890005,6.616442,7.3084683,8.390919,9.139163,8.138328,7.6130223,6.625736,7.3851953,8.042153,8.044823,8.310956,7.5347743,8.035162,7.9978437,7.752505,7.752505,4.6740623,5.783286,6.4980617,7.6095524,5.3324857,5.3324857,7.930708,4.534727,7.8102794,8.520392,8.1227,5.916281,6.6341486,5.7691956,6.391231,5.534893,8.205037,8.056846,8.158233,8.22213,7.8790755,7.732419,7.6604795,7.5020595
17,6.3320913,5.428621,6.3290863,6.6186543,6.1338797,7.717196,6.7874675,6.783073,5.777714,5.6474147,5.701008,5.8937383,5.8262134,6.1461177,7.3579736,7.408293,4.0638223,0.0,2.4325209,2.3140001,2.19385,3.157862,4.6878557,3.5911803,2.9501765,4.530755,5.686039,3.48127,5.6178083,7.3675594,4.7127995,4.805051,4.838046,5.649421,6.1035447,4.1742826,6.2932205,5.148807,5.322031,7.044932,6.5252204,6.530358,6.5270143,6.4712925,5.2831697,4.612358,5.9822664,5.209098,4.530136,6.5140452,6.0213637,7.635905,4.6369824,5.6632156,6.080047,4.502784,5.7900944,6.0660777,6.7018085,8.283084,7.1752257,5.882708,7.507232,5.7504053,5.774881,5.226891,4.667433,5.659264,5.1071,5.54125,4.2200427,4.235975,5.3202224,5.1265535,5.2143874,5.521484,5.9827824,4.8734612,6.570101,6.5717053,9.775009,9.248886,8.545211,10.048209,7.458448,8.064457,7.794598,8.292257,7.834807,8.759899,9.596789,10.597469,9.228397,8.745893,7.1768875,7.838001,8.143995,8.150438,7.7248664,7.581971,9.197229,8.494992,8.153329,8.153329,5.537045,6.3262763,6.0884795,7.8187876,7.3167768,7.3167768,8.7070465,6.029704,8.180618,8.594562,9.133693,5.7142844,7.2739277,6.0113397,7.985764,6.804562,9.639516,8.951289,8.790418,9.04803,8.423458,8.5611925,8.609211,8.343715
18,7.074713,6.284579,7.077161,7.3243365,6.943127,8.411579,7.529677,7.5368843,5.3545938,5.3541203,6.056489,6.239645,6.092557,6.4741325,7.2387743,7.206542,3.7401807,2.4325209,0.0,2.1225677,2.174323,2.3690622,4.492416,3.212682,4.0996227,5.127526,6.5620165,4.6543393,6.6090574,8.0490885,5.804868,5.7413335,5.3205447,5.988879,6.2891417,4.701827,6.493022,5.2672997,5.5926046,8.300337,5.958468,5.9602237,6.595502,6.587714,5.2161183,4.633858,6.4024916,5.531304,5.5400496,7.2247214,6.580463,8.366905,5.0027475,5.717979,5.829346,4.2955265,6.5529904,6.7999187,6.667793,8.006577,7.7319098,5.4954195,8.045972,6.453497,6.4835806,5.8760896,5.294726,6.3023753,5.002834,5.9674287,5.6016674,4.9354777,5.703427,5.531873,6.1845384,5.3428044,6.2363043,5.6053357,6.822981,6.826478,9.500305,9.50636,8.787606,9.778678,7.348765,7.904802,7.5128775,8.038938,8.448571,8.225106,9.556693,9.802506,8.8121395,8.368174,7.4861894,8.066054,8.236177,8.248902,8.182142,8.001244,8.858451,8.929739,7.7277493,7.7277493,4.9626045,6.0108924,6.881401,7.7930546,6.9869356,6.9869356,8.363215,5.5925126,8.381426,8.851108,8.834845,5.545821,7.1992598,6.8303185,8.282431,7.2117133,9.284501,8.57859,9.301867,9.408271,8.79514,8.722558,8.766136,8.466529
19,5.851119,4.897126,6.055234,6.182052,5.5925803,7.422306,6.394362,6.40654,6.1705065,6.1348033,6.7270656,6.8852487,6.6341515,7.01466,7.8756275,7.847334,4.2419586,2.3140001,2.1225677,0.0,3.0550346,3.1104586,5.16134,4.3344603,2.339666,4.1757407,5.6129913,2.9278133,5.8833294,7.723913,5.2540536,5.135941,5.7580643,6.3797355,6.729817,5.170962,6.8843713,5.7519937,5.981537,7.022021,6.7360487,6.7379737,6.664509,6.668331,5.748136,5.1168065,6.934742,6.1682267,5.6301785,7.71008,6.716573,7.643941,5.2743683,6.030372,6.122906,4.7013884,6.3108068,6.5943437,6.4273705,8.554958,8.33838,6.068776,8.353767,6.791044,6.1804953,5.576196,5.8833284,6.8164706,5.682658,6.538331,5.191653,5.576142,5.323968,5.085001,6.193495,5.9657845,6.6375837,5.0401917,7.4021506,7.406313,9.910346,9.845902,8.587449,10.203112,7.804296,8.322515,8.033156,8.530909,8.979292,8.696513,9.916748,10.404659,9.325151,8.884272,7.285638,7.9758897,7.8120627,7.8199854,7.765154,7.5901523,9.346966,8.472974,8.247013,8.247013,5.7492795,6.5261188,6.4792337,7.460532,7.5911617,7.5911617,8.936607,6.344458,8.306696,8.691142,9.072478,5.888771,7.1464324,6.961706,8.590649,7.0258713,9.7640915,9.096207,9.1252165,9.698395,8.524884,9.003796,8.577509,8.298977
20,6.632258,6.3554378,6.5481067,6.8582096,6.532482,7.990192,7.0480127,7.043208,5.479196,4.7427616,4.960458,5.1844935,6.0709825,6.3386807,6.6927986,6.7375097,4.199819,2.19385,2.174323,3.0550346,0.0,3.5358217,4.5655537,3.60122,4.0973306,5.3109035,6.9678984,4.7969337,6.408803,7.518511,5.7243114,5.5807357,4.5183864,5.9889574,6.323316,4.8003535,5.933673,4.5311775,5.002879,7.8298473,5.6666694,5.672601,5.99842,6.076653,4.648489,4.023384,5.7892084,4.906375,4.365156,6.80543,5.6327186,7.6179414,4.151103,5.012971,5.791949,4.336135,6.326106,6.4314966,6.660332,8.013504,7.105142,5.755022,7.207974,5.405306,6.200198,5.508683,4.982064,6.32236,5.703055,6.169253,5.215687,4.4846025,6.125676,5.9178715,5.8135157,5.4784017,5.6644173,5.7521615,7.0322776,7.0352054,9.558304,9.1231165,8.834299,9.840939,7.433189,7.986157,7.640135,8.185275,7.7197766,8.725616,9.473767,9.86197,8.810385,8.393197,7.181972,7.93568,8.503014,8.502656,7.9466963,7.939852,8.8905325,8.691375,7.7560334,7.7560334,5.173075,6.110378,6.2896357,8.10249,7.234057,7.234057,8.44658,5.811069,8.762946,9.217928,9.349341,6.3049445,7.7943635,6.9846673,8.519082,7.8890243,9.355091,8.7057495,8.847916,9.28325,8.74101,9.037919,8.801911,8.50309
21,7.1137304,5.874378,7.1777916,7.227447,6.965149,8.302988,7.44656,7.4555635,4.6568265,5.4180117,6.437585,6.6038923,6.0525455,6.409345,6.863351,6.8405895,4.550876,3.157862,2.3690622,3.1104586,3.5358217,0.0,4.3233676,3.8416708,4.322685,5.0164294,6.7526407,5.3312516,6.4847403,8.287305,6.277874,6.2235527,6.044958,6.159004,6.5014844,4.8026667,6.7919717,5.650461,5.88328,8.136921,6.5203753,6.5212207,7.192519,7.06143,5.6790705,5.3196735,7.044599,6.3928804,5.9197526,7.3448277,7.012898,8.307188,5.7597127,5.805236,4.9496055,4.227218,7.1799703,7.5069714,6.880072,8.128037,7.6596203,5.745762,8.31277,6.6753516,6.1402974,5.4818716,5.8990765,6.4642324,5.1270022,6.0447717,6.1429696,5.456273,6.126998,5.9955206,6.379629,5.9139104,6.402448,6.0073495,6.478866,6.4843845,10.255069,9.746621,9.408844,10.457528,8.052296,8.800555,8.118123,8.958246,8.683565,8.007413,9.679517,9.798926,8.778767,8.596029,7.642431,8.131706,7.807507,7.831501,7.469582,7.7328544,8.71074,8.789082,7.3952694,7.3952694,4.9382453,5.947619,7.41073,7.5606627,7.052472,7.052472,8.220409,5.440916,8.133665,8.544078,8.050385,4.4326015,6.2813535,6.000242,7.471672,7.0241814,9.243415,8.574677,9.338086,9.075894,8.235522,7.908237,8.56889,8.209464
22,6.9648643,6.246504,6.0468597,6.867604,7.4339514,8.375181,7.0813336,7.0729704,5.11275,5.0412498,5.8074083,5.5913873,6.3452473,6.59999,6.254774,6.368771,5.6422873,4.6878557,4.492416,5.16134,4.5655537,4.3233676,0.0,4.2345433,5.5946746,5.068176,7.7907248,5.9455104,6.23173,7.7499766,6.8416147,6.392637,4.6673064,5.0440884,6.026439,5.096275,5.386616,5.478764,4.82379,8.437491,5.5570235,5.54996,6.894138,6.812547,4.9713154,3.872109,6.7238235,5.8643875,6.1841297,7.7618065,7.0598326,7.8149357,5.048022,4.526151,5.250189,4.7266016,7.505824,7.6642833,7.676107,8.620656,6.2719197,4.6256585,7.318435,6.295983,6.239819,5.601362,5.2160482,5.613047,5.5011625,6.10316,5.6316776,4.950422,6.6511917,6.529692,6.290544,5.9465537,5.9349875,7.076386,5.8816967,5.883058,9.107315,9.592861,9.601928,10.467221,7.907488,8.706561,7.6949453,8.753284,7.859594,7.556402,9.597451,8.565371,8.849814,9.299419,6.6642327,7.2800965,7.6446605,7.646493,8.007679,8.494323,8.279894,9.123319,7.5234237,7.5234237,4.580713,6.1050177,6.227363,7.50672,6.2420588,6.2420588,8.072631,5.552675,7.6184535,7.8479767,8.699826,5.849546,7.1292734,6.5325027,8.133319,6.3562055,9.296849,8.638379,9.254566,9.40787,8.32522,8.270612,8.052455,7.9544654
23,7.7877774,6.8210464,7.7171373,8.019585,7.9315906,9.112529,8.026382,8.023084,4.817686,5.0981874,5.730574,5.5621862,5.534269,5.8275223,6.9295926,6.873735,4.3314815,3.5911803,3.212682,4.3344603,3.60122,3.8416708,4.2345433,0.0,5.569282,6.013441,7.3593073,5.9123545,6.6972017,8.045062,6.19411,5.857403,4.8612804,4.9641795,4.6293364,4.293195,5.9546795,5.676132,4.9033675,9.144774,5.6073895,5.620223,6.7326093,6.6086726,5.511567,5.088659,6.3747897,5.558938,5.1674185,6.0324097,6.273408,8.6093645,4.8424206,5.840918,5.7789235,4.192831,6.6006217,6.907669,7.5270724,8.19352,6.921114,5.453011,7.902485,6.329731,6.631754,5.9248238,4.3846354,5.1519623,4.6812906,5.2713757,6.082954,4.3122406,5.874815,5.7974873,5.6193113,5.290021,5.8532867,6.757581,5.837317,5.8439417,8.698023,8.38999,8.980223,9.166362,7.034834,7.6060715,7.4148483,7.988188,7.5389857,8.036732,9.165484,9.810452,9.067906,8.674248,8.099596,8.456954,8.524379,8.53667,8.581809,7.9241867,8.825688,9.121614,7.75026,7.75026,4.7256627,6.808439,6.6214848,8.172163,6.1846585,6.1846585,8.445226,5.7576976,7.259233,7.4817915,8.754756,5.4527483,7.4346695,6.056547,7.8662148,7.0961795,8.939384,7.9525275,9.483992,8.936691,9.40135,8.812784,9.0836735,9.040838
24,4.659548,3.5965374,4.885475,4.9513755,4.2355247,6.3505487,5.0970798,5.0983047,6.77916,6.676675,6.9870167,7.141981,7.1652427,7.459926,8.2158165,8.247269,5.441009,2.9501765,4.0996227,2.339666,4.0973306,4.322685,5.5946746,5.569282,0.0,3.5670545,5.3664894,1.7017454,5.173469,7.4321227,5.054761,4.934396,6.0701118,6.5966673,7.158827,5.611035,6.9959254,6.0128045,6.162195,5.8333454,7.631685,7.6338005,6.9668,6.943547,6.05238,5.362312,7.421015,6.6892357,5.7053447,8.085192,6.815223,6.6443954,5.672609,6.2025704,6.3180614,5.3769774,6.3892617,6.656941,6.7266273,9.316568,8.319745,6.699528,8.215783,6.6803517,5.80751,5.1287637,6.432528,7.2904477,6.675098,7.1007032,4.7757134,6.0530343,5.643495,5.3700514,6.156714,6.870624,6.669601,5.2214427,7.575359,7.578033,10.420638,10.104789,8.858119,10.831518,8.574723,9.107541,8.868643,9.253991,9.105893,9.212193,10.420814,10.896725,9.722198,9.509286,7.065662,7.717707,7.61923,7.6187534,7.134932,7.390632,9.797421,8.113213,8.74175,8.74175,6.5755205,7.0982428,5.95172,7.305303,8.389122,8.389122,9.479906,7.14872,8.265286,8.641908,9.463276,6.4916215,7.3359694,6.999183,8.82641,7.148461,10.334512,9.734374,8.928556,9.72396,8.285822,9.230253,8.350355,8.071752
25,5.6874948,4.859278,5.5320487,5.599208,5.520362,7.091504,5.9978056,6.0004954,6.463398,6.30363,6.359764,6.451451,6.891806,7.1786933,7.058016,7.1479855,5.5669656,4.530755,5.127526,4.1757407,5.3109035,5.0164294,5.068176,6.013441,3.5670545,0.0,6.146688,3.9639542,4.620969,6.9628935,6.232466,6.18622,6.213497,6.5772376,7.0072927,5.619666,7.23584,6.4310884,6.095836,6.50602,6.9305296,6.9264593,6.5782924,6.5481415,5.966807,5.3575068,7.113797,6.3649983,6.222184,8.431822,7.206289,6.863328,5.9306026,5.3678217,5.974546,5.9657626,7.039351,7.3184524,6.706293,9.111918,7.7694573,5.665526,8.381432,6.844459,5.9305034,5.406193,6.0115876,6.605613,7.1086407,7.6422486,5.562454,6.4739103,7.01167,6.7779217,7.501373,7.6878366,6.7541666,6.4146433,7.622544,7.627842,10.667165,10.592452,9.7585125,11.234421,9.543984,10.241742,9.421298,9.728039,8.145462,8.311288,9.730021,10.1266,9.424778,9.803256,6.742598,7.670534,7.4747734,7.473312,7.350557,7.5350394,9.664837,8.763906,8.588023,8.588023,6.449003,7.0797815,5.3480005,7.4195185,6.737689,6.737689,9.28708,6.6069126,7.446458,7.9854074,9.4474,6.4060383,6.885478,6.636299,7.7069592,6.6357684,9.97142,9.2526,8.985096,9.729437,7.2158947,8.144773,6.8646207,6.795672
26,8.038509,7.01808,8.3597765,8.230226,7.9849596,9.281367,8.494074,8.502631,8.663482,8.768195,8.718729,8.832969,7.611808,7.32034,10.064,10.097839,7.2600527,5.686039,6.5620165,5.6129913,6.9678984,6.7526407,7.7907248,7.3593073,5.3664894,6.146688,0.0,5.179819,6.24737,9.110935,5.4358234,5.8695416,7.9230056,7.384064,7.639711,6.183898,7.862896,7.3109126,7.135596,6.687587,8.9879265,8.98274,8.269877,8.090119,7.3206005,8.042963,7.206811,6.5406976,7.401979,8.14534,8.271157,7.8864446,7.548395,7.7899985,7.98003,7.4777527,5.156801,5.446275,6.8212137,9.28902,8.73225,8.26132,9.606509,8.222726,6.8914967,6.43701,6.8126197,6.519646,6.775202,7.2444615,5.259028,6.3873606,5.3432827,5.383188,6.87421,6.8075385,7.244737,5.331787,7.228531,7.2326264,9.8516865,9.669949,8.170986,10.28213,7.671946,8.22339,8.757804,8.629484,8.798221,9.567151,9.347574,11.351904,9.514404,9.475854,7.3111186,7.819715,8.816592,8.830167,9.311238,8.667512,10.535502,9.341454,10.150495,10.150495,7.9410286,7.8650365,7.468812,8.750312,9.206324,9.206324,8.34263,8.201988,7.5184665,7.7348146,8.6363945,6.5421505,6.6693826,6.357594,8.819247,7.3338585,9.010182,8.123146,7.897405,8.497488,8.229076,9.148517,7.840166,8.014768
27,5.1403427,4.1281447,5.110477,5.502856,4.802342,6.7963896,5.591857,5.5900483,7.646374,7.492927,7.581332,7.707627,7.59055,7.899347,9.101504,9.132803,5.731187,3.48127,4.6543393,2.9278133,4.7969337,5.3312516,5.9455104,5.9123545,1.7017454,3.9639542,5.179819,0.0,5.531409,7.72883,4.9441824,4.9494767,6.1441755,6.5434895,7.2658806,5.78162,7.2500057,6.549586,6.547977,6.151018,8.030448,8.030739,7.320732,7.2973495,6.4236827,5.52081,7.6063104,6.789231,6.4021974,8.452795,7.4218,7.2182097,6.0239167,6.8953066,7.3236566,6.0816317,6.288247,6.564329,7.249111,9.814621,8.563644,6.8509936,8.466626,7.2021103,6.4296722,5.884916,6.459269,7.2479095,6.79008,7.1877522,4.362593,6.194937,5.5058317,5.24969,6.2687526,7.0254636,7.178507,5.3423586,7.741074,7.7399406,10.168375,10.376145,8.63925,10.811023,8.498319,8.890416,8.845356,9.002943,9.413317,9.440338,10.737709,11.293994,10.214007,9.975036,7.2256985,7.799023,7.9668546,7.962967,7.9146066,7.9237194,10.228492,8.575129,9.416681,9.416681,7.1073427,7.608577,5.9208026,7.6146693,8.663528,8.663528,9.886305,7.665887,8.337864,8.732014,10.075058,7.219075,7.941359,7.5198126,9.381269,6.8779635,10.810366,10.186715,9.329027,10.156226,8.904393,9.786671,8.663035,8.485741
28,6.749269,6.0326095,6.77129,6.691237,6.8590174,6.4338727,6.9421587,6.9333973,7.3287516,7.0959406,7.014226,6.9091706,5.827187,5.9752994,7.8500056,7.9588895,5.344572,5.6178083,6.6090574,5.8833294,6.408803,6.4847403,6.23173,6.6972017,5.173469,4.620969,6.24737,5.531409,0.0,5.7003803,4.44484,4.1044836,7.36154,7.6678925,7.749145,6.920071,7.8164945,7.4382834,6.902701,7.751596,8.513786,8.515281,8.392557,8.350842,7.4723334,7.051122,6.6662855,7.2402034,5.5735393,7.193739,6.095168,5.840259,6.242549,5.4179034,6.4975977,6.3588405,6.971862,7.270006,6.673139,8.54358,8.051056,6.1171317,7.7011566,6.4753695,3.8682847,5.823855,5.594046,6.093218,6.0310197,6.3066916,5.391538,5.671123,6.502277,6.1665525,6.657485,7.2954016,6.5114856,6.5143905,7.4570274,7.468093,10.104656,9.455218,9.504454,10.388485,8.915967,9.650082,9.363792,8.978432,6.6826086,8.905998,9.107957,9.946841,8.786831,9.043792,6.536166,7.210264,7.346472,7.3361707,7.758551,7.239354,8.429252,7.1425967,8.547452,8.547452,5.7863245,6.225772,4.7634516,6.7657557,6.742809,6.742809,8.698373,6.1386285,6.888781,7.335331,7.795916,6.589142,6.290882,4.683428,7.3946595,5.106139,8.271111,8.033016,6.487388,7.4409695,5.919311,6.835424,5.3947577,5.5689526
29,7.368262,7.359284,6.9509616,7.276527,7.692523,7.4196687,7.8086443,7.7836695,7.890135,6.934176,7.334989,7.2056985,7.6646247,7.8216496,7.578177,7.647427,7.1418877,7.3675594,8.0490885,7.723913,7.518511,8.287305,7.7499766,8.045062,7.4321227,6.9628935,9.110935,7.72883,5.7003803,0.0,7.813409,7.297162,7.532347,8.531642,8.537082,8.452176,8.310556,7.74974,7.4298944,9.129895,8.675629,8.683724,8.329372,8.440845,7.81133,7.614229,7.5972266,8.047427,6.3679233,8.715524,6.78208,7.000014,6.4478226,5.836726,7.568684,7.2938986,8.804152,8.824057,7.6403966,8.90647,8.606036,6.749061,7.9642506,6.971787,5.651712,6.9909663,6.7253847,7.860601,7.905873,8.264172,7.094178,6.8955045,8.436391,8.107186,8.532513,8.452177,7.2187285,8.459966,8.999191,9.010587,11.044924,10.399115,10.806495,11.438257,10.372565,10.892783,10.166936,10.1234665,7.7335887,9.925341,10.328737,10.305654,9.952706,10.165857,7.3541055,8.419307,8.971838,8.945869,9.2587805,9.07216,9.116068,8.49468,9.311947,9.311947,7.0019445,7.381654,5.7389736,8.5018215,7.7898245,7.7898245,9.422201,7.128712,9.304676,9.651084,9.096059,8.713792,8.3816805,7.707284,9.150995,7.963593,9.189778,8.909884,7.790228,8.984899,8.035278,9.201932,6.7927837,7.728606
30,7.6910105,6.8591485,7.7081957,7.943466,7.488264,6.975341,7.9779377,7.972081,8.091135,8.032972,7.785549,7.893829,5.9994435,5.822291,9.47978,9.514797,4.3862586,4.7127995,5.804868,5.2540536,5.7243114,6.277874,6.8416147,6.19411,5.054761,6.232466,5.4358234,4.9441824,4.44484,7.813409,0.0,1.6712784,7.0186663,6.9904046,7.0449195,5.8744755,7.2044306,6.7459154,6.5562687,7.606569,8.466556,8.467063,8.064509,7.949711,7.0296884,6.94682,5.5969915,6.452534,5.4864,6.2856812,6.662833,7.449692,6.5119886,7.071015,7.8458767,6.533296,4.613161,4.99709,5.8950896,7.503536,7.4722643,6.885459,6.7950387,5.7667165,4.4008975,6.4209814,5.000741,5.977629,4.4658813,4.728261,3.5119138,4.451397,4.657807,4.4226785,4.9312735,5.7808523,6.6534343,5.015897,6.833518,6.832656,8.891704,8.40213,7.3341346,8.654457,6.4415426,6.929412,7.5263405,6.4977922,6.710119,8.441881,8.740383,10.585496,8.443333,7.957782,6.08607,6.4829817,8.474335,8.468934,8.494667,8.093034,9.159693,7.93085,9.139989,9.139989,6.3355727,7.2194376,6.3514743,7.7449856,7.9284134,7.9284134,8.267452,6.5464454,7.3600183,7.9903855,8.747868,6.6157227,7.1690736,5.6657243,7.4788446,5.0182676,8.79099,8.61641,7.488866,7.701738,7.280174,7.8510027,7.3380327,6.8438725
31,7.079896,6.3110743,7.0681877,7.347999,7.0799236,6.573908,7.3449917,7.3390155,7.791008,7.6174,7.6977043,7.633134,6.152261,5.9750457,9.10738,9.134656,4.410276,4.805051,5.7413335,5.135941,5.5807357,6.2235527,6.392637,5.857403,4.934396,6.18622,5.8695416,4.9494767,4.1044836,7.297162,1.6712784,0.0,6.7780595,6.823602,6.8304234,6.092177,6.7715297,6.5826755,6.1209407,7.4563494,7.9785166,7.981103,7.7334113,7.6481466,6.9138,6.8512454,5.861102,6.67098,5.008242,6.3542905,6.169669,6.9751606,5.989773,6.550687,7.453546,5.966613,4.876645,5.1808796,5.603206,7.3044376,7.516805,6.7943273,6.6134696,5.587845,3.9902346,6.0960374,5.022729,6.0682917,4.500345,4.931473,4.0070887,4.458441,4.563924,4.2876525,4.8204765,5.663128,6.476972,5.2074895,6.961028,6.964952,8.591984,8.108223,7.4272876,8.59932,6.3235855,6.89949,7.229628,6.6951303,6.726932,8.326825,8.769529,10.099172,8.4498005,7.8989563,5.87886,6.4216213,8.223114,8.212934,8.435085,7.9587774,8.969028,7.6426454,8.939726,8.939726,6.035077,7.2258587,6.109316,7.4848456,7.730873,7.730873,8.274371,6.602586,7.231515,7.6076446,8.5313635,6.5903277,7.1780586,5.798094,7.6964626,5.1905575,8.557184,8.402804,7.3795795,7.8933887,7.401512,8.234079,7.424601,7.047621
32,6.353733,6.4989038,5.977687,6.4821196,6.7460227,7.834443,6.6242023,6.616766,5.5061903,4.6276307,4.352711,4.292212,5.9598637,6.0417213,6.2651334,6.3849897,5.8577347,4.838046,5.3205447,5.7580643,4.5183864,6.044958,4.6673064,4.8612804,6.0701118,6.213497,7.9230056,6.1441755,7.36154,7.532347,7.0186663,6.7780595,0.0,3.7185667,5.3732533,4.1348195,4.5754523,4.316709,4.1605887,7.1606846,4.2421947,4.244512,4.848738,4.879449,3.4956656,2.7063906,4.8899407,4.2725606,4.6616726,6.2621856,5.5606794,6.7489104,3.637393,4.8082404,5.5033574,4.873194,6.159759,6.2087464,7.4575996,8.572383,5.222305,5.1946716,5.793885,4.949565,6.620052,5.0941563,4.276771,5.209239,6.290385,5.917437,4.923009,4.4423532,6.0052342,5.9107065,4.990172,5.042389,6.056277,7.295136,6.7430897,6.7403164,7.8622937,7.441933,7.573084,9.359902,6.750001,6.9539223,6.138189,7.8005824,7.2989817,7.765722,8.013498,8.79676,8.479775,8.789803,6.2691355,7.005981,7.072001,7.0581493,7.0264688,7.286989,7.6083407,7.779639,6.701122,6.701122,5.3553433,6.568672,5.622365,7.794573,6.103011,6.103011,7.5322657,5.7483616,7.6819696,7.9164486,9.199839,6.509417,7.4766283,7.2218676,7.8405156,7.640029,8.964458,8.697897,8.311622,9.098799,9.163895,9.51743,8.807805,9.221379
