,0,1,2,3,4,5,6,7,8,9,10,11,12,13,14,15,16,17,18,19,20,21,22,23,24,25,26,27,28,29,30,31,32,33,34,35,36,37,38,39,40,41,42,43,44,45,46,47,48,49,50,51,52,53,54,55,56,57,58,59,60,61,62,63,64,65,66,67,68,69,70,71,72,73,74,75,76,77,78,79,80,81,82,83,84,85,86,87,88,89,90,91,92,93,94,95,96,97,98,99,100,101,102,103,104,105,106,107,108,109,110,111,112,113,114,115,116,117,118,119,120,121,122,123,124,125,126,127
0,0.0,4.6196423,4.5691824,4.892175,4.527165,4.944686,5.323924,5.6362743,2.6209323,2.1922364,4.7405825,5.359662,4.752565,4.3876686,3.1736338,3.081788,4.1324396,3.9118288,4.425727,5.570402,6.282801,5.7187276,6.3371215,6.601145,5.1091514,5.26926,5.443799,6.068698,5.500063,5.5541263,5.2877426,4.546596,4.2690773,4.100633,4.088055,4.2348776,5.2779083,3.7780144,4.510457,4.002078,4.194105,3.8671186,3.822519,4.1259227,4.116892,4.159502,3.7021053,3.7569945,6.132551,3.229473,6.745015,5.560827,6.4187694,6.1254387,6.8266,6.7014904,5.857938,6.011068,6.0565577,6.115012,5.3507276,5.1722546,5.1881557,5.257853,8.580664,8.572462,6.026289,6.3624125,7.2932158,7.310514,6.299383,7.324861,3.336611,3.7047367,4.9465294,4.4657598,5.441353,5.0839114,7.6222057,6.7697525,4.3633738,3.9243982,4.9788666,4.031049,3.8143048,3.8099978,5.7911897,5.5724516,6.9389896,4.9190187,6.3314834,5.608388,4.1061244,4.579859,4.561372,3.5261307,7.6716638,4.674575,6.9611588,6.9842944,6.8202114,7.627393,7.6002793,7.8041306,6.698766,7.5125875,6.8952365,8.201446,5.8693895,6.5328245,5.542086,9.115884,5.2508764,5.6047688,6.1146502,5.116529,7.392925,5.4728336,5.619663,5.3928795,7.843302,6.5251575,7.1879888,7.5473046,6.0898695,5.7987247,6.083148,5.04865
1,4.6196423,0.0,1.9177114,1.0542364,1.7817743,3.3575323,3.7944903,4.236943,4.7772493,4.584407,5.461786,5.9543567,5.652949,5.194398,4.3498588,4.243041,4.972601,4.8638153,6.701806,7.14355,6.487697,5.501903,6.905021,6.8821125,5.7078104,5.852026,6.1389165,5.9632936,6.1568217,6.175693,5.4916034,5.778744,3.9570117,3.643111,3.5693579,3.8894897,3.3590448,3.632762,4.4161706,3.5017421,4.0004635,3.6424363,3.5876944,4.8318458,3.3301063,3.934146,3.5615962,3.5266333,6.705789,3.2139683,8.297267,6.8369102,6.445493,6.5995946,5.587195,5.4369063,5.6328583,5.1714253,5.273202,5.897011,4.39346,4.4135156,4.1553345,4.3565025,7.4571195,7.4360795,5.2604575,5.9877906,7.219327,7.459008,7.566843,7.1841507,5.7325935,5.9361544,6.2874174,5.0013003,5.7609525,5.894606,6.459958,6.4704556,4.9540987,5.5427465,6.0221577,5.335183,5.562475,5.547433,5.7040706,5.5159802,7.396964,4.736248,6.8542466,6.7492394,4.8991446,5.310257,5.1990047,4.5592427,8.765522,5.4370766,7.9166903,7.4988346,7.14445,7.677741,7.731808,7.8670287,6.5152283,7.6082726,6.6806855,7.841528,5.646425,6.3908486,5.8786983,9.399197,5.9219904,6.343546,6.4825253,5.749391,7.687379,6.0732417,5.536248,6.1475463,7.8836493,7.0163445,6.728155,7.574186,6.4058647,6.1086392,6.677928,5.2687774
2,4.5691824,1.9177114,0.0,1.69775,2.4030087,3.0207915,3.5413764,4.178837,4.5239058,4.3517065,5.7565584,6.3269854,5.668833,5.106886,4.345684,4.3155046,5.2882705,5.2031603,6.8145466,7.3245215,6.611546,5.899039,6.8367696,6.797346,5.6874022,5.8121796,6.605641,6.381375,6.530721,6.174735,5.8718944,6.283671,4.4923906,4.167419,4.125484,4.4324393,3.6567826,4.061593,4.7354445,4.1570125,4.54137,4.2242064,4.16632,5.322407,3.977924,4.4203806,4.132628,4.0924096,6.8390784,3.5789127,8.276896,7.300489,6.5219903,6.757182,5.703792,5.4980316,5.1928253,5.3253217,5.41835,6.2711754,4.5866127,4.559222,4.3082013,4.582355,7.1138053,7.118049,5.5782957,6.062124,7.404652,7.491926,7.274605,6.925551,5.5197444,5.7240267,6.7001452,4.5199733,6.443737,6.4461503,6.287029,6.444316,5.673141,5.8265123,6.6167603,5.9510255,5.7177873,5.69945,5.998275,5.7856,7.7472825,4.9901237,7.1557474,7.152434,4.8551445,5.374008,5.228773,4.6057277,8.862814,5.1389923,8.091341,7.423369,7.2763376,7.749457,8.050272,8.199143,6.5379453,7.749161,6.9035783,8.249621,5.7065544,6.201431,6.035295,9.4592705,6.0882916,6.675953,6.7039914,5.7861,7.8580613,6.3406816,6.033835,6.1755996,7.7397137,6.7051554,6.791242,7.23027,6.7588134,6.5020947,6.845162,5.804405
3,4.892175,1.0542364,1.69775,0.0,2.0861497,3.4269226,3.9547033,4.517216,4.868814,4.686082,5.5856194,6.0976777,5.9158072,5.4089527,4.6840067,4.6365757,5.024169,4.9868746,7.0632453,7.371142,6.548047,5.6665826,7.0415683,6.9789696,5.9238443,6.020862,6.506099,6.2551894,6.4311395,6.4300337,5.6681585,6.1080213,4.1886244,3.8222375,3.7819767,4.1490493,3.3309019,3.737982,4.4648857,3.7873564,4.224272,3.8724432,3.8437428,5.036815,3.602944,4.153882,3.8251154,3.7830627,6.5879226,3.171042,8.441802,7.1017203,6.267122,6.5055504,5.418297,5.1951942,5.598374,5.105272,5.2385025,6.09001,4.217449,4.235926,3.903129,4.239903,7.2788486,7.2771993,5.4425983,5.9572515,7.1985703,7.2865214,7.455052,7.1547294,5.876018,6.08204,6.585114,4.93681,6.2593884,6.2765822,6.0656223,6.6355834,5.3878226,6.023788,6.4142714,5.7255607,5.97381,5.9577513,6.216379,6.0369353,7.5866313,4.6686277,6.965536,6.9707108,5.18933,5.680803,5.5408154,4.8845572,8.972026,5.421495,8.220412,7.5913944,7.459422,7.9204435,8.220223,8.363903,6.8501644,7.9054146,7.0571046,8.140278,5.974739,6.4639583,6.336917,9.673491,5.931647,6.532907,6.534145,5.6051607,7.7574983,6.197922,5.867757,6.015412,7.768402,6.9436836,6.980015,7.420116,6.616886,6.3137965,6.6896033,5.5913
4,4.527165,1.7817743,2.4030087,2.0861497,0.0,2.517265,3.2320862,4.6393766,4.71578,4.5036573,5.0681443,6.386723,5.620311,5.128883,4.2913747,4.1727195,5.290704,5.522805,6.9315906,7.278447,6.835462,6.3014383,7.1576796,7.2048836,6.1728745,6.431119,6.287028,6.247313,6.177918,6.943835,6.1633406,6.2456183,4.4675813,4.4316473,4.149394,4.4440336,2.5742922,3.1452975,3.7917843,4.1496916,4.552943,4.2723923,4.2274766,5.2060637,3.0410805,4.49916,4.2496843,4.2257204,6.821421,3.0225368,7.789791,6.967015,6.5582323,7.311669,6.4732766,5.6992702,6.032446,5.714874,5.820337,6.631845,4.221488,4.337568,4.1536403,5.0856104,7.4091425,7.396928,4.9716578,5.697572,7.81236,7.954069,7.6277003,6.816945,4.9965196,5.2178855,6.050042,4.225124,6.1811996,6.160718,6.818963,6.6754837,5.0277357,5.5029454,5.945288,5.263991,5.8013606,5.796466,5.119298,4.726058,7.1974254,4.629873,6.542191,6.3873544,4.191017,4.8144636,4.7420583,4.3985996,8.476223,5.050177,8.054003,7.754511,7.159003,7.4554906,7.8980575,7.963292,6.1996827,7.256956,6.2545176,7.501842,5.4592032,5.938619,5.7034397,9.088807,5.7309704,6.1756625,6.158585,5.5518556,7.207336,5.3448343,4.7257047,5.816024,7.307034,6.402442,6.4877663,6.985955,5.893462,5.6456246,6.356732,5.600888
5,4.944686,3.3575323,3.0207915,3.4269226,2.517265,0.0,3.619034,4.9955106,4.0942364,4.1585555,4.8725,6.315719,6.027068,5.546318,4.7921286,4.711643,6.054381,6.354702,7.2958484,7.684096,7.185784,6.851289,7.3533897,7.3996725,6.610417,6.7950907,6.7355447,6.6805983,6.5646496,7.177291,6.7402205,6.8584146,5.284757,5.202547,5.0882583,5.279259,3.7834249,4.158505,4.584745,4.937117,5.394037,5.1625457,5.085779,5.9157615,4.155641,5.2552,5.083357,5.054739,7.296231,4.0338273,8.156645,7.5974073,6.359774,7.6987853,7.0159807,6.2970276,6.0915008,6.189774,6.261183,7.0470686,4.956693,5.0017514,4.7964907,5.7779818,7.684297,7.678999,5.8151813,6.430119,8.86945,8.885615,7.832607,7.1434374,5.330202,5.495017,6.718082,4.583648,6.998461,6.889735,7.4421315,7.107303,5.1312885,5.236335,5.970808,5.3573236,6.358592,6.3551545,5.66823,5.2356977,8.164046,4.7054567,7.1340804,7.036214,4.8567786,5.3944244,5.2082663,4.989715,8.43109,4.498362,7.86347,7.496824,8.071531,8.288678,8.725198,8.794165,7.0492496,8.107467,6.859127,8.526578,5.039264,6.368112,6.195345,9.397655,6.426012,6.92195,6.8970957,6.2266045,7.7172523,5.9499836,5.6365614,6.5525894,7.683819,6.6720614,6.906675,7.283447,6.6084547,6.4610944,7.059424,6.3426385
6,5.323924,3.7944903,3.5413764,3.9547033,3.2320862,3.619034,0.0,3.1286821,5.244199,5.088268,6.1571364,7.047135,6.597712,4.4811606,5.075193,5.067885,6.6901712,6.7317557,8.092356,8.617196,8.354993,7.817551,8.479381,8.514095,7.0594954,7.768735,7.3464794,7.293758,7.344013,8.133677,7.7858863,7.2502055,4.697267,5.418413,5.204855,4.6308384,2.7834074,4.3639975,4.1323113,5.317437,4.8073053,5.2517715,5.1935377,5.516873,3.319929,4.6779804,5.141654,5.1058135,7.615196,4.5222626,7.106037,7.309895,7.6715894,7.8807487,6.8611007,6.1340904,6.2787566,6.3572288,6.468855,7.7770452,4.9895597,4.893183,5.726986,5.268961,7.336609,7.332127,5.284531,5.8530188,8.584721,8.81594,8.375724,7.77394,5.6003976,6.0671062,7.101009,4.4537134,6.7675323,6.5009747,7.3307004,6.987233,5.995963,6.352302,7.148768,6.1862383,5.720931,5.706413,5.62213,5.843492,8.094339,6.1738596,7.3965898,7.1910934,3.965637,5.227391,5.866137,5.239739,9.1763315,6.1723366,8.916569,8.562393,7.885953,8.271168,8.724993,8.828851,7.299027,6.870103,5.599611,7.3760176,6.5322022,4.6604295,5.6251297,8.302191,6.9874554,7.245946,7.4207964,6.9392066,8.453856,6.651176,6.105634,6.668075,8.4915695,7.597708,7.600036,7.7013025,7.2135687,6.926043,7.4019375,6.8761454
7,5.6362743,4.236943,4.178837,4.517216,4.6393766,4.9955106,3.1286821,0.0,5.2925963,5.1810374,6.867257,6.387687,6.639936,4.105277,5.0277767,5.114823,6.515909,6.141471,7.770734,8.188218,7.9584813,7.4936404,8.004969,8.047594,6.7178516,7.372277,6.65102,6.647148,7.1342416,7.3331184,7.4783964,6.7970896,3.584963,4.5952554,4.223255,3.5290124,4.694242,5.748959,5.1847944,4.4529524,3.7340114,4.330189,4.2777042,4.513679,4.429887,3.5317066,4.205137,4.157775,8.425182,5.5530443,7.6977158,8.087531,8.535829,7.516708,6.554523,7.222711,5.586295,5.6425858,5.7873626,7.18687,5.9467874,5.8534946,6.667397,4.3879867,8.035026,8.032585,5.725247,6.580276,8.025025,8.268248,8.451077,7.8743334,6.298353,6.762356,7.680757,5.5783744,5.9981728,5.6701136,7.506812,6.402617,6.168846,6.7332873,7.345651,6.382121,4.2971096,4.283778,6.3210235,6.4575267,8.088913,6.522791,7.450981,7.317914,4.933655,5.547479,6.11573,5.4371734,9.3867,6.4946265,8.238617,7.8473544,8.003098,8.731219,8.135764,8.206196,7.635618,7.02004,5.8194757,7.945063,7.3159647,5.526853,5.6446834,8.392145,7.6418505,7.859573,8.08718,7.6953993,8.925408,7.2501593,6.8100057,7.3725386,8.964563,8.110849,7.972415,8.115119,7.776533,7.5299892,8.017384,5.814267
8,2.6209323,4.7772493,4.5239058,4.868814,4.71578,4.0942364,5.244199,5.2925963,0.0,0.6064874,3.9074614,4.5109053,4.8406367,3.904156,3.053896,3.0818257,4.0257487,4.0138583,5.3655605,6.2124104,6.0176997,5.5749555,6.1595488,6.272686,5.1766844,5.333267,5.4380445,6.007161,5.494995,5.545366,5.3740716,5.199724,4.161671,4.0350747,4.16748,4.1777062,5.4954123,4.208402,4.5032053,3.8814924,4.0856366,3.8756406,3.9281526,3.8733416,4.2415056,3.98369,3.768237,3.78856,6.4049435,3.5741158,7.2113175,6.6064134,6.0878906,6.06444,7.003221,7.021554,5.073601,5.3031397,5.3751707,5.6298285,4.933825,4.67941,4.8696947,4.559655,8.362288,8.365919,6.404839,6.8092346,8.0871,7.641308,6.249567,7.285592,3.7502522,4.123733,5.563437,4.8075614,6.234861,5.7097616,7.5735197,7.12891,3.7286644,3.8470714,4.781417,3.7389886,4.212832,4.203518,6.0962768,5.8278875,7.254385,4.255858,6.192976,6.013473,4.7546244,5.1540203,5.0919266,3.4533033,7.5992675,4.118578,6.4644113,6.5520287,7.7632422,8.32143,8.380517,8.508651,7.348589,8.1135025,7.2066846,8.877642,5.5341034,6.4586544,5.9461684,9.272359,5.9113927,6.326878,6.758839,5.781064,7.7973375,5.9595585,6.1842785,6.10604,7.6914687,6.4276695,7.018443,7.1061907,6.5652246,6.3777237,6.594071,5.3662224
9,2.1922364,4.584407,4.3517065,4.686082,4.5036573,4.1585555,5.088268,5.1810374,0.6064874,0.0,3.9102747,4.4926653,4.650586,3.619758,2.705404,2.7468328,3.73596,3.7038157,5.224448,6.0058713,5.8476954,5.493092,6.001885,6.125415,5.0339785,5.203827,5.244802,5.8289933,5.3018274,5.4785814,5.274178,5.065628,3.8814967,3.745318,3.856182,3.8987255,5.231776,3.8501198,4.279077,3.6207027,3.8085675,3.5782554,3.6396646,3.5878265,3.9518178,3.723327,3.480206,3.5052302,6.1448054,3.2466927,6.979715,6.33656,6.036066,5.8498926,6.8109894,6.7954545,5.0428505,5.246859,5.332839,5.6462526,4.730045,4.474121,4.647643,4.3370485,8.181461,8.189084,6.2060757,6.6141963,7.907491,7.455966,6.1748023,7.1475983,3.5210989,3.9504464,5.439879,4.643674,6.029726,5.5072174,7.4273953,6.9753456,3.8587108,3.9765306,4.899172,3.8169835,3.913283,3.9029522,5.958644,5.6453223,7.0066814,4.3209667,5.9756684,5.7348375,4.5345287,5.032715,4.8504004,3.12966,7.592717,4.207982,6.5551376,6.65945,7.5006967,8.052948,8.146681,8.293688,7.1477537,7.905344,7.0800767,8.657785,5.676144,6.3009624,5.822716,9.134012,5.6383815,6.073997,6.496375,5.531915,7.5307946,5.614513,5.8393993,5.7809815,7.5207105,6.2320886,6.899439,6.8704553,6.341763,6.1330295,6.3831105,5.1578045
10,4.7405825,5.461786,5.7565584,5.5856194,5.0681443,4.8725,6.1571364,6.867257,3.9074614,3.9102747,0.0,3.8502433,3.6228607,4.85899,3.8073778,3.6519966,5.3026137,5.61075,6.0164466,6.468954,6.614372,6.287377,6.130767,6.186294,5.440864,5.923734,5.584891,6.137156,6.2738934,7.293502,6.2079077,6.332102,5.7646184,5.647641,5.689947,5.7912316,5.964921,4.7249417,5.113846,5.3992085,5.6910844,5.4654083,5.86831,5.502713,4.8029685,5.687887,5.467809,5.479575,7.0080147,4.2917285,5.7816944,7.3003273,6.615458,7.4753375,8.3273,7.7133975,6.5510473,6.276164,6.3065557,6.235816,5.1735973,5.01329,5.133564,5.8983335,8.073137,8.030455,6.5990725,6.299793,9.099782,8.605521,7.210767,8.019698,4.9864697,5.127125,5.7362475,6.002221,7.3222485,6.9461756,8.224594,8.405346,4.255744,4.81105,5.0266128,4.4388704,6.330275,6.324634,6.565493,6.0412245,7.534973,4.803971,6.4221134,6.4247584,5.983212,6.2090516,5.8737144,4.7152495,6.109075,5.2702994,7.113371,7.7435055,8.494561,8.60811,9.301934,9.339809,7.833312,8.782339,7.857883,9.091132,5.9117203,7.481045,6.923453,8.45577,4.7284737,5.236713,5.8315206,6.616284,6.6971054,6.5038333,6.6163454,7.3411236,6.5726094,5.3408475,6.8278584,6.1271286,6.6741695,4.6967797,5.3154182,6.4203315
11,5.359662,5.9543567,6.3269854,6.0976777,6.386723,6.315719,7.047135,6.387687,4.5109053,4.4926653,3.8502433,0.0,4.7699523,5.1423445,4.3826785,4.5050917,5.3558636,4.796523,6.0834174,6.3232894,6.7275653,6.481332,6.0773745,6.116301,5.728601,6.003537,5.5096865,5.794457,6.6142526,7.051681,6.5267606,6.443351,5.015169,4.5326138,4.8879147,5.0312185,7.0216236,5.76733,6.1626406,4.7148366,5.0308146,4.8167644,5.199032,4.977273,5.835247,4.9685655,4.691827,4.705577,6.8772306,5.3841834,6.3920712,6.7927117,6.5271087,5.6464367,6.651511,7.3198333,6.714163,6.3611655,6.4681926,6.4338923,6.7223773,6.1595254,6.3472085,4.9989495,7.5227747,7.490266,6.771398,6.647024,8.978545,8.524489,7.9938555,8.777048,6.684877,7.11797,7.2659926,7.5153794,6.9028034,6.820843,8.56823,8.06689,5.617896,6.2525244,6.346679,5.2052755,5.295231,5.2821207,7.815295,7.3670216,8.334604,6.182574,6.971075,6.9723215,6.916614,7.5775166,6.85623,5.5175266,7.0048013,6.4930687,7.2354736,7.7953854,9.085328,9.554585,9.196777,9.528334,8.835872,9.427922,8.624594,9.848745,7.429086,8.066513,7.1742787,8.261008,5.992563,6.2709055,6.959018,7.8917346,7.531589,7.2412305,7.4466233,7.995377,7.8955464,6.80868,8.158974,6.8182235,7.833028,5.99298,6.544496,6.1382947
12,4.752565,5.652949,5.668833,5.9158072,5.620311,6.027068,6.597712,6.639936,4.8406367,4.650586,3.6228607,4.7699523,0.0,4.449179,3.6534603,3.2288144,5.654379,5.4280086,4.103982,5.062811,5.484034,5.193754,4.3408194,4.483829,2.9860063,3.8939848,4.3573804,4.893903,5.3790574,5.6382203,4.986039,5.165402,5.9091,5.754109,5.727255,5.892996,6.790141,5.740587,6.127007,5.651296,5.8338084,5.599356,6.007905,5.759496,5.750828,5.8458486,5.5937486,5.6112866,7.045768,4.806231,5.846058,7.6165137,7.226162,7.4406734,8.208108,8.091446,5.4070764,5.57893,5.494824,5.387528,5.4872847,5.2576933,5.4350348,5.7796307,7.7595806,7.696723,6.5900593,6.4245167,8.295148,7.528091,6.5780096,6.974439,5.3332286,4.830238,5.5818987,5.6863213,6.011334,5.856625,7.609073,7.2686605,5.6582017,4.8905487,5.2880125,5.7226663,5.641339,5.629382,5.7773123,5.1541424,6.5590606,5.139305,5.7691946,5.750928,6.2161574,5.445786,4.784917,4.430702,5.6054015,5.274198,6.3218513,7.1011934,7.2350955,7.5659027,7.91873,7.9946513,6.2635503,7.4561896,7.0717716,8.128265,5.6533446,7.375886,6.495554,7.9900374,4.03121,4.5456333,5.0815616,6.2148104,6.1232123,6.9508333,7.022938,7.7885666,5.629976,4.0287538,5.7341647,6.174279,6.150528,3.6942208,4.665001,5.147973
13,4.3876686,5.194398,5.106886,5.4089527,5.128883,5.546318,4.4811606,4.105277,3.904156,3.619758,4.85899,5.1423445,4.449179,0.0,2.7715762,2.8050923,4.8197775,4.641717,6.450277,6.787766,6.177914,6.2354627,6.115917,6.098121,5.05794,5.9214168,4.965141,5.509408,5.4384847,6.4564247,6.2836375,5.939774,3.7132962,4.453214,4.367163,3.7244787,5.2470913,4.714526,4.4878926,4.407558,3.6638026,4.1772265,4.453644,3.4392762,3.8091338,3.6344922,4.200321,4.189844,6.8911057,4.3930917,6.154754,7.1582136,7.627197,6.625629,7.4447684,7.4390907,4.7649674,4.9579563,5.062359,5.9974203,4.4912643,4.12322,5.2848125,3.5696297,7.427475,7.432299,5.932183,6.434532,8.276844,7.517677,6.854215,7.233348,4.574676,4.983595,6.1349206,5.298533,6.03584,5.410639,7.3608136,7.0513473,5.201458,5.643255,6.218858,5.362757,3.6774774,3.6484106,5.802546,5.4864416,6.1917043,5.701287,5.301401,5.457266,4.842383,5.3428373,5.116074,3.1456516,7.8248315,5.880519,7.165267,7.6606517,7.3271723,7.5789557,7.939494,8.023174,6.9307985,6.661542,5.953474,7.5272355,6.850887,5.209591,5.5088634,7.6322947,6.0596733,6.2825584,6.926905,6.786421,7.529871,6.224326,6.2235193,6.762391,7.157362,6.134177,6.283877,6.0830545,6.483181,6.007513,6.445586,5.4522467
14,3.1736338,4.3498588,4.345684,4.6840067,4.2913747,4.7921286,5.075193,5.0277767,3.053896,2.705404,3.8073778,4.3826785,3.6534603,2.7715762,0.0,0.67708695,3.592682,3.3987687,5.4238634,6.0809946,5.776222,5.603556,5.535959,5.5681276,4.7565355,5.1551175,4.881044,5.5831184,5.420801,5.876335,5.564049,5.744868,4.004342,3.8806624,3.8094862,3.9999557,5.330939,4.0161843,4.448712,3.656126,3.9228208,3.617172,3.9237316,3.740998,3.8578327,3.9106698,3.6330476,3.6473234,6.804048,3.7022085,6.532419,6.8160453,7.0954847,6.492702,7.339758,7.2937574,5.2204804,5.4064093,5.495199,5.534459,4.925142,4.5913277,4.9358077,4.2279363,7.640314,7.6322303,5.858842,6.30882,7.9599595,7.4488864,6.6034937,7.107712,3.6528223,4.3041024,5.438808,5.3019214,6.2756057,5.9671135,7.7828097,7.2697067,4.1625333,4.823689,5.495004,4.277091,3.7384574,3.7230017,5.706237,5.0493,6.4174533,5.1493526,5.723728,5.842844,4.508524,5.170821,4.7268844,2.1266925,7.334704,5.3122344,6.8154845,7.352504,7.1129827,7.423909,7.565731,7.63768,6.436273,7.6080713,6.88543,8.361826,6.1389523,6.3096876,5.3635674,8.259719,5.5920734,5.814074,6.5126925,6.4946103,7.2322817,5.7334104,5.5566893,6.469543,6.963806,5.688197,6.014898,5.7115903,6.201525,5.5230575,6.059841,5.26212
15,3.081788,4.243041,4.3155046,4.6365757,4.1727195,4.711643,5.067885,5.114823,3.0818257,2.7468328,3.6519966,4.5050917,3.2288144,2.8050923,0.67708695,0.0,3.749303,3.5556076,5.040414,5.7769804,5.4688673,5.2208376,5.2294292,5.2766237,4.3086643,4.776633,4.5240498,5.2456264,5.034836,5.537298,5.162767,5.3328094,4.138375,4.0188165,3.9709527,4.1227937,5.329429,3.9966416,4.5120273,3.7885625,4.0474834,3.7587526,4.0469146,3.8884816,3.827839,4.0448456,3.7632623,3.7792788,6.652741,3.5296206,6.5437074,6.695578,6.9369774,6.553797,7.392617,7.2689576,5.068281,5.2414975,5.287388,5.2249684,4.7072306,4.394427,4.723769,4.3391595,7.6852083,7.665995,5.855846,6.324457,7.9148517,7.391343,6.4727354,6.986333,3.6701941,4.0667973,5.1319113,5.1368837,5.909045,5.647148,7.6494584,7.1463275,3.9958956,4.363256,5.077104,4.172113,3.8935704,3.8769815,5.3805666,4.6913114,6.1719265,4.8735647,5.4832053,5.534972,4.5593114,4.895284,4.3580217,2.0532956,7.144719,5.072372,6.6023355,7.196321,6.888048,7.192047,7.4177485,7.483116,6.1080513,7.3327675,6.6258726,8.049285,5.703797,6.299766,5.2768435,8.245737,5.2674947,5.4968486,6.247634,6.2102876,7.0482316,5.7114406,5.557837,6.532699,6.764103,5.4841485,5.653935,5.9320745,5.873754,5.1701627,5.7859654,4.986907
16,4.1324396,4.972601,5.2882705,5.024169,5.290704,6.054381,6.6901712,6.515909,4.0257487,3.73596,5.3026137,5.3558636,5.654379,4.8197775,3.592682,3.749303,0.0,2.032167,6.071249,6.729696,5.703688,4.6687636,6.233175,6.180024,5.3604527,4.9758306,6.070157,6.3673544,6.1754117,5.3733644,4.680627,5.506253,3.7733366,3.0803807,3.3437605,3.7853618,5.698571,3.855173,4.198185,3.0233169,3.5380847,2.9148402,3.1698825,3.2108672,4.240106,3.6731324,3.0672843,3.0929463,5.9929996,3.788025,8.389897,6.770598,6.786612,5.30812,6.706477,6.8893714,4.988105,4.5681,4.7711215,4.8491635,4.5179,4.5902953,4.1723356,4.0837073,8.369611,8.37878,6.8565817,7.4611907,7.577749,7.079687,6.7982564,7.8018546,4.654087,5.1713047,6.0882635,5.935673,7.0203953,6.6688533,7.9118104,7.957495,4.600652,5.727514,5.919077,4.6621594,4.619351,4.596258,6.3067074,6.141755,6.271493,4.8215847,6.008831,6.498784,5.348433,5.952097,6.197438,3.1830885,8.585022,5.9381843,7.34273,7.804237,7.9935493,8.538076,8.35711,8.509473,7.296668,8.517735,8.082921,8.799679,6.77228,6.799539,6.7504797,10.254256,6.387371,6.487204,6.7674026,5.8781605,8.187438,6.1734495,5.821313,6.211073,7.7832727,6.6246543,7.0892897,6.789811,6.910076,6.7963653,7.0433607,5.6314983
17,3.9118288,4.8638153,5.2031603,4.9868746,5.522805,6.354702,6.7317557,6.141471,4.0138583,3.7038157,5.61075,4.796523,5.4280086,4.641717,3.3987687,3.5556076,2.032167,0.0,5.5068774,6.461615,5.6501217,4.503119,6.101549,6.0503874,4.959089,4.7534976,5.758244,6.1380925,5.8527675,4.9679146,4.5438533,5.2164717,3.8414102,2.8745317,3.388943,3.807994,6.2525477,4.447568,5.0186653,3.1856217,3.647337,3.0705144,3.2206979,3.468101,4.7994437,3.7257066,3.0645063,3.1038675,5.7832565,3.8499424,8.39848,6.244799,6.363032,4.538536,6.0179667,6.648656,5.198168,4.8375373,4.9980297,4.7965136,5.306759,4.7718396,4.805558,3.4616117,8.056534,8.060401,6.738354,7.365269,7.4476123,6.723011,6.7598386,7.7888722,5.1413727,5.6276546,6.082584,6.2477145,6.3499765,6.244898,7.722337,7.58518,4.9065185,5.7280116,5.957905,4.738329,4.009758,3.9786088,6.5955877,6.431689,6.7093635,5.2436147,6.1037784,6.453551,5.635321,6.2726755,6.166575,3.379011,8.691053,6.1824594,7.26399,7.6462436,7.8635516,8.5613575,8.110323,8.411082,7.3029933,8.46421,8.091414,8.951466,6.879161,7.0221133,6.519296,10.00276,6.620157,6.722871,7.1942687,6.3820333,8.520817,6.7048445,6.5106544,6.6595545,8.183312,7.0640173,7.2607045,7.3060737,7.0808682,6.8902683,7.158128,5.3177214
18,4.425727,6.701806,6.8145466,7.0632453,6.9315906,7.2958484,8.092356,7.770734,5.3655605,5.224448,6.0164466,6.0834174,4.103982,6.450277,5.4238634,5.040414,6.071249,5.5068774,0.0,3.8988137,5.7499743,4.889493,4.952484,5.413828,3.5277827,3.586551,4.9164586,5.3424897,5.393334,4.351625,4.1570277,3.2910044,6.5957937,6.1577663,6.225795,6.5476384,8.110226,6.7031903,6.961728,6.2072544,6.52229,6.1271896,6.195923,6.474805,7.1210246,6.5221796,5.97441,6.0279675,6.8915,5.540348,7.782634,6.73928,7.0282435,7.0016656,7.8778377,8.272025,5.961541,6.1701937,6.013932,5.28897,7.133732,6.8208594,6.704119,7.038182,9.05844,8.991806,7.1793795,7.3670955,7.581558,7.2926393,6.463228,7.439393,5.760288,4.958286,5.299289,5.9540434,5.0089145,5.2787213,8.327677,6.9653506,6.2252502,4.2897396,4.4273615,5.438484,5.469251,5.463483,6.050031,5.6674247,6.8048987,5.261412,6.238769,5.767588,6.4947586,5.2677207,4.991494,5.564465,6.533245,4.984077,5.860075,6.393298,7.31021,8.255805,7.751782,8.071602,6.144619,7.42881,7.29891,8.078844,5.312251,8.166638,6.43986,9.256243,5.3546515,5.5598774,6.161162,6.129693,7.514571,7.599491,7.9121256,8.087226,7.298033,5.9614587,6.8533955,8.654616,6.30678,5.1642904,5.7436614,4.642828
19,5.570402,7.14355,7.3245215,7.371142,7.278447,7.684096,8.617196,8.188218,6.2124104,6.0058713,6.468954,6.3232894,5.062811,6.787766,6.0809946,5.7769804,6.729696,6.461615,3.8988137,0.0,4.027217,5.944715,3.2087593,3.8933778,5.2371893,5.0574393,3.1204953,3.3349142,3.9294212,5.657,5.321981,4.365496,6.809227,6.4582396,6.2689414,6.8778186,8.294701,7.1536174,7.4333296,6.4882503,6.869458,6.438303,6.4718347,6.7298884,7.5554805,6.850745,6.3791265,6.40681,7.300868,6.150489,8.446745,7.3941493,7.5670424,7.377924,8.160826,8.600114,6.730635,6.668918,6.5622325,6.255556,7.4437213,7.3719587,6.887716,7.4150147,8.980364,8.968038,7.1194706,7.2890334,7.7274804,7.4373965,6.690186,7.499465,6.582457,5.9158998,6.2211113,7.04433,5.1872277,5.378481,8.091739,7.144057,7.416434,6.0937157,5.503346,6.365368,6.222516,6.2239594,7.830255,6.2365627,6.1382174,5.8653,5.087935,4.3303,7.7502947,6.7440057,4.16318,6.4393177,7.205403,4.998005,6.44197,6.459272,7.4336596,7.529861,7.9953895,8.283713,6.5879197,7.754683,7.638947,8.112835,6.981303,9.217131,6.982445,8.894374,4.8477483,5.8983145,6.7995777,6.689119,6.016533,6.17619,7.6958156,7.8131976,6.345155,5.7676716,6.2119417,7.847593,5.197029,4.80306,5.316803,3.797402
20,6.282801,6.487697,6.611546,6.548047,6.835462,7.185784,8.354993,7.9584813,6.0176997,5.8476954,6.614372,6.7275653,5.484034,6.177914,5.776222,5.4688673,5.703688,5.6501217,5.7499743,4.027217,0.0,4.1665974,2.3894267,2.2695045,4.7796555,4.2875824,3.307013,3.0154378,2.837948,4.44936,4.08878,4.956379,6.3919377,5.8021836,5.9203863,6.468276,7.8394322,6.63464,7.2273073,5.9426374,6.3962407,5.9780655,6.018559,6.2221274,6.9775066,6.4094315,6.045507,6.0387,6.463956,5.611575,10.039607,7.9913416,6.838345,6.606519,7.7802224,8.075251,5.3057213,5.1423864,5.03899,4.828915,5.784603,5.737284,5.011505,5.9382925,8.436092,8.453679,7.688025,8.329183,8.277442,7.112556,6.431073,7.1457577,7.035973,6.3671427,6.6926427,7.3086314,5.9988623,6.1250525,7.1457086,7.5369883,7.159105,6.3848267,5.9727373,6.811871,6.755075,6.733846,7.700541,6.123124,5.521692,5.29043,4.2517076,4.6631494,8.27554,7.3516545,4.63709,5.5651517,8.584098,5.376086,6.664947,6.845174,7.613179,7.259262,8.256476,8.489247,6.6135645,8.170419,8.075299,8.34315,6.732871,8.8600235,7.6031704,10.171389,5.7994804,6.744938,7.4399276,6.439128,6.851932,6.3535967,7.5948772,7.81147,6.361055,5.9850755,4.815024,7.4542384,5.3749146,6.1244564,6.5244193,4.249669
21,5.7187276,5.501903,5.899039,5.6665826,6.3014383,6.851289,7.817551,7.4936404,5.5749555,5.493092,6.287377,6.481332,5.193754,6.2354627,5.603556,5.2208376,4.6687636,4.503119,4.889493,5.944715,4.1665974,0.0,4.882527,4.7062573,3.0864725,2.401968,5.344139,5.1198587,5.092709,2.5578804,1.1144215,3.6479933,5.8229246,5.0599627,5.572193,5.7562428,7.3013806,5.9242697,6.518925,5.2529464,5.6318083,5.2638054,5.364307,5.699772,6.1278825,5.702682,5.2468996,5.2539587,5.818923,4.785464,9.843396,7.2294893,6.1816516,5.866547,6.926366,7.2434554,4.2008777,3.739374,3.5438643,2.3681586,4.8303843,4.751248,4.1924925,5.190693,8.651708,8.600286,7.7538996,8.363092,7.6355815,6.8270516,6.486237,7.7291646,6.868839,6.179498,5.95727,6.6158047,5.9146376,6.1622863,7.046723,7.545682,5.678475,4.9364233,4.9964795,5.9182167,6.5170875,6.4800305,6.214118,6.126582,6.485802,4.414524,6.018932,6.49366,7.4293675,6.3667026,6.0580425,5.1132693,8.423451,5.786896,6.5062966,6.97218,7.81311,8.3903265,8.425504,8.671648,6.8139067,8.278819,8.039978,8.317222,5.1370134,8.019544,7.5079246,10.878429,6.2311096,6.5262904,6.9277725,5.794374,8.452723,8.061693,8.044747,8.106153,7.888133,6.8689194,5.9653964,8.810011,6.871327,6.662728,7.095612,5.0783167
22,6.3371215,6.905021,6.8367696,7.0415683,7.1576796,7.3533897,8.479381,8.004969,6.1595488,6.001885,6.130767,6.0773745,4.3408194,6.115917,5.535959,5.2294292,6.233175,6.101549,4.952484,3.2087593,2.3894267,4.882527,0.0,0.77719986,4.2179775,3.9213555,3.1398795,2.8734262,3.8483253,4.8894386,4.714455,5.267759,6.7673945,6.230733,6.2644787,6.8258095,8.234019,7.080749,7.492828,6.340874,6.79029,6.3692575,6.5495515,6.657234,7.414661,6.781423,6.3960757,6.395089,7.0547276,6.146022,8.942983,8.215093,7.350765,7.0997267,8.135196,8.510203,5.4123807,5.628479,5.500827,5.2013106,6.542458,6.4432592,5.8746576,6.539764,7.9984136,7.991715,7.55435,7.842941,8.499386,7.5403438,6.6495776,7.2309976,6.991461,6.324515,6.8458953,7.3447227,6.267793,6.4436893,7.752717,7.551298,7.469588,6.427697,6.114729,6.9356837,6.6297503,6.6118674,7.6039658,5.946827,5.9472065,5.7537045,4.7434006,5.1074266,8.192713,7.244135,4.6427608,5.772336,7.3737135,5.3770337,6.3684177,6.7940974,7.7747464,7.5066233,8.266395,8.509091,6.5127296,8.159431,8.045299,8.501007,6.6884537,8.959201,7.427908,9.136552,5.2643065,6.213733,6.9822826,7.051842,6.2611184,6.780637,7.899773,8.438359,5.669622,4.941073,4.9073257,6.741811,5.7538443,5.2514334,5.8644657,4.518007
23,6.601145,6.8821125,6.797346,6.9789696,7.2048836,7.3996725,8.514095,8.047594,6.272686,6.125415,6.186294,6.116301,4.483829,6.098121,5.5681276,5.2766237,6.180024,6.0503874,5.413828,3.8933778,2.2695045,4.7062573,0.77719986,0.0,4.23489,3.929114,3.493353,3.137966,4.057615,4.915619,4.698165,5.5722365,6.830095,6.2407103,6.353938,6.8830376,8.266197,7.106776,7.5695515,6.3917937,6.835917,6.4302154,6.633948,6.7126718,7.4171824,6.832888,6.472536,6.464746,7.004723,6.1791687,9.198357,8.361201,7.308228,7.021563,8.107735,8.456756,5.2877407,5.486807,5.360855,5.0201626,6.3824263,6.245277,5.681935,6.342385,7.851169,7.847385,7.7376857,8.030678,8.675328,7.592602,6.7397294,7.400886,7.2217503,6.6056824,7.0444264,7.5599055,6.6180763,6.799104,7.6862373,7.806287,7.525332,6.642058,6.3612833,7.1097956,6.870471,6.847165,7.764463,6.1753707,6.0998197,5.854618,4.883509,5.467121,8.407121,7.5464797,5.0402155,5.7822185,7.666364,5.689384,6.6110544,7.0533547,7.999008,7.657664,8.528383,8.769779,6.7476525,8.427814,8.297538,8.715104,6.7978644,9.013049,7.6630535,9.35128,5.5426188,6.4708734,7.2396502,7.2554083,6.5885854,7.0776873,8.1159725,8.630469,5.8492064,5.1516514,4.8305526,6.714294,6.0679355,5.596715,6.1596646,4.896171
24,5.1091514,5.7078104,5.6874022,5.9238443,6.1728745,6.610417,7.0594954,6.7178516,5.1766844,5.0339785,5.440864,5.728601,2.9860063,5.05794,4.7565355,4.3086643,5.3604527,4.959089,3.5277827,5.2371893,4.7796555,3.0864725,4.2179775,4.23489,0.0,1.6913851,4.7147045,4.709434,5.1365933,3.3863235,2.9647703,3.7093782,5.7403045,5.3730597,5.6608863,5.666732,7.1237335,6.0192895,6.370752,5.539106,5.5964794,5.4397593,5.6975174,5.6671658,6.0738835,5.629752,5.3848805,5.399459,6.1134844,4.8237867,7.6885104,7.2371306,6.5812335,6.33727,7.2126803,7.4758096,3.8395832,4.1093965,3.90946,3.7151997,5.069024,4.801067,4.882706,5.2172713,7.87537,7.8085423,7.23057,7.4523396,7.909916,7.026556,6.4424906,7.1882386,6.153161,5.335212,5.893981,5.648256,5.3654585,5.4633994,7.1661577,6.9891315,6.026796,4.6818786,5.1279306,6.0874815,5.6452045,5.612485,5.3573923,5.3439174,6.373289,4.7365165,5.7248836,5.9609113,6.628919,5.4070964,5.256184,4.706219,7.005766,5.353111,6.247684,6.8983464,7.4496794,8.122348,8.076497,8.314084,6.154465,7.1972218,7.057256,7.713001,4.996802,7.1572757,6.8667064,9.325207,5.07298,5.3740315,5.686468,5.703567,7.503283,7.8538404,7.8101625,8.209269,6.693029,5.215667,5.8862543,7.8023195,6.57823,5.1733103,5.844835,4.748465
25,5.26926,5.852026,5.8121796,6.020862,6.431119,6.7950907,7.768735,7.372277,5.333267,5.203827,5.923734,6.003537,3.8939848,5.9214168,5.1551175,4.776633,4.9758306,4.7534976,3.586551,5.0574393,4.2875824,2.401968,3.9213555,3.929114,1.6913851,0.0,4.9947743,4.8189917,5.2543874,2.4446833,2.182483,3.7430573,5.906977,5.1785545,5.5462213,5.846287,7.448254,6.1183023,6.6840444,5.365244,5.7721014,5.348586,5.5477915,5.8433757,6.4730654,5.8091993,5.307374,5.3241315,6.028155,5.0593014,8.691659,7.3911433,6.4439135,6.043813,7.0372148,7.481357,3.961062,4.2293463,4.0546827,3.538907,5.389178,5.3316274,4.7542725,5.581823,8.2213335,8.166454,7.591961,7.935623,7.7460737,6.9613996,6.392915,7.2308435,6.496239,5.7044754,6.209831,6.1517305,5.7893505,5.9776616,7.2922254,7.059944,6.2874393,4.980806,5.395167,6.302015,5.9938645,5.9633155,5.8803954,5.690977,6.568021,4.769749,6.059801,6.332613,7.1019206,5.9241886,5.5210586,4.9577346,7.364134,5.3810797,6.1201444,6.6988206,7.523441,8.223401,7.9864826,8.261681,6.3889265,7.9690638,7.8810325,8.344105,5.193552,7.8669357,7.3202367,10.141509,5.3780875,5.723002,5.8808293,5.5533466,7.5383706,7.774076,7.763813,8.041731,6.993866,5.528727,6.0716887,7.987789,6.7792435,5.7742124,6.364528,4.784843
26,5.443799,6.1389165,6.605641,6.506099,6.287028,6.7355447,7.3464794,6.65102,5.4380445,5.244802,5.584891,5.5096865,4.3573804,4.965141,4.881044,4.5240498,6.070157,5.758244,4.9164586,3.1204953,3.307013,5.344139,3.1398795,3.493353,4.7147045,4.9947743,0.0,1.7662226,2.319092,5.358925,5.045596,4.375763,5.4800835,5.47229,5.264608,5.566466,7.3000407,6.3869724,6.636809,5.377687,5.5547304,5.3762984,5.4793744,5.326436,6.239294,5.543659,5.39019,5.398682,7.164272,5.484153,8.09789,7.4830794,7.4687524,7.1038017,7.9866667,8.407361,5.8405213,5.5654016,5.488185,5.5020947,6.1411757,6.029772,5.9899354,5.8075914,8.552845,8.539044,6.6146483,7.27909,8.16883,7.465325,6.849885,7.0612783,6.278241,5.7601075,6.0157475,6.808309,4.3761163,4.397502,7.63707,6.7841587,6.301462,5.580176,5.114649,5.8192806,5.2367353,5.2325993,6.8583884,5.2229824,5.452065,5.4332466,3.963886,3.4395587,7.2499695,6.2905183,3.5812156,5.206429,7.364344,5.1397924,5.994541,6.5119905,7.0981784,7.014849,7.397647,7.548088,6.3783555,7.0582075,6.657814,7.525842,6.6524587,8.21329,6.3849382,8.359952,5.144675,5.9195232,6.8089476,6.738928,5.999304,5.6532445,6.7697964,7.6267314,6.2429705,5.7520237,5.186483,7.205279,4.840231,4.7653003,5.6852255,2.86361
27,6.068698,5.9632936,6.381375,6.2551894,6.247313,6.6805983,7.293758,6.647148,6.007161,5.8289933,6.137156,5.794457,4.893903,5.509408,5.5831184,5.2456264,6.3673544,6.1380925,5.3424897,3.3349142,3.0154378,5.1198587,2.8734262,3.137966,4.709434,4.8189917,1.7662226,0.0,2.6817455,5.2422085,4.918491,4.4459286,5.5435057,5.384129,5.3058157,5.6114416,7.04551,6.369204,6.6542406,5.4819813,5.6711097,5.5234065,5.572567,5.7282705,6.3390164,5.643183,5.5046244,5.4961243,6.651654,5.553604,8.529801,7.2709785,6.995761,6.6281953,7.131938,7.6134124,5.515461,5.201946,5.1144624,5.436084,5.9743733,5.9038954,5.6334505,5.764142,7.7230134,7.708366,6.4213367,7.107043,8.09892,7.524742,7.1232314,7.0753694,7.0333753,6.465337,6.595342,6.8857274,4.416524,4.7597313,7.1811476,6.470736,6.9831424,6.1050434,5.616466,6.393415,5.7955866,5.781197,6.8686624,5.271723,5.5945716,5.469027,4.0229626,3.7712705,7.509709,6.6243415,3.8666093,5.72522,7.6490097,5.227879,6.3235373,6.60366,7.260647,7.1288195,7.589547,7.8885326,6.366449,6.9788837,6.626504,7.124157,6.517642,8.077791,6.5760508,8.347568,5.1514273,5.986374,6.7424207,6.6943483,5.8931384,5.8561606,6.950856,7.756555,6.1995983,5.7781525,5.11144,7.297905,4.982721,4.859639,5.816456,3.0920136
28,5.500063,6.1568217,6.530721,6.4311395,6.177918,6.5646496,7.344013,7.1342416,5.494995,5.3018274,6.2738934,6.6142526,5.3790574,5.4384847,5.420801,5.034836,6.1754117,5.8527675,5.393334,3.9294212,2.837948,5.092709,3.8483253,4.057615,5.1365933,5.2543874,2.319092,2.6817455,0.0,5.1440787,4.795686,4.3783817,5.979186,5.783103,5.776657,6.0507345,7.171975,6.1163106,6.629654,5.861432,6.061681,5.8875637,5.7887664,5.8874946,6.3002462,6.045728,5.8809905,5.8890443,6.2558284,5.0388455,9.218362,6.9859157,6.4922056,6.759205,7.738857,7.78371,5.9207253,5.675567,5.5776076,5.631607,5.788447,5.440874,5.3889995,5.850487,8.3543005,8.359307,6.6586018,7.5987477,8.298905,7.2462497,6.39513,6.569658,6.332935,5.651332,5.7133904,6.5420504,4.471949,4.684469,7.0529137,6.6537914,6.5706706,5.511519,5.0540276,5.989853,5.8906126,5.879335,6.7414985,5.0624495,5.2976646,5.1557646,3.3723915,2.871235,7.3223767,6.452254,3.3530397,5.1847405,8.179162,4.9024315,6.241443,6.5433593,6.846245,6.5543437,7.5067277,7.7871084,6.087561,6.8943543,6.640346,7.2095237,6.2266374,7.9908333,6.4450197,9.1223135,5.727839,6.4935155,7.30118,6.2674465,6.492876,5.511977,6.812396,7.194409,6.5706778,6.2565165,4.699534,7.739991,4.3024983,5.5446267,6.2373743,3.5374696
29,5.5541263,6.175693,6.174735,6.4300337,6.943835,7.177291,8.133677,7.3331184,5.545366,5.4785814,7.293502,7.051681,5.6382203,6.4564247,5.876335,5.537298,5.3733644,4.9679146,4.351625,5.657,4.44936,2.5578804,4.8894386,4.915619,3.3863235,2.4446833,5.358925,5.2422085,5.1440787,0.0,2.2854893,3.5617874,5.9737744,5.2891946,5.6664586,5.907886,7.9938035,6.786208,7.2906423,5.4462023,5.8511124,5.458208,5.408099,5.9171624,6.953283,5.856461,5.3844976,5.400671,6.7077475,5.7409024,10.236843,7.782403,7.0089135,6.2570753,7.1964126,8.033898,4.1389065,4.488729,4.300749,3.6524277,6.090062,6.0694985,5.55287,5.8206058,9.33208,9.293293,8.082525,8.903488,7.608656,6.944833,6.500402,7.405052,6.9923825,6.2340345,6.517367,6.697039,5.5279202,5.784449,7.4699836,6.818693,6.4616547,5.078004,5.609993,6.5528784,5.903207,5.8723974,6.348935,6.2088165,6.9810586,5.2786493,6.566875,6.6907325,7.544301,6.2106905,5.810814,5.4102893,8.664451,5.7124557,5.967512,6.3106985,7.482686,8.364228,7.683254,7.953749,6.7764387,8.220598,8.074369,8.721529,5.570807,8.321549,7.422068,11.086531,6.930324,7.196016,7.420474,6.0864224,8.678932,8.1700735,8.196436,8.15478,8.45251,7.275395,6.4913454,9.31672,7.238622,7.3934345,7.860838,4.673991
30,5.2877426,5.4916034,5.8718944,5.6681585,6.1633406,6.7402205,7.7858863,7.4783964,5.3740716,5.274178,6.2079077,6.5267606,4.986039,6.2836375,5.564049,5.162767,4.680627,4.5438533,4.1570277,5.321981,4.08878,1.1144215,4.714455,4.698165,2.9647703,2.182483,5.045596,4.918491,4.795686,2.2854893,0.0,2.893021,5.7578335,5.0652695,5.419702,5.7066016,7.231335,5.87601,6.350975,5.18062,5.588985,5.1620364,5.2236853,5.6314073,6.156363,5.6549644,5.1403875,5.15876,5.8785005,4.6132073,9.594923,7.1500006,6.20826,6.042172,7.008341,7.3407917,4.2270074,3.7964969,3.597765,2.652141,4.955391,4.962886,4.352296,5.4554644,8.8196,8.769804,7.4325867,8.0364275,7.1377673,6.4089394,6.02055,7.204413,6.426365,5.5934258,5.4362955,6.1083827,5.4861474,5.6916065,6.831808,7.0359144,5.6346498,4.6154037,4.551729,5.6956205,6.2327495,6.2033887,5.9277964,5.776669,6.2663445,4.0186825,5.7922726,6.0790844,7.113278,5.8148165,5.5800343,5.112028,7.9878187,5.2142715,6.024849,6.389795,7.4229565,8.11467,8.0528755,8.278769,6.468834,7.9480305,7.752323,8.083686,4.9177556,7.983382,7.252883,10.716167,5.8781424,6.274073,6.542612,5.292355,8.018519,7.713499,7.7873397,7.684885,7.5907364,6.503983,5.8910494,8.719579,6.4866614,6.2731266,6.7438602,4.4881763
31,4.546596,5.778744,6.283671,6.1080213,6.2456183,6.8584146,7.2502055,6.7970896,5.199724,5.065628,6.332102,6.443351,5.165402,5.939774,5.744868,5.3328094,5.506253,5.2164717,3.2910044,4.365496,4.956379,3.6479933,5.267759,5.5722365,3.7093782,3.7430573,4.375763,4.4459286,4.3783817,3.5617874,2.893021,0.0,5.285941,5.1790557,5.262001,5.242532,6.9728756,5.9294395,5.963244,5.2310047,5.1872807,5.081959,5.016583,5.2201858,5.907281,5.21703,4.9531746,4.989856,6.152742,4.7156734,8.529677,6.278374,6.6645484,6.281929,6.9688444,7.4099636,4.9192796,4.488878,4.312142,4.0844316,5.584201,5.5916657,5.519566,5.868281,9.1009865,9.047167,6.633514,7.2333975,6.526131,6.409842,6.014945,7.2227807,5.9369254,5.083717,4.813366,5.499584,3.7541087,3.8594584,6.939396,6.1601043,5.5570927,4.043796,3.807664,5.0816493,5.222761,5.2043633,5.6674395,5.559591,5.998976,4.284923,5.449612,4.9370775,6.3330956,4.8489985,4.8218484,5.4664025,7.510149,4.744927,5.699318,5.865378,6.89535,7.8455753,7.5685034,7.8360853,6.3499746,6.696754,6.4073195,6.9374247,5.146766,7.433244,6.279618,9.597672,5.489258,5.871991,6.3749943,5.202108,7.6095552,7.157909,7.528034,7.1834383,7.7784443,6.816012,6.4236984,9.130908,5.886296,5.7122593,6.203349,3.5029893
