,0,1,2,3,4,5,6,7,8,9,10,11,12,13,14,15,16,17,18,19,20,21,22,23,24,25,26,27,28,29,30,31,32,33,34,35,36,37,38,39,40,41,42,43,44,45,46,47,48,49,50,51,52,53,54,55,56,57,58,59,60,61,62,63,64,65,66,67,68,69,70,71,72,73,74,75,76,77,78,79,80,81,82,83,84,85,86,87,88,89,90,91,92,93,94,95,96,97,98,99,100,101,102,103,104,105,106,107,108,109,110,111,112,113,114,115,116,117,118,119,120,121,122,123,124,125,126,127
0,0.0,3.9124906,4.669278,5.8275213,3.8443947,5.3819175,5.9984636,4.5318284,5.6585693,5.3939023,3.539225,6.113383,5.530561,6.4469385,5.1447725,4.9878736,5.548857,6.236804,5.5318675,6.720521,5.7277303,5.721322,5.9671454,6.1140604,6.7767754,6.771184,6.506697,7.2229805,5.7376857,4.11007,6.4623156,4.472045,7.536654,6.1243095,5.8609123,6.3375115,7.1136355,7.2874923,7.115563,7.1624384,5.657481,5.407732,7.3381333,5.2675242,5.382156,5.9797072,5.369645,6.478531,7.3072934,7.211935,6.3358264,7.4422317,5.776808,7.475999,6.7968864,6.7371497,6.03827,7.381172,5.667561,5.4286103,5.543181,5.3420873,6.2388773,7.3727117,4.9066057,4.901348,3.8662,4.975755,4.809107,5.3862357,5.1590486,5.1356263,5.9113855,4.109462,5.427873,5.277161,4.1309667,4.13617,4.408754,4.81506,5.7599463,5.836988,7.333396,8.113705,7.3866563,7.092731,7.2103386,7.821607,6.273752,7.2266507,7.338048,8.092665,6.8211317,7.17824,6.792119,5.814376,4.533262,5.4256883,6.4850464,5.118196,5.3878284,5.17858,6.617246,5.847189,5.821729,4.7905,5.068181,5.459071,6.4901204,6.040291,4.5624685,3.7104564,6.1135244,7.0939636,6.7673073,5.7460737,4.9242854,5.636544,5.2285,5.151374,8.188781,8.205091,7.4720845,5.2864723,6.8843565,6.844105,6.046598,7.191396
1,3.9124906,0.0,4.080906,5.2449746,3.0804267,4.899647,6.2797456,2.920542,4.84563,4.6004767,4.089557,5.5217853,5.307112,7.25704,5.7145324,4.820447,5.5784874,6.035383,4.6940894,6.07334,4.7250013,4.7218566,6.7648954,4.8234444,6.363,6.030928,6.0120625,6.539041,5.4866414,3.868953,5.9315767,5.888722,6.7834435,5.979293,5.200333,5.6884947,6.6196737,6.724691,6.574739,6.5712523,5.761874,5.448831,7.883229,6.243087,4.543293,5.185751,4.449155,5.6001,7.5642285,6.63759,6.0512166,7.588263,4.796712,6.249361,5.77919,6.2807612,5.8497987,6.442405,4.8690786,4.5821104,5.5089455,5.4553313,5.342109,7.775293,6.0015864,5.9822483,5.229383,5.983238,6.4174953,6.987218,6.2982893,6.275098,7.098362,5.60424,6.865125,6.707335,5.8415995,5.8390326,5.7220078,6.053958,6.8709908,6.537857,7.9074826,8.6209,6.6043744,6.2416906,6.2256856,7.152428,7.105745,7.7873006,8.101892,8.746464,7.357411,8.219921,7.692675,7.2361364,3.5478423,4.7826576,6.79303,6.09063,5.2393355,4.4346523,7.8959556,7.193413,6.5919185,5.6321344,5.6123104,6.078222,7.560299,7.204503,6.330873,3.7256978,5.2237186,6.076317,7.081796,5.198047,5.597931,6.899817,5.010655,4.9470596,9.439808,8.55625,8.61525,6.492886,6.458364,6.786842,5.1266527,6.224248
2,4.669278,4.080906,0.0,3.3903105,4.746757,3.8856504,5.824738,4.18312,3.033532,2.936798,4.175494,3.5695148,4.799748,5.098437,5.2294884,2.3635557,3.818354,5.1629047,4.04946,4.346622,3.2053137,3.755326,5.986406,3.679048,5.0934353,4.110567,4.76382,4.2471657,4.358852,3.5000749,5.0975237,4.984343,5.2298145,3.766231,3.6559803,3.9206653,5.105112,5.2134175,5.216625,5.110523,5.6149783,4.5923276,6.8566256,5.2419405,3.467911,3.5491989,2.5257237,4.276983,6.4641814,5.113177,4.2759824,6.9372463,3.3025696,4.9466834,4.7027097,4.8119254,4.539894,5.0004377,3.0951474,2.6096795,3.2620862,3.2373846,3.4852512,6.6232314,5.0275,4.9638724,4.5147595,4.7998137,4.750759,5.462846,4.907813,4.906507,6.998764,5.4797683,5.007422,4.815748,5.2768164,5.2781663,5.491112,6.1532435,6.422191,6.4872904,7.5895543,8.34036,4.712586,4.115746,4.1531696,5.2852836,6.1554084,6.903403,6.5935307,7.2900662,7.08828,7.3000402,6.0923843,5.302655,5.007533,4.4518795,6.739667,5.7127433,4.5658937,4.3847947,6.0799537,5.3000526,6.3836193,5.526624,5.3874707,4.9097004,6.373101,5.7723517,4.6891503,3.3860977,4.4239845,5.481966,6.455164,4.4698415,3.862645,4.8284774,4.9751163,4.8895698,8.476579,6.8796945,7.41557,5.084645,4.581913,4.8767085,3.0492744,4.722679
3,5.8275213,5.2449746,3.3903105,0.0,6.1784124,4.2084556,6.439294,6.067683,4.515306,4.5156674,5.506141,4.8903794,4.981824,4.956395,5.854406,2.9171596,5.5060024,6.033373,6.149028,6.6147904,4.9102936,5.649143,6.8455973,5.667691,6.0867057,5.000577,6.1812944,4.960507,5.3019624,5.2866073,6.2854323,6.1573544,6.433711,5.8432307,5.6338744,5.835156,5.9100075,6.396497,6.377284,6.224216,6.3717833,5.913344,7.404948,6.147351,4.82825,4.467584,4.9820843,5.417692,6.249041,5.6314664,5.010004,6.648616,3.8106644,5.0497437,5.5009546,5.1667953,5.090709,4.8894835,3.7383237,4.404809,4.2660594,4.287482,5.4684014,7.012069,6.073149,5.9573865,5.1741724,5.2288933,5.86636,6.571408,6.249752,6.2466135,8.284742,7.048543,6.250957,6.101124,6.7942963,6.793591,7.03858,7.526133,7.024789,7.0635295,6.9970064,7.62448,5.3283434,4.7634635,4.9356484,5.967839,6.2213516,6.640998,6.2947187,6.6497736,7.1229568,7.1451507,6.306637,5.360634,6.97615,6.315581,7.7376933,7.132428,6.3983502,6.289089,7.6221905,6.9885316,7.0463095,6.3120394,6.395421,5.9711905,6.214771,5.8088055,5.6885376,5.3348656,6.103758,6.984192,6.8579645,5.9462066,5.2914968,5.9243593,5.664129,5.3510895,8.684266,7.2968183,8.216779,6.1850877,5.3367662,6.2827682,4.4598956,4.805167
4,3.8443947,3.0804267,4.746757,6.1784124,0.0,4.147604,5.495651,3.3620284,5.021408,4.750662,3.8917701,5.7774096,5.8765726,7.0603538,4.566147,5.3269167,4.909478,5.480331,5.096733,5.9529586,5.1439314,5.2513776,6.070016,4.8283625,6.687323,6.5072856,6.6583705,7.153798,6.1146617,4.585531,6.2116117,5.4660463,7.099736,6.109231,5.6564035,6.079518,6.7948456,6.875375,6.674409,6.8159714,5.791782,5.979976,7.4062304,5.628786,4.9100766,5.6901965,4.98487,6.1827216,7.4332786,6.988137,6.6064925,7.4881907,5.3217125,6.816274,6.28499,6.283137,6.071726,7.03838,5.6607804,5.253353,6.137479,5.8623543,5.954163,7.530581,5.3644657,5.370032,4.60823,5.4496794,5.6626873,6.2000904,5.4421635,5.4461555,6.369112,4.5005274,5.970098,5.82598,5.019047,5.008524,4.4674244,4.8603797,6.0694995,5.7811456,7.1104007,7.73023,5.976694,6.7516637,6.492833,6.6009836,6.622691,7.123847,7.778668,8.882571,6.9463196,7.679761,7.103234,6.654668,3.6357045,4.5896688,5.6717176,5.3705225,5.5792847,4.352152,6.9708915,6.2537923,5.368039,4.069482,5.0399375,5.473108,7.5119967,6.798777,5.873847,4.0482564,4.4037538,5.092921,5.607028,4.295435,5.1174545,5.456033,3.6521626,3.6847954,9.014972,8.507859,8.21287,5.6535935,6.942148,6.3615937,5.312374,6.504451
5,5.3819175,4.899647,3.8856504,4.2084556,4.147604,0.0,4.306549,5.3053904,4.183602,4.066261,4.9926248,4.8403244,5.8293557,5.018618,4.2618313,3.6692638,4.6911774,6.0181127,6.186006,5.7305503,4.8859754,5.190101,5.981737,5.3962965,7.0118036,5.850317,7.111604,6.1856747,6.4230866,5.6689296,6.6338696,5.846042,6.948004,5.9370556,5.656969,5.9291496,6.3064666,6.7377634,6.736128,6.6746607,5.915742,6.6048036,7.0599084,5.408063,4.700835,5.4119596,4.928015,5.6226506,6.150297,6.178117,6.308917,6.505387,3.8131292,5.5639405,6.2251515,5.3489866,5.5696125,5.648864,3.971471,4.4501543,4.926096,4.5217514,5.5368023,6.7656264,4.67256,4.5562334,3.9841917,4.082115,5.0132627,6.4529276,4.7647066,4.791052,7.514458,5.988326,5.5458794,5.3662987,6.0071945,5.9947033,5.8505654,6.414837,6.8408074,6.571264,6.83908,7.3939157,4.222425,5.1328106,5.0541377,5.003641,4.84119,6.313278,6.2581124,7.170382,7.083927,7.841687,6.3458624,5.520697,6.206991,5.4858713,6.6485567,6.2750034,6.4593444,5.535825,7.061608,6.221753,5.211377,3.554895,5.187072,4.837349,5.5390763,4.8351893,5.216321,5.281551,4.5531497,4.862887,5.42495,4.3786683,3.9107375,4.096139,4.8002276,4.542094,8.372807,7.3944397,7.549501,4.794671,6.327059,6.2410054,4.4034224,5.3595676
6,5.9984636,6.2797456,5.824738,6.439294,5.495651,4.306549,0.0,5.617562,6.5780015,6.546625,6.4987025,6.5569944,7.4264946,5.9856334,5.7822814,5.9979944,6.3585143,7.7171793,7.204248,6.62607,6.217497,6.844477,6.042745,6.971822,8.471885,7.2661424,8.436627,7.6996264,7.668046,6.5645576,7.425033,6.0433555,8.074057,6.889608,6.5598774,6.934923,7.4008956,7.800221,7.8229585,7.849972,6.984454,7.362121,7.510984,5.680755,5.952301,6.7386756,6.7194076,6.917216,7.087449,7.726895,7.664132,7.112028,5.5924172,7.3792305,7.584014,6.490947,6.934917,7.3004475,5.8275557,5.97368,6.6360226,6.1876326,6.8593597,7.372531,4.80493,4.806604,4.3578763,4.436539,5.7652173,6.7855988,5.2336664,5.2865996,7.674937,6.0901146,5.734792,5.6447434,6.4266343,6.4087524,6.2896137,6.618966,7.5031075,7.206712,7.89188,8.33699,6.0983057,6.9322777,6.8142447,6.772229,5.917683,6.817769,6.748158,8.27955,7.6657043,8.508765,7.0037527,6.119301,6.8132267,5.743013,6.368025,6.4357195,6.0907593,5.9746346,7.3397264,6.8411374,4.526635,4.098793,4.860994,5.256756,6.37437,5.232907,5.327883,6.12199,6.1516886,5.970154,6.4932814,5.8768234,4.577584,4.938897,6.0070744,5.832746,8.873589,8.699711,7.645963,4.7934403,8.247658,8.010448,5.8600655,7.2997594
7,4.5318284,2.920542,4.18312,6.067683,3.3620284,5.3053904,5.617562,0.0,5.142508,4.9266853,4.3851,5.3519893,5.788548,7.2047844,5.8710318,5.0364738,5.2696176,6.2309394,4.61161,5.665812,4.4586444,5.194479,6.4505653,4.5947704,6.328684,6.2939563,6.248513,6.8137155,5.8044567,3.3049376,5.762388,5.774326,6.9366155,5.8587823,5.0949683,5.5021367,6.7536616,6.8062706,6.6733823,6.781864,6.1319404,5.4140844,7.9540477,6.1426845,4.523501,5.162868,4.4632063,5.817185,7.9586473,6.985851,6.418322,8.003255,4.8359785,6.675423,6.0285273,6.211888,6.3622346,6.963316,5.096394,4.617413,5.5714955,5.5255938,5.429494,8.006637,6.1874404,6.184195,5.5061846,6.028598,6.5714817,6.6232915,6.0801296,6.0717854,6.759802,5.086306,6.48967,6.385839,5.7749376,5.77185,5.2559175,5.5980215,7.062712,6.8197093,8.454057,9.227989,6.4489055,6.2534914,6.1371236,7.1997433,7.400509,7.933484,8.447133,9.505177,7.342528,8.1799,7.793456,6.907402,3.428513,4.2759256,6.7128587,6.1769624,4.980603,4.0859857,7.3348584,6.752647,6.550922,5.8296013,5.4994245,5.963053,8.052745,7.136682,6.2550855,4.010272,5.676022,6.0042634,7.529271,5.6442423,5.368337,6.7102575,5.0384145,5.070201,9.452132,8.602283,8.232326,6.0401716,6.506179,6.751358,4.8593802,6.465425
8,5.6585693,4.84563,3.033532,4.515306,5.021408,4.183602,6.5780015,5.142508,0.0,0.76217526,3.8304956,1.863668,4.742777,4.9210267,5.5464797,3.707447,3.6833894,5.340062,4.252129,2.902696,2.6105256,2.5914507,5.3417177,3.5860763,5.7164884,4.784227,6.044778,5.101525,5.843238,4.398501,5.0083065,5.774002,4.9356027,3.517652,3.1736395,3.2649024,4.7114997,4.749821,4.788932,4.867134,5.8212876,4.913622,6.4025292,4.8727174,2.9840326,3.9653175,3.003769,4.243207,6.621574,5.203624,5.029421,6.9650087,3.1103015,5.1934557,4.740636,4.869946,5.091063,5.306653,3.603241,2.950417,3.976655,3.9562511,3.3757088,6.4032397,4.8540807,4.8016715,4.5258427,4.648345,4.928693,5.7502556,4.9283233,4.8762436,6.9933496,5.459322,4.7291827,4.570599,6.1309476,6.138698,5.4371557,5.600631,6.8358603,6.7881837,7.7906003,8.567941,3.6564267,3.3883984,3.0406027,4.375497,5.6045856,6.7737217,7.1157007,7.9206038,7.2112722,7.6393266,6.3138666,5.495974,5.598762,3.9182189,7.044472,5.81339,4.9416003,3.9249904,5.2107124,5.039584,5.843137,5.5697107,4.8708105,4.140406,6.431333,5.595388,4.9987936,4.13894,3.9274938,4.685573,6.1301293,4.073501,3.9346716,5.229205,5.541897,5.449615,8.9248705,7.3772173,6.9684772,4.5559187,5.3535604,5.6856275,2.118988,4.427929
9,5.3939023,4.6004767,2.936798,4.5156674,4.750662,4.066261,6.546625,4.9266853,0.76217526,0.0,3.4505548,2.189525,4.61899,4.909389,5.1822267,3.571804,3.8738074,5.3606176,4.255757,3.1825256,2.8562205,2.80693,5.0950027,3.4400852,5.4505925,4.7447042,5.872965,5.117544,5.660247,4.1388516,4.729138,5.434002,5.090541,3.6190257,3.4204078,3.432246,4.8128953,4.8804398,4.856863,5.0068192,5.3125696,4.895318,6.253766,4.819318,2.8285177,3.9136872,2.7487538,4.0222945,6.4544373,5.171071,5.005449,6.7402334,2.8772504,5.05237,4.608345,4.7293363,5.0504637,5.259324,3.5288942,2.9473252,3.8448153,3.7450786,3.3242705,6.192897,4.758371,4.68771,4.317346,4.5166883,4.7681165,5.5969324,4.726741,4.6738067,6.687411,5.0535765,4.6525097,4.4731245,5.7815404,5.7883496,4.9948525,5.2288694,6.5493493,6.529479,7.5050993,8.293303,3.9924147,3.7658906,3.4264956,4.6223283,5.2883873,6.6067066,7.0994806,7.7713037,6.903786,7.3783584,6.167574,5.28595,5.2464604,4.003486,7.1559105,5.7376475,4.9528785,3.9138544,5.10466,4.7287745,5.947501,5.446803,4.955956,4.136528,6.2094746,5.420626,4.9623995,3.9430022,4.0745053,4.9120317,6.058092,4.212763,3.967394,5.2542706,5.4384084,5.2945404,8.891123,7.348625,6.9154654,4.459089,5.0517254,5.482232,2.4039092,4.41022
10,3.539225,4.089557,4.175494,5.506141,3.8917701,4.9926248,6.4987025,4.3851,3.8304956,3.4505548,0.0,3.908923,4.038273,5.4512973,4.4293346,4.3769917,3.8882308,4.902552,4.14871,5.1816187,3.9866152,4.0238237,4.1805124,4.77837,5.4535484,5.647634,5.885208,6.3005757,5.327076,3.0470164,3.9043806,4.212296,6.3136096,4.4555597,4.525673,4.702126,5.9082627,6.0833535,5.8646765,6.076405,4.1415076,4.1243954,5.9126635,4.6327324,3.8339205,4.95284,4.1563783,4.4125504,6.901465,6.1463623,5.5706873,6.6613045,4.302714,6.209057,5.5996857,5.8557773,5.7212844,6.3659782,4.6136107,4.3185825,3.9843643,4.0134025,4.7290206,6.2798147,4.973876,4.908582,4.15872,4.862565,5.1424303,5.4604506,5.0868306,5.03342,5.51149,3.4452665,5.0811434,4.978437,4.3963304,4.404841,3.7395778,3.7883162,5.9350624,5.960119,6.935838,7.4333005,5.5740075,5.521208,5.453304,5.8849015,5.054776,6.5308046,7.2273,8.015722,6.274808,6.5613666,6.624651,5.071407,4.8823457,4.9393687,7.541932,6.356571,5.394395,4.715286,5.419426,5.202694,5.6118326,5.2693315,4.6315417,4.2341003,5.6755176,5.509826,4.4765644,2.907506,5.038812,5.9974937,6.388344,4.618814,4.587057,5.44858,4.87385,4.4600763,8.660322,7.8473144,6.2741947,4.7072735,5.2248607,5.385504,4.4816384,5.573338
11,6.113383,5.5217853,3.5695148,4.8903794,5.7774096,4.8403244,6.5569944,5.3519893,1.863668,2.189525,3.908923,0.0,4.6854773,4.509018,5.9186425,3.9983027,3.5141943,5.1765857,4.191459,3.0642943,2.2399156,2.7415657,4.744776,4.0065446,5.7808485,4.639135,6.1688724,5.0417595,5.802042,4.4801636,4.288138,5.7035747,4.6743536,3.2329857,2.9197445,3.0253448,4.403788,4.5361543,4.6049824,4.660106,5.648713,4.5238,5.753825,4.6387367,3.0682,4.1933303,3.6184766,3.6828704,6.510243,5.0440116,4.967709,6.573357,3.172104,5.040158,4.8991814,4.841044,5.0649714,5.1181583,3.7028923,3.191059,3.5545092,3.7041454,3.5586612,6.053728,5.2382684,5.1849594,4.9574165,4.9407096,5.564155,6.1229777,5.3175807,5.2595186,7.1397896,5.6565633,4.984697,4.8847313,6.3826056,6.391524,5.759414,5.811489,7.0610137,6.975469,8.012895,8.604887,3.8088212,3.114258,2.8534226,4.2989907,5.5214667,6.5860767,6.710812,7.799155,7.103709,7.515254,6.34314,5.4661336,6.3996243,4.3221264,7.7243094,6.789393,5.2914405,4.469118,5.213543,5.504903,5.7301316,5.9732804,4.468206,3.6775098,6.0474796,5.443455,4.8212767,4.2911777,4.732594,5.127281,6.5986533,4.6233854,3.8490076,5.430571,6.159184,5.919826,8.877093,7.345077,6.3458395,4.4894094,5.3792,5.889788,2.045994,4.244677
12,5.530561,5.307112,4.799748,4.981824,5.8765726,5.8293557,7.4264946,5.788548,4.742777,4.61899,4.038273,4.6854773,0.0,4.386573,4.8123236,4.0174847,4.64581,4.408614,4.765241,5.960722,4.1050863,4.2811446,6.2337403,5.785252,5.4936814,5.697628,6.3001494,5.8401656,4.971821,4.086278,4.7667203,4.8349867,6.090972,5.0475273,5.064573,5.0928574,5.3383703,5.970989,5.797371,5.797108,5.8379316,3.4429839,6.9523916,5.225866,4.7895575,5.344546,5.2738333,5.7851624,6.7679915,6.2375793,5.4081335,7.3411703,3.9711604,5.564726,5.7202554,5.9849257,6.021512,5.3411613,4.1904845,4.7389145,3.2452617,3.3592107,5.8436117,7.5426955,6.9665265,6.910752,5.509056,5.9891973,7.010992,7.6198134,7.3863935,7.3464947,7.472779,6.1061826,6.626465,6.5501766,6.40883,6.420703,6.1831374,6.3752093,6.4351096,6.5942307,6.832622,7.8362856,5.8946505,5.360863,5.554029,6.4729114,5.393686,6.616595,7.153985,7.934618,6.2137737,6.823241,7.4208875,6.1754413,7.301849,7.032177,8.8577,7.5674253,6.9600563,6.9169865,6.8256288,7.103255,7.0510416,7.4527044,6.3299575,5.672606,6.691069,5.3023047,5.813746,3.9087312,6.4086585,7.5748343,7.147739,6.1388154,5.8926454,6.5319386,5.5167904,5.2701144,9.907917,8.645237,8.507405,6.3843083,3.6629364,5.1990123,4.870559,4.353672
13,6.4469385,7.25704,5.098437,4.956395,7.0603538,5.018618,5.9856334,7.2047844,4.9210267,4.909389,5.4512973,4.509018,4.386573,0.0,4.6440277,4.2931666,5.371831,5.8812265,6.1617002,5.770903,4.790418,5.304837,4.8676805,6.2838125,6.615184,5.57694,7.21923,5.5125566,6.1641583,6.211541,5.72678,4.3528237,5.900491,5.01326,5.2213693,5.1513724,4.723862,5.564417,5.5353875,5.5514145,5.639579,5.2473598,5.34197,3.6255863,4.843548,5.3378196,5.6319456,5.549692,4.763189,5.751767,5.65912,5.6378317,3.7036073,5.171327,6.092985,4.86624,5.3138375,4.7563343,4.0776587,4.7578936,3.7705164,3.0264943,5.771993,5.664312,5.317769,5.22927,4.101132,3.9544713,5.426446,6.536354,5.687601,5.662639,7.4245143,6.0026116,4.7933187,4.6846876,6.105772,6.111746,5.9946337,6.423273,6.1024585,6.2218156,6.242592,7.156516,5.523031,5.106283,5.2056713,5.9731097,3.2896094,4.9298625,4.788297,5.890689,5.7112584,6.283019,5.528845,4.262068,8.47831,7.0776157,8.25197,7.131746,7.24969,7.2098737,5.335621,5.660277,5.735871,6.214859,5.359278,3.9261236,4.706256,2.7493849,4.143807,5.3368173,6.817107,7.4311547,6.242149,6.594201,4.0289354,4.6778564,6.5240808,6.2163067,8.8078785,7.8439302,7.380183,4.273078,5.1418443,6.141946,4.6844854,4.5094504
14,5.1447725,5.7145324,5.2294884,5.854406,4.566147,4.2618313,5.7822814,5.8710318,5.5464797,5.1822267,4.4293346,5.9186425,4.8123236,4.6440277,0.0,4.628317,5.2379,4.927056,5.5041065,6.5626698,5.2242346,5.5754523,5.144037,5.4118586,5.754597,5.9985247,6.112559,6.1388416,5.322696,5.61699,5.8640995,3.6898122,6.4409666,5.7291203,5.8593884,5.763472,5.527039,6.082756,5.893994,5.9977407,4.3261037,5.2785244,5.743344,4.1107244,4.96014,5.071311,5.034169,5.6163964,5.0611906,5.7699842,5.785948,5.943053,4.459925,5.401715,5.8084593,5.0858674,5.4798007,5.4021335,4.748581,5.0614476,4.5812526,4.0612,5.8576503,6.012247,5.2774,5.1623316,3.7954965,4.3302293,5.283791,6.009417,5.276585,5.289391,6.187703,4.2988715,5.4277077,5.294837,4.1835923,4.1783085,3.8719163,4.6224885,4.8535047,4.5623074,4.26486,5.229696,6.0294394,6.6693215,6.55911,6.451223,4.00664,5.082332,5.8786693,6.583826,4.880419,5.467643,5.9562764,4.6836905,6.7187567,7.0726686,7.3977003,7.0197873,7.5266733,6.976444,6.0585494,5.4758124,6.0242405,5.358942,6.1344085,4.960952,6.053927,5.058108,4.7741404,4.522753,5.5849113,6.2335453,4.795743,5.3702116,4.5068784,4.193932,4.0406747,3.7452667,8.259973,7.1855736,7.4765096,4.6016655,4.7805843,4.4566116,5.49667,4.9343896
15,4.9878736,4.820447,2.3635557,2.9171596,5.3269167,3.6692638,5.9979944,5.0364738,3.707447,3.571804,4.3769917,3.9983027,4.0174847,4.2931666,4.628317,0.0,4.2550473,4.8906007,5.319505,5.3811154,3.9216342,4.461797,6.36757,4.6390686,4.856792,4.5543847,5.2598286,4.6264424,4.164771,3.7838566,5.5692625,5.2599025,5.890609,4.992974,4.949643,5.052486,5.3079653,5.7923045,5.8454094,5.7016163,5.7314777,4.700869,6.989602,5.478654,4.011902,4.452288,3.9667919,4.9886017,5.9555187,4.8318567,4.311558,6.631653,2.7696817,4.5605206,4.8002906,4.527637,4.788077,4.470439,2.8092902,3.49224,2.5155485,2.922799,4.7986703,6.8316355,5.7675643,5.643939,4.6562066,4.797943,5.376237,6.2401543,5.519638,5.5132318,7.475339,6.0564346,5.6703906,5.537827,5.9281287,5.93198,5.897883,6.3996005,6.2293706,6.3443756,6.769387,7.709864,4.9765635,4.546516,4.70723,5.6177354,5.3367715,6.261571,6.2064095,6.6916323,6.3607144,6.7544785,5.9963074,5.0512986,6.1957083,5.8072176,8.0912285,6.8231254,6.0121636,5.761662,6.773771,6.0394006,6.87589,5.9774637,6.1516547,5.509074,5.860207,4.859014,4.9739027,4.4323764,5.458544,6.2133365,6.333683,5.1882987,4.4694705,5.134304,5.4079914,5.190166,7.8552527,6.0634165,7.037379,5.1844344,3.887508,4.8462596,3.493995,3.8542268
16,5.548857,5.5784874,3.818354,5.5060024,4.909478,4.6911774,6.3585143,5.2696176,3.6833894,3.8738074,3.8882308,3.5141943,4.64581,5.371831,5.2379,4.2550473,0.0,4.031295,3.8601906,4.3721843,3.0770977,3.5069923,5.8109536,4.9746447,6.255466,5.657528,6.2708693,5.973408,5.753363,4.2315736,5.1207647,5.643794,5.8834777,3.6429856,3.895724,4.1482964,5.7391815,5.8334517,5.827517,5.7177615,6.570488,4.4470716,6.9787073,5.285626,4.79093,5.0656314,4.434541,5.276992,7.7669315,6.3984547,5.741407,8.076275,4.91878,6.5294995,6.3046207,6.4487977,6.1409273,6.4666543,4.7014813,4.267412,3.8693678,4.1749406,4.858727,7.606986,5.8682947,5.8424435,5.4523835,5.791693,5.961283,6.3817134,6.0544505,6.050333,7.1874914,5.6866064,5.6310873,5.5543675,5.943779,5.947851,5.848123,6.085024,7.3502674,7.354101,8.094985,8.500036,3.2732277,4.1851177,4.207549,3.9728029,6.3938966,7.5430026,7.3718033,8.817199,7.98919,7.9326887,7.438939,5.9870305,6.639335,5.378301,7.2093353,7.0678387,5.9619026,5.503488,6.0155044,6.2044263,5.7893214,5.9227123,5.2676196,4.75442,6.982434,6.2928653,5.0303807,3.8378274,3.6509614,4.5912886,6.5023737,3.2121763,4.4924893,4.2031946,4.349582,4.224659,9.127797,7.794645,7.1282244,5.4580045,5.340377,4.4419203,3.8402665,5.4108777
17,6.236804,6.035383,5.1629047,6.033373,5.480331,6.0181127,7.7171793,6.2309394,5.340062,5.3606176,4.902552,5.1765857,4.408614,5.8812265,4.927056,4.8906007,4.031295,0.0,4.4798155,5.977548,4.462229,4.7528186,6.4680653,4.549895,4.6509166,4.6419916,4.9394875,5.0235424,3.6494384,5.3192143,5.003467,5.412367,4.632492,4.923136,5.159213,5.2953315,4.416822,4.668164,4.539441,4.4325275,6.1285367,3.9239497,5.953549,5.358005,5.1377387,5.3232417,5.4227214,5.5185647,6.295539,4.753149,4.0866914,6.766946,5.348202,5.0359526,4.8854723,5.281854,4.611412,4.8690104,5.654063,5.38112,4.6685,4.9706745,5.931173,6.8781323,7.2215915,7.2008953,6.2802744,6.76952,6.988503,7.160125,7.188425,7.1802793,7.7048945,6.327584,6.6870556,6.6331477,6.071993,6.0772,6.0928063,6.370642,5.2397995,5.2449207,5.9487004,6.471848,5.8179193,6.275877,6.0337577,5.919326,6.988034,5.9092593,6.0339093,7.382893,5.9948344,5.911623,6.2156796,6.719491,7.1921577,6.788125,8.11447,7.942556,7.1040792,6.7674,6.8586907,7.057337,6.82776,7.026494,6.375348,5.860603,7.773004,7.174196,5.9493175,4.3515086,5.197571,6.17107,5.0822787,4.8323746,5.8291426,5.5355287,4.8356657,4.6821375,8.633573,7.0035086,7.9908257,6.5305457,4.8101254,3.967134,4.775638,3.9204838
18,5.5318675,4.6940894,4.04946,6.149028,5.096733,6.186006,7.204248,4.61161,4.252129,4.255757,4.14871,4.191459,4.765241,6.1617002,5.5041065,5.319505,3.8601906,4.4798155,0.0,4.286541,2.5648136,2.984428,5.541489,3.7343729,5.507242,4.954319,4.7601714,5.051374,4.8377824,4.348705,4.327722,4.7176266,4.141697,2.665773,2.2344432,2.435137,4.3998756,4.1676664,3.9896913,3.9523096,5.4972687,3.2626486,6.1799636,4.5836983,4.0136466,3.4234107,2.9975796,4.2050233,7.102549,5.698412,4.890261,7.5445457,4.9843874,5.766143,5.1855307,5.8847013,5.2331834,5.7816787,4.778063,3.5876322,4.3792467,4.302483,3.5430167,6.7882147,5.884584,5.905568,5.5111613,6.0667877,6.1993947,6.162764,6.253197,6.2258587,6.3107758,4.9746075,5.7673993,5.642342,5.053769,5.0641437,5.173733,5.583793,6.6013937,6.338802,7.826837,8.430452,5.5928206,4.881309,4.788188,5.762194,7.078364,7.46488,7.399816,8.530309,7.2563763,7.3688865,7.3004236,6.48264,5.6970434,5.2256813,6.6194587,6.7017035,5.4584775,5.1622376,5.66669,5.9483805,6.4340997,6.8720694,5.355172,4.70191,7.8905497,7.435441,5.2534738,2.2816494,4.410195,5.4999027,6.85543,4.6118093,4.6123533,5.6736264,4.689504,4.741002,9.586775,8.276027,8.117476,5.7908783,5.07037,4.6362767,4.161181,5.327003
19,6.720521,6.07334,4.346622,6.6147904,5.9529586,5.7305503,6.62607,5.665812,2.902696,3.1825256,5.1816187,3.0642943,5.960722,5.770903,6.5626698,5.3811154,4.3721843,5.977548,4.286541,0.0,3.1217852,2.814601,5.742692,3.8577611,6.3644238,5.3282003,6.5427694,5.6715612,6.5157213,5.219816,5.386723,6.179541,4.677192,3.1161666,2.9385355,2.9727015,4.7532873,4.4927344,4.6630435,4.8089604,6.8249326,5.131109,6.640504,5.1003094,3.716642,4.9373636,3.818984,5.0063677,7.3711505,5.8238115,5.638641,7.781082,4.4621396,6.118253,5.242996,5.514755,5.8404703,6.155758,4.9511027,3.7743847,5.15458,5.092085,3.6696265,6.8850126,5.2945037,5.3419023,5.348421,5.4489555,5.559204,6.2758822,5.4024334,5.363041,7.1119795,5.809974,4.8168635,4.7123227,6.6414695,6.649181,5.8583217,5.877195,7.30119,7.270491,8.825338,9.646948,4.496944,4.366274,3.813154,4.8425455,6.6216617,7.3731685,7.7029204,8.883004,7.9081974,8.459436,6.819305,6.577643,6.028792,3.7300007,7.129575,5.8167295,4.4174256,3.9209237,4.72427,5.0647154,5.9399776,6.391256,5.0486245,4.465205,7.5757117,6.355561,5.4399343,4.60073,4.1130633,4.598811,6.495767,4.4527807,4.3906026,5.641765,6.5012727,6.588498,9.440914,8.061039,7.2735796,4.7674937,6.369551,6.212415,2.719385,5.372044
20,5.7277303,4.7250013,3.2053137,4.9102936,5.1439314,4.8859754,6.217497,4.4586444,2.6105256,2.8562205,3.9866152,2.2399156,4.1050863,4.790418,5.2242346,3.9216342,3.0770977,4.462229,2.5648136,3.1217852,0.0,1.9676812,5.2420626,3.423037,5.3688803,4.508209,5.296105,4.6092715,5.0188165,3.990482,4.407636,5.174355,4.003309,2.6342838,1.7423514,1.9037336,3.8218036,3.918546,3.9770672,3.8767056,5.6773763,3.428728,6.066343,4.2629223,2.992455,3.1199083,2.821784,3.8671973,6.462921,4.908064,4.5452456,6.988099,3.264694,4.8627825,4.588163,4.8394957,4.894289,4.82549,3.3198135,2.4905305,3.2452996,3.4090543,3.1118038,6.498758,5.36071,5.335256,4.8502645,5.0371075,5.766837,6.106572,5.6362596,5.60096,6.9021,5.359165,5.238756,5.138359,5.8235335,5.8330097,5.4467263,5.6442747,6.780819,6.521845,7.626854,8.382504,3.902795,3.284733,3.173068,4.609624,5.9980426,6.760851,6.82676,8.012227,6.9223785,7.330099,6.7441287,5.689996,5.994406,4.532147,6.9317,6.6255574,5.2276316,4.6358504,5.4862084,5.763338,5.842926,6.261163,4.8099103,4.043003,6.9632225,6.060113,4.7861943,3.2286358,4.0415206,4.5942664,6.418642,4.099106,3.706951,5.1520786,4.9268394,4.885719,9.020279,7.328921,7.094613,4.748279,4.70195,4.9130483,2.1513407,3.9803987
21,5.721322,4.7218566,3.755326,5.649143,5.2513776,5.190101,6.844477,5.194479,2.5914507,2.80693,4.0238237,2.7415657,4.2811446,5.304837,5.5754523,4.461797,3.5069923,4.7528186,2.984428,2.814601,1.9676812,0.0,5.6789007,3.9086268,5.948656,5.0584917,5.808464,5.2647862,5.4401493,4.443207,4.789528,5.5195312,4.2811785,2.8108296,2.205112,2.4388146,4.228892,4.232542,4.315078,4.186907,5.910252,3.9152484,6.3579984,4.6443906,3.6218655,4.3075924,3.2465715,4.3105826,6.8365865,5.298543,5.0366435,7.341024,3.8886564,5.3183217,5.0764246,5.5112357,5.224618,5.2396536,4.0328045,3.2362409,3.7490895,3.8736753,3.5470443,6.859921,5.557283,5.5517745,5.0604205,5.5129595,5.980396,6.79261,6.0008802,5.9514627,7.1426034,5.7087507,5.69364,5.53965,6.1934485,6.2042527,5.7774625,5.9022913,6.9931297,6.7638993,8.049132,8.833481,4.5031013,3.9110708,3.8444574,4.909851,6.011671,7.249077,7.203548,8.260657,7.4722686,8.090857,7.120739,6.625359,6.086897,4.767518,7.3839054,6.5106716,5.38159,4.7760653,5.7696495,5.992001,6.0975695,6.376695,4.9980044,4.3331037,7.0391374,6.2251844,5.2489533,3.3565948,3.850407,4.749833,6.474756,3.9580925,4.197517,5.5799766,5.6743,5.6596675,9.377223,7.7568626,7.4682784,5.1863523,5.2138457,5.311022,2.960996,4.53055
22,5.9671454,6.7648954,5.986406,6.8455973,6.070016,5.981737,6.042745,6.4505653,5.3417177,5.0950027,4.1805124,4.744776,6.2337403,4.8676805,5.144037,6.36757,5.8109536,6.4680653,5.541489,5.742692,5.2420626,5.6789007,0.0,5.70712,6.852777,6.0179853,7.2165523,6.652558,6.8176794,6.1395745,4.1040854,3.8914807,6.107859,4.8020616,5.0780296,5.0592823,5.4779778,5.7150803,5.4499364,5.893169,3.4854548,5.772115,3.2841234,3.3621187,4.523853,5.377712,5.4508963,4.057402,5.608236,6.2890244,6.386152,4.7798176,5.073776,6.211144,6.221846,5.4031715,5.6410604,6.3718586,5.846243,5.4542894,5.5877814,4.9674797,5.3080707,3.9680238,4.2769823,4.234622,3.9952476,4.2925143,5.0422773,5.236155,4.54037,4.490939,5.573016,3.4799676,4.2059665,4.086907,4.650672,4.6488004,3.8335083,3.961888,5.8070707,5.647056,6.507812,6.5625687,6.3409815,6.403046,6.0621185,6.277645,4.2744026,5.196176,5.809962,7.041855,5.769742,6.018231,5.4331303,4.380537,6.8601108,5.7209287,7.4469852,6.913751,6.274031,5.758984,4.0623746,4.4661164,4.620762,5.1339264,3.739508,2.4547582,4.9357715,5.131879,4.074643,4.795373,6.3573923,6.7332687,6.0485463,6.1173916,4.0888295,5.2064304,6.414164,5.8900285,8.91458,8.496486,6.056886,3.5784385,6.8335834,6.8506837,5.2962294,6.2018332
23,6.1140604,4.8234444,3.679048,5.667691,4.8283625,5.3962965,6.971822,4.5947704,3.5860763,3.4400852,4.77837,4.0065446,5.785252,6.2838125,5.4118586,4.6390686,4.9746447,4.549895,3.7343729,3.8577611,3.423037,3.9086268,5.70712,0.0,4.0392056,3.6277027,4.0287623,4.04719,4.1688285,4.7605042,4.7123156,5.434545,3.4097266,3.929487,3.6166413,3.5693915,3.655185,3.2984443,3.254329,3.5083475,5.258181,4.6732183,5.7021017,5.039877,2.914043,3.2117136,2.6411042,3.8208952,5.811866,3.659766,3.5869305,6.2309294,3.9113195,4.065937,2.8100235,3.4755034,3.7618537,4.4526854,4.6938376,3.5246522,4.946824,4.931634,3.343272,5.6985354,5.6833196,5.6649036,5.317766,5.5801005,5.4983416,5.5120273,5.199428,5.178905,6.8138437,5.166929,5.267638,5.132366,5.465223,5.4686213,4.7961497,5.2029996,5.3235626,5.0976286,6.7690706,7.5838575,5.5657196,5.501081,4.8844576,5.8434925,6.9341416,6.0636244,6.6756964,7.454301,6.0011883,6.3548627,5.3380713,6.056245,4.61188,4.156757,6.8093476,6.1879816,4.9542837,4.033637,5.5183687,5.0142403,6.685731,6.237146,5.7378607,5.1051974,7.8244867,7.1822834,5.6327567,4.0544147,4.3104215,4.848122,5.2046213,4.6531515,4.626625,5.7830205,5.321119,5.350159,8.4487915,6.4287047,7.3800955,5.157519,5.2031417,4.955015,2.8702288,3.9265912
24,6.7767754,6.363,5.0934353,6.0867057,6.687323,7.0118036,8.471885,6.328684,5.7164884,5.4505925,5.4535484,5.7808485,5.4936814,6.615184,5.754597,4.856792,6.255466,4.6509166,5.507242,6.3644238,5.3688803,5.948656,6.852777,4.0392056,0.0,3.3822331,2.624016,3.7065113,3.1553876,5.030337,4.9742675,5.7016273,5.167864,5.584078,5.9516764,5.7205596,5.0474463,5.140596,5.0526814,5.2230854,5.5833325,4.0368,6.4551673,6.4464974,4.104582,4.9014726,4.863137,5.0865445,6.2393575,3.9142723,2.8067138,6.655832,4.980133,4.6628194,2.6672685,4.486891,4.916266,4.8710055,5.0869575,4.707058,4.848939,5.253793,4.818239,6.0683365,7.1125526,7.0379543,6.618837,6.501482,6.421263,6.148135,6.465822,6.4507117,7.6636157,6.204406,6.317458,6.390052,5.684532,5.695014,5.8172092,6.1137896,5.29538,5.5442452,6.2005835,7.0345044,7.2689824,7.1040936,6.7515664,7.396476,7.3188977,5.6890006,7.043877,6.7905827,5.01931,4.713976,5.853761,5.7686925,6.4301305,6.8712616,9.335655,8.230498,6.5180035,6.6749754,6.6217046,6.2919807,8.2376,8.168885,7.806571,6.9626284,7.6814017,7.56215,6.037288,5.1622987,6.602932,7.430098,6.3516097,6.503671,6.6013823,7.089626,6.4283333,6.228345,8.462199,6.0564866,7.1777177,6.625553,4.0044303,4.4579296,4.988576,4.12359
25,6.771184,6.030928,4.110567,5.000577,6.5072856,5.850317,7.2661424,6.2939563,4.784227,4.7447042,5.647634,4.639135,5.697628,5.57694,5.9985247,4.5543847,5.657528,4.6419916,4.954319,5.3282003,4.508209,5.0584917,6.0179853,3.6277027,3.3822331,0.0,3.2419431,1.4618843,3.664616,5.706937,4.611462,5.3670044,3.7415311,4.4622583,4.6622105,4.713167,3.7656262,3.8852654,3.8603392,3.8366666,5.3183846,4.260698,5.3124623,5.456846,3.1573327,4.246716,4.322436,3.836649,5.1250434,3.1527755,2.1568804,5.333429,4.251673,3.3873992,2.5301366,3.708708,3.1943204,3.4689727,4.0855784,3.5261497,4.5934095,4.513264,3.611136,4.633426,5.8290377,5.790213,5.8594003,5.5380564,5.581586,5.9896836,5.5943747,5.585271,7.9354815,6.50602,5.4403815,5.466189,5.6097736,5.611431,6.325005,6.8358235,5.5160427,5.5169797,6.559168,7.0488467,6.1700487,5.778505,5.405507,6.153171,6.733937,4.9718876,5.2323313,5.372612,5.4927506,5.5926547,4.8758597,5.618882,6.6253257,5.8690677,8.017725,7.356997,5.62454,5.840813,6.2055793,6.119455,6.6085515,6.830033,6.1267123,5.4064136,6.3822207,6.783435,5.0341015,4.6906376,5.690639,6.5384665,5.663827,5.7193527,5.1574936,5.9868402,6.3971653,6.1416106,8.58766,6.553582,7.329939,5.9656005,4.962467,5.237166,3.9423432,3.6835804
26,6.506697,6.0120625,4.76382,6.1812944,6.6583705,7.111604,8.436627,6.248513,6.044778,5.872965,5.885208,6.1688724,6.3001494,7.21923,6.112559,5.2598286,6.2708693,4.9394875,4.7601714,6.5427694,5.296105,5.808464,7.2165523,4.0287623,2.624016,3.2419431,0.0,3.1607568,2.8969297,5.52362,5.626331,5.6950507,4.697165,5.246174,5.407081,5.34114,4.999444,4.840712,4.7950664,4.6871395,5.7516212,4.12684,6.614925,6.3994427,4.4717965,4.3898654,4.3384995,4.89426,6.369718,3.9736297,2.6089852,6.9500246,5.716851,4.9576406,3.363777,5.071802,4.4467335,5.033087,5.190667,4.393697,5.1349397,5.4132376,4.251343,6.125924,6.8151565,6.7636786,6.678629,6.6745176,6.2521977,5.9673305,6.3539248,6.352184,7.753639,6.401589,6.485675,6.506258,5.1336308,5.1431694,6.1183558,6.687245,5.7435346,5.6731763,6.834963,7.4728003,7.6104293,7.1127043,6.914226,7.6222496,8.053377,6.537891,6.8862734,6.6454916,6.0506225,5.611159,6.234003,6.303865,6.2928443,6.86102,8.493751,8.102393,6.4355416,6.6850076,7.0336494,6.578857,8.2040205,8.038122,7.6920238,6.937022,8.041093,8.408803,5.7933383,4.751006,6.2157335,7.114243,6.654583,6.245801,6.1790786,6.7870946,6.258778,6.179024,8.394537,6.034996,7.651857,6.860726,4.816491,4.5159416,5.386037,5.0269094
27,7.2229805,6.539041,4.2471657,4.960507,7.153798,6.1856747,7.6996264,6.8137155,5.101525,5.117544,6.3005757,5.0417595,5.8401656,5.5125566,6.1388416,4.6264424,5.973408,5.0235424,5.051374,5.6715612,4.6092715,5.2647862,6.652558,4.04719,3.7065113,1.4618843,3.1607568,0.0,3.8250978,6.2125716,5.42563,5.6187873,3.593002,4.5752707,4.694584,4.63307,3.60491,3.768011,3.8215225,3.6109939,5.868019,4.4013443,5.8020535,5.5862517,3.718492,3.9325953,4.3012443,4.34934,5.098438,3.2061284,2.2139237,5.879004,4.5043716,3.4423077,2.9559412,3.933632,3.4213676,3.308224,3.994893,3.5011153,4.561879,4.458187,3.6910996,5.12082,6.174628,6.1239386,6.1362934,5.744362,5.8301163,6.210126,5.998891,5.9942102,8.28788,7.0031166,5.7353463,5.7457824,5.904965,5.910184,6.7804203,7.392055,5.9281917,5.8749824,6.7089877,7.3780127,6.4077635,5.7145557,5.473643,6.4679027,7.030895,5.4407177,5.3800955,5.3098316,5.843709,5.802816,5.3033,5.7203555,7.334591,6.595646,8.150938,7.69686,6.3277483,6.5949783,6.4659853,6.3830442,7.2496343,7.4917426,6.81626,5.840609,6.9123087,7.1020555,5.246354,5.0676727,6.068447,6.9041038,6.1492825,6.2061663,5.2740073,6.090029,6.5690312,6.4190264,8.732206,6.4853168,7.886241,6.2562957,4.723689,5.1177506,4.276143,3.7127259
28,5.7376857,5.4866414,4.358852,5.3019624,6.1146617,6.4230866,7.668046,5.8044567,5.843238,5.660247,5.327076,5.802042,4.971821,6.1641583,5.322696,4.164771,5.753363,3.6494384,4.8377824,6.5157213,5.0188165,5.4401493,6.8176794,4.1688285,3.1553876,3.664616,2.8969297,3.8250978,0.0,4.760819,5.0040755,4.897702,4.5477514,5.223455,5.419056,5.4702883,4.4274187,4.6595936,4.5767484,4.453774,5.338273,3.9193668,6.0929103,5.7844086,4.7633743,4.615797,4.6838584,4.8711143,5.5120163,3.6609435,2.4471288,6.0715027,4.883944,4.0762033,3.649586,4.3082356,3.6502025,3.960181,5.1372743,4.895153,4.243077,4.6126914,5.3477273,6.2957306,7.104771,7.049917,6.0925026,6.5717545,6.5918636,6.6530595,6.784118,6.779912,7.5339546,6.23775,6.7000785,6.5997148,5.536426,5.542203,5.9472947,6.494881,4.615651,4.7349877,5.803562,6.599417,7.319943,6.807977,6.6818132,7.3138175,7.183611,5.8224077,5.7396936,6.1701117,5.325103,5.236767,5.4481964,6.3608456,6.342147,6.816322,8.574708,7.7877336,6.4641356,6.657725,7.2137365,6.6965885,7.9350095,7.5119905,7.0755916,6.5152054,7.545297,7.234566,5.8369417,4.2516494,6.3256383,7.3126884,5.962647,6.1241574,5.9088554,6.414804,5.9173346,5.7379823,7.887809,5.865711,7.831148,6.550249,4.053942,4.2638607,4.9752617,3.9625661
29,4.11007,3.868953,3.5000749,5.2866073,4.585531,5.6689296,6.5645576,3.3049376,4.398501,4.1388516,3.0470164,4.4801636,4.086278,6.211541,5.61699,3.7838566,4.2315736,5.3192143,4.348705,5.219816,3.990482,4.443207,6.1395745,4.7605042,5.030337,5.706937,5.52362,6.2125716,4.760819,0.0,4.524406,5.1927667,6.6515427,4.817132,4.8096933,4.990039,6.429419,6.559595,6.455007,6.5651245,5.8394804,3.974025,7.629492,6.0575366,4.2797117,5.086568,4.200548,5.323184,7.9515038,6.492424,5.437904,8.012227,4.3483276,6.509334,5.532234,6.157417,6.325204,6.63433,4.585565,4.3071294,3.8508961,4.355998,5.0035944,7.835514,6.313501,6.271697,5.3945017,5.956289,6.1818,6.2436256,6.191969,6.165888,6.6194053,4.9134426,6.0534787,5.9776964,5.6341596,5.6422496,5.144087,5.2628074,6.773179,6.992531,8.104528,8.887222,5.9361386,5.649271,5.6711087,6.5612946,6.672712,7.6700277,8.253388,9.032215,7.144018,7.4177966,7.456758,6.0168824,4.4889984,4.924507,8.113901,6.616529,4.7024817,4.6969147,6.5578394,6.12935,7.0765147,6.6824927,5.9993415,5.9355106,7.2023478,6.288076,5.6011567,3.2931404,5.582203,6.5390773,7.544628,5.273777,5.6060414,6.471248,5.288783,5.124118,9.142986,7.876349,7.181609,5.8717628,4.7645373,5.358832,4.339409,5.721788
30,6.4623156,5.9315767,5.0975237,6.2854323,6.2116117,6.6338696,7.425033,5.762388,5.0083065,4.729138,3.9043806,4.288138,4.7667203,5.72678,5.8640995,5.5692625,5.1207647,5.003467,4.327722,5.386723,4.407636,4.789528,4.1040854,4.7123156,4.9742675,4.611462,5.626331,5.42563,5.0040755,4.524406,0.0,4.553799,5.2682085,3.9275558,4.646168,4.5282464,5.1157537,5.2701545,4.9652276,5.3406177,3.9953406,4.263254,4.881068,5.330834,4.1825376,5.0993276,4.7940803,3.1358366,6.6985946,5.6862035,5.1035366,5.9566393,4.5732393,5.2190576,5.018069,5.482243,5.5470247,5.555042,5.392249,4.979113,4.38865,4.3496666,4.693228,5.567931,6.544884,6.506225,6.0031886,6.3829565,6.7979703,6.8190985,6.6079574,6.5714545,6.8615417,5.15155,6.107031,6.021635,5.7799926,5.7812185,5.3781157,5.5606537,6.30497,6.433609,7.24775,7.3385067,6.1667657,6.0132804,5.6899953,6.0416355,6.00087,6.2881327,6.861318,7.7832575,6.318362,6.435794,6.50731,6.036968,6.490699,5.9963284,8.914926,7.9685526,5.846391,5.870824,5.7399497,6.041443,6.762268,7.1651254,5.5509768,4.7929626,6.318419,6.4519544,5.757863,3.855449,6.1223865,7.1215105,6.977351,5.913029,5.8104386,6.68182,6.38913,5.8291564,10.051857,8.595628,7.2955523,6.0574036,4.807313,5.324794,4.703309,5.046708
31,4.472045,5.888722,4.984343,6.1573544,5.4660463,5.846042,6.0433555,5.774326,5.774002,5.434002,4.212296,5.7035747,4.8349867,4.3528237,3.6898122,5.2599025,5.643794,5.412367,4.7176266,6.179541,5.174355,5.5195312,3.8914807,5.434545,5.7016273,5.3670044,5.6950507,5.6187873,4.897702,5.1927667,4.553799,0.0,5.7231827,4.588158,4.999392,5.0365844,5.0145507,5.410352,5.067804,5.3180184,3.608849,4.3783193,4.5875683,3.0410738,4.6720567,4.8775616,4.817481,4.9777093,5.0265017,5.9789953,5.2872696,5.415182,4.8706822,5.705564,5.7355475,5.194722,4.845452,5.6109333,5.148708,4.9168835,4.583656,3.6684597,5.3507113,5.028137,4.77632,4.758977,3.5822291,4.383689,4.7667437,5.228203,5.0433445,5.0307174,5.5587487,3.3374128,4.3712673,4.1960235,2.9536228,2.9557364,3.468728,4.4365945,4.1422606,4.3232102,5.5008807,6.260581,7.1159425,6.845978,6.7784758,7.294757,4.5920477,5.0911593,5.280002,6.2446594,4.7821064,5.1101246,5.2360406,4.481075,6.3824506,6.480983,7.004742,5.9792323,6.178644,6.3651676,4.6297565,4.4766455,5.60777,5.6803308,4.958304,3.9216049,5.5930376,4.9079595,3.670312,3.224073,6.465187,7.5405817,5.843429,6.333139,4.181642,4.739685,5.348438,5.0674834,8.906856,8.273891,7.660371,4.4717355,5.1417146,5.3109584,5.6368957,5.7406697
