,0,1,2,3,4,5,6,7,8,9,10,11,12,13,14,15,16,17,18,19,20,21,22,23,24,25,26,27,28,29,30,31,32,33,34,35,36,37,38,39,40,41,42,43,44,45,46,47,48,49,50,51,52,53,54,55,56,57,58,59,60,61,62,63,64,65,66,67,68,69,70,71,72,73,74,75,76,77,78,79,80,81,82,83,84,85,86,87,88,89,90,91,92,93,94,95,96,97,98,99,100,101,102,103,104,105,106,107,108,109,110,111,112,113,114,115,116,117,118,119,120,121,122,123,124,125,126,127
0,0.0,1.7580782,7.700282,7.9390745,6.2174115,5.5966005,5.8522334,4.026507,6.525768,7.0846334,5.0591173,7.3930984,7.2529945,7.1486793,8.431813,6.928516,6.4057612,6.689356,6.6455064,7.0571795,7.4199123,5.4507337,6.7739677,6.688636,6.567796,6.8717694,6.543974,6.97449,5.9955196,6.4436884,8.767145,8.062267,5.6694117,4.8717637,7.486264,6.7925525,6.349825,6.9568105,5.3584943,6.5479894,5.302616,5.181479,6.287681,6.283869,5.627357,5.8268304,4.704208,4.66246,8.61947,9.350478,8.670153,8.625619,7.922006,6.0407953,8.349489,9.652626,5.9279575,5.9461308,5.197841,8.016329,4.4321976,5.600562,5.3688016,4.4426103,5.4837365,4.672175,5.0315337,5.3803205,5.8892756,5.833464,4.3856626,5.805506,4.4220066,5.0536118,5.2265806,7.0059185,3.5385609,5.5702906,5.738974,5.715061,7.27215,6.1718698,5.057424,4.2947693,5.6057377,5.4710913,3.3125436,2.7848985,4.489,5.2251596,5.2546463,6.0187016,4.7397075,4.805873,4.849305,6.097041,7.5989747,6.980526,7.0062695,7.046545,8.604482,8.173723,8.060827,8.670164,6.7940006,6.1743946,6.8828607,6.8828607,8.239193,6.995122,8.492179,8.477935,6.692057,6.4671755,5.9874554,6.53255,4.09277,4.4781265,4.823564,4.303769,5.720893,6.307419,6.1983795,5.631638,6.0108767,5.327105,7.2567587,6.2257514
1,1.7580782,0.0,7.2772346,7.502596,5.7398643,4.9536457,6.104911,4.386122,6.2289414,6.8413744,5.1933804,7.083015,6.989168,7.324989,8.279884,6.6714654,6.3226132,6.5638056,6.8076477,7.2047477,7.6090016,5.7060246,6.948586,6.8638606,6.5894437,6.762882,6.519434,7.186423,6.233576,6.6667876,8.641476,8.23433,5.382413,4.754131,7.4038334,6.598475,6.5826926,6.9902415,4.916569,6.7434783,4.995101,4.7810445,6.331494,6.0494633,5.388218,5.5753036,4.395547,4.359452,8.315109,9.107836,8.359486,8.280401,7.8550396,5.93244,8.330492,8.863526,6.1444526,6.165056,5.234586,8.031175,4.346768,5.1116304,5.039325,3.9319289,5.93424,5.1925697,5.5947695,5.860611,6.3057146,6.2446365,4.9922786,6.184871,4.9320726,5.4765563,5.621427,7.31259,4.1749024,6.010507,6.136377,6.1162777,7.513582,6.4430385,5.3466916,4.6732655,5.1659403,5.241237,3.7694197,3.5038328,4.865877,5.5020432,5.4348054,6.227142,4.966596,5.037362,5.319065,6.309602,7.7102356,7.099399,7.119362,7.1567307,8.723716,8.322985,8.1893,8.776405,6.964714,6.400509,7.0384946,7.0384946,8.41683,7.174611,8.695795,8.665905,6.8304524,6.618443,6.0002027,6.291088,4.278871,4.5184875,4.809207,4.548872,5.8538165,6.425309,6.412339,5.908514,6.1483855,5.5035934,7.5215297,6.509516
2,7.700282,7.2772346,0.0,2.1324255,7.383611,7.746805,7.6773515,7.2722754,8.930495,9.310179,9.547715,10.226145,5.432978,8.134242,10.032525,8.784249,8.115543,8.002695,8.744083,8.328353,8.578806,9.1682625,9.29859,9.188354,8.036625,7.933237,8.608107,8.689751,7.997587,8.299382,9.468636,9.941471,8.041901,7.963644,8.51414,5.7727695,7.8851585,8.973872,7.2770505,7.277385,6.61671,6.2489753,9.034201,8.630132,7.233157,6.6852603,7.71148,7.740708,9.559438,10.637226,10.717129,10.155592,9.905436,8.4039345,8.248372,7.9007177,8.680362,8.681516,8.196352,9.893269,7.4757557,6.553199,7.4143972,7.630858,6.818087,7.5954413,8.513481,7.4553285,8.631923,8.420567,9.451487,7.3859596,8.0191765,8.257304,8.25223,7.873437,8.471863,8.804417,9.70635,9.795406,11.880996,10.622116,7.498142,9.183297,8.558274,7.0868254,7.4786963,8.038525,9.9035015,10.240359,9.815551,10.717204,8.634786,9.714523,8.32115,7.6760845,9.275333,7.666539,7.4101543,7.4151583,8.761093,9.474316,8.070963,8.830278,9.049748,8.86725,8.982189,8.982189,11.177432,9.479211,10.028742,9.960546,8.146279,8.425438,6.805003,6.480423,8.326144,7.767077,6.1629977,7.2510552,6.119423,7.7057614,6.6824193,6.9867544,6.636869,7.166164,8.946007,7.4735374
3,7.9390745,7.502596,2.1324255,0.0,7.9784384,7.7552032,7.744471,7.322908,9.058363,9.445961,9.961837,10.522332,5.92467,8.548695,10.2453785,9.057124,8.064439,7.966434,9.153224,8.50492,8.497901,9.236094,9.384339,9.293602,8.386156,8.245722,8.915777,9.02617,8.093148,8.400914,9.471266,9.943013,8.234537,8.164301,8.866945,5.8981695,8.519353,9.302388,7.5070357,7.9354196,6.9768286,6.8389244,9.557922,8.956539,7.1335287,6.605886,7.8862605,8.025463,9.861424,10.908447,10.997098,10.475181,10.246204,8.786129,8.420252,8.018553,9.11493,9.119624,8.604959,10.26102,7.9005017,7.0660133,7.8721547,7.994472,7.198929,7.9533825,8.898252,7.638929,9.156424,8.958058,9.850534,7.5913477,8.557266,8.365995,8.668092,8.491047,9.060628,9.216437,10.436296,10.508853,12.471998,11.152859,8.159103,9.848009,9.390663,7.2640367,7.4453254,8.490346,10.330246,10.732283,10.210714,11.267404,9.1322775,10.369103,8.5791645,8.074072,9.60556,7.9394765,7.7593207,7.7911158,9.026911,9.634074,8.30109,9.068116,9.417176,9.125906,9.374724,9.374724,11.441626,9.677533,10.310174,10.166899,8.550793,8.730329,7.2308917,6.9201627,8.865042,8.323245,6.5116787,7.6807714,6.5609784,8.040377,6.688925,7.2621655,6.9849014,7.62079,8.8621645,7.6190314
4,6.2174115,5.7398643,7.383611,7.9784384,0.0,4.4159784,5.0258145,5.4945426,6.974778,6.7249913,6.044368,6.584277,6.7231545,5.2977247,7.2248464,3.4372663,6.350506,5.8965,5.6105003,6.0600643,7.352883,7.3048334,7.1763916,6.9934263,5.3776674,5.5166345,5.596323,5.8261,6.0290003,6.258918,5.804284,6.442592,4.8536286,5.0689664,5.6578965,6.5268536,6.3951664,5.534544,6.207123,6.2449627,5.632058,5.7306576,5.7153215,5.4181247,5.8935013,5.884502,5.222207,4.827747,6.7235923,7.315647,6.746989,6.6895065,6.2764044,6.1009574,7.5033627,7.4980626,7.394896,7.411963,5.588723,7.669928,5.828235,5.814912,6.36236,5.6063037,5.7761793,7.252604,6.019535,5.5212426,5.12672,5.0422945,6.371342,6.7108307,6.0252094,6.942875,6.379371,5.886794,5.7097383,6.6663427,6.5120454,6.4780364,7.0178204,6.1254325,6.0794754,5.5025115,5.8822327,5.408774,6.6565666,6.1664815,6.7850757,5.8366747,6.7549887,6.8554277,6.6950593,5.8419228,6.031387,6.7281218,4.694653,5.343959,6.0976644,6.038539,6.4014163,5.8464,7.1131334,6.2143183,5.3654237,5.5234094,5.6274285,5.6274285,6.5283437,6.5047855,6.4042735,6.4405594,4.983962,4.8022594,4.398477,4.29402,5.7887383,5.016403,5.1153674,5.410622,6.315248,5.753397,6.102833,5.598347,6.2389946,5.8449326,6.8368278,6.5451803
5,5.5966005,4.9536457,7.746805,7.7552032,4.4159784,0.0,5.8069143,4.1905212,4.6253743,4.351987,5.2177444,6.093099,7.8806834,6.836944,8.184964,5.4323373,6.5828032,6.828575,7.0796876,6.5264845,8.004744,6.567518,7.3117375,7.1804113,6.8941193,6.970047,6.453627,7.3287344,6.078029,6.3001766,6.6899123,6.3959723,6.289878,6.5000463,6.834871,6.8571477,7.888619,7.0016603,6.004815,7.7856965,6.1948037,6.2861767,6.539016,5.923813,5.614689,5.5435667,5.9431987,5.694189,7.553701,8.028852,7.4235754,7.3681064,7.1868463,6.887251,6.89881,7.122339,7.3208623,7.326675,5.738053,7.769404,5.815888,6.102377,6.3161454,5.535653,6.5807905,6.466324,7.594316,6.1314483,5.8182335,5.6929693,6.1757054,5.7978053,5.8695145,5.3241653,5.449802,5.9770646,5.754155,5.8416004,7.471174,7.440254,7.980649,5.94545,6.293809,6.552174,7.5766907,5.6397395,5.167398,6.052978,6.8726482,5.998192,5.8719196,6.996041,7.0854144,6.796997,4.8342595,5.7356024,5.683554,6.2889404,6.2597513,6.2577815,6.4890995,5.966096,7.1716294,6.3702173,6.2685113,5.605255,6.3066726,6.3066726,8.115231,7.4741783,6.989374,7.0571094,5.4287205,5.343029,4.494279,4.4802165,6.617786,6.674721,5.9567065,6.144833,6.3133883,6.204521,6.3663516,6.5281096,6.5727654,7.047645,6.26807,6.239892
6,5.8522334,6.104911,7.6773515,7.744471,5.0258145,5.8069143,0.0,3.936189,6.989431,7.505105,6.6060977,7.3160367,7.78125,5.5324645,8.051235,5.8330164,6.0002203,5.73652,6.322182,5.782869,6.01208,7.203123,6.043717,5.8826284,6.8378634,7.2404065,7.1446676,6.926866,6.192699,6.5866055,7.188165,7.4115577,5.862004,5.0558524,5.952985,4.784729,4.4997497,3.1326122,5.524445,4.7495413,4.999345,5.360973,4.145212,4.9553056,4.6785893,5.1542997,5.3236814,5.2281256,8.478407,8.617327,7.9308133,8.191588,7.3686185,5.7611647,7.4954834,8.5279875,6.2606463,6.2732925,6.2083426,7.185483,6.3822646,5.3314085,5.4724517,6.062174,4.326968,6.188921,5.0029397,3.8938913,4.591008,4.3220906,5.724668,5.903414,6.4923153,6.4507504,4.6846514,5.8703237,5.5748467,5.1451154,6.8256884,6.827055,8.858948,7.1055374,6.0440397,6.8317394,7.6446433,4.5108795,5.7924604,6.0590596,6.879459,6.193125,5.7475467,6.8701577,6.9715652,7.128946,5.156654,5.2816477,5.7611823,3.4760337,3.7292726,3.7543752,5.841829,6.068369,6.0589027,5.6507263,4.089827,4.1085963,4.3661184,4.3661184,7.6688137,5.4995084,6.662216,6.62643,5.3854485,5.419793,4.5468054,5.0687323,6.4262366,5.8561497,4.7773004,5.351124,5.011476,6.0398703,4.8562946,5.092418,5.363731,5.827153,6.7870507,6.284949
7,4.026507,4.386122,7.2722754,7.322908,5.4945426,4.1905212,3.936189,0.0,5.508213,6.0834274,4.7605004,6.9252434,7.568705,6.250242,8.84843,6.3763566,5.611333,6.1070843,6.4049153,6.0401587,6.3890133,5.8193116,5.9870605,5.8725576,7.2160974,7.5993557,6.896273,7.255982,5.6734147,6.0850363,7.3497634,6.6497355,6.8256907,6.1563196,6.450945,6.1000004,6.2953844,5.301725,5.2279463,6.139345,5.186205,5.664167,5.152715,5.450293,5.5988693,5.5349445,5.530203,5.3792405,8.339667,9.051604,8.911223,8.866276,8.193832,6.852417,7.4287663,8.922599,5.964171,5.9757404,5.4477754,7.651589,5.7198334,5.1979976,5.320202,5.4440055,5.217614,4.7474065,5.6677604,4.850724,5.3214946,5.1823554,4.715926,4.0974245,5.0013056,4.997495,2.9901478,5.5938935,3.6948714,4.279374,5.6365047,5.6388426,8.19689,6.503294,4.418825,5.2399554,7.245984,5.523108,4.1020746,4.334493,6.258127,5.4253416,5.1288657,6.3758216,5.289254,5.4090915,2.9132328,3.3120303,6.000558,4.070588,4.5316515,4.564909,6.11137,6.2548428,6.476332,6.0746164,4.927324,3.996357,5.1163416,5.1163416,7.8200655,5.9589286,7.2869053,7.2877007,5.3939614,5.3233194,4.1346297,4.800063,5.972267,6.197408,5.2915516,5.014626,4.9379706,6.383394,5.2530837,5.389699,5.8338614,5.935348,6.2776465,5.8925886
8,6.525768,6.2289414,8.930495,9.058363,6.974778,4.6253743,6.989431,5.508213,0.0,2.2388976,4.0595775,6.388317,9.132027,8.171739,8.595641,7.6860437,6.5822043,6.9861393,6.8425894,5.9537635,7.690139,5.784744,6.673883,6.5104065,8.431699,8.578884,7.9135942,8.617468,7.8236084,8.112334,8.923339,8.414363,8.764152,7.6618915,7.9905486,7.2324257,8.892327,8.305313,7.901273,9.316744,7.271754,7.4885044,7.495545,7.3451104,5.5033135,5.4736314,6.480682,6.1321297,8.401778,9.024659,9.4305935,8.582221,8.325447,7.286175,7.4936423,8.420332,7.0920906,7.110259,5.9477415,8.367254,6.4465184,7.607917,7.0513597,6.449661,7.415334,6.114009,8.335575,7.345775,6.1470227,6.089894,6.5554476,7.8183603,6.6543837,5.5767937,5.9359207,7.190794,6.023341,6.5793023,8.173861,8.150182,9.144525,7.092441,7.41705,7.910198,8.421468,6.511876,5.1905184,6.167239,8.271078,7.740349,6.8699813,8.080383,8.555134,8.225306,6.720372,7.6068187,7.901852,7.868301,6.0500917,6.0989084,7.905262,7.225426,8.728554,8.301141,5.6046324,5.1220555,5.276554,5.276554,8.38235,6.4803767,7.6951528,7.9252024,5.294932,5.259335,5.9930315,6.1062284,6.550956,7.8331404,6.1624136,6.1898665,7.8685827,7.978173,7.8147464,7.9643993,6.3532853,7.442974,5.608678,6.5774016
9,7.0846334,6.8413744,9.310179,9.445961,6.7249913,4.351987,7.505105,6.0834274,2.2388976,0.0,4.6884828,6.914739,9.232978,8.060694,8.486514,7.338814,6.705549,7.124176,6.92721,6.099845,7.918777,5.911994,7.2713227,7.1072993,7.674222,7.7667093,7.132045,7.8874116,7.025448,7.178175,7.9065814,7.279558,8.683843,7.974776,7.912423,7.6781306,9.189011,8.749942,8.276157,9.605904,7.549946,7.7282157,7.837921,7.394085,6.0051146,5.9153976,6.8596435,6.5045075,7.5673785,8.291818,8.745024,7.8196054,7.569116,7.67076,6.5110393,7.7328405,7.292463,7.303483,6.0830436,8.503006,6.595651,8.069077,7.530093,6.972754,7.3244314,6.5223246,8.692458,7.5647974,5.9885955,5.9437475,6.804433,7.877992,6.705864,5.6393266,6.572473,6.7091255,6.656773,7.1913652,8.433676,8.4139185,8.312604,6.398574,7.609255,8.145921,8.808147,6.916162,5.602942,6.67952,8.508514,7.960466,7.5030236,8.192542,8.69702,8.57654,7.187924,8.013574,7.304676,8.32005,6.7940984,6.8225884,7.3133554,6.6017165,8.374904,7.73673,6.3431015,5.921811,6.0860906,6.0860906,7.8893075,7.159421,7.183661,7.4522686,5.318365,5.2960806,5.9867077,6.2214007,6.8247623,8.042565,6.5666957,6.5923395,8.15988,7.8521366,7.573182,7.741211,6.5777807,7.6289864,4.9919114,6.2062254
10,5.0591173,5.1933804,9.547715,9.961837,6.044368,5.2177444,6.6060977,4.7605004,4.0595775,4.6884828,0.0,5.715233,8.600396,7.2737885,8.162249,6.544958,6.4453135,6.757717,5.8537908,6.348496,7.2647038,5.078809,5.8537707,5.6507792,7.924545,8.251926,7.2376747,7.812581,7.286322,7.5901947,8.441886,7.6606975,7.9458065,6.7754707,7.592087,7.917507,8.251081,7.2904015,7.4623127,8.51653,6.8599815,7.2105927,6.383069,6.881554,6.565723,6.520246,5.7467856,5.2533903,8.027693,8.771707,8.957526,8.295404,7.679304,6.711121,8.31626,9.777515,6.4841084,6.520859,4.85827,8.023391,5.5697036,6.840692,6.420143,5.291843,7.323534,6.1716037,6.8490167,7.29753,5.8534546,5.905777,5.4304957,7.74567,5.938601,6.002027,5.6120305,7.083627,3.9489882,6.153723,5.8367124,5.777368,7.3126345,6.3124456,6.3387556,5.062876,6.64624,7.1658425,5.3198814,4.621226,6.814295,5.875331,6.242373,6.996919,6.650181,5.308305,5.804958,7.159805,7.0647736,7.21956,6.48571,6.5309153,8.0791855,7.1922784,8.848513,8.367342,4.900417,4.4755254,4.859135,4.859135,6.9285965,5.8661304,7.483724,7.7166266,5.672511,5.2614822,6.226839,6.3827486,5.420395,6.7618885,6.2134953,5.2869325,7.8336706,7.72858,7.7322664,7.1178403,7.0016694,6.77919,6.071366,6.8712487
11,7.3930984,7.083015,10.226145,10.522332,6.584277,6.093099,7.3160367,6.9252434,6.388317,6.914739,5.715233,0.0,9.692961,8.871777,5.769358,7.5286784,7.615517,7.532776,7.592958,7.7099924,8.411915,7.3966146,5.0126977,4.879379,8.898511,9.127962,8.189642,8.979681,8.409861,8.66618,9.012324,8.912875,8.0685835,7.852289,7.2379966,8.086631,8.789638,7.9458666,7.9939866,8.990917,8.132279,8.36288,8.371907,8.5959425,7.5031576,7.526088,7.272244,6.8337584,9.266262,7.7491317,7.448991,6.8814363,7.242841,6.055142,9.558532,9.507297,8.622152,8.649647,6.8740506,5.6506424,6.726101,7.3901296,7.104052,6.064158,8.97682,8.494953,8.453961,8.534252,7.825605,7.4810324,8.051162,9.686958,7.946936,7.9098973,7.562348,8.5960455,6.750002,5.541356,8.227525,8.166101,9.502847,8.155914,8.355253,7.5902314,7.846166,7.946216,7.330855,7.1577744,8.794652,8.142278,8.125369,8.918445,8.985069,7.9648485,7.7929964,8.832279,8.2944975,8.431118,7.7705283,7.7872605,9.209029,8.417999,9.819144,9.425493,6.808781,6.7188244,6.8237023,6.8237023,8.658237,7.7222066,6.414663,6.4563017,7.1789727,7.064739,7.730006,7.573753,7.3229465,7.9920907,7.5421896,7.247978,8.948663,8.708455,9.021112,8.611484,8.238324,8.192332,7.784123,8.260957
12,7.2529945,6.989168,5.432978,5.92467,6.7231545,7.8806834,7.78125,7.568705,9.132027,9.232978,8.600396,9.692961,0.0,5.648496,8.127556,6.3921914,7.816664,7.523674,7.2176104,7.7698965,7.0033617,7.6048574,8.720722,8.574473,7.528777,7.3128357,7.655225,7.615683,7.6888585,7.9946146,8.554618,9.067281,6.4296055,6.231142,7.2254653,6.7475033,7.7118206,8.902482,7.186865,6.7585278,5.690169,5.8792725,8.637111,7.999043,7.037318,6.0844975,6.0719666,6.0395064,7.4587793,8.853455,8.876737,8.24162,7.8078833,6.5938807,7.531703,8.052774,7.0459886,7.0518,5.58014,8.4371,5.4284606,5.991811,7.0547004,6.504909,7.315292,8.5991125,7.5101476,7.74708,8.442379,8.355287,9.169242,8.18666,7.8462987,8.143261,9.446494,9.041046,8.4731,9.600687,8.817917,8.885372,11.075995,10.335237,7.983256,7.6581798,7.215571,7.050149,7.088904,7.3829145,8.868428,9.37315,10.333961,9.711066,7.5736933,8.743868,8.435601,8.741028,9.259322,8.42623,8.560998,8.603491,9.695965,9.871664,9.135849,9.723833,8.772379,8.735265,8.897644,8.897644,10.19308,9.128454,10.162742,10.1919775,7.651066,7.503025,6.828751,6.884056,6.5606728,5.783056,5.6424007,5.978115,6.0948973,6.4531975,5.9393334,5.336579,5.9215336,5.6067085,8.199464,7.037797
13,7.1486793,7.324989,8.134242,8.548695,5.2977247,6.836944,5.5324645,6.250242,8.171739,8.060694,7.2737885,8.871777,5.648496,0.0,8.494451,4.513564,6.359687,6.0572968,5.4816556,6.168737,5.8896337,6.698832,8.11353,7.880205,7.652432,7.52763,7.799942,7.533633,6.705999,7.09713,6.3653064,6.6313252,6.277042,5.5887227,4.824368,6.6135874,6.076946,6.072522,6.7620153,5.8065367,5.439079,5.5784435,5.59084,4.6819086,6.689122,6.4576826,5.699187,5.453875,7.9806275,8.752569,8.208491,8.178276,7.4077516,6.093098,7.784848,9.186996,5.8917823,5.880629,4.774108,7.118154,5.8082137,6.65674,7.041205,7.1423745,6.0727015,7.714457,6.1849236,5.660769,6.232993,6.1989756,6.657695,6.3544593,6.32675,6.6918006,7.752647,7.0564303,7.458435,8.239846,6.767723,6.7922163,8.924091,7.886594,6.421134,6.2227373,7.713563,6.5611134,7.0529895,7.2550125,7.1511393,6.369257,8.5723915,7.2132874,6.367153,7.371346,7.1055655,7.296624,7.8703365,6.48052,7.401009,7.4204235,8.43704,8.591242,9.137954,8.253641,6.853661,6.962167,7.170948,7.170948,9.310178,8.124002,9.326976,9.442203,5.16795,4.948135,4.075875,4.655138,6.518993,5.7595015,5.854162,5.8930917,6.007108,6.432924,5.7735,5.1231422,5.8866425,5.5759473,6.8528347,6.917607
14,8.431813,8.279884,10.032525,10.2453785,7.2248464,8.184964,8.051235,8.84843,8.595641,8.486514,8.162249,5.769358,8.127556,8.494451,0.0,6.91298,7.942152,7.326597,6.5719805,6.8431115,7.1833286,7.0319934,6.090735,6.0414996,7.147422,7.0158005,6.822009,7.1316237,8.072938,8.211462,8.457898,8.948218,6.9342194,6.743852,7.593154,7.3600693,8.342699,9.249668,9.003314,8.751744,8.09613,8.334188,9.685324,9.407318,6.7005124,6.7584615,6.6784425,6.5048904,7.307036,5.590702,5.624123,4.1801105,4.661436,4.4298787,7.9619894,7.9506536,8.107487,8.13932,6.4750195,5.5234528,5.710532,7.5136147,7.1372766,5.984345,8.2552805,9.69117,7.3748183,8.339614,7.7965245,7.484227,9.016449,10.915186,9.192787,9.3578825,10.125056,9.779799,8.944598,8.505893,10.164361,10.122248,10.254727,9.580933,10.182144,8.903823,8.395516,7.365737,7.551384,7.6977587,9.477669,9.989139,10.446643,10.447752,10.032635,9.778475,9.733735,11.006548,8.812761,9.78499,8.904138,8.922396,9.687645,8.821059,9.529625,10.066944,8.169306,8.385425,8.2754345,8.2754345,8.406762,8.419896,6.641903,6.5836577,7.8099036,7.7430506,8.865223,8.76558,6.4279866,6.963955,6.363807,6.7999153,9.017997,7.834616,7.941718,7.396727,7.0694795,6.9782557,7.2160864,7.1142707
15,6.928516,6.6714654,8.784249,9.057124,3.4372663,5.4323373,5.8330164,6.3763566,7.6860437,7.338814,6.544958,7.5286784,6.3921914,4.513564,6.91298,0.0,6.9828863,6.3977065,5.198241,5.7321296,6.939599,6.6524005,7.734888,7.6295967,6.16378,6.0985312,6.165176,6.1945868,6.6800046,6.9014626,5.7012677,6.3621697,4.5917234,4.607405,6.2036223,7.230104,7.2896934,6.654215,7.3221283,7.0434675,6.3840847,6.6305833,6.4972324,5.9242005,5.977248,5.818165,5.24476,4.805145,6.530952,7.624681,6.6256127,6.6097145,5.9672074,5.9446735,7.3575754,7.9404187,7.0576205,7.083472,4.517019,7.801198,5.294874,6.2954736,6.8787904,5.600704,6.9358296,8.779011,6.0923457,5.995929,5.410315,5.533235,6.8859305,7.635931,6.884658,7.1888576,7.9468923,7.2513285,7.028753,8.317174,7.6997695,7.6250796,8.000559,7.117446,7.7433586,5.925347,6.799866,5.8288527,6.7759013,6.830402,7.1837115,6.4410353,7.776351,7.3241544,7.33614,6.574028,6.5436754,8.056003,5.553186,6.664467,7.342686,7.331499,7.5101643,6.5289183,8.174482,7.354752,6.2391663,6.40252,6.629168,6.629168,7.395925,7.5890875,7.702668,7.7825346,5.1358533,4.893348,5.350644,5.1166415,5.850805,5.0312862,5.515662,5.8189754,6.805629,5.1970725,6.237066,5.5637517,6.3802476,5.9958196,6.4215555,6.5323896
16,6.4057612,6.3226132,8.115543,8.064439,6.350506,6.5828032,6.0002203,5.611333,6.5822043,6.705549,6.4453135,7.615517,7.816664,6.359687,7.942152,6.9828863,0.0,1.5194802,4.600045,5.084263,3.7940328,4.525513,4.9958344,4.9041247,7.0917664,7.120444,7.26943,7.4744935,4.9662013,5.480739,5.696089,5.7074785,7.922623,6.585791,4.292493,5.9257126,6.6771894,6.1016345,6.9129696,7.4729156,5.6446733,5.877469,6.43885,5.4306855,6.1719937,6.291763,5.68245,5.377939,8.315775,8.990664,9.393729,8.5113535,8.401544,6.9117584,8.113164,8.791787,5.9352527,5.968958,5.722639,7.190363,6.099623,6.66871,5.98772,6.654719,6.1862173,6.3542805,6.010512,6.342201,6.5343833,6.3965406,5.8844037,7.010859,5.9147663,6.308631,6.56447,7.090973,6.3971267,7.2926593,6.479109,6.4852586,8.065165,7.7041426,5.4218206,6.518353,7.489029,6.943853,5.917119,6.2469473,8.540889,8.137072,8.850241,8.021372,5.568114,7.110409,7.950481,7.55242,8.45478,6.541341,6.726045,6.787604,8.047132,8.320916,9.0335,8.527358,6.569651,6.6403117,6.8308964,6.8308964,7.9253054,6.4409513,8.358027,8.25169,5.401733,5.519144,5.3654923,5.931087,5.912785,6.8048043,5.7643375,5.9109087,7.5643153,8.759439,6.5360813,6.340332,6.169587,5.5711613,5.4637785,6.655247
17,6.689356,6.5638056,8.002695,7.966434,5.8965,6.828575,5.73652,6.1070843,6.9861393,7.124176,6.757717,7.532776,7.523674,6.0572968,7.326597,6.3977065,1.5194802,0.0,4.0807624,4.6740503,3.8243887,4.940645,5.0738716,4.970701,6.804085,6.7855988,7.246316,7.273929,5.293342,5.7879863,5.511834,5.97637,7.4050345,6.0139813,4.1989646,5.6484456,6.536238,5.9436417,7.2487683,7.3868446,5.8462377,5.9511266,6.511244,5.611963,5.8528576,6.090029,5.512976,5.1703887,8.306055,8.899822,9.096759,8.198086,8.05894,6.4267755,8.254115,8.646628,6.348255,6.387935,5.7444625,7.2129154,6.033392,6.686924,6.0949574,6.468574,6.134758,7.0031548,5.673659,6.0986934,6.270737,6.1471734,6.2566752,7.5624757,6.3171515,6.738417,7.124762,7.2868423,6.7433367,7.6690073,7.0120287,7.0002885,8.296875,7.971487,6.1263986,6.7110605,7.3703775,6.6748233,6.2977886,6.5619087,8.6713705,8.292426,9.046644,8.372986,6.19172,7.2974253,8.248547,8.1348505,8.2211895,6.51932,6.674154,6.73075,8.107378,8.142175,9.066656,8.558144,6.371954,6.682087,6.6561623,6.6561623,7.7254944,6.319399,8.107929,7.9869285,5.2236533,5.3460245,5.522138,5.8684063,5.7937794,6.4243746,5.390145,5.8893538,7.734427,8.510374,6.633194,6.3392706,6.0863748,5.4865823,5.563852,6.7608995
18,6.6455064,6.8076477,8.744083,9.153224,5.6105003,7.0796876,6.322182,6.4049153,6.8425894,6.92721,5.8537908,7.592958,7.2176104,5.4816556,6.5719805,5.198241,4.600045,4.0807624,0.0,2.7040918,4.5591283,4.066795,6.151438,6.0540805,6.6195135,6.474763,6.719867,6.6109343,6.766009,7.1470957,6.525691,6.6132174,7.2027864,5.5159693,5.7228603,6.6874657,7.032426,7.1935205,8.309991,7.765347,6.756231,7.0076957,7.1325006,6.4457994,5.7549996,5.932131,5.1949005,4.801252,7.334652,8.272534,8.880773,7.86838,7.393948,5.8866353,8.09452,9.238109,6.1696916,6.209985,4.3869777,7.448985,5.1320734,7.167503,6.6106725,5.934525,6.151442,7.2724757,4.31975,5.501257,5.1356487,5.226512,5.347871,7.66566,6.1422706,7.1831713,7.5762715,7.601927,6.3522773,8.054609,7.1451745,7.072888,8.009232,7.7134814,7.066614,5.70259,7.155531,6.2425036,5.9421043,5.4605684,7.643063,7.342272,8.713436,8.104232,6.8893023,6.4463835,7.5018587,8.602701,7.5829945,6.912236,6.791884,6.7814913,8.359938,7.588123,9.259175,8.77725,5.641733,5.875378,5.9834456,5.9834456,7.0679593,6.042214,7.9247956,7.9507885,4.1194606,4.0726833,5.6150665,5.7550993,4.3518434,5.423651,4.544907,4.854023,7.749862,7.4348607,6.9726324,6.309493,5.5598187,4.8372235,5.010551,6.062692
19,7.0571795,7.2047477,8.328353,8.50492,6.0600643,6.5264845,5.782869,6.0401587,5.9537635,6.099845,6.348496,7.7099924,7.7698965,6.168737,6.8431115,5.7321296,5.084263,4.6740503,2.7040918,0.0,5.057388,4.6533475,6.3996024,6.3460784,6.8936734,6.786808,7.0986447,7.0126886,6.957758,7.3032455,6.759817,6.8657365,7.577536,6.06323,6.283302,6.099487,7.3458066,7.4272594,8.61254,8.101971,7.1993513,7.3795323,7.4546614,6.8805933,4.7390375,5.0650716,5.8863297,5.5796037,7.7716994,8.588653,9.125156,8.168924,7.70308,6.237103,7.314808,8.4498825,6.6241984,6.654798,5.150023,7.7632527,5.703565,7.3195143,6.708922,6.2284465,5.8080645,7.1865854,5.112431,4.788129,4.381903,4.4162307,5.7018447,7.2292376,6.5530777,6.790473,7.0580144,7.253443,6.7832193,7.643401,8.460413,8.400332,9.160141,7.9405437,7.683906,7.2364373,8.495639,5.429077,5.47692,5.965189,8.301361,7.9889836,8.372307,8.620083,8.078985,7.7350135,6.9790044,8.150332,7.0737376,6.4518213,5.563311,5.5470796,7.3127804,6.4709167,8.304812,7.790022,5.2272468,5.313579,5.435172,5.435172,7.5576115,5.9320188,7.252067,7.287759,3.4572306,3.866758,5.2635355,5.422364,5.224908,6.158904,4.2698402,5.4060893,7.415834,7.0745625,6.6874967,6.679691,4.996681,5.589428,4.487648,5.5784955
20,7.4199123,7.6090016,8.578806,8.497901,7.352883,8.004744,6.01208,6.3890133,7.690139,7.918777,7.2647038,8.411915,7.0033617,5.8896337,7.1833286,6.939599,3.7940328,3.8243887,4.5591283,5.057388,0.0,4.6389103,4.9486394,4.8794737,7.405676,7.3888626,7.1928453,7.048975,6.213392,6.624935,6.76292,6.9337,7.975631,6.3843246,5.4318156,5.477124,6.311646,6.580409,7.20891,6.77713,5.393696,6.3391876,6.979905,6.291238,6.003391,5.7812886,5.2857018,5.1923146,7.2359834,7.986675,8.940873,7.9647617,7.598054,6.258323,7.2892947,8.772327,4.8290095,4.86946,5.1120796,6.5886126,5.819393,6.4569945,6.0709276,6.8472795,6.346619,7.275999,5.626153,6.698497,7.0501814,6.9225135,6.90836,8.071034,7.3663855,7.5833044,7.8312826,8.073921,7.535696,8.233034,7.406014,7.422827,9.610504,9.1818,7.102808,7.452352,8.0593405,6.9115076,6.2382474,6.6078634,8.978599,9.005145,9.7675495,8.833142,6.970578,8.424709,8.471606,8.449976,8.980999,7.078784,6.945993,7.0181603,8.451533,8.80042,8.905356,8.9044485,6.5581584,6.6873107,6.884385,6.884385,8.259854,6.592363,8.735577,8.661447,6.063141,6.020479,6.3963094,6.7680964,6.148503,6.9318795,5.487281,5.405651,7.04603,8.157543,5.5069246,5.2464643,5.31055,4.785614,5.1767945,5.9243417
21,5.4507337,5.7060246,9.1682625,9.236094,7.3048334,6.567518,7.203123,5.8193116,5.784744,5.911994,5.078809,7.3966146,7.6048574,6.698832,7.0319934,6.6524005,4.525513,4.940645,4.066795,4.6533475,4.6389103,0.0,5.664552,5.6522427,7.23306,7.1043963,6.778785,7.2097554,6.0393767,6.4414253,7.302835,6.5571656,7.617235,6.085671,6.6089787,6.75723,7.5753183,8.140003,7.56656,8.275871,6.370062,6.5940657,7.4442334,6.572075,5.7438602,5.776158,5.0720663,4.7993855,7.5408616,8.472042,8.790294,7.7613187,7.413096,5.9275765,7.387871,9.066224,4.6894817,4.732755,3.5927787,6.8869576,3.8944454,6.724185,5.804187,5.2401485,6.7597675,6.4495206,5.5792594,6.5322647,6.132807,6.153445,4.9997807,7.540503,5.731869,5.780295,7.3203444,7.7928495,6.1834598,7.72127,7.1337166,7.082494,8.04903,7.4327135,6.8370585,5.863828,7.4068985,6.7092886,4.1292844,4.737529,7.2639456,7.504484,8.380409,7.803754,6.177656,6.8318815,7.3090086,8.372463,8.765363,8.281509,7.767951,7.83098,9.068946,8.574996,9.519343,9.571671,7.1027107,6.777475,7.280578,7.280578,8.399579,7.392043,8.83932,8.878467,5.54033,5.507938,6.37463,6.622597,4.402809,6.214882,5.284068,4.9657636,7.5165153,7.674184,6.720966,6.1764493,5.7067504,5.1985054,4.425947,5.45259
22,6.7739677,6.948586,9.29859,9.384339,7.1763916,7.3117375,6.043717,5.9870605,6.673883,7.2713227,5.8537707,5.0126977,8.720722,8.11353,6.090735,7.734888,4.9958344,5.0738716,6.151438,6.3996024,4.9486394,5.664552,0.0,0.51350623,7.6755958,8.1076565,7.198335,7.494772,6.587297,6.9399986,8.065584,7.9516115,8.119559,7.0202994,6.1751294,6.3066607,7.0802984,6.517311,7.2457595,7.4623275,6.4618444,7.1850696,7.353443,7.6986074,6.4738927,6.3040166,6.0775824,5.65977,8.335428,7.9082375,8.43693,7.476357,7.3638434,6.1221275,8.306964,9.323501,6.492375,6.5437155,5.9673896,5.7871017,6.1658974,6.4451637,5.970182,6.109133,7.496987,7.208075,6.788024,7.6256676,7.088435,6.788537,7.2696104,9.068291,7.211118,7.181949,6.6219826,7.7253833,5.953297,5.7740026,6.9863386,6.964263,9.121009,8.330626,7.0467525,7.225801,7.2185416,7.370094,6.170873,6.101629,9.159681,8.966359,8.530236,8.611767,7.603772,7.8235416,7.9120235,8.296714,8.334969,7.3225455,6.4976883,6.573915,8.217394,8.103595,8.665834,8.7562065,5.789032,5.964113,5.938343,5.938343,7.432227,5.9081798,6.5843244,6.4984555,6.525432,6.5475793,7.29251,7.4866776,6.3181996,7.369897,6.2971735,5.823065,7.7982197,8.488145,7.034948,6.7037535,6.5067854,6.1914587,5.9624076,6.654754
23,6.688636,6.8638606,9.188354,9.293602,6.9934263,7.1804113,5.8826284,5.8725576,6.5104065,7.1072993,5.6507792,4.879379,8.574473,7.880205,6.0414996,7.6295967,4.9041247,4.970701,6.0540805,6.3460784,4.8794737,5.6522427,0.51350623,0.0,7.6482882,8.069744,7.179248,7.4659953,6.535805,6.89112,7.9679203,7.854093,8.064462,6.951974,6.0044937,6.2201204,6.982406,6.3583217,7.141807,7.3688655,6.3239393,7.0455303,7.1658244,7.541043,6.413171,6.260164,5.968157,5.5626006,8.251324,7.763529,8.32666,7.3589835,7.2193565,5.9432154,8.238204,9.257071,6.4292884,6.4780912,5.897065,5.6700935,6.1123295,6.391647,5.9064355,6.0623226,7.3213196,7.044708,6.732329,7.5489907,7.0154386,6.70604,7.19887,8.964935,7.159222,7.142714,6.5559483,7.6466327,5.8783755,5.675003,6.841563,6.82783,9.04202,8.257509,6.916002,7.1377296,7.1884384,7.324939,6.165773,6.0557504,9.026914,8.782636,8.479177,8.565286,7.515751,7.752237,7.8597426,8.186978,8.249278,7.187751,6.3594975,6.4381657,8.137581,8.042315,8.619287,8.6557865,5.5930586,5.7781734,5.723495,5.723495,7.315647,5.7224083,6.4625306,6.395472,6.4303007,6.398919,7.124783,7.3517623,6.2640185,7.303369,6.2044644,5.710172,7.749073,8.464237,6.958998,6.6050167,6.4457564,6.144223,5.931858,6.656578
24,6.567796,6.5894437,8.036625,8.386156,5.3776674,6.8941193,6.8378634,7.2160974,8.431699,7.674222,7.924545,8.898511,7.528777,7.652432,7.147422,6.16378,7.0917664,6.804085,6.6195135,6.8936734,7.405676,7.23306,7.6755958,7.6482882,0.0,1.2423996,2.2712007,1.8877181,4.868853,4.8601427,6.9600253,7.160275,4.947049,5.254267,7.9461765,6.4707284,6.351857,7.87068,6.932975,6.588757,5.961531,6.2666106,7.861419,7.2294292,5.718417,5.7107687,5.2848387,5.2633166,5.2150583,6.4775996,6.484446,6.075323,5.3304167,6.903055,5.87202,7.1979923,7.048272,7.0688725,6.4230847,8.653272,5.8788815,7.072732,7.181423,6.6929526,4.9579425,6.855839,5.979696,5.967808,5.606384,5.543328,6.8712926,8.064186,6.4418693,7.325634,7.797658,6.052663,6.8642907,8.07364,7.914057,7.8885336,6.2796345,6.095747,7.2932525,7.284065,6.4081903,5.4550395,6.039392,5.9459977,7.3001046,8.193829,7.9759903,7.760455,7.888134,8.090611,7.948862,8.878134,6.0446177,8.1106415,7.900718,7.857127,7.051428,6.5613093,6.359286,7.2519035,7.5651727,7.597289,7.6964483,7.6964483,6.155658,7.5832024,6.7016764,6.5988,6.7299275,6.6810136,6.8798046,7.0047617,5.4900146,5.234164,4.8406463,5.060651,6.4797497,5.363251,4.882461,4.498607,5.4156647,4.908358,5.983666,4.41607
25,6.8717694,6.762882,7.933237,8.245722,5.5166345,6.970047,7.2404065,7.5993557,8.578884,7.7667093,8.251926,9.127962,7.3128357,7.52763,7.0158005,6.0985312,7.120444,6.7855988,6.474763,6.786808,7.3888626,7.1043963,8.1076565,8.069744,1.2423996,0.0,2.5980718,2.4436045,5.1382537,5.142955,6.839007,7.1424294,4.926094,5.256683,7.997887,6.382542,6.556477,8.298949,7.077059,6.8783083,6.0757103,6.267551,8.186199,7.2014713,5.7106524,5.758794,5.245347,5.30678,5.090567,6.3494024,6.375807,5.8734636,5.2899966,6.768491,5.8809266,6.9064927,7.0790014,7.095959,6.3801637,8.589003,5.707679,7.2219167,7.283021,6.7341523,5.1160283,7.1133547,6.078711,6.038859,5.9583917,5.9048543,6.994027,8.175471,6.664667,7.5658417,8.394568,6.442472,7.4887943,8.630806,8.368479,8.341938,6.650463,6.5257673,7.639739,7.5335865,6.717592,5.505589,6.189917,6.27364,7.3297434,8.334981,8.473211,8.152263,8.095935,8.441928,8.360999,9.288034,6.643415,8.529755,8.375345,8.331392,7.6074443,7.118435,6.9755936,7.795238,8.083985,8.081337,8.220403,8.220403,6.8809023,8.163401,7.323716,7.214613,6.8213406,6.769128,6.9414616,6.9104276,5.6155753,5.367719,4.81767,5.23699,6.6873803,5.510784,5.0765896,4.679014,5.461789,4.9232216,5.951161,4.4221125
26,6.543974,6.519434,8.608107,8.915777,5.596323,6.453627,7.1446676,6.896273,7.9135942,7.132045,7.2376747,8.189642,7.655225,7.799942,6.822009,6.165176,7.26943,7.246316,6.719867,7.0986447,7.1928453,6.778785,7.198335,7.179248,2.2712007,2.5980718,0.0,1.6457466,5.3528776,5.331847,7.3286796,7.215884,5.3757076,5.6619825,8.146518,6.8593826,6.7946715,8.156275,6.5107846,6.730402,5.7680206,6.6231337,8.066733,7.3301663,5.945245,5.6075506,4.8977776,4.9226465,3.7851503,5.103565,5.9279356,5.425402,4.7961855,6.8830085,5.5740485,7.293195,6.6211085,6.6409235,5.8287015,8.043553,5.5820007,7.002545,7.213603,6.5709233,5.724111,6.6199594,6.3743434,6.580877,6.2242327,6.149268,6.7839937,8.117616,6.412752,7.2954664,7.666263,6.2802043,6.590774,7.7110043,7.4463043,7.406964,6.2064514,6.0017233,7.258601,6.9688654,6.169062,5.742536,5.6847353,5.4567437,6.9983044,7.905929,7.8110676,7.4112263,7.9024377,7.938129,7.5951324,8.750122,6.2564588,8.350171,8.133051,8.085644,7.3106556,6.7605557,6.6616673,7.4883747,7.4068913,7.202538,7.5568666,7.5568666,5.964015,7.4967875,6.6573467,6.579597,6.760128,6.509806,6.964848,7.0059066,5.510746,5.64682,5.190553,4.584627,6.329413,5.2363415,4.779485,4.314511,5.4129324,4.7254586,5.462497,3.8001928
27,6.97449,7.186423,8.689751,9.02617,5.8261,7.3287344,6.926866,7.255982,8.617468,7.8874116,7.812581,8.979681,7.615683,7.533633,7.1316237,6.1945868,7.4744935,7.273929,6.6109343,7.0126886,7.048975,7.2097554,7.494772,7.4659953,1.8877181,2.4436045,1.6457466,0.0,5.512926,5.498667,7.396041,7.41749,5.421474,5.5330963,8.250333,6.8269377,6.4860225,8.011656,7.0344043,6.43357,5.9866905,6.8250427,8.050035,7.4923477,6.060751,5.7754474,5.171095,5.198618,4.263726,5.7266564,6.4420385,6.0198307,5.053661,7.069921,5.7416186,7.827351,6.782298,6.80307,6.15856,8.490001,6.043797,7.372107,7.6124535,7.1192756,5.353262,6.944068,6.0334616,6.2924776,5.987352,5.950689,7.023361,8.307665,6.7002773,7.6355042,7.957312,6.2820745,6.9165955,8.15541,7.669675,7.635409,6.522474,6.419163,7.5304823,7.2791967,6.537975,5.813923,6.174933,5.8723955,7.3271327,8.227416,8.176717,7.705325,8.199831,8.268016,7.9125795,9.044402,6.19086,8.231409,8.055004,8.004694,7.2335277,6.712085,6.539932,7.3937473,7.3188324,7.295099,7.4985104,7.4985104,5.823948,7.386774,6.7601485,6.685336,6.7663827,6.539638,7.0938706,7.2170377,5.7114387,5.5778904,5.114516,4.6931705,6.3612356,5.143725,4.556319,4.04008,5.2797856,4.59649,5.6037335,3.9228303
28,5.9955196,6.233576,7.997587,8.093148,6.0290003,6.078029,6.192699,5.6734147,7.8236084,7.025448,7.286322,8.409861,7.6888585,6.705999,8.072938,6.6800046,4.9662013,5.293342,6.766009,6.957758,6.213392,6.0393767,6.587297,6.535805,4.868853,5.1382537,5.3528776,5.512926,0.0,0.66913706,4.587779,4.08087,6.520086,6.6054425,5.774411,6.1817327,6.1719666,6.5407443,6.300766,6.6055284,5.5173593,5.2665286,6.3259444,5.8002443,6.6892414,6.7465568,6.3717303,6.156219,7.3934693,8.084736,7.3798614,7.03237,6.5454965,7.099529,5.8214703,7.367617,5.945149,5.956096,6.216976,7.457363,5.7751,6.0194116,5.705883,6.4982896,5.139128,6.4878554,6.511473,6.3065515,5.83345,5.6059685,6.2994294,6.516088,5.856347,5.9037194,6.5205784,5.252368,6.554255,7.0209675,6.8775635,6.924527,6.549589,6.0856643,5.4587216,6.7369905,7.672666,6.936466,5.798496,6.426615,7.942615,7.8786592,8.185328,7.6204004,5.5125113,7.4154873,7.3303733,6.8923216,6.623551,7.035247,7.377228,7.4245276,6.2146344,6.924909,6.532038,6.5481873,7.8521523,7.722214,8.032292,8.032292,7.715072,8.211779,7.186606,7.124947,6.709977,6.9523387,5.834072,6.512022,6.454889,6.6620994,6.249628,6.3884206,6.497484,7.208899,4.818036,4.6722083,6.419869,6.084426,5.882221,5.6156898
29,6.4436884,6.6667876,8.299382,8.400914,6.258918,6.3001766,6.5866055,6.0850363,8.112334,7.178175,7.5901947,8.66618,7.9946146,7.09713,8.211462,6.9014626,5.480739,5.7879863,7.1470957,7.3032455,6.624935,6.4414253,6.9399986,6.89112,4.8601427,5.142955,5.331847,5.498667,0.66913706,0.0,4.5678196,4.0474744,6.787748,7.0154786,6.2176285,6.548428,6.570511,6.928319,6.6948323,6.974428,5.940615,5.703739,6.691739,6.2384896,7.048332,7.096878,6.7857776,6.5813246,7.3414507,8.0283165,7.32317,6.966183,6.4794,7.4377804,5.673201,7.2589135,6.322394,6.3325105,6.6053705,7.76224,6.136118,6.3190174,6.0242534,6.799388,5.4266887,6.883923,6.9176664,6.727982,6.0736804,5.848802,6.7292213,6.908376,6.3363776,6.3485436,6.889425,5.4039707,6.946141,7.356873,7.2893543,7.3379717,6.605636,6.2436113,5.939193,7.148375,8.037703,7.294071,6.2061267,6.8170524,8.302263,8.232063,8.498369,7.995001,5.990436,7.7840033,7.6482124,7.210508,6.5593977,7.359942,7.660627,7.7041855,6.094404,6.8494267,6.4040065,6.445671,8.157298,8.029569,8.323923,8.323923,7.708626,8.51752,7.1106925,7.056627,7.0989304,7.341448,6.267576,6.9063964,6.8510723,7.064469,6.6412897,6.7869043,6.852226,7.412462,5.0303826,4.9241934,6.7900476,6.5132585,6.0911603,5.803989
30,8.767145,8.641476,9.468636,9.471266,5.804284,6.6899123,7.188165,7.3497634,8.923339,7.9065814,8.441886,9.012324,8.554618,6.3653064,8.457898,5.7012677,5.696089,5.511834,6.525691,6.759817,6.76292,7.302835,8.065584,7.9679203,6.9600253,6.839007,7.3286796,7.396041,4.587779,4.5678196,0.0,2.3838472,7.928647,8.052464,5.5187745,7.8190746,8.283591,7.1786456,8.656957,8.648226,7.7166595,7.5868106,7.3566694,6.533291,8.210793,8.325757,8.018675,7.7028394,8.03854,8.6577425,8.1137295,7.653383,7.486986,8.280834,7.31546,7.681803,8.08533,8.102081,7.3342457,8.431167,7.5796366,7.556633,7.429803,7.863646,7.3230186,9.420171,7.8008957,7.614467,6.9348063,6.833711,8.027384,7.936463,8.194162,8.333847,8.622221,7.1322193,8.808637,9.200275,8.734093,8.73891,8.217299,8.113541,7.7768903,8.019072,9.6477995,8.53931,8.42847,8.888352,9.9242115,8.879209,10.243996,9.565834,7.40805,8.3945,8.708644,8.360777,6.635376,7.1135807,8.185078,8.206642,6.5221834,6.9418106,8.179772,6.7327604,8.304067,8.420978,8.6504755,8.6504755,8.230487,9.093653,7.821233,7.7740417,6.9268117,7.154695,6.3843455,6.6560736,8.367922,8.366306,7.90953,8.444146,8.7626915,8.801448,7.0179677,6.881284,8.375915,8.07666,6.7602134,7.7900934
31,8.062267,8.23433,9.941471,9.943013,6.442592,6.3959723,7.4115577,6.6497355,8.414363,7.279558,7.6606975,8.912875,9.067281,6.6313252,8.948218,6.3621697,5.7074785,5.97637,6.6132174,6.8657365,6.9337,6.5571656,7.9516115,7.854093,7.160275,7.1424294,7.215884,7.41749,4.08087,4.0474744,2.3838472,0.0,8.389304,8.404878,6.0066376,8.341053,8.527858,7.5903463,8.618951,8.912374,7.8917665,7.8389544,7.394918,6.6264014,8.477958,8.571753,8.131871,7.8345213,8.270301,8.887225,8.537295,8.114466,7.7601843,8.581283,7.3209295,8.64719,7.741182,7.751987,7.1008096,8.425473,7.405047,7.9040422,7.5544977,7.920385,7.190441,8.578175,7.7192173,7.495262,6.772505,6.6910133,7.134341,7.1453795,7.399325,7.520643,7.9244723,6.679132,8.065898,8.556006,8.036599,8.035817,7.400291,7.293056,7.0927663,7.3469467,9.762,8.803439,7.719962,8.160852,9.264842,8.173746,9.697352,9.006772,6.729243,7.7648153,7.9646444,7.7548122,6.70191,7.3075876,8.331776,8.356179,6.6050043,6.9279256,8.275454,6.8458595,8.34863,8.170693,8.666389,8.666389,8.175928,9.107365,7.84158,7.8348527,6.857991,7.0043287,6.255772,6.7965584,8.149277,8.514859,8.104871,8.230987,8.694253,8.863218,7.04866,6.8793645,8.454186,8.090979,6.2780156,7.443561
32,5.6694117,5.382413,8.041901,8.234537,4.8536286,6.289878,5.862004,6.8256907,8.764152,8.683843,7.9458065,8.0685835,6.4296055,6.277042,6.9342194,4.5917234,7.922623,7.4050345,7.2027864,7.577536,7.975631,7.617235,8.119559,8.064462,4.947049,4.926094,5.3757076,5.421474,6.520086,6.787748,7.928647,8.389304,0.0,2.7372406,7.4608383,6.257826,5.6836567,6.942617,5.4605546,5.392911,5.2488775,5.210333,6.896367,6.2285666,5.167722,5.2847795,4.300104,4.32503,7.1361647,7.559082,5.547971,6.2878437,5.6209903,5.071203,7.58739,7.96587,6.8863516,6.8989515,5.5667977,7.5687876,4.8135242,5.831275,6.5153275,5.3660684,6.0238237,7.8250904,5.766565,5.4474325,6.163304,6.086326,6.901186,7.7572904,6.5235248,6.929375,8.029521,7.352539,7.035609,7.763113,7.940861,7.889064,7.9736676,6.821506,7.616678,6.5509925,5.6588774,4.3913364,5.994124,6.2459884,5.5874567,6.5507097,6.8158045,6.7084785,7.457594,7.4707613,6.959257,8.392812,7.000726,7.882868,8.251447,8.243457,8.734132,8.0910635,7.8724613,8.478824,7.7702236,7.7429295,7.998298,7.998298,8.59428,8.53438,8.363711,8.293027,6.9521904,6.761059,6.466434,6.3381805,5.4428997,3.6298633,4.784273,5.1669745,5.419166,3.844764,5.3972507,4.721311,5.739189,5.1784267,7.645917,6.032044
