,0,1,2,3,4,5,6,7,8,9,10,11,12,13,14,15,16,17,18,19,20,21,22,23,24,25,26,27,28,29,30,31,32,33,34,35,36,37,38,39,40,41,42,43,44,45,46,47,48,49,50,51,52,53,54,55,56,57,58,59,60,61,62,63,64,65,66,67,68,69,70,71,72,73,74,75,76,77,78,79,80,81,82,83,84,85,86,87,88,89,90,91,92,93,94,95,96,97,98,99,100,101,102,103,104,105,106,107,108,109,110,111,112,113,114,115,116,117,118,119,120,121,122,123,124,125,126,127
0,0.0,0.099293515,4.1867723,4.590201,2.7445767,2.5451298,5.6924505,5.5919275,4.8827233,6.1924896,5.090349,4.6780367,2.9466572,4.2930202,5.0806637,4.2948766,5.401699,6.674214,5.1485314,4.9637885,6.414259,7.817917,7.579432,9.013356,6.2180233,6.5334063,4.4089255,7.5938325,5.046337,5.840063,6.9564238,5.4577246,6.7535195,5.825159,5.3631616,4.561182,7.022062,8.074047,6.3730626,7.445727,4.3208356,5.4660363,4.995145,4.564034,5.0440497,4.261791,4.5645285,4.390798,6.1847906,5.8466525,8.371742,7.5553336,6.6210475,5.798384,8.011759,5.6219687,6.1403627,4.9146934,3.236249,3.1265593,4.719289,3.6179023,4.6312265,4.040745,4.5072556,6.1512504,6.3145995,4.174276,4.395364,4.217165,4.00365,4.9629855,4.576414,4.5691686,3.551417,3.6893454,5.2543583,5.442592,5.986531,6.1205506,5.775696,5.495201,5.285157,4.914834,5.5394287,4.751273,4.934861,5.868073,5.849815,6.1177464,5.6593614,6.076229,3.9425628,4.6714063,7.45633,3.8703134,4.2059503,4.194002,4.2284393,3.9872804,3.6737723,4.7818503,3.9008996,4.5929894,6.6232247,6.8167863,6.172674,4.4467463,4.875748,4.998922,5.2404075,5.2766414,6.5058346,5.723837,7.4094267,6.570686,4.7262793,4.955005,4.990444,4.746767,6.1281986,6.300856,4.919479,5.0959835,6.160081,6.1614265,6.532958,5.58781
1,0.099293515,0.0,4.186213,4.5890393,2.7524514,2.562923,5.694507,5.6079392,4.8845973,6.197949,5.0871086,4.6764884,2.9603565,4.3040853,5.0853443,4.3127255,5.38306,6.6714134,5.139981,4.961103,6.415376,7.825671,7.572363,8.990952,6.2268267,6.532228,4.426196,7.612279,5.046128,5.84161,6.957421,5.4592533,6.7486186,5.811818,5.3559785,4.558185,7.0424824,8.086016,6.365206,7.4257536,4.331481,5.4843526,5.0073023,4.5629315,5.025333,4.259685,4.532855,4.363664,6.1892185,5.841931,8.385373,7.562419,6.6291695,5.7989693,8.00336,5.6256166,6.1079597,4.920626,3.2282712,3.117393,4.710089,3.6290305,4.6323075,4.0596848,4.4998612,6.1337504,6.3000975,4.174277,4.38606,4.2069216,3.9950247,4.9580173,4.5595765,4.552413,3.5707598,3.655746,5.243467,5.4337335,5.994905,6.0967097,5.7385144,5.4637985,5.274057,4.882236,5.5221505,4.732773,4.9074907,5.8426476,5.859593,6.1312695,5.665698,6.0788827,3.9144955,4.6431746,7.4565935,3.859134,4.178597,4.17149,4.206036,3.9660444,3.679243,4.781437,3.8912508,4.5830736,6.6259813,6.8156147,6.1665277,4.445963,4.8610835,4.989195,5.1949205,5.262556,6.5238466,5.7423763,7.416699,6.577837,4.7266192,4.9528017,4.993028,4.7452817,6.1496325,6.3155856,4.905292,5.0642056,6.180575,6.1814866,6.539653,5.620809
2,4.1867723,4.186213,0.0,1.8425289,3.1876616,3.361149,6.141843,5.719354,2.2685747,4.4627852,2.6840084,1.8207703,3.6467519,2.3135161,2.8629339,2.4060779,6.691615,7.4542203,5.5053673,5.088237,4.740291,6.492454,7.576729,8.840801,6.56605,5.0427175,5.169259,6.3337083,5.6565347,4.2428203,5.632267,6.185405,6.483842,4.122009,5.374632,4.62307,7.150818,6.9745173,6.211371,6.163958,5.392346,6.2331553,5.427447,6.075586,6.326106,5.7903237,6.052129,5.7454257,4.576474,3.9634173,8.448299,7.694055,7.807868,7.0640388,9.272927,7.4613934,7.3013177,6.3492236,5.244358,5.2068067,4.8188405,5.5681643,6.1745872,5.9074416,5.2505054,7.0123687,6.9354954,4.890272,5.099086,5.2528167,5.045868,5.8409534,5.1293926,5.1633444,3.973678,3.7585258,3.141527,3.512102,4.136434,6.8623843,6.4280944,6.0476427,6.0258,5.248033,5.9809136,5.07578,5.602884,6.5419836,4.0845847,4.6386056,3.8770292,4.272377,4.7054825,5.27898,6.190393,4.623877,4.579024,4.6185675,4.546078,4.6170683,3.9999917,5.021162,4.139329,4.622983,6.527158,6.6303654,6.0508857,4.410454,5.404481,5.5530567,5.832778,5.7829247,6.3658533,6.293802,6.974997,6.5431995,5.1529145,5.3612285,5.7223134,5.234204,5.0408034,6.2962756,4.8031087,4.9028883,6.2274084,6.309793,6.8094172,6.2816644
3,4.590201,4.5890393,1.8425289,0.0,2.585899,2.8823996,5.9905486,5.477802,2.7617726,4.8403215,1.8999236,2.445797,3.3026738,1.7077379,3.3931477,2.8515673,6.5803204,7.366094,5.291913,4.856892,4.3536496,6.3741117,7.5216184,8.806704,6.8217015,4.8230987,4.9899917,6.2263627,5.885914,4.508134,5.751057,5.867712,6.743689,4.4319854,5.668205,4.839166,7.6555686,7.392979,6.696148,6.3595123,5.079323,6.056497,5.012541,6.268686,6.0919514,5.4829497,6.170919,5.3781705,4.771816,3.569894,8.670412,7.8651614,7.915879,7.2132573,9.137347,7.49826,7.252447,6.4641275,5.536627,5.4781656,5.1236224,5.7756906,6.4012294,6.096904,5.512318,6.8146133,7.159799,5.1285973,5.0786633,5.6154213,5.3675323,6.1684656,5.237918,5.281099,4.337312,3.9329748,3.3543546,3.6773093,4.5300345,7.2347693,6.197805,6.2167854,6.1810546,5.3585963,6.1923184,5.236069,5.180261,6.1991887,4.2369323,4.9840426,4.189417,4.107486,4.756339,5.3431964,6.2768188,4.6703525,5.0265784,5.0045156,4.906732,5.015498,4.316684,5.3003683,4.5134645,4.9699745,6.313431,6.8584,6.4248586,4.840028,5.840078,5.4095097,6.2261176,5.652442,6.587348,6.5150948,7.2852964,6.7634597,5.3823333,5.074631,5.885783,5.4731874,5.2888293,6.547677,5.147032,5.3848505,6.528038,6.57342,7.1164727,6.5675454
4,2.7445767,2.7524514,3.1876616,2.585899,0.0,0.66793096,5.2328663,4.908108,3.7026618,5.3817453,2.9698458,3.4679363,2.013917,2.4311204,4.259245,3.248838,5.2406297,6.3493986,4.3784013,4.061398,4.8775177,6.5525136,7.30836,8.610827,6.3215094,5.483556,4.309145,6.788878,5.181961,5.08071,6.121552,5.008526,6.346301,4.8328266,5.212068,4.118385,7.2838173,7.427758,6.2903466,6.8001814,3.7726095,4.8603797,4.021375,4.933855,4.793589,3.8500164,4.875255,4.0897837,5.176236,4.1393714,8.142818,7.309232,6.8758187,6.078053,8.020381,6.0492725,6.027201,5.1585817,4.0122824,3.8794978,4.4719443,4.2975507,5.017238,4.6493735,4.5431566,5.990436,6.4429173,4.086802,4.31521,4.734344,4.500659,5.421122,4.5633397,4.599264,3.3291347,3.170411,4.2347665,4.4812894,5.080171,6.511644,5.4570193,5.5153356,5.436028,4.7003007,5.5420365,4.577576,4.290961,5.369535,4.7343345,5.3558745,4.8925033,5.0394564,3.8974278,4.32623,6.662835,3.5809655,4.5728927,4.4759884,4.3936114,4.115366,3.4594362,4.6372566,4.114469,4.3785424,6.0961385,6.6290207,6.2063417,4.4931865,5.296814,4.8178053,5.6293344,5.0572042,6.121607,5.852252,7.039096,6.505109,4.7351513,4.464376,4.8195553,4.7849483,5.3368564,5.954216,4.6266932,5.2569814,5.9409432,5.90121,6.6057115,5.718411
5,2.5451298,2.562923,3.361149,2.8823996,0.66793096,0.0,5.191512,4.8810334,3.9993348,5.4768376,3.375323,3.7241416,1.7891636,2.5448503,4.3236227,3.4982271,5.115232,6.2349844,4.390539,3.9685209,5.044717,6.5573516,7.236432,8.593885,6.2314487,5.57043,4.1723857,6.7800612,5.097067,5.1302447,6.188019,4.9124775,6.337697,4.9650135,5.1658654,4.034854,6.9076834,7.1655397,5.971877,6.628429,3.717135,4.76651,4.028415,4.9443593,4.707416,3.6643283,4.96483,4.179704,5.379611,4.189934,8.182282,7.3559966,6.92943,6.13617,7.9996214,6.046945,6.305734,5.371264,3.9830315,3.8556802,4.5829115,4.3786807,4.9706955,4.7062674,4.4655957,5.9368877,6.371902,3.941382,4.2983575,4.708717,4.5538664,5.3916836,4.6514173,4.6809688,3.1544323,3.4611409,4.488684,4.697968,5.2182913,6.5965695,5.5246077,5.593206,5.481456,4.859626,5.4879527,4.618531,4.384842,5.463302,4.9944563,5.1798573,5.1532683,5.1551957,4.0933037,4.4514213,6.880734,3.786783,4.605057,4.47474,4.4083333,4.123143,3.5610285,4.7173057,4.2004876,4.387999,6.1336865,6.691487,6.2134323,4.5307117,5.274148,4.79373,5.721999,5.091355,6.0849648,5.7503734,7.0327854,6.5231724,4.840781,4.588002,4.9250317,4.8927226,5.388751,5.957559,4.7459245,5.404655,5.877988,5.8271413,6.5205865,5.677426
6,5.6924505,5.694507,6.141843,5.9905486,5.2328663,5.191512,0.0,1.5113369,6.4949536,7.6345096,5.969635,6.3050656,5.351373,5.821251,6.660822,6.055049,6.659299,4.571797,6.6522923,6.320464,7.040482,5.330992,8.709367,7.7432027,5.4845505,7.845833,6.806541,5.67179,7.5033927,7.5128694,8.392238,7.539673,5.831901,6.821027,7.1966224,6.2194886,8.378342,8.564788,7.553593,8.185536,5.8217387,6.6235642,6.283449,6.9379787,7.1387334,6.488942,7.0681214,6.6849804,7.3828206,6.343703,6.649342,5.9183226,8.846856,4.5800767,6.579795,4.814557,6.588081,5.6328692,6.7366447,6.6724577,6.4670234,6.938097,7.037574,7.313835,6.175384,7.4940066,5.763075,5.8904624,6.651273,6.719146,6.7205987,7.415157,7.1505423,7.150675,5.439524,6.058934,7.170282,7.4087825,5.67085,7.882523,6.8322997,7.205238,7.5155544,6.4853144,7.293237,6.4715137,6.642889,7.4242735,7.2587876,7.624141,7.4122434,7.15888,6.3321624,6.5359554,5.6712136,6.23348,6.0869293,6.0861907,6.0669026,5.8213663,4.996651,5.948307,5.498172,5.190319,5.5816708,4.771331,3.9805586,6.199913,6.4677978,6.1175294,6.6420817,6.3204184,3.947974,4.3924127,5.333823,5.189892,6.8699636,6.636743,7.0069885,6.836473,4.168923,4.2333503,6.2577844,6.6291056,4.882452,4.899672,5.207545,4.2265863
7,5.5919275,5.6079392,5.719354,5.477802,4.908108,4.8810334,1.5113369,0.0,6.103433,7.2709436,5.6394753,5.954842,5.232323,5.377747,6.3523498,5.6817503,7.1489396,5.140789,6.7319994,6.372292,6.867151,5.1987867,8.666325,7.9651475,5.264943,7.41709,6.5218563,5.1021347,7.3021092,7.109752,7.9503117,7.23526,6.0996757,6.8544855,7.0845747,6.2698784,8.53989,8.732502,7.7742586,8.154499,5.8732195,6.895583,6.2167163,6.8444614,7.3487415,6.60912,7.3583226,6.7918673,7.1159563,6.254656,6.7442026,6.127445,8.502916,4.3324795,6.776733,4.799789,6.441716,5.402764,6.4882197,6.419027,6.507757,6.688988,7.019764,6.9637213,6.4020348,7.612561,6.0418067,6.0086327,6.272885,6.4372787,6.3914557,7.1092954,6.9953194,7.006383,5.3837485,5.99769,6.857593,7.078698,5.5474744,8.067986,7.1876297,7.257796,7.275056,6.5496616,7.2147484,6.439337,6.61744,7.411025,6.7402143,7.136455,6.715993,6.5112505,6.0783796,6.658332,4.9064455,6.011723,6.2861094,6.2899117,6.2508817,6.1145267,5.025776,6.010349,5.4188433,5.5182533,5.4961724,4.980609,4.1928406,6.15457,6.778258,6.3818555,7.1043854,6.572861,4.0116763,4.045786,5.6909356,5.1783013,6.5610685,6.3285327,6.7943153,6.594808,3.6400745,4.084171,6.3595414,6.8051195,4.4719963,4.5073943,5.0171175,4.0849266
8,4.8827233,4.8845973,2.2685747,2.7617726,3.7026618,3.9993348,6.4949536,6.103433,0.0,2.9372158,2.9223838,1.9167948,4.17322,2.68472,2.0894141,1.4599012,6.9354434,7.3903074,5.320575,4.960041,3.9523542,6.764532,7.1089416,8.238405,5.902653,3.9823205,5.198752,6.3960342,4.723854,3.6696055,4.58331,5.3695245,6.0788293,4.4758515,4.9068465,4.5669417,7.730397,7.521206,6.969013,7.021651,5.579838,5.683959,5.512436,6.212204,6.157923,6.165974,6.150415,5.9515657,4.644946,4.3240805,8.1643,7.3651476,6.85527,7.3902764,8.418973,7.4256825,7.2968736,6.3270555,5.7199244,5.760657,4.895536,5.741212,5.9860253,5.757925,5.6074944,6.7241445,6.7634315,5.283516,5.6479287,5.2445517,5.213222,5.7015433,5.4198303,5.459938,4.43815,4.0128293,3.6083763,3.9607706,4.156986,6.5205936,6.6418843,5.742985,5.716116,5.4223366,5.8081846,5.2474494,5.8343697,6.1339974,4.1608257,5.420068,4.230637,4.9413676,5.0237617,5.4084077,6.263871,4.7601547,4.9569826,4.9517703,4.826716,4.8490586,4.253044,4.5314636,4.5434804,4.7935624,6.1830783,6.4742975,6.4108377,4.6821136,5.6925454,5.9266744,6.157761,6.0967526,6.4540915,6.5720406,6.6253114,6.377992,5.4451404,5.5330005,5.8964376,5.51992,5.0956254,6.363045,4.834388,5.187589,5.96086,6.0182967,6.6791887,6.5627804
9,6.1924896,6.197949,4.4627852,4.8403215,5.3817453,5.4768376,7.6345096,7.2709436,2.9372158,0.0,5.0385942,4.377238,5.634791,4.5990844,2.4497013,3.380772,7.916095,7.796269,5.873697,5.6243215,4.562124,7.6653814,6.6284995,7.8222713,5.877513,3.9141357,6.626782,7.5947366,4.486332,3.4007266,4.3779025,5.270596,6.149319,5.9182715,4.6865177,5.274721,8.1387005,7.8237877,7.32484,7.367687,7.1045685,6.078976,7.0486298,7.470771,7.4077287,7.3188977,7.5804486,7.479199,6.223337,5.8057585,9.063904,8.462178,6.3898582,8.432457,8.073709,8.565135,8.5430155,7.748345,6.7724247,6.812097,6.4164867,7.058515,7.1716647,7.042936,6.844182,7.791798,7.8370314,6.6148486,6.850546,6.489629,6.630153,6.8949876,6.9645486,7.002249,5.8443127,5.85812,5.652187,5.8881717,6.0112004,7.71995,7.9406157,7.191617,7.0991883,6.995046,7.0013447,6.794174,7.2953043,7.5440598,5.8732495,6.122706,6.0023575,6.2281485,6.6685295,6.9259925,7.5812707,6.449255,6.5652766,6.558205,6.4649315,6.3736978,5.949331,6.1588187,6.292863,6.392255,6.579277,7.2029324,7.6921225,6.313164,7.090494,7.3015423,7.489633,7.4212775,7.6988697,7.7290273,7.8067255,7.652983,6.8889375,7.014669,7.184611,6.9798017,6.4037,7.4170036,6.3645535,6.7485394,6.045524,6.0875072,6.7413454,7.7868285
10,5.090349,5.0871086,2.6840084,1.8999236,2.9698458,3.375323,5.969635,5.6394753,2.9223838,5.0385942,0.0,2.2000487,3.5312068,2.3740635,3.9420094,2.944271,6.3556933,7.1547146,5.0665674,4.892379,4.301266,6.0144715,7.9422693,9.023897,7.1991796,5.3959303,5.608672,6.6769094,6.3267307,5.015904,6.151861,6.3584356,6.869996,4.2896695,6.3080664,5.4096375,7.8984127,7.244031,6.8517623,6.5711503,4.9614453,5.496111,4.7589397,6.0512586,6.040458,5.9660125,6.141932,5.7189193,4.5627103,3.659066,8.213564,7.5695486,7.862763,7.1604996,9.094435,7.550395,7.051003,6.132549,5.683055,5.672987,4.6402073,5.5437884,6.318597,6.1182427,5.404431,6.8765965,7.168696,5.2048798,5.3957424,5.9416313,5.6301527,6.4807525,5.5949435,5.626144,4.4048,3.5556128,3.8342528,4.0953164,4.4548507,6.969444,6.1257024,6.23957,6.3155627,5.3689904,6.498051,5.5356765,5.37881,6.3210697,3.639257,5.4534197,4.3918858,4.668459,4.8718357,5.0115466,6.123283,4.439736,5.1659217,5.184118,5.0525684,4.767035,4.235475,5.099936,4.7770066,4.7528586,6.4795156,6.7837667,6.720035,5.134969,5.8533845,5.6277823,6.0811014,5.7725096,6.3336277,6.737029,6.91736,6.8885784,5.507015,5.242955,5.593655,5.5518494,5.1675987,6.299257,5.104776,5.609725,6.470786,6.4998565,7.238242,6.533472
11,4.6780367,4.6764884,1.8207703,2.445797,3.4679363,3.7241416,6.3050656,5.954842,1.9167948,4.377238,2.2000487,0.0,3.6131396,2.2424614,3.1486838,2.471414,6.7026186,7.4778266,5.422317,5.164728,4.727014,6.4834385,7.8676763,8.848288,6.4225936,4.7228494,4.909427,6.141403,5.4450727,4.545453,5.253383,5.941287,6.749773,4.1388516,6.0087857,5.2215123,7.355794,7.036767,6.53032,6.4567914,5.2712,5.90045,5.2141104,5.9902363,5.7935734,6.223595,6.102927,5.979025,4.411714,4.004933,8.028305,7.1957145,7.514766,7.168942,9.063297,7.230733,7.145976,6.1523724,5.36608,5.4655027,4.582493,5.3629084,5.852809,5.5727973,5.2773685,6.424647,6.486508,5.0261874,5.3811207,5.0155306,5.0260944,5.4826713,5.3468986,5.3723183,4.21481,3.60171,3.4574025,3.7646642,3.9870484,6.241059,6.427462,5.5246444,5.391355,5.2245765,5.666577,5.2056084,5.7554927,6.0581317,3.5752037,4.8627725,4.0749846,4.707911,4.7445316,5.135242,5.9513803,4.3692493,4.689017,4.6834774,4.538173,4.4531245,4.054772,4.185067,4.2139573,4.423477,6.7473164,6.769281,6.3989716,4.6729827,5.4215364,5.823045,5.891749,6.04004,6.1927595,6.312565,6.38574,6.2293935,5.2990236,5.3704762,5.643605,5.37274,4.908752,6.2437034,4.8543115,5.2557425,6.2564025,6.3112717,7.066915,6.3541036
12,2.9466572,2.9603565,3.6467519,3.3026738,2.013917,1.7891636,5.351373,5.232323,4.17322,5.634791,3.5312068,3.6131396,0.0,2.8276153,4.154362,3.7012012,5.290104,6.487154,4.599676,4.20254,5.1232815,7.091264,7.313605,8.689009,6.1067705,5.3728294,3.644395,6.57525,4.945394,5.1896663,6.2467785,4.9280286,6.7470164,5.0536013,5.901367,4.6835885,6.642005,7.1066875,6.2147555,6.993063,3.5705554,4.348196,3.974119,5.524971,4.3288198,4.3236995,5.163353,4.5265193,5.598255,4.3225946,8.542283,7.274142,7.2629757,6.7416162,8.419142,6.158448,7.0713325,5.853586,4.6577764,4.690437,4.9821053,4.683517,5.4974465,5.140213,4.269839,5.5308633,6.1574826,3.8838346,4.943126,5.066194,4.96225,5.5766606,4.7366943,4.731048,3.6186764,3.8414059,4.6419387,4.7848377,5.2029414,6.6947155,5.4569874,5.583636,5.2789907,5.0037856,5.6189675,4.83942,4.836249,5.5879006,5.280474,5.268791,5.777593,5.7292056,4.4098773,4.7415547,7.292771,3.9695253,4.410286,4.1427298,4.0989323,4.022368,3.38932,4.088081,3.8053663,4.013323,6.3545876,6.910908,6.4158187,4.7294846,4.904298,4.6450887,5.6987534,5.25958,6.0305066,5.732927,6.6959496,6.249846,5.3236003,4.9430223,5.6182604,5.3702736,5.679478,6.5205226,4.98636,5.4924192,6.4351997,6.431705,7.0769277,5.5887556
13,4.2930202,4.3040853,2.3135161,1.7077379,2.4311204,2.5448503,5.821251,5.377747,2.68472,4.5990844,2.3740635,2.2424614,2.8276153,0.0,3.4670284,2.899067,6.0927544,6.9493775,4.8888316,4.472515,4.57622,6.1022453,7.5222664,8.59241,6.352271,4.544473,4.149504,5.871654,5.3605056,4.8118362,5.5043554,5.3407326,6.48581,4.452078,5.5834966,4.623314,6.83633,6.713623,6.0362906,6.0302744,4.824434,5.4711304,4.854647,5.9657583,5.346366,5.0988374,6.1142626,5.477665,4.8194876,3.5706146,8.037415,7.27331,7.441922,7.0816417,8.608947,7.021325,7.3242726,6.2544184,5.098357,5.124382,4.789168,5.367547,5.5711575,5.3413568,5.17746,6.020813,6.5319886,4.792713,4.9830184,4.8594284,4.9800167,5.329942,5.4086213,5.440308,3.790533,4.009964,3.9920647,4.2357383,4.4801383,6.4592485,6.228931,5.7518435,5.5670896,5.5933447,5.5188227,5.2200146,5.277984,5.6421065,4.1230545,4.545369,4.53414,4.2954183,4.974265,5.2860146,6.4057784,4.59757,4.955684,4.9214864,4.8077993,4.63758,4.213525,4.5277295,4.59301,4.7038875,6.3730707,6.8410554,6.4292383,4.698564,5.630386,5.291208,6.191563,5.477076,6.349627,6.3698163,6.5620456,6.255886,5.397993,4.979504,5.6764007,5.4651294,5.056587,6.1810136,4.9509835,5.5044484,6.1305857,6.153815,6.94737,6.329409
14,5.0806637,5.0853443,2.8629339,3.3931477,4.259245,4.3236227,6.660822,6.3523498,2.0894141,2.4497013,3.9420094,3.1486838,4.154362,3.4670284,0.0,2.1972694,7.08054,7.3517256,5.4416842,4.867634,3.7438688,7.288105,6.3595943,7.8840513,5.5763116,3.6664197,5.430916,6.605069,4.262027,2.649712,4.4002485,5.07509,5.8551474,4.729695,4.4974675,4.322196,7.2267075,7.1576324,6.6977468,6.958564,5.797037,5.5245037,5.785329,6.9291997,6.462888,6.257205,6.457977,6.204122,5.301879,4.424409,8.956086,7.866128,7.1977797,8.059123,8.622802,7.9549594,8.306863,7.370089,6.410623,6.431712,5.783305,6.6113663,6.848125,6.8052855,5.6072283,6.9928093,6.960222,5.2422037,6.1220393,6.0299926,5.9730954,6.4708576,5.5780354,5.6087418,4.76997,4.9027905,4.0170617,4.2927847,4.638253,7.474569,6.7265263,6.3522077,6.334885,5.7365136,6.2303085,5.4486732,6.177512,6.804639,5.3990436,5.283533,5.310311,5.571516,5.5902586,5.9446344,7.165778,5.5162954,5.1537,4.9845724,4.9126673,5.2432485,4.540328,5.135522,4.702213,4.9484415,6.043068,6.570764,6.554365,5.045668,5.7103696,5.916773,6.440664,6.361756,6.6251454,6.5863767,6.9680223,6.688031,6.036726,6.154317,6.7194166,6.12052,5.6317267,6.9980397,5.3386116,5.5127788,6.199202,6.260435,6.663558,6.7576156
15,4.2948766,4.3127255,2.4060779,2.8515673,3.248838,3.4982271,6.055049,5.6817503,1.4599012,3.380772,2.944271,2.471414,3.7012012,2.899067,2.1972694,0.0,6.447091,6.9492183,5.045823,4.6170006,3.746813,6.73612,6.8578434,8.450041,5.8980885,4.580436,5.1088653,6.5599403,4.7521777,3.6758745,5.1061378,5.394918,5.852155,4.4680367,4.637232,4.160779,7.3511424,7.4273143,6.8866596,7.256074,4.8490257,4.9624953,4.8541136,5.6730356,6.0636063,5.6872067,5.6049027,5.4493365,4.5382457,4.301464,7.8884015,7.2153745,6.7264524,7.1225605,8.278398,7.2290773,7.347362,5.9585514,5.547751,5.5483527,4.507897,5.324171,5.7298164,5.581441,5.111171,6.7659955,6.7114954,4.7584453,5.3896756,5.3374367,5.0819936,5.8861012,5.064164,5.0932226,3.7819,3.7673826,3.598574,3.939639,3.9577699,6.579182,6.2605305,5.8526616,5.877872,5.0960026,5.9632053,4.9275455,5.460972,6.221993,4.29352,5.6874137,4.243423,5.036003,4.755429,5.053562,6.4805074,4.488748,4.5343795,4.484988,4.396286,4.4268675,3.6397965,4.544951,4.131004,4.352692,5.6582637,5.970338,6.085461,4.151345,5.135562,5.27763,5.820887,5.5380435,5.9501905,6.102708,6.5095143,6.2547226,5.020267,5.1984286,5.49023,5.063041,4.878205,6.0033097,4.5596547,4.925369,5.6755304,5.729979,6.260786,5.9502835
16,5.401699,5.38306,6.691615,6.5803204,5.2406297,5.115232,6.659299,7.1489396,6.9354434,7.916095,6.3556933,6.7026186,5.290104,6.0927544,7.08054,6.447091,0.0,4.402506,3.1923974,3.5887685,6.199471,7.274783,7.3667116,8.720781,7.5977583,7.861687,5.941517,8.803333,6.4084806,7.016568,8.485787,6.3770866,5.589597,5.363735,5.8045115,4.855022,5.4720664,6.4196196,5.0265975,6.572474,4.812375,5.011342,4.4034467,5.1201835,4.355681,4.393289,3.787976,4.826487,6.183924,5.4416203,7.5703387,6.557392,8.08076,7.7735896,8.346158,7.3914213,7.981556,6.9417195,6.035072,5.892196,4.8088937,5.9758544,5.041214,6.326137,3.1577024,4.7909636,5.3938627,3.8128107,4.924938,6.277596,5.4458194,6.1206408,5.037952,5.0177836,4.9403157,5.50725,6.495893,6.017107,6.5905776,5.974075,3.2779999,5.300115,6.1777287,6.0437093,5.200341,4.6601334,4.1504717,5.2925467,7.0292497,6.8963294,7.1827455,7.9603558,5.2933626,4.23287,8.550254,5.3659315,5.170595,5.009865,4.9894114,4.3643947,5.2458763,6.082883,5.942883,5.0307465,6.964493,6.8820367,7.3852086,5.6529408,5.2039514,4.821952,5.050581,4.7668686,6.8191376,7.2656693,6.254925,7.2112017,5.6436715,5.425033,5.3255396,5.4520245,7.1508474,6.863301,5.113164,5.592068,7.3315687,7.1628227,7.18233,7.7506886
17,6.674214,6.6714134,7.4542203,7.366094,6.3493986,6.2349844,4.571797,5.140789,7.3903074,7.796269,7.1547146,7.4778266,6.487154,6.9493775,7.3517256,6.9492183,4.402506,0.0,4.5970993,4.9827456,6.722685,5.742587,7.657321,7.136092,5.5663104,8.020992,7.127621,7.271492,6.839454,7.158903,8.583647,6.836955,3.8357484,6.4137063,6.2165256,5.8072457,6.781838,7.2785325,6.179575,7.372763,6.3920193,6.071999,6.048706,6.6775723,6.549248,6.3893795,6.145108,6.832143,7.105255,6.4911194,5.964481,4.7664557,8.290941,6.0833006,6.256943,5.994613,7.57754,6.6044073,7.133509,6.9946523,6.3148775,7.2000847,6.5624137,7.440653,5.0397687,6.34003,4.909333,5.5818357,6.2544312,7.3542724,6.696011,7.2690496,6.867018,6.862118,6.2660956,7.0920563,7.729453,7.373722,6.5668125,7.332478,5.494807,6.8497534,7.4505134,7.3196664,6.632342,6.2368054,6.275002,7.110492,7.8648005,7.5770364,7.9560537,8.598369,6.5884423,6.290513,6.8447895,6.673097,6.6367927,6.5233607,6.4815454,6.0514574,5.9060135,6.7476454,6.5786266,5.874985,5.987331,5.1512227,6.045567,6.89094,6.6881647,6.375847,6.5760884,6.306342,5.2845936,5.9587216,4.946131,6.078508,6.808343,6.663682,6.604703,6.6945796,5.660857,5.304944,6.4437184,6.9120293,5.360788,5.1687922,5.246474,6.599283
18,5.1485314,5.139981,5.5053673,5.291913,4.3784013,4.390539,6.6522923,6.7319994,5.320575,5.873697,5.0665674,5.422317,4.599676,4.8888316,5.4416842,5.045823,3.1923974,4.5970993,0.0,3.1103144,4.988182,7.0401325,6.6769395,8.108608,6.484053,5.939194,5.416178,7.927082,5.058191,5.034,6.854288,5.058939,4.642953,4.2565413,5.035442,4.567859,5.8098903,6.093386,5.169189,6.161554,5.3550663,4.7857943,4.70531,5.7660174,4.952668,4.962575,4.467143,5.3715925,5.0129385,4.8836427,7.6606655,6.103084,6.668937,7.2963176,8.1899185,7.051796,7.4066553,6.3988786,5.3398013,5.1669936,5.1783834,5.3898244,5.698896,5.7019606,2.9643383,4.781276,5.7075977,4.1576276,4.5490794,6.082915,5.030457,5.7759686,4.66689,4.6811395,5.2854576,5.2348814,5.50143,4.9134536,6.1284122,6.3055377,3.964058,5.6489477,5.6998577,6.1547546,5.3959575,4.9176636,4.65219,5.6596527,5.7954516,5.3096457,6.05447,7.0627418,4.757782,4.718379,7.390609,4.7255783,5.5945992,5.4259577,5.346174,4.889975,4.6369953,5.589956,5.437747,5.3065133,6.5840616,6.677118,7.560608,5.855522,5.6775827,5.325818,5.5642633,5.240984,6.927691,7.122765,6.2667904,6.765265,5.253085,5.0265326,5.082614,5.1784215,6.4991035,6.913087,5.10346,5.6433516,6.529216,6.429519,6.9607773,7.3293676
19,4.9637885,4.961103,5.088237,4.856892,4.061398,3.9685209,6.320464,6.372292,4.960041,5.6243215,4.892379,5.164728,4.20254,4.472515,4.867634,4.6170006,3.5887685,4.9827456,3.1103144,0.0,3.2741652,5.868092,5.5942554,7.078668,6.1146693,5.7363424,4.979684,7.587895,4.608909,4.6848555,6.5854206,4.6357846,5.427124,5.288162,3.9495149,3.482256,6.317735,6.529942,5.640962,6.6450844,4.0713005,3.6414037,3.0344694,4.6679792,3.8029125,3.987491,4.950541,4.5252733,5.4913015,3.8965342,8.456419,7.289994,6.8420267,7.4356575,7.555255,7.1459775,7.422678,6.445986,5.642265,5.518943,4.2288704,5.5732374,4.8759303,5.834663,3.9868543,5.441278,5.9462504,2.9720533,4.0065756,5.652824,4.665622,5.3517528,4.083085,4.081219,3.8829434,4.56652,5.098837,4.394452,5.417005,6.8369136,4.727453,4.7749486,5.351463,5.675759,4.4368315,3.7958555,3.589502,4.80191,5.2438807,5.401679,5.5163116,6.618179,4.3904243,3.4708903,7.2953677,4.07275,4.8127522,4.6448803,4.633389,4.1462126,4.4691167,5.244409,5.238742,4.4149427,5.807358,6.874975,6.8846774,5.0600224,5.751189,5.409472,6.154283,5.7485914,6.091213,6.6356072,6.3101344,7.238583,5.095384,4.82297,5.046528,5.159765,5.889932,6.196665,4.2907557,5.1439304,6.0643096,5.896601,6.2208724,7.1671267
20,6.414259,6.415376,4.740291,4.3536496,4.8775177,5.044717,7.040482,6.867151,3.9523542,4.562124,4.301266,4.727014,5.1232815,4.57622,3.7438688,3.746813,6.199471,6.722685,4.988182,3.2741652,0.0,6.2695904,5.313117,7.0470095,6.6216764,4.7563424,6.204282,7.2998767,5.2991786,3.907167,5.6167693,5.4917364,6.053952,5.4071255,4.5700912,4.162179,7.9684076,7.5590124,7.5728755,7.6783867,4.936104,4.695074,4.1333995,6.2689586,5.696526,5.6814995,6.4350224,5.4354253,5.165578,3.570506,9.183742,8.175494,7.383941,8.501542,8.311482,8.405331,8.26886,7.406577,7.2216125,7.184501,5.38024,7.130461,6.75031,7.430737,5.773896,7.071785,7.246609,4.7162285,5.7492976,6.8241115,6.183801,6.9118123,5.1133485,5.141137,5.002224,5.121667,4.3037133,3.9690328,4.6371427,7.960167,6.0980725,5.9108095,6.4902577,5.782321,5.96532,4.7733307,4.9023356,5.986238,5.129558,6.2351027,5.292905,6.2359595,5.389641,4.800245,7.2563124,5.105615,5.3531976,5.1771665,5.12122,5.1598277,4.9149876,5.673622,5.487753,4.8355026,5.379348,6.833152,6.9851894,5.264025,6.3151326,6.026565,6.929248,6.501857,6.3035674,7.084456,6.9315724,7.5841856,5.776592,5.549681,6.154878,5.8836765,5.755661,6.754591,4.7568264,5.403796,6.4949565,6.4241967,6.6870155,7.496062
21,7.817917,7.825671,6.492454,6.3741117,6.5525136,6.5573516,5.330992,5.1987867,6.764532,7.6653814,6.0144715,6.4834385,7.091264,6.1022453,7.288105,6.73612,7.274783,5.742587,7.0401325,5.868092,6.2695904,0.0,8.73254,7.620912,7.3988204,8.2789,8.215361,6.661579,8.640249,7.8127484,8.765476,8.668573,6.9129095,7.293502,7.462104,6.843662,8.649902,7.601892,7.394231,7.1625757,7.01327,7.186434,6.545632,6.938129,7.8168974,7.544258,8.886208,8.211965,7.119126,5.783589,7.3605804,7.6786456,9.362886,6.4635224,7.7641087,7.651298,7.7501464,6.8732977,7.6025777,7.5391145,6.0291996,7.858004,7.2405963,8.150398,7.5793324,8.948243,7.659932,6.682,6.628445,7.590597,7.2771735,7.7897906,8.151592,8.160746,5.9273243,6.8255844,7.4749265,7.282475,5.8175554,8.612985,8.385137,7.8237357,8.411484,8.117388,7.574529,7.3258333,7.3242593,8.132727,5.7753315,7.0199575,6.5158587,6.832581,7.370752,6.737179,5.3119636,6.819801,7.330896,7.5506577,7.5097136,6.646454,6.7224703,7.3714113,7.48695,6.4106193,6.660308,6.7803097,6.2344866,7.1641097,8.326337,8.087564,8.410099,8.037324,5.3316755,6.910304,6.3857007,7.769346,7.3255143,7.187446,6.8560443,7.4027233,4.3403735,4.225373,6.625148,7.482282,5.0225773,4.9268703,5.689266,7.0235696
22,7.579432,7.572363,7.576729,7.5216184,7.30836,7.236432,8.709367,8.666325,7.1089416,6.6284995,7.9422693,7.8676763,7.313605,7.5222664,6.3595943,6.8578434,7.3667116,7.657321,6.6769395,5.5942554,5.313117,8.73254,0.0,5.0977707,7.7316666,5.4466515,8.113174,8.204455,6.507477,6.526766,5.866123,6.7500515,6.939521,7.395944,6.1584005,5.135346,8.239854,8.746794,9.106476,8.231146,6.120524,7.4633427,6.7230525,7.516624,6.8881426,6.265023,8.177286,5.941219,6.4178147,6.087433,9.777182,9.3315525,6.0902667,9.03436,7.6141834,8.855105,9.08525,8.456854,7.557788,7.6970234,8.048844,8.970534,8.391676,9.079673,7.518107,8.035716,7.928345,6.4247293,6.9727106,7.1795588,7.503524,7.951393,6.771394,6.7824454,7.240873,7.62538,6.3035636,6.6036797,6.5424223,8.087508,7.1574574,6.994139,7.518885,6.2678375,7.063455,6.2897687,6.371445,7.2218494,7.954936,8.000544,7.6184115,7.1653404,6.9133396,6.769211,9.180699,7.019112,5.7874885,5.724643,5.7681856,6.027065,6.332893,6.876896,6.1810017,5.990486,4.475303,6.8070107,7.1967463,5.722119,6.3756065,6.212135,6.900813,6.670707,7.4396377,7.2953076,8.6029,7.9862094,5.7624345,5.6540785,6.473364,5.8387146,7.308933,7.6062264,5.5855,5.6575727,6.677274,6.6741567,6.2727137,8.062156
23,9.013356,8.990952,8.840801,8.806704,8.610827,8.593885,7.7432027,7.9651475,8.238405,7.8222713,9.023897,8.848288,8.689009,8.59241,7.8840513,8.450041,8.720781,7.136092,8.108608,7.078668,7.0470095,7.620912,5.0977707,0.0,6.952638,6.767453,9.368013,7.41113,7.8638396,8.290773,7.134421,8.075266,6.8861275,8.716158,7.7044945,6.7675667,10.104611,9.811212,10.003775,9.190349,7.981949,8.862307,8.497292,9.058588,7.937367,7.839918,9.868369,7.918473,8.214642,7.385729,9.504632,8.768056,7.6361427,8.003051,5.897465,7.7017965,8.189538,8.477321,8.596232,8.728218,9.274793,10.20735,9.392215,10.087287,8.99397,9.017213,7.7647443,7.92302,8.531937,8.11275,8.739109,8.775512,8.704851,8.722749,8.64511,8.863645,8.260389,8.553235,7.282147,9.001818,8.796645,7.846072,8.4858055,7.835535,7.9160695,7.8661265,8.196549,8.221479,9.047507,9.002266,9.182459,8.653261,8.331439,8.151068,8.191554,8.190124,7.5305953,7.57058,7.5680046,7.4373264,7.4962916,7.345239,7.5460415,6.9560533,5.5689144,6.9451766,6.5212646,7.7186437,8.363488,8.342749,8.34695,8.610674,7.0347877,7.3567047,7.9465528,7.7399592,7.8547916,7.6272235,8.12886,7.9425135,6.903474,6.969181,6.901067,7.2315555,6.1613936,6.146183,6.1823483,7.96049
24,6.2180233,6.2268267,6.56605,6.8217015,6.3215094,6.2314487,5.4845505,5.264943,5.902653,5.877513,7.1991796,6.4225936,6.1067705,6.352271,5.5763116,5.8980885,7.5977583,5.5663104,6.484053,6.1146693,6.6216764,7.3988204,7.7316666,6.952638,0.0,5.937878,5.5241513,5.7859035,4.144361,5.3913107,6.420458,4.6620784,5.486857,7.4521923,5.686892,6.2677636,8.380438,9.260784,7.9120865,8.985704,7.1608176,6.7939477,6.8901334,7.4578333,6.7391844,7.589975,7.1857524,7.5282197,7.8516417,7.2770596,7.8840666,5.875929,7.4908433,6.433023,6.090151,5.247835,7.541908,6.8064566,7.2647614,7.2842517,7.1348615,7.048594,6.750062,6.656242,6.554847,6.5026174,5.095239,6.4545503,6.8251514,6.5468097,6.270051,6.1661086,6.7616057,6.7639503,6.685765,7.184163,7.335276,7.044169,6.58342,7.938667,7.5473437,6.449079,6.1497474,7.5220485,6.1101866,6.4165473,7.3435326,7.0398235,7.770545,7.276614,7.506822,8.500783,6.46908,7.3008494,6.188971,6.605427,6.953823,6.705303,6.636917,6.964895,6.176138,5.80445,6.045019,6.440329,6.6037674,6.4493966,6.238412,7.157882,7.491305,7.797639,8.074732,8.16844,5.909154,5.2634373,5.772673,5.6269183,7.400595,7.391668,7.9289956,7.5072107,5.59158,6.4286723,7.263266,7.5527315,5.407891,5.3108473,5.7020516,6.514927
25,6.5334063,6.532228,5.0427175,4.8230987,5.483556,5.57043,7.845833,7.41709,3.9823205,3.9141357,5.3959303,4.7228494,5.3728294,4.544473,3.6664197,4.580436,7.861687,8.020992,5.939194,5.7363424,4.7563424,8.2789,5.4466515,6.767453,5.937878,0.0,5.65624,5.810684,4.579897,4.4238787,2.4789424,4.6946664,6.5791454,5.5664306,6.0944996,5.322042,7.9792395,8.016105,8.186559,7.3495097,6.3414145,7.159337,6.613202,7.9396105,6.2680726,6.6318555,7.6628246,6.375322,5.194223,4.897057,9.074241,7.7930727,6.284943,8.500109,8.295298,7.7868166,8.314467,7.841534,6.7407074,6.9445276,7.4818068,7.7597218,7.7221003,7.3980637,6.7878857,6.3795915,6.8381534,6.413887,6.743836,5.933406,6.5811973,6.440556,6.3228726,6.3698487,6.68625,6.483315,4.5956297,5.0687175,5.328366,7.206434,7.1472993,6.2385144,5.817448,6.0832815,6.122361,6.152472,6.6394563,6.300343,6.2587767,5.790131,6.210789,5.7605762,6.227372,6.9580016,7.420361,6.1990314,5.955223,5.7251496,5.578175,6.109038,5.5252805,4.9524837,5.1933355,5.7902226,5.9744005,7.0957346,7.2067204,5.7694025,6.3694234,6.381993,7.046549,6.7684493,7.3279843,6.806188,7.382307,6.2982783,6.0569444,5.67243,6.8691688,6.184447,6.196309,7.6567507,5.862298,6.153784,6.6330905,6.683956,7.290432,7.420191
26,4.4089255,4.426196,5.169259,4.9899917,4.309145,4.1723857,6.806541,6.5218563,5.198752,6.626782,5.608672,4.909427,3.644395,4.149504,5.430916,5.1088653,5.941517,7.127621,5.416178,4.979684,6.204282,8.215361,8.113174,9.368013,5.5241513,5.65624,0.0,6.528704,4.21625,5.771947,6.79545,4.0889406,7.4191394,6.4469647,6.1328025,5.849613,6.8295627,8.4602,6.999597,8.083689,5.1332364,5.733686,4.7760067,5.927035,4.071642,5.652112,5.4330277,5.5376782,6.6956816,5.93482,8.745523,6.969946,7.7201977,7.8190007,8.728853,6.411069,8.156753,6.7054887,5.856788,5.9447503,5.5230985,5.0281334,4.8649306,4.390596,5.012175,4.0916348,5.468048,4.8967867,5.050816,4.8645034,4.3489766,4.00071,4.798947,4.7678895,5.073947,5.509317,5.76971,5.251057,6.2941337,6.417406,5.934118,4.846868,4.0127187,6.549687,4.421814,5.0128736,5.311307,4.659918,6.2177553,6.0651965,6.114083,7.053288,4.9704757,5.7742877,7.6086407,4.9598355,5.447889,5.1437907,5.0926332,5.5013633,5.2929726,4.5409327,4.9604063,5.6175504,7.4841757,7.9988213,7.4995413,5.7100883,6.0208864,5.924764,7.0249615,6.4168315,7.128144,6.43833,6.5644813,6.202803,6.098401,5.506505,6.749107,6.185314,6.722906,7.5905356,6.204592,6.4345484,7.5534725,7.5002537,7.903092,7.246651
27,7.5938325,7.612279,6.3337083,6.2263627,6.788878,6.7800612,5.67179,5.1021347,6.3960342,7.5947366,6.6769094,6.141403,6.57525,5.871654,6.605069,6.5599403,8.803333,7.271492,7.927082,7.587895,7.2998767,6.661579,8.204455,7.41113,5.7859035,5.810684,6.528704,0.0,7.707813,7.5940027,6.4967093,7.7294,7.097151,6.884071,8.598951,7.2276325,8.401187,8.7127285,9.0723505,8.249557,7.0260453,8.87176,7.4817266,8.739993,7.7609305,7.9354916,9.103285,7.828159,6.28662,6.135879,7.028973,5.8951135,8.938853,6.7255073,8.288518,6.076503,8.320295,7.258238,7.818595,8.036417,8.318788,8.66923,8.553684,8.308813,7.7881374,7.5538697,6.1253295,7.4016786,7.7328186,6.8802814,7.54505,7.39933,7.969097,7.9840136,7.4308386,8.010585,6.40517,6.8136945,4.708872,7.9314013,8.317468,7.5144877,7.1395555,7.3563676,7.363869,7.3665605,8.079188,7.8125772,7.1988025,7.057057,7.1470494,6.4972525,7.473482,8.352017,5.391098,7.3969393,6.7401323,6.613011,6.5103436,6.9943337,6.024386,5.5028253,5.515538,6.0378976,6.0210876,5.8384194,4.9186745,6.4417114,7.025708,6.985816,7.9003077,7.355511,5.012634,4.6126723,5.539231,3.975105,6.903534,6.4776516,7.719928,6.9842653,3.950885,5.7247524,6.9359875,7.125042,5.8454943,5.987347,6.593244,5.3624554
28,5.046337,5.046128,5.6565347,5.885914,5.181961,5.097067,7.5033927,7.3021092,4.723854,4.486332,6.3267307,5.4450727,4.945394,5.3605056,4.262027,4.7521777,6.4084806,6.839454,5.058191,4.608909,5.2991786,8.640249,6.507477,7.8638396,4.144361,4.579897,4.21625,7.707813,0.0,3.6567738,5.0422783,1.939481,6.132007,6.500258,4.016706,4.966831,7.495576,8.528822,7.0290422,8.251206,6.0713086,5.4368396,5.628409,6.257167,4.9645386,6.194084,5.494631,6.0025826,6.935355,6.3128,9.1968975,7.4632945,6.181402,8.141852,7.480611,7.0001483,7.9370313,7.30105,6.2681303,6.2913165,6.0362363,5.951257,5.478568,5.507714,5.4017477,5.158652,5.7186985,5.216797,5.6625714,5.4858165,5.0829782,4.9492846,4.984176,4.99711,5.647058,5.76742,5.99477,5.56641,6.718718,6.9964013,6.314143,4.9995146,4.6606617,6.3915114,4.625361,5.0232167,5.7666297,5.388777,6.9081273,6.342261,6.5985246,7.844327,5.220988,5.791325,7.935005,5.4044094,5.9744945,5.6179004,5.528811,5.9066243,5.7106104,5.2751164,5.6190195,5.9921074,7.066674,7.709531,7.799299,6.229509,6.562719,6.92211,7.2136817,7.3422914,7.4422474,6.769406,7.1375012,7.0347657,6.395615,6.418885,6.914395,6.509659,7.038034,7.8020697,6.2853484,6.6760798,6.7903314,6.6519055,6.9844685,7.8762026
29,5.840063,5.84161,4.2428203,4.508134,5.08071,5.1302447,7.5128694,7.109752,3.6696055,3.4007266,5.015904,4.545453,5.1896663,4.8118362,2.649712,3.6758745,7.016568,7.158903,5.034,4.6848555,3.907167,7.8127484,6.526766,8.290773,5.3913107,4.4238787,5.771947,7.5940027,3.6567738,0.0,4.9870667,4.331022,5.750237,5.265053,3.8867877,4.8988514,7.5947003,7.669207,6.7264013,7.351478,6.6132574,5.974378,5.830216,7.07255,6.761717,6.8804784,6.179075,6.649315,5.9192557,5.2366824,9.590285,8.039822,7.4615984,8.551081,9.031146,8.426644,8.547484,7.9568057,7.0375967,6.9256625,6.185954,6.829175,7.1122947,7.0556045,5.4975095,6.909086,7.0213904,5.4730906,5.815487,6.865248,5.9917674,6.6467295,5.1096435,5.1538987,5.7778935,5.6731644,4.712623,4.1592064,5.9290915,8.331938,6.4859953,6.460639,6.3723636,6.492577,6.1361217,5.3365912,6.043636,6.9650493,6.060191,5.3286786,5.4926405,6.8919954,5.416064,6.0543847,7.2355433,5.7496758,6.2552543,5.9631824,5.8719883,6.3428698,5.612694,6.4070635,5.695147,6.155679,6.883151,7.391449,7.7182474,6.3023367,6.8492007,7.0212793,7.3641443,7.4154363,7.3818336,7.1238937,7.560849,7.6159563,6.4206004,6.6635675,7.0927334,6.554269,6.532151,7.8419595,6.311844,6.514152,6.8306546,6.770659,7.024601,8.001363
30,6.9564238,6.957421,5.632267,5.751057,6.121552,6.188019,8.392238,7.9503117,4.58331,4.3779025,6.151861,5.253383,6.2467785,5.5043554,4.4002485,5.1061378,8.485787,8.583647,6.854288,6.5854206,5.6167693,8.765476,5.866123,7.134421,6.420458,2.4789424,6.79545,6.4967093,5.0422783,4.9870667,0.0,5.275403,6.827584,5.8173256,6.396807,5.437195,8.475581,8.179979,8.49417,7.662105,6.736963,7.956363,7.179956,8.132904,6.864926,7.00717,7.9232616,6.6944304,5.374233,5.3414235,9.010229,8.119176,6.461456,8.728309,8.45219,8.092109,8.224036,8.278298,7.069554,7.289264,7.927388,8.416345,7.9631953,7.9848914,7.4037232,7.151753,7.000726,6.866124,7.4386005,6.134802,7.2219567,7.0454564,6.8784533,6.952139,6.964471,6.812665,4.8935757,5.7100806,5.467861,7.367377,7.781472,6.4230266,6.258322,5.744268,6.385496,6.363049,7.1794825,6.783858,6.9602056,6.380429,6.7267146,6.312629,6.690863,7.2288804,7.8032236,6.7366548,6.364788,6.057192,5.8413935,6.397258,6.010002,5.433773,5.7325006,6.0439057,6.5020847,7.227037,7.2854786,5.954574,6.642818,7.066808,7.260988,7.4034276,7.344598,6.6878614,7.8142776,6.7004685,6.224673,6.3547316,6.8719635,6.3333225,6.2905927,7.631722,6.1384897,6.7245054,6.6031065,6.575058,7.251158,7.63676
31,5.4577246,5.4592533,6.185405,5.867712,5.008526,4.9124775,7.539673,7.23526,5.3695245,5.270596,6.3584356,5.941287,4.9280286,5.3407326,5.07509,5.394918,6.3770866,6.836955,5.058939,4.6357846,5.4917364,8.668573,6.7500515,8.075266,4.6620784,4.6946664,4.0889406,7.7294,1.939481,4.331022,5.275403,0.0,6.5776815,6.875434,4.6071806,5.3485937,7.9209127,8.861914,7.328245,8.307551,5.996898,5.6642585,5.4484563,6.4774575,4.750044,5.975641,5.7368064,5.829547,7.260989,6.2766414,9.384952,7.694208,6.4861298,8.29632,7.4093804,7.0456347,7.920266,7.5667353,6.503154,6.5033603,6.4530473,6.2544413,5.6605606,5.71138,5.810125,4.8749633,5.9260025,5.600557,5.6700635,5.7888465,5.4666557,5.276029,5.297848,5.3273196,6.024681,6.1170187,6.366291,5.9428487,7.219878,7.394906,6.2624125,5.25188,4.8746696,6.627979,4.8104796,5.3085523,5.5095634,5.029839,7.24949,6.5793414,6.9652143,7.9042354,5.426446,6.035086,8.102465,5.666039,6.5717297,6.173451,6.047827,6.4326267,6.2384343,5.80223,6.167488,6.520844,7.1955843,8.121496,8.246575,6.7404895,7.137005,7.060723,7.7295904,7.455255,7.766789,6.9731317,7.603426,7.3661776,6.6882124,6.350693,7.101017,6.8118052,7.3430777,8.068234,6.811772,7.3630724,7.1328597,6.935326,7.3441796,8.282321
