,0,1,2,3,4,5,6,7,8,9,10,11,12,13,14,15,16,17,18,19,20,21,22,23,24,25,26,27,28,29,30,31,32,33,34,35,36,37,38,39,40,41,42,43,44,45,46,47,48,49,50,51,52,53,54,55,56,57,58,59,60,61,62,63,64,65,66,67,68,69,70,71,72,73,74,75,76,77,78,79,80,81,82,83,84,85,86,87,88,89,90,91,92,93,94,95,96,97,98,99,100,101,102,103,104,105,106,107,108,109,110,111,112,113,114,115,116,117,118,119,120,121,122,123,124,125,126,127
0,0.0,3.6772192,5.9872394,5.812975,5.8443723,4.194106,5.242433,7.365139,5.5094647,3.3149726,5.8273168,5.129748,7.917419,7.4273906,7.1314006,6.74024,5.676893,8.184,7.436196,6.0770035,6.306425,6.5674133,6.3070865,6.3088074,4.8167553,5.776065,6.1104665,5.9593425,3.7591474,3.6521978,3.987818,5.0721107,4.82229,4.41904,3.8922603,3.6942644,4.7765007,4.3775015,5.0141406,5.512788,5.095453,3.9537776,6.6350803,5.3471556,4.9143586,4.7954006,5.6101127,6.3508196,7.627313,7.467289,6.5851994,6.426774,6.0063853,7.36824,6.229232,5.175131,5.6002507,4.08016,5.3797903,2.0966852,4.3358808,3.7200809,5.2372704,5.0277853,4.8017907,4.1934257,4.695733,5.8674927,6.027916,6.640569,4.3918424,4.29183,4.655977,4.813214,5.796344,4.6551085,6.3276634,5.4162464,5.9895697,4.8881507,6.402148,5.8463974,4.6871643,4.884761,4.7101994,5.861336,7.6250367,7.6351614,4.78519,4.797296,4.852936,5.3122597,4.7849917,4.2188654,4.559952,4.236917,8.229085,6.7314234,6.981124,6.8964353,7.027054,7.528999,9.329156,6.601933,6.9459543,6.5077043,6.558519,6.4122424,5.2048793,7.1635113,5.0797443,5.5197964,6.5600038,7.0159645,7.0946703,6.997477,6.483106,5.5723066,7.850977,7.9953065,6.0061393,6.9309955,8.040639,7.007166,4.7405815,4.550697,7.1272087,7.1525507
1,3.6772192,0.0,4.640355,4.4348764,6.5838423,5.188869,6.0353937,7.9020867,6.8226476,5.4040585,6.116234,5.374304,8.322813,7.843774,7.1672664,7.326246,6.198455,8.383875,7.6716957,6.5472126,6.6255755,6.9103913,6.6758394,6.6842694,5.419434,6.2851133,7.152878,7.563672,4.7225494,4.7609706,5.8272333,6.495831,6.246722,6.2076807,5.787601,5.783298,5.465669,5.114708,5.6522455,5.9748898,5.647333,4.698549,6.7703004,5.753369,4.3419156,6.1747665,5.706667,7.369539,8.075163,7.928097,7.0431795,6.931388,6.545448,7.7893085,6.7057204,5.812875,5.8171883,5.283112,6.2020535,4.833453,5.1961246,5.9837,4.809787,4.6307,6.3362455,6.042525,6.3513417,7.3807654,6.3055625,6.8256626,6.01374,5.9261103,4.660162,5.1408286,6.381033,6.3131156,7.3266954,5.4344597,6.2218566,5.619487,5.4030538,5.9374266,5.1550064,5.358238,5.1770015,6.404735,7.9576883,7.9694996,6.0035744,4.6675596,6.153766,5.531054,5.4621277,5.769353,6.0420475,5.95252,7.187434,5.617157,5.9040318,5.705642,5.5917745,6.1237755,8.237335,5.023826,5.9552035,6.809246,6.8710823,6.717205,4.7787175,6.1517105,5.0563507,4.2905774,6.6844916,7.414885,7.2899413,7.195978,6.7589154,5.847561,9.014182,8.202941,6.340608,7.165165,7.2563186,7.2611036,5.139484,4.97047,7.348101,7.49136
2,5.9872394,4.640355,0.0,1.144014,5.8048096,5.9074306,5.509911,7.348875,5.417051,5.439999,6.3548923,5.7786436,5.81567,6.350103,4.7472773,6.1986837,5.814898,7.079805,6.956719,6.268396,7.067058,6.721176,6.8853965,6.7926774,5.034952,6.0176606,6.6073556,7.372395,4.975355,5.065931,6.522782,7.2955804,6.0305643,6.249737,6.232717,6.325086,5.136303,5.038638,5.931048,6.4685855,5.7301397,5.028504,6.456456,5.219634,4.4521203,6.5788584,5.465286,7.5889897,6.378548,6.275251,6.494229,6.590349,5.1713476,7.263189,5.8833785,5.458506,6.7848763,5.7563944,4.834977,6.665136,5.8982553,6.5789094,4.84319,4.231852,7.0200515,7.0885305,7.31137,7.4102383,6.7335377,6.719413,7.598212,7.5454087,5.2917023,5.483449,5.880867,6.95315,6.7889113,5.979267,5.233847,6.0537186,6.806569,7.2907176,5.558379,5.4617553,5.8100123,7.5841346,7.991669,8.135744,6.416227,6.299575,6.544486,5.905958,5.707247,6.0404553,6.902168,6.860358,5.9022956,7.413169,5.339043,5.324415,5.337575,5.551161,6.166634,5.622926,4.4320183,5.682809,5.7767944,5.9472857,5.427988,5.392013,5.6303086,4.924964,6.0256815,6.718129,6.55571,6.5201836,6.309853,5.90136,8.389059,7.2472205,6.207929,6.4370613,5.3572354,6.381523,6.728517,6.2807407,6.809182,6.416411
3,5.812975,4.4348764,1.144014,0.0,5.6658807,5.791523,5.594317,7.225733,4.9446096,5.290483,6.2408433,5.5559173,5.6291966,6.167185,4.667785,6.1218944,5.9161606,6.894649,6.9916153,6.340718,6.943288,6.789678,6.948804,6.858304,4.7296796,5.7385335,6.4277215,7.13954,4.7686276,4.824949,6.292826,7.0601215,6.1124105,6.1036105,6.1829834,6.2273493,5.2719793,5.183462,6.0189376,6.5737123,5.804832,5.1235533,6.342575,5.2999296,4.3380675,6.503297,5.35501,7.5202527,6.2157793,6.1004543,6.297139,6.429501,4.9447503,7.0907993,5.681837,4.9802194,6.420736,5.293547,4.953997,6.7522893,5.4577827,6.172292,4.298468,3.9736032,6.8445497,6.857665,7.053055,7.1767797,6.331824,6.339486,7.2718205,7.2077355,5.124389,5.37057,5.7328887,6.749964,6.3991804,5.8053937,4.9255257,5.773627,6.0498786,6.597211,5.4284253,5.322377,5.6752253,6.90705,7.33217,7.461914,6.2556825,5.8817163,6.3861127,5.784376,5.5817404,5.931046,6.7724714,6.7371774,5.774551,6.642746,5.200786,5.1714664,5.2975054,5.452146,6.0445867,5.5378327,4.3535314,5.611513,5.731613,5.8943205,5.35712,5.3193245,5.5825906,4.8692536,5.9169197,6.6312666,6.495757,6.448043,6.143102,5.7702394,8.246717,7.112935,6.108571,6.324425,5.237379,6.309472,6.6177444,6.104996,6.8638945,6.284329
4,5.8443723,6.5838423,5.8048096,5.6658807,0.0,3.573423,4.595503,4.5070434,6.061399,4.4965467,5.806346,3.451174,3.8318872,5.420395,3.9988737,6.62701,6.045573,4.561849,5.5341206,6.217063,7.0797977,6.873036,7.0648866,6.973216,6.465283,7.239893,7.379627,8.076725,4.614385,4.5984235,6.0467224,6.4999576,5.5263777,5.374484,5.2162724,5.27791,3.9551032,4.0724096,4.0359426,6.295746,5.934554,4.886154,4.181108,5.492171,4.636739,6.1907454,5.363764,7.1182804,4.887554,4.8461056,3.0294204,3.408434,5.2557006,7.700902,2.1311758,4.798011,6.669008,5.3246317,6.2645893,6.126082,5.828024,6.012286,6.9306016,6.6843524,5.593893,6.4184766,5.7606945,6.113872,5.340209,5.6876354,6.80007,6.281388,6.430056,6.2819967,7.264069,6.883684,7.4183598,6.7532716,6.4222536,5.5805817,6.8639736,7.535014,6.1875534,5.7945366,5.4813447,6.368406,6.3973284,6.4416556,5.228592,7.1880827,5.1384144,4.837266,5.3663497,5.724276,5.741068,7.445908,5.4438457,8.365209,6.5922313,6.5079913,8.391083,8.507175,6.954798,7.795831,6.2352786,5.409051,5.443148,5.634057,6.126799,6.989773,6.657525,7.2127028,6.8936954,7.113502,6.659619,6.7264137,6.5668077,6.4304547,8.784918,7.037086,6.6933856,6.2879343,7.519398,6.300532,5.806431,5.3543324,7.281236,6.2224665
5,4.194106,5.188869,5.9074306,5.791523,3.573423,0.0,3.693565,5.7222714,5.9707456,3.3844616,5.726691,4.9912844,6.178566,7.2342486,6.2548857,6.562356,5.6683135,6.0035315,6.26758,5.799228,6.722494,6.506517,6.6941304,6.585799,6.198638,6.965954,7.5394506,7.79984,3.732658,3.7538147,5.454456,5.985905,4.9921556,4.7349925,4.9108615,4.818623,3.2787316,3.380031,5.0121107,5.803082,5.651355,4.55154,5.6247935,5.110906,4.2954273,5.9970775,5.132516,6.6453924,6.9230757,6.809932,4.641124,4.883595,5.8436503,7.9338555,4.282523,3.744024,5.847789,4.6482906,6.1736884,4.604087,5.1441875,5.340913,6.322862,6.0856214,5.8194804,5.976756,6.115496,5.4494667,5.8795767,5.411743,5.6010904,5.436871,5.7083406,5.4466996,7.0309033,5.9498796,7.773481,5.842896,6.7347717,5.2490854,7.0141087,7.1992893,5.3217235,5.0774703,4.881276,6.0781755,6.2119374,6.2048297,5.554606,5.8975253,5.467501,5.323434,4.982951,5.2518144,6.1300535,6.2763643,6.5911074,7.6433764,6.146266,5.8995686,8.133807,8.369403,8.377633,7.108898,5.572996,4.5409803,4.573231,4.978458,5.9204216,6.2846394,5.9625487,6.5468855,5.7071123,6.030436,5.9485607,5.8559074,5.3495965,5.1791596,8.240783,6.497393,6.081026,5.639584,7.4828367,5.665872,4.937515,4.2633367,6.3360147,5.59363
6,5.242433,6.0353937,5.509911,5.594317,4.595503,3.693565,0.0,4.294463,5.8092093,4.396183,4.051498,5.694371,5.9991255,6.880122,5.856873,4.1007495,3.293355,4.5284925,4.625959,3.463974,4.921419,4.431829,4.656079,4.515219,5.8164787,4.786999,5.7061415,6.0145516,4.5834684,4.6223545,5.918347,4.7925453,5.1558385,5.124603,5.415135,5.4490542,3.822046,3.860118,5.3221474,3.6963558,5.606105,4.6955943,5.9961247,5.0080996,4.765761,6.2181845,5.2647505,5.2303643,6.7044015,6.5952272,5.3910675,5.5477457,5.3126802,5.370004,5.2242665,4.8185263,6.5550294,5.227833,5.414869,5.3494773,5.7940946,5.949252,6.8257422,6.4130483,5.066865,5.096254,5.2199807,4.8649898,4.891931,4.6337156,5.247845,5.1368346,4.560582,4.313964,5.1850376,5.0506,6.610708,4.912615,4.9210997,4.1023283,6.9641085,7.106531,3.7505872,3.4453907,3.631196,5.79663,5.889677,5.9829826,4.495156,5.6284795,4.3899555,4.3254805,3.4766898,3.9627838,5.1667647,5.439985,5.9975505,7.44005,5.2905426,5.253385,6.924511,7.2809114,7.4530077,6.590096,4.676304,3.3405032,3.3069224,3.6267278,4.4874334,5.021683,4.486864,5.2842164,4.47476,4.4384546,4.287677,4.2604485,3.8341334,3.4653852,7.0317955,5.313374,4.4282613,4.0714025,5.7373767,3.8423104,4.022164,3.8132832,4.7621374,4.267418
7,7.365139,7.9020867,7.348875,7.225733,4.5070434,5.7222714,4.294463,0.0,7.52356,6.451346,4.8592615,5.47579,5.96834,5.7532206,5.937837,5.997846,4.7434907,2.9330883,3.4775386,4.2861476,5.070479,4.819997,5.1193256,4.9930286,7.8125687,6.674287,6.9333215,7.6442327,6.476157,6.4752655,6.52657,5.966905,5.9826474,5.7662024,6.7907434,6.8539915,5.940262,5.9678164,5.9640756,5.609447,6.2254367,6.4783454,4.6205297,5.963837,6.2110667,6.5179224,5.8025084,5.417087,5.6549582,5.6411285,4.0945463,4.105484,6.7553954,6.346719,5.1370964,6.6414394,7.893588,6.831438,7.607177,7.633549,7.338475,7.4854703,8.198998,8.005037,5.6694,6.381558,5.6717386,6.354765,5.292577,5.922062,6.6867876,6.1894407,6.467779,6.249328,7.1323256,6.8555384,7.4495907,6.6710377,6.239489,5.4944015,6.9195576,7.561009,5.9756393,5.5401006,5.251927,6.1553288,6.266219,6.2767024,5.1031957,7.1158185,4.9785905,4.883589,5.2064543,5.7197866,5.7882333,7.64747,5.687024,8.152413,6.7540174,6.7383556,8.4634695,8.553032,7.3193545,8.01532,6.58086,5.7199197,5.701975,5.805869,5.8621855,6.8663845,6.4725184,7.0537257,7.0380635,6.9444623,6.493827,6.5963807,6.4677014,6.254521,7.599016,5.3717785,6.285733,6.13861,7.3429823,5.986768,5.4619203,5.356594,6.3648453,6.255266
8,5.5094647,6.8226476,5.417051,4.9446096,6.061399,5.9707456,5.8092093,7.52356,0.0,3.8318698,6.2656126,6.1381235,5.3945527,5.775247,5.2328568,5.1855226,5.9621177,7.18895,7.778396,6.28355,6.817217,6.9668837,7.0741277,6.9941087,3.817619,5.391247,4.6806855,5.1153355,4.5495133,4.447745,4.604555,6.073332,4.957548,4.651231,4.4940715,4.4014444,5.70556,5.6182857,6.7882648,6.843637,5.6364017,5.0004168,6.7590823,5.157677,5.1721354,5.138157,5.22142,6.2741957,6.8082886,6.6926203,6.8181977,7.0071034,5.2177773,7.1124883,6.459832,4.6665206,5.1893444,3.916801,4.4359384,6.241791,4.48792,3.5826447,4.8963633,5.046502,6.363754,5.767915,6.0321264,5.9848475,6.293668,6.1135793,5.5982056,5.716611,5.666087,5.6709237,4.8300824,5.466066,4.47852,6.0999556,4.702792,5.6823545,7.4186373,6.2829227,5.326062,5.1869907,5.755671,5.9774275,6.379303,6.5286994,5.802737,6.233932,5.7757916,6.7982893,5.7385254,4.869764,6.060568,5.5373855,8.2365265,7.5007725,7.4287148,7.3557763,6.7941475,6.9926405,8.041791,7.455796,6.65501,5.846811,5.9112906,6.110953,6.2426133,6.8931956,5.9061193,6.540929,6.272566,6.068116,6.366779,6.283233,5.83755,5.5078077,6.6673937,6.9920554,5.730937,5.9287996,6.3832693,5.958092,6.8019547,6.5686026,6.9203463,5.6838384
9,3.3149726,5.4040585,5.439999,5.290483,4.4965467,3.3844616,4.396183,6.451346,3.8318698,0.0,5.6816063,4.995389,5.858368,6.4428015,5.704706,5.9540133,5.258944,6.67414,6.636731,5.7391057,6.681248,6.5196576,6.6626663,6.5613794,5.063878,6.278698,5.5220866,5.6479425,3.134557,3.103987,3.8580256,4.8364053,3.7762847,3.7911968,2.967348,2.7590768,4.2776794,4.171872,5.3495364,6.007518,4.9840164,3.9091673,5.9874115,4.6683555,4.393015,4.3563075,4.9306445,5.5266604,6.8330693,6.7096624,5.797758,5.8573494,5.6485715,7.477408,5.1453443,4.213356,5.0841208,4.1398673,5.274091,3.9738948,4.3055854,3.5495079,4.7039056,4.4305925,4.641598,4.5105863,4.905176,4.65765,5.8441772,5.6859565,4.4859138,4.399388,5.049289,4.6096067,5.870545,4.3569956,5.3859935,5.2418933,5.5981803,4.750815,7.0220265,6.2036743,5.016084,4.868632,4.791992,5.962293,6.6211224,6.6597013,4.5226226,5.411812,4.5165606,5.454417,5.0232267,3.8382628,4.9870567,4.5564303,7.298589,7.647069,6.6641307,6.426965,7.2863207,7.343624,8.107553,6.723742,6.0414276,5.028742,5.0505624,5.4311504,5.5975647,6.5550814,5.556616,6.2649527,5.7813535,5.9363375,6.1385674,6.0707827,5.62765,5.201383,6.9262643,6.87901,5.575824,6.0541453,7.385575,5.9002037,5.434924,4.8137617,6.680572,5.8177
10,5.8273168,6.116234,6.3548923,6.2408433,5.806346,5.726691,4.051498,4.8592615,6.2656126,5.6816063,0.0,4.754815,7.1859293,6.370248,6.160637,4.424818,3.3131976,5.711831,6.2290773,3.754406,4.0897236,4.481567,4.113306,4.1394525,6.1891146,4.984132,4.729445,5.987368,5.19677,5.1831074,5.5144987,4.1026917,5.5741653,5.674861,4.885479,4.9536223,5.265744,4.9098215,5.6684036,3.0514336,5.3156734,4.4829454,5.763817,5.4530234,4.650296,5.5825634,5.314533,4.6534433,7.408276,7.3881354,6.379975,6.264043,6.5418386,5.028835,6.3761244,6.12461,5.405173,4.723493,5.649328,6.1767087,5.2496963,5.4281287,6.1712523,5.9735518,5.4493876,4.6784067,4.7292075,6.251277,4.4654408,5.519001,3.926141,3.8670022,3.87632,4.165296,4.5490685,4.926753,5.8837104,4.416165,4.633177,4.286481,6.457555,6.190509,3.2940445,3.507747,3.5303798,5.124712,6.706033,6.7269015,4.4798408,4.887386,4.342768,4.7799344,3.862112,4.1170163,4.530684,6.3369017,6.847556,6.193284,6.443496,6.302695,5.776448,6.016777,7.851316,5.894855,6.2883306,5.715558,5.623564,5.3491225,3.4085438,5.8363066,3.671746,4.207082,6.809038,6.528833,6.465396,6.4361753,5.9282746,4.8468266,8.134851,6.7198825,4.079852,5.350845,6.386092,5.1830993,3.2047725,4.023414,6.5848207,5.526204
11,5.129748,5.374304,5.7786436,5.5559173,3.451174,4.9912844,5.694371,5.47579,6.1381235,4.995389,4.754815,0.0,5.5356526,4.543216,4.13699,6.6970024,5.6685457,6.190564,6.4954715,6.066029,6.2457232,6.5558453,6.3515964,6.369096,5.631695,6.6815634,6.451445,7.452702,4.487196,4.4428077,5.0386767,5.935214,5.3428655,5.404832,4.0427203,4.2509913,4.629088,4.2184563,2.9671652,5.6188087,4.8201737,3.548806,3.640023,5.1411457,3.7947223,4.9395394,4.8056135,6.648566,5.7878633,5.7482934,4.5274596,4.3726835,6.077188,7.3980837,4.110831,5.878471,5.2422695,4.5123143,5.684279,5.589191,4.9358854,5.195727,5.9300866,5.7886343,5.4036417,5.829769,4.7927184,7.2635446,4.5817633,6.384412,5.7658424,5.1438813,5.602898,5.9216304,6.363087,6.6378403,6.607997,6.3416553,5.8087873,5.396683,6.0701737,6.5047383,5.515058,5.3854523,4.895089,5.679804,7.3048143,7.333404,4.6185474,6.367434,4.5300784,4.644596,4.9720917,5.28551,4.440422,6.981494,6.64632,7.379272,7.3923287,7.197136,6.974417,7.141882,7.5197287,6.9180403,7.390267,7.022084,7.005789,6.799703,4.79704,7.4435244,5.703572,6.0417943,8.119997,8.106426,7.627325,7.693876,7.457347,6.6252475,9.361859,8.126609,6.1395297,7.1103168,7.956334,7.079459,4.78015,5.1170774,8.056173,7.0482483
12,7.917419,8.322813,5.81567,5.6291966,3.8318872,6.178566,5.9991255,5.96834,5.3945527,5.858368,7.1859293,5.5356526,0.0,5.267164,2.7157648,6.1776934,7.126194,4.491476,6.3117847,6.899663,8.017703,7.9183626,8.086521,8.015284,6.441038,7.4986653,7.156347,8.101602,6.297291,6.292447,7.231468,7.8564935,6.3227797,6.466483,6.4579678,6.623481,5.45151,5.7880425,6.1483417,7.7066054,6.8613167,6.1524997,5.182287,5.8899274,5.3826222,7.0687284,5.7280183,7.580264,5.203491,5.176143,4.9478946,5.5390964,5.2233925,8.11668,4.430957,5.9375925,7.3092422,6.5684786,6.530568,8.191484,6.909817,7.118136,7.6341624,7.493024,7.2694755,7.8306136,7.1045275,6.686659,6.518038,5.704382,8.241447,7.854184,7.5117126,7.53304,7.288404,8.182236,7.1376963,7.9374824,6.4203477,7.0094028,8.139525,8.485429,7.295641,6.9695954,6.9884424,7.5554123,6.3267694,6.5025625,6.6778646,8.6596,6.623775,6.6994376,6.9180903,6.9236407,7.002981,8.386908,5.8150315,9.389141,6.94898,6.904202,8.32808,8.38794,5.7224503,8.693274,6.4307475,5.6735244,5.70194,5.84856,7.1474776,6.8380837,7.5723543,8.088817,6.9291945,6.757734,6.2794166,6.4049926,6.38434,6.6626606,8.160842,6.921407,7.4308634,6.0168376,6.423496,5.906375,7.7175293,7.5897636,7.1871324,5.8276634
13,7.4273906,7.843774,6.350103,6.167185,5.420395,7.2342486,6.880122,5.7532206,5.775247,6.4428015,6.370248,4.543216,5.267164,0.0,3.8322935,6.661479,5.857581,6.491975,6.517823,6.099967,5.974753,5.8969064,6.1505833,6.060179,5.7631364,6.935717,6.646892,7.6384735,6.0844817,6.08002,5.310818,7.667378,5.4247937,5.5256176,5.7333965,6.031396,6.524302,6.191968,5.36028,7.041018,4.537449,5.2345734,3.7725163,4.9050026,5.6223154,4.855347,4.7076344,6.8078213,4.8176284,4.800524,4.8612885,4.613566,6.663408,7.850505,5.9581485,7.135912,6.5843782,5.9015713,5.6831017,7.6838794,6.5440907,6.552193,7.1629696,7.0375457,6.9401555,7.531074,6.444564,8.831053,5.89343,7.8883276,7.562529,7.147123,7.113872,7.16276,6.3310485,7.799322,6.6046515,7.66392,5.583622,6.6467795,7.785946,7.77965,6.4442987,6.06155,6.04842,6.7116327,8.003196,8.155347,5.806316,7.982278,5.6788144,6.2781343,5.831119,6.131004,6.061695,7.643132,8.166927,9.043241,9.011717,8.979204,7.4780097,7.909999,7.8810725,8.267395,8.543634,7.9403462,7.9433146,8.034977,6.224852,8.592845,6.7858667,7.3332157,8.9052305,8.431141,7.9653935,8.061041,8.181447,7.526293,8.520825,7.2440934,6.5247726,7.807128,8.170709,7.7229695,6.824181,7.098089,8.078131,7.7551093
14,7.1314006,7.1672664,4.7472773,4.667785,3.9988737,6.2548857,5.856873,5.937837,5.2328568,5.704706,6.160637,4.13699,2.7157648,3.8322935,0.0,5.6214595,6.296823,5.4173303,6.5843625,6.379058,7.042981,6.969819,7.0420656,6.9925723,5.5208364,6.7279773,6.456998,7.4868994,5.9314694,5.9433265,6.494641,7.480867,5.8939524,6.1797857,5.521077,5.8474936,5.244327,5.2383056,5.0193315,6.6818724,5.741679,4.847441,4.45557,5.245788,4.3918138,6.110094,5.161236,7.226187,5.248806,5.208527,4.841896,5.1808906,5.478102,7.7898617,4.9471865,6.462104,6.6361127,5.9373555,5.4579334,7.3231993,6.549368,6.582994,6.620643,6.3554425,6.8143864,7.3606725,6.222427,7.510563,5.531373,5.951992,7.5294623,7.104775,6.7994246,6.8721714,6.1895084,7.7731442,6.534822,7.4193263,5.2814493,6.5203457,7.5345597,7.5754547,6.1841235,5.901872,5.845837,6.9506855,6.9371424,7.131056,5.5733695,7.6013894,5.539347,6.0082784,5.7270722,5.9590006,5.771627,7.4626827,6.1455507,8.833804,7.1873536,7.2132545,6.844747,7.513211,5.857356,7.7658362,6.746173,6.4980664,6.5008044,6.518146,5.771175,6.709814,6.4262276,6.6611156,7.483461,7.0770683,6.4552774,6.5991497,6.726366,6.4450555,8.569181,7.2984166,6.3662353,6.26477,6.2510524,6.16211,6.651509,7.0703864,7.424185,6.3811183
15,6.74024,7.326246,6.1986837,6.1218944,6.62701,6.562356,4.1007495,5.997846,5.1855226,5.9540133,4.424818,6.6970024,6.1776934,6.661479,5.6214595,0.0,4.333269,5.570256,6.385364,3.899971,4.3663898,4.6538787,4.390033,4.39246,5.225006,4.1757784,4.3933234,5.1099305,6.286375,6.2943707,6.429335,5.579758,5.9336824,6.1636653,5.9669003,6.1961346,5.7478075,5.7515383,7.0254683,3.8437436,5.8548517,5.1732817,6.573898,5.264609,5.0112295,6.30239,5.3948264,5.006321,7.27476,7.17813,6.7495723,6.967833,5.4351864,5.3986416,7.4392347,6.547665,6.3079543,5.810636,5.326461,6.618702,6.3653717,6.3622184,7.228736,7.0519495,6.200566,5.4690394,5.2489414,5.7873373,4.9044886,4.139578,5.313162,5.3919587,4.8885736,4.9186907,3.0421505,5.5255013,5.514908,5.369145,3.5120184,4.912092,7.5528884,6.8663554,3.3738704,3.5819573,4.0915704,5.6311736,5.4926286,5.713093,4.9406,6.012416,4.8189826,5.7478194,4.1754003,4.096422,4.9308653,5.509715,7.098886,7.3280816,6.068108,6.4213333,5.2648053,7.0470366,6.910231,6.6837363,5.9478674,4.83544,4.747269,4.5581307,4.03985,4.6184587,3.63802,4.671478,4.878514,3.6145504,3.552472,3.5573483,3.6672523,3.0264914,6.0757523,5.280776,3.732212,3.1262045,4.171915,3.114758,4.7274184,5.8234763,4.584366,4.9504027
16,5.676893,6.198455,5.814898,5.9161606,6.045573,5.6683135,3.293355,4.7434907,5.9621177,5.258944,3.3131976,5.6685457,7.126194,5.857581,6.296823,4.333269,0.0,5.6654735,4.56746,2.555185,3.2887278,2.5676348,2.9637043,2.7575972,5.429146,4.2414856,4.5015736,5.3549533,4.498374,4.584854,5.169197,4.350995,4.9343452,5.2959886,5.225292,5.3578544,5.334452,4.933021,5.4602795,3.0697699,4.4051967,4.3331637,5.8178186,4.605249,5.10506,5.1498218,4.7861676,4.361048,6.603116,6.5222697,6.2666535,5.965265,6.0639215,4.3386264,6.2807655,5.8906193,5.8663325,5.2689815,4.9812675,5.847848,5.4288154,6.006098,6.62726,6.219502,4.7168274,4.6631308,5.000418,6.4491544,4.663428,6.371108,4.99628,4.9325337,3.608171,3.4632056,4.029466,4.402243,5.540781,3.9734573,3.9587922,3.4905448,6.7784734,6.992774,3.2857807,2.9354522,3.3006175,5.6160517,7.2253637,7.3198905,4.2500763,5.7243366,4.0999775,3.9256215,3.3134313,3.5361664,4.8567095,5.311294,7.2052665,7.129394,6.6189327,6.515839,5.7155375,5.8127117,7.7840447,5.599992,6.1503806,5.1302447,5.055796,5.261938,3.493432,6.2190723,3.5879827,4.653707,5.9074445,5.739892,5.6897235,5.6770673,5.5392847,4.4174886,7.151077,5.8407106,3.5391,5.556899,6.6465015,5.326957,3.759937,3.4896657,5.5842624,5.696053
17,8.184,8.383875,7.079805,6.894649,4.561849,6.0035315,4.5284925,2.9330883,7.18895,6.67414,5.711831,6.190564,4.491476,6.491975,5.4173303,5.570256,5.6654735,0.0,3.7020512,4.997086,6.2852297,6.1885896,6.415869,6.3230658,7.778984,6.919989,6.961185,7.9508696,6.779673,6.8043294,7.5777745,6.5907407,6.6429105,6.6845703,7.3518577,7.4454336,5.9464316,6.266465,6.7483635,6.3379903,7.1170335,6.923666,5.2508564,6.2636046,5.988763,7.473173,5.9402905,5.988381,5.900754,5.8840747,4.8254824,5.2569633,6.1503143,6.491728,4.9706616,6.308281,7.7959156,7.2545133,7.8732696,8.517021,7.450126,8.021891,8.479813,8.3777685,6.410313,7.008129,6.47603,5.697215,5.6424456,4.7397895,7.399362,6.973675,6.7242875,6.639661,7.2805643,7.422367,7.381909,6.861393,6.3505015,5.936245,7.1500344,8.055033,6.592738,6.228847,6.05533,6.599318,5.166766,5.2197185,6.06513,7.8890314,5.970123,5.532607,6.195234,6.4912853,6.666643,8.303906,4.47792,8.255082,5.7528796,5.6644807,8.321561,8.187926,5.7160316,8.014128,5.5685,4.529876,4.498122,4.6462736,6.299302,5.8273816,6.842958,7.442645,5.9779196,5.8840485,5.3902073,5.5249705,5.4081416,5.715122,7.3881335,5.1661363,6.7427254,5.0812006,6.1654773,4.833027,6.362833,6.1247673,5.870244,5.1798024
18,7.436196,7.6716957,6.956719,6.9916153,5.5341206,6.26758,4.625959,3.4775386,7.778396,6.636731,6.2290773,6.4954715,6.3117847,6.517823,6.5843625,6.385364,4.56746,3.7020512,0.0,4.203566,5.42099,4.9536757,5.296671,5.168402,7.360172,6.4246264,6.775079,7.49278,6.210213,6.279708,6.9294834,6.1893134,6.1078987,6.3492713,7.3693604,7.4640217,6.19011,6.2576127,6.0728974,5.889074,6.1414876,6.5798025,5.3514266,5.722571,6.4367332,6.7720394,5.673381,5.647987,5.4718113,5.3844695,5.3391886,5.1950626,6.1997623,5.7918296,5.340829,6.6698513,8.073267,7.556304,7.5658164,7.6620135,7.3233614,8.24076,8.690373,8.385801,5.361298,6.372135,6.245856,6.354767,6.0080414,6.605181,7.64201,7.185228,6.0389066,5.995217,7.089144,6.842896,7.3253417,6.3262463,6.3299885,5.288419,6.9814553,8.462249,6.5468674,6.0753584,5.9396915,7.134308,7.160196,7.209924,5.791145,8.105208,5.727249,4.390068,5.9521155,6.1781645,6.3691435,7.5371327,5.631062,8.453159,6.1807556,6.1085134,8.066468,7.6848536,6.6485605,7.377796,6.2191024,5.2744927,5.2602725,5.4271884,5.9289503,6.8036904,6.5244846,7.259535,6.0188885,6.477161,6.03708,6.1592665,6.219779,5.9939795,7.017735,5.54082,6.6924915,6.374156,7.3571267,6.235307,6.164884,5.350838,5.519745,6.5106726
19,6.0770035,6.5472126,6.268396,6.340718,6.217063,5.799228,3.463974,4.2861476,6.28355,5.7391057,3.754406,6.066029,6.899663,6.099967,6.379058,3.899971,2.555185,4.997086,4.203566,0.0,2.651173,2.8294623,2.3532317,2.379852,5.7411046,4.537024,4.874499,5.7012005,5.498464,5.5218697,5.0340886,4.8513536,4.245624,4.588194,5.60028,5.721949,4.911059,4.7818336,5.875055,3.4950554,4.1306615,4.731008,5.130499,3.7641966,4.87945,4.92145,3.970452,3.2518966,6.675844,6.597045,5.957408,5.8246546,5.9623528,4.88186,6.6372595,6.179578,6.1646543,5.6242194,5.4844437,6.0989256,5.870687,6.287207,7.309394,6.9731307,5.7655954,5.2497034,5.4231076,5.862924,5.5636935,5.6093435,5.2696123,5.2258964,4.3271456,4.7020583,4.519406,5.5129275,6.363992,5.11034,4.9545417,4.758895,7.3821697,7.4352837,3.9202855,3.997118,4.2644873,6.1732283,6.741707,6.8339233,5.1267033,6.221746,4.9904666,5.069406,4.3697033,4.5518484,5.0750113,5.986612,6.99276,7.360447,6.0369215,5.9591875,6.1220865,6.3986464,7.6907897,6.5119915,5.9233856,4.851559,4.753584,4.4506745,4.083025,5.400842,4.0873146,5.022237,5.5309844,5.1829267,5.0773644,5.0569177,4.6121693,3.7281034,5.7265763,4.425295,4.4846735,4.4813075,5.794302,4.2329435,4.1712165,4.700724,3.82322,4.790222
20,6.306425,6.6255755,7.067058,6.943288,7.0797977,6.722494,4.921419,5.070479,6.817217,6.681248,4.0897236,6.2457232,8.017703,5.974753,7.042981,4.3663898,3.2887278,6.2852297,5.42099,2.651173,0.0,1.9979172,1.1784768,1.2660931,5.7505803,4.544146,5.455601,6.0502367,6.030577,6.040904,5.201044,5.357976,5.4152226,5.431655,6.2794285,6.4498096,6.257005,5.9276147,6.4256454,3.4265096,4.241232,5.1410203,5.419898,4.6090336,5.469377,5.1432853,4.560323,4.374804,6.747839,6.654894,6.105439,5.7749453,6.4428716,5.2574377,7.5264916,6.9186625,6.242748,5.7364044,5.9224133,6.3457646,6.107979,6.6112876,7.535911,7.4093866,5.8988743,5.331578,5.2620773,7.215869,4.97293,6.321658,5.2424994,5.195484,4.4921103,4.7704463,4.0673475,5.568616,6.505199,5.119549,4.513477,4.5493684,6.7783976,6.8587184,3.4927948,3.5979888,3.879037,5.1933694,6.8696475,6.957156,4.999353,5.8631935,4.828726,4.9803305,3.8732908,4.522312,4.924385,5.9265637,7.9373784,6.614878,7.0552416,7.2642593,5.7146215,7.0607567,8.330561,6.320407,7.214135,6.352233,6.294613,6.0594893,3.6943314,6.382113,3.6150181,4.6324897,6.516128,6.0422316,5.8910418,5.858344,5.79056,4.631708,6.5363994,5.089663,4.040462,5.505077,6.6289864,5.6213017,3.7574828,4.7300477,5.02128,6.657254
21,6.5674133,6.9103913,6.721176,6.789678,6.873036,6.506517,4.431829,4.819997,6.9668837,6.5196576,4.481567,6.5558453,7.9183626,5.8969064,6.969819,4.6538787,2.5676348,6.1885896,4.9536757,2.8294623,1.9979172,0.0,1.623713,1.1894146,6.206814,5.0892773,5.8930817,6.495418,5.9117355,5.9922295,5.6468105,5.8254147,5.462241,5.669495,6.4805865,6.6794047,6.3467674,6.0046983,6.497969,3.628369,4.430767,5.320804,5.732812,4.7960877,5.824206,5.4701037,4.9793,4.829806,6.5309906,6.4449706,5.916908,5.546212,6.6553946,5.5957074,7.3524723,6.9660335,6.86575,6.2888546,5.953445,6.453826,6.690434,7.151276,7.690552,7.357743,5.7592025,5.7393622,5.7472878,7.496648,5.236921,6.865662,5.906716,5.865058,4.877315,4.553354,4.5690937,5.5043654,6.720033,5.0145464,4.5437756,4.5022187,7.248449,7.37106,3.7053647,3.3655298,3.6979902,5.839547,7.3836055,7.496683,4.8779793,6.101947,4.718245,4.733354,3.6292188,4.3242145,5.4558,5.841502,7.776774,7.5133867,7.22424,7.452252,6.031732,7.3499684,8.23386,6.2065644,6.975357,6.101633,6.048461,6.236846,4.0993614,6.605468,3.9707587,4.9229965,6.384179,5.9596157,5.81498,5.798448,6.0562153,5.05644,6.8467116,4.9598975,3.9403746,5.840747,6.8882265,5.9071846,4.2078037,4.5758786,5.265158,6.928824
22,6.3070865,6.6758394,6.8853965,6.948804,7.0648866,6.6941304,4.656079,5.1193256,7.0741277,6.6626663,4.113306,6.3515964,8.086521,6.1505833,7.0420656,4.390033,2.9637043,6.415869,5.296671,2.3532317,1.1784768,1.623713,0.0,0.43928725,5.934936,4.747639,5.564247,6.168415,6.0650525,6.097285,5.3630023,5.458522,5.238748,5.462287,6.229809,6.4261656,6.015981,5.672464,6.233058,3.0367358,4.1052804,4.9699173,5.53068,4.4882083,5.5305295,5.1834345,4.695533,4.437279,6.775712,6.6926737,6.2141466,5.850184,6.4670734,5.323619,7.5484667,7.1357055,6.6266885,6.036638,5.707016,6.097983,6.390834,6.84003,7.7487693,7.427913,5.9345303,5.4223003,5.45718,7.281186,5.406062,6.626283,5.568242,5.5375223,4.5241337,4.738954,4.1785417,5.6294255,6.809482,5.1955996,4.7531705,4.7328787,7.371046,7.4435983,3.5468678,3.6609988,3.973938,6.001113,7.5297093,7.632051,5.0643487,6.163092,4.9038677,4.971435,3.8961098,4.513156,4.9617777,5.959753,7.9345903,7.300926,7.033779,7.2702785,5.7678814,7.1261196,8.388928,6.3531384,7.150954,6.3025517,6.227777,5.99027,3.7184176,6.380403,3.5912824,4.6061893,6.516295,6.102721,5.9413395,5.918326,5.91096,4.735829,6.6498404,5.2497435,4.0901637,5.565766,6.665938,5.652027,3.849001,4.8121777,4.8882413,6.7115483
23,6.3088074,6.6842694,6.7926774,6.858304,6.973216,6.585799,4.515219,4.9930286,6.9941087,6.5613794,4.1394525,6.369096,8.015284,6.060179,6.9925723,4.39246,2.7575972,6.3230658,5.168402,2.379852,1.2660931,1.1894146,0.43928725,0.0,5.9600296,4.771064,5.597513,6.1900606,5.96686,6.011373,5.3791933,5.4857025,5.241633,5.4552827,6.2428746,6.437829,6.051234,5.7054286,6.2642612,3.106599,4.1384144,5.009027,5.5596304,4.519674,5.564552,5.2097745,4.7305574,4.481664,6.6822386,6.5972433,6.0995626,5.7324214,6.4716125,5.341341,7.4608717,7.0384126,6.6548643,6.0471663,5.7170734,6.1261888,6.421548,6.8644485,7.677174,7.3494678,5.828515,5.4363747,5.4757614,7.280566,5.312553,6.6414566,5.5894313,5.5599046,4.5466113,4.6102433,4.2136974,5.51922,6.7382684,5.0801883,4.6338844,4.599723,7.2991576,7.3733716,3.4905407,3.4884481,3.818548,5.9089026,7.4525757,7.557637,4.9476285,6.074626,4.786442,4.851509,3.7361758,4.3783946,5.0355396,5.854636,7.858904,7.313065,7.0349708,7.2721663,5.796646,7.1528897,8.326879,6.26741,7.0511928,6.192813,6.1238523,6.0017743,3.7508817,6.388738,3.6121256,4.6215997,6.4233084,6.0089917,5.8574286,5.8343167,5.8918743,4.754431,6.653091,5.1228633,3.9683633,5.5864286,6.681039,5.6668854,3.8698666,4.6791544,4.9344063,6.722257
24,4.8167553,5.419434,5.034952,4.7296796,6.465283,6.198638,5.8164787,7.8125687,3.817619,5.063878,6.1891146,5.631695,6.441038,5.7631364,5.5208364,5.225006,5.429146,7.778984,7.360172,5.7411046,5.7505803,6.206814,5.934936,5.9600296,0.0,3.88984,5.110579,5.2484756,4.212571,4.1340933,4.821782,6.1747,5.424147,5.2913346,5.0681973,5.1706676,5.077633,4.7328005,5.2454233,5.63346,4.616926,3.799104,6.2850747,4.503412,4.569569,5.304731,4.5934258,6.8635554,6.5361705,6.363166,6.889649,6.827152,4.329833,6.1710815,6.50454,5.131682,5.005036,3.6950612,2.9586773,5.3257985,3.9783947,4.5274224,5.8885946,5.8589573,6.3006473,5.744077,5.7968545,7.1835685,5.694727,6.6622224,6.166053,6.1381927,4.6423535,5.451086,3.624356,5.9693565,5.649218,5.9410453,4.2187696,5.158579,6.921949,6.984844,4.521984,4.5946937,5.264013,5.9101367,7.275512,7.468129,5.8465414,6.6334333,5.8273034,5.7742743,4.849268,5.0736327,5.445687,5.3865,8.593508,7.0159183,7.268626,7.2635016,5.6626277,6.230474,8.257696,6.8101883,7.08609,6.3710847,6.4208126,6.1505065,4.928601,6.953781,4.7203727,5.530363,6.4102397,6.3891745,6.29047,6.2262845,5.8234615,4.871607,7.6057954,7.473898,5.126542,5.987889,6.4820275,6.173136,5.711225,5.8690367,6.3096333,6.1625447
25,5.776065,6.2851133,6.0176606,5.7385335,7.239893,6.965954,4.786999,6.674287,5.391247,6.278698,4.984132,6.6815634,7.4986653,6.935717,6.7279773,4.1757784,4.2414856,6.919989,6.4246264,4.537024,4.544146,5.0892773,4.747639,4.771064,3.88984,0.0,4.205054,4.030381,5.6301107,5.5387435,6.0878224,5.0854545,6.599494,6.1519365,6.4739437,6.4764514,6.0952544,5.819355,6.2666235,4.4294543,6.137203,5.546753,7.389066,6.030393,6.0966463,6.6844406,6.1413374,6.2020454,7.28203,7.123869,7.58416,7.5187073,5.130118,3.3845181,7.2715816,6.072191,6.827981,5.01704,4.6107607,6.3727827,5.5365925,5.711013,6.8531513,6.808031,5.783184,5.060944,5.2260313,6.6372695,5.137705,6.2622547,5.806324,5.777379,4.1788316,5.0245395,3.1497967,5.4401283,5.4594555,5.5485625,3.5045161,4.4894056,6.3350086,6.5432487,3.8263552,3.8870075,4.7346663,5.4479756,6.869118,7.0295362,5.338642,6.015911,5.3418226,5.216685,4.1005316,4.6770425,5.151008,5.276568,8.118967,6.2429748,6.6488867,6.770437,5.905367,6.2570357,8.374144,6.9806085,6.605876,6.062675,6.1168194,5.7063017,4.4781985,6.451065,4.3104763,4.9622927,5.9558663,6.010825,5.924035,5.8907666,5.322221,4.3273983,7.2616925,7.0807414,4.694738,5.5613766,5.7980647,5.6298976,5.158015,5.4039865,5.868288,5.7597866
26,6.1104665,7.152878,6.6073556,6.4277215,7.379627,7.5394506,5.7061415,6.9333215,4.6806855,5.5220866,4.729445,6.451445,7.156347,6.646892,6.456998,4.3933234,4.5015736,6.961185,6.775079,4.874499,5.455601,5.8930817,5.564247,5.597513,5.110579,4.205054,0.0,3.085257,5.8423305,5.7833004,5.3335805,4.209702,5.571081,5.8817034,4.868778,4.8984923,6.8638406,6.6225433,7.0072136,5.232423,5.957867,5.3715534,7.266528,5.9491568,5.917648,5.2351613,6.022118,4.316689,7.834628,7.751485,8.148178,8.087597,6.403626,4.931018,7.693542,6.992034,5.897386,5.6989627,5.6488986,6.553868,5.6236587,5.1489115,6.136885,6.052777,4.991653,4.0121975,4.38451,5.734593,5.755733,6.32418,4.6646757,4.63691,4.474014,4.7666607,3.812465,4.4250345,2.6794827,5.1041675,4.0162888,4.9524145,7.0164366,5.9940066,4.828138,4.8312273,5.2083907,6.1106257,7.3196177,7.421592,4.7343554,6.0218,4.7798767,5.9022374,5.578976,4.0603576,4.4242573,5.0953455,8.060956,7.038059,7.2086987,7.119488,5.5565567,5.4620447,7.7038856,6.571931,7.135971,6.5066695,6.462171,6.1880555,4.750949,6.673258,4.7098117,5.4279685,6.586498,6.336216,6.526578,6.5472207,6.252664,5.306998,6.359477,7.5871744,5.128069,6.044579,6.3166456,6.0055823,5.8189764,6.078143,6.747827,6.1790886
27,5.9593425,7.563672,7.372395,7.13954,8.076725,7.79984,6.0145516,7.6442327,5.1153355,5.6479425,5.987368,7.452702,8.101602,7.6384735,7.4868994,5.1099305,5.3549533,7.9508696,7.49278,5.7012005,6.0502367,6.495418,6.168415,6.1900606,5.2484756,4.030381,3.085257,0.0,6.3288546,6.2202063,5.621802,3.9939084,6.3333097,6.1685967,5.737056,5.633651,7.316986,7.0936046,7.504881,6.0257754,6.6993914,6.198931,8.285966,6.7078485,7.007027,6.1094594,6.988126,5.3618507,8.509615,8.367795,8.825303,8.717051,6.825484,5.448914,8.425405,7.3095646,7.065925,6.0692153,6.0707726,6.532338,6.198156,5.293689,6.366034,6.333896,5.360203,4.2916408,4.627531,5.964679,6.262353,6.7750187,5.109704,5.1344895,5.1889577,5.4048576,4.3789744,4.674426,4.1111226,6.145013,4.6007967,5.2893476,7.625331,6.509545,5.263149,5.290922,5.867957,6.439215,7.723492,7.8353405,5.158157,6.3485847,5.21793,6.5232644,5.675019,4.4034677,4.7890553,4.3628764,9.243584,7.684322,7.888069,7.8773146,6.9459186,7.0295215,9.093807,7.797491,7.8846593,7.056837,7.052354,6.828676,5.6548448,7.4674315,5.6389937,6.4146485,6.9566584,6.730113,6.952857,6.955158,6.3851976,5.555785,6.462404,8.002765,5.2067127,6.7270455,7.2811875,6.61987,6.397019,6.617219,7.030952,6.664564
28,3.7591474,4.7225494,4.975355,4.7686276,4.614385,3.732658,4.5834684,6.476157,4.5495133,3.134557,5.19677,4.487196,6.297291,6.0844817,5.9314694,6.286375,4.498374,6.779673,6.210213,5.498464,6.030577,5.9117355,6.0650525,5.96686,4.212571,5.6301107,5.8423305,6.3288546,0.0,0.33802024,4.155836,4.787148,4.5861373,4.5717897,4.053791,3.903384,3.9780505,3.5796278,4.4315586,5.303087,4.3657675,3.3645945,5.596796,4.3950567,4.129883,4.851744,4.3771424,6.342132,5.878049,5.7713575,5.6700244,5.4286323,4.7103214,6.290707,4.2346244,2.9408276,4.308569,3.0778568,4.257216,4.6340246,2.492042,3.978278,4.9938073,4.7915993,4.8630905,4.7049365,5.6281066,6.01556,5.420518,6.579209,5.2639437,5.2055116,3.7235787,3.8805494,5.347039,4.4551396,5.9526615,4.224503,5.239392,3.7397633,6.225769,6.9045777,4.6487756,4.4387975,4.7337155,5.6688833,7.2111034,7.2474794,5.300689,5.9955063,5.21431,4.342789,4.6499143,4.606255,5.6858816,5.85738,7.273522,6.6704683,6.5051413,6.2252374,6.686648,6.1283827,8.011768,5.6617584,6.014968,5.0068517,5.0414824,5.3129005,4.978195,6.8942146,4.949071,5.813495,6.012758,6.667878,6.794994,6.689172,6.164289,5.370241,8.14788,7.1637716,5.1254916,6.3567014,7.5902166,6.3908553,4.9681463,3.4555523,6.7659965,6.02193
29,3.6521978,4.7609706,5.065931,4.824949,4.5984235,3.7538147,4.6223545,6.4752655,4.447745,3.103987,5.1831074,4.4428077,6.292447,6.08002,5.9433265,6.2943707,4.584854,6.8043294,6.279708,5.5218697,6.040904,5.9922295,6.097285,6.011373,4.1340933,5.5387435,5.7833004,6.2202063,0.33802024,0.0,4.029603,4.6979837,4.5620856,4.4403353,3.9943364,3.805559,3.9379041,3.5396862,4.386756,5.339608,4.406789,3.4028943,5.6087127,4.4374104,4.2049847,4.8213954,4.420591,6.3413253,5.8641005,5.7559433,5.6762323,5.4411807,4.6417885,6.23386,4.209252,2.8533192,4.3471384,2.8575807,4.1926446,4.582459,2.3254595,3.7264814,4.977375,4.8081837,4.8682723,4.6292863,5.56167,5.9423575,5.448981,6.5729814,5.1984715,5.13598,3.7586534,3.9993336,5.340885,4.46036,5.930193,4.357529,5.2721715,3.7946243,6.21586,6.8559833,4.6791854,4.4912925,4.811477,5.632847,7.191625,7.224064,5.3149014,5.995301,5.2264905,4.423202,4.6815743,4.629549,5.630119,5.863557,7.353001,6.63115,6.5548615,6.28143,6.804821,6.217997,8.130251,5.857312,6.101042,5.0876465,5.1287913,5.333395,5.061455,6.971582,5.0241776,5.888149,6.0903344,6.7531705,6.8840523,6.777791,6.1949368,5.4065204,8.118516,7.2228813,5.2080984,6.3744493,7.6122966,6.4238396,5.0127378,3.560688,6.7952743,5.986857
30,3.987818,5.8272333,6.522782,6.292826,6.0467224,5.454456,5.918347,6.52657,4.604555,3.8580256,5.5144987,5.0386767,7.231468,5.310818,6.494641,6.429335,5.169197,7.5777745,6.9294834,5.0340886,5.201044,5.6468105,5.3630023,5.3791933,4.821782,6.0878224,5.3335805,5.621802,4.155836,4.029603,0.0,5.0671024,2.5420048,2.1674879,3.2485425,3.055054,5.207693,4.823185,5.5089855,6.064343,3.021641,3.9476743,5.0141773,3.5677984,4.881827,1.8487386,3.7651525,4.5999775,6.6361694,6.5416813,6.015561,5.691191,6.3599205,7.3745623,6.4636593,5.5094934,4.771316,3.7736285,5.038452,4.5759563,4.0528154,3.168498,5.289444,5.208284,5.69342,4.8999553,5.258303,6.3919125,6.53603,7.155787,4.5448833,4.531317,5.1661696,5.4248734,5.5773044,5.1732564,5.7744813,5.9380445,5.959533,5.5391574,7.413716,6.5317926,5.200873,5.2753716,5.4342093,6.149565,7.769666,7.7971854,5.3521013,5.938139,5.273321,6.236152,5.5231047,4.70616,5.009431,5.455446,8.799306,7.4990277,7.9553313,7.7601223,7.211168,7.2276473,9.311147,7.2859497,7.7326703,6.882155,6.8813906,6.733494,5.6848674,7.7112927,5.6038227,6.3499002,7.4844184,7.464703,7.616359,7.536918,6.946054,6.070635,6.4542212,6.7416162,5.8303695,6.9585605,8.111264,6.968706,5.5798054,5.587738,6.6900253,6.7282
31,5.0721107,6.495831,7.2955804,7.0601215,6.4999576,5.985905,4.7925453,5.966905,6.073332,4.8364053,4.1026917,5.935214,7.8564935,7.667378,7.480867,5.579758,4.350995,6.5907407,6.1893134,4.8513536,5.357976,5.8254147,5.458522,5.4857025,6.1747,5.0854545,4.209702,3.9939084,4.787148,4.6979837,5.0671024,0.0,5.7175417,5.647688,4.9734282,4.7296033,6.043393,5.820879,6.349593,4.6763263,6.037467,5.351972,6.986485,6.1440177,5.9124947,5.649375,6.1619143,4.5523715,7.6970606,7.6141953,7.4591494,7.2241035,6.437681,4.950177,6.6228776,5.9014587,5.915749,5.1980786,6.484938,5.7991385,4.796694,4.8876853,5.934781,5.8773937,3.9604015,2.5971758,3.9804194,4.675242,5.3069253,5.9273634,3.6912358,3.5977511,3.5693905,3.7736623,5.201411,3.2830877,5.0799994,4.278426,5.2479672,3.5898046,6.360594,6.3009844,4.7073374,4.7346926,4.9878516,5.553867,7.0989175,7.061766,4.591302,5.570249,4.5448914,4.793547,5.0853887,4.1239805,4.424252,5.4593706,7.6261487,6.3626046,6.537138,6.3541718,7.031708,6.5119076,8.415544,6.3655,6.819196,5.7657027,5.7099233,5.481972,4.674944,6.7254553,4.9155025,5.834513,6.4244623,6.7597046,7.001351,6.9604635,6.1824026,5.271217,7.2359686,7.416275,4.6942677,6.2166853,7.593031,6.171568,4.683398,4.177757,6.727163,6.132781
