,0,1,2,3,4,5,6,7,8,9,10,11,12,13,14,15,16,17,18,19,20,21,22,23,24,25,26,27,28,29,30,31,32,33,34,35,36,37,38,39,40,41,42,43,44,45,46,47,48,49,50,51,52,53,54,55,56,57,58,59,60,61,62,63,64,65,66,67,68,69,70,71,72,73,74,75,76,77,78,79,80,81,82,83,84,85,86,87,88,89,90,91,92,93,94,95,96,97,98,99,100,101,102,103,104,105,106,107,108,109,110,111,112,113,114,115,116,117,118,119,120,121,122,123,124,125,126,127
0,0.0,3.60899,4.6786623,4.4755116,6.108856,6.801931,7.129759,6.6434097,8.030119,8.069011,8.03813,7.7305293,7.2774005,7.955393,7.4311447,7.122566,6.888073,6.7846246,7.8112035,8.232764,9.580466,9.396094,8.503664,8.178104,7.415496,8.387281,7.6067576,7.91704,7.6154222,7.4534497,7.3923297,7.741433,8.234496,8.676825,8.580397,7.0821896,5.130387,5.7529545,8.534267,7.9955726,9.030526,6.6119757,7.3511357,7.716672,6.3656926,7.1234436,7.9727077,8.064777,8.397483,7.5947623,5.350577,6.405486,6.7546434,4.9835777,5.762805,5.015467,6.251191,7.123426,7.1839967,6.879623,8.31815,5.687933,5.6711044,7.99623,8.755059,9.383284,9.129418,7.753286,6.8913393,6.9935417,9.7836485,9.084566,9.231955,10.47914,8.024632,5.303165,9.610259,9.781102,5.0534363,5.8187733,7.438119,9.557137,6.2903156,8.940709,8.747424,6.5575385,7.337523,6.9990954,4.952929,5.8151016,6.8405075,6.115662,4.3191495,5.6484604,4.763476,5.03949,6.282554,7.420137,5.6852837,5.3962502,7.603776,7.87962,7.006273,7.309392,7.792664,8.165958,7.8778214,6.2314796,8.761047,7.7524347,6.7670946,5.263367,8.783154,8.279009,8.308534,8.229235,9.91123,9.537225,9.280356,9.280356,5.5869937,6.2251797,8.235971,9.372806,7.911243,6.045718,8.070785,8.464527
1,3.60899,0.0,3.0322382,3.4287043,4.701758,5.6175222,6.561119,5.7521605,7.1359973,7.1862884,7.0853543,6.7920284,5.9797254,6.2791038,6.328873,6.132556,5.7649546,5.609985,7.3554196,7.6174273,8.788411,8.597368,7.957621,7.262664,6.6212764,7.666163,6.8009877,6.491814,6.992096,6.4592357,6.540899,6.8889604,5.400226,6.788065,7.367419,5.4879627,3.5718775,4.6046734,6.5957584,5.960145,7.73134,5.752884,5.697462,6.192713,5.1864085,5.1063313,5.9779234,6.0189404,5.7703366,4.880457,4.02935,5.4651775,5.939524,3.9516876,4.701142,3.6557043,4.053485,4.623673,4.6966586,4.657101,6.195338,4.1319647,4.1336484,5.387347,7.8182163,7.2893896,6.9621725,6.3740416,5.409459,5.671574,7.5273323,6.6216283,6.9081597,8.738789,7.215246,6.1530156,7.9509907,8.226287,3.314915,4.703278,6.7203345,7.565705,4.907929,6.8867383,6.462561,5.022245,5.7749677,5.693233,6.2239356,6.929982,6.442236,7.070821,5.730288,6.8176613,5.9436216,6.2220693,4.918012,6.819938,6.821714,6.587148,6.7246547,7.001744,6.206655,6.5211787,6.602337,6.407102,6.849252,4.944348,7.9532075,6.8200355,5.631017,3.9513555,7.4395103,6.7727,6.8539414,6.57046,8.60242,8.174278,8.099056,8.099056,3.8819425,5.0632615,7.4055867,7.8071637,6.75544,4.460225,6.352502,6.5888963
2,4.6786623,3.0322382,0.0,3.9071043,5.460911,6.1924887,6.562534,6.1047235,7.537853,7.5797715,7.5661187,7.16203,6.564578,6.7068195,6.879929,6.5474753,6.4359045,6.280199,7.5391846,7.9805565,6.6291604,6.2818785,8.249123,7.768143,6.9860363,7.9854193,7.164696,6.828149,7.064287,6.872445,6.8585973,7.266649,4.639688,5.5078225,6.4226894,4.3047843,4.563417,5.3566213,5.6333437,4.8776846,6.923041,4.892034,4.3820505,5.0022993,4.412834,4.0957847,4.8425417,5.050333,6.4542723,5.452661,4.657481,5.807135,6.219107,4.3016205,5.2071414,4.372464,5.065614,5.7406383,5.7932253,5.446535,5.332146,5.0749435,5.0622883,5.9936705,7.6367993,7.4470444,7.000732,6.6464972,5.7702127,5.5737844,7.873626,7.0438395,7.169771,7.470809,7.2669992,6.6028094,7.7591515,7.9354863,3.7115948,4.7358465,6.013285,6.9371696,3.9115047,6.366152,6.5518346,5.310609,6.1971583,5.1231117,5.6762166,6.3535585,5.9853106,6.781729,4.960214,6.2811317,5.477483,5.632855,4.2490196,5.7624927,6.352786,6.1540713,5.708963,6.0659304,5.2501945,5.58381,6.1460013,6.3690724,6.2187743,4.0927687,7.168419,5.9174304,4.701438,2.362129,6.7748337,5.9830813,6.028318,5.7276626,7.8961883,7.522283,8.3365965,8.3365965,3.3573303,3.895994,6.689931,7.1518865,5.8091555,4.1200666,5.646844,6.3295035
3,4.4755116,3.4287043,3.9071043,0.0,5.421253,6.356101,5.622817,6.0033464,7.629543,7.667422,7.7826815,7.0919175,6.897641,6.343829,6.945068,6.432175,6.2236004,6.001555,6.6008706,7.8811536,9.29689,9.114301,7.439431,7.7936015,6.8268523,7.946205,7.181127,6.852331,6.3220506,7.114619,6.522986,7.0482626,7.112119,5.901657,6.5213847,4.5231533,4.1412735,4.377778,5.9759955,4.8714933,7.0966516,5.018085,4.716354,5.3373694,5.705563,5.7669215,6.7861533,7.0814753,6.35624,5.21356,3.8224623,5.3120303,5.670378,3.1513448,4.3083167,3.4733899,5.112979,6.6866527,6.773244,5.310325,7.8784494,4.8846107,4.838007,5.770483,8.021325,7.3265615,7.1276207,7.077425,6.207852,6.461452,7.984397,7.1331477,7.3346553,8.136432,6.5909457,6.925143,7.207615,7.303251,3.5767448,3.6455798,6.6015553,7.488312,4.9456015,7.028068,6.6938467,5.1831746,6.4276714,5.738921,6.481873,6.9424887,6.4834933,7.545371,6.072995,6.9502645,6.6808357,6.709531,5.5755916,6.0225425,6.4337907,6.1425543,6.335022,6.6393747,5.644285,6.0367775,7.4708395,7.653298,7.6837955,5.5706463,8.1333065,7.1251864,6.1003404,4.5826845,6.976959,6.086771,6.3275447,6.949187,7.949502,7.6237507,7.6278443,7.6278443,5.2817535,5.8156123,7.9827085,8.462047,5.9469914,5.305823,7.00589,7.37153
4,6.108856,4.701758,5.460911,5.421253,0.0,5.3215504,6.435926,5.5505104,7.5041943,7.5525446,7.137573,7.601041,5.590007,6.5922556,6.03087,6.7857704,7.0924907,6.9968715,8.329646,8.518266,9.524063,9.0641575,8.465907,8.327874,6.104646,7.935698,6.922402,6.9200344,7.1161757,6.7778115,7.310244,6.8964615,6.6731143,7.1627293,8.300033,6.143067,5.13692,5.160355,6.377855,6.3184133,8.010262,5.7444606,6.39335,6.3168044,5.5773044,6.102318,7.271775,6.7843285,5.8666477,5.79536,5.436177,6.8504186,7.4287314,5.5801363,5.7237763,5.746179,5.192586,6.1578255,6.3162446,5.382776,7.6113315,5.5826993,5.2975264,6.048002,7.6371126,6.8835816,6.3894005,5.7154117,5.7685704,6.496037,7.8088026,7.732642,7.5019298,9.06838,7.1085505,6.8462076,8.44285,9.194829,3.2683556,5.366694,6.4680343,6.493713,5.216598,6.732169,6.490731,4.369203,4.956805,5.5580745,7.335587,7.8175273,7.5455136,7.274296,6.244236,7.071565,5.9394674,5.8577204,6.4033675,6.9679213,7.6022263,7.47766,6.813193,6.7801137,5.974265,5.507679,7.3553076,7.411099,7.843727,5.5473285,7.4711347,7.2576838,6.0240655,5.2000685,7.3042464,7.216186,7.7666426,5.8951297,9.068149,8.290492,7.50106,7.50106,4.959824,6.168406,6.8835893,6.982369,8.416779,6.453416,7.0034065,6.841319
5,6.801931,5.6175222,6.1924887,6.356101,5.3215504,0.0,5.381437,3.3641012,5.743909,5.775721,6.317027,6.854273,4.2105446,5.464519,3.978484,4.859312,5.456962,5.410295,6.8339577,7.2966046,8.668928,9.07717,7.602093,7.440793,3.3906386,5.9371643,4.059302,4.2834263,4.9381905,4.3311834,4.506486,4.033125,7.0260954,6.455619,8.578597,6.5079927,5.487423,7.4537606,6.9738216,7.012114,9.391462,7.3313994,6.6927924,7.7581406,7.2135205,6.0184503,6.256734,6.122194,7.3175807,7.3203244,5.14402,5.0711184,4.8263927,5.281499,5.2733717,5.3567266,4.988863,5.615382,5.6813536,5.5902042,6.892629,4.750995,5.196698,5.8420124,8.767775,7.9607053,7.947813,7.289286,5.8693166,6.500134,8.826852,8.8309355,7.372044,8.871972,7.5416813,6.781268,7.6007857,8.365427,4.815297,5.8271427,6.242553,7.114231,6.2093725,8.0101,4.02475,3.3802774,3.819136,5.029457,6.718715,6.8345385,8.187358,7.9567375,7.1594543,6.5937724,7.144666,7.8560405,7.0598564,6.114326,7.1921415,7.051913,6.5511193,7.31935,5.0369983,5.703021,6.9733105,6.7381706,8.215364,6.1611056,6.6756067,6.5776815,7.251774,5.4636936,6.443595,7.3127327,6.913178,6.4131603,7.0080314,7.708963,6.8082504,6.8082504,6.2049236,5.3809204,5.2802043,5.479931,6.772764,6.247417,6.9171176,6.905164
6,7.129759,6.561119,6.562534,5.622817,6.435926,5.381437,0.0,4.1777015,5.994314,6.010869,7.1103454,6.359614,4.923226,4.737375,5.462668,4.145625,6.1880426,6.147184,5.9049067,6.946594,9.513912,9.530528,7.5766387,7.806045,6.033011,7.3891187,5.989887,6.2722826,5.6909447,6.896053,5.850017,6.5753574,8.282411,6.1865125,7.299436,6.0697355,5.943631,7.061702,7.381725,6.574678,8.610072,6.5880494,6.0770273,6.41162,6.9727507,6.848619,6.9757514,6.9338064,7.920807,6.92401,4.5602665,4.660965,5.407887,3.6549165,4.2541003,4.7222,5.944692,7.064776,7.117592,5.6389484,8.112742,5.2645373,5.1945963,5.72672,7.3830757,6.446146,6.9369583,6.393138,6.118004,5.9237285,7.811846,8.16614,6.8229012,7.946425,6.7439346,6.8230457,6.345779,5.9430985,5.578723,4.315797,5.987183,6.8449755,6.9595203,9.21493,5.416346,4.4496994,6.175274,6.9032845,6.565788,6.505597,6.917481,7.950535,7.362054,7.488411,8.223268,8.357021,6.6964097,4.7350082,5.929596,5.8969393,5.026995,5.465066,4.617161,4.4851384,6.483654,7.0344915,8.520682,5.611942,5.4954605,5.899702,6.0682335,6.0642095,6.7936444,6.1303654,6.0083785,6.0298505,5.4959717,5.6570196,5.1880026,5.1880026,7.1907988,5.1330624,5.711649,6.7014894,5.2283025,5.8110356,5.8451614,6.6177473
7,6.6434097,5.7521605,6.1047235,6.0033464,5.5505104,3.3641012,4.1777015,0.0,5.658166,5.6934757,6.0418916,6.5837994,3.7996473,5.8216376,3.7636752,5.094652,4.6210413,4.586108,4.9933977,5.9352174,8.4548025,8.506061,6.87473,7.639304,4.1773734,5.70345,4.571488,3.9576821,5.130719,4.6547356,4.8131905,4.019623,7.1475925,6.1355863,8.24055,6.1125417,4.6800714,6.386642,6.6776214,6.931782,8.505389,6.3934097,6.331546,6.844695,6.1951046,5.6454167,5.7431364,6.005374,7.115315,7.1503787,4.7698507,4.7200856,5.5483675,4.0059066,4.891877,4.790375,5.5345354,6.412493,6.3879037,5.8770447,7.632568,5.467362,5.5780945,6.319949,6.828201,6.3576813,6.2825665,5.82456,4.98017,4.788721,7.5166874,7.683014,6.075765,7.7719393,6.5467634,5.7326655,6.1207128,7.3516893,4.3151813,4.5704503,4.6589293,6.61861,5.5912127,8.065692,4.5715246,4.0784674,4.2182007,4.8597608,6.2923884,7.199572,7.7944913,7.743461,6.913257,6.071593,7.028888,7.462676,6.211859,5.376245,6.4594483,6.338442,5.2179,5.801532,4.206207,4.927484,5.25454,5.8336515,7.690144,5.112165,5.2088265,5.0932364,6.0565696,5.2402964,6.123397,5.8501916,5.6877365,5.217047,5.9468346,6.1850944,5.0781484,5.0781484,6.034838,4.668484,5.0844874,5.442489,6.6091323,5.178576,6.008316,5.965206
8,8.030119,7.1359973,7.537853,7.629543,7.5041943,5.743909,5.994314,5.658166,0.0,0.11828552,2.9826472,2.636505,4.426028,5.0479455,3.4700518,2.9422767,6.770481,6.871621,8.593266,8.558448,9.888913,9.843624,6.6283045,6.5798154,5.2065883,3.986129,5.684248,5.325151,5.9391575,5.4208198,5.1319013,5.533248,8.159184,7.669868,7.6069555,8.142245,6.331018,7.6061425,8.013756,7.4612036,8.293019,8.441495,8.243756,8.675897,8.3968315,7.8497205,7.793785,7.4859633,7.8977175,7.755096,5.627452,5.2085724,5.3274946,5.7334857,5.464071,5.770119,5.5922284,5.908142,5.8633523,5.982337,7.010028,5.3325715,5.4274974,6.3534036,8.233389,7.660793,7.924337,7.8841,6.9626093,7.317627,8.833996,8.90963,7.7097297,9.259577,6.859897,7.749163,7.122778,7.3829594,6.798788,7.569894,6.726972,8.682378,8.053432,9.269904,6.619954,6.4426856,6.3180695,6.152775,8.268637,8.125066,8.774131,9.253127,7.4407883,7.1731715,7.916399,8.114468,7.365685,6.6333685,8.267953,8.163824,6.9933634,7.5335283,6.1490016,6.187034,6.447181,6.8607354,9.015937,7.5993643,5.8105793,6.3884134,7.125675,6.906692,7.7658896,7.377025,7.1454587,6.9641037,6.928868,6.6072726,6.339141,6.339141,7.3196073,5.962038,5.2853947,5.89836,7.0297613,6.621696,5.6549015,5.188153
9,8.069011,7.1862884,7.5797715,7.667422,7.5525446,5.775721,6.010869,5.6934757,0.11828552,0.0,2.9669878,2.5982647,4.4727874,5.05646,3.5168204,2.9536915,6.8445716,6.942725,8.65023,8.622339,9.946239,9.897397,6.67062,6.622299,5.2213235,3.971326,5.676709,5.347,5.9339614,5.4398227,5.1396523,5.557562,8.208149,7.676914,7.6171603,8.184654,6.3839946,7.65447,8.05014,7.499955,8.325206,8.490336,8.282815,8.706878,8.43987,7.8973165,7.835477,7.5377426,7.9314566,7.77875,5.6666756,5.21719,5.3326592,5.763696,5.4977546,5.8031187,5.6546583,5.966874,5.9248705,6.031932,7.0601597,5.388154,5.4787993,6.398449,8.281194,7.703148,7.9692163,7.942838,7.0267816,7.385993,8.889287,8.967639,7.777999,9.320169,6.9097404,7.8112183,7.1304913,7.3766356,6.856225,7.6198225,6.739528,8.737088,8.095924,9.336258,6.646442,6.5048966,6.3804493,6.2045317,8.328717,8.178639,8.821018,9.299595,7.4802275,7.1734977,7.9682107,8.160018,7.4089622,6.651505,8.298849,8.198916,7.0189724,7.5567703,6.163481,6.2035675,6.4911523,6.8788447,9.039019,7.638038,5.82267,6.3907075,7.174937,6.956503,7.7715244,7.398898,7.1699967,6.991673,6.9637456,6.6340585,6.369469,6.369469,7.380936,5.9944053,5.2794123,5.890741,7.0688553,6.6779413,5.6812315,5.219159
10,8.03813,7.0853543,7.5661187,7.7826815,7.137573,6.317027,7.1103454,6.0418916,2.9826472,2.9669878,0.0,2.528264,4.531442,6.071356,3.6299818,4.7883964,7.5862703,7.5049872,9.330532,9.198678,10.555492,10.259801,7.159356,7.662152,5.8480635,4.6022844,6.7508655,6.1264133,7.026281,6.17509,6.555114,6.1599536,8.331306,7.7024302,8.046655,8.36066,6.301093,7.2127953,7.759665,7.750251,7.816589,8.396015,8.512657,8.576215,8.044476,7.923852,7.900545,7.582948,6.6971064,7.2353935,5.9441147,5.544177,6.244261,6.3832808,6.220485,6.235218,5.885799,6.255246,6.2314005,6.1941085,7.4328523,5.901563,5.752998,6.674354,8.349091,8.004961,7.9853973,8.050099,7.556001,7.8555174,8.867284,8.518006,8.271868,9.778831,7.267515,8.374717,6.8376822,7.8168116,6.863309,7.886427,6.5718565,8.726636,8.112927,9.3199,7.24074,7.1556664,6.944804,6.4873276,8.796292,9.569226,9.372611,9.348364,7.6301656,6.8183846,7.82494,7.7450047,7.2236443,7.205419,8.834854,8.727548,7.437648,7.695003,6.783779,6.572771,6.5324445,6.1529255,8.2703495,7.42572,6.0949845,5.9632645,7.132269,6.9698997,7.3561916,6.8712025,6.992023,6.9160047,8.327867,7.124992,6.8379335,6.8379335,7.34235,6.0810175,5.5089164,5.942846,8.189002,6.880172,5.4174204,4.346521
11,7.7305293,6.7920284,7.16203,7.0919175,7.601041,6.854273,6.359614,6.5837994,2.636505,2.5982647,2.528264,0.0,5.227601,5.421913,4.6780024,3.8677156,7.734525,7.6758046,9.304778,9.409786,10.634652,10.386362,6.9227815,6.841722,6.6045575,5.016095,6.9752545,6.662376,6.878673,6.777125,6.4639864,6.990479,8.339132,7.475161,6.8239717,8.060654,6.3153934,7.184684,7.818924,7.180153,7.3912044,8.296069,8.113673,8.231697,8.155184,8.03231,7.976756,7.7791085,7.188732,6.8834414,5.5684557,5.244365,5.772371,5.694224,5.6703672,5.6377673,5.882756,6.273757,6.2724757,5.9446177,7.350993,5.5516047,5.395332,6.2296734,8.506656,7.86143,8.039728,8.101189,7.5825605,7.8711886,8.7760315,8.4298115,8.203808,9.601057,6.8639235,8.443424,6.889213,6.935209,6.983925,7.500474,7.084843,8.94503,8.298395,9.671082,7.215908,7.153631,7.3878837,7.0256033,8.757565,8.991626,8.749873,9.443832,7.6589603,7.3521214,8.312865,8.152453,7.082461,6.948944,8.434484,8.340075,7.1271906,7.412224,6.678657,6.497773,6.8277273,6.5761166,8.4782505,7.40431,6.429187,6.2259426,7.0209246,6.9398003,7.7055144,6.8992395,6.92986,7.153795,7.877019,6.634378,6.8512573,6.8512573,7.333576,6.061168,5.8693748,6.5142646,7.2233596,6.624291,5.1881647,4.649772
12,7.2774005,5.9797254,6.564578,6.897641,5.590007,4.2105446,4.923226,3.7996473,4.426028,4.4727874,4.531442,5.227601,0.0,4.3964305,2.0245032,3.6877499,5.443269,5.4150167,7.477432,7.3792877,9.011261,8.926989,7.8941936,7.9383135,4.976805,6.39152,5.825585,5.0765696,6.2184134,5.3559895,5.6277084,5.174093,7.0568476,6.6867394,8.741451,6.9266524,5.5457616,6.7778697,7.2482743,7.2006702,8.632324,6.9042425,7.115459,7.291074,6.6566653,6.402661,6.2350435,5.779935,5.888619,6.515844,4.5222044,4.408044,5.4255414,5.092798,4.780147,5.0166564,4.1792502,4.6593623,4.5920753,4.354639,6.1082034,4.032647,3.9066365,4.6992793,6.6539702,6.1313543,6.290701,5.5118027,5.189765,5.4870524,6.8036656,6.869842,5.9194126,7.850862,7.1246367,6.463264,5.9037085,6.897783,5.3272853,5.947309,5.639366,6.4888816,7.072874,8.444588,4.9500623,4.4973397,5.1035423,5.9303737,6.8826747,7.596079,7.6619673,7.7665143,7.076897,6.6594677,7.282031,7.580534,5.8465657,5.720441,7.1401086,7.044851,5.381138,5.732278,5.1670876,4.8591433,4.5070043,4.4817557,7.2569013,5.5159135,4.254671,4.7308254,5.6201234,5.7683687,6.344086,5.579892,5.4830437,4.9829383,6.0484934,5.7502007,4.8932505,4.8932505,6.382858,4.423443,4.867258,4.950076,6.477864,4.9353027,4.444529,4.55381
13,7.955393,6.2791038,6.7068195,6.343829,6.5922556,5.464519,4.737375,5.8216376,5.0479455,5.05646,6.071356,5.421913,4.3964305,0.0,4.6846275,2.959902,6.776132,6.7961025,8.283978,8.503044,10.0942745,9.930571,8.733977,8.484071,5.4075947,7.107881,5.381793,5.5494776,5.7974544,6.1844897,4.8857794,5.966457,6.711499,5.48441,7.4284673,6.0614524,5.755951,6.65334,7.126101,5.951577,8.6433325,6.9187946,6.0750604,6.419026,6.9860373,6.459824,6.811963,6.4196353,5.9328413,5.116308,3.6967583,3.858454,4.419599,4.730604,3.244612,4.008137,3.7173293,4.4716907,4.592999,3.6255655,5.938345,3.5448802,3.3552864,3.3679967,7.6748495,5.775752,6.7112756,7.1879153,6.3964667,6.8742537,7.020282,7.207727,6.643399,8.183473,8.020907,8.342628,6.222116,5.7834444,6.1695538,6.370767,5.9584546,6.8126388,7.127243,8.435211,5.2858605,5.4284945,6.5195713,6.4223785,8.286665,7.96717,7.849929,9.184184,7.783183,7.9397287,8.487015,8.694901,5.8399343,4.7545524,7.4557424,7.3532796,6.076865,6.4249434,5.144209,4.708905,6.119142,5.706185,8.616662,6.3707323,5.4922037,6.095356,6.4124293,6.77155,6.2603035,5.9182286,6.0148597,5.790442,5.9497,6.2065997,5.750546,5.750546,7.172871,5.075166,5.3346615,5.6400843,5.833444,5.8649926,5.214774,5.9483523
14,7.4311447,6.328873,6.879929,6.945068,6.03087,3.978484,5.462668,3.7636752,3.4700518,3.5168204,3.6299818,4.6780024,2.0245032,4.6846275,0.0,3.7149796,5.2827744,5.2578487,7.2703657,7.42929,8.964812,8.961025,6.8127084,7.427593,4.0811515,4.8319073,5.160103,4.235147,5.4469695,4.5539346,4.95247,4.132512,7.39991,6.5841246,8.304194,6.9111276,5.230818,6.62071,6.79191,6.947995,8.163636,6.941953,7.1558666,7.505403,6.9174914,6.400312,6.3528275,6.0488906,6.2652845,7.05273,4.600961,4.309942,4.957441,5.256123,4.7561655,5.0025477,4.3673487,5.180269,5.0930076,4.748374,6.5304165,4.285778,4.367825,5.322184,7.0106273,6.631797,6.70518,6.322284,5.4097915,5.8647757,7.3660855,7.535114,6.274274,8.017534,6.5398693,6.5227194,5.851024,7.1792445,5.374913,6.2502346,5.4030957,7.030537,6.9798083,8.222957,5.1842504,4.8778214,4.648491,5.0358286,7.143413,7.7745976,8.299017,8.197153,6.986613,6.2189107,7.109524,7.4338126,6.190625,5.6047626,7.193886,7.0971117,5.7567363,6.2932744,5.000617,5.0598826,4.9905257,5.1689157,7.7898593,6.234547,4.74225,5.2608476,6.256994,6.057962,6.255932,5.815596,5.5086,5.3878884,6.0171766,5.8804646,4.8944426,4.8944426,6.3881693,4.9390635,4.749575,4.7685704,6.641502,5.4401393,5.08888,4.692817
15,7.122566,6.132556,6.5474753,6.432175,6.7857704,4.859312,4.145625,5.094652,2.9422767,2.9536915,4.7883964,3.8677156,3.6877499,2.959902,3.7149796,0.0,6.0983887,6.1878414,7.8950977,7.9926267,9.530688,9.5652075,7.523941,7.0046287,4.9203053,5.722012,4.9806433,5.2350106,5.2612033,5.461411,4.414984,5.548414,7.4941406,6.695036,7.406451,6.994645,5.9107647,7.253562,7.785497,6.7978325,8.74567,7.575977,7.0475035,7.5727997,7.607857,7.063058,7.1159177,6.7794757,7.304378,6.6489797,4.261345,3.9738777,4.1011157,4.4230366,3.9350123,4.418311,4.388248,4.874049,4.9060855,4.577272,6.158545,3.6748087,3.7829478,4.7880516,7.787271,6.851749,7.489012,7.200557,6.3075666,6.658531,8.09506,8.220419,7.041831,8.614754,7.2598796,7.2440457,6.6227345,6.17132,6.0756617,6.329377,6.3062763,7.7722135,7.4961777,8.993822,5.5709796,5.195001,6.0604963,6.2940826,7.209871,6.7136474,7.430724,8.3550825,6.9080715,7.0430217,7.7040977,8.034139,6.382403,5.4005475,7.007293,6.9163575,6.0297117,6.607661,5.206525,5.1185083,5.9900737,6.1955576,8.457695,6.49773,5.1694446,5.729991,6.228762,6.1371226,6.9180384,6.6060033,6.332295,6.325637,5.879863,6.1333714,5.8478327,5.8478327,6.959088,4.9136443,5.011988,5.692443,5.398281,5.581534,5.043055,5.555166
16,6.888073,5.7649546,6.4359045,6.2236004,7.0924907,5.456962,6.1880426,4.6210413,6.770481,6.8445716,7.5862703,7.734525,5.443269,6.776132,5.2827744,6.0983887,0.0,0.6795695,4.6633043,4.402915,7.9701405,8.340701,6.043856,6.7842145,6.281435,7.148336,6.4485335,5.6482453,6.8511963,6.4030833,6.2619886,5.892366,7.2252407,7.5706825,8.400205,6.171779,4.8470693,6.6826816,7.089912,7.1700997,8.783891,6.523491,6.42912,7.3178654,6.56784,5.604373,5.9943433,6.2170687,7.606843,7.934598,5.479381,6.2313943,6.6197004,5.160978,5.6501136,5.155808,5.0783315,5.9736195,5.9032717,5.599662,7.184977,5.027736,5.4550405,6.2357717,5.97601,6.502663,7.117618,6.449203,5.1844354,4.490149,6.8271832,7.009599,4.7672005,6.8848586,6.6996846,5.6687465,6.5363116,7.2935715,4.8847256,4.635252,6.2537036,6.7381945,6.893633,6.7480083,6.1097364,5.0942855,4.6618447,5.517366,5.77082,6.8476915,6.5082436,6.981584,7.4565372,8.003857,7.494275,8.1196375,5.867232,6.7418714,6.6914797,6.53541,6.7953405,7.457071,6.4266973,7.1685734,5.597647,6.661011,7.642584,5.4901376,6.9033318,6.754194,5.999286,5.8380833,6.41292,6.492454,5.777638,6.7819805,5.724307,6.537045,5.8859277,5.8859277,5.842082,5.9699607,7.4465237,7.2816787,5.576029,4.1322765,6.560349,6.566006
17,6.7846246,5.609985,6.280199,6.001555,6.9968715,5.410295,6.147184,4.586108,6.871621,6.942725,7.5049872,7.6758046,5.4150167,6.7961025,5.2578487,6.1878414,0.6795695,0.0,4.519693,4.330478,7.9914713,8.372283,5.8992767,6.7531757,6.338873,7.155962,6.54772,5.716113,6.8411407,6.4985065,6.457405,6.0232816,7.197065,7.3514824,8.237669,5.962388,4.6552,6.550006,6.786673,6.9905877,8.563739,6.3443108,6.226938,7.082824,6.3708596,5.386484,5.7361784,5.979548,7.3232646,7.71749,5.3186,6.059682,6.493878,5.096232,5.589278,5.0270486,4.979552,5.9624753,5.8881345,5.3980308,7.187735,4.9141326,5.3450966,6.0743585,6.038484,6.577981,7.073084,6.404209,5.144568,4.4456244,6.7162724,6.8586054,4.7276998,6.8782034,6.552411,5.6985865,6.2490788,7.103461,4.7304664,4.3598127,6.217446,6.6359773,6.815604,6.6810284,5.9786043,4.9990377,4.618145,5.566927,5.7409863,7.0038414,6.442644,6.90425,7.494247,7.960807,7.5532856,8.130597,5.783032,6.6615677,6.594109,6.4706674,6.70556,7.36147,6.405272,7.1288443,5.6514354,6.4995193,7.361251,5.3113327,6.9923205,6.69785,5.9485087,5.6929603,6.217389,6.2775507,5.4634423,6.6902747,5.823804,6.4929204,5.9005566,5.9005566,5.696621,5.859885,7.444463,7.272837,5.445669,4.0329475,6.411422,6.3975277
18,7.8112035,7.3554196,7.5391846,6.6008706,8.329646,6.8339577,5.9049067,4.9933977,8.593266,8.65023,9.330532,9.304778,7.477432,8.283978,7.2703657,7.8950977,4.6633043,4.519693,0.0,4.1296973,8.932468,9.322925,6.623729,8.3653755,7.5540023,8.36832,7.6683292,7.0563936,7.824013,8.1643,7.651149,7.2363625,8.7456255,7.6765637,8.378452,6.1426754,5.4781656,7.256959,7.4439664,7.5672026,8.948491,6.7686405,6.3674364,7.267514,7.059987,6.319092,6.6424813,7.046797,9.145719,8.861728,6.2828474,6.845008,7.5275726,5.6674776,6.38346,6.1563325,7.2972465,8.539385,8.482017,7.530458,9.492524,7.1382976,7.425722,7.9837294,7.874869,7.7499733,8.073655,7.676043,6.5910907,5.253268,8.07485,8.295482,6.4782796,7.6192174,7.036859,6.6599402,7.5724235,8.490787,6.163477,4.433538,6.913707,7.4642873,7.0700183,8.538164,7.209711,6.018585,6.3760223,6.8830676,6.338049,7.80569,8.335046,8.790487,8.667095,9.041256,8.811521,9.2246,7.3522615,6.551246,6.595409,6.4367003,7.290563,7.9060326,6.91352,7.630393,7.401636,8.409243,9.609776,6.5691075,8.213313,8.135059,7.4618573,7.048348,7.934612,7.38424,6.771165,7.9069133,6.6891265,7.422823,6.7828574,6.7828574,7.2727404,6.8289404,8.123222,8.996342,6.5929103,6.2991295,8.120578,8.2253
19,8.232764,7.6174273,7.9805565,7.8811536,8.518266,7.2966046,6.946594,5.9352174,8.558448,8.622339,9.198678,9.409786,7.3792877,8.503044,7.42929,7.9926267,4.402915,4.330478,4.1296973,0.0,9.204182,9.531372,7.2402773,8.268535,7.8041315,8.824088,8.04655,7.439312,8.714278,8.336634,8.146811,7.7527714,8.443916,8.726675,9.427271,7.3761044,6.172325,7.9779224,8.482794,8.563759,9.901197,7.902162,7.4678907,8.279165,7.5907993,6.8593807,7.0526814,6.9065013,9.22725,8.941861,6.709338,7.2316284,7.908019,6.56481,6.847724,6.802446,7.0439773,7.71896,7.688602,7.512445,8.773496,7.1136627,7.387632,8.050205,7.183587,8.189814,8.47324,7.953821,6.9943433,5.6025467,8.410707,8.574725,6.925571,8.609426,8.224774,7.0003276,7.8226676,8.277728,6.859431,6.014185,6.9178834,7.359856,7.628949,7.6609716,7.8747554,6.5493684,6.970134,7.5746765,6.468901,8.1015005,6.7627935,7.23844,8.737201,9.525356,8.74095,9.272464,7.781579,7.4745193,7.7159815,7.5858502,8.23576,8.770142,7.9730043,8.287588,7.4243255,8.361914,8.32836,6.294017,8.305642,8.466545,7.461976,7.2185884,7.931372,8.318634,7.7348294,8.284774,7.7218537,8.367917,7.8157296,7.8157296,7.496371,6.754209,8.1558695,9.277768,7.3896947,6.6210394,7.9562216,8.063384
20,9.580466,8.788411,6.6291604,9.29689,9.524063,8.668928,9.513912,8.4548025,9.888913,9.946239,10.555492,10.634652,9.011261,10.0942745,8.964812,9.530688,7.9701405,7.9914713,8.932468,9.204182,0.0,1.9983841,9.6044855,9.494373,9.438699,9.843284,9.643956,8.866405,9.439712,8.990965,9.419582,9.222407,7.081479,7.9679027,9.011124,7.0840516,8.550757,9.649319,7.388769,7.6718535,8.933835,7.2636824,7.118894,7.9369044,7.3215313,6.1118226,5.694731,5.9877763,10.699698,10.710811,8.947351,9.415226,9.426854,8.789139,9.08302,8.839331,8.880265,9.319877,9.202047,9.1634035,6.8950405,8.867541,9.137877,9.626656,8.822403,9.820152,9.231483,8.486895,7.393844,6.7176337,9.761006,9.994737,8.384157,6.658542,8.788351,7.9413714,10.016019,10.677061,7.6862426,8.187122,8.112236,8.174681,7.1861396,7.965214,8.613313,7.849582,7.532971,6.733497,7.119898,7.3390703,8.466694,8.591837,7.7810297,8.718081,7.9357815,8.337277,7.447532,7.6102176,8.071335,8.063544,7.0152106,7.742069,7.132224,7.761546,7.3095837,8.8576,8.541961,7.154504,8.305509,8.249784,7.4028077,6.2970805,9.033451,8.487013,7.6523323,7.1880145,7.680472,8.382049,9.846566,9.846566,6.285196,6.682421,8.209846,8.149078,7.3896723,6.910914,8.076545,8.718703
21,9.396094,8.597368,6.2818785,9.114301,9.0641575,9.07717,9.530528,8.506061,9.843624,9.897397,10.259801,10.386362,8.926989,9.930571,8.961025,9.5652075,8.340701,8.372283,9.322925,9.531372,1.9983841,0.0,9.897486,9.949312,9.478705,9.857722,9.698334,8.900168,9.532277,9.01957,9.492827,9.273325,6.6396036,7.7008324,8.797926,6.8389835,8.300881,8.911814,7.119982,7.3819337,8.332322,6.611868,6.8884478,7.226514,6.5108433,5.8913536,5.766516,6.0272546,10.145127,10.157259,8.742206,9.371563,9.674791,8.555411,8.866723,8.620738,8.766849,9.245155,9.143257,9.007112,6.790799,8.925534,9.002524,9.581877,7.9913235,9.119699,8.450238,7.978229,7.2754083,6.5249166,9.256883,9.490875,8.286844,6.5281253,8.755162,7.941376,9.766561,10.503615,7.409027,8.146592,7.4051604,7.9584312,6.594889,7.6245027,8.991655,8.180726,7.823284,6.47133,7.3704314,7.7925043,8.369305,8.4986,7.1857257,8.234144,7.346628,7.500205,6.758295,7.309059,8.033244,8.027333,6.6481,7.106499,6.8267913,7.1983147,6.678776,8.423105,8.194692,6.7302265,7.7247195,7.662865,6.6405325,6.1020284,8.809243,7.905562,7.45582,6.457342,7.955133,8.142248,9.646483,9.646483,5.9468174,6.358592,7.982334,7.8793917,7.8527107,6.665104,7.6088,8.275335
22,8.503664,7.957621,8.249123,7.439431,8.465907,7.602093,7.5766387,6.87473,6.6283045,6.67062,7.159356,6.9227815,7.8941936,8.733977,6.8127084,7.523941,6.043856,5.8992767,6.623729,7.2402773,9.6044855,9.897486,0.0,4.15007,8.114884,5.5429463,8.255531,7.730353,7.7513723,8.235219,8.275383,8.018109,9.516027,8.584137,6.2000046,7.5927296,5.9576707,7.37257,6.610645,7.135593,6.4108825,7.5675783,7.7435174,8.332893,8.122574,7.5711694,7.7790647,8.079491,9.507049,9.600192,7.367176,7.8677483,7.973397,7.02549,7.354858,7.0475683,7.804443,8.939211,8.892355,7.7938175,9.817128,7.545957,7.8233733,8.429935,8.205212,8.707523,8.6080265,8.073771,6.9784527,6.9211545,8.787789,9.293421,7.4901752,8.767298,3.7565012,7.2174377,8.057522,8.747567,6.661473,6.3590703,7.9752803,8.652621,8.473844,8.541266,7.8147793,6.9978905,5.77044,6.7066426,8.324144,8.825322,8.677194,8.948736,8.926831,9.042938,9.109084,9.006073,8.363974,8.047123,7.796995,7.810307,7.9443192,8.516216,7.632425,8.282445,8.385475,9.123993,9.275043,7.804906,9.149775,9.077261,8.472799,7.9672565,8.375229,8.343787,7.5927033,8.2783985,7.8081822,7.053397,6.921357,6.921357,6.7665358,8.239302,8.117551,8.383991,7.701493,7.4163437,8.131508,7.168879
23,8.178104,7.262664,7.768143,7.7936015,8.327874,7.440793,7.806045,7.639304,6.5798154,6.622299,7.662152,6.841722,7.9383135,8.484071,7.427593,7.0046287,6.7842145,6.7531757,8.3653755,8.268535,9.494373,9.949312,4.15007,0.0,8.763943,6.3635955,8.459437,8.292585,8.1649,8.321126,8.400162,8.90284,8.743715,9.243672,6.4501376,8.385163,6.6370187,8.274567,7.6784806,7.6084647,7.42724,8.496404,8.390981,9.122946,8.663001,7.9369335,7.8250628,7.965929,10.0334,9.520209,7.683672,8.200504,7.9501834,7.30966,7.6104126,7.24932,7.69666,8.042451,8.012874,7.6588345,8.882893,7.235232,7.577672,8.050458,9.08959,9.299928,8.989801,7.7825284,6.6236105,7.118604,9.130249,9.596659,7.8869767,9.675322,4.798947,7.1028743,9.486997,9.28652,6.959434,7.1365294,9.218847,9.154716,8.897269,9.164419,7.3628097,6.6395106,5.8172507,7.6991515,8.607973,8.07733,7.931705,8.692108,9.114624,9.654246,9.469207,9.482567,8.742872,8.929597,8.266671,8.310338,8.093411,8.696537,8.072827,8.672855,8.806935,9.2298565,8.926738,7.862161,9.809357,9.66689,8.869106,7.8799334,9.557385,9.59324,8.785652,8.5047865,8.497487,7.861161,8.125843,8.125843,6.29353,8.258774,8.249012,8.526245,7.8656793,7.535016,8.232758,7.6262817
24,7.415496,6.6212764,6.9860363,6.8268523,6.104646,3.3906386,6.033011,4.1773734,5.2065883,5.2213235,5.8480635,6.6045575,4.976805,5.4075947,4.0811515,4.9203053,6.281435,6.338873,7.5540023,7.8041315,9.438699,9.478705,8.114884,8.763943,0.0,5.025465,2.6739485,2.9000165,3.7014868,2.9562566,3.2010145,2.4007077,7.676932,6.6556487,9.104695,7.1566353,5.9819884,7.342892,7.541633,7.383792,9.842296,7.847982,7.3872647,8.137679,7.8083863,6.8252554,7.4194455,7.232035,7.566669,7.5154867,5.24118,4.9693155,4.548205,5.3298254,5.126903,5.525638,5.332616,6.2274613,6.273838,6.1511035,7.470996,5.5214148,5.827322,6.8197813,8.651775,8.037745,7.996664,8.381215,6.904962,7.44963,9.63882,9.747003,8.23422,9.612717,8.385498,7.647063,7.247281,8.141903,5.4778776,7.0138087,5.3535733,8.287337,5.9360223,7.774572,5.93057,5.480724,5.315723,4.3966875,7.6380987,7.6664963,8.832169,8.666674,6.615541,5.829764,6.7076263,7.4733834,7.5079937,5.9604526,8.0610285,7.938554,7.2328157,7.939044,5.024972,5.5799813,7.205595,7.5461016,9.036647,7.3326535,6.2839894,6.6042595,7.3750305,5.9767118,6.6209865,7.487219,7.3059454,6.801501,7.470211,8.402034,7.3577213,7.3577213,7.214803,5.8379855,5.675817,5.9036283,7.5155654,7.069264,7.3299885,7.298642
25,8.387281,7.666163,7.9854193,7.946205,7.935698,5.9371643,7.3891187,5.70345,3.986129,3.971326,4.6022844,5.016095,6.39152,7.107881,4.8319073,5.722012,7.148336,7.155962,8.36832,8.824088,9.843284,9.857722,5.5429463,6.3635955,5.025465,0.0,5.000237,4.5559797,4.9646053,4.60601,5.387523,5.1163225,8.588572,7.7465615,7.6274867,8.375936,6.1795278,7.6229534,7.3223076,7.695506,8.066439,8.531443,8.554648,8.9279175,8.453643,7.636676,7.6743903,7.922209,8.835213,8.864818,6.704075,6.26807,6.0097804,6.4272027,6.545704,6.4616055,7.091276,7.7180147,7.6358714,7.3907356,8.682916,7.1104813,7.3652987,8.214321,8.810158,8.659419,8.136192,8.45512,6.953867,7.573006,9.649333,10.154418,8.355642,10.132596,6.3396487,7.6542034,7.5930557,8.562201,6.648538,7.9206033,6.6329613,9.748765,7.4979844,9.124566,6.9936247,7.2723136,5.6786847,5.410727,9.198235,9.14785,9.868787,9.921861,7.9741054,6.757676,8.275737,8.465448,8.357928,7.402418,8.648625,8.709246,7.5052247,8.181341,6.146258,6.9858017,7.5567245,8.016782,9.361674,8.3597,7.557336,7.6272635,8.452848,7.4571395,8.2118635,8.259325,7.660167,7.235392,7.9628725,7.8107038,7.289806,7.289806,7.1382246,7.1975017,6.322464,6.232371,8.453576,7.6912513,7.531735,6.68233
26,7.6067576,6.8009877,7.164696,7.181127,6.922402,4.059302,5.989887,4.571488,5.684248,5.676709,6.7508655,6.9752545,5.825585,5.381793,5.160103,4.9806433,6.4485335,6.54772,7.6683292,8.04655,9.643956,9.698334,8.255531,8.459437,2.6739485,5.000237,0.0,3.2299185,3.4734764,3.5659044,3.3797097,3.8014324,7.593239,6.845901,8.71321,7.344417,6.127973,7.748506,7.87247,7.76361,10.185219,8.122583,7.5231824,8.08837,7.7440343,6.683263,7.257475,7.3842473,8.339008,7.8482175,5.736129,5.427262,4.9840345,5.3577213,5.3371305,5.48852,5.9562693,6.5463552,6.594995,6.4060416,7.7254252,5.996441,6.3350554,7.2348146,8.601862,7.8455524,8.042572,8.451279,6.8946686,7.307596,9.519595,10.131342,8.1356535,10.064014,8.6082535,7.6391954,7.5585995,7.96271,5.911646,7.0773993,5.5398602,8.959547,6.421158,8.59932,6.069368,6.222502,5.5259657,5.2667637,8.147369,7.8100295,9.00593,9.166274,7.20772,6.3987384,7.63709,8.3287115,7.5069513,6.181727,7.769883,7.842381,7.3193045,8.040433,5.128178,6.0065684,7.276156,7.5478134,9.385693,7.380581,6.6295023,6.8040133,7.549657,6.6066093,6.9328394,7.909381,7.449662,6.7959323,7.377917,8.443325,7.4639955,7.4639955,7.288983,6.1716523,5.806998,5.627019,7.5218716,7.0087132,7.50182,7.683746
27,7.91704,6.491814,6.828149,6.852331,6.9200344,4.2834263,6.2722826,3.9576821,5.325151,5.347,6.1264133,6.662376,5.0765696,5.5494776,4.235147,5.2350106,5.6482453,5.716113,7.0563936,7.439312,8.866405,8.900168,7.730353,8.292585,2.9000165,4.5559797,3.2299185,0.0,3.4247944,1.9533473,2.961419,2.3812323,6.7982874,6.0436544,8.88257,7.0147777,5.5486093,7.0080185,6.9789333,7.0067844,9.229297,7.6193066,7.203792,7.8342495,7.529972,6.2173505,6.310909,6.614824,7.3266377,7.282127,5.161669,4.6933703,4.517248,4.901292,5.081659,5.0736623,5.468455,6.110408,6.0101314,6.0840883,7.2755675,5.8805547,6.1817503,6.637104,7.7828727,7.112823,6.526879,7.452624,5.6811743,6.316876,8.407812,8.678615,6.8023543,8.673762,7.7362823,7.31695,6.1012545,7.265149,5.36125,6.851734,5.143695,8.189606,5.536578,7.5045857,5.068428,5.7966413,5.0357485,4.1998205,8.351692,8.363668,8.695664,9.238712,7.5294304,6.3937445,7.7902308,8.442599,7.2199697,6.1286674,8.405775,8.338214,6.348048,7.1327796,4.621317,5.7222958,6.1834254,6.758408,8.385673,7.1544437,6.2743764,6.379756,7.4063306,6.088966,6.8959937,6.883502,6.42893,5.8827567,6.429804,7.519466,6.6964617,6.6964617,6.8052163,5.7139063,6.218058,5.7728977,7.2846994,6.3988333,6.9693513,6.912489
28,7.6154222,6.992096,7.064287,6.3220506,7.1161757,4.9381905,5.6909447,5.130719,5.9391575,5.9339614,7.026281,6.878673,6.2184134,5.7974544,5.4469695,5.2612033,6.8511963,6.8411407,7.824013,8.714278,9.439712,9.532277,7.7513723,8.1649,3.7014868,4.9646053,3.4734764,3.4247944,0.0,3.308533,3.578166,4.2253757,8.404245,6.290324,8.492302,7.241424,6.4468403,7.507198,7.2201967,7.012737,9.405263,7.643472,7.3997827,7.8861237,8.123831,7.204252,7.448065,7.8085055,8.548534,8.043211,5.4882193,5.014893,4.067397,4.906313,5.1425757,5.2942295,6.449768,7.5923996,7.5516834,6.5763464,8.556,6.2701383,6.5761547,7.35504,8.626956,8.276892,7.5617843,8.031525,6.3314953,7.4186487,9.612194,10.175986,8.201243,9.6128,7.4745812,7.312452,6.7742877,7.1767025,5.6367254,6.830534,6.061398,9.251336,6.197065,8.53552,5.8447957,6.0489745,5.6358533,5.2524724,8.3879175,7.547854,8.433592,8.97227,7.1541824,5.913079,7.9575124,8.441698,8.088331,6.08793,7.7261586,7.8234663,6.196941,7.052596,4.2682257,5.4429903,7.6684027,8.278391,8.874517,7.8614054,7.165495,7.269982,8.033645,6.496018,7.4597497,7.595789,6.918482,6.571174,6.873952,7.9770803,7.3219695,7.3219695,7.351292,6.6286726,6.9935203,6.6316543,7.0550594,7.321773,7.8704906,8.155938
29,7.4534497,6.4592357,6.872445,7.114619,6.7778115,4.3311834,6.896053,4.6547356,5.4208198,5.4398227,6.17509,6.777125,5.3559895,6.1844897,4.5539346,5.461411,6.4030833,6.4985065,8.1643,8.336634,8.990965,9.01957,8.235219,8.321126,2.9562566,4.60601,3.5659044,1.9533473,3.308533,0.0,3.0310931,2.6367047,7.3310795,6.970451,9.536229,7.8432684,6.1492167,7.391429,7.7294,7.6933856,9.7294235,8.097706,8.040485,8.658888,8.061551,7.032352,7.116748,7.3317432,8.040216,7.951836,5.652132,5.167318,4.613653,5.413304,5.590559,5.595954,5.9400673,6.4396586,6.345681,6.6898384,7.5504994,6.178246,6.473546,7.3805842,8.431885,8.25003,7.3380136,7.7224064,5.9074807,7.0011563,9.436913,9.581662,7.962896,9.655976,8.06273,7.0002875,7.324903,8.28317,5.5790668,7.5948606,5.864027,9.069469,5.760777,7.9961104,5.8005033,6.0525293,5.3237977,4.520433,8.3048315,7.9385066,8.687642,8.822679,6.9357505,5.5682087,7.179228,7.908865,7.8182664,6.8310246,8.554207,8.469615,6.6537495,7.4377074,4.9088354,5.9825945,6.80698,7.4356885,8.322811,7.6701612,6.8720884,6.925621,7.9591055,6.1452217,7.7698526,7.840135,7.442547,6.428265,7.5070715,8.44083,7.671592,7.671592,6.890007,6.1523466,6.6080613,6.3266854,8.052366,7.033387,7.6864285,7.6606674
30,7.3923297,6.540899,6.8585973,6.522986,7.310244,4.506486,5.850017,4.8131905,5.1319013,5.1396523,6.555114,6.4639864,5.6277084,4.8857794,4.95247,4.414984,6.2619886,6.457405,7.651149,8.146811,9.419582,9.492827,8.275383,8.400162,3.2010145,5.387523,3.3797097,2.961419,3.578166,3.0310931,0.0,2.6185741,7.529855,6.3857427,8.759396,7.1387315,6.0884786,7.319116,7.994615,7.1589346,9.701753,7.901667,7.2387652,8.262428,8.183477,7.1993637,7.5053487,7.7607293,8.2464285,7.5819807,4.9761333,4.48171,3.8916314,4.600512,4.5621595,4.812413,5.6906033,6.395527,6.4228354,6.5967093,7.493556,5.6175785,5.890802,6.771872,8.56336,7.790834,7.863036,8.339068,6.637435,7.3675427,9.430866,9.282116,8.065206,9.0744295,8.305637,7.654761,7.3371835,7.5669,6.0834002,7.1842995,5.650863,8.546971,6.1147795,8.322665,5.7087693,5.8889775,6.151467,4.8348513,7.9807525,7.269864,8.3795395,9.009394,7.043107,6.169216,7.5160365,8.211838,7.349481,5.7992444,7.9645915,7.679982,6.6234975,7.416758,4.5746913,5.6317596,6.8896337,7.5059333,8.982742,7.437652,6.4699864,6.703279,7.9085846,6.51933,7.088386,7.3994064,7.3565187,6.9337754,6.5377064,7.8048844,7.086095,7.086095,7.5220695,5.919847,6.1007876,6.485147,7.073296,6.880254,7.6235704,7.8934865
31,7.741433,6.8889604,7.266649,7.0482626,6.8964615,4.033125,6.5753574,4.019623,5.533248,5.557562,6.1599536,6.990479,5.174093,5.966457,4.132512,5.548414,5.892366,6.0232816,7.2363625,7.7527714,9.222407,9.273325,8.018109,8.90284,2.4007077,5.1163225,3.8014324,2.3812323,4.2253757,2.6367047,2.6185741,0.0,7.735847,6.6087284,9.469249,7.256047,5.9342766,7.182728,7.6215463,7.5100145,9.627893,7.746037,7.486663,8.394895,7.952199,6.9874325,7.325625,7.5329847,7.792359,7.9819355,5.4627075,5.046648,4.9228563,5.3956866,5.3811855,5.550951,5.8659425,6.7394314,6.723951,6.8612247,7.8740373,6.0907826,6.343464,7.21935,8.303123,7.833898,7.6924734,8.146201,6.5399613,7.1594124,9.295119,9.131887,7.8631425,8.884617,8.182931,7.484964,7.074007,8.3207,5.8050857,7.216202,5.186595,8.168796,5.9413853,7.88047,5.7935147,5.835331,5.5147686,4.0484557,7.9122677,8.051848,9.072479,8.988241,7.170743,5.813598,7.1290493,7.8639493,7.4316697,6.126143,8.249905,7.9637914,6.851768,7.587019,4.8456397,5.8478336,6.6159697,7.2413588,8.859738,7.409266,6.295134,6.516962,7.9015985,6.515524,6.711315,7.1188087,7.120791,6.712492,6.8856993,7.91422,6.8093133,6.8093133,7.429992,6.08494,6.0672255,6.1682963,7.8409357,6.9822083,7.728641,7.578665
32,8.234496,5.400226,4.639688,7.112119,6.6731143,7.0260954,8.282411,7.1475925,8.159184,8.208149,8.331306,8.339132,7.0568476,6.711499,7.39991,7.4941406,7.2252407,7.197065,8.7456255,8.443916,7.081479,6.6396036,9.516027,8.743715,7.676932,8.588572,7.593239,6.7982874,8.404245,7.3310795,7.529855,7.735847,0.0,5.7265134,7.474058,5.365708,5.550196,6.5322013,5.837395,5.4295926,7.69155,6.3650045,5.3202143,5.792948,5.200642,3.7208345,4.193379,4.00342,6.084028,5.3889046,6.059003,7.038397,7.580179,6.4950113,6.342648,5.9232445,5.264302,4.8377,4.850067,5.6591883,3.9782586,6.1797094,6.1700654,5.6987953,7.7696586,6.5015264,6.126229,6.9143186,5.955216,5.7257643,6.641139,6.3143106,6.1939635,7.265397,8.5668335,8.520031,8.192158,8.613648,5.585419,6.914781,6.5463734,6.242243,4.919743,5.7894773,6.2747445,6.4040594,6.4547787,5.6603737,8.562072,8.996186,7.921613,9.250183,7.9574084,8.901157,7.990474,8.233783,5.126081,6.7928467,8.830932,8.716386,6.9227977,7.183598,6.490773,6.6327157,6.1050806,5.935505,7.402787,5.371887,7.5988035,7.104353,6.0288124,5.327171,7.4430966,6.8921413,6.9376545,5.416012,8.037993,7.9011397,8.602509,8.602509,4.468562,4.981153,6.783172,6.5623426,7.473955,5.4021244,5.921257,6.2801275
