,0,1,2,3,4,5,6,7,8,9,10,11,12,13,14,15,16,17,18,19,20,21,22,23,24,25,26,27,28,29,30,31,32,33,34,35,36,37,38,39,40,41,42,43,44,45,46,47,48,49,50,51,52,53,54,55,56,57,58,59,60,61,62,63,64,65,66,67,68,69,70,71,72,73,74,75,76,77,78,79,80,81,82,83,84,85,86,87,88,89,90,91,92,93,94,95,96,97,98,99,100,101,102,103,104,105,106,107,108,109,110,111,112,113,114,115,116,117,118,119,120,121,122,123,124,125,126,127
0,0.0,3.2795405,1.7083963,3.0709493,3.3644197,2.759932,3.9704416,3.5242095,4.5428343,4.6304107,4.707927,4.039085,3.3203275,3.884392,3.2887814,4.135557,3.9334729,2.2094898,2.4878519,2.0848897,3.7577028,5.2189846,5.441834,5.1255136,5.753639,4.323618,3.4442236,2.572206,3.631642,2.7439814,5.348856,3.4904108,7.3099384,8.439126,7.1032543,6.426995,4.7632008,4.5247188,4.0901785,4.675953,4.974123,5.6875863,4.160391,4.1757603,5.031252,4.177606,4.5316277,3.9735856,6.044309,4.642687,5.2012844,4.538583,5.7635145,5.4639463,7.046206,6.7601976,6.1890955,6.550235,3.7771926,4.7426033,5.477856,5.41498,4.764636,4.6488404,6.3956065,6.009663,5.250614,6.8898973,5.916619,4.966634,7.0436163,5.7815394,4.9272513,4.7443523,7.1472716,5.5039086,6.051156,4.564012,4.7652903,5.601039,6.2032485,6.2199903,5.175586,5.8048267,8.780102,6.6240606,8.569888,8.216391,5.204522,5.2844257,6.642443,8.986626,9.477252,9.03911,5.6738467,5.771703,3.970318,5.4790516,3.582112,3.4660046,5.4492145,5.4025006,4.193979,3.92034,7.0899878,6.0221744,6.2200456,6.898374,6.0500345,6.2072387,6.17773,5.8872924,5.5692472,4.628756,7.262285,5.5734897,5.679849,5.1846647,4.591326,5.012613,5.7935143,4.8939915,4.947991,4.99998,6.4814057,5.8645926,4.9524555,5.813027
1,3.2795405,0.0,3.660532,4.324185,5.060452,4.4834194,5.2649403,4.88054,5.615753,5.780476,5.8788967,5.3015766,4.809675,4.024391,5.4622693,4.627251,3.5742786,3.6151528,4.0459857,4.014173,3.3913653,4.9884906,5.3135076,4.8851357,4.9008555,3.9004192,4.765722,4.0054646,4.529095,3.728244,5.7879868,3.4767327,7.5387225,8.166913,6.92826,6.217863,4.8772426,4.396527,4.8601103,5.074153,5.54051,6.1911926,4.830297,4.8179364,4.9367704,3.9557176,5.876978,5.453682,6.775186,5.2083006,6.0311093,5.3911853,6.518947,6.158969,7.275261,6.9576654,6.704044,7.0699153,4.5396132,5.6697855,6.095308,6.1898675,5.672149,5.607636,7.2450337,7.002403,6.0902896,7.567227,5.984473,5.1258907,5.7947097,5.752363,5.766821,5.645533,6.723982,6.079973,6.0325055,5.2511272,4.8194013,6.3577766,4.570581,4.570108,4.2118425,5.095363,8.994777,6.9462748,8.574826,8.12739,5.397517,5.4109535,6.7096148,8.96747,9.691159,9.264105,6.080368,6.038334,5.4489875,4.976744,4.809799,4.4231405,6.1863475,6.1514535,4.8411555,4.462364,7.2561126,6.1831074,5.9724965,6.547414,5.4652376,5.461452,5.8787613,5.351817,5.3680167,5.1110463,6.740533,5.320861,4.6127677,4.6647096,4.463033,5.6284523,5.190788,4.9046893,5.0293727,5.003526,6.373649,5.5877695,5.0351295,5.439654
2,1.7083963,3.660532,0.0,3.015822,3.5350838,3.2129688,4.1969123,3.5562398,4.9426126,5.036753,5.0830426,4.437352,3.3002555,4.7061706,3.158889,4.2406745,4.50978,2.3576052,3.1896498,2.7624044,4.364281,5.5739565,5.4714622,5.4852743,6.1868296,4.9699836,3.6293309,2.9937189,3.7739956,3.197968,5.775243,4.1219425,7.3967166,8.595027,7.2640705,6.5876083,5.2755747,5.110921,4.7746243,4.693337,5.5069985,6.3204594,4.206463,4.240949,5.6173964,4.8125916,4.6401806,3.9615843,6.7451744,5.2335143,5.794711,5.3784056,6.2734113,5.993714,7.060711,6.8209605,6.7063203,7.0739183,4.725791,5.833389,6.2328405,6.350536,5.3632345,5.0615096,6.483266,6.061158,5.535794,7.381694,6.5297914,5.088445,7.4681926,6.5227733,4.531678,4.5138545,7.345045,4.9762487,6.559944,4.9713,5.3667073,5.97924,6.8484073,6.8588533,5.542897,6.531116,9.57241,7.4578295,9.140642,8.740823,5.8115954,5.9557567,6.919506,9.349582,10.614226,10.011097,6.105882,6.128859,4.248713,5.8753576,3.645979,3.2443578,5.4042516,5.35153,4.3431535,4.1798606,7.39144,6.920725,6.7060475,7.513676,6.4948726,6.7034965,6.0743647,6.399743,6.0190954,4.9445677,7.837649,6.1552496,6.382425,6.0689626,5.5513263,5.503622,6.1635766,5.406805,5.500864,5.5267367,6.941396,6.4369407,5.603758,6.2057405
3,3.0709493,4.324185,3.015822,0.0,4.5343237,3.8814151,4.287606,3.5821786,5.3958664,5.5531325,5.048417,4.4521484,4.720266,5.0956955,4.5892844,5.165254,4.0027733,2.6429813,3.2402647,2.5065866,4.767205,4.0323997,4.3750973,3.915429,5.2866793,4.4253755,3.4772131,2.5531695,3.6758842,2.792315,5.6679945,4.466647,6.258271,6.8907757,7.181611,6.5002255,5.522495,5.001384,4.7602525,4.9674263,5.264163,6.0849695,4.80098,4.815758,5.213727,4.6833124,5.391544,5.035098,6.312953,4.8088536,4.6155014,4.9223814,6.2005796,5.82308,7.7104445,7.351351,6.1661305,6.5551853,4.4765983,5.643896,6.1297092,6.257276,5.3323865,5.558534,6.689173,6.2486525,6.485638,7.575411,6.383788,5.0513678,7.511115,6.7741437,4.3578844,4.3758764,6.8208404,4.8079257,5.84308,5.937344,5.6325235,5.292862,6.604579,6.615091,5.7066755,6.2943935,9.470367,7.2881055,8.939395,8.843585,5.600434,5.5596695,7.9866877,10.208968,10.654238,10.244973,6.7729797,6.703337,4.028521,6.595721,3.8816934,4.0687594,4.345982,4.2981358,4.9857645,4.723217,7.454981,6.4694796,6.7706003,7.7618484,6.6952977,6.96459,6.7850194,6.574409,5.48965,5.002364,6.6456513,6.102573,6.398577,6.066128,5.298974,5.412575,5.3129735,4.5654216,5.0825844,5.059909,5.3696623,5.940527,4.995328,5.6093163
4,3.3644197,5.060452,3.5350838,4.5343237,0.0,2.0883088,2.526545,2.9403746,4.2674065,4.208447,3.740355,4.6230927,3.5016842,4.90641,4.050097,4.871093,5.6181884,4.004919,4.009447,3.4258277,5.8146367,6.817547,6.68082,6.742118,6.7920947,5.303232,4.502762,4.543906,4.7506676,4.0120854,6.577148,5.152776,7.464603,8.664915,7.64881,6.968758,4.974897,5.5357475,5.517928,5.02013,5.7672615,5.2934484,4.452187,4.5183945,5.7940145,6.283149,4.6036415,4.257177,5.146804,5.274569,6.067408,5.1515365,4.6965423,5.008591,6.0405746,6.1037526,6.2590117,6.083497,4.85083,4.4518304,4.7769217,4.785002,3.6739023,3.600669,6.0877633,6.5389285,5.523755,6.40107,7.361635,5.2630987,7.5925493,6.985961,4.023909,4.0927224,6.7128506,4.645118,6.901149,5.505149,6.291153,5.948736,7.055683,7.092666,6.221555,6.246997,8.4628,6.001701,8.861045,7.9708643,5.545278,6.1583858,6.734015,9.021111,9.523999,8.861337,4.764446,4.845567,5.6210995,6.886625,5.3722777,5.581422,6.811957,6.774884,4.443277,5.2828045,6.4241295,5.857864,6.55019,7.039393,6.1037974,6.3358693,6.547264,5.770744,5.7088065,4.560779,7.641854,5.1331506,6.36199,5.787193,5.3248014,5.5995417,6.4846992,5.7161946,4.9704995,5.026014,7.4526644,6.4431143,5.4815135,6.468522
5,2.759932,4.4834194,3.2129688,3.8814151,2.0883088,0.0,2.8532338,2.2730432,3.341982,3.3201618,3.3134866,4.150409,4.2332726,4.795195,4.377418,4.916705,5.014543,3.5156353,3.6549625,2.812098,5.2138453,6.0988684,6.298593,6.1098523,6.4104123,4.981494,3.795689,4.108147,4.0073147,3.289597,5.637188,4.5774918,7.170425,8.291147,6.8888507,6.473225,5.2339354,5.0289807,5.089723,4.8047633,4.8698015,4.3335295,4.35214,4.3857346,5.2201257,4.9883213,5.2514396,4.871851,4.803627,4.7968454,5.5209217,4.647874,4.5958214,4.797515,6.0147934,5.6877084,5.3247256,5.2175484,4.2339115,3.8492975,4.731456,4.7337837,3.6679103,3.7008808,5.5740275,6.040811,4.883961,6.5013404,6.4106297,4.792254,7.181628,6.0676284,4.2457867,4.2492695,6.5556955,4.7278624,5.975911,4.6506786,5.0243616,4.841849,6.433223,6.471916,5.609808,6.035246,8.330471,6.0877175,8.40778,8.011354,5.30451,6.003892,6.843456,9.031055,9.437711,8.990299,5.2693906,5.394631,4.7197394,6.143592,4.46889,4.7566576,6.112467,6.0710425,4.118584,5.0423265,6.5213575,5.8293366,5.959216,6.7844777,5.508492,5.801192,6.011482,5.6280103,5.5251217,4.468032,7.322663,5.4685254,5.7179484,5.298052,5.130667,4.9889884,6.0532765,5.215668,5.222298,5.2772965,6.988039,6.17744,5.3831778,6.3404202
6,3.9704416,5.2649403,4.1969123,4.287606,2.526545,2.8532338,0.0,2.131791,4.939266,4.876536,3.5392663,4.4764013,4.7894964,5.5702767,5.366867,6.022236,5.4426603,3.526213,3.988919,3.1797395,6.170264,6.902542,7.102619,6.813229,5.9127645,5.0957136,4.1140094,4.125933,4.3332777,3.5721068,6.624961,5.561573,6.4116287,7.8963265,7.934992,7.2785134,5.6217365,5.6866717,5.7641354,5.211617,5.1223,4.900453,4.9164205,4.9477043,4.880296,6.299313,5.2827516,5.480702,4.477594,4.501097,5.9146075,4.5326734,4.1308475,4.447372,5.278073,5.456956,5.93828,5.7741275,4.965875,4.883142,5.128814,5.2447743,3.9087787,3.8815854,6.549393,7.0531397,6.376321,7.424713,7.830039,6.2868037,8.241555,7.450412,4.578524,4.9731994,6.846451,4.815137,7.373445,5.7640395,6.885631,6.2430906,7.175212,7.2093983,6.3060994,6.373028,9.217212,6.6016397,9.434576,8.546405,6.2766438,6.791436,8.023707,10.314151,10.245152,9.966478,6.1506147,5.9854956,6.572191,7.230264,5.8952646,6.2039046,6.0682607,6.043116,5.314134,5.882099,6.1688185,5.1011443,7.0479474,7.441703,5.6721854,6.0651903,6.6913548,5.195848,6.2219725,5.632863,7.1230855,6.1808987,6.3671165,5.9165726,5.722774,6.514462,7.0581656,6.519703,6.0332093,6.032299,7.219641,7.4311867,6.315486,7.2154803
7,3.5242095,4.88054,3.5562398,3.5821786,2.9403746,2.2730432,2.131791,0.0,4.5741935,4.587451,3.877726,4.718406,4.966318,5.5367713,4.9133725,5.506483,4.797532,3.0580125,3.4291205,2.7811377,5.6342,6.2328463,6.4168606,6.127788,5.6154633,5.0497985,3.9868827,4.040035,4.0833793,3.2286737,6.256295,4.9185205,6.509027,7.7684183,7.72153,7.015159,5.784751,5.3317084,5.6392536,4.9332824,5.1741295,4.950151,4.8294277,4.844035,5.2942395,5.4930725,5.5291095,5.5347147,4.9028325,4.877288,6.0326366,4.9726505,4.7185183,5.000131,5.9581103,5.3593235,6.2922053,6.134542,5.138771,5.0482306,5.2580886,5.409554,4.2652893,4.201682,6.4004617,6.9012294,6.097329,7.9508905,7.498255,5.2461104,8.170192,7.215163,4.368784,4.7069325,6.767325,4.6291447,7.1044965,5.7438955,6.0853333,5.520216,6.758238,6.7969995,5.9213877,6.607838,9.342036,6.8116655,8.919218,8.664042,6.065306,6.6032157,7.1848617,9.644885,10.133949,9.822501,5.907313,5.76028,5.516189,6.386146,4.8832326,5.2996993,5.139773,5.1063805,4.6042786,5.344575,7.17407,6.2148685,6.8581567,7.6807704,5.6170425,5.8214927,6.460147,5.8423595,5.5957584,5.079709,6.747475,6.195648,5.605151,5.388199,5.7977405,5.5532,6.162272,5.862947,6.028396,6.0431933,6.7983975,6.9551916,6.2935314,7.18102
8,4.5428343,5.615753,4.9426126,5.3958664,4.2674065,3.341982,4.939266,4.5741935,0.0,0.95508593,2.6371279,3.3647368,4.964301,5.344626,5.1612453,5.572331,6.344787,5.3930554,5.053049,4.631604,6.197778,6.767791,6.9869027,7.050167,7.2498713,5.9053187,5.172709,5.246638,5.638875,4.6196685,4.604154,5.6491337,8.795934,9.778815,7.8270507,8.192232,6.8553276,6.5848722,6.8483977,7.2446666,6.957497,5.40725,5.5596175,5.616147,7.194399,6.0718594,7.2279305,6.593799,6.9499583,6.9228926,7.2457023,6.8628407,6.905423,7.1132207,8.170405,7.7890334,5.8051076,5.7422643,5.2706285,5.149577,5.860769,6.03699,5.212349,5.403005,6.1650367,6.975884,3.341604,4.9076,5.8651657,5.5204206,6.414916,5.573973,6.3877773,5.5952997,8.58501,6.9561996,5.99393,4.04447,5.004356,5.361817,7.117899,7.170686,6.5337725,6.7977433,6.943711,6.028516,7.7499933,7.45635,5.9179893,6.1655664,7.047202,8.222779,8.68252,8.380539,6.046107,6.291826,5.8231053,7.1547184,5.846717,6.4933844,7.3252406,7.297364,5.574598,6.2304707,6.8885746,7.3074017,5.366898,6.2040925,7.4857554,7.688848,7.994877,7.590564,6.660727,5.777098,8.0544615,6.509178,6.73879,6.055885,6.4394245,5.9211817,6.98,6.236616,6.1672544,6.203836,7.9256215,7.2355623,6.0886254,6.9682612
9,4.6304107,5.780476,5.036753,5.5531325,4.208447,3.3201618,4.876536,4.587451,0.95508593,0.0,2.4321537,3.338877,4.9173517,5.310252,5.1412916,5.633448,6.435112,5.3965364,5.129354,4.600049,6.2467885,6.877519,7.07631,7.163569,7.3347306,6.020788,5.331262,5.420112,5.8127155,4.7695627,4.704576,5.7776694,8.869652,9.8707285,7.88405,8.302274,6.812638,6.555472,6.6943173,7.217317,6.9103837,5.236559,5.431261,5.483688,7.1446075,6.0732903,7.083265,6.463581,6.863983,6.868917,7.3520994,6.860293,6.776529,7.004369,7.904382,7.5668073,5.7732067,5.6557074,5.26078,5.037306,5.77003,5.9391932,5.0892477,5.1676745,6.211162,7.064132,3.2338119,4.788577,5.9250584,5.5493813,6.4964023,5.5862284,6.3236895,5.567286,8.544479,6.9235806,6.028249,3.8928921,5.009714,5.304295,7.3494906,7.4030213,6.481658,7.0294547,7.1205645,6.2501597,7.9229302,7.5187097,5.9664917,6.244531,7.0529194,8.202587,8.734009,8.413573,6.11944,6.349291,5.8282185,7.1179414,5.7019615,6.489507,7.256579,7.229282,5.41317,6.1010265,6.821643,7.2924247,5.294215,6.170815,7.4572644,7.6399302,8.0723715,7.595644,6.6707244,5.8074403,8.068742,6.519858,6.7410817,6.057741,6.436278,5.934346,7.0482216,6.263915,6.1645365,6.228103,7.967939,7.369421,6.1085277,7.101886
10,4.707927,5.8788967,5.0830426,5.048417,3.740355,3.3134866,3.5392663,3.877726,2.6371279,2.4321537,0.0,2.485794,5.1520267,5.571054,5.627267,6.160005,6.2413464,4.946761,4.8418207,4.0558643,6.5279183,6.7457747,6.9883804,7.006534,6.382813,5.4777274,4.7427278,4.8868823,5.3629403,4.385888,4.6935554,5.984842,7.8657026,8.964346,7.737798,8.194095,6.666358,6.677673,6.846076,6.821412,6.5804567,5.3418846,5.549535,5.61095,6.48227,6.453068,6.6880603,6.0465226,6.081487,6.158821,6.6474466,6.1438403,6.0451417,6.330423,7.0917544,7.261011,5.2886443,5.122251,5.1314673,4.8649707,5.7603235,5.9387355,4.9190993,4.8996015,5.9233065,6.8082085,4.1866894,5.093774,6.321869,6.256931,6.912532,6.012523,5.9692736,5.810697,8.109481,6.476624,6.2914715,4.378903,5.8563204,5.9845543,7.733937,7.7759686,6.894502,7.1173573,8.045491,6.6973863,8.970992,8.084874,5.7466326,6.1421003,7.8053923,9.284372,9.530349,9.2177725,6.0940385,6.1039114,6.236208,7.540292,6.193166,6.722308,6.6059074,6.586282,5.628504,6.1435237,5.9827237,6.41846,6.031934,6.6064525,7.2635345,7.490748,7.790605,7.0237417,6.583053,6.11964,7.182129,6.5388055,6.87788,6.2263646,6.3477697,6.6813173,7.2677765,6.7554984,6.29117,6.3576617,7.4951367,7.712425,6.208971,7.241963
11,4.039085,5.3015766,4.437352,4.4521484,4.6230927,4.150409,4.4764013,4.718406,3.3647368,3.338877,2.485794,0.0,4.692323,5.131029,5.0145736,5.8516784,5.744047,4.4851327,4.37385,3.7649252,5.728912,5.937313,6.2178817,6.2909484,5.9958925,5.125884,4.2141814,3.8612916,5.0185404,4.145228,3.3010647,5.440494,7.835477,8.9552765,7.5585756,8.210909,6.5290565,6.491235,6.3067985,6.7575536,6.4546285,6.301103,5.3047247,5.3562036,6.197246,6.011442,6.1720004,5.580719,6.9275255,5.920541,6.302599,5.963029,6.8544292,6.7213597,7.9351254,8.045792,5.629688,6.0132337,4.9383082,5.750688,6.3546877,6.476126,5.7660446,5.7058825,6.0775948,6.2166033,4.068229,4.957375,5.2606025,6.507571,6.5061297,5.2775474,6.2990108,6.093039,8.461567,6.849986,6.0604444,3.7761889,5.4203763,6.061485,7.672893,7.692457,6.8462243,7.0202017,8.564732,7.522749,9.375621,8.621426,5.5049043,5.451801,8.051446,9.494227,9.863687,9.6184435,6.688655,6.721817,5.5831547,7.1108127,5.693963,6.073842,6.138137,6.115125,5.845646,5.6206136,5.797057,6.472132,5.7068543,6.229029,7.6318216,7.7764654,7.855746,7.160758,6.7587323,6.3126507,7.325597,6.7532682,6.994835,6.3320746,6.0005016,6.801864,7.1619005,6.528579,6.1162586,6.1659827,7.072199,7.520104,5.935895,6.956656
12,3.3203275,4.809675,3.3002555,4.720266,3.5016842,4.2332726,4.7894964,4.966318,4.964301,4.9173517,5.1520267,4.692323,0.0,3.923884,2.095394,3.6603928,5.425206,3.9677157,3.5611665,3.69175,5.095782,6.424445,6.0465174,6.3156238,6.750655,5.277691,4.4364157,3.8680038,4.65427,3.9230304,6.5366683,5.0373826,7.8552747,9.13399,7.9727445,7.0832367,4.9585695,5.5615544,5.014289,6.1765866,6.593836,6.616364,4.3533726,4.4377847,6.9211946,5.9849105,4.9190736,4.0326204,7.67311,6.4996023,6.8982167,6.5696006,7.0724316,6.8635883,8.233266,8.160125,7.3109403,7.5730634,4.780189,5.697193,5.744344,5.8860683,5.1151342,5.254241,7.2172236,7.081472,5.5706587,5.850617,6.8954225,4.974921,7.1720366,6.698303,5.1921463,4.0630937,8.07638,6.090712,6.8629856,4.934974,5.964482,6.7114353,7.070316,7.0958624,6.1445646,6.3560667,7.860859,6.142217,8.1841345,7.5020986,6.1942077,6.2622414,6.503827,8.328486,9.091034,8.434543,5.5064597,6.0582066,5.3057046,6.476482,4.634905,5.2327685,6.3880467,6.354104,4.59508,4.881877,7.705864,7.1261463,6.486837,6.774839,7.5535297,7.72772,7.156408,7.084331,5.8531013,4.6832514,7.6871495,5.3014903,6.5867367,5.674131,5.2926183,5.3448267,6.131566,5.206929,4.343744,4.4020286,7.059822,6.231542,4.653004,5.466736
13,3.884392,4.024391,4.7061706,5.0956955,4.90641,4.795195,5.5702767,5.5367713,5.344626,5.310252,5.571054,5.131029,3.923884,0.0,4.3575892,2.8934224,3.36489,4.408014,3.642373,4.3645725,2.9235795,4.5061493,4.746333,4.397793,5.127186,2.8310683,5.052435,4.505993,5.280908,4.400638,5.803295,2.7491548,8.158182,8.331602,7.2519026,6.4388437,4.0570817,3.9960485,4.7777853,6.0104475,6.149176,6.3455343,4.9664054,4.9828196,6.4314456,5.3479123,5.851878,5.1242294,6.9210196,5.6877193,6.5963864,5.9465823,6.9641976,6.715842,7.920828,7.5207863,7.1165357,7.32464,3.946253,4.7804713,4.7235723,4.8893247,4.896235,4.7588654,7.8299894,7.921691,6.4200935,6.158865,5.7921157,4.612694,6.838317,5.6415977,6.5528355,5.479513,7.432567,7.208425,5.2022862,4.9123764,4.5253053,6.498872,5.6902246,5.7286844,4.394116,4.6849585,7.698313,6.1405287,7.8623605,7.1672053,4.052175,4.174357,5.703886,7.6068726,7.3557067,6.900306,4.266022,4.988492,5.2482166,5.8055363,4.554656,5.1245146,6.275147,6.2446218,3.5692334,3.9337425,7.8640223,6.5322504,5.8078666,5.858439,6.991007,6.6331882,7.683414,6.8886037,5.1864476,5.552484,7.0455036,4.5716867,5.432662,4.283858,3.979703,4.381526,5.30354,4.880755,4.569844,4.4635053,7.4256563,6.414849,4.832067,4.713803
14,3.2887814,5.4622693,3.158889,4.5892844,4.050097,4.377418,5.366867,4.9133725,5.1612453,5.1412916,5.627267,5.0145736,2.095394,4.3575892,0.0,3.5675719,5.371226,4.123757,3.318948,3.8408244,5.022183,6.224693,5.791672,6.1200085,7.064299,5.713469,4.664634,4.132335,4.998215,4.343724,6.4191194,4.788758,8.263496,9.404969,8.236278,7.481577,5.373363,5.58451,5.101095,6.204335,6.754188,7.0378036,4.5508504,4.61569,7.3557653,6.0076313,4.851725,4.130218,7.8464375,6.6886783,7.1147156,6.798142,7.4225345,7.2243247,8.784045,8.304294,7.8890843,8.161584,5.2716246,6.167989,5.8495116,5.9820557,5.4818754,5.523808,7.4030213,7.1815944,5.8882084,6.7295566,6.895139,4.7426023,8.034937,6.8796916,5.394615,4.4156446,8.403784,6.3928437,7.1845746,5.3938847,5.8621364,6.446879,7.486722,7.51315,6.589587,7.037651,8.539248,6.972672,8.314235,8.2281685,6.073687,6.1051683,6.061207,8.0436,9.108426,8.578996,5.598966,6.182823,4.394074,6.299937,4.0625944,4.951929,6.061006,6.020073,4.430442,4.6165066,8.506175,7.9662733,6.757555,7.3032475,8.037577,8.001648,7.7327805,7.923505,5.845784,4.7644467,8.005242,5.7809157,6.733797,5.8620663,5.630527,4.8326793,6.0853887,5.251889,4.997201,5.0424213,7.3001847,6.511489,5.4053435,6.229843
15,4.135557,4.627251,4.2406745,5.165254,4.871093,4.916705,6.022236,5.506483,5.572331,5.633448,6.160005,5.8516784,3.6603928,2.8934224,3.5675719,0.0,3.6652231,4.721125,4.170389,4.7147717,3.2134347,4.747516,4.145869,4.6327076,5.692539,3.8352296,5.3591657,4.8194494,5.4348593,4.5526648,6.035881,3.0825508,7.851055,8.102875,6.7667203,5.8914,3.826642,4.143664,5.006095,5.339389,6.8068137,6.8171244,4.275057,4.3233576,7.5268636,6.0029144,5.383359,4.4578934,7.610771,6.5665574,7.2849026,6.7566023,7.2162237,6.981881,8.282228,7.56891,7.7196712,7.899482,5.1850553,5.8192043,5.170694,5.357258,5.2539463,5.3186502,7.3957148,7.417853,6.0678253,6.848427,5.8980813,3.3628938,6.791418,5.7817283,5.9065533,4.648499,7.1075997,6.638484,5.3028946,5.1231894,4.278052,6.37501,5.8426466,5.8770022,4.4732738,5.208118,7.9687862,6.386794,7.5883493,7.603871,5.091266,5.172838,4.672806,6.931675,8.303209,7.596897,4.1302104,4.887712,4.7269154,5.9670105,4.276269,4.4752836,6.1422777,6.1106453,3.1524274,3.588231,8.435946,7.9507327,5.741542,6.000153,7.0458465,6.809784,7.364751,7.377084,4.5853896,4.8740597,7.5422425,4.492221,5.7594895,4.7321353,4.7999506,3.28854,4.824202,4.994794,5.0360284,4.8290744,7.677106,6.1926823,5.7657704,4.4966106
16,3.9334729,3.5742786,4.50978,4.0027733,5.6181884,5.014543,5.4426603,4.797532,6.344787,6.435112,6.2413464,5.744047,5.425206,3.36489,5.371226,3.6652231,0.0,3.716248,3.4325628,3.8658776,2.0154152,3.0610394,3.552688,2.7487185,3.2419071,2.0656846,4.7709675,3.844888,4.6890306,3.675254,5.6449714,1.9819443,6.4807115,6.4184666,6.434549,5.4491343,4.1052737,3.2300282,4.419498,4.49856,5.3719974,6.336524,4.820983,4.7924843,5.58892,4.704384,5.6144342,5.3098683,6.2954135,4.7430243,5.7846746,5.030537,6.2779264,5.8518257,7.6079555,6.7114606,6.968452,7.2482204,4.5471425,5.5194,5.1879606,5.3016167,5.3456573,5.5400233,7.398827,7.274855,7.064008,8.31523,5.6935782,4.2982893,6.997948,5.6936483,5.998624,5.6690707,6.163813,6.366267,5.215867,5.642954,4.286306,6.1565585,4.8508587,4.8710103,3.8800235,4.8293104,9.26365,7.1004696,8.47533,8.688782,4.905752,4.8423443,6.3818483,8.904023,9.058796,8.914872,5.4504576,5.5146923,4.780275,5.133705,4.060142,4.2620773,4.56254,4.5373898,3.7421293,3.337564,8.027631,6.4736886,6.1557198,6.5151997,5.6783905,5.319618,6.8268776,6.0918694,4.3395996,5.4398036,6.0359287,5.0936775,4.468803,3.9396753,4.00212,4.077111,4.354103,4.8480577,5.45639,5.266464,6.3791256,6.178637,5.786977,4.9609175
17,2.2094898,3.6151528,2.3576052,2.6429813,4.004919,3.5156353,3.526213,3.0580125,5.3930554,5.3965364,4.946761,4.4851327,3.9677157,4.408014,4.123757,4.721125,3.716248,0.0,2.4883296,1.9720417,4.3385534,5.2677383,5.5631633,5.0481124,4.872445,4.218716,3.349405,2.3850052,3.3734279,2.396691,6.0510783,4.1556735,6.560454,7.7797756,7.7325745,6.7678633,5.1673274,4.649514,4.392102,5.0321293,5.095926,5.71406,4.4847126,4.485394,5.1437044,4.410668,5.1946487,4.8811526,6.361534,4.8588243,5.831076,5.0354495,6.0340047,5.7514334,6.6439676,6.4578567,6.7474365,7.044305,4.3057494,5.386305,6.025912,6.1176157,5.080543,4.6871862,7.432874,7.1355414,6.2747736,7.7049336,7.000929,5.504562,7.898086,6.8972645,5.175503,4.880348,7.45435,5.5967064,6.6088037,5.2795215,5.632131,6.0656857,6.557407,6.5747237,4.9080653,6.0645123,9.302105,7.0350084,8.72972,8.153075,5.9589567,6.0310845,7.177649,9.520412,10.106724,9.641255,6.4822555,6.5418506,4.9993486,6.1902556,3.9562771,3.8092036,4.231731,4.1900544,4.6723323,4.484107,7.74679,6.487018,6.9396954,7.681248,6.2926598,6.5499907,6.5446954,6.1661124,5.763261,5.321861,6.700457,6.297567,5.875049,5.426267,5.359403,5.6184077,5.968656,5.454233,5.669373,5.680775,6.2070103,6.696827,5.6458654,6.2775636
18,2.4878519,4.0459857,3.1896498,3.2402647,4.009447,3.6549625,3.988919,3.4291205,5.053049,5.129354,4.8418207,4.37385,3.5611665,3.642373,3.318948,4.170389,3.4325628,2.4883296,0.0,1.9683728,3.910871,4.9831305,5.266817,4.7579427,4.65867,3.8561885,3.156982,2.3886707,3.3347027,2.38964,5.8121595,3.5877094,6.747767,7.856636,7.462321,6.497699,5.0065794,4.5112753,4.520477,5.506628,5.1592603,5.915676,4.742651,4.765121,5.5285106,4.244553,5.288352,4.607946,6.3628817,5.0168223,5.5005317,5.143904,6.284888,6.0652843,7.910276,7.439203,6.612338,6.8692884,3.6917977,4.753726,5.0373287,5.2256145,4.758736,5.0405693,7.0368285,7.0279446,6.2709203,7.369783,6.3599095,4.6180434,7.6752753,6.2159953,5.3564816,5.021261,7.510899,6.127639,6.5819225,5.0474944,5.2358665,6.294887,6.13133,6.159679,5.8124285,6.1493864,8.622738,6.4459743,8.170315,8.175633,5.3476925,5.518447,6.5440555,8.857706,8.718385,8.692644,5.4031196,5.7449684,4.292029,5.034862,3.61729,4.6901584,4.253729,4.220155,3.9694517,4.0426927,8.060284,6.268469,6.814201,7.235663,6.696684,6.6151385,6.683847,6.558101,4.9281235,4.682708,5.7539515,5.423171,4.9427185,4.195103,4.4171877,4.676165,5.2377725,4.774514,4.8178086,4.8796563,5.7510324,6.1486306,4.676748,5.795277
19,2.0848897,4.014173,2.7624044,2.5065866,3.4258277,2.812098,3.1797395,2.7811377,4.631604,4.600049,4.0558643,3.7649252,3.69175,4.3645725,3.8408244,4.7147717,3.8658776,1.9720417,1.9683728,0.0,4.378347,5.0589604,5.3581986,4.9445314,4.9351535,4.141516,2.8920002,1.9582044,3.0554626,1.7098123,5.436432,4.2218475,6.135771,7.4656215,6.974237,6.234504,5.085912,4.7787256,4.2552176,4.8671875,4.798906,5.2762675,4.3608947,4.385414,4.948729,4.1632686,4.914262,4.220965,5.777946,4.564106,4.7710886,4.464775,5.454678,5.2052426,7.1511564,6.878357,5.59319,5.851649,3.614914,4.384984,5.333267,5.3533497,4.557016,4.9017305,6.0481267,5.9494586,5.4246383,7.0179396,6.0732174,4.779557,7.0800114,5.9187765,4.551428,4.5313916,6.917838,5.153987,6.020795,4.6187797,5.0132236,5.6297207,6.395633,6.4199777,5.595196,6.2495894,8.738468,6.413832,8.539564,8.402772,5.7644715,5.901895,7.291991,9.559968,9.668015,9.435072,5.992387,6.016888,4.147912,5.5205483,3.4824336,4.1383767,4.1154876,4.080585,4.192295,4.146635,7.109491,5.6864862,6.4730244,7.121884,5.984983,6.277441,6.055866,5.8287215,5.1290865,4.5294175,5.960284,5.6407166,5.343939,4.82183,4.670449,5.012621,5.437338,4.783371,4.8519216,4.944371,5.389243,5.912818,4.6389713,5.677554
20,3.7577028,3.3913653,4.364281,4.767205,5.8146367,5.2138453,6.170264,5.6342,6.197778,6.2467885,6.5279183,5.728912,5.095782,2.9235795,5.022183,3.2134347,2.0154152,4.3385534,3.910871,4.378347,0.0,3.6088843,3.9280045,3.5011578,4.690756,2.8909013,5.190509,4.2219734,5.181185,4.2683005,5.403043,1.4741693,7.674582,7.774688,6.161416,5.516361,4.1795983,3.4452934,4.3329716,4.7341437,5.601807,6.6877956,4.734144,4.7116084,5.8250427,4.543374,5.5308414,4.9156256,6.851585,5.0028944,5.9384894,5.313443,6.7329807,6.232753,7.9796224,7.17937,6.8722715,7.276487,4.3633265,5.640353,5.367873,5.4952106,5.652772,5.8157315,7.177107,6.9634924,6.54662,7.9706492,4.885919,4.3178806,6.4998593,4.8624134,6.3547688,6.0052037,6.6225963,6.790804,5.02443,4.94654,3.6178317,6.4324756,5.037957,5.0540743,4.0143237,5.1619534,9.261005,7.390106,8.646222,8.876789,4.8731112,4.664455,6.2116065,8.64135,8.990956,8.903258,5.439288,5.539401,4.5001,4.529677,3.7317395,4.014618,5.685467,5.652837,3.522676,2.6120226,7.940379,6.6708727,5.8954086,6.103598,5.9864597,5.5724998,6.8244414,6.3656406,5.0170994,5.596002,7.2003045,5.1546082,4.93792,4.4012227,3.9319046,4.1671305,5.024535,5.0441093,5.5255756,5.364503,7.2036185,6.327472,5.739916,4.8669925
21,5.2189846,4.9884906,5.5739565,4.0323997,6.817547,6.0988684,6.902542,6.2328463,6.767791,6.877519,6.7457747,5.937313,6.424445,4.5061493,6.224693,4.747516,3.0610394,5.2677383,4.9831305,5.0589604,3.6088843,0.0,1.7107053,0.84128815,4.625401,3.418719,5.5852327,4.858085,5.769493,4.9870605,5.30226,3.6485639,7.1710434,6.197413,6.2853513,6.065889,5.2428703,4.572296,5.361167,5.569133,6.4201603,7.356616,5.7279124,5.7171316,6.5613756,5.4921575,6.520545,5.978493,7.365787,5.7454824,5.6193714,6.0339017,7.5574203,7.0239015,9.080781,8.335116,7.020535,7.4546347,5.3069205,6.425493,6.261378,6.401747,6.4627595,6.793548,7.470736,7.100946,7.4510264,7.899746,4.9939265,4.7037616,6.7757,5.78028,6.3239574,5.9679837,6.4703145,6.7552285,4.118364,6.443088,4.5363007,5.898464,5.964321,5.968216,5.211094,5.8179736,9.666383,8.143809,9.088928,9.403658,4.630056,4.342296,7.6441016,9.603714,9.940561,9.628615,6.4518094,6.540829,4.2581882,6.4634175,4.5574307,4.8330965,5.2352386,5.2047048,4.8353395,4.3303113,8.22839,7.4304028,6.163841,6.891578,7.278999,6.9764385,7.911605,7.5630493,4.961852,6.0459237,6.6438046,5.636551,6.148844,5.7073298,4.841983,4.72616,4.305184,4.539096,5.4285736,5.2259355,6.215402,6.1001277,5.605355,4.5913434
22,5.441834,5.3135076,5.4714622,4.3750973,6.68082,6.298593,7.102619,6.4168606,6.9869027,7.07631,6.9883804,6.2178817,6.0465174,4.746333,5.791672,4.145869,3.552688,5.5631633,5.266817,5.3581986,3.9280045,1.7107053,0.0,1.901236,5.007944,3.9207482,5.9036927,5.2115784,6.080766,5.337445,5.5594835,3.9781249,7.172059,6.2316566,6.2765107,6.0410123,4.968102,4.8341355,5.5646825,5.3550844,7.0372734,7.866437,5.4236455,5.4338374,7.2658954,6.2459226,6.0232673,5.400578,7.8644967,6.3736887,6.302679,6.6588497,7.8025055,7.296102,9.281316,8.511215,7.651912,8.042442,6.008274,7.0036993,6.434719,6.5768776,6.6538343,6.961647,7.3527308,6.920599,7.354779,7.834615,5.278661,4.2653217,6.6428223,6.0314274,5.9232755,5.5150595,6.284884,6.4394345,4.5171337,6.6418614,4.8081794,6.103514,6.2818904,6.2812476,5.4800406,6.1096225,9.801174,8.336569,9.226814,9.550316,4.8931932,4.6401277,7.1378083,9.152725,10.245117,9.679797,6.104833,6.2429094,4.215973,6.626207,4.6858544,4.7984724,5.424497,5.394527,4.6453357,4.2091722,8.309662,8.0695,6.0648026,6.7846437,7.5197453,7.1890926,7.89693,7.8165636,4.594628,5.7175226,6.875426,5.2917724,6.342979,5.890835,5.0999722,4.4917097,3.9474597,4.558254,5.2248597,4.987251,6.4200473,5.8997927,5.7969384,4.4352427
23,5.1255136,4.8851357,5.4852743,3.915429,6.742118,6.1098523,6.813229,6.127788,7.050167,7.163569,7.006534,6.2909484,6.3156238,4.397793,6.1200085,4.6327076,2.7487185,5.0481124,4.7579427,4.9445314,3.5011578,0.84128815,1.901236,0.0,4.523936,3.3226297,5.57508,4.7568746,5.659134,4.8631487,5.929682,3.5439563,7.0735383,6.1082983,6.5515246,5.9065876,5.0624704,4.354894,5.1652412,5.4652324,6.344174,7.36173,5.757829,5.744007,6.5047913,5.386149,6.4504533,5.9121604,7.327429,5.681101,5.563545,5.9748397,7.4999795,6.9669185,9.037861,8.279413,7.2649717,7.6605234,5.2092032,6.3428135,6.18977,6.3339286,6.3678308,6.710235,7.7852015,7.403159,7.8238707,8.268206,5.568731,4.593042,7.149667,6.239208,6.2347374,5.8525567,6.4236956,6.677682,4.544348,6.7553687,4.8719945,6.135866,5.852026,5.8581686,5.080457,5.7272964,9.714455,7.967737,8.970314,9.294255,4.8152843,4.5456333,7.540381,9.641287,9.863691,9.543358,6.371593,6.4732075,4.343796,6.4027915,4.430577,4.7328315,5.0816464,5.049894,4.7224174,4.2345967,8.588122,7.399765,6.575732,7.2586913,7.2232985,6.9255743,7.84429,7.5042305,4.8292685,5.923711,6.514527,5.534512,6.0366473,5.5879316,4.7446675,4.5922046,4.14272,4.385426,5.3058457,5.1042895,6.100427,5.9973683,5.4857802,4.46987
24,5.753639,4.9008555,6.1868296,5.2866793,6.7920947,6.4104123,5.9127645,5.6154633,7.2498713,7.3347306,6.382813,5.9958925,6.750655,5.127186,7.064299,5.692539,3.2419071,4.872445,4.65867,4.9351535,4.690756,4.625401,5.007944,4.523936,0.0,3.1068413,5.514637,4.8571563,5.507317,4.68215,5.9774303,4.658028,6.1648827,6.234596,7.4581203,6.8952637,5.902177,5.530514,6.5526576,6.3137655,6.909746,7.5451126,6.4586844,6.4530168,6.7581024,6.2082014,7.189268,6.682387,7.503246,6.314552,7.1283584,6.550152,7.5056763,7.225865,8.40882,7.924488,7.827965,8.040297,6.103295,6.7849,6.791096,6.934515,6.8853292,6.9535713,8.17729,8.260613,7.7413135,8.764968,6.785345,6.173731,7.386214,6.622498,7.4162126,7.2807245,7.4182224,7.679184,6.568212,6.4853916,5.8763967,7.801307,6.18526,6.194336,5.741004,6.275319,9.970046,8.119454,9.563224,9.374124,6.1522617,6.1716366,7.555087,9.69385,9.903431,9.735415,6.483491,6.4707456,6.732471,6.386549,6.226862,6.247146,4.3023186,4.316512,5.6292424,5.400493,8.447899,7.2700086,7.229787,7.3594527,6.8828673,6.5621014,7.5775447,6.9492755,5.2579274,6.923556,4.513473,6.441303,4.9349236,4.5908003,5.6696186,6.308657,5.414262,6.6204247,6.7491264,6.6413813,6.301924,7.4888,6.8817425,6.4241867
25,4.323618,3.9004192,4.9699836,4.4253755,5.303232,4.981494,5.0957136,5.0497985,5.9053187,6.020788,5.4777274,5.125884,5.277691,2.8310683,5.713469,3.8352296,2.0656846,4.218716,3.8561885,4.141516,2.8909013,3.418719,3.9207482,3.3226297,3.1068413,0.0,4.630634,4.007196,4.7700553,3.8737721,5.332939,2.6339734,6.60251,6.4465885,6.224478,5.4710417,4.2309895,4.0527697,5.277993,5.132536,5.7437463,6.4159393,5.269424,5.2789187,5.8242764,5.530587,6.0384297,5.337366,6.2202086,4.8996296,5.675012,5.1381927,6.310622,5.993484,7.422322,7.0191383,6.425101,6.6528606,4.2852426,5.0689054,5.128871,5.303339,5.2304053,5.360968,7.077521,7.207467,6.822495,7.2409635,5.5452094,4.9021153,6.6518393,5.486078,6.3211436,5.8928213,6.3830853,6.604022,4.6293607,5.2374578,4.5280466,6.6492805,5.4076486,5.4333262,4.3601165,4.499834,8.780379,6.7487106,8.7849245,8.349161,4.3294997,4.4987903,6.826828,9.073696,8.84759,8.554693,4.7625413,4.926711,5.5151973,5.9542975,4.9632797,5.0071645,5.2470145,5.227313,3.8855047,3.9827836,7.276053,5.894637,6.1432905,6.132587,6.0956316,5.816113,6.9363027,6.0636525,4.906416,6.002448,6.1019444,4.9844594,5.1990237,4.392598,4.169907,4.8705997,5.107081,5.4426403,5.388397,5.1977277,6.9220486,6.670503,5.5794473,4.584838
26,3.4442236,4.765722,3.6293309,3.4772131,4.502762,3.795689,4.1140094,3.9868827,5.172709,5.331262,4.7427278,4.2141814,4.4364157,5.052435,4.664634,5.3591657,4.7709675,3.349405,3.156982,2.8920002,5.190509,5.5852327,5.9036927,5.57508,5.514637,4.630634,0.0,2.6215637,1.1281959,2.529179,5.6010113,5.0355315,5.3838263,6.9331207,6.079528,5.5505576,5.6277804,5.288816,5.062901,5.498804,4.1562266,5.644847,4.971318,5.016666,5.329339,4.732621,5.911943,5.2563767,6.486044,4.9191875,5.083376,4.963635,6.2435393,5.826771,7.5033455,7.487862,5.4250565,5.9606786,4.056487,5.2133064,5.875225,6.0748672,5.215036,5.6138268,6.1686225,5.950519,6.410169,7.0636916,6.109767,5.7599416,7.814069,6.0674186,5.143131,4.9881997,7.269029,5.6295476,6.038264,4.445304,5.3392816,6.1835785,6.772931,6.7739754,6.604825,6.305167,9.164788,7.3507333,9.158123,8.971223,6.091874,6.859238,8.511519,10.462879,10.450958,10.339056,6.684132,7.264693,4.8225207,6.0850844,4.437155,4.784787,4.6284204,4.5915213,5.010202,5.6874137,7.3153253,6.190639,6.900752,7.2463646,6.589024,6.9583406,5.2768726,6.152559,5.978162,5.4519796,6.56767,6.3248806,6.1989083,5.62533,5.2236857,5.7580886,6.2507353,5.5618405,5.5919995,5.593923,6.0818386,6.6649127,5.252632,5.8358593
27,2.572206,4.0054646,2.9937189,2.5531695,4.543906,4.108147,4.125933,4.040035,5.246638,5.420112,4.8868823,3.8612916,3.8680038,4.505993,4.132335,4.8194494,3.844888,2.3850052,2.3886707,1.9582044,4.2219734,4.858085,5.2115784,4.7568746,4.8571563,4.007196,2.6215637,0.0,2.8012886,1.6764985,5.3627725,4.2832804,6.0088267,7.3727064,6.89591,6.2066383,5.269278,4.9357085,4.461567,5.306048,4.9717236,5.995068,4.5809293,4.6131315,5.1520085,4.4132,5.319428,4.6744623,6.648674,4.754225,4.7739625,4.750274,6.2896967,5.800078,7.9045806,7.7700577,5.7574325,6.3202467,3.6494777,5.3168364,5.9189024,6.056479,5.269732,5.761925,6.541839,6.117,5.956572,7.234543,5.8477464,5.426228,7.1280904,5.889262,5.2647657,5.0435224,7.466415,5.8273253,6.0479636,4.637611,5.3067536,6.3006825,6.347191,6.356978,5.8065557,6.024362,8.865846,6.739791,8.666784,8.59211,6.155283,6.014283,7.966313,10.093584,10.042192,9.990304,6.737957,6.8311543,4.6621704,5.9647403,4.0625563,4.462165,4.3872566,4.35761,5.0439825,4.473237,7.2825522,5.9180365,6.7391934,7.1168094,6.5783205,6.9510837,6.355368,6.154755,5.7115664,5.216979,6.4238353,6.0941424,6.074916,5.4299154,4.8626776,5.6023216,5.9466796,5.294646,5.32687,5.305732,5.5931683,6.3607516,4.9928446,5.382046
28,3.631642,4.529095,3.7739956,3.6758842,4.7506676,4.0073147,4.3332777,4.0833793,5.638875,5.8127155,5.3629403,5.0185404,4.65427,5.280908,4.998215,5.4348593,4.6890306,3.3734279,3.3347027,3.0554626,5.181185,5.769493,6.080766,5.659134,5.507317,4.7700553,1.1281959,2.8012886,0.0,2.3429286,6.2360077,5.149712,5.017028,6.6982403,5.977402,5.0386677,5.556476,5.1086745,4.8847136,5.3348956,3.9530969,5.496372,4.9868093,5.0234084,5.25885,4.394202,6.101957,5.4833894,6.5815682,5.011953,5.1529517,5.0245523,6.200657,5.74477,7.5145035,7.423575,5.551395,6.0592823,4.1238794,5.260624,5.96314,6.1609626,5.2653832,5.835717,6.3981056,6.1644053,6.7544107,7.671775,6.432796,5.5944753,7.7952256,6.2872767,5.0544324,4.9058013,7.0283093,5.501513,6.220762,4.7888823,5.4188337,6.345208,6.327285,6.325773,6.394416,6.1793747,9.184817,7.1565337,8.92345,8.939296,6.604814,7.349054,8.560239,10.595687,10.582383,10.512601,6.927,7.492304,5.0500746,5.8446,4.426221,4.73615,4.634208,4.599805,5.093862,5.7914886,7.731226,6.264396,7.1136713,7.4594183,6.189997,6.683778,4.6781397,5.8494897,5.805218,5.2308803,6.400203,6.268109,5.869597,5.419355,5.1821375,5.643515,6.023539,5.409945,5.5958676,5.5877333,5.8268247,6.387634,5.231528,5.6331577
29,2.7439814,3.728244,3.197968,2.792315,4.0120854,3.289597,3.5721068,3.2286737,4.6196685,4.7695627,4.385888,4.145228,3.9230304,4.400638,4.343724,4.5526648,3.675254,2.396691,2.38964,1.7098123,4.2683005,4.9870605,5.337445,4.8631487,4.68215,3.8737721,2.529179,1.6764985,2.3429286,0.0,5.5393186,4.2338557,5.557979,6.9599266,6.4531813,5.6255546,4.918244,4.4017253,4.2676473,5.0105605,4.546281,4.7978177,4.13863,4.1724734,5.0571065,3.863062,5.5766807,4.9482865,6.0831356,4.75774,4.9724317,4.727649,5.641793,5.3201733,7.3361506,7.0720377,5.223963,5.5596476,3.3192894,4.451373,5.1871023,5.3794284,4.3972077,5.1297526,6.271055,6.2668157,5.580836,7.077631,5.8548055,4.573282,6.7121844,5.6531453,4.7556167,4.356832,6.858927,5.3840837,5.6502314,4.3264217,4.7886877,5.6992755,5.5188475,5.5438848,5.1763744,5.5397167,8.071644,5.7732453,7.7190595,7.841899,6.133692,6.269086,7.4261413,9.526639,9.498051,9.476346,6.3020587,6.5016437,4.674072,5.63274,3.9086494,4.5256987,4.3300247,4.304579,4.5340743,4.5381866,7.3184156,5.84347,6.263652,6.7468085,5.797437,6.290903,5.773723,5.680636,4.929597,4.418766,5.8012652,5.4898458,5.219131,4.5794544,4.567779,4.835543,5.2987537,4.78235,5.005651,4.9750233,5.271891,5.8533773,4.7331295,5.008015
30,5.348856,5.7879868,5.775243,5.6679945,6.577148,5.637188,6.624961,6.256295,4.604154,4.704576,4.6935554,3.3010647,6.5366683,5.803295,6.4191194,6.035881,5.6449714,6.0510783,5.8121595,5.436432,5.403043,5.30226,5.5594835,5.929682,5.9774303,5.332939,5.6010113,5.3627725,6.2360077,5.5393186,0.0,5.258955,8.169915,8.644655,6.665968,8.085489,6.8756533,6.6181374,6.8979754,6.8087964,7.142032,7.31104,5.8917894,5.908074,7.131693,6.5580816,6.9024715,6.542733,7.7072997,6.67028,7.1694856,6.6770177,7.729948,7.4304523,8.948518,8.434701,6.411632,6.9177375,6.3288116,7.0278473,7.0461736,7.0336657,7.0587087,7.1210413,5.964725,5.9030123,4.314022,6.0690293,3.5336196,6.549846,5.708708,3.8342807,7.399911,7.2173758,8.219104,7.7831244,5.2426004,4.103874,4.164685,5.8598313,7.324608,7.3290844,6.8198996,7.0795636,9.313919,8.752293,9.849128,9.84784,5.5596566,5.4169106,8.013716,9.295696,10.189852,10.014491,7.146476,7.170387,5.5345583,6.8993587,6.179637,6.202541,6.6520047,6.634616,6.2443194,5.8473783,6.1881065,7.6355233,4.68548,5.311925,7.5765853,7.431914,8.189383,7.656662,6.709348,7.0064054,7.7944665,7.1107717,6.7688165,6.3316207,6.272537,6.5711265,6.839776,6.87571,7.0518856,6.978321,7.693997,7.624342,7.1934385,7.1986127
31,3.4904108,3.4767327,4.1219425,4.466647,5.152776,4.5774918,5.561573,4.9185205,5.6491337,5.7776694,5.984842,5.440494,5.0373826,2.7491548,4.788758,3.0825508,1.9819443,4.1556735,3.5877094,4.2218475,1.4741693,3.6485639,3.9781249,3.5439563,4.658028,2.6339734,5.0355315,4.2832804,5.149712,4.2338557,5.258955,0.0,7.757692,7.7786045,6.5008507,5.857906,4.1234436,3.418998,4.7093863,4.5996876,5.56028,6.44421,4.7370744,4.719581,5.717582,4.917575,5.374955,4.983312,6.164055,4.7536163,5.922194,5.067134,6.2761283,5.9697685,7.5323906,6.6165204,6.934637,7.1910686,4.4459586,5.349658,4.83921,4.979814,5.140021,5.1091423,7.073609,7.0657535,6.5129795,7.7823634,5.3048196,4.217645,6.9009256,5.2861133,6.0765743,5.765453,6.476547,6.4850297,5.22253,5.228379,3.9551148,6.044148,5.083623,5.1114006,4.128563,4.879692,9.107589,7.1177354,8.56147,8.622362,3.9978414,3.997422,5.6957893,8.287765,8.601719,8.411852,4.5893183,4.6808305,4.4902167,4.900827,4.039356,4.2434516,5.8286533,5.7916713,3.257976,2.9417706,7.6771746,6.4797053,5.8170547,6.1366944,5.9099703,5.3505783,7.038054,6.301546,4.8724895,5.453214,7.2101297,4.923914,4.8843827,4.3149934,3.9643018,3.9955394,5.005822,5.037302,5.4393563,5.265866,7.4341154,6.3747053,5.8435946,5.301997
