,0,1,2,3,4,5,6,7,8,9,10,11,12,13,14,15,16,17,18,19,20,21,22,23,24,25,26,27,28,29,30,31,32,33,34,35,36,37,38,39,40,41,42,43,44,45,46,47,48,49,50,51,52,53,54,55,56,57,58,59,60,61,62,63,64,65,66,67,68,69,70,71,72,73,74,75,76,77,78,79,80,81,82,83,84,85,86,87,88,89,90,91,92,93,94,95,96,97,98,99,100,101,102,103,104,105,106,107,108,109,110,111,112,113,114,115,116,117,118,119,120,121,122,123,124,125,126,127
0,0.0,2.3679674,4.2853527,6.5425286,3.6030447,3.8670661,3.6565058,3.6234956,4.953111,3.2553947,5.7761126,3.8534489,3.09931,2.9239514,5.7863903,5.910219,5.412676,4.8307724,5.476456,5.1433573,4.3704495,4.6355124,4.3016205,4.9341826,4.8440084,4.4132485,6.451964,6.1326737,6.592783,6.091459,5.1756644,5.1381893,5.1975036,5.2989893,4.737798,3.8890448,5.261814,5.125698,6.2436433,4.7954035,4.6378694,4.6503863,4.96201,4.8468575,5.319855,4.342062,4.527247,4.8186197,4.5214515,4.431335,5.523829,5.560023,3.0379856,3.018703,3.1355639,3.4825976,5.477032,3.966552,4.708877,4.894711,3.1249704,7.1785097,3.433748,3.1132517,5.8717437,3.94213,4.755866,6.5343914,5.109675,4.742521,5.719636,5.177749,5.0609717,5.0653095,5.0133314,6.182336,4.1611595,4.175421,3.702459,6.3241267,4.469688,5.380159,4.2916355,5.1989384,5.1070876,5.4304504,4.828625,4.94473,7.0424933,6.7112417,6.4033837,6.1695576,6.952265,4.475702,5.81053,5.3343053,4.345435,5.75599,2.6453474,3.8860989,3.3327122,2.7215004,6.049537,3.0849886,5.4756265,5.1152377,4.482426,3.8108895,4.940074,5.183883,5.6873617,5.5568156,6.8207464,5.375609,6.279962,6.707965,7.031377,7.146088,7.7032905,5.6331277,2.4162705,3.8104954,5.116558,5.543842,4.3398194,6.745762,6.0433064,4.903527
1,2.3679674,0.0,4.213789,6.4440846,4.421626,3.3234503,3.3300955,3.5830705,4.806081,2.5846896,5.6470423,3.5154672,3.097387,2.3673146,5.569654,5.6721573,5.26937,4.822738,4.9323997,5.418177,4.4818535,4.7086997,4.3265986,5.5244446,4.8830633,4.07124,6.218249,6.381469,7.1307416,5.8594913,5.0356636,5.011157,4.9796114,5.139757,5.163395,4.3258305,5.699661,5.3642716,6.672667,5.145713,4.773386,4.9273896,5.263077,5.2998886,5.342831,4.2840667,5.4281044,5.581552,3.315074,4.21289,5.053506,4.757268,2.617371,2.6456723,3.6875265,3.2344017,5.061434,3.787888,5.1696777,5.383477,3.2922988,7.3880773,3.3098087,2.9797673,5.559292,3.3721907,4.6697707,6.486877,4.9292927,4.9228806,5.032606,5.3192663,5.019507,5.066346,4.622749,5.619452,3.8965971,3.8102107,3.0749228,5.9278064,4.1503873,5.0559645,3.9474807,4.9769325,4.5644107,5.051631,4.431005,4.45254,6.8657737,6.47845,6.4976535,5.9789433,6.735142,4.1703277,5.3722663,4.908773,4.9760604,6.423081,2.9679947,4.302783,3.6082203,3.3486884,6.4091525,3.258021,5.9590044,5.652703,4.6520844,4.09045,5.30953,6.091378,5.662977,6.130328,6.900613,5.1206656,6.0536857,6.5155745,6.051503,6.1643643,6.8458242,5.545833,3.9355364,4.531156,4.610079,5.54165,3.88944,6.7938566,5.927795,4.6877856
2,4.2853527,4.213789,0.0,4.5578146,3.5606415,3.3149698,2.8247294,3.7656174,5.723539,3.8453603,5.166559,2.0788996,3.1003914,2.9278538,4.7623997,5.0129175,3.852245,3.385163,4.4384947,3.390356,4.405006,4.6043634,3.6962743,3.8657293,4.9325867,4.430251,6.288434,5.4998665,4.9946256,4.1603923,4.808688,4.1113753,5.8559647,5.2947865,6.022293,5.5523796,5.322154,5.226429,7.28434,5.381879,5.024588,4.88542,5.284388,5.359714,5.7628818,4.682622,5.9872637,5.6809974,4.90699,5.336212,5.1588273,3.977049,2.8526282,2.7951992,3.241903,1.94933,4.5784717,3.9000638,4.141407,3.548641,3.900131,6.9580727,3.7205076,3.4216907,4.6268363,4.7404127,4.625237,6.372248,4.2209034,4.073105,5.5538745,4.9201508,5.283564,5.286394,5.369719,7.2194824,5.1545,5.3332477,4.3719087,6.7547894,4.9656186,4.5390253,4.971134,4.72035,5.9083514,5.1964736,5.5968103,5.774012,5.7527804,5.174767,5.922255,6.0678525,6.907499,4.6910667,6.5114026,6.2938056,4.399416,6.295429,5.215356,4.550249,4.6973395,4.858407,7.1600485,5.734723,5.0315523,4.621224,3.0734622,3.320077,4.337517,5.3003793,5.1583586,5.619669,5.5293393,3.5647306,5.681647,6.679284,5.920993,6.162421,7.460153,4.7081466,4.573553,5.3339148,5.578058,5.7956085,4.5741024,5.680483,5.9569955,5.2148104
3,6.5425286,6.4440846,4.5578146,0.0,6.3448157,6.1620474,5.3679695,6.4474382,4.6086783,6.308809,3.9500015,5.223213,5.8448057,5.7299547,3.4572453,3.879828,6.3413115,6.206346,6.4415417,5.8294578,7.347827,7.471061,6.6567764,6.083807,7.6988797,7.0622525,8.590258,7.2483063,7.011213,6.7521787,7.170265,6.7365923,7.9877615,7.372527,7.2850223,7.11519,7.8581166,7.7654214,9.493944,7.900602,7.566855,7.440083,7.8551993,7.8972588,8.076108,7.231453,8.156246,7.956112,7.0455217,7.560343,7.335376,6.101342,5.7927547,5.738163,5.5166025,4.96718,6.8682337,5.913987,7.096739,6.451525,6.339541,7.720677,6.2207956,6.0201035,7.281521,6.910425,7.268963,5.8821087,5.9951353,5.9446764,7.8435526,7.1545095,7.7298045,7.7241435,7.7714286,9.195391,7.273123,7.3770146,6.7898984,8.787707,7.4252706,6.629395,7.4259396,6.7139444,8.059096,7.0485024,7.849907,7.964558,8.100693,6.8817573,7.7338266,8.285798,8.364247,6.702651,8.246383,8.169674,6.6388063,8.196383,7.394246,6.2537985,6.724523,7.043259,9.287814,7.614833,7.1760707,6.7851367,5.5819354,6.128652,6.633422,7.8095155,7.341028,7.554098,7.5685396,5.6584983,7.096239,8.131999,7.501627,7.707966,8.967552,7.1792703,6.3897386,6.7032423,7.235361,6.2393236,6.2713537,5.8723927,6.10667,7.450382
4,3.6030447,4.421626,3.5606415,6.3448157,0.0,3.2282107,4.3573747,3.2921145,6.0535607,4.433065,5.4814916,2.7878733,3.4300516,3.5033736,5.1381826,5.3242545,5.999016,5.176429,6.3119197,5.0471854,4.63723,4.8033853,4.3081613,5.1066303,5.07616,5.494073,6.937935,7.2144427,5.806548,6.0610013,6.4666924,5.5579906,6.215663,6.3846054,6.5932245,5.6557665,5.494452,5.48107,7.276041,5.6119947,5.596917,5.4537363,5.841483,5.5054045,5.9918904,5.2645364,5.4263945,5.1795087,5.497412,5.7441497,6.6451697,5.698814,3.6601856,3.5282352,4.259872,4.156177,6.53226,5.0647283,4.4140515,4.991668,4.33113,7.5362062,4.1095524,3.8571727,5.609541,5.4849887,5.203214,6.8055744,6.2385254,5.995283,6.275321,6.101444,5.9042654,5.8852243,6.0740433,7.6575165,5.6859746,5.843135,5.2292433,7.311667,5.4667935,6.5190477,5.4384837,6.6651006,6.5984488,7.1210127,6.335149,6.4064384,6.4527135,6.937801,6.907109,6.649421,7.880861,6.025013,7.0013127,7.064453,3.1693256,5.4691257,4.6025634,5.367733,4.7007227,4.263024,6.904947,5.532664,5.9645686,5.5672135,4.1616907,3.1411662,5.838164,4.4749365,6.7509255,6.3531237,6.750805,5.266084,6.667556,7.782259,7.2699623,7.4200454,8.497254,5.9790277,4.566524,5.6994853,6.3351865,6.7050195,6.109555,7.2029743,7.2769628,6.2844853
5,3.8670661,3.3234503,3.3149698,6.1620474,3.2282107,0.0,4.00903,3.7244685,5.884528,3.8454049,5.3033576,2.3429515,2.7976024,3.0037558,4.835957,4.9363303,5.7939725,5.246276,5.307655,5.7553463,4.6237803,4.764254,4.2637067,5.830434,4.5668597,4.2600026,6.0911365,6.867896,6.828416,4.843709,5.548531,5.15486,6.0000796,6.3847585,6.798935,6.0430655,6.1385107,5.8341064,7.493362,5.726871,5.744648,5.828458,5.775629,5.8290315,6.1948066,5.3141127,6.459909,6.3080654,4.0579643,4.158688,5.6409245,4.3243656,3.3067057,3.2296443,4.810995,3.916363,5.595939,4.610228,4.778997,5.2269545,3.684002,7.4615445,3.7825441,3.456549,4.464694,3.970115,5.32346,6.905487,6.020895,5.6558867,5.318107,6.203965,5.9207015,5.9423075,5.601726,7.0746,5.3961506,5.477792,4.6499696,6.847871,4.92034,6.107428,4.914758,6.3619986,5.9337306,6.6025147,5.824168,5.8283114,6.1738653,6.3848934,6.686131,6.5949354,7.394556,4.79023,6.4194603,6.467585,4.211134,5.9436083,4.1462693,5.015759,4.0692654,4.5670075,6.9521093,4.621096,6.384504,5.936758,3.6078722,2.5853565,5.790408,5.5024962,6.149699,6.7092223,6.60057,4.92746,6.223382,6.993486,6.957561,7.141369,8.286091,5.4097714,5.2550936,5.6898575,5.558392,6.025028,5.1865754,6.8079123,6.4502335,5.291454
6,3.6565058,3.3300955,2.8247294,5.3679695,4.3573747,4.00903,0.0,2.7264035,5.192354,2.4523778,5.3767486,3.2487438,2.1924698,2.2732415,5.3724165,5.6188936,3.872804,3.4467764,4.3294854,3.3925712,4.556874,4.3469315,3.154529,3.5974417,4.5505476,4.210035,6.370124,5.570293,5.6847043,4.843199,4.3378434,3.6734533,4.501646,4.137932,4.8069754,4.221322,4.7373567,4.671953,6.680367,5.161966,4.58125,4.2819443,4.5428786,4.4277115,4.9111276,3.8316944,5.354115,5.4980216,4.6214466,5.2541733,5.2830386,5.0633163,2.4714208,2.480078,2.8125784,1.721605,4.7657833,2.836976,4.295008,3.9027576,3.3808084,6.9140477,3.0476735,2.6552348,5.362359,4.22941,4.1974835,6.074535,2.7358432,2.8407474,4.973231,3.98117,4.774657,4.8192024,5.2198133,6.308823,4.1148114,4.0598426,3.6082044,5.612129,4.7077003,4.532414,4.5767365,4.3086095,4.843278,4.798483,5.2431774,4.7703753,6.0902276,5.4071536,6.1958904,5.790937,5.948389,3.5348637,5.275814,5.191536,4.8207817,6.7440877,4.512234,4.6233454,4.353418,4.162241,7.004925,4.8001895,4.6187387,4.1894245,3.1092913,3.868665,4.203894,5.9942217,4.830793,5.881756,4.4125557,3.2086334,4.8940187,6.43782,5.422047,5.5338397,6.0552907,4.8937774,4.0869365,4.7051725,4.569541,5.5274906,3.7233167,5.6395183,5.7997403,4.926398
7,3.6234956,3.5830705,3.7656174,6.4474382,3.2921145,3.7244685,2.7264035,0.0,5.1219163,2.4413052,5.2765803,3.1533616,1.9265864,2.1782613,5.254613,5.3620214,5.1885657,4.3178487,5.686535,4.2284093,4.01831,3.8500938,2.7792022,4.8896346,4.0203085,4.6454487,6.440321,7.174914,6.233771,5.9125447,5.5489492,4.3618584,4.636097,4.996396,6.383852,5.3420477,4.703213,4.7245526,6.6445985,5.072831,4.5625377,4.2048078,4.4261518,4.267575,4.577151,3.7772005,5.2999196,5.2841125,4.9328346,5.1267214,5.995003,6.0547996,2.4397817,2.4637926,4.088461,3.2955785,6.039597,4.326921,3.8548698,4.5367527,3.373823,6.740059,3.2889779,2.8488371,5.473323,4.4334493,4.106238,5.909077,4.6002107,4.4434056,5.160941,4.8170977,4.7280183,4.799585,5.291723,6.334421,4.0909204,4.041483,3.6088505,5.737269,4.857162,5.8014665,4.6987443,5.644037,5.0636106,6.1145134,5.3349686,4.930051,5.87413,6.390354,6.7913227,5.7383757,6.9972897,4.780829,5.575992,5.4388576,4.9781833,6.736199,4.585053,5.979269,5.1877947,4.4726954,6.9501586,5.479924,5.5148277,5.1837335,4.2860374,3.9261754,5.5280137,5.8964024,6.000922,6.822068,5.2039084,4.4498343,6.284395,7.4182067,6.6397915,6.6902046,6.9486175,5.675363,4.7706866,5.9024715,5.7416363,6.003131,5.0383472,6.398748,6.750203,5.7059073
8,4.953111,4.806081,5.723539,4.6086783,6.0535607,5.884528,5.192354,5.1219163,0.0,4.4888334,3.0991755,5.328573,4.855395,4.636757,3.3608623,3.3962586,6.3652415,6.028915,6.9399633,6.3023686,5.7465286,5.91796,5.6486015,6.7598615,6.427213,6.117403,7.7808986,8.1198435,8.0689,7.508355,6.6268377,6.504298,6.3868732,6.6560764,7.2390194,6.5514994,6.6522446,6.5816536,7.693589,6.6690655,6.068767,5.7882433,6.3313165,6.2579813,6.2259655,5.5145035,6.5086374,6.5913467,6.242659,6.577698,6.9391155,7.0012555,4.608706,4.678309,5.43572,5.056984,6.6619945,5.8752933,6.1414576,6.368482,5.215814,6.6949987,5.095421,4.8078947,7.2737417,5.8902392,5.9100623,4.1154513,6.1502757,6.1095614,6.823122,6.355512,6.170839,6.2350063,6.368912,7.4679666,5.282701,5.2814918,4.880497,7.273261,5.976109,6.5953913,5.84331,6.3598404,6.2898374,6.64176,6.111436,6.189517,7.9355645,7.695957,7.748127,7.091243,7.953394,6.1947966,6.786429,6.098617,6.7961903,7.9358706,5.9095335,6.640739,6.4038363,5.4947534,7.994329,6.0760927,7.1602035,6.914575,6.3823504,6.0350785,6.6857915,7.3891845,7.0876327,7.7052546,7.9167523,6.562861,7.398934,8.22994,7.4887676,7.5786705,7.8820324,7.2886457,5.7560086,6.6717005,6.7757616,5.3762846,6.0837917,6.544795,5.8122945,6.759835
9,3.2553947,2.5846896,3.8453603,6.308809,4.433065,3.8454049,2.4523778,2.4413052,4.4888334,0.0,4.989779,3.2770114,2.278218,2.0185022,5.3688307,5.4242177,4.4652147,4.1381884,5.4822493,4.686184,3.7383094,3.6011806,3.196443,5.107563,4.3360486,4.300565,6.4078097,6.9739914,6.667276,5.6606994,4.5538616,4.433042,4.374462,4.6509986,5.898089,5.058524,4.8470693,4.77869,5.9710984,5.087671,4.4545465,3.9580774,4.2414646,4.296415,4.2071857,3.2383204,5.1142125,5.1689496,4.4810133,5.0571494,5.583541,5.5350065,1.986966,2.1340446,3.8187897,2.78664,4.937434,4.0716534,4.167179,4.480568,3.0788188,6.838432,2.819638,2.4402733,5.5190973,4.1454816,3.9772148,5.907764,4.0196447,4.041434,5.0178313,4.624002,4.2278605,4.330815,4.791523,6.0380497,2.9800882,2.9007266,2.5036478,5.224463,4.294989,5.0664277,4.1407747,4.7882977,4.376864,5.2500525,4.66894,4.303351,6.1560855,5.8954315,6.0852704,5.366622,6.2797947,3.8261433,4.8131857,3.9248066,5.4044,6.7760344,4.2806497,5.54814,4.9789553,3.8588815,6.8881507,4.663313,5.5773864,5.2584763,4.212879,4.0561614,4.96947,6.042044,5.398812,6.486847,5.9139504,4.9092603,5.2704206,6.8856254,6.219721,6.328414,5.9250894,5.644273,4.5646305,5.6833487,5.3726225,5.921079,4.509066,6.8626246,6.300367,5.2257676
10,5.7761126,5.6470423,5.166559,3.9500015,5.4814916,5.3033576,5.3767486,5.2765803,3.0991755,4.989779,0.0,4.8010755,4.872379,5.0764456,2.1274514,2.1671293,6.5034266,6.222573,7.1675687,6.5250125,5.912698,5.7490587,5.535462,6.613305,6.2447276,6.529301,8.041336,8.274178,7.3861275,6.6907444,6.5991797,6.407973,6.7883325,7.0033903,7.8101916,7.180963,6.752435,6.6672096,7.9521346,7.206053,6.7083707,6.4462566,6.6058264,6.7318974,6.5162516,5.854356,6.756859,6.529461,6.4101377,6.9090424,7.3758507,6.4915724,4.9486394,4.9224477,5.868725,5.2551703,6.7370973,6.3848357,5.9530377,6.262785,5.524329,6.6248493,5.410082,5.215552,6.3378773,6.368773,6.4394116,4.46285,6.3178086,6.256221,6.707143,6.932417,6.1974225,6.216347,6.566574,8.015978,5.7939177,5.8817997,5.588209,7.0297194,6.1952696,6.7896585,6.2237525,6.838227,6.6219397,7.3147297,6.778689,6.5472894,7.108766,7.0043325,7.058414,7.008003,8.0383625,6.194789,7.159522,6.3416805,6.1626196,7.4319816,6.5256877,7.1315117,6.756375,6.237247,8.491347,6.9191723,6.947611,6.6162434,5.6232657,5.4855514,6.9427085,6.7612104,7.511399,7.71914,7.7352633,6.8543453,6.5019193,8.565799,7.7407584,7.9308295,7.8394303,7.171505,6.5750003,7.4238043,7.552331,6.205932,7.0684686,7.092187,6.3749676,7.3322372
11,3.8534489,3.5154672,2.0788996,5.223213,2.7878733,2.3429515,3.2487438,3.1533616,5.328573,3.2770114,4.8010755,0.0,2.6634085,2.0998442,4.3774133,4.453493,5.1839085,4.495573,5.63114,4.7965117,4.420924,4.640981,3.8721426,5.208242,5.120107,4.6307564,6.4184732,6.849219,6.153251,5.1760345,5.6647186,5.1328883,5.8837304,5.927145,6.556438,5.8756304,5.632819,5.562509,7.477452,5.589141,5.233094,5.0836716,5.586941,5.6230426,5.7057495,4.8492713,5.942723,5.667651,4.5980406,5.329327,5.9542646,4.554075,2.3659956,2.2382596,3.9925346,2.754492,5.397149,4.1871724,4.4988213,4.774125,3.4170341,7.2972484,3.2507904,2.9293942,5.1298985,4.6615677,4.8924413,6.555303,5.111473,5.0591493,5.7453065,5.6349216,5.416202,5.4351377,5.522294,7.4069695,4.7272587,4.88792,4.0038424,6.8611026,5.028211,5.7067533,5.0280275,5.8253837,6.000893,6.2140408,5.696836,5.8663554,5.939103,5.9122453,6.4121313,6.1706133,7.1808887,5.107188,6.1604457,6.033106,4.057913,6.1709137,4.9205914,5.325152,4.814824,4.47809,7.3939147,5.3952217,5.84278,5.469019,3.5208435,2.7512887,5.5500655,5.586106,6.3177567,6.728304,6.4748588,4.1898026,6.114652,7.2855864,6.4128866,6.6278706,7.4229364,5.562654,5.025122,5.961853,5.814707,6.4216995,5.3607335,6.857727,6.965756,6.046491
12,3.09931,3.097387,3.1003914,5.8448057,3.4300516,2.7976024,2.1924698,1.9265864,4.855395,2.278218,4.872379,2.6634085,0.0,1.6175416,4.730452,4.808292,4.697153,3.850031,4.8740163,4.33073,3.6757693,3.515778,2.3510177,4.479795,3.4316921,3.3994107,5.600542,6.1520576,6.185639,4.615721,4.4448466,3.7855034,4.3865533,4.856207,5.8170257,4.988026,4.420317,4.3285975,6.4635906,4.635426,4.2249107,3.9263613,3.974534,3.9598622,4.568963,3.5828803,4.973043,5.081571,4.2577615,4.1876526,5.172618,5.171556,1.8543733,1.8295554,3.5798168,2.6309187,5.0106263,3.673275,3.4292622,3.947969,2.4663908,6.306346,2.5551803,1.9328446,4.555723,3.4651146,3.9979794,5.713113,4.159001,3.8237298,4.461439,4.320949,4.4201846,4.476105,4.796399,6.090087,3.833642,3.8452184,3.2829115,5.449173,4.14781,5.2214627,4.05314,5.1207333,4.569477,5.5227,4.8254523,4.47321,5.6110277,6.00193,6.444343,5.583372,6.508524,3.8681648,5.31956,5.1190014,4.404218,6.2633843,3.948043,5.1353245,4.2356567,3.8918006,6.504413,4.287379,4.857651,4.4493175,3.352044,3.01427,4.906694,5.3937883,5.327781,6.2715755,4.860106,3.9319775,5.881882,6.9132924,6.301163,6.418448,6.892737,4.8202553,4.361462,5.192589,5.0515237,5.2503734,4.5376773,5.7744823,5.94329,4.9069204
13,2.9239514,2.3673146,2.9278538,5.7299547,3.5033736,3.0037558,2.2732415,2.1782613,4.636757,2.0185022,5.0764456,2.0998442,1.6175416,0.0,4.7630663,4.8204503,4.7061434,3.781023,5.011004,4.358264,3.7458563,3.909109,2.8976636,4.753106,4.2498093,3.557052,5.7048297,6.276518,6.380195,5.170093,4.8589106,4.31284,4.627048,4.8572965,5.6774735,4.858622,4.7205586,4.625301,6.744059,4.6802497,4.0687494,3.8591607,4.4989195,4.4424915,4.639733,3.634865,5.002613,5.0075617,3.9476693,4.616846,5.154474,4.9213347,1.0205699,0.9738111,3.2385213,2.1202314,4.898438,3.5247982,3.9919453,4.398412,2.6180692,6.722777,2.4065373,1.7987694,5.1039634,3.6367595,3.8761811,5.895569,4.1806593,4.219526,4.78821,4.440385,4.4445066,4.5047083,4.625067,6.114966,3.5662916,3.602858,2.7105486,5.8255496,4.1505837,5.057895,4.0191016,4.935855,4.6790037,5.24407,4.536699,4.5490165,5.9041734,6.1155887,6.559627,5.5157886,6.6927533,4.4539304,5.3009887,5.0500827,4.467706,6.423911,4.035959,5.0907927,4.3802714,3.6526866,6.640471,4.333062,5.164241,4.857653,3.9646645,3.3694618,5.1402297,5.732912,5.675169,6.378342,5.714113,3.8199155,6.2659965,6.9884987,5.7723727,5.916889,6.5496483,5.1477237,4.2977276,5.2695985,5.028754,5.622505,4.457593,6.149625,6.336722,5.2267485
14,5.7863903,5.569654,4.7623997,3.4572453,5.1381826,4.835957,5.3724165,5.254613,3.3608623,5.3688307,2.1274514,4.3774133,4.730452,4.7630663,0.0,1.0312899,6.5494924,5.9698057,6.793738,6.346791,5.8121977,5.8994503,5.451308,6.4873424,6.1779537,5.973658,7.447607,7.816841,7.43633,6.388172,6.799051,6.3737464,6.9952707,7.2121944,7.809119,7.1996512,6.809146,6.706392,8.4923,7.045095,6.573377,6.474529,6.8593974,6.6761074,6.839439,6.139904,6.9707522,6.705889,6.2407146,6.7644563,7.163486,6.238792,4.7977877,4.759109,5.7711005,5.103931,6.6577415,6.077249,6.01384,6.2886124,5.719256,6.863007,5.4092793,5.1674957,6.2881436,6.307667,6.1676664,4.253286,6.7355127,6.676285,6.741237,6.853151,6.6295857,6.6487365,6.695744,8.245136,6.421866,6.5428114,5.8605337,7.753413,6.310352,6.9623947,6.304074,7.0954423,7.0177355,7.4537034,6.884284,6.9078217,7.1181855,7.4314375,7.774398,7.3048925,8.475678,6.7499595,7.611159,7.409719,5.7607236,7.3618855,6.416047,6.8798547,6.4509807,6.148614,8.264045,6.7296486,7.0407476,6.7467628,5.58384,5.155483,6.9278774,6.688433,7.462842,7.7378864,7.50774,6.0557027,7.3567944,8.542978,7.241207,7.452451,8.3970175,6.969627,6.5480113,7.2696614,7.206311,5.739532,6.897945,6.3048663,6.2326427,7.152173
15,5.910219,5.6721573,5.0129175,3.879828,5.3242545,4.9363303,5.6188936,5.3620214,3.3962586,5.4242177,2.1671293,4.453493,4.808292,4.8204503,1.0312899,0.0,6.8409567,6.200584,7.097606,6.669163,5.892529,5.99024,5.535556,6.9037714,6.2719736,6.0502534,7.7528048,8.1286545,8.027808,6.5771804,6.972772,6.5856447,7.319131,7.6646676,8.258779,7.6305156,6.9693446,6.8791785,8.864102,7.3347154,6.562594,6.4722943,6.8516626,6.9317913,7.110808,6.2958736,7.0477967,6.8128476,6.3592634,6.7443986,7.2398977,6.374562,4.8198943,4.778669,6.0436826,5.307338,6.7648425,6.239045,6.0465307,6.4989014,5.56425,7.0857325,5.395752,5.157162,6.3017397,6.242322,6.33986,4.469278,6.855201,6.7995687,6.7128415,6.9648304,6.5420966,6.5615172,6.6136174,8.335869,6.1917667,6.3795366,5.7331896,7.6857696,6.260155,7.127337,6.278054,7.239992,6.9640064,7.5706253,6.7846766,6.8601213,7.4877176,7.924743,8.210341,7.6127343,8.872713,6.8430285,7.891172,7.222104,5.973456,7.898092,6.6795635,7.2320046,6.6922874,6.3122663,8.721467,6.8624935,7.132599,6.8609986,5.8702984,5.286734,7.2836328,6.9087596,7.783295,8.100369,7.8454533,6.341112,7.7252235,9.170615,7.552654,7.7518635,8.456722,7.080446,6.863982,7.6084657,7.459163,6.0140576,7.2178087,6.6612906,6.6063175,7.4305787
16,5.412676,5.26937,3.852245,6.3413115,5.999016,5.7939725,3.872804,5.1885657,6.3652415,4.4652147,6.5034266,5.1839085,4.697153,4.7061434,6.5494924,6.8409567,0.0,1.9262958,3.7820976,2.7676287,3.7136025,3.8243618,3.8185587,3.4494183,4.5780435,4.457034,6.169027,4.690687,5.0339603,4.152725,3.180763,3.0315943,5.0916944,4.255912,6.151747,5.746785,4.1334567,3.984788,5.6706424,4.949984,4.1323123,3.767935,4.134241,4.0444927,4.932486,3.5682275,5.344176,5.2824707,5.7587256,6.2633915,4.428752,5.107047,4.0623207,4.22746,3.8553917,3.1940346,3.144563,4.7835183,3.8215468,2.2817576,5.458526,6.5568743,4.755196,4.6150913,4.9697623,5.791274,3.617166,5.8151526,4.208725,4.4358106,5.0088916,3.5106156,4.27964,4.324171,4.5441666,6.060128,5.2501926,5.4125576,4.5341086,5.6776557,4.188103,2.6939352,4.113592,2.660911,4.8431644,3.4056852,4.652909,4.738461,6.1649714,5.7343316,5.9793787,5.444816,6.430031,4.7212796,6.6303368,5.7713695,6.1836195,7.265427,5.7277546,5.022082,5.5653954,5.207281,6.3295846,6.124818,4.400507,4.38602,4.8336234,5.4530087,2.4763,5.229134,2.7856483,4.4606843,5.285092,5.0815706,5.5700717,6.5713797,4.71835,4.8654604,6.277597,4.0520835,5.224075,5.798534,5.389239,5.108357,4.723226,5.609576,4.7124596,3.864267
17,4.8307724,4.822738,3.385163,6.206346,5.176429,5.246276,3.4467764,4.3178487,6.028915,4.1381884,6.222573,4.495573,3.850031,3.781023,5.9698057,6.200584,1.9262958,0.0,3.6509027,2.5302827,2.9071653,3.0660741,2.5225842,2.8625062,3.5924132,3.3095284,5.2238874,4.221009,4.9264107,3.6894817,3.101692,2.2570317,4.576634,3.935338,5.812089,5.250468,3.2561977,3.1357224,5.897674,4.1932125,3.1326249,2.7474046,3.4013796,3.2912047,4.293124,2.799386,4.3904295,4.2019486,5.0852294,5.628914,3.9195728,4.8845873,3.1017013,3.2147317,3.1487956,2.5727556,3.041772,4.537508,3.0105963,2.1286118,4.8434515,6.063753,4.0699973,3.900822,4.306732,5.0724373,2.5956225,5.2177057,3.9356887,4.2211485,4.2169485,2.6197338,3.4843493,3.5182083,3.7962446,5.4750614,4.6521034,4.847898,3.948238,5.1789074,3.633018,2.853231,3.532886,2.8363507,4.18204,3.4336715,3.886813,4.022715,5.5630283,6.059524,6.3658295,4.9574265,6.84397,4.9885144,6.460984,5.725782,5.406875,6.908187,5.2044916,5.233194,5.2677217,4.7292023,5.883965,5.6618958,3.4606616,3.5189126,4.7665854,4.981683,3.2545197,4.7120748,3.6253424,4.375346,4.6429086,4.372544,6.426093,6.9824734,4.4634104,4.6559234,6.117333,3.6571937,4.8214307,5.6118865,5.494456,4.8950086,4.819035,4.932858,5.087735,4.0525994
18,5.476456,4.9323997,4.4384947,6.4415417,6.3119197,5.307655,4.3294854,5.686535,6.9399633,5.4822493,7.1675687,5.63114,4.8740163,5.011004,6.793738,7.097606,3.7820976,3.6509027,0.0,4.063766,5.27135,5.368989,4.625268,3.9816031,4.592988,3.881956,5.616469,3.5233204,5.8664556,3.6371787,3.7532406,2.841064,5.626236,4.9459233,5.509809,5.0864415,5.5882483,4.9638033,7.3956027,5.294717,5.305961,5.402687,5.251986,5.49836,6.4024806,5.0408063,6.505931,6.540913,4.2444177,4.413225,2.6678994,3.8399642,4.7320232,4.7583385,4.2103086,3.9005704,3.9038458,4.9203115,5.053299,4.1497164,5.4643736,6.9190364,5.2312803,5.003027,4.2459145,4.222782,5.0406065,6.640246,4.793485,4.7454357,4.131877,4.5280538,5.627761,5.642683,4.9141603,5.3397985,6.1493807,6.192659,5.508079,6.0840235,4.4132156,3.1029341,4.3299427,3.5200553,4.8689303,3.3802044,4.8012185,4.7976274,6.8140063,6.4797664,7.0797577,6.5960016,7.122817,4.534231,7.2128544,7.001914,6.2193427,7.5291524,4.939542,3.9868882,4.287726,5.683534,6.158047,5.2326546,4.828043,4.685154,5.1700554,5.791105,4.080231,6.128767,3.4914231,4.367197,5.2781982,4.81804,6.7660427,6.2423387,5.0042443,5.051517,7.724269,3.2885203,5.1280775,4.22055,4.382114,4.098831,3.3510106,4.045814,3.565053,2.4757187
19,5.1433573,5.418177,3.390356,5.8294578,5.0471854,5.7553463,3.3925712,4.2284093,6.3023686,4.686184,6.5250125,4.7965117,4.33073,4.358264,6.346791,6.669163,2.7676287,2.5302827,4.063766,0.0,4.555162,4.698263,3.792042,2.932533,4.9896054,5.147871,6.682676,5.1323233,4.410239,5.1603394,4.878361,3.3411925,5.3985376,4.4981112,6.0649285,5.4752884,4.363633,4.3810945,6.697698,5.0269027,4.4107776,4.0717607,4.5839663,4.4613743,5.4481816,4.261005,5.669689,5.664976,6.0182953,6.2598033,5.0370436,5.6311545,3.9999735,4.085787,3.4547703,2.9820323,4.9780145,4.377673,3.8789792,2.6706555,5.088654,6.5990677,4.675263,4.4354715,5.604562,5.7308607,4.1391177,6.0271173,3.9746046,4.0364623,5.587687,3.7187831,5.0374627,5.057862,5.388836,6.5887923,5.5598083,5.678376,4.9205847,6.444467,5.014245,3.81364,4.897615,3.699853,5.661765,4.317219,5.42116,5.501285,6.3452644,5.9921207,6.625194,6.081863,6.8099494,5.14463,6.884911,6.638453,5.801053,7.3593764,5.8237414,4.94932,5.466899,5.4110575,6.7891073,6.604924,4.380982,4.2682414,4.6687284,5.2979784,3.397941,5.6474867,4.0098305,5.105842,4.6650906,4.055578,6.3485646,6.8649716,5.4520473,5.4640303,7.2379017,4.3497725,4.7158813,5.327785,5.3174644,5.2076173,4.4852047,4.926411,5.3309855,4.707728
20,4.3704495,4.4818535,4.405006,7.347827,4.63723,4.6237803,4.556874,4.01831,5.7465286,3.7383094,5.912698,4.420924,3.6757693,3.7458563,5.8121977,5.892529,3.7136025,2.9071653,5.27135,4.555162,0.0,1.275955,2.413159,4.7969837,2.6793597,3.2439542,4.9566216,6.0613074,6.056629,4.5529027,3.7441728,3.6145642,4.459724,4.879342,6.9607644,6.0986886,3.1992035,3.102259,4.9065557,3.9357026,3.020011,2.6254869,3.0784392,2.72196,3.5982018,2.3459778,3.8449361,3.5564682,5.1135435,5.260952,4.799626,5.6980724,2.979742,3.1590302,4.489766,3.9020526,3.9547899,5.527246,2.5760057,3.2644591,4.68925,5.946579,4.115091,3.9051616,4.223905,5.13654,2.566135,5.1093154,5.7142053,5.6794157,4.3559084,4.0768123,3.0344853,3.123741,3.3962932,5.3701115,4.321443,4.5476847,3.5294425,5.046342,3.1296394,4.4640102,3.0237188,4.486759,3.98331,4.959409,3.5401485,3.802179,5.3746667,6.7636857,6.385235,4.5907645,7.3471065,5.4570003,6.3043294,5.1966434,5.469147,6.428176,4.6859026,6.094189,5.5691953,4.401716,5.323308,5.2984757,4.8388343,4.9190526,5.3831067,4.6327114,4.4454565,4.116838,4.6703644,5.382195,6.1294374,5.940289,6.9076214,7.523709,5.8572407,6.025073,6.662068,4.6688476,5.2950068,6.537341,6.1891155,5.210692,5.9126544,6.502374,5.8235183,4.4697847
21,4.6355124,4.7086997,4.6043634,7.471061,4.8033853,4.764254,4.3469315,3.8500938,5.91796,3.6011806,5.7490587,4.640981,3.515778,3.909109,5.8994503,5.99024,3.8243618,3.0660741,5.368989,4.698263,1.275955,0.0,1.9568176,4.5683937,2.141135,3.4376366,5.177225,6.1410956,5.9831758,4.325757,3.3879087,3.2703612,4.0929217,4.590516,6.7985296,5.934319,2.9650404,2.8794885,4.759428,4.2426,3.3636608,2.8177888,2.8140967,2.457308,3.257414,2.0035377,3.6555243,3.3548877,5.1994133,5.4169993,5.073422,5.9038243,3.1826017,3.3212686,4.5935073,4.027529,4.0872808,5.6495824,2.5722663,3.350407,4.787749,5.9077225,4.1907735,4.0003586,4.0184135,5.210809,2.7712862,5.073139,5.3806963,5.3834248,4.0287423,4.0146136,2.7254372,2.8219771,3.5403888,5.227743,4.1861577,4.3569665,3.7117958,4.2823286,3.2973528,4.5735846,3.2262688,4.5723295,3.5983021,5.148733,3.8366165,3.4691017,5.1240187,6.5933723,6.238296,4.4303594,7.1748743,5.180481,6.1028147,4.858151,5.4919434,6.5034084,4.8351946,6.441673,5.772075,4.640661,5.5813446,5.4261203,4.5481606,4.5924225,5.1955023,4.7587395,4.6092587,4.1891804,4.8147984,5.4444866,5.590982,6.066774,6.3885674,7.6594634,5.8926463,6.0678544,6.0917826,4.777436,5.499699,6.6823797,6.3812566,5.4884543,6.0978947,6.6214385,5.9819217,4.705142
22,4.3016205,4.3265986,3.6962743,6.6567764,4.3081613,4.2637067,3.154529,2.7792022,5.6486015,3.196443,5.535462,3.8721426,2.3510177,2.8976636,5.451308,5.535556,3.8185587,2.5225842,4.625268,3.792042,2.413159,1.9568176,0.0,3.825476,2.0806298,2.8893607,4.909295,5.571763,5.6097407,3.888504,3.5010953,2.4492948,3.8302903,4.176233,6.2304277,5.3781505,2.9483118,2.8801665,5.7495594,4.039961,3.1942835,2.6334271,2.6539361,2.6796017,3.532322,2.2361841,4.011811,3.86897,4.619693,4.788975,4.610001,5.43074,2.3335261,2.3965712,3.8477979,3.0195227,4.1952105,4.741926,2.3609855,3.070038,3.8566058,5.6619124,3.4320517,3.1279662,3.7901943,4.3046513,2.8281868,5.0835547,4.239265,4.2320495,3.584606,3.2969272,2.9838889,3.0599024,3.7457018,5.1916,3.8219838,3.9398773,3.3869827,4.2989554,3.4498177,4.352531,3.3660886,4.2934895,3.5481343,4.8063226,3.8913512,3.423223,4.871229,6.209408,6.4488144,4.654899,6.8727098,4.6106386,5.757648,5.016754,5.0655518,6.6376514,4.6771207,6.034559,5.2709994,4.5995502,5.9440484,5.253129,3.8064227,3.7510335,4.463019,4.2682095,4.5838504,4.7864428,4.818961,5.5946746,4.337078,4.645893,6.4566593,7.415199,5.6131406,5.746518,6.082615,4.1875954,5.068974,6.031134,5.7631907,5.1339517,5.32534,5.5642614,5.8642325,4.675639
23,4.9341826,5.5244446,3.8657293,6.083807,5.1066303,5.830434,3.5974417,4.8896346,6.7598615,5.107563,6.613305,5.208242,4.479795,4.753106,6.4873424,6.9037714,3.4494183,2.8625062,3.9816031,2.932533,4.7969837,4.5683937,3.825476,0.0,4.6107345,4.7284184,6.489145,3.7705157,4.2800283,4.28834,3.9052746,3.084718,5.401815,4.2379727,4.2329345,3.8965678,4.457269,4.383048,6.631236,5.34776,5.081661,4.7025247,4.9243894,4.3797765,5.468051,4.3226137,4.7523947,4.5312786,5.89913,6.2449446,5.174196,5.5463142,4.448999,4.41772,2.8188496,3.3156796,4.49618,4.89295,4.528409,3.3914347,5.687862,7.135476,5.126784,4.9513435,5.3225865,5.830309,4.4408183,6.186806,4.0422554,4.099811,5.5210094,4.0399656,5.1087465,5.086479,5.553431,6.5894513,5.9035387,6.015381,5.6417546,6.090198,5.29423,3.9751406,5.2124414,3.9871547,5.456014,4.587733,5.7082224,5.334564,6.474384,6.170308,6.516258,6.1693516,7.280543,5.2905426,7.2190056,6.878594,5.108507,6.76222,5.3343225,4.783821,5.1169086,5.147494,6.4646096,5.789848,3.692512,3.4972115,4.501054,5.4365892,3.6098459,4.876049,4.4472938,3.6835718,4.407208,4.719009,5.828295,7.0368958,5.4332795,5.6331067,6.912164,4.733298,3.8923028,4.482089,5.810525,5.502095,4.7415586,5.007826,5.378312,4.717052
24,4.8440084,4.8830633,4.9325867,7.6988797,5.07616,4.5668597,4.5505476,4.0203085,6.427213,4.3360486,6.2447276,5.120107,3.4316921,4.2498093,6.1779537,6.2719736,4.5780435,3.5924132,4.592988,4.9896054,2.6793597,2.141135,2.0806298,4.6107345,0.0,2.810963,4.700371,5.643716,6.2706923,3.749506,3.3607929,2.5654275,4.2953987,4.8621507,6.7490854,5.845575,3.6830003,3.2800057,5.695295,4.338668,3.9505956,3.7323048,3.0403478,3.091987,4.1889462,3.0086787,4.517971,4.360482,4.723594,4.1772804,4.2958064,5.6562743,3.754561,3.8192139,4.86951,4.469594,4.480853,5.8261275,2.9013553,3.7182572,4.768682,5.807062,4.5506186,4.2759743,3.0885267,4.2771306,3.5076675,5.43102,5.520074,5.2414403,3.1633003,4.2161674,3.571608,3.6381452,3.7698448,4.688331,4.8439126,4.9257536,4.43371,4.2503133,3.4774644,4.752515,3.398656,4.876771,3.4636166,5.2233243,3.9899724,3.3662834,5.2781057,6.9488,6.851309,5.1130176,7.580018,4.9899774,6.5352836,5.666055,5.6887026,6.7703123,4.554902,6.290854,5.383896,5.1621656,5.435218,5.1773095,4.5295777,4.463644,5.312781,5.0010314,5.0693493,4.660832,4.824638,5.3871517,4.8990364,5.9388947,7.041695,7.6119165,6.35024,6.4767284,7.1243596,4.2941084,5.5511575,6.2086263,6.234273,4.9253387,5.67562,5.6343064,5.439166,4.028505
25,4.4132485,4.07124,4.430251,7.0622525,5.494073,4.2600026,4.210035,4.6454487,6.117403,4.300565,6.529301,4.6307564,3.3994107,3.557052,5.973658,6.0502534,4.457034,3.3095284,3.881956,5.147871,3.2439542,3.4376366,2.8893607,4.7284184,2.810963,0.0,3.8527572,4.538167,6.8119707,3.3274183,3.0862281,3.1831062,4.6287894,4.961748,6.0159364,5.4263973,4.34597,3.9384236,6.4890556,4.1948323,3.7347696,3.7807238,3.7223155,3.8238237,4.8167105,3.605605,4.840333,4.842058,3.8599155,3.8101563,3.5348308,4.775356,3.197092,3.246721,4.294512,3.693947,3.3455288,4.884861,3.919032,4.1575065,4.3561807,6.2835326,4.026398,3.796373,3.737938,3.592659,3.53941,5.730425,5.2139263,5.0982485,3.549856,3.8933778,4.115983,4.1659355,3.7172866,5.015234,4.6763544,4.7866015,3.9818945,5.1841354,3.418402,4.362097,3.3051836,4.4437294,3.7386913,4.454432,3.5427134,3.6480677,5.8301682,6.9497,7.170978,5.4711776,7.3751707,4.8638277,6.3273454,5.857515,5.513213,6.844543,4.140591,5.447708,4.5864644,4.5999217,5.514528,4.043158,4.515635,4.4988737,5.1352587,4.674894,4.8299923,5.3250537,4.645203,5.4065485,5.3677144,4.9016776,7.424148,7.12659,5.5816207,5.771922,7.029428,3.9671185,5.1540475,5.532673,5.347892,4.514865,4.913154,5.1904035,5.267725,3.784561
26,6.451964,6.218249,6.288434,8.590258,6.937935,6.0911365,6.370124,6.440321,7.7808986,6.4078097,8.041336,6.4184732,5.600542,5.7048297,7.447607,7.7528048,6.169027,5.2238874,5.616469,6.682676,4.9566216,5.177225,4.909295,6.489145,4.700371,3.8527572,0.0,6.1787295,6.3025093,4.9938354,5.238513,5.0823092,4.217113,4.9518127,7.442501,6.832628,4.8945527,4.4454536,5.867861,3.0728192,5.2409086,5.196332,5.183964,4.773516,4.541577,4.814918,6.1063333,6.1245766,4.859639,5.513625,5.0601053,6.279217,5.3513417,5.351662,6.323031,5.847362,5.578334,7.1361036,5.197566,5.64105,6.1763506,4.902128,5.8080206,5.6592236,5.128492,5.608874,5.376957,7.060073,7.16174,7.1403155,4.957825,5.572896,5.6875434,5.7195435,5.2974877,5.3308725,6.7134275,6.5503745,5.9438376,6.572917,4.9155107,5.991578,4.889856,6.171763,5.455094,6.1138763,5.071725,5.373212,4.242705,6.589533,6.784735,4.3330345,6.6516967,6.769417,5.730305,7.474107,6.9356065,5.8323817,5.4188,7.1027937,6.2975197,6.35479,3.6797795,5.965416,5.911539,6.0559125,6.938445,6.341977,6.506722,6.434782,6.1740294,6.8338227,6.6290874,6.5541368,9.07338,6.180336,6.698198,6.811124,8.325323,5.0829077,7.1290703,7.292376,6.691677,5.9120164,6.9544363,6.617236,6.724983,5.481089
27,6.1326737,6.381469,5.4998665,7.2483063,7.2144427,6.867896,5.570293,7.174914,8.1198435,6.9739914,8.274178,6.849219,6.1520576,6.276518,7.816841,8.1286545,4.690687,4.221009,3.5233204,5.1323233,6.0613074,6.1410956,5.571763,3.7705157,5.643716,4.538167,6.1787295,0.0,6.1528697,4.1054034,4.110854,4.2213507,6.466606,5.439979,4.95969,5.1675687,5.7456036,5.3796573,7.74411,5.8861823,5.4596066,5.882569,5.8891177,5.9056525,7.0377545,5.7880063,5.9050045,6.0189877,6.0077314,6.1974077,4.4721546,5.4517975,5.915121,5.8985133,4.479368,4.9105663,4.246596,5.5746374,6.0422354,4.898308,6.6613517,7.6191254,6.433635,6.330097,5.416193,5.970247,5.7602854,7.2994466,5.4483466,5.4772887,5.6016703,4.8354416,5.917863,5.8494883,5.388278,6.219483,7.0380554,7.1576405,6.4999633,6.7085466,5.4212475,3.8598003,5.3699894,4.1020064,5.661809,4.0215063,5.519525,5.5772386,7.478143,7.2990036,7.5447574,7.0540485,7.99889,5.995642,8.241141,7.7777314,6.402469,7.6971035,5.8639183,4.780054,5.219427,6.2666073,6.5151596,5.775953,4.1590056,4.2544546,6.071329,6.6618114,4.5381856,6.0247936,4.763576,4.0540366,5.955819,5.871016,7.6776443,7.338687,5.7052493,5.9275794,7.985236,4.4140854,5.3034205,4.9137006,5.977026,5.348768,5.454683,5.1501565,5.1683393,4.524472
28,6.592783,7.1307416,4.9946256,7.011213,5.806548,6.828416,5.6847043,6.233771,8.0689,6.667276,7.3861275,6.153251,6.185639,6.380195,7.43633,8.027808,5.0339603,4.9264107,5.8664556,4.410239,6.056629,5.9831758,5.6097407,4.2800283,6.2706923,6.8119707,6.3025093,6.1528697,0.0,5.8339896,6.082761,5.1671014,5.5216055,4.341831,6.4704022,6.0326285,5.27058,5.1943326,5.853475,4.8766766,6.4029436,6.1223745,6.2626896,5.766697,5.435308,5.4614463,6.3602777,6.056201,6.7443643,7.532517,6.5928683,6.3838983,5.9993014,5.951963,5.153046,5.2077107,6.5183544,6.863413,5.361351,4.532736,6.80614,5.879481,6.4388666,6.3423862,6.1534386,7.343324,6.20256,7.5439844,5.998663,5.9998894,6.895518,6.039729,6.383554,6.3377995,6.7255716,7.2732873,7.435166,7.3482194,6.9268336,7.4295692,6.4195256,5.410021,6.440538,5.63765,7.091501,6.2091837,6.9991837,6.9496093,4.6586456,4.340787,4.571019,5.039846,6.1223354,6.6593695,6.6036224,7.9305825,6.215538,5.107931,6.528286,6.1730375,6.6317105,6.7798014,5.659639,7.807089,5.419276,5.2872996,5.7415285,6.342357,5.219352,5.6314945,5.954047,5.401142,6.2047105,6.414853,6.780843,5.63452,7.0265527,7.168782,8.3899,5.6980295,6.0271378,6.5753784,7.2953606,7.044168,6.7428164,6.9186063,6.855273,6.3745637
29,6.091459,5.8594913,4.1603923,6.7521787,6.0610013,4.843709,4.843199,5.9125447,7.508355,5.6606994,6.6907444,5.1760345,4.615721,5.170093,6.388172,6.5771804,4.152725,3.6894817,3.6371787,5.1603394,4.5529027,4.325757,3.888504,4.28834,3.749506,3.3274183,4.9938354,4.1054034,5.8339896,0.0,2.8958936,3.0366552,5.7343097,5.5104218,6.6159973,6.3295326,5.0599227,4.625342,7.0896115,5.4591103,5.346039,5.272628,4.7956777,5.1159477,5.9537845,4.831389,5.9853983,5.718976,4.9767714,5.054064,4.1510153,4.212158,4.709735,4.683695,5.047775,4.2982807,3.3389187,5.770789,4.403691,3.9125485,5.588645,6.624122,5.299349,5.1672735,2.745759,5.0644903,5.049038,6.6283298,5.387503,5.2495313,4.1454535,4.8837833,5.016953,5.005842,4.8426127,6.256395,6.1195073,6.2953587,5.679556,5.619525,4.489042,4.1861377,4.6145635,4.6694236,4.9801216,4.9269753,5.1846933,4.95797,5.533207,6.1772976,6.613163,6.04499,7.417597,4.986552,7.3034635,6.777501,5.7670746,7.001618,5.7300653,5.7481227,5.3990064,6.143773,6.508762,5.8107147,4.3949327,4.3101306,4.6461787,5.0811677,4.6880794,5.193432,4.583238,5.0667396,5.1663218,5.4676914,6.574171,7.2389517,5.8305917,6.100351,7.406341,3.6222646,6.2374353,6.202596,6.126755,5.3644447,5.779864,5.5289655,5.3422914,4.3488464
30,5.1756644,5.0356636,4.808688,7.170265,6.4666924,5.548531,4.3378434,5.5489492,6.6268377,4.5538616,6.5991797,5.6647186,4.4448466,4.8589106,6.799051,6.972772,3.180763,3.101692,3.7532406,4.878361,3.7441728,3.3879087,3.5010953,3.9052746,3.3607929,3.0862281,5.238513,4.110854,6.082761,2.8958936,0.0,2.573721,4.6535506,4.2753525,5.5343904,5.2181277,4.3265214,3.9284983,5.5574236,4.8767405,4.466964,4.152262,3.6519132,3.9405649,4.693773,3.3501933,4.775558,4.6984186,4.910301,4.959501,3.8379107,5.0190105,4.233952,4.3160105,4.3185534,3.9043403,2.4337363,5.4935155,4.2011137,3.5477512,5.2305317,6.3750873,4.923294,4.788327,3.886848,4.752887,4.160691,6.0346518,4.4514627,4.383406,3.9795077,3.9356332,3.7678084,3.8086069,3.9588718,5.078116,4.804033,4.905732,4.5459037,4.3326783,3.759449,3.12691,3.7378623,3.1631336,3.4622953,3.531251,3.9851117,3.4770613,5.976356,6.074306,6.0223603,5.2603073,6.813504,4.1259465,6.4011507,5.0746555,6.325778,7.1343136,4.9812875,5.467921,5.308243,5.284317,5.9017153,4.9459524,4.0766788,4.0794005,5.1145926,5.6135464,3.82625,5.2781653,3.638711,4.303838,5.3080225,5.9862213,5.8854895,6.829212,5.6800838,5.9040823,6.164352,4.0998073,5.1872067,5.554173,5.831614,4.937709,4.94269,5.776009,4.709125,3.5211682
31,5.1381893,5.011157,4.1113753,6.7365923,5.5579906,5.15486,3.6734533,4.3618584,6.504298,4.433042,6.407973,5.1328883,3.7855034,4.31284,6.3737464,6.5856447,3.0315943,2.2570317,2.841064,3.3411925,3.6145642,3.2703612,2.4492948,3.084718,2.5654275,3.1831062,5.0823092,4.2213507,5.1671014,3.0366552,2.573721,0.0,4.3892307,3.9649599,5.84196,5.165366,3.7664292,3.3170347,6.1093793,4.4408836,4.0522017,3.7159336,3.18969,3.6323926,4.603274,3.1632185,4.9826975,4.8544455,4.5394015,4.558705,3.2536461,4.7106137,3.762507,3.817451,3.8871233,3.4180355,3.4830697,5.077771,3.191101,2.7236974,4.855803,5.8338757,4.4480243,4.2831063,3.2937877,4.27976,3.4976635,5.5334,3.9745421,3.9313006,3.1909657,3.1533947,3.774331,3.8107173,3.9357522,4.726879,4.840483,4.9212036,4.526768,4.2977986,3.6515374,3.03628,3.579972,3.1869984,3.5664704,3.6014764,4.005215,3.4799492,5.4600763,6.083005,6.4521265,5.236377,6.8894835,4.250343,6.4628196,5.7593517,5.8163686,7.1113176,4.9291773,5.395206,5.0792875,5.3211255,5.8242474,5.5585756,3.4638922,3.396335,4.775412,5.2854524,3.8226147,5.0722785,3.512526,4.302878,3.857803,4.8554497,6.331124,6.849319,5.282835,5.381764,6.540143,3.1725814,5.09878,5.32299,5.4828296,4.518242,4.4847403,4.433032,4.5239167,3.3284562
