,0,1,2,3,4,5,6,7,8,9,10,11,12,13,14,15,16,17,18,19,20,21,22,23,24,25,26,27,28,29,30,31,32,33,34,35,36,37,38,39,40,41,42,43,44,45,46,47,48,49,50,51,52,53,54,55,56,57,58,59,60,61,62,63,64,65,66,67,68,69,70,71,72,73,74,75,76,77,78,79,80,81,82,83,84,85,86,87,88,89,90,91,92,93,94,95,96,97,98,99,100,101,102,103,104,105,106,107,108,109,110,111,112,113,114,115,116,117,118,119,120,121,122,123,124,125,126,127
0,0.0,0.06511197,5.1871147,1.5206023,6.787373,6.3577547,5.742882,4.1494894,4.833795,3.4007175,4.966099,3.722216,2.117391,2.819069,3.763791,2.4636767,7.3324695,7.1454606,7.659891,6.513375,3.974906,2.9325018,6.5812187,3.932302,4.358134,5.3593454,5.0183363,4.7713346,4.6203794,5.7483735,4.7323265,5.0261436,5.7673736,6.3539457,5.9032626,6.5895333,6.984473,6.674679,6.9016128,7.7093287,6.107184,6.901289,6.770888,5.8209505,5.4824257,6.635112,6.623721,6.1524515,5.343017,5.9746385,5.2385974,5.2877107,5.84304,6.339753,3.6107986,4.1279182,7.8367066,4.693886,7.9566045,7.2747035,8.096795,7.7049694,7.300299,6.4918947,4.4136286,4.324359,5.2558565,3.253325,4.0226464,4.3085504,4.0398397,3.1035824,5.9572306,7.6036396,2.9882488,3.639438,5.099085,4.7884426,5.1924605,3.8441403,5.5767646,4.9041047,6.212261,5.1858296,7.270699,5.8959665,5.3003964,3.748139,5.4798207,5.136055,7.8973684,7.127624,4.43104,3.7350678,5.1029625,4.432272,5.019731,5.019731,5.0867505,4.983355,6.7708797,7.223343,4.0346417,5.2760396,6.110087,6.409037,5.415452,5.2345533,5.335916,6.342181,6.839889,7.3641543,3.4061463,4.082161,4.915377,4.2895107,4.0446754,3.667065,3.6182065,4.201337,7.045201,6.6432633,6.820397,7.1560473,6.4778657,6.771111,5.658549,5.6938767
1,0.06511197,0.0,5.17838,1.4740659,6.7730427,6.3431177,5.737757,4.1353893,4.8251624,3.4148335,4.9599743,3.715045,2.0757244,2.7908084,3.743873,2.4516346,7.3134575,7.1262507,7.6525445,6.510443,3.9473124,2.9261916,6.5631394,3.9157562,4.337653,5.356665,5.007186,4.7622137,4.5934873,5.7306223,4.714152,5.0051594,5.758233,6.347984,5.893679,6.5778065,6.9768157,6.664183,6.893564,7.6931057,6.0988216,6.8861127,6.7547674,5.8140907,5.4717617,6.624819,6.6117806,6.1378837,5.315693,5.9614186,5.215352,5.264354,5.8297772,6.3303957,3.5830183,4.108178,7.8354654,4.682063,7.9481573,7.2643404,8.083438,7.688551,7.3025713,6.4942517,4.389108,4.2985888,5.2303987,3.2193143,4.0096507,4.288823,4.027573,3.0845504,5.9316425,7.5914807,2.9697587,3.6519864,5.1038237,4.7986503,5.174388,3.8370173,5.569028,4.8822255,6.2105117,5.1711626,7.2594385,5.8941283,5.283767,3.7177505,5.475304,5.1322355,7.8880715,7.1039634,4.42069,3.7249517,5.096063,4.4135785,4.984952,4.984952,5.062801,4.9475684,6.7468605,7.1975727,4.0021653,5.242014,6.0925355,6.394115,5.399514,5.2285233,5.312049,6.3259172,6.8239636,7.3524876,3.3874373,4.0884795,4.944986,4.278715,4.0258713,3.6783073,3.605495,4.191562,7.029598,6.630483,6.816539,7.1533713,6.468814,6.763298,5.650929,5.686795
2,5.1871147,5.17838,0.0,5.012186,4.7749186,4.7328677,3.598129,5.584148,7.249542,6.1047974,7.0598726,5.3099546,5.13478,5.3906875,6.448836,6.178198,8.810268,8.600026,9.21806,8.381204,6.1731653,6.010792,7.8458915,6.5347996,6.6130404,7.3374724,7.0953636,6.9390097,6.543726,7.3264275,6.5139036,7.1479974,7.296698,7.157693,7.3986115,7.9391904,8.386914,8.076992,8.396326,9.203208,6.9821215,7.5461187,8.016023,6.98117,6.821188,7.8117337,7.474133,7.3207936,6.7639117,7.3313246,7.147644,7.104705,7.79183,8.14424,6.091073,5.4743886,8.360158,6.980778,8.385168,7.7931647,8.574772,8.491856,5.556176,7.2093716,6.898276,6.805427,7.375608,6.040582,6.6971164,7.0620675,6.928112,6.2216473,7.430738,8.276475,5.5712733,6.427196,6.3023744,6.1399074,6.396144,6.7253356,7.4444084,6.556764,8.219244,6.9835043,8.82759,7.7844596,6.763767,5.967304,7.3827934,7.591088,10.289136,6.3123403,6.682335,6.1328173,7.0630264,6.431926,7.0275846,7.0275846,6.0039797,6.6064315,8.252571,7.4498253,6.2362165,7.0374513,7.185979,7.719674,7.011733,7.0631285,6.930493,7.8416753,6.7286234,7.937397,5.491631,5.481031,4.8546944,5.6650705,5.6328063,5.633388,5.8092217,5.570745,5.579528,5.444454,5.789778,6.150666,4.8729835,5.276387,4.0422773,3.3419402
3,1.5206023,1.4740659,5.012186,0.0,6.6606646,6.4653864,5.9295335,4.1761284,5.3527737,4.0589943,5.142346,3.5067966,1.7544177,2.509945,3.6882288,2.8685713,7.150643,7.071088,7.8407106,6.744409,3.8278625,3.3230622,6.503876,4.1809597,4.503991,5.6091447,5.2497387,5.0877843,4.389717,5.833472,4.8694587,5.4334307,5.6049137,6.2326193,5.728593,6.478235,6.7976394,6.505052,6.7353873,7.7048244,5.974962,6.898062,6.47233,5.720659,5.3515925,6.6090097,6.5314837,5.977204,5.2987285,6.316608,5.1875367,5.2176642,5.949004,6.426081,3.5423653,3.9922087,8.080358,4.9145527,7.8801017,7.342218,8.081789,7.751972,7.566038,6.7285933,4.709528,4.5919995,5.3201637,3.2756557,4.2329774,4.5972466,4.4208655,3.717121,5.920571,7.8337913,3.6012645,4.8199034,5.229722,5.075589,4.849635,4.109327,5.909338,4.8432107,6.3574023,5.4320674,7.515813,6.0443587,5.1181474,3.7014337,5.8892517,5.633234,8.208139,7.0181036,4.938263,3.9353561,5.4669805,4.725875,5.0604253,5.0604253,4.9961834,4.9788713,6.8986473,7.2425947,4.2478213,5.3167157,5.9325294,6.2863693,5.215724,5.3610024,5.2974963,6.3369894,6.7685285,7.3274393,3.1052403,5.0660834,5.6414866,4.656833,4.309094,3.6382043,4.19964,4.671583,6.987172,6.534724,7.002268,7.3727098,6.784153,7.0549736,5.829572,5.861949
4,6.787373,6.7730427,4.7749186,6.6606646,0.0,6.132647,2.3084505,5.628015,5.8932285,6.473078,5.895774,7.073165,6.3185596,6.6192975,7.9017887,6.9339666,9.359896,9.344287,8.961109,9.097411,7.3377767,6.9799194,8.258954,7.3662224,7.4760957,8.8214,7.677629,8.076366,7.4560156,8.459195,7.5182295,6.8547735,7.081036,7.4118595,7.2588153,7.935979,8.15611,7.9081173,8.0912075,7.922721,6.8684773,6.573912,7.894425,7.91602,6.99169,8.757719,8.39454,8.112565,6.177381,7.114667,7.32289,7.2573876,8.068443,8.455537,6.4556,6.0329156,9.283922,7.63711,8.517596,8.934243,8.078188,8.826552,6.793978,8.312268,7.1710486,7.0944123,7.461801,6.221556,6.727497,7.786017,7.8427544,6.577218,6.087491,7.900835,6.1204033,6.910931,8.032656,7.585126,7.5879035,7.2548633,6.0308075,4.8280687,7.523964,5.3488364,7.5147705,6.7154384,6.2121205,5.424382,7.565447,7.854068,9.180998,6.213236,6.1688795,6.339298,5.5322747,6.7618494,7.4273176,7.4273176,7.518714,7.023087,6.957342,5.933344,6.4292316,6.9097266,6.343477,6.9008193,6.1148047,6.1633577,5.1437087,6.2042255,6.107072,7.7845697,6.9742537,5.6537275,7.091908,6.481524,6.2533617,7.0599914,6.1062613,6.332025,5.5109515,4.295203,4.4975715,5.549302,5.1079583,5.106491,5.239492,4.88913
5,6.3577547,6.3431177,4.7328677,6.4653864,6.132647,0.0,4.747806,6.4665875,6.712414,6.6598797,8.255518,8.059751,5.8473907,6.1487613,7.4238176,6.9518747,9.313575,8.854131,9.397713,9.029644,6.9125543,6.9943266,8.838739,7.88737,6.757689,7.025768,7.0170436,6.5895934,7.27162,6.2023077,6.200573,6.703105,8.148931,8.385367,8.180493,7.770606,9.8861475,8.9954605,9.824074,9.53702,8.507894,8.373596,8.754683,8.279125,6.922827,7.9594865,7.9922576,7.9205236,7.7703032,7.4127507,7.3418937,7.3855157,7.7477202,8.112092,6.149285,6.2212806,9.179105,6.9503856,9.296955,8.59486,9.05432,8.627026,6.6772704,8.198002,6.8927145,6.820034,6.3117485,6.0578103,6.6949286,7.183673,6.957058,5.805673,7.70721,8.253514,5.48698,6.29015,8.007991,7.96163,7.770586,7.2030277,7.710071,6.9820676,8.795595,7.1726847,8.022889,8.438247,6.697748,6.3631825,8.2374325,7.4988003,9.468448,6.2901425,7.000342,7.3653436,7.486435,6.8996925,5.690838,5.690838,6.319539,5.6598225,7.3661323,6.3738494,6.5056925,7.1108656,8.534253,8.04797,7.8985724,7.876807,7.180601,7.994129,7.1249943,8.63991,5.7820587,5.446478,6.4530067,5.9357014,7.0490284,7.388565,5.9626045,6.418253,4.9480743,6.403237,6.737224,5.4762125,4.1944637,4.5668497,5.8270073,5.71539
6,5.742882,5.737757,3.598129,5.9295335,2.3084505,4.747806,0.0,5.4448647,5.609548,5.4843545,5.858332,6.678546,5.5981402,5.8612714,7.040607,6.139988,9.009843,8.763494,8.614849,8.434579,6.6110334,5.9512863,8.047584,6.603211,6.717232,7.7747874,7.057949,7.1176767,6.8641396,7.517217,6.6379457,6.180539,7.070778,7.456883,7.21601,7.651812,8.323281,7.8782306,8.278084,8.273009,7.0082407,6.839208,7.945524,7.707351,6.616655,8.309569,7.960424,7.700227,6.2327113,6.7952943,7.04441,7.0143847,7.5469565,7.8775,5.9242992,5.3604183,8.714277,6.929719,8.587062,8.438693,8.294573,8.6895485,6.286175,7.823241,6.50519,6.4261613,6.7705603,5.6711473,6.09217,6.951508,6.9092174,5.624035,6.207499,7.7679667,5.02974,5.5478797,7.463655,7.0245714,7.336546,6.4771633,5.875458,5.046125,7.622875,5.475393,7.2904644,6.7940164,5.984526,5.1562147,6.801841,6.9828534,9.223903,6.0123525,5.697153,5.924884,5.4874005,6.0591917,6.735966,6.735966,6.827476,6.2719603,6.8112535,5.8763976,5.8124194,6.552946,6.7757306,7.1125035,6.221648,6.018694,5.432027,6.498826,6.209653,7.901232,6.257121,4.2168293,5.8027897,5.745796,5.581434,6.47596,5.115576,5.5700493,5.018399,4.567473,4.409967,4.9472566,4.1010194,4.1957474,4.1047235,4.131954
7,4.1494894,4.1353893,5.584148,4.1761284,5.628015,6.4665875,5.4448647,0.0,4.0643167,4.5579824,5.0017233,4.3420534,3.8527684,4.267719,5.464977,4.585491,8.4216385,8.289906,7.9467134,7.6970205,5.321339,4.8439155,5.9819374,5.5719895,5.342101,6.528694,5.730203,5.852286,5.527933,6.230712,5.512172,4.894589,5.868292,5.2774816,6.1013513,6.5667315,7.4091334,6.9998074,7.2493076,6.918694,4.724461,4.407872,6.760142,5.3668513,5.3958526,5.9893913,5.9957213,6.1376567,5.0777454,4.844575,5.6744537,5.6703076,6.3068247,6.7510223,4.353303,4.6858544,6.7151175,5.9226117,6.236644,5.8743057,5.676005,5.7547812,6.417429,5.2034144,4.9558024,4.9286375,5.2918086,3.7269063,4.8189135,5.981,5.912672,4.3052797,4.9104967,5.1514,3.5521915,4.709112,4.4571624,3.8678153,4.686626,5.7230854,4.997909,3.6873953,6.1865587,3.810918,6.4877625,5.8860393,4.8577933,3.4776103,6.1344237,5.732552,7.4892898,7.4261074,4.6088023,4.88467,4.3919377,4.927601,5.1010394,5.1010394,4.585569,5.0349607,5.9403067,6.3472633,4.6862864,5.316012,5.0252852,6.2243648,5.3375974,5.3681087,4.0954103,5.3601637,5.3119206,5.2858434,4.9463058,4.837331,5.981331,2.3727791,3.5624945,4.4338827,4.095941,2.8118594,6.957746,6.675061,6.968011,7.206072,6.397524,6.5793123,7.201309,5.6369348
8,4.833795,4.8251624,7.249542,5.3527737,5.8932285,6.712414,5.609548,4.0643167,0.0,4.3329716,3.578918,6.1249175,4.5606213,4.938425,5.889808,4.617799,8.079366,8.026032,7.5502157,7.356288,5.450377,5.223212,6.774707,5.395015,5.2975264,6.786084,5.045294,5.4747887,5.665962,6.0107756,5.2573895,3.89001,5.5647025,6.180277,5.7327595,6.0426216,7.144418,6.566215,6.94614,6.289895,6.1357355,5.8558083,6.57588,6.5032053,5.316563,6.6079574,6.7477493,6.788462,5.117534,5.0447497,5.3865123,5.430714,5.669117,6.139149,3.7274084,4.787745,8.046479,5.1574492,7.266334,7.6501765,6.7554183,7.06376,7.492558,6.575268,4.328025,4.3112073,5.10993,3.9855285,5.2512116,5.115232,5.0024652,3.1983347,4.1351056,5.8352504,3.210263,3.570001,6.8822966,6.218716,6.6583576,5.3023815,3.8744814,3.1729429,5.603677,3.1795316,5.244219,5.1069307,4.5023084,3.7017329,5.912098,5.1064267,5.8817005,6.759454,3.8629742,4.6787453,3.357302,4.9026885,4.4951324,4.4951324,5.813176,4.7169237,4.3583646,4.9895415,4.2350903,4.971898,5.0161166,5.1302843,4.399768,4.0035887,2.6448913,4.2040825,5.391987,6.1788964,5.3890505,4.1895337,6.5832696,4.501107,4.8014765,6.4722667,3.830317,4.5126305,6.4696736,6.0313687,5.9693484,6.0444026,6.4213986,6.3577247,6.9266725,6.5025096
9,3.4007175,3.4148335,6.1047974,4.0589943,6.473078,6.6598797,5.4843545,4.5579824,4.3329716,0.0,4.872888,5.2414513,3.494725,3.7119327,6.0927157,3.6851883,8.293242,8.226544,8.230499,7.3162785,5.903216,4.4061346,7.527917,5.6385756,5.6034822,7.2992463,5.968147,6.3353715,6.472487,7.0900755,6.0111,5.849482,6.227598,6.9142437,6.4406686,6.931501,7.986219,7.600512,7.9276595,8.296326,7.004203,7.347471,7.6364083,7.0999746,6.0002217,7.874265,7.667695,6.941016,6.388921,6.5948334,6.6201677,6.63764,6.7562547,6.804508,4.8401275,4.554207,7.9376187,5.649095,8.220515,8.239417,8.572705,8.4948845,8.107201,6.827599,5.552564,5.4934897,5.97225,4.238907,4.7040944,5.8097496,5.570906,3.813444,6.5136313,7.627117,3.5342782,3.581837,6.5837727,5.825346,6.8476214,5.290589,5.738983,5.04574,6.986688,5.7476373,6.703686,5.4519024,5.439329,4.0970306,5.475317,5.4598265,7.8981447,7.7052393,3.9909165,3.9277163,5.218398,4.327007,4.998048,4.998048,5.286882,4.751317,6.7434196,7.267191,4.882532,6.1437926,6.004918,6.144506,5.736295,5.361067,5.0424027,6.1788177,6.4760785,7.212161,4.6281867,3.790906,5.6469297,4.5526147,4.47799,4.4797883,3.859447,4.5660424,7.7701836,7.4729176,7.349032,7.3945556,6.771462,6.736491,6.6006618,6.551899
10,4.966099,4.9599743,7.0598726,5.142346,5.895774,8.255518,5.858332,5.0017233,3.578918,4.872888,0.0,5.451804,4.7882257,5.006473,5.3756595,4.4684057,8.144851,8.277898,8.145644,7.395123,5.5093484,4.7957196,6.6581573,4.721517,5.9834523,7.6870766,6.0302444,6.5011535,5.6293902,7.0205884,6.3239803,5.4925823,5.010547,5.874577,5.2419496,5.7990885,6.557008,5.986216,6.4658265,7.4144692,5.8664155,6.6651816,6.1748085,6.176986,4.7445126,6.672978,6.434278,6.3002267,5.917276,6.4978366,5.8302083,5.832843,6.251364,6.6836905,4.3502297,4.531891,8.940381,5.8310475,7.3943777,8.440167,7.5605183,8.412681,7.885101,6.931681,5.6867657,5.592421,6.3965874,5.4172077,6.5403004,5.7094126,5.668518,5.0678835,4.795167,6.8142867,4.654313,5.1051292,7.16641,6.20825,6.7076783,5.448785,4.8424006,3.8810642,5.775553,4.5866637,6.2678313,5.074055,4.074537,4.6240606,6.653552,6.507609,7.674248,7.370295,5.1491594,4.370916,4.190952,5.8215714,5.986177,5.986177,6.0429087,5.7952104,5.474712,6.012893,5.410875,6.3611817,4.4082446,5.435749,3.2205987,2.863527,3.071996,4.9182663,5.0641084,5.8572264,5.868489,5.690759,6.63333,6.1372633,5.059896,6.372815,5.333865,5.7852383,6.5941143,5.8374853,5.7021713,6.1076865,8.053409,8.011998,6.5672016,6.423823
11,3.722216,3.715045,5.3099546,3.5067966,7.073165,8.059751,6.678546,4.3420534,6.1249175,5.2414513,5.451804,0.0,3.997327,4.393648,5.2218447,4.9097247,7.785459,7.9911394,8.526833,7.271201,4.89462,5.3574843,6.5335407,4.906829,5.627276,6.832862,5.701791,6.032519,5.107966,7.044089,5.729736,6.3496833,6.0746846,5.7364483,6.2017937,7.573232,6.4207253,6.7929835,6.3654566,7.6362505,5.7032,6.72983,6.8611846,5.4286947,6.6923823,7.0069094,6.890301,6.891636,5.2063355,6.3835373,6.159852,6.1087956,6.687191,7.009484,4.8729005,4.9568996,7.311867,5.898003,7.067026,6.7671204,7.425927,7.2970505,7.0584598,5.8548203,5.542588,5.5059714,7.357361,5.1054096,6.3496065,5.863545,5.676176,5.142291,6.4212933,7.5464845,4.7920165,5.645692,4.615468,4.3151407,4.990218,5.807544,6.4565544,5.6451955,6.8098392,6.0730286,8.594799,6.5833855,6.600399,5.072559,6.128006,6.346277,8.872774,7.5345244,5.4999075,4.5309467,6.152477,5.419473,6.683832,6.683832,5.472103,6.5093884,7.8985405,8.246852,5.006919,5.8371964,5.211603,6.2614584,5.694054,5.821068,5.8578596,6.6788683,6.871511,6.8613286,4.76036,6.1559796,5.549961,4.86631,4.502627,4.7718954,5.1329846,4.490827,8.091678,6.91586,7.29475,8.382917,7.4703865,7.64604,6.5653105,5.6494265
12,2.117391,2.0757244,5.13478,1.7544177,6.3185596,5.8473907,5.5981402,3.8527684,4.5606213,3.494725,4.7882257,3.997327,0.0,1.8518443,4.6230187,2.6293285,6.9567757,6.9209566,7.556548,6.6468134,3.873328,3.4795551,6.2791257,4.281508,3.9261634,5.83802,4.5761557,4.823099,4.1951075,5.058932,4.34079,4.867437,5.5227485,6.119908,5.603992,6.027289,6.989047,6.4278936,6.940968,7.6261015,6.0390487,6.7237663,6.37252,5.743615,5.002804,6.396458,6.3160996,5.5103917,5.1364875,5.8252673,4.8600135,4.8962884,5.584997,6.089202,3.1638188,3.4817479,7.7737136,4.3474426,7.406598,7.271753,7.6797056,7.4529133,7.3473296,6.4701123,4.4024124,4.287394,4.687979,3.090419,4.333467,4.4675007,4.2782993,3.31833,5.616766,7.0923185,3.0170012,4.3135443,5.498352,5.209485,5.0109687,4.0538244,5.449317,4.3368793,6.194945,5.044013,6.592575,5.575552,4.5292864,3.1326988,5.807317,5.3401923,7.581961,6.385967,3.8917634,3.0500865,5.0278425,3.8066323,3.681864,3.681864,3.813969,3.484245,5.9322553,6.337195,3.6691248,4.7815914,5.2203507,5.370274,4.8284,4.9461904,4.4251614,5.7389603,5.6943974,6.4366903,2.8692222,4.68544,5.861262,4.2790785,4.39563,4.2021794,3.996597,4.502805,6.4966564,6.421482,6.7436585,6.76871,6.4141,6.69447,5.8808317,5.846826
13,2.819069,2.7908084,5.3906875,2.509945,6.6192975,6.1487613,5.8612714,4.267719,4.938425,3.7119327,5.006473,4.393648,1.8518443,0.0,5.042043,3.1350381,7.202275,7.1995034,7.685882,6.8017235,4.2965755,3.8841755,6.50885,4.731241,4.3660345,6.4477687,4.847614,5.108314,4.5328794,5.3888063,4.59092,5.269887,5.609873,6.264208,5.6772575,6.061136,7.107336,6.4951935,7.125498,7.723236,6.216836,6.8883395,6.4522123,5.845913,5.1739583,6.5358667,6.3888297,5.641671,5.2128654,5.9803715,5.0623436,5.0915504,5.8108597,6.31475,3.559818,3.804438,7.5814676,4.7243447,7.2312098,7.0699463,7.897448,7.660755,7.516635,6.2344575,4.6544237,4.5410056,4.8517795,3.4549897,4.668261,4.783919,4.64431,3.6784477,5.939472,7.366115,3.441043,4.5693355,5.746386,5.4821863,5.8007865,4.9153385,5.735843,4.7543974,6.5040073,5.400065,6.797513,5.873685,4.883628,3.667979,5.9362254,5.4792657,7.744731,6.681055,4.177293,3.5554483,4.6857996,3.3415399,3.8130753,3.8130753,4.005077,3.6091492,6.5053735,6.8743253,4.564866,5.5022597,5.3862677,5.543617,4.946769,5.0311475,4.5177207,5.889703,5.854596,6.602074,3.2157915,4.824416,5.870927,4.3142004,4.453983,4.364039,4.102039,4.624286,6.591631,6.5710793,6.713726,6.735226,6.4464083,6.751401,5.865658,5.879761
14,3.763791,3.743873,6.448836,3.6882288,7.9017887,7.4238176,7.040607,5.464977,5.889808,6.0927157,5.3756595,5.2218447,4.6230187,5.042043,0.0,4.4137115,7.9980664,7.5913744,8.607543,7.2033195,4.5422673,4.1472936,6.774155,4.497704,6.0303583,5.70409,6.7345576,5.773782,5.0927978,6.3998046,6.0040584,5.8284383,6.2624946,6.8628974,6.4723535,6.779712,7.6422896,7.107139,7.4901686,8.310667,6.8878875,7.685136,7.0775127,6.2793913,5.7332335,6.442215,6.5893965,7.0784802,6.759001,7.0906234,6.030963,6.1285405,6.461677,6.9140153,4.466071,5.3357253,9.091909,6.3734465,8.742402,7.6991086,8.47355,8.125745,8.014179,7.2394934,5.4265223,5.306707,6.10527,4.920058,6.070305,5.1667995,5.040336,4.6194077,6.1714835,8.204311,4.4109697,5.406156,6.431982,6.156328,5.9849577,5.299526,6.8491225,5.9724045,7.0909147,6.264591,8.21756,7.389406,5.662858,5.4796085,7.0184245,6.445729,9.099142,8.2649,7.126539,6.4308724,6.58119,6.9380794,6.3463483,6.3463483,6.531369,6.48604,7.388954,7.7087455,5.633331,6.593443,7.544162,8.245589,6.022472,6.0242352,6.3317733,7.161807,7.821389,8.190394,5.392533,6.118318,6.3857336,5.881534,4.889592,5.978051,5.192223,5.5591874,7.293318,7.1973076,7.6714153,7.707453,8.17308,8.378336,6.8246512,6.6740465
15,2.4636767,2.4516346,6.178198,2.8685713,6.9339666,6.9518747,6.139988,4.585491,4.617799,3.6851883,4.4684057,4.9097247,2.6293285,3.1350381,4.4137115,0.0,7.445583,7.3534594,7.6935616,6.7152524,4.7451596,2.7870681,6.3051257,3.831372,4.506408,6.701141,5.55367,5.761057,4.8647103,6.141282,5.7387867,5.1590724,6.236948,6.901782,6.4028997,6.695042,7.5928245,7.020164,7.487903,8.047898,6.5580025,7.250092,7.189673,6.518579,5.6604457,6.7073298,6.8956337,5.972252,6.168093,6.393005,5.663552,5.7569003,6.098672,6.585485,4.0480757,5.045715,8.079319,5.0091777,8.000024,7.7980695,8.283325,7.9378285,7.691804,6.92355,4.6475677,4.5315,4.7908444,3.6025581,4.2799077,4.3967776,4.4832535,3.6228259,5.9958353,7.265907,3.72338,4.2197905,5.935431,5.307915,5.6486096,4.1223106,5.7081494,5.017912,6.2453933,5.4404488,6.6427493,5.6672187,5.0172734,3.440872,6.0550284,5.247719,6.8486776,6.7722354,4.077733,3.2676208,5.147872,4.1559935,4.2329125,4.2329125,4.8862796,4.4619064,6.319145,6.779645,4.451351,5.675991,5.7773776,6.5733237,5.344828,5.168168,5.006466,6.393969,6.1217775,6.6856656,4.93724,4.5895443,5.8957596,5.223495,4.3594313,4.363902,4.884843,5.257658,7.070656,6.88129,6.885102,7.0710506,7.4191074,7.598877,6.4398923,6.158514
16,7.3324695,7.3134575,8.810268,7.150643,9.359896,9.313575,9.009843,8.4216385,8.079366,8.293242,8.144851,7.785459,6.9567757,7.202275,7.9980664,7.445583,0.0,1.506875,3.371354,2.8024578,6.2856064,7.283586,4.5570707,6.645771,6.6334205,7.951177,6.7968483,7.126681,6.861062,7.910411,7.3149886,7.611124,5.875973,6.5737967,5.4801297,6.3599467,5.065542,4.732599,5.0983143,5.906738,8.284903,8.846825,5.1295495,6.3220673,9.098259,9.065129,9.078409,8.618277,7.780352,6.2444386,5.0462313,5.048451,3.9993365,4.228244,6.7461452,7.7763424,7.1517663,6.7429595,6.8796144,7.006774,7.310488,6.974918,8.049607,7.581102,6.597974,6.5602064,7.4176855,6.9095907,8.320116,6.468941,6.9209056,7.225652,7.4700356,9.44253,7.4432735,8.147921,8.42758,8.709874,7.740577,6.770369,8.036219,8.015672,4.982173,8.507241,6.000251,6.1297545,8.842572,7.9420047,6.095773,6.526735,9.353638,7.714806,7.950166,7.598803,8.635267,7.91332,7.8224864,7.8224864,8.322288,7.8013167,7.9485393,8.150606,6.780644,6.758197,7.90911,7.7930765,7.449672,7.6448135,7.6815505,5.502661,8.809467,9.535149,7.5047197,8.566166,9.293535,8.600753,8.3815975,8.784656,7.9797263,8.586555,9.066055,8.603629,8.878372,9.440772,9.056807,9.052713,8.43415,8.741782
17,7.1454606,7.1262507,8.600026,7.071088,9.344287,8.854131,8.763494,8.289906,8.026032,8.226544,8.277898,7.9911394,6.9209566,7.1995034,7.5913744,7.3534594,1.506875,0.0,3.120862,2.593037,6.102231,6.8938217,4.4040823,6.456455,6.487714,7.4534073,6.8945413,6.8492517,6.8110666,7.602998,7.1191344,7.2476783,6.1232185,6.764879,5.7726173,6.3247395,5.7113733,5.110947,5.7160664,6.154625,8.328984,8.673466,5.4341187,6.37186,9.005878,8.939947,8.921639,8.5752325,7.8078175,5.9383664,4.951924,4.9832606,3.8580623,4.153405,6.703869,7.6443205,6.9929075,6.784317,7.128174,6.630224,7.2596807,6.755547,7.906048,7.5150166,6.379071,6.341955,6.9939537,6.7129946,8.053288,6.271198,6.770067,6.970561,7.353884,9.258376,7.0651703,7.7299905,8.331558,8.624634,7.688991,6.612324,7.9750633,8.003173,5.335304,8.398987,5.7740335,6.4507194,8.761302,7.8643384,5.8494563,6.296892,9.648165,7.9325786,8.016759,7.845938,8.612135,7.9012203,7.648217,7.648217,8.21639,7.5677276,7.755397,7.9703727,6.583909,6.5971575,8.370249,8.337502,7.7019916,7.795737,7.7998753,5.7220144,8.95947,9.694111,7.520223,8.144086,9.146552,8.28179,8.064953,8.756986,7.609457,8.242864,8.896087,8.767406,8.971189,9.352587,8.766154,8.810818,8.268294,8.612239
18,7.659891,7.6525445,9.21806,7.8407106,8.961109,9.397713,8.614849,7.9467134,7.5502157,8.230499,8.145644,8.526833,7.556548,7.685882,8.607543,7.6935616,3.371354,3.120862,0.0,3.4525976,6.6976676,7.0656056,4.2575145,6.817632,6.6242633,7.815892,6.883085,7.0934825,7.2885737,8.010311,7.3817368,6.8926225,6.275056,6.5914373,5.8830447,6.5435996,5.3872557,4.86192,5.340951,4.846556,7.5752296,7.489814,5.3494315,6.500484,9.185569,8.937386,8.942162,8.564469,7.6024942,5.168084,5.2387886,5.2332206,3.8489418,4.189777,7.0932064,8.196434,6.135156,6.8986807,6.2957487,6.1739316,6.162476,6.074328,7.78711,7.3642864,6.3073983,6.3182735,6.737186,6.688411,7.691501,6.6280565,7.1239853,7.245042,6.7825623,8.46539,7.334224,7.661308,7.97997,8.296859,7.7752,6.7060494,6.93544,7.4209204,4.3269534,7.5136766,4.460956,5.9763284,8.856115,7.8008842,5.3248835,5.814869,8.72174,8.173198,7.5242195,7.8325067,7.6812406,7.74378,8.162515,8.162515,8.807921,8.101553,7.3108497,7.676567,6.9225755,6.6415353,8.011505,8.1321945,7.5820904,7.4921575,7.3164754,4.8659606,8.725794,9.336415,8.20113,7.884166,9.279384,8.06338,8.205136,8.71942,7.692819,8.143868,9.148763,8.768515,8.661468,9.265584,8.567179,8.552353,8.771721,8.759564
19,6.513375,6.510443,8.381204,6.744409,9.097411,9.029644,8.434579,7.6970205,7.356288,7.3162785,7.395123,7.271201,6.6468134,6.8017235,7.2033195,6.7152524,2.8024578,2.593037,3.4525976,0.0,6.5901103,6.662454,4.277433,6.4696975,6.850234,7.827561,7.021133,7.085319,7.276899,8.129549,7.545587,7.519583,5.1925607,5.87959,5.075875,5.8766274,5.5446663,5.1057677,5.56524,6.258225,8.198911,8.695763,5.585578,5.475464,8.649838,8.970787,8.97273,8.761177,7.6533456,5.349157,4.649294,4.7073555,4.1127114,4.5020194,6.6061497,7.237354,6.686905,7.0238423,6.7080126,6.411287,7.091848,6.7441034,7.1222954,6.1996455,6.6730204,6.648941,7.5476665,6.7878275,8.038934,6.5863256,7.0136695,6.5651274,7.590162,9.097042,6.576101,6.843567,8.076847,7.9159107,7.9369717,6.8658967,7.974631,7.915062,4.420342,8.167906,5.6783247,5.131542,8.439851,7.605223,5.8910217,6.4100246,9.598822,8.558421,7.646071,7.4437838,8.011611,7.6594477,7.606749,7.606749,7.88024,7.564603,8.127541,8.508023,6.7048736,7.2288313,7.991044,8.185911,7.432512,7.297098,7.496124,5.235714,8.666714,9.179246,7.349769,7.464254,8.121473,7.718387,7.367019,8.046273,7.0543213,7.5203342,8.961049,8.5975685,8.61707,9.074443,8.834386,8.889928,8.13702,8.246885
20,3.974906,3.9473124,6.1731653,3.8278625,7.3377767,6.9125543,6.6110334,5.321339,5.450377,5.903216,5.5093484,4.89462,3.873328,4.2965755,4.5422673,4.7451596,6.2856064,6.102231,6.6976676,6.5901103,0.0,3.4989042,5.6061306,2.5561948,2.8211682,3.919503,3.4857728,2.9960883,2.1047328,3.779009,2.5154648,3.4288282,5.9828477,6.2237654,5.618347,6.142128,5.5978622,4.9950037,5.488373,6.4988565,4.861223,5.7989345,5.034017,5.818874,5.464771,4.938952,4.8591847,4.7166457,5.268567,5.954341,4.9909034,4.965043,4.2607884,4.6980524,3.0969326,4.8318324,7.280048,3.0536246,6.90115,6.516031,6.931218,6.7747173,7.652608,7.183358,2.8021839,2.6885717,4.0195284,3.569133,5.1045885,2.5711393,2.1229057,4.3382955,4.2024384,6.587346,4.274214,5.316334,4.6999316,5.3876333,4.0528474,2.7325876,4.3405833,4.4817348,6.0891547,4.903484,6.618605,7.109155,5.5580416,4.9246936,4.7160306,4.20408,7.381536,5.784734,5.2008305,4.5272803,5.5276046,5.0849967,5.5559535,5.5559535,5.7001877,5.4487567,5.1816115,5.613878,3.845792,3.703454,5.579462,5.690419,4.5035625,4.6401763,4.9765353,5.9331603,6.3875923,7.07625,4.160314,5.8152914,6.4351454,5.4685864,5.5010495,5.9761844,5.020422,5.5867047,6.4790306,6.355757,6.604295,6.9099374,6.658986,6.80896,5.845749,5.985334
21,2.9325018,2.9261916,6.010792,3.3230622,6.9799194,6.9943266,5.9512863,4.8439155,5.223212,4.4061346,4.7957196,5.3574843,3.4795551,3.8841755,4.1472936,2.7870681,7.283586,6.8938217,7.0656056,6.662454,3.4989042,0.0,5.83388,2.6702893,3.7837143,5.3148723,5.2485833,4.8452744,4.20449,5.4247875,4.877775,4.338297,6.248927,6.694454,6.1908927,6.305744,7.059785,6.235704,6.9676676,7.8118224,5.4274817,6.2338257,6.3806286,6.308149,5.17739,5.794376,5.6447477,4.8357244,6.3141932,6.333723,5.679756,5.7205443,5.4158406,5.803017,4.0242763,4.920072,7.633927,4.4381833,7.6555142,7.192543,7.7804,7.663618,7.7695613,7.1655064,4.1467924,4.0195003,3.8526154,3.6016986,4.061184,3.6902826,3.7146409,4.308348,5.160903,6.758939,3.9541178,4.44852,5.078332,4.8880196,4.784581,2.8270547,4.835229,4.700724,6.3046293,5.1343136,6.24582,6.4423113,4.925017,4.2337112,5.072804,4.680646,7.667737,6.963948,4.835377,4.0433173,5.2213907,4.8260736,5.3347964,5.3347964,5.4343815,5.1519213,5.671206,6.233315,4.494225,5.2677402,6.1063666,6.9088,5.0413833,4.7664742,5.190065,6.469209,6.285,6.8977075,4.982359,4.6969104,5.8610077,5.2971177,4.5206575,4.5324125,4.8970985,5.3329954,6.8188076,7.0097427,6.8798957,6.933212,7.236759,7.3811717,6.0522165,6.022543
22,6.5812187,6.5631394,7.8458915,6.503876,8.258954,8.838739,8.047584,5.9819374,6.774707,7.527917,6.6581573,6.5335407,6.2791257,6.50885,6.774155,6.3051257,4.5570707,4.4040823,4.2575145,4.277433,5.6061306,5.83388,0.0,5.3620105,5.8048306,7.48967,6.48615,6.6919394,6.054442,7.149682,6.906,6.234985,5.507312,4.7167873,5.316783,5.6237144,5.607267,4.782058,5.4966383,5.786784,5.814692,6.1139703,4.8370614,4.5765214,7.5525784,6.6034727,6.6688547,6.6646743,7.2172236,4.628946,4.8731055,4.8675504,3.9788172,4.4174514,5.9911327,7.113512,5.0540776,6.441332,4.2268424,4.333099,4.3418393,4.2176266,6.1475706,5.170637,5.648682,5.6178064,6.0129957,5.979899,7.497839,6.012418,6.560836,6.6931,5.8340034,6.068681,6.3459935,7.11278,5.9867334,5.952794,5.6220627,6.347536,6.755863,6.6305285,4.516621,6.8647633,4.869887,5.8852625,7.325596,6.7127886,5.748978,5.89134,8.319712,7.553425,7.0075126,6.7424207,7.2344656,7.0017657,6.8009157,6.8009157,6.3696117,6.782729,6.49754,6.8935885,6.1741567,6.1829987,6.225677,7.6411877,6.4168935,6.518381,6.228945,4.9979854,6.461514,6.426619,7.445473,7.535621,8.011878,6.5443206,6.251008,7.3737597,7.1973286,6.58809,8.129539,8.120862,8.227908,8.565223,8.726911,8.785079,8.383087,7.148198
23,3.932302,3.9157562,6.5347996,4.1809597,7.3662224,7.88737,6.603211,5.5719895,5.395015,5.6385756,4.721517,4.906829,4.281508,4.731241,4.497704,3.831372,6.645771,6.456455,6.817632,6.4696975,2.5561948,2.6702893,5.3620105,0.0,3.407725,5.4591684,4.5593104,4.4954104,3.0440834,5.2850986,4.4052744,3.7430372,6.463203,6.725322,6.257386,6.820196,6.1151133,5.6407914,5.9856334,7.007215,5.2930684,6.1743317,5.971408,6.347072,6.088571,5.6621594,5.630965,5.149366,5.7296534,6.220872,5.619951,5.622966,4.9533353,5.365057,3.9796784,5.4805884,7.3520117,3.9117622,7.2831798,6.963119,7.3881836,7.2627306,7.75561,7.3274207,3.1968167,3.0893588,4.5946584,4.093397,5.277269,2.695508,2.8413746,4.5369415,4.520821,6.552091,4.4527993,4.9291463,5.0934725,5.2070746,4.645337,2.8823392,4.4661236,4.8232584,6.1916203,5.162792,6.605036,6.86401,5.8848286,4.8121643,4.5768476,4.243082,7.148179,6.0500236,4.7973304,3.9589906,5.46721,4.8508224,5.817766,5.817766,5.92389,5.7162666,5.435129,5.9673953,3.9679153,4.2959332,5.4437766,6.41379,4.744412,4.5520372,5.0957537,6.2998695,6.329921,6.8961554,5.63032,5.4558883,6.340443,5.9604096,4.93364,6.0006785,5.3934317,5.747195,7.0575075,6.673054,6.5298324,7.23964,7.4424434,7.537921,5.939375,5.848299
24,4.358134,4.337653,6.6130404,4.503991,7.4760957,6.757689,6.717232,5.342101,5.2975264,5.6034822,5.9834523,5.627276,3.9261634,4.3660345,6.0303583,4.506408,6.6334205,6.487714,6.6242633,6.850234,2.8211682,3.7837143,5.8048306,3.407725,0.0,4.265718,2.2086568,2.63836,3.1942227,3.8052883,3.0601692,3.4794157,6.27164,6.3450103,5.910784,6.13119,6.1612525,5.3889747,6.0838346,6.634663,4.854727,5.5126047,5.4771724,5.9999747,5.5256586,4.9524546,5.0002766,4.063126,5.199813,5.3409314,4.8191395,4.8088813,4.0187035,4.5348353,2.979604,4.808452,6.522441,1.6756285,6.409451,6.335688,6.6052012,6.340894,7.6767287,6.852283,3.083634,3.1161082,3.6052206,3.7319956,4.315181,2.162961,2.909952,4.279165,4.254375,5.660187,4.4688272,5.1404753,4.894382,4.886168,3.8829033,3.0215185,4.409657,4.8011193,6.2524147,5.017825,5.909233,6.528534,5.264106,4.1202593,4.8299723,4.089102,6.608145,5.4841766,4.1897836,3.86779,5.4981427,4.261007,4.6938734,4.6938734,5.1256366,4.773916,4.2820315,4.9063363,3.0982628,3.3139224,4.8570833,4.8981147,4.5421815,4.517984,4.9947677,6.120526,5.8638177,6.3669043,4.6646695,5.559684,6.2782,5.412066,5.33771,5.501647,5.356144,5.7518797,6.3229003,6.5220304,6.480497,6.985463,6.617701,6.325431,6.454105,6.3258557
25,5.3593454,5.356665,7.3374724,5.6091447,8.8214,7.025768,7.7747874,6.528694,6.786084,7.2992463,7.6870766,6.832862,5.83802,6.4477687,5.70409,6.701141,7.951177,7.4534073,7.815892,7.827561,3.919503,5.3148723,7.48967,5.4591684,4.265718,0.0,4.403431,2.5570052,4.7817445,4.2877817,3.7867272,5.058175,6.994565,7.0548215,6.6528773,6.8121195,6.9721894,6.293308,6.844796,7.572474,5.921272,6.6486163,6.250632,6.518813,6.100945,5.508241,5.6377463,6.097404,6.6764345,6.597591,5.8996897,5.919392,5.117666,5.4889064,4.419198,5.734539,8.150562,4.307361,8.093539,7.109075,7.5692725,7.3040657,8.4247055,7.862309,5.062287,5.0998545,5.470651,5.431884,5.664102,4.3652697,4.2488837,5.542003,5.7121634,7.514821,5.5913415,6.2108555,5.621495,6.0406256,4.872087,4.3081784,5.981506,6.3038974,7.2689304,6.178345,7.794722,8.2112875,6.3782578,6.352369,6.4088144,5.7122808,8.989966,7.910518,7.239814,7.0083013,7.2127194,7.4258175,7.2724495,7.2724495,7.461642,7.3655744,6.3008733,6.760639,5.2922263,5.444433,7.760221,7.241695,6.297031,6.229106,7.17822,7.526596,8.398061,8.733953,5.128903,6.8645053,6.6830206,6.38472,6.940398,6.5979385,6.054249,6.6569285,7.136063,7.516905,7.8239474,7.894044,7.3192067,7.0798903,7.473685,7.6958427
26,5.0183363,5.007186,7.0953636,5.2497387,7.677629,7.0170436,7.057949,5.730203,5.045294,5.968147,6.0302444,5.701791,4.5761557,4.847614,6.7345576,5.55367,6.7968483,6.8945413,6.883085,7.021133,3.4857728,5.2485833,6.48615,4.5593104,2.2086568,4.403431,0.0,2.158076,3.7669961,3.868458,2.6964893,3.9900901,5.861332,5.982455,5.427268,5.944087,5.55333,4.988961,5.498763,6.1656475,5.083806,5.8630967,5.114508,5.771615,5.5985126,5.1752734,5.267337,4.8799644,4.8534284,5.2189484,4.6467986,4.6038313,3.9273946,4.491417,2.9346027,4.746166,6.824546,1.505009,6.166802,6.62367,6.4861107,6.483347,7.6395164,6.6492248,3.639161,3.7213955,4.892469,4.5356894,5.371346,3.064062,3.3060684,4.477974,4.460107,6.0005937,4.8159285,5.32748,5.463063,5.4272285,4.829606,4.0405374,4.462172,4.95881,5.990889,5.003813,6.2312293,6.3734627,5.5458617,4.830996,5.333053,4.61091,6.599874,5.6463666,4.4827437,4.332888,5.364041,4.804035,5.266748,5.266748,5.6815515,5.420247,4.5854425,5.198805,3.6534545,3.77547,4.5822062,3.6455615,4.255787,4.205467,4.876353,5.7142744,6.031499,6.545342,4.3963203,5.9799924,6.22666,5.656533,6.092444,6.2398796,5.419576,5.9837937,6.3063054,6.146169,6.1315246,6.73913,6.487589,6.1092587,6.6080265,6.640348
27,4.7713346,4.7622137,6.9390097,5.0877843,8.076366,6.5895934,7.1176767,5.852286,5.4747887,6.3353715,6.5011535,6.032519,4.823099,5.108314,5.773782,5.761057,7.126681,6.8492517,7.0934825,7.085319,2.9960883,4.8452744,6.6919394,4.4954104,2.63836,2.5570052,2.158076,0.0,3.6866217,3.2377288,2.2347906,3.8227804,6.1151905,6.2715135,5.72101,5.9483433,6.1025615,5.338169,6.025128,6.6305623,5.3087745,6.008474,5.377497,5.7863283,5.4070053,4.8414135,4.93847,5.1243095,5.300264,5.409563,4.7309585,4.732338,3.9995754,4.601194,2.9784687,4.716371,7.1822014,2.4287276,6.864734,6.4130683,6.801249,6.5931916,7.7227807,6.819715,3.677067,3.7426872,4.6360373,4.5434976,5.2543297,2.9208722,3.0107198,4.3731403,4.6496015,6.4131203,4.556072,5.1192427,5.350114,5.5060263,4.8083873,3.9013808,4.875425,5.336815,6.454525,5.2124357,6.7007313,7.139314,5.5952144,5.2658396,5.5132766,4.7043495,7.6047854,6.5160503,5.577888,5.483197,5.7836947,5.6376657,5.707431,5.707431,6.1190424,5.8306885,5.041209,5.613147,4.0232387,4.2181454,6.057751,5.3705735,4.934442,4.8033814,5.646402,6.3300056,6.937642,7.401107,4.3043003,5.88049,6.0329494,5.5187,6.01958,6.2966995,5.1133547,5.80838,6.2176747,6.5055757,6.5729036,6.8253016,6.4476595,6.1774564,6.54352,6.75266
28,4.6203794,4.5934873,6.543726,4.389717,7.4560156,7.27162,6.8641396,5.527933,5.665962,6.472487,5.6293902,5.107966,4.1951075,4.5328794,5.0927978,4.8647103,6.861062,6.8110666,7.2885737,7.276899,2.1047328,4.20449,6.054442,3.0440834,3.1942227,4.7817445,3.7669961,3.6866217,0.0,3.4435859,2.991055,3.6115842,6.855772,7.026195,6.545158,7.009583,6.3181305,5.7727647,6.215732,6.8894324,5.5116205,6.199481,5.9936967,6.598782,6.113578,5.3367486,5.549468,5.2843847,5.389116,6.4619446,5.6684294,5.6847677,4.9778624,5.3393497,3.6140573,5.2965727,7.520007,3.7087884,7.1810503,6.8431225,7.1584044,7.071995,8.112961,7.622962,3.241412,3.1517377,4.333698,4.1808257,5.6081004,3.2384913,2.9421988,4.6769385,4.48477,6.6853704,4.657955,5.7703476,5.1687393,5.7768044,4.4124107,3.5258532,4.499994,4.512269,6.7489543,5.0739822,6.9897046,7.541209,5.719433,4.805424,5.549223,4.4009204,7.108586,5.587234,5.136947,4.5838575,5.680417,4.9194026,5.5235815,5.5235815,5.846127,5.4970946,5.3697476,5.697385,4.1752124,3.9704316,5.5366817,5.8162575,4.723052,4.9772363,4.9969454,6.2763553,6.359373,6.9942975,5.1197677,6.4669867,7.2066708,5.9905167,6.0015187,6.6160283,5.762078,6.1771836,6.679489,6.462755,6.6567745,7.1339297,7.1750813,7.271671,6.5607114,6.506392
29,5.7483735,5.7306223,7.3264275,5.833472,8.459195,6.2023077,7.517217,6.230712,6.0107756,7.0900755,7.0205884,7.044089,5.058932,5.3888063,6.3998046,6.141282,7.910411,7.602998,8.010311,8.129549,3.779009,5.4247875,7.149682,5.2850986,3.8052883,4.2877817,3.868458,3.2377288,3.4435859,0.0,2.6223462,4.122231,7.548818,7.5759964,7.194593,6.7103157,7.9693856,6.797282,7.89592,8.214897,6.606475,7.037926,6.756202,7.097223,5.799662,4.957992,5.2646217,5.2660656,6.8264594,6.729262,6.075015,6.1281476,5.380183,5.8273354,4.328421,5.6283693,8.14605,4.031542,7.604685,7.3458877,7.5231953,7.3892365,8.27291,7.8598633,4.5711412,4.525703,4.1365314,5.322556,6.5256133,4.5205436,3.965722,5.3668156,5.7144103,6.4899826,5.093862,5.988813,6.1573005,6.664944,5.6077533,4.738712,5.561601,5.6901507,7.6205525,5.899072,6.868057,8.395636,5.7353067,5.997279,7.004821,5.5018253,7.7720227,6.466962,6.0544834,5.9544435,6.571414,5.9384623,5.102663,5.102663,5.5291524,5.116992,5.102665,5.485909,5.277064,5.1554275,6.8596125,6.3159604,5.917823,5.979663,5.8841453,7.074787,6.3875856,7.069469,5.1533856,6.841087,7.554435,6.1437926,7.2492914,7.6167417,6.2945733,6.73923,6.276024,7.446707,7.537649,6.6663313,7.1574645,7.353181,7.4773893,7.4521184
30,4.7323265,4.714152,6.5139036,4.8694587,7.5182295,6.200573,6.6379457,5.512172,5.2573895,6.0111,6.3239803,5.729736,4.34079,4.59092,6.0040584,5.7387867,7.3149886,7.1191344,7.3817368,7.545587,2.5154648,4.877775,6.906,4.4052744,3.0601692,3.7867272,2.6964893,2.2347906,2.991055,2.6223462,0.0,3.1862404,6.732083,6.890965,6.3522305,6.660486,6.611082,5.96833,6.5372205,6.876238,5.615632,6.005994,5.9534516,6.553278,5.7786217,5.390556,5.3412166,5.3315935,5.0996532,5.910996,5.457515,5.431449,4.850303,5.2714453,3.46131,4.791485,7.4499526,2.9847136,7.2437415,6.8439946,7.1685424,7.028032,7.9641385,7.419348,3.181806,3.1671486,4.2646194,4.056063,5.417005,3.5180056,2.767633,4.2631125,4.6904716,6.540429,4.1582723,5.0245514,5.3110595,6.0044293,5.132575,3.875803,4.242772,4.600228,6.922683,4.7793493,6.818964,7.6473966,5.8465767,5.1833158,5.2588387,4.3970146,7.3960023,5.9389267,4.8868084,4.94897,5.3678865,4.8122435,5.293471,5.293471,5.703097,5.1370354,5.0578465,5.5102267,3.9947631,3.6745117,5.953853,5.1994224,5.1223736,5.1239367,5.051121,6.188646,6.540104,7.3235846,3.9581144,5.639928,6.6525307,5.1099343,6.177083,6.6901994,4.735209,5.4949965,6.4320765,6.6238885,6.7185616,6.7090797,5.8384585,6.015566,6.2030735,6.476094
31,5.0261436,5.0051594,7.1479974,5.4334307,6.8547735,6.703105,6.180539,4.894589,3.89001,5.849482,5.4925823,6.3496833,4.867437,5.269887,5.8284383,5.1590724,7.611124,7.2476783,6.8926225,7.519583,3.4288282,4.338297,6.234985,3.7430372,3.4794157,5.058175,3.9900901,3.8227804,3.6115842,4.122231,3.1862404,0.0,7.0918674,7.2188044,6.879254,7.0907784,7.1004896,6.454397,6.8961854,6.1014967,5.5088253,4.8916297,6.5322757,7.096669,6.2599273,5.7541633,5.88525,5.8645015,4.876781,5.188327,5.685702,5.698874,5.03011,5.498578,3.857028,5.5807037,7.166753,3.9594555,7.3119097,6.672532,6.539537,6.3861113,7.9294043,7.527256,1.9280831,1.9454278,3.272804,3.316944,4.7213764,3.294234,3.1568637,3.6435463,3.2068896,5.336001,3.5812566,4.1757326,5.6537337,5.9958234,5.399559,3.8722544,2.724551,3.496183,6.5670586,3.2864172,5.654658,7.2505364,5.7715526,4.308599,4.5654044,3.4241853,5.9666505,5.849638,3.9893806,4.916636,4.290194,4.3947535,4.9278235,4.9278235,6.099358,4.9216866,3.721993,4.393658,3.354826,2.8171494,5.768374,6.0048566,5.1777654,4.9356565,4.0667744,5.5355434,6.195902,6.9325023,5.734269,4.637683,7.176809,4.755404,5.2239,7.018903,4.3519406,4.915751,6.6979938,6.677086,6.5063806,6.8097496,5.9681945,6.079022,6.635327,6.3565035
