,0,1,2,3,4,5,6,7,8,9,10,11,12,13,14,15,16,17,18,19,20,21,22,23,24,25,26,27,28,29,30,31,32,33,34,35,36,37,38,39,40,41,42,43,44,45,46,47,48,49,50,51,52,53,54,55,56,57,58,59,60,61,62,63,64,65,66,67,68,69,70,71,72,73,74,75,76,77,78,79,80,81,82,83,84,85,86,87,88,89,90,91,92,93,94,95,96,97,98,99,100,101,102,103,104,105,106,107,108,109,110,111,112,113,114,115,116,117,118,119,120,121,122,123,124,125,126,127
0,0.0,4.5873094,6.7053747,6.8537836,7.238788,8.1505575,6.790718,6.94791,7.052395,8.595226,8.179537,9.597198,7.88893,7.4336543,8.923619,8.091633,7.8029137,7.005322,7.3463697,7.9364505,7.447713,8.954023,8.069608,7.2626634,7.8557544,3.548247,7.9128876,7.862159,6.444636,6.770495,6.5349646,6.3215265,7.5935707,5.682197,8.349839,6.373514,6.9998245,6.8095765,7.303616,7.405639,7.333193,6.912616,8.2576475,8.531576,8.4771,7.8639774,8.884511,6.916455,8.467187,8.725491,7.777362,8.166684,6.095887,7.7283783,7.840018,7.455658,6.8633986,8.261143,7.9790096,6.1286726,5.869456,6.8152833,6.7664137,7.311906,6.512414,7.243962,6.6128798,6.175281,5.627824,4.8781247,4.3574114,4.656583,8.250823,7.3914604,7.00199,7.855194,7.1330748,6.766542,8.057811,8.093236,6.6944513,6.6104865,6.3289437,8.2012,6.5447335,9.505798,7.737975,5.4321237,9.283524,9.184496,6.558261,8.511499,7.8914237,7.4547873,7.714699,7.968676,6.5026145,8.706069,7.376884,8.4333515,8.150916,9.828736,8.935077,8.349822,7.505472,8.411968,8.448299,8.788457,7.017705,8.025308,7.8839884,8.090017,7.7656436,8.396588,7.9980545,8.442066,6.776422,7.870035,7.8854184,8.758155,8.433932,7.161171,5.184638,5.733442,7.7924123,7.6751065,6.6099877,7.7058544
1,4.5873094,0.0,5.1477695,5.251978,7.773062,6.839605,5.0668,5.286257,4.9599032,6.983554,6.908881,8.199367,5.9831457,5.4048862,6.865212,6.125575,6.4913306,5.5901003,5.9733696,6.492588,5.8478127,7.8157945,6.6234527,5.744313,6.173316,5.8283677,6.0717454,6.0312567,5.1847224,5.2208447,5.189496,5.029588,5.4701614,4.263982,7.171407,4.8118668,5.5431886,5.3378477,6.1646833,6.1542387,7.426115,5.488025,6.93085,6.7483983,6.5828495,5.87469,7.397361,5.7400064,7.1127634,7.5852046,6.369319,6.8185234,7.6766567,7.1484003,6.4987845,6.7333136,5.429967,7.0231266,6.853893,6.513315,4.8712897,6.0315657,5.890932,6.138352,7.849715,8.893734,8.386141,8.044136,7.444516,7.128945,6.5860004,6.6487317,7.002498,8.456986,7.7529974,8.83156,8.068936,7.8448215,7.3602505,7.2811313,6.813369,6.5990067,6.804111,7.984558,7.414557,8.768549,7.116402,6.264431,8.438111,8.319602,7.3288245,7.622952,8.229434,8.015516,8.4416065,8.257845,7.945342,7.523742,8.648367,7.5078087,9.19751,10.909586,7.5004478,7.373093,6.2966638,7.343488,7.571684,7.9223585,6.5424867,7.012983,6.779187,7.0447454,6.793501,7.351008,6.7474785,7.406544,5.2361493,6.841965,6.602467,7.3622823,6.911533,6.136274,7.0366535,7.818921,6.672006,6.557211,5.5522466,6.738096
2,6.7053747,5.1477695,0.0,1.7707326,6.751747,5.6598916,2.5505967,2.1671546,2.689419,5.395418,5.701111,7.527037,4.2021017,3.0275738,5.691011,4.367588,6.8703594,4.634665,3.7171113,3.7212594,6.448927,6.545975,5.1726985,5.7526107,4.2025704,5.991446,4.2829857,3.5151875,2.880641,5.7550263,2.9146705,2.5858407,5.298873,4.7095146,5.8371215,4.081989,3.7976325,4.030296,6.0439215,4.8841825,6.502546,5.436916,5.9862247,5.629053,5.6577597,5.780965,6.6919703,3.3929536,6.3091927,6.6939554,5.1491957,5.8888106,6.67652,6.3151274,5.176522,5.3818,3.5652359,6.1502724,4.798243,5.155796,5.810796,6.9877453,4.512816,5.114071,6.3144913,7.0069084,6.5715785,6.1732583,7.7572246,7.6418357,7.7396317,7.337203,4.537946,6.6750655,5.9818335,7.174935,6.4315743,6.0661244,5.1660566,5.4927845,3.4609048,3.3568754,3.8363097,6.773634,6.75137,7.40938,5.1401777,5.573489,7.13955,7.031677,5.735077,5.931787,6.6397586,6.372466,6.8219337,6.6871357,8.181673,6.598855,7.873927,6.435779,7.861014,10.16282,6.7473755,6.434887,7.1602883,7.5016074,6.6439104,6.925574,8.115447,8.422583,7.337147,7.47572,4.846653,5.7848554,4.8652105,5.773112,5.2566457,5.2724724,4.945009,6.466285,5.3760047,4.091959,5.7468686,5.7566733,4.413114,4.2188444,2.9270713,4.512523
3,6.8537836,5.251978,1.7707326,0.0,6.6224093,5.442537,2.3799314,2.0160031,2.8871207,5.2145433,5.7564716,7.5275836,3.9862807,2.605633,5.7012925,4.1002216,6.785536,4.3956,3.8461273,2.8637822,6.570973,5.8961267,4.3690515,5.0457044,4.5918674,6.174894,3.899985,3.6264603,2.7230544,5.4462056,2.7067049,3.2663472,4.9849434,4.8341627,5.9200034,4.2046146,3.7891881,3.9850554,5.9452534,4.885657,6.292728,5.307504,6.0285997,5.3309703,5.754204,5.812772,6.932365,3.9922457,6.129794,6.468062,4.9344363,5.6984563,6.7840443,6.012697,4.1444273,4.424535,3.6880245,6.2592764,5.3734984,5.153737,6.035958,7.1738224,4.646988,5.2348332,6.5378575,7.2439394,6.8549185,6.5774064,8.009904,7.7959275,7.979142,7.3200927,4.0133834,6.177887,5.447643,6.5613384,5.9737496,5.573633,4.3839116,4.8583565,4.051452,3.9529603,3.986373,6.921629,6.6163936,6.8654003,5.435691,5.4918275,6.5617094,6.470472,6.0269046,5.3085275,6.9799085,6.662139,7.067047,6.559253,8.371529,6.372158,8.064377,6.584272,8.232723,9.707289,6.9440084,6.563503,7.381973,7.4160542,6.375981,6.5997424,8.19657,8.425096,7.0813456,7.2314467,4.549788,5.6105905,4.625384,5.471405,5.5066237,5.4178996,5.1384416,6.4486175,5.0267744,3.8048763,6.280971,6.0202613,4.947593,4.7508245,2.770782,4.3760386
4,7.238788,7.773062,6.751747,6.6224093,0.0,6.8076673,5.8836412,6.099239,6.44098,7.733099,8.278306,6.602025,6.0462894,6.610136,5.285415,6.081313,4.9272914,5.0779076,4.6216016,5.882283,5.338633,4.640223,7.1340246,6.369643,7.674601,6.0386224,5.6114206,7.328482,5.9913692,4.6000276,6.4397264,6.4854264,5.9980574,6.0373974,6.5187488,5.6493244,4.7453427,4.489022,6.376149,4.325487,7.598542,7.601882,7.5737023,8.126354,7.248013,8.734597,7.1873035,6.790197,6.714384,5.7304263,7.12013,6.444501,5.8757377,6.0624356,5.5514617,5.023521,7.5048747,6.938564,7.504604,5.630452,5.2220798,5.278882,5.5617514,4.0895495,5.7329226,6.5877037,5.8969917,5.764182,7.4672637,8.453478,6.472412,6.784554,7.631546,6.434328,5.6644936,7.0745316,5.705014,5.823479,8.143757,6.808743,6.646808,6.5161357,6.4931445,7.327177,6.703759,7.7632413,4.123758,5.292468,4.949321,4.954674,4.613408,5.77906,3.101165,3.0568361,3.2072806,3.311359,4.015926,4.4913526,3.355779,4.183955,4.3256793,6.938657,4.4897556,4.4862933,4.7615776,4.550824,4.1647844,4.6512213,5.6226482,6.978384,4.853838,4.982517,5.265723,3.9349113,4.177481,5.6287966,4.4624786,5.7783594,5.2541256,6.074578,5.8498254,7.0000863,5.912415,5.9091387,6.1206956,6.0737,6.3703446,6.081563
5,8.1505575,6.839605,5.6598916,5.442537,6.8076673,0.0,5.115738,5.3513055,5.603097,2.8098145,3.7114697,4.8069468,5.7990904,5.463034,6.5633264,5.608671,6.9117737,5.754842,5.246951,5.487715,7.189943,6.552791,6.3820486,6.4041467,7.065338,7.7694025,5.561748,6.134252,5.2907786,6.1494684,5.4314694,5.602261,6.65642,6.234015,3.2079144,6.222915,5.547667,5.5470333,7.4628487,6.027824,8.242631,7.823626,7.5492835,7.494501,7.3543,8.059688,4.411141,6.4138017,3.492436,3.4625757,2.1797452,2.697666,8.317437,3.4155629,5.882399,6.073703,6.8085685,6.8207197,7.701804,7.1851134,7.122567,7.843701,3.7981758,6.6779222,8.157391,8.775394,8.369713,8.190949,9.308321,9.638206,8.652466,8.644782,6.494656,8.103411,7.1994505,8.607019,7.462292,7.293593,7.4304924,6.8489966,5.094523,5.2447605,6.7898645,8.372238,8.535306,5.2325397,6.73437,7.169904,7.3687267,7.286989,7.4978113,6.879767,7.42537,7.4954524,7.8500767,7.5216455,8.666243,6.8667984,8.411896,7.050177,8.652755,8.175469,6.993591,7.096567,7.233012,7.2138543,6.9363737,7.3445683,8.443983,8.805293,7.496578,7.6194263,6.465481,6.5420375,6.0441213,7.175638,6.234083,7.090989,6.596657,7.748652,6.1984715,5.8287134,7.768272,7.7239313,6.3672695,6.25407,5.4727554,6.4252315
6,6.790718,5.0668,2.5505967,2.3799314,5.8836412,5.115738,0.0,1.4011673,2.9934018,5.016409,5.176063,6.5557346,2.8033662,1.8803682,4.8576927,2.8107932,5.682442,3.7447438,3.4630508,2.8185346,5.224236,4.857931,3.9907584,4.304058,4.1039124,5.9183154,2.7851202,2.359321,1.5835869,4.245028,1.8237092,2.1937194,4.878129,4.010789,5.622518,4.382184,3.3616214,3.4452145,5.852116,4.4212604,6.1514025,4.960006,6.3424945,5.1176143,5.1537905,5.7000017,6.0933785,3.9852114,5.37617,5.813255,4.60988,4.978684,6.847153,5.7557287,3.8994546,4.181815,4.6000657,6.368117,5.2121677,5.3340373,5.677597,6.8284655,4.4202313,4.7916565,6.4028263,6.769727,6.6936707,6.297255,7.3040423,7.863798,7.076962,7.0805464,4.087236,6.099925,5.199439,6.614594,5.6738124,5.529245,4.945675,4.8104672,4.1697702,3.9863698,4.2029223,7.028925,6.353713,6.558253,4.8098536,5.0539403,6.1907887,6.0270658,6.2174716,5.4697275,6.421363,6.2556705,6.6367073,6.2914433,7.4824038,5.5630546,7.315269,5.644789,7.2453737,9.311757,5.9701586,5.7882705,6.218172,6.0820103,5.5237904,6.152992,7.2901244,7.4023113,6.2342005,6.354494,5.046177,5.2692485,4.352422,5.4564567,4.3328214,4.9843106,4.697491,5.9974403,5.1926613,4.312637,5.9321465,5.7317142,4.0255036,3.8585358,2.2742648,3.9681668
7,6.94791,5.286257,2.1671546,2.0160031,6.099239,5.3513055,1.4011673,0.0,3.3907948,5.193964,5.4084964,6.777834,3.2024543,2.4223714,5.1401744,3.2143428,5.880175,3.6257596,3.7914698,2.3421912,5.4309855,5.0494213,4.2211957,4.55189,4.4229746,6.140904,3.213345,2.8746545,2.183218,4.5203066,2.35708,2.7080395,4.68277,4.2820354,5.8638735,3.9670548,3.7016907,3.7864325,6.0828223,4.734481,6.349029,5.1762047,6.5291586,5.344538,5.402927,5.9072933,6.3406224,3.6792474,5.604147,6.0373034,4.8733816,5.2771072,7.028018,5.958346,4.1526966,4.3976736,4.367866,6.2174435,5.042831,5.5781884,5.353772,6.5842447,4.728789,4.6199756,6.1317835,6.516447,6.404739,6.0082016,7.076481,7.626394,7.2467437,6.8180156,3.592645,5.804835,4.8132005,6.322616,5.309982,5.1683807,4.494666,4.3605523,3.7821896,3.5313458,3.7675455,6.7920394,6.0635657,6.268767,4.4823585,4.6889234,5.979514,5.810085,5.9597735,5.17335,6.189148,6.023574,6.438846,6.051744,7.7160854,5.8262525,7.5498595,5.9341106,7.4980516,9.474414,6.2575254,6.067561,6.46682,6.317545,5.7931013,6.0304427,7.5107813,7.611618,6.4552794,6.5760937,4.7093554,5.024278,4.0982695,5.3667984,4.6264133,5.242413,4.502936,6.2115564,5.4134493,4.538873,6.148595,5.929611,3.7794173,3.6003337,2.722348,3.617088
8,7.052395,4.9599032,2.689419,2.8871207,6.44098,5.603097,2.9934018,3.3907948,0.0,4.973771,5.694577,6.6583104,3.6150653,2.9465294,4.738415,3.9866018,6.4892893,5.386296,3.3834105,4.3802896,6.050503,6.040833,5.2508755,5.4744267,4.270252,6.6314116,3.711224,4.1881943,3.3257673,5.52272,3.5700681,3.2298777,5.1703477,3.9740827,5.4793835,4.589923,3.2915802,3.4095647,5.6111765,4.312156,6.537999,5.223682,5.208936,5.213564,4.939196,5.515756,5.8348756,3.575894,5.4410477,6.028825,5.086431,5.341183,6.5020094,5.7872167,4.8494945,5.197981,3.4730296,5.4208045,5.0874376,5.0441403,5.691265,6.7052674,4.3644776,4.7059474,7.061938,8.152937,7.496203,7.171839,8.969881,8.736142,8.332661,8.491032,5.1304054,7.1603723,6.6489096,7.532996,7.064382,6.862635,5.9777594,5.8642592,5.04869,4.8353987,5.0606055,6.3656797,7.1257415,7.4738984,5.335966,6.3065624,6.85199,6.8473887,6.3072524,6.206265,6.8443575,6.497957,6.8815827,6.604097,8.198839,5.6766663,7.337578,5.613731,7.9795947,9.835321,6.090222,5.7135043,6.7594733,7.042741,5.8411613,6.2189,7.667583,8.022332,6.6528196,6.7622423,5.0668287,5.495212,4.5521526,5.1515484,4.7749076,4.567519,4.227408,5.14778,5.338523,4.4843187,6.1995487,6.818485,5.017834,4.8652935,3.5996914,5.012384
9,8.595226,6.983554,5.395418,5.2145433,7.733099,2.8098145,5.016409,5.193964,4.973771,0.0,2.7158074,4.382364,5.4381704,4.984921,6.5628705,5.4799576,7.614526,6.637643,5.86473,5.7129855,7.598592,6.619314,6.0827065,6.2090435,6.0512624,8.211471,5.310296,5.399755,5.2703323,6.6992707,5.3763185,5.491535,6.7524114,6.222421,3.8119698,6.5909595,5.8493557,5.9027424,7.55195,6.506925,8.08761,7.5860987,7.0628996,7.02242,7.2408175,7.729242,4.437011,6.074258,3.1220598,4.0895414,2.7987356,3.245627,8.23533,3.5085278,5.9854736,6.2703996,5.872997,6.1914344,6.4979777,7.128687,7.452491,8.232817,4.328248,6.8916273,8.641262,8.82914,8.967469,8.599129,9.673523,9.984986,9.572478,9.366278,5.58192,7.6934566,7.1780505,8.09563,7.5016103,7.312784,6.589098,6.3988094,5.30085,5.341404,6.34664,7.2528415,8.307063,5.1090426,6.999272,7.687784,7.4267907,7.40629,7.7926593,6.7499423,8.091004,7.86717,8.202885,7.772333,9.405722,6.9248843,8.71026,7.2689896,8.941021,8.28292,7.60834,7.370129,8.135248,7.9922566,6.9541125,7.234784,9.071809,8.604051,7.9539576,7.998055,6.5769124,6.859811,6.1513586,6.7607083,6.6251154,6.5330467,6.273505,7.196955,6.7327576,6.1723986,7.8833995,8.342898,6.6267447,6.5234466,5.507333,6.4399095
10,8.179537,6.908881,5.701111,5.7564716,8.278306,3.7114697,5.176063,5.4084964,5.694577,2.7158074,0.0,5.272621,6.1865873,5.47661,7.802526,6.230512,7.9504747,6.5035667,6.251735,6.0961175,7.639749,7.320112,6.2848864,6.8817983,6.2369766,8.276127,6.111258,5.275101,4.8708034,6.811614,4.8021474,4.817997,7.4739795,5.9870315,4.1829696,6.5737176,6.110874,6.216005,7.525311,6.744491,8.311593,7.687387,7.7009134,7.361026,7.977259,7.831344,5.231193,5.818295,4.1106176,4.9214315,2.9900355,4.107723,8.437977,4.126347,6.331543,6.5663033,6.366238,7.239245,6.615641,7.4494424,7.7234626,8.557845,4.6782646,7.83817,9.0733185,8.805336,9.013158,8.509707,9.089224,9.317754,9.047864,8.986803,5.27961,7.818287,7.241567,8.132676,7.6095595,7.4557295,6.271276,6.6813407,4.8010783,4.9216847,6.0440745,7.3291817,8.223148,5.5115414,7.3848605,7.4575562,8.043567,7.8883395,8.075671,7.049902,8.589177,8.349702,8.651173,8.3843155,9.471859,7.4426246,9.056621,7.6710815,9.243962,8.832041,8.428275,7.8524857,8.1741085,7.9437947,7.4283705,7.813579,9.011447,8.55334,8.2203,8.253522,6.9593005,7.5229993,6.94266,7.475448,6.822463,7.0424895,6.943172,8.117249,7.98514,6.6138554,7.970697,8.137564,6.7065454,6.579688,5.076024,6.713843
11,9.597198,8.199367,7.527037,7.5275836,6.602025,4.8069468,6.5557346,6.777834,6.6583104,4.382364,5.272621,0.0,5.973434,6.816387,5.749405,6.196154,5.8688154,6.891507,6.5616984,7.2530584,6.091071,5.4093833,7.5573874,6.35581,7.091508,9.163808,5.549768,7.0258503,6.741828,5.7547026,7.1554,7.142397,6.859786,6.3471537,4.618398,7.0719852,6.279349,6.003959,7.481954,6.276875,9.255118,8.484348,7.9270873,8.148726,7.3820796,8.874594,3.9173968,7.1323953,3.0641086,2.6048274,5.1438766,3.515013,8.657596,4.273075,6.647531,6.8080378,7.557053,5.8243527,7.1384377,7.956861,6.550577,6.7709603,5.5715733,6.0275292,8.943854,9.063071,9.3573885,8.906357,9.605436,10.695624,9.3809395,9.8338995,7.256398,7.9651217,7.5464063,8.381389,7.7441745,7.931633,8.159989,6.7578244,7.3341303,7.315918,8.137193,7.7248707,8.029273,5.1704698,5.943509,7.7812724,5.9239445,5.966848,7.9758344,6.967304,6.87402,6.6189075,6.7535763,6.333212,7.856929,4.9861345,7.1924453,5.287287,7.6334476,6.9772444,6.0436153,5.8581676,6.3736124,6.1872544,5.066121,5.387354,7.097064,6.636384,5.936846,5.8628936,6.8981113,5.5467024,5.405246,5.981355,5.4274206,5.93002,5.495037,6.1394978,7.4814157,8.087835,8.945054,9.486349,6.8708897,6.8985972,7.267358,6.827584
12,7.88893,5.9831457,4.2021017,3.9862807,6.0462894,5.7990904,2.8033662,3.2024543,3.6150653,5.4381704,6.1865873,5.973434,0.0,2.390769,3.7325773,1.2832791,5.385104,4.991758,4.422792,4.28614,4.8810396,4.2050805,5.0209365,3.8214788,4.5172915,7.032012,1.4974477,3.8518171,3.3929393,4.415196,3.9458573,4.2287297,5.547151,4.125075,6.4779024,5.5999117,4.3733635,4.107114,6.6802216,5.209229,7.347681,6.0075207,6.8596807,5.9337053,4.8134522,6.5923743,5.827995,4.765232,5.1392207,5.6919017,5.7362585,4.9712634,7.982383,6.6322837,4.9953556,5.363895,5.4506593,5.712355,5.94718,6.42693,5.761649,6.8045015,5.68436,4.6626306,7.02052,7.5541997,7.522074,7.2241035,8.381674,9.3183,8.0556135,8.650738,5.38414,6.506527,5.777441,7.0271816,6.181485,6.194325,6.1554117,4.8647366,5.787591,5.6398997,6.02145,8.078007,6.597683,6.3199835,4.916758,5.836113,6.0700836,6.076381,7.403586,6.6101274,6.6194215,6.4119897,6.568783,6.0922184,7.821287,5.0809093,7.4726977,5.2985034,7.5004897,9.417572,5.867519,5.604508,6.2955117,6.228051,5.168045,5.8351927,7.1688523,7.2805376,5.862564,5.8673587,5.9357653,5.117276,4.3005695,5.289914,4.4296274,4.870934,4.4563713,5.6958723,5.519196,5.161374,7.3152757,7.12824,3.9134462,3.8658934,4.2513156,3.7929437
13,7.4336543,5.4048862,3.0275738,2.605633,6.610136,5.463034,1.8803682,2.4223714,2.9465294,4.984921,5.47661,6.816387,2.390769,0.0,4.52229,2.4886892,6.606725,4.501652,3.8098898,3.4504223,5.713146,5.1982756,4.37017,4.724561,3.8125951,6.5008054,2.9135158,2.6044111,2.6174927,4.905265,2.6836097,3.2094796,5.3392577,4.770277,5.931381,4.904832,3.817853,3.9229765,6.071551,4.8473287,6.758969,5.534035,6.273245,5.460104,5.514474,5.9047775,6.4844127,4.622098,5.7414794,6.154233,4.9955153,5.4290605,7.5751567,6.239413,4.4086576,4.861742,4.5965834,6.356478,5.3138394,5.7012334,6.405049,7.4087806,4.899137,5.4791737,7.5423303,7.912635,7.9011974,7.5415382,8.530485,8.850101,8.349691,8.257273,4.743292,6.887928,6.1898813,7.35608,6.7081747,6.4568477,5.3575044,5.50221,5.0322213,4.8861556,5.218393,7.560934,7.2564726,7.0789247,5.7245755,6.2941856,6.7457848,6.6644187,6.8332725,5.9610605,7.2703195,7.0244045,7.308349,6.821961,8.339971,5.993006,8.108496,6.233778,8.022354,9.828194,6.5655327,6.3154683,7.0351057,6.986576,6.0231767,6.760988,7.85942,7.8724537,6.745194,6.772412,5.244433,5.8141265,4.9647555,5.74377,5.128105,5.2235346,5.3932276,6.320533,4.9901867,4.6237574,6.8780875,6.701807,4.8392844,4.675021,3.2802358,4.7126575
14,8.923619,6.865212,5.691011,5.7012925,5.285415,6.5633264,4.8576927,5.1401744,4.738415,6.5628705,7.802526,5.749405,3.7325773,4.52229,0.0,4.0052915,5.4857035,5.2963786,4.2388673,5.627324,4.377861,4.5632496,6.7477007,5.7791615,5.381046,7.541528,3.8273146,5.6479144,5.7241445,4.502166,6.116716,6.1151476,4.885456,5.9054856,6.1687355,5.347553,4.133367,3.9011266,5.9323335,4.246228,7.923502,6.6223707,6.5638704,6.6890264,5.3849874,7.0573964,6.1185837,6.4046535,6.0519013,5.5159807,6.585624,5.8563256,7.889874,6.7053084,5.636696,5.9557815,6.1581078,5.6806283,6.1021695,6.293331,5.5809608,5.879265,5.5862823,3.598707,7.910261,8.930982,8.684565,8.410693,9.533193,10.216707,9.002778,9.277197,7.498084,8.215224,7.6727715,8.787147,8.020156,8.043254,8.052041,7.0387483,7.4405475,7.2091975,7.7227836,8.149581,8.027899,8.13359,4.7330494,7.351868,5.8089547,5.8777256,6.572674,6.438256,5.8601832,5.666453,5.887408,5.456228,7.0434785,4.431528,6.722691,4.310323,6.8144927,9.258661,3.992329,4.600492,5.5159574,5.8751645,4.657618,5.501818,6.306893,6.8818293,5.104401,5.097811,5.3231325,4.3222847,4.03028,4.96507,4.029182,4.6125994,4.565368,4.5747676,4.5814433,6.9869175,7.913782,8.330819,5.874953,5.860647,6.388523,6.024307
15,8.091633,6.125575,4.367588,4.1002216,6.081313,5.608671,2.8107932,3.2143428,3.9866018,5.4799576,6.230512,6.196154,1.2832791,2.4886892,4.0052915,0.0,5.437046,4.7902617,4.315153,3.902759,5.250469,4.150556,4.893846,3.943663,5.312297,7.289767,2.0626013,3.9206467,3.5686255,4.547625,4.032393,4.3399334,5.765244,4.674766,6.6944904,5.852478,4.7824388,4.6054597,7.3288293,5.529668,7.8507338,6.6782336,7.410456,6.5463142,5.3457847,7.1808352,6.125941,5.197065,5.3959208,5.956671,5.829648,5.2278686,8.527807,6.775976,5.0516686,5.4422483,6.1859407,6.5368357,6.6026897,7.057783,6.12208,7.1797085,5.9587092,5.0789347,7.316498,7.7319317,7.758501,7.467276,8.535294,9.806579,8.207951,8.592956,5.33391,7.004669,5.9394007,7.573474,6.261601,6.248092,6.6213875,5.1306076,5.864872,5.701334,6.1199756,8.269842,7.3409333,6.447064,5.2857294,6.060462,6.1833286,6.1690383,7.56244,6.5825963,6.5651393,6.693291,6.9124556,6.436882,8.168317,5.512332,7.847917,5.811166,7.784917,9.889822,5.734287,6.008185,6.2614775,6.120636,5.584298,6.220183,7.565288,7.5986643,6.329041,6.287698,6.161592,5.3855104,4.6275067,6.0679646,4.732992,5.7844534,5.1241426,6.5450444,5.316309,5.017763,7.4171724,7.303611,3.699842,3.6144824,4.3007736,4.1305857
16,7.8029137,6.4913306,6.8703594,6.785536,4.9272914,6.9117737,5.682442,5.880175,6.4892893,7.614526,7.9504747,5.8688154,5.385104,6.606725,5.4857035,5.437046,0.0,4.679089,5.757197,6.356538,3.9936743,4.1848345,6.9528384,4.226187,7.354313,7.837831,4.524014,6.8109603,5.732685,2.9442146,6.271015,6.4058332,5.6397104,4.610709,7.345518,5.822352,5.549621,4.981427,6.8192873,5.3752193,9.076519,7.630644,8.280538,8.147575,6.659018,8.565904,6.9333253,6.6372576,6.36679,5.817506,7.3504686,6.021076,8.298794,7.0758386,5.8100333,5.8771405,7.689174,6.7051177,7.6697645,7.6090226,4.147299,4.647157,6.734163,4.305086,7.005322,7.4293785,7.49366,7.204528,7.0647173,8.981769,6.5019107,7.3451657,6.981123,7.1310043,6.1195617,7.5688252,6.178538,6.4634633,7.8420515,5.3736744,7.601464,7.5485973,7.576988,8.345302,6.453951,6.816555,4.3192806,5.318174,4.4984455,4.4285483,7.265419,6.292469,5.2311125,5.3671956,5.580905,5.242799,5.715872,3.6837628,6.3268905,4.016237,6.5829883,8.710192,4.3225927,4.5254407,2.8472314,3.2704318,3.7316022,4.1069927,4.423268,4.725995,3.3094347,3.5673327,6.358807,4.0567465,4.0281243,5.6139064,2.898823,5.74183,4.822262,6.15293,6.3969693,6.553987,8.110818,8.1454115,5.048783,5.123485,6.1679373,5.056595
17,7.005322,5.5901003,4.634665,4.3956,5.0779076,5.754842,3.7447438,3.6257596,5.386296,6.637643,6.5035667,6.891507,4.991758,4.501652,5.2963786,4.7902617,4.679089,0.0,3.570967,3.6296375,4.477014,4.709089,5.510513,5.2629414,5.927529,6.5214334,4.5593987,4.701233,3.7888875,2.8908708,3.7828124,4.3313675,4.583009,5.1550884,5.841984,3.0721161,3.5833719,3.546559,5.1968255,3.630003,7.8695025,6.586653,7.262334,7.115316,7.0949306,7.328955,7.4687138,5.607378,6.7419157,5.9051156,5.6739297,6.0993505,7.574029,6.1548915,4.1528707,4.347574,6.1401944,7.1773067,6.15727,6.0427604,4.9072995,5.494856,4.894923,4.905333,7.192387,7.35855,7.2917023,6.987559,6.912978,7.7467246,6.8850193,6.1120334,5.2852654,7.0271664,5.825138,7.5000434,6.222072,6.0885344,5.882995,5.55731,5.353441,5.2847667,5.6234016,7.416816,7.0061345,7.1880674,4.479157,5.1634674,5.0622787,4.7555695,5.323502,4.070187,5.4539614,5.537182,5.9436555,5.5448256,6.424054,4.9445176,7.204845,5.2208867,6.9389296,9.173211,5.2516804,5.255019,4.4650946,4.430365,4.910901,5.47444,5.7948055,6.2475686,4.8919086,5.1002216,3.7396796,4.121365,3.9896832,5.6809807,3.7474535,5.752748,5.5398746,6.87868,4.7914605,5.3979363,7.179319,6.6760693,4.952471,4.8168306,4.0982356,4.9562635
18,7.3463697,5.9733696,3.7171113,3.8461273,4.6216016,5.246951,3.4630508,3.7914698,3.3834105,5.86473,6.251735,6.5616984,4.422792,3.8098898,4.2388673,4.315153,5.757197,3.570967,0.0,3.7929935,5.4462814,5.2306395,5.788977,6.219193,5.572018,6.5591893,4.3464246,4.7690983,3.6320155,4.642192,3.8253,3.6876807,5.2378325,4.9955077,4.8462768,3.73207,2.3877199,2.6897273,5.2547975,2.64687,7.4335046,6.499421,6.3353124,6.654327,6.138264,6.9103975,6.429786,4.713615,6.045949,5.4613132,5.158535,5.5736256,6.681769,5.546282,4.454888,4.6485143,5.362501,6.7059126,6.045177,5.240538,5.5951495,6.2607903,3.9876652,4.4551806,7.0313606,7.980966,7.1745,6.893118,8.703754,8.874489,7.894686,7.7780356,5.7456465,7.5813675,6.604663,8.072805,6.9775276,6.75696,6.7505445,6.377405,4.857307,4.7214913,5.450381,6.8111076,7.756548,7.7248635,4.340029,6.038325,5.8237247,5.7331204,4.856721,5.0380187,5.076457,5.166072,5.5686827,5.408778,6.9318433,4.8101363,6.366872,4.5624976,6.786796,9.380771,4.3739986,4.541626,5.260491,5.572788,4.961302,5.663533,6.6983504,7.6933174,5.735052,5.8113785,3.5876226,4.161017,3.7834578,5.314558,3.9699183,4.966226,4.7381024,5.862228,4.356516,4.9680133,6.1468625,6.235724,4.7339735,4.5622673,3.7251575,5.2596626
19,7.9364505,6.492588,3.7212594,2.8637822,5.882283,5.487715,2.8185346,2.3421912,4.3802896,5.7129855,6.0961175,7.2530584,4.28614,3.4504223,5.627324,3.902759,6.356538,3.6296375,3.7929935,0.0,6.183597,4.7500916,4.46266,5.3354406,6.106846,7.1181464,4.1008387,4.321007,3.3937361,4.9917545,3.3795576,4.081634,5.1003876,5.5108304,6.149258,4.493324,4.1271186,4.3517346,6.6633663,4.874644,7.057866,6.296571,7.1641345,6.239432,6.580556,7.099091,7.11103,4.9245653,6.113027,6.2640147,5.263979,5.863905,7.5638146,5.962773,3.6603,3.918271,5.5742097,7.196401,6.359731,6.22618,6.2334294,7.192276,5.1915703,5.26392,6.919994,7.411175,7.049455,6.8223386,8.181682,8.681192,8.16149,7.2715583,3.7442126,6.325281,5.0685573,6.7548785,5.5067544,5.4463553,5.061893,4.9312186,4.6672688,4.375138,4.346384,6.9144893,7.1801934,6.4362674,5.143122,5.397307,5.548681,5.360331,6.181006,4.536421,6.256339,6.3645105,6.7996244,6.195564,8.3218775,6.0416737,7.890393,6.462575,8.125309,9.552548,6.433198,6.625801,6.874177,6.1279135,6.0077667,6.045989,8.232839,8.491587,6.8905334,6.952949,4.5961747,4.99666,4.265264,5.8683147,5.5238743,6.386382,5.3083286,6.920339,5.230675,4.8626523,6.9337068,6.6277504,4.8005366,4.5824075,3.5963316,4.6270394
20,7.447713,5.8478127,6.448927,6.570973,5.338633,7.189943,5.224236,5.4309855,6.050503,7.598592,7.639749,6.091071,4.8810396,5.713146,4.377861,5.250469,3.9936743,4.477014,5.4462814,6.183597,0.0,4.79977,7.073858,5.4978724,5.801125,6.8681636,4.618969,6.14626,5.4947996,2.66591,5.848234,5.825041,4.9424467,4.4742875,6.7082233,4.6516323,4.47435,4.0162697,5.1093674,4.4473557,7.720311,5.848858,7.070581,6.7928066,5.9091926,6.697198,6.3253474,5.9527426,6.3424573,5.7791924,6.8252378,6.06159,7.483211,6.9399467,5.6727967,5.830594,6.572954,5.8710127,6.1637044,6.3116693,3.8142488,4.0029535,5.867399,4.0671296,7.7437754,8.427569,8.215274,7.6236277,7.3206973,8.095032,6.6145577,7.495842,7.4039507,7.4711223,6.9793653,7.976119,7.3523173,7.63455,7.5541015,6.7013817,7.461475,7.2738137,7.5717316,8.292157,6.43245,7.8717136,4.578774,5.774175,5.635724,5.454536,6.873757,6.6532984,6.043699,5.6407967,5.758952,5.4499087,5.5111613,4.3713007,6.406878,4.239907,6.931236,9.081587,5.2742524,5.3698726,3.9876041,4.215817,4.5081353,5.3002005,3.6288145,5.091766,3.593373,3.3533964,5.989938,4.6674614,4.671348,5.0834804,2.8988876,5.0745225,4.6723995,5.2519774,6.336179,7.2863603,8.051418,8.084751,5.9040356,5.8813343,6.325594,6.148541
21,8.954023,7.8157945,6.545975,5.8961267,4.640223,6.552791,4.857931,5.0494213,6.040833,6.619314,7.320112,5.4093833,4.2050805,5.1982756,4.5632496,4.150556,4.1848345,4.709089,5.2306395,4.7500916,4.79977,0.0,5.490524,4.0071664,6.5774474,8.0358515,3.4217916,5.644573,5.1708446,3.6256647,5.6280227,6.274278,5.6110053,5.751138,6.9472833,6.1305223,5.1563697,4.888224,6.833024,5.156927,8.28305,7.459227,7.893265,7.343243,6.5304174,8.319376,6.872434,6.567556,5.7783318,5.247585,6.737366,5.7038736,8.011553,6.2949705,3.9667408,4.074164,7.293832,6.772819,7.01306,7.112178,5.951443,6.353731,6.5105443,4.72455,7.7061114,7.6001983,8.109309,7.6026683,8.250037,9.851474,8.234314,8.232527,5.685501,5.961416,5.1387725,6.365781,5.4463277,5.659334,6.469598,4.5970445,7.257773,7.16564,6.837295,7.756113,6.722563,6.027286,4.5558195,5.96075,2.8865077,2.9001155,7.039119,4.8324113,5.594829,5.475415,5.5161886,4.3572,6.77544,3.3319397,6.4243293,4.4066677,6.7577133,7.875787,4.9567,5.22195,5.5420322,4.6152797,3.142535,3.8163462,6.266939,6.0641727,4.4969687,4.1549015,5.489566,3.7713091,3.5315866,4.6363926,4.4396987,5.370379,4.9274035,5.8411274,5.6101136,6.4963737,8.216145,8.004509,5.501568,5.4767685,5.6954007,5.152379
22,8.069608,6.6234527,5.1726985,4.3690515,7.1340246,6.3820486,3.9907584,4.2211957,5.2508755,6.0827065,6.2848864,7.5573874,5.0209365,4.37017,6.7477007,4.893846,6.9528384,5.510513,5.788977,4.46266,7.073858,5.490524,0.0,4.6613355,6.0505066,7.5165243,4.6714516,4.5101514,4.15676,5.634765,4.150959,4.9504647,4.7866125,6.027186,7.152242,6.210183,5.5156994,5.563491,7.195112,6.194735,5.9609833,5.9274855,6.1907644,4.8370223,5.534631,5.9373746,7.216683,5.3103795,6.5735493,6.9994154,6.0514765,6.3978024,8.122371,6.6782866,3.321725,3.5394936,6.6654897,7.2364297,6.9316683,6.9801335,7.183448,7.901868,6.2522745,6.556138,8.275136,8.135795,8.406647,8.1152115,8.534578,9.237576,8.743691,8.193328,5.035724,6.8696,6.088514,7.10705,6.4779425,6.3067656,5.71083,5.7123475,6.405774,6.3756433,5.79337,7.8002567,7.590804,7.258204,7.010753,6.754223,6.91103,6.778724,7.8575535,6.0886307,8.210076,8.045444,8.341087,7.349059,9.095121,6.971201,8.850253,7.531133,8.918609,9.80945,7.8258405,7.5723524,8.035336,7.5198126,6.7871842,6.9881673,8.863936,8.316197,7.620719,7.7387004,6.5362773,6.9140553,6.112388,6.909742,6.6184464,6.960595,6.864024,7.740773,6.7468796,5.9045296,7.9027634,7.6890554,6.5118623,6.3737807,4.8547916,5.90032
23,7.2626634,5.744313,5.7526107,5.0457044,6.369643,6.4041467,4.304058,4.55189,5.4744267,6.2090435,6.8817983,6.35581,3.8214788,4.724561,5.7791615,3.943663,4.226187,5.2629414,6.219193,5.3354406,5.4978724,4.0071664,4.6613355,0.0,5.997393,7.1005487,3.0733886,5.10865,4.5398655,3.8865309,4.9975495,5.6981616,5.391075,4.5304885,7.6013427,6.341939,5.8565993,5.429515,7.240673,6.38299,7.729479,6.5581303,7.5980644,6.6978717,5.894595,7.4113426,6.984567,6.150489,5.8256764,6.258373,6.59678,5.619374,8.196021,6.8336215,4.732882,4.9175167,6.5303392,6.3453164,6.9906487,7.183741,5.5254693,6.514675,6.70842,5.302423,7.0312963,6.9560847,7.676692,7.341974,7.044635,8.696673,7.1798353,7.412234,5.3945055,5.6922092,4.9123335,6.0607076,5.1493115,5.137074,5.903698,3.7499747,6.9847064,6.957695,6.46207,8.2265835,5.8267365,5.835067,5.7766623,5.370839,5.4072785,5.4149733,7.9374757,6.239917,7.1631823,6.92957,7.117216,6.2902856,7.474761,5.2771516,7.761394,6.081346,7.7701592,8.710954,6.538909,6.2780957,6.158198,6.0475907,5.099587,5.4714437,6.7316546,5.8959136,5.4178166,5.5413957,6.6820426,5.6413503,4.868014,5.75639,4.828234,5.8187666,5.524177,6.5810494,6.11966,5.341582,7.79801,7.675406,5.272056,5.2725406,5.108219,4.3350873
24,7.8557544,6.173316,4.2025704,4.5918674,7.674601,7.065338,4.1039124,4.4229746,4.270252,6.0512624,6.2369766,7.091508,4.5172915,3.8125951,5.381046,5.312297,7.354313,5.927529,5.572018,6.106846,5.801125,6.5774474,6.0505066,5.997393,0.0,6.607406,4.455955,3.321954,4.336986,5.7437987,4.3686204,4.3344274,5.785341,5.5124383,6.257385,5.3364215,4.3741407,4.450514,4.930158,5.198406,6.502802,4.9632106,5.4702435,5.1636167,5.803649,5.1681924,6.945428,5.123804,6.7237797,6.7581697,6.0248804,6.34936,6.779038,6.8880095,5.7113533,6.007296,3.7558157,5.5521975,2.993048,4.8453536,6.678847,7.303344,5.160641,5.8736715,8.178221,8.136557,8.644137,7.946361,8.358853,8.081954,8.652541,8.787547,6.1311483,7.0404277,7.3031106,7.433248,7.9040585,7.650315,5.347537,6.50055,6.026525,6.053401,6.076197,7.612924,6.767053,8.334669,6.062363,7.24479,7.472347,7.3711963,6.951976,6.677695,8.1423235,7.2291255,7.4157825,7.102281,7.9662385,6.1722417,8.0776005,6.083245,7.677357,9.571827,7.459458,6.5528574,7.7610745,8.060698,6.1790504,7.158777,7.525963,7.207779,6.8259463,6.800927,5.789878,6.5227346,5.7885075,5.034261,5.430559,3.7255952,5.5003295,5.424891,6.1347475,6.185809,7.3444905,7.2524695,6.5439157,6.46521,4.860811,6.0951853
25,3.548247,5.8283677,5.991446,6.174894,6.0386224,7.7694025,5.9183154,6.140904,6.6314116,8.211471,8.276127,9.163808,7.032012,6.5008054,7.541528,7.289767,7.837831,6.5214334,6.5591893,7.1181464,6.8681636,8.0358515,7.5165243,7.1005487,6.607406,0.0,7.0841265,6.837219,6.062976,6.434868,6.178785,6.007685,6.89304,6.376393,7.682815,6.115726,6.085595,6.022663,6.6504197,6.5670652,5.661189,5.9142647,7.4876037,7.471879,7.5483584,7.0640645,8.370149,6.894311,8.157723,8.130139,7.2769165,7.6917305,4.6645503,7.2813997,7.0989366,6.583884,6.3057737,7.721782,6.892623,4.440629,6.2351093,6.982329,5.83922,6.2796655,5.498203,6.244967,5.877609,5.293664,5.5460553,4.9064784,4.644825,4.7453346,8.261178,6.578391,6.4979463,7.3067856,6.7404313,6.349763,7.674391,8.03425,6.121493,6.032695,5.788483,8.295107,6.248306,9.499077,6.8617935,5.4547553,8.714592,8.614717,5.358436,7.9170156,7.0080104,6.3724346,6.6074295,6.898882,5.3808527,8.1626215,6.2822876,7.698562,6.474036,8.794262,8.100817,7.7770166,7.683631,8.340588,7.825341,8.51528,7.1068554,8.2466545,7.686297,7.7987285,7.078024,7.7447634,7.2956586,7.524659,6.4516087,6.833955,7.309901,7.7166705,7.0896506,7.0203404,3.872232,3.9738016,7.570648,7.4547095,6.3355174,7.435635
26,7.9128876,6.0717454,4.2829857,3.899985,5.6114206,5.561748,2.7851202,3.213345,3.711224,5.310296,6.111258,5.549768,1.4974477,2.9135158,3.8273146,2.0626013,4.524014,4.5593987,4.3464246,4.1008387,4.618969,3.4217916,4.6714516,3.0733886,4.455955,7.0841265,0.0,3.8648539,3.2561893,3.8070397,3.826571,4.278271,5.0526576,3.9853497,6.1908007,5.369281,4.0096674,3.6911106,6.1951437,4.735021,7.2207522,5.8924036,6.4667096,5.733795,4.8129635,6.5930533,5.7691116,4.77025,4.9602995,5.2175546,5.559702,4.6581626,7.5948973,6.2061524,4.226235,4.604891,5.3429127,5.2966437,5.7110796,6.0913544,5.4748583,6.3668313,5.352056,4.259231,6.861198,7.2500424,7.3798122,7.054463,8.070895,9.0745735,7.831533,8.346875,5.0304627,6.0021234,5.3409567,6.4771833,5.746091,5.791906,5.6786284,4.1947885,5.8211074,5.7688913,5.8685927,7.7795463,6.1862254,5.8889165,4.5115266,5.591877,5.1589537,5.151134,7.1801777,5.8864985,6.334493,6.043606,6.222346,5.5970564,7.394962,4.2135277,7.1332927,4.679137,7.140083,8.773343,5.503426,5.176682,5.860686,5.6098075,4.292268,4.998856,6.7672033,6.711268,5.200821,5.2270722,5.550983,4.469757,3.5918264,4.5311956,3.9713497,4.3630652,4.034696,5.222991,5.001826,4.62064,7.3654137,7.066574,4.058447,4.0190983,4.009633,3.5519474
27,7.862159,6.0312567,3.5151875,3.6264603,7.328482,6.134252,2.359321,2.8746545,4.1881943,5.399755,5.275101,7.0258503,3.8518171,2.6044111,5.6479144,3.9206467,6.8109603,4.701233,4.7690983,4.321007,6.14626,5.644573,4.5101514,5.10865,3.321954,6.837219,3.8648539,0.0,2.8695188,5.2307277,2.7428648,3.0561547,5.8653455,5.4685903,6.334096,5.422963,4.6018186,4.791315,6.3798604,5.4608107,7.035112,5.836177,6.99628,5.787845,6.185916,6.205535,7.1146507,5.1255846,6.406686,6.7290297,5.434094,6.0494494,7.7577143,6.6175942,4.8271074,5.192296,5.181395,7.2876782,4.7274165,6.179566,7.0180902,8.009658,5.4305773,6.1979594,7.872421,7.354182,8.145946,7.5109763,7.7906337,8.595567,8.248934,7.966108,4.326721,6.853024,6.2650876,7.3062487,6.7840576,6.4953146,4.92848,5.510655,5.0461993,4.9988866,4.9825783,7.4256773,7.2455363,7.4484334,5.9013023,6.54074,6.9465294,6.76232,6.9696093,5.781112,7.612951,7.3280897,7.654063,7.2808924,8.356595,6.308666,8.380041,6.4607286,7.722658,9.9816475,6.8372564,6.5658274,7.2642536,7.2388034,6.2170367,7.118468,8.080648,7.376974,7.123438,7.1361833,5.702169,6.3786473,5.5538454,6.1425667,5.312167,5.2534122,5.9367185,6.7887344,5.9194026,5.418563,6.8602195,6.7126136,5.1540537,5.0332584,3.20832,5.1531997
28,6.444636,5.1847224,2.880641,2.7230544,5.9913692,5.2907786,1.5835869,2.183218,3.3257673,5.2703323,4.8708034,6.741828,3.3929393,2.6174927,5.7241445,3.5686255,5.732685,3.7888875,3.6320155,3.3937361,5.4947996,5.1708446,4.15676,4.5398655,4.336986,6.062976,3.2561893,2.8695188,0.0,4.381785,0.8570198,1.6605568,5.4898767,3.5235338,5.6549144,4.4051676,3.4279203,3.4611242,5.6652403,4.403304,6.4746184,5.3311687,6.4911423,5.5078363,5.6905527,6.036759,6.417472,3.592014,5.5645995,5.879473,4.7146325,5.1128335,6.7779903,5.8101616,4.009513,4.2188187,4.7082467,6.515907,5.406765,5.340705,5.763889,6.89708,4.5413795,5.3810377,6.5021005,6.6407423,6.4860926,6.099868,7.137578,7.5070143,6.863511,7.066462,3.8198552,5.807088,4.9382105,6.1940484,5.4473963,5.254852,4.4841337,4.5187407,3.7727664,3.7587543,3.959694,6.988947,5.9957876,6.365217,4.9160504,4.739426,6.2425427,6.061765,6.2965255,5.506048,6.5898604,6.302742,6.595087,6.2883487,7.428456,5.477113,7.2762427,5.580167,7.3206177,9.1706085,6.4874988,5.7203045,6.2351875,6.092267,5.423898,6.0530915,7.1628103,7.3436823,6.118772,6.273772,4.98391,5.3514543,4.5472198,5.482387,4.45735,4.9417315,4.900759,6.3687844,5.8903203,4.1367188,6.0615544,5.463504,4.0144687,3.8435333,1.3477961,3.6972969
29,6.770495,5.2208447,5.7550263,5.4462056,4.6000276,6.1494684,4.245028,4.5203066,5.52272,6.6992707,6.811614,5.7547026,4.415196,4.905265,4.502166,4.547625,2.9442146,2.8908708,4.642192,4.9917545,2.66591,3.6256647,5.634765,3.8865309,5.7437987,6.434868,3.8070397,5.2307277,4.381785,0.0,4.693829,5.1456246,4.2045894,4.1644697,6.1719403,4.0903583,3.9451594,3.4636767,4.9273963,3.8896146,7.55153,5.988507,7.0139723,6.692638,6.2160497,6.9721966,6.6509147,5.9252687,5.926262,5.2307363,6.0405636,5.505701,7.3007717,6.0199223,4.209618,4.3620524,6.312826,6.207292,6.1954074,6.0305696,3.876754,4.3369913,5.2942395,4.06207,7.1310534,7.425559,7.5536485,7.189583,6.634165,7.796666,6.259262,6.453617,6.0662255,6.583728,5.731052,7.0231457,6.0727334,6.1909504,6.393833,5.3195586,6.6754766,6.5470757,6.582645,7.5488772,6.069639,6.814327,4.3086705,5.009359,4.454783,4.2470574,6.152512,4.9835787,5.5758133,5.342155,5.5911274,5.0209346,5.3428035,3.640563,6.273669,4.1094513,6.3902164,8.182936,4.718661,4.497562,3.359362,3.3615966,3.5469325,4.380507,3.9995291,4.312724,2.882267,3.1478803,4.868727,3.8609498,3.7370589,4.9132233,2.4489963,4.911013,4.7896447,5.5867643,5.3966703,6.173125,7.430992,7.3165402,5.347995,5.3146586,5.0714784,5.003418
30,6.5349646,5.189496,2.9146705,2.7067049,6.4397264,5.4314694,1.8237092,2.35708,3.5700681,5.3763185,4.8021474,7.1554,3.9458573,2.6836097,6.116716,4.032393,6.271015,3.7828124,3.8253,3.3795576,5.848234,5.6280227,4.150959,4.9975495,4.3686204,6.178785,3.826571,2.7428648,0.8570198,4.693829,0.0,1.5953515,5.583389,4.0770545,5.716463,4.381997,3.570868,3.7320268,5.633733,4.5403023,6.530264,5.403766,6.4683294,5.5764513,6.178059,6.0323253,6.8452277,3.9154541,5.9965663,6.257953,4.729745,5.531337,6.948844,5.935659,4.0557566,4.3128357,4.738944,6.876017,5.365035,5.3886657,6.1752143,7.2294717,4.5406313,5.8942037,7.0125823,7.0282593,6.9462814,6.56503,7.354313,7.532524,7.1894817,7.1121054,3.796865,6.218438,5.387771,6.5721774,5.911973,5.668958,4.391028,5.009282,3.8576787,3.8468394,3.9696944,6.996393,6.484369,6.7959833,5.487348,5.2319956,6.6386356,6.4235773,6.400393,5.4528317,7.0651965,6.7896223,7.117813,6.804006,7.823116,5.9686565,7.7749553,6.1283245,7.7212477,9.491808,6.9406276,6.2188005,6.6208425,6.4119544,5.908564,6.5436625,7.554251,7.6210523,6.570017,6.729469,5.0258026,5.807453,5.042848,5.8950133,4.9368763,5.370701,5.483876,6.800826,5.939648,4.22235,6.277273,5.6777153,4.62033,4.426471,1.4419148,4.329326
31,6.3215265,5.029588,2.5858407,3.2663472,6.4854264,5.602261,2.1937194,2.7080395,3.2298777,5.491535,4.817997,7.142397,4.2287297,3.2094796,6.1151476,4.3399334,6.4058332,4.3313675,3.6876807,4.081634,5.825041,6.274278,4.9504647,5.6981616,4.3344274,6.007685,4.278271,3.0561547,1.6605568,5.1456246,1.5953515,0.0,5.8474135,3.864299,5.6347833,4.420099,3.6201751,3.821382,5.832983,4.58376,6.575781,5.437699,6.381034,5.7639914,5.984876,5.9562273,6.474873,3.367234,6.0176163,6.4439397,4.9050345,5.6499157,6.686382,6.069878,4.981189,5.151535,4.6564064,6.7888236,5.101842,5.3631196,5.963102,7.0717936,4.404291,5.726066,6.7797256,6.971823,6.6897826,6.204613,7.312399,7.5022225,6.9562497,7.18242,4.40473,6.712673,5.9206643,7.1610136,6.3486023,6.1553774,5.3324795,5.6941586,3.5280492,3.440759,3.8729472,6.707292,6.6814723,7.3312054,5.318249,5.3329606,7.190915,6.990114,6.182731,6.1123004,6.7596846,6.5571175,6.9364643,6.939262,7.688613,6.2268996,7.4667296,6.0228972,7.4777017,9.899086,6.713597,6.1560707,6.447283,6.5251503,6.216318,6.8268805,7.5321755,7.7737265,6.8845735,7.016394,5.39934,6.0186787,5.273952,6.173158,4.7524567,5.34618,5.239476,6.692167,6.2701287,4.5157657,5.634422,5.4961414,4.280645,4.0835705,1.9927602,4.6644945
