,0,1,2,3,4,5,6,7,8,9,10,11,12,13,14,15,16,17,18,19,20,21,22,23,24,25,26,27,28,29,30,31,32,33,34,35,36,37,38,39,40,41,42,43,44,45,46,47,48,49,50,51,52,53,54,55,56,57,58,59,60,61,62,63,64,65,66,67,68,69,70,71,72,73,74,75,76,77,78,79,80,81,82,83,84,85,86,87,88,89,90,91,92,93,94,95,96,97,98,99,100,101,102,103,104,105,106,107,108,109,110,111,112,113,114,115,116,117,118,119,120,121,122,123,124,125,126,127
0,0.0,3.168208,5.2464027,5.399011,4.6135993,6.3995485,7.2784834,6.764145,6.020017,6.2144237,7.7248287,6.235293,5.3507147,5.8071456,5.884392,5.2934704,6.977533,7.2711787,5.9152527,7.2239103,3.674926,4.193544,4.1877027,4.7993207,4.53306,6.0945454,5.6352572,5.0625215,4.300628,3.3401036,4.82737,4.724836,8.702721,9.119328,8.197681,7.3030996,8.5975685,5.25212,7.8412337,8.403722,6.085308,5.8572335,5.175386,5.4357214,9.382947,9.2077465,6.556414,7.8219085,7.191773,7.587833,5.1423354,5.888589,7.3722105,7.247688,5.2172213,7.7273755,8.641738,7.6669116,7.607931,7.5514393,7.3762507,7.722655,7.6700153,7.5126896,7.4781547,7.4152217,6.60705,8.417956,4.080706,4.6421347,4.727689,4.98303,6.4881144,5.969562,6.2617326,6.405028,5.717942,6.8623643,5.7632823,5.359527,5.2923784,6.221787,4.932822,6.991288,5.4803815,4.960439,5.616073,5.056098,5.028141,4.4972014,6.8900614,6.4425807,5.5650387,4.5010943,4.446742,4.1799564,7.4054084,7.262758,7.8600845,8.993033,4.932575,4.734634,4.4216127,3.8750308,6.795455,6.3507,6.1231203,6.5831003,6.0370717,4.7302094,5.3101015,5.731329,5.7619452,4.9720263,5.536904,7.040904,4.998488,4.7398486,4.6960325,4.78271,7.577477,7.2491703,4.381538,5.170838,4.1314454,6.513929,5.095832,5.444306
1,3.168208,0.0,3.8029532,4.28681,4.331305,4.5268297,6.219802,5.9101133,5.2541337,5.2307315,6.5432467,5.0854816,5.5699296,6.0025043,6.2887096,5.8105307,6.503105,6.9007325,5.3197083,6.866951,3.7498133,5.723788,5.3955145,5.8150024,4.367566,5.8382964,5.3231096,4.460224,5.7910566,5.0466204,5.9804306,5.9350014,7.542558,8.251043,7.3024373,8.17146,7.6460376,5.043743,6.97541,7.896111,5.638118,5.304086,6.1722608,6.399654,8.829004,8.806997,5.119143,6.6656265,6.892179,7.3126125,5.662474,5.210978,8.046229,7.9771314,5.90399,8.286891,8.108602,6.9801574,6.9464073,6.9410195,7.3266706,8.487504,7.167565,6.8894005,7.1826196,7.1084504,6.526612,7.3376102,5.2914553,5.6272006,5.4056587,5.4002886,5.8996844,5.6188407,5.768886,5.8550477,5.212037,6.592821,5.298011,5.080335,4.8019204,6.4974504,5.397456,7.334206,5.9987187,5.4324484,5.9930005,5.474136,5.4096184,4.9815755,7.0160503,5.143521,6.087108,4.654275,4.6226516,4.4711533,6.6517715,6.631755,7.234997,8.40083,4.756663,5.6855397,5.1682043,4.508943,6.713464,6.505924,6.1093197,5.6760573,6.8946013,5.9712124,4.633214,5.069867,5.0743217,4.2996044,4.732388,6.4693503,6.132599,5.905034,5.7262897,5.924102,6.6120105,6.0059648,3.8225064,5.5349846,5.0188103,6.330829,5.770543,6.1757803
2,5.2464027,3.8029532,0.0,3.5103629,5.737683,4.482806,5.244185,4.918543,5.68406,3.8897843,5.76755,3.6866274,4.616437,4.1351213,4.2317295,4.666888,5.8795223,6.28273,3.5392,5.5337663,3.6990666,6.437552,4.3072963,4.4336576,3.793249,4.8591676,5.8667293,4.0765796,6.3247256,5.751562,4.808786,4.9403944,6.382125,7.39269,6.225928,7.398922,6.9356036,4.757813,6.146971,7.755858,4.359445,4.193058,5.2876287,4.9582205,8.484942,8.494873,3.6570556,6.183066,6.9829764,6.9223647,4.319104,3.0398235,8.106592,8.052917,5.4389377,7.6441684,8.044065,6.832985,6.8761344,6.852014,6.5620837,7.683132,6.908374,6.8305926,6.411802,6.780754,5.275581,6.334774,5.692581,5.7267685,5.3954163,4.6042786,5.1717753,4.6254177,5.050816,5.0784063,4.379149,5.923185,4.49,4.1826034,4.253174,4.927252,4.687458,6.1770744,6.373888,4.7065296,4.36951,4.668776,5.29429,5.1716504,6.1867113,3.7118404,6.617319,4.930484,4.8871913,4.796642,5.9691777,6.054281,6.2950277,7.3855414,5.2370243,6.068587,5.603999,5.022744,6.3869376,5.871348,5.5177183,4.834813,6.0440464,5.446843,3.8198636,3.8932588,3.9181983,4.404544,3.9873667,5.573098,5.522197,5.4474063,5.423914,5.5933013,5.4523044,4.8553104,4.2804613,5.1247888,5.3996525,4.7365813,5.0581603,5.421587
3,5.399011,4.28681,3.5103629,0.0,6.11245,4.9378533,6.2525315,5.425384,5.5299554,4.7879457,6.2537427,4.6093054,5.7537622,5.1000824,5.2790027,6.031483,4.3844767,4.3708196,4.5335016,4.0705957,4.3317966,6.3117986,5.1682196,5.5055966,4.4426193,5.462885,5.601108,4.9831796,6.1364555,6.2035475,5.28189,5.3304906,6.9123425,7.669354,6.734775,7.560785,7.6601615,5.7032866,6.773209,7.960664,4.9058337,4.6283646,5.7621584,5.4255095,7.0036054,6.9562535,4.8681145,6.7208877,7.602584,7.1647563,5.5694165,4.4927797,7.6502852,7.6738715,6.3654294,7.80273,6.890293,7.3721814,7.310427,7.3051095,6.7284193,6.868231,6.34847,7.1513753,7.545649,7.864723,6.5052347,7.463747,6.140643,6.7075,6.494695,6.1821775,6.320921,6.020996,6.1880636,6.3439107,5.594818,6.803419,5.581002,5.290492,5.255797,6.03021,5.938484,6.9157476,7.024454,5.925677,5.4136925,5.6116953,6.644618,6.4408145,7.00363,4.81929,7.306963,6.1450295,6.1228757,6.0380516,7.360782,7.4806767,7.6305847,8.674023,6.1365824,6.3670654,6.0623646,6.0757146,7.5601015,6.9915867,6.8057923,6.3009214,6.866189,5.991318,4.84035,4.8132915,4.70805,5.2055635,4.6961303,6.1296053,6.226239,6.047872,5.863279,6.239086,6.379917,6.0575957,4.226446,6.2492423,6.370082,6.0795684,5.8963003,5.945088
4,4.6135993,4.331305,5.737683,6.11245,0.0,4.2890615,5.9697404,6.4831157,6.8445063,6.902596,7.5138516,6.878246,4.6343956,5.407757,6.094264,6.4499,8.304298,8.421821,7.34991,8.605219,5.7434883,6.1020603,6.0638614,6.394003,6.3897023,7.494476,6.9024835,6.886874,6.2917495,5.685354,6.2413807,6.094717,8.321005,8.689478,7.964226,8.43528,8.211282,4.853197,8.408247,9.327786,7.129104,6.971705,6.427662,6.664854,10.12284,10.079298,5.9766803,7.5688043,7.8218174,7.9762607,5.690164,6.511412,8.1382885,8.079504,5.725826,7.9960704,8.417484,7.312251,7.261498,7.1924634,8.247526,8.483139,7.956656,7.863993,5.7293453,5.5266314,5.671389,6.8816414,5.3871517,6.546162,6.065045,4.983825,7.6486754,7.3857365,7.5666156,7.6845927,7.05727,8.105539,7.072092,6.980962,7.057344,7.403166,5.481997,7.3795304,5.8062615,5.3931417,5.948438,5.3235354,5.3187857,4.964737,6.5515547,5.715187,5.783514,4.6537848,4.7910137,4.497191,5.1607137,5.080423,5.7100673,7.308047,7.180636,6.6722,6.3257966,6.1443048,6.5112867,6.5866265,5.920413,6.592075,7.036033,6.48694,5.851185,6.200295,6.9665976,6.2712865,6.776903,8.126681,6.891097,6.601408,5.97246,6.4995065,5.9062834,5.62334,4.729332,5.3492775,4.891796,5.2840633,5.646634,5.9176946
5,6.3995485,4.5268297,4.482806,4.9378533,4.2890615,0.0,4.7874994,4.9634566,6.1370006,4.968946,5.7085495,4.7490177,5.908834,5.365976,5.8845162,6.663938,6.8419847,6.7908816,5.741035,7.406295,5.3143134,7.286245,6.450531,6.4095635,5.692479,6.444996,5.618023,5.672252,7.0651746,7.110685,6.4090815,6.357612,6.3195004,6.9455795,6.4868255,8.481075,6.6734505,4.708808,6.8760843,7.8982606,5.1411476,4.904005,6.167846,6.417165,8.480686,8.568692,3.6489396,5.868426,7.4113674,7.483775,5.880113,5.266478,8.722711,8.713714,6.4485555,7.7940907,8.029697,6.8003225,6.777358,6.7716465,7.406383,8.466496,7.430712,7.2207723,6.3270564,6.1506276,5.571482,5.5102763,6.504461,7.356934,6.923442,6.305896,6.5281453,6.3004427,6.623351,6.517289,5.908255,7.2220416,5.925005,5.6187954,7.0944085,7.486446,6.6880527,7.4774694,7.0927315,6.772389,6.147861,5.828286,6.367051,6.206801,6.503034,4.1241727,6.942262,5.68563,5.7507653,5.5758557,5.44829,5.525811,5.78991,7.15358,6.7846456,7.505665,7.107622,7.070911,7.234205,7.2455173,6.9785433,6.3509164,7.3789062,6.9204497,5.028163,5.0214357,5.0815244,5.6363072,4.97226,6.4041424,7.132069,6.953899,6.411569,6.63914,4.6291757,3.8751664,4.1689916,6.073226,6.171715,5.3735485,5.743146,5.8981576
6,7.2784834,6.219802,5.244185,6.2525315,5.9697404,4.7874994,0.0,4.7200775,6.216924,3.7341602,4.82856,3.9474337,5.633292,5.463846,5.1815834,6.140024,6.416698,6.551702,5.3472204,6.6443996,5.913747,8.1253805,6.4842024,6.4205446,5.6702805,6.7932873,7.105896,6.2577004,7.699253,6.7933106,7.042389,7.194577,6.3441596,7.666228,7.255275,8.360723,7.1215324,5.9677253,7.8004513,8.500038,6.474925,6.4577203,6.8390126,7.156311,8.974772,8.999777,5.3769426,6.9130497,6.3590374,6.8967857,5.21869,4.255802,8.727263,8.830783,6.5813155,7.799097,8.420371,6.113693,7.4589534,7.4036074,7.7943773,8.509431,7.931191,7.9230695,5.2625556,4.93263,4.422225,2.9652848,6.343363,6.5613804,6.0903006,5.4183483,6.333975,6.1932764,6.405755,6.3051815,5.7952666,5.0280285,5.6604104,5.4068565,6.9023104,6.1623898,5.6019344,6.103679,6.0893455,5.6667366,4.8251014,4.6001186,5.18517,5.1068745,4.8904366,3.5746093,6.3254085,5.0984197,5.0334167,5.008808,4.8089023,5.0061483,5.044795,4.661666,7.294634,7.837485,7.381638,7.0781193,4.0387526,4.1676826,4.3862514,3.93867,6.7980304,6.2378793,4.383371,4.370658,5.1301723,5.652936,5.058585,4.9031296,5.93289,5.9475455,5.661729,6.0606303,3.6484106,2.803025,5.210204,4.943927,5.6006484,4.5992055,5.3939767,5.1747565
7,6.764145,5.9101133,4.918543,5.425384,6.4831157,4.9634566,4.7200775,0.0,6.28933,3.8587537,4.939232,3.806906,5.4712367,4.566748,5.007728,5.572237,6.742723,6.3694906,5.6742344,6.870763,5.488247,7.6643133,6.2681117,6.2131867,6.0884614,6.813861,5.8953786,6.127507,5.763602,6.709913,6.235947,6.408066,6.15769,6.0975494,6.438127,7.8177657,6.866191,4.6715283,6.896579,6.5985513,5.2899218,5.1597767,5.531243,5.867561,7.2768536,7.2773247,4.1064506,6.090823,6.9217706,7.3531885,4.8247967,4.7533054,7.8500466,8.171418,5.8821363,6.976243,8.318737,7.015994,7.262111,7.2394204,7.2408466,7.7991524,7.6436048,7.2791033,6.7822285,6.6579924,4.8148313,6.11562,6.2440305,6.149565,5.672025,6.3053436,7.55293,7.1202903,7.4493437,7.580371,6.0543594,6.774478,6.185763,5.5577784,6.543391,4.9007206,6.4248843,6.7189894,6.806117,6.506819,5.357344,5.2283106,5.8039055,5.7383513,5.428693,4.233139,6.738297,5.681558,5.678092,5.707833,5.3412285,5.258852,5.5225453,6.2773705,5.7697334,6.3048086,5.8770266,5.956052,5.8484864,5.7771544,6.616576,6.4103084,7.7543836,6.603342,5.2007546,4.990848,5.0837946,5.9022775,5.01091,5.9204445,6.330088,5.848511,5.7774944,6.2565575,5.794548,4.9208503,5.102154,5.8096585,5.7522955,4.5077,5.0327997,4.8409934
8,6.020017,5.2541337,5.68406,5.5299554,6.8445063,6.1370006,6.216924,6.28933,0.0,4.9530616,3.8925416,4.896411,6.750755,6.631421,6.5303884,6.919287,6.5665236,6.8559017,4.9699855,6.6242604,5.146889,5.027707,6.176029,6.195567,4.515943,3.950668,4.191034,5.505994,6.1460214,5.5803227,6.5828867,6.615016,4.707289,5.775176,5.22472,5.943808,5.7428317,6.5941005,4.8156137,5.681429,6.381038,6.169186,6.9738383,6.7091136,6.9588404,6.952578,6.463195,5.170756,4.5063815,4.3027916,6.352343,5.0400314,6.8242393,6.8768907,7.1662216,6.3133917,7.1653676,5.024095,5.64986,5.6628,4.802305,6.4062815,5.636487,5.4965577,7.642132,7.944554,7.122155,7.5089602,6.7251215,6.9511347,6.835106,6.5545807,6.6969433,6.624964,6.677183,6.589688,6.101001,6.397906,6.0521774,5.756518,5.9580784,6.4836035,6.545363,5.206222,5.8204184,6.4121294,6.366702,6.477253,6.981901,6.5906234,5.806794,5.943652,5.841211,6.535475,6.4703736,6.3671308,8.013195,8.0113735,8.241501,8.762549,6.4039607,7.345301,6.8601866,6.7064185,7.180022,6.58491,6.59502,5.9784946,7.796739,6.8015804,5.668701,5.7598405,5.337637,5.632474,5.2085,5.8462453,6.6140485,6.509737,6.4794717,6.608743,7.2738566,6.5962515,5.270237,6.5648947,6.7559657,7.191496,7.0917478,6.4654284
9,6.2144237,5.2307315,3.8897843,4.7879457,6.902596,4.968946,3.7341602,3.8587537,4.9530616,0.0,3.940539,0.62448204,5.924606,4.934987,4.459855,4.835958,4.7257953,4.8780713,2.8987763,5.101578,3.7976072,6.8808637,5.1566176,4.8997216,3.644387,4.923106,5.089868,3.9490662,6.29187,5.9190784,5.4313474,5.697723,5.645708,6.858165,6.3639884,7.090168,6.3418975,5.2483315,6.4292297,6.746211,3.9386797,3.8289106,5.0833106,5.389554,7.382963,7.3646812,4.1374197,5.960076,5.961434,6.3015256,4.3435764,2.7562003,7.8827424,7.95844,5.878032,6.7967544,8.095269,6.1236353,6.916011,6.9030256,6.2888813,7.36675,7.099566,6.734965,6.9008527,6.8001795,4.756548,4.9730625,5.673307,5.642217,5.4684114,5.7541595,4.7555604,4.447975,4.7586155,4.6315,3.8322449,4.0163956,3.7359116,3.2063727,5.2067966,4.7214837,5.7602787,5.721085,6.3682303,5.7970586,4.4776506,4.4463406,5.6149597,5.386514,5.004325,3.1112313,6.550228,5.3908343,5.263904,5.205777,6.247933,6.346117,6.3162413,6.585732,5.3383737,6.4142213,5.901027,5.7790575,5.596101,5.1786485,5.695212,4.8155427,5.9848695,4.974849,3.14394,2.7582846,2.363849,4.353246,2.5066216,2.9928071,4.5568924,4.681193,4.703226,4.782605,4.863538,4.0222654,4.0323925,4.933994,5.59527,5.118039,4.656272,4.1177607
10,7.7248287,6.5432467,5.76755,6.2537427,7.5138516,5.7085495,4.82856,4.939232,3.8925416,3.940539,0.0,3.8601873,6.7850256,5.9405184,5.9151993,6.2969985,6.567309,6.778236,5.313508,6.855438,5.870119,7.0658827,6.830073,6.619951,5.9266963,4.7015553,5.176129,6.010999,7.7844195,7.53292,7.117009,7.319772,2.8611434,4.536467,3.9444802,6.0458927,3.8877778,6.1254787,4.5712986,5.039164,5.8641753,5.790009,6.74315,6.9571404,6.1700797,6.2623415,5.0996494,3.6019661,4.3437176,4.8029947,5.793608,4.83968,6.7621307,6.930285,7.0399303,5.3534646,6.6560593,4.172944,4.979655,4.9875717,5.0404577,6.5224195,5.5835824,5.0955844,7.550486,7.457946,5.7290025,6.13293,7.171471,7.1385775,6.8105106,6.7033644,6.532884,6.3398633,6.5175576,6.472224,5.7810273,6.1403017,5.7933497,5.6093264,6.674229,6.0437784,6.9523525,4.591477,5.9373803,6.9374866,5.9457226,5.9194846,6.776729,6.6140885,4.188564,4.4801707,5.9322515,6.5508785,6.51928,6.488422,6.475768,6.558638,6.543731,6.911054,6.9013715,7.7399063,7.221728,7.091445,6.525059,6.3756967,6.767224,6.0348425,7.620303,6.8965826,5.0958376,4.8454423,4.93748,6.1458635,5.030064,5.489924,6.610136,6.556162,6.628191,6.8106627,5.844584,4.961608,5.750453,6.289573,6.95391,6.177447,6.555923,5.8625913
11,6.235293,5.0854816,3.6866274,4.6093054,6.878246,4.7490177,3.9474337,3.806906,4.896411,0.62448204,3.8601873,0.0,5.9726887,4.9788265,4.646604,4.9860077,4.730888,4.9492855,2.899963,5.1216655,3.703392,6.913271,5.21778,4.9595537,3.7541142,4.767777,5.031673,3.7451172,6.3563733,6.1047897,5.4958606,5.7484636,5.558619,6.677241,6.1724935,7.0728245,6.180637,5.1901803,6.1674657,6.601682,3.7451363,3.592092,5.119182,5.404127,7.2393017,7.238733,3.8534312,5.738707,6.0133834,6.329662,4.4361815,2.8520722,7.8752155,7.964357,5.8590837,6.7750654,7.9669533,6.160285,6.7593975,6.7549057,6.151258,7.3279457,6.9148054,6.561917,7.082306,6.9956427,4.9715614,5.2538195,5.836426,5.8535485,5.6927843,5.817887,4.720915,4.4080625,4.732675,4.5872707,3.6854575,4.324217,3.6614435,3.2578475,5.2913156,4.9730062,5.9601493,5.899767,6.5598974,5.973905,4.750074,4.7402625,5.83986,5.6190486,5.2444673,3.1254354,6.7155085,5.590792,5.473411,5.3704734,6.372155,6.44857,6.448374,6.909285,5.3365254,6.51845,5.9773965,5.87051,5.963946,5.5697455,6.053097,5.11866,6.1559043,5.1553288,3.2412927,2.8620336,2.2743156,4.3418736,2.5417407,3.3564494,4.8292193,4.8586793,5.0147095,5.070569,5.0442023,4.082087,4.1205564,5.156774,5.7802663,5.2781835,4.8955092,4.3557196
12,5.3507147,5.5699296,4.616437,5.7537622,4.6343956,5.908834,5.633292,5.4712367,6.750755,5.924606,6.7850256,5.9726887,0.0,3.5604029,3.8765502,4.057065,7.5768995,7.6422305,6.1675467,7.260112,5.4380774,6.506142,4.636438,5.2077427,5.859562,6.287435,6.8198233,6.879193,5.973629,4.9216,5.1019425,5.151546,7.318483,7.5455403,6.908658,6.7069807,7.315353,5.232027,7.2778206,8.040836,5.995382,6.1348677,5.0734105,4.8958497,8.883896,8.8286295,5.000005,6.790556,6.489682,6.3064203,3.4288037,4.610787,6.111922,6.127717,3.212881,6.4593515,7.177368,6.133469,6.0293417,5.929014,6.729358,6.7014685,6.4459968,6.390763,3.918544,4.325281,4.0510554,6.50781,4.252496,4.821174,4.0287547,2.629742,7.201264,6.634774,6.968497,7.1924796,6.154966,7.3024597,6.1899767,6.0231214,5.029262,4.4207244,3.0751736,5.6806145,4.6071486,2.6552396,4.0432396,4.2497067,3.512803,3.4579792,5.2936897,4.7477355,4.636188,3.4272368,3.5659454,3.297299,4.9861903,4.813076,5.4629917,6.847319,5.7823496,4.864374,4.5846,4.4874043,4.8422484,4.5215135,4.5756574,5.3677588,5.8612366,5.3212595,4.7153244,5.1488085,6.3037367,5.3907833,5.975617,7.4751425,5.4874,5.6072054,4.9167323,5.5088506,5.7016473,5.5948043,5.408219,3.2571237,3.9187365,4.1569963,4.7826743,4.5570626
13,5.8071456,6.0025043,4.1351213,5.1000824,5.407757,5.365976,5.463846,4.566748,6.631421,4.934987,5.9405184,4.9788265,3.5604029,0.0,1.7549837,3.422589,6.864865,6.7974277,5.3078628,6.609321,4.87284,5.8221,3.840202,3.7068737,5.2288604,5.6875424,6.2485447,5.9194884,5.631105,5.6838627,3.6202557,3.8408132,6.4604325,6.9182453,5.9308124,5.966475,6.646262,3.5547862,6.8315015,7.7442102,4.887687,4.9465637,3.595097,3.3394346,8.298268,8.212746,4.1982746,6.3300514,7.135843,6.9093757,3.0947711,4.432561,6.692228,6.7205715,4.2835793,5.4726663,7.666898,6.670063,6.589683,6.488218,6.5352397,6.245616,6.9121914,6.8988495,5.8946557,6.1661744,3.4615927,6.5711236,5.2594876,5.7681193,5.2320433,4.505966,6.932895,6.089169,6.745445,6.828333,6.0190945,7.1909685,6.074266,5.494066,5.897873,3.977453,4.6948423,4.821993,5.7303395,4.6111174,3.231279,3.5526166,4.946117,4.8886156,4.228595,4.2606406,5.7852325,4.820016,4.931249,4.7803864,4.723173,4.649986,4.699618,6.2141433,6.5651875,5.6980424,5.371551,5.457666,6.088147,5.678547,5.581378,6.0889096,5.5920444,4.6523156,4.494991,4.241686,5.2954044,6.3070307,5.515954,6.6564665,4.6170797,4.7941856,4.7292657,4.7320285,5.026022,4.97317,4.5704308,4.4770565,5.126694,2.9677458,3.781541,3.2778947
14,5.884392,6.2887096,4.2317295,5.2790027,6.094264,5.8845162,5.1815834,5.007728,6.5303884,4.459855,5.9151993,4.646604,3.8765502,1.7549837,0.0,3.1099825,6.25747,6.15855,4.448593,5.8919253,4.570259,5.7879815,3.281302,3.1709464,4.549465,5.2431016,6.0602016,5.6283765,5.797317,5.299645,3.0883355,3.3711097,6.3593044,7.3425264,6.3468065,5.835476,6.8602853,4.49528,6.928196,7.8286557,4.6336513,4.784221,3.423922,3.1680417,8.353975,8.251894,4.730176,6.6265984,6.719373,6.479733,2.871451,3.6958468,6.7508097,6.663127,4.4650946,5.6022205,7.850066,6.4105597,6.8348694,6.7377706,6.3545637,6.10281,7.0546246,7.0110884,5.6257515,5.9050665,3.3186777,5.9491568,4.7903786,5.123851,4.7255197,4.282698,6.2713017,5.278736,6.101032,6.1306753,5.5245647,6.073133,5.4393992,4.6756873,5.4509215,3.626443,4.1578465,4.343472,5.3912177,4.2067294,2.356246,2.9427223,4.446957,4.471399,3.9546177,4.117968,5.541056,4.5035667,4.514334,4.451117,5.271903,5.2734227,5.2243195,6.043752,6.255234,5.5826178,5.381752,5.377434,5.557628,4.934471,4.9152904,5.370034,4.5240192,3.7944372,4.0278773,3.775508,4.655569,5.7349687,4.815263,5.569137,3.6667325,4.1231384,3.7579505,3.6834373,4.7558103,4.937183,4.3884916,3.8556035,4.719592,3.2724502,3.2970088,2.8502698
15,5.2934704,5.8105307,4.666888,6.031483,6.4499,6.663938,6.140024,5.572237,6.919287,4.835958,6.2969985,4.9860077,4.057065,3.422589,3.1099825,0.0,6.414683,6.748497,5.2003365,6.5633197,4.4064894,6.0693417,3.5793304,3.8199196,4.927683,5.4958777,5.9945865,5.426989,6.0813446,5.126252,4.3432975,4.668689,7.0823402,7.6548367,6.690482,6.084566,6.4765058,4.193056,7.0056324,7.2420797,4.613297,4.8101735,3.4037306,3.9270408,8.1649,8.067134,4.6912327,6.4275203,6.3792024,6.9083138,2.724003,4.4631195,6.0978065,5.9404936,3.7223756,5.7784953,7.5912194,6.4697876,6.4637365,6.3640804,6.5090714,6.7636495,6.982399,6.474341,6.247353,6.1689625,3.5065553,6.7766547,4.5131125,4.180244,3.6298523,4.140213,5.9141216,4.840422,5.6027355,5.7249427,5.0574293,6.384261,5.124249,4.549837,4.755409,3.3464537,4.3707776,5.0547953,5.2241135,4.3459024,3.9414628,3.7156117,3.905534,3.7218904,4.310992,4.7073503,4.967978,3.797635,3.8770404,3.7283092,5.3121953,5.169428,5.438721,6.6743636,4.815685,4.681419,4.259803,3.6077776,5.5800753,5.29918,5.449094,5.7272296,4.888989,4.1079373,4.056431,4.0964756,5.0828004,5.6316514,4.9097414,6.3374352,3.6060426,4.553989,4.196595,3.750823,5.745101,5.5846972,4.9949155,3.5541434,4.2654777,4.389199,3.477862,3.2440236
16,6.977533,6.503105,5.8795223,4.3844767,8.304298,6.8419847,6.416698,6.742723,6.5665236,4.7257953,6.567309,4.730888,7.5768995,6.864865,6.25747,6.414683,0.0,2.0721123,4.5921264,2.1396444,5.013714,7.4983087,5.754326,6.054297,4.9269876,5.7811317,6.0676737,4.9664636,7.537816,6.990547,6.569301,6.743341,7.536285,8.571383,8.051936,8.019886,7.7952647,7.0521073,7.640461,8.168021,5.3283095,5.2405562,6.289121,6.5129967,6.2855163,6.218237,6.4881887,7.56836,7.3701797,7.7331667,6.2069883,5.116034,8.017511,7.9280143,7.428712,8.216321,7.0826225,7.871542,8.362207,8.343934,7.1368895,7.220039,7.273418,8.156494,8.404449,8.346924,6.913054,7.1359167,6.916121,6.98235,7.0381002,7.168195,5.6807675,5.1684947,5.6462255,5.5570493,5.2310195,5.591373,5.097294,4.7557445,6.8269386,7.1364856,7.318902,7.365459,7.9223824,7.430842,6.601282,6.568714,7.2213306,7.0462294,7.119939,5.938712,7.866787,6.952195,6.843932,6.7280955,8.523884,8.609817,8.577,8.996435,6.544908,7.8877773,7.5876994,7.23366,7.8672075,7.3781934,7.597403,6.794767,6.7321444,6.194986,5.608076,5.474886,4.6828756,5.892594,4.6237054,5.227128,5.9715056,6.299513,6.079202,5.933359,6.897119,6.398474,5.6673346,6.777849,6.9435754,7.3947363,6.260197,6.1693325
17,7.2711787,6.9007325,6.28273,4.3708196,8.421821,6.7908816,6.551702,6.3694906,6.8559017,4.8780713,6.778236,4.9492855,7.6422305,6.7974277,6.15855,6.748497,2.0721123,0.0,5.0399504,2.9377923,5.611336,7.8874345,6.215125,6.5164614,5.3886642,6.4014482,6.0332823,5.9728484,7.3700323,7.1989226,6.47252,6.570553,7.6047306,8.607414,8.249274,8.263165,8.355079,7.408397,8.036846,8.22321,5.2650924,5.1942453,6.1835194,6.4128885,6.190926,6.098662,6.4013267,7.7958922,7.623175,7.575863,6.5722146,5.47733,7.927233,7.920733,7.346563,8.157244,7.1660404,7.8159842,8.42574,8.417964,7.5643992,7.2709804,7.308317,8.155025,8.419913,8.353747,7.114673,7.2259407,6.7055163,7.0545115,7.084512,7.682466,6.6147084,6.1146765,6.574321,6.4899583,6.0561438,6.014872,5.8247156,5.072501,6.946302,7.0744047,7.3554306,7.7093644,7.9270544,7.537614,6.456015,6.4767737,7.2821455,7.1737394,7.3401704,5.953392,7.9897633,7.0380716,6.929984,6.9093246,8.727238,8.778928,8.831325,9.054208,6.7102427,7.4373465,7.2649775,7.4726057,7.864401,7.354894,7.809126,7.0640593,6.967291,6.184923,5.578718,5.4240413,4.8286037,5.90641,4.6348276,5.0394745,5.9498796,6.181079,5.8910217,5.7444057,6.975499,6.7951994,5.3991537,6.700813,7.0478745,7.503189,6.2882824,5.9436855
18,5.9152527,5.3197083,3.5392,4.5335016,7.34991,5.741035,5.3472204,5.6742344,4.9699855,2.8987763,5.313508,2.899963,6.1675467,5.3078628,4.448593,5.2003365,4.5921264,5.0399504,0.0,4.3463492,2.990194,6.030638,4.2504277,4.0398955,2.245764,3.59274,4.777603,2.9736004,6.17316,5.411372,4.546246,4.781329,5.9702888,7.46537,6.689479,6.6911283,6.8479366,6.041248,6.081147,7.2497883,3.8657193,3.7763524,5.0983205,4.897946,7.918785,7.895138,5.2693443,6.5267835,6.2924213,6.3047647,4.644859,2.3576913,8.215375,8.073882,6.35655,7.2004037,8.51165,6.7389226,7.377796,7.362782,5.6703978,6.994772,7.2541103,7.11489,7.0556703,7.3006554,5.6725507,5.984159,5.908809,5.903175,5.934726,5.695929,4.4157796,3.5115356,4.462588,4.268345,3.7199957,4.131533,3.5668974,3.0342445,4.9977593,5.415156,5.722123,5.6887045,6.754311,5.7737412,4.73853,5.0788355,6.011771,5.907371,5.852145,4.2884007,6.8572106,5.833394,5.662185,5.5510035,7.589766,7.7337756,7.6356764,8.050759,5.4418793,6.7866907,6.5233374,6.093625,6.7092752,5.9014416,5.971049,5.042598,5.2415733,4.6665473,3.9433184,3.7304378,2.5431314,4.3306026,2.7289598,3.3641953,4.7001157,5.055793,4.723482,4.702369,5.553518,5.165614,4.2881765,5.483141,5.912444,5.9961677,5.099834,4.9809337
19,7.2239103,6.866951,5.5337663,4.0705957,8.605219,7.406295,6.6443996,6.870763,6.6242604,5.101578,6.855438,5.1216655,7.260112,6.609321,5.8919253,6.5633197,2.1396444,2.9377923,4.3463492,0.0,5.263509,7.4768023,5.593532,5.9558387,4.9179783,5.704236,6.691703,5.365245,7.5727506,6.9602633,6.2963557,6.4858465,7.5256166,8.766975,8.123094,7.961849,8.2789345,7.512758,7.6686482,8.659612,5.932358,5.8737197,6.6759715,6.4678254,6.84199,6.780038,6.9388914,7.99309,7.6475725,7.6375356,6.216321,4.7688346,8.182406,8.102062,7.641487,8.467354,7.374103,8.067746,8.668743,8.647323,7.136339,6.990538,7.3595533,8.41868,8.232169,8.489442,7.0781784,7.4056425,7.170263,7.0909104,7.131328,6.925849,6.2467484,5.6232195,6.161539,6.176715,5.7154536,5.752609,5.5780115,5.2972164,6.4519315,6.66131,6.930874,7.058143,7.9493055,6.9989676,6.2075305,6.538625,7.2774763,7.2086334,7.252967,6.052943,8.097724,7.1908264,7.0558677,7.0090938,8.723141,8.848809,8.754985,9.036386,6.951068,7.993108,7.7655177,7.3778253,7.799992,7.0801077,7.188063,6.5306835,6.7094903,6.301746,5.9089446,5.7786455,5.119269,6.091907,5.1715446,5.5000997,6.1975813,6.375576,6.184557,6.299669,7.1503386,6.8243785,5.99835,6.916293,7.1580653,7.208106,6.57798,6.5432463
20,3.674926,3.7498133,3.6990666,4.3317966,5.7434883,5.3143134,5.913747,5.488247,5.146889,3.7976072,5.870119,3.703392,5.4380774,4.87284,4.570259,4.4064894,5.013714,5.611336,2.990194,5.263509,0.0,4.5745616,3.4268115,3.4426072,2.7323496,4.0502334,4.278577,2.069362,4.900109,4.390653,3.7267377,3.9453871,6.9233937,7.76372,6.9305654,6.336251,6.894483,4.692399,6.399977,7.1815133,3.6781802,3.4454126,3.9683948,4.3155484,7.9842105,7.887159,5.0410843,6.467108,6.4954643,6.9116235,3.7378452,3.5738168,7.438039,7.279396,5.2793193,6.7020206,8.198344,6.9871817,7.0179224,6.9890537,5.680393,6.6132426,7.098761,6.7895055,7.2152166,7.1403956,5.2337074,6.7661514,4.622093,4.8970566,5.0043783,4.9062457,4.3511167,3.4114885,4.2329655,4.3539534,3.1771073,4.9215336,3.2554874,3.2804778,4.83398,5.441881,5.4130116,5.9045615,6.072979,5.390843,4.7995734,4.5056043,5.3478274,5.0563416,5.662411,4.4314756,6.0626116,5.005366,4.8733096,4.571502,6.972787,7.040023,7.0881777,8.205289,4.5470943,5.513511,5.218721,4.623386,6.7233105,6.162857,6.171898,5.980283,4.597647,3.7282624,3.8573334,3.821085,3.0430882,4.0373764,3.2067814,4.8424945,4.264036,4.2958136,3.927026,4.2309575,5.832161,5.305043,3.463709,4.938695,4.6717043,5.6527834,4.1081753,4.273634
21,4.193544,5.723788,6.437552,6.3117986,6.1020603,7.286245,8.1253805,7.6643133,5.027707,6.8808637,7.0658827,6.913271,6.506142,5.8221,5.7879815,6.0693417,7.4983087,7.8874345,6.030638,7.4768023,4.5745616,0.0,4.203193,4.24802,4.843621,4.8587914,4.9060297,5.5347323,4.6482224,4.3832736,4.3388033,4.293647,7.4066496,7.900038,6.9349275,5.2396164,7.3922067,5.588576,6.6703043,7.59641,6.6002636,6.4233346,5.340045,5.011797,8.696986,8.501878,7.5907745,7.1445727,6.8659143,6.8890796,5.582026,6.2742434,6.905812,6.639106,6.7400637,6.1669207,8.546574,7.43862,7.348505,7.2789335,5.6724825,5.8634505,7.42853,7.3430085,8.236743,8.508349,6.88735,9.042483,5.8409376,6.290809,6.430695,6.0510144,7.078882,6.5092535,6.9278874,7.0162854,6.578223,7.551634,6.591239,6.236593,6.7687526,6.728713,6.385456,5.302367,5.979155,6.3349586,6.0249114,5.9329777,6.792219,6.3611026,5.999379,7.345367,5.797963,6.3997703,6.382982,6.16147,8.133517,8.077676,8.176605,9.338498,6.768555,6.7374325,6.5399537,6.079152,8.286381,7.5915833,7.146969,7.727323,6.356136,5.5692773,6.7349687,6.746336,6.324078,6.8014617,6.453106,7.459478,5.8612247,5.712028,5.4334016,5.506332,8.028803,7.7341266,5.3837037,6.6285853,5.9243007,6.75234,5.7953124,5.8571143
22,4.1877027,5.3955145,4.3072963,5.1682196,6.0638614,6.450531,6.4842024,6.2681117,6.176029,5.1566176,6.830073,5.21778,4.636438,3.840202,3.281302,3.5793304,5.754326,6.215125,4.2504277,5.593532,3.4268115,4.203193,0.0,1.3226699,3.7651293,4.389971,5.486812,4.4138412,4.852966,4.001183,2.63712,2.7502818,7.313794,7.886484,6.8373165,5.4290276,7.247477,4.6248717,6.554803,7.6886163,4.5180526,4.537294,3.1414518,2.739212,8.368709,8.177975,5.6617994,6.938117,6.6287355,6.8198137,3.1029074,4.0987415,6.744979,6.5088425,4.591833,6.202434,8.038053,7.2119837,7.221299,7.125529,5.797042,5.8966975,7.08586,7.234532,6.6400814,6.927078,5.046998,7.4129663,4.2576656,4.366417,4.50034,3.8236864,5.2078586,4.268745,5.003965,4.9795437,4.496198,5.862737,4.542333,3.8044958,5.476249,4.976471,4.324807,5.01818,5.548622,4.4787045,3.8633885,4.130694,4.7377915,4.4879527,5.4013596,5.749315,5.4777584,4.601381,4.5439262,4.2702355,6.8049455,6.6848826,6.90411,7.966021,5.2520223,5.5330787,5.28748,4.5936694,6.6582284,5.879736,5.7251153,6.0955844,4.40067,3.6711836,4.888145,4.9460063,4.5133486,5.163514,4.677339,6.0041633,3.6803806,3.759419,3.8034518,3.4300127,6.583474,6.192127,4.9384155,4.5975194,4.114853,4.9266806,3.6045663,4.126337
23,4.7993207,5.8150024,4.4336576,5.5055966,6.394003,6.4095635,6.4205446,6.2131867,6.195567,4.8997216,6.619951,4.9595537,5.2077427,3.7068737,3.1709464,3.8199196,6.054297,6.5164614,4.0398955,5.9558387,3.4426072,4.24802,1.3226699,0.0,3.7132816,4.377897,5.516393,4.173863,4.95744,4.5095396,2.466022,2.7254536,7.1882043,7.7712398,6.715331,5.3090897,7.114034,4.4268446,6.6178055,7.7346225,4.3473325,4.3466206,2.9805298,2.509525,8.619718,8.430111,5.66424,6.9768953,6.9855466,7.1267214,3.1384962,4.0814505,7.3373556,7.1353025,5.1036496,6.0483866,8.65729,7.4999633,7.5179996,7.424202,5.7735205,6.028215,7.5601416,7.545383,7.0857453,7.359433,4.957353,7.3669114,4.8966866,5.087362,5.2108836,4.497093,5.1279135,4.272084,4.987403,4.9162908,4.494108,5.874181,4.5521736,3.894114,5.969381,5.085039,5.048858,4.887264,6.1152925,5.1354365,3.9181728,4.236146,5.4563622,5.1913004,5.225063,5.6898136,6.0716114,5.2967687,5.2483273,4.9705033,6.8610244,6.806129,6.800825,7.8859754,5.8629603,6.118917,5.847491,5.282544,7.043995,6.2680116,6.105587,6.4272137,4.533827,3.7457423,4.9886594,4.8190393,4.283915,5.663075,4.698515,5.8192806,3.7704902,3.908379,4.0506053,3.679,6.391961,5.958214,5.011317,5.11191,4.8394246,4.8226266,3.5837257,3.9353983
24,4.53306,4.367566,3.793249,4.4426193,6.3897023,5.692479,5.6702805,6.0884614,4.515943,3.644387,5.9266963,3.7541142,5.859562,5.2288604,4.549465,4.927683,4.9269876,5.3886642,2.245764,4.9179783,2.7323496,4.843621,3.7651293,3.7132816,0.0,4.03978,4.530771,3.0506892,5.0795374,3.8386443,4.293099,4.4205613,6.7108946,7.964164,7.1612887,6.857491,7.2898498,5.431469,6.6674666,7.647326,4.579354,4.4130883,5.004314,4.7438927,8.424644,8.366735,5.721257,7.0250015,6.396227,6.42417,4.796297,3.331416,8.026015,7.8463407,6.0594254,7.375202,8.600838,6.874663,7.5076227,7.473934,6.2408795,7.3314676,7.4524336,7.3178835,6.821739,7.1228228,5.791362,6.40026,5.482863,5.6545978,5.634806,5.4703245,4.9569974,4.150785,4.9461665,4.693735,4.53225,4.8369536,4.3764443,3.6113398,4.7269936,5.332742,5.3305125,5.8331103,6.406518,5.293012,4.8337193,4.9438057,5.6668763,5.331372,5.92794,4.931346,6.4104767,5.2610655,5.1385417,4.989066,7.417926,7.465791,7.5376344,8.09695,5.2338314,6.385381,6.0129404,5.548739,6.5687695,5.7630258,5.4734216,4.797265,5.5025334,4.5248585,4.1025906,4.1064005,3.535965,4.583,3.439611,4.128758,4.262627,4.8646903,4.508111,4.0711994,5.9148936,5.6158915,3.494095,5.1947236,5.4807034,5.948388,4.993483,4.709045
25,6.0945454,5.8382964,4.8591676,5.462885,7.494476,6.444996,6.7932873,6.813861,3.950668,4.923106,4.7015553,4.767777,6.287435,5.6875424,5.2431016,5.4958777,5.7811317,6.4014482,3.59274,5.704236,4.0502334,4.8587914,4.389971,4.377897,4.03978,0.0,4.01905,4.244617,6.630087,5.840291,5.0784335,5.19261,4.6076503,5.825682,4.571771,4.239203,4.854481,6.2523465,3.4753983,5.4338226,4.565135,4.538235,5.307882,5.0212255,6.6752143,6.65342,5.676537,4.568516,4.558519,4.537441,5.116941,4.223682,6.169042,5.939132,6.12672,5.1626377,6.7196,5.2590494,5.159893,5.1341443,3.139182,5.116226,5.0263305,4.9925075,7.577395,7.8599405,6.457098,7.695881,6.2554154,6.3852406,6.4087596,5.69502,5.315982,4.3788023,5.2720304,5.0607395,4.6425343,6.0825515,4.690614,4.369375,5.781564,6.2741904,6.13256,4.4317384,5.9218807,6.1173005,5.7357693,6.055858,6.4734626,6.3461905,5.446953,5.6738935,5.683968,6.2303624,6.156309,5.907886,8.163232,8.150219,8.273416,9.184833,5.865982,7.000562,6.7064977,6.274228,7.7145004,7.0127983,7.0260496,6.350419,5.9421983,5.3896403,5.0832534,5.073264,4.3462944,5.322453,4.4798474,5.778699,5.4939566,5.8166013,5.878998,5.528274,6.8824186,6.396103,5.5448217,6.0054936,6.3647423,6.9902678,6.193486,5.782812
26,5.6352572,5.3231096,5.8667293,5.601108,6.9024835,5.618023,7.105896,5.8953786,4.191034,5.089868,5.176129,5.031673,6.8198233,6.2485447,6.0602016,5.9945865,6.0676737,6.0332823,4.777603,6.691703,4.278577,4.9060297,5.486812,5.516393,4.530771,4.01905,0.0,4.868385,5.2758703,5.562415,5.5102644,5.5406723,5.161641,5.445017,5.4861345,5.7972035,5.354038,5.6259866,4.7710767,4.4195457,4.2823086,4.1186213,5.020563,5.276244,5.9313025,5.9085426,5.57445,4.7061987,5.277009,5.693521,5.66339,5.1663404,6.620065,6.458911,6.5644183,5.813329,7.420739,6.064178,5.9472613,5.9533415,4.4466743,6.174475,6.3576255,5.720475,7.585346,7.555202,6.367974,7.529779,5.949235,6.207769,6.120021,6.921996,6.3977637,5.768118,6.374807,6.375154,5.4821763,6.7120514,5.470965,4.6955953,6.3225083,6.6876926,7.017607,6.0235996,6.3213954,7.146339,6.552553,6.351973,6.5688667,6.330315,5.790553,5.910207,5.5937705,5.979001,5.962952,5.8478394,7.8832664,7.8800917,8.056736,9.045142,4.7695227,6.322208,6.1998434,5.954482,7.8783712,7.4312496,7.7075863,7.1231723,6.9361324,6.2009063,5.70347,5.6832056,4.7030897,5.435156,4.176952,5.754446,6.265037,6.493849,5.5021377,5.4937887,6.8239822,6.4041038,4.674073,6.3710976,6.01367,7.075351,5.61825,5.578668
27,5.0625215,4.460224,4.0765796,4.9831796,6.886874,5.672252,6.2577004,6.127507,5.505994,3.9490662,6.010999,3.7451172,6.879193,5.9194884,5.6283765,5.426989,4.9664636,5.9728484,2.9736004,5.365245,2.069362,5.5347323,4.4138412,4.173863,3.0506892,4.244617,4.868385,0.0,6.024745,5.6002274,5.110641,5.3342977,7.046583,8.012069,7.2197638,7.2347016,6.9158654,5.1228633,6.451232,7.5162196,4.3165507,4.0089126,5.2203226,5.4798923,8.291015,8.25901,5.593721,6.772071,7.0490737,7.7633076,5.0091786,4.2178087,8.678872,8.517506,6.701777,7.6701794,8.961659,7.785118,7.87802,7.859366,6.299546,7.7375326,7.9367023,7.68299,8.209057,8.159217,6.187497,7.0982165,6.3962398,6.2978263,6.4252906,6.108266,4.3766074,3.313946,4.402517,4.220296,3.5043228,5.206619,3.7021585,3.665761,6.009552,6.5445004,6.8153925,6.674576,7.463865,6.837998,6.081924,5.8530726,6.5904183,6.3283443,6.4361725,5.2212605,7.299662,6.2545543,6.1278534,5.8555536,7.6523128,7.722971,7.6681843,8.6796665,5.4199615,7.293303,6.871822,5.9927487,7.728735,7.233782,7.10936,6.4389524,5.879531,5.199602,4.8931355,4.7043514,3.3755002,5.1413355,3.7996342,5.007498,5.323423,5.4556384,5.524269,5.3105803,6.4039416,5.544824,4.526271,6.372539,6.107086,6.482833,5.320595,5.5395317
28,4.300628,5.7910566,6.3247256,6.1364555,6.2917495,7.0651746,7.699253,5.763602,6.1460214,6.29187,7.7844195,6.3563733,5.973629,5.631105,5.797317,6.0813446,7.537816,7.3700323,6.17316,7.5727506,4.900109,4.6482224,4.852966,4.95744,5.0795374,6.630087,5.2758703,6.024745,0.0,3.3675346,4.9162936,4.8806667,8.52592,7.991702,8.1881485,7.0503807,8.735541,5.3054867,7.9218407,7.658577,6.2441235,6.0588093,4.9142203,4.6607637,8.754915,8.55525,7.1131196,8.212524,7.7834105,7.930033,5.4151263,6.119326,7.8567424,7.96788,5.9827385,7.3456173,9.657808,8.680988,8.588803,8.524647,7.2220316,7.3658857,8.612572,8.47634,7.6288457,7.910586,6.7433567,8.847169,5.703298,6.0938377,6.0501766,6.5297728,8.292805,7.719525,8.158968,8.22857,7.0315857,7.928411,7.1194425,6.297486,6.9739637,5.9876227,6.595881,7.244904,7.1640444,6.516422,6.3172946,6.2828174,6.536896,6.1373324,6.95472,7.317802,6.8001385,6.1974177,6.2014685,5.9842505,8.112298,7.90021,8.257129,9.340017,5.815842,5.9446406,5.7504535,5.7536736,7.618907,6.939497,7.322477,7.7639484,7.694604,6.065788,6.8051133,6.853222,6.4475904,6.712016,6.281631,7.360934,5.9188633,5.7392254,5.4801035,5.516272,8.197479,7.757431,5.45495,6.569354,5.679144,6.515776,5.4698243,5.2022467
29,3.3401036,5.0466204,5.751562,6.2035475,5.685354,7.110685,6.7933106,6.709913,5.5803227,5.9190784,7.53292,6.1047897,4.9216,5.6838627,5.299645,5.126252,6.990547,7.1989226,5.411372,6.9602633,4.390653,4.3832736,4.001183,4.5095396,3.8386443,5.840291,5.562415,5.6002274,3.3675346,0.0,4.8937235,4.844474,8.317566,8.650793,8.31373,6.9362006,8.46889,5.7919316,7.848113,8.134173,6.4340773,6.3752084,5.283082,5.0845222,9.343008,9.194436,7.159253,8.1429825,6.49237,6.746637,4.916969,5.2469234,7.266854,7.1669984,5.177091,7.438582,8.967151,7.3919625,7.833283,7.753472,7.0573335,7.4729614,7.9449754,7.7989106,6.108941,6.4294477,6.153466,7.6846166,4.5662594,4.8216906,4.7412915,4.7978015,7.1014695,6.421861,6.9557996,6.908381,6.271162,6.5608654,6.216143,5.475963,5.5228477,5.46012,4.7137017,6.374236,5.620134,4.5505576,5.4400897,5.3620124,4.799864,4.300476,6.3244023,6.6918344,5.3430657,4.5030656,4.4478006,4.190093,7.582012,7.3720646,7.880793,8.5871315,5.183641,5.5174637,5.2201295,4.7792363,5.9852486,5.21027,5.231268,5.707435,6.337351,5.008825,5.6457496,6.029462,6.0678077,5.4950337,5.6651106,6.5471225,4.646193,5.0394115,4.567962,4.2811017,7.420309,7.1668653,4.934558,4.816418,4.358754,6.30029,5.246317,4.887649
30,4.82737,5.9804306,4.808786,5.28189,6.2413807,6.4090815,7.042389,6.235947,6.5828867,5.4313474,7.117009,5.4958606,5.1019425,3.6202557,3.0883355,4.3432975,6.569301,6.47252,4.546246,6.2963557,3.7267377,4.3388033,2.63712,2.466022,4.293099,5.0784335,5.5102644,5.110641,4.9162936,4.8937235,0.0,0.6429706,7.5087767,8.275747,7.238727,5.7308435,7.9015565,5.142063,7.260579,8.174406,4.292088,4.297978,2.8016584,2.2370756,8.853924,8.662189,5.7058434,7.395873,7.626441,7.151221,3.6867845,4.5530653,7.1742973,6.948637,5.0190907,6.0900807,8.708311,7.5611796,7.540353,7.476829,6.168483,5.7963448,7.57432,7.378,7.2785106,7.54692,5.22447,7.6621184,4.3145895,5.0595627,5.210649,5.035108,5.884088,5.065741,5.701677,5.821396,5.1892633,6.327832,5.089849,4.540926,5.556752,5.0292754,5.027532,5.4983144,6.0955634,5.0979037,3.643245,4.003509,5.6581554,5.486474,5.7328496,5.502004,6.346201,5.53377,5.459585,5.2952576,7.175285,7.165249,7.1322927,8.221997,6.0222063,5.1872516,5.184939,5.3798223,7.4163756,6.612201,6.505352,7.040679,3.963138,3.3756247,4.9247494,4.736785,4.443791,5.44819,4.776642,5.920916,4.0653696,3.8673317,3.395863,3.6937943,6.4952245,6.5349393,4.3476124,4.9389915,4.9419627,4.998323,3.6781545,3.803285
31,4.724836,5.9350014,4.9403944,5.3304906,6.094717,6.357612,7.194577,6.408066,6.615016,5.697723,7.319772,5.7484636,5.151546,3.8408132,3.3711097,4.668689,6.743341,6.570553,4.781329,6.4858465,3.9453871,4.293647,2.7502818,2.7254536,4.4205613,5.19261,5.5406723,5.3342977,4.8806667,4.844474,0.6429706,0.0,7.6297073,8.385481,7.3551803,5.899633,8.097303,5.3022094,7.309172,8.291644,4.477698,4.462438,3.0345232,2.4297159,8.994454,8.804938,5.8098774,7.491356,7.6597514,7.101872,4.0540566,4.82444,7.182798,6.949549,5.011438,6.237189,8.708735,7.5655503,7.5347085,7.4734497,6.3312855,5.938207,7.550979,7.3862343,7.276525,7.5670185,5.55431,7.824096,4.2528133,5.123988,5.305751,5.0956407,6.0955243,5.280843,5.9284997,5.987305,5.434947,6.53238,5.323215,4.6677527,5.695144,5.3692107,5.019368,5.7578263,6.089899,5.127485,3.8620636,4.2127113,5.67617,5.5071993,6.028968,5.748947,6.344361,5.5365334,5.4606614,5.2966766,7.3459177,7.286083,7.358909,8.432068,6.0767784,5.201228,5.208674,5.5053334,7.5523305,6.7474904,6.6115513,7.133295,4.1757216,3.5703266,5.0893464,4.980399,4.634333,5.4195914,4.922559,6.0848203,4.2275443,3.9207833,3.562017,3.707567,6.7330112,6.7772007,4.3518696,4.9891768,4.9300776,5.22373,3.9585252,4.0637517
