,0,1,2,3,4,5,6,7,8,9,10,11,12,13,14,15,16,17,18,19,20,21,22,23,24,25,26,27,28,29,30,31,32,33,34,35,36,37,38,39,40,41,42,43,44,45,46,47,48,49,50,51,52,53,54,55,56,57,58,59,60,61,62,63,64,65,66,67,68,69,70,71,72,73,74,75,76,77,78,79,80,81,82,83,84,85,86,87,88,89,90,91,92,93,94,95,96,97,98,99,100,101,102,103,104,105,106,107,108,109,110,111,112,113,114,115,116,117,118,119,120,121,122,123,124,125,126,127
0,0.0,1.5835692,0.22318235,0.7714977,2.0115213,1.7977548,2.4673476,3.4434276,1.5796816,1.8190696,3.2207155,3.0672,3.6508524,3.272502,4.350229,2.1829603,2.936952,5.641382,5.0807323,5.964887,4.930431,4.1528373,5.4937806,5.4338646,5.4800324,3.8149061,5.407975,5.8452168,4.5897956,5.659509,4.167772,4.3068457,5.7295213,5.0857143,7.130157,6.185597,4.7885094,5.7433877,6.3042707,6.1369157,6.191163,4.701211,6.7330556,4.9755044,5.7061973,6.071143,4.9708095,5.214858,5.609202,4.6239624,5.715395,5.710571,6.1087523,6.1096864,3.0975997,3.0680802,5.040201,4.7408643,4.0549674,3.9730752,4.3287115,4.062799,5.9167557,5.4898534,4.9284244,4.9045544,4.591725,6.0204005,4.249991,3.3584905,4.7024865,4.8675785,6.553618,4.6232147,5.86671,5.5683327,5.0028777,4.594777,4.206589,5.1902056,5.2012997,4.7866297,5.8803906,5.2847614,6.3204,4.596216,4.2054963,4.376228,3.8766644,3.8953636,4.6490645,6.2966766,5.8670387,6.271725,5.0917583,5.070491,5.2550974,5.164146,4.340696,4.220833,3.2167602,3.1407397,3.5617282,3.53378,4.2848206,5.0800014,5.844908,5.7872467,4.5951433,4.520987,4.846239,5.881818,4.637497,4.242486,4.054687,3.7303636,4.372406,5.766012,4.476414,5.2922997,5.3316717,5.1735,5.1193266,5.3372364,4.973803,4.235339,5.611026,4.2928596
1,1.5835692,0.0,1.6621901,1.5788627,1.6272125,1.0385576,1.8960402,3.0943909,2.5661495,2.596705,3.9199963,3.6581826,3.7248914,3.3403292,4.347431,2.2779512,3.5912244,6.3618913,5.1875744,6.599845,4.7625113,4.024896,5.4329214,5.5733876,5.608428,3.7598705,5.5123405,5.7773657,4.956154,5.8929234,4.1978173,4.5339246,5.738613,5.1580195,7.0699797,6.2008853,4.754327,6.0212235,6.2645235,5.7597055,6.1381783,4.9003553,6.7646446,5.095785,5.5111504,5.886591,4.8693547,5.0779357,5.8917966,4.9862933,6.0222235,5.9993043,6.230928,6.3355637,3.4236906,3.3667142,5.447436,5.0498176,4.4653053,4.4769373,4.8910637,4.4780693,5.814437,5.373744,4.3294225,4.5875254,4.002247,5.6102643,3.9491231,3.0635498,4.3866587,4.4880753,6.063314,4.6139903,5.4396596,5.5637097,4.7570457,4.1500096,4.0277004,5.08191,4.8353205,4.668183,5.9831977,5.184645,6.063898,4.2704034,3.9590905,4.392059,4.0857344,4.100824,4.6924233,6.0624824,5.980505,6.3755817,5.1292214,5.374715,5.2412,5.1008005,4.7282805,4.707515,3.116894,2.968702,3.424375,3.3653557,4.7077675,5.467227,6.0218105,5.963488,5.022644,4.951611,4.7356434,5.824169,5.022925,4.608129,4.3714957,4.11801,4.1137238,5.809847,4.7956977,5.3328753,5.1822605,5.4447656,5.388017,5.5532107,5.1057982,4.2591143,5.7463603,4.701756
2,0.22318235,1.6621901,0.0,0.8258896,2.0746315,1.8556097,2.4728272,3.4345512,1.5404043,1.8600472,3.328029,3.070405,3.7186859,3.3966742,4.315386,2.2176788,2.9048233,5.646857,5.1228733,5.951541,5.025873,4.224368,5.578199,5.527573,5.487281,3.899637,5.445365,5.871081,4.680069,5.760754,4.270585,4.4385257,5.8178396,5.164852,7.225861,6.2743835,4.877307,5.826824,6.355929,6.246121,6.2674875,4.7092094,6.780875,4.980587,5.69609,6.0935383,4.9836864,5.2025843,5.6704044,4.670716,5.7753005,5.784797,6.18638,6.1770253,3.2110476,3.1939123,5.0432997,4.7882996,4.117379,4.0324383,4.3592877,4.1674514,5.970577,5.568193,5.0116076,4.98001,4.633285,6.069068,4.2958536,3.4443717,4.8099184,4.972579,6.641609,4.7312965,5.972006,5.661591,5.108843,4.715699,4.3165636,5.274396,5.2501106,4.882917,5.9670334,5.3434825,6.38759,4.6930113,4.306779,4.4835305,3.9649987,3.9839303,4.7174015,6.3859286,5.9328375,6.3396735,5.1699758,5.161795,5.312761,5.196921,4.3445754,4.231778,3.289333,3.2246206,3.6317983,3.6053102,4.274247,5.0993013,5.8034096,5.78837,4.5845,4.5151253,4.9460435,5.996683,4.676448,4.210754,4.030576,3.675762,4.4654365,5.815602,4.493618,5.3430557,5.4332724,5.2584124,5.1841173,5.3867702,5.0413437,4.3267083,5.6892185,4.3769546
3,0.7714977,1.5788627,0.8258896,0.0,2.2806728,1.5853542,2.3143356,3.430171,1.7499506,1.7854428,3.2750857,3.1981843,3.4870207,3.1483834,4.3195252,2.3155475,3.0879989,5.5253572,5.307385,5.93277,4.8939886,4.142575,5.468482,5.44444,5.513101,3.8697386,5.48874,5.7866926,4.72275,5.7809296,3.9534585,4.148299,5.6524973,5.0303245,7.1037784,6.211918,4.648027,5.6821275,6.237167,6.0959196,6.311449,4.800636,6.812067,5.0897927,5.786829,6.1758122,5.0368505,5.2943325,5.611091,4.6192045,5.7229204,5.7287474,6.133985,6.0937996,3.144101,3.1350315,5.122925,4.860793,4.1875725,4.1180205,4.4171133,4.1981606,5.995156,5.390046,4.9907336,4.657964,4.592525,6.0284514,4.1240344,3.2296455,4.370595,4.4798083,6.6048245,4.7213006,5.888886,5.644538,5.129467,4.7130003,4.2896957,5.2513084,5.004313,4.5301304,5.8324637,5.166615,6.138809,4.339213,4.2637095,4.4601192,3.4773314,3.4937303,4.2506065,6.0910454,5.5226026,5.9475484,4.743929,4.717675,4.9358873,4.820779,4.3400044,4.2060204,3.365026,3.2520182,3.625396,3.6029756,3.9501176,5.2535076,5.535723,5.579858,4.3177857,4.294815,4.649234,5.7729855,4.6139436,4.311952,4.1435103,3.8261287,4.110202,5.556691,4.494491,5.038247,5.1444902,5.258232,5.0084357,5.232623,4.7271686,4.15797,5.7120404,4.387604
4,2.0115213,1.6272125,2.0746315,2.2806728,0.0,1.6132734,2.0474348,3.2696834,2.7427168,2.9953914,3.8379688,3.071872,3.9648056,3.8867815,4.871093,2.0227344,3.5583823,6.215755,4.9755273,6.6286736,4.830852,4.178407,5.5499396,5.613224,5.368243,3.382029,5.301809,5.4500284,4.6377087,5.7282324,3.946022,4.3728366,5.6181946,4.8439918,6.917268,6.0611997,4.7907515,5.8662457,6.2025566,5.7250843,5.820317,4.3298883,6.6618166,5.1181607,5.4625998,5.8299317,4.6543484,4.8520694,5.9410925,5.0476546,6.0190864,5.9742165,6.3314962,6.392128,3.6906722,3.3343377,5.5882316,4.940041,4.352434,4.380715,4.6876307,4.406782,5.53435,5.1490107,4.1599054,4.4742746,4.129282,5.688952,4.5015416,3.67511,5.0338197,5.1883388,6.046744,4.8758526,5.323549,5.6482706,4.3039804,3.9610968,4.0377727,5.002805,4.710397,4.958359,6.038214,5.2466235,6.100752,4.2808166,3.7777927,3.990122,4.3019137,4.3183727,4.7270064,6.188856,6.027444,6.401678,4.928195,5.269329,5.32403,5.094808,4.3218307,4.3055034,3.2278738,3.1522288,3.3624196,3.2688925,4.6414547,5.1724515,6.101742,6.0094094,4.9549537,4.8182306,4.8859673,5.9642105,4.9184904,4.4720387,4.266914,3.9171507,4.2239385,5.994742,4.7242193,5.516353,5.3513813,5.337804,5.2441325,5.6422186,4.9609385,4.1458116,5.56827,4.365009
5,1.7977548,1.0385576,1.8556097,1.5853542,1.6132734,0.0,1.4946678,2.9436631,2.710181,2.7017026,3.9571228,3.7519324,3.4807694,3.4380815,4.292154,2.2368762,3.6444247,6.1099653,5.224105,6.305722,4.7348356,4.040719,5.395859,5.5653734,5.316728,3.6525795,5.428296,5.449364,5.128823,5.9821095,3.8084462,4.3438344,5.634639,5.1394086,6.976636,6.209467,4.5751076,6.0011888,6.1805468,5.753415,6.0402284,4.883048,6.710879,5.1484127,5.429361,5.8463783,4.829539,5.0599155,5.9422965,5.0218644,6.049519,6.0248027,6.437946,6.463625,3.683635,3.621387,5.4786844,5.0632114,4.454538,4.5622935,4.838828,4.5841894,5.7609563,5.1715293,4.4502463,4.3300185,4.1430273,5.704731,4.219896,3.3821952,4.562575,4.643421,6.1157937,5.0323415,5.5909743,5.669373,4.9670663,4.3500667,4.1937327,5.200592,4.7948627,4.694191,6.1660137,5.311785,6.075794,4.1653466,4.134527,4.672491,3.8581254,3.8730505,4.221516,5.96983,5.5818324,5.9862494,4.686482,4.9887466,5.0040197,4.798307,4.54046,4.521805,3.4133866,3.2815647,3.572056,3.5093675,4.1574383,5.4800115,5.636836,5.623297,4.6538296,4.5905914,4.7637033,5.8893833,5.036772,4.628868,4.452053,4.146242,4.0795193,5.800615,4.9855857,5.320574,5.325927,5.5995317,5.270299,5.6791587,4.9873757,4.3550973,6.023782,4.8450327
6,2.4673476,1.8960402,2.4728272,2.3143356,2.0474348,1.4946678,0.0,2.2765052,2.884188,3.1479897,4.450794,3.306861,3.9209473,3.70803,4.395513,2.4207041,3.3263009,6.261398,5.6550937,6.333095,5.370113,4.538776,5.8679104,6.1814017,5.281612,3.588396,5.1920605,5.2733483,5.3627524,6.3387766,4.0082126,4.763606,5.970106,5.7535114,7.343064,6.6212487,4.88549,6.3365064,6.0487914,6.064183,6.0830708,5.0961847,6.316457,4.8365183,5.4146204,5.835913,5.040084,5.14221,6.5200357,5.4033527,6.6169057,6.583305,7.002533,7.0403047,4.485502,4.217897,5.6816063,5.1986313,4.7515683,4.7457185,5.046149,5.1594706,5.996484,5.6128254,4.0344567,4.301499,3.8414829,5.5133886,3.7326574,3.2528331,4.638593,4.670642,5.913455,5.0301285,5.6578984,5.549674,5.29096,4.587551,4.5821767,5.601591,4.450711,4.600395,6.2430153,5.0671096,5.9728174,3.9837995,4.069766,5.0045614,4.2128773,4.2234282,4.5540032,6.41111,5.993154,6.3965707,4.7046237,5.1744633,5.230629,4.7762117,4.705847,4.5841894,3.8203952,3.7014961,3.8925905,3.8083258,3.6607354,5.298686,5.134611,5.058233,4.2032027,4.2671237,4.605585,5.7709084,5.3627076,4.5266714,4.3375807,3.9080677,4.384478,5.5787034,4.9648795,5.273991,5.403973,5.7808867,5.3285866,5.79508,4.9066505,4.21065,6.3177466,5.1762347
7,3.4434276,3.0943909,3.4345512,3.430171,3.2696834,2.9436631,2.2765052,0.0,3.0909162,4.066298,4.7897863,4.194332,3.5358531,3.3121738,3.1911662,3.1758454,3.4665754,6.243577,5.8990254,6.5531216,5.555768,5.0970635,6.2295737,6.361489,5.287567,3.5234942,5.417096,5.67871,5.063719,6.59707,4.107045,5.3199544,6.429187,6.215595,7.5922117,6.91589,5.406898,6.8157263,5.497941,6.3886404,6.6301107,5.99333,6.576335,5.1052938,6.1571083,6.52274,5.7033715,5.5395455,6.7276883,5.143227,6.784551,6.738016,7.2097917,7.285086,4.7407246,4.659465,6.3742766,5.9270105,5.415789,5.4927063,5.7588935,5.4846864,6.5789723,6.0219812,4.1029515,4.292759,3.9718165,5.5625105,3.052769,3.2141368,4.465759,4.5749826,5.2755275,4.735836,5.5419016,5.448392,5.069058,4.3421035,4.0908847,5.2161927,5.1065364,5.180787,6.1439624,5.572551,6.2964406,4.40365,3.8957903,5.2285385,4.6176324,4.6266026,4.861685,6.841607,6.569108,6.934861,5.3934255,6.024418,6.0079274,5.1421824,4.816273,4.7191133,3.3743422,3.3113818,3.777198,3.698132,4.2106724,5.324522,5.748531,5.598463,4.9810076,5.031987,4.6834464,5.865121,5.7938943,5.1039815,4.8902793,4.5342193,5.050555,5.1880937,4.7958055,5.399429,5.757745,5.868884,5.6772823,6.1044726,5.364862,4.4360747,6.681094,5.601477
8,1.5796816,2.5661495,1.5404043,1.7499506,2.7427168,2.710181,2.884188,3.0909162,0.0,1.9035988,3.2423747,2.763696,3.6297407,3.1672204,3.799774,2.5588255,2.6546824,5.5041237,5.513856,6.235032,5.3224897,4.610981,5.97102,5.8141932,5.476431,3.7086895,5.393232,5.9017425,3.882404,5.855909,4.173036,4.523589,6.2638116,5.265789,7.563396,6.670108,5.4949274,5.953075,6.2052975,6.6582947,6.765891,4.7821746,6.949955,5.2240367,6.4054074,6.8146553,5.420589,5.378713,5.80429,4.4569464,5.8228893,5.851174,6.302045,6.296778,3.382146,3.3615441,5.523245,5.267646,4.606746,4.4964285,4.606978,4.4384265,6.409424,5.841269,4.9486537,5.0036407,4.773266,6.261979,3.6625533,3.0833585,4.402893,4.5573425,6.4381423,4.676861,6.07278,5.5473924,4.737281,4.8213267,4.2983923,5.233755,5.1641445,4.8801126,5.7478957,5.216124,6.4914436,4.7079983,4.316416,4.189296,3.6846929,3.6976924,4.6773524,6.618227,6.2023053,6.6002083,5.252221,5.2709975,5.8218107,5.324472,4.517297,4.318453,3.2986457,3.2467918,3.648209,3.6167042,4.0880594,5.0923133,5.9102726,5.879799,4.610832,4.660649,4.857748,6.033703,4.875357,4.3461475,4.201996,3.7171805,4.7158804,5.372128,4.1662517,5.1806555,5.370033,5.257374,5.123119,5.3167777,4.7479005,3.9463844,5.8150926,4.4779134
9,1.8190696,2.596705,1.8600472,1.7854428,2.9953914,2.7017026,3.1479897,4.066298,1.9035988,0.0,2.8818042,3.2640822,3.6945188,3.2499347,4.206997,2.2264915,3.4326172,5.883023,5.53499,6.3113947,5.167146,4.2985897,5.722801,5.6602006,5.815394,4.2825933,5.7072573,6.031547,4.5578856,6.043441,4.24731,4.549648,6.3525376,5.353741,7.64813,6.6550264,5.62955,6.052982,6.830636,6.4669085,6.878699,4.7841983,7.2163286,5.609023,6.4513702,6.8676577,5.483419,5.594423,5.922916,4.9666085,5.957516,5.9926963,6.4397054,6.412816,3.645616,3.6525176,5.5204887,5.3295426,4.732452,4.608979,4.451752,4.674148,6.226339,5.6198354,4.8392224,5.356013,4.783352,6.581911,4.355418,3.5726078,4.6935577,4.7818832,6.7052245,4.856401,6.213128,5.7034526,4.9493566,5.0544405,4.6116385,5.7559457,5.0490026,4.658652,5.8545513,5.0756416,6.332661,4.4448767,4.567471,4.209982,3.687708,3.6976304,4.5497603,6.4273705,5.9080453,6.3134594,5.044654,4.9265165,5.717033,5.458328,4.986224,4.8038573,4.0500927,3.96908,4.2726145,4.2430334,4.073614,5.3471065,6.3873606,5.8577933,4.3379483,4.7481227,5.213767,6.043578,5.06302,4.600395,4.5082674,4.06062,4.6719856,5.6448298,4.8204637,5.4380894,5.515792,5.101595,5.360463,5.52704,4.916782,4.330874,6.0301304,4.759236
10,3.2207155,3.9199963,3.328029,3.2750857,3.8379688,3.9571228,4.450794,4.7897863,3.2423747,2.8818042,0.0,3.8203225,3.4709005,2.8624613,5.087604,2.9606261,3.844305,4.3288116,4.9050927,5.8087735,3.586447,3.5242994,4.8064647,4.2921,5.5260506,3.8776386,5.3236094,5.78843,3.7075315,4.694683,3.1958935,3.884727,4.8557663,4.621941,6.1957335,5.852343,4.776062,4.5609593,6.170094,5.8160515,6.504172,4.5078144,7.1990314,5.116859,6.313272,6.7470713,5.0210276,5.392147,4.198749,3.3415196,4.274645,4.2664084,5.314124,5.2521815,3.1155996,2.8780098,5.3522005,4.789153,4.4071302,4.2987676,3.37321,3.703013,5.511405,3.867155,4.9584475,4.654559,4.904043,6.6760645,4.835665,3.9379575,4.4848046,5.018308,6.8106203,3.9394894,5.5778284,6.088423,4.0470996,3.9795742,3.6754935,5.1131735,5.006262,4.3160834,5.167933,4.8499117,5.87558,3.9333248,3.3156905,3.2757459,3.7620595,3.7697115,4.417965,5.87085,5.718299,5.692229,4.78321,4.6965394,5.054023,4.759671,4.252192,3.977363,3.6208224,3.6168983,3.8431273,3.8581243,4.716424,4.327092,6.652132,6.006649,4.697853,4.5682354,4.070728,5.022676,3.8544867,4.5332785,4.3832197,4.625354,4.3485446,4.510941,4.236039,4.3483653,4.6691604,3.589085,4.7604294,5.131281,4.2290463,3.4946804,4.9544196,3.3163617
11,3.0672,3.6581826,3.070405,3.1981843,3.071872,3.7519324,3.306861,4.194332,2.763696,3.2640822,3.8203225,0.0,4.717457,4.312516,5.953654,3.029443,3.0789702,5.7849298,6.1373467,6.761529,6.037639,5.33297,6.5478864,6.482211,6.165393,3.9866407,5.5371633,5.9926705,4.4053063,6.1085815,4.4752297,4.7217484,6.1075816,5.2807617,7.626906,6.674392,5.4403915,5.722836,6.3242054,6.708539,6.7193007,4.538299,6.849763,5.178758,6.4350896,6.8393397,5.5754547,5.65433,6.454486,5.3363895,6.486631,6.5016294,6.8320255,6.8031845,4.418792,3.6483514,6.0794907,5.380486,4.7199945,4.528888,4.6324434,5.189632,6.4753475,5.961995,4.9658623,5.1225243,4.9598403,6.4449053,4.633404,4.133685,5.250868,5.3557963,7.0756555,4.8961315,6.028233,6.1780114,5.0211525,5.0905237,5.115135,5.923436,4.8640094,5.092918,5.919707,5.06925,6.0989566,4.371992,4.1934414,4.0547295,4.559942,4.570724,5.381452,7.0266094,6.6921387,7.0702477,5.0980463,5.1752214,5.722453,5.2946124,4.678267,4.4004364,4.314284,4.2621174,4.0402884,3.973909,4.378957,5.3073664,5.891013,5.936673,4.4065585,4.563823,4.8138967,5.938988,5.032499,4.500145,4.3280525,3.8469822,4.8484554,5.653197,4.315386,5.2742114,5.306561,5.3879666,5.2112913,5.419345,4.5111837,3.9086826,5.669242,4.379439
12,3.6508524,3.7248914,3.7186859,3.4870207,3.9648056,3.4807694,3.9209473,3.5358531,3.6297407,3.6945188,3.4709005,4.717457,0.0,2.29799,3.866147,2.9382424,4.4931526,5.5302663,5.8495107,6.483514,4.4922953,4.6792397,5.692291,5.4039707,6.135466,4.3337073,6.486149,6.3999195,5.1085114,6.5976624,3.4164786,4.7478156,5.6953087,4.992875,7.0210476,6.0657096,4.7532997,6.0392604,5.4189515,5.7615733,7.1278305,6.1483803,7.6301,6.072309,6.843602,7.1252995,6.062924,6.1018405,6.0997715,4.788665,6.1330123,6.1162834,6.8142366,6.7283635,3.9932828,4.0162187,6.730627,6.1956353,4.963297,5.5439024,5.49027,5.2295556,6.380763,4.944313,5.3124003,4.5418606,5.139066,6.6293406,5.0580897,4.644738,4.922829,5.088025,6.415911,4.7673893,5.695439,6.40316,4.842116,4.3367286,3.6856563,5.135114,6.0172606,5.769144,6.1449223,6.3281612,6.0930758,4.217142,3.948027,4.703552,4.357581,4.371297,4.1703315,6.325706,5.732498,6.0998955,4.824586,5.315693,5.3053455,4.776253,4.353392,4.5726676,3.2843297,3.258608,3.1098309,3.0651712,4.658019,5.9831247,6.9423246,6.488291,5.2255135,5.552379,5.15877,5.783985,5.7149477,6.0740027,5.8845,5.775071,5.1960783,5.5857625,5.305948,5.744372,5.936522,5.336623,5.932343,6.1530633,5.6235046,5.1102242,6.637036,5.4166684
13,3.272502,3.3403292,3.3966742,3.1483834,3.8867815,3.4380815,3.70803,3.3121738,3.1672204,3.2499347,2.8624613,4.312516,2.29799,0.0,3.9918814,3.0706892,3.9001741,5.6715083,5.812361,6.560708,4.5795484,4.610335,5.5610056,5.2467513,6.0882635,3.6600199,5.875277,6.4176397,4.1815486,5.6930676,3.3253214,4.204819,5.630417,5.388231,6.920335,6.070354,4.6635394,5.764336,5.4768095,5.537481,6.9762063,6.184387,7.2561088,5.51279,6.829217,7.107397,6.0418935,6.248876,5.755649,4.368367,5.839022,5.7830486,6.279965,6.358521,3.3666296,3.3508358,6.4023886,5.836807,5.0149016,5.14139,5.1889987,4.619964,6.5302463,5.2127085,4.529976,4.3485947,4.3440456,6.038961,3.6223958,3.1401794,3.4857671,3.6531315,5.901007,3.350794,5.0170712,5.546135,4.4044404,3.6940088,3.2265406,4.8338165,5.524226,4.6728835,5.2231436,5.436413,5.7423334,3.6599128,3.1817307,4.175224,3.91559,3.9222484,4.4909306,6.230852,6.029819,6.3739314,5.001751,5.1802497,5.6191626,5.176937,4.97879,4.770831,3.1146991,2.959465,3.4577575,3.4496593,4.830627,5.502235,6.800197,6.3361697,5.1854334,5.457523,4.0030823,4.8564057,5.056459,5.467464,5.2542033,5.1728635,4.3111935,4.5799694,4.3624864,4.7501416,4.9903827,4.7321014,5.437487,5.761311,4.995427,4.0849366,5.9326606,4.7867107
14,4.350229,4.347431,4.315386,4.3195252,4.871093,4.292154,4.395513,3.1911662,3.799774,4.206997,5.087604,5.953654,3.866147,3.9918814,0.0,4.011676,4.813742,6.6465106,6.337816,6.9351864,5.8816595,5.5055394,6.6566277,6.5913863,5.9476395,5.1604586,6.707368,6.7819724,5.7664742,7.5761967,5.074778,6.3004317,7.597581,6.8566813,8.520787,7.7452655,6.8226376,7.801016,6.5696306,7.1710663,8.002337,6.819168,8.091904,6.6768327,7.487977,7.816967,6.6828685,6.3716164,7.0405464,5.506854,7.049308,7.0739107,7.6283693,7.6173844,5.32928,5.7568126,6.8636694,6.9407787,6.5895596,6.56706,6.5336537,6.0908036,7.192125,6.6393642,5.2320046,5.622605,5.190791,6.737983,4.122424,4.3501854,5.2709637,5.3891006,5.9495006,5.6577873,6.6950383,6.146436,5.5695486,5.466872,4.6641197,5.9116564,6.0352173,5.955822,6.6003804,6.356462,7.250455,5.5294633,5.219167,5.8057737,4.98588,4.989938,5.0575676,7.3128896,6.631486,6.98981,6.1697707,6.6995153,6.876759,6.0252337,5.527287,5.468061,4.3457403,4.362252,5.216129,5.1809406,4.8886604,5.9414263,7.0427423,6.4210234,5.6633515,5.9784584,6.200023,6.898724,6.557752,5.9853306,5.876033,5.496507,6.0252905,5.701577,5.5528913,6.2635927,6.887129,6.1831737,6.609009,6.7388153,6.4185395,5.726462,7.607636,6.543794
15,2.1829603,2.2779512,2.2176788,2.3155475,2.0227344,2.2368762,2.4207041,3.1758454,2.5588255,2.2264915,2.9606261,3.029443,2.9382424,3.0706892,4.011676,0.0,3.288276,5.602728,4.989613,6.0953703,4.6059823,4.0292377,5.3751354,5.329897,5.436111,3.6173253,5.541072,5.6134324,4.731245,6.037386,3.4689717,4.5226293,5.6537423,4.920845,7.0568004,5.9681215,4.785066,5.887982,5.9699416,5.5936213,6.2840533,4.6589518,6.9051514,5.149885,5.7525997,6.2166333,4.9446955,5.0794477,5.902157,4.7856245,5.97449,5.9804597,6.4712405,6.440449,3.7329147,3.4549677,5.6985235,5.195019,4.5556493,4.546893,4.4431443,4.7186923,5.576549,4.819762,3.8588626,4.361289,3.855279,5.9375253,4.351249,3.7775872,4.9704676,5.1151147,6.0119615,4.281774,5.206096,5.639459,4.1994414,3.8479047,3.6751049,5.0992846,4.517194,4.7174697,5.5673823,4.972756,5.6057863,3.4669003,3.2188866,3.6829183,4.060401,4.074973,4.1928496,6.1905003,5.671119,6.080512,4.516171,4.931269,5.064656,4.6299605,3.882988,3.7927604,3.244961,3.2226691,3.4770768,3.3973632,3.9103882,4.803229,6.2165685,5.63181,4.057582,4.417792,4.8315682,5.6561313,4.7956514,4.4301605,4.2512064,3.8703818,4.1990833,5.264653,4.2912393,5.150324,5.420753,4.6122823,5.2138557,5.4477997,4.8891096,4.2356496,5.780198,4.4445915
16,2.936952,3.5912244,2.9048233,3.0879989,3.5583823,3.6444247,3.3263009,3.4665754,2.6546824,3.4326172,3.844305,3.0789702,4.4931526,3.9001741,4.813742,3.288276,0.0,4.525045,4.2690835,4.5905905,5.5200396,4.780817,4.864763,4.850943,4.0708494,2.7163713,3.6898909,4.5013065,3.9672358,4.661199,3.7623582,4.275609,5.3299823,5.239098,6.3073926,5.846564,4.585712,5.1260715,5.5225945,6.2794538,5.380617,4.489331,5.2648277,3.396128,4.9726434,5.504062,4.4604793,4.550421,5.3527713,3.9198172,5.38393,5.4009337,5.5805454,5.580155,3.4734173,3.222113,4.803857,4.38787,3.9954734,3.4947593,3.693687,4.35596,6.117376,5.6271048,4.221533,4.3762603,3.9237738,5.3995833,3.9095092,3.479608,4.8085313,5.1785765,5.586646,4.0826855,5.089325,4.595794,4.8676386,4.2603097,4.0669503,4.48798,4.6135516,4.2936196,4.6947966,4.651782,6.1145225,4.1753736,3.9175544,4.433456,3.8400936,3.8655984,4.631871,6.507736,6.293696,6.487788,5.3823776,5.0073977,5.6363235,5.1936326,4.643472,4.3247275,3.9435496,3.9588354,4.1847024,4.172934,4.353874,4.547949,5.3081875,5.203908,4.2772455,4.120698,4.3301206,5.5087614,3.8461103,2.941905,2.7826428,2.6220143,4.5458612,4.4694734,3.7127674,4.298522,4.9905577,4.8312497,3.6365538,4.0286136,4.1682167,3.899494,5.513402,3.9590962
17,5.641382,6.3618913,5.646857,5.5253572,6.215755,6.1099653,6.261398,6.243577,5.5041237,5.883023,4.3288116,5.7849298,5.5302663,5.6715083,6.6465106,5.602728,4.525045,0.0,4.8843365,3.5805976,4.774174,4.87546,4.5359416,4.0864177,4.51467,4.9704094,4.986974,4.9492536,5.503682,4.9427443,4.0581765,5.017904,4.238656,5.3563533,5.0742025,6.1983232,4.821915,4.1389704,5.977632,7.0652723,6.0199237,5.06705,6.5066986,4.709299,5.9252987,6.3793354,4.933615,5.276598,3.7756813,2.9693103,3.8468196,3.8613858,5.242392,4.8261857,4.8964057,4.769199,5.066893,4.761109,4.9631734,4.604705,3.563455,4.805408,6.0044594,4.299735,6.648595,4.7608204,6.405989,7.3136992,6.4210105,5.895663,6.151334,6.9190626,7.5232935,5.7594767,6.6504564,6.860944,6.1082854,5.579167,5.210608,5.575922,5.512641,5.0077114,5.5852327,5.666415,6.8342648,5.2563834,5.0445633,5.5596986,4.578825,4.5935225,4.5634108,6.350135,5.7765574,5.163554,5.4147773,5.041529,4.616778,4.1872325,4.2403946,3.9937377,5.47019,5.598206,5.5966935,5.6383944,5.1360683,4.52757,5.559589,5.3686876,4.9407625,3.810578,4.753494,5.8610506,3.7727802,4.5635133,4.4794087,5.333482,5.7262063,4.3301215,5.1706123,4.1255956,5.399302,4.7139378,3.8180528,4.2078156,4.371192,4.865379,5.9088254,3.988694
18,5.0807323,5.1875744,5.1228733,5.307385,4.9755273,5.224105,5.6550937,5.8990254,5.513856,5.53499,4.9050927,6.1373467,5.8495107,5.812361,6.337816,4.989613,4.2690835,4.8843365,0.0,4.252767,4.3274183,3.95162,2.1265128,2.3664038,2.9477053,3.949849,3.38944,3.5652235,5.2226167,3.484364,4.538104,5.2603154,4.624514,5.236849,4.226308,5.4253387,5.0984354,4.9067836,6.7254806,6.3829694,3.5865557,4.1234717,4.84743,3.7861602,3.6783223,4.265235,2.9288616,3.3310895,3.996638,3.815896,3.9973426,3.8631225,4.2966676,4.3083887,4.141325,4.265698,4.603239,4.114297,4.322812,4.027593,3.4616437,4.251653,5.258941,4.4838157,4.8071,5.01065,4.856902,6.221277,6.377831,5.575626,6.4284835,7.1921325,5.3044133,5.202417,5.070096,5.08072,4.866147,3.995865,4.0331607,3.969028,5.3015685,5.111048,5.1574473,5.604337,7.076715,5.4737587,4.829729,5.0414395,5.185554,5.2165093,5.2860126,6.071317,6.8295374,6.403436,6.6816893,6.219628,5.9655347,5.85942,5.3859453,5.6224933,4.8611603,4.9974456,5.1466355,5.155851,6.6203146,4.7248883,7.310926,6.4753957,6.253386,5.56129,5.5302005,6.394435,4.0727243,3.9365187,3.7914102,4.7174816,5.8086853,5.758592,5.9420156,5.555514,5.7921286,4.9009748,3.7978132,4.1438427,5.2582564,5.317238,5.5978518,4.0569067
19,5.964887,6.599845,5.951541,5.93277,6.6286736,6.305722,6.333095,6.5531216,6.235032,6.3113947,5.8087735,6.761529,6.483514,6.560708,6.9351864,6.0953703,4.5905905,3.5805976,4.252767,0.0,6.099025,5.5929227,4.1923614,4.406176,3.795052,5.5088854,4.5523963,4.557617,7.0661964,5.49247,5.2392583,6.1410084,5.495971,7.037772,5.66807,6.592403,5.4361105,5.9216394,7.1425,7.8358793,4.6079316,6.0862064,4.797185,4.285745,4.858109,5.295388,5.0301175,5.5068674,5.442857,4.906126,5.5368495,5.407161,6.212258,5.8770823,5.814252,5.8978877,4.8800764,4.8365684,5.195387,4.679691,4.2433796,5.6738696,6.664182,5.9380183,6.628102,5.6878996,6.472552,7.4758496,7.088896,6.615989,7.3357434,7.966003,6.9131603,6.347029,6.940357,5.853981,7.510471,6.323293,5.922437,6.033879,6.2565584,5.4997983,6.0979724,6.33973,7.6486855,6.1350636,6.1861854,7.1537457,5.555073,5.580906,5.274239,7.069636,6.5335264,6.112311,6.5992465,5.921811,5.6587486,5.5658164,5.4258704,5.3418264,6.4347315,6.556775,6.726558,6.7513733,5.4405556,5.003064,6.0877395,5.160265,5.083431,4.2424345,6.024471,6.842661,4.942516,4.6534457,4.621425,5.402826,6.718777,5.85766,6.5795994,5.7885046,6.733656,5.8008966,4.120309,4.711388,5.805789,6.358562,7.131503,5.408766
20,4.930431,4.7625113,5.025873,4.8939886,4.830852,4.7348356,5.370113,5.555768,5.3224897,5.167146,3.586447,6.037639,4.4922953,4.5795484,5.8816595,4.6059823,5.5200396,4.774174,4.3274183,6.099025,0.0,1.7452751,3.627582,3.6194115,5.0319285,4.768657,5.207345,5.1034946,5.34868,4.7438436,4.0731993,5.076038,3.8560448,4.8671937,4.732142,6.235135,4.9358187,4.3530154,6.371275,5.859484,5.874191,4.386587,6.945929,4.89341,5.271503,5.6360817,3.9010303,4.2466965,2.923205,3.143004,3.0911348,2.9711027,4.981316,5.020501,4.3411145,4.3754225,5.013945,4.4267564,4.5767365,4.8982244,3.6811576,4.0482936,4.4131584,1.7742554,5.4908733,4.738668,5.4115663,6.7677813,5.8653483,4.919712,5.1662583,6.110917,6.854217,5.21653,6.1220846,7.043932,4.698901,4.0698767,4.100988,5.39483,5.146308,4.8493385,6.397411,5.542956,6.625272,4.985084,4.02083,4.6839547,5.031146,5.0384073,5.1355076,5.5175343,6.291884,5.57294,5.606476,5.9907207,4.6199207,4.399007,4.7647686,5.108943,4.00512,4.0800004,3.9853866,4.002864,6.0814195,4.485662,6.889965,6.121085,6.1483383,5.2477307,4.3546185,5.284071,4.7051563,5.4052663,5.142016,6.1075993,5.5733643,5.250607,6.1800876,5.0310783,4.989881,4.493613,5.3926964,5.5997844,5.00265,4.22902,5.451593,4.135469
21,4.1528373,4.024896,4.224368,4.142575,4.178407,4.040719,4.538776,5.0970635,4.610981,4.2985897,3.5242994,5.33297,4.6792397,4.610335,5.5055394,4.0292377,4.780817,4.87546,3.95162,5.5929227,1.7452751,0.0,3.471521,3.896532,4.4073324,4.5393124,4.4372826,4.387325,5.33099,4.7117205,4.2550154,5.0674505,4.2668824,5.09533,5.1739006,6.464492,5.13802,4.5192924,6.6256065,6.1487656,5.3222575,3.473213,6.1259093,4.1335015,4.5338626,4.9525504,3.2312663,3.4873416,3.230141,3.3836377,3.3732684,3.2767065,5.08464,5.168116,4.295349,4.321018,4.0352144,3.6129534,4.0381384,4.204453,2.899841,3.952313,4.096379,2.5888858,4.979838,4.925973,5.031656,6.513939,5.3309565,4.319233,5.0911903,5.988135,6.5878696,5.2575717,6.338531,6.466225,4.9335184,4.3890424,4.4321404,5.656519,4.454909,4.248393,6.400719,4.883055,6.6473236,4.889647,4.204199,4.722182,4.705535,4.7134867,5.0456223,5.5699325,6.267855,5.6207013,5.483463,5.7639513,4.5778594,4.3863235,4.769423,5.037418,4.0707183,4.1349635,4.057816,4.0492883,5.348721,3.9584453,6.189261,5.2056704,5.4400396,4.4644256,4.385894,5.3482246,4.6838207,4.6494427,4.3801126,5.3289013,5.5374136,5.302943,6.131532,5.036468,4.878657,4.508083,5.0316005,5.1819763,4.7152534,3.8284063,5.4626994,4.0985622
22,5.4937806,5.4329214,5.578199,5.468482,5.5499396,5.395859,5.8679104,6.2295737,5.97102,5.722801,4.8064647,6.5478864,5.692291,5.5610056,6.6566277,5.3751354,4.864763,4.5359416,2.1265128,4.1923614,3.627582,3.471521,0.0,1.4517497,3.3291845,4.240101,3.5648198,3.4421492,5.52631,3.367217,4.1208897,4.9390936,3.9056268,5.159886,3.3558729,5.382552,4.6851406,4.306938,6.606316,6.1392107,3.6558268,4.5049386,4.8023314,3.9353127,4.0119147,4.4550166,3.2185867,3.793181,3.4189498,3.5713887,3.4726665,3.2474964,3.991423,3.9876604,4.209235,4.3431587,4.6716995,4.122522,4.4129915,4.2048154,3.4356322,4.3490057,5.20124,3.7158513,4.9676075,4.6065984,5.0791807,6.3923273,6.3023105,5.425113,5.7952433,6.639398,5.4190335,5.135768,5.118914,5.2345314,5.140099,4.074776,4.135083,4.2751827,4.936757,4.325762,5.0067716,5.2767,6.7240887,4.9546313,4.770493,5.1772904,4.6876583,4.7122436,4.728965,5.4180207,6.3094945,5.6464543,6.1815896,5.6417527,5.211015,5.200722,5.6046124,5.8070107,5.140288,5.21118,5.2535453,5.2730265,6.438067,4.9937644,7.0688915,6.0778823,6.081545,5.291831,4.876433,5.752687,4.1353164,4.5292244,4.355409,5.469117,5.553658,5.195468,6.275669,4.9798055,5.1326585,4.7448583,3.474703,3.780284,4.7753005,5.0266156,5.667306,4.1454744
23,5.4338646,5.5733876,5.527573,5.44444,5.613224,5.5653734,6.1814017,6.361489,5.8141932,5.6602006,4.2921,6.482211,5.4039707,5.2467513,6.5913863,5.329897,4.850943,4.0864177,2.3664038,4.406176,3.6194115,3.896532,1.4517497,0.0,3.88149,4.1176434,4.1844177,4.281197,4.9313335,3.0455298,3.7879212,4.5292983,3.7970796,4.6793084,3.3563435,4.9901266,4.475557,4.015529,6.372679,5.9182158,4.398653,4.7745156,5.67797,4.520373,4.9096837,5.318599,3.8626432,4.451439,3.0757623,3.0564477,3.1063046,2.911897,3.5718966,3.5037684,3.5946803,3.7922554,5.0936923,4.5257907,4.564978,4.3127704,3.5936081,4.0218,5.5120625,3.7084386,5.268583,4.5326786,5.300428,6.55043,6.380728,5.4936047,5.7097516,6.5224066,5.6841154,4.8007197,4.8415976,5.387578,4.646283,3.7583165,3.6687376,3.7452283,5.334584,4.5813985,4.516794,5.505405,6.6542315,4.8844247,4.5195937,4.6518803,4.4645004,4.4906063,4.5490627,5.427078,6.1082993,5.548682,6.1025786,5.447215,5.334326,5.3306184,5.3693757,5.4628415,4.907437,4.9872036,5.1535068,5.189704,6.620856,5.142619,7.425136,6.65829,6.2653694,5.5639286,4.8707047,5.7332997,3.6414788,4.657213,4.5120807,5.501567,5.206308,4.9452033,5.683898,4.7133613,5.0802765,4.3773527,3.4009087,3.7232058,4.7514997,5.029255,5.361425,3.6938283
24,5.4800324,5.608428,5.487281,5.513101,5.368243,5.316728,5.281612,5.287567,5.476431,5.815394,5.5260506,6.165393,6.135466,6.0882635,5.9476395,5.436111,4.0708494,4.51467,2.9477053,3.795052,5.0319285,4.4073324,3.3291845,3.88149,0.0,3.6610227,2.3012688,1.9407564,5.3989077,4.213412,4.348356,5.3627143,5.1845407,6.0046997,4.7960916,6.820814,5.6001463,5.318987,6.518476,7.035339,3.9438004,4.264935,4.236174,3.5681062,4.068023,4.6454234,3.4083548,3.386129,4.638188,3.997665,4.4591846,4.3426266,5.5737185,5.5392647,5.0818744,5.252621,4.600791,4.289567,4.899971,4.5243096,3.8146067,4.9364276,5.8771176,4.9316955,4.8207054,4.7307687,5.1550364,6.1777906,5.7295012,5.231681,6.1422777,6.8998294,5.0875497,6.0617,6.0085053,4.999903,5.592181,4.9643073,4.9451995,4.8857784,4.656821,4.641656,5.6668687,5.553402,7.6633296,5.485263,5.3568864,5.8634334,4.751905,4.772837,4.8311214,6.7007113,6.835364,6.30875,6.1601295,5.818211,6.044696,5.493054,5.647877,5.737495,5.544157,5.643492,5.766187,5.751861,5.5213575,4.569234,5.880737,5.116098,5.5718145,4.6140246,5.2487435,6.389692,4.6511207,3.8346643,3.803015,4.585396,6.014114,5.1438313,6.1435084,5.159534,6.0389585,5.866853,3.4163845,4.3484483,4.80311,5.032665,6.7394996,4.842278
25,3.8149061,3.7598705,3.899637,3.8697386,3.382029,3.6525795,3.588396,3.5234942,3.7086895,4.2825933,3.8776386,3.9866407,4.3337073,3.6600199,5.1604586,3.6173253,2.7163713,4.9704094,3.949849,5.5088854,4.768657,4.5393124,4.240101,4.1176434,3.6610227,0.0,3.3980365,3.9544663,3.0515559,3.737532,2.483959,3.4000616,4.71426,4.582545,5.221127,5.6560245,4.153364,4.7194605,5.1246033,5.341984,4.8845677,4.482329,5.3646836,3.984051,5.212354,5.6612883,4.318394,4.519567,5.0076547,3.6739209,4.9014745,4.8125386,5.3123403,5.4494386,3.0371313,2.8021808,5.6053534,4.7565145,4.433106,4.123064,4.1737757,4.1034045,6.0764647,4.768456,3.159884,3.2204847,3.531062,4.986285,3.8316975,3.242927,4.1351495,4.564288,4.341553,3.8460972,3.8348923,4.1790924,3.3224237,2.6556113,2.9944205,3.3406353,4.0802684,3.8693006,4.1205773,4.801042,6.1215687,3.3449159,3.038151,3.5385194,3.4023125,3.4227982,4.013607,6.162062,6.215514,6.3006783,4.8881836,4.6390953,5.652397,5.100084,4.940971,4.719286,3.7281384,3.675521,3.9386842,3.8951554,5.0218573,4.897947,6.022286,5.840693,5.131716,4.8207746,3.64733,5.0552936,3.780336,3.7684646,3.6179233,3.6794813,3.6728249,4.0287127,3.819628,3.881036,4.6555667,4.939975,3.2135878,4.1572742,3.8027384,3.4841404,5.5396543,3.6673286
26,5.407975,5.5123405,5.445365,5.48874,5.301809,5.428296,5.1920605,5.417096,5.393232,5.7072573,5.3236094,5.5371633,6.486149,5.875277,6.707368,5.541072,3.6898909,4.986974,3.38944,4.5523963,5.207345,4.4372826,3.5648198,4.1844177,2.3012688,3.3980365,0.0,2.1206644,4.825806,3.1813512,4.561262,5.122218,5.005668,6.110536,4.8109293,6.4869514,5.561264,4.7766204,6.6143994,6.9988737,3.8480914,4.0328503,3.5717537,2.5174031,3.9437053,4.530858,3.4081128,3.5338173,4.5333843,4.0274343,4.4872046,4.3469095,4.99932,5.1752815,5.0322924,4.844584,4.5208745,3.864406,4.5560336,4.093825,3.3108852,4.7732363,5.7019672,5.110827,4.474083,4.9999466,4.730614,5.9520206,5.322967,4.686967,5.6634197,6.482834,5.257292,5.49574,5.690127,4.8456,5.4774995,4.783016,5.1213455,5.130684,4.5472775,4.2300315,5.507684,4.746627,7.1288137,5.3442574,5.0944333,5.6171837,4.973589,4.991443,5.6422954,6.438668,7.3109455,6.7948456,6.531449,6.0421615,6.3892055,5.959778,6.274904,6.1553226,5.6029644,5.6453447,5.602893,5.5986056,5.967002,4.56574,6.0150957,5.306314,5.8455973,4.9246607,4.58186,5.843774,4.471404,3.5871015,3.4821415,4.427839,5.9343123,4.9678626,6.0277977,4.8540964,5.08626,5.419629,3.3223822,4.2906103,4.2735004,4.148884,5.8827662,4.4950027
27,5.8452168,5.7773657,5.871081,5.7866926,5.4500284,5.449364,5.2733483,5.67871,5.9017425,6.031547,5.78843,5.9926705,6.3999195,6.4176397,6.7819724,5.6134324,4.5013065,4.9492536,3.5652235,4.557617,5.1034946,4.387325,3.4421492,4.281197,1.9407564,3.9544663,2.1206644,0.0,5.6259336,4.374314,4.3710713,5.339099,5.0070667,5.829792,4.723653,6.5301137,5.6632433,5.02216,6.6851296,7.034361,3.8668253,3.7769744,4.0173593,3.6298516,3.9271135,4.522679,3.2134829,3.1324,4.8958693,4.5261955,4.810828,4.6987815,5.460357,5.434586,5.6022964,5.4217715,4.920815,4.3345785,4.8688397,4.67347,3.780903,5.373639,5.4126077,4.665749,4.7364664,4.7377725,5.106032,6.288042,6.0533414,5.4649143,6.19376,6.940705,5.395524,6.4103837,6.013249,5.452886,5.672611,5.1873894,5.4455156,5.3932076,4.20285,4.562081,5.999175,5.03159,7.078693,5.285655,5.5188384,5.8650227,4.874975,4.892263,4.975773,6.104238,6.714539,6.089264,6.0342307,5.7333913,5.8723555,5.324557,6.0062737,6.088889,5.957628,6.0194035,5.765543,5.7385764,5.607912,5.0450196,5.8263764,5.0207095,5.5777392,4.67917,5.1848764,6.32628,4.991939,4.172232,4.128145,4.93343,6.1419053,5.3935375,6.661608,5.2849445,5.496804,5.8332005,3.4937048,4.405044,4.3113866,4.7316103,6.438463,5.0338497
28,4.5897956,4.956154,4.680069,4.72275,4.6377087,5.128823,5.3627524,5.063719,3.882404,4.5578856,3.7075315,4.4053063,5.1085114,4.1815486,5.7664742,4.731245,3.9672358,5.503682,5.2226167,7.0661964,5.34868,5.33099,5.52631,4.9313335,5.3989077,3.0515559,4.825806,5.6259336,0.0,4.027621,3.8246086,3.8444023,5.820797,4.543961,6.3564134,6.0882263,5.809483,4.8849764,6.016388,6.351371,6.7788825,4.780554,7.1649723,5.6660366,7.2272654,7.5621786,5.6820035,5.6565285,4.9902635,3.7037609,4.8717155,4.865499,4.8401875,5.0471926,3.336149,3.0543816,6.471311,5.7869945,5.383276,5.0930576,4.8560038,4.3179626,6.647995,5.5706997,4.8026695,4.933949,5.096248,6.3133645,4.443213,3.8079731,4.2549896,4.730932,5.8144727,4.5048256,5.04071,5.3992343,2.8217928,3.9442348,3.9314294,4.1914024,5.2412057,4.8785253,4.5735817,5.0636697,6.5569344,4.808367,4.227613,2.9408653,3.8553782,3.863376,5.1621013,6.3041844,6.799854,6.8595963,5.9738536,5.555477,6.8986454,6.33716,5.915056,5.5157027,4.3419447,4.298402,4.5684476,4.5651207,6.266087,5.750261,7.3977036,7.321205,6.4525023,6.197446,4.6105137,5.7949734,4.420062,4.8881598,4.7989035,4.7907333,4.690843,4.604755,4.0411816,4.562041,4.5502105,4.828875,4.325304,4.797033,4.070212,3.4171407,5.030312,3.8885274
29,5.659509,5.8929234,5.760754,5.7809296,5.7282324,5.9821095,6.3387766,6.59707,5.855909,6.043441,4.694683,6.1085815,6.5976624,5.6930676,7.5761967,6.037386,4.661199,4.9427443,3.484364,5.49247,4.7438436,4.7117205,3.367217,3.0455298,4.213412,3.737532,3.1813512,4.374314,4.027621,0.0,4.515971,4.410044,4.3030205,5.3648677,3.9360735,5.676161,5.0915956,3.7644243,6.8279076,6.4933887,4.713375,4.6327906,5.5263653,4.0025206,5.234815,5.7115955,4.2453146,4.865958,3.2914793,3.3663855,3.310722,3.134427,3.4651716,3.8219025,3.9603136,3.8035285,5.194162,4.3847003,4.7696557,4.2823253,3.524875,3.9991739,6.032114,4.7654204,5.4617834,5.2888155,5.474919,6.508418,6.123067,5.108497,5.5802727,6.444295,6.2078867,5.0605917,5.269016,5.552189,4.8726745,4.258797,4.704505,4.54166,5.6409545,4.67279,5.0178456,5.358853,7.172157,5.57197,4.9533067,4.9320297,5.0273786,5.046602,5.9361987,6.110453,7.291304,6.7726235,6.8885922,6.0594025,6.6096964,6.5736947,6.5851045,6.3152924,5.5578275,5.566897,5.680686,5.721516,7.2968516,5.40004,7.396505,7.09305,7.0410557,6.1016736,4.5677395,5.804026,3.6158354,4.425337,4.313827,5.3109593,5.3633623,5.107085,5.618188,4.574213,4.6581163,4.9309125,3.5185597,4.4065037,4.5561185,4.3508987,4.9643555,3.6287167
30,4.167772,4.1978173,4.270585,3.9534585,3.946022,3.8084462,4.0082126,4.107045,4.173036,4.24731,3.1958935,4.4752297,3.4164786,3.3253214,5.074778,3.4689717,3.7623582,4.0581765,4.538104,5.2392583,4.0731993,4.2550154,4.1208897,3.7879212,4.348356,2.483959,4.561262,4.3710713,3.8246086,4.515971,0.0,2.9690495,4.250059,4.170824,5.1664305,4.907509,3.7018762,4.481659,4.991046,5.029417,5.4827123,4.851427,6.259176,4.9622254,5.8968563,6.2907495,4.8056426,5.1373363,4.7611113,3.4968917,4.803649,4.710492,5.1454906,5.0363793,3.4670773,3.103208,5.909886,5.121901,4.7367053,4.5794463,4.2328067,4.290259,5.5442057,3.7621918,3.8684955,2.5253391,4.084899,5.722814,4.502009,3.8989987,4.11896,4.5072308,5.0964475,4.1692586,4.0750937,5.006693,3.547068,3.0000293,2.9814801,3.840359,3.9529164,3.634736,4.2083573,4.4365396,5.0214677,2.405441,2.903229,3.4705107,2.5795505,2.5917583,2.3970954,4.9437947,4.516251,4.57159,3.6658208,3.5866282,4.490542,3.8444388,4.13706,3.7130458,3.9366667,3.8911736,4.0875435,4.057619,4.1502476,4.9427404,5.87337,5.454451,4.3493686,4.155223,3.5426056,4.7786098,3.759919,4.472975,4.3710794,4.510891,3.2486155,3.5444295,4.008244,3.4886196,4.101188,4.029956,3.3022702,4.2424784,3.306948,3.4533243,5.2769303,3.7221193
31,4.3068457,4.5339246,4.4385257,4.148299,4.3728366,4.3438344,4.763606,5.3199544,4.523589,4.549648,3.884727,4.7217484,4.7478156,4.204819,6.3004317,4.5226293,4.275609,5.017904,5.2603154,6.1410084,5.076038,5.0674505,4.9390936,4.5292983,5.3627143,3.4000616,5.122218,5.339099,3.8444023,4.410044,2.9690495,0.0,3.8380044,3.1587954,4.9212646,4.819957,3.189116,3.5023513,4.3622375,3.8686876,6.1112742,5.0986576,6.8992214,5.6263824,6.6038227,6.1936216,5.473581,5.9283347,5.091879,4.29238,5.1168175,5.06321,5.1856008,5.176892,3.4450243,3.1072621,5.1682763,4.3924527,3.8532712,3.500066,4.625638,3.3221624,5.2940636,4.985711,5.123385,4.1954513,5.1908813,4.749789,5.210487,4.308344,4.542,4.851782,6.3067975,4.9795084,5.0798473,5.567768,4.4164453,4.2899513,4.336881,4.680762,4.9246683,4.2675586,4.9023085,5.1716247,5.9737973,3.982533,4.3397593,3.986622,3.1485906,3.159166,3.9942193,5.6002584,4.3086224,4.471452,3.4348044,2.652294,4.7804723,5.2876215,5.3755593,4.889891,4.804272,4.702797,4.892276,4.8833947,5.2974405,5.9624634,5.57492,5.703671,5.42453,5.0979176,4.3392572,4.070517,4.1483054,4.9617844,4.8401365,4.892787,3.6380281,4.845452,4.5198016,4.223491,4.393584,4.9661784,3.8670125,4.5371003,3.9221907,3.9786325,5.357854,3.9861948
