,0,1,2,3,4,5,6,7,8,9,10,11,12,13,14,15,16,17,18,19,20,21,22,23,24,25,26,27,28,29,30,31,32,33,34,35,36,37,38,39,40,41,42,43,44,45,46,47,48,49,50,51,52,53,54,55,56,57,58,59,60,61,62,63,64,65,66,67,68,69,70,71,72,73,74,75,76,77,78,79,80,81,82,83,84,85,86,87,88,89,90,91,92,93,94,95,96,97,98,99,100,101,102,103,104,105,106,107,108,109,110,111,112,113,114,115,116,117,118,119,120,121,122,123,124,125,126,127
0,0.0,2.7337115,3.133611,1.9207208,3.5788896,3.4864762,3.500324,3.1671512,5.9696107,6.050008,6.2391634,5.9984508,6.1858683,6.0505476,6.023015,5.9920263,6.2850866,4.8856254,6.4719925,6.153315,5.135617,4.758854,3.967845,4.757062,9.155092,6.8269153,7.6689777,7.5791044,5.822939,5.822939,6.587361,7.023994,5.6775417,6.441113,4.7906547,4.8722935,5.0447264,5.884634,6.0068207,5.396825,5.8833337,5.514284,6.1604595,6.53446,6.0778103,5.6421227,5.573867,5.560996,6.743259,7.031585,5.738291,5.7462254,6.332718,6.0525346,5.8919134,7.2849727,4.7377715,6.4279437,5.899501,5.1207027,6.8054466,5.3756504,6.536649,6.9648385,5.4130135,5.1884737,6.0607924,6.0121164,5.9572687,5.644818,5.347153,6.259083,7.793275,6.5001144,4.5710907,5.2687306,4.1616616,5.0208545,5.178984,6.8923936,4.695917,6.7092967,5.7370567,5.663997,5.5888925,5.4792895,6.6607966,7.3244643,4.89905,6.733013,6.8419895,6.300062,5.964319,5.905661,6.00628,6.0142055,6.226556,6.241172,7.2474046,7.043247,6.210798,6.1739078,7.441917,7.024,4.938783,6.5697236,4.8499937,4.9688015,5.6386395,4.637872,4.8218737,7.5029035,7.03458,3.6396222,4.6837373,6.2186437,5.1886187,5.3195977,6.083113,4.988849,5.8511996,7.2087336,6.5086746,6.420428,5.804074,5.430889,3.4083233,3.9910693
1,2.7337115,0.0,3.949558,3.0532336,4.838458,4.64095,4.6556697,4.1863494,6.1110764,6.0407495,6.314379,6.5106177,6.476656,6.342072,6.351392,6.330914,6.873188,5.485861,7.0895114,6.658121,5.9902687,5.6586137,4.8524866,5.363387,8.533843,6.050006,6.849241,6.8534245,4.487057,4.487057,5.4681096,6.06704,6.8341093,7.437475,5.4044223,6.059007,6.125594,7.012283,7.051906,6.4668756,6.631652,6.3775663,7.1727195,7.381144,6.84233,6.5095024,6.383518,6.3587947,6.421393,7.5208178,5.378415,5.420944,5.548668,5.327947,5.420588,7.8916454,5.81483,6.2043924,5.819738,6.017137,7.2379403,6.178984,6.0468516,7.3474255,5.3189826,5.219695,5.721932,6.669903,6.8899684,6.5120783,6.1595526,6.0700707,7.19769,6.7028813,4.3364544,5.1800184,4.9876213,6.3301606,6.4300976,7.906625,4.396967,6.131993,6.26156,6.2163787,5.221336,5.2981935,6.4201035,7.5606346,4.73465,6.956014,6.8009887,5.912339,5.569671,6.611616,5.620863,5.613177,7.1251884,7.0125804,7.735108,7.9357057,6.9730644,6.9448047,8.181962,7.9402323,6.18599,6.898768,5.2576137,5.5049605,5.666632,4.856109,6.0789824,8.312402,6.5872245,4.6609416,5.63952,6.9960227,6.836583,6.9814005,6.855056,6.3465295,7.4302545,8.583081,7.746972,7.615095,6.9250317,6.946387,5.2838936,5.472221
2,3.133611,3.949558,0.0,2.489216,4.690571,2.8785295,2.9294896,2.420842,6.601604,6.213811,6.862338,6.562655,7.4343624,7.265779,7.221843,7.1902018,6.6458282,5.2767496,6.837941,6.35441,5.4704685,5.302656,4.3565655,4.550384,8.859801,7.2282076,7.9558263,7.6517487,6.050149,6.050149,7.267429,7.6748877,6.822913,7.10346,6.1681104,6.1765795,6.1586313,6.433284,7.0869985,5.782914,6.895942,6.5517445,6.82409,7.052745,7.1274724,6.6767015,6.600032,6.5927944,7.2288427,7.481294,6.224697,6.2307153,7.1897793,7.0566473,6.777259,8.133232,6.0760202,7.5217547,6.5246024,5.6607976,7.139338,5.952901,7.40437,7.321869,5.4390073,5.274895,6.097767,5.857618,5.690459,5.8929887,4.8466287,6.498559,6.8972964,5.2422023,5.7142773,5.6999497,4.5386553,5.6848097,5.870735,6.421759,4.764805,5.659269,5.8957577,5.7511916,6.1235595,6.110593,7.288702,6.7828336,5.908573,6.5116215,8.027636,7.4551635,6.255413,6.1793923,6.702927,6.709483,7.2407627,7.159529,6.582181,6.4817405,5.398564,5.3520546,6.7475405,6.348303,5.1566596,6.022267,5.4757223,6.172803,6.0738645,5.3799796,5.5663404,7.9268503,7.038694,4.2287416,5.5218396,6.2049365,5.9275303,6.6588492,6.2209845,5.8317757,6.980021,7.2037697,5.3840284,5.252736,6.311428,5.9564047,4.2210984,4.6422725
3,1.9207208,3.0532336,2.489216,0.0,4.6306834,2.7872033,2.8212235,2.4073572,6.0513515,5.69803,6.4075685,6.105428,7.032108,6.8352895,6.864212,6.8344307,6.173667,4.780018,6.350091,5.8727574,4.872316,4.694634,3.7193549,4.5558023,9.311276,7.225542,7.5858703,7.5506673,6.0654306,6.0654306,6.8749905,7.2661014,6.464033,7.2513523,5.453655,5.506294,5.760771,6.5213933,6.7104025,5.8247433,6.5112762,6.17272,6.8797584,6.8861613,6.7172613,6.2608495,6.1777806,6.164998,7.31419,7.524705,6.172227,6.1702,6.787417,6.621245,6.3526797,7.7357135,5.6415844,7.1501174,6.7416544,5.761539,7.2662964,5.991447,7.112956,7.359225,5.4479723,5.2313066,5.825627,5.770663,5.638087,5.9395065,4.877591,6.4540744,7.8079104,6.3772407,5.268565,5.885988,4.3579907,5.6636434,5.8672767,7.400283,4.8253174,6.7805986,5.805356,5.622908,5.573436,5.426987,6.8136163,7.305288,5.353219,7.028283,7.7542906,7.02855,5.7508774,5.69854,6.1592484,6.1695786,7.2630496,7.188575,7.5339828,7.4369764,6.4885817,6.4505672,7.693786,7.447944,5.613578,6.997577,5.4312663,5.6800423,6.060299,5.386727,5.4148293,7.887865,7.9096103,4.2542977,5.9426785,7.192595,5.6941123,6.0006347,5.907313,5.001617,6.5269403,7.7484317,6.5396614,6.4303136,6.1275554,5.9297743,4.18139,4.7037935
4,3.5788896,4.838458,4.690571,4.6306834,0.0,3.8993506,3.906268,4.4280496,5.809034,6.754007,5.9200234,5.989003,5.658403,5.5419807,5.4604883,5.496213,6.4416013,6.035867,6.35485,6.6070495,5.918169,5.4628797,5.1500564,5.2427306,8.418057,6.637002,7.8444304,7.527656,5.825923,5.825923,6.9515862,6.720727,6.241429,6.476566,6.32665,6.3523307,5.1880326,5.68484,6.3469987,5.9176817,6.028059,5.991195,5.965971,7.206773,6.64697,6.103257,6.0009437,5.969265,6.661497,6.290676,6.413248,6.463629,6.585664,6.3186517,6.4576154,7.60444,5.474779,7.2751055,6.52541,5.610789,6.707355,4.0534196,7.2180457,7.052268,5.7696557,5.605089,6.2172217,5.8546033,5.7054253,4.4500794,5.1330814,5.118805,8.161106,6.5962663,4.7051377,5.1652064,3.2211986,4.4649844,4.452959,6.314414,5.1370754,7.159416,5.162551,5.0897527,5.7038264,5.530175,6.067392,7.400122,4.6437144,6.1055617,6.230984,5.4596353,5.7673016,5.537132,5.231324,5.252346,5.8021855,6.1082754,7.0995936,6.685559,6.423057,6.388017,8.225859,7.4966,3.8455565,5.5926943,3.878456,4.690926,5.8811393,5.2683077,4.141522,7.5092235,6.7899737,3.849536,4.2486544,5.8452625,5.496734,5.789562,6.4475584,6.3885007,6.161202,7.3675375,6.5758896,6.5124383,6.694093,5.5478272,3.7380242,5.497424
5,3.4864762,4.64095,2.8785295,2.7872033,3.8993506,0.0,0.5028278,2.2941477,6.0529237,6.136502,6.387312,6.433573,7.485922,7.3304963,7.3101664,7.315251,6.1057706,5.466262,6.0605235,5.823198,4.736553,4.5496726,4.524182,4.551942,9.074181,7.2166753,7.379309,7.08754,6.3535833,6.3535833,7.3997984,7.413951,7.2853637,7.56943,6.5398245,6.5700574,6.4853973,6.8958964,7.364978,6.0231075,7.0936418,7.0317297,6.966473,7.420451,7.6200852,7.1655054,7.022288,6.993928,7.713754,7.4122577,6.7996387,6.8114104,7.719032,7.556933,7.4283414,8.458949,6.7767835,8.341022,7.579202,6.4074187,7.845982,5.758383,8.258099,8.063033,4.705073,4.492796,5.056078,4.5924144,4.6586156,5.0824428,3.8943682,5.787985,7.482885,5.6204505,5.2518477,5.757748,3.6783135,5.084042,5.2633724,6.9008374,5.534165,7.4559536,5.4007134,5.1677036,5.4739413,5.4101486,6.5010586,6.990311,5.3935623,6.7556543,7.8252606,7.171511,5.305531,5.124148,5.798612,5.809768,7.5261583,7.7574434,7.8339787,7.303689,6.3742986,6.3360963,8.064206,7.8236156,5.036385,6.4734983,5.080386,5.851448,6.430234,6.0582414,4.5140133,7.8122544,8.042868,4.240416,6.106569,7.2832613,5.33695,6.181351,5.4321675,5.2470937,6.761744,7.8500295,5.936203,5.857271,6.549526,5.3940573,3.635161,5.531502
6,3.500324,4.6556697,2.9294896,2.8212235,3.906268,0.5028278,0.0,2.1446474,6.030409,6.1946197,6.319874,6.3864775,7.5452743,7.344467,7.2985544,7.300437,5.9803123,5.3120866,5.9773626,5.729674,4.573009,4.381836,4.595808,4.3422203,8.923295,7.0960064,7.3303833,6.971577,6.3037386,6.3037386,7.2765584,7.2184777,7.212999,7.505765,6.4559035,6.4997354,6.5253663,6.7870116,7.318569,5.9316597,7.017662,6.923609,6.900531,7.4578986,7.507121,7.0752234,6.935052,6.9047437,7.4904995,7.2467985,6.647578,6.6607647,7.595924,7.446435,7.314885,8.405387,6.794423,8.236575,7.4852877,6.283166,7.6889586,5.765525,8.100929,7.8999076,4.7626047,4.5572367,5.0198445,4.571118,4.863243,5.160693,3.9742627,5.8855653,7.549338,5.761339,5.3024154,5.7919383,3.7993681,4.9519744,5.139293,6.8264923,5.4354215,7.3877726,5.254585,5.0059204,5.329451,5.3384805,6.426094,6.929871,5.3387084,6.723615,7.731905,7.115289,5.30395,5.1069827,5.8284917,5.839728,7.5015974,7.726315,7.8635783,7.293032,6.352985,6.3139534,8.011429,7.841841,5.088645,6.5190387,5.012878,5.810859,6.571007,6.14447,4.6731863,7.8995714,8.103578,4.372423,6.2146163,7.3803744,5.375742,6.2002206,5.38431,5.309353,6.659989,7.7934785,5.917133,5.8248234,6.640067,5.377283,3.7782695,5.588784
7,3.1671512,4.1863494,2.420842,2.4073572,4.4280496,2.2941477,2.1446474,0.0,6.264345,5.935163,6.326795,5.978241,7.395523,7.2575617,7.1860743,7.1796556,6.061852,4.6158004,5.9588227,5.3218765,4.656333,4.485936,4.607907,3.5806382,9.098876,7.5580325,7.5513444,7.1353307,6.2320914,6.2320914,6.7011495,7.337967,6.414784,6.6051197,5.632727,5.693681,6.098606,5.9230447,6.684159,4.8715177,6.275239,6.0065756,6.2226815,6.6342597,6.634115,6.145004,6.070651,6.062284,6.726538,7.0549955,5.763601,5.789578,6.732825,6.6047215,6.3621774,7.732462,6.3329434,7.3779497,6.6723204,5.560444,6.7940407,6.0657682,7.15355,6.971664,5.203644,5.0250983,5.514649,5.1039596,5.7078834,5.6937575,5.045663,6.643878,7.9622846,6.34218,5.8341417,6.3295736,4.14511,5.0369916,5.218634,6.869327,4.3385587,6.4681964,5.299164,5.0279145,5.555686,5.6762,6.7942085,7.193525,5.4440274,6.957087,8.0541115,7.393348,6.295612,6.061063,6.7528305,6.7644663,7.5629945,7.4752336,7.7481384,7.5782046,6.6385894,6.5990486,7.461175,7.573482,5.538325,7.049556,5.611588,6.3081083,6.7467766,6.2087827,5.680933,8.062912,8.0618925,4.2453995,6.04851,7.248174,5.878292,6.664658,5.82062,5.794143,6.7796273,7.9248657,6.331583,6.2008758,6.3896623,5.8565125,4.295977,4.8613067
8,5.9696107,6.1110764,6.601604,6.0513515,5.809034,6.0529237,6.030409,6.264345,0.0,2.8884337,2.4067104,3.2303038,4.1250753,3.9462998,4.286245,4.301091,3.9222102,5.797432,3.9615765,4.0069795,4.7447953,6.6648455,5.160274,5.4047856,6.1178317,7.790089,7.435909,7.4166794,7.0198216,7.0198216,7.249505,6.1993623,6.617104,7.502254,5.42001,5.5452366,5.92956,6.9137263,6.4105964,5.5322595,6.1881337,6.416748,6.4988837,6.0755315,6.9528584,6.3950405,6.3159175,6.2905416,6.9868608,6.7746277,5.488736,5.484886,6.020522,6.191292,6.0291047,8.042316,6.9982347,7.159326,8.482986,6.2660646,7.091409,5.4283895,7.0920906,7.104472,5.6352925,5.700492,6.578601,6.885586,5.4474893,5.043654,5.0709796,5.5176616,8.497551,7.643005,6.3266263,6.627682,6.2203236,6.905739,6.9828396,8.3602085,5.1431065,6.871707,4.074874,4.2546287,3.909621,3.391503,5.107636,7.920582,3.8794267,5.5331407,6.4977202,5.52259,5.048558,5.2682815,4.762227,4.774437,6.729663,6.8796062,7.887296,7.4528756,8.471586,8.450365,9.458599,9.60224,4.8950305,6.3809457,4.245963,4.3832684,5.974612,5.5541,6.898235,9.4463415,8.385615,6.36871,7.27659,8.340887,6.918739,7.2796874,6.632068,6.6933002,4.847773,6.4864917,8.443138,8.415343,7.997527,7.819257,6.7031813,7.727937
9,6.050008,6.0407495,6.213811,5.69803,6.754007,6.136502,6.1946197,5.935163,2.8884337,0.0,3.5019279,3.349188,4.73449,4.8655457,5.084987,5.087043,4.991887,5.985595,4.663767,3.9995828,5.618473,7.376144,4.692528,5.6862817,7.599085,8.706617,8.2872715,8.20801,7.3555756,7.3555756,7.698003,7.779097,6.883199,7.4557467,5.700931,5.9077706,5.794224,7.3170133,6.842716,5.6713243,6.5881963,6.7162538,6.6079926,6.0408015,7.240286,6.675591,6.6568537,6.663067,7.352838,7.870056,5.9638257,5.9621973,6.3801537,6.607213,6.2790513,8.280309,7.063452,7.5008802,8.696912,6.6284437,7.4778104,6.24404,7.3992786,7.45566,6.036871,6.103673,7.106741,7.363147,5.7921743,5.7165585,5.8011026,6.515257,8.706429,7.794563,7.0987787,7.3805795,6.6153307,7.8470526,7.9299803,9.135979,5.023061,6.705344,5.282071,5.3447576,4.9440637,4.68908,6.0566263,8.636437,5.0193295,6.5145264,7.5109463,6.680805,5.709229,5.811253,5.8440356,5.8533297,7.6187863,7.443543,7.9464936,8.0504675,9.0019455,8.981399,9.765892,9.702622,5.8829765,7.27685,5.811292,5.9273224,6.223775,5.9394403,7.5758543,9.591735,9.012065,6.5784206,7.941088,8.9076805,7.8918037,8.2380495,7.3931155,7.2649007,5.9242034,7.1880956,8.448156,8.398463,7.8104544,8.15916,6.993656,7.28205
10,6.2391634,6.314379,6.862338,6.4075685,5.9200234,6.387312,6.319874,6.326795,2.4067104,3.5019279,0.0,2.0270894,4.2901692,4.2836423,4.0143595,4.124378,4.109246,5.5785522,3.70437,3.7967134,5.0830607,6.8775864,5.4469204,5.3868318,6.474519,7.993971,7.689266,7.503171,7.1079473,7.1079473,7.1486025,6.5353227,6.87242,7.4510646,6.065927,6.1211114,5.6954103,6.7565155,6.767693,5.406922,5.9184275,6.2805037,6.4921856,6.9739776,6.9344387,6.511754,6.4067745,6.3876777,6.4121823,6.130242,5.46456,5.5548596,5.972366,6.234323,6.1379642,8.213585,7.106456,7.2375236,8.313798,5.911219,6.750474,5.297889,6.9216313,6.831221,5.791396,5.90306,6.78411,7.1314044,6.067283,4.4345775,5.60116,6.055139,8.732537,7.9754996,6.0581913,6.8691654,6.14231,7.4746246,7.5092115,8.857433,4.3066697,6.404023,4.103057,4.1812778,4.476018,4.2502084,5.7177444,8.2713785,4.3284664,5.7866983,6.331329,5.7368517,5.463921,5.5699687,5.5564294,5.5737805,7.243452,7.3717275,8.107572,7.844075,8.736146,8.7061205,10.16903,10.075732,5.6407733,7.049649,5.28958,5.6724696,7.177052,6.5956264,7.6062207,9.858469,8.97143,7.086518,7.884013,8.900716,7.54927,7.8323746,7.319905,7.4614034,5.6799064,7.1132283,8.939971,8.94862,9.215874,8.234201,7.3439493,8.1738825
11,5.9984508,6.5106177,6.562655,6.105428,5.989003,6.433573,6.3864775,5.978241,3.2303038,3.349188,2.0270894,0.0,4.371808,4.4011636,4.129709,4.2149625,4.5366826,5.4101276,4.021821,3.7164757,5.334804,7.106402,5.061687,5.296033,7.569925,8.877564,8.6710615,8.490929,7.6523056,7.6523056,7.6920376,7.541557,6.394008,7.0526905,5.9667487,5.6908174,5.163702,6.2034717,6.404347,4.811729,5.6925225,5.850103,6.242091,6.4773426,6.602331,6.0087943,6.013624,6.023355,6.70181,6.3969007,5.729694,5.80611,6.1877375,6.4546046,6.1493917,7.871339,6.675963,7.327267,8.366542,5.5416627,6.355796,5.411446,7.004437,6.41422,6.69731,6.7350154,7.593895,7.454018,6.2117615,4.6731725,5.823697,6.839817,9.572324,8.440131,6.914704,7.6523066,6.1037784,7.5927987,7.650919,8.951595,3.9167976,6.252777,4.3377337,4.3375764,5.3366127,5.052026,6.482813,8.598078,5.23099,6.4080753,7.114035,6.5252385,6.4682636,5.952848,6.547746,6.5744886,7.205245,7.050836,7.8490086,7.872085,8.81394,8.7796545,9.920521,9.753047,5.781536,7.5131335,5.888605,6.1619396,7.3045807,6.745624,7.8152742,9.698592,9.426833,6.9636,7.769165,8.79284,7.6049066,7.8774548,7.557852,7.554039,5.4829335,6.9401803,8.909674,8.909778,8.839671,8.232885,7.281806,7.6107407
12,6.1858683,6.476656,7.4343624,7.032108,5.658403,7.485922,7.5452743,7.395523,4.1250753,4.73449,4.2901692,4.371808,0.0,1.2667831,1.9538709,2.0478203,5.7673197,6.6899357,5.632914,6.183072,6.889483,7.812322,5.778909,6.394287,7.5361176,8.598693,8.967852,8.889167,7.587069,7.587069,7.8930297,7.5681973,5.5085316,6.300486,5.6348157,5.738178,3.943387,5.7550592,5.304137,5.9033227,4.952322,5.238483,5.4163065,5.880142,5.891665,5.1634846,5.148312,5.142976,6.558793,6.7799582,6.1490226,6.1851377,5.441221,5.4900155,5.39601,7.168134,5.487131,5.9537563,7.314055,5.7757454,6.624282,4.853422,6.4917936,6.725794,7.0198355,7.068673,8.664048,8.921891,6.735458,5.6727986,7.0127463,6.065682,9.475282,8.710046,6.593335,6.749264,6.8425746,7.480271,7.414032,8.654022,5.408029,6.9736505,6.273229,6.4855213,6.5259876,6.052916,6.587014,9.458879,4.3812704,5.969424,6.9218493,5.9729943,7.0217752,7.174528,6.2095485,6.2247143,5.9889746,6.181376,7.594703,7.371264,8.786571,8.770194,9.801761,9.243778,4.6471653,6.7516575,5.163693,5.233417,5.606784,5.10387,7.487225,9.556407,7.935106,6.446756,6.432658,7.6114955,7.6097674,7.459846,8.660218,7.8230033,5.5435486,6.892612,8.94403,8.947812,7.972187,8.115292,7.0188828,7.5302796
13,6.0505476,6.342072,7.265779,6.8352895,5.5419807,7.3304963,7.344467,7.2575617,3.9462998,4.8655457,4.2836423,4.4011636,1.2667831,0.0,1.531685,1.5766321,5.6075964,6.630083,5.7232695,6.264923,6.7069697,7.687567,5.708669,6.179031,7.272639,8.442249,9.128036,9.005732,7.5599384,7.5599384,8.050677,7.2295413,5.6437445,6.6151314,5.692019,5.823046,4.227856,5.687299,5.465762,5.991174,5.1388626,5.2486424,5.7039876,6.187833,5.902705,5.13965,5.139047,5.1189513,6.4766583,6.7303777,6.1504035,6.183867,5.383798,5.4873443,5.3604207,7.2119036,5.5481415,5.931112,7.320469,5.598145,6.545893,4.861589,6.4187193,6.6247535,7.2426605,7.2802744,8.828485,9.103805,6.6853795,5.8236513,6.684375,5.9425163,9.684624,8.904385,6.793148,6.876171,6.969648,7.4793,7.4428115,8.70326,5.2952185,6.9155707,6.225677,6.4183164,6.4430375,6.028048,6.571396,9.500602,4.361543,5.966211,7.0657344,6.00561,6.960707,7.14121,6.164508,6.1814847,5.816029,6.0476923,7.6091585,7.1767745,8.566875,8.5481825,9.708836,9.199148,4.6228204,6.804837,4.818027,5.014883,5.472907,5.008209,7.5703845,9.663485,8.121593,6.620371,6.6327343,7.796137,7.6703076,7.523155,8.741761,7.8537154,5.3196063,6.812647,8.948276,8.916818,7.993985,8.085644,7.1018863,7.672551
14,6.023015,6.351392,7.221843,6.864212,5.4604883,7.3101664,7.2985544,7.1860743,4.286245,5.084987,4.0143595,4.129709,1.9538709,1.531685,0.0,0.2882276,5.4706316,6.3344164,5.5354524,5.949279,6.551802,7.530601,5.4741907,6.0162783,7.2939715,8.487108,9.254004,9.06261,7.517373,7.517373,8.032648,7.32432,5.705732,6.50112,5.9140472,6.122758,4.355333,5.7081757,5.6029205,6.013051,5.269054,5.2844872,5.506449,6.9134483,6.1613016,5.409613,5.401207,5.379023,6.0630617,6.4005,6.321769,6.3997874,5.514573,5.6682634,5.5544186,7.4040837,5.8155594,6.256428,7.357199,5.668141,6.529768,4.7918463,6.4500217,6.6823034,7.142494,7.1965785,8.768607,9.017108,6.8115344,5.4954715,6.53592,6.0673566,9.859265,9.017323,6.62434,7.140275,7.074964,7.5880923,7.5464697,8.8125305,5.10078,6.8753476,6.235332,6.44166,6.349709,6.346926,6.392344,9.419508,4.6083875,6.1495695,6.6622043,6.231766,6.856215,7.0453696,6.355995,6.373553,5.708571,5.950389,7.6579733,7.13436,8.555799,8.532443,9.920246,9.190054,4.867713,7.0112686,5.1537285,5.389368,5.7206035,5.3313146,7.657794,9.682375,8.2429085,6.7156696,6.7361794,7.8935647,7.948654,7.831524,9.022733,8.169992,5.666828,7.0874224,9.0642,9.020065,8.853509,8.09091,7.182624,7.786847
15,5.9920263,6.330914,7.1902018,6.8344307,5.496213,7.315251,7.300437,7.1796556,4.301091,5.087043,4.124378,4.2149625,2.0478203,1.5766321,0.2882276,0.0,5.432291,6.2737746,5.5569067,5.9426017,6.505403,7.4849977,5.3891535,5.974321,7.250585,8.4682455,9.255108,9.06128,7.4874434,7.4874434,8.021025,7.2945232,5.6235366,6.4696894,5.841929,6.0604835,4.39582,5.696656,5.513937,6.0366135,5.301401,5.2599697,5.458518,6.8871284,6.161199,5.381697,5.383432,5.361698,6.0101075,6.4089646,6.3239207,6.3947587,5.4960403,5.649112,5.507461,7.3565564,5.81192,6.231829,7.3391175,5.7020497,6.5259066,4.8274693,6.4193144,6.670621,7.1629453,7.216285,8.784231,9.024628,6.8347154,5.6074185,6.5171967,6.090388,9.899516,9.053711,6.679518,7.1947727,7.1651144,7.5508785,7.5135336,8.782116,5.159667,6.908914,6.2574983,6.4766483,6.303761,6.352151,6.314529,9.375373,4.639388,6.2011604,6.644083,6.286573,6.842617,7.0457296,6.3551445,6.3719587,5.584025,5.8091817,7.614747,7.0762577,8.527173,8.504732,9.83224,9.0922785,4.8407793,6.990905,5.0964804,5.288325,5.5568833,5.1929317,7.633778,9.636528,8.1947155,6.649432,6.6811223,7.8466535,7.926076,7.812771,9.000595,8.132869,5.603795,7.048056,9.02843,8.977364,8.814943,8.041979,7.15565,7.738832
16,6.2850866,6.873188,6.6458282,6.173667,6.4416013,6.1057706,5.9803123,6.061852,3.9222102,4.991887,4.109246,4.5366826,5.7673197,5.6075964,5.4706316,5.432291,0.0,3.34778,1.8778081,3.3380806,2.766122,4.5320683,4.727111,3.599728,5.8472595,7.7370625,6.394565,6.3681884,7.3401303,7.3401303,6.7989454,5.8331776,5.2140217,6.569018,5.347061,5.0160794,5.6283326,5.5008955,4.8042417,5.614553,4.8123684,4.9713664,5.2795525,6.141884,5.8623586,5.293089,5.1150866,5.0794306,5.838327,4.5148516,5.570332,5.557788,5.7571936,5.9174476,5.423436,7.0681357,6.7438602,6.528454,7.638071,5.944024,5.9629474,5.04063,6.3924994,5.933189,5.2833004,5.3459096,6.244892,6.17748,5.859242,5.403438,5.0369096,6.285169,8.882557,7.89603,6.184816,7.112783,6.7369914,5.8624516,5.9314246,7.4909425,5.5983605,7.3435287,3.920273,4.114521,4.4711294,4.332284,5.0533237,7.316964,4.114642,5.7284985,6.940771,6.945211,5.399473,5.245787,5.8396735,5.8583875,7.0559945,7.3070397,8.000761,7.2634797,8.366017,8.344101,8.939327,9.021748,4.925373,6.7016687,4.803978,4.8207135,6.6361437,6.126376,7.3772473,9.709295,9.0332,6.1701965,7.5344086,8.584683,5.939301,6.1605096,5.849162,5.7483673,5.232082,6.8941283,7.9611406,7.98775,9.004941,7.635647,6.913691,8.00628
17,4.8856254,5.485861,5.2767496,4.780018,6.035867,5.466262,5.3120866,4.6158004,5.797432,5.985595,5.5785522,5.4101276,6.6899357,6.630083,6.3344164,6.2737746,3.34778,0.0,3.8212457,4.250446,3.046985,3.116413,3.95723,2.4534237,7.2179155,7.2506356,5.9224153,5.7572517,6.12786,6.12786,5.3490148,5.7903633,4.511035,5.9872427,4.9416404,4.501472,5.2605886,4.758029,4.248062,5.3989367,4.3970304,4.1042023,5.076405,6.226109,5.330314,4.646638,4.504445,4.5032587,4.763669,4.2611923,5.1624374,5.152233,5.22403,5.2222686,4.5741196,6.4038005,5.959113,5.8214655,6.0513983,5.435298,5.353803,5.331858,5.515628,5.323079,5.4317646,5.4203234,5.928218,5.8269286,6.8404846,6.2274795,5.868989,7.102724,8.748102,7.732899,5.592121,6.869734,6.1694474,5.2745633,5.357871,7.049317,4.678869,6.598723,4.5934234,4.661723,4.8642364,5.0617414,5.5411043,6.57294,4.848848,6.6555543,7.2031054,7.447453,5.993143,6.03291,6.6255097,6.6405497,7.119921,7.0100327,7.6393733,7.532437,7.6884556,7.662533,7.928277,7.8580446,5.5463147,6.9992075,5.4380836,5.3695526,6.465592,5.8347588,7.148272,9.025537,8.3365135,5.0044594,6.5661263,7.7672987,5.468429,5.7090883,5.378283,5.166655,6.211709,7.668052,7.4535685,7.465435,8.396096,7.025291,6.333392,6.7400193
18,6.4719925,7.0895114,6.837941,6.350091,6.35485,6.0605235,5.9773626,5.9588227,3.9615765,4.663767,3.70437,4.021821,5.632914,5.7232695,5.5354524,5.5569067,1.8778081,3.8212457,0.0,2.4584916,3.1332252,4.7793193,4.9348335,3.810785,6.500516,8.413613,6.547665,6.508599,7.572405,7.572405,6.7103376,6.4080734,5.5090847,6.511978,5.5688615,5.336053,5.5771174,5.725267,5.086489,5.3504124,4.786878,5.1858406,5.1668067,6.1537237,6.165777,5.5010056,5.327228,5.3075333,6.205979,5.0913553,5.9534774,5.981057,5.98817,6.1418014,5.761858,7.6269646,7.111413,7.060646,8.147675,6.3885045,6.4048934,5.330634,6.90071,6.4300585,5.3078923,5.3599524,6.155065,5.986749,6.0849786,5.2094007,5.5871387,6.7143188,8.993615,7.7683325,6.290039,7.1518874,6.3716936,6.088922,6.1123123,7.617021,5.535003,7.3410444,3.9927535,4.169744,4.6108956,4.5261793,5.0450315,7.331316,4.2057476,5.628696,7.2520447,7.12156,5.6666226,5.511024,6.050164,6.0737834,7.902907,8.087148,8.4972105,7.954905,8.9478445,8.9213295,9.561739,9.650234,5.110144,6.871076,5.5366073,5.605391,7.15402,6.881386,7.620324,10.149622,9.123497,6.1923356,7.5766068,8.593454,6.3954477,6.6860857,6.1656485,6.2101836,5.8622646,7.2505126,8.090002,8.130525,9.155369,8.085784,6.9954567,8.151235
19,6.153315,6.658121,6.35441,5.8727574,6.6070495,5.823198,5.729674,5.3218765,4.0069795,3.9995828,3.7967134,3.7164757,6.183072,6.264923,5.949279,5.9426017,3.3380806,4.250446,2.4584916,0.0,3.222326,5.325103,5.0533543,4.006894,7.319666,9.00071,7.357755,7.2698064,7.7851806,7.7851806,6.941914,7.111575,6.0423074,6.5988107,5.0423856,5.2102036,6.4753613,6.479719,5.989905,4.594281,5.8400826,5.9174147,5.5170093,6.2152567,6.8143787,6.175604,6.0980473,6.0895696,6.6675215,6.5366106,5.753033,5.8057613,6.359495,6.537906,6.182674,8.263054,7.7256637,7.621145,8.637218,6.683039,6.9783626,6.4957466,7.210698,7.0350595,5.286826,5.3074045,6.0281043,5.836376,6.2437,5.5641994,5.6398425,7.262721,9.141825,7.8220024,6.876625,7.780438,6.5770197,6.47858,6.5819125,8.041879,5.2250857,7.13219,4.341454,4.4704804,4.3137674,4.889796,5.3855696,7.5227556,4.877526,6.331273,7.4590106,7.488082,6.124256,5.988422,6.6970816,6.7123733,8.135472,8.108208,8.890484,8.413266,9.126197,9.0955105,9.3760195,9.768396,5.9005527,7.555943,6.2085085,6.2756886,7.354022,7.1519136,7.76173,10.115651,9.160307,6.1976247,7.6474977,8.668188,7.191881,7.7651577,6.6810718,6.8437324,6.1545672,7.5224266,8.421092,8.361982,9.089822,8.243412,6.818925,7.58503
20,5.135617,5.9902687,5.4704685,4.872316,5.918169,4.736553,4.573009,4.656333,4.7447953,5.618473,5.0830607,5.334804,6.889483,6.7069697,6.551802,6.505403,2.766122,3.046985,3.1332252,3.222326,0.0,2.91088,4.577734,3.0461376,7.1520977,7.8435807,6.1118526,6.078163,7.1540565,7.1540565,6.5023623,5.9652724,5.7226324,6.959584,4.8307147,4.6228676,6.5043397,6.0805907,5.432987,5.0972843,5.6641016,5.6108336,5.8569164,6.3235626,6.559748,5.9276595,5.7638116,5.7321377,6.5797653,5.711688,5.766001,5.7490783,6.6285644,6.61469,6.188494,7.910714,7.2189846,7.243312,7.7835517,6.286516,6.9882402,6.1010637,7.1569815,7.0142665,4.662878,4.5999007,5.3693256,5.1440854,5.921951,5.9083147,4.8157463,6.9177246,8.526739,7.192141,5.8263316,6.7943797,6.185786,5.1329885,5.3181643,7.0059156,5.6969347,7.4683433,4.271847,4.4332633,4.207844,4.5072246,5.307244,6.3361583,4.617044,6.2103233,7.5172744,7.5854897,5.671772,5.7481627,6.32459,6.335801,7.626781,7.8669467,8.66638,7.7733793,7.865535,7.834326,8.307529,8.784753,5.1478105,6.867785,5.1575685,5.126901,6.6378984,6.284094,6.7489867,9.558658,8.51666,5.2915616,6.7914224,7.917831,5.0394015,5.7824893,5.0137596,4.58949,5.5418572,7.103143,7.454773,7.447466,8.324279,7.1011343,5.825358,7.2177653
21,4.758854,5.6586137,5.302656,4.694634,5.4628797,4.5496726,4.381836,4.485936,6.6648455,7.376144,6.8775864,7.106402,7.812322,7.687567,7.530601,7.4849977,4.5320683,3.116413,4.7793193,5.325103,2.91088,0.0,4.912028,3.2957525,7.961863,7.1576133,5.4075994,5.3700304,6.421622,6.421622,5.6434984,5.691996,5.6229315,6.874345,5.56992,5.450286,6.510467,5.881524,5.298333,6.3387523,5.593509,5.4583282,5.9413576,7.132401,6.468867,5.845261,5.6203036,5.5835524,6.2979956,5.5175304,6.473589,6.4573965,6.576057,6.3508444,6.0528355,7.6270022,6.866247,7.058083,6.840534,6.7412186,7.044467,6.0521116,7.0069237,7.1229496,5.0659614,4.9188304,5.11543,4.9303293,6.8748,6.7142973,5.8454394,7.125049,8.386313,7.02844,5.1830316,6.1904902,5.761036,4.0940795,4.2088637,6.1557055,6.332669,7.936801,5.3740544,5.4323187,5.117381,5.3972526,5.471928,5.8678436,4.939409,6.6259212,7.6903257,7.782249,5.9042454,6.216714,6.425073,6.4366856,7.932341,8.172743,8.652786,7.976237,7.4895883,7.46175,7.9606175,8.099316,5.4015393,6.727891,5.437722,5.3925853,6.7591734,6.4447203,6.335345,9.217227,7.882428,4.3954926,6.041939,7.2695208,4.673235,5.066314,4.8611503,4.417245,6.914002,8.1701765,6.8253493,6.818479,8.142194,6.710742,5.449858,6.976238
22,3.967845,4.8524866,4.3565655,3.7193549,5.1500564,4.524182,4.595808,4.607907,5.160274,4.692528,5.4469204,5.061687,5.778909,5.708669,5.4741907,5.3891535,4.727111,3.95723,4.9348335,5.0533543,4.577734,4.912028,0.0,4.4079723,8.018749,7.2428865,7.42227,7.3718185,5.804744,5.804744,6.873029,7.039175,5.766337,7.007263,6.010064,5.732902,4.6782274,6.202985,5.5915885,6.5362434,6.0707803,5.76315,6.1070266,6.964879,6.787908,6.000671,5.9448433,5.949819,6.5015473,6.3608065,6.7203207,6.6999164,6.498567,6.4963593,6.0011597,7.735096,5.531885,7.2331166,7.2257185,6.179882,6.851477,4.659332,7.068502,6.900345,5.8856506,5.8125167,6.5407014,6.315313,5.9298205,5.6311197,4.764015,6.477645,8.608292,7.1858053,5.5857396,6.5718775,5.5069165,6.2734857,6.3648944,7.7395787,5.1686797,7.007082,5.2105446,5.3691487,5.073572,5.124303,5.390642,7.0320106,5.310404,6.799778,6.882929,6.987394,4.760942,4.7929564,5.3189077,5.3397713,6.7404003,6.573169,7.011758,7.129105,7.5764165,7.5460854,8.872263,7.8031898,4.825329,6.2683225,4.8867183,4.7242966,4.6806493,4.44678,6.116267,8.608029,8.08412,4.4359922,6.180223,7.3620315,5.9201217,5.9756923,6.055046,5.3107643,5.9858546,7.217706,6.722859,6.7049923,7.4677806,6.7424865,5.3441873,6.012523
23,4.757062,5.363387,4.550384,4.5558023,5.2427306,4.551942,4.3422203,3.5806382,5.4047856,5.6862817,5.3868318,5.296033,6.394287,6.179031,6.0162783,5.974321,3.599728,2.4534237,3.810785,4.006894,3.0461376,3.2957525,4.4079723,0.0,6.8945208,7.247755,6.4109383,5.930317,6.1336317,6.1336317,5.732839,5.7316265,4.656803,5.4478965,4.7999344,4.7264433,5.3433976,4.1269093,4.57076,4.4604363,4.338267,4.0607424,4.49693,5.72663,5.1349716,4.3909955,4.255006,4.2324014,4.629282,4.646117,4.7072835,4.7233477,4.9963474,5.019652,4.516275,6.8858576,6.08089,5.8054028,5.868939,4.9362803,5.1176357,5.1572285,5.568909,5.198341,5.0586557,5.0327144,5.8681235,5.702399,6.348689,5.859427,5.351519,6.6498785,8.487874,7.2821593,5.9414706,6.6540117,5.6527395,4.627856,4.7115064,6.479179,4.0960903,6.1254134,4.2980194,4.354467,4.8969555,5.1581597,5.597298,6.962612,4.273496,6.0650954,7.561269,7.2610903,6.1440477,6.238755,6.5529056,6.567171,7.245192,7.2463574,7.8551183,7.4057536,7.5406785,7.508866,7.772897,7.996097,4.783281,6.6113544,4.825463,5.4208274,6.2272816,5.7562194,7.0207796,9.353999,8.035331,4.6696954,6.259271,7.445866,5.7200675,6.3322377,5.7939014,5.8278847,6.0830135,7.4813557,6.9569945,6.8808427,7.672857,6.98404,5.7515826,6.372958
24,9.155092,8.533843,8.859801,9.311276,8.418057,9.074181,8.923295,9.098876,6.1178317,7.599085,6.474519,7.569925,7.5361176,7.272639,7.2939715,7.250585,5.8472595,7.2179155,6.500516,7.319666,7.1520977,7.961863,8.018749,6.8945208,0.0,6.899783,6.81348,6.518174,6.89483,6.89483,6.866048,4.8073425,8.281954,8.973094,8.224779,8.519447,8.577267,8.280972,7.9376597,8.8608675,7.832614,7.9665136,8.08221,8.922068,8.451907,8.149466,7.983253,7.940044,6.283277,6.3205476,6.73483,6.7269363,6.2828984,6.5606813,6.567307,9.549151,9.1579275,7.711655,8.6418085,8.317211,7.3920264,6.8988056,7.049489,7.361109,7.533201,7.733095,7.7150183,8.575387,9.162662,8.164995,8.021608,7.3771176,8.244939,8.458007,7.8370647,7.4960146,8.961689,8.114218,8.0694,7.970734,7.445616,6.91024,5.910319,6.280298,5.6603203,5.8039255,5.841728,7.508956,5.9527307,5.750498,6.984352,6.7833,6.4026613,7.5595293,6.223252,6.2190824,8.615309,8.710899,8.234436,8.002695,9.322515,9.311119,9.942345,9.997852,6.8795776,5.9240704,5.7177916,6.106159,7.844956,7.375056,9.665422,11.786236,7.8672357,8.437252,8.818062,8.970126,9.156753,9.350841,8.169195,9.39917,8.34536,8.193312,9.069648,9.022686,11.051656,10.389554,9.711646,10.528316
25,6.8269153,6.050006,7.2282076,7.225542,6.637002,7.2166753,7.0960064,7.5580325,7.790089,8.706617,7.993971,8.877564,8.598693,8.442249,8.487108,8.4682455,7.7370625,7.2506356,8.413613,9.00071,7.8435807,7.1576133,7.2428865,7.247755,6.899783,0.0,5.891725,5.516054,3.9848807,3.9848807,5.920455,5.097734,8.48395,8.783317,8.342181,8.575468,7.941126,8.429861,8.691016,9.368617,8.211415,8.190726,8.64837,9.519148,8.0899105,8.448288,8.2213125,8.175263,6.3356276,6.546732,6.3007975,6.273383,6.6975384,6.492357,6.802065,9.628985,7.114695,7.136506,6.093585,7.2346544,7.1785913,5.876181,6.4580297,7.2797656,6.420076,6.430546,5.7000093,6.8340178,9.052969,7.6461396,7.7103786,6.996628,6.7349987,7.577038,4.9312816,5.7469125,6.6111298,6.6669207,6.644274,8.05487,7.107296,8.17743,6.129551,6.293668,6.09648,5.6775846,6.9978766,8.261151,6.1255307,7.863731,5.0569587,4.746184,5.045958,6.202841,4.924881,4.9002333,8.202344,8.303777,8.527054,8.871749,8.628081,8.61097,10.107928,9.467269,7.3561845,6.7671685,4.947813,5.4893,7.7631717,6.0998287,7.4835043,10.013609,7.7685785,6.9602857,7.8731647,8.877871,7.5712576,7.273515,6.5157166,7.90243,8.434142,9.479222,8.128015,8.093205,8.9932165,8.551006,7.344786,7.8774095
26,7.6689777,6.849241,7.9558263,7.5858703,7.8444304,7.379309,7.3303833,7.5513444,7.435909,8.2872715,7.689266,8.6710615,8.967852,9.128036,9.254004,9.255108,6.394565,5.9224153,6.547665,7.357755,6.1118526,5.4075994,7.42227,6.4109383,6.81348,5.891725,0.0,1.8336251,5.2478037,5.2478037,3.9302046,4.377134,8.34567,9.239184,7.7718577,7.9235635,8.641622,8.692271,7.798893,8.9057865,7.6497645,8.043386,8.501529,8.628329,8.571129,8.335242,8.031668,7.9993253,7.055057,6.5903916,6.800391,6.754431,6.8440175,6.6446266,6.755813,9.23249,8.915517,7.8825555,7.900658,8.851466,8.432575,7.456608,7.588863,8.4068985,5.476176,5.591695,4.315577,5.815188,8.815327,8.313927,8.09553,7.5270452,7.358381,7.557697,5.3112445,6.3575606,7.198274,6.7599974,6.7266936,8.1465025,7.6320586,8.586831,6.1620398,6.3194337,5.157216,4.8664365,5.6118712,6.326223,5.7630396,7.609908,7.606217,7.290754,5.5571175,7.2609553,5.8231115,5.807336,9.739514,9.862023,9.731851,9.960486,9.519791,9.512755,9.949132,10.268982,7.701237,7.2247167,6.429391,6.3354445,7.9571095,7.5262356,8.0891485,10.56401,7.902416,6.651215,8.018727,9.019524,6.926342,7.261428,5.0680065,6.5869794,9.293447,10.280986,9.072177,9.148684,9.828471,9.190222,8.267094,9.458382
27,7.5791044,6.8534245,7.6517487,7.5506673,7.527656,7.08754,6.971577,7.1353307,7.4166794,8.20801,7.503171,8.490929,8.889167,9.005732,9.06261,9.06128,6.3681884,5.7572517,6.508599,7.2698064,6.078163,5.3700304,7.3718185,5.930317,6.518174,5.516054,1.8336251,0.0,4.7917085,4.7917085,3.7501874,4.3049407,8.24841,8.907759,7.7800784,7.9275517,8.491443,8.339331,7.729946,8.548052,7.5290284,7.8780985,8.137076,8.601357,8.452778,8.216053,7.9390864,7.9119997,6.184409,6.1839,6.43912,6.390938,6.7286963,6.5654097,6.6510687,9.168395,8.886586,7.799324,7.490564,8.457321,8.094579,7.2497444,7.4373026,8.094171,5.4567494,5.615257,4.4881487,5.840043,8.895332,8.238186,8.118797,7.5997467,7.388973,7.610693,5.489425,6.3280597,7.1794367,6.5171185,6.4645476,7.952024,7.2330065,8.245991,5.9075327,6.0605373,4.9901757,4.9816957,5.5072584,6.2851124,5.797217,7.622391,7.448798,7.292216,5.6297503,7.2814364,5.978316,5.9607396,9.472657,9.584128,9.535733,9.7450905,9.267787,9.260893,9.79567,10.075588,7.4802847,7.0800176,6.1442924,6.3318057,7.879668,7.40274,8.019714,10.44285,7.8382506,6.6062627,8.001823,8.999628,6.9139223,7.4544053,5.036888,6.820273,9.00672,10.013104,8.631559,8.7050495,9.570212,8.722123,8.118915,9.244121
28,5.822939,4.487057,6.050149,6.0654306,5.825923,6.3535833,6.3037386,6.2320914,7.0198216,7.3555756,7.1079473,7.6523056,7.587069,7.5599384,7.517373,7.4874434,7.3401303,6.12786,7.572405,7.7851806,7.1540565,6.421622,5.804744,6.1336317,6.89483,3.9848807,5.2478037,4.7917085,0.0,0.0,3.813908,4.488922,7.9916778,8.526715,7.7296042,8.06495,7.2924504,7.9328036,7.822869,8.546491,7.682634,7.5859003,8.0718565,8.84508,8.190329,7.8195763,7.6680446,7.6526704,5.456666,6.6674814,6.2204385,6.216948,5.6880784,5.5461426,5.7672663,8.894376,7.303212,7.209499,6.3282394,7.5432014,7.2989945,5.9678764,6.455085,7.3820457,6.385267,6.4486,5.578609,6.722685,8.678052,7.58888,7.461495,6.677737,7.4800763,7.508857,5.0340757,5.876187,5.9763384,6.852918,6.806573,8.151493,5.5981536,6.7768006,5.9264956,6.0705976,4.8915753,5.095934,5.3034587,6.83426,5.7509747,7.6444244,6.076207,5.6530375,4.799194,6.6105766,4.7303457,4.7169614,7.99147,7.6859355,7.9010625,8.825914,8.344931,8.329209,9.543667,8.854645,6.9407387,6.3159614,5.070879,5.437375,6.0104823,5.481225,7.1562867,9.339685,6.515843,5.525724,6.6260495,7.7644396,7.6872163,7.874718,6.407257,7.687948,8.773543,9.706702,8.167642,8.102368,8.513739,8.265521,7.216145,7.615423
29,5.822939,4.487057,6.050149,6.0654306,5.825923,6.3535833,6.3037386,6.2320914,7.0198216,7.3555756,7.1079473,7.6523056,7.587069,7.5599384,7.517373,7.4874434,7.3401303,6.12786,7.572405,7.7851806,7.1540565,6.421622,5.804744,6.1336317,6.89483,3.9848807,5.2478037,4.7917085,0.0,0.0,3.813908,4.488922,7.9916778,8.526715,7.7296042,8.06495,7.2924504,7.9328036,7.822869,8.546491,7.682634,7.5859003,8.0718565,8.84508,8.190329,7.8195763,7.6680446,7.6526704,5.456666,6.6674814,6.2204385,6.216948,5.6880784,5.5461426,5.7672663,8.894376,7.303212,7.209499,6.3282394,7.5432014,7.2989945,5.9678764,6.455085,7.3820457,6.385267,6.4486,5.578609,6.722685,8.678052,7.58888,7.461495,6.677737,7.4800763,7.508857,5.0340757,5.876187,5.9763384,6.852918,6.806573,8.151493,5.5981536,6.7768006,5.9264956,6.0705976,4.8915753,5.095934,5.3034587,6.83426,5.7509747,7.6444244,6.076207,5.6530375,4.799194,6.6105766,4.7303457,4.7169614,7.99147,7.6859355,7.9010625,8.825914,8.344931,8.329209,9.543667,8.854645,6.9407387,6.3159614,5.070879,5.437375,6.0104823,5.481225,7.1562867,9.339685,6.515843,5.525724,6.6260495,7.7644396,7.6872163,7.874718,6.407257,7.687948,8.773543,9.706702,8.167642,8.102368,8.513739,8.265521,7.216145,7.615423
30,6.587361,5.4681096,7.267429,6.8749905,6.9515862,7.3997984,7.2765584,6.7011495,7.249505,7.698003,7.1486025,7.6920376,7.8930297,8.050677,8.032648,8.021025,6.7989454,5.3490148,6.7103376,6.941914,6.5023623,5.6434984,6.873029,5.732839,6.866048,5.920455,3.9302046,3.7501874,3.813908,3.813908,0.0,3.9408493,7.1194925,7.869836,6.6247835,7.0913773,7.5581098,7.506892,6.8409324,7.893433,6.602325,6.6668715,7.371248,8.067526,7.349411,6.948813,6.769346,6.7619824,5.0002093,6.3453474,5.6576157,5.6621594,4.714208,4.5056257,4.7583504,8.255422,7.8253465,6.4083734,6.497252,7.8731394,7.0664587,7.1025248,5.6742077,7.0392127,6.4581833,6.5229497,5.378144,6.652463,9.532136,8.3896475,8.753552,7.8659263,8.038078,8.07798,5.59161,6.270681,6.7997737,6.479151,6.397422,7.7513533,6.000055,6.9242067,6.0253844,6.1534853,4.738516,5.09517,5.1397753,6.360498,5.358245,7.3269567,6.805953,6.452767,6.184573,7.6911306,6.1070423,6.099924,8.941275,8.641439,8.905726,9.634044,9.211559,9.199412,9.282406,9.474865,7.520403,7.125545,6.334564,6.1987004,7.4862995,7.0330667,8.26671,10.212909,6.7728553,5.9616866,6.923183,7.9737287,7.8153133,7.8960605,6.343266,7.6338367,9.002901,9.898887,8.859059,8.8195305,9.161019,9.024059,8.040828,8.315332
31,7.023994,6.06704,7.6748877,7.2661014,6.720727,7.413951,7.2184777,7.337967,6.1993623,7.779097,6.5353227,7.541557,7.5681973,7.2295413,7.32432,7.2945232,5.8331776,5.7903633,6.4080734,7.111575,5.9652724,5.691996,7.039175,5.7316265,4.8073425,5.097734,4.377134,4.3049407,4.488922,4.488922,3.9408493,0.0,7.6355066,8.786226,7.12434,7.5151143,7.984559,7.652424,7.2420754,8.342064,7.034965,7.0617824,8.00911,8.623861,7.649994,7.259429,7.0456038,6.9915905,5.4720473,5.7655835,5.912002,5.9046965,5.049189,5.0315104,5.282151,8.618047,8.136849,6.6979527,7.2185435,7.7313776,7.121276,6.5443683,6.049124,7.075781,6.681007,6.764031,5.9428415,7.2053,8.895158,8.012593,7.5770698,6.797169,8.4162445,8.476318,5.8520045,6.3947124,7.2182164,6.59146,6.5656796,7.9655147,6.3810477,7.398216,5.4276543,5.6292677,4.2754226,4.4097624,4.6959124,6.7678833,4.7944617,6.733875,6.564397,5.843345,5.3913527,7.094712,5.0826855,5.0783863,8.333679,8.374973,8.981328,8.976348,8.915144,8.900627,9.622624,9.864124,6.9627852,6.696598,4.851619,4.9848194,7.0987897,6.679521,8.251762,10.634135,7.425346,6.8163476,7.5547495,8.573363,7.6674724,7.7270885,6.497291,7.6444063,8.227577,9.394378,9.194045,9.1281595,9.691394,9.175086,8.366512,9.332374
