,0,1,2,3,4,5,6,7,8,9,10,11,12,13,14,15,16,17,18,19,20,21,22,23,24,25,26,27,28,29,30,31,32,33,34,35,36,37,38,39,40,41,42,43,44,45,46,47,48,49,50,51,52,53,54,55,56,57,58,59,60,61,62,63,64,65,66,67,68,69,70,71,72,73,74,75,76,77,78,79,80,81,82,83,84,85,86,87,88,89,90,91,92,93,94,95,96,97,98,99,100,101,102,103,104,105,106,107,108,109,110,111,112,113,114,115,116,117,118,119,120,121,122,123,124,125,126,127
0,0.0,2.546193,2.8007517,2.3650002,3.0493264,2.813887,2.6916916,2.0114605,2.0563543,1.3792002,2.9495988,1.852907,2.6323104,3.4016647,2.531534,4.008384,5.130746,6.290082,4.6287894,4.7416797,5.4139876,4.4631996,5.9557524,6.2918506,6.004506,4.3504777,7.1853566,6.0702505,6.666772,6.735799,6.7248917,6.508425,4.983852,4.9037123,4.704614,3.6685162,4.1710014,5.7320886,3.9365935,4.065006,6.2976527,5.288115,6.6602325,5.901817,6.7395635,5.348766,6.4208484,5.065675,6.313002,6.313002,5.2245984,6.5648623,4.505761,4.692893,5.259308,6.700715,6.5839643,5.0688744,8.194147,8.794716,6.045247,6.0777264,6.277118,7.435894,4.083584,5.4520535,4.1435194,2.5773487,6.5328217,6.585827,5.8441668,7.1428385,7.4152303,6.4607105,6.3249044,5.8873262,3.7480755,3.470104,3.4739788,4.1386294,6.0637136,4.5657887,3.752714,4.459965,6.2892594,5.000643,9.61526,9.672009,4.4472966,4.6066027,3.317579,5.7166357,3.2149315,5.5434313,5.0801535,5.0967693,6.6352067,3.588701,5.227298,5.05376,6.6682444,7.943197,6.3608365,5.4347053,7.2067947,5.0569344,5.8389378,6.53448,6.052046,6.06782,5.4219456,5.368533,6.15012,6.2151184,5.486068,6.093406,5.396727,5.9643793,6.9100995,6.04757,5.8885226,6.197113,4.7725873,4.762093,4.9931107,5.5673175,5.6590166,4.8653045
1,2.546193,0.0,2.1458197,2.0688913,4.0152316,4.118076,3.0305126,2.3564882,2.1835635,2.573405,3.0556142,2.1591594,2.9579556,4.0790005,2.9886427,3.550091,4.2760997,5.525022,4.015026,4.20346,5.833589,3.846095,5.9174967,6.5158777,5.306484,4.7125697,7.090728,5.438548,6.0667887,6.1437917,6.152999,6.0714173,4.406304,4.332409,4.8569565,3.608208,3.9584439,5.683749,4.845074,5.1064205,6.424043,4.7440734,6.5866323,5.8671966,7.073772,5.118087,6.2318354,5.245761,6.7497673,6.7497673,5.1981854,6.013747,5.0887494,5.078145,6.330331,6.8585277,5.6892962,5.177624,9.258652,8.463664,5.896494,5.868291,6.011352,7.3474474,4.839602,6.0586185,4.2724686,2.9403849,6.4019647,6.3169284,5.891824,7.1432242,7.233258,6.6383457,5.6888843,6.645161,3.691863,3.5975256,3.6063247,3.54529,6.237788,4.6860547,3.3240933,4.064582,5.898696,5.105487,10.01869,10.077205,4.2953877,4.464505,3.5639915,5.8021574,3.1044936,6.0353394,5.6207743,5.5264435,6.746631,3.4270868,5.0903015,4.93207,6.9644413,7.8860445,5.8152127,5.7550898,7.120217,4.905098,6.113408,6.494697,5.8504744,5.8667397,4.61946,4.5590363,6.4717827,6.2244043,5.386313,6.0948725,6.0548835,6.6017566,6.9819193,6.338256,6.2341433,6.0746164,5.03493,5.0255747,5.0250716,5.3843536,5.5835853,4.800133
2,2.8007517,2.1458197,0.0,0.6450112,3.6966302,3.9268653,2.3932207,1.4513688,1.740603,2.5337062,2.8270445,1.5433946,2.541797,4.0129833,2.5951648,3.984595,4.041455,5.4282923,4.291941,4.4712224,6.071671,3.7730696,6.1079926,6.197028,5.479354,4.7323685,6.80083,5.5703707,6.1783133,6.258881,6.250833,6.2397757,4.636395,4.5655475,5.4370403,4.334271,5.088059,6.193997,4.5730267,5.1065726,6.829577,5.054169,6.9716325,5.698325,7.049947,5.3397827,6.4016438,5.7762666,6.5372953,6.5372953,4.481564,6.0030804,5.2176538,5.411549,6.2336845,6.776156,5.9096775,5.7442546,8.794723,8.417423,6.0700293,5.8606644,5.692568,7.2553477,4.5623355,6.0845065,3.9149714,2.437685,6.789598,6.382996,6.3550854,7.584381,7.1263137,6.542324,6.4354396,6.963407,3.5811381,3.4788024,3.5211513,3.4049268,6.2381263,4.6503453,3.3797565,4.055666,5.984606,4.695876,9.776441,9.853638,4.3838735,4.4533253,4.119497,6.096412,3.0384064,6.06573,5.5946813,5.3357954,6.88604,3.8669174,5.3325915,5.2732544,7.223355,8.30178,6.3088675,6.4336224,7.8677745,5.8544164,6.1637673,6.662456,6.560432,6.572372,5.4409842,5.384606,5.949528,5.994164,5.459012,6.4261065,6.3408427,6.7639074,6.6624637,6.025083,6.8174243,6.574674,6.01394,6.020926,5.4930487,5.671814,5.8096023,5.4712887
3,2.3650002,2.0688913,0.6450112,0.0,3.608997,3.7292082,2.2505164,1.2914828,1.5945398,2.0642064,2.7206168,1.4149321,2.4206333,3.9286087,2.4790595,3.9646797,4.1457744,5.488124,4.3059616,4.4941096,5.8925414,3.7290418,6.057586,6.1768622,5.4446383,4.536664,6.791702,5.5334682,6.1345887,6.218029,6.2100096,6.199679,4.6785097,4.597877,5.1752625,4.039147,4.8991094,6.203411,4.176995,4.73183,6.7568207,5.0457897,6.8906083,5.5526395,6.783901,5.365921,6.4432507,5.5680566,6.5540876,6.5540876,4.4901843,6.0535293,4.9842677,5.1636105,5.9623666,6.826536,5.89986,5.6865044,8.741519,8.447276,6.048989,5.8536673,5.728067,7.2763543,4.52246,6.106416,3.739356,2.3950937,6.801191,6.4138646,6.354659,7.578407,7.1630054,6.571043,6.485956,6.738075,3.6159904,3.4590666,3.5059164,3.4618528,6.22613,4.615578,3.392885,4.0521383,5.959501,4.624837,9.765389,9.842004,4.339343,4.4414015,4.1027894,6.0855427,2.990455,6.066329,5.6091948,5.330492,6.721368,3.6036885,5.198452,5.107723,7.1228514,8.232104,6.3469954,6.3603697,7.7151837,5.700065,6.0612063,6.5173807,6.431273,6.4422135,5.2925806,5.2351727,5.8024335,5.8632274,5.361714,6.3720036,6.033582,6.4891677,6.7334223,5.8868403,6.766541,6.5164275,5.70464,5.711094,5.3863516,5.5075293,5.711248,5.366369
4,3.0493264,4.0152316,3.6966302,3.608997,0.0,1.2621754,2.886175,2.4499462,2.9432185,3.196913,3.5535069,2.6396546,3.1991086,2.8201356,2.9827487,4.3499413,5.513012,6.6094527,4.6402693,4.3835554,5.16482,4.710929,5.237174,6.1198597,6.129126,5.1434817,7.7996182,6.254527,7.189827,7.0989933,7.0646763,6.760831,6.087367,6.0712147,6.397166,5.6111593,5.895204,5.132006,5.003401,5.38855,6.763595,5.9917793,7.5569143,6.378904,7.508868,5.613202,6.8677306,5.643119,5.4903603,5.4903603,4.8731155,6.2604766,4.771115,5.1001244,5.1432347,6.8762193,6.935249,6.3368106,8.231115,8.857673,5.973177,6.434412,6.397412,7.6583548,2.8568013,4.630654,5.2903557,2.8816187,6.816573,6.679614,5.11238,6.6068816,7.1394215,6.8645163,6.678481,6.6523805,4.0140395,3.9369223,3.8687682,3.866949,6.023201,4.6895556,4.060601,4.7166796,6.2899885,4.9872985,8.799591,8.865559,4.01319,4.087322,3.0481594,5.179475,4.570396,5.1580596,5.1839724,4.8438373,7.209314,4.985779,6.2432876,6.176833,6.627218,7.490143,7.432297,5.8226595,7.3809495,4.9770913,7.0649524,7.4966044,6.115659,6.1229978,6.1100545,6.068725,7.2118006,7.263941,6.542893,7.5935383,6.6398296,7.025553,5.7994356,6.436314,6.1290226,7.676448,6.5061803,6.5214906,6.2383747,6.781393,6.115765,5.554279
5,2.813887,4.118076,3.9268653,3.7292082,1.2621754,0.0,3.525757,2.6620839,3.064876,2.984753,3.748507,2.88302,3.7441654,2.9989958,3.5630372,4.543831,5.6303377,6.7163515,5.0712194,4.8518476,5.113219,4.8682537,5.504459,6.290957,6.282845,5.3708816,7.8526564,6.3756595,7.322131,7.310574,7.2915807,6.8849688,6.0741086,6.050939,6.096801,5.243819,5.919781,5.279823,5.0389056,5.397296,6.7986917,6.323944,7.608878,6.5141807,7.2856812,5.8098,6.8880644,5.675237,5.780921,5.780921,5.1869483,6.0894394,4.790734,4.983381,5.315302,7.2359824,6.9202337,6.5596976,8.09456,9.049839,6.323867,6.5793867,6.901209,8.135121,3.054708,4.9855967,5.246243,3.1516635,7.0020175,6.6101265,5.3755255,6.9755797,7.4570208,7.0706186,6.880356,6.5701184,4.3216953,4.208703,4.1450696,4.2710223,6.4653406,5.1132193,4.218026,4.9164424,6.4110217,5.1295657,9.128394,9.181924,4.3849607,4.4851294,3.2233734,5.3789873,4.908365,5.5201435,5.342771,5.0439415,7.3771443,4.9316483,6.254918,6.1092086,6.691139,7.7607946,7.510475,5.8892,7.2925873,4.91522,7.154498,7.51631,6.1803575,6.1873417,6.4299774,6.3812594,7.1098294,7.182702,6.6264787,7.579874,6.3127556,6.6976213,6.1126623,6.417305,6.2132134,7.6530647,6.1513453,6.1551647,6.118309,6.6310806,6.2438755,5.7242146
6,2.6916916,3.0305126,2.3932207,2.2505164,2.886175,3.525757,0.0,1.6670202,2.4025226,2.7451131,2.9411335,1.7888823,1.0445956,3.4585328,0.95399475,3.9719758,5.1964445,6.2224483,4.149407,4.1740804,5.630509,4.6500244,5.7198944,6.0616803,6.0573616,4.8060484,7.4048715,6.1448965,6.2789545,6.3119397,6.2645087,6.1788197,5.6147876,5.5618796,6.0391116,5.1037807,4.9673247,6.0795794,3.8993328,4.448755,7.0422616,5.4318357,7.4313583,5.9736843,7.393542,5.7580843,6.7924895,5.5943747,6.4296975,6.4296975,4.6462717,7.065494,5.3081026,5.479544,5.5299425,6.8839135,6.6283517,5.777773,8.656308,8.772652,5.9366837,6.009382,5.999677,7.4573307,3.9321249,5.514977,4.341548,2.4036622,6.8089533,6.724606,6.1627913,7.222474,7.1698265,6.7441216,6.4853473,6.62066,3.8186839,3.6406996,3.6637864,3.6831682,6.145072,4.6715527,3.6828618,4.3483844,5.980402,4.6456785,9.370791,9.46639,4.198925,4.2776847,3.6938164,5.9589076,3.4833872,5.725035,5.255335,4.795584,7.0068717,4.2102757,5.633542,5.6071377,7.007087,8.013164,6.8953066,6.1138563,7.505753,5.4831243,6.4835443,6.9775734,5.99366,6.0017357,5.422607,5.3775487,6.4225245,6.4552174,5.985004,6.910274,6.3633604,6.7869205,6.6521816,6.175476,6.5468535,6.9215446,6.253791,6.2573104,5.8137903,6.050144,5.941768,5.4596934
7,2.0114605,2.3564882,1.4513688,1.2914828,2.4499462,2.6620839,1.6670202,0.0,1.4450079,1.9732026,2.463989,0.8031643,1.9301596,3.0171058,1.8754057,3.6795657,4.464465,5.66651,4.0765853,4.104553,5.3694324,4.015975,5.5154433,5.862292,5.620715,4.7045317,6.9403324,5.698015,6.212001,6.2987885,6.280607,6.085344,4.967646,4.9102707,5.4556694,4.3692408,4.928883,5.681869,4.111796,4.660761,6.7013707,5.286778,7.110533,5.8382688,6.999205,5.333825,6.381178,5.469336,6.0765224,6.0765224,4.412212,6.041394,4.909916,5.0598288,5.706842,6.8360596,6.076131,5.7834873,8.320331,8.516805,5.851152,5.7274084,6.008209,7.452258,3.5779586,5.4430375,3.985613,1.8931752,6.5789123,6.2580557,5.872591,7.138967,7.061634,6.427591,6.2839794,6.488653,3.3727155,3.2155068,3.232375,3.2363594,6.0656896,4.547298,3.16347,3.9599888,5.7657266,4.3610005,9.397587,9.475315,4.010156,4.125197,3.3058074,5.621138,3.3593185,5.6085224,5.0775523,4.6841702,6.84992,3.8626478,5.3582697,5.2904277,6.7284446,7.896117,6.5681686,5.930444,7.294193,5.1586533,6.2212877,6.6675487,5.9354973,5.945575,5.5181766,5.4610605,6.0681963,6.1188803,5.639389,6.596486,5.990871,6.438975,6.3384814,5.8973684,6.3788223,6.6898785,5.813511,5.814164,5.4020677,5.695719,5.717623,5.3104763
8,2.0563543,2.1835635,1.740603,1.5945398,2.9432185,3.064876,2.4025226,1.4450079,0.0,1.3394039,2.3937933,1.6262509,2.6992118,3.3800614,2.6588035,3.9321957,4.3038974,5.4654384,3.8150475,3.9261901,5.644482,3.843245,5.692223,5.8225045,5.4268546,4.5959563,7.323718,5.5028906,6.0898533,6.104924,6.10605,6.0194335,4.841928,4.8047357,5.310586,4.098548,4.76969,5.833377,4.4841776,4.9957585,6.3479214,5.249663,6.656909,5.903665,6.78487,5.388548,6.352702,5.4709415,5.8232937,5.8232937,4.3882356,5.8573337,4.665951,5.0018363,5.9245214,6.6498966,5.99846,5.0205326,8.636627,8.410339,5.5575175,5.57391,5.6044917,7.1423903,4.03952,5.1517367,4.0651684,2.139491,6.325547,6.4478626,5.523182,7.0177283,6.9708323,6.3387003,6.12225,6.0961046,2.8964353,2.8925285,2.8423324,3.3434942,5.7997265,4.0457497,3.4398713,4.0571685,5.3313513,3.9115052,9.268371,9.339463,4.2028775,4.209842,3.292429,5.6405015,2.8007715,5.3374834,5.139353,4.749319,6.572476,3.2264824,4.880066,4.6820717,6.728977,7.7657733,6.1171722,5.7728724,7.2218533,5.142318,5.9842362,6.451354,6.0572996,6.072223,5.1955833,5.1524677,6.106592,6.16223,5.2783046,6.3371377,5.8222165,6.2302494,6.2692146,5.809445,6.1098566,6.4129043,5.1355476,5.150969,5.1181397,5.4150147,5.315777,4.8510966
9,1.3792002,2.573405,2.5337062,2.0642064,3.196913,2.984753,2.7451131,1.9732026,1.3394039,0.0,2.7077966,2.1034095,2.9891806,3.6097484,2.9589684,4.216396,4.760997,5.8547893,4.296558,4.4173613,5.493442,4.0810633,5.8860073,6.016714,5.6183605,4.4300866,7.4242644,5.6937213,6.2608647,6.277032,6.278078,6.198525,5.037249,4.9815326,4.844265,3.5840342,4.5506754,6.008243,4.0123715,4.4707685,6.25178,5.39449,6.5294127,5.736447,6.300456,5.555394,6.5231304,5.2238793,6.0874524,6.0874524,4.683378,6.114277,4.3205996,4.651501,5.493169,6.8173575,6.1503854,5.0728383,8.580725,8.568462,5.760609,5.788001,5.8056326,7.2780247,4.25741,5.3422365,3.9630818,2.497925,6.4962473,6.616293,5.73017,7.1900053,7.1674128,6.5330806,6.353418,5.7673044,3.401387,3.2325134,3.211792,3.9238555,5.975944,4.2330894,3.7318695,4.305257,5.5481114,4.171052,9.39327,9.464662,4.430113,4.4611464,3.5437098,5.793414,3.060294,5.5198464,5.332991,5.0056343,6.3775797,2.9705622,4.7772117,4.5022135,6.6750317,7.765869,6.252536,5.7304516,7.1685376,5.0794544,5.8923597,6.3178554,6.0752416,6.0888805,5.152195,5.1083574,5.8744755,5.965056,5.186465,6.227916,5.2383857,5.6854477,6.547366,5.622227,6.0355296,6.316229,4.6038694,4.618238,5.000788,5.2090216,5.265058,4.7456965
10,2.9495988,3.0556142,2.8270445,2.7206168,3.5535069,3.748507,2.9411335,2.463989,2.3937933,2.7077966,0.0,2.2430265,3.0048418,2.174953,3.0140731,4.253924,5.3084445,6.294548,4.3029814,4.37875,6.528704,4.61347,6.1676717,6.515818,6.6271024,5.0681176,7.7620664,6.7084336,6.8458066,6.861913,6.8568764,6.708771,4.8346453,4.774035,5.2569447,4.441925,5.36926,6.4539523,5.1530223,5.36806,7.1781187,5.6087174,7.204149,7.1423397,7.809009,6.000316,6.9798384,6.1474414,6.8545785,6.8545785,5.5963397,7.0125914,5.259873,6.0896473,6.913996,7.708432,6.5828557,5.798733,9.331702,9.39725,6.247503,6.3709726,6.0114937,7.4128284,4.3518953,5.763329,5.037555,2.2312164,6.7322164,7.623251,6.6327286,7.8741264,7.8057976,6.9469676,6.9742455,7.064661,4.261652,4.017916,4.111312,4.3863764,6.4984784,4.764275,3.9408684,4.575198,6.0651307,4.8702755,9.881736,10.006403,5.181391,5.2430944,4.1557426,6.439276,3.9999924,6.3102317,6.270975,5.623725,7.2061477,4.4083133,5.759114,5.611364,7.3171597,8.267854,6.4813166,5.9774723,8.053609,5.8626356,6.805156,7.3582444,6.605855,6.619777,6.10594,6.0614552,6.486623,6.4769397,5.902662,6.5275707,6.563573,6.980267,6.8795056,6.534748,6.6478853,7.009135,6.557935,6.5698514,6.091354,6.516594,6.530073,5.9499784
11,1.852907,2.1591594,1.5433946,1.4149321,2.6396546,2.88302,1.7888823,0.8031643,1.6262509,2.1034095,2.2430265,0.0,1.7479345,2.9256017,1.6604944,3.5811708,4.538629,5.699907,4.00689,4.0997753,5.494598,3.892798,5.5441375,5.914954,5.63676,4.288191,6.8626747,5.727441,6.2585616,6.3195295,6.296404,6.0984683,4.6348944,4.5666285,5.144422,4.3074884,4.6026983,5.478474,4.202446,4.4572663,6.484441,4.903901,6.8581667,5.95272,7.105114,4.967544,6.1309447,5.132128,6.270357,6.270357,4.642856,6.2332554,4.833436,4.9502325,5.6557508,6.7011642,6.2894106,5.426881,8.166137,8.475792,5.7655234,5.828669,5.941542,7.240178,3.5948005,5.459014,3.880604,1.7625189,6.5605507,6.2540402,5.8446174,7.1266403,7.088809,6.466089,6.2396345,6.4542994,3.5652752,3.3548312,3.3866522,3.356687,5.997634,4.409547,3.1526217,3.918931,6.150418,4.846448,9.450897,9.526269,3.939459,4.0750065,3.303395,5.536246,3.2442324,5.619176,5.153253,5.0701413,6.929104,4.0076275,5.486832,5.415156,6.939808,8.10952,6.3474298,5.7444234,7.4864583,5.3535085,6.197397,6.871899,6.022206,6.035255,5.510652,5.4533215,6.275118,6.304216,5.7620754,6.3964725,6.2228956,6.69161,6.5641246,6.1453676,6.241996,6.514628,5.748001,5.7459044,5.435861,5.9788713,5.9430037,5.291909
12,2.6323104,2.9579556,2.541797,2.4206333,3.1991086,3.7441654,1.0445956,1.9301596,2.6992118,2.9891806,3.0048418,1.7479345,0.0,3.409605,0.68558073,4.3679357,5.3143773,6.348632,4.3732285,4.4557104,5.7553544,4.841487,5.9460616,6.264269,6.410374,4.716218,7.5384827,6.5953813,6.428581,6.507288,6.4562054,6.31414,5.4790387,5.4223847,5.92038,5.0031266,4.579711,6.1245036,4.1656876,4.4159064,6.9317155,5.2937846,7.6321435,6.1902857,7.6009865,5.641486,6.9416246,5.4218884,6.955857,6.955857,4.984182,7.4195685,5.5519066,5.558064,5.6646357,6.854393,6.8852725,5.777089,8.616821,9.044924,6.1214046,6.143149,6.2343526,7.5133476,4.017103,5.6719427,4.2918468,2.434474,6.8496037,6.694756,6.3626866,7.3775673,7.2846155,6.7132173,6.477436,6.665892,4.099545,3.883155,3.9095314,3.934022,6.3047705,4.8955812,3.6326914,4.3915873,6.450579,5.223503,10.040485,10.124788,4.332771,4.4516153,3.6967616,6.1006684,3.5018282,5.858027,5.179351,5.157463,7.2729907,4.465089,5.8487115,5.8191934,7.179455,8.330911,6.701036,5.910761,7.6144166,5.6499496,6.4216294,7.165309,6.0861516,6.097223,5.6260514,5.575581,6.5469255,6.5600405,6.259708,6.773811,6.637615,6.901767,7.015833,6.4035444,6.4096107,6.6495843,6.2024145,6.194741,5.685908,6.15795,6.176601,5.5052075
13,3.4016647,4.0790005,4.0129833,3.9286087,2.8201356,2.9989958,3.4585328,3.0171058,3.3800614,3.6097484,2.174953,2.9256017,3.409605,0.0,3.3909283,4.829548,6.044968,6.902209,4.853747,4.7043986,6.2256975,5.59029,5.9221716,6.640258,7.3840156,5.912742,8.323253,7.513537,7.4861956,7.549657,7.5373898,7.1401205,5.866242,5.8461933,6.2257695,5.398312,5.87261,6.241102,5.626219,5.822009,7.6033845,6.4303055,8.237986,7.914366,8.526606,6.49357,7.6510696,6.6143637,6.6707935,6.6707935,6.1274614,7.4157557,5.6904774,6.4412165,7.0515738,8.068965,7.1542974,6.746277,9.175067,9.959671,6.626404,6.6577,7.0886574,8.121473,3.7914023,5.5893207,5.9668026,2.9977043,6.836971,7.8736577,6.6374536,7.678626,8.003771,6.8864465,7.179078,7.1453094,4.6780944,4.491465,4.514671,4.5692883,6.7339826,5.55951,4.3210797,5.1215024,6.4797187,5.2852335,10.1075115,10.208625,5.414406,5.56525,3.8820677,6.40675,5.0344677,6.2196074,5.968352,5.4755635,7.7766604,5.4718256,6.5770016,6.540014,6.9449153,8.080491,7.315611,5.816541,7.650088,5.568625,7.194187,7.7523055,6.321413,6.331693,6.9222045,6.8730626,7.1457024,7.133987,6.7198224,7.258108,6.969769,7.262685,6.8345394,6.9666324,6.6132503,7.603153,7.1505346,7.1527433,6.445066,7.0905285,6.929035,6.4140954
14,2.531534,2.9886427,2.5951648,2.4790595,2.9827487,3.5630372,0.95399475,1.8754057,2.6588035,2.9589684,3.0140731,1.6604944,0.68558073,3.3909283,0.0,3.8616784,5.3864303,6.479821,4.40749,4.4714427,5.7522063,4.840201,5.94564,6.2753034,6.359332,4.685304,7.5212607,6.426196,6.5371604,6.6130486,6.56081,6.3732395,5.3778734,5.318969,5.8248982,5.091747,4.6701865,5.9145017,4.0214944,4.219723,7.002807,5.33202,7.39739,6.213709,7.7013636,5.6484685,6.603453,5.444382,6.6760125,6.6760125,5.153106,7.39476,5.445569,5.569957,5.5237556,6.7559795,6.9765654,5.544368,8.428924,8.956921,6.1651607,6.2620234,6.3334994,7.549443,3.8722155,5.611498,4.421994,2.4142962,6.822389,6.687007,6.28917,7.338069,7.3793297,6.786619,6.536931,6.6912994,4.1191525,3.9097784,3.9256706,3.9317966,6.2980127,4.8851194,3.7341502,4.457776,6.5629797,5.3328075,9.572631,9.652113,4.3578377,4.4745584,3.6219916,6.038102,3.5440655,5.8288894,5.191287,5.166086,7.307328,4.502414,5.8845434,5.8619475,7.175067,8.353035,6.757089,5.853031,7.669707,5.6268167,6.50873,7.265571,6.126428,6.137152,5.6904693,5.641472,6.7017236,6.71997,6.2848864,6.7629814,6.5728626,7.020155,6.9984574,6.523424,6.4057302,6.751196,6.239542,6.229701,5.780667,6.3143044,6.2986665,5.57637
15,4.008384,3.550091,3.984595,3.9646797,4.3499413,4.543831,3.9719758,3.6795657,3.9321957,4.216396,4.253924,3.5811708,4.3679357,4.829548,3.8616784,0.0,5.7302494,6.753332,5.1731076,5.1452594,6.2844906,5.2627473,6.372725,7.0203958,5.9918075,5.9065566,7.610853,5.3980627,7.019245,7.1230507,7.114399,6.823143,5.032615,4.9667153,5.4861836,5.3783984,5.4886236,5.1919136,5.028682,5.1486335,7.6849484,5.97346,6.239278,6.995694,8.162262,6.0663595,4.8974614,6.4039207,6.1048927,6.1048927,6.506986,6.6443844,5.650326,6.1025877,6.8226733,7.37968,6.7873597,5.7017694,8.71583,8.358202,6.8102183,6.8533006,7.25794,8.360327,5.023243,6.5635777,5.591372,4.032311,7.2084284,6.9341063,6.6430964,7.7835712,7.983503,7.599625,6.7169704,7.533978,5.154412,5.029697,5.036696,4.7074666,7.216121,5.91172,4.467992,5.134026,6.913432,6.233381,7.863579,7.937445,5.2478676,5.3571715,4.44874,6.3485193,4.9588847,6.7738285,6.2618837,6.140989,7.906018,5.2293773,6.4182925,6.3765426,7.5794287,8.555048,7.060221,6.372627,7.8402615,5.716865,7.4393954,7.801472,6.3805966,6.388446,6.1498947,6.1007414,7.5142107,7.28987,6.2641788,6.728389,6.217622,7.6219034,7.4008284,7.2459555,6.945062,7.2675023,6.655161,6.6469727,6.338369,6.8189125,6.908589,6.2098403
16,5.130746,4.2760997,4.041455,4.1457744,5.513012,5.6303377,5.1964445,4.464465,4.3038974,4.760997,5.3084445,4.538629,5.3143773,6.044968,5.3864303,5.7302494,0.0,3.4793653,4.573044,4.683414,4.802667,3.2443175,5.9013624,6.269283,4.448647,4.700751,7.2843986,4.7791743,6.0811687,5.9998255,6.0219126,6.409484,3.9167564,3.9300258,4.9445376,4.5773845,5.163376,5.5554185,4.831264,5.3510375,5.565973,3.7492752,6.0362005,4.6520004,5.6353207,5.416027,6.868314,5.8710995,6.0977597,6.0977597,4.835718,5.510933,4.776823,5.383432,6.940707,5.561146,4.65967,6.489836,9.01199,7.224089,5.721365,4.7183323,5.1897,6.182434,5.0229306,6.774077,5.0260353,4.4287515,6.9489713,6.024666,6.019292,7.396934,5.4735227,5.8302007,6.69585,7.4934583,4.8376093,4.8631544,4.7900167,4.096714,6.380825,4.6327095,3.4297087,2.5606284,6.677241,5.952035,9.769116,9.838612,5.026958,5.0852723,5.384771,5.786608,4.0279393,4.8835897,5.5426393,6.9501696,7.1361094,4.3035617,5.4314494,5.442911,6.1435847,7.0130367,4.9154983,5.3350596,6.5903325,5.0285635,5.8440228,5.67575,5.8507504,5.857072,4.124512,4.066027,5.6212826,5.473841,4.608401,5.9612083,5.9095507,6.2208085,5.290368,4.973007,6.314052,5.764043,5.8048444,5.897031,4.509606,4.750668,4.4127436,4.7230773
17,6.290082,5.525022,5.4282923,5.488124,6.6094527,6.7163515,6.2224483,5.66651,5.4654384,5.8547893,6.294548,5.699907,6.348632,6.902209,6.479821,6.753332,3.4793653,0.0,3.8570595,3.9840426,4.4208736,4.5364304,4.52058,5.116726,3.7600915,5.633771,6.8280616,4.1418705,4.681415,4.5799723,4.63448,5.0622787,5.845555,5.858701,6.6129603,6.3547573,5.458353,5.4066477,5.8942437,6.380224,5.497124,4.7137446,6.786427,6.7292056,5.657939,5.0367312,6.6710176,5.615689,6.7095995,6.7095995,4.3511357,5.170222,6.227002,5.073322,8.422304,7.49037,5.7903185,7.373195,7.9656034,5.833947,4.3824377,3.2013516,6.447369,7.3501143,5.6945004,7.245495,4.5140452,5.6810036,7.9302535,5.778745,5.8515854,7.154451,5.2380257,6.572514,6.3058596,6.602362,5.4592857,5.5521326,5.4903464,4.7291174,6.8300085,5.311632,4.311645,3.5641682,6.3591757,5.582665,9.706437,9.803256,4.5926776,4.7351832,6.0449834,5.311343,5.794599,5.3487267,5.622729,6.94587,8.211403,5.7674985,6.673421,6.6352005,7.3820615,8.040686,6.3728456,6.6735616,5.6313324,5.90919,6.8179145,6.6128983,4.55272,4.5603547,5.424981,5.379882,7.0004425,6.8611503,6.134455,7.2101846,6.860459,7.179514,6.624227,6.0764737,7.1072965,6.505558,5.6764946,5.779104,5.6594157,5.997115,5.3431864,5.71767
18,4.6287894,4.015026,4.291941,4.3059616,4.6402693,5.0712194,4.149407,4.0765853,3.8150475,4.296558,4.3029814,4.00689,4.3732285,4.853747,4.40749,5.1731076,4.573044,3.8570595,0.0,0.6946544,4.6557746,3.747034,3.186979,4.557784,3.9589787,4.5617437,6.249147,4.2819886,4.5973625,4.399375,4.402287,4.399664,5.590072,5.554579,6.290963,5.913934,4.913871,5.285964,5.2224774,5.6672688,5.611007,4.534954,6.649859,6.5618367,6.6681037,4.6480083,6.357958,4.4477754,6.1603985,6.1603985,4.077395,5.6928205,5.8424973,4.869029,7.1915703,7.790753,6.130253,5.5875645,8.074492,6.9674354,3.2253938,3.9996963,6.0197687,6.9693656,4.000833,5.57384,4.3454275,4.0437536,6.539535,5.9152827,4.185811,5.647424,6.6109486,6.841691,5.3510485,5.932712,3.715244,3.7322807,3.7515478,3.7286818,5.4635377,3.4284112,4.2446113,3.5466816,5.2432637,4.161443,8.84679,8.956386,3.6029632,3.7772279,4.1699033,3.959847,4.899492,4.7935886,5.6106353,5.0123215,7.004015,4.3206863,5.5429955,5.4416685,6.9167423,7.31643,6.460338,5.939038,5.916053,4.6803293,6.8439097,6.599976,4.0202093,4.0414495,4.603692,4.5716395,7.652235,7.4888225,6.483021,7.5283346,7.161251,7.6061544,6.435092,6.8375754,6.6400757,7.100117,5.2750397,5.3100376,6.250758,6.660789,5.9347878,5.408883
19,4.7416797,4.20346,4.4712224,4.4941096,4.3835554,4.8518476,4.1740804,4.104553,3.9261901,4.4173613,4.37875,4.0997753,4.4557104,4.7043986,4.4714427,5.1452594,4.683414,3.9840426,0.6946544,0.0,4.4041915,3.9287071,2.842598,4.494199,4.049031,4.838201,6.432652,4.367823,4.724581,4.5059304,4.505473,4.448871,5.7864814,5.7642875,6.4832234,6.0458407,5.111885,5.039701,5.3350015,5.832864,5.6512775,4.7571745,6.7767687,6.627004,6.7058964,4.728689,6.4005194,4.609119,5.919537,5.919537,4.0015664,5.546763,5.7984424,4.872147,7.159752,7.804503,6.080939,5.87819,8.062181,6.9594264,3.2059197,3.9745932,6.062444,7.0624256,3.7236965,5.300808,4.566841,4.034045,6.5100374,5.8888946,3.949277,5.4589486,6.4618235,6.813804,5.274273,5.96945,3.7327673,3.758863,3.7658908,3.7063768,5.4743094,3.5344226,4.1526184,3.531858,5.0564494,4.0350823,8.646293,8.763883,3.4919908,3.634285,3.9553866,3.7508643,5.1075134,4.6185193,5.467419,4.7897863,7.0589547,4.5100017,5.653299,5.566786,6.7214074,7.0337043,6.6100664,5.851183,5.736016,4.417702,6.982028,6.669805,3.7866094,3.805797,4.714857,4.683495,7.6795716,7.4942746,6.5076103,7.64391,7.098862,7.5305514,6.1089344,6.7304177,6.4886117,7.2273035,5.5088873,5.5477195,6.279202,6.668225,5.8366385,5.365017
20,5.4139876,5.833589,6.071671,5.8925414,5.16482,5.113219,5.630509,5.3694324,5.644482,5.493442,6.528704,5.494598,5.7553544,6.2256975,5.7522063,6.2844906,4.802667,4.4208736,4.6557746,4.4041915,0.0,5.2913585,3.904369,5.5264277,4.8502603,5.4708867,7.264418,5.123434,5.994206,5.9337683,5.9205894,5.866904,6.3886585,6.3719916,6.251502,6.050851,4.961745,4.067368,4.4938464,4.8644147,5.177394,5.2265654,6.9439297,5.890572,5.300441,5.3279614,6.823761,4.838881,6.0942826,6.0942826,4.910625,6.06167,5.5004334,4.25859,6.56318,6.859648,6.515011,7.506364,6.868041,6.8079786,4.9764867,4.124423,7.045635,7.7920847,3.9153218,6.1401644,4.9603662,5.3081675,7.73422,5.4543357,4.8400335,6.2829947,5.489641,6.4843783,6.335279,6.2009816,5.61969,5.508428,5.4311547,5.2081184,6.7896004,5.375786,4.0458913,3.50343,6.8554378,6.0185833,9.112706,9.201858,4.1047254,4.4134955,4.836189,4.366586,6.0341253,4.0163164,4.217789,5.944611,8.0489235,5.666712,6.752243,6.690734,5.974174,6.813156,6.8768125,5.0522394,4.13397,3.7340307,6.8783174,6.579359,3.0902402,3.088192,5.180953,5.129812,7.042366,6.8981876,6.3016105,7.345013,5.481913,6.0359955,5.909971,5.612498,5.758794,6.5250516,5.2375555,5.3229175,5.0773077,5.64364,4.8911276,4.9078546
21,4.4631996,3.846095,3.7730696,3.7290418,4.710929,4.8682537,4.6500244,4.015975,3.843245,4.0810633,4.61347,3.892798,4.841487,5.59029,4.840201,5.2627473,3.2443175,4.5364304,3.747034,3.9287071,5.2913585,0.0,5.0443606,5.8121405,3.205002,2.8753095,6.2593937,3.7599723,5.8578134,5.4824104,5.4745536,5.8292522,4.3295684,4.278245,4.7788906,4.845182,5.4946914,5.3506665,5.0013494,5.279887,5.1148667,3.2259443,5.4908957,4.2768764,5.4211783,4.056501,6.268629,4.00684,6.3210073,6.3210073,4.192324,4.8136716,4.115783,4.0180144,5.5117216,6.5228767,5.316748,5.686943,8.681112,6.8822823,4.729695,5.6233335,4.7334223,5.7625065,4.5906525,6.2452507,4.3478665,3.992183,6.80789,5.722488,4.828234,6.5069823,6.3767924,7.180967,6.4061966,7.0110435,4.5552325,4.4151077,4.4426036,3.8370392,5.536134,3.1829634,4.2690806,3.3595512,6.634706,5.8491945,8.96898,9.037799,3.9135914,3.8870735,5.018723,4.5282717,4.3930054,5.429229,6.7209983,6.903233,6.1942854,3.8833747,5.223182,5.1130586,7.0755744,7.3511934,5.932595,6.216668,7.771999,5.4804134,6.6588006,6.517874,6.3233523,6.333652,3.877598,3.8346922,6.8996973,6.7950134,5.8925705,7.1298604,7.0631,7.3908515,5.733154,6.161507,6.7611876,7.100422,5.586933,5.6473813,6.277151,6.5372157,5.7735496,5.1840653
22,5.9557524,5.9174967,6.1079926,6.057586,5.237174,5.504459,5.7198944,5.5154433,5.692223,5.8860073,6.1676717,5.5441375,5.9460616,5.9221716,5.94564,6.372725,5.9013624,4.52058,3.186979,2.842598,3.904369,5.0443606,0.0,4.198148,4.312897,5.6964993,6.4145303,4.676211,5.362292,5.110169,5.093497,4.891673,7.141224,7.124532,7.51534,7.294186,6.1651387,4.784282,6.190877,6.5747933,5.8510294,5.729775,7.5353556,7.369212,6.7894154,4.839671,6.753479,4.6933913,5.8377957,5.8377957,4.5359426,5.0946355,6.5083933,4.6871247,7.557641,8.68568,7.0837917,7.4635696,7.209348,6.1278667,2.9187274,3.986785,7.3135343,7.4724054,4.274783,6.0749617,5.185391,5.5456495,6.8839755,5.8215504,4.0844774,4.3352423,6.650462,6.838998,5.34851,5.7696276,4.761462,4.7093973,4.7110486,4.3594375,5.3043313,4.872611,5.147407,4.56698,6.195895,5.3016825,8.443257,8.516085,3.6664438,3.939097,4.959206,3.4430804,6.8837476,5.256488,5.921646,5.619739,7.1143064,6.2471724,6.8014545,6.968937,6.5573235,6.78266,7.9521,6.760758,5.773238,5.173637,7.231478,6.8139467,3.7566905,3.768719,6.0224953,5.9914837,8.679812,8.526389,7.7694125,8.82597,7.8060317,8.238104,6.724833,7.466729,7.134732,8.22463,6.246511,6.2907214,7.3082013,7.7626224,6.7304945,6.3450685
23,6.2918506,6.5158777,6.197028,6.1768622,6.1198597,6.290957,6.0616803,5.862292,5.8225045,6.016714,6.515818,5.914954,6.264269,6.640258,6.2753034,7.0203958,6.269283,5.116726,4.557784,4.494199,5.5264277,5.8121405,4.198148,0.0,5.3465023,6.2806373,7.802136,5.5019836,3.33242,3.2614708,3.2229176,2.8861947,6.7911944,6.937422,7.4429283,7.2422323,6.131116,5.9426484,6.4519277,6.824643,5.427157,6.164967,6.9698315,7.5237927,6.0804553,5.4296045,5.8616085,5.4105005,5.5529585,5.5529585,4.1112566,5.576588,6.429769,5.2329626,7.461265,8.355561,6.1334414,6.3825135,6.441726,5.13581,3.2573137,3.6027122,7.589573,7.5311327,4.9564342,5.269859,4.762543,5.5511227,5.7953377,4.454438,5.532467,5.851157,5.7643385,6.9876924,4.5465307,3.8850105,4.966039,4.871572,4.799983,4.7851567,5.680498,5.297381,5.638849,5.0914874,5.004007,5.1069784,7.694825,7.74596,5.5717535,4.6845083,5.07858,4.405067,6.9040394,5.819243,5.890272,6.3872824,7.239153,5.9074516,5.2743487,5.536224,6.963122,8.073279,6.915243,7.0341625,7.7097044,7.135876,6.655481,6.666629,5.4444995,5.455384,7.207848,7.172482,7.265045,7.289178,7.633681,7.70141,7.827115,7.2543364,6.1241927,6.2766128,6.5469427,7.0455837,6.1342425,6.1334553,6.939903,7.2873087,6.7933373,6.5689826
24,6.004506,5.306484,5.479354,5.4446383,6.129126,6.282845,6.0573616,5.620715,5.4268546,5.6183605,6.6271024,5.63676,6.410374,7.3840156,6.359332,5.9918075,4.448647,3.7600915,3.9589787,4.049031,4.8502603,3.205002,4.312897,5.3465023,0.0,4.6238403,5.832427,1.3597405,4.9469957,4.430118,4.4494963,4.974799,6.1937876,6.1744905,6.50389,6.5259295,5.981371,4.952728,5.8795056,6.348196,5.1176147,4.3406773,5.643208,5.2154536,4.984205,3.938984,5.7641826,4.2344484,6.3341794,6.3341794,3.9405515,3.967952,5.323102,3.5504777,6.5641675,7.386253,5.748575,6.5692167,7.9941325,4.880197,3.981797,5.0320406,5.9680357,7.0319185,5.775174,6.855049,4.51406,5.845589,7.8524733,5.0909634,4.4006953,6.2098126,5.88671,7.9395,5.9405074,6.5727344,5.409807,5.4225297,5.3947144,4.6779814,6.2521744,4.3563747,5.25244,4.398131,6.451633,5.9393287,8.101135,8.168106,3.701716,3.6308882,5.8024063,3.8840883,5.899119,5.6553373,6.743767,7.0493402,7.2062373,5.200772,6.236382,6.1125765,7.8777366,7.8392878,7.1444407,7.411912,7.0107274,5.946979,7.520936,7.0322833,5.5342827,5.5412836,4.4213033,4.3909736,7.883035,7.6982512,6.582584,8.032178,7.372067,7.9308767,6.418934,6.734546,7.376907,7.629384,5.4040394,5.4798203,6.884394,7.002919,5.8643594,5.5797334
25,4.3504777,4.7125697,4.7323685,4.536664,5.1434817,5.3708816,4.8060484,4.7045317,4.5959563,4.4300866,5.0681176,4.288191,4.716218,5.912742,4.685304,5.9065566,4.700751,5.633771,4.5617437,4.838201,5.4708867,2.8753095,5.6964993,6.2806373,4.6238403,0.0,6.8176303,5.066761,6.692463,6.2718096,6.2224917,6.6122494,4.718167,4.6335745,4.5207357,5.269114,4.864117,5.391873,4.587569,4.062831,4.6124926,2.7036242,5.18727,4.6924496,5.651032,3.879298,6.4172893,3.1687386,6.8602614,6.8602614,5.0906754,6.7240148,3.9966986,3.8840754,4.662641,5.7997937,7.073088,4.996344,7.9469123,7.293856,4.9802465,6.1817565,4.7538524,5.1809206,4.8656235,6.262159,4.3644543,4.3340383,7.2948,6.465207,5.2395663,6.732231,6.5383906,7.1597605,7.0139704,6.6281962,5.3342137,5.0478206,5.0714564,4.991533,5.4735413,3.1848314,4.833505,4.0346847,7.989369,6.9852304,9.165478,9.231968,4.2093024,4.279654,5.4366803,4.9860687,4.2433968,5.1350055,6.5085826,7.5530167,6.571883,4.73145,6.019741,5.9227176,7.5437713,8.023249,5.965759,5.753906,8.243404,6.2994547,6.3967557,7.105585,6.7954307,6.810992,4.3753667,4.352089,7.279795,7.334187,6.2840824,6.8021364,7.185401,7.572753,6.7061343,6.5939155,6.328033,6.7015104,5.43313,5.5092363,6.2912545,7.124775,6.182323,5.0720577
26,7.1853566,7.090728,6.80083,6.791702,7.7996182,7.8526564,7.4048715,6.9403324,7.323718,7.4242644,7.7620664,6.8626747,7.5384827,8.323253,7.5212607,7.610853,7.2843986,6.8280616,6.249147,6.432652,7.264418,6.2593937,6.4145303,7.802136,5.832427,6.8176303,0.0,5.963379,7.942113,7.857167,7.870616,7.83954,7.920779,7.7227063,8.194242,8.204969,8.152845,7.94685,7.471026,7.852829,8.091173,6.763442,8.422149,7.6037717,8.07524,5.918425,7.981236,6.881548,9.212973,9.212973,6.6623354,7.082829,8.47157,6.921745,8.943313,10.219974,8.542854,8.862967,7.977983,8.264114,6.954963,7.3531857,8.390531,9.410512,7.2554746,9.05983,6.3591876,7.344596,9.956046,7.6429405,7.20596,8.405705,9.602527,9.5237665,8.302655,9.274744,7.257944,6.943187,7.1772695,7.5208735,8.31489,6.5960784,7.4545536,6.832846,8.85864,7.5774355,10.743884,10.8799,6.3216295,6.8109627,7.7692637,5.9603257,7.8583927,7.8530865,8.393668,7.1005816,9.077733,7.5189734,8.62101,8.578825,9.833417,10.077575,9.657477,9.467269,9.06363,7.9634132,9.260798,8.805476,7.6574526,7.6751914,7.6327252,7.578749,9.28358,9.322322,8.411528,9.650089,9.16599,10.146214,9.259525,9.430385,9.981044,9.727275,8.257135,8.255131,9.168354,9.4000435,8.88617,8.524341
27,6.0702505,5.438548,5.5703707,5.5334682,6.254527,6.3756595,6.1448965,5.698015,5.5028906,5.6937213,6.7084336,5.727441,6.5953813,7.513537,6.426196,5.3980627,4.7791743,4.1418705,4.2819886,4.367823,5.123434,3.7599723,4.676211,5.5019836,1.3597405,5.066761,5.963379,0.0,5.138846,4.756897,4.780746,5.1550803,6.1692867,6.144922,6.4882994,6.7026777,6.1897273,4.9260902,5.7496114,6.216603,5.7565994,4.8632054,5.3606105,5.6979055,5.4713855,4.4784656,5.1014543,4.819704,6.0465083,6.0465083,4.5648866,4.1918917,5.530782,4.092227,6.873254,7.5624676,6.0269537,6.456687,7.7693,4.801,4.486098,5.280102,6.4939995,7.4938583,5.930017,7.1228914,4.754367,5.9884725,8.005343,5.3329015,4.924116,6.599818,6.3228507,8.111394,6.239446,6.716356,5.604555,5.6295805,5.5960407,4.8765755,6.608772,4.85801,5.4690514,4.736393,6.626256,6.076012,7.273688,7.3366714,4.1885395,4.1442094,5.985636,4.3958645,6.0904927,6.015722,6.855899,7.120336,7.526291,5.4161906,6.42548,6.319968,8.053723,8.20386,7.374263,7.590244,7.140471,6.177599,7.7060966,7.258127,5.6857944,5.691035,4.96706,4.936596,8.033276,7.867316,6.6499863,8.003448,7.1854057,8.083998,6.782892,6.9891706,7.6426506,7.784535,5.6097827,5.6751637,7.03578,7.1664386,6.2345204,5.9925995
28,6.666772,6.0667887,6.1783133,6.1345887,7.189827,7.322131,6.2789545,6.212001,6.0898533,6.2608647,6.8458066,6.2585616,6.428581,7.4861956,6.5371604,7.019245,6.0811687,4.681415,4.5973625,4.724581,5.994206,5.8578134,5.362292,3.33242,4.9469957,6.692463,7.942113,5.138846,0.0,1.1112607,1.1626669,1.2131177,6.7643633,6.902542,7.3216357,6.9428043,5.5282106,6.64429,6.456496,6.969842,5.9977217,6.0442886,7.1774216,7.37674,5.8871765,5.8592505,6.1233697,5.521611,7.461124,7.461124,4.582997,6.2029734,6.9955454,5.510751,8.0943165,8.881355,5.138943,6.623228,8.059965,5.6715035,4.459392,4.2132907,7.9453297,8.667254,6.262707,6.730508,4.5914383,6.1257267,7.0743976,4.305734,6.5277863,7.5335984,6.027377,8.365919,4.83647,5.058483,5.988674,5.9391017,5.890415,5.3834653,7.451661,6.1090193,5.7547297,5.241877,4.7138023,5.4798913,9.131194,9.213278,5.9526906,5.1476974,5.79144,5.387522,6.927362,6.957187,6.709512,7.139836,8.311509,5.473011,5.3584313,5.27966,8.250622,9.181524,6.732524,7.6540093,7.418507,7.1438246,7.663778,7.2732406,5.0973506,5.1012707,6.5307026,6.483984,7.1393247,6.8782334,7.533769,7.599743,7.8223324,7.2231402,7.108645,6.394286,7.2503047,6.7089877,5.662643,5.636264,6.7838936,6.688961,6.7601237,6.656543
29,6.735799,6.1437917,6.258881,6.218029,7.0989933,7.310574,6.3119397,6.2987885,6.104924,6.277032,6.861913,6.3195295,6.507288,7.549657,6.6130486,7.1230507,5.9998255,4.5799723,4.399375,4.5059304,5.9337683,5.4824104,5.110169,3.2614708,4.430118,6.2718096,7.857167,4.756897,1.1112607,0.0,0.16949071,1.5571656,6.802305,6.9397554,7.3134904,7.022323,5.6279006,6.383812,6.5591574,7.0320935,5.475906,5.6304626,6.7647324,7.030419,5.46964,5.3925614,6.096489,5.1382275,7.232932,7.232932,4.144946,5.914545,6.562227,5.059171,7.6982107,8.554676,5.1484604,6.448586,8.129834,5.1579785,3.870547,4.2611217,7.3115945,8.082174,6.2527285,6.397843,4.583407,6.1129794,7.0811434,4.4147053,6.017459,7.1575108,5.5424643,8.367067,4.764018,4.983777,5.9316134,5.8781066,5.8296447,5.336716,7.05555,5.5782585,5.7652984,5.1368194,4.7242894,5.492099,8.752347,8.847063,5.596087,4.6833076,5.7889824,4.939119,6.7945647,6.611866,6.8024898,7.2571244,7.9944263,5.450369,5.357344,5.2595625,8.260808,8.866832,6.6786427,7.626556,7.609838,7.171763,7.6625266,7.3058267,5.2900624,5.2952604,6.133026,6.0967846,7.22984,6.9767475,7.370944,7.6396976,7.9214745,7.3222218,6.6964817,6.2610755,7.0419917,6.811701,5.6875176,5.6894035,6.912799,6.859713,6.5015373,6.3213215
30,6.7248917,6.152999,6.250833,6.2100096,7.0646763,7.2915807,6.2645087,6.280607,6.10605,6.278078,6.8568764,6.296404,6.4562054,7.5373898,6.56081,7.114399,6.0219126,4.63448,4.402287,4.505473,5.9205894,5.4745536,5.093497,3.2229176,4.4494963,6.2224917,7.870616,4.780746,1.1626669,0.16949071,0.0,1.555438,6.8024817,6.9399905,7.316655,7.0440216,5.620155,6.3596077,6.526285,6.985852,5.45458,5.599933,6.760486,6.9938507,5.4764767,5.362078,6.07623,5.0791054,7.224803,7.224803,4.114784,5.959775,6.548337,5.0368366,7.6220174,8.51377,5.2063117,6.4281044,8.084855,5.1417785,3.8443944,4.2849035,7.285082,8.037371,6.208703,6.357678,4.552955,6.082488,7.0627112,4.379806,6.0014577,7.1215005,5.519813,8.360554,4.7598577,4.9724035,5.9287844,5.8683224,5.820583,5.3225913,7.0163555,5.5511317,5.7541127,5.122419,4.7814784,5.5304666,8.715932,8.810514,5.5609035,4.63287,5.7696967,4.9168763,6.7855477,6.593545,6.7863655,7.259245,7.9751043,5.466742,5.3639154,5.2768607,8.256124,8.863026,6.6813164,7.61028,7.6565595,7.1900287,7.6538672,7.324059,5.3117266,5.316823,6.1313396,6.095611,7.2435913,6.9964523,7.4035854,7.6531296,7.948746,7.3434663,6.68102,6.2613945,7.017808,6.8181744,5.7231746,5.724956,6.9317136,6.8931565,6.521947,6.318116
31,6.508425,6.0714173,6.2397757,6.199679,6.760831,6.8849688,6.1788197,6.085344,6.0194335,6.198525,6.708771,6.0984683,6.31414,7.1401205,6.3732395,6.823143,6.409484,5.0622787,4.399664,4.448871,5.866904,5.8292522,4.891673,2.8861947,4.974799,6.6122494,7.83954,5.1550803,1.2131177,1.5571656,1.555438,0.0,6.859679,6.9973493,7.418148,7.132035,5.648515,6.2529345,6.6251426,7.0364966,5.8815117,6.162523,7.233999,7.5934134,6.2048855,5.571577,5.8164024,5.1391206,7.2843103,7.2843103,4.5845337,6.04626,6.9800487,5.298536,7.852328,9.035823,5.506918,6.475961,7.569403,5.7417326,4.1868,4.4648194,8.163195,8.807103,5.760354,6.259204,4.6525745,5.9650736,6.909909,3.9306736,6.007969,7.1313515,6.287217,8.552718,4.58671,4.8222704,5.885431,5.822513,5.774029,5.3159447,7.309375,5.9582686,5.8272896,5.349215,4.7599435,5.4932494,8.777555,8.851398,5.704119,4.844208,5.346859,4.772917,7.134517,6.841217,6.659261,6.887457,8.372131,5.6179476,5.5155535,5.415351,8.28129,9.2020855,6.993694,7.547953,7.481137,7.0023203,7.951749,7.642958,4.9604397,4.966537,6.7979107,6.75095,7.6426563,7.397849,7.966538,7.93112,8.121795,7.563576,7.0325108,6.788814,7.1094227,7.0795946,5.7131777,5.6677003,7.1025424,7.210303,7.1317477,6.795513
