,0,1,2,3,4,5,6,7,8,9,10,11,12,13,14,15,16,17,18,19,20,21,22,23,24,25,26,27,28,29,30,31,32,33,34,35,36,37,38,39,40,41,42,43,44,45,46,47,48,49,50,51,52,53,54,55,56,57,58,59,60,61,62,63,64,65,66,67,68,69,70,71,72,73,74,75,76,77,78,79,80,81,82,83,84,85,86,87,88,89,90,91,92,93,94,95,96,97,98,99,100,101,102,103,104,105,106,107,108,109,110,111,112,113,114,115,116,117,118,119,120,121,122,123,124,125,126,127
0,0.0,4.670306,7.2460585,2.4809833,1.7776401,2.2157896,5.4067535,5.147297,4.899703,4.9869223,4.447447,5.2980094,4.3763804,4.664002,5.106229,3.832224,4.5085897,3.9780173,5.6831713,5.962277,5.4353857,4.3950934,5.423631,5.7379756,4.9516397,5.4266667,3.872023,3.5817354,5.7523007,5.3377247,4.5167923,3.4832172,5.570608,5.570608,5.344435,4.985397,6.537681,5.8874364,6.136604,6.2732444,4.661525,4.5745025,4.563453,5.175645,7.050939,7.7810907,6.5489473,6.694606,5.1764183,5.2053876,5.7552752,6.686859,6.2383075,8.271615,5.4875417,6.34352,9.234394,8.903386,8.590703,7.6940846,5.725198,6.335005,5.7499895,5.48922,7.6479053,8.062775,7.485903,7.8278456,6.9679375,6.817147,7.5830827,8.045447,8.03774,8.569601,8.01046,7.8195395,9.1180725,8.902996,7.4604716,6.620101,6.7218833,7.043676,6.640683,6.1730504,8.037499,7.3297176,6.3224444,6.3224444,7.559132,7.4498167,7.2679315,7.6915836,7.5555215,7.560061,6.52715,5.37423,8.5901575,8.29834,7.973814,8.476706,7.4310083,7.1696987,7.882263,7.616612,6.2800636,6.3117447,6.4787006,6.253724,7.1567593,6.3502965,6.7496085,6.542291,7.035443,7.397632,6.927151,7.0411744,7.5211806,7.24676,7.222841,7.3647614,5.630113,5.244943,5.0778418,5.3343077,7.8316774,7.469436,6.295452,6.4042044
1,4.670306,0.0,8.633868,5.056255,4.8999667,4.66563,7.167238,6.9971213,6.286498,6.2950773,6.0411725,6.6509833,6.25609,6.4715505,6.81243,5.914054,6.429743,6.0869546,6.7579145,7.136483,7.109263,6.458637,7.118106,7.2762146,6.7540965,7.3074822,5.621443,5.456078,6.863107,6.625788,6.33786,5.0802007,6.9543467,6.9543467,6.706357,6.4094176,7.6290665,7.0538764,7.3249807,7.4772215,6.144392,6.0337896,6.642738,6.576942,8.430337,9.035947,7.9173255,8.171051,6.8759775,6.896308,6.7843986,7.97037,7.597896,9.053558,6.6583385,7.45136,10.241849,9.845094,9.798458,8.886349,7.3722177,7.769554,7.3649726,7.1339235,8.069424,7.98426,7.587426,8.706031,7.4030867,7.19652,8.063192,8.420744,8.355868,8.869308,8.345802,8.196529,9.330555,9.181816,7.8822417,6.749532,6.818711,7.4673777,7.394889,6.962675,8.313695,7.103031,6.8258514,6.8258514,7.9430127,7.870538,7.6422124,8.087027,8.142256,8.137634,7.050666,5.9169097,8.7370405,9.244673,8.984608,9.399915,7.564171,7.3331165,8.032777,7.7999134,6.6443324,6.5762963,6.8229027,6.6155205,7.4208627,7.6568346,7.864138,6.8248844,7.300708,7.610968,7.19307,8.106635,7.705764,7.458321,7.373299,7.57374,7.519941,7.2977724,6.4000406,6.8437395,8.012268,7.5976667,7.6344323,7.754412
2,7.2460585,8.633868,0.0,7.2448697,6.9751854,7.322817,8.854284,9.014925,7.2281594,7.8817806,6.812522,6.4446974,7.793313,6.7485776,8.657577,7.513923,7.7833214,7.3611493,9.371881,9.036063,7.938276,7.5762124,8.826507,9.407881,8.209267,9.592045,6.5821958,6.7078195,8.411326,9.006174,8.165261,7.5387535,8.44585,8.44585,8.660056,7.6841207,9.65263,9.218394,7.9979463,8.197373,8.814031,9.532868,8.6643915,9.548808,8.708254,9.901916,8.322743,8.316663,10.637162,10.641776,10.781735,11.690823,10.11548,11.229258,10.171665,10.567408,12.833041,12.611659,12.712832,11.025376,10.819487,10.790446,10.68348,10.244049,9.977107,9.720944,9.689598,9.713824,10.353839,9.534331,10.90724,11.576875,10.803137,11.133489,10.795813,10.6233015,10.931918,11.145002,10.382246,9.561209,9.450606,9.562873,9.230429,8.961868,10.477632,9.919792,9.348045,9.348045,10.143313,10.210663,10.002301,9.986212,10.187298,10.3814,9.718983,8.947222,9.582437,9.337876,9.48884,9.437766,8.875264,9.5414295,9.630921,9.407598,8.397011,8.434282,8.568578,8.452578,9.691814,8.473697,7.9563527,8.626098,9.347484,9.555747,9.232885,9.289424,10.247199,10.091926,9.360491,10.050419,8.084212,7.8170986,7.0624204,7.7654753,9.485458,9.093006,8.7862215,8.836116
3,2.4809833,5.056255,7.2448697,0.0,1.9153719,1.6401577,5.360544,5.5661244,4.957112,4.9174585,4.4507937,5.6151633,4.5618434,4.8087077,5.4098425,4.042577,4.327504,3.816735,5.262067,5.8458667,5.8729973,4.8623176,6.019699,5.867095,5.291928,6.5547185,4.1892676,4.0950084,5.9286647,5.4841175,3.9779122,3.042495,6.792595,6.792595,6.43132,6.064253,7.13433,6.564839,6.7994432,6.8899245,5.658705,5.7029343,4.510832,5.8568697,7.6759987,7.9211946,7.0736985,7.2105985,5.8083663,5.8244267,5.6486597,7.159754,6.3346014,8.265491,6.0962844,7.087332,9.636742,9.053389,9.862305,7.8094935,6.421217,6.940647,6.469543,5.9586983,8.590481,8.367561,7.886339,8.285877,7.7255554,7.50374,8.442731,8.650949,8.844259,9.339469,8.768691,8.732366,10.271348,10.081608,8.171017,7.454567,7.4175944,7.7977333,7.3330355,6.93283,8.62839,7.7147074,6.992295,6.992295,8.219504,8.052395,7.8514867,8.286479,8.752829,8.773758,7.571153,6.6499996,8.552688,8.22632,8.021932,8.463368,8.136778,7.893281,8.089879,8.232086,6.8716755,6.7664757,7.1755857,6.8603787,7.6798368,6.545083,7.235538,7.0509844,7.711223,7.981715,7.494694,7.5979285,8.149812,8.137477,7.838816,7.965153,5.476872,5.190025,5.17104,5.499714,7.46214,7.187518,6.885283,7.3021946
4,1.7776401,4.8999667,6.9751854,1.9153719,0.0,1.8844647,5.1866016,5.389116,4.2229657,4.3558235,4.0502386,4.884568,4.1890397,4.4430957,4.808133,3.6474943,3.71622,3.113908,5.24184,5.3561134,4.850888,3.6603918,4.984496,5.520256,4.772612,6.140544,3.6659145,3.4819272,5.532443,5.0476766,4.26896,3.186162,5.7899733,5.7899733,5.830999,5.49289,6.851851,6.2288747,6.451472,6.5749564,5.316766,5.31209,4.0378804,5.5177965,7.347653,7.5897055,6.714435,6.8496666,5.719099,5.746486,5.4536357,6.8057976,6.597388,8.027677,5.265826,6.1045623,9.517604,9.1062,9.2493,7.437586,6.211917,6.745936,6.232441,5.633764,7.8104787,8.203921,7.6120048,7.9811583,7.3604546,7.229064,7.8796144,8.303483,8.568628,9.055577,8.473206,8.252967,9.337341,9.126774,7.6668797,6.9273434,7.169501,7.50265,7.0059977,6.5737977,8.374524,7.6233716,6.7313724,6.7313724,7.9051642,7.8146415,7.599488,8.037351,7.896287,7.882552,6.647534,5.6906886,8.717883,8.389484,8.161484,8.630276,7.9989295,7.7255583,8.037905,7.8419204,6.6898313,6.6140494,6.8382277,6.668965,7.436891,6.784181,7.091232,6.86699,7.6409545,7.949174,7.5645804,7.5000157,8.140537,7.9081936,7.8557787,7.96466,5.6153874,5.318979,5.152821,5.337761,7.681749,7.327224,6.7138186,6.861728
5,2.2157896,4.66563,7.322817,1.6401577,1.8844647,0.0,5.070098,5.279514,4.9126444,4.762462,4.612595,5.338452,4.432045,4.6852636,5.0930476,3.9404523,4.9050717,4.4445944,4.9775977,5.977474,5.7698016,4.791348,5.7195883,6.283132,4.6111917,5.965378,3.6517086,3.5719383,5.457483,4.953458,4.1111465,2.2741957,6.0655212,6.0655212,6.1026173,5.750694,6.9440694,6.3399787,6.5891867,6.753735,5.581596,5.560942,4.9391594,6.05137,7.941349,8.154812,7.1268935,7.3314676,6.0797,6.084628,5.50013,7.214713,6.4840612,8.102385,5.2996073,6.4242024,9.752873,9.1505575,9.734149,8.020554,6.6231227,7.0921655,6.648903,6.12253,8.115618,7.8389363,7.276579,7.6622896,7.012038,6.886172,8.131065,7.9247227,8.239929,8.762741,8.14956,8.119098,9.759563,9.556281,7.9503846,7.0268307,6.7300057,7.181327,6.878124,6.435198,8.079579,7.07215,6.3929787,6.3929787,7.5966673,7.4895577,7.293124,7.7339253,8.187615,8.171427,7.0164113,6.1452436,8.6401825,8.321717,8.051834,8.538535,7.618207,7.3027997,8.031312,7.81881,6.5321712,6.4032454,6.7741046,6.5111217,7.315946,6.627639,6.943007,6.723985,7.425649,7.7142467,7.168733,7.306631,7.750309,7.492083,7.456974,7.560291,5.808557,5.507081,5.25305,5.458134,7.6407285,7.20371,6.8657627,7.22403
6,5.4067535,7.167238,8.854284,5.360544,5.1866016,5.070098,0.0,1.6059128,7.7660575,7.624564,7.2337136,7.760792,7.3783536,7.509721,5.5448875,7.081324,7.6455183,7.319242,7.8598523,8.830853,8.141345,7.593103,8.1369915,8.771083,6.837372,7.347761,7.237805,7.1532426,5.800114,5.550429,5.201855,5.831967,8.039168,8.039168,8.144589,7.848176,8.967024,8.517459,8.668406,9.24231,7.788081,8.32928,7.181488,8.628788,9.995057,10.222254,9.358952,9.460523,8.633973,8.648511,8.284085,9.662155,7.0097113,10.2195015,8.254931,9.042864,10.966378,10.372514,11.015603,9.796326,8.555159,8.759157,8.509709,8.096496,8.084204,7.572534,6.834624,7.0400677,6.4772215,6.216978,7.6767035,7.209034,8.024995,8.318549,7.7939963,7.6854324,9.219786,8.953668,7.4943967,6.898592,8.67503,6.2365346,5.741601,5.018185,7.5414214,9.574421,5.729878,5.729878,6.9492235,6.8618417,6.8336596,7.1709027,7.4665203,7.40974,6.2459335,8.13016,8.198784,7.776988,7.5854897,8.006396,6.961861,6.7333646,7.531716,7.3849483,5.8658586,6.1446357,6.173973,5.864065,6.828178,5.901587,6.2719226,6.220576,6.750608,7.1454134,6.6233854,7.1644306,7.345595,7.110962,6.925503,7.1032047,4.5167036,3.9345963,7.928901,4.374815,6.8626227,6.470762,5.8040714,6.2390146
7,5.147297,6.9971213,9.014925,5.5661244,5.389116,5.279514,1.6059128,0.0,7.9087505,7.7685184,7.391141,7.945853,7.5765986,7.715361,5.8085656,7.2578936,7.802629,7.453321,8.012404,8.9627075,8.315525,7.753903,8.341643,8.596955,7.0378036,6.8888326,7.4668164,7.3077297,6.053142,5.8270555,5.4736247,6.029766,7.8922772,7.8922772,7.7819595,7.5460773,8.817842,8.350741,8.506118,9.094697,7.281586,7.8327494,7.4329686,8.140614,9.565794,10.161722,9.28935,9.400892,8.192895,8.208726,8.455898,9.43209,6.5135913,10.325173,8.411288,9.19072,10.614685,10.1256,10.349413,9.943695,8.127292,8.361936,8.078574,7.942891,7.838667,7.3369555,6.56645,6.775561,6.0695987,5.796878,7.285519,7.082246,7.5402813,7.8265686,7.355807,7.2459865,8.924723,8.647291,7.1688914,6.4395804,8.442525,5.814373,5.3724904,4.565781,7.2869473,9.446368,5.3548565,5.3548565,6.629511,6.538095,6.525174,6.857948,7.1405153,7.0977397,5.998413,7.798906,7.7581553,7.362135,7.1311917,7.5545545,6.475525,6.2511544,7.0354557,6.838525,5.2007275,5.6339984,5.6206007,5.212095,6.1919913,5.1737814,5.6356397,5.538929,6.1572275,6.6343575,6.019559,6.791103,6.731188,6.4731255,6.313912,6.5143995,4.2388268,3.613637,7.7357874,4.0425224,6.6382375,6.2547,5.0255404,5.526154
8,4.899703,6.286498,7.2281594,4.957112,4.2229657,4.9126444,7.7660575,7.9087505,0.0,2.0167289,3.726911,3.0511336,4.4740763,4.3645906,5.6685057,3.8199003,4.9633265,4.4818273,4.2428756,3.857823,4.5005474,4.9355507,4.8198056,5.0403748,6.811684,7.962794,4.8737082,4.894225,6.236707,5.45812,5.403501,4.4239745,5.153535,5.153535,5.1911054,4.9740486,6.580399,5.8874874,5.698706,5.7902455,5.7020674,5.682973,5.0660043,5.201029,7.4742107,7.847783,6.560875,6.8405213,5.7531276,5.7710257,5.3704057,8.104097,7.3285403,8.098825,5.9650855,6.461759,8.868538,8.7198105,8.112695,6.051778,6.724402,7.4279466,6.840169,6.2435,8.945497,9.450442,8.851052,9.342361,8.793753,8.841538,9.268461,10.006898,10.035236,10.487679,10.096844,9.784283,10.335183,10.219163,8.912039,7.7653923,7.7571516,9.559849,9.254296,8.940908,10.366262,8.81419,8.878786,8.878786,9.598473,9.514214,9.326612,9.638379,9.204599,9.151554,8.076299,6.26926,8.949058,8.589969,8.388619,8.897962,8.968007,8.599637,8.357782,8.065475,7.0488267,6.726786,7.4798427,7.0724597,7.73173,7.278995,7.73464,7.251432,8.582483,8.924057,9.535106,8.382379,9.932285,9.71677,9.855744,9.773339,8.09503,7.8873334,6.5003467,7.1844234,8.227062,8.515169,7.261802,6.7154093
9,4.9869223,6.2950773,7.8817806,4.9174585,4.3558235,4.762462,7.624564,7.7685184,2.0167289,0.0,4.09624,3.6548696,4.6787214,4.5861897,5.1036744,4.0537066,5.312343,4.7592173,3.441549,3.777889,4.703921,5.3322883,4.7249894,5.0258636,6.4055886,8.10186,4.9316897,4.70318,5.7036276,5.128841,5.385186,4.2569933,5.1783624,5.1783624,5.2447357,5.260025,7.553926,6.977694,6.8138185,6.938375,5.690685,5.6802063,5.1299906,5.254874,7.7300224,7.847649,7.0147624,7.26802,6.254804,6.27019,5.234397,8.046504,7.157422,7.908748,6.150836,6.786996,8.991434,8.479924,8.382369,6.2906904,6.8835607,7.1149006,6.7727094,6.1682863,8.75182,8.995885,8.836737,9.015342,8.280937,8.401594,9.073729,9.549388,9.862204,10.308439,9.881823,9.657319,10.158116,10.038314,9.031459,7.888438,7.437407,9.2991,9.035185,8.703114,9.953695,8.380632,8.615715,8.615715,9.401632,9.398142,9.1349945,9.799486,8.889871,8.840135,7.711024,5.832907,8.819987,8.447358,7.9686832,8.777525,8.863348,8.426108,8.282199,7.9806256,6.907238,6.545479,7.434778,6.9544463,7.2283125,7.2127266,7.6580205,7.1055555,8.535906,8.876772,9.397589,8.358052,9.565743,9.326033,9.483557,9.392965,7.977393,7.751204,5.97135,7.1689243,8.061168,8.247619,7.272537,6.9564734
10,4.447447,6.0411725,6.812522,4.4507937,4.0502386,4.612595,7.2337136,7.391141,3.726911,4.09624,0.0,3.7270193,4.8671074,4.5511217,5.5204744,4.277746,5.0198846,4.5089946,6.066367,4.9506307,6.348741,5.8028464,5.8792086,5.187719,7.4538174,8.321025,3.721284,4.031745,6.461404,5.500886,5.276409,4.4918203,5.7332315,5.7332315,4.75543,4.4661245,6.669927,5.838381,5.371578,5.5359354,4.3559737,4.775621,3.9478745,5.284067,7.823499,7.73077,6.437551,6.6999545,6.4423194,6.478515,5.871997,7.671511,7.401249,8.062875,7.2306113,7.68562,9.86674,9.856278,9.863125,7.429607,7.466415,8.221319,7.623066,6.996582,8.858772,9.343279,9.369206,9.85438,8.6292925,8.745371,8.338415,9.738886,9.904171,10.321712,9.880418,9.54318,10.215077,10.132696,8.286504,7.0577507,8.460499,9.248546,9.1187,8.598584,10.184333,9.034058,8.590114,8.590114,9.51401,9.281561,9.194087,9.66764,8.906246,8.987459,7.5566516,6.4315925,8.283751,7.918323,7.5768223,8.197154,8.4152355,7.861782,7.90192,8.24094,7.2699075,6.954666,7.3553166,7.2740784,7.6179023,6.617551,7.945319,7.2901936,7.3797636,7.7635384,7.8872805,7.0570054,8.254646,8.40447,8.361913,8.075406,7.0351915,6.926379,5.912971,6.207395,7.452733,7.3282313,6.9173584,5.9297614
11,5.2980094,6.6509833,6.4446974,5.6151633,4.884568,5.338452,7.760792,7.945853,3.0511336,3.6548696,3.7270193,0.0,3.931006,3.1196392,4.9635186,4.3177624,5.3115077,5.6735826,5.6526437,5.072498,4.7119184,5.2181325,4.3835063,5.781325,6.7376733,7.667794,4.7049513,5.025075,5.843387,4.773481,5.638444,4.9736958,3.3751657,3.3751657,3.6822603,3.2403557,6.006739,5.0890307,4.250707,4.4284096,5.079258,5.3454847,4.6453304,5.5224876,6.737353,7.1198583,4.8281794,5.114805,6.9503655,6.9572945,5.6215906,8.283606,7.7726936,8.739477,6.1875277,6.686389,8.438044,8.450584,8.395502,6.2443833,7.1881766,7.9055767,7.33939,6.79172,8.057094,8.630993,8.207108,8.804706,8.553006,8.739785,8.22529,8.921694,9.013078,9.484387,9.080314,8.744824,9.4056635,9.402687,7.983971,7.5049577,6.923185,8.644282,8.5150385,8.099045,9.174061,7.738956,8.156854,8.156854,8.580697,8.456637,8.352593,8.66751,8.121073,8.0757,7.567034,6.010156,8.204137,7.9437666,7.546135,8.138917,8.0062065,7.3847427,7.8834896,7.540477,6.511672,6.2235284,6.5870724,6.471336,7.7140164,7.3640537,7.9152308,7.299598,7.8922963,7.665406,8.415177,6.9466233,8.848658,8.603088,8.925146,8.687915,8.057845,7.8926663,6.9978113,7.250004,8.507223,8.431771,7.250842,6.667881
12,4.3763804,6.25609,7.793313,4.5618434,4.1890397,4.432045,7.3783536,7.5765986,4.4740763,4.6787214,4.8671074,3.931006,0.0,1.4840908,3.814677,2.3349872,5.3230286,5.7483587,5.386498,5.096145,3.8639276,4.4227467,3.1671755,5.9871955,4.9118032,6.1652956,4.8190284,4.9040403,5.138291,3.951789,4.402601,3.8853517,4.9181137,4.9181137,4.992808,4.434537,5.8091655,4.9180884,5.1104927,5.053373,5.810516,5.4090824,4.0663023,5.938733,7.2529893,7.5460324,4.9161615,5.100263,5.6862006,5.6999702,4.2924113,7.287624,7.3640175,6.7588143,4.993173,5.8959365,7.327268,7.05772,7.7873416,5.144288,5.7557993,6.675486,5.9895196,5.3508945,8.117815,8.844821,8.215129,8.808211,8.455572,8.591266,8.217003,8.291379,8.58131,9.17134,8.700424,8.512553,9.721181,9.536354,7.8597302,8.049043,5.7641015,7.997784,7.7130594,7.3073883,8.761049,7.168305,7.638041,7.638041,8.2141695,8.041285,7.890934,8.262311,7.98485,8.186493,7.870601,6.2165737,8.753931,8.594479,8.040067,8.6913805,7.798744,7.134631,8.196565,7.9409113,6.633095,6.2794557,6.8611984,6.513743,8.073394,7.4929175,8.169505,7.620012,7.918414,7.5669417,8.211459,6.903019,8.744345,8.5050955,8.774075,8.6151085,7.6828175,7.3993483,6.896517,7.47448,9.087824,8.624009,7.614003,7.7343593
13,4.664002,6.4715505,6.7485776,4.8087077,4.4430957,4.6852636,7.509721,7.715361,4.3645906,4.5861897,4.5511217,3.1196392,1.4840908,0.0,3.983903,2.771758,5.495087,5.89443,5.58612,5.2444825,4.1201844,4.6594305,3.49583,6.0086846,5.1814184,6.432928,4.5706086,4.8070045,5.3233237,4.194393,4.598203,4.1031933,4.5219,4.5219,4.6765924,4.0512743,6.012235,5.150292,4.7724743,4.7473087,5.680937,5.590248,4.2568703,6.097007,6.954564,7.306504,4.580722,4.7125325,6.4078045,6.408627,5.1713676,7.7844205,7.4541607,7.219328,5.7734103,6.5610046,7.7540994,7.546453,8.29586,5.783238,6.4528294,7.2523394,6.6475835,6.0648417,8.025566,8.579773,8.112785,8.718266,8.332127,8.479467,8.16185,8.330453,8.469656,9.0230665,8.577964,8.402211,9.605853,9.532629,7.848995,7.959248,5.6375055,7.8294616,7.5713186,7.167884,8.632823,7.0766892,7.4995046,7.4995046,8.086135,7.927654,7.7918196,8.150003,7.9202557,8.130269,7.7838564,6.1143103,8.257776,8.08689,7.5426054,8.184272,7.553086,6.894643,7.886667,7.617052,6.365794,6.0330496,6.5296025,6.2730446,7.797829,7.2753444,7.934102,7.338155,7.6768064,7.2876163,7.9354577,6.599471,8.475649,8.241337,8.524171,8.328133,7.485596,7.2555957,6.7391357,7.3306613,8.904621,8.353208,7.466231,7.570127
14,5.106229,6.81243,8.657577,5.4098425,4.808133,5.0930476,5.5448875,5.8085656,5.6685057,5.1036744,5.5204744,4.9635186,3.814677,3.983903,0.0,4.4406466,6.2596464,6.4876976,6.1046624,5.96147,4.92668,5.7114944,4.1757913,6.2593727,5.419656,6.933017,6.0471187,5.8441715,3.2708564,2.346375,4.129724,4.604239,5.2120914,5.2120914,5.2659473,5.0035887,7.371584,6.7212467,6.8190093,7.1927667,5.9529114,6.0616703,4.691909,6.610914,8.030238,8.091222,6.281467,6.4237885,7.156625,7.1838775,5.2647634,7.634795,6.6041465,7.0094714,6.30362,7.038925,7.5779,6.989755,8.339363,6.0433865,6.5309186,6.672934,6.4007463,5.772347,6.541904,7.261121,7.3463573,7.4302626,6.8595204,7.004052,6.5198407,6.5662227,7.4892387,7.8763976,7.463234,7.1988587,7.91009,7.6548266,6.4776425,6.7311034,6.0777597,6.499904,6.3025537,5.67948,7.228597,7.4758153,6.256006,6.256006,6.966108,6.945137,6.719436,7.6296167,6.34892,6.5967727,5.7647967,5.8488455,7.1677203,6.9192424,6.1407013,7.060506,6.2590637,5.43746,6.4795775,6.2428274,5.267431,5.08103,5.2067637,5.154492,6.176084,6.283202,6.7596545,6.1449156,6.401209,6.019559,6.817344,5.431023,7.061918,6.796281,7.024759,6.9062667,6.2110925,6.0794168,6.922828,6.111247,7.9346433,6.850163,6.109615,6.370119
15,3.832224,5.914054,7.513923,4.042577,3.6474943,3.9404523,7.081324,7.2578936,3.8199003,4.0537066,4.277746,4.3177624,2.3349872,2.771758,4.4406466,0.0,5.7287235,5.129095,4.7603025,4.56004,4.454861,4.9030805,3.9812882,5.468286,5.5500436,6.649607,4.254783,4.3234982,5.5622854,4.5879903,3.719916,3.1410844,5.491143,5.491143,5.521246,5.1345506,6.362833,5.612122,5.7553906,5.716621,5.950611,5.6632447,4.6117725,6.3025026,8.295273,8.635519,6.401635,6.5422916,5.154857,5.1644163,5.1112685,7.8813844,6.951978,6.4170103,5.8052783,6.608247,8.470922,8.120408,8.037901,5.6525955,6.224433,7.1137857,6.416309,5.742472,8.907366,9.555708,9.025471,9.532676,8.142878,8.234455,9.068335,9.148506,9.393568,9.918967,9.492156,9.318754,10.384754,10.206977,8.735014,7.945283,6.277168,8.397377,8.029921,7.6275334,9.680607,8.275826,7.828231,7.828231,9.059182,8.91086,8.764568,9.107514,8.873178,9.048078,8.015319,6.4118085,9.036256,8.737066,8.358807,8.952035,8.034654,7.5541725,8.351444,8.093948,6.8597007,6.6738214,7.0550594,6.8334565,7.685485,7.038257,7.7209725,7.186098,7.5034037,7.929564,8.516052,7.4027905,8.987851,8.750999,8.944797,8.822088,7.250393,6.943351,6.357673,7.0264983,9.159717,8.5888195,7.1533866,7.3222775
16,4.5085897,6.429743,7.7833214,4.327504,3.71622,4.9050717,7.6455183,7.802629,4.9633265,5.312343,5.0198846,5.3115077,5.3230286,5.495087,6.2596464,5.7287235,0.0,2.481095,7.0733967,5.6215034,4.5568204,3.4390936,5.340996,5.482457,6.652279,8.196383,5.718181,5.4149833,6.6693196,6.649677,6.6432347,5.929624,6.510568,6.510568,6.151248,5.8367567,7.6508794,6.893828,7.144313,7.042844,5.743028,5.5644255,4.1957464,4.943691,6.085737,6.637219,6.1386957,6.300706,6.8636684,6.9285913,5.7975154,6.7526417,8.374799,9.325601,6.1332254,6.6637874,9.271982,9.029265,9.482864,7.213589,6.640842,6.8322663,6.5072565,6.034166,8.443256,9.312493,8.990764,9.135882,10.032744,9.706875,8.688766,10.031169,10.121431,10.568077,10.046754,9.691401,9.799406,9.590716,8.3927,8.523757,8.82321,9.480142,9.046031,8.589787,9.363498,7.987058,8.885387,8.885387,9.532555,9.471257,9.162758,9.697377,8.941301,8.899752,8.3003235,6.8410306,9.4916,9.303499,9.090166,9.476575,9.64745,9.521651,9.0729265,9.231804,8.325889,8.2609625,8.2583885,8.255373,9.388192,8.57249,8.8574295,8.897565,9.4818125,9.202728,8.985633,8.574047,9.571344,9.590462,9.169555,9.469799,7.435496,7.2886105,5.6383705,6.990275,8.941613,8.7512045,8.114476,8.312329
17,3.9780173,6.0869546,7.3611493,3.816735,3.113908,4.4445944,7.319242,7.453321,4.4818273,4.7592173,4.5089946,5.6735826,5.7483587,5.89443,6.4876976,5.129095,2.481095,0.0,6.6242166,5.1245313,4.94091,4.030947,5.801313,4.9671307,6.940226,8.55787,5.1965327,4.748855,6.7430806,6.9759593,6.124908,5.3442364,7.0254583,7.0254583,6.6875296,6.427208,8.233862,7.5963297,7.7852325,7.7238674,5.999881,5.941448,4.9052343,5.590612,7.3779416,7.9797826,7.4479427,7.5778084,6.604902,6.6699724,6.549616,7.445812,7.976475,8.76662,6.873217,7.362971,10.244709,9.864391,9.767085,7.633007,7.1305637,7.1817374,6.9077935,6.366944,9.034115,9.822557,9.701014,9.689488,9.646966,9.188826,9.458283,10.675368,10.724024,11.114856,10.644962,10.319002,10.2597685,10.060825,9.173497,8.340819,8.991544,9.644673,9.158866,8.713316,10.090854,8.872537,8.914206,8.914206,10.186443,10.173888,9.845755,10.400629,9.627438,9.635525,8.308106,6.909593,9.621702,9.309162,9.240805,9.579927,9.596355,9.676152,9.060475,9.191672,8.396059,8.45783,8.281767,8.400741,8.889201,8.063336,8.18716,8.360497,8.971416,9.364712,9.119634,8.85279,9.646001,9.646494,9.095035,9.510783,6.848245,6.702975,4.589462,6.398227,9.016825,8.53729,7.5869584,7.9261456
18,5.6831713,6.7579145,9.371881,5.262067,5.24184,4.9775977,7.8598523,8.012404,4.2428756,3.441549,6.066367,5.6526437,5.386498,5.58612,6.1046624,4.7603025,7.0733967,6.6242166,0.0,4.5429187,6.2140365,6.400151,5.723041,6.4299636,5.972398,6.9704823,5.397452,5.45388,6.980865,5.52172,5.1001754,4.318836,6.417052,6.417052,6.652073,6.954913,7.268027,7.3639336,7.5789776,7.752307,6.712425,6.669269,6.0373116,6.1513853,8.504373,7.9117584,7.9224763,8.109787,5.839127,5.797795,5.0840135,7.991329,6.5310507,8.051945,5.9609156,6.5361075,9.451878,8.8345995,8.965475,7.461702,6.4730263,7.3582034,6.7003884,6.216396,9.498719,9.137801,8.305712,9.014756,7.506745,8.186038,9.298962,8.900252,9.483529,10.018537,9.505308,9.499222,11.237415,11.164089,9.3517885,8.2308655,6.7101073,8.865446,8.575358,8.898335,9.981547,8.404846,8.072608,8.072608,8.976374,8.841581,8.706993,9.222635,9.162018,9.110033,8.097066,6.297376,9.561871,9.2387085,8.616541,9.52875,9.6882515,8.828042,9.010395,8.61783,7.2550554,6.862123,8.11127,7.314713,7.4860277,7.632376,8.578553,7.4942336,9.181657,9.462761,9.929658,9.179745,10.0115385,9.694823,10.324452,9.827311,8.458274,8.132884,7.4589334,7.8871765,8.504854,8.836948,8.044705,8.173555
19,5.962277,7.136483,9.036063,5.8458667,5.3561134,5.977474,8.830853,8.9627075,3.857823,3.777889,4.9506307,5.072498,5.096145,5.2444825,5.96147,4.56004,5.6215034,5.1245313,4.5429187,0.0,4.8792477,5.0364285,4.245955,4.4157844,7.326201,8.175846,5.425612,5.551736,7.0458755,5.540322,5.644185,5.2073116,6.1976585,6.1976585,5.773154,6.378607,7.2340026,7.0048943,7.275915,7.2409163,5.7274575,5.658443,5.0623493,5.068063,7.9393315,7.4199924,7.3226395,7.535279,5.943259,5.9635167,5.1135845,7.537116,7.7019887,6.325678,6.9597425,7.1126595,9.326083,9.189525,8.78642,6.7431254,6.733926,7.7543554,6.977822,6.511491,9.817867,10.471974,10.005042,10.625259,9.460349,9.9579735,9.418891,10.440083,10.934805,11.363145,10.937497,10.642951,11.264588,11.170922,9.439489,8.450848,7.6074734,9.667603,9.483319,9.524671,10.955541,9.217886,9.116733,9.116733,10.55569,10.367252,10.221992,10.790784,9.6107645,9.854032,8.665707,6.811468,9.168006,8.916267,8.281821,9.164659,10.075939,9.186375,8.582645,8.705049,7.8155017,7.745229,7.8885975,7.843561,7.8997207,7.6679726,9.083703,7.972972,8.653465,8.910654,9.602316,8.345384,9.647408,9.638199,10.077716,9.519347,8.203149,7.999924,6.381452,7.219994,9.677562,8.856219,7.3072906,8.1111355
20,5.4353857,7.109263,7.938276,5.8729973,4.850888,5.7698016,8.141345,8.315525,4.5005474,4.703921,6.348741,4.7119184,3.8639276,4.1201844,4.92668,4.454861,4.5568204,4.94091,6.2140365,4.8792477,0.0,3.165999,2.7770643,6.0772505,5.391314,7.4660225,6.2798376,5.893826,5.2549615,5.467853,6.166587,5.6340513,5.4311395,5.4311395,6.1532207,5.782366,7.6395483,7.0090084,7.2400775,7.1917734,7.039661,6.6870527,5.628093,6.346318,6.917773,7.808186,6.0781446,6.2069964,7.054924,7.0956936,5.8294115,8.085437,8.518234,7.658683,5.4623127,5.973661,8.092965,7.6416397,7.612465,5.5298533,6.515768,6.5083566,6.2739134,5.71938,8.040339,9.2552595,8.709489,8.715701,9.564498,9.28086,9.158069,9.5489645,9.720943,10.190723,9.781361,9.437208,9.219155,9.016128,8.718851,8.869844,6.7306895,8.733062,8.3031435,8.001027,9.077447,7.613777,8.460446,8.460446,9.201971,9.316496,8.948913,9.451228,8.297606,8.453447,8.233673,6.478622,9.557767,9.415025,9.025017,9.533763,8.801231,8.712808,8.865184,8.295859,7.3856797,7.376113,7.3791056,7.307768,8.736581,8.597778,8.224208,8.266815,9.165323,8.910584,9.553456,8.369443,10.060814,9.660965,9.617664,9.957729,8.289283,7.9938264,6.4126916,7.767105,10.241483,9.540433,7.9012117,8.641356
21,4.3950934,6.458637,7.5762124,4.8623176,3.6603918,4.791348,7.593103,7.753903,4.9355507,5.3322883,5.8028464,5.2181325,4.4227467,4.6594305,5.7114944,4.9030805,3.4390936,4.030947,6.400151,5.0364285,3.165999,0.0,3.5846767,6.098784,4.7933016,6.311053,5.182302,5.125585,6.5604267,5.809889,6.4766216,5.260776,5.7540216,5.7540216,6.285386,6.217558,7.4916906,6.7894235,7.048631,6.924604,6.3717613,6.0671177,4.8939104,5.6456995,6.735808,6.934308,6.545818,6.662713,6.884583,6.9130034,5.962134,7.092269,8.695045,7.8144207,5.1807866,5.7630405,9.491517,9.37412,9.108571,7.645572,6.8180366,7.4884357,6.9205723,6.4907227,8.371162,9.313643,8.317389,8.838825,9.306823,9.403772,8.606985,9.338183,9.568396,10.070499,9.487907,9.1427555,9.783402,9.58948,8.445015,8.5825615,7.3525696,8.402945,7.942365,7.5802464,9.143764,7.743221,8.048195,8.048195,8.891977,8.842645,8.614479,8.953005,8.113871,8.274835,7.9490757,6.308579,9.725766,9.568833,9.151816,9.69164,9.483874,9.016393,9.04853,8.623628,7.6454144,7.5817294,7.7032266,7.5766,8.739158,8.514397,8.748495,8.336753,9.334587,9.110636,8.897631,8.511656,9.378327,9.018207,9.331948,9.274904,7.4393125,7.107312,6.0529184,6.8466988,9.513257,8.870976,8.010381,8.753316
22,5.423631,7.118106,8.826507,6.019699,4.984496,5.7195883,8.1369915,8.341643,4.8198056,4.7249894,5.8792086,4.3835063,3.1671755,3.49583,4.1757913,3.9812882,5.340996,5.801313,5.723041,4.245955,2.7770643,3.5846767,0.0,5.7941647,5.4117656,6.6934366,5.6229234,5.6567316,5.808853,4.3101225,5.8598323,5.359482,4.2794657,4.2794657,5.0857577,5.348741,7.0787196,6.369367,6.6242657,6.5249968,6.1741104,5.761886,4.527525,5.920568,7.4733267,7.3499436,5.9014235,6.016279,6.643825,6.6622424,4.8476596,7.508131,8.450048,6.9391146,5.2905235,5.8105702,8.035274,7.8645873,7.642192,5.685528,6.459037,7.2747383,6.6104765,6.0664105,8.35432,9.597387,8.88982,9.425941,8.9522295,9.44407,8.41634,8.718115,9.452352,9.975186,9.472441,9.131819,9.690397,9.511991,8.459954,8.687207,6.16013,8.379719,8.077911,7.7445107,9.187695,7.729569,8.095854,8.095854,8.978489,8.89548,8.734739,9.292267,7.8027263,7.9958544,7.8245845,6.0658092,9.5313225,9.382698,8.61102,9.511415,9.0944195,8.168423,8.846754,8.326735,7.2998343,7.203696,7.2338324,7.214455,8.297267,8.520757,9.140917,8.278646,8.727847,8.413061,9.094884,7.7248063,9.271711,8.857307,9.570743,9.157998,8.317983,7.9948406,7.227647,7.784972,10.304933,9.497394,7.9114857,8.547726
23,5.7379756,7.2762146,9.407881,5.867095,5.520256,6.283132,8.771083,8.596955,5.0403748,5.0258636,5.187719,5.781325,5.9871955,6.0086846,6.2593727,5.468286,5.482457,4.9671307,6.4299636,4.4157844,6.0772505,6.098784,5.7941647,0.0,8.656122,8.844456,6.845235,6.852541,7.761848,6.6110826,5.8553224,5.7918935,6.3819456,6.3819456,5.3149595,5.8753495,7.5887084,6.8590736,7.0561957,6.900746,4.827277,4.657838,5.120176,4.7237844,7.5752115,7.9719577,7.218566,7.346671,5.2638216,5.285568,5.887957,6.3351293,6.2614255,7.397815,7.739225,8.213383,7.7833915,7.9287214,7.9610496,6.702131,6.3717976,7.3927364,6.599057,6.5143566,9.053832,10.037985,10.092955,10.64342,8.886331,9.265069,8.682779,10.148465,10.051211,10.252261,10.068232,9.789925,10.509643,10.336184,8.4738,7.523881,8.003806,9.578964,9.324523,8.892799,10.406253,9.026386,8.759361,8.759361,10.1710005,9.998223,9.801304,10.417944,10.262565,10.335845,8.331277,6.639161,7.6528907,7.2932405,7.3532023,7.623348,9.281896,8.481627,7.098439,7.4554067,7.896267,7.975941,7.137352,7.9048266,7.1601634,7.4383807,8.235599,7.1840386,7.6873975,8.056765,8.66645,7.3640203,8.587595,8.717148,9.005344,8.539846,7.056302,7.6573496,6.6608057,7.3694615,9.5564165,8.043747,7.0073857,7.5658193
24,4.9516397,6.7540965,8.209267,5.291928,4.772612,4.6111917,6.837372,7.0378036,6.811684,6.4055886,7.4538174,6.7376733,4.9118032,5.1814184,5.419656,5.5500436,6.652279,6.940226,5.972398,7.326201,5.391314,4.7933016,5.4117656,8.656122,0.0,4.838886,5.4042845,5.0298996,5.7698665,5.7105575,6.238181,5.048998,6.811284,6.811284,7.6918464,7.2452273,8.153586,8.0786,8.268893,8.471803,7.8013473,7.663763,6.5276556,7.6852107,7.817651,7.770715,7.3240457,7.3840976,8.063563,8.061141,6.6875186,7.961903,8.255397,8.399924,5.044045,5.849423,10.149095,9.400601,10.191992,8.89628,7.1389875,7.1176705,6.9732738,6.4638667,7.4557767,7.36364,6.50666,6.5681705,7.4288783,7.357222,8.100207,7.1355677,7.6279745,8.285813,7.548315,7.539803,9.051521,8.925039,8.125999,8.455845,5.8191466,6.5697885,6.1487617,6.4181356,7.228613,6.3633065,6.411458,6.411458,6.688981,6.845269,6.5037856,7.1044846,6.58409,6.7943892,7.0447674,5.903462,10.031747,9.919398,9.209364,9.950221,8.354346,8.081691,9.399274,8.5913315,7.090576,6.762527,7.808904,7.011,8.480065,8.519472,8.22686,8.11187,9.408905,9.011276,8.581873,8.745152,9.088691,8.432044,8.722224,8.935598,7.7763104,7.215436,6.849586,7.5568657,8.985622,8.719353,8.739498,9.236737
25,5.4266667,7.3074822,9.592045,6.5547185,6.140544,5.965378,7.347761,6.8888326,7.962794,8.10186,8.321025,7.667794,6.1652956,6.432928,6.933017,6.649607,8.196383,8.55787,6.9704823,8.175846,7.4660225,6.311053,6.6934366,8.844456,4.838886,0.0,6.5682507,6.8468204,8.18458,6.3613224,6.702817,6.2328606,6.641691,6.641691,7.084846,7.2348833,6.5876412,6.6635466,7.046295,7.2836127,6.9382243,6.8682594,7.1417522,7.0814533,7.7462106,7.823053,7.525802,7.563445,6.7226596,6.6740303,7.2717834,7.6588583,7.4834256,9.318786,6.1474237,6.67953,9.657504,9.748969,9.055992,9.91921,6.368959,8.042355,7.0131707,7.2658854,8.301116,8.322663,6.083938,7.6689777,6.6966486,7.7228723,7.254994,6.590345,6.6640315,7.3771763,6.6850185,6.6756616,9.973435,9.885011,7.4486074,7.7741876,5.608214,5.7273245,5.427435,5.9990525,7.7040596,7.6120777,5.5805283,5.5805283,6.119845,5.7389774,5.9904475,5.7507625,6.616278,6.7859516,7.2512193,6.399315,9.64852,9.580618,8.83362,9.53905,8.64748,7.4063606,8.954712,8.111241,6.4470415,6.4287744,7.16,6.361634,7.8723392,7.806852,8.773923,7.5483484,8.552551,8.128536,7.745602,8.061984,8.13999,7.447661,8.838528,8.042147,7.7107897,7.167764,8.866096,7.50786,9.29776,9.043684,7.956405,8.550613
26,3.872023,5.621443,6.5821958,4.1892676,3.6659145,3.6517086,7.237805,7.4668164,4.8737082,4.9316897,3.721284,4.7049513,4.8190284,4.5706086,6.0471187,4.254783,5.718181,5.1965327,5.397452,5.425612,6.2798376,5.182302,5.6229234,6.845235,5.4042845,6.5682507,0.0,1.5268201,6.7184477,5.8629255,5.412653,4.042503,5.730931,5.730931,5.7912683,5.5570164,6.5280447,6.4543195,6.23069,6.39347,5.307373,5.6005187,4.7751446,6.2458405,7.774515,7.258097,6.604347,6.771402,6.9349422,6.9399924,6.1333194,7.557795,7.775685,8.242836,6.0991836,6.3891034,11.074155,10.797208,10.692535,8.753698,7.424131,8.127328,7.5501876,6.8778124,8.600443,8.816299,8.50721,9.013438,7.759757,7.9823,8.361175,8.829376,9.202274,9.776307,9.131037,8.920334,10.070195,10.097718,8.528996,7.344804,7.0462112,8.066267,7.9561567,8.10553,9.233063,7.6771116,7.4217415,7.4217415,8.600417,8.437038,8.341389,8.789798,8.060194,8.169625,7.1719594,5.617579,9.656786,9.407992,8.835663,9.575345,8.748544,8.218032,9.182976,8.983782,7.696636,7.4790444,7.893495,7.7006707,8.291122,7.7001047,8.525503,7.961413,8.140189,8.403859,8.05825,7.921937,8.45688,8.2290745,8.495673,8.249378,7.482671,7.071319,5.6552644,6.6068664,8.663004,8.337472,7.928526,7.677706
27,3.5817354,5.456078,6.7078195,4.0950084,3.4819272,3.5719383,7.1532426,7.3077297,4.894225,4.70318,4.031745,5.025075,4.9040403,4.8070045,5.8441715,4.3234982,5.4149833,4.748855,5.45388,5.551736,5.893826,5.125585,5.6567316,6.852541,5.0298996,6.8468204,1.5268201,0.0,6.0452437,6.048484,5.4894633,4.1747804,5.9820085,5.9820085,6.009243,5.5470138,6.947848,6.963961,6.8767004,7.0818753,5.457155,5.654164,5.009676,6.2118692,7.471472,7.333898,6.5975223,6.770578,6.969946,6.997054,6.139874,7.387495,7.6109533,8.292774,5.8997474,6.141866,10.916203,10.435092,10.428003,8.471846,7.066504,7.19438,6.894839,6.178702,8.01959,8.368666,8.436994,8.45087,7.7146573,7.5008216,8.304292,8.811678,9.087902,9.655678,9.034828,8.805168,9.372754,9.371305,8.421476,7.227273,7.030294,8.019609,7.8867435,8.089469,8.82921,7.2743053,7.3931503,7.3931503,8.50141,8.488534,8.236291,8.894425,7.743229,7.84865,6.8389244,5.1532683,9.738332,9.502053,8.938913,9.655769,8.406271,8.270962,9.199932,8.960985,7.7021217,7.508857,7.9300776,7.7022157,8.337345,7.7452235,8.054616,7.9589148,8.2121315,8.4893465,8.160024,8.077632,8.599008,8.346152,8.198014,8.403741,7.51374,7.082734,4.802446,6.6461234,8.650911,8.353955,7.8829694,7.5814495
28,5.7523007,6.863107,8.411326,5.9286647,5.532443,5.457483,5.800114,6.053142,6.236707,5.7036276,6.461404,5.843387,5.138291,5.3233237,3.2708564,5.5622854,6.6693196,6.7430806,6.980865,7.0458755,5.2549615,6.5604267,5.808853,7.761848,5.7698665,8.18458,6.7184477,6.0452437,0.0,4.1336412,5.180236,5.19096,6.503833,6.503833,6.6062503,5.745011,8.262976,7.781929,7.934813,8.415612,7.1829405,7.3044896,6.6699104,7.6734614,8.416236,9.268206,7.07588,7.353294,8.426126,8.477647,6.4765635,8.989951,7.495512,8.077916,6.76674,7.47269,8.643276,7.56521,9.123811,6.7469983,7.422045,6.392053,6.7899446,6.121402,6.516835,6.776417,7.413316,6.474138,7.908996,6.918574,7.8310056,7.657972,8.150152,8.529693,8.176173,7.956327,7.470681,7.178749,7.3992853,7.2272563,6.822985,7.045542,7.0480824,6.5601773,7.06243,7.233981,6.9698973,6.9698973,7.5201445,7.780411,7.309329,8.25871,6.871541,7.1076436,6.6101074,6.8319197,7.841036,7.677038,7.1545763,7.743113,5.5027976,6.0678196,7.1662564,6.8815894,5.6903133,5.633286,5.7923584,5.581481,7.216895,6.680625,5.829206,6.680509,6.90989,6.593264,7.2992578,6.2836,7.936078,7.6671743,6.737131,7.784389,7.1193213,6.8017244,6.1514044,6.3305626,8.29622,7.379992,6.390623,6.780065
29,5.3377247,6.625788,9.006174,5.4841175,5.0476766,4.953458,5.550429,5.8270555,5.45812,5.128841,5.500886,4.773481,3.951789,4.194393,2.346375,4.5879903,6.649677,6.9759593,5.52172,5.540322,5.467853,5.809889,4.3101225,6.6110826,5.7105575,6.3613224,5.8629255,6.048484,4.1336412,0.0,4.1441264,4.166841,4.908413,4.908413,4.9571476,5.1015162,6.658022,5.900608,6.124004,6.546754,5.722741,5.846545,4.9773297,6.280727,8.407549,8.137957,6.633272,6.907418,6.8983707,6.904489,4.776348,7.9373517,6.861362,6.9047136,6.069988,6.8901405,7.923928,7.59956,8.453842,6.605631,6.761812,7.5949845,6.9886856,6.495287,7.5847855,7.759308,7.052733,7.793678,7.057491,7.6808267,6.827032,6.6697574,7.779954,8.240057,7.748295,7.5351524,9.073907,8.839098,6.862816,6.828783,6.071524,6.594392,6.60415,6.015465,7.864695,7.8234787,6.3865724,6.3865724,7.1540236,6.917917,6.9201455,7.49466,6.709906,6.9462748,6.4319572,6.5137634,7.2376347,7.0084233,6.081377,7.14696,6.7906814,5.370005,6.5422688,6.327677,4.8148313,4.5660706,5.0840416,4.702005,6.004025,5.873936,7.2208185,6.002961,6.3534584,5.940688,6.7389235,5.34367,6.954404,6.696634,7.466641,6.786772,6.583907,6.259924,7.486981,5.7479897,7.7118745,6.879212,5.7818737,6.2975903
30,4.5167923,6.33786,8.165261,3.9779122,4.26896,4.1111465,5.201855,5.4736247,5.403501,5.385186,5.276409,5.638444,4.402601,4.598203,4.129724,3.719916,6.6432347,6.124908,5.1001754,5.644185,6.166587,6.4766216,5.8598323,5.8553224,6.238181,6.702817,5.412653,5.4894633,5.180236,4.1441264,0.0,3.473033,6.6533976,6.6533976,6.261974,5.982662,6.151686,6.118408,6.4415174,6.8238244,6.058775,6.3814993,5.0601864,6.8473415,8.397641,8.498504,6.8566647,6.9427586,5.5791416,5.5754795,5.4899807,7.680058,4.531092,7.2000275,6.8362474,7.414781,8.357155,7.8007536,8.917378,6.6276455,5.8642893,6.739733,6.0715322,5.4756374,7.9890814,8.032275,7.628853,8.2057495,6.477695,6.4961424,7.736838,7.584133,8.0001955,8.383857,8.034045,7.9775543,9.619181,9.491541,7.2017293,6.301392,6.123967,6.7038283,6.342751,6.5094094,8.204432,8.180964,5.939501,5.939501,7.5984755,7.363674,7.2657075,7.670223,8.301225,8.46548,6.810133,6.72289,7.218885,6.8404193,6.6677866,7.0726876,6.7759776,6.1919584,6.619436,6.815809,5.783546,5.8757815,5.692784,5.77015,6.379001,5.4074855,6.4089003,5.7964764,5.86048,6.2342863,7.035386,6.0042796,7.5897446,7.5953856,7.5485735,7.3956776,5.3038034,5.280683,6.8497205,5.6261606,7.986087,6.8626432,5.6428585,6.3271823
31,3.4832172,5.0802007,7.5387535,3.042495,3.186162,2.2741957,5.831967,6.029766,4.4239745,4.2569933,4.4918203,4.9736958,3.8853517,4.1031933,4.604239,3.1410844,5.929624,5.3442364,4.318836,5.2073116,5.6340513,5.260776,5.359482,5.7918935,5.048998,6.2328606,4.042503,4.1747804,5.19096,4.166841,3.473033,0.0,5.937073,5.937073,5.8950596,5.6240926,6.7043614,6.008838,6.201764,6.377306,5.7197666,5.645353,5.3832016,6.2403927,8.493656,8.646258,7.264713,7.5324078,5.856112,5.842774,5.216252,7.466591,6.142481,6.411896,5.5660806,6.6966047,9.136639,8.612088,9.3123045,7.4985313,6.7766037,7.468702,6.9245424,6.3899174,8.339834,8.031157,7.549891,8.113956,6.8913,6.990912,8.344675,8.060866,8.294332,8.746689,8.275567,8.269135,10.0384865,9.837592,8.044356,6.81744,6.0409565,7.276343,7.1551547,6.6770053,8.639641,7.3509207,6.6023955,6.6023955,7.88661,7.751807,7.583669,7.9808097,8.618767,8.765803,7.2954965,6.304868,7.862676,7.5215874,7.29641,7.7544227,7.129668,6.564621,7.155329,6.9135776,5.991906,5.724758,6.1639686,5.9810495,6.391997,6.017055,6.468436,5.851193,6.7557893,7.1755896,7.1298995,6.6798925,7.55715,7.2973757,7.5189543,7.384776,6.070612,6.005744,5.6059833,5.678233,7.71378,6.721321,6.499432,7.029781
32,5.570608,6.9543467,8.44585,6.792595,5.7899733,6.0655212,8.039168,7.8922772,5.153535,5.1783624,5.7332315,3.3751657,4.9181137,4.5219,5.2120914,5.491143,6.510568,7.0254583,6.417052,6.1976585,5.4311395,5.7540216,4.2794657,6.3819456,6.811284,6.641691,5.730931,5.9820085,6.503833,4.908413,6.6533976,5.937073,0.0,0.0,2.6871183,3.2881176,6.3022037,5.3563914,4.932872,5.080183,4.7251287,4.7136154,5.5240736,5.5079846,6.9503155,7.4310083,5.360922,5.605641,7.0464926,7.039162,5.905898,7.9868493,8.003149,9.378177,5.861373,6.405124,8.098253,8.270012,7.252426,7.0681105,7.001352,7.927475,7.221721,7.0723114,7.582295,8.524466,7.835269,8.576085,7.743238,8.469328,7.405738,7.719798,8.059947,8.561764,8.125189,7.7594185,8.772883,8.721317,7.644252,7.4186945,6.0010157,7.761464,7.788763,7.2970443,8.2886305,7.1115475,7.35625,7.35625,7.806985,7.6980577,7.693415,8.096503,7.123025,6.9418983,6.9474897,5.3368645,8.696759,8.5179615,7.822891,8.639816,8.001873,6.8473034,8.162596,7.287665,6.4128246,6.3918595,6.171419,6.341588,7.4496236,7.990425,8.458462,7.4157467,7.7282443,7.3507094,8.043323,6.6838145,8.122118,7.505761,8.621156,8.0064945,8.529457,8.344449,7.935461,7.7403193,9.6897545,9.257007,7.3683033,7.121805
