,0,1,2,3,4,5,6,7,8,9,10,11,12,13,14,15,16,17,18,19,20,21,22,23,24,25,26,27,28,29,30,31,32,33,34,35,36,37,38,39,40,41,42,43,44,45,46,47,48,49,50,51,52,53,54,55,56,57,58,59,60,61,62,63,64,65,66,67,68,69,70,71,72,73,74,75,76,77,78,79,80,81,82,83,84,85,86,87,88,89,90,91,92,93,94,95,96,97,98,99,100,101,102,103,104,105,106,107,108,109,110,111,112,113,114,115,116,117,118,119,120,121,122,123,124,125,126,127
0,0.0,4.606079,6.198496,5.732573,6.792128,5.728344,6.561954,6.2608733,5.739644,5.737258,7.9662194,7.400954,6.4508476,6.4531503,6.4508476,7.00445,9.310303,9.768336,9.3158245,8.411934,8.330758,8.489088,8.237811,8.238311,7.5365524,8.115544,8.402521,8.965004,8.011561,6.189649,7.546015,6.211808,6.766209,7.891236,6.3414593,6.6057134,7.3728685,7.8418303,6.9443717,7.6233172,7.2509704,7.033041,7.2694488,6.908797,6.8614364,6.8417234,6.6393538,6.862533,7.410191,7.5313563,7.5195336,8.994991,7.4421644,7.7156324,7.5988517,6.91656,7.148748,5.698336,7.492856,6.249784,8.407479,7.021039,8.352305,10.321904,6.981688,7.8361917,7.451863,8.385746,8.379967,7.2358303,8.398198,7.5798316,9.488697,7.737481,8.392256,9.028894,8.381023,8.381023,9.497021,9.0231085,8.67257,9.682792,9.484393,8.642516,9.095264,9.155643,8.780962,8.160082,8.185789,7.9944506,8.188675,7.7149086,7.7256474,8.381716,7.862347,7.310281,6.7723365,6.565906,6.605819,6.8909554,6.253786,6.814696,5.138093,6.469119,4.8244524,5.8717394,7.957155,4.70384,6.8163385,8.071804,6.9327207,5.542385,7.23413,8.9080305,7.2798357,6.9841723,8.717436,8.534067,8.662304,9.35621,6.4099183,7.221866,8.263574,7.99399,8.882374,8.882374,8.087686,6.742331
1,4.606079,0.0,4.371307,3.5404735,5.3637886,3.0975792,4.4688964,4.3802614,4.4645934,4.459422,7.07107,7.181969,5.933277,5.930583,5.933277,6.512243,9.387234,9.873557,9.362853,8.143149,7.0916076,7.341383,6.9601426,6.9339466,6.5844817,6.712771,7.138935,7.8495407,7.0542283,5.0295534,6.5415416,5.630429,5.1444097,6.481888,5.678911,6.104748,6.474075,7.30159,5.637695,6.598714,5.63789,5.4641256,5.72487,5.064602,5.100275,5.6868215,4.7981977,5.1251345,6.480572,6.45634,6.4785743,8.109218,6.219582,6.655076,6.8804183,6.117177,6.307137,4.5940228,6.715063,4.36291,7.100797,5.3953857,6.0542994,8.987457,6.216312,7.2018185,6.7411137,6.7187448,6.774413,6.4120812,7.6516657,6.781621,7.546643,6.7362895,6.7844286,7.457786,6.925009,6.925009,7.8674197,7.661424,7.5554886,8.184866,7.775468,6.996615,8.257368,8.308651,8.912152,8.216698,6.785866,6.9364552,6.656695,6.7559423,6.649092,7.514991,6.782513,6.152295,6.8939304,7.129954,7.116331,6.974147,5.279238,5.8574,5.63041,4.6640368,5.5226283,6.618792,7.2517567,6.0113344,7.596881,8.794387,7.186081,6.457341,5.72524,6.607173,5.884502,5.467672,7.8853087,7.203982,6.6446195,7.2802186,6.0857487,6.7917833,6.5648746,6.958152,7.3697686,7.3697686,6.1689086,5.085614
2,6.198496,4.371307,0.0,3.7496636,2.7358513,3.7957625,5.0209937,4.850865,2.3305793,2.3151753,5.4427314,5.5267954,6.156357,6.1603317,6.156357,6.821944,9.706949,9.111849,9.901575,8.524927,7.421635,6.086996,7.595397,7.465127,6.9831448,7.2318225,5.477879,6.383749,7.0011053,4.9819717,7.8623195,6.0123215,6.005166,7.172002,6.5425844,6.4889708,5.2032304,6.211376,5.905931,4.9805317,6.175925,6.258711,3.9154537,5.6505413,5.6899276,5.963248,5.4647527,5.7305336,4.984531,4.942117,4.9342813,6.9083333,7.441537,5.18833,6.72515,5.8430953,6.6161,5.101081,5.3329453,5.079616,5.745118,5.95471,4.3755546,7.805973,6.9915004,7.8795147,6.2257295,6.326223,5.3076286,5.931084,7.4230285,6.418827,8.969593,7.9175844,8.05955,9.620778,5.444936,5.444936,8.968983,6.4488363,7.247795,9.350573,7.0950017,6.3787384,9.439892,9.49426,8.769706,9.234146,8.029436,8.019507,7.8704123,7.9241395,7.5765853,7.52074,7.3252797,7.042394,5.7417755,6.0084085,5.9314365,5.713601,4.918128,4.392758,3.8560712,2.6691716,4.782893,6.343183,5.805742,5.6894727,6.321823,7.7023845,6.1514297,6.4752026,5.6699395,6.5833397,4.77818,5.2711535,6.505019,6.1794567,5.245551,6.1003265,6.053134,6.6319814,5.613141,6.908546,6.196019,6.196019,6.0410714,5.0571017
3,5.732573,3.5404735,3.7496636,0.0,4.9871383,4.656803,5.339657,4.5010457,4.1560993,4.164091,6.432107,6.6566253,6.935969,6.9271827,6.935969,7.52602,9.430844,9.05885,9.60834,8.207429,8.092309,7.041437,7.270321,7.160734,6.761977,6.871129,5.8697257,6.6958456,7.2369266,6.16601,6.666351,5.876848,6.5173554,7.506361,6.8909287,7.1282945,5.819446,6.492082,6.2094717,5.7874737,6.056243,6.0627327,4.5116415,5.575299,5.5403323,6.026657,5.779827,5.543108,5.2679,5.270593,5.2393723,7.17517,7.139491,5.4451833,6.6289306,5.745307,7.2684083,5.821373,6.3989434,5.8057227,6.4671283,6.558108,5.7854238,8.906772,7.560429,7.8361297,7.0395923,7.3256326,6.45126,6.8313046,6.978607,7.2459097,7.047636,6.0875173,6.185323,7.841978,5.461391,5.461391,7.1553707,6.364241,7.097536,7.0357428,7.335948,7.5899377,7.9929786,8.056314,8.772715,7.9948483,7.6430874,8.631704,7.6232753,8.606197,5.862739,6.810734,6.9684453,5.779306,6.3164887,6.560389,6.5144744,6.374359,5.1092477,5.6214695,5.1899476,4.036527,5.0009747,5.957447,6.9067893,5.3434453,7.1613173,8.462023,6.2811546,6.081869,5.109171,6.1236634,5.3081083,4.831558,7.46267,6.7503858,6.1744595,6.870209,5.482264,5.755974,5.634501,5.963351,6.34779,6.34779,4.9543514,4.5445466
4,6.792128,5.3637886,2.7358513,4.9871383,0.0,4.351716,5.3464866,5.1917577,3.2787282,3.2763298,3.4113853,3.5384324,4.5040665,4.514259,4.5040665,5.4505205,9.332729,8.808307,9.991279,8.740422,7.8093905,6.8051686,7.8640404,7.774045,6.727672,6.9154253,5.289974,6.1782575,7.371411,5.4905286,7.8354273,5.652374,6.497734,7.5312214,6.927666,6.767863,5.867517,6.687262,6.4090757,5.723391,6.532155,6.590545,4.7974997,6.10414,6.13858,5.6809535,5.9688554,6.1717296,5.52296,5.516552,5.4930606,7.444155,7.6583467,5.7487164,6.6113124,5.813585,6.2999377,5.6147285,5.925598,5.621784,6.4308214,6.508125,4.9989285,6.4237924,7.370447,8.238652,6.849651,6.932193,6.109195,6.5949564,7.911164,7.0360374,9.6300335,8.629961,8.726374,10.208915,6.042073,6.042073,9.746809,6.9158883,6.980362,9.241885,7.3508043,6.761678,8.991681,9.040872,8.008829,9.301038,7.575813,7.3891873,7.511457,7.5614862,8.089167,7.6772413,7.5215344,7.6012363,6.2470813,6.3704057,6.563923,6.2940917,5.8605304,5.095886,4.8991218,3.9272041,5.6542726,7.0958076,6.2122893,6.4396167,6.673274,8.0356865,6.591928,7.0125775,6.5053678,7.2381406,5.6902056,6.464759,6.665353,6.5886073,5.9610324,6.621193,6.297646,6.828928,5.8335013,7.143588,6.682638,6.682638,6.189076,6.18796
5,5.728344,3.0975792,3.7957625,4.656803,4.351716,0.0,3.5307832,3.6585517,3.6146648,3.6150334,6.521491,6.6837697,5.1069984,5.1090255,5.1069984,5.9129057,9.562242,10.067946,9.494649,8.192877,6.968321,7.2370286,6.5312576,6.527436,6.0278277,6.200999,6.532221,7.3110585,6.7625713,4.0514812,7.161157,5.0573826,4.836176,6.1361575,5.629819,5.5618663,6.192578,7.043091,5.1087103,6.2708406,4.915569,4.791758,5.084787,4.3185267,4.446229,5.3314013,4.2208915,4.4766674,6.0518827,5.93281,5.9750433,8.109425,5.578041,6.14453,6.3995986,5.7285075,6.2670126,4.5065336,6.64409,3.7258434,6.8453584,4.97744,5.508715,8.563992,5.5678096,6.501104,6.259675,6.3061676,6.34483,5.9163694,7.0845485,6.3314543,8.9337225,8.086598,7.742247,8.437329,6.1654377,6.1654377,9.294091,7.07135,7.602366,9.612903,7.378841,6.917169,9.331537,9.37451,8.773241,9.368342,6.0443187,6.508238,5.810232,6.3948693,7.6293917,7.1795025,6.709551,7.223674,6.5318418,6.98718,7.15682,6.6506324,6.237795,5.533551,5.36947,4.4288936,6.1504436,7.4954915,6.9068613,6.997049,7.565346,8.759474,6.9321947,7.3809357,6.5103045,7.0916986,5.9073586,6.4312167,7.3605666,6.9094796,6.491025,6.906381,7.022548,7.47963,6.5426016,7.844786,6.8519554,6.8519554,6.6738853,6.282257
6,6.561954,4.4688964,5.0209937,5.339657,5.3464866,3.5307832,0.0,2.350768,5.3010435,5.325141,7.410501,7.7379913,6.4175673,6.4078493,6.4175673,6.9580693,9.073348,9.539867,9.298078,8.5505495,7.015916,7.3912616,6.5979557,6.5827985,6.662328,5.5056405,5.84754,6.658556,7.7440596,5.607623,7.869185,6.1514454,4.604685,5.717385,4.9060736,4.971497,6.6375046,6.2548575,6.00531,6.82501,5.6220055,5.4971786,6.4027243,4.3921466,4.5329328,5.4637814,4.6221237,4.533808,5.3522973,5.4558835,5.571996,7.8694353,5.247617,5.6906633,6.0285745,5.428959,7.2040076,5.4117103,7.5945716,5.6315665,6.6227245,6.4293733,5.881891,9.4509325,5.474779,7.588229,6.0613894,6.1301975,6.0970445,5.8095994,6.688428,6.2290483,7.5202913,7.268414,7.2135725,7.967552,6.7489266,6.7489266,8.479976,6.278814,6.8276753,9.256218,6.716923,6.5348864,8.697515,8.720848,8.186913,8.729244,5.381656,7.1590233,6.844213,7.430545,6.8193054,6.329633,5.949171,6.448802,7.4464,7.823331,8.330846,7.922446,7.3040366,6.7461596,6.882292,4.7628026,7.1923013,8.384746,7.558129,7.8741097,6.5900917,7.942157,5.7773004,6.2035494,7.755279,8.217396,7.455888,8.031784,8.491947,8.212069,7.9761477,8.120783,8.329457,8.432834,7.617268,8.559374,6.1286316,6.1286316,6.54659,6.2668357
7,6.2608733,4.3802614,4.850865,4.5010457,5.1917577,3.6585517,2.350768,0.0,4.7915444,4.8246374,6.953913,7.2199135,6.2622867,6.2470384,6.2622867,6.8398967,8.495984,8.94801,8.683599,7.699797,6.934681,7.155905,5.7865996,5.7823124,5.804085,4.819267,5.060024,6.029759,6.091365,5.2371182,7.1301455,5.1158557,4.7877784,5.7840943,5.100699,5.0678005,6.3479786,6.062034,5.70509,6.519214,5.095754,4.923373,5.671814,3.8156,3.923575,4.281503,4.24343,3.8914688,4.6511545,4.746926,4.7445445,6.5663147,4.529299,4.9044976,5.5247755,4.555201,6.995718,5.2257032,7.435525,5.521843,6.4318175,6.2778206,5.8524704,9.332551,5.5686946,7.0720005,6.254981,6.488542,6.3004885,6.038787,6.0394373,6.4376664,7.2711453,6.8288975,6.937333,7.791729,6.1426425,6.1426425,8.310416,5.9245577,5.886721,8.144177,6.0092144,6.4560986,8.309775,8.35075,7.7136145,8.140741,5.273524,7.6712956,6.5070133,7.7161994,5.7417264,5.5275397,5.1299987,5.656947,6.691,7.040106,7.330634,7.0982,6.9062333,6.6312795,6.2973127,4.248719,6.8235354,7.824077,7.165524,7.2960844,6.3349023,7.6953373,5.13505,6.0409026,7.396498,7.9758544,6.9608436,7.5156507,7.8695273,7.6491175,7.3245034,7.7724233,7.8352857,7.832743,7.10254,8.086645,5.937581,5.937581,6.2948875,6.3764467
8,5.739644,4.4645934,2.3305793,4.1560993,3.2787282,3.6146648,5.3010435,4.7915444,0.0,0.08258817,5.0658207,5.114749,5.341103,5.353643,5.341103,6.175163,9.7132845,9.409456,9.914562,8.436382,7.5104766,6.5407887,7.491157,7.400808,6.1825943,7.2508073,5.916372,6.725979,6.2280993,4.09315,7.2702956,5.144939,6.0380306,7.2711663,6.7581096,6.6664486,5.648002,6.8866653,5.9296575,5.5387897,5.8732877,5.9322195,4.1799383,5.611125,5.6431446,5.692236,5.4851317,5.6685386,4.589595,4.4690824,4.4290657,6.40331,6.4983077,4.697467,6.024776,5.1463037,6.5953794,4.9782696,5.588022,4.687823,6.4578705,5.835475,4.7090716,7.5474086,6.934019,7.5265355,6.359348,6.5041413,5.767747,6.1639314,7.359956,6.565085,9.155852,8.065118,8.042304,9.401458,5.4944453,5.4944453,10.031706,6.8378935,6.8691235,9.386124,7.1247416,6.699941,9.455568,9.517572,8.735816,9.285803,7.8686247,7.9469795,7.472919,7.703142,7.5835204,7.4714212,7.3262854,7.133045,5.447911,5.7258816,5.828216,5.5068083,5.160636,4.807498,4.0975695,3.3803,4.8483496,6.119503,5.591293,5.4264746,6.5565658,7.9708757,6.6062236,6.6097436,5.9757648,6.7453847,5.048006,5.6805563,5.4783635,5.087944,5.497939,6.342399,6.202814,6.7856545,5.8668604,7.2660413,6.619879,6.619879,6.636313,5.665149
9,5.737258,4.459422,2.3151753,4.164091,3.2763298,3.6150334,5.325141,4.8246374,0.08258817,0.0,5.064761,5.1175513,5.331121,5.343575,5.331121,6.1672864,9.734917,9.430176,9.916847,8.431933,7.512441,6.5409865,7.5036225,7.413281,6.1949234,7.265201,5.9325376,6.743499,6.2242284,4.058316,7.259486,5.130196,6.031706,7.2770023,6.7672396,6.6798944,5.662378,6.8804936,5.93978,5.547923,5.9080877,5.96699,4.1890893,5.6309366,5.6585464,5.717427,5.494358,5.68526,4.637161,4.5172734,4.4789386,6.447071,6.5372677,4.745862,6.0616317,5.1922174,6.576517,4.9825625,5.600449,4.7048864,6.4481473,5.813822,4.681837,7.5262895,6.9572906,7.549099,6.3834405,6.5248437,5.793067,6.1886263,7.3959928,6.589195,9.182246,8.092919,8.066071,9.422551,5.5293455,5.5293455,10.050269,6.87381,6.9046474,9.411933,7.1579504,6.722064,9.46327,9.52551,8.745953,9.294536,7.894837,7.953227,7.493233,7.7096505,7.6182046,7.50664,7.359573,7.165078,5.483049,5.7411146,5.8118563,5.4884048,5.1271644,4.7700453,4.0709977,3.3608365,4.845296,6.116109,5.601072,5.427165,6.56186,7.973835,6.6177382,6.6209803,5.9856358,6.7533135,5.048103,5.6517076,5.4850583,5.093009,5.4715996,6.3397684,6.1893206,6.7818456,5.8729243,7.264523,6.6333013,6.6333013,6.6423235,5.666552
10,7.9662194,7.07107,5.4427314,6.432107,3.4113853,6.521491,7.410501,6.953913,5.0658207,5.064761,0.0,1.6860181,3.825892,3.8242147,3.825892,4.794867,10.042809,9.52457,11.083561,9.664897,9.16346,8.051595,9.009401,8.918254,6.8655634,7.7717323,6.1139812,6.872831,8.042462,6.5751634,7.5894327,5.6680555,7.979787,9.003076,8.564219,8.525046,7.420245,8.310664,7.9243093,7.3424454,7.954684,8.067462,6.447662,7.6688414,7.6463165,6.3199396,7.636664,7.662365,6.505279,6.4492183,6.4193215,8.014766,8.444024,6.6281085,7.596854,6.4660563,7.0676403,7.2866077,7.501213,7.242644,7.9270244,7.837369,7.151146,6.339664,9.228207,9.659724,8.591146,8.708386,7.894386,8.413713,9.098069,8.6858225,10.59643,9.812265,9.920805,11.205384,7.630729,7.630729,11.494788,8.59483,7.3658457,9.075212,8.920785,8.440368,9.551062,9.599027,8.939209,10.31186,8.861575,8.660682,8.599304,8.986795,9.192712,8.942605,9.026749,8.904774,7.366214,7.917008,7.485205,7.65847,7.168318,6.8668537,6.4022717,5.735678,7.0124993,7.984893,7.4783845,7.4114037,8.03231,9.19374,8.028702,8.177228,7.9169645,8.859866,7.049393,7.5935082,7.647669,7.422311,7.5298767,8.434962,7.3846345,7.7929463,7.090338,8.20796,8.342125,8.342125,7.4851604,7.49164
11,7.400954,7.181969,5.5267954,6.6566253,3.5384324,6.6837697,7.7379913,7.2199135,5.114749,5.1175513,1.6860181,0.0,3.89218,3.9032047,3.89218,4.9675145,10.296783,9.770822,11.389397,10.017469,9.361903,8.259029,9.3074875,9.22217,7.116023,8.069085,6.4831448,7.1646156,8.114738,6.8416934,7.9383655,5.8910704,8.235739,9.167734,8.59135,8.4990015,7.408043,8.426412,7.916794,7.296778,8.0568285,8.147939,6.572136,7.8920064,7.891662,6.3466325,7.7816076,7.905443,6.669118,6.579952,6.5128155,7.8963614,8.579429,6.7528877,7.612709,6.6237183,7.2513404,7.360805,7.4429154,7.2178802,8.162866,8.016431,7.5126047,6.6261377,8.941879,9.362295,8.295523,8.689704,7.920124,8.111735,9.009598,8.419688,11.00543,9.933347,10.027014,11.351184,7.6875935,7.6875935,11.58817,8.699398,7.830608,9.526712,9.16725,8.693975,9.5910425,9.642689,8.641563,10.032252,9.104896,8.759525,8.702542,8.957514,9.313262,9.202836,9.1488695,8.967504,6.898957,7.400039,7.2465916,7.2774014,7.362762,7.1659737,5.8998113,6.1075106,6.433794,7.5460186,7.5555944,6.8783736,7.82925,9.058421,7.8608303,7.941397,7.8365393,8.897806,7.053378,7.716467,7.8489456,7.6291976,7.865265,8.607796,6.8907013,7.5732784,7.012743,8.244624,8.502627,8.502627,7.589485,7.6463203
12,6.4508476,5.933277,6.156357,6.935969,4.5040665,5.1069984,6.4175673,6.2622867,5.341103,5.331121,3.825892,3.89218,0.0,0.08084072,0.0,3.048891,9.8621,10.377792,10.450188,9.105443,8.461078,8.634061,8.288796,8.289367,5.8953714,6.9340787,7.111883,7.7389326,7.461207,5.0457,6.652484,4.131359,6.531755,7.827895,7.153508,7.2128177,7.7611485,8.347687,6.994109,7.864451,7.1593795,7.0882897,7.14356,6.737357,6.656735,5.7107353,6.511167,6.677291,7.2968,7.2383413,7.2429805,8.966407,6.965779,7.427512,7.1576447,6.390043,5.9373755,6.194184,8.020158,6.081693,8.328283,6.507508,7.4668236,6.9841847,7.8928895,8.483522,8.154679,8.383774,8.419668,7.9436507,8.871475,8.190783,10.699629,9.817217,9.750302,10.285878,8.375318,8.375318,11.677426,9.228917,7.925223,9.840618,9.208676,8.579322,9.178078,9.217963,8.310138,9.8249655,7.4293785,6.971967,7.100954,7.2936807,9.209973,8.834764,8.471871,8.863969,7.7285614,7.997487,7.690211,7.578744,7.388651,6.977238,6.40614,6.2330775,7.1261487,8.205031,8.102886,7.5877995,8.221389,9.436236,8.117425,8.11353,8.466649,9.3071575,7.6401167,7.983243,8.182107,7.9678845,8.091379,8.897188,7.5249324,8.183936,7.6644754,8.701612,8.671762,8.671762,7.9981623,7.8964267
13,6.4531503,5.930583,6.1603317,6.9271827,4.514259,5.1090255,6.4078493,6.2470384,5.353643,5.343575,3.8242147,3.9032047,0.08084072,0.0,0.08084072,3.05543,9.853565,10.372375,10.437658,9.084247,8.44399,8.634703,8.272282,8.273481,5.880527,6.9080544,7.097522,7.7246633,7.4337635,5.0391736,6.6265635,4.1035085,6.5181665,7.81674,7.145826,7.2063303,7.759998,8.3361435,6.9905434,7.8655705,7.1590686,7.0881386,7.1443615,6.727617,6.6441455,5.6877546,6.508496,6.6643353,7.2945046,7.2367163,7.240379,8.957401,6.9561396,7.4257293,7.168715,6.3819976,5.925495,6.193751,8.028454,6.0880003,8.318339,6.4968414,7.4841375,7.0074224,7.8977675,8.483792,8.166304,8.395025,8.428041,7.9510965,8.861556,8.195854,10.693747,9.816314,9.749869,10.285405,8.375481,8.375481,11.6693735,9.226088,7.9171624,9.823565,9.212641,8.579811,9.192379,9.232129,8.319968,9.828599,7.4227853,6.9765115,7.1052694,7.313085,9.198776,8.823634,8.456409,8.857999,7.727259,8.011439,7.6752357,7.581749,7.3831825,6.9778986,6.3910203,6.2104893,7.1276736,8.203178,8.10568,7.589513,8.213168,9.430501,8.097032,8.105113,8.476802,9.331004,7.6427574,7.9769115,8.210529,7.9958396,8.100359,8.920996,7.5442653,8.190555,7.6777506,8.708077,8.668694,8.668694,7.9937415,7.890647
14,6.4508476,5.933277,6.156357,6.935969,4.5040665,5.1069984,6.4175673,6.2622867,5.341103,5.331121,3.825892,3.89218,0.0,0.08084072,0.0,3.048891,9.8621,10.377792,10.450188,9.105443,8.461078,8.634061,8.288796,8.289367,5.8953714,6.9340787,7.111883,7.7389326,7.461207,5.0457,6.652484,4.131359,6.531755,7.827895,7.153508,7.2128177,7.7611485,8.347687,6.994109,7.864451,7.1593795,7.0882897,7.14356,6.737357,6.656735,5.7107353,6.511167,6.677291,7.2968,7.2383413,7.2429805,8.966407,6.965779,7.427512,7.1576447,6.390043,5.9373755,6.194184,8.020158,6.081693,8.328283,6.507508,7.4668236,6.9841847,7.8928895,8.483522,8.154679,8.383774,8.419668,7.9436507,8.871475,8.190783,10.699629,9.817217,9.750302,10.285878,8.375318,8.375318,11.677426,9.228917,7.925223,9.840618,9.208676,8.579322,9.178078,9.217963,8.310138,9.8249655,7.4293785,6.971967,7.100954,7.2936807,9.209973,8.834764,8.471871,8.863969,7.7285614,7.997487,7.690211,7.578744,7.388651,6.977238,6.40614,6.2330775,7.1261487,8.205031,8.102886,7.5877995,8.221389,9.436236,8.117425,8.11353,8.466649,9.3071575,7.6401167,7.983243,8.182107,7.9678845,8.091379,8.897188,7.5249324,8.183936,7.6644754,8.701612,8.671762,8.671762,7.9981623,7.8964267
15,7.00445,6.512243,6.821944,7.52602,5.4505205,5.9129057,6.9580693,6.8398967,6.175163,6.1672864,4.794867,4.9675145,3.048891,3.05543,3.048891,0.0,8.610198,9.256189,9.299699,8.329972,7.0939913,7.126821,7.0108514,6.958667,6.3113885,7.4987054,7.1769195,8.11165,8.08707,5.5487423,7.049278,4.7703257,6.792839,8.000069,7.2888,7.2975087,8.018677,8.645241,7.2270327,8.117771,7.1550136,7.24255,7.182923,6.6248546,6.8535433,5.4961696,6.728964,6.8658266,7.560065,7.554277,7.636307,9.251247,7.1676965,7.7266755,7.305569,6.680739,6.2796955,6.4966917,8.402424,6.538356,8.366943,6.9392896,7.954907,7.5015273,7.0765924,7.943436,7.5995383,7.9066944,7.9614935,7.5325913,8.502906,7.752126,10.284776,9.385932,9.616012,9.592634,8.443576,8.443576,11.497079,9.128851,7.018033,9.187728,8.460648,7.7410707,9.360631,9.402321,8.153803,9.687132,6.949754,6.4199924,6.5123587,6.5719347,8.9932785,8.402827,8.159783,8.624897,7.9084797,8.115274,7.9161134,7.906818,7.257838,6.8160686,7.1322784,6.872417,7.864818,8.854111,7.559127,8.262665,8.192214,8.354857,8.127554,8.70317,8.809381,9.590248,8.179067,8.810753,8.197927,8.032428,8.246185,8.84152,8.243732,7.6887197,7.497909,8.572083,9.0208845,9.0208845,8.640375,8.307953
16,9.310303,9.387234,9.706949,9.430844,9.332729,9.562242,9.073348,8.495984,9.7132845,9.734917,10.042809,10.296783,9.8621,9.853565,9.8621,8.610198,0.0,3.0219066,3.6134892,4.674575,7.2884626,7.5447507,6.0959973,6.061318,8.465559,8.372965,8.485531,8.961441,10.588491,10.008872,9.441938,9.38663,8.920516,8.996523,7.9403343,8.050138,8.404264,8.959485,8.4439125,8.941883,8.153938,8.204504,8.826675,8.087142,8.411752,8.05274,8.638425,8.376963,9.325227,9.752307,9.789957,10.79593,9.403017,9.728988,8.518183,7.731105,7.9652424,7.487017,8.4150095,8.847031,9.340327,9.262172,11.011485,11.036835,8.742706,8.610088,9.237509,9.223295,9.261052,9.191089,8.791017,9.180716,8.968989,7.490713,9.697964,9.596545,8.972135,8.972135,8.984372,8.775252,5.6070538,7.397362,7.4141273,6.5911765,9.941801,9.972231,8.909481,9.647402,6.813913,7.138252,7.7054486,7.2766814,6.9989223,5.6305676,5.9003773,6.9645667,8.486454,7.930032,8.357523,9.581044,8.056898,7.842513,10.432392,9.586365,9.73912,9.984414,7.4726458,9.33536,8.274777,7.6147175,8.772219,9.285665,9.446022,10.669357,9.525946,10.373669,8.916827,9.88181,9.204428,9.636665,10.38304,8.443376,9.712982,8.541189,10.253566,10.253566,10.423128,9.707549
17,9.768336,9.873557,9.111849,9.05885,8.808307,10.067946,9.539867,8.94801,9.409456,9.430176,9.52457,9.770822,10.377792,10.372375,10.377792,9.256189,3.0219066,0.0,5.0699596,5.659585,8.028522,6.930124,7.128794,6.9967318,9.109369,9.009253,7.8501806,8.345634,11.093009,10.515926,9.99478,9.95882,9.614518,9.644431,8.741351,8.752542,7.8967476,8.461787,8.90383,8.284975,8.778878,8.952941,8.252702,8.700513,9.007185,8.608927,9.22807,8.984228,8.8146925,9.268813,9.305822,10.393201,10.457787,9.24685,8.724931,7.907673,8.515096,8.083072,7.781656,9.449012,8.721075,9.832383,10.561387,10.572973,9.541922,9.456181,9.216375,9.269707,8.693438,9.210469,8.913991,9.255299,9.058459,7.4895167,9.739571,10.395305,8.361426,8.361426,8.754865,8.134492,5.6873007,7.4075923,7.3889685,6.6902237,10.07584,10.113727,9.101508,9.75095,8.168403,8.431235,8.939069,8.544103,7.2336235,5.9734354,6.787587,7.146896,8.08852,7.4655094,7.9215627,9.192011,7.613157,7.346197,10.041953,9.195913,9.200744,9.393638,6.7861037,8.77777,7.638094,6.948858,8.359599,8.891049,8.858225,10.17305,8.964324,9.888664,8.404013,9.41211,8.690227,9.107976,9.8791275,7.8529487,9.226801,7.916983,9.743488,9.743488,9.89081,9.189705
18,9.3158245,9.362853,9.901575,9.60834,9.991279,9.494649,9.298078,8.683599,9.914562,9.916847,11.083561,11.389397,10.450188,10.437658,10.450188,9.299699,3.6134892,5.0699596,0.0,2.8853395,7.1610236,7.6121836,5.7928014,5.777485,8.629146,8.5342045,8.891185,9.377429,10.222307,9.430358,9.106819,9.137842,8.315917,8.302478,7.786208,7.704866,8.667854,8.481147,8.337421,9.110084,8.3152685,8.335963,8.746717,7.7489266,8.005432,8.390664,8.20903,7.992774,9.876431,10.279786,10.336646,11.43443,9.593937,10.255286,8.948518,8.44915,7.718618,7.4337587,8.933184,9.114749,8.740017,8.594221,10.605524,11.332421,8.798324,8.751431,9.570906,9.527555,9.763053,9.562093,9.149376,9.543657,9.309191,7.9262447,9.836066,9.530558,9.494086,9.494086,9.348435,9.278051,6.8348494,8.594551,7.9071903,7.3115826,10.20102,10.239997,9.177851,9.40065,6.92255,7.680912,7.7877545,7.3585978,7.5421286,6.128565,6.3935313,7.5248284,9.250919,8.187107,8.001915,9.111549,7.5729675,7.2375073,10.306533,9.443751,9.939072,9.809212,7.5399847,9.538093,8.338112,7.6321425,8.760249,9.487851,9.635612,10.66315,9.48553,10.041157,8.747899,9.720507,8.665448,9.297866,10.498152,8.619138,10.050196,8.506163,9.993845,9.993845,10.479168,9.893607
19,8.411934,8.143149,8.524927,8.207429,8.740422,8.192877,8.5505495,7.699797,8.436382,8.431933,9.664897,10.017469,9.105443,9.084247,9.105443,8.329972,4.674575,5.659585,2.8853395,0.0,6.4137626,6.7689366,4.9111557,4.868156,6.6013603,6.9446206,7.4929595,7.8045907,8.495931,7.883294,6.97166,7.4186645,6.9446893,7.1052794,6.855143,6.9696083,7.030578,7.1504283,6.6030784,7.4426517,7.142292,7.2361627,7.1839986,6.5984216,6.7260833,7.142613,6.994263,6.7240477,8.696098,8.98913,9.005447,10.077304,8.437079,8.937978,7.8800373,7.05491,5.867542,6.0104785,7.3803253,7.523181,7.2416453,6.511877,9.539921,9.925161,8.342374,7.4408174,8.63607,8.502462,8.684675,8.518975,7.856239,8.4272995,8.82986,7.3889723,8.8862705,8.879827,7.9545636,7.9545636,8.962389,8.181577,6.159891,7.8429885,7.3222885,6.7269664,9.687837,9.731163,8.655668,8.992378,6.5394835,7.059391,6.8504996,6.9764943,6.665806,5.2840757,5.5096955,6.695274,7.5729322,6.8232107,5.796808,7.19261,5.9023376,5.657037,8.629086,7.8794117,8.297432,8.154328,6.2340918,7.984541,7.4677887,7.371073,7.7258344,8.583755,8.231974,9.478997,7.681953,7.9775147,7.6140985,8.355983,6.8614826,8.087261,8.993593,7.379723,8.612376,7.368663,8.745908,8.745908,9.142202,8.395963
20,8.330758,7.0916076,7.421635,8.092309,7.8093905,6.968321,7.015916,6.934681,7.5104766,7.512441,9.16346,9.361903,8.461078,8.44399,8.461078,7.0939913,7.2884626,8.028522,7.1610236,6.4137626,0.0,5.047069,4.1097274,4.082831,7.578385,7.428398,7.706638,8.458438,7.7556343,7.259782,8.207005,7.764251,6.483983,7.0934415,7.018879,7.160786,7.758613,7.90106,7.0169907,7.8404183,7.2993684,7.575227,7.4436955,6.464702,7.0516768,6.2046466,7.1198545,7.0561767,7.9865484,8.032749,8.070111,8.541268,7.486136,8.111656,7.6699743,7.205575,7.209656,6.567544,8.092831,6.8180103,7.4384985,6.7439504,8.173182,9.494177,4.8454537,5.8778515,6.128157,5.7733035,6.2073426,5.9464483,6.948967,5.937862,8.408036,7.723912,7.8483562,7.68575,7.1812716,7.1812716,9.230821,7.1747866,5.895558,8.871641,5.794409,4.585431,10.461135,10.5049925,8.55444,8.947891,6.306715,6.0335383,6.7830095,6.5678525,7.076441,6.4719534,5.140517,6.4949703,7.2505245,7.34881,7.300641,7.4178524,6.1670666,6.4735513,7.828173,6.7849226,8.031232,8.700564,5.5045257,8.487613,6.8698635,6.083777,6.87547,8.310397,8.654662,9.172327,8.556545,9.103172,8.627214,8.526382,7.822507,8.476029,9.380076,7.2322607,7.7362213,8.549027,8.215114,8.215114,8.5850935,7.8683867
21,8.489088,7.341383,6.086996,7.041437,6.8051686,7.2370286,7.3912616,7.155905,6.5407887,6.5409865,8.051595,8.259029,8.634061,8.634703,8.634061,7.126821,7.5447507,6.930124,7.6121836,6.7689366,5.047069,0.0,5.288974,4.9194503,7.097214,7.6611423,5.434735,6.369507,8.82708,7.0421076,7.978466,7.5630136,6.360501,6.813196,6.7043505,6.737652,5.6093574,6.3188214,6.1711807,5.4281993,6.672709,7.156256,5.2275953,5.8602166,6.4262133,6.16761,6.246686,6.4536195,6.067284,6.139428,6.307881,7.6053133,7.881663,6.168184,6.781425,6.311249,6.931302,6.195561,6.415292,6.7694316,5.0906157,6.609762,7.0160794,8.689733,6.2046757,7.001871,4.897598,4.8794665,4.1132026,5.0257587,6.1323385,5.1240077,7.739285,6.8004627,7.694873,8.055184,6.098758,6.098758,8.762928,5.958987,5.294056,8.292854,5.254833,4.434081,9.579683,9.620934,8.254579,8.700221,7.433656,7.811498,7.3911963,7.394538,6.8964763,6.200968,6.472014,6.3156815,6.235451,6.283633,6.298494,6.370793,5.392162,5.0547132,7.1968207,6.0941343,7.0534062,7.6721444,4.364265,7.519799,5.9994664,5.070751,6.263112,7.702485,7.06841,7.7250686,6.506695,7.6474094,6.773227,6.579817,5.9438977,6.2242064,8.011652,6.26466,5.9793797,6.94023,6.615974,6.615974,7.661145,6.2847624
22,8.237811,6.9601426,7.595397,7.270321,7.8640404,6.5312576,6.5979557,5.7865996,7.491157,7.5036225,9.009401,9.3074875,8.288796,8.272282,8.288796,7.0108514,6.0959973,7.128794,5.7928014,4.9111557,4.1097274,5.288974,0.0,0.46796393,6.2014875,5.7433896,6.504306,7.376151,7.6240077,7.2482343,7.243537,6.8380833,6.27933,6.6933694,6.69127,6.8220515,7.282819,7.1218395,6.253399,7.4555345,6.3073726,6.5498757,6.75211,5.2862654,5.969745,5.6628265,6.2096443,5.948992,7.542201,7.5865746,7.65492,8.741476,6.6215243,7.5835314,7.038927,6.443117,7.1715536,6.5019493,8.224053,6.741289,7.057693,6.517067,8.301439,9.828657,5.0587254,5.0100665,6.395896,6.446961,6.720447,6.3570848,5.6968,6.3847704,7.6372633,6.9139857,7.0864677,6.807561,6.4228477,6.4228477,8.502878,6.253245,5.2256184,7.5488567,5.414483,5.82496,9.491865,9.540868,8.190631,8.729338,4.783254,6.755961,5.487351,6.8578725,6.0451016,4.494524,4.4307227,6.0228653,6.870615,7.038821,6.9776917,7.0635486,6.653966,6.4063473,8.243842,7.115079,8.24476,8.736547,6.0041184,8.526258,7.011778,6.233375,6.2462792,8.273937,8.089744,8.673746,8.043765,8.602097,8.235483,8.142197,7.4287663,8.004189,8.932758,6.8266087,7.6019735,8.213162,7.749913,7.749913,8.126954,8.124934
23,8.238311,6.9339466,7.465127,7.160734,7.774045,6.527436,6.5827985,5.7823124,7.400808,7.413281,8.918254,9.22217,8.289367,8.273481,8.289367,6.958667,6.061318,6.9967318,5.777485,4.868156,4.082831,4.9194503,0.46796393,0.0,6.0853047,5.7493873,6.2605042,7.143092,7.6567087,7.157272,7.142924,6.7602215,6.146139,6.5381713,6.532259,6.6522913,7.016184,6.935965,6.0538225,7.178044,6.11286,6.38794,6.4922705,5.0895605,5.7798457,5.5124216,6.031598,5.760125,7.3072486,7.3576293,7.4345136,8.557413,6.537578,7.3483496,6.8469915,6.2594657,7.041778,6.3555493,8.021264,6.6352468,6.7922564,6.3985667,8.192144,9.742024,5.06143,5.0069637,6.162885,6.224725,6.44747,6.1408706,5.462841,6.166453,7.4690638,6.7149415,6.9935045,6.6990824,6.257883,6.257883,8.372959,6.0726123,5.0426245,7.409823,5.193072,5.6247864,9.379849,9.426845,8.064588,8.605133,4.8036985,6.760668,5.420685,6.8034735,5.892229,4.356169,4.3872643,5.862696,6.7404428,6.907756,6.855135,6.943271,6.527225,6.2526865,8.136857,6.987368,8.133582,8.628026,5.8414326,8.42857,6.9214554,6.127311,6.1536403,8.214754,7.956075,8.544553,7.8473015,8.482062,8.073249,7.9724927,7.2354603,7.766304,8.827541,6.691334,7.3394747,7.983027,7.517826,7.517826,8.000916,7.910046
24,7.5365524,6.5844817,6.9831448,6.761977,6.727672,6.0278277,6.662328,5.804085,6.1825943,6.1949234,6.8655634,7.116023,5.8953714,5.880527,5.8953714,6.3113885,8.465559,9.109369,8.629146,6.6013603,7.578385,7.097214,6.2014875,6.0853047,0.0,3.854615,4.962279,4.6581454,6.997924,5.5536914,3.4380023,4.26405,4.451569,4.92256,5.1112113,5.626353,4.959396,5.8892303,3.6753576,5.226903,4.939242,5.1418943,5.7680902,4.6108866,4.4383793,4.748992,4.6112843,4.4464145,5.7177,5.6349273,5.6405983,7.2371416,4.622253,5.5204654,4.4261484,3.5608988,4.2050223,4.619014,6.1771207,4.8224463,5.7453666,3.8992314,7.8605447,7.4498925,7.3664227,6.136455,6.279641,6.176519,6.6078696,6.1368575,5.3248725,5.9629455,7.987161,7.113125,7.307535,7.516656,6.1632032,6.1632032,9.692088,6.5549035,5.7948747,7.9348145,6.7877035,7.027406,7.84878,7.8672843,7.087262,8.247392,5.7886176,6.945056,5.455228,6.986119,6.17752,5.4411473,5.6581163,6.119977,5.6248474,5.996827,5.650967,5.609666,6.5545206,6.3015375,7.26003,6.4096913,6.5054984,6.818742,6.414579,6.732072,7.055439,8.499331,6.804538,7.265755,7.1470823,7.906787,5.967315,6.6566277,6.680382,6.365869,6.217893,6.9926457,7.0120206,7.237429,6.332099,7.1711698,6.186954,6.186954,6.867586,6.257469
25,8.115544,6.712771,7.2318225,6.871129,6.9154253,6.200999,5.5056405,4.819267,7.2508073,7.265201,7.7717323,8.069085,6.9340787,6.9080544,6.9340787,7.4987054,8.372965,9.009253,8.5342045,6.9446206,7.428398,7.6611423,5.7433896,5.7493873,3.854615,0.0,4.5386453,4.3601775,7.538817,6.970823,5.20819,5.798965,4.4925137,4.808329,5.0504427,5.771602,5.9751396,4.8688827,4.926362,6.171816,6.2839785,6.36133,7.025331,5.0624533,5.047596,5.3763614,5.157622,5.055521,6.574366,6.563761,6.5834994,8.059668,5.7180376,6.5126214,5.7726903,5.0560384,5.483612,5.8388066,7.454028,6.2912893,5.5771093,5.1512256,7.7089744,8.201306,6.8993883,6.660077,6.5816298,6.416623,6.8667192,6.3552146,5.556612,6.2892346,7.3546824,7.103956,6.877888,7.547771,6.6138897,6.6138897,8.388396,5.7767396,6.203345,8.043109,6.71209,7.145121,7.504928,7.5189886,6.9113755,7.9855475,5.0825067,7.3716364,6.445258,7.918112,5.956746,4.975683,4.9365263,5.90531,6.670039,6.964144,6.7225947,6.504714,7.2387714,6.993615,8.018487,6.4247136,7.2445016,7.7544723,7.307248,7.6818585,6.2410483,7.8206887,5.423273,6.4303117,7.7529106,8.357681,7.2344713,7.3755393,8.596033,8.316526,7.250902,8.041505,7.594672,7.7775455,7.517575,8.124559,5.895365,5.895365,6.1671395,6.6402535
26,8.402521,7.138935,5.477879,5.8697257,5.289974,6.532221,5.84754,5.060024,5.916372,5.9325376,6.1139812,6.4831448,7.111883,7.097522,7.111883,7.1769195,8.485531,7.8501806,8.891185,7.4929595,7.706638,5.434735,6.504306,6.2605042,4.962279,4.5386453,0.0,1.8734316,7.689755,6.554953,6.411693,5.7178173,5.306583,5.655992,5.671542,5.752749,4.49743,3.9100797,5.3063335,4.3374486,6.037371,6.3373923,4.8213387,4.8407097,4.8685656,4.8154764,5.0680532,4.883763,3.9762068,4.06511,4.1462426,6.1689177,6.505588,4.0181847,5.15646,4.2511215,6.1157856,5.9581547,6.350127,6.7178774,3.650621,6.145477,6.2424417,7.575499,7.4405246,7.861841,5.7350593,5.910475,5.041758,5.7013,5.2040467,5.856113,7.4115586,6.8930454,7.41511,8.61835,5.509657,5.509657,8.582648,4.7046933,5.1369376,7.736376,5.626241,6.2866507,7.8099813,7.833471,6.734757,7.990643,6.705875,8.647633,7.4586678,8.6854515,6.0696845,5.250618,6.0193877,5.959388,5.9930573,6.258461,6.05096,5.9135623,6.5500593,5.921069,6.741235,4.8328505,6.605605,7.251371,6.0815916,7.1288357,5.2897058,6.624397,4.510892,6.2287636,7.1434035,7.818589,5.9892044,6.9898,7.104845,6.928048,6.013183,6.5697556,7.222356,7.06843,5.849179,6.968941,4.2417383,4.2417383,5.6338825,5.63416
27,8.965004,7.8495407,6.383749,6.6958456,6.1782575,7.3110585,6.658556,6.029759,6.725979,6.743499,6.872831,7.1646156,7.7389326,7.7246633,7.7389326,8.11165,8.961441,8.345634,9.377429,7.8045907,8.458438,6.369507,7.376151,7.143092,4.6581454,4.3601775,1.8734316,0.0,8.479343,7.3594728,6.143133,6.4648848,5.4517207,5.35595,5.706166,5.9257865,4.027498,3.7430167,5.0128016,3.9277613,6.240866,6.56938,5.3925385,5.3874397,5.2687497,5.597349,5.445105,5.291156,4.5708733,4.626217,4.678099,6.5817795,6.805091,4.4876914,5.0241327,4.2649016,5.853495,6.0775304,5.963207,6.82352,3.509086,5.983998,7.1272726,7.478716,8.177706,8.033955,5.98047,5.9523315,5.335221,5.889704,5.1974163,5.8602686,7.5170193,6.953284,7.437704,8.7261915,5.6645937,5.6645937,8.639667,4.747921,5.7749634,8.116849,6.2106833,6.7574525,7.72746,7.733541,6.7924056,8.036764,7.018237,8.757186,7.69262,8.874121,6.1948776,5.359912,6.192716,6.0596466,5.9138756,6.200269,6.115362,5.967066,6.9676795,6.4241915,7.434789,5.8038774,6.6059303,6.992506,6.3022223,7.082182,5.6467204,7.4275284,5.242539,6.3475037,7.103302,7.7995386,5.877149,6.956317,7.255326,7.076121,6.21065,6.623503,7.1933227,7.4325724,6.124508,6.9300575,4.0247045,4.0247045,5.5990787,5.4956374
28,8.011561,7.0542283,7.0011053,7.2369266,7.371411,6.7625713,7.7440596,6.091365,6.2280993,6.2242284,8.042462,8.114738,7.461207,7.4337635,7.461207,8.08707,10.588491,11.093009,10.222307,8.495931,7.7556343,8.82708,7.6240077,7.6567087,6.997924,7.538817,7.689755,8.479343,0.0,5.381299,7.7093816,5.225541,7.2603183,8.469041,8.166097,8.207012,8.755839,8.713424,7.9585266,8.714183,8.014356,7.8873982,7.5761876,7.1474586,7.0014625,5.6955094,7.208879,6.9878635,7.4091973,7.34382,7.101048,6.2187424,6.830895,7.3781047,8.094663,7.046233,7.8899007,7.21181,9.297466,7.52208,8.625145,7.3062444,7.571108,9.890143,8.355549,8.608301,9.06289,9.127124,9.096423,8.847959,8.692936,9.058694,10.626427,9.987153,10.043751,10.623664,8.509798,8.509798,11.786039,9.306263,7.631448,9.905453,7.9878798,8.251895,10.880478,10.947745,9.317759,9.858554,9.0144415,9.95929,8.981997,9.930805,8.133767,8.687489,7.399962,8.131621,8.079798,8.038661,6.7915506,7.0757594,7.547621,8.1121855,6.3825235,5.5621314,8.216393,8.871896,8.41551,8.41591,8.32671,9.456057,7.583962,8.775181,9.842342,10.386259,8.680047,8.539788,8.73836,8.688648,7.7271,9.502928,9.276526,9.248315,8.524788,9.924991,8.853591,8.853591,9.223265,9.000268
29,6.189649,5.0295534,4.9819717,6.16601,5.4905286,4.0514812,5.607623,5.2371182,4.09315,4.058316,6.5751634,6.8416934,5.0457,5.0391736,5.0457,5.5487423,10.008872,10.515926,9.430358,7.883294,7.259782,7.0421076,7.2482343,7.157272,5.5536914,6.970823,6.554953,7.3594728,5.381299,0.0,6.4379063,3.3151808,4.4240756,6.2669964,5.6552067,5.659612,6.724314,7.071429,5.7401395,6.736052,6.048733,5.977686,5.7264595,5.0310907,4.7938337,5.252932,4.5827165,4.8397164,5.991104,5.969628,5.9980702,7.566564,5.5747504,6.1353397,6.5153394,5.80741,5.598129,4.61396,7.3645873,5.160453,6.6725106,4.7318788,5.682832,8.414265,7.1240582,8.004007,7.110399,7.1971984,7.286262,6.968275,7.948308,7.237905,9.86585,9.054902,9.318942,9.557041,7.8133965,7.8133965,11.278869,8.60616,7.4914784,10.317326,7.8736506,7.270519,9.800615,9.845981,8.652179,9.55029,7.6082587,7.835188,7.2565956,7.4444075,8.400106,8.15987,7.6591673,8.034307,7.480245,7.3738904,6.4575114,6.3631406,6.102568,5.546546,5.195233,4.2555876,6.867453,7.8402,7.245679,7.366062,7.4222455,8.598114,7.26064,7.7553687,8.3132305,8.936341,6.747935,7.0191245,6.920849,6.7691674,6.297998,7.5609527,7.968116,8.438665,7.2220116,8.49589,7.376754,7.376754,8.23146,6.978659
30,7.546015,6.5415416,7.8623195,6.666351,7.8354273,7.161157,7.869185,7.1301455,7.2702956,7.259486,7.5894327,7.9383655,6.652484,6.6265635,6.652484,7.049278,9.441938,9.99478,9.106819,6.97166,8.207005,7.978466,7.243537,7.142924,3.4380023,5.20819,6.411693,6.143133,7.7093816,6.4379063,0.0,4.8187723,5.3282185,5.907805,6.343118,7.092214,6.2935796,6.4483476,5.2928987,6.4395366,6.6791945,6.839962,6.829952,6.0624986,5.781893,6.1075153,6.000481,5.8088703,7.234473,7.176831,7.1854854,8.527848,6.5018067,7.122449,6.0964565,5.59839,4.619904,5.886821,7.3079414,6.336344,6.268871,4.5070024,8.356514,7.5566506,8.666808,7.5205345,7.702978,7.5531445,7.9302206,7.5825343,6.9169073,7.4139037,7.565328,6.944803,6.874583,7.07022,7.48283,7.48283,9.330608,7.8877106,7.1200504,7.310245,8.304938,8.4562645,7.125605,7.1533237,7.7364354,7.511252,7.091958,7.808296,6.7818017,8.001571,6.484918,6.911114,7.0145817,6.4685426,7.2202535,7.14823,6.1256247,6.136235,5.966622,6.663589,7.713672,6.921202,6.577459,6.2946496,7.3863626,6.5313716,7.835676,9.223389,7.603345,7.2585096,7.205951,7.9553638,6.619853,6.0140986,7.850644,7.139406,6.7133007,7.821796,6.469228,6.7465253,6.796535,6.5666637,6.970836,6.970836,6.390229,5.8810406
31,6.211808,5.630429,6.0123215,5.876848,5.652374,5.0573826,6.1514454,5.1158557,5.144939,5.130196,5.6680555,5.8910704,4.131359,4.1035085,4.131359,4.7703257,9.38663,9.95882,9.137842,7.4186645,7.764251,7.5630136,6.8380833,6.7602215,4.26405,5.798965,5.7178173,6.4648848,5.225541,3.3151808,4.8187723,0.0,5.085161,6.5079994,5.9254246,6.0114713,6.734525,6.703067,5.7114916,6.796291,5.994049,5.9369717,5.844355,5.0013547,4.669651,4.286249,4.9936705,4.6774354,5.960443,5.9501553,5.9121537,7.4182653,5.35505,6.0448923,5.9025297,5.1726465,5.3470526,5.3637247,7.83812,5.906464,6.8047433,5.228425,6.7939634,7.970949,7.5309463,7.6406074,7.4411054,7.8860416,7.8809905,7.346461,7.1415715,7.566766,9.381793,8.474476,8.67454,8.927327,7.5152974,7.5152974,10.740263,8.221416,6.921624,8.766458,7.838518,8.134686,8.446203,8.492454,7.3197107,8.427401,6.8869796,7.8948584,6.6123023,7.8477945,7.473698,7.350446,7.169596,7.4747143,7.270476,7.127963,6.1782813,6.073306,6.5221934,6.2523084,5.5325217,5.0340123,6.8011374,7.5601277,7.685908,7.107544,7.4285493,8.652145,6.637947,7.51625,8.385569,9.126542,7.0837126,7.201504,7.5708995,7.356174,6.893946,8.0847025,7.3556557,7.5476313,6.726276,7.8035836,7.1263413,7.1263413,7.4202757,7.175973
32,6.766209,5.1444097,6.005166,6.5173554,6.497734,4.836176,4.604685,4.7877784,6.0380306,6.031706,7.979787,8.235739,6.531755,6.5181665,6.531755,6.792839,8.920516,9.614518,8.315917,6.9446893,6.483983,6.360501,6.27933,6.146139,4.451569,4.4925137,5.306583,5.4517207,7.2603183,4.4240756,5.3282185,5.085161,0.0,2.3792892,2.5736413,3.2084417,5.1294146,4.8817286,3.6415339,5.304991,4.9756064,5.0130424,5.9276013,3.3702197,3.1797779,4.7651157,2.645067,3.2582521,5.7525177,5.808607,5.931877,7.6996655,4.6645045,5.8565187,5.257869,4.7951365,4.1858883,3.5495024,6.470433,4.6648293,4.43911,3.199633,6.359111,8.335545,5.9241567,6.9546614,5.3727384,5.0201178,5.805752,5.138461,6.128232,5.153176,7.3972754,6.926673,7.324994,7.331713,7.218181,7.218181,8.837713,6.8125377,6.5931077,9.184486,6.690869,5.901472,7.974791,7.983804,7.2864294,7.7257147,5.476758,6.551715,6.1119328,6.2799816,6.5513334,6.2406263,5.665371,5.995974,6.9161296,6.8850284,6.521298,6.3188996,6.0535507,5.726053,6.7898726,5.1226707,6.5865183,7.151352,6.6429625,7.15355,6.1682568,7.6675754,6.073395,6.2438874,7.314706,7.9070106,6.188729,6.730313,7.4521513,7.1535144,6.2768574,6.8419394,7.511391,8.009241,6.9269214,7.4838486,5.3916874,5.3916874,6.605616,5.301327
