,0,1,2,3,4,5,6,7,8,9,10,11,12,13,14,15,16,17,18,19,20,21,22,23,24,25,26,27,28,29,30,31,32,33,34,35,36,37,38,39,40,41,42,43,44,45,46,47,48,49,50,51,52,53,54,55,56,57,58,59,60,61,62,63,64,65,66,67,68,69,70,71,72,73,74,75,76,77,78,79,80,81,82,83,84,85,86,87,88,89,90,91,92,93,94,95,96,97,98,99,100,101,102,103,104,105,106,107,108,109,110,111,112,113,114,115,116,117,118,119,120,121,122,123,124,125,126,127
0,0.0,4.305947,6.430172,5.4290495,7.7762685,6.0675282,9.955406,8.056849,5.590327,7.222911,4.7124534,5.1683736,9.198336,7.4830427,7.0137053,8.326555,10.330507,10.124811,7.849821,10.686073,9.590167,10.031992,10.564346,10.724975,9.2573,9.9236965,9.952169,10.185459,10.263922,10.220859,9.79088,10.15417,9.6986065,10.860744,9.158178,8.903697,9.433679,9.542271,9.128234,11.411833,8.62137,9.839739,10.730957,9.715638,9.337382,9.72641,9.786343,9.829437,8.69259,9.254955,10.281865,9.747703,9.13199,10.689017,9.345423,9.4093895,8.65346,8.316265,9.454166,8.357848,10.257316,9.803904,9.784017,10.213819,8.661579,8.088357,8.42578,7.8725586,9.928048,8.431504,9.697103,9.717352,10.860833,10.850444,10.323748,10.852105,10.751404,9.732746,10.453599,10.65253,9.446632,8.493256,9.437301,8.356099,8.563261,9.345376,8.6119175,9.988076,9.853904,10.851133,10.839964,7.092243,11.093901,10.58932,9.561062,9.533851,11.670637,11.640226,11.82844,11.9433155,10.486275,10.609858,9.858338,10.431698,12.444182,12.919128,10.721112,10.458454,10.659411,10.92168,11.399328,11.408842,12.838877,13.210466,10.009472,9.550244,11.014786,7.9424233,10.910169,10.577773,10.046557,10.154551,10.935208,9.753359,11.801493,10.680087,11.001043,10.732939
1,4.305947,0.0,7.812564,6.5346518,8.192086,7.386715,10.599207,8.768067,6.090487,7.5997806,4.913488,7.3702345,10.694433,9.491323,8.195791,9.492506,10.153651,9.728457,8.706335,11.4758835,9.718745,11.027745,11.597993,11.5017605,10.103426,10.737044,10.037751,11.291884,12.171576,12.112194,11.462248,12.011735,10.651455,11.748318,9.997492,9.781762,10.0118065,10.339307,9.964732,12.289296,9.471857,10.983062,11.1090555,10.315605,9.872565,10.430262,10.262629,10.636456,9.32192,9.856844,11.929786,10.871568,9.891668,11.444674,10.090278,10.102873,10.332459,9.123498,10.753068,9.937705,12.144192,11.333289,11.290566,11.605121,8.424416,8.036808,8.162034,7.915736,9.756775,8.168372,9.951057,9.919339,10.702453,10.68033,9.746866,10.659347,10.622916,9.561881,10.6067505,10.727396,9.596098,8.102928,10.142104,9.012315,8.438563,9.181804,8.069144,9.566304,9.506762,10.348875,10.928807,7.4159102,11.637677,11.243397,9.288099,9.199428,11.555366,11.506404,11.843235,11.525776,10.296814,10.596341,9.51631,10.256589,12.896625,13.694371,11.760263,11.306815,10.70259,10.413324,11.5752535,11.585116,12.9160795,12.909355,9.3523245,9.29131,10.547385,6.8443146,10.5499115,11.033593,11.386895,10.838394,10.944627,9.690522,10.969033,10.424964,10.729429,10.19403
2,6.430172,7.812564,0.0,3.1388001,6.6531816,4.153201,7.682478,5.111942,4.978667,7.9368258,4.350637,6.118035,6.612043,5.9235578,5.7629237,6.5040045,9.888765,9.981108,9.06417,9.196228,7.71906,7.2795005,7.1551104,8.1480665,7.1321626,8.099672,8.126223,8.082217,9.138502,8.942806,9.024994,8.916865,8.6217985,9.937836,8.421253,8.159033,7.5505466,7.2954273,6.6730494,9.090575,7.4271894,7.423618,8.789131,7.845426,7.476324,7.714774,8.554554,8.07844,7.310855,8.18073,9.02612,7.7452807,8.283873,9.539549,8.293013,8.486203,8.775558,9.037236,8.2625,9.11306,8.738571,9.276489,9.435706,9.928193,8.267856,7.856971,8.169919,6.811404,9.300229,7.9053946,8.29309,8.32052,9.949005,9.920916,9.3337555,9.958236,9.814997,8.717896,9.157325,9.357706,8.390315,6.217628,8.959997,7.8647814,8.408515,8.747503,7.067389,8.10196,9.060871,9.296155,8.537307,5.402636,8.935414,8.504655,8.657086,8.635384,10.048855,10.03314,10.124531,10.2451,9.664329,9.8121395,9.62435,9.597286,12.250453,11.939563,10.484964,9.371251,11.008472,10.84458,10.671254,10.376654,11.204247,12.270226,10.449888,9.426629,10.713967,6.668502,10.572651,9.768314,9.621825,10.6426525,10.749722,8.654369,11.403511,10.525239,10.534408,10.078534
3,5.4290495,6.5346518,3.1388001,0.0,6.592567,4.4358053,8.350313,6.100206,4.3904114,7.037926,3.6385765,5.39781,6.462141,5.4444804,5.0517483,5.925475,8.915313,8.962291,8.479062,8.6254835,7.396739,7.4170814,8.162864,8.799546,6.8783937,7.759357,7.877221,7.6231484,8.897928,8.84229,8.735562,8.772797,8.274711,9.738158,7.8090024,7.5435057,7.2290406,7.335759,6.68846,9.128349,7.2267523,7.2401133,8.369818,7.2346606,7.3880916,7.678274,7.891597,7.653251,7.796896,8.492969,9.39992,8.353342,8.2976885,10.051579,8.386198,8.571779,9.093618,8.709862,7.9488096,8.661517,8.720721,8.932252,8.999319,9.470867,7.788321,7.3648176,7.4774513,6.40329,9.000454,7.4464445,8.220612,8.310482,9.943576,9.934037,9.370353,9.949338,9.865216,8.781562,9.366972,9.498584,7.658667,6.1023173,8.564698,7.2952824,7.4868093,8.3509445,6.1249824,8.003013,8.41894,9.048173,8.201453,5.121457,9.211453,8.7285185,8.116399,8.141962,9.449107,9.427908,9.725536,9.6974125,8.936885,9.312201,8.978419,8.983771,11.051086,11.069362,9.845638,8.512059,9.965051,10.25494,9.520693,9.48968,11.610481,11.502062,9.344983,8.207886,9.870801,6.193537,9.8412485,8.982549,9.164288,10.221787,9.848608,8.44263,10.945798,9.824131,9.814244,9.241214
4,7.7762685,8.192086,6.6531816,6.592567,0.0,4.411492,7.646491,4.8828278,6.977827,6.9920683,6.4569054,6.9022574,7.263855,8.577796,6.877959,7.272495,10.983927,9.78477,10.914395,10.575967,9.693492,10.035774,9.301338,8.633782,9.171277,9.45602,9.662001,10.828571,10.4336195,10.21268,9.485401,10.20675,9.2901745,11.4903,10.102503,9.881508,9.164694,9.056408,9.8658085,11.425322,9.080257,9.600124,9.824997,9.153196,9.089528,9.237852,9.939956,9.181003,8.644529,8.7945595,10.570149,9.984148,7.8199916,9.437573,7.947258,7.8976383,8.573928,9.6300745,10.91776,9.3330145,10.802499,9.394581,9.538079,9.674239,8.350984,7.739595,8.387737,7.8193026,9.361573,7.9364643,9.410849,9.340191,10.573805,10.525803,10.239876,10.590736,10.241595,9.176268,10.078608,10.370465,9.53919,7.0969453,10.324462,9.30859,9.134203,9.328879,8.547346,8.891417,10.365272,9.501233,10.934832,9.219971,10.7268305,10.373111,10.203944,10.0721245,8.212701,8.225466,8.469004,8.442592,8.056945,8.485222,8.774241,8.438317,12.016243,12.548262,9.481683,9.357113,12.004597,9.989515,11.637657,11.093534,9.61849,12.332131,10.110099,10.130234,11.391717,6.1574993,10.608941,11.171358,11.066683,10.357325,10.775982,8.297939,11.087737,9.541735,9.918677,9.623834
5,6.0675282,7.386715,4.153201,4.4358053,4.411492,0.0,6.550208,2.926444,5.2439694,6.4250026,4.9060726,5.3193617,6.3236146,6.505549,5.9577513,6.6631355,9.851235,9.931889,9.4385805,9.461707,8.643989,8.676688,7.751685,7.9244585,7.8587394,8.487636,8.708364,8.92641,8.952969,8.717457,8.499922,8.758489,9.558768,10.768466,8.5751,8.303269,8.124404,8.152168,8.27253,10.300543,8.095795,8.323416,9.269942,8.020296,8.302498,8.527631,8.839495,8.617448,7.1923676,7.783387,8.699663,8.100084,7.857097,8.596692,7.9619627,8.003948,7.409866,8.677912,9.227266,8.470537,9.106142,8.592825,8.854295,9.208197,7.8824334,7.3656645,7.658993,6.9245615,9.164566,7.654898,8.491518,8.433202,10.374643,10.3223295,10.064272,10.378289,10.121398,9.025277,9.626589,9.925975,8.569772,5.8334475,9.059457,7.89206,8.190697,9.103825,7.5269475,7.91209,9.249307,9.004178,9.349825,6.996022,9.859445,9.433136,9.014284,8.881417,9.266827,9.267416,9.501432,9.565773,8.830334,9.199571,8.8005295,8.781444,12.202531,12.547676,9.779632,8.961042,11.3906,9.889891,11.037526,10.463345,9.895014,12.517921,9.969744,9.271216,10.90807,5.454121,10.346693,10.35612,9.76786,10.439716,10.826622,8.689337,11.056597,10.15075,10.672698,10.255192
6,9.955406,10.599207,7.682478,8.350313,7.646491,6.550208,0.0,6.0150394,8.938783,9.925858,8.749822,9.450308,9.326037,9.8176775,9.211518,9.620979,9.38764,9.207796,8.55589,8.450576,7.5508437,7.327144,4.881922,5.232401,6.515561,7.3134184,7.630527,7.9304504,8.667958,8.2950735,8.1139765,8.374848,8.311606,10.15069,7.67922,7.6543303,7.6529074,7.285523,7.48573,8.859087,6.938827,7.0320644,8.289926,6.8545923,7.2945976,7.4862676,8.108256,7.6385784,4.5309925,5.4440117,7.1367574,5.8538613,5.303162,5.9777274,5.2848988,5.3012786,6.2042975,8.537182,8.397378,8.259159,8.733219,8.1612625,8.747713,9.012192,9.680609,9.489992,9.711983,9.08134,8.451505,8.900765,7.627649,7.531369,9.640049,9.565375,8.982924,9.655111,9.289098,9.408287,8.713721,9.063424,7.9655123,6.3162613,8.32487,7.0858846,9.005578,9.722196,8.497831,6.082097,8.35463,7.4171915,8.250264,8.346855,8.336202,8.028123,8.005353,7.225715,7.679978,7.7043834,7.862297,8.033147,7.3109393,7.7326956,7.4502983,7.4312873,11.900152,12.189397,9.009967,7.706036,11.093489,8.687542,10.6891,9.758215,7.5070143,12.112079,9.967011,10.57587,10.388652,8.650104,9.588568,10.0353985,9.4338,10.129414,10.313132,7.194662,10.013883,9.76723,9.641718,9.4103775
7,8.056849,8.768067,5.111942,6.100206,4.8828278,2.926444,6.0150394,0.0,6.9496484,8.309462,6.713321,7.5815926,7.643019,7.923501,7.1744223,7.712627,10.993362,10.842239,10.548832,10.413668,9.742601,9.608971,7.8464055,8.042212,8.957038,9.567871,9.785893,9.920475,10.654602,10.362453,10.248333,10.459401,10.458872,11.8556595,9.766102,9.537412,9.336056,9.320827,9.479945,11.248735,9.367249,9.407711,10.263058,9.2500305,9.557435,9.730842,10.047163,9.716157,7.6152625,8.210282,9.370631,8.433649,7.931745,8.324626,7.9728117,7.9559073,8.625895,10.5256,10.299016,10.350548,10.77851,10.379201,10.7181225,10.977439,9.359003,9.087644,9.148118,8.573392,10.437202,9.171374,9.740419,9.634341,11.517325,11.439341,11.02401,11.512004,11.225695,10.221579,10.779638,11.042466,10.2129135,6.8357015,10.470696,9.504857,10.000784,10.748783,9.044987,8.721057,10.356836,9.664611,10.333129,8.583626,10.658034,10.34822,10.103611,10.03429,9.754041,9.768324,9.934596,10.021015,9.438888,9.767551,9.599656,9.566847,13.51011,13.800284,11.0333395,10.011699,12.789924,10.641409,12.5042305,11.621451,9.653991,13.715599,11.266264,10.581644,12.251649,6.4099016,11.523334,11.884341,11.424328,12.000283,12.1845455,9.62879,11.927739,11.643184,11.583162,11.271709
8,5.590327,6.090487,4.978667,4.3904114,6.977827,5.2439694,8.938783,6.9496484,0.0,4.6595607,2.9438121,4.0307746,5.8054795,6.768796,5.4092803,6.3582563,8.519202,9.367628,8.810808,9.2318,7.769235,8.773798,9.31715,9.2335825,7.457737,7.871797,7.757309,8.661696,9.311308,9.34744,8.857458,9.181117,8.854728,9.455237,8.202766,7.8981957,6.976691,7.0578194,7.688742,9.5658655,7.580497,8.251362,9.376626,8.028671,6.941205,7.1591682,7.8639436,7.1430697,7.665126,8.02882,9.341325,8.806033,8.637047,9.521197,9.280104,9.402079,9.180299,8.574497,9.020095,8.867263,9.932696,8.758807,8.592224,9.433474,5.9591603,6.231685,7.195567,5.6389194,8.307267,6.4844537,7.9550104,7.9611225,9.942755,9.936159,9.236534,9.962335,9.330092,8.183309,9.010084,9.172363,7.319799,5.605714,8.764364,7.3292146,6.9574633,7.7891154,5.7387943,7.5909796,7.5923243,9.20582,8.587349,4.955509,9.518352,8.699941,7.881394,7.8248343,9.60988,9.580993,9.469503,9.786028,8.97537,9.06016,8.582826,8.432187,10.315996,10.779071,9.303693,8.393207,8.250827,8.297645,8.215727,8.261856,10.104285,10.69817,7.089484,6.3770494,8.635686,5.5257773,8.188025,7.623543,8.100206,9.177376,8.071819,7.1902857,9.738197,8.589843,9.201474,9.288077
9,7.222911,7.5997806,7.9368258,7.037926,6.9920683,6.4250026,9.925858,8.309462,4.6595607,0.0,5.7691073,4.354348,5.7456245,8.162234,6.2674584,6.7238793,8.69494,9.220734,10.512513,10.497506,9.648801,10.74635,11.119405,10.367122,9.332384,9.282931,9.432952,10.47429,9.731076,9.907283,9.126189,9.792603,10.592728,10.448805,9.47128,9.247006,7.95657,8.931745,9.871908,11.234659,9.189416,10.041621,10.339731,9.299825,8.891714,8.962752,9.15145,8.593049,9.344331,9.227066,9.698209,10.5117855,9.798926,9.936093,10.371707,10.447172,9.151739,9.059193,10.38903,8.958657,10.681394,8.490384,8.534324,9.161885,5.3743057,5.9112897,7.294617,6.244055,8.29516,6.7011967,8.522744,8.5008135,9.879195,9.86584,9.596692,9.889494,9.258705,8.151628,9.149803,9.363195,7.736143,5.9635906,10.136952,7.9902506,7.2369757,8.064411,6.252474,7.787023,7.8317237,9.04028,9.30431,7.925979,10.152205,9.199732,8.298067,8.287785,9.115586,9.118622,9.007496,9.365002,8.592606,8.90748,8.248231,8.332101,9.237381,10.284672,8.442559,7.990925,8.702359,7.5242457,8.461602,8.351971,9.40114,10.462345,6.2685566,6.410343,8.921502,6.1773314,8.1434145,8.108633,8.173261,9.775261,8.023588,7.7776384,9.316392,7.718277,9.153444,9.253387
10,4.7124534,4.913488,4.350637,3.6385765,6.4569054,4.9060726,8.749822,6.713321,2.9438121,5.7691073,0.0,4.7422295,6.7922907,6.7770066,5.5111923,6.534415,8.946022,8.988236,8.401508,9.0637045,7.331682,8.017544,8.781102,9.0463705,7.063155,8.019989,7.76212,8.449634,9.542697,9.477675,8.959383,9.379597,8.360985,9.262655,7.6865253,7.3867526,6.893213,7.3091197,7.3381095,9.627959,7.0663433,7.9999313,8.787839,7.6085224,6.9690304,7.649393,8.288869,7.9436245,7.490107,8.2491,9.953127,8.928404,8.741093,10.024894,8.8178625,8.935577,8.692328,7.8817644,8.644926,8.234002,9.291033,8.726999,8.847235,9.255036,6.0505843,5.6760335,5.8947897,5.119326,7.7287974,5.8789043,7.5725236,7.623658,8.743237,8.735727,7.9107146,8.727234,8.736916,7.5050216,8.504215,8.658261,7.358346,5.3881993,8.8441725,7.3967648,6.700946,7.5428047,5.449737,7.4105287,7.9213166,8.437629,8.478738,4.716035,8.762165,8.244282,7.5047765,7.4511166,9.3682995,9.332071,9.423535,9.526373,8.714472,8.842485,8.312617,8.56685,10.72835,11.291054,9.335431,8.72648,9.426796,9.425344,9.453556,9.513732,10.933776,10.583441,8.320727,7.940946,8.455497,4.550453,8.675321,8.452031,9.1788025,9.350433,8.860152,7.2675195,9.811557,8.852312,9.034159,8.593687
11,5.1683736,7.3702345,6.118035,5.39781,6.9022574,5.3193617,9.450308,7.5815926,4.0307746,4.354348,4.7422295,0.0,5.4057546,6.316372,5.159906,5.6735206,9.319069,9.938701,9.253121,9.835518,9.232205,9.530213,10.05465,9.773599,8.227765,8.498452,9.2124815,9.230448,8.603411,8.761592,8.306489,8.740147,9.48675,9.573446,8.186199,7.8675013,7.787966,7.8448043,8.553108,10.375078,8.1542015,8.93155,9.850853,8.601144,7.935892,8.075505,8.544983,8.09999,8.42897,8.637368,8.892554,9.4531555,9.078452,9.723375,9.683787,9.797787,8.029974,8.601126,8.639056,8.034712,9.472377,8.218095,7.8181524,8.664391,7.2895737,6.8984222,8.032653,6.7893753,8.960805,7.33947,8.773588,8.806742,10.4094095,10.411093,10.0898,10.450292,9.858618,8.780467,9.527296,9.773474,8.217518,7.153469,9.403734,7.9871125,7.8695097,8.610136,7.400079,8.904071,8.916134,10.221318,9.982821,7.112026,10.412976,9.348775,9.138226,9.043168,10.09005,10.084779,10.13232,10.583889,9.437174,9.592628,9.080809,8.904215,10.174,10.744144,8.55285,8.212603,9.443516,9.3554535,9.43737,9.538931,10.818377,11.861137,8.511463,8.281533,10.1082945,7.2046685,9.616013,8.294992,8.560148,9.360292,9.148331,8.259217,11.411162,8.815696,10.223013,10.074788
12,9.198336,10.694433,6.612043,6.462141,7.263855,6.3236146,9.326037,7.643019,5.8054795,5.7456245,6.7922907,5.4057546,0.0,6.281901,6.115503,5.5413556,9.803036,10.230621,11.323832,9.106058,8.85815,8.830097,9.174871,9.048123,7.8450193,8.113512,8.897621,8.422133,8.367229,8.662745,8.3514185,8.591953,9.413063,9.241225,8.633038,8.402484,7.7431026,7.9030957,8.963992,9.794153,8.82416,8.320707,9.4662695,8.326568,8.292969,8.275922,8.928186,7.4154334,9.267062,9.413164,8.536097,9.7178335,9.586383,9.588431,9.86241,10.009071,9.236635,9.970934,9.055838,9.353487,9.077202,7.792266,8.246997,8.762539,6.837989,7.3491645,7.993924,6.888038,9.151697,7.8195186,8.678728,8.762334,10.379317,10.371153,10.4811325,10.422404,9.947352,8.955205,9.540964,9.716025,8.091823,6.764915,9.753694,8.515057,8.173641,9.042566,7.1483936,8.445707,9.173375,9.52803,8.96639,7.737521,9.8404455,8.9199505,9.189044,9.455425,8.82855,8.86327,8.4312525,9.264983,9.1605015,9.235559,9.604913,8.921769,9.297787,9.656404,8.45583,7.5025287,9.469088,9.031572,8.639755,8.314482,9.010046,10.068318,8.858181,8.097091,9.361637,7.209646,8.814204,7.9249864,8.155932,9.798969,8.554383,8.045486,11.006608,9.349879,9.013486,9.369192
13,7.4830427,9.491323,5.9235578,5.4444804,8.577796,6.505549,9.8176775,7.923501,6.768796,8.162234,6.7770066,6.316372,6.281901,0.0,6.212809,6.3900685,8.504898,8.767564,9.125142,7.4029083,8.051734,7.6454887,8.319657,8.462366,7.423718,7.554404,8.288382,6.7561173,7.4014735,7.608906,7.926009,7.809878,9.389537,7.8159814,7.903057,7.9134216,8.097225,8.096109,8.038978,8.136488,8.526448,8.227817,7.726354,8.311454,9.090248,8.748283,7.4150414,7.7299814,8.383152,8.455953,7.6648016,7.803815,8.752369,8.772166,8.719873,8.870146,8.568443,9.037619,6.9812026,8.1693535,7.7764482,8.222437,8.206705,8.374107,7.8904643,7.442724,7.548398,6.4713926,9.20713,7.7331915,8.228086,8.3419075,10.200742,10.176224,11.163363,10.252982,10.1051445,9.036026,9.683349,9.625732,8.943115,8.023335,9.857887,9.003824,7.918125,8.776646,8.15162,9.539055,9.141336,9.355363,8.568061,7.4671493,10.835675,10.340765,8.625248,10.105229,9.784208,9.766726,9.852034,10.183281,9.300618,9.169255,9.036582,8.950762,10.534555,10.449508,9.048387,8.859439,9.829976,10.205475,10.392871,9.281041,10.960825,11.227835,10.616484,8.36888,10.979755,8.051673,10.560185,9.454261,9.075747,10.648581,10.667508,9.779165,11.350779,10.904573,10.847898,9.468476
14,7.0137053,8.195791,5.7629237,5.0517483,6.877959,5.9577513,9.211518,7.1744223,5.4092803,6.2674584,5.5111923,5.159906,6.115503,6.212809,0.0,1.8588953,8.254903,8.052374,8.772868,8.753072,9.1195345,9.24923,9.535218,8.523979,8.448146,7.6206346,8.416431,9.165706,8.909225,8.996101,8.8032,9.040134,8.151148,9.1125145,7.651706,7.3410435,6.39181,7.6623993,8.865486,9.6768675,7.547343,7.7275743,8.765009,7.810281,8.949026,8.092287,8.726072,7.8975954,9.180295,8.517693,8.997167,8.715797,8.342338,9.620028,8.404002,8.554019,9.879863,10.244084,8.046373,9.0628,10.152482,9.142078,9.260271,9.141861,8.330142,7.942835,8.23646,7.4206343,9.490202,8.139632,9.007464,9.064903,10.591058,10.5751295,9.86447,10.590528,10.564295,9.553047,10.220481,10.351139,8.972374,6.6014853,11.19026,9.215167,9.343003,9.977281,6.9258957,8.497131,9.335616,9.143277,9.402432,7.6811748,9.777172,9.3186035,8.990891,9.050607,8.593586,8.592033,8.691938,8.992459,7.9114366,8.072747,8.063589,8.366308,9.952989,10.168952,8.326483,7.2968855,9.831396,9.777462,9.53641,9.501148,10.597272,11.138806,8.674006,7.909617,10.297249,6.8430157,9.569314,8.357139,9.131057,11.744427,9.4064665,8.733473,10.771237,8.660101,9.968995,9.676991
15,8.326555,9.492506,6.5040045,5.925475,7.272495,6.6631355,9.620979,7.712627,6.3582563,6.7238793,6.534415,5.6735206,5.5413556,6.3900685,1.8588953,0.0,8.670974,8.428798,9.81938,8.980908,9.473055,9.450579,9.760911,8.752113,8.688937,7.878407,8.806232,9.243902,8.957219,9.168265,9.030069,9.254571,8.552592,9.071559,7.8101177,7.508078,6.858489,8.005036,9.357895,9.948819,8.153429,8.033943,8.954489,8.096006,9.312804,8.484162,9.137728,8.140884,9.80748,9.178878,9.038236,9.331525,8.953475,9.906739,8.967465,9.117776,10.17573,10.806562,8.032348,9.569919,10.28202,9.284524,9.437656,9.2803335,8.718336,8.353699,8.624137,7.855129,9.807319,8.538211,9.339267,9.405,10.869836,10.854241,10.279464,10.873668,10.84376,9.870021,10.509232,10.634765,9.301898,7.064687,11.614135,9.74197,9.770284,10.378535,7.3478847,8.840798,9.857752,9.436147,9.716329,8.407316,10.320352,9.729094,9.509805,9.615828,8.541495,8.555769,8.610601,8.970066,8.178866,8.340838,8.557809,8.6127,9.843894,10.03559,8.367615,7.327122,10.1935,10.049037,9.779167,9.72964,10.508725,11.127977,9.227199,8.566186,10.598065,7.3757105,9.893061,8.4376135,9.554553,12.065783,9.672983,9.035209,11.43232,8.78958,9.985123,9.704592
16,10.330507,10.153651,9.888765,8.915313,10.983927,9.851235,9.38764,10.993362,8.519202,8.69494,8.946022,9.319069,9.803036,8.504898,8.254903,8.670974,0.0,4.359931,7.9145527,6.0818624,6.3524175,8.420198,9.249087,8.017841,7.091791,5.803497,5.408992,6.893818,7.230869,7.3255496,7.141304,7.412331,8.826952,7.693906,6.9076085,7.1792655,5.436326,7.0555177,8.253513,6.844605,7.4703493,7.630612,6.4562755,6.9898214,8.023406,7.0475664,5.253817,6.2676435,7.510305,6.5378976,8.048096,7.114257,7.6257176,8.215813,8.152686,8.33388,9.111642,7.824625,7.3452325,7.605692,8.732246,7.765899,7.0083694,7.334402,7.5038567,7.095822,7.7496824,6.6093984,6.0975103,6.4337335,5.4390244,5.473082,8.019367,7.997694,8.5183,8.059663,7.3608007,7.44879,7.161132,7.007357,6.061656,6.422827,9.674409,7.2436333,6.532006,8.026325,5.912312,6.031526,4.861342,6.138448,5.6832047,7.974538,9.239184,8.681651,5.087164,6.359286,6.7401757,6.6723065,7.1031537,6.689694,5.61484,5.715436,4.657178,5.0255237,8.698732,9.451962,7.3569865,6.782745,6.428191,6.4744005,7.0208344,5.831009,9.188981,8.772141,6.4715676,5.8580127,8.364209,8.892193,7.133978,6.48972,7.166083,10.633569,7.6867185,7.730905,7.629896,7.187936,9.3559065,7.481397
17,10.124811,9.728457,9.981108,8.962291,9.78477,9.931889,9.207796,10.842239,9.367628,9.220734,8.988236,9.938701,10.230621,8.767564,8.052374,8.428798,4.359931,0.0,7.5269923,6.3501806,6.549682,8.030053,8.912421,7.385186,7.4176865,6.264415,5.9411416,7.880628,7.9595942,8.066287,7.548894,8.13995,7.307657,7.09968,7.1812115,7.4759808,6.1593904,7.5980377,8.472361,7.26424,7.0036755,7.605002,5.614989,6.9930143,8.606709,7.705584,6.4245396,6.7349157,8.0508795,7.0322204,8.525362,7.726417,6.8284655,8.257091,6.5523148,6.673258,8.995933,7.8365273,7.300787,7.1932063,8.9077425,7.7141,7.84393,7.231813,7.7363257,7.266803,7.51269,7.014187,6.129537,6.666302,6.043059,6.124154,7.3111286,7.281397,7.795008,7.319636,7.4435096,7.551514,7.478498,7.3275948,6.8820457,6.8697844,10.081903,7.8381824,7.1148033,7.635678,6.4178925,6.4639907,6.407552,5.201779,6.6556473,8.745655,9.093395,8.989324,5.556624,6.8372893,5.402099,5.344069,5.8341727,5.250607,4.000411,4.174999,3.7851794,4.992408,8.10973,8.692822,6.620954,6.656958,7.3599854,7.0192957,8.2028,7.088234,9.083277,7.9648385,7.1962852,7.1031394,8.329166,8.814233,7.435405,7.63997,8.200556,10.356056,7.9072328,7.2452826,6.8501806,6.6012588,7.5747037,5.279924
18,7.849821,8.706335,9.06417,8.479062,10.914395,9.4385805,8.55589,10.548832,8.810808,10.512513,8.401508,9.253121,11.323832,9.125142,8.772868,9.81938,7.9145527,7.5269923,0.0,6.769273,7.646094,7.7942224,8.28083,7.1769605,7.3302016,6.2194,6.7862077,8.119089,7.993113,7.9374256,7.6986685,7.878537,6.7211666,7.345978,5.5199046,5.612855,7.2797184,6.7843237,6.99502,7.3057137,4.8079863,6.449844,7.2997694,6.3644433,8.364937,7.21123,6.8833046,7.3218975,6.917425,5.873078,7.316997,5.636782,6.545098,8.022706,6.129139,6.265476,8.401854,7.9966507,5.8796425,6.3727336,9.012996,8.043243,8.691812,8.035239,10.233163,10.013439,9.857978,9.477389,9.135875,9.46829,8.61906,8.749924,9.714952,9.718135,9.24311,9.74529,10.040752,10.167729,9.648863,9.757529,8.119912,8.66981,8.292402,7.643171,8.702012,9.299461,8.685631,8.463938,8.884577,8.670048,9.087358,7.2853413,9.248451,9.395614,7.999582,7.8425546,10.008688,9.968589,10.142049,10.334342,8.377049,8.424786,7.2394934,8.195146,10.274914,10.482683,8.665887,7.8643494,8.115533,8.923633,9.226469,8.981355,10.9717045,10.651033,8.966191,9.235851,9.094029,10.009468,8.508754,8.040656,7.871338,9.2019615,8.814344,8.466264,9.115808,9.237207,9.804787,9.206808
19,10.686073,11.4758835,9.196228,8.6254835,10.575967,9.461707,8.450576,10.413668,9.2318,10.497506,9.0637045,9.835518,9.106058,7.4029083,8.753072,8.980908,6.0818624,6.3501806,6.769273,0.0,5.3666496,5.814375,6.728485,5.217387,5.01079,2.9629114,4.2783837,4.553901,5.4004974,5.3618627,5.303377,5.4736915,6.2562275,5.2398663,4.537174,4.983429,5.4427238,5.3759956,6.974732,4.0405226,5.4702697,4.6862454,3.9942725,4.445256,7.502013,6.186446,4.7706895,5.04274,6.7631636,5.5923166,6.889047,5.143348,6.5403037,7.283845,6.024421,6.226571,8.293065,7.8118033,5.5878353,6.0031357,6.5756555,5.8168154,6.298757,5.307159,8.542946,8.206842,7.673525,7.44876,7.0215693,7.4947944,6.238611,6.489391,7.9050007,7.9047413,8.959577,7.991816,8.147231,8.30405,7.8287706,7.721623,6.650609,7.577157,8.403527,7.802865,7.0541916,8.57027,7.4619393,7.320935,7.7656918,6.461826,6.7069926,7.6788297,8.25091,8.436689,6.7656937,7.9228344,6.592442,6.5481405,6.647813,6.961498,6.0715294,5.823114,5.8698635,5.558144,8.48203,9.081971,6.5515676,6.151531,7.511799,7.992179,7.7758265,6.4839005,8.782011,7.349325,8.97419,8.253365,7.7634425,8.901891,6.9153852,6.6779504,7.1556344,8.966307,7.6069355,7.574626,8.256391,8.931488,8.961074,7.3342495
20,9.590167,9.718745,7.71906,7.396739,9.693492,8.643989,7.5508437,9.742601,7.769235,9.648801,7.331682,9.232205,8.85815,8.051734,9.1195345,9.473055,6.3524175,6.549682,7.646094,5.3666496,0.0,3.6945312,5.514448,6.416725,2.8553271,4.697871,3.0613208,4.096587,6.399172,6.35379,6.0443606,6.218317,6.104478,6.5432754,5.91122,6.1063776,5.5182633,4.949522,4.832292,5.0547743,5.2389927,5.069186,5.0879917,4.944105,4.309354,4.9825077,4.954076,4.619088,5.3542027,6.405738,8.045927,6.521951,7.034851,8.5144825,6.9893556,7.190583,7.3783846,5.1914053,6.360039,6.3627377,5.692418,6.084012,6.177712,6.696867,6.760674,6.3176146,6.6120677,5.3665524,4.779614,5.328964,3.5050104,3.6822984,6.433402,6.4326086,6.8040233,6.4768434,6.230783,6.4673448,5.7243547,5.7203965,4.041487,5.7551265,6.248421,4.963577,4.6047764,5.648811,5.156546,5.034836,5.4221535,5.6844506,4.566582,4.865385,7.6536617,7.275808,4.5821714,5.204111,6.905716,6.838874,6.930462,6.7156625,6.6687703,6.592505,6.5242853,6.1780696,9.571697,9.692471,7.9689755,7.473374,7.1530023,7.760769,7.3260784,6.6649556,9.279282,7.8535748,8.075077,7.8746133,6.636962,8.091556,6.8362384,6.603645,7.0937905,7.5332294,7.38084,5.3647714,7.9106503,7.509873,6.9546566,5.368809
21,10.031992,11.027745,7.2795005,7.4170814,10.035774,8.676688,7.327144,9.608971,8.773798,10.74635,8.017544,9.530213,8.830097,7.6454887,9.24923,9.450579,8.420198,8.030053,7.7942224,5.814375,3.6945312,0.0,3.6618187,5.8664627,2.656878,5.1351004,5.2441373,3.9517002,6.3689156,6.326727,6.4772134,6.3252873,6.1138334,6.1151724,5.943782,6.1162124,6.069113,5.08295,3.5777178,4.6968966,4.9284506,4.5041456,4.8061447,4.759124,4.9783645,5.59832,5.835811,5.4668155,5.8243523,7.10204,7.6146097,6.332179,7.688691,8.727179,7.097111,7.330348,7.3409595,6.802938,5.477367,6.6983967,4.802789,6.329798,7.1210732,7.2052336,8.460761,8.095813,8.120279,7.0973735,6.850633,7.392648,5.5401134,5.779699,7.625569,7.6300225,7.9492536,7.6762185,8.044347,8.238939,7.425804,7.4641705,6.02265,6.97567,7.358347,6.4139934,6.802534,6.8847833,6.8510075,6.5368614,7.359002,6.659262,5.5612183,5.9139676,7.410503,7.2519803,6.12066,6.5300617,8.005969,7.9765563,8.037328,8.258004,7.9479523,7.924479,7.891213,7.805473,9.639672,9.070145,7.9929,7.346686,9.062105,9.667308,8.831613,8.247251,10.18735,9.0744705,10.067126,9.67189,8.212882,9.323647,8.796396,7.8033905,8.03958,8.498978,8.924845,6.4714355,9.263092,8.961076,8.015416,6.5902996
22,10.564346,11.597993,7.1551104,8.162864,9.301338,7.751685,4.881922,7.8464055,9.31715,11.119405,8.781102,10.05465,9.174871,8.319657,9.535218,9.760911,9.249087,8.912421,8.28083,6.728485,5.514448,3.6618187,0.0,4.104353,4.446903,5.9421144,6.1514325,5.577406,7.028211,6.7382145,7.0466914,6.8649282,7.2918797,7.702145,6.8117495,6.9301972,6.983091,5.990937,5.268343,6.0604305,5.843786,5.3835764,6.025168,5.687432,6.3554306,6.532408,6.920687,6.5546827,4.924427,6.147746,6.660246,5.104364,6.7737927,7.023137,6.0555882,6.1960897,6.5787935,7.8130336,6.565427,7.515231,6.140471,7.10598,8.071037,8.013233,9.386147,9.083335,9.096214,8.211216,7.924473,8.452697,6.4861817,6.5317407,8.796895,8.74627,8.947672,8.831732,8.998446,9.149657,8.2926855,8.468415,7.5120974,6.9007273,8.106465,7.285307,8.3136015,8.444481,8.177608,6.542084,8.353684,6.8520565,6.7448406,7.2103205,8.02408,8.025293,7.2807345,7.409548,8.146224,8.139851,8.15375,8.406027,8.067836,8.071636,8.022029,8.00164,11.30466,10.825741,8.753118,7.977201,10.634842,9.723548,10.434667,9.374073,8.808149,10.761742,10.922568,10.586539,9.838385,9.284627,9.749498,9.446605,8.967118,9.690585,10.338658,7.269684,9.738279,9.937722,9.289298,8.279584
23,10.724975,11.5017605,8.1480665,8.799546,8.633782,7.9244585,5.232401,8.042212,9.2335825,10.367122,9.0463705,9.773599,9.048123,8.462366,8.523979,8.752113,8.017841,7.385186,7.1769605,5.217387,6.416725,5.8664627,4.104353,0.0,5.6340637,4.225059,5.19172,6.850947,6.298383,5.971028,5.9129777,6.1310554,6.4083376,6.7367043,5.8918176,6.0623536,6.011869,5.0685425,6.6007943,5.4353046,4.9679403,4.9380445,4.8802586,4.802745,7.2155404,5.8003125,6.068839,5.6734114,5.447525,4.1845517,5.7677827,3.8637552,5.114449,5.267394,4.256964,4.340039,6.9093914,8.23925,6.431793,6.630782,7.448051,6.3249784,7.2861967,6.3819356,9.262623,8.94373,9.015859,8.348904,7.734075,8.285545,6.812833,6.849389,8.704453,8.656013,8.992749,8.769336,8.835776,8.97803,8.328696,8.505455,7.597976,6.7542105,8.724512,7.981298,8.492418,8.688363,8.189953,6.5196295,8.625963,6.27867,7.6903596,8.164285,8.215786,8.4623,7.6966643,7.9084597,6.4896235,6.482624,6.512073,6.8323545,6.044811,6.01722,5.985397,5.8774505,10.039321,9.949214,6.985279,6.4984045,9.558762,8.045764,9.520033,8.242782,6.8657284,9.494766,9.617219,9.579795,9.385562,8.661197,8.299323,8.355547,8.178815,9.367227,9.001927,6.8735313,8.332527,8.486694,9.098107,8.041596
24,9.2573,10.103426,7.1321626,6.8783937,9.171277,7.8587394,6.515561,8.957038,7.457737,9.332384,7.063155,8.227765,7.8450193,7.423718,8.448146,8.688937,7.091791,7.4176865,7.3302016,5.01079,2.8553271,2.656878,4.446903,5.6340637,0.0,3.9406886,4.2481637,3.1298563,5.821754,5.767641,5.553873,5.7440186,5.6814885,5.9655733,4.841528,4.9885244,4.8341603,3.9048696,3.8875415,4.735871,4.403339,4.1592226,4.845428,3.9150426,3.3890884,4.3173313,4.6047087,4.087899,4.4985,5.793836,7.237934,5.891727,6.6016645,7.797842,6.567509,6.7799444,6.48209,5.9554706,5.4722977,5.9179454,5.1536713,5.485988,5.6593347,6.2581363,7.281183,6.8778505,7.151855,6.0469275,5.4974337,5.99418,4.435314,4.6598005,7.0907526,7.0965695,7.261911,7.161159,6.9638247,7.165257,6.452466,6.5301948,4.6594477,5.8671327,6.551343,5.3606052,5.5663085,6.4958706,5.801814,5.437736,5.9875264,6.1739197,5.2611275,5.3153157,7.01967,6.447125,5.26043,5.4905114,6.7902226,6.7542562,6.843486,7.1477537,6.6587734,6.6571946,6.5786395,6.088811,8.752626,8.913733,6.7847767,6.0892334,7.7418833,8.075171,7.443053,6.893579,8.973227,8.46765,8.444867,8.441014,7.069711,8.214446,7.289972,6.355829,7.098753,7.4285793,7.3770976,4.9549546,8.641954,7.8206954,7.423286,6.175393
25,9.9236965,10.737044,8.099672,7.759357,9.45602,8.487636,7.3134184,9.567871,7.871797,9.282931,8.019989,8.498452,8.113512,7.554404,7.6206346,7.878407,5.803497,6.264415,6.2194,2.9629114,4.697871,5.1351004,5.9421144,4.225059,3.9406886,0.0,3.008529,4.974393,4.6576366,4.586336,4.3081527,4.555397,5.0264344,5.119997,4.061138,4.2800474,3.8119316,2.6639545,5.3121657,3.3650105,3.515094,3.1482341,3.6748278,2.8618264,5.410388,3.4380312,3.597572,2.9930694,5.7966914,4.5500207,6.338412,4.631236,5.725921,6.9762616,5.706183,5.941823,7.6063967,7.1754866,5.152379,5.5178704,6.471437,5.0539875,5.2227945,4.784382,8.090797,7.7264524,8.03188,7.009358,6.458438,6.9259915,5.602823,5.8037186,7.8856535,7.898294,8.19965,7.9855986,7.747601,7.928737,7.2721176,7.3420005,5.3813925,6.3736453,7.5502377,6.590085,6.651843,7.446444,6.368434,6.0952992,6.975405,6.3717747,6.3871226,6.5365977,7.5620747,7.4222817,6.411984,6.697669,6.071959,6.028633,6.1357365,6.4702377,5.522324,5.4865026,5.3740106,4.7036552,7.8669434,8.044134,5.6526794,4.852064,6.705589,7.1202726,6.4133763,5.6986713,8.141618,7.563377,7.601427,7.5317116,7.3245664,8.449574,6.287799,5.0835004,6.026886,7.9418483,6.392938,5.7770233,7.8039255,6.8779955,8.139552,6.9707174
26,9.952169,10.037751,8.126223,7.877221,9.662001,8.708364,7.630527,9.785893,7.757309,9.432952,7.76212,9.2124815,8.897621,8.288382,8.416431,8.806232,5.408992,5.9411416,6.7862077,4.2783837,3.0613208,5.2441373,6.1514325,5.19172,4.2481637,3.008529,0.0,5.365275,5.553998,5.449553,5.085509,5.270537,5.654445,6.2180514,5.192701,5.362108,4.6573877,3.8564389,5.558529,4.3368406,4.3385916,4.1385355,4.480888,3.9560938,5.268882,3.9974618,4.344351,3.8751822,5.9287353,5.3495097,7.324607,5.4958787,6.3946486,7.8686185,6.3854275,6.585981,7.942347,6.109266,6.1724567,6.0724816,6.6389427,5.709346,5.847833,5.7159066,7.417197,6.9925675,7.326891,6.1585736,5.627927,6.08289,4.5224447,4.6369686,7.241278,7.2422547,7.464028,7.3022075,7.011025,7.201448,6.4771695,6.551784,4.4583726,5.728682,6.7955494,5.7290397,5.5854173,6.5122333,5.4227877,5.152464,6.2853203,5.815925,5.592059,5.452788,7.978599,7.8797865,5.654841,5.90314,6.4631543,6.389335,6.496286,6.2280183,5.93352,5.8759074,5.6732025,5.1956825,9.294944,9.428548,7.4246864,6.7643113,6.4919505,6.9426365,6.565022,5.918125,8.48101,7.357618,7.315666,7.216297,6.747143,7.9292297,5.9214325,5.6098304,6.2643185,7.856286,6.6547656,5.7405276,7.261075,6.5487576,7.593084,6.3312817
27,10.185459,11.291884,8.082217,7.6231484,10.828571,8.92641,7.9304504,9.920475,8.661696,10.47429,8.449634,9.230448,8.422133,6.7561173,9.165706,9.243902,6.893818,7.880628,8.119089,4.553901,4.096587,3.9517002,5.577406,6.850947,3.1298563,4.974393,5.365275,0.0,5.9325366,6.0554037,6.396321,6.184009,7.3619313,6.3061004,5.2922835,5.590514,6.194441,5.9863973,5.7347217,5.169602,6.465911,5.3921437,5.716933,5.5220513,6.084231,6.4991736,5.363072,5.50772,5.8953824,6.9184213,7.099819,6.1766553,7.648716,8.187142,7.5613966,7.789469,7.513718,7.1804004,5.2070336,7.025294,5.2005076,6.5821214,6.6329575,7.146602,8.23785,7.8990607,7.643731,6.8617997,6.8262525,7.175992,5.4410706,5.675207,8.089672,8.081967,8.856567,8.148933,7.989843,8.125847,7.453775,7.36046,6.109171,7.28199,7.5657616,6.6241994,6.483289,8.178027,7.0307794,6.937984,6.7263236,7.131845,5.3824854,6.4326878,8.394236,7.8423185,5.956323,7.0536313,7.959771,7.9293447,8.009384,8.300231,7.828373,7.68587,7.670254,7.2732363,9.597561,9.830158,8.042164,7.218787,8.263964,9.025667,8.36247,7.380988,9.893683,9.211663,9.757462,8.896095,8.282362,9.308147,8.408683,7.3550806,7.7385607,9.14379,8.790216,7.497968,10.000937,9.811904,8.940106,7.469078
28,10.263922,12.171576,9.138502,8.897928,10.4336195,8.952969,8.667958,10.654602,9.311308,9.731076,9.542697,8.603411,8.367229,7.4014735,8.909225,8.957219,7.230869,7.9595942,7.993113,5.4004974,6.399172,6.3689156,7.028211,6.298383,5.821754,4.6576366,5.553998,5.9325366,0.0,1.1199454,2.0093265,1.2808237,7.417343,6.8218617,6.085445,6.247931,6.418783,5.675721,6.8681626,5.5419044,5.958707,5.2383738,5.9014835,5.4641867,7.215645,5.946984,5.708969,5.485254,7.5336084,6.8911333,5.8219657,6.305699,7.7557735,8.384904,7.7325063,7.937129,6.513959,6.309545,5.9916453,4.5168333,4.195595,3.4793713,3.7436981,3.4724545,8.996965,8.274461,8.918796,7.778709,7.587676,7.984403,6.295322,6.447785,8.944539,8.957906,10.034535,9.041416,8.743831,8.915375,7.973355,8.180757,6.1874394,8.036415,7.536237,6.5573153,7.0945516,7.946641,7.9906087,7.7631826,8.404472,8.160314,7.476095,7.828972,9.423395,9.082655,7.9289603,8.266669,8.166437,8.145379,8.248906,8.494341,7.8330517,7.806379,7.675298,7.182708,9.465845,9.258607,6.820617,6.859007,8.278454,8.873206,8.075715,7.43247,9.69252,9.409495,9.45779,8.98346,9.314835,10.265508,8.478575,6.9619155,5.620867,8.367158,8.571284,8.161179,9.858234,7.9890094,9.70032,8.63563
29,10.220859,12.112194,8.942806,8.84229,10.21268,8.717457,8.2950735,10.362453,9.34744,9.907283,9.477675,8.761592,8.662745,7.608906,8.996101,9.168265,7.3255496,8.066287,7.9374256,5.3618627,6.35379,6.326727,6.7382145,5.971028,5.767641,4.586336,5.449553,6.0554037,1.1199454,0.0,1.6971219,0.74482006,7.364391,7.2685328,6.289147,6.449928,6.2487736,5.5224996,6.756043,5.4276814,5.8182855,5.09189,5.7785397,5.3511696,7.0902696,5.7924128,5.6700926,5.6058497,7.176347,6.511956,6.1809835,5.924753,7.447671,8.309378,7.4242806,7.634134,6.347162,6.168695,6.4147596,4.346711,4.104535,3.6386065,3.6481965,3.4104817,9.110451,8.239591,8.891446,7.7465262,7.467901,7.8952723,6.1319146,6.269519,8.783705,8.793225,9.869389,8.884969,8.562858,8.74117,7.759858,7.9905214,6.2443976,7.913407,7.5716085,6.5718536,7.1702085,8.026398,8.058998,7.661915,8.406585,8.04348,7.478928,7.869446,9.072716,8.846111,7.935362,8.216667,8.01726,7.990049,8.173962,8.343377,7.673877,7.659212,7.532052,7.0260124,9.922841,9.745577,6.9300594,7.034988,8.7608,9.120174,8.426533,7.7325244,9.747953,9.707082,9.6824045,9.227238,9.55387,10.146518,8.673887,7.381555,5.9449115,8.5258045,8.850954,8.164527,9.810809,8.198949,10.077752,8.905581
30,9.79088,11.462248,9.024994,8.735562,9.485401,8.499922,8.1139765,10.248333,8.857458,9.126189,8.959383,8.306489,8.3514185,7.926009,8.8032,9.030069,7.141304,7.548894,7.6986685,5.303377,6.0443606,6.4772134,7.0466914,5.9129777,5.553873,4.3081527,5.085509,6.396321,2.0093265,1.6971219,0.0,1.5307862,6.707517,7.0303793,6.0836544,6.2262006,5.8888593,5.153859,6.809195,5.6688194,5.3435335,5.0838666,5.6477604,5.01326,6.542131,5.322181,5.472414,5.092211,6.9182177,6.158685,6.530891,6.2941766,6.983086,8.130302,7.022154,7.200852,5.9531813,5.402682,6.7661495,3.4048786,4.532058,2.5008447,2.6163063,2.1689801,8.279288,7.4374604,8.213777,7.1781554,6.5998964,7.079166,5.675583,5.8190093,8.0852375,8.102982,9.137636,8.192365,7.813288,8.022818,7.1474953,7.4145265,5.5018992,7.4376445,7.07496,6.0368752,6.3771095,7.269953,7.4991026,7.150747,7.9534535,7.545241,7.4953675,7.6610804,8.656678,8.413581,7.5298495,7.687807,7.1932516,7.1635623,7.299905,7.515918,6.8219876,6.82291,6.7565536,6.14903,9.130767,9.293174,6.0098014,6.4372673,8.018938,8.210882,7.6997676,7.1094556,9.073757,8.785668,8.686561,8.677013,8.568871,9.50159,7.596201,6.707575,5.4409733,7.358541,7.713812,7.1120567,8.928193,7.121175,9.068636,8.029871
31,10.15417,12.011735,8.916865,8.772797,10.20675,8.758489,8.374848,10.459401,9.181117,9.792603,9.379597,8.740147,8.591953,7.809878,9.040134,9.254571,7.412331,8.13995,7.878537,5.4736915,6.218317,6.3252873,6.8649282,6.1310554,5.7440186,4.555397,5.270537,6.184009,1.2808237,0.74482006,1.5307862,0.0,7.141114,7.37636,6.371351,6.5009637,6.2243247,5.375386,6.6349926,5.4519324,5.6391697,4.884779,5.940765,5.2431307,6.8958306,5.5528545,5.703441,5.3787384,7.2824597,6.631701,6.3362427,6.092738,7.491715,8.532234,7.5049267,7.7218213,6.574949,6.0447774,6.5995374,4.3663697,4.1896954,3.427983,3.610213,3.4469564,8.999203,8.233671,8.926519,7.7337255,7.4827476,7.9063883,6.162563,6.3077493,8.808742,8.825129,9.791393,8.908846,8.563983,8.755122,7.7377553,7.989239,5.9362116,7.850233,7.1950784,6.2384024,7.0010843,7.840462,7.875695,7.5696983,8.346313,8.123528,7.427657,7.590626,8.953131,8.741995,7.9183807,8.061028,8.088246,8.060466,8.181602,8.365642,7.758681,7.7632074,7.6655846,7.1266956,9.826852,9.61456,7.0415053,7.0088277,8.437075,8.978152,8.000294,7.452434,9.769092,9.4618,9.384736,9.001675,9.230698,10.122241,8.346663,7.0789824,5.462694,8.165502,8.477303,7.972286,9.619469,7.9814534,9.789803,8.825363
32,9.6986065,10.651455,8.6217985,8.274711,9.2901745,9.558768,8.311606,10.458872,8.854728,10.592728,8.360985,9.48675,9.413063,9.389537,8.151148,8.552592,8.826952,7.307657,6.7211666,6.2562275,6.104478,6.1138334,7.2918797,6.4083376,5.6814885,5.0264344,5.654445,7.3619313,7.417343,7.364391,6.707517,7.141114,0.0,6.8149714,6.0927625,6.07423,5.982634,5.2681136,6.8357863,6.5586796,4.197484,4.304008,6.5433097,5.354885,6.377981,5.4220715,7.3489375,5.211215,7.621432,7.1289506,8.844488,7.394487,6.0867777,9.263809,5.593258,5.8018637,8.937619,8.089837,6.9389215,6.84775,8.039817,6.903023,7.596887,7.047288,9.502281,9.17049,9.256878,8.676427,7.9836755,8.469101,7.6343656,7.8302913,8.813298,8.844595,8.153092,8.861252,9.053742,9.275212,8.701784,8.844258,7.2440033,8.222489,8.44402,7.6076803,8.624365,8.839142,7.853213,7.939844,9.145821,8.268749,8.710184,7.522402,7.9764466,8.094142,8.259099,7.867058,7.1986923,7.1744065,6.9471445,7.4704247,6.716415,6.500015,7.4549155,7.2684608,9.084242,9.068903,7.0880675,6.6169343,8.17781,9.286045,8.050629,8.276898,10.050746,8.505998,8.858238,9.547428,7.881393,9.77511,7.5278587,6.9622593,7.6976113,8.236795,7.102152,6.0653644,9.263907,7.625711,6.8542514,7.100974
