,0,1,2,3,4,5,6,7,8,9,10,11,12,13,14,15,16,17,18,19,20,21,22,23,24,25,26,27,28,29,30,31,32,33,34,35,36,37,38,39,40,41,42,43,44,45,46,47,48,49,50,51,52,53,54,55,56,57,58,59,60,61,62,63,64,65,66,67,68,69,70,71,72,73,74,75,76,77,78,79,80,81,82,83,84,85,86,87,88,89,90,91,92,93,94,95,96,97,98,99,100,101,102,103,104,105,106,107,108,109,110,111,112,113,114,115,116,117,118,119,120,121,122,123,124,125,126,127
0,0.0,2.6158426,2.2315843,2.4858768,3.8389068,4.147849,6.1308208,4.0720696,3.7850764,5.903451,5.966503,3.4320755,3.6466093,4.508298,4.1201973,3.8812344,7.0166125,6.0131755,6.22213,5.590435,6.6886578,6.722525,5.5730543,5.813601,5.8044105,5.6474605,4.0435615,5.6385245,4.092111,4.0631146,5.166917,4.4934344,6.5184937,5.593648,4.688412,4.874611,6.670458,6.513855,5.8111024,5.59445,5.8180113,6.4213347,6.6345544,5.706272,6.710933,7.7937193,7.176595,8.334582,4.3560944,4.3140655,4.683294,4.2170177,3.842499,5.4558825,4.8758736,5.769921,5.0121827,5.726137,3.8485413,3.709215,7.0600452,6.2106004,4.569017,3.6552258,5.256852,4.9901133,5.291383,5.374926,7.8567595,4.9420776,6.2897,6.4040675,6.7515244,6.8235435,6.027661,4.1848125,6.358874,6.3920436,6.6281,6.873862,5.364834,5.0617023,6.1078467,5.1282606,5.2888837,6.0526996,5.037512,5.037512,4.9485884,4.9992995,5.149979,4.6367483,5.1580763,5.1527367,6.50364,6.4341784,5.686717,6.3289013,6.5281386,6.284262,5.8608103,6.170096,4.6156387,4.974072,4.780544,5.4511504,4.4823446,4.484402,7.006323,6.334656,7.223498,6.8222766,5.907693,6.743757,5.534445,5.460015,6.596729,5.951872,5.468656,6.654913,5.2311807,6.0233297,4.437811,3.5261333,4.678602,4.877666,5.2722473,3.845671
1,2.6158426,0.0,2.77604,2.9207234,3.5863938,4.8001294,6.4269876,4.3107986,4.209646,5.8844867,6.2320037,4.3276,3.6542568,3.8009877,4.0751576,3.9122412,6.871394,5.7485013,6.0150495,5.2169676,5.6032367,5.6165214,4.772737,5.1580634,5.467269,5.157077,4.430135,5.9582467,4.2973566,4.8355246,5.031504,5.2640204,5.482001,5.371487,4.634348,4.3615813,6.260783,5.949094,5.0132003,4.642345,4.951257,5.39289,5.691171,5.2709346,7.3504853,7.0697517,7.1583266,8.254785,3.9359055,4.055191,4.4766297,4.023158,3.0068102,5.016263,4.2480597,4.9020452,4.3279533,4.8422084,2.2438636,2.144897,6.7397103,5.7671866,4.0023084,2.8453424,4.486591,3.7672088,4.970852,5.06321,6.6837316,5.148201,5.603801,5.5671067,6.049717,6.057928,5.2711787,3.7528028,6.080435,5.0251365,5.643078,6.1707315,4.787349,4.603164,5.4608784,4.4161286,4.6598625,5.6971574,4.5672727,4.5672727,4.045085,4.0819607,4.3617144,4.8996463,4.260067,4.222816,5.754766,5.696238,5.3368173,6.1745586,6.266179,5.883532,5.417325,5.9087343,4.1252937,4.3154583,4.528292,4.975449,3.8900907,4.0445886,6.9359875,6.12004,6.6697927,6.2648396,6.446352,6.822266,4.824917,4.775709,5.8696375,5.1639967,4.953956,6.3404045,4.4985924,4.6645784,3.604977,4.060798,4.8587747,4.7889585,4.624397,4.410039
2,2.2315843,2.77604,0.0,2.6209018,4.831123,5.137938,6.9899263,4.980259,4.3131804,5.951789,6.1845074,4.1221194,3.8841977,4.894033,4.9548993,4.5932436,7.063952,5.9683857,6.5794973,5.9226794,6.432258,6.4334717,5.211338,5.499983,5.972369,5.7021213,4.229681,6.458567,5.0709825,5.0875044,5.818209,5.7982793,5.9004707,5.2301984,4.7291036,5.00368,7.31972,7.1190734,5.514525,5.069728,5.7068877,6.219905,6.4705305,5.342491,7.523457,7.85881,7.887691,9.03703,4.2637677,3.7718496,5.0651565,4.7918825,4.551475,6.043609,4.8177137,5.9243298,5.6447916,5.9640384,4.174989,3.9530232,7.5202284,6.737786,4.798788,3.645993,5.540586,5.0742116,5.0934105,5.162828,7.8343143,4.8687787,6.2384624,6.3599033,6.889772,6.9535885,6.0362334,3.967237,6.8570814,6.7465854,6.5097103,7.038434,5.4516234,5.065272,6.0762496,5.2776747,5.5504475,6.1710196,5.0771136,5.0771136,4.973395,5.0240345,5.0661917,4.724854,5.1221137,5.075563,6.507145,6.525376,6.2451553,6.939789,6.8956084,6.607619,6.6519184,7.095695,4.999981,5.2725725,4.796238,5.125807,4.8242717,4.9965253,7.247394,6.71656,6.8603215,6.472003,6.1612983,6.796228,5.626876,5.618319,7.182461,5.9747047,5.7890906,6.912691,4.970766,5.8088675,4.7802234,4.572278,5.207151,5.3863344,5.3998404,5.0829
3,2.4858768,2.9207234,2.6209018,0.0,3.8135087,4.2785816,6.355442,4.20589,3.8853636,5.662128,5.9417977,3.4386573,4.306426,4.332706,4.2705817,4.7348866,6.8300905,5.6394353,6.1070814,5.4207177,6.491526,6.504409,5.3730993,5.2556295,5.541485,5.3408937,3.830406,5.984562,4.0507383,4.1226764,5.207717,4.7094464,6.119265,4.7095294,4.955967,5.062228,6.1923747,5.9588184,4.66509,5.246002,5.2888093,5.476986,5.69178,4.922349,6.745205,7.1685624,7.0508547,8.321259,4.1257787,3.7374434,5.1332107,4.9005117,4.4721823,5.986987,4.5397043,5.8885818,4.5813437,4.983725,3.9729526,3.7483768,6.794231,5.7217236,4.5427775,3.5629706,5.009945,4.5020857,4.6791186,4.820369,7.6820564,4.653092,5.3375835,5.4275613,6.405415,6.4658837,5.566276,3.435286,6.385778,6.1571407,5.5656924,5.991111,4.745769,4.5730066,5.5011325,4.5064316,4.917554,5.722056,4.372546,4.372546,5.176186,5.2243385,5.3430753,5.127739,5.3728933,5.2889724,6.6092167,6.745883,4.9566903,6.035082,5.8862457,5.523167,6.247959,6.6769834,4.4339366,4.689991,4.528182,5.1862206,4.1596813,4.3203454,7.2651405,6.5679326,7.1466494,6.635889,5.773212,6.632031,5.1866884,5.187516,6.7645283,5.5694494,5.161678,6.688385,4.231362,5.337633,3.9308686,3.7940161,4.545635,4.6043115,5.187674,4.2825556
4,3.8389068,3.5863938,4.831123,3.8135087,0.0,2.910519,7.020986,5.1075172,3.904096,4.7488265,6.062382,4.3971553,3.3022633,4.9521465,4.6362453,4.4807987,7.2247,6.90366,5.499684,4.9686832,5.736161,5.7455006,5.2184925,5.3991284,6.2261934,5.4557767,4.825869,5.346269,4.405108,4.6329107,4.956554,4.747236,6.6388097,5.760131,5.418261,4.729355,6.101934,5.8704996,5.888994,6.013309,6.2808175,6.940415,7.233926,6.8108997,6.8193383,7.4206924,6.9970946,8.26255,4.716078,5.0515175,6.091189,4.1725388,3.5126615,5.396042,4.6985836,5.584683,4.426005,5.25115,3.8639948,3.8953257,6.8510814,5.3247204,6.028948,4.6188865,5.7654386,4.167645,6.25147,6.267852,8.336049,6.5477734,6.972063,7.037942,6.798753,6.824259,6.5815787,3.9742417,5.083056,4.390803,5.6934757,6.8484907,4.9151673,6.1710367,5.5793643,4.493876,5.5874534,6.440399,6.017476,6.017476,5.8891816,5.9210234,6.156126,5.9068437,6.1458616,6.1618743,7.023674,7.2297564,6.0240474,6.9474936,7.05596,6.772885,6.664947,6.9420447,5.4719906,5.6798234,6.307609,6.971907,5.5627193,5.2942977,7.486218,5.009669,8.006134,7.421379,6.8110275,7.608603,5.9802628,5.918651,6.868929,6.286783,5.7198033,6.9940867,3.8950448,4.2634463,5.4680543,4.8170576,6.139155,5.9101963,6.2605147,5.212304
5,4.147849,4.8001294,5.137938,4.2785816,2.910519,0.0,6.175407,4.4125156,4.2447605,4.400579,5.358335,3.3107982,3.338776,4.8462534,4.5893955,4.7843876,6.9666653,6.5619617,6.231441,4.847214,6.1239004,6.1530423,5.465843,6.404179,5.668022,5.011277,5.1833687,4.4980493,4.863481,4.8553896,5.3571134,4.8700643,6.971735,6.1666203,5.300376,4.59418,6.0577574,5.990426,6.2729216,6.060704,6.7392764,7.309393,7.5789733,6.8773723,6.7894936,7.7581854,7.243147,8.408772,4.454334,4.633931,6.129542,4.2880707,3.9870532,5.5754056,4.5328555,5.7811565,4.5075665,5.1327863,5.093806,5.037746,5.8506837,4.3320622,6.4651723,5.042134,6.6434526,5.334156,6.757683,6.8161054,9.143203,6.8782744,7.950316,8.037882,6.489432,6.5522833,7.2815213,4.7176447,5.7513094,5.8045783,5.823711,6.946527,5.5731835,6.668361,5.9782333,5.286937,6.534289,7.11608,6.5776644,6.5776644,6.3015857,6.338589,6.483089,5.8967214,6.516226,6.5177164,7.394694,7.5572996,7.0832467,7.779041,8.109763,7.923364,7.2380366,7.479282,6.749358,6.9105954,6.532043,7.288835,5.6596007,6.0271935,8.087332,5.9656982,8.515135,7.619956,5.4607234,6.6623683,6.8685884,6.8331175,7.719429,7.1577597,6.636682,7.1603293,4.797689,5.4783163,6.304695,5.3959017,6.4369974,6.3844438,6.9488096,5.5837665
6,6.1308208,6.4269876,6.9899263,6.355442,7.020986,6.175407,0.0,4.532158,6.930689,7.223603,6.7801623,5.6735735,6.732948,5.1655893,6.270041,6.70351,5.911876,5.258821,7.3422403,5.7346826,7.56299,7.8561244,5.999827,7.8296795,5.1332335,7.366018,5.8026114,6.2470007,4.3631377,4.925599,4.7760243,5.01559,7.658826,7.345882,5.7276125,6.3527346,4.9967995,5.312707,5.1435,5.1724086,5.353431,5.765604,5.8946776,5.3816853,8.298363,8.927271,7.8711386,6.6651106,6.230272,6.5966096,5.0139756,5.582385,6.2181363,7.4144526,6.860593,7.6141086,5.708129,6.1498113,6.3100114,6.4032807,4.8900027,5.8505583,6.5867624,6.539311,6.642556,7.0143127,7.2791495,7.3543754,8.672641,7.0569863,7.39729,7.52895,6.145628,6.217331,7.135083,6.9509144,9.277092,8.634154,6.6829243,6.8462744,7.279463,6.3297334,6.387687,7.4448614,6.6439834,7.2365117,6.3287034,6.3287034,6.664178,6.6809845,6.4046082,6.9081554,6.326829,6.2175407,8.100583,7.439869,7.074428,6.5754204,7.2021713,7.7422037,7.264175,7.637763,7.198303,7.264394,5.418151,6.12007,4.9183064,5.1730003,8.661739,8.87038,9.091674,7.91593,6.057123,6.917413,6.93237,6.9208755,7.5718627,7.1007147,7.4412737,6.1774344,8.445078,8.377061,6.736227,6.838667,5.8640556,5.6861057,5.792492,4.7989225
7,4.0720696,4.3107986,4.980259,4.20589,5.1075172,4.4125156,4.532158,0.0,4.9566674,5.6814747,4.8032207,3.2902281,4.974041,2.3992536,3.924867,4.403274,5.530194,4.953717,6.9644628,5.5031757,5.6376944,5.6967154,5.8532715,6.079722,4.9382324,5.5973754,5.314299,4.2608337,3.7077432,4.422161,4.021091,4.5646205,6.4267683,6.239061,5.514355,5.180644,5.400173,5.0692697,5.79095,5.724974,4.6234093,5.4611807,5.705696,4.856293,7.1871214,7.2998395,6.700009,7.891915,4.41842,5.023609,4.6973085,5.3487067,4.378424,5.849146,5.3479395,6.1550913,4.036382,4.6916003,4.661152,4.5348635,5.629506,4.477632,4.618134,4.711357,4.288591,4.7929997,5.2806573,5.438337,7.091255,5.149363,5.5163426,5.4705753,4.4325495,4.518823,5.288556,5.0947304,7.692313,6.776759,4.8803363,4.3593,5.3722134,4.0746155,6.1513653,5.041436,4.626052,5.1689596,4.072954,4.072954,4.1113544,4.120815,4.271787,5.2127604,4.1910763,4.2230973,6.0469675,5.689121,4.904284,5.8772106,6.4189076,5.9470515,4.9401584,5.44992,4.6847057,4.7905474,4.882376,5.618374,2.627001,4.450149,7.065119,7.3740687,7.429441,6.420019,4.2383385,5.24853,4.721422,4.6645637,5.5861044,4.823047,5.8996544,6.2251472,6.6892877,6.284327,4.313296,4.5839596,5.4640093,5.219458,4.885258,4.392249
8,3.7850764,4.209646,4.3131804,3.8853636,3.904096,4.2447605,6.930689,4.9566674,0.0,4.7230754,6.043387,4.449958,3.2300584,5.369075,5.257725,4.895907,7.4612374,7.359655,5.8368416,5.392459,6.472376,6.511777,5.6520114,5.6387696,6.809701,5.943406,4.8451886,5.3346276,4.9701147,4.8778086,5.5311074,5.0431395,7.106105,6.0879855,5.6673517,6.2286267,6.825946,6.583761,6.3920546,6.383012,5.306424,6.366361,6.68447,5.728725,7.7970824,8.537835,7.9914327,9.125615,4.9383936,5.340276,6.3622494,4.540963,4.5613317,6.1064157,6.233299,6.364097,6.184786,6.823224,4.902973,4.93776,7.3386755,6.807341,6.8656354,5.065677,6.305194,4.896538,6.5038767,6.576104,8.85859,5.440717,6.3234944,6.5827765,8.01131,8.079135,7.1593275,4.510261,6.3033214,6.2120256,6.4730635,7.554804,6.1556506,6.1707325,5.6894326,5.7474813,6.800394,7.305493,6.1714907,6.1714907,6.5673585,6.600681,6.786431,6.726517,6.690652,6.729906,8.204188,7.7051296,6.529111,7.158224,7.277933,6.8406296,6.8210683,7.284071,6.1035614,6.3082867,6.4353595,6.812142,6.044376,6.6963696,7.4714174,6.4801354,7.941318,7.4827504,7.404549,7.791687,6.583529,6.5715933,7.3758664,6.7886825,6.764191,7.6648374,4.6813097,5.182906,6.289168,6.1590695,6.433278,6.289909,6.813315,5.810571
9,5.903451,5.8844867,5.951789,5.662128,4.7488265,4.400579,7.223603,5.6814747,4.7230754,0.0,4.374485,5.0664287,3.7480035,5.221759,5.8311596,5.196445,5.2108083,6.2064614,5.3076134,4.223414,4.7822294,4.833632,4.0888877,4.1494384,6.0772476,5.4141545,5.099732,4.3398523,5.8107343,5.7707744,5.5212107,5.7697344,6.1644764,5.475626,5.5282655,4.942017,6.950751,6.6995897,6.447328,5.9725776,6.4451513,7.222586,7.4091725,6.9154367,7.809269,8.287131,8.039085,9.098914,5.1731715,5.6093135,6.2978745,4.556527,5.153932,6.6091495,6.5926876,6.7102203,5.9820466,6.506983,5.7267184,5.903553,7.1724606,6.3104067,7.9990315,6.7315936,7.1014957,5.9348326,7.3002315,7.2763815,9.336767,6.634658,7.6544747,7.886191,6.775354,6.77589,7.472639,5.0817313,8.03334,7.770761,6.0362124,7.2275786,6.5456357,7.088213,6.516784,6.7711115,7.020856,7.626094,6.9785576,6.9785576,6.558243,6.5959373,6.790914,6.4666348,6.6915493,6.618829,7.7696185,7.70857,7.4195886,8.426871,8.620829,8.282624,8.859713,9.141561,7.2636986,7.4014034,7.3757195,7.7651477,6.466481,7.215485,7.233849,5.851826,8.083168,6.9432216,6.6525545,7.0936522,6.9402966,6.9790187,8.976626,7.1003375,6.366491,6.759733,5.310997,6.159957,7.411763,6.98688,7.4353285,7.0106473,7.8071065,6.690894
10,5.966503,6.2320037,6.1845074,5.9417977,6.062382,5.358335,6.7801623,4.8032207,6.043387,4.374485,0.0,4.3138914,5.525441,4.801513,5.3560467,5.2111416,4.517257,4.5542884,6.736271,5.013398,4.577687,4.628536,5.2593355,5.4697633,4.917368,5.040864,5.1399665,4.9029913,5.857029,5.796545,4.8622236,5.270511,7.4193106,6.897433,6.7730126,6.302563,7.80806,7.6830688,7.648588,7.2837367,6.923838,8.208271,8.502808,7.0028133,8.549277,9.2204075,8.863857,9.859736,6.2305846,6.4084964,6.359002,6.0741606,6.326869,7.4338226,7.3979745,7.576742,6.649027,7.0332775,6.9578476,7.013214,7.5896335,6.83118,7.79041,7.3089094,6.0677795,5.8822303,6.023415,6.154397,9.356594,5.6687546,7.237435,7.2847157,5.3892765,5.4762316,6.8578725,5.23171,8.622202,8.41889,6.1471567,6.0570917,6.8179293,6.361294,7.1672344,6.9033337,6.3773437,6.445221,6.3767247,6.3767247,5.9802914,6.0051703,5.8521295,5.371256,5.7428646,5.9129386,7.074351,6.851729,7.6011753,8.361441,8.459861,8.133765,8.602264,8.8202915,7.4134455,7.5976586,6.291827,6.9426317,4.943084,6.320914,6.9408345,6.725696,7.585501,6.4098797,4.977316,5.4165373,5.9230223,5.9348106,8.172331,6.121914,6.463882,5.98598,6.884771,6.9103656,7.1384163,6.639597,7.0155935,6.943229,6.418493,6.663481
11,3.4320755,4.3276,4.1221194,3.4386573,4.3971553,3.3107982,5.6735735,3.2902281,4.449958,5.0664287,4.3138914,0.0,3.986796,3.9828238,2.795204,3.7057552,6.2326164,4.943545,6.5993595,4.8617887,5.692435,5.719566,5.5306454,6.1667943,4.277337,4.174753,4.1531096,4.4683785,4.3746734,4.2749405,4.8723683,4.6429,6.1420116,5.1245947,4.8247585,4.973968,5.4505205,5.3592415,6.2312584,6.1654787,6.0714407,6.8255973,7.091216,5.977917,6.819629,7.9320936,7.294134,8.535157,4.2780685,4.291681,5.150084,4.408654,4.1013527,5.5399604,5.16143,5.9076233,4.8934917,5.468982,5.3672476,5.2604847,6.1178102,5.0485344,5.532875,4.6172185,5.7140417,4.9923244,5.3792214,5.516106,8.483566,5.032319,6.4793024,6.5052075,5.689821,5.7926097,6.135957,4.13861,6.710987,6.7783656,5.260516,5.6358633,5.678001,5.2348247,6.279347,5.2437615,5.8166428,6.322559,5.5380173,5.5380173,5.264006,5.3076806,5.318677,4.7734733,5.313617,5.31336,6.5481453,6.5145607,6.229157,6.909572,7.1351542,6.890311,6.62381,6.7775097,5.6176705,5.9836783,5.745068,5.4572845,3.9822252,4.809392,6.638642,6.145501,7.074843,6.159265,4.1300955,5.142637,6.3371162,6.288506,7.029692,5.91392,5.6223273,6.130884,5.173957,5.8989005,4.861958,4.064928,5.159296,5.4292836,5.491106,4.4349966
12,3.6466093,3.6542568,3.8841977,4.306426,3.3022633,3.338776,6.732948,4.974041,3.2300584,3.7480035,5.525441,3.986796,0.0,4.604491,4.521345,3.9469478,6.626562,6.381697,5.418578,4.1680374,5.255604,5.2877192,4.456466,5.2489367,5.7501554,4.8939404,4.564262,4.6258173,4.9584365,4.849536,5.163493,5.471803,6.1121807,5.5812507,4.40568,4.0380874,6.4151764,6.2288046,6.0761704,5.346071,5.840136,6.718835,7.0252237,6.2521815,7.2070346,7.9308357,7.6048765,8.683063,4.5020494,4.797326,5.5646143,3.1311374,3.3910236,5.2585015,5.3468313,5.436788,5.303508,5.931747,4.3136106,4.4144692,6.8561673,6.0316567,6.694109,4.921239,6.4061003,4.9483805,6.5706277,6.538651,8.900979,6.061248,7.3713593,7.5954103,6.8882046,6.9360723,7.1050997,4.28011,5.932389,5.8630433,5.9418693,7.39455,5.9668612,6.5417624,5.9487295,5.7716527,6.555474,7.2782326,6.559534,6.559534,5.8032866,5.8518887,6.0680056,5.5787277,6.033307,6.026047,7.223052,7.055068,7.137166,7.5923758,8.0011425,7.758194,7.1093082,7.4663854,6.268103,6.5667076,6.324979,6.631068,5.6723056,6.1368175,6.9573216,5.167638,7.3617587,6.627638,6.421314,6.8446665,6.48468,6.4602046,7.5304885,6.780903,5.981612,6.521106,4.5382237,5.1230717,6.171524,5.5305305,6.1977873,6.1180677,6.5982404,5.5674806
13,4.508298,3.8009877,4.894033,4.332706,4.9521465,4.8462534,5.1655893,2.3992536,5.369075,5.221759,4.801513,3.9828238,4.604491,0.0,3.5709965,3.8074095,4.505434,4.167532,6.019255,4.349674,4.4118333,4.4747505,5.0601625,4.842469,4.9996376,5.5396457,5.350642,3.8656688,3.9278228,4.464101,3.755594,4.7665563,5.7773485,5.6192207,4.860061,3.9974155,5.47849,5.0291133,5.120755,4.9109826,4.3287234,4.793153,5.0027785,4.462771,7.155106,6.6100903,6.8054724,7.9914956,4.5477858,4.668158,3.894504,4.9013147,4.2279234,5.8645,5.1262217,5.6820164,3.518311,3.843022,3.938139,3.9586453,5.855977,4.642682,4.8315706,4.879306,3.8220456,4.34157,4.487735,4.548652,6.930631,4.7105765,5.214266,5.2950854,3.4051878,3.4165974,4.906775,4.4097877,7.339978,6.3670816,4.3103395,3.941996,5.4316945,4.187856,6.2548018,5.057979,4.249129,5.179428,4.1088424,4.1088424,3.2674217,3.3096411,3.6247885,4.3247366,3.5129132,3.5097697,5.3654714,5.1924505,5.2243066,6.161805,6.529614,6.0729046,5.1059895,5.8674264,4.749508,4.794013,4.340421,4.904217,2.2684956,4.0731134,6.2540064,6.6157827,6.1593227,4.819344,4.053663,4.6254387,4.119229,4.156516,5.3129263,4.353681,4.362847,4.8092446,6.156741,5.842815,3.9615517,4.4668565,4.905358,4.4415503,4.5279603,4.4015284
14,4.1201973,4.0751576,4.9548993,4.2705817,4.6362453,4.5893955,6.270041,3.924867,5.257725,5.8311596,5.3560467,2.795204,4.521345,3.5709965,0.0,2.4583294,6.4319153,5.0996985,6.7414494,4.603271,5.6600304,5.6716647,5.976395,6.0388446,4.905598,4.590638,4.994912,4.365921,4.77901,4.727167,5.2899284,4.9391212,6.0375066,5.154984,4.7076516,4.7049127,5.504655,5.072503,6.5839257,6.4878592,6.335196,6.6592436,6.8495674,6.4163237,7.5292897,8.213633,7.901287,9.18657,4.925832,4.887619,4.504321,4.1760144,3.6885948,5.916332,5.6207833,6.188081,5.049834,5.6365447,4.859627,4.9256463,7.019759,5.557016,5.445049,5.0234146,5.4610868,5.074568,5.3519044,5.439356,8.023965,5.1666245,6.4172897,6.4180775,5.628954,5.6552215,6.416477,4.5109277,7.07657,6.6155357,5.525768,5.451429,6.702033,5.4733253,7.4846168,5.691442,5.864706,6.832168,5.856955,5.856955,4.7913666,4.8517933,5.1785617,4.6851835,5.041301,4.9973006,6.651514,6.6794415,6.181442,7.4038653,7.6440597,7.268975,6.093652,6.768032,5.3539567,5.6187243,5.98945,5.1282787,3.9112751,4.636606,6.3785453,6.393734,6.674844,5.4708896,4.9267626,5.729893,6.618833,6.581453,6.643833,5.9729576,4.366873,5.377765,5.5544653,6.3662844,4.337323,3.7471273,4.864182,5.0554404,5.6647534,4.1917863
15,3.8812344,3.9122412,4.5932436,4.7348866,4.4807987,4.7843876,6.70351,4.403274,4.895907,5.196445,5.2111416,3.7057552,3.9469478,3.8074095,2.4583294,0.0,5.892316,5.6747947,6.0631275,4.6328816,4.92439,4.9490685,5.4610205,5.076046,6.0398936,5.660854,5.184642,3.7551975,4.9007177,4.8281755,5.0626926,4.7531366,5.6929836,5.088256,4.255742,4.4432015,6.3161273,5.858114,6.7969313,6.2098465,6.1972523,6.8480754,7.0297585,6.4295664,7.679988,8.26077,8.042519,9.340947,4.6694574,4.610273,4.0221167,3.6354892,3.3910887,5.7919083,5.4884934,6.026008,5.3773093,6.0073957,4.3178487,4.4744415,7.3994503,6.0557704,5.487138,5.000857,5.2329187,4.819177,5.151825,5.1333823,7.698174,4.8719115,6.4475727,6.568062,5.905216,5.9116087,6.25747,4.186229,7.0085745,6.5814257,6.110196,6.053044,6.634356,5.346616,7.438805,5.569083,5.657373,6.5552287,5.804035,5.804035,4.17511,4.238781,4.5925565,3.8887935,4.44957,4.4782925,6.298908,6.2369776,6.451796,7.6419973,7.737015,7.351511,5.9650664,6.7644615,5.1984286,5.3498254,6.0586896,5.0778465,4.600547,4.9363317,5.737473,5.801463,6.096065,4.844057,5.3210855,6.048378,6.422852,6.3976464,6.3837595,5.633704,4.231638,5.2538257,5.5358486,6.127816,4.862384,4.270496,5.2841244,5.169215,5.6853595,4.4035106
16,7.0166125,6.871394,7.063952,6.8300905,7.2247,6.9666653,5.911876,5.530194,7.4612374,5.2108083,4.517257,6.2326164,6.626562,4.505434,6.4319153,5.892316,0.0,3.6805422,5.7012095,4.519375,4.5424848,4.8004737,4.718994,4.3154993,6.136594,7.4977646,5.697546,4.7261586,5.145535,5.188299,4.5147133,5.1051035,6.6276555,6.05411,5.791448,5.4356,7.1773906,7.0188575,6.1826973,5.965909,5.6779227,6.435397,6.506786,5.5943923,8.143304,8.197674,8.140502,8.352688,6.467997,6.6724873,4.7758,6.325099,7.079985,8.183407,7.6483903,7.8282537,6.2452006,6.4235325,6.6724157,6.8528357,7.016187,6.790626,7.651989,7.842844,5.486221,6.2866135,5.5613008,5.472406,8.566186,5.419764,6.385318,6.713149,4.2275805,4.242329,6.0061574,5.5670176,9.8759985,9.440306,5.893538,5.4464426,6.9438195,5.7850184,7.1237383,7.2146993,5.471275,5.9424853,5.6558027,5.6558027,5.2628956,5.301197,5.0713077,4.8572507,5.021973,5.0081987,6.5803604,6.320552,6.981289,7.3831882,7.7115574,7.736877,8.066099,8.84075,7.1642704,7.197205,5.4369674,5.91474,5.102862,5.7709575,6.5595407,7.408927,6.7260137,5.319555,5.2264576,5.622306,5.5962586,5.708967,7.568992,5.3885355,5.546959,4.015807,8.140809,8.126039,7.140065,7.087664,6.059099,5.394205,6.054649,6.076802
17,6.0131755,5.7485013,5.9683857,5.6394353,6.90366,6.5619617,5.258821,4.953717,7.359655,6.2064614,4.5542884,4.943545,6.381697,4.167532,5.0996985,5.6747947,3.6805422,0.0,6.4964676,4.2709255,5.324255,5.5059276,4.492582,5.4866414,3.535308,5.4495525,4.265154,5.7832417,4.787616,4.8855286,5.0732665,5.155584,6.0768414,5.5568194,5.278211,4.9541907,6.589898,6.5698867,5.680541,5.5836887,5.8611226,6.2020793,6.350213,5.4864807,7.924155,8.171883,8.062959,8.186945,5.8386564,6.0136905,4.159276,5.7919617,6.368193,7.501809,6.9550247,7.135033,5.8243585,5.945086,6.272137,6.355016,6.4731164,6.2896776,6.543457,6.733199,5.278331,5.9582047,5.0884867,5.178933,8.173756,5.1130037,6.265696,6.3210826,3.8502743,3.8982897,5.6658454,5.087624,9.451773,9.034778,5.491229,5.054579,6.489518,5.341595,6.7116227,6.806664,5.269472,5.948987,5.2693467,5.2693467,4.9055905,4.9545307,4.6668453,4.4611225,4.5797124,4.473471,6.080988,5.980473,6.6224246,6.9613056,7.4714594,7.5733294,7.8226075,8.486413,6.7668104,6.9679656,4.268605,4.749271,3.6525846,4.4947753,7.0347033,7.5957894,6.7344265,5.7522774,4.7981963,5.1496205,5.6627846,5.7086344,7.6000123,5.522087,5.250429,3.8780572,7.4956594,7.929887,5.968982,5.9074407,4.572051,4.631223,5.1486235,5.2423673
18,6.22213,6.0150495,6.5794973,6.1070814,5.499684,6.231441,7.3422403,6.9644628,5.8368416,5.3076134,6.736271,6.5993595,5.418578,6.019255,6.7414494,6.0631275,5.7012095,6.4964676,0.0,4.036759,6.1144657,6.2915845,5.0594087,4.4338756,7.623409,7.699644,5.514997,5.428925,5.433257,4.922211,5.810758,4.788137,7.3023634,5.8067985,5.4054236,5.523687,7.1032057,7.3386316,6.204837,6.2773075,6.377578,6.725291,6.780277,6.4865236,5.5026298,6.446884,6.302719,6.722421,6.5479226,6.475403,5.5631146,5.108224,6.3221073,5.94398,7.3549824,5.409172,5.7591586,6.144701,5.835814,6.1447,6.6098957,7.540599,8.190085,6.958062,6.945929,6.061023,6.3273387,6.2234335,9.5134535,5.414082,6.6667714,7.188902,7.414301,7.403414,6.114145,4.9205008,6.7033195,8.056894,7.400174,8.0570545,6.0477967,7.1917405,5.5557814,7.138136,6.861008,7.7502384,7.0413284,7.0413284,6.8068943,6.8714256,6.957395,5.9152813,6.8773417,6.8544917,6.5947156,6.247735,7.659919,6.5292234,6.574002,6.8030434,8.228753,7.8577456,7.5769734,7.9299316,6.368081,6.6797223,6.943717,6.6770773,5.298491,4.3227134,5.6810837,6.0102654,7.646804,6.794137,6.749713,6.808983,7.7517867,6.779938,4.815753,5.4440613,5.6298904,6.7193465,6.9432306,6.49114,5.1145673,4.5432687,6.790825,5.3540273
19,5.590435,5.2169676,5.9226794,5.4207177,4.9686832,4.847214,5.7346826,5.5031757,5.392459,4.223414,5.013398,4.8617887,4.1680374,4.349674,4.603271,4.6328816,4.519375,4.2709255,4.036759,0.0,4.841843,5.054765,3.6058598,4.550819,5.0315886,5.2771873,4.2314525,4.0345273,4.6375732,4.1622176,4.9232664,4.2134724,6.317318,5.1648917,4.138579,3.9388664,6.103448,6.0704684,5.544815,5.30753,5.7572165,6.0730886,6.255839,5.766256,7.288941,7.951429,7.8830743,8.099603,5.518586,5.608489,4.4205933,3.5868254,5.1391025,6.5811253,6.551043,6.139193,5.5069838,5.7959604,5.38669,5.7080193,6.1538367,6.0591354,7.6035743,6.5533066,6.20947,5.4080796,5.8965683,5.8540225,9.138627,5.41467,6.942283,7.2764616,5.714429,5.7229857,6.8437657,4.213423,7.4118824,7.5590763,5.6715064,6.6176915,6.68812,6.6704006,6.1280212,6.696697,6.488753,7.4106903,6.593676,6.593676,5.924446,5.994919,6.057776,5.0506697,5.932731,5.872737,7.17551,6.9362464,7.436626,7.5809703,8.046422,8.128606,7.842031,8.573017,7.428243,7.613254,5.4111943,5.71447,5.369223,5.7843614,6.6192417,5.75992,6.6232257,5.602977,5.964078,6.0704703,6.649947,6.7178254,7.761511,6.6814666,4.7499647,3.83133,5.6655807,6.6607013,6.7107863,6.2328963,4.7839384,4.589028,6.4274254,5.2267613
20,6.6886578,5.6032367,6.432258,6.491526,5.736161,6.1239004,7.56299,5.6376944,6.472376,4.7822294,4.577687,5.692435,5.255604,4.4118333,5.6600304,4.92439,4.5424848,5.324255,6.1144657,4.841843,0.0,0.44500685,4.3859925,4.338989,6.134635,6.2277226,5.9952674,4.8683434,5.6104283,6.0742826,4.7102265,6.240336,5.3399,5.8375373,5.884574,5.208604,6.873478,6.520584,6.7813115,6.2063484,5.472595,6.8596563,7.237673,6.1981597,8.673361,7.780382,8.248069,9.2587595,5.404396,5.9521613,5.913213,5.836977,5.549556,6.913152,6.3651066,6.4185953,5.8872013,6.046058,5.783537,5.8726215,7.0591965,5.9376307,7.121887,6.5386834,4.89124,3.8011065,5.2635446,5.197711,7.754347,5.8332777,6.186898,6.2288113,4.3875723,4.391771,5.5231915,4.207184,7.9289637,6.656621,4.107545,4.9538183,5.7228847,5.401823,6.1737733,5.2050133,5.177111,5.4383373,5.6692324,5.6692324,4.4816537,4.4833674,4.320065,5.063317,4.27492,4.454006,5.774624,5.660845,7.0022073,7.7074666,7.8761253,7.540859,7.1320357,7.967654,6.5102305,6.53071,6.4192524,5.923726,5.151813,5.870277,6.400291,5.890989,6.1083198,5.0894275,5.946451,6.0220933,5.6245394,5.667748,6.3207946,4.419527,5.99386,5.4539433,6.33576,5.0551577,6.5371585,7.02129,6.9983335,6.4794717,5.5996885,7.017796
21,6.722525,5.6165214,6.4334717,6.504409,5.7455006,6.1530423,7.8561244,5.6967154,6.511777,4.833632,4.628536,5.719566,5.2877192,4.4747505,5.6716647,4.9490685,4.8004737,5.5059276,6.2915845,5.054765,0.44500685,0.0,4.6033945,4.3814125,6.270192,6.18587,6.1424093,4.9491487,5.804546,6.2645354,4.9585066,6.4378376,5.3671227,5.9042263,6.053744,5.26557,7.0740013,6.6873465,6.9898353,6.4134045,5.670323,7.0195417,7.395583,6.384482,8.71249,7.755206,8.292338,9.475321,5.4238462,5.9794636,6.092687,6.0047016,5.5755506,6.922247,6.3740573,6.4238725,5.937713,6.0905166,5.8313923,5.898007,7.253146,5.9851203,7.1333246,6.550444,4.9383264,3.8196876,5.310499,5.253271,7.761465,5.9068217,6.2560244,6.270423,4.460011,4.4601016,5.5682855,4.2518263,7.9216456,6.6326294,4.1544814,4.9548807,5.7179337,5.4538865,6.3373547,5.16419,5.228073,5.4773808,5.7121754,5.7121754,4.4701147,4.4706635,4.3670225,5.1244793,4.326475,4.5113325,5.7335706,5.69558,7.020437,7.8409657,8.005362,7.5898666,7.153381,7.9821124,6.505228,6.5267262,6.5773187,6.1040616,5.2404876,6.0289617,6.462571,5.91029,6.1346054,5.17806,6.0060086,6.0744076,5.662586,5.701767,6.380778,4.4657936,6.0496187,5.706562,6.298246,5.008205,6.531364,7.0199585,7.1448817,6.6430974,5.7723913,7.1794076
22,5.5730543,4.772737,5.211338,5.3730993,5.2184925,5.465843,5.999827,5.8532715,5.6520114,4.0888877,5.2593355,5.5306454,4.456466,5.0601625,5.976395,5.4610205,4.718994,4.492582,5.0594087,3.6058598,4.3859925,4.6033945,0.0,4.0241513,4.727661,5.2327576,3.6250691,5.7099266,4.840966,5.2291384,5.312107,5.3577867,4.491529,4.673298,4.1859407,4.019916,6.5115995,6.4422994,4.664911,3.7360232,5.171274,5.744733,5.990796,5.5958405,8.140579,7.9177003,7.9698534,7.916279,4.1452756,4.880866,4.551584,3.8408918,4.8173904,6.4313164,5.649124,5.8955717,5.6553574,5.9146757,4.6254563,4.837546,5.973931,5.8397484,6.666785,5.577025,5.9157553,4.8635364,6.1856065,6.182696,7.7333336,6.088293,6.7816825,6.887922,5.7749887,5.752413,6.1422553,4.1385875,8.351615,7.5363007,5.4736814,6.7027874,5.4999533,5.857913,4.7685447,5.901524,5.7272515,6.47944,5.753851,5.753851,5.27722,5.308405,5.1680117,5.4625688,5.044215,4.882501,6.582023,6.4251866,6.884179,7.400889,7.7560086,7.8468943,8.135787,8.865767,6.7989826,6.8342986,5.353127,5.7421565,5.5197678,5.596708,7.6377993,6.5105395,7.423466,6.703081,6.906258,7.2309446,6.2750435,6.3195896,8.09021,6.0993423,6.1244974,5.5574946,5.526121,6.030551,6.7283273,6.9281406,5.88215,5.5462146,6.176319,5.9992537
23,5.813601,5.1580634,5.499983,5.2556295,5.3991284,6.404179,7.8296795,6.079722,5.6387696,4.1494384,5.4697633,6.1667943,5.2489367,4.842469,6.0388446,5.076046,4.3154993,5.4866414,4.4338756,4.550819,4.338989,4.3814125,4.0241513,0.0,7.0125403,6.866015,4.876613,5.1598043,5.152498,5.1902304,5.4352207,5.2329273,5.4227853,4.4315314,5.309842,4.863065,7.616698,7.195484,5.7805142,5.7488585,5.39288,5.875646,5.9608183,5.6380157,7.6563563,7.303577,7.7212386,8.905834,5.2799077,5.588768,5.0332203,5.525485,5.8615,7.234813,6.6929526,6.7053113,5.934395,6.244778,4.8652163,5.0669293,7.906723,7.017121,6.91686,6.453137,5.014963,4.8000445,5.060884,4.9594326,7.653037,4.7147994,5.3080354,5.6445503,5.9465775,5.904473,5.513192,3.797883,8.486702,7.95049,5.827679,6.0486445,5.712511,5.3174253,6.317649,5.8267956,4.9763026,5.847182,5.0399113,5.0399113,4.849789,4.8998995,5.1239777,5.003471,5.026165,4.949962,6.3125525,6.3755927,5.808603,7.109769,7.124121,6.6670003,7.572286,8.464078,5.807399,5.8295875,5.6863093,6.024109,5.7319064,6.0003495,6.254336,6.117733,6.1522694,5.575986,7.003572,7.1943383,5.2746553,5.3815722,7.39878,5.0667367,4.5525513,5.520586,5.719452,6.314248,6.202304,6.356653,5.858057,5.108374,6.4580903,6.0569277
24,5.8044105,5.467269,5.972369,5.541485,6.2261934,5.668022,5.1332335,4.9382324,6.809701,6.0772476,4.917368,4.277337,5.7501554,4.9996376,4.905598,6.0398936,6.136594,3.535308,7.623409,5.0315886,6.134635,6.270192,4.727661,7.0125403,0.0,3.2804441,4.167028,6.665584,5.367146,5.816981,5.6065474,6.15794,6.243954,6.287988,5.7888837,5.520598,5.8408847,5.9412785,6.0071907,5.7347713,6.532717,7.0477557,7.3449616,6.7315197,8.536185,8.987818,8.382974,8.38828,5.5824156,6.140113,5.684077,5.1739035,5.3748574,6.7472773,6.6334944,6.953237,5.9201503,6.3295717,6.2453613,6.279959,6.2155623,5.94409,6.6918497,6.158314,6.6500764,6.241902,7.0575495,7.222946,8.606843,6.941043,7.603874,7.4337883,5.5301957,5.578583,6.9652705,5.9260077,9.018262,8.189999,5.653634,6.2738576,6.6896224,6.450396,6.4932485,7.0050764,6.547859,7.1830053,6.497399,6.497399,6.2072144,6.2282004,6.0597897,6.4429584,5.9130454,5.780293,7.2653975,7.111006,7.152048,7.6053977,8.149377,8.2248535,8.518844,8.670559,7.0696964,7.35906,5.980811,6.3248334,4.3191814,5.20104,8.277717,7.7248898,8.614352,7.64073,5.979679,6.449496,6.8213525,6.7705407,8.610721,6.88465,6.8229165,6.143079,6.887383,7.293832,6.277954,6.1955347,6.1789737,6.473521,6.0343947,5.804614
25,5.6474605,5.157077,5.7021213,5.3408937,5.4557767,5.011277,7.366018,5.5973754,5.943406,5.4141545,5.040864,4.174753,4.8939404,5.5396457,4.590638,5.660854,7.4977646,5.4495525,7.699644,5.2771873,6.2277226,6.18587,5.2327576,6.866015,3.2804441,0.0,4.8218656,6.575062,6.5838923,6.800141,6.960691,6.893097,6.382652,6.410693,6.2848434,5.5986896,7.130923,6.9998155,7.280326,6.790172,7.565626,7.9587097,8.265603,7.857992,8.722966,9.076512,8.859125,9.879743,5.3475394,5.8930736,6.6429315,5.0629992,4.769935,6.238794,6.5218086,6.4458985,6.3340716,6.753881,6.1162715,6.1416116,7.2781296,6.3136344,7.2395444,5.980713,7.3874497,6.199803,7.589889,7.781357,9.079296,7.2588058,8.260509,8.057303,6.8003016,6.808711,7.7478414,5.7457685,8.201363,7.626325,6.2956824,7.1919913,6.9009457,7.304211,7.0789433,6.99129,7.5074296,8.205402,7.332783,7.332783,6.649493,6.680383,6.869959,6.9338455,6.6751313,6.5815015,7.6283517,7.6898136,7.8083653,8.848511,9.252598,8.888422,8.9641695,9.071335,7.5520515,7.8286276,7.1966467,7.4771442,5.591383,6.747568,8.503678,7.211475,8.746609,8.038184,6.9111433,7.131657,7.617972,7.568993,9.313933,7.746018,6.9799666,7.4292145,5.4926934,6.583062,6.6375217,6.4007864,7.052671,7.386251,7.506891,6.836341
26,4.0435615,4.430135,4.229681,3.830406,4.825869,5.1833687,5.8026114,5.314299,4.8451886,5.099732,5.1399665,4.1531096,4.564262,5.350642,4.994912,5.184642,5.697546,4.265154,5.514997,4.2314525,5.9952674,6.1424093,3.6250691,4.876613,4.167028,4.8218656,0.0,6.0166802,3.6918423,3.536777,5.0919356,4.114703,5.7332706,4.343918,4.4604387,5.044117,6.332336,6.344511,5.280671,5.4791775,5.548613,6.280333,6.5338016,5.596179,7.282373,8.514663,7.677644,7.8952475,4.763068,5.457147,4.8044467,4.2586174,5.161318,6.662085,6.4280705,6.6875014,6.1001287,6.724869,5.2843747,5.363357,6.8912487,6.6204944,6.3975196,5.5221887,5.628434,5.051196,5.663765,5.729557,8.282485,4.9875793,6.060765,6.1963778,6.5160785,6.589307,6.1349463,3.799452,8.199822,7.969673,5.896449,6.629629,5.562637,5.3958387,5.272855,5.860322,5.4438787,6.1458406,5.30462,5.30462,5.7856336,5.83133,5.6625557,5.245363,5.6033545,5.491088,7.1227655,6.949442,5.7953696,6.30991,6.8065457,6.931094,7.7357163,8.352655,5.8949685,6.2716084,4.8960147,5.35375,4.9892364,4.7948847,7.2639613,6.5199556,7.579805,7.218588,6.6873913,7.2973948,6.1461353,6.1136737,7.918122,6.0064654,5.8013387,5.642182,5.6690803,6.7204847,6.015258,5.4403954,4.557096,4.767439,5.6897564,4.6771317
27,5.6385245,5.9582467,6.458567,5.984562,5.346269,4.4980493,6.2470007,4.2608337,5.3346276,4.3398523,4.9029913,4.4683785,4.6258173,3.8656688,4.365921,3.7551975,4.7261586,5.7832417,5.428925,4.0345273,4.8683434,4.9491487,5.7099266,5.1598043,6.665584,6.575062,6.0166802,0.0,4.8677607,4.6113734,5.0516357,4.3980904,6.6131372,5.7879634,4.936688,4.6103396,6.269036,5.948299,7.1270876,6.7529945,6.015893,6.695796,6.8273735,6.224159,6.9349127,7.648942,7.278958,8.599347,5.2617526,5.7292056,4.838814,4.8628407,5.0530715,6.4004827,6.5230236,6.391543,5.2924767,5.849912,5.78578,5.9507537,6.35175,5.343268,7.1726365,6.629018,5.867687,5.56405,5.9716907,5.9133725,8.696677,5.379166,6.835172,7.1418033,5.3836946,5.413626,6.6080427,5.013422,7.739705,7.7944093,5.7543554,5.8057585,6.7198114,6.0723634,7.198675,6.222081,6.263635,6.9210896,6.2145514,6.2145514,5.1965957,5.2504416,5.544918,4.898325,5.471664,5.508561,6.7735615,6.532359,6.909524,7.6093354,8.19832,7.8562174,6.4320226,7.276193,6.7936335,6.899761,6.571286,6.4692802,5.4874167,6.4280267,6.185217,6.2306376,6.6759467,5.535291,4.8940086,5.4974303,6.7765603,6.7989945,6.799903,6.1525135,5.422251,5.2884192,6.7184744,7.0359716,6.52675,5.966094,5.9067917,5.438212,6.9132094,5.415232
28,4.092111,4.2973566,5.0709825,4.0507383,4.405108,4.863481,4.3631377,3.7077432,4.9701147,5.8107343,5.857029,4.3746734,4.9584365,3.9278228,4.77901,4.9007177,5.145535,4.787616,5.433257,4.6375732,5.6104283,5.804546,4.840966,5.152498,5.367146,6.5838923,3.6918423,4.8677607,0.0,1.75508,3.1493096,2.9271326,6.0895796,5.0177155,4.566939,4.8170204,4.7512565,4.628132,4.5578833,5.240478,3.7861304,4.852354,5.101577,4.203949,6.4588313,7.2372065,6.1898236,6.4364142,4.6907516,5.588446,4.243095,4.8714504,4.882177,6.4073377,5.7361007,6.426424,4.459318,5.261225,4.5055075,4.5243125,5.7261844,5.1196275,5.2128224,5.0985312,3.727896,3.9691937,4.7427435,4.7247615,7.2587786,4.7877545,4.710235,4.9381685,5.0649066,5.1680775,4.840737,3.943362,7.540079,6.7320604,4.5749645,4.879749,4.6205497,3.8394916,4.8209534,4.416046,3.5321748,4.352616,3.6726935,3.6726935,4.628565,4.653243,4.475658,4.8825464,4.5286846,4.503012,6.355001,6.0483212,3.9833472,4.245572,5.1493864,5.318298,4.994997,6.0863843,4.352245,4.6146026,4.087707,4.8083534,3.7862294,3.3574321,6.8708425,6.6052213,7.2161164,6.6778545,5.704856,6.6820903,4.6987343,4.6425605,5.190181,4.2921166,5.4683557,5.176951,6.5362926,6.2453766,4.868028,4.7152047,4.0693507,3.612865,4.2262383,3.5047412
29,4.0631146,4.8355246,5.0875044,4.1226764,4.6329107,4.8553896,4.925599,4.422161,4.8778086,5.7707744,5.796545,4.2749405,4.849536,4.464101,4.727167,4.8281755,5.188299,4.8855286,4.922211,4.1622176,6.0742826,6.2645354,5.2291384,5.1902304,5.816981,6.800141,3.536777,4.6113734,1.75508,0.0,3.6611533,2.3481607,6.854078,5.051326,4.521504,4.994971,5.500971,5.4820004,5.235454,5.9261236,4.7509246,5.6382904,5.8219037,4.6445575,6.149059,7.719728,6.6736917,6.995992,5.432979,5.881542,4.4425206,4.8810368,5.52244,6.8568115,6.4264593,6.8368077,5.233275,5.936461,5.3207164,5.3959103,6.4056654,6.0169973,6.2436547,5.883138,4.622388,4.7727833,4.729693,4.660653,8.475447,4.3444886,5.3010163,5.729192,5.7791004,5.9005876,5.667561,3.8723302,7.3756795,7.410444,5.438128,5.7490253,5.51788,4.854408,5.578853,5.336899,4.622038,5.3420577,4.71668,4.71668,5.4389358,5.4922376,5.342862,4.575428,5.417633,5.424487,6.954729,6.67591,5.1207337,5.034761,5.796524,6.0354195,5.8161306,6.8137484,5.357254,5.7171283,4.2845826,4.943023,4.5481343,4.137381,6.537007,6.3038807,6.9235935,6.4204316,5.599054,6.5198393,5.4102726,5.3922634,5.946354,5.2095995,5.160907,4.7307596,6.5697303,6.872864,5.567642,4.7264934,3.5650272,3.344917,4.9228983,3.517882
30,5.166917,5.031504,5.818209,5.207717,4.956554,5.3571134,4.7760243,4.021091,5.5311074,5.5212107,4.8622236,4.8723683,5.163493,3.755594,5.2899284,5.0626926,4.5147133,5.0732665,5.810758,4.9232664,4.7102265,4.9585066,5.312107,5.4352207,5.6065474,6.960691,5.0919356,5.0516357,3.1493096,3.6611533,0.0,4.1254334,7.2178807,6.530011,5.821907,5.8053894,5.3438063,5.2509375,5.329202,5.6841373,4.3673916,6.060511,6.4109607,4.890418,7.597286,8.020314,7.290912,7.465227,6.123763,6.326641,5.480709,5.4967394,5.6098437,6.9663463,6.493279,7.1556945,5.0420146,5.644363,5.40689,5.481704,6.5589843,6.099085,6.402093,6.234623,4.2992916,4.5098286,5.1287475,5.081226,8.241156,5.405043,5.500636,5.763073,4.8906703,5.0130224,5.5660367,4.78627,7.308617,6.3387895,4.79298,5.169882,5.7273593,4.939943,5.734273,5.525388,4.4059954,4.7361884,4.927803,4.927803,5.30292,5.313807,4.9864244,5.2943034,5.0197196,5.1838913,6.786467,6.304178,5.6895742,5.559343,5.6718287,5.8228765,6.128051,6.5115695,5.227301,5.446887,4.8956604,5.526764,3.6970656,3.843669,6.3198,6.1871133,7.134731,5.8710227,5.215226,5.9441233,4.0288124,4.0128765,5.318102,4.3386602,5.6531825,4.9484515,6.946759,5.784397,5.56723,5.494219,5.795713,5.2911825,3.7728643,4.7258897
31,4.4934344,5.2640204,5.7982793,4.7094464,4.747236,4.8700643,5.01559,4.5646205,5.0431395,5.7697344,5.270511,4.6429,5.471803,4.7665563,4.9391212,4.7531366,5.1051035,5.155584,4.788137,4.2134724,6.240336,6.4378376,5.3577867,5.2329273,6.15794,6.893097,4.114703,4.3980904,2.9271326,2.3481607,4.1254334,0.0,7.4301977,5.8343663,5.172482,5.6124034,6.354343,6.3397317,6.0031147,6.4505677,5.5770354,6.330485,6.484504,5.4740143,6.7097163,8.16846,7.241681,7.5459356,5.654022,5.982838,4.4509315,4.946815,5.680358,6.9698615,6.6090093,6.949623,5.5277987,6.1965857,5.478964,5.6369276,6.4422007,6.1516185,6.5074053,6.2222433,4.86694,5.080028,4.913522,4.947119,8.446043,4.5340314,5.7739887,6.0976834,6.0261655,6.1056404,5.9586196,4.228397,7.528195,7.673582,6.3594637,6.145549,5.932099,5.284397,5.928182,5.748129,5.0976944,5.7576427,5.1304545,5.1304545,5.6239996,5.6737547,5.578377,4.688883,5.5291266,5.599137,7.0566516,6.720768,5.787338,6.003235,6.3804197,6.5206985,6.355174,7.204843,6.12499,6.2819834,4.4943075,5.4486413,4.894944,4.6727586,6.805177,6.575168,7.2401357,6.66283,5.837709,6.682991,5.7243314,5.7217817,6.3507705,5.6466336,5.2509108,4.9432592,6.609599,7.107114,6.042337,5.2658215,4.0636945,3.7829006,5.4396,3.8579938
