,0,1,2,3,4,5,6,7,8,9,10,11,12,13,14,15,16,17,18,19,20,21,22,23,24,25,26,27,28,29,30,31,32,33,34,35,36,37,38,39,40,41,42,43,44,45,46,47,48,49,50,51,52,53,54,55,56,57,58,59,60,61,62,63,64,65,66,67,68,69,70,71,72,73,74,75,76,77,78,79,80,81,82,83,84,85,86,87,88,89,90,91,92,93,94,95,96,97,98,99,100,101,102,103,104,105,106,107,108,109,110,111,112,113,114,115,116,117,118,119,120,121,122,123,124,125,126,127
0,0.0,3.112513,5.5586495,5.302144,5.4035416,6.2261605,5.3236365,6.0951114,3.3519504,4.4806166,5.0802884,5.2348475,5.0507526,4.240907,5.5342517,5.4072375,6.6395736,8.068245,8.299019,8.265393,6.670371,6.7654805,6.30684,5.911214,6.757454,4.9085245,3.5989325,4.5727425,4.234204,5.733247,5.3612075,6.627937,4.4002604,4.578585,5.3836164,4.6647873,4.362039,5.7451515,4.589051,5.7780614,5.312308,5.603439,5.615399,5.850395,5.90799,5.895489,5.0237455,6.5456433,5.049175,4.362462,4.123575,6.8014026,4.0497365,4.917818,4.703447,6.098489,3.59533,4.750086,6.023766,6.227235,4.7040296,4.7297583,2.6124494,3.7706296,5.939667,5.106414,6.552855,5.6861267,5.5607033,4.8669147,4.741734,4.3185353,5.4602923,3.9329855,5.2866263,6.1534696,5.9903665,4.884509,5.8557467,5.4294267,5.0347805,5.3950095,5.251358,5.296647,2.936326,3.2961283,3.813265,4.313374,3.6773486,3.9656625,5.4799557,3.5014844,6.5308604,6.2580953,5.2056766,6.1516724,4.8986025,3.9733648,4.740129,3.550188,5.593693,5.026594,4.8478103,5.8974485,5.6959815,5.6167817,5.3964186,6.1387095,4.1443915,5.221679,5.879931,6.049937,4.0047107,4.6925936,5.053388,4.9470253,5.2756906,4.379912,4.8006887,4.803387,4.184044,3.9660199,4.7709875,4.695165,5.021688,5.8952603,5.526681,5.8429437
1,3.112513,0.0,3.618786,3.476025,3.8807516,5.289058,3.0721164,5.254598,3.8480248,4.3833,4.588461,4.7918243,3.375975,2.76488,5.0710535,4.4574513,5.6251674,7.4400697,6.5897145,7.0079856,5.878995,5.904111,5.3951197,4.899725,5.952234,4.16822,4.0726433,4.230905,4.990058,5.6578574,4.705632,5.7988596,4.0203466,3.7514305,4.681466,4.308659,3.6164393,4.7009363,4.5160623,5.942614,3.95753,4.7342634,4.7720437,5.0541086,5.4535203,4.517835,2.975446,5.1371455,5.258743,3.8334463,4.0926857,5.930688,3.0570717,4.610777,4.41577,5.7139597,2.8440948,4.3937397,5.5329404,5.3362565,5.200407,5.178557,3.5812488,3.7165604,5.1782956,5.2850437,6.697707,5.717999,5.5933757,5.1692104,4.711013,4.4570317,5.6125507,3.484938,5.49384,6.246233,5.9764314,4.93785,5.6667185,5.490404,4.9820805,5.2954507,5.6449094,5.7173386,2.5697637,3.6828632,4.8021245,3.8928907,4.1328363,3.9695895,5.5530467,4.305049,5.541911,5.320642,4.4915338,4.6114674,4.591676,3.7432015,4.7591166,3.443112,5.6576552,5.095159,4.647921,5.076173,5.385636,5.3068376,5.0121484,5.2639875,3.9874907,5.0562725,5.7920723,5.680581,4.093674,4.2740498,4.1937222,4.4844666,5.017785,4.0678763,4.563792,4.5421715,3.756228,3.8315725,4.3168993,4.4494686,4.557058,5.470157,5.3608074,5.50907
2,5.5586495,3.618786,0.0,2.2281766,2.4353523,5.586023,2.3067012,5.172982,5.1181026,4.708428,4.2536592,4.3412385,2.6776261,3.1567726,5.215637,4.2396297,6.3327103,6.2272224,6.011702,6.338449,6.487251,6.695389,5.5539393,5.0583706,4.458252,4.6307926,5.261528,4.487787,5.471777,5.1209536,4.721046,5.0279756,4.8616734,4.4890947,5.778953,5.153416,4.6436896,4.2986984,5.3874826,6.0671606,4.3482056,4.713588,4.650402,4.9565964,6.317419,4.4787464,2.9267974,4.4212103,5.8418036,4.959615,4.947076,5.6111045,4.7852116,5.662575,5.323632,6.528017,4.090364,5.0850616,6.211451,5.8457127,6.225203,6.179928,4.986653,4.4488926,4.8803773,5.699686,6.9931417,6.084908,5.7648864,5.3187838,5.289442,5.1305366,5.935223,4.99477,5.6758246,5.8866887,6.4503174,5.2429347,5.9684725,5.8313107,5.6272945,5.6571584,5.572632,5.6182933,4.5062037,4.337577,6.678911,4.4387417,5.6420918,4.897978,6.5888615,5.913146,4.9412727,5.2554946,4.3192496,4.531273,4.9716372,5.086201,5.9472504,5.52333,6.2670302,5.949319,5.467554,5.181759,5.1122847,5.0128493,4.781957,4.791914,4.2896,5.8840218,5.829078,5.552402,5.120223,4.6018114,5.1085386,4.690926,5.670014,4.880126,5.073457,5.0142217,5.47593,4.9312067,5.4437637,4.990754,5.6989512,6.4425297,5.9868703,6.385624
3,5.302144,3.476025,2.2281766,0.0,1.9376271,5.381675,1.6940157,4.855133,4.693392,4.2988715,3.7972548,4.018337,3.3607497,3.7397983,5.738974,4.6311216,6.1580424,6.3715453,6.2884727,6.6366053,6.302356,6.362553,6.0035787,5.3908553,4.042845,4.474099,5.2444806,5.1323376,5.7830405,5.4399343,4.2894,4.7532516,5.0236406,4.729073,6.150844,5.5746427,4.8138947,4.5815067,5.701634,6.3172774,3.7845147,4.6432805,4.5818095,4.9246073,6.5011063,4.744548,3.4644258,5.154607,5.4673176,4.760782,4.6603756,5.6596055,4.3970323,5.403552,5.588295,6.4726915,3.7867033,4.823289,5.9634876,6.05611,6.061688,6.0015254,4.7838216,4.914036,4.880269,5.7778087,7.3155847,6.3930526,6.0250936,5.459044,5.4290047,5.327284,6.39147,4.8776965,6.076068,6.7320485,6.5634265,5.6860905,6.4442325,6.2244463,5.401302,5.8805065,5.7195306,5.814412,4.3045306,4.5213795,6.9703393,4.9415503,5.5757723,5.2334867,6.7005644,6.1446867,5.512209,5.9424677,4.0224023,5.1347146,5.3024197,4.851914,6.0647798,5.3243213,6.3933687,6.0819564,5.226986,4.7782106,5.252301,5.165244,5.266169,5.250753,4.6376433,5.6177907,6.2262983,5.934773,4.912774,4.5049396,4.8286085,4.8103023,5.728862,4.9470563,5.1949573,5.1472764,5.2346873,4.9019113,5.6591387,5.28644,5.494954,6.2644525,5.836697,6.162513
4,5.4035416,3.8807516,2.4353523,1.9376271,0.0,5.377309,2.344836,5.3092303,4.3728313,3.9374142,3.3463085,3.6591108,3.196608,3.6357155,5.281059,4.112876,6.5320396,6.509786,6.388574,6.8944607,6.6448526,6.825639,6.4265623,5.680863,3.0665085,3.7478278,5.350468,4.750272,5.9090242,5.2691803,3.9227426,4.2253094,4.558155,4.2577944,6.719896,5.270647,5.1434603,5.005808,5.907188,5.8557353,4.317268,4.8354053,4.613169,5.047059,6.5246286,5.5509644,4.0252795,4.887611,5.9445415,5.404482,4.2085876,5.631997,4.700748,6.1068797,5.689665,6.663828,3.4365673,4.874705,6.553871,6.660304,5.575362,5.5194182,4.8748536,4.5427003,5.4811854,6.2982926,7.388038,6.5905104,5.774866,5.767023,5.761651,5.646967,5.6797705,5.2031436,6.407933,6.637195,6.8522477,5.9831686,5.776276,6.4417725,4.5484,5.0567784,4.8781676,4.9680405,4.5598807,4.1652813,6.616381,4.411569,5.336327,4.726123,6.333043,5.7224,5.313712,5.5946784,3.4465308,4.751523,5.325176,5.068455,6.2132344,5.617201,6.261817,5.9378166,5.077878,4.871977,5.7319984,5.3493114,5.524737,5.3092885,4.771593,5.970667,6.58049,6.2817464,4.80227,4.87386,4.5206766,4.6180983,6.2142725,5.1730046,4.974766,4.9315796,5.3725023,5.0461783,5.6352344,5.2922106,5.347108,6.087915,5.6073933,5.962903
5,6.2261605,5.289058,5.586023,5.381675,5.377309,0.0,5.360116,3.1653311,5.1988444,4.1729,4.397356,4.579686,5.3898463,4.4654193,6.019916,5.235537,6.6601877,7.383147,7.830038,6.998314,6.6606374,6.84861,6.864355,7.5773363,6.3577456,5.87354,6.6283703,5.695741,7.050618,5.6137342,5.174487,4.0364833,4.3295465,4.1699753,5.433879,5.4655237,6.073249,5.337538,6.661858,6.7015076,6.8975706,7.4813924,7.4116483,7.602001,4.510633,6.0001683,6.6904764,6.7032447,5.981952,4.742673,4.539534,3.2122552,6.001587,6.1580224,6.953895,5.4366,4.5126157,3.8368773,5.3960423,5.690383,5.294889,5.211892,5.7619486,4.2751937,6.191906,5.3856034,6.8489294,5.869648,3.322285,4.945289,4.7914352,4.7728205,5.5562983,5.919032,5.545929,4.81907,5.5172305,4.845851,5.541384,5.552165,4.8626738,5.2805853,5.6351843,5.7204223,5.747755,5.141658,7.168967,5.1680646,5.3294964,4.7700167,7.416984,5.743366,3.3229554,6.4717417,5.725372,5.8040624,6.481523,5.6921735,6.841021,6.166713,4.4410353,5.103031,4.7934856,4.1053205,5.352801,6.3755937,5.0820575,6.153332,5.667006,4.71974,5.7600045,5.0171638,2.9819536,6.3352995,5.521419,5.682478,5.6885004,6.5112815,5.87123,5.8309693,6.650065,6.528024,6.239862,6.946057,5.7905965,6.516518,7.1332936,6.5527077
6,5.3236365,3.0721164,2.3067012,1.6940157,2.344836,5.360116,0.0,4.8190413,4.7742624,4.401875,3.94715,4.2632074,3.5564308,3.7164493,5.7950425,4.761564,6.0938125,6.2624917,6.034347,6.6410465,6.382263,6.4246335,6.0604925,5.5869427,4.129135,4.458221,5.2006,5.0733094,5.9189467,5.7188888,4.470282,4.900924,5.037332,4.740091,5.842891,5.4281707,4.9342675,4.672934,5.7277093,6.612226,3.9488308,4.5572977,4.7040334,4.897391,6.4569154,4.842931,3.5975337,5.3016925,5.301607,4.7694364,4.5859776,5.6333303,3.8820074,5.1378336,5.255511,6.1040926,3.7217453,4.71874,5.8965545,5.7410016,6.000671,5.9456825,4.807707,4.9019384,5.091012,5.9590664,7.230659,6.3017645,5.9362946,5.7027617,5.3249965,5.1957726,6.251759,4.7303243,6.1163244,6.6922135,6.531152,5.5499005,6.050928,6.1059575,5.342909,5.708418,5.687198,5.790176,3.8497999,4.5061893,6.697051,4.478955,5.7902956,5.334934,6.824099,6.2746077,5.6391273,5.6178637,3.865677,4.7806435,5.394731,4.9090037,6.011694,5.0703616,6.3986406,6.0272474,5.269811,4.9097285,5.4426365,5.363447,5.1890826,4.988463,4.710041,5.4888105,6.2063947,5.842966,4.9363422,4.762189,4.330109,4.874493,5.6473494,4.8852344,5.1349363,5.0887785,4.914115,5.086353,5.3075533,5.298162,5.4029503,6.1554427,6.0652156,6.030582
7,6.0951114,5.254598,5.172982,4.855133,5.3092303,3.1653311,4.8190413,0.0,5.3592215,4.6624627,4.6255383,4.901541,5.451974,5.00554,6.75022,6.1011667,5.942648,5.8568916,7.8210235,6.45594,5.917371,6.1043253,6.14813,7.408418,5.907188,5.754185,6.197408,6.2005854,6.768443,5.3704176,4.6813154,3.842993,5.686806,5.477893,4.8646507,6.2902617,6.100399,5.2721205,6.7094464,7.0855975,6.442787,6.8978877,6.8093185,7.0379844,4.861714,4.6117306,6.293089,6.990017,4.033595,3.5267591,5.3714223,3.8293862,5.677347,4.56311,6.9424343,5.012966,5.02753,3.39382,4.0197835,4.3531623,6.2515383,6.20046,5.8347034,5.3636355,4.6816773,4.737723,5.947883,4.936896,3.960523,3.7026865,3.6686096,3.5717113,6.2391024,5.876774,3.8259313,4.3628273,4.58248,3.3569102,6.196639,4.3546863,5.8342295,6.1193542,6.101333,6.1731405,5.884096,5.776804,7.447446,5.616483,6.2528048,5.879243,7.7345896,6.6776013,3.734432,6.890308,5.593321,6.347666,6.540813,5.8166146,6.419387,6.1697235,4.835703,5.67308,5.417701,3.2458007,4.4978094,6.134974,4.4567695,6.1196594,5.6171,3.420565,4.553912,3.8482857,2.9985209,5.76331,5.2260075,5.585883,4.239331,5.901224,5.7739797,5.7283816,6.0489607,5.9125204,6.1099563,6.2644086,6.0637436,6.7882447,6.792895,6.6881003
8,3.3519504,3.8480248,5.1181026,4.693392,4.3728313,5.1988444,4.7742624,5.3592215,0.0,2.3967378,2.8092382,3.5366755,3.849543,3.5224864,4.520552,3.7318392,6.84875,7.735396,7.601611,7.65441,6.778292,6.737405,5.9844193,5.4751825,5.4426713,3.3180697,4.795049,3.9586065,5.041338,4.459013,3.4524016,4.7689238,2.8730488,3.432337,5.427151,3.467788,4.260968,4.818725,4.71844,4.902633,4.7012186,4.8294845,5.079999,5.036036,5.176267,6.132879,5.2866673,5.4855075,5.54993,5.0407023,2.4720333,5.4754214,3.773148,5.233077,4.2921653,5.150469,2.6754587,3.2567935,5.226606,5.814514,2.975986,2.9851415,3.3462758,3.0342195,5.0984674,5.4501123,6.3345866,5.538172,4.946228,4.865476,4.468278,4.5009103,3.7897093,4.6877055,5.534206,5.623348,5.1684227,5.0289335,4.105474,5.0772915,3.355793,3.7128065,3.8830302,3.9999757,3.642914,2.9138567,4.07399,3.655193,3.889183,3.964496,5.690855,4.0013895,5.1322613,5.366511,3.2276487,5.1834426,5.0194597,4.0579166,4.071326,4.019072,4.4149966,3.4107018,3.1534579,4.6791267,5.0653152,4.9773083,5.353468,5.8592963,4.2565,4.8570333,6.114805,5.5664935,3.4815032,3.4991534,3.3801432,2.8839104,4.501378,3.411663,2.7738588,2.782965,3.4243474,3.4970014,3.2379582,3.9821055,3.3494833,4.546386,4.670744,4.421251
9,4.4806166,4.3833,4.708428,4.2988715,3.9374142,4.1729,4.401875,4.6624627,2.3967378,0.0,1.0892237,2.0742338,4.380882,3.7857459,5.0896707,4.4266086,7.3595185,7.4979753,7.3536963,7.4080253,7.3135004,7.3738313,6.5902963,6.183011,5.1634307,4.3874035,4.8468504,4.221786,5.1575994,5.0109324,4.0657964,4.1491427,3.348715,3.7743902,5.6523013,3.9669576,4.6098256,3.936366,4.7621584,5.2242737,5.433134,5.437658,5.6752796,5.5895424,5.430238,6.671409,5.8587313,5.880267,5.811909,5.278304,3.0796478,4.6747966,4.311862,5.61842,4.582252,5.386346,3.3746824,3.727014,5.418857,6.036149,3.3050802,3.2332184,3.1677725,2.808641,5.6901627,5.3665037,6.4065533,5.5071554,4.662169,4.7385387,4.3818803,4.551655,3.8373852,5.0529165,5.410688,5.461203,5.2030663,4.896975,3.96237,5.017797,3.070274,3.6046312,3.718759,3.8577824,3.6559973,2.8972619,5.5803947,3.441548,4.3724813,4.0034213,6.5076737,4.9135666,4.864014,5.396691,3.7647338,5.3865027,5.1813574,4.067774,4.5705876,4.509675,4.4115677,3.601852,3.4689445,5.154886,4.5218444,4.434942,4.7905083,5.0522814,3.936696,4.5980077,5.86163,5.1031194,3.2162197,4.041058,3.7278478,3.530298,5.067945,4.239694,3.6603138,3.61456,4.447762,4.5837464,4.416703,4.7280536,4.1197667,5.151841,5.512454,5.042332
10,5.0802884,4.588461,4.2536592,3.7972548,3.3463085,4.397356,3.94715,4.6255383,2.8092382,1.0892237,0.0,1.8790207,4.1109214,3.8953018,5.127301,4.2457547,7.327364,7.157951,7.1714115,7.2664247,7.3057175,7.372408,6.6502504,6.2120485,4.4942803,4.200481,5.169213,4.332733,5.431348,4.844057,3.767371,3.7089386,3.702744,4.075184,5.9920673,4.38734,4.9642854,4.0045004,5.1788683,5.487069,5.288704,5.2288446,5.514432,5.4057727,5.8385644,6.53597,5.68387,5.708331,5.902669,5.4790044,3.3057227,4.613806,4.580729,5.7793407,4.923701,5.6290097,3.6104853,3.837086,5.5538893,6.1955867,3.9368033,3.8643136,3.787948,3.3620915,5.5447383,5.755771,6.6484437,5.8125367,5.013024,5.00436,4.7331967,4.9044757,4.281975,5.413941,5.7182326,5.7020507,5.6007185,5.1767898,4.332642,5.3506603,3.446331,3.9237142,3.9056134,4.0468645,4.063031,3.3263485,6.112745,3.7594612,4.8632383,4.4044423,6.67151,5.434043,4.798549,5.296128,3.2425935,5.223005,5.451234,4.577531,5.00148,5.088477,4.865122,4.1708994,3.8482237,4.9717665,4.7214055,4.6159368,5.0415096,5.177891,4.3332357,4.9238195,6.1729455,5.3148346,3.6780143,3.9521537,3.6574543,3.4033024,5.11326,4.260264,3.6491592,3.5955017,4.560508,4.6985884,4.5492287,4.704007,4.18376,5.1910915,5.508453,5.043197
11,5.2348475,4.7918243,4.3412385,4.018337,3.6591108,4.579686,4.2632074,4.901541,3.5366755,2.0742338,1.8790207,0.0,4.508998,4.1855564,4.2965136,4.480237,7.5113363,7.438477,7.2146993,7.338444,7.4476094,7.562666,6.8639393,6.489005,4.8060412,4.70469,4.5766983,3.9419327,4.4887424,5.0007496,4.1539984,4.1044164,3.7164018,3.9781055,6.0073667,4.49589,5.1206536,4.2041287,4.4129934,4.840191,5.5772586,4.992607,5.260912,5.154093,5.869963,6.758688,5.9595447,5.097084,5.6138883,5.0229006,3.3578568,3.9521906,5.1179967,5.4616284,5.259287,5.1986284,3.7927763,4.1605916,5.7836876,6.4393067,4.0537114,3.9714713,3.8724911,3.3699875,6.0615025,5.849017,7.0770187,6.1786366,5.0280805,5.3362756,5.2734146,5.3895483,4.6356983,5.5382786,6.050761,5.9942203,5.978494,5.581625,4.780314,5.7507906,3.8736975,4.4239225,4.376919,4.4964542,4.275649,3.5040185,6.4969783,4.249518,4.31017,4.6021175,5.723165,5.6028543,5.048711,4.9181633,4.0429034,5.6043158,5.506845,4.628295,5.5756493,5.288287,4.9073997,4.3813586,4.2614965,5.3845696,4.9983196,4.9303,5.158268,5.241847,4.321248,5.437705,6.4046497,5.7808003,4.096422,4.7619267,4.5502534,4.47208,5.737587,5.009337,4.4791074,4.4232907,5.359385,5.4705243,5.2857237,4.801027,4.8805785,5.779384,6.190845,5.6840186
12,5.0507526,3.375975,2.6776261,3.3607497,3.196608,5.3898463,3.5564308,5.451974,3.849543,4.380882,4.1109214,4.508998,0.0,2.0021782,4.1203866,2.6027496,6.134264,7.093894,6.3100677,6.5377107,6.181878,6.254805,4.908121,4.2350183,5.0410724,3.2164297,5.5424013,3.827961,5.7876306,4.384094,3.6213984,4.67617,3.5458803,3.1602716,5.4776196,4.0462747,4.0168333,4.5823674,5.26619,5.275724,3.882053,4.5792165,4.4651017,4.8158154,5.394194,4.438935,2.8197374,3.463921,6.263615,5.048609,4.046554,5.5352097,4.428535,5.910674,5.0217037,6.093581,3.170288,4.3185196,5.841124,5.5508785,5.2709856,5.24483,5.121669,3.813178,4.299531,5.7969213,6.703805,5.905974,5.4731326,5.2685246,5.085587,5.046944,4.804024,4.925555,5.8273697,5.473967,5.914446,5.2696667,5.0024962,5.5610642,4.8252416,4.6813936,5.011605,5.0525937,4.7387404,4.097254,5.233582,4.0376453,4.703757,4.150186,5.7343197,4.648786,4.020234,4.7287517,3.5472937,3.6080556,4.83651,4.8709445,4.9533815,5.107041,5.546099,4.888116,4.542143,4.3676953,5.2142105,5.122581,5.2962003,5.58688,4.4842863,5.818449,6.2385707,5.622064,4.64154,3.6721401,4.1360855,3.2193666,4.921931,3.916849,3.623362,3.5909283,4.491239,3.5876412,3.8556476,4.1386952,4.226152,5.1916614,4.7972035,5.2118235
13,4.240907,2.76488,3.1567726,3.7397983,3.6357155,4.4654193,3.7164493,5.00554,3.5224864,3.7857459,3.8953018,4.1855564,2.0021782,0.0,4.017398,3.1530142,6.2065,7.273318,6.276113,6.7811685,6.3158646,6.4329844,5.3647146,4.8003297,5.5052276,3.665563,5.183667,3.9404137,5.0573993,5.002677,3.9815922,4.7600203,2.656827,2.084848,4.9951367,3.4812214,3.423223,4.2198954,4.5753436,4.986681,4.4253736,5.1832075,5.1312437,5.3920097,4.6713495,4.820408,3.5253863,4.2061415,5.8016286,4.46897,3.4636767,5.2273254,3.8456304,5.5999613,4.6076403,5.745883,2.3786972,3.9157732,5.5937166,5.2789783,4.4886613,4.466466,4.130576,2.7272918,4.7542405,5.0855465,6.276596,5.2928243,4.4488387,4.388825,4.1950974,4.0440073,4.092514,3.4320545,5.208672,4.747475,5.383188,4.51187,4.3083224,4.973511,3.7686188,3.5882978,4.1897893,4.2318044,3.730533,2.9457476,4.382434,2.921941,3.9682934,3.381985,5.616819,3.9190018,3.9660125,4.7621155,3.9962356,3.8308697,4.407382,3.9748821,4.537969,4.251334,4.775463,4.09358,4.0371065,4.536521,4.5550737,4.514565,4.473128,4.539687,3.606787,5.102753,5.547422,4.9737825,3.715789,3.6377575,3.9345927,3.3060663,4.656135,3.700739,3.3911803,3.3577325,4.274028,3.6612446,3.5267427,4.0480795,4.0359974,5.069719,4.999688,5.116711
14,5.5342517,5.0710535,5.215637,5.738974,5.281059,6.019916,5.7950425,6.75022,4.520552,5.0896707,5.127301,4.2965136,4.1203866,4.017398,0.0,3.1265647,7.441156,8.571455,7.9687343,8.1563225,7.416689,7.4864655,6.8647795,6.4873266,6.3579855,4.7337036,5.3436136,2.9158509,4.474386,4.713816,4.82386,5.726827,3.1282866,3.221466,6.309131,4.5367355,5.8808265,6.2833085,4.924003,4.95329,6.260344,5.5306215,5.8074775,5.789765,6.03246,6.642919,5.8026567,3.7338574,6.5649085,5.339955,3.595156,4.8455424,6.360179,6.1203723,6.321413,5.6592274,4.2087774,4.905649,7.0068345,7.185112,5.0677605,5.0566516,5.6538877,3.8193715,6.727923,6.9981604,8.0518465,7.35873,5.5893974,6.6731744,6.738081,6.576528,5.328342,5.8932643,7.3166566,6.3007874,7.11513,6.717845,5.622896,7.089133,5.292784,5.2302985,5.4757094,5.511464,5.478903,4.3478084,5.4721303,5.0650754,3.615759,4.6794333,3.5161836,4.725584,5.2147784,3.9433868,4.8921323,5.126491,6.217189,6.1560426,6.7104745,6.3176937,5.7018886,5.3114014,5.427559,5.734917,6.8732233,6.8392854,6.7851567,7.071704,5.8405976,7.447719,7.792511,7.396125,5.5063643,5.5993533,5.676066,5.069911,6.274255,5.542212,4.73567,4.724583,5.9359226,5.794983,4.925909,4.6915355,5.1238704,5.9442773,6.4362655,6.0129232
15,5.4072375,4.4574513,4.2396297,4.6311216,4.112876,5.235537,4.761564,6.1011667,3.7318392,4.4266086,4.2457547,4.480237,2.6027496,3.1530142,3.1265647,0.0,6.6831136,7.7901983,7.3621054,7.3725,6.686603,6.734288,5.9305706,5.4765615,5.3215976,3.7911885,6.2049737,3.284214,5.9245048,3.4174454,4.108993,4.93171,2.493443,2.942223,5.9593973,3.8886693,5.3666725,5.5234084,5.8196416,5.5592027,5.148639,5.2351336,5.5123663,5.479656,5.665092,5.5573874,4.562563,4.0515957,6.881466,5.718192,3.0230083,4.9246826,5.593403,6.357574,5.756484,5.9430656,3.4862802,4.0713906,6.411758,6.618821,4.7309494,4.717789,5.514084,3.4465222,5.623522,6.523818,7.629814,6.927863,5.239019,6.2680597,6.1619835,6.049348,5.1149287,5.835099,6.88773,5.9188285,6.676873,6.285731,5.3306704,6.6785784,4.9997563,4.9891224,5.176955,5.24887,5.182649,3.970178,5.5413747,4.7716093,4.5288243,4.2094,5.6026316,4.5002084,4.225079,4.662705,3.5163445,4.1950493,5.74962,5.839503,6.361666,6.002855,5.3413157,4.9328732,4.3413444,4.5042524,6.422066,6.4165053,6.3041873,6.740405,5.5872693,6.774938,7.171159,6.7234054,4.984191,4.7878175,5.074739,3.7990375,5.65674,4.9032736,3.9859383,3.9801142,5.395455,5.0633106,4.3430686,5.1258388,4.432127,5.3396935,5.719647,5.373391
16,6.6395736,5.6251674,6.3327103,6.1580424,6.5320396,6.6601877,6.0938125,5.942648,6.84875,7.3595185,7.327364,7.5113363,6.134264,6.2065,7.441156,6.6831136,0.0,4.9923854,5.936498,4.487302,0.91806793,1.6226715,6.3482237,7.244459,6.605356,5.2811794,7.359702,7.12117,7.8442397,6.459656,5.1339865,5.9017253,6.8823433,6.720018,6.0169587,7.131813,6.808182,7.151911,7.6146617,8.113494,6.5644884,7.173599,6.984321,7.22712,6.52186,4.7533307,5.7617984,7.2468767,6.385903,5.2990823,6.8669925,6.851015,6.639159,6.247836,7.750124,6.853397,6.1818194,5.7455544,6.108369,6.2251344,7.877689,7.8696895,7.2807612,6.9108605,6.069882,6.796121,5.2368093,5.3580337,7.012064,6.6957808,6.6176505,6.4164944,8.336332,6.853426,6.8033075,7.384905,7.4446144,6.4447494,8.45581,7.0420966,7.9460235,8.164028,8.436982,8.48229,7.001385,7.2929597,8.047016,7.5803304,7.1709375,6.9703827,7.742226,7.0712624,6.3398676,6.199008,6.7125134,5.1721516,5.4905534,7.063012,7.8237863,7.061581,6.989288,7.5325103,6.916353,5.3948665,7.259406,7.2110577,6.8938055,7.9609604,7.252077,6.474677,6.8825126,6.964249,6.078364,7.070279,7.1395545,7.097137,6.241006,7.0655394,7.304009,7.295902,6.922894,6.8200116,7.2956223,7.2697306,6.233545,5.6304193,5.3134766,5.6661925
17,8.068245,7.4400697,6.2272224,6.3715453,6.509786,7.383147,6.2624917,5.8568916,7.735396,7.4979753,7.157951,7.438477,7.093894,7.273318,8.571455,7.7901983,4.9923854,0.0,6.653883,5.1177945,4.9798684,5.3069096,7.4982033,8.304834,5.093305,6.5139623,7.9823904,7.9732356,8.324034,6.774566,5.797971,5.5521684,8.181142,7.907139,7.5881767,8.324904,8.106029,7.5650425,8.74428,8.71266,7.5774293,7.8377566,7.6079764,7.890823,7.847122,6.2822185,7.3529735,8.29272,6.0347714,6.7153926,7.651314,7.410403,7.540114,7.1181164,8.319988,7.6792455,7.2911363,6.669518,7.1648245,6.815317,8.537743,8.511265,7.966591,7.878152,6.1709046,6.810711,5.1307254,5.34145,6.7951665,6.566631,6.631724,6.418146,8.330467,7.746317,6.578846,6.750791,7.3456798,6.239515,8.251881,6.9142523,8.205718,8.189043,7.7085714,7.725405,7.9192204,7.6496873,9.074539,7.539751,8.70823,8.042377,9.40296,8.633887,6.929917,7.1446395,6.965793,6.339408,6.319064,8.09609,8.678721,8.28839,7.773657,8.395139,7.8937607,6.2120476,6.7669015,6.7652726,6.5011406,7.507871,7.42454,6.8570175,6.61883,6.4991784,6.8116746,7.745169,7.6319733,7.7598095,7.103355,7.9633284,7.99678,7.9642754,8.282538,7.8957343,8.296186,8.1868305,7.856742,7.3925304,6.5914793,7.1115766
18,8.299019,6.5897145,6.011702,6.2884727,6.388574,7.830038,6.034347,7.8210235,7.601611,7.3536963,7.1714115,7.2146993,6.3100677,6.276113,7.9687343,7.3621054,5.936498,6.653883,0.0,3.9624867,5.984893,6.035075,6.6929903,6.1754923,6.7099237,6.1191487,8.542815,8.0577345,8.336894,8.229846,6.2684326,6.976329,7.1608257,6.8486614,7.0401216,6.295678,5.7088823,5.6831985,6.655696,6.9687576,5.7884564,6.2419868,6.1011314,6.0309997,6.977912,7.230711,6.158224,6.202993,8.481811,7.6849923,7.6209407,7.950407,5.99482,8.059823,6.269611,7.378254,6.506981,7.3228874,7.185988,6.752039,7.354148,7.32495,7.5102687,7.1947017,6.8265767,7.398794,6.2200837,5.9218497,8.073998,7.843936,7.2589726,7.5848265,7.511485,6.9345894,8.276714,8.54849,7.9458184,7.939165,7.428012,7.4408417,7.4377275,7.44119,8.264307,8.319155,7.2555823,7.3822927,8.926784,7.377153,8.364506,7.9427953,9.032722,8.572135,7.554415,6.4665937,7.282707,5.4943156,4.3526106,6.130366,7.2651563,6.570783,7.2181115,6.8394537,6.5103283,7.832222,6.6048403,5.27373,6.3797855,5.5036354,6.1766987,7.2761316,7.336448,7.134546,7.916502,7.561445,7.670527,7.6460466,8.203253,7.6652946,7.802275,7.773804,7.9339743,7.9941363,7.9154124,7.867611,7.209942,6.7135353,6.6993628,6.7255077
19,8.265393,7.0079856,6.338449,6.6366053,6.8944607,6.998314,6.6410465,6.45594,7.65441,7.4080253,7.2664247,7.338444,6.5377107,6.7811685,8.1563225,7.3725,4.487302,5.1177945,3.9624867,0.0,4.1151776,4.21479,5.2339177,6.2195225,6.9093122,6.4276524,8.239988,7.6930103,8.60566,6.7730913,6.030114,6.2562714,7.5022774,7.2723093,5.8013115,6.6281934,6.284954,5.7106624,7.178191,7.2263937,6.360084,6.6958385,6.35562,6.498647,5.932585,5.905754,6.4612665,6.5490975,7.6595583,6.7829075,7.888438,6.8625407,6.8161597,7.353915,6.9276214,6.4607644,7.041269,6.6625443,5.8879886,5.4566345,7.644281,7.5994887,7.876856,7.2562714,5.677337,6.1463413,4.795296,4.6475973,7.171977,7.056528,6.540291,6.914609,7.7111607,7.932578,7.0168138,7.278236,6.8072934,6.765731,7.739762,6.322768,8.240745,8.279667,8.783085,8.814018,7.992478,7.9591446,9.368481,7.9938393,8.258673,7.6427484,9.033501,8.255318,6.2010846,6.6516633,7.579861,5.7517734,4.66496,6.669068,7.4978065,7.032715,6.346318,6.8792152,6.4669447,6.65728,6.0493984,5.85994,5.777237,6.7970505,6.5257893,6.3664737,6.20633,5.9528437,7.087837,7.883538,8.076532,7.870937,7.4400954,8.115173,8.208566,8.175589,8.311432,7.990664,8.378211,8.263585,7.5304227,7.0337768,6.7058725,7.05307
20,6.670371,5.878995,6.487251,6.302356,6.6448526,6.6606374,6.382263,5.917371,6.778292,7.3135004,7.3057175,7.4476094,6.181878,6.3158646,7.416689,6.686603,0.91806793,4.9798684,5.984893,4.1151776,0.0,1.3107219,6.006457,7.0361953,6.647117,5.292142,7.376071,7.1082363,7.855393,6.189147,5.043451,5.843164,6.86809,6.7211666,5.8820662,6.9817367,6.688437,7.0374985,7.493585,7.767823,6.4905686,7.0609603,6.7798524,7.061466,6.20648,4.762242,5.9154773,7.0872517,6.3685985,5.302676,6.8922386,6.742122,6.7122574,6.2529964,7.6799507,6.6176066,6.2144747,5.6693635,5.868981,6.0315876,7.686914,7.6788116,7.311261,6.8937526,5.824051,6.5079355,4.9635696,5.092645,6.8659325,6.5670857,6.5099792,6.382359,8.16527,7.056916,6.647292,7.222263,7.1686816,6.3735642,8.356665,6.8089886,7.9476824,8.177893,8.436531,8.476766,7.2366123,7.365346,8.112575,7.723091,7.1177564,6.963891,7.6972756,7.0175343,6.1695023,6.335573,6.824202,5.3892384,5.2914686,6.9458904,7.7096553,7.010319,6.675468,7.312284,6.6991143,5.3037457,7.047913,7.0651107,6.730369,7.991866,7.134415,6.328947,6.6584687,6.776219,6.0342364,7.1658473,7.322406,7.1695642,6.2941675,7.2148395,7.393928,7.386247,7.1329713,6.873138,7.4550915,7.3686438,6.3705654,5.78205,5.321882,5.813846
21,6.7654805,5.904111,6.695389,6.362553,6.825639,6.84861,6.4246335,6.1043253,6.737405,7.3738313,7.372408,7.562666,6.254805,6.4329844,7.4864655,6.734288,1.6226715,5.3069096,6.035075,4.21479,1.3107219,0.0,5.746201,6.714489,6.9316144,5.5023074,7.446042,7.1466436,8.023257,6.2462516,5.207113,6.1892495,6.983141,6.8067513,5.7462893,7.0042996,6.707234,7.072233,7.5379305,7.974966,6.294633,6.9936905,6.803758,7.0411477,6.1540875,4.9133153,6.014363,7.1158276,6.5365286,5.5164347,7.0217776,6.9608827,6.567203,6.1497717,7.512209,6.472783,6.352833,5.7963934,5.812041,5.8506975,7.701126,7.686415,7.463658,7.095319,5.6260395,6.436672,5.2434115,5.3007336,7.065965,6.8847423,6.603952,6.5663013,8.255284,7.00914,6.878515,7.47588,6.928083,6.606883,8.369074,6.9135857,8.1025095,8.321607,8.66169,8.708318,7.234294,7.5387874,8.090404,7.8298173,7.2654104,7.129928,7.816844,7.1254706,6.4267344,6.4367857,6.9660416,5.506995,5.462692,6.992279,7.652549,6.866804,6.6868515,7.3321505,6.6586447,5.461427,7.022777,7.0694065,6.9138813,8.177292,7.266166,6.5051146,6.8441315,6.8682265,6.300661,7.1314826,7.3291583,7.2569017,6.326934,7.2409267,7.4470587,7.4450126,6.9874287,6.8655944,7.344658,7.420644,6.450161,5.902884,5.383739,5.9419084
22,6.30684,5.3951197,5.5539393,6.0035787,6.4265623,6.864355,6.0604925,6.14813,5.9844193,6.5902963,6.6502504,6.8639393,4.908121,5.3647146,6.8647795,5.9305706,6.3482237,7.4982033,6.6929903,5.2339177,6.006457,5.746201,0.0,2.9317493,7.5902686,6.0910797,6.796097,6.1201754,7.3553433,5.0164013,6.069808,7.1273317,6.2372274,6.057565,3.516061,4.7315283,4.211322,4.6882086,5.58817,5.793056,4.157447,4.7529593,4.432622,4.725887,4.0817437,4.039404,4.5767307,4.9833975,6.6110625,5.557034,6.810804,6.7046657,5.0351725,5.7475977,4.759384,4.98198,5.723869,5.4918237,4.3440533,3.2062817,6.2526555,6.2331724,6.598193,6.006779,3.063597,4.090862,6.29894,5.1476865,6.1920495,5.8357363,4.931444,5.376233,6.2537804,6.632124,5.5351863,5.982501,4.855385,5.3258266,6.41751,4.4626207,7.5428443,7.4689436,7.9466057,7.9611917,6.682123,6.7575045,7.2333198,6.8605957,6.8390675,6.237051,7.6521325,6.3785954,5.3369303,7.2127585,6.6909943,6.413893,4.9711127,5.0334015,5.386329,4.8735075,4.8548284,5.2128735,4.8124785,5.6174417,4.7035713,5.70511,4.5493326,6.3753433,4.9432383,5.246962,4.880247,4.6373634,6.151222,6.421689,7.046761,6.5467467,5.947078,6.5139875,6.8006496,6.7856455,6.6087403,6.0018325,6.6168666,6.724024,7.117043,7.7424555,7.1057644,7.774613
23,5.911214,4.899725,5.0583706,5.3908553,5.680863,7.5773363,5.5869427,7.408418,5.4751825,6.183011,6.2120485,6.489005,4.2350183,4.8003297,6.4873266,5.4765615,7.244459,8.304834,6.1754923,6.2195225,7.0361953,6.714489,2.9317493,0.0,7.236483,5.660572,6.470104,5.7712755,6.9925876,5.811098,6.0940824,7.518995,5.804595,5.5510683,5.1560674,4.2042913,3.2980068,4.528316,5.0448465,5.2927604,2.9526086,4.0273848,3.6948862,4.062854,5.374193,5.4915495,3.8621466,4.3393764,7.5468154,6.5741525,6.4557137,7.7012095,4.2856674,6.7260137,3.6076028,6.2283716,5.199933,6.314534,5.984831,5.079041,5.7965684,5.768918,5.9770217,5.6803603,4.1662507,5.0728784,7.0673513,6.030674,7.0282903,6.604364,5.7394037,6.156912,5.7838135,6.0081315,6.7563705,7.0725613,5.8844886,6.457357,5.9857955,5.6125894,6.8392763,6.769077,7.2991333,7.317501,5.9160504,5.997651,6.503019,6.148651,6.393182,5.79843,7.2970495,5.927056,6.4115295,6.839636,6.223872,5.934127,4.3072715,4.3673973,4.753773,4.178578,5.811607,5.185597,4.715425,6.6980343,5.0884695,4.844544,5.2379518,5.8290834,4.3046823,6.3230696,6.174542,5.8432484,6.740229,5.7541103,6.629612,6.052591,6.794028,5.989063,6.3139467,6.3024373,6.124689,5.397333,6.136804,6.2508965,6.6752195,7.3358808,6.537871,7.3680964
24,6.757454,5.952234,4.458252,4.042845,3.0665085,6.3577456,4.129135,5.907188,5.4426713,5.1634307,4.4942803,4.8060412,5.0410724,5.5052276,6.3579855,5.3215976,6.605356,5.093305,6.7099237,6.9093122,6.647117,6.9316144,7.5902686,7.236483,0.0,4.1450615,6.7384562,6.1873236,7.0693955,5.6722884,3.8474588,3.8330271,5.855794,5.673258,7.997483,6.5732656,6.892495,6.6301093,7.4802017,6.5845566,5.6551013,5.7971587,5.5490584,5.923164,7.4465184,6.659218,6.083976,6.22313,5.9658337,6.474736,4.9291177,6.258616,6.038464,7.0416107,7.0513477,7.1055636,4.7503643,5.436831,7.281837,7.4575505,6.273467,6.2318773,6.3665733,6.101378,6.1352334,7.1603885,7.1974626,6.775717,6.064648,6.519355,6.630816,6.473807,6.3951106,6.6442995,7.3163123,7.0860248,7.6466484,6.7666554,6.41545,7.201865,5.337375,5.765716,5.0786037,5.1598315,6.2858033,5.462238,7.5725403,5.641937,6.7030435,6.2750244,7.340374,7.0413327,6.175197,6.1792164,3.834324,5.385227,6.0603414,6.622059,7.6522365,7.1211076,7.0094986,6.95,6.0653787,5.1245728,6.654194,6.1861963,6.4346995,6.3823767,6.207596,6.728584,7.3991394,7.026218,5.769618,6.3315153,5.4712677,5.8297253,7.0959187,6.564908,6.047954,6.019461,6.8571286,6.5686736,6.803403,6.691691,6.222671,6.427655,6.0015388,6.098849
25,4.9085245,4.16822,4.6307926,4.474099,3.7478278,5.87354,4.458221,5.754185,3.3180697,4.3874035,4.200481,4.70469,3.2164297,3.665563,4.7337036,3.7911885,5.2811794,6.5139623,6.1191487,6.4276524,5.292142,5.5023074,6.0910797,5.660572,4.1450615,0.0,5.7996345,4.8362503,6.1952643,5.038583,1.7982242,3.7950468,3.9469557,3.8465993,6.347031,4.576164,4.905857,5.7661133,5.8504596,5.16823,4.545349,4.8863506,4.655212,4.992212,5.734044,5.6068864,4.6340446,4.765238,5.951207,5.344001,3.7294862,5.9429245,4.519744,6.1595907,5.635084,6.0053782,3.0558343,4.057575,5.924649,6.209268,4.8270125,4.83196,5.253062,4.534435,5.124825,6.608915,5.841978,5.514203,5.7811704,5.6213584,5.4805408,5.429686,4.791581,5.409648,6.41139,6.273655,6.4791913,5.80923,5.069148,5.9462705,4.1346292,4.332379,4.673928,4.7422976,5.1883216,4.5236583,5.048414,4.510205,4.8095455,4.773921,5.4902864,4.8729353,5.0020065,4.620768,2.9326253,3.6148903,4.7333965,5.1552415,5.211981,5.3710966,5.6410995,5.0006166,4.5762324,4.2716074,6.0457125,5.4767623,6.0836134,6.2643304,5.3003907,5.6857924,6.888318,6.320056,4.4868016,4.380322,3.5520122,3.5820274,5.190535,4.2791824,3.678624,3.6836581,4.323752,3.9984071,4.1612,4.366777,3.2786956,3.6674705,3.3538823,3.5182383
26,3.5989325,4.0726433,5.261528,5.2444806,5.350468,6.6283703,5.2006,6.197408,4.795049,4.8468504,5.169213,4.5766983,5.5424013,5.183667,5.3436136,6.2049737,7.359702,7.9823904,8.542815,8.239988,7.376071,7.446042,6.796097,6.470104,6.7384562,5.7996345,0.0,3.8026586,3.9462578,6.2400746,5.86293,6.567735,5.6562314,5.421769,6.022452,5.8664317,5.451419,5.992876,4.6058936,6.068494,6.0960493,5.647829,5.5330086,5.989735,6.887633,6.6422133,5.697535,6.1345177,5.113327,4.4798713,5.276837,6.435719,5.302484,5.15459,5.5212846,6.2729125,4.9683256,6.000718,6.8920918,6.7445784,5.9919353,5.9393516,3.8722346,4.696833,6.6323543,5.8412724,7.141466,6.3753886,6.325804,5.943651,5.771086,5.5493565,6.02994,5.5458784,5.9985723,6.6791043,6.5690894,5.4889755,6.1994147,6.000443,5.951365,6.2754164,5.958528,5.9754276,3.9819899,4.6196613,5.5229316,4.6697416,3.6849554,4.406362,4.596093,4.7386136,6.7902875,5.392961,5.891108,6.1947927,5.653635,5.0690413,5.491715,4.821642,6.6911263,6.232945,6.3232574,6.767766,6.071724,5.938704,5.91689,6.6746607,4.711715,6.2086883,6.838062,6.576631,4.8317394,5.6110053,5.3346324,6.013355,6.329025,5.579215,5.952831,5.915134,5.2439346,4.939583,5.9347987,4.9298573,5.9878283,6.7212563,6.307344,6.6755996
27,4.5727425,4.230905,4.487787,5.1323376,4.750272,5.695741,5.0733094,6.2005854,3.9586065,4.221786,4.332733,3.9419327,3.827961,3.9404137,2.9158509,3.284214,7.12117,7.9732356,8.0577345,7.6930103,7.1082363,7.1466436,6.1201754,5.7712755,6.1873236,4.8362503,3.8026586,0.0,4.525871,4.035051,5.0622597,5.6686854,3.6015627,3.7681668,5.5797453,4.3343983,5.468628,5.4995914,4.827775,5.6177607,5.956424,5.3392005,5.587265,5.669764,6.150057,6.203414,5.1192904,4.4536633,6.400665,5.213525,3.817895,5.015159,5.760359,5.698476,5.368787,5.7712607,4.3265057,4.9842587,6.7635555,6.714547,5.065822,5.0230446,4.6520557,3.108729,6.3049436,6.2440057,7.3628917,6.700027,5.545136,6.3531513,6.130508,5.9868827,5.1021857,6.03078,6.417121,5.8570247,6.4171352,5.8589897,5.2431183,6.335346,5.4967995,5.4789,5.4273477,5.461344,4.446194,3.869593,5.2214932,4.2771573,3.440383,3.542724,4.464938,3.9830701,5.0501966,3.716638,4.690229,4.622166,5.61959,5.6940713,5.8880563,5.563954,5.75172,5.2801504,5.2648125,5.8293457,6.353486,6.255012,6.1693335,6.9267406,5.14862,6.8320847,7.081644,6.6823916,4.80322,5.0768404,5.139053,4.621855,5.9100027,5.1085405,4.684038,4.6516447,5.221155,4.9269686,4.7289896,4.6685925,4.948947,5.7747097,5.931122,5.8278403
28,4.234204,4.990058,5.471777,5.7830405,5.9090242,7.050618,5.9189467,6.768443,5.041338,5.1575994,5.431348,4.4887424,5.7876306,5.0573993,4.474386,5.9245048,7.8442397,8.324034,8.336894,8.60566,7.855393,8.023257,7.3553433,6.9925876,7.0693955,6.1952643,3.9462578,4.525871,0.0,6.044313,6.135691,7.043867,5.030071,5.3770323,6.0217886,5.470937,5.4892993,5.687988,3.4673529,5.5875316,6.574759,5.542992,6.0453234,5.791924,6.895426,6.8290772,6.0464115,6.108176,5.3755817,4.7269235,4.987243,6.2462792,5.982114,5.075254,5.61775,6.2054453,5.150421,5.6257367,6.664254,7.140969,5.7213984,5.736042,3.6073606,4.2457476,6.91274,6.038338,7.501029,6.626587,6.2592216,5.4912386,5.8648915,5.54913,6.3359976,4.793303,6.18978,6.530409,7.08495,5.7848067,6.7345953,6.332201,6.0482206,6.1376724,5.941563,5.9653263,4.1006355,3.813554,5.948104,5.3490524,4.447267,5.3367276,4.919149,5.4936256,7.0289807,5.5044217,5.9083295,6.951481,5.776609,5.2454166,6.1710043,5.4957337,6.0793056,5.714391,6.0398335,7.09137,5.9402304,5.88243,5.746186,5.937163,4.6840196,6.600981,6.6977205,6.722666,5.5921474,5.2337065,6.453142,5.8393984,5.884193,5.054613,5.4053755,5.377784,5.605867,5.776595,5.774423,4.1836624,6.0738344,6.8724446,6.968113,6.8345137
29,5.733247,5.6578574,5.1209536,5.4399343,5.2691803,5.6137342,5.7188888,5.3704176,4.459013,5.0109324,4.844057,5.0007496,4.384094,5.002677,4.713816,3.4174454,6.459656,6.774566,8.229846,6.7730913,6.189147,6.2462516,5.0164013,5.811098,5.6722884,5.038583,6.2400746,4.035051,6.044313,0.0,4.6575336,5.1777344,4.4661927,5.049709,5.1187024,4.802089,6.1029882,5.592441,6.190892,5.9666977,5.7424116,5.2990894,5.593954,5.4727254,5.37207,4.8380833,5.510558,5.2808714,5.933943,5.2758527,4.4116206,4.553879,6.365568,5.5065007,6.130519,5.083821,4.987129,3.7631931,5.2419963,5.7573586,5.3628626,5.356943,5.9070873,4.5067234,4.6904244,5.4513555,6.970548,6.2378025,4.91219,5.667753,5.6538873,5.593026,5.943268,6.963478,5.846014,5.1801,5.905608,5.4309077,6.233393,5.7763567,6.5107107,6.5623326,6.287983,6.3351026,6.1556525,5.144917,6.8046355,6.173397,5.5925136,5.173151,6.485925,5.4194326,4.1472898,5.8188863,4.5325727,5.8281255,6.0906544,6.34956,6.819211,6.4930563,4.7087073,5.27845,4.6102734,4.0727677,5.93077,6.74486,5.728522,7.383015,5.8879547,6.0841193,6.1300435,5.856146,4.9559417,5.632857,6.3106256,5.0305686,5.1988897,5.7828336,5.264648,5.2527957,6.2543917,5.8544717,5.737026,5.9210286,5.8268566,6.559858,6.5449147,6.486811
30,5.3612075,4.705632,4.721046,4.2894,3.9227426,5.174487,4.470282,4.6813154,3.4524016,4.0657964,3.767371,4.1539984,3.6213984,3.9815922,4.82386,4.108993,5.1339865,5.797971,6.2684326,6.030114,5.043451,5.207113,6.069808,6.0940824,3.8474588,1.7982242,5.86293,5.0622597,6.135691,4.6575336,0.0,2.576426,4.1890535,4.0812764,6.101968,4.99453,5.244074,5.5476546,5.9631004,5.2362823,4.8451824,5.093433,4.930182,5.2079544,5.390555,5.372976,5.2501807,5.0090303,5.182888,4.7783966,3.746538,5.015807,4.878356,5.7017436,6.043811,5.398839,3.4269445,3.3973076,5.191628,5.6911526,4.905357,4.8853354,5.4498367,4.7468886,4.5713067,6.1368604,5.4479475,5.0695233,5.1994066,5.001274,4.989226,5.013428,4.905328,5.5979548,5.9492292,5.695418,5.893561,5.284096,5.1419578,5.484136,4.2449927,4.4967337,4.651731,4.729454,5.5438395,4.7952724,5.7503233,4.8217025,4.9551954,5.1152925,5.717018,5.401916,4.3519835,4.713595,3.0085816,4.049353,5.064288,5.3425117,5.426027,5.7094135,5.2029734,4.8971415,4.535994,3.394395,5.406892,5.2922487,5.73132,6.2502656,5.3864594,5.121256,6.536333,5.7016706,3.9950697,4.3238497,3.5934057,3.6873786,4.608233,4.4558387,3.7693512,3.758819,4.674333,4.330731,4.4180064,4.49518,3.4467537,3.8331902,3.715659,3.6181421
31,6.627937,5.7988596,5.0279756,4.7532516,4.2253094,4.0364833,4.900924,3.842993,4.7689238,4.1491427,3.7089386,4.1044164,4.67617,4.7600203,5.726827,4.93171,5.9017253,5.5521684,6.976329,6.2562714,5.843164,6.1892495,7.1273317,7.518995,3.8330271,3.7950468,6.567735,5.6686854,7.043867,5.1777344,2.576426,0.0,4.9357667,4.7503223,6.783558,6.046808,6.478577,5.898176,7.080619,6.278876,6.4297433,6.65576,6.4439173,6.7520022,5.8718004,6.11328,6.460138,6.1111007,5.6940794,5.338348,4.521172,4.1910305,6.1836905,6.600545,7.2462716,6.0723834,4.5557165,4.0079827,5.843752,6.3212767,5.734379,5.6718645,6.235429,5.160474,5.6092644,6.5360603,5.862642,5.5088615,4.773286,5.1641674,5.334096,5.348654,5.373015,6.614883,6.0862613,5.3346944,6.288577,5.3146815,5.4619613,5.837805,4.558552,4.8493085,4.7902737,4.8623996,6.401633,5.448962,7.124117,5.1643834,5.701094,5.378959,6.8536377,6.229283,3.689707,5.2878675,3.9729505,4.5954165,6.135796,6.3411107,6.633197,6.9393387,5.58409,5.717817,5.422174,3.5830395,5.6903067,5.926309,5.869634,6.538828,6.0997524,5.315998,6.744586,5.649179,3.78487,5.4889255,4.3219666,4.637844,5.3604207,5.771317,4.9112525,4.8699236,6.0746393,5.693779,5.736512,5.870461,4.6277795,4.9309964,5.1405444,4.7511225
