,0,1,2,3,4,5,6,7,8,9,10,11,12,13,14,15,16,17,18,19,20,21,22,23,24,25,26,27,28,29,30,31,32,33,34,35,36,37,38,39,40,41,42,43,44,45,46,47,48,49,50,51,52,53,54,55,56,57,58,59,60,61,62,63,64,65,66,67,68,69,70,71,72,73,74,75,76,77,78,79,80,81,82,83,84,85,86,87,88,89,90,91,92,93,94,95,96,97,98,99,100,101,102,103,104,105,106,107,108,109,110,111,112,113,114,115,116,117,118,119,120,121,122,123,124,125,126,127
0,0.0,4.9551992,1.2949038,1.0315181,4.890406,5.548882,5.1805882,5.7554603,4.739077,5.893368,5.181639,4.6639786,5.237629,4.9853706,6.3974986,4.38077,4.741173,5.6390057,6.0147405,6.7472267,5.434565,6.036218,4.632185,5.4490266,5.4861126,5.674509,5.3294744,5.715379,4.058484,5.5622563,6.4200587,5.871052,8.557659,6.9399686,7.100775,6.0783143,6.032609,6.046925,5.6632814,5.8064604,5.8415985,5.697148,6.5185914,6.5720873,6.760469,6.768506,6.7546697,6.037828,5.8158364,6.549556,6.226961,4.87929,5.8725305,6.441934,5.643507,6.2651343,7.058458,4.908169,5.626207,8.192168,5.2283726,6.331863,6.3131156,7.2840185,7.9216876,7.2911973,7.4823456,7.552024,7.6174574,8.917018,7.5941043,6.8454256,8.608143,9.285056,8.9188385,9.938703,8.555793,7.527257,7.819928,8.569894,10.157115,9.351927,9.375321,9.412557,7.2221823,7.733531,7.85635,8.605248,7.7376165,9.186066,8.124359,8.087581,7.5338526,7.4422307,6.837143,6.949177,8.603571,8.434033,9.247743,10.388847,9.037202,9.065645,8.525124,8.291507,8.835982,7.9214025,9.096714,9.391595,10.729216,8.834801,8.99233,9.531787,7.843294,8.622224,8.108778,8.933748,8.22904,8.114737,7.3962517,8.266198,8.406065,7.9748554,8.946363,8.898592,8.481557,8.164712,8.229954,8.042522
1,4.9551992,0.0,4.876566,4.8320985,5.571513,4.0213237,4.929246,5.390708,2.8064315,4.778578,3.6370883,2.8044407,3.7923875,3.1530716,5.541921,4.777115,5.376465,4.48757,4.730702,4.5010996,3.655176,4.931059,5.766888,5.145473,5.3426065,5.647201,4.2436028,4.9534607,5.4614425,6.2852182,5.4724493,4.679445,8.089183,8.507794,7.5124426,6.303972,6.033878,6.1688504,5.9694858,6.0114207,4.567502,4.6779165,6.1390057,5.9229937,5.595703,5.560745,5.8121123,4.9956136,6.195288,5.707988,7.068123,5.6415014,6.123665,6.4758863,5.864708,5.038422,6.1629844,5.0680523,5.7811375,8.283031,5.5439067,6.2509336,6.12903,7.310317,8.121487,7.62387,8.3086605,8.119314,6.6813517,8.226487,7.9143167,7.1105833,8.041375,9.011549,9.869575,10.414796,7.781393,7.8254013,6.938825,7.7747827,10.3622875,9.082627,9.360946,9.739289,7.4834137,7.9379015,7.661902,9.432389,8.706565,9.264434,8.275618,8.265181,7.2794456,6.772513,6.866156,6.9706182,9.010743,8.835915,8.638298,9.868466,8.245149,8.126936,8.442993,8.2857275,7.998293,7.0343223,8.21483,8.678108,10.214171,8.019767,8.480579,9.06199,7.9594502,8.778883,7.9222403,8.85949,8.429467,8.383782,8.397706,9.066054,8.357272,7.9362097,8.944912,8.850208,8.12351,8.332222,7.957108,8.076281
2,1.2949038,4.876566,0.0,0.6805968,4.64657,5.3246956,5.148507,5.3954544,4.7684956,6.0547028,5.013439,4.6923513,5.5317397,4.955698,6.224731,4.636669,4.9324713,5.7532735,6.052166,6.825967,5.4598856,5.9197025,4.941567,5.6862206,5.2166038,5.3946133,5.129904,5.694141,4.3533745,5.555147,6.127079,5.8454547,8.222392,6.6333017,7.3606324,5.953338,5.7779946,5.81807,5.722711,5.476443,5.771933,6.0001025,6.643473,6.6817646,6.6136036,6.6935587,6.6594334,5.866475,5.830093,6.5079627,6.33046,5.236225,5.8241305,6.4824424,5.471708,5.9563556,6.8429513,4.8689427,5.8697047,7.775258,5.0798726,6.5681777,6.0126624,6.7127876,8.1675825,7.2818975,7.549979,7.732696,7.5413985,9.277979,7.7792773,6.874143,8.913702,9.689574,8.524792,9.861784,8.803198,7.739348,7.864767,8.935037,10.158285,9.535661,9.523223,9.63875,7.200174,7.5119433,7.8650265,8.149839,7.503904,9.296137,7.9179573,7.88527,7.432938,7.43802,6.8481216,6.906159,9.031707,8.849597,9.606173,10.218065,9.171733,9.281924,8.796539,8.5465145,8.97558,7.7296476,9.30925,9.746118,10.530443,8.987044,9.177739,9.730901,7.9615216,8.717514,8.187863,8.968239,8.421759,8.275637,7.259046,8.488474,8.708871,8.127378,9.471062,9.421607,8.637188,8.351423,8.272483,8.260256
3,1.0315181,4.8320985,0.6805968,0.0,4.5236926,5.2493978,5.187715,5.394194,4.6364965,5.8401957,4.8738713,4.5626664,5.274559,4.766785,6.423447,4.357698,4.718828,5.5830293,5.857917,6.6669383,5.32684,5.7883916,4.667487,5.4374704,5.065985,5.2528896,5.0608616,5.5467157,4.028573,5.312053,5.954309,5.595085,8.314084,6.78188,7.1807013,5.7686415,5.696133,5.6727448,5.5047593,5.3239045,5.677391,5.81806,6.538867,6.5537987,6.5180087,6.605982,6.486143,5.746663,5.619775,6.320291,6.1470346,4.979951,5.611059,6.25613,5.343024,5.965771,6.8299828,4.777283,5.6581573,7.7833867,4.955582,6.5021777,5.9201107,6.9721856,8.104954,7.210125,7.491579,7.5835323,7.450331,9.1091585,7.628038,6.807133,8.825678,9.613418,8.832243,10.038019,8.654393,7.70907,7.8083363,8.838769,10.243863,9.406598,9.434752,9.580788,7.1681714,7.5020556,7.810932,8.469676,7.488824,9.235006,7.8598495,7.8270545,7.415582,7.356414,6.777988,6.845828,8.862907,8.680293,9.487708,10.449066,9.063534,9.212036,8.679658,8.432667,8.894552,7.6453676,9.281714,9.595699,10.772601,8.895085,9.1235285,9.767967,7.9092965,8.831256,8.172118,9.13597,8.396466,8.257379,7.2488227,8.448953,8.61804,8.060137,9.316331,9.266465,8.458029,8.207422,8.246736,8.176824
4,4.890406,5.571513,4.64657,4.5236926,0.0,4.9794526,4.702686,3.2564723,5.8223815,6.1047134,6.134228,5.796201,6.3957376,5.8566523,7.558039,6.3074512,7.428978,7.5752525,7.6455617,8.098205,6.381229,6.3749213,5.0379844,6.323915,6.302286,6.5882993,5.566849,5.912833,6.1842895,7.268054,6.7830453,6.2265787,8.816187,7.746463,7.5063057,6.5685773,7.518558,7.598613,7.291397,6.3436575,6.5505667,6.5963583,7.3086615,7.110875,7.4860005,7.9723897,6.7985,6.8630986,6.324803,6.441705,6.219531,6.546542,6.0949273,6.6712313,5.98522,6.508104,7.7625704,6.165716,7.711853,9.752384,6.3247128,7.003482,7.000226,8.017205,9.437485,8.986132,9.131464,9.321473,8.20114,9.260528,9.281878,8.318248,9.269635,10.476118,10.577758,11.831948,9.666052,9.383923,9.096465,9.724689,10.782446,9.5076,8.888242,9.571283,9.202776,9.564763,9.823376,10.311468,7.7549095,9.572975,8.836176,8.786256,8.742136,8.149555,8.583521,8.278434,9.285738,9.05841,9.810363,11.5945015,9.215459,10.028191,9.432036,9.365061,9.066984,7.922446,9.807967,10.007803,10.971715,9.15592,10.044449,10.040363,9.413933,10.586056,9.67199,10.500638,10.245016,10.105389,9.722105,10.087633,10.025332,9.7718115,10.2635565,10.207297,8.183021,9.725055,10.2200575,9.61873
5,5.548882,4.0213237,5.3246956,5.2493978,4.9794526,0.0,5.705618,4.8518305,2.6685529,3.232388,3.5985072,2.6970491,4.2092113,3.157944,5.5003285,4.3417416,5.8913207,5.465185,5.7368307,6.009794,3.468212,3.3966546,6.385725,7.1887436,5.3486648,5.712208,2.640696,3.6542668,6.292639,5.822893,4.660401,3.746352,7.430683,8.400261,6.4418573,5.0084934,5.237006,6.049786,5.8853693,4.749061,4.1414423,4.094541,5.3830705,4.7410583,5.1784954,5.624257,4.7356005,5.1035924,4.732566,4.386382,5.1281633,5.24352,4.5359216,5.4147973,4.1331463,4.206029,5.033383,4.08508,5.8049364,8.468174,4.5429964,5.551193,5.4327393,6.709069,7.849131,7.505702,7.4212403,7.7102656,6.396471,7.744627,7.607745,7.3562775,7.8278904,8.638512,10.431185,10.525578,7.8271265,7.610672,6.8791237,7.7195663,9.32578,7.827522,7.9138775,8.471505,7.2555676,7.7025456,8.029915,9.188813,8.273923,7.9185905,7.0091095,6.9599113,6.68167,6.4906106,7.087755,6.7208934,8.049928,7.8142295,8.161709,9.812229,7.854021,8.103277,8.428121,8.333388,7.4711013,6.243848,7.7669024,8.195534,9.788629,7.7283797,8.622512,8.568218,7.8465676,9.034862,8.19729,9.077578,8.844415,8.673673,8.284062,9.026385,8.4729595,8.210966,9.265235,9.182747,6.9694963,8.663192,8.702679,8.323021
6,5.1805882,4.929246,5.148507,5.187715,4.702686,5.705618,0.0,3.1209335,5.5115643,6.350135,6.288217,5.481013,5.8106403,5.502811,6.7299905,6.3309608,7.4038253,6.9236817,7.4059496,7.8096294,5.731029,5.7936363,4.0789075,5.774793,7.1615787,7.394598,5.4937353,5.979426,6.905119,8.073866,7.1604486,6.730458,8.827564,8.886313,8.699526,7.7308283,7.9154944,8.329621,7.519595,7.5322685,6.5151815,6.228085,8.162082,6.98726,7.729318,7.844686,7.7048035,7.1408706,7.625788,7.3766193,7.6324224,7.07031,7.441456,8.702681,7.2990074,6.755902,7.3048787,6.555281,7.987716,9.532092,6.877912,7.06477,7.947842,8.62819,9.238331,9.057303,9.101053,9.3050165,8.251005,9.49061,9.289215,8.214086,9.040708,9.756851,10.63487,11.908153,9.523946,8.930567,8.477454,9.152939,11.430985,10.571933,10.288594,10.111997,9.120167,9.507155,9.696973,9.974247,8.751507,10.486155,9.619475,9.584479,8.90591,8.284414,8.312329,8.307406,10.013506,9.887053,9.494136,10.979098,9.727841,9.710048,10.484808,10.33861,9.404983,8.527948,9.3542,10.042294,11.137331,9.303863,9.800919,9.932831,9.67327,10.592373,9.927341,10.489343,10.618517,10.482566,9.751716,10.890433,9.962808,9.596569,10.536486,10.456188,9.162071,10.422629,10.47654,10.284084
7,5.7554603,5.390708,5.3954544,5.394194,3.2564723,4.8518305,3.1209335,0.0,5.5005198,5.9376297,5.98105,5.5103297,6.4735126,5.5809164,7.13299,6.6260886,7.74671,7.328993,7.5060725,8.103148,5.94631,5.452327,4.442668,6.1350827,6.988475,7.2265697,5.4164352,6.066237,7.071824,7.690424,6.5457134,6.2704124,8.299014,8.373947,8.545139,7.122581,7.4340944,7.907759,7.607052,6.781761,6.4240227,6.5138574,8.131637,6.976996,7.2305503,7.600385,6.8675823,7.031657,6.956036,6.659859,7.2089252,7.2142525,6.501401,7.8728995,6.526652,6.4185357,7.2311697,6.402133,7.960685,9.861407,6.765257,7.70436,7.3964376,8.15632,9.613137,9.178291,9.156223,9.422398,8.131152,9.585539,9.3928585,8.268727,9.576993,10.452639,10.688575,12.091966,9.644912,9.499039,8.737956,9.669213,11.032096,9.93191,9.74359,10.255963,9.234605,9.479818,9.790037,10.320397,7.9172673,9.931476,8.846281,8.815186,8.599502,8.2726,8.719969,8.39234,10.02251,9.835005,9.944463,11.105839,9.524103,9.838739,10.486387,10.38503,9.2831545,8.004635,9.643687,10.070882,10.947495,9.49636,10.24326,10.079367,9.613187,10.946566,10.204506,10.861166,10.884364,10.715055,9.769536,10.9814825,10.166298,9.903299,11.188444,11.112658,8.74953,10.461674,10.7253895,10.40372
8,4.739077,2.8064315,4.7684956,4.6364965,5.8223815,2.6685529,5.5115643,5.5005198,0.0,3.3567789,2.326244,0.2687391,3.0767746,1.7800102,4.8498955,3.5442019,4.6223392,4.023199,4.297417,4.758639,2.770406,3.6678839,5.962736,6.1978855,4.669039,4.9858975,3.4454954,4.267367,5.293452,5.2929792,4.710685,3.8056722,7.2487507,8.247439,6.670962,5.240095,5.13226,5.4120674,4.9833817,4.9257946,3.559467,3.4869573,5.6730485,4.9434624,4.488926,4.5430217,4.6158776,4.3627033,4.9405684,4.6679626,5.8320622,4.2159204,4.6066394,5.563296,4.6384964,4.286189,5.5728636,3.7398925,4.6523685,8.31196,4.6135564,5.7473207,5.29089,6.611291,7.4571395,6.988442,7.3615627,7.221298,6.0518627,7.5687203,7.086392,6.724327,7.567,8.512015,10.1111355,10.111972,7.2299457,7.261854,6.462013,7.3082485,9.633189,8.279437,8.56102,9.181565,6.814079,7.364528,7.032242,8.9323635,8.764277,8.42385,7.445964,7.429559,6.5258245,6.132277,6.3067126,6.3117695,8.1053705,7.956159,8.045634,9.459978,7.5930142,7.520724,8.021298,7.8276844,7.390893,6.384217,7.7136245,8.023443,9.690432,7.63277,8.140059,8.377598,7.168821,8.340984,7.7132325,8.590092,8.13893,8.03973,7.6230464,8.490042,7.598372,7.371505,8.622239,8.533172,7.3255444,7.915757,7.8070364,7.605347
9,5.893368,4.778578,6.0547028,5.8401957,6.1047134,3.232388,6.350135,5.9376297,3.3567789,0.0,4.019738,3.4943721,3.0410943,3.8276212,4.6983123,3.4131634,4.692846,4.1399817,4.448096,4.5418496,2.8312283,2.7129035,5.7416935,6.2817087,5.823829,6.1830864,3.5554597,3.0045571,5.004496,4.382683,3.4571135,2.1333745,6.6929293,7.9000287,6.1191483,4.6155763,5.4889407,6.055442,5.0023017,5.0794926,5.020294,3.0492446,5.1904883,4.248818,5.944764,6.2109632,4.488304,5.4936213,4.1259813,3.698024,4.7588296,4.3454185,4.343262,4.653629,4.95747,5.2155824,5.7413907,5.250767,4.6966968,8.800447,5.0743217,6.5192027,6.2563324,7.3748636,8.283626,7.631952,7.6579146,6.8646493,6.940551,7.100105,6.7713523,7.675876,8.066787,8.214571,10.696745,9.808059,7.007299,8.027354,7.082638,7.4523993,8.940011,7.661646,7.865926,8.12077,7.5457716,8.111194,8.329399,9.582987,8.804209,8.3812685,7.3941407,7.3762813,7.5614414,6.9795666,7.473705,7.2244186,7.4226303,7.2435846,7.7598166,9.253931,8.324106,8.4838,8.74327,8.602194,8.133679,7.1633973,8.472968,7.413845,10.146514,8.115683,9.011551,7.8328476,8.496528,8.590649,8.9804,9.655533,9.294506,9.192651,8.765117,9.559555,8.6872425,8.536243,8.525314,8.436889,6.673261,8.091808,9.256271,8.5876045
10,5.181639,3.6370883,5.013439,4.8738713,6.134228,3.5985072,6.288217,5.98105,2.326244,4.019738,0.0,2.3786428,3.604967,2.115381,4.949368,3.2194405,4.698458,4.2227964,4.370054,4.81426,3.748904,4.4255085,6.546127,6.330457,3.62608,3.9974856,4.009335,4.6298013,5.0958667,5.0322285,4.197166,3.8940089,7.3590617,8.284184,7.513224,5.364662,5.3587594,5.1798916,4.447922,4.278462,4.09152,4.125626,5.508104,4.903651,4.4680843,4.6115413,4.455961,4.720855,4.9757156,4.747174,5.5511255,3.9386287,4.80589,5.2356887,4.890287,4.148103,5.4947834,4.455952,4.1868796,7.9272766,4.947309,6.806372,5.0960383,6.4967237,8.375548,6.6574044,7.329755,7.179878,6.3679204,8.402887,7.0374393,6.7338066,8.362985,9.099868,9.652932,9.824587,7.9137697,8.024057,6.9045696,8.240039,10.001427,9.048732,9.182149,9.840303,7.097611,7.253273,7.2306213,8.85644,9.107397,9.294479,7.714212,7.708023,6.9892044,6.462775,6.633792,6.6749554,8.52555,8.694748,8.619205,9.426542,7.9660945,8.137421,8.264414,8.0723505,7.885936,6.5746984,8.394482,8.518201,10.069517,8.029457,8.46429,8.942694,7.4362426,8.607765,8.056609,9.1701975,8.375204,8.27776,7.2962446,8.618894,8.123443,7.7339654,9.125606,9.001867,7.5977993,7.420293,7.927802,7.6721396
11,4.6639786,2.8044407,4.6923513,4.5626664,5.796201,2.6970491,5.481013,5.5103297,0.2687391,3.4943721,2.3786428,0.0,3.0655158,1.7532605,4.9374747,3.6075025,4.6324973,4.0774302,4.3733735,4.8437586,2.9043396,3.7812269,6.001862,6.234773,4.5936456,4.9085274,3.4175038,4.2640166,5.2837152,5.348253,4.8278704,3.9400373,7.310675,8.267411,6.6628327,5.3015165,5.181026,5.4181232,5.043345,4.9665093,3.5120602,3.494584,5.686561,4.975217,4.514403,4.564889,4.7132277,4.373515,4.9754443,4.7323117,5.849428,4.253378,4.689404,5.6525493,4.6153965,4.3014097,5.5947676,3.6754367,4.694935,8.334315,4.549832,5.628775,5.3154254,6.6340384,7.389822,6.9479995,7.30282,7.242287,6.0000415,7.5715566,7.1080537,6.681456,7.486347,8.498419,10.079361,10.1278,7.2557526,7.169487,6.4032855,7.2657585,9.688379,8.321936,8.5458145,9.156264,6.7925444,7.315302,6.9771204,8.867341,8.790696,8.448539,7.49071,7.473784,6.51917,6.133836,6.256695,6.3162303,8.127973,7.964344,8.026947,9.487816,7.586296,7.520068,7.9759164,7.781786,7.370635,6.330028,7.6783795,8.050026,9.694227,7.5908103,8.089629,8.411755,7.1341805,8.372848,7.662354,8.577585,8.105802,8.011258,7.6001883,8.445564,7.575194,7.329822,8.589405,8.501048,7.323968,7.9138703,7.7493706,7.573842
12,5.237629,3.7923875,5.5317397,5.274559,6.3957376,4.2092113,5.8106403,6.4735126,3.0767746,3.0410943,3.604967,3.0655158,0.0,2.893074,4.9576383,3.0163493,4.1688237,3.5924056,4.062066,3.991078,2.858834,3.9105906,5.7291417,5.8390965,4.852772,5.247387,3.7494774,3.1021566,4.27622,4.9311028,4.1719685,3.2167265,7.566837,8.541642,6.471893,5.3185678,6.052345,6.098931,4.560283,5.451986,4.66729,2.9348207,5.3749146,4.6718016,5.9397016,5.982619,5.24597,5.0098605,5.076255,4.75252,5.557117,4.0822396,5.5615416,5.7117977,5.54441,5.3203487,6.015435,5.0810943,4.675427,8.306674,4.781934,5.904598,6.3601975,7.7468033,8.003956,7.1431375,7.629219,6.8619566,6.5348654,7.2769065,6.737597,7.27261,7.568157,8.100128,10.50938,9.917126,7.060663,7.571354,6.713026,7.263088,10.079613,8.835997,8.62647,8.593382,7.419757,7.745334,7.749437,9.215699,9.635371,9.486961,8.447689,8.433047,7.9377656,6.9177704,6.7419505,7.1633387,7.9717264,7.8656964,7.672586,9.755097,8.40115,8.507252,8.423215,8.216754,8.243653,7.085619,8.516477,7.833053,10.626186,7.8201995,8.439541,8.39205,8.358716,8.652817,8.410444,9.548345,8.919586,8.875434,8.474077,9.293903,8.499692,8.032571,8.0272,7.91954,7.064376,7.61046,8.566087,8.17666
13,4.9853706,3.1530716,4.955698,4.766785,5.8566523,3.157944,5.502811,5.5809164,1.7800102,3.8276212,2.115381,1.7532605,2.893074,0.0,5.4875965,3.4807758,5.1380944,4.601927,4.950551,5.218885,3.2989547,4.2837753,6.151895,6.486997,4.5783644,4.970996,3.7746994,4.4031844,5.4156,5.6566744,4.3670173,3.9666464,8.017438,8.944101,7.6242847,5.449964,5.5885673,5.814634,4.8409925,5.0073996,3.8507636,3.6037095,5.7503767,5.058112,5.0321794,5.091686,5.0999455,4.747632,5.3773336,5.1054244,5.935435,4.4128127,5.2191415,6.0033035,5.0568314,4.75385,5.579186,4.0922513,5.118131,8.553673,4.9172716,6.5884914,5.8147798,7.4035764,8.34937,7.201923,7.594672,7.5113616,6.2329655,8.354022,7.383827,6.996015,8.213316,9.157236,10.324309,10.602274,7.996248,7.885525,6.713991,8.070693,10.768135,9.319908,9.375547,9.861094,7.2348404,7.375199,7.358358,9.163279,9.28619,9.502964,8.083314,8.061077,7.075015,6.362212,6.504458,6.668987,8.871903,8.769729,8.67881,10.1183,8.463657,8.493104,8.761047,8.547974,8.272628,6.6350784,8.530909,8.871902,10.785344,8.382547,8.853088,9.337711,7.9432006,9.226251,8.3548155,9.608325,8.935223,8.805997,7.839834,9.141961,8.545362,8.157778,9.167953,9.069348,7.739822,8.0222225,8.502602,8.213349
14,6.3974986,5.541921,6.224731,6.423447,7.558039,5.5003285,6.7299905,7.13299,4.8498955,4.6983123,4.949368,4.9374747,4.9576383,5.4875965,0.0,4.7441497,5.4860206,5.0961223,5.451899,5.518494,4.4790573,5.0108275,7.27446,7.465897,6.180808,6.4627347,5.275816,5.124256,6.09737,5.9628005,5.4778833,5.239297,5.9755306,7.0714617,7.443373,6.30706,6.730359,7.0525837,5.5952754,6.155869,6.1362596,5.0820007,6.231905,5.6436143,6.609657,6.660364,5.8963604,6.274738,6.064445,5.8947845,6.2402782,5.0723305,6.2682595,6.3384852,6.5901875,5.4757605,6.6625214,6.304677,5.4452076,8.518061,6.2572494,7.2847166,6.818656,5.520768,8.890176,8.055435,8.34477,7.5433135,7.9424653,8.453811,7.4992685,8.07146,8.782565,8.883631,9.360418,8.539233,8.083333,8.604477,8.008037,8.420946,8.626807,9.363712,9.074662,9.096256,8.290486,8.840888,8.869703,7.881386,9.893479,9.692423,8.754568,8.753088,8.508091,7.8874164,7.94122,7.9400516,8.486985,8.694922,8.503102,7.3880377,8.998758,8.971447,9.228197,8.974573,8.843485,8.3243685,9.04764,8.531017,8.30049,8.692082,9.302374,7.324054,8.8247175,7.2794666,9.075377,8.466352,9.373909,9.281762,8.895537,9.791388,8.99664,8.654632,9.151992,9.037724,8.335967,8.636666,9.184583,8.884617
15,4.38077,4.777115,4.636669,4.357698,6.3074512,4.3417416,6.3309608,6.6260886,3.5442019,3.4131634,3.2194405,3.6075025,3.0163493,3.4807758,4.7441497,0.0,3.7739155,4.0564117,4.5328164,4.9131846,3.3499997,4.00505,5.62664,6.0952806,4.58963,4.947791,3.9425044,3.7513754,4.148821,4.1125126,3.9538987,3.2824407,7.7073545,7.892095,6.5412517,4.731388,5.1990542,5.5384197,3.6307683,4.2457976,5.0676713,3.8742676,4.7130775,4.36764,5.6185946,5.7080154,4.8386426,5.2821813,4.45989,4.7788696,4.509034,3.001288,4.832195,4.772583,5.0442977,5.0113792,5.347356,4.7230062,3.6177125,7.3374968,4.5991735,6.3848147,5.4558387,7.014143,8.116493,6.8458395,6.922858,6.2520194,7.079089,8.071068,6.2696214,6.8902526,8.299168,8.399752,10.027725,9.6852865,7.6102095,7.6575418,7.1608715,7.9696918,9.635178,8.752531,8.978853,8.89718,7.1567802,7.6032143,7.933648,9.123609,8.77439,9.001205,7.663235,7.638455,7.466785,6.972409,6.7956057,6.8232837,7.640684,7.886337,8.03774,9.656152,8.512025,8.544531,8.414654,8.118155,8.330838,7.4029784,8.569602,8.121545,10.697184,8.179507,8.806053,8.750553,7.9380054,8.244617,8.173908,9.232833,8.515205,8.368487,7.5166593,8.780453,8.306345,7.8217564,8.495675,8.381578,7.546442,7.5467315,8.291838,7.953215
16,4.741173,5.376465,4.9324713,4.718828,7.428978,5.8913207,7.4038253,7.74671,4.6223392,4.692846,4.698458,4.6324973,4.1688237,5.1380944,5.4860206,3.7739155,0.0,2.0546918,2.4846976,3.462962,4.80254,4.9134097,6.2316456,5.125942,4.3820434,4.440649,4.7414045,4.4510007,2.7905977,2.176334,4.6776605,4.159915,6.46148,6.488934,6.6172514,5.5009847,5.4022512,4.221614,4.8254867,5.33079,5.848092,4.949759,6.286168,5.9631495,6.667555,6.678285,6.054309,5.574819,4.6684804,5.0916367,5.8070064,4.3077745,5.1095424,5.2812657,5.6705756,5.912374,6.977877,6.0102873,3.7478225,6.989537,5.013813,6.667198,6.0957146,6.994394,8.111496,7.088188,7.5279846,6.757692,7.4804807,8.1828785,6.7039695,7.467519,8.509771,9.186322,10.035752,9.354612,7.398797,7.6404386,7.311738,7.9564366,9.501944,8.802985,9.066138,8.856018,7.205436,7.772789,7.903158,8.630885,8.9826975,9.260606,7.4786167,7.50739,7.718906,7.4659595,6.9897714,7.101944,8.15315,7.9998865,8.821372,8.976377,8.770516,8.937281,8.492035,8.298606,8.747239,7.7603426,9.264344,8.394456,10.405841,8.355564,9.00927,8.712911,8.204806,8.033962,8.71156,9.485796,8.460879,8.505011,7.7912765,9.115052,8.404787,7.828694,8.201078,8.128378,7.9118805,7.7141676,7.959252,8.232721
17,5.6390057,4.48757,5.7532735,5.5830293,7.5752525,5.465185,6.9236817,7.328993,4.023199,4.1399817,4.2227964,4.0774302,3.5924056,4.601927,5.0961223,4.0564117,2.0546918,0.0,1.4686996,2.0533166,4.143273,4.2214966,6.236771,4.7243366,4.633463,4.724305,4.280207,4.114403,3.8172255,3.1873848,4.341843,3.7190766,6.141153,7.2466145,7.010703,5.8065805,5.601075,4.599608,5.1469707,5.648533,5.4732604,4.4569592,6.3792768,5.623307,6.3699284,6.3544793,5.8051863,5.3956504,4.997063,4.7460938,6.225404,4.774559,5.293296,5.6703324,5.9326653,5.537482,6.6305585,6.196765,4.029375,7.2603927,5.3541794,6.738963,6.262435,7.2258015,8.242457,7.266451,7.8444448,7.073231,7.207786,7.9306946,6.9374056,7.5714293,8.264096,8.934042,10.333706,9.608298,7.1172023,7.782248,6.952836,7.603638,9.605041,8.774881,9.178215,9.025367,7.3510327,7.905288,7.91135,9.015008,9.20741,9.305891,7.614322,7.656742,7.6525555,7.22827,7.07192,7.1366315,8.36181,8.231132,8.480038,8.693604,8.493751,8.5301485,8.749099,8.568332,8.454272,7.549764,8.866332,8.0671,10.241339,8.079319,8.775543,8.468748,8.346746,8.2877,8.872528,9.618417,8.731587,8.787651,8.242806,9.56327,8.420056,7.9138675,8.289084,8.199095,7.8488364,7.978558,8.129256,8.432122
18,6.0147405,4.730702,6.052166,5.857917,7.6455617,5.7368307,7.4059496,7.5060725,4.297417,4.448096,4.370054,4.3733735,4.062066,4.950551,5.451899,4.5328164,2.4846976,1.4686996,0.0,2.1279728,4.1898623,4.3750844,6.3200507,4.854651,4.717574,4.803813,4.9856014,4.758834,3.8603444,3.2775116,4.280943,3.6467218,6.0085025,7.2140727,6.856653,5.693487,5.584475,4.5300336,5.0860534,5.53844,5.6930213,5.1581087,6.947854,6.245744,6.1257,6.1424255,5.4728255,5.051872,5.2086315,4.9189487,6.7688217,5.028533,5.212963,5.544171,6.0906796,5.682216,7.1451626,6.3802114,4.350697,7.096904,5.5216885,7.148096,5.981449,7.0121527,8.369359,7.352061,8.383075,7.1748276,7.2585125,7.9262056,7.019322,7.723322,8.670363,9.321567,10.500336,9.670037,6.9716125,8.266623,7.4547367,8.043201,9.513552,8.679399,9.162566,9.378775,7.472992,8.029428,7.859541,9.274987,9.310709,9.435557,7.6785765,7.7221622,7.926528,7.4518323,7.1956787,7.2694807,8.5430765,8.394084,8.910688,9.17115,8.383166,8.579801,8.637279,8.491496,8.511678,7.5788,9.293252,8.162428,10.184491,8.178857,8.787524,8.571794,8.287132,8.249619,8.806422,9.592232,8.693965,8.757799,8.238261,9.536392,8.391736,7.8527803,8.697684,8.610223,7.8049297,7.835541,8.092345,8.384719
19,6.7472267,4.5010996,6.825967,6.6669383,8.098205,6.009794,7.8096294,8.103148,4.758639,4.5418496,4.81426,4.8437586,3.991078,5.218885,5.518494,4.9131846,3.462962,2.0533166,2.1279728,0.0,4.512512,5.0800576,7.1124625,5.1263294,5.4680142,5.631419,5.124849,4.7226562,4.46584,4.1468267,4.585585,3.9019678,6.7438574,7.8848686,7.4075127,6.2447963,6.2809343,5.4023485,5.6994915,6.3070364,6.0868864,5.002154,6.4467263,6.17043,6.889384,6.8751793,6.089682,5.782017,5.6753883,5.1207404,6.958574,5.5817223,6.078925,5.710586,6.6751494,6.0927796,7.2006354,7.012562,4.769473,7.814541,6.1787224,7.4884276,6.8579183,7.7872686,8.9363,7.8486023,8.749715,7.6330566,7.624921,8.067175,7.4084897,8.218654,8.7007065,9.26495,10.632274,9.62239,7.237437,8.540374,7.468826,7.9647694,9.846073,8.969865,9.409832,9.389179,7.9271736,8.435572,8.355739,9.706391,9.776867,9.759897,8.235751,8.280755,8.304511,7.647636,7.6834526,7.755134,8.733652,8.588242,8.786613,8.992933,8.838882,8.948042,8.917464,8.761356,8.854702,7.995382,9.365601,8.229407,10.550829,8.424566,9.13399,8.679896,8.967669,8.445802,9.157733,9.899707,9.034399,9.123782,9.043162,9.949878,8.993804,8.505213,8.355501,8.261468,8.081387,7.962667,8.425002,8.628706
20,5.434565,3.655176,5.4598856,5.32684,6.381229,3.468212,5.731029,5.94631,2.770406,2.8312283,3.748904,2.9043396,2.858834,3.2989547,4.4790573,3.3499997,4.80254,4.143273,4.1898623,4.512512,0.0,2.44274,5.329404,6.2342243,5.9046636,6.2710147,3.932682,3.8806417,5.321745,5.2703304,3.713771,2.5990713,7.3228726,8.479179,6.332472,4.890282,5.0628366,6.2006965,4.7027545,5.0831666,4.8051586,4.173774,5.9516306,5.1623964,5.2136407,5.2563105,4.5709925,4.546175,5.412268,5.029286,6.3674445,4.882813,5.2704663,5.795682,5.4879274,5.00566,5.5146832,4.761453,5.2510757,7.5336986,4.870475,6.333475,5.648612,6.8928976,7.8489037,7.394318,8.004406,6.8759437,6.734678,7.5311623,6.80336,7.3208365,8.324481,8.25203,10.37994,9.856707,6.888373,7.860308,7.150632,7.712756,9.326649,8.265806,8.793208,8.986213,7.0962367,7.6367803,7.7353916,9.322533,8.892848,8.806525,7.7204385,7.6889915,7.521142,7.044308,6.862875,6.8860865,8.220158,8.090786,8.226983,9.880293,8.374178,8.179224,8.745881,8.536,8.192883,7.220114,8.498959,7.9342113,10.224686,8.131688,8.568029,8.394271,8.068794,8.222353,8.039777,8.853578,8.732879,8.574553,8.10088,9.255327,8.339963,7.8422155,9.19821,9.104007,7.4665,8.15668,8.572172,8.350321
21,6.036218,4.931059,5.9197025,5.7883916,6.3749213,3.3966546,5.7936363,5.452327,3.6678839,2.7129035,4.4255085,3.7812269,3.9105906,4.2837753,5.0108275,4.00505,4.9134097,4.2214966,4.3750844,5.0800576,2.44274,0.0,5.310936,6.3267465,5.9265294,6.1874456,3.2372272,3.2672672,5.740702,4.8184643,3.5538073,2.6395907,6.4547577,8.134392,6.330239,4.9657464,5.0958858,6.0238104,5.44442,4.998819,5.264507,4.585957,6.4866304,5.0445175,5.7410603,6.026474,4.781736,5.2453423,4.982909,4.5107207,5.867864,5.458489,4.8137164,5.95901,5.2762322,5.0150056,5.4085717,5.4021993,5.5648303,7.404163,4.8830667,6.3476768,5.7799435,6.978094,8.072855,7.672181,7.840118,7.12758,7.0575323,7.7171855,7.124641,7.7338176,8.462826,8.47228,10.842714,10.345366,7.224357,8.01421,7.295463,7.9035363,9.05567,8.01361,8.551058,8.560784,7.436727,7.9331717,8.425933,9.466404,8.469152,8.4596615,7.132961,7.1169744,7.563367,7.367445,7.435966,7.1746607,8.23436,8.074574,8.256846,9.729704,8.430384,8.432421,9.361625,9.181167,8.219115,7.1879363,8.545403,7.933893,10.222335,8.118824,8.885786,8.459283,8.519327,8.96487,8.895184,9.65323,9.459772,9.301063,8.483311,9.980785,8.771859,8.28517,9.680851,9.595219,7.369831,8.988606,9.238098,9.135266
22,4.632185,5.766888,4.941567,4.667487,5.0379844,6.385725,4.0789075,4.442668,5.962736,5.7416935,6.546127,6.001862,5.7291417,6.151895,7.27446,5.62664,6.2316456,6.236771,6.3200507,7.1124625,5.329404,5.310936,0.0,4.075178,7.4376783,7.657606,6.289868,6.104669,5.1724076,6.519898,6.19878,5.611681,8.701616,8.008545,7.7341194,6.747832,6.981173,7.5862575,6.5249877,6.8833957,7.099593,6.4763274,8.113117,7.130044,7.5948167,7.655203,6.94769,6.8966765,6.894511,6.9758325,7.6079063,6.539269,6.7370534,7.624892,7.128404,7.3848076,7.661805,6.7593517,7.009656,8.891526,6.6250854,7.8645163,7.5400534,8.852655,9.037053,8.719148,8.981697,8.101902,8.491315,8.990845,8.139365,7.860309,9.691978,9.666689,10.680908,11.400797,8.533417,9.0827675,8.773948,9.201836,10.771941,9.646323,10.000453,9.95606,8.718722,9.220716,9.406166,10.708561,7.8543425,10.097632,8.920847,8.891969,9.034274,8.741286,8.364926,8.334693,9.344104,9.18331,9.689187,11.45639,9.853921,9.787473,10.154838,10.0155735,9.716776,8.832759,10.042104,9.352753,11.866715,9.6028805,10.02973,9.927339,9.42731,10.09239,9.754476,10.657853,10.230435,10.105804,9.209328,10.571862,9.619918,9.214794,10.424904,10.350244,8.743111,9.558583,10.235627,10.002644
23,5.4490266,5.145473,5.6862206,5.4374704,6.323915,7.1887436,5.774793,6.1350827,6.1978855,6.2817087,6.330457,6.234773,5.8390965,6.486997,7.465897,6.0952806,5.125942,4.7243366,4.854651,5.1263294,6.2342243,6.3267465,4.075178,0.0,6.581452,6.6593547,6.389715,6.273354,4.267653,5.658561,6.397776,5.865843,8.212305,7.460006,8.378524,7.4430356,7.2885184,6.5746517,6.907606,7.2687984,7.246682,6.5438414,7.904419,7.329475,7.9472594,7.9334197,7.402618,7.1387196,6.816981,6.65925,7.8587713,6.711424,7.007208,7.252173,7.4966855,7.375738,8.12944,7.7057066,6.202215,8.701436,7.1065526,8.223719,7.775614,9.025634,9.435077,8.643354,9.144048,8.471916,8.609326,9.178486,8.347811,7.9846773,9.54742,10.114142,10.475518,11.0891285,8.494822,9.13149,8.4277525,8.943563,10.98158,9.879068,10.337277,10.259273,8.891648,9.379835,9.338963,10.8256855,8.245035,10.400497,8.913522,8.945697,8.971814,8.674002,8.52437,8.524368,9.56911,9.455806,9.734502,10.488597,9.664554,9.697019,9.805385,9.692291,9.609037,8.846001,10.007461,9.242167,11.737929,9.319043,9.958214,9.96931,9.498972,9.941192,9.932927,10.88207,9.867851,9.926931,9.4838505,10.62604,9.570257,9.150663,9.591431,9.504659,9.041934,9.141428,9.42392,9.678101
24,5.4861126,5.3426065,5.2166038,5.065985,6.302286,5.3486648,7.1615787,6.988475,4.669039,5.823829,3.62608,4.5936456,4.852772,4.5783644,6.180808,4.58963,4.3820434,4.633463,4.717574,5.4680142,5.9046636,5.9265294,7.4376783,6.581452,0.0,0.5711988,4.48425,4.8281384,4.7471433,4.76191,5.510845,5.3262334,6.9753227,7.4260287,7.2923946,6.006928,6.4341116,4.6795087,5.2913575,4.6175222,5.213583,5.5473347,6.3899407,6.0145764,5.9865246,6.3634977,5.8249946,5.3582387,5.044574,5.2000003,5.1561546,4.4476967,5.2104836,5.530757,5.2099166,4.7206163,6.8823357,5.7082515,4.938792,7.2051797,4.918481,6.2292094,5.288574,6.417761,8.642061,6.9404826,7.666731,7.878682,6.9867873,8.83647,7.770823,7.470677,8.311049,9.957971,10.214934,10.435123,8.705205,8.236258,7.6749215,8.832069,10.39962,9.67209,9.015207,9.417448,7.93767,8.085412,8.2242365,8.507527,9.532724,9.881658,8.125104,8.135392,7.9056926,7.1152015,7.0547366,7.225366,8.703373,8.859415,9.039136,9.714744,8.036302,8.99255,8.094559,7.9747334,8.107763,6.76914,9.084684,9.185603,10.020329,7.7135477,8.637808,9.33935,8.061938,9.170808,8.624932,9.786256,8.755654,8.775397,7.9154487,9.031303,8.684537,8.036752,8.874421,8.761277,7.6699605,7.9367757,7.973536,8.097142
25,5.674509,5.647201,5.3946133,5.2528896,6.5882993,5.712208,7.394598,7.2265697,4.9858975,6.1830864,3.9974856,4.9085274,5.247387,4.970996,6.4627347,4.947791,4.440649,4.724305,4.803813,5.631419,6.2710147,6.1874456,7.657606,6.6593547,0.5711988,0.0,4.740159,5.1487722,4.93879,4.848515,5.851214,5.6851516,6.950628,7.3988085,7.4658985,6.2749257,6.6065283,4.637346,5.586313,4.8636227,5.4592915,5.88283,6.728506,6.311763,6.2013874,6.571597,6.108855,5.574731,5.225764,5.406119,5.3974895,4.725579,5.352268,5.777126,5.416439,4.932948,7.151942,5.985804,5.099716,7.2030826,5.139683,6.366815,5.41725,6.5049257,8.723786,7.0571203,7.7775054,8.065661,7.1647835,9.017208,7.966244,7.6122136,8.4061165,10.15308,10.329719,10.586926,8.859788,8.3169985,7.813965,8.96541,10.49492,9.802454,9.17373,9.564135,8.057169,8.224553,8.33752,8.567853,9.5881605,9.94734,8.16811,8.187027,7.97866,7.2491775,7.1743355,7.325126,8.856174,9.009722,9.19013,9.754654,8.080008,9.062126,8.21331,8.084383,8.180387,6.9092765,9.186507,9.343784,10.053364,7.7801566,8.708929,9.48539,8.134485,9.305617,8.7774725,9.909469,8.823643,8.858974,7.987652,9.133614,8.732043,8.082867,8.961907,8.8546,7.8858004,8.141087,7.9809732,8.213095
26,5.3294744,4.2436028,5.129904,5.0608616,5.566849,2.640696,5.4937353,5.4164352,3.4454954,3.5554597,4.009335,3.4175038,3.7494774,3.7746994,5.275816,3.9425044,4.7414045,4.280207,4.9856014,5.124849,3.932682,3.2372272,6.289868,6.389715,4.48425,4.740159,0.0,1.9983315,5.565903,4.894791,4.527394,3.7545664,6.795491,7.814572,6.3685365,5.241445,5.392601,5.4442425,5.8234167,4.8303976,4.513198,3.890132,5.149784,4.2918057,6.0338116,6.4285107,5.492806,5.414538,4.3741317,4.054467,4.4214597,5.107585,4.8075786,5.5930448,4.3732924,4.160578,4.802618,4.89483,5.3414035,7.405572,4.1571913,4.8262105,5.647241,6.835615,7.767806,7.235056,6.9263444,7.484508,6.596718,7.789293,7.4232693,7.4006476,7.358449,8.323425,10.314188,10.321726,7.8139443,7.081018,6.4833164,7.341683,9.359004,8.181413,8.073892,7.7673306,7.235079,7.6430225,8.321472,8.684255,8.230089,8.150178,6.932477,6.9147997,6.8765717,6.586691,6.9713826,6.7209167,7.907591,7.7388263,7.680111,9.157669,7.9948015,8.304407,8.619871,8.461045,7.572646,6.413938,7.662597,8.080431,9.896432,7.313464,8.444152,8.494417,8.239541,9.035873,8.490969,9.411249,8.937879,8.833851,8.356126,9.381862,8.66005,8.144645,8.613666,8.528364,7.0839763,8.771744,8.526336,8.542406
27,5.715379,4.9534607,5.694141,5.5467157,5.912833,3.6542668,5.979426,6.066237,4.267367,3.0045571,4.6298013,4.2640166,3.1021566,4.4031844,5.124256,3.7513754,4.4510007,4.114403,4.758834,4.7226562,3.8806417,3.2672672,6.104669,6.273354,4.8281384,5.1487722,1.9983315,0.0,4.8760433,4.411488,3.9725006,3.0988872,6.695264,7.706022,5.9955716,5.068103,5.8670387,5.881383,5.5208635,5.085461,5.2385426,3.6732678,5.057126,4.235911,6.70633,7.0851507,5.5712214,5.7370577,4.2841263,3.976032,4.175071,4.9495773,5.132395,5.354783,4.928506,4.9514003,5.3967214,5.63557,5.284117,7.616772,4.3827653,5.244812,6.271002,7.318116,8.154026,7.415876,7.2745543,7.1792083,6.978068,7.4609,7.1201854,7.8105636,7.5889635,8.144179,10.542228,9.97765,7.575311,7.5141363,6.888503,7.4249325,9.280753,8.257125,7.8405952,7.2566867,7.650885,7.9960637,8.7506275,8.876256,8.818058,8.743286,7.520096,7.500575,7.83996,7.1879973,7.3919735,7.333927,7.6608253,7.4891157,7.5920196,9.227782,8.473597,8.916356,8.7808895,8.657997,8.145485,6.949011,8.366844,7.8235464,10.234976,7.569378,8.748688,8.22542,8.8817835,8.99822,8.961102,9.87655,9.405635,9.336749,8.888749,9.809258,9.142985,8.582561,8.3520355,8.25737,6.723543,8.487561,9.101687,8.86273
28,4.058484,5.4614425,4.3533745,4.028573,6.1842895,6.292639,6.905119,7.071824,5.293452,5.004496,5.0958667,5.2837152,4.27622,5.4156,6.09737,4.148821,2.7905977,3.8172255,3.8603444,4.46584,5.321745,5.740702,5.1724076,4.267653,4.7471433,4.93879,5.565903,4.8760433,0.0,3.1918693,4.843717,4.452927,7.320868,6.2577176,6.8099422,5.604336,6.1983595,5.2482715,4.853599,5.6007447,6.348683,5.237289,6.3526416,6.338262,7.171107,7.2363873,6.232869,5.992309,5.012192,5.5195074,5.9338045,4.4570227,5.62208,5.2616386,6.0157647,6.5945616,7.625739,6.320562,4.455597,8.030477,5.423748,7.2968783,6.6818933,7.628983,8.736383,7.3090076,7.9971538,6.989186,7.752658,8.37632,6.926312,7.4519153,8.9530735,9.508389,9.509051,9.295506,7.805037,8.339057,7.925554,8.563382,9.979413,9.233731,9.071825,9.099153,7.76616,8.056336,8.208993,9.006993,8.786245,9.972459,8.335469,8.345441,8.536722,7.959386,7.431741,7.727983,8.403342,8.240775,9.214664,9.782154,9.285798,9.676118,8.605308,8.445627,9.332014,8.077025,10.019867,8.762743,10.974081,8.888678,9.4018345,9.086948,8.715616,8.548168,9.039295,10.014276,8.928304,8.966066,8.22469,9.236883,9.020037,8.473432,8.414072,8.338646,7.8061743,7.290227,8.624993,8.411668
29,5.5622563,6.2852182,5.555147,5.312053,7.268054,5.822893,8.073866,7.690424,5.2929792,4.382683,5.0322285,5.348253,4.9311028,5.6566744,5.9628005,4.1125126,2.176334,3.1873848,3.2775116,4.1468267,5.2703304,4.8184643,6.519898,5.658561,4.76191,4.848515,4.894791,4.411488,3.1918693,0.0,3.840816,3.66926,6.101112,6.1076026,6.7478814,4.9259305,5.2031946,4.1000395,4.9086075,4.8338494,6.2727265,5.268249,6.206654,5.8852124,6.951491,7.168981,5.737065,5.983089,3.9649448,4.4926934,5.2107024,4.610492,4.4901967,4.4497037,5.366501,6.0802007,6.9653587,6.3966727,3.98524,7.3123646,5.1819515,7.538603,6.1346374,7.087259,8.836839,7.4418464,7.6560974,6.8071547,7.7674184,8.469067,6.78184,7.8741517,9.188094,9.759682,10.280022,9.528936,7.7418656,8.3621,7.73345,8.593396,9.371217,8.576949,8.871909,8.841348,7.57301,7.9687324,8.481803,8.995922,8.619343,9.176162,6.980492,7.01503,7.8782983,7.713387,7.6087923,7.419474,8.214319,8.032868,9.249953,9.09773,9.153467,9.572815,9.006182,8.833662,9.165838,7.7929673,9.852439,8.604464,10.738555,8.87893,9.786185,8.9825945,8.77461,8.587449,9.447051,10.268368,9.216221,9.207875,8.138669,9.690737,9.138486,8.608913,8.814262,8.747218,7.7161202,7.931387,8.779598,8.819703
30,6.4200587,5.4724493,6.127079,5.954309,6.7830453,4.660401,7.1604486,6.5457134,4.710685,3.4571135,4.197166,4.8278704,4.1719685,4.3670173,5.4778833,3.9538987,4.6776605,4.341843,4.280943,4.585585,3.713771,3.5538073,6.19878,6.397776,5.510845,5.851214,4.527394,3.9725006,4.843717,3.840816,0.0,2.0421727,6.862245,7.958257,7.7664676,4.684779,5.272834,5.644983,4.662347,4.6396766,5.9608073,5.034747,6.29788,5.5964947,6.5343046,6.8022876,5.1512337,5.614906,5.0373583,4.7566614,5.9459314,5.3800325,5.1959515,5.3383174,5.753808,5.777413,6.038072,6.2134504,5.4271674,7.5275664,5.4668427,8.33295,6.3146887,7.4277735,9.75992,7.932127,8.449753,7.304807,7.5707693,9.020088,7.249063,8.233848,9.967004,10.092776,10.556547,10.12063,8.222981,9.33533,7.962688,9.360471,10.334408,9.419532,9.680503,9.788446,7.9807277,7.901675,8.7851515,9.414689,9.178488,10.162405,7.731219,7.72858,8.359084,7.7977586,7.873825,7.7224894,9.345166,9.208297,9.80057,9.951621,9.870882,10.168122,10.124081,9.946361,9.818829,7.7527585,10.377617,9.303711,11.468093,9.603589,10.355297,9.680596,9.59015,9.506047,9.8744,10.915753,10.316519,10.1737175,8.626726,10.700772,10.191254,9.508168,10.276198,10.180997,7.977673,8.424342,9.916896,9.70839
31,5.871052,4.679445,5.8454547,5.595085,6.2265787,3.746352,6.730458,6.2704124,3.8056722,2.1333745,3.8940089,3.9400373,3.2167265,3.9666464,5.239297,3.2824407,4.159915,3.7190766,3.6467218,3.9019678,2.5990713,2.6395907,5.611681,5.865843,5.3262334,5.6851516,3.7545664,3.0988872,4.452927,3.66926,2.0421727,0.0,6.836964,7.880871,6.342138,4.2845774,4.9730873,5.4581833,4.554637,4.485327,5.3362246,4.211312,5.5970993,4.9573526,5.9235325,6.2114635,4.4612637,5.042525,4.3801284,4.019196,5.3393207,4.720081,4.520475,4.56068,5.1331506,5.231576,5.744866,5.5532255,4.845753,7.443028,4.8597684,6.952597,5.7537475,7.2578235,8.64046,7.49455,8.024872,6.8610964,7.0843325,7.742355,6.7654295,7.790087,8.83382,8.892194,10.667811,9.908324,7.218208,8.452864,7.4704094,8.219861,9.374307,8.128858,8.526612,8.680066,7.4578834,7.828822,8.347991,9.626012,8.740052,8.9678135,7.258892,7.2413316,7.816104,7.2679005,7.421767,7.2114987,8.095444,7.933758,8.641159,9.879085,8.721383,9.00736,8.963397,8.845394,8.632553,7.255994,9.222038,8.051218,10.791208,8.435505,9.243463,8.704478,8.71134,8.792247,8.921482,9.962327,9.307046,9.198933,8.439975,9.745218,9.096199,8.592578,9.186902,9.093279,7.035342,7.947815,9.113436,8.762458
32,8.557659,8.089183,8.222392,8.314084,8.816187,7.430683,8.827564,8.299014,7.2487507,6.6929293,7.3590617,7.310675,7.566837,8.017438,5.9755306,7.7073545,6.46148,6.141153,6.0085025,6.7438574,7.3228726,6.4547577,8.701616,8.212305,6.9753227,6.950628,6.795491,6.695264,7.320868,6.101112,6.862245,6.836964,0.0,4.918958,7.000942,5.8833427,6.488435,5.5022025,6.5728087,6.140088,6.4625635,6.674325,7.934522,6.612689,7.036582,7.4599156,5.977123,6.0767097,5.296931,4.960657,6.881138,6.588798,5.2373524,6.3381557,6.112515,5.6370816,7.7261157,7.392125,6.451771,8.27163,6.205675,8.132034,6.419084,5.02295,8.306001,7.4581776,8.093275,7.2302327,6.9760895,7.346913,7.1728024,7.9627485,8.133273,9.317204,9.609447,8.53817,6.965764,8.28675,7.5114145,7.9974847,7.2086425,7.8112364,7.3385034,7.837177,7.6778455,8.335829,8.428015,6.8831973,8.520854,8.410376,6.624563,6.6996746,7.5891557,6.9200287,7.353356,6.93356,7.7986746,7.5760565,8.350299,6.137482,7.617511,8.442598,8.788949,8.618928,7.8681946,6.8622937,8.984281,7.7903514,6.7210765,7.6234717,8.7734165,6.170369,8.416037,7.323771,9.491782,8.9302435,9.338596,9.335978,8.546849,9.8806095,8.500228,8.163728,8.601979,8.547795,6.7610435,8.453287,8.882812,8.796237
