,0,1,2,3,4,5,6,7,8,9,10,11,12,13,14,15,16,17,18,19,20,21,22,23,24,25,26,27,28,29,30,31,32,33,34,35,36,37,38,39,40,41,42,43,44,45,46,47,48,49,50,51,52,53,54,55,56,57,58,59,60,61,62,63,64,65,66,67,68,69,70,71,72,73,74,75,76,77,78,79,80,81,82,83,84,85,86,87,88,89,90,91,92,93,94,95,96,97,98,99,100,101,102,103,104,105,106,107,108,109,110,111,112,113,114,115,116,117,118,119,120,121,122,123,124,125,126,127
0,0.0,3.0950813,6.6433644,5.806523,4.67762,7.2452736,4.9446764,5.453925,7.9455605,8.551028,8.187278,8.071815,10.340389,8.841091,8.992368,8.950184,3.7051682,6.9708962,5.877173,5.930993,7.4992075,7.2041,7.5193787,6.0255885,4.52539,3.4445174,3.7601688,5.1687183,4.890041,4.782734,5.017835,4.9748645,8.22792,7.5292597,8.037882,7.484482,8.467359,8.120895,6.531161,7.5917163,9.276605,9.276605,9.817067,9.931086,8.489632,8.38746,7.8368087,8.232436,9.289007,9.061754,6.614275,8.160331,8.615411,7.594058,7.8352766,8.011656,7.4217625,8.23301,9.172517,9.005729,8.532409,8.203724,7.907647,6.369665,11.222368,10.989452,10.828076,10.092947,10.01458,10.651308,10.696817,10.660016,9.395223,9.215359,10.691396,10.295469,8.711907,8.87718,8.739189,8.653226,7.894447,7.789189,7.874719,7.4820547,7.405731,8.089337,8.204196,7.508952,8.525311,6.29934,7.859154,7.7161136,8.460982,7.6669416,7.809997,8.629412,8.082718,9.75958,8.840962,8.665948,8.431453,8.81183,9.810641,10.560113,7.900093,7.9069123,5.905991,7.4436793,7.3981805,8.253125,10.149989,9.630557,9.460083,10.090884,8.997853,9.422304,8.221258,7.5894895,7.146774,7.4697046,8.366535,8.781766,8.969177,8.766491,7.6139836,8.213215,8.905307,8.63189
1,3.0950813,0.0,6.9355736,6.5701413,6.5352187,8.580019,5.719553,6.2333875,6.040701,7.2067904,6.671319,6.4872284,9.256043,7.4599733,7.6990557,7.6264567,4.6791005,6.364936,5.1009164,5.4267635,7.325362,7.285651,7.6199155,6.3461533,4.7474065,3.401132,4.595309,4.783433,5.048255,6.1574645,5.2350254,6.0566697,8.373116,8.018133,8.317276,7.763336,8.244986,7.717325,7.0617146,7.793048,9.686371,9.686371,9.380767,10.119273,9.169564,9.141831,7.9940963,8.244163,9.23172,8.982549,6.433561,7.9506154,8.135592,8.305599,7.7953477,7.9529943,7.4176455,8.229722,9.207496,8.967862,8.029974,7.797175,7.798701,6.245908,10.941287,10.741676,10.425077,9.641031,9.52445,10.227361,10.189693,10.154155,8.978257,8.820164,10.337235,9.93689,8.847605,9.006693,8.627984,8.67795,7.352808,7.2482076,7.3683834,6.990198,6.919646,7.6472583,7.433674,6.992247,8.16727,5.814951,7.4736333,7.248657,8.071754,7.2257605,7.321376,8.116151,8.135855,9.818397,8.930076,8.758107,8.552652,8.840631,10.928626,11.55053,7.465892,7.1695747,5.692613,7.2510824,7.0754194,7.7073007,9.815402,9.387352,9.082669,11.225742,9.256382,9.694899,7.836069,8.007091,6.686051,6.836143,8.290076,8.964866,8.410463,8.862628,7.73613,8.262527,8.337165,8.16883
2,6.6433644,6.9355736,0.0,5.6107836,7.033393,4.6564236,4.4454865,4.646006,7.258264,8.604277,6.962286,6.638211,5.9891095,5.797753,5.9368095,5.9632707,5.7982802,8.046597,7.1146326,7.0095663,6.3431897,6.3644056,6.2344174,4.682944,5.429776,6.0870113,4.9085855,4.9072905,5.783519,5.668261,5.706031,5.777805,8.063676,7.7432437,8.029743,7.542149,7.3966546,7.149619,6.465484,7.8701906,6.7785463,6.7785463,7.4803715,7.415596,8.013019,7.6496964,8.392934,7.7147226,9.697837,9.447431,7.0166693,8.060242,8.984813,8.51499,8.959905,8.79923,7.1748285,6.5973387,7.25518,7.234953,8.061557,7.695322,8.354343,6.444426,10.668945,10.470499,10.706259,9.189441,9.315125,10.007877,9.992896,9.943279,9.15704,10.126734,9.552076,10.124975,8.236664,8.022921,8.183647,8.079609,8.250886,8.31376,8.177337,7.1161966,8.841669,8.986815,8.582492,8.958059,9.234341,7.391842,9.032151,8.961734,9.117009,8.850795,9.295998,9.53766,8.989173,10.4139385,9.449403,9.407409,9.176007,9.484321,11.522772,11.82221,9.3509445,9.204642,8.380265,7.8898115,8.055257,8.38896,10.039253,9.678677,8.257724,8.542406,9.118877,9.455772,7.460943,7.050947,6.447332,7.4194374,7.967856,9.562842,8.652106,9.238072,9.799111,9.370828,8.856105,8.232984
3,5.806523,6.5701413,5.6107836,0.0,7.594409,6.271164,3.2635918,3.9011283,8.025628,9.868903,7.71386,8.2923155,9.567597,8.683194,8.9447775,8.798739,6.6218443,8.854273,7.899854,8.72996,4.825992,4.4254084,6.511369,7.170665,6.553453,5.9434967,5.137415,6.514444,6.9270153,6.850016,7.0432158,7.191621,7.9052734,8.34167,8.4209175,7.971351,8.533427,8.217185,7.692305,8.297738,8.553086,8.553086,9.03506,9.277249,9.010255,8.704393,8.065401,8.3954115,10.5728035,10.231319,7.434031,9.407877,9.379991,8.623812,9.372145,8.9115715,6.8508677,6.0586023,8.971705,7.1328945,8.805682,8.933757,8.369565,7.3325105,11.853464,11.810858,12.75154,10.912158,10.82151,11.401287,11.445119,11.407129,10.103961,11.413457,11.779759,11.446119,10.242291,10.289713,10.0719,10.129538,8.953282,8.855242,9.0656185,8.433693,8.69346,8.959878,9.358967,8.766207,9.267169,7.2946453,8.545828,8.712704,9.667303,8.662132,8.993919,9.515429,10.346687,11.674631,10.943504,10.767424,10.647289,10.903075,11.255092,12.005047,9.8424635,10.318012,8.875524,9.946529,9.436839,10.5126295,11.829116,11.443016,9.44767,9.427889,9.1895895,9.544908,8.856126,7.8676353,7.626985,7.961291,9.411967,9.743401,9.790869,10.303812,9.460809,10.473545,9.946508,9.58567
4,4.67762,6.5352187,7.033393,7.594409,0.0,5.4462585,6.911761,6.8227186,10.295458,10.076751,10.0686035,10.122628,10.857266,10.036215,9.912705,9.899923,5.5596385,9.326491,8.342908,7.575978,9.10426,8.863182,8.477546,7.2544756,6.0500374,5.7507625,5.023374,6.556299,6.1530933,5.054643,6.1287465,5.2527847,6.880131,5.7364345,6.794998,6.0453362,7.4809775,7.019863,5.095087,6.295899,7.8220935,7.8220935,9.32467,8.9624605,6.5034304,6.3478594,7.429452,7.188032,8.048366,7.9406724,6.5776467,7.103612,7.9750466,5.8947783,6.9809093,7.359972,7.4269714,8.256769,8.963578,8.9508505,7.823325,7.3291035,7.4047704,6.335097,10.68667,10.436773,9.78183,9.175752,9.177959,9.863627,9.911653,9.872197,9.327361,9.174566,9.492069,9.801653,6.8987308,6.9455576,7.8496466,7.4842205,7.1936026,7.257695,7.0948668,7.1668334,7.4479256,7.5670996,7.74669,7.494743,8.145005,7.1290655,7.925338,7.7145333,8.350231,7.6487865,7.920283,9.211916,7.603026,8.466278,7.500232,7.356801,7.5836716,7.880532,9.154599,9.784875,7.5213375,7.1614995,6.4884157,6.817691,7.312825,8.285631,9.937298,9.284472,8.93789,8.168246,8.65229,9.087289,8.3806925,7.4063845,7.427203,7.5512204,7.429228,8.344546,8.692297,8.128418,7.624645,7.476024,8.645451,7.9002953
5,7.2452736,8.580019,4.6564236,6.271164,5.4462585,0.0,5.4939046,5.160758,10.213428,10.948749,9.695578,9.825257,9.167767,9.609794,9.459626,9.462642,6.5481715,9.731355,8.72437,8.196433,8.147794,7.8343005,6.7383184,6.070613,6.548726,7.034242,5.817215,6.8986855,6.7683825,6.185621,6.692229,6.13416,6.5698786,6.2255716,7.0904684,6.315719,7.3155513,6.509561,5.796709,6.5587983,5.3161044,5.3161044,7.224852,6.6956496,6.7020802,6.241698,7.7180214,7.469656,8.251091,8.072486,6.627212,7.210351,8.307811,6.5410647,7.7393785,7.4646015,6.816765,6.2744083,6.6446567,6.957387,7.110073,6.91436,7.3082056,6.032876,9.449943,9.290768,10.102083,8.413579,8.564835,9.250258,9.327078,9.28124,8.638574,9.508628,8.924402,9.024214,7.2353272,7.1479974,7.899842,7.6227894,8.122665,8.375824,8.025388,7.5456805,8.340426,7.999065,8.659816,8.371793,8.292747,7.3424506,8.196418,8.252784,8.438443,8.185244,8.590186,9.4629755,9.015834,9.686681,8.6604595,8.620238,8.934831,9.046097,10.355832,10.652795,9.43382,8.589615,8.249988,7.7397866,8.751907,9.017273,9.976046,9.4821205,7.668614,6.597407,8.491137,8.855583,8.335025,6.649421,7.2181497,7.251271,7.842296,8.918013,8.623448,8.189816,9.112869,8.285604,8.741936,8.444662
6,4.9446764,5.719553,4.4454865,3.2635918,6.911761,5.4939046,0.0,2.3150625,7.8591027,10.002478,7.611469,7.5912905,9.111116,8.201675,8.38594,8.242097,4.7238774,7.340197,6.1481895,7.2001934,5.736331,5.3687806,5.7516594,5.3647947,5.5383773,4.7485986,3.6942616,5.623917,5.8855433,6.012457,5.998667,6.2313266,7.9623823,7.7870626,7.693967,7.2242727,7.7176046,7.376348,6.791366,7.49207,7.8150673,7.8150673,8.313785,8.561575,8.447357,7.9913473,7.3401814,7.716476,9.529087,9.151108,6.800872,8.172739,8.95362,8.252337,8.639226,8.3752985,7.3803077,6.5946517,7.542933,7.468732,8.348247,8.350695,7.754119,6.579038,10.959058,10.906825,11.937918,10.009213,9.905143,10.502273,10.555058,10.513247,9.4781475,10.592635,10.888511,10.615964,8.996712,9.041748,8.818661,8.872822,8.30157,8.231784,8.3154545,7.37353,8.066598,8.095759,8.667882,8.048845,8.649242,6.526635,7.944787,8.10124,8.564593,8.045005,8.320791,9.012477,9.226756,10.67379,9.914565,9.753324,9.55299,9.892106,10.78013,11.444251,9.192081,9.132108,7.4858665,8.676931,8.762619,9.48671,10.941964,10.519737,8.927745,8.995121,9.19871,9.568421,8.381234,7.2862134,7.0304956,7.469164,8.896254,9.17759,9.166895,9.084584,8.998174,9.506268,9.384371,9.040933
7,5.453925,6.2333875,4.646006,3.9011283,6.8227186,5.160758,2.3150625,0.0,8.522424,10.481555,8.351453,8.396294,9.421031,8.708404,8.9110155,8.796558,5.12107,8.152661,7.073227,7.4197993,5.099987,4.6711082,5.8065715,5.32499,5.6195693,4.9807496,3.9186842,5.189852,5.7553487,5.8026204,5.8583946,6.001441,7.981335,7.6683125,8.020138,7.2738657,7.9393196,7.5980024,7.045348,7.7283225,7.864368,7.864368,8.444876,9.030797,8.523148,8.136294,8.008896,8.287236,9.685615,9.349471,7.0664544,8.372107,9.166678,8.464151,8.876934,8.579126,7.4552584,6.7758355,7.220554,7.1316576,8.398985,8.39805,7.9526277,6.701935,10.570867,10.508862,11.555064,10.1518755,10.073498,10.102448,10.160373,10.119447,9.741134,10.662289,11.048044,10.708757,9.160107,9.20334,9.319619,9.35893,8.840878,8.799575,8.853384,7.732402,8.579612,8.202196,9.203055,8.627242,9.129176,7.1036525,8.281352,8.6401615,8.988727,8.583641,8.851707,9.838606,9.518944,10.127336,9.709323,9.827141,10.080613,10.000733,10.902454,11.313827,9.706111,9.304751,8.06369,8.693133,9.28401,9.901073,11.248654,10.893782,9.21306,9.402409,9.774483,10.079809,8.282444,7.347935,7.6305842,7.482506,9.0046215,8.921549,9.335004,9.261275,9.635163,9.565814,9.839522,9.539981
8,7.9455605,6.040701,7.258264,8.025628,10.295458,10.213428,7.8591027,8.522424,0.0,5.309147,3.3861406,2.035159,6.766386,4.447914,5.365381,5.351495,7.579956,7.4636736,6.9854774,7.921283,7.164984,7.7412148,8.32403,7.642396,7.07157,6.964338,7.6477714,6.6918077,7.4865017,8.555792,7.617187,8.313755,9.26351,9.212103,9.6121645,9.289696,9.330932,9.040405,8.56806,9.100391,9.806624,9.806624,9.046558,9.235486,11.163907,11.05827,8.793163,8.857201,11.378642,11.113692,8.775832,10.0902405,9.546769,10.560852,10.439532,10.152049,8.14875,8.400332,9.58188,8.758825,8.678697,8.388388,9.130168,7.810469,11.877192,11.457122,11.531882,10.471545,10.458589,11.223723,11.042753,11.01154,10.197133,10.089314,11.1614895,10.609764,10.579491,10.678065,9.5990925,9.672916,8.606124,8.606244,8.706133,7.8651195,8.029703,9.183807,8.675718,8.399421,8.92858,6.872046,8.617055,8.331414,8.612133,8.305452,8.530288,7.792903,10.353634,12.173708,11.354647,11.255949,10.660976,10.889979,14.473265,14.603635,9.149005,9.402449,8.761222,9.588766,7.7737346,8.109617,10.668283,10.728131,8.848568,10.986941,9.955721,10.101992,7.6474266,9.351401,6.542659,7.776015,8.6141205,10.674869,8.421713,10.856509,9.748963,10.137268,8.333092,8.527197
9,8.551028,7.2067904,8.604277,9.868903,10.076751,10.948749,10.002478,10.481555,5.309147,0.0,4.544869,5.9247336,6.8453703,6.866459,5.7372384,5.9955754,9.153443,9.539439,8.119146,7.69563,9.664043,10.069021,10.01822,9.4307785,7.6819515,8.413595,8.868696,7.411685,7.491988,7.8898063,7.5445943,7.9688935,10.489021,10.51808,10.764798,10.435755,10.531852,10.5839205,10.197193,10.658799,10.764154,10.764154,10.436713,10.406612,11.851809,12.0155325,10.612288,10.542897,11.994967,11.908698,9.40943,10.981669,10.585556,10.960094,10.680649,10.803099,8.635385,9.722035,11.368865,10.057982,10.154377,9.19647,10.706881,8.874177,12.030254,11.602673,10.891609,11.011771,11.204856,11.975007,11.815403,11.775258,10.041786,9.760521,11.073078,10.688882,10.442558,10.562169,9.637637,9.591388,9.812528,10.134059,9.7480345,9.369424,9.07731,10.723242,9.816472,9.609786,9.939204,8.151212,10.090829,9.5593405,10.010734,9.424047,9.780617,9.4986,11.267759,12.716887,12.261897,12.237524,11.273948,11.793599,14.817775,15.064493,9.153056,10.137914,9.905704,9.938658,7.9240046,7.7866993,10.56897,10.595815,9.628534,11.926684,9.89696,10.054001,8.006968,9.864531,7.4412694,8.51661,9.021495,11.139506,9.478876,11.920109,10.266056,10.086785,8.8422365,9.203132
10,8.187278,6.671319,6.962286,7.71386,10.0686035,9.695578,7.611469,8.351453,3.3861406,4.544869,0.0,3.6056163,5.7320724,5.3546853,4.2598667,4.1727633,7.9152756,8.394188,6.6395903,7.7451286,7.578385,8.099861,8.647268,8.398447,7.2858896,7.1878085,7.3411064,6.92277,7.1316357,7.8331184,7.282408,7.800547,9.345262,9.627272,9.520545,9.260279,9.345823,9.226937,9.118519,9.365872,9.694001,9.694001,9.267199,9.231658,11.289487,11.127318,8.857252,8.902313,11.741436,11.471078,9.081657,10.464866,10.221095,10.773974,10.697976,10.562929,8.415436,8.368181,9.896855,8.807915,9.430866,8.862838,9.560225,8.354159,11.802757,11.465058,11.769443,10.485396,10.484045,11.326125,11.146454,11.109155,9.941757,10.5679865,11.122842,10.78394,10.2443,10.344188,9.330594,9.378757,8.975953,9.29216,9.020646,8.089565,8.323996,9.416094,9.121347,8.7200165,9.163795,7.1611986,9.002729,8.676873,8.906953,8.612872,8.935017,8.741942,11.153759,12.60302,12.247144,12.12382,11.321516,11.786941,14.914184,15.255317,9.247999,9.9175205,9.329746,10.193649,8.138309,8.578657,10.977708,11.058341,8.994996,10.492468,9.967128,10.051901,7.981861,9.430857,6.7157784,7.88678,9.126486,10.88251,9.1529665,11.583461,10.187887,10.562379,8.774978,8.838753
11,8.071815,6.4872284,6.638211,8.2923155,10.122628,9.825257,7.5912905,8.396294,2.035159,5.9247336,3.6056163,0.0,6.5636425,4.0043488,4.8948064,4.8957405,7.1115403,7.3063,6.7924953,7.7854166,7.472907,8.156765,8.319552,7.0832777,6.837523,6.9254036,7.348146,6.634121,7.265251,8.165378,7.371969,7.895381,9.331563,8.975139,9.282127,9.129203,9.0415125,8.8474,8.178074,8.827198,9.388616,9.388616,8.85823,8.624935,10.961219,10.740799,8.50932,8.506022,11.212585,10.942669,8.807758,9.81075,9.555286,10.429594,10.499248,10.26723,8.612213,8.632099,9.150413,8.945303,8.816836,8.376731,9.194132,7.833032,12.221899,11.816499,11.941012,10.7543745,10.762698,11.608069,11.430672,11.39758,10.548442,10.606255,11.263755,10.99404,10.090387,10.157882,9.018252,9.116431,8.560319,8.566203,8.593472,7.6167107,8.153645,9.134593,8.687197,8.4425745,8.948096,6.917657,8.827153,8.423165,8.429937,8.387929,8.679987,8.009023,10.167378,12.132594,11.341999,11.208379,10.540754,10.877744,14.622032,14.670087,9.187112,9.388676,8.759738,9.435116,7.8692155,8.059456,10.899447,10.925467,8.877003,10.227437,10.054031,10.18233,7.559256,9.23675,6.3735294,8.091254,8.407219,10.731412,8.326187,10.610864,9.855921,10.05455,8.280979,8.290068
12,10.340389,9.256043,5.9891095,9.567597,10.857266,9.167767,9.111116,9.421031,6.766386,6.8453703,5.7320724,6.5636425,0.0,4.9027586,3.7087948,3.804325,9.70809,10.137329,8.798663,8.950828,9.39316,9.589458,9.508839,8.744693,8.961092,9.522766,9.051985,7.9140253,8.866425,9.30837,8.81704,9.281965,10.578408,10.914295,11.002015,10.355292,9.780063,9.558974,9.786426,10.840263,9.486259,9.486259,9.251812,9.448885,11.265118,11.103067,11.03195,9.94313,12.349019,12.165446,10.053566,10.851628,11.539811,11.876329,11.641949,11.566484,9.517889,9.210183,10.008993,9.461602,10.152417,9.525466,10.777289,9.22799,11.110927,10.739834,10.400986,9.084537,9.291888,10.174848,9.995524,9.945373,9.544859,10.396316,9.371727,10.267041,10.554281,10.304033,9.84481,9.882409,10.102633,10.417063,10.029639,9.095077,10.648498,11.392866,10.191897,11.020135,11.187495,9.768131,11.111256,11.061642,10.961474,10.9487,11.359444,10.835361,11.562083,12.7753525,12.021122,12.015913,11.269192,11.668106,15.010186,15.338486,10.956357,11.073954,10.7814665,10.291083,8.920363,8.993432,10.015357,10.09691,9.377605,11.338755,11.090985,11.231755,8.954168,10.165149,8.234438,9.17317,9.886366,11.981622,10.347332,12.339271,12.062933,11.65195,10.100324,9.500547
13,8.841091,7.4599733,5.797753,8.683194,10.036215,9.609794,8.201675,8.708404,4.447914,6.866459,5.3546853,4.0043488,4.9027586,0.0,3.3108184,3.2949758,8.244615,8.529228,8.197269,8.851907,7.419584,7.982264,8.741571,7.801169,7.849795,7.963244,7.8457294,6.740755,8.2363205,8.713124,8.233425,8.764234,9.711414,9.440231,9.573749,9.2781315,8.526599,8.69648,8.104491,9.473544,9.481049,9.481049,9.070066,9.285459,10.179277,9.992918,9.393069,8.251213,11.800288,11.550643,9.40117,10.159832,10.344709,11.160255,11.120851,10.996568,8.793824,8.736166,9.828826,9.111649,9.486915,9.003572,9.749702,8.452504,12.677106,12.235429,11.511508,10.293043,10.305654,11.091608,10.9113035,10.869568,11.08798,11.248589,10.793076,11.581276,10.330308,10.094621,9.67173,9.618002,8.595405,8.463161,8.656177,7.585837,9.459323,10.2407465,8.719644,9.797118,10.281521,8.618396,10.105212,9.886333,9.977549,9.792086,10.149206,9.43296,9.887362,11.708528,10.762536,10.670593,9.981387,10.370124,13.934158,14.174165,9.484114,10.084851,9.473316,9.416494,7.5710654,8.447086,10.842677,10.880508,9.587464,10.9816885,10.540489,10.69715,7.9709387,9.496104,7.066616,8.749989,8.669595,11.028636,9.151015,11.295087,10.787006,11.04124,9.323035,8.359618
14,8.992368,7.6990557,5.9368095,8.9447775,9.912705,9.459626,8.38594,8.9110155,5.365381,5.7372384,4.2598667,4.8948064,3.7087948,3.3108184,0.0,0.5989321,8.513088,8.9025,7.492078,8.115148,8.3264265,8.783653,9.339337,8.384243,7.762744,8.0161,7.807896,6.886905,7.590165,8.091963,7.5776896,8.144652,9.887831,9.93251,9.719577,9.507878,8.794742,8.90966,8.745961,9.787107,9.704082,9.704082,9.436669,9.427501,10.375587,10.245339,9.664825,8.624037,11.946345,11.687803,9.5247345,10.404349,10.828132,11.324624,11.168227,11.066618,9.004331,9.02536,10.027662,9.395302,10.080731,9.223879,10.026167,8.722085,12.415121,12.033165,11.329376,10.172107,10.220508,11.042249,10.86706,10.827174,10.866316,11.281069,10.709154,11.478569,9.907868,9.671042,9.281991,9.268543,8.6634655,8.967776,8.643149,7.6077642,9.448661,10.254754,8.770902,9.770003,10.304469,8.656312,10.191684,9.948103,9.944548,9.855105,10.171242,9.96516,10.281075,11.745021,11.349612,11.261445,10.40047,10.952237,14.276999,14.541422,9.445487,10.132313,9.724583,9.54037,7.680246,8.309202,10.936525,10.996411,9.6061325,10.963183,10.433067,10.579018,8.07263,9.50009,7.1182966,8.794291,9.095229,11.101538,9.602047,11.702082,10.870155,10.867744,9.312463,8.353834
15,8.950184,7.6264567,5.9632707,8.798739,9.899923,9.462642,8.242097,8.796558,5.351495,5.9955754,4.1727633,4.8957405,3.804325,3.2949758,0.5989321,0.0,8.456146,8.915352,7.4233036,8.247867,8.224294,8.677027,9.416491,8.480509,7.8803086,7.9438415,7.7176714,6.974944,7.694317,8.214704,7.700832,8.255323,9.829908,9.929037,9.699982,9.453191,8.778962,8.834128,8.687226,9.73801,9.796398,9.796398,9.527354,9.534757,10.416986,10.24153,9.553159,8.47245,12.017487,11.746475,9.59927,10.446916,10.887815,11.373305,11.237043,11.137485,9.130068,9.053447,10.080328,9.438878,10.111442,9.315602,9.983314,8.7940235,12.436,12.066903,11.406477,10.110578,10.119639,10.94972,10.76852,10.729151,10.860499,11.36871,10.716164,11.535835,10.025071,9.789706,9.380175,9.388113,8.630955,8.92019,8.62824,7.569371,9.451248,10.213514,8.760433,9.755257,10.340822,8.691605,10.167953,9.954238,9.962215,9.874084,10.183155,9.977018,10.328465,11.778249,11.3939905,11.2909565,10.451643,10.987003,14.331677,14.650759,9.508091,10.157323,9.654966,9.674281,7.75895,8.534132,10.986996,11.046643,9.70426,10.946332,10.580947,10.72151,8.242013,9.655628,7.2409225,8.866429,9.235673,11.143839,9.707516,11.808064,10.886188,11.03876,9.445964,8.39519
16,3.7051682,4.6791005,5.7982802,6.6218443,5.5596385,6.5481715,4.7238774,5.12107,7.579956,9.153443,7.9152756,7.1115403,9.70809,8.244615,8.513088,8.456146,0.0,5.709242,4.797174,5.0533094,7.6436653,7.4950447,7.3768034,3.8352487,3.682827,2.636201,4.010162,4.918052,4.2096515,4.87068,4.31492,4.001569,7.6574454,6.7421074,7.673126,7.203675,8.41045,7.5879664,5.4640923,6.613317,8.457577,8.457577,9.114994,8.652379,8.464449,8.102299,7.334311,7.7031612,9.632168,9.352735,7.508428,8.345882,8.926938,8.196122,8.605315,8.693643,8.049719,8.320756,7.328047,8.728952,7.987843,7.647067,7.211994,5.8825326,10.955662,10.426788,10.663433,9.547094,9.477329,10.158985,10.173053,10.148683,9.500788,9.057393,10.090842,9.838375,8.16564,8.316838,8.2040205,7.987971,7.915421,8.082508,7.904765,6.6653666,7.382745,7.40723,8.283941,7.5589137,8.449768,6.224658,7.800285,7.67535,7.2749867,7.7443566,7.837719,8.3606615,7.849135,9.397739,8.44125,8.270695,8.461763,8.51078,10.885282,11.070596,8.85973,7.5428486,5.5024633,6.807278,7.3961473,7.787064,9.506674,9.377345,8.670132,8.85274,9.43228,9.553655,8.127,7.230827,6.818083,7.285343,8.246284,9.136868,8.364398,8.135268,7.9938507,7.9776564,8.354889,8.312963
17,6.9708962,6.364936,8.046597,8.854273,9.326491,9.731355,7.340197,8.152661,7.4636736,9.539439,8.394188,7.3063,10.137329,8.529228,8.9025,8.915352,5.709242,0.0,4.9116273,6.0208883,9.374837,8.760256,7.9202733,5.938838,6.2674665,5.8755236,7.1749825,6.6636353,6.8917804,8.346392,6.829592,7.6090336,8.864756,8.677416,8.730444,8.578311,9.27417,8.580059,7.3635244,7.934549,9.647764,9.647764,9.393245,9.047242,9.429527,9.401081,8.199226,8.838587,10.610384,10.0234995,8.731014,9.516807,9.671797,10.180195,9.514773,9.659704,8.948109,9.163764,8.256462,9.843558,8.564985,8.7462225,7.908114,7.2556925,11.16835,10.664727,10.891743,9.74512,9.670845,10.349753,10.3789625,10.390181,9.531578,9.070403,10.033602,9.75541,8.86525,8.990078,8.908413,8.476179,7.768636,8.0730715,7.8966503,6.2541776,7.473447,7.881928,7.7369256,7.571306,8.689139,7.034316,7.5542436,7.89793,7.3458,7.9964347,7.696395,7.536544,7.487375,9.719847,8.733224,8.448761,8.080317,8.174798,11.121282,10.742073,8.8582735,7.8454843,6.4421544,7.6969724,6.9320936,6.6429057,8.497863,8.341506,7.760222,10.973349,9.106045,9.303614,8.296675,7.769721,6.6991143,7.4220123,8.899714,9.988971,8.409807,8.318582,8.551285,9.137403,7.748216,8.453936
18,5.877173,5.1009164,7.1146326,7.899854,8.342908,8.72437,6.1481895,7.073227,6.9854774,8.119146,6.6395903,6.7924953,8.798663,8.197269,7.492078,7.4233036,4.797174,4.9116273,0.0,3.805358,8.957114,8.75547,8.22569,6.0830097,5.215697,4.46166,6.514602,5.988811,4.95223,6.991456,5.079244,6.18196,8.488164,8.728033,8.465508,8.280831,8.981236,7.9762897,7.737335,7.8520117,9.505888,9.505888,9.060147,9.033585,9.468416,9.237612,7.843205,8.170089,10.223956,9.929206,8.077819,9.060721,9.52895,9.761947,8.901663,9.143716,8.412801,8.585999,8.013388,9.365535,8.61529,8.222701,7.73175,6.6143465,10.36238,9.922388,10.226972,8.942906,8.856795,9.616498,9.625473,9.608725,8.924797,8.811777,9.645464,9.407584,8.556979,8.654889,8.291217,7.8582187,7.797178,8.401526,7.8159914,6.41478,7.3790846,8.029082,7.805204,7.506376,8.311017,6.02874,7.845035,7.503653,7.022557,7.60123,7.5805087,7.8176813,7.8957076,9.66446,9.223218,9.029014,8.506398,8.792808,11.560762,11.800934,8.750507,7.5228467,5.2792573,7.031337,7.1772914,7.07281,8.795627,8.887839,8.449363,10.844146,9.049587,9.205744,8.311544,7.7223706,6.5340924,7.186209,9.061614,9.291706,8.2566805,8.627796,7.7874675,8.328004,7.7421756,8.321485
19,5.930993,5.4267635,7.0095663,8.72996,7.575978,8.196433,7.2001934,7.4197993,7.921283,7.69563,7.7451286,7.7854166,8.950828,8.851907,8.115148,8.247867,5.0533094,6.0208883,3.805358,0.0,9.467936,9.338109,7.8700433,5.070958,3.588348,4.4871454,6.6980386,4.7729206,3.295557,5.7619014,3.2814527,4.68688,8.564329,8.515446,8.669713,8.4379,9.013444,8.088722,7.939819,8.042659,8.990352,8.990352,8.614039,9.005485,9.097157,9.136024,9.074293,9.337665,9.470252,9.341404,7.284172,8.420917,8.830078,9.084511,7.989047,8.495689,7.715919,8.474368,7.6168385,9.06062,7.998828,7.345346,7.926758,5.779734,9.955749,9.434667,9.371124,9.0845,9.247161,9.941536,9.972039,9.946589,8.374688,7.8162684,9.060877,8.809986,7.3882203,7.535399,7.744805,7.204624,8.370761,8.997914,8.262232,7.149868,7.7472367,8.062278,8.271126,7.9769516,8.465499,6.270151,8.389274,7.8515897,7.385703,7.874448,8.021854,8.838747,7.921632,9.148907,8.505216,8.43496,8.485776,8.59731,11.026378,11.008933,8.74673,6.908139,5.8518043,5.42089,7.4188113,6.2629056,8.221231,8.285315,7.9792237,11.2663765,8.750231,8.916845,7.845614,6.644809,6.5283566,6.3649907,8.453914,9.142624,7.824109,7.6344976,8.063195,6.9641266,7.352415,8.449564
20,7.4992075,7.325362,6.3431897,4.825992,9.10426,8.147794,5.736331,5.099987,7.164984,9.664043,7.578385,7.472907,9.39316,7.419584,8.3264265,8.224294,7.6436653,9.374837,8.957114,9.467936,0.0,1.8408008,6.599728,7.527131,7.023152,6.7409163,6.6547337,5.5989637,7.2310867,7.2944436,7.341961,7.761065,8.267255,8.2586975,8.569067,8.040269,8.125189,8.579579,8.122767,8.687035,8.856933,8.856933,8.815192,9.596371,9.342456,9.14725,8.344949,8.405121,11.357503,11.0740595,8.5506735,10.133304,9.87506,10.035163,10.539719,10.095426,7.0590725,6.4238744,8.540688,6.103349,9.204058,8.9474535,8.614646,7.7178607,12.4627495,12.188099,12.758188,11.959507,11.887442,11.524924,11.504552,11.467665,11.765673,12.419123,12.678117,12.567992,10.681559,10.670987,10.3359995,10.47073,9.319614,9.031944,9.443793,8.188866,9.016112,9.188897,9.5898075,9.413045,9.770867,7.852395,8.981683,9.320538,9.842606,9.221834,9.675663,9.879374,10.283922,10.77555,10.750555,11.023721,11.04691,10.8085575,12.144965,12.275509,9.846443,10.7073145,9.692834,10.083473,9.278759,10.413019,12.533225,12.585753,9.890292,10.357245,9.7031765,9.7455635,7.294587,7.9459834,7.5118847,8.164363,8.596522,8.766134,9.048819,10.683802,10.055427,10.743828,9.950038,9.414057
21,7.2041,7.285651,6.3644056,4.4254084,8.863182,7.8343005,5.3687806,4.6711082,7.7412148,10.069021,8.099861,8.156765,9.589458,7.982264,8.783653,8.677027,7.4950447,8.760256,8.75547,9.338109,1.8408008,0.0,6.202768,7.3645487,7.1085157,6.690447,6.4552317,5.593043,7.338795,7.3439455,7.4049835,7.8192596,8.145059,8.28048,8.558222,7.8326216,8.112015,8.51218,7.9320183,8.621524,8.740527,8.740527,8.851441,9.615806,8.977804,8.831089,8.303075,8.452648,11.28459,10.91289,8.502404,10.108739,10.05368,9.986531,10.387872,9.973934,6.984017,6.3064146,8.334734,6.045293,9.144045,9.033704,8.328367,7.6135044,11.859301,11.578061,12.245884,11.390154,11.300401,10.84174,10.868111,10.837962,11.173991,11.875168,12.126232,12.005045,10.543373,10.531008,10.307562,10.419661,9.183395,8.923156,9.323476,7.96638,8.880048,9.0451355,9.44938,9.293114,9.770522,7.9645433,8.640948,9.312117,9.795966,9.218001,9.572128,9.742182,9.940087,10.394233,10.313104,10.591743,10.585331,10.312225,11.274136,11.427167,9.774705,10.606563,9.416893,9.977105,8.972391,10.157499,11.834255,11.842502,9.496892,10.352226,9.41491,9.479237,7.3481855,7.639864,7.5452313,7.9533987,8.679315,8.573743,9.220354,10.483301,9.904196,10.753938,9.952651,9.425209
22,7.5193787,7.6199155,6.2344174,6.511369,8.477546,6.7383184,5.7516594,5.8065715,8.32403,10.01822,8.647268,8.319552,9.508839,8.741571,9.339337,9.416491,7.3768034,7.9202733,8.22569,7.8700433,6.599728,6.202768,0.0,6.1922116,6.4752927,7.037169,6.6578975,5.7782826,7.1791058,7.0410705,7.173948,7.7962523,7.7229047,7.202998,6.387957,6.049553,5.90794,7.2098064,7.5245037,7.0880823,5.2113285,5.2113285,5.1134543,7.044487,7.2811956,7.300891,7.214391,7.996228,8.361749,8.053473,6.499651,7.5596614,7.9524884,8.3649025,7.7485976,7.9019823,5.039969,4.435873,6.38061,5.227336,6.8894544,6.7834015,6.9211273,5.744875,10.061164,9.635507,10.944232,9.579565,9.704748,10.237674,10.302771,10.24317,8.976858,9.408825,9.878317,9.161402,7.345529,7.4962325,7.640112,7.206027,8.289221,8.076986,8.296802,7.2081027,7.0408716,7.324299,8.347804,7.687147,7.1929564,5.9080462,7.115358,7.2599416,7.4310746,6.941455,7.520801,7.964862,9.185133,10.2308655,9.059461,8.990601,8.54963,9.136465,9.57784,10.110886,7.477309,8.452453,8.144717,7.8288245,7.5162306,7.5278482,9.600759,9.601144,6.589605,9.450547,6.8992333,7.0090365,6.7463465,4.6224523,5.308477,4.7881155,6.8749714,7.9948874,7.306067,7.3511605,8.7778845,8.297282,7.8618345,8.7499895
23,6.0255885,6.3461533,4.682944,7.170665,7.2544756,6.070613,5.3647947,5.32499,7.642396,9.4307785,8.398447,7.0832777,8.744693,7.801169,8.384243,8.480509,3.8352487,5.938838,6.0830097,5.070958,7.527131,7.3645487,6.1922116,0.0,3.5178716,4.6409864,5.6127563,4.3525376,4.521043,5.759591,4.4182878,4.820538,7.9771824,7.2716427,8.296841,7.7974057,8.2292185,7.367915,6.1096196,7.268281,7.3692627,7.3692627,7.6847725,7.5960917,8.330491,8.1195135,8.48461,8.669314,9.213836,8.963742,7.008571,7.8954425,8.613262,8.364504,8.52674,8.339828,7.426093,7.4731317,5.553312,7.5581207,7.261229,6.86743,7.2777176,5.1199694,10.334817,9.801299,10.306318,9.382837,9.533238,10.101254,10.143336,10.1166315,9.120475,8.8175955,9.506309,9.305233,7.8814907,7.916597,7.7574034,7.774925,8.4128475,8.547479,8.299863,7.0593653,8.03791,7.8445644,8.578362,8.23244,8.712216,6.6891947,8.221692,8.259463,7.675212,8.274864,8.507909,8.77003,7.9835052,9.443366,8.1535635,8.13401,8.579166,8.408428,10.857119,10.546646,9.616541,7.936601,6.888346,6.2281127,8.0037565,7.3279414,8.9846115,8.915323,7.641112,9.267654,9.023582,9.166476,7.3498344,6.189866,6.505894,6.9391932,7.762087,9.157309,7.757836,7.324386,8.733063,7.616221,7.9073286,8.164058
24,4.52539,4.7474065,5.429776,6.553453,6.0500374,6.548726,5.5383773,5.6195693,7.07157,7.6819515,7.2858896,6.837523,8.961092,7.849795,7.762744,7.8803086,3.682827,6.2674665,5.215697,3.588348,7.023152,7.1085157,6.4752927,3.5178716,0.0,2.845484,4.9638333,3.0627913,1.7164327,3.905548,1.6967225,2.8464992,7.0877643,6.6981015,7.3345876,7.1785917,7.700999,7.030222,6.13264,6.664481,7.708473,7.708473,7.8173914,7.921527,7.7525506,7.7415085,7.793449,8.1335335,8.820995,8.65102,6.1178164,7.6560454,7.6945877,7.5501485,7.5329895,7.574051,6.1035604,6.7955804,6.7036586,7.216394,7.067308,6.303021,6.8120623,4.4620466,10.85148,10.369913,10.430883,9.894642,10.019229,10.649276,10.674252,10.645157,9.234008,8.977169,9.968666,9.757529,7.084244,7.2150416,7.250835,7.0750275,7.5353627,7.8542323,7.44772,6.4810596,6.929376,7.037881,7.658304,7.1840734,7.765889,5.3943377,7.5698404,7.125032,7.0483303,7.128855,7.4453974,8.331994,7.5260262,8.872107,8.084229,7.9864864,8.314999,8.356542,10.324854,10.2160015,8.172289,7.0380445,6.1149497,5.5043406,7.148985,6.742254,9.382895,9.3375025,7.6258903,9.474562,7.8596287,8.018007,6.612526,5.311968,5.482827,5.94699,7.077838,8.243708,7.0360947,7.084986,7.362256,6.546351,6.9484816,7.402351
25,3.4445174,3.401132,6.0870113,5.9434967,5.7507625,7.034242,4.7485986,4.9807496,6.964338,8.413595,7.1878085,6.9254036,9.522766,7.963244,8.0161,7.9438415,2.636201,5.8755236,4.46166,4.4871454,6.7409163,6.690447,7.037169,4.6409864,2.845484,0.0,4.035541,3.9793415,3.2146192,4.9126115,3.418776,4.1069055,6.9819026,6.684907,7.224069,6.882314,7.7418537,6.867198,5.7489433,6.347848,8.604465,8.604465,8.672611,8.958429,8.023809,7.8428063,7.1547627,7.5039496,9.302467,9.021649,6.771878,8.050513,8.189915,8.045186,7.9971046,8.040375,6.9493866,7.3756523,7.440696,7.920815,7.452262,7.070255,6.523467,5.2040696,11.088004,10.614952,10.703593,9.592756,9.493166,10.178632,10.182439,10.158289,9.456289,9.224339,10.219915,10.004062,7.9171095,8.0626545,8.104637,7.960126,7.1921,7.4340434,7.2368565,6.1410103,6.6871552,6.5584803,7.418273,6.8803763,7.910084,5.5373955,7.2180095,6.997984,6.984672,7.083781,7.192548,8.214872,7.6319075,8.913633,8.166296,7.94873,8.367349,8.386857,10.406255,10.689841,8.151184,6.8955493,5.237768,6.310797,7.1308036,7.640628,9.687999,9.643963,8.380433,9.802229,8.82997,8.967693,7.685151,6.566678,6.2382355,6.314559,8.005083,8.592122,7.856356,7.855033,7.3883424,7.558841,7.813251,7.7843814
26,3.7601688,4.595309,4.9085855,5.137415,5.023374,5.817215,3.6942616,3.9186842,7.6477714,8.868696,7.3411064,7.348146,9.051985,7.8457294,7.807896,7.7176714,4.010162,7.1749825,6.514602,6.6980386,6.6547337,6.4552317,6.6578975,5.6127563,4.9638333,4.035541,0.0,5.003932,5.238945,4.5268784,5.3198004,4.914723,7.944112,7.029675,7.34507,6.837863,7.635534,7.51966,6.030025,7.090801,8.134673,8.134673,9.05113,9.077533,8.339841,8.07573,7.4884534,7.759284,9.226801,8.800644,6.6335263,7.791061,8.490866,7.646167,8.219298,8.27527,7.7486057,7.7949376,8.562507,8.558155,8.278607,8.210095,8.101259,6.821321,11.180795,11.107717,11.394173,10.028,9.934509,10.6127,10.593136,10.555594,9.369005,10.048249,10.684657,10.493066,8.102736,8.227588,8.552368,8.460758,7.7365966,7.6926823,7.744601,6.96232,7.617208,7.490864,8.191059,7.5669684,8.5074625,6.549168,7.791222,7.864084,8.470585,7.7818584,7.932584,9.260622,9.010806,10.229038,9.528976,9.358648,9.3177185,9.692504,11.154177,11.694079,8.095424,8.162133,7.3680654,8.261268,7.9377832,8.77179,10.82916,10.159982,8.926168,8.797327,9.59842,10.035019,8.171268,7.673167,6.9305367,7.0958686,8.403415,9.491718,9.223953,9.196729,9.205409,9.135997,9.22081,8.746681
27,5.1687183,4.783433,4.9072905,6.514444,6.556299,6.8986855,5.623917,5.189852,6.6918077,7.411685,6.92277,6.634121,7.9140253,6.740755,6.886905,6.974944,4.918052,6.6636353,5.988811,4.7729206,5.5989637,5.593043,5.7782826,4.3525376,3.0627913,3.9793415,5.003932,0.0,3.1596313,4.201736,3.1165173,4.193583,7.354247,6.9932895,7.349021,6.7525444,6.8536606,6.8991075,6.446259,7.1816893,7.5227118,7.5227118,7.4014115,8.256496,7.6125298,7.646221,7.925505,7.874998,9.048339,8.848315,6.282271,7.6747293,8.027199,8.243728,7.8793583,8.1388235,6.048646,6.45229,6.732321,6.4065557,7.3217983,6.587089,7.116226,4.9982057,10.274281,9.842378,9.686179,9.612709,9.722416,9.733484,9.73901,9.700781,8.941824,9.11031,9.519064,9.824982,7.186856,7.2002945,7.240721,7.1826196,7.617197,7.6782365,7.53181,6.188264,7.256263,7.4595237,7.65563,7.6842146,8.225739,6.052719,7.7485037,7.7377157,7.8053803,7.622535,8.096433,8.749482,7.524135,8.255527,7.8817806,8.120924,8.213049,8.088599,10.187254,10.144836,7.7018185,7.477879,6.690662,6.0513406,6.7208867,6.7136908,9.051535,9.05327,7.624449,10.050778,8.00114,8.128673,5.387734,5.4443054,5.3779,5.713824,6.5221148,7.3861794,6.9500895,7.756022,8.015571,7.557346,7.3937078,7.338432
28,4.890041,5.048255,5.783519,6.9270153,6.1530933,6.7683825,5.8855433,5.7553487,7.4865017,7.491988,7.1316357,7.265251,8.866425,8.2363205,7.590165,7.694317,4.2096515,6.8917804,4.95223,3.295557,7.2310867,7.338795,7.1791058,4.521043,1.7164327,3.2146192,5.238945,3.1596313,0.0,3.5479505,0.4198753,2.3538623,7.2805977,7.090507,7.597826,7.3575788,7.9660463,7.283445,6.7191286,7.053882,8.119582,8.119582,8.229334,8.307882,8.08743,8.063756,8.007983,8.292647,9.108926,8.969635,6.5002007,7.984344,8.191612,7.915749,7.80529,7.9032373,6.571587,7.2237,6.914634,7.4229774,7.6527896,6.682715,7.1705775,5.010692,10.607666,10.1770115,10.202266,9.977366,10.0943985,10.418162,10.441336,10.4134655,9.327218,9.225956,10.082566,9.952888,7.1454043,7.2698045,7.284925,7.146067,7.7750764,8.259185,7.6523604,6.5981264,7.1757503,7.296121,7.8885837,7.4239345,8.019657,5.6826663,7.797097,7.4031634,7.2671204,7.4102025,7.7319026,8.809221,7.7577643,8.580225,8.422701,8.496915,8.737159,8.674629,10.730025,10.577201,8.327797,7.2486873,6.3485656,5.8311896,7.4175944,7.020678,9.631043,9.639752,8.022824,9.704525,8.13722,8.26201,6.54471,5.7604065,5.8648615,6.305916,7.3662667,7.962902,7.307621,7.650065,7.5233407,6.688075,7.210878,7.557492
29,4.782734,6.1574645,5.668261,6.850016,5.054643,6.185621,6.012457,5.8026204,8.555792,7.8898063,7.8331184,8.165378,9.30837,8.713124,8.091963,8.214704,4.87068,8.346392,6.991456,5.7619014,7.2944436,7.3439455,7.0410705,5.759591,3.905548,4.9126115,4.5268784,4.201736,3.5479505,0.0,3.5318575,2.3818307,8.205107,7.2178097,7.5671377,7.276195,8.051974,8.5051365,7.0240655,7.7181044,7.8807077,7.8807077,9.013616,8.722106,8.183648,8.131408,8.252871,8.544864,9.783865,9.6474495,7.3643446,8.7106695,9.22227,8.083541,8.635061,8.95896,7.116674,7.771169,8.256673,7.9349675,8.957637,7.922809,8.453387,6.575274,11.455573,11.02849,11.012756,10.908761,11.041945,11.329256,11.354028,11.309023,10.103941,10.12051,10.905449,10.822686,7.4660473,7.6097965,7.815673,7.524141,8.8080635,9.023033,8.673211,7.664243,8.0558605,8.466602,9.139676,8.501954,8.858811,6.825772,8.761185,8.482778,8.550643,8.318506,8.784749,9.770662,8.994231,9.723673,9.562262,9.6542845,9.383423,9.743291,10.845661,11.081146,8.209707,8.759946,7.865751,7.55105,7.6026416,7.8832397,10.602746,10.463827,8.986929,8.755686,8.549211,8.636367,6.9769645,6.36584,6.565979,7.201033,7.5040326,8.470675,8.6043215,8.998624,8.722012,8.013256,8.667495,8.643223
30,5.017835,5.2350254,5.706031,7.0432158,6.1287465,6.692229,5.998667,5.8583946,7.617187,7.5445943,7.282408,7.371969,8.81704,8.233425,7.5776896,7.700832,4.31492,6.829592,5.079244,3.2814527,7.341961,7.4049835,7.173948,4.4182878,1.6967225,3.418776,5.3198004,3.1165173,0.4198753,3.5318575,0.0,2.2993667,7.276112,7.079986,7.6004653,7.364899,7.92923,7.2533207,6.6519284,7.0621166,8.033981,8.033981,8.18696,8.211818,7.9426327,7.945423,8.079125,8.31758,9.072409,8.922702,6.4817395,7.9455695,8.19441,7.887546,7.7832904,7.8796906,6.5499167,7.222209,6.8426723,7.4120984,7.6383705,6.647662,7.1693926,4.9721365,10.584565,10.149304,10.113566,9.934206,10.069443,10.3904085,10.420254,10.393845,9.303416,9.193301,9.975473,9.915971,7.008023,7.1091495,7.192601,7.047686,7.727913,8.225386,7.5944467,6.5332675,7.220478,7.3300567,7.8338413,7.4630756,8.062902,5.7990923,7.8293285,7.472474,7.312263,7.475796,7.7910137,8.848953,7.6141386,8.451712,8.276614,8.356125,8.60172,8.533209,10.58647,10.37035,8.323606,7.23928,6.4106355,5.697165,7.341791,6.874678,9.51327,9.506747,7.9152203,9.66476,8.038021,8.1727295,6.453476,5.619037,5.818373,6.317025,7.276223,7.9446726,7.276865,7.552237,7.537614,6.628269,7.1389713,7.4573946
31,4.9748645,6.0566697,5.777805,7.191621,5.2527847,6.13416,6.2313266,6.001441,8.313755,7.9688935,7.800547,7.895381,9.281965,8.764234,8.144652,8.255323,4.001569,7.6090336,6.18196,4.68688,7.761065,7.8192596,7.7962523,4.820538,2.8464992,4.1069055,4.914723,4.193583,2.3538623,2.3818307,2.2993667,0.0,7.5618677,6.8832755,7.843252,7.5387187,8.617262,8.08972,6.507619,7.2370715,8.119007,8.119007,9.0501375,8.36528,8.365799,8.258507,8.285833,8.558819,9.707528,9.55721,7.3314047,8.60661,8.881729,7.8674793,8.489676,8.647387,7.3813934,8.017836,7.585893,8.155436,8.29982,7.3986387,7.9482594,5.98559,11.02143,10.554582,10.538599,10.410675,10.547899,10.8759365,10.89238,10.865754,9.710949,9.547704,10.395046,10.297882,7.4061418,7.559573,7.7838154,7.5013895,8.461886,8.918451,8.344592,7.2744455,7.8709745,7.9696054,8.787809,8.135094,8.67041,6.579523,8.462561,8.136108,7.9288287,8.126679,8.437623,9.430389,8.454186,9.200198,9.004879,9.088537,9.304316,9.265845,11.280768,11.097489,8.890063,8.0620985,7.2086005,6.803105,7.7874618,7.6302013,10.051574,9.940731,8.515928,8.629466,8.762607,8.85132,7.1650248,6.505762,6.610234,7.1552677,7.6664,8.697248,8.149433,8.447046,8.336537,7.4211297,8.00916,8.204312
32,8.22792,8.373116,8.063676,7.9052734,6.880131,6.5698786,7.9623823,7.981335,9.26351,10.489021,9.345262,9.331563,10.578408,9.711414,9.887831,9.829908,7.6574454,8.864756,8.488164,8.564329,8.267255,8.145059,7.7229047,7.9771824,7.0877643,6.9819026,7.944112,7.354247,7.2805977,8.205107,7.276112,7.5618677,0.0,3.1164336,4.3486733,3.8153095,5.818063,3.8974752,4.397812,2.7727785,5.51182,5.51182,5.8713245,5.3465,5.188773,4.9522066,4.362622,4.499886,7.0470614,6.798691,6.3112116,6.535728,5.6877527,5.6586785,6.22706,6.0562634,5.2128215,5.053752,6.338148,5.8488173,4.023696,4.30387,3.6901221,4.516984,9.159257,8.76726,9.130236,7.8309913,7.8086267,8.215895,8.2232895,8.21949,8.648253,8.937909,8.221411,8.43312,5.9471054,6.016487,6.7122517,6.016407,4.652848,5.2743893,4.867565,4.584609,4.822589,4.5315967,5.109544,4.8785543,4.780616,5.0648975,4.7225666,4.519307,4.9256897,4.7133403,5.0776277,5.8952003,6.454152,6.905712,6.2772264,6.2162,6.9395623,6.3661733,9.809584,9.424257,7.004333,5.5162706,6.083439,6.363128,6.6707864,7.2213254,8.81506,8.73025,5.162323,6.803223,5.8511424,6.0508337,6.564789,5.7990513,5.0667763,5.2822475,5.353608,6.3865423,4.7909675,5.943438,5.5084367,6.3821692,4.8578076,5.3118114
