,0,1,2,3,4,5,6,7,8,9,10,11,12,13,14,15,16,17,18,19,20,21,22,23,24,25,26,27,28,29,30,31,32,33,34,35,36,37,38,39,40,41,42,43,44,45,46,47,48,49,50,51,52,53,54,55,56,57,58,59,60,61,62,63,64,65,66,67,68,69,70,71,72,73,74,75,76,77,78,79,80,81,82,83,84,85,86,87,88,89,90,91,92,93,94,95,96,97,98,99,100,101,102,103,104,105,106,107,108,109,110,111,112,113,114,115,116,117,118,119,120,121,122,123,124,125,126,127
0,0.0,3.404045,3.0808294,4.1465325,6.9368324,5.5823455,7.5741396,7.3586793,4.876306,4.808078,4.811485,4.821486,4.9901896,4.997384,5.057216,5.901204,4.466193,4.974813,7.7462745,7.717141,7.933766,6.1996145,7.199528,7.8146205,5.434056,4.9772882,4.699007,4.565946,4.6061816,6.0306334,4.3725967,5.042185,7.161172,8.421247,7.3643084,6.7942114,7.7846212,7.264003,5.5252366,7.6082883,7.9306955,7.5790987,6.275314,6.8554783,7.23516,7.1111217,7.6126513,7.4896483,8.3900795,8.414025,8.492127,8.573625,8.680312,8.64709,7.9264975,8.615978,6.3659897,7.9531875,7.799563,7.35547,8.358274,5.629949,7.9180903,9.048031,5.0343533,5.016327,5.448044,5.2765203,6.8926067,6.693849,4.700058,6.6245003,7.0769496,6.8724184,5.5636253,5.6736665,7.0209765,6.2928085,6.9374647,7.176338,5.930157,5.148241,6.1142507,5.411683,6.0411043,4.9220924,5.2076273,5.2076273,4.7944536,6.7395916,5.3998632,5.2283916,5.9353485,5.1550946,6.0157833,6.8542714,6.4104323,6.3168974,4.1451955,4.8078656,4.876459,5.115665,5.8315425,4.4596496,3.1046543,3.827767,6.215603,5.4494896,5.3368464,5.464039,5.596639,6.6437864,6.304147,5.427763,4.9947786,6.22544,6.028289,3.8800626,4.7492213,4.999103,5.076007,5.0234275,5.6613674,5.70526,7.0813956,4.9554768,5.242,5.2195
1,3.404045,0.0,4.6670547,3.9453819,6.2642827,6.218367,8.117802,7.933825,5.255354,5.206082,5.2184763,6.562031,5.410361,5.4209557,5.6545367,6.3498435,5.5829988,5.9931397,8.652071,7.6502457,7.6796346,6.7103896,7.0161495,7.427079,4.8810873,5.413956,4.334016,4.620854,6.4680533,6.454096,5.5663943,5.5033813,7.0086765,8.580568,7.539652,6.9936295,8.171266,7.6952033,5.934102,7.647429,8.299106,8.723017,6.801031,6.9783125,8.462349,6.7896442,7.546959,7.457051,9.055349,8.789451,8.804975,8.865473,8.771371,8.730289,8.982086,8.887396,6.6365576,8.007255,8.186617,7.912289,8.157331,6.335389,8.797196,8.947907,6.287305,6.7054358,6.8266973,6.6708903,7.981896,8.045133,6.001217,7.538377,8.408003,8.17222,6.2902107,6.528969,7.7388124,7.3158593,8.154553,7.954711,7.119989,5.753104,7.3787503,5.9895067,7.608945,5.338534,6.543913,6.543913,5.9168935,7.6469803,7.0528517,6.9173727,7.4425244,6.3450503,6.8205385,7.7419376,5.227925,5.1902957,3.023172,5.6347017,4.974271,4.0536284,6.096335,5.907446,4.090515,4.391015,5.262436,4.4767127,5.9135613,5.883854,5.763494,6.4396634,5.189652,4.215127,4.0080256,5.331548,5.301866,3.4653203,6.0673804,4.1578255,6.417527,6.1008,6.71205,6.8524,7.4910374,5.6469383,4.906375,4.870025
2,3.0808294,4.6670547,0.0,2.6931152,5.757775,4.1658187,6.022939,6.108414,4.282233,4.271987,4.278618,3.952232,3.9052432,3.9124231,4.040191,4.999997,2.794051,3.2323287,5.9469814,6.234422,6.9627585,5.086333,6.6355276,7.0817156,5.1730676,4.5054274,4.611254,4.21549,4.687473,6.009381,3.533832,5.4150653,5.943999,7.39443,6.530175,5.8020997,6.8327117,6.431149,5.246642,7.1281238,6.9406776,6.716731,5.9683146,6.7546678,6.778781,6.3870206,7.194886,6.8912635,6.7425895,6.8248487,6.8794756,7.0955305,7.3444037,7.334472,7.420359,8.004035,5.806354,7.0924706,6.8540936,7.141482,6.7467585,5.7908354,6.57369,7.639396,4.9293613,4.5033226,4.9744115,4.780554,6.3806305,6.544422,4.5571094,5.25635,5.757987,5.5062456,5.28522,5.3739467,6.2205024,5.627486,5.7920012,6.427386,4.3949666,4.7588205,4.0251884,4.1235127,5.221068,4.2139764,4.083036,4.083036,4.3281326,6.606649,5.17751,5.126536,5.24503,4.513774,5.633801,6.4877486,6.058509,5.9786115,4.487953,5.241012,5.224204,5.734047,4.4170485,3.3889117,3.9729211,3.1267061,5.7421923,4.215289,4.608341,4.6285143,5.2614193,6.4231277,5.6256285,4.5705585,4.2198176,5.2368526,5.00032,5.0827065,4.862106,4.937632,4.324532,5.015628,5.3773227,5.087196,6.603569,5.632234,5.4244127,5.4217215
3,4.1465325,3.9453819,2.6931152,0.0,5.458501,3.8135085,5.88908,5.9684134,3.3675904,3.3864896,3.4061754,4.9520483,2.9403927,2.9517806,3.2456844,4.4065943,3.7042396,4.1084347,6.8309817,5.8205385,6.777289,4.7407136,6.622099,6.749345,4.8122663,5.1281414,4.4889703,5.127995,5.606926,5.382418,4.363814,4.7585177,6.3992605,7.8068953,6.8540535,6.3251133,7.766322,7.3866014,5.0102715,7.598959,6.6667624,7.415383,6.595893,6.380451,7.425252,6.9123487,7.8671503,7.577331,7.3700423,7.440858,7.4710836,7.691974,7.2293534,7.221458,8.099747,8.031641,5.384393,6.9069676,7.555845,7.8945436,6.413467,6.7588487,7.3346267,7.328844,6.026714,5.4879355,5.9592175,5.7820673,7.2000566,7.392126,5.553542,6.090223,6.5155234,6.162981,6.026711,6.2069726,7.0117702,6.541026,6.561946,7.237398,5.1865907,4.5750747,4.8832674,3.7386334,6.034519,3.7655952,5.035557,5.035557,5.337989,7.433339,6.3669662,6.317589,5.973343,5.345898,6.4816175,7.276123,5.465692,5.432415,3.8692875,5.9078984,4.4445014,5.169723,3.4275382,4.0165257,5.09286,4.2673287,5.1258693,3.164347,5.3765597,5.3114934,5.9438457,5.984652,4.53981,3.186307,2.9084048,4.5036206,4.3406305,4.4055123,5.6392736,4.156029,5.4682117,5.7292385,5.997403,5.7864203,7.2659764,6.334296,4.8922973,4.8820624
4,6.9368324,6.2642827,5.757775,5.458501,0.0,6.3582435,7.696803,7.73494,6.849879,6.8836584,6.9047623,7.436131,6.53113,6.5385733,6.7509527,7.062182,6.2426295,5.8217883,7.657647,7.467949,7.654278,6.1804256,6.8888807,7.3385315,6.3302975,5.4857807,5.2420716,5.304265,7.930473,7.7418785,7.2960906,8.320811,7.0683513,8.401963,7.8895965,7.685798,8.858336,9.0117035,8.714112,8.732347,8.229821,8.609913,8.186826,8.441832,8.661251,7.548068,9.306254,9.088268,8.789641,7.5581584,8.44065,8.645089,8.686288,8.676642,9.912452,9.479514,8.096069,8.951725,8.841665,9.270742,6.5052934,8.22993,9.142246,8.560834,6.82024,7.608797,7.810487,7.6412134,8.43032,8.9295845,7.1134357,7.04162,8.222459,8.092275,7.3896112,7.464503,8.402619,8.115636,8.436433,8.747442,6.6010957,6.69178,6.3105073,6.9826913,8.013354,7.013042,6.6501017,6.6501017,6.5916057,8.308224,7.5674696,7.595403,6.8980923,6.494545,7.6032443,7.779585,7.66935,7.6591654,6.673481,7.81401,8.329381,7.0264497,6.2181067,6.546259,6.295148,5.179703,3.466053,5.019803,7.601135,7.456809,5.8552303,8.009174,4.33799,5.497508,6.001818,5.6826544,4.6812944,6.99305,8.1265,5.9135623,7.26197,7.454612,8.502364,8.231031,9.016774,8.665623,8.301007,8.295898
5,5.5823455,6.218367,4.1658187,3.8135085,6.3582435,0.0,4.9941053,5.053404,3.5989423,3.6621487,3.6445234,4.193651,3.2137542,3.2415557,3.5984163,4.515773,3.7988164,4.154909,6.999796,5.4296784,6.6433973,4.511392,7.890743,6.875779,6.4723525,5.599485,6.342654,6.363531,4.750247,4.0204177,4.413749,4.304754,6.6565375,7.910917,7.0079737,6.5012565,8.022842,7.735547,4.352649,8.011328,6.147987,6.618715,6.02048,5.702276,6.7542143,7.816227,8.196468,8.531839,7.0012145,6.7343063,7.432478,7.0704384,6.9511533,6.956645,7.598785,7.649898,4.8351455,7.213254,7.584972,8.525821,7.0134196,7.0372415,7.066574,6.9481673,5.315471,4.6926866,4.7033343,5.1862273,5.821147,6.2806506,4.9135866,4.0758595,6.004316,5.7093196,5.5302105,5.6899834,6.5659876,7.0986896,5.074953,7.0884337,3.75955,4.0569983,4.9340625,4.7230387,4.257148,5.029354,4.9177637,4.9177637,5.6922407,6.831525,5.2114215,5.1682587,5.2918954,5.491784,6.360156,6.3192716,6.229123,6.1815243,5.263652,5.69517,4.5900836,6.1754065,2.141098,2.7620766,5.4937124,4.8765435,6.028452,5.3396964,5.4526834,5.2128,6.1923246,6.3840446,6.522924,5.6086593,4.139435,4.438354,4.2360086,5.525149,4.0093465,3.8990264,3.740558,4.390015,5.9094687,5.4122663,7.6789536,7.292599,6.4886584,6.502049
6,7.5741396,8.117802,6.022939,5.88908,7.696803,4.9941053,0.0,1.3330202,5.9326196,5.9869123,5.9928975,6.8330054,5.696684,5.717673,6.054386,6.643567,6.4761615,6.438076,4.7986803,3.0614498,5.146071,5.931475,5.9866276,5.238275,6.2254267,7.2339993,7.691659,7.6278653,6.3089457,6.275993,6.38954,6.2549567,5.063851,6.276103,5.449181,4.443888,6.1915693,6.0535707,6.471422,6.1756706,3.2103508,4.304932,7.9502964,7.3567533,4.2001677,6.704708,6.746169,6.9234653,4.731704,4.318931,5.505538,5.1459894,4.769804,4.7807784,5.5619607,5.888396,6.50281,4.9746203,5.45882,6.558352,4.835756,8.410173,5.764692,5.1274476,7.1710205,6.8755164,6.427219,6.652168,7.778561,8.102367,7.030315,6.559698,7.3193164,7.077387,7.016461,7.0741305,7.7545004,7.9594946,6.5171432,7.9117985,5.962752,6.132964,6.660465,6.8294034,6.0996137,6.865182,6.5627766,6.5627766,7.000609,8.120412,6.627299,6.6153297,6.632876,6.82992,7.973806,7.794204,7.8261366,7.7988453,7.0322537,7.797163,6.6855783,7.9227014,5.421923,5.712405,7.0780315,6.5377865,7.3753867,6.7881074,6.911382,6.765014,7.32916,7.615624,7.6592655,6.9916697,6.226103,6.8353133,6.1588326,7.3037744,6.618695,6.445568,5.897588,6.2248974,7.1301117,6.728737,9.139855,8.60988,8.051186,8.045725
7,7.3586793,7.933825,6.108414,5.9684134,7.73494,5.053404,1.3330202,0.0,5.962474,6.015121,6.023054,6.8300223,5.6671476,5.687373,6.081704,6.5160904,6.489598,6.493598,5.085504,3.3753622,5.2283177,5.966151,6.0935445,5.3310957,6.2640734,6.909443,7.7350745,7.6993484,6.021382,5.9290853,6.4124017,5.8972387,5.187499,6.094083,5.5375385,4.524822,6.4041796,6.2142715,6.450104,5.976606,3.0997396,4.6237173,7.8840666,6.9954667,4.060637,6.805436,6.51338,6.7313848,4.9173927,4.5516133,5.6431327,5.327394,5.0246325,5.036941,5.71704,6.063164,6.545527,5.224021,5.599688,6.3602996,4.9949365,8.496682,5.766135,5.294008,7.239411,6.89101,6.5152235,6.723314,7.6922135,8.017674,7.0500317,6.496062,7.262858,7.0700183,7.05419,7.080272,7.819631,7.951048,6.5806313,7.963291,6.028326,5.8420687,6.6819024,6.804925,6.1795325,6.792991,6.5594726,6.5594726,7.076276,8.098324,6.6924505,6.6768184,6.2417717,6.525125,7.627169,7.4166064,7.763182,7.715889,7.0692797,7.5170918,6.7150207,7.8453383,5.437871,5.709658,6.898135,6.3138194,7.1874027,6.7489057,6.9737635,6.894061,7.3523164,7.6342235,7.607026,6.9829674,6.1507583,6.7505236,6.3124423,7.111145,6.299376,6.1120214,5.9608192,5.8309126,7.1805215,6.660833,8.954574,8.30528,7.977731,7.9711456
8,4.876306,5.255354,4.282233,3.3675904,6.849879,3.5989423,5.9326196,5.962474,0.0,0.16640957,0.19235341,3.31755,2.2440464,2.2181432,2.0704167,3.7410462,4.174965,4.989023,8.032264,6.473977,7.2435927,4.167327,7.8963375,7.3639517,6.037377,5.7151084,6.34859,6.485603,5.6147604,4.508251,4.240967,3.3056262,7.2221317,7.838429,7.220973,6.776252,8.785518,8.244367,3.9064074,8.629533,7.251987,7.708222,6.7102666,6.156032,7.2201023,7.503566,8.636265,8.429459,8.406085,7.999841,7.9966507,8.203545,7.9918737,7.968194,8.302202,8.580794,5.4207444,8.031829,8.381332,8.756458,7.8624945,6.961346,7.730535,8.276221,6.4891577,5.5448875,5.941831,5.662033,6.946231,7.1516967,6.1130285,5.879278,6.82551,6.5743084,6.620829,6.9662986,7.4164305,7.6823945,7.1059937,7.6734457,5.940206,5.781701,6.222698,4.993091,6.1491933,4.3516045,6.063884,6.063884,6.0992265,7.7406473,6.4959245,6.2793045,6.1358156,6.329889,6.808589,7.8188453,6.4588256,6.4346213,4.2999024,6.541292,2.7236564,5.0234637,2.9049826,3.4397113,6.006991,5.425457,6.345971,4.8212304,6.431153,6.3028316,6.9360304,7.109601,5.2064443,4.0504847,3.618842,4.792381,5.627581,4.997659,4.8752236,4.566394,4.9031577,5.231395,5.9105206,5.706495,7.284066,6.7985187,5.5070286,5.4897013
9,4.808078,5.206082,4.271987,3.3864896,6.8836584,3.6621487,5.9869123,6.015121,0.16640957,0.0,0.06839626,3.323733,2.229683,2.202304,2.0458663,3.721233,4.1975513,5.027821,8.062077,6.521948,7.288188,4.2499166,7.882688,7.3900175,5.9924035,5.7375493,6.324091,6.4457765,5.6117005,4.5408382,4.2229023,3.3299148,7.240633,7.8417735,7.239629,6.7783957,8.797032,8.244469,3.9082375,8.641955,7.286167,7.6971374,6.7090797,6.1897697,7.240639,7.462845,8.62839,8.411941,8.453167,8.05042,8.027196,8.246669,8.045268,8.02132,8.2870655,8.570987,5.4617214,8.039985,8.390172,8.732602,7.8940887,6.9180055,7.7271347,8.317924,6.474943,5.5073457,5.9195824,5.627104,6.944906,7.130314,6.092859,5.916656,6.8235025,6.573822,6.6051707,6.950585,7.3846498,7.6577682,7.12905,7.6477613,5.9912186,5.8097696,6.241926,4.9640565,6.168213,4.312903,6.063257,6.063257,6.0660577,7.7248087,6.4750443,6.256216,6.131607,6.3254147,6.7825236,7.8252497,6.461991,6.436112,4.2396064,6.5373898,2.6436708,4.9724884,2.9645894,3.4042058,5.9659414,5.4259024,6.364904,4.8243833,6.425729,6.308212,6.911552,7.10584,5.1978264,4.0425005,3.6386702,4.8170085,5.6654277,4.9471397,4.8338504,4.5772505,4.909557,5.234342,5.878135,5.705692,7.246392,6.715992,5.416188,5.398961
10,4.811485,5.2184763,4.278618,3.4061754,6.9047623,3.6445234,5.9928975,6.023054,0.19235341,0.06839626,0.0,3.3082545,2.247967,2.220517,2.0648768,3.73606,4.1978364,5.0356603,8.070276,6.5265923,7.306716,4.276609,7.90633,7.4122396,6.011705,5.753087,6.3441315,6.4584594,5.620027,4.5610857,4.2153735,3.3381777,7.2478504,7.848994,7.244365,6.789713,8.801634,8.2462845,3.900154,8.655086,7.2994146,7.6951504,6.707727,6.190147,7.2482076,7.4634156,8.636507,8.421902,8.458623,8.05849,8.03318,8.249829,8.051826,8.027496,8.287108,8.5743,5.4660773,8.045859,8.399626,8.739552,7.911984,6.9118953,7.7237535,8.325904,6.4667106,5.4982004,5.912196,5.626567,6.9323716,7.1184316,6.0887823,5.9068685,6.838427,6.589951,6.608786,6.9557877,7.3864107,7.6740074,7.122218,7.6588316,5.9837103,5.809091,6.242753,4.9615717,6.1491656,4.31526,6.063727,6.063727,6.069063,7.7160854,6.4664474,6.245678,6.146005,6.3362236,6.7733555,7.823706,6.475286,6.4485655,4.2430677,6.530156,2.6280024,4.97196,2.965182,3.388287,5.9666615,5.433185,6.3843484,4.843281,6.429954,6.3068423,6.9164386,7.114076,5.2315526,4.0680423,3.6589189,4.809581,5.6714034,4.94919,4.8109655,4.577051,4.887698,5.220996,5.8832335,5.7120214,7.2376294,6.7142706,5.416965,5.400105
11,4.821486,6.562031,3.952232,4.9520483,7.436131,4.193651,6.8330054,6.8300223,3.31755,3.323733,3.3082545,0.0,4.012252,3.989047,3.7067962,4.9468956,3.4369926,4.537526,7.9315677,7.469764,7.8461704,5.0063944,8.979388,8.313648,7.3059306,5.187224,7.257645,6.57087,5.371771,5.5977945,3.856544,4.704977,7.2902727,8.021073,7.3289695,6.948419,8.658774,8.043011,4.555605,8.909108,8.460025,8.092924,6.48352,6.931558,7.472252,7.779822,8.590073,8.49037,8.350534,7.9305496,7.9314203,8.075326,8.712369,8.692959,8.616344,9.513365,6.3233476,9.170489,8.53581,9.097538,8.846171,6.700996,7.393207,9.146885,6.166246,5.3771896,5.7606044,5.5739293,6.6076236,6.9456487,5.91118,5.091191,6.5926995,6.4426436,6.656769,6.9291325,7.434684,7.6388927,6.9001813,7.702112,5.39009,6.485261,5.840271,5.800008,5.87903,5.298835,5.84329,5.84329,6.1018577,7.6730804,6.117098,5.8673625,5.8956,6.1641917,6.4779,7.496512,7.265401,7.2012753,5.744076,6.3234735,4.7919827,6.339077,4.251527,3.2108164,5.882092,5.046465,7.3723006,6.195657,6.3465066,6.271662,7.155262,8.228873,6.71337,5.8206167,5.2121615,5.708348,6.770545,6.453451,4.1750207,5.5442576,3.938372,4.8832493,6.181312,5.651535,6.873468,6.870326,6.8411694,6.83995
12,4.9901896,5.410361,3.9052432,2.9403927,6.53113,3.2137542,5.696684,5.6671476,2.2440464,2.229683,2.247967,4.012252,0.0,0.07299747,1.8776758,2.9651499,3.871655,4.6460443,7.535284,6.100897,7.1207175,4.4232135,7.468685,7.1213427,5.416014,5.5442715,5.923373,6.1871896,5.2016172,4.206239,4.230035,3.7973344,7.0334454,7.6182375,7.357875,6.5089235,8.733625,8.218401,4.281161,8.415837,6.794233,7.386238,6.636903,6.341963,7.4652853,7.437622,8.314574,8.203721,8.014276,7.810249,7.8114834,8.066356,7.8408136,7.8485503,8.038232,8.083243,5.5515265,7.717655,8.051461,8.587942,7.099778,7.2602844,7.1838512,7.692687,6.312194,5.0275116,5.5792437,5.2945557,6.7348094,6.923279,5.790813,5.488443,5.765326,5.4607844,6.1335826,6.3210998,6.579953,6.726761,6.3080106,6.869405,5.6010985,5.343441,5.240731,3.790711,5.8913274,3.9055336,5.44959,5.44959,5.80848,7.7323036,6.0615597,5.9963303,5.036368,5.5657015,6.4174347,7.2091837,5.905486,5.858495,4.4763875,6.586706,3.441962,5.3991194,1.962915,2.6324017,5.864131,5.1278644,5.9803305,4.2088604,5.857507,6.0390005,6.359048,6.589112,4.844405,3.9684298,3.1781313,4.6564074,5.3479447,5.2192593,4.513002,4.2767224,4.9054627,5.0563197,5.5845547,5.368472,7.0185304,6.328006,4.8682194,4.8755713
13,4.997384,5.4209557,3.9124231,2.9517806,6.5385733,3.2415557,5.717673,5.687373,2.2181432,2.202304,2.220517,3.989047,0.07299747,0.0,1.8308637,2.9449792,3.8747253,4.6632657,7.550353,6.12045,7.1395564,4.441777,7.4904823,7.144376,5.433814,5.550872,5.9471016,6.2010612,5.240482,4.2396164,4.233996,3.8213212,7.043861,7.613706,7.3624935,6.5210443,8.753897,8.233152,4.295656,8.439918,6.827523,7.4109273,6.6596107,6.362016,7.4862146,7.4269767,8.329652,8.20557,8.038083,7.8302245,7.816229,8.083516,7.8647475,7.8722935,8.063905,8.113635,5.584696,7.7478585,8.078144,8.602276,7.119161,7.2686963,7.1839128,7.720796,6.351822,5.053329,5.6142526,5.320348,6.7575655,6.948007,5.8278117,5.5070124,5.782298,5.4815083,6.174909,6.3654537,6.6074533,6.7620115,6.3576827,6.8997254,5.631014,5.383168,5.252419,3.7944798,5.9316077,3.8987794,5.4750495,5.4750495,5.8303385,7.753596,6.105456,6.0375037,5.0629683,5.5901184,6.417514,7.237765,5.935495,5.8882794,4.489731,6.609902,3.4526567,5.404418,1.979446,2.640481,5.8905635,5.1430287,5.997396,4.2135677,5.8955927,6.072272,6.395567,6.632611,4.8362617,3.9562879,3.2008665,4.6553497,5.3849645,5.237743,4.5243707,4.2982497,4.9324007,5.0867405,5.6127043,5.39536,7.006363,6.3320155,4.872979,4.880414
14,5.057216,5.6545367,4.040191,3.2456844,6.7509527,3.5984163,6.054386,6.081704,2.0704167,2.0458663,2.0648768,3.7067962,1.8776758,1.8308637,0.0,2.935003,4.0373373,4.928982,7.7962604,6.4319677,7.2536564,4.84127,7.8881946,7.3084917,5.974396,5.883753,6.281423,6.389459,5.6825376,4.406019,4.3818884,4.3153434,7.3035927,7.873105,7.4436703,6.7952914,8.947074,8.3893385,4.5426736,8.801747,7.225203,7.6369476,6.930907,6.646658,7.631895,7.440831,8.643279,8.392113,8.356032,8.098905,8.017495,8.315135,8.134432,8.140843,8.370032,8.508079,5.9558105,8.116405,8.480364,8.814265,7.653966,7.268763,7.4025497,8.197157,6.9847856,5.451487,5.9857783,5.6790023,7.096146,7.283749,6.231132,5.8311186,6.0282116,5.7752404,6.7491775,6.9824533,7.159462,7.4630213,7.2316623,7.452291,5.9812293,5.845163,5.7069016,4.3602614,6.5715494,4.2149324,5.90648,5.90648,6.15842,7.8656354,6.8886876,6.7848883,5.885698,6.1808686,6.677598,7.7652955,6.671525,6.6349897,4.8306365,6.8523374,3.849759,5.7184634,2.7371974,3.1528296,6.221297,5.512281,6.4499574,4.8952928,6.522699,6.4939513,7.252873,7.3245134,5.3816795,4.392082,4.024739,4.984509,5.8789315,5.3921223,4.8607697,4.865551,5.5363555,5.949918,6.1182356,5.9203625,7.321148,6.823802,5.51222,5.5197654
15,5.901204,6.3498435,4.999997,4.4065943,7.062182,4.515773,6.643567,6.5160904,3.7410462,3.721233,3.73606,4.9468956,2.9651499,2.9449792,2.935003,0.0,4.892414,5.5198307,8.286098,7.0773606,7.695639,5.340992,8.070244,7.678471,6.2919497,6.3407707,6.607723,6.7610445,6.079164,4.9986744,5.257001,5.0718136,7.813385,6.6839466,8.029792,7.261521,9.393054,8.923502,5.357831,9.103104,7.571689,8.067797,6.29451,5.9292893,8.145885,8.045849,8.978084,8.805591,8.721048,8.487589,8.433531,8.74204,8.557944,8.572532,8.694921,8.702186,6.401652,8.452621,8.750797,9.198324,7.784735,7.8083334,7.802027,8.365909,7.327581,5.9034543,6.42776,6.118469,5.7710595,5.9649854,6.625103,5.3073144,5.4415436,5.9280143,6.9271426,7.114689,7.2846527,7.412428,7.3725934,7.5260034,6.4890456,6.338037,6.0394564,4.860502,6.980839,4.843835,6.2554727,6.2554727,6.5650926,6.7965174,7.098905,7.0604115,5.8002687,6.333835,5.31129,6.314669,6.8855143,6.758676,5.514812,7.3562565,4.828181,5.1442833,3.6428905,4.013666,6.7450705,6.0795875,6.849678,5.324356,6.7722387,6.913346,7.3196263,7.3977175,5.7069974,5.044047,4.550012,4.4930973,6.298675,6.1604037,5.591173,5.4588876,6.200493,5.731128,6.408966,6.24064,6.0094395,7.044645,5.8429737,5.852429
16,4.466193,5.5829988,2.794051,3.7042396,6.2426295,3.7988164,6.4761615,6.489598,4.174965,4.1975513,4.1978364,3.4369926,3.871655,3.8747253,4.0373373,4.892414,0.0,1.8983928,6.5469017,6.1422477,6.590223,4.6777263,7.3166423,7.041998,5.6539493,3.3927212,5.3037496,5.08966,4.7095194,5.5182877,2.1014807,4.930471,6.3363085,7.3797007,6.6231503,6.2218976,7.0999727,6.6944847,4.8207097,7.3801503,7.5049543,7.474764,5.2346673,6.0572534,7.468471,6.792071,7.3716865,7.198696,6.751265,6.717676,6.47752,6.696259,7.033156,7.034323,7.696441,7.9067793,5.4257016,7.66305,7.1442676,7.738749,7.153618,5.6454754,6.005798,7.244401,5.0650344,4.257479,4.826386,4.5381923,6.0087223,6.3198533,4.3211784,4.522174,4.978435,4.708934,4.891592,5.0862393,6.0812955,5.422656,5.307742,6.460308,3.4590433,4.599848,3.4814403,3.6927683,4.9242,3.6082568,3.4105537,3.4105537,4.205278,6.488503,5.692859,5.6502304,5.0658817,4.03151,5.187682,6.108709,5.43816,5.362174,4.508891,4.586633,5.1826105,5.800721,3.9115016,3.3197646,4.764987,3.4158266,6.5894094,4.3648496,4.242115,4.25008,5.3651295,5.9611607,6.2156005,4.6419396,3.7829762,4.3674574,5.078204,5.56616,4.658554,4.8156285,4.415928,5.2623663,5.110925,4.4746394,5.7479105,5.4193964,5.3791637,5.3985825
17,4.974813,5.9931397,3.2323287,4.1084347,5.8217883,4.154909,6.438076,6.493598,4.989023,5.027821,5.0356603,4.537526,4.6460443,4.6632657,4.928982,5.5198307,1.8983928,0.0,5.9848323,6.2482414,6.777705,3.8903751,6.775823,7.15711,5.988011,3.8050704,4.648226,4.555828,4.2171288,5.9362736,3.293948,5.479109,6.730396,7.6326504,6.975314,6.5834947,6.654641,6.7244935,5.3327465,6.9245863,6.874326,6.9083157,4.7241406,5.6257205,6.9134912,7.1670585,7.6131115,7.3899536,6.1784234,6.1416335,6.094528,6.287095,6.428999,6.4298882,7.1702642,7.3524556,4.72343,7.086481,6.5713997,7.214247,6.598782,5.05082,6.36546,6.6542716,4.507833,3.8090653,4.260331,3.9588513,5.631803,5.963346,3.753986,4.3137918,4.3216195,4.002095,4.072013,4.2875166,5.494311,4.740398,4.574137,5.8861566,2.869684,4.046761,2.9743688,4.3633056,4.3298526,4.343203,2.6162655,2.6162655,3.3816261,5.929135,5.111187,5.1467485,4.469943,3.2060785,5.40247,5.639947,5.668164,5.6157794,4.9729877,4.124939,5.9473934,6.4919324,4.3670096,3.9526024,4.7878375,3.433122,6.6510305,4.4808135,3.718769,3.640117,4.630669,5.223831,6.6028605,5.1279163,4.2595806,4.8909645,4.2155957,6.121945,5.5077987,5.404723,4.8019013,5.5559754,4.4106674,3.6785274,6.282615,5.6856785,5.818289,5.8210745
18,7.7462745,8.652071,5.9469814,6.8309817,7.657647,6.999796,4.7986803,5.085504,8.032264,8.062077,8.070276,7.9315677,7.535284,7.550353,7.7962604,8.286098,6.5469017,5.9848323,0.0,4.3865266,6.190005,6.853669,4.9985313,6.509792,6.475757,7.0878067,6.650486,6.867764,6.806454,8.852973,7.0841107,8.4141245,5.6246047,6.8788285,5.4690027,5.1381283,4.8373957,5.3110156,8.280886,5.265987,5.0103436,4.505465,8.249236,8.56719,5.249324,6.153402,6.534929,6.2276583,3.4539764,4.055207,4.542483,4.824904,4.208912,4.2257957,4.8205404,5.6649785,7.5248394,5.2478476,4.3908896,5.2703757,4.0100145,7.588258,4.9766893,5.1396656,7.6009464,7.359405,7.1380067,7.0191975,8.653754,8.897168,7.363217,7.5793695,7.2536116,6.9768953,7.0132523,7.051609,7.9284554,7.589521,7.145866,8.325181,6.255956,6.9153557,5.960579,7.352165,6.913636,7.6952906,6.1297517,6.1297517,6.5811462,8.341134,7.0205374,7.126703,6.824549,6.312774,8.176577,8.002008,8.3164625,8.277916,8.031328,7.440901,8.923694,9.277938,7.193821,6.7566524,7.3645687,6.4583526,8.648328,7.417737,6.727828,6.7546773,7.059778,7.9468355,8.874278,8.079202,7.609333,7.998416,6.8752227,8.838872,7.9724407,8.0707,7.310071,7.9005046,7.151725,6.6899266,8.979822,8.371554,8.549796,8.544222
19,7.717141,7.6502457,6.234422,5.8205385,7.467949,5.4296784,3.0614498,3.3753622,6.473977,6.521948,6.5265923,7.469764,6.100897,6.12045,6.4319677,7.0773606,6.1422477,6.2482414,4.3865266,0.0,3.5926826,6.6147747,5.1601405,3.907916,5.0972667,6.5133276,6.9161,7.498861,6.968588,6.7119093,6.1450624,6.616337,4.331691,6.2508082,4.144348,3.9825058,5.5623736,5.318647,6.8440695,5.425572,4.308993,5.2323103,7.9765906,7.4817343,5.7241354,5.855494,5.9800067,6.3346725,4.251672,4.2424994,5.0576935,4.673905,3.4160051,3.4437041,5.5405436,4.9647017,6.7261887,4.6518216,5.129502,6.4375033,3.9071143,8.226859,4.6486855,3.8475227,7.584918,7.4855685,7.113996,7.286344,8.526508,8.812788,7.1852274,7.2885165,7.744134,7.419026,6.925855,7.02628,8.325977,8.04891,7.129413,8.726651,5.9005437,6.0235667,6.6012015,6.369114,6.777636,6.4605494,6.372187,6.372187,7.00299,8.334035,7.487717,7.5122294,7.3348455,6.756475,8.012257,7.934464,6.717883,6.70464,6.532746,7.298103,7.0808396,7.5345387,5.6135535,6.1541986,7.141281,6.502779,7.605787,6.5761113,6.622728,6.5355606,7.2284794,6.984252,7.7475514,6.7685957,5.8460116,6.1861157,5.983022,7.0179877,6.985517,6.035315,6.7873898,7.215229,7.5315323,7.1403375,8.744012,8.316813,7.592168,7.6028476
20,7.933766,7.6796346,6.9627585,6.777289,7.654278,6.6433973,5.146071,5.2283177,7.2435927,7.288188,7.306716,7.8461704,7.1207175,7.1395564,7.2536564,7.695639,6.590223,6.777705,6.190005,3.5926826,0.0,7.259713,5.475578,1.6773877,5.1726937,5.788867,7.158306,7.4476347,7.399002,6.5552926,6.422937,6.9414997,3.7609525,6.115728,3.1569118,3.5550587,5.3932805,4.960326,7.050774,4.9748497,6.1151,6.782904,7.5030527,7.385478,6.4383492,6.237694,5.3807783,6.3586745,5.1590896,4.593911,5.7169976,4.875067,4.657913,4.6734467,6.6229467,5.9409385,7.0359573,5.789274,5.371953,7.195013,5.301278,8.255313,5.30441,4.793284,7.798674,8.405596,7.7674346,8.060704,8.93486,9.177724,7.306614,7.8318706,8.337821,8.172556,6.871023,6.951144,9.260866,8.118659,8.220146,9.3703165,6.380415,6.824899,7.8457217,7.594594,7.869778,6.9053087,6.9449534,6.9449534,7.3197837,8.288972,8.215232,8.179327,8.00318,7.079822,8.36328,7.854766,5.9366155,5.9328094,6.517267,7.308828,7.718717,7.16156,6.8157644,7.173606,7.0121727,6.7219834,7.953531,7.441217,6.572178,6.6082783,7.468597,7.073643,7.9280677,7.187701,6.0237746,6.4221797,6.64443,6.9368734,7.529467,5.989025,7.4833026,7.760035,8.262513,7.8910017,8.729249,8.565549,8.251551,8.260307
21,6.1996145,6.7103896,5.086333,4.7407136,6.1804256,4.511392,5.931475,5.966151,4.167327,4.2499166,4.276609,5.0063944,4.4232135,4.441777,4.84127,5.340992,4.6777263,3.8903751,6.853669,6.6147747,7.259713,0.0,7.07204,7.4974794,6.9067373,5.6345925,5.602294,6.109199,4.676839,5.4807982,5.5748615,4.627476,7.798302,8.056145,7.540217,7.2779174,8.072186,8.29993,5.151558,7.729373,6.227741,6.9689674,5.9040203,5.2943726,6.0766473,8.40769,8.94623,8.780976,7.209027,6.7142467,7.1081843,7.2669764,6.7201824,6.6988335,7.3701773,7.7577453,4.049647,7.3863792,7.300591,8.128397,6.7610803,6.332669,7.970286,7.1219945,5.9293113,5.35283,5.4600797,5.1190686,6.460652,6.7970486,5.7016163,5.4074826,5.722144,5.458498,5.564353,5.950616,6.863292,6.8315835,6.053464,7.06391,5.1306043,5.3354263,5.6074867,6.3184404,5.3603306,5.8486743,5.309119,5.309119,5.3937716,7.199382,5.6067767,5.5110774,4.697015,5.18012,7.259393,6.9545465,6.700107,6.70701,5.8414245,5.9954786,5.5281467,6.8738985,3.9199119,4.6281934,6.4945884,5.526366,6.8992057,5.456981,5.794642,5.730506,6.0193405,6.244601,6.29007,5.475334,4.6674104,5.817692,4.611473,6.918208,6.446629,5.8777804,5.5630164,5.7255034,4.860589,4.253918,7.9399786,7.5007586,6.904412,6.8664503
22,7.199528,7.0161495,6.6355276,6.622099,6.8888807,7.890743,5.9866276,6.0935445,7.8963375,7.882688,7.90633,8.979388,7.468685,7.4904823,7.8881946,8.070244,7.3166423,6.775823,4.9985313,5.1601405,5.475578,7.07204,0.0,4.7330103,3.7068598,6.709089,4.7989416,5.811528,7.113342,8.320726,7.1837797,8.05322,5.8113394,6.710912,5.5111766,5.199937,5.3537393,5.7340345,8.445175,4.8173447,5.2275963,5.193235,7.925587,8.042283,5.815324,5.67438,6.5339756,6.244903,5.7849574,5.5629373,6.01378,6.3033266,5.1378074,5.1222024,5.227329,4.526876,7.39165,4.467721,4.835427,4.8605094,3.6718802,7.1688766,6.280461,5.2025805,7.0990105,7.461919,7.307092,7.0145817,8.919206,8.747818,6.865669,8.767415,7.774715,7.5686765,6.265102,6.304309,8.069778,6.673509,8.011444,8.251514,7.249625,6.6749425,7.136583,7.15551,7.708593,6.796673,6.1749735,6.1749735,5.711931,7.7110085,7.2072096,7.273308,7.0214305,5.990327,8.090577,7.8617787,7.1477113,7.1294,6.3159065,7.2764754,8.122015,7.421454,7.691949,7.4081793,6.447432,6.5578866,7.558721,6.555022,6.517599,6.751554,5.691444,6.0862937,7.284026,6.8126116,6.7291408,7.567453,6.1939898,6.8924956,8.6362095,7.4022074,8.289725,8.302266,7.0036182,7.19583,8.820461,7.279008,7.0181165,6.9988074
23,7.8146205,7.427079,7.0817156,6.749345,7.3385315,6.875779,5.238275,5.3310957,7.3639517,7.3900175,7.4122396,8.313648,7.1213427,7.144376,7.3084917,7.678471,7.041998,7.15711,6.509792,3.907916,1.6773877,7.4974794,4.7330103,0.0,4.4471045,6.1450653,6.7811575,7.2802935,7.46526,6.4579334,6.7301507,7.162607,4.21645,6.4095526,3.9166765,3.9344451,5.8826823,5.536683,7.5539665,5.376214,5.878798,6.524497,7.877497,7.7522416,6.462374,6.3505473,5.8920164,6.7750096,5.8879075,5.2104235,6.4925685,5.782505,5.249418,5.264674,6.6590858,5.685754,7.393293,5.6541066,5.7410994,7.1954436,5.1464663,8.50348,6.000585,5.1450925,7.616696,8.327721,7.746793,8.009478,9.04449,9.12984,7.202162,8.235133,8.447241,8.280691,6.848585,6.8476996,9.205447,7.938611,8.333777,9.26588,6.758096,6.7641416,8.019133,7.5341296,7.9882536,6.924771,7.000861,7.000861,7.184715,8.211222,8.064806,8.058312,7.962775,7.1203055,8.487491,7.924817,6.295155,6.2913084,6.3767643,7.647652,7.6803303,6.9216533,7.0244164,7.2897363,6.780805,6.8718977,7.425053,7.3575983,6.8383684,6.9406486,7.1735373,6.8589516,7.5218196,7.1283937,6.17909,6.7138305,6.5207515,6.4133883,7.810602,6.08413,7.742683,7.912234,8.358184,8.205308,9.169845,8.584359,8.114937,8.124145
24,5.434056,4.8810873,5.1730676,4.8122663,6.3302975,6.4723525,6.2254267,6.2640734,6.037377,5.9924035,6.011705,7.3059306,5.416014,5.433814,5.974396,6.2919497,5.6539493,5.988011,6.475757,5.0972667,5.1726937,6.9067373,3.7068598,4.4471045,0.0,5.2003107,4.313782,5.29498,6.666497,6.697239,5.2136865,6.4237056,5.1766644,6.549536,5.3322287,4.781749,6.533131,6.0193343,6.980665,6.135707,6.6020327,6.656456,7.3454695,7.6538153,7.2695346,5.1813173,6.301935,6.248069,7.053886,6.844759,6.9681125,7.193577,6.5832667,6.575514,6.7655516,6.0111437,7.1786985,5.967321,6.3098636,6.5096607,5.248435,7.07779,6.057877,6.3807626,6.358709,6.6322813,6.7896857,6.4944973,8.280976,8.099693,6.0266075,7.92608,7.4386845,7.2130904,5.892617,5.926201,7.6297855,6.159799,7.5802407,7.8437304,6.6047163,5.990357,6.425501,5.03212,7.270016,4.667265,5.5771947,5.5771947,5.334749,7.5150714,6.8554597,6.8590302,6.706248,5.6369295,6.88497,7.4300213,5.391167,5.3386,4.0626364,6.654818,5.9774346,4.9478097,6.106028,5.783236,5.128534,5.3489013,6.142664,4.8901978,5.7474265,6.130486,5.2037144,5.644759,5.3443336,4.7773256,4.648911,5.7206182,5.7874346,4.529418,6.851068,5.349135,6.946164,6.993078,6.7401114,6.97352,7.3479915,5.8420625,4.933524,4.943861
25,4.9772882,5.413956,4.5054274,5.1281414,5.4857807,5.599485,7.2339993,6.909443,5.7151084,5.7375493,5.753087,5.187224,5.5442715,5.550872,5.883753,6.3407707,3.3927212,3.8050704,7.0878067,6.5133276,5.788867,5.6345925,6.709089,6.1450653,5.2003107,0.0,5.2801,5.195598,5.677428,6.043489,3.9820585,5.7429605,5.712498,7.032721,5.859608,5.9020596,7.0146346,6.621966,6.3502984,6.658549,8.020298,8.231189,5.9697576,6.4508843,7.6216407,6.5584598,6.763603,6.8446784,7.1382604,6.589924,6.721353,6.8374414,7.349257,7.338405,8.304994,8.244825,6.570139,8.13762,7.217879,7.679717,6.9319367,6.4047594,6.336485,7.4278483,5.5434537,6.0913815,6.3680806,6.1614075,7.268638,7.5560513,5.2401624,5.9719634,6.656349,6.490825,5.4996896,5.5925703,7.5700617,6.078017,6.85115,7.7932487,4.64031,5.2235193,5.1262126,5.405804,6.4124994,4.6677756,4.5205016,4.5205016,4.996895,7.1431823,6.591833,6.516093,5.451327,4.0947404,5.6878066,6.1141944,5.247492,5.1660757,5.021826,4.799927,6.6474943,5.7310495,5.5665464,5.161321,4.579442,3.3404427,5.906954,4.9600377,5.1647525,5.3689775,5.18685,6.374136,5.755726,5.0235643,4.385244,4.767884,5.6252885,5.501617,5.715565,4.480135,5.6890535,5.722545,6.6869617,6.0364428,6.3134933,5.700116,6.3950295,6.4039435
26,4.699007,4.334016,4.611254,4.4889703,5.2420716,6.342654,7.691659,7.7350745,6.34859,6.324091,6.3441315,7.257645,5.923373,5.9471016,6.281423,6.607723,5.3037496,4.648226,6.650486,6.9161,7.158306,5.602294,4.7989416,6.7811575,4.313782,5.2801,0.0,3.6717346,5.6602554,7.12918,5.893137,6.709487,7.31074,8.415515,7.127265,7.0519853,7.1827474,7.402125,7.017969,6.7895837,7.1389346,7.0754647,6.2334237,6.730525,7.5109277,7.02312,8.03898,7.8590674,7.570519,7.562674,7.7946467,7.9896164,7.0803185,7.0581274,7.204679,6.8546805,5.8428383,6.6289372,6.903045,6.960302,6.0963445,5.3987136,7.8451157,7.168654,5.4679513,5.7761273,6.046558,5.7544794,7.518539,7.355315,5.0293508,7.360724,6.7512426,6.4828687,4.838688,5.027394,7.0616293,5.8025446,7.0899124,7.4704785,5.9021807,5.004441,5.7257648,5.615265,6.5497,5.407039,4.730861,4.730861,4.1991796,6.5892467,5.9276795,5.9788504,5.93601,4.662661,6.897871,6.778708,5.6609197,5.635472,4.489923,5.1254463,6.638163,5.824283,6.0571218,5.728072,4.713562,4.8494434,6.2109647,4.981904,5.048654,5.260896,4.385919,4.803132,6.055197,5.3760924,5.0223575,6.014321,4.2662945,5.255643,7.20568,5.729036,7.047969,7.1280303,5.606296,5.836104,7.6845565,5.9903307,5.4291434,5.404677
27,4.565946,4.620854,4.21549,5.127995,5.304265,6.363531,7.6278653,7.6993484,6.485603,6.4457765,6.4584594,6.57087,6.1871896,6.2010612,6.389459,6.7610445,5.08966,4.555828,6.867764,7.498861,7.4476347,6.109199,5.811528,7.2802935,5.29498,5.195598,3.6717346,0.0,5.6676216,7.4555306,5.399007,7.203723,6.2787414,7.607231,7.22572,6.201848,6.171191,6.311172,6.4621267,6.337283,7.465184,6.875387,5.1498704,6.9327493,7.2586823,5.5642138,6.699218,6.3523026,7.3560305,6.685905,6.7129345,6.93371,7.7721963,7.7475257,7.426311,7.567029,6.182248,7.0094604,6.162243,6.20482,6.8660874,3.9733841,7.5273347,7.6976027,4.721666,5.103167,4.909545,4.6628814,6.583124,6.8187637,4.3805056,5.9565463,6.297148,6.130743,4.165196,4.3801675,5.2482276,5.130103,6.6432724,5.5981517,5.86949,5.775505,5.7944074,6.191598,6.515984,5.7441516,4.835462,4.835462,3.4835064,6.0285006,5.4299583,5.429696,5.9029922,4.60038,5.936012,6.4015956,5.666937,5.632781,4.258137,5.0587945,6.6710525,5.9960046,6.504001,5.482479,3.4043972,3.286729,5.932619,4.70048,4.1843357,4.1186514,3.3869143,5.8483553,6.05808,5.245263,5.085891,5.706311,4.30121,5.896903,6.2092543,5.6260533,5.8206086,6.2268267,5.09588,5.320446,6.7694826,4.9810677,5.51159,5.488943
28,4.6061816,6.4680533,4.687473,5.606926,7.930473,4.750247,6.3089457,6.021382,5.6147604,5.6117005,5.620027,5.371771,5.2016172,5.240482,5.6825376,6.079164,4.7095194,4.2171288,6.806454,6.968588,7.399002,4.676839,7.113342,7.46526,6.666497,5.677428,5.6602554,5.6676216,0.0,4.661134,4.8257284,4.3445725,7.703513,8.437131,7.6815476,6.8111377,7.178357,7.227786,4.855302,6.761864,5.843747,5.773403,4.9709616,5.374181,5.3556833,8.384724,7.5925493,7.980693,6.747973,6.912633,7.4878926,7.135108,7.0645013,7.063039,5.8449206,6.740837,4.4069576,6.7957244,6.366403,6.7541914,7.693567,5.4907136,7.281435,7.304064,4.252046,3.4000497,3.1062317,3.396284,5.3855867,5.211121,3.409051,5.0768566,4.7256274,4.400891,3.5918207,3.6005652,5.394508,5.044261,4.159371,5.5275917,4.4842553,3.9570634,5.5374103,6.080382,3.7509854,5.956359,4.1498156,4.1498156,4.285059,5.931157,3.435937,3.4730997,3.647234,3.9018326,6.3807726,5.4417863,6.5438104,6.475849,5.7529573,4.1331134,5.5066314,7.1131473,5.273999,4.1445637,4.434835,4.803935,7.6411033,6.706394,4.168837,4.494186,5.2577615,5.4338913,8.152943,7.1529164,5.5840445,6.9435077,5.4946723,5.9815493,4.4311175,5.762204,4.535574,4.452938,3.513242,3.1121595,7.790641,5.8350334,6.3878317,6.3725777
29,6.0306334,6.454096,6.009381,5.382418,7.7418785,4.0204177,6.275993,5.9290853,4.508251,4.5408382,4.5610857,5.5977945,4.206239,4.2396164,4.406019,4.9986744,5.5182877,5.9362736,8.852973,6.7119093,6.5552926,5.4807982,8.320726,6.4579334,6.697239,6.043489,7.12918,7.4555306,4.661134,0.0,5.4469314,3.374381,7.719559,8.705798,7.880503,7.1083937,9.142752,8.729788,4.831443,8.468024,6.750395,7.8216963,6.6606874,5.9692864,7.2599173,9.085361,8.508748,9.215339,8.502008,8.086685,8.94856,8.402885,8.165467,8.182244,8.328107,8.175046,5.653922,8.192115,8.462146,9.240627,8.42341,8.161689,8.374457,8.058885,6.4592705,5.910569,5.668793,6.032103,6.8893046,6.9890237,5.6941075,5.912134,6.5562186,6.3132873,6.074752,6.106412,7.533081,7.416129,6.5199895,7.5479965,5.8442516,5.0434537,7.197183,6.2903967,6.1663976,6.006855,6.367891,6.367891,6.779738,7.6798368,6.4385667,6.3938427,5.842379,6.320765,7.4687066,6.956731,6.4265027,6.3980665,5.718731,6.483096,4.6929893,6.289118,4.248061,4.7548046,5.9818554,6.106796,6.6705747,6.7403946,6.3913927,6.5081477,7.247717,6.6988378,7.074718,6.5574675,4.818529,6.0656304,5.9450197,5.1652822,4.793292,4.447881,5.586325,5.3226447,6.538893,6.2184167,8.809753,7.7549353,7.105632,7.113286
30,4.3725967,5.5663943,3.533832,4.363814,7.2960906,4.413749,6.38954,6.4124017,4.240967,4.2229023,4.2153735,3.856544,4.230035,4.233996,4.3818884,5.257001,2.1014807,3.293948,7.0841107,6.1450624,6.422937,5.5748615,7.1837797,6.7301507,5.2136865,3.9820585,5.893137,5.399007,4.8257284,5.4469314,0.0,4.667956,6.143506,7.1478047,6.519397,5.8619986,6.76616,6.1085777,4.602051,7.197568,7.475271,7.2287292,5.251751,6.2091417,7.2726464,6.39175,6.874485,6.7150474,6.926786,6.8563876,6.4911757,6.6362133,7.138081,7.1292095,7.3151274,7.483045,5.739348,7.341581,6.952366,7.2742295,7.615726,5.5282826,5.7401123,7.331969,4.813484,4.0185666,4.496543,4.1955366,5.9808187,6.0511355,3.9976003,5.10181,5.365531,5.1311936,4.7239184,4.8998537,5.91701,5.1064043,5.2915726,6.1714926,4.081843,4.847102,4.496611,3.797203,4.892555,3.2476318,3.6337392,3.6337392,3.9737446,6.2076364,5.6962147,5.598715,5.6957827,4.433103,5.084272,6.3311105,5.5326376,5.448004,3.8663163,4.675179,4.4187074,5.276079,4.7678657,3.792664,4.392574,3.8576152,7.055259,4.774436,4.177313,4.169562,5.33467,5.715399,6.6279073,4.7964225,4.0176396,4.7801456,5.686481,4.825332,4.496651,5.0794544,4.3484373,5.2242637,4.953456,4.6512585,5.6026425,4.7200527,4.800548,4.826195
31,5.042185,5.5033813,5.4150653,4.7585177,8.320811,4.304754,6.2549567,5.8972387,3.3056262,3.3299148,3.3381777,4.704977,3.7973344,3.8213212,4.3153434,5.0718136,4.930471,5.479109,8.4141245,6.616337,6.9414997,4.627476,8.05322,7.162607,6.4237056,5.7429605,6.709487,7.203723,4.3445725,3.374381,4.667956,0.0,7.5982814,8.270559,7.321163,6.845943,8.507661,8.005451,3.184641,7.7876406,6.8302603,7.7591405,6.1280475,5.039931,6.747435,8.455218,8.000396,8.363204,8.079544,8.044156,8.2523,8.006816,7.5863266,7.562905,7.6422396,7.983871,4.565359,7.6480107,7.853006,8.356287,8.345492,7.013829,7.836617,7.9127173,6.3109727,5.712301,5.686433,5.7288494,6.819986,6.8602533,5.7487845,6.193003,6.9500604,6.677034,5.9448977,6.2386675,7.543141,7.370073,6.4825654,7.652668,5.9458604,5.073336,7.085949,5.963911,5.7299995,5.222569,6.17015,6.17015,6.369451,7.5965266,6.1441803,5.9437857,5.9290624,6.0578218,7.095936,7.185942,5.7330065,5.693846,4.6761737,5.511708,2.959073,5.454641,4.1010094,4.4761868,5.815948,5.760574,7.387873,6.113131,5.812093,5.911093,6.9876947,6.2792063,6.98773,5.67293,3.9642324,5.734656,6.066309,4.9039354,4.481393,4.3999567,5.084337,4.597559,5.4368434,5.0611515,7.6549654,6.54751,5.792087,5.7667136
