,0,1,2,3,4,5,6,7,8,9,10,11,12,13,14,15,16,17,18,19,20,21,22,23,24,25,26,27,28,29,30,31,32,33,34,35,36,37,38,39,40,41,42,43,44,45,46,47,48,49,50,51,52,53,54,55,56,57,58,59,60,61,62,63,64,65,66,67,68,69,70,71,72,73,74,75,76,77,78,79,80,81,82,83,84,85,86,87,88,89,90,91,92,93,94,95,96,97,98,99,100,101,102,103,104,105,106,107,108,109,110,111,112,113,114,115,116,117,118,119,120,121,122,123,124,125,126,127
0,0.0,8.429664,8.931933,9.030316,8.460084,8.926519,9.69943,9.065883,8.659571,8.832274,10.295125,9.380451,10.093831,10.512416,9.365845,11.23501,10.035748,8.1992855,10.946592,10.930244,13.215444,12.378914,8.928945,9.023507,9.912767,10.624128,10.551109,10.774371,10.289698,10.311389,11.110858,10.298511,9.716229,9.714785,9.802735,9.148406,9.96801,10.821982,9.828914,10.164307,10.443349,10.081878,10.501759,10.501759,10.993294,10.8844795,10.535357,10.37502,10.405018,10.23808,9.448542,9.651365,11.022319,11.068144,10.495566,8.74184,10.68875,10.684553,12.30829,12.279532,9.4118595,9.988967,8.736089,8.7247,10.404093,10.830816,11.419616,9.782781,10.227971,9.72368,8.709869,10.640133,10.681732,7.789311,10.915222,10.439278,11.3591175,11.273194,10.252022,10.067647,9.733415,9.787391,9.260877,8.697803,9.5831785,9.624483,10.098353,10.8635235,9.443881,9.014944,8.477721,8.969157,10.731066,10.682883,12.229243,10.929507,9.227362,9.561121,8.924408,9.6541605,9.886782,9.886782,11.465879,10.32629,8.996389,10.059053,8.044638,9.165637,7.3028693,7.8882313,10.5168915,9.384174,7.695291,7.6018343,8.859832,6.923946,7.0780916,6.7422767,8.525135,8.95638,8.129548,6.667333,7.682123,6.912062,7.754415,8.559887,7.4572177,7.9343195
1,8.429664,0.0,6.6190305,3.604802,4.2558837,6.1732388,6.7668095,6.281185,6.6051097,6.7608786,6.2788644,6.7666206,6.328883,7.533374,6.3974276,7.3605824,7.8401875,7.598582,8.54829,8.588379,8.917969,8.084244,7.973191,7.873192,6.0940895,7.7024345,7.5537696,7.649368,7.64659,8.975317,8.016553,6.663654,7.4514213,7.459816,7.128287,10.305414,8.402085,7.7727885,6.957776,6.9841228,8.55808,7.464149,7.4578457,7.4578457,7.8173575,8.033466,8.1848,8.306137,6.843229,6.566796,6.483617,6.529955,8.349614,8.462296,6.4591,5.044824,8.429371,8.424242,9.456697,9.42652,7.368511,7.432169,5.73342,5.721666,9.07635,8.917361,8.747686,9.584396,10.3043,10.328406,8.565502,10.452193,9.079129,8.360569,9.304771,9.018825,7.1879077,7.319529,7.959902,7.3712244,8.47473,8.530675,7.5842943,6.7832994,7.9636273,8.039963,8.600552,9.578583,8.913061,8.512859,6.2815433,6.55622,7.799406,7.7069774,10.271158,8.553765,10.431095,8.72783,10.28046,9.83696,10.100321,10.100321,8.153885,10.52378,10.273146,10.667001,8.410664,9.73184,8.529138,8.924701,5.654781,6.4577847,8.990864,8.883662,8.412578,8.909883,9.197171,9.382543,9.96195,9.924545,10.045471,8.716092,8.705792,9.016174,8.657632,9.660661,9.133292,9.547208
2,8.931933,6.6190305,0.0,4.7156816,5.685468,4.986246,4.0646353,5.406053,5.531678,5.4890895,6.3154273,5.5573473,6.2135553,5.929044,4.9462037,6.4812803,8.788326,8.861879,6.823372,6.8380675,9.980676,8.957081,6.3397512,6.277525,6.35724,6.7388177,6.6492105,6.9880295,6.0056834,7.4713664,6.5351725,5.7369666,5.4404135,5.439048,4.8842974,9.036616,7.027095,6.5558553,4.8465137,4.8942666,7.786989,5.920283,6.776355,6.776355,6.451522,6.4161177,7.058267,7.14302,7.292197,7.2887964,7.002933,7.4423957,6.2653475,6.437403,8.694444,6.097814,6.0631185,6.061183,7.9570093,7.9263387,8.528529,7.8194685,7.3697352,7.3577876,7.184947,7.108236,8.684012,7.910853,8.735154,8.773161,8.420857,9.018786,7.455144,8.096415,7.732098,7.272295,6.3907323,6.616655,5.652352,4.5432367,6.612002,6.6864414,8.3834,7.7398477,6.5129905,6.56096,6.5444374,7.363215,6.6134434,6.6390085,7.8112845,7.4058137,6.9054785,6.7770376,8.828135,8.666551,10.516572,10.214366,10.699777,9.236023,9.487287,9.487287,7.4852543,9.995195,10.4618225,9.734616,10.159259,8.624187,8.414633,9.040663,8.212685,7.3396115,10.250888,10.1203375,9.39112,9.737191,9.240201,10.084501,10.916848,11.063718,9.839951,10.389482,10.888185,10.176187,10.632561,9.243399,10.890461,11.298752
3,9.030316,3.604802,4.7156816,0.0,2.9116635,5.214415,5.939985,5.6284404,5.836665,5.8807735,4.6190896,5.7652955,5.052949,6.3269606,5.3149867,6.509006,8.51742,8.390259,8.008455,8.123438,9.053676,8.096572,7.75023,7.625264,5.9719887,7.040255,7.056428,7.329669,7.2354283,8.699615,7.6860356,5.8823295,7.080706,7.0902076,6.7435093,10.3219185,8.564088,7.9941354,6.538225,6.575151,8.940726,7.1465497,7.926247,7.926247,7.892177,8.031868,8.3206215,8.482413,7.6854897,7.530086,7.3181953,7.939839,8.241597,8.4575815,8.308229,6.0528016,7.442031,7.438895,9.011285,8.971122,8.371349,7.7346096,6.6939044,6.6884127,8.3235,8.1366825,8.673559,8.863902,9.880751,9.931051,8.71209,10.077721,8.608493,8.508503,8.84248,8.491382,6.3542533,6.4564066,7.3408256,6.4281693,7.986689,8.055887,8.497061,7.8751974,7.7810206,7.874468,7.9013777,8.729973,8.485679,8.25924,7.1485014,6.719878,7.161183,6.967179,9.661296,8.688461,10.74538,9.220964,10.803251,9.480382,10.019803,10.019803,8.146252,10.392251,10.599159,10.474441,9.690968,9.385478,8.89832,9.413045,6.545731,7.016374,10.064594,9.934246,8.22509,9.888674,9.6211815,10.473924,11.235275,11.322453,10.560753,10.003828,9.956366,10.129747,10.048504,9.944512,10.428708,10.818628
4,8.460084,4.2558837,5.685468,2.9116635,0.0,5.050234,6.190886,5.6182733,5.254827,5.260999,4.6423883,5.8989463,4.997188,5.918243,5.758021,7.0681376,8.667788,8.893519,8.672195,8.846089,9.04182,8.324548,8.54279,8.383533,6.151787,6.8709664,6.929007,7.187362,7.340102,9.11614,8.09718,6.146135,7.152339,7.1613708,7.377297,11.112768,9.095879,8.5203285,7.1639757,7.17875,8.951889,7.042863,8.420544,8.420544,8.627217,8.516908,8.631654,8.413016,8.26873,8.149544,7.553214,8.400539,8.743225,9.056563,8.80674,6.4935045,7.984254,7.9821267,9.542156,9.527008,8.618882,7.7437286,7.342589,7.3358984,8.762612,8.024047,8.023081,8.768559,9.821831,9.695868,8.676766,9.909661,8.839909,8.8495245,8.973015,8.234073,7.2071567,7.011357,7.751438,7.1898413,8.140182,8.205082,8.39676,7.6314816,7.5172095,7.7002053,8.172569,8.699355,8.683635,8.411243,6.726617,6.8729525,7.3510647,7.0556183,9.742572,8.740691,10.691577,9.450605,10.747989,9.631045,10.314106,10.314106,8.332288,10.697027,10.542393,10.758465,10.143639,9.895393,9.141047,9.716943,6.7559257,7.0595937,9.665141,9.512734,8.565359,9.522587,9.664796,9.880507,10.965595,11.007496,9.995525,9.4913435,9.29269,9.763777,9.659289,9.659575,9.802228,10.21495
5,8.926519,6.1732388,4.986246,5.214415,5.050234,0.0,3.658714,4.013615,4.317864,4.2841015,6.0025105,3.7925782,4.663443,5.713518,4.7576156,6.770831,8.410071,9.2032385,8.8202305,9.0751295,8.3821745,8.272978,7.9586973,7.6451735,7.272929,8.091801,7.6501656,7.606095,7.5390043,8.240096,7.465698,7.104063,6.9134417,6.909812,6.5759077,10.442173,8.344754,7.8267894,6.4816847,6.507834,8.274103,5.754405,7.587072,7.587072,7.9562154,7.6431293,8.466799,8.15113,7.462714,7.475814,6.5214567,7.697612,7.5538282,7.846439,7.9503236,5.921786,7.8466234,7.8480363,9.488384,9.444498,9.440907,9.149215,7.957484,7.9564633,8.651126,8.262146,10.146411,9.012344,10.306025,10.324722,9.385826,10.372574,9.444639,10.038311,9.535321,8.695002,8.667817,8.406909,7.775246,7.13216,8.819514,8.892883,9.723887,8.963575,8.562393,8.688591,8.937827,9.113361,8.757371,8.666319,8.8924,8.527428,8.905572,8.690532,10.567612,9.753898,9.669629,9.136737,9.77485,9.22812,9.035886,9.035886,6.8606772,9.634762,9.313647,9.123418,8.530071,8.8275175,7.9228864,8.5816765,6.645702,6.528225,9.522578,9.426517,9.367112,8.93766,9.525712,10.313235,10.644297,10.300927,10.373408,10.344743,10.082323,9.678207,9.787153,9.120302,10.114666,10.48003
6,9.69943,6.7668095,4.0646353,5.939985,6.190886,3.658714,0.0,4.6446495,5.8176227,5.7474475,6.7187786,5.4745426,5.8639197,5.635853,5.528725,5.8224363,8.956244,9.340199,7.4527054,7.5663104,7.5699034,7.442332,6.0806518,5.858252,6.2968297,6.77234,6.1710954,6.0244756,5.870981,6.34157,5.478732,5.553673,5.1077266,5.103803,4.543526,8.810602,6.1940575,5.387918,4.4138107,4.4617887,5.9961247,4.1129994,5.630589,5.630589,5.692231,5.277193,6.476472,6.01993,6.5088754,6.575591,6.324009,6.4832134,5.17544,5.6124163,6.8428693,5.385439,7.107184,7.105975,8.380032,8.329355,8.926954,7.9764266,8.060744,8.052528,7.6950927,7.289559,8.985859,8.070374,8.943482,8.972345,8.454347,9.144498,8.206621,9.410405,8.338767,7.446604,6.955575,6.9103165,6.1482797,5.584848,7.189771,7.249759,9.102958,8.253465,7.129987,7.2621183,7.6757936,8.2762165,7.231168,7.3117843,8.30439,7.904739,7.4397736,7.2004886,9.364725,9.052804,9.1134205,8.630312,9.43114,8.34484,7.9036345,7.9036345,5.259809,8.609221,9.164689,8.403531,8.669102,7.8877892,7.2072196,7.776901,6.54654,6.451019,9.307969,9.211682,9.108774,8.957318,8.6915045,9.581635,10.084644,9.721195,9.122658,9.886412,9.958899,9.685564,9.554729,8.253985,9.919071,10.421419
7,9.065883,6.281185,5.406053,5.6284404,5.6182733,4.013615,4.6446495,0.0,5.9710965,5.9899206,7.0348325,5.106585,6.320223,6.853376,5.812378,7.5822005,9.067284,9.159877,8.866987,9.041417,9.383537,9.226201,8.089669,7.9243984,7.716719,8.520745,8.119936,8.033134,7.6698937,8.485402,7.9514637,7.446944,7.032554,7.0255895,6.6396937,10.516909,8.186419,7.7391253,6.5616417,6.569682,8.14859,6.076017,8.176322,8.176322,7.8862314,7.8344226,8.564511,8.150526,6.8682866,6.8441133,5.6431046,7.1816006,7.853591,8.152715,7.6001225,6.2123365,8.881308,8.883556,10.0656395,10.261154,9.753741,9.228458,7.9482427,7.9353433,9.449529,8.957898,10.309573,9.598173,9.630246,10.256039,9.154565,10.397077,10.152737,9.796744,9.913092,8.786656,9.213632,9.209845,8.665298,7.990219,8.829771,8.84248,10.213463,9.533075,9.288562,9.3873205,9.512082,10.31996,9.57863,9.115479,9.353526,9.003984,9.566976,9.393842,11.5458145,10.742287,10.171751,9.896985,10.405735,10.031962,9.853772,9.853772,7.866858,10.368328,9.249833,9.05754,9.429056,9.390658,7.645159,8.459555,6.983557,6.999614,9.64945,9.489469,10.080589,9.354371,9.319733,10.121704,11.300764,10.958381,10.495658,10.338081,10.534055,10.309155,10.189877,8.945155,10.579453,11.072956
8,8.659571,6.6051097,5.531678,5.836665,5.254827,4.317864,5.8176227,5.9710965,0.0,0.48306325,4.5933485,2.8577924,3.8200035,4.093855,3.5010357,5.680392,7.5625324,8.172547,8.528974,8.676912,9.252381,8.950182,7.9860554,7.8149447,7.20555,7.9317236,7.854729,8.025569,7.074346,8.608615,7.3038015,6.9599223,7.5456715,7.542713,7.064984,10.487366,8.621915,8.395745,7.065095,7.116141,9.213951,7.312766,7.657044,7.657044,8.21436,7.7738967,8.988976,8.922073,7.6443996,7.606688,6.5558696,7.8673716,7.887016,8.189161,9.044835,6.4454784,6.2016706,6.2040424,8.006191,8.042181,9.45136,9.052566,7.96432,7.9543304,7.41768,7.2440715,8.432607,7.8982573,9.664376,9.782284,8.897116,10.309763,9.309846,9.488638,9.518318,8.848238,8.454729,8.39913,7.9083447,7.2264934,8.750107,8.824875,9.062874,8.471804,8.093449,8.279051,8.726773,7.831925,8.771893,8.59247,8.240718,8.537058,9.066858,8.786881,10.289747,9.696887,10.34652,10.171984,10.4945,9.260188,9.838947,9.838947,8.159709,10.247613,9.620832,9.492656,9.572401,9.115988,8.877754,9.277174,8.025739,7.3477426,9.232603,9.155543,9.530459,8.686752,9.64072,9.649672,10.031029,10.037114,10.063194,9.744716,9.811216,9.0854025,9.521139,8.778134,9.8322,9.94197
9,8.832274,6.7608786,5.4890895,5.8807735,5.260999,4.2841015,5.7474475,5.9899206,0.48306325,0.0,4.5709963,2.8494956,3.7606673,3.9570847,3.6281621,5.671746,7.6016383,8.3909645,8.53673,8.702614,9.08834,8.810885,7.985311,7.7950273,7.1604753,7.8273273,7.758646,7.941617,7.039742,8.721452,7.2594504,6.862594,7.580744,7.5781546,7.1245403,10.577246,8.682647,8.439847,7.1289725,7.1740055,9.260556,7.2909203,7.7002697,7.7002697,8.247461,7.741569,9.034113,8.946634,7.6194005,7.594462,6.578634,7.9750676,7.8166566,8.14727,9.17159,6.4656863,6.2658114,6.2666435,8.019357,8.064035,9.607919,9.117891,8.179459,8.1675415,7.3521323,7.1843605,8.320901,7.853376,9.647763,9.784113,8.966236,10.309981,9.302756,9.605552,9.481704,8.77773,8.408331,8.327823,7.8505692,7.1717086,8.697276,8.766452,9.12476,8.513596,8.0649,8.266032,8.698482,7.7129235,8.749847,8.594017,8.25884,8.547197,9.003212,8.705205,10.122116,9.591488,10.327716,10.121968,10.48478,9.1594095,9.756453,9.756453,8.0159025,10.16962,9.635613,9.463998,9.678526,9.098871,8.918081,9.339436,8.023648,7.363662,9.271754,9.191434,9.484454,8.752672,9.679381,9.692059,10.05564,10.059339,10.071252,9.852308,9.865784,9.168502,9.59337,8.768727,9.9007,10.02636
10,10.295125,6.2788644,6.3154273,4.6190896,4.6423883,6.0025105,6.7187786,7.0348325,4.5933485,4.5709963,0.0,4.9531612,2.1418529,3.5527565,4.341405,4.925026,9.276207,9.508669,9.66414,9.69781,9.092201,8.936301,8.737082,8.694347,6.4981446,7.130099,7.145911,7.2455416,7.653448,9.233252,7.8805866,6.187983,8.37975,8.387823,8.084853,11.342197,9.682197,9.193521,7.919844,7.9668427,9.719685,8.389916,8.51102,8.51102,9.072742,8.587012,9.712187,9.629857,8.790136,8.62971,8.047961,8.869503,8.9415045,9.247015,9.552561,7.1172256,7.4826765,7.4824014,9.08991,9.072984,10.353889,9.251841,8.932374,8.924517,8.535996,8.256946,8.473722,8.804859,10.459543,10.484265,9.638228,10.852301,9.94981,9.933249,10.246498,9.719925,7.5759573,7.760468,8.800238,8.087506,9.330832,9.395513,10.040153,9.488937,9.147836,9.297816,9.248842,8.370798,9.76275,9.624826,8.672378,8.347456,8.493598,8.165249,9.950289,9.347733,11.269288,9.709503,11.430633,9.649773,10.349053,10.349053,8.716856,10.662865,10.970191,10.813059,10.687426,10.306627,9.837306,10.231645,7.929602,8.703051,11.016603,10.91957,9.120353,10.894104,10.11258,10.892784,12.018215,12.024426,10.796989,10.519375,10.647167,11.24293,10.8264885,10.455082,11.156614,11.220657
11,9.380451,6.7666206,5.5573473,5.7652955,5.8989463,3.7925782,5.4745426,5.106585,2.8577924,2.8494956,4.9531612,0.0,3.728169,4.695217,2.913183,5.1341343,7.594917,8.265201,8.70246,8.887799,8.747609,8.842315,7.7937255,7.5856714,7.0912924,7.8387685,7.5531883,7.5526786,7.019243,8.678264,7.059205,6.699219,7.669914,7.6671495,7.260444,10.39849,8.706822,8.457589,7.2489495,7.2995234,8.970537,6.534325,7.9264364,7.9264364,8.024227,7.8909097,8.792065,8.920903,7.1739383,7.166866,6.341181,7.9407063,8.016866,8.352855,8.69302,6.5528994,6.685223,6.690769,8.278751,8.388894,9.683943,9.473757,8.524692,8.51195,7.7063284,7.789552,9.508985,8.361178,10.177501,10.427017,9.57641,10.9291115,9.613217,9.741563,9.672127,9.143139,8.756135,8.657661,8.221094,7.591237,8.816436,8.87899,9.794716,9.219956,8.869448,9.0155735,9.10044,8.310629,9.055659,8.788912,8.952216,8.692113,9.319761,9.029338,10.657876,10.039837,9.737862,9.611741,9.944173,8.966538,9.264894,9.264894,7.462897,9.708469,8.769051,8.6723795,9.055396,8.828563,8.084596,8.616399,7.239024,6.910268,9.438109,9.344393,9.44307,8.971925,9.21604,9.967027,10.534853,10.327373,10.360387,10.069047,10.042201,9.61964,9.728221,8.867249,10.063553,10.21344
12,10.093831,6.328883,6.2135553,5.052949,4.997188,4.663443,5.8639197,6.320223,3.8200035,3.7606673,2.1418529,3.728169,0.0,3.0483987,3.8128242,4.8401213,8.921695,9.530376,9.674265,9.77505,8.357057,8.498307,8.470575,8.332579,6.936393,7.64863,7.407628,7.3506246,7.7918425,9.116723,7.7730236,6.3109727,8.132066,8.1368685,7.7711906,11.114483,9.377463,8.96913,7.6365952,7.685913,9.225409,7.708374,8.180979,8.180979,8.806104,8.230837,9.477211,9.452903,8.315308,8.204745,7.579944,8.642362,8.476116,8.746814,8.950297,6.682906,7.6500816,7.651136,9.165151,9.141141,10.390661,9.551675,8.958435,8.953425,8.455193,8.245874,8.916944,8.806339,10.564597,10.599393,9.7193775,10.844275,9.950702,10.134737,10.186198,9.687911,8.145731,8.17273,8.822648,8.159295,9.524194,9.591312,10.051383,9.580952,9.281216,9.419575,9.347816,8.419657,9.772826,9.677859,8.92671,8.61228,8.894071,8.61788,10.020952,9.457289,10.380136,9.116417,10.4977255,9.195087,9.511055,9.511055,7.7235055,9.830902,10.101179,9.947361,9.749898,9.751839,9.112978,9.476803,7.1572022,8.0365505,10.359911,10.274612,9.044928,10.1022215,9.735512,10.501731,11.412001,11.208616,10.660624,10.23029,10.186661,10.669697,10.201692,9.91649,10.578497,10.616208
13,10.512416,7.533374,5.929044,6.3269606,5.918243,5.713518,5.635853,6.853376,4.093855,3.9570847,3.5527565,4.695217,3.0483987,0.0,4.3038807,4.643788,10.056712,10.4505205,9.644134,9.66916,9.060539,9.32771,8.289854,8.244351,7.3534703,7.5352945,7.287703,7.1618958,7.5721674,8.840779,7.404459,6.23038,7.9671636,7.9700713,7.5770984,10.92367,9.17764,8.765305,7.450302,7.505242,8.952764,7.6178374,8.207363,8.207363,8.528548,7.9597597,9.322471,9.287295,8.852471,8.808109,8.338182,9.098564,8.138696,8.479979,9.695797,7.5934596,7.5075197,7.510493,9.017724,9.010797,11.136528,9.963694,10.043947,10.0380535,8.437563,8.219125,8.187419,8.776853,10.422116,10.485226,10.053642,10.688239,9.9727335,10.513894,10.218045,9.713399,8.124956,8.296295,8.742669,8.073607,9.4265175,9.486036,10.30983,9.827929,8.848405,9.034967,9.329448,8.298812,9.666817,9.698739,9.146503,9.364641,8.989035,8.676091,9.978821,10.011788,10.800979,9.92375,11.09449,9.435571,9.689548,9.689548,7.9040136,10.012189,10.633621,10.035137,10.862654,9.950983,9.434571,9.814972,8.41328,9.014843,10.337011,10.234363,9.952121,10.051777,10.010518,10.022913,11.343267,11.124802,9.737056,10.017676,10.305741,10.773395,10.262977,9.149313,10.621472,10.709822
14,9.365845,6.3974276,4.9462037,5.3149867,5.758021,4.7576156,5.528725,5.812378,3.5010357,3.6281621,4.341405,2.913183,3.8128242,4.3038807,0.0,4.577173,8.316489,7.998383,8.200103,8.22028,9.667357,9.4978485,7.326922,7.287223,6.3015146,7.0503783,6.836773,6.802547,6.4115705,8.693579,6.715126,6.2080674,7.0973277,7.0961366,6.621357,9.919557,8.174255,7.8032074,6.546166,6.596575,8.563,6.886202,7.786933,7.786933,7.370496,7.685239,8.268189,8.351579,7.5851693,7.5303707,6.7852516,7.713176,7.758545,7.992613,8.393325,6.583291,5.669984,5.6704674,7.533923,7.5287795,9.192504,8.969822,8.051245,8.040091,7.7888284,7.8188615,9.329388,8.411114,10.40314,10.479476,9.462496,10.310532,9.325895,9.279612,9.633749,9.310381,7.953507,8.119291,7.7690444,6.9688506,8.5564165,8.629255,9.447227,8.842486,8.44785,8.552065,8.544902,8.049685,8.549848,8.362213,8.738244,8.420943,8.765626,8.516562,10.717859,10.133501,10.586697,10.046036,10.658366,9.403012,9.803195,9.803195,8.048895,10.280401,9.644853,9.353909,9.551607,9.104058,8.504716,9.050666,7.7629995,7.444511,9.9992,9.894071,9.866397,9.476372,9.328715,10.093717,10.997459,10.918063,9.982115,9.930294,10.354012,10.024196,10.066024,9.397027,10.393311,10.486101
15,11.23501,7.3605824,6.4812803,6.509006,7.0681376,6.770831,5.8224363,7.5822005,5.680392,5.671746,4.925026,5.1341343,4.8401213,4.643788,4.577173,0.0,9.214645,8.917364,7.957853,7.926638,7.5927315,7.7580867,6.6012297,6.5754347,5.7217464,6.0550547,5.6375113,5.47844,5.7042365,7.7667456,5.5562015,4.614917,6.924193,6.932405,6.4600677,9.324683,7.425035,6.922592,6.3878336,6.465727,7.5098634,6.344512,6.9907556,6.9907556,6.664929,6.6654124,7.445824,7.649421,7.565807,7.5108743,7.691571,7.93456,7.156303,7.4807487,7.9148645,7.1865053,5.9556108,5.951323,6.970727,6.9959373,9.558296,8.318091,9.337645,9.314008,7.2252426,7.3466616,7.970282,7.8743725,9.569099,9.571946,9.408349,10.842932,8.888406,9.807557,9.254321,8.95747,6.7644053,6.9465322,7.637777,7.1987176,8.034474,8.119806,9.579412,9.027839,7.95855,8.097391,8.361765,7.8192205,8.509481,8.455228,8.571181,8.335583,7.8406863,7.521313,10.057092,9.9474,9.867143,8.916043,10.249761,8.164355,8.515252,8.515252,6.5722094,8.969892,9.207093,8.620133,9.698858,8.316075,8.465314,8.675802,6.884736,7.425951,9.693234,9.659904,9.073596,9.715947,8.943083,9.832878,10.529198,10.301966,9.159903,9.586226,9.672672,10.072927,9.532222,8.64448,9.8822975,9.934413
16,10.035748,7.8401875,8.788326,8.51742,8.667788,8.410071,8.956244,9.067284,7.5625324,7.6016383,9.276207,7.594917,8.921695,10.056712,8.316489,9.214645,0.0,5.133592,7.3047767,7.516859,8.779836,7.5344834,7.945141,7.648134,7.7178845,8.958777,9.2091675,9.6913805,6.765527,9.24806,7.584871,7.9772816,8.301426,8.297745,8.152588,10.232194,8.233136,8.214958,8.232049,8.242025,9.416488,8.435771,6.4926524,6.4926524,7.558285,7.1344476,8.149831,8.561765,4.9931507,5.042892,5.502743,6.2725677,7.4395022,7.7583714,8.456184,5.709571,6.9953346,6.9976673,6.936039,7.1513,6.179499,7.132833,5.9703712,5.9484196,5.9465437,6.080318,8.440908,6.6910233,8.598482,8.908325,6.862761,9.017793,7.726402,7.5610995,7.4732904,7.2389445,7.9933233,7.6913085,6.6826596,6.911337,7.006753,6.993851,6.639564,6.125733,7.6960464,7.8151646,7.852691,6.9389124,7.254759,6.6381383,6.449681,5.933893,8.311215,8.053774,8.549585,7.0613346,9.525865,10.371967,9.406714,8.896866,10.130554,10.130554,8.236138,10.396585,9.334503,10.194727,8.853303,9.202935,9.282351,9.178498,7.964656,5.6736617,9.6029,9.523416,8.531623,9.617481,9.252995,10.199547,8.7041,9.253566,12.3557205,10.890396,10.5526285,8.987846,10.08728,10.932498,10.293466,10.579634
17,8.1992855,7.598582,8.861879,8.390259,8.893519,9.2032385,9.340199,9.159877,8.172547,8.3909645,9.508669,8.265201,9.530376,10.4505205,7.998383,8.917364,5.133592,0.0,6.7046666,6.6855135,10.323076,9.146809,6.439817,6.451038,8.010594,9.28297,9.47262,9.815314,6.890814,8.307283,7.720724,8.237499,8.119406,8.115094,7.5807447,7.3921905,6.90879,7.69181,7.614131,7.8513265,8.768895,8.824918,7.17715,7.17715,7.012515,7.5977316,7.722401,8.258168,6.387412,6.3428526,6.593922,6.4627905,8.062935,8.260497,7.943469,6.8595586,6.4862504,6.4881573,6.8437343,6.993961,5.725419,6.8841577,5.2828574,5.2697754,6.2647967,7.0453725,9.221382,6.4113483,8.111736,8.387784,5.7094526,8.39882,8.249511,6.199999,8.313574,8.30326,8.116683,8.165244,7.4117002,7.3564487,7.202814,7.219066,7.136634,6.872691,8.043451,8.090816,8.100782,8.42054,7.3623314,6.629478,6.870387,6.398224,8.881986,8.702488,10.715449,9.570244,8.820632,9.714478,8.769179,8.178535,9.419161,9.419161,9.54432,9.673599,7.868313,8.629592,7.5585685,7.439432,7.614495,7.3551393,8.5005045,6.4429054,8.012774,7.9468994,7.811669,7.9756045,7.506236,8.687796,7.755276,8.446457,10.599286,8.796086,9.055783,7.2425113,8.403999,9.361656,8.701569,8.997765
18,10.946592,8.54829,6.823372,8.008455,8.672195,8.8202305,7.4527054,8.866987,8.528974,8.53673,9.66414,8.70246,9.674265,9.644134,8.200103,7.957853,7.3047767,6.7046666,0.0,0.7193471,8.739075,7.139354,4.8295093,4.6718283,7.68177,8.117182,8.242572,8.699588,5.0683956,8.217663,5.754985,5.755617,4.888129,4.885123,4.3414087,7.727694,4.515937,4.9286103,4.4581943,4.4844146,6.791007,6.639226,5.5974145,5.5974145,3.6671495,4.6708007,4.8579993,6.0404477,6.0843077,6.3090296,7.498576,7.345123,4.5727234,5.033216,8.095527,7.016517,4.6034145,4.58485,3.8443246,3.9201477,6.010131,5.222151,6.3223395,6.2936387,4.4280605,4.2905173,6.953444,5.33019,6.552128,6.731397,5.742257,7.0725336,5.176572,6.8965836,5.341953,5.7398624,5.2579837,5.235448,4.263759,4.103151,4.8093915,4.8266635,6.0203156,6.2467136,4.8881693,5.0456996,4.490411,6.2408075,5.0783114,4.995991,6.706403,6.23425,6.4403605,6.1920156,8.448043,9.0617075,9.56847,10.920439,9.735851,8.286441,9.206749,9.206749,7.060328,9.280699,9.46608,8.886673,10.404528,7.1153865,9.101442,8.756565,7.8776383,5.5019855,9.304273,9.219375,9.066044,9.281344,9.021353,9.982476,9.1329,9.554548,11.042127,10.419708,10.479878,8.910731,9.940277,9.745686,10.177889,10.723531
19,10.930244,8.588379,6.8380675,8.123438,8.846089,9.0751295,7.5663104,9.041417,8.676912,8.702614,9.69781,8.887799,9.77505,9.66916,8.22028,7.926638,7.516859,6.6855135,0.7193471,0.0,9.057166,7.476233,4.7163157,4.6530666,7.647908,8.075328,8.2014065,8.650341,5.0306334,8.161616,5.756882,5.7368274,4.8173633,4.814667,4.2418246,7.5642624,4.3478265,4.793228,4.366502,4.4027224,6.672179,6.800241,5.4903884,5.4903884,3.5199535,4.596297,4.73492,5.9597883,6.1854415,6.376036,7.5822597,7.228249,4.545987,4.9502444,8.026841,7.028763,4.5666475,4.547417,3.7892897,3.8449073,5.9194202,5.1246324,6.289565,6.259544,4.5633836,4.4650006,6.944897,5.427128,6.523934,6.6544785,5.704231,7.0417776,5.145753,6.6821055,5.4075274,5.882413,5.184728,5.3011656,4.328378,4.164489,4.7804756,4.800385,5.9262404,6.1814103,4.8666406,4.99365,4.393469,6.2193975,5.0060096,4.920403,6.714928,6.2520227,6.405979,6.18651,8.451306,9.063412,9.717913,11.027167,9.868742,8.446018,9.329737,9.329737,7.2685037,9.404138,9.641071,9.064476,10.497593,7.282396,9.157113,8.797529,8.086497,5.8091364,9.453789,9.371175,9.218992,9.42583,8.946073,9.914189,9.228075,9.6712265,10.948918,10.330493,10.553361,9.044176,10.0165825,9.849973,10.245771,10.768915
20,13.215444,8.917969,9.980676,9.053676,9.04182,8.3821745,7.5699034,9.383537,9.252381,9.08834,9.092201,8.747609,8.357057,9.060539,9.667357,7.5927315,8.779836,10.323076,8.739075,9.057166,0.0,3.8591387,7.998238,7.565519,8.288816,8.919901,8.516755,8.385729,8.050565,9.544538,6.8013024,6.6706495,8.736792,8.744177,8.501498,10.895575,8.525497,8.150296,8.423302,8.442674,8.285511,7.4042273,7.1001325,7.1001325,7.7046723,6.899487,8.614485,8.806161,6.93357,7.049664,8.292685,8.618323,7.106599,7.97314,8.046968,7.3238416,9.523471,9.511493,8.925538,8.948513,10.252628,8.95642,10.292538,10.270299,8.012478,7.875744,8.500512,8.438561,10.0143175,10.186868,9.215469,10.98509,9.686765,11.437494,9.534455,9.071322,7.9254675,7.421274,8.488642,8.649376,8.944061,8.930207,9.908949,9.410121,9.110501,9.445364,9.636398,9.174417,9.627462,9.645513,8.833172,8.4479685,8.8444805,8.29216,9.389672,9.298709,8.421017,7.81704,8.803103,7.5999494,7.6232038,7.6232038,4.7694206,7.816452,8.990157,8.864828,9.224205,8.528454,9.203049,8.887989,5.4928384,6.6619477,9.401106,9.388176,8.192459,9.98557,9.755074,10.71324,9.6251955,9.074019,11.504431,10.8962755,9.629318,10.114105,9.384123,9.936675,9.902016,10.5281725
21,12.378914,8.084244,8.957081,8.096572,8.324548,8.272978,7.442332,9.226201,8.950182,8.810885,8.936301,8.842315,8.498307,9.32771,9.4978485,7.7580867,7.5344834,9.146809,7.139354,7.476233,3.8591387,0.0,7.072777,6.550692,7.3359838,8.058779,7.91254,8.184566,6.884074,8.792375,7.3213835,5.9848228,7.247946,7.2570887,6.9629335,9.770549,6.972108,6.595174,6.923041,6.93219,7.4394994,7.153063,6.3252974,6.3252974,6.744149,5.725134,7.0952053,7.279921,6.1151557,6.250571,7.5466332,7.895485,6.1087604,6.2843404,7.227086,6.568942,8.418117,8.407847,7.8511977,7.934456,8.278912,6.684536,8.308657,8.2864275,6.6605577,6.376962,7.02139,7.1295695,7.943611,8.170489,7.485998,9.043784,7.4215274,9.543686,7.184226,6.659191,6.098712,5.452089,6.6544023,6.8952584,7.1571627,7.1696997,7.8896856,7.682012,7.3382373,7.4388943,7.5393696,7.9459686,7.9482074,7.931638,7.103205,6.5772877,6.629439,6.5192766,7.834424,7.676076,8.456276,7.7540026,8.59773,6.875676,7.5052876,7.5052876,4.512677,7.7153025,8.995593,8.818965,8.961106,7.618688,8.9755,8.65733,4.962155,5.2544575,9.054336,9.03914,6.935465,9.638429,9.411867,10.485388,8.891692,8.801018,11.39524,10.784535,9.545687,9.428266,9.324953,9.804231,9.728523,9.984566
22,8.928945,7.973191,6.3397512,7.75023,8.54279,7.9586973,6.0806518,8.089669,7.9860554,7.985311,8.737082,7.7937255,8.470575,8.289854,7.326922,6.6012297,7.945141,6.439817,4.8295093,4.7163157,7.998238,7.072777,0.0,0.70941967,6.70149,7.189873,6.958619,7.106628,5.0438905,6.586039,5.2412176,5.046897,5.3830833,5.382578,4.4641786,4.1394334,3.3467047,4.6876326,4.536535,4.96315,5.346578,6.1113367,5.225059,5.225059,3.873595,4.2141113,4.9765334,5.7032523,5.7099123,5.814064,6.9445825,6.5026603,4.320711,4.6343746,6.860303,6.124424,5.920183,5.9059677,6.1329994,6.15859,7.207768,6.3721952,7.4268064,7.401655,4.6715016,5.9211555,7.4904485,5.060635,6.4054694,6.514479,5.5837708,6.997846,6.424952,6.4213533,6.607457,6.6661224,5.6983438,5.870404,5.173739,4.9971423,5.059828,5.0679502,7.055666,6.8358254,5.9246325,6.011324,5.811466,6.7881007,5.1952133,5.175679,6.693828,6.2062097,6.6127515,6.4406104,8.403053,8.644267,6.508129,7.2177744,6.752359,5.0031557,5.323531,5.323531,5.7836137,5.720151,6.5482616,5.6772017,7.1381536,4.0117145,5.253785,4.999317,7.0620766,5.895619,6.723266,6.6563406,6.460762,6.7445984,5.410514,6.9009247,6.7446303,6.9543467,7.6339207,7.447157,7.83136,6.837363,7.122537,6.633311,7.5260744,8.049977
23,9.023507,7.873192,6.277525,7.625264,8.383533,7.6451735,5.858252,7.9243984,7.8149447,7.7950273,8.694347,7.5856714,8.332579,8.244351,7.287223,6.5754347,7.648134,6.451038,4.6718283,4.6530666,7.565519,6.550692,0.70941967,0.0,6.6348934,7.152897,6.911806,7.078569,4.9481096,6.581439,5.196603,4.9685388,5.2710056,5.270268,4.348347,4.3961096,3.2966068,4.5619187,4.4248705,4.8343744,5.3013606,5.8487797,5.1160035,5.1160035,3.7845027,4.031123,4.8688016,5.583569,5.453079,5.5956798,6.758261,6.477395,4.0987053,4.4024653,6.7358146,5.967021,5.8656855,5.851874,6.042709,6.076133,7.1190114,6.282094,7.3270864,7.3026996,4.457273,5.69006,7.406554,4.9320345,6.362273,6.5019054,5.5698886,6.9363065,6.25952,6.566762,6.3803496,6.3897166,5.612627,5.66474,4.9346085,4.7844524,4.967556,4.978198,6.9643207,6.739008,5.7978873,5.8849707,5.716622,6.686102,5.107075,5.108415,6.5837703,6.076334,6.474407,6.3140078,8.24592,8.478464,6.3099775,7.0364504,6.5492926,4.7383027,5.08229,5.08229,5.3226795,5.5066323,6.364299,5.474679,6.952737,3.7387104,5.2100887,4.9613523,6.708686,5.462943,6.5707645,6.5063,6.2585135,6.5992713,5.580115,7.04282,6.573445,6.7500615,7.813319,7.6236615,7.7793126,6.6955137,7.0512543,6.5702295,7.468048,7.978852
24,9.912767,6.0940895,6.35724,5.9719887,6.151787,7.272929,6.2968297,7.716719,7.20555,7.1604753,6.4981446,7.0912924,6.936393,7.3534703,6.3015146,5.7217464,7.7178845,8.010594,7.68177,7.647908,8.288816,7.3359838,6.70149,6.6348934,0.0,2.1570537,2.3950548,3.0236342,3.9225805,8.2154045,5.7571716,4.4322243,6.351784,6.365122,6.755389,9.521333,7.3205376,6.20923,6.654408,6.6697183,7.3316455,6.267109,6.751017,6.751017,6.6478763,6.6617727,6.5493846,5.738459,6.3757577,6.221505,6.3030624,6.1240373,7.0073576,7.2574654,7.0956097,5.5036345,6.7051325,6.6893654,7.6192756,7.653401,7.1641893,6.071521,7.804044,7.7612925,7.600614,7.3362527,7.595226,7.895714,9.230092,8.984667,8.507768,9.58069,7.761712,8.337881,7.971128,7.1125016,5.5031204,5.4722986,5.5947804,5.6221514,5.6251364,5.6659074,7.7329087,6.0745997,6.234222,6.344241,7.088055,7.2212644,6.290863,5.9715104,5.9946814,5.4541125,5.2229605,4.893123,8.553958,7.0260954,10.276121,8.388908,10.278308,8.282564,9.183169,9.183169,6.922874,10.033926,9.8680105,10.087641,9.268199,8.970221,8.282342,9.068619,6.779676,6.447805,9.893475,9.792911,8.234525,10.078689,8.398634,9.46176,10.088777,10.289951,8.567355,9.554143,9.625761,9.932516,9.8040495,9.590076,9.824732,10.101326
25,10.624128,7.7024345,6.7388177,7.040255,6.8709664,8.091801,6.77234,8.520745,7.9317236,7.8273273,7.130099,7.8387685,7.64863,7.5352945,7.0503783,6.0550547,8.958777,9.28297,8.117182,8.075328,8.919901,8.058779,7.189873,7.152897,2.1570537,0.0,1.2647268,2.3013253,3.9729986,8.590636,6.194368,4.3772306,6.4400015,6.4552655,7.282042,9.934221,7.8244863,6.7822914,7.174636,7.189216,7.4027734,6.280993,7.609604,7.609604,7.222368,7.1985354,6.6243277,5.734959,7.6714854,7.605937,7.7551537,7.6520257,7.5391665,7.8008423,8.4783,7.045354,7.0830135,7.069873,8.036625,8.080171,8.045297,6.4931307,9.23867,9.198897,7.9193926,7.442348,7.486543,7.949106,9.298652,8.851436,9.134733,9.687256,7.667522,8.758351,7.8552823,6.9581056,5.833666,5.6663804,5.814547,6.0924854,5.4400215,5.487908,8.313318,6.803392,6.090317,6.20395,6.985013,6.996988,6.1999645,6.018778,6.564842,6.0836825,4.9421935,4.555933,8.366097,7.440464,10.586461,9.0537615,10.693429,8.447739,9.437761,9.437761,7.2046595,10.264097,10.332143,10.446509,10.524353,9.399512,8.858062,9.671816,7.7892404,7.357744,10.535376,10.419816,8.857836,10.750607,8.715471,9.721365,10.76573,10.96914,8.360575,9.9810915,10.096993,10.653995,10.489506,9.841523,10.294607,10.5411215
26,10.551109,7.5537696,6.6492105,7.056428,6.929007,7.6501656,6.1710954,8.119936,7.854729,7.758646,7.145911,7.5531883,7.407628,7.287703,6.836773,5.6375113,9.2091675,9.47262,8.242572,8.2014065,8.516755,7.91254,6.958619,6.911806,2.3950548,1.2647268,0.0,1.1619631,4.1544,8.4012375,6.0396914,4.173126,6.1173553,6.132736,6.984546,9.728422,7.5414867,6.4679675,6.8778114,6.897572,6.766123,5.6081953,7.4104,7.4104,6.9892316,6.9860845,6.313597,5.3906116,7.5358357,7.4682546,7.6309657,7.4709935,7.312181,7.5515423,7.8478136,6.8373704,7.353431,7.340345,8.2761965,8.298539,8.155118,6.679759,9.348457,9.30878,8.181708,7.7189493,7.864182,8.217656,9.451618,8.964679,9.31102,9.931477,7.8218713,8.950514,8.034521,7.1759505,6.1907587,6.008919,6.0754833,6.346231,5.754043,5.812736,8.476166,7.026955,6.2968388,6.3942795,7.158229,7.338972,6.408898,6.264724,6.8821077,6.4091496,5.2794013,4.956929,8.667522,7.775758,10.128506,8.571272,10.231833,8.2827425,8.917271,8.917271,6.540521,9.789962,9.878388,9.988168,10.022928,9.130986,8.33664,9.17399,7.2014236,7.0529175,10.216426,10.112024,8.902639,10.398696,8.354172,9.415293,10.590581,10.612234,7.934066,9.609362,9.723677,10.451435,10.085784,9.474798,9.896513,10.150142
27,10.774371,7.649368,6.9880295,7.329669,7.187362,7.606095,6.0244756,8.033134,8.025569,7.941617,7.2455416,7.5526786,7.3506246,7.1618958,6.802547,5.47844,9.6913805,9.815314,8.699588,8.650341,8.385729,8.184566,7.106628,7.078569,3.0236342,2.3013253,1.1619631,0.0,4.663935,8.489462,6.0572824,4.4206414,6.381311,6.3956404,7.1938844,9.822433,7.699931,6.6161914,7.062153,7.0894046,6.590003,5.49894,7.588034,7.588034,7.081376,7.182203,6.513823,5.602565,7.725761,7.6582017,7.823534,7.588,7.494086,7.77856,7.631742,7.0295873,7.8139434,7.802056,8.677711,8.68466,8.647731,7.2846885,9.782321,9.745557,8.694763,8.266666,8.378471,8.711215,9.989721,9.52888,9.751409,10.320687,8.441935,9.464887,8.652261,7.8597,6.737143,6.597166,6.7278757,6.957465,6.470882,6.5231175,9.023054,7.6208105,6.94986,7.0632577,7.8122168,7.968437,7.0523963,6.9284472,7.4524407,7.028768,6.0324793,5.699342,9.265816,8.4064865,10.036878,8.378882,10.159152,8.426401,8.790174,8.790174,6.425369,9.68678,9.756637,9.847605,9.876281,9.254323,8.159396,9.0175085,7.0678787,7.2922554,10.182445,10.078908,9.205614,10.3597,8.33381,9.358325,10.716601,10.572081,7.723281,9.460048,9.606233,10.566993,9.942577,9.364792,9.791566,10.069465
28,10.289698,7.64659,6.0056834,7.2354283,7.340102,7.5390043,5.870981,7.6698937,7.074346,7.039742,7.653448,7.019243,7.7918425,7.5721674,6.4115705,5.7042365,6.765527,6.890814,5.0683956,5.0306334,8.050565,6.884074,5.0438905,4.9481096,3.9225805,3.9729986,4.1544,4.663935,0.0,6.639581,4.1800256,3.911792,4.419029,4.4220757,4.8142753,7.9825068,4.9624987,4.1518693,4.777532,4.7943087,5.553778,4.8924584,5.081199,5.081199,4.0687275,4.335192,4.1884384,3.8460236,5.342807,5.471544,6.0047917,5.785121,4.8188276,5.175785,7.1336384,5.90987,4.4599905,4.4560957,4.8863773,5.09166,6.122632,4.7854686,7.2157035,7.183186,5.1516223,4.5471816,6.367226,5.384839,6.9717927,6.938966,6.6679053,7.3794727,5.701222,7.1319804,5.707866,4.9088717,4.6839914,4.568819,3.5716035,4.019257,3.42809,3.46445,6.720966,5.698776,4.5777526,4.6783476,5.2801633,5.5243573,4.3011394,3.9194522,5.8271413,5.2186947,4.7858596,4.4388638,7.748204,7.4111543,9.254,9.345657,9.499786,7.431214,8.532121,8.532121,5.9956675,9.150179,8.860918,8.709315,9.602767,7.6318107,7.850382,8.192936,7.1551394,5.4823,9.2924795,9.176812,8.448648,9.439781,7.9285216,9.033335,9.180248,9.459759,8.931671,9.6538315,9.824476,9.281562,9.658775,8.8500805,9.658456,9.9488
29,10.311389,8.975317,7.4713664,8.699615,9.11614,8.240096,6.34157,8.485402,8.608615,8.721452,9.233252,8.678264,9.116723,8.840779,8.693579,7.7667456,9.24806,8.307283,8.217663,8.161616,9.544538,8.792375,6.586039,6.581439,8.2154045,8.590636,8.4012375,8.489462,6.639581,0.0,6.6240025,7.7569437,6.9039974,6.8984838,6.21425,6.875086,6.1131163,6.034358,6.0361414,6.321506,6.53177,6.5705867,5.6115565,5.6115565,6.39069,5.9943976,6.709336,6.6207237,8.096905,8.184419,8.458605,7.2496405,6.9329634,7.107292,8.4762745,7.9308724,7.573914,7.6027784,8.789557,8.793742,8.610867,7.7615433,8.41962,8.444062,7.331518,7.3044944,9.459489,7.143146,7.7137146,7.735253,7.2684455,8.394727,8.050784,8.590474,8.155625,7.468478,7.1620135,7.264529,6.7902045,6.8483095,7.138204,7.2287884,9.595554,9.026495,7.7751923,7.7338552,8.563186,9.159087,7.2697024,7.2105203,8.521945,8.031815,7.8942833,7.784937,9.906978,9.636196,8.9262085,9.267401,9.714762,8.12221,8.34589,8.34589,8.0362215,8.90626,9.445349,8.796164,8.946979,7.7924023,7.5173454,7.4501257,9.138205,8.449099,9.688946,9.632162,8.542336,9.68998,8.615987,9.769393,9.622484,9.696192,9.65473,10.188314,10.399238,9.784307,9.937304,8.401413,10.243926,10.559622
30,11.110858,8.016553,6.5351725,7.6860356,8.09718,7.465698,5.478732,7.9514637,7.3038015,7.2594504,7.8805866,7.059205,7.7730236,7.404459,6.715126,5.5562015,7.584871,7.720724,5.754985,5.756882,6.8013024,7.3213835,5.2412176,5.196603,5.7571716,6.194368,6.0396914,6.0572824,4.1800256,6.6240025,0.0,4.932549,6.280474,6.280848,5.869282,8.459057,6.1328826,5.50407,5.80869,5.857737,6.8353143,5.489916,4.424633,4.424633,4.2461867,4.5927105,6.15958,6.3654184,5.604989,5.7139053,6.6598964,5.9320884,4.6775656,6.1086717,7.79544,5.954821,5.172509,5.1602764,5.3754296,5.3037863,8.077312,7.25763,8.415622,8.390417,5.634608,5.761313,7.7579637,6.475155,8.839062,8.863434,7.788378,9.270192,7.809493,9.135929,8.037455,7.6776757,5.653502,5.7756844,5.1123557,4.994451,5.9216394,5.9163246,8.4181,7.2853427,6.345881,6.808412,7.3460207,6.756547,6.1320176,6.159762,7.4559603,7.0460052,7.2086515,6.3524213,8.734146,8.616196,9.352211,9.508737,9.860125,8.003392,8.506827,8.506827,6.1563334,9.061257,9.348414,8.820514,9.517029,7.894034,8.268915,8.389929,7.728281,6.7416043,9.544554,9.463724,9.09044,9.585977,8.636103,9.590767,9.43424,9.426268,9.515152,10.016491,10.159577,9.587119,9.689546,8.947155,10.060143,10.8806925
31,10.298511,6.663654,5.7369666,5.8823295,6.146135,7.104063,5.553673,7.446944,6.9599223,6.862594,6.187983,6.699219,6.3109727,6.23038,6.2080674,4.614917,7.9772816,8.237499,5.755617,5.7368274,6.6706495,5.9848228,5.046897,4.9685388,4.4322243,4.3772306,4.173126,4.4206414,3.911792,7.7569437,4.932549,0.0,4.5148187,4.532206,5.082318,8.5385,5.9182115,5.5075316,4.9689107,5.012578,5.5049024,4.8188434,5.622027,5.622027,5.0152097,4.8959584,4.856074,5.4179454,6.1508546,6.15411,7.140579,7.1779046,5.3044586,5.735719,7.2197247,5.79862,5.8951983,5.882797,6.2305264,6.266587,7.122133,5.329351,7.854094,7.8214254,5.6887865,5.240489,5.444482,5.961587,7.4144163,7.0972104,7.0936356,8.176503,5.704847,7.100248,5.920676,5.8730865,4.124532,4.00562,5.038083,5.1182985,4.730675,4.7773867,6.504148,6.1060605,4.945932,5.1314726,4.944373,5.2857003,5.647081,5.5720787,5.530442,4.9802427,4.339383,3.8768544,6.676296,6.9272923,8.407101,8.121056,8.590241,6.909506,7.56606,7.56606,4.698264,7.829485,8.735963,8.609873,9.576965,7.630279,7.762045,7.861746,5.4599996,5.422128,8.952394,8.836549,7.460424,9.184666,7.3276505,8.451459,9.414737,9.421637,8.715679,8.61856,8.667254,9.262584,8.873025,8.804549,8.900927,9.279708
32,9.716229,7.4514213,5.4404135,7.080706,7.152339,6.9134417,5.1077266,7.032554,7.5456715,7.580744,8.37975,7.669914,8.132066,7.9671636,7.0973277,6.924193,8.301426,8.119406,4.888129,4.8173633,8.736792,7.247946,5.3830833,5.2710056,6.351784,6.4400015,6.1173553,6.381311,4.419029,6.9039974,6.280474,4.5148187,0.0,0.028523374,2.4929643,8.040139,4.0048447,3.5515952,2.463349,2.3839035,3.6121614,3.913277,5.09271,5.09271,4.1610093,4.2494206,2.7815735,3.0999324,6.545308,6.6499534,7.059182,6.685128,4.5674357,4.2898183,6.349483,6.069656,5.9952426,5.9936066,6.5673447,6.5668316,5.612496,4.2168713,6.309391,6.2891703,6.5190434,5.2125583,7.1123385,6.3831997,6.426771,5.8633037,6.2672215,6.8709536,4.4926696,6.393556,4.8008304,4.4421844,5.668396,5.4729958,4.4833546,4.7546105,4.5586057,4.6813946,5.8311486,5.8279724,4.228221,4.03166,3.918478,6.363332,4.725833,4.620138,6.330021,5.8045263,5.0059,5.183759,7.9447594,8.138814,8.911702,9.8411665,8.969541,8.382251,8.555417,8.555417,5.4931436,8.871242,9.148716,8.984162,9.729222,7.8055053,7.9624505,7.9667025,6.3946137,4.8576355,9.326594,9.226537,9.172432,9.170568,7.9875617,9.034171,9.624233,9.6259165,9.49869,9.379411,9.694513,9.267365,9.5749235,9.308703,9.45159,9.710796
