,0,1,2,3,4,5,6,7,8,9,10,11,12,13,14,15,16,17,18,19,20,21,22,23,24,25,26,27,28,29,30,31,32,33,34,35,36,37,38,39,40,41,42,43,44,45,46,47,48,49,50,51,52,53,54,55,56,57,58,59,60,61,62,63,64,65,66,67,68,69,70,71,72,73,74,75,76,77,78,79,80,81,82,83,84,85,86,87,88,89,90,91,92,93,94,95,96,97,98,99,100,101,102,103,104,105,106,107,108,109,110,111,112,113,114,115,116,117,118,119,120,121,122,123,124,125,126,127
0,0.0,1.7862777,7.1364083,8.320816,7.6917734,7.280657,7.4656887,7.4292965,7.751453,7.565513,8.136529,7.5258107,7.2460427,7.1275263,6.399644,6.359078,7.298922,6.6830845,5.952034,7.516024,7.650441,7.294542,5.685028,5.9848857,4.907148,6.6873937,6.39817,6.4546275,9.359131,8.930374,7.7482343,8.7532215,7.7566032,6.0421195,7.8231606,9.367735,7.8271203,8.1018915,8.153846,7.5870185,8.04648,8.031255,7.9803605,6.9348617,8.023874,7.8125744,8.861786,8.263526,6.6309366,7.13787,6.8247967,6.932681,6.9987087,7.0124626,6.9324293,7.308002,8.296973,7.8355093,7.2398973,7.2391505,6.4884973,6.9728055,6.358402,5.8603516,8.411004,8.507836,9.740757,9.57635,9.366714,9.262964,8.41898,8.627026,7.6648507,8.459963,9.019542,8.5493555,8.931912,9.2905855,9.324799,8.633009,8.84734,8.4378805,8.641988,8.168083,8.137852,7.1647506,6.944811,6.854007,8.250982,8.874083,7.3419356,8.302987,8.194765,7.6236715,8.040672,8.2809725,8.161208,7.098949,7.9665647,8.496234,7.6578245,8.00776,6.016665,6.9872746,7.2237897,7.2521143,7.059384,6.716975,6.924728,6.7880955,8.24819,7.2458,8.02159,7.689474,6.4929705,6.9691997,7.7077475,7.0310597,8.226185,8.195362,8.557851,8.613576,6.9665294,7.285286,7.929165,6.812661,9.023958,8.347907
1,1.7862777,0.0,6.8487744,7.9961295,7.33745,6.887709,7.0717673,7.227317,7.818336,7.5921826,8.104969,7.5011225,7.270099,7.102288,6.3948717,6.377125,6.9329815,6.274628,5.4115596,7.125139,7.515324,6.8721514,5.1461945,5.4647527,4.700346,6.563515,6.298877,6.381606,9.1199875,8.698387,7.4169292,8.522679,7.878696,6.1638083,8.042307,9.2906,7.9631147,8.222853,7.791593,7.314757,8.658642,8.628032,7.6323915,6.579793,8.717699,7.603557,9.501459,8.885687,6.8663783,7.418508,7.005943,7.0918427,7.7746887,7.789747,7.056956,7.934951,8.834339,7.85991,7.9904013,7.9921956,6.8636317,7.146093,7.2496696,6.052295,8.957403,9.054948,9.667825,9.437427,8.939395,9.784716,8.952122,8.501631,7.3134923,8.131761,9.462224,8.525721,8.773669,9.224461,9.243765,9.122771,8.389076,7.9621773,8.151218,7.6416163,8.186707,7.2097416,6.8364835,6.8857484,8.337115,9.340064,7.8743978,8.17581,8.752079,8.224457,8.629036,8.84883,8.705413,7.741814,8.541243,9.072584,7.092371,8.565226,6.7375097,7.6003194,7.239439,7.242146,7.534302,6.7468953,7.558835,6.8679724,8.142125,7.832384,8.422729,8.106821,7.030499,7.450554,7.630656,7.6493864,8.747387,8.716902,8.53787,8.556863,7.000636,7.3352556,7.925663,6.9549413,9.16383,8.510838
2,7.1364083,6.8487744,0.0,4.4182982,4.1030436,5.67806,3.8985064,3.946219,5.1424685,4.576179,5.680635,6.883768,3.829973,4.147666,6.4188976,6.3647394,8.050125,7.5433793,6.378834,7.841829,5.5591393,5.7511163,6.314072,6.117161,7.376896,7.8023715,7.8866854,8.72587,9.739868,9.881778,6.968717,7.5311804,9.008684,7.235604,8.450799,10.049746,7.7549386,7.8234453,8.605603,7.5673065,8.874911,8.734242,7.7237906,7.936605,8.894075,8.7363,10.015181,9.514185,7.2332034,7.8094473,7.519406,7.7234287,7.831108,7.832313,7.105077,8.040704,9.754119,8.830284,8.845414,8.840194,6.938015,7.5813904,7.8337965,8.409935,9.271857,10.594036,9.456479,9.274827,8.561899,9.163399,10.005238,9.784454,7.555381,8.1666,8.945416,7.8733354,7.9764676,8.469402,8.820808,9.642638,8.283505,8.413384,8.561777,8.145731,7.581654,7.7864304,6.5610766,7.00719,8.712085,9.576145,8.462994,8.287943,9.472493,8.851975,8.98061,9.118542,10.389411,9.540749,10.1031275,10.986217,9.124502,9.75282,8.122587,8.364484,8.662533,8.594738,8.511762,8.611442,9.097337,8.250731,9.082319,9.116947,10.350473,8.484211,9.520454,8.952366,8.727314,9.797822,9.914398,9.891717,7.7957187,7.7099204,7.8219533,8.110904,8.203801,8.097157,9.927456,9.219185
3,8.320816,7.9961295,4.4182982,0.0,3.8317857,5.9586926,4.2558246,3.8844647,5.452566,4.9663577,4.087958,6.7804728,4.134419,4.455453,6.5029783,6.466606,6.9769173,6.0276866,6.462191,7.04996,5.713518,5.773814,6.5684285,6.3587523,7.634169,8.019542,8.308668,8.973789,8.575968,9.035148,5.461708,6.7788153,7.679982,7.557932,7.3629174,8.904031,8.609452,7.062912,9.006354,8.424138,8.358578,8.358058,7.3224115,7.498921,8.6588545,9.062185,9.773608,8.793818,7.4102836,6.917233,8.0057125,7.946881,8.76085,8.788078,7.1203785,8.011662,8.329141,7.52411,8.939104,8.932252,7.158824,7.378256,9.074591,9.027084,8.684009,10.091001,8.4925,7.7570724,7.9334784,8.3935585,9.328941,9.041487,6.523096,7.187685,8.770898,7.7007074,7.0671334,7.5427847,8.078338,8.953769,6.8924966,7.2605076,7.8417125,7.7788806,7.498011,7.7941666,7.133377,7.9631767,7.751432,8.513696,8.224598,6.805606,8.493327,7.955407,7.7703233,7.8758054,9.571859,9.284063,10.099442,10.52865,8.776839,8.916175,7.528098,7.645613,7.6061106,7.4827275,8.020697,8.07929,8.578856,7.2203937,8.064885,8.517744,9.711184,7.947811,8.938001,8.364654,8.164383,9.3016205,9.273269,9.259404,7.5279584,7.295758,7.364706,7.67538,7.0615516,7.705981,8.445506,7.710727
4,7.6917734,7.33745,4.1030436,3.8317857,0.0,4.4238515,2.7680123,4.8836403,3.5299358,3.4007254,4.077304,5.3320827,3.170688,2.8148465,5.36556,5.3622828,7.9935994,7.0229316,6.298813,7.626973,4.5507197,4.5299015,5.59263,5.7719235,8.07698,8.190951,8.027957,9.114352,8.834967,8.934603,5.899044,7.0593624,8.132203,6.6589813,8.612205,9.449271,8.080901,7.1691217,7.9461675,7.1990037,8.631141,8.3976965,7.403199,7.235452,8.848102,8.348871,9.879256,8.664839,6.4654956,7.076975,7.063907,7.112205,8.849706,8.865316,7.0360827,8.013364,8.393718,7.567817,8.847119,8.838976,7.7735233,7.635762,9.217228,9.003753,8.897844,9.95936,8.24211,8.636369,7.6688166,8.117364,9.207197,8.9819,5.78363,6.618036,7.8466144,6.435161,7.390583,7.9085827,8.25259,9.013658,7.217012,7.59063,7.8778963,7.6355557,8.426841,8.718354,6.7449803,7.988891,8.2394285,9.166528,8.13008,7.938267,8.935936,8.746684,8.665903,8.813458,9.883003,9.353844,10.052042,10.314558,8.417341,9.316601,7.108107,7.398629,8.314538,8.238326,7.7543635,7.683314,7.952119,7.2028484,8.423361,8.467968,9.857599,7.751198,8.816874,7.9796314,8.606305,9.6262,9.032757,9.0196085,7.221874,7.1079197,7.0049086,7.1950545,7.405128,6.7546697,9.227001,8.740435
5,7.280657,6.887709,5.67806,5.9586926,4.4238515,0.0,4.555354,6.2698026,4.3821864,4.6833344,5.074573,2.4564168,5.0703125,3.997264,3.9965851,4.0278907,6.4395905,5.6656713,4.3397336,6.342107,4.995818,4.9274573,3.4479926,3.608619,7.5013695,7.360697,7.36605,8.623257,8.090967,7.850743,7.4713025,8.055545,7.1321974,5.95302,7.4994636,8.652254,6.558492,5.8136425,5.668321,6.058161,7.2196126,7.009978,5.7706304,5.727661,7.913618,6.4266367,9.007926,7.6054645,5.3321033,6.1739907,5.411586,5.46543,7.7196884,7.723762,5.5054026,6.6959276,7.327008,6.0322843,7.583257,7.5815325,7.0585847,6.5250444,8.257922,8.15056,7.644363,8.526114,6.6363587,6.679997,5.815679,7.232411,7.72876,7.382713,4.878763,4.6701837,6.8367333,5.317614,5.969136,6.363433,6.6845813,7.605474,6.8991957,6.3379874,6.464264,5.9751215,7.7060924,7.8603163,5.496363,6.0334353,7.6400557,8.668328,7.305874,7.238525,8.37505,7.891458,8.1153,8.294091,7.3761964,7.013739,7.899583,8.065037,5.647025,6.9307246,5.9449177,5.4010634,5.9973235,5.937961,5.26404,5.1273966,6.2359257,5.4196897,6.165619,6.8421674,7.8171,5.2457895,6.8895383,6.2519817,5.783014,7.4686065,7.2107162,7.1956625,5.052004,5.2734756,4.659191,4.812311,5.317772,4.405817,7.6192946,6.9211335
6,7.4656887,7.0717673,3.8985064,4.2558246,2.7680123,4.555354,0.0,4.83594,3.4453588,3.11271,4.119896,5.2765827,2.7932036,2.2726834,5.229213,5.223791,7.6297073,7.138872,5.974798,7.3378797,4.2181587,4.328465,5.151941,5.424677,8.227662,8.400634,8.434537,9.408333,9.212723,8.937861,6.484862,7.2131906,8.770177,7.2348022,8.816134,9.96722,8.508314,7.9523973,8.322143,8.041317,8.59978,8.728425,7.7460823,7.2009034,9.523733,8.9666605,9.420244,8.765638,6.785913,7.686448,7.262969,6.9973917,9.139048,9.146537,7.4300694,8.342374,8.881676,7.9553013,9.157226,9.163719,8.141634,8.110211,9.15438,8.833297,9.063879,10.187183,8.83819,8.73308,7.851316,8.764933,9.415824,8.929155,5.879686,6.764639,7.881703,6.5103564,7.4698906,7.9450397,8.21097,8.847973,7.6705723,8.088544,8.090487,7.086503,8.30096,8.505609,6.3508835,7.718457,8.264486,9.1384535,7.963333,7.8257866,8.939261,8.528103,8.778589,8.922486,9.778621,9.25326,9.881941,10.258126,8.679284,9.620257,6.9941382,7.4872656,8.241135,8.180938,7.6854177,7.662562,8.598266,7.118057,8.6521635,8.618637,10.14177,8.190381,9.138849,8.544312,8.393382,9.426575,9.617535,9.591554,7.4566293,7.3482785,7.3660107,7.5874248,7.7467356,7.180461,9.6145935,9.04201
7,7.4292965,7.227317,3.946219,3.8844647,4.8836403,6.2698026,4.83594,0.0,5.3553295,5.1496577,3.9525003,7.1246266,4.928762,4.774806,6.8077493,6.7740808,7.8448052,7.3270974,7.5093317,8.11109,6.390963,6.550434,6.993567,7.1414127,6.506885,6.8474674,6.770899,7.850062,9.265653,9.232234,6.6555414,6.7932224,7.392475,7.8354206,7.390845,9.14259,8.494689,7.2608314,8.923114,7.854059,8.332059,8.376087,7.429502,7.2437286,8.266052,8.089657,9.305805,8.719652,7.639161,7.0036826,7.8726826,8.235333,7.972635,7.980356,7.3957,8.206576,8.707077,7.779071,7.757775,7.749669,6.445376,6.83812,7.975376,6.956476,9.282968,10.389419,9.236377,8.145975,8.314363,8.859283,9.863741,9.684004,7.0217195,7.8025312,9.211795,8.219781,8.154536,8.525331,9.090431,9.586366,7.7325063,7.842462,8.360122,8.375721,7.3723154,7.6622286,7.285948,7.9803195,8.864522,9.538418,9.3072,8.040551,9.063601,8.662144,8.764921,8.872748,9.887346,9.606775,10.388992,10.16989,9.186415,9.366423,7.48586,7.852661,8.123866,8.0454035,8.299902,8.334776,8.96339,6.968348,8.563618,9.198796,10.026327,8.391621,9.212214,8.76889,8.176312,9.198647,9.761879,9.747706,7.862015,7.6525416,7.7026415,7.9257655,7.253956,7.603627,8.729717,8.046833
8,7.751453,7.818336,5.1424685,5.452566,3.5299358,4.3821864,3.4453588,5.3553295,0.0,2.3308249,3.0220428,4.250163,3.3867595,1.7973443,5.0374537,5.028577,8.472287,8.036665,6.971112,8.183263,3.2885203,4.0641155,5.734816,5.8983474,8.387308,8.495881,8.192767,9.238013,9.184131,9.000261,7.041364,7.6312995,7.865393,7.190483,8.297639,9.685947,7.6011276,6.910078,8.030087,7.679669,7.3761363,7.221909,7.2690926,6.94803,8.150152,8.525981,9.132431,7.7965627,6.508112,7.110954,6.4984884,6.5567074,8.234722,8.234215,6.8802733,7.309529,7.5205073,6.9354186,7.6072774,7.614973,7.877752,7.378045,8.549861,8.402653,8.639094,9.309931,8.586842,8.535968,7.5172763,7.261944,8.514879,8.9166765,6.353854,7.186964,7.204322,6.6186438,7.857924,8.200689,8.55862,8.461351,8.707625,8.678653,8.657193,8.361575,8.91084,8.919398,6.936492,8.160699,8.634441,9.10816,7.7953925,8.496515,8.869544,8.310025,8.596517,8.753768,8.8681345,8.634599,9.337172,9.35581,8.430066,8.57399,5.6751714,6.3242874,7.912216,7.9107566,6.7713685,7.2819204,7.271775,6.3239098,8.312724,7.898695,8.924107,6.6678996,7.855121,7.348849,7.525527,8.031147,8.335102,8.312475,6.5640903,6.5370264,6.3967566,6.4043155,7.4070463,5.94417,8.746285,8.035045
9,7.565513,7.5921826,4.576179,4.9663577,3.4007254,4.6833344,3.11271,5.1496577,2.3308249,0.0,3.7774062,4.342237,2.537951,1.8146751,5.1274085,5.0805426,8.189542,7.526603,6.6506653,7.93959,3.3815901,4.61129,5.71355,5.9345555,8.189423,8.260306,8.275696,9.290803,9.268242,9.1208515,6.583402,7.1726556,7.9262652,6.581931,8.063343,9.74711,7.848089,7.059047,8.062798,7.7520947,7.496914,7.68875,7.4089103,7.346542,8.241552,8.546212,9.204287,7.966903,5.9408474,6.6060266,6.121256,6.1287823,7.936222,7.9336605,6.6224046,7.0788693,7.6421046,6.985518,7.760025,7.7704396,7.4716187,7.4375153,8.255119,8.542469,8.539472,9.548705,8.615249,8.577744,7.7725406,7.4550557,8.820457,9.259918,6.0696626,6.8999705,7.0023766,6.225058,7.3498464,7.774859,8.11476,8.219465,8.187053,8.152944,8.155108,7.84642,8.374873,8.444924,6.383688,7.718381,8.248592,8.747485,7.3561754,7.9674644,8.522623,7.9289126,8.236074,8.428664,9.271084,8.842485,9.348238,9.556137,8.6250305,8.765669,6.1163697,6.599374,7.895507,7.898863,6.7906747,7.24678,7.3487053,6.4220815,8.383904,7.8878703,9.214159,6.920821,8.091051,7.56524,7.683909,8.24608,8.527736,8.503166,6.5868883,6.5435543,6.5583553,6.7227387,7.0138507,6.1251864,8.95758,8.16404
10,8.136529,8.104969,5.680635,4.087958,4.077304,5.074573,4.119896,3.9525003,3.0220428,3.7774062,0.0,5.0760055,4.404557,3.3032205,5.7005477,5.714029,7.7681684,7.1310487,7.281631,7.852439,4.5393243,4.9121547,6.247215,6.392672,7.538187,7.6831822,7.5276976,8.541136,8.494487,8.454263,6.312781,7.03108,6.6413646,7.6901884,7.2988276,8.69189,7.975563,6.3550835,8.444326,7.95709,7.0892153,7.2126403,6.901721,6.5016675,7.759977,8.227296,8.501686,7.280318,6.9527287,6.5334687,7.189296,7.2269807,8.389128,8.400348,7.000197,7.5450654,6.879999,6.253027,7.296137,7.295536,7.235033,6.6611285,8.665316,7.736022,8.525598,9.246869,8.20013,7.379777,7.2341237,7.2726755,8.486982,8.618074,6.0383883,6.870119,7.908898,7.185443,7.6543956,7.9419265,8.487131,8.517608,7.87897,7.9388185,8.3237505,8.171808,8.32705,8.390752,7.34864,8.438303,8.433939,8.857716,8.340577,7.7867184,8.514845,7.9753175,8.066594,8.201653,8.479696,8.635588,9.552137,9.047344,8.3844385,8.297885,5.7500186,6.2811003,7.237424,7.1865478,6.877946,7.2127085,7.518636,5.49327,7.668897,7.961978,8.783252,6.791204,7.8639164,7.4691887,7.207814,7.966162,8.410903,8.39728,6.73007,6.57607,6.450562,6.4857025,6.678236,6.114542,7.7156334,6.9639854
11,7.5258107,7.5011225,6.883768,6.7804728,5.3320827,2.4564168,5.2765827,7.1246266,4.250163,4.342237,5.0760055,0.0,5.481079,4.253039,3.9675357,4.008177,7.037648,6.121223,5.3324494,6.904022,4.8224287,5.371903,4.305072,4.5056634,7.7820077,7.7322297,7.6916966,8.812442,8.144982,7.964019,7.788621,8.454701,6.858719,6.094512,7.4742746,8.766476,6.60977,5.685924,6.1581073,6.7749715,6.370063,6.593255,6.220123,6.077986,7.4396024,6.913441,8.287685,6.6806574,5.025306,5.899774,5.142857,4.9942727,7.5681643,7.5652976,5.6115656,6.2331505,6.2796125,5.474952,6.9329023,6.9389443,7.1581025,6.4678035,8.083531,8.082146,7.165746,7.898479,6.459956,6.605821,5.969725,6.31769,7.08817,7.444877,4.888669,4.815043,6.026375,5.1279573,6.104841,6.3946004,6.64758,6.731169,7.6480184,7.0419374,7.0691895,6.546052,8.195932,8.25856,5.9822693,6.549273,7.8099895,8.376764,6.844508,7.493867,8.090398,7.4663815,7.736821,7.9351344,6.696756,6.512667,7.3397417,7.2570443,5.9272723,6.4338503,4.9557214,4.587137,5.8470736,5.853512,4.3102574,4.7985826,5.3769298,4.8476987,6.179952,6.1243997,7.335729,4.389464,6.058451,5.4950476,5.608025,6.5293136,6.4978776,6.484474,4.8212013,5.1073194,4.089261,4.1336255,5.158981,3.4182968,7.1671767,6.5496907
12,7.2460427,7.270099,3.829973,4.134419,3.170688,5.0703125,2.7932036,4.928762,3.3867595,2.537951,4.404557,5.481079,0.0,1.790614,5.167266,5.061763,7.751644,7.274057,6.1611123,7.4861107,4.5454545,5.1622863,5.6832147,5.899827,8.541055,8.645218,8.845641,9.808292,9.752164,9.65602,6.7904153,7.426679,8.538076,6.473303,8.17343,10.250403,8.528494,7.706033,8.663907,8.321081,8.108795,7.9506187,7.9243064,7.665074,8.789834,9.139354,9.782424,8.667319,6.2113132,6.812568,6.5812216,6.554436,8.15542,8.165365,6.90969,7.3426113,8.274472,7.716811,8.486446,8.490341,7.6971016,8.084924,8.394663,9.218278,8.642723,10.003032,9.214998,9.089951,8.406324,7.9872985,9.198275,9.527618,6.5651903,7.3055334,7.2725687,6.7201242,7.5062094,7.9349403,8.276604,8.537762,7.942846,7.923998,7.935847,7.6235843,8.169266,8.195886,6.0577927,7.433538,7.8992395,8.436005,7.030558,7.698521,8.250299,7.603954,7.877463,8.052028,9.506179,8.840686,9.441208,10.032127,9.037581,8.742491,6.3926206,6.7560396,8.121835,8.0773115,7.0968237,7.5034037,7.6540313,7.138567,8.869223,8.168772,9.560906,7.4818077,8.544241,8.113577,8.176106,8.733254,9.0600815,9.029414,7.2384872,7.2099595,7.198255,7.505497,7.251584,6.957395,9.377901,8.608888
13,7.1275263,7.102288,4.147666,4.455453,2.8148465,3.997264,2.2726834,4.774806,1.7973443,1.8146751,3.3032205,4.253039,1.790614,0.0,4.5055065,4.4543166,7.6088696,7.127354,5.9868674,7.329894,3.5860522,4.208813,5.048544,5.2894053,8.065372,8.1641035,8.148355,9.200411,9.133028,8.953726,6.6731415,7.297269,7.9025064,6.482239,7.9579535,9.68418,7.769162,6.997611,7.9209337,7.6467986,7.4773035,7.383377,7.2077427,6.828755,8.303202,8.431222,9.111983,7.9313874,5.936353,6.62937,6.1654363,6.1293764,8.001383,8.005893,6.5519457,7.1010094,7.6540785,6.9725437,7.838699,7.84458,7.47423,7.398867,8.242205,8.459079,8.327195,9.387835,8.483372,8.367788,7.4862022,7.4109063,8.575687,8.794612,5.890118,6.664309,6.933101,6.2095633,7.2415876,7.640961,7.985573,8.1572485,7.8864684,7.837431,7.8146043,7.382512,8.186357,8.208737,6.011632,7.331244,7.958526,8.537064,7.1311064,7.7213902,8.305059,7.6808505,7.9818068,8.153717,8.815869,8.343579,9.0266075,9.327505,8.226121,8.332755,5.676156,6.14812,7.5690455,7.5379415,6.4827466,6.87408,7.16532,6.276884,8.169723,7.709979,8.985079,6.7412243,7.899113,7.434456,7.4346004,8.1068325,8.4530945,8.425688,6.4905343,6.478001,6.351623,6.537236,6.8662543,5.992339,8.727082,8.005148
14,6.399644,6.3948717,6.4188976,6.5029783,5.36556,3.9965851,5.229213,6.8077493,5.0374537,5.1274085,5.7005477,3.9675357,5.167266,4.5055065,0.0,0.22293696,6.931616,6.2833705,5.3597674,5.6041865,5.9376597,6.0719514,4.8536634,5.057247,7.4696827,7.9447484,7.611856,8.5169935,7.9593883,8.907912,8.095863,8.823728,6.4918737,4.6067376,6.835948,8.455811,6.4013877,5.5044045,6.077168,6.401048,6.090964,5.9078135,5.7234488,4.5251045,7.213443,6.6527476,8.178373,6.722125,4.4058123,5.3769827,4.601945,4.515131,7.020472,7.0274053,5.061526,5.8237185,6.1433554,5.4585724,6.521807,6.5398965,6.3826404,5.990661,6.996938,6.942281,6.946049,8.16479,6.952736,6.6290674,5.185355,5.5446444,7.398822,7.327581,5.483377,5.9342837,6.1006494,5.001596,5.833526,6.141261,6.1043043,6.051203,6.791379,6.0921073,6.2936196,5.642675,7.0402193,6.999753,4.3368316,5.011783,6.8815913,7.0865464,5.9147635,6.7722635,7.4834466,6.706553,6.713626,6.9022164,6.702364,6.1289425,6.2849126,6.647568,5.522848,6.034391,4.0136623,4.902964,5.9124603,5.8638086,4.603106,4.8771563,6.338931,6.134788,6.764001,6.4843416,8.34943,5.9682345,6.0437517,5.836661,6.2585993,6.941847,7.5086293,7.3998194,4.993939,5.132612,3.7560406,4.0631266,4.6657934,3.6979964,5.9323015,6.9794817
15,6.359078,6.377125,6.3647394,6.466606,5.3622828,4.0278907,5.223791,6.7740808,5.028577,5.0805426,5.714029,4.008177,5.061763,4.4543166,0.22293696,0.0,6.909976,6.2875986,5.334654,5.609272,5.944154,6.107307,4.8614764,5.07116,7.5083055,7.972481,7.659534,8.566887,8.028809,8.949652,8.102498,8.802133,6.521516,4.549478,6.795103,8.510159,6.4671288,5.543982,6.124054,6.457311,6.094171,5.8818026,5.771303,4.6135116,7.2082467,6.701096,8.244409,6.7726116,4.3838687,5.3307304,4.558112,4.4935765,6.9578314,6.965032,5.0318336,5.757927,6.1539946,5.4844437,6.5092964,6.5277696,6.3725677,6.0436907,6.9495606,6.9938025,6.931743,8.188919,7.025903,6.679106,5.2996144,5.554773,7.4155035,7.4029922,5.515443,5.9625216,6.0528564,5.0047655,5.819996,6.1298313,6.1012836,6.0310526,6.79619,6.0782022,6.275356,5.6690235,7.005451,6.968451,4.2786236,4.977019,6.835131,7.029379,5.84402,6.7395062,7.419477,6.6345873,6.6607275,6.8505993,6.719233,6.127349,6.284522,6.6774545,5.6072855,5.989144,3.9916506,4.860207,5.9197345,5.872746,4.5764513,4.889765,6.3067436,6.1514955,6.8014674,6.4740863,8.334293,5.9521303,6.0432053,5.837479,6.245708,6.897839,7.4996066,7.3908305,5.00963,5.1498485,3.804122,4.1305165,4.6302695,3.738474,5.9752145,6.977561
16,7.298922,6.9329815,8.050125,6.9769173,7.9935994,6.4395905,7.6297073,7.8448052,8.472287,8.189542,7.7681684,7.037648,7.751644,7.6088696,6.931616,6.909976,0.0,3.7414281,4.1304903,5.1902,7.509711,7.0772147,4.8830843,4.684561,7.129921,5.67781,6.7644877,7.119703,7.9238124,6.1144915,7.3761544,6.6875296,7.2821937,7.062707,6.537243,8.093293,8.258315,7.1542826,7.5280643,8.15537,7.685668,7.8383336,6.671379,6.650133,8.463727,7.9692826,9.185673,8.219309,7.064426,6.7522674,7.2710276,6.968725,8.249763,8.2803335,6.403157,7.328777,7.849172,6.7468414,8.50494,8.505639,7.144106,7.2101192,8.546203,8.731945,6.778463,7.994481,7.1717396,6.5924993,7.482677,8.588245,6.8209634,6.8450346,5.5967903,5.33278,8.278837,6.8797674,5.6482143,5.655776,5.966517,7.0028467,5.2885547,5.1027246,5.5779266,5.035582,5.4849353,5.3116336,5.4558773,6.2813935,5.2234235,6.5968847,5.9707565,4.1831207,6.0610423,5.3763127,5.9556546,6.1980104,7.008731,6.7202673,7.7246246,8.356055,6.6165633,6.849192,7.045257,6.430381,5.0929737,4.994146,6.3658414,5.758189,7.240949,6.057095,5.9985,6.71684,7.380472,6.7800665,6.946917,7.1452765,5.893862,7.215698,7.6585417,7.6322327,5.806822,5.759535,6.651499,7.018122,6.2233863,7.0945406,7.7860584,6.265739
17,6.6830845,6.274628,7.5433793,6.0276866,7.0229316,5.6656713,7.138872,7.3270974,8.036665,7.526603,7.1310487,6.121223,7.274057,7.127354,6.2833705,6.2875986,3.7414281,0.0,3.4923503,4.677909,7.1802235,6.7613454,4.3873806,4.1775737,5.8033466,6.019586,7.1578956,7.501681,6.888298,6.810084,6.0706077,7.552518,5.939896,5.749768,5.6312866,6.8552732,7.1285577,5.8560867,6.742793,7.001901,6.898941,7.3017197,5.8093786,5.964664,7.3216877,6.763654,8.099708,6.9996843,5.625568,5.2246065,6.369064,5.9852557,7.407212,7.4442425,5.3398876,6.456263,6.6208124,5.6142573,7.7242618,7.7109075,5.7319865,5.8263083,7.7793627,8.15226,6.6984034,7.4272957,6.738107,6.154787,7.1463857,8.082573,6.930715,6.3333745,5.7980056,5.4127827,8.340433,7.0402665,5.788165,6.0917144,6.447951,7.4104414,5.3665366,4.9137273,5.803061,5.271483,6.278747,5.6766963,5.898196,5.723315,5.849984,6.9627075,6.294088,4.766755,6.5954585,5.8986993,5.836704,6.1029034,6.2942615,5.8773484,7.0326796,7.568919,5.7509723,6.0961876,6.544764,5.756602,3.9730341,3.819042,5.4998217,4.62502,5.982803,4.9599185,4.842653,5.6523314,6.544914,5.77404,6.028625,6.231531,5.628586,7.0165796,6.693607,6.676272,6.441262,6.498394,5.7117343,6.13971,5.118566,6.167583,6.980831,5.3724723
18,5.952034,5.4115596,6.378834,6.462191,6.298813,4.3397336,5.974798,7.5093317,6.971112,6.6506653,7.281631,5.3324494,6.1611123,5.9868674,5.3597674,5.334654,4.1304903,3.4923503,0.0,4.391894,5.9166083,5.378656,2.2505887,1.8128308,6.8761425,6.946505,7.744976,8.242219,7.5427346,6.9076853,6.5045066,7.4702783,7.4098244,5.2650466,6.673668,7.9178553,6.7324224,6.465125,5.7085905,6.442499,7.190692,7.112303,5.719191,5.8868327,7.972795,7.0358715,8.848643,7.755782,5.3654,6.2112474,5.569989,5.147574,7.3137774,7.3389325,4.9965763,6.2467012,7.6342487,6.3748846,8.123561,8.1256895,6.635857,6.695544,7.709025,8.610322,6.768032,7.4927363,7.159597,7.093262,7.0990644,8.361179,6.8865433,6.158742,5.728366,5.403996,7.7351584,6.1321816,5.5530567,5.965915,6.1309834,7.2823734,6.0828156,5.86148,5.89601,4.974842,6.4725404,6.0472636,4.785375,4.902408,5.595943,7.0966134,5.6122046,5.2463336,6.850129,6.3005643,6.7322826,6.9799657,6.737629,5.8591995,6.783896,8.060389,5.5709476,6.5366745,6.407756,5.691353,4.766246,4.7014756,5.3833027,4.599034,6.139904,5.702069,5.4314322,5.6295323,6.766213,5.757757,6.2629905,6.1868052,5.4165506,6.955549,6.712211,6.6780753,6.0272417,6.1417675,5.6839943,6.0933185,6.047873,6.1425185,8.161619,6.5660253
19,7.516024,7.125139,7.841829,7.04996,7.626973,6.342107,7.3378797,8.11109,8.183263,7.93959,7.852439,6.904022,7.4861107,7.329894,5.6041865,5.609272,5.1902,4.677909,4.391894,0.0,7.43823,7.0253453,5.109413,4.927866,7.565078,7.6083665,8.554507,8.96704,7.146199,7.9691534,7.2253833,8.0343485,7.071687,5.5242953,6.257561,7.4278884,6.861525,5.829327,5.9171467,6.5995984,6.3099136,6.3986955,4.8383074,4.647672,7.491662,7.477015,8.161594,6.9983654,5.6036625,5.985149,5.7976575,5.2837977,7.869238,7.891604,5.588203,6.7655635,7.124831,5.9635453,7.760673,7.7702265,6.4695354,6.3434606,7.989561,8.62331,5.6123996,6.567375,6.1535935,5.9105864,5.2640247,6.828028,6.5459614,4.545181,6.4998198,6.194133,8.394974,6.639073,5.052508,5.2366815,5.2408123,6.698892,5.3922014,5.449762,4.175877,3.9643013,5.791988,5.429529,4.609002,4.7112627,5.0946794,5.9807434,5.782747,4.6453857,6.6879845,6.1329355,6.2168465,6.4127555,6.7543507,5.6469016,5.5051346,7.33639,5.2296786,6.4043303,6.226634,5.8900785,4.9842715,4.8455,5.307056,4.433806,6.828001,6.713356,5.883371,5.8135934,7.829726,6.608735,6.3424582,6.6646013,5.8638287,7.644892,7.126488,7.018193,5.6850634,5.612723,5.7402554,6.1141677,6.0144424,6.389861,6.675796,6.0167284
20,7.650441,7.515324,5.5591393,5.713518,4.5507197,4.995818,4.2181587,6.390963,3.2885203,3.3815901,4.5393243,4.8224287,4.5454545,3.5860522,5.9376597,5.944154,7.509711,7.1802235,5.9166083,7.43823,0.0,1.9911935,4.8797603,4.634148,8.004666,8.047184,8.189704,8.720824,8.019678,7.4555135,5.301802,6.275491,7.598646,6.9193926,7.597964,8.442735,6.7995152,6.555425,7.1869397,7.1346292,6.8988,7.0212245,6.3149776,6.707369,7.8318515,8.401699,8.870202,7.5217414,6.402166,7.1192303,6.1872344,5.9266768,7.923584,7.930401,6.0344057,6.711896,7.347081,6.409433,7.7594748,7.777148,7.5986986,6.9498854,8.402532,8.6969385,8.122277,8.302153,8.274607,8.273151,7.567689,7.832156,7.5650806,7.758422,6.361077,7.101266,7.683229,6.4714847,7.1779304,7.5754375,7.8956685,8.171513,8.172604,8.507035,8.478951,7.9897413,8.217356,7.966203,6.6613708,7.869899,7.3457193,8.211152,6.863433,7.2027235,8.101989,7.571064,8.021358,8.224337,8.482711,8.287131,8.883515,9.387891,8.002386,8.590895,6.2287498,6.6302047,6.990091,7.0345907,6.8697004,6.9682946,7.2066746,5.9156013,7.2117863,6.9526324,7.85774,6.4509706,7.283563,6.9271665,6.694068,7.4860353,7.5002227,7.4693546,6.2980504,6.1482253,6.5299306,6.5599623,7.7742352,6.6175976,8.949765,7.328763
21,7.294542,6.8721514,5.7511163,5.773814,4.5299015,4.9274573,4.328465,6.550434,4.0641155,4.61129,4.9121547,5.371903,5.1622863,4.208813,6.0719514,6.107307,7.0772147,6.7613454,5.378656,7.0253453,1.9911935,0.0,4.2203956,3.9451842,7.6079507,7.746478,7.918459,8.357049,7.6793923,7.0691943,4.9999623,6.370542,7.5718026,6.9407287,7.7665777,8.185085,6.767875,6.753252,6.994346,6.822847,7.439306,7.3682275,6.0593843,6.163379,8.238465,8.150415,9.097378,7.833612,6.6424227,7.3929,6.5033526,6.2058787,8.421326,8.436551,6.2480197,7.2863,7.6996417,6.496486,8.229462,8.239996,7.7888117,6.9580183,8.796644,8.652638,8.527121,8.413731,8.430513,8.469783,7.4710174,8.448211,7.7243648,7.301991,6.456666,7.191251,8.3476095,6.9719996,7.567355,7.982057,8.266357,8.825724,7.88609,8.218523,8.25748,7.6592717,8.388784,7.8317146,6.721971,7.902344,7.3629966,8.53058,7.1526513,7.1981306,8.378293,7.8553877,8.244414,8.431952,8.5211,8.309146,9.035844,9.546382,7.5231285,8.789847,6.543235,6.9858527,6.8695025,6.879679,7.236364,6.828798,7.4137497,5.8988066,7.1000214,7.2223344,7.74593,6.8520956,7.3388314,7.2381806,6.7581735,7.864908,7.816567,7.783457,6.692031,6.5541763,6.731344,6.763323,8.056153,6.9035387,9.095306,7.4483685
22,5.685028,5.1461945,6.314072,6.5684285,5.59263,3.4479926,5.151941,6.993567,5.734816,5.71355,6.247215,4.305072,5.6832147,5.048544,4.8536634,4.8614764,4.8830843,4.3873806,2.2505887,5.109413,4.8797603,4.2203956,0.0,1.5256432,6.7406173,6.546414,7.2154455,8.012505,7.401059,6.3335195,6.2271,7.0068955,6.861681,5.089672,6.7760468,7.7561545,6.535374,6.256338,5.219379,5.8327208,6.8528676,6.8363857,5.4317317,5.126708,7.7619147,6.3153195,8.302564,7.1030717,4.844498,5.8943706,4.876936,4.505709,7.3203425,7.337782,5.0060973,6.2424765,7.057954,5.6565495,7.480315,7.4842997,6.7317615,6.4001727,7.69019,7.99082,7.1956096,7.4100604,7.317911,7.2781944,6.871774,8.172069,6.80167,6.122471,5.23869,5.149094,7.322028,5.686197,6.1536565,6.5075006,6.726271,7.574074,6.230683,6.005088,6.0445433,5.0245695,6.993725,6.391907,4.7356806,5.534067,6.0795946,7.496604,5.9024625,5.8700023,6.947214,6.527741,7.0988092,7.343746,6.696227,6.104658,7.0352383,7.535334,5.6690154,6.835332,5.686879,5.2178264,4.9175034,4.897116,5.0828977,4.0647445,5.75223,4.5203795,5.474374,5.743854,6.5170574,5.5720563,6.0812526,6.1512203,5.195053,6.7502685,6.669452,6.632059,5.837033,5.962249,5.5744653,5.8389974,5.972238,5.45841,8.236929,6.5239744
23,5.9848857,5.4647527,6.117161,6.3587523,5.7719235,3.608619,5.424677,7.1414127,5.8983474,5.9345555,6.392672,4.5056634,5.899827,5.2894053,5.057247,5.07116,4.684561,4.1775737,1.8128308,4.927866,4.634148,3.9451842,1.5256432,0.0,6.563129,6.647622,7.263775,7.7748723,7.1402397,6.4485703,6.1203575,7.1834064,6.924577,5.4430346,6.5718565,7.5400786,5.8859153,5.92397,5.3397565,5.9161305,6.66962,6.610295,5.0875006,5.2585106,7.5304575,6.6491275,8.419947,7.22555,5.2558393,6.1862783,5.222868,4.821329,7.1396766,7.158574,4.728177,6.039436,7.1558504,5.775848,7.570094,7.57454,6.530813,6.1034245,7.547268,8.082519,6.9743924,7.231666,7.0909524,7.0208497,6.602652,7.992742,6.5726204,5.8992386,5.638833,5.5340858,7.59532,6.0755916,5.9302254,6.3144364,6.5264792,7.4433947,6.567452,6.320772,6.3834014,5.4673676,6.867263,6.236178,5.0082445,5.3315544,6.0171514,7.419527,5.7746477,5.7197113,7.1763353,6.486788,6.959233,7.198819,6.484631,5.8927093,6.8618155,7.8367486,5.2969236,6.601117,5.9100294,5.460085,4.6093464,4.582725,5.2421293,4.490171,5.8980503,4.9734616,5.1730456,5.534043,6.2500567,5.236619,5.8313413,5.891122,4.885036,6.508464,6.4241242,6.388057,5.538792,5.6555576,5.229365,5.4839935,6.194747,5.6499257,7.93397,6.185206
24,4.907148,4.700346,7.376896,7.634169,8.07698,7.5013695,8.227662,6.506885,8.387308,8.189423,7.538187,7.7820077,8.541055,8.065372,7.4696827,7.5083055,7.129921,5.8033466,6.8761425,7.565078,8.004666,7.6079507,6.7406173,6.563129,0.0,4.5453124,4.4745283,4.13096,8.225708,8.601638,7.2321625,8.614573,6.1153593,7.175232,6.797682,7.8700004,6.619669,6.728457,8.232414,7.03133,7.668359,8.170085,6.7810597,6.3871875,7.046118,6.786599,8.170033,7.7588778,7.253392,6.7658167,7.566316,7.783996,6.992506,7.0016823,6.867898,7.769553,7.929668,7.084648,6.6908894,6.6701593,4.879491,4.873392,6.438315,4.344206,8.70615,8.631292,8.820771,8.164732,8.126534,8.932407,8.694928,8.357954,7.873513,8.449142,10.212357,9.50265,8.898993,9.221319,9.467197,9.387849,8.524166,7.8232913,8.444045,8.309222,7.7593665,6.5850897,7.8405037,7.1525497,9.034041,9.677876,8.774477,8.281845,9.237293,8.259418,8.24016,8.445172,8.135861,7.623403,8.54878,8.620984,6.821718,8.124283,7.137263,7.7778234,6.5263085,6.4945593,7.619638,7.0351434,7.54262,6.2273,7.357643,7.827119,7.8752403,7.445835,6.6404037,7.3528776,7.1608663,7.464414,8.415651,8.40371,8.012152,8.015344,6.4894867,6.6778526,7.408291,6.828801,7.5994062,6.910666
25,6.6873937,6.563515,7.8023715,8.019542,8.190951,7.360697,8.400634,6.8474674,8.495881,8.260306,7.6831822,7.7322297,8.645218,8.1641035,7.9447484,7.972481,5.67781,6.019586,6.946505,7.6083665,8.047184,7.746478,6.546414,6.647622,4.5453124,0.0,3.072807,4.103184,8.451761,7.074408,7.715126,6.915104,6.4426827,7.1643405,7.0477805,8.038769,7.0599265,6.8411717,7.977266,6.7869344,7.7751737,8.257862,6.9441857,6.827043,7.1862297,6.380087,8.071416,7.5656624,6.909926,6.49065,7.2507076,7.5387897,7.1273003,7.1322923,6.9516783,7.8176746,7.9918437,7.144252,6.8999987,6.8677583,5.4252214,5.5719104,7.0372624,6.366613,8.074603,8.493464,8.029087,8.085574,8.050834,8.611223,7.8983793,8.268297,7.0439644,7.178576,9.286823,8.3290205,8.173895,8.162872,8.540064,9.006629,6.84974,6.300602,6.9745226,6.8992085,6.2732325,5.40741,6.6065817,7.0105276,7.928962,8.762792,7.8675394,7.256795,7.8484564,7.099818,7.310856,7.5526776,8.390948,7.9117174,8.723536,8.444054,7.677003,8.333865,7.641067,7.5545945,6.853947,6.8019934,7.5293837,6.845603,7.465536,6.110879,7.43816,8.01431,8.053298,7.504704,7.504027,8.065752,7.440658,8.3763,8.528865,8.516131,6.6215725,6.6525273,7.360648,7.5110173,7.228688,7.2343407,8.424782,7.105329
26,6.39817,6.298877,7.8866854,8.308668,8.027957,7.36605,8.434537,6.770899,8.192767,8.275696,7.5276976,7.6916966,8.845641,8.148355,7.611856,7.659534,6.7644877,7.1578956,7.744976,8.554507,8.189704,7.918459,7.2154455,7.263775,4.4745283,3.072807,0.0,2.3381062,8.742095,7.4987493,8.235408,7.38589,6.8210335,7.9257035,7.9663305,8.569022,7.530955,7.136917,8.212074,7.098263,8.393594,8.58406,7.4557514,7.043333,7.7143893,6.85795,8.991349,8.326407,7.925245,7.529079,8.087708,8.523634,7.8458977,7.8485317,7.5754538,8.405627,8.469181,7.666053,7.116877,7.0968184,6.306913,5.9868727,7.654533,5.0768976,8.439605,8.964386,7.858297,7.940332,7.8623347,8.5629635,8.276659,8.779259,6.519804,7.2104316,9.36899,8.221053,8.313922,8.411561,8.668393,8.65383,7.684749,7.398621,8.08044,8.16018,7.086077,7.0812635,7.582501,7.949049,8.793674,9.586976,8.92722,8.232087,8.788621,8.4236765,8.544129,8.736909,8.901571,8.597634,9.466019,8.973033,7.495286,8.762144,7.515205,8.010354,7.704603,7.680434,8.136856,7.781791,8.146339,6.954859,7.912921,8.60356,8.985557,7.947155,7.662884,7.5728245,7.962563,8.350368,8.776793,8.777489,6.832016,6.733732,6.857301,6.903101,7.620022,6.727937,8.036228,7.8235607
27,6.4546275,6.381606,8.72587,8.973789,9.114352,8.623257,9.408333,7.850062,9.238013,9.290803,8.541136,8.812442,9.808292,9.200411,8.5169935,8.566887,7.119703,7.501681,8.242219,8.96704,8.720824,8.357049,8.012505,7.7748723,4.13096,4.103184,2.3381062,0.0,8.873133,7.92276,8.368503,8.040795,7.31658,8.717525,8.246944,8.696474,7.817509,7.7865324,9.090577,8.077353,8.793052,9.071826,7.971125,7.6463923,8.124554,8.011699,9.4520035,8.913428,8.900321,8.431703,9.014056,9.297737,8.337345,8.345839,8.13707,8.884854,8.966737,8.266265,7.7632103,7.7509027,6.7760663,6.369546,7.959612,5.2147546,8.899031,9.125551,8.668254,8.56837,8.607117,9.275237,8.55073,9.04277,7.6324735,8.480476,10.380107,9.413998,9.051425,9.190036,9.351988,9.062316,8.708775,8.476161,9.159205,9.165503,7.725345,7.365401,8.5660715,8.629334,9.174711,9.894372,9.241674,8.586797,9.324397,8.738105,8.8250675,9.014236,9.161438,8.906426,9.769377,9.648373,7.811803,9.2086315,8.075322,8.871976,7.972865,7.9698443,8.937347,8.59134,8.8201275,7.726901,8.322426,8.876424,9.070339,8.568738,7.6735754,7.852724,8.350491,8.304635,9.123289,9.121331,7.769756,7.6178837,7.3686285,7.4129705,8.665602,7.6887918,8.276996,8.09222
28,9.359131,9.1199875,9.739868,8.575968,8.834967,8.090967,9.212723,9.265653,9.184131,9.268242,8.494487,8.144982,9.752164,9.133028,7.9593883,8.028809,7.9238124,6.888298,7.5427346,7.146199,8.019678,7.6793923,7.401059,7.1402397,8.225708,8.451761,8.742095,8.873133,0.0,5.7377777,7.081197,8.272171,6.1378794,7.540636,6.524384,5.0526648,7.002815,5.754023,6.463079,6.617958,6.7902365,7.0233808,5.581476,6.188649,7.1073823,7.033775,8.08312,6.8200192,7.4604726,7.106172,7.531536,7.26617,8.26282,8.292474,6.0964127,7.079962,6.742992,5.9609885,7.7251234,7.728475,7.093229,6.028948,8.7799015,8.634103,7.5273695,7.064816,7.3736887,6.7446384,7.6219625,8.468619,6.0967665,6.1583433,7.986613,7.941109,7.602042,7.8727627,7.092134,7.251491,7.4112782,8.135979,6.8037834,7.565349,8.4429865,8.027958,7.1995487,7.2126613,7.8055353,7.7924747,6.744579,7.4450912,8.276192,6.3994923,7.5232,7.8151813,7.532692,6.949994,7.3054934,7.6325235,7.914307,7.753047,7.5431514,7.924331,7.8323245,7.610586,6.029734,6.0090995,7.689454,7.0502195,8.369746,7.0597076,5.5576634,6.774296,7.135262,7.8338065,7.4138193,7.0623574,7.209935,8.524819,7.3002224,7.2066965,7.5604753,7.3085985,7.186465,7.230186,7.3370404,7.747001,7.2465663,6.4018283
29,8.930374,8.698387,9.881778,9.035148,8.934603,7.850743,8.937861,9.232234,9.000261,9.1208515,8.454263,7.964019,9.65602,8.953726,8.907912,8.949652,6.1144915,6.810084,6.9076853,7.9691534,7.4555135,7.0691943,6.3335195,6.4485703,8.601638,7.074408,7.4987493,7.92276,5.7377777,0.0,6.5564785,5.403482,7.42971,8.548103,7.6825514,6.400848,8.687868,7.440707,6.781015,7.4547224,7.9178333,8.1606655,7.0730047,7.550116,8.39908,7.7756133,8.669904,7.6339016,8.3374405,8.137067,8.268141,8.007997,9.073703,9.102654,7.1745896,7.9146914,7.912593,7.008119,8.581749,8.587097,8.427223,7.66772,9.774877,9.249303,7.3141255,6.8553276,7.2796764,7.226541,9.067365,9.860812,5.617701,6.1750083,6.300316,6.1895247,8.322985,6.8451495,6.837134,6.8193893,7.1750097,7.8542914,6.347893,7.923998,8.529412,7.9297915,6.923116,7.620956,7.9885783,8.949725,5.9733543,7.553628,8.175062,5.7700505,6.279122,7.583141,8.080575,7.9836946,7.812343,8.202677,9.137291,8.571993,8.593616,8.808831,8.199734,7.474732,6.5573235,6.604881,7.955343,7.269272,8.252611,6.2943625,5.529747,6.7245874,7.2508607,7.9122405,7.9863214,7.1260395,7.202139,8.279579,6.9227567,6.925056,7.5373836,7.2088933,8.351813,8.38254,8.273314,8.299136,9.383268,7.141739
30,7.7482343,7.4169292,6.968717,5.461708,5.899044,7.4713025,6.484862,6.6555414,7.041364,6.583402,6.312781,7.788621,6.7904153,6.6731415,8.095863,8.102498,7.3761544,6.0706077,6.5045066,7.2253833,5.301802,4.9999623,6.2271,6.1203575,7.2321625,7.715126,8.235408,8.368503,7.081197,6.5564785,0.0,4.7494006,7.0053043,7.216075,7.0332856,6.56333,8.090932,6.8525753,7.675947,7.1051197,7.79432,8.019682,6.643424,7.3053856,7.808323,8.418701,8.882199,7.6991863,7.3442326,7.0365515,7.7043605,7.472556,8.493361,8.531726,6.6381516,7.5146456,7.6417966,6.8116755,8.464262,8.463749,7.180352,6.9229536,9.058667,8.966655,8.09709,7.9061794,8.343277,8.201904,9.029244,9.322983,7.8254275,7.206265,6.902772,7.603691,9.7465,7.7461824,7.430539,7.911415,8.355738,9.052944,6.8138194,8.215431,8.647949,8.545796,7.668959,7.6376038,8.022172,8.851265,6.5446663,7.8329477,8.008092,6.1384873,7.398562,7.9071255,7.910313,8.144681,9.19384,8.968565,9.706749,10.004486,8.924321,9.379815,7.7993765,7.8179145,7.098597,7.0907187,8.294855,7.7144027,7.977009,6.460793,6.7418513,7.0062037,8.254834,8.017796,8.034123,7.3996725,7.95487,8.801536,7.5646296,7.557906,8.436401,8.060015,8.174868,8.35568,8.357363,8.361722,9.387736,7.259428
31,8.7532215,8.522679,7.5311804,6.7788153,7.0593624,8.055545,7.2131906,6.7932224,7.6312995,7.1726556,7.03108,8.454701,7.426679,7.297269,8.823728,8.802133,6.6875296,7.552518,7.4702783,8.0343485,6.275491,6.370542,7.0068955,7.1834064,8.614573,6.915104,7.38589,8.040795,8.272171,5.403482,4.7494006,0.0,8.13266,8.294498,7.892732,7.9065804,9.426745,7.9046984,8.070144,7.849702,8.584205,8.686348,7.57701,8.214748,8.733802,8.915219,9.786263,8.73419,8.371727,7.972642,8.337027,8.37005,9.0477705,9.072655,7.602199,8.313329,8.829901,7.8678346,8.8741045,8.882364,8.181982,8.1568365,9.693021,9.397904,7.893602,8.513932,8.159354,8.179014,9.3267,9.639129,7.7724977,8.010386,6.107722,6.781184,9.255736,6.8030186,6.8271484,7.002931,7.528915,8.47934,5.9899855,7.9543023,8.088686,8.238172,6.3155417,7.4287314,7.5265565,9.261838,6.0314674,7.573782,8.226367,5.7118053,6.5796237,7.771873,8.27342,8.461829,10.117018,9.93621,10.509337,10.496584,9.944079,10.1412525,8.544666,8.321432,8.210791,8.2205,8.928726,8.554926,9.079196,7.3854866,7.696838,8.156038,9.476135,8.931232,9.29097,8.327785,8.451557,9.449939,8.469466,8.466175,7.676947,7.132754,9.089522,9.247045,8.734474,8.963445,10.183049,8.15873
32,7.7566032,7.878696,9.008684,7.679982,8.132203,7.1321974,8.770177,7.392475,7.865393,7.9262652,6.6413646,6.858719,8.538076,7.9025064,6.4918737,6.521516,7.2821937,5.939896,7.4098244,7.071687,7.598646,7.5718026,6.861681,6.924577,6.1153593,6.4426827,6.8210335,7.31658,6.1378794,7.42971,7.0053043,8.13266,0.0,5.644509,3.2172468,4.392937,5.9317765,3.439121,6.2281547,5.7693653,4.583283,4.8403273,4.3218365,4.3919005,4.2312098,4.458093,7.0046773,4.860483,5.4750104,3.4513817,5.3242536,5.69348,5.6536627,5.687455,4.3157363,4.9073534,3.3369284,2.5590749,3.945637,3.9390883,4.3961515,3.1667051,6.27923,6.0137815,7.4274526,7.0323052,7.635772,5.9869294,6.928056,6.5695662,6.766577,7.137394,7.5475693,7.606764,8.494564,7.679096,7.341091,7.412507,7.879232,7.814903,6.6900396,5.8811026,7.4543014,7.790294,6.777218,5.8185916,6.8823037,6.886569,6.8389173,6.9088187,7.3682055,6.294092,6.744023,6.210541,5.9019403,6.107762,5.5003905,6.260208,6.7853217,5.191002,6.5878386,5.379258,5.4160156,5.409432,4.1117544,4.1150937,5.621234,5.140152,6.0464525,4.152132,4.705009,6.020643,5.937176,5.784968,5.046275,5.8242245,5.205947,6.1093874,6.28217,6.162958,6.3522754,6.3063993,5.446172,5.5172715,4.3876915,5.490223,4.695152,3.6726992
