,0,1,2,3,4,5,6,7,8,9,10,11,12,13,14,15,16,17,18,19,20,21,22,23,24,25,26,27,28,29,30,31,32,33,34,35,36,37,38,39,40,41,42,43,44,45,46,47,48,49,50,51,52,53,54,55,56,57,58,59,60,61,62,63,64,65,66,67,68,69,70,71,72,73,74,75,76,77,78,79,80,81,82,83,84,85,86,87,88,89,90,91,92,93,94,95,96,97,98,99,100,101,102,103,104,105,106,107,108,109,110,111,112,113,114,115,116,117,118,119,120,121,122,123,124,125,126,127
0,0.0,2.8445024,3.059805,0.59802985,3.736109,4.276871,4.9426837,4.732199,5.7474003,6.8298407,8.198538,7.9785824,6.1048856,5.6527123,6.956661,6.775419,6.5276375,5.786829,6.1185956,4.987274,5.8547344,4.3130603,4.779289,5.963381,4.639385,4.6017795,7.198507,5.1178966,5.7696157,6.122465,5.2406645,6.2990513,6.8456097,7.3997664,5.8062844,6.470347,6.5157356,6.230397,5.2266064,5.2291846,6.487271,6.3758636,6.9601693,6.772589,5.265117,8.054362,6.0070357,5.968435,5.9656024,6.2699003,6.142809,4.6739683,5.188419,7.002733,4.42893,5.4963846,6.405291,5.6223364,6.892431,5.77001,5.239292,5.464421,5.14512,4.974388,7.081245,6.2999,3.7231896,6.143656,6.808034,7.4488435,6.9195747,7.2537446,5.009561,5.3750105,6.0631914,6.562482,5.089981,5.4273887,4.5838923,5.674622,5.928548,5.4305286,5.99243,6.0252166,6.644999,6.4243174,6.266762,6.41893,6.5435324,7.638221,7.271754,6.6033907,5.8204875,6.5977206,7.3937945,6.808389,3.849365,4.285836,4.261571,4.282466,4.1577,5.209403,3.9335494,4.0160127,5.1455636,4.2436857,6.374774,4.657694,4.9500856,5.4164677,4.721973,4.567182,4.9801693,5.046419,5.4125476,4.9811797,4.89783,4.8256006,4.3551283,6.657106,6.028836,6.314857,5.595496,7.448103,6.8161144,6.232816,6.425449,6.079465
1,2.8445024,0.0,2.097132,2.551521,4.172836,4.199158,3.7074738,3.7212095,5.618204,5.923367,7.6217737,7.6110816,5.1636405,4.6705165,7.0767393,6.923449,5.7913675,5.5509706,5.223892,4.496947,6.9885926,4.8776035,5.347615,5.564639,5.0542846,4.984645,7.20991,4.6415157,4.387742,5.0037293,4.9862294,4.9686017,5.9765544,6.2952704,6.548156,5.708382,5.0837913,5.632019,5.319847,5.3229485,6.5333767,6.4822536,7.315176,6.7910714,5.307612,8.05133,6.0020866,5.761431,5.3977184,6.8307505,5.878165,5.842781,5.843631,7.5854287,5.7883196,6.182247,5.4202127,6.225281,7.3829684,6.018692,5.65225,5.8348184,5.636868,5.624111,5.9891768,6.546979,4.5112085,6.5510798,7.0009995,6.4771166,6.599294,6.8462625,5.9723253,6.225268,6.9284043,6.472382,4.782392,5.6539254,4.1236267,4.737717,4.750037,4.249606,4.8841724,4.900308,6.4742827,6.1415405,5.997926,6.0503335,6.86245,6.596708,6.504252,5.660429,5.572787,5.7036686,6.768008,6.0209975,4.1249437,4.37379,4.355408,4.3730745,4.366553,5.3196716,4.2054815,5.1716456,4.708009,3.7756815,6.1273804,4.9809055,4.2716255,5.0521574,4.0045943,3.8530211,6.0089793,6.0363383,5.095438,5.538715,5.8707156,5.777326,3.9701345,6.8261538,6.790446,5.865387,5.968164,7.65691,7.4422326,6.887901,7.238712,5.4295855
2,3.059805,2.097132,0.0,2.8034916,4.0699253,4.535164,3.7523155,3.0422893,5.3016477,5.3287215,7.348055,7.005833,4.960748,4.3799477,6.417462,6.253767,4.938032,4.5111628,4.908613,3.7424765,6.210773,4.3389378,4.9562097,4.899223,4.3698955,4.319995,6.4110913,3.8969653,4.8418393,5.3160157,4.604964,4.464063,5.9789557,6.2514334,6.3893676,5.679478,5.321466,4.9087696,5.1506925,5.148925,6.238218,6.114065,7.528635,6.8902802,5.017363,7.7203064,5.6669273,5.4468412,4.9451127,6.4273853,5.695827,5.4165215,5.7441454,7.5257297,5.6321898,6.147333,5.17888,5.9366407,7.0465183,6.1726437,5.5568357,5.633962,5.7599816,5.644009,6.5650783,6.086553,3.6547909,5.9944644,6.841627,6.1791425,6.6532397,6.8041615,5.7152405,6.1328063,6.6457133,6.2120495,4.4220095,5.3849344,3.9572747,4.537356,4.5294924,4.5344067,5.4172854,5.4641685,5.5353165,6.325603,5.4947357,5.7140493,6.8285875,6.6310983,6.134011,5.3943906,5.2551036,5.503436,6.510653,5.8360853,3.9528317,4.135513,4.072137,4.074,4.000387,4.980099,4.022221,5.0268154,4.388742,3.2811322,5.449808,4.3711224,4.1124797,4.5630918,4.7990217,4.6514626,5.6242313,5.6886187,4.747791,5.173266,5.623925,5.8018303,3.5975397,7.339632,6.48121,5.6058784,5.8251047,7.603132,7.248798,6.8101554,7.028568,5.1936293
3,0.59802985,2.551521,2.8034916,0.0,3.891757,4.383777,4.902228,4.689275,5.7965455,6.7346215,7.9292226,7.9307084,6.103135,5.6592484,6.9911985,6.8123784,6.403124,5.731245,6.0466247,4.9414773,6.0797806,4.537728,4.9643965,5.9453945,4.767142,4.7222433,7.1940303,5.1462483,5.7069073,6.0786166,5.2735586,6.240569,6.7669997,7.273532,5.922678,6.4472637,6.1381845,6.1411524,5.3091426,5.3112655,6.5010533,6.4305716,7.1181736,6.8691177,5.3056154,8.086506,6.022961,6.0171156,5.957324,6.37188,6.1419525,4.81739,5.3322735,7.112596,4.718218,5.6532283,6.308294,5.7277308,7.028554,5.747026,5.3332076,5.538756,5.298162,5.137844,7.0440493,6.373384,3.8524563,6.203066,6.8403177,7.3674383,6.7458363,7.2075453,5.1969433,5.565371,6.247411,6.6278005,5.128103,5.4990606,4.602162,5.620759,5.655164,5.180737,5.782948,5.817007,6.586582,6.4336896,6.194956,6.3346033,6.5702453,7.25718,7.2068954,6.550286,5.812542,6.5001264,7.297951,6.571872,3.9328172,4.3450193,4.290108,4.3104215,4.193322,5.2226567,4.0379744,4.2028575,5.136015,4.2486496,6.334306,4.7942595,4.979861,5.434607,4.8145804,4.6649284,5.0870476,5.135098,5.371174,5.00107,5.008984,4.966069,4.3422766,6.681591,6.106044,6.2909307,5.6653514,7.454705,6.895383,6.343574,6.497382,5.973257
4,3.736109,4.172836,4.0699253,3.891757,0.0,3.4803288,3.651856,3.3425033,4.9560876,5.585223,9.046254,8.217257,4.974122,4.43179,5.9001694,5.870271,5.6979265,5.164572,5.830155,4.502119,5.15497,3.6886184,3.2850554,3.756991,3.05516,3.0797465,7.2828846,3.6821048,3.9942317,4.4252396,3.7008896,4.745793,6.569988,6.362113,5.0445566,6.2412934,6.3334174,5.3256,5.088226,5.071942,6.3237877,6.0144963,6.9681478,6.1112137,5.216017,8.007354,4.985992,4.7870936,5.4376183,6.0528646,4.683885,4.7711077,5.069531,6.2635813,4.8641915,5.545358,5.8814015,4.791845,6.3831725,6.0673447,4.9767647,5.4698772,4.5164456,4.331648,7.115307,6.920814,3.3121805,5.509379,6.002469,6.172801,6.114386,5.8787603,5.039904,5.253237,5.7931576,6.0668607,4.5578136,4.359803,4.9930835,5.0421576,5.5011506,5.81925,6.4438443,6.466191,5.4388943,5.4423103,5.24454,5.4838724,5.549117,7.323127,5.7236695,4.492731,4.2115746,4.9990034,6.6576977,6.5983577,3.7564008,4.2589746,4.022422,4.0487247,3.5300252,4.6737514,3.8268368,3.882751,3.5583844,3.1897075,6.1098585,3.6011314,4.4295306,4.4539194,4.703333,4.7098703,3.9935427,4.127265,4.6188374,4.1765733,3.8079188,3.9676595,4.7452645,6.8985353,5.556659,5.8036647,4.624396,6.596115,6.0607004,5.8007917,6.1011477,5.660956
5,4.276871,4.199158,4.535164,4.383777,3.4803288,0.0,2.5347521,4.5158954,4.1996555,5.9166384,8.525965,7.7634163,4.2124844,3.7565632,5.4715924,5.3680415,5.7425766,6.239486,5.04824,5.5844173,5.7309227,4.400681,3.8569324,5.4669833,4.4082837,4.470234,7.920402,4.9366403,4.123167,4.026723,3.6553376,4.7532997,5.956523,6.197614,5.5918884,5.7248974,5.990209,5.531083,4.6079717,4.5868716,6.1830177,6.0480895,5.84216,5.715534,5.195499,8.114416,4.9616857,4.915376,4.813497,5.603682,4.4625053,5.397977,4.136867,5.360389,5.0805573,4.470527,5.5929,4.5427747,5.798172,5.464175,3.8841302,4.5794816,3.642439,3.373616,6.2825723,7.541357,4.999979,6.476063,5.0760427,5.8059516,6.306924,6.883226,6.040758,6.376482,6.3941483,6.803495,5.262549,4.467276,6.1052165,4.7309012,5.4741225,5.6374326,5.982218,6.009914,5.631965,5.169536,5.352257,5.544139,5.5019345,7.7616515,5.605594,4.6885757,5.4627514,4.920528,6.466885,6.569421,3.8890936,4.6054816,4.7316866,4.746446,4.225114,5.1111984,3.969251,4.084239,5.3370404,5.084687,5.615674,5.190507,3.1527503,5.4072857,5.259023,5.2480817,4.666943,4.7641363,4.153627,4.147429,4.550309,4.2680125,5.090911,5.938827,5.7650647,6.094131,3.8684518,6.005894,6.3127584,6.088484,5.9458585,6.0459976
6,4.9426837,3.7074738,3.7523155,4.902228,3.651856,2.5347521,0.0,2.8869054,4.708314,5.291654,8.403035,7.465839,3.9135294,3.302847,5.663814,5.588025,4.949511,5.492513,4.6560907,4.9242287,6.316293,4.7930217,4.5474353,4.886621,4.629552,4.656048,7.538391,4.2999473,2.7374618,2.6395676,4.010677,3.6500862,5.343655,5.1826262,6.0499954,5.094503,5.342545,4.4671545,4.7531757,4.743838,6.178255,6.000239,6.4679337,5.8102765,5.1343656,7.8889446,4.8717933,4.6322365,3.9878068,6.018107,4.417937,5.952814,5.1885743,6.4334493,5.972477,5.5985017,4.586724,5.1271667,6.6567383,6.2471013,4.38931,4.9568787,4.722587,4.582918,6.0900226,7.176835,4.7122946,6.2677293,5.6172233,4.560392,6.269999,6.289926,6.2393174,6.5286684,6.760303,6.2412114,4.554014,4.6391096,5.2107606,3.8049576,4.2591486,4.9562573,5.773993,5.7991734,5.278231,5.1458755,4.7418394,4.798482,5.957745,7.1164894,5.216602,4.153332,4.836211,3.9971485,5.8390913,5.929398,3.842893,4.2868567,4.3777475,4.407428,3.9283202,4.8809333,3.9579883,4.817017,4.290523,3.9923198,5.055035,4.7373734,2.732503,4.2608676,4.8664756,4.845845,5.2520714,5.249478,3.591907,4.6209383,5.1067142,5.221341,4.5198717,6.6955895,6.235771,5.5435963,4.577552,6.3409033,6.6931014,6.5421815,6.4007516,5.149593
7,4.732199,3.7212095,3.0422893,4.689275,3.3425033,4.5158954,2.8869054,0.0,5.7112627,5.346193,8.963886,8.048917,4.7058806,4.021818,6.494443,6.408257,5.174883,4.6165204,5.375909,3.909545,6.302942,4.6027284,4.463199,3.5304003,3.9172359,3.9450023,7.0781455,3.0674071,3.6581697,3.984045,4.5135536,3.6586852,6.233202,5.7273617,6.4089622,6.033214,6.1379633,4.986427,5.8486094,5.843598,6.958779,6.6627517,7.8856134,7.0396996,5.855157,8.370052,5.7213335,5.3241973,5.01592,7.074369,5.097424,6.1464844,6.386483,7.5828133,6.1950936,6.810421,5.288761,6.184674,7.673077,7.3798385,5.9380026,6.31193,6.11314,5.9861407,6.8205886,6.6364064,3.773623,5.798161,6.6807747,5.2361746,6.9412684,5.864392,5.7306447,5.9957833,6.445756,5.4674535,3.995132,4.993556,4.014959,4.3811245,5.1079664,5.7739263,6.585367,6.607869,5.7092443,6.0162044,5.486304,5.590763,6.9783053,7.334361,5.6637683,4.609605,4.2138886,4.7427,6.556,6.468955,4.0827165,4.394615,4.1818204,4.2095466,3.7707746,4.8366957,4.178254,5.279899,3.229799,2.9538882,5.7968097,4.358143,4.046806,3.685558,4.588905,4.5659986,5.268304,5.3039684,4.396731,5.3206315,5.102718,5.3110805,4.140346,7.721868,6.435015,5.35775,5.5207314,7.1610494,6.8551164,6.7735515,6.651792,4.7740173
8,5.7474003,5.618204,5.3016477,5.7965455,4.9560876,4.1996555,4.708314,5.7112627,0.0,3.7257361,7.9152203,6.559051,3.088574,3.982175,3.153301,2.9399164,4.0824995,4.859697,3.4911523,5.147045,5.608045,4.0212812,5.0488706,6.0972223,4.722034,4.607985,7.3743906,4.949852,5.8867025,5.9274635,3.798385,4.732988,6.5300436,6.6920905,5.5057607,5.675543,7.036616,6.20949,5.329449,5.3149014,5.547243,6.16423,5.579184,6.060094,5.877976,8.353473,4.2738113,5.212005,4.2599845,4.1501074,5.172951,5.575806,3.5435066,5.571101,4.134065,3.3952694,5.8304205,4.9471755,3.7373006,4.5441623,4.5359364,4.421593,4.1649055,4.5308385,5.8359413,7.1830654,6.200245,5.7463894,4.534754,5.473738,6.2382126,6.7470803,6.018646,6.2803082,6.8278766,6.4756746,4.9665637,3.9889588,6.5240426,3.98879,6.287371,6.7742734,6.1024213,6.0832057,5.365625,6.8923,6.092794,6.6244884,5.384503,7.392598,3.5728674,3.9857635,6.913768,4.541343,6.329467,7.1671677,4.6995797,4.6489577,4.849738,4.801706,5.0652447,4.1980324,4.4947658,4.710263,5.745555,5.4757967,6.8693314,5.5450964,4.4856987,6.2395935,6.127203,6.348245,5.4457693,5.692466,5.367799,4.3494687,5.6178823,5.6671147,5.321278,5.712074,4.838894,4.3412337,5.2565303,5.628656,5.3927407,5.3055224,5.8353186,5.5948186
9,6.8298407,5.923367,5.3287215,6.7346215,5.585223,5.9166384,5.291654,5.346193,3.7257361,0.0,7.459074,6.2774324,3.7973514,4.49367,5.3043027,5.22146,4.186902,5.0474167,4.694396,5.204193,7.5320315,5.575304,6.4758945,5.42418,5.034126,4.907908,6.3123736,4.5802736,5.424644,6.5202956,3.977328,3.8201334,6.2287583,5.9613667,6.1416845,5.4285707,6.566972,5.575796,5.834248,5.8081183,5.1993456,5.8290133,7.7429447,6.649528,5.4929757,7.491919,4.994872,5.2839146,5.446586,6.2693205,5.4909945,6.0138636,5.7786684,7.3316936,6.471616,6.020013,5.801689,6.157684,5.743125,6.3066783,6.4555354,6.2897754,5.937736,6.4523487,5.9485273,7.2333245,6.4171934,6.2151394,6.1429434,5.9334702,6.556901,6.6501083,7.168044,7.496296,7.722741,7.014989,5.6812754,5.3572865,6.7041564,4.494304,6.1411047,6.26947,5.617728,5.6105843,5.1707535,6.7560363,5.9061084,6.3981857,5.9432497,6.2880774,3.5201702,3.9960837,6.495049,4.3502555,5.645163,6.339581,5.667292,5.593089,5.264998,5.2146306,5.3843517,4.6394305,5.684961,6.337962,5.827675,5.519652,6.79466,5.8867927,5.693663,6.734265,6.43117,6.494686,6.3179684,6.484743,5.505057,5.3241425,6.5626526,6.6025248,5.1679087,6.667796,5.8796515,4.4183016,5.9459314,6.248642,6.0173697,5.988253,7.1577644,5.5609274
10,8.198538,7.6217737,7.348055,7.9292226,9.046254,8.525965,8.403035,8.963886,7.9152203,7.459074,0.0,4.826409,8.03346,8.241114,8.773822,8.72647,8.795533,9.287805,8.567929,9.349621,9.664645,8.885441,9.156234,9.38081,8.901891,8.887274,5.282447,8.834614,9.363212,9.591565,8.387908,8.573783,7.3690696,9.162922,9.424921,6.703928,7.6301737,7.300452,7.0317416,7.032258,6.8271804,7.3465877,9.49027,7.848824,7.3473253,7.417543,8.938177,9.148132,8.591955,9.318022,9.056875,7.552904,8.775153,9.436033,9.29557,8.797955,8.871409,8.967107,8.174031,8.127718,8.960724,9.174177,8.821998,9.005389,9.206646,7.54379,9.091035,9.552435,8.354387,8.833657,7.760727,9.116933,9.78345,10.014297,9.6752,9.660467,8.84062,8.541747,10.042078,8.347349,8.560301,6.986265,6.4025993,6.472264,6.7170324,7.9331274,7.450163,7.8557367,7.6430984,6.1820617,8.136043,8.711273,7.8542185,7.9433017,6.0872188,5.2347283,8.423049,8.972539,9.04422,9.018654,8.6024065,8.321807,8.668643,9.009374,9.376502,9.254974,6.5514345,8.6013975,8.333632,9.797321,9.623155,9.239949,8.835531,8.954404,8.5237465,8.834365,9.443168,9.36987,8.502186,9.877371,9.24595,8.78671,9.096428,9.331361,8.899543,9.33838,9.603583,9.123547
11,7.9785824,7.6110816,7.005833,7.9307084,8.217257,7.7634163,7.465839,8.048917,6.559051,6.2774324,4.826409,0.0,7.3493805,7.641385,7.625496,7.5843124,7.491899,8.035966,7.246571,8.144367,8.609729,7.556249,8.675832,8.914466,8.390664,8.345802,3.931551,8.230478,8.777078,8.775286,7.8095665,7.8054466,6.8351917,8.82438,8.80821,5.586381,9.193973,6.112971,5.9449186,5.948445,5.4199424,6.0445843,8.253012,6.9177847,6.0835676,6.3263793,7.709592,8.198508,7.328046,7.830575,8.608908,6.3531823,7.645444,9.0323715,8.076449,7.684965,8.222543,8.408881,7.280232,8.333803,7.8819923,7.822177,7.9471817,8.1034975,8.514563,6.3232017,8.073222,8.635599,7.5855284,7.961277,8.5178995,8.577346,9.013831,9.283782,9.622126,8.931934,7.87804,7.6455765,8.781416,7.143305,8.384025,6.6089582,6.0783396,6.1772575,5.3952136,6.9123826,6.112167,6.600774,6.3419747,7.4155974,7.0683107,7.7522335,7.392415,6.783968,4.4370155,5.476587,7.3717732,7.6346607,7.74526,7.7145767,7.5679584,7.1819925,7.5781145,8.088395,8.350564,8.119805,5.4918027,7.540821,7.485791,8.834765,8.495797,8.133882,8.072873,8.233895,7.9896126,7.779137,8.684536,8.747394,7.115091,8.94941,8.359062,7.4608197,8.579135,8.833607,8.314371,8.726936,8.875757,8.038571
12,6.1048856,5.1636405,4.960748,6.103135,4.974122,4.2124844,3.9135294,4.7058806,3.088574,3.7973514,8.03346,7.3493805,0.0,2.0136764,4.1353245,4.0184555,4.0246286,4.697695,3.2600837,4.7303143,6.300809,4.5794272,4.47543,4.985966,3.9807827,3.9130278,7.2390895,3.5260031,4.867643,5.3473372,3.0973766,2.8091164,5.7800303,5.4652004,5.9852705,5.4310827,6.137201,6.1758513,5.6591587,5.6537523,6.4733863,6.9150834,6.862055,6.636256,6.286151,8.706045,5.3973546,5.4881935,4.603545,5.933224,4.493687,6.4309106,4.7721887,6.30764,5.607885,5.0621734,4.947696,5.4220495,4.8446465,5.6188593,5.3999453,5.728613,5.0827837,5.451005,5.1285443,7.1771574,6.2659297,5.9784636,5.708247,5.0853233,6.3832746,6.2425556,6.19057,6.4794364,6.1526074,5.8630166,4.492795,4.483927,6.430863,3.7474427,6.1904902,6.966083,6.356383,6.3157115,5.699097,7.228896,6.541043,6.993344,6.586479,7.6168437,3.390335,3.4142084,6.1833205,4.4936175,6.72242,7.179368,5.155846,5.4066176,5.570305,5.5402155,5.386939,4.8614945,4.9570823,5.6971273,5.700434,5.4453263,6.816728,5.3988986,4.03169,5.495732,5.7443023,5.743567,6.121445,6.3464136,4.7320676,5.4350142,6.071635,5.960278,5.417115,6.625101,5.7187057,4.664486,5.4382586,5.9049625,6.0832844,5.8821354,6.454603,5.393237
13,5.6527123,4.6705165,4.3799477,5.6592484,4.43179,3.7565632,3.302847,4.021818,3.982175,4.49367,8.241114,7.641385,2.0136764,0.0,5.1898413,5.084178,4.4824657,4.959194,3.9620285,4.273699,5.8279877,4.094202,3.804087,4.374106,3.2573736,3.2340014,7.3041997,2.7089214,4.378557,4.833019,2.4034724,1.8328304,6.105575,5.9401674,6.6328683,5.9997187,5.9313745,5.8607945,5.4192796,5.40709,6.952687,6.8009095,7.5795794,6.948108,5.9774256,8.464337,5.9863563,5.2204556,4.9070525,6.4988585,5.0250754,6.7069054,5.5599947,6.7644124,6.1571164,5.8375716,4.8951697,5.409728,5.757745,6.292757,5.282614,5.7300057,5.240248,5.278186,6.3302135,7.833738,5.736186,6.9757514,6.414871,5.828258,7.2351856,6.968135,6.9100623,7.0742235,6.644462,6.603245,5.2500105,5.1657066,6.1750803,4.7829194,6.026774,6.6874423,6.9087634,6.9184356,5.2411103,6.929644,6.159488,6.630866,7.0466914,7.979859,4.638906,3.336778,5.6766396,5.1958227,7.094509,6.943091,4.6335716,4.973966,5.1649623,5.13945,4.8731847,5.4999433,4.4470887,5.4299517,5.1251135,4.902296,6.362236,4.821123,3.3781028,4.9171014,5.401812,5.386801,5.636361,5.8534093,4.0915155,5.085506,5.6055193,5.549831,5.0184174,7.609507,6.6314793,5.7718186,5.3633184,6.8143353,6.855838,6.7284784,7.136225,6.0662193
14,6.956661,7.0767393,6.417462,6.9911985,5.9001694,5.4715924,5.663814,6.494443,3.153301,5.3043027,8.773822,7.625496,4.1353245,5.1898413,0.0,1.0433581,4.152963,4.734482,4.236423,5.987571,5.0847125,5.027077,5.797627,6.987732,5.53715,5.42395,8.159589,5.8358173,6.863572,6.3852963,5.1841035,5.9454827,7.3946104,7.133462,5.6322837,6.528052,7.568752,6.936987,6.39823,6.403563,6.436379,7.2217197,5.8791313,6.7781887,7.0329266,9.225417,4.6728234,6.006481,4.9847913,3.978736,5.697195,6.2466955,4.086551,6.5443115,4.9579997,4.551864,6.6723876,5.5943913,4.2136955,5.0357056,5.040652,4.929242,5.248403,5.554932,6.8716183,7.3198514,6.602858,5.104398,5.069532,5.002128,6.2701693,6.8031554,5.908029,6.530555,6.4448943,5.923821,5.0099373,3.779378,7.4403334,4.2100215,6.4582453,7.8716536,7.385949,7.355042,5.62291,7.8275285,6.337579,6.8566837,5.5848103,7.721277,3.712931,4.7504287,7.451807,4.5573854,6.83975,7.7113028,6.13362,5.959329,6.246858,6.2203608,6.3827963,5.1837835,5.9145875,5.770297,6.4092455,6.404681,7.512882,5.7185087,5.906271,6.2345395,7.620619,7.6644764,6.043147,6.312843,5.910531,5.2573256,5.9653115,6.4389706,6.7473087,6.702567,4.9544926,5.1317897,5.7294264,5.295765,5.5398192,5.801832,5.3248124,5.714003
15,6.775419,6.923449,6.253767,6.8123784,5.870271,5.3680415,5.588025,6.408257,2.9399164,5.22146,8.72647,7.5843124,4.0184555,5.084178,1.0433581,0.0,3.9976633,4.6735168,4.0600843,5.919218,5.255357,5.007125,5.735586,6.9742856,5.4962564,5.3867326,8.121598,5.791272,6.787854,6.3228245,5.0845284,5.8705273,7.4756036,7.2157702,5.7510524,6.616111,7.6760216,7.0704055,6.5437236,6.547878,6.528344,7.328722,5.9660892,6.8672667,6.9529104,9.375662,4.7949233,6.136097,4.742684,4.1044335,5.5786386,6.1581273,3.8211591,6.4044676,4.7160373,4.329332,6.4113417,5.3077164,4.350859,5.1612177,4.647492,4.523112,5.384272,5.695701,6.9407587,7.443015,6.778918,5.2717476,5.056368,5.1089854,6.398698,6.913164,5.8207054,6.082707,6.561306,6.057145,4.9362426,3.9540238,7.424295,4.10187,6.566767,7.980096,7.4778266,7.4402065,5.790003,7.955186,6.472591,6.983733,5.7050147,7.8273244,3.8586404,4.899295,7.590503,4.7128563,6.946762,7.8783507,6.0007253,5.8399158,6.120594,6.103059,6.2626204,4.99346,5.786989,5.598551,6.3627563,6.355926,7.645887,5.8768215,5.79364,6.376898,7.7245626,7.766881,5.9462137,6.1868873,5.712659,5.1341233,5.899862,6.397185,6.6943097,6.5833955,4.8571725,5.039179,5.5591927,5.097854,5.311445,5.615411,5.086895,5.4980764
16,6.5276375,5.7913675,4.938032,6.403124,5.6979265,5.7425766,4.949511,5.174883,4.0824995,4.186902,8.795533,7.491899,4.0246286,4.4824657,4.152963,3.9976633,0.0,2.4847093,2.2927074,3.4470243,6.6325126,5.513669,6.158663,5.907369,5.2602377,5.0847907,7.7936254,4.750975,5.7920227,5.85418,4.638034,4.328534,6.63325,5.9421954,6.697298,6.5948157,6.9047136,6.2070994,6.674722,6.677414,7.0662684,7.794302,8.160397,8.144882,6.7581286,9.523593,5.649644,6.440685,4.9635696,5.6964684,5.847967,6.7668576,5.4720573,7.771695,6.2745337,6.0491176,4.7516713,6.096004,6.308609,6.6903214,5.509061,5.2842703,6.341631,6.51577,6.380654,7.7937083,6.2551417,6.1448674,6.6048474,5.495687,7.20429,6.524405,6.764848,7.014755,7.658217,6.611695,5.013477,5.176583,5.9136972,3.9369042,5.52166,6.9871073,6.961401,6.950742,5.3067975,8.144814,5.983756,6.4412313,6.606166,7.220755,3.9118347,4.003846,6.996371,4.4988475,6.801472,7.229982,5.7619605,5.3954735,5.4224205,5.4049296,5.7152243,5.243261,5.5556893,6.1897173,5.4310355,5.1421356,7.2426805,5.567168,5.4303665,5.505095,6.7444434,6.788058,6.392905,6.484149,5.1056747,4.9607935,6.207951,6.732901,5.4800925,7.150279,6.1007013,5.033229,6.2254543,6.4592566,6.966149,6.976466,6.6800013,4.2823195
17,5.786829,5.5509706,4.5111628,5.731245,5.164572,6.239486,5.492513,4.6165204,4.859697,5.0474167,9.287805,8.035966,4.697695,4.959194,4.734482,4.6735168,2.4847093,0.0,3.392706,2.3534062,5.8697076,4.9119086,5.609636,5.387172,4.588807,4.3880115,7.4944553,4.0251985,6.2527184,6.2746563,5.1279345,4.886949,7.018576,6.4038634,6.460296,6.9656887,7.528392,6.54857,6.8762355,6.890132,7.4991283,8.089148,8.420468,8.4737835,7.158853,9.740448,6.1030955,6.7626624,5.462745,6.0185766,6.26131,6.5470915,5.9360924,8.113362,5.6145616,6.398173,5.341411,6.478565,6.6414905,6.9949427,6.12725,5.9972267,6.62919,6.740809,6.7112927,6.8806024,5.24619,5.353575,6.9959745,5.8720345,7.477367,5.920062,5.6351137,6.004615,6.6312847,5.4377604,4.1188555,4.895427,4.661423,4.324226,6.143659,7.453008,7.5062103,7.4919853,5.8061256,8.486441,6.4547997,6.8846464,7.1052003,7.7321777,4.7435513,4.68609,6.4566503,5.1926856,7.385815,7.650097,5.4755263,5.090605,5.115034,5.0993595,5.4297457,5.0558357,5.2000556,5.8724174,4.634963,4.3127837,7.479615,4.7126765,5.7164955,4.653303,6.056577,6.1123967,6.0659175,6.1828213,5.5655556,5.3251786,5.8104563,6.385906,5.169362,7.66321,5.910203,4.889019,6.6579695,6.992109,6.8425736,6.820844,6.451306,4.031287
18,6.1185956,5.223892,4.908613,6.0466247,5.830155,5.04824,4.6560907,5.375909,3.4911523,4.694396,8.567929,7.246571,3.2600837,3.9620285,4.236423,4.0600843,2.2927074,3.392706,0.0,3.6437194,6.5937376,5.1501703,5.797039,6.2937098,5.4284983,5.2682943,7.874695,4.903522,5.960713,5.778795,4.7079024,4.3927407,6.3738446,6.183029,6.9666147,6.3303337,7.1431036,6.74888,6.530587,6.5396414,7.253806,8.027064,7.534969,8.036645,7.0235734,9.77488,6.0274777,6.8179903,4.951996,5.7784038,5.9695287,6.9472876,5.0942297,7.4542637,5.777922,5.4561253,5.00481,6.4159923,5.932707,6.3583646,5.479018,5.359192,6.0201135,6.211925,5.3511157,7.484718,6.605982,6.414986,6.2681584,5.4932394,7.36377,6.504423,6.591062,6.8126674,7.444387,6.2878203,4.73841,4.965069,5.7584243,3.6797895,6.1779757,7.0446367,6.5374303,6.509322,5.8626885,8.048678,6.524521,6.9497957,6.7490788,7.6741157,3.843827,4.0508037,7.108049,4.7107043,6.90493,7.442527,5.5961432,5.3783455,5.6219225,5.5969715,5.918526,5.358187,5.3185244,6.1281404,5.789686,5.5621324,7.3314304,5.9406786,4.8579254,5.7482624,6.0367126,6.0837474,6.6424103,6.7928224,5.5062356,5.409743,6.438906,6.586837,5.4222965,6.657066,6.2253537,4.9194713,6.3532424,6.6059628,7.09079,7.043223,6.645985,4.4089065
19,4.987274,4.496947,3.7424765,4.9414773,4.502119,5.5844173,4.9242287,3.909545,5.147045,5.204193,9.349621,8.144367,4.7303143,4.273699,5.987571,5.919218,3.4470243,2.3534062,3.6437194,0.0,5.9414864,4.250867,5.029062,4.62438,3.9733675,3.7764583,7.511295,3.2277327,5.693157,5.9084926,4.423521,4.0798173,7.1563144,6.765386,7.121022,7.2716618,7.298293,6.528847,6.690298,6.6943593,7.8231053,7.971324,8.911249,8.713569,6.813026,9.553752,6.6599274,6.615583,6.001917,6.8468537,6.515558,6.7475715,6.4076586,8.413977,6.0621886,6.8369117,5.5422845,6.8017097,7.3127494,7.4587436,6.3028617,6.2415347,6.6032777,6.5291357,6.9120893,7.484204,4.8554044,6.561752,7.574248,6.778351,8.184584,6.5845823,6.4469504,6.6932216,7.293119,6.3101006,4.931802,5.564985,4.119265,5.0978436,6.248451,6.8910165,7.2690115,7.2885094,5.7095885,7.9381385,6.37553,6.797148,7.44081,7.925431,5.3783636,4.291229,6.002592,5.7103977,7.627883,7.4222164,4.9209175,4.6316857,4.56529,4.5429864,4.9044504,5.5542665,4.657933,5.706016,4.1769915,3.8138757,7.3324823,4.602534,5.2279997,4.5061016,4.918737,4.965952,5.7617054,5.927827,5.37331,5.102585,5.4688554,5.7568197,4.3382077,7.9063883,6.750762,5.6075754,6.6327605,7.7984724,7.5803447,7.460831,7.25147,4.8101315
20,5.8547344,6.9885926,6.210773,6.0797806,5.15497,5.7309227,6.316293,6.302942,5.608045,7.5320315,9.664645,8.609729,6.300809,5.8279877,5.0847125,5.255357,6.6325126,5.8697076,6.5937376,5.9414864,0.0,3.6765358,4.976389,7.0215907,4.8072767,4.7462955,8.206064,5.574349,7.569577,6.5722175,5.7522607,6.828945,9.129236,9.489434,7.2804947,8.382683,8.925489,7.780083,6.720761,6.725829,7.970636,7.564105,7.59043,7.9232945,7.3142724,9.13658,6.968629,6.683257,7.03826,6.060049,7.9672546,6.9109483,6.4535623,8.26733,5.5440607,6.7101054,8.404578,6.770439,6.587521,6.8236303,5.959277,5.949966,6.3459024,6.0627737,9.366586,7.9460554,5.387148,7.0925565,6.6380653,7.186734,8.692575,8.150573,6.8073497,7.0646715,6.713101,6.471083,6.396286,4.82453,6.9127626,6.7726874,7.816082,8.429875,9.148361,9.193249,5.320197,7.372687,6.0806413,6.666925,6.5630875,9.040047,6.6177316,5.771231,6.601322,6.7061954,7.9845977,7.756889,5.9685707,5.8600936,6.247713,6.230641,6.386004,7.0329895,5.768193,5.593603,5.3354936,6.084132,7.455941,4.354461,6.4001346,6.1050906,7.4029207,7.3707066,4.776805,5.178974,6.4175124,5.5362062,4.7643003,5.358668,6.9590387,9.26389,7.233381,7.7581964,5.9469547,7.6688805,6.902313,7.752362,6.560383,7.32843
21,4.3130603,4.8776035,4.3389378,4.537728,3.6886184,4.400681,4.7930217,4.6027284,4.0212812,5.575304,8.885441,7.556249,4.5794272,4.094202,5.027077,5.007125,5.513669,4.9119086,5.1501703,4.250867,3.6765358,0.0,3.900908,5.250408,3.3943644,3.2603767,7.233709,3.7387862,6.0081887,5.9829373,3.8531942,4.8001437,7.93204,8.153717,6.3340797,6.93468,7.506332,6.567907,5.5669975,5.56093,6.58712,6.1025043,6.61923,6.789875,5.6031165,8.0388975,5.4576254,4.918521,5.5852103,5.3822722,6.2696867,5.524797,4.9738965,7.375903,4.4131045,5.3580465,7.09647,5.9292517,5.7256217,5.9192557,5.1972513,5.083983,5.0580835,4.904405,7.718092,7.0790915,4.404712,6.264978,6.7948227,7.0042863,7.8161936,7.800061,5.9756217,6.363921,6.755699,6.467649,5.306781,4.9421945,5.5926423,5.468968,6.576205,6.6664753,7.032689,7.0708327,5.453222,6.672686,6.166928,6.6911354,6.493632,8.295151,5.6921515,4.68446,6.2886014,6.0256295,7.4873285,7.405144,4.0948935,3.8865113,4.111679,4.067772,4.4950128,5.2217536,3.8360555,4.350136,4.702509,4.246491,7.089354,3.9712608,4.961962,4.9024925,4.98,4.967401,4.6930013,5.1790705,5.491722,4.6096673,4.6395464,4.816497,4.3612313,7.4534917,6.0614715,5.691625,5.894419,7.409551,6.5585155,6.3020315,6.5905666,6.57978
22,4.779289,5.347615,4.9562097,4.9643965,3.2850554,3.8569324,4.5474353,4.463199,5.0488706,6.4758945,9.156234,8.675832,4.47543,3.804087,5.797627,5.735586,6.158663,5.609636,5.797039,5.029062,4.976389,3.900908,0.0,3.5551295,2.7020793,2.92383,7.6742797,3.5662913,5.9005094,5.915187,3.7741532,4.7590065,6.886809,6.8842454,6.1189837,7.066498,7.0656943,6.4063535,5.9055824,5.8916993,7.742166,7.4832935,7.61469,7.279037,6.9032297,9.392695,6.401981,6.2021832,5.8346868,6.829804,4.7620115,5.9432073,5.4693193,5.5676675,5.234155,5.5918503,6.24885,5.247088,5.8860826,6.6849494,5.756998,6.5958157,5.089372,4.643429,7.6922956,7.566621,4.928893,6.3998117,6.362761,6.8840094,6.869773,6.542281,5.597062,5.8928576,5.4383225,6.5844054,5.150529,5.163979,6.486396,6.09873,7.1783066,7.711263,7.84734,7.866464,6.116638,7.334751,7.040384,7.487733,7.3206644,8.97131,6.11926,5.082435,5.0578256,6.381599,8.076285,8.018579,4.5084224,5.447693,5.5605836,5.5506735,4.6762033,5.5048566,4.36427,4.570058,5.4649816,5.116311,6.6402345,5.0489626,4.104255,4.9556375,5.8393283,5.880405,4.899297,5.173826,5.371102,5.3490853,4.897488,4.7118497,5.831285,7.932911,6.0236874,6.4620724,5.830795,7.366496,6.82471,6.50658,6.645354,6.9065
23,5.963381,5.564639,4.899223,5.9453945,3.756991,5.4669833,4.886621,3.5304003,6.0972223,5.42418,9.38081,8.914466,4.985966,4.374106,6.987732,6.9742856,5.907369,5.387172,6.2937098,4.62438,7.0215907,5.250408,3.5551295,0.0,3.1665897,3.3354526,7.4200864,2.9348035,5.3973536,6.249642,3.973757,3.8229234,6.9257994,6.149368,6.72477,7.2753797,6.608336,5.9605637,6.800988,6.7753897,7.9252934,7.6706343,9.257318,8.118304,7.05648,9.405058,6.6794214,6.33053,6.562616,8.170474,4.723665,6.5327153,6.9602094,7.114968,7.0417266,7.319973,6.2725,6.50686,7.4928584,8.066766,7.3192077,7.917377,6.569884,6.3522773,7.822414,7.926271,5.093517,6.575117,7.5195513,7.0842805,7.001788,6.216007,6.5888977,6.9880395,6.7631545,7.0792737,5.568035,6.1666846,6.4134827,6.2789307,6.8674088,7.39289,7.549396,7.5741835,6.218196,7.418305,7.114667,7.49506,7.9048324,8.165338,5.899173,4.7675533,4.652926,6.0960774,7.883195,7.7477427,5.3146715,6.040398,5.651461,5.637224,4.7630873,5.590909,5.338698,6.037629,5.274507,4.825988,6.9778857,5.70638,5.2551017,5.181204,5.949621,5.9776735,5.7810287,5.983771,5.6884866,5.983284,5.7588887,5.6284695,5.5679355,8.435694,6.6277723,6.1906857,6.625914,7.9147334,7.4606924,7.090447,7.6563535,6.637254
24,4.639385,5.0542846,4.3698955,4.767142,3.05516,4.4082837,4.629552,3.9172359,4.722034,5.034126,8.901891,8.390664,3.9807827,3.2573736,5.53715,5.4962564,5.2602377,4.588807,5.4284983,3.9733675,4.8072767,3.3943644,2.7020793,3.1665897,0.0,0.36736903,6.9828973,1.8182626,5.1530194,5.865981,2.4140072,3.6208768,6.9051795,6.5669003,5.5150547,6.7772684,6.6244884,6.092385,5.570374,5.55314,6.9022627,6.618605,7.9433436,7.156576,5.8881774,8.3530655,5.8633914,5.1337986,5.870735,6.4758196,4.9639277,5.547246,5.518018,6.5707836,5.2623334,5.8732576,5.9276094,5.050169,5.8344007,6.419787,5.641932,6.10908,5.1073527,5.0496626,7.3136826,7.3553805,4.23342,6.0097766,6.581222,6.8325734,7.1405306,6.6298256,5.7356524,6.131746,5.3927794,6.2038875,5.126392,4.8301287,5.8010054,5.645447,6.609335,7.182421,7.4935837,7.514916,5.392464,6.9847093,6.294779,6.7994375,6.817418,8.190554,5.4366117,4.3091764,5.008956,5.8516035,7.606652,7.3228383,4.2166166,4.7169113,4.5658965,4.541087,4.07171,4.968907,4.0882754,4.4298306,4.6350517,4.3643703,6.692453,3.926763,4.591427,4.641538,5.3253345,5.3082476,4.1560645,4.463178,4.342397,4.4024763,4.115419,4.0971775,4.7837534,7.550866,5.6186185,5.7759743,5.008865,6.609031,5.968296,5.7925076,6.33495,6.2013555
25,4.6017795,4.984645,4.319995,4.7222433,3.0797465,4.470234,4.656048,3.9450023,4.607985,4.907908,8.887274,8.345802,3.9130278,3.2340014,5.42395,5.3867326,5.0847907,4.3880115,5.2682943,3.7764583,4.7462955,3.2603767,2.92383,3.3354526,0.36736903,0.0,6.98215,1.7443773,5.1176887,5.845093,2.3714924,3.5795727,6.9455934,6.5889893,5.4870872,6.7582374,6.6098638,6.13255,5.5623617,5.547445,6.8369055,6.586579,7.9007726,7.1574497,5.82571,8.312858,5.792824,5.0638146,5.831477,6.341027,5.0664425,5.53847,5.4564543,6.704005,5.179398,5.8352985,5.892248,5.064609,5.783897,6.3169475,5.565889,5.967103,5.0912604,5.077487,7.2359757,7.333952,4.2329035,5.9705124,6.619021,6.8130746,7.17302,6.6436954,5.729829,6.1170745,5.4632874,6.1464815,5.0859723,4.778403,5.6818113,5.543502,6.5257144,7.1159883,7.424798,7.443597,5.356782,7.0155745,6.240633,6.750991,6.744441,8.090993,5.3330836,4.202656,5.129693,5.7837224,7.5764318,7.280385,4.183666,4.5739126,4.4290295,4.4020934,4.0597615,4.9080973,4.028693,4.395122,4.523662,4.247264,6.7892914,3.7824318,4.659536,4.5729427,5.207358,5.1919174,4.1439114,4.4591537,4.302886,4.292945,4.068772,4.102638,4.6590543,7.46657,5.5758886,5.654539,5.0277414,6.5525928,5.9109664,5.733666,6.297194,6.081865
26,7.198507,7.20991,6.4110913,7.1940303,7.2828846,7.920402,7.538391,7.0781455,7.3743906,6.3123736,5.282447,3.931551,7.2390895,7.3041997,8.159589,8.121598,7.7936254,7.4944553,7.874695,7.511295,8.206064,7.233709,7.6742797,7.4200864,6.9828973,6.98215,0.0,6.875272,8.345548,8.852811,7.229417,7.267616,6.5942106,8.275667,8.075127,5.745889,8.918773,6.014771,5.943245,5.951099,5.8110375,6.1625185,9.255839,7.20327,5.904878,6.0533714,8.134084,8.120496,7.923797,8.690486,8.027627,5.519918,8.022878,9.111641,7.940687,8.29252,8.013332,8.118266,7.6292925,8.799368,8.332053,8.593168,8.163643,8.342243,8.650018,5.1486897,6.929974,7.8654923,8.167798,8.313993,8.340836,7.5947,7.975671,8.263417,7.97597,7.9086304,7.219663,7.436515,8.186341,7.398938,8.670656,7.0687065,6.7061033,6.784472,5.4942446,7.000144,6.3620057,6.8421445,6.7956505,7.552941,7.331115,7.7916985,5.7536874,7.070026,5.1772275,5.505513,7.065209,7.639858,7.530755,7.512879,6.969359,6.8335443,7.324625,7.7606287,7.681679,7.480293,5.42632,6.4850554,7.6128154,8.028376,7.9185786,7.338339,7.266837,7.4390926,7.409013,7.76869,7.848794,7.834205,6.7266154,9.332013,7.902311,7.3661747,8.198982,8.566079,7.6155987,8.03438,8.403197,7.722884
27,5.1178966,4.6415157,3.8969653,5.1462483,3.6821048,4.9366403,4.2999473,3.0674071,4.949852,4.5802736,8.834614,8.230478,3.5260031,2.7089214,5.8358173,5.791272,4.750975,4.0251985,4.903522,3.2277327,5.574349,3.7387862,3.5662913,2.9348035,1.8182626,1.7443773,6.875272,0.0,4.7629,5.5575995,2.902475,2.5277388,6.675294,6.168141,6.2469316,6.563338,6.4126616,5.9619865,5.915346,5.906395,7.1752186,6.9398265,8.363947,7.5243716,6.167687,8.53067,6.1598134,5.34895,5.643486,6.951001,5.2641435,6.300498,6.1950808,7.411573,5.9419546,6.541483,5.4836035,5.867878,6.495044,6.9361477,6.1681314,6.5154023,5.8665843,5.891617,6.90223,7.2182775,4.529086,6.1815004,7.054232,6.378288,7.4185967,6.43588,6.1050515,6.429456,5.964459,5.8830905,4.759298,5.1524887,5.1744294,5.186656,6.3177032,6.9819584,7.314147,7.3261724,5.530967,7.2434955,6.404363,6.8560386,7.38518,7.9760957,5.1459928,3.9321861,5.01423,5.5886664,7.496658,7.201239,4.4337435,4.6988506,4.578542,4.551678,4.2897325,5.076691,4.267243,5.2427444,4.2183456,3.9040534,6.7574325,4.0502577,4.4564176,4.1844745,4.875351,4.8662567,5.10758,5.3491926,4.451721,5.1071887,5.0137806,5.0667777,4.426745,7.9500012,6.2469435,5.412713,5.7407017,7.105604,6.5716443,6.394488,6.9258466,5.7144384
28,5.7696157,4.387742,4.8418393,5.7069073,3.9942317,4.123167,2.7374618,3.6581697,5.8867025,5.424644,9.363212,8.777078,4.867643,4.378557,6.863572,6.787854,5.7920227,6.2527184,5.960713,5.693157,7.569577,6.0081887,5.9005094,5.3973536,5.1530194,5.1176887,8.345548,4.7629,0.0,2.931172,4.4814653,4.1570487,5.8929353,5.0206122,5.9343877,5.602536,5.224741,5.178891,5.4490805,5.437482,6.417417,6.2336345,7.384292,6.039563,5.214964,7.8888793,5.2377415,4.50329,5.0936923,6.837621,4.9218297,6.5713463,6.146491,7.3706517,6.8769207,6.6598682,4.7558756,5.347493,7.5634785,6.6605463,5.191265,5.6342897,5.368458,5.5951242,6.2515383,8.049057,5.3119755,6.7258244,6.634984,5.370947,6.546221,6.599128,6.8259954,6.9184303,7.163905,6.775723,5.397881,5.4604187,5.5343747,4.535464,4.3085895,5.234709,6.241885,6.2310905,6.381325,5.527889,5.292187,5.1422334,6.320688,7.109773,5.968827,4.781496,5.4312086,4.5598516,6.5000105,6.3972945,4.81437,4.980524,4.776677,4.8272853,4.5501814,5.4725513,4.9648066,5.5776386,4.391917,4.1188273,6.328394,4.9413543,4.4266176,5.000645,5.0992103,5.1050196,5.878322,5.7424755,3.7780774,5.1577215,5.6041737,5.7842073,5.1961675,6.905006,6.787334,6.102445,4.651201,6.386457,6.808039,6.533624,7.0954146,5.5197053
29,6.122465,5.0037293,5.3160157,6.0786166,4.4252396,4.026723,2.6395676,3.984045,5.9274635,6.5202956,9.591565,8.775286,5.3473372,4.833019,6.3852963,6.3228245,5.85418,6.2746563,5.778795,5.9084926,6.5722175,5.9829373,5.915187,6.249642,5.865981,5.845093,8.852811,5.5575995,2.931172,0.0,5.517868,5.1509047,6.8664417,6.424917,7.0842056,6.5808,6.490767,6.0290265,6.3051496,6.3057446,7.491189,7.3201623,7.3745575,6.8312607,6.527965,9.013155,6.0405912,5.855103,5.346258,6.9449687,6.1278334,7.4258447,6.612857,7.8172894,6.961167,7.0041823,5.75352,6.2267838,8.0908575,7.2210608,5.077534,5.510684,6.120755,6.066984,7.1814513,8.339113,5.8403955,7.1745863,5.862949,4.3197103,7.1290298,6.3500557,7.1220713,6.8608646,7.582405,6.2470446,5.36852,4.783751,5.6615834,4.5749564,5.0499268,6.170668,7.250665,7.2532635,5.904736,5.3454657,4.678463,4.50646,5.9983835,7.1753926,5.7877145,4.533109,5.2746654,4.0526237,6.2095723,6.2607956,5.2729745,5.347411,5.464891,5.5228844,5.345719,6.1822925,5.3668046,5.8963814,3.6856294,4.7792034,6.3614264,5.2319274,4.587029,5.2291,5.9949203,6.05908,5.5722375,5.435882,4.4625525,5.369195,5.2567773,5.6539373,6.2322397,7.829055,7.3790317,6.7904487,4.6379347,6.460487,6.938443,7.607472,6.5565505,5.0992537
30,5.2406645,4.9862294,4.604964,5.2735586,3.7008896,3.6553376,4.010677,4.5135536,3.798385,3.977328,8.387908,7.8095665,3.0973766,2.4034724,5.1841035,5.0845284,4.638034,5.1279345,4.7079024,4.423521,5.7522607,3.8531942,3.7741532,3.973757,2.4140072,2.3714924,7.229417,2.902475,4.4814653,5.517868,0.0,2.688813,6.556299,6.20682,5.7202835,6.321052,5.8541117,5.782518,5.198331,5.165996,6.2659903,6.065858,7.5782404,6.695688,5.129812,7.912429,5.295331,4.487969,5.473814,6.0948224,4.546708,5.6468787,4.893611,6.3401403,5.792146,5.411677,5.475532,4.66604,5.401754,5.9066515,5.009231,5.341624,4.5922413,4.668768,6.795925,8.094598,5.263966,6.687625,6.4162135,6.7470136,6.93016,7.2831273,6.7758327,7.09155,6.6854334,7.2700863,5.8354683,5.199802,6.59652,5.308588,5.972085,6.4274077,6.6279197,6.654531,4.998451,6.5140514,5.894749,6.4264026,6.285657,7.6520233,4.767184,3.5060859,5.7983036,5.3391895,7.097025,6.88725,4.4341784,4.7968493,4.6280093,4.5948443,4.323049,5.083364,4.355746,4.752994,5.3531523,4.929988,6.59937,4.7415004,4.307233,5.4307175,5.6316705,5.594434,4.704096,4.9929814,3.891717,3.9260178,4.694454,4.585934,4.7368717,6.813727,5.814856,5.736186,4.6032944,6.23611,6.206416,5.8740697,6.728728,6.3773613
31,6.2990513,4.9686017,4.464063,6.240569,4.745793,4.7532997,3.6500862,3.6586852,4.732988,3.8201334,8.573783,7.8054466,2.8091164,1.8328304,5.9454827,5.8705273,4.328534,4.886949,4.3927407,4.0798173,6.828945,4.8001437,4.7590065,3.8229234,3.6208768,3.5795727,7.267616,2.5277388,4.1570487,5.1509047,2.688813,0.0,6.2892613,5.701413,7.0121217,6.22718,5.9130273,5.66187,5.961141,5.941657,7.0688577,6.8797665,8.48093,7.4629493,6.0182533,8.440354,6.147682,5.2559915,5.3805037,7.202378,5.1748548,7.0220447,6.375091,7.6005588,7.0618997,6.7833476,5.007363,6.1127653,6.7115374,7.18426,6.166369,6.45136,6.0658603,6.151729,6.5641446,8.124917,5.8361044,7.169238,7.1660895,6.110443,7.5575385,7.0831385,7.4688687,7.7064643,7.4206834,7.0343275,5.627883,5.84263,6.1766815,5.0054374,5.9025826,6.559063,6.8697796,6.8876767,5.347142,7.0414376,6.222702,6.656079,7.4295692,7.75593,4.672911,3.2790666,5.72653,5.1674705,7.0831046,6.9303546,5.092293,5.2852774,5.1927476,5.1642137,4.959013,5.639157,4.994257,6.1515465,5.124977,4.7932243,6.6088576,5.2140703,4.2129893,5.088802,5.5365243,5.5141745,6.113465,6.302206,4.346753,5.422449,6.069585,6.065255,4.8299093,7.929582,7.0065284,5.7141333,5.877823,7.228292,7.306009,7.1110463,7.734145,6.03521
