,0,1,2,3,4,5,6,7,8,9,10,11,12,13,14,15,16,17,18,19,20,21,22,23,24,25,26,27,28,29,30,31,32,33,34,35,36,37,38,39,40,41,42,43,44,45,46,47,48,49,50,51,52,53,54,55,56,57,58,59,60,61,62,63,64,65,66,67,68,69,70,71,72,73,74,75,76,77,78,79,80,81,82,83,84,85,86,87,88,89,90,91,92,93,94,95,96,97,98,99,100,101,102,103,104,105,106,107,108,109,110,111,112,113,114,115,116,117,118,119,120,121,122,123,124,125,126,127
0,0.0,0.03884052,4.6423607,5.181192,4.6114,4.7189784,3.9565482,4.5123143,6.048241,5.78776,5.210728,4.6291966,7.8007426,8.105472,6.5684443,5.2362595,4.384915,4.0373235,5.2184777,6.7334185,6.3670397,3.524935,5.605538,6.4122796,5.2379994,4.471192,4.9090633,5.392711,4.0363493,4.04616,4.318668,4.5312257,6.2913814,6.856786,6.6193104,6.703469,7.1076403,6.796325,7.425199,8.064622,6.344747,10.422895,9.28685,7.574151,7.8684587,8.824442,6.2845573,7.6387916,5.052051,5.6704373,6.1150417,5.0231543,5.6934223,5.6053815,5.307837,5.825115,6.6786847,6.6333394,8.941825,10.551103,6.7424283,7.0557714,5.790084,6.597388,7.99034,7.9779935,6.290342,6.899753,6.1307874,7.398494,7.403517,8.049777,8.3640995,8.730408,8.046906,8.133643,6.9732995,5.918032,7.158213,6.4332013,7.4609237,7.786714,7.494487,7.780841,6.686121,8.674773,5.2955804,7.091642,6.422831,6.892836,6.0223017,6.0123906,6.2003274,6.2003274,5.894136,5.922395,9.60188,7.961204,7.096619,8.5890875,10.09772,9.475543,9.381949,8.552993,8.451348,9.302892,8.672603,8.364153,8.7871065,8.464607,8.703289,8.206617,9.382473,9.259155,6.7137537,9.01329,9.116566,8.470056,8.972546,8.635742,8.443854,8.09734,8.3975725,8.565766,10.941308,10.318194,7.5850887,8.223803
1,0.03884052,0.0,4.635863,5.177978,4.612845,4.7176614,3.9599552,4.5138073,6.0659223,5.8005805,5.2113204,4.6329427,7.8029547,8.104466,6.5731487,5.2441683,4.3914924,4.029753,5.2284713,6.7377334,6.3612695,3.5238712,5.621405,6.41819,5.2453637,4.4705944,4.9228616,5.4006658,4.0379553,4.048014,4.3178105,4.5301614,6.2943172,6.8597207,6.62424,6.7056003,7.107331,6.7949505,7.426025,8.064792,6.3524227,10.428128,9.293827,7.5830374,7.883349,8.840201,6.2863455,7.6498365,5.041785,5.650216,6.11487,5.020151,5.691627,5.5947413,5.298349,5.81166,6.6878204,6.6436763,8.947725,10.548891,6.746315,7.0629454,5.7981505,6.6096473,7.9789352,7.966494,6.282205,6.8907065,6.127908,7.3910875,7.390718,8.045457,8.354749,8.721482,8.03916,8.131273,6.968504,5.9009843,7.166227,6.4189315,7.4614935,7.793276,7.503313,7.7875705,6.6965065,8.681613,5.3099184,7.1030087,6.428743,6.8945756,6.0288095,6.019324,6.1995783,6.1995783,5.9016423,5.9300504,9.603979,7.9639554,7.0920334,8.575174,10.097667,9.480576,9.384018,8.556315,8.45551,9.305854,8.67338,8.3649435,8.792031,8.46658,8.70966,8.207356,9.3755045,9.25383,6.70491,9.007408,9.103237,8.455586,8.958883,8.6210375,8.445201,8.097707,8.397014,8.568725,10.952618,10.326077,7.5766973,8.22272
2,4.6423607,4.635863,0.0,5.9201007,2.882259,2.975731,3.6159031,3.4319398,5.939819,6.2770853,5.837961,5.2368836,8.5572405,8.015083,5.7398424,6.399088,5.9840736,5.6307364,6.6582055,7.867746,7.8300843,5.9807773,6.576655,6.0156126,6.369131,5.9876814,5.7677126,6.0634456,5.462314,5.4660225,5.5749,5.69842,7.7038236,8.320403,7.917873,8.411526,7.638294,7.5872726,7.721882,8.768696,6.979292,9.992338,8.748304,7.155763,7.8035264,8.508258,6.8794336,7.364606,6.5597625,6.3308086,5.1240478,4.94702,5.972286,5.224048,5.0481954,4.994379,6.5393825,6.3462725,6.806478,8.389765,6.320755,6.4322896,5.6785703,6.2353415,7.8159046,7.706532,5.86124,6.2071857,6.8170266,7.6995263,6.7858057,7.3705835,8.402782,8.671833,8.325706,8.853916,7.1214075,6.74973,8.124553,6.5193334,5.7279706,6.1590447,5.739756,6.158363,5.3590293,8.247273,6.3545856,6.0671988,6.8612356,6.961883,6.77516,6.735886,6.561309,6.561309,6.4678173,6.495975,8.467186,8.442488,7.2596025,8.16525,9.1388035,9.727277,8.594747,8.666525,8.516649,8.427837,9.688601,8.53307,8.528679,8.141139,8.995641,8.492272,8.87406,8.902432,6.779365,8.072369,9.231364,8.48384,9.15833,8.753821,8.848292,8.130361,8.712652,8.918242,10.818326,10.536447,7.9242425,8.743959
3,5.181192,5.177978,5.9201007,0.0,5.470019,5.5856504,4.6503153,5.459786,5.998145,5.700565,4.871355,5.8677816,7.59138,7.37289,7.2986646,5.9675465,6.8551793,5.945672,7.204707,8.385252,8.279742,6.3949842,7.6880946,6.54618,5.197802,4.6143236,6.0702705,5.575116,6.020689,6.022446,5.7935095,5.8674684,6.915429,7.3801117,6.7421303,7.187283,7.526225,7.550927,7.17381,7.2392597,6.5447645,9.364481,8.118528,6.324501,7.0265903,7.46233,6.3763504,6.4396925,5.590872,6.011864,5.6488357,4.7790847,5.308925,5.161842,4.8384385,5.817404,6.89114,6.184618,9.334448,10.545889,6.4504833,6.977923,6.9683776,6.5864906,7.166029,7.227911,6.3945265,6.1218867,5.0640287,7.11258,8.365904,8.715013,7.161778,7.391319,7.204299,7.285676,5.6238527,5.395639,6.468906,4.676488,8.133484,8.638796,7.9408393,8.641578,6.604808,9.320535,6.3170314,6.9516373,7.044143,6.843693,6.212444,6.70782,6.752278,6.752278,6.73273,6.7396,9.02497,7.9772663,5.500664,7.8502283,9.307739,8.634053,8.7580595,8.147786,8.00944,8.817667,7.5735645,7.2509203,8.046985,7.4946756,8.213383,8.100134,8.450114,7.544083,5.488689,8.265979,7.340125,7.0155363,8.391678,7.810724,7.68475,8.060979,7.9452653,7.7300663,10.015001,10.351206,7.4641094,7.844007
4,4.6114,4.612845,2.882259,5.470019,0.0,1.1946095,3.8032367,3.655567,6.029468,6.3935866,6.017613,5.381369,8.557708,8.275785,5.613237,6.4061213,5.961032,5.657336,6.6333385,7.939334,7.8364434,5.929345,7.0493846,5.993393,6.7079473,5.948111,5.5064406,6.3974996,6.018675,6.019578,6.1875796,6.3241415,8.209322,8.807442,8.347334,8.550608,8.213781,8.181773,8.157024,9.200647,6.9267817,9.5598955,8.835955,7.267896,7.3287096,8.109495,7.126637,7.797017,7.1408753,7.27159,5.788185,5.66815,6.4850287,6.091259,5.8728123,6.0716133,7.1614604,6.961857,7.3338866,9.052056,7.098315,7.1312423,6.2404027,6.805056,7.969096,7.85589,6.5026464,6.3035755,6.631828,7.3536406,7.324023,7.7459116,9.054876,9.272147,8.974532,8.984144,7.656032,7.3719864,7.9784665,6.7789984,5.9921384,6.419832,5.966008,6.414657,5.2267404,8.596392,6.6183434,5.805243,7.2275853,7.494246,7.1116705,7.0678325,7.033723,7.033723,6.8925567,6.9122844,8.568594,8.369291,7.18953,8.449382,8.582621,9.079398,8.540913,8.671004,8.526553,8.391321,8.758573,8.637565,8.660565,8.331227,8.97174,8.664235,8.935971,8.996551,7.201751,8.397922,9.296593,8.512166,9.02687,8.67389,8.904202,8.376442,8.767534,8.947356,10.53165,10.102059,7.742656,8.674442
5,4.7189784,4.7176614,2.975731,5.5856504,1.1946095,0.0,3.9637485,3.5116673,6.341876,6.7058697,6.353587,5.7678804,8.83093,8.352729,5.994325,6.673891,6.2910295,5.98598,6.7801085,7.987959,7.897475,6.0126066,7.0904813,5.890458,6.921065,6.070723,6.124726,6.936078,6.093959,6.094982,6.229837,6.378833,8.431506,8.978764,8.584842,8.702236,8.407216,8.142658,8.4282465,9.424984,7.2743926,9.540954,9.087152,7.4981904,7.7976046,8.503962,7.6827173,8.139645,7.3405395,7.204707,5.9304423,5.76302,6.7649083,6.1741147,5.98879,6.025165,7.087422,7.12027,7.368996,8.965245,7.0591145,7.32395,6.6555724,7.2317705,8.1458235,8.001264,6.568533,6.4792833,7.1036825,7.4831195,7.5602713,8.082312,9.176942,9.439916,8.988773,9.002373,7.8102736,7.4503098,8.223967,6.7659793,6.3116717,6.7057247,6.3444066,6.704316,5.455736,8.822024,6.8029957,6.148678,7.3074265,7.4274316,7.335567,7.2960925,6.9937153,6.9937153,7.025412,7.0466,8.847907,8.559592,7.6407185,8.600267,8.737173,9.337943,8.90074,8.991582,8.877303,8.786983,8.961398,8.888442,8.864426,8.491695,9.305765,8.681246,9.036377,9.009428,7.3015294,8.451514,9.413024,8.635934,9.181588,8.819261,9.237632,8.64833,9.050858,9.283308,11.157068,10.822455,7.639801,8.913004
6,3.9565482,3.9599552,3.6159031,4.6503153,3.8032367,3.9637485,0.0,2.504958,4.776514,5.1807866,4.817089,4.0959344,7.700926,7.421093,6.3879385,5.2161255,5.1477146,4.700312,5.964853,7.354282,7.278175,5.1217756,5.8211074,4.1350274,5.6423335,5.525713,5.4298234,5.320281,5.057191,5.059717,5.226062,5.3283095,7.08848,7.6540804,7.338051,7.840193,7.7299805,7.7113647,7.905105,8.536614,7.081813,9.166662,8.350313,6.5599794,6.8557534,7.617186,6.7472277,7.448339,6.063297,6.363612,5.8399634,5.0891123,5.9588504,5.646629,5.355692,5.698729,6.8544116,6.597664,8.975314,10.468346,6.7264953,6.7795773,6.4162993,6.3487515,8.180155,8.17464,5.424797,7.135065,5.2504387,6.7685313,7.397636,7.718546,8.2634735,8.56075,8.1989975,8.705706,6.652701,6.481819,6.9761205,5.6409073,7.4231596,7.756789,7.5241237,7.7514415,5.4156427,8.754146,5.5130677,5.9628763,6.3631134,6.683231,6.1144648,6.094483,6.121005,6.121005,5.8259397,5.85379,9.105775,8.000291,6.5518107,7.9534783,9.244173,8.762055,9.051245,8.281821,8.1377535,8.863281,9.140513,7.873443,7.950441,7.599458,8.229254,8.006074,8.680724,8.646882,6.3903418,7.670131,8.959984,8.220266,8.767776,8.376491,8.179199,7.6939335,8.089681,8.190975,10.178788,9.867594,7.427344,8.312716
7,4.5123143,4.5138073,3.4319398,5.459786,3.655567,3.5116673,2.504958,0.0,5.0098834,5.4823704,5.665925,4.90932,8.878733,8.315848,6.731905,6.066078,5.702805,5.5481,6.0695424,7.5061126,8.042248,5.6159496,5.959455,4.9353085,5.9704604,5.936503,5.6377454,6.1654067,4.7281647,4.728786,4.8432865,4.909258,7.607153,8.401582,7.507431,8.496489,8.2348995,8.129312,7.984261,8.732469,7.1777263,9.558189,8.79512,7.1669154,7.2122593,7.9900036,7.489021,7.6014624,7.1428223,6.8387976,6.2124634,5.5986137,6.8652167,6.1009703,5.9884253,5.869832,6.7722564,6.586579,8.470298,9.4106865,6.5713754,6.7089686,6.5945797,6.7283826,9.043192,9.027777,6.207297,7.5276885,6.7221937,7.8727994,8.265021,8.763871,8.913392,9.075172,8.70541,9.077071,7.4538107,7.0688963,7.885956,6.4460354,7.410514,7.7064238,7.032728,7.6998606,5.8479986,9.021264,5.5451484,6.3470883,6.3617086,6.4185624,6.5423317,6.4739733,6.2894754,6.2894754,6.255751,6.2732406,9.243249,8.676694,7.2633677,8.448762,9.233367,9.274878,9.454853,8.939579,8.814709,9.371796,9.631924,8.495136,8.433388,8.182568,9.001469,8.434238,8.9534445,8.991751,6.232639,8.040744,9.393476,8.665124,9.210587,8.825453,8.851473,8.107675,8.554051,8.838565,10.776098,10.412164,7.61086,9.05768
8,6.048241,6.0659223,5.939819,5.998145,6.029468,6.341876,4.776514,5.0098834,0.0,4.2096586,4.4818363,3.8731835,7.111348,6.8324523,5.724364,4.1804147,5.295258,6.0169005,4.7860265,6.568452,7.515605,5.5961137,3.878236,4.7172737,5.593072,5.4917593,4.844052,4.426872,5.2416744,5.2256603,5.172826,5.284422,5.9795127,6.9623814,5.9356546,7.1470776,6.982501,7.172303,6.513359,7.2550745,5.182203,8.277081,6.210694,4.96723,5.935638,5.8532043,6.651628,4.7015557,7.3390193,7.805581,5.7798467,5.320373,6.141634,6.1451735,6.229282,7.135895,5.985023,5.097188,8.297542,9.268557,5.0194364,5.351363,5.4018126,4.694725,8.770805,8.817723,6.405696,7.6685047,6.840619,7.711136,8.311493,8.175699,8.175094,8.295645,7.8011503,7.837738,6.6721277,7.2337813,6.0723286,6.878558,7.8386703,6.9123235,6.9406843,6.8886786,5.005574,7.270874,5.497754,5.29511,6.133065,6.6276417,5.5997114,5.6483164,7.1603475,7.1603475,5.5806923,5.583203,8.27225,7.6814413,7.4130626,9.335697,9.097367,8.475805,8.470854,7.8369765,7.857178,8.460152,8.747352,7.3430943,7.3081617,7.359005,7.5889354,7.682141,9.136023,8.519718,6.942785,7.7207265,9.551595,9.194294,10.5223465,9.713666,7.6742067,6.7933736,7.790485,7.4707994,8.5214615,8.8930025,8.024356,7.9065137
9,5.78776,5.8005805,6.2770853,5.700565,6.3935866,6.7058697,5.1807866,5.4823704,4.2096586,0.0,3.6338072,4.3961363,6.0395927,6.6136913,6.075426,4.5729017,6.5865917,7.1953526,6.285967,7.792153,8.175649,6.438391,6.10556,6.766684,6.169788,5.5243793,6.5181913,5.530894,5.6349664,5.6345696,5.577001,5.6444125,4.4607515,5.5297594,4.431171,5.912529,5.650096,5.869946,4.7746296,5.1670513,4.7285795,7.9737353,6.4921904,5.055525,4.018971,5.45247,5.3573003,5.151655,5.8693023,6.3027406,6.705602,5.7917275,6.5493507,6.590154,6.6420226,6.7070236,6.459545,5.644261,8.125515,9.559827,5.5281544,5.9593763,3.9684234,4.723487,9.008945,9.086152,7.71288,8.157482,6.1819606,8.775684,8.99499,9.513461,8.332332,8.457802,7.705133,7.7490106,7.3348637,6.3243885,4.73549,6.0302825,9.225503,8.495782,8.03277,8.486507,6.959059,8.8052845,6.8895087,7.1488256,7.8238106,7.867502,6.9269447,7.2575083,8.684982,8.684982,7.440536,7.449987,7.1225348,6.5276756,6.1251345,7.7845464,8.006061,7.304829,7.3543124,6.567754,6.5687213,7.4194784,7.9028416,6.3144736,6.832195,6.8135676,6.355878,6.3719935,9.115477,8.715688,4.8742394,8.14318,8.672719,8.228139,9.36755,8.554874,6.5416737,6.293264,6.4965043,6.5181055,9.059106,9.155848,7.3284926,7.191226
10,5.210728,5.2113204,5.837961,4.871355,6.017613,6.353587,4.817089,5.665925,4.4818363,3.6338072,0.0,2.4971514,4.97615,5.5461206,5.4627857,3.8963299,4.949534,5.480497,5.312878,6.7768655,6.1819706,4.9221697,5.585735,5.823506,5.5137186,4.066546,5.8741407,3.9655802,5.026989,5.030348,5.29885,5.43455,3.4278138,4.6503167,3.778568,4.8956404,4.6448903,4.891981,3.8139513,4.3808193,3.6770904,7.3288765,5.7101645,4.562009,4.9951687,5.861264,4.3379555,5.151249,4.358833,4.8841333,5.4779425,4.294605,4.81864,4.7669,4.9901166,5.9392786,5.658003,5.1955967,8.229898,9.363173,5.2035594,5.187119,3.9338658,4.910487,7.0973353,7.1603,5.981537,6.400055,4.8551955,6.949332,7.0264244,7.833597,6.6777334,6.88039,6.2062593,6.58722,5.837623,4.3288827,3.8611536,4.0565214,8.560193,8.015141,8.190416,8.008594,6.638001,8.170366,7.200798,6.834225,7.5869093,7.7283363,6.595231,6.9162617,8.07476,8.07476,7.1449184,7.1658897,6.8203034,5.738918,5.1001534,6.5021563,7.305974,6.5910063,6.8320594,5.6939387,5.8849473,6.62824,7.086583,5.5707183,6.326603,5.873636,5.7478523,5.6298847,7.6924987,8.096435,4.867339,6.9338875,7.7262354,6.7908306,7.77561,6.7038116,5.8715525,5.3371997,5.479367,5.967868,8.90685,8.702399,6.0315704,5.796807
11,4.6291966,4.6329427,5.2368836,5.8677816,5.381369,5.7678804,4.0959344,4.90932,3.8731835,4.3961363,2.4971514,0.0,5.7107196,6.2762895,4.8373938,3.16334,3.681451,4.3498216,4.1347055,5.9764466,5.226661,3.6622477,4.42459,4.7761254,6.0275946,4.7662315,5.203726,4.0307317,4.5811033,4.584042,4.880637,5.0317435,4.5607967,5.7233443,5.0316467,5.879208,5.70946,5.928697,5.3618183,6.3269453,4.4818087,8.137988,6.7892776,5.8113446,5.9348855,6.872352,5.3467627,6.214813,5.5028815,5.9776435,6.069104,5.049669,5.652361,5.5439706,5.7143726,6.5901623,6.401691,5.951122,8.629765,9.809012,5.9848385,5.9416447,4.5012817,5.6394033,7.636752,7.68627,5.417799,6.944546,5.5228853,6.5200334,6.4214315,7.233529,7.4598308,7.6493526,7.0429053,7.375788,6.608146,5.3886223,4.9658012,5.1539445,7.9309254,7.3204117,7.795885,7.3056974,5.857646,7.650119,6.445232,6.076792,6.8022795,7.4309487,6.1817317,6.155116,7.3463774,7.3463774,6.3216705,6.344412,7.5391564,6.4052887,6.1292567,7.367507,8.0082655,7.400147,7.56051,6.6117663,6.7584343,7.397072,7.832511,6.4939647,7.024441,6.7005806,6.5915213,6.503992,8.353757,8.544849,5.8326783,7.192411,8.441711,7.6192927,8.446038,7.531621,6.650143,5.482973,6.3217535,6.6839943,8.930924,8.132851,6.430219,6.541827
12,7.8007426,7.8029547,8.5572405,7.59138,8.557708,8.83093,7.700926,8.878733,7.111348,6.0395927,4.97615,5.7107196,0.0,3.4883862,6.3212886,5.0560613,7.4677944,7.6470246,7.07216,8.702043,5.656711,6.767596,7.116345,7.556559,8.156895,6.189079,8.824855,5.945225,8.332437,8.3312645,8.277886,8.310332,6.018404,6.727049,6.99924,7.1180487,6.9495115,6.694791,6.2500453,6.596685,5.9804792,5.945768,7.1742706,7.0081654,6.638584,7.1250124,5.5049424,6.9695725,5.6279197,6.763154,6.934924,6.1971517,6.069468,6.6232843,6.6982107,7.3694396,7.603489,7.1695294,8.894016,10.7734,6.872831,7.6778316,5.800129,6.4669347,6.5189,6.548801,6.671837,6.8282104,5.488445,6.5217943,6.722377,7.0134597,6.081404,6.321606,5.2987757,5.824491,6.1789775,5.440896,4.0484557,5.246383,9.415291,8.410477,9.83499,8.409105,7.2396064,8.321006,8.828436,7.281864,8.413904,8.831,7.287931,7.6566033,9.047091,9.047091,7.971008,7.976702,5.6602397,2.846911,5.835033,6.3333583,6.4478774,5.0442643,5.0289354,4.0763164,4.478544,5.2482247,6.21604,4.2192755,5.424825,5.3017797,4.1930633,4.048251,8.022539,7.1606817,6.9355946,6.799587,7.010423,6.683578,8.513244,7.270296,4.2605824,4.6860876,4.813534,4.366162,8.545824,8.524209,5.583952,4.5251217
13,8.105472,8.104466,8.015083,7.37289,8.275785,8.352729,7.421093,8.315848,6.8324523,6.6136913,5.5461206,6.2762895,3.4883862,0.0,7.5198183,6.4178123,7.3558936,7.361394,7.044647,8.45933,5.90302,7.149622,6.749577,7.0584908,8.193128,6.0973477,9.000613,6.0530863,8.62169,8.617292,8.507462,8.586392,6.7990685,7.3684464,7.702529,7.5886145,7.4540377,7.1800175,6.9883275,7.2194853,6.4570937,4.6618733,6.4411435,6.3212786,7.6812015,7.26131,6.6347904,6.4578094,6.2106605,6.196651,5.623006,5.212072,5.8555613,5.540213,5.687305,5.709464,6.701001,6.449096,8.389111,10.016556,5.476642,6.4174576,6.404224,5.7066126,5.4114933,5.355557,5.735136,5.7752438,5.8217616,5.6451077,5.902619,5.8978653,4.721881,5.0917506,4.12028,4.978757,4.509674,5.176666,5.8980627,4.8977942,9.301948,8.31512,9.931478,8.318294,7.1304736,8.364706,8.924774,7.5065074,7.9423013,7.8021655,7.0668516,7.4489975,8.337951,8.337951,7.384537,7.402906,5.806384,4.0947137,6.722417,5.870296,6.3645372,5.8635683,5.937895,5.0117855,5.2749,6.023356,6.4889016,4.5062194,4.35575,4.057267,5.1453066,4.11142,6.110938,5.1767144,6.9688373,4.3736844,6.2697897,5.86233,8.158391,6.773655,5.3100367,4.923885,5.369062,5.257259,8.361549,9.315017,4.8810067,5.150201
14,6.5684443,6.5731487,5.7398424,7.2986646,5.613237,5.994325,6.3879385,6.731905,5.724364,6.075426,5.4627857,4.8373938,6.3212886,7.5198183,0.0,3.84926,7.183585,7.266626,6.67091,8.079171,7.2493114,6.1508956,6.639814,6.785588,7.2528954,6.479546,6.552578,6.2035756,6.3304634,6.3293805,6.173269,6.207135,7.0700912,7.886865,7.444812,8.1474,7.0696073,6.8325143,6.6797805,8.100014,5.9884562,8.921036,7.974446,7.124605,6.6797605,7.5919886,6.203053,6.958013,7.1049204,8.041884,6.584394,6.3600903,6.3241563,6.748081,6.833797,7.9880548,7.786063,7.200215,6.880929,8.472389,7.097688,7.9964714,5.0977035,7.036353,8.256035,8.165029,7.224942,7.0985847,7.2036786,8.014702,7.1567006,7.684676,8.892622,9.058174,8.35094,8.665161,8.163881,7.2807546,6.0071373,6.9752135,5.573345,4.601505,5.2515254,4.5890074,4.388466,6.5879464,7.0165176,4.5773764,7.531855,8.447403,6.914522,6.9227157,8.235088,8.235088,7.1736865,7.1719894,7.170485,6.691844,7.0013804,9.080388,7.949895,8.188513,6.6458335,7.5303817,7.7041993,6.966061,9.007749,7.747517,8.744709,8.602231,7.957832,7.859908,10.661841,9.682306,7.643012,9.3056,9.645542,9.415955,10.75762,9.934549,7.6653357,7.2811737,8.0624695,7.691775,10.408809,9.596554,8.24087,7.885872
15,5.2362595,5.2441683,6.399088,5.9675465,6.4061213,6.673891,5.2161255,6.066078,4.1804147,4.5729017,3.8963299,3.16334,5.0560613,6.4178123,3.84926,0.0,5.6276793,5.66756,4.829924,6.6150775,5.7638283,4.180871,4.8205385,5.27037,5.9234962,5.099445,5.7583017,4.7595468,4.906074,4.9052343,4.6224327,4.6624827,5.32568,6.3382087,5.725342,6.6647644,6.498618,6.2262635,6.081128,6.9381924,5.265503,8.50981,7.446444,6.5274906,6.2142034,7.0786786,5.6116843,6.26957,5.7872005,6.9003444,6.608279,5.6550927,5.7283115,6.1857,6.2724037,7.4935036,7.2893276,6.6181026,8.887294,10.172272,6.4046454,7.455739,5.266507,6.4479656,8.099896,8.142453,6.0810933,7.4290233,5.9744844,6.993161,7.285975,7.7533064,7.788164,7.974296,7.1348996,7.4491706,6.923434,5.951337,4.5210915,5.6976266,7.4710455,6.7320714,7.2969337,6.7183347,5.061872,6.8540573,5.554578,5.130128,6.2906065,7.3116174,5.43825,5.494701,7.117643,7.117643,5.834481,5.831971,7.9239826,6.07619,6.259914,8.539367,8.679878,7.67668,7.4726386,6.9960523,7.2052326,7.759437,8.062012,6.65313,7.817441,7.685364,6.9825025,6.867358,9.90532,8.658496,6.442852,8.449617,8.608855,8.491549,10.039828,9.104315,6.5961266,6.169047,7.0887866,6.5864053,9.581868,8.856981,7.2501454,6.87288
16,4.384915,4.3914924,5.9840736,6.8551793,5.961032,6.2910295,5.1477146,5.702805,5.295258,6.5865917,4.949534,3.681451,7.4677944,7.3558936,7.183585,5.6276793,0.0,2.7659705,2.9735494,4.848161,4.715353,2.9570541,4.0406446,5.439228,6.0927296,5.190858,4.521354,4.0090895,5.047734,5.0378165,5.720713,5.9195676,6.038225,7.0189037,6.4366875,6.777007,7.3078036,7.4870257,7.130944,7.8708878,5.299996,9.363048,7.881958,7.287447,7.6621885,7.9563875,6.1103,7.075979,6.087817,6.6370997,6.300085,5.4795103,5.799355,5.6537685,5.948641,6.7338147,6.324081,6.2468386,9.221525,10.4634905,6.800112,6.0516815,5.9015036,6.2124915,7.7362914,7.8083544,5.3097725,6.8477783,6.4794655,6.5152493,6.908228,7.1195993,7.678145,7.8806734,7.555247,7.5367265,6.675831,6.5297275,7.372023,7.009409,8.322026,7.885761,8.651229,7.872368,6.9794545,7.6365094,6.455582,7.155736,6.920188,7.6792927,6.705948,6.5360646,7.007096,7.007096,6.5659094,6.5835586,8.923886,7.512897,7.2711105,8.310467,9.399208,8.590644,8.926679,7.5543923,7.7480645,8.518685,8.1256,7.753625,7.5247316,7.350737,7.53646,7.4496474,7.7870755,8.775858,7.5874524,7.2132826,9.176105,8.105924,8.736654,7.824809,7.850924,6.394786,7.4683657,7.870255,8.995136,8.320159,6.9659286,6.7594786
17,4.0373235,4.029753,5.6307364,5.945672,5.657336,5.98598,4.700312,5.5481,6.0169005,7.1953526,5.480497,4.3498216,7.6470246,7.361394,7.266626,5.66756,2.7659705,0.0,4.2575855,5.5079484,4.8562274,3.1748173,5.407455,5.674166,6.2007794,5.378035,4.7680054,4.3884487,5.3739796,5.373067,5.5700393,5.722083,6.920298,7.6443377,7.4103556,7.4044785,7.9230595,8.132282,8.063221,8.7001295,6.5125914,10.016081,8.7340145,7.920292,8.602365,8.906921,6.4139132,7.671013,5.759463,6.180171,6.2340345,5.3966675,5.57916,5.233478,5.390851,6.161287,7.512638,7.0570292,9.9128685,11.138784,7.3921986,7.234289,6.8812714,7.036265,6.7741494,6.871479,4.592988,6.223844,5.6336465,5.4091268,5.9247246,6.2656846,7.0411954,7.3123236,7.2755456,7.57715,5.9574747,5.8432093,7.992086,6.343093,7.5290747,7.7002463,8.436527,7.698124,6.6533833,7.655615,5.8556504,6.9549427,6.2593307,7.0986247,6.050412,5.8598666,5.7646394,5.7646394,5.7885914,5.80815,9.456677,7.855577,6.8010592,7.967936,9.876039,9.149444,9.246431,8.219411,8.344769,9.101821,8.3041525,7.923222,8.147016,7.7915874,8.318007,8.204848,7.976642,7.960561,7.278034,7.196854,8.033527,7.36923,8.566515,7.6461587,8.059607,6.917839,7.995642,8.100435,9.339228,8.614068,7.133783,7.3070807
18,5.2184777,5.2284713,6.6582055,7.204707,6.6333385,6.7801085,5.964853,6.0695424,4.7860265,6.285967,5.312878,4.1347055,7.07216,7.044647,6.67091,4.829924,2.9735494,4.2575855,0.0,3.9201071,4.6765146,2.6707158,3.056295,5.266505,5.7877436,4.964042,4.662634,4.2915783,4.3842106,4.3651295,4.7303514,4.8780317,6.2225676,7.614949,5.9692755,7.4511843,7.930255,7.718384,6.705282,7.562949,4.678411,8.975499,7.5365586,7.622564,7.3754554,7.4367247,6.0845423,6.284054,6.507614,6.9647884,6.581075,5.817803,6.0672703,5.9297185,6.4512696,7.135428,6.55051,6.4471364,8.946208,10.243961,6.33618,6.514675,5.906635,6.4596744,8.607485,8.636704,5.434233,7.224222,7.5823855,7.4212966,7.591757,7.6944075,7.9478297,7.885332,7.3870215,7.3144045,6.9995503,6.869349,7.216704,7.252367,8.226447,7.3622136,8.275292,7.338845,6.55404,6.417912,5.6089754,6.4264274,6.37331,7.3375545,6.1045856,5.9432564,7.0047445,7.0047445,6.3517423,6.3464065,8.69643,6.9683075,7.553644,9.09783,9.349668,8.558006,8.699024,7.5790687,7.9697795,8.559342,8.145182,7.6859546,7.652219,7.5560884,7.554691,7.0788774,8.605148,8.400466,7.4858007,7.6216326,9.090561,8.471509,9.917868,8.72141,7.816602,6.154648,7.7339835,7.7873383,9.399303,8.755933,7.0297346,6.644556
19,6.7334185,6.7377334,7.867746,8.385252,7.939334,7.987959,7.354282,7.5061126,6.568452,7.792153,6.7768655,5.9764466,8.702043,8.45933,8.079171,6.6150775,4.848161,5.5079484,3.9201071,0.0,6.784873,4.861903,5.6077332,6.717513,7.1486545,7.4168196,6.154384,6.464197,5.8048234,5.7854714,6.1558347,6.392443,6.790748,7.6664057,6.877493,7.4674745,7.96737,7.7909555,7.771299,8.473759,6.17837,9.956563,6.9586167,7.7835693,8.354178,7.880123,7.0529737,7.278195,6.922848,7.1762323,8.232733,7.632394,7.0760174,6.879694,8.004751,8.508536,8.467575,8.441013,9.963509,11.164484,8.315063,8.480767,7.3469005,8.472127,9.857552,9.876314,7.796238,8.942269,8.929204,9.009303,9.14087,9.368649,9.736943,9.920831,9.412597,9.517906,8.74725,8.570028,9.365329,8.930142,9.515252,8.501564,9.656416,8.506989,8.483836,5.6770244,7.6387095,8.684705,9.34341,10.228715,9.03368,8.924879,9.3833475,9.3833475,8.988567,8.991703,10.350151,8.637183,8.975633,10.527674,10.753696,10.181662,10.357484,9.356007,10.199338,10.178202,10.286592,9.929973,9.8939495,9.674336,9.445236,8.971448,10.386439,10.273674,9.227254,8.82414,10.706393,10.170547,12.145657,10.330144,10.139448,7.958734,9.975058,10.114924,11.434837,11.041907,9.261652,8.041372
20,6.3670397,6.3612695,7.8300843,8.279742,7.8364434,7.897475,7.278175,8.042248,7.515605,8.175649,6.1819706,5.226661,5.656711,5.90302,7.2493114,5.7638283,4.715353,4.8562274,4.6765146,6.784873,0.0,3.846516,5.4850955,6.506885,8.310023,5.968917,7.819395,5.897192,7.306296,7.3053784,7.485734,7.5894237,7.20879,8.100984,8.060874,7.9279165,8.380272,7.997326,8.00527,8.729814,6.637646,8.52223,9.297748,9.131495,9.313366,9.734255,7.2096996,8.737317,6.645014,7.04248,7.274676,6.402921,6.733996,6.5655437,6.733285,7.4122314,7.6992006,7.7663603,9.910976,11.266969,7.6152234,7.9892063,7.176141,7.9167,6.517539,6.5284433,4.7270536,6.5274205,6.956029,5.0681586,5.225652,5.894453,6.4405427,6.6706743,5.875332,6.0823097,6.6111317,5.785,6.95962,6.257747,8.890447,8.226085,10.049706,8.217077,7.3777995,8.152738,8.0212755,7.499234,7.0945544,7.92294,6.868106,6.7222657,7.217536,7.217536,6.9102583,6.922481,8.132007,5.807184,7.6096663,7.3867726,8.518333,7.6968646,7.8790345,6.709136,6.977281,7.825131,6.985036,6.6463904,7.0366073,6.748938,6.8930454,6.05391,7.647331,7.504017,7.986521,6.766577,7.6717143,6.931877,8.141866,7.0775743,6.695305,5.468168,6.5771494,6.8052087,9.483679,8.499947,5.1913824,5.6868453
21,3.524935,3.5238712,5.9807773,6.3949842,5.929345,6.0126066,5.1217756,5.6159496,5.5961137,6.438391,4.9221697,3.6622477,6.767596,7.149622,6.1508956,4.180871,2.9570541,3.1748173,2.6707158,4.861903,3.846516,0.0,3.9964795,5.2369447,5.5787907,4.3482122,4.8686304,4.583498,3.9021108,3.900819,4.2290854,4.4027452,6.1099424,7.196754,6.3330035,7.0344725,7.529914,7.1098104,7.0580654,7.8691535,5.5220246,9.468238,8.510309,7.8852754,7.9615417,8.497407,6.05742,7.3864994,5.460954,6.086203,6.408308,5.333304,5.585291,5.480365,5.7167907,6.622749,6.899965,6.9395227,9.362597,10.58627,6.7365284,7.19051,6.0930963,7.02611,7.8362813,7.842697,5.014824,6.7561736,6.609139,6.5062556,6.6729183,7.2162127,7.704285,7.864892,7.19873,7.3665175,6.7278004,5.8389735,6.833425,6.288782,7.7156615,7.42755,8.221774,7.413265,6.4179907,7.2180357,5.4851723,6.4907174,6.120934,7.0986447,5.78534,5.6094894,6.310056,6.310056,5.878244,5.889329,9.141901,6.967825,7.108831,8.533888,9.537694,8.699088,8.873387,7.81334,8.062118,8.8049965,8.109936,7.761115,8.207777,7.9463115,7.93815,7.2809997,8.846114,8.642765,7.1789727,8.018561,8.7421055,8.087592,9.1647005,8.251476,7.7841897,6.7098074,7.740634,7.8720274,10.333434,9.343637,6.666684,6.894436
22,5.605538,5.621405,6.576655,7.6880946,7.0493846,7.0904813,5.8211074,5.959455,3.878236,6.10556,5.585735,4.42459,7.116345,6.749577,6.639814,4.8205385,4.0406446,5.407455,3.056295,5.6077332,5.4850955,3.9964795,0.0,4.9233103,5.924849,5.305489,5.536343,4.642945,4.998762,4.979268,5.2745132,5.4218736,6.342772,7.392447,6.6017065,7.5797496,7.703096,7.288637,7.293354,8.088665,5.670739,8.607503,7.629073,6.9489107,7.8215857,7.683245,7.1263237,6.2480135,7.169568,7.6159964,5.9447837,5.3027425,6.151086,6.0704513,6.2202826,7.041893,5.4445667,5.5482516,8.488944,9.627328,5.229323,5.6448045,5.8711877,5.575784,8.682958,8.670517,5.6531496,7.5557785,7.7177076,7.449103,7.638731,7.4458246,7.9003124,8.090245,7.216917,7.3620734,6.674196,7.1683173,6.9024587,7.513723,8.0884905,7.012585,7.979954,6.985689,5.8711243,6.981022,5.5492444,6.0925207,5.638672,6.4197593,5.52447,5.3365755,6.548139,6.548139,5.230831,5.238192,8.820305,7.266789,8.4284,9.565281,9.644041,8.862408,8.956466,7.875233,7.999465,8.834155,9.0255375,7.7265863,7.356542,7.4593472,7.7467046,7.121846,8.927384,8.733723,8.074654,7.6436343,9.99247,9.42516,10.510864,9.727897,7.9473042,6.7119584,7.900306,7.8245482,9.560265,9.53261,7.4101954,7.581978
23,6.4122796,6.41819,6.0156126,6.54618,5.993393,5.890458,4.1350274,4.9353085,4.7172737,6.766684,5.823506,4.7761254,7.556559,7.0584908,6.785588,5.27037,5.439228,5.674166,5.266505,6.717513,6.506885,5.2369447,4.9233103,0.0,6.5514703,6.408272,6.3927283,5.758047,6.1773686,6.16437,6.394314,6.455125,8.087145,8.889431,8.345173,9.046433,9.029281,8.681154,8.767536,9.44099,7.494921,8.242031,7.933243,7.2036915,7.541819,7.497296,7.8007865,7.8944936,7.6011505,8.058012,6.6313787,6.13664,6.535394,6.3760657,6.5335875,7.404965,7.2051167,7.2898326,9.623937,10.519662,7.190196,7.4817114,7.8109846,7.4445744,8.797727,8.78701,4.809276,7.748571,6.779654,6.3679743,8.093236,7.8463593,8.422797,8.603944,8.17151,8.621672,7.1169496,7.8013496,7.2951703,6.554388,8.242139,7.899848,8.782894,7.8890014,5.138733,7.8614845,6.418884,5.4466105,6.721558,7.427129,6.742349,6.6080694,6.820208,6.820208,6.4878187,6.490469,9.370175,7.901156,7.6006103,8.978034,9.317536,8.536739,9.241601,8.282723,8.463241,9.004031,9.219618,8.036637,7.8341084,7.7334623,8.0868635,7.683434,8.674589,8.640999,8.160765,7.039959,9.750326,8.9969845,9.998088,9.162827,8.309132,7.3569717,8.3908415,8.221077,10.204802,9.956066,7.2846437,7.666311
24,5.2379994,5.2453637,6.369131,5.197802,6.7079473,6.921065,5.6423335,5.9704604,5.593072,6.169788,5.5137186,6.0275946,8.156895,8.193128,7.2528954,5.9234962,6.0927296,6.2007794,5.7877436,7.1486545,8.310023,5.5787907,5.924849,6.5514703,0.0,3.9889865,3.941881,4.137414,3.5957587,3.5782268,3.9690282,3.9734082,7.1194105,8.164225,6.25277,8.442133,8.382988,8.003941,7.08061,7.4353304,6.1542683,10.007062,7.762322,6.792845,7.0479507,6.754807,5.2664123,5.52317,5.364009,6.611725,4.9500947,4.334632,3.871409,4.4253325,4.4637156,6.022294,6.0398016,6.0733876,8.7280855,9.78249,5.9356246,6.340017,6.4899535,5.92951,9.047764,9.0284195,6.5802026,6.7555842,6.7218823,8.964377,9.238955,8.905821,8.304233,8.250773,8.056181,8.617932,6.178758,6.853362,7.5258636,7.139048,7.4065914,7.7577667,7.0896435,7.7413325,6.6769085,7.7009673,4.7815394,6.429258,6.699368,7.059651,5.732012,6.1144648,7.0183215,7.0183215,6.5809464,6.574411,9.968601,8.18951,6.6675715,9.838806,10.517056,9.574866,9.501887,8.6563,8.7618065,9.317119,9.785342,8.614821,8.866797,8.726027,8.814587,8.540985,9.584657,9.549575,7.699922,9.276812,10.023641,9.43908,10.515372,9.855796,8.695896,8.812737,8.984658,8.747646,11.241882,11.277474,8.822891,8.313706
25,4.471192,4.4705944,5.9876814,4.6143236,5.948111,6.070723,5.525713,5.936503,5.4917593,5.5243793,4.066546,4.7662315,6.189079,6.0973477,6.479546,5.099445,5.190858,5.378035,4.964042,7.4168196,5.968917,4.3482122,5.305489,6.408272,3.9889865,0.0,5.158815,3.9486315,4.402436,4.404622,4.544281,4.6574535,6.0154986,7.190942,5.5257015,7.0511928,7.301681,6.836728,5.7461686,6.211645,4.69299,8.458794,7.718535,6.567415,7.1954646,7.4451766,5.2931113,5.554592,4.9280314,5.3800507,4.096959,2.9128473,4.1381283,3.9287355,3.4810789,4.707903,4.998341,5.142742,8.215889,9.393831,4.2110887,5.019058,5.327784,4.9086246,6.9366293,6.8724923,5.1385636,4.952796,5.962518,7.03616,6.97142,7.2593465,6.3543797,6.300976,5.712603,5.8918886,4.7765656,4.346326,5.5954657,4.817475,7.6755424,7.69913,7.625374,7.675098,6.4309735,8.560865,5.923663,6.3523216,5.8230925,5.712072,4.681663,5.1343417,6.4220486,6.4220486,5.6368074,5.6527867,8.136795,6.4582286,6.1901617,7.7617035,8.658206,8.01464,7.9445567,7.0217967,6.86052,7.853025,6.95723,6.503229,6.915591,6.537667,7.243519,6.4392953,7.500176,7.409883,5.963958,7.657052,7.7134705,6.966133,7.829464,7.391619,6.796065,7.008257,6.7875776,6.9230733,9.901719,9.874781,6.0036154,6.689824
26,4.9090633,4.9228616,5.7677126,6.0702705,5.5064406,6.124726,5.4298234,5.6377454,4.844052,6.5181913,5.8741407,5.203726,8.824855,9.000613,6.552578,5.7583017,4.521354,4.7680054,4.662634,6.154384,7.819395,4.8686304,5.536343,6.3927283,3.941881,5.158815,0.0,3.9235127,4.031989,4.0140452,4.4133835,4.5068464,7.486359,8.599183,6.868048,8.496937,8.564085,8.7735615,7.5983367,8.4495945,5.7926164,10.892358,8.144213,7.378567,7.2619257,7.2860684,5.7592626,6.0413976,6.805402,7.9024005,5.9806986,5.6736627,5.3617034,5.7617874,5.894007,7.202201,7.178172,6.6175575,8.918319,10.055964,7.0084486,6.7585497,6.3201766,6.182792,9.181482,9.215472,6.6385984,7.1423273,7.2131605,8.557655,8.687798,8.345669,9.117864,9.035486,9.120084,9.177018,7.3247657,7.873752,8.267349,8.206071,6.6559277,6.828053,6.2537026,6.8009233,6.1266813,7.0294952,4.6451936,5.8564744,6.601488,7.5510917,6.0005183,5.952067,7.0445094,7.0445094,6.3868575,6.3787208,10.005326,8.937592,7.292625,10.33027,10.738599,10.069231,9.662122,9.120954,9.202852,9.4574,9.608654,9.181804,9.321283,9.269027,9.210146,9.489421,9.872927,9.873524,8.233649,9.418212,10.346125,9.783232,10.80007,10.109349,9.139259,8.544158,9.369152,9.126079,9.980621,9.482706,9.318609,8.572716
27,5.392711,5.4006658,6.0634456,5.575116,6.3974996,6.936078,5.320281,6.1654067,4.426872,5.530894,3.9655802,4.0307317,5.945225,6.0530863,6.2035756,4.7595468,4.0090895,4.3884487,4.2915783,6.464197,5.897192,4.583498,4.642945,5.758047,4.137414,3.9486315,3.9235127,0.0,4.9633155,4.94819,5.267941,5.292647,5.7983856,6.9973574,5.6593103,7.238192,7.177427,7.450131,5.9373026,6.5183306,4.472544,8.436947,6.7289104,6.176006,6.1869016,6.0950146,3.9455564,4.6397147,5.058356,6.3731046,4.3880005,3.7503612,3.4440446,4.059573,4.1537504,5.746644,5.410908,4.621253,8.109455,9.540116,5.402453,4.9702573,4.9733243,4.2981877,6.7549276,6.856604,4.575162,5.2683277,4.914559,6.5297003,6.773005,6.3517113,5.9075265,5.834191,5.9241185,6.409404,4.514686,5.3960147,5.9012723,5.8821015,7.0010347,6.710494,7.140176,6.691764,5.5952525,6.717016,5.2780366,5.365363,5.7682557,6.4700885,4.8131437,5.071641,6.2744102,6.2744102,5.562534,5.5554867,7.484303,6.0763197,5.0898376,7.6381216,8.485052,7.386677,7.1041374,6.029821,6.100005,6.832736,7.56164,5.9659095,6.164387,6.0713334,6.0790668,6.5316477,7.311486,7.45675,6.5771723,6.8014736,7.9514604,7.242805,8.546172,7.646798,6.0064874,5.6724067,6.26946,5.9906077,7.718878,7.673209,6.871032,5.8104854
28,4.0363493,4.0379553,5.462314,6.020689,6.018675,6.093959,5.057191,4.7281647,5.2416744,5.6349664,5.026989,4.5811033,8.332437,8.62169,6.3304634,4.906074,5.047734,5.3739796,4.3842106,5.8048234,7.306296,3.9021108,4.998762,6.1773686,3.5957587,4.402436,4.031989,4.9633155,0.0,0.042542756,1.4326293,1.622967,6.1895075,7.511161,5.269557,7.6890297,7.6101894,7.1840644,6.351785,7.146982,5.572973,10.477348,8.2701435,7.429893,7.2797217,7.8290787,5.832291,6.420133,5.6799436,6.0798244,6.2979665,5.31074,5.639541,5.40539,5.698678,6.5284457,6.697442,6.7321577,8.910149,9.769633,6.274925,6.8334293,5.817358,6.771504,9.670348,9.653085,6.6325903,7.706557,7.6054454,9.144486,8.72456,9.235212,9.047003,9.013681,8.502026,8.964249,7.5633907,6.624255,7.469078,7.0218053,7.6499896,7.686658,7.0901694,7.667398,6.9066176,7.6593127,4.7682676,6.8032813,6.6696463,7.234644,6.1320696,6.166711,7.1250315,7.1250315,6.638205,6.643433,9.924896,8.37516,7.355083,9.73208,10.44834,9.9305525,9.775961,9.016147,9.210547,9.712277,10.003196,8.943969,9.418529,9.148957,9.191278,8.54393,10.211244,10.053248,6.860601,9.533171,10.064475,9.479013,10.449938,9.685359,9.030497,8.291908,8.957973,9.118736,11.730545,11.014499,8.474942,8.622876
29,4.04616,4.048014,5.4660225,6.022446,6.019578,6.094982,5.059717,4.728786,5.2256603,5.6345696,5.030348,4.584042,8.3312645,8.617292,6.3293805,4.9052343,5.0378165,5.373067,4.3651295,5.7854714,7.3053784,3.900819,4.979268,6.16437,3.5782268,4.404622,4.0140452,4.94819,0.042542756,0.0,1.4427599,1.6309085,6.190422,7.5126815,5.2689557,7.6911902,7.612989,7.1869717,6.3517356,7.1469865,5.561969,10.466621,8.254612,7.420774,7.2664113,7.8067055,5.824874,6.4013762,5.684097,6.092048,6.288993,5.3065586,5.628014,5.399619,5.697566,6.5327516,6.6808515,6.7155576,8.894974,9.757927,6.268427,6.822816,5.813797,6.7618704,9.669375,9.652402,6.6280894,7.7012653,7.605897,9.14265,8.732101,9.233065,9.043044,9.009347,8.49869,8.9579315,7.557345,6.6357827,7.4691806,7.032069,7.6407332,7.671162,7.07849,7.6519027,6.892622,7.633589,4.7515597,6.7877817,6.662865,7.2320914,6.128431,6.1633573,7.119029,7.119029,6.6343794,6.6392317,9.917205,8.36741,7.351287,9.737544,10.442439,9.921464,9.767608,9.006891,9.20385,9.70261,9.999524,8.939221,9.40826,9.141618,9.181054,8.5371475,10.205566,10.047773,6.8701715,9.525321,10.068663,9.483152,10.459785,9.691007,9.025769,8.283951,8.955656,9.112352,11.71713,11.006616,8.475731,8.612191
30,4.318668,4.3178105,5.5749,5.7935095,6.1875796,6.229837,5.226062,4.8432865,5.172826,5.577001,5.29885,4.880637,8.277886,8.507462,6.173269,4.6224327,5.720713,5.5700393,4.7303514,6.1558347,7.485734,4.2290854,5.2745132,6.394314,3.9690282,4.544281,4.4133835,5.267941,1.4326293,1.4427599,0.0,0.4473773,6.420514,7.7087436,5.518415,7.8797097,7.7938237,7.372041,6.547058,7.3130293,5.855013,10.63897,8.504812,7.6180935,7.615444,8.155619,6.1685658,6.3180685,5.945518,6.161178,6.4042177,5.4296145,5.8890786,5.5467987,5.775723,6.4995,7.172411,6.905156,9.086372,9.886251,6.1753726,7.2178764,6.0685573,6.9158425,9.571184,9.562118,6.626923,7.7199483,7.694824,9.080314,8.612628,9.17523,8.868695,8.812978,8.307119,8.796821,7.4242,6.4498987,7.5244493,6.858102,7.431174,7.5005703,6.820784,7.4820895,6.6586843,7.5734057,4.2898054,6.584678,6.1739273,6.7392817,5.5868607,5.6377115,6.726183,6.726183,6.142054,6.1428385,9.946357,8.44844,7.405719,9.82155,10.618256,10.165931,9.798981,9.255995,9.41103,9.936806,9.978566,8.875081,9.554515,9.273093,9.426405,8.737242,10.479874,9.614835,6.5289617,9.618563,9.600784,9.349659,10.708486,9.918977,9.001977,8.333309,9.1134405,9.065522,11.693836,11.052481,8.574493,8.867297
31,4.5312257,4.5301614,5.69842,5.8674684,6.3241415,6.378833,5.3283095,4.909258,5.284422,5.6444125,5.43455,5.0317435,8.310332,8.586392,6.207135,4.6624827,5.9195676,5.722083,4.8780317,6.392443,7.5894237,4.4027452,5.4218736,6.455125,3.9734082,4.6574535,4.5068464,5.292647,1.622967,1.6309085,0.4473773,0.0,6.611699,7.9359136,5.664805,8.147488,8.023026,7.613609,6.651432,7.403044,6.000294,10.703908,8.674343,7.8253794,7.613018,8.187687,6.1676517,6.405862,6.0557947,6.327511,6.4996533,5.538874,5.9555726,5.6458864,5.8559895,6.5877323,7.2948313,6.978359,9.1479845,9.9027605,6.307049,7.361054,6.202439,7.0201097,9.653801,9.654431,6.614937,7.7591176,7.692184,9.142527,8.723202,9.252495,8.858491,8.760185,8.30387,8.833656,7.453121,6.500435,7.5523276,6.8861537,7.3933992,7.5168405,6.7882085,7.4979043,6.6313467,7.6152225,4.1453295,6.487672,6.0614905,6.6615343,5.494491,5.55336,6.647841,6.647841,6.1338177,6.129504,9.934866,8.431851,7.2846537,9.81403,10.611502,10.129235,9.749682,9.234341,9.378489,9.9143095,10.014353,8.824906,9.552525,9.296918,9.406386,8.745594,10.519439,9.594042,6.4852777,9.664471,9.55359,9.336655,10.716252,9.9438,8.919718,8.325141,9.078721,8.98353,11.676498,10.986648,8.587784,8.879374
32,6.2913814,6.2943172,7.7038236,6.915429,8.209322,8.431506,7.08848,7.607153,5.9795127,4.4607515,3.4278138,4.5607967,6.018404,6.7990685,7.0700912,5.32568,6.038225,6.920298,6.2225676,6.790748,7.20879,6.1099424,6.342772,8.087145,7.1194105,6.0154986,7.486359,5.7983856,6.1895075,6.190422,6.420514,6.611699,0.0,2.1168268,2.7782156,2.68743,2.7876709,3.341646,3.3941767,3.4672074,3.9504664,8.573366,6.148911,5.304862,6.1154923,6.98716,5.3862734,5.668392,4.999911,5.31032,7.377583,6.161723,6.4625716,6.463372,6.96238,7.535051,6.4079113,5.868618,8.873974,9.962632,6.1871467,6.1961617,4.0550075,5.9592056,8.320846,8.446675,8.253599,8.305672,6.87052,8.81424,8.617608,9.6414795,7.764516,8.1805315,7.095384,7.144328,7.484594,5.511731,5.0426993,6.2847505,10.337708,9.323823,9.579299,9.328587,8.774517,8.653018,8.58285,9.134805,9.27103,9.387348,8.386547,8.69758,9.749476,9.749476,8.747847,8.767829,7.5803704,6.6408463,6.8999763,7.7510104,8.626542,7.8368134,7.841008,6.545169,6.9805164,7.7628407,8.089757,6.708206,7.505016,7.1875954,6.544739,6.368314,9.234938,9.482081,5.841408,8.389386,8.880647,8.208273,9.451499,8.123863,6.9382052,5.9488626,6.4562955,7.012714,9.708504,9.7273245,7.519541,6.605119
