,0,1,2,3,4,5,6,7,8,9,10,11,12,13,14,15,16,17,18,19,20,21,22,23,24,25,26,27,28,29,30,31,32,33,34,35,36,37,38,39,40,41,42,43,44,45,46,47,48,49,50,51,52,53,54,55,56,57,58,59,60,61,62,63,64,65,66,67,68,69,70,71,72,73,74,75,76,77,78,79,80,81,82,83,84,85,86,87,88,89,90,91,92,93,94,95,96,97,98,99,100,101,102,103,104,105,106,107,108,109,110,111,112,113,114,115,116,117,118,119,120,121,122,123,124,125,126,127
0,0.0,1.9054338,4.2808475,6.71304,4.02499,4.432772,6.8661804,6.8769355,7.6049557,5.9175553,8.0894785,7.8255434,7.2222075,7.0705295,6.9923577,7.824219,4.8634543,4.629703,4.558826,4.558826,2.847333,3.3559606,4.6947126,3.1218328,7.004404,6.3802342,5.8470607,6.480148,6.24764,7.7136073,6.321805,5.803125,5.9763684,5.989564,7.079188,6.000045,6.8241014,6.701888,9.4048195,7.815363,6.6061497,6.5219326,5.9799404,6.63386,6.2570677,6.1844206,7.4003105,7.8259487,6.1799307,5.74144,7.793872,6.612435,4.1742105,6.199683,4.5422764,4.375875,9.652346,9.3083,8.998022,8.52003,9.963133,9.911844,9.576068,9.190317,8.812515,8.74138,7.161447,8.02455,8.305582,6.466971,6.8134327,6.6007924,9.263166,7.119038,5.9478245,6.232138,6.961621,6.669797,6.932662,6.892922,7.6256447,7.4672527,8.080389,7.064131,7.2091417,6.845,5.9205155,7.4719625,6.9324584,7.265438,6.888627,5.940127,7.977129,7.718999,6.4068546,5.628586,7.732555,8.918689,9.067468,9.303722,6.3713436,6.55329,7.2368684,6.5698886,6.9306765,6.7549624,7.1431117,7.1355476,6.292933,7.583666,5.893715,6.059866,7.6525383,7.086333,7.3465743,7.2993712,6.8001094,6.947984,6.753712,6.554073,7.5823355,7.5911975,7.620919,7.6155167,9.485821,9.675276,8.830044,9.052459
1,1.9054338,0.0,4.527908,6.316569,3.1619918,3.3132653,6.4605455,6.4791784,7.784678,6.23251,8.230325,7.9654436,6.9891458,6.992546,6.809372,8.035485,5.0206194,4.901425,4.834131,4.834131,2.686066,3.374359,4.769727,3.2141361,6.804322,6.0853333,5.613478,6.164136,5.894583,7.4288473,5.9806204,5.5460715,6.1328173,6.14757,7.266035,6.182626,6.409939,6.3332796,8.71103,7.600981,7.105256,7.0768614,6.5002666,7.0492287,6.5728493,6.530894,7.7541513,8.149461,6.369402,5.832071,8.076075,6.7242513,4.116637,6.1803713,4.474736,4.334541,8.937836,8.550614,8.277049,7.6558833,9.383237,9.330774,9.11917,8.37564,9.023721,8.958515,7.542754,7.907404,8.64799,6.4824443,6.997321,6.638221,9.789678,7.6505456,6.4865375,6.8400455,7.4259543,7.2487745,7.3826323,7.3961563,7.7932615,7.5549393,8.212355,7.209868,7.5308304,6.7609344,5.9316387,7.557288,6.8615937,7.6459875,6.7121596,5.6406174,8.268647,7.9439116,6.346114,5.7658334,8.10857,9.26606,9.419998,9.48595,6.726975,6.556374,7.4857883,6.413393,6.744205,6.5038333,7.0917807,6.9454107,6.646363,7.3892403,6.2236557,6.317345,7.9279156,7.2003045,7.3377585,7.3528333,7.3909984,7.649881,7.051205,7.2283826,8.273393,8.046662,8.308563,8.323505,9.593228,9.624324,9.275723,9.460948
2,4.2808475,4.527908,0.0,5.412783,4.965275,4.871984,5.0024314,5.02354,5.8553443,3.9727979,8.588479,8.32684,5.0949697,4.85562,4.968133,6.0694833,3.8108509,3.0777066,3.101484,3.101484,5.097465,4.183919,5.261878,4.8132014,5.06434,4.614383,3.7909696,4.6830006,4.760724,5.688884,4.1991715,3.489411,4.9671035,4.9849,5.717382,4.8739963,5.512828,5.5102754,8.510675,6.736131,5.37968,5.5374074,4.7775316,5.4786143,4.465684,4.4368377,5.6995664,6.187333,4.7179847,3.3249104,6.054499,4.978648,4.4810076,5.711717,4.32896,4.125893,8.460159,8.013682,7.805192,7.3152843,8.877213,8.84303,8.740154,7.7376976,8.655789,8.56598,8.191608,8.594772,7.696842,6.919978,6.343646,7.0696197,9.123497,5.9942517,6.3395677,6.7188106,6.6790357,6.397984,6.668325,6.6065507,6.72564,6.769033,7.3788023,7.3297544,7.39565,7.4427023,6.829812,6.5416193,7.423869,8.344367,6.433917,5.78645,7.325977,6.867481,5.3764777,5.287051,7.8896303,8.247015,9.116497,9.059229,6.6300592,6.722423,6.173177,6.766815,7.148411,6.8751397,7.453472,7.3137813,5.9448776,7.5074773,6.183947,6.327358,6.3160357,5.999828,5.970166,5.888212,5.7600155,6.0323696,6.1114335,5.7211857,7.70343,7.2902613,7.7050676,7.718582,8.4801235,8.468847,7.9217443,8.01439
3,6.71304,6.316569,5.412783,0.0,5.8700705,6.042181,5.517208,5.516448,7.971355,6.223949,11.263445,10.977121,7.4293523,7.577179,7.2850165,8.838125,5.795961,5.971828,5.8871593,5.8871593,6.1206083,5.404419,7.1160846,6.3258195,4.3822927,4.326135,5.184312,4.3957047,5.177838,6.5982504,4.311821,4.8355536,5.331378,5.3449235,5.5424924,5.4124627,4.4729514,4.3712087,6.8767843,5.932793,6.666481,6.7729144,7.393035,6.6846747,6.265517,6.3606467,5.6044292,5.9507985,6.3072114,5.6560764,6.945973,6.527285,5.8195944,6.8718143,4.6893725,6.0690956,7.811727,6.874543,8.570546,6.6496654,8.315333,8.278248,6.6507525,5.2114925,10.329469,10.307897,9.446951,8.993748,8.918057,8.1121435,8.088977,8.104944,11.291614,8.058694,8.160191,9.163725,8.001869,7.8071036,8.059852,8.044803,7.9533744,7.6705403,8.05849,9.431335,9.420585,8.315115,8.950764,8.336195,8.924783,8.884069,6.7885485,7.269757,8.925206,8.531678,7.7313294,8.1539545,8.9347515,8.93635,9.998509,9.999586,7.571519,7.2021675,7.2014546,7.0537496,7.803741,7.0748987,7.5918317,7.805694,8.372145,7.4034095,8.008202,7.083874,7.886291,7.5390596,7.290949,6.80358,6.955182,7.436987,8.677395,8.423602,8.106005,7.580784,8.098793,8.104847,8.521132,8.4514885,8.642447,8.839898
4,4.02499,3.1619918,4.965275,5.8700705,0.0,1.7698476,5.8700857,5.906167,8.568517,6.3742347,9.657199,9.44202,7.0759377,7.1231127,7.0296297,8.698039,6.334894,5.884743,5.779514,5.779514,4.480274,5.0832806,5.6934953,4.6020823,6.2011333,5.572708,5.264604,5.447441,6.2539587,7.5409436,5.584041,5.3275404,7.0686703,7.0920854,7.756937,7.015048,6.8220215,6.7926807,8.9865675,8.143885,7.602263,7.6920276,7.0513372,7.9841924,6.727465,6.794726,7.3936706,7.6636615,6.59347,5.9122148,7.3088636,7.0017385,4.968026,5.8468895,4.419763,5.053813,8.454539,7.7678056,8.1647215,7.170118,8.870701,8.845418,8.181691,7.2244534,8.621676,8.70761,8.15806,8.098912,8.626837,6.0135794,7.3757324,6.7039742,9.811281,7.7755094,6.6837854,7.1525817,7.581271,7.4245687,7.6275516,7.697264,8.555345,8.352764,8.708405,7.441811,7.579118,7.8261533,6.727687,7.7783093,6.87221,8.040414,6.0681453,5.145362,8.380315,7.849928,6.4345613,6.74518,8.341529,9.686632,9.571861,9.156187,6.9401555,6.6801944,7.821067,6.5019383,6.671494,6.3846083,7.0671167,6.8383613,6.758339,7.7004933,6.094718,6.4590864,7.916405,7.6286364,6.9859123,7.030534,7.864303,8.115991,7.570913,7.851891,8.921718,8.621041,8.930973,8.96727,9.654836,9.557957,9.230466,9.654677
5,4.432772,3.3132653,4.871984,6.042181,1.7698476,0.0,5.6885653,5.680472,8.295964,6.330639,9.245515,9.026879,6.8350325,6.907775,6.9530425,8.479971,6.355722,6.086782,6.0192175,6.0192175,4.930536,5.5011573,6.0909853,5.1177273,6.1793656,5.545096,5.2527876,5.2278914,6.1120396,7.2581034,5.5241885,5.325138,6.9335294,6.9530754,7.7409496,6.895226,6.587076,6.6654887,8.487853,7.610908,7.850561,7.98268,7.1012135,7.9431047,6.687255,6.754139,7.619097,7.868185,6.555836,5.680917,7.5217166,6.82809,4.5132337,5.7969,4.281288,4.5963454,8.276411,7.70438,7.9697638,6.984042,8.76071,8.727979,8.498128,7.3134823,9.103186,8.877148,8.505705,8.266197,9.3019085,6.356087,7.894017,6.819125,10.176026,8.077609,7.015229,7.525412,7.6599073,7.5434394,7.9332595,7.861013,8.547838,8.470301,8.829249,7.641815,7.786364,7.831072,6.8205657,7.844982,6.9254293,8.2853155,6.000991,5.044376,8.668627,8.103834,6.388112,6.7141366,8.419667,9.761769,9.65822,9.242625,7.0308948,6.716365,7.880807,6.441092,6.696862,6.3149114,7.0880876,6.8567123,6.5997653,7.434543,6.4204535,6.3139014,7.9752684,7.6403604,7.138233,7.1925316,7.979163,8.286271,7.926788,8.159521,9.515603,9.07183,9.524911,9.561165,9.892595,9.634608,9.75861,9.94681
6,6.8661804,6.4605455,5.0024314,5.517208,5.8700857,5.6885653,0.0,0.3756275,5.442469,3.5120711,8.727726,8.716853,4.89566,5.1615286,4.990108,6.22069,5.2159047,4.854548,4.811497,4.811497,6.782796,6.160915,5.8112855,5.3801084,2.8704185,2.7357187,3.1005654,2.8030276,3.1019778,4.215375,2.467172,3.2562077,6.1492405,6.165219,6.8012624,6.188805,5.766374,5.845912,8.034335,7.1125875,6.978857,7.1305013,7.3204536,7.2003846,3.9307172,3.878141,6.9082813,5.8779097,3.685968,4.913343,4.910038,3.4879293,5.8178034,6.7716994,5.6344404,5.502758,5.9638844,5.862362,8.463282,4.9098115,6.9806623,6.9679728,7.941673,6.6882157,8.066185,8.043511,7.64345,7.639462,6.7662477,5.2332973,5.5855193,5.8189855,9.421234,5.572059,5.954321,7.1904597,5.453689,5.3007817,5.5171123,5.4900675,5.296492,5.1240783,5.9777803,6.589667,6.2572703,6.2402806,6.3197436,4.9400363,6.252752,7.775389,3.758277,4.1902404,7.2576575,6.6337094,5.2166953,5.8968463,6.7048855,7.075873,8.112093,7.609825,5.297707,4.76728,4.502849,4.4539204,5.0053883,4.507414,5.417171,5.0520344,5.366875,5.768078,5.4570312,4.74933,5.1420975,5.174913,3.6957297,3.2630563,4.8192725,5.1481366,6.090901,6.425836,7.3085585,6.698926,7.25336,7.322331,6.902338,6.6806545,7.178314,7.2176805
7,6.8769355,6.4791784,5.02354,5.516448,5.906167,5.680472,0.3756275,0.0,5.46338,3.592137,8.754664,8.743824,4.943899,5.1980796,5.0503745,6.296574,5.2679286,4.931389,4.8843484,4.8843484,6.7838154,6.209251,5.8310113,5.399153,2.8436277,2.704873,3.1618626,2.7141585,3.086546,4.202473,2.56257,3.3727794,6.2192907,6.23587,6.86668,6.295618,5.886875,5.9723573,8.14015,7.180678,7.064682,7.2223988,7.403704,7.144824,4.0062413,3.9607487,6.957568,5.9266267,3.7481337,4.9595957,4.8944235,3.5324018,5.748443,6.696488,5.482508,5.4586654,6.1044483,6.0053654,8.603891,5.0698256,7.091517,7.0788474,8.034237,6.836254,8.079345,7.972182,7.6517825,7.463943,6.7952805,5.2882943,5.6383276,5.779155,9.447811,5.50908,5.8804307,7.146528,5.3401804,5.1853127,5.432029,5.3877935,5.300524,5.162117,5.9515886,6.633839,6.284927,6.236648,6.3114047,4.9274,6.1484094,7.7505817,3.6843603,4.1492157,7.2646832,6.6636496,5.272708,5.9145627,6.707613,7.096188,8.111671,7.6205,5.2109685,4.7078075,4.432711,4.3754573,5.075945,4.4162016,5.50072,5.117355,5.286429,5.6135654,5.5130563,4.608282,4.9450336,5.023029,3.6677022,3.278633,4.749678,5.1044602,6.2372675,6.448515,7.3134127,6.6992774,7.256807,7.3275476,6.8700757,6.6352935,7.144134,7.1702347
8,7.6049557,7.784678,5.8553443,7.971355,8.568517,8.295964,5.442469,5.46338,0.0,4.2280974,5.6667385,5.5570207,6.5409284,6.4577684,6.364963,4.8737206,6.3656282,5.921699,5.9198093,5.9198093,7.910892,7.0160737,7.3108845,6.444027,6.1918707,5.874966,6.1628585,6.1983094,4.231397,6.0633464,5.541688,5.931711,6.179617,6.1979756,7.1007166,6.520546,6.769414,6.7531877,9.503014,7.78506,6.2283764,6.3643856,6.52207,6.1478143,3.5627854,3.5149117,6.3887916,5.7316546,3.1261623,4.6908045,7.5900397,3.9203765,5.7559032,8.869537,7.4427366,6.0048947,7.9302087,8.658505,9.532103,7.174726,8.702011,8.635021,10.129319,9.311502,8.49941,8.626228,8.012394,10.220902,7.6788955,6.2169166,5.8543234,6.967534,9.69945,6.242655,6.6092443,7.7463665,6.385559,6.166753,6.2740936,6.247315,5.714718,5.7077894,6.8811307,7.0611286,6.780805,7.620248,7.6051598,5.7451653,7.271496,8.642416,5.9680943,6.372787,7.9138317,7.478852,6.6684046,6.8714375,7.6664395,7.734931,8.945772,8.614428,7.3794537,7.644239,6.4053273,7.40355,6.840565,7.141363,7.207335,6.8889976,6.961791,8.726493,7.429735,6.6334243,6.756967,7.10063,6.1458926,5.947346,5.454579,6.016865,6.629786,7.1090145,7.6050353,6.981675,7.5656915,7.6232924,7.9588647,8.335425,7.5450034,7.8288856
9,5.9175553,6.23251,3.9727979,6.223949,6.3742347,6.330639,3.5120711,3.592137,4.2280974,0.0,7.322346,7.239247,5.2874875,5.301819,5.2342014,5.3098,4.8647146,4.0352955,4.0020742,4.0020742,6.6152954,5.7557793,5.5339556,5.0281415,4.252785,4.195783,3.9036982,4.3599424,3.9638608,4.9167566,3.725774,3.782779,5.823852,5.8227935,6.5460973,5.5912595,6.2302427,6.221087,9.055764,7.398,6.014964,6.0226035,6.1607785,6.2594414,3.0105639,2.7123892,6.1159244,5.3949857,3.140533,4.3372974,5.437661,3.534647,5.257201,6.8005786,5.7181225,4.822974,7.6949806,7.797344,9.100169,6.8391542,8.464261,8.425514,9.398001,8.253265,8.368752,8.570661,7.906636,8.901888,7.029469,5.802339,5.567394,5.8827925,9.071,5.5355883,5.724796,6.7864795,5.206338,5.029042,5.2327595,5.161672,5.5148535,5.4616103,6.635528,6.6786313,6.1865892,6.920541,6.5926027,5.350678,6.9948115,6.842626,4.7755737,4.9414105,7.2266307,6.6804805,5.144254,5.306296,7.069934,7.603179,8.458985,8.1635275,6.0576115,6.195419,5.2977514,5.9770126,6.070767,6.013863,5.803399,6.1658726,5.386534,7.2429123,5.7163143,5.4411054,5.99517,6.2622504,5.319322,4.515447,4.5910945,4.438945,5.623115,5.400059,6.9210305,6.3196063,6.86854,6.855031,7.970192,8.106754,7.4545856,7.7013526
10,8.0894785,8.230325,8.588479,11.263445,9.657199,9.245515,8.727726,8.754664,5.6667385,7.322346,0.0,0.8241817,8.970592,8.910444,8.895427,7.070715,8.807479,8.534685,8.55865,8.55865,8.863807,8.818489,8.473919,7.559552,10.012516,9.505242,9.130382,9.672338,7.792708,9.010205,9.0848055,9.064242,9.104596,9.123303,9.9317465,9.027535,9.597409,9.560537,11.57758,10.220205,9.122202,9.141318,8.708374,8.707519,7.3546743,7.283106,9.416103,8.907063,7.1371427,8.277881,10.803033,7.604023,7.3269725,10.763049,9.861574,7.339839,10.227907,11.316939,11.0423975,9.6989765,10.937314,10.852825,12.60519,11.923674,9.62308,9.672597,8.991446,11.39027,9.782941,6.9883327,8.073462,8.121945,10.616302,9.212184,7.898738,8.573399,8.496089,8.306499,8.55003,8.459737,8.607898,8.562294,9.900361,8.232453,8.046915,8.810778,8.035988,8.294882,8.32717,9.366272,7.721674,7.186871,9.529007,8.993977,8.195965,7.7765374,8.999452,10.085093,10.281205,10.028023,9.006356,9.4189415,9.392308,9.112055,7.950975,8.603913,8.269746,8.089081,7.9377913,10.253124,8.649934,8.212017,9.57093,9.50496,8.9954195,8.997929,8.660389,8.76764,8.030447,8.943192,9.97784,9.617315,9.971028,9.989247,11.163657,11.228745,10.574461,10.944198
11,7.8255434,7.9654436,8.32684,10.977121,9.44202,9.026879,8.716853,8.743824,5.5570207,7.239247,0.8241817,0.0,8.976241,8.912583,8.868148,7.0125227,8.735292,8.477906,8.495932,8.495932,8.581945,8.541511,8.355076,7.4349656,9.916099,9.420881,9.090835,9.588889,7.7132754,8.951421,8.93475,8.973435,8.834695,8.850325,9.656425,8.736358,9.302899,9.249421,11.31313,9.943339,8.773681,8.787321,8.474042,8.305064,7.2638836,7.2139883,9.118614,8.75833,7.063503,7.960876,10.793593,7.625032,6.9347095,10.50731,9.569401,6.94241,10.221716,11.250713,10.887304,9.622493,10.86687,10.779439,12.381675,11.680991,9.711751,9.759241,9.080842,11.425075,9.764078,7.0708323,8.082932,8.203848,10.735308,9.276731,7.985117,8.7224455,8.498035,8.302263,8.544324,8.4606085,8.621582,8.551122,9.921601,8.366694,8.115676,8.868602,8.180605,8.338578,8.433825,9.376531,7.7141643,7.276224,9.645202,9.141138,8.350631,7.942489,9.041111,10.099578,10.312601,10.056444,9.049214,9.45661,9.43202,9.155861,7.9947686,8.613637,8.273492,8.117081,8.043572,10.260363,8.764331,8.240291,9.591728,9.566235,9.04075,9.0169525,8.667786,8.746754,8.181329,9.065852,9.948802,9.580906,9.938018,9.955979,11.132498,11.205361,10.568113,10.946795
12,7.2222075,6.9891458,5.0949697,7.4293523,7.0759377,6.8350325,4.89566,4.943899,6.5409284,5.2874875,8.970592,8.976241,0.0,0.9843589,1.0611615,3.9494524,5.8169174,5.3323493,5.55425,5.55425,7.7434993,7.0867805,5.126975,6.721691,5.3979053,5.4538345,5.1740932,5.6530128,5.404591,2.6700742,5.676287,5.0973034,6.993908,7.040316,6.584221,7.3883996,6.4325595,6.530696,8.497012,7.8399005,7.3002625,7.4548516,6.9383407,7.622326,5.0510864,4.957106,7.2299643,6.9349775,5.638698,5.480517,6.9316826,4.9314284,7.046672,5.897792,7.3321323,6.270218,7.074065,7.094397,7.5504704,6.083661,7.9194274,7.8812184,8.705652,7.940318,7.305838,7.3126454,8.336946,8.476675,6.7144613,7.0239983,6.995297,7.0731797,7.800508,5.6235027,5.9756145,6.2654114,5.942364,5.727795,5.97022,5.8872547,7.371665,7.316545,7.5160375,7.082066,7.787955,7.7605968,7.0543504,6.840395,7.392489,8.83336,5.8420815,5.035036,6.3311763,6.85912,5.442665,5.1575875,7.6123867,7.9774795,8.887287,8.515919,6.6037006,6.2939954,6.0454826,6.1996155,6.3412085,6.384692,6.904328,6.554476,4.74891,6.5264683,5.9089093,7.1140647,6.505199,5.8520026,5.259439,5.3328495,5.500898,6.234573,5.161441,5.613346,8.613046,8.259348,8.547018,8.573473,7.945146,8.066251,8.621895,7.802621
13,7.0705295,6.992546,4.85562,7.577179,7.1231127,6.907775,5.1615286,5.1980796,6.4577684,5.301819,8.910444,8.912583,0.9843589,0.0,1.4274397,3.7386904,5.6857467,5.1956954,5.42929,5.42929,7.621642,6.967106,5.0550666,6.645972,5.453219,5.5071254,5.1915655,5.683457,5.5904965,3.0672688,5.774953,5.167251,6.828123,6.876796,6.379668,7.248964,6.476529,6.5600815,8.785346,7.855203,6.838544,7.02476,6.379959,7.232047,4.7824044,4.7300797,6.941806,6.70379,5.526254,5.2527113,6.551134,4.796095,6.9141393,5.761304,7.219243,6.1618733,7.279283,7.2737765,7.603789,6.5504427,8.1106615,8.072473,8.995653,8.261004,7.082455,7.0717626,8.202831,8.563033,6.7055655,6.9224796,6.9548035,7.366782,7.571385,5.3991895,5.736524,6.0175815,6.0918174,5.6774607,6.1124988,6.0294094,7.338922,7.3676796,7.5397987,7.0535955,7.7043276,7.801776,7.0418696,6.879513,7.539527,9.110641,5.9958944,5.1312323,6.3316727,6.9146137,5.4169097,4.923866,7.4494877,7.808684,8.753127,8.492515,6.412188,6.2903957,6.147551,6.4731097,6.3285785,6.406439,6.98015,6.549988,4.4264884,6.563128,5.607251,6.9400945,6.3639984,5.755269,5.234175,5.463442,5.3176723,6.166306,5.1643095,5.459694,8.354408,7.9776416,8.292043,8.32557,7.9858246,8.132465,8.473368,7.6663957
14,6.9923577,6.809372,4.968133,7.2850165,7.0296297,6.9530425,4.990108,5.0503745,6.364963,5.2342014,8.895427,8.868148,1.0611615,1.4274397,0.0,3.926574,5.670424,5.1111975,5.32303,5.32303,7.5171223,6.795703,4.839631,6.4564643,5.384762,5.3941994,5.145739,5.773971,5.1521897,2.719316,5.5750914,5.010356,7.0013385,7.048033,6.589696,7.416373,6.4505444,6.461034,8.434917,7.8308983,6.920157,7.047388,6.768082,7.2347383,4.986382,4.8995495,7.0616446,6.8491955,5.535935,5.4266105,6.9058905,5.012157,6.9915733,5.905661,7.2455544,6.241542,7.0576525,7.065746,7.4627604,6.0314465,7.8643975,7.8248997,8.582932,7.8606715,7.1509056,7.137126,8.246123,8.414881,6.115442,6.9708285,6.4279785,7.1829906,7.7508025,5.5053773,5.9280605,6.212689,5.892523,5.624517,5.7564607,5.6869287,7.4413605,7.253549,7.5471044,7.164307,7.8798413,7.9024277,7.197292,6.885526,7.431556,8.824797,5.981406,5.2189317,6.2228594,6.8691483,5.5551324,5.2591085,7.7088666,8.012609,8.954058,8.554074,6.733832,6.4352136,6.120651,6.3392315,6.5002995,6.526905,7.1101446,6.706454,4.962802,6.700826,6.0924535,7.222756,6.5075,5.880335,5.2957325,5.4155226,5.3826637,6.0804887,5.009131,5.5502315,8.332358,7.9905972,8.259286,8.290725,7.7367353,8.036556,8.352317,7.5972786
15,7.824219,8.035485,6.0694833,8.838125,8.698039,8.479971,6.22069,6.296574,4.8737206,5.3098,7.070715,7.0125227,3.9494524,3.7386904,3.926574,0.0,6.749025,6.467367,6.674506,6.674506,8.235291,7.506962,5.6751842,7.117742,6.8518214,7.0458746,7.102922,7.2703433,6.3314714,4.2807417,6.880993,6.8905926,6.5392585,6.574697,6.0521235,6.954989,6.658408,6.683374,9.390913,8.083482,6.4600854,6.5870028,6.8385773,7.081335,4.2929034,4.2668467,6.741189,6.3141823,4.970422,5.0705643,7.938595,4.511897,6.7555017,6.9447947,8.336972,5.9329643,8.21735,8.765439,9.251759,7.4944315,8.91948,8.856577,10.029832,9.414252,7.076172,7.4534073,8.129934,10.083166,6.9338827,6.8586903,7.3041153,7.782224,8.098799,6.29325,6.3411427,7.1899962,5.9474707,5.663954,5.905754,5.879088,6.956228,7.0262575,7.7910194,7.410501,7.3848095,8.035465,7.8799157,7.055135,8.044673,9.4151535,6.1627088,6.16916,7.618174,8.0810175,7.259552,6.3442335,7.0827394,7.336222,8.47407,8.376826,6.905156,7.163528,6.422818,7.102299,6.1991887,6.951339,6.712707,6.320212,5.4482517,7.7312565,6.431916,7.3423166,7.2150087,7.1517634,6.145798,6.081561,5.562876,6.299257,6.0229445,6.8041997,8.480463,8.132557,8.384103,8.428319,8.174682,8.533098,8.689847,7.9160833
16,4.8634543,5.0206194,3.8108509,5.795961,6.334894,6.355722,5.2159047,5.2679286,6.3656282,4.8647146,8.807479,8.735292,5.8169174,5.6857467,5.670424,6.749025,0.0,1.7986858,1.9397335,1.9397335,4.7761903,3.4231884,5.130883,4.1618094,5.5687413,5.073478,4.254899,5.3421082,4.747673,6.265179,4.8399596,4.080561,4.323858,4.341812,5.5705037,4.323186,5.42781,5.4115434,8.288453,6.4637003,6.393449,6.4527206,6.081066,6.7001476,5.074499,4.9316545,7.056806,6.864032,4.9916406,5.2967215,6.375699,4.547435,5.740223,7.2113605,5.6020246,5.634035,8.540836,8.1783905,8.683197,7.5651455,9.123684,9.09505,9.312046,8.329922,8.973515,8.825828,7.190562,7.966771,7.916732,7.1553526,6.1821747,7.3254857,9.423478,6.376898,6.836073,7.0203443,7.114024,6.900224,7.0273786,6.91174,5.841721,5.8414626,6.7091775,7.5515103,7.7319193,6.121492,6.469234,6.930526,7.5707283,8.528376,7.069529,6.3783503,7.533889,6.9745107,5.6465893,4.3474545,7.2796564,7.1471243,8.5392,9.221757,5.9589486,5.9169917,5.183708,5.911495,6.7731943,6.595552,7.188187,6.954917,6.324023,6.6173315,5.783266,5.828138,6.5730696,5.4017467,6.2641873,6.181284,5.6613655,6.228905,6.039756,5.804781,7.016277,6.5739555,7.0672245,7.08898,7.9713035,7.931246,7.7076716,7.4922595
17,4.629703,4.901425,3.0777066,5.971828,5.884743,6.086782,4.854548,4.931389,5.921699,4.0352955,8.534685,8.477906,5.3323493,5.1956954,5.1111975,6.467367,1.7986858,0.0,0.3572506,0.3572506,5.0815315,3.7797189,5.020271,3.996633,5.249576,4.6361866,3.4697766,5.0059104,4.331822,6.012849,4.4487634,3.2952344,5.1570964,5.1777334,6.2863483,5.1291943,6.0347395,5.9965367,8.952191,7.2954826,6.2523932,6.295657,5.597685,6.5992618,4.677069,4.4668684,6.8699613,6.717884,4.614148,5.0439873,5.9912267,4.5047865,5.8358145,7.172603,5.5832787,5.7338448,8.344114,8.024251,8.274378,7.3377585,8.946562,8.920506,9.302587,8.370429,8.530531,8.623394,7.246457,8.036505,7.3184385,6.735979,5.354166,6.6756406,8.834526,5.5543013,6.1943517,6.214404,6.7402973,6.5229993,6.4948688,6.4997406,5.819043,5.742484,6.5170717,6.7848606,7.1397038,6.3705516,5.978463,6.1975946,7.107421,7.885443,6.753316,5.8487563,6.7450757,6.1527333,4.5754595,3.8115575,7.5179677,7.6088147,8.752521,9.040252,6.224393,6.202845,5.3493633,6.2346163,6.878885,6.7347107,7.231717,7.09381,6.04602,7.2373886,5.5641146,6.08436,6.218454,5.3130236,5.814067,5.6862674,5.4057407,5.792653,5.067888,4.723799,6.736042,6.3236136,6.7810206,6.7858925,7.9730616,8.076338,7.270043,7.399533
18,4.558826,4.834131,3.101484,5.8871593,5.779514,6.0192175,4.811497,4.8843484,5.9198093,4.0020742,8.55865,8.495932,5.55425,5.42929,5.32303,6.674506,1.9397335,0.3572506,0.0,0.0,4.994811,3.708446,5.107889,3.8764768,5.1957107,4.5385265,3.379946,4.9149313,4.247702,6.157941,4.3463526,3.2226753,5.2196026,5.2379236,6.426007,5.176772,6.1112566,6.0643954,9.037248,7.381428,6.26551,6.302396,5.6323853,6.5770674,4.7068872,4.4980335,6.8943467,6.7350163,4.5815134,5.0744386,5.9358525,4.566541,5.780355,7.2527666,5.458086,5.7429004,8.358568,8.025653,8.339865,7.3480988,8.9533825,8.9283085,9.294673,8.370281,8.592546,8.699905,7.2337756,7.9939847,7.329471,6.668157,5.240803,6.5886383,8.931632,5.542814,6.1760163,6.2356324,6.751372,6.533787,6.4851823,6.5105743,5.760896,5.6636333,6.4528112,6.7356977,7.056613,6.328298,5.9195256,6.0926685,7.032462,7.781813,6.718088,5.845624,6.7870193,6.1389585,4.5642977,3.9386847,7.5552425,7.6715403,8.785042,9.042565,6.231777,6.207645,5.372355,6.2435822,6.9029803,6.7149887,7.239096,7.111572,6.144512,7.3030105,5.604404,6.02588,6.1721644,5.3252077,5.7969127,5.6539984,5.426678,5.772739,5.148137,4.769859,6.63536,6.2225623,6.6840034,6.689534,7.968156,8.075395,7.1771884,7.410388
19,4.558826,4.834131,3.101484,5.8871593,5.779514,6.0192175,4.811497,4.8843484,5.9198093,4.0020742,8.55865,8.495932,5.55425,5.42929,5.32303,6.674506,1.9397335,0.3572506,0.0,0.0,4.994811,3.708446,5.107889,3.8764768,5.1957107,4.5385265,3.379946,4.9149313,4.247702,6.157941,4.3463526,3.2226753,5.2196026,5.2379236,6.426007,5.176772,6.1112566,6.0643954,9.037248,7.381428,6.26551,6.302396,5.6323853,6.5770674,4.7068872,4.4980335,6.8943467,6.7350163,4.5815134,5.0744386,5.9358525,4.566541,5.780355,7.2527666,5.458086,5.7429004,8.358568,8.025653,8.339865,7.3480988,8.9533825,8.9283085,9.294673,8.370281,8.592546,8.699905,7.2337756,7.9939847,7.329471,6.668157,5.240803,6.5886383,8.931632,5.542814,6.1760163,6.2356324,6.751372,6.533787,6.4851823,6.5105743,5.760896,5.6636333,6.4528112,6.7356977,7.056613,6.328298,5.9195256,6.0926685,7.032462,7.781813,6.718088,5.845624,6.7870193,6.1389585,4.5642977,3.9386847,7.5552425,7.6715403,8.785042,9.042565,6.231777,6.207645,5.372355,6.2435822,6.9029803,6.7149887,7.239096,7.111572,6.144512,7.3030105,5.604404,6.02588,6.1721644,5.3252077,5.7969127,5.6539984,5.426678,5.772739,5.148137,4.769859,6.63536,6.2225623,6.6840034,6.689534,7.968156,8.075395,7.1771884,7.410388
20,2.847333,2.686066,5.097465,6.1206083,4.480274,4.930536,6.782796,6.7838154,7.910892,6.6152954,8.863807,8.581945,7.7434993,7.621642,7.5171223,8.235291,4.7761903,5.0815315,4.994811,4.994811,0.0,1.9101663,4.2742057,2.500944,6.8837514,6.3821955,6.30723,6.465886,6.3492103,7.8132067,6.277213,6.278769,5.333235,5.339361,6.4251766,5.4642277,6.191172,6.0464177,9.452488,7.983609,6.6153717,6.5892205,6.844324,6.589751,6.524887,6.5521693,7.530658,7.8037047,6.3176546,5.9299154,7.7757106,6.533319,4.1202683,6.167802,4.298622,4.3573394,9.55856,9.108929,9.592956,8.531576,9.952194,9.906358,9.5186825,8.843587,8.7892275,9.038863,7.049494,7.6038613,8.454149,6.591093,7.1150975,7.2982316,10.085486,7.607816,6.5857544,7.3403335,7.579271,7.2908454,7.2827735,7.529497,6.9535055,6.785656,7.616088,7.6489882,7.430389,6.0347996,6.2283893,7.557534,7.2824144,8.317755,6.8675537,6.360156,8.924553,8.669438,7.51678,6.0865874,7.548999,8.375001,8.912586,9.520327,6.019548,6.1413436,6.9231453,6.348842,6.45989,6.0708594,6.891347,6.582033,6.992247,6.9180403,5.982541,5.8794966,7.4717016,6.8340077,7.2450757,7.287213,7.171209,7.6235175,7.816543,7.7517195,7.241561,6.9558716,7.2734275,7.3221564,9.01208,9.025623,8.541555,8.81967
21,3.3559606,3.374359,4.183919,5.404419,5.0832806,5.5011573,6.160915,6.209251,7.0160737,5.7557793,8.818489,8.541511,7.0867805,6.967106,6.795703,7.506962,3.4231884,3.7797189,3.708446,3.708446,1.9101663,0.0,4.314058,2.6679976,6.19247,5.7147565,5.514985,5.9499655,5.537684,7.1691017,5.4173217,5.3083644,4.2339215,4.235673,5.520632,4.321467,5.273579,5.105588,8.809919,7.207784,5.810703,5.7853265,6.151764,6.0687537,5.7028294,5.6875243,6.842854,7.1297436,5.5085473,5.126867,7.2553687,5.6979837,4.3617935,6.442464,4.52494,4.4930882,9.073847,8.604936,9.069542,7.9911537,9.531453,9.486945,9.149202,8.279604,8.890072,9.223231,7.1494365,8.07,8.08105,6.823691,6.548319,7.3665304,9.98005,7.1340046,6.763458,7.4455996,7.475104,7.2215996,7.1053886,7.3349624,6.2291245,6.0293717,7.055505,7.6005473,7.4710917,5.961954,6.4335456,7.1434402,7.581146,8.399761,6.9842734,6.584708,8.534023,8.192535,7.016456,5.6798725,7.5424395,7.8635526,8.871146,9.505008,6.1868587,6.2322235,6.294968,6.3951983,6.5867667,6.386226,6.943881,6.7090697,7.102005,7.112077,6.0520544,6.107074,7.2143273,6.4737525,6.855825,6.766352,6.5569105,7.033258,7.1241136,7.094541,6.7889023,6.4081726,6.825827,6.8654284,8.474791,8.55295,8.013727,8.245256
22,4.6947126,4.769727,5.261878,7.1160846,5.6934953,6.0909853,5.8112855,5.8310113,7.3108845,5.5339556,8.473919,8.355076,5.126975,5.0550666,4.839631,5.6751842,5.130883,5.020271,5.107889,5.107889,4.2742057,4.314058,0.0,3.495287,6.197043,6.1986527,6.1548448,6.428595,6.189748,5.24007,6.272601,6.2369065,6.363102,6.3841105,6.282228,6.6060677,6.7338395,6.608277,9.843086,8.716659,6.7177086,6.672578,7.3312516,6.8472166,5.5623918,5.506747,7.537227,7.2850504,5.7934275,5.924803,6.9832234,5.456942,5.441987,4.451252,5.684504,4.533635,8.907075,8.727973,9.729169,8.039446,9.579131,9.537608,9.830608,9.129778,6.900478,7.363272,7.0209384,7.132865,6.3522005,6.138984,6.4832664,6.8635406,8.451154,6.252246,5.1728115,6.1670794,5.6626563,5.365404,5.127882,5.4885554,6.6694555,6.471981,7.3554196,7.1519966,6.9634256,6.2170253,6.068984,6.9663777,6.9909573,7.987409,5.618791,5.085236,7.8310795,8.235544,6.972401,4.8471007,6.771532,7.6781287,8.316028,8.712616,5.1425114,5.314475,5.7748013,5.416752,5.444096,5.1672053,5.932192,5.602825,4.8310294,5.589005,4.7739263,5.8125505,6.447684,5.9418354,5.9487185,5.9272847,5.7419624,6.21827,6.370651,6.368252,7.081897,6.736604,7.006505,7.0479746,8.1922,8.428872,8.234007,7.9246397
23,3.1218328,3.2141361,4.8132014,6.3258195,4.6020823,5.1177273,5.3801084,5.399153,6.444027,5.0281415,7.559552,7.4349656,6.721691,6.645972,6.4564643,7.117742,4.1618094,3.996633,3.8764768,3.8764768,2.500944,2.6679976,3.495287,0.0,5.866516,5.29559,5.161657,5.5436115,4.9637494,6.749906,5.3176045,5.272267,5.57712,5.591193,6.7182717,5.7455254,6.4376216,6.29863,9.633446,8.166107,6.4162717,6.3663464,6.544919,6.4907603,5.167085,5.096176,7.24743,6.964865,4.7942286,5.5862355,6.7029243,5.0706625,4.2508707,6.380925,4.61135,4.458746,8.5990505,8.44506,9.414011,7.674208,9.261894,9.217343,9.553812,8.84671,7.690803,8.059183,6.109542,7.116852,7.1356626,5.030404,5.3947163,5.838266,9.10289,6.1597414,5.04177,6.003815,6.170564,5.87642,5.7311425,6.0280423,5.746776,5.490661,6.5534863,6.2267246,6.032622,5.1839895,4.939063,6.0473595,5.987372,7.0718355,5.506718,4.902257,7.704901,7.380977,6.029513,4.7029085,6.708929,7.6779838,8.241159,8.593174,5.0908732,5.2605658,5.751605,5.3303447,5.379104,5.0996814,5.8475175,5.542083,5.750599,6.4540806,4.747499,4.7939305,6.3509145,5.8568473,5.9056973,5.8710985,5.7656374,6.192011,6.231306,6.2608767,6.1555557,5.7876763,6.1718817,6.221274,8.160705,8.356087,7.454911,7.9044876
24,7.004404,6.804322,5.06434,4.3822927,6.2011333,6.1793656,2.8704185,2.8436277,6.1918707,4.252785,10.012516,9.916099,5.3979053,5.453219,5.384762,6.8518214,5.5687413,5.249576,5.1957107,5.1957107,6.8837514,6.19247,6.197043,5.866516,0.0,1.3629938,3.2194738,1.6009855,3.514391,4.2434344,2.35415,3.380205,5.878087,5.8895655,6.3345823,6.221436,5.2657537,5.2738943,7.7096944,6.6419573,5.8356323,5.947205,6.397894,6.12026,3.8353837,3.84117,6.173583,5.5284295,4.1841154,4.8480034,3.9665189,4.1585107,5.8560085,6.337784,5.0942664,5.8847723,5.6937575,5.1398835,8.140668,5.3689704,6.9423013,6.908357,7.785166,6.611622,8.869681,8.866026,8.355489,8.333019,7.3380456,6.234236,6.403134,6.897356,9.825213,5.6280546,5.9499273,7.501367,6.2024593,5.535637,6.262578,6.2320046,5.98828,5.7877345,6.2066784,7.265876,7.2007523,6.8978505,7.1287565,5.758198,7.6455884,8.139125,4.7943096,5.4385223,7.6113563,7.5894885,5.710813,6.5615435,7.3692884,7.5801444,8.75269,8.394948,5.6793466,5.2492113,5.7130127,5.821514,5.8243837,5.1347566,5.8111086,5.83912,5.9091883,5.9862227,5.905467,5.2072616,5.845583,5.8831997,4.568198,4.110186,4.294464,4.9417567,6.7309957,6.496869,6.5251975,5.8299103,6.466065,6.5083356,7.2485156,7.3850684,7.55296,7.500579
25,6.3802342,6.0853333,4.614383,4.326135,5.572708,5.545096,2.7357187,2.704873,5.874966,4.195783,9.505242,9.420881,5.4538345,5.5071254,5.3941994,7.0458746,5.073478,4.6361866,4.5385265,4.5385265,6.3821955,5.7147565,6.1986527,5.29559,1.3629938,0.0,2.371377,1.0996354,2.6848524,4.7075872,1.893176,2.6063676,5.802929,5.8225884,6.616865,6.1551623,5.3222437,5.326787,7.657613,6.5759807,5.9058166,6.038977,6.001627,6.068428,3.8802946,3.8718705,6.2045803,5.672949,3.9429245,4.726652,4.253553,4.134931,5.5050583,6.7111673,4.7654366,5.7925506,5.579021,5.077118,7.598945,5.058923,6.8179693,6.7824793,7.6388736,6.517202,8.761857,8.679897,7.9738407,8.037095,7.323303,5.7952,5.7922454,6.416223,9.676459,5.413576,5.6765327,7.0151057,6.312154,5.7022753,6.3371105,6.298497,5.900427,5.662175,6.0593524,6.7545977,6.9368925,6.6125035,6.5209794,5.404876,7.026028,7.8811173,4.8321576,5.0408564,7.162398,6.907764,4.8893456,6.0973,7.4340863,7.7422585,8.803566,8.3761635,5.736819,5.275836,5.735419,5.730875,5.851097,5.179025,6.054527,5.920555,5.9097714,6.2510076,5.791011,5.0468225,5.7126164,5.560978,4.425909,4.1985383,4.459794,5.124254,6.2518735,6.125916,6.475929,5.831521,6.45599,6.5045786,7.3034277,7.4189196,7.3143635,7.493797
26,5.8470607,5.613478,3.7909696,5.184312,5.264604,5.2527876,3.1005654,3.1618626,6.1628585,3.9036982,9.130382,9.090835,5.1740932,5.1915655,5.145739,7.102922,4.254899,3.4697766,3.379946,3.379946,6.30723,5.514985,6.1548448,5.161657,3.2194738,2.371377,0.0,2.6716337,3.270243,5.217624,2.1939218,1.0546743,6.2100925,6.230783,7.1222906,6.0876927,5.906769,5.918423,8.046561,6.9707823,6.34063,6.476732,5.7353563,6.511652,4.488504,4.379321,6.7645774,6.340394,4.6396985,5.205239,4.461226,4.7135096,6.088744,7.260805,5.4226213,6.0198965,6.1544394,5.6872015,7.0464945,5.5826206,7.2764683,7.255907,8.068247,6.844101,8.985904,8.893094,8.17192,8.019523,7.348788,5.9945145,5.4713306,6.5302434,9.45253,5.543082,5.9243975,6.6556726,6.8856955,6.344094,6.877461,6.807349,6.1041427,5.9042754,6.560102,6.6752577,7.018743,6.610875,5.9706116,5.384733,7.1740294,8.01097,5.560138,4.8859806,6.678827,5.922808,3.4289203,5.0687485,7.7541,8.071678,9.084924,8.68319,6.0832186,5.6513405,5.9085174,6.093624,6.32029,5.8292375,6.6022468,6.4890084,5.7027583,6.6908026,5.6266837,5.5125537,5.803541,5.222445,4.5229044,4.4271526,5.061961,5.251835,5.184546,5.0935545,6.868774,6.378475,6.8876567,6.907031,7.9970307,7.8085284,7.5625567,7.907324
27,6.480148,6.164136,4.6830006,4.3957047,5.447441,5.2278914,2.8030276,2.7141585,6.1983094,4.3599424,9.672338,9.588889,5.6530128,5.683457,5.773971,7.2703433,5.3421082,5.0059104,4.9149313,4.9149313,6.465886,5.9499655,6.428595,5.5436115,1.6009855,1.0996354,2.6716337,0.0,3.3468783,4.9499617,2.283481,3.0016553,5.779352,5.7960453,6.6115575,6.0954447,5.3740067,5.4684362,7.8498607,6.6302023,6.2861514,6.450705,6.221048,6.3782306,4.0938487,4.1069655,6.320833,5.777661,4.185506,4.7181644,4.290017,4.240764,5.3353558,6.5268335,4.505414,5.62832,5.9470396,5.408507,7.914985,5.429811,7.102243,7.0697494,7.8108573,6.684777,8.949844,8.843641,8.110008,8.037162,7.9028206,5.9018025,6.5042806,6.3608513,9.84529,5.6495094,5.7646403,7.152426,6.3590684,5.800009,6.541151,6.490871,5.9306316,5.8750024,6.1447964,6.8254423,6.8717365,6.5481186,6.4836125,5.477692,6.991686,7.9005914,4.6782956,4.9552317,7.460184,7.092763,5.0771756,6.223693,7.374507,7.798411,8.765749,8.384648,5.569276,5.156499,5.7381325,5.620712,5.792415,5.0091147,5.9200463,5.8502903,5.819077,6.0842776,5.703738,4.79847,5.6849566,5.6167836,4.541462,4.2681866,4.7182603,5.376973,6.6888433,6.400943,6.851837,6.221862,6.8365865,6.8808827,7.5924363,7.5186443,7.618012,7.7541566
28,6.24764,5.894583,4.760724,5.177838,6.2539587,6.1120396,3.1019778,3.086546,4.231397,3.9638608,7.792708,7.7132754,5.404591,5.5904965,5.1521897,6.3314714,4.747673,4.331822,4.247702,4.247702,6.3492103,5.537684,6.189748,4.9637494,3.514391,2.6848524,3.270243,3.3468783,0.0,4.721289,2.799099,3.0898771,5.775546,5.8026395,6.796763,6.1465592,5.443299,5.3973,7.478744,6.4988594,6.1617093,6.266806,6.254347,5.8804803,3.8637924,3.7828996,6.3690686,5.809522,3.4262776,4.794549,5.9601502,3.9024472,5.302844,7.6457305,5.5401893,5.6816754,5.7334867,5.8914623,7.5041933,4.623702,6.6545424,6.6032896,7.7270713,6.8011494,8.378831,8.178727,7.342932,7.860591,6.703814,5.5344543,4.5664783,5.7605343,9.317649,5.332915,5.834953,6.7592955,5.88915,5.5535226,5.809203,5.709786,5.5372996,5.10915,5.796227,6.3917828,6.7333417,6.4359307,6.343738,5.127869,6.195014,7.415424,4.819098,4.8609514,6.5124574,6.135025,4.7801847,5.783083,7.2573133,7.439612,8.511417,8.023722,6.154705,5.731583,5.4504733,5.5798297,5.9296484,5.472341,6.3134966,6.022694,6.135133,6.6714063,6.398096,5.3466096,5.652099,5.3661594,4.698235,4.533226,4.6559706,5.2464347,5.763206,6.0936036,6.606852,6.005616,6.5943284,6.6474004,6.7682357,7.0004525,6.7850137,7.027547
29,7.7136073,7.4288473,5.688884,6.5982504,7.5409436,7.2581034,4.215375,4.202473,6.0633464,4.9167566,9.010205,8.951421,2.6700742,3.0672688,2.719316,4.2807417,6.265179,6.012849,6.157941,6.157941,7.8132067,7.1691017,5.24007,6.749906,4.2434344,4.7075872,5.217624,4.9499617,4.721289,0.0,4.912791,5.171257,6.8255253,6.855307,6.3235126,7.2160797,5.911129,5.9525366,7.936689,7.423433,6.8552465,6.9572124,7.4110146,6.706878,4.655469,4.5843472,6.956524,6.407045,5.2996154,5.5298066,6.475505,4.69267,6.681314,5.783011,6.9388175,5.8908715,6.3174324,6.4498625,8.194849,5.6500297,7.4961195,7.4415517,8.512297,7.539118,8.060003,8.013873,8.78605,8.436799,6.6056914,7.015744,7.0325794,7.1993985,8.962102,5.9040847,6.013417,7.26323,5.577769,5.173651,5.5892434,5.532327,6.7931275,6.599614,7.141526,7.6606083,7.903124,7.4458275,7.4643927,6.496241,7.8351083,8.6290455,5.012633,5.201792,7.170079,7.746616,6.249825,6.13823,7.5577755,7.7697415,8.945848,8.569664,6.282942,5.889671,5.851521,5.9379044,5.9856534,5.5845275,6.173306,6.0679746,5.068506,5.640866,6.4365897,6.5670567,6.21051,5.886487,4.982259,4.694995,4.7059784,5.35447,6.143478,6.3170943,7.951949,7.424503,7.84304,7.8676085,7.5652947,7.6862607,8.551082,7.796587
30,6.321805,5.9806204,4.1991715,4.311821,5.584041,5.5241885,2.467172,2.56257,5.541688,3.725774,9.0848055,8.93475,5.676287,5.774953,5.5750914,6.880993,4.8399596,4.4487634,4.3463526,4.3463526,6.277213,5.4173217,6.272601,5.3176045,2.35415,1.893176,2.1939218,2.283481,2.799099,4.912791,0.0,2.0643742,5.4998784,5.505593,6.401073,5.380283,4.877281,4.843862,7.2010703,6.176646,5.6071844,5.748252,6.021429,5.858862,3.9332497,3.9337857,6.14025,5.6549206,3.9843066,4.4540157,4.5717087,4.313987,5.4575205,7.05939,5.1253786,5.3774557,5.6164207,5.174935,7.4500346,4.940925,6.796312,6.765546,7.488042,5.9925194,9.194071,9.181469,8.37822,8.505128,7.324522,5.9100947,5.6755342,6.860382,10.181131,6.109237,6.4446955,7.7720175,6.766695,6.2508364,6.745798,6.713168,5.6919327,5.373514,6.4116225,7.206057,7.0431623,6.6334476,6.784214,5.3615894,7.53327,8.317335,5.0552473,5.3355517,7.6544614,7.0183344,5.152097,6.365774,7.569862,7.7015944,8.943146,8.5148,6.0953093,5.607993,5.779625,5.9446607,5.917961,5.4652357,6.0930386,5.962757,6.3060107,6.5926037,6.1780663,5.3823466,5.973787,5.811454,4.49569,4.1368637,4.977947,5.161956,6.2149425,6.4356236,6.8125668,6.1793547,6.7892885,6.8372154,7.572715,7.411382,7.5340843,7.8489995
31,5.803125,5.5460715,3.489411,4.8355536,5.3275404,5.325138,3.2562077,3.3727794,5.931711,3.782779,9.064242,8.973435,5.0973034,5.167251,5.010356,6.8905926,4.080561,3.2952344,3.2226753,3.2226753,6.278769,5.3083644,6.2369065,5.272267,3.380205,2.6063676,1.0546743,3.0016553,3.0898771,5.171257,2.0643742,0.0,5.8049045,5.823042,6.7326713,5.6317654,5.3417077,5.341012,7.489205,6.4719224,6.0060396,6.128979,5.4534307,6.3281183,4.382553,4.2680497,6.440125,6.191542,4.547055,4.8484592,4.946105,4.7249618,6.0031943,7.3499985,5.561973,5.914673,6.005982,5.5266604,6.547428,5.1558456,6.861894,6.8389716,7.5379057,6.2790427,8.995157,8.981264,8.104524,8.247639,7.261114,6.2100983,5.3779583,6.553775,9.303321,5.6669087,6.369353,6.856698,6.9420767,6.4838886,6.935417,6.8528085,6.1271124,5.854192,6.481978,6.713556,7.0922246,6.7886267,6.3152714,5.579011,7.3004537,7.911716,5.730648,5.1702623,6.5250525,5.8147163,3.7175698,5.260856,7.69718,7.8779874,8.913992,8.491594,6.391796,5.9056745,5.9618845,6.238373,6.4142976,6.1109285,6.606302,6.575266,6.060855,6.986833,5.9263363,5.900921,6.0968037,5.526301,4.853854,4.61681,5.3040104,5.454371,5.2035093,5.3313527,6.940187,6.464571,6.958153,6.969457,7.732959,7.5829597,7.426677,7.711583
32,5.9763684,6.1328173,4.9671035,5.331378,7.0686703,6.9335294,6.1492405,6.2192907,6.179617,5.823852,9.104596,8.834695,6.993908,6.828123,7.0013385,6.5392585,4.323858,5.1570964,5.2196026,5.2196026,5.333235,4.2339215,6.363102,5.57712,5.878087,5.802929,6.2100925,5.779352,5.775546,6.8255253,5.4998784,5.8049045,0.0,0.10918399,2.8268642,1.8590027,2.9927433,3.085969,7.244005,4.836089,5.2915144,5.41512,5.8569283,6.3476877,4.6472425,4.7305303,5.471668,5.6806474,4.685891,3.8753884,7.4540105,4.5233865,4.6807804,7.1293206,5.7880735,4.9682918,8.561825,8.242622,9.154145,7.5241117,8.98997,8.931459,8.419405,7.6506433,9.406916,9.632991,7.529868,9.77607,9.115325,7.3635883,8.098713,7.9784427,10.269977,7.485973,7.5838065,8.5480175,7.520399,7.297685,7.6677227,7.6208687,5.972134,6.148348,6.897943,8.142657,7.8577847,6.5814734,7.8376656,7.559781,8.445402,9.269129,7.0248804,7.4154644,8.9946375,8.607835,7.843525,7.074875,6.967581,6.677793,8.316057,9.13198,6.3178973,6.43354,5.9580646,6.501929,6.3719387,6.7707725,6.519219,6.4004364,7.506711,7.3959217,6.5398297,6.2396474,7.7490225,7.214808,6.9965243,6.6676884,6.092646,6.993632,7.7363124,7.9420366,7.4818244,7.171314,7.503535,7.546422,8.1125965,8.139317,8.399217,8.019529
