,0,1,2,3,4,5,6,7,8,9,10,11,12,13,14,15,16,17,18,19,20,21,22,23,24,25,26,27,28,29,30,31,32,33,34,35,36,37,38,39,40,41,42,43,44,45,46,47,48,49,50,51,52,53,54,55,56,57,58,59,60,61,62,63,64,65,66,67,68,69,70,71,72,73,74,75,76,77,78,79,80,81,82,83,84,85,86,87,88,89,90,91,92,93,94,95,96,97,98,99,100,101,102,103,104,105,106,107,108,109,110,111,112,113,114,115,116,117,118,119,120,121,122,123,124,125,126,127
0,0.0,1.7334403,4.6551228,4.271849,4.284002,6.6586304,5.884427,5.0550447,8.436786,4.6790953,5.5077615,4.555893,4.356432,5.192232,6.376264,5.1769166,5.7023506,6.420764,5.945755,6.891234,5.6181793,5.802438,6.0416813,6.9784174,6.649435,5.6884475,5.7007565,4.967875,5.5761533,6.269404,9.304288,6.4485154,7.2605333,7.2608724,4.828229,5.501506,4.892552,6.2655396,5.738732,5.721892,5.8316,5.8555937,6.3064656,6.3161755,5.6638503,5.5724173,4.906121,5.4334865,6.55041,4.669357,4.757421,4.8790994,6.1676736,5.7473817,5.6513677,6.73817,4.9799013,6.9906735,5.1689487,5.739903,5.7145085,5.890172,5.240899,6.005631,6.3849826,5.980768,6.846789,7.1602483,6.2766027,5.744869,6.5343394,7.0127616,6.666544,6.678704,6.888506,7.001028,6.8156776,7.815584,6.911477,6.941412,7.526806,7.404267,7.197734,7.939379,7.2800846,7.0583973,7.4732485,7.3125515,6.6406054,6.3525834,6.8299747,7.8392687,7.2245207,7.047177,7.264246,7.5965314,5.915006,6.377923,6.346983,5.765441,6.628017,6.5167437,7.001633,7.3931737,7.269514,7.644406,6.600548,8.000235,6.852753,7.641017,6.7272887,6.6821685,6.9529376,7.664306,6.9619637,6.716947,7.1634817,8.881564,8.026404,7.4831657,7.195971,7.0389543,6.4174547,5.9448743,6.9430027,6.967555,6.7638397,6.5330515
1,1.7334403,0.0,5.8842015,4.2973785,4.276098,6.589321,5.0650353,4.2720046,7.942296,3.7054436,4.6717978,3.50723,4.3564944,4.397125,6.5229144,5.025463,5.5545063,5.7516994,5.0260224,6.253355,4.9623065,5.0293145,5.1377573,6.17731,5.9354696,5.078563,5.0277057,3.956086,4.6959815,5.462912,8.932631,5.739202,7.0240617,7.021924,4.758441,5.2992964,5.220886,5.666285,5.5917625,5.5285106,5.1250396,5.1953073,5.676868,5.69092,5.915118,6.0316687,5.378273,5.6233606,6.6377244,4.512261,4.62981,5.0566854,5.935898,4.952806,5.2462745,6.485067,4.8135858,6.808295,5.2645802,5.4954867,5.3624973,5.502542,4.833108,5.655551,5.8938684,5.557553,6.1925726,6.5422554,5.7598605,5.3609524,6.0448346,6.5789824,6.1981373,6.316666,6.4698133,6.6362987,6.4557557,7.51281,6.5164986,6.516821,7.3984146,6.9403343,6.7170153,7.519932,7.244138,7.0491624,7.4434013,7.2892346,6.134302,5.8045564,6.3351836,7.4232807,7.088172,6.8975296,6.8021955,7.1500998,6.7659554,7.30457,7.1863155,6.639198,7.782368,7.369534,7.7682896,8.118537,8.137211,6.9678154,7.413828,8.741811,7.650154,7.0758176,7.504265,6.0171657,6.581501,7.125282,6.5742354,6.2884054,6.638891,8.453181,7.5419745,6.911837,6.684136,6.5169888,6.5497737,5.4556384,6.429595,6.439497,6.286226,6.1945953
2,4.6551228,5.8842015,0.0,4.3023844,5.3669963,7.4539914,7.3953443,7.5196652,9.763426,7.160782,7.9582553,7.112158,4.3706527,7.14416,7.2699137,5.5409756,6.4569106,8.129578,7.7144947,8.227848,7.332998,7.585969,8.043717,8.856299,8.536961,7.6952643,7.456423,7.7721205,7.1525116,7.598031,10.096918,7.3709126,8.649684,8.65155,6.5588055,6.8699965,4.495222,7.3406143,6.0652113,6.365423,6.839823,6.821717,7.520032,7.522616,6.2165837,4.4882917,3.5823667,4.3159375,6.344603,4.7548995,4.7182336,5.176713,6.1140795,7.1551876,5.792569,6.7926674,5.429266,7.443224,5.195822,6.9327774,5.554874,5.776302,5.7143025,5.5362234,8.191943,8.081128,8.324929,8.588235,8.136732,7.6249824,8.332938,8.906218,8.294254,8.41776,8.748959,8.75032,8.775161,9.215216,9.0642185,8.825709,9.32144,8.867205,8.976011,9.32404,8.2722645,7.8078423,8.359184,8.262126,8.147365,7.9481754,8.370026,8.92947,9.047139,9.070137,9.276671,9.221489,4.8035326,5.708493,4.934163,4.770884,5.784776,4.962935,5.448137,5.511394,6.5699477,9.267206,5.7180142,7.494344,5.6315722,9.224474,5.240704,8.219528,8.39351,9.489322,9.084663,8.737293,8.946589,11.030277,9.091064,9.19207,8.340161,8.459539,6.596975,7.835721,8.525751,8.5791025,8.247763,8.257022
3,4.271849,4.2973785,4.3023844,0.0,3.4333985,5.7260485,4.365101,5.3235025,8.163418,4.7515745,5.8535132,4.7387233,1.4092547,4.071305,6.1299276,2.881457,4.8933735,5.73093,5.0383105,5.7562714,4.665964,4.863593,5.0180664,6.245418,5.9556384,5.540556,4.656616,5.620689,3.486151,4.112039,8.14992,4.460649,7.6562543,7.6532702,5.9324775,6.1222086,3.6235375,4.353291,3.9699774,4.248807,3.0644515,3.1632504,4.417404,4.439691,5.289896,3.8205144,3.0157027,3.7902076,4.6289825,1.5499536,1.5287682,4.0696363,4.367426,3.6754963,3.32762,4.9976506,4.1759105,6.6945314,4.0103784,5.8055224,3.7226388,3.241711,4.5093107,2.9270616,6.287356,6.177015,6.498275,6.9343367,6.2084627,6.445438,6.473967,7.4192567,6.313153,6.4557824,7.1031876,7.027906,6.4286437,7.078463,7.67475,7.372046,7.527559,7.031413,7.277351,7.591718,7.6361237,7.0891542,7.740483,7.661563,6.1192093,5.8626165,6.3367095,6.737544,7.1601686,7.181747,7.4826117,7.3624315,5.5897636,6.700638,5.820016,6.0933933,6.923209,6.277461,6.5785484,6.447667,7.409906,6.5561805,7.010344,8.341404,6.877153,7.122688,6.1867847,5.5736914,5.8578415,7.1552043,6.967318,6.555653,7.145884,9.523723,6.5982733,6.6918197,5.685612,6.391655,5.7929134,5.8343334,6.2624435,6.318845,5.9028063,6.109301
4,4.284002,4.276098,5.3669963,3.4333985,0.0,5.195118,5.5363307,5.5095325,8.537089,5.036746,5.7945256,4.9782505,3.3568127,3.8437524,6.8779073,3.5933049,4.2784715,5.0562563,4.7386365,5.547339,4.158747,4.3404074,4.993649,6.1787977,5.624304,5.0338955,4.646174,5.217883,5.0615387,5.852128,9.059049,5.6377296,7.6140723,7.6113997,5.3241863,6.169615,3.838008,5.2927485,5.4691257,4.799217,5.490161,5.4687257,5.6863203,5.7029653,6.1830635,4.8104367,4.3007493,4.741204,5.684132,4.0649877,4.119478,5.4639287,4.1675453,3.9322922,3.6519346,5.198099,5.9440846,7.1727467,3.6082954,6.118678,5.2961698,3.9328117,5.794184,4.792038,6.9662023,6.083691,7.104981,7.505393,6.9223638,7.5344453,7.1369734,7.851821,7.0306277,7.1927276,7.59947,7.52775,7.211128,7.6334214,7.5537925,7.822256,8.152866,7.362559,7.5241,7.87382,7.887732,7.2674356,8.368325,8.0933275,6.5828886,6.4206276,6.98108,7.085273,7.8777475,7.860546,6.5536995,7.908618,5.3676023,6.045446,5.399873,5.673194,8.234426,7.509059,7.843913,7.6033363,7.0787687,6.1577873,6.2652483,7.950722,7.0892177,7.0135937,6.51387,5.6894197,6.4453864,7.5994062,7.6543193,7.3330326,6.2007084,8.875643,6.077659,6.3691883,6.8652205,7.3511734,6.712525,6.9213686,7.184657,7.2503195,6.9080787,6.949185
5,6.6586304,6.589321,7.4539914,5.7260485,5.195118,0.0,6.809007,6.4277925,9.248285,6.5566187,5.6184487,7.0175014,6.0597796,6.2261243,7.153507,5.0321302,7.440247,7.9048448,7.5643516,7.8066196,7.109578,7.2853203,6.6737185,6.3862524,7.594434,6.5047536,6.3476315,7.10495,6.6873574,6.8187327,9.728666,6.7654405,6.6009145,6.621219,6.035707,6.983645,5.751397,6.9066877,5.6654024,4.909736,7.077154,7.031003,6.7441645,6.7584066,5.5300126,5.3025784,6.63038,7.072202,5.5142717,6.318541,6.348545,6.349353,6.555479,6.330838,6.2521086,5.5278096,8.09298,8.607131,7.1161356,7.3539653,6.458684,6.561903,7.2946224,6.7803507,5.8665586,6.0365186,6.1037188,6.261693,6.5544763,7.8892074,5.9617176,6.7416387,5.680149,5.8795495,6.343085,6.286657,7.0991044,6.963335,6.354072,6.6309385,8.418033,7.071505,7.656549,7.5576925,7.5172224,7.404803,7.1170993,6.9096317,7.6862354,7.608029,7.2439876,6.939638,8.5752735,8.571934,6.0839443,6.3168716,7.2147603,8.432625,8.076283,8.258764,9.665856,8.834817,9.142841,9.507401,9.275868,8.218179,8.992576,10.219109,8.592335,8.565611,8.284748,7.8026676,6.7901874,7.7599707,8.293576,8.005817,8.159405,10.820615,7.8993034,6.7672095,8.535038,8.4639635,7.6296577,8.069936,7.865311,7.941025,7.8670545,8.384241
6,5.884427,5.0650353,7.3953443,4.365101,5.5363307,6.809007,0.0,4.041695,6.811989,4.0129213,4.3413134,3.9047072,3.8262951,4.045719,5.6887937,3.4429388,4.5339727,4.217211,3.3652732,4.228983,4.327597,3.5429535,3.9160933,4.810609,5.24163,5.1116514,3.8000298,5.116412,3.84169,2.70623,7.8166323,3.6231704,5.917667,5.907466,5.8371377,5.1558604,5.1291323,3.5826406,5.080963,5.2925515,3.464141,3.7893062,3.016954,3.0513906,6.778596,6.030159,5.107913,5.2414517,6.8602586,3.9051535,3.9897962,4.539529,4.936734,3.2480404,4.388592,5.8658476,4.69635,7.316096,5.0107994,4.88867,4.366517,4.438335,4.4906836,4.340168,5.3358793,4.946983,5.5839,5.969354,5.4235134,5.667781,5.384832,6.12282,5.430996,5.6322236,6.1243134,6.027029,6.087416,6.4925666,6.5684414,6.2437263,6.3257613,5.159036,5.411779,5.908365,6.451519,6.189822,6.8516316,6.747786,4.235521,3.9472325,4.9750204,5.2886934,6.3704176,6.36481,5.950046,6.059012,8.071891,8.340597,8.016586,7.80988,8.826544,8.160992,8.206316,7.7552023,8.454607,5.449974,8.820118,10.247419,8.218678,5.902001,7.598993,4.160165,7.034178,6.348494,5.553803,5.0661774,5.3322525,8.110562,5.5869126,6.2344327,5.0117145,5.340948,5.887341,4.98267,4.7138658,4.758699,4.7580028,6.7405224
7,5.0550447,4.2720046,7.5196652,5.3235025,5.5095325,6.4277925,4.041695,0.0,7.967417,3.1755605,4.009355,3.691565,5.044055,4.861706,5.7567096,4.381937,6.180221,5.9605064,4.912972,5.9082527,4.51147,5.411619,5.7535005,5.9953113,6.982466,5.667085,4.4544606,4.602808,4.8040757,4.118491,8.108841,4.7514105,6.0359063,6.0264735,4.965023,5.7412367,6.374173,4.386105,6.7626038,6.622937,5.251886,5.3990555,3.9961708,3.9929943,7.0835114,6.746047,6.8705425,7.0046945,5.854956,5.6018877,5.696133,5.588323,6.7867827,5.3160005,6.087514,6.356801,5.364319,6.2974186,6.391999,5.835535,5.9996333,6.2759466,5.593745,6.490017,5.9921346,5.3581343,6.184865,6.3928595,6.2104926,5.9919453,6.01937,6.660495,6.2167816,6.4145746,6.6252694,6.771396,7.011121,7.8935313,6.6858,6.5881524,7.244422,6.2224326,6.2078066,6.8557625,6.9439244,6.973052,7.393381,7.1818557,5.5913506,5.1884956,6.213147,6.8639803,7.4511776,7.3603587,6.3125005,6.9125247,8.233466,8.375535,8.192418,7.5754404,9.184681,8.9003,9.417144,9.173613,9.148973,6.7667575,9.438735,11.221197,9.006093,6.9065456,8.677233,5.666678,6.035895,7.452854,6.7151294,6.397696,6.35507,9.09728,7.12514,7.3038898,6.78179,6.6192613,6.7385836,6.564959,5.5852866,5.5831046,5.6848583,5.3117285
8,8.436786,7.942296,9.763426,8.163418,8.537089,9.248285,6.811989,7.967417,0.0,7.1068134,7.644631,7.143881,7.7207127,8.559733,8.763698,7.7828836,6.8376937,6.8755636,8.35365,6.0700593,8.298397,7.7673874,7.699681,9.157236,7.141315,7.025986,8.143045,7.0686345,6.748963,6.8011265,9.924746,6.1754594,8.042647,8.047103,8.547271,7.9778576,8.868087,8.82035,7.9526324,8.085693,7.9168653,7.409832,7.882496,7.9074492,9.507887,8.815161,8.192734,8.490063,9.645417,7.895611,7.9292006,9.01177,6.505754,7.945311,7.544347,8.547496,7.567567,8.824097,8.334049,7.5484967,7.712202,8.138188,7.4129543,8.024481,8.360378,8.511361,8.533918,8.658849,8.545373,8.603098,8.440069,7.025809,8.553143,8.688371,7.393865,7.2511487,9.366783,8.30042,7.3912463,7.046175,7.6474595,7.2559004,7.3422527,7.7780504,7.8583174,7.862656,7.790287,7.73206,6.386616,7.030516,6.634183,7.927338,7.8267827,7.8533235,8.01257,7.7803974,10.392381,8.939428,10.675591,10.154912,10.780248,8.387217,8.484374,8.850747,9.4253025,7.355614,9.071614,10.581928,8.758755,7.866043,8.637249,6.0803823,8.997253,7.586222,7.048309,6.5562253,7.206775,9.184324,7.4803753,7.16081,7.619105,7.057422,7.6154456,6.5692687,7.177502,7.0210505,6.0173197,8.737159
9,4.6790953,3.7054436,7.160782,4.7515745,5.036746,6.5566187,4.0129213,3.1755605,7.1068134,0.0,3.816259,1.4837573,4.8965073,4.8059897,6.0133324,4.600587,6.22973,6.146313,5.0226326,5.54275,5.303058,5.3561893,5.3076806,6.2869782,6.4443307,5.660632,5.146639,3.9828413,4.2367764,4.4115715,8.4753475,5.190666,6.8985014,6.8894916,5.687843,6.050633,5.902881,5.317394,5.9623,5.730753,4.888857,5.021585,5.0909653,5.101188,7.6723475,6.9206862,6.246714,6.586123,6.2512364,4.796737,4.8656282,6.464048,6.190416,4.4893174,4.9134135,5.9484825,4.2023735,5.9718227,5.8880954,5.8263636,4.798096,4.9160786,4.0333705,5.1856465,6.2106614,5.93003,6.412491,6.6343045,6.4017854,5.8945603,6.281072,6.8200316,6.4476027,6.622197,6.8896775,6.984327,7.3051496,8.143106,6.7550626,6.729924,7.2159324,6.8724256,6.760008,7.4430203,7.5125895,7.400059,7.7110915,7.5224557,5.7622766,5.3556314,6.0909696,7.53056,7.3666706,7.4066343,6.987093,7.462479,7.6316805,8.1166525,7.857323,7.159951,8.846269,8.4274,8.731707,8.943308,8.826368,6.263408,8.534596,10.180257,8.460022,6.6396246,8.275179,5.246425,6.407924,7.28468,6.8536077,6.3097563,6.060461,8.566873,6.484116,6.3298645,6.331879,6.2011,6.962242,6.386425,5.4319496,5.423238,5.705034,6.3459764
10,5.5077615,4.6717978,7.9582553,5.8535132,5.7945256,5.6184487,4.3413134,4.009355,7.644631,3.816259,0.0,3.990507,5.722238,5.2076087,6.2520213,5.349431,6.2410684,5.972303,5.0502887,5.7706027,5.6763988,5.412799,5.4147353,3.8435256,6.5079184,5.393448,5.4270334,4.24964,5.346126,5.365605,9.064472,5.9032187,5.0620975,5.056018,3.8776793,3.9977367,6.4059668,5.88192,6.5304174,6.297382,5.796872,5.7795463,5.7457185,5.750561,6.7424674,6.154452,6.7722425,6.919367,7.5120716,5.7206335,5.8149505,5.8582926,6.3432374,4.752015,5.850355,6.8129106,5.496133,6.848293,6.2406397,4.347091,4.937694,5.9211946,4.9851103,6.176222,4.5231166,4.164276,4.8422356,5.1014285,4.8456774,5.2113547,4.6175003,5.3153076,4.771756,5.002023,5.413036,5.4615993,6.6118484,6.9005485,5.059787,5.169829,7.362362,5.2241273,5.163825,5.945504,6.124239,6.320964,6.366809,6.153536,5.9466515,5.5427327,6.2812285,6.108321,7.479321,7.471864,5.189353,5.913127,8.84477,9.210023,9.014624,8.389549,9.895646,9.486897,9.68192,9.819776,9.646528,7.395775,9.454151,11.113784,9.337912,7.847875,9.12053,6.4732075,8.009988,8.117116,7.3519845,6.9376245,6.677827,9.07854,7.4892683,7.320864,7.2259355,7.586541,8.043023,7.0353236,6.444891,6.491797,6.8295302,7.7981825
11,4.555893,3.50723,7.112158,4.7387233,4.9782505,7.0175014,3.9047072,3.691565,7.143881,1.4837573,3.990507,0.0,4.8014326,4.5354767,6.4422503,4.7840824,5.787652,5.6519775,4.617842,5.335947,5.130911,4.771276,4.7468133,5.9920163,6.0829473,5.4632244,5.001791,3.6430008,4.130967,4.4787297,8.727247,5.1898036,7.0785623,7.0670238,5.582632,5.633642,5.55701,5.206058,5.663308,5.4473343,4.7719865,4.9417057,5.1315827,5.1476088,7.6691303,6.9656277,5.9368744,6.2535214,6.8895345,4.5295687,4.6102633,6.3236136,5.9338646,4.0905733,4.639015,6.1356735,3.9539673,6.66889,5.4784293,5.538614,4.4810576,4.6282473,3.5989892,4.8741126,6.3152084,6.060333,6.5591493,6.7521253,6.276193,5.681841,6.429152,6.994453,6.6135044,6.760947,7.0241513,7.0993156,7.2872634,8.158137,6.8367395,6.847351,7.340299,7.1317286,6.975896,7.727996,7.8088603,7.669002,7.980909,7.808117,5.995817,5.583699,6.315638,7.752016,7.23068,7.2621217,7.246116,7.6809096,7.6544914,8.188128,7.943165,7.2108107,8.816568,8.461822,8.663771,8.862954,8.687558,6.184017,8.342075,10.191204,8.326145,6.531873,8.211639,5.1474586,6.975217,7.4130063,6.5948725,6.047397,5.973304,8.947017,6.5905213,6.5193276,6.3489876,6.0794215,6.907509,6.117152,5.988553,5.975045,5.912084,6.7866445
12,4.356432,4.3564944,4.3706527,1.4092547,3.3568127,6.0597796,3.8262951,5.044055,7.7207127,4.8965073,5.722238,4.8014326,0.0,3.8198621,5.900917,2.59146,3.7872448,4.7387,4.2845535,4.93727,3.9149363,4.062782,4.7363186,5.9118466,5.4470515,4.9969893,4.2058234,5.386881,3.5329268,3.918749,7.8175945,3.9305549,7.026049,7.020921,5.453908,5.4525657,3.4653747,3.8721666,4.303119,4.6107225,3.1463728,3.1886125,4.0263424,4.0474577,5.3330574,3.6549525,2.6756132,3.1796227,5.0533338,1.7382331,1.7749976,3.5491698,3.6160805,3.4628727,3.1725814,4.988993,4.0607033,6.571385,3.251736,5.1524587,3.7516506,3.246428,4.483316,3.086244,6.181933,5.8033867,6.3076534,6.7328253,6.066077,6.3197017,6.3336697,7.128198,6.231737,6.421584,6.9012923,6.804284,6.4200096,6.8382425,7.4740367,7.147626,7.299606,6.3532615,6.6186314,6.9275484,6.9618087,6.3404994,7.3262124,7.2159443,5.4041996,5.210761,5.9716063,6.0430484,6.979742,6.9745994,6.9004817,7.036053,5.85601,6.3854446,5.7239685,5.928357,7.109847,6.152111,6.447076,5.95213,7.035529,6.189043,6.7154603,8.316929,6.6582847,6.7076616,5.8413186,5.0728097,6.2300277,7.059727,6.6761727,6.298202,6.4652147,9.073636,6.1987205,6.7299314,5.530403,6.1353416,5.3704314,5.5674744,5.920183,5.983658,5.498566,5.9517097
13,5.192232,4.397125,7.14416,4.071305,3.8437524,6.2261243,4.045719,4.861706,8.559733,4.8059897,5.2076087,4.5354767,3.8198621,0.0,6.4653664,3.8286235,4.915561,4.169606,3.772906,5.5604277,2.8798208,2.6684833,2.2217817,5.038621,4.0152235,3.7604406,2.0481143,3.7752764,3.9369025,4.4318075,8.28776,4.471354,7.469321,7.4752727,5.311472,5.601311,4.903736,3.3309371,4.946257,4.825364,3.8257208,4.0894494,3.959626,3.952466,6.7322702,6.331823,5.3071165,4.9696064,6.6521053,3.851587,4.0394735,4.87373,5.380839,3.4133754,4.9438744,6.3247232,5.9097633,6.9966984,3.8395813,5.44711,5.4576883,4.8599277,5.7071233,4.904236,5.0465093,4.795806,5.30133,5.765504,4.9525204,5.706468,5.2667413,6.4844337,5.1009407,5.292465,6.1117916,6.0080466,5.0857344,6.0231414,6.437562,6.3974586,6.567661,6.0046234,6.3037066,6.5979686,7.384505,6.8648257,7.461814,7.3063207,4.9605536,4.557846,5.0745173,5.6517015,6.1988664,6.1773777,5.852118,6.2516317,7.770881,8.765576,8.059574,8.177726,9.37128,8.817889,9.072414,8.9502125,9.148823,6.4718323,8.903001,10.247973,8.765198,7.271281,8.359152,6.0034575,6.619121,7.458557,6.2340937,5.846374,5.54873,8.457004,6.611527,6.732242,4.782045,5.658679,6.2029514,5.4926434,6.7783904,6.9604106,6.944372,7.098662
14,6.376264,6.5229144,7.2699137,6.1299276,6.8779073,7.153507,5.6887937,5.7567096,8.763698,6.0133324,6.2520213,6.4422503,5.900917,6.4653664,0.0,5.848849,7.038486,7.3191824,7.0417185,7.336439,6.954633,6.8711896,7.13814,7.87375,7.744986,7.36848,6.667498,6.685892,6.7831,6.7274127,9.558822,7.395496,6.212443,6.22142,7.016406,6.809518,6.0295963,5.910696,6.4937143,6.7998123,6.348057,6.3030767,6.68928,6.690508,8.008347,7.2419763,6.487163,7.11393,6.1424317,5.893555,5.9437604,6.4592605,7.6816516,6.5403767,7.384801,6.2681017,6.199891,8.040862,6.3850994,6.700302,7.063257,7.314814,7.038254,7.1683536,6.6401796,6.2432265,7.5947065,7.593763,7.5925097,7.2856827,6.5402555,7.304548,6.621139,6.3770566,7.317897,7.151272,7.561835,8.251899,7.7746882,7.431066,6.109135,6.7939553,7.183028,7.328597,6.5973096,7.091746,6.9704394,6.8412404,5.9238777,5.5513415,6.503539,7.080407,7.240763,7.249224,7.5033526,7.213479,8.433885,8.552932,8.430036,8.125953,7.9056654,8.637651,8.876218,8.744204,8.876115,8.791635,9.326716,10.897769,9.103889,9.4256315,8.386719,7.639927,8.436418,8.220131,6.426216,6.212124,7.0802417,9.935473,8.087359,8.019868,7.758595,8.064727,6.963236,7.4207144,4.7874093,4.957492,6.003578,7.3727584
15,5.1769166,5.025463,5.5409756,2.881457,3.5933049,5.0321302,3.4429388,4.381937,7.7828836,4.600587,5.349431,4.7840824,2.59146,3.8286235,5.848849,0.0,4.433674,5.11265,4.4839654,5.155194,4.279929,4.3831773,4.4911737,5.9668283,5.643055,5.118965,3.4624722,5.7750297,4.436873,3.6276393,7.756278,3.762624,6.54616,6.547485,5.669815,5.991184,3.5853376,3.8555174,4.318966,4.0596685,4.2205734,4.3740773,3.0154324,3.041575,5.59567,4.6223392,3.8061523,4.2504196,5.0846705,3.38476,3.4245796,3.8485997,4.4346213,3.9537573,3.7201877,5.01019,5.4748797,6.8206453,4.3616734,5.9409776,4.62681,3.9423933,5.15607,4.0567226,5.837499,5.407132,6.01599,6.407638,5.943565,6.4929843,5.9523163,6.8304653,5.800249,6.002837,6.593609,6.4529643,6.084093,6.5462227,6.847599,6.832359,6.7798796,6.149015,6.588733,6.71461,6.981676,6.536165,7.1115246,6.930251,5.1512613,4.959905,5.369628,5.8349247,6.70605,6.7189655,6.04402,6.492475,5.542475,6.4471483,5.760212,5.966184,7.53913,6.700639,6.986037,6.5418158,6.902913,5.447804,7.3007607,8.847472,6.470143,6.313969,5.8297358,4.584531,5.4245806,6.253898,6.1939297,5.7654586,5.710161,8.539688,5.300709,5.7027836,5.1859703,5.8751583,5.074982,5.4400043,5.7277226,5.825923,5.6025357,6.3951135
16,5.7023506,5.5545063,6.4569106,4.8933735,4.2784715,7.440247,4.5339727,6.180221,6.8376937,6.22973,6.2410684,5.787652,3.7872448,4.915561,7.038486,4.433674,0.0,2.3195903,3.7191586,3.627409,4.024296,3.132146,4.9871836,5.93341,4.8854265,4.944809,4.8824735,5.7670293,5.465465,5.5566487,9.005043,4.9989605,6.6682606,6.655283,5.667428,5.232,4.593603,5.2051735,6.17914,6.0484257,5.7242317,5.5405564,5.4482574,5.4719167,6.9893517,5.3627677,4.282834,4.446592,7.7360277,4.7396736,4.8046684,5.158451,2.9308705,4.2111607,4.1858854,6.172674,5.8662677,8.280914,3.3806534,4.969883,5.5513973,4.646597,5.965169,5.251809,7.1560154,5.901438,7.2942786,7.695947,6.9220557,7.444477,7.2621646,7.34471,7.308949,7.4704986,7.327987,7.198358,7.509471,7.1896796,7.4768996,7.523027,7.620389,6.1161933,6.216934,6.7739167,6.7061777,6.2889986,7.7532454,7.512765,5.3021145,5.4510612,6.483805,5.894737,7.30513,7.2568455,6.0908966,7.482455,7.1504474,6.157454,6.514944,6.5573897,8.678254,7.351167,7.4208364,6.434212,6.470171,5.4295216,6.28655,8.1017,6.857809,6.523387,5.999526,4.409837,8.116619,7.337072,6.7364902,6.429563,5.0002203,8.116464,5.39045,6.8592157,6.592497,7.0278563,6.5346146,5.9905925,6.6933007,6.69087,5.791556,7.4490924
17,6.420764,5.7516994,8.129578,5.73093,5.0562563,7.9048448,4.217211,5.9605064,6.8755636,6.146313,5.972303,5.6519775,4.7387,4.169606,7.3191824,5.11265,2.3195903,0.0,3.1757944,3.5220542,3.2159755,1.9788746,3.9834719,5.2987533,3.9726143,4.2998323,4.0944386,4.953468,5.1105056,5.228854,8.930431,4.763296,6.930432,6.9198728,5.845617,5.404471,5.8514466,4.684832,6.687504,6.5734754,5.506543,5.373562,5.12313,5.136083,7.869239,6.7357545,5.8313956,5.628691,8.392654,5.392309,5.5157466,5.8926377,4.1765733,4.0296187,5.1773477,6.916013,6.439124,8.435415,4.101686,4.9533696,6.2693133,5.4764395,6.530361,5.978607,6.6647153,5.3995743,6.833428,7.2710476,6.4064193,7.158312,6.7808185,6.8965855,6.840342,7.005889,6.8488307,6.729101,6.9440417,6.6812754,7.05073,7.077614,7.1492844,5.5541606,5.6309533,6.2777066,6.821039,6.471257,7.8265615,7.6013784,4.690253,4.8221374,5.940323,5.320717,6.8133535,6.757681,5.5590773,6.992943,8.784748,8.057166,8.318375,8.324446,10.113608,8.971104,9.06891,8.296317,8.283214,5.440894,8.202327,9.691877,8.597129,6.6635427,7.9156237,4.6854506,8.246182,7.5154757,6.405756,6.088606,4.4759607,7.7445135,5.59013,7.0123816,6.0723195,6.6172557,7.1016703,5.870777,6.782267,6.815128,6.076075,7.569968
18,5.945755,5.0260224,7.7144947,5.0383105,4.7386365,7.5643516,3.3652732,4.912972,8.35365,5.0226326,5.0502887,4.617842,4.2845535,3.772906,7.0417185,4.4839654,3.7191586,3.1757944,0.0,4.236804,3.4472659,2.4846554,4.3127127,4.6891227,5.2110267,5.3723307,4.2173147,5.1475677,5.0329633,4.8949723,8.826471,5.0797625,6.7807493,6.7607803,5.802957,5.450322,5.2533774,4.0934734,6.4908404,6.325209,4.8344088,5.0042486,4.701046,4.722993,7.451734,6.479926,5.5690475,5.233831,7.689764,4.7406645,4.8441577,5.267026,4.6949406,3.0006251,4.1837435,6.11209,5.6979423,7.875537,4.416648,5.3427176,5.206871,4.244999,5.5211215,4.9340835,6.6978602,5.460806,6.5029006,6.9796705,6.5039744,6.912627,6.758446,7.6261005,6.831907,7.1691995,7.5913744,7.625498,7.2722516,7.7983737,7.7968802,7.807682,8.282963,6.2875667,6.322196,6.953151,7.3835573,7.1593223,8.384821,8.165419,5.510683,5.127757,6.64876,6.18223,8.095148,8.022108,6.2541013,7.614389,8.117111,8.362846,7.5772667,7.5093594,9.928847,9.1703005,9.234553,8.432645,8.678412,5.4861856,8.424363,9.876715,8.788708,6.7967577,8.050815,4.659857,7.9059463,7.439564,7.2406816,6.913263,5.2825723,8.015713,5.7302313,7.009802,6.4437184,7.317065,7.5907254,6.3642673,6.187119,6.2286334,6.174188,7.2911773
19,6.891234,6.253355,8.227848,5.7562714,5.547339,7.8066196,4.228983,5.9082527,6.0700593,5.54275,5.7706027,5.335947,4.93727,5.5604277,7.336439,5.155194,3.627409,3.5220542,4.236804,0.0,4.759726,4.0728216,5.368115,5.803729,4.383803,4.5596857,5.5980363,5.728845,4.876937,4.8951955,6.8157706,4.9034605,6.048567,6.022894,6.5609903,6.10319,6.212885,5.547802,6.865591,6.720688,5.6152515,5.38653,5.4642386,5.4894624,8.18079,6.591629,6.104966,6.3872986,7.9180913,5.5975084,5.640591,6.801853,4.4381175,4.2980103,4.845913,6.560645,5.7909575,8.294652,5.262975,5.4799366,5.8213363,5.189008,6.156532,5.77448,7.1170545,5.8211827,7.250405,7.42024,6.8322215,7.3166623,7.0674124,7.043167,7.2723646,7.4005327,7.2601,7.0834737,7.2991343,6.9700327,7.267035,7.347977,7.1686234,5.5213094,5.482966,5.678343,6.484364,6.199658,7.552134,7.311877,4.7375216,4.852996,6.1199245,5.4754057,7.017651,7.043711,5.738933,7.1702466,8.386609,7.2761693,7.656548,7.460978,9.407486,8.207215,8.235205,7.4804883,7.3872147,3.806198,7.4528766,9.224659,7.9178343,5.590395,7.2470884,3.2498593,7.5350547,6.8365116,6.7094502,6.3534026,4.4426,7.895817,3.8069813,5.823625,6.723069,6.7293344,7.6390896,6.6416535,5.430263,5.45088,4.6275263,6.554229
20,5.6181793,4.9623065,7.332998,4.665964,4.158747,7.109578,4.327597,4.51147,8.298397,5.303058,5.6763988,5.130911,3.9149363,2.8798208,6.954633,4.279929,4.024296,3.2159755,3.4472659,4.759726,0.0,2.680147,4.160985,5.174212,4.8802195,4.044849,2.7396805,4.3419747,4.1905575,4.4018736,8.192449,4.154914,7.4139557,7.4049625,4.995442,5.6306095,5.817939,2.9242258,6.698856,6.615728,4.5490685,4.6541667,3.9827504,3.9549272,7.569308,6.2097507,6.0035944,5.6930094,6.698599,4.8187695,4.9692063,5.3536215,5.1350985,4.008468,5.3620167,6.583855,5.7913356,6.9937544,3.9253783,4.922707,6.070511,5.343204,6.2537365,5.773831,6.131549,4.8919134,6.2055316,6.7217026,5.849847,6.4958405,6.273136,6.926312,6.3045897,6.5249333,6.670851,6.7097964,6.3622,6.726424,7.0973387,7.005061,7.288828,5.665233,5.6957035,6.3580747,6.919315,6.3799825,7.8380294,7.613465,4.826073,4.6371174,5.9368815,5.432579,6.9047647,6.90972,5.786161,7.0192304,8.480698,8.301912,7.9250627,7.9851136,9.923343,9.144821,9.56632,8.866246,8.952863,6.239075,8.924825,10.266136,9.120755,6.8477883,8.510913,5.6731915,6.8620005,8.298557,7.2517066,6.889341,5.3897195,8.407428,6.413921,7.751831,5.8264112,6.2623053,7.015756,6.566043,7.0528216,7.135303,6.6183276,6.256314
21,5.802438,5.0293145,7.585969,4.863593,4.3404074,7.2853203,3.5429535,5.411619,7.7673874,5.3561893,5.412799,4.771276,4.062782,2.6684833,6.8711896,4.3831773,3.132146,1.9788746,2.4846554,4.0728216,2.680147,0.0,2.7256432,4.5689616,3.739586,3.949573,3.1296902,4.421021,4.5169253,4.7527175,8.628228,4.627781,6.966056,6.9583263,5.4291344,5.0289893,4.9466577,3.727626,5.755212,5.6247563,4.5740256,4.7573113,4.502477,4.5121803,7.4096293,6.4114037,5.2099915,4.929542,7.8078356,4.3986025,4.5489955,5.216968,4.33998,2.9101655,4.5460844,6.406252,5.820047,8.044494,3.321213,4.70657,5.439969,4.597202,5.6645603,5.02556,5.9649267,4.962295,6.1591454,6.5958257,5.7023745,6.3940587,6.097664,6.7855496,6.1132393,6.2903934,6.6440034,6.5314927,6.2245464,6.485092,6.879423,6.8946424,6.969472,5.693591,5.83133,6.3716393,6.9933076,6.4407053,7.7150655,7.509179,4.7430844,4.5665417,5.6592326,5.4066334,6.59279,6.5706196,5.646524,6.7811594,8.241107,8.319999,7.9876943,8.017656,9.71865,8.950658,9.020111,8.439634,8.489452,5.641092,8.345955,9.831593,8.58889,6.369791,7.987754,5.0343094,7.9133162,7.5050607,6.3268585,5.9611654,4.6145835,8.00807,5.7829876,6.8678646,5.6114435,5.9698696,6.6213713,5.736577,6.665916,6.766792,6.3884134,7.5780554
22,6.0416813,5.1377573,8.043717,5.0180664,4.993649,6.6737185,3.9160933,5.7535005,7.699681,5.3076806,5.4147353,4.7468133,4.7363186,2.2217817,7.13814,4.4911737,4.9871836,3.9834719,4.3127127,5.368115,4.160985,2.7256432,0.0,5.0660386,3.1891196,3.6007571,2.6949174,4.1155457,4.280953,4.5200796,8.49712,4.444112,7.3660717,7.376166,5.9574027,5.6235414,5.2317963,4.3125405,4.4590974,4.3329234,4.360964,4.5666666,4.2968864,4.308293,7.0400085,7.013207,5.5951023,5.297488,7.872196,4.455503,4.6282053,5.3957515,5.366591,3.7675786,5.1914682,6.8251743,6.455374,8.10575,4.573084,5.6178484,5.5933776,5.264602,5.753862,5.119852,4.8478146,5.0696816,5.2252474,5.5801296,4.6617537,5.5926642,5.0833783,5.9666395,4.9245973,5.075437,5.6414824,5.4280124,4.8754296,5.402574,5.831899,5.8478494,6.081461,5.898513,6.264291,6.484685,7.471773,7.020979,7.199351,7.0927687,4.8666716,4.6734996,4.5573325,5.61084,5.561275,5.542359,5.752428,5.718512,8.325168,9.214874,8.918414,8.947457,9.750641,8.906623,8.950454,9.040584,9.241819,6.134849,9.10047,10.466394,8.63887,6.905982,8.41071,5.7113495,7.283851,6.8605127,5.317271,4.848993,5.2052245,8.459341,6.4088607,6.1486306,4.562601,4.957098,5.985739,4.64079,6.973763,7.1361647,6.8799653,8.064864
23,6.9784174,6.17731,8.856299,6.245418,6.1787977,6.3862524,4.810609,5.9953113,9.157236,6.2869782,3.8435256,5.9920163,5.9118466,5.038621,7.87375,5.9668283,5.93341,5.2987533,4.6891227,5.803729,5.174212,4.5689616,5.0660386,0.0,6.190516,5.403523,5.3778944,5.780371,5.692281,5.808409,9.306372,6.2440357,6.140694,6.1261406,4.651417,4.266306,6.6665115,5.484879,7.0195255,6.876986,5.783812,6.001643,5.960473,5.965246,6.962042,5.9412427,7.0099664,6.9658833,8.560208,6.005021,6.1064854,5.783257,6.148642,4.179999,6.1199603,7.465526,6.716414,8.962101,6.0079603,4.2509165,5.530687,6.0357876,6.2987156,6.373643,5.0363045,4.1932397,5.2850394,5.73426,4.784936,6.243986,5.158244,6.2191424,5.173234,5.382147,6.048988,6.0131764,6.3902225,6.2775564,6.238294,6.2708516,8.305165,5.2429357,5.2767954,5.952122,6.715871,6.361518,7.368134,7.2001486,6.6578813,6.355649,7.254369,5.313178,7.935801,7.937182,5.274562,6.2770762,9.901006,10.2344475,9.704223,9.593399,11.047699,10.672827,10.716176,10.382368,10.404398,7.6673074,10.34836,11.61081,10.4458,7.6785803,9.949771,7.168967,9.162139,9.0499525,8.309953,8.003022,7.336072,9.916474,7.833998,8.441704,7.8386917,8.020374,8.900359,7.914383,7.989549,8.062985,7.8889823,8.82676
24,6.649435,5.9354696,8.536961,5.9556384,5.624304,7.594434,5.24163,6.982466,7.141315,6.4443307,6.5079184,6.0829473,5.4470515,4.0152235,7.744986,5.643055,4.8854265,3.9726143,5.2110267,4.383803,4.8802195,3.739586,3.1891196,6.190516,0.0,2.6810074,4.3929157,4.865977,5.0529184,5.6342254,7.156864,5.2238064,7.1612315,7.170211,6.738964,6.419937,6.161931,5.6521025,5.617895,5.575284,5.521404,5.346958,5.679799,5.6857343,7.819756,7.515958,6.229514,5.95083,8.5322275,5.5843368,5.729871,6.5309296,5.5170207,5.0697045,6.007164,7.4972167,7.120596,8.568613,5.0631676,6.066687,6.7218657,6.2341185,6.9372067,6.232592,5.5283494,5.2278457,5.8295183,6.0065284,5.156268,6.107827,5.5788045,5.813384,5.605773,5.6895328,5.736865,5.4578037,4.857333,4.795603,5.8713737,6.0119543,5.766993,5.3758016,5.627691,5.4215407,6.724165,6.3959994,6.7029357,6.567417,4.146345,4.239845,4.195759,4.89632,5.2172003,5.168652,5.2160745,5.537813,8.579733,8.664625,8.809589,8.886197,9.697213,8.345102,8.375506,8.442933,8.583463,5.4058237,8.260946,9.404152,8.181704,7.0309944,7.9495554,5.484269,7.342173,6.576665,5.5322356,5.1745605,4.3757463,7.4987726,5.539564,5.592251,5.237778,5.4740834,6.8798313,5.0253606,6.7074075,6.91899,6.4938803,7.7076488
25,5.6884475,5.078563,7.6952643,5.540556,5.0338955,6.5047536,5.1116514,5.667085,7.025986,5.660632,5.393448,5.4632244,4.9969893,3.7604406,7.36848,5.118965,4.944809,4.2998323,5.3723307,4.5596857,4.044849,3.949573,3.6007571,5.403523,2.6810074,0.0,3.7424793,3.8328865,4.567321,5.1413975,6.674302,4.4785147,6.1834445,6.194723,4.7383866,5.044258,6.0571613,5.126432,5.7490807,5.671817,5.4311714,5.3275533,5.128011,5.110466,7.059361,6.5130067,6.1823483,5.84587,7.619454,5.4450054,5.606975,5.818688,5.416108,5.232239,6.0462837,7.217236,6.352931,7.2955875,4.7745547,4.7309422,6.163375,6.274359,6.182836,6.295483,4.399416,4.1539254,4.64082,4.759859,3.9644768,4.920635,4.4722667,4.546267,4.6103106,4.7939954,4.4647965,4.314173,4.611104,4.356431,4.4954934,4.60171,5.7194986,4.3134365,4.459549,4.425194,5.5120378,4.944029,5.463551,5.2631683,3.8752205,3.9530833,3.9981608,4.3516192,5.179468,5.1692014,4.1792307,4.6592035,8.43957,8.33013,8.592521,8.402455,9.543362,8.112301,8.425488,8.555177,8.61279,6.1593995,8.304022,9.805102,8.090662,6.5686874,8.024974,5.978936,6.8429337,7.362065,6.127981,5.7391005,4.7667947,8.094434,6.355462,6.4631605,5.6774325,4.9334393,6.3561654,5.5806923,6.972649,7.1587305,6.654377,6.9910536
26,5.7007565,5.0277057,7.456423,4.656616,4.646174,6.3476315,3.8000298,4.4544606,8.143045,5.146639,5.4270334,5.001791,4.2058234,2.0481143,6.667498,3.4624722,4.8824735,4.0944386,4.2173147,5.5980363,2.7396805,3.1296902,2.6949174,5.3778944,4.3929157,3.7424793,0.0,4.3338056,4.35829,3.8381977,8.085598,3.635523,7.2051897,7.2136345,5.259242,5.7232437,5.3937,2.9803576,5.368091,5.25745,4.3803062,4.6055856,2.7783053,2.7436078,6.9235015,6.568699,5.770655,5.4067163,6.828965,4.6642575,4.8405805,4.633603,5.6877604,4.4292736,5.6277413,6.7886205,6.3739967,7.064257,4.5179787,5.4830885,6.052293,5.665986,6.129703,5.650854,4.7853823,4.4532094,5.0680614,5.5724645,4.6559777,5.503245,4.998879,5.916867,4.8690495,5.0783076,5.516628,5.445686,4.8276563,5.4932575,5.867973,5.8383555,5.985353,5.3859663,5.7338376,6.0871606,6.910249,6.5008445,6.9563484,6.794913,4.2770243,4.0361075,4.3706493,5.1129165,5.6027274,5.5955048,5.2952714,5.665777,8.04689,8.66704,8.271547,8.334159,9.503643,8.721265,9.072666,8.800572,8.969251,6.25866,9.270803,10.54052,8.540329,6.9642735,8.214927,5.756046,6.230036,7.2864456,5.845825,5.397447,5.1216335,8.161426,6.4453416,6.85679,4.3015842,5.0020423,5.728995,5.072224,6.91298,7.070579,6.799553,6.99555
27,4.967875,3.956086,7.7721205,5.620689,5.217883,7.10495,5.116412,4.602808,7.0686345,3.9828413,4.24964,3.6430008,5.386881,3.7752764,6.685892,5.7750297,5.7670293,4.953468,5.1475677,5.728845,4.3419747,4.421021,4.1155457,5.780371,4.865977,3.8328865,4.3338056,0.0,4.240677,5.3358583,8.874559,5.1501226,7.141721,7.1474013,4.537185,4.9331956,6.575117,5.2865157,6.2600083,6.220873,5.2078505,4.997832,5.703541,5.6874657,7.809932,7.300231,6.741014,6.45907,7.51641,5.286709,5.4568696,6.5364957,6.1770015,5.0202785,6.094355,7.184497,5.256742,6.008121,5.1387806,4.7698627,5.7167783,6.1395254,5.2647605,6.1567006,5.1475673,5.20906,5.3783164,5.58812,5.134611,5.0002832,5.373353,5.6709046,5.4932766,5.6957083,5.5835257,5.6489863,6.3803973,6.8754754,5.467155,5.3552356,6.7151175,5.9874825,5.908221,6.620781,6.9801383,6.940017,6.9557557,6.7919865,5.2113533,4.9178996,5.388045,6.621426,6.491441,6.504717,6.191084,6.429566,9.073296,9.301081,9.40034,8.853438,10.10154,9.2166815,9.59433,9.925739,9.919592,7.468962,9.209708,11.027701,9.356728,8.184468,9.319051,6.6454406,7.5006227,8.414714,6.6357474,6.1457486,5.927148,8.96232,7.735065,7.4993734,5.983563,6.262491,7.2121615,6.072899,7.082209,7.175924,7.052044,7.1653967
28,5.5761533,4.6959815,7.1525116,3.486151,5.0615387,6.6873574,3.84169,4.8040757,6.748963,4.2367764,5.346126,4.130967,3.5329268,3.9369025,6.7831,4.436873,5.465465,5.1105056,5.0329633,4.876937,4.1905575,4.5169253,4.280953,5.692281,5.0529184,4.567321,4.35829,4.240677,0.0,2.5733495,7.327058,3.1293972,7.6276865,7.6227217,6.1804166,6.1679435,6.0044694,4.0631404,4.9847493,5.380746,2.0725124,1.884014,3.9573274,3.975181,6.6821666,5.7858562,5.5863576,5.798114,5.72625,3.3484182,3.427679,5.6924744,5.094076,3.6655684,4.6196012,5.9956584,4.3411,6.689602,5.3182,5.551531,4.4878855,4.657171,4.9106402,4.2476344,5.835822,6.0405235,6.02981,6.3765907,5.652437,6.01465,6.0295367,6.576462,5.965568,6.1322746,6.309067,6.2478323,6.088792,6.4785523,7.0045433,6.4616766,6.9281178,6.247963,6.414771,6.804913,7.57436,7.1043496,7.583775,7.559734,5.3761425,5.247451,5.6466312,6.191532,6.478963,6.508779,7.1617885,6.6597643,8.389662,8.712567,8.584146,8.532809,9.047319,8.07445,8.39162,8.422298,9.356068,6.231859,8.992153,10.416873,8.86617,6.721079,8.398921,5.224238,5.7821155,7.120539,6.3495708,5.888355,6.8903255,9.61581,6.6716576,6.675925,5.1874394,5.426669,6.4388003,5.5662913,5.9718776,5.986192,5.2437296,5.403948
29,6.269404,5.462912,7.598031,4.112039,5.852128,6.8187327,2.70623,4.118491,6.8011265,4.4115715,5.365605,4.4787297,3.918749,4.4318075,6.7274127,3.6276393,5.5566487,5.228854,4.8949723,4.8951955,4.4018736,4.7527175,4.5200796,5.808409,5.6342254,5.1413975,3.8381977,5.3358583,2.5733495,0.0,6.9785743,2.235005,7.127483,7.12104,6.4822216,6.4193788,6.1275296,3.5417938,5.261681,5.5936975,2.7889547,2.9426491,2.0122569,2.0411828,6.7853594,6.1471276,5.874921,6.0840683,6.0270123,4.1414857,4.2051015,5.152043,5.6169763,4.281386,5.0844955,6.3397255,5.0390067,7.0587373,6.000726,5.918274,5.0103116,5.1864457,5.2802687,4.794683,5.7157307,5.7695327,5.914556,6.2916536,5.565719,5.941074,5.8444314,6.419055,5.80823,5.995038,6.196838,6.135425,5.880013,6.3084316,6.8633857,6.3819585,6.50012,5.8201985,6.078299,6.432202,7.310213,6.999117,7.330525,7.3024063,4.852506,4.72689,5.157893,5.7873006,6.189619,6.2103972,6.774596,6.275771,8.3727,8.654504,8.493815,8.419939,8.960216,8.057183,8.358066,8.078181,9.023228,5.6084614,9.446926,10.774329,8.556691,6.165994,8.077752,4.498158,5.3998094,6.4748483,5.8181005,5.3182335,6.4585185,9.142324,6.091505,6.471592,4.649591,4.98274,5.99297,5.0950594,5.547481,5.554067,4.833033,5.5018544
30,9.304288,8.932631,10.096918,8.14992,9.059049,9.728666,7.8166323,8.108841,9.924746,8.4753475,9.064472,8.727247,7.8175945,8.28776,9.558822,7.756278,9.005043,8.930431,8.826471,6.8157706,8.192449,8.628228,8.49712,9.306372,7.156864,6.674302,8.085598,8.874559,7.327058,6.9785743,0.0,7.2430954,8.143195,8.136909,9.408364,9.505105,9.265278,7.886394,8.725426,9.005865,7.6071906,7.587934,7.1541514,7.149458,9.508663,9.138392,9.141592,9.219852,8.748393,8.346995,8.385039,8.689931,9.292915,8.7403965,9.054009,9.660166,8.547845,9.567645,9.178369,9.135532,9.017786,9.198209,9.199061,8.931813,8.324204,8.104772,8.402197,8.129201,7.855221,7.96657,8.087506,8.485404,8.336927,8.378965,8.63202,8.442034,7.1544895,7.630789,8.930781,8.772875,8.078094,7.5569267,7.6729374,6.619727,8.18284,7.845534,8.112793,8.075598,6.9176564,6.7913227,7.212678,7.302411,7.8423047,7.8121324,8.208917,7.8488755,10.064157,9.89902,9.756568,9.627348,9.737602,8.856438,9.1807165,8.978668,9.764166,7.2760158,10.364875,11.70968,9.528738,7.977453,9.364504,7.5857224,7.0597477,8.310774,8.462264,8.332466,8.17089,10.531788,7.542497,8.044157,8.374303,7.5456657,8.922485,8.62399,7.326583,7.5768085,7.3321953,6.50157
31,6.4485154,5.739202,7.3709126,4.460649,5.6377296,6.7654405,3.6231704,4.7514105,6.1754594,5.190666,5.9032187,5.1898036,3.9305549,4.471354,7.395496,3.762624,4.9989605,4.763296,5.0797625,4.9034605,4.154914,4.627781,4.444112,6.2440357,5.2238064,4.4785147,3.635523,5.1501226,3.1293972,2.235005,7.2430954,0.0,7.1493754,7.151873,6.134542,6.1601644,6.1119347,4.0062456,5.2926207,5.58639,3.7328677,3.6250906,2.7234654,2.7297814,6.6703,6.0022135,5.6898255,5.393808,6.26063,4.4566407,4.546446,5.1081934,4.720465,4.9097757,4.9672136,6.253779,5.5786176,6.640328,5.604471,5.788562,5.109342,5.2862577,5.3840966,4.878366,5.785512,6.0475006,5.511199,5.893409,5.6261096,6.16258,5.9526477,6.1051426,5.871451,6.285304,5.8933535,5.8781834,6.3374414,6.1577334,6.5677395,6.022746,6.992604,5.565324,5.9766893,6.2131486,6.9887605,6.523959,6.8942165,6.8504925,4.581026,4.735441,4.7996445,5.502563,6.625572,6.637655,6.4490356,5.966125,8.355823,8.439646,8.540184,8.485961,9.578959,7.6252413,8.012182,7.760038,9.01219,5.930173,8.999106,10.521158,8.097323,6.327092,7.7147617,4.8187304,5.695565,6.722319,6.220886,5.70493,6.2375717,9.14122,6.351795,6.6652536,4.73805,4.7430105,5.328926,4.9037533,6.3527045,6.3669934,5.446836,6.053609
