,0,1,2,3,4,5,6,7,8,9,10,11,12,13,14,15,16,17,18,19,20,21,22,23,24,25,26,27,28,29,30,31,32,33,34,35,36,37,38,39,40,41,42,43,44,45,46,47,48,49,50,51,52,53,54,55,56,57,58,59,60,61,62,63,64,65,66,67,68,69,70,71,72,73,74,75,76,77,78,79,80,81,82,83,84,85,86,87,88,89,90,91,92,93,94,95,96,97,98,99,100,101,102,103,104,105,106,107,108,109,110,111,112,113,114,115,116,117,118,119,120,121,122,123,124,125,126,127
0,0.0,6.86565,6.626936,7.1492767,6.634877,6.59687,5.935939,5.8702145,5.4292984,5.1908937,8.6806965,7.30739,7.768089,7.61503,7.3037825,7.6426935,5.2526193,5.5516853,2.8117967,6.2486787,9.528964,8.844459,8.418008,8.111279,7.1592236,5.6933613,6.322994,5.246451,7.526163,8.045136,6.0537376,5.9165545,8.666086,6.5475516,8.16731,8.126238,6.9623,7.159459,6.8347464,7.7815185,7.6737685,6.8955545,8.140083,8.029892,9.434834,9.811367,8.961719,8.377617,7.1212564,7.0061393,7.86864,7.86864,8.216116,7.9703393,6.255486,8.137221,8.842944,8.846223,9.366494,9.31754,7.415897,8.765618,5.8080573,8.106943,7.018938,7.5939775,8.054763,8.079947,7.6105394,7.841397,7.285386,6.8219557,8.097607,7.7135677,8.639733,7.373781,7.0944924,6.4485397,6.6583138,6.6510406,6.965634,6.569512,5.4271097,7.1553783,6.968982,6.170345,7.0886593,6.9248624,10.85963,10.035416,7.940637,7.0320063,8.325108,8.747963,10.487651,8.77102,8.816945,8.209333,9.828455,9.845329,9.336659,9.790321,8.87514,8.859937,7.661434,7.759034,8.101879,8.0397215,9.359336,9.513437,10.087479,10.284166,9.312355,8.822693,8.770948,9.925388,9.916304,8.236916,9.274448,7.9563966,9.368846,8.721182,9.786575,9.098167,10.346365,8.955186,7.8455625,6.6645017
1,6.86565,0.0,7.844018,8.16725,6.4931564,6.4807725,7.533548,6.8928037,6.1865535,5.7465367,6.623447,6.2482944,4.5365796,4.215833,4.0918355,4.7585726,6.2404785,6.449114,6.365815,5.5602145,7.9599614,6.8941,6.4497685,7.2651806,4.400483,6.170873,3.8705542,4.1371207,5.5714235,7.487281,4.2723675,5.4430256,8.464625,8.273224,7.100781,6.970697,7.050578,7.2586794,6.5638523,6.158512,7.2348275,6.0309086,6.5607862,6.452133,8.385948,8.762958,6.0500035,5.8348236,6.485175,6.2340293,7.3147864,7.3147864,6.2236915,5.833315,7.4661727,6.591627,8.772163,7.6995463,7.7242537,7.512311,4.9391117,6.384794,6.592582,7.1839232,6.767573,7.504046,5.5039477,5.5750713,5.841365,6.519535,6.364395,8.259866,7.8306513,8.3714905,7.441006,9.137613,7.0035872,7.269901,6.2680836,6.2681,7.2733054,6.7912226,7.051534,6.576371,6.8197813,4.9656506,6.9681535,6.2921896,9.924521,10.076314,7.628843,8.819426,5.702226,6.52256,9.74189,6.4383245,9.002312,8.494325,7.462563,9.114342,7.6274657,7.158383,6.032248,6.0916343,6.9530044,6.147867,7.5906696,6.9086924,8.210206,8.283173,8.404412,8.679603,7.443318,6.7758045,6.963696,7.5365343,9.559,8.314865,8.250616,8.0438,6.185635,6.582535,8.196946,7.4806128,9.643974,6.7070875,7.496031,6.141116
2,6.626936,7.844018,0.0,1.9564407,9.003378,8.966081,8.871854,8.365386,7.234692,7.311888,9.465872,8.732497,8.525252,8.426865,7.984516,8.331858,7.055599,6.9540415,6.335953,8.258598,10.553033,10.021348,9.362276,9.55105,8.111145,7.6150765,8.409553,7.304713,8.4662695,10.162739,7.635763,8.533019,8.557709,6.2000837,8.383085,8.404997,4.492094,4.8999352,5.677091,7.055893,6.3451166,5.6135297,5.1939025,5.3770394,8.837909,8.622961,7.3237834,6.718626,6.712471,6.3930144,7.4170766,7.4170766,6.7554326,6.240532,6.491631,8.249073,9.787113,7.625474,8.579803,8.444316,7.147971,7.586013,5.3333044,7.0005155,6.9257827,7.0778427,6.8395452,6.782865,5.8966217,5.4819055,5.0152082,5.8920794,6.0831437,7.38807,6.734978,6.7769947,6.4355083,5.368026,6.4152384,6.405227,9.120467,8.720902,7.9194584,7.5426884,7.635009,7.4033184,7.653572,8.009717,9.697336,9.814755,6.660008,6.3729606,7.841736,7.4288583,10.255006,6.6986637,8.545603,8.2271805,7.9300165,8.572042,7.268624,8.900654,8.032838,8.00684,6.964166,7.5983834,6.2924337,6.8403263,7.2087855,7.3964376,7.676993,7.7966466,7.2432737,6.82687,6.890222,7.99433,9.42843,6.620651,6.5387115,7.228429,9.1657505,7.490837,7.0991282,6.793098,9.310077,6.5147996,7.180301,7.469884
3,7.1492767,8.16725,1.9564407,0.0,9.176776,9.141395,9.079628,8.576872,7.7429767,7.779704,9.971782,9.213692,8.961792,8.83538,8.340698,8.633931,7.3751683,7.335111,6.9257507,8.77207,10.253917,9.655768,9.387269,9.331046,7.6629725,8.446375,9.028915,7.661537,8.981285,10.621401,8.083661,8.965787,8.657088,6.311349,8.979847,8.990302,5.267586,5.8607054,6.449872,7.579293,7.189506,6.351213,5.538884,6.138355,8.920666,8.713135,7.42347,6.875763,7.369583,7.1415205,8.016252,8.016252,7.356146,6.8101454,7.1728373,8.706157,10.1441765,8.103842,8.861138,8.739723,7.896044,7.987171,6.049911,7.0036526,7.455542,7.6682644,7.348042,7.245655,6.4785323,6.1791315,5.7678194,6.620379,6.822338,8.024065,7.387834,7.4807577,7.1156807,6.215099,7.09641,7.089129,9.570622,9.18762,8.418388,7.4049716,8.019189,7.8378263,8.203113,8.5060425,9.973355,10.116151,7.419608,6.9679255,8.262386,7.8291197,10.113001,6.5071588,8.208971,8.448668,7.7178335,8.916042,7.4219794,8.803131,7.9550776,7.9387665,7.4104886,7.966828,6.856115,6.5636926,6.85845,7.053694,7.3154926,7.4597573,6.955579,7.0279016,7.0457244,8.188619,9.305538,6.4873223,6.2775216,7.095066,9.008904,7.2952576,6.9793577,7.3776865,9.513207,6.7183404,7.329683,7.664095
4,6.634877,6.4931564,9.003378,9.176776,0.0,0.29320145,2.183178,1.9411774,6.7462378,6.743033,7.2447886,6.337385,5.837938,5.688587,5.8003707,5.7849874,7.4102216,7.7914324,7.416874,5.552368,8.473771,6.319069,5.381016,5.4799633,5.723348,7.2835803,5.438179,4.795353,5.346094,6.2188597,6.184085,4.7994385,6.5525846,7.259401,7.9495525,7.7370825,8.357078,8.034719,6.480836,6.488149,7.294877,6.245457,7.4136195,7.4637656,8.720809,8.302833,6.9322724,6.70435,8.108958,8.348134,9.077191,9.077191,8.432778,8.286862,8.372055,7.4730463,8.716532,9.562862,7.957383,7.9642096,8.054875,7.3174105,8.719086,8.290242,6.270424,7.006745,6.935335,6.494386,7.986669,7.9125404,7.9478335,8.136706,7.874269,7.9614773,8.445771,8.870495,7.329416,7.798965,6.8958144,6.8931594,6.658737,6.4185047,6.0220056,7.4795237,7.6799784,7.6618876,7.479679,8.471449,11.300563,10.120462,7.656283,8.498972,8.143853,8.433421,9.567745,8.5498905,8.240211,7.686298,7.715531,10.066012,8.764792,7.9943867,6.436019,6.4689374,8.046081,7.8595424,8.267237,7.5780954,8.214152,8.298007,8.946712,9.179726,8.493662,8.153917,7.6393447,8.006246,8.243125,7.8483033,9.2065115,7.837033,7.318759,7.713756,9.012655,8.630465,9.153342,8.262272,6.830537,5.102229
5,6.59687,6.4807725,8.966081,9.141395,0.29320145,0.0,2.238896,2.0217376,6.7974896,6.796001,7.2546415,6.419576,5.893119,5.749498,5.7902746,5.852248,7.30705,7.7139974,7.4191313,5.5385933,8.646837,6.4452863,5.516979,5.5464087,5.7113924,7.300416,5.4737754,4.8909097,5.3713245,6.3034678,6.1858683,4.7687807,6.5828133,7.2854447,7.973847,7.7668066,8.35468,8.038186,6.454648,6.4617133,7.2334557,6.2217293,7.3722053,7.423389,8.82929,8.423553,6.9508495,6.702967,8.091092,8.299787,9.020233,9.020233,8.469301,8.302665,8.419421,7.4832134,8.743945,9.602425,8.04787,8.062215,8.106504,7.4077835,8.67412,8.300364,6.2319026,6.947977,6.9418163,6.495637,7.9511456,7.8476996,7.8813853,8.114027,7.8659253,7.947684,8.415626,8.820398,7.255214,7.732833,6.848176,6.845537,6.6451135,6.4127555,6.018585,7.4372034,7.616907,7.605132,7.42379,8.396402,11.243603,10.080725,7.6484246,8.433321,8.136515,8.428101,9.627905,8.502307,8.20869,7.6794176,7.647711,9.925391,8.747251,7.922186,6.347929,6.373567,7.9299517,7.764134,8.141877,7.4604897,8.146895,8.224715,8.891131,9.115612,8.471992,8.137758,7.640009,7.990215,8.307646,7.7967267,9.1730995,7.784039,7.2947397,7.681596,8.986555,8.609747,9.196233,8.244227,6.8200154,5.071306
6,5.935939,7.533548,8.871854,9.079628,2.183178,2.238896,0.0,1.0301116,6.436636,6.517395,7.7088113,6.7069416,6.607165,6.469292,6.7670617,6.5405765,7.2254915,7.5472217,6.7520604,5.455682,8.275617,7.032386,6.2155924,5.818929,6.776462,7.197661,6.5823336,5.3164964,6.3114705,6.5325985,6.92103,5.5471616,7.2018476,7.1306834,8.472589,8.280986,8.32705,8.025633,6.6973386,7.0778756,7.5143895,6.5156627,7.8438735,7.8907695,8.359883,8.096999,7.811934,7.524553,8.123434,8.533564,9.261189,9.261189,8.676822,8.6529,7.9770975,7.9227047,8.705297,9.738326,8.571835,8.607964,8.349669,7.9959393,8.60858,8.233914,6.3068676,6.9598565,7.7265034,7.3263874,8.362666,8.203168,8.003435,7.809266,8.107071,7.7984214,8.628025,8.339436,7.319611,7.537325,6.9097548,6.9065356,6.2420225,5.928898,5.140461,7.4024787,7.5229335,7.6183906,7.2984943,8.367374,11.434021,9.935257,7.4941587,7.8877454,8.323494,8.560005,8.947633,8.854051,8.451007,7.7779,8.289664,10.601827,8.913812,8.641611,7.184963,7.21866,8.340855,8.34334,8.535418,8.0158415,8.389567,8.475932,9.226588,9.45722,8.666056,8.312688,7.8293004,8.420437,7.503666,7.379437,9.062894,7.3511276,7.8005457,7.841457,9.153302,8.772855,8.589568,8.47651,6.6567163,4.8667903
7,5.8702145,6.8928037,8.365386,8.576872,1.9411774,2.0217376,1.0301116,0.0,5.798442,5.8702645,7.23739,6.1934323,5.89262,5.740564,6.0852184,5.837705,6.9802995,7.316419,6.502338,5.0960464,7.7893624,6.504893,5.566286,5.5484843,6.2840385,6.7562957,6.1409326,4.752828,5.718139,6.40791,6.7323027,5.4563117,6.9406075,6.862391,8.268696,8.08989,7.780061,7.461813,6.347287,6.7311425,7.1779203,6.078743,7.272359,7.3322635,8.022397,7.583425,7.2141037,6.9169354,7.91561,8.323274,9.075082,9.075082,8.169296,8.127127,7.8078995,7.7455864,8.764554,9.347259,8.115385,8.128915,7.8088675,7.4670157,8.368836,7.975541,6.0938516,6.7903323,7.1843534,6.788079,7.861229,7.712699,7.4654617,7.639523,7.6907296,7.706289,8.186728,8.237821,7.1275573,7.312365,6.71104,6.706973,5.9340115,5.6181726,4.8909264,6.812492,7.0191298,7.0873237,6.808643,7.9400187,11.033439,9.766418,7.0292964,7.699052,7.816027,8.101741,8.821836,8.3807335,8.26817,7.541394,7.7633796,10.208858,8.432696,8.13299,6.5784597,6.6235185,7.879911,7.868539,8.076112,7.517939,7.9119864,7.9967747,8.653967,8.902078,8.157174,7.788435,7.302539,7.9579678,7.335325,7.1283097,8.5810175,7.122112,7.2150497,7.2640624,8.666857,8.295485,8.349032,7.88836,6.3377566,4.5571237
8,5.4292984,6.1865535,7.234692,7.7429767,6.7462378,6.7974896,6.436636,5.798442,0.0,2.9683557,7.9084845,6.8279033,5.2464705,5.038133,6.3812513,6.189851,7.2896795,7.5319214,4.757961,6.5890565,6.804069,6.5719175,5.4538026,7.270913,7.675219,6.058178,6.657258,5.2982693,6.4169908,8.916581,7.4341817,6.823379,7.9611363,6.380202,7.64722,7.608057,6.2864037,6.1920195,7.0388284,7.5977907,8.363065,6.681616,7.987416,7.8129745,8.229893,8.094167,7.779272,7.3775425,8.067108,8.376492,9.153211,9.153211,7.307323,7.361535,7.270722,8.287392,10.062332,8.960594,8.810931,8.746006,6.6072206,7.963339,7.518111,8.936727,7.1775856,8.390635,6.995004,7.184493,7.1755276,7.6312623,6.452738,7.883634,7.904184,8.059602,7.865584,8.206784,8.056602,7.6568074,7.1003346,7.081957,5.8869224,6.259447,5.7091618,6.2329607,7.216717,5.6214123,7.479619,7.620001,8.976406,9.044253,6.4591956,7.4751716,6.8180265,7.1991205,9.44082,8.021416,9.39722,8.202906,9.084397,10.352091,9.027716,9.487925,8.065511,8.121656,7.280489,6.55124,8.059639,8.204682,8.058706,8.160282,8.21717,8.659185,8.796572,8.095414,7.9641285,9.604816,9.028048,8.739804,9.231344,8.884891,8.861445,8.418794,9.706769,9.025447,9.893057,8.087837,7.3026204,6.7711563
9,5.1908937,5.7465367,7.311888,7.779704,6.743033,6.796001,6.517395,5.8702645,2.9683557,0.0,8.016269,6.181503,6.02777,5.862228,6.2428465,6.083352,7.365463,7.7851343,4.9764357,6.220049,7.1079655,7.255525,6.6088905,8.196165,7.2122097,5.4848495,6.16495,4.789444,6.6756926,8.495768,7.032407,7.544959,8.434089,6.9888477,8.151045,8.092293,6.213682,6.2657533,7.0355453,7.601675,8.0419,6.3535347,7.7287183,7.5455837,7.749609,7.5950284,7.270915,7.3003283,7.514244,7.9920077,8.677932,8.677932,6.624216,6.561513,6.5652266,8.1354885,9.706718,8.82707,8.372358,8.290482,5.9600115,7.472402,6.9990096,8.493157,6.9302526,8.186018,6.844197,6.962054,6.952032,7.7373257,6.316393,8.182754,8.2649,8.86203,8.304735,8.653221,7.88465,7.5388474,7.18483,7.176199,5.924114,5.5869493,5.165227,6.087668,6.6882014,4.861511,6.816685,6.9286447,10.083359,10.125632,6.4832473,7.500895,6.81771,7.2421894,9.587316,8.0095215,8.865305,7.7585354,8.426424,9.767273,8.516415,8.928716,7.480615,7.5713654,7.633862,6.9324303,7.7374496,7.959762,8.5002985,8.585102,8.661617,9.057244,8.051794,7.571162,7.532412,9.230828,8.658757,8.409108,8.8148155,8.480016,8.534774,8.088672,9.397731,8.650581,9.588711,7.6355743,6.7969646,6.2236624
10,8.6806965,6.623447,9.465872,9.971782,7.2447886,7.2546415,7.7088113,7.23739,7.9084845,8.016269,0.0,4.2847247,4.115632,4.994234,4.2718697,4.2716074,6.5013456,6.3196297,8.337979,5.5035563,8.368047,7.210527,7.24477,5.482965,7.315977,7.3675637,6.7015224,6.164259,5.496776,5.2596216,7.451242,6.884522,8.916581,9.042921,7.9921584,8.112151,7.9216795,7.5504994,6.720758,6.628632,6.0959196,6.4224763,6.50807,6.2510567,7.76114,7.510562,6.7869315,6.5715394,6.8526864,7.6330504,6.9968305,6.9968305,6.96281,6.970564,7.960788,6.7213783,7.647915,8.760654,7.387912,8.079436,5.774668,6.387353,8.163695,6.808015,7.1272645,6.7545867,6.2602506,6.5174527,7.0135536,6.2387824,7.49895,6.8802643,5.6588774,6.9559975,5.9386897,7.0207396,6.3707805,6.8741946,7.078147,7.078149,5.994889,6.3927565,6.8544836,6.981575,6.3111634,6.6631784,6.128966,5.886673,8.623958,8.943156,7.6984935,8.608959,6.237463,7.1669984,8.9037,7.801422,10.511524,9.752582,7.696398,9.09395,7.933569,7.8299937,6.552134,6.483577,7.401102,7.8189425,8.422157,8.273552,7.9839373,8.062889,8.431299,8.085478,8.264622,7.6746855,8.388864,7.7930713,8.953924,7.88566,8.426196,7.857002,7.0004797,7.3815966,7.4924026,7.7715206,8.799033,8.118063,7.7473707,6.9854436
11,7.30739,6.2482944,8.732497,9.213692,6.337385,6.419576,6.7069416,6.1934323,6.8279033,6.181503,4.2847247,0.0,4.9804177,5.8248873,4.62615,4.522389,7.010383,6.8417516,7.417142,6.274265,7.7356586,6.4229007,6.6302156,6.2683153,6.9386625,7.1337466,5.6236525,4.861786,4.5911584,4.618397,6.913569,7.2153306,8.047112,7.6392236,7.434535,7.577415,7.1666913,6.6433964,6.300821,6.593721,6.6395545,5.854018,6.819642,6.6070046,7.494174,6.9850855,5.7904696,6.599055,6.7576923,7.5167117,6.8665876,6.8665876,6.2941155,6.4346066,6.862878,6.5931406,7.73591,8.81026,6.3024693,7.069118,5.358411,5.5459065,7.485946,7.3758774,6.613972,7.2456193,6.0352597,6.1061096,7.222452,7.529559,7.5171843,7.6677985,6.563175,8.465461,7.7761025,8.13964,7.4129963,7.579627,7.11406,7.1096215,5.1739435,4.8020425,5.4264793,6.1625338,6.1527987,5.9944863,5.722237,6.335039,9.878182,9.957304,7.096284,7.7224283,6.82242,7.5582056,9.444767,8.045857,8.603657,7.747983,7.931454,9.028496,8.074925,8.165751,6.955776,6.903571,7.855832,7.9754014,8.342651,8.090957,8.501478,8.613944,8.784978,8.63273,8.195669,7.52211,7.851312,8.357446,8.783414,8.330608,8.821886,8.239205,7.94401,8.048685,8.101493,8.362327,9.429082,8.179357,6.618582,6.520551
12,7.768089,4.5365796,8.525252,8.961792,5.837938,5.893119,6.607165,5.89262,5.2464705,6.02777,4.115632,4.9804177,0.0,1.3884698,2.9881783,2.6677163,6.6617513,7.01313,6.962486,5.135663,6.4264145,5.2563004,4.4325476,4.823743,6.1953416,6.5217533,5.2983265,4.6880975,3.9490948,6.486443,6.2776875,5.4494443,7.339329,7.5552278,6.508906,6.4865017,6.738739,6.5289254,6.045825,5.6319637,6.7635794,5.7372513,6.3648424,6.1473775,7.1540556,6.9397945,5.815805,5.169877,7.0685534,7.570702,7.8470097,7.8470097,6.3937902,6.4443245,7.697595,6.5214467,8.303093,7.907544,6.9886084,7.226996,5.1221385,5.825762,7.9212413,7.324842,6.5947895,7.1514106,5.1078205,5.3858337,6.194121,5.994705,6.431998,7.2139378,6.1399713,6.897387,6.264748,8.039424,6.80414,7.186791,6.444096,6.432731,5.974379,6.3976874,6.6851873,6.622022,6.8083215,5.9547343,6.9434576,6.742429,8.433259,8.707228,6.903318,8.632182,5.561856,6.3425198,8.546296,7.1061068,9.781942,8.7687,7.4326386,9.471248,7.769351,7.609303,6.130956,6.140958,6.7195563,6.2134914,7.80526,7.483565,7.262073,7.342387,7.459842,7.5689807,7.822909,7.0518203,7.327629,7.564569,8.523026,8.136308,8.439069,8.198038,6.5441537,6.995695,7.9268866,7.661211,8.775688,7.203481,7.19673,6.3310056
13,7.61503,4.215833,8.426865,8.83538,5.688587,5.749498,6.469292,5.740564,5.038133,5.862228,4.994234,5.8248873,1.3884698,0.0,3.481158,3.1266763,6.7797246,7.176882,6.7442555,4.731992,6.403218,5.3900943,4.369254,5.049316,5.855136,6.276805,5.034836,4.327496,4.7313366,6.758449,6.0355687,5.1265683,7.411317,7.6581564,6.874443,6.7515388,6.839307,6.797037,6.268477,5.8014956,6.929073,5.9493594,6.449269,6.263233,7.2667923,7.0822873,6.3241677,5.2310667,7.194276,7.5530787,8.312103,8.312103,6.6281056,6.595861,7.776219,6.6939273,8.549617,7.7371984,7.0952883,7.0659943,5.2862835,5.928619,7.9466853,7.298885,6.6466317,7.1156726,5.227398,5.4479394,6.267926,6.0142198,6.5170164,7.370181,6.5403547,6.8284354,6.2893424,8.249286,6.782771,7.153872,6.465931,6.457897,6.4867015,6.838702,6.8814425,6.8790126,6.927233,6.156765,7.147936,6.963741,8.779375,8.794983,6.9753737,8.876176,5.695489,6.3814664,8.548815,7.1823926,9.87126,8.8670435,7.6297674,9.905506,7.8841925,7.799341,6.2885137,6.3536844,6.9429145,6.346918,8.026355,7.5959992,7.5831995,7.654728,7.8209743,8.051467,7.86504,7.1398134,7.2024055,7.3973107,8.515055,8.071173,8.388045,8.168777,6.2837176,6.7501087,8.14718,7.5413613,8.618743,7.0413,7.4230957,6.1592298
14,7.3037825,4.0918355,7.984516,8.340698,5.8003707,5.7902746,6.7670617,6.0852184,6.3812513,6.2428465,4.2718697,4.62615,2.9881783,3.481158,0.0,1.9059923,5.391984,6.4701414,6.6983366,4.7796664,7.867386,6.5935388,6.275817,5.63724,5.2461724,6.6171217,4.8246827,4.4405456,3.284137,6.0135994,5.8486524,5.6771936,7.6588993,7.8121376,6.889409,6.921575,6.4389606,6.3930416,5.575843,5.1060123,5.995389,5.3811398,5.5257435,5.405294,7.5494275,7.311764,5.4013686,4.546691,6.6383424,7.0225177,6.963285,6.963285,6.50906,6.2818007,7.578676,6.714001,8.020265,8.017084,6.8682547,7.29118,5.243457,5.821574,7.3572907,6.8821936,6.6259236,6.8493776,5.1372247,5.3912587,6.2078915,5.4798255,6.115423,6.950669,5.998238,7.47344,6.986856,8.35827,6.350346,6.7857494,6.594793,6.586815,6.547092,6.4233766,6.69025,6.534844,5.9102635,5.418364,6.106059,5.589987,9.519893,10.032586,7.564365,8.677318,6.5202084,7.1865373,9.538998,7.304656,9.331194,8.602938,6.838028,8.205099,7.6809115,7.2596364,5.5175047,5.441969,6.6005282,6.5139637,7.12353,6.507025,7.614757,7.68417,7.894813,7.810394,7.553548,7.0489483,7.5041633,7.430242,9.010073,7.702187,8.079928,7.8266025,6.2741466,6.7052765,7.5141406,7.596101,9.221921,7.2540746,7.247079,6.3014083
15,7.6426935,4.7585726,8.331858,8.633931,5.7849874,5.852248,6.5405765,5.837705,6.189851,6.083352,4.2716074,4.522389,2.6677163,3.1266763,1.9059923,0.0,6.318447,7.1027665,6.827175,4.7902474,6.6150365,6.113111,5.8082376,5.2293825,5.529034,6.2508583,5.2184763,4.2281713,3.5289521,5.824255,6.1184607,5.9461937,7.68936,7.894164,7.081545,7.0652933,6.7345357,6.706377,6.040692,5.5901933,6.601411,5.752718,6.022972,5.949417,6.7002516,6.3774757,5.451778,4.874919,6.9384837,7.6082754,7.6270947,7.6270947,6.6006427,6.533717,7.4594674,7.0526924,8.078078,7.990878,6.9069023,7.2829823,5.2101836,5.61117,7.9180317,6.817089,6.981263,7.2383904,5.5791826,5.739149,6.4683895,5.8693776,6.5163035,6.8600307,6.098375,7.355295,7.095479,8.503578,6.7002287,7.068107,6.876521,6.869648,6.8861084,6.6809444,6.846134,7.057066,6.5804033,6.1034546,6.7374177,6.4815745,9.956827,10.248408,7.8135014,9.181818,6.727906,7.3672795,8.962799,7.7558885,10.003379,9.216761,7.0675173,9.425179,7.7188497,7.530048,5.901042,5.894622,7.629688,7.3541427,7.958005,7.4870133,7.765377,7.880383,8.060829,8.035945,7.632245,7.178603,7.620281,7.572664,8.39948,7.837463,8.178126,7.94352,6.3580623,6.814288,7.5781345,7.690877,8.689434,7.3790574,7.464424,6.51657
16,5.2526193,6.2404785,7.055599,7.3751683,7.4102216,7.30705,7.2254915,6.9802995,7.2896795,7.365463,6.5013456,7.010383,6.6617513,6.7797246,5.391984,6.318447,0.0,3.1962776,4.68713,4.9235544,9.728027,9.165139,9.087483,7.0654807,6.650011,7.225915,7.1181755,6.1785893,6.8025665,7.3507743,6.6656585,6.3021607,9.693706,8.190693,8.521948,8.585258,6.800166,7.129408,6.2491508,6.737723,6.219757,6.503327,6.419441,6.462592,8.743337,9.337385,8.396057,7.15696,6.4034085,6.393933,6.576207,6.576207,7.8152313,7.510768,7.3212776,7.6404057,8.10131,8.180511,9.023357,9.272841,6.810856,8.453496,5.993177,6.4394927,6.919416,6.4203043,7.4678454,7.634664,7.0641484,6.025712,6.5316205,6.344761,6.952413,7.2437553,7.478837,7.0069666,5.9379034,5.67218,6.5586143,6.5542645,6.62454,6.3170667,5.825418,6.1426806,4.925542,5.049398,5.268001,3.8590493,9.873135,9.57341,8.066973,7.2840614,7.099443,7.868409,9.469713,7.355458,9.198426,8.828426,8.578873,8.45992,8.002724,8.375957,7.488385,7.3626366,6.074023,7.039399,7.232651,6.166378,8.331866,8.375528,9.014312,8.841621,7.992415,7.6060557,8.10568,8.149836,9.337668,6.5278397,7.33353,6.092538,6.910618,6.463079,7.5769606,7.6861944,9.083947,7.79368,7.6657486,6.1051507
17,5.5516853,6.449114,6.9540415,7.335111,7.7914324,7.7139974,7.5472217,7.316419,7.5319214,7.7851343,6.3196297,6.8417516,7.01313,7.176882,6.4701414,7.1027665,3.1962776,0.0,5.3174534,5.8249364,9.674852,8.968402,8.865774,7.0999923,6.5781355,7.1493855,7.0931473,6.1211987,7.379082,7.221974,6.5915194,6.299157,10.269502,8.678659,8.888986,8.949491,7.744322,7.7244945,6.960822,7.7399616,6.751661,6.9257126,6.8774767,6.9323287,9.278581,9.919162,8.526065,8.178659,6.3732867,6.1643243,6.575177,6.575177,7.8011975,7.487914,7.378565,7.635769,8.648198,8.874244,9.528442,9.742966,6.988483,8.58679,6.0206556,6.5020947,7.2216835,6.715589,7.922589,7.9385085,7.309784,6.6247706,7.117392,6.6029267,7.0629015,7.243741,6.9187865,6.2186704,6.1834016,5.7773185,6.5333834,6.534018,6.505591,6.175873,5.6361895,5.631733,5.2817364,5.4003983,5.2255554,4.7630925,9.525993,9.178732,7.9245114,6.8705997,6.718322,7.510755,9.484262,6.980148,9.5080385,9.358507,8.927313,9.493496,8.168463,8.643824,7.7685957,7.6893477,7.0476503,7.888514,8.264733,7.481849,8.398002,8.505697,9.134582,8.971003,8.357076,7.847823,8.303682,8.428056,9.552467,6.7160287,7.5136957,6.2220755,7.182375,6.646195,7.6957765,7.754747,9.326288,8.014273,7.8587813,6.3168783
18,2.8117967,6.365815,6.335953,6.9257507,7.416874,7.4191313,6.7520604,6.502338,4.757961,4.9764357,8.337979,7.417142,6.962486,6.7442555,6.6983366,6.827175,4.68713,5.3174534,0.0,5.7613993,8.46315,8.841978,8.25555,7.9292274,7.349684,5.685842,6.5461183,5.1461983,7.128988,8.22857,6.1510744,6.1360817,9.397472,7.1182876,7.94564,7.90009,6.4018893,6.805976,6.7742386,7.592402,7.80233,6.8642206,7.8919916,7.732841,8.445831,9.177315,8.857299,8.041063,6.881297,6.950379,7.8820744,7.8820744,7.7314696,7.5723844,6.116488,8.176889,8.961265,8.163072,9.432606,9.341595,6.6217003,8.601795,5.847715,7.668913,7.2811885,7.688262,7.8955317,8.035139,7.3298097,7.2368217,6.71615,6.539049,7.7489533,7.3905005,8.296681,7.5210466,7.0824585,6.336222,6.7572503,6.7450085,7.0920076,6.658641,5.5568695,7.07862,6.6798897,5.556531,6.9660997,6.4095955,10.633195,10.042636,7.8292794,7.4741654,7.646764,8.155559,9.735877,8.4072895,9.684191,8.837427,9.989984,10.533868,8.96324,9.975558,9.07385,9.066814,7.6893187,7.6313415,8.372435,8.193894,9.348717,9.487102,9.936415,10.134511,8.97277,8.380224,8.478712,9.560045,9.475865,7.9897914,8.72733,7.7356005,8.806594,8.123004,9.351933,8.610053,9.64194,8.422833,8.029728,6.738178
19,6.2486787,5.5602145,8.258598,8.77207,5.552368,5.5385933,5.455682,5.0960464,6.5890565,6.220049,5.5035563,6.274265,5.135663,4.731992,4.7796664,4.7902474,4.9235544,5.8249364,5.7613993,0.0,8.29263,8.080095,7.684392,6.245104,6.2050757,5.5746384,5.6192036,4.416703,6.4988365,5.3474264,6.0274878,5.5348387,8.931202,8.510912,8.594195,8.447367,7.0877132,7.4671717,6.2832093,6.1550884,5.7596245,5.8977246,6.246785,6.005103,7.1304455,7.20743,7.770847,6.3827624,6.1470904,6.6238084,7.5705338,7.5705338,7.261998,7.079516,7.0357084,6.875427,7.770659,7.634795,7.700625,7.6038456,5.7390704,6.7235484,6.934813,5.9469976,5.7196264,5.0630846,6.438544,6.229458,6.5094514,5.6418157,6.3885107,6.4707065,6.75885,6.51661,6.562053,7.3150263,5.173725,5.397259,6.0122743,6.0208454,6.288436,5.802649,5.222648,6.8285213,4.8502345,5.535986,5.0260463,4.9623723,10.142091,9.057762,6.9377484,7.884125,6.239019,7.0401173,8.0480175,7.684667,9.634274,8.69497,7.760602,9.769077,7.1956234,7.6408954,6.5066547,6.567615,7.142906,7.272582,7.7542257,7.385981,8.532065,8.529372,9.1862135,9.226425,7.2931695,6.756351,6.8121552,6.366609,7.583226,6.1661825,7.078607,5.887545,5.420374,5.5202656,7.408472,6.4086685,6.856428,6.6330724,6.998657,4.429147
20,9.528964,7.9599614,10.553033,10.253917,8.473771,8.646837,8.275617,7.7893624,6.804069,7.1079655,8.368047,7.7356586,6.4264145,6.403218,7.867386,6.6150365,9.728027,9.674852,8.46315,8.29263,0.0,5.5013466,6.1642675,6.676796,8.057056,8.947172,9.168716,7.219807,8.392335,9.402029,8.924356,9.158553,9.521936,8.915118,9.15692,9.048679,9.082227,9.138363,9.244695,9.12642,10.499086,8.832707,9.484914,9.8040285,6.0841537,6.7262626,8.142586,8.383543,9.336937,10.318069,10.676288,10.676288,8.053774,8.464392,8.587401,9.088555,9.739487,9.585336,9.111141,9.199217,7.565135,8.222785,10.074711,8.465211,9.32046,10.320594,8.659733,8.910688,9.115798,9.771903,9.369664,9.84019,9.855184,9.763175,9.5448,10.480607,10.023592,10.123694,9.12722,9.122667,8.114231,8.146453,8.325492,8.20942,9.82716,8.35601,10.017547,9.723821,11.135539,10.913362,9.353612,10.647495,7.7157054,8.085933,7.151834,8.612896,10.889857,10.4834385,9.377116,12.983737,9.490375,9.851447,8.755929,8.881696,10.383269,9.675167,11.116711,10.038047,8.838052,8.987562,8.942703,9.332624,8.7874565,8.728614,8.941579,10.009301,7.345186,9.33043,9.575411,9.295434,8.466627,8.572984,9.656822,10.180923,9.043466,9.015859,8.474644,8.101231
21,8.844459,6.8941,10.021348,9.655768,6.319069,6.4452863,7.032386,6.504893,6.5719175,7.255525,7.210527,6.4229007,5.2563004,5.3900943,6.5935388,6.113111,9.165139,8.968402,8.841978,8.080095,5.5013466,0.0,3.216775,4.140471,6.119884,9.066059,7.145663,5.986547,6.7653117,7.8145003,7.8419065,7.0271597,7.0577946,7.3242354,8.034355,7.9835925,8.863653,8.815768,8.410079,8.0333805,9.471638,7.991474,8.581436,8.952941,8.407173,7.978105,6.927783,7.191843,9.142089,9.668003,9.822585,9.822585,8.348863,8.386534,9.109621,7.6982794,9.605264,9.903368,7.6356826,7.86173,7.92967,7.1023264,9.594435,8.737513,7.94787,9.096129,7.00813,6.9948797,8.407449,9.109939,9.107379,9.49402,8.514762,8.949015,8.584228,9.696574,9.285,9.631661,8.434343,8.42757,7.136365,7.7873764,7.985509,6.923849,8.885291,8.24941,9.171162,9.5799055,9.206344,9.057013,8.403019,9.570188,7.554348,8.000376,8.897487,7.893982,8.680596,8.683236,8.535356,11.285398,9.385548,8.850136,7.649809,7.72414,8.815911,7.959278,10.070445,8.681592,7.7555656,7.8722806,7.9032745,8.20039,8.742874,8.747055,8.485723,9.368612,9.06257,9.427329,9.790902,9.462297,8.2922125,8.645575,9.474693,10.122119,10.46141,9.021805,7.749131,7.5212994
22,8.418008,6.4497685,9.362276,9.387269,5.381016,5.516979,6.2155924,5.566286,5.4538026,6.6088905,7.24477,6.6302156,4.4325476,4.369254,6.275817,5.8082376,9.087483,8.865774,8.25555,7.684392,6.1642675,3.216775,0.0,4.995413,6.644138,8.206237,6.3988223,5.586114,5.6812935,8.122053,7.4643283,6.1662583,6.959685,7.301973,7.615729,7.4772243,8.464585,8.040294,7.7381697,7.756419,9.0151415,7.4072876,8.300319,8.400112,8.722571,8.268172,6.927087,7.091822,9.252909,9.631144,10.22224,10.22224,8.065283,8.06858,9.104899,7.9186296,10.0734005,9.570184,8.006065,7.939663,7.7722917,7.304736,9.699849,9.298651,7.8183956,8.970392,6.7888145,6.7744803,8.15716,8.665707,8.603617,9.220327,8.002252,8.443629,8.024937,9.437756,9.081388,9.344099,8.204505,8.192336,6.9817576,7.6555314,7.583795,7.2827263,9.004919,8.228244,9.012309,9.724935,9.679935,9.338548,7.6860356,9.482015,7.3141646,7.7476244,9.528548,8.125688,9.288651,8.660453,8.794914,11.335914,9.290918,8.968207,7.7068157,7.7872105,8.315777,7.565904,9.525975,8.688879,7.9314976,8.07026,8.1476755,8.555191,8.943842,8.611154,8.153145,9.076613,9.223138,9.520656,9.927569,9.55587,8.200468,8.5725,9.626368,9.477432,10.23283,8.641834,7.8275967,7.1539726
23,8.111279,7.2651806,9.55105,9.331046,5.4799633,5.5464087,5.818929,5.5484843,7.270913,8.196165,5.482965,6.2683153,4.823743,5.049316,5.63724,5.2293825,7.0654807,7.0999923,7.9292274,6.245104,6.676796,4.140471,4.995413,0.0,5.9270086,8.597036,7.0853796,5.735751,6.081677,6.001597,7.3279314,5.475603,7.423736,7.560947,7.926839,7.89047,8.633112,8.65402,7.4499836,7.0902343,7.9899006,7.380964,7.6087375,7.9572825,7.933571,7.7888055,7.409454,6.796454,8.160544,8.763875,8.747331,8.747331,8.635657,8.600558,8.671627,7.1790633,8.292004,9.428003,7.8383656,8.252156,7.9030094,7.2251797,9.013076,7.293115,7.216518,7.3751535,7.0674114,6.985034,8.13729,7.620743,8.55753,7.4706025,6.866473,6.792252,7.4017553,7.9000373,7.4921517,7.936041,7.557581,7.5519495,6.775687,7.4073405,7.2148457,7.005948,7.647809,8.042527,7.978021,8.290623,9.065275,8.363338,8.381017,8.968478,7.5387506,8.043352,8.075459,7.9190645,9.306931,9.213791,8.367677,10.94724,8.889411,8.665964,7.4040766,7.3963113,8.248455,8.076707,9.638085,8.245441,7.5389485,7.646727,8.191207,8.15383,8.575703,8.550879,8.513641,8.427557,8.364307,7.837728,8.840611,7.884352,7.304883,7.6522627,8.3899355,9.177318,9.1619215,8.831808,7.7026887,6.68971
24,7.1592236,4.400483,8.111145,7.6629725,5.723348,5.7113924,6.776462,6.2840385,7.675219,7.2122097,7.315977,6.9386625,6.1953416,5.855136,5.2461724,5.529034,6.650011,6.5781355,7.349684,6.2050757,8.057056,6.119884,6.644138,5.9270086,0.0,7.521242,5.0971627,4.198704,6.6744285,7.110651,5.21229,5.5993204,8.253936,8.362694,8.627336,8.474622,8.453211,8.682458,7.5277042,7.187311,7.882844,7.113478,6.7836084,7.3259754,8.929725,8.980987,6.627839,6.392238,7.5179567,7.3636336,8.249182,8.249182,7.9946103,7.4479012,8.345607,7.5660763,9.09482,9.284239,8.111617,8.080337,7.340933,7.008511,7.7434382,6.892533,7.5804567,7.8347416,6.876857,6.7033253,7.5299854,7.40309,7.908526,8.385995,8.224848,8.612946,8.217355,9.270301,7.370344,7.767425,7.393876,7.4016523,8.308664,7.879724,7.6762547,6.660042,7.2283826,6.8800073,7.5353274,7.500034,10.932162,10.877655,8.9739685,9.425661,7.797271,8.117318,9.967985,7.1616197,8.598058,9.136947,7.21226,9.941269,8.604425,7.717723,5.9346066,6.0140977,8.568564,8.257267,8.971192,7.265253,8.2088995,8.342334,8.730295,8.896641,7.843238,8.061691,8.005519,8.100878,9.401355,7.6871133,8.286217,7.7779446,6.258859,6.624715,8.32946,8.674336,10.100691,7.9349895,7.9734635,6.413359
25,5.6933613,6.170873,7.6150765,8.446375,7.2835803,7.300416,7.197661,6.7562957,6.058178,5.4848495,7.3675637,7.1337466,6.5217533,6.276805,6.6171217,6.2508583,7.225915,7.1493855,5.685842,5.5746384,8.947172,9.066059,8.206237,8.597036,7.521242,0.0,6.114487,5.3116775,7.2402205,8.030412,6.1781497,6.4147773,9.15858,8.288773,8.7360525,8.635493,7.317251,7.6157837,7.520369,7.988934,7.677046,7.0918994,7.96588,7.5884857,8.89566,8.761304,8.298273,7.9818764,7.530828,7.748312,8.69272,8.69272,7.8275595,7.627415,7.107364,8.720498,9.538147,7.66646,9.37975,9.051361,6.174321,7.924927,7.244768,8.029426,7.73634,7.9440975,7.781601,7.568902,6.1199794,6.806889,6.878919,6.5800548,7.5050583,7.388372,7.3667197,7.9138155,6.972651,6.3965883,6.795433,6.798013,8.444709,7.8419046,7.264233,8.64286,7.8835697,7.0404406,7.8303924,7.696426,11.085455,10.352454,8.406483,9.182246,7.6282387,8.61873,10.420747,9.115412,11.582067,10.619923,9.00808,10.559766,7.8844724,7.9773064,7.9406776,8.028602,8.26945,7.9670753,8.02727,9.026587,9.066366,9.260868,9.623589,9.828594,8.613313,7.9062,8.243001,8.79546,9.931789,8.992128,8.791323,8.183368,8.07931,7.8395596,8.716112,7.356872,9.100448,7.7931023,8.945586,7.507736
26,6.322994,3.8705542,8.409553,9.028915,5.438179,5.4737754,6.5823336,6.1409326,6.657258,6.16495,6.7015224,5.6236525,5.2983265,5.034836,4.8246827,5.2184763,7.1181755,7.0931473,6.5461183,5.6192036,9.168716,7.145663,6.3988223,7.0853796,5.0971627,6.114487,0.0,2.8102987,5.183262,5.567924,3.7698555,4.1519427,7.993621,8.146278,6.967808,6.795748,7.881813,7.8302054,6.6870866,6.4883957,7.155684,6.2970796,7.37601,7.0018253,9.284701,9.280293,6.9104624,6.7312436,6.7992024,6.5743494,7.6054907,7.6054907,7.3019867,6.884639,7.333901,6.4495897,8.6063795,8.722343,7.356615,7.2242427,5.974066,6.1498117,7.115051,8.00924,6.701557,7.2233944,5.8634534,5.7353086,7.109059,7.3017764,7.6637225,7.946001,7.3766847,7.8740125,7.8896112,8.867346,7.022053,7.3533635,6.778645,6.778201,7.548957,7.1870694,6.9510837,7.8482327,7.2936845,6.722059,7.2432003,7.547613,10.813492,10.478996,7.881205,8.997632,7.5156198,8.00204,10.975774,8.48834,9.228413,8.442694,8.95175,10.123144,9.122864,9.044384,7.683145,7.7336373,8.387359,7.7306776,8.891378,8.739159,9.842993,9.961762,10.305829,10.480835,9.207934,8.516178,8.27837,8.534831,10.501839,9.224575,9.883804,9.255537,8.1731205,8.522696,9.673089,8.565982,10.599034,8.494671,8.144242,6.724941
27,5.246451,4.1371207,7.304713,7.661537,4.795353,4.8909097,5.3164964,4.752828,5.2982693,4.789444,6.164259,4.861786,4.6880975,4.327496,4.4405456,4.2281713,6.1785893,6.1211987,5.1461983,4.416703,7.219807,5.986547,5.586114,5.735751,4.198704,5.3116775,2.8102987,0.0,5.160959,5.032047,4.3784547,4.482187,7.681269,7.18011,7.3591766,7.204553,6.945527,7.0319915,6.2684903,6.3674436,6.7986355,5.8292766,6.5656834,6.485385,7.7055454,7.5924497,6.5511804,6.175308,6.3989763,6.5618224,7.5930786,7.5930786,6.761316,6.45733,6.42193,6.5512953,8.23531,8.092478,6.8491373,6.742039,5.4517584,5.639415,6.6506057,6.75664,6.237369,6.638405,5.8340826,5.6707177,6.727865,6.715939,6.969396,7.0014186,6.7785916,7.2439785,7.291313,7.9927926,6.5065184,6.566181,6.4016566,6.402355,6.629351,6.1508255,5.556827,6.4325004,6.067958,5.8625603,6.1450286,6.6713643,10.400387,9.901998,7.151239,8.107109,6.8861337,7.3663926,9.420461,7.7256165,8.660524,8.025634,8.198469,10.218052,8.210053,8.488307,6.9974494,7.081948,8.088453,7.6899586,8.60282,8.017406,8.816172,8.953733,9.32306,9.513763,8.06903,7.6118135,7.354517,7.8116794,8.79756,7.704219,8.415466,7.7536297,7.003346,7.0718412,8.503508,7.818731,9.109615,7.5472755,7.1570616,5.542704
28,7.526163,5.5714235,8.4662695,8.981285,5.346094,5.3713245,6.3114705,5.718139,6.4169908,6.6756926,5.496776,4.5911584,3.9490948,4.7313366,3.284137,3.5289521,6.8025665,7.379082,7.128988,6.4988365,8.392335,6.7653117,5.6812935,6.081677,6.6744285,7.2402205,5.183262,5.160959,0.0,6.428301,6.400534,5.6932664,7.6917596,7.797265,6.5781846,6.6403565,7.356834,6.8662934,6.0750384,6.056487,7.2488546,5.9504585,7.017721,6.7492094,8.596278,8.32717,5.59952,6.087448,7.8073845,8.194475,7.908789,7.908789,7.4907174,7.3979416,8.3066,7.541543,9.102313,9.2071905,8.011699,8.454334,6.6744223,6.9197826,8.449625,8.636676,7.1884694,7.9083447,6.2688847,6.196501,7.2632356,6.989363,7.0424175,7.6384554,6.4033833,8.131952,8.139066,8.986716,7.691158,7.9397535,7.3570304,7.338321,6.7306013,6.5338387,6.7353663,7.3485465,7.3608656,6.667699,7.21268,7.6426883,10.421826,10.63137,7.8876696,8.931261,7.6046724,8.237006,10.543389,8.468767,9.720194,8.781385,8.138462,9.453932,8.613354,8.293223,6.977864,6.8773246,7.5850935,7.2431703,7.9406133,7.8148623,8.253749,8.37305,8.55733,8.509555,8.743469,8.057577,8.26881,8.6527,9.767996,9.018839,9.500064,8.975429,7.977405,8.359994,8.681884,8.673067,10.25137,8.444353,7.69423,7.09657
29,8.045136,7.487281,10.162739,10.621401,6.2188597,6.3034678,6.5325985,6.40791,8.916581,8.495768,5.2596216,4.618397,6.486443,6.758449,6.0135994,5.824255,7.3507743,7.221974,8.22857,5.3474264,9.402029,7.8145003,8.122053,6.001597,7.110651,8.030412,5.567924,5.032047,6.428301,0.0,6.824465,6.364699,9.2154665,9.276186,8.815451,8.782501,9.100552,9.069088,7.55748,7.3367763,7.079782,7.2675257,7.870915,7.638517,8.537952,8.232821,8.06249,7.8371286,7.194574,7.771942,7.7193084,7.7193084,8.498192,8.434755,7.963796,6.8577266,7.735694,9.5102215,7.0983186,7.559505,7.0984807,6.3658404,8.425772,7.2807994,6.886373,6.384628,7.318358,6.941725,8.575571,8.078018,9.095513,7.8080373,7.1381373,7.9189525,8.338711,8.487011,7.1602488,7.5891395,7.740164,7.746762,7.162313,6.6896877,6.5281553,8.178607,6.5919566,7.989104,6.3636093,7.388655,11.271026,10.187464,8.462739,8.975456,8.343278,8.998333,9.765314,9.53846,9.753117,9.064523,9.512392,11.184409,9.115383,9.52685,8.542864,8.54073,9.585239,9.674677,10.269831,9.746194,10.42786,10.492296,11.062404,10.876998,9.444597,8.909851,8.809299,8.181811,9.430835,8.492649,9.519679,8.366046,8.107513,8.476357,8.980766,8.758889,9.254203,9.266894,8.140026,6.7758822
30,6.0537376,4.2723675,7.635763,8.083661,6.184085,6.1858683,6.92103,6.7323027,7.4341817,7.032407,7.451242,6.913569,6.2776875,6.0355687,5.8486524,6.1184607,6.6656585,6.5915194,6.1510744,6.0274878,8.924356,7.8419065,7.4643283,7.3279314,5.21229,6.1781497,3.7698555,4.3784547,6.400534,6.824465,0.0,3.9758277,7.5547786,7.359877,5.4393506,5.166304,7.225645,7.5120096,5.728928,5.439329,6.6333613,5.4785013,6.838485,6.622275,8.092962,8.977148,6.3553596,6.2868147,4.9640784,4.659055,6.0147057,6.0147057,6.305091,5.8841443,5.6759367,5.071861,6.7824116,7.2865458,7.5925584,7.4051948,5.4025145,6.0928383,5.3731747,6.234439,5.858655,6.5208845,5.5551605,5.499031,5.755275,6.3962126,6.7663646,6.5405297,7.043798,6.490517,7.1837077,7.7913733,5.6491714,6.013195,4.91965,4.923173,8.202436,7.657647,7.481454,8.477079,8.308175,6.90275,8.296811,7.7884955,10.503106,9.784704,7.9063854,8.465251,6.796433,6.9760475,9.395189,7.082574,8.798708,8.396712,8.108481,9.6871,7.984695,8.231099,7.352855,7.388969,7.938024,7.1620502,8.060136,8.082158,8.702817,8.880039,9.41749,9.640189,8.06031,7.410564,7.5394945,7.8868074,9.304068,8.073523,8.838862,8.009623,8.1116495,8.033857,8.601732,7.6380496,9.455663,7.5784883,7.407735,6.340299
31,5.9165545,5.4430256,8.533019,8.965787,4.7994385,4.7687807,5.5471616,5.4563117,6.823379,7.544959,6.884522,7.2153306,5.4494443,5.1265683,5.6771936,5.9461937,6.3021607,6.299157,6.1360817,5.5348387,9.158553,7.0271597,6.1662583,5.475603,5.5993204,6.4147773,4.1519427,4.482187,5.6932664,6.364699,3.9758277,0.0,7.504813,7.578816,6.5982976,6.3834176,8.326949,8.41068,6.6845517,6.4699345,7.4046197,6.7432804,7.81695,7.6305246,9.5108385,9.875674,7.8917723,7.1602015,7.172586,6.9436545,7.9577904,7.9577904,8.477795,8.157708,7.8226438,6.6539035,8.270519,8.657927,8.6781645,8.5527,7.339878,7.6006956,7.469034,7.8432446,6.6657443,6.9154215,6.7740345,6.5733175,7.185033,6.983234,7.829648,6.7751822,6.9881473,5.937858,7.3319397,7.705659,6.454939,6.7709613,6.1891613,6.1829214,7.79758,7.8852363,7.327125,8.39118,8.128765,7.6934133,8.2670145,8.291299,10.17512,9.084157,8.407163,8.943934,7.7237163,8.255064,10.1158285,8.415496,9.822344,9.271935,9.279949,10.680938,9.175645,8.974193,8.054133,8.059166,7.8963885,7.3342137,8.878976,8.572777,8.953193,9.103368,9.766497,9.933009,9.4192,8.822614,8.648085,8.682308,10.163138,8.771983,9.772867,8.55047,8.14303,8.429722,9.489892,8.654604,10.134061,8.839027,8.474588,6.7278533
32,8.666086,8.464625,8.557709,8.657088,6.5525846,6.5828133,7.2018476,6.9406075,7.9611363,8.434089,8.916581,8.047112,7.339329,7.411317,7.6588993,7.68936,9.693706,10.269502,9.397472,8.931202,9.521936,7.0577946,6.959685,7.423736,8.253936,9.15858,7.993621,7.681269,7.6917596,9.2154665,7.5547786,7.504813,0.0,3.8914413,5.728596,5.662473,6.657789,6.4338,5.5430737,5.202282,7.111856,5.88266,6.988521,7.12567,8.505804,7.6436224,6.2952104,5.1543303,7.9760075,8.152171,8.518185,8.518185,7.5998936,7.688468,7.549885,6.6756186,7.481135,8.481583,6.006892,6.353209,7.9479637,6.050223,8.168119,8.317951,6.597637,7.938014,5.508333,5.8501525,7.2121525,7.695472,7.7459598,7.5722027,7.3832383,7.5456305,8.223095,8.78549,7.6048775,8.067774,6.369452,6.357384,8.973005,9.434537,9.518862,9.771036,10.442914,9.767449,10.491498,10.52023,9.622738,9.36346,7.9399166,8.7135515,9.040761,8.383238,9.824851,8.44002,7.6700654,7.161798,7.3859005,8.29574,9.251629,8.900252,7.477538,7.4456596,7.784895,7.567605,7.360917,7.6325874,7.088639,7.283742,7.5765805,7.895305,9.030171,8.488342,8.314012,9.1507435,9.125579,9.038724,10.013903,9.853001,10.403982,9.974734,9.415232,9.494821,10.453773,8.808417,7.037315,8.17736
