,0,1,2,3,4,5,6,7,8,9,10,11,12,13,14,15,16,17,18,19,20,21,22,23,24,25,26,27,28,29,30,31,32,33,34,35,36,37,38,39,40,41,42,43,44,45,46,47,48,49,50,51,52,53,54,55,56,57,58,59,60,61,62,63,64,65,66,67,68,69,70,71,72,73,74,75,76,77,78,79,80,81,82,83,84,85,86,87,88,89,90,91,92,93,94,95,96,97,98,99,100,101,102,103,104,105,106,107,108,109,110,111,112,113,114,115,116,117,118,119,120,121,122,123,124,125,126,127
0,0.0,3.3979495,5.4434395,5.8972244,2.528667,3.7194905,5.114749,4.8097906,5.4236603,6.050637,5.2216406,5.8016253,5.991315,6.4615507,6.710413,6.530578,4.795982,5.2466893,5.35339,5.345036,5.932952,5.297643,4.925052,5.0287256,4.786926,4.5326686,4.444116,4.4062333,5.898375,3.909743,5.398002,5.086518,5.338699,6.0141854,4.910106,4.956242,5.9856873,5.9139934,5.771194,5.8800006,6.206695,7.421413,5.9434485,6.902367,6.783996,6.79811,5.8640966,6.536357,6.45849,6.498488,4.9107666,5.557504,5.567087,5.3439026,5.1439314,5.201653,6.2441163,5.9427953,6.2765837,6.4999404,6.957656,6.965655,6.545775,6.373068,5.6878333,6.0475883,8.200742,8.2604065,6.188077,5.4497285,4.8564315,4.837505,6.1590633,6.1362267,5.0902452,5.975761,6.4007354,5.899309,6.0187373,5.586394,6.7517204,7.0725794,6.920658,6.1854477,4.9973116,6.0573792,6.5239325,6.0460567,8.103571,7.990124,7.858083,7.3637524,4.972244,7.0541506,8.9091835,9.293166,6.599624,7.5380077,6.313532,7.0793333,6.8970504,6.5543675,6.7632117,8.825349,6.7725177,7.17154,6.9648623,7.3399253,9.134699,9.044496,9.198071,9.018258,6.1550074,6.3767996,5.1127877,6.205958,7.506541,6.407079,5.2118225,6.1788154,6.032518,6.5989194,5.871271,6.0115104,7.117379,6.8246427,5.45439,6.3957357
1,3.3979495,0.0,5.520618,5.1314983,4.8578696,5.4350247,6.0588436,6.3785896,5.9961247,6.528285,6.2549996,5.9317408,6.4958634,7.47195,7.571003,7.1027017,6.016995,6.1629725,6.6381345,6.6285005,7.2250447,6.279123,6.0942593,6.2552066,5.5034246,5.4330907,5.442361,5.2348647,6.8565836,5.420953,6.0704093,5.8068843,6.833707,7.032657,4.931375,5.6270475,6.207604,7.2053294,7.8099666,7.201792,6.638268,7.407077,6.1927423,6.9655013,6.4879394,6.5086045,6.1430717,6.6760693,5.835173,5.904727,5.538711,4.6853185,5.722448,5.5996704,4.999881,4.78921,5.41026,6.2573833,7.1430206,7.492498,7.5872345,7.3741612,7.4224863,7.436823,7.0162177,5.7968736,8.157562,8.118854,7.4953547,6.99285,6.2339067,4.702892,6.4682026,5.9221573,5.870109,6.9905524,6.480699,5.995514,6.1446495,5.0375996,6.810322,7.4990487,6.864645,6.299612,6.440698,6.683881,7.047306,6.4834065,8.175051,8.119193,7.7761893,7.5419393,6.088577,6.959969,10.187386,9.2054825,6.521641,6.3634763,6.7551403,6.5655384,8.274018,7.9642267,7.909056,8.615699,7.372166,7.17935,8.268317,8.899399,9.235859,9.102215,9.548199,9.4503765,6.087265,6.672217,4.9910793,6.0352883,7.3701324,6.4634027,5.7788706,6.1727467,6.1221614,7.884897,5.531307,5.487124,7.111135,7.370855,5.274356,6.750775
2,5.4434395,5.520618,0.0,3.9078615,5.545826,5.1770754,5.127048,6.500989,4.503858,4.0610423,3.2516303,3.5618691,6.277953,6.8456597,7.0654054,5.8705416,5.5964217,6.5578957,7.772777,7.761465,5.9932847,6.2152457,7.008325,7.1498375,6.0748396,5.8950257,5.7693033,6.9563336,7.246452,5.090958,6.824659,6.431211,6.5583215,5.858416,5.6402073,6.457158,6.670053,6.9341183,8.19383,7.324983,5.7692513,6.422687,5.361766,6.8334203,7.040741,7.0251036,5.349638,5.4362245,7.278006,7.407303,5.58474,6.709344,6.189773,6.0341196,6.328711,4.89262,6.0858655,7.7833033,6.0799446,6.8973274,7.2823825,6.3243637,5.440507,5.939586,6.171591,5.8478713,7.5678763,6.9230886,7.018331,6.225929,6.5660114,6.096945,5.6361437,4.699159,5.7628484,5.202543,6.217762,5.167982,7.330837,7.1870737,6.7401705,6.0742817,6.087588,5.1256094,6.0224953,6.121781,6.5791364,6.670189,7.205395,7.1060963,6.801822,6.5006084,4.913802,6.0468345,10.449751,8.153588,6.786697,7.1237383,6.3760104,6.6699953,8.636835,8.241006,7.9637175,7.921517,5.8895025,6.5469522,7.92664,7.737475,8.316023,8.188744,8.583282,8.487069,6.8357987,7.0950007,6.7931848,6.807891,7.6033354,5.8385477,6.1081944,6.704484,8.607706,7.729433,7.6243825,7.4006886,7.7101517,6.500453,4.643331,4.3334236
3,5.8972244,5.1314983,3.9078615,0.0,6.0032325,6.4969854,6.458507,7.236874,4.7105207,4.1748443,5.1595073,4.066927,6.4933352,7.3681817,8.405304,6.6245465,6.128057,7.077992,8.27042,8.2558365,6.461321,5.072377,7.0485015,7.2277527,6.636353,6.423393,6.4428473,6.613406,6.6002645,5.7655206,6.6386,5.346905,6.6666684,6.454429,5.4633937,6.327795,6.1114697,7.398803,8.113819,7.323123,5.416375,6.317978,4.78518,6.816212,6.700214,6.6845,5.4209723,5.1544237,6.5748706,6.6527505,5.378781,5.249505,6.539265,6.4150677,5.299367,3.485027,4.6771173,6.6858974,6.472855,6.225144,6.9661136,5.7857094,4.711356,5.192507,6.362507,5.552185,8.096797,7.8685646,7.15669,6.200191,6.0939603,5.3799944,5.4220715,4.4799714,5.612087,5.057577,5.6177745,5.171255,6.845816,6.4298553,7.2520213,6.8930254,6.670174,6.1001983,7.315644,6.4412265,7.9553385,6.3954535,7.5639286,7.4589486,6.6159573,5.7671833,6.098088,5.4547257,10.866944,7.5623198,5.5709114,5.9077687,6.515149,5.221014,8.997976,8.480755,7.563653,7.5561404,7.0327725,7.725159,8.493685,8.635103,8.093585,7.4047766,8.448256,8.365573,6.0171475,6.3133817,6.115767,6.0474586,6.850372,5.4059243,6.821297,6.785567,8.387653,8.566795,7.455197,7.302648,7.6703305,7.5988755,5.3205442,5.9074306
4,2.528667,4.8578696,5.545826,6.0032325,0.0,3.189955,4.469292,3.7270439,4.971538,5.7741165,4.856387,5.54407,6.1215634,6.392583,6.3998094,6.384118,4.5321064,5.125456,4.821125,4.8069983,6.1337743,5.2605224,4.955694,5.0875816,4.525387,4.2568545,4.33113,4.8947134,5.6538334,4.0151606,6.2306848,5.232113,4.363075,5.145967,4.95633,4.422979,5.467142,4.7537303,5.0420904,4.8432674,6.047668,6.987504,5.6215515,6.3685513,6.4424987,6.4560256,5.64653,6.184658,6.6096363,6.6317024,4.5890923,6.0838504,5.559727,5.361579,5.142304,5.184744,6.6264267,6.3793287,5.907221,6.048094,6.261991,6.3887644,6.1339793,5.954447,5.386868,5.6637516,8.3015175,8.398124,6.0323257,5.3696895,5.250834,5.0789347,5.7941895,6.0560226,4.857442,5.4200635,6.0821424,5.6739206,5.3902516,5.413548,6.96522,7.033228,7.0774016,6.507055,4.903839,5.863378,6.352213,6.3389516,7.907457,7.8086686,7.4441285,6.7116547,4.3916397,6.5151043,8.639069,9.140646,6.334659,7.760074,6.1241612,7.2588673,5.8602138,5.518326,5.888901,8.368799,6.437808,6.9650626,6.667731,6.7170777,8.915293,8.883788,8.927257,8.7873955,5.9491177,6.283665,5.063175,6.254048,6.847544,6.406426,4.550911,6.2145376,5.829962,6.2993736,5.5408216,5.727549,6.8016267,6.2937675,5.4413557,5.8425827
5,3.7194905,5.4350247,5.1770754,6.4969854,3.189955,0.0,4.3979325,4.407682,4.3325925,5.359397,4.149422,5.5821457,6.439958,6.4251575,5.9859147,6.319381,5.0953517,5.2865095,5.2915792,5.28562,5.720424,5.717647,5.8423734,5.8579025,4.6173153,4.4362197,4.0274014,5.53958,5.697371,4.461862,5.929385,5.5875087,3.9626613,5.4349613,5.2889094,5.5965004,5.812237,4.7886276,5.2167616,5.0277443,6.197008,7.002157,5.8416195,6.259425,5.728936,5.7135725,5.7183566,6.268424,7.4425836,7.5111184,5.5738163,7.368479,6.2676463,6.1276526,6.0731654,5.9938745,7.349981,7.085678,5.4054036,6.440496,6.7837114,6.9277368,6.9797664,6.7291574,5.5471177,5.739206,7.889996,7.8458896,6.106125,5.582283,5.8273177,5.705098,5.246166,5.2938857,4.2972007,5.2429833,5.31361,4.654426,5.1888804,6.159754,5.5555396,5.464876,5.90698,5.8441477,4.908876,5.719455,6.1551614,5.9671483,6.7210054,6.6077747,5.975697,5.810146,4.9761653,6.955026,8.88176,9.270417,7.343109,8.285785,7.0262623,7.807869,5.4635887,5.24577,5.544364,7.764218,5.901923,6.932784,6.069074,5.840788,8.755518,8.941654,8.56421,8.886198,6.2301836,6.5154696,4.9878893,6.333205,6.540179,6.25396,4.3197637,6.2058635,5.9399686,5.4063787,5.611889,5.6151943,6.6913447,5.9880404,5.813097,5.7005377
6,5.114749,6.0588436,5.127048,6.458507,4.469292,4.3979325,0.0,3.4563038,4.4879293,5.2903814,4.719064,4.358732,6.212109,6.0797215,5.460577,6.0671062,6.0019326,6.3618827,7.0680723,7.053643,6.586454,6.4582777,6.9300523,7.128861,5.659706,5.58105,5.696452,6.699699,7.349168,6.0700974,6.502259,6.1997137,4.171848,2.80885,4.184173,3.560157,4.761774,3.8089437,6.0874615,4.7551193,5.414,6.6436515,4.371027,5.634986,6.427489,6.4416485,5.542719,5.825296,6.639012,6.6759877,4.79903,6.0835757,5.713933,5.539332,5.716209,6.2386436,7.2221866,7.7004714,6.106005,6.0256696,6.960135,5.410853,6.6151514,5.738273,4.958625,5.853214,7.5308733,7.9183335,7.061222,6.4664564,6.8232794,6.1498933,4.0376735,4.8961086,3.8984692,4.4519763,6.607931,4.8252816,6.1654735,5.2509227,6.494082,5.949799,6.14151,5.522222,4.5503163,4.6664667,4.70314,6.698226,7.8137116,7.7748275,7.194613,6.31749,5.5945826,6.4702587,9.833213,8.387994,6.943014,8.275497,7.604765,8.508275,7.0733924,6.6647615,6.3722982,8.320007,6.6580167,6.321417,8.000714,7.797308,8.650323,8.524093,9.034873,8.889661,6.625485,7.08459,6.162019,7.1406884,5.999004,6.171676,5.759599,7.0647078,7.665629,6.4942083,5.8779006,6.5277033,7.4116607,6.0135164,5.643762,5.268555
7,4.8097906,6.3785896,6.500989,7.236874,3.7270439,4.407682,3.4563038,0.0,6.0242505,6.6696563,6.0349693,5.3922668,6.240108,5.8295946,5.676035,6.180937,5.6316214,5.911079,5.862676,5.8390117,6.383286,6.0408287,6.4475183,6.551887,5.3871384,5.3860993,5.466986,6.37884,7.1199474,5.697512,6.713631,5.7669163,4.447855,4.0641165,4.823508,4.3603907,5.51399,3.5216916,4.394038,4.1097074,5.556642,7.418104,5.4674325,6.5332956,6.698588,6.6980605,5.7252636,6.0287747,7.291259,7.298464,4.325443,6.682361,6.041856,5.8211646,5.9324436,6.930653,7.902672,7.2469606,6.004769,5.8585954,6.8126664,6.3551807,6.851515,6.0029464,5.3900957,6.2372108,8.284424,8.898013,6.140079,5.4891734,5.8589416,5.831263,5.764815,6.4031973,4.7897215,5.737958,6.893891,6.2975597,7.077853,5.420989,7.223483,6.721869,7.200093,6.755847,4.5658507,5.297129,4.967652,6.492502,8.351231,8.343351,7.6202765,6.852699,5.605248,7.1579967,8.674778,8.97827,7.1049385,8.203785,8.258366,9.083759,6.6313214,6.285246,6.4877315,8.782247,7.271733,5.941498,7.6576977,7.453646,9.393101,9.244933,9.383918,9.249932,6.8849735,7.156746,6.2141337,7.256923,5.7732263,6.631263,5.7982473,7.109435,6.0266104,6.8298883,5.105394,5.7694726,7.8034763,6.598302,5.964823,5.6756625
8,5.4236603,5.9961247,4.503858,4.7105207,4.971538,4.3325925,4.4879293,6.0242505,0.0,2.9953365,4.1174154,3.9361126,6.316296,6.601405,6.374251,6.0340657,6.749143,6.423547,7.7351294,7.7306113,6.440929,5.8805714,7.687442,7.7955174,6.4659934,6.2195034,6.134995,7.1977835,6.2915554,6.140761,5.818359,5.5130415,4.146669,4.760802,5.185983,5.3123384,5.6431575,5.426463,6.413501,5.281477,5.981327,6.5004826,4.1014557,5.5987444,6.0526347,6.056636,5.9401407,6.0476274,7.1819153,7.2822013,5.640964,6.796761,7.3459525,7.249034,6.3218355,5.29968,6.835641,7.7978826,6.7962623,6.544313,7.2189264,6.1300225,5.8415594,5.851663,5.913816,6.164983,7.0279,6.7477336,6.679828,6.418129,6.816091,6.4668627,3.593939,3.3424757,3.7378113,3.508609,6.152921,4.1924644,5.38574,6.279765,6.382248,5.908543,5.621851,5.272364,6.401053,5.4414687,7.341436,6.618443,7.9626956,7.751382,6.7212243,5.794718,6.0349817,5.3530736,9.687176,7.4146814,6.848064,8.081514,7.3692546,6.982219,6.9138484,6.357259,5.3556356,7.238411,7.1683116,8.362368,8.3970375,8.1225395,8.697714,8.288457,8.532176,8.578768,6.3634033,6.5611496,6.0636654,6.609313,6.9235396,5.6660476,5.249359,7.2213182,8.058815,6.0621896,7.115935,7.054299,6.451433,6.3260994,6.4867063,6.173484
9,6.050637,6.528285,4.0610423,4.1748443,5.7741165,5.359397,5.2903814,6.6696563,2.9953365,0.0,3.3960292,3.185758,5.978409,6.3343577,7.3633633,5.8057923,5.9890776,6.626304,7.908654,7.8980985,5.413046,5.2901874,6.945243,7.1108665,6.7455745,6.5183167,6.3351955,7.246407,6.215819,6.060869,5.597846,5.8134904,5.371543,5.5091357,5.7242174,5.8947825,5.3391314,5.9983068,7.016195,5.910649,4.8517585,5.450688,4.0852375,5.5722027,5.952987,5.9301023,4.7834306,4.9039307,6.6265936,6.7152452,5.071869,6.184255,6.593344,6.4598393,5.5692306,4.4183683,5.5323725,6.644592,5.6828704,5.2889953,6.6582437,5.431493,4.433674,4.4026732,5.6219935,5.73134,6.3120008,6.0414405,5.9494314,5.753129,6.160884,5.734686,4.71069,4.5312967,4.688438,3.8875735,5.718614,4.8940415,6.447515,7.4217153,5.477547,5.3355503,4.712994,4.787605,5.9708967,4.8858943,6.9550004,6.2677145,7.357595,7.116598,6.3833065,5.3928137,5.347431,4.4574337,9.939731,6.9182177,5.591568,7.066102,6.2245684,5.767582,7.4556103,6.978983,6.0261316,6.1720705,6.194865,7.5223565,7.5986204,7.332687,7.920652,7.464338,7.6203756,7.6708484,5.780581,5.674797,6.6373053,6.10222,6.222473,4.7779436,6.1488905,6.7207537,8.245807,6.4633245,7.531933,7.1867785,6.512405,6.2880526,5.636259,5.364838
10,5.2216406,6.2549996,3.2516303,5.1595073,4.856387,4.149422,4.719064,6.0349693,4.1174154,3.3960292,0.0,3.941539,5.14419,5.543807,6.058891,4.8866606,5.048586,5.8240266,7.260881,7.248257,5.826998,5.8641825,6.0424724,6.248481,5.8984346,5.6744013,5.403772,6.4029574,6.723233,4.951029,6.990142,6.6623774,5.5515394,5.590542,5.7879004,6.127551,5.8721766,6.170602,7.46213,6.6093254,5.7559566,6.202622,5.2475843,6.2996,6.7280188,6.696633,5.2942,5.677214,7.231906,7.316395,5.6281896,6.8922143,5.587128,5.380042,5.947545,4.943425,6.175013,7.0336423,4.8941665,6.043928,6.6543555,5.43757,5.580561,5.5540133,5.854772,5.7441635,6.6756144,6.3273754,6.1930346,6.061311,6.35385,5.8686314,5.590271,5.476082,5.4158187,4.642292,5.436371,4.8570657,6.4627485,7.3010383,5.1516023,4.6478114,5.258058,4.750442,4.782787,5.271107,6.129208,6.849065,6.2941732,6.0045466,6.093943,5.692124,4.103888,5.3299813,9.454803,7.4574156,6.4210434,7.821778,5.5954833,6.6825314,6.936759,6.613316,6.351612,6.876131,5.114994,6.7929397,6.611844,6.3233943,8.022553,8.108129,7.6251416,7.8199,5.469875,5.5942287,6.224173,5.6156654,6.8880816,4.7995954,4.905733,5.4461975,8.115645,6.4724026,7.0246263,6.975127,6.202547,5.55487,4.839685,4.617278
11,5.8016253,5.9317408,3.5618691,4.066927,5.54407,5.5821457,4.358732,5.3922668,3.9361126,3.185758,3.941539,0.0,4.6990085,5.1668477,6.2420554,4.322791,5.8439245,6.494726,7.8335767,7.8150334,5.992816,5.6342688,7.004035,7.1903257,6.3732557,6.3527627,6.4688673,7.419997,7.0185733,6.323517,6.22203,5.951794,5.6426272,4.984871,5.668941,5.6571345,5.448381,5.9823494,7.1335125,6.1692743,4.6986985,5.7464776,4.5745473,5.8949842,6.54587,6.5264225,5.049758,4.997491,6.5163426,6.5907345,4.534302,5.9338837,6.316315,6.1649785,5.789818,4.910185,5.8985147,7.155946,6.2794995,5.8022976,5.9952893,4.7044907,4.62977,4.712034,5.40227,5.524648,6.450344,6.1385126,6.2476606,6.164842,6.5932126,5.8982663,4.909399,4.6451025,4.9110494,4.016543,6.495125,5.615075,7.4886065,6.5285983,6.2542267,5.6073885,5.4888883,4.5307555,5.4025936,4.1885505,5.5192246,6.289743,8.200267,8.090705,7.2235713,6.1833673,5.493131,4.8600936,9.7601385,6.740435,5.4285827,6.3810163,6.944825,6.6878886,7.986046,7.55146,6.817218,7.216052,7.030176,6.4933496,8.407501,8.18989,8.475649,8.019848,8.409605,8.215785,5.962196,6.464817,6.9027586,6.3321176,5.9576807,5.4141583,6.029459,6.7468104,7.726979,7.3293867,6.559991,6.5976954,6.947847,6.4829507,5.1372323,4.75301
12,5.991315,6.4958634,6.277953,6.4933352,6.1215634,6.439958,6.212109,6.240108,6.316296,5.978409,5.14419,4.6990085,0.0,1.8831835,4.410222,1.6083722,5.961341,5.411811,7.4084044,7.3912287,6.7555237,6.1275535,6.35093,6.556271,6.516485,6.4295335,6.796717,7.007575,7.645093,6.4831743,7.558238,6.9411554,6.614608,6.9653106,6.9682207,7.004764,6.8520465,7.2438827,7.8895645,7.6069155,6.466167,7.5174313,6.2771673,7.2282677,7.78199,7.767979,6.2456107,6.6537557,7.5998344,7.5740857,5.847184,6.8039503,6.725435,6.4968734,6.2220144,6.6811724,7.02718,6.951546,6.6401567,6.5475245,6.4622526,5.3371563,6.9193435,6.57105,6.696872,6.517224,5.2867556,5.4891615,5.597424,6.7533827,6.6682687,6.1893015,7.035347,7.112661,6.2976933,6.4017467,6.7312975,6.921504,8.595333,7.518718,5.7151546,5.193927,5.6758466,4.20068,4.8190064,4.045828,5.375756,6.4176064,9.019594,8.676757,8.001669,7.1356664,5.596001,5.401045,7.120932,5.3312144,6.8283944,8.068901,7.5656843,7.916972,6.7188044,6.3198495,6.2481117,6.8656845,7.3449264,7.034284,8.325704,8.344148,8.680183,8.4452505,7.341314,7.164266,4.712997,5.5584836,7.011041,5.034853,7.2032943,5.2909184,5.3722196,5.186991,7.48745,6.9944267,6.3951125,6.996482,6.1461124,6.6629853,6.2585707,6.605386
13,6.4615507,7.47195,6.8456597,7.3681817,6.392583,6.4251575,6.0797215,5.8295946,6.601405,6.3343577,5.543807,5.1668477,1.8831835,0.0,3.8687553,1.9570262,5.993739,5.213853,7.257607,7.2409406,6.3482857,6.0585046,6.5580425,6.6794486,6.456835,6.380371,6.7048645,7.311171,7.515286,6.566468,7.3984637,6.781119,6.3140507,6.758393,7.17174,7.1904073,7.093028,6.822605,7.2950726,7.3229165,6.2773085,7.7213335,6.265629,7.222538,7.7946377,7.7771,6.170808,6.612722,8.060083,8.045817,5.8611794,7.4545536,7.2194123,6.9895434,6.7287965,7.6902857,7.8772597,7.222542,6.5357327,6.3161907,6.620528,5.476183,7.29518,6.5541997,6.4344196,6.736227,5.12299,5.7775393,4.939934,6.278756,6.4675803,6.5898366,7.004889,7.3081536,6.178494,6.6032996,6.8871884,7.012078,9.09934,8.151403,5.850062,4.9848623,5.627368,4.270301,4.752577,3.8859856,5.220308,6.1594677,9.230447,8.881209,8.026402,7.1313,5.949334,6.0429144,6.3960547,5.269241,7.624149,8.916894,8.390048,8.781639,6.260515,5.8497667,5.8404007,6.91054,7.3255677,6.9520936,8.116506,7.9231334,8.749083,8.517016,7.24074,7.0626144,5.2496324,5.9709907,7.3329606,5.5530972,7.282028,5.521078,5.8243675,5.6596704,7.762569,6.488195,6.6933937,7.4692802,6.687424,6.583052,6.807311,6.7253904
14,6.710413,7.571003,7.0654054,8.405304,6.3998094,5.9859147,5.460577,5.676035,6.374251,7.3633633,6.058891,6.2420554,4.410222,3.8687553,0.0,3.8074272,7.272229,5.1915884,7.5875645,7.578213,7.741901,7.7745953,8.017878,8.091856,6.43425,6.3642635,6.773398,7.9315624,8.46264,7.096638,8.24381,7.6864853,6.4549317,6.602225,6.927975,7.092104,7.8859253,6.680557,7.855294,7.337713,7.8041797,8.709648,6.615355,7.295714,8.144643,8.152861,7.3899016,7.689635,8.831418,8.861092,6.812845,8.557494,7.6012216,7.4717093,7.7885394,8.621262,9.403617,9.160922,7.907718,8.410224,8.491319,7.3651342,9.132698,8.544159,7.611381,7.322824,5.697179,6.175646,6.3269386,7.4964056,7.8347864,7.524378,6.7652335,6.9515038,6.410724,7.2224016,7.740507,6.6159687,8.538544,7.7126336,6.7441745,5.9042478,6.2228246,4.955125,5.6980824,5.525597,5.8445296,7.5317354,9.344409,9.022037,8.484375,8.064139,6.297485,6.832808,6.690673,6.300084,9.130753,10.011531,9.20069,9.939157,6.2966533,5.936503,6.3110137,7.9910583,7.8079576,7.4176974,9.057928,8.760595,9.437611,9.483856,8.152764,7.9974723,6.523892,7.160736,7.1588206,6.5660515,8.460944,6.2610564,4.621915,6.1998253,8.051221,6.1334267,6.565973,7.3796186,6.3841124,5.684468,7.1367345,6.737924
15,6.530578,7.1027017,5.8705416,6.6245465,6.384118,6.319381,6.0671062,6.180937,6.0340657,5.8057923,4.8866606,4.322791,1.6083722,1.9570262,3.8074272,0.0,6.266715,5.536909,7.6457176,7.629341,6.7634306,6.5086684,7.050116,7.201861,6.646853,6.5852585,6.937205,7.7118115,7.8689833,6.693159,7.807422,7.1920724,6.5993176,6.830539,7.2249866,7.3721347,7.257714,7.1770544,7.989546,7.606834,6.5997205,7.526012,6.326022,7.2164044,7.8389916,7.8202953,6.329379,6.62114,8.132069,8.142903,6.0202703,7.6311207,7.2079587,7.0109224,6.925731,7.150033,7.6839123,7.7863665,6.851648,6.963974,6.698854,5.6422725,7.060513,6.849826,6.872106,6.638616,5.152062,5.1108546,5.602648,6.817875,7.087829,6.728957,6.920656,6.843675,6.357439,6.2836313,6.944862,6.862446,8.92198,7.957916,5.9686103,5.0054135,5.593415,4.0022373,5.0599546,4.220325,5.3909674,6.615962,9.071192,8.739065,7.9325056,7.157686,5.627683,5.4039745,7.1366863,5.195008,7.3434863,8.376782,8.004967,8.316662,6.806401,6.4174547,6.385395,6.8118997,7.3439236,6.933528,8.593255,8.353403,8.784205,8.593175,7.391806,7.238927,5.397731,6.1708713,7.4026957,5.594,7.4375086,5.4983263,5.294221,5.641606,7.846549,6.918325,6.7212477,7.22294,6.3473015,6.384567,6.365264,6.1621513
16,4.795982,6.016995,5.5964217,6.128057,4.5321064,5.0953517,6.0019326,5.6316214,6.749143,5.9890776,5.048586,5.8439245,5.961341,5.993739,7.272229,6.266715,0.0,3.9067845,4.087008,4.065061,4.148058,3.7242959,2.0774257,2.0493782,3.0733278,2.8065023,2.7728865,3.8619528,4.3752165,3.1658928,5.695951,4.807056,6.7062564,7.2318068,6.631872,6.814876,6.5382085,6.8619437,7.132444,7.403209,5.360575,6.760354,6.455271,6.9768634,6.6927223,6.6735125,4.6971107,4.297142,6.4841113,6.5352154,4.9285636,6.0896626,4.571706,4.5499353,4.39481,5.4561315,6.1686215,5.6236873,4.868213,5.478843,6.063553,6.1503067,6.4521914,5.8018355,4.2191334,3.911414,7.2801776,7.562673,4.9251328,4.3772564,4.22059,4.2694435,6.4368286,6.560729,6.1314826,6.869227,4.7237515,5.7020545,7.275768,7.701445,5.9698105,6.1930904,5.8998356,5.5108004,5.625775,5.460358,6.183569,5.305345,6.7251606,6.6741004,6.561525,6.128682,4.703451,7.1440086,8.347566,8.3728285,6.581345,7.4379263,5.6933093,6.713199,6.575507,6.362903,6.754616,7.4610634,5.0670485,5.8470883,4.047256,4.32054,8.05116,8.159658,7.6991763,7.6091313,4.4335575,5.1444135,5.078334,4.7343426,6.8357306,5.7469287,5.618714,4.4933033,6.6227245,6.927994,6.4232225,6.636255,7.4119487,6.473347,4.66864,5.285973
17,5.2466893,6.1629725,6.5578957,7.077992,5.125456,5.2865095,6.3618827,5.911079,6.423547,6.626304,5.8240266,6.494726,5.411811,5.213853,5.1915884,5.536909,3.9067845,0.0,4.569536,4.560168,5.381471,4.969105,4.549699,4.3854194,3.2994654,3.0644212,3.0746183,4.589277,4.9465714,4.089133,5.8646293,4.915452,6.9475527,7.6263165,6.648261,7.145152,7.4875374,7.136378,7.2702765,7.561184,6.52136,7.8505692,6.2928376,6.823401,6.9094195,6.90935,5.863047,5.5308976,7.2326684,7.3314667,5.7871313,6.9552064,5.870513,5.9068336,5.644988,6.7995434,7.6082764,6.944518,6.4384904,7.114528,7.7260466,7.403908,8.05575,7.41999,5.9818864,5.0016713,5.439427,6.024317,4.037191,5.0936613,4.9869914,5.1842785,6.512189,6.4528975,6.3860955,7.7872415,5.6951957,5.677716,7.2504315,7.721521,5.981952,6.2247505,5.4489746,5.055823,6.57373,5.831603,6.914134,6.024086,7.622414,7.3555827,7.1773744,7.0638566,5.4409947,7.0896473,5.864127,6.598367,8.103354,8.661507,7.267895,7.7967267,5.5971675,5.280747,5.770086,7.2057557,6.2351117,6.8350244,5.5790324,5.774439,8.854999,8.952777,7.4962893,7.402716,4.232679,4.877645,4.952303,4.172969,7.945932,5.112078,3.845586,3.854848,6.4930463,5.6770267,6.2938952,6.5583243,5.8156233,5.501951,5.730358,6.1827006
18,5.35339,6.6381345,7.772777,8.27042,4.821125,5.2915792,7.0680723,5.862676,7.7351294,7.908654,7.260881,7.8335767,7.4084044,7.257607,7.5875645,7.6457176,4.087008,4.569536,0.0,0.04057251,5.447236,5.2623796,4.2711725,4.150771,4.2206554,3.8083935,3.860564,4.9663935,5.0569873,4.350865,6.1955304,5.410458,6.7816434,8.166631,7.551481,7.6657286,8.0518675,6.857834,7.008975,7.2875476,7.611474,8.686862,7.8110843,8.168017,7.1588907,7.1715264,6.181944,5.847897,8.080624,8.128214,5.8692884,7.8525977,6.769393,6.789949,5.7133164,7.638161,8.50744,6.983838,6.518807,6.9600744,7.532324,8.405195,8.8044615,8.190891,5.8199797,5.490087,8.44414,8.8436985,6.0072637,5.5135694,5.4190907,5.279974,7.381303,7.604801,6.4267335,8.349097,5.904628,7.032131,7.780642,8.294191,7.2211037,7.4475737,7.1222115,6.932069,6.3787813,6.500124,7.290891,5.8438163,8.509133,8.483855,7.6094995,7.3078594,6.211426,8.364572,7.475333,9.900209,8.675338,9.330187,8.068294,8.840282,5.9306417,5.7019567,7.202251,8.061824,6.84062,7.3059716,6.0155272,6.1315455,9.860408,9.966136,9.138714,9.061857,6.0108337,6.5003066,5.3361735,6.203946,7.8195705,7.584241,5.800179,5.9865255,5.927419,7.219255,6.723044,6.936501,8.535179,7.7316394,6.992773,7.369161
19,5.345036,6.6285005,7.761465,8.2558365,4.8069983,5.28562,7.053643,5.8390117,7.7306113,7.8980985,7.248257,7.8150334,7.3912287,7.2409406,7.578213,7.629341,4.065061,4.560168,0.04057251,0.0,5.4412065,5.2495623,4.2500625,4.130922,4.205207,3.7967703,3.8506155,4.9571557,5.052421,4.3442025,6.1950603,5.4039974,6.774873,8.152656,7.537805,7.6499114,8.031403,6.843909,6.997252,7.2743926,7.589388,8.667608,7.798487,8.152612,7.1462145,7.1585584,6.163634,5.8308725,8.060969,8.10827,5.8468413,7.8329973,6.744668,6.764726,5.6948357,7.621206,8.488281,6.963901,6.501145,6.942368,7.511267,8.383809,8.786963,8.171609,5.8097224,5.470329,8.435158,8.837666,5.9925113,5.500691,5.405994,5.259549,7.375875,7.6007037,6.4223123,8.337868,5.894345,7.0263696,7.7755723,8.2784815,7.210464,7.438386,7.114917,6.9252677,6.362702,6.4870853,7.2710204,5.838281,8.495457,8.470901,7.5999436,7.29658,6.1939354,8.348662,7.4773808,9.888353,8.650423,9.305044,8.051338,8.825111,5.9281845,5.701109,7.19625,8.052753,6.8284554,7.279722,6.0026717,6.119659,9.847758,9.953642,9.12903,9.052063,5.993564,6.485839,5.325858,6.187897,7.7954006,7.5678577,5.791356,5.969321,5.9065046,7.218073,6.697998,6.91319,8.520919,7.7165895,6.968495,7.346336
20,5.932952,7.2250447,5.9932847,6.461321,6.1337743,5.720424,6.586454,6.383286,6.440929,5.413046,5.826998,5.992816,6.7555237,6.3482857,7.741901,6.7634306,4.148058,5.381471,5.447236,5.4412065,0.0,3.2830982,5.3139277,5.2423577,5.4639854,4.9614277,4.7557774,5.5404754,5.1554613,4.2441072,4.1161304,4.227487,6.486684,7.211272,6.730642,7.490114,7.5010095,6.694225,6.599251,6.9086213,5.550207,7.6786776,5.9154034,7.7812734,7.1001163,7.0789633,4.7837734,3.5151727,8.094069,8.135643,5.0198717,7.209414,6.43456,6.3836174,5.179957,6.514671,7.4937797,6.4244556,5.118707,5.034477,7.8332095,7.461039,6.455167,5.585627,3.983803,5.5396476,7.289698,7.6907363,4.4478884,2.553079,3.2202737,4.861599,5.746934,5.7648444,5.087106,6.193631,5.0160594,5.591151,8.270887,8.668116,5.972096,5.423047,5.150138,5.1700263,5.8196874,5.048266,6.837424,4.2343383,7.129615,7.0372505,6.2991214,5.7513556,5.7500243,7.2048955,8.20718,8.143996,7.6236286,8.356818,7.6769648,7.625241,7.4832315,6.956866,7.1194,7.2267714,5.9568872,6.870035,5.770701,5.492516,8.166758,7.719258,7.3654428,7.267946,6.0874653,5.561047,6.157508,6.0849113,7.0348096,5.565452,6.9427834,6.2702856,7.8274083,6.8525367,8.039002,7.9704165,8.727833,7.401207,6.1337614,6.0336137
21,5.297643,6.279123,6.2152457,5.072377,5.2605224,5.717647,6.4582777,6.0408287,5.8805714,5.2901874,5.8641825,5.6342688,6.1275535,6.0585046,7.7745953,6.5086684,3.7242959,4.969105,5.2623796,5.2495623,3.2830982,0.0,4.4390197,4.441684,4.962886,4.4786744,4.328512,4.3195157,3.788131,3.9107263,4.4467115,2.410309,5.855118,6.8624287,6.181984,6.772927,6.659378,6.6276946,6.3517795,6.7107654,5.239381,7.3593636,5.3226385,7.327383,6.691491,6.6707788,4.8168874,3.511035,7.1205063,7.169652,4.5782332,5.874523,6.1430326,6.0996256,4.2014084,5.5100064,6.4358964,5.3827333,5.1860185,4.473927,6.7623634,6.110699,5.9629364,4.9777446,3.7422686,4.6308208,7.6151695,8.207832,4.8156657,3.24439,3.0973167,4.168979,5.1145916,5.291945,4.6563253,5.6990323,4.217764,5.1232357,7.348331,7.5064487,6.448991,5.9669766,5.990099,5.729304,6.376901,5.197304,7.5143247,4.56222,7.1954956,7.0996346,6.072054,5.046062,6.1711206,6.748183,8.37952,7.506915,6.8015714,7.769178,7.3279786,6.7693434,7.1841416,6.588086,6.2325044,7.1487746,6.5954514,7.608546,6.0221143,6.138445,8.395876,7.7514277,7.8353424,7.7506685,4.606894,4.5879774,4.7827444,4.7204623,6.473635,5.1294675,6.4602156,5.563688,7.4283667,7.4170213,7.2193027,7.540325,8.131154,7.6545033,6.133319,6.626167
22,4.925052,6.0942593,7.008325,7.0485015,4.955694,5.8423734,6.9300523,6.4475183,7.687442,6.945243,6.0424724,7.004035,6.35093,6.5580425,8.017878,7.050116,2.0774257,4.549699,4.2711725,4.2500625,5.3139277,4.4390197,0.0,0.57770574,3.7509048,3.5877435,3.681286,3.7943149,4.561311,4.2228966,6.1574206,5.6216993,7.328722,8.202278,7.273321,7.165593,6.677126,7.557856,7.6380453,7.9457507,6.157043,7.1529717,7.3426394,7.32029,7.0015574,6.989253,5.4529934,5.55725,6.1921954,6.1971655,5.5219035,5.919201,4.6065655,4.5884633,4.362368,5.8262944,6.0990047,4.920813,5.6283855,6.0271993,6.2114415,6.5994005,7.410967,6.6394176,5.2688212,4.4194255,7.7626343,8.222497,5.5587606,5.4371777,4.7722173,4.2723813,7.4244003,7.737709,6.9286647,7.755765,5.317999,6.6041627,7.416513,8.068597,6.1784983,7.0774226,6.52818,6.3101077,6.0157413,6.1751137,6.871264,5.982558,7.355305,7.27683,7.443357,6.9867506,5.3374357,7.5796885,8.80583,9.084017,6.5362487,7.584507,5.4372454,6.6183887,6.650396,6.583701,7.0493355,7.805463,5.696105,6.6118712,4.197222,4.93515,8.358088,8.556481,8.051117,7.966935,4.2709203,5.154334,5.052855,4.5958033,7.2731295,6.352923,6.1318154,4.466616,6.3919835,7.2825546,6.3108225,6.6393423,7.3553987,6.96911,5.2948937,6.4589257
23,5.0287256,6.2552066,7.1498375,7.2277527,5.0875816,5.8579025,7.128861,6.551887,7.7955174,7.1108665,6.248481,7.1903257,6.556271,6.6794486,8.091856,7.201861,2.0493782,4.3854194,4.150771,4.130922,5.2423577,4.441684,0.57770574,0.0,3.568321,3.4336176,3.4849312,3.838297,4.32302,4.2084465,6.043361,5.5233192,7.458132,8.415589,7.4783945,7.4215493,6.9303093,7.7184567,7.6050205,8.082464,6.2415533,7.2914615,7.5213594,7.4135733,7.045558,7.031954,5.5966806,5.6727867,6.3734455,6.3918037,5.7137036,6.2141743,4.931013,4.935726,4.691602,6.093937,6.363972,5.1201353,5.8279667,6.2447467,6.346199,6.8830028,7.583283,6.832745,5.3276033,4.5037646,7.801951,8.249896,5.4247656,5.3637805,4.7304587,4.494144,7.5375876,7.8024073,7.065996,7.9667454,5.434533,6.692006,7.557859,8.284844,6.315155,7.2173505,6.5985923,6.410228,6.308313,6.371428,7.0755296,5.9450216,7.4744287,7.3995595,7.5338583,7.140591,5.5534062,7.858703,8.68774,9.188408,6.8255596,7.744046,5.70398,6.766498,6.623385,6.5814486,7.0562882,7.9443755,5.822784,6.732846,3.9742522,4.7230325,8.482951,8.70022,8.127885,8.056579,4.48646,5.3731937,5.1426954,4.74528,7.497444,6.5360126,6.2029815,4.628037,6.365746,7.208622,6.4430404,6.7385583,7.450258,7.032446,5.5014844,6.588516
24,4.786926,5.5034246,6.0748396,6.636353,4.525387,4.6173153,5.659706,5.3871384,6.4659934,6.7455745,5.8984346,6.3732557,6.516485,6.456835,6.43425,6.646853,3.0733278,3.2994654,4.2206554,4.205207,5.4639854,4.962886,3.7509048,3.568321,0.0,0.94772506,2.0629292,4.535773,4.11077,4.2170625,5.637662,4.8888803,6.4338694,7.226549,6.284706,6.4721546,6.34115,6.6124663,6.947695,7.1270685,5.6655035,6.4907575,6.447028,5.8665013,5.6787496,5.6842394,5.1359577,5.341883,5.869586,5.9373007,5.2281322,6.2316175,5.0681973,5.1467876,5.0737743,6.1802373,6.68702,6.3731017,6.344046,6.941333,6.351864,6.759109,7.843736,7.199465,5.285824,3.3045342,7.015501,7.4058366,5.160613,5.2925444,5.2003746,4.644036,6.0097337,5.9738097,6.0014534,7.273608,5.10738,4.943695,6.519333,7.0763416,6.1565795,6.778148,5.7121353,5.3545485,6.3778524,6.0747333,6.3026085,5.229145,7.1934853,7.153599,6.8302784,6.613106,5.1790137,7.3412232,8.468365,8.539635,7.0955133,7.3218703,6.301004,6.873281,5.8260865,5.805783,6.135828,7.582845,5.3539286,5.6797047,4.846058,5.087845,7.603509,7.928885,7.618725,7.538956,4.8663964,6.177492,4.0925136,4.9242597,7.1761384,6.215009,4.8915186,4.7555656,5.692705,5.8493824,5.0455236,5.5176497,6.558241,5.3034964,4.707418,5.205863
25,4.5326686,5.4330907,5.8950257,6.423393,4.2568545,4.4362197,5.58105,5.3860993,6.2195034,6.5183167,5.6744013,6.3527627,6.4295335,6.380371,6.3642635,6.5852585,2.8065023,3.0644212,3.8083935,3.7967703,4.9614277,4.4786744,3.5877435,3.4336176,0.94772506,0.0,1.7048978,4.0050464,3.9541318,3.560824,5.422773,4.4819293,6.1867537,7.043942,6.0598474,6.3703604,6.478535,6.45743,6.8532453,6.982911,5.8126984,6.793565,6.1754384,6.1682305,5.888631,5.8978634,5.0541806,4.9578,6.2149606,6.2742934,5.1103377,6.221525,4.9940996,5.0676274,4.722286,5.9843893,6.7639856,6.3590803,6.027791,6.647643,6.6371164,6.815425,7.6657434,7.0034885,4.893426,3.4056017,7.0456605,7.4353065,5.059084,4.8449936,4.737644,4.388158,5.657984,5.649248,5.5981016,6.9781175,4.6815233,4.578513,6.311411,6.9953885,6.084322,6.491644,5.5996876,5.2023897,6.168067,5.864021,6.4041395,5.0078115,6.9259844,6.86553,6.5152493,6.257931,4.9585,7.1861453,8.130257,8.361338,7.2219567,7.6327944,6.277878,6.908606,5.737489,5.5748878,6.0241165,7.4435277,5.190576,5.964725,4.7752886,4.986843,7.592104,7.813574,7.442187,7.3444433,4.6743984,5.7471623,3.7766736,4.724874,7.2112145,5.9180317,4.6734004,4.549357,6.0045857,5.850875,5.4737954,5.896657,6.732045,5.4790287,4.798393,5.3105416
26,4.444116,5.442361,5.7693033,6.4428473,4.33113,4.0274014,5.696452,5.466986,6.134995,6.3351955,5.403772,6.4688673,6.796717,6.7048645,6.773398,6.937205,2.7728865,3.0746183,3.860564,3.8506155,4.7557774,4.328512,3.681286,3.4849312,2.0629292,1.7048978,0.0,3.456744,3.94418,2.8878016,5.254479,4.2018027,6.2579327,7.045562,5.9238195,6.5949554,6.705954,6.514465,6.755993,7.032209,5.889547,7.2257533,6.1589966,6.612378,6.024741,6.014647,5.1802506,4.890679,6.7013636,6.8229194,5.449393,6.501571,5.1806693,5.2288933,5.02445,6.032934,6.900341,6.375767,5.3910995,6.4677467,7.164595,7.137525,7.596303,6.91596,4.952912,4.053255,7.307145,7.707851,5.194587,4.651011,4.5201735,4.5706644,5.7595162,5.7067018,5.639023,7.151027,4.516925,4.633055,6.1901016,7.121681,5.9348674,6.2269835,5.785193,5.7412205,6.3836436,6.226235,6.8811436,5.483786,6.2440324,6.185338,5.9763083,6.0582294,5.3678904,7.676631,8.216242,8.601655,7.717884,8.113342,6.7021904,7.31988,6.1125865,5.8971405,6.261914,7.664607,5.287848,6.405609,4.2492805,4.5625863,8.473146,8.676831,8.132534,8.252843,4.87412,5.5069437,3.9026055,4.8490853,7.1941094,5.7130504,4.771031,4.5842943,6.293461,6.1813054,6.022134,6.2397227,6.9938097,6.011906,5.148642,5.676575
27,4.4062333,5.2348647,6.9563336,6.613406,4.8947134,5.53958,6.699699,6.37884,7.1977835,7.246407,6.4029574,7.419997,7.007575,7.311171,7.9315624,7.7118115,3.8619528,4.589277,4.9663935,4.9571557,5.5404754,4.3195157,3.7943149,3.838297,4.535773,4.0050464,3.456744,0.0,5.63265,3.404646,6.1533594,4.6702247,7.136181,7.712031,6.051879,6.8213177,7.317116,7.519037,7.55029,7.8814,7.102179,8.933818,6.746126,8.460815,7.860717,7.853657,6.643178,5.6490207,7.705964,7.730078,6.418359,6.1504683,4.970641,4.990964,4.3373537,5.5832787,7.1026154,6.4835167,5.578546,6.4471197,8.451266,7.7860994,7.7180476,7.00672,5.107434,5.7019906,8.645478,9.113815,6.662103,5.4239755,4.5037823,4.723511,6.3859487,6.604647,6.074592,7.4374504,4.89195,5.562279,6.151335,6.377103,6.6018105,6.744235,7.1011057,7.0310693,6.784892,6.636435,7.6640205,6.4998155,6.189418,6.150104,6.465253,6.3886127,6.340529,8.418496,8.607646,9.081175,7.88283,8.678681,7.119088,7.91644,7.5361333,7.0867085,7.3106623,8.926113,6.8408375,7.915577,5.1858597,6.058746,9.475646,9.386631,8.951537,9.08553,4.817215,4.679564,4.1981807,5.0089965,7.443912,5.831066,5.6112833,4.7753897,7.1025023,7.97807,6.988128,7.252049,7.945624,7.9959154,6.1166263,7.453735
28,5.898375,6.8565836,7.246452,6.6002645,5.6538334,5.697371,7.349168,7.1199474,6.2915554,6.215819,6.723233,7.0185733,7.645093,7.515286,8.46264,7.8689833,4.3752165,4.9465714,5.0569873,5.052421,5.1554613,3.788131,4.561311,4.32302,4.11077,3.9541318,3.94418,5.63265,0.0,5.130764,4.5209656,3.8877108,6.500643,8.242834,7.5586205,7.6494575,7.0242214,7.442131,6.922795,7.380519,6.050364,6.7185574,6.7860603,6.371744,5.7478995,5.7409296,5.4683247,5.5191436,6.3540015,6.4875402,5.6447845,6.83501,7.1114926,7.184724,5.775721,6.6724234,6.880136,5.761309,7.022975,6.6517644,6.4309382,7.0986476,7.7782726,7.03364,5.596221,4.1470695,7.743537,8.213666,5.164357,5.1320486,5.0823026,5.212592,6.2222953,6.2604265,6.1276946,7.2756114,5.360176,5.7307787,7.2428765,8.837267,7.0268445,7.6498575,6.349894,6.387725,7.8228307,6.923019,8.746109,5.4732265,8.274353,8.177426,7.3213134,6.664034,6.856485,7.549419,9.27641,8.863607,7.44682,8.06269,7.0734053,6.2886896,6.4155493,6.263319,5.957566,7.2580624,6.676841,8.23506,5.664315,5.763062,8.495154,8.347029,8.336061,8.282626,5.3470354,6.25511,4.757231,5.2648435,7.8642454,6.796925,6.6226525,6.2087474,7.050778,6.5279703,7.0423465,7.2868037,7.5513215,6.9861374,6.736173,7.0936694
29,3.909743,5.420953,5.090958,5.7655206,4.0151606,4.461862,6.0700974,5.697512,6.140761,6.060869,4.951029,6.323517,6.4831743,6.566468,7.096638,6.693159,3.1658928,4.089133,4.350865,4.3442025,4.2441072,3.9107263,4.2228966,4.2084465,4.2170625,3.560824,2.8878016,3.404646,5.130764,0.0,5.806036,4.236563,6.205607,6.6937847,5.5645366,6.573195,7.26353,6.5529504,6.7584014,7.002037,6.2050457,7.9151206,5.8483467,7.726846,7.126889,7.11819,5.16064,4.8103647,7.666748,7.7639275,5.23888,6.591459,5.598493,5.454244,5.0523915,5.758926,6.85616,6.3083353,4.6839905,5.8190784,7.630845,7.205397,6.612957,6.1934557,5.1341834,5.458156,7.9524665,8.213844,5.358629,3.7931974,3.5327652,4.57956,6.2179165,6.011326,5.5544186,6.766265,4.763509,5.2992,6.9244566,7.3158836,6.6525345,6.211966,6.5648546,6.081135,5.8066688,6.3200927,7.221876,5.5808563,6.5897336,6.4338403,6.1963468,6.0899773,4.794851,7.371529,7.899829,8.491998,7.8737726,8.600888,6.7768636,7.546849,6.9349933,6.4288588,6.9696946,7.9270544,5.374343,6.910288,5.4600654,5.630797,8.825847,8.74021,8.293393,8.260873,5.560423,5.378735,4.946389,5.43202,7.7352653,5.4810104,5.3830075,5.1119447,7.4143696,7.1056027,7.33914,7.4269233,7.960045,6.9696746,5.4543815,5.9956098
30,5.398002,6.0704093,6.824659,6.6386,6.2306848,5.929385,6.502259,6.713631,5.818359,5.597846,6.990142,6.22203,7.558238,7.3984637,8.24381,7.807422,5.695951,5.8646293,6.1955304,6.1950603,4.1161304,4.4467115,6.1574206,6.043361,5.637662,5.422773,5.254479,6.1533594,4.5209656,5.806036,0.0,3.71267,6.4665794,7.402491,6.5407104,6.841374,6.9663935,6.893085,6.3882504,6.6220427,5.677354,7.368286,5.902766,6.7677116,6.2994776,6.3103824,5.511321,5.202847,6.632352,6.7427382,5.116693,6.2043805,7.1553617,7.1767063,5.5558224,6.6322947,7.1147437,6.2358737,7.2786136,6.3927107,7.961345,7.8846645,7.322225,6.485101,5.0171065,5.6741724,7.2569394,7.6971116,5.3979144,4.7381706,4.670982,5.2209744,5.3979383,5.413349,4.9794674,6.6073065,6.592743,5.925402,7.650687,8.103253,6.6584506,7.1927094,5.54703,5.6581597,7.0595603,5.833644,7.76385,4.976925,8.797715,8.743873,7.964058,7.30247,7.195261,7.6149597,9.373429,8.796149,7.4718976,7.8729177,8.091662,7.1742268,7.875247,7.4620085,7.040187,8.072908,7.6218123,8.003016,7.272081,7.4331417,9.152186,8.641118,8.9866905,8.731684,6.62958,6.6331997,5.9563727,6.648993,7.5545683,6.593733,7.2903204,7.3521495,7.266683,6.505237,7.500902,7.42499,8.257382,7.5721045,6.8397717,7.195214
31,5.086518,5.8068843,6.431211,5.346905,5.232113,5.5875087,6.1997137,5.7669163,5.5130415,5.8134904,6.6623774,5.951794,6.9411554,6.781119,7.6864853,7.1920724,4.807056,4.915452,5.410458,5.4039974,4.227487,2.410309,5.6216993,5.5233192,4.8888803,4.4819293,4.2018027,4.6702247,3.8877108,4.236563,3.71267,0.0,5.6540813,6.5321603,5.6574316,6.4173484,6.875162,6.385026,5.877449,6.3862367,5.487121,7.7733197,5.040023,7.1555142,6.4822493,6.4811535,5.316006,4.291138,7.1510158,7.25908,4.8293877,5.9646473,6.972711,6.95023,5.031851,6.1897836,7.0350976,6.2503033,6.244973,5.478826,7.474177,6.8950863,6.6239643,5.7353387,4.32975,5.163517,7.8515916,8.480449,5.275489,3.7661147,3.6907134,4.8668714,4.676446,4.668447,4.336794,6.151284,5.221587,5.0693693,7.115647,6.9876056,7.244016,6.8007355,6.4835777,6.1957154,7.1737027,5.863128,7.9648495,4.7857604,8.016927,7.954805,6.6668363,5.838014,6.9926314,7.467639,8.410434,7.873526,7.70213,8.245776,8.390442,7.5517917,7.397326,6.753883,6.2741966,7.944207,7.4342756,8.043015,6.9853144,7.135171,9.213404,8.550139,8.87122,8.724151,5.684385,5.803671,4.8527455,5.733904,7.0266643,5.838561,6.551245,6.5394917,7.388939,7.271212,7.232341,7.5667295,8.381597,7.850854,6.762644,7.157402
