,0,1,2,3,4,5,6,7,8,9,10,11,12,13,14,15,16,17,18,19,20,21,22,23,24,25,26,27,28,29,30,31,32,33,34,35,36,37,38,39,40,41,42,43,44,45,46,47,48,49,50,51,52,53,54,55,56,57,58,59,60,61,62,63,64,65,66,67,68,69,70,71,72,73,74,75,76,77,78,79,80,81,82,83,84,85,86,87,88,89,90,91,92,93,94,95,96,97,98,99,100,101,102,103,104,105,106,107,108,109,110,111,112,113,114,115,116,117,118,119,120,121,122,123,124,125,126,127
0,0.0,3.9432657,4.122544,3.3904934,5.081314,5.8099027,4.8195887,5.6273565,5.188838,3.8887017,4.4950137,2.5857239,4.338083,2.7105346,2.4184935,2.9684505,5.4931574,5.252116,3.8664534,5.0170636,6.8826756,7.070609,6.2925525,5.7857685,5.504313,5.3073053,5.309516,4.8702188,5.3201404,3.8667512,5.321909,5.115479,6.6276865,6.2693005,4.489522,5.7628493,4.6250916,5.070762,5.4605002,5.3102064,7.416228,5.784212,5.8661175,6.2189064,7.163544,5.8121166,5.2516713,6.7111692,4.722073,4.7097883,3.8120117,3.7696297,5.7602673,4.1435256,4.8894277,5.4231143,5.635979,6.220285,5.2397604,6.320971,4.9733953,5.315046,4.19366,5.0121717,7.6103477,7.5934525,7.3911533,7.32552,6.817434,7.250296,7.96322,7.991142,8.231375,6.8275876,6.384759,7.3292174,7.249257,7.343786,7.4097257,7.094156,5.503552,5.1557636,4.759538,5.6572456,5.026977,5.0107813,6.01084,6.0149565,3.9923456,5.6454144,4.939266,5.7592406,5.682114,5.448873,5.0748734,3.366727,2.9320824,4.171567,6.4032273,6.660513,6.126181,5.157808,4.8852644,5.189387,6.0233297,5.3539066,5.085419,4.6360826,7.2366314,5.597901,5.5445557,6.173639,7.058866,5.1730556,5.320764,4.9805646,5.59615,7.86354,7.7365327,7.8987093,5.7816553,5.1948104,4.5800524,4.173649,3.0825949,2.9585168,5.511196,5.302579
1,3.9432657,0.0,4.264372,4.312092,5.3994083,4.696354,3.0113227,4.27693,3.017822,2.5284247,3.5171194,3.6517417,3.079694,2.5170643,3.0652404,2.7745998,4.236124,3.8254955,4.5772443,5.085097,5.507317,5.690039,5.636487,5.8232007,4.0426807,4.0827613,3.7798023,3.2508206,3.885045,4.553899,4.307871,3.6676755,5.3486304,3.696185,4.4065895,4.635018,3.4361827,3.7339497,4.657725,4.632505,6.255752,5.6070867,4.155523,4.32313,5.61299,4.4921837,3.7422779,5.1079307,4.0320864,4.4084487,3.0147538,3.4218888,3.6519563,3.2638912,3.3655324,4.490673,4.2689133,5.341135,4.05865,4.47113,4.0547767,3.6575592,3.2479196,3.3981435,6.8510385,6.960715,6.346916,6.595434,7.5325294,6.755296,7.2902236,7.286751,7.535996,7.4405136,5.516932,6.306228,6.3827057,6.462798,7.011488,7.635281,4.7233562,5.6565175,4.5225167,5.0341887,3.842815,4.041195,4.5503135,4.5309095,2.9465916,5.1713095,4.422655,4.2252727,5.4936957,4.8225684,4.2537866,4.2067456,3.794277,4.01521,6.8470645,6.5198197,5.8520956,5.8248787,5.656154,5.923728,5.961433,5.260254,5.360755,4.4036336,6.8891273,5.6871333,5.716704,6.1016355,6.1331024,5.028508,4.893865,4.223363,5.6639085,7.5677085,7.5295253,6.8432827,5.8067765,5.6780543,4.711206,3.3557541,3.2396965,3.111232,5.3913336,5.1750126
2,4.122544,4.264372,0.0,3.6366947,6.373192,5.9999557,2.4954188,3.8546228,4.544287,3.9996648,5.2140827,3.4181674,4.794877,3.6850376,4.381175,3.6414676,5.5578914,5.040873,4.1369686,5.0766144,6.267668,6.4296117,7.0097876,5.627039,4.605031,4.771276,4.369058,4.0298448,4.5582976,3.958431,4.8106914,4.451177,7.365035,6.115041,5.6007094,5.3400607,5.8202567,5.1944046,5.93598,5.8333926,6.869649,7.0357976,6.1671653,6.1562066,5.4990163,5.552569,5.5708904,5.16764,5.922114,6.0419965,5.0493345,4.763229,5.1496267,5.2018304,5.3308463,5.687748,5.8420987,6.4273543,5.396502,6.606363,4.852983,6.178773,4.698042,3.7767162,7.9108725,8.034324,7.7607627,7.6282225,7.7245884,7.709047,8.441415,8.272147,8.656889,7.549045,6.794133,7.7019157,7.6394424,7.6378064,7.9383693,7.589281,6.3827424,5.287105,5.9149985,5.9961824,4.1190195,5.480898,5.7578087,5.734525,4.6523886,6.271037,6.0777035,5.724562,6.3009872,5.9722958,5.6468253,4.1096563,5.109727,5.3236666,7.3331227,6.6875896,7.2277513,6.8067064,6.5980654,6.86845,6.5493345,5.941468,6.3037424,4.005899,8.033934,6.570766,6.321163,6.543341,6.6594863,5.2166405,6.048174,5.643994,6.4065714,8.499656,8.611334,7.8410034,5.9910693,6.3200006,5.468614,4.355179,3.0085406,3.046004,6.002433,5.7446923
3,3.3904934,4.312092,3.6366947,0.0,3.6974669,5.9645557,4.131109,5.093678,5.014014,3.9442823,4.971658,3.1700232,4.854372,3.568949,3.9870675,3.5945895,5.157671,5.7606816,3.0797307,5.4216785,6.8739233,7.0429316,6.9927006,6.070549,5.6270456,5.5303917,5.320356,4.9292693,5.541538,4.661182,5.603034,5.381311,7.6199346,6.1978674,5.3453317,4.2918215,5.311066,3.7742968,4.3876343,4.3443804,6.523588,5.704839,4.7648335,4.789965,5.3865123,4.7068872,5.930833,5.2544007,5.7154965,5.764427,4.7598276,4.865026,4.3503594,5.318204,5.6254735,5.047601,4.1952376,5.334866,5.30779,5.031836,5.3602576,5.9693456,4.936029,4.8700194,6.2791877,6.5574,6.1053996,6.1575837,5.901468,6.225563,7.065603,6.882881,7.2778983,5.7646003,4.768214,6.0749307,5.99274,6.0585637,6.317478,5.8821073,6.271278,5.629328,5.7809153,6.4194136,3.7611694,5.4736876,6.1393223,6.105902,5.0404925,6.658796,6.052407,6.2505875,6.7490387,6.4543266,6.0850053,4.6555934,5.1066065,5.3809667,7.2154155,7.086858,7.1668344,5.7583303,6.299512,6.493955,6.824176,6.225623,5.1671,4.887374,8.279647,6.590055,6.88268,7.2383294,6.3156314,5.6975894,5.096514,5.9058013,6.412819,8.579973,7.732758,8.162013,5.3751497,6.315281,5.473982,2.971793,3.7269626,3.6721437,6.2727857,6.0578547
4,5.081314,5.3994083,6.373192,3.6974669,0.0,6.356891,5.892757,6.6964703,6.097973,5.5679383,5.3516865,5.362664,5.4062543,4.8770347,4.8509793,5.1567125,6.0722837,7.152933,5.4589877,7.1980667,7.617392,7.52283,7.203069,7.393753,7.0739408,6.734323,6.3113546,6.191578,6.9892993,6.382388,6.924376,6.648335,7.7225356,6.2123694,5.2992597,3.857169,5.07942,3.15162,2.8781629,3.2735872,6.357677,5.0803494,4.10827,4.0614986,5.3802667,4.1351447,6.501326,5.972528,5.882162,6.011141,4.9518423,5.0350895,4.7689695,5.817315,6.0434594,5.048723,4.0919414,4.769207,6.2200613,4.858627,5.6765714,5.764547,4.924301,5.6574006,5.879725,5.9687037,5.2528234,5.9070153,6.407207,6.031921,6.5929003,6.226223,6.370836,5.65078,4.189657,5.45463,5.3619976,5.59847,5.323487,5.720035,6.848452,7.2296023,6.07973,6.592703,4.361988,5.347525,6.7770243,6.768666,5.5479507,7.2920904,6.5600176,6.7937136,7.4486513,6.995809,6.5488467,6.4171796,5.593593,5.625749,7.7026224,8.159095,7.059602,5.6228876,6.4967127,6.686519,7.356336,6.811825,5.0042205,6.174002,8.160999,6.6884794,7.2499156,7.3183947,6.41071,6.928326,5.1666174,7.092521,6.8671446,8.45095,7.08765,8.123711,5.8708916,6.9814878,5.7569056,3.4512637,5.4156837,5.368187,6.3733535,6.3655972
5,5.8099027,4.696354,5.9999557,5.9645557,6.356891,0.0,5.0842266,6.1630325,5.073891,4.6896577,5.1059904,5.1266546,5.49818,4.466536,4.6789393,4.613698,6.8216834,6.565553,6.3048453,4.5830693,4.794333,4.9467697,4.877293,4.944417,5.9755545,5.6606736,5.191336,5.1276493,6.3222446,5.8742857,5.8650265,5.6021714,6.9376144,5.382827,5.99124,5.702887,5.069201,5.317887,5.6624203,5.7772098,7.7248673,7.04508,5.8843513,6.06983,6.5368853,6.0104237,5.740929,6.6360164,5.909981,5.977943,4.8486753,5.0190015,5.7766004,5.7094393,5.8363476,6.3581843,6.3968925,6.4853535,6.1283054,6.572937,5.734283,5.7861247,5.734475,5.5812364,6.033232,6.2388906,5.9799714,8.35987,8.766542,8.21942,6.7255106,8.474781,6.857995,8.5622635,7.197747,8.015078,8.134652,8.193558,6.567845,6.9434476,6.9905577,7.3405743,6.348376,6.9137273,5.718873,5.8390036,3.7836401,3.7909973,5.3137665,7.129243,6.721991,6.6257358,7.3124022,6.832247,6.4115844,6.238442,5.2476845,5.791671,7.7355514,7.783333,7.7034197,7.1224217,6.9486895,7.1720924,7.1299205,6.558805,6.899965,5.516374,5.0142655,6.524723,7.0264897,7.1924496,7.436681,6.799619,6.8078446,6.4458528,6.9954705,5.2092886,5.0374756,3.6860585,7.2577376,7.0273137,5.8551145,5.503084,4.7012806,4.7494864,6.776801,6.7909007
6,4.8195887,3.0113227,2.4954188,4.131109,5.892757,5.0842266,0.0,2.7708962,3.6043627,3.1129916,4.675831,4.069539,4.253664,3.1288643,4.0720625,3.1236956,4.580009,4.1850557,4.4158835,5.0941834,5.524617,5.583308,6.4894824,5.823726,3.5011373,3.6967459,3.2005892,2.948338,3.4991465,4.2214046,3.769324,3.2089312,6.0407877,4.3306127,5.054776,4.3718147,4.646049,3.9840238,4.9078417,4.8265057,5.7503524,6.1460514,4.706635,4.6898875,4.3840494,4.196662,4.4861865,3.756266,5.2359133,5.5061975,4.1741195,3.8800516,4.037946,4.328993,4.6983037,5.069382,4.949443,5.5025873,4.83744,5.3018556,4.040913,4.9556937,3.9715486,3.0789285,7.237376,7.3254585,6.9248624,7.0265613,7.901457,7.144044,7.7371893,7.762114,7.863442,7.730156,6.1296782,6.953113,6.9220333,6.9520793,7.231524,7.627528,5.76834,5.698309,5.4525557,5.677654,3.4782267,5.1032557,5.064867,5.0418158,3.7598438,5.6739,5.4420996,5.0115156,5.879858,5.4061227,4.954136,4.743593,4.929112,5.077686,7.3958097,6.61381,6.8131056,6.419686,6.3541512,6.6104264,6.442876,5.8085976,5.9037676,3.8282964,7.531273,6.3494325,6.147161,6.4693475,6.3205495,4.8896627,5.426606,5.188947,6.174027,7.9408584,7.981713,7.1363883,5.5662937,6.0637245,5.277552,3.5761836,2.8170602,2.8649132,5.8373866,5.621206
7,5.6273565,4.27693,3.8546228,5.093678,6.6964703,6.1630325,2.7708962,0.0,5.2600965,4.9048862,5.5080476,4.993691,5.1551404,4.3012185,5.5954595,4.185913,4.1603265,3.8737473,3.895677,4.620026,5.1698074,4.917222,6.2379723,5.4657145,2.5039682,3.2069402,4.0331855,3.8943818,2.5669928,3.5381267,2.889358,2.8467662,5.602078,5.8352995,4.6400604,5.6454997,6.050989,5.3236184,6.0529976,5.4205704,5.246451,5.752248,5.900361,5.867152,5.694794,5.5154634,4.082477,3.2852733,5.7673206,6.0732574,4.9283805,4.641431,4.74625,5.0358534,4.9871016,4.9991612,6.058633,6.5248027,5.4191017,5.7861285,5.5677457,6.3193107,5.5434356,4.736618,6.969329,7.4981613,7.180186,6.7378163,8.168582,7.134084,8.012511,8.647166,8.160611,8.027615,6.5080204,7.269823,7.2520237,7.3303647,7.521021,7.918358,6.034956,6.123407,6.4469743,6.1270485,4.5146565,6.277301,5.5248303,5.523668,4.859552,5.56306,6.0855346,5.6591644,5.8840427,5.8878345,5.500486,5.7175016,5.746049,5.6355076,8.231918,6.8591495,7.4830728,5.77198,5.875548,6.1671543,6.879926,6.3499994,6.2169695,4.5928884,8.477538,7.497518,6.5344524,7.3397903,7.392769,5.348432,5.800771,6.122862,5.8211083,7.91226,8.650576,7.780624,5.9488087,6.004669,6.1007204,4.3183966,3.992053,3.9557898,6.6458216,5.90425
8,5.188838,3.017822,4.544287,5.014014,6.097973,5.073891,3.6043627,5.2600965,0.0,3.2437491,3.093075,4.341694,3.282238,3.3613136,4.15871,3.5159917,6.5289044,6.1028905,6.2000103,6.5557904,5.6135736,5.8065186,6.011066,6.1637807,5.186208,4.8953757,4.006204,3.5976777,5.1915097,5.5613523,5.252878,4.917659,6.8612866,3.7026668,5.5117435,4.7816463,3.5790865,4.317811,4.9217424,5.020315,6.994297,6.869435,5.3369217,5.066052,4.7445674,5.5644355,4.736041,5.6787953,5.0216026,5.1297736,3.867039,4.657013,3.5995197,5.285763,3.7460773,4.562195,4.9743547,5.4983826,4.412482,5.0099173,4.6061916,4.546492,4.1766653,3.2619452,7.1615686,7.074978,6.76139,7.15594,8.438812,6.960511,7.393752,7.0450096,7.5370584,7.5166755,5.8050737,6.459059,6.5114117,6.554953,7.0479207,7.63787,5.9309154,6.41878,5.776754,5.2669153,3.736791,4.181065,4.781382,4.766867,4.0748215,6.547924,5.8489356,4.2108197,6.560869,5.988509,5.6060038,5.4758186,4.681552,4.2701964,7.07747,7.148298,7.254178,6.972081,6.6262574,6.798092,5.725681,4.9771852,6.4257107,3.4950168,7.280377,6.0620112,6.545929,5.9403214,5.8763843,5.4979653,5.9847517,5.0940385,5.7321715,8.4097805,8.283542,6.565007,6.5929804,6.365929,4.3263307,4.5116186,3.6059806,3.5013204,5.3060236,5.4073253
9,3.8887017,2.5284247,3.9996648,3.9442823,5.5679383,4.6896577,3.1129916,4.9048862,3.2437491,0.0,4.452434,3.4746182,4.628292,2.5499773,2.7135925,2.4492784,5.7120986,5.3672533,4.9327884,5.569392,6.660423,6.795166,7.058197,6.765797,4.5338454,4.167308,3.537311,2.8121088,4.3357115,4.7304587,4.362313,3.9474099,6.4124727,4.148743,5.606195,5.002794,3.692544,4.2614007,4.826782,5.092417,6.8406763,6.053565,4.307568,4.7522893,5.628666,4.54341,4.7530875,5.5204935,4.8158712,4.830016,3.5392637,3.572757,4.6336427,3.78153,4.838195,5.590018,4.884002,5.3510103,5.197301,4.9233127,4.204629,4.3095856,4.102788,4.385775,7.7235713,7.6298723,7.3602133,7.717482,7.575369,7.5511365,7.95736,7.647404,8.06872,7.837917,6.450392,7.053566,7.13158,7.1732783,7.6402154,7.9482846,5.3818045,5.651944,4.7916737,6.141048,4.8135557,5.126988,5.6707764,5.6533275,3.7085416,5.926796,5.1729956,5.437384,6.2253857,5.526512,5.098767,4.803324,4.466515,5.440258,6.750189,6.7962594,6.886141,6.5441027,6.36078,6.493981,6.556636,5.924273,6.0130644,4.506127,7.0865545,5.7886715,6.3028827,6.788364,6.5148077,5.102306,5.51792,4.8929033,6.475537,8.175968,7.756363,7.3589916,5.976776,6.0785713,5.3052273,4.1164994,3.0805902,3.035496,6.0901895,6.1232724
10,4.4950137,3.5171194,5.2140827,4.971658,5.3516865,5.1059904,4.675831,5.5080476,3.093075,4.452434,0.0,3.4544852,2.40397,3.1863058,3.9048347,3.411605,6.121994,5.8475966,5.791552,6.3185267,5.32589,5.4445,4.8847823,5.5052547,5.3719854,5.113388,4.657455,4.655795,5.4412737,5.1315303,5.4063015,5.1921473,5.730367,4.2445116,4.2153654,4.712003,3.4504814,4.0526776,4.48967,4.2640696,6.935673,6.177639,5.5526195,5.3494315,5.6431975,5.8864846,4.272622,6.101892,4.505453,4.6486745,3.3925068,4.416863,4.0958643,5.4120684,3.727579,4.275236,4.864457,5.528766,4.133417,5.1350765,4.9738,4.883333,4.237897,4.086896,6.4894476,6.6033435,6.296348,6.5674686,8.160762,6.475016,6.974405,7.1251035,7.0673623,6.871051,5.5491834,6.390778,6.8879485,7.001418,6.648229,7.333105,6.3953414,6.9077196,5.6402855,4.909396,3.807172,3.2870655,4.6978793,4.707215,3.905859,6.2718835,6.3719416,5.271688,6.1638045,5.877706,5.4366603,5.266803,3.4863822,2.8654716,6.6184077,6.863367,6.489821,5.6333256,5.2912955,5.5053787,5.10207,4.2778354,5.4268675,3.5245557,6.4956613,5.15533,5.84155,5.3893967,5.6137347,6.026155,5.56477,5.1050906,4.7436676,7.7146907,7.719156,6.352396,6.381465,5.7216997,3.2737687,4.306435,3.6414118,3.5190148,4.8060904,4.728772
11,2.5857239,3.6517417,3.4181674,3.1700232,5.362664,5.1266546,4.069539,4.993691,4.341694,3.4746182,3.4544852,0.0,4.075655,2.8660367,3.22877,2.8264203,5.6896644,5.3808384,3.8865287,4.8080435,6.230198,6.421283,6.130299,5.3241415,5.0410914,4.913524,4.7200956,4.308873,4.9924154,3.8766077,5.0230074,4.819923,6.600056,5.8251734,4.967259,5.4077134,4.8948812,4.7859454,5.307699,5.165717,7.208393,6.241844,5.731207,5.916051,6.3956337,5.780653,5.0455956,6.134533,4.996237,4.956719,4.049252,4.2989664,4.9933186,4.777133,4.8550653,5.2702084,5.26311,6.0023994,4.9142623,5.85962,5.0420885,5.7162676,4.706604,4.718386,7.1312776,7.2124643,7.050973,7.179982,7.094156,7.134152,7.6179338,7.873297,7.855367,6.7571535,6.2838078,7.139963,7.5624166,7.6169457,7.499428,7.188357,6.2897706,5.670071,5.2552013,5.769629,4.489735,4.5302796,5.387632,5.3752685,4.1846333,6.060315,6.244237,6.2520347,6.0203376,5.7786207,5.4388366,3.827764,3.869692,4.5065117,6.571749,6.599036,6.6522627,5.701402,5.499472,5.694324,6.038359,5.336084,5.440126,4.197739,6.8968725,5.4774914,6.0132885,6.3775725,6.203118,5.612843,5.4775167,5.0685434,5.6559467,7.7597103,7.632409,7.273451,5.888873,5.637839,4.646195,4.112784,2.9848058,2.8540516,5.6438875,5.4226484
12,4.338083,3.079694,4.794877,4.854372,5.4062543,5.49818,4.253664,5.1551404,3.282238,4.628292,2.40397,4.075655,0.0,3.2358024,3.9017594,3.4639256,4.9727535,4.6700306,5.4504695,6.0390835,5.0814276,5.285893,4.606872,5.1279325,5.251554,5.3690457,4.9874825,4.8834515,5.3464856,5.1914577,5.5668483,5.093727,5.999946,4.3300657,3.8419998,4.5863585,3.6123374,3.7821343,4.7056494,4.4136643,6.646723,6.1691203,5.491763,5.168852,5.652877,5.623984,4.3002143,5.8893027,4.2826066,4.7366066,3.4999044,4.396327,3.8691094,5.0266147,3.20252,4.169866,4.6233,5.629097,3.5499818,5.525931,4.647279,4.453369,3.4983118,2.9934318,6.5631003,6.5489917,5.945225,6.0207267,7.9195743,6.29193,6.9045334,6.909487,7.006048,6.5988092,5.1472006,6.0509205,6.109629,6.2189345,6.0101676,6.74604,5.533973,5.9858637,5.2660403,4.241566,3.2443979,3.2254884,4.222738,4.2264967,3.335261,5.844919,5.0835896,3.900174,5.686362,5.3795967,4.9249372,4.537878,3.3979328,1.8325021,6.515727,6.4590445,5.3286076,5.583877,5.257177,5.455589,4.887975,4.0870104,4.8944354,3.305225,6.917136,5.551557,5.3560963,4.834063,5.6539583,5.116529,5.028508,4.4832845,4.6618896,7.5272484,7.538151,6.2987943,5.7871246,5.540419,3.0067575,3.7355897,3.4793591,3.3682172,4.0513,3.8789911
13,2.7105346,2.5170643,3.6850376,3.568949,4.8770347,4.466536,3.1288643,4.3012185,3.3613136,2.5499773,3.1863058,2.8660367,3.2358024,0.0,1.6587573,1.0112808,4.7972317,4.4487677,4.0752106,4.8520327,5.423687,5.6325307,5.3621225,5.3229604,4.0345507,3.7074637,3.5110488,3.3681183,4.0103755,3.614474,3.8052266,3.5801103,5.0937343,3.9344032,3.6850765,4.1876297,2.6708126,3.5149095,4.0961595,3.891921,6.2300215,5.1106086,4.4774356,4.697674,5.3718686,4.5195704,3.7621665,5.0231504,3.9363165,4.0390677,2.3636646,2.6383061,4.314901,3.6924636,4.08134,4.533206,4.56107,5.0023327,4.110524,4.824062,3.8220148,3.9205227,3.2597928,3.7155974,6.713325,6.7480702,6.5047836,6.6817374,7.120779,6.5044894,7.0921273,7.145944,7.271179,6.9746847,5.5933604,6.5775027,6.5451174,6.6233068,6.4547696,6.937428,5.085022,5.457119,4.5153875,5.101368,3.7501578,4.418427,4.82213,4.823244,2.7860801,5.105179,4.5483656,4.721841,5.201904,4.8869834,4.365634,3.9515805,2.394414,3.4381042,6.0337825,5.971674,6.126715,4.9538326,4.7007685,5.0027437,5.1485357,4.40571,4.793692,3.0420477,6.3732934,4.9375806,5.0060706,5.5024357,6.1546655,4.467668,4.7908263,4.2272854,4.9291654,7.319475,7.2331614,6.7386236,5.261795,4.7546268,3.5523121,3.2551355,1.386058,1.3635557,5.0457606,4.9017997
14,2.4184935,3.0652404,4.381175,3.9870675,4.8509793,4.6789393,4.0720625,5.5954595,4.15871,2.7135925,3.9048347,3.22877,3.9017594,1.6587573,0.0,2.062342,5.489805,5.152629,4.921633,5.5562787,6.570625,6.790357,6.200343,6.281396,5.227986,4.831368,4.3381066,4.129043,5.0987086,4.570127,4.9717155,4.596068,5.715774,4.3926907,4.482897,4.7187424,2.7667956,3.9099028,4.3347287,4.527253,7.0478706,5.6157527,4.6238847,5.080349,6.155167,4.6028137,4.769923,6.1866665,4.2015076,4.2566595,2.842276,2.7254477,5.310935,3.554655,4.806538,5.477789,4.9916806,5.3058324,5.0115247,5.5858564,3.836467,3.829689,3.0821178,4.3166523,7.5462217,7.3936176,7.125317,7.520731,7.294383,7.2747345,7.6764445,7.4482436,7.7989864,7.399821,6.313847,7.1628213,7.148818,7.2336006,7.0450826,7.42327,5.3555,5.7115803,4.2282047,5.5339475,4.6599417,4.564525,5.585435,5.5881844,2.975675,5.5015354,4.5389113,5.363317,5.6396856,5.0775642,4.5500803,3.9529066,2.323658,4.0018253,5.891754,6.374354,5.852036,5.537351,5.2030015,5.4533954,5.677769,4.999941,5.00786,4.1681895,6.1272054,4.6270256,5.101245,5.6283627,6.4683404,5.0322695,5.1320176,4.462125,5.8077416,7.5329523,7.0934987,7.084114,5.687012,5.303015,4.071749,3.9280028,2.4866831,2.5056279,5.2542377,5.3922973
15,2.9684505,2.7745998,3.6414676,3.5945895,5.1567125,4.613698,3.1236956,4.185913,3.5159917,2.4492784,3.411605,2.8264203,3.4639256,1.0112808,2.062342,0.0,4.866585,4.448358,4.099989,4.9158096,5.568487,5.748769,5.7035346,5.5133605,3.8778512,3.6079867,3.4777539,3.378159,3.8463218,3.6086833,3.6429377,3.4560297,5.184458,4.0744634,3.946972,4.3768334,3.101911,3.7008224,4.321962,4.111727,6.2594724,5.246451,4.630576,4.892871,5.5603366,4.7028875,3.7782683,5.013426,4.1295867,4.2356634,2.629134,2.8945134,4.5363145,3.9521263,4.430767,4.897178,4.7275767,5.143639,4.407445,4.9485188,4.1155457,4.2924924,3.803232,4.1292744,6.8522897,7.0498414,6.774719,6.8709626,7.293126,6.764928,7.375261,7.43558,7.4408007,7.141429,5.8978224,6.7286425,6.815682,6.881532,6.596651,7.0821705,5.1655617,5.3474836,4.7039423,5.4015765,4.141427,4.801393,5.0208306,5.02083,2.9743636,5.242056,4.730058,5.015777,5.4184213,5.098126,4.588599,4.207699,2.8661604,3.8556464,6.0511847,5.9312944,6.196996,5.1144724,4.8623004,5.0131884,5.3334002,4.6467447,4.844977,2.954697,6.5913587,5.173342,5.142994,5.772269,6.292645,4.458449,4.8478556,4.292656,5.0844665,7.4346895,7.306408,6.7990575,5.28061,4.944975,3.7219524,3.4501328,1.563668,1.6196102,5.2192397,5.0134463
16,5.4931574,4.236124,5.5578914,5.157671,6.0722837,6.8216834,4.580009,4.1603265,6.5289044,5.7120986,6.121994,5.6896644,4.9727535,4.7972317,5.489805,4.866585,0.0,2.0698435,3.6857367,5.1742506,6.135816,6.3087883,6.370552,6.2255254,4.556109,5.3142266,5.9329085,5.8785725,4.6181493,5.263266,5.123614,4.597816,5.3600745,5.964676,4.6170416,5.421978,5.950888,4.6987963,5.842164,5.208774,5.748942,5.365084,5.0720167,5.12138,6.808966,5.136107,4.9920483,4.74046,5.5851893,6.186455,5.2218266,5.24096,5.1010985,4.938378,5.737217,5.7923136,4.9758873,6.4560757,5.0068393,5.6059594,5.8723392,5.7336564,5.2806754,5.337671,6.8841333,7.205298,6.3192487,5.747199,7.35915,6.630465,7.5522623,8.165978,7.784369,7.5417533,5.633458,6.7338214,6.596959,6.6749024,6.747953,7.505226,5.7767134,6.3561788,5.9967284,6.4419436,4.931271,6.3735657,5.935656,5.90881,4.844052,5.553781,5.228832,6.0006733,5.7969465,5.8059874,5.322661,5.2847815,5.6248856,5.5014153,8.2357235,6.945449,6.0357356,5.4785576,6.0272603,6.304856,7.296169,6.79767,5.169513,6.0691824,8.6796875,7.5462093,6.5203123,7.5855203,7.497738,5.6708817,4.9925494,5.598667,6.550096,8.014935,8.05752,8.513175,5.403368,6.1424646,6.3138833,3.7220607,4.989766,4.9601793,6.852818,6.170888
17,5.252116,3.8254955,5.040873,5.7606816,7.152933,6.565553,4.1850557,3.8737473,6.1028905,5.3672533,5.8475966,5.3808384,4.6700306,4.4487677,5.152629,4.448358,2.0698435,0.0,4.2110825,4.7784495,5.6616554,5.9206605,6.110103,5.9004292,3.804741,4.68034,5.335258,5.3064013,3.8617766,4.66923,4.487924,3.8828747,4.7242775,5.7290382,4.454386,5.964247,5.802343,5.4414597,6.455171,5.867612,6.2512436,5.9677124,5.740437,5.8855877,7.179243,5.710522,4.3128853,5.1612825,5.1984043,5.806559,4.844834,4.827022,5.513268,4.4521627,5.2496624,6.0113344,5.6938453,6.8795033,4.7471046,6.224984,5.5031657,5.4445524,4.9774175,4.979547,7.769468,8.041342,7.2518764,6.723758,8.132266,7.4831367,8.286575,8.806656,8.4773445,8.306348,6.675297,7.5470495,7.504901,7.54453,7.616494,8.296682,5.4152966,5.9439187,5.6536694,6.0141864,5.341348,6.1289845,5.4877944,5.470089,4.207677,4.990549,4.780187,5.4924245,5.2445707,5.219718,4.714473,4.608121,5.0465994,5.123605,7.939649,6.565864,5.8742137,5.890309,5.833161,6.1216474,6.8768563,6.35331,5.6648703,5.557359,8.1990595,7.2060776,5.855955,6.991304,7.6267147,5.2397943,5.3671184,4.9915795,6.2890563,7.755607,8.366285,8.174791,5.7607036,5.780468,5.883685,4.384856,4.48627,4.473906,6.571336,5.810114
18,3.8664534,4.5772443,4.1369686,3.0797307,5.4589877,6.3048453,4.4158835,3.895677,6.2000103,4.9327884,5.791552,3.8865287,5.4504695,4.0752106,4.921633,4.099989,3.6857367,4.2110825,0.0,3.6637456,6.0741963,6.1993165,6.3459063,5.1505556,4.336785,4.683217,5.4543023,5.12417,4.374736,3.426078,4.4768515,4.432734,6.597505,6.9194264,4.702037,5.595999,6.252479,5.1992784,5.859895,5.2177095,6.1584845,5.2294145,5.6311483,5.7825146,6.709439,5.672366,5.1636534,4.873587,5.7086205,5.8746414,5.0422177,5.0740485,5.0553994,5.1235423,5.6589046,5.334082,5.258544,6.383317,5.1390595,5.588968,6.05458,6.5290036,5.7746935,5.6297894,6.387352,6.8196406,6.444029,6.0364547,6.132973,6.4976096,7.3400164,8.036449,7.70236,6.5796957,5.573934,6.8235316,6.6989727,6.7552695,6.8644333,6.5119796,5.959537,5.472473,6.0342994,6.598164,4.834724,6.390505,5.9028544,5.8796124,5.328251,5.846421,5.937466,6.48153,5.985078,6.141405,5.8150854,4.639206,5.383016,5.719605,7.7628174,6.7290325,7.239587,5.0312324,5.5886617,5.919994,7.0254016,6.498577,5.4106092,5.415639,8.518453,7.310044,6.665827,7.716122,7.3561463,5.449347,5.2458572,5.9763737,6.0467806,7.908684,8.000667,8.416793,5.349602,5.6820693,6.116747,3.6426046,4.0660553,3.976049,6.921379,6.1865177
19,5.0170636,5.085097,5.0766144,5.4216785,7.1980667,4.5830693,5.0941834,4.620026,6.5557904,5.569392,6.3185267,4.8080435,6.0390835,4.8520327,5.5562787,4.9158096,5.1742506,4.7784495,3.6637456,0.0,4.470299,4.6510296,4.8997455,3.3868105,4.610787,4.9064794,5.685299,5.359048,4.962118,3.7533426,4.758705,4.7290573,6.804377,7.435938,5.241592,6.846682,6.9034195,6.6601844,7.1186705,6.567871,7.24369,6.4887924,6.921562,7.1331306,7.7529783,6.8859005,5.2716866,6.0600743,6.0652,6.2109714,5.4363065,5.384281,6.112692,5.3697557,5.6967316,6.089523,6.945073,7.5393147,5.784284,7.09079,6.56423,6.958319,6.474646,6.1069036,6.3875556,6.9113936,6.5188823,7.589183,7.7197084,8.01599,7.4317822,9.240047,7.782038,8.124388,7.194838,8.194397,8.065818,8.105188,7.2128224,6.7564487,6.2693624,5.9286413,6.521899,6.8532043,6.084638,6.8183208,4.2719765,4.2704024,5.696694,6.136787,6.147238,6.5567145,6.304164,6.4165125,6.11332,5.025805,5.657884,6.0885468,8.254002,7.230165,7.8090982,6.2056103,6.158772,6.5193486,7.373118,6.876846,6.7785425,5.915168,7.2047987,7.749768,6.7896323,7.7974267,8.279866,6.027425,6.4876776,6.4584055,6.530849,5.692099,6.8061495,6.377211,6.674147,6.1727943,6.5273104,5.2727494,4.718339,4.6603613,7.373959,6.585934
20,6.8826756,5.507317,6.267668,6.8739233,7.617392,4.794333,5.524617,5.1698074,5.6135736,6.660423,5.32589,6.230198,5.0814276,5.423687,6.570625,5.568487,6.135816,5.6616554,6.0741963,4.470299,0.0,1.4518031,2.9563801,3.0777917,4.965188,5.1060734,5.504589,5.726791,5.5664787,5.135654,5.2597623,5.268594,6.267823,6.380072,4.608192,5.871351,6.359417,6.307481,6.443596,5.677615,6.75153,6.7977495,6.971958,6.611907,6.341025,7.0574965,4.527793,5.531873,5.8961616,6.187549,5.174478,5.857529,4.927029,6.5640306,4.8093743,4.957584,6.5091276,7.002923,4.6075945,6.435415,6.5142527,6.503908,6.3258705,5.2985134,5.5093136,6.171911,5.218718,6.6297545,8.949588,7.311995,6.5825357,8.35257,6.4867034,7.9542546,6.237379,7.2991605,7.203006,7.242818,5.7259917,6.3633504,6.6988044,7.1478047,7.2417336,5.9396324,5.29246,6.0565624,2.2237031,2.241783,5.606778,6.5994473,6.583449,5.314929,6.511604,6.6898537,6.318924,6.2436647,5.8748183,5.045859,8.612635,7.6376715,8.26844,6.7355537,6.537924,6.86634,6.52551,5.976232,7.1138253,4.9833574,7.1758356,7.9271774,6.764872,6.7300925,7.511338,6.355612,6.645229,6.7114654,5.7992682,5.779307,7.2405562,5.043606,7.0092173,6.3184743,5.170622,5.39491,5.225836,5.198199,6.8174124,5.885155
21,7.070609,5.690039,6.4296117,7.0429316,7.52283,4.9467697,5.583308,4.917222,5.8065186,6.795166,5.4445,6.421283,5.285893,5.6325307,6.790357,5.748769,6.3087883,5.9206605,6.1993165,4.6510296,1.4518031,0.0,3.3974912,3.5180514,4.6622095,4.7812033,5.187532,5.4459944,5.292684,4.932418,4.949605,4.959927,6.422508,6.411241,4.440987,6.0424256,6.4603014,6.4063344,6.462438,5.732082,6.586062,6.672413,7.021126,6.7003856,6.39626,7.1384053,4.2638416,5.5157814,5.943838,6.250298,5.1732135,5.827871,5.033135,6.643003,4.6055894,5.071269,6.6874967,7.076397,4.9203,6.556542,6.6199865,6.7236943,6.443316,5.381382,5.7921863,6.4219117,5.635969,6.927808,9.244759,7.6820016,7.0182867,8.628315,6.761681,8.172284,6.580128,7.5230317,7.432184,7.515573,6.052669,6.7222133,6.752234,7.217743,7.270555,6.000795,5.5660763,5.902337,2.7242415,2.7815218,5.857186,6.747185,6.9426794,5.5625834,6.750356,6.8427906,6.490427,6.827358,6.173717,5.3117,8.687117,7.7099323,8.188772,6.6561103,6.4107494,6.739086,6.7076964,6.1850047,7.2555346,5.0409694,7.2621746,7.9960976,6.828203,6.798538,7.6024117,6.4649773,6.830655,7.2509074,5.6503773,5.653854,7.316616,4.8645353,7.1255984,6.4852805,5.400446,5.585028,5.421206,5.3966293,6.6868424,5.7327023
22,6.2925525,5.636487,7.0097876,6.9927006,7.203069,4.877293,6.4894824,6.2379723,6.011066,7.058197,4.8847823,6.130299,4.606872,5.3621225,6.200343,5.7035346,6.370552,6.110103,6.3459063,4.8997455,2.9563801,3.3974912,0.0,2.7631083,6.339324,6.40364,6.7963905,6.8202853,6.756297,5.8667717,6.4571185,6.469877,6.4761095,6.8610487,4.602592,6.62535,6.0832176,6.3725343,6.7585917,6.0238595,7.6101165,6.9109974,7.612463,7.337179,7.575585,7.698193,5.399374,6.9569364,5.943068,6.204643,5.373549,6.0268273,5.840252,6.6946197,4.983864,5.018672,7.1320925,7.5210814,5.363983,7.192739,6.970383,6.673523,6.372491,5.882919,4.9761157,5.6047664,5.1591244,6.765224,8.815642,6.9582696,6.0339727,8.391532,6.4667354,7.753393,6.354119,7.415647,7.2840066,7.398643,5.6093087,6.1562524,6.9404597,7.6330833,7.3397245,5.898181,5.448449,6.0737734,3.2503898,3.293549,5.7519317,6.796835,6.542209,5.6021266,6.6389527,6.8942485,6.53391,6.2175684,4.991697,4.0034113,8.2311945,7.7770033,7.7119756,5.982366,5.7862344,6.175863,6.1138873,5.5472217,6.5913386,5.41599,6.599707,7.4709454,6.6788855,6.593675,7.9094253,6.851514,6.77077,6.4606013,5.3904257,5.4882536,6.6606245,4.8552437,7.470002,6.2748237,5.09242,5.816374,5.4869256,5.388309,6.42546,5.807681
23,5.7857685,5.8232007,5.627039,6.070549,7.393753,4.944417,5.823726,5.4657145,6.1637807,6.765797,5.5052547,5.3241415,5.1279325,5.3229604,6.281396,5.5133605,6.2255254,5.9004292,5.1505556,3.3868105,3.0777917,3.5180514,2.7631083,0.0,5.8920174,6.129799,6.5748878,6.4567933,6.378015,4.92862,6.0978975,6.1398764,7.4822073,7.6072555,5.164598,6.793991,6.9425974,6.7050776,7.2219987,6.50323,7.703699,7.3298116,7.93134,7.6873126,7.472468,7.8264914,5.8214035,6.647043,6.463009,6.632668,5.8804946,6.311022,5.9074106,6.862443,5.4224906,5.4568386,7.269127,7.8033113,5.446121,7.6301045,7.074814,7.447665,6.741976,5.7429385,5.360422,5.97106,5.687089,7.05357,8.39273,7.3552322,6.524106,8.813589,7.0077696,7.5101533,6.6907682,7.8471823,7.666437,7.7162085,6.13758,5.6861844,7.1396074,6.7735515,7.466672,6.313361,5.356484,6.4126735,3.3271425,3.3420396,6.1172357,6.9906316,6.9005594,6.0801506,6.768462,7.093854,6.8361063,5.603014,5.5685887,4.8591337,8.363541,7.580399,8.065917,6.3603005,6.2053494,6.57275,6.5469456,5.98884,6.852516,5.12283,7.19249,7.8664236,6.992677,7.0506015,7.9699492,6.4761586,6.926063,6.6734476,5.7388544,5.7122664,6.9079733,5.2583175,7.1609435,6.3752317,5.584141,5.681916,5.0155854,4.9367466,6.670728,5.947179
24,5.504313,4.0426807,4.605031,5.6270456,7.0739408,5.9755545,3.5011373,2.5039682,5.186208,4.5338454,5.3719854,5.0410914,5.251554,4.0345507,5.227986,3.8778512,4.556109,3.804741,4.336785,4.610787,4.965188,4.6622095,6.339324,5.8920174,0.0,1.293495,2.7118676,2.8680131,0.96154904,2.81093,1.1821394,0.9627894,4.7711096,5.146622,4.023591,5.603217,5.432039,5.634918,5.9110513,5.3159657,5.5383387,5.362136,5.4192486,5.60833,6.065251,5.613972,2.4609742,3.9932399,4.892524,5.1872506,3.9201462,4.124911,4.7964115,4.5636477,4.4484406,5.420936,5.653851,6.2221246,4.516605,5.268448,5.209393,5.521424,5.2652383,4.878314,7.8230596,8.099896,7.6141114,7.16497,8.368308,7.8006334,8.552372,8.690115,8.369,8.394498,6.8736486,7.5787272,7.6237926,7.6780357,7.83917,8.465249,5.3575954,5.7913766,5.652979,5.963359,5.504708,5.7847605,5.22369,5.2368145,4.4821353,5.1468425,5.7836003,5.5376515,5.499185,5.4012537,4.990711,5.7232275,5.441267,5.718022,7.7332473,6.4072957,7.254508,5.897208,5.593083,5.8806667,6.608408,6.0878034,6.4605074,4.498853,7.9776645,7.0350165,5.8737993,6.869184,7.2303333,4.917771,5.7654157,6.0227447,5.5705433,7.6402965,8.710224,7.675141,5.845619,5.452572,5.5350494,4.5765986,3.863501,3.8626683,6.560054,5.658044
25,5.3073053,4.0827613,4.771276,5.5303917,6.734323,5.6606736,3.6967459,3.2069402,4.8953757,4.167308,5.113388,4.913524,5.3690457,3.7074637,4.831368,3.6079867,5.3142266,4.68034,4.683217,4.9064794,5.1060734,4.7812033,6.40364,6.129799,1.293495,0.0,2.00451,2.2910457,1.4550765,2.6808066,0.8103165,1.1214027,4.7326694,4.8791523,3.9027643,5.318465,4.940839,5.5005255,5.424103,4.930915,5.596638,5.089462,5.1158514,5.3878675,5.7630386,5.3588986,2.2702715,4.1227994,4.657247,4.80168,3.3713944,3.5909402,4.7465153,4.3783646,4.337397,5.2119136,5.5445924,5.827578,4.6145186,4.9028144,4.9263954,5.1873207,5.0328135,4.932016,7.798908,8.043778,7.598804,7.3337507,8.270655,7.7971697,8.491773,8.423309,8.214721,8.322678,6.7983446,7.4994035,7.5455914,7.613574,7.748557,8.396396,5.3269615,5.921589,5.454155,5.9136195,5.536077,5.5980697,5.2893386,5.309488,4.340464,5.200568,5.7708683,5.532776,5.578348,5.3833747,4.9471374,5.8121653,5.1425776,5.6869392,7.4836993,6.5005174,7.5393467,5.8483176,5.489344,5.7932353,6.452174,5.9178133,6.513186,4.339057,7.6443925,6.681717,5.7478814,6.6758194,7.0867486,5.0067816,5.780529,6.1342397,5.508035,7.625563,8.60725,7.564804,5.9339895,5.3286448,5.2345085,4.568043,3.662721,3.6692495,6.5304914,5.720538
26,5.309516,3.7798023,4.369058,5.320356,6.3113546,5.191336,3.2005892,4.0331855,4.006204,3.537311,4.657455,4.7200956,4.9874825,3.5110488,4.3381066,3.4777539,5.9329085,5.335258,5.4543023,5.685299,5.504589,5.187532,6.7963905,6.5748878,2.7118676,2.00451,0.0,1.4014547,2.7989254,3.6387198,2.6278057,2.1121724,5.555025,3.8526216,4.4330115,4.542406,4.2086463,4.8365364,4.7248363,4.711972,5.9807897,5.736973,4.5533166,4.7817945,4.8576355,4.799464,3.0200584,4.553379,4.5887694,4.7369604,3.142991,3.50715,4.4226384,4.515171,4.2071643,5.4857078,4.9766426,5.2608685,4.512689,4.8591657,4.1188107,4.594586,4.2232847,3.9997802,8.117514,8.14036,7.6764755,7.75566,8.583441,8.104629,8.6054945,8.0714445,8.218819,8.3333645,6.829181,7.5132427,7.604085,7.6551557,7.7935805,8.483047,5.5759287,5.993346,5.0542355,5.7244267,5.1548448,4.5987463,5.196869,5.212641,4.124826,5.7553644,6.009293,5.4129972,6.076595,5.4591007,4.99753,5.853612,5.06613,5.5503826,7.1647887,6.6238813,7.1812997,6.5645895,6.0951257,6.364457,6.374259,5.780136,6.596873,3.9442475,7.1520643,6.0499825,5.774139,6.1111245,6.3823166,5.15745,5.905896,6.1410985,5.846124,7.7760897,8.345028,7.0330915,6.020051,5.8630595,4.840193,4.484906,3.4229214,3.5126488,5.928363,5.5010824
27,4.8702188,3.2508206,4.0298448,4.9292693,6.191578,5.1276493,2.948338,3.8943818,3.5976777,2.8121088,4.655795,4.308873,4.8834515,3.3681183,4.129043,3.378159,5.8785725,5.3064013,5.12417,5.359048,5.726791,5.4459944,6.8202853,6.4567933,2.8680131,2.2910457,1.4014547,0.0,2.7602198,3.530609,2.7995954,2.3020902,6.0537744,4.3104186,4.733157,5.001872,4.375371,4.9909573,5.0021286,5.022325,6.1051426,5.7683873,4.6465216,4.9108953,5.1170163,4.8473797,3.3066878,4.7157903,4.5676107,4.6592546,3.2051313,3.4062362,4.2094035,3.959933,3.7623036,5.1342425,5.09654,5.427329,4.6202807,4.883776,4.1356077,4.597685,4.147712,3.8665605,8.054788,7.987868,7.5793147,7.6696415,8.191513,7.9654145,8.474676,7.956832,8.23552,8.107083,6.6853476,7.279073,7.297961,7.3606014,7.884364,8.298804,5.186164,5.5319457,4.886234,5.58104,5.008492,4.5631323,5.1375155,5.1481843,3.9732795,5.631559,5.618727,5.041113,5.9521422,5.304647,4.9031777,5.4312425,5.077505,5.558539,7.1581316,6.6990204,7.170328,6.5566287,6.1273093,6.3844533,6.4639354,5.8559194,6.6036906,4.17487,7.322853,6.196595,5.9459653,6.323171,6.404973,4.9304614,5.78596,5.9019036,5.9013987,7.8408012,8.351343,7.1557736,6.014288,5.8433466,5.1317215,4.350569,3.3910959,3.3594222,5.9198227,5.511708
28,5.3201404,3.885045,4.5582976,5.541538,6.9892993,6.3222446,3.4991465,2.5669928,5.1915097,4.3357115,5.4412737,4.9924154,5.3464856,4.0103755,5.0987086,3.8463218,4.6181493,3.8617766,4.374736,4.962118,5.5664787,5.292684,6.756297,6.378015,0.96154904,1.4550765,2.7989254,2.7602198,0.0,2.8563645,1.3507259,1.1497544,4.74054,5.283139,4.131101,5.7329497,5.460301,5.681001,5.922529,5.407415,5.5005293,5.2530284,5.3562837,5.6293697,6.1979256,5.466669,2.5895875,4.0571275,4.836062,5.1117496,3.8871207,3.879496,4.915941,4.1607823,4.4086514,5.323816,5.723331,6.2237444,4.8869796,5.1898737,5.113887,5.4256954,5.1059365,4.9813,8.059513,8.400822,7.9038835,7.245851,8.275229,7.8148413,8.812753,8.714937,8.662374,8.447291,6.9220223,7.5267587,7.5944376,7.662014,8.179457,8.769726,5.13524,5.7259316,5.5127015,5.914622,5.551825,5.853214,5.7125072,5.722651,4.345266,4.9434857,5.54374,5.4647655,5.450714,5.238136,4.79036,5.588531,5.370854,5.785685,7.7426867,6.5220685,7.2446465,5.8592086,5.5729055,5.854064,6.717085,6.203126,6.424121,4.769214,8.233029,7.013774,5.868062,6.9638968,7.313682,5.01569,5.6763725,5.933389,5.7141147,8.064528,9.032525,8.179104,5.95771,5.525188,5.728133,4.56124,3.973613,3.9425566,6.638465,5.7552404
29,3.8667512,4.553899,3.958431,4.661182,6.382388,5.8742857,4.2214046,3.5381267,5.5613523,4.7304587,5.1315303,3.8766077,5.1914577,3.614474,4.570127,3.6086833,5.263266,4.66923,3.426078,3.7533426,5.135654,4.932418,5.8667717,4.92862,2.81093,2.6808066,3.6387198,3.530609,2.8563645,0.0,2.615292,2.8449543,5.670452,6.4203153,3.4166813,5.8029556,5.6844745,5.933974,5.8792324,5.2537403,6.147994,5.213766,6.097183,6.329208,6.5811253,6.03074,3.3570633,5.031862,4.7715425,4.8258305,3.7352505,3.7400355,5.284461,4.4514656,4.31506,4.973742,5.9965634,6.3730545,4.7245917,5.964725,5.2683167,5.9504747,5.1082497,5.0522866,7.5104203,7.821502,7.4382267,7.1211267,7.594881,7.623339,8.327038,8.638065,8.209844,7.478815,6.7029777,7.6,7.5446672,7.6241407,7.544761,7.4525504,5.3742046,5.072216,5.409103,5.591437,5.393043,5.487422,5.177819,5.2026677,4.470571,5.106883,5.591705,5.642123,5.285502,5.362066,5.011128,4.5985417,4.503179,5.075006,7.365503,6.5227203,7.2481284,5.1774096,4.770561,5.1726623,6.2793803,5.6935573,6.062212,4.2427454,7.717883,6.7229724,5.5085206,6.4357142,7.337804,4.8666596,5.6392756,6.077038,5.062977,7.222096,8.334048,7.6114283,5.710715,4.8332763,4.9061694,4.3891315,3.3169816,3.2569294,6.1678286,5.1715283
30,5.321909,4.307871,4.8106914,5.603034,6.924376,5.8650265,3.769324,2.889358,5.252878,4.362313,5.4063015,5.0230074,5.5668483,3.8052266,4.9717155,3.6429377,5.123614,4.487924,4.4768515,4.758705,5.2597623,4.949605,6.4571185,6.0978975,1.1821394,0.8103165,2.6278057,2.7995954,1.3507259,2.615292,0.0,1.1971236,4.643863,5.2269897,4.029079,5.6827273,5.210998,5.7111654,5.775785,5.18042,5.6110926,5.0834804,5.4542184,5.7486324,6.1352835,5.5970273,2.6048174,4.1281505,4.912074,5.055287,3.7222466,3.7558765,5.1284466,4.4887614,4.7291536,5.4187446,5.92372,6.139726,4.946457,5.259978,5.2165656,5.5253816,5.3678665,5.277351,7.8298793,8.107708,7.770009,7.3978477,8.340651,7.805975,8.551845,8.749929,8.35856,8.44529,7.0068917,7.6882215,7.7011485,7.771963,7.834618,8.448456,5.440577,5.953812,5.6940594,6.1613326,5.713131,6.0972586,5.564514,5.585551,4.49763,5.1566806,5.777986,5.7537146,5.5386386,5.4954095,5.0879974,5.8853283,5.2112093,5.820129,7.67793,6.583238,7.6114993,5.675013,5.3667245,5.6547966,6.616754,6.093651,6.4777946,4.4411087,7.8900337,6.957858,5.90465,6.9839654,7.5021996,4.9592743,5.851395,6.137744,5.532193,7.6672754,8.680282,7.7762437,5.919154,5.2585044,5.4939375,4.7233653,3.7003224,3.7056017,6.719696,5.896945
31,5.115479,3.6676755,4.451177,5.381311,6.648335,5.6021714,3.2089312,2.8467662,4.917659,3.9474099,5.1921473,4.819923,5.093727,3.5801103,4.596068,3.4560297,4.597816,3.8828747,4.432734,4.7290573,5.268594,4.959927,6.469877,6.1398764,0.9627894,1.1214027,2.1121724,2.3020902,1.1497544,2.8449543,1.1971236,0.0,4.6895213,4.6280518,3.9320025,5.2665973,4.8359203,5.2249436,5.4509826,5.028699,5.5589633,5.1699185,4.8991303,5.219672,5.85062,5.0885186,2.4356265,4.1278906,4.5623627,4.8473725,3.4164515,3.4951086,4.7727847,4.034243,4.337391,5.4722204,5.377476,5.851302,4.527423,5.1147356,4.6562614,4.9645076,4.6944757,4.582469,7.941719,8.096067,7.6267323,7.3485165,8.3103,7.879007,8.553347,8.5493765,8.326285,8.379675,6.8648405,7.556605,7.572346,7.6367464,7.7790833,8.448243,5.114403,5.633481,5.1310883,5.837684,5.406383,5.4288316,5.248548,5.2650084,4.0439324,5.0201716,5.4384465,5.4160814,5.4271455,5.136459,4.679651,5.5368605,5.0374503,5.563496,7.445947,6.374126,6.8830094,5.840638,5.4853344,5.7731576,6.544121,5.9934387,6.2414527,4.3566723,7.6046724,6.605254,5.6367188,6.61211,7.0810957,4.729821,5.579099,5.8322344,5.621269,7.5056205,8.383825,7.480905,5.665076,5.3569217,5.300679,4.340848,3.4945748,3.5264816,6.2671194,5.5294476
