,0,1,2,3,4,5,6,7,8,9,10,11,12,13,14,15,16,17,18,19,20,21,22,23,24,25,26,27,28,29,30,31,32,33,34,35,36,37,38,39,40,41,42,43,44,45,46,47,48,49,50,51,52,53,54,55,56,57,58,59,60,61,62,63,64,65,66,67,68,69,70,71,72,73,74,75,76,77,78,79,80,81,82,83,84,85,86,87,88,89,90,91,92,93,94,95,96,97,98,99,100,101,102,103,104,105,106,107,108,109,110,111,112,113,114,115,116,117,118,119,120,121,122,123,124,125,126,127
0,0.0,3.053688,2.6681843,3.6405468,5.8191566,4.9544206,1.6209774,2.449927,2.0439365,3.7245862,4.5313935,5.111568,5.0268283,3.8491771,2.805701,2.8366852,4.5724688,4.855918,4.573173,4.4673295,5.8873916,4.954524,5.100628,4.462175,5.2384467,5.501099,5.281168,7.973359,4.656424,4.5954885,4.761253,5.5675898,6.2357526,5.524619,6.1420774,6.2628255,6.3368073,5.532448,7.612233,7.659365,5.120579,5.3496833,5.3285923,5.1571198,5.4330745,4.983091,6.626837,6.284412,3.5583956,3.7317863,4.2648644,4.4961133,4.7883196,4.813185,5.022137,5.3614273,4.3697524,6.5164237,5.626096,3.1475704,4.2154956,4.334235,5.8727713,5.831154,9.394396,8.60803,6.8490605,6.876226,7.826674,7.938396,7.537982,8.538497,7.705565,9.30917,7.845541,7.704286,8.362426,8.378182,8.720138,8.702409,6.283437,6.537482,7.0154247,7.404788,8.363151,7.523078,7.752336,8.947952,7.6981244,7.514126,8.04515,8.556021,7.9130344,7.709818,7.1004143,9.016634,7.017509,6.973586,6.5269713,7.4187555,7.0056486,6.4199057,9.637856,9.1841545,6.700421,6.975057,5.8509035,7.0820494,7.9535537,8.055964,7.273069,7.5898333,8.471263,7.8300986,6.755282,6.3240695,7.785203,7.6797576,8.670341,8.631971,8.397171,8.484377,9.81445,9.596801,9.328636,9.767593,9.279053,9.275716
1,3.053688,0.0,1.4582952,3.0961394,5.916044,5.5423183,3.1628745,2.925614,2.7591076,4.1723127,4.1070156,4.6048284,5.013572,3.6362882,3.1727493,2.1328633,4.870818,5.260473,4.831006,4.9489217,6.555228,5.5733676,5.669425,6.250757,5.9686265,6.8037624,6.045216,7.8555603,5.273893,5.457592,4.9989343,5.346405,6.1157355,5.4547787,6.1297417,6.2316847,5.9020944,4.8870897,7.097657,7.1391826,4.6705,4.9319315,4.487706,4.7431087,4.711799,4.186893,6.1452193,5.5171123,3.6916203,3.2564094,4.0837336,5.3479276,4.9053473,4.8205986,4.9539456,4.986843,4.183702,6.0223017,5.4470096,2.132199,4.0693507,4.006749,5.2880096,5.2466793,9.057208,8.200967,6.4878736,6.4971595,8.14217,7.5067077,7.26246,8.96725,8.128629,9.680413,8.191901,8.013893,7.974071,7.9896216,8.192336,8.049961,6.3756967,6.588199,6.553361,6.970193,8.075716,7.4910293,7.7624354,8.981247,8.029976,7.9673934,8.855109,8.874108,7.9417653,7.656132,7.031563,9.090433,6.986508,6.8083863,6.632727,7.507345,7.564196,7.402503,9.762216,9.396812,7.270249,7.4574738,6.769268,7.2161083,7.6892548,7.811275,7.419461,7.742563,8.985885,8.093384,7.333937,6.4847007,7.737965,7.6345496,8.67949,8.506924,7.37193,7.348653,9.003826,8.664398,8.676783,9.096415,8.367967,8.247805
2,2.6681843,1.4582952,0.0,2.1430316,5.938402,5.537878,2.9509714,3.316963,2.508186,3.882094,4.303291,4.921394,5.2711253,3.8500366,2.8451753,1.7571038,4.719896,5.147473,4.6820965,4.717505,5.756936,5.432578,5.6425204,6.0167317,5.7208056,6.6572995,5.717143,7.5803604,5.2050133,5.3156595,4.8808675,5.1272545,5.781284,5.1276217,5.735738,5.846978,5.415123,4.7667356,7.0797834,7.130915,4.3185105,4.447856,4.496658,4.3945684,4.9827013,4.386529,5.9582033,5.569801,3.341656,3.4333847,3.9243653,4.512605,4.7770166,4.7198706,5.071742,5.323946,3.9675205,6.023488,5.263726,2.5131867,3.8237684,3.8712292,5.3022666,5.2527237,8.857423,7.9833536,6.0654116,6.085337,7.591607,7.498698,6.980584,8.370036,8.250501,9.769005,8.312806,8.130729,7.7370157,7.759614,8.16021,8.041745,6.237997,6.343988,6.6876526,7.0343833,8.0480175,7.384588,7.6631856,8.876467,7.7707133,7.7224665,8.623116,8.565422,7.6643806,7.261973,6.6783133,8.784168,6.92216,6.7369027,6.6479583,7.455039,7.46414,7.3029118,9.914419,9.573096,7.287979,7.352386,6.904195,7.235608,7.6287465,7.7996993,7.395221,7.7085323,8.804726,7.988939,7.0377054,6.1676607,7.3788824,7.2933393,8.892892,8.684308,7.1401925,7.272249,8.766978,8.579861,8.681152,9.083338,8.357055,8.235102
3,3.6405468,3.0961394,2.1430316,0.0,5.3083477,4.8271265,3.9338846,4.3787727,3.5508122,4.745012,5.0940547,5.598174,5.9387193,4.0933747,3.8310912,2.894063,4.488821,5.166481,4.431417,4.4555473,4.8063197,4.945197,5.3699007,5.966014,5.212126,6.4152155,5.1732545,7.349878,5.159579,5.247457,4.771157,4.9464135,5.28071,4.4901986,4.8666835,4.985973,4.867232,4.0508246,6.6935635,6.7736254,3.7084892,4.0198655,4.090417,3.7628763,4.909502,4.044003,5.6395054,5.42354,3.2219503,3.4842653,3.20284,3.8324757,4.870318,4.8099656,5.3764687,5.652056,4.4835315,5.738498,5.3209615,3.6072948,3.7021358,4.704907,5.9036193,5.8454957,7.818875,7.040754,4.6376023,4.6388655,6.7890854,6.768092,6.140726,7.493115,8.001258,9.39995,8.051966,7.845338,6.6714787,6.6894407,7.3640285,7.162892,5.489966,5.4886107,5.7355795,6.195408,7.4112477,6.7087827,7.010365,7.962393,7.0937424,7.069612,8.073263,7.8649416,6.954218,6.242982,5.633724,8.145404,6.2527313,6.1662264,6.047698,6.976365,7.0887146,6.841765,9.96167,9.708888,6.696106,6.703439,6.4498434,6.4287705,7.2881184,7.3957477,7.2969246,7.5083084,8.171389,7.8047404,5.9889035,4.913008,6.4124503,6.2729645,8.864855,8.634671,6.3900743,6.50929,8.324736,8.083592,8.170449,8.599691,7.951659,7.5506024
4,5.8191566,5.916044,5.938402,5.3083477,0.0,3.909444,5.607767,5.48457,5.624402,6.9149294,6.638974,6.724305,5.82072,3.8189561,6.100652,5.953545,5.752735,6.3453236,5.7355986,5.634257,6.6730585,5.5730557,5.883112,5.8836417,5.6988196,6.5438128,5.843097,6.7294135,6.0742273,6.107454,6.216805,6.914835,6.8165216,6.296358,6.3752046,6.457266,6.9732914,5.67331,5.3805184,5.46312,5.7283664,6.3753185,5.628335,5.718094,5.66922,4.9906216,4.802097,6.614636,4.9966083,4.783038,4.564519,6.099909,5.756981,5.758356,6.378101,6.199208,6.3010716,5.993125,6.861256,5.4582357,5.364341,6.721263,7.14149,7.102678,7.734052,7.1928797,5.6135755,5.8129225,8.031065,7.0526085,6.9398317,8.056882,7.040514,8.140514,7.07094,6.86668,6.914434,6.8996673,7.31017,6.895436,5.442974,6.1666527,5.232716,5.987949,6.6930094,5.971761,6.2047544,6.7912374,7.614517,7.4955773,8.328195,7.9064407,7.655675,6.9266334,6.3155775,8.3711605,6.2062054,6.1534305,5.8956046,5.2829366,6.117093,5.8261657,8.734583,8.635477,5.6065493,6.011702,5.473265,5.5824146,7.1951065,7.081168,7.065066,7.078998,7.062201,7.4919677,5.336531,5.0220485,6.2752595,6.167642,8.05074,7.0747294,6.7076316,6.652864,8.221033,7.6838717,7.266503,8.479484,8.327918,6.9665976
5,4.9544206,5.5423183,5.537878,4.8271265,3.909444,0.0,5.0367064,4.6860576,4.7957315,6.1464095,5.449759,5.5700393,5.568189,3.9438787,5.267044,5.2531304,5.205359,5.6943035,5.1517115,5.1209936,6.013269,5.0269847,5.3706145,5.3038583,5.0869975,5.06695,5.30701,8.253265,5.604477,5.622878,5.6338086,6.5128803,5.837222,5.4867992,5.5867705,5.707133,6.111588,4.9777417,6.9964323,6.9521575,4.963323,5.705497,4.8692636,4.939352,4.754107,4.186679,6.7268314,5.469082,3.8845456,3.6193023,3.425851,5.1707554,5.009383,5.037508,5.6214304,5.3233123,5.1587477,5.280516,6.360526,4.769197,4.310598,5.591258,6.053389,6.0163946,6.7972918,6.160522,4.954636,5.2308025,6.9796343,6.1230583,5.882449,6.9252706,6.082701,7.2674813,6.124399,5.994815,5.6939287,5.6688,6.197833,5.6948996,4.5143123,5.308311,4.2931237,4.664589,5.6319203,5.218257,5.4126344,6.0295973,6.395604,6.381047,7.4128337,6.644009,6.709874,6.038864,5.730003,7.3753633,4.7143226,5.2801194,4.2717547,5.9317355,5.2852254,4.509699,7.5145836,7.39759,4.243819,4.4764953,3.609134,4.6228266,6.280864,6.1364465,6.2771196,6.463797,6.7988577,7.1644244,4.7763987,4.6134024,5.2445583,5.5676603,7.5677156,7.558225,7.764742,7.615628,8.967913,8.456452,8.229391,9.622855,8.329228,7.879328
6,1.6209774,3.1628745,2.9509714,3.9338846,5.607767,5.0367064,0.0,1.7552724,1.8848269,4.185305,4.568333,5.1047087,4.742917,4.131233,3.0381744,3.2782223,5.2063184,5.506776,5.0499234,4.998764,6.364413,5.152667,5.263108,5.023315,5.274624,5.8883157,5.296808,7.989789,4.820853,4.7793255,5.5600286,6.461651,7.0595493,6.515797,6.8622117,6.9604855,6.9115605,6.3333945,8.09822,8.148593,5.8973103,6.1008673,6.0611877,5.9547977,5.7624483,5.275805,7.1150126,6.8486586,3.9541583,4.095242,4.7038684,5.028279,5.0527563,5.0571055,5.4713697,5.706612,4.37488,6.641271,5.844606,3.316239,4.354164,4.3030148,6.0206637,5.985583,9.784425,8.924498,7.325046,7.3448877,8.612608,8.520907,8.011324,9.023462,7.7899475,9.298676,7.875186,7.709333,8.723184,8.737863,9.192225,9.019123,6.458739,6.903973,7.2787194,7.6053786,8.37412,7.646942,7.9289584,9.0957155,8.114062,8.0011215,8.460116,8.842554,8.134158,7.7754693,7.182552,9.195625,7.4153876,7.2709537,7.089853,7.8135285,6.8946514,6.5187707,9.574682,9.2251425,6.83049,7.2673316,6.137139,7.118394,8.218683,8.361018,7.3088017,7.612907,8.390991,7.767221,6.6786795,6.273751,7.9676795,7.939763,8.739859,8.580678,8.265072,8.362508,9.776358,9.485235,9.003401,9.786793,9.174209,9.0790615
7,2.449927,2.925614,3.316963,4.3787727,5.48457,4.6860576,1.7552724,0.0,2.6215067,4.783273,4.275156,4.840572,4.4495096,3.8890934,3.5418172,3.720757,5.3023596,5.652241,5.091187,5.0105824,6.9886107,5.167589,5.0785055,5.3550005,5.398059,5.9523883,5.546946,8.256611,4.944675,4.9756293,5.628588,6.5873003,7.097391,6.5087566,6.8534064,6.9448395,7.003463,6.1269283,8.094034,8.113852,6.022959,6.2291327,5.854347,6.0739,5.5073495,5.0060687,7.342524,6.6101265,4.1186156,3.7038653,4.293634,5.8355193,5.2047167,5.2127943,5.4868093,5.403024,4.592008,6.1221423,5.6014156,2.9179919,4.398796,4.2373734,5.389247,5.354972,9.722365,8.866297,7.498586,7.6259375,8.9200945,8.174868,8.094091,9.114688,7.2936187,8.881134,7.369117,7.2142115,8.674759,8.68104,8.817765,8.62104,6.2101364,6.905784,6.9683423,7.3812623,7.819352,7.0741396,7.3752213,8.607663,8.128914,8.059031,8.527948,8.671547,8.2196865,7.885634,7.2449203,9.081167,7.029363,6.733515,6.696556,7.5868,6.7318997,6.5810637,9.281021,8.914633,6.428411,6.8799286,5.807989,6.710646,7.9827323,8.143112,7.073131,7.4080544,8.382598,7.6048326,6.7512155,6.4098983,7.678792,7.6285977,8.210141,8.096047,8.217684,8.182169,9.582961,9.14246,8.644412,9.65436,8.936421,8.592075
8,2.0439365,2.7591076,2.508186,3.5508122,5.624402,4.7957315,1.8848269,2.6215067,0.0,3.4339387,4.046974,4.520763,5.076432,3.6744041,2.0720868,2.053764,4.958679,5.215887,5.064173,5.0631285,6.0900254,5.648918,5.8055363,5.469526,5.5237856,6.276458,5.5605536,7.994769,5.2939024,5.284855,5.2532015,5.8576074,6.280972,6.0378885,6.534103,6.6574435,6.253794,5.6971045,7.555186,7.626776,4.8144617,5.110315,5.0355496,4.869051,5.17781,4.7706375,6.395763,5.957031,3.135974,3.3409255,4.2994027,4.4545727,4.2606187,4.241797,4.911759,5.101247,3.5893981,6.2098866,5.684059,2.2033455,3.7753882,3.705089,5.535744,5.500677,9.235957,8.289279,6.5726304,6.578886,8.247004,8.268108,7.3380814,8.49776,8.050452,9.331195,8.11626,7.943429,8.04503,8.060864,8.618297,8.39266,6.084148,6.6757092,6.748085,7.121825,8.189504,7.418836,7.6274853,8.8844795,7.999036,7.8685226,8.695414,8.651434,8.038017,7.556242,6.939256,9.006287,7.117492,7.2698536,6.8934555,7.7399344,6.9618034,6.477993,9.461019,9.24491,7.113212,7.1934695,6.537703,7.4896326,8.100404,8.192321,7.6358333,7.8362346,8.78305,7.9181223,6.8533506,6.535052,7.7233667,7.78865,8.877794,8.781885,8.353621,8.414821,9.810963,9.553931,9.482022,10.202115,9.259249,9.28125
9,3.7245862,4.1723127,3.882094,4.745012,6.9149294,6.1464095,4.185305,4.783273,3.4339387,0.0,5.4263034,5.7734494,5.658806,4.9273567,3.5879388,3.5239844,5.743173,4.7226205,6.0436807,6.0708747,6.593547,7.099973,7.069514,6.470059,6.9581513,7.397128,6.873801,8.951318,6.3720984,6.3593116,5.865784,6.081679,4.607981,5.902789,6.794222,6.9082093,6.4595175,5.8602557,6.4644804,6.532632,5.0914245,5.436454,5.3959537,5.1179295,4.6198425,5.5699615,6.6909995,6.279965,4.234853,4.5062647,5.2455397,4.7502007,5.0402136,5.0066147,5.3331122,5.7368784,4.7153,7.1704607,6.5650663,3.9973214,5.0430417,5.0537195,6.418484,6.393406,8.940596,8.112994,7.1233363,7.099655,7.3913946,8.797081,7.1017375,9.130832,7.6948547,9.262462,7.7385,7.631281,7.6193824,7.655235,8.356242,8.154549,6.3623953,6.2539406,6.8589444,7.196721,8.528564,7.788348,7.810613,9.101526,8.627465,7.6676745,8.976864,9.428075,7.6339626,8.335163,7.8233824,8.781606,7.122247,7.382267,6.5105534,7.5997643,7.041993,6.6508336,9.740823,9.398354,7.291597,7.519358,6.834057,8.533186,8.769448,8.795191,8.166405,8.314345,9.517543,8.790852,7.763319,7.3784537,8.454152,8.406956,8.763844,9.677454,8.824967,8.409738,9.309193,9.151378,9.299347,9.620209,8.919851,9.844612
10,4.5313935,4.1070156,4.303291,5.0940547,6.638974,5.449759,4.568333,4.275156,4.046974,5.4263034,0.0,1.7427822,4.0836377,3.8341806,3.6814854,4.276996,5.816192,6.044529,5.322334,5.8270106,7.445267,6.5576205,6.433956,6.699802,6.518437,5.617652,6.7462215,7.2744284,6.252077,6.3244696,5.932973,6.361926,6.74225,6.7161107,6.4495964,6.5725627,4.85025,6.257243,8.022596,7.764322,5.6629896,5.3779464,5.4977317,5.754651,5.75876,5.5128155,6.9448614,4.505431,4.0142775,3.7911403,5.3674364,5.911667,5.7934103,5.7513623,5.4954515,5.1437697,3.522103,6.109822,5.948197,3.8778853,3.6742916,1.4434115,3.655646,3.6240516,8.655585,7.8293753,7.5660257,7.608618,8.0728445,7.3347816,6.5843854,7.6930647,8.738985,9.961083,8.697167,8.640003,7.514039,7.51818,7.7945886,7.552556,6.3543506,6.9321585,7.4489546,6.5158515,7.538775,7.9381375,8.041491,9.0455265,6.8043027,7.5082097,8.402378,7.807707,7.191306,6.765441,7.4822984,8.274101,6.48331,7.1085763,6.5518246,7.1553025,8.053983,7.721484,8.995242,8.720907,7.0649567,6.430596,6.4528456,7.4362664,7.147426,7.547499,7.2011795,7.980589,9.669752,8.534099,8.10763,7.8148675,7.5214505,8.419324,9.2041645,9.112339,8.373536,8.263959,9.774647,9.403401,9.390943,10.1926565,9.008998,8.9551325
11,5.111568,4.6048284,4.921394,5.598174,6.724305,5.5700393,5.1047087,4.840572,4.520763,5.7734494,1.7427822,0.0,4.616986,3.589654,4.2060947,4.736716,5.726301,5.9806886,5.320169,5.821992,7.601826,6.746031,6.6215057,6.6475935,6.65291,5.797523,6.8794637,7.334298,6.1868157,6.27912,5.8157115,6.2218575,6.81797,6.784889,6.112528,6.216591,4.940806,6.331196,8.069772,7.8075438,5.5068994,5.2145014,5.3360753,5.6151114,5.5360465,5.3470263,6.79119,4.20294,3.8285394,3.6736238,5.9686255,5.6828403,5.1851983,5.143711,4.859788,4.461015,4.093345,5.4512916,6.658994,4.290765,3.1909986,2.4863784,4.0687594,4.0735774,8.313118,7.7303014,7.406551,7.4796176,7.930885,7.2084737,6.5318513,7.5602756,8.828724,10.078989,8.786309,8.7314005,7.2889037,7.2843575,7.6026883,7.3585296,6.3038692,6.7290864,7.3834715,6.4553013,7.427739,7.873231,7.914778,8.660618,6.682567,7.377803,8.299715,7.6931067,6.9782777,6.627879,7.335976,8.124164,6.2314205,6.9111185,6.3854156,7.023047,7.5541253,7.305904,8.686966,8.410198,6.895235,6.2182045,6.335283,7.3017697,6.9626493,7.3678803,7.0739503,7.8280387,9.44333,7.9579654,8.080776,7.675807,7.3692703,8.233585,8.60263,8.510652,8.247383,8.122802,9.688597,9.296439,9.211768,9.916621,8.766327,8.815215
12,5.0268283,5.013572,5.2711253,5.9387193,5.82072,5.568189,4.742917,4.4495096,5.076432,5.658806,4.0836377,4.616986,0.0,4.521043,4.7131386,5.2180915,6.489881,6.167357,5.9561,6.2181177,7.3927073,6.1619635,6.609742,6.2326255,6.76338,5.582491,6.8903947,6.7649255,6.267865,6.4663033,6.9813576,7.8138504,7.2692537,7.7049246,7.6556735,7.7687607,6.5493207,7.47793,7.5775266,7.306859,7.2799587,7.257948,7.1678247,7.327848,5.3742642,5.645735,7.494902,6.3044777,5.5417147,5.2912807,6.111446,6.864687,6.5730276,6.564365,6.3090706,5.9965277,4.9568214,7.050711,6.075851,5.2768164,5.31501,4.158758,5.079258,5.0510273,8.53095,7.802227,8.055612,8.188865,7.8881474,7.6033497,6.9211783,8.447141,6.9444075,8.014316,6.8784704,6.8654733,7.4447637,7.457449,7.5274067,7.368549,6.2566175,6.383741,6.855282,5.9455276,6.3698688,7.2120004,7.404696,8.506452,6.3435335,6.4380174,8.088763,7.121521,6.264764,6.607697,7.16972,7.0664287,6.23769,6.5507936,5.948022,5.9439654,7.1473756,6.5281825,7.9316225,7.5432096,5.831152,6.0311475,5.6093163,6.2635746,7.3011985,7.6040854,6.5949297,7.2034492,9.114134,7.7141094,7.762623,7.037661,7.341823,8.196279,7.734166,7.893512,8.017479,7.6228566,8.698857,8.212929,7.631125,9.175449,8.284012,8.128758
13,3.8491771,3.6362882,3.8500366,4.0933747,3.8189561,3.9438787,4.131233,3.8890934,3.6744041,4.9273567,3.8341806,3.589654,4.521043,0.0,3.7972078,3.738357,3.9299517,4.4671774,3.9330752,3.9915538,6.0210314,5.071031,5.093375,4.787545,5.1799245,5.365971,5.3827705,6.302431,4.7603045,4.8309517,4.1032386,4.648863,5.313628,4.7881894,4.6119246,4.7317348,4.895644,4.270266,5.5262938,5.445422,3.7029839,3.9576416,3.5067468,3.7539072,4.1523213,3.650252,4.1528873,4.1637115,2.391766,2.0238433,3.9263585,4.371122,3.622621,3.638398,3.8428144,3.632755,4.3522034,4.179572,5.804491,3.0688634,2.6431186,4.041447,4.666601,4.6413026,7.3780704,6.886898,5.421237,5.643888,6.8433714,6.1362486,5.937679,7.041206,7.208535,8.703697,7.2585597,7.1226215,6.427914,6.4216433,6.568759,6.4503045,4.8820286,5.3444395,5.4989915,5.6877856,6.5135384,5.9774294,6.0815253,6.935852,6.498291,6.5725617,7.581645,7.186508,6.7163243,6.345919,6.0521317,7.662212,5.174357,5.320045,4.92376,5.0761504,5.8525457,5.6481657,8.429202,8.098384,5.4398665,5.2539415,5.047767,5.800462,6.366067,6.5110955,6.3861384,6.7484407,7.77087,6.6727037,6.1905894,5.654598,6.014475,6.1524453,7.1945434,6.6991377,6.7569613,6.669727,8.232211,7.818944,7.7226954,8.334149,7.9011025,7.278248
14,2.805701,3.1727493,2.8451753,3.8310912,6.100652,5.267044,3.0381744,3.5418172,2.0720868,3.5879388,3.6814854,4.2060947,4.7131386,3.7972078,0.0,2.4363189,5.0374827,5.1592503,5.011188,5.1073728,6.169912,5.9023557,6.4799967,5.745693,6.267846,6.2634845,6.310908,7.806104,5.994884,5.992303,5.6486683,6.0351963,5.971596,5.899634,6.3282733,6.467717,5.1369295,5.6437516,7.466287,7.4609613,4.7123775,4.7926345,4.957227,4.784207,4.6640697,4.2169933,6.311067,5.0086374,3.2156773,3.4926295,4.601094,4.462486,3.9738848,3.898869,3.9802182,4.1868176,3.5045013,6.232883,4.3180327,2.7080107,3.7472773,3.3120658,5.1179,5.08365,8.70266,7.8016124,6.383938,6.3457146,7.803993,7.679332,6.7469387,7.8024344,8.32872,8.970454,8.374307,8.236,7.56438,7.5878344,8.091101,7.9366302,5.596802,6.2109227,6.482615,6.4773707,7.6315694,7.224754,7.3405685,8.649955,6.850755,6.8218584,7.8856235,7.677082,6.92438,6.531043,6.1594305,7.987939,7.00683,7.241838,6.825315,7.6173964,7.3272347,6.375798,9.154834,8.875243,7.067619,6.7631497,6.74348,7.334918,7.9316993,8.096103,7.6576424,7.7606616,8.901727,7.811177,7.0938983,6.60607,7.6593924,7.92519,8.706288,8.678841,7.856554,7.898966,9.239375,9.042508,9.123402,9.849507,8.716505,8.839337
15,2.8366852,2.1328633,1.7571038,2.894063,5.953545,5.2531304,3.2782223,3.720757,2.053764,3.5239844,4.276996,4.736716,5.2180915,3.738357,2.4363189,0.0,4.7992144,5.078117,5.02568,5.020719,5.634618,5.6968236,6.142552,5.8806,5.9424076,6.672666,5.9602113,7.6744027,5.511377,5.6690083,4.9714494,5.257166,5.6721597,5.3916216,6.032486,6.1683545,5.6511836,5.0586724,7.0633783,7.13906,4.127315,4.375728,4.3761153,4.1812353,4.584876,4.1567936,5.853623,5.425068,3.3106232,3.4453902,4.3157268,4.4490294,4.360398,4.30777,4.8614426,5.079322,3.8670595,6.099025,5.562507,2.3892622,3.8364418,3.9154437,5.4331083,5.3944974,8.643689,7.7089286,5.8093705,5.818381,7.5401416,7.5859904,6.7039895,8.166338,8.122868,9.407132,8.210168,8.040911,7.474363,7.4938965,7.994288,7.8366528,6.1154647,6.2296505,6.30468,6.7386746,7.955948,7.32551,7.5630317,8.832297,7.592725,7.4429126,8.6496725,8.323746,7.6533694,7.241437,6.5792794,8.678774,6.688511,6.876597,6.457793,7.318506,7.373171,6.807334,9.495058,9.236452,7.3850408,7.243625,6.904173,7.4364624,7.720963,7.8186793,7.5473924,7.735194,9.030305,7.8544774,7.1738396,6.4302425,7.392177,7.418167,8.78325,8.666044,7.9371495,8.015453,9.370771,9.192014,9.397951,9.85613,8.967562,8.987899
16,4.5724688,4.870818,4.719896,4.488821,5.752735,5.205359,5.2063184,5.3023596,4.958679,5.743173,5.816192,5.726301,6.489881,3.9299517,5.0374827,4.7992144,0.0,2.230244,1.3182539,1.2174119,3.7896671,3.0389125,3.141113,3.424452,3.1591387,4.525089,3.2095742,6.3180413,2.7025523,2.6865969,1.5953358,2.6318703,5.800683,5.454599,5.103171,5.2446322,5.92838,4.9352055,6.9910107,7.0720954,4.3096766,4.633641,4.4017186,4.2895117,5.2396483,4.825115,6.012697,5.756283,3.5772214,3.805698,4.660015,4.5631375,4.615284,4.650857,4.9367485,5.0483575,5.793649,5.31147,6.321225,4.476535,3.9330528,5.797098,6.6248083,6.559525,6.8817315,6.7996774,5.007949,5.066958,6.637465,6.228112,5.189492,7.345785,7.0643544,8.304045,7.1220393,6.877836,6.808652,6.815916,6.784738,7.1467166,5.099233,5.3144116,5.665991,6.2050633,7.3758273,6.449841,6.5912466,7.229953,6.6815295,6.4084387,7.2678866,7.463888,6.9207525,6.4624,5.807101,7.7275467,5.627761,5.7148695,5.486596,6.4402943,6.1251063,5.7307277,8.75177,8.484119,5.4388285,5.628569,5.3542333,5.753315,6.2897925,6.3729424,6.2234244,6.2744637,6.976129,6.4869547,5.375108,5.0997167,6.381568,6.1647973,6.9582567,6.715619,6.401078,6.464657,8.124708,7.7902274,8.02869,7.695747,7.370568,7.4811864
17,4.855918,5.260473,5.147473,5.166481,6.3453236,5.6943035,5.506776,5.652241,5.215887,4.7226205,6.044529,5.9806886,6.167357,4.4671774,5.1592503,5.078117,2.230244,0.0,2.808708,2.792029,4.305101,4.234911,4.1112523,4.007255,4.1445446,5.1103673,4.1100636,6.7715616,3.501261,3.50874,2.776498,3.4973836,4.92151,5.9248962,5.626437,5.762482,6.255468,5.5277696,6.4566126,6.5488563,4.8491774,5.0541677,4.940214,4.825064,4.648032,5.2524586,6.453952,6.126166,4.1110325,4.3296638,5.2090054,4.931214,5.0015583,5.0321894,5.215197,5.3782606,6.10285,5.9035306,6.5294557,4.8840585,4.446288,6.0022182,6.8663816,6.807973,6.8786945,6.820975,5.799264,5.8222237,6.451047,7.0568295,5.0548587,7.919977,6.4124184,7.7646194,6.4376864,6.2289295,6.64912,6.6688766,6.7328453,7.0635276,4.8182793,4.714788,5.5918756,6.119533,7.372655,6.4603653,6.46987,7.243017,7.0030675,5.9801126,7.4026804,7.845532,6.437663,6.8746476,6.2736545,7.31534,5.3383284,5.640271,5.070187,6.1200376,5.8969517,5.42186,8.547426,8.254809,5.2093906,5.47729,5.2430096,6.4636316,6.832838,6.9472218,6.251599,6.2148633,7.527285,6.8899245,6.001416,5.779172,6.940525,6.7581434,6.530299,7.2495203,6.982719,6.5743685,7.861684,7.5095677,7.785822,7.339279,7.135087,8.028641
18,4.573173,4.831006,4.6820965,4.431417,5.7355986,5.1517115,5.0499234,5.091187,5.064173,6.0436807,5.322334,5.320169,5.9561,3.9330752,5.011188,5.02568,1.3182539,2.808708,0.0,1.2605132,4.0533037,2.6814892,2.791615,3.5626154,3.0224128,3.7669828,3.1025681,5.9774814,2.5577695,2.5252676,2.283143,3.2718024,6.2106147,5.685079,5.2491612,5.385176,5.600477,5.181237,7.3188195,7.288876,4.8060155,5.0477695,4.854667,4.8099866,5.501519,4.957594,6.36141,5.567222,3.6793113,3.8681183,4.672052,4.7380743,5.0353436,5.0537305,5.07367,5.0912323,5.4295354,5.466461,6.118488,4.640296,3.8591561,5.331163,6.2551074,6.1833334,6.806094,6.7195597,5.3750362,5.4140673,6.5413485,5.8773327,5.071204,7.20388,7.1603494,8.384281,7.167919,6.948141,6.715749,6.723676,6.648774,7.0215626,5.2463727,5.485255,5.922574,5.9284797,7.102524,6.635095,6.808184,7.3881993,6.171859,6.2702155,7.047104,7.1148143,6.534554,5.976457,5.803603,7.421867,5.6972523,5.767845,5.5432696,6.4698076,6.2961884,5.9763055,8.584327,8.277329,5.126925,5.462532,5.0516014,5.2297454,5.897841,6.051553,5.9493093,6.241342,6.923445,6.600833,5.3834124,4.9817863,6.2573705,6.359152,7.1204386,6.7695565,5.9723053,6.0657215,7.9118366,7.5242543,7.5966263,7.4999433,6.9728813,6.9942
19,4.4673295,4.9489217,4.717505,4.4555473,5.634257,5.1209936,4.998764,5.0105824,5.0631285,6.0708747,5.8270106,5.821992,6.2181177,3.9915538,5.1073728,5.020719,1.2174119,2.792029,1.2605132,0.0,3.7251947,2.5291915,2.7735195,3.0455353,2.9448519,4.240702,2.9955328,6.148484,2.457896,2.4142122,2.2429686,3.3402333,6.1388187,5.581515,5.041944,5.1701794,5.946494,5.2008457,7.354742,7.3982134,4.7738757,4.9005923,4.881588,4.7662296,5.4898305,4.9059796,6.3385067,6.0022063,3.7021396,3.9446495,4.6296134,4.6439924,4.718919,4.789891,5.100119,5.1891785,5.8797107,5.0038576,6.058298,4.639413,3.8962836,5.706529,6.2863364,6.221024,7.0084333,6.9027724,5.264736,5.4678974,6.677439,6.079006,5.4845767,6.999135,6.706519,8.00019,6.764977,6.527813,6.9579887,6.9644065,6.8360167,7.188034,5.0142794,5.2650013,5.901958,6.3586516,6.918114,5.9763494,6.1916175,6.8471785,6.4098463,6.272074,6.905313,6.9691315,6.732034,6.1713033,5.5221252,7.354913,5.484146,5.229279,5.414832,6.270172,5.766502,5.5815997,8.704533,8.388542,5.086565,5.27708,5.1971173,5.226539,6.2306323,6.4267926,5.9432282,6.049096,6.6132684,5.8376775,5.0276046,4.7449074,5.859653,5.6295323,6.52109,6.125997,6.1080856,6.2631917,7.7674413,7.4385567,7.4903336,7.4202113,7.2262993,6.9183116
20,5.8873916,6.555228,5.756936,4.8063197,6.6730585,6.013269,6.364413,6.9886107,6.0900254,6.593547,7.445267,7.601826,7.3927073,6.0210314,6.169912,5.634618,3.7896671,4.305101,4.0533037,3.7251947,0.0,4.0957003,5.026788,4.6522827,4.0436196,5.557934,3.7275789,6.5458384,4.4401345,4.4791265,4.4139924,4.8796654,6.4788165,6.6392503,6.2669353,6.4132333,6.6981773,6.5032425,8.064241,8.149367,5.5964103,5.8142056,6.2842226,5.5534563,6.504551,6.1764636,7.2641425,7.312302,5.084171,5.8933163,5.860356,4.5824804,5.9516864,6.033816,6.9227695,7.2279415,6.5419517,6.630441,7.3221664,6.3158207,5.3652134,6.8963785,7.6751404,7.603586,6.5251884,6.3841395,4.6661034,4.86938,5.8783016,7.0495586,5.0478644,6.690632,7.280103,8.161314,7.286855,7.0384436,6.411558,6.436587,6.9081826,7.2460804,5.8957353,5.5779204,6.2373066,6.5541263,7.2470713,6.581523,6.8421946,7.423715,6.6984377,6.352811,7.9174647,6.885144,6.8212514,6.0586405,5.547457,7.028359,6.0483036,6.2202606,6.1530967,7.0389924,6.344272,5.911332,9.014298,8.973153,6.1572447,6.3111434,6.650909,6.1276665,6.823537,6.916907,6.8792357,6.7953696,7.28192,6.6133604,5.402432,4.8061023,5.69626,5.7604465,7.6991854,7.524551,6.8087077,7.108331,8.029987,8.004192,8.439952,8.698706,7.9060397,7.9893293
21,4.954524,5.5733676,5.432578,4.945197,5.5730557,5.0269847,5.152667,5.167589,5.648918,7.099973,6.5576205,6.746031,6.1619635,5.071031,5.9023557,5.6968236,3.0389125,4.234911,2.6814892,2.5291915,4.0957003,0.0,2.3680387,3.292609,2.5244215,3.8715465,2.6397994,6.303769,2.5642834,2.7324667,3.94504,5.280288,7.5206614,6.8712378,6.3470993,6.4670553,7.1895466,6.423831,8.378198,8.455525,6.305207,6.5576496,6.3453097,6.2955275,6.1463504,5.355561,7.5767436,7.2972016,5.1436067,5.224695,5.2276955,5.9852605,6.161561,6.195492,6.446425,6.461493,6.6811996,6.422677,6.345207,5.66388,5.1238246,6.587181,7.530195,7.457778,7.7071557,7.5722938,5.8486037,5.873464,7.655063,6.712276,6.2617083,8.091466,6.7740297,7.758457,6.851277,6.5867586,7.6807075,7.680473,7.602671,7.9139566,5.5282946,5.7315626,5.8854523,6.4089184,7.2718954,6.6466355,6.998281,7.5226545,6.3777614,6.325129,7.1698422,7.142475,7.03582,6.234072,5.5402436,7.786921,6.007572,5.9462376,5.945813,6.754688,6.528953,5.7322245,8.477541,8.219934,5.03749,5.697045,4.913889,4.4927897,6.285255,6.413892,5.608275,5.6256227,6.400607,6.4492846,4.9527597,4.246129,6.5110426,6.375943,7.2070847,6.6116114,6.5436664,6.7734504,8.532463,8.08626,7.76554,8.011594,7.612129,7.3754272
22,5.100628,5.669425,5.6425204,5.3699007,5.883112,5.3706145,5.263108,5.0785055,5.8055363,7.069514,6.433956,6.6215057,6.609742,5.093375,6.4799967,6.142552,3.141113,4.1112523,2.791615,2.7735195,5.026788,2.3680387,0.0,3.8365057,1.8101537,4.1533165,2.1026049,6.574162,1.8311162,1.7974515,3.3408554,4.782028,7.4874444,7.0301294,6.402001,6.4997954,7.616689,6.456613,8.286746,8.355136,6.441578,6.6184287,6.3354053,6.4335876,6.799124,6.3697786,7.6838965,7.651819,5.18216,5.141181,5.2339377,6.3456483,6.7018156,6.764085,7.0993557,7.0519533,6.8263235,6.3566537,7.3444705,5.611614,5.1625214,6.5432158,7.423261,7.3475876,8.4011135,8.274143,6.823278,6.899874,8.154004,7.4987383,6.848452,8.801362,6.9872723,8.793039,7.0244,6.7661495,8.275212,8.272161,8.099786,8.391192,6.0939217,6.4532366,6.848324,7.355651,8.088563,7.1811495,7.475237,7.9681296,7.79983,7.6576805,8.200497,8.500813,8.124471,7.594047,7.0820084,8.835276,6.2236185,6.094477,6.1707544,6.920573,6.644783,6.715994,9.128152,8.878821,5.323115,6.1341667,5.0116806,5.6238427,6.539286,6.7368045,5.759772,6.117657,6.9809995,7.2857924,5.6555367,5.5097694,7.0003095,6.791303,7.6516123,7.2805495,7.1304026,7.192046,8.90161,8.394291,8.104018,8.083739,7.95245,7.866285
23,4.462175,6.250757,6.0167317,5.966014,5.8836417,5.3038583,5.023315,5.3550005,5.469526,6.470059,6.699802,6.6475935,6.2326255,4.787545,5.745693,5.8806,3.424452,4.007255,3.5626154,3.0455353,4.6522827,3.292609,3.8365057,0.0,3.8405895,3.6773577,3.8797302,6.8180203,3.1729498,3.020521,3.909571,5.3038306,7.27782,6.7064137,6.3374615,6.455989,7.499728,6.8192983,8.205599,8.240342,6.327399,6.518524,6.573825,6.304049,6.4201255,6.028288,7.246355,7.411629,4.9647207,5.319897,6.0386896,5.278926,5.4743023,5.604635,5.8768864,6.1175246,6.738967,6.450296,7.2633047,5.9114203,5.194759,6.676064,7.436253,7.3937716,8.159308,8.013049,6.6942453,6.870823,7.3182487,7.225597,6.805289,7.6389604,6.468858,7.849055,6.6505113,6.493908,8.083004,8.083577,8.140388,8.434018,6.073614,6.087626,6.880981,7.3076253,7.7526665,6.8870897,7.0872273,7.686089,6.8025937,6.514563,6.697682,7.39233,7.439092,7.1797996,6.581257,8.105757,6.198974,6.19486,5.874455,6.410575,5.7842283,4.8934727,8.68646,8.244903,5.324894,5.6888304,4.7309318,5.7852287,7.2780194,7.370004,6.386767,6.5122004,6.7908177,5.905833,5.4507074,5.5513973,6.870291,6.7085447,6.7743373,6.4735723,8.214144,8.354034,9.477038,9.219338,8.760251,8.835401,9.06991,8.80704
24,5.2384467,5.9686265,5.7208056,5.212126,5.6988196,5.0869975,5.274624,5.398059,5.5237856,6.9581513,6.518437,6.65291,6.76338,5.1799245,6.267846,5.9424076,3.1591387,4.1445446,3.0224128,2.9448519,4.0436196,2.5244215,1.8101537,3.8405895,0.0,4.2515807,0.5986916,6.266894,2.199608,2.109084,3.608437,4.9394803,7.5010123,7.3685927,6.635635,6.755468,7.6074743,6.7589912,8.413306,8.511033,6.276256,6.49139,6.3971496,6.259399,6.873084,6.4413943,7.6083107,7.7037373,4.922177,5.183087,5.31954,5.8312044,6.3726315,6.4589057,7.17131,7.151789,6.527559,6.261465,7.4466324,5.579368,4.9220786,6.4253144,7.4833064,7.4040775,8.078516,7.9450684,6.2948475,6.3873806,7.945958,7.8254766,6.484286,8.344254,7.186139,8.621704,7.1729703,6.8845735,7.8557196,7.855319,7.8713627,8.1697855,5.796616,6.348458,6.615718,7.100891,7.8525095,6.9258943,7.2090144,7.701546,7.607318,7.4685225,8.534492,8.067964,7.998646,7.1505833,6.6210194,8.416067,6.1861343,6.314029,6.3730736,7.072155,6.2836027,6.2635183,8.903614,8.877661,5.331187,6.076606,5.422596,5.6498103,6.5536556,6.728456,6.024937,6.194066,7.0627975,7.082445,5.398925,5.2375007,6.5833364,6.5565763,7.7339587,7.3007193,7.1707625,7.3184958,8.935595,8.481601,8.369022,8.724114,8.059175,8.046099
25,5.501099,6.8037624,6.6572995,6.4152155,6.5438128,5.06695,5.8883157,5.9523883,6.276458,7.397128,5.617652,5.797523,5.582491,5.365971,6.2634845,6.672666,4.525089,5.1103673,3.7669828,4.240702,5.557934,3.8715465,4.1533165,3.6773577,4.2515807,0.0,4.4469304,6.7709603,4.2147527,4.12843,4.922078,6.137533,7.8097396,7.3192544,6.909673,7.04839,6.805711,7.2238235,8.94103,8.719155,7.0386267,7.2603116,7.1252065,7.0296226,7.0566273,6.6533422,8.278485,6.7174406,5.496143,5.6760106,6.1943846,6.1880207,6.9453516,7.006166,6.7793665,6.654923,6.019288,7.2641535,7.476867,6.566956,5.493446,5.854536,6.8802576,6.8177247,7.473128,7.3420796,7.2205925,7.2725067,6.9276233,6.402001,5.878598,7.3132405,7.226802,8.391801,7.234742,7.1643333,7.3162603,7.3112173,7.3080935,7.6245284,6.5433006,6.7076488,7.153485,6.2119627,7.3463607,7.7861795,7.952309,8.359911,5.63428,6.344921,6.902972,6.7577534,6.822636,6.355423,7.1720695,7.6269536,6.1220193,6.8066816,5.794549,6.7682366,7.0508738,6.1594687,7.958238,7.5745745,4.9221234,5.3545327,4.0226135,5.1807165,6.0732007,6.1975856,6.04751,6.809954,7.5173683,7.5815463,6.263524,6.246888,6.843096,7.6953607,8.111619,7.91208,8.307916,8.36013,9.794087,9.408352,9.019834,9.58571,8.760855,8.806901
26,5.281168,6.045216,5.717143,5.1732545,5.843097,5.30701,5.296808,5.546946,5.5605536,6.873801,6.7462215,6.8794637,6.8903947,5.3827705,6.310908,5.9602113,3.2095742,4.1100636,3.1025681,2.9955328,3.7275789,2.6397994,2.1026049,3.8797302,0.5986916,4.4469304,0.0,6.3547807,2.1918874,2.0690172,3.6945505,4.9591675,7.5097218,7.4122868,6.7648835,6.8822837,7.7004585,6.858223,8.457146,8.560706,6.3366647,6.5925207,6.5423803,6.31817,6.9531393,6.5616455,7.689469,7.856909,4.98845,5.3507915,5.4537272,5.6788945,6.3740134,6.460544,7.233047,7.278287,6.5272064,6.428215,7.5871596,5.701257,5.0588846,6.5572333,7.638152,7.559478,8.036057,7.897699,6.263511,6.3543143,7.821554,7.9233794,6.4705434,8.378255,7.1652985,8.61476,7.1424117,6.8450446,7.832311,7.8366323,7.932156,8.227752,5.9610343,6.401664,6.7159324,7.1840467,7.9291835,7.0116267,7.3037243,7.8019466,7.740748,7.5474286,8.596287,8.16875,8.004,7.194951,6.655526,8.4061575,6.377256,6.439551,6.5146394,7.252579,6.1895075,6.245994,9.003996,8.981631,5.4531827,6.300636,5.6164765,5.7702985,6.7123814,6.8571477,6.193051,6.3387427,7.014575,7.047887,5.3072076,5.1297827,6.6153245,6.565964,7.7414975,7.357658,7.087698,7.2531247,8.812587,8.399504,8.295293,8.643042,7.9810534,8.031095
27,7.973359,7.8555603,7.5803604,7.349878,6.7294135,8.253265,7.989789,8.256611,7.994769,8.951318,7.2744284,7.334298,6.7649255,6.302431,7.806104,7.6744027,6.3180413,6.7715616,5.9774814,6.148484,6.5458384,6.303769,6.574162,6.8180203,6.266894,6.7709603,6.3547807,0.0,6.366007,6.543962,6.637146,7.1000457,9.067399,9.363493,7.9562774,8.058447,7.6358232,8.904138,8.132641,8.059637,8.131192,7.5407386,8.282922,8.168133,8.364538,8.072354,6.682736,8.378818,7.2820387,7.603321,8.372388,8.026959,8.430022,8.464728,8.721874,8.648747,8.2603035,7.7942,8.377694,7.927386,6.6113605,7.243022,8.052268,7.992319,8.808828,8.763411,8.174209,8.226747,8.935565,8.677949,7.0882416,8.374106,9.632217,10.389368,9.57417,9.399685,8.812286,8.817159,8.836531,9.104799,7.4286103,7.4680643,8.661288,8.2939205,8.637604,8.7030735,8.887127,9.308699,7.47714,7.8504004,9.2390175,8.179589,7.969009,7.153931,7.5841517,8.463899,7.367556,7.7067366,8.102733,6.008296,9.087711,8.83013,10.124628,10.096599,8.042368,7.3788033,8.406333,7.9081235,7.670357,8.285503,7.374499,7.708671,9.552413,8.153705,8.483996,8.018447,7.8872967,8.482826,9.216461,7.910213,7.206435,7.425971,8.795618,8.538743,8.559606,8.463915,9.112051,8.2289715
28,4.656424,5.273893,5.2050133,5.159579,6.0742273,5.604477,4.820853,4.944675,5.2939024,6.3720984,6.252077,6.1868157,6.267865,4.7603045,5.994884,5.511377,2.7025523,3.501261,2.5577695,2.457896,4.4401345,2.5642834,1.8311162,3.1729498,2.199608,4.2147527,2.1918874,6.366007,0.0,0.65335083,2.8592525,4.3536057,7.2817945,6.9098206,6.2864766,6.382635,7.5087953,6.54119,8.223074,8.279962,6.158299,6.32778,6.2354417,6.162953,6.376281,6.0985465,7.4182315,7.4572415,4.7433033,4.933762,5.688829,5.5567055,5.941117,6.014462,6.4519544,6.5553575,6.422922,6.0997024,7.6138563,5.357974,4.683507,6.2249546,7.238743,7.179876,8.17213,8.056047,6.6415267,6.737232,7.621127,7.478003,6.6212196,8.579834,6.804248,8.74486,6.855876,6.610626,8.044223,8.047302,8.051295,8.337067,6.2586246,6.197395,6.9137506,7.3255057,8.038335,7.258697,7.5475802,8.062116,7.645557,7.414117,8.022756,8.366894,7.7941127,7.455513,6.933606,8.578815,6.153408,6.023682,6.049662,6.8335924,6.0438495,6.156992,8.946652,8.648499,5.4750795,6.289702,5.140317,5.797807,6.6618037,6.850094,5.8114953,6.184483,7.010418,6.4763083,5.6942887,5.337869,6.9137416,6.728591,7.032071,6.781037,7.1577616,7.2330937,8.814689,8.409346,8.061149,7.9402227,7.917609,8.024546
29,4.5954885,5.457592,5.3156595,5.247457,6.107454,5.622878,4.7793255,4.9756293,5.284855,6.3593116,6.3244696,6.27912,6.4663033,4.8309517,5.992303,5.6690083,2.6865969,3.50874,2.5252676,2.4142122,4.4791265,2.7324667,1.7974515,3.020521,2.109084,4.12843,2.0690172,6.543962,0.65335083,0.0,2.8586707,4.340024,7.297275,6.8805037,6.3120303,6.4079704,7.519381,6.550065,8.270864,8.32517,6.1606913,6.3583217,6.2809854,6.1624045,6.5902534,6.2923613,7.4458675,7.502957,4.6851463,4.9524293,5.658281,5.4167404,5.915379,5.9980745,6.4400992,6.580201,6.3901167,6.1890936,7.6498575,5.4062967,4.7388263,6.2676687,7.302252,7.2422156,8.277951,8.161339,6.7400236,6.8330827,7.64568,7.59572,6.7313085,8.550506,6.941215,8.860728,6.9887676,6.7463055,8.146979,8.151329,8.185546,8.477162,6.323041,6.375915,7.103896,7.4833055,8.196932,7.348886,7.61161,8.122523,7.7774014,7.5640836,8.021176,8.4829855,7.9284916,7.568221,7.0777097,8.695711,6.3819947,6.2352767,6.238708,7.0345545,6.0219812,6.182107,9.0885105,8.789107,5.507892,6.3591805,5.165336,5.954249,6.812619,6.979144,6.01821,6.38832,6.962101,6.6367865,5.6190953,5.440346,7.0204062,6.8312697,7.223348,6.972562,7.2556176,7.35917,8.907558,8.527618,8.182446,8.065871,8.029111,8.141125
30,4.761253,4.9989343,4.8808675,4.771157,6.216805,5.6338086,5.5600286,5.628588,5.2532015,5.865784,5.932973,5.8157115,6.9813576,4.1032386,5.6486683,4.9714494,1.5953358,2.776498,2.283143,2.2429686,4.4139924,3.94504,3.3408554,3.909571,3.608437,4.922078,3.6945505,6.637146,2.8592525,2.8586707,0.0,1.6893762,5.776571,5.2478685,4.9670615,5.0957685,6.2397747,4.826013,6.974278,7.0361586,4.2617497,4.5361896,4.3096323,4.235612,5.8215084,5.548325,5.934462,6.0069304,3.8529897,4.0177164,4.961165,4.786633,5.1984453,5.257104,5.5755672,5.711999,6.050315,5.5001388,7.343612,4.720108,4.2110047,5.9754944,6.7005086,6.6406145,7.383201,7.281891,5.5660076,5.671473,6.6930037,6.526338,5.678516,7.7084384,7.442209,9.29735,7.5306063,7.3197737,7.2426076,7.2453704,7.202084,7.5509963,6.013398,5.9662957,6.488286,7.0078564,8.139515,7.148689,7.2913246,7.879638,7.5574317,7.3457494,7.943252,8.361328,7.8111424,7.497601,6.976893,8.674431,5.8072743,5.9238515,5.5792336,6.4982414,6.5946693,6.614488,9.376317,9.047809,6.1185393,6.245992,5.66991,6.5851912,6.512293,6.598912,6.545811,6.868438,7.6211066,7.1220727,6.1602697,6.0126734,6.737549,6.459942,7.562573,7.352508,7.2316318,7.288174,8.816914,8.538573,8.8086605,8.17879,8.181132,8.260038
31,5.5675898,5.346405,5.1272545,4.9464135,6.914835,6.5128803,6.461651,6.5873003,5.8576074,6.081679,6.361926,6.2218575,7.8138504,4.648863,6.0351963,5.257166,2.6318703,3.4973836,3.2718024,3.3402333,4.8796654,5.280288,4.782028,5.3038306,4.9394803,6.137533,4.9591675,7.1000457,4.3536057,4.340024,1.6893762,0.0,5.4439335,4.872772,4.865146,4.991427,5.8749895,4.434518,6.708296,6.7584352,3.745577,4.051517,3.8786778,3.7136426,6.146163,5.9003897,5.5480423,5.701612,4.132577,4.3608003,5.2830634,4.8114886,5.411083,5.4414353,5.7135835,5.9102745,6.246137,5.7558756,7.6911526,5.063033,4.6485806,6.309407,6.856759,6.798565,7.294788,7.218332,5.440306,5.5391927,6.476565,6.533663,5.636001,7.6767006,8.355325,10.125106,8.419488,8.219685,7.136228,7.1453657,7.139488,7.5126257,6.5635877,6.4221315,6.900245,7.3351173,8.593191,7.6340733,7.714331,8.29937,8.032884,7.877187,8.515677,8.826222,8.146281,7.8473887,7.4184318,9.010598,6.3864946,6.4835076,6.144387,7.016938,7.3432193,7.5334516,10.146392,9.833393,7.086136,7.0067034,6.8084292,7.483879,6.9741793,7.0246162,7.502867,7.81249,8.411946,7.8703256,6.9285555,6.7184696,7.06956,6.7803636,8.295327,8.093399,7.2265687,7.292401,8.779526,8.604401,9.207407,8.334758,8.324838,8.400015
