,0,1,2,3,4,5,6,7,8,9,10,11,12,13,14,15,16,17,18,19,20,21,22,23,24,25,26,27,28,29,30,31,32,33,34,35,36,37,38,39,40,41,42,43,44,45,46,47,48,49,50,51,52,53,54,55,56,57,58,59,60,61,62,63,64,65,66,67,68,69,70,71,72,73,74,75,76,77,78,79,80,81,82,83,84,85,86,87,88,89,90,91,92,93,94,95,96,97,98,99,100,101,102,103,104,105,106,107,108,109,110,111,112,113,114,115,116,117,118,119,120,121,122,123,124,125,126,127
0,0.0,6.4263654,4.3559914,3.8774319,5.414252,6.3992934,5.9931126,6.157167,3.8341558,3.0088277,5.6386204,5.8265386,5.699326,5.5008807,4.8773766,4.8616962,7.034959,6.484118,5.8727164,6.7445626,6.9543858,6.404838,6.279642,6.552401,5.9954414,5.852939,5.2621107,5.0504165,4.410712,5.5479174,3.3559725,4.502321,7.234088,7.3069906,4.543255,4.0548267,6.003209,7.15949,8.128016,8.117759,6.529351,8.522237,7.892241,6.08356,6.9179225,6.860387,6.859073,6.8221083,5.980254,6.07919,5.453287,5.5810127,6.4839973,4.3138437,6.059917,6.1067524,5.508595,5.461722,6.469897,6.540124,6.035332,6.483918,5.2254467,4.617451,6.2843103,6.013026,6.485643,6.28016,7.169814,7.1751466,8.057269,8.245195,8.743523,7.9747367,8.213588,8.6582985,6.6238375,7.0400133,7.798387,7.6823945,7.3166475,7.196874,6.2411246,7.196003,6.1825213,6.579492,6.194655,6.6504793,7.6336923,7.4166474,7.13393,6.622771,7.1995955,7.4107466,8.577327,8.894088,7.698592,9.267545,7.2253284,7.0604644,6.816396,6.9377503,6.4810405,7.0523825,6.9206276,6.929606,4.3114944,5.067821,6.4511375,7.593148,7.0923615,7.135455,8.02249,6.5254364,8.448891,7.3993473,6.8230076,7.3188753,7.575031,7.877678,7.1170287,6.8588877,5.3578215,6.5956593,6.170815,7.1044545,7.012114,7.2190905
1,6.4263654,0.0,5.884738,6.2669916,7.682078,6.487915,7.425314,6.481297,6.548768,6.1139693,7.8780584,7.9924316,8.156002,7.0600724,8.001914,8.009103,5.4997716,5.231136,5.4708657,5.222427,6.0453963,5.5317607,5.5550923,5.0340095,7.310192,6.6888957,3.8085604,3.056031,6.502808,5.7846403,6.181441,7.14847,8.481925,9.52736,7.182585,7.5069017,7.902237,5.2654657,6.6312537,6.6077275,7.9701385,9.055579,9.136769,7.4803185,8.019881,8.150556,6.836929,7.335129,6.940174,7.044542,8.222891,7.718102,7.4015355,5.6295657,7.1609097,7.200657,8.253101,8.201966,8.255508,8.318844,6.800445,7.6341805,7.983465,7.5379825,7.5359597,7.2509747,7.725468,7.4913287,8.1943655,8.193187,9.035503,9.399448,9.912163,9.236788,9.374558,9.846772,8.834112,8.133802,8.6835575,8.54721,8.512531,8.312912,6.041869,7.0177755,5.8553615,6.39386,7.4010887,7.2478323,8.6261425,7.603671,6.9395576,6.636216,8.243005,8.426281,7.036174,7.418029,8.069453,9.507507,6.5993447,6.295946,6.9139757,7.062023,5.5565877,7.2505345,8.908739,9.044029,7.3400555,7.8588104,7.4774594,8.424594,7.7858667,8.260861,7.698123,8.680562,8.133878,8.266524,7.7752514,8.081803,8.414553,8.601817,9.521021,8.087424,8.219384,8.411753,8.817276,9.465005,8.51171,8.419888
2,4.3559914,5.884738,0.0,0.8120275,5.305202,4.6873755,6.0067163,4.548364,4.206779,3.8098977,5.5361633,5.673681,5.4623146,6.3445487,4.6802683,4.66027,6.083348,5.5074625,5.1120095,6.2420015,6.367411,5.381935,5.2397237,5.38896,5.991069,5.925856,2.9248772,3.6872916,5.207758,4.846269,4.4874854,5.3610353,8.040398,7.8616395,5.875623,4.766898,7.0614767,5.9072084,7.537488,7.561125,6.386022,8.485398,7.7510147,5.7567053,7.272204,7.147659,6.479585,6.5435205,6.59285,6.053462,6.2242417,6.2224197,7.0248466,5.615353,6.3834815,6.427176,5.463514,5.3414445,6.3428316,7.5687995,6.3927875,7.3144417,5.2146773,5.666244,6.1495457,6.3538632,6.8363705,6.5899734,7.256057,7.262241,8.346214,8.64822,8.9876,8.321258,8.487968,8.932924,7.4602385,8.078542,8.180878,8.194952,7.9009824,7.782644,5.9358993,6.945682,5.852134,6.252832,6.8768315,7.34352,8.33294,7.5124903,6.164389,5.877003,7.428835,7.665757,7.267441,7.620726,6.3419943,8.650748,5.6949654,6.2205286,5.6513424,5.84191,5.259266,5.7712,6.5177145,6.439527,5.03458,4.3962784,7.438421,6.4608183,6.538456,6.7018213,8.48925,6.795382,8.821466,7.813219,7.2337055,7.702261,8.038955,8.279924,7.3151245,6.661297,5.84642,6.765258,6.9337482,7.35769,7.3449445,7.5513706
3,3.8774319,6.2669916,0.8120275,0.0,4.9340954,4.802667,5.6902833,4.621359,3.7734962,3.3564832,5.2177176,5.368159,5.143249,6.10261,4.2457433,4.22342,6.395471,5.82857,5.312147,6.4481263,6.5962586,5.6632032,5.5286694,5.6753335,5.7816443,5.7214694,3.3057833,4.053586,4.9627056,4.946372,4.103496,5.07728,7.84833,7.616733,5.560757,4.34808,6.8372397,6.1808457,7.751374,7.776057,6.183014,8.334417,7.5679755,5.542988,7.101539,6.957121,6.463294,6.5189705,6.384472,5.830608,5.9069047,5.922312,6.842678,5.3875403,6.1852,6.230713,5.120863,4.9954233,6.111906,7.398141,6.1995883,7.1431527,4.8597245,5.3427896,5.969777,6.1846476,6.675242,6.4289813,7.100106,7.108021,8.20067,8.480606,8.850764,8.166485,8.338787,8.795346,7.198134,7.910905,8.020159,8.024967,7.7401776,7.6323833,6.0159845,7.0101066,5.9286523,6.3236365,6.6846337,7.170992,8.181994,7.5076375,6.2489786,5.946601,7.254188,7.491774,7.5725236,7.9100084,6.565589,8.80849,6.0319,6.5378633,5.8915024,6.0734515,5.5943336,6.014338,6.3201766,6.2426133,4.7433176,4.085737,7.379406,6.5232024,6.5024757,6.586598,8.374612,6.5383787,8.710261,7.66264,7.085536,7.5626984,7.8902698,8.151271,7.0605702,6.4913683,5.520801,6.4888597,6.668586,7.10508,7.168733,7.397054
4,5.414252,7.682078,5.305202,4.9340954,0.0,3.6208265,2.471026,3.4122047,4.798104,4.8086996,3.1444027,2.4095902,3.0990505,3.7952585,2.5336926,2.5708592,6.89292,7.0995364,6.9557304,6.2775764,6.1516533,5.609885,5.8555484,5.4562173,3.4656653,3.8291068,5.459888,6.046086,5.2421803,4.464304,4.790988,4.2625017,7.445655,8.510921,4.543482,5.050032,5.4835,6.8050637,6.7050767,6.7590857,6.275064,7.742329,7.2281065,5.320513,7.152605,6.7249866,6.7215633,6.9131265,6.4343863,5.684224,5.8778224,5.51155,5.7782454,4.386293,4.774044,4.8108687,4.6332083,4.9272203,4.4931707,6.0108476,6.2022796,7.2655087,5.3057027,5.439151,5.44194,5.666589,6.475057,6.169366,7.9932394,8.008048,9.117897,9.297418,8.284972,8.803214,8.47494,8.345163,8.264905,8.898215,8.58987,8.571282,6.869584,6.6929917,7.115367,7.953209,6.8483825,7.0671763,6.914417,7.1522193,7.8921633,7.959823,5.993462,5.9358196,8.212088,7.482576,9.635063,9.0399475,8.376688,10.09381,8.083603,8.04502,7.629802,7.8362775,7.4097385,7.7232933,6.4311132,6.4366393,5.215778,4.3561454,6.712115,8.021897,7.417716,7.139566,6.731389,5.3376493,7.141957,6.213501,6.0642023,6.3781314,6.763458,6.8087845,6.2710786,5.695748,4.3572345,4.8821425,5.8331175,6.094622,6.249235,6.4845533
5,6.3992934,6.487915,4.6873755,4.802667,3.6208265,0.0,4.219153,2.2731805,5.902823,5.81349,4.5313706,4.37439,4.495936,5.052949,4.15855,4.1842175,5.7453547,5.984461,6.3790016,5.4912996,5.3558254,4.5201063,4.819936,4.135402,4.8206053,5.0695662,4.5318375,5.0907636,5.7054424,2.709972,5.2184596,4.859453,8.258678,9.157782,5.643657,6.071796,6.428784,5.671751,5.5798383,5.654196,7.2335763,8.515205,8.167807,6.4326534,7.5057125,7.2292047,6.944342,7.1348257,7.222285,6.615283,6.740229,6.454602,6.638091,5.4892187,5.789652,5.805364,5.738528,6.040786,5.74441,6.5704575,6.6729603,7.988536,5.8198895,5.925768,5.8427486,6.012497,6.6791964,6.377591,8.177435,8.183782,9.606587,9.592344,8.940231,9.129517,8.848623,8.729163,8.544726,9.148756,9.015226,9.017806,7.198765,7.349274,6.4220557,7.3507395,6.5805545,6.3997316,7.2345524,7.479542,8.05417,7.878146,5.593882,5.559053,8.708323,8.028371,8.582505,7.901426,7.02168,9.003449,6.65958,6.9033356,6.0916643,6.338246,5.780932,6.190688,7.0438614,7.0494914,6.1003537,5.210197,6.4035187,7.6083117,7.6149106,7.336168,7.1929154,5.9434934,7.585674,6.8981495,6.568985,6.8777237,7.2972136,7.2648554,7.2038727,6.715587,5.636301,6.035822,6.678891,6.8332887,6.516723,6.720576
6,5.9931126,7.425314,6.0067163,5.6902833,2.471026,4.219153,0.0,3.2871203,5.072973,5.1623454,3.6885214,3.6765966,3.9976194,4.0026007,3.5308042,3.5723615,7.3480196,7.5662036,7.540104,6.594349,6.960146,6.517617,6.7386293,5.689497,4.5022707,3.7981808,5.7858853,6.3904424,6.0277734,4.8758287,5.1209764,5.344685,7.906126,8.814891,4.9082727,5.585996,6.0172963,6.6524262,6.7424836,6.813844,6.969243,8.824534,7.9149365,6.179992,7.436056,7.2217393,7.2329974,7.4545007,6.2821536,5.773767,6.080384,5.5708637,5.87923,4.5540566,5.098409,5.126201,5.156967,5.4929357,5.275226,6.7786474,6.1251082,7.485598,5.707912,5.8261766,6.0169063,6.1814585,6.848547,6.550267,8.303116,8.307792,9.34261,9.528975,8.813535,9.22402,8.982215,8.86952,8.1980915,8.814951,8.875873,8.772184,7.1743517,6.935005,7.067985,7.8970327,6.998771,7.2608323,7.0012474,6.997931,7.842296,8.068156,6.2893987,6.240873,8.556446,7.437635,9.695963,9.1474285,8.814933,10.420148,8.579559,8.64541,7.880484,7.8520794,7.693935,8.104203,7.075127,7.2167635,6.147811,5.445651,7.0551186,8.405582,7.8665075,7.230395,6.5925975,5.91031,7.146641,6.7342086,6.5636597,6.8444934,7.2211957,7.1758585,6.8015532,6.2861223,4.952342,4.838687,6.4233475,6.6486144,6.5534205,6.754222
7,6.157167,6.481297,4.548364,4.621359,3.4122047,2.2731805,3.2871203,0.0,5.456477,5.4728503,3.9968762,3.954207,4.025548,4.6173015,3.6465828,3.6725664,5.8952384,6.167069,6.4883137,5.664762,5.4023824,4.7187953,4.978103,3.9476666,4.749845,4.4403143,4.5400534,5.1499314,6.033823,3.4399166,5.5769606,5.2792606,8.364555,9.0251875,5.3996186,5.8032722,6.282155,5.5905604,5.6163745,5.694353,7.076612,9.197035,8.056096,6.232049,7.589676,7.302697,6.9358926,7.014915,6.950038,6.371895,6.341081,6.1234717,6.3675885,5.2010274,5.4843407,5.5048866,5.338422,5.639019,5.4362016,6.6347466,6.7315955,7.7503047,5.8873377,5.9979987,6.0307407,6.2012944,6.844764,6.524803,8.41599,8.415748,9.547834,9.758829,8.840344,9.351913,9.072893,8.873839,8.573398,9.171751,9.128591,9.183187,7.426655,7.199803,6.474175,7.418555,6.501708,6.672609,7.389755,7.630855,8.164534,7.8483133,5.288097,5.499051,8.948353,7.8966694,8.664879,8.02569,7.2508907,9.220048,6.9212112,6.9738955,6.417129,6.3890247,6.157849,6.443423,6.803057,6.8407373,5.7848463,4.866901,6.5718374,7.6210165,7.5962257,7.2583957,7.4181347,6.1681566,7.847676,6.980036,6.7781286,7.115464,7.5372887,7.4384565,6.753278,6.280012,5.06677,5.552269,6.3224072,6.5919414,6.5592566,6.800724
8,3.8341558,6.548768,4.206779,3.7734962,4.798104,5.902823,5.072973,5.456477,0.0,2.5013433,4.8802056,5.276403,4.9765067,4.9168386,4.4358153,4.4224825,6.960997,6.714213,5.2594466,6.632155,6.284644,6.302169,6.306465,6.0302362,5.555959,5.002156,4.670965,4.8407893,4.2189612,5.775242,3.9681401,4.69961,7.903551,8.012207,5.546135,4.6691,6.277775,7.2767477,8.569557,8.577233,5.8516,7.943195,6.496881,4.139588,6.2836123,5.5443034,5.5034122,6.1590796,5.9173985,5.126276,5.769745,5.822466,6.5367,4.811212,5.7214055,5.7587585,5.7398233,5.5182557,6.0975094,7.0647464,5.4560647,6.6208634,5.2094054,5.5463133,5.7539988,5.929796,6.223903,6.0363016,6.546008,6.5776305,7.703104,7.9204016,8.557504,8.037204,7.9276514,8.463514,7.3002696,7.396751,7.6463847,7.779457,7.899492,7.780032,6.778053,7.653904,6.511127,6.86154,6.520867,6.8182783,7.9027057,7.958349,6.474999,6.814625,7.432998,7.4470544,8.846121,9.093728,8.5609665,10.319316,7.736207,7.7622848,7.6457934,7.726538,6.7854433,7.385399,6.1519127,6.1159863,4.040986,4.130227,8.0843115,7.5191174,6.398219,6.9069037,7.913266,7.102149,7.992728,7.347726,7.024921,7.351529,7.7561426,8.037679,6.6952085,5.243324,4.8737984,5.9536915,5.955725,6.7031784,6.928598,7.0391846
9,3.0088277,6.1139693,3.8098977,3.3564832,4.8086996,5.81349,5.1623454,5.4728503,2.5013433,0.0,4.483428,4.8967395,4.751474,4.5773144,4.082101,4.0733604,6.365113,6.0465717,5.538969,5.9294624,6.584772,5.8131137,5.722082,5.6243005,5.08103,4.518606,4.2057743,4.108961,3.2402916,5.1398087,2.9701967,3.8767302,6.615541,7.4723425,4.8596644,3.7080834,5.9123235,6.95793,8.084085,8.080131,5.285319,7.538194,7.0639296,4.9234858,6.198076,6.3239913,6.123947,5.6975245,5.4442134,4.7245297,5.402067,5.0091476,5.87362,3.9728441,4.9667106,5.0190086,4.9605145,4.847743,5.5092587,6.2039895,4.7383146,5.9005404,4.759703,4.9092293,4.929062,5.150082,5.6463737,5.416227,6.3103137,6.3184395,7.213742,7.444681,8.048078,7.4497886,7.49049,8.007883,6.478013,6.719309,7.243257,7.4793153,7.0790834,6.9656725,5.807329,6.787916,5.756013,6.1880035,5.7892528,6.105369,7.221794,7.3383884,5.59741,6.0097075,6.6139145,6.7361593,8.178222,8.456528,7.2109923,9.313064,6.2461314,6.2251205,6.8962526,7.018502,6.155543,6.7801666,6.680988,6.635107,4.771734,4.9332175,7.713187,7.767813,6.8095503,7.2620344,7.420174,6.4203,7.6828985,6.7290983,6.410499,6.861466,7.155043,7.503504,7.2308145,5.8795094,5.449123,6.526197,6.4845357,7.288509,6.5417686,6.6528296
10,5.6386204,7.8780584,5.5361633,5.2177176,3.1444027,4.5313706,3.6885214,3.9968762,4.8802056,4.483428,0.0,2.3503838,1.7592913,3.3345923,1.8747698,1.920578,6.65194,7.0349283,7.5505943,6.172158,6.560044,5.452667,5.4350786,4.9661403,3.230167,3.1299198,5.7551003,6.251597,4.51672,5.052976,5.617847,3.8318439,7.3735857,8.629202,4.844126,4.816467,4.709201,7.7003613,7.448545,7.47782,5.8891964,7.847915,7.2987823,5.476628,6.397674,6.1942143,6.6771235,6.298863,6.0852494,5.5157847,6.0458155,5.9773154,5.616807,4.022795,4.45971,4.4550257,5.027693,5.3411174,3.8667605,5.248719,5.8828983,6.8363805,5.4824767,5.7308474,3.7831383,4.107207,4.865093,4.5355334,7.193653,7.1939697,8.362201,8.534336,7.9260073,8.610864,8.136834,8.014534,7.954174,8.004042,8.13716,8.282843,5.9367332,5.885393,6.05608,7.085915,6.026612,6.2261767,6.0329604,6.5578003,6.6909704,6.9835963,4.2345552,4.5101953,7.6971326,6.443214,9.148239,8.376653,7.923842,9.707784,7.1218996,7.092842,7.613337,7.7185793,6.929574,7.5564466,7.1602044,7.0778136,5.9401326,5.371698,7.339644,9.085803,7.985181,8.461027,6.797965,5.6105275,7.261678,5.532237,5.553018,6.028891,6.4035683,6.453203,6.872958,5.418381,5.3794,6.164528,6.4485955,6.6889334,5.3801446,5.4977536
11,5.8265386,7.9924316,5.673681,5.368159,2.4095902,4.37439,3.6765966,3.954207,5.276403,4.8967395,2.3503838,0.0,2.619197,3.637826,2.6117024,2.6374888,6.6196,6.9985657,7.3470864,6.1623764,6.126128,5.261849,5.29625,5.145265,2.6767328,2.857955,5.632878,6.1441493,4.501268,4.938937,5.569282,3.724543,7.096402,8.794276,5.024904,5.212245,5.076753,7.419791,7.08997,7.1240406,5.5960383,7.9199286,6.9530296,5.0159383,6.6492443,6.3908653,6.754874,6.2873163,6.3626027,5.590527,6.216875,5.9613657,5.658306,4.1190405,4.512719,4.5434275,4.9204392,4.9889216,3.3324158,4.8865275,5.9074807,6.901547,5.430411,5.6984043,4.422309,4.7080717,5.814566,5.395636,7.7503214,7.7588887,8.891963,9.042292,7.6901474,8.439493,7.9182687,7.786466,8.397931,8.549352,7.919836,8.081381,6.0752296,6.1113114,6.369332,7.3270407,6.384747,6.5367956,6.4305997,6.865823,7.418996,7.561543,4.983124,5.2404304,8.309089,7.1382127,9.537608,8.758788,8.054667,9.815879,7.238354,6.9838533,7.819915,7.9103975,7.2602973,7.7908874,6.7354016,6.6475,5.432568,4.7906637,6.8850527,8.768407,7.649552,8.1194105,6.358761,5.0373373,6.8453865,4.9675107,5.0125084,5.5330973,5.932796,5.9747953,6.419479,4.8776107,4.7871804,5.6556535,5.9509335,6.2050347,5.8135796,5.937789
12,5.699326,8.156002,5.4623146,5.143249,3.0990505,4.495936,3.9976194,4.025548,4.9765067,4.751474,1.7592913,2.619197,0.0,2.9925961,1.6106325,1.593296,6.678979,7.297537,7.3254333,6.227142,6.424667,5.406432,5.362691,5.0364256,2.8504074,3.4910707,5.9095707,6.3996315,4.955012,5.0199113,5.7986116,3.7812152,7.8021564,8.686328,4.864868,5.1365013,5.028905,7.954791,7.6402817,7.6876793,6.2061896,8.055679,7.3668294,5.5881767,6.797136,6.489531,6.860391,6.6063204,6.553691,5.8458695,6.2857656,6.2835298,5.751015,4.2765293,4.6575084,4.64564,4.8295593,5.2565684,4.1542416,5.4414997,6.3115635,7.1706514,5.642581,5.9794173,4.235397,4.553966,5.133027,4.902779,7.33472,7.341401,8.480744,8.643037,7.745245,8.652345,8.244328,7.8379464,8.126505,8.256117,8.923257,9.060832,6.4160433,5.6877923,6.558866,7.493646,6.467203,6.681308,6.5492806,7.081659,7.029731,7.4248366,4.9943137,5.2003274,7.8809514,6.9945064,9.2676735,8.691792,8.123218,9.873367,7.435182,7.502493,7.788275,7.9020505,7.159062,7.664172,7.132378,6.9638133,6.0916367,5.3287683,7.390125,8.894893,7.896655,8.40111,6.9869566,5.5027585,7.4332104,5.818412,5.6035304,6.058487,6.4103384,6.307282,6.5825667,5.205693,4.938471,5.8359847,6.1228337,6.2858753,5.1153984,5.286676
13,5.5008807,7.0600724,6.3445487,6.10261,3.7952585,5.052949,4.0026007,4.6173015,4.9168386,4.5773144,3.3345923,3.637826,2.9925961,0.0,3.538173,3.5405574,5.7979007,6.606715,6.5215855,4.953236,5.5265913,5.033803,4.961695,4.3203645,3.4524822,3.5831068,6.0108304,5.7395773,4.55602,4.339472,5.141233,3.4097855,7.0804205,8.863849,4.4289055,5.3117986,4.6975,7.5551195,6.824113,6.8333,6.3867307,7.9574676,7.473302,5.7265134,6.889744,6.773709,6.785844,6.343651,6.24348,5.6066527,6.2572756,5.914012,5.500899,3.3513737,4.3750205,4.3727055,5.3802757,5.6591325,4.610387,5.027147,5.632643,6.781982,6.030629,6.033415,4.7828684,4.9013467,5.425082,5.2890453,7.532194,7.544573,8.362854,8.535392,7.641528,8.555161,8.085017,7.7125936,7.921676,7.875748,9.050195,9.159121,6.5440054,5.6555796,6.6465507,7.476463,6.46204,6.7576137,6.5661173,6.75332,6.8841734,7.6555424,5.4778314,5.81686,8.048845,7.2349834,9.337396,8.8177805,8.3952465,10.065456,7.596479,7.1372867,7.819915,7.9104114,7.002268,7.718758,7.4417353,7.343816,6.123371,6.052859,7.3472195,8.788728,7.6930647,8.114941,6.223952,5.759286,6.705956,5.7456822,5.597304,5.912108,6.262221,6.1378574,6.897192,5.3422155,4.784821,5.6817446,5.9581637,6.648725,5.373207,5.4417324
14,4.8773766,8.001914,4.6802683,4.2457433,2.5336926,4.15855,3.5308042,3.6465828,4.4358153,4.082101,1.8747698,2.6117024,1.6106325,3.538173,0.0,0.086234115,6.774824,7.015562,7.05674,6.3594437,6.6852126,5.7154384,5.6816163,5.330528,3.6603122,3.9064524,5.542734,6.100479,4.810055,4.5882897,4.9047847,3.7998817,7.4558387,8.091365,4.273435,4.168279,5.076222,7.3058867,7.28584,7.328125,5.9853115,7.953505,7.286325,5.4251075,6.661353,6.4851613,6.760111,6.4803424,6.234949,5.563045,5.5392394,5.4771986,5.728664,4.315471,4.818677,4.8278728,4.130337,4.440738,4.1689925,5.627155,6.0748367,6.975547,4.769591,5.1454077,4.5326505,4.7979126,5.4248624,5.1992817,7.3227205,7.329138,8.406733,8.56538,7.9569225,8.5318365,8.175765,8.022412,7.523178,8.16172,8.5196,8.691971,6.5298142,6.1856713,6.473616,7.397281,6.406668,6.629251,6.4447036,6.9355874,7.304397,7.511848,5.1317563,5.4612093,7.78135,6.978686,9.19358,8.6884165,7.5088525,9.404345,7.16932,7.3805804,7.175781,7.3039303,6.906668,7.0610147,6.495513,6.3749814,5.278718,4.4133115,6.9536457,8.305353,7.783639,7.8128147,7.2542515,5.2352867,7.637367,6.1042275,5.955576,6.4083624,6.7425313,6.783688,6.2065554,5.5593123,4.485849,5.441593,5.7808256,6.045508,5.458238,5.7613215
15,4.8616962,8.009103,4.66027,4.22342,2.5708592,4.1842175,3.5723615,3.6725664,4.4224825,4.0733604,1.920578,2.6374888,1.593296,3.5405574,0.086234115,0.0,6.769206,7.014584,7.033026,6.3596244,6.694546,5.727136,5.684956,5.3458867,3.6577332,3.918981,5.5407367,6.1000237,4.8099937,4.6044054,4.909373,3.7954717,7.4586477,8.065563,4.263492,4.154223,5.072767,7.3128753,7.303469,7.346178,5.969238,7.956509,7.2666173,5.407864,6.6521096,6.480577,6.749525,6.4708457,6.2251806,5.550895,5.52859,5.4770145,5.719937,4.3135967,4.8306346,4.8394628,4.1076903,4.4139047,4.1648,5.625691,6.067362,6.962008,4.749174,5.1378903,4.5303316,4.7925615,5.411315,5.1924305,7.306189,7.3129935,8.382929,8.541346,7.9322405,8.507451,8.154676,7.997124,7.505501,8.142047,8.528637,8.701691,6.5283494,6.161192,6.466806,7.3838463,6.3971434,6.621641,6.435389,6.9298387,7.3051243,7.512111,5.1527276,5.483894,7.769193,6.9817233,9.177071,8.684507,7.4981537,9.392957,7.161426,7.3867707,7.1660686,7.292345,6.897441,7.0475435,6.4735074,6.347701,5.2707596,4.4003515,6.9577413,8.282837,7.765167,7.803863,7.2519717,5.214689,7.63345,6.09978,5.939913,6.3915143,6.7240057,6.762715,6.175095,5.5274916,4.4560437,5.420341,5.752153,6.0139565,5.4298596,5.7349653
16,7.034959,5.4997716,6.083348,6.395471,6.89292,5.7453547,7.3480196,5.8952384,6.960997,6.365113,6.65194,6.6196,6.678979,5.7979007,6.774824,6.769206,0.0,1.8784639,3.881369,1.4563861,5.283681,4.560608,4.4488583,4.88147,6.1017265,6.321096,5.4987974,4.758691,5.57907,4.873278,6.6585383,5.479503,7.6083074,9.035044,5.761485,5.7896566,5.418102,5.796564,5.321849,5.2960553,6.674873,8.201204,8.029264,6.392574,7.3326597,8.297646,6.630544,5.9072566,6.2047257,6.243205,6.7029996,6.70323,6.3971276,5.329475,7.2001543,7.2125463,6.010865,6.1804,5.3723044,5.4167833,5.3032603,6.5034747,6.1668673,6.0622396,6.6723933,6.3226867,6.887971,7.0964994,8.607962,8.62456,8.459346,8.833851,8.035464,8.162622,7.973873,8.001017,8.252273,7.967848,9.631631,9.51384,6.440063,6.3079453,5.1202464,5.6129084,4.797074,5.2442117,6.5567036,6.4825864,8.111659,7.5538917,5.6124763,5.9019012,7.8324027,7.3254557,6.8249826,6.119735,6.313123,8.508305,4.89807,5.4599133,5.0994344,5.402936,3.1804328,5.543188,7.7838163,7.6306815,7.4162226,7.485248,8.480354,7.0187197,7.32256,8.222669,7.0070806,6.5582666,7.49269,6.501497,6.1644354,6.5182095,6.8417106,6.844399,7.9867163,6.274652,6.1786213,6.8163233,7.69921,8.430489,6.8218126,6.739181
17,6.484118,5.231136,5.5074625,5.82857,7.0995364,5.984461,7.5662036,6.167069,6.714213,6.0465717,7.0349283,6.9985657,7.297537,6.606715,7.015562,7.014584,1.8784639,0.0,3.5007591,2.661029,5.7887464,5.122352,4.9943132,5.5440335,6.8422403,6.858234,5.2001724,4.4416466,5.4893255,5.059668,6.147055,5.759502,7.4489584,8.62803,5.7825994,5.266582,5.7574944,5.323766,5.5365896,5.4910064,6.6330824,8.261733,8.098449,6.413905,7.340675,8.360601,6.643328,5.9641275,5.9873962,6.223928,6.334862,6.406503,6.748825,5.615102,7.598935,7.6264024,6.012983,6.016511,5.7692513,5.981533,5.190429,6.435564,5.737225,5.585438,7.0684643,6.702891,7.3031936,7.4698,8.62673,8.642616,8.450075,8.842443,8.52497,8.06291,8.031345,8.444212,7.8424234,7.841911,9.1427965,8.9264765,6.6436243,7.01244,4.9477744,5.4625993,4.6427355,5.1328177,6.4234996,6.356044,8.36392,7.5244937,6.067035,6.0635805,7.629266,7.28015,6.5571976,6.021585,5.889892,8.226043,4.6634016,5.3717313,4.3640084,4.7368565,2.5784795,5.105628,7.5090833,7.4129734,6.9520464,7.159233,8.435029,6.3126035,7.040043,7.6910553,7.5209417,6.739295,7.99093,7.022333,6.65606,7.042736,7.356556,7.538031,8.075862,6.799231,6.294578,6.9778056,7.825495,8.641005,7.477352,7.457248
18,5.8727164,5.4708657,5.1120095,5.312147,6.9557304,6.3790016,7.540104,6.4883137,5.2594466,5.538969,7.5505943,7.3470864,7.3254333,6.5215855,7.05674,7.033026,3.881369,3.5007591,0.0,4.1909466,5.504327,5.849329,5.8260574,6.237445,7.0079575,7.1123657,5.0894403,4.394411,5.684121,5.6150827,5.6750836,5.9249964,8.275939,8.460548,6.0150385,5.5620184,6.514393,5.815099,6.847628,6.8339443,6.684935,8.217314,7.2133737,5.3090687,7.2666693,7.651595,5.790909,6.1575704,6.344613,6.1057553,6.353003,6.543577,7.0699267,5.966099,7.8109956,7.8440275,6.115921,5.931537,6.601282,6.944267,5.5202336,6.702827,5.694887,5.76198,7.66995,7.381997,7.728876,7.9272823,8.23969,8.281106,8.2314625,8.588573,8.525377,7.9185214,7.9403563,8.369717,7.8843246,7.945665,9.391524,9.288719,8.0501995,7.8254747,6.472029,6.872801,5.95419,6.4021506,7.189711,7.0968394,9.131727,8.550281,7.3729506,7.7096777,7.9059467,8.253028,7.423912,7.6486645,7.4187274,9.33998,6.528611,7.12732,5.7718034,6.0560336,4.4063582,5.854971,6.5977445,6.4434004,5.8641844,6.119545,8.682631,5.577723,6.2266192,6.9284577,8.041647,7.277733,8.170003,7.760199,7.2551994,7.5104733,7.8721066,8.03655,7.245378,5.94085,5.244038,6.092943,6.841531,7.7465973,7.663281,7.701624
19,6.7445626,5.222427,6.2420015,6.4481263,6.2775764,5.4912996,6.594349,5.664762,6.632155,5.9294624,6.172158,6.1623764,6.227142,4.953236,6.3594437,6.3596244,1.4563861,2.661029,4.1909466,0.0,5.3815746,4.6221647,4.5784097,4.6484275,5.4886885,5.6628966,5.3569818,4.62135,5.278407,4.4984846,6.113217,5.094549,7.025202,8.811822,5.11528,5.4999256,4.9983244,5.564866,4.916994,4.893852,6.40817,7.5353456,7.8155003,6.1878467,6.99813,8.025612,6.389967,5.7162232,5.699758,5.6815495,6.463814,6.158482,5.7288284,4.528593,6.5488515,6.5626287,5.633329,5.8711667,5.0201015,5.104554,4.7439547,6.1456985,5.946958,5.7809,6.2220097,5.864435,6.4683523,6.683581,8.242938,8.259631,8.112746,8.481956,7.708933,7.963233,7.725994,7.7041664,7.8864074,7.6107254,9.37385,9.28879,6.137135,5.824952,5.142686,5.6624517,4.7460284,5.252942,6.2303333,5.9784875,7.7055607,7.3702664,5.371301,5.814983,7.4227285,6.9586396,7.038152,6.3640647,6.604571,8.629441,5.3056965,5.7612996,5.514939,5.8481364,3.8694904,5.90873,7.7499876,7.643847,7.3485084,7.4289255,8.132551,7.3672814,7.430395,8.133208,6.196098,6.175554,6.719614,6.005496,5.7384496,6.061106,6.371501,6.37314,7.873051,6.1189528,5.988833,6.3684125,7.5279355,8.225284,6.4047184,6.313597
20,6.9543858,6.0453963,6.367411,6.5962586,6.1516533,5.3558254,6.960146,5.4023824,6.284644,6.584772,6.560044,6.126128,6.424667,5.5265913,6.6852126,6.694546,5.283681,5.7887464,5.504327,5.3815746,0.0,2.5597327,3.1380386,3.723237,5.9977646,6.34306,5.7425075,4.8363237,5.785408,4.929732,6.707594,5.3130965,8.9653845,10.764753,7.5658407,7.8607163,7.301202,7.898374,7.481669,7.459557,8.157958,9.577407,8.506366,6.8138227,8.803259,7.782907,7.3600087,7.376395,8.743779,8.059813,8.246332,8.323744,8.234256,6.3733196,6.455145,6.48237,8.198153,8.362769,7.3216434,7.0984435,7.9617615,8.688053,8.438283,8.128029,7.407007,7.6302147,8.113637,7.7732635,9.1277685,9.14186,10.301996,10.536795,9.458122,9.824642,9.570676,9.415475,10.286187,9.970209,9.841707,9.736245,8.812402,8.612485,7.954523,8.852275,7.644797,7.7781343,8.731181,9.146867,8.749517,8.65547,7.0040045,6.44122,9.787409,9.293711,9.304983,8.82911,9.098182,10.814943,7.866179,6.2764006,7.9820757,8.152924,6.705031,7.9315352,8.374159,8.285049,6.3588676,6.6405315,8.513556,8.157433,6.7817144,7.9648128,8.684259,8.388416,8.98127,8.166145,7.844018,8.065807,8.535882,8.495328,8.578424,6.9228196,6.613406,8.048151,7.3558817,8.281322,8.357626,8.318161
21,6.404838,5.5317607,5.381935,5.6632032,5.609885,4.5201063,6.517617,4.7187953,6.302169,5.8131137,5.452667,5.261849,5.406432,5.033803,5.7154384,5.727136,4.560608,5.122352,5.849329,4.6221647,2.5597327,0.0,1.3102431,2.5670946,4.8679934,5.3888645,4.7234936,4.013049,4.9831133,4.1645265,6.1969852,4.472004,8.044531,10.046717,6.84735,7.0250096,6.6415334,7.3874817,6.9634724,6.9505744,7.4047494,8.853358,8.568966,6.846304,8.271163,7.7423577,7.31082,6.824878,7.997601,7.394929,7.805354,7.716579,7.3555655,5.434011,5.4671903,5.4918895,7.325036,7.6339073,6.3995743,6.307627,7.294906,7.993842,7.7819414,7.5057597,6.0413327,6.347275,6.957887,6.5494614,8.379735,8.376577,9.573712,9.834014,8.861658,9.2083645,9.06822,8.871247,9.53832,9.183943,9.240435,9.152461,7.621519,7.374713,6.603956,7.674797,6.4237137,6.6171007,7.679598,8.207903,7.6973076,7.4475617,5.53655,4.5951447,8.63529,8.166324,8.171859,7.6380672,7.7133236,9.722597,6.2208853,4.663369,7.0358157,7.2825236,5.7327576,7.178792,8.435215,8.330334,6.6801257,6.7054157,7.902701,8.255534,6.9312906,8.127095,7.9592485,7.4989266,8.461042,7.28637,6.8781533,7.2369184,7.6422877,7.6291423,8.6466,6.9136252,6.8696313,8.139395,7.652204,8.372586,7.4554453,7.395993
22,6.279642,5.5550923,5.2397237,5.5286694,5.8555484,4.819936,6.7386293,4.978103,6.306465,5.722082,5.4350786,5.29625,5.362691,4.961695,5.6816163,5.684956,4.4488583,4.9943132,5.8260574,4.5784097,3.1380386,1.3102431,0.0,2.3095834,5.0496693,5.54318,4.65773,3.8830373,4.8459873,4.151138,6.1435237,4.3654523,7.8564687,9.950215,6.789193,6.8412023,6.5635753,7.4380264,7.0076385,6.9760776,7.3320932,8.881978,8.594143,6.8675985,8.229888,7.760678,7.419037,6.7445655,7.8647366,7.3262253,7.8813496,7.8223925,7.484014,5.281485,5.6233077,5.6433973,7.400483,7.5355315,6.2803984,6.407783,7.2001185,8.059139,7.6452184,7.586802,5.8046517,6.138074,6.761633,6.3555055,8.228994,8.227087,9.430437,9.697885,8.897678,9.189891,8.998372,8.905163,9.317262,8.9486065,9.146955,9.024482,7.4860063,7.1897287,6.340249,7.4597163,6.2127204,6.4603696,7.5178514,8.093774,7.53356,7.2895684,5.664315,4.4228635,8.574204,8.121026,8.007467,7.5169554,7.526705,9.577333,5.961777,4.3376527,6.89884,7.122558,5.604292,7.107738,8.451123,8.3134985,6.6389337,6.692775,7.8742595,8.159415,6.8517385,8.084862,7.8907213,7.3274565,8.485263,7.1781597,6.684383,7.105848,7.499229,7.493514,8.631458,6.8661118,6.863174,8.17691,7.6141853,8.343592,7.3771563,7.3189845
23,6.552401,5.0340095,5.38896,5.6753335,5.4562173,4.135402,5.689497,3.9476666,6.0302362,5.6243005,4.9661403,5.145265,5.0364256,4.3203645,5.330528,5.3458867,4.88147,5.5440335,6.237445,4.6484275,3.723237,2.5670946,2.3095834,0.0,5.110883,5.008083,4.29275,3.753192,5.3907394,3.5070405,6.010118,4.948682,7.9970555,9.97627,6.555771,6.9216156,6.7022514,6.6515517,6.2097883,6.1904674,7.436227,8.912616,8.587642,6.849951,7.9919763,7.500288,7.148369,6.736149,7.6470017,6.981895,7.8434653,7.482052,7.1562552,5.077167,5.2329698,5.244739,7.3482475,7.425762,6.4108205,6.8137455,7.1130314,8.120435,7.5852904,7.62558,5.604553,5.964806,6.510793,6.0829387,8.078607,8.074552,9.392454,9.63877,9.047098,9.577819,9.192449,9.084196,9.18963,8.966962,9.115423,9.226363,7.8101215,7.3856997,6.492038,7.613761,6.4164834,6.6653476,7.6662707,8.020916,7.6490173,7.518304,5.096334,4.858276,8.934993,8.259897,8.282426,7.7661953,7.5681186,9.526659,6.2513733,4.9850984,7.0746574,7.193508,5.992773,6.9852214,8.31776,8.265146,6.624336,6.5158997,7.4129095,8.634675,7.5763083,8.234853,7.561613,7.438443,8.032814,7.1784024,6.938978,7.2648735,7.6768513,7.6283426,8.46113,6.8783507,6.8520865,7.7706914,7.4633393,8.0817995,7.1171446,7.120679
24,5.9954414,7.310192,5.991069,5.7816443,3.4656653,4.8206053,4.5022707,4.749845,5.555959,5.08103,3.230167,2.6767328,2.8504074,3.4524822,3.6603122,3.6577332,6.1017265,6.8422403,7.0079575,5.4886885,5.9977646,4.8679934,5.0496693,5.110883,0.0,2.2333608,5.4455233,5.9261584,4.4625177,5.43271,6.005255,3.7404912,7.1690383,8.596616,5.0205517,5.7374997,4.7527933,7.5766587,7.326685,7.3823757,5.4755707,7.3431835,6.9179516,5.1181283,6.4165254,6.369364,6.3264527,6.242742,5.9232664,5.3089194,6.525181,6.284554,4.7793074,3.3522525,4.116526,4.1271873,5.125334,5.5805674,3.7476099,4.5684733,5.552731,6.2520804,5.993602,5.9277525,3.9796135,4.0248823,5.0002456,4.689089,7.2074556,7.2156253,8.232685,8.413978,7.0581436,7.8390183,7.5656457,7.144865,8.454549,7.881503,8.245065,8.262768,5.4440465,4.7371993,5.810501,6.687947,5.602241,5.8352337,5.7291465,6.1174355,6.770064,6.8687654,4.824704,4.805269,7.3010406,6.5698366,8.706624,8.127365,8.300075,9.877197,7.120513,7.112154,7.8872566,8.070576,6.8712115,7.980288,7.311848,7.207705,6.450113,6.036887,7.0348296,8.975121,7.4246454,8.441477,5.4247336,5.155517,6.0185895,4.550948,4.179377,4.619464,4.987695,4.9185367,6.84902,4.556932,5.4449844,5.962165,6.473309,6.616133,4.9583654,4.857061
25,5.852939,6.6888957,5.925856,5.7214694,3.8291068,5.0695662,3.7981808,4.4403143,5.002156,4.518606,3.1299198,2.857955,3.4910707,3.5831068,3.9064524,3.918981,6.321096,6.858234,7.1123657,5.6628966,6.34306,5.3888645,5.54318,5.008083,2.2333608,0.0,4.9840093,5.5467267,4.3246894,5.5314345,5.7440615,4.3112097,7.051746,8.50207,5.1145096,5.6127114,5.023441,7.0271792,7.21128,7.2637877,5.1659865,7.8156233,6.770807,4.842948,5.867673,5.9619927,6.017975,5.896104,5.311428,4.7121015,6.2813864,5.845653,4.5271335,3.0445354,3.9385667,3.9632182,5.247028,5.4637194,3.909948,4.828231,4.9156656,5.8081007,5.7671533,5.719059,3.891725,3.8911402,4.938244,4.51498,6.944548,6.9453206,7.992529,8.183019,7.220328,7.7692356,7.4408016,7.312196,8.091957,7.4156876,7.384745,7.580345,5.576992,5.2637606,5.263549,6.257458,5.3270535,5.6015973,5.387407,5.6013007,6.7188416,6.78074,4.2150497,4.9272666,7.4753466,6.34633,8.6067705,8.101709,8.174065,9.737436,6.8633223,6.8518596,7.874778,7.8591833,6.8206954,7.849722,7.1661882,7.175644,6.1483774,5.8951435,6.8905725,9.186758,7.598435,8.459183,5.186236,5.5123444,5.717824,4.4282403,4.35293,4.822819,5.219721,5.252953,6.8635607,4.3908215,5.5847363,5.8894224,6.476995,6.691133,5.199217,5.0922866
26,5.2621107,3.8085604,2.9248772,3.3057833,5.459888,4.5318375,5.7858853,4.5400534,4.670965,4.2057743,5.7551003,5.632878,5.9095707,6.0108304,5.542734,5.5407367,5.4987974,5.2001724,5.0894403,5.3569818,5.7425075,4.7234936,4.65773,4.29275,5.4455233,4.9840093,0.0,2.0145638,5.0518107,4.6739974,4.812314,5.626014,7.5835605,8.33923,6.146846,5.802466,7.0820217,4.8325114,6.61934,6.6355786,6.057368,7.763273,7.4617915,5.4377365,6.772824,6.6795006,5.6727753,6.038976,6.142407,5.5138235,6.9644775,6.430145,6.4124055,4.8450055,5.7309866,5.7835913,6.3035364,6.074992,6.351363,7.395384,5.8701134,6.915519,6.022814,6.2636747,5.6488056,5.768839,6.4531245,6.089989,6.8697453,6.8756657,8.128266,8.448595,8.723712,8.186426,8.17325,8.689293,7.916852,7.789127,7.3845477,7.5432334,7.6454887,7.5183444,5.3849435,6.502345,5.251243,5.7096386,6.549757,6.719141,8.094688,7.1063857,5.404676,5.557832,7.38666,7.5671687,6.8639736,7.162481,6.747824,8.70793,5.376601,5.5997305,6.2156634,6.422983,5.2482867,6.2188478,7.0096207,7.040937,5.532897,5.26136,6.874993,7.4457955,6.775096,7.2718287,7.1895566,7.0099034,7.4907513,6.9820986,6.547231,6.9534125,7.325931,7.5933967,7.8294573,6.3266087,6.6294875,7.00926,7.3636155,7.704516,7.2346706,7.275626
27,5.0504165,3.056031,3.6872916,4.053586,6.046086,5.0907636,6.3904424,5.1499314,4.8407893,4.108961,6.251597,6.1441493,6.3996315,5.7395773,6.100479,6.1000237,4.758691,4.4416466,4.394411,4.62135,4.8363237,4.013049,3.8830373,3.753192,5.9261584,5.5467267,2.0145638,0.0,4.6621265,4.2344575,4.4601755,5.245083,7.2775035,8.701746,6.2647886,5.93309,7.108574,5.3192673,6.589324,6.563542,6.473029,8.019314,7.87781,5.951289,7.223049,7.1766577,6.140082,5.9807935,6.576172,5.973609,7.094805,6.546506,6.823781,4.902482,5.8133473,5.8688126,6.7540817,6.5626006,6.751351,7.195729,5.923354,7.0109,6.5117235,6.5119824,6.079368,6.2125683,6.8010855,6.487067,7.1973586,7.202217,8.249499,8.565709,8.812714,8.261047,8.266142,8.757002,7.9238143,7.7799215,7.8083153,7.939662,7.938045,7.779264,5.715896,6.7866607,5.58133,6.031731,6.90723,7.062581,8.036143,7.3720036,5.774286,5.8188553,7.6221037,7.8708963,6.9998913,7.323439,6.727152,8.799747,5.2104974,4.644344,6.150194,6.371342,4.9958415,6.1523166,7.5100994,7.5102487,5.677468,5.892087,7.344566,7.3690996,6.629874,7.271315,7.527276,7.4129314,7.8446693,7.3526993,6.9297404,7.3095965,7.665718,7.919972,8.320065,6.792137,6.764592,7.5253015,7.4883585,8.205633,7.6253324,7.637406
28,4.410712,6.502808,5.207758,4.9627056,5.2421803,5.7054424,6.0277734,6.033823,4.2189612,3.2402916,4.51672,4.501268,4.955012,4.55602,4.810055,4.8099937,5.57907,5.4893255,5.684121,5.278407,5.785408,4.9831133,4.8459873,5.3907394,4.4625177,4.3246894,5.0518107,4.6621265,0.0,5.0472026,3.942342,2.1784408,6.362434,8.25777,5.45885,4.660223,5.1233277,7.740415,8.149571,8.132859,5.14129,7.473258,6.9199705,4.882959,5.8147416,5.9484506,6.269165,5.4875774,5.6661077,5.1813846,5.98265,5.9444366,6.012696,3.8960493,5.0998406,5.1331196,5.811682,5.7364917,4.794067,4.563254,4.161929,5.7942796,5.0691166,5.0372806,4.1154695,4.235517,5.056362,4.745953,6.4003835,6.4140344,7.602624,7.497235,7.661698,6.9195237,6.8010826,7.319497,7.1098094,6.5768576,6.7726617,6.7745233,5.601324,6.3399744,4.8768387,5.93061,5.2705007,5.1291428,4.879088,5.4373617,6.3591733,6.878582,5.3338914,5.133062,6.810928,6.4358687,8.235448,8.001067,7.330849,9.359774,5.745868,5.3787217,6.8269353,7.0053406,5.4765024,6.9366965,7.1659527,7.055664,5.366671,5.795295,7.7399626,8.105672,6.475686,7.7781844,6.488953,5.7933755,6.925136,5.441158,4.9738503,5.5268807,5.8903008,6.258328,7.507664,5.31718,5.739005,7.0265546,6.5834436,7.394994,6.0703607,5.9531274
29,5.5479174,5.7846403,4.846269,4.946372,4.464304,2.709972,4.8758287,3.4399166,5.775242,5.1398087,5.052976,4.938937,5.0199113,4.339472,4.5882897,4.6044054,4.873278,5.059668,5.6150827,4.4984846,4.929732,4.1645265,4.151138,3.5070405,5.43271,5.5314345,4.6739974,4.2344575,5.0472026,0.0,4.076063,4.1103144,7.3389955,8.9465275,5.0779386,5.490331,6.2178926,5.5883384,5.0925994,5.0994515,7.2614446,8.571539,8.473035,6.7994847,7.6177964,7.685441,7.2930317,6.751556,7.1182604,6.5778537,6.447987,5.9569616,6.702371,5.021465,5.7083654,5.7327075,5.7281246,5.863952,5.933679,6.1168165,6.2415895,7.6962824,5.7004504,5.6493964,5.9849253,6.1063614,6.7113857,6.4904385,8.146073,8.149989,9.275772,9.255186,8.774667,8.873987,8.594873,8.5549965,7.771333,8.590729,9.064236,9.140575,7.295418,7.300807,6.308282,7.215718,6.5517244,6.467059,7.2177,7.383256,7.810914,7.9874153,5.8741965,5.9609895,8.647272,8.143205,8.469112,7.9736047,6.3000855,8.497848,5.9716244,5.688221,5.547497,5.7723308,5.3160257,5.615327,7.300609,7.274827,5.898851,5.6187224,6.3923507,7.3679104,7.575455,7.187208,7.233246,5.908939,7.67522,6.991785,6.6715684,7.008983,7.360583,7.3651867,7.4782276,7.119698,5.49631,6.327969,6.487602,7.155278,6.6491117,6.8755383
30,3.3559725,6.181441,4.4874854,4.103496,4.790988,5.2184596,5.1209764,5.5769606,3.9681401,2.9701967,5.617847,5.569282,5.7986116,5.141233,4.9047847,4.909373,6.6585383,6.147055,5.6750836,6.113217,6.707594,6.1969852,6.1435237,6.010118,6.005255,5.7440615,4.812314,4.4601755,3.942342,4.076063,0.0,3.9642863,6.691542,7.8882604,4.98096,4.3865733,6.594371,6.6511827,7.570235,7.5657873,6.621097,8.108218,8.03944,6.233461,7.1535497,7.260584,7.1874237,6.8268914,6.2684836,5.7760367,5.7396255,5.170257,6.7089343,4.7385235,5.7896175,5.8459334,5.504341,5.4147797,6.4251204,6.782786,5.214017,6.986894,4.802444,4.7882156,6.1240363,6.2803917,6.8204503,6.5812035,7.2340693,7.2448635,8.381821,8.310184,8.893378,7.896044,8.04614,8.582532,6.454888,7.433113,7.8439097,7.7535543,7.458406,7.7225327,6.445415,7.326093,6.674072,6.721867,6.421193,6.551805,7.623618,8.031036,7.1329155,6.8107204,7.395495,7.610635,8.72641,8.919239,7.3260665,9.352995,6.9588876,6.8740363,6.4854817,6.6883373,6.2949505,6.7667637,7.038067,7.0847964,5.134634,5.311254,7.2059813,7.1455274,6.830309,6.3705034,7.4258513,6.153488,7.8445053,7.425254,6.8785343,7.265002,7.548488,7.856624,7.6149993,7.199212,5.530539,6.399105,6.6012063,7.4371095,7.2434626,7.42741
31,4.502321,7.14847,5.3610353,5.07728,4.2625017,4.859453,5.344685,5.2792606,4.69961,3.8767302,3.8318439,3.724543,3.7812152,3.4097855,3.7998817,3.7954717,5.479503,5.759502,5.9249964,5.094549,5.3130965,4.472004,4.3654523,4.948682,3.7404912,4.3112097,5.626014,5.245083,2.1784408,4.1103144,3.9642863,0.0,6.6219206,8.492267,4.884759,4.6639576,4.7742796,7.9363256,7.6948833,7.694133,5.9031177,7.843766,7.392981,5.540628,6.5590615,6.529626,6.9311137,6.0982165,6.296217,5.788819,5.908087,5.9542384,6.054327,3.8682985,4.858791,4.877264,5.286421,5.522075,4.490875,4.2099996,4.998874,6.490211,5.136682,5.0570397,4.382604,4.572477,5.3055687,5.0482426,7.0457892,7.0569043,8.230582,8.121858,7.626644,7.478422,7.330722,7.3267894,7.3383675,7.3075423,8.039178,7.9249835,5.6583953,5.8873453,5.607848,6.5839777,5.9114428,5.762662,5.6045756,6.1893196,6.3272605,7.1623635,5.6802187,5.076436,7.289572,6.7715087,8.717791,8.285955,7.4381914,9.455907,6.360598,5.893547,6.789281,6.9882464,5.8138027,6.9977355,7.242402,7.082351,5.5834775,5.69056,7.411893,7.9145184,6.6317096,7.5510716,6.5723133,5.158585,7.155448,5.590838,4.99598,5.540672,5.8941097,6.0098863,7.1444497,5.5367985,4.9500895,6.439111,6.0893064,6.882576,5.643646,5.6429806
