,0,1,2,3,4,5,6,7,8,9,10,11,12,13,14,15,16,17,18,19,20,21,22,23,24,25,26,27,28,29,30,31,32,33,34,35,36,37,38,39,40,41,42,43,44,45,46,47,48,49,50,51,52,53,54,55,56,57,58,59,60,61,62,63,64,65,66,67,68,69,70,71,72,73,74,75,76,77,78,79,80,81,82,83,84,85,86,87,88,89,90,91,92,93,94,95,96,97,98,99,100,101,102,103,104,105,106,107,108,109,110,111,112,113,114,115,116,117,118,119,120,121,122,123,124,125,126,127
0,0.0,1.2444785,3.2143042,3.280777,6.585088,6.913065,7.065756,7.1906376,3.328913,3.3945231,4.426209,4.5759377,4.2582855,4.4664407,5.3930664,4.4662104,8.936214,8.698745,9.523897,9.925262,8.50517,8.504403,8.433769,9.368906,7.9989247,6.8915777,8.68271,8.015698,5.609398,6.756793,5.4710393,5.4964128,7.9102893,7.428954,6.226077,7.628833,6.8602724,7.5079336,7.7152066,6.8636436,7.0512123,6.970044,8.254327,8.011201,8.159919,7.257547,8.220535,8.6235485,8.37711,7.683483,7.028003,8.733355,8.659901,8.119904,9.015708,8.139397,6.418485,7.4338994,6.818395,7.384804,7.9962106,9.494277,6.7337146,7.366313,6.850041,7.865205,7.71119,7.5329413,6.7663517,6.331547,8.204687,5.880207,8.025355,7.6642394,6.8112807,7.5954504,9.716895,8.54901,9.002895,8.9978,8.33332,9.052356,8.444515,7.9297748,7.648311,8.083103,8.55534,8.735585,5.6013517,6.891095,5.2896123,5.2896123,8.181611,8.081491,9.172483,9.163369,10.265704,8.702681,8.370057,9.165064,8.653264,8.514661,8.940381,8.869837,7.841577,7.841577,6.640875,5.7940335,5.680386,5.745371,8.6516,6.5952363,6.931649,9.235166,11.388559,5.158194,8.328978,6.454027,6.6382866,6.7256584,7.561124,6.1781063,7.380853,7.7934775,6.412384,7.296923,6.5368342,8.182638
1,1.2444785,0.0,3.1038525,3.1152353,6.517637,6.8423233,7.037755,7.162076,3.3931565,3.3454528,4.5291796,4.5833387,4.348711,4.4007764,5.3865986,4.5659914,9.151603,8.978284,9.587861,9.988852,8.448928,8.44913,8.477722,9.399509,8.060469,6.928752,8.699226,7.939836,5.56057,6.8094945,5.43307,5.4457684,7.8413105,7.318245,6.0486684,7.3806305,6.7053094,7.6106544,7.6569724,6.675425,6.629213,6.9461966,7.963471,7.7068973,7.888711,7.0342293,8.04785,8.457872,8.296136,7.542146,6.9576464,8.763202,8.37288,7.9419675,9.089858,8.101737,6.4218597,7.277535,6.672766,7.2336698,7.9004893,9.341314,6.7426276,7.482121,6.9601846,8.029794,7.9299245,7.7474027,7.0298724,6.552975,8.6995125,6.0361705,8.35133,8.052271,7.2957015,7.977523,9.685703,8.665793,9.2226,9.2229,8.815388,9.611394,8.942523,8.564525,7.842628,8.353092,8.704993,8.868442,5.6027412,6.690121,5.3486624,5.3486624,8.319791,8.227042,9.100457,9.097826,10.584409,9.021568,8.483416,9.284113,8.73215,8.460822,8.983996,8.886383,7.8690896,7.8690896,6.7074065,5.795303,6.060536,6.121188,8.662809,6.5794544,6.968605,9.287317,11.398303,5.0860114,8.6005,6.406018,6.555456,6.590895,7.791314,6.3971252,7.4022503,7.740655,6.4382534,7.3578076,6.55937,8.176443
2,3.2143042,3.1038525,0.0,0.422318,5.732009,7.01898,6.3384223,6.4944324,4.313589,4.173268,5.1334715,5.279613,5.187895,5.2479644,5.9491086,5.2744827,9.291562,8.356349,9.707121,9.960679,8.697948,8.706171,8.748823,9.6378355,8.297261,7.0288973,8.724343,7.937416,5.721985,6.830527,5.4722433,5.5380135,8.499604,8.024518,6.8342066,8.036851,7.551236,8.320642,8.369107,7.478453,7.329831,7.6139164,8.615656,8.377154,8.495587,7.734638,8.621563,8.997597,9.078836,8.414971,7.593588,9.262268,8.962491,8.581293,8.288831,8.642606,6.3488297,7.957134,7.388819,7.9146585,8.470917,9.906591,7.3608775,8.04667,7.1197634,7.9828277,7.991249,7.8173594,7.005393,6.541256,8.669683,6.0378213,8.368373,8.164202,8.008832,8.176197,9.6699505,8.678434,9.212036,9.205762,8.948493,9.732888,8.235634,8.628929,7.9525003,8.407469,8.791217,8.965943,5.58352,5.9861903,5.3539143,5.3539143,7.657819,7.5625415,8.329618,8.323753,10.910944,9.168824,8.491804,9.536528,8.225702,8.361977,8.851278,8.753683,8.389064,8.389064,7.1143413,6.434989,6.980164,7.0456014,8.827775,6.832251,7.315874,9.569348,11.57892,5.506398,8.012147,5.57784,5.7102156,6.830551,8.64462,7.3635917,7.0556617,8.653418,6.7283273,6.571858,6.7254868,8.729296
3,3.280777,3.1152353,0.422318,0.0,5.757086,6.9520354,6.372846,6.5295005,4.3380632,4.1956215,5.179197,5.3217835,5.2275004,5.2963,6.0096006,5.3199773,9.256051,8.334691,9.686846,9.945012,8.670677,8.678638,8.73361,9.600352,8.269337,6.9502025,8.704055,7.924479,5.6898723,6.8055477,5.4405885,5.51039,8.563248,8.09376,6.843236,8.047519,7.4512143,8.350236,8.29467,7.3660007,7.278887,7.5703564,8.589675,8.342159,8.452319,7.689746,8.668515,9.054029,9.090761,8.481383,7.6297283,9.305149,8.927111,8.525213,8.321124,8.689464,6.388071,7.8820033,7.4103603,7.946275,8.501593,9.918175,7.3748016,8.047711,7.1565266,8.014811,8.021181,7.844211,7.07804,6.6172857,8.7100725,6.124969,8.401839,8.199562,8.028343,8.180499,9.649067,8.71108,9.237621,9.229026,8.887082,9.726269,8.150444,8.640524,7.9958377,8.405612,8.828251,9.007319,5.5197372,5.975278,5.366004,5.366004,7.566092,7.4702,8.291193,8.286856,11.022262,9.286417,8.433713,9.492248,8.178737,8.325147,8.835408,8.764574,8.350973,8.350973,7.0833855,6.387834,6.997743,7.1045856,8.798659,6.765742,7.335084,9.571066,11.538625,5.5358443,8.2761965,5.5760174,5.7116814,6.8549304,8.612135,7.319058,7.109063,8.683566,6.6855717,6.539473,6.6895065,8.728724
4,6.585088,6.517637,5.732009,5.757086,0.0,3.2586932,2.4786952,2.3883896,5.0515904,4.957385,5.718648,5.8486876,5.7740006,5.7280416,6.4747686,5.8251476,10.041462,9.282811,10.347888,9.503083,7.5502214,7.5635777,7.674798,7.7286777,7.5510883,7.423702,7.3417144,6.61832,7.2152057,7.4012775,6.3417172,6.386508,8.015312,7.430161,7.405563,7.2865667,8.254975,7.7906446,7.3041086,7.854813,6.5543795,7.211412,7.260365,6.989254,7.8317366,7.258001,8.606697,7.8570814,8.181235,7.3313136,8.204452,10.039267,8.669835,9.528425,7.9102435,7.905479,6.9729695,9.358593,7.9729486,8.599328,9.027651,9.334474,8.650776,9.448459,6.86201,6.1767774,6.528749,6.2952166,5.2778916,4.666436,7.713028,4.175882,6.4776964,6.3094716,6.8706613,6.9249163,10.126453,7.074848,7.8986382,7.896198,7.9396067,8.835989,7.085505,7.645816,6.8914695,7.4170065,7.707544,7.8467298,7.383028,5.6135855,7.688001,7.688001,6.075787,5.999329,7.027619,7.031608,10.9134245,9.75616,9.303223,9.128228,7.878835,7.756795,8.121219,8.146671,7.477725,7.477725,7.2179923,8.272561,7.6964946,8.044382,8.358849,8.600568,7.610943,9.868238,12.580355,7.1252227,9.25601,6.6339774,8.012564,8.422874,9.390476,8.438537,5.800571,7.9532027,7.9788284,7.671338,7.719917,7.450622
5,6.913065,6.8423233,7.01898,6.9520354,3.2586932,0.0,3.2392135,3.2420807,5.8240547,5.8850484,6.65012,6.7167954,6.5755186,6.624518,7.318721,6.7010775,10.366593,9.91287,10.832349,9.7808695,7.5907803,7.6001344,7.6952443,7.4039073,7.324441,7.5399265,7.2134466,6.689053,7.701373,7.6772366,6.787066,6.806119,8.271545,7.726593,8.158079,7.803287,8.004038,7.4424725,6.5593576,7.876877,6.397787,6.457829,7.0306344,6.7130203,7.708203,6.5031424,9.356182,8.149355,8.673646,7.8566136,8.933905,10.723332,8.697249,9.545786,9.042292,8.325701,7.8321753,9.43193,8.683752,9.3912,9.630674,9.949781,9.065753,9.59555,7.4514513,6.448537,6.8078613,6.5734887,5.9639244,5.635785,7.8962684,4.7792788,6.468268,6.211392,6.2165504,6.799156,10.613905,7.491345,8.169892,8.176775,7.1633406,8.379443,6.832864,7.2483883,6.7674146,7.0040298,7.608912,7.764376,7.416769,6.2313676,8.399654,8.399654,6.1033845,5.9038124,7.4344573,7.4510846,11.427016,10.307385,9.478392,8.763014,7.9256144,7.5628247,7.8405585,8.322757,7.2969213,7.2969213,7.285075,8.761554,7.989842,8.277198,8.963532,8.659087,7.878593,10.210909,12.392969,7.4916196,10.603361,7.479013,8.611127,8.4826565,8.9632225,8.2282295,6.5719523,7.531261,8.048177,8.279711,7.602335,7.400367
6,7.065756,7.037755,6.3384223,6.372846,2.4786952,3.2392135,0.0,0.4043684,6.3055425,6.2521095,6.891398,6.726984,6.9180775,6.886989,6.8839107,6.9820056,10.655809,9.846611,10.948842,9.836351,7.926211,7.942833,8.028638,7.859129,7.6221437,7.6558776,7.0609803,6.423651,7.6004777,7.6760826,6.672998,6.7076364,7.88273,7.2842755,7.826889,7.4950523,8.813095,7.933457,7.5290666,8.459581,6.863128,7.1212015,7.2702937,7.248046,8.263494,7.214809,9.035781,7.8072124,8.615095,7.3668504,8.972689,10.654712,8.79195,9.93618,8.08432,8.335502,7.764905,9.747515,8.487329,9.252161,9.449099,9.593693,8.487066,9.384092,6.6631913,6.5160155,7.008553,6.805347,6.072127,5.535263,8.049097,4.7825756,6.7305403,6.558166,7.0279493,7.2299805,10.40566,7.5890822,8.327213,8.350854,7.909864,8.780653,7.31785,7.6131797,7.182069,7.3291245,7.9070415,7.770366,7.4793334,5.417907,7.8898463,7.8898463,6.2228436,6.13932,7.0573387,7.061023,11.563974,9.960857,9.717371,9.09806,7.774606,7.6737814,8.131811,8.581452,7.7511964,7.7511964,7.1846075,8.64689,8.4142475,8.722488,9.379698,8.869614,8.329534,10.589622,12.903294,7.6433725,9.356282,7.244663,7.962441,8.781633,9.535025,8.850348,6.092139,7.9542565,8.330911,7.818909,7.640931,7.961341
7,7.1906376,7.162076,6.4944324,6.5295005,2.3883896,3.2420807,0.4043684,0.0,6.338003,6.270489,6.917323,6.7463527,6.942348,6.907169,6.9008894,7.0067353,10.670587,9.889407,10.9560375,9.846747,7.9407673,7.956937,8.04882,7.8012953,7.652439,7.7053146,7.086785,6.4354978,7.6248,7.7278194,6.70329,6.738563,7.871627,7.271892,7.807464,7.4912257,8.835375,7.9452686,7.5626273,8.476408,6.8739953,7.1543865,7.233723,7.2207713,8.28757,7.254501,8.980212,7.73717,8.596473,7.327529,8.9669285,10.722002,8.781353,9.942114,8.111412,8.334363,7.770772,9.73112,8.420532,9.205951,9.435558,9.4812,8.546416,9.442732,6.7439904,6.454716,6.969877,6.7624736,6.024778,5.468626,7.993428,4.672168,6.668941,6.5058208,6.988876,7.1530566,10.462667,7.54699,8.292801,8.311967,7.9509525,8.815834,7.384885,7.641164,7.2000475,7.3594475,7.9366407,7.799806,7.624299,5.591144,7.9847927,7.9847927,6.2629232,6.1752863,7.093036,7.097011,11.517488,9.969169,9.7352085,9.1099205,7.787237,7.689498,8.189772,8.633289,7.711035,7.711035,7.2853603,8.721966,8.415129,8.722971,9.276125,8.95326,8.312679,10.551567,12.985949,7.720596,9.426252,7.2794156,8.077367,8.925747,9.542531,8.935977,6.0269876,7.8634286,8.431615,7.9404097,7.7954507,7.8641205
8,3.328913,3.3931565,4.313589,4.3380632,5.0515904,5.8240547,6.3055425,6.338003,0.0,0.7619685,2.8575518,3.0136976,2.6531873,2.7670758,4.162145,2.9039042,8.576068,8.375543,9.089787,9.376438,7.5798945,7.5788593,7.5957823,8.443852,7.2793293,6.1471424,7.912386,7.334678,5.3873587,6.139268,5.0301023,5.055732,7.883111,7.430624,5.862115,6.821114,6.314748,7.174213,6.93778,6.4137926,6.7867823,6.7890944,7.6988525,7.509265,7.891057,6.757945,7.7285333,8.324813,7.882372,7.5226293,6.688111,8.314287,8.520439,7.8572865,8.408481,7.7006273,5.794478,7.4952,5.966452,6.37434,7.274237,8.725945,7.207076,7.6187377,7.4208536,6.9871817,6.7818956,6.541702,5.479537,5.1237297,7.9141445,5.240304,7.2250056,6.881779,6.5151644,7.013826,9.775195,7.4676757,8.113808,8.091673,7.8479977,8.694543,7.882645,7.547217,7.244215,7.7443237,8.043028,8.162239,5.976312,6.8151956,6.153253,6.153253,7.539869,7.411072,8.372228,8.366938,9.821248,8.688416,8.264724,8.950336,8.465978,8.185723,8.372366,7.9196525,6.762589,6.762589,6.4578133,5.912768,4.75627,5.2696114,7.1943755,6.746531,6.4708796,8.868523,11.4322195,5.6347036,8.744382,6.3005447,7.377894,6.9958735,7.623281,5.7623653,6.4794407,7.5605936,6.393489,6.9357615,6.4619784,6.9275217
9,3.3945231,3.3454528,4.173268,4.1956215,4.957385,5.8850484,6.2521095,6.270489,0.7619685,0.0,2.7636395,2.9433274,2.5579197,2.5609157,4.115176,2.7962832,8.725184,8.462969,9.113172,9.382569,7.584089,7.583472,7.657549,8.516078,7.310864,6.1546364,7.863306,7.2989244,5.415558,6.1592755,5.052967,5.0849776,7.680104,7.2790194,5.768737,6.648657,6.309668,7.1614933,6.8844194,6.4028134,6.6451178,6.7892,7.59101,7.3768516,7.7497973,6.701339,7.610932,8.201542,7.8255744,7.4051957,6.5918717,8.422602,8.425492,7.6888366,8.330808,7.617648,5.6401052,7.442006,5.8420067,6.3014593,7.2028947,8.622303,7.198029,7.6624537,7.3680634,6.9224505,6.7510014,6.507067,5.3716874,5.0041347,7.9275393,5.143806,7.2819023,6.966147,6.684416,6.973995,9.725628,7.429419,8.095448,8.073046,8.108616,8.909803,8.053364,7.7968926,7.2361917,7.8137765,8.041606,8.173374,5.9527626,6.6358814,5.9721093,5.9721093,7.413687,7.289133,8.160468,8.154709,9.834533,8.670041,8.118226,8.865749,8.35832,8.099588,8.505066,8.02507,6.6346097,6.6346097,6.546874,6.028374,5.0780277,5.5252714,7.0525174,6.6522164,6.4469004,8.742251,11.399836,5.6682644,8.663571,6.2574916,7.34521,7.290189,7.7917123,6.0105886,6.312981,7.4611025,6.422763,6.939483,6.5317545,6.9394846
10,4.426209,4.5291796,5.1334715,5.179197,5.718648,6.65012,6.891398,6.917323,2.8575518,2.7636395,0.0,1.3833734,0.44723362,0.86958605,3.1296048,0.28762117,8.089861,8.060491,8.589626,8.90103,7.1783953,7.174222,7.1271653,8.016535,6.753218,5.431231,7.287408,6.5917773,4.5382257,5.274152,4.139618,4.168014,7.5153804,7.015854,6.005369,7.014104,6.68042,7.1578016,7.326941,6.8646398,6.7440658,6.803731,7.684064,7.4404483,7.4683657,6.3551154,7.1766677,7.845006,7.9844866,7.90471,6.7797475,8.6670885,7.782473,7.004369,7.5292053,6.6425595,6.4458613,8.223971,6.7128944,7.1316876,7.548354,8.864147,7.458718,7.9049554,7.123044,7.0463266,6.698293,6.42968,6.18125,5.822911,8.418325,5.866747,7.107045,6.719921,7.19868,7.526857,9.594429,7.95261,8.044993,8.016072,8.407442,9.058244,8.072889,8.315906,7.5316277,7.831993,7.22581,7.4085455,5.7443104,7.150766,6.0995407,6.0995407,7.6027584,7.955082,7.5332637,7.519662,8.981706,8.451861,7.8572793,8.863515,8.398509,8.10962,8.645601,8.1875515,7.192091,7.192091,7.0721645,6.4835377,5.504057,5.9440002,7.274331,7.1795125,6.9465857,9.083962,11.94451,6.02267,8.804298,6.8516974,7.922477,7.970154,8.188056,6.457576,6.094343,7.806504,6.8838587,7.380839,7.002639,7.3601146
11,4.5759377,4.5833387,5.279613,5.3217835,5.8486876,6.7167954,6.726984,6.7463527,3.0136976,2.9433274,1.3833734,0.0,1.3544459,1.4580783,1.7954788,1.4223149,8.016233,8.0056715,8.480272,8.793261,7.041524,7.0381336,7.0108805,7.9084454,6.425534,5.026093,7.003634,6.266081,4.060939,4.867439,3.5938823,3.6208386,7.2902455,6.762988,5.676659,6.714217,6.647558,7.221714,7.342354,6.869797,6.7241197,6.534645,7.3746905,7.3756833,7.629944,6.0225964,6.8912783,7.567164,8.0174465,7.6889057,6.876571,8.723424,7.5106707,6.747032,7.408476,6.74519,6.554612,7.980489,6.150707,6.6008067,7.0633802,8.398223,6.997683,7.499335,7.2375016,7.219572,6.8496437,6.577119,6.330913,5.964524,8.573432,6.019218,7.254676,6.887692,7.3321075,7.672438,9.70006,8.067069,8.168266,8.142561,8.300498,8.992926,8.247077,8.303288,7.6667414,7.714859,7.308355,7.20675,5.6027737,6.9934325,5.9436436,5.9436436,7.760366,8.092809,7.379749,7.3712406,9.1955595,8.465098,7.917248,8.755458,8.27602,7.9583836,8.498035,8.020473,6.9801817,6.9801817,6.870069,6.255363,5.244822,5.733781,7.11885,7.001048,7.1382656,9.284876,12.063802,6.271323,9.019106,6.9960885,7.7840285,8.037632,8.02983,6.2416873,5.94973,7.5875983,6.9990745,7.2635345,6.8579903,7.1769557
12,4.2582855,4.348711,5.187895,5.2275004,5.7740006,6.5755186,6.9180775,6.942348,2.6531873,2.5579197,0.44723362,1.3544459,0.0,0.73821306,3.1033757,0.33142903,8.119455,8.126166,8.623247,8.940475,7.170488,7.1655545,7.1281853,8.025608,6.690565,5.409514,7.2678533,6.639097,4.606012,5.2743387,4.215818,4.238303,7.38541,6.916371,5.870392,6.850005,6.512464,7.024933,7.158875,6.685687,6.6159186,6.6814275,7.560879,7.3208194,7.370472,6.2471004,7.1175303,7.780502,7.825933,7.7141542,6.641224,8.550876,7.7190886,6.9029264,7.648707,6.6080556,6.363875,8.070563,6.5407248,6.962017,7.410477,8.745893,7.316317,7.7730446,7.0830083,7.0184417,6.656902,6.3877697,6.0711446,5.7249966,8.314961,5.8328023,7.089292,6.6907654,7.04556,7.3964086,9.574692,7.883115,8.003994,7.9760594,8.301731,8.9805975,8.080975,8.20365,7.436922,7.7493443,7.212836,7.381246,5.6957655,7.0968432,5.997352,5.997352,7.5867205,7.9049897,7.591594,7.5792265,9.002773,8.432596,7.82378,8.771082,8.378759,8.0553,8.590545,8.12525,7.0092874,7.0092874,6.917614,6.3542137,5.339896,5.7931757,7.157991,7.0268707,6.8376412,8.978689,11.791351,5.997522,8.860654,6.879593,7.9388437,7.923613,8.029911,6.2507157,6.131812,7.654366,6.7794957,7.385115,6.895352,7.214662
13,4.4664407,4.4007764,5.2479644,5.2963,5.7280416,6.624518,6.886989,6.907169,2.7670758,2.5609157,0.86958605,1.4580783,0.73821306,0.0,3.1228676,0.7690255,8.399338,8.410496,8.73772,9.035891,7.2159605,7.212161,7.247754,8.100314,6.845033,5.543222,7.2644057,6.6278167,4.751038,5.4327497,4.393732,4.400805,7.331519,6.8652034,5.8234644,6.677007,6.5193696,7.052416,7.1654387,6.740326,6.5488853,6.829146,7.5072985,7.267566,7.330664,6.2501354,7.044043,7.7044163,7.7782073,7.655414,6.5989547,8.519675,7.677321,6.8792796,7.639709,6.5838494,6.29713,8.055765,6.451266,6.8710256,7.3484883,8.677831,7.3634996,7.84581,7.1575403,7.001385,6.715282,6.4515543,6.1249666,5.7765145,8.588728,5.8715262,7.224719,6.876554,7.2935157,7.562745,9.55424,7.8561716,8.065765,8.046322,8.708618,9.351928,8.518863,8.595836,7.5535865,7.9925036,7.342311,7.5079308,5.8285494,7.088146,6.117271,6.117271,7.713513,8.015616,7.6065087,7.594319,9.075316,8.452766,7.910992,8.860887,8.465794,8.056156,8.668409,8.196097,6.984357,6.984357,7.0054245,6.4395185,5.6644654,6.095396,7.2423086,7.11019,6.8265224,8.969154,11.801115,5.9752784,8.705246,6.865447,7.9169464,7.901459,8.179713,6.4709573,6.0723786,7.582162,6.7622447,7.380529,6.888583,7.2028418
14,5.3930664,5.3865986,5.9491086,6.0096006,6.4747686,7.318721,6.8839107,6.9008894,4.162145,4.115176,3.1296048,1.7954788,3.1033757,3.1228676,0.0,3.1538873,8.253289,8.122383,8.674088,8.938611,7.2141056,7.2126126,7.1851892,8.1075,6.405238,4.974381,6.9436436,6.2610064,4.1178265,4.7767544,3.5999053,3.6236706,7.3914614,6.900301,5.9648414,6.8983345,7.2743797,7.749102,7.904251,7.538411,7.3130436,6.746873,7.5499434,7.8630137,8.325394,6.1861258,7.0516133,7.672036,8.507003,7.8687973,7.478207,9.185599,7.6658716,6.8939075,7.4815683,7.2529306,7.140089,8.251018,6.0328846,6.5121427,6.9335966,8.324124,6.8173947,7.362636,7.6679215,7.774265,7.3772717,7.126609,6.8683457,6.5461187,9.022079,6.654764,7.7364893,7.3870306,7.8748484,8.153491,10.107754,8.571201,8.622059,8.603302,8.507728,9.167383,8.693816,8.557239,8.160802,7.876741,7.6696806,7.2014184,5.8565,7.122608,6.1344595,6.1344595,8.233294,8.55798,7.39645,7.391551,9.668288,8.691859,8.311877,8.944196,8.400365,8.116409,8.648948,8.164859,7.168426,7.168426,7.0662384,6.548277,5.5808873,6.059453,7.388987,7.2068105,7.83416,9.828238,12.4697,7.097762,9.358477,7.59853,7.984819,8.6110115,8.302893,6.534981,6.127265,7.7858953,7.589958,7.445924,7.0895114,7.4570985
15,4.4662104,4.5659914,5.2744827,5.3199773,5.8251476,6.7010775,6.9820056,7.0067353,2.9039042,2.7962832,0.28762117,1.4223149,0.33142903,0.7690255,3.1538873,0.0,8.152238,8.114972,8.651511,8.965195,7.2096076,7.204923,7.1644363,8.049468,6.719007,5.4004707,7.251631,6.642236,4.629509,5.2462773,4.245428,4.2681165,7.420394,6.96169,5.951411,6.915483,6.5984554,7.0674906,7.258303,6.7805414,6.6888328,6.792476,7.646732,7.3954625,7.390765,6.309676,7.1269865,7.798401,7.883461,7.8239775,6.6939225,8.586671,7.734608,6.8970575,7.5345793,6.566703,6.436894,8.197912,6.691196,7.104875,7.511562,8.819743,7.4148216,7.870322,7.0850897,7.029594,6.669993,6.400053,6.1400757,5.804634,8.386205,5.937328,7.092877,6.69935,7.1659107,7.463726,9.577012,7.937345,8.007528,7.9792933,8.411364,9.070702,8.107941,8.308414,7.500355,7.8174796,7.171638,7.360434,5.7337627,7.1472163,6.043041,6.043041,7.595561,7.954851,7.51884,7.504916,8.93873,8.427455,7.8259993,8.824618,8.391563,8.079779,8.626048,8.161674,7.1050053,7.1050053,7.021988,6.4721675,5.5154114,5.970202,7.211237,7.1249466,6.897784,9.019519,11.825331,6.0917363,8.807886,6.9128437,7.991815,8.021613,8.139118,6.400995,6.1194744,7.753416,6.837539,7.4059124,6.968278,7.302341
16,8.936214,9.151603,9.291562,9.256051,10.041462,10.366593,10.655809,10.670587,8.576068,8.725184,8.089861,8.016233,8.119455,8.399338,8.253289,8.152238,0.0,5.216972,3.891265,4.8040876,5.866568,5.8590674,5.5577846,5.792377,6.369117,7.440623,7.264062,6.439796,7.0396233,7.647502,6.7038565,6.721408,12.232186,11.79161,11.065169,11.977005,11.158459,11.348094,11.719937,11.375695,11.638098,10.965759,11.874163,11.896391,12.037692,11.061417,11.744201,12.213465,9.238534,10.110324,7.9241486,9.392403,8.057197,8.356778,8.684161,7.5944576,7.898764,8.9047165,8.341276,7.8224854,7.340741,12.061622,8.421198,7.26972,9.753012,8.170852,7.013954,7.2853994,8.781767,8.462953,8.5870495,8.176896,7.901685,7.4921865,7.902111,8.632915,6.555739,8.211519,7.91499,7.8888073,7.9218473,8.518334,8.58293,8.507297,8.104656,7.532786,7.7159753,7.666543,8.311928,9.89289,8.914359,8.914359,8.9432745,9.322511,9.124447,9.092402,9.726386,9.084893,8.727155,8.864585,7.964278,7.957525,8.244866,7.8202114,8.193455,8.193455,7.605664,6.910108,6.1667557,6.1942,7.4062777,7.5486655,8.381433,7.0939264,12.800538,7.5201993,11.014486,7.9011703,8.546863,8.804675,8.508524,6.7948523,8.39757,9.958541,8.262072,8.260538,8.330396,8.381894
17,8.698745,8.978284,8.356349,8.334691,9.282811,9.91287,9.846611,9.889407,8.375543,8.462969,8.060491,8.0056715,8.126166,8.410496,8.122383,8.114972,5.216972,0.0,6.521758,6.9075074,5.766977,5.7674465,5.5733867,6.6397476,6.9984407,6.105669,7.791642,8.044317,6.895247,6.233082,6.4317493,6.4601536,11.930477,11.86315,11.254407,11.933339,11.068535,11.614289,11.759065,11.334777,11.56794,10.848014,11.828124,11.854699,11.869574,10.92654,11.821824,11.942308,10.119692,10.471679,8.71212,10.2400875,8.767713,7.6991735,8.135887,8.891576,8.203485,8.871139,8.615847,8.779003,8.776658,12.751863,8.442919,8.037241,8.860332,8.4463825,7.361153,7.629575,7.6166387,7.623606,8.34302,8.12465,7.4557033,7.08843,7.69078,7.4512944,8.002905,9.436054,8.6987295,8.6786785,7.982586,8.779159,7.670805,8.4876795,8.178997,7.8115306,7.969051,8.060536,7.1772184,8.390932,7.3277907,7.3277907,7.8337736,8.139736,7.9002223,7.896071,9.942384,9.254091,7.8629265,8.884961,7.189984,7.570129,7.5754304,7.1006756,8.405355,8.405355,8.056338,8.137439,7.8917146,7.953422,7.5634627,7.6185465,8.413038,7.006279,11.216361,9.124716,10.857395,7.7667665,8.143655,9.2472925,8.415047,7.6320505,7.687352,9.3535595,8.217308,7.8479056,8.442743,8.818423
18,9.523897,9.587861,9.707121,9.686846,10.347888,10.832349,10.948842,10.9560375,9.089787,9.113172,8.589626,8.480272,8.623247,8.73772,8.674088,8.651511,3.891265,6.521758,0.0,2.7288778,6.622304,6.6176987,6.5741096,6.688421,7.0095983,7.7267323,7.5208516,6.787237,7.624908,8.204925,7.365367,7.378497,11.710548,11.287689,11.435613,11.590376,11.527858,11.773827,11.161204,11.825022,11.9437275,10.699106,11.225306,11.356773,11.632045,11.334653,11.189366,11.693418,9.062556,9.884446,7.705456,9.089839,7.9375634,8.229937,8.478315,7.427876,7.272395,8.449139,7.329345,6.9828553,6.3942146,11.4701395,7.881808,6.668399,10.070855,8.145675,7.185757,7.4691663,8.839802,8.559771,9.093194,8.294433,8.016821,7.8577323,8.52533,9.158025,6.6266265,8.156329,8.004427,8.0220585,8.832093,8.171106,9.952475,9.833987,8.084243,7.91923,8.526011,8.461444,8.324465,10.005566,9.000503,9.000503,8.868429,9.216953,9.513677,9.481426,8.498784,7.549753,7.1844187,7.381938,8.143446,7.9444723,8.574379,8.113485,7.8976865,7.8976865,8.004693,7.342614,7.4681396,6.912259,7.9963975,8.132282,8.354862,7.103936,12.7199955,7.6241136,11.186266,8.417108,8.471281,8.883965,8.779661,7.140657,7.5297437,9.270159,8.204026,8.128512,8.535784,8.243089
19,9.925262,9.988852,9.960679,9.945012,9.503083,9.7808695,9.836351,9.846747,9.376438,9.382569,8.90103,8.793261,8.940475,9.035891,8.938611,8.965195,4.8040876,6.9075074,2.7288778,0.0,5.686961,5.6886644,5.6619964,5.707621,6.42729,8.067886,6.6025705,5.753828,8.381547,8.563805,7.728305,7.7506843,11.533676,11.075764,11.729875,11.476153,11.915802,11.570863,10.805707,12.142645,11.720975,10.463129,10.873244,10.988896,11.457566,11.128655,11.619567,11.417275,8.868374,9.449811,8.302216,9.713621,7.64718,8.764187,8.220612,7.1282535,7.625604,9.176174,8.130099,7.842413,6.9797907,11.794386,8.4052925,7.435884,9.623164,7.4199104,6.4442444,6.7750597,8.181072,7.8788815,8.570705,7.578127,7.2549043,7.1228724,8.026929,8.730531,6.4804893,7.4635453,7.3358335,7.3809342,8.085983,7.3821664,9.205069,9.167297,7.2907057,7.0859904,7.7642403,7.6755056,8.645318,9.237922,9.370917,9.370917,7.9444604,8.314638,8.642509,8.60946,8.986354,7.995088,7.667029,6.847087,7.559858,7.3448324,8.110126,7.673824,7.6497235,7.6497235,7.794091,8.2013035,8.028717,7.5632443,8.378202,8.569727,8.739086,7.552038,13.050731,8.0285425,11.360293,8.662309,8.7298,9.322334,9.209937,7.6754575,7.2297487,9.069061,8.563022,8.328327,8.575259,8.307475
20,8.50517,8.448928,8.697948,8.670677,7.5502214,7.5907803,7.926211,7.9407673,7.5798945,7.584089,7.1783953,7.041524,7.170488,7.2159605,7.2141056,7.2096076,5.866568,5.766977,6.622304,5.686961,0.0,0.03227639,0.88132083,3.6420615,6.6746573,6.839457,6.6440754,5.9164453,7.2170386,7.2629743,6.2873387,6.266825,11.451734,11.040153,11.00225,11.165621,11.374805,11.324837,11.006508,11.444941,10.5546665,10.441357,10.897204,10.84937,11.296386,10.151803,11.820441,11.401792,9.143114,9.153938,8.994658,10.889456,8.176148,8.662768,9.122064,7.902465,8.591152,9.9069,8.673407,8.88186,8.798369,12.649236,8.924037,8.896244,8.243954,7.761364,6.8170185,7.118496,7.2361155,6.8843136,9.251843,6.7605815,7.3660336,6.880014,7.400146,7.8802032,7.8817277,8.549554,8.626901,8.656212,8.583733,9.376885,8.748484,9.047374,8.097143,7.9923882,7.7529635,7.7006736,8.108141,7.9558926,8.76463,8.76463,7.908577,8.199968,7.791075,7.7907834,11.180372,10.337321,9.352577,9.203445,8.249678,7.871799,8.496471,8.030083,7.9209123,7.9209123,7.828513,8.505561,7.910042,8.22685,8.409854,8.628079,9.175599,7.903389,13.327387,8.533904,11.36998,8.708719,9.426543,9.692114,9.59951,8.177299,7.486165,8.955761,8.893849,8.957553,8.606386,8.687479
21,8.504403,8.44913,8.706171,8.678638,7.5635777,7.6001344,7.942833,7.956937,7.5788593,7.583472,7.174222,7.0381336,7.1655545,7.212161,7.2126126,7.204923,5.8590674,5.7674465,6.6176987,5.6886644,0.03227639,0.0,0.8706705,3.6446965,6.679253,6.840147,6.653885,5.9265537,7.2165394,7.2649984,6.288747,6.2681694,11.454774,11.043203,11.002424,11.169617,11.374146,11.32734,11.0090275,11.444837,10.558756,10.443598,10.901013,10.852655,11.298617,10.154988,11.820837,11.404513,9.144226,9.1577425,8.995455,10.891869,8.176682,8.658544,9.131403,7.9036098,8.597625,9.90549,8.673504,8.882277,8.80017,12.650889,8.926652,8.898375,8.248352,7.768748,6.8218026,7.122992,7.2416477,6.8897576,9.255153,6.767484,7.3699813,6.88285,7.3985605,7.881929,7.8871617,8.557999,8.63207,8.661099,8.586094,9.378384,8.755312,9.051229,8.104637,7.9994154,7.7585893,7.7078686,8.113225,7.971736,8.76746,8.76746,7.9195685,8.211898,7.8044615,7.8041573,11.176392,10.339585,9.352032,9.205864,8.259798,7.8812485,8.5069685,8.038982,7.924097,7.924097,7.8353915,8.506599,7.9052877,8.223035,8.40919,8.632509,9.178748,7.903116,13.3315325,8.538622,11.381056,8.719354,9.438073,9.700031,9.596362,8.175202,7.4949937,8.955083,8.898353,8.96963,8.615248,8.690375
22,8.433769,8.477722,8.748823,8.73361,7.674798,7.6952443,8.028638,8.04882,7.5957823,7.657549,7.1271653,7.0108805,7.1281853,7.247754,7.1851892,7.1644363,5.5577846,5.5733867,6.5741096,5.6619964,0.88132083,0.8706705,0.0,3.6605406,6.6671395,6.905568,6.780662,5.9907327,7.1885233,7.2704844,6.2485027,6.2328825,11.509009,11.058478,11.025181,11.309789,11.477312,11.340659,11.12586,11.507318,10.6685705,10.444451,11.006882,10.962203,11.390941,10.24271,11.853146,11.4386,9.202543,9.212893,9.088427,10.91752,8.271998,8.833474,9.160458,7.8976607,8.780847,10.077634,8.858245,9.0530205,8.940218,12.731035,8.950283,8.936788,8.159122,7.8726745,6.864069,7.1589637,7.329352,6.949318,9.132036,6.8090096,7.311465,6.77013,7.254487,7.9096212,7.997773,8.677996,8.661006,8.685173,8.33881,9.114797,8.523212,8.784487,8.12342,7.908161,7.6947126,7.6408033,8.173619,8.144511,8.799823,8.799823,8.050085,8.384981,7.9917474,7.988948,11.076499,10.3281,9.469476,9.304487,8.392403,8.075848,8.575443,8.108373,8.164562,8.164562,7.8663507,8.511346,7.710712,8.039367,8.557619,8.783627,9.304206,8.130184,13.519407,8.581515,11.413554,8.856487,9.565077,9.74139,9.571613,8.122311,7.6510234,9.112531,9.036579,9.123463,8.747993,8.839327
23,9.368906,9.399509,9.6378355,9.600352,7.7286777,7.4039073,7.859129,7.8012953,8.443852,8.516078,8.016535,7.9084454,8.025608,8.100314,8.1075,8.049468,5.792377,6.6397476,6.688421,5.707621,3.6420615,3.6446965,3.6605406,0.0,6.1847367,6.7431493,5.5158772,4.9727855,7.1008124,7.2489424,6.4043436,6.358769,11.156301,10.69519,10.888776,11.017878,10.968261,10.610143,10.632421,11.048563,10.284511,10.160352,10.457533,10.43981,10.9399185,9.9110565,11.297399,10.816452,8.527751,8.9636135,8.503918,10.448229,7.5777116,8.625148,8.410487,7.1415825,8.289894,9.469783,8.5675535,8.929742,8.678704,11.728931,8.62938,8.295987,8.158132,6.470524,5.9505754,6.2734675,7.6155667,7.2570395,8.493155,6.517617,6.02188,5.550457,6.47348,7.0456314,7.2768297,7.58476,7.576195,7.59621,8.0059185,8.829073,8.335292,8.500288,7.5669694,7.2487984,7.0826864,7.057962,8.287537,8.776802,9.35557,9.35557,7.3972187,7.7943163,7.792595,7.7786055,10.304978,9.49631,8.964296,8.537173,7.364292,6.8925905,7.481871,8.003103,7.294697,7.294697,7.4554768,8.217667,7.951385,8.252147,8.130018,8.687034,8.249154,7.3029385,13.004403,8.009286,10.917156,7.980422,9.078751,9.217601,8.711219,8.189743,6.744251,8.23305,8.396199,8.536466,8.254743,7.326092
24,7.9989247,8.060469,8.297261,8.269337,7.5510883,7.324441,7.6221437,7.652439,7.2793293,7.310864,6.753218,6.425534,6.690565,6.845033,6.405238,6.719007,6.369117,6.9984407,7.0095983,6.42729,6.6746573,6.679253,6.6671395,6.1847367,0.0,5.014074,2.8013725,3.8175159,6.3098044,4.8214397,5.4962497,5.514702,7.7350297,7.700627,8.061819,7.6496634,7.5555744,6.7638483,7.1818304,7.9178963,7.4972672,6.59503,7.3703475,7.5321302,7.764443,6.289037,8.375396,7.9856615,6.860103,7.169432,5.9452963,7.6139727,4.975058,5.3851776,5.4798956,4.6078506,5.8345284,7.475724,6.8520317,6.490784,5.3700194,8.534493,6.5303993,5.721127,7.812208,5.2697124,4.418309,4.284584,6.0015345,6.091126,5.910038,6.5232363,5.2124367,4.9524403,6.2065988,6.1703396,7.049171,5.578353,4.8100786,4.7975445,4.9755816,6.167684,5.7490945,5.842731,4.1852217,2.9638352,2.9891949,2.2107608,5.4831486,6.031431,6.4184823,6.4184823,5.199773,5.7995696,4.337423,4.3078046,8.161895,7.284476,6.645863,5.458075,4.1839585,3.7400544,4.2045207,4.1113396,4.474994,4.474994,4.7015133,6.3406096,5.799687,5.7245636,4.963833,4.8639812,5.8570957,7.137239,9.523137,6.8748384,9.552848,6.2495055,6.9258213,7.7188745,6.7764573,4.9137316,5.3193774,7.0998173,6.0013337,5.820669,5.2439866,4.9512506
25,6.8915777,6.928752,7.0288973,6.9502025,7.423702,7.5399265,7.6558776,7.7053146,6.1471424,6.1546364,5.431231,5.026093,5.409514,5.543222,4.974381,5.4004707,7.440623,6.105669,7.7267323,8.067886,6.839457,6.840147,6.905568,6.7431493,5.014074,0.0,5.252143,6.2203097,3.7047293,1.6813161,3.5070245,3.4830894,7.6077323,7.6949825,7.688201,7.582019,7.039887,8.016826,7.4787893,7.2766705,7.568447,6.6719246,7.5606833,7.767821,7.6985435,6.3442616,7.467155,8.156337,7.9562044,8.201739,6.5774274,8.277534,6.91709,5.031128,6.190497,6.6421995,6.3426895,7.2926807,5.9759617,6.881201,6.932876,8.725375,5.5263367,5.6578918,7.0909038,6.883362,6.52918,6.425762,6.826393,6.923308,8.035216,7.38116,6.3633413,5.9737034,7.004774,6.5328965,8.648739,8.203246,7.7299237,7.7176847,7.2909584,8.038867,7.1141906,8.0434065,7.096231,6.4286904,6.554149,6.232988,3.2886076,6.4016347,5.0875697,5.0875697,5.8598914,6.4249654,5.7226777,5.726552,8.766691,7.4665265,5.502234,6.8706145,6.137593,5.917276,6.2058806,6.7121744,5.6625285,5.6625285,5.8438425,5.978228,6.8311677,7.0901003,6.387093,5.648064,6.3502316,7.727016,9.584355,7.3168817,9.714851,6.5831056,7.0686603,7.8628087,6.938697,5.581886,4.6984835,7.1383934,5.8229985,5.517958,5.5197678,5.9229784
26,8.68271,8.699226,8.724343,8.704055,7.3417144,7.2134466,7.0609803,7.086785,7.912386,7.863306,7.287408,7.003634,7.2678533,7.2644057,6.9436436,7.251631,7.264062,7.791642,7.5208516,6.6025705,6.6440754,6.653885,6.780662,5.5158772,2.8013725,5.252143,0.0,3.090925,6.815064,5.521328,6.0997987,6.090045,8.005099,7.980242,8.461776,7.707963,8.1240015,7.1034718,7.478144,8.471878,7.997442,7.581612,7.8955946,8.050838,8.257069,7.0585327,8.84136,8.282511,6.631174,7.261819,6.3225207,7.77465,5.4445395,6.167918,4.923697,4.667092,6.006041,7.8949523,7.2573404,7.1762843,6.0637136,8.855603,6.643119,5.9191113,7.3508253,4.3541093,4.0329795,4.0247865,6.216048,6.25794,6.572444,6.5570483,4.809674,4.623651,6.333873,6.0251007,6.3793454,5.1176934,4.6041203,4.649219,6.211414,7.064713,6.6421337,6.6850314,4.935192,4.2972627,3.8673599,3.3306465,6.077949,6.345299,7.11256,7.11256,4.8474283,5.514929,4.4246187,4.3665504,8.56179,7.151789,6.909144,5.6847086,4.1691694,3.562347,4.6367188,5.3711276,4.2987165,4.2987165,4.7211885,6.60297,7.0178766,7.253326,6.218672,5.73483,6.122608,7.073222,9.906617,6.933754,8.7805,6.2445836,6.902312,8.0128,7.1772065,6.048333,4.9874783,7.121364,5.801133,5.4363236,4.9487615,5.183714
27,8.015698,7.939836,7.937416,7.924479,6.61832,6.689053,6.423651,6.4354978,7.334678,7.2989244,6.5917773,6.266081,6.639097,6.6278167,6.2610064,6.642236,6.439796,8.044317,6.787237,5.753828,5.9164453,5.9265537,5.9907327,4.9727855,3.8175159,6.2203097,3.090925,0.0,6.1621876,6.3392615,5.2962365,5.3056045,8.593223,7.994046,8.29481,8.290728,8.664752,7.68414,8.146677,8.983275,7.9673524,7.6339455,8.034694,8.154548,8.691292,7.170305,8.979574,8.377275,7.3352294,7.5284724,7.0055866,8.778701,5.459111,7.183756,5.903669,4.9539757,6.4901576,8.262058,7.439262,7.288313,6.3547654,9.137661,7.33828,6.799315,7.632862,5.034,4.74457,4.696629,6.865196,6.4714117,7.4976244,5.6581116,5.636442,5.4571652,6.801259,7.290515,6.755899,5.5763645,5.6196976,5.644938,6.919209,7.6857343,7.365903,7.360571,5.781411,5.282957,4.857951,4.4523854,6.790703,6.9219165,7.831262,7.831262,6.24827,6.79615,5.61355,5.570045,9.133865,7.9607263,7.9962244,6.9046893,5.611016,5.1066155,6.2523036,6.5633507,5.8930902,5.8930902,5.7699766,6.705066,6.477897,6.6161103,7.092172,6.741282,6.9802623,8.122447,12.079256,5.925661,9.012062,6.269632,6.8749475,7.8270774,7.9573207,6.733067,5.443566,7.51789,6.8299108,6.4908957,6.098405,6.2812495
28,5.609398,5.56057,5.721985,5.6898723,7.2152057,7.701373,7.6004777,7.6248,5.3873587,5.415558,4.5382257,4.060939,4.606012,4.751038,4.1178265,4.629509,7.0396233,6.895247,7.624908,8.381547,7.2170386,7.2165394,7.1885233,7.1008124,6.3098044,3.7047293,6.815064,6.1621876,0.0,3.4494996,1.3982738,1.34104,8.045746,7.543605,7.1972404,8.250764,7.4202585,8.390987,8.522002,7.6252813,7.383569,6.8128567,7.8688946,8.01575,8.194227,6.418407,7.1111174,8.220543,8.80905,8.5836525,6.967348,9.165867,7.3917475,6.375063,7.412661,7.102007,6.6871524,7.627449,5.9812913,6.933232,7.322452,8.688068,6.135068,6.3937488,7.6219263,7.722327,7.5535984,7.409627,7.9682903,7.663104,9.019092,6.8626976,7.5219235,7.127571,7.7418447,7.9634852,9.356604,8.886565,8.86038,8.830323,8.604921,9.31782,8.409047,9.00301,8.086684,7.594558,7.591912,7.3185406,4.3215604,7.491066,5.8700867,5.8700867,7.8063493,8.225599,7.367553,7.3705153,9.299659,8.10811,7.08224,8.564438,7.6085443,7.3910837,7.867463,8.286611,7.355934,7.355934,7.042535,5.832179,6.2599306,6.2547874,7.3172345,6.521387,6.8695173,8.709418,11.751288,5.9323997,9.279426,6.250151,6.8310723,7.4029016,7.7464147,6.546364,5.352809,7.6584535,6.848925,6.633957,6.6745896,6.8588862
29,6.756793,6.8094945,6.830527,6.8055477,7.4012775,7.6772366,7.6760826,7.7278194,6.139268,6.1592755,5.274152,4.867439,5.2743387,5.4327497,4.7767544,5.2462773,7.647502,6.233082,8.204925,8.563805,7.2629743,7.2649984,7.2704844,7.2489424,4.8214397,1.6813161,5.521328,6.3392615,3.4494996,0.0,3.2102342,3.1806388,7.2115884,7.3045673,7.4828877,7.5217686,6.9657283,7.635243,7.6512885,7.19124,7.0735054,6.3159127,7.3188486,7.4987736,7.3676944,5.7295003,7.0323596,7.761952,8.205197,8.162531,6.523039,8.396961,6.8610573,5.0147953,6.198264,6.4625225,6.4392314,7.7185707,6.2926707,7.054762,7.0606256,8.597573,5.8371034,6.0490623,7.2658596,7.155996,6.78292,6.623518,6.9422717,7.0514135,7.982383,7.391661,6.626258,6.221229,7.331098,6.86111,9.110543,8.401246,7.8769593,7.8536644,7.4442935,8.333387,7.0495133,8.016272,6.90676,6.216668,6.023821,5.6493025,3.0992231,6.1371593,4.8678064,4.8678064,6.259338,6.8523946,5.341228,5.3537226,8.67083,7.620582,6.0650225,7.3621035,6.2231827,6.006017,6.0960827,6.4619384,6.1559887,6.1559887,6.1509624,6.322236,6.802744,6.856311,6.193359,5.5772448,6.297527,8.053496,9.585675,7.3059206,9.402546,6.449971,7.0906677,7.80162,7.316712,5.865715,4.728686,7.344794,6.2266793,5.8363423,5.805853,5.980173
30,5.4710393,5.43307,5.4722433,5.4405885,6.3417172,6.787066,6.672998,6.70329,5.0301023,5.052967,4.139618,3.5938823,4.215818,4.393732,3.5999053,4.245428,6.7038565,6.4317493,7.365367,7.728305,6.2873387,6.288747,6.2485027,6.4043436,5.4962497,3.5070245,6.0997987,5.2962365,1.3982738,3.2102342,0.0,0.19055788,7.8225408,7.286939,7.150814,8.008346,7.482412,8.105126,8.146116,7.660135,7.048989,6.3881326,7.4826803,7.6267304,7.9529448,5.997125,7.300183,7.922203,8.524967,8.136327,7.004055,9.244085,6.914179,6.2768726,7.021545,6.6865253,6.5642624,7.729086,6.089513,6.9098067,7.1457777,8.780306,6.246612,6.542632,7.2031555,7.1901307,6.903969,6.7550044,7.2033935,6.8761435,8.453748,6.1185255,6.916331,6.4998527,7.221345,7.4874754,9.0697565,8.35176,8.298951,8.272476,7.830633,8.652071,7.5886493,8.28934,7.389323,6.8213096,6.82471,6.5065,4.212865,6.6357336,5.7028627,5.7028627,7.0770755,7.5202203,6.456565,6.4634633,9.294901,8.176364,7.071313,8.114358,7.0364394,6.839455,7.3631473,7.603008,6.944665,6.944665,6.6380434,6.0208235,5.970352,5.9962635,6.980126,6.3622713,6.877063,8.609945,11.761114,5.9711285,9.344317,6.158523,6.761329,7.468092,7.732289,6.3481946,4.9239116,7.375533,6.8527327,6.524296,6.486466,6.6809053
31,5.4964128,5.4457684,5.5380135,5.51039,6.386508,6.806119,6.7076364,6.738563,5.055732,5.0849776,4.168014,3.6208386,4.238303,4.400805,3.6236706,4.2681165,6.721408,6.4601536,7.378497,7.7506843,6.266825,6.2681694,6.2328825,6.358769,5.514702,3.4830894,6.090045,5.3056045,1.34104,3.1806388,0.19055788,0.0,7.8300323,7.2946153,7.1751738,8.01716,7.4927244,8.11466,8.174282,7.675916,7.0501275,6.42785,7.4942737,7.638084,7.9569707,6.0015955,7.294292,7.924437,8.505389,8.124957,6.9814124,9.215272,6.902655,6.262613,7.050151,6.6631765,6.576969,7.732249,6.08004,6.9100437,7.151615,8.793547,6.222174,6.5206504,7.195383,7.19592,6.9187307,6.776082,7.239094,6.916002,8.507921,6.1502213,6.922487,6.5026417,7.2229347,7.502026,9.055935,8.369067,8.323347,8.29904,7.896857,8.716666,7.6808023,8.3485985,7.412083,6.862448,6.8315697,6.5136023,4.2120996,6.6757436,5.736794,5.736794,7.1347504,7.5777607,6.5062385,6.51341,9.285961,8.164277,7.096836,8.145821,7.075239,6.840967,7.345258,7.609728,6.9482875,6.9482875,6.6352496,6.009698,6.0043488,6.0284944,7.0145783,6.3810673,6.8549767,8.581035,11.741009,5.9568777,9.314865,6.169416,6.7786345,7.415917,7.717897,6.351236,4.9241643,7.346889,6.8328667,6.537874,6.4680195,6.6499996
32,7.9102893,7.8413105,8.499604,8.563248,8.015312,8.271545,7.88273,7.871627,7.883111,7.680104,7.5153804,7.2902455,7.38541,7.331519,7.3914614,7.420394,12.232186,11.930477,11.710548,11.533676,11.451734,11.454774,11.509009,11.156301,7.7350297,7.6077323,8.005099,8.593223,8.045746,7.2115884,7.8225408,7.8300323,0.0,1.7081242,5.558311,3.5594203,6.636431,5.646179,5.0840993,5.746465,4.498948,4.4634337,3.2858088,3.5118322,3.735834,5.3196797,3.6481514,3.3665552,7.037968,5.695404,6.7963037,8.646552,7.456653,7.714968,7.6971035,6.5935283,7.4263105,8.876969,7.245784,8.149796,8.037042,5.145501,6.5108232,7.987505,7.1585956,8.004902,8.393368,7.967053,7.9215565,7.7303743,8.259898,8.125156,8.153169,8.10154,8.7198715,8.4114275,11.362234,8.852897,8.757296,8.758281,9.193289,9.09923,9.504006,9.34308,7.4019656,7.5225797,7.8176317,7.59257,6.6648226,6.7919044,6.1366816,6.1366816,7.620503,8.097722,7.8937197,7.891077,9.057584,7.953431,7.7105002,7.6249733,8.388319,7.9897075,8.701336,9.132892,7.4519515,7.4519515,7.39683,8.324664,9.093932,8.783843,8.710319,8.2517185,7.4453735,10.873192,10.642089,8.483578,9.898909,8.706387,9.005171,9.738483,9.061482,8.277134,6.259015,7.2653365,8.104341,8.587805,8.006376,7.104472
