,0,1,2,3,4,5,6,7,8,9,10,11,12,13,14,15,16,17,18,19,20,21,22,23,24,25,26,27,28,29,30,31,32,33,34,35,36,37,38,39,40,41,42,43,44,45,46,47,48,49,50,51,52,53,54,55,56,57,58,59,60,61,62,63,64,65,66,67,68,69,70,71,72,73,74,75,76,77,78,79,80,81,82,83,84,85,86,87,88,89,90,91,92,93,94,95,96,97,98,99,100,101,102,103,104,105,106,107,108,109,110,111,112,113,114,115,116,117,118,119,120,121,122,123,124,125,126,127
0,0.0,1.6357813,2.8341625,5.3764095,5.5111723,5.7730446,7.073429,7.9815803,6.5621004,5.6673336,4.847547,3.809785,5.5592527,6.9702716,5.0920825,5.366589,8.142002,6.149063,8.607365,7.9633713,6.5454655,9.0191145,7.3213267,6.161458,4.533069,5.947351,4.905727,4.9875035,4.642519,4.642519,4.5467057,6.602053,7.9632473,7.535431,6.912675,7.241042,6.7765784,6.8786225,7.4814663,7.6771674,8.271999,6.6874557,8.382831,7.907938,5.186859,5.605763,5.063597,5.814301,5.8893905,6.1846614,5.3655143,4.899644,6.5165987,5.932509,6.0345254,5.6377525,4.865007,5.300242,4.19613,5.4540563,4.387307,3.6969419,6.6112204,7.345443,7.592186,7.7391076,7.2986155,7.345189,5.8101935,5.8515587,6.4999,6.9358544,6.790171,6.7403126,8.129594,6.023437,7.9786577,6.213666,7.462605,7.429274,7.1308813,6.4484034,5.944485,7.389575,6.9305735,7.732656,8.964827,8.59767,8.489114,8.366696,7.16769,5.9565716,8.087368,8.081681,8.182683,8.4293165,8.158556,8.628381,8.1831665,8.185522,9.289486,8.960807,9.144121,8.895013,8.470971,10.4568615,8.528855,9.351,8.266957,7.82533,8.864557,8.730834,7.055457,8.372095,8.077221,8.3618765,8.891258,6.9155717,9.3326435,8.778124,8.758053,8.846439,7.138839,6.766415,9.245232,9.137439,9.575733,9.021343
1,1.6357813,0.0,3.4499757,5.785625,5.513235,5.7573314,7.381353,8.245375,6.9376125,6.009382,5.261839,4.3119354,6.082265,7.4242506,5.7181497,5.8436127,8.133714,6.6755037,8.970186,8.419086,6.3256245,9.357706,7.6929827,6.5383286,4.8380966,6.1846886,4.7722774,4.934351,4.6767955,4.6767955,4.557385,6.934062,8.67713,8.305771,7.6640587,7.968396,7.5984497,7.667898,8.193658,8.459784,8.92198,7.464725,8.661057,8.5932865,6.0502353,6.395078,6.0032024,5.6862783,6.2534876,6.614883,5.713474,4.726035,6.934712,6.324279,6.339656,5.9811296,5.0917406,5.5295696,4.4407597,5.76951,4.7381897,4.0840015,6.9702554,7.6702933,7.7650905,7.780346,7.5017905,7.5719604,6.189867,6.2279887,6.8915057,7.322132,7.152145,7.0786867,8.4276905,6.505611,7.8644867,6.432737,7.8244567,7.8172684,7.4283047,6.7729425,6.3995724,7.832494,7.3668685,8.072323,9.325518,9.037097,8.785244,8.633221,7.1899953,6.1130104,8.368404,8.356694,8.570996,8.888494,8.159621,8.628908,8.188144,8.183232,9.285678,8.903387,9.134852,8.8607855,8.428479,10.604305,8.488541,9.303797,8.225996,7.728287,8.868816,8.712335,7.004254,8.332949,8.034905,8.313275,8.815483,6.8472147,9.917953,9.314019,8.933163,9.081147,7.2241464,6.7950854,9.37914,9.133951,10.07713,9.624244
2,2.8341625,3.4499757,0.0,4.289369,5.713204,5.961856,6.4452863,6.521593,5.925456,4.8324914,4.7870007,3.1684034,4.390272,6.113116,4.1595273,4.4025483,7.86406,6.961719,7.8402886,7.96323,7.5361743,9.769121,8.087878,7.0317664,5.7445436,6.969502,6.300576,6.194337,5.916477,5.916477,5.815993,6.6572046,7.210549,7.4081078,6.8432784,6.847306,7.064574,7.785705,7.1088996,6.945651,7.3259473,6.68487,7.3961854,6.8641496,4.768283,5.2103276,4.8728447,5.0238647,7.03293,7.2924247,5.761737,6.222801,5.6122007,5.628212,5.167453,5.405306,4.298746,4.8801007,3.9383883,5.4082065,3.8465583,4.6001377,5.6267915,6.4298472,7.088501,7.2422237,6.7222047,6.7568426,6.084224,6.041291,5.9168754,6.3817754,6.048077,6.0483375,7.6263437,5.4159293,7.8418818,5.7364345,6.9070387,6.899717,6.616998,5.963377,5.451788,7.4579844,6.410531,6.6492844,8.080385,7.635347,7.351593,7.198315,5.9142175,5.334374,6.967132,6.959825,6.954861,7.0669703,8.313169,8.764255,8.303286,8.28645,9.088517,8.929385,8.876352,8.55671,8.480659,10.441166,8.716745,9.516114,8.461979,7.838911,8.83913,8.757016,6.786684,8.382456,7.5770855,8.473414,8.577937,7.1421146,9.265082,8.770063,8.49971,8.298388,6.9862547,6.4189034,8.510487,8.30369,8.929921,8.580338
3,5.3764095,5.785625,4.289369,0.0,4.9300756,5.1184397,4.5821075,4.817088,6.680413,5.854068,6.7836165,5.302535,5.8861656,7.281148,5.6506767,5.8790903,6.105654,6.1706977,6.14673,6.2322507,6.3135037,8.678663,6.813378,5.5947237,7.2195816,7.6023836,8.606624,8.151664,7.3181143,7.3181143,7.2650943,7.7721887,6.7689095,7.0481944,6.964958,7.492406,7.550528,8.619017,7.721228,6.8517213,7.166971,7.2101464,7.1461205,6.9221807,5.171209,5.736857,5.6284633,5.8231516,7.2003665,7.710517,6.247879,6.775037,5.2473454,5.389217,5.5109706,5.807733,4.862972,4.0403357,4.459647,5.7200775,4.604747,5.440509,5.5065765,6.22112,6.285563,6.454805,6.1000214,6.204897,6.145505,6.066386,5.3114176,5.1746144,5.938454,5.8903856,7.588621,7.3958197,7.639104,5.5687714,6.2838383,6.3426313,6.645415,5.1728563,5.9865046,7.1935863,5.4382205,6.7789583,7.7438517,6.9554224,6.406181,6.396691,4.9293394,6.6290026,6.2377353,6.238351,6.185046,7.090231,8.489654,8.364274,8.452286,8.313052,8.62702,8.92185,8.458283,8.093235,8.985834,10.9016695,9.206429,9.660059,8.812995,8.188466,9.21006,9.125045,6.0316787,7.8708944,7.5729327,7.848746,8.202206,6.4311004,8.928943,8.443121,8.079843,7.8421564,7.194759,5.519684,7.8746853,7.344697,8.880086,8.023966
4,5.5111723,5.513235,5.713204,4.9300756,0.0,1.961504,5.0583,6.319652,4.9026027,6.143077,5.3675895,6.4586935,5.9048753,7.0609875,5.890128,5.8445015,6.9624686,6.481112,5.795996,7.0073028,5.785523,7.634963,5.3234406,5.0642967,7.055349,5.769496,7.1146126,7.414295,6.898859,6.898859,7.033056,7.2292128,6.976823,6.6560197,5.998445,6.165317,6.8965917,7.036476,6.5883303,6.737711,7.2127113,6.0063634,7.1345873,7.227372,6.247278,6.7686753,5.9868,5.7947183,5.6035256,6.3105392,6.083734,5.817041,6.238976,5.744805,5.2120442,5.3003507,5.0418267,4.7944274,4.903026,3.8103843,5.0207853,5.287332,5.3445196,6.269715,5.8701925,6.11377,6.187884,6.295153,5.2243,5.133781,5.4942403,5.322114,5.5249987,5.389946,7.320087,6.559333,6.6326494,5.042604,7.005452,6.1196394,6.9486113,5.074067,5.7130713,6.807961,5.711067,7.629506,8.220785,7.799452,7.5342655,7.31803,5.063435,7.4928384,7.1414876,7.1292834,7.2739425,8.459271,7.7611527,7.588783,7.3846846,7.706157,8.561351,7.518349,8.20775,8.845741,7.792897,10.20939,7.7692037,8.287658,7.571387,7.967426,8.349182,8.1291895,5.958303,7.905652,7.6401443,7.777328,8.933361,6.526244,8.736031,8.067901,7.905213,7.665929,6.232199,5.943759,9.687115,8.882407,9.239647,9.460965
5,5.7730446,5.7573314,5.961856,5.1184397,1.961504,0.0,5.354031,6.5985947,5.230581,6.4376025,5.6669283,6.6274753,6.024118,7.1990266,6.006189,5.947061,7.078933,6.658626,6.112527,7.146637,6.060718,7.434237,5.55405,5.4085703,7.174962,5.9721146,7.3310814,7.5110097,7.0169168,7.0169168,7.1439967,7.343133,7.2923346,6.259148,6.3917875,6.597929,7.2105756,7.382787,6.9599805,7.016705,7.423947,5.75925,6.545719,6.9832983,6.4808097,7.003264,6.30533,6.1576414,5.843068,6.519344,6.332317,6.0627813,6.5466733,6.0570025,5.611708,5.6748953,5.432383,5.1614475,5.209851,4.187858,5.221057,5.549549,5.4698,5.4664235,5.9138827,6.1617827,5.9637566,6.067908,5.5519156,5.452684,5.6657,5.5169125,5.4840174,5.44343,7.17938,6.602273,6.8055205,5.2565327,6.758996,5.8656564,6.6586804,5.0159235,5.720676,6.8551793,5.619477,7.414994,7.4830585,6.9830093,7.0881977,7.124963,4.993133,7.360385,6.950416,6.938684,7.0852995,8.255351,7.4722013,7.291629,7.076327,7.411538,8.286111,7.4945426,7.9562035,8.603751,7.6474156,10.19152,7.738967,8.178116,7.3909926,7.8155556,8.149222,7.9469476,5.9270406,7.590018,7.331873,7.504427,8.704971,6.4826503,8.524209,7.899495,7.6731453,7.4387965,6.1929455,5.9989758,9.500742,8.589621,9.163278,9.230038
6,7.073429,7.381353,6.4452863,4.5821075,5.0583,5.354031,0.0,4.461173,6.2190065,5.259511,6.871294,6.8928766,6.6527877,9.050033,6.071278,6.5267644,5.3728604,5.2761593,4.384368,4.6115303,5.4861226,7.7060895,4.343733,4.2399545,7.419286,6.474292,7.679882,7.8998475,7.5088167,7.5088167,7.5128274,7.3729568,6.408259,6.865997,5.919062,6.476598,6.7215,7.4487653,6.616511,6.668543,6.3708663,6.5840187,6.9603357,7.194786,5.716227,6.1199737,5.7102,5.5087175,6.784318,7.5822544,6.605573,7.0247536,5.4882836,5.681134,5.211426,5.5126615,4.7776413,3.9439535,4.817991,5.5149875,5.285933,5.861156,6.067393,6.7119393,5.968725,5.387769,6.0735397,5.951916,5.610552,5.4964576,5.64174,5.246384,4.9136972,4.671601,6.595192,7.6831794,5.0687656,4.558816,6.289842,6.292066,6.7169924,4.3821383,5.8324637,5.981205,5.4794874,7.078484,7.0334725,6.747895,6.6348767,6.4206724,4.6822467,6.7717524,6.1847453,6.17858,6.195757,7.4052396,7.8352146,7.355593,7.9940805,7.698185,7.7853928,7.6040335,7.919975,7.5180597,7.4317517,8.21155,7.654644,7.937166,8.153017,7.851779,8.177868,7.922995,5.564531,7.4822383,7.956683,7.3718605,7.3101406,5.7539077,7.786783,7.255264,7.759404,7.577294,7.397415,5.820091,7.928463,7.373149,7.589692,7.7235475
7,7.9815803,8.245375,6.521593,4.817088,6.319652,6.5985947,4.461173,0.0,6.869664,6.5056586,7.6306605,7.3689218,7.776065,8.676016,7.6599884,7.630544,5.3509903,7.7459702,5.1970515,6.2096906,7.2286835,9.190151,7.212975,6.275396,9.44458,8.83108,9.567436,9.760202,9.548579,9.548579,9.535637,8.521582,7.3753757,8.633716,8.054804,8.379847,7.958032,9.353268,8.554367,7.873192,7.495892,8.479606,7.546645,7.6723914,7.1581855,7.488159,7.4900475,6.355897,8.7374325,9.359684,7.3474426,8.604752,6.2543626,7.414213,6.371994,7.496881,6.1212344,6.0348096,6.686401,7.5022063,6.769741,7.5186205,6.6780763,7.208031,7.443276,7.551033,7.319768,7.3976655,7.000325,6.8858895,7.1766567,6.8375373,6.5200925,6.58544,8.195642,8.931881,8.288792,5.9220343,7.4243927,7.526687,8.341558,6.676408,7.5464683,7.241023,7.157302,7.7364826,7.826232,7.650642,6.9332643,6.6077924,5.015075,6.751188,6.461341,6.453297,6.26919,7.418856,9.52064,9.122579,9.626464,9.332751,8.519472,7.8386655,8.025545,7.9849,8.202737,10.195204,8.653038,8.889658,8.571328,7.8599415,9.042127,8.784487,7.6029882,9.03722,8.599752,9.112544,8.311411,7.90087,9.491791,9.02787,8.409784,8.216762,8.272357,6.395423,8.787124,8.34287,8.461966,8.670201
8,6.5621004,6.9376125,5.925456,6.680413,4.9026027,5.230581,6.2190065,6.869664,0.0,4.812865,3.1182256,6.303772,4.5711746,6.9761267,5.1000714,4.8566065,8.339204,7.9717064,6.2749662,8.053278,8.3596525,8.580978,6.754194,7.1098104,7.6820984,6.4069414,7.4557314,8.3141365,7.709422,7.709422,7.891381,6.5419984,6.7718673,6.8890953,5.812531,6.6560616,6.1603246,7.6305532,6.4760427,5.168818,5.4375544,5.692039,6.076556,4.884469,6.0319314,6.4451885,6.1903186,5.85893,6.000706,6.4695354,6.148907,6.996534,5.47397,6.233311,4.5434113,5.693836,4.9681654,6.3248863,5.971619,4.1601505,4.963697,5.7581005,3.3082566,4.404499,7.7531977,7.1705413,6.8096037,7.154582,5.996554,5.969681,6.5899405,6.7601266,6.7177854,6.7051625,8.057811,6.088901,6.718096,5.2314444,7.516968,6.382227,7.3654613,6.1035957,5.9129186,7.605763,7.139118,7.533447,8.0535145,7.8829317,7.269181,6.911817,5.2800107,7.5740237,7.1126466,7.104011,7.1121235,7.523666,8.53343,8.720764,7.417767,8.144236,8.499396,6.526562,8.19713,8.949819,6.410848,8.712525,6.783453,7.5978737,7.2329154,7.880893,7.469774,7.330482,7.053817,8.664934,7.8725357,8.273638,9.300034,8.1063385,8.733414,8.107719,8.974794,8.429509,6.6455197,7.2522764,10.068927,9.308535,8.485292,9.180928
9,5.6673336,6.009382,4.8324914,5.854068,6.143077,6.4376025,5.259511,6.5056586,4.812865,0.0,4.092164,4.3544807,5.0431633,7.8422637,5.3265877,4.9899087,7.9145885,7.106494,7.0243645,7.5544953,6.973028,8.74498,6.9625206,6.4875493,6.489981,6.667731,6.25501,7.043218,6.6450872,6.6450872,6.55305,6.795372,7.4997416,7.6125474,7.2679296,7.385806,7.373588,8.003523,7.7333956,6.7499695,6.0112987,6.4474783,6.6772213,6.675528,5.298977,6.1090574,4.372496,4.2409916,7.005781,7.4412727,5.8745832,6.6083746,4.7940516,4.8267984,4.855158,5.2472167,3.8746808,5.5301194,5.1633434,5.588812,4.4483533,5.278079,5.104892,5.8946085,7.695832,7.5647535,7.3428574,7.274684,6.7908206,6.7238536,7.220548,7.416439,6.8588257,6.824495,8.416206,6.383739,5.0824122,4.3990254,8.059416,6.9234014,7.6644073,6.548217,6.348135,7.0365357,7.69903,8.0117655,8.514659,8.336142,8.153998,7.8272595,5.9475846,6.397354,7.7162223,7.6970997,7.6973534,7.8628197,8.601677,8.786311,8.191889,8.825732,9.343276,7.933837,9.387662,8.864214,7.29365,8.609924,7.619087,8.343467,8.352932,7.78515,8.135973,8.000538,6.6239867,8.143689,8.284008,7.9678264,8.721525,7.6022487,9.277953,8.715729,9.022699,8.6093,7.0012975,6.2619305,7.622349,8.627066,7.2272983,8.694556
10,4.847547,5.261839,4.7870007,6.7836165,5.3675895,5.6669283,6.871294,7.6306605,3.1182256,4.092164,0.0,4.250971,3.8873634,6.3314548,4.3067455,3.6564946,8.144434,7.165775,7.162376,7.895558,7.5985003,8.42485,6.8584523,6.910227,5.627518,5.209538,5.392667,6.237713,5.6583014,5.6583014,5.807915,4.9322114,7.074694,7.028196,6.4923296,6.7368164,5.7702312,6.505796,7.024899,6.008015,5.776911,5.2734766,6.2202067,5.708824,6.0335226,6.6316886,5.428094,5.228092,5.403979,5.5906634,5.272423,5.8385997,5.927492,5.7416315,5.040026,5.7645783,4.961761,6.716225,5.843861,4.681368,4.7060976,4.7303743,4.3393006,5.2819877,7.6663146,7.7234674,7.384303,7.4446993,6.0519686,6.062028,6.929213,7.3335614,7.091384,6.995983,8.549841,5.4302077,7.1902137,5.8308196,8.04967,7.027091,7.6531706,6.856006,6.144534,7.070667,7.6668043,7.820069,8.835219,8.525561,8.18983,7.9334245,6.076898,6.653853,7.865084,7.8506093,7.8759427,7.8211393,7.9547524,8.415671,7.3708606,8.11473,8.721027,7.2711196,8.553043,8.961395,6.6178503,8.850386,6.9386797,7.935329,7.1853848,7.5793266,7.3139176,7.2380524,7.281938,8.545898,7.9670734,8.425441,9.170883,7.933971,9.103266,8.520505,8.621571,8.335338,5.7995806,6.643773,9.801904,9.595573,8.689993,9.30644
11,3.809785,4.3119354,3.1684034,5.302535,6.4586935,6.6274753,6.8928766,7.3689218,6.303772,4.3544807,4.250971,0.0,4.071685,6.339879,4.4231334,3.7973597,7.476048,6.4240346,7.8893857,7.471545,7.072854,9.4542,7.9048266,7.068623,4.731022,6.4995522,5.9556913,5.2801957,4.9312077,4.9312077,4.7988634,5.5947266,7.9844866,8.135585,7.9657054,7.852172,7.2205005,7.6675406,8.240526,7.655322,7.125872,6.532177,7.162616,7.0304227,5.57077,6.198973,5.293082,5.262458,6.7676754,6.8569527,5.3430653,6.0176544,6.42708,5.9629817,6.036949,6.315112,5.403766,6.313794,5.4496794,6.302242,4.3158336,4.3560767,5.8394566,6.573871,7.4786882,7.9618125,7.7227,7.5667286,6.8095083,6.807295,6.8444405,7.287058,7.1583343,7.0710278,8.760061,6.11569,8.193055,6.6658263,8.215111,7.6720138,7.5924134,7.113861,6.592984,7.3898478,7.5103154,7.560949,9.165985,8.428533,8.247873,8.208585,6.5780153,5.5729513,7.9836216,7.96924,7.948974,7.6217804,8.103098,8.576363,8.119476,8.433457,9.069075,9.263946,9.11213,8.5428505,8.6475725,10.262858,8.936043,9.729548,8.66638,8.056568,8.639251,8.640183,6.988031,8.26573,7.9571214,8.716504,8.791254,7.2440634,9.630748,9.197229,8.543647,8.447757,6.40667,5.965086,8.629924,8.780656,9.251279,8.664749
12,5.5592527,6.082265,4.390272,5.8861656,5.9048753,6.024118,6.6527877,7.776065,4.5711746,5.0431633,3.8873634,4.071685,0.0,6.217426,2.0003288,1.4801902,8.581441,7.446977,7.042719,8.163908,8.592411,9.803019,7.9452834,8.093834,6.215451,6.5147057,7.155273,6.885898,6.3144536,6.3144536,6.426904,5.7445536,6.9597487,7.033635,6.588561,6.2689548,7.032501,7.7050557,6.706562,6.2340755,5.689797,5.159838,6.0130706,5.5055146,5.769572,6.2397814,5.8252573,5.834371,7.0231495,7.163119,6.9544487,7.488462,6.66129,6.2540355,5.522299,6.1295214,5.6763873,6.256412,5.6183295,5.0155115,4.3532023,5.434694,4.5173464,5.395787,6.945902,7.0656476,6.7272587,6.5433292,6.9117246,6.8476768,6.117193,6.610195,6.043359,5.841224,7.7330046,4.948145,7.638735,6.34349,7.1276374,6.59303,6.376514,5.838256,5.360405,7.871742,6.5169744,6.5443416,8.0765705,7.312801,7.244248,7.2148395,5.314546,6.615386,7.031461,7.0217886,7.028498,6.8658166,7.82915,8.321329,7.624053,7.9374743,8.927905,9.279204,9.008111,9.134556,8.383055,9.927396,8.977424,9.757011,8.813945,9.113655,8.640297,8.691807,7.090074,8.661227,7.74395,8.79307,9.135016,7.7045135,8.892052,8.491401,8.49804,8.032272,6.4201307,7.1752453,9.743036,8.768504,9.404461,9.085602
13,6.9702716,7.4242506,6.113116,7.281148,7.0609875,7.1990266,9.050033,8.676016,6.9761267,7.8422637,6.3314548,6.339879,6.217426,0.0,6.4751925,5.674501,9.091387,8.552036,7.8014317,9.171726,9.897839,10.110322,9.344454,9.002693,7.5453672,7.6252003,8.781474,8.075394,7.738625,7.738625,7.826505,7.1051984,6.643865,7.1368265,7.4145575,6.9560275,7.457098,7.8743324,7.060182,6.9224896,6.6912775,6.2408633,6.4777007,5.894359,6.557216,7.11925,6.527692,6.4890056,7.7644978,7.272952,7.4066195,8.015158,7.4058046,6.9732423,6.7357783,7.154891,7.949097,8.407402,7.392248,6.854762,5.730323,6.5288095,5.539577,6.474537,6.1400228,7.4507403,8.230906,8.284527,6.533119,6.4276996,5.759584,6.260956,7.351867,7.9546404,8.78653,6.591871,10.525793,8.144193,8.684121,8.437061,8.14097,7.78039,6.8792005,7.5189075,7.3923893,7.5792713,9.830728,9.196972,8.495818,8.427986,7.3279996,8.174529,8.135536,8.1226,7.967923,6.726188,7.767072,8.259644,7.834411,8.136805,9.035522,9.063827,8.638645,9.314913,9.979169,11.223372,9.1509495,9.897006,8.230117,8.586869,8.763075,8.778657,7.543144,8.83989,7.2556796,8.964025,9.275877,8.005108,8.959744,8.565865,7.5004115,7.0513906,5.502413,6.38675,9.854125,8.995398,9.378258,9.336067
14,5.0920825,5.7181497,4.1595273,5.6506767,5.890128,6.006189,6.071278,7.6599884,5.1000714,5.3265877,4.3067455,4.4231334,2.0003288,6.4751925,0.0,1.9333439,8.098764,6.5630407,6.817094,7.427056,8.252443,9.386361,7.2091885,7.484172,5.3898273,5.6524663,6.4036508,6.1665154,5.5185127,5.5185127,5.6490088,5.0633893,5.988768,6.0815473,5.522682,5.2923517,6.02853,6.6348686,5.7517195,5.621463,5.465366,4.7906337,5.963306,5.5482,5.4982233,5.8979664,5.3018436,5.69313,6.492951,6.629566,6.734204,7.021229,6.389975,5.7659993,5.2521048,5.685111,5.380066,5.758409,4.9929547,4.659361,4.283713,5.1054344,4.8693438,5.68538,6.3175898,6.279721,6.372805,6.129722,6.1637836,6.1041365,5.3562517,5.9046626,5.3422112,5.162814,7.0911837,4.740712,7.2763405,6.333549,6.40656,6.481516,5.8582406,5.156746,4.811514,7.1724453,5.8538175,6.108525,7.643482,6.9432955,6.9704127,6.970085,5.177096,6.32778,6.689067,6.68497,6.6887555,6.5142508,7.196926,7.706876,7.392066,7.3516965,8.4184475,9.034325,8.592943,8.659338,8.046219,9.195323,8.452772,9.2927685,8.433908,8.777408,8.232286,8.268243,6.732752,8.355787,7.5877185,8.384558,8.462749,7.042068,8.24126,7.8257494,7.9744587,7.633061,6.1777444,6.8891044,9.452518,8.314726,9.072257,8.630057
15,5.366589,5.8436127,4.4025483,5.8790903,5.8445015,5.947061,6.5267644,7.630544,4.8566065,4.9899087,3.6564946,3.7973597,1.4801902,5.674501,1.9333439,0.0,7.977113,6.8800054,6.5530043,7.6034083,8.077302,9.304953,7.4725018,7.675955,5.550323,5.7379785,6.5909543,6.3092685,5.631376,5.631376,5.7679977,4.8825264,6.293987,6.5163226,6.4391108,5.9463105,6.5161066,6.9654593,6.625692,6.196331,5.0805054,4.6210895,5.279987,5.335711,5.8285494,6.3747296,5.575244,5.2310586,6.745934,6.764759,6.791242,7.185017,6.6416206,5.85509,5.612018,6.1997337,5.858403,6.4388194,5.6775393,5.210949,4.3301287,5.1040406,4.541911,5.4012747,6.2342267,6.742752,6.7755723,6.4449587,6.4725647,6.3972163,5.8377614,6.36311,5.8751693,5.7899733,7.723566,5.1651726,7.6609936,6.273438,7.054367,6.811318,6.3976607,5.8420973,5.2887115,7.020276,6.4809923,6.526005,8.182138,7.5122476,7.397096,7.348183,5.1204786,6.281741,6.9640274,6.9499784,6.9540443,6.5644794,7.090604,7.615075,7.404694,7.53614,8.492255,8.964825,8.577852,8.766475,8.121793,9.444262,8.555687,9.37247,8.362307,8.731534,8.21831,8.234468,7.02926,8.436048,7.5569572,8.476684,8.577579,7.2785916,8.55589,8.12567,7.7166185,7.3904586,5.6205797,6.5396433,9.46722,8.50396,9.083396,9.015442
16,8.142002,8.133714,7.86406,6.105654,6.9624686,7.078933,5.3728604,5.3509903,8.339204,7.9145885,8.144434,7.476048,8.581441,9.091387,8.098764,7.977113,0.0,5.081766,5.0262485,3.0714352,5.5000396,7.9670954,5.686852,5.2914476,7.3330812,6.7181234,8.603048,8.020214,7.275381,7.275381,7.3309016,6.4301805,7.450701,8.626359,8.147785,9.015108,6.739624,8.012449,8.924082,8.4078865,7.7037554,8.347032,7.304082,8.046451,8.109251,8.308124,8.500461,6.66493,6.947417,7.417925,6.0539255,6.779774,7.2021847,7.562584,7.214886,7.9884415,7.41755,7.0375447,7.14305,7.891081,7.172482,6.6662807,7.515624,7.993019,6.516682,6.4349327,7.7701645,7.7263007,5.887919,5.890236,6.551203,6.240472,7.6728544,7.2358294,8.520215,9.701598,8.928736,7.8855734,8.1980715,8.700075,8.624624,7.2135777,7.9403687,5.8704224,7.1098523,7.874424,8.753735,8.251688,7.392833,7.3325653,6.46499,7.3669167,7.1157875,7.105075,7.101569,7.7805037,7.6035147,7.096949,8.305602,7.5678325,6.275127,7.381234,6.2852516,5.9566956,7.941702,8.820415,7.7651143,8.022413,7.582374,7.106411,7.800429,7.484815,6.81662,7.7644978,8.06855,8.040476,6.7381124,5.749329,8.766945,8.297889,7.1507554,7.645895,6.92008,5.1932755,9.08401,7.6678085,9.472445,8.108077
17,6.149063,6.6755037,6.961719,6.1706977,6.481112,6.658626,5.2761593,7.7459702,7.9717064,7.106494,7.165775,6.4240346,7.446977,8.552036,6.5630407,6.8800054,5.081766,0.0,5.921537,3.1837485,4.8824096,7.3339734,3.9948242,3.834336,4.3796086,4.2421374,6.4253535,5.6464353,4.6848464,4.6848464,4.742186,5.700776,6.5802593,6.6712494,5.8404174,6.883175,5.0127993,5.076832,6.7335186,7.3971667,6.9996347,5.928778,7.5947366,7.490129,5.787755,5.9786,6.1342397,6.410891,4.8137116,5.1749754,5.3602757,5.2876434,6.893626,6.258318,6.683988,6.314965,6.658784,5.7355695,5.4236026,6.4618726,5.600141,4.26087,7.414504,8.036512,5.8973775,5.7476473,7.399583,7.188683,4.268803,4.3437486,5.271493,5.1940866,6.739519,6.2084246,7.444626,8.222424,7.8280597,7.098342,7.5720806,8.151429,7.389541,5.9322724,6.21114,4.860971,5.9032917,7.5997534,8.616911,8.10544,8.044828,8.051695,7.6141205,7.339268,7.617191,7.616138,7.6332245,7.993799,6.6719575,6.4802856,7.5812063,6.7514358,7.174845,8.395412,7.6040463,7.0388374,8.493805,8.0931015,7.972171,8.439214,8.06944,7.9111824,8.222857,7.9170456,6.18653,7.3647504,8.179272,7.380663,7.0904346,4.360447,7.0792265,6.605729,7.262547,7.790333,6.893183,5.964612,8.995468,7.9868126,8.935734,7.338644
18,8.607365,8.970186,7.8402886,6.14673,5.795996,6.112527,4.384368,5.1970515,6.2749662,7.0243645,7.162376,7.8893857,7.042719,7.8014317,6.817094,6.5530043,5.0262485,5.921537,0.0,4.4815965,6.836953,8.128392,5.302432,5.887835,8.233593,6.4059434,9.211819,9.215479,8.335003,8.335003,8.508842,6.8367167,4.855811,6.329246,5.8428636,6.1907744,6.121914,7.100918,6.4860477,6.4067855,4.4920025,5.6776814,5.1559367,5.6563106,6.846176,7.1454577,7.270415,5.741748,7.128549,7.523302,7.376777,8.185952,6.4369645,6.5578275,6.059663,6.92807,6.9983935,6.278393,6.6521773,6.4603143,6.358902,6.8178263,5.9245563,6.680182,4.9422245,5.3066745,6.825046,6.5650945,5.256733,5.1012163,5.260594,4.82667,6.1315284,5.5291553,7.2447276,8.547785,7.817108,6.033653,7.224111,7.5848026,7.5825667,5.646267,6.111636,5.139634,5.8004327,7.099312,7.683028,7.482768,6.904237,6.6200833,5.429468,8.136654,6.0664163,6.054625,5.9450727,6.8481803,7.532444,7.0220857,8.316162,7.6655393,7.3235455,7.598574,7.2045116,7.8031697,8.169427,8.435259,8.079616,8.359829,8.185586,8.596421,8.465479,8.09297,7.105753,8.548741,8.204674,8.142028,7.6299586,6.4668403,7.3850236,6.886384,6.892822,6.8541713,6.8470464,6.3340254,9.59413,8.006292,8.3279505,8.5874195
19,7.9633713,8.419086,7.96323,6.2322507,7.0073028,7.146637,4.6115303,6.2096906,8.053278,7.5544953,7.895558,7.471545,8.163908,9.171726,7.427056,7.6034083,3.0714352,3.1837485,4.4815965,0.0,5.6330647,7.1528482,4.0890636,4.2899537,6.5705304,5.6851525,8.205564,7.6470337,6.7697535,6.7697535,6.864278,6.0125675,6.329846,7.241457,6.633543,7.716596,5.283098,6.356167,7.5621037,7.3165345,6.6393723,6.9600472,7.1412263,7.304499,7.076643,7.2884245,7.3580475,6.9565263,6.0655456,6.514172,5.9071293,6.7577133,6.896371,6.9700336,6.9707766,7.361782,7.2552533,6.607017,6.729465,7.3185186,6.7953672,6.10069,7.378251,7.902321,6.1661587,5.9939084,7.53027,7.367177,5.138886,5.1533403,5.9009337,5.536405,7.0878873,6.59231,7.8588805,9.200742,8.319621,7.522676,7.7411346,8.240251,8.040398,6.4452715,7.156956,4.8604093,6.342229,7.6371794,8.306006,7.7658362,7.395468,7.3843846,6.9432716,7.638113,7.083064,7.0825734,6.9651966,7.573657,7.2515564,6.7257857,8.046965,7.253074,6.500975,7.7377195,6.8104753,6.4147954,8.060764,7.8710904,7.7406707,8.016044,7.8904834,7.713973,7.8949037,7.5770874,6.6726456,7.6575413,8.365175,7.771665,6.9126797,5.373129,7.3340335,6.923323,7.064714,7.5002337,7.023641,5.719196,8.991121,7.782327,8.664456,7.171306
20,6.5454655,6.3256245,7.5361743,6.3135037,5.785523,6.060718,5.4861226,7.2286835,8.3596525,6.973028,7.5985003,7.072854,8.592411,9.897839,8.252443,8.077302,5.5000396,4.8824096,6.836953,5.6330647,0.0,7.410591,4.94733,3.578823,6.6659007,6.2701955,6.911573,7.1050863,6.515609,6.515609,6.4428253,8.006434,8.993366,8.791615,8.389963,8.877386,8.082021,7.79168,9.28632,9.520578,8.880887,7.816711,8.818254,9.595774,7.279466,7.795451,7.217402,6.1129417,6.316835,7.042805,6.6698656,5.560182,7.5260115,6.709473,7.305745,6.9485893,6.3290033,5.7496624,6.132072,7.203785,6.562977,5.527845,8.202701,8.732378,7.334958,7.641082,7.8456016,7.686647,6.597877,6.6025567,7.736497,7.517388,7.7980995,7.1531377,8.679557,9.311486,7.325268,6.210856,8.305262,8.377567,8.775168,7.1896048,7.7348905,6.6565375,7.688532,9.296107,9.634824,9.403033,9.195947,9.034294,7.5869064,7.6597614,8.562912,8.548559,8.795168,9.850508,8.392337,7.9623713,8.899557,8.652634,8.898682,8.62921,8.98044,8.542511,8.506052,10.077773,8.685513,8.887079,8.532935,8.043702,9.111785,8.816694,7.1355352,8.135279,8.943358,8.021248,8.037692,6.255164,9.625225,9.091839,8.423887,8.895712,8.048837,6.2465835,9.206453,9.18743,9.692419,9.545462
21,9.0191145,9.357706,9.769121,8.678663,7.634963,7.434237,7.7060895,9.190151,8.580978,8.74498,8.42485,9.4542,9.803019,10.110322,9.386361,9.304953,7.9670954,7.3339734,8.128392,7.1528482,7.410591,0.0,5.5261717,5.799572,8.271705,6.8117003,8.79282,9.118823,8.36226,8.36226,8.479587,8.275514,8.811998,8.246643,8.565932,9.475335,7.7128105,7.827284,9.521535,8.277549,8.834535,8.282136,8.989237,9.271456,8.876212,9.614611,7.9553385,9.10606,6.775197,7.1337066,7.500744,7.5184093,8.228674,7.699927,8.618572,8.408023,8.406359,8.891776,8.6028385,7.7087,8.541309,7.858501,7.9626875,8.458961,7.890337,8.303921,6.755249,6.8318305,7.6534095,7.5851417,8.650809,8.479622,8.086417,8.297225,8.105549,8.815482,8.299267,7.635414,7.3874836,6.1091385,7.7558923,7.506054,7.9531045,5.873699,7.6050963,8.4128685,8.267399,8.097962,7.942928,7.8328557,7.7845874,8.258364,7.7168455,7.7115145,7.730345,8.470185,6.6663203,6.1231275,6.2526093,7.0344357,7.201093,6.332985,7.1211023,7.635316,6.065479,8.700785,6.136532,5.6828766,5.516675,6.1552496,5.95994,5.7782607,7.485222,5.97977,7.253332,5.6609516,7.5322914,7.7418566,6.8166757,6.570345,6.2382207,6.2656603,6.389336,6.299422,7.954681,8.246798,6.710962,7.2206874
22,7.3213267,7.6929827,8.087878,6.813378,5.3234406,5.55405,4.343733,7.212975,6.754194,6.9625206,6.8584523,7.9048266,7.9452834,9.344454,7.2091885,7.4725018,5.686852,3.9948242,5.302432,4.0890636,4.94733,5.5261717,0.0,2.614761,6.5716734,4.4899907,6.8405023,7.2013235,6.6278653,6.6278653,6.7872334,6.6155066,6.764554,6.5807776,5.7427077,6.9509645,5.298191,5.431717,6.9200644,7.0261197,6.9452596,6.1665006,7.635961,7.724607,6.7615447,7.1471725,6.464492,7.0133767,4.8309045,5.596689,6.204386,6.0527415,7.0136633,6.5519,6.687663,6.584345,6.590151,6.237285,6.3920274,5.945857,6.396526,5.4581075,6.876257,7.488274,6.5439487,6.2148404,7.227735,7.177522,4.9378195,4.9524784,6.3718414,6.0239944,6.3819084,6.432748,7.6723614,8.547017,6.4940224,6.2075405,7.37374,7.274624,7.6797924,5.714493,6.784328,5.21328,6.5193944,8.420417,8.51157,8.275113,8.175806,8.030823,6.615125,7.8736463,7.778836,7.7757416,7.825485,8.620596,7.0589814,6.5188622,7.2918243,7.0667887,7.251927,6.7859693,7.433885,7.63749,6.9544744,7.4449077,6.5747705,6.8830104,7.0748816,7.5508375,7.3597474,7.0180326,6.323616,7.43948,8.403143,7.1395707,7.666628,5.67282,7.1486235,6.525505,7.4587984,7.689074,6.797319,6.1240497,9.398733,8.651583,8.295966,8.075144
23,6.161458,6.5383286,7.0317664,5.5947237,5.0642967,5.4085703,4.2399545,6.275396,7.1098104,6.4875493,6.910227,7.068623,8.093834,9.002693,7.484172,7.675955,5.2914476,3.834336,5.887835,4.2899537,3.578823,5.799572,2.614761,0.0,6.4618316,5.4796114,6.7263026,6.9906793,6.584408,6.584408,6.5974317,7.338967,7.3479686,7.2288537,6.428024,7.55157,6.019174,6.230972,7.537162,7.609019,7.728655,6.848811,8.275579,8.196483,5.8716254,6.341158,5.819515,6.4827027,5.147213,5.943509,5.585904,5.3953133,6.445045,6.1892095,6.473122,6.18334,5.8018627,5.2927065,5.570597,6.153813,5.783231,4.7094727,6.988316,7.677015,6.7703295,6.707768,7.0627146,7.119089,4.9236846,4.94619,6.452687,6.10846,6.4056582,6.504572,7.683804,8.539586,6.819118,5.525149,7.1516814,7.1434894,7.6882787,5.806603,6.771746,5.391573,6.461696,8.358146,8.559024,8.333281,8.093943,7.9058022,6.703613,7.047354,7.6257486,7.623021,7.672483,8.567422,7.6361256,7.1491456,7.7852015,7.5573063,7.701068,7.0543704,7.681821,7.4841948,7.399288,8.6140995,7.1333175,7.3812084,7.2229156,6.9583445,7.8549576,7.5216184,6.1419005,7.2572384,8.171764,7.0662026,7.4839444,5.4955125,7.6960855,7.0989428,7.583477,7.876362,7.197718,5.554052,8.539093,8.37236,8.106862,7.7052345
24,4.533069,4.8380966,5.7445436,7.2195816,7.055349,7.174962,7.419286,9.44458,7.6820984,6.489981,5.627518,4.731022,6.215451,7.5453672,5.3898273,5.550323,7.3330812,4.3796086,8.233593,6.5705304,6.6659007,8.271705,6.5716734,6.4618316,0.0,3.5439568,4.1220536,3.0021842,0.89373875,0.89373875,0.9386712,4.1163435,7.4514103,7.194092,6.7367177,7.139832,5.6072803,5.253803,7.194159,7.436502,7.436723,6.0770984,7.636931,7.6872144,6.406216,6.793646,5.823974,6.046435,4.74596,4.5970464,4.8538537,4.221752,7.0481553,5.8598547,6.522569,6.0668464,6.3742204,6.807673,5.4601216,6.0337214,5.342735,4.0684533,7.149451,7.8653107,6.662983,6.688262,7.6873355,7.4772387,5.4123178,5.4844832,6.0885787,6.6226754,7.4901385,7.0115824,8.087672,6.350979,7.950774,7.7925596,8.269744,8.223998,7.370124,6.9762187,6.2284055,6.0419617,6.9967933,7.566494,9.264592,8.697285,8.657987,8.661779,8.021446,6.8908215,8.348699,8.338352,8.439744,8.132323,6.232859,6.8357897,6.819541,6.7286477,7.888061,8.703135,8.309438,7.7762012,8.134429,8.458389,7.6275954,8.488426,7.698278,7.604723,7.553126,7.442304,6.451728,7.2855763,7.7017155,7.4972124,7.7726703,5.6902194,8.237938,7.7814612,7.6726966,7.9911227,5.7344856,6.1182046,8.963369,8.49129,9.253518,8.231298
25,5.947351,6.1846886,6.969502,7.6023836,5.769496,5.9721146,6.474292,8.83108,6.4069414,6.667731,5.209538,6.4995522,6.5147057,7.6252003,5.6524663,5.7379785,6.7181234,4.2421374,6.4059434,5.6851525,6.2701955,6.8117003,4.4899907,5.4796114,3.5439568,0.0,4.610086,4.868341,3.4734201,3.4734201,3.841175,3.7146487,5.979051,5.770106,5.164268,5.7615633,4.1205964,3.5306833,5.9416723,6.3258486,6.058891,4.777985,6.4611883,6.806429,6.836971,7.210607,6.11125,5.8560605,3.6986926,3.7956994,5.243709,4.683242,6.8260717,5.66022,6.052824,5.8903594,6.434702,6.7675204,5.7864995,5.055391,5.7898283,4.6932855,6.483061,7.246933,5.6463757,5.623407,7.1200414,6.889265,4.1371694,4.167108,5.5228524,5.808691,6.784032,6.2453375,7.4493403,6.5907493,7.042318,6.970175,7.7791796,7.6541305,7.1800547,6.1675744,5.674271,4.6223083,6.414944,7.5158916,8.625646,8.379193,8.288127,8.141312,7.169396,7.5699835,7.752291,7.739702,7.855215,8.028887,5.499228,5.767341,6.2510214,6.072557,7.0644064,7.090968,7.320306,7.693192,6.8024254,7.008185,6.075137,6.9221025,6.5600815,7.3586836,6.6495876,6.325755,6.4312034,7.323281,7.6742897,7.00802,7.5682063,5.5683217,7.15464,6.532751,6.8461905,7.1535606,4.995503,6.0787787,9.622112,8.6358185,8.620725,8.570292
26,4.905727,4.7722774,6.300576,8.606624,7.1146126,7.3310814,7.679882,9.567436,7.4557314,6.25501,5.392667,5.9556913,7.155273,8.781474,6.4036508,6.5909543,8.603048,6.4253535,9.211819,8.205564,6.911573,8.79282,6.8405023,6.7263026,4.1220536,4.610086,0.0,2.947366,4.03046,4.03046,3.9766064,5.8134427,8.906687,8.573389,7.5625563,7.5789948,6.7827682,5.8501244,7.7614174,8.758389,8.77925,7.1051803,8.965769,9.240751,7.2648487,7.5862274,6.3056636,6.264139,5.978202,6.206011,6.2525177,5.2228327,8.071226,7.162641,7.090481,6.645588,6.375257,7.3472033,6.1779857,6.5804687,6.1646957,5.017098,8.053421,8.681937,8.12148,7.976489,8.54192,8.371877,6.4327803,6.4776745,7.9046392,8.344057,7.3703127,7.4304185,8.535625,6.7110314,7.1496496,7.2787256,8.843842,8.674356,8.247506,7.602616,7.1618524,7.053704,8.4516325,8.908106,9.823372,9.7890835,9.914699,9.706521,8.2151165,6.5049906,9.379093,9.362084,9.554324,9.416827,7.3006773,7.816141,7.6771216,7.7528415,8.880643,8.21682,9.07925,8.764743,7.297127,8.118557,6.9894395,7.8824253,7.5175304,7.467403,7.6055818,7.392563,7.387739,8.245613,8.633873,8.406631,8.471365,7.021717,9.275693,8.720771,8.711121,8.98291,7.0330367,7.2623377,9.789963,9.825751,9.322811,9.615923
27,4.9875035,4.934351,6.194337,8.151664,7.414295,7.5110097,7.8998475,9.760202,8.3141365,7.043218,6.237713,5.2801957,6.885898,8.075394,6.1665154,6.3092685,8.020214,5.6464353,9.215479,7.6470337,7.1050863,9.118823,7.2013235,6.9906793,3.0021842,4.868341,2.947366,0.0,2.991866,2.991866,2.835971,5.356746,9.03219,8.806906,7.9170604,7.8865943,6.973674,6.119404,7.8668885,9.00102,9.020208,7.2116337,8.959575,9.180881,7.126908,7.382939,6.5817323,6.736901,6.032853,6.0313444,5.9942183,5.149903,8.48918,7.510059,7.466469,6.9754705,7.1323457,7.5513725,6.316661,6.980487,5.860402,4.625229,8.1165,8.741575,7.4701467,7.485421,8.546109,8.339826,6.4006677,6.4560513,7.17752,7.668017,7.1985826,7.377921,8.418283,6.7661757,8.25705,8.265477,8.872155,8.839705,7.93278,7.520801,7.243637,7.1222696,7.9213223,8.368512,9.940716,9.4318495,9.548732,9.549054,8.256532,6.3339057,9.25662,9.241671,9.391754,8.869471,6.5440865,7.120729,7.0700493,6.993865,8.229198,8.966565,8.631837,7.982534,8.404481,8.79141,7.8840246,8.676015,7.8355308,7.619287,7.728606,7.650892,6.600258,7.52814,7.9869595,8.278371,8.023543,5.9802413,8.980502,8.5438795,8.109908,8.455566,6.4443636,6.535223,9.504739,9.082094,9.873545,8.826347
28,4.642519,4.6767955,5.916477,7.3181143,6.898859,7.0169168,7.5088167,9.548579,7.709422,6.6450872,5.6583014,4.9312077,6.3144536,7.738625,5.5185127,5.631376,7.275381,4.6848464,8.335003,6.7697535,6.515609,8.36226,6.6278653,6.584408,0.89373875,3.4734201,4.03046,2.991866,0.0,0.0,0.517248,4.116499,7.706942,7.429385,7.008007,7.3985906,5.9332075,5.5926056,7.500073,7.6736426,7.680151,6.374768,7.673804,7.9464736,6.852919,7.236149,6.2434883,6.03164,4.739361,4.647038,4.9852858,4.000927,7.2109303,5.953872,6.587249,6.187687,6.413022,6.899058,5.583957,6.0039883,5.525248,4.2726808,7.204202,7.9057174,6.7301097,6.694935,7.764639,7.571256,5.5993114,5.673561,6.2556567,6.777674,7.667811,7.150621,8.300567,6.517817,7.873934,7.918016,8.425056,8.349771,7.5494843,7.1128945,6.465446,6.3390465,7.201187,7.7851105,9.470297,8.903632,8.794791,8.796599,7.9427423,7.0885544,8.507494,8.495015,8.65089,8.435564,6.259556,6.854716,6.8075075,6.7703414,7.9165173,8.667676,8.3333,7.8721094,8.065994,8.6048765,7.5839086,8.468689,7.663649,7.642862,7.5254335,7.4250684,6.447774,7.3459673,7.7452345,7.540478,7.8653245,5.750134,8.6382475,8.144865,7.807302,8.137078,5.6549788,6.1156144,9.1949625,8.615259,9.623955,8.686885
29,4.642519,4.6767955,5.916477,7.3181143,6.898859,7.0169168,7.5088167,9.548579,7.709422,6.6450872,5.6583014,4.9312077,6.3144536,7.738625,5.5185127,5.631376,7.275381,4.6848464,8.335003,6.7697535,6.515609,8.36226,6.6278653,6.584408,0.89373875,3.4734201,4.03046,2.991866,0.0,0.0,0.517248,4.116499,7.706942,7.429385,7.008007,7.3985906,5.9332075,5.5926056,7.500073,7.6736426,7.680151,6.374768,7.673804,7.9464736,6.852919,7.236149,6.2434883,6.03164,4.739361,4.647038,4.9852858,4.000927,7.2109303,5.953872,6.587249,6.187687,6.413022,6.899058,5.583957,6.0039883,5.525248,4.2726808,7.204202,7.9057174,6.7301097,6.694935,7.764639,7.571256,5.5993114,5.673561,6.2556567,6.777674,7.667811,7.150621,8.300567,6.517817,7.873934,7.918016,8.425056,8.349771,7.5494843,7.1128945,6.465446,6.3390465,7.201187,7.7851105,9.470297,8.903632,8.794791,8.796599,7.9427423,7.0885544,8.507494,8.495015,8.65089,8.435564,6.259556,6.854716,6.8075075,6.7703414,7.9165173,8.667676,8.3333,7.8721094,8.065994,8.6048765,7.5839086,8.468689,7.663649,7.642862,7.5254335,7.4250684,6.447774,7.3459673,7.7452345,7.540478,7.8653245,5.750134,8.6382475,8.144865,7.807302,8.137078,5.6549788,6.1156144,9.1949625,8.615259,9.623955,8.686885
30,4.5467057,4.557385,5.815993,7.2650943,7.033056,7.1439967,7.5128274,9.535637,7.891381,6.55305,5.807915,4.7988634,6.426904,7.826505,5.6490088,5.7679977,7.3309016,4.742186,8.508842,6.864278,6.4428253,8.479587,6.7872334,6.5974317,0.9386712,3.841175,3.9766064,2.835971,0.517248,0.517248,0.0,4.436915,7.920922,7.626067,7.2145104,7.5670714,6.2093697,5.846788,7.660504,7.8611836,7.882215,6.5757637,7.8613544,8.142058,6.7707047,7.1763797,6.137117,5.972388,4.947624,4.873553,5.0025325,3.9675262,7.1838307,5.9268045,6.6051903,6.137029,6.329518,6.8302827,5.514209,6.142595,5.4742956,4.254724,7.3236413,8.0056715,6.8382154,6.8095145,7.822973,7.634707,5.768334,5.8380375,6.3785424,6.8964224,7.7068906,7.2149568,8.339586,6.5500326,7.8349566,7.8981757,8.478456,8.3946,7.616722,7.1965814,6.56766,6.461886,7.2940216,7.8547626,9.529234,8.9549885,8.86168,8.869146,8.031783,6.994534,8.5843935,8.571633,8.729743,8.487357,6.4089417,6.991447,6.9203863,6.9136324,8.061209,8.795932,8.491315,7.889762,8.192475,8.739108,7.7168283,8.578088,7.781638,7.6086874,7.6271405,7.542952,6.381375,7.2905917,7.7495155,7.545338,7.8342867,5.7477055,8.773568,8.294586,7.9076557,8.227059,5.829535,6.0594096,8.975531,8.565739,9.570548,8.629984
31,6.602053,6.934062,6.6572046,7.7721887,7.2292128,7.343133,7.3729568,8.521582,6.5419984,6.795372,4.9322114,5.5947266,5.7445536,7.1051984,5.0633893,4.8825264,6.4301805,5.700776,6.8367167,6.0125675,8.006434,8.275514,6.6155066,7.338967,4.1163435,3.7146487,5.8134427,5.356746,4.116499,4.116499,4.436915,0.0,6.20227,6.9073486,6.6357794,6.9379945,4.275367,5.1288033,7.0879016,6.272333,5.7594543,5.857557,5.9019327,6.2109776,7.7825303,8.137457,7.094067,6.389754,5.2768216,5.0425076,5.1954784,5.9348516,7.1322503,6.569832,6.413681,7.140029,7.1070805,8.09336,7.0276713,6.2883067,6.451017,5.8247952,6.2422414,6.9344797,6.619057,6.742923,7.9140067,7.703355,5.675831,5.715983,6.2879496,6.74168,7.667507,7.2075973,8.56526,6.657076,8.695819,8.407636,8.545132,8.344445,7.9714117,7.4608097,6.836731,5.8135,7.44948,7.358726,9.031075,8.4131975,8.067441,8.040728,6.983863,7.2539744,7.859204,7.846986,7.7996297,7.327517,6.300813,6.8178716,6.8544016,6.875618,6.9735136,7.643581,7.2224545,7.4923606,7.0732465,7.6387024,6.741227,7.7422414,6.966742,7.5413485,6.5031743,6.433734,7.287822,8.071554,7.872699,8.319151,8.017515,6.9479647,8.330219,7.8852167,7.2632604,7.4146595,4.620075,6.0754647,9.976772,8.880057,9.285453,8.634901
32,7.9632473,8.67713,7.210549,6.7689095,6.976823,7.2923346,6.408259,7.3753757,6.7718673,7.4997416,7.074694,7.9844866,6.9597487,6.643865,5.988768,6.293987,7.450701,6.5802593,4.855811,6.329846,8.993366,8.811998,6.764554,7.3479686,7.4514103,5.979051,8.906687,9.03219,7.706942,7.706942,7.920922,6.20227,0.0,3.6334133,4.048925,4.350645,4.649378,5.730739,4.8321357,4.1458516,3.4713511,5.0941195,5.050047,4.7323046,6.6491485,7.0374765,6.149759,6.244767,7.0636654,6.984122,7.44689,8.225103,5.8635325,5.440701,5.8839355,6.4741483,7.130255,7.0025744,6.537161,6.101743,6.611514,7.169459,5.99697,6.882,5.0000944,5.5155363,7.308383,7.0901375,4.9472995,4.7901173,4.459792,4.544215,6.6692743,6.3464603,7.6177754,7.5044637,8.585318,7.2026844,7.4021883,7.999355,7.5337434,6.1851163,5.692734,5.2035747,5.9473915,7.017532,8.174472,8.010011,7.5367293,7.298168,6.7341714,8.887443,6.768318,6.768895,6.4953675,6.55129,7.5960803,7.653802,8.575092,7.9938664,8.372111,8.447824,8.246119,8.924956,8.87998,8.635652,8.132908,8.862808,8.507497,9.115094,8.683281,8.427912,7.8006496,9.225232,8.567322,8.442508,8.503326,7.441624,7.263124,6.7551203,7.275911,7.043016,6.4661913,7.0311236,9.680052,8.473979,8.086786,8.831092
