,0,1,2,3,4,5,6,7,8,9,10,11,12,13,14,15,16,17,18,19,20,21,22,23,24,25,26,27,28,29,30,31,32,33,34,35,36,37,38,39,40,41,42,43,44,45,46,47,48,49,50,51,52,53,54,55,56,57,58,59,60,61,62,63,64,65,66,67,68,69,70,71,72,73,74,75,76,77,78,79,80,81,82,83,84,85,86,87,88,89,90,91,92,93,94,95,96,97,98,99,100,101,102,103,104,105,106,107,108,109,110,111,112,113,114,115,116,117,118,119,120,121,122,123,124,125,126,127
0,0.0,6.442059,6.2748275,7.408612,5.5377426,3.059772,3.142231,4.5452323,5.2767544,5.630827,6.183319,6.27563,6.3212404,6.3629017,5.2551155,3.9669151,4.3670115,4.788369,2.335058,6.1824102,6.139739,3.8987787,3.5503457,4.7868075,7.2788796,5.507969,7.0886493,7.0912514,6.2444825,6.4860425,6.252702,6.216217,5.6982636,5.920656,5.115858,5.2764626,5.2517204,5.903165,5.864868,6.103156,6.2800493,5.398581,4.706746,4.421828,5.683293,6.075077,7.168347,6.6338215,7.2068233,5.7065096,7.93266,7.1772046,5.462723,5.2346497,5.337347,4.403233,5.8373103,6.6793427,7.621628,7.379268,6.110689,5.938894,5.145231,4.8420744,5.5018873,5.638572,5.521261,5.573156,5.186664,5.3229775,6.1357126,5.9647675,7.1406727,7.4558554,6.9507184,7.3144045,5.3490124,6.484061,6.6251545,6.724507,5.5349073,5.533993,7.1374087,6.832409,5.2116036,5.484076,6.2645464,5.949142,7.3473434,5.77539,5.8568945,6.1715546,5.9559245,6.3379183,5.3465734,6.1519775,5.063303,5.3365827,4.4127426,4.5719,5.375926,5.3299847,6.106584,5.549952,5.341204,6.568281,6.29285,5.527759,5.863077,5.3363237,7.727017,6.211274,5.957345,6.3461614,7.416779,6.8273396,6.9109087,7.068219,6.0260587,6.1086965,6.004898,6.048642,7.1294985,6.4951105,4.913648,6.4209347,5.4462996,5.4297657
1,6.442059,0.0,3.2240398,5.0605783,3.042846,4.451702,4.4404078,5.6347957,4.2783833,4.5015845,5.106105,5.1165485,5.272574,5.3118997,4.625288,6.5076313,4.3846865,2.7637706,7.1771736,4.520804,2.2132676,4.4850817,4.6696157,4.2005057,3.5359943,5.1801825,3.5597034,3.0556908,2.2209964,2.217002,2.036035,2.0160325,6.765156,3.1671097,5.391866,3.7223973,5.182676,4.05868,3.059181,3.887287,4.4717183,5.548121,5.0806375,4.654177,4.7529893,4.0325,7.430392,6.896552,4.000291,5.757415,4.8652806,3.632251,5.1544604,5.336259,5.485587,4.322136,2.8374314,2.6103506,4.4389896,2.941991,7.231794,7.1422415,6.322356,5.1933546,6.097234,6.1954026,5.984537,6.03345,5.12708,5.831512,6.5743656,3.752995,5.035171,5.4194045,4.748349,5.2826095,5.892528,6.9275503,5.2368636,5.284922,4.629135,4.6186876,4.0311584,7.026254,5.5562553,5.4636717,4.4699674,4.7486606,4.8109856,3.3834498,3.9411407,5.7695856,3.6523433,6.796394,5.2063856,6.149868,3.5815918,3.3263872,4.353736,4.1601896,4.3946924,4.4472804,4.245957,4.3456173,5.1100354,5.8035007,4.7694726,4.455699,5.5497017,4.7059207,7.127321,5.4540644,3.7637432,3.116983,5.0707026,6.0817275,3.6928153,3.2244816,3.340188,3.3213577,3.3771656,2.0978606,4.8087654,2.2745974,4.404733,4.682634,4.1029572,4.12206
2,6.2748275,3.2240398,0.0,4.9172707,3.1316535,4.5174193,4.7948213,4.2133937,4.1145673,4.3061295,5.144989,5.374055,3.3007631,3.4184315,3.1875718,5.097838,4.1304107,3.403045,7.0334196,5.0996675,3.5950112,5.182843,4.4597583,4.0271845,5.325976,6.4434776,5.343036,4.756646,3.6965861,3.658739,3.548653,3.536074,6.333692,4.3628197,4.970032,3.8248966,3.7135696,3.0845034,4.3529797,4.960119,4.5429525,6.3727274,5.7656727,5.385506,5.1463847,5.037022,6.0821176,5.45563,3.0727687,4.962242,5.936037,2.8956392,4.9338946,5.2599273,5.056061,4.746012,3.9408708,3.7956555,3.90455,4.0839458,6.8041644,6.7159863,5.826773,4.7179785,5.742993,5.7763352,5.559247,5.9791512,4.645782,5.354329,5.133699,4.615406,3.9987626,4.4309745,3.5800662,4.3479075,5.8579717,5.385284,3.9540474,4.1677485,4.519504,4.4965434,3.4742608,5.662,5.4106174,5.317304,4.1783204,4.2702737,3.9555116,4.0706706,4.334274,4.838328,4.51403,6.962538,3.6320918,6.209019,4.1833005,4.078698,4.04393,4.240164,4.130355,4.1274776,3.1706839,3.8466563,4.891769,5.597872,5.458308,4.316645,5.3721304,4.590195,7.3517485,5.391914,2.6753473,2.1352677,4.7158623,4.7551084,3.4033167,3.1375296,4.1521983,4.1025867,3.947153,3.0207703,4.206535,3.357759,4.4413466,3.9540734,4.4112473,4.4274077
3,7.408612,5.0605783,4.9172707,0.0,5.5041265,5.669786,5.7779574,5.599267,5.540026,5.645126,6.2141986,6.4661603,5.027355,5.021115,4.974554,6.1773562,5.8020334,5.209612,8.240244,6.1704926,4.935648,6.386386,6.0032063,5.7124195,6.662056,7.5207534,6.6548862,6.052724,4.954473,5.1417675,5.046199,5.034938,6.845152,5.390182,6.721788,5.631556,5.3719406,5.052788,5.292447,5.784271,5.548207,6.89948,6.5982757,6.2946386,6.17893,6.2308865,7.8004503,6.627454,4.827327,5.9109144,4.552919,4.4054484,6.02907,6.007314,6.077355,5.912051,6.390775,6.338574,5.5781393,6.191141,6.803779,7.200861,6.697698,5.931097,6.5027323,6.5412865,6.600481,6.9706674,5.9232464,6.675403,6.480967,5.80772,5.430688,5.352012,5.4536448,5.5662694,6.895234,6.567135,5.0851493,5.1058474,5.867196,5.8526754,5.090563,7.4357953,6.9221926,6.912578,5.6547956,5.7415776,5.629628,5.387187,5.6475544,6.429499,5.85848,5.735418,5.0540705,5.1038136,5.3260403,5.258962,6.03815,5.83618,6.0839214,6.0724907,4.9454107,5.7698855,6.6247997,7.1072707,6.9909835,6.09418,6.6773877,6.418255,6.532355,6.8723297,4.629968,4.367978,4.7824354,5.737392,4.619261,5.2326217,5.5882072,5.5811505,5.406489,4.9868765,5.5635786,4.9177785,5.993423,5.629711,5.771092,5.7736034
4,5.5377426,3.042846,3.1316535,5.5041265,0.0,3.763545,3.847436,5.344513,2.6920865,3.1300592,4.29008,4.324352,4.1217675,4.166258,3.786542,5.143007,3.2966712,2.4068193,6.356067,4.566749,3.0334072,4.417364,3.5154088,3.1910677,4.8442945,5.7300053,4.836211,4.44928,3.2620902,3.2694607,3.0949824,3.0810444,6.4403887,4.131817,4.682432,3.419513,4.63768,3.6392746,4.513745,4.9387264,4.1633635,5.2474017,4.9066367,4.998858,4.4048624,4.396711,6.2293777,5.945146,4.3353734,5.575265,5.447915,4.1831403,5.9175563,5.875233,5.857864,4.1625476,3.791774,3.772334,5.1286125,4.276006,7.6243577,7.5134225,6.5594845,5.727076,5.629896,5.7573395,5.791947,5.899707,4.9997807,5.6412935,6.3409824,4.990447,5.563443,5.956177,5.3224816,5.7841306,5.551558,6.656095,5.4109216,5.5629244,3.890722,3.884512,4.9784493,6.6040344,5.3278823,4.7479005,4.6983075,4.135119,5.5077405,4.086554,4.338942,5.422818,4.6731486,6.4912405,4.6476383,5.8693576,3.593116,3.4001434,3.1511495,3.4850101,3.6230054,3.6953645,4.3629346,3.6025949,5.0275936,5.7829275,5.70211,4.911573,5.34105,4.869596,7.6007752,5.49878,4.307114,3.6699286,5.8934245,5.722416,4.6445594,4.373087,3.9568503,3.8597775,3.5630004,2.8279502,5.729686,3.8165376,4.5696316,5.1406403,4.36426,4.382264
5,3.059772,4.451702,4.5174193,5.669786,3.763545,0.0,1.0116684,3.2022145,4.484544,4.9252214,5.580962,5.7334847,5.2358527,5.276638,3.8479016,3.7354212,3.7469277,2.8314676,4.404436,5.6682982,4.372722,2.452366,3.1135862,4.0461473,5.841178,4.5497446,5.6454234,5.549309,4.4488616,4.6910415,4.3222566,4.2726736,4.6736836,4.4893427,4.841262,3.9057932,4.367247,4.2136083,4.4240556,4.833545,5.44425,4.269958,3.7615294,3.3631363,5.0684323,5.011603,6.861793,6.210742,5.3107486,4.189564,6.3478303,5.0026145,4.329298,4.0973573,4.330057,3.1742296,4.482309,5.269567,5.808843,5.5688167,5.174985,5.0380073,4.3171544,3.6792364,5.62725,5.75617,5.8229012,6.009964,4.9953866,5.6646967,6.1430907,5.02924,5.053861,5.4253097,5.0822315,5.2970176,5.7741747,6.516672,5.2060385,5.285427,4.9397726,4.926293,5.779383,6.5805144,5.4784794,5.3437386,5.3418784,5.222453,5.866862,4.3977265,5.1768866,5.5923057,4.6804266,6.4222317,4.631775,5.953738,3.8893511,4.0801883,3.90867,4.050567,4.609621,4.5692725,4.731649,4.6785,4.963951,6.2109075,5.668349,4.765966,5.1405168,4.8026094,7.3465095,5.696047,4.7740817,4.6316986,5.7317705,5.975236,5.322978,5.3996363,4.840536,4.9307485,4.6210628,3.9995592,6.076262,4.4763985,4.6067348,5.565255,5.017671,5.0134177
6,3.142231,4.4404078,4.7948213,5.7779574,3.847436,1.0116684,0.0,3.5613139,4.357499,4.7797465,5.4507375,5.527034,5.474742,5.5166693,4.348716,4.07247,3.5733309,2.5455103,4.3019953,5.494329,4.193816,2.2317555,2.8941815,3.8563614,5.6870484,4.403059,5.4959216,5.563586,4.265909,4.6750045,4.30985,4.26085,4.891882,4.177538,4.8610005,3.531229,4.6797824,4.6395335,4.3892274,4.798376,5.4248114,4.107853,3.6657736,3.0832636,5.1491017,5.074335,7.1666613,6.620154,5.61944,4.323976,6.1864424,5.2745543,4.586837,4.471524,4.7098804,3.083188,4.4287634,5.2191625,5.9453883,5.585696,5.2323995,5.074434,4.5144234,4.1149607,5.384984,5.5009537,5.587217,5.659967,4.680786,5.661658,6.351342,4.858932,5.285671,5.3729978,5.337628,5.4999456,5.455244,6.573836,5.224419,5.2488275,4.856278,4.8387756,5.876168,6.781057,5.5138173,5.4785213,5.4754496,5.2181983,6.1358123,4.1388655,4.910951,5.8717484,4.6522512,6.434996,4.9383154,5.8761377,3.8278627,3.984578,3.9003048,4.0538297,4.5975204,4.566481,4.9490848,4.65436,4.8430915,6.178332,5.5656376,4.7057357,5.1411943,4.6694517,7.356389,5.6297216,5.060393,4.900206,5.8609443,6.0649586,5.5654926,5.600887,4.479869,4.61168,4.627087,3.9644911,6.060023,4.5085692,4.3225794,5.5310073,4.937375,4.9335556
7,4.5452323,5.6347957,4.2133937,5.599267,5.344513,3.2022145,3.5613139,0.0,5.6702337,6.004902,6.3505836,6.7367115,4.669874,4.648446,3.489727,3.026051,4.9814663,4.4067893,5.4437833,6.720189,5.594901,4.2229614,4.5428214,5.230692,6.8332973,5.7602105,6.663022,6.6560655,5.6344867,5.9435825,5.659856,5.6189594,4.1276317,5.3306804,5.773691,4.945891,4.0251484,4.207146,5.3586106,5.784294,6.392085,5.5687966,4.924089,4.4478607,6.094404,6.0991273,6.6355367,5.7367415,5.083087,3.3142335,7.3401694,4.8406105,3.7046266,4.0890236,3.831154,4.2304688,5.574402,6.224896,5.456033,6.4889584,4.1930294,4.051663,3.221274,2.8940291,5.9783463,6.054136,5.9055552,6.4284735,5.0240564,5.970735,5.3036485,5.4498253,4.373251,4.2798586,4.189134,4.6767745,6.3718243,5.2374377,3.993122,4.0808597,6.078116,6.0579185,5.2205763,5.968572,6.195908,6.182472,5.725997,5.9491196,5.2283955,4.9488077,5.7310553,5.394141,5.381724,7.420927,4.061348,6.859435,5.3050785,5.4966297,5.359511,5.455445,5.7028694,5.623034,4.5424943,5.580762,5.775464,6.8564954,6.4062304,5.259065,5.98832,5.4739113,7.8881035,6.490944,4.3991365,4.529909,5.165072,5.1707277,5.154838,5.382797,5.6792727,5.809112,5.812017,5.2829127,5.3010163,5.278534,5.144183,5.128608,6.0091076,6.0015697
8,5.2767544,4.2783833,4.1145673,5.540026,2.6920865,4.484544,4.357499,5.6702337,0.0,0.689743,2.8381414,2.873373,3.261177,3.306385,3.9385533,4.597977,2.0206819,2.9316225,6.0003734,4.082326,3.4526417,4.884591,2.5030346,1.8363267,5.231288,6.2001505,5.241197,5.0432515,3.7251382,3.7753031,3.8424864,3.8481774,6.76394,4.3421435,4.845274,3.390591,4.1001167,4.0851316,4.9976816,5.2166905,2.7308102,5.442089,5.328857,5.4568806,4.0228395,4.519312,6.0648174,5.3225017,5.4365587,6.351378,6.381648,5.2469053,6.3463783,6.5272784,6.5883174,4.657877,4.842286,4.7703524,5.993495,5.783683,7.9774246,7.841401,6.9629273,6.1710567,4.220781,4.335254,4.369768,4.475912,4.001992,4.516763,5.387179,4.7824097,6.5144987,6.5615273,6.3572993,6.74152,4.107031,5.553163,5.454076,5.55986,3.0590398,3.0695212,5.2850513,6.4069076,4.538938,4.392586,5.0852084,3.5637124,6.3701496,4.4024234,4.1468973,5.2131147,5.0838776,6.5072837,3.879179,5.402796,3.6071002,3.393402,2.5981817,2.7140257,3.3293583,3.4111397,4.315602,3.413559,4.878778,5.765729,5.9504986,5.0692115,5.6544604,4.885154,7.7907457,5.655683,4.4386992,4.379727,6.3766704,5.4142685,5.175012,5.075418,4.519548,4.443445,4.5209556,3.7980149,5.8018003,5.0317926,4.058738,5.053296,4.094508,4.095424
9,5.630827,4.5015845,4.3061295,5.645126,3.1300592,4.9252214,4.7797465,6.004902,0.689743,0.0,2.7735195,2.7122529,3.313683,3.4435303,4.2237334,4.926432,2.2154205,3.2999272,6.298901,4.054556,3.571518,5.1945577,2.772783,1.9736797,5.3570457,6.483166,5.3873053,5.1592245,3.842901,3.846661,3.9904325,4.005146,7.004764,4.4254713,5.110759,3.53963,4.230585,4.284811,5.168667,5.347905,2.626301,5.7282615,5.6031876,5.728393,4.149934,4.658039,6.278729,5.495906,5.5795646,6.610095,6.565961,5.396357,6.5432878,6.83067,6.880911,4.9853406,5.0292645,4.8932467,6.2045326,6.035248,8.18666,8.054403,7.212986,6.404918,4.2177806,4.2691054,4.345915,4.4496694,4.065142,4.523676,5.3977394,4.852051,6.7104373,6.7367506,6.553739,6.9007535,4.1062794,5.565626,5.5393157,5.6551123,3.0340364,3.0446637,5.3569965,6.530654,4.57509,4.6039577,5.2624965,3.5316727,6.5081825,4.5933933,4.2361255,5.3600636,5.226095,6.730088,3.9194968,5.481818,3.746853,3.47764,2.818183,2.8588178,3.46151,3.5453331,4.404624,3.5462897,4.9859085,5.936281,6.070539,5.197887,5.898786,5.0466757,7.9730024,5.8563275,4.58763,4.5704784,6.605704,5.6276207,5.2797313,5.1938753,4.692932,4.6102057,4.6686473,3.9542372,5.8108573,5.1915855,4.1042233,5.084895,4.106226,4.104106
10,6.183319,5.106105,5.144989,6.2141986,4.29008,5.580962,5.4507375,6.3505836,2.8381414,2.7735195,0.0,0.8706844,4.244172,4.2184434,5.0409245,5.3811126,3.9626188,4.245712,6.773956,4.931129,4.552173,5.7741327,3.917294,3.4842157,4.4498487,5.627193,4.473061,5.5737157,4.799598,4.76654,4.9110913,4.9380603,7.195129,5.1331916,6.1193113,4.8106627,4.6226764,4.6171737,5.9436984,5.915944,3.574146,4.976263,5.9181976,6.1394463,4.434028,3.8494318,6.6138935,5.8189673,6.1384716,6.947172,7.0870557,6.021066,6.6801243,7.0391784,7.1659017,5.459561,5.5596533,5.472442,6.5105243,6.478383,8.264644,8.146128,7.3883533,6.627262,5.0167885,5.1121216,5.1286416,5.258832,4.9211955,5.311474,6.0477276,5.1306915,7.310756,7.2212358,7.0973845,7.4568257,4.955236,6.0286655,6.087785,6.209716,4.5652356,4.5733614,6.0795507,7.1557593,5.0313487,5.0129223,6.1919913,4.8730083,6.896575,5.2417245,5.0517645,5.4265304,4.9201536,7.36749,4.739981,6.278145,4.9840994,4.555334,4.1639814,4.0593853,3.3738685,3.4648182,4.13392,4.657735,5.819731,6.7978134,6.3113585,5.9145722,6.5956616,5.9505982,8.298967,6.7836375,5.326851,5.3328624,7.1303144,6.2169514,5.254924,5.381301,5.5073338,5.451294,5.448005,4.7995033,6.3721857,5.998435,5.02847,5.8103333,5.1781316,5.1735826
11,6.27563,5.1165485,5.374055,6.4661603,4.324352,5.7334847,5.527034,6.7367115,2.873373,2.7122529,0.8706844,0.0,4.621531,4.688772,5.4520416,5.787451,3.9269376,4.2838316,6.828764,4.9129105,4.4652195,5.7653365,3.8913229,3.414475,4.414725,5.661191,4.450997,5.514617,4.714783,4.7053447,4.8626165,4.894198,7.426461,5.0394206,6.042338,4.69255,4.9314494,4.888948,5.9231195,5.910761,3.683159,5.045964,5.9018335,6.1155796,4.383385,3.7800996,6.844985,6.1425486,6.367105,7.1733294,6.958914,6.2331896,6.9190965,7.2488003,7.377537,5.576328,5.4663887,5.3628383,6.657,6.3813257,8.485651,8.367414,7.6206565,6.876688,5.106972,5.146393,5.2236595,5.2343664,5.02468,5.446584,6.401835,5.13111,7.613954,7.5154443,7.395991,7.7132487,4.936686,6.3993664,6.370641,6.487921,4.521596,4.5318522,6.33673,7.4715567,5.0287695,5.1398907,6.210345,4.88076,7.2094665,5.3000317,5.0652313,5.76368,5.032015,7.3458242,5.0891666,6.2872615,4.936495,4.5123844,4.114273,4.0127063,3.3569953,3.4595132,4.465205,4.662671,5.779494,6.75237,6.2604094,5.9501348,6.5822573,6.0110884,8.264311,6.7093,5.642259,5.6208115,7.3737617,6.4937363,5.4573455,5.527706,5.459484,5.4017906,5.3754463,4.725807,6.5529113,6.000099,5.006466,5.960621,5.1008816,5.095856
12,6.3212404,5.272574,3.3007631,5.027355,4.1217675,5.2358527,5.474742,4.669874,3.261177,3.313683,4.244172,4.621531,0.0,0.67788315,2.6912482,3.751311,3.5667222,4.3281374,7.0546427,5.5615144,4.5716476,5.8169727,3.9544919,3.4902415,6.1974335,7.1313415,6.1998777,5.7480435,4.75,4.751659,4.779469,4.7828765,6.1542134,5.2751937,5.294299,4.4310136,2.8849583,2.9705017,5.594324,5.86016,3.9932,6.5095844,6.1424947,6.2425385,4.776172,5.376747,4.854784,3.4759212,4.48482,5.6328573,6.91826,4.3013563,5.83354,5.9755616,5.8626256,5.379677,5.664721,5.5553207,4.892147,6.2019644,7.3334074,7.2383447,6.32663,5.4883194,4.8302007,4.840224,4.915937,5.5425415,4.6482596,4.9969273,4.3111525,5.304795,5.7534356,5.7295856,5.6099586,5.9912324,5.31426,4.234523,4.176856,4.363472,4.361756,4.3731036,4.611971,5.7037945,5.198596,5.0927434,4.809925,4.098958,5.596848,5.0580583,5.050212,4.520599,5.747551,7.147002,2.6394517,6.3486104,4.683901,4.705677,4.048367,4.0893116,4.3604994,4.3487716,3.599149,4.114844,5.637818,6.0985856,6.5709696,5.467468,5.903969,5.6731653,7.927657,6.0837584,3.6379845,3.9023254,5.5525117,4.084959,4.506936,4.557358,5.7185774,5.6505604,5.2671347,4.6309156,5.104677,5.4592757,4.9471,4.561889,5.1280837,5.126052
13,6.3629017,5.3118997,3.4184315,5.021115,4.166258,5.276638,5.5166693,4.648446,3.306385,3.4435303,4.2184434,4.688772,0.67788315,0.0,2.7000132,3.7188032,3.7222283,4.365619,7.0935698,5.6290245,4.703417,5.9399524,4.0916514,3.637668,6.20289,7.1479955,6.204532,5.859639,4.8804708,4.8959126,4.909929,4.9101214,6.2622843,5.419671,5.4183636,4.623752,3.0275571,3.1453063,5.696563,5.9658566,4.007626,6.5034122,6.2523336,6.342777,4.9019604,5.467607,4.8769994,3.4958832,4.59735,5.736354,7.0057836,4.417843,5.915346,6.0373263,5.931882,5.420366,5.806054,5.686325,4.963259,6.287788,7.428277,7.330428,6.420328,5.606771,4.861834,4.940696,4.9349494,5.56977,4.662227,5.0296807,4.3180656,5.414343,5.7856827,5.7305555,5.637452,6.0729213,5.3345385,4.188345,4.2772045,4.4332056,4.5115128,4.5222006,4.630506,5.701616,5.3419905,5.090765,4.936518,4.2782245,5.6163244,5.091998,5.088325,4.518195,5.768578,7.1647067,2.7786133,6.393058,4.8355036,4.840704,4.195369,4.2455287,4.4473233,4.440565,3.6489987,4.2338543,5.7577457,6.155046,6.6706,5.569444,5.984441,5.7116747,7.989197,6.1669316,3.6418233,3.9000077,5.5049934,3.983131,4.614862,4.6685653,5.755901,5.6898155,5.433582,4.807586,5.206816,5.5903683,5.0707045,4.67258,5.275598,5.275426
14,5.2551155,4.625288,3.1875718,4.974554,3.786542,3.8479016,4.348716,3.489727,3.9385533,4.2237334,5.0409245,5.4520416,2.6912482,2.7000132,0.0,2.9761066,3.9999535,3.9782126,6.1460776,5.294234,4.1270866,4.284835,4.053482,4.186055,5.8430796,5.913354,5.7480087,5.1433,4.24677,4.2190633,4.1315556,4.113608,4.456937,4.664022,5.6157084,4.285929,3.4368262,2.0028956,4.9628468,5.265514,4.899698,5.388448,4.7608466,5.0214295,5.0114517,5.184354,5.267151,4.1203156,3.928493,4.2640157,6.7748017,3.914526,4.2775426,4.4110956,4.3660808,3.631431,4.9000926,5.16752,4.689818,5.9801764,5.935414,5.8326845,4.6122,3.5987751,5.2966294,5.395248,5.417188,6.0127516,5.142663,5.255684,4.6083016,4.988072,5.1501,5.476701,4.983747,5.47087,5.748705,4.8259034,3.8834436,4.093857,4.849667,4.8610725,4.008235,5.620146,5.4409065,5.331931,4.92585,4.7099023,4.733805,4.293165,4.83939,4.667135,4.9707894,7.0992846,3.0970957,6.401566,4.28455,4.3545895,4.1720304,4.1815567,4.8355336,4.809996,3.848823,4.6772966,5.814517,6.6397676,6.322776,5.2189465,6.06661,5.4907913,7.9414253,6.420228,3.0930853,3.5168803,5.5160913,5.0817666,4.3847084,4.50226,5.5241947,5.508038,5.030967,4.503791,4.605407,4.838787,4.820007,4.435675,5.1184807,5.1111917
15,3.9669151,6.5076313,5.097838,6.1773562,5.143007,3.7354212,4.07247,3.026051,4.597977,4.926432,5.3811126,5.787451,3.751311,3.7188032,2.9761066,0.0,4.2662663,4.8331895,4.888618,6.540607,5.886509,4.5431223,3.7680275,4.599114,7.139597,6.070634,6.9792566,6.9187593,6.028691,6.2483263,6.080446,6.0556755,4.1606817,5.861143,5.736912,5.1200347,3.820824,3.9726195,6.256303,6.402006,5.927165,5.327026,4.847817,5.197988,5.412048,5.9102397,5.4420013,4.346883,6.01886,4.567526,7.9064674,5.9472003,5.0513372,5.100391,4.9790473,4.375724,6.3154583,6.8778124,6.3382683,7.5316577,5.7175326,5.5843954,4.441075,4.2045174,5.3242707,5.424167,5.4871902,6.0227017,5.2138853,5.6146193,5.0757074,5.9188004,6.3937893,6.3322453,6.233049,6.6266346,5.7782016,4.9346924,4.9610963,5.1089773,5.6640882,5.672475,6.0948596,6.0723577,5.6318502,5.530987,6.102787,5.676645,6.5516877,5.5825634,5.9980016,5.194003,6.205056,7.269017,3.7783594,6.7281127,5.4125466,5.631755,4.750648,4.836552,5.4608054,5.4052706,5.0851264,5.510833,6.2327375,7.164164,7.101566,6.1011963,6.430689,6.181642,8.291155,6.9412284,5.070856,5.493004,6.516019,5.3576612,5.9021873,6.185848,6.547405,6.599223,6.3355193,5.998396,6.226594,6.561445,5.4279523,5.7595816,6.1963964,6.180975
16,4.3670115,4.3846865,4.1304107,5.8020334,3.2966712,3.7469277,3.5733309,4.9814663,2.0206819,2.2154205,3.9626188,3.9269376,3.5667222,3.7222283,3.9999535,4.2662663,0.0,2.4686458,5.225797,4.417397,3.475768,4.1519113,1.1189439,0.781149,5.444706,5.905152,5.3996296,4.9342146,3.6549084,3.8324347,3.753013,3.7362688,6.383959,4.038927,3.593668,2.5998063,3.2639036,4.1682353,4.2221746,4.5993414,2.8672812,5.6880856,5.0726705,4.673822,3.881594,4.769421,5.7304473,5.056186,5.3962793,5.863243,6.3922358,5.0399213,5.618645,5.6554484,5.821475,4.4555926,4.2907095,4.4728518,5.5643134,5.461701,7.0290804,6.808895,6.2223725,5.493944,3.33877,3.3890884,3.5548563,3.6808505,3.1604877,3.6742826,4.6568646,4.2535825,5.903182,5.9950905,5.9284697,6.0948615,3.3620749,4.9485145,4.8975797,4.965776,2.4116018,2.424479,5.2081447,5.8948727,3.850925,4.0118885,4.258004,2.8944004,6.266992,4.031667,3.8847804,4.683064,4.859288,6.1271524,3.426171,5.2516575,2.7214565,2.9190395,1.7457104,1.848539,3.1374147,3.1426756,4.121521,2.5662432,3.6176248,4.591593,4.954286,3.9750655,4.320508,3.8226922,7.118241,4.3702655,4.206745,4.456127,6.0157523,4.7093925,5.160502,4.9625406,4.303679,4.289524,4.150851,3.3885329,5.5250916,4.671651,3.2018192,4.5318904,3.3959308,3.3923619
17,4.788369,2.7637706,3.403045,5.209612,2.4068193,2.8314676,2.5455103,4.4067893,2.9316225,3.2999272,4.245712,4.2838316,4.3281374,4.365619,3.9782126,4.8331895,2.4686458,0.0,5.531145,4.2034187,2.440431,3.2907662,2.4878643,2.3880458,4.381557,4.909232,4.318703,4.336765,2.571815,3.009512,2.7195566,2.6812456,5.994935,3.2846513,4.3081985,2.4819002,4.0686736,3.938623,3.55494,4.1560206,3.7470038,4.731599,4.533466,3.903856,4.4962215,4.390443,6.726521,6.1288953,4.3747907,4.8700376,5.4268446,3.9488566,5.0451097,4.9314194,5.175773,3.524236,3.3786345,3.625787,4.7621536,4.1418815,6.42307,6.196959,5.6793,4.915547,4.7005377,4.8086143,4.862166,4.943134,3.8651745,4.98181,5.774398,4.0511093,4.696399,4.7380695,4.755443,4.9563975,4.714036,5.9766808,4.532367,4.5361505,3.558313,3.537516,4.595761,6.397166,4.9455347,4.8687487,4.319436,3.8869512,5.2084923,3.195249,3.5955474,5.261301,3.8780234,6.4435024,4.268043,5.787142,2.807755,2.6956308,2.9731402,3.1429229,3.3403218,3.3610399,3.7291203,3.2528434,4.1195474,5.1523604,4.8856874,3.9329805,4.499722,3.8912444,7.315563,4.732691,3.8567328,3.429481,4.954926,5.149009,4.5765224,4.268609,3.0868802,3.1196232,3.285098,2.2203853,5.0388174,3.208675,3.4014993,4.3426747,3.7141454,3.7270987
18,2.335058,7.1771736,7.0334196,8.240244,6.356067,4.404436,4.3019953,5.4437833,6.0003734,6.298901,6.773956,6.828764,7.0546427,7.0935698,6.1460776,4.888618,5.225797,5.531145,0.0,5.8257046,6.795375,4.765946,4.540994,5.567888,7.7884684,6.1566033,7.6439238,7.8606653,6.894783,7.3900237,7.190113,7.156328,6.406219,6.670523,6.005538,6.222311,6.4362035,6.904305,6.878937,7.0465684,7.2761755,6.2443223,5.692281,5.470756,6.6965437,7.0419903,8.0313225,7.5625925,7.525046,5.8201685,8.332326,7.826741,6.548291,5.601129,5.879241,4.8019776,6.576387,7.326383,8.142199,7.991834,6.8560944,6.5714273,5.844168,5.7856965,6.187886,6.2715325,6.1936355,6.20081,5.842967,6.280246,7.001293,6.5882435,7.839705,7.89348,7.6301136,7.994524,6.000564,7.020196,7.070593,7.1251264,6.4120173,6.40726,7.457176,7.299659,5.6934333,6.4155297,6.7303658,6.8006964,7.330247,6.4553785,5.884127,7.073745,6.8761344,6.921359,6.3677797,7.468641,6.09502,6.2526956,5.528156,5.6870265,6.2870674,6.255616,6.9235992,6.500639,6.397995,7.3265095,7.1420255,6.503464,6.7232294,6.233943,8.764692,7.022817,6.39451,6.714869,7.490806,7.5531917,7.683983,7.734267,6.0540004,6.1060233,6.1577983,7.0199404,7.1815734,7.2177725,5.0852933,6.398077,5.8786936,5.8724055
19,6.1824102,4.520804,5.0996675,6.1704926,4.566749,5.6682982,5.494329,6.720189,4.082326,4.054556,4.931129,4.9129105,5.5615144,5.6290245,5.294234,6.540607,4.417397,4.2034187,5.8257046,0.0,3.8472466,5.4930387,4.773055,4.312196,5.4632063,6.6487145,5.555199,5.3915353,3.9679458,4.3793106,4.529282,4.5304265,7.6565967,4.9172535,6.4196486,4.783483,6.020489,5.74115,5.6501584,5.871569,4.7597957,6.7016053,6.592125,6.2512684,6.260808,6.24305,8.141339,7.5766315,5.034502,6.2320547,6.3246217,5.5562606,6.7494507,6.152398,6.713913,4.5496244,5.060565,4.933311,6.397351,6.2060723,7.9780407,7.8126774,7.3452525,6.563368,5.238117,5.264966,5.365448,5.436401,5.077286,5.5014787,6.280869,5.144656,6.422127,6.506336,6.4584436,6.6553493,5.1802244,6.4061604,5.549736,5.6095567,4.4259605,4.4087796,4.5540285,6.827055,5.1907163,6.177199,5.5232635,4.832125,4.8491426,4.6328754,3.0160458,6.3858476,5.2742066,6.773497,5.6108875,6.521051,4.544118,4.0433693,4.5374355,4.5547366,4.8973413,4.9556713,5.136426,4.9347734,5.7690034,6.7361913,6.1619387,5.4068384,6.593923,5.171949,8.47516,6.5864525,4.104388,4.1513124,6.3587847,7.162623,5.848169,5.7035294,3.681859,3.5172129,3.7952392,4.846272,4.6341863,5.1032495,3.627028,4.0449166,3.617849,3.6419644
20,6.139739,2.2132676,3.5950112,4.935648,3.0334072,4.372722,4.193816,5.594901,3.4526417,3.571518,4.552173,4.4652195,4.5716476,4.703417,4.1270866,5.886509,3.475768,2.440431,6.795375,3.8472466,0.0,3.7332623,3.8006988,3.2629795,3.781481,5.248859,3.789637,3.3731945,0.30454814,1.1881157,1.1113099,1.1180422,6.2882943,2.54972,5.093386,2.5083416,4.7629323,3.678434,3.2248735,3.8417375,3.9443293,4.9742284,4.7051,4.206338,4.8897033,4.418463,6.8043966,6.2025914,4.033115,5.35437,4.772894,3.6648679,5.0612526,5.0546007,5.283292,3.4772434,2.9996955,2.8408568,4.09747,3.799421,6.7755017,6.6575675,6.0464244,5.102308,4.928342,4.949143,5.0717382,5.1397805,4.631162,5.2339525,5.9741764,3.917569,5.4979377,5.534786,5.5039477,5.6745133,4.9528065,6.158942,4.4982314,4.485795,3.9362917,3.9421518,3.7798498,6.8205466,5.5232644,5.7618685,4.133843,4.058669,5.1353827,2.5132232,3.1005728,5.874945,3.5020366,6.5406885,4.7837915,5.855826,2.7492182,2.5253024,3.577701,3.614912,3.8071775,3.847536,3.86622,3.7735536,4.803099,5.552065,5.043184,4.11722,5.1550117,4.507038,7.2495413,5.1538324,3.5636084,3.5619278,5.3920884,5.662814,4.4841623,4.161538,3.4422204,3.429539,3.4697845,2.3803353,4.198287,2.918393,3.6320972,3.9481537,3.5844893,3.5894814
21,3.8987787,4.4850817,5.182843,6.386386,4.417364,2.452366,2.2317555,4.2229614,4.884591,5.1945577,5.7741327,5.7653365,5.8169727,5.9399524,4.284835,4.5431223,4.1519113,3.2907662,4.765946,5.4930387,3.7332623,0.0,3.5568998,4.3930492,5.2418547,3.7443533,5.0147033,5.1044927,3.738577,4.178885,3.8654583,3.8272457,4.126836,3.5557535,5.4638085,3.5161166,5.2165923,4.3017063,4.1716027,4.5329742,5.974123,3.4162743,2.7060933,2.2869055,5.44793,4.9898934,7.1174016,6.5842485,5.5772824,4.0687876,6.39376,5.319743,3.9402027,3.9015424,4.102152,1.9429094,3.9394379,4.8307614,5.583522,5.624313,4.890492,4.615472,3.8151455,3.4229932,5.550147,5.5939355,5.75536,5.824574,5.3160796,5.916374,6.5324283,4.7289467,6.072788,6.099697,6.040201,6.1944222,5.637223,6.6795545,5.123292,5.117198,5.3825,5.3886843,5.5279818,7.1454544,5.9900293,6.231376,5.484369,5.605994,6.1995955,3.5709817,4.7313128,6.398024,4.258022,7.1330514,5.3707337,6.6901736,3.823791,4.0186467,4.4073915,4.486438,5.0544024,5.024017,5.203471,5.245851,5.4621406,6.6758714,5.715335,4.9058943,5.6699095,5.2326074,7.925547,6.092204,5.070903,5.3002205,6.3646183,6.575064,5.852142,5.7817607,4.9080324,5.048746,4.9561005,4.368351,5.495749,4.543496,4.328261,5.2622504,5.083482,5.067089
22,3.5503457,4.6696157,4.4597583,6.0032063,3.5154088,3.1135862,2.8941815,4.5428214,2.5030346,2.772783,3.917294,3.8913229,3.9544919,4.0916514,4.053482,3.7680275,1.1189439,2.4878643,4.540994,4.773055,3.8006988,3.5568998,0.0,1.4181176,5.4577727,5.31398,5.3576074,5.2743835,3.970388,4.211266,4.0596933,4.039367,5.8877497,4.132135,3.6092262,2.7890127,3.3099155,4.1967087,4.3649216,4.6831837,3.519542,4.966518,4.544904,4.1362705,3.966748,4.5811005,5.7781234,5.097398,5.6408057,5.486005,6.5150065,5.302304,5.3088264,5.294627,5.4447384,4.0645003,4.3588977,4.768672,5.737393,5.6458898,6.5196686,6.286138,5.7014728,5.0862646,3.5427923,3.6033854,3.791659,3.889404,3.369565,3.9298856,4.905395,4.437021,6.031138,6.0844016,6.0319037,6.190128,3.57737,5.1370726,5.020377,5.084955,3.0596743,3.0685122,5.599098,6.0697975,4.054457,4.20461,4.5460973,3.4997723,6.461536,4.111187,4.18252,4.8562427,4.7004375,6.0945215,3.6316605,5.3585105,2.9771338,3.1964662,2.0142727,2.2469532,3.0740297,3.0563989,4.141609,3.021127,3.7422264,4.85678,5.0731187,4.0901237,4.310837,4.0149765,7.1515884,4.5554013,4.5306554,4.796293,6.141992,4.8981547,5.3783736,5.2843523,4.5106335,4.5374923,4.3821425,3.703164,5.7720695,4.8797817,3.3434234,4.820393,3.770507,3.7600899
23,4.7868075,4.2005057,4.0271845,5.7124195,3.1910677,4.0461473,3.8563614,5.230692,1.8363267,1.9736797,3.4842157,3.414475,3.4902415,3.637668,4.186055,4.599114,0.781149,2.3880458,5.567888,4.312196,3.2629795,4.3930492,1.4181176,0.0,5.1060085,5.899138,5.088823,4.879155,3.4591825,3.6235638,3.5737422,3.5672233,6.691035,4.034537,3.5906272,2.6684062,3.2672057,4.146816,4.217161,4.594114,2.4975338,5.5877695,5.282685,4.835786,3.883927,4.5261903,5.749289,5.034846,5.246138,6.012035,6.1795473,4.8764906,5.7919745,5.7655587,5.925758,4.6193914,4.2183576,4.261354,5.355899,5.1682634,7.262565,7.051817,6.511504,5.7294216,3.4023647,3.4453728,3.6151986,3.7180521,3.2178802,3.752069,4.7794914,4.314989,5.9544234,6.006976,5.9711933,6.125693,3.4045572,5.0246034,4.9348,4.99161,2.4096448,2.421531,5.15893,6.0536284,4.004916,4.1454372,4.1091046,2.8353145,6.2158237,4.0012727,3.7646134,4.768424,4.6205845,6.0949674,3.516129,5.3009605,2.7617595,2.8292265,1.7900959,2.007792,2.6020567,2.6248167,3.7343826,2.3629692,3.602355,4.425744,4.9581947,3.9459236,4.206541,3.8800511,7.1099186,4.243775,4.1275454,4.3190193,5.876652,4.575685,5.0492835,4.829337,4.1596465,4.118826,3.9873595,3.19176,5.468857,4.544097,3.2220373,4.4503293,3.2827034,3.2821825
24,7.2788796,3.5359943,5.325976,6.662056,4.8442945,5.841178,5.6870484,6.8332973,5.231288,5.3570457,4.4498487,4.414725,6.1974335,6.20289,5.8430796,7.139597,5.444706,4.381557,7.7884684,5.4632063,3.781481,5.2418547,5.4577727,5.1060085,0.0,3.6242115,0.35056612,2.9061408,3.8151307,3.921884,3.921688,3.936374,6.9789553,4.142193,6.543357,4.8471594,5.7686377,4.6727223,4.7091703,5.003751,5.390666,5.202,5.522311,5.4745893,4.7136817,3.1523185,7.4658546,7.094969,5.597405,6.633561,5.9358163,5.3903008,5.8467474,5.8994827,6.459697,5.065046,3.8981428,3.8218482,4.96509,4.502136,7.5938196,7.4409633,6.8239336,6.007281,6.398763,6.471053,6.492662,6.506435,6.104999,6.614545,7.3687534,3.5748365,6.8601284,6.8304567,6.756482,6.9845634,6.3088584,7.3948417,6.0553374,6.098157,5.8067026,5.821322,5.517764,8.013854,5.469712,5.6311274,5.821215,5.8942018,6.296603,4.4364643,4.9396772,5.710113,4.194099,7.8911295,6.397693,7.449615,5.043672,4.7724376,5.417422,4.873298,4.8207254,4.8732076,4.931657,5.5280647,6.2581015,6.910427,4.7697434,5.726434,6.5015793,6.1347475,7.582508,6.6804466,5.4676685,5.384347,6.760742,7.0255623,4.1797376,3.8961039,5.125413,5.136763,4.812158,4.0003767,5.8406653,4.8722525,5.4316683,5.714268,5.499239,5.509848
25,5.507969,5.1801825,6.4434776,7.5207534,5.7300053,4.5497446,4.403059,5.7602105,6.2001505,6.483166,5.627193,5.661191,7.1313415,7.1479955,5.913354,6.070634,5.905152,4.909232,6.1566033,6.6487145,5.248859,3.7443533,5.31398,5.899138,3.6242115,0.0,3.305729,4.7191854,5.2715487,5.536289,5.3270216,5.3096676,5.137032,4.767659,6.8434634,5.361981,6.1253257,5.1459794,5.3772316,5.5303845,6.9494,3.727773,3.9457846,4.1810994,5.2460732,3.8577223,7.7596617,7.449375,6.7769127,5.6703415,7.0521193,6.608638,4.8947334,4.9981747,5.5943084,4.1190524,4.683528,5.475837,6.2490687,6.101438,5.9052825,5.714086,4.981849,4.672498,6.8480377,6.9389186,7.0017567,7.015726,6.5924954,7.125516,7.8039002,4.370736,7.280837,7.255919,7.1571264,7.3738184,6.8155227,7.8192506,6.506814,6.5626445,6.8077464,6.819867,6.793098,8.266955,5.8826914,6.06097,6.865428,7.001647,7.1621995,5.0534244,6.044005,6.1970105,4.799792,8.11802,6.8240876,7.7869616,5.6631627,5.650459,5.929367,5.4712267,5.8075323,5.8006306,6.005378,6.5742097,6.735499,7.8478556,5.4123344,6.269298,6.9340596,6.63206,7.9129853,7.4314814,6.5137024,6.6195283,7.5816455,7.7954283,5.4689684,5.5351834,6.149141,6.278361,5.937568,5.34896,6.809771,5.951435,5.926843,6.707118,6.5267005,6.5206265
26,7.0886493,3.5597034,5.343036,6.6548862,4.836211,5.6454234,5.4959216,6.663022,5.241197,5.3873053,4.473061,4.450997,6.1998777,6.204532,5.7480087,6.9792566,5.3996296,4.318703,7.6439238,5.555199,3.789637,5.0147033,5.3576074,5.088823,0.35056612,3.305729,0.0,2.915926,3.8192978,3.9265354,3.8996124,3.9110734,6.7428575,4.0552416,6.493513,4.7851386,5.6957226,4.576783,4.6184735,4.90679,5.437552,4.96115,5.281487,5.250359,4.6431403,3.0316954,7.403773,7.027438,5.630143,6.4913397,5.976668,5.39635,5.640792,5.735392,6.291467,4.8977966,3.8342888,3.857127,4.9734416,4.549306,7.377562,7.220989,6.5907526,5.792355,6.3607993,6.438549,6.46162,6.479275,6.076211,6.5771055,7.326137,3.520551,6.822275,6.800635,6.716092,6.943877,6.2810307,7.3619776,6.01182,6.0538206,5.8196287,5.835013,5.551675,7.9794955,5.459616,5.5926533,5.8325562,5.9132485,6.3293734,4.3620462,4.9817886,5.668089,4.0932336,7.870869,6.3412237,7.4101925,4.9795136,4.736965,5.377999,4.829533,4.81868,4.864932,4.9221287,5.536954,6.2181997,6.9188414,4.7254095,5.6771555,6.453192,6.0998607,7.548413,6.6661377,5.481333,5.4269447,6.7679353,7.0034604,4.1938996,3.9434357,5.170558,5.197383,4.8630204,3.9999797,5.861674,4.856425,5.411719,5.7457395,5.5273647,5.5354924
27,7.0912514,3.0556908,4.756646,6.052724,4.44928,5.549309,5.563586,6.6560655,5.0432515,5.1592245,5.5737157,5.514617,5.7480435,5.859639,5.1433,6.9187593,4.9342146,4.336765,7.8606653,5.3915353,3.3731945,5.1044927,5.2743835,4.879155,2.9061408,4.7191854,2.915926,0.0,3.356162,3.231617,3.2234287,3.220318,6.641838,3.7067256,5.9646034,4.267882,5.3105426,4.0834937,3.8422055,4.418174,5.112297,6.345424,5.358087,5.402908,4.0187197,3.7354834,6.9559417,6.6074433,5.1892576,6.5901356,5.520889,4.8745747,5.459558,5.6131864,6.2116075,5.057654,3.447446,3.3783228,4.643135,4.2515044,7.412545,7.348434,6.5543847,5.5542717,6.147018,6.180653,6.2424507,6.324982,5.9239516,6.136023,6.783921,2.7116392,6.3512015,6.672466,6.3070683,6.510874,6.1112156,7.098203,5.715793,5.8255424,5.0645466,5.0902777,4.9443216,7.4917493,4.6874237,4.8845844,5.1288996,5.1128807,6.0415626,4.2475038,4.8454213,5.0346336,4.835627,7.321873,5.831576,6.701875,4.2514906,4.268817,4.85904,3.9866464,5.333598,5.366346,5.3635225,5.0331264,5.824882,6.4272857,4.0800276,5.282249,6.1485224,5.6738763,6.64961,6.1590085,4.966976,5.000252,6.6388063,6.7703834,3.42299,3.02589,5.1690793,5.1640215,4.3906937,3.3108358,5.5640635,4.3131933,5.2638187,5.466241,4.984455,4.9965696
28,6.2444825,2.2209964,3.6965861,4.954473,3.2620902,4.4488616,4.265909,5.6344867,3.7251382,3.842901,4.799598,4.714783,4.75,4.8804708,4.24677,6.028691,3.6549084,2.571815,6.894783,3.9679458,0.30454814,3.738577,3.970388,3.4591825,3.8151307,5.2715487,3.8192978,3.356162,0.0,1.2138299,1.0951171,1.0954908,6.3087487,2.5178542,5.15358,2.5838425,4.8679667,3.7885923,3.1247344,3.8138542,4.113522,5.0672975,4.7498703,4.167643,5.0314684,4.5459323,6.9195085,6.313351,4.0345454,5.3447185,4.725231,3.6371562,4.998479,4.974767,5.2190685,3.5103614,2.9675827,2.8170872,4.0130596,3.7397938,6.694412,6.5773582,6.010531,5.071567,5.0074635,5.023519,5.144684,5.211115,4.7111855,5.312655,6.033193,3.9216776,5.4660945,5.4936237,5.4939713,5.6368146,5.043623,6.2157354,4.4761276,4.44459,4.0779014,4.0836887,3.735773,6.905972,5.6473255,5.909025,4.111301,4.17008,5.1201053,2.4555776,3.1240203,5.9707675,3.4874687,6.576599,4.9029984,5.9338927,2.7860005,2.6023107,3.7546666,3.7736897,3.980288,4.013421,3.950262,3.8888855,4.839718,5.553921,5.0115776,4.08994,5.1448355,4.521349,7.223464,5.1360726,3.586322,3.6201537,5.351217,5.6980042,4.532758,4.1961813,3.4669807,3.4667304,3.5183706,2.4434745,4.1316414,2.8431792,3.6736825,3.9280927,3.6311731,3.6359155
29,6.4860425,2.217002,3.658739,5.1417675,3.2694607,4.6910415,4.6750045,5.9435825,3.7753031,3.846661,4.76654,4.7053447,4.751659,4.8959126,4.2190633,6.2483263,3.8324347,3.009512,7.3900237,4.3793106,1.1881157,4.178885,4.211266,3.6235638,3.921884,5.536289,3.9265354,3.231617,1.2138299,0.0,0.5661082,0.625623,6.610965,2.8958328,5.32677,2.9748807,4.7499194,3.6303856,3.1433055,3.7431867,3.7329817,5.2961364,5.009279,4.5440235,4.9216228,4.3924646,6.8506875,6.233083,4.2126956,5.938663,5.30286,3.710327,5.032995,5.3922863,5.548203,4.0784464,3.0307066,2.7697763,4.4053144,3.9606671,7.07805,6.979708,6.3645563,5.217444,5.191633,5.229988,5.3016686,5.4128914,4.9981623,5.1642237,5.901173,4.174166,5.5802665,5.942303,5.5753937,5.753524,5.217917,6.3567047,4.8891163,4.9331956,3.9410052,3.9520073,3.9550157,6.8984656,5.6975555,5.7834983,4.3752174,4.0344987,5.369472,2.942241,3.7392895,5.8303294,3.3433728,6.8516855,4.7491956,5.835537,2.733188,2.4749432,3.6620407,3.640349,3.8634884,3.9057965,3.8435535,3.824018,4.8090734,5.6488047,5.025702,4.0956583,5.3234005,4.558911,7.3513865,5.2976074,3.693608,3.780748,5.907113,5.945616,4.490386,4.178684,4.13855,4.108145,3.8918273,2.3595665,4.589514,2.94783,4.1422286,4.424772,3.7419045,3.7408304
30,6.252702,2.036035,3.548653,5.046199,3.0949824,4.3222566,4.30985,5.659856,3.8424864,3.9904325,4.9110913,4.8626165,4.779469,4.909929,4.1315556,6.080446,3.753013,2.7195566,7.190113,4.529282,1.1113099,3.8654583,4.0596933,3.5737422,3.921688,5.3270216,3.8996124,3.2234287,1.0951171,0.5661082,0.0,0.0748951,6.4138513,2.83611,5.0627627,2.8090446,4.6524124,3.5390875,2.9222693,3.6197715,3.904889,5.1170573,4.795238,4.2463746,4.869585,4.3370376,6.7558403,6.1561174,4.108743,5.6724277,5.057295,3.547815,4.859576,5.0665393,5.2458563,3.8597243,2.8563466,2.7135274,4.1531563,3.6267283,6.821048,6.724338,6.122208,4.9941306,5.2368016,5.2874627,5.367452,5.4730334,4.9703593,5.238929,5.965028,4.138989,5.3713255,5.7296433,5.395547,5.5555153,5.2787886,6.4017496,4.806833,4.835105,4.008841,4.017852,4.0180893,6.872424,5.699681,5.7325835,4.1753044,4.0919576,5.3164554,2.8244662,3.7590308,5.7963786,3.3000245,6.6609364,4.761205,5.804594,2.6230772,2.478609,3.5872102,3.6104634,3.8136086,3.844958,3.8039298,3.7486548,4.692451,5.4642725,4.9172697,3.969809,5.031439,4.455028,7.13765,5.0540447,3.6658826,3.690607,5.643943,5.7648044,4.4244056,4.0997014,4.0066514,3.9913938,3.734993,2.117541,4.636389,2.7154112,4.1208973,4.4272385,3.7696006,3.77082
31,6.216217,2.0160325,3.536074,5.034938,3.0810444,4.2726736,4.26085,5.6189594,3.8481774,4.005146,4.9380603,4.894198,4.7828765,4.9101214,4.113608,6.0556755,3.7362688,2.6812456,7.156328,4.5304265,1.1180422,3.8272457,4.039367,3.5672233,3.936374,5.3096676,3.9110734,3.220318,1.0954908,0.625623,0.0748951,0.0,6.387127,2.8248386,5.0374227,2.788919,4.6401067,3.5384796,2.8905818,3.601605,3.9179368,5.1144786,4.7735424,4.2123475,4.866214,4.349484,6.7532167,6.156331,4.097494,5.638653,5.045988,3.5323598,4.8313146,5.0279837,5.21258,3.8302815,2.83809,2.7133904,4.1410336,3.6113346,6.784553,6.6865244,6.087405,4.962441,5.2295313,5.282972,5.361146,5.4675016,4.952441,5.232254,5.956258,4.1231174,5.331575,5.692624,5.360846,5.519707,5.273553,6.3940415,4.787477,4.813902,4.002976,4.011532,4.0090995,6.8544636,5.687922,5.7162642,4.1576295,4.0883946,5.296917,2.803642,3.7494843,5.7809744,3.3017542,6.642668,4.7524734,5.79565,2.600153,2.4685454,3.5766134,3.5989394,3.8252485,3.8551004,3.8106382,3.738353,4.67175,5.4454637,4.896024,3.9468691,5.002789,4.426173,7.118509,5.029539,3.6515436,3.6717803,5.613584,5.74699,4.417905,4.091089,3.98248,3.969694,3.7157404,2.0966203,4.6308,2.687619,4.1041374,4.4166565,3.7615201,3.7630515
