,0,1,2,3,4,5,6,7,8,9,10,11,12,13,14,15,16,17,18,19,20,21,22,23,24,25,26,27,28,29,30,31,32,33,34,35,36,37,38,39,40,41,42,43,44,45,46,47,48,49,50,51,52,53,54,55,56,57,58,59,60,61,62,63,64,65,66,67,68,69,70,71,72,73,74,75,76,77,78,79,80,81,82,83,84,85,86,87,88,89,90,91,92,93,94,95,96,97,98,99,100,101,102,103,104,105,106,107,108,109,110,111,112,113,114,115,116,117,118,119,120,121,122,123,124,125,126,127
0,0.0,2.5422444,1.6446669,3.6469126,5.157703,5.2334805,3.8159688,3.9692047,5.9160113,6.5556874,5.320686,5.488557,5.091545,5.190498,6.086409,5.555188,7.689374,5.359291,5.371598,5.128136,6.0336747,8.126434,6.602325,6.077536,7.437341,7.4248114,7.3783464,7.495117,6.115565,5.736402,5.293051,5.4322257,4.3982935,6.5125895,7.605639,7.3679414,4.472816,4.5425253,4.4629617,5.864565,7.7757387,7.817675,6.409255,6.523172,8.461312,7.9552984,7.909243,8.024779,5.2916384,4.537679,5.263917,5.4337964,6.428097,5.419524,6.3652105,7.193217,5.055077,5.9494414,7.38131,5.3903933,6.5032873,5.7289705,6.1731353,6.5398307,7.104301,7.778735,7.936661,7.2437778,6.994737,6.994737,6.6908984,6.5663204,6.7566624,7.0239615,7.4874616,7.1867886,7.249396,7.4558096,6.331457,7.6570086,8.092864,7.8094025,7.5256753,9.069441,9.197639,8.667466,7.8777604,8.86157,6.9206333,7.217049,6.7287445,6.594786,7.642283,7.207349,8.730799,7.7852564,8.656987,7.8954782,7.7714033,7.67874,5.5814433,5.9490166,6.241194,7.394523,7.5986557,7.060835,7.0125556,6.984635,5.6516757,5.7877645,5.0319514,5.3328004,6.763609,7.2390757,5.837691,6.235718,6.5182004,7.5261836,6.6885304,6.3672442,7.6777644,7.2112794,6.944274,7.520293,8.765525,8.133564,8.221157,6.869573
1,2.5422444,0.0,1.9071044,3.832216,4.6089697,4.7189503,4.264448,3.8052132,5.6491604,6.37556,5.477821,5.521414,4.824895,5.334214,5.764736,5.194211,7.7601385,5.522645,5.550972,4.3815165,6.1070457,8.210125,5.810055,6.063597,7.5938997,7.581687,7.4263053,7.67427,6.0046453,5.931867,4.9308662,5.918235,4.4613094,6.5310616,7.3904247,7.1939588,4.341629,4.2025404,4.168344,5.633657,7.752018,7.7956777,6.0515294,6.374986,8.2742605,8.516472,8.427962,8.006254,5.1476884,4.474625,5.7251306,6.1001997,6.395744,5.017161,6.3309116,6.7576528,4.428623,5.7593145,8.541689,5.109789,6.339849,5.5053506,5.918837,6.3779426,6.5563893,7.264263,7.6578646,6.8031583,6.541882,6.541882,6.1974826,5.9486704,7.5620055,6.633647,8.277975,6.970739,6.9089417,7.1632323,6.991198,7.4712996,7.6524944,7.607985,7.3186283,8.899348,8.950822,8.348525,7.736795,8.7012205,7.64851,6.7119417,6.299793,7.2076387,8.672232,7.035609,9.661808,8.771474,8.340826,7.600292,7.439469,7.3424096,5.046424,5.3160324,5.822781,6.985626,7.2076697,6.656418,6.5891767,6.5492268,6.4092727,5.4449883,4.584623,4.7489204,6.074263,6.8074574,5.281329,5.7069783,6.035955,7.2354264,6.2692385,5.8353167,7.445828,6.934699,6.6567287,7.2148075,9.110744,8.528122,8.414686,6.0137725
2,1.6446669,1.9071044,0.0,3.2847419,5.097441,4.9826636,4.1936893,4.2972126,5.751257,6.4392643,5.2115393,5.309987,4.905322,5.028507,6.0376067,5.477978,7.472418,5.0366545,4.9160895,4.7935266,5.6269655,7.8003864,6.1583776,5.6295676,7.5127773,7.4972095,7.3837733,7.546785,5.992946,5.591276,4.9821196,5.168536,4.4501176,6.579888,7.6278424,7.275561,4.715251,4.595377,4.573229,5.9455256,7.8324356,7.8768797,6.2536993,6.486268,8.303243,7.972936,7.9286194,7.9679956,5.1580715,4.4954224,4.972518,5.4002,6.3338776,5.2572527,6.138196,6.7404027,4.7946362,6.0629444,7.2936497,5.3980465,6.4148993,5.6357255,6.142098,6.4518323,6.7969074,7.470536,7.7278824,6.8971825,6.6726623,6.6726623,6.4265537,6.23678,6.642815,6.8425794,7.267961,6.890752,6.8020196,7.082307,5.9623556,7.358595,7.6293426,7.5788436,7.28096,8.908593,9.194949,8.566179,7.682631,8.667983,6.6024513,6.883318,6.358837,6.274753,7.7194676,7.0735073,8.744197,7.80124,8.524439,7.6845274,7.386181,7.2835765,5.214728,5.5074816,5.9602003,7.070872,7.2861876,6.698281,6.6979637,6.670868,5.3286595,5.5034137,4.733196,4.898005,6.4992585,6.9964285,5.4924273,5.928369,6.2070937,7.3503456,6.3901453,6.1218305,7.558671,7.0805836,6.640773,7.3158,8.298777,7.6476903,7.812267,6.3327155
3,3.6469126,3.832216,3.2847419,0.0,5.9631577,5.990664,5.3077383,5.519405,6.5476317,6.5270104,5.5485215,5.8492646,5.8030787,5.263774,6.323734,5.7847443,7.2806206,4.921132,5.567116,4.5526075,6.501767,7.78055,6.1577597,5.602742,7.2932754,7.2711544,7.9435477,7.3646374,5.689947,6.247836,5.368007,5.066532,4.7031817,6.677594,7.795205,7.5510054,5.460885,5.355316,5.3929706,6.6924343,7.397669,7.4268103,6.0607295,6.3170176,8.550766,7.6005473,7.668646,7.8173637,4.187847,3.2387664,3.8097088,4.3876853,5.873361,4.7957134,5.4495096,5.96919,5.289032,6.501546,7.4807415,5.2645955,6.516634,6.151761,6.189007,6.5930004,6.9695477,7.1857104,7.9536514,6.532803,6.940696,6.940696,6.619654,6.42787,6.7836614,7.1302977,7.55335,7.2111034,7.03798,7.3601007,6.2419844,7.535658,7.851522,7.801801,7.5159116,9.153685,9.322067,8.698424,7.241327,8.328311,7.3228083,7.666644,7.2052817,6.564257,8.414863,7.918514,8.912953,8.418281,9.504866,8.28631,8.573176,8.492639,6.713397,6.9680586,7.323382,8.3025,8.022053,7.2423797,7.7920027,7.7869053,6.3135815,6.066761,6.059045,6.002572,7.382121,7.8642344,5.86723,6.2223287,6.588911,6.634683,6.885095,6.495476,8.698541,8.239204,7.238689,8.449746,7.9320307,7.2912993,8.867658,7.3757467
4,5.157703,4.6089697,5.097441,5.9631577,0.0,3.4620636,3.049045,4.8216143,3.840095,4.9805303,3.876143,4.657938,2.9051363,4.698105,4.9154887,5.573463,7.162219,4.946418,5.4474726,3.7715287,5.5225444,7.942301,5.181226,5.438738,7.497548,7.447047,7.3375206,7.5327196,5.5662093,5.474217,5.198288,6.38297,3.3022294,6.686275,7.23099,6.194904,4.1862855,4.0818996,3.8300502,5.280761,8.390908,8.439349,6.920042,8.107814,7.249509,7.8889275,7.410569,6.87585,5.476318,4.5997305,6.5786166,5.6888294,5.644856,5.9339395,6.342976,6.4822793,5.3670635,6.22815,7.865522,5.400468,6.979164,6.9744725,6.0742354,6.98781,6.413412,7.117042,8.185245,7.1531396,8.121472,8.121472,7.054363,7.102846,7.475386,6.5652375,8.476325,7.3289294,7.0677314,7.329344,7.3693075,7.5170913,7.8170547,7.652498,6.834854,9.289029,9.424961,8.84388,7.9530535,8.604994,7.833934,7.038255,6.399314,7.117973,8.875447,7.653279,10.271287,9.331019,8.813168,7.4549365,8.151125,8.09474,6.85957,7.8174133,7.2870197,7.8666835,7.938451,7.4026675,7.212443,7.2705593,8.03064,7.6563463,6.8650303,6.828185,7.5536957,7.440337,5.7423215,6.4168983,7.7642193,8.05636,8.887897,7.1114016,7.295061,6.844095,7.020467,7.6197753,9.1568575,8.504867,8.177811,6.339085
5,5.2334805,4.7189503,4.9826636,5.990664,3.4620636,0.0,3.4825737,4.4466386,3.828758,4.916401,4.7416477,4.8294554,3.567749,4.441238,5.235006,5.8180847,6.868232,4.5770025,4.533948,3.5432978,5.360685,7.2883635,4.369818,4.594357,7.4489975,7.4080667,7.26907,7.1930275,4.7922444,4.4669704,4.221968,5.3525767,4.5890493,6.739766,7.3548207,6.296811,4.3391514,4.2352123,4.220908,5.4291945,7.822939,7.866557,6.0101323,7.411618,7.554089,8.416613,7.7733216,6.721182,5.370833,4.9204865,6.5440965,6.459407,5.538337,5.3374853,5.7732306,7.2932057,5.31152,6.1926975,8.451798,5.317015,6.469692,6.6080475,5.8928995,6.478599,6.2764688,6.9149837,7.1066546,6.013396,6.3691306,6.3691306,6.972533,7.0733967,6.9598913,6.0623527,7.783598,6.5161247,5.945238,6.215507,6.5407205,6.475476,7.07652,7.012378,6.4547443,7.782575,9.017306,8.417038,7.274327,7.5513062,6.052152,6.4999485,3.630125,5.3916545,8.494085,6.4342914,9.327596,8.605795,8.751766,6.9154725,6.2899437,6.229491,6.363478,7.418949,6.5611644,6.919829,7.3026814,6.588037,6.654025,6.6603346,7.390655,6.8993216,6.158602,6.1489887,7.061861,6.617299,5.6030164,6.298366,7.1866703,7.4464836,7.9125214,6.231071,6.2561407,5.7217684,5.7820225,7.317359,8.20083,7.461264,8.387747,6.375853
6,3.8159688,4.264448,4.1936893,5.3077383,3.049045,3.4825737,0.0,3.4710362,2.7301917,4.120628,4.2461324,4.2801075,2.505286,3.1412027,5.5689235,6.1280756,6.768082,4.3269897,4.389165,3.6281018,4.607897,7.291059,5.0587506,4.6412354,6.849791,6.8255067,6.7642255,6.8861637,4.9215407,4.2411184,4.402504,4.97866,3.6777983,5.776486,6.873179,5.535799,3.1194756,3.205948,3.0809975,4.7983623,7.3669443,7.4077716,5.680811,6.9836645,7.316001,7.466975,6.9609075,6.8464046,5.0780225,4.1378784,5.6162333,5.617394,4.9930024,4.8604054,5.543911,6.1609674,4.4158716,5.233011,7.063558,4.4750752,5.607499,5.5233035,4.877949,5.6092796,6.7416277,7.468408,8.043719,7.1367145,7.8530025,7.8530025,6.928824,6.975478,6.6859746,6.6318517,7.6180162,7.055509,7.1145005,7.0977626,6.1977606,7.8322134,7.764548,7.424873,6.810503,8.232017,8.438599,8.076659,7.379492,7.9424105,6.4958525,7.1847367,5.7993875,5.790472,7.804135,6.560298,8.69919,7.6155734,7.8259826,6.610359,7.354779,7.277463,5.9587274,6.6046643,6.474856,6.5906196,6.773482,6.001879,5.8282466,5.8619995,6.556642,6.701234,5.8525505,5.952775,6.258247,6.031515,4.7628345,5.835104,6.2034116,6.61267,7.831443,5.8594055,6.234856,5.7145743,6.339338,6.9618783,7.796466,7.3841376,6.888111,6.14972
7,3.9692047,3.8052132,4.2972126,5.519405,4.8216143,4.4466386,3.4710362,0.0,4.3360085,5.500071,5.981433,5.544917,4.6573505,4.773225,5.7914767,5.311835,7.7216973,6.057851,6.0706,4.5923057,6.37983,8.387268,5.9577026,6.1445217,7.547059,7.5239787,7.0501857,7.606201,5.551602,5.3388186,5.383262,5.70302,5.5007367,6.4357266,6.680569,7.279066,4.2912164,4.3546867,4.303127,5.7277365,6.7206593,6.7568274,5.011274,6.247873,8.994215,9.45115,9.060205,8.667553,5.981459,5.2707214,6.436598,7.2028613,6.4557877,4.7494907,7.0520597,7.5617037,4.6926875,5.9007254,8.803198,4.9959216,6.28729,5.7016544,5.7324057,6.3280673,7.241191,7.8792634,8.532168,7.97533,6.893894,6.893894,7.7743564,7.991915,7.9774303,7.7657485,9.030868,7.91844,7.9618006,8.125679,7.8902326,8.026897,8.509582,8.227636,7.9710093,8.362223,8.589747,8.02996,8.001822,9.039696,7.657774,6.831746,5.9874535,6.7297325,8.224109,6.186096,9.055288,7.893336,7.8359494,6.467783,6.9301667,6.839817,4.716711,6.0205226,5.3437424,6.498671,6.2234817,6.70877,6.2610645,6.260476,6.3237705,5.9603376,4.6588564,4.8357124,5.476518,5.9748173,5.204227,5.623734,5.797581,6.909195,6.8872137,6.098435,6.357209,5.6883097,5.544254,5.8705435,9.288645,8.689385,8.400111,6.860245
8,5.9160113,5.6491604,5.751257,6.5476317,3.840095,3.828758,2.7301917,4.3360085,0.0,3.0303695,4.8845644,4.2779737,2.5703387,2.8084126,5.700596,6.5950375,6.8209124,5.012678,4.7078557,3.897064,4.6463923,7.312708,4.7507896,4.428338,7.2446294,7.2193565,7.1142607,7.298105,5.300126,4.3902974,4.919896,5.431754,5.122759,6.2036214,7.15402,5.392875,3.960207,3.7993777,3.82021,5.2829986,7.338238,7.3710093,5.501698,7.4349155,7.587211,8.210483,7.618517,7.4609466,5.7373962,5.112461,6.1463485,6.7984753,5.3820615,5.2366667,6.0504117,5.962597,4.7773128,5.583748,7.5808816,4.707976,5.854798,6.0226316,5.0447083,5.842983,7.080897,7.764803,8.832614,7.855842,8.265692,8.265692,7.7935,7.847839,7.4047313,7.2320275,8.267988,7.6431637,7.6061964,7.6280484,6.69303,7.953417,7.9863377,7.8677692,7.175811,7.866903,8.3875475,8.011186,7.4998045,7.9032464,6.7420273,7.689166,5.7294836,5.78708,8.346309,6.672977,8.869084,7.8086953,7.738706,6.2697096,7.389804,7.3240223,6.3660364,7.3569064,6.762912,6.4516225,6.636663,5.9511576,5.855682,5.9106326,7.055894,7.2963505,6.527608,6.374541,6.326624,5.805177,4.5940614,5.807052,6.2602053,6.456694,8.322817,6.1713066,6.2147,5.720322,6.4056883,6.936067,7.5392466,7.092071,6.5326805,6.0346446
9,6.5556874,6.37556,6.4392643,6.5270104,4.9805303,4.916401,4.120628,5.500071,3.0303695,0.0,4.1348057,3.0850325,3.1030543,3.2779746,5.800169,6.635337,5.934841,5.023915,4.711561,3.8281443,5.3318987,6.6791983,4.318617,3.9988258,6.2002387,6.1653852,7.2386804,6.248365,4.8276315,3.9506679,5.264026,5.417292,5.8179717,5.8669105,6.961552,5.526166,4.33194,4.198993,4.3788223,4.959054,6.769038,6.795415,5.508484,7.3217726,6.5161233,7.8678575,7.339687,7.267663,5.391847,5.1867323,5.6224723,6.3988776,5.381396,5.38075,5.6911187,6.0695133,5.0269146,5.0405626,7.230932,4.2727776,5.2813826,5.6468277,4.346841,5.2852764,6.1856775,6.680063,7.975052,7.1205196,7.4974403,7.4974403,7.478577,7.508749,7.0113916,6.4307146,7.6348004,6.9432325,6.837219,6.865744,5.90014,7.248748,7.626441,7.51068,6.743207,7.179093,8.005367,7.6497884,6.872206,7.303765,6.5584636,7.882012,6.2463107,6.12504,8.3000555,6.813379,8.16536,7.71692,8.490912,7.174087,8.117194,8.0674,7.213562,8.103447,7.551409,7.314631,6.704596,5.54601,6.459349,6.524022,7.201707,6.6308756,6.891917,6.5787635,6.5674276,5.890111,4.3055854,5.5590525,6.078161,6.334564,7.9090166,5.3449802,7.0361366,6.437287,7.284936,7.678583,6.9570622,6.455518,7.3660064,6.602647
10,5.320686,5.477821,5.2115393,5.5485215,3.876143,4.7416477,4.2461324,5.981433,4.8845644,4.1348057,0.0,1.9572815,3.1867528,4.312964,5.5260854,5.920311,5.277394,4.012102,4.350569,3.7413247,5.1238174,6.300595,4.6614885,3.9650033,6.0417495,5.976364,6.5467105,6.0020213,5.058807,4.5806475,5.2188153,5.4205613,4.336118,6.0216208,6.9581714,6.159682,4.9936733,4.8775234,4.843553,5.049783,7.8743067,7.9223375,6.728661,7.868628,6.160524,7.113483,6.70697,6.7448745,4.4598927,4.818496,5.172752,4.385402,5.4693675,5.9499354,5.7433667,6.6378303,5.450454,4.9984374,5.985537,5.179314,6.432041,6.592351,5.660455,6.461025,5.051346,5.3931823,6.5363097,5.772435,6.8420315,6.8420315,6.448761,6.317541,5.5533752,5.0929065,6.129494,5.8321733,5.391963,5.639431,5.48375,5.9055295,7.0493073,6.9372077,5.919593,8.232568,9.080591,8.837538,6.662652,7.6010246,6.380687,7.126786,6.7681174,6.1684213,6.711175,7.0255265,8.286829,7.6479073,8.801798,7.876905,8.235808,8.1802025,7.1812015,8.0838785,7.22113,8.211038,7.625252,6.8343644,7.347223,7.41325,6.893212,6.6898193,6.7957883,6.6492605,7.69004,7.240617,5.6941156,5.8599916,7.64432,7.648292,8.312262,6.4425316,7.21054,6.609087,7.3081765,7.9169054,7.726127,6.8991613,7.853304,6.7889404
11,5.488557,5.521414,5.309987,5.8492646,4.657938,4.8294554,4.2801075,5.544917,4.2779737,3.0850325,1.9572815,0.0,3.0022676,3.614588,5.575839,5.9683566,5.147948,4.678724,4.3448563,3.8802314,5.2409515,6.2356195,4.5856194,3.8682032,5.6482244,5.601242,6.211707,5.6467967,5.227241,4.239654,5.22557,5.276095,5.2149014,5.528895,6.638299,5.7107043,4.7063756,4.557157,4.6456976,4.626605,7.326389,7.3673177,6.1336937,7.359997,6.427957,7.624504,7.252419,7.325539,4.5546417,5.122275,4.948947,5.264189,5.5022106,5.537058,5.737585,6.6419764,4.9002132,4.247633,6.2140965,4.574698,5.9034595,6.0049314,5.063673,5.92752,5.3253884,5.68782,6.7858152,6.2359834,6.4421625,6.4421625,6.8104773,6.656078,5.9643006,5.3861284,6.3678355,6.0609646,5.7343707,5.911416,5.3421736,5.7559695,7.2987695,7.239878,6.390399,7.5099907,8.6616955,8.471245,6.593346,7.4519134,6.0699697,7.3981485,6.3797073,5.7748427,6.740044,6.580502,7.763502,7.125249,8.321367,7.5146136,7.79105,7.737366,6.7046323,7.6786866,6.734826,7.5513945,7.0623937,6.2053347,6.8224406,6.858988,6.3545775,6.082756,6.2942095,6.107722,6.9674296,6.427552,5.2216115,5.5429726,6.969319,7.1873946,7.62447,5.5963664,6.8483477,6.188027,7.136027,7.5534678,7.3740296,6.5313168,7.41354,6.345618
12,5.091545,4.824895,4.905322,5.8030787,2.9051363,3.567749,2.505286,4.6573505,2.5703387,3.1030543,3.1867528,3.0022676,0.0,2.4840105,5.464255,6.317454,5.692264,4.295135,4.2220526,3.3813982,4.35943,6.402229,4.0797744,3.8116934,5.8737607,5.839332,5.8989954,5.9163275,4.5671706,3.7327118,4.015488,4.800093,3.8665388,5.082321,6.059743,4.482189,3.6018145,3.4358387,3.4227622,3.9970663,7.546519,7.5912676,6.043517,7.290292,6.05677,7.236991,6.711039,6.4866147,4.665524,4.387049,5.24119,5.2330537,4.3148603,4.667477,4.9691334,5.609725,4.0294476,4.9346476,6.8100863,4.086086,5.213703,5.4966493,4.3058567,5.212857,5.9278297,6.396819,7.5025315,6.663796,7.5004525,7.5004525,6.8608212,6.9137344,6.806141,6.019083,7.324289,6.550824,6.4086576,6.483203,5.823586,7.121094,7.4580026,7.344403,6.6078806,7.983343,8.634246,8.160079,6.966787,7.423941,6.226426,6.921499,5.6943913,5.4866214,7.909175,6.5205383,8.840176,7.8422904,7.7667623,6.378841,7.1648836,7.092012,5.9300914,6.7270722,6.4427934,6.357204,6.606312,5.5489078,5.4970613,5.542496,6.6355023,6.424026,5.855038,5.830695,6.223028,5.6042614,4.626675,5.896687,6.566784,6.819127,7.7991323,5.414917,6.180559,5.503487,6.254054,6.745595,7.3001976,6.69811,6.312742,5.1833906
13,5.190498,5.334214,5.028507,5.263774,4.698105,4.441238,3.1412027,4.773225,2.8084126,3.2779746,4.312964,3.614588,2.4840105,0.0,6.108474,6.7739854,5.5105267,4.419773,4.314282,3.8528693,4.5061264,6.138114,4.4499474,3.4851842,5.6118193,5.5973864,5.654632,5.6802826,4.8152595,4.1107597,3.8921819,4.128509,4.687923,4.7012568,6.455008,4.4759774,4.1292305,3.997273,4.1204834,4.652653,6.8644776,6.895217,5.258263,6.5970125,6.951411,7.358046,6.901799,7.0580373,4.30627,4.118844,4.122042,5.1926985,4.2997723,3.9743721,4.7313356,5.439081,3.8209417,5.073997,6.550012,3.7571847,5.004789,5.3788433,4.3185763,5.020793,6.881361,7.089904,8.215077,7.0871367,7.7000866,7.7000866,7.6848674,7.523394,7.061166,6.799083,7.4217997,7.2437654,7.2463827,7.269475,5.4889317,7.607035,8.008609,7.886815,7.2181745,7.768563,8.6154375,8.215,6.925721,7.380637,5.802378,7.5850115,5.953056,4.570576,7.6611233,6.460282,8.132005,7.0696216,7.7393723,6.100398,7.1065235,7.034299,5.9299064,6.70984,6.429599,6.2491574,6.523444,5.531371,5.574708,5.5719357,5.986717,6.351255,5.8646255,5.8475866,6.1818647,5.498162,4.8719735,5.974545,6.339307,6.1264596,7.5919714,5.5912066,6.4043684,5.768415,5.992547,7.0117106,6.600939,6.0077796,5.999207,5.7954006
14,6.086409,5.764736,6.0376067,6.323734,4.9154887,5.235006,5.5689235,5.7914767,5.700596,5.800169,5.5260854,5.575839,5.464255,6.108474,0.0,2.5545533,7.4732656,6.5594525,6.6176653,5.8508663,6.826777,7.947423,6.1963377,6.318381,7.304153,7.270518,7.965362,7.350103,6.068751,5.8801537,6.051266,6.620165,5.5689754,7.3326664,7.631585,7.3869314,5.0471253,4.965465,4.7663975,5.657802,7.375643,7.406493,7.5988483,7.2545896,7.966698,7.6198144,7.5895967,7.2453437,5.983824,5.7896504,6.7190037,6.64646,7.0391784,6.8090935,7.1562576,7.4731545,6.312037,6.6054215,8.439199,5.1186624,7.4445567,7.320077,6.839756,7.4588885,6.5518417,7.4906054,8.714924,8.155732,6.5852885,6.5852885,7.9042892,8.134883,7.9366574,7.108055,8.531887,7.606309,7.094844,7.983353,7.624236,5.213454,8.524784,8.3674,7.712185,8.798611,10.063618,8.935282,7.348678,8.2012,7.6444488,7.7692976,6.6878934,7.3900375,8.973398,8.44127,9.880853,9.38493,9.873935,7.80679,8.105066,8.032466,7.1244783,9.240288,7.5764446,8.376163,9.105258,8.401767,8.761722,8.792121,7.538322,6.8480654,6.732972,6.4743185,8.5524435,8.567975,6.468894,6.99159,8.568583,8.778619,7.836741,8.159232,8.832669,8.869418,7.2768707,7.8010364,9.524638,7.9823823,9.696068,6.5732408
15,5.555188,5.194211,5.477978,5.7847443,5.573463,5.8180847,6.1280756,5.311835,6.5950375,6.635337,5.920311,5.9683566,6.317454,6.7739854,2.5545533,0.0,7.7404847,6.9399824,7.1559443,6.052667,7.6022916,8.473631,6.8754287,6.9784985,7.7032814,7.657245,8.153652,7.753049,6.682792,6.7262588,6.730752,7.1382613,6.186454,7.727574,8.083069,8.636244,5.8880124,5.8093915,5.6321406,6.4529696,6.984423,7.0175242,7.2759604,6.840711,9.105363,8.738339,8.709196,8.4449625,6.4272,6.138614,6.793365,6.9079175,8.032116,7.0414205,8.152005,8.436903,6.463064,7.0974636,8.552899,5.7229214,8.1483965,7.6226053,7.60402,8.188974,6.8769064,7.7728586,8.826339,8.319984,6.1488853,6.1488853,8.361234,8.412372,8.313281,7.6486387,9.031532,8.118396,7.68824,8.571177,8.087687,5.88264,8.768166,8.64218,8.0676365,9.191404,10.236775,9.095986,8.080927,9.343874,8.255078,7.4361196,7.2979116,7.99415,8.77609,8.311561,9.714074,9.216315,10.078753,8.159687,8.228674,8.152073,6.745957,8.929899,7.242796,8.938371,8.797355,8.902371,9.214466,9.229857,7.1138835,6.3907895,6.302963,6.015954,8.393212,8.810765,6.84179,6.611787,8.462942,9.263828,7.4632344,8.456321,9.065116,9.051714,7.1578155,7.687413,10.276735,8.859673,10.424899,7.5973887
16,7.689374,7.7601385,7.472418,7.2806206,7.162219,6.868232,6.768082,7.7216973,6.8209124,5.934841,5.277394,5.147948,5.692264,5.5105267,7.4732656,7.7404847,0.0,5.701878,5.9642096,5.8359246,6.5516806,2.6896644,5.5758495,4.974407,3.0037754,2.9259443,3.9739068,2.7583063,5.878984,5.865184,5.9668794,5.9242926,7.032064,4.28166,6.1297355,5.728689,7.3246202,7.2082963,7.112134,5.002842,5.730627,5.768709,7.159184,5.98581,7.2295055,6.413349,5.669557,5.5840936,5.3740506,6.684268,5.6008782,5.800573,5.7934246,5.9159164,6.0321536,7.9710627,4.7887073,5.545758,5.9795384,4.774179,6.1515617,6.720227,5.805296,6.1874895,6.127313,6.4009233,6.0546174,6.06383,7.295509,7.295509,8.531373,8.349117,7.611667,6.171186,6.873917,6.564136,6.6608496,6.689265,5.9001093,7.608078,8.303361,8.281221,7.478746,7.155609,9.782865,9.57274,5.96944,7.0312505,6.3138356,7.651228,7.7974935,6.135707,7.2293806,6.578993,7.3457127,6.6628146,7.4930396,5.5571666,6.167578,6.0908456,6.6443863,7.6413,6.759182,7.1871824,6.1694756,5.9541616,6.4226675,6.424001,6.1097913,5.5657043,6.284891,5.9695163,6.784967,5.9123216,7.1649885,7.2879934,8.393931,8.083224,7.693039,6.867721,5.897166,6.5253744,5.6845946,6.9842143,6.1046076,5.5552077,7.171615,6.698822
17,5.359291,5.522645,5.0366545,4.921132,4.946418,4.5770025,4.3269897,6.057851,5.012678,5.023915,4.012102,4.678724,4.295135,4.419773,6.5594525,6.9399824,5.701878,0.0,2.628194,3.27008,2.994075,5.2982225,3.2764208,2.1970694,7.0449123,6.994235,7.374397,6.8979664,3.429917,3.7875748,3.4741173,3.8730724,4.437137,6.692804,7.995734,6.937652,5.2178397,5.0791254,5.13532,6.1339474,7.111754,7.158072,5.268863,7.1500597,6.0283675,6.685227,6.0137186,5.8339524,4.606702,4.5426908,5.296262,5.0239534,5.5032444,5.4456854,5.2654343,6.022508,5.583196,5.889365,6.778242,5.5469637,5.4191723,5.6987677,5.489266,5.4461036,5.099984,5.529714,6.3685265,4.7135468,6.982078,6.982078,5.805788,5.5203524,4.9225025,4.964093,5.521457,5.0593667,5.0199056,4.9605837,4.6259675,7.316403,5.625358,5.5082827,4.296923,7.277734,7.9080696,7.7083783,5.568396,6.420543,5.327698,6.1460404,6.1202507,5.5577254,6.3105083,5.7738066,7.4965677,6.802918,8.199391,6.846896,7.4388814,7.35023,6.7279296,7.2402277,6.8417325,7.290418,6.4620657,5.518992,6.2083354,6.312398,6.5535445,6.4774876,6.4235325,6.24255,6.928903,6.50119,4.626838,4.882984,6.1459355,5.792384,7.9246345,6.673444,6.3080697,5.7500854,6.034948,7.4627686,6.335832,5.9766183,7.287618,7.31792
18,5.371598,5.550972,4.9160895,5.567116,5.4474726,4.533948,4.389165,6.0706,4.7078557,4.711561,4.350569,4.3448563,4.2220526,4.314282,6.6176653,7.1559443,5.9642096,2.628194,0.0,4.0714755,2.9463716,5.4569006,3.93833,2.6923242,7.1264825,7.0864,7.441581,6.985548,4.271426,3.4429739,3.9752696,3.735113,4.5664034,6.2251287,7.6109333,6.1874495,4.401525,4.1923795,4.3321357,5.3606186,6.961126,7.008327,4.977947,6.6874547,5.6735086,6.360356,5.788589,5.819619,4.5498433,4.6903358,4.926423,5.303403,5.207812,5.194258,4.792575,5.652361,5.3672447,5.3392377,6.473,5.24767,4.5869427,4.7077055,4.675974,4.584348,4.782126,5.5734286,6.024026,4.8159866,6.407562,6.407562,5.2322183,5.204131,3.988892,4.4828205,4.40223,4.327457,4.795304,4.7052083,3.1102524,6.876875,5.241782,5.2656026,4.2101974,6.3365793,7.406137,7.2450504,5.1260433,6.199892,3.842343,6.1687984,5.130365,4.5025554,6.1132994,5.597096,6.596248,5.8295827,7.3903146,6.7852583,6.58366,6.5927944,6.3333473,6.7569413,6.0733204,6.1332307,6.2194457,4.746679,5.6157203,5.6888647,5.786434,6.016351,5.973188,5.76384,6.458724,5.9041452,4.1806707,4.917103,5.5779214,5.721189,7.292235,5.777883,6.018206,5.5323176,6.287424,7.2478895,5.616527,5.2442803,6.3818407,6.4865108
19,5.128136,4.3815165,4.7935266,4.5526075,3.7715287,3.5432978,3.6281018,4.5923057,3.897064,3.8281443,3.7413247,3.8802314,3.3813982,3.8528693,5.8508663,6.052667,5.8359246,3.27008,4.0714755,0.0,4.9523377,6.481849,3.1068475,3.5787597,6.6220284,6.5794535,7.032342,6.545844,3.9852052,4.469847,4.0778418,5.024278,4.421388,6.0042815,7.0094266,6.1250887,4.339796,4.163064,4.234534,5.3521423,6.7611613,6.7995644,4.647572,6.6284246,7.05077,7.863283,7.2750535,6.523278,3.9792027,3.6688995,5.3524423,5.5571465,4.9211345,4.3360977,5.0506682,5.900909,4.2962337,4.797266,7.8676515,4.4119706,5.4814563,5.612208,4.8034005,5.528063,5.3350887,5.7696114,6.4663076,4.9302907,6.5578966,6.5578966,5.947862,5.6957383,6.454559,5.289181,7.410353,5.90855,5.556307,5.49176,6.2049594,6.972907,6.599512,6.5746703,5.726383,7.492417,8.02015,7.9116373,6.2164693,7.088876,6.887268,6.766052,5.713929,6.24568,8.030506,6.1488156,8.771648,8.115626,8.075169,6.8710985,7.377304,7.300912,6.439081,6.8514123,6.6414227,7.242665,6.2949147,5.5129747,6.1439924,6.1915507,7.2643023,6.187491,6.08018,5.862337,6.08708,6.012511,4.3905272,4.7794576,5.728462,5.5433803,7.5428257,5.170826,6.161196,5.525048,6.1659384,7.453219,7.346661,7.0784316,8.035914,6.5680714
20,6.0336747,6.1070457,5.6269655,6.501767,5.5225444,5.360685,4.607897,6.37983,4.6463923,5.3318987,5.1238174,5.2409515,4.35943,4.5061264,6.826777,7.6022916,6.5516806,2.994075,2.9463716,4.9523377,0.0,5.5515294,3.948531,2.9362264,7.637927,7.6085367,7.4137063,7.6493816,4.443131,3.7294126,3.636201,4.2034,5.0992794,6.914444,8.218259,6.785998,5.1617126,4.9578857,5.0246334,6.0749526,7.582508,7.6300282,5.7561116,7.572124,5.602232,6.783273,6.2254024,6.467977,5.765114,5.863713,6.1316977,6.3556833,6.172702,6.093655,6.1186223,5.761288,5.836833,6.0413704,7.106349,5.8933616,5.116992,5.2839737,5.4893074,5.090074,5.5867906,6.2639427,7.6068006,6.537556,7.872697,7.872697,6.235079,6.035923,5.5705843,5.6471133,5.729268,5.5212584,6.0609703,6.000603,4.9105344,8.005604,5.7263145,5.619381,4.608186,6.9724827,7.3714523,7.0986404,5.778907,6.297924,5.283489,6.0915895,6.301359,5.824852,6.009039,5.3956776,7.3546476,6.2908177,7.137619,6.1594152,7.302959,7.20738,6.0857496,6.829296,6.2266445,6.0765038,6.2649546,5.14676,5.2973194,5.428087,6.1955833,6.707952,6.172165,6.0355887,6.5712996,5.946391,4.159392,4.877814,5.9315915,5.899712,7.8324656,7.279929,5.980338,5.4818554,6.081276,6.631139,6.526332,6.0563407,5.627176,6.560879
21,8.126434,8.210125,7.8003864,7.78055,7.942301,7.2883635,7.291059,8.387268,7.312708,6.6791983,6.300595,6.2356195,6.402229,6.138114,7.947423,8.473631,2.6896644,5.2982225,5.4569006,6.481849,5.5515294,0.0,5.2404485,4.5628676,4.509219,4.473112,5.149801,4.2775025,5.4770446,5.4520774,5.3961744,5.4094305,7.4067817,5.35851,7.0916157,6.440912,7.594804,7.4555993,7.4049444,5.6890736,5.9320645,5.9714046,7.2042346,6.155324,6.5078516,5.8520436,5.0389028,4.95399,5.9704,7.3009043,6.2695956,6.588938,6.3197675,6.4173746,6.1531444,7.8709736,5.5775642,6.1070676,6.6955338,5.4941883,5.5916753,6.2779655,5.934789,5.602113,5.8620296,6.287093,5.9366636,5.8989654,7.370163,7.370163,8.090289,7.9208064,7.212267,5.8369226,6.0339108,5.756552,6.159984,6.1189394,5.3464103,7.9565215,7.4929276,7.490022,6.6554527,6.38134,9.222252,8.999894,4.981466,5.898201,5.5055995,7.214336,7.6803656,6.134095,6.7391315,6.025853,6.822169,6.150124,7.135665,5.1416407,5.814617,5.7072406,6.5699954,7.4998765,6.637982,6.499112,5.9795737,5.2469597,5.857666,5.8927484,6.00853,5.5391846,6.242284,5.9164834,6.7676244,5.749391,6.8485093,7.1374073,8.009441,7.5514846,7.4791813,7.412821,5.6547294,6.4037743,5.413556,6.7556868,5.3141713,4.7981744,6.6778955,6.8001003
22,6.602325,5.810055,6.1583776,6.1577597,5.181226,4.369818,5.0587506,5.9577026,4.7507896,4.318617,4.6614885,4.5856194,4.0797744,4.4499474,6.1963377,6.8754287,5.5758495,3.2764208,3.93833,3.1068475,3.948531,5.2404485,0.0,2.5218277,6.496286,6.457881,6.8293743,6.3568425,2.903742,3.5877478,2.7179139,4.518954,5.3656855,6.225243,7.215243,6.356135,4.993977,4.7743945,4.9537997,5.3505855,6.736068,6.77719,4.8500547,6.9155846,5.2827415,7.7305174,7.0591717,6.049388,4.6012154,5.169434,6.098794,6.4337783,5.4216857,4.8752265,5.2957406,6.177217,5.0786014,5.2646875,8.701384,4.838897,4.6512914,5.2344165,4.6713943,4.6744146,4.431028,4.600399,6.1054115,4.636861,6.0972776,6.0972776,6.0308757,5.788774,6.6995845,4.491284,6.980062,4.987324,4.8074417,4.821401,5.970535,6.7677727,5.8513474,5.8724976,4.729112,6.5043955,7.6082134,7.3403153,5.1333323,5.806841,6.186031,5.947935,5.545047,6.2059126,7.6268706,5.2883425,8.54224,7.90911,7.8471146,6.2454476,6.8676004,6.782161,6.2973585,7.1724057,6.365013,6.537716,6.0873766,4.9208245,5.6688986,5.746126,7.457488,5.9527016,6.00406,5.779621,6.2194743,5.6231093,4.241928,4.776689,5.9823513,5.4889793,7.4453177,5.9802604,5.878576,5.08201,5.5923896,6.9109344,7.183331,6.6215153,7.834314,6.524286
23,6.077536,6.063597,5.6295676,5.602742,5.438738,4.594357,4.6412354,6.1445217,4.428338,3.9988258,3.9650033,3.8682032,3.8116934,3.4851842,6.318381,6.9784985,4.974407,2.1970694,2.6923242,3.5787597,2.9362264,4.5628676,2.5218277,0.0,6.25203,6.2093883,6.639919,6.0800667,3.1906562,2.9140506,3.0507963,3.2861626,5.202521,6.102549,7.4277797,6.1772532,5.1973515,4.994714,5.1610456,5.6093855,6.8105536,6.8510075,5.1139064,7.0143795,5.5859156,6.9321866,6.280267,6.115198,4.4907594,4.9749155,4.957374,5.4334807,5.1747885,5.0783205,4.9542603,5.938421,5.244282,5.470161,6.805105,4.981972,4.869939,5.4548655,4.9284897,4.8895597,5.117313,5.3043303,6.5440254,5.1631956,6.5241256,6.5241256,6.4949284,6.294343,5.4168363,5.1063347,5.5687327,5.210701,4.9767327,5.030043,4.3701987,6.628454,6.0859556,6.09137,4.9540772,6.66182,8.017278,7.7219067,5.2735114,5.9552417,4.5744185,6.4647546,5.694291,4.6723704,6.270298,5.5267463,7.208024,6.4730344,8.029014,6.3461924,6.9152093,6.823328,6.462887,7.3557997,6.5598755,6.6856613,6.239424,5.0638223,5.8385935,5.9252214,6.205164,6.116693,6.191016,5.9637938,6.6978993,5.8787518,4.496506,5.0712523,6.1881933,5.6749344,7.6413765,6.2341256,6.084745,5.3965297,5.687999,7.082115,5.775631,5.0622044,6.7706294,6.7317457
24,7.437341,7.5938997,7.5127773,7.2932754,7.497548,7.4489975,6.849791,7.547059,7.2446294,6.2002387,6.0417495,5.6482244,5.8737607,5.6118193,7.304153,7.7032814,3.0037754,7.0449123,7.1264825,6.6220284,7.637927,4.509219,6.496286,6.25203,0.0,0.13679723,3.3630838,0.8983214,6.376666,6.302068,6.2219167,6.3019934,7.085917,2.989918,5.0177026,4.9365845,6.896033,6.883552,6.783334,4.0502095,6.001026,6.0272293,7.814537,5.6549234,7.3089166,6.44727,6.096948,6.0571413,5.3657937,6.5679564,5.465569,5.875498,5.445131,5.479319,5.7346087,7.931727,4.324845,5.37758,6.933933,3.880489,5.7643776,6.3151436,5.2142835,5.8012543,6.9166203,7.069864,6.9473677,7.20145,7.5401616,7.5401616,8.897536,8.87501,8.76021,6.957145,8.010839,7.420005,7.6149273,7.726545,6.725199,7.88411,9.463567,9.289126,8.798446,7.9209747,10.221338,9.777614,6.6706276,7.465577,7.2055626,8.402925,8.20818,6.759765,8.621372,7.5222325,8.435147,7.818721,7.9499087,6.057284,6.7719274,6.697496,6.5412426,7.479469,7.0599113,7.0608063,7.0396214,6.2776875,6.5949044,6.534843,6.4133577,5.146713,5.9540973,5.8777046,6.743468,6.0418515,7.4774127,8.179965,8.620988,8.428987,7.099612,6.366982,7.018443,7.460322,6.4560905,7.216196,7.1318097,6.401184,7.6344695,6.072493
25,7.4248114,7.581687,7.4972095,7.2711544,7.447047,7.4080667,6.8255067,7.5239787,7.2193565,6.1653852,5.976364,5.601242,5.839332,5.5973864,7.270518,7.657245,2.9259443,6.994235,7.0864,6.5794535,7.6085367,4.473112,6.457881,6.2093883,0.13679723,0.0,3.357542,0.8770276,6.3296175,6.2689342,6.207163,6.2746367,7.0420356,2.9955986,4.996048,4.960766,6.8815045,6.8674073,6.76517,4.038163,5.965248,5.99232,7.7769136,5.6550307,7.2688465,6.4341545,6.070727,6.031028,5.3416414,6.537126,5.4380445,5.8160477,5.4295635,5.4684954,5.7344975,7.9201365,4.3348255,5.394171,6.879563,3.885967,5.7667456,6.317429,5.210769,5.804583,6.854039,7.003552,6.904594,7.1532154,7.502522,7.502522,8.875655,8.860016,8.708695,6.918316,7.970742,7.381652,7.57764,7.6967683,6.6914635,7.8544507,9.411358,9.237778,8.738596,7.900837,10.197039,9.744898,6.6486483,7.46692,7.1732225,8.331623,8.178304,6.72837,8.570142,7.485689,8.393731,7.7799296,7.9494905,6.040705,6.756419,6.6848607,6.5310764,7.493415,7.0378366,7.0746512,7.0040617,6.2827477,6.6037,6.5473886,6.393966,5.1421866,5.9489717,5.8642836,6.7453923,6.0414834,7.451379,8.134643,8.6134615,8.433003,7.114302,6.3806534,6.9976544,7.4313436,6.415602,7.1809096,7.1270227,6.3883696,7.639878,6.100124
26,7.3783464,7.4263053,7.3837733,7.9435477,7.3375206,7.26907,6.7642255,7.0501857,7.1142607,7.2386804,6.5467105,6.211707,5.8989954,5.654632,7.965362,8.153652,3.9739068,7.374397,7.441581,7.032342,7.4137063,5.149801,6.8293743,6.639919,3.3630838,3.357542,0.0,3.4896696,7.020625,6.8448405,6.165329,6.596516,7.1326485,3.423602,5.0910897,5.3390126,7.315647,7.2734747,7.1216197,4.6427374,6.8116784,6.850754,7.818038,6.1665916,8.222771,7.81428,7.330685,7.1781063,5.9770174,7.242999,6.3101063,6.700122,6.056231,5.599995,6.8105183,8.5686655,4.379404,5.8937883,7.5768204,4.981698,6.558741,6.907572,6.167072,6.588902,7.562402,7.6378818,7.658736,7.9054995,8.085882,8.085882,9.514906,9.414039,9.323617,7.6280255,8.673204,8.084766,8.407444,8.46567,7.755987,8.628876,9.834413,9.686305,9.185886,8.486816,10.59329,10.280219,7.4648614,8.407331,7.5657854,7.9117565,8.196614,6.6919084,8.0279455,6.8550262,8.923954,7.5393558,6.7825437,4.9245496,5.7654486,5.680899,5.30114,6.5635777,5.609916,6.2313585,6.6226215,6.864397,6.020677,5.9310093,6.220326,5.8815675,5.379231,5.581494,6.4629307,5.7639146,8.029785,8.305747,9.081636,8.920364,7.7107615,7.3738365,5.784303,6.2194095,5.201732,6.011843,8.294695,7.5883374,6.957605,6.00141
27,7.495117,7.67427,7.546785,7.3646374,7.5327196,7.1930275,6.8861637,7.606201,7.298105,6.248365,6.0020213,5.6467967,5.9163275,5.6802826,7.350103,7.753049,2.7583063,6.8979664,6.985548,6.545844,7.6493816,4.2775025,6.3568425,6.0800667,0.8983214,0.8770276,3.4896696,0.0,6.21105,6.1301045,6.100452,6.1768684,7.1869593,3.38435,5.2181106,5.1076527,7.0388155,7.0297894,6.944191,4.2576,6.1532207,6.1807237,7.8649516,5.8284197,7.3573213,6.6219664,6.1667566,5.898139,5.431184,6.671751,5.638764,5.9602647,5.467559,5.582333,5.6634483,8.273872,4.5745273,5.5819416,7.0307097,4.1624036,5.9211674,6.5448904,5.43002,5.95809,6.913321,7.0453525,6.597506,6.8688397,7.2434607,7.2434607,8.959276,8.951112,8.638801,6.8457737,7.8586087,7.2810693,7.280257,7.4026303,6.593987,7.6085134,9.451387,9.296638,8.744596,7.899073,10.47243,10.031776,6.678365,7.449337,6.8331814,8.408277,7.9464116,6.4495664,8.5856695,7.5055523,8.459094,7.8520236,8.257774,6.176103,6.444262,6.3657374,6.712355,7.6718893,7.166252,7.1716866,7.1209135,6.33945,6.7198873,6.6585755,6.516253,5.2540197,6.080508,6.0164523,6.97202,6.1676326,7.673258,8.351341,8.797022,8.5823555,7.2974415,6.3494034,6.90368,7.3313107,6.301488,7.36763,7.015285,6.2521863,7.9130063,6.312674
28,6.115565,6.0046453,5.992946,5.689947,5.5662093,4.7922444,4.9215407,5.551602,5.300126,4.8276315,5.058807,5.227241,4.5671706,4.8152595,6.068751,6.682792,5.878984,3.429917,4.271426,3.9852052,4.443131,5.4770446,2.903742,3.1906562,6.376666,6.3296175,7.020625,6.21105,0.0,2.500187,3.1048853,2.9887788,5.1700597,6.2913585,6.3077855,6.7628865,4.9930935,4.9369426,5.0439653,5.5580335,6.5702815,6.611694,5.301419,6.7813754,5.4534564,7.2114377,6.6003175,5.883449,4.8304834,4.9528484,5.751756,5.8438206,4.837436,4.546916,4.84118,6.18584,5.5331087,6.0419035,8.28952,4.94117,4.258168,4.981222,4.464433,4.3091736,4.6750746,4.740113,6.2034745,5.252247,5.8728456,5.8728456,6.113868,6.694958,5.9665256,5.5213327,6.470404,5.032112,4.790045,5.0131745,5.8818283,6.763259,6.3158994,6.09903,5.479131,6.881762,7.9367104,7.2493014,5.0169144,5.9152236,5.57617,5.719551,5.5312667,5.5206547,7.2726736,5.586566,8.056076,7.4496055,8.351705,6.163368,6.869798,6.768948,6.119168,7.237996,6.46364,6.4484997,6.1193438,5.1195216,5.7683578,5.8953724,6.7434454,5.6684394,5.6440663,5.533237,6.3222375,5.791037,4.347582,5.516061,5.8783092,5.4302692,7.136928,5.948126,6.286755,5.447699,5.1276655,6.216849,6.762618,5.974312,8.004689,6.8530407
29,5.736402,5.931867,5.591276,6.247836,5.474217,4.4669704,4.2411184,5.3388186,4.3902974,3.9506679,4.5806475,4.239654,3.7327118,4.1107597,5.8801537,6.7262588,5.865184,3.7875748,3.4429739,4.469847,3.7294126,5.4520774,3.5877478,2.9140506,6.302068,6.2689342,6.8448405,6.1301045,2.500187,0.0,3.4699328,2.8156362,5.395256,6.138411,6.3605213,6.1675057,4.4993587,4.428669,4.574036,5.032087,6.987115,7.0299587,5.7441287,7.06981,5.346928,7.0927734,6.5191317,6.228299,5.3542123,5.5227337,5.727267,6.1301928,5.0030994,5.074346,4.986849,6.3679447,5.3810596,5.555075,7.3598747,4.8679476,4.166864,4.7128057,4.261224,4.168665,5.063688,5.5422573,6.49953,6.0480604,6.011882,6.011882,6.3241982,6.8999944,5.403511,5.638778,5.6993756,5.0722136,4.7995367,4.9802346,4.890193,6.33879,6.521955,6.340052,5.7574596,6.570081,7.9926248,7.3475046,5.4908447,6.063792,4.2589087,6.23507,5.0122175,4.6373625,6.6573167,5.5112667,7.3373785,6.59435,8.042452,6.2098794,6.480438,6.3708754,5.8589272,7.0011196,6.2328672,5.8079095,6.0434623,4.6374826,5.255386,5.372258,5.8445325,5.535855,5.417422,5.334698,6.148417,5.302147,4.0926676,5.6595097,5.7054815,5.9262443,6.94013,5.4201183,5.9460864,5.132551,5.5533676,6.0651402,6.1238203,5.2155566,6.8635645,6.149588
30,5.293051,4.9308662,4.9821196,5.368007,5.198288,4.221968,4.402504,5.383262,4.919896,5.264026,5.2188153,5.22557,4.015488,3.8921819,6.051266,6.730752,5.9668794,3.4741173,3.9752696,4.0778418,3.636201,5.3961744,2.7179139,3.0507963,6.2219167,6.207163,6.165329,6.100452,3.1048853,3.4699328,0.0,3.4777606,4.5490384,5.6628795,6.959769,5.91641,4.4401994,4.314299,4.4575377,4.9672832,6.9446187,6.986749,5.2513747,6.4022746,5.5109334,7.1760325,6.6731305,5.9215193,4.3674455,4.644442,5.3958774,5.768919,4.985616,4.2315173,4.7358675,6.048238,4.60639,5.671541,8.391349,4.5046797,4.299334,4.7555585,4.600345,4.3146405,5.5267963,5.6864934,6.7930837,5.438265,6.3109674,6.3109674,6.406639,6.2142086,6.9225407,5.3377914,6.9565873,5.600094,5.578318,5.7215858,5.5743794,7.096409,6.6711736,6.535584,5.690367,7.2635913,8.286852,7.6800013,5.6944747,6.2228713,5.4370565,5.9153605,5.3173795,5.326934,7.576753,5.574883,8.650883,7.6957493,7.8487597,5.8561106,6.249501,6.139793,5.359913,6.267607,5.8227663,5.7353063,6.4486866,5.126868,5.2675323,5.283399,6.549369,5.5700245,5.0766544,5.1948967,6.177814,5.649792,4.7013254,5.659055,6.209456,5.9269295,6.960219,6.147912,6.1288257,5.380992,4.96378,6.5386333,7.2438135,6.474533,7.244069,5.971562
31,5.4322257,5.918235,5.168536,5.066532,6.38297,5.3525767,4.97866,5.70302,5.431754,5.417292,5.4205613,5.276095,4.800093,4.128509,6.620165,7.1382613,5.9242926,3.8730724,3.735113,5.024278,4.2034,5.4094305,4.518954,3.2861626,6.3019934,6.2746367,6.596516,6.1768684,2.9887788,2.8156362,3.4777606,0.0,5.1597986,5.8075113,6.1334004,6.258009,5.1278234,5.033103,5.1685653,5.6533837,6.8546934,6.893073,5.5499234,6.4329057,6.2612476,6.6760416,6.310852,6.4443707,4.535196,4.7634044,4.2537084,5.0951433,4.3561335,4.080695,4.1647534,5.655236,5.327896,6.1618257,7.024198,4.9642515,4.1467686,4.7390122,4.517391,4.1963673,5.747355,5.768446,6.857075,6.0658693,6.1447697,6.1447697,6.496687,7.106535,5.1972375,6.349983,5.3685427,5.485165,5.4754763,5.717758,4.6443505,6.823878,6.8491325,6.7424827,6.431862,7.077551,8.405994,7.6944194,5.2231402,6.174226,3.9316864,6.349135,5.4134097,3.4488313,6.393204,5.874829,7.003273,6.0849805,7.991288,6.049742,6.367768,6.2873645,5.5600758,6.5477715,5.8825493,5.6498613,6.3165617,5.131116,5.4749064,5.5536084,4.9528003,5.4888883,5.144998,5.165616,6.3533716,5.7393107,4.8270197,6.1457415,5.9391947,5.4528394,6.6729965,5.8573976,6.478193,5.7315774,5.0490346,6.124261,5.529282,4.4727707,6.621438,6.338441
