,0,1,2,3,4,5,6,7,8,9,10,11,12,13,14,15,16,17,18,19,20,21,22,23,24,25,26,27,28,29,30,31,32,33,34,35,36,37,38,39,40,41,42,43,44,45,46,47,48,49,50,51,52,53,54,55,56,57,58,59,60,61,62,63,64,65,66,67,68,69,70,71,72,73,74,75,76,77,78,79,80,81,82,83,84,85,86,87,88,89,90,91,92,93,94,95,96,97,98,99,100,101,102,103,104,105,106,107,108,109,110,111,112,113,114,115,116,117,118,119,120,121,122,123,124,125,126,127
0,0.0,5.0291867,3.5964904,3.4701939,7.1771235,5.4693446,7.855191,6.6806955,4.4324903,5.857859,6.0102324,4.2616863,7.1243815,6.0921392,5.8662205,5.827999,6.139874,5.87199,6.2888823,7.0691323,5.265416,5.5213804,5.9572053,6.2197375,7.7632637,5.8043213,5.229993,5.8697824,5.936771,6.870676,5.944822,6.564485,10.362571,10.5390625,10.904737,10.994352,9.889641,9.301883,10.7238655,10.597804,10.352687,9.925711,9.889199,9.872753,9.431331,9.14675,9.209557,9.3324995,9.933393,9.7720585,10.748554,9.818398,8.464775,8.887101,8.778623,8.920277,9.453681,8.453832,9.921174,10.690847,9.15785,9.296257,8.893192,8.02737,9.342465,8.579833,9.946695,10.472524,10.748884,10.13746,11.092645,10.692182,8.987409,10.11193,9.904514,10.085933,8.648053,8.666177,8.290775,8.434537,9.722178,10.033895,9.044265,8.785453,10.671998,10.060766,11.412926,9.469449,7.613926,7.1931634,9.636784,9.6892395,9.003296,7.7938776,7.6727076,8.469035,6.897543,6.8965983,8.073215,7.9236655,6.0235057,7.1905065,6.8682055,6.509069,8.686129,8.776718,6.948589,8.7443,5.7808213,5.7593083,7.034552,5.775028,7.6164823,7.5339046,6.902192,7.558354,8.844375,8.3341875,8.134953,8.159209,8.389545,7.705966,6.1510167,9.734807,8.311987,8.237193,9.484459,8.4969425
1,5.0291867,0.0,5.495998,5.029199,4.422274,4.3510027,6.4561114,6.704405,6.32543,7.236084,6.212937,6.171072,5.668943,6.2267847,5.927279,5.5909567,7.1111517,6.860447,7.1323943,6.8095574,6.8710823,7.207625,7.461393,7.6444416,8.958311,7.290289,6.794684,7.410535,6.32323,6.941206,7.4855514,7.042463,10.111599,10.183117,9.9728155,9.715851,10.576378,10.671629,10.827546,10.751077,10.347336,9.939493,9.949757,9.977112,9.3230505,9.259336,9.032283,9.609584,10.725314,10.607399,10.715031,10.659855,9.574112,9.096062,10.000153,9.006129,10.234414,9.452806,9.727949,11.340116,9.829186,9.5272255,9.695427,9.176239,9.125972,8.567768,9.344332,9.801489,9.748838,10.09054,10.050771,9.774337,9.80926,10.903178,10.7392645,11.00318,9.187612,9.190404,9.692434,9.701248,9.516438,8.537518,8.761636,9.634849,10.566528,10.021183,11.394196,9.393172,8.389113,8.198998,10.2000675,10.172414,10.001607,8.822116,8.5086565,9.144077,8.082117,8.05011,8.282246,8.175295,7.0445967,7.02943,7.2344546,7.4420567,8.337089,8.470324,9.374567,10.175127,7.08924,6.9683447,8.739559,6.7149873,7.727411,7.6181197,7.1491537,7.575999,9.799812,9.393486,9.247404,9.410314,9.39233,8.629254,7.1397114,10.248924,7.706514,7.5766926,9.044142,7.9645615
2,3.5964904,5.495998,0.0,3.1482708,6.290549,5.3800554,7.4527946,6.488989,5.104182,6.4881864,6.446319,6.038657,8.582275,7.396322,7.294232,7.2734914,4.7198596,4.9264174,4.873504,5.8259625,5.5751877,4.757874,5.351964,7.0013885,6.8714557,6.258741,5.722841,5.5291853,5.4076157,6.5706015,5.458329,6.2481065,10.404247,10.025204,11.928491,11.39259,10.109,9.991767,10.561842,11.3095045,11.432079,10.892986,10.92137,10.914805,9.44088,9.560871,9.200737,9.415008,10.115128,10.314035,11.647686,10.176603,8.779062,9.108126,9.064004,9.512278,10.469995,8.929896,10.880391,10.725429,9.812562,9.640565,9.5749445,8.080517,8.523867,7.742718,8.902891,9.792031,10.089893,9.30726,10.458981,9.994697,8.150085,9.506975,9.15813,9.311562,7.862064,7.884144,7.495331,7.6833005,10.354364,10.03497,9.4553585,9.25343,10.396662,10.000138,11.064455,9.285986,7.7200766,6.799621,9.573326,10.033414,9.710933,8.292466,7.948654,8.4314785,7.605334,7.62733,8.171989,8.892603,7.2370605,8.169492,7.2647862,7.101629,9.133385,9.18459,7.592777,9.230772,6.254678,6.3216844,8.191033,6.332426,8.284899,8.304839,7.6755,8.244514,9.326414,9.071805,9.212455,9.367155,8.597669,7.741862,6.9732237,10.18964,8.384844,8.574735,10.000672,8.757148
3,3.4701939,5.029199,3.1482708,0.0,6.279884,5.7664475,6.808986,6.052304,5.467532,6.628566,5.9166493,5.4714823,7.5849586,6.863351,6.7014365,6.60936,4.5216117,4.4630394,4.803134,5.662521,4.231674,4.4700522,5.0585194,5.4529734,6.3559513,6.539771,6.023829,5.216245,5.0445247,6.215923,5.393945,5.889699,9.892517,9.885829,11.272671,10.4441595,9.454818,9.538897,10.4488945,10.335655,10.855184,10.3940525,10.406446,10.397364,8.961668,8.928267,9.028846,9.329559,9.94263,9.992251,10.546079,9.742921,8.001211,8.388112,7.8333993,8.502143,9.688465,8.320848,10.328226,9.268767,8.699179,8.50455,8.52132,8.247219,7.8988833,7.0345416,7.8686066,9.21716,9.422313,8.78185,9.832257,9.39262,7.412169,8.77482,8.643123,9.016943,6.9896502,7.0099745,6.7171755,6.9391913,9.3017,8.975922,8.501422,8.42458,9.8002405,9.560653,10.5075035,8.909314,7.7409573,6.56755,9.737327,9.806174,8.673672,7.010866,7.7772784,7.546735,7.942993,7.954858,8.846616,8.647541,6.9537964,7.8341756,7.687232,7.4168134,9.213226,9.330118,8.164094,9.634324,6.762358,6.7398887,7.588982,6.7193093,7.718139,7.6146636,6.7450695,7.678209,8.596078,8.54582,7.9802327,8.360158,8.561231,7.8119316,6.310561,9.38257,8.361337,7.592629,9.412381,7.84595
4,7.1771235,4.422274,6.290549,6.279884,0.0,3.2610857,4.9906397,5.747177,5.7164245,6.7114143,5.8270407,6.3810616,5.64632,5.7811975,5.729115,5.3802404,6.4271026,6.5604787,6.460459,5.90272,7.0021505,6.7582836,5.901027,6.8121142,6.736254,5.9268756,5.722937,5.7635074,5.7453938,5.1073794,5.8201427,5.4009757,8.718798,8.383113,9.391383,8.795728,9.302944,9.969513,9.29192,9.810734,10.196459,9.888776,10.381604,10.406106,10.455628,10.416032,10.1851635,10.129849,10.359217,10.385488,10.77486,10.44483,9.437996,8.85866,10.174382,9.050822,10.133678,9.414975,9.482446,10.701217,9.515145,9.04741,9.442366,8.778631,8.883239,8.633507,9.088793,9.865963,9.728637,10.258794,9.686037,9.856509,9.885937,11.0594425,10.715587,10.9416,9.155268,9.16154,9.762795,9.89236,9.930093,9.241056,8.9418745,9.847818,9.661352,9.223673,10.4156685,8.604401,8.44405,8.63452,10.236436,10.514716,10.984098,9.741248,8.608048,8.867152,7.675098,7.713265,7.4504905,7.940498,8.209923,7.8856096,7.994542,8.344784,7.41368,7.557433,9.15744,10.12828,8.389942,8.295105,9.661746,7.7300076,8.986751,8.887075,8.446708,8.378695,10.046288,9.784025,10.193827,9.973788,9.436755,9.392893,8.443855,9.293155,8.490354,8.324116,9.904744,8.616397
5,5.4693446,4.3510027,5.3800554,5.7664475,3.2610857,0.0,5.569937,5.9209633,3.7536633,5.021612,5.123402,4.6726727,5.1662593,5.2523384,5.089926,4.7318773,6.471133,6.4396596,6.581668,6.9197164,6.564064,6.4126496,5.567946,6.453386,6.8813615,4.380562,4.1466846,5.167843,6.182124,5.8379745,5.247294,5.8371916,9.2011385,9.034508,9.119748,9.263805,9.003933,8.883402,9.617924,9.977606,9.958333,9.623735,10.119385,10.1314335,10.700862,10.513048,10.362817,10.063507,10.110887,10.032479,11.100187,10.136187,9.010587,9.072855,9.776309,9.218048,9.420037,8.994242,9.399023,10.800001,9.2343235,9.04245,9.040774,8.03642,8.824727,9.141833,9.462959,10.176833,10.288676,10.1382675,10.288811,10.388249,9.767229,10.953748,10.551581,10.781596,9.590041,9.602643,9.579041,9.69777,10.048585,9.72241,8.166089,9.037532,9.203926,8.480244,10.059964,7.754172,7.3545456,7.9766517,9.366964,9.617994,10.260692,9.0224085,7.557793,8.343403,6.06215,6.1297975,6.3750176,6.873571,6.7332325,7.1204305,6.9939733,6.9039526,6.394601,6.5510554,7.6652493,9.304751,6.8350067,6.7413535,8.732026,6.1471357,7.888771,7.783604,7.325741,7.211216,9.325337,8.831462,9.333929,9.080765,8.432431,8.4516115,7.42122,8.774436,8.592714,8.78638,10.006251,9.05583
6,7.855191,6.4561114,7.4527946,6.808986,4.9906397,5.569937,0.0,3.2701359,6.34836,6.7736154,8.458852,7.2117405,6.350177,6.097435,6.06728,5.743031,7.2102337,7.0387163,7.745043,7.3586445,6.639855,6.52701,5.941743,7.2281146,6.6564713,6.671304,6.4804463,6.0029006,6.1096864,5.3928585,6.5396743,5.5392528,9.503185,9.561875,10.027218,9.633495,10.116421,10.556728,9.340766,9.936579,10.846355,10.820794,11.087284,11.121518,11.187737,10.318361,11.03222,10.288204,10.053088,10.393784,10.59504,10.378296,9.541941,8.847847,9.114819,9.064683,10.664626,9.915626,10.801854,9.495895,9.455358,9.568829,9.579983,9.294419,9.113665,8.649906,10.719321,10.015214,9.677413,10.444782,9.924282,10.073881,8.994832,10.315924,10.177995,11.201553,8.486248,8.486849,9.297748,9.158476,8.462649,7.6173534,7.61456,8.555093,8.222336,8.234189,9.397254,8.035067,8.552456,8.749146,10.982102,10.997125,11.195555,10.238142,9.272244,8.100666,8.504765,8.542932,8.087831,8.804273,8.783727,8.373701,8.493317,8.962826,7.5888724,7.774108,10.16166,11.136148,9.227504,9.150343,11.168748,8.627319,9.292336,9.054497,7.9262085,8.829267,9.991173,10.007063,9.927179,10.115424,9.505255,9.757711,8.714798,9.634128,8.488169,8.1875305,10.044588,8.574193
7,6.6806955,6.704405,6.488989,6.052304,5.747177,5.9209633,3.2701359,0.0,5.007805,6.0557942,7.4618897,5.9616957,6.434356,5.1042147,5.170332,5.0555286,5.958864,5.419948,6.6002665,6.28825,5.5850263,5.389565,4.784271,6.347275,6.126076,5.3840995,5.095885,4.988095,5.160973,4.2471075,5.6845455,4.177662,9.218405,9.243916,10.1242075,10.007285,9.76282,10.028979,9.012956,9.495836,10.356955,10.030106,10.237519,10.2509,10.419477,9.961081,10.140928,9.317501,9.828548,10.109292,10.540602,10.286694,9.019901,8.4081335,8.482663,8.584203,10.328357,9.483228,10.7656,9.619255,9.4411,9.610727,9.33654,8.642445,9.941181,8.775785,11.096211,10.698741,10.774303,11.143089,10.9362955,10.766856,9.209808,10.447908,10.141822,11.196809,8.476354,8.483605,9.180751,9.030275,7.9195614,8.546805,8.643649,8.595768,8.863224,8.854416,10.046261,8.329143,8.585283,8.927541,10.95772,10.850208,11.199253,10.196728,9.252736,8.483399,8.084086,8.138938,7.843298,8.499001,8.539177,8.322112,8.276915,8.74781,7.425219,7.578713,8.700748,9.91731,8.714412,8.684663,9.857468,8.247675,9.719191,9.518124,8.298057,9.330249,9.851403,9.784657,9.656964,9.742025,9.449788,9.738103,8.671478,9.907651,8.37843,8.43844,10.012894,8.713039
8,4.4324903,6.32543,5.104182,5.467532,5.7164245,3.7536633,6.34836,5.007805,0.0,3.7682831,4.965131,2.6357512,5.819358,4.4782424,4.5799274,4.429276,5.6819744,5.4572067,6.0244937,6.630645,5.3470793,5.263625,3.8245745,5.093363,5.72758,2.0928128,1.7901419,3.4737067,5.5056157,4.909347,3.8211744,4.4964843,9.084544,9.110821,9.53227,9.997934,8.52333,7.918836,9.245881,9.390191,9.412751,8.94546,9.369775,9.352756,10.479224,10.343248,10.107282,9.327102,9.780246,9.684305,10.990367,9.916145,8.471274,8.819938,8.862687,8.975474,8.863265,8.382698,9.642722,10.321696,8.938001,9.093939,8.595233,7.370471,9.8329315,9.5319605,10.604677,11.104319,11.468124,10.936489,11.358621,11.384375,9.8594055,10.985661,10.436265,10.703077,9.460216,9.48,9.268963,9.461883,9.497068,10.37061,8.820793,8.643179,9.422228,8.761323,10.261781,7.9117765,7.6317034,8.222142,9.497834,9.797591,10.281977,9.087472,7.5740137,8.286242,5.6518326,5.76219,6.590769,6.7366133,6.8619437,7.709407,7.327846,7.144233,6.512747,6.6376643,5.834515,8.137708,6.8603287,6.834581,7.899199,6.3567915,8.792478,8.732033,8.039002,8.150387,9.16623,8.544079,9.017841,8.547596,8.393458,8.71209,7.6033354,8.7135935,9.005256,9.208474,10.311299,9.407853
9,5.857859,7.236084,6.4881864,6.628566,6.7114143,5.021612,6.7736154,6.0557942,3.7682831,0.0,5.6199794,3.7291453,6.32943,4.5835247,4.5023046,5.1623197,7.377421,7.114694,7.689615,8.178383,6.007888,6.7148137,5.6746764,6.6000857,6.937827,4.3862095,4.273377,5.1713357,7.15535,6.7560916,5.8829913,6.40765,9.095688,9.251254,9.539922,10.072613,8.684266,8.423528,9.387564,9.4384985,10.215889,10.183346,10.51169,10.497318,11.154778,10.658007,10.752552,9.992659,10.155018,10.120804,11.330083,10.2913265,9.127296,9.418166,9.541858,9.702283,8.428969,9.15171,10.224948,10.698182,9.467249,9.629817,9.306995,8.306328,10.486032,10.259819,11.455357,11.53109,11.7675905,11.693721,11.192673,12.103696,9.350235,10.621113,10.446358,10.706281,9.285736,9.291303,9.072837,9.262902,8.374955,9.4540205,8.746891,7.7322,8.337188,7.5517797,9.416698,8.005939,6.9680614,7.7087193,9.342452,9.432168,9.895648,9.064284,7.115668,7.466248,6.3108606,6.4352813,6.7863083,6.357956,7.2788353,8.12973,7.742654,7.515289,6.5147223,6.5260057,7.194121,9.0952,7.8265667,7.734793,9.008518,7.300573,9.07001,9.022287,8.311162,8.467593,8.538243,7.8067207,9.309862,8.550983,8.388263,9.062094,7.9773316,9.083693,8.393361,8.611801,9.671213,8.742353
10,6.0102324,6.212937,6.446319,5.9166493,5.8270407,5.123402,8.458852,7.4618897,4.965131,5.6199794,0.0,4.2691193,6.5632906,5.882439,5.7714515,5.890901,6.420419,5.987346,6.6220517,7.159116,6.4625115,7.2164226,6.370997,6.1134686,7.7860312,5.5616617,5.3694654,6.1288686,7.681036,7.1867595,6.4714603,6.8915124,9.000864,8.898113,9.744384,9.645241,8.373539,8.5996275,10.252766,9.642252,9.931251,9.57592,9.8511715,9.831158,10.358244,10.934937,10.088738,10.299766,10.695189,10.362992,11.126037,10.540769,9.192171,9.625779,9.709127,9.614261,8.831364,9.072817,9.9258795,11.058971,9.486727,8.8499365,9.132461,8.686892,10.800137,10.490443,9.48552,11.812736,12.272785,11.842719,11.951481,12.173776,10.69945,11.657198,11.249511,11.381566,10.374322,10.388476,10.162889,10.313416,9.841128,10.96921,9.714928,9.257381,10.530937,9.908466,11.301262,9.426447,8.500487,9.125539,10.091743,10.029437,10.287436,9.192486,8.153426,8.970111,7.319885,7.380199,8.426112,7.481959,7.73697,8.578844,8.72708,8.379846,7.887208,7.968008,7.441209,9.311905,8.223945,8.164451,6.8594484,7.760533,9.4232,9.394794,8.895823,8.881579,9.371213,8.773916,9.366088,8.692759,9.433029,9.786038,8.370223,9.333158,9.736018,9.5619755,10.588623,9.761772
11,4.2616863,6.171072,6.038657,5.4714823,6.3810616,4.6726727,7.2117405,5.9616957,2.6357512,3.7291453,4.2691193,0.0,4.776144,3.9352963,3.7754035,3.988986,6.207171,5.765007,6.3899617,6.943536,4.756732,5.7297435,4.65703,4.313449,6.490549,3.6374404,3.300755,4.399305,6.2625318,5.658803,4.8719974,5.242085,8.752401,9.150002,8.765118,9.337416,8.261976,7.614152,9.296878,8.627295,9.064384,8.582207,8.874073,8.852375,10.041028,10.076639,9.759447,9.263014,9.920503,9.584431,10.338826,9.783948,8.268098,8.670845,8.8019905,8.577405,7.7789497,8.075224,9.033037,10.293764,8.527073,8.712486,8.180448,7.738285,9.999113,9.614152,10.486165,11.011542,11.566698,11.11438,11.209572,11.399033,9.847178,10.90479,10.431257,10.617664,9.475366,9.487908,9.293169,9.433807,8.83893,10.067476,8.87151,8.3653755,9.642776,8.981212,10.518986,8.374515,7.4271054,8.120031,9.253746,9.107995,9.5106945,8.2395,7.1033235,8.064906,6.160632,6.2428293,7.3348,6.2157216,6.6837754,7.5640497,7.7125783,7.3901515,6.5942082,6.686293,6.3093853,8.426965,7.1702337,7.0878496,7.273236,6.6198783,8.4932995,8.439524,7.8791847,7.899809,8.436077,7.82931,8.528638,7.782907,8.466958,8.947203,7.336172,8.469851,8.695641,8.523779,9.699876,8.756933
12,7.1243815,5.668943,8.582275,7.5849586,5.64632,5.1662593,6.350177,6.434356,5.819358,6.32943,6.5632906,4.776144,0.0,3.8239663,3.77107,3.5064135,8.541984,7.9628615,8.359058,8.1061125,7.1415644,8.163052,6.9610386,6.1757164,8.074199,5.9588284,5.8162403,6.577723,6.9775033,6.1394534,7.0170846,6.48953,8.789245,9.456866,7.3937736,8.006815,9.527581,9.245523,9.46563,8.584742,8.915548,8.513911,9.147537,9.164891,10.559073,10.437193,10.353557,9.787835,11.006861,10.617386,10.283346,10.798221,9.487534,9.074959,10.361166,8.693499,8.749136,9.340045,8.859132,11.012927,9.33816,9.497409,9.094551,9.449251,10.025094,9.930196,10.848292,10.744823,11.119985,11.538792,10.668763,10.878047,10.875155,11.86885,11.517654,11.841718,10.450974,10.451999,10.969643,10.942745,8.858633,9.230355,9.307384,9.902578,9.458547,9.097931,10.6847105,8.446413,8.711712,9.594762,10.679052,9.97602,10.715525,9.377893,8.88496,9.544919,7.7805305,7.806761,7.7608714,6.6506596,8.16658,8.057225,8.789521,8.908232,6.4354677,6.600165,9.149469,10.000394,8.903349,8.7476845,9.727775,8.190469,8.829319,8.822823,8.417799,8.005741,9.554533,9.351091,9.803416,9.327439,10.025772,10.319749,8.724922,9.247098,8.681058,8.532355,9.791549,8.788152
13,6.0921392,6.2267847,7.396322,6.863351,5.7811975,5.2523384,6.097435,5.1042147,4.4782424,4.5835247,5.882439,3.9352963,3.8239663,0.0,1.3302548,1.7394387,7.9625273,7.387903,7.8407817,7.6363277,6.5053945,7.2179823,5.8771515,5.7979717,6.9517126,4.459897,4.3584504,5.245861,5.925228,5.019127,5.7779126,5.422281,8.109486,8.594851,8.421228,8.885741,8.799167,8.886887,8.607738,8.285802,8.687098,8.83518,9.398675,9.391571,10.499373,9.650433,10.17274,9.491528,9.851681,9.552785,9.765569,9.883998,8.806448,8.345108,9.849981,8.368468,8.583051,8.762372,8.621114,10.524998,8.919194,9.116211,8.790722,8.55307,10.496135,9.652718,11.398132,11.374246,11.351211,12.06012,11.130885,11.525081,10.151208,11.207787,11.133121,11.419092,9.463102,9.471178,9.931986,10.003996,8.130631,9.538546,9.644396,9.300364,9.344952,8.972336,10.551866,9.069841,8.047588,8.830593,10.8262,10.338161,10.428311,9.640041,8.739847,9.041863,6.604349,6.6484303,6.6421456,6.5011187,7.553009,7.63659,7.875528,8.117964,6.7725515,6.887762,7.651591,8.665349,8.485431,8.348026,8.841863,7.9096956,9.022786,9.052925,8.480461,8.288888,9.0632,8.739724,9.367987,8.664792,9.284967,9.617506,8.228496,9.048917,7.909562,8.093981,9.331619,8.285629
14,5.8662205,5.927279,7.294232,6.7014365,5.729115,5.089926,6.06728,5.170332,4.5799274,4.5023046,5.7714515,3.7754035,3.77107,1.3302548,0.0,1.644813,7.7811804,7.2469325,7.8050904,7.6656528,6.243693,6.9574723,6.0048337,5.6392922,7.182054,4.78199,4.5885634,5.526614,6.1959567,5.3651586,6.0174756,5.4592357,8.187964,8.662617,8.194311,8.703244,8.69472,8.885566,8.650792,8.188282,9.208202,9.197261,9.685427,9.681909,10.636281,9.802876,10.294326,9.777362,9.821284,9.497332,9.709104,9.836345,8.692025,8.259349,9.69021,8.183738,8.411297,8.712375,8.488584,10.5716715,8.753116,8.962014,8.626865,8.429835,10.276088,9.453888,11.273023,11.094855,11.141528,11.865333,10.943328,11.326957,9.93699,10.997555,10.893989,11.289643,9.292109,9.298473,9.688229,9.661926,8.289622,9.575994,9.40481,9.101044,9.413825,8.983449,10.550944,9.113261,7.724273,8.579537,10.574038,9.987059,10.116183,9.40367,8.438286,8.810494,6.48607,6.5357966,6.6933274,6.439764,7.23326,7.0882373,7.6607175,7.843741,6.629694,6.7587676,7.6922154,8.867753,8.286443,8.104551,8.628924,7.645242,8.589176,8.537676,7.985806,7.937142,8.692588,8.38452,9.114669,8.344217,9.035679,9.388785,7.846896,8.855042,7.622755,7.7204933,9.053653,8.010515
15,5.827999,5.5909567,7.2734914,6.60936,5.3802404,4.7318773,5.743031,5.0555286,4.429276,5.1623197,5.890901,3.988986,3.5064135,1.7394387,1.644813,0.0,7.772209,7.12249,7.68276,7.531099,6.361238,6.9718814,5.877343,5.5800977,7.1528225,4.7726183,4.56393,5.425298,6.0318565,5.0396404,5.7286696,5.2104917,8.36523,8.861104,8.331973,8.765761,8.849097,8.876539,8.933483,8.42233,8.720381,8.812565,9.20063,9.202557,10.428684,9.418662,10.095732,9.586715,9.995425,9.655995,9.817527,9.967853,8.570634,8.126616,9.583604,8.10361,8.750998,8.551854,8.311142,10.405365,8.591155,8.787159,8.49966,8.374683,10.1010685,9.391635,11.096137,11.049766,10.959529,11.67572,11.03479,11.135026,10.272831,11.266648,11.115219,11.553925,9.575438,9.587262,9.969495,9.949597,8.545551,9.624469,9.317387,9.509545,9.770349,9.388373,10.784559,9.181222,7.970809,8.862573,10.865346,10.344432,10.314463,9.631322,8.770267,9.089204,6.4961905,6.5395184,6.776638,6.889614,7.135383,7.1873436,7.58244,7.760986,6.772907,6.9669824,7.7859545,8.937895,8.205443,8.014298,8.660014,7.5086093,8.4243765,8.357989,7.8256583,7.7213144,9.017078,8.805117,9.049633,8.386928,9.097773,9.32207,7.752374,8.652004,8.027934,8.082572,9.443842,8.431749
16,6.139874,7.1111517,4.7198596,4.5216117,6.4271026,6.471133,7.2102337,5.958864,5.6819744,7.377421,6.420419,6.207171,8.541984,7.9625273,7.7811804,7.772209,0.0,2.141736,2.2399569,3.258545,3.7546449,2.5334795,3.9794724,5.323777,5.5499268,6.3429227,5.7355127,4.7687993,6.0506816,5.356268,4.829809,4.824583,10.130381,9.771098,11.599335,10.9766245,9.638406,9.871599,10.282038,10.533992,11.631232,10.686687,10.59949,10.593844,9.907915,10.780328,9.80532,10.060348,10.510824,10.711062,11.427552,10.514426,8.587782,8.831126,8.262677,9.021748,10.114667,8.886427,10.930381,9.924859,9.407063,9.182601,9.192623,8.394893,9.069083,8.032921,9.050802,9.983589,10.62972,9.62918,10.766,10.111609,8.895114,10.105412,9.551265,9.727332,8.166491,8.186002,8.06817,8.320527,9.939245,10.406216,9.21561,8.9981785,10.861718,10.759073,11.406721,9.513155,8.144361,8.073069,9.308378,9.7451105,10.394478,8.437817,7.6945434,7.8449926,9.011305,9.113498,9.601669,9.49983,8.400729,8.734412,8.69963,8.603557,9.168356,9.256944,8.643097,10.272184,7.9789824,7.990132,8.165941,7.5202994,9.481949,9.520951,8.80882,9.48572,9.705806,9.58008,9.4143915,9.684948,8.899584,9.2424135,8.330666,9.911941,9.402381,9.020056,10.6166525,9.153261
17,5.87199,6.860447,4.9264174,4.4630394,6.5604787,6.4396596,7.0387163,5.419948,5.4572067,7.114694,5.987346,5.765007,7.9628615,7.387903,7.2469325,7.12249,2.141736,0.0,2.5417552,3.7353454,3.5100765,3.2716744,4.2191525,5.44731,6.188261,6.371778,5.7261586,5.0013,6.3719316,5.513413,5.2126527,5.0359435,10.038337,9.82416,11.365133,10.863103,9.845842,9.846455,10.39133,10.431472,11.154345,10.303832,9.995947,9.992746,9.302559,10.211139,9.150021,9.424838,10.795577,10.931162,11.552486,10.792169,8.521597,8.753265,8.212727,8.981132,10.165158,9.077095,11.058541,10.077474,9.546431,9.3352585,9.313483,8.640401,9.453249,8.411564,9.241874,10.2988,11.074834,10.189212,11.251915,10.428334,9.171056,10.356353,9.790812,10.387705,8.747937,8.764655,8.656482,8.64909,9.189779,10.0984,9.434112,9.169069,10.850674,10.825742,11.5695,9.530122,8.084725,8.4726095,9.801156,9.716929,10.522194,8.731213,8.162892,8.290116,9.142703,9.232036,9.558925,9.531121,8.428983,9.047489,8.819885,8.713986,8.839192,8.930516,8.661916,10.400907,8.09179,8.111172,8.036615,7.622676,9.508664,9.44859,8.609824,9.471771,9.56749,9.691717,9.413217,9.593716,9.151241,9.51551,8.430604,10.0758095,9.396384,9.209072,10.739635,9.38358
18,6.2888823,7.1323943,4.873504,4.803134,6.460459,6.581668,7.745043,6.6002665,6.0244937,7.689615,6.6220517,6.3899617,8.359058,7.8407817,7.8050904,7.68276,2.2399569,2.5417552,0.0,2.5466526,4.0142903,3.2397919,4.217373,5.4698157,5.5567584,6.5112042,5.855804,4.6722174,6.01642,5.1600175,4.509884,5.2141995,9.932052,9.613625,11.560436,10.874771,9.802646,9.897704,10.273061,10.538742,11.115422,10.247379,10.149046,10.138002,9.241624,10.173669,9.199212,9.623004,10.780862,10.895808,11.506685,10.6286745,8.242182,8.460572,8.739563,8.812571,10.138501,8.821205,10.451876,10.090538,9.41708,9.192008,9.24494,8.558965,8.706031,7.651491,8.630379,9.703653,10.355807,9.423227,10.516778,9.66348,8.883835,10.069416,9.683574,9.637054,8.2983055,8.316955,8.191674,8.546482,9.842809,10.50228,9.873275,9.747455,11.202513,11.13777,11.704198,9.824226,7.792029,7.8906555,9.274955,9.432525,10.232126,8.015969,7.702928,8.196802,9.258748,9.363802,9.471786,9.534014,8.379236,8.975802,8.634487,8.53741,9.346266,9.415136,8.80839,10.229425,7.8780136,7.898938,8.086322,7.388363,9.401141,9.453368,8.96802,9.385561,9.634016,9.771638,9.531654,9.822066,8.861617,9.127318,8.4137125,9.934471,9.348474,9.048957,10.522521,9.025696
19,7.0691323,6.8095574,5.8259625,5.662521,5.90272,6.9197164,7.3586445,6.28825,6.630645,8.178383,7.159116,6.943536,8.1061125,7.6363277,7.6656528,7.531099,3.258545,3.7353454,2.5466526,0.0,4.7188306,4.1104317,4.8710938,6.0539255,6.1009927,6.9377894,6.2993703,5.350914,5.52816,4.3112826,5.2219872,4.646696,9.831022,9.564646,11.395013,10.716039,10.25992,10.648864,10.176178,10.440503,10.839479,9.942195,9.804534,9.803167,9.109166,10.034439,8.965515,9.456078,10.987219,11.121105,11.231728,10.992087,8.876611,8.380025,9.2668,8.669957,10.513779,9.192584,10.276506,10.465425,9.785824,9.549559,9.682903,8.998586,9.4804535,7.8783946,9.5709715,10.001259,10.357053,10.09045,10.415208,9.755579,9.663672,10.764766,10.448682,10.290072,8.375385,8.384819,8.967614,9.398893,9.448506,9.995147,10.233218,10.176913,11.662832,11.527733,12.088321,10.293765,8.657506,8.620441,9.7676735,10.154249,10.906983,8.885168,8.275464,8.69001,9.808121,9.900436,9.748525,9.684399,8.937519,8.94944,8.788878,9.086577,9.544005,9.616553,9.524183,10.430742,8.576297,8.562814,8.757301,8.018918,10.168987,10.1875,9.714517,10.150115,10.43827,10.356522,10.124667,10.3887205,9.508961,9.747773,9.014556,10.464265,9.037315,8.576616,10.118635,8.548956
20,5.265416,6.8710823,5.5751877,4.231674,7.0021505,6.564064,6.639855,5.5850263,5.3470793,6.007888,6.4625115,4.756732,7.1415644,6.5053945,6.243693,6.361238,3.7546449,3.5100765,4.0142903,4.7188306,0.0,2.6513686,3.8517342,4.0700197,5.609275,6.27056,5.6241937,4.4714866,6.2982416,5.375038,4.8481417,4.9788384,9.487465,9.747465,10.6342535,10.303631,9.235876,9.156542,9.79701,9.434193,10.538322,10.095041,9.721821,9.714343,9.363483,9.513757,9.3768425,9.498816,9.833999,9.864367,10.134597,9.639076,7.8168263,8.061862,7.598232,8.252481,8.842987,8.289224,9.988435,9.081833,8.313903,8.483638,8.356276,8.362272,9.008029,7.9277754,9.656057,9.799168,10.303171,9.757319,10.308594,10.065833,8.163676,9.442441,9.238125,9.647991,7.6700735,7.6754985,7.6052623,7.7580776,8.04004,8.987138,8.249029,7.6516385,10.267014,10.050688,10.896402,9.431973,6.9489512,7.1546574,8.901044,8.815688,9.08753,7.324302,6.715576,6.541614,8.681892,8.764144,9.388336,8.650028,7.525605,8.19371,8.285176,8.108874,8.619561,8.685898,8.659992,10.414341,7.8754425,7.845918,7.9356475,7.3030806,8.793126,8.606084,7.8122115,8.80238,8.352943,8.370465,8.315631,8.295594,8.149951,8.866991,7.3804097,9.018839,8.58934,7.6095223,9.489453,7.8413167
21,5.5213804,7.207625,4.757874,4.4700522,6.7582836,6.4126496,6.52701,5.389565,5.263625,6.7148137,7.2164226,5.7297435,8.163052,7.2179823,6.9574723,6.9718814,2.5334795,3.2716744,3.2397919,4.1104317,2.6513686,0.0,3.295908,4.647909,4.9337516,6.0099683,5.3533216,4.1079698,5.7633667,4.8635254,4.111206,4.3524365,9.920316,9.809927,11.357635,10.935637,9.503251,9.597021,9.778794,10.100458,11.366464,10.752917,10.590012,10.584974,10.117721,10.182483,10.041026,10.076971,9.748776,9.944451,10.682275,9.725895,8.025186,8.221961,7.936618,8.525375,9.697193,8.417523,10.269403,9.419433,8.678896,8.842678,8.674239,8.02353,8.688056,7.5132904,9.73813,9.698682,10.091264,9.428103,10.411035,9.850835,8.222131,9.518816,9.18056,9.44327,7.5117517,7.529976,7.37257,7.5853906,9.48462,10.0509815,8.694072,8.428803,10.644349,10.510766,11.185935,9.664594,7.2572837,7.266378,9.126972,9.437984,9.808245,8.101989,7.2156553,7.1403346,8.476843,8.577279,9.115389,9.231469,7.7448487,8.077756,8.060443,7.981303,8.969535,9.059976,8.428428,10.17145,7.6874924,7.665974,8.3597765,7.145819,8.869638,8.827168,8.116522,8.920114,9.015997,8.994886,8.866706,9.015877,8.143004,8.645318,7.6050596,9.290083,8.77558,8.252663,10.070768,8.4703865
22,5.9572053,7.461393,5.351964,5.0585194,5.901027,5.567946,5.941743,4.784271,3.8245745,5.6746764,6.370997,4.65703,6.9610386,5.8771515,6.0048337,5.877343,3.9794724,4.2191525,4.217373,4.8710938,3.8517342,3.295908,0.0,3.4591944,2.7317092,4.2167716,3.946433,1.7584362,4.6480875,3.461748,2.080781,2.8871264,8.581033,8.533616,10.260764,9.795079,8.308445,8.2290535,8.5473795,8.902251,10.022713,9.4940815,9.806773,9.794472,10.060985,10.103005,9.9863615,9.273321,9.569624,9.67176,10.518955,9.552384,7.8530426,8.121551,8.130373,8.457249,9.055252,7.9636655,9.77476,8.959545,8.310196,8.47142,8.136211,7.557534,8.555757,7.90947,9.454162,9.846766,10.307307,9.714553,10.197932,10.062316,8.56067,9.826197,9.189666,9.473827,7.9215064,7.9429126,7.864627,8.107507,9.477952,10.023983,9.0513935,8.824156,9.443539,9.287878,10.083348,8.328468,7.8160233,7.7522445,9.546671,9.863548,10.157157,8.542747,7.721465,7.6551037,7.386786,7.48459,8.025064,8.114926,8.172184,8.750957,8.469651,8.412697,7.774609,7.872979,7.2943645,9.1838455,8.104678,8.11031,8.806626,7.6205454,9.307745,9.27486,8.599086,8.775844,8.938418,8.930966,9.272582,8.892109,8.621503,9.067449,8.0554495,8.319012,9.146087,8.6755295,10.417124,8.884251
23,6.2197375,7.6444416,7.0013885,5.4529734,6.8121142,6.453386,7.2281146,6.347275,5.093363,6.6000857,6.1134686,4.313449,6.1757164,5.7979717,5.6392922,5.5800977,5.323777,5.44731,5.4698157,6.0539255,4.0700197,4.647909,3.4591944,0.0,4.1660886,5.262912,5.0390887,3.5869744,5.7149844,4.6970778,3.7811437,4.2155247,8.555721,8.949332,9.556592,9.088984,7.855266,7.945684,9.020739,8.091002,9.97068,9.386462,9.854406,9.8311405,10.524062,10.477235,10.644404,10.229998,9.96008,9.6708,9.774532,9.545678,7.6187506,8.074262,8.152475,7.8892984,8.222005,7.662696,8.860229,8.775617,7.576108,7.7803764,7.3712864,8.095468,8.717346,8.166709,9.230287,10.014161,10.49051,10.019431,10.361923,10.238515,9.074043,10.127555,9.662447,9.783435,8.329102,8.350618,8.160011,8.440936,9.869923,10.69553,9.26,9.151495,10.106208,9.941125,10.679359,9.0939665,8.2626705,8.228827,9.985561,9.814128,9.5063715,7.7741985,7.9022245,7.945699,7.706561,7.7943063,8.927358,7.9584084,8.018745,8.384121,9.09583,8.814009,8.372115,8.532006,7.8166194,9.549024,8.671419,8.560148,8.075529,8.092513,8.904497,8.863117,8.379028,8.35357,8.572528,8.62721,8.591577,8.097136,8.986794,9.469178,7.848719,7.733193,9.597192,8.468339,10.292576,8.730544
24,7.7632637,8.958311,6.8714557,6.3559513,6.736254,6.8813615,6.6564713,6.126076,5.72758,6.937827,7.7860312,6.490549,8.074199,6.9517126,7.182054,7.1528225,5.5499268,6.188261,5.5567584,6.1009927,5.609275,4.9337516,2.7317092,4.1660886,0.0,5.289032,5.3122973,2.507852,5.00481,4.1733103,2.712241,4.1673546,8.694989,8.554414,10.867,9.965796,8.263268,8.699161,8.591678,9.054153,10.849797,10.451204,11.223145,11.202288,11.284478,11.027449,11.397455,10.506041,9.997065,10.138614,10.850134,9.876524,8.189497,8.502422,8.803345,8.852498,9.593088,8.478089,10.093974,8.614304,8.5265255,8.6716,8.413817,8.3092,8.248298,7.8150845,9.315888,9.910714,10.084993,9.690687,9.8996725,10.06706,8.324784,9.619405,9.237126,9.214888,7.620046,7.64677,7.5238466,8.071485,10.475319,10.777216,9.802917,9.637876,9.16104,9.2237215,9.726171,8.559348,8.618482,8.053736,10.373316,10.718318,10.50504,8.756926,8.608273,8.0258045,8.098095,8.212907,8.543842,8.738552,9.223698,9.568657,9.491808,9.431026,8.865744,8.97996,8.304412,9.743724,9.3213825,9.29278,9.973478,8.891008,9.968904,10.016817,9.4465275,9.305199,9.426405,9.59773,9.872903,9.630778,9.296026,9.6513405,8.943502,8.377684,9.957368,9.202461,10.974669,9.24489
25,5.8043213,7.290289,6.258741,6.539771,5.9268756,4.380562,6.671304,5.3840995,2.0928128,4.3862095,5.5616617,3.6374404,5.9588284,4.459897,4.78199,4.7726183,6.3429227,6.371778,6.5112042,6.9377894,6.27056,6.0099683,4.2167716,5.262912,5.289032,0.0,0.91446316,3.1964197,5.48816,4.529749,3.6478755,4.6826334,8.915672,8.876885,9.384438,9.922446,8.334697,7.9909477,9.005345,9.218672,9.404225,8.922545,9.823025,9.794856,11.25053,11.0864525,10.946413,9.970465,9.8928,9.769378,11.025601,10.054647,8.64858,8.906142,9.361764,8.9995575,9.006412,8.723502,9.513149,10.355344,9.121005,9.282596,8.751751,7.662303,10.141826,9.84872,10.930022,11.519309,11.755059,11.372517,11.529018,11.697031,10.23691,11.3192425,10.935041,10.951035,9.719674,9.740256,9.634504,10.036619,9.860862,11.004652,9.307156,9.101127,9.2780075,8.63626,10.155143,7.851359,8.063646,8.7209,9.832168,10.148907,10.731917,9.362624,7.976565,8.6230345,5.7650666,5.9178367,6.3397202,6.522109,7.3813376,7.88262,7.7388635,7.661427,6.657798,6.793872,5.9939528,7.9494815,7.4972486,7.4622703,8.224855,6.9548664,9.421253,9.416222,8.792004,8.664782,9.672295,9.005494,9.395067,9.076476,8.709909,9.192465,8.390516,8.848997,9.484654,9.683549,10.568102,9.68248
26,5.229993,6.794684,5.722841,6.023829,5.722937,4.1466846,6.4804463,5.095885,1.7901419,4.273377,5.3694654,3.300755,5.8162403,4.3584504,4.5885634,4.56393,5.7355127,5.7261586,5.855804,6.2993703,5.6241937,5.3533216,3.946433,5.0390887,5.3122973,0.91446316,0.0,3.0256357,5.289273,4.2411685,3.4236705,4.412463,8.96575,8.938095,9.420598,9.946104,8.453297,8.096372,9.074516,9.257534,9.368376,8.842221,9.555592,9.529801,10.82138,10.703687,10.501959,9.712043,9.788532,9.67852,10.867457,9.929807,8.382876,8.599989,9.081477,8.711105,8.898622,8.521932,9.3462515,10.262359,8.962512,9.128172,8.629512,7.5072217,9.924133,9.486702,10.742624,11.227714,11.479125,11.080243,11.33699,11.374874,9.96962,11.072136,10.730944,10.740353,9.420278,9.440034,9.347896,9.74366,9.48581,10.682376,9.048835,8.843351,9.443483,8.830277,10.296566,7.988671,7.6141124,8.351935,9.474707,9.759316,10.423796,8.977565,7.554347,8.28962,5.883718,6.0362434,6.4070153,6.5749636,6.964494,7.487553,7.328058,7.2553353,6.671646,6.803332,6.056896,7.9809885,7.0564923,7.014975,7.8165736,6.4611063,9.065034,9.062443,8.435015,8.438325,9.439634,8.794979,9.073309,8.861121,8.356181,8.85237,8.007337,8.857421,9.088751,9.300522,10.221886,9.29822
27,5.8697824,7.410535,5.5291853,5.216245,5.7635074,5.167843,6.0029006,4.988095,3.4737067,5.1713357,6.1288686,4.399305,6.577723,5.245861,5.526614,5.425298,4.7687993,5.0013,4.6722174,5.350914,4.4714866,4.1079698,1.7584362,3.5869744,2.507852,3.1964197,3.0256357,0.0,4.4128466,3.2951393,1.286153,3.456077,8.377569,8.348056,9.944694,9.612163,7.950778,7.9296317,8.48067,8.756048,9.604931,9.219572,9.843624,9.819748,10.318869,10.100488,10.269122,9.475704,9.456993,9.484023,10.396847,9.403411,7.5801373,7.9124904,8.267641,8.233421,8.794093,7.8992114,9.317927,8.80322,8.13428,8.295443,7.953969,7.4461465,8.494244,7.9929876,9.4065695,10.02488,10.246331,9.796854,10.134953,10.16724,8.479224,9.734438,9.408968,9.446205,7.898181,7.9215755,7.7757845,8.258087,9.320515,10.092428,8.91905,8.705302,8.954171,8.711469,9.656077,7.932251,7.4543104,7.4783525,9.456366,9.722253,9.83846,8.137246,7.4908047,7.454914,6.7768617,6.904362,7.278631,7.428195,7.6270223,8.266329,8.011846,7.909713,7.5527883,7.671718,6.9051456,8.644862,7.735515,7.714307,8.421693,7.227184,9.012439,9.00675,8.3678665,8.3893175,8.822994,8.701191,8.881061,8.675139,8.271065,8.703843,7.851997,8.099102,9.070808,8.664773,10.144041,8.689288
28,5.936771,6.32323,5.4076157,5.0445247,5.7453938,6.182124,6.1096864,5.160973,5.5056157,7.15535,7.681036,6.2625318,6.9775033,5.925228,6.1959567,6.0318565,6.0506816,6.3719316,6.01642,5.52816,6.2982416,5.7633667,4.6480875,5.7149844,5.00481,5.48816,5.289273,4.4128466,0.0,3.5366278,4.480557,3.7318301,9.229734,9.202062,10.620453,9.883473,9.541216,9.82002,9.315073,9.599524,10.251487,9.446832,10.264792,10.250514,9.726615,9.45851,9.631595,8.901731,10.529447,10.618863,10.900582,10.63775,8.620706,8.1377325,9.099458,8.188515,10.29863,8.694317,9.8775425,9.73789,9.324899,9.452792,8.980211,8.347082,8.351067,7.049489,9.532037,9.527724,9.45612,9.643348,9.480696,9.348414,8.6364,9.860711,9.548933,9.552114,7.143815,7.165653,7.816732,8.352239,9.907812,9.516375,10.264997,10.368593,9.521262,9.326214,10.158214,8.343433,9.353993,8.053204,10.903035,11.243641,10.415447,8.764134,9.301077,9.21659,7.8279095,7.8725133,7.8787384,8.214574,8.457932,8.359748,8.234202,8.577564,8.820929,8.975378,8.022934,8.618159,8.02401,7.9452925,9.559068,7.896035,9.330689,9.323698,8.6946,8.7996025,10.046313,9.882429,9.661959,9.805772,9.841068,8.945307,8.094949,9.684567,8.445965,7.9583263,9.589257,7.988101
29,6.870676,6.941206,6.5706015,6.215923,5.1073794,5.8379745,5.3928585,4.2471075,4.909347,6.7560916,7.1867595,5.658803,6.1394534,5.019127,5.3651586,5.0396404,5.356268,5.513413,5.1600175,4.3112826,5.375038,4.8635254,3.461748,4.6970778,4.1733103,4.529749,4.2411685,3.2951393,3.5366278,0.0,3.371738,2.1929944,8.498246,8.527811,9.829668,9.498714,9.042866,9.38059,8.539935,8.8236265,9.390556,8.84469,9.401087,9.393295,10.051608,9.832708,9.888994,9.232149,10.010226,10.045807,10.206669,10.144163,8.339385,7.663061,9.017565,7.8630095,9.743062,8.530833,9.103905,9.535703,8.790132,8.947251,8.670288,8.18682,9.293734,7.994628,10.379776,10.2341795,10.200157,10.5280695,10.212878,10.011965,9.632191,10.732666,10.436904,10.504029,8.251637,8.266917,8.994887,9.40586,9.111375,9.810994,9.780085,9.90814,10.098052,9.926676,10.72464,8.9636545,8.677135,8.727251,10.45108,10.693914,10.94117,9.387735,8.7261505,8.7255125,7.950274,8.045926,7.8331156,8.158353,8.474263,8.251792,8.282072,8.718895,8.021485,8.17301,8.191839,9.095548,8.605111,8.537142,9.23467,8.001455,9.845288,9.804981,9.213781,9.32863,10.040494,9.901774,9.762716,9.685131,9.32473,9.575592,8.716957,9.127251,8.75244,8.346015,9.905215,8.396031
30,5.944822,7.4855514,5.458329,5.393945,5.8201427,5.247294,6.5396743,5.6845455,3.8211744,5.8829913,6.4714603,4.8719974,7.0170846,5.7779126,6.0174756,5.7286696,4.829809,5.2126527,4.509884,5.2219872,4.8481417,4.111206,2.080781,3.7811437,2.712241,3.6478755,3.4236705,1.286153,4.480557,3.371738,0.0,3.5008538,8.784811,8.695503,10.391187,10.008094,8.291485,8.238434,8.8983135,9.221784,9.846132,9.443682,10.015327,9.990985,10.501589,10.201939,10.439591,9.791471,9.805499,9.793651,10.749684,9.693005,7.7208233,8.064805,8.695687,8.444455,9.228768,7.961247,9.218997,9.215872,8.305482,8.459168,8.156714,7.551572,8.441534,7.962104,9.435857,10.089376,10.218891,9.740651,10.291211,10.132676,8.8920965,10.092787,9.741245,9.612159,8.18765,8.215823,7.986447,8.532134,10.127073,10.742657,9.437293,9.4751835,9.822648,9.544322,10.329925,8.610711,7.727159,7.6846685,9.698678,10.07926,10.086965,8.388296,7.775541,7.9776616,6.9631457,7.093422,7.5605807,7.9799,7.735313,8.397308,8.081866,7.9507246,8.125449,8.260315,7.062138,8.804755,7.7798357,7.7376876,8.527772,7.238747,9.066043,9.078353,8.616176,8.471622,9.213672,9.125154,9.175664,8.949005,8.439663,8.718486,7.9350104,8.196709,9.41561,9.000121,10.505571,9.0551
31,6.564485,7.042463,6.2481065,5.889699,5.4009757,5.8371916,5.5392528,4.177662,4.4964843,6.40765,6.8915124,5.242085,6.48953,5.422281,5.4592357,5.2104917,4.824583,5.0359435,5.2141995,4.646696,4.9788384,4.3524365,2.8871264,4.2155247,4.1673546,4.6826334,4.412463,3.456077,3.7318301,2.1929944,3.5008538,0.0,8.758943,8.768815,9.979363,9.6047125,8.858087,9.146444,8.762721,8.815776,10.094452,9.302212,9.711337,9.705112,10.281736,10.158993,10.033051,9.325408,10.398069,10.44034,10.77828,10.555187,8.478336,8.043971,8.727769,8.159066,9.671482,8.423902,9.573732,9.677394,8.840794,9.021299,8.604913,7.9779787,9.308257,8.126331,10.437148,10.23604,10.434253,10.520283,10.376509,10.236276,9.614954,10.732409,10.105643,10.40056,8.202404,8.2222185,8.718533,8.979121,9.6039,10.085649,9.894997,9.935682,10.127976,9.9237995,10.644172,8.829897,8.940872,8.790542,10.540588,10.864478,10.947833,9.582281,8.791111,8.785116,7.762844,7.8662806,8.155707,8.329759,8.610033,8.432884,8.565172,8.836626,7.9409623,8.11455,7.851452,9.163376,8.684294,8.571086,9.330557,8.101699,9.789606,9.7177925,9.082962,9.255371,9.855764,9.695902,9.827674,9.452334,9.507119,9.648262,8.542399,8.907166,8.917516,8.433294,10.193976,8.703713
32,10.362571,10.111599,10.404247,9.892517,8.718798,9.2011385,9.503185,9.218405,9.084544,9.095688,9.000864,8.752401,8.789245,8.109486,8.187964,8.36523,10.130381,10.038337,9.932052,9.831022,9.487465,9.920316,8.581033,8.555721,8.694989,8.915672,8.96575,8.377569,9.229734,8.498246,8.784811,8.758943,0.0,1.8675313,5.290172,3.9449315,3.9323545,5.241819,2.7388127,2.9867818,6.2268867,6.3745637,7.4283366,7.42624,7.9208684,7.718357,8.003261,7.1315045,6.3426666,6.0581613,6.310038,6.2474437,5.441045,4.9080443,7.2973013,5.228428,5.221972,5.3362913,5.5380907,6.748306,5.119364,4.8796687,4.9020734,5.3951187,8.407858,7.7097692,8.739282,7.876718,8.234027,9.13799,7.313582,8.25837,8.237724,7.899528,7.4281573,7.8144765,7.822638,7.814134,8.619501,8.359322,8.188565,8.953175,8.969414,8.548202,7.9985957,7.7325854,7.334966,8.1030035,7.4015546,7.605265,8.021657,7.5235705,7.5927253,8.5041895,7.684705,7.7944508,6.625162,6.5801826,6.194552,5.6262913,7.8914084,7.95715,7.6223907,8.000023,6.0501847,6.032329,7.201394,6.795388,8.500578,8.503883,8.538963,8.261866,8.501904,8.210261,8.281063,7.802499,5.7498426,5.9531207,7.59742,6.099676,7.103019,7.7615323,7.519841,5.092193,6.913679,6.6822457,6.7133384,6.746556
