,0,1,2,3,4,5,6,7,8,9,10,11,12,13,14,15,16,17,18,19,20,21,22,23,24,25,26,27,28,29,30,31,32,33,34,35,36,37,38,39,40,41,42,43,44,45,46,47,48,49,50,51,52,53,54,55,56,57,58,59,60,61,62,63,64,65,66,67,68,69,70,71,72,73,74,75,76,77,78,79,80,81,82,83,84,85,86,87,88,89,90,91,92,93,94,95,96,97,98,99,100,101,102,103,104,105,106,107,108,109,110,111,112,113,114,115,116,117,118,119,120,121,122,123,124,125,126,127
0,0.0,6.183754,5.0191364,5.5651417,8.984555,8.736163,8.032322,7.810879,6.877622,6.8723087,8.155567,7.1236877,8.204679,6.5964065,6.7450423,6.825901,5.7485795,5.670954,5.6615314,6.3157406,7.635145,6.3440104,6.705794,6.338074,6.223348,6.7495008,7.7452908,7.6137376,5.6467314,5.21054,5.4067926,5.5307236,7.904267,7.154329,5.050963,5.957451,5.365977,7.483565,6.514245,6.1008797,8.424265,7.3367605,7.669524,7.9454155,8.661299,8.430333,8.269519,7.892124,6.290019,6.8189254,6.038507,6.734576,5.078365,5.342,6.2439218,6.5148263,6.0606494,5.457424,5.326142,5.1475544,5.480924,5.637603,7.2783856,6.0061736,7.5239577,3.201203,5.752976,5.747541,7.1564255,7.397109,8.211369,8.230058,6.125635,7.5392575,6.933341,6.4926105,6.0833635,6.0594993,5.1170535,6.8583627,8.711938,8.259545,8.830581,5.9168897,8.775067,7.9562497,9.806292,7.923464,8.577281,9.06804,9.24964,9.681737,8.492774,9.4788065,9.060731,9.2340765,6.9838815,7.586414,6.673991,6.8902855,6.9574947,7.302673,6.0659237,6.875603,5.854734,5.872974,6.9215527,6.4234843,5.8396106,6.3499856,5.602882,5.882331,6.085616,6.562944,6.242759,5.849185,6.570045,6.2085333,6.963961,6.4740834,5.304931,6.6078963,6.629631,5.2002606,5.941987,5.1934056,6.8311415,6.9523573
1,6.183754,0.0,5.317666,5.3669252,7.2284846,8.238783,6.1958094,5.215547,4.6483345,4.557704,6.10831,4.7956686,5.6872473,3.1281736,5.6014404,4.8404484,3.8054686,3.6638417,3.6641107,5.346038,4.974481,2.731507,3.9275362,3.8154047,3.413199,3.4008048,5.7105446,6.2369614,5.0028086,4.5636935,4.982043,5.074194,6.1573777,3.9324484,3.3483977,3.4546363,3.1917653,5.3449044,4.3777995,3.4381614,7.037767,7.0873547,5.172228,5.0425124,5.679042,5.8388014,6.4326425,5.868635,5.6521635,4.8494973,7.0002465,4.1253457,3.0290978,3.991618,5.1537375,2.7675607,3.030251,4.3929276,4.2529593,4.1070914,3.792439,3.5920997,4.5819554,3.293377,8.231571,5.1991653,3.6676583,3.8786247,6.273186,5.6353498,7.241037,7.2505746,3.6692472,5.6848774,4.742867,3.95536,4.8393583,4.775435,3.5834131,3.7378309,6.6655188,7.5817475,7.7761106,4.4987054,7.9699388,7.017744,7.841712,6.4949822,6.910055,7.913883,7.4392176,7.677102,7.2754188,8.012814,7.902137,7.1094637,4.049844,5.8733387,4.1526017,4.583475,3.6491926,4.2678604,3.0890727,4.581014,4.378294,3.8067048,5.0093946,3.5316777,4.4765635,4.051734,3.1926925,3.1313412,3.1307971,5.2866607,4.045582,4.0626082,4.7011247,3.315246,5.8747096,4.2127085,5.1173177,3.2675562,3.3222814,5.120682,6.7658195,5.3916316,3.5294337,3.8309114
2,5.0191364,5.317666,0.0,1.0886089,7.949412,8.222709,5.6615796,6.178871,4.4236846,4.4666424,5.7045274,4.646704,5.940213,4.921844,5.7328167,4.212516,4.9054046,4.795416,4.8139167,4.349945,5.9033337,4.2443404,4.6819515,5.767258,4.5491757,5.1292768,6.973351,6.9763494,4.451639,3.5564437,3.5271943,3.701019,7.126554,6.140045,5.3390274,5.204734,5.5120096,6.9500847,5.6815896,6.5292735,8.400599,7.268523,6.514151,6.7429695,6.376924,7.238045,7.690833,7.427772,6.3153605,6.1166196,5.2383966,5.2829227,5.2528358,5.867967,6.6450324,4.335121,4.8460236,6.0306826,6.649569,6.313682,4.8573003,5.0133047,6.441752,5.0718684,6.6898575,3.2039478,5.226012,5.643416,7.8068714,7.09478,7.2960677,7.2964597,5.92749,7.4830475,6.676033,6.1617527,6.7632,6.6438155,5.153004,5.204011,7.2519875,8.757338,9.041445,5.8309402,8.859715,8.153617,8.850481,7.75069,8.6152725,9.935899,9.516953,9.660792,8.707251,8.9000225,9.655678,7.997141,4.9986205,4.8431664,5.436551,5.602186,5.192105,5.5639853,5.228037,6.7170367,6.708202,5.3651414,6.800602,4.6593885,6.432572,6.1229463,5.9292016,5.6239214,4.6430182,4.9535728,6.0698376,5.6748724,6.3460984,6.1747518,5.8148446,5.7666273,4.9856067,5.759743,5.78074,4.987396,4.1110735,4.4515944,5.908161,6.382707
3,5.5651417,5.3669252,1.0886089,0.0,8.1484785,8.731345,5.5851774,6.1200213,4.693592,4.6498737,5.728779,4.7969503,5.957294,4.9826155,5.907178,4.3473735,5.5010843,5.3736153,5.390885,4.9982657,5.9488573,4.2701406,4.631507,5.7368054,4.810278,5.355523,7.3161645,7.393505,4.5924973,3.7276273,3.6267684,3.7809312,7.3324103,6.174361,5.6319027,5.381448,5.786386,7.0226097,5.703976,6.7470164,8.56441,7.5482244,6.4588466,6.6963706,6.2280984,7.151175,7.6228995,7.3551745,6.6690755,6.0279217,4.960565,5.1424656,5.5745096,6.2838564,6.839724,4.194129,4.763169,6.3927736,6.921522,6.6225657,5.3656034,5.39856,6.2866535,5.067518,6.631789,3.8243508,5.6039166,6.072658,8.148866,7.132461,7.357296,7.353214,6.2607536,7.8045335,6.952512,6.482825,7.1443357,6.9803586,5.708127,5.2768707,7.480836,9.186236,9.369748,6.399458,9.239186,8.624932,8.951066,8.062784,8.934675,10.287437,9.640716,9.784532,9.109796,9.266407,10.0375805,8.178527,4.984437,4.8687916,5.4348307,5.7114882,5.0996985,5.4369063,5.287572,6.652695,6.728015,5.741945,6.8352275,4.8323054,6.700702,6.1527042,6.1217184,5.7493973,4.703183,5.0425467,6.1128917,5.796189,6.2777014,6.1954527,5.8900523,5.757783,4.965696,5.7584977,5.8042693,4.920421,3.89641,4.4332943,5.905151,6.2492805
4,8.984555,7.2284846,7.949412,8.1484785,0.0,3.9073536,5.8528852,5.281193,6.4166737,7.5088425,8.237703,7.3410897,7.6535006,6.963637,7.5985126,7.8062286,6.611891,7.068342,7.0470414,7.4529176,5.1598682,6.6072845,7.736776,7.650699,5.2277117,5.3732953,7.544794,8.303709,5.3154373,6.2934546,7.0709987,6.868628,5.924569,7.392425,6.9734397,6.7812304,7.827555,6.3534203,8.747656,8.793296,7.5602164,7.139508,8.633602,8.618761,9.282371,8.205257,5.882485,5.4434633,9.173242,8.525464,9.273318,7.867949,7.2394633,5.8416357,8.849852,7.56864,7.5352244,8.354679,8.41746,8.25384,7.65355,7.647739,8.436069,7.5887785,7.245463,7.7996583,7.434797,7.3937798,6.133132,5.754497,6.3609486,6.365764,6.5145597,5.137146,8.047229,7.7820773,7.5336447,7.9956656,7.0314703,6.463181,1.9786105,3.549321,4.1417766,7.007791,4.1266036,3.3939607,3.7781985,5.696285,6.6131344,5.0737143,5.0248036,4.36899,3.0290833,4.321886,5.6237497,2.7305148,7.8182,8.43513,7.9494605,8.090694,7.447928,8.163159,7.487319,8.446584,8.649331,8.191158,8.409135,7.2865,8.783551,7.4517922,7.8820753,7.36953,6.7195106,7.3906617,7.2987742,7.437705,7.929945,7.575196,7.4467688,7.463732,7.5336757,6.861025,6.9479966,7.891772,8.13054,7.623787,7.4185934,7.694531
5,8.736163,8.238783,8.222709,8.731345,3.9073536,0.0,6.489024,6.7128654,6.6843147,7.7673616,8.598037,7.7696743,8.0336685,7.219548,7.7204747,7.9570994,6.624066,7.086492,7.040721,6.737466,6.726688,7.9338417,8.225205,8.859169,6.310877,6.5238247,7.5839076,7.727486,6.7590547,7.383416,8.118311,7.9119806,7.0705566,8.377822,7.021,7.9613304,8.128088,7.569336,9.193485,8.984791,7.927932,6.204483,9.695375,9.678054,9.867721,8.799192,7.3172026,6.9757433,8.760879,9.359812,10.101533,8.924883,7.5702705,6.3341603,8.948703,8.448044,8.41926,8.251843,8.524348,8.089841,7.4717765,7.6344037,9.543393,8.460204,7.602027,8.105871,7.8514667,7.67448,6.47269,6.8986793,6.3292694,6.3531904,7.2883215,5.883766,8.605002,8.40463,7.5925655,8.209998,7.204646,7.7379174,4.3246427,3.0849206,4.12755,6.7791486,4.2332344,3.3750813,5.9393663,6.2881083,7.1219025,5.9342155,6.5564837,6.7029257,3.847927,4.6503773,5.6395144,5.065517,8.407863,8.49026,8.664535,8.77716,8.599417,9.026566,8.1985,9.303684,8.511341,7.879612,8.975399,8.212731,8.642431,8.195201,8.166907,8.578309,7.7224784,7.743026,8.407956,8.514439,8.974604,9.010574,7.921979,8.580415,9.075421,8.370138,8.492204,9.281379,8.826535,8.993936,9.065092,9.228059
6,8.032322,6.1958094,5.6615796,5.5851774,5.8528852,6.489024,0.0,3.0456178,4.9841337,5.100927,6.517046,4.9992414,6.3440614,5.4911146,6.261898,5.4468555,6.6359806,6.585399,6.5603876,5.9379973,3.2764947,5.585864,5.575326,6.3360806,4.3645406,4.60955,7.6911597,7.658162,5.37249,6.0134807,6.50783,6.566238,7.7752986,6.6501513,6.165227,6.1202803,6.497883,4.7025514,6.424714,7.135243,6.6337767,4.673042,7.4183807,7.3819985,7.5732646,7.4416037,4.8769464,4.2938094,7.42796,6.5994797,7.930682,6.1976204,6.28878,5.4685287,7.36918,5.66889,5.623738,7.1018224,7.2550573,6.974558,6.4448447,6.4648504,6.964697,6.00934,5.5509195,6.8139563,6.4744177,6.7981553,5.907745,4.35645,4.029435,4.0373955,6.999589,5.9033775,7.706635,7.5274243,7.582494,7.4827046,6.5588894,6.293803,5.300576,7.1210556,7.470204,7.199273,7.285117,6.500102,7.0215416,8.331858,9.567333,8.591601,7.6376166,8.002269,7.1361856,7.710599,8.281656,6.1868563,6.0088005,5.477441,6.024702,6.3029284,6.0459313,6.408255,5.9685373,6.918416,6.9629197,6.612078,7.0589557,5.9897356,7.2254343,6.32169,6.9828167,6.2028694,5.7238364,5.373069,6.678111,6.196989,6.5320387,6.855698,5.835562,6.224501,7.445753,6.623676,6.626039,7.500037,6.4011207,6.986831,6.876533,7.0388265
7,7.810879,5.215547,6.178871,6.1200213,5.281193,6.7128654,3.0456178,0.0,5.5294685,5.839867,7.138473,5.74313,6.8197603,5.5068345,6.494296,5.672502,6.029154,5.9359603,5.906297,6.3924384,2.4706929,4.8172555,5.4570107,6.136014,4.0140905,4.112477,7.221036,7.911835,4.257436,5.321162,6.3305507,6.1058836,7.648878,6.260323,6.038718,5.741349,5.5138116,3.06592,6.241657,6.447851,6.1164308,5.743323,7.153597,7.1332073,7.3283033,6.9344177,4.4969335,3.8992875,8.059414,6.6055284,7.896475,6.040965,5.7836504,4.711445,7.04568,5.2680206,5.3866096,6.7485185,6.8615413,6.5718927,6.2354875,6.2311397,6.635821,5.6289005,5.8406425,6.415134,5.8884606,5.9851184,4.903245,3.3343997,4.641357,4.639593,5.924376,4.4883165,6.797184,6.783615,6.8000855,6.7392564,5.7806168,5.502731,4.5286975,6.6717515,7.0171466,6.444387,6.8673143,5.780174,6.3321996,7.983586,8.797877,7.6370807,6.5281854,6.733938,6.288604,7.1111536,7.3355117,5.8326855,5.209322,6.0579085,5.4031553,5.5664077,5.6289024,5.849014,5.362383,6.452039,6.797294,6.08599,6.2118444,5.150342,6.777805,5.8178277,6.4600587,5.229655,4.970742,5.8360076,5.8340683,6.214624,6.1112123,5.5927324,6.280681,5.9099483,6.4477077,5.4712186,5.4351373,6.458015,7.020718,6.304463,5.6868553,6.3479695
8,6.877622,4.6483345,4.4236846,4.693592,6.4166737,6.6843147,4.9841337,5.5294685,0.0,2.5236483,5.3819437,2.8234627,5.4041467,4.162509,4.516135,3.7178617,3.831955,3.9202485,3.9035182,2.807059,5.334582,3.0799127,4.670883,4.6052966,3.419147,3.7596686,6.23325,6.5316677,5.06769,4.175808,5.278461,5.1177497,6.2873483,5.588386,4.1581864,4.0596867,4.6380167,6.0668244,5.8475485,6.2927322,8.330369,6.307797,6.5907264,6.4794025,7.54378,6.871064,7.2434845,6.719619,6.3987837,5.4371605,7.4686036,5.1309466,4.615,4.7382236,6.1521254,4.3324456,4.798523,5.992213,5.985038,5.9177666,4.777378,5.0490274,6.199852,5.078967,7.991596,5.439111,4.402089,4.5935082,6.831915,6.17952,6.2703266,6.282031,5.2228723,6.7765603,6.8367114,6.1588864,6.002168,5.9127774,4.067382,4.7388415,6.287357,7.38509,8.026505,5.262736,7.7829933,6.8587904,7.909457,6.3549933,8.105128,8.991274,8.790946,8.7114315,7.3978367,8.16446,9.123259,7.1179676,5.048463,4.8218794,5.3855834,5.565676,5.2378445,6.213937,5.2897053,6.395584,6.2926574,5.6425843,6.177217,3.8738632,6.602,5.7740574,5.1904283,4.548985,3.8620238,3.2079086,5.03651,4.3491154,4.8640323,5.181817,3.917267,4.7567525,6.328842,5.1326833,5.068327,6.605266,5.330081,5.824902,5.1873226,5.7141843
9,6.8723087,4.557704,4.4666424,4.6498737,7.5088425,7.7673616,5.100927,5.839867,2.5236483,0.0,4.602228,1.5613985,4.8789086,4.5002337,4.5676923,3.451955,4.683214,4.5699553,4.4651065,3.5898342,5.5181756,3.841045,5.0077343,4.60846,3.8536196,4.158225,6.036011,6.0419436,5.7249637,4.9003344,5.268975,5.3347483,7.247094,5.4091935,4.643584,4.506962,4.795111,6.387275,5.800021,6.046443,7.580507,6.4317904,5.5773873,5.774454,6.5728965,6.360291,7.0528855,6.5314145,5.835516,5.0020447,7.3835983,4.8608956,4.8893967,5.160107,6.072867,4.5571966,4.3336153,5.7736807,5.562771,5.5639915,4.827031,5.1835933,6.0231686,5.3128114,7.891648,5.6094894,3.7322538,4.6527333,6.6136155,6.3444376,6.7094417,6.7205687,5.3624225,6.905632,6.401107,5.599864,5.4977055,5.220576,4.4195986,4.7574573,7.19395,8.318104,8.556301,5.1295652,8.737367,7.687299,8.40786,6.87835,8.643905,9.341167,9.347067,9.144728,8.218097,8.680882,9.485132,7.6598516,5.506032,5.3160725,5.7779975,5.945148,4.629114,5.944051,5.4159174,6.1793222,6.3005304,5.6988087,6.498292,3.4774108,6.3656526,5.9498,5.4069424,4.7480073,3.8282218,3.2786577,4.9150586,4.3839207,4.599336,5.617095,3.9503462,5.119179,6.76194,5.67603,5.597207,6.8609743,5.7112613,6.16651,5.26126,6.0122576
10,8.155567,6.10831,5.7045274,5.728779,8.237703,8.598037,6.517046,7.138473,5.3819437,4.602228,0.0,4.526459,2.2976635,6.080352,6.6231184,5.789243,6.665693,6.653217,6.621417,6.0320063,7.281402,5.976594,6.8560033,6.763646,5.6438975,5.6930356,4.4569564,4.292061,6.680487,5.9900203,4.9191546,5.0285625,7.8013167,4.8430095,6.2200994,6.306187,6.284887,7.9731154,6.8091874,7.215386,7.018604,8.026605,4.344094,4.2739515,5.366463,5.2885113,7.9848766,8.005585,8.068253,7.4823313,8.672267,7.2684474,6.7204432,6.8712015,8.227286,6.4033103,6.612964,7.974571,7.7546954,7.8471065,6.596812,6.883158,7.4078403,6.8648844,7.734175,6.709761,5.9583316,5.9985123,8.150806,7.6882243,8.01587,8.020724,5.7965217,7.038087,5.628762,4.98708,5.702965,5.4996667,6.750827,3.9514432,7.965714,9.284892,8.1864395,6.7880745,9.242459,8.299699,7.373675,6.30905,8.194315,8.917463,9.72169,8.463474,8.610418,7.847514,10.24081,8.104425,7.258611,6.9867783,7.415142,7.535944,3.9874601,5.329525,6.7636213,7.4844494,7.9116383,7.1124926,7.7532253,5.7158284,6.591712,7.044674,6.941249,6.2945175,5.833784,5.592775,6.843018,5.9963427,6.3514442,7.1607056,6.033013,6.3774977,7.497843,6.819542,6.826111,7.5322948,6.499953,6.9904294,6.61577,7.366383
11,7.1236877,4.7956686,4.646704,4.7969503,7.3410897,7.7696743,4.9992414,5.74313,2.8234627,1.5613985,4.526459,0.0,4.9182925,4.6137476,4.911108,3.6891227,4.8433037,4.7540708,4.6227026,3.7733066,5.5515795,4.0177627,5.023388,4.97042,3.7997222,3.825481,6.053264,5.881631,5.537618,4.80334,5.2069793,5.279219,7.025238,5.3881717,4.691574,4.4535933,4.8245935,6.329431,5.701185,6.0524325,7.7038355,6.639241,5.8511524,6.055959,6.4941854,6.316554,6.9084463,6.263668,6.0357285,5.379647,7.43619,5.0238724,5.0005193,5.158439,6.210929,4.4406257,4.2410955,5.8009534,5.5546665,5.6598682,4.8934183,5.168445,5.9412627,5.242702,7.892413,5.4527636,3.5409195,4.4547176,6.7496085,6.478448,6.7489343,6.7555685,5.383742,6.6555004,6.1234975,5.699687,5.3763804,5.169898,4.5340085,4.479964,7.013566,8.257662,8.511615,5.1059537,8.458708,7.4314413,8.139913,6.9539475,8.596453,9.290019,9.225882,8.915575,7.955184,8.428548,9.304946,7.2921076,5.5398684,5.166998,5.6987224,5.872348,4.7632675,5.873731,5.4770155,6.4319,6.596308,5.644312,6.5238276,3.4749565,6.26583,5.6980867,5.4264407,4.5328593,3.4671361,2.9757626,5.097894,4.5025706,4.4227405,5.471853,3.684387,5.021092,6.6599107,5.538859,5.457225,6.78084,5.651843,6.098142,5.167557,5.9654655
12,8.204679,5.6872473,5.940213,5.957294,7.6535006,8.0336685,6.3440614,6.8197603,5.4041467,4.8789086,2.2976635,4.9182925,0.0,5.186761,6.1481586,5.521668,6.4108047,6.4847836,6.4668097,6.136793,7.160128,5.819155,6.0175686,6.6375074,5.5578203,5.65585,3.9547558,3.89035,6.642414,6.074493,5.054843,5.170984,6.971134,4.3065004,5.975795,6.2896776,6.1586046,8.0588045,6.202928,6.668139,6.5650744,7.9085336,4.301252,4.159174,4.7588015,4.4086666,7.4494886,7.682552,7.8001504,7.2231216,8.671288,6.925567,6.2628455,6.3439317,7.973075,6.3201284,6.0345297,7.3150353,7.4888005,7.1493516,6.229982,6.4127645,6.8886647,6.192768,7.2194815,6.8706083,6.170511,6.160709,7.902831,7.2839084,7.4400725,7.443848,5.3475103,6.9120154,4.9499326,4.7169733,5.2578354,5.385435,6.5060053,3.6863382,7.2835655,8.60454,7.3979435,6.38314,8.610547,7.835688,6.799771,5.5735784,7.326664,8.213041,8.654938,7.8743935,8.110113,7.3104286,9.163589,7.6074953,6.6066856,6.3425627,6.588125,6.7414627,3.529773,4.2655354,5.746644,6.7642317,7.1936364,6.5858502,7.3296895,5.9564395,5.8605375,6.221792,6.959571,6.3321447,5.5083804,5.57714,6.3600225,5.889353,6.4447308,6.9329534,6.0266213,6.1538763,7.443484,6.369119,6.4926877,7.4331665,7.0453424,7.269638,6.597397,7.285108
13,6.5964065,3.1281736,4.921844,4.9826155,6.963637,7.219548,5.4911146,5.5068345,4.162509,4.5002337,6.080352,4.6137476,5.186761,0.0,4.958251,4.251953,4.508452,4.5852346,4.556381,5.0209336,5.5407314,3.8456514,2.0243714,4.868048,3.9012637,3.977668,6.2976046,6.026617,5.5037246,4.9510026,5.3029604,5.450599,5.2585135,4.102956,3.3102238,4.154184,4.235905,6.324864,3.6875298,3.7866516,7.5520916,6.6130867,6.087547,5.9792256,5.353927,5.311438,6.5223637,5.9818788,5.5464125,5.383624,7.0108185,4.667754,4.034237,4.432168,5.442713,3.1656003,2.992316,4.5672164,4.977254,3.9656055,4.258934,3.940727,5.0601115,3.5489502,7.2351036,5.656042,4.898921,5.079103,7.1055408,6.0546813,6.1108317,6.117194,4.9587107,6.609709,5.6467752,5.5812597,5.481475,5.894594,4.694099,4.674419,6.3061457,7.3143334,7.647718,5.119973,7.702615,7.0452,7.8184037,6.506347,7.2861238,8.402075,7.0160046,8.172258,7.3534036,7.979767,7.361835,6.865227,3.2155738,4.067516,3.3149781,3.8734508,4.383877,3.9724767,2.4576662,4.6243515,3.8184347,2.976058,4.648691,4.5538874,4.1862154,3.1526563,4.540009,4.680894,3.4638474,4.5854416,4.8713574,4.8357515,5.4028525,4.8419585,5.2172036,4.5763144,6.060733,4.3413053,4.630348,5.9238396,6.632325,6.2761364,5.5148134,5.340606
14,6.7450423,5.6014404,5.7328167,5.907178,7.5985126,7.7204747,6.261898,6.494296,4.516135,4.5676923,6.6231184,4.911108,6.1481586,4.958251,0.0,3.3936305,5.9211082,5.9679775,5.965964,5.6803713,6.5151134,5.0254965,5.1205735,4.3012543,5.6239133,5.8661737,7.2885294,7.543025,6.6719956,5.9551263,6.6006646,6.51696,5.9141126,5.137322,4.447349,4.513178,4.742164,6.2419624,4.7207146,5.8502784,7.0448503,5.9816527,5.805958,6.078127,7.4198294,5.454761,6.0501204,6.4332805,6.072288,3.239872,7.4405727,4.9293737,5.534216,4.681807,3.9761524,5.853689,4.9819283,5.2448473,5.3180265,5.3867283,6.690598,6.6399035,6.915904,4.9315724,7.091031,6.129486,6.1317825,6.8682666,6.047105,5.727824,5.636362,5.6239195,6.6553183,8.053069,7.538164,7.1724205,5.24176,5.135261,5.65031,5.6949196,7.56336,8.210544,8.545198,6.536555,7.820502,7.5232463,7.974208,7.2849264,8.971167,9.128506,8.561888,8.802486,8.291359,9.252476,8.754374,8.347294,6.543006,6.2906523,6.0858073,6.207963,6.457186,6.5166883,5.177024,5.902608,5.9249635,6.050727,5.4485993,4.507826,6.0441637,5.321319,6.400811,5.409052,4.317348,3.1942763,3.5057068,4.9292374,4.747443,5.2556543,3.2697053,4.234271,6.093361,5.0965934,5.1654778,6.414436,6.3044395,6.3543816,5.5673018,6.3596673
15,6.825901,4.8404484,4.212516,4.3473735,7.8062286,7.9570994,5.4468555,5.672502,3.7178617,3.451955,5.789243,3.6891227,5.521668,4.251953,3.3936305,0.0,4.7762804,4.623946,4.586515,4.112521,5.6743736,3.8995233,4.134845,5.3793397,4.443357,4.677989,6.32678,6.71069,5.5162935,4.7221627,5.370387,5.2560053,6.642202,5.393705,4.714175,4.696724,4.5031376,6.100032,4.5184064,5.7833996,7.7441144,6.7914104,5.705866,6.0157804,6.0178037,5.6842694,6.349727,6.6769867,5.4266534,4.266926,6.1006017,3.6880198,4.878178,5.127066,5.007499,4.314521,3.9862652,4.6394825,6.015407,5.4729304,5.2098193,5.2274528,6.3389187,4.050587,7.40364,5.3803916,5.214176,5.788648,6.9351273,6.6151357,6.695427,6.687058,5.743745,7.357027,6.891477,6.425842,5.6214595,5.30746,4.908347,4.9183187,7.348678,8.594316,8.948443,5.496676,8.199173,7.8316436,8.552407,7.9403954,8.759046,9.780755,9.34849,9.4281225,8.63442,9.023941,9.136382,8.181107,4.840905,4.3678975,4.886118,5.0828147,5.7685485,5.25609,4.9147263,6.8651314,6.0571456,5.107442,6.0904374,3.3291063,6.0486507,5.7505574,5.9320836,5.2610016,3.537074,3.4096217,4.888003,5.5919743,4.856004,5.467395,4.181579,5.442013,6.4480305,5.5141315,5.507022,6.67603,6.414165,6.542531,5.641686,6.5465674
16,5.7485795,3.8054686,4.9054046,5.5010843,6.611891,6.624066,6.6359806,6.029154,3.831955,4.683214,6.665693,4.8433037,6.4108047,4.508452,5.9211082,4.7762804,0.0,0.7268623,0.7982078,2.8880703,5.6628785,3.4214094,5.298152,5.549272,3.5492551,3.7627907,5.269434,6.0295334,4.61166,4.0597734,5.1349277,4.9571896,6.3708086,6.0668874,3.9542944,4.636362,4.090138,6.284884,6.2204247,5.581307,8.204954,7.040374,7.0844426,7.0310497,7.424047,7.5594816,7.6362886,7.240543,5.5459867,6.2192793,7.247931,5.135992,3.0131629,4.246176,5.9375,4.1879897,4.8119187,4.4262805,5.259827,5.029456,2.536359,2.9213655,6.1499734,4.55497,8.938934,4.3113623,3.5185044,3.3019593,6.4470844,6.8120427,7.8322763,7.8502,3.5544665,5.584149,5.4393477,4.5900593,5.14966,5.1786914,1.949998,4.508668,6.211023,6.3974357,7.2049336,2.7871964,6.8395934,5.8491435,8.161529,6.1098547,6.037694,7.892398,8.474511,8.341058,6.463861,7.1378107,7.8232574,6.9584613,5.0396166,6.0256,5.503227,5.701611,5.6289387,6.182735,5.086518,6.9606915,6.032779,4.5860753,6.8460097,4.240068,5.940928,6.0404286,3.8011298,4.64913,4.046044,5.5262156,5.4490347,5.4187083,6.0279446,5.0970893,6.30491,5.8077044,5.8636193,4.8805156,4.82097,6.164141,6.731246,5.896142,4.881435,5.5521255
17,5.670954,3.6638417,4.795416,5.3736153,7.068342,7.086492,6.585399,5.9359603,3.9202485,4.5699553,6.653217,4.7540708,6.4847836,4.5852346,5.9679775,4.623946,0.7268623,0.0,0.3267892,2.80592,5.6220436,3.3408086,5.2406735,5.4983544,3.6330123,3.8282385,5.355748,6.1091566,4.700831,4.141895,5.2207994,5.0446053,6.8439255,6.1328855,4.033529,4.697934,3.8369362,6.1278615,6.070936,5.3930173,8.1805725,7.0178967,7.026377,6.973796,7.34231,7.6135015,7.6872025,7.2937202,5.4637513,6.088725,7.198942,5.017324,2.8745615,4.3078876,5.7949114,4.0036974,4.6960993,4.282792,5.1368785,4.9375806,2.318613,2.7706492,6.070297,4.443708,9.004892,4.2094827,3.3299575,3.137024,6.4370613,6.7863307,7.8819275,7.900002,3.6545656,5.6585855,5.3887796,4.5382094,5.1988087,5.087375,1.7612773,4.570543,6.595025,6.8726273,7.638211,2.8677413,7.2682877,6.2441998,8.532706,6.607892,6.5382576,8.286242,8.820269,8.700415,6.919458,7.5627356,8.196568,7.3835588,4.9035764,5.913093,5.3848634,5.5821147,5.5696864,6.087626,5.0364933,6.90496,5.9574575,4.4523373,6.7771153,4.0595436,5.8196855,6.079315,3.6540067,4.4749026,4.004971,5.500652,5.4319496,5.4089665,5.9250855,4.9782896,6.34019,5.790472,5.8896813,4.9021773,4.802871,6.1497016,6.727228,5.8693256,4.758742,5.503854
18,5.6615314,3.6641107,4.8139167,5.390885,7.0470414,7.040721,6.5603876,5.906297,3.9035182,4.4651065,6.621417,4.6227026,6.4668097,4.556381,5.965964,4.586515,0.7982078,0.3267892,0.0,2.758438,5.626555,3.3917549,5.2225385,5.55456,3.5953913,3.7780309,5.3146234,6.034918,4.6527567,4.1007457,5.202402,5.014411,6.8802824,6.1432695,4.0254893,4.7233877,3.8143718,6.1373024,6.0960536,5.3748016,8.152051,7.0232835,7.0247426,7.012295,7.2769313,7.5411286,7.6588817,7.2187967,5.446659,6.1174517,7.166514,5.0125375,2.8984196,4.2972183,5.802767,3.992272,4.613505,4.2386894,5.053138,4.81991,2.2576354,2.7439895,6.0593553,4.503982,8.959864,4.195428,3.1045103,2.9610975,6.383219,6.7888794,7.8642826,7.882541,3.5808792,5.5712724,5.3218045,4.518709,5.0770006,4.991706,1.6587447,4.5565166,6.572418,6.8328505,7.6023726,2.627035,7.276058,6.210476,8.521242,6.5670447,6.528071,8.259199,8.784041,8.673288,6.8698263,7.5161405,8.11541,7.3256626,4.8476663,5.883669,5.3645597,5.5625286,5.5413594,6.079536,5.047642,6.896397,5.9221516,4.388067,6.7461853,3.9625924,5.7888823,6.0393844,3.6436994,4.465395,3.888345,5.416726,5.4047956,5.4333534,5.8354177,5.002556,6.253839,5.833439,5.9462423,4.957044,4.863689,6.173764,6.7414165,5.902314,4.801682,5.5554442
19,6.3157406,5.346038,4.349945,4.9982657,7.4529176,6.737466,5.9379973,6.3924384,2.807059,3.5898342,6.0320063,3.7733066,6.136793,5.0209336,5.6803713,4.112521,2.8880703,2.80592,2.758438,0.0,6.2258167,4.3412037,5.552668,6.206195,4.276445,4.5850053,5.8668656,6.0551133,5.452745,4.671662,5.658359,5.471449,7.522846,6.8726354,4.7303133,5.5278935,4.916163,6.9254565,6.610656,6.598182,8.75128,6.5496283,7.5956674,7.575268,7.8381906,7.918109,8.226314,7.827173,5.8170075,6.540305,7.5657945,5.767149,4.3588624,5.281642,6.4887366,4.887022,5.4693418,5.4237247,6.1160736,5.860877,3.5169442,4.093219,6.917725,5.539478,8.742316,4.8427343,4.167484,4.1692853,7.147024,7.324348,7.420838,7.441502,5.1868787,6.7147465,6.5915403,5.950834,6.0312147,5.893271,3.4195664,5.445624,7.1156545,7.4925127,8.2478485,4.1516557,7.8870873,6.9214516,9.055689,7.1167326,7.9089007,9.417471,9.8758545,9.772362,7.747132,8.173818,9.277733,7.958902,5.520271,5.199177,6.058647,6.220037,6.193652,6.7982845,6.0504827,7.6480227,6.665926,5.3641877,7.3818483,4.704994,6.6430187,6.844376,5.0600767,5.5739636,4.730767,4.6537876,6.2891383,5.8665276,6.1989236,6.346316,5.597,6.3256574,7.081032,6.285795,6.2027364,7.2963037,6.1358895,6.599523,6.1736164,6.7733107
20,7.635145,4.974481,5.9033337,5.9488573,5.1598682,6.726688,3.2764947,2.4706929,5.334582,5.5181756,7.281402,5.5515795,7.160128,5.5407314,6.5151134,5.6743736,5.6628785,5.6220436,5.626555,6.2258167,0.0,4.549241,5.736109,5.612243,3.1918807,3.3824594,7.5291257,8.056673,4.46204,5.406984,6.097021,6.200165,7.0674186,6.2168345,5.8072324,5.0245647,5.8655787,3.0990038,6.3572307,6.5244393,6.475788,5.6338134,6.9781265,6.976445,7.5765166,7.7155585,4.3433967,3.66186,7.0613785,6.125037,7.576996,5.40603,5.6296954,4.6778708,6.930592,5.0672545,5.25933,6.471047,6.7803955,6.675014,5.9808197,5.9560294,6.4121985,5.4119577,6.7272563,6.35819,5.799906,6.1647053,5.0251555,3.9786112,5.571722,5.574037,6.0604305,4.7682567,7.313203,6.667447,7.1848774,7.0426874,5.7048435,5.7754006,4.4204907,6.4941583,7.1335526,6.4728003,6.6294994,5.697435,6.521829,8.072157,8.6622095,7.514328,6.785227,6.865559,6.1805797,7.1585507,7.3366046,5.2368956,5.790017,6.500692,5.841117,6.0124483,5.912181,6.407171,5.5947776,6.8329873,7.051309,6.2273674,6.94389,5.026307,7.2677693,6.210275,6.2571254,5.313676,5.274069,6.2123837,6.104761,5.8152494,6.394064,5.777914,6.570196,6.0353365,6.4871097,5.6409163,5.551804,6.708989,7.1642513,6.374752,5.5626454,6.1333537
21,6.3440104,2.731507,4.2443404,4.2701406,6.6072845,7.9338417,5.585864,4.8172555,3.0799127,3.841045,5.976594,4.0177627,5.819155,3.8456514,5.0254965,3.8995233,3.4214094,3.3408086,3.3917549,4.3412037,4.549241,0.0,3.961989,3.71234,2.797214,3.0673,6.161277,7.020244,3.9482522,3.131404,4.358421,4.205938,5.9357243,4.754465,3.9879768,2.9764743,3.640701,5.114337,4.91527,5.222417,8.040212,7.293065,5.7427197,5.6462927,6.695568,6.502324,6.6688786,6.248816,6.385191,4.7508416,6.4120317,3.8937957,3.7373614,4.25859,5.66941,2.9161606,3.6750546,5.25046,5.53014,5.450975,4.3828254,4.401976,4.96067,3.5934477,8.041333,4.6464186,4.0236864,4.1466374,6.6725106,5.763558,7.032175,7.0328374,4.211331,6.243666,5.9308343,5.1682587,5.698465,5.4978395,3.511124,3.6873446,6.179995,7.7556734,8.273122,5.007732,7.932071,7.0812335,7.758636,6.6905766,7.5842094,8.672574,8.15994,8.059604,7.458219,8.2890835,8.781261,7.0267663,3.9340305,5.0822353,4.187485,4.433262,4.314173,4.9802527,4.0155787,5.6032863,5.823886,4.977865,5.4790297,2.7833488,5.990814,4.9372153,4.3828998,3.100678,2.8248618,4.2865667,4.1142697,3.890262,4.393146,3.2669291,4.941871,4.098712,4.6143694,3.3917282,3.2739432,4.9293165,5.629268,4.594177,3.2669218,4.274904
22,6.705794,3.9275362,4.6819515,4.631507,7.736776,8.225205,5.575326,5.4570107,4.670883,5.0077343,6.8560033,5.023388,6.0175686,2.0243714,5.1205735,4.134845,5.298152,5.2406735,5.2225385,5.552668,5.736109,3.961989,0.0,5.216836,4.490207,4.6336,7.366204,7.1637096,5.529097,4.9649606,5.5522246,5.6654344,5.9441705,4.791678,4.390579,4.461502,4.487656,6.363711,3.137915,4.081997,8.238261,7.300866,6.6439486,6.606809,5.723207,5.780176,6.8628726,6.39826,6.343608,5.5381284,6.789074,4.8637176,4.7931423,4.8638906,5.739575,3.4990208,3.1083906,4.9552875,5.6447926,4.427957,5.025314,4.761855,5.193819,3.6567352,6.969432,5.5424237,5.5235534,5.7145147,7.6591353,6.267443,6.1375337,6.132043,5.825117,7.4417048,6.294113,6.5700316,6.29737,6.626201,5.2034154,5.3568273,6.8658843,8.445153,8.951453,5.9768534,8.677963,8.030582,8.6540165,7.813692,8.6882715,9.57464,7.6085467,9.05902,8.417895,9.166804,8.146704,7.7490125,2.3205054,2.982737,2.1408753,2.5696852,4.912468,3.8834796,2.1476936,4.6543446,4.569562,3.211645,4.303741,4.613912,4.5627265,3.0755875,5.639047,4.7675285,3.6053169,4.5505757,5.0676494,5.162635,5.5659814,4.771798,5.21043,4.708464,5.917216,4.5643053,4.8052197,5.6777577,6.6643314,6.1395664,5.7449965,5.933763
23,6.338074,3.8154047,5.767258,5.7368054,7.650699,8.859169,6.3360806,6.136014,4.6052966,4.60846,6.763646,4.97042,6.6375074,4.868048,4.3012543,5.3793397,5.549272,5.4983544,5.55456,6.206195,5.612243,3.71234,5.216836,0.0,4.8329234,5.0274405,7.703643,8.047615,6.289395,5.664958,6.2127066,6.367637,6.3481374,4.7816076,3.9700296,3.1265738,4.2406545,5.465422,4.994853,5.0386395,7.336556,6.3420906,5.685696,5.590119,7.8445854,6.848737,6.5159316,5.9454737,6.2944922,3.1008658,7.716405,4.7994084,4.6628304,4.460379,4.6247134,4.7243457,4.449964,5.6951823,4.298785,5.278236,6.0505676,5.9484944,5.2057824,4.5414505,8.212764,5.8008842,5.099692,5.8849363,6.033666,4.9834723,6.4783483,6.4807563,6.0930123,7.587644,6.89888,6.113701,5.8638086,5.606632,4.9673667,5.2893353,7.5543213,8.396983,8.800398,6.617697,8.615185,7.801172,8.239725,7.1311264,8.787316,8.887661,8.274307,8.414896,8.199745,9.515849,9.299821,8.036148,6.338234,7.0796328,5.8908567,6.1711526,5.1538363,6.475067,4.5175734,4.1134624,5.4794536,6.070446,5.3562884,4.4355063,6.015775,4.7532897,4.749288,3.549073,4.266879,4.563098,2.947579,2.6637254,4.4463043,3.4438694,4.7586274,2.5208423,4.698284,3.4151433,3.3600998,5.00085,5.5276237,4.657642,3.1827078,3.7216632
24,6.223348,3.413199,4.5491757,4.810278,5.2277117,6.310877,4.3645406,4.0140905,3.419147,3.8536196,5.6438975,3.7997222,5.5578203,3.9012637,5.6239133,4.443357,3.5492551,3.6330123,3.5953913,4.276445,3.1918807,2.797214,4.490207,4.8329234,0.0,1.0178906,5.522504,5.895675,3.2287939,3.3247259,3.9811838,4.1314774,5.4761634,4.645332,3.812061,3.1729507,4.3029337,4.5082107,5.237849,5.26138,7.1061587,6.3096495,5.7365866,5.696678,6.5304914,6.540503,5.4734473,4.865757,5.8154216,5.713462,6.501381,4.4124923,3.8345692,3.491587,6.26073,3.6957963,3.895343,5.1598105,5.6610556,5.277749,4.0209618,4.136839,5.426108,4.0782156,7.153421,4.8060904,3.9214206,3.804223,5.821183,5.3105917,6.4217157,6.433235,3.761075,4.4172287,5.707444,4.859731,5.451574,5.412344,3.7439733,3.8906069,4.741193,6.1247287,6.7026577,4.563538,6.4611297,5.4451504,6.542959,6.190161,7.0090847,7.0866737,6.927451,6.780789,5.7779984,6.609539,7.238606,5.2219343,4.407059,5.1033754,4.4356217,4.6603093,4.442035,4.9915633,4.4331136,6.2688365,5.8534985,4.7620177,5.973918,3.508585,5.793665,4.9890585,4.641307,3.715517,3.5614655,4.6792173,5.2302814,4.142731,4.764246,4.4663286,5.1122932,5.082069,5.712979,4.71875,4.645494,5.9693108,6.3192897,5.5985985,4.7968354,5.289589
25,6.7495008,3.4008048,5.1292768,5.355523,5.3732953,6.5238247,4.60955,4.112477,3.7596686,4.158225,5.6930356,3.825481,5.65585,3.977668,5.8661737,4.677989,3.7627907,3.8282385,3.7780309,4.5850053,3.3824594,3.0673,4.6336,5.0274405,1.0178906,0.0,5.5229053,5.8328986,3.6943,3.818857,4.4498186,4.589008,5.465152,4.513798,3.8390932,3.1885614,4.2405066,4.424217,5.16546,5.0797267,7.1360683,6.5033956,5.8202443,5.727294,6.453048,6.4609494,5.4788227,4.800787,5.9547315,5.8910723,6.97481,4.6110477,3.985746,3.6216323,6.268917,3.644541,3.9837685,5.219651,5.628388,5.3731346,4.2007594,4.233241,5.4539804,4.1198487,7.574038,5.1922956,3.9204292,3.761579,5.9289217,5.4725223,6.621312,6.630648,3.8590217,4.250487,5.5765014,4.8780885,5.3735943,5.3473306,3.9492624,3.7936437,4.881784,6.2572994,6.7912974,4.6633654,6.406336,5.389358,6.4778724,6.370664,7.036627,7.082986,6.9198446,6.661509,5.710786,6.552122,7.178517,5.1692824,4.570487,5.3154263,4.544887,4.771412,4.5979395,5.0130196,4.538281,6.4214973,6.0013256,4.682861,5.964054,3.5267837,5.6987667,4.8989463,4.55877,3.5917666,3.524078,4.8173413,5.369771,4.3474813,4.7643886,4.355584,5.2301865,5.077026,5.957084,4.631184,4.548717,6.222855,6.7468615,5.931403,4.7174263,5.2421336
26,7.7452908,5.7105446,6.973351,7.3161645,7.544794,7.5839076,7.6911597,7.221036,6.23325,6.036011,4.4569564,6.053264,3.9547558,6.2976046,7.2885294,6.32678,5.269434,5.355748,5.3146234,5.8668656,7.5291257,6.161277,7.366204,7.703643,5.522504,5.5229053,0.0,2.7511833,6.18924,5.9040947,5.2916627,5.117996,7.474839,5.414182,5.927867,6.734809,5.8563824,8.015764,7.29981,6.8639026,6.845975,8.480596,5.2467666,5.1532183,6.061004,5.7515836,7.838898,8.216143,7.586176,8.135463,8.757956,7.152056,5.419364,5.9090977,8.059426,6.789139,6.660007,6.6814775,7.3568144,6.9814615,5.314408,5.6522,7.8238635,6.384917,8.705462,6.62648,5.630265,4.880258,7.4569097,7.9847646,8.904914,8.922186,3.4049468,5.282148,4.096836,3.3226895,4.3034415,4.188319,5.444266,3.6280203,7.3699207,7.5132623,6.350463,4.793679,7.50865,6.684912,6.985919,5.157516,5.4934025,6.8416367,8.803888,7.334332,7.009652,6.037968,8.443291,7.6218605,7.1557193,7.620241,7.230635,7.3776107,4.961555,5.3247485,6.7185187,8.279307,7.4679594,6.6837373,8.078278,6.087215,6.0142612,7.296632,6.252321,6.31699,5.861047,6.7821727,6.9632072,6.721723,6.665827,6.957356,7.258718,7.376395,7.870954,6.8778987,6.8712034,8.041412,8.465067,7.9647274,6.891765,7.556695
27,7.6137376,6.2369614,6.9763494,7.393505,8.303709,7.727486,7.658162,7.911835,6.5316677,6.0419436,4.292061,5.881631,3.89035,6.026617,7.543025,6.71069,6.0295334,6.1091566,6.034918,6.0551133,8.056673,7.020244,7.1637096,8.047615,5.895675,5.8328986,2.7511833,0.0,7.0375576,6.681582,5.66119,5.8704457,7.493419,5.327374,5.793813,6.9221168,6.3111877,8.689544,6.941088,6.4394007,7.0246553,8.183047,5.6365237,5.5342574,5.7873063,5.885878,8.187616,8.30461,7.0605483,8.532856,9.12039,7.6691194,5.7672787,6.109847,8.15279,6.9975004,6.6125503,6.680439,7.118726,6.587035,5.3247833,5.628498,8.067181,6.659723,8.526015,6.7970824,5.8453856,5.241462,8.021474,8.446935,8.7524185,8.775787,4.535615,5.9773364,4.2705717,4.019807,4.689037,4.8246813,6.0434666,4.684472,7.969128,7.9078374,6.852755,5.315915,8.033273,7.186683,7.7110615,5.7085147,6.4624624,7.4101286,8.93215,8.129065,7.4970417,6.6265125,8.445654,7.888717,7.320703,7.2566752,7.2007585,7.34836,5.1650558,5.351447,6.6266956,8.087519,7.156532,6.176543,7.953349,6.7268944,5.229023,6.876478,6.4762936,6.7001796,6.2868824,6.7299895,7.5787926,6.7114573,7.0284467,7.59241,7.175284,7.485257,8.509328,7.50997,7.56146,8.530306,8.583452,8.477247,7.8511443,8.04159
28,5.6467314,5.0028086,4.451639,4.5924973,5.3154373,6.7590547,5.37249,4.257436,5.06769,5.7249637,6.680487,5.537618,6.642414,5.5037246,6.6719956,5.5162935,4.61166,4.700831,4.6527567,5.452745,4.46204,3.9482522,5.529097,6.289395,3.2287939,3.6943,6.18924,7.0375576,0.0,1.9277887,3.3458557,2.8966615,6.376676,6.0696487,5.295795,4.878865,5.2228107,5.2141933,6.44746,6.7213435,7.7960844,7.5115457,6.812575,6.998888,7.2381387,7.093277,6.1232586,5.700233,7.5202684,6.995164,5.4315886,5.5074286,4.952074,4.64794,7.2857738,4.827575,5.0835285,6.236413,6.818897,6.3454223,5.187995,5.280357,6.4297113,5.1437535,6.3146477,3.9472845,4.9826646,4.591214,6.467778,5.9081764,7.032723,7.035233,4.232402,4.6790447,6.1239157,5.80027,6.0894647,6.118828,4.665953,4.411737,4.909336,6.423976,6.8910847,5.1536064,6.6808925,5.796521,6.6087093,6.592831,7.082208,7.3762283,7.1278462,6.755129,6.0062103,6.6695685,7.560628,5.728097,4.8612156,5.8789387,5.139223,5.3372955,5.3430867,5.5762634,5.486699,7.2040706,6.839316,5.889927,6.560327,4.5589743,6.714491,5.898052,5.766184,4.768342,4.250524,5.580113,5.89726,5.7020264,5.518854,5.14531,6.0334015,6.113347,4.817374,5.330791,5.297209,4.9900746,5.751444,4.73078,5.5162587,6.112336
29,5.21054,4.5636935,3.5564437,3.7276273,6.2934546,7.383416,6.0134807,5.321162,4.175808,4.9003344,5.9900203,4.80334,6.074493,4.9510026,5.9551263,4.7221627,4.0597734,4.141895,4.1007457,4.671662,5.406984,3.131404,4.9649606,5.664958,3.3247259,3.818857,5.9040947,6.681582,1.9277887,0.0,2.5753856,1.9695864,6.0530744,5.568796,4.662259,4.2050977,4.5847125,5.969556,5.9032617,6.3548074,8.408101,7.895755,6.2966585,6.483844,6.917392,6.6663895,7.016031,6.643709,7.1269813,6.4225745,5.0460496,5.0883293,4.6384983,4.8258033,6.856075,4.2943697,4.7087173,5.952548,6.4852557,6.0557423,4.859336,5.0089073,5.985955,4.768703,6.9537086,3.369621,4.509089,4.13927,7.185424,6.616816,7.494379,7.4952245,4.062315,5.8439417,6.0167193,5.534748,5.677946,5.686509,4.2068367,3.931505,5.9974413,7.3331704,7.7409077,4.933996,7.565918,6.736733,7.406461,6.317547,7.161221,8.27188,8.065182,7.7087626,6.9891205,7.568198,8.4918375,6.7346487,4.4717283,5.330143,4.8070335,5.0089245,4.935468,5.268182,5.1467295,6.881096,6.4895363,5.523957,6.1876035,3.8363445,6.3902893,5.604835,5.3320312,4.3267035,3.6162002,4.7356467,5.394566,5.055903,4.873924,4.6679807,5.2606573,5.543926,4.446339,4.953548,4.9307313,4.634132,5.048818,4.2580233,5.062645,5.8202043
30,5.4067926,4.982043,3.5271943,3.6267684,7.0709987,8.118311,6.50783,6.3305507,5.278461,5.268975,4.9191546,5.2069793,5.054843,5.3029604,6.6006646,5.370387,5.1349277,5.2207994,5.202402,5.658359,6.097021,4.358421,5.5522246,6.2127066,3.9811838,4.4498186,5.2916627,5.66119,3.3458557,2.5753856,0.0,1.1931818,6.0548854,4.977578,5.258991,4.7964544,5.5903482,7.1216073,6.0102677,6.5587,7.99517,8.457602,5.1292295,5.3997865,5.756803,6.251547,7.1920757,7.1144896,7.0083494,6.9376526,5.0713863,5.512882,5.229266,5.5814857,7.5591073,4.98246,5.040366,6.410244,7.0601234,6.5927143,5.2170053,5.334621,6.28964,5.0956554,6.7769246,3.8405488,5.219259,4.9838176,7.9213853,7.410262,8.27083,8.272609,4.2314434,6.2179027,5.4944353,4.769258,5.773065,5.750939,5.3404074,3.6565962,6.642406,8.031702,7.756784,5.56615,8.096621,7.429572,7.2829137,6.12635,6.8966894,8.132261,8.3280525,7.6888967,7.5486236,7.4467816,8.789902,6.8781743,5.444966,5.922648,5.504473,5.7062325,4.202482,4.5598564,5.420802,7.133218,6.923157,5.963496,6.967481,4.7885203,6.226041,5.953074,5.99057,5.187625,4.593363,5.629493,6.188936,5.2827244,5.6697297,5.7153025,6.0797043,6.1008277,4.975973,5.718741,5.748748,5.0932493,5.4979467,4.875375,5.8443813,6.3463063
31,5.5307236,5.074194,3.701019,3.7809312,6.868628,7.9119806,6.566238,6.1058836,5.1177497,5.3347483,5.0285625,5.279219,5.170984,5.450599,6.51696,5.2560053,4.9571896,5.0446053,5.014411,5.471449,6.200165,4.205938,5.6654344,6.367637,4.1314774,4.589008,5.117996,5.8704457,2.8966615,1.9695864,1.1931818,0.0,6.3218446,5.2704725,5.3424115,5.034807,5.386971,6.9776077,6.2795167,6.794391,8.08751,8.511595,5.441704,5.708604,6.034679,6.133808,7.3199363,7.2526593,7.4743304,7.0521655,5.1545854,5.675511,5.2762647,5.622085,7.571322,5.0344114,5.2765136,6.575965,7.170155,6.724721,5.3374085,5.496044,6.496314,5.3044386,6.765076,3.82302,5.153874,4.780131,7.801361,7.31233,8.170091,8.170557,4.0501037,6.066274,5.542131,4.9475265,5.6242146,5.6019907,5.175838,3.4858205,6.535989,7.907427,7.645643,5.384828,7.995592,7.2754507,7.176012,5.9804873,6.7925367,8.146838,8.38485,7.606433,7.4192247,7.3218026,8.848023,6.993652,5.3131914,5.9683566,5.5823045,5.775593,4.3965836,4.763046,5.627356,7.282728,7.0040445,6.090383,6.862519,4.610532,6.4179063,6.1333265,5.975652,5.169087,4.412887,5.4674826,6.0396237,5.5773616,5.5199504,5.606202,5.9580307,6.150156,4.8678627,5.625867,5.648062,4.980316,5.3507895,4.7307982,5.7293277,6.388015
