,0,1,2,3,4,5,6,7,8,9,10,11,12,13,14,15,16,17,18,19,20,21,22,23,24,25,26,27,28,29,30,31,32,33,34,35,36,37,38,39,40,41,42,43,44,45,46,47,48,49,50,51,52,53,54,55,56,57,58,59,60,61,62,63,64,65,66,67,68,69,70,71,72,73,74,75,76,77,78,79,80,81,82,83,84,85,86,87,88,89,90,91,92,93,94,95,96,97,98,99,100,101,102,103,104,105,106,107,108,109,110,111,112,113,114,115,116,117,118,119,120,121,122,123,124,125,126,127
0,0.0,4.452406,6.7626047,7.5247984,4.8391237,4.3079185,4.6757817,5.202864,9.158903,9.645915,9.548894,9.501716,8.77509,7.458563,8.708788,8.075956,7.4732738,7.4243054,5.6991067,7.515828,7.309337,8.496813,7.3023157,8.291008,7.2224255,8.00794,9.381765,9.381765,10.2069845,10.052492,7.855106,6.8787174,9.859423,6.518847,7.8604045,8.585652,8.06301,8.258998,5.296234,6.0487123,8.633516,8.172754,9.113852,9.320533,9.197161,9.394146,7.5062656,10.489922,8.074229,8.058368,6.7124496,6.8356776,8.296342,6.675737,6.7345943,7.2249484,5.436567,5.436567,7.5215755,6.9816356,9.194748,7.4150934,8.641092,8.606146,7.9406753,7.7735324,9.602797,7.3877015,6.5608773,6.418145,6.9944854,6.6236267,7.0024967,8.729514,6.2264204,7.436821,6.1149173,5.0414095,5.9086456,6.1846204,8.548907,8.501612,8.45172,8.437564,8.543594,8.640654,8.252215,9.284586,6.766547,6.7733626,7.2299004,7.2299004,8.142728,7.88437,9.723981,9.828686,8.679705,7.221602,6.9948487,7.5644035,6.950266,6.696712,6.9496374,7.334783,7.852185,6.666107,6.5230026,6.0963745,6.23577,5.788035,6.6251116,6.5422344,7.9810925,6.68721,6.2425413,6.439245,7.301814,6.337053,6.570371,6.547302,7.038964,7.5366025,6.46851,6.6989603,7.451446,7.4828205,7.8139315,7.5690284
1,4.452406,0.0,5.3073573,6.2663846,4.133611,3.403222,3.640282,4.4063945,7.539591,8.3628025,8.154097,8.113855,7.17115,6.7284617,7.06465,6.873851,5.903886,5.8697286,5.0267324,5.9542756,5.753824,6.81367,6.1456947,6.4406176,6.7172627,6.566613,8.945462,8.945462,8.990429,8.26773,5.5190797,5.6555524,8.630777,6.253152,5.9684877,6.9195466,6.211049,6.488884,5.4153867,6.2304997,7.9433084,7.2608476,8.241459,8.550226,8.3102455,8.4360695,6.3405614,9.640306,5.413008,5.406171,4.854069,5.0828514,5.6940646,5.4317346,5.4110594,5.621083,4.547647,4.547647,5.0287237,4.548885,7.557733,5.50988,6.108744,6.888292,7.7901907,7.786686,8.690043,6.6628103,6.5524426,6.04435,6.9754825,6.5719094,6.551016,8.349683,8.331656,7.4616714,6.4450006,7.6743994,6.2696567,6.3824496,7.448245,7.409346,7.337082,7.320658,8.729978,8.261292,8.086505,8.879507,6.848943,6.822681,6.9187026,6.9187026,7.7001157,7.5733085,9.534492,9.937258,7.082677,5.7941003,5.517487,6.0591288,5.614907,5.014859,6.117412,5.8420315,7.3499827,5.9373116,6.4346275,5.726851,5.1808877,5.614995,6.5006905,6.395171,7.1875663,5.3259606,5.030574,5.396375,6.2526817,5.1490297,5.3249884,5.821242,6.805551,7.313991,5.917632,6.6172266,7.299952,7.370234,7.789826,7.454247
2,6.7626047,5.3073573,0.0,3.064928,4.7348895,5.9121194,3.9710464,4.042445,8.705973,9.30471,7.5210834,7.592191,8.477421,8.113304,8.417788,8.221249,8.001516,7.9520717,7.376843,8.087714,7.8144264,8.673112,8.00716,8.242767,6.1484447,5.77744,8.7386055,8.7386055,8.018838,7.119869,7.385311,5.9107757,8.299909,6.083928,5.7812,5.8835564,7.756148,6.758557,6.5052423,6.5710363,5.6322675,7.4340005,9.148406,6.591062,7.5052733,6.4541173,7.4066215,10.414316,6.974008,6.9573836,7.024549,6.4724436,6.4564753,6.4671803,6.636445,6.63905,6.2152905,6.2152905,6.6751494,6.014084,8.675868,6.606609,7.3149605,7.707519,8.070695,7.896142,9.7100935,6.9955344,8.245478,7.963769,7.0430036,8.14673,6.0823975,6.3867025,8.303395,9.0059,6.0543303,7.9858403,7.901145,6.029421,7.267183,7.1897564,7.0546417,7.0489674,8.515044,7.981414,8.297737,7.5509953,6.6591783,6.672857,6.4016705,6.4016705,6.2669425,5.9421816,8.0432205,8.039122,5.2283216,7.4509993,6.9235773,5.5618825,4.987337,5.0321646,4.915403,5.374152,6.547699,7.7393937,5.829978,7.7324514,7.1865454,7.4494886,5.9608893,5.8604736,6.698561,4.5707736,4.615783,5.0571313,4.865192,4.5297656,5.026239,5.4342036,8.321583,6.9610553,7.655058,8.172538,6.982921,6.971346,6.934149,7.038389
3,7.5247984,6.2663846,3.064928,0.0,5.513778,6.5556674,4.8745275,4.899234,9.092434,9.677895,7.992407,8.057889,8.900791,8.581401,8.844846,8.669281,7.827245,7.7469025,7.357042,8.02869,8.436151,8.484382,7.9281864,8.133601,6.0369544,5.7024174,8.522939,8.522939,7.4337845,6.444346,6.764663,5.9010444,7.3656607,6.2980194,6.1628447,4.5051455,6.7969065,5.600544,6.753591,6.799154,4.2555394,6.3505325,8.150636,5.361117,6.511186,5.1974483,6.328763,9.536104,7.3041186,7.2891054,7.4258313,6.897672,6.8474097,6.866947,7.065751,7.0026894,6.721972,6.721972,7.1761026,6.5508256,8.954702,7.0855775,7.695713,7.9411564,7.833765,7.4887066,10.251269,7.7363553,7.9052396,7.6078906,6.562538,7.8432655,6.8937573,7.133289,7.4558935,8.186328,6.88403,8.674351,7.6035852,6.8571672,6.9727783,6.805298,6.5455203,6.5398517,7.7260056,7.1725335,7.508906,6.6809483,6.198174,6.177308,6.03169,6.03169,6.1599197,5.804594,7.8249145,7.8068295,4.667099,7.1948323,6.7032647,5.134505,4.3459954,4.9188833,3.8210306,4.7437873,6.01307,7.293841,5.888389,7.6154146,6.767336,7.445799,5.818437,5.7488265,5.7090154,5.029107,5.011493,5.60642,5.338754,4.9464235,5.5841985,6.06273,8.594162,7.28446,7.829428,8.551376,7.5728536,7.559932,7.1325674,7.2887096
4,4.8391237,4.133611,4.7348895,5.513778,0.0,2.583216,1.9844937,2.484348,7.5987763,8.242707,7.4866295,7.4444084,7.622541,7.24261,7.596345,7.360753,6.327678,6.2352853,5.514223,6.3598804,5.4997993,7.9478364,6.645014,6.9129815,5.7074294,5.6761723,6.811832,6.811832,7.948063,7.381324,6.5381017,5.085466,8.789152,4.11631,5.6145287,6.1190042,5.996234,5.8065696,3.9858246,4.404774,7.118358,6.7819347,7.804914,7.3944426,7.621171,7.2174582,6.1311903,9.495636,6.5060883,6.5405426,6.4233847,6.2859454,6.160802,5.907438,5.787332,6.157972,5.5042596,5.5042596,6.119822,5.6006203,7.751,6.1220465,7.2112074,7.5808754,6.9244146,6.869131,8.108727,5.9910064,6.6905127,6.417369,6.426361,6.308008,6.5932035,7.874994,7.872505,7.587388,4.9839644,7.1205487,5.52639,5.050699,7.3394065,7.316208,7.2042255,7.1954994,7.6556644,7.968982,7.8866506,8.270583,5.660548,5.7114253,5.834922,5.834922,6.780677,6.203807,8.972698,8.545312,7.1826034,6.796808,6.450731,6.528034,5.4593983,5.52413,5.840454,5.8902693,7.0393157,6.5829835,5.8004227,6.6260934,5.9919305,5.836873,5.8150554,5.6945333,7.0766954,5.410894,5.1098146,5.6536613,6.317063,5.3426685,5.4714413,5.7915764,6.633035,6.4203405,6.4524193,6.499197,6.2782736,6.333494,6.5646834,6.3394775
5,4.3079185,3.403222,5.9121194,6.5556674,2.583216,0.0,2.7759774,3.1167135,7.2881866,8.055458,7.8590894,7.787679,7.173978,6.757368,7.142769,6.887181,5.3619676,5.245988,4.3416576,6.0924196,5.35436,7.1909237,6.505151,6.769516,5.741301,6.063442,7.362452,7.362452,8.923994,8.336266,6.3685994,5.886453,8.917882,4.5862675,6.342229,6.719578,6.0074654,6.360854,4.4189925,5.173814,7.7614074,6.780805,7.8453474,8.204053,7.895977,7.9521155,5.634991,9.129581,5.8643994,6.08243,5.660791,5.794002,6.1142325,5.6862793,5.5976715,6.0067587,5.3553343,5.3553343,6.0068827,5.3722944,7.8887463,6.1213465,7.3015113,7.4716825,7.0397563,6.9976287,8.169118,6.1215878,6.042123,5.9695177,6.419826,5.926966,6.6129327,8.344048,7.7235765,6.821261,5.4469466,7.009111,5.056569,5.489332,7.4253416,7.40224,7.319207,7.307843,7.6756434,8.0471525,7.9525805,8.730601,5.7972183,5.7789917,6.721371,6.721371,7.4652276,7.4190187,9.411021,9.038113,8.100968,6.508083,6.284941,6.690549,5.958004,5.719626,6.5228314,6.331248,7.559805,6.170629,6.4600344,6.4588356,5.5581527,5.697912,6.49105,6.379222,7.1649475,5.612097,5.3045225,5.766313,6.7463064,5.593157,5.7939425,6.092675,6.9496717,7.402889,6.0095754,6.7806935,7.4023037,7.4690776,7.85513,7.470941
6,4.6757817,3.640282,3.9710464,4.8745275,1.9844937,2.7759774,0.0,1.1243843,7.143451,7.724906,6.9678054,6.9486747,7.066091,6.6481194,7.049922,6.789892,6.1584272,6.0292196,5.3197284,5.7837987,6.0594435,7.471509,6.8294153,7.0685687,5.3957925,4.880792,6.65779,6.65779,7.6204705,7.0564723,6.05496,4.886467,8.393867,4.279195,4.887129,5.703017,5.7838326,5.5037313,4.1550503,4.261406,6.156084,6.2161045,7.555065,6.7090125,6.981638,6.4955482,5.633263,9.03949,5.904969,5.7650056,6.012115,5.7887955,5.42529,5.0371046,5.1543164,5.599944,4.8202863,4.8202863,5.51426,4.8471212,6.885703,5.395312,6.363684,6.927749,6.836717,6.7373114,8.116318,5.9567847,6.3455358,6.00128,5.9712825,6.2496037,5.7777233,7.149344,7.400846,7.220878,4.909656,6.7608123,5.6234474,4.971219,6.772268,6.733388,6.609015,6.602282,7.5279613,7.5437064,7.399797,7.753379,5.365233,5.3971477,5.92179,5.92179,6.429164,6.220997,8.484772,8.106054,6.5601144,6.3254967,5.8500295,5.7981224,4.7719507,4.7432,5.186041,5.373365,6.3171,6.114358,5.243444,5.9282327,5.408193,5.5063643,5.3037915,5.1473866,6.632026,4.6705728,4.307462,4.8715205,5.6357026,4.5170717,4.9064126,5.0499744,6.819933,6.4780326,5.9451494,6.698588,6.484423,6.527527,6.5374937,6.546068
7,5.202864,4.4063945,4.042445,4.899234,2.484348,3.1167135,1.1243843,0.0,6.95599,7.567633,6.6271152,6.6100726,7.0013995,6.627733,7.01808,6.751255,6.3737993,6.2348194,5.627828,6.2887144,6.308685,7.606677,7.0608425,7.2560782,5.554631,4.6553802,6.394436,6.394436,7.3966327,6.8539715,6.412422,5.230447,8.363416,4.4000654,5.029506,5.5815854,5.89347,5.545589,4.505074,4.551149,5.8536463,5.9868035,7.4751277,6.3575063,6.711714,6.2214103,5.424348,8.823951,6.0886116,6.0497847,6.2231216,5.9170995,5.5757465,4.949777,5.3372874,5.851819,5.317481,5.317481,5.9738874,5.053529,6.973898,5.5220547,6.689892,6.9812727,6.9638004,6.736558,8.383235,6.2624273,6.485883,6.3484306,5.9868693,6.406003,5.6997266,6.947146,7.4049187,7.319334,4.898846,6.795592,5.788297,4.9665055,6.7406406,6.706094,6.5725245,6.570032,7.473572,7.5510106,7.5034847,7.6174994,5.397874,5.330655,5.933534,5.933534,6.3607025,6.1365557,8.282005,7.647857,6.9564247,6.746365,6.2982564,6.0294266,5.113236,5.053014,5.347212,5.7270513,6.5478315,6.5462313,5.404843,6.4537807,5.82509,5.8921466,5.484556,5.327416,6.627011,4.6503105,4.329165,4.9279943,5.6537895,4.5366583,5.005753,5.059042,7.0546436,6.553561,6.0982165,6.94109,6.631929,6.67061,6.681967,6.669156
8,9.158903,7.539591,8.705973,9.092434,7.5987763,7.2881866,7.143451,6.95599,0.0,3.1034315,3.068477,2.8991275,1.7492715,2.795154,1.9418303,2.1635318,5.8922057,5.7108936,6.401715,6.0327225,5.678689,6.448915,5.245776,4.782991,8.122054,5.949315,6.9267716,6.9267716,6.7507253,6.408299,5.424855,5.9486623,6.4825177,6.957543,4.95294,6.362916,5.650112,5.8850837,7.2808633,7.587221,8.55765,5.7632675,8.378276,8.779252,7.304592,9.126448,6.711574,8.167058,6.366034,6.3051767,5.9953747,5.936707,6.207745,5.6058183,6.2444324,5.9874997,6.7848883,6.7848883,6.295596,5.3733344,7.449381,5.6331396,6.868373,6.748832,8.694596,8.138789,9.647466,8.807101,6.81369,6.8922567,7.1651955,6.7872577,7.195351,8.512639,9.743529,8.055574,7.842226,9.685249,7.5395727,7.732907,7.3589387,7.0550756,7.2780523,7.308866,7.694387,7.5322433,7.3603396,7.572164,8.279049,7.7971153,7.555153,7.555153,8.23566,8.605327,7.435869,9.0228815,9.392293,7.543921,7.2881846,7.702102,7.6063004,7.0703235,8.059828,7.8674393,8.563913,7.320403,7.8756137,7.506786,7.0615253,7.0852475,7.811493,7.7194614,7.422504,6.4652586,6.3242292,6.625412,7.740216,6.5282397,6.656964,6.7339797,7.465299,7.7815022,6.868605,7.776133,7.8753576,7.9770207,8.548493,7.924043
9,9.645915,8.3628025,9.30471,9.677895,8.242707,8.055458,7.724906,7.567633,3.1034315,0.0,3.86235,3.7025576,3.3943648,3.957969,3.5545208,3.513908,6.477471,6.3082113,6.9369583,6.259994,6.3122735,7.0259705,5.835563,5.4655037,8.541346,6.385808,6.1177683,6.1177683,7.671699,7.4724064,5.8913546,6.355584,7.4549017,7.916018,5.912118,7.326828,6.6787157,6.876911,8.071152,8.188312,8.328197,5.4481897,8.319318,8.671374,7.0985813,8.951589,6.662806,8.125999,7.350291,7.180938,7.0550156,6.995296,6.9435368,6.4768424,6.9664245,6.7609572,7.4934297,7.4934297,7.2048917,6.3821363,8.248295,6.692934,7.863542,7.7525945,8.733446,8.221174,10.236962,8.90378,6.808398,7.691365,7.281427,6.9160566,7.1885443,8.455383,10.132508,8.03286,8.503459,10.202063,8.239856,8.428105,7.1702886,6.908257,7.1128774,7.1444726,8.363362,8.116756,7.386224,8.184706,8.855495,8.394482,8.121841,8.121841,8.787247,9.143932,8.06937,9.042493,10.16434,7.4470253,7.224193,7.988298,8.179354,7.685588,8.54582,8.433759,8.489046,7.3049355,8.32491,7.926909,7.686705,7.504534,8.151775,8.07079,8.073463,7.2088304,7.046065,7.3689218,8.354758,7.230542,7.455993,7.3651457,7.266488,7.6896462,7.3073215,7.6176333,8.219227,8.185283,8.259705,8.267227
10,9.548894,8.154097,7.5210834,7.992407,7.4866295,7.8590894,6.9678054,6.6271152,3.068477,3.86235,0.0,0.23699895,3.4139962,4.0232167,3.508021,3.6160183,6.398586,6.233303,6.8687344,6.7536683,6.064961,7.0382905,5.685329,5.278138,7.951646,5.444623,6.8534937,6.8534937,5.32749,5.2739043,6.2044244,5.5799785,6.594015,6.6900873,4.511338,5.479754,6.3602815,5.7329583,7.448535,7.554142,7.2883964,5.7948036,8.724212,7.550296,6.5476575,7.9067817,7.0463185,8.484611,6.7501364,6.7660413,6.7471724,6.274779,6.432966,5.708915,6.2795815,6.248258,6.878791,6.878791,6.3883533,5.505835,7.59341,5.6933675,7.4092493,6.9608607,8.095483,7.5060754,9.407151,8.325717,7.1202273,7.343346,6.4892035,6.9582405,6.252381,6.862574,9.366543,8.391473,7.0281634,9.308559,7.836395,6.907351,6.50443,6.171157,6.3995085,6.4404445,7.0606003,6.8112407,6.781795,6.212052,7.6648283,7.26955,6.7277393,6.7277393,6.8567,7.270569,5.8774505,7.833856,8.621117,8.326901,7.933733,7.548574,7.3403206,7.2769713,7.5762634,7.7406635,7.78232,7.7843003,7.0350137,7.941208,7.77444,7.4439387,6.990799,6.9068794,6.8318224,5.6983676,5.696811,5.996932,6.716698,5.8268733,6.100628,5.895957,7.557023,6.8341002,7.259733,7.856085,7.0390334,7.0645146,7.435075,7.0691814
11,9.501716,8.113855,7.592191,8.057889,7.4444084,7.787679,6.9486747,6.6100726,2.8991275,3.7025576,0.23699895,0.0,3.282095,3.91409,3.3863964,3.4906385,6.348425,6.1826363,6.8229275,6.7147474,5.9866433,6.989603,5.6036954,5.191578,7.934475,5.406694,6.734552,6.734552,5.3991413,5.3541594,6.1648183,5.6008406,6.6149516,6.6940393,4.510393,5.500342,6.2758617,5.7012005,7.4008746,7.524089,7.350237,5.7412424,8.655159,7.6064377,6.5632424,7.950639,6.973053,8.42125,6.726674,6.7481356,6.7078466,6.261807,6.4112544,5.6857834,6.2449574,6.2206683,6.8595862,6.8595862,6.3804426,5.4946814,7.5777764,5.672249,7.4147463,6.9405227,8.078114,7.4978895,9.377631,8.31199,7.049089,7.298753,6.4798827,6.8866067,6.252044,6.9172425,9.360446,8.321449,7.031798,9.313409,7.769409,6.9119563,6.4943967,6.162356,6.389686,6.4302983,7.0531797,6.7997117,6.757322,6.2586346,7.649425,7.251143,6.697119,6.697119,6.8867292,7.290688,5.9432044,7.8166485,8.702934,8.272238,7.892134,7.568368,7.3427634,7.269478,7.5957026,7.740434,7.8033,7.7120357,7.031572,7.885258,7.703603,7.3613157,6.9851832,6.901091,6.8409157,5.7168517,5.70427,6.020838,6.766854,5.8421316,6.1187444,5.9083157,7.468121,6.8131647,7.18759,7.7705107,7.0133004,7.0413685,7.4252443,7.043695
12,8.77509,7.17115,8.477421,8.900791,7.622541,7.173978,7.066091,7.0013995,1.7492715,3.3943648,3.4139962,3.282095,0.0,2.098288,0.28167206,1.0413193,5.2826495,5.109784,5.7660847,5.331819,5.5329876,5.917246,5.0331545,4.5883856,7.4328585,5.5393357,7.0212526,7.0212526,7.0640135,7.020437,5.171598,5.951785,6.5470233,6.93117,4.50189,6.102426,5.725564,5.911912,7.0357304,7.4267416,8.419856,6.148793,8.935429,9.183757,7.5607023,9.347838,7.009333,8.5358515,6.191472,6.0504065,5.6762247,5.683258,6.270459,5.5761466,5.968867,5.886108,6.2351847,6.2351847,5.655058,4.7743907,7.476457,4.9613156,6.649942,6.335757,8.124877,7.5711484,9.375911,8.410248,5.9953914,5.9911222,6.3871484,6.088955,6.324132,7.7615724,9.169566,7.296698,7.280448,9.248661,6.957914,7.165971,6.5635495,6.195677,6.464959,6.493854,6.986854,6.789801,6.686559,6.882703,7.6624355,7.12601,7.171619,7.171619,7.681911,8.274034,6.698611,8.525095,9.201885,7.3156185,7.0414963,7.436708,7.3620934,6.9081693,7.7741213,7.695899,7.948946,6.6378355,7.265276,6.6537995,6.66316,6.358899,7.1644726,7.0739155,6.8491955,5.8386273,5.7441273,5.998505,7.097209,5.9445767,6.206914,6.0014076,7.078223,7.4238896,6.1078687,7.384354,7.5445547,7.6436806,8.208161,7.6054945
13,7.458563,6.7284617,8.113304,8.581401,7.24261,6.757368,6.6481194,6.627733,2.795154,3.957969,4.0232167,3.91409,2.098288,0.0,2.0967102,1.0844558,5.5378366,5.3744016,5.3376584,5.627911,5.751326,6.1333137,4.636979,4.885294,7.2332006,5.8765774,7.2876663,7.2876663,7.367944,7.3236094,5.38761,5.5933166,6.2772202,6.563981,4.936985,6.435492,6.0601697,6.2322955,6.5387726,6.9595027,8.131284,5.8175025,8.686706,8.866276,7.3020654,9.1407,6.7949786,8.46035,6.451308,6.3198547,5.3362145,5.3292813,6.553467,5.237044,5.6749325,5.4812927,5.4822345,5.4822345,5.9233513,5.0899487,7.7527733,5.312486,6.9495893,6.58995,7.8790083,7.320824,9.407871,8.098593,5.625199,5.7155704,6.0552235,5.7386613,6.0085664,7.5709863,7.907395,6.996097,6.895096,7.9372625,6.5701623,6.7967315,6.801081,6.4353685,6.6945033,6.7212005,6.761752,6.491475,6.216251,6.7157187,7.367053,6.9134293,6.8715982,6.8715982,7.435588,8.0200405,6.3995214,8.376955,8.823646,6.8248086,6.5291653,7.000409,6.901431,6.4415107,7.258061,7.2472644,7.547263,6.177,6.7347455,6.0728126,6.1642537,5.7886786,6.6703353,6.578122,6.5674763,5.6641874,5.447001,5.597131,6.811536,5.6015625,5.8488693,5.7064652,6.6998425,7.0838623,5.8129654,6.919677,7.131502,7.2165637,7.805996,7.198694
14,8.708788,7.06465,8.417788,8.844846,7.596345,7.142769,7.049922,7.01808,1.9418303,3.5545208,3.508021,3.3863964,0.28167206,2.0967102,0.0,1.0473449,5.165783,4.9904714,5.6433496,5.2257543,5.425103,5.805182,4.9130354,4.465674,7.3773212,5.576123,7.1586785,7.1586785,7.075081,7.028779,5.064382,5.8717613,6.4942245,6.8915567,4.461516,6.063845,5.7185783,5.8928,6.983444,7.4082985,8.428731,6.208333,8.976818,9.229542,7.603434,9.386198,7.0508738,8.587811,6.13289,5.9914994,5.5719438,5.5900264,6.263924,5.572444,5.938413,5.849164,6.1509027,6.1509027,5.539036,4.673514,7.494342,4.8930206,6.585074,6.275266,8.075949,7.5183535,9.342601,8.358578,5.9249215,5.873158,6.3222775,6.0230155,6.2802787,7.725528,9.126671,7.248641,7.218269,9.193936,6.8899884,7.099546,6.514829,6.137782,6.413341,6.4414706,6.93046,6.739903,6.6461673,6.8354063,7.619838,7.07989,7.1304426,7.1304426,7.639896,8.233738,6.6535597,8.581559,9.113417,7.2650895,6.9827604,7.375795,7.3095956,6.850648,7.72623,7.645904,7.897402,6.57185,7.2225394,6.5706034,6.611568,6.307346,7.1213136,7.034736,6.777112,5.7659593,5.6794825,5.9126134,7.015425,5.877962,6.1301517,5.9348917,7.031287,7.382004,6.055915,7.334982,7.5000944,7.6002645,8.180978,7.5639205
15,8.075956,6.873851,8.221249,8.669281,7.360753,6.887181,6.789892,6.751255,2.1635318,3.513908,3.6160183,3.4906385,1.0413193,1.0844558,1.0473449,0.0,5.2910438,5.12289,5.440489,5.373657,5.5336475,5.9262695,4.7192955,4.611254,7.1855197,5.576434,7.029953,7.029953,7.2063613,7.1616726,5.173839,5.6933656,6.3241625,6.6819043,4.6112103,6.174126,5.824723,6.0086546,6.718267,7.1337905,8.191077,5.8979445,8.784659,8.995785,7.372358,9.197567,6.832865,8.465929,6.2624874,6.1245346,5.417287,5.4254727,6.3557734,5.3641405,5.763345,5.6189632,5.7975974,5.7975974,5.7105303,4.8294177,7.6227264,5.0389028,6.750003,6.388346,7.9141884,7.3486066,9.366516,8.175037,5.671176,5.748914,6.0960927,5.787382,6.0296245,7.550662,8.488247,7.0227394,6.999556,8.574467,6.668903,6.893102,6.5456676,6.1694694,6.4386587,6.4664965,6.7642965,6.5346,6.3520417,6.695191,7.4235315,6.9098296,6.92175,6.92175,7.4753346,8.067941,6.4403486,8.32597,8.964291,6.9623065,6.680139,7.120062,7.0459223,6.5781174,7.4256935,7.386358,7.656035,6.2888255,6.9145327,6.274766,6.3334675,5.96959,6.8245106,6.731322,6.603552,5.6256537,5.4779143,5.69638,6.852359,5.659163,5.93401,5.743445,6.781247,7.1548367,5.8454604,7.048654,7.2536826,7.3437176,7.918592,7.3172207
16,7.4732738,5.903886,8.001516,7.827245,6.327678,5.3619676,6.1584272,6.3737993,5.8922057,6.477471,6.398586,6.348425,5.2826495,5.5378366,5.165783,5.2910438,0.0,1.3515159,2.3501925,4.306057,4.1045947,4.994327,4.5927467,4.2306194,6.765927,6.515477,8.100312,8.100312,7.2289863,7.1248784,4.6774206,5.4977794,7.6906085,5.701139,6.1337805,5.8618226,5.409864,5.6536217,6.132441,6.974557,7.9695845,6.2384677,8.278245,8.215984,7.4879007,8.527444,5.786715,8.36659,4.8777566,5.2131667,4.748798,4.89269,6.1098123,5.4677887,5.1950583,5.681178,5.243968,5.243968,4.52512,4.0334463,7.521732,5.0070767,7.0998454,6.6265855,6.629471,6.1864843,8.373686,7.186325,3.9491816,4.2748213,4.5728855,4.193764,6.159078,7.782238,7.7061305,4.782534,6.385346,8.33745,5.1207695,6.2981405,5.3172865,5.210356,5.3580346,5.362348,5.4371133,6.210957,5.810152,6.8272133,5.702491,5.3834543,6.5669074,6.5669074,7.153742,7.730836,7.6869116,9.260839,8.434258,6.905986,7.041287,7.0408754,7.3047485,7.2737617,7.1111116,7.094933,7.2534904,5.254125,6.7382445,6.1790605,5.8372517,5.751752,6.564184,6.5238385,6.00096,5.349478,5.2211633,6.0622916,6.6936803,5.5311847,5.9443126,5.728101,6.6523676,7.21469,5.7354183,6.8381014,7.7005806,7.7153826,8.111393,7.618894
17,7.4243054,5.8697286,7.9520717,7.7469025,6.2352853,5.245988,6.0292196,6.2348194,5.7108936,6.3082113,6.233303,6.1826363,5.109784,5.3744016,4.9904714,5.12289,1.3515159,0.0,1.9726986,4.044806,3.9343102,4.8051977,4.447184,4.0561533,6.661893,6.4046235,7.9319644,7.9319644,7.397697,7.28459,4.439771,5.274561,7.522674,5.460122,5.9629827,5.637213,5.155691,5.4260626,5.965417,6.8326297,7.803475,6.032183,8.08337,8.452611,7.276963,8.369259,5.575125,8.185583,5.359649,5.6483727,5.2297616,5.3618298,6.4585443,5.7497444,5.6605234,6.095306,5.7121086,5.7121086,5.0458617,4.5185065,7.7887516,5.490561,7.354885,6.9368477,6.506786,6.022927,8.315578,7.1150827,4.2649446,4.4161096,4.879915,4.487914,6.4484005,8.034549,7.916299,5.3210096,6.242726,8.21953,4.916103,6.1626577,5.830904,5.5531716,5.6708245,5.679206,5.7437463,6.526697,6.165806,7.070303,5.944152,5.6000175,6.8456063,6.8456063,7.323936,7.916137,7.8500414,9.453736,8.67198,7.132792,6.897263,7.216916,6.9670544,6.9813304,7.388681,7.3661513,7.4569077,5.6645455,6.995759,6.3341613,6.042445,6.0320897,6.822606,6.7912326,6.2038283,5.691833,5.5533757,5.9167657,6.9840436,5.8781285,6.214931,6.042677,6.928127,7.4639487,5.9790955,7.109457,7.9645505,7.982245,8.277591,7.870539
18,5.6991067,5.0267324,7.376843,7.357042,5.514223,4.3416576,5.3197284,5.627828,6.401715,6.9369583,6.8687344,6.8229275,5.7660847,5.3376584,5.6433496,5.440489,2.3501925,1.9726986,0.0,4.456045,4.120478,5.162517,4.4320483,4.696036,6.272315,6.660394,8.215981,8.215981,7.97001,7.855253,4.9237704,5.079579,7.690008,5.019205,6.305913,6.1469426,5.725302,5.9955063,5.261573,6.268058,7.628278,6.147274,8.079883,8.396166,7.387132,8.368621,5.5983534,8.460525,5.717226,5.9885097,4.9224415,5.0837617,6.7822337,5.555595,5.5077834,5.9691377,5.0501165,5.0501165,5.3352475,4.724504,8.103923,5.6947975,7.5444474,7.089833,6.301771,5.793116,8.401337,6.708887,3.842568,4.0830336,4.576627,4.156028,6.0417557,7.7939615,6.720215,5.036626,5.559367,6.7518334,4.274754,5.51493,6.0907483,5.8530107,5.946977,5.948179,5.739381,6.567038,6.1287694,7.192457,5.539425,5.231312,6.5701466,6.5701466,7.155328,7.6178074,7.8659244,9.324492,8.391824,6.7344823,6.4896564,6.8699107,6.605887,6.5383167,6.9080644,7.0317373,7.1739154,5.333919,6.501551,5.826684,5.6505985,5.518782,6.394293,6.3545914,6.1123066,5.41855,5.185357,5.4793296,6.6148357,5.481306,5.824881,5.6645355,6.531561,7.1225986,5.6049905,6.5737047,7.5668554,7.5729237,7.911466,7.5132575
19,7.515828,5.9542756,8.087714,8.02869,6.3598804,6.0924196,5.7837987,6.2887144,6.0327225,6.259994,6.7536683,6.7147474,5.331819,5.627911,5.2257543,5.373657,4.306057,4.044806,4.456045,0.0,5.5201516,6.144473,5.9984736,5.686136,6.503991,6.050908,7.140247,7.140247,7.5338297,7.5268183,3.8961666,4.8115134,7.799736,5.7745285,4.665608,6.1971836,5.206951,5.3997073,5.644955,5.8266997,7.9466467,6.599007,8.577643,8.869449,7.9003935,8.834827,6.778733,9.139421,6.2963324,5.637037,6.22056,6.3491583,6.2942305,6.054792,5.9978104,6.284235,5.5915484,5.5915484,4.823083,4.6033163,6.798677,5.052727,5.865092,6.870712,7.191433,6.759142,8.713443,7.6676955,5.140891,4.215399,5.745167,5.388475,6.9906344,8.572622,8.586229,6.267725,6.83792,8.699812,5.7573795,6.8429003,6.51915,6.2725697,6.3637476,6.367704,6.894499,7.4648256,6.7388854,7.723691,6.705759,6.3215175,7.4068494,7.4068494,8.057384,8.378803,8.505906,9.87209,8.170424,6.5103235,6.0804157,7.0231504,6.6993456,6.478638,7.0902133,7.1521807,6.928812,5.5243335,6.948145,5.19798,5.8087864,5.6883607,6.633146,6.556811,7.121209,6.350634,6.0426593,6.351593,7.397477,6.3300247,6.5623417,6.3379683,7.0032687,7.556278,6.017344,7.2727513,7.913251,7.968029,7.8553224,7.8726497
20,7.309337,5.753824,7.8144264,8.436151,5.4997993,5.35436,6.0594435,6.308685,5.678689,6.3122735,6.064961,5.9866433,5.5329876,5.751326,5.425103,5.5336475,4.1045947,3.9343102,4.120478,5.5201516,0.0,5.6889653,3.6122932,3.241412,7.877758,7.277667,8.298222,8.298222,7.3815556,7.2579737,5.393585,4.9685993,8.268489,5.9340777,6.178039,6.768878,6.042826,6.2976003,5.794035,6.9732833,8.9117985,7.0223556,8.336689,9.215707,8.34137,9.452072,6.7574344,9.100695,6.4946113,6.8462086,5.5254154,5.6516895,7.1631465,6.1365657,6.405347,6.837514,6.48913,6.48913,5.9131646,4.99698,8.332934,5.852101,7.7166963,7.1172633,7.63043,6.9857554,8.887857,7.6165705,5.5921516,5.8781734,6.2263966,5.4639907,6.8865557,8.383529,9.258293,7.235284,6.029405,8.292357,5.721143,5.936122,6.850488,6.675075,6.8335137,6.839581,7.3691144,8.103784,7.776882,8.298473,7.2697506,6.7593236,6.5364804,6.5364804,7.967904,7.515619,8.609201,10.078768,9.416884,7.804556,7.605876,8.149034,7.883296,7.458766,8.081146,8.22131,8.713461,7.1144533,7.562277,7.4100018,7.1982055,6.7772365,7.5785437,7.543493,7.559766,6.1415615,6.028106,6.4037123,7.39847,6.2978454,6.3354006,6.274935,5.8143516,6.4515653,6.5455527,5.9289575,6.80494,6.8231206,7.5993266,6.9474425
21,8.496813,6.81367,8.673112,8.484382,7.9478364,7.1909237,7.471509,7.606677,6.448915,7.0259705,7.0382905,6.989603,5.917246,6.1333137,5.805182,5.9262695,4.994327,4.8051977,5.162517,6.144473,5.6889653,0.0,5.4603353,5.132294,8.235476,7.4845457,9.200694,9.200694,8.246239,8.161136,5.52715,6.5884767,8.01637,7.7675247,6.9361105,6.7847223,6.3148623,6.67636,6.3761554,7.307847,8.505501,6.957086,6.5773573,9.410806,7.8958154,9.414483,6.7349977,6.1667933,6.866662,7.0880365,6.1607313,6.3053646,7.644701,6.664618,7.109324,7.4642234,7.0359507,7.0359507,6.513979,5.5686054,7.534633,6.3484406,6.9341974,4.309373,8.484802,7.6340494,9.922081,8.937832,4.7394814,4.9689164,5.48823,5.960854,6.324176,8.039269,8.296714,5.883227,6.8413587,8.637634,5.698833,6.7088757,5.9132648,5.524746,5.729727,5.734071,6.8028593,6.9082003,6.676662,7.2145715,6.929922,6.2974067,6.802968,6.802968,7.7775707,7.910308,7.8674674,9.5099535,9.060934,7.160931,6.9320893,7.281886,7.233721,6.870187,7.314032,7.700542,7.72822,6.234448,7.2975354,6.4666533,5.8492894,7.1621594,7.9316363,7.864068,6.198663,5.640228,5.5516024,5.6257668,6.7221723,5.7623177,5.9781895,5.9972157,6.505374,7.1371856,5.63515,6.614437,7.7113376,7.7268023,8.065233,7.623822
22,7.3023157,6.1456947,8.00716,7.9281864,6.645014,6.505151,6.8294153,7.0608425,5.245776,5.835563,5.685329,5.6036954,5.0331545,4.636979,4.9130354,4.7192955,4.5927467,4.447184,4.4320483,5.9984736,3.6122932,5.4603353,0.0,1.7312778,8.103849,7.0404654,8.561317,8.561317,6.7253265,6.6268525,4.293072,4.9439282,6.4783278,6.8368344,6.041845,5.981291,5.4151726,5.3484473,6.358577,7.546325,8.252697,5.5051246,7.499453,8.318337,7.399293,8.962578,5.7434115,8.13191,6.3484073,6.6740794,4.7931046,4.8931775,7.000331,5.4837213,5.8728414,6.0075235,5.9108176,5.9108176,6.0623527,5.2761054,8.533252,5.982497,7.945394,7.1702766,7.415956,6.7340894,9.427682,8.043164,5.247019,5.687661,5.8498964,5.004997,6.8634553,8.141858,8.050148,6.62346,7.0427747,8.163157,6.037968,6.8851843,6.558966,6.239754,6.370453,6.3849425,6.9459167,6.779785,6.281665,7.0956774,7.3639455,6.9341264,5.896695,5.896695,7.440671,7.175709,7.4541135,9.59236,8.774791,6.987056,6.821158,7.377213,7.2731786,6.970317,7.3056183,7.4628315,7.8097806,6.015765,7.050063,6.6099043,6.2344294,5.932103,6.783988,6.8898706,6.217892,6.039802,5.8508563,6.1316085,7.091036,5.9794745,6.084587,6.2164297,5.436732,6.1136074,6.231658,5.6635156,6.5741897,6.5765166,7.178166,6.486779
23,8.291008,6.4406176,8.242767,8.133601,6.9129815,6.769516,7.0685687,7.2560782,4.782991,5.4655037,5.278138,5.191578,4.5883856,4.885294,4.465674,4.611254,4.2306194,4.0561533,4.696036,5.686136,3.241412,5.132294,1.7312778,0.0,8.344848,6.931073,8.34094,8.34094,6.3677487,6.269407,4.0711846,4.951121,6.751225,7.1243296,5.819166,5.6104603,4.833302,5.0927863,6.8282065,7.8724804,8.217723,5.707999,7.6591434,8.52677,7.254814,8.827878,5.857162,8.108745,6.3094683,6.6365166,5.3071966,5.4069204,6.9617505,5.913447,6.25989,6.4602475,6.3581085,6.3581085,5.7628856,4.937927,8.230725,5.664978,7.541716,6.914068,7.5592613,6.882594,9.339846,8.231703,5.4516187,5.793276,6.0201406,5.2303524,7.005415,8.416676,8.927992,6.777184,7.266057,9.253014,6.2697263,7.0928082,6.287712,5.9559317,6.0910616,6.107876,7.0482116,6.9149556,6.5381074,7.138688,7.5119104,7.022475,6.107751,6.107751,7.5622425,7.346923,7.6006,9.666637,8.995897,7.294215,7.121775,7.6259227,7.429052,7.224465,7.5568666,7.72781,8.170624,6.4950495,7.368109,6.9284005,6.7068124,6.4222627,7.212902,7.189932,6.537843,6.0820465,5.9682603,6.324808,7.2414885,6.1380386,6.271457,6.338025,5.751546,6.377941,6.3748407,6.051202,6.8909216,6.9092016,7.4831586,6.802371
24,7.2224255,6.7172627,6.1484447,6.0369544,5.7074294,5.741301,5.3957925,5.554631,8.122054,8.541346,7.951646,7.934475,7.4328585,7.2332006,7.3773212,7.1855197,6.765927,6.661893,6.272315,6.503991,7.877758,8.235476,8.103849,8.344848,0.0,4.5372357,6.6155343,6.6155343,9.634108,9.030611,6.921701,6.9763603,7.4297605,4.6957717,5.734945,6.105948,7.653529,6.7242017,5.479333,5.5574675,7.390816,7.2705026,9.681424,8.701294,8.665647,8.735677,7.6034856,10.238869,7.070293,6.7685695,6.9327564,6.798461,6.707309,7.2301016,6.8308773,6.467772,6.889493,6.889493,7.220737,6.764863,9.728339,7.08026,8.1588125,7.9721313,7.572862,7.2871547,9.979965,7.2898526,6.7386575,6.5117593,6.161258,6.931983,6.6243196,6.956471,7.6313577,7.123392,6.2869687,8.044863,6.4607773,6.401033,7.123129,6.875233,6.8546386,6.8480725,6.4477096,7.1690683,7.5529943,7.256855,5.84541,5.5256047,7.148349,7.148349,7.2418613,7.7165284,7.8220267,7.2705746,7.16819,6.681112,6.308156,5.7702317,5.583987,5.2837853,5.8550973,5.610148,6.0665693,5.938418,6.5186615,7.0580144,6.0095644,6.43874,6.045716,6.2638044,5.9589086,5.576198,5.602521,6.048213,6.3741965,5.8038077,6.316738,6.4617896,8.580988,8.149122,7.105052,8.613148,8.179243,8.229983,8.122126,8.056637
25,8.00794,6.566613,5.77744,5.7024174,5.6761723,6.063442,4.880792,4.6553802,5.949315,6.385808,5.444623,5.406694,5.5393357,5.8765774,5.576123,5.576434,6.515477,6.4046235,6.660394,6.050908,7.277667,7.4845457,7.0404654,6.931073,4.5372357,0.0,4.8827477,4.8827477,6.9386606,6.8725047,5.8970857,6.5881557,7.303014,5.949225,3.1191552,4.0151663,5.6032534,4.245174,5.7196116,5.7653294,6.2904263,5.757839,8.328926,7.0874114,7.2167077,7.2863097,6.0310903,8.765823,5.837202,5.5192084,6.425201,6.1217256,5.004113,5.1442695,5.1092725,5.5678077,6.063513,6.063513,5.7961297,5.094535,7.2138743,4.902632,7.040275,6.6246996,6.7892833,6.591783,8.745187,7.129274,6.3074236,6.1674895,5.5465927,6.2047734,5.26665,5.5892982,8.039609,6.828893,6.0919566,8.573472,6.416594,6.085922,5.4013777,5.164457,5.0456223,5.05538,6.4670687,5.8907185,6.2335496,5.802124,5.412226,5.152738,5.5202765,5.5202765,5.601745,6.060322,6.533728,5.683503,7.456424,7.030735,6.651371,6.23267,5.6020923,5.7307277,5.7529826,5.926759,5.37326,5.5365686,5.116719,6.03413,5.436166,5.1108155,4.4347334,4.6871324,5.2082696,4.5282993,4.4664617,5.1642103,5.5217686,4.6191454,5.419302,4.958957,7.2193527,6.5698733,5.765611,7.386701,6.6934757,6.7588673,6.535684,6.5433025
26,9.381765,8.945462,8.7386055,8.522939,6.811832,7.362452,6.65779,6.394436,6.9267716,6.1177683,6.8534937,6.734552,7.0212526,7.2876663,7.1586785,7.029953,8.100312,7.9319644,8.215981,7.140247,8.298222,9.200694,8.561317,8.34094,6.6155343,4.8827477,0.0,0.0,8.648692,8.663631,7.766233,7.494535,9.257557,7.188922,6.1730423,6.743821,6.5651956,6.5544715,7.0910444,6.522107,7.4780912,6.3749857,8.458181,8.408913,7.484204,7.810998,6.937544,9.057235,8.8803425,8.53931,9.302935,9.1767845,7.8183455,8.081496,7.940204,8.133575,8.340513,8.340513,8.419883,7.904246,8.79821,7.682709,8.878906,8.823009,7.993969,7.830448,9.898944,8.4158,7.3996716,7.9423246,7.2194686,7.25448,7.623879,8.620287,9.459146,7.833136,7.811205,10.386999,7.494109,7.896258,7.390829,7.2158313,7.1293073,7.143056,7.827811,7.9893746,7.663918,8.151898,7.2451363,7.0104084,7.3400745,7.3400745,8.04043,8.1383095,8.784726,6.8675942,9.989566,7.9950013,7.718562,8.211953,7.2987905,7.666062,7.6897135,7.8566933,7.6397705,7.344292,7.3610544,7.8133283,7.5893774,7.07213,7.1132917,6.9444337,8.107871,7.5487566,7.327009,7.9281836,8.5186825,7.578917,8.02902,7.7111034,7.879402,7.7759566,7.543382,8.125834,8.032567,8.030382,7.4545145,7.849827
27,9.381765,8.945462,8.7386055,8.522939,6.811832,7.362452,6.65779,6.394436,6.9267716,6.1177683,6.8534937,6.734552,7.0212526,7.2876663,7.1586785,7.029953,8.100312,7.9319644,8.215981,7.140247,8.298222,9.200694,8.561317,8.34094,6.6155343,4.8827477,0.0,0.0,8.648692,8.663631,7.766233,7.494535,9.257557,7.188922,6.1730423,6.743821,6.5651956,6.5544715,7.0910444,6.522107,7.4780912,6.3749857,8.458181,8.408913,7.484204,7.810998,6.937544,9.057235,8.8803425,8.53931,9.302935,9.1767845,7.8183455,8.081496,7.940204,8.133575,8.340513,8.340513,8.419883,7.904246,8.79821,7.682709,8.878906,8.823009,7.993969,7.830448,9.898944,8.4158,7.3996716,7.9423246,7.2194686,7.25448,7.623879,8.620287,9.459146,7.833136,7.811205,10.386999,7.494109,7.896258,7.390829,7.2158313,7.1293073,7.143056,7.827811,7.9893746,7.663918,8.151898,7.2451363,7.0104084,7.3400745,7.3400745,8.04043,8.1383095,8.784726,6.8675942,9.989566,7.9950013,7.718562,8.211953,7.2987905,7.666062,7.6897135,7.8566933,7.6397705,7.344292,7.3610544,7.8133283,7.5893774,7.07213,7.1132917,6.9444337,8.107871,7.5487566,7.327009,7.9281836,8.5186825,7.578917,8.02902,7.7111034,7.879402,7.7759566,7.543382,8.125834,8.032567,8.030382,7.4545145,7.849827
28,10.2069845,8.990429,8.018838,7.4337845,7.948063,8.923994,7.6204705,7.3966327,6.7507253,7.671699,5.32749,5.3991413,7.0640135,7.367944,7.075081,7.2063613,7.2289863,7.397697,7.97001,7.5338297,7.3815556,8.246239,6.7253265,6.3677487,9.634108,6.9386606,8.648692,8.648692,0.0,2.9727278,6.805546,6.132907,7.9667377,7.7775803,5.769875,5.041729,5.952615,4.807812,7.9603367,8.093687,7.2003655,6.7259536,8.605418,6.1403832,7.047707,7.4967303,7.3452816,9.0907135,7.6072125,7.597343,7.78728,7.1945753,7.3890452,6.027056,6.698104,7.4669156,7.187495,7.187495,6.619775,5.906813,6.7328205,5.6961875,7.7701454,7.473857,8.287765,7.5522814,9.775657,9.561567,7.5810394,7.220498,6.461915,7.153162,7.5396566,7.8743916,8.879295,8.290786,7.7496123,9.851699,8.053492,7.6289234,6.4756994,6.4038353,6.418436,6.448237,6.9750957,6.7632585,6.614175,5.741778,7.2733803,6.9946613,5.820168,5.820168,6.567498,6.0734177,6.6280823,8.727567,8.218016,9.572993,9.51183,8.601359,8.431249,8.8876705,7.2786665,8.306146,7.8378205,8.361407,6.7741613,8.02493,8.26719,7.676304,6.5986295,6.521351,6.8941517,6.480904,6.331285,7.2652345,7.12829,6.3705335,6.7572694,6.2632017,7.7235513,6.543532,7.8352013,8.055136,6.872307,6.917094,7.008908,6.599471
29,10.052492,8.26773,7.119869,6.444346,7.381324,8.336266,7.0564723,6.8539715,6.408299,7.4724064,5.2739043,5.3541594,7.020437,7.3236094,7.028779,7.1616726,7.1248784,7.28459,7.855253,7.5268183,7.2579737,8.161136,6.6268525,6.269407,9.030611,6.8725047,8.663631,8.663631,2.9727278,0.0,5.908257,5.201476,6.3825808,6.989142,5.7807384,4.9405518,5.8424687,4.721595,7.9179654,7.9589667,6.6418314,5.6881166,7.815845,4.992529,6.2594976,6.7075453,6.5770197,8.686521,6.7587767,6.761447,7.0013413,6.365963,6.263086,5.916064,6.696838,6.5527325,7.2035723,7.2035723,6.641646,5.87902,7.2960505,6.2583466,6.959405,7.491481,8.929889,8.247607,10.337777,9.380121,8.228536,7.9438624,7.285598,7.879742,8.212024,8.562656,9.474494,8.881058,8.392963,10.336288,8.660775,8.278339,7.3196044,7.2493205,7.2485943,7.2727914,7.8218184,7.6244683,7.5049844,6.779637,8.015999,7.745412,6.7315197,6.7315197,7.4685016,6.9897456,7.5607705,9.408999,6.7282286,8.286792,8.245496,7.113111,7.429572,7.4533334,6.4204974,6.9103303,7.9157677,8.330603,7.567127,8.671068,7.9291816,8.346288,7.403943,7.3339605,6.8725986,6.406528,6.3076324,7.225718,7.1366687,6.3471813,6.4976068,6.9612274,8.405496,7.378536,8.4718485,8.689369,7.685078,7.726811,7.828234,7.450819
30,7.855106,5.5190797,7.385311,6.764663,6.5381017,6.3685994,6.05496,6.412422,5.424855,5.8913546,6.2044244,6.1648183,5.171598,5.38761,5.064382,5.173839,4.6774206,4.439771,4.9237704,3.8961666,5.393585,5.52715,4.293072,4.0711846,6.921701,5.8970857,7.766233,7.766233,6.805546,5.908257,0.0,4.2342615,5.232567,6.39965,4.813724,5.083295,4.315701,4.096406,6.295754,6.9060035,7.016859,4.4153094,6.8951855,7.379146,6.724683,8.022028,4.8751564,7.880849,5.5419803,5.200554,4.7608066,4.8676963,5.497015,5.2673817,5.9020414,5.527004,6.008192,6.008192,5.46953,4.6071553,7.6285152,5.4919167,5.8936462,6.6860423,7.8682246,7.1529694,9.998107,8.323603,5.7553906,5.499373,6.293376,5.883484,7.484648,8.688838,8.726939,6.665072,7.9045286,9.304985,6.637281,7.8195457,6.661861,6.35963,6.3552985,6.361637,7.5965,7.4637914,6.884233,7.535449,7.6150665,7.0758433,7.0173674,7.0173674,8.200944,8.05718,8.362103,9.897309,7.2494917,5.233663,4.847185,5.6753592,5.999203,5.1272674,6.09207,6.083973,6.978419,5.4710326,7.4418654,6.2188106,5.3604045,6.259171,6.9720407,7.058731,6.111699,6.0443096,5.8189197,6.1663404,7.091708,5.9748583,6.1314087,6.6782346,6.8525414,7.3418884,6.476156,7.134814,7.9452853,7.9784226,7.911197,7.7640243
31,6.8787174,5.6555524,5.9107757,5.9010444,5.085466,5.886453,4.886467,5.230447,5.9486623,6.355584,5.5799785,5.6008406,5.951785,5.5933166,5.8717613,5.6933656,5.4977794,5.274561,5.079579,4.8115134,4.9685993,6.5884767,4.9439282,4.951121,6.9763603,6.5881557,7.494535,7.494535,6.132907,5.201476,4.2342615,0.0,6.1348257,4.877594,5.052811,5.31796,5.149389,5.2649617,5.7032766,5.751944,5.793869,5.1623635,7.3878,6.6921167,5.6247134,6.5091696,6.0178103,8.606806,6.986466,6.7568326,6.2851434,6.016484,6.68608,6.2060323,6.6224556,6.2227664,5.6154356,5.6154356,5.808234,5.1153536,7.7532005,5.9382443,5.924097,7.05188,7.539922,6.8378596,9.472095,7.439615,6.253384,5.9586096,5.962455,6.171427,6.9509234,8.373861,7.9777203,7.5243573,6.405334,8.276382,6.473056,6.3608904,6.940799,6.663208,6.724756,6.7375326,7.1387773,7.4710307,6.914935,7.160822,7.0046706,6.6371703,6.3381763,6.3381763,7.3490014,6.950971,7.683562,9.414454,6.186173,5.969109,5.374776,5.51917,5.044576,4.873878,5.2353616,5.6730056,7.0664287,6.838912,6.6119356,6.6575403,6.635651,6.922473,6.755137,6.41799,6.778054,5.523249,5.260619,5.557151,6.405535,5.4215617,5.4223437,6.001609,6.7260184,6.374933,6.98563,6.8869414,6.738684,6.737492,6.7448072,6.669257
